0,1,2,3,4,5,6,7,8,9,10,11,12,13,14,15,16,17,18,19,20,21,22,23,24,25,26,27,28,29
github Code Version (SHA):,0223d720dafbf5413b6775610c21cd8ff219e6c5
Environment Observations,Environment Actions,alpha,epsilon,numActions,explore,patience,gainThresh,insertRandActions,useBudd,revisedSplitting,haveControl,confidence_factor
"['rose', 'volcano', 'nothing']","['b', 'f', 't']",0.85,0.99,100000,0.05,0,0.09,False,False,False,False,

Model Num 0
Model States: 
['rose'],['volcano'],['nothing']
Iteration: ,0
Error:,0.6162417206163008
Absolute Error:,1
Transition Probabilities
0.3333333333333333,0.3333333333333333,0.3333333333333333
0.3333333333333333,0.3333333333333333,0.3333333333333333
0.3333333333333333,0.3333333333333333,0.3333333333333333

0.3333333333333333,0.3333333333333333,0.3333333333333333
0.3333333333333333,0.3333333333333333,0.3333333333333333
0.3333333333333333,0.3333333333333333,0.3333333333333333

0.3333333333333333,0.3333333333333333,0.3333333333333333
0.3333333333333333,0.3333333333333333,0.3333333333333333
0.3333333333333333,0.3333333333333333,0.3333333333333333

Transition Gammas
1.0,1.0,1.0
1.0,1.0,1.0
1.0,1.0,1.0

1.0,1.0,1.0
1.0,1.0,1.0
1.0,1.0,1.0

1.0,1.0,1.0
1.0,1.0,1.0
1.0,1.0,1.0

Iteration: ,10000
Error:,0.1456680061834192
Absolute Error:,1
Transition Probabilities
0.054945054945054944,0.06837606837606838,0.8766788766788767
0.051341890315052506,0.049008168028004666,0.8996499416569428
0.46378575776019476,0.4297017650639075,0.10651247717589775

0.06912991656734208,0.060786650774731825,0.8700834326579261
0.06090133982947625,0.07551766138855055,0.8635809987819733
0.4214675560946028,0.46634323832625835,0.11218920557913888

0.855072463768116,0.042270531400966184,0.10265700483091787
0.04411764705882353,0.8552036199095022,0.10067873303167421
0.050445103857566766,0.050445103857566766,0.8991097922848664

Transition Gammas
45.0,56.0,718.0
44.0,42.0,771.0
762.0,706.0,175.0

58.0,51.0,730.0
50.0,62.0,709.0
695.0,769.0,185.0

708.0,35.0,85.0
39.0,756.0,89.0
85.0,85.0,1515.0

Iteration: ,20000
Error:,0.14126850831881618
Absolute Error:,1
Transition Probabilities
0.05578884223155369,0.0611877624475105,0.8830233953209358
0.046674445740956826,0.050175029171528586,0.9031505250875146
0.46817625458996326,0.43084455324357407,0.10097919216646267

0.06520450503852994,0.05927682276229994,0.8755186721991701
0.059190031152647975,0.0691588785046729,0.8716510903426792
0.4377461375340806,0.4580430172674947,0.10421084519842472

0.8423880597014926,0.051940298507462686,0.10567164179104478
0.050683371298405465,0.8479498861047836,0.10136674259681093
0.052804295942720764,0.053400954653937946,0.8937947494033412

Transition Gammas
93.0,102.0,1472.0
80.0,86.0,1548.0
1530.0,1408.0,330.0

110.0,100.0,1477.0
95.0,111.0,1399.0
1445.0,1512.0,344.0

1411.0,87.0,177.0
89.0,1489.0,178.0
177.0,179.0,2996.0

Iteration: ,30000
Error:,0.1468576362274856
Absolute Error:,1
Transition Probabilities
0.057247259439707675,0.06414941128704832,0.878603329273244
0.0515625,0.05390625,0.89453125
0.45955284552845527,0.43638211382113823,0.1040650406504065

0.06449044585987261,0.06289808917197452,0.8726114649681529
0.05908360128617363,0.06471061093247589,0.8762057877813505
0.43450804644530455,0.46180484823793033,0.10368710531676513

0.8422320353271778,0.04937775993576877,0.1083902047370534
0.04667931688804554,0.8531309297912714,0.10018975332068311
0.053298989498712104,0.05587477709530414,0.8908262334059838

Transition Gammas
141.0,158.0,2164.0
132.0,138.0,2290.0
2261.0,2147.0,512.0

162.0,158.0,2192.0
147.0,161.0,2180.0
2133.0,2267.0,509.0

2098.0,123.0,270.0
123.0,2248.0,264.0
269.0,282.0,4496.0

Iteration: ,40000
Error:,0.1456079125574401
Absolute Error:,1
Transition Probabilities
0.05842970176506391,0.06421180766889836,0.8773584905660378
0.053911514796366834,0.055376501611485496,0.8907119835921476
0.46019446976602857,0.43117593436645396,0.10862959586751747

0.060903149138443254,0.061794414735591205,0.8773024361259656
0.05889533109551419,0.06347268843454379,0.8776319804699421
0.43624467437614123,0.4563298843578819,0.10742544126597688

0.8384433962264151,0.05630896226415094,0.10524764150943396
0.04843886781441494,0.8476801867522614,0.1038809454333236
0.05424739195230999,0.054843517138599106,0.8909090909090909

Transition Gammas
192.0,211.0,2883.0
184.0,189.0,3040.0
3029.0,2838.0,715.0

205.0,208.0,2953.0
193.0,208.0,2876.0
2867.0,2999.0,706.0

2844.0,191.0,357.0
166.0,2905.0,356.0
364.0,368.0,5978.0

Iteration: ,50000
Error:,0.14565885769269069
Absolute Error:,1
Transition Probabilities
0.0594035594035594,0.06445406445406446,0.8761423761423761
0.054424988168480834,0.05537150970184572,0.8902035021296735
0.45565786285437365,0.4351829416040707,0.1091591955415556

0.06273946360153257,0.0610632183908046,0.8761973180076629
0.0547119787900699,0.06025548324897566,0.8850325379609545
0.4388314059646987,0.4545343883140596,0.10663420572124163

0.8387327298713673,0.05454978561219628,0.1067174845164364
0.05150011811953697,0.8452634065674463,0.10323647531301677
0.05477661596958175,0.05548954372623574,0.8897338403041825

Transition Gammas
247.0,268.0,3643.0
230.0,234.0,3762.0
3761.0,3592.0,901.0

262.0,255.0,3659.0
227.0,250.0,3672.0
3605.0,3734.0,876.0

3521.0,229.0,448.0
218.0,3578.0,437.0
461.0,467.0,7488.0

Iteration: ,60000
Error:,0.14672435843118753
Absolute Error:,1
Transition Probabilities
0.05849470952285885,0.06628069474945099,0.8752245957276902
0.05604894414841129,0.055654233274126705,0.888296822577462
0.45513469718452504,0.43751265950982376,0.10735264330565121

0.060775689724110356,0.058376649340263896,0.8808476609356257
0.05557809330628803,0.057809330628803245,0.8866125760649087
0.44065733414485697,0.45161290322580644,0.10772976262933658

0.8359850716951484,0.05480259281084266,0.10921233549400904
0.053883972468043266,0.8418879056047197,0.10422812192723697
0.05727569492531408,0.05519833811455139,0.8875259669601345

Transition Gammas
293.0,332.0,4384.0
284.0,282.0,4501.0
4494.0,4320.0,1060.0

304.0,292.0,4406.0
274.0,285.0,4371.0
4344.0,4452.0,1062.0

4256.0,279.0,556.0
274.0,4281.0,530.0
579.0,558.0,8972.0

Iteration: ,70000
Error:,0.14583329499511688
Absolute Error:,1
Transition Probabilities
0.057886624421990066,0.06679225894845008,0.8753211166295598
0.05645024580437362,0.05475504322766571,0.8887947109679607
0.45694564279551336,0.4349439171699741,0.1081104400345125

0.06003052399525182,0.05867390198405969,0.8812955740206885
0.05486848981013761,0.056784532311444,0.8883469778784184
0.4420888000695108,0.4500825440959249,0.10782865583456426

0.8364399664147775,0.05558354324097397,0.10797649034424853
0.05377071356104159,0.8403787622590463,0.10585052417991207
0.05727249379333961,0.05530348429072853,0.8874240219159318

Transition Gammas
338.0,390.0,5111.0
333.0,323.0,5243.0
5296.0,5041.0,1253.0

354.0,346.0,5197.0
315.0,326.0,5100.0
5088.0,5180.0,1241.0

4981.0,331.0,643.0
318.0,4970.0,626.0
669.0,646.0,10366.0

Iteration: ,80000
Error:,0.144232219984689
Absolute Error:,1
Transition Probabilities
0.0599702380952381,0.065625,0.8744047619047619
0.05809623119320721,0.05377625502755847,0.8881275137792343
0.4578760124138975,0.43463780183180684,0.10748618575429567

0.05979869745411486,0.0586145648312611,0.881586737714624
0.055758683729433274,0.056977452772699576,0.8872638634978671
0.44425893602489186,0.4482052060408287,0.10753585793427943

0.8385020479812756,0.056026916325336455,0.10547103569338795
0.053978112984324166,0.841762792073351,0.10425909494232476
0.05637513171759747,0.05592352852626825,0.8877013397561343

Transition Gammas
403.0,441.0,5876.0
390.0,361.0,5962.0
6049.0,5742.0,1420.0

404.0,396.0,5956.0
366.0,374.0,5824.0
5854.0,5906.0,1417.0

5732.0,383.0,721.0
365.0,5692.0,705.0
749.0,743.0,11794.0

Iteration: ,90000
Error:,0.14388685981582586
Absolute Error:,1
Transition Probabilities
0.05985962124221957,0.06396503774334525,0.8761753410144352
0.05829358770535241,0.052331743508214096,0.8893746687864335
0.45752378400107196,0.43507972665148065,0.1073964893474474

0.060833004861384835,0.05820522927342005,0.8809617658651951
0.0553975348774211,0.055803873764052554,0.8887985913585263
0.4438361719383617,0.44829683698296835,0.10786699107866991

0.8353309015112037,0.05745179781136008,0.10721730067743616
0.05562878987608753,0.8398365409965727,0.10453466912733983
0.05646240299705646,0.05652930157880653,0.8870082954241371

Transition Gammas
452.0,483.0,6616.0
440.0,395.0,6713.0
6829.0,6494.0,1603.0

463.0,443.0,6705.0
409.0,412.0,6562.0
6567.0,6633.0,1596.0

6412.0,441.0,823.0
422.0,6371.0,793.0
844.0,845.0,13259.0

Iteration: ,99999
Error:,0.14593747309460683
Absolute Error:,1
Transition Probabilities
0.06166092431982892,0.06225496019959605,0.8760841154805751
0.05811195445920304,0.05158918406072106,0.8902988614800759
0.45612767238783497,0.4358325805480277,0.10803974706413731

0.059591642924976256,0.05876068376068376,0.88164767331434
0.05533211456429007,0.05630712979890311,0.8883607556368068
0.44445796325587056,0.4489597274607616,0.1065823092833678

0.8339604891815616,0.05738476011288805,0.10865475070555033
0.05547584887613582,0.8395504543280727,0.1049736967957915
0.056747820859633306,0.05758941989780583,0.8856627592425609

Transition Gammas
519.0,524.0,7374.0
490.0,435.0,7507.0
7574.0,7237.0,1794.0

502.0,495.0,7427.0
454.0,462.0,7289.0
7306.0,7380.0,1752.0

7092.0,488.0,924.0
464.0,7022.0,878.0
944.0,958.0,14733.0


Model Num 1
Model States: 
['rose'],['volcano'],"['nothing', 'b', 'rose']","['nothing', 'b', 'volcano']"
Iteration: ,0
Error:,0.5779314197920492
Absolute Error:,0.6
Transition Probabilities
0.25,0.25,0.25,0.25
0.25,0.25,0.25,0.25
0.25,0.25,0.25,0.25
0.25,0.25,0.25,0.25

0.25,0.25,0.25,0.25
0.25,0.25,0.25,0.25
0.25,0.25,0.25,0.25
0.25,0.25,0.25,0.25

0.25,0.25,0.25,0.25
0.25,0.25,0.25,0.25
0.25,0.25,0.25,0.25
0.25,0.25,0.25,0.25

Transition Gammas
1.0,1.0,1.0,1.0
1.0,1.0,1.0,1.0
1.0,1.0,1.0,1.0
1.0,1.0,1.0,1.0

1.0,1.0,1.0,1.0
1.0,1.0,1.0,1.0
1.0,1.0,1.0,1.0
1.0,1.0,1.0,1.0

1.0,1.0,1.0,1.0
1.0,1.0,1.0,1.0
1.0,1.0,1.0,1.0
1.0,1.0,1.0,1.0

Iteration: ,10000
Error:,0.07531366204313121
Absolute Error:,0.10447859494831367
Transition Probabilities
0.05749486652977412,0.0677618069815195,0.09062238657603268,0.7841209399126737
0.07114228456913828,0.06112224448897796,0.7759205283604881,0.09181494258139564
0.8891246953173668,0.0005011976861991921,0.06269726625241835,0.04767684074401567
0.0005008064745572724,0.8849250405427003,0.0665365960661984,0.0480375569165441

0.060542797494780795,0.05845511482254697,0.7886857106371733,0.09231637704549904
0.06385169927909369,0.07723995880535528,0.07588373717184477,0.7830246047437063
0.21379374812818555,0.711922307720334,0.025054147682181702,0.049229796469298606
0.6380765182658779,0.19743135911909362,0.04354747959474007,0.12094464302028857

0.8360498561840843,0.062320230105465,0.05022024482647102,0.051409668883979596
0.052904564315352696,0.83298755186722,0.051679165670732524,0.06242871814669485
0.02460150211094215,0.0599851087577329,0.21518340361937788,0.7002299855119472
0.029983141514597664,0.04682556647190241,0.5792808217517526,0.34391047026174754

Transition Gammas
56.0,66.0,88.26620452505584,763.7337954749443
71.0,61.0,774.368687303767,91.63131269623284
1774.0,1.0,125.09488367330658,95.12581972508819
1.0,1767.0,132.85889749132878,95.9203991102765

58.0,56.0,755.560910790412,88.43908920958808
62.0,75.0,73.6831087938613,760.3168912061391
8.719104365063002,29.034174082154774,1.0217779066564023,2.007728182160233
19.280895634936996,5.965825917845217,1.315883573826905,3.65461033735646

872.0,65.0,52.37971535400928,53.62028464599072
51.0,803.0,49.818715706586154,60.18128429341384
1.0,2.4382701709524066,8.746758740543308,28.46289557256351
1.0,1.5617298290475934,19.320217712000673,11.470127974892506

Iteration: ,20000
Error:,0.05569382742831032
Absolute Error:,0.07834683799886681
Transition Probabilities
0.05436487192890748,0.06534239414532149,0.08351504695602821,0.7967776869697428
0.06451612903225806,0.059907834101382486,0.7823244109990382,0.09325162586732125
0.8893218985296036,0.0002456011871111857,0.062344729614684485,0.048087770668600656
0.0002519933656387236,0.8827327598324488,0.06329224994813015,0.053722996853782456

0.058237929318068676,0.04927824788451965,0.8113995659844468,0.08108425681296488
0.06059009483667016,0.06638566912539513,0.078369722036518,0.7946545140014167
0.1619275074085473,0.7411003985702257,0.041601507266030034,0.05537058675519691
0.7238312281259068,0.1427053260937156,0.03504027539435932,0.09842317038601826

0.8399412628487518,0.06167400881057269,0.0527350618374468,0.045649666503228686
0.05376910911966262,0.8292040063257775,0.05332852352726837,0.06369836102729146
0.02832257527413982,0.057214406373276606,0.16265499102908393,0.7518080273234997
0.05241524281314831,0.05010889208700626,0.6403192053211638,0.2571566597786816

Transition Gammas
104.0,125.0,159.76428482688195,1524.2357151731178
126.0,117.0,1527.8795746811215,182.1204253188784
3621.0,1.0,253.8453919868901,195.79616545921218
1.0,3503.0,251.1663344298938,213.19210812400408

117.0,99.0,1630.101728062754,162.89827193724648
115.0,126.0,148.74573242531122,1508.2542675746895
13.690655496372774,62.658595858272015,3.51732644579078,4.681475309718799
42.30934450362724,8.341404141727965,2.048172316356655,5.753025928133766

1716.0,126.0,107.73773133390381,93.2622686660962
102.0,1573.0,101.1642091312281,120.83579086877188
2.127627114151401,4.2980174345589095,12.218845419805925,56.476754959166946
3.8723728858485993,3.7019825654410905,47.30598573802282,18.998413883004325

Iteration: ,30000
Error:,0.05267168592521225
Absolute Error:,0.07191357229645107
Transition Probabilities
0.0555747324818778,0.06351397997928893,0.08147500452741434,0.7994362830114189
0.060917180013689246,0.06399726214921286,0.7817500876130472,0.0933354702240507
0.8894864547541514,0.0001648723734484062,0.06016512194472507,0.05018355092767512
0.00016670271705680054,0.8833576976839861,0.06148864145843852,0.054986958140518544

0.057056043214044574,0.052667116812964224,0.810932693687759,0.07934414628523222
0.056564245810055876,0.059706703910614535,0.08625005132654322,0.7974789989527863
0.13606295397881846,0.7477156307214404,0.04585599501107812,0.070365420288663
0.7432484824956825,0.1295031783315615,0.04808472884233757,0.07916361033041842

0.8415775401069518,0.06016042780748663,0.05036878729238081,0.04789324479318069
0.05846153846153846,0.825982905982906,0.054791596292467645,0.06076395926308791
0.037242983185850814,0.06947152627285208,0.1567697439565491,0.736515746584748
0.06057975317234547,0.06779889158127828,0.6729902363628943,0.19863111888348187

Transition Gammas
161.0,184.0,236.03308811591933,2315.9669118840807
178.0,187.0,2284.2737560053242,272.72624399467617
5395.0,1.0,364.9193657271674,304.37816765814404
1.0,5299.0,368.8520651855214,329.8504014291672

169.0,156.0,2401.9826387031417,235.01736129685779
162.0,171.0,247.02014699921972,2283.9798530007797
16.761424652884585,92.11015077676863,5.6489425136315266,8.66822787428669
68.23857534711543,11.88984922323137,4.41471926203701,7.2681103500447755

2518.0,180.0,150.70341157880338,143.29658842119662
171.0,2416.0,160.26541915546787,177.73458084453213
3.763545549262107,7.020362794244969,15.842180772210119,74.42772632331929
6.236454450737894,6.979637205755032,69.28177708034102,20.44831582412962

Iteration: ,40000
Error:,0.04713480655079619
Absolute Error:,0.06533778440321304
Transition Probabilities
0.054033092037228544,0.06308169596690796,0.08258491530740242,0.800300296688461
0.061250640697078425,0.05971296770886725,0.7890079646010386,0.09002842699301569
0.890880186937078,0.00012315180908723777,0.0575286554349072,0.05146800581892755
0.00012512605447967433,0.8840155748988991,0.0603754992354181,0.05548379981120313

0.05897114178168133,0.056712672521957365,0.8039614208579365,0.08035476483842473
0.05771248688352571,0.05902413431269675,0.09057516077318857,0.792688218030589
0.12678473712598262,0.7700184349424832,0.041866089748462,0.06133073818307219
0.7485501998368277,0.11286722761348311,0.06409712505241702,0.07448544749727214

0.8373676248108926,0.059757942511346446,0.05362852543887916,0.04924590723888181
0.061277705345501955,0.8258148631029987,0.05161856216694478,0.06128886938455457
0.033375080781517734,0.05141321342013856,0.14945708170278074,0.765754624095563
0.05695596903777609,0.06688228271434131,0.7077475845622244,0.16841416368565826

Transition Gammas
209.0,244.0,319.43845240903255,3095.561547590967
239.0,233.0,3078.7090778732527,351.2909221267472
7234.0,1.0,467.13609699517514,417.9232623571843
1.0,7065.0,482.5174060389284,443.42323460871216

235.0,226.0,3203.7862621188756,320.21373788112237
220.0,225.0,345.2725128673948,3021.7274871326053
19.799124789041276,120.24863109618036,6.5379473440508304,9.577611360932604
91.20087521095873,13.751368903819666,7.809381260683621,9.075060034332946

3321.0,237.0,212.69073189059475,195.30926810940525
235.0,3167.0,197.95718591023322,235.04281408976678
4.736256668326225,7.296047506079988,21.209449783125958,108.66821472032771
8.263743331673776,9.703952493920012,102.68711921230216,24.43521628424419

Iteration: ,50000
Error:,0.04457105032724589
Absolute Error:,0.06184692620584951
Transition Probabilities
0.05262067536772321,0.06070022788481457,0.08444848506317057,0.8022306116842917
0.060053289608526336,0.05738880918220947,0.7916052794932693,0.09095262171599482
0.8931573722936627,9.853898635190453e-05,0.054852222338933415,0.05189186638105199
0.00010011280284450181,0.8851974027510849,0.06070640974423652,0.05399607470183417

0.05885885885885888,0.05645645645645648,0.8023462622185187,0.08233842246616596
0.057934508816120917,0.06045340050377835,0.08811144656929276,0.793500644110808
0.11794055525510778,0.7821896590295535,0.04650294102479818,0.05336684469054061
0.7618031670355386,0.11281632560063092,0.06144078208416744,0.06393972527966285

0.8341779849989864,0.06000405432799513,0.055775950808301306,0.05004200986471715
0.061586638830897704,0.8256784968684759,0.051187577482256996,0.06154728681836932
0.03285698011814441,0.0580457733290248,0.14641423100657738,0.7626830155462534
0.050247779137435555,0.0749204145113252,0.7220631916119711,0.15276861473926825

Transition Gammas
254.0,293.0,407.6328373999244,3872.3671626000764
293.0,280.0,3862.2421586476607,443.7578413523387
9064.0,1.0,556.6550293408133,526.612544965042
1.0,8842.0,606.3800834597303,539.3523422344142

294.0,282.0,4007.7195797814993,411.2804202184988
276.0,288.0,419.7629314561106,3780.2370685438887
23.16951859221914,153.6617985927442,9.135540818307868,10.483960310268271
123.83048140778087,18.338201407255852,9.987148849957567,10.393350021466293

4115.0,296.0,275.14276533735034,246.8572346626497
295.0,3955.0,245.188496140011,294.81150385998905
5.931457734022242,10.478627369336891,26.431212477597835,137.68222322632346
9.068542265977758,13.521372630663109,130.3154225767866,27.571141719292147

Iteration: ,60000
Error:,0.04400496755133754
Absolute Error:,0.060284577468155014
Transition Probabilities
0.052004146510020714,0.06046993780234967,0.08359801682494497,0.8039278988626848
0.05876323881106939,0.058421592073795735,0.791509440660761,0.09130572845437392
0.8936242182323504,8.217989867871532e-05,0.054458794735789046,0.05183480713318192
8.330851994781904e-05,0.8869025033644814,0.05974129373733285,0.05327289437823795

0.058961082345081024,0.05461833973609489,0.8031741199131277,0.0832464580056964
0.05900728913571678,0.06091634849010762,0.0873302925100301,0.7927460698641455
0.10726836614467605,0.7915641027927649,0.048278465496593294,0.05288906556596579
0.7523284179108285,0.1108913821524688,0.06603244670663024,0.07074775323007246

0.8331625683060109,0.060792349726775954,0.056984282457018226,0.04906079951019488
0.06003817456186014,0.8276939094221759,0.05247665599577755,0.059791260020186365
0.0524121904237666,0.05853932565431071,0.13668482317338781,0.7523636607485348
0.05309325329391136,0.06991534875773296,0.7306101284756911,0.1463812694726647

Transition Gammas
301.0,350.0,483.86532138278164,4653.134678617221
344.0,342.0,4633.496265628092,534.5037343719046
10874.0,1.0,662.6778033482041,630.7480048841578
1.0,10646.0,717.1090516882582,639.4651400793804

353.0,327.0,4808.603455919894,498.3965440801042
340.0,351.0,503.19714544279327,4567.802854557205
25.317007679303806,186.8214757931249,11.394470948441121,12.482644485130114
143.68299232069626,21.178524206875156,12.61116728703726,13.511717279391505

4879.0,356.0,333.6999580682987,287.30004193170123
346.0,4770.0,302.422968503666,344.57703149633403
11.440227627874831,12.777623015807533,29.834767021496322,164.2215573955758
11.559772372125169,15.222376984192467,159.07269293133803,31.870982651589923

Iteration: ,70000
Error:,0.04255327876062797
Absolute Error:,0.05929165599118517
Transition Probabilities
0.05219454329774613,0.06138790035587187,0.08185281760206305,0.8045647387443189
0.05899490167516392,0.05899490167516392,0.7909328373787502,0.09107735927092199
0.8928360276148378,7.070288467016455e-05,0.05466434539846752,0.052428924102024536
7.117789551586365e-05,0.8870189339186928,0.059261056324955035,0.05364883186083627

0.060313804519936676,0.05714696991507127,0.7985325125467895,0.0840067130182025
0.059354647720544725,0.060686796921255205,0.08711090443796739,0.7928476509202327
0.10101434862707029,0.8130240618130421,0.04127612482706395,0.044685464732823775
0.7614621846538577,0.1122738251905981,0.06530576881360141,0.06095822134194293

0.8307760401298319,0.06122750073768073,0.05816151711150459,0.04983494202098286
0.060085836909871244,0.8275862068965517,0.05302061106944552,0.05930734512413152
0.05742057189495598,0.05542257070665262,0.14063527403495885,0.7465215833634326
0.053624370216043216,0.06780920528115666,0.7363138992979141,0.14225252520488604

Transition Gammas
352.0,414.0,552.0154019083134,5425.984598091688
405.0,405.0,5429.753928605116,625.246071394879
12628.0,1.0,773.1558005515859,741.5386846888962
1.0,12462.0,832.5766854366652,753.7288293228532

419.0,397.0,5547.405364662545,583.5946353374527
401.0,410.0,588.5212703829075,5356.47872961709
28.2178155547411,227.1139034168737,11.530263700303987,12.482644485130114
168.78218444525896,24.886096583126346,14.475374535174392,13.511717279391505

5631.0,415.0,394.2187629817781,337.7812370182218
406.0,5592.0,358.2602689962434,400.7397310037567
14.722200533219045,14.209928133466162,36.057821057138476,191.40249025659895
13.277799466780953,16.790071866533836,182.31688801365726,35.22280067260525

Iteration: ,80000
Error:,0.041999152130231615
Absolute Error:,0.05903023543892982
Transition Probabilities
0.05378434421980298,0.06130119232763087,0.08426534120440902,0.8006491222481571
0.0586132039330865,0.059507087217469085,0.7917455582772392,0.09013415057220511
0.8925744789936502,6.201448474908985e-05,0.054462238045920965,0.052901268475679775
6.224427326735568e-05,0.8882880237984329,0.058325207512867766,0.053324524415431916

0.06005816158806427,0.05740295865469722,0.7987341674321412,0.08380471232509736
0.059407216494845344,0.06056701030927834,0.0864380112552922,0.7935877619405841
0.10099588206741865,0.8112427694891916,0.04077384250251433,0.046987505940875376
0.773991533413357,0.09956861546777945,0.06704507724214784,0.059394773876715524

0.829784471565827,0.061412620098675666,0.05818965882785161,0.050613249507645654
0.05945043656908064,0.8296096558808423,0.05221138789218267,0.05872851965789437
0.05784807352772983,0.05515225582613159,0.13211617202207923,0.7548834986240592
0.06304325810916932,0.06954437563446586,0.7195230286600366,0.14788933759632805

Transition Gammas
415.0,473.0,650.1913727332203,6177.808627266783
459.0,466.0,6200.159466869056,705.8405331309376
14393.0,1.0,878.2180206168733,853.0469726503078
1.0,14271.0,937.0373281144358,856.6976786183835

475.0,454.0,6317.1885302208,662.8114697791946
461.0,470.0,670.7589673410677,6158.241032658934
30.858296763752875,247.86723592983094,12.45804587657547,14.356569523737939
203.14170323624725,26.13276407016911,17.596641044007356,15.588743555679232

6391.0,473.0,448.1767522921131,389.8232477078868
463.0,6461.0,406.6222889043187,457.3777110956814
17.42718142460271,16.615045405053372,39.80102289576022,227.41451672810064
17.572818575397285,19.384954594946628,200.56145609682872,41.223004279310345

Iteration: ,90000
Error:,0.04241960972136406
Absolute Error:,0.05862118992074489
Transition Probabilities
0.05478190815974217,0.06134192657382894,0.08428567710343597,0.7995904881629929
0.05894401456531639,0.05848884842967688,0.791850230090297,0.09071690691470982
0.8928920566912182,5.518151268099735e-05,0.05393791097363063,0.053114850822470236
5.524865347834754e-05,0.8875143694761749,0.05815675049056615,0.05427363137978053

0.06043894203714124,0.05672481710748451,0.7987683419903995,0.08406789886497479
0.05883702259433421,0.060442711320105515,0.08719179504239975,0.7935284710431605
0.09638883295684529,0.8094942964277587,0.043919317544714405,0.05019755307068161
0.7749582459672656,0.09501661350470711,0.0639155581646155,0.06610958236341177

0.8293388908185713,0.06124811855968507,0.05830418489627049,0.05110880572547316
0.05930285196921684,0.8291081937528293,0.05320290769928895,0.05838604657866489
0.05826696440477606,0.05541900295932017,0.1289922625614934,0.7573217700744104
0.06801178670311284,0.07116299822742732,0.7185570449125023,0.14226817015695759

Transition Gammas
476.0,533.0,732.3582483517556,6947.64175164825
518.0,514.0,6958.779822033524,797.2201779664692
16181.0,1.0,977.4634357242807,962.547930310022
1.0,16064.0,1052.6365228676264,982.3521110980716

537.0,504.0,7097.0567185847,746.9432814153012
513.0,527.0,760.2252609746835,6918.774739025316
33.03285531167923,277.4170736302989,15.0513334100827,17.20291092565206
224.9671446883209,27.58292636970098,18.554419797813484,19.19133586645175

7163.0,529.0,503.57324494908823,441.4267550509117
524.0,7326.0,470.10089243091716,515.899107569083
19.465505243775322,18.5140740337079,43.09302173104763,253.00186884972322
20.534494756224674,21.4859259662921,216.95071672229344,42.95439269693551

Iteration: ,99999
Error:,0.04162827939546647
Absolute Error:,0.05808037527056493
Transition Probabilities
0.05488815244407618,0.06058409279204635,0.08601082658005332,0.798516928183824
0.05810491735961401,0.05800225849502105,0.7924687185348146,0.09142410561055038
0.8930498306509953,4.97493081528046e-05,0.054195667053623935,0.05270475298722785
4.9703721196701766e-05,0.8880066829002738,0.057676362412618386,0.05426725096591097

0.061311642094560234,0.057549567869852554,0.7969324644558057,0.08420632557978157
0.0586905128995786,0.060129509713228516,0.0870142169096184,0.7941657604775745
0.09346839504032177,0.8132137754713897,0.04291818353867142,0.05039964594961711
0.7667539684058408,0.09087808821461026,0.06460336275045751,0.07776458062909154

0.8298802706923477,0.061218115564809994,0.057891623917982825,0.051009989824859416
0.058465286236297195,0.8309987819732034,0.05395128962721986,0.056584642163279554
0.05309371741279427,0.05512934362137005,0.12635270166534443,0.7654242373004914
0.06916248825667541,0.07285789967337368,0.7216629546899079,0.13631665738004303

Transition Gammas
530.0,585.0,830.5205414569955,7710.479458543011
566.0,565.0,7719.437787247627,890.5622127523711
17951.0,1.0,1089.3752911530423,1059.4067524586599
1.0,17866.0,1160.403306311111,1091.8146500771863

603.0,566.0,7837.8307879228505,828.1692120771519
571.0,585.0,846.5613163136771,7726.43868368632
35.01069172254569,304.60752840865615,16.075971910246757,18.878322094931505
247.98930827745446,29.392471591343654,20.894503192715902,25.15120280210583

7971.0,588.0,556.0490477322251,489.9509522677747
576.0,8187.0,531.52810540737,557.4718945926302
19.716033549196364,20.47195113375472,46.920318004804436,284.23570014232865
23.283966450803632,24.52804886624528,242.9521616317185,45.89182022114811


Model Num 2
Model States: 
['rose'],['volcano'],"['nothing', 'b', 'rose']","['nothing', 'b', 'volcano']","['nothing', 'b', 'nothing', 'b', 'rose']"
Iteration: ,0
Error:,0.5649672592866076
Absolute Error:,1
Transition Probabilities
0.2,0.2,0.2,0.2,0.2
0.2,0.2,0.2,0.2,0.2
0.2,0.2,0.2,0.2,0.2
0.2,0.2,0.2,0.2,0.2
0.2,0.2,0.2,0.2,0.2

0.2,0.2,0.2,0.2,0.2
0.2,0.2,0.2,0.2,0.2
0.2,0.2,0.2,0.2,0.2
0.2,0.2,0.2,0.2,0.2
0.2,0.2,0.2,0.2,0.2

0.2,0.2,0.2,0.2,0.2
0.2,0.2,0.2,0.2,0.2
0.2,0.2,0.2,0.2,0.2
0.2,0.2,0.2,0.2,0.2
0.2,0.2,0.2,0.2,0.2

Transition Gammas
1.0,1.0,1.0,1.0,1.0
1.0,1.0,1.0,1.0,1.0
1.0,1.0,1.0,1.0,1.0
1.0,1.0,1.0,1.0,1.0
1.0,1.0,1.0,1.0,1.0

1.0,1.0,1.0,1.0,1.0
1.0,1.0,1.0,1.0,1.0
1.0,1.0,1.0,1.0,1.0
1.0,1.0,1.0,1.0,1.0
1.0,1.0,1.0,1.0,1.0

1.0,1.0,1.0,1.0,1.0
1.0,1.0,1.0,1.0,1.0
1.0,1.0,1.0,1.0,1.0
1.0,1.0,1.0,1.0,1.0
1.0,1.0,1.0,1.0,1.0

Iteration: ,10000
Error:,0.06873834011639761
Absolute Error:,1
Transition Probabilities
0.04812030075187969,0.05864661654135337,0.09396755702614984,0.6990918031334323,0.10017372254718492
0.057291666666666664,0.07217261904761904,0.6937733630124908,0.08843109765993015,0.08833125361329347
0.9978189749182116,0.0005452562704471102,0.0005452562704471102,0.0005452562704471102,0.0005452562704471102
0.0005235602094240838,0.9979057591623036,0.0005235602094240838,0.0005235602094240838,0.0005235602094240838
0.0021459227467811163,0.0021459227467811163,0.45141561956554094,0.4318682040034888,0.11242433093740807

0.06562054208273894,0.05706134094151213,0.6790885234393023,0.11298911066122308,0.0852404828752237
0.04986876640419949,0.036745406824146995,0.08440830729976759,0.7350338942352673,0.09394362523661867
0.11815468494835844,0.7764925423490739,0.032826995922459384,0.0491417419509588,0.0233840348291495
0.6666074855292602,0.10799670903786872,0.06880410426818581,0.08106894856450234,0.075522752600183
0.37010245750064735,0.24413828479669947,0.11452955465444249,0.15942521797958903,0.11180448506862173

0.8288770053475937,0.04946524064171124,0.040558580134690304,0.05901948108627069,0.022079692789734207
0.06649282920469361,0.8252933507170795,0.040307263890924365,0.05213076184781731,0.015775794339485186
0.06768144038716334,0.06344794087844355,0.14725809116132252,0.6396405288045567,0.08197199876851398
0.05909509705376787,0.04359335205906926,0.7845247523062289,0.047945817719055865,0.0648409808618781
0.1376027486853614,0.12754392170848228,0.3797843120847759,0.19894257105526775,0.15612644646611273

Transition Gammas
64.0,78.0,124.9768508447793,929.7920981674652,133.23105098775596
77.0,97.0,932.4313998887876,118.85139525494613,118.71720485626642
1830.0,1.0,1.0,1.0,1.0
1.0,1906.0,1.0,1.0,1.0
1.0,1.0,210.35967871754204,201.25058306562576,52.38973821683216

46.0,40.0,476.04105493095085,79.20536657351738,59.75357849553182
38.0,28.0,64.31913016242288,560.0958274072735,71.5850424303034
5.7883631292678865,38.04014038249363,1.6081848377424925,2.407439428586778,1.145576961909927
32.646956688175585,5.289115347430403,3.3696660490224604,3.9703341321465992,3.6987103904967316
5.564680182556525,3.6707442700759647,1.7220105681181157,2.3970398820959504,1.6810377498809448

620.0,37.0,30.33781794074834,44.14657185253047,16.515610206721185
51.0,633.0,30.915671404338987,39.98429433727588,12.100034258385136
2.512308025371455,2.355162215082523,5.466161507633032,23.743200863870985,3.0427678427620415
2.720678475497911,2.0069938207225633,36.118725808214855,2.207376935851306,2.985213152295447
1.7670134991306337,1.6378439641949143,4.876966576781998,2.5547033904840206,2.0048839221063184

Iteration: ,20000
Error:,0.05987275927441942
Absolute Error:,1
Transition Probabilities
0.05183503594400303,0.0571320469163829,0.09030684329772223,0.7030976958468034,0.09762837799508853
0.059895833333333315,0.06249999999999998,0.699027540313903,0.08838800015959732,0.09018862619316642
0.9989165763813651,0.00027085590465872155,0.00027085590465872155,0.00027085590465872155,0.00027085590465872155
0.00026371308016877635,0.9989451476793249,0.00026371308016877635,0.00026371308016877635,0.00026371308016877635
0.0010319917440660476,0.0010319917440660476,0.43834286524430965,0.433875042076364,0.12571810919119425

0.06442577030812327,0.05672268907563027,0.6772695511802318,0.10766506633708811,0.09391692309892674
0.04837640821736249,0.054340622929092114,0.08994118423501749,0.709923826165645,0.09741795845288294
0.09204573633619748,0.7854881211569634,0.025714466582663454,0.07033461496977818,0.02641706095439755
0.7047686830841027,0.10493902273764451,0.05697461846432835,0.07675295754595075,0.05656471816797385
0.34764863294214776,0.258040225707899,0.09811702542035068,0.1898934104715745,0.10630070545802811

0.8211654387139986,0.058941728064300064,0.0461422844613858,0.04967070879669021,0.02407983996362525
0.06420765027322403,0.8244535519125682,0.04300414149325402,0.05377610098657903,0.014558555334374595
0.07528076415333337,0.06246988111501263,0.09035066547296837,0.7062191312309581,0.06567955802772754
0.05688038370518742,0.03705452059632768,0.7800538186641325,0.04109622485378723,0.08491505218056519
0.14306281118372793,0.1367722778404503,0.30746492975044437,0.23322048517135938,0.17947949605401806

Transition Gammas
137.0,151.0,238.68098683587985,1858.2872101231012,258.031803041019
161.0,168.0,1878.986028363772,237.58694442899767,242.42702720723142
3688.0,1.0,1.0,1.0,1.0
1.0,3788.0,1.0,1.0,1.0
1.0,1.0,424.754236421736,420.42491577199667,121.82084780626721

92.0,81.0,967.1409190853707,153.74571472936177,134.11336618526735
73.0,82.0,135.72124701064138,1071.2750536839583,147.00369930540035
7.843606629708784,66.93476612714527,2.191238492900043,5.993510120446686,2.251109531923525
59.86974677065084,8.914517441622207,4.839965312997218,6.520125315537363,4.805144488047154
8.286646599640358,6.15071643123252,2.3387438868533597,4.526350559359867,2.53381229193479

1226.0,88.0,68.89043070084901,74.15836823345848,35.9512010656925
94.0,1207.0,62.95806314612389,78.7282118443517,21.31372500952441
6.7022640744341535,5.561708155333363,8.043940920515759,62.874854754217644,5.847466443052303
4.906998019978149,3.196646143243881,67.29424617633528,3.545318805008688,7.325513046396241
3.3907379055876974,3.2416457014227555,7.2872396628975835,5.527568855154907,4.253851336421631

Iteration: ,30000
Error:,0.05460855417578266
Absolute Error:,1
Transition Probabilities
0.052684144818976285,0.06017478152309614,0.08922429415798158,0.7063452658272515,0.09157151367269444
0.060643564356435614,0.06188118811881185,0.7011889548467406,0.08419653834246307,0.09208975433554879
0.9992805755395684,0.00017985611510791367,0.00017985611510791367,0.00017985611510791367,0.00017985611510791367
0.000176522506619594,0.9992939099735216,0.000176522506619594,0.000176522506619594,0.000176522506619594
0.0007037297677691766,0.0007037297677691766,0.439176308092101,0.43941630843630775,0.11999992393605294

0.060791705937794545,0.05984919886899153,0.6887271354872493,0.09429547685104918,0.09633648285491561
0.04937722419928826,0.05204626334519573,0.08990592924817913,0.7110177994860689,0.09765278372126793
0.0952439846058341,0.7935547562478499,0.023403662609757805,0.06440045866182342,0.023397137874734967
0.7602769401809969,0.08454082379502283,0.04927486274388033,0.06303836239008821,0.042869010890011966
0.3923532838551859,0.2468721844444381,0.09216718545629837,0.17566798323763524,0.09293936300644239

0.8214445939883356,0.06280843427545985,0.04590011847563087,0.04873337585055635,0.021113477410017352
0.05972159856308937,0.828917826672654,0.04680736224516521,0.05224150417917325,0.012311708339918412
0.08335925663761876,0.0663313096157765,0.08555012485364871,0.7025014562530367,0.062257852639919294
0.050623055350146044,0.03598477415686708,0.7861646321178278,0.0366543396469232,0.09057319872823581
0.14294240330549798,0.13944579860957731,0.31411456605092447,0.22130935775687516,0.18218787427712513

Transition Gammas
211.0,241.0,357.3432981027162,2828.912789638142,366.74391225914115
245.0,250.0,2832.8033775808335,340.15401490355094,372.0426075156173
5556.0,1.0,1.0,1.0,1.0
1.0,5661.0,1.0,1.0,1.0
1.0,1.0,624.0695337988756,624.4105742879933,170.51989191313123

129.0,127.0,1461.4789815039426,200.0950018779263,204.4260166181309
111.0,117.0,202.10852894990668,1598.368013244683,219.5234578054103
11.49258029252477,95.75399213332261,2.8239943214778727,7.770857604387671,2.823207016731565
94.14734869404356,10.468940981975415,6.1018524164297565,7.80622740396179,5.308596779839025
12.36007101343163,7.7770668847019895,2.9034877602004134,5.533963488897125,2.9278132080747845

1831.0,140.0,102.31136408218121,108.6266947708901,47.061941146928675
133.0,1846.0,104.23999571998291,116.3418298070188,27.4181744729983
10.077644776994333,8.01906594256932,10.342507883083902,84.92830211065524,7.526608906927606
6.32503981775143,4.496076497174925,98.22644182694162,4.579734592402576,11.316564842140687
4.597315405254238,4.4848575602557545,10.102556695051183,7.117754397679631,5.859528745117538

Iteration: ,40000
Error:,0.048945574256226726
Absolute Error:,1
Transition Probabilities
0.0505050505050505,0.05723905723905723,0.09014368605858723,0.7122623458956918,0.08984986030161304
0.057699443413729096,0.06567717996289421,0.6993494767926469,0.08529897981281223,0.09197492001791753
0.9994616419919247,0.00013458950201884252,0.00013458950201884252,0.00013458950201884252,0.00013458950201884252
0.00013229263130043657,0.9994708294747983,0.00013229263130043657,0.00013229263130043657,0.00013229263130043657
0.0005288207297726071,0.0005288207297726071,0.43624278971317804,0.43268738062512574,0.130012188202151

0.05934298834334158,0.05757682797598022,0.7003399851948521,0.08954206952156524,0.09319812896426087
0.05415282392026579,0.05415282392026579,0.09250973794890627,0.7028677996659314,0.09631681454463066
0.08603961829931685,0.8210175985419955,0.018176077205565015,0.055355857889902674,0.019410848063219886
0.7739890674640609,0.07616629952374279,0.044161044860683916,0.06832904513150813,0.037354543020004335
0.39967357174774126,0.25412129641704495,0.08218836403749444,0.1793281007254262,0.08468866707229314

0.8260720411663808,0.0634648370497427,0.04397355423514478,0.04719476965210754,0.019294797896624173
0.05774365821094793,0.8331108144192256,0.04556833664088862,0.050722638460622034,0.012854552268315785
0.07383742944682725,0.06445169462126463,0.07684529102874553,0.7128560382730295,0.07200954663013316
0.041516966929230424,0.034645228559458605,0.793918347584717,0.036534906373265355,0.09338455055332856
0.12486281490038514,0.13852356819032585,0.30587221351920685,0.22590548230157953,0.2048359210885027

Transition Gammas
270.0,306.0,481.90814566920744,3807.7545011583693,480.3373531724234
311.0,354.0,3769.493679912369,459.7615011910582,495.74481889657574
7426.0,1.0,1.0,1.0,1.0
1.0,7555.0,1.0,1.0,1.0
1.0,1.0,824.9351153476197,818.2118367621127,245.8530478902675

168.0,163.0,1982.662498086626,253.4935988155512,263.84390309782253
163.0,163.0,278.45431122620784,2115.632076994453,289.9136117793382
13.580999408514304,129.59424670375608,2.8690189317105412,8.73769419391461,3.063922426390441
120.38496103987433,11.846778444506823,6.8687348291007115,10.627785044819607,5.810062951999434
15.03403955161135,9.558974851737108,3.09158073729679,6.74556925851237,3.185631626255499

2408.0,185.0,128.18291059544703,137.57275353589347,56.24433586865947
173.0,2496.0,136.52273657610232,151.96502482802362,38.51223859587409
11.60869592680304,10.133073841150328,12.08159091727054,112.07498757600176,11.321316802586498
6.440564657775911,5.374545664691066,123.16127185615585,5.667693094341525,14.486829852028514
4.95073941542105,5.492380494158605,12.127658861124633,8.957023564480625,8.12162747601006

Iteration: ,50000
Error:,0.045880872148400906
Absolute Error:,1
Transition Probabilities
0.05174992521687107,0.05833084056236913,0.0902522949594422,0.7114468462553294,0.08822009300598811
0.056631892697466456,0.062295081967213096,0.7021229431284169,0.08634083673199498,0.09260924547490858
0.9995710915719493,0.0001072271070126528,0.0001072271070126528,0.0001072271070126528,0.0001072271070126528
0.00010617965597791463,0.9995752813760883,0.00010617965597791463,0.00010617965597791463,0.00010617965597791463
0.00042753313381787086,0.00042753313381787086,0.43899124537251183,0.43216969763749075,0.1279839907223616

0.06083333333333332,0.056388888888888884,0.7029618061435159,0.08804552251192481,0.09177044912233714
