0,1,2,3,4,5,6,7,8,9,10,11,12,13,14,15,16,17,18,19,20,21,22,23,24,25,26,27,28,29
github Code Version (SHA):,259d7b71bef881354d6628b3b58391e922cf8036
Environment Observations,Environment Actions,alpha,epsilon,numActions,explore,patience,gainThresh,insertRandActions,useBudd,revisedSplitting,haveControl,confidence_factor
"['square', 'diamond']","['x', 'y']",0.99,0.99,25000,0.5,0,0.01,False,True,False,False,

Model Num 0
Model States: 
"['square', 'y', 'diamond', 'x', 'square']","['square', 'y', 'diamond', 'x', 'diamond']","['diamond', 'x', 'square']","['diamond', 'x', 'diamond']"
Iteration: ,0
Error:,0.6747066567671793
Absolute Error:,0.74
Transition Probabilities
0.25,0.25,0.25,0.25
0.25,0.25,0.25,0.25
0.25,0.25,0.25,0.25
0.25,0.25,0.25,0.25

0.25,0.25,0.25,0.25
0.25,0.25,0.25,0.25
0.25,0.25,0.25,0.25
0.25,0.25,0.25,0.25

Transition Gammas
1.0,1.0,1.0,1.0
1.0,1.0,1.0,1.0
1.0,1.0,1.0,1.0
1.0,1.0,1.0,1.0

1.0,1.0,1.0,1.0
1.0,1.0,1.0,1.0
1.0,1.0,1.0,1.0
1.0,1.0,1.0,1.0

Iteration: ,2500
Error:,0.03590196414496345
Absolute Error:,0.04010862305083049
Transition Probabilities
0.013561153936836892,0.9650454073859537,0.012953318519498918,0.008440120157710592
0.016949460323990317,0.9426415843190696,0.018925715230765236,0.021483240126174686
0.9782994518150977,0.018851545335899413,0.0014245014245014244,0.0014245014245014244
0.004065040650406503,0.004065040650406503,0.9545712049432405,0.03729871375594649

0.011186657491729477,0.011186657491729477,0.9758832766135649,0.0017434084029761179
0.008310994277038908,0.008310994277038908,0.004480139486544979,0.9788978719593772
0.9316610043834953,0.03378649057614712,0.027251064723726633,0.007301440316630877
0.07639903397625095,0.877538802921578,0.016901545142529187,0.029160617959641887

Transition Gammas
2.8068440290471655,199.74199482558626,2.681036209171003,1.7469089267366766
2.6955387984515853,149.9119685816479,3.009830326029143,3.4165634875460524
686.7662151741987,13.23378482580139,1.0,1.0
1.0,1.0,234.82451641603723,9.175483583962839

7.015727713795439,7.015727713795439,612.02654628776,1.0933809905475544
2.4252388126274904,2.4252388126274904,1.3073535856921652,285.65307994895915
144.32974163513185,5.234087755814112,4.221641898021033,1.131114203026032
4.52023961903985,51.92062592629097,1.0,1.7253226088936284

Iteration: ,5000
Error:,0.031541896016583394
Absolute Error:,0.03471281831948833
Transition Probabilities
0.013593791796304761,0.9619319456659656,0.019945434117335934,0.004528828420393566
0.010673711646760814,0.9679742469084356,0.01151113505899533,0.009840906385808357
0.9721686430392903,0.026384178957815356,0.0007235890014471785,0.0007235890014471785
0.0020161290322580636,0.0020161290322580636,0.965218962966846,0.030748778968637914

0.010879614004230638,0.010885678059222996,0.977337126738211,0.0008975811983353943
0.006285856108076922,0.008309544156901893,0.0021836774266372687,0.9832209223083839
0.915108068973682,0.02366001262746435,0.05535082958081641,0.005881088818037205
0.05123963539984519,0.9107768421508957,0.020329385955337724,0.01765413649392132

Transition Gammas
5.691519474149666,402.7466716867597,8.350858127019794,1.8961534453366564
3.7056966156601154,336.0610638102916,3.9964330724140074,3.4165634875460524
1343.5370646802983,36.4629353197008,1.0,1.0
1.0,1.0,478.7486056315558,15.251394368444412

13.322191556450946,13.32961704987246,1196.758672924864,1.0990967746689386
3.7757704562613714,4.991353730212611,1.3116852456911126,590.598392104432
294.11581540818486,7.604330179602817,17.789761589512864,1.890182473360659
6.230818366366596,110.75186291728214,2.472084557179658,2.146770113610139

Iteration: ,7500
Error:,0.026029947520274953
Absolute Error:,0.02891001564954144
Transition Probabilities
0.015321677343267791,0.9621274548054587,0.01938748646917679,0.003163381382096749
0.011158941913737827,0.9718037462747847,0.008120526334338766,0.00891678547713857
0.9741994965795301,0.02483896495893144,0.0004807692307692308,0.0004807692307692308
0.0013793103448275868,0.0013793103448275868,0.9706180158569302,0.026623363453414678

0.009939413330349946,0.009949463343790464,0.9795184819207337,0.0005926414051258712
0.00728241740733057,0.006650213880036187,0.0014797533734992867,0.984587615339134
0.9338175722455858,0.01760813116057776,0.043345742294859095,0.00522855429897726
0.03428568227670769,0.9264248898029289,0.02382483326707774,0.015464594653285504

Transition Gammas
9.641353247935136,605.4304925949938,12.199813470228692,1.9905965045098108
6.116172364260234,532.6418277285825,4.450828683693165,4.887255201693599
2026.3349528854226,51.66504711457739,1.0,1.0
1.0,1.0,703.698061496274,19.301938503725633

18.4743905141644,18.493070477136236,1820.631293759467,1.101542756022299
6.468340039398411,5.906808454497659,1.3143366356074937,874.5238206454857
446.6558363447379,8.422174505758104,20.732774100766324,2.50087850421108
6.31276691136522,170.57570396334805,4.386688819646963,2.8473804498637114

Iteration: ,10000
Error:,0.027003149097594593
Absolute Error:,0.028616245173786522
Transition Probabilities
0.01934281378203717,0.9596669128662209,0.018591492762975996,0.0023987805887658842
0.011011484242230606,0.9697240359661873,0.011246243777909807,0.008018236013672337
0.9729819221003163,0.026296316802606867,0.0003608805485384335,0.0003608805485384335
0.0010373443983402494,0.0010373443983402494,0.974748443829824,0.02317686737349559

0.010356045158354369,0.010311683561983802,0.9788882795557985,0.00044399172386336234
0.008294585504659863,0.006335914628947776,0.0011160552171254618,0.9842534446492669
0.9348428049732281,0.015174517183682257,0.043925473445565216,0.006057204397524333
0.03270663419870773,0.9325422505786871,0.021492590044459626,0.013258525178145481

Transition Gammas
16.42643278608109,814.9747094118317,15.788390960344271,2.037108383192473
8.06205053488411,709.9827789670874,8.23392956577198,5.870545924675385
2696.132906139979,72.86709386002369,1.0,1.0
1.0,1.0,939.6574998519499,22.342500148049737

25.7400067926847,25.62974580265883,2433.03216428322,1.1035438541825326
9.779656825086477,7.470303453903004,1.315874918065839,1160.4752174983817
606.321099469355,9.841900578130172,28.48921894947864,3.9285865072499977
7.731751297489289,220.4502215688164,5.080784526865863,3.134276019541353

Iteration: ,12500
Error:,0.030406915855206575
Absolute Error:,0.02998269283419851
Transition Probabilities
0.01697021923766142,0.9587368092512452,0.02231399783691876,0.001978973674174527
0.01210227286689238,0.960511013775249,0.019175007259538614,0.00821170609832006
0.9730759320402222,0.026351658114328477,0.00028620492272467073,0.00028620492272467073
0.0008347245409015026,0.0008347245409015026,0.9754860262256122,0.02284452469258474

0.009926188045710986,0.009465180527580613,0.9802557884690554,0.0003528429576529991
0.007970836949793723,0.005860678833129953,0.0009083294076934901,0.9852601548093829
0.9278775384818091,0.01566945298908266,0.04554051224310892,0.010912496285999206
0.02741264231972964,0.9367865226403957,0.023819482141265003,0.01198135289860946

Transition Gammas
18.036174191174975,1018.9582027774479,23.715612995441134,2.103279480794734
10.986913786820175,871.9892383611176,17.407817022415113,7.454906027756337
3399.9273065485377,92.07269345146373,1.0,1.0
1.0,1.0,1168.6322594182832,27.367740581716514

31.086248780946196,29.642492695277472,3069.90711529775,1.1050127109918502
11.556246830513153,8.496905860276852,1.3169104957028928,1428.4459226758472
756.0136522427192,12.767116232067536,37.10538035250869,8.891255397519366
7.765511538059625,265.3748757749995,6.747633491189216,3.394103096320323

Iteration: ,15000
Error:,0.027714119731224122
Absolute Error:,0.027898498827184554
Transition Probabilities
0.0168941361508967,0.9589025930498316,0.022552258003470528,0.0016510127958011607
0.014744939618849134,0.9594601656279922,0.017819616912111914,0.007975277841046673
0.9741546246677364,0.025367934415577047,0.00023872045834328012,0.00023872045834328012
0.000700770847932726,0.000700770847932726,0.9772932068359829,0.02130525146815174

0.011249379457646562,0.009906890482779,0.9785512187998033,0.0002925112597710224
0.008863332395099953,0.006018080022348634,0.0007581274046275349,0.9843604601779239
0.9366156342654446,0.013818756805332108,0.04047809529718913,0.009087513632034219
0.023996791566721663,0.9462268052183902,0.019811227973262926,0.009965175241625157

Transition Gammas
21.61955145517785,1227.1147672646136,28.860291996084012,2.1128133319847593
15.887735680659338,1033.8224436085525,19.200713651504152,8.593396079858538
4080.733722733146,106.2662772668522,1.0,1.0
1.0,1.0,1394.5974061549475,30.402593845052536

42.53293257663055,37.4570976589899,3699.8176804944387,1.1059598208583294
15.40972094245493,10.4629872399939,1.3180744243098177,1711.4014596264353
921.7689795749287,13.599710375788058,39.83646143862294,8.943463957915785
8.173221502232273,322.28147037475156,6.747633491189216,3.394103096320323

Iteration: ,17500
Error:,0.027145119197779143
Absolute Error:,0.02664145964038688
Transition Probabilities
0.016079453052721744,0.9607067812203974,0.021799669768542432,0.0014140959583382599
0.014392982699687671,0.9584719822074701,0.0201172945393725,0.007017740553469668
0.9745021634735389,0.025091332461420496,0.00020325203252032542,0.00020325203252032542
0.0005995203836930455,0.0005995203836930455,0.97816208516362,0.020638874068993878

0.011522577728906715,0.009726833069676295,0.978500096032384,0.0002504931690330368
0.009604695954753545,0.006028386611229846,0.0006495213765192782,0.9837173960574973
0.9407374191892418,0.013438557995895101,0.03718204619648081,0.008641976618382242
0.022521666344075163,0.9514840775297713,0.01729484015897285,0.008699415967180716

Transition Gammas
24.19723804223708,1445.723968207143,32.80533217778156,2.128008733026174
17.86702748352792,1189.8190670835704,24.973020667703185,8.711617734650087
4794.550644289806,123.44935571018871,1.0,1.0
1.0,1.0,1631.5743580529183,34.42564194708179

50.9036335734835,42.97051910243203,4322.748911911822,1.1066111063959134
19.501713081629273,12.24024858164878,1.3188110883400563,1997.374461585759
1056.5603087436937,15.093103235385085,41.75987199800471,9.705970335423585
8.786895322754807,371.22435182161655,6.747633491189216,3.394103096320323

Iteration: ,20000
Error:,0.02721723179623149
Absolute Error:,0.026798705259999646
Transition Probabilities
0.014698981433312198,0.960955471643716,0.02309968152310243,0.0012458653998692988
0.013997070810739526,0.96152797910591,0.01832424599915005,0.006150704084200417
0.9731728414713977,0.02647096974854885,0.0001780943900267143,0.0001780943900267143
0.0005249343832020998,0.0005249343832020998,0.9798169930442907,0.01913313818930511

0.011569115824320964,0.009598680546438247,0.9786128958776421,0.000219307751598567
0.00954164741465021,0.006174402758017307,0.0005664874441156978,0.9837174623832167
0.9416200121031144,0.013263491593392391,0.03532238826811262,0.009794108035380618
0.024993890567045658,0.9460823174820072,0.018403518991921372,0.01052027295902582

Transition Gammas
25.204098800968655,1647.734352242258,39.60863941631581,2.1362646638800737
19.82490600079701,1361.8707842990357,25.95374842212697,8.711617734650087
5464.365504861894,148.63449513810167,1.0,1.0
1.0,1.0,1866.5513717493734,36.44862825062623

58.419883298974916,48.469892242605845,4941.643945845732,1.1074254462916873
22.225142203120843,14.381895845949868,1.319506313178457,2291.3507006757973
1216.2344013421948,17.131660914647497,45.623821920789894,12.65046512391612
11.258817454301496,426.1748718431513,8.290100346362571,4.73899141461659

Iteration: ,22500
Error:,0.026266911376464072
Absolute Error:,0.025950422778668013
Transition Probabilities
0.014102818348675826,0.9617526597871343,0.02198003450212345,0.0021644873620663883
0.01634827402053653,0.9603920780243934,0.01709721262984213,0.006162435325228075
0.9731413234592606,0.02654242100626746,0.0001581277672359266,0.0001581277672359266
0.0004664179104477612,0.0004664179104477612,0.979723061834012,0.019344102345092463

0.01174296407771269,0.009172297959437697,0.9788901881310245,0.00019454983182520263
0.010477759339972165,0.006114486195648776,0.000504232214443804,0.9829035222499353
0.9442160199520493,0.012431184085275347,0.03336452013876063,0.009988275823914768
0.02360320975173818,0.9505987369024771,0.01641468606567685,0.009383367280107833

Transition Gammas
27.26659336944276,1859.4665298839416,42.49651723493944,4.184851232966743
25.75457290693303,1512.9724252021315,26.93442797860286,9.70811289732941
6154.145729556365,167.85427044363544,1.0,1.0
1.0,1.0,2100.526244572122,41.47375542787824

66.88529243111928,52.24335416700396,5575.539195879915,1.1081122541071717
27.43161183935968,16.008213824522322,1.320120259944809,2573.3200222530863
1375.0221006030306,18.103010849981473,48.5873482311183,14.545506234367021
11.920604302467032,480.0919668226441,8.290100346362571,4.73899141461659

Iteration: ,24999
Error:,0.025234785165225322
Absolute Error:,0.025790560852646107
Transition Probabilities
0.014304735930824842,0.9621911348156452,0.021546713597921516,0.0019574156556085493
0.016530228056247927,0.9606921890007181,0.016621292379839624,0.006156290563194203
0.9733852386539169,0.026330185364295922,0.0001422879908935686,0.0001422879908935686
0.0004194630872483221,0.0004194630872483221,0.9800773359651761,0.019083737860327167

0.012259790076451102,0.009356130345586694,0.9782090643319692,0.0001750152459930306
0.010679260840191827,0.005911821753097367,0.0004535214716886762,0.9829553959350222
0.9454132317337107,0.0125287982246256,0.03191936220613986,0.01013860783552394
0.024629939350951813,0.9503758015464319,0.016529197876855955,0.008465061225760143

Transition Gammas
30.787259385080425,2070.868570300551,46.37375087825185,4.212832994964819
28.738578478518896,1670.2085278770187,28.896898085558075,10.70300052031347
6840.951457259727,185.04854274027173,1.0,1.0
1.0,1.0,2336.5043689409804,45.49563105901998

77.67699725612422,59.279653782820375,6197.8502349712135,1.1088818567043404
31.097261765160287,17.214812084478996,1.3206228532358015,2862.297466864672
1526.7841100566895,20.23323707072118,51.547802996272225,16.373226883008353
13.788567857193103,532.0484570722604,9.253533405115464,4.73899141461659

*,*,*,*,*,*,*,*,*,*,*
Model Num 0
Model States: 
"['square', 'y', 'diamond', 'x', 'square']","['square', 'y', 'diamond', 'x', 'diamond']","['diamond', 'x', 'square']","['diamond', 'x', 'diamond']"
Iteration: ,24999
Error:,0.025677344192050623
Absolute Error:,0.025790105620845508
Transition Probabilities
0.014304735930824842,0.9621911348156452,0.021546713597921516,0.0019574156556085493
0.016530228056247927,0.9606921890007181,0.016621292379839624,0.006156290563194203
0.9733889209943057,0.026326543509891134,0.00014226774790155073,0.00014226774790155073
0.0004194630872483221,0.0004194630872483221,0.9800773359651761,0.019083737860327167

0.012259790076451102,0.009356130345586694,0.9782090643319692,0.0001750152459930306
0.010679260840191827,0.005911821753097367,0.0004535214716886762,0.9829553959350222
0.9454132317337107,0.0125287982246256,0.03191936220613986,0.01013860783552394
0.024629939350951813,0.9503758015464319,0.016529197876855955,0.008465061225760143

Transition Gammas
30.787259385080425,2070.868570300551,46.37375087825185,4.212832994964819
28.738578478518896,1670.2085278770187,28.896898085558075,10.70300052031347
6841.950725668974,185.04927433102475,1.0,1.0
1.0,1.0,2336.5043689409804,45.49563105901998

77.67699725612422,59.279653782820375,6197.8502349712135,1.1088818567043404
31.097261765160287,17.214812084478996,1.3206228532358015,2862.297466864672
1526.7841100566895,20.23323707072118,51.547802996272225,16.373226883008353
13.788567857193103,532.0484570722604,9.253533405115464,4.73899141461659

