0,1,2,3,4,5,6,7,8,9,10,11,12,13,14,15,16,17,18,19,20,21,22,23,24,25,26,27,28,29
github Code Version (SHA):,259d7b71bef881354d6628b3b58391e922cf8036
Environment Observations,Environment Actions,alpha,epsilon,numActions,explore,patience,gainThresh,insertRandActions,useBudd,revisedSplitting,haveControl,confidence_factor
"['square', 'diamond']","['x', 'y']",0.99,0.99,25000,0.5,0,0.01,False,True,False,False,

Model Num 0
Model States: 
"['square', 'y', 'diamond', 'x', 'square']","['square', 'y', 'diamond', 'x', 'diamond']","['diamond', 'x', 'square']","['diamond', 'x', 'diamond']"
Iteration: ,0
Error:,0.6750936100208713
Absolute Error:,0.74
Transition Probabilities
0.25,0.25,0.25,0.25
0.25,0.25,0.25,0.25
0.25,0.25,0.25,0.25
0.25,0.25,0.25,0.25

0.25,0.25,0.25,0.25
0.25,0.25,0.25,0.25
0.25,0.25,0.25,0.25
0.25,0.25,0.25,0.25

Transition Gammas
1.0,1.0,1.0,1.0
1.0,1.0,1.0,1.0
1.0,1.0,1.0,1.0
1.0,1.0,1.0,1.0

1.0,1.0,1.0,1.0
1.0,1.0,1.0,1.0
1.0,1.0,1.0,1.0
1.0,1.0,1.0,1.0

Iteration: ,2500
Error:,0.04119807439826795
Absolute Error:,0.04967828132615533
Transition Probabilities
0.08387552946176632,0.8787996668884747,0.031228964486013793,0.006095839163745324
0.01655191620189726,0.9544979790464145,0.019104679037875442,0.00984542571381264
0.9635453377886509,0.03355611148671137,0.001449275362318841,0.001449275362318841
0.004115226337448561,0.004115226337448561,0.9666214542831961,0.025148093041906763

0.006666046262941209,0.006732957555965712,0.9848457582948165,0.0017552378862765432
0.010793564841331234,0.015039924954982293,0.003978757764818992,0.9701877524388675
0.9071423093007441,0.038874373298366134,0.03191144297434456,0.022071874426545162
0.05833352075930652,0.9022797027386787,0.019693388251007388,0.019693388251007388

Transition Gammas
17.284338664009834,181.0953821429332,6.435393037353606,1.2561774479830492
2.4466479223258277,141.0906428483746,2.823988636999135,1.4553173223745455
664.8462830741689,23.15371692583084,1.0,1.0
1.0,1.0,234.8890133908166,6.110986609183342

4.195166816685212,4.237276340844747,619.7965153228097,1.1046301578841877
3.1031875065794576,4.324030837474208,1.1439067230330824,278.9323598516848
165.72076337591594,7.101742199337492,5.82972333658636,4.032187498700123
2.9620865650847334,45.816377112888325,1.0,1.0

Iteration: ,5000
Error:,0.03212790214939863
Absolute Error:,0.03531071187446376
Transition Probabilities
0.05043862569422861,0.921529763830315,0.024861162331044167,0.003170448144412157
0.01592813872094708,0.9554076158713605,0.02394219298472147,0.004722052422970993
0.9713744846682342,0.027174136521896385,0.0007256894049346876,0.0007256894049346876
0.0021141649048625807,0.0021141649048625807,0.9764275357855147,0.019344134404760238

0.006339892687289982,0.006748178372157785,0.9860300856403469,0.0008818433002054902
0.00902802919663412,0.016061209900193763,0.0019832451892436167,0.9729275157139284
0.9209809399201653,0.02924625102204735,0.03240154341081133,0.017371265646976133
0.03778690493269503,0.9444544516543025,0.008879321706501214,0.008879321706501214

Transition Gammas
20.862493242663277,381.16439943015496,10.283107915755751,1.3113650913090074
5.243918522679737,314.54269587622076,7.882333991795404,1.5546109058755095
1338.5540398728274,37.44596012717324,1.0,1.0
1.0,1.0,461.8502244265481,9.149775573451587

7.98294598320035,8.497043418090348,1241.570685771652,1.1103827428026571
5.257787760737305,9.353805907866954,1.155012024820861,566.6182809989597
327.06283392897,10.38605830637278,11.506579726319984,6.168960860281727
4.255607149026757,106.36560796786954,1.0,1.0

Iteration: ,7500
Error:,0.028430839606613835
Absolute Error:,0.031009393953294204
Transition Probabilities
0.03885869830586437,0.9378419646099553,0.019619308658821825,0.0036800284253583906
0.015605450909548926,0.9609956940273637,0.02034673609337289,0.0030521189697147654
0.9701088848570399,0.02892212289489795,0.0004844961240310074,0.0004844961240310074
0.0013888888888888896,0.0013888888888888896,0.9775310765837342,0.01969114563848811

0.007392212765501495,0.008446181550485038,0.9835673511892402,0.0005942544947732363
0.006455525013062148,0.013205942250628735,0.0013136115889104255,0.9790249211473987
0.924476619726298,0.026305563920023207,0.034958222359732144,0.014259593993946577
0.035096798808516384,0.9530049144867114,0.005949143352386112,0.005949143352386112

Transition Gammas
24.121658051048243,582.168321701877,12.178746980689503,2.28438911143959
8.215148090030295,505.89515074412105,10.711093907164408,1.6067212328517226
2002.3047383449318,59.69526165506941,1.0,1.0
1.0,1.0,703.8223751402883,14.177624859711432

13.847023851571098,15.821308327335702,1842.409168078113,1.1131519646499373
5.693831141414878,11.647759877966799,1.1586172398879457,863.5087886687799
479.58945896028496,13.646501056764633,18.135228722908018,7.3974298782968235
5.899471021225196,160.19195673011905,1.0,1.0

Iteration: ,10000
Error:,0.02901699455269364
Absolute Error:,0.03017738488956062
Transition Probabilities
0.03263224248074322,0.9395505946875113,0.024979371391699517,0.0028377914400461246
0.016626290765699266,0.9582340075535017,0.02156052615996353,0.0035791755208353804
0.9706300564667053,0.028644254128360035,0.0003628447024673439,0.0003628447024673439
0.0010438413361169103,0.0010438413361169103,0.9799566842822791,0.017955633045487057

0.007420793787930145,0.009001272567071492,0.9831318808332421,0.0004460528117562066
0.006234308472466171,0.01419962139949,0.0009895646109822469,0.9785765055170615
0.9273539569291729,0.023314902480669468,0.035462091528847876,0.013869049061309672
0.029951924497920772,0.9573937870074212,0.008096334592163877,0.004557953902494148

Transition Gammas
27.23874731054233,784.2605744691076,20.850751697993527,2.3687579546839626
11.72578588480639,675.7999699664068,15.205683388929138,2.524233841022385
2675.0564356222403,78.94356437776027,1.0,1.0
1.0,1.0,938.7985035424233,17.2014964575766

18.55494336170031,22.506770493594868,2458.2217060947155,1.1153098839540876
7.314828685751547,16.660676705128274,1.1610743412499287,1148.1817952019137
646.0559961654038,16.24270046523194,24.705234390376727,9.662095298371188
6.571353098049291,210.0490280262659,1.7763090117549236,1.0

Iteration: ,12500
Error:,0.02812950643158175
Absolute Error:,0.02866292586582846
Transition Probabilities
0.02928898223945128,0.9473292733546741,0.021080089259782255,0.0023016551460925193
0.016900021652209336,0.9565086706774497,0.02369186949498697,0.0028994381753541026
0.9729692086245445,0.026450576696024033,0.0002901073397156945,0.0002901073397156945
0.0008410428931875527,0.0008410428931875527,0.973728092998467,0.024589821215158018

0.007407257823610384,0.009567328744392143,0.9826713520664581,0.0003540613655394208
0.0066976561980878375,0.01517009821668183,0.0007952002131546351,0.9773370453720758
0.9363870687932195,0.020863760641697062,0.03154425920638173,0.011204911358701658
0.02509058691207985,0.9618198924872033,0.00630662185793056,0.00678289874278638

Transition Gammas
30.301245323508677,980.0701328363732,21.808642952493706,2.381203165807657
14.804710262851179,837.918082278512,20.754486040123545,2.5399578174833732
3353.8248621288085,91.17513787119493,1.0,1.0
1.0,1.0,1157.762702575177,29.237297424822877

23.36786606974465,30.18229715611602,3100.058495664929,1.1169664628149005
9.793591899012814,22.182349557527328,1.1627748775561086,1429.102940950262
817.6490426221197,18.218143418155023,27.544307476994465,9.784078988740587
7.066958610512321,270.9040404193174,1.7763090117549236,1.9104560942529958

Iteration: ,15000
Error:,0.02803295732885098
Absolute Error:,0.027397892730513733
Transition Probabilities
0.0245776167392217,0.9543929195587683,0.018403159533662495,0.002626304168347344
0.01705744649143004,0.953943938204382,0.026581591962591355,0.0024170233415968133
0.9738042106305447,0.02571234726164761,0.0002417210539037947,0.0002417210539037947
0.0007027406886858745,0.0007027406886858745,0.9759149278378427,0.02267959078478548

0.007306363198783834,0.010052138640048473,0.9823464053819676,0.00029509277920003723
0.006119793774472676,0.0169669067158195,0.0006625920374543504,0.9762507074722535
0.9361129785156943,0.020770990751356203,0.03168604179391075,0.011429988939038703
0.022298545437162018,0.9668275014093257,0.0052391460873133485,0.005634807066198955

Transition Gammas
30.404741302609533,1180.6706129450977,22.766377664223413,3.2489764840842232
18.150504338905506,1015.0735983929587,28.284966363191064,2.5719085603422527
4028.6280193785688,106.37198062143631,1.0,1.0
1.0,1.0,1388.7269423132511,32.27305768674976

27.682598256616753,38.08588596288158,3721.9475885823877,1.1180575934663208
10.751062229572888,29.806930865223723,1.1640209605110472,1715.0466983837441
980.3259881226275,21.752013378658486,33.182586871686716,11.969832122892589
7.56022194245956,327.7985333763735,1.7763090117549236,1.9104560942529958

Iteration: ,17500
Error:,0.02578337898123703
Absolute Error:,0.02558257102168357
Transition Probabilities
0.02374082337615569,0.956971126505148,0.017019916462239687,0.002268133656456483
0.014879420829054205,0.957241035329653,0.025241888364747906,0.0026376554765448956
0.9752936118409646,0.024293079624214117,0.00020665426741062206,0.00020665426741062206
0.0006038647342995166,0.0006038647342995166,0.9768716196586182,0.021920650872782672

0.007135939997498235,0.010123876179134413,0.9824872819437142,0.0002529018796530402
0.005511326892912152,0.01718124462003896,0.0005689541843458266,0.9767384743027031
0.9400953582472984,0.018471235368737432,0.0291543992320777,0.012279007151886678
0.02177941014862682,0.9689589074646779,0.004462342843781704,0.004799339542913496

Transition Gammas
34.390483003646295,1386.2492778624392,24.654711361275208,3.2855731550029987
18.671740015187293,1201.2131351674457,31.675290487023098,3.309914940473643
4719.445787698427,117.5542123015721,1.0,1.0
1.0,1.0,1617.6994021546727,36.30059784532813

31.57176903292456,44.79139126136375,4346.850107230102,1.118921926921688
11.285150214082947,35.180806758423344,1.1650068232263786,1999.997571647561
1134.0759234041375,22.282615400070522,35.17015794233277,14.812674322979417
8.669652662753812,385.7100405783863,1.7763090117549236,1.9104560942529958

Iteration: ,20000
Error:,0.02601164556633783
Absolute Error:,0.025164809942312745
Transition Probabilities
0.02136085903935478,0.959473818820632,0.01715785972922972,0.0020074624107834027
0.016227935951839256,0.9565490013361824,0.024932400310321935,0.0022906624016564084
0.9757776857597259,0.023860061025276793,0.00018112660749864155,0.00018112660749864155
0.0005271481286241431,0.0005271481286241431,0.9771592185039973,0.02178648523875439

0.00762070564923556,0.011493356212885532,0.9806641311078738,0.00022180703000515876
0.00564916038604427,0.01719414234647222,0.0004971721218744205,0.976659525145609
0.9424620260319979,0.016859459995811486,0.02767061759990356,0.013007896372287091
0.02171362930166415,0.9701691269855813,0.003910944349039272,0.004206299363715246

Transition Gammas
35.424601539329366,1591.1802824277354,28.454396101573067,3.329152440740586
23.576260102887613,1389.6929420714916,36.222274752005276,3.3279187661099816
5387.268603079447,131.73139692055318,1.0,1.0
1.0,1.0,1853.6710375020841,41.328962497917104

38.47161871563487,58.02192583431688,4950.688069662681,1.1197487318857187
13.245527661076299,40.314926908661576,1.1657143084257315,2289.9634408907773
1294.7383524510092,23.161240299616644,38.0134253190427,17.870027494706342
9.862097735020596,440.6404206733933,1.7763090117549236,1.9104560942529958

Iteration: ,22500
Error:,0.024195636766510667
Absolute Error:,0.024892232878801976
Transition Probabilities
0.02005944573979909,0.9608490739922457,0.01729562288776473,0.0017958573801905814
0.015101565372657064,0.9595823245272759,0.02327854559075174,0.0020375645093152024
0.974139746192941,0.025538813755628584,0.00016072002571520407,0.00016072002571520407
0.0004655493482309121,0.0004655493482309121,0.9784164972338097,0.02065240406972843

0.007243019867696651,0.011325383894998911,0.9812337731333146,0.00019782310398984464
0.005041398133629416,0.01556892059453869,0.00044071411037540845,0.9789489671614565
0.9395548774456511,0.016406595533719072,0.029478714247331266,0.01455981277329863
0.021445989289954046,0.969079046097793,0.004327557562602012,0.005147407049650936

Transition Gammas
37.44920517924253,1793.819958187,32.289393168108134,3.3527063696470627
24.665124746500783,1567.2691641527572,38.02044468532964,3.3279187661099816
6061.097500812481,158.9024991875211,1.0,1.0
1.0,1.0,2101.638636058225,44.36136394177671

41.02217852038511,64.14339991314762,5557.398398315663,1.1204076249357031
13.342728439164075,41.20521214107877,1.1664083133647445,2590.9182092769856
1445.056091616081,25.23370522341134,45.33891166839259,22.393312669553847
10.967155858538938,495.572425879054,2.213047746791859,2.6323064241810434

Iteration: ,24999
Error:,0.0253481461434962
Absolute Error:,0.02470644615595009
Transition Probabilities
0.018583371225754586,0.9628226685385358,0.01697052240273004,0.0016234378329793855
0.015421893703834268,0.9590827861280923,0.023647886120747814,0.0018474340473255925
0.9730223792948564,0.026689228491733472,0.0001441961067051188,0.0001441961067051188
0.0004184100418410041,0.0004184100418410041,0.9797556344255713,0.01940754549074667

0.007194087794002468,0.011976731810887384,0.9806509702529045,0.00017821014220569667
0.004854166544000525,0.015322374092535016,0.00039511482572627556,0.9794283445377381
0.9407464318436843,0.016138424309649287,0.02925733438699645,0.01385780945966987
0.02010232581628159,0.968336473252354,0.006972679287270271,0.004588521644094365

Transition Gammas
38.48255062248427,1993.8186474561528,35.14265412445604,3.361824279951044
27.88653939248885,1734.2552354234815,42.76113689535849,3.340610649064547
6747.910200409836,185.08979959017182,1.0,1.0
1.0,1.0,2341.615966277116,46.38403372288455

45.25093151334588,75.3338416831656,6168.310863596217,1.1209447494728257
14.337464736890153,45.256790480062335,1.1670273010872536,2892.8795962874983
1585.8596093064893,27.205285509682785,49.320436740195966,23.360747967426235
11.532141611510777,555.5075287901522,4.000030926139001,2.6323064241810434

*,*,*,*,*,*,*,*,*,*,*
Model Num 0
Model States: 
"['square', 'y', 'diamond', 'x', 'square']","['square', 'y', 'diamond', 'x', 'diamond']","['diamond', 'x', 'square']","['diamond', 'x', 'diamond']"
Iteration: ,24999
Error:,0.024870871444929474
Absolute Error:,0.02470596516495218
Transition Probabilities
0.018583371225754586,0.9628226685385358,0.01697052240273004,0.0016234378329793855
0.015421893703834268,0.9590827861280923,0.023647886120747814,0.0018474340473255925
0.9730262688018785,0.026685380563750236,0.00014417531718569765,0.00014417531718569765
0.0004184100418410041,0.0004184100418410041,0.9797556344255713,0.01940754549074667

0.007194087794002468,0.011976731810887384,0.9806509702529045,0.00017821014220569667
0.004854166544000525,0.015322374092535016,0.00039511482572627556,0.9794283445377381
0.9407464318436843,0.016138424309649287,0.02925733438699645,0.01385780945966987
0.02010232581628159,0.968336473252354,0.006972679287270271,0.004588521644094365

Transition Gammas
38.48255062248427,1993.8186474561528,35.14265412445604,3.361824279951044
27.88653939248885,1734.2552354234815,42.76113689535849,3.340610649064547
6748.910200409836,185.08979959017182,1.0,1.0
1.0,1.0,2341.615966277116,46.38403372288455

45.25093151334588,75.3338416831656,6168.310863596217,1.1209447494728257
14.337464736890153,45.256790480062335,1.1670273010872536,2892.8795962874983
1585.8596093064893,27.205285509682785,49.320436740195966,23.360747967426235
11.532141611510777,555.5075287901522,4.000030926139001,2.6323064241810434

