0,1,2,3,4,5,6,7,8,9,10,11,12,13,14,15,16,17,18,19,20,21,22,23,24,25,26,27,28,29
github Code Version (SHA):,259d7b71bef881354d6628b3b58391e922cf8036
Environment Observations,Environment Actions,alpha,epsilon,numActions,explore,patience,gainThresh,insertRandActions,useBudd,revisedSplitting,haveControl,confidence_factor
"['square', 'diamond']","['x', 'y']",0.99,0.99,25000,0.5,0,0.01,False,True,False,False,

Model Num 0
Model States: 
"['square', 'y', 'diamond', 'x', 'square']","['square', 'y', 'diamond', 'x', 'diamond']","['diamond', 'x', 'square']","['diamond', 'x', 'diamond']"
Iteration: ,0
Error:,0.6737137591984503
Absolute Error:,0.74
Transition Probabilities
0.25,0.25,0.25,0.25
0.25,0.25,0.25,0.25
0.25,0.25,0.25,0.25
0.25,0.25,0.25,0.25

0.25,0.25,0.25,0.25
0.25,0.25,0.25,0.25
0.25,0.25,0.25,0.25
0.25,0.25,0.25,0.25

Transition Gammas
1.0,1.0,1.0,1.0
1.0,1.0,1.0,1.0
1.0,1.0,1.0,1.0
1.0,1.0,1.0,1.0

1.0,1.0,1.0,1.0
1.0,1.0,1.0,1.0
1.0,1.0,1.0,1.0
1.0,1.0,1.0,1.0

Iteration: ,2500
Error:,0.02608115113844726
Absolute Error:,0.02954435797485027
Transition Probabilities
0.027156967464657546,0.9631146368310938,0.004864197852124318,0.004864197852124318
0.011671710642964458,0.9658327731349089,0.016823481382051243,0.005672034840075404
0.974650800700346,0.02253625977785367,0.0014064697609001415,0.0014064697609001415
0.004255319148936171,0.004255319148936171,0.9681995370474001,0.023289824654727613

0.012933660403578058,0.00743569399359441,0.9780546967514371,0.001575948851390417
0.0037205707998175324,0.0037205707998175324,0.0039930259673934465,0.9885658324329716
0.9495274392140639,0.019317023698393398,0.014198146541349146,0.01695739054619348
0.0383228842945525,0.9013105317157857,0.02279268739488111,0.03757389659478075

Transition Gammas
5.583031013591976,198.0007117536301,1.0,1.0
2.057764271915032,170.27976737922668,2.9660398527854586,1.0
692.9767192979456,16.02328070205395,1.0,1.0
1.0,1.0,227.52689120613897,5.4731087938609875

8.679474934079833,4.989919142846555,656.3494756878489,1.0575821636116978
1.0,1.0,1.073229400066591,265.7027336992092
170.53317427367733,3.4692977082721512,2.5499579038002387,3.045512449471075
1.6813675206706533,39.543846502199045,1.0,1.6485066435482842

Iteration: ,5000
Error:,0.023080419861186488
Absolute Error:,0.02503671739642384
Transition Probabilities
0.0270808902738065,0.9587741554143218,0.011359291288371097,0.0027856630235005226
0.02163467361365436,0.9566839219788122,0.01842075068852061,0.003260653719012819
0.9720722020520859,0.02650329652341259,0.0007122507122507121,0.0007122507122507121
0.002164502164502165,0.002164502164502165,0.9772783522841963,0.01839264338679933

0.01829755567278316,0.006552309201356135,0.9743472743058078,0.000802860820052907
0.0063453964484801685,0.005902549312899052,0.0019658149988867613,0.985786239239734
0.9562997178597936,0.013485311704298779,0.010945089319407027,0.019269881116500565
0.022491942127896913,0.9505625660455653,0.010173843396684097,0.016771648429853576

Transition Gammas
11.25174205041576,398.35763788613554,4.719631229255049,1.1574051466884612
7.894758473098379,349.105728794189,6.721958471665912,1.189852642832084
1364.789371681129,37.21062831887129,1.0,1.0
1.0,1.0,451.50259875529866,8.497401244701289

24.19207164346475,8.663120717546098,1288.2310340873717,1.061500608375876
3.480032979692302,3.237160426448812,1.078120348136526,540.6389736771766
334.25156726241113,4.7134663829785435,3.825592740972917,6.735323501470477
2.2107615825134075,93.43200292972632,1.0,1.6485066435482842

Iteration: ,7500
Error:,0.021353726952813436
Absolute Error:,0.02228924743042215
Transition Probabilities
0.01939885864497377,0.9642077398603136,0.01445778436550802,0.0019356171292046977
0.01801004792533532,0.9639779184118389,0.014052177150909994,0.0039598565119158095
0.9720386029960906,0.027004001120711614,0.0004786979415988506,0.0004786979415988506
0.0014450867052023119,0.0014450867052023119,0.9746786026752279,0.022431223914367526

0.0190072325376668,0.0053761895826124504,0.9750724176951372,0.0005441601845835199
0.008542085442842231,0.006096408495824986,0.0012708036164615494,0.9840907024448712
0.9672186914555272,0.010239343782136357,0.007474987136721076,0.015066977625615385
0.017651883938013705,0.9561365281270975,0.011331802854327222,0.01487978508056167

Transition Gammas
12.101565119033344,601.5004782365805,9.019181085763,1.2074935522382482
9.877225455367583,528.6730648148675,7.706615908725779,2.17169858188313
2030.5886416588355,56.411358341166626,1.0,1.0
1.0,1.0,674.4775930512578,15.522406948742331

37.15538824716675,10.509389561919857,1906.0741313481935,1.0637257626423762
7.270198095773198,5.188674092992326,1.0815852983819294,837.5629579984936
495.0088524953215,5.240351391755001,3.825592740972917,7.711066143484974
3.070796869377955,166.33358045979682,1.9713286611033454,2.5885507520251236

Iteration: ,10000
Error:,0.020107073953205778
Absolute Error:,0.021250595743397105
Transition Probabilities
0.0207618445124128,0.963382565059474,0.014389843827060276,0.0014657466010529288
0.015028592711058601,0.9686073353944903,0.013264276946781764,0.0030997949476694537
0.9755666297532088,0.023721119534540487,0.0003561253561253554,0.0003561253561253554
0.0010881392818280738,0.0010881392818280738,0.9765538686757987,0.02126985276054504

0.018977594022358935,0.004728789208988048,0.9758858404247057,0.0004077763439473231
0.00817996423576615,0.005417593131646578,0.0009593359409828358,0.9854431066916045
0.9701224135971158,0.00869100637236465,0.007200877453005778,0.013985702577513965
0.018878824350571605,0.9522789580135327,0.013062322972736495,0.015779894663159193

Transition Gammas
17.500296880797645,812.0415740636837,12.129295106285458,1.2354875625386008
10.875061880064491,700.9082561768007,9.598359298433854,2.2430883928746805
2739.391096347016,66.60890365298982,1.0,1.0
1.0,1.0,897.4530053130593,19.546994686940895

49.58409753157007,12.355240873445256,2549.7657202639484,1.065425995810077
9.234868004543088,6.116256261160708,1.0830537312441986,1112.5277267708589
645.7125275899083,5.784725322643822,4.792896974521944,9.308869927004526
4.268074357534642,215.28869205217785,2.953095208393329,3.5674765825335046

Iteration: ,12500
Error:,0.02055878957559001
Absolute Error:,0.022151779793211757
Transition Probabilities
0.019806375006581025,0.9619621641458258,0.0170334012992188,0.0011980595483742694
0.0165008929153192,0.9681257089141001,0.012816123416602343,0.0025572747539782006
0.9759315937817011,0.023500547047373165,0.0002839295854628046,0.0002839295854628046
0.0008726003490401391,0.0008726003490401391,0.9759330971519078,0.022321702150011936

0.018582615901854466,0.004265610994567393,0.9768254806114842,0.00032629249209380613
0.010895857006128521,0.0054435920377509245,0.0007694606660630807,0.9828910902900574
0.9633914013132078,0.00800593594489502,0.012521624544465048,0.016081038197432278
0.01707380128806785,0.9572277447831729,0.0130042365917938,0.01269421733696539

Transition Gammas
20.917872261295926,1015.9457075369019,17.989284381117848,1.2652924417513016
14.785975390372817,867.5095935869973,11.484159457936661,2.291500331090533
3437.231073299159,82.76892670084847,1.0,1.0
1.0,1.0,1118.419329336087,25.580670663913693

60.73580887187312,13.94181182327248,3192.6767471782055,1.0664611775223134
15.356414049598204,7.672095292897164,1.0844632575756206,1385.2680463469271
796.5524698712404,6.619477858993055,10.35314509149464,13.296143890009649
4.798278196533016,269.0112728510816,3.6546017988723034,3.5674765825335046

Iteration: ,15000
Error:,0.020118261288629712
Absolute Error:,0.02208807993246103
Transition Probabilities
0.022785728688856772,0.956465477834778,0.019214673496713307,0.0015341199796518189
0.017582806234944404,0.9676180160819281,0.012607602791176184,0.0021915748919512624
0.9751115583221923,0.024414170869175952,0.0002371354043158638,0.0002371354043158638
0.0007267441860465112,0.0007267441860465112,0.9770295335201439,0.021516978107763186

0.02045783455580194,0.003929022426929837,0.9753408889554739,0.00027225406179432995
0.010423472348646384,0.004838461453207141,0.0006395197372398257,0.9840985464609067
0.9650978208060642,0.0073352294063368404,0.01313485158361353,0.014432098203985411
0.01616709720469469,0.9626349573741293,0.010726835874293942,0.010471109546882011

Transition Gammas
29.031266258534437,1218.631378144044,24.481389643978805,1.954620201529485
18.68022026663957,1028.010968946241,13.394494259136424,2.3283599424034627
4112.045441444695,102.95455855531523,1.0,1.0
1.0,1.0,1344.3926381237188,29.607361876282166

80.21963756126834,15.406555087670242,3824.524653246046,1.067567640267691
17.69096785904982,8.21195309901262,1.0854082726287435,1670.2357115993507
962.389499891449,7.314644803629841,13.097991700099799,14.391597901772533
5.508083019002062,327.9669315447991,3.6546017988723034,3.5674765825335046

Iteration: ,17500
Error:,0.019603693222055713
Absolute Error:,0.02191053089973007
Transition Probabilities
0.02504257893265288,0.9553117061053432,0.018330706617894457,0.0013150083441095131
0.016600247507788452,0.9707626230876478,0.010765727080571262,0.0018714023239923654
0.9763292570452502,0.02326307886995564,0.0002038320423970643,0.0002038320423970643
0.0006211180124223597,0.0006211180124223597,0.9772450840609683,0.02151267991418692

0.022692594880575248,0.0035063485155154223,0.9735669639126847,0.000234092691224555
0.010443429020684672,0.005006099167796964,0.0005461614726937227,0.9840043103388247
0.9650471699640671,0.007299100191964059,0.012566229439726897,0.015087500404241951
0.01608810042105324,0.9634987400123809,0.010341579521927173,0.01007158004463868

Transition Gammas
37.456867746310486,1428.8857520753518,27.41773741951245,1.9668938156517113
20.653683516145524,1207.802713613073,13.394494259136424,2.3283599424034627
4789.87133506401,114.12866493600266,1.0,1.0
1.0,1.0,1573.3645853381604,34.63541466184097

103.56877717254392,16.002939725661346,4443.349933256593,1.0683967127933176
20.772066422297748,9.957172517199778,1.0863196719797492,1957.1926858220097
1115.1947228383765,8.434735906069735,14.521355217985333,17.43489992541917
6.4603218941129485,386.9016131268482,4.152754573671563,4.044333847241779

Iteration: ,20000
Error:,0.020692836870315447
Absolute Error:,0.023094657558788086
Transition Probabilities
0.024681719609359998,0.9549505642933448,0.019210883951160673,0.0011568321461347324
0.014587358292717734,0.9715903717034334,0.012142485219008261,0.0016797847848406921
0.9771711195212637,0.02247294525894641,0.00017796760989499848,0.00017796760989499848
0.000543478260869565,0.000543478260869565,0.9751776300922117,0.023735413386049262

0.022919098140559584,0.003497194919229989,0.9733793236807223,0.00020438325948806944
0.010254148123769635,0.00463697880198501,0.0004815893577550089,0.9846272837164904
0.9614117184085927,0.007465414056506536,0.016324754436227183,0.01479811309867362
0.016485319658511657,0.9586359134905555,0.013632627458070508,0.011246139392862372

Transition Gammas
42.16056456128612,1631.2175794857496,32.81544908220789,1.976065572237868
20.671036429236068,1376.7934923352682,17.20652562766507,2.380341373945185
5490.72452059,126.27547941002032,1.0,1.0
1.0,1.0,1794.32683936967,43.673160630330656

119.87810608479778,18.29204190128017,5091.25049813576,1.0690245276060122
23.142167486380263,10.46500779695025,1.086879323596857,2222.16504349168
1275.0931905782652,9.90116767461035,21.651060436366702,19.62631917651184
7.357931421277631,427.8702175966275,6.084682614966369,5.0195157947141045

Iteration: ,22500
Error:,0.020400198278421322
Absolute Error:,0.022609154383945975
Transition Probabilities
0.024786885137389376,0.9542234107234981,0.019964027220287298,0.001025676918825153
0.01484434383454535,0.9728149615995414,0.010840961818657114,0.0014997327472560387
0.9772018539576787,0.022480231561316837,0.00015895724050230434,0.00015895724050230434
0.0004816955684007706,0.0004816955684007706,0.9760534609420498,0.02298314792114854

0.023143334285733983,0.0033325877206402963,0.9733422107232266,0.0001818672703990382
0.010053199321462989,0.004298406275183149,0.00042798274439241005,0.9852204116589613
0.9628729464776741,0.0074776038788787755,0.016485277389851005,0.01316417225359611
0.015954928416755686,0.9596483558264829,0.014252252047891972,0.01014446370886949

Transition Gammas
47.82910751613616,1841.2823496351282,38.522855900673235,1.979160001565019
23.56060162257962,1544.0295656176359,17.20652562766507,2.380341373945185
6147.5768632477775,141.42313675224472,1.0,1.0
1.0,1.0,2026.286984915696,47.713015084304374

136.1275319477502,19.602056290125198,5725.133260854063,1.0697310230166792
25.542053598257464,10.920913826250194,1.0873710792804065,2503.138727883932
1467.873190232873,11.399400410137076,25.131349678724746,20.06841670372887
7.894553866008451,474.8373317389747,7.052063698753437,5.0195157947141045

Iteration: ,24999
Error:,0.019979941315366692
Absolute Error:,0.021708675835182066
Transition Probabilities
0.02459794136935952,0.9555376832246929,0.01893864424227508,0.0009257311636724746
0.014111696227582304,0.973508797443215,0.010426134172027205,0.0019533721571756875
0.978190978739982,0.021523102746794278,0.00014295925661186512,0.00014295925661186512
0.00043478260869565235,0.00043478260869565235,0.9766311060227308,0.022499328759877885

0.023375523566119282,0.0033101617474560864,0.9731512018640643,0.00016311282236022878
0.009973702135774705,0.003966648687223514,0.0003857351747178511,0.9856739140022839
0.9652499972652293,0.00760062316101591,0.015126927942778617,0.012022451630976252
0.014253105281771743,0.960493317960348,0.012713040475507038,0.012540536282373362

Transition Gammas
52.58898435043077,2042.8846265950212,40.489732482898134,1.979160001565019
24.532874316093164,1692.4236879904236,18.125605534586377,3.395894643117411
6842.445896286197,150.5541037138265,1.0,1.0
1.0,1.0,2246.25154385228,51.74845614771912

153.37197552076478,21.718702687645983,6385.060077397732,1.0702192713413983
28.13088348001267,11.187955135153285,1.0879682495438134,2780.0988686667374
1641.6813321097966,12.927014961091524,25.72763044412212,20.44758815300301
7.906354624272882,532.7962318324377,7.052063698753437,6.956373721157244

*,*,*,*,*,*,*,*,*,*,*
Model Num 0
Model States: 
"['square', 'y', 'diamond', 'x', 'square']","['square', 'y', 'diamond', 'x', 'diamond']","['diamond', 'x', 'square']","['diamond', 'x', 'diamond']"
Iteration: ,24999
Error:,0.01986433704863394
Absolute Error:,0.021708230568182232
Transition Probabilities
0.02459794136935952,0.9555376832246929,0.01893864424227508,0.0009257311636724746
0.014111696227582304,0.973508797443215,0.010426134172027205,0.0019533721571756875
0.978190978739982,0.021523102746794278,0.00014295925661186512,0.00014295925661186512
0.00043478260869565235,0.00043478260869565235,0.9766311060227308,0.022499328759877885

0.023371961430120568,0.0033096573204091876,0.973155293283454,0.00016308796601616712
0.009973702135774705,0.003966648687223514,0.0003857351747178511,0.9856739140022839
0.9652499972652293,0.00760062316101591,0.015126927942778617,0.012022451630976252
0.014253105281771743,0.960493317960348,0.012713040475507038,0.012540536282373362

Transition Gammas
52.58898435043077,2042.8846265950212,40.489732482898134,1.979160001565019
24.532874316093164,1692.4236879904236,18.125605534586377,3.395894643117411
6842.445896286197,150.5541037138265,1.0,1.0
1.0,1.0,2246.25154385228,51.74845614771912

153.37197552076478,21.718702687645983,6386.060077397732,1.0702192713413983
28.13088348001267,11.187955135153285,1.0879682495438134,2780.0988686667374
1641.6813321097966,12.927014961091524,25.72763044412212,20.44758815300301
7.906354624272882,532.7962318324377,7.052063698753437,6.956373721157244

