0,1,2,3,4,5,6,7,8,9,10,11,12,13,14,15,16,17,18,19,20,21,22,23,24,25,26,27,28,29
github Code Version (SHA):,259d7b71bef881354d6628b3b58391e922cf8036
Environment Observations,Environment Actions,alpha,epsilon,numActions,explore,patience,gainThresh,insertRandActions,useBudd,revisedSplitting,haveControl,confidence_factor
"['square', 'diamond']","['x', 'y']",0.99,0.99,25000,0.5,0,0.01,False,True,False,False,

Model Num 0
Model States: 
"['square', 'y', 'diamond', 'x', 'square']","['square', 'y', 'diamond', 'x', 'diamond']","['diamond', 'x', 'square']","['diamond', 'x', 'diamond']"
Iteration: ,0
Error:,0.6748776171025876
Absolute Error:,0.74
Transition Probabilities
0.25,0.25,0.25,0.25
0.25,0.25,0.25,0.25
0.25,0.25,0.25,0.25
0.25,0.25,0.25,0.25

0.25,0.25,0.25,0.25
0.25,0.25,0.25,0.25
0.25,0.25,0.25,0.25
0.25,0.25,0.25,0.25

Transition Gammas
1.0,1.0,1.0,1.0
1.0,1.0,1.0,1.0
1.0,1.0,1.0,1.0
1.0,1.0,1.0,1.0

1.0,1.0,1.0,1.0
1.0,1.0,1.0,1.0
1.0,1.0,1.0,1.0
1.0,1.0,1.0,1.0

Iteration: ,2500
Error:,0.04324949015206634
Absolute Error:,0.04478117116124049
Transition Probabilities
0.048103198631320794,0.9248332432605624,0.02196012076173372,0.005103437346383026
0.03562025303634455,0.9175678701430157,0.037117317178760226,0.00969455964187964
0.9737438974158569,0.0233533449644044,0.0014513788098693766,0.0014513788098693766
0.004132231404958677,0.004132231404958677,0.9579678192875921,0.033767717902490606

0.008799139224166383,0.010317399832106102,0.9790150735841112,0.001868387359616274
0.010232793665287756,0.019152772845327973,0.003960583352091012,0.9666538501372933
0.9347542793707275,0.03170055561223797,0.023832884004606508,0.009712281012428095
0.05370430460380145,0.912443452531562,0.01692612143231827,0.01692612143231827

Transition Gammas
10.036666417421621,192.96518773087544,4.581949077047568,1.0648252025907206
5.671122954277233,146.08655938423226,5.909471480701687,1.5434769556683476
670.909545319525,16.090454680474625,1.0,1.0
1.0,1.0,231.8282122675973,8.171787732402727

5.454907445832338,6.396132591153179,606.9271639444945,1.1582814932258785
3.026028050779889,5.663832358584745,1.171218409449109,285.8575831380815
152.60039001597153,5.175175184442166,3.890763032137935,1.5855480987356205
3.172865373709297,53.90741500822318,1.0,1.0

Iteration: ,5000
Error:,0.032123869981600606
Absolute Error:,0.033215081964722226
Transition Probabilities
0.03335707155743029,0.9399084926319516,0.024019954041037867,0.002714481769580155
0.03290901305880555,0.9362544689054578,0.02291338203966104,0.007923135996075643
0.9760175120512239,0.02254156575857428,0.0007204610951008652,0.0007204610951008652
0.0021008403361344537,0.0021008403361344537,0.9743229524023883,0.021475366925342805

0.007854780063661911,0.010749717052928822,0.9804635368836077,0.0009319659998016214
0.009456561185082146,0.013266067273084757,0.001978489779373131,0.9752988817624598
0.9345032542272881,0.019675799258131715,0.032389928707153966,0.013431017807426346
0.03465582217536783,0.9495760383399526,0.007884069742339784,0.007884069742339784

Transition Gammas
14.22023940289745,400.68636597883875,10.239792672509582,1.1571933271112413
10.62753171932889,302.35103215876626,7.399574517426656,2.5586722690342083
1354.7123067270977,31.287693272901073,1.0,1.0
1.0,1.0,463.7777253435368,10.222274656463176

9.803630119353228,13.416830136614514,1223.7264166806667,1.1631961521286438
5.649165398299567,7.924890110037785,1.1819112448778542,582.624549032079
302.7934120958864,6.375261258998668,10.494834540614988,4.351856124025984
4.39567676440707,120.44236915364264,1.0,1.0

Iteration: ,7500
Error:,0.033516946430589924
Absolute Error:,0.03220361126338574
Transition Probabilities
0.02237238826501456,0.9538985228971791,0.020408986335603518,0.003320102502202968
0.03152234013671398,0.9365583462010728,0.02651502702940202,0.0054042866328110626
0.973995626199735,0.025031137790532638,0.0004866180048661803,0.0004866180048661803
0.0013869625520110964,0.0013869625520110964,0.9746738527504326,0.02255222214554511

0.007648256689216217,0.011247901107700062,0.9804713545625667,0.0006324876405169617
0.009076912663026255,0.014808634232299873,0.001298746477412869,0.974815706627261
0.9322822621032665,0.017350352493373623,0.03468005499684917,0.015687330406510668
0.026312550520220832,0.9500102741508462,0.016448106145659096,0.007229069183273904

Transition Gammas
14.333871253249805,611.1577563337281,13.075929984700942,2.127172175381469
16.18121800789821,480.7591920926448,13.610836980607276,2.774157622924561
2001.5610118404545,51.43898815954455,1.0,1.0
1.0,1.0,702.7398478330616,16.260152166938017

14.097811345885258,20.732932261165963,1807.274618039023,1.165846257119541
8.291945695715597,13.527990787233863,1.1864315173017197,890.5141211294801
461.8480063621541,8.595278527199557,17.180327151875485,7.771425637816998
5.214949904582895,188.2849017136688,3.2598911119983036,1.432747221466275

Iteration: ,10000
Error:,0.029137987917381626
Absolute Error:,0.02851649267136513
Transition Probabilities
0.01800418614304404,0.9630422136656384,0.016430607288881707,0.0025229929024359263
0.029593462590154048,0.9436605871495579,0.022698083442453186,0.004047866817834706
0.9766679124694276,0.022609805118149064,0.00036114120621162914,0.00036114120621162914
0.0010362694300518134,0.0010362694300518134,0.9737881461083517,0.024139315031544623

0.007192821051661193,0.010670946859056181,0.981667076789324,0.0004691552999586453
0.007339340218852155,0.01357664547630645,0.0009919057372551078,0.9780921085675862
0.9378231278558201,0.018075122116556572,0.029224884108981115,0.014876865918642299
0.02320386024273892,0.9536813441445297,0.017247326088780577,0.005867469523950844

Transition Gammas
15.357607611052146,821.4769783453985,14.015341629392601,2.1521181070464865
20.281529390120635,646.7266165379341,15.55586288813284,2.774157622924561
2704.393449627842,62.606550372154686,1.0,1.0
1.0,1.0,939.7055609945594,23.294439005440562

17.9013991180906,26.55771321431422,2443.160203274683,1.1676275848663813
8.795347022779517,16.270033110420435,1.188683847988867,1172.1298180178221
614.6058017736278,11.845597096759148,19.152634218574228,9.749608251516278
5.666031353783726,232.87454505042686,4.211535898150529,1.432747221466275

Iteration: ,12500
Error:,0.02852806758282383
Absolute Error:,0.027550777920597062
Transition Probabilities
0.017318706679409157,0.9636994628878982,0.016038714671314798,0.0029431157613776997
0.027163407147539703,0.9439685377793724,0.02441129687533431,0.004456758197753637
0.9770430848908129,0.02238120987026944,0.0002878526194588376,0.0002878526194588376
0.0008389261744966438,0.0008389261744966438,0.9753956268590801,0.022926520791926627

0.00684462210446673,0.011253629288680714,0.9815301821816601,0.00037156642519238725
0.007881324958199168,0.014272675019058219,0.0008017708518398289,0.9770442291709027
0.9405412107556212,0.018630691093879593,0.027611312939935302,0.013216785210563945
0.02082617072982615,0.9573347648168882,0.017089624440581166,0.004749440012704495

Transition Gammas
18.26306293082008,1016.2481681178076,16.91327538446898,3.1035982858139795
23.228730718481913,807.2327175930945,20.87526938451162,3.8111874364914735
3394.2476769106784,77.7523230893159,1.0,1.0
1.0,1.0,1162.6715872160241,27.328412783976557

21.53418726946248,35.405571975319305,3088.0382336865696,1.1690025922564766
11.703064168499425,21.193648592094508,1.190558158340163,1450.8234808353625
777.3451972695723,15.398026240663308,22.820394533188317,10.923502754888712
6.282559242168327,288.79588343793387,5.155368183964523,1.432747221466275

Iteration: ,15000
Error:,0.02847617269833798
Absolute Error:,0.026944924849951826
Transition Probabilities
0.016766781546092194,0.9658789510589162,0.014876068528745194,0.002478198866246377
0.025921406699132125,0.9404262725414327,0.028007565707201136,0.005644755052233939
0.976624435917487,0.02289800916369719,0.00023877745940783222,0.00023877745940783222
0.000701262272089761,0.000701262272089761,0.9780079243660619,0.020589551089758677

0.006571334996458473,0.011997256108807834,0.9811225553021938,0.00030885359253994435
0.006839629703735053,0.01270895546907651,0.0006737672399583247,0.9797776475872302
0.9440503165516122,0.01784678282085725,0.025876076068203514,0.012226824559327028
0.022051081218128217,0.9565449320470448,0.017345953767005564,0.004058032967821449

Transition Gammas
21.189713638746788,1220.6694723354165,18.800246864786736,3.1319263134233797
27.002473669702447,979.6472837041929,29.175637122598005,5.88017276373238
4090.1031376224305,95.8968623775637,1.0,1.0
1.0,1.0,1394.6393001460053,29.360699853995897

24.894915109989814,45.450532128181266,3716.8950814268164,1.1700642216294121
12.096201141145986,22.476374936477388,1.1915884938039882,1732.782038235484
928.9979090397056,17.56222484435309,25.46349504899425,12.031873990891393
7.785453099106134,337.7220206108367,6.124239812842539,1.432747221466275

Iteration: ,17500
Error:,0.02791056478901582
Absolute Error:,0.026482976706925433
Transition Probabilities
0.014996406919564218,0.9669991969164067,0.01584655038060301,0.0021578457834260734
0.026220213992848067,0.943686808041609,0.025313513597090633,0.004779464368452196
0.9775658051692838,0.02202275685499105,0.00020571898786258017,0.00020571898786258017
0.0005973715651135001,0.0005973715651135001,0.9764672665203386,0.02233799034943441

0.006874471673806256,0.012164620698523343,0.9806952972420061,0.0002656103856642502
0.006562516244179421,0.01224181454122485,0.0005779610389878863,0.9806177081756078
0.9419974015563581,0.018509235576349592,0.027232151381406763,0.012261211485885553
0.02016360788167471,0.9588324377422892,0.017467165806671226,0.0035367885693647475

Transition Gammas
22.19418977132674,1431.1270559806164,23.452374175654423,3.193540897595701
32.258716938590766,1161.0174359217672,31.143203868299832,5.88017276373238
4751.947378927878,107.05262107211126,1.0,1.0
1.0,1.0,1634.606204155048,37.39379584495323

30.308829773457763,53.63254596205001,4323.783446078424,1.1710485324762296
13.541815500947363,25.26110225801205,1.192628172715243,2023.5140892571426
1098.756649007314,21.58938615324843,31.763895895740685,14.301618691031589
8.168244326913165,388.4214405481823,7.075920085574672,1.432747221466275

Iteration: ,20000
Error:,0.028550654996723556
Absolute Error:,0.02695634725142639
Transition Probabilities
0.01375618013882539,0.9681739081896449,0.016155229131463823,0.0019146825400659262
0.025887457884914176,0.9419279376024203,0.027929111127860954,0.004255493384804467
0.9769969764929192,0.022644150368735193,0.0001794365691727978,0.0001794365691727978
0.0005254860746190221,0.0005254860746190221,0.9777069942232903,0.02124203362747168

0.006396118777333137,0.012129129511431433,0.9812429654488752,0.0002317862623600511
0.00633540752841408,0.012860896740031214,0.0005085377121520728,0.9802951580194026
0.9416869636967004,0.01790554067107584,0.02665694057278827,0.013750555059435642
0.019762136780565258,0.9555867998465075,0.019505301021080047,0.005145762351847178

Transition Gammas
23.186614979700817,1631.897475609995,27.230312048827464,3.227277224988056
36.58299449271717,1331.0903182164664,39.46816729241046,6.013672402759073
5444.804149995027,126.19585000496096,1.0,1.0
1.0,1.0,1860.5764100069232,40.42358999307864

32.33550251271629,61.31867018852969,4960.662157697874,1.1717926964579541
14.867400906708774,30.18086950149084,1.1933934808196875,2300.474129851005
1254.5019535479285,23.85350611950415,35.51199635693873,18.318293498205733
9.086176104349608,439.35683892928193,8.968088927518002,2.3659032137656486

Iteration: ,22500
Error:,0.029106776951297365
Absolute Error:,0.027759288883044846
Transition Probabilities
0.014157912254715719,0.9673326889736048,0.016806366210762088,0.001703032560917372
0.02864443388387678,0.9381197904009421,0.028810585375779216,0.00442519033940205
0.9774314073553622,0.022249256863063543,0.0001596678907871631,0.0001596678907871631
0.00046425255338904337,0.00046425255338904337,0.9761111541729565,0.02296034072026544

0.0063849396786198045,0.013555314459499614,0.9798531096369032,0.00020663622497735308
0.00589150917195434,0.01252910491997686,0.0004525939945573527,0.9811267919135115
0.9385739140648927,0.017612215205909165,0.028580523159452472,0.015233347569745906
0.018683194422524276,0.9591000620819974,0.01757913088906922,0.004637612606409156

Transition Gammas
26.931684972496182,1840.0946957668414,31.969668421266626,3.2395691965991085
45.998659238394765,1506.4795044784094,46.26547358316256,7.106191147375617
6121.652904266618,139.34709573336661,1.0,1.0
1.0,1.0,2102.5434260885495,49.45657391145179

36.22730210918385,76.911058964841,5559.556771429455,1.1724265734291213
15.543120367378425,33.05458417916944,1.1940442982666155,2588.432161824655
1404.0415790313234,26.34665429901825,42.75448344025094,22.78803305232308
9.531332924740378,489.2900963885371,8.968088927518002,2.3659032137656486

Iteration: ,24999
Error:,0.029455328004184683
Absolute Error:,0.027201154857949588
Transition Probabilities
0.014547911075058192,0.9683554643003046,0.015565327295569975,0.0015312973290672188
0.02922941049139779,0.9382845326389435,0.027958047200185448,0.004528009669473226
0.9771218937385564,0.022591244528798814,0.000143430866322433,0.000143430866322433
0.00041580041580041555,0.00041580041580041555,0.9727675891391452,0.02640081002925399

0.006006030148783303,0.013616515735871018,0.9801916268124828,0.00018582730286274436
0.005481356691591046,0.012055888363003083,0.00040905315975394384,0.9820537017856519
0.9414639821890984,0.01716592948933212,0.027007803561178656,0.014362284760390856
0.017306282036023697,0.962240663509624,0.016183601408887496,0.004269453045464612

Transition Gammas
30.77714804239219,2048.6253544349966,32.92956494113908,3.2395691965991085
52.290459392436475,1678.5603413707997,50.016032045646895,8.100461205669246
6812.493843145196,157.50615685478488,1.0,1.0
1.0,1.0,2339.5060518796454,63.49394812035588

37.91308331264405,85.9542963877041,6187.462581623243,1.1730354061952875
16.0090568381334,35.21088170262557,1.194696067556613,2868.223035750358
1558.8483506348512,28.42284078604806,44.71872618824962,23.780648366414574
9.590218665329635,533.222465259755,8.968088927518002,2.3659032137656486

*,*,*,*,*,*,*,*,*,*,*
Model Num 0
Model States: 
"['square', 'y', 'diamond', 'x', 'square']","['square', 'y', 'diamond', 'x', 'diamond']","['diamond', 'x', 'square']","['diamond', 'x', 'diamond']"
Iteration: ,24999
Error:,0.028524202195443972
Absolute Error:,0.027200766354414093
Transition Probabilities
0.014547911075058192,0.9683554643003046,0.015565327295569975,0.0015312973290672188
0.02922941049139779,0.9382845326389435,0.027958047200185448,0.004528009669473226
0.9771218937385564,0.022591244528798814,0.000143430866322433,0.000143430866322433
0.00041580041580041555,0.00041580041580041555,0.9727675891391452,0.02640081002925399

0.006005078849615172,0.013614359006755198,0.9801947642740787,0.00018579786955084777
0.005481356691591046,0.012055888363003083,0.00040905315975394384,0.9820537017856519
0.9414639821890984,0.01716592948933212,0.027007803561178656,0.014362284760390856
0.017306282036023697,0.962240663509624,0.016183601408887496,0.004269453045464612

Transition Gammas
30.77714804239219,2048.6253544349966,32.92956494113908,3.2395691965991085
52.290459392436475,1678.5603413707997,50.016032045646895,8.100461205669246
6812.493843145196,157.50615685478488,1.0,1.0
1.0,1.0,2339.5060518796454,63.49394812035588

37.91308331264405,85.9542963877041,6188.462581623243,1.1730354061952875
16.0090568381334,35.21088170262557,1.194696067556613,2868.223035750358
1558.8483506348512,28.42284078604806,44.71872618824962,23.780648366414574
9.590218665329635,533.222465259755,8.968088927518002,2.3659032137656486

