0,1,2,3,4,5,6,7,8,9,10,11,12,13,14,15,16,17,18,19,20,21,22,23,24,25,26,27,28,29
github Code Version (SHA):,528ca1c557fe8e6666681dc5c9134b0f84d30530
Environment Observations,Environment Actions,alpha,epsilon,numActions,explore,patience,gainThresh,insertRandActions,useUpdatedPosterior,revisedSplitting,haveControl,confidence_factor
"['diamond', 'square']","['x', 'y']",0.85,0.99,75000,0.5,0,0.01,False,True,False,True,250

Model Num 0
Model States: 
['diamond'],['square']
Iteration: ,0
Error:,0.5072902130191265
Absolute Error:,1
Transition Probabilities
0.5,0.5
0.5,0.5

0.5,0.5
0.5,0.5

Transition Gammas
1.0,1.0
1.0,1.0

1.0,1.0
1.0,1.0

Iteration: ,2436
Error:,0.08065002769555302
Absolute Error:,1
Transition Probabilities
0.4548802946593002,0.5451197053406999
0.10823170731707317,0.8917682926829268

0.118,0.882
0.8950201884253028,0.10497981157469717


Model Num 1
Model States: 
['square'],"['diamond', 'x', 'square']","['diamond', 'x', 'diamond']"
Iteration: ,0
Error:,0.5686620983160328
Absolute Error:,1
Transition Probabilities
0.3333333333333333,0.3333333333333333,0.3333333333333333
0.3333333333333333,0.3333333333333333,0.3333333333333333
0.3333333333333333,0.3333333333333333,0.3333333333333333

0.3333333333333333,0.3333333333333333,0.3333333333333333
0.3333333333333333,0.3333333333333333,0.3333333333333333
0.3333333333333333,0.3333333333333333,0.3333333333333333

Transition Gammas
1.0,1.0,1.0
1.0,1.0,1.0
1.0,1.0,1.0

1.0,1.0,1.0
1.0,1.0,1.0
1.0,1.0,1.0

Iteration: ,2500
Error:,0.104351546720589
Absolute Error:,1
Transition Probabilities
0.8623188405797102,0.08340529644959052,0.054275862970699355
0.9960079840319361,0.001996007984031936,0.001996007984031936
0.0026246719160104987,0.7851849581142157,0.2121903699697737

0.12682926829268298,0.29789911047823336,0.5752716212290837
0.7931621056554574,0.16382404509703286,0.04301384924750964
0.8182125885164813,0.0761423477121091,0.10564506377140964

Transition Gammas
714.0,69.05958546026095,44.940414539739066
499.0,1.0,1.0
1.0,299.1554690415162,80.84453095848377

78.0,183.20795294411346,353.79204705588637
40.565385617284704,8.378596903911292,2.1998950393211767
72.98010067996069,6.791482164939051,9.422963541000373

Iteration: ,2894
Error:,0.10292070615874024
Absolute Error:,1
Transition Probabilities
0.8641975308641975,0.08327090277452602,0.052531566361276455
0.9966555183946488,0.0016722408026755853,0.0016722408026755853
0.002262443438914026,0.7912809359270804,0.20645662063400558

0.12516644474034624,0.32798175793281364,0.5468517973268402
0.7990251919076775,0.15798514944412262,0.04298965864819988
0.8189089123618342,0.08155801535381603,0.09953307228434985


Model Num 2
Model States: 
"['diamond', 'x', 'square']","['diamond', 'x', 'diamond']","['square', 'y', 'diamond', 'x', 'diamond']","['square', 'y', 'diamond', 'x', 'square']"
Iteration: ,0
Error:,0.5061826405681767
Absolute Error:,0.6
Transition Probabilities
0.25,0.25,0.25,0.25
0.25,0.25,0.25,0.25
0.25,0.25,0.25,0.25
0.25,0.25,0.25,0.25

0.25,0.25,0.25,0.25
0.25,0.25,0.25,0.25
0.25,0.25,0.25,0.25
0.25,0.25,0.25,0.25

Transition Gammas
1.0,1.0,1.0,1.0
1.0,1.0,1.0,1.0
1.0,1.0,1.0,1.0
1.0,1.0,1.0,1.0

1.0,1.0,1.0,1.0
1.0,1.0,1.0,1.0
1.0,1.0,1.0,1.0
1.0,1.0,1.0,1.0

Iteration: ,2500
Error:,0.05824312480846144
Absolute Error:,0.12697218935041876
Transition Probabilities
0.0018181818181818182,0.0018181818181818182,0.11214737222816996,0.8842162641354664
0.8503646246369838,0.14449398718820902,0.0025706940874035992,0.0025706940874035992
0.06839076608092513,0.060065136931506564,0.756846048861995,0.11469804812557328
0.06214397890284345,0.06921282077401791,0.7772357836384236,0.09140741668471514

0.05781908805205519,0.051830254926372554,0.15464474045359203,0.7357059165679802
0.19906529056858574,0.05035594986386699,0.42904579830364103,0.3215329612639063
0.002947220055914416,0.9038665641762932,0.04185673024930873,0.05132948551848385
0.9032084916913129,0.002975733983603006,0.02883150172461307,0.06498427260047103

Transition Gammas
1.0,1.0,61.68105472549348,486.3189452745065
330.79183898378665,56.208161016213296,1.0,1.0
12.250618394966619,10.759275170548715,135.57140327066122,20.545493182095193
18.60126165027193,20.717144468391542,232.64629060871,27.360547305573636

9.877622197400807,8.85450970960934,26.41899712497093,125.68557092613432
4.387356723145425,1.1098344395176816,9.456078266322493,7.086518173433267
1.022577295984901,313.60855639935863,14.522750668452446,17.809449416732512
353.71722404013,1.1653658859992941,11.291079356264254,25.449336141052996

Iteration: ,5000
Error:,0.04263615085114586
Absolute Error:,0.1105038087180091
Transition Probabilities
0.0009514747859181734,0.0009514747859181734,0.0924419894960308,0.9056550609321329
0.8559628779162962,0.14139511415767994,0.0013210039630118893,0.0013210039630118893
0.058364917143371504,0.05870367510014508,0.7703692328829712,0.11256217487351204
0.06117726947977303,0.056508716999042516,0.7855418185912559,0.0967721949299285

0.06295936998713586,0.045400648330402305,0.1420428157186169,0.749597165963845
0.13561693231819325,0.03502246396766946,0.5623178279115367,0.2670427758026007
0.001467495064872827,0.9126087357882732,0.03414338590921469,0.0517803832376394
0.8980482583328961,0.001565979744787434,0.02599855439151137,0.07438720753080491

Transition Gammas
1.0,1.0,97.15653096032835,951.8434690396715
647.9638985826361,107.0361014173637,1.0,1.0
22.516752786632917,22.647443097533866,297.2027447352234,43.42565343709155
38.20553824129206,35.29000177078971,490.5751473632733,60.43476319765407

22.222171920480786,16.02463640766469,50.135505987642915,264.5782049051206
7.74916554410326,2.0011872146694625,32.13089886639842,15.258851838618067
1.0323975619155938,642.0294393919031,24.02021595300643,36.4280212514559
687.564842058135,1.1989473905219532,19.905046057461462,56.95242780383451

Iteration: ,7500
Error:,0.04102999541626475
Absolute Error:,0.09920378218594567
Transition Probabilities
0.0006896551724137938,0.0006896551724137938,0.07941026039842024,0.9192104292567522
0.8767849346251124,0.12142455507945346,0.0008952551477170997,0.0008952551477170997
0.05432277909063604,0.06333295567350251,0.7779265414742129,0.10441772376164844
0.06675016999282953,0.04946659315693337,0.7917371694225099,0.09204606742772713

0.0715410471968217,0.04709487986586398,0.124377917333985,0.7569861556033294
0.10645192916764676,0.03877012497769924,0.632704761895175,0.22207318395947906
0.0009701960786068698,0.91192721512801,0.0309584453381518,0.056144143455231325
0.8946390241542067,0.0010921964536001942,0.025492857606090265,0.07877592178610297

Transition Gammas
1.0,1.0,115.14487757770921,1332.8551224222892
979.3687719762502,135.63122802374946,1.0,1.0
31.91688100112539,37.210732652467854,457.06403957026964,61.34973430111923
64.01225185685604,47.43760233123602,759.2621726499315,88.27057745695275

45.88443158468825,30.20534193816427,79.77252587394034,485.50979931532567
10.163608352860168,3.7016178959444908,60.40814340494454,21.202667580427363
1.0387579354410714,976.3713254944402,33.14621804089419,60.11174012000431
1001.3605227275463,1.2224845800039095,28.53390085726166,88.1731023220819

Iteration: ,10000
Error:,0.043403019657370374
Absolute Error:,0.09065882567148384
Transition Probabilities
0.0005506607929515423,0.0005506607929515423,0.07057476043176779,0.9283239179823292
0.8856319079697573,0.11296359764822025,0.0007022471910112366,0.0007022471910112366
0.05502747116548238,0.061494219901652034,0.7865665135997353,0.09691179533313031
0.06721746239665878,0.050126270710672806,0.8031958055077827,0.07946046138488569

0.06477122988603033,0.0517830376438933,0.12460918205806208,0.7588365504120143
0.09149953956679012,0.05270315058004807,0.6664056059781968,0.189391703874965
0.0007402518024581866,0.9171363559740824,0.027284820638157313,0.054838571585302184
0.8857224745956017,0.0007868332260441512,0.02840719749581518,0.08508349468253901

Transition Gammas
1.0,1.0,128.1637649440902,1685.8362350559082
1261.1398369489332,160.86016305106548,1.0,1.0
44.04513897170195,49.22125992996139,629.584290686416,77.57022816128249
80.47851139384031,60.01547075243545,961.6549104992087,95.13687989568025

63.470249864723364,50.742935463714964,122.10631069659198,743.5947340490915
15.724336204839288,9.057117256530244,114.52282543500486,32.54725477567544
1.0471334494991247,1297.347946878447,38.59612129132561,77.57266167949079
1400.7204021448802,1.2443326035152522,44.924389118967106,134.55477342610226

Iteration: ,12500
Error:,0.0367167060912014
Absolute Error:,0.08546861639430671
Transition Probabilities
0.0004547521600727607,0.0004547521600727607,0.06409762773380227,0.9349928679460522
0.8732948016298523,0.1255784378067674,0.0005633802816901407,0.0005633802816901407
0.052827160637429524,0.0594705637905106,0.7860171449572599,0.1016851306147999
0.0678184119488459,0.04725504516977592,0.8214269754143863,0.06349956746699188

0.06356662861767692,0.051812461633985625,0.11760110753067625,0.7670198022176613
0.07471115698817188,0.04223651679167327,0.6932901634710747,0.18976216274908014
0.000564800173938655,0.913328748693858,0.028224373084933623,0.05788207804726971
0.8870426337833771,0.0006839264056147777,0.02749605627570196,0.08477738353530616

Transition Gammas
1.0,1.0,140.95068338663108,2056.049316613367
1550.0982728929882,222.9017271070122,1.0,1.0
54.517603966523886,61.37359277454272,811.1693095486191,104.93900511120974
105.92904807637274,73.81007322047067,1283.0288275628182,99.18322387309048

73.5601453703092,59.9580675060322,136.08956072998757,887.6054838835175
24.036405597872644,13.58851996906893,223.04839381411833,61.051126697027726
1.0573907848997015,1709.8886420629074,52.840267030125695,108.36394668794115
1625.2602141575449,1.2531059208693287,50.37891597220399,155.33110052741418

Iteration: ,15000
Error:,0.03894844021266367
Absolute Error:,0.08436159030643023
Transition Probabilities
0.00038520801232665684,0.00038520801232665684,0.05755456730888266,0.941675016666464
0.8699437272959663,0.12909611907945384,0.0004800768122899665,0.0004800768122899665
0.053225115318802474,0.059890625921209965,0.7887008739728355,0.09818338478715202
0.06861119928637928,0.045940129353213434,0.8328550138432251,0.05259365751718209

0.061156373630490424,0.05122006806106617,0.11202040565066118,0.7756031526577823
0.07267755143529785,0.056346339358770994,0.6725329098667828,0.19844319933914825
0.0004384483927089366,0.9109660365846053,0.02812890692221799,0.06046660810046782
0.8843698519905976,0.0006013197491942765,0.028575953141364397,0.0864528751188437

Transition Gammas
1.0,1.0,149.41165673385922,2444.5883432661376
1812.0927839574972,268.9072160425023,1.0,1.0
58.35588535153205,65.66393476004322,864.729695793686,107.64802127240014
132.7602700383097,88.89254293705771,1611.5453117074017,101.76688713951121

79.38610064116726,66.48794290045984,145.4118789086294,1006.7979227564864
43.47726243426587,33.707582811075355,402.3235406326229,118.71295724161082
1.0703546102513422,2223.8801949218578,68.66921103189907,147.6130687735504
1849.9398845512244,1.2578508696321524,59.77566437422935,180.84359327320837

Iteration: ,17500
Error:,0.038105271689543425
Absolute Error:,0.08362000991643412
Transition Probabilities
0.0003353454057679414,0.0003353454057679414,0.05486506110285282,0.9444642480856112
0.8655542009829532,0.13361350604992223,0.00041614648356221376,0.00041614648356221376
0.054767955913640566,0.05829645720401819,0.7938142308171585,0.09312135606518267
0.06796980302144964,0.045120633637959845,0.841548838212639,0.04536072512795154

0.06133492529121315,0.051683457635097164,0.10920342650348751,0.7777781905702023
0.07102200662306686,0.06401578217940472,0.6660374317797358,0.19892477941779257
0.00035628587370376696,0.9047042944815953,0.031121284206451952,0.06381813543824887
0.8867427925461095,0.0005452832952765729,0.027854033368787383,0.08485789078982663

Transition Gammas
1.0,1.0,163.6076122087069,2816.3923877912894
2079.9267449620374,321.07325503796324,1.0,1.0
64.43444432654273,68.5857224993026,933.9216336986993,109.55718052460222
156.973390672729,104.20419857943985,1943.521515124091,104.75867973990123

87.73543964789243,73.92967149807683,156.20807541298763,1112.5588100780624
62.394419218533386,56.239294548555215,585.1287609241258,174.75986204981245
1.079548244750903,2741.259211242997,94.29766998677947,193.36931711449034
2051.599440492172,1.2615866888379288,64.44407527776212,196.33021291988845

Iteration: ,18572
Error:,0.03705832741774488
Absolute Error:,0.08168590863828588
Transition Probabilities
0.0003184713375796181,0.0003184713375796181,0.05479406016180212,0.9445689971630387
0.8652719414239847,0.13394065700121224,0.0003937007874015745,0.0003937007874015745
0.05329377861368533,0.05672730399308794,0.7990419803996685,0.09093693699355812
0.06711369765001117,0.04478111688864625,0.8453694346201882,0.04273575084115432

0.06176786991113361,0.05070055142806022,0.1071481626860251,0.780383415974781
0.06800397464044049,0.06095626027790627,0.6741039254810122,0.19693583960064098
0.00032918686023980347,0.9049667320748462,0.030923304654517435,0.06378077641039646
0.8876321169359519,0.00052320084559881,0.02689707007794395,0.08494761214050532

*,*,*,*,*,*,*,*,*,*,*
Model Num 2
Model States: 
"['diamond', 'x', 'square']","['diamond', 'x', 'diamond']","['square', 'y', 'diamond', 'x', 'diamond']","['square', 'y', 'diamond', 'x', 'square']"
Iteration: ,18572
Error:,0.036120715026298454
Absolute Error:,0.08168590863828588
Transition Probabilities
0.0003184713375796181,0.0003184713375796181,0.05479406016180212,0.9445689971630387
0.8652719414239847,0.13394065700121224,0.0003937007874015745,0.0003937007874015745
0.05329377861368533,0.05672730399308794,0.7990419803996685,0.09093693699355812
0.06711369765001117,0.04478111688864625,0.8453694346201882,0.04273575084115432

0.06176786991113361,0.05070055142806022,0.1071481626860251,0.780383415974781
0.06800397464044049,0.06095626027790627,0.6741039254810122,0.19693583960064098
0.00032918686023980347,0.9049667320748462,0.030923304654517435,0.06378077641039646
0.8876321169359519,0.00052320084559881,0.02689707007794395,0.08494761214050532

Transition Gammas
1.0,1.0,172.0533489080585,2965.9466510919387
2197.7907312169227,340.2092687830793,1.0,1.0
64.43444432654273,68.5857224993026,966.0757285356348,109.94662334625845
165.14853450944892,110.19413453305728,2080.2239801278815,105.16104565394053

92.48348769547609,75.91266836458736,160.43026576151536,1168.4485826189743
68.06154409960305,61.00786342250665,674.6745950428208,197.10255764668872
1.0827715921837984,2976.6445375378607,101.71388916302784,209.78970051932066
2143.0746929925285,1.26320180417267,64.93954995529697,205.09519015251877

