0,1,2,3,4,5,6,7,8,9,10,11,12,13,14,15,16,17,18,19,20,21,22,23,24,25,26,27,28,29
github Code Version (SHA):,ddb97f21bb9c22f159e8ea0ce9d830001061547e
Environment Observations,Environment Actions,alpha,epsilon,numActions,explore,patience,gainThresh,insertRandActions,useBudd,revisedSplitting,haveControl,confidence_factor
"['diamond', 'square']","['x', 'y']",0.99,0.99,75000,0.5,0,0.01,False,True,False,True,250

Model Num 0
Model States: 
['diamond'],['square']
Iteration: ,0
Error:,0.6753142673376054
Absolute Error:,1
Transition Probabilities
0.5,0.5
0.5,0.5

0.5,0.5
0.5,0.5

Transition Gammas
1.0,1.0
1.0,1.0

1.0,1.0
1.0,1.0

Iteration: ,2426
Error:,0.1538713104487722
Absolute Error:,1
Transition Probabilities
0.41832669322709165,0.5816733067729084
0.018691588785046728,0.9813084112149533

0.032,0.968
0.9695431472081218,0.030456852791878174


Model Num 1
Model States: 
['square'],"['diamond', 'x', 'square']","['diamond', 'x', 'diamond']"
Iteration: ,0
Error:,0.7247781919131598
Absolute Error:,1
Transition Probabilities
0.3333333333333333,0.3333333333333333,0.3333333333333333
0.3333333333333333,0.3333333333333333,0.3333333333333333
0.3333333333333333,0.3333333333333333,0.3333333333333333

0.3333333333333333,0.3333333333333333,0.3333333333333333
0.3333333333333333,0.3333333333333333,0.3333333333333333
0.3333333333333333,0.3333333333333333,0.3333333333333333

Transition Gammas
1.0,1.0,1.0
1.0,1.0,1.0
1.0,1.0,1.0

1.0,1.0,1.0
1.0,1.0,1.0
1.0,1.0,1.0

Iteration: ,2500
Error:,0.11572642637377353
Absolute Error:,1
Transition Probabilities
0.9759450171821306,0.01913362054285272,0.004921362275016695
0.9956521739130435,0.002173913043478261,0.002173913043478261
0.00303951367781155,0.972570119855109,0.024390366467079427

0.018547140649149918,0.2559709560644878,0.7254819032863623
0.8654897043628217,0.029676848718185385,0.104833446918993
0.9837780837525176,0.007807761851250033,0.008414154396232434

Transition Gammas
852.0,16.703650733910425,4.296349266089575
458.0,1.0,1.0
1.0,319.9755694323309,8.024430567669132

12.0,165.61320857372363,469.3867914262765
32.09983061517701,1.1006737714428496,3.888129312158898
149.6190250458527,1.1874524704985252,1.2796763804165714

Iteration: ,5000
Error:,0.15398639788156765
Absolute Error:,1
Transition Probabilities
0.9766260162601627,0.01900777513608783,0.004366208603749568
0.9986789960369881,0.0006605019815059445,0.0006605019815059445
0.0022779043280182236,0.9748031660744484,0.02291892959753337

0.02448525319977741,0.6467325455260703,0.32878220127415236
0.8610395086277861,0.0972672056743455,0.041693285697868364
0.9847461794651384,0.0073418082204924654,0.007912012314369173

Transition Gammas
961.0,18.703650733910425,4.296349266089575
1512.0,1.0,1.0
1.0,427.9385899066828,10.061410093317148

44.0,1162.1783843103483,590.8216156896518
80.29669277405385,9.070704483085306,3.888129312158898
159.27129237127187,1.1874524704985252,1.2796763804165714

Iteration: ,7500
Error:,0.16613665990313334
Absolute Error:,1
Transition Probabilities
0.9766081871345029,0.019204337947281117,0.00418747491821596
0.9992380952380953,0.00038095238095238096,0.00038095238095238096
0.001996007984031937,0.9778577154997841,0.020146276516183975

0.02430093209054594,0.7576916379765926,0.2180074299328616
0.8549246966161901,0.12151504016374148,0.023560263220068548
0.9847461794651384,0.0073418082204924654,0.007912012314369173

Transition Gammas
1002.0,19.703650733910425,4.296349266089575
2623.0,1.0,1.0
1.0,489.90671546539164,10.093284534608168

73.0,2276.105680481684,654.8943195183163
141.08746330858227,20.05351914431771,3.888129312158898
159.27129237127187,1.1874524704985252,1.2796763804165714

Iteration: ,10000
Error:,0.1461355198630392
Absolute Error:,1
Transition Probabilities
0.980365605958023,0.016624198883306233,0.003010195158670747
0.9993014320642682,0.00034928396786587494,0.00034928396786587494
0.0016313213703099516,0.9818426089913278,0.016526069638362364

0.02641509433962261,0.771540262180573,0.2020446434798043
0.9417975303966137,0.04733927788107044,0.010863191722315799
0.9847461794651384,0.0073418082204924654,0.007912012314369173

Transition Gammas
1448.0,24.553941750643308,4.446058249356693
2861.0,1.0,1.0
1.0,601.8695193116837,10.130480688316124

105.0,3066.8725421677814,803.1274578322231
710.0108004009259,35.68856096340165,8.189640767503423
159.27129237127187,1.1874524704985252,1.2796763804165714

Iteration: ,12500
Error:,0.1384120929141578
Absolute Error:,1
Transition Probabilities
0.9821264894592118,0.015377608501669708,0.0024959020391185577
0.9993997599039616,0.00030012004801920766,0.00030012004801920766
0.001084598698481562,0.9824737016666204,0.01644169963489804

0.026689260749841105,0.7361630381406427,0.23714770110951622
0.9493047649030216,0.041292456466086494,0.009402778630891829
0.9847461794651384,0.0073418082204924654,0.007912012314369173

Transition Gammas
2143.0,33.553941750643304,5.446058249356693
3330.0,1.0,1.0
1.0,905.8407529366237,15.15924706337599

126.0,3475.425703061978,1119.5742969380274
931.5042434617179,40.51817692608675,9.226466061088052
159.27129237127187,1.1874524704985252,1.2796763804165714

Iteration: ,15000
Error:,0.14310605791117104
Absolute Error:,1
Transition Probabilities
0.9792602834427929,0.01848948545232225,0.0022502311048848028
0.9994753410283316,0.00026232948583420777,0.00026232948583420777
0.0008051529790660225,0.9821371333761555,0.01705771364477846

0.026233718583746086,0.7079697997834328,0.26579648163282105
0.9551657194631099,0.035570255016515485,0.009264025520374605
0.9847461794651384,0.0073418082204924654,0.007912012314369173

Transition Gammas
2833.0,53.49008141356826,6.509918586431735
3810.0,1.0,1.0
1.0,1219.814319653185,21.185680346814845

143.0,3859.143378619495,1448.8566213805086
1139.667985479877,42.44109692343638,11.053488506867692
159.27129237127187,1.1874524704985252,1.2796763804165714

Iteration: ,15334
Error:,0.1384000363744092
Absolute Error:,1
Transition Probabilities
0.9792433880147305,0.018577194982781473,0.0021794170024880266
0.9994853319608852,0.0002573340195573855,0.0002573340195573855
0.0007788161993769471,0.9788250849076787,0.020396098892944324

0.026481715006305154,0.7054846830428474,0.26803360195084747
0.9558815696571088,0.035002319640967,0.009116110701924137
0.9847461794651384,0.0073418082204924654,0.007912012314369173


Model Num 2
Model States: 
"['diamond', 'x', 'square']","['diamond', 'x', 'diamond']","['square', 'y', 'diamond', 'x', 'square']","['square', 'y', 'diamond', 'x', 'diamond']"
Iteration: ,0
Error:,0.6753425181120905
Absolute Error:,0.74
Transition Probabilities
0.25,0.25,0.25,0.25
0.25,0.25,0.25,0.25
0.25,0.25,0.25,0.25
0.25,0.25,0.25,0.25

0.25,0.25,0.25,0.25
0.25,0.25,0.25,0.25
0.25,0.25,0.25,0.25
0.25,0.25,0.25,0.25

Transition Gammas
1.0,1.0,1.0,1.0
1.0,1.0,1.0,1.0
1.0,1.0,1.0,1.0
1.0,1.0,1.0,1.0

1.0,1.0,1.0,1.0
1.0,1.0,1.0,1.0
1.0,1.0,1.0,1.0
1.0,1.0,1.0,1.0

Iteration: ,2500
Error:,0.0400776121774129
Absolute Error:,0.04195364870533812
Transition Probabilities
0.0021978021978021982,0.0021978021978021982,0.9723278340274949,0.02327656157690075
0.9764346234674834,0.018540250904375798,0.0025125628140703505,0.0025125628140703505
0.003763353573037193,0.003763353573037193,0.015329171601964505,0.9771441212519612
0.013318457326286202,0.013306351329828915,0.014760967309794473,0.9586142240340905

0.021154302797664868,0.003962871209310806,0.9640682652677085,0.010814560725315786
0.05298396418296784,0.10589823060651772,0.06555668862581447,0.7755611165847001
0.9817761478203818,0.0035363445345012413,0.007343753822558446,0.007343753822558446
0.002463926460870727,0.9832264880855255,0.007154792726801831,0.007154792726801831

Transition Gammas
1.0,1.0,442.40916448251005,10.59083551748984
388.6209801400586,7.37901985994157,1.0,1.0
1.4056148478719157,1.4056148478719157,5.725454914380665,364.9639234492778
2.97540537037075,2.972700834403089,3.297668816248438,214.158880448969

5.693265748615355,1.066529071552933,259.46006760296257,2.9105269387822914
1.0,1.998684549929536,1.2372930118899683,14.637657422281194
325.8907920097181,1.173854267825106,2.4376857747778766,2.4376857747778766
1.0073013345306185,401.96222140672324,2.925019222956254,2.925019222956254

Iteration: ,5000
Error:,0.027974081084785253
Absolute Error:,0.028972289972661915
Transition Probabilities
0.001129943502824858,0.001129943502824858,0.9753619336256323,0.02237817936871797
0.9819344834680961,0.015562387620764973,0.0012515644555694625,0.0012515644555694625
0.015157056436659924,0.004813715026638493,0.012412745669723908,0.9676164828669777
0.011801972455850622,0.005899511452058907,0.022297979805322794,0.9600005362867677

0.015475462699481374,0.00418857191741817,0.9738561962669368,0.006479769116163671
0.027138730249192434,0.05424176085376626,0.035653133649139364,0.8829663752479019
0.977570662284582,0.0019450091401418724,0.012122494526926215,0.008361834048349913
0.0012205684000354711,0.9809864167148442,0.011236873996537854,0.006556140888582465

Transition Gammas
1.0,1.0,863.1953112586851,19.804688741315417
784.5656522910083,12.434347708991206,1.0,1.0
11.73919240687106,3.728238865224436,9.6137142672377,749.4222981819571
5.946887916433373,2.972700834403089,11.235713958933498,483.7340207638929

8.0021833042742,2.16586223734937,503.5698089203125,3.3506138875352804
1.0,1.998684549929536,1.313736247855601,32.535286918008126
593.8071343718926,1.18145966158154,7.363584049924634,5.079240719785966
1.0077693278110607,809.9570837126125,9.277789719821884,5.413115476469284

Iteration: ,7500
Error:,0.02279307832414168
Absolute Error:,0.02155178191628638
Transition Probabilities
0.0007686395080707154,0.0007686395080707154,0.9754301473530621,0.02303257363079654
0.9830080576503709,0.015246741651548892,0.0008726003490401394,0.0008726003490401394
0.020468234253609056,0.0035893312371753304,0.010340414977798296,0.9656020195314173
0.011729422558897114,0.0052388272214681595,0.01882683987890599,0.9642049103407287

0.01968055373006769,0.003109518926026021,0.9720212548433392,0.005188672500567201
0.009517480377525226,0.019022440984817198,0.02464909943602341,0.9468109792016342
0.9758361494386826,0.0012456585069581768,0.014913001605938838,0.008005190448420477
0.000809941056969821,0.9795579614396317,0.012924066200244763,0.006708031303153811

Transition Gammas
1.0,1.0,1269.034621706333,29.965378293666276
1126.5272340673253,17.472765932675035,1.0,1.0
22.895471280553657,4.014974092972951,11.566638881487451,1080.1084760268466
8.872363980726998,3.9627510823837744,14.240988861452216,729.343398926159

15.691310339886693,2.4792202061612243,774.9927860724104,4.136929863616994
1.0,1.998684549929536,2.5898765700878457,99.48126412085419
929.6548849995086,1.186707949588651,14.207246576119703,7.626346297999213
1.0086999252904232,1219.9406784222476,16.095621401646177,8.354176660276638

Iteration: ,10000
Error:,0.021174512104251066
Absolute Error:,0.018979887829728318
Transition Probabilities
0.000603500301750151,0.000603500301750151,0.9800189968267015,0.018774002569798224
0.9857437750723003,0.012865404343555096,0.0006954102920723223,0.0006954102920723223
0.021650903262544048,0.0035712429631579935,0.00821070774968608,0.9665671460246119
0.010642750302152887,0.0038932651602478475,0.016947805072185483,0.9685161794654138

0.022640718618315576,0.003225071034513722,0.9688612753246059,0.005272935022564639
0.008089826131816105,0.008216038730509467,0.024076625447060823,0.9596175096906135
0.9734833497775732,0.0008945622381806036,0.017578404070196348,0.008043683914049964
0.0006007222029830242,0.9813678218503643,0.012008370243844192,0.006023085702808424

Transition Gammas
1.0,1.0,1623.8914777418438,31.10852225815565
1417.4995485539685,18.500451446032237,1.0,1.0
30.567988450415605,5.042085881021771,11.592348671029557,1364.6549983596278
10.832699172411811,3.9627510823837744,17.250284819941932,985.8019889501792

25.18073119987301,3.5868846828426437,1077.5556975554214,5.864494041729969
1.9679812902092357,1.998684549929536,5.85702926603619,233.44250841202583
1297.3043402503038,1.192130789377019,23.42571128735775,10.719347234529321
1.0099570840188823,1649.9130193361016,20.188930149523237,10.12624145236749

Iteration: ,12500
Error:,0.019286645926894143
Absolute Error:,0.01843519937616195
Transition Probabilities
0.0005181347150259067,0.0005181347150259067,0.9822857383536889,0.016677992216259308
0.9855612554129056,0.013307522867637292,0.0005656108597285059,0.0005656108597285059
0.021562342871523345,0.002876908913361631,0.008186974101619567,0.9673737741134955
0.009882108486645464,0.00452100945671944,0.015756284233608548,0.9698405978230266

0.022036261774298835,0.0027051085765836054,0.9707125658409328,0.004546063808184829
0.0100539724462077,0.0051182778824475535,0.026435404233328227,0.9583923454380165
0.9730085387107488,0.0007853758533606023,0.01866450980826496,0.007541575627625642
0.00042916157947617565,0.9830462098922654,0.011289269927234134,0.005235358601024093

Transition Gammas
1.0,1.0,1895.8114750226196,32.18852497738047
1742.47229957002,23.52770042998277,1.0,1.0
37.94598469969916,5.062860852334462,14.407654856799963,1702.4101068293407
10.832699172411811,4.95589938791447,17.271930115759726,1063.1325749567025

29.971101436074743,3.6791668375868487,1320.2477386624116,6.183015110525074
5.868497100372207,2.9875354316663456,15.430328053959435,559.4129813179844
1479.0666733101737,1.193846923756058,28.371852180921255,11.463921159262608
1.0118928765531985,2317.8623266480577,26.61825374675374,12.344120088857789

Iteration: ,15000
Error:,0.01981909391428954
Absolute Error:,0.018336802047172467
Transition Probabilities
0.0004524886877828056,0.0004524886877828056,0.9835945154371013,0.015500507187333075
0.9864340356047134,0.012615845630440959,0.00047505938242280214,0.00047505938242280214
0.020234891819329442,0.0028827634552868573,0.006836470474317206,0.9700458742510664
0.010086488188602746,0.004230118739464796,0.014758121052035703,0.9709252720198968

0.02005505456130754,0.0029378634898753623,0.9727864888323092,0.0042205931165078155
0.011637976078651704,0.003228048231516822,0.02954332857598529,0.9555906471138462
0.9676977877037158,0.0007028865775224633,0.023314737273833378,0.008284588444928204
0.0003329016888731059,0.9842914030764851,0.010368731172916867,0.0050069640617248995

Transition Gammas
1.0,1.0,2173.743879115993,34.25612088400608
2076.443644947925,26.55635505207826,1.0,1.0
42.70627588599289,6.0841487335225315,14.428552263557911,2047.3075466735086
11.817072692013232,4.95589938791447,17.29023878365296,1137.5113224180786

31.91324237923729,4.674968564303505,1547.9773892636397,6.716152813222402
10.770863194791808,2.9875354316663456,27.342138208586725,884.392274114232
1645.0414272713967,1.194874632752062,39.633973714474806,14.08341671643204
1.013229633280536,2995.8190382161833,31.558583314738353,15.239347019486363

Iteration: ,15553
Error:,0.02007119088002692
Absolute Error:,0.018359243132771104
Transition Probabilities
0.00043917435221783055,0.00043917435221783055,0.9840711156825058,0.015050535613058606
0.9864268340789776,0.012654892275476145,0.00045913682277318554,0.00045913682277318554
0.020846474194017226,0.0027765727030234348,0.00658636655259472,0.9697905865503647
0.012487040314113218,0.0041875916291588405,0.014611477445500407,0.9687138906112275

0.020001617995323174,0.002857771725539086,0.9730511851803995,0.0040894250987382925
0.010767708774604347,0.00298666048395733,0.02814071058278652,0.9581049201586518
0.9674134119445068,0.0006865130591550907,0.023691595211674733,0.008208479784663473
0.0003173475722284613,0.9841326228373122,0.010670987103837093,0.0048790424866221385

*,*,*,*,*,*,*,*,*,*,*
Model Num 2
Model States: 
"['diamond', 'x', 'square']","['diamond', 'x', 'diamond']","['square', 'y', 'diamond', 'x', 'square']","['square', 'y', 'diamond', 'x', 'diamond']"
Iteration: ,15553
Error:,0.0200694077521232
Absolute Error:,0.018359243132771104
Transition Probabilities
0.00043917435221783055,0.00043917435221783055,0.9840711156825058,0.015050535613058606
0.9864268340789776,0.012654892275476145,0.00045913682277318554,0.00045913682277318554
0.020846474194017226,0.0027765727030234348,0.00658636655259472,0.9697905865503647
0.012487040314113218,0.0041875916291588405,0.014611477445500407,0.9687138906112275

0.020001617995323174,0.002857771725539086,0.9730511851803995,0.0040894250987382925
0.010767708774604347,0.00298666048395733,0.02814071058278652,0.9581049201586518
0.9674134119445068,0.0006865130591550907,0.023691595211674733,0.008208479784663473
0.0003173475722284613,0.9841326228373122,0.010670987103837093,0.0048790424866221385

Transition Gammas
1.0,1.0,2240.729930409065,34.27006959093444
2148.437644624017,27.562355375987096,1.0,1.0
45.67971493338907,6.0841487335225315,14.432337275321153,2125.0479638143565
14.778068381516874,4.95589938791447,17.292281230208474,1146.4462160339094

32.866645921982894,4.695888675161633,1598.9170863461072,6.719740711782839
10.770863194791808,2.9875354316663456,28.148954455964184,958.3855987658762
1684.037053138605,1.1950562342906874,41.24144206790263,14.289014331037027
1.0134442927241472,3142.811469753766,34.077623163070115,15.581142553900332

