0,1,2,3,4,5,6,7,8,9,10,11,12,13,14,15,16,17,18,19,20,21,22,23,24,25,26,27,28,29
github Code Version (SHA):,528ca1c557fe8e6666681dc5c9134b0f84d30530
Environment Observations,Environment Actions,alpha,epsilon,numActions,explore,patience,gainThresh,insertRandActions,useUpdatedPosterior,revisedSplitting,haveControl,confidence_factor
"['diamond', 'square']","['x', 'y']",0.75,0.99,75000,0.5,0,0.01,False,True,False,True,250

Model Num 0
Model States: 
['diamond'],['square']
Iteration: ,0
Error:,0.40326872925465757
Absolute Error:,1
Transition Probabilities
0.5,0.5
0.5,0.5

0.5,0.5
0.5,0.5

Transition Gammas
1.0,1.0
1.0,1.0

1.0,1.0
1.0,1.0

Iteration: ,2459
Error:,0.04929026053896691
Absolute Error:,1
Transition Probabilities
0.4660714285714286,0.5339285714285714
0.16090225563909774,0.8390977443609022

0.148,0.852
0.8337837837837838,0.1662162162162162


Model Num 1
Model States: 
['square'],"['diamond', 'x', 'square']","['diamond', 'x', 'diamond']"
Iteration: ,0
Error:,0.47736732498973616
Absolute Error:,1
Transition Probabilities
0.3333333333333333,0.3333333333333333,0.3333333333333333
0.3333333333333333,0.3333333333333333,0.3333333333333333
0.3333333333333333,0.3333333333333333,0.3333333333333333

0.3333333333333333,0.3333333333333333,0.3333333333333333
0.3333333333333333,0.3333333333333333,0.3333333333333333
0.3333333333333333,0.3333333333333333,0.3333333333333333

Transition Gammas
1.0,1.0,1.0
1.0,1.0,1.0
1.0,1.0,1.0

1.0,1.0,1.0
1.0,1.0,1.0
1.0,1.0,1.0

Iteration: ,2500
Error:,0.04692706887042957
Absolute Error:,1
Transition Probabilities
0.8079625292740047,0.09246886692530414,0.09956860380069119
0.9958762886597938,0.002061855670103093,0.002061855670103093
0.0026809651474530823,0.7391115773346012,0.2582074575179457

0.1621621621621622,0.35420333889487693,0.4836344989429609
0.789778837176443,0.1466355832735259,0.06358557955003104
0.8808183805983145,0.06606355487408869,0.05311806452759677

Transition Gammas
690.0,78.96841235420973,85.03158764579027
483.0,1.0,1.0
1.0,275.68861834580633,96.31138165419378

96.0,209.6883766257671,286.3116233742328
47.8056826197881,8.875920478957571,3.848864887329169
77.22863761461602,5.792338637891111,4.657300354478332

Iteration: ,3033
Error:,0.04720058526984893
Absolute Error:,1
Transition Probabilities
0.807982740021575,0.0905090982218278,0.10150816175659723
0.9967637540453075,0.0016181229773462784,0.0016181229773462784
0.0021097046413502104,0.7431684925579862,0.25472180280066353

0.1664516129032258,0.3690483272197734,0.4645000598770008
0.7546542671038142,0.16016627060303418,0.08517946229315149
0.8824414815163516,0.06418767456438818,0.0533708439192603


Model Num 2
Model States: 
"['diamond', 'x', 'square']","['diamond', 'x', 'diamond']","['square', 'y', 'diamond', 'x', 'diamond']","['square', 'y', 'diamond', 'x', 'square']"
Iteration: ,0
Error:,0.40247275256853976
Absolute Error:,0.5
Transition Probabilities
0.25,0.25,0.25,0.25
0.25,0.25,0.25,0.25
0.25,0.25,0.25,0.25
0.25,0.25,0.25,0.25

0.25,0.25,0.25,0.25
0.25,0.25,0.25,0.25
0.25,0.25,0.25,0.25
0.25,0.25,0.25,0.25

Transition Gammas
1.0,1.0,1.0,1.0
1.0,1.0,1.0,1.0
1.0,1.0,1.0,1.0
1.0,1.0,1.0,1.0

1.0,1.0,1.0,1.0
1.0,1.0,1.0,1.0
1.0,1.0,1.0,1.0
1.0,1.0,1.0,1.0

Iteration: ,2500
Error:,0.2785531710443245
Absolute Error:,0.3486598839642791
Transition Probabilities
0.0011441647597254002,0.0011441647597254002,0.2847781910949827,0.7129334793855666
0.6464435146443515,0.3493723849372385,0.0020920502092050207,0.0020920502092050207
0.25,0.25,0.25,0.25
0.25,0.25,0.25,0.25

0.25,0.25,0.25,0.25
0.25,0.25,0.25,0.25
0.003355704697986577,0.9899328859060402,0.003355704697986577,0.003355704697986577
0.8046681192103758,0.0014710568906953854,0.09693041194946439,0.09693041194946439

Transition Gammas
1.0,1.0,248.89613901701495,623.1038609829853
309.0,167.0,1.0,1.0
1.0,1.0,1.0,1.0
1.0,1.0,1.0,1.0

1.0,1.0,1.0,1.0
1.0,1.0,1.0,1.0
1.0,295.0,1.0,1.0
547.0,1.0,65.89168139081573,65.89168139081573

Iteration: ,5000
Error:,0.27472923427594254
Absolute Error:,0.34885638602702007
Transition Probabilities
0.0005790387955993049,0.0005790387955993049,0.301171669045,0.6976702533638014
0.6694129763130793,0.32852729145211124,0.0010298661174047373,0.0010298661174047373
0.25,0.25,0.25,0.25
0.25,0.25,0.25,0.25

0.25,0.25,0.25,0.25
0.25,0.25,0.25,0.25
0.001584786053882726,0.9952456418383518,0.001584786053882726,0.001584786053882726
0.7936287405517388,0.0007601807859690986,0.10280553933114596,0.10280553933114596

Transition Gammas
1.0,1.0,520.1234724407152,1204.8765275592855
650.0,319.0,1.0,1.0
1.0,1.0,1.0,1.0
1.0,1.0,1.0,1.0

1.0,1.0,1.0,1.0
1.0,1.0,1.0,1.0
1.0,628.0,1.0,1.0
1044.0,1.0,135.2382765108786,135.2382765108786

Iteration: ,7500
Error:,0.27103591930700477
Absolute Error:,0.3497631081425209
Transition Probabilities
0.000392927308447937,0.000392927308447937,0.29976951229271415,0.69944463309039
0.6632583503749148,0.33537832310838445,0.0006816632583503749,0.0006816632583503749
0.25,0.25,0.25,0.25
0.25,0.25,0.25,0.25

0.25,0.25,0.25,0.25
0.25,0.25,0.25,0.25
0.0010660980810234541,0.9968017057569296,0.0010660980810234541,0.0010660980810234541
0.7787749085366898,0.0005113426845283584,0.1103568743893909,0.1103568743893909

Transition Gammas
1.0,1.0,762.9134087849578,1780.086591215043
973.0,492.0,1.0,1.0
1.0,1.0,1.0,1.0
1.0,1.0,1.0,1.0

1.0,1.0,1.0,1.0
1.0,1.0,1.0,1.0
1.0,935.0,1.0,1.0
1523.0,1.0,215.81784139765207,215.81784139765207

Iteration: ,10000
Error:,0.267806522010095
Absolute Error:,0.35019458751336896
Transition Probabilities
0.00029647198339756875,0.00029647198339756875,0.3012892886370117,0.6981177673961932
0.6626201315123925,0.3363682346990389,0.0005058168942842691,0.0005058168942842691
0.25,0.25,0.25,0.25
0.25,0.25,0.25,0.25

0.25,0.25,0.25,0.25
0.25,0.25,0.25,0.25
0.0007936507936507937,0.9976190476190476,0.0007936507936507937,0.0007936507936507937
0.7703692670231329,0.0003865375148134134,0.11462209773102687,0.11462209773102687

Transition Gammas
1.0,1.0,1016.248770572641,2354.751229427361
1310.0,665.0,1.0,1.0
1.0,1.0,1.0,1.0
1.0,1.0,1.0,1.0

1.0,1.0,1.0,1.0
1.0,1.0,1.0,1.0
1.0,1257.0,1.0,1.0
1993.0,1.0,296.53550648597826,296.53550648597826

Iteration: ,12500
Error:,0.2719492030451369
Absolute Error:,0.34988559987362905
Transition Probabilities
0.00023741690408357044,0.00023741690408357044,0.30279555655141704,0.6967296096404156
0.6673477727829996,0.3318348998774009,0.0004086636697997548,0.0004086636697997548
0.25,0.25,0.25,0.25
0.25,0.25,0.25,0.25

0.25,0.25,0.25,0.25
0.25,0.25,0.25,0.25
0.0006345177664974619,0.9980964467005076,0.0006345177664974619,0.0006345177664974619
0.7676042261024113,0.0003087708069599402,0.11604350154531433,0.11604350154531433

Transition Gammas
1.0,1.0,1275.3748841945703,2934.6251158054347
1633.0,812.0,1.0,1.0
1.0,1.0,1.0,1.0
1.0,1.0,1.0,1.0

1.0,1.0,1.0,1.0
1.0,1.0,1.0,1.0
1.0,1573.0,1.0,1.0
2486.0,1.0,375.82407057144417,375.82407057144417

Iteration: ,15000
Error:,0.27028921350884727
Absolute Error:,0.3487799704337136
Transition Probabilities
0.00019611688566385552,0.00019611688566385552,0.2977837165911662,0.701824049637506
0.671646977067408,0.3276580958999305,0.00034746351633078526,0.00034746351633078526
0.25,0.25,0.25,0.25
0.25,0.25,0.25,0.25

0.25,0.25,0.25,0.25
0.25,0.25,0.25,0.25
0.0005385029617662897,0.9983844911147012,0.0005385029617662897,0.0005385029617662897
0.7740531960247327,0.00025320680275588245,0.11284679858625576,0.11284679858625576

Transition Gammas
1.0,1.0,1518.3991708983576,3578.6008291016456
1933.0,943.0,1.0,1.0
1.0,1.0,1.0,1.0
1.0,1.0,1.0,1.0

1.0,1.0,1.0,1.0
1.0,1.0,1.0,1.0
1.0,1854.0,1.0,1.0
3057.0,1.0,445.67048498713416,445.67048498713416

Iteration: ,17500
Error:,0.2690786919220363
Absolute Error:,0.34961684098321344
Transition Probabilities
0.0001683501683501683,0.0001683501683501683,0.2979479687016319,0.7017153309616677
0.6654867256637168,0.3339233038348083,0.0002949852507374631,0.0002949852507374631
0.25,0.25,0.25,0.25
0.25,0.25,0.25,0.25

0.25,0.25,0.25,0.25
0.25,0.25,0.25,0.25
0.00046189376443418013,0.9986143187066975,0.00046189376443418013,0.00046189376443418013
0.7739718968977686,0.0002175300440971806,0.11290528652906717,0.11290528652906717

Transition Gammas
1.0,1.0,1769.8109340876942,4168.189065912307
2256.0,1132.0,1.0,1.0
1.0,1.0,1.0,1.0
1.0,1.0,1.0,1.0

1.0,1.0,1.0,1.0
1.0,1.0,1.0,1.0
1.0,2162.0,1.0,1.0
3558.0,1.0,519.0330696509546,519.0330696509546

Iteration: ,20000
Error:,0.27176500586828417
Absolute Error:,0.3494649516817836
Transition Probabilities
0.00014723203769140167,0.00014723203769140167,0.295490916730733,0.7042146191938842
0.6645144628099173,0.3349690082644628,0.00025826446280991736,0.00025826446280991736
0.25,0.25,0.25,0.25
0.25,0.25,0.25,0.25

0.25,0.25,0.25,0.25
0.25,0.25,0.25,0.25
0.00040567951318458417,0.9987829614604462,0.00040567951318458417,0.00040567951318458417
0.774953845603404,0.00018993966804004998,0.11242810736427794,0.11242810736427794

Transition Gammas
1.0,1.0,2006.9743064351385,4783.02569356486
2573.0,1297.0,1.0,1.0
1.0,1.0,1.0,1.0
1.0,1.0,1.0,1.0

1.0,1.0,1.0,1.0
1.0,1.0,1.0,1.0
1.0,2462.0,1.0,1.0
4080.0,1.0,591.9148355075137,591.9148355075137

Iteration: ,22500
Error:,0.2743773602042881
Absolute Error:,0.34868344595336
Transition Probabilities
0.00013032712107389553,0.00013032712107389553,0.2933485678699309,0.7063907778879213
0.6688311688311688,0.33070500927643787,0.00023191094619666049,0.00023191094619666049
0.25,0.25,0.25,0.25
0.25,0.25,0.25,0.25

0.25,0.25,0.25,0.25
0.25,0.25,0.25,0.25
0.00036153289949385393,0.9989154013015185,0.00036153289949385393,0.00036153289949385393
0.778198767930623,0.00016807748767400067,0.11081657729085141,0.11081657729085141

Transition Gammas
1.0,1.0,2250.863561265979,5420.136438734018
2884.0,1426.0,1.0,1.0
1.0,1.0,1.0,1.0
1.0,1.0,1.0,1.0

1.0,1.0,1.0,1.0
1.0,1.0,1.0,1.0
1.0,2763.0,1.0,1.0
4630.0,1.0,659.3183823986516,659.3183823986516

Iteration: ,25000
Error:,0.2720668721551335
Absolute Error:,0.34837685830307336
Transition Probabilities
0.00011734334663224598,0.00011734334663224598,0.2920472064249012,0.7077181068818343
0.6701526877222338,0.3294289897510981,0.00020916126333403055,0.00020916126333403055
0.25,0.25,0.25,0.25
0.25,0.25,0.25,0.25

0.25,0.25,0.25,0.25
0.25,0.25,0.25,0.25
0.00032562683165092806,0.9990231195050472,0.00032562683165092806,0.00032562683165092806
0.7768869607924104,0.00015111592312631986,0.11148096164223167,0.11148096164223167

Transition Gammas
1.0,1.0,2488.826293153007,6031.173706846991
3204.0,1575.0,1.0,1.0
1.0,1.0,1.0,1.0
1.0,1.0,1.0,1.0

1.0,1.0,1.0,1.0
1.0,1.0,1.0,1.0
1.0,3068.0,1.0,1.0
5141.0,1.0,737.7181658682204,737.7181658682204

Iteration: ,27500
Error:,0.2720398919736829
Absolute Error:,0.34768792577163743
Transition Probabilities
0.00010643959552953698,0.00010643959552953698,0.29087101685134714,0.7089161039575939
0.6746274359954146,0.3249904470768055,0.00019105846388995032,0.00019105846388995032
0.25,0.25,0.25,0.25
0.25,0.25,0.25,0.25

0.25,0.25,0.25,0.25
0.25,0.25,0.25,0.25
0.0002958579881656805,0.999112426035503,0.0002958579881656805,0.0002958579881656805
0.7766830392541632,0.00013715045722305548,0.11158990514430686,0.11158990514430686

Transition Gammas
1.0,1.0,2732.7332033184066,6660.266796681594
3531.0,1701.0,1.0,1.0
1.0,1.0,1.0,1.0
1.0,1.0,1.0,1.0

1.0,1.0,1.0,1.0
1.0,1.0,1.0,1.0
1.0,3377.0,1.0,1.0
5663.0,1.0,813.6313024667642,813.6313024667642

Iteration: ,30000
Error:,0.26945676555802484
Absolute Error:,0.34800598968152974
Transition Probabilities
9.775171065493645e-05,9.775171065493645e-05,0.29225469975569623,0.7075497968229939
0.6735868806699232,0.32606420097697136,0.00017445917655268666,0.00017445917655268666
0.25,0.25,0.25,0.25
0.25,0.25,0.25,0.25

0.25,0.25,0.25,0.25
0.25,0.25,0.25,0.25
0.0002704895861509332,0.9991885312415472,0.0002704895861509332,0.0002704895861509332
0.7762666725342111,0.00012618118864340233,0.11180357313857274,0.11180357313857274

Transition Gammas
1.0,1.0,2989.7655785007732,7238.234421499229
3861.0,1869.0,1.0,1.0
1.0,1.0,1.0,1.0
1.0,1.0,1.0,1.0

1.0,1.0,1.0,1.0
1.0,1.0,1.0,1.0
1.0,3694.0,1.0,1.0
6152.0,1.0,886.0557927896699,886.0557927896699

Iteration: ,32500
Error:,0.2737084641236584
Absolute Error:,0.3481279768052137
Transition Probabilities
9.024456276509334e-05,9.024456276509334e-05,0.2929600300121745,0.7068594808622953
0.6734169077467053,0.32626165220186437,0.0001607200257152041,0.0001607200257152041
0.25,0.25,0.25,0.25
0.25,0.25,0.25,0.25

0.25,0.25,0.25,0.25
0.25,0.25,0.25,0.25
0.0002493143854400399,0.9992520568436799,0.0002493143854400399,0.0002493143854400399
0.7761481687745576,0.00011659128267606393,0.11186761997138318,0.11186761997138318

Transition Gammas
1.0,1.0,3246.290092564908,7832.7099074351
4190.0,2030.0,1.0,1.0
1.0,1.0,1.0,1.0
1.0,1.0,1.0,1.0

1.0,1.0,1.0,1.0
1.0,1.0,1.0,1.0
1.0,4008.0,1.0,1.0
6657.0,1.0,959.4852840087117,959.4852840087117

Iteration: ,35000
Error:,0.2697600523107481
Absolute Error:,0.3481694703347915
Transition Probabilities
8.385041086701319e-05,8.385041086701319e-05,0.29270965639322066,0.7071226427850453
0.6729194580914099,0.3267827899359833,0.00014887598630340925,0.00014887598630340925
0.25,0.25,0.25,0.25
0.25,0.25,0.25,0.25

0.25,0.25,0.25,0.25
0.25,0.25,0.25,0.25
0.00023169601482854495,0.9993049119555144,0.00023169601482854495,0.00023169601482854495
0.7747248259640954,0.00010826227305255665,0.11258345588142597,0.11258345588142597

Transition Gammas
1.0,1.0,3490.8553621455526,8433.144637854457
4520.0,2195.0,1.0,1.0
1.0,1.0,1.0,1.0
1.0,1.0,1.0,1.0

1.0,1.0,1.0,1.0
1.0,1.0,1.0,1.0
1.0,4313.0,1.0,1.0
7156.0,1.0,1039.9140227433759,1039.9140227433759

Iteration: ,37500
Error:,0.2737366630269173
Absolute Error:,0.3482977666158883
Transition Probabilities
7.822889775483049e-05,7.822889775483049e-05,0.29423816369022376,0.7056053785142665
0.6734976460814179,0.3262254223206868,0.00013846579894765993,0.00013846579894765993
0.25,0.25,0.25,0.25
0.25,0.25,0.25,0.25

0.25,0.25,0.25,0.25
0.25,0.25,0.25,0.25
0.00021561017680034498,0.999353169469599,0.00021561017680034498,0.00021561017680034498
0.775875425736175,0.00010128922006999674,0.11201164252187745,0.11201164252187745

Transition Gammas
1.0,1.0,3761.2464464521377,9019.753553547886
4864.0,2356.0,1.0,1.0
1.0,1.0,1.0,1.0
1.0,1.0,1.0,1.0

1.0,1.0,1.0,1.0
1.0,1.0,1.0,1.0
1.0,4635.0,1.0,1.0
7660.0,1.0,1105.8594630748553,1105.8594630748553

Iteration: ,40000
Error:,0.2720164853607221
Absolute Error:,0.3483396480894169
Transition Probabilities
7.328691828508601e-05,7.328691828508601e-05,0.2943855206052567,0.7054679055581732
0.673374010125925,0.3263663507724263,0.00012981955082435416,0.00012981955082435416
0.25,0.25,0.25,0.25
0.25,0.25,0.25,0.25

0.25,0.25,0.25,0.25
0.25,0.25,0.25,0.25
0.00020214271275520516,0.9993935718617344,0.00020214271275520516,0.00020214271275520516
0.7768677610879565,9.492519074877279e-05,0.11151865686064744,0.11151865686064744

Transition Gammas
1.0,1.0,4016.890428658733,9626.109571341287
5187.0,2514.0,1.0,1.0
1.0,1.0,1.0,1.0
1.0,1.0,1.0,1.0

1.0,1.0,1.0,1.0
1.0,1.0,1.0,1.0
1.0,4944.0,1.0,1.0
8184.0,1.0,1174.8057178604001,1174.8057178604001

Iteration: ,42500
Error:,0.2743546444619449
Absolute Error:,0.3484368838545897
Transition Probabilities
6.901311249137337e-05,6.901311249137337e-05,0.2943848378314757,0.7054771359435416
0.672651764993282,0.327103945279101,0.00012214486380847684,0.00012214486380847684
0.25,0.25,0.25,0.25
0.25,0.25,0.25,0.25

0.25,0.25,0.25,0.25
0.25,0.25,0.25,0.25
0.00019033117624666921,0.99942900647126,0.00019033117624666921,0.00019033117624666921
0.7772955408874508,8.938541178558542e-05,0.11130753685038174,0.11130753685038174

Transition Gammas
1.0,1.0,4265.636300178083,10222.363699821917
5507.0,2678.0,1.0,1.0
1.0,1.0,1.0,1.0
1.0,1.0,1.0,1.0

1.0,1.0,1.0,1.0
1.0,1.0,1.0,1.0
1.0,5251.0,1.0,1.0
8696.0,1.0,1245.2539472255532,1245.2539472255532

Iteration: ,45000
Error:,0.27291312889885483
Absolute Error:,0.3486230340163744
Transition Probabilities
6.51423360041691e-05,6.51423360041691e-05,0.2943326607358344,0.7055370545921573
0.6711602719207282,0.3286092867841917,0.00011522064754003918,0.00011522064754003918
0.25,0.25,0.25,0.25
0.25,0.25,0.25,0.25

0.25,0.25,0.25,0.25
0.25,0.25,0.25,0.25
0.00017998560115190784,0.9994600431965442,0.00017998560115190784,0.00017998560115190784
0.7781164109250354,8.438525224216846e-05,0.11089960191136126,0.11089960191136126

Transition Gammas
1.0,1.0,4518.300674955794,10830.699325044206
5825.0,2852.0,1.0,1.0
1.0,1.0,1.0,1.0
1.0,1.0,1.0,1.0

1.0,1.0,1.0,1.0
1.0,1.0,1.0,1.0
1.0,5553.0,1.0,1.0
9221.0,1.0,1314.2059656716085,1314.2059656716085

Iteration: ,47500
Error:,0.27151134178669006
Absolute Error:,0.3486483146285931
Transition Probabilities
6.177033788374824e-05,6.177033788374824e-05,0.29425054363831055,0.7056259156859219
0.6709205933682374,0.3288612565445026,0.00010907504363001745,0.00010907504363001745
0.25,0.25,0.25,0.25
0.25,0.25,0.25,0.25

0.25,0.25,0.25,0.25
0.25,0.25,0.25,0.25
0.00017064846416382253,0.9994880546075086,0.00017064846416382253,0.00017064846416382253
0.777003007105648,8.000442824399176e-05,0.111458494233054,0.111458494233054

Transition Gammas
1.0,1.0,4763.622050960608,11423.377949039388
6151.0,3015.0,1.0,1.0
1.0,1.0,1.0,1.0
1.0,1.0,1.0,1.0

1.0,1.0,1.0,1.0
1.0,1.0,1.0,1.0
1.0,5857.0,1.0,1.0
9712.0,1.0,1393.1540625868345,1393.1540625868345

Iteration: ,50000
Error:,0.26898054481522454
Absolute Error:,0.3484653697863286
Transition Probabilities
5.866478939340609e-05,5.866478939340609e-05,0.29413628175485185,0.7057463886663613
0.6723099293726631,0.3274823431657665,0.0001038637307852098,0.0001038637307852098
0.25,0.25,0.25,0.25
0.25,0.25,0.25,0.25

0.25,0.25,0.25,0.25
0.25,0.25,0.25,0.25
0.00016212710765239947,0.9995136186770428,0.00016212710765239947,0.00016212710765239947
0.7769127389713841,7.595197369942165e-05,0.11150565452745828,0.11150565452745828

Transition Gammas
1.0,1.0,5013.847058793203,12030.152941206792
6473.0,3153.0,1.0,1.0
1.0,1.0,1.0,1.0
1.0,1.0,1.0,1.0

1.0,1.0,1.0,1.0
1.0,1.0,1.0,1.0
1.0,6165.0,1.0,1.0
10229.0,1.0,1468.1073986140186,1468.1073986140186

Iteration: ,52500
Error:,0.2722588274251314
Absolute Error:,0.34831671168783285
Transition Probabilities
5.59221563583492e-05,5.59221563583492e-05,0.2937307677891894,0.7061573878980939
0.6731301939058172,0.32667194301543334,9.893153937475267e-05,9.893153937475267e-05
0.25,0.25,0.25,0.25
0.25,0.25,0.25,0.25

0.25,0.25,0.25,0.25
0.25,0.25,0.25,0.25
0.00015444015444015445,0.9995366795366796,0.00015444015444015445,0.00015444015444015445
0.7758815038951857,7.236350530639673e-05,0.11202306629975389,0.11202306629975389

Transition Gammas
1.0,1.0,5252.4935896062825,12627.50641039371
6804.0,3302.0,1.0,1.0
1.0,1.0,1.0,1.0
1.0,1.0,1.0,1.0

1.0,1.0,1.0,1.0
1.0,1.0,1.0,1.0
1.0,6472.0,1.0,1.0
10722.0,1.0,1548.0602525462702,1548.0602525462702

Iteration: ,55000
Error:,0.2710241313954196
Absolute Error:,0.34843203795855704
Transition Probabilities
5.338458253256461e-05,5.338458253256461e-05,0.29334765452017286,0.7065455763147619
0.6718573046432617,0.32795394488486224,9.437523593808984e-05,9.437523593808984e-05
0.25,0.25,0.25,0.25
0.25,0.25,0.25,0.25

0.25,0.25,0.25,0.25
0.25,0.25,0.25,0.25
0.00014764506127270044,0.9995570648161819,0.00014764506127270044,0.00014764506127270044
0.7761420552476787,6.902721942793299e-05,0.11189445876644673,0.11189445876644673

Transition Gammas
1.0,1.0,5494.988264471877,13235.011735528118
7119.0,3475.0,1.0,1.0
1.0,1.0,1.0,1.0
1.0,1.0,1.0,1.0

1.0,1.0,1.0,1.0
1.0,1.0,1.0,1.0
1.0,6770.0,1.0,1.0
11244.0,1.0,1621.019355752389,1621.019355752389

Iteration: ,57500
Error:,0.27080630322825705
Absolute Error:,0.34818321683246967
Transition Probabilities
5.105427068974321e-05,5.105427068974321e-05,0.2920930446594222,0.7078048467991983
0.672621746621928,0.3271968803845107,9.068649678062936e-05,9.068649678062936e-05
0.25,0.25,0.25,0.25
0.25,0.25,0.25,0.25

0.25,0.25,0.25,0.25
0.25,0.25,0.25,0.25
0.00014166312508853945,0.9995750106247344,0.00014166312508853945,0.00014166312508853945
0.7759212182944041,6.586767557677453e-05,0.11200645701500964,0.11200645701500964

Transition Gammas
1.0,1.0,5721.226465744101,13863.773534255892
7417.0,3608.0,1.0,1.0
1.0,1.0,1.0,1.0
1.0,1.0,1.0,1.0

1.0,1.0,1.0,1.0
1.0,1.0,1.0,1.0
1.0,7056.0,1.0,1.0
11780.0,1.0,1700.4768429160113,1700.4768429160113

Iteration: ,60000
Error:,0.2702397387397807
Absolute Error:,0.3480840076774082
Transition Probabilities
4.896200548374464e-05,4.896200548374464e-05,0.29143764637455355,0.708464429614479
0.67278739883387,0.3270385519101906,8.702462796971542e-05,8.702462796971542e-05
0.25,0.25,0.25,0.25
0.25,0.25,0.25,0.25

0.25,0.25,0.25,0.25
0.25,0.25,0.25,0.25
0.0001359064963305246,0.9995922805110085,0.0001359064963305246,0.0001359064963305246
0.7749243861058541,6.308404315417244e-05,0.11250626492549586,0.11250626492549586

Transition Gammas
1.0,1.0,5952.322489553879,14469.67751044611
7731.0,3758.0,1.0,1.0
1.0,1.0,1.0,1.0
1.0,1.0,1.0,1.0

1.0,1.0,1.0,1.0
1.0,1.0,1.0,1.0
1.0,7355.0,1.0,1.0
12284.0,1.0,1783.4345945541158,1783.4345945541158

Iteration: ,62500
Error:,0.2709128540089494
Absolute Error:,0.34805182637405396
Transition Probabilities
4.695938013618222e-05,4.695938013618222e-05,0.2904433090606328,0.7094627721790949
0.6720749351844109,0.32775779877895794,8.363301831563101e-05,8.363301831563101e-05
0.25,0.25,0.25,0.25
0.25,0.25,0.25,0.25

0.25,0.25,0.25,0.25
0.25,0.25,0.25,0.25
0.00013090718680455556,0.9996072784395863,0.00013090718680455556,0.00013090718680455556
0.775712030088644,6.044195341192489e-05,0.11211376397897198,0.11211376397897198

Transition Gammas
1.0,1.0,6184.990266446173,15108.009733553821
8036.0,3919.0,1.0,1.0
1.0,1.0,1.0,1.0
1.0,1.0,1.0,1.0

1.0,1.0,1.0,1.0
1.0,1.0,1.0,1.0
1.0,7636.0,1.0,1.0
12834.0,1.0,1854.8997451305488,1854.8997451305488

Iteration: ,65000
Error:,0.2679461736666582
Absolute Error:,0.34800485732902076
Transition Probabilities
4.517323937299545e-05,4.517323937299545e-05,0.2894674463844521,0.7104422071368018
0.6714975845410628,0.328341384863124,8.051529790660226e-05,8.051529790660226e-05
0.25,0.25,0.25,0.25
0.25,0.25,0.25,0.25

0.25,0.25,0.25,0.25
0.25,0.25,0.25,0.25
0.00012619888944977284,0.9996214033316507,0.00012619888944977284,0.00012619888944977284
0.7748688932620688,5.804261372749578e-05,0.11253653206210185,0.11253653206210185

Transition Gammas
1.0,1.0,6407.940860612615,15727.05913938738
8340.0,4078.0,1.0,1.0
1.0,1.0,1.0,1.0
1.0,1.0,1.0,1.0

1.0,1.0,1.0,1.0
1.0,1.0,1.0,1.0
1.0,7921.0,1.0,1.0
13350.0,1.0,1938.8605170409712,1938.8605170409712

Iteration: ,67500
Error:,0.26761220919721934
Absolute Error:,0.34811308353243964
Transition Probabilities
4.3514207388712415e-05,4.3514207388712415e-05,0.28971320596947797,0.7101997656157447
0.6708997986681121,0.3289453306489082,7.743534148985597e-05,7.743534148985597e-05
0.25,0.25,0.25,0.25
0.25,0.25,0.25,0.25

0.25,0.25,0.25,0.25
0.25,0.25,0.25,0.25
0.00012153621779290228,0.9996353913466213,0.00012153621779290228,0.00012153621779290228
0.7744684016323031,5.592637215715649e-05,0.11273783599776986,0.11273783599776986

Transition Gammas
1.0,1.0,6657.899186384573,16321.100813615429
8664.0,4248.0,1.0,1.0
1.0,1.0,1.0,1.0
1.0,1.0,1.0,1.0

1.0,1.0,1.0,1.0
1.0,1.0,1.0,1.0
1.0,8225.0,1.0,1.0
13848.0,1.0,2015.8260164090334,2015.8260164090334

Iteration: ,70000
Error:,0.2715735613548822
Absolute Error:,0.3483002327899525
Transition Probabilities
4.197624144734077e-05,4.197624144734077e-05,0.29082627647438186,0.7090897710427234
0.6705374423105553,0.3293136817031413,7.443799315170463e-05,7.443799315170463e-05
0.25,0.25,0.25,0.25
0.25,0.25,0.25,0.25

0.25,0.25,0.25,0.25
0.25,0.25,0.25,0.25
0.00011690437222352116,0.9996492868833294,0.00011690437222352116,0.00011690437222352116
0.7743118175688051,5.404940789953965e-05,0.11281706651164775,0.11281706651164775

Transition Gammas
1.0,1.0,6928.354384449204,16892.645615550813
9008.0,4424.0,1.0,1.0
1.0,1.0,1.0,1.0
1.0,1.0,1.0,1.0

1.0,1.0,1.0,1.0
1.0,1.0,1.0,1.0
1.0,8551.0,1.0,1.0
14326.0,1.0,2087.295141536761,2087.295141536761

Iteration: ,72500
Error:,0.27180398766658725
Absolute Error:,0.3481450114009225
Transition Probabilities
4.048255202007937e-05,4.048255202007937e-05,0.29068479385393514,0.7092342410420247
0.6716568302864546,0.3281992226860515,7.197351374694113e-05,7.197351374694113e-05
0.25,0.25,0.25,0.25
0.25,0.25,0.25,0.25

0.25,0.25,0.25,0.25
0.25,0.25,0.25,0.25
0.0001128158844765343,0.9996615523465704,0.0001128158844765343,0.0001128158844765343
0.7753342783516568,5.214434584381309e-05,0.11230678865124966,0.11230678865124966

Transition Gammas
1.0,1.0,7180.495777779902,17519.504222220083
9332.0,4560.0,1.0,1.0
1.0,1.0,1.0,1.0
1.0,1.0,1.0,1.0

1.0,1.0,1.0,1.0
1.0,1.0,1.0,1.0
1.0,8861.0,1.0,1.0
14869.0,1.0,2153.767332466686,2153.767332466686

Iteration: ,74999
Error:,0.27187067817976607
Absolute Error:,0.34804974151660617
Transition Probabilities
3.912210007433199e-05,3.912210007433199e-05,0.2897700484600016,0.7101517073398498
0.6715211483520312,0.32833948853738415,6.968155529231412e-05,6.968155529231412e-05
0.25,0.25,0.25,0.25
0.25,0.25,0.25,0.25

0.25,0.25,0.25,0.25
0.25,0.25,0.25,0.25
0.00010931351114997814,0.99967205946655,0.00010931351114997814,0.00010931351114997814
0.7752986893945139,5.033099775347402e-05,0.11232548980386632,0.11232548980386632

Transition Gammas
1.0,1.0,7406.8122086861,18152.1877913139
9637.0,4712.0,1.0,1.0
1.0,1.0,1.0,1.0
1.0,1.0,1.0,1.0

1.0,1.0,1.0,1.0
1.0,1.0,1.0,1.0
1.0,9145.0,1.0,1.0
15404.0,1.0,2231.735805319163,2231.735805319163

*,*,*,*,*,*,*,*,*,*,*
Model Num 2
Model States: 
"['diamond', 'x', 'square']","['diamond', 'x', 'diamond']","['square', 'y', 'diamond', 'x', 'diamond']","['square', 'y', 'diamond', 'x', 'square']"
Iteration: ,74999
Error:,0.2702242216068431
Absolute Error:,0.34804832452043766
Transition Probabilities
3.912056959549331e-05,3.912056959549331e-05,0.2897587124906541,0.7101630463701549
0.6715211483520312,0.32833948853738415,6.968155529231412e-05,6.968155529231412e-05
0.25,0.25,0.25,0.25
0.25,0.25,0.25,0.25

0.25,0.25,0.25,0.25
0.25,0.25,0.25,0.25
0.00010931351114997814,0.99967205946655,0.00010931351114997814,0.00010931351114997814
0.7752986893945139,5.033099775347402e-05,0.11232548980386632,0.11232548980386632

Transition Gammas
1.0,1.0,7406.8122086861,18153.1877913139
9637.0,4712.0,1.0,1.0
1.0,1.0,1.0,1.0
1.0,1.0,1.0,1.0

1.0,1.0,1.0,1.0
1.0,1.0,1.0,1.0
1.0,9145.0,1.0,1.0
15404.0,1.0,2231.735805319163,2231.735805319163

