0,1,2,3,4,5,6,7,8,9,10,11,12,13,14,15,16,17,18,19,20,21,22,23,24,25,26,27,28,29
github Code Version (SHA):,528ca1c557fe8e6666681dc5c9134b0f84d30530
Environment Observations,Environment Actions,alpha,epsilon,numActions,explore,patience,gainThresh,insertRandActions,useUpdatedPosterior,revisedSplitting,haveControl,confidence_factor
"['diamond', 'square']","['x', 'y']",0.75,0.99,75000,0.5,0,0.01,False,True,False,True,250

Model Num 0
Model States: 
['diamond'],['square']
Iteration: ,0
Error:,0.40328529205855523
Absolute Error:,1
Transition Probabilities
0.5,0.5
0.5,0.5

0.5,0.5
0.5,0.5

Transition Gammas
1.0,1.0
1.0,1.0

1.0,1.0
1.0,1.0

Iteration: ,2396
Error:,0.05951624636254262
Absolute Error:,1
Transition Probabilities
0.48128342245989303,0.5187165775401069
0.15919629057187018,0.8408037094281299

0.208,0.792
0.8414985590778098,0.1585014409221902


Model Num 1
Model States: 
['square'],"['diamond', 'x', 'square']","['diamond', 'x', 'diamond']"
Iteration: ,0
Error:,0.47420395419658845
Absolute Error:,1
Transition Probabilities
0.3333333333333333,0.3333333333333333,0.3333333333333333
0.3333333333333333,0.3333333333333333,0.3333333333333333
0.3333333333333333,0.3333333333333333,0.3333333333333333

0.3333333333333333,0.3333333333333333,0.3333333333333333
0.3333333333333333,0.3333333333333333,0.3333333333333333
0.3333333333333333,0.3333333333333333,0.3333333333333333

Transition Gammas
1.0,1.0,1.0
1.0,1.0,1.0
1.0,1.0,1.0

1.0,1.0,1.0
1.0,1.0,1.0
1.0,1.0,1.0

Iteration: ,2500
Error:,0.05259730471681182
Absolute Error:,1
Transition Probabilities
0.8244994110718492,0.09039910413099354,0.08510148479715719
0.9960159362549801,0.00199203187250996,0.00199203187250996
0.0025974025974025965,0.7504740514494876,0.24692854595310978

0.15397631133671746,0.3525367513403102,0.49348693732297233
0.7527858258295012,0.04142611382243663,0.20578806034806227
0.8303249730941257,0.09695857179335843,0.07271645511251584

Transition Gammas
700.0,76.74883940721352,72.25116059278646
500.0,1.0,1.0
1.0,288.9325098080528,95.0674901919473

91.0,208.3492200421233,291.6507799578766
41.69702066182309,2.294604208427807,11.39865910046121
59.169202620589466,6.909296439520498,5.181796050732185

Iteration: ,2941
Error:,0.05376274483309204
Absolute Error:,1
Transition Probabilities
0.8269018743109151,0.09021114111689588,0.082886984572189
0.9966722129783694,0.0016638935108153079,0.0016638935108153079
0.002188183807439825,0.7635079754111199,0.2343038407814402

0.16090425531914898,0.3644388188401435,0.4746569258407076
0.7289980570543549,0.04564504775523069,0.2253568951904144
0.8362783043437434,0.09468192104089497,0.06903977461536165


Model Num 2
Model States: 
"['diamond', 'x', 'square']","['diamond', 'x', 'diamond']","['square', 'y', 'diamond', 'x', 'diamond']","['square', 'y', 'diamond', 'x', 'square']"
Iteration: ,0
Error:,0.40370304066026885
Absolute Error:,0.5
Transition Probabilities
0.25,0.25,0.25,0.25
0.25,0.25,0.25,0.25
0.25,0.25,0.25,0.25
0.25,0.25,0.25,0.25

0.25,0.25,0.25,0.25
0.25,0.25,0.25,0.25
0.25,0.25,0.25,0.25
0.25,0.25,0.25,0.25

Transition Gammas
1.0,1.0,1.0,1.0
1.0,1.0,1.0,1.0
1.0,1.0,1.0,1.0
1.0,1.0,1.0,1.0

1.0,1.0,1.0,1.0
1.0,1.0,1.0,1.0
1.0,1.0,1.0,1.0
1.0,1.0,1.0,1.0

Iteration: ,2500
Error:,0.27416101714230606
Absolute Error:,0.34972220176450486
Transition Probabilities
0.0011723329425556868,0.0011723329425556868,0.2930329448025393,0.7046223893123493
0.6468253968253969,0.3492063492063492,0.001984126984126984,0.001984126984126984
0.25,0.25,0.25,0.25
0.25,0.25,0.25,0.25

0.25,0.25,0.25,0.25
0.25,0.25,0.25,0.25
0.003194888178913738,0.9904153354632588,0.003194888178913738,0.003194888178913738
0.7857341495923721,0.0015436820227747979,0.10636108419242651,0.10636108419242651

Transition Gammas
1.0,1.0,249.95710191656576,601.0428980834334
326.0,176.0,1.0,1.0
1.0,1.0,1.0,1.0
1.0,1.0,1.0,1.0

1.0,1.0,1.0,1.0
1.0,1.0,1.0,1.0
1.0,310.0,1.0,1.0
509.0,1.0,68.9009022734102,68.9009022734102

Iteration: ,5000
Error:,0.26853896390567944
Absolute Error:,0.3480657043569311
Transition Probabilities
0.0005861664712778434,0.0005861664712778434,0.2936177675654187,0.7052098994920256
0.6680455015511892,0.3298862461220269,0.001034126163391934,0.001034126163391934
0.25,0.25,0.25,0.25
0.25,0.25,0.25,0.25

0.25,0.25,0.25,0.25
0.25,0.25,0.25,0.25
0.0016286644951140066,0.995114006514658,0.0016286644951140066,0.0016286644951140066
0.7742330535879088,0.0007590520133214792,0.1125039471993849,0.1125039471993849

Transition Gammas
1.0,1.0,500.9119114666039,1203.0880885333947
646.0,319.0,1.0,1.0
1.0,1.0,1.0,1.0
1.0,1.0,1.0,1.0

1.0,1.0,1.0,1.0
1.0,1.0,1.0,1.0
1.0,611.0,1.0,1.0
1020.0,1.0,148.21638731591958,148.21638731591958

Iteration: ,7500
Error:,0.27168379194861947
Absolute Error:,0.34596416646256267
Transition Probabilities
0.00039154267815191856,0.00039154267815191856,0.27749360067832873,0.7217233139653674
0.6711840228245364,0.3273894436519258,0.0007132667617689016,0.0007132667617689016
0.25,0.25,0.25,0.25
0.25,0.25,0.25,0.25

0.25,0.25,0.25,0.25
0.25,0.25,0.25,0.25
0.0011135857461024498,0.9966592427616926,0.0011135857461024498,0.0011135857461024498
0.7726747885978391,0.0004956220581127897,0.11341479467202399,0.11341479467202399

Transition Gammas
1.0,1.0,708.7186561324515,1843.2813438675482
941.0,459.0,1.0,1.0
1.0,1.0,1.0,1.0
1.0,1.0,1.0,1.0

1.0,1.0,1.0,1.0
1.0,1.0,1.0,1.0
1.0,895.0,1.0,1.0
1559.0,1.0,228.8332264788222,228.8332264788222

Iteration: ,10000
Error:,0.27472681298182616
Absolute Error:,0.34569667070820076
Transition Probabilities
0.0002935995302407516,0.0002935995302407516,0.2781696940209466,0.7212431069185719
0.675345377258236,0.3235919234856536,0.0005313496280552603,0.0005313496280552603
0.25,0.25,0.25,0.25
0.25,0.25,0.25,0.25

0.25,0.25,0.25,0.25
0.25,0.25,0.25,0.25
0.0008271298593879239,0.9975186104218362,0.0008271298593879239,0.0008271298593879239
0.7717107683410578,0.00037352892949712383,0.11395785136472245,0.11395785136472245

Transition Gammas
1.0,1.0,947.4459778353441,2456.5540221646556
1271.0,609.0,1.0,1.0
1.0,1.0,1.0,1.0
1.0,1.0,1.0,1.0

1.0,1.0,1.0,1.0
1.0,1.0,1.0,1.0
1.0,1206.0,1.0,1.0
2066.0,1.0,305.08440542514904,305.08440542514904

Iteration: ,12500
Error:,0.2692254973200021
Absolute Error:,0.34579182526119023
Transition Probabilities
0.00023408239700374513,0.00023408239700374513,0.27908262365660386,0.7204492115493886
0.6762834111158252,0.32286805260924906,0.00042426813746287653,0.00042426813746287653
0.25,0.25,0.25,0.25
0.25,0.25,0.25,0.25

0.25,0.25,0.25,0.25
0.25,0.25,0.25,0.25
0.0006613756613756613,0.998015873015873,0.0006613756613756613,0.0006613756613756613
0.7746043499120426,0.0002986138588712578,0.11254851811454311,0.11254851811454311

Transition Gammas
1.0,1.0,1192.2409682610128,3077.7590317389904
1594.0,761.0,1.0,1.0
1.0,1.0,1.0,1.0
1.0,1.0,1.0,1.0

1.0,1.0,1.0,1.0
1.0,1.0,1.0,1.0
1.0,1509.0,1.0,1.0
2594.0,1.0,376.90319712544374,376.90319712544374

Iteration: ,15000
Error:,0.2726410546897612
Absolute Error:,0.346192157673188
Transition Probabilities
0.0001949317738791421,0.0001949317738791421,0.28026960855102095,0.7193405279012207
0.6747881355932204,0.3245056497175141,0.00035310734463276836,0.00035310734463276836
0.25,0.25,0.25,0.25
0.25,0.25,0.25,0.25

0.25,0.25,0.25,0.25
0.25,0.25,0.25,0.25
0.0005518763796909492,0.9983443708609272,0.0005518763796909492,0.0005518763796909492
0.7767383267392967,0.0002490344106249749,0.11150631942503912,0.11150631942503912

Transition Gammas
1.0,1.0,1437.783091866739,3690.2169081332663
1911.0,919.0,1.0,1.0
1.0,1.0,1.0,1.0
1.0,1.0,1.0,1.0

1.0,1.0,1.0,1.0
1.0,1.0,1.0,1.0
1.0,1809.0,1.0,1.0
3119.0,1.0,447.754666293721,447.754666293721

Iteration: ,17500
Error:,0.2722128390998944
Absolute Error:,0.346188782699577
Transition Probabilities
0.0001670006680026717,0.0001670006680026717,0.27997705945069024,0.7196889392133043
0.6748858447488585,0.32450532724505327,0.00030441400304414006,0.00030441400304414006
0.25,0.25,0.25,0.25
0.25,0.25,0.25,0.25

0.25,0.25,0.25,0.25
0.25,0.25,0.25,0.25
0.0004752851711026616,0.998574144486692,0.0004752851711026616,0.0004752851711026616
0.777217321574543,0.00021293625248617617,0.11128487108648542,0.11128487108648542

Transition Gammas
1.0,1.0,1676.5026319907363,4309.497368009274
2217.0,1066.0,1.0,1.0
1.0,1.0,1.0,1.0
1.0,1.0,1.0,1.0

1.0,1.0,1.0,1.0
1.0,1.0,1.0,1.0
1.0,2101.0,1.0,1.0
3650.0,1.0,522.6205955404895,522.6205955404895

Iteration: ,20000
Error:,0.2697810119696476
Absolute Error:,0.34611809712668556
Transition Probabilities
0.00014641288433382119,0.00014641288433382119,0.28209627183101865,0.7176109024003137
0.6778577138289369,0.321609379163336,0.0002664535038635758,0.0002664535038635758
0.25,0.25,0.25,0.25
0.25,0.25,0.25,0.25

0.25,0.25,0.25,0.25
0.25,0.25,0.25,0.25
0.00041356492969396195,0.9987593052109182,0.00041356492969396195,0.00041356492969396195
0.7761576960223956,0.00018684585845507836,0.11182772905957473,0.11182772905957473

Transition Gammas
1.0,1.0,1926.71753660586,4901.282463394149
2544.0,1207.0,1.0,1.0
1.0,1.0,1.0,1.0
1.0,1.0,1.0,1.0

1.0,1.0,1.0,1.0
1.0,1.0,1.0,1.0
1.0,2415.0,1.0,1.0
4154.0,1.0,598.5025838100685,598.5025838100685

Iteration: ,22500
Error:,0.27156203035897863
Absolute Error:,0.34548370737012113
Transition Probabilities
0.0001298026998961576,0.0001298026998961576,0.2812119578516197,0.718528436748588
0.6822630699450943,0.31725948913821916,0.00023872045834328001,0.00023872045834328001
0.25,0.25,0.25,0.25
0.25,0.25,0.25,0.25

0.25,0.25,0.25,0.25
0.25,0.25,0.25,0.25
0.0003676470588235294,0.9988970588235294,0.0003676470588235294,0.0003676470588235294
0.7772514855354192,0.00016551351906631586,0.11129150047275722,0.11129150047275722

Transition Gammas
1.0,1.0,2166.456923288882,5535.543076711133
2858.0,1329.0,1.0,1.0
1.0,1.0,1.0,1.0
1.0,1.0,1.0,1.0

1.0,1.0,1.0,1.0
1.0,1.0,1.0,1.0
1.0,2717.0,1.0,1.0
4696.0,1.0,672.4012703044901,672.4012703044901

Iteration: ,25000
Error:,0.26926845725170095
Absolute Error:,0.34610234974135573
Transition Probabilities
0.00011724703951225211,0.00011724703951225211,0.28104236279959655,0.718723143121379
0.6773231031543052,0.32225063938618925,0.00021312872975277067,0.00021312872975277067
0.25,0.25,0.25,0.25
0.25,0.25,0.25,0.25

0.25,0.25,0.25,0.25
0.25,0.25,0.25,0.25
0.00033046926635822867,0.9990085922009253,0.00033046926635822867,0.00033046926635822867
0.7757136059405962,0.00014946312253190678,0.11206846546843592,0.11206846546843592

Transition Gammas
1.0,1.0,2397.0103123177632,6129.989687682251
3178.0,1512.0,1.0,1.0
1.0,1.0,1.0,1.0
1.0,1.0,1.0,1.0

1.0,1.0,1.0,1.0
1.0,1.0,1.0,1.0
1.0,3023.0,1.0,1.0
5190.0,1.0,749.8067989614763,749.8067989614763

Iteration: ,27500
Error:,0.2699307236630718
Absolute Error:,0.34603625857392173
Transition Probabilities
0.00010660980810234525,0.00010660980810234525,0.2827794443820206,0.7170073360017748
0.6797372995943597,0.31987637627969867,0.00019316206297083252,0.00019316206297083252
0.25,0.25,0.25,0.25
0.25,0.25,0.25,0.25

0.25,0.25,0.25,0.25
0.25,0.25,0.25,0.25
0.0002986857825567503,0.9991039426523297,0.0002986857825567503,0.0002986857825567503
0.7756235825781297,0.00013636138934214657,0.11212002801626414,0.11212002801626414

Transition Gammas
1.0,1.0,2652.471188303357,6725.5288116966585
3519.0,1656.0,1.0,1.0
1.0,1.0,1.0,1.0
1.0,1.0,1.0,1.0

1.0,1.0,1.0,1.0
1.0,1.0,1.0,1.0
1.0,3345.0,1.0,1.0
5688.0,1.0,822.2270875734623,822.2270875734623

Iteration: ,30000
Error:,0.26924332107780563
Absolute Error:,0.3457270051508111
Transition Probabilities
9.765624999999983e-05,9.765624999999983e-05,0.27979967622891333,0.7200050112710867
0.6793458940632776,0.32029861357980804,0.00017774617845716317,0.00017774617845716317
0.25,0.25,0.25,0.25
0.25,0.25,0.25,0.25

0.25,0.25,0.25,0.25
0.25,0.25,0.25,0.25
0.0002748007694421544,0.9991755976916735,0.0002748007694421544,0.0002748007694421544
0.7749686666046938,0.0001245129605727336,0.11245341021736671,0.11245341021736671

Transition Gammas
1.0,1.0,2865.1486845840777,7372.851315415941
3822.0,1802.0,1.0,1.0
1.0,1.0,1.0,1.0
1.0,1.0,1.0,1.0

1.0,1.0,1.0,1.0
1.0,1.0,1.0,1.0
1.0,3636.0,1.0,1.0
6224.0,1.0,903.1462242974911,903.1462242974911

Iteration: ,32500
Error:,0.26931700477321063
Absolute Error:,0.3454428783280946
Transition Probabilities
9.001710324961731e-05,9.001710324961731e-05,0.27881596496537053,0.7210040008281302
0.6807318279215427,0.3189385198615461,0.00016482610845557937,0.00016482610845557937
0.25,0.25,0.25,0.25
0.25,0.25,0.25,0.25

0.25,0.25,0.25,0.25
0.25,0.25,0.25,0.25
0.00025451768897938407,0.9992364469330618,0.00025451768897938407,0.00025451768897938407
0.7751928115761902,0.00011457180188829296,0.11234630831096076,0.11234630831096076

Transition Gammas
1.0,1.0,3097.3665548003055,8009.633445199709
4130.0,1935.0,1.0,1.0
1.0,1.0,1.0,1.0
1.0,1.0,1.0,1.0

1.0,1.0,1.0,1.0
1.0,1.0,1.0,1.0
1.0,3926.0,1.0,1.0
6766.0,1.0,980.5755557593303,980.5755557593303

Iteration: ,35000
Error:,0.2690002908645703
Absolute Error:,0.3451591454706888
Transition Probabilities
8.350033400133588e-05,8.350033400133588e-05,0.27755513387264874,0.7222778654593486
0.6818251651559379,0.31786756798279303,0.00015363343063450608,0.00015363343063450608
0.25,0.25,0.25,0.25
0.25,0.25,0.25,0.25

0.25,0.25,0.25,0.25
0.25,0.25,0.25,0.25
0.00023668639053254438,0.9992899408284024,0.00023668639053254438,0.00023668639053254438
0.7756057895986873,0.00010614558500050462,0.11214403240815604,0.11214403240815604

Transition Gammas
1.0,1.0,3324.000283258846,8649.999716741171
4438.0,2069.0,1.0,1.0
1.0,1.0,1.0,1.0
1.0,1.0,1.0,1.0

1.0,1.0,1.0,1.0
1.0,1.0,1.0,1.0
1.0,4222.0,1.0,1.0
7307.0,1.0,1056.5115111252428,1056.5115111252428

Iteration: ,37500
Error:,0.2701788168610177
Absolute Error:,0.3451051474192036
Transition Probabilities
7.78452436556125e-05,7.78452436556125e-05,0.27765028365401523,0.7221940258586736
0.6824256358672223,0.3172869665181779,0.00014369880729989942,0.00014369880729989942
0.25,0.25,0.25,0.25
0.25,0.25,0.25,0.25

0.25,0.25,0.25,0.25
0.25,0.25,0.25,0.25
0.0002212878955521133,0.9993361363133436,0.0002212878955521133,0.0002212878955521133
0.7758626974131062,9.887379857437316e-05,0.11201921439415961,0.11201921439415961

Transition Gammas
1.0,1.0,3566.695543819486,9277.304456180538
4749.0,2208.0,1.0,1.0
1.0,1.0,1.0,1.0
1.0,1.0,1.0,1.0

1.0,1.0,1.0,1.0
1.0,1.0,1.0,1.0
1.0,4516.0,1.0,1.0
7847.0,1.0,1132.9514594293496,1132.9514594293496

Iteration: ,40000
Error:,0.26958676037869905
Absolute Error:,0.34516339412720304
Transition Probabilities
7.296607077708858e-05,7.296607077708858e-05,0.2786862678359,0.7211678000225458
0.6830645161290323,0.31666666666666665,0.00013440860215053763,0.00013440860215053763
0.25,0.25,0.25,0.25
0.25,0.25,0.25,0.25

0.25,0.25,0.25,0.25
0.25,0.25,0.25,0.25
0.00020652622883106156,0.9993804213135068,0.00020652622883106156,0.00020652622883106156
0.7767602062290974,9.28694651158653e-05,0.11157346215289334,0.11157346215289334

Transition Gammas
1.0,1.0,3819.3953006910133,9883.604699309
5082.0,2356.0,1.0,1.0
1.0,1.0,1.0,1.0
1.0,1.0,1.0,1.0

1.0,1.0,1.0,1.0
1.0,1.0,1.0,1.0
1.0,4839.0,1.0,1.0
8364.0,1.0,1201.4009342434852,1201.4009342434852

Iteration: ,42500
Error:,0.27180381289982536
Absolute Error:,0.3450600403308226
Transition Probabilities
6.86624553694039e-05,6.86624553694039e-05,0.2786210234646184,0.7212416516246427
0.6838840359539182,0.31586276743891634,0.000126598303582732,0.000126598303582732
0.25,0.25,0.25,0.25
0.25,0.25,0.25,0.25

0.25,0.25,0.25,0.25
0.25,0.25,0.25,0.25
0.00019425019425019425,0.9994172494172494,0.00019425019425019425,0.00019425019425019425
0.7768467903355454,8.738434087014009e-05,0.1115329126617923,0.1115329126617923

Transition Gammas
1.0,1.0,4057.8365857387084,10504.163414261313
5402.0,2495.0,1.0,1.0
1.0,1.0,1.0,1.0
1.0,1.0,1.0,1.0

1.0,1.0,1.0,1.0
1.0,1.0,1.0,1.0
1.0,5145.0,1.0,1.0
8890.0,1.0,1276.348960822842,1276.348960822842

Iteration: ,45000
Error:,0.2689194478274011
Absolute Error:,0.34491045346544397
Transition Probabilities
6.4846637701835e-05,6.4846637701835e-05,0.27881026105836654,0.7210600456662298
0.6853205512282804,0.3144397843019772,0.00011983223487118035,0.00011983223487118035
0.25,0.25,0.25,0.25
0.25,0.25,0.25,0.25

0.25,0.25,0.25,0.25
0.25,0.25,0.25,0.25
0.00018351991191044228,0.9994494402642686,0.00018351991191044228,0.00018351991191044228
0.7773814279936584,8.252456772756458e-05,0.11126802371930711,0.11126802371930711

Transition Gammas
1.0,1.0,4299.533035781081,11119.466964218956
5719.0,2624.0,1.0,1.0
1.0,1.0,1.0,1.0
1.0,1.0,1.0,1.0

1.0,1.0,1.0,1.0
1.0,1.0,1.0,1.0
1.0,5446.0,1.0,1.0
9420.0,1.0,1348.3018061558623,1348.3018061558623

Iteration: ,47500
Error:,0.2670736116862988
Absolute Error:,0.34454147525488577
Transition Probabilities
6.139866150917897e-05,6.139866150917897e-05,0.2772034232405899,0.7226737794363918
0.6867099419200546,0.3130622935884296,0.00011388224575788635,0.00011388224575788635
0.25,0.25,0.25,0.25
0.25,0.25,0.25,0.25

0.25,0.25,0.25,0.25
0.25,0.25,0.25,0.25
0.00017418568193694478,0.9994774429541892,0.00017418568193694478,0.00017418568193694478
0.7766549849997008,7.802441078960224e-05,0.11163349529475491,0.11163349529475491

Transition Gammas
1.0,1.0,4514.812154319497,11770.187845680537
6030.0,2749.0,1.0,1.0
1.0,1.0,1.0,1.0
1.0,1.0,1.0,1.0

1.0,1.0,1.0,1.0
1.0,1.0,1.0,1.0
1.0,5738.0,1.0,1.0
9954.0,1.0,1430.7508914842265,1430.7508914842265

Iteration: ,50000
Error:,0.26882652092962
Absolute Error:,0.3444040423105969
Transition Probabilities
5.8309037900874496e-05,5.8309037900874496e-05,0.27612844873817505,0.7237549331860232
0.6867744385374851,0.3130085711185852,0.00010849517196484756,0.00010849517196484756
0.25,0.25,0.25,0.25
0.25,0.25,0.25,0.25

0.25,0.25,0.25,0.25
0.25,0.25,0.25,0.25
0.00016578249336870026,0.9995026525198939,0.00016578249336870026,0.00016578249336870026
0.7767098624981097,7.40005585459327e-05,0.11160806847167225,0.11160806847167225

Transition Gammas
1.0,1.0,4735.6028958597135,12412.397104140327
6330.0,2885.0,1.0,1.0
1.0,1.0,1.0,1.0
1.0,1.0,1.0,1.0

1.0,1.0,1.0,1.0
1.0,1.0,1.0,1.0
1.0,6029.0,1.0,1.0
10496.0,1.0,1508.2057576956838,1508.2057576956838

Iteration: ,52500
Error:,0.26852313769432196
Absolute Error:,0.34454212761629505
Transition Probabilities
5.5586436909394e-05,5.5586436909394e-05,0.27706966562761703,0.7228191614985641
0.6866501854140915,0.3131437989287186,0.00010300782859497322,0.00010300782859497322
0.25,0.25,0.25,0.25
0.25,0.25,0.25,0.25

0.25,0.25,0.25,0.25
0.25,0.25,0.25,0.25
0.00015750511891636477,0.9995274846432509,0.00015750511891636477,0.00015750511891636477
0.775555965720186,7.05949358929716e-05,0.11218671967196052,0.11218671967196052

Transition Gammas
1.0,1.0,4984.483284640841,13003.516715359194
6666.0,3040.0,1.0,1.0
1.0,1.0,1.0,1.0
1.0,1.0,1.0,1.0

1.0,1.0,1.0,1.0
1.0,1.0,1.0,1.0
1.0,6346.0,1.0,1.0
10986.0,1.0,1589.1610106714436,1589.1610106714436

Iteration: ,55000
Error:,0.2706648979054698
Absolute Error:,0.3449971900566334
Transition Probabilities
5.3075739079666604e-05,5.3075739079666604e-05,0.27751954524759964,0.7223743032742411
0.6834934326602627,0.3163105273475789,9.801999607920016e-05,9.801999607920016e-05
0.25,0.25,0.25,0.25
0.25,0.25,0.25,0.25

0.25,0.25,0.25,0.25
0.25,0.25,0.25,0.25
0.00015060240963855423,0.9995481927710843,0.00015060240963855423,0.00015060240963855423
0.7760421073770769,6.741157986249799e-05,0.11194524052153033,0.11194524052153033

Transition Gammas
1.0,1.0,5228.745752010032,13610.254247989998
6973.0,3227.0,1.0,1.0
1.0,1.0,1.0,1.0
1.0,1.0,1.0,1.0

1.0,1.0,1.0,1.0
1.0,1.0,1.0,1.0
1.0,6637.0,1.0,1.0
11512.0,1.0,1660.6233046291063,1660.6233046291063

Iteration: ,57500
Error:,0.267383179767202
Absolute Error:,0.34517002111994155
Transition Probabilities
5.08001016002031e-05,5.08001016002031e-05,0.2773910435506611,0.7225073562461385
0.6820138498970616,0.31779898933183603,9.358038555118848e-05,9.358038555118848e-05
0.25,0.25,0.25,0.25
0.25,0.25,0.25,0.25

0.25,0.25,0.25,0.25
0.25,0.25,0.25,0.25
0.00014400921658986175,0.9995679723502304,0.00014400921658986175,0.00014400921658986175
0.7758413606617804,6.450293986213671e-05,0.11204706819917871,0.11204706819917871

Transition Gammas
1.0,1.0,5460.442692294774,14222.557307705265
7288.0,3396.0,1.0,1.0
1.0,1.0,1.0,1.0
1.0,1.0,1.0,1.0

1.0,1.0,1.0,1.0
1.0,1.0,1.0,1.0
1.0,6941.0,1.0,1.0
12028.0,1.0,1737.0846730189185,1737.0846730189185

Iteration: ,60000
Error:,0.2695157581076875
Absolute Error:,0.3451338156057904
Transition Probabilities
4.864759680871758e-05,4.864759680871758e-05,0.2770490671384609,0.7228536376679217
0.6819895852038068,0.3178308493445861,8.97827258035554e-05,8.97827258035554e-05
0.25,0.25,0.25,0.25
0.25,0.25,0.25,0.25

0.25,0.25,0.25,0.25
0.25,0.25,0.25,0.25
0.00013810247203424942,0.9995856925838973,0.00013810247203424942,0.00013810247203424942
0.776455656762112,6.175088728822268e-05,0.1117412961752998,0.1117412961752998

Transition Gammas
1.0,1.0,5695.020624098211,14858.97937590182
7596.0,3540.0,1.0,1.0
1.0,1.0,1.0,1.0
1.0,1.0,1.0,1.0

1.0,1.0,1.0,1.0
1.0,1.0,1.0,1.0
1.0,7238.0,1.0,1.0
12574.0,1.0,1809.5496450722487,1809.5496450722487

Iteration: ,62500
Error:,0.27088378959224835
Absolute Error:,0.34522342578258436
Transition Probabilities
4.675518982607065e-05,4.675518982607065e-05,0.2775553824118299,0.7223511072085179
0.6818064516129032,0.3180215053763441,8.602150537634408e-05,8.602150537634408e-05
0.25,0.25,0.25,0.25
0.25,0.25,0.25,0.25

0.25,0.25,0.25,0.25
0.25,0.25,0.25,0.25
0.00013225763787858748,0.9996032270863643,0.00013225763787858748,0.00013225763787858748
0.7756192895684159,5.9375280530384736e-05,0.11216066757552685,0.11216066757552685

Transition Gammas
1.0,1.0,5936.354519024224,15449.645480975796
7926.0,3697.0,1.0,1.0
1.0,1.0,1.0,1.0
1.0,1.0,1.0,1.0

1.0,1.0,1.0,1.0
1.0,1.0,1.0,1.0
1.0,7558.0,1.0,1.0
13063.0,1.0,1889.0128446320298,1889.0128446320298

Iteration: ,65000
Error:,0.2726728126509265
Absolute Error:,0.3452130670330882
Transition Probabilities
4.4945840262483695e-05,4.4945840262483695e-05,0.2775695931209235,0.7223405151985516
0.6819273118635648,0.31790711151585394,8.278831029058697e-05,8.278831029058697e-05
0.25,0.25,0.25,0.25
0.25,0.25,0.25,0.25

0.25,0.25,0.25,0.25
0.25,0.25,0.25,0.25
0.0001272426517368622,0.9996182720447894,0.0001272426517368622,0.0001272426517368622
0.776085265149266,5.7107083528275646e-05,0.11192881388360286,0.11192881388360286

Transition Gammas
1.0,1.0,6175.645877347429,16071.35412265258
8237.0,3840.0,1.0,1.0
1.0,1.0,1.0,1.0
1.0,1.0,1.0,1.0

1.0,1.0,1.0,1.0
1.0,1.0,1.0,1.0
1.0,7856.0,1.0,1.0
13590.0,1.0,1959.9812662151294,1959.9812662151294

Iteration: ,67500
Error:,0.2708707382273538
Absolute Error:,0.3451870877168984
Transition Probabilities
4.3295666103822956e-05,4.3295666103822956e-05,0.27799833729521656,0.7219150713725758
0.6825865093286557,0.31725402647105727,7.973210014351777e-05,7.973210014351777e-05
0.25,0.25,0.25,0.25
0.25,0.25,0.25,0.25

0.25,0.25,0.25,0.25
0.25,0.25,0.25,0.25
0.0001224439818782907,0.9996326680543651,0.0001224439818782907,0.0001224439818782907
0.7752892146220732,5.4996752119037616e-05,0.11232789431290385,0.11232789431290385

Transition Gammas
1.0,1.0,6420.927596507625,16674.072403492406
8561.0,3979.0,1.0,1.0
1.0,1.0,1.0,1.0
1.0,1.0,1.0,1.0

1.0,1.0,1.0,1.0
1.0,1.0,1.0,1.0
1.0,8164.0,1.0,1.0
14097.0,1.0,2042.4459624411265,2042.4459624411265

Iteration: ,70000
Error:,0.2700503087340545
Absolute Error:,0.3449623307063572
Transition Probabilities
4.174842399699405e-05,4.174842399699405e-05,0.2769040782387874,0.7230124249132187
0.6833102172907998,0.31653567575897673,7.705347511172754e-05,7.705347511172754e-05
0.25,0.25,0.25,0.25
0.25,0.25,0.25,0.25

0.25,0.25,0.25,0.25
0.25,0.25,0.25,0.25
0.00011827321111768185,0.999645180366647,0.00011827321111768185,0.00011827321111768185
0.7746842572475263,5.295538022062522e-05,0.11263139368612657,0.11263139368612657

Transition Gammas
1.0,1.0,6632.6833860536835,17318.316613946354
8868.0,4108.0,1.0,1.0
1.0,1.0,1.0,1.0
1.0,1.0,1.0,1.0

1.0,1.0,1.0,1.0
1.0,1.0,1.0,1.0
1.0,8452.0,1.0,1.0
14629.0,1.0,2126.911245219585,2126.911245219585

Iteration: ,72500
Error:,0.2704173464140887
Absolute Error:,0.3448156880542341
Transition Probabilities
4.027548431269878e-05,4.027548431269878e-05,0.27618891956445096,0.7237305294669236
0.6837868058143869,0.31606410734252705,7.454342154304882e-05,7.454342154304882e-05
0.25,0.25,0.25,0.25
0.25,0.25,0.25,0.25

0.25,0.25,0.25,0.25
0.25,0.25,0.25,0.25
0.00011437721605856113,0.9996568683518243,0.00011437721605856113,0.00011437721605856113
0.7752569523991498,5.1057491596361284e-05,0.11234599505462699,0.11234599505462699

Transition Gammas
1.0,1.0,6857.494683865766,17969.50531613428
9173.0,4240.0,1.0,1.0
1.0,1.0,1.0,1.0
1.0,1.0,1.0,1.0

1.0,1.0,1.0,1.0
1.0,1.0,1.0,1.0
1.0,8740.0,1.0,1.0
15184.0,1.0,2200.3821876481206,2200.3821876481206

Iteration: ,74999
Error:,0.2705341927128492
Absolute Error:,0.34495308733441965
Transition Probabilities
3.890445066915647e-05,3.890445066915647e-05,0.2762801026311276,0.7236420884675341
0.6827968603730107,0.3170591200403255,7.200979333189313e-05,7.200979333189313e-05
0.25,0.25,0.25,0.25
0.25,0.25,0.25,0.25

0.25,0.25,0.25,0.25
0.25,0.25,0.25,0.25
0.00011061946902654867,0.9996681415929204,0.00011061946902654867,0.00011061946902654867
0.7762430431782448,4.9332255683396555e-05,0.11185381228303588,0.11185381228303588

Transition Gammas
1.0,1.0,7101.503758030518,18600.496241969533
9482.0,4403.0,1.0,1.0
1.0,1.0,1.0,1.0
1.0,1.0,1.0,1.0

1.0,1.0,1.0,1.0
1.0,1.0,1.0,1.0
1.0,9037.0,1.0,1.0
15735.0,1.0,2267.356534452606,2267.356534452606

*,*,*,*,*,*,*,*,*,*,*
Model Num 2
Model States: 
"['diamond', 'x', 'square']","['diamond', 'x', 'diamond']","['square', 'y', 'diamond', 'x', 'diamond']","['square', 'y', 'diamond', 'x', 'square']"
Iteration: ,74999
Error:,0.2686821235680372
Absolute Error:,0.34495308763861354
Transition Probabilities
3.890445066915647e-05,3.890445066915647e-05,0.2762801026311276,0.7236420884675341
0.6827968603730107,0.3170591200403255,7.200979333189313e-05,7.200979333189313e-05
0.25,0.25,0.25,0.25
0.25,0.25,0.25,0.25

0.25,0.25,0.25,0.25
0.25,0.25,0.25,0.25
0.00011061946902654867,0.9996681415929204,0.00011061946902654867,0.00011061946902654867
0.7762540810691255,4.932982213199832e-05,0.11184829455437117,0.11184829455437117

Transition Gammas
1.0,1.0,7101.503758030518,18600.496241969533
9482.0,4403.0,1.0,1.0
1.0,1.0,1.0,1.0
1.0,1.0,1.0,1.0

1.0,1.0,1.0,1.0
1.0,1.0,1.0,1.0
1.0,9037.0,1.0,1.0
15736.0,1.0,2267.356534452606,2267.356534452606

