0,1,2,3,4,5,6,7,8,9,10,11,12,13,14,15,16,17,18,19,20,21,22,23,24,25,26,27,28,29
github Code Version (SHA):,528ca1c557fe8e6666681dc5c9134b0f84d30530
Environment Observations,Environment Actions,alpha,epsilon,numActions,explore,patience,gainThresh,insertRandActions,useUpdatedPosterior,revisedSplitting,haveControl,confidence_factor
"['diamond', 'square']","['x', 'y']",0.9,0.99,75000,0.5,0,0.01,False,True,False,True,250

Model Num 0
Model States: 
['diamond'],['square']
Iteration: ,0
Error:,0.5641770057499773
Absolute Error:,1
Transition Probabilities
0.5,0.5
0.5,0.5

0.5,0.5
0.5,0.5

Transition Gammas
1.0,1.0
1.0,1.0

1.0,1.0
1.0,1.0

Iteration: ,2454
Error:,0.10770308020378197
Absolute Error:,1
Transition Probabilities
0.4660377358490566,0.5339622641509434
0.06906906906906907,0.9309309309309309

0.096,0.904
0.9018324607329843,0.09816753926701571


Model Num 1
Model States: 
['square'],"['diamond', 'x', 'square']","['diamond', 'x', 'diamond']"
Iteration: ,0
Error:,0.619899622237607
Absolute Error:,1
Transition Probabilities
0.3333333333333333,0.3333333333333333,0.3333333333333333
0.3333333333333333,0.3333333333333333,0.3333333333333333
0.3333333333333333,0.3333333333333333,0.3333333333333333

0.3333333333333333,0.3333333333333333,0.3333333333333333
0.3333333333333333,0.3333333333333333,0.3333333333333333
0.3333333333333333,0.3333333333333333,0.3333333333333333

Transition Gammas
1.0,1.0,1.0
1.0,1.0,1.0
1.0,1.0,1.0

1.0,1.0,1.0
1.0,1.0,1.0
1.0,1.0,1.0

Iteration: ,2500
Error:,0.07898493977312289
Absolute Error:,1
Transition Probabilities
0.9296424452133795,0.038951246302523994,0.03140630848409653
0.99581589958159,0.0020920502092050207,0.0020920502092050207
0.0029154518950437304,0.8301694112271479,0.16691513687780835

0.05573248407643312,0.35120924674698323,0.5930582691765837
0.8870644603883863,0.06703003531583515,0.045905504295778526
0.9007279790650857,0.024779570297184427,0.07449245063772977

Transition Gammas
806.0,33.770730544288305,27.22926945571169
476.0,1.0,1.0
1.0,284.74810805091187,57.25189194908829

35.0,220.55940695710547,372.44059304289453
40.90681063943416,3.0910774630954343,2.1169236908814493
93.54114886116324,2.573373457645305,7.736086339151264

Iteration: ,2841
Error:,0.07824848421849573
Absolute Error:,1
Transition Probabilities
0.9250814332247557,0.04236439801758666,0.03255416875765764
0.9964539007092199,0.0017730496453900709,0.0017730496453900709
0.0025510204081632647,0.8248645303936496,0.1725844491981871

0.068,0.3710952062536224,0.5609047937463775
0.8835114288864651,0.06493437140665348,0.05155419970688144
0.9064096539360359,0.025832424681936167,0.06775792138202788


Model Num 2
Model States: 
"['diamond', 'x', 'square']","['diamond', 'x', 'diamond']","['square', 'y', 'diamond', 'x', 'diamond']","['square', 'y', 'diamond', 'x', 'square']"
Iteration: ,0
Error:,0.5642908461491425
Absolute Error:,0.65
Transition Probabilities
0.25,0.25,0.25,0.25
0.25,0.25,0.25,0.25
0.25,0.25,0.25,0.25
0.25,0.25,0.25,0.25

0.25,0.25,0.25,0.25
0.25,0.25,0.25,0.25
0.25,0.25,0.25,0.25
0.25,0.25,0.25,0.25

Transition Gammas
1.0,1.0,1.0,1.0
1.0,1.0,1.0,1.0
1.0,1.0,1.0,1.0
1.0,1.0,1.0,1.0

1.0,1.0,1.0,1.0
1.0,1.0,1.0,1.0
1.0,1.0,1.0,1.0
1.0,1.0,1.0,1.0

Iteration: ,2500
Error:,0.03919814255892009
Absolute Error:,0.09703747292314267
Transition Probabilities
0.0020533880903490756,0.0020533880903490756,0.04249509206245729,0.9533981317568445
0.8804343597587618,0.11448949810925844,0.0025380710659898475,0.0025380710659898475
0.03462169180871357,0.038593377658501224,0.8342367262150112,0.092548204317774
0.0552249204397606,0.020629659680645493,0.8673365772391274,0.05680884264046657

0.07001091277145287,0.020967552735779292,0.09312770461495228,0.8158938298778154
0.05348492417429453,0.05348492417429453,0.5757803808033347,0.31724977084807626
0.002889545225163846,0.9527269001240894,0.02369853273111531,0.020685021919631497
0.9177874576570022,0.0033692954388326504,0.01526248334362885,0.06358076356053646

Transition Gammas
1.0,1.0,20.6951098344167,464.30489016558334
346.89113774495223,45.10886225504783,1.0,1.0
7.636851663730973,8.512926000518116,184.01591019122736,20.414279926714183
19.256520343417765,7.193409391172629,302.4338344210749,19.808822272282576

14.595964716137534,4.371342235091911,19.415383071665588,170.09859008532655
1.4496527287096432,1.4496527287096432,15.605922847511284,8.59872203415139
1.0839854089163252,357.4064352490051,8.890279158651447,7.759789239056983
318.2185659196133,1.1682142240665867,5.291863079476354,22.044950856006675

Iteration: ,5000
Error:,0.03339416536588566
Absolute Error:,0.08003212500287496
Transition Probabilities
0.0010309278350515468,0.0010309278350515468,0.0478548709982472,0.9500832733316497
0.8926081787503757,0.10477402020250391,0.0013089005235602097,0.0013089005235602097
0.029847046504390212,0.03293160143396221,0.8451100155983585,0.09211133646328917
0.05013090125557226,0.021995292314602777,0.8631677113897184,0.06470609504010655

0.06799372459665928,0.023948841192570205,0.061987414064923585,0.846070020145847
0.06279640292058945,0.046606498232536306,0.6485177698667595,0.2420793289801147
0.001455831913031259,0.931843377829453,0.03596861137752082,0.030732178879995034
0.9149390427263614,0.0016849006912007982,0.016993954578965447,0.06638210200347232

Transition Gammas
1.0,1.0,46.419224868299764,921.5807751316997
681.952648565287,80.04735143471298,1.0,1.0
13.67670501342382,15.090129549860055,387.25172976591284,42.207847165559045
35.31114064789399,15.493016105034602,607.9969778364037,45.57759716085751

28.036636869864342,9.875101973794942,25.559985556749055,348.86981206017646
3.252623115059066,2.4140454932555255,33.590839454015295,12.538820449865952
1.0877628616831803,696.2511332766221,26.87488802283328,22.96235062924123
643.4688881332465,1.184976401434616,11.951704482223345,46.68597072963381

Iteration: ,7500
Error:,0.034364223839901765
Absolute Error:,0.0736160324218437
Transition Probabilities
0.0007299270072992717,0.0007299270072992717,0.042457938778484985,0.9560822072069165
0.9078864926370358,0.09032779307724986,0.0008928571428571427,0.0008928571428571427
0.04035411470524911,0.03347326410500568,0.8434492450431187,0.08272337614662656
0.04990001025796134,0.027573483463237396,0.8590814662913363,0.06344503998746504

0.053645680723471555,0.019700162041967565,0.05826117256196998,0.868392984672591
0.0632256493418388,0.05564269533210891,0.6794239592362926,0.2017076960897596
0.0009752353718076593,0.9375075203973333,0.03352167820011369,0.027995566030745336
0.9156085578887354,0.0011219796811209877,0.01344542382605343,0.06982403860409019

Transition Gammas
1.0,1.0,58.1673761265243,1309.8326238734728
1016.8328717534803,101.16712824651987,1.0,1.0
27.44255000803457,22.76327286184474,573.5821057009582,56.25548728595853
52.37687217943752,28.942134709589585,901.723264565585,66.59422979402252

37.90683181266361,13.92042600887997,41.1682066427556,613.6193328772184
6.022634209627793,5.300310932533155,64.71933499035615,19.213905803439584
1.0921974231015281,1049.9447902697873,37.54200432695514,31.353133777718654
979.1560314917805,1.199850266268853,14.378598498031227,74.67015020038505

Iteration: ,10000
Error:,0.032746461219991405
Absolute Error:,0.06451341246462503
Transition Probabilities
0.0005773672055427254,0.0005773672055427254,0.039087414297217175,0.9597578512916973
0.90711916647152,0.09147238282425461,0.0007042253521126752,0.0007042253521126752
0.03945613439637342,0.03258276434866955,0.8433327016143705,0.08462839964058665
0.04865261662681121,0.02759670002089909,0.8708224361667731,0.05292824718551669

0.05968566824856838,0.02488910901648908,0.05510708757819245,0.86031813515675
0.06249691466652271,0.047670970669845714,0.7490260169947701,0.14080609766886154
0.000749576110284557,0.9357039266308479,0.0360985929303431,0.02744790432852443
0.9204295878475756,0.0008071666744974718,0.010423671402327722,0.06833957407559912

Transition Gammas
1.0,1.0,67.69940156278012,1662.3005984372192
1288.1092163895598,129.8907836104417,1.0,1.0
37.33213482955444,30.82877150519678,797.9344810254361,80.0726901944603
63.914846353368254,36.25373030242639,1143.9977141536344,69.5317337721804

63.05996316731402,26.296200476648107,58.22253507268248,908.9557260081145
10.716034104641668,8.173903467479162,128.43175357069927,24.14331895922022
1.0978433625871318,1370.4496863012641,52.87068264791311,40.200720341204246
1388.8455151173328,1.2179419595251317,15.72838321292323,103.11827456772535

Iteration: ,12500
Error:,0.031512991998891245
Absolute Error:,0.0606471165509008
Transition Probabilities
0.0004803073967339097,0.0004803073967339097,0.039011930841050015,0.9600274543654821
0.909971797199406,0.08887480026310843,0.0005767012687427903,0.0005767012687427903
0.04075070915336323,0.03218213393486015,0.8445556185723554,0.08251153833942125
0.05327872483685645,0.031525312304148415,0.8723122268065763,0.04288373605241897

0.05655342213359586,0.025283420163484432,0.05184840032598799,0.8663147573769318
0.050635178208059,0.027625452372242586,0.7733594718326886,0.14837989758700976
0.0005417388168810319,0.9321755547333812,0.03963475468209543,0.027647951767642318
0.9198286695417797,0.0007040990109028146,0.01065686730312643,0.06881036414419102

Transition Gammas
1.0,1.0,81.22284001106613,1998.7771599889338
1577.8910963437725,154.10890365623027,1.0,1.0
43.01684984903242,33.97177747477494,891.5212271903572,87.09999235109332
89.22946687403538,52.79756260214959,1460.9200048235596,71.82027943125911

70.69703237261838,31.60662443319269,64.81531794231289,1082.9739410370807
21.973400916951828,11.98820981715892,335.60339528531875,64.39023408387447
1.1109805664853876,1911.6756887091417,81.28168194174957,56.69953150822746
1597.891093467395,1.2231338027344532,18.51270123642973,119.5347260256894

Iteration: ,15000
Error:,0.0307982975082307
Absolute Error:,0.05649218282177326
Transition Probabilities
0.000412711514651259,0.000412711514651259,0.03618992998041734,0.9629846469902801
0.9044852026221858,0.09454674316677855,0.00048402710551790837,0.00048402710551790837
0.039549131689410856,0.031210400438167165,0.8522800128761083,0.07696045499631354
0.05006886043834925,0.03224652818913589,0.8818785340750851,0.03580607729742981

0.055234310735131985,0.027710416321743037,0.04896430175957214,0.8680909711835528
0.052493230858145806,0.030347239067725736,0.7832804535916,0.13387907648252834
0.00041910425996362404,0.932098776500615,0.03943416419524927,0.02804795504417222
0.9180047522171773,0.0006303965330848728,0.010127048605136708,0.07123780264460115

Transition Gammas
1.0,1.0,87.68820034255117,2333.3117996574474
1868.6664286174382,195.33357138256474,1.0,1.0
45.1016397218464,35.59219067541913,971.9360309789258,87.76533303770273
101.38501311193855,65.29636693640367,1785.726017280361,72.50413898988056

78.47927895572545,39.37214864365344,69.57058113911845,1233.4209041397187
38.933506591345726,22.50812939034591,580.9483280842588,99.29626775614912
1.1209928647277427,2493.1172920297636,105.47594217537528,75.02084917354578
1785.4286976294454,1.226059079037937,19.696110677237296,138.55049975563057

Iteration: ,17046
Error:,0.029663302246526926
Absolute Error:,0.0534969215464874
Transition Probabilities
0.0003717472118959107,0.0003717472118959107,0.03494306665060559,0.9643134389256026
0.9028792450791187,0.09626312198777663,0.00042881646655231495,0.00042881646655231495
0.038330854419936534,0.030654543616951534,0.8577563257279834,0.07325827623512854
0.05010878420990729,0.03217465659422584,0.886132712776299,0.03158384641956781

0.055485192669211474,0.026719938364049563,0.04653716790265267,0.8712577010640863
0.04740636752192475,0.026257678540338364,0.8002303464112602,0.1261056075264766
0.0003514875258064181,0.9306618023746049,0.03995973389497362,0.029026976204614943
0.9172171587350202,0.0005836994724435909,0.01102692088691055,0.07117222090562572

*,*,*,*,*,*,*,*,*,*,*
Model Num 2
Model States: 
"['diamond', 'x', 'square']","['diamond', 'x', 'diamond']","['square', 'y', 'diamond', 'x', 'diamond']","['square', 'y', 'diamond', 'x', 'square']"
Iteration: ,17046
Error:,0.029638160072974176
Absolute Error:,0.0534969215464874
Transition Probabilities
0.0003717472118959107,0.0003717472118959107,0.03494306665060559,0.9643134389256026
0.9028792450791187,0.09626312198777663,0.00042881646655231495,0.00042881646655231495
0.038330854419936534,0.030654543616951534,0.8577563257279834,0.07325827623512854
0.05010878420990729,0.03217465659422584,0.886132712776299,0.03158384641956781

0.055485192669211474,0.026719938364049563,0.04653716790265267,0.8712577010640863
0.04740636752192475,0.026257678540338364,0.8002303464112602,0.1261056075264766
0.0003514875258064181,0.9306618023746049,0.03995973389497362,0.029026976204614943
0.9172171587350202,0.0005836994724435909,0.01102692088691055,0.07117222090562572

Transition Gammas
1.0,1.0,93.99684929012906,2594.0031507098715
2105.514399524508,224.48560047549546,1.0,1.0
46.147817910007205,36.906046535025176,1032.6819824361576,88.19812767704326
115.67926693578745,74.27721002248661,2045.6928707824384,72.91328772861598

86.72290241784077,41.76304516361557,72.73721287921005,1361.7686621479445
47.41901274532596,26.26468254061293,800.4438006797848,126.13924506638261
1.1273105341404972,2984.870803400547,128.16110289519779,93.09694838994047
1930.693853085021,1.2286566739004714,23.211088205299806,149.81377976226722

