0,1,2,3,4,5,6,7,8,9,10,11,12,13,14,15,16,17,18,19,20,21,22,23,24,25,26,27,28,29
github Code Version (SHA):,528ca1c557fe8e6666681dc5c9134b0f84d30530
Environment Observations,Environment Actions,alpha,epsilon,numActions,explore,patience,gainThresh,insertRandActions,useUpdatedPosterior,revisedSplitting,haveControl,confidence_factor
"['diamond', 'square']","['x', 'y']",0.8,0.99,75000,0.5,0,0.01,False,True,False,True,250

Model Num 0
Model States: 
['diamond'],['square']
Iteration: ,0
Error:,0.4530042120302486
Absolute Error:,1
Transition Probabilities
0.5,0.5
0.5,0.5

0.5,0.5
0.5,0.5

Transition Gammas
1.0,1.0
1.0,1.0

1.0,1.0
1.0,1.0

Iteration: ,2416
Error:,0.07817724291444622
Absolute Error:,1
Transition Probabilities
0.4711191335740072,0.5288808664259927
0.15193798449612403,0.8480620155038759

0.166,0.834
0.8464730290456431,0.15352697095435686


Model Num 1
Model States: 
['square'],"['diamond', 'x', 'square']","['diamond', 'x', 'diamond']"
Iteration: ,0
Error:,0.5198731158792602
Absolute Error:,1
Transition Probabilities
0.3333333333333333,0.3333333333333333,0.3333333333333333
0.3333333333333333,0.3333333333333333,0.3333333333333333
0.3333333333333333,0.3333333333333333,0.3333333333333333

0.3333333333333333,0.3333333333333333,0.3333333333333333
0.3333333333333333,0.3333333333333333,0.3333333333333333
0.3333333333333333,0.3333333333333333,0.3333333333333333

Transition Gammas
1.0,1.0,1.0
1.0,1.0,1.0
1.0,1.0,1.0

1.0,1.0,1.0
1.0,1.0,1.0
1.0,1.0,1.0

Iteration: ,2500
Error:,0.07803990050463061
Absolute Error:,1
Transition Probabilities
0.867595818815331,0.061227241875673084,0.07117693930899589
0.9957894736842106,0.002105263157894737,0.002105263157894737
0.0027624309392265192,0.7870074769215236,0.2102300921392498

0.15422077922077923,0.3061348665321187,0.5396443542471021
0.6304513921989173,0.2355213609614137,0.13402724683966888
0.8801581251693826,0.04045108963577824,0.07939078519483922

Transition Gammas
747.0,52.716655254954524,61.28334474504547
473.0,1.0,1.0
1.0,284.89670664559156,76.10329335440844

95.0,188.5790777837851,332.4209222162149
25.503189177245766,9.527373399765862,5.4217062145514605
93.65520212795498,4.30428904511421,8.447754808931428

Iteration: ,2919
Error:,0.0725426720509279
Absolute Error:,1
Transition Probabilities
0.8670953912111469,0.06064268931514312,0.07226191947371004
0.9965457685664939,0.0017271157167530224,0.0017271157167530224
0.002257336343115124,0.7902147231377268,0.20752794051915807

0.15066666666666667,0.31722664284324686,0.5321066904900864
0.6661924912882828,0.20277097392177346,0.13103653478994373
0.8702580557306316,0.03925808001612222,0.09048386425324609


Model Num 2
Model States: 
"['diamond', 'x', 'square']","['diamond', 'x', 'diamond']","['square', 'y', 'diamond', 'x', 'diamond']","['square', 'y', 'diamond', 'x', 'square']"
Iteration: ,0
Error:,0.45374850196766636
Absolute Error:,0.55
Transition Probabilities
0.25,0.25,0.25,0.25
0.25,0.25,0.25,0.25
0.25,0.25,0.25,0.25
0.25,0.25,0.25,0.25

0.25,0.25,0.25,0.25
0.25,0.25,0.25,0.25
0.25,0.25,0.25,0.25
0.25,0.25,0.25,0.25

Transition Gammas
1.0,1.0,1.0,1.0
1.0,1.0,1.0,1.0
1.0,1.0,1.0,1.0
1.0,1.0,1.0,1.0

1.0,1.0,1.0,1.0
1.0,1.0,1.0,1.0
1.0,1.0,1.0,1.0
1.0,1.0,1.0,1.0

Iteration: ,2500
Error:,0.07305151937790831
Absolute Error:,0.12225163919046939
Transition Probabilities
0.0020920502092050225,0.0020920502092050225,0.07829688338513645,0.9175190161964535
0.7812251450894783,0.21416655997964612,0.0023041474654377876,0.0023041474654377876
0.08425169094370154,0.0572946299614854,0.7743221926456721,0.08413148644914101
0.0702817994166749,0.06269075953642309,0.7250093593814683,0.14201808166543364

0.11066929861154362,0.0583931767746145,0.05717140876451251,0.7737661158493294
0.16656508265281356,0.19879115696629174,0.4553149144708946,0.17932884590999998
0.0028665412670742805,0.8815937921940914,0.09648012816774788,0.019059538371086596
0.8761972684941202,0.004003309639494669,0.07772202249095968,0.04207739937542566

Transition Gammas
1.0,1.0,37.42591025809519,438.57408974190446
339.0517129688336,92.94828703116643,1.0,1.0
17.71925931082143,12.04982824716842,162.85033057414495,17.693978695256483
23.68259101257707,21.124667135609393,244.30365017729017,47.85529358081935

21.830207694944068,11.518417419738256,11.277416078352841,152.63018044047774
3.7955666401423263,4.529911501975943,10.375392444808973,4.086418199485234
1.033403683276702,317.81934642688736,34.781609794622,6.871067017408522
271.92648712268567,1.2424210463507919,24.12091124680202,13.058656778378865

Iteration: ,5000
Error:,0.0631811692982798
Absolute Error:,0.11102025134084463
Transition Probabilities
0.0010905125408942206,0.0010905125408942206,0.07532574690512896,0.9224932280130826
0.7826864682585101,0.2150278174557757,0.0011428571428571434,0.0011428571428571434
0.09155041643784612,0.04974213404962094,0.7708099299243241,0.0878975195882089
0.06960023615316507,0.059208748442099834,0.7335758166212478,0.13761519878348727

0.0915768394352154,0.04769231932024229,0.04608150749871823,0.8146493337458242
0.14336880758768752,0.14020751518097369,0.5692148443991917,0.1472088328321472
0.0014098475863800546,0.8851053210870339,0.09977867797526568,0.013706153351320343
0.8834738721722433,0.0022586515303766844,0.08328264737367169,0.03098482892370832

Transition Gammas
1.0,1.0,69.07370991200324,845.9262900879966
684.850659726196,188.14934027380366,1.0,1.0
42.290734114909114,22.977845948181447,356.0673896190553,40.60331754786296
49.484629897291796,42.09645204208009,521.5604111920138,97.84215624006083

35.972569449227514,18.73416116479796,18.101413403718006,320.00481689117436
5.585740648392714,5.462574669720285,22.176975225831146,5.735350493516895
1.040473827744163,653.2116877631739,73.63711085021554,10.115202507608107
497.1935900956,1.2711038758868534,46.869069640475836,17.4373672117754

Iteration: ,7500
Error:,0.04868420274341303
Absolute Error:,0.10167288062957643
Transition Probabilities
0.0007704160246533122,0.0007704160246533122,0.06547215978211174,0.9329870081685817
0.8029050773951608,0.19543654781213618,0.0008291873963515755,0.0008291873963515755
0.08806300496703892,0.05026807365589241,0.7646639606807653,0.09700496069630343
0.07076712251778144,0.05766048919198653,0.7417797147464772,0.12979267354375484

0.0899831035244848,0.046644377224762494,0.04508534190050259,0.81828717735025
0.11838864695572751,0.09040905313441865,0.6347237493092786,0.15647855060057528
0.0009545658282643917,0.872196215652257,0.11622656388300384,0.010622654636474747
0.8816598086835166,0.0014161024120487435,0.0861308634849538,0.030793225419480836

Transition Gammas
1.0,1.0,84.9828633971811,1211.01713660282
968.3035233385639,235.69647666143624,1.0,1.0
65.69023967946032,37.4972646903917,570.3979652995696,72.36045511531067
71.04918607777935,57.89031233971486,744.7362999463778,130.31000111422657

59.15505222639714,30.66409651060535,29.63918391682826,537.9434451177126
10.74970084091099,8.209150957426399,57.63297915084445,14.208267855317008
1.0533317637397288,962.4396253850057,128.25216229548906,11.721747429593531
808.6955693552203,1.2989088706301033,79.00286142001576,28.24484536736972

Iteration: ,10000
Error:,0.045029754535954536
Absolute Error:,0.0896932521546458
Transition Probabilities
0.0006079027355623092,0.0006079027355623092,0.06710507850206908,0.9316791160268063
0.8162550847102075,0.18243772574730896,0.0006535947712418299,0.0006535947712418299
0.08954496089237861,0.046840666744078975,0.7748252880653589,0.08878908429818355
0.06881907626784182,0.05425342564084954,0.7622056650463901,0.11472183304491855

0.08716535881166979,0.05639382332437222,0.05247117809731715,0.8039696397666408
0.09394754375424458,0.05533424331950106,0.7035356107100346,0.1471826022162199
0.0007162346440150511,0.8770088075487134,0.11414459877585909,0.008130359031412484
0.8737815354285671,0.0009963292689779432,0.0943273047788708,0.03089483052358414

Transition Gammas
1.0,1.0,110.3878541359038,1532.6121458640985
1248.8702796066177,279.1297203933828,1.0,1.0
91.30018201011845,47.75881698524145,790.0130741185094,90.52948905387115
81.69738526901905,64.40602311332886,904.8393737394846,136.19005516088882

84.40711375344647,54.609307243450125,50.810789501902974,778.5289679667442
17.0066813171961,10.016779624644789,127.35623996666672,26.643459863886033
1.0667268979471614,1306.1765338582513,170.00170933792026,12.108982358291332
1160.7447865352578,1.3235390744110962,125.3058376843528,41.04116647824533

Iteration: ,12500
Error:,0.046911968384470044
Absolute Error:,0.09084828831245621
Transition Probabilities
0.000497265042267528,0.000497265042267528,0.06166054085957602,0.937344929055889
0.8163498622128817,0.18255664407470712,0.0005467468562055764,0.0005467468562055764
0.0900777780910523,0.048117104506827366,0.781138345425202,0.08066677197691828
0.06853917405115408,0.057736458256235426,0.7768939396578017,0.09683042803480874

0.08686553051336937,0.05414163731151703,0.05202437333152971,0.8069684588435839
0.09135207649023767,0.0728469547655961,0.6689877974956294,0.16681317124853678
0.0005295893941515043,0.87065933093556,0.12271105567370325,0.0061000239965852705
0.8784023523916142,0.000847893082071763,0.09113512147337056,0.029614633052943495

Transition Gammas
1.0,1.0,123.99934766860753,1885.000652331395
1493.103897987362,333.89610201263963,1.0,1.0
104.53570809208668,55.840138351078785,906.5149228521625,93.61418883563336
102.34878641383601,86.21721104996737,1160.127080564098,144.59580137190292

98.1720995578214,61.18880730892044,58.79595655436811,912.0048817225733
40.99832821450447,32.69332757013172,300.2381811885282,74.86486797134498
1.092682532912636,1796.3997269147092,253.1852575045468,12.585957621178922
1379.4747092583207,1.331561851682779,143.121879006138,46.507886971468324

Iteration: ,15000
Error:,0.0462828091385195
Absolute Error:,0.09012686937643166
Transition Probabilities
0.0004226542688081148,0.0004226542688081148,0.059279600173446335,0.9398750912889374
0.8186297094710118,0.18043264402172157,0.0004688232536333799,0.0004688232536333799
0.09199291635296909,0.048478782584483834,0.7843569267048355,0.07517137435771146
0.06690800467716101,0.0575855864966308,0.792619533291608,0.08288687553460022

0.08858718810555612,0.0551423002376925,0.05035320730924446,0.8059173043475069
0.08035575424446705,0.07392628433185502,0.6610639935094096,0.18465396791426827
0.00041536669998963746,0.8655117410604697,0.1292566547039042,0.004816237535636429
0.8806285171283983,0.0007493400481830481,0.08961426080424846,0.029007882019170192

Transition Gammas
1.0,1.0,140.25553401037408,2223.744465989627
1746.1371703016691,384.86282969833235,1.0,1.0
119.10283177558219,62.76527058551553,1015.5035278466149,97.32405395338742
121.00789168454575,104.14763445716632,1433.5088767689106,149.90681765443603

113.18309347544124,70.45235609935963,64.33358921924108,1029.677265325893
58.87207680656089,54.16157100545543,484.3238740754844,135.28542770704638
1.1111716576760067,2315.3808817033287,345.7820072638843,12.884197617112903
1569.7721166998135,1.3357427004521325,159.74268960525106,51.708255493129805

Iteration: ,17255
Error:,0.04656598318710982
Absolute Error:,0.08909328112099577
Transition Probabilities
0.00037271710771524395,0.00037271710771524395,0.056768902554001,0.9424856632305685
0.8213329943910429,0.17783505885354942,0.0004159733777038265,0.0004159733777038265
0.08824799160918768,0.04837407063444514,0.792156534786141,0.07122140297022622
0.06861380075776334,0.059381354499109903,0.7988960570302659,0.07310878771286096

0.08657953880251713,0.05609609977753219,0.047432027684866936,0.8098923337350838
0.08155115396234464,0.0745923869793549,0.6588775382960426,0.18497892076225791
0.00034907378332576925,0.8647300030010802,0.13067266006334105,0.004248263152253161
0.8832466347304843,0.0006750813712747335,0.08699025073963673,0.029088033158604237

*,*,*,*,*,*,*,*,*,*,*
Model Num 2
Model States: 
"['diamond', 'x', 'square']","['diamond', 'x', 'diamond']","['square', 'y', 'diamond', 'x', 'diamond']","['square', 'y', 'diamond', 'x', 'square']"
Iteration: ,17255
Error:,0.04638647261865146
Absolute Error:,0.08909328112099577
Transition Probabilities
0.00037271710771524395,0.00037271710771524395,0.056768902554001,0.9424856632305685
0.8213329943910429,0.17783505885354942,0.0004159733777038265,0.0004159733777038265
0.08824799160918768,0.04837407063444514,0.792156534786141,0.07122140297022622
0.06861380075776334,0.059381354499109903,0.7988960570302659,0.07310878771286096

0.08657953880251713,0.05609609977753219,0.047432027684866936,0.8098923337350838
0.08155115396234464,0.0745923869793549,0.6588775382960426,0.18497892076225791
0.00034907378332576925,0.8647300030010802,0.13067266006334105,0.004248263152253161
0.8832466347304843,0.0006750813712747335,0.08699025073963673,0.029088033158604237

Transition Gammas
1.0,1.0,152.31096555238477,2528.6890344476165
1974.4845185160693,427.5154814839333,1.0,1.0
123.82316888513655,67.87498059283665,1111.4964839616453,99.93269702129444
143.67038920876155,124.33857647311983,1672.8078926293365,153.08243923652674

123.87228538730032,80.25859431529935,67.86261224236675,1158.7404562901445
81.59345970905704,74.63108277306101,659.2193397898941,185.07488103980978
1.1232528165994602,2782.5361223491204,420.47968217570866,13.670100074432591
1753.847720514087,1.3404975208685632,172.7350515331605,57.75960942667316

