0,1,2,3,4,5,6,7,8,9,10,11,12,13,14,15,16,17,18,19,20,21,22,23,24,25,26,27,28,29
github Code Version (SHA):,528ca1c557fe8e6666681dc5c9134b0f84d30530
Environment Observations,Environment Actions,alpha,epsilon,numActions,explore,patience,gainThresh,insertRandActions,useUpdatedPosterior,revisedSplitting,haveControl,confidence_factor
"['diamond', 'square']","['x', 'y']",0.95,0.99,75000,0.5,0,0.01,False,True,False,True,250

Model Num 0
Model States: 
['diamond'],['square']
Iteration: ,0
Error:,0.6231248592029116
Absolute Error:,1
Transition Probabilities
0.5,0.5
0.5,0.5

0.5,0.5
0.5,0.5

Transition Gammas
1.0,1.0
1.0,1.0

1.0,1.0
1.0,1.0

Iteration: ,2489
Error:,0.13887555644151633
Absolute Error:,1
Transition Probabilities
0.47058823529411764,0.5294117647058824
0.05788712011577424,0.9421128798842258

0.068,0.932
0.9394736842105263,0.060526315789473685


Model Num 1
Model States: 
['square'],"['diamond', 'x', 'square']","['diamond', 'x', 'diamond']"
Iteration: ,0
Error:,0.6753742833901986
Absolute Error:,1
Transition Probabilities
0.3333333333333333,0.3333333333333333,0.3333333333333333
0.3333333333333333,0.3333333333333333,0.3333333333333333
0.3333333333333333,0.3333333333333333,0.3333333333333333

0.3333333333333333,0.3333333333333333,0.3333333333333333
0.3333333333333333,0.3333333333333333,0.3333333333333333
0.3333333333333333,0.3333333333333333,0.3333333333333333

Transition Gammas
1.0,1.0,1.0
1.0,1.0,1.0
1.0,1.0,1.0

1.0,1.0,1.0
1.0,1.0,1.0
1.0,1.0,1.0

Iteration: ,2500
Error:,0.09885992021524023
Absolute Error:,1
Transition Probabilities
0.9497663551401869,0.03238285858266071,0.017850786277152367
0.9955654101995566,0.0022172949002217295,0.0022172949002217295
0.003095975232198141,0.9058555237705972,0.09104850099720464

0.03840245775729646,0.28431218832070543,0.6772853539219982
0.8420536705958396,0.09988866161973622,0.05805766778442416
0.9807342703613282,0.007835052231222989,0.011430677407448875

Transition Gammas
813.0,27.719726946757568,15.280273053242427
449.0,1.0,1.0
1.0,292.59133417790304,29.408665822097113

25.0,185.08723459677927,440.9127654032209
41.46089120946589,4.918300432731938,2.8586332818691185
152.23998533931885,1.2162399875908523,1.774391100137005

Iteration: ,3081
Error:,0.105502685661183
Absolute Error:,1
Transition Probabilities
0.9518072289156626,0.031201178542129362,0.016991592542207983
0.9969088098918083,0.0015455950540958269,0.0015455950540958269
0.0025641025641025632,0.9010985276175448,0.09633736981835263

0.04514672686230247,0.38158356325794146,0.573269709879756
0.8615247162108074,0.09332586827517246,0.04514941551402017
0.9815645380801713,0.007497396141106581,0.010938065778722222


Model Num 2
Model States: 
"['diamond', 'x', 'square']","['diamond', 'x', 'diamond']","['square', 'y', 'diamond', 'x', 'diamond']","['square', 'y', 'diamond', 'x', 'square']"
Iteration: ,0
Error:,0.622857092515382
Absolute Error:,0.7
Transition Probabilities
0.25,0.25,0.25,0.25
0.25,0.25,0.25,0.25
0.25,0.25,0.25,0.25
0.25,0.25,0.25,0.25

0.25,0.25,0.25,0.25
0.25,0.25,0.25,0.25
0.25,0.25,0.25,0.25
0.25,0.25,0.25,0.25

Transition Gammas
1.0,1.0,1.0,1.0
1.0,1.0,1.0,1.0
1.0,1.0,1.0,1.0
1.0,1.0,1.0,1.0

1.0,1.0,1.0,1.0
1.0,1.0,1.0,1.0
1.0,1.0,1.0,1.0
1.0,1.0,1.0,1.0

Iteration: ,2500
Error:,0.04876385111733587
Absolute Error:,0.05514163446514629
Transition Probabilities
0.0020366598778004076,0.0020366598778004076,0.03219468226569401,0.9637319979787052
0.9328505789911881,0.06194108767547868,0.0026041666666666665,0.0026041666666666665
0.012023056346531696,0.053482056281728654,0.8688811121293225,0.06561377524241704
0.035078285310684305,0.030719860183332965,0.9036122041335808,0.030589650372401817

0.026720894271945208,0.01782217039467409,0.015332648605674537,0.9401242867277062
0.07820567590436504,0.10657753205255104,0.7575753503048626,0.05764144173822122
0.002665479745416525,0.9578480300490915,0.01893517387903595,0.020551316326455953
0.9588286593690314,0.0035006328788279115,0.013019921326784489,0.024650786425356237

Transition Gammas
1.0,1.0,15.807588992455756,473.1924110075442
358.2146223326162,23.785377667383813,1.0,1.0
2.8035709861379083,12.471100271746018,202.60820594687755,15.300009519932035
12.83167491458978,11.23735826317929,330.54232695822316,11.189727372736371

5.839509770338877,3.8948074525189686,3.3507542983699437,205.45214175122968
2.7217063822583114,3.7091009806946444,26.36506419927554,2.0060318902343366
1.0098915464760807,362.9075141233851,7.174120180194769,7.786440944723998
329.61352857341154,1.203401613161914,4.475817622195137,8.474123730425548

Iteration: ,5000
Error:,0.03383887577131543
Absolute Error:,0.03799674051102004
Transition Probabilities
0.0010183299389002047,0.0010183299389002047,0.030739474420566248,0.9672238657016334
0.9484879016329301,0.048883977473508936,0.001314060446780551,0.001314060446780551
0.018054077039094577,0.03894100010425784,0.8931393622987311,0.04986556055791636
0.02606550103982446,0.029236269702332104,0.9053538861260065,0.03934434313183691

0.025278888188536245,0.013930070391473346,0.011336620801422179,0.9494544206185682
0.04512018535241781,0.06148911757370222,0.853890646332101,0.03950005074177906
0.0013173538579445685,0.9541276664569647,0.02673026805762329,0.017824711627467345
0.9527317771605145,0.0017873589881325,0.01266367409316859,0.032817189758184345

Transition Gammas
1.0,1.0,30.186163880996027,949.8138361190031
721.7992931426602,37.20070685734032,1.0,1.0
8.87637160282601,19.145525233031453,439.116153969407,24.516636587781367
19.003981697502496,21.315743498560725,660.0804893569488,28.685394369949243

10.682326391000506,5.886554719554972,4.7906174776593184,401.21946577639864
2.7217063822583114,3.7091009806946444,51.507758749670515,2.3826927873572292
1.0118502447542719,732.8587584945802,20.531331132740725,13.691035794337093
648.8974897823254,1.2173549665738221,8.62512044572447,22.351508122530394

Iteration: ,7500
Error:,0.02771953664463079
Absolute Error:,0.033727561363604074
Transition Probabilities
0.0007163323782234971,0.0007163323782234971,0.03190297709060699,0.9666643581529459
0.9514850157214085,0.046738785344310876,0.0008880994671403199,0.0008880994671403199
0.022545499297099043,0.03145184968178848,0.8943836776044458,0.05161897341666671
0.024645786625402195,0.024265280691971904,0.9124940270517911,0.03859490563083498

0.026493169859178482,0.010124962025605106,0.01167844270028001,0.9517034254149364
0.04363103184608652,0.04262130438458823,0.8828478226780735,0.030899841091251767
0.0008673679214872841,0.9586208630458728,0.024676267836807066,0.01583550119583269
0.950905852099948,0.0011997221713760877,0.01420578871821489,0.03368863701046099

Transition Gammas
1.0,1.0,44.536556018487275,1349.46344398151
1071.3721277023058,52.62787229769404,1.0,1.0
16.744299223524862,23.358949618514536,664.2491133639427,38.3368549576126
26.632122484476064,26.22094954123794,986.0368047554472,41.705475652287824

18.45790446880747,7.0541042394055555,8.136420853072453,663.0558367427627
4.662874103168821,4.554963933909298,94.35046743625904,3.3022842394536003
1.0140669637129538,1120.7536316006942,28.849796471756434,18.51377969915656
972.1712111254138,1.2265518755458358,14.523476527860424,34.44202490845738

Iteration: ,10000
Error:,0.026358641540177603
Absolute Error:,0.03035115877649883
Transition Probabilities
0.000583430571761961,0.000583430571761961,0.029056458106885983,0.9697766807495901
0.9539144319917674,0.0447109975614972,0.0006872852233676973,0.0006872852233676973
0.02076963153927548,0.030193366327359375,0.8982295858243445,0.050807416309020505
0.023407751028856134,0.02501981186004059,0.9214027432848098,0.030169693826293524

0.028497613849858112,0.0124261678764292,0.010904593280996732,0.9481716249927159
0.03153211185785853,0.0372973880082395,0.9006665440486968,0.03050395608520505
0.0006317118276054286,0.9579812274646562,0.02613558590927856,0.015251474798459804
0.9521434800404863,0.0009247513255717543,0.012706767604786635,0.034225001029155336

Transition Gammas
1.0,1.0,49.802769195202515,1662.1972308047955
1387.9454985480222,65.05450145197845,1.0,1.0
21.379536129883732,31.080000868475338,924.606286189898,52.299386755641976
32.67538485554195,34.925695361859354,1286.2059753911578,42.11452674512586

28.54799718364912,12.448137146107698,10.923872430683657,949.8479775366468
7.5492835648975305,8.929581360534065,215.63373773029798,7.303126900490259
1.0184542205128235,1544.4700916583724,42.13613963154406,24.58863076288374
1268.811295007216,1.232308944559958,16.932836907416014,45.60769336526822

Iteration: ,12500
Error:,0.026183413372897167
Absolute Error:,0.03142131032768567
Transition Probabilities
0.0004916420845624391,0.0004916420845624391,0.027064070087836727,0.9719526457430383
0.9509256608630104,0.047951374510375205,0.0005614823133071306,0.0005614823133071306
0.02211742356523316,0.029065569948699323,0.9017243394180006,0.047092667068066744
0.02801377771253415,0.023670818933517482,0.9233664485164054,0.024948954837543027

0.027759459383288526,0.015578673315065525,0.010517296233941167,0.9461445710677049
0.03280182143123253,0.033860594800189936,0.8880946681850496,0.045242915583528054
0.00045608822020136783,0.9596122286685435,0.025507672840008017,0.014424010271247208
0.9530325685808859,0.0008021846316108048,0.012081655390215617,0.03408359139728764

Transition Gammas
1.0,1.0,55.048318558659844,1976.9516814413378
1693.5986019970221,85.40139800297827,1.0,1.0
24.668788823867672,32.418441731925085,1005.7431527156149,52.52506267868273
48.65963254399801,41.1159595517572,1603.877654392949,43.33606795946212

33.709256157344775,18.91771313404173,12.771510710544712,1148.9355490547762
18.2037163544917,18.791293789256912,492.8574917545243,25.108032615181838
1.025425889200931,2157.5019465227074,57.34905429450338,32.42958906438486
1467.652416557997,1.2353494013980928,18.605524421766887,52.48809634458889

Iteration: ,15000
Error:,0.026480107757236748
Absolute Error:,0.03092864915864449
Transition Probabilities
0.00042283298097251594,0.00042283298097251594,0.024628781453069112,0.9745255525849859
0.9496633707308075,0.04938470161569418,0.00047596382674916656,0.00047596382674916656
0.023259044529476285,0.029445422513977117,0.9026661445604123,0.04462938839613426
0.02756666528750875,0.022253971304957723,0.9291788959923143,0.02100046741521922

0.027115839798133545,0.017098258936480797,0.010371272565236981,0.9454146287001487
0.030994793093863167,0.02954008303012223,0.8842534634791865,0.05521166039682812
0.0003560355489054639,0.956373020708755,0.02793670517489378,0.015334238567445728
0.9544399666103371,0.0007059498217052905,0.012829213149237887,0.03202487041871976

Transition Gammas
1.0,1.0,58.24706813650844,2304.752931863491
1995.2427419054288,103.75725809457359,1.0,1.0
27.983207771678476,35.42610596446689,1086.007391218608,53.69409936978533
57.15227945291681,46.13779627289392,1926.4097188269172,43.538983400373006

38.282791948379405,24.139731404884202,14.642410960188366,1334.759011888447
26.937466957255964,25.673183496619863,768.5016119377127,47.984262165933494
1.0297633465654121,2766.122330754725,80.80146800326543,44.35129265262813
1674.0240818304596,1.2381889311442171,22.50158471363369,56.16948804945

Iteration: ,16061
Error:,0.026969143769234028
Absolute Error:,0.03122418622352003
Transition Probabilities
0.0004020908725371935,0.0004020908725371935,0.023848576642067916,0.9753472416128576
0.9476995618989571,0.05140598371821641,0.0004472271914132375,0.0004472271914132375
0.023197994474348775,0.030392258409420808,0.9031319447532423,0.04327780236298817
0.02759171376017693,0.020859137542576508,0.9309839921477664,0.020565156549480153

0.028273225884314062,0.016742699608025994,0.010180315794917889,0.9448037587127421
0.02887958758209693,0.029582294667919215,0.8823484522956995,0.05918966545428448
0.0003258844733737062,0.954384291020668,0.02965523677343061,0.01563458773252764
0.9525935402812443,0.000669319825412342,0.012730056449299865,0.03400708344404349

*,*,*,*,*,*,*,*,*,*,*
Model Num 2
Model States: 
"['diamond', 'x', 'square']","['diamond', 'x', 'diamond']","['square', 'y', 'diamond', 'x', 'diamond']","['square', 'y', 'diamond', 'x', 'square']"
Iteration: ,16061
Error:,0.027634053482035098
Absolute Error:,0.03122418622352003
Transition Probabilities
0.0004020908725371935,0.0004020908725371935,0.023848576642067916,0.9753472416128576
0.9476995618989571,0.05140598371821641,0.0004472271914132375,0.0004472271914132375
0.023197994474348775,0.030392258409420808,0.9031319447532423,0.04327780236298817
0.02759171376017693,0.020859137542576508,0.9309839921477664,0.020565156549480153

0.028273225884314062,0.016742699608025994,0.010180315794917889,0.9448037587127421
0.02887958758209693,0.029582294667919215,0.8823484522956995,0.05918966545428448
0.0003258844733737062,0.954384291020668,0.02965523677343061,0.01563458773252764
0.9525935402812443,0.000669319825412342,0.012730056449299865,0.03400708344404349

Transition Gammas
1.0,1.0,59.3114101088229,2425.6885898911764
2119.05622040607,114.94377959393202,1.0,1.0
28.824035990693808,37.76307263113978,1122.1619915763658,53.77365419619635
61.029410525177646,46.13779627289392,2059.21983473021,45.48754718469949

42.730463974233885,25.303915632389515,15.38592090980342,1427.91993879955
28.89600306104762,29.599109573397133,882.8499889746654,59.223309518785086
1.0312016937596518,3019.97418658708,93.83856209233112,49.472787654194526
1763.9373229138944,1.2393934780016138,23.57251098626086,62.97162556097649

