0,1,2,3,4,5,6,7,8,9,10,11,12,13,14,15,16,17,18,19,20,21,22,23,24,25,26,27,28,29
github Code Version (SHA):,528ca1c557fe8e6666681dc5c9134b0f84d30530
Environment Observations,Environment Actions,alpha,epsilon,numActions,explore,patience,gainThresh,insertRandActions,useUpdatedPosterior,revisedSplitting,haveControl,confidence_factor
"['diamond', 'square']","['x', 'y']",0.99,0.99,75000,0.5,0,0.01,False,True,False,True,250

Model Num 0
Model States: 
['diamond'],['square']
Iteration: ,0
Error:,0.6757678200220437
Absolute Error:,1
Transition Probabilities
0.5,0.5
0.5,0.5

0.5,0.5
0.5,0.5

Transition Gammas
1.0,1.0
1.0,1.0

1.0,1.0
1.0,1.0

Iteration: ,2447
Error:,0.14397821554387982
Absolute Error:,1
Transition Probabilities
0.4378698224852071,0.5621301775147929
0.013392857142857142,0.9866071428571429

0.034,0.966
0.979328165374677,0.020671834625323


Model Num 1
Model States: 
['square'],"['diamond', 'x', 'square']","['diamond', 'x', 'diamond']"
Iteration: ,0
Error:,0.7245790520537227
Absolute Error:,1
Transition Probabilities
0.3333333333333333,0.3333333333333333,0.3333333333333333
0.3333333333333333,0.3333333333333333,0.3333333333333333
0.3333333333333333,0.3333333333333333,0.3333333333333333

0.3333333333333333,0.3333333333333333,0.3333333333333333
0.3333333333333333,0.3333333333333333,0.3333333333333333
0.3333333333333333,0.3333333333333333,0.3333333333333333

Transition Gammas
1.0,1.0,1.0
1.0,1.0,1.0
1.0,1.0,1.0

1.0,1.0,1.0
1.0,1.0,1.0
1.0,1.0,1.0

Iteration: ,2500
Error:,0.1285471592591794
Absolute Error:,1
Transition Probabilities
0.976878612716763,0.01958517511050663,0.0035362121727303634
0.99581589958159,0.0020920502092050207,0.0020920502092050207
0.0033783783783783777,0.9830810260889568,0.013540595532664849

0.037091988130563795,0.30002526195736945,0.6628827499120667
0.8710995930525911,0.033105295331097406,0.09579511161631152
0.9803502664882289,0.01162742776785957,0.008022305743911573

Transition Gammas
845.0,16.941176470588236,3.0588235294117645
476.0,1.0,1.0
1.0,290.99198372233127,4.008016277668796

25.0,202.21702655926705,446.78297344073303
26.312998701278016,1.0,2.8936492080264435
153.74470536276343,1.8234864796845018,1.258108530276509

Iteration: ,5000
Error:,0.18317732553632712
Absolute Error:,1
Transition Probabilities
0.9783080260303688,0.018374377950746458,0.003317596018884777
0.9987484355444305,0.0006257822277847309,0.0006257822277847309
0.0027548209366391172,0.9806589782532917,0.01658620081006918

0.029930518439337254,0.6913411823706074,0.27872829919005543
0.7713070050750411,0.18945601301462345,0.039236981910335464
0.9803032202870291,0.011100484529701067,0.008596295183269835

Transition Gammas
902.0,16.941176470588236,3.0588235294117645
1596.0,1.0,1.0
1.0,355.9792091059451,6.020790894055116

56.0,1293.4993522154064,521.5006477845938
56.882354241235234,13.972003332682567,2.8936492080264435
161.0352830456775,1.8234864796845018,1.4121210655379997

Iteration: ,7500
Error:,0.1625709770793076
Absolute Error:,1
Transition Probabilities
0.9754990925589837,0.020709596061428012,0.003791311379588323
0.9991742361684558,0.00041288191577208916,0.00041288191577208916
0.002252252252252252,0.9841402020154753,0.013607545732272469

0.03167722574191398,0.7640713966807918,0.20425137757729414
0.8981593716875758,0.08290390244842401,0.01893672586400015
0.9803032202870291,0.011100484529701067,0.008596295183269835

Transition Gammas
1075.0,22.82197485969367,4.178025140306332
2420.0,1.0,1.0
1.0,436.95824969487114,6.041750305128978

95.0,2291.450118645694,612.549881354305
279.42286893389746,25.791910654373954,5.8913311333506355
161.0352830456775,1.8234864796845018,1.4121210655379997

Iteration: ,10000
Error:,0.14594977155414257
Absolute Error:,1
Transition Probabilities
0.9786096256684492,0.017651287833513572,0.0037390864980372295
0.9992438563327032,0.0003780718336483932,0.0003780718336483932
0.001557632398753894,0.9890042361453778,0.009438131455868278

0.029320186818889447,0.7538333129155785,0.21684650026553204
0.9410289868987028,0.043326431901541666,0.01564458119975546
0.9803032202870291,0.011100484529701067,0.008596295183269835

Transition Gammas
1647.0,29.707117423803343,6.292882576196657
2643.0,1.0,1.0
1.0,634.9407196053326,6.059280394667434

113.0,2905.2735879766415,835.7264120233609
787.2263030265634,36.24511814624296,13.087615782029154
161.0352830456775,1.8234864796845018,1.4121210655379997

Iteration: ,12500
Error:,0.1372785852084222
Absolute Error:,1
Transition Probabilities
0.9770066889632107,0.019901839348772245,0.0030914716880170545
0.9993548387096775,0.0003225806451612903,0.0003225806451612903
0.0010537407797681772,0.9915003472083596,0.007445912011872275

0.02745696230115492,0.7201591155236259,0.25238392217521916
0.9473604364918321,0.03959867791298971,0.013040885595178199
0.9803032202870291,0.011100484529701067,0.008596295183269835

Transition Gammas
2337.0,47.60519972226321,7.3948002777367945
3098.0,1.0,1.0
1.0,940.933829500733,7.0661704992667875

126.0,3304.810181137921,1158.1898188620814
1023.6127393551675,42.78594462257537,14.090536308577194
161.0352830456775,1.8234864796845018,1.4121210655379997

Iteration: ,13718
Error:,0.13903506314778405
Absolute Error:,1
Transition Probabilities
0.9784828592268418,0.018445425802502524,0.003071714970655756
0.9993988578298768,0.00030057108506161706,0.00030057108506161706
0.0009017132551848511,0.9900189211889953,0.009079365555819927

0.026901294498381856,0.7055739981433072,0.2675247073583108
0.9512091771105481,0.03613491401986067,0.012655908869591125
0.9803032202870291,0.011100484529701067,0.008596295183269835


Model Num 2
Model States: 
"['diamond', 'x', 'square']","['diamond', 'x', 'diamond']","['square', 'y', 'diamond', 'x', 'square']","['square', 'y', 'diamond', 'x', 'diamond']"
Iteration: ,0
Error:,0.674466876591051
Absolute Error:,0.74
Transition Probabilities
0.25,0.25,0.25,0.25
0.25,0.25,0.25,0.25
0.25,0.25,0.25,0.25
0.25,0.25,0.25,0.25

0.25,0.25,0.25,0.25
0.25,0.25,0.25,0.25
0.25,0.25,0.25,0.25
0.25,0.25,0.25,0.25

Transition Gammas
1.0,1.0,1.0,1.0
1.0,1.0,1.0,1.0
1.0,1.0,1.0,1.0
1.0,1.0,1.0,1.0

1.0,1.0,1.0,1.0
1.0,1.0,1.0,1.0
1.0,1.0,1.0,1.0
1.0,1.0,1.0,1.0

Iteration: ,2500
Error:,0.03242361507434239
Absolute Error:,0.03411627156621326
Transition Probabilities
0.002061855670103093,0.002061855670103093,0.9806988956535724,0.015177393006221482
0.9820032696527894,0.012946225296705506,0.002525252525252525,0.002525252525252525
0.01945080745480582,0.00901595605158668,0.015371079810511928,0.9561621566830956
0.016048244634605094,0.00823264698809648,0.01564888978459709,0.9600702185927014

0.007883361207866755,0.008052321486920935,0.9619575781763602,0.022106739128852037
0.042045978974187104,0.042045978974187104,0.05625869879167298,0.8596493432599528
0.9726021408893144,0.003789957657246101,0.011803950726719829,0.011803950726719829
0.002434625830010991,0.9789840490084523,0.00929066258076835,0.00929066258076835

Transition Gammas
1.0,1.0,475.6389643919826,7.361035608017419
388.8732947825047,5.126705217495381,1.0,1.0
7.393872416650737,3.427252514552617,5.843037791060987,363.46773842530945
3.85386916213914,1.977010263277522,3.7579670011091517,230.55387633761868

1.733415011986855,1.7705664600074966,211.51786185332497,4.860890229638329
1.0,1.0,1.3380280389287964,20.445459095808168
301.63027635017147,1.1753685576563895,3.6607249460388545,3.6607249460388545
1.0095453315215221,405.94688683889393,3.8524790625071295,3.8524790625071295

Iteration: ,5000
Error:,0.024444923787796766
Absolute Error:,0.02502787739653515
Transition Probabilities
0.0010460251046025093,0.0010460251046025093,0.9838458849460454,0.014062064844749566
0.9843159515748783,0.013103403263831382,0.0012903225806451615,0.0012903225806451615
0.025119099005681857,0.0048117552553559265,0.01664261480487115,0.953426530934091
0.013796206874790459,0.0060080464787590085,0.013608174943171318,0.9665875717032791

0.016112802387221303,0.007698983369573892,0.9605936775475651,0.015594536695639673
0.02233355113765893,0.02233355113765893,0.03200081177848268,0.9233320859461994
0.9767069709103429,0.0018558642979354845,0.011494147769710309,0.009943017022011275
0.0012461551204651746,0.9831935924764214,0.007780126201556701,0.007780126201556701

Transition Gammas
1.0,1.0,940.5566660084204,13.4433339915806
762.8448624705305,10.15513752946932,1.0,1.0
18.9829955956556,3.6363377842148354,12.577150297851054,720.523122004063
6.798628265222792,2.9607032556101514,6.705968071252648,476.3243727377628

7.475130408635203,3.571750172218387,445.64333607624116,7.234694043948782
1.0,1.0,1.4328581953329746,41.342824535829095
622.538264953535,1.182899860895968,7.326196108752709,6.337528808171645
1.0100887642293723,796.9415560817409,6.306291994808353,6.306291994808353

Iteration: ,7500
Error:,0.02447359337896544
Absolute Error:,0.022952899832217592
Transition Probabilities
0.0007336757153338221,0.0007336757153338221,0.9812582830803674,0.017274365488964893
0.9856787905746447,0.012551297920930413,0.0008849557522123892,0.0008849557522123892
0.026737412924068317,0.005203521473599889,0.012308955860909892,0.9557501097414218
0.015228383842822294,0.00514269184698622,0.011281273340913023,0.9683476509692784

0.014240613574580589,0.011310315909700315,0.9638904985728152,0.010558571942904027
0.028798503127311373,0.009677362700636263,0.020056062725723564,0.9414680714463287
0.9723063984155251,0.0012226255881654519,0.01573775201024081,0.010733223986068562
0.0008290173127816926,0.982388092705838,0.008400427696289906,0.008382462285090233

Transition Gammas
1.0,1.0,1337.4550398385416,23.544960161459162
1113.8170333493488,14.18296665065137,1.0,1.0
29.554748023957888,5.751819236447598,13.60595693907764,1056.457995674318
11.685277476124403,3.9461693260746857,8.65651999799753,743.0473983135552

10.68601725799299,8.48715052700739,723.2940103753871,7.923049200845689
2.9758627446523156,1.0,2.072471947796782,97.28560358540965
945.030882501014,1.1883280213266048,15.296270491541078,10.432131427053113
1.0109069377542694,1197.927863715233,10.24351422745114,10.221607135112599

Iteration: ,10000
Error:,0.021001553170963902
Absolute Error:,0.019598088836469574
Transition Probabilities
0.0005834305717619601,0.0005834305717619601,0.9838813882687241,0.014951750587751965
0.9844330679904372,0.014165390313697413,0.0007007708479327255,0.0007007708479327255
0.02350698234024986,0.004900993427940628,0.010228129157952707,0.9613638950738569
0.013504181186218399,0.003906069950856287,0.010536591555144236,0.9720531573077811

0.015689720391465482,0.008426846589859031,0.9651033403949062,0.01078009262376938
0.02485433462381539,0.008274817027169094,0.013604959108628063,0.9532658892403875
0.9750358345526021,0.0008729100738392177,0.01428960398601629,0.009801651387542477
0.0006133065461521435,0.9840240970201678,0.007698816808514217,0.007663779625165905

Transition Gammas
1.0,1.0,1686.372699492594,25.627300507406883
1404.7859880223548,20.214011977646223,1.0,1.0
32.71180288442145,6.8201153441175695,14.233241002545299,1337.8129859743353
13.642813938631013,3.9461693260746857,10.64475928987723,982.0321706837625

17.05381325575235,9.159491978996723,1049.0111824140808,11.717333508727036
5.95119117613895,1.9813452591511556,3.2576093395563013,228.2526422222431
1332.6223166006214,1.193042761671834,19.530200319138295,13.396327515051834
1.0121211436824997,1623.9050450965262,12.705123273382542,12.64730247511389

Iteration: ,12500
Error:,0.018573217318443934
Absolute Error:,0.01772428176507516
Transition Probabilities
0.0005065856129685915,0.0005065856129685915,0.9849637232916805,0.014023105482382385
0.9856063859788745,0.013253363165937308,0.0005701254275940698,0.0005701254275940698
0.022436863605732337,0.005164125481232855,0.008798358032766941,0.963600652880268
0.012488362133317929,0.0036122453773167083,0.009752068646804515,0.9741473238425609

0.01614361335521768,0.008022355721724234,0.9667732164779445,0.00906081444511366
0.013968020013569935,0.003488721475156324,0.020778242791653325,0.9617650157196204
0.9731703111855302,0.0007603784037374532,0.01607700968214964,0.009992300728582815
0.00043820679994749915,0.9848271092181097,0.007746671681124332,0.006988012300818572

Transition Gammas
1.0,1.0,1944.3183897777778,27.681610222222837
1728.7536010069484,23.246398993054072,1.0,1.0
38.82609750095118,8.936313156989879,15.225207623992965,1667.4724933992547
13.642813938631013,3.9461693260746857,10.653571432730654,1064.19965613765

21.95299102668142,10.90924932954601,1314.6724515250305,12.321403754613366
7.932840277074614,1.9813452591511556,11.800561650422171,546.2140121770884
1529.5048557927225,1.195065701644317,25.267791354545906,15.704622622827726
1.0139988901928647,2278.863759984219,17.92559241045478,16.17007476500379

Iteration: ,15000
Error:,0.018011963567004057
Absolute Error:,0.016885046904581362
Transition Probabilities
0.00044503782821539813,0.00044503782821539813,0.9854354406878834,0.013674483655685857
0.9864581639666439,0.012583981627225767,0.00047892720306513326,0.00047892720306513326
0.02121467056484763,0.005305024107419826,0.007589700002999959,0.9658906053247326
0.011584199045320879,0.004189206253005199,0.009052664310513438,0.9751739303911605

0.016029596759884128,0.007757286342824012,0.9685429609377219,0.007670155959570034
0.013169773414856523,0.0032759607931945483,0.01968382623246018,0.9638704395594888
0.9717312327174255,0.000680006916052543,0.01676608135925261,0.010822679007269426
0.0003399247025019081,0.985006362037316,0.007700517966875097,0.006953195293307158

Transition Gammas
1.0,1.0,2214.273435225675,30.726564774326135
2059.724646362356,26.27535363764745,1.0,1.0
43.99395315273196,11.001301261904267,15.739151138577581,2003.0170118093185
13.642813938631013,4.933665351976557,10.661403033048387,1148.4709851825232

25.842071839445037,12.505888573073069,1561.4339618810438,12.365421557141474
11.889662588428575,2.957535202546866,17.77054509451182,870.1815850829131
1709.4719772519493,1.1962698410738193,29.494931609657467,19.03928355784366
1.0152231502025242,2941.8316894208024,22.998458337926145,20.76649557295717

Iteration: ,15711
Error:,0.017650460891109467
Absolute Error:,0.01618005411835166
Transition Probabilities
0.0004310344827586205,0.0004310344827586205,0.9858884570035449,0.013249474030937946
0.9865919068891614,0.012492342195087647,0.0004578754578754571,0.0004578754578754571
0.02072562665898003,0.005068390408288004,0.007253771003618198,0.9669522119291137
0.012105537613991652,0.004082583588707133,0.008824326975235606,0.9749875518220656

0.015344686777213432,0.007425834283597438,0.9698807889747337,0.007348689964455426
0.011887600503767503,0.0029570222621727897,0.019147608044655158,0.9660077691894046
0.9719518916367557,0.0006617559657545887,0.016695963559628154,0.010690388837861666
0.0003193784733170327,0.985916346359228,0.007233118756049895,0.006531156411405282

*,*,*,*,*,*,*,*,*,*,*
Model Num 2
Model States: 
"['diamond', 'x', 'square']","['diamond', 'x', 'diamond']","['square', 'y', 'diamond', 'x', 'square']","['square', 'y', 'diamond', 'x', 'diamond']"
Iteration: ,15711
Error:,0.017890362609821086
Absolute Error:,0.01618005411835166
Transition Probabilities
0.0004310344827586205,0.0004310344827586205,0.9858884570035449,0.013249474030937946
0.9865919068891614,0.012492342195087647,0.0004578754578754571,0.0004578754578754571
0.02072562665898003,0.005068390408288004,0.007253771003618198,0.9669522119291137
0.012105537613991652,0.004082583588707133,0.008824326975235606,0.9749875518220656

0.015344686777213432,0.007425834283597438,0.9698807889747337,0.007348689964455426
0.011887600503767503,0.0029570222621727897,0.019147608044655158,0.9660077691894046
0.9719518916367557,0.0006617559657545887,0.016695963559628154,0.010690388837861666
0.0003193784733170327,0.985916346359228,0.007233118756049895,0.006531156411405282

Transition Gammas
1.0,1.0,2287.261220248225,30.738779751776047
2154.716724645932,27.283275354071467,1.0,1.0
44.98644428502309,11.001301261904267,15.744825016868528,2098.83843436798
14.629136230891747,4.933665351976557,10.663903213802662,1178.2397588474803

25.842071839445037,12.505888573073069,1633.3815990041492,12.37596939868931
11.889662588428575,2.957535202546866,19.15092948776999,966.1753378928355
1757.463471871312,1.1965735620392837,30.189298808121567,19.330141794367997
1.015497292432615,3134.824241266288,22.998458337926145,20.76649557295717

