0,1,2,3,4,5,6,7,8,9,10,11,12,13,14,15,16,17,18,19,20,21,22,23,24,25,26,27,28,29
github Code Version (SHA):,435d1819722f15ec466ddfbacb6c2019a68c5c80
Environment Observations,Environment Actions,alpha,epsilon,numActions,explore,gainThresh,insertRandActions,useBudd,revisedSplitting,haveControl,confidence_factor
"['diamond', 'square']","['x', 'y']",0.99,0.99,50000,0.5,0.0275,False,True,False,True,250

Model Num 0
Model States: 
['diamond'],['square']
Iteration: ,0
Error:,0.6751560797209745
Transition Probabilities
0.5,0.5
0.5,0.5

0.5,0.5
0.5,0.5

Transition Gammas
1.0,1.0
1.0,1.0

1.0,1.0
1.0,1.0

Iteration: ,2449
Error:,0.15074290153832523
Transition Probabilities
0.45742574257425744,0.5425742574257426
0.01762114537444934,0.9823788546255506

0.034,0.966
0.9674902470741222,0.032509752925877766


Model Num 1
Model States: 
['square'],"['diamond', 'x', 'square']","['diamond', 'x', 'diamond']"
Iteration: ,0
Error:,0.7235353853188419
Transition Probabilities
0.3333333333333333,0.3333333333333333,0.3333333333333333
0.3333333333333333,0.3333333333333333,0.3333333333333333
0.3333333333333333,0.3333333333333333,0.3333333333333333

0.3333333333333333,0.3333333333333333,0.3333333333333333
0.3333333333333333,0.3333333333333333,0.3333333333333333
0.3333333333333333,0.3333333333333333,0.3333333333333333

Transition Gammas
1.0,1.0,1.0
1.0,1.0,1.0
1.0,1.0,1.0

1.0,1.0,1.0
1.0,1.0,1.0
1.0,1.0,1.0

Iteration: ,2500
Error:,0.12968494111216744
Transition Probabilities
0.9724137931034482,0.02148344927142808,0.006102757625123645
0.9956803455723542,0.0021598272138228943,0.0021598272138228943
0.0030303030303030303,0.9604190386940588,0.03655065827563819

0.03384615384615386,0.25316251699237385,0.7129913291614723
0.8123839601129802,0.05913246433452187,0.12848357555249795
0.9791234610995417,0.014032803770820673,0.00684373512963756

Transition Gammas
846.0,18.69060086614243,5.309399133857571
461.0,1.0,1.0
1.0,316.9382827690394,12.061717230960603

22.0,164.55563604504295,463.4443639549568
30.086349545970076,2.189949677533777,4.758343289361487
143.0685791534126,2.0504598008257284,1.0

Iteration: ,5000
Error:,0.16824145127515225
Transition Probabilities
0.9730290456431535,0.02034847687461876,0.0066224774822277125
0.9986876640419947,0.0006561679790026247,0.0006561679790026247
0.002358490566037736,0.9690473551810068,0.028594154252955497

0.030286343612334808,0.6542117489214355,0.3155019074662297
0.821138960481824,0.13118429098557288,0.047676748532603064
0.9806703705960984,0.012993001267163197,0.006336628136738336

Transition Gammas
938.0,19.615931707132486,6.384068292867515
1522.0,1.0,1.0
1.0,410.8760785967468,12.12392140325313

55.0,1188.0485360413265,572.951463958673
81.95317806897066,13.092752964350776,4.758343289361487
154.7621778387773,2.0504598008257284,1.0

Iteration: ,7500
Error:,0.1723616648281931
Transition Probabilities
0.9742366412213741,0.01967169056024092,0.006091668218385034
0.9992214869599065,0.00038925652004671076,0.00038925652004671076
0.001937984496124031,0.9744333896062969,0.023628625897579213

0.028140703517587948,0.7482892762326641,0.223570020249748
0.8371828291358463,0.13426452241661904,0.028552648447534655
0.9806703705960984,0.012993001267163197,0.006336628136738336

Transition Gammas
1021.0,20.615931707132486,6.384068292867515
2567.0,1.0,1.0
1.0,502.80762903684916,12.192370963150873

84.0,2233.6434895545017,667.3565104454976
168.68308224675346,27.052816528740102,5.753042918247187
154.7621778387773,2.0504598008257284,1.0

Iteration: ,10000
Error:,0.15227229172586895
Transition Probabilities
0.9773039889958735,0.01747063392492323,0.0052253770792033164
0.9993050729673384,0.00034746351633078526,0.00034746351633078526
0.001618122977346278,0.9785685668495788,0.019813310173074864

0.028119507908611608,0.769900711979934,0.2019797801114544
0.9350372339530029,0.055845142026486355,0.009117624020510884
0.9806703705960984,0.012993001267163197,0.006336628136738336

Transition Gammas
1421.0,25.402301726838378,7.597698273161622
2876.0,1.0,1.0
1.0,604.7553743130399,12.244625686960267

112.0,3066.514535816076,804.4854641839225
706.6966556988604,42.207490433615625,6.891056494054545
154.7621778387773,2.0504598008257284,1.0

Iteration: ,12500
Error:,0.14624186196238445
Transition Probabilities
0.9759660697455231,0.017958335609825498,0.006075594644651409
0.9994088087496305,0.0002955956251847473,0.0002955956251847473
0.0010695187165775403,0.9804583550818876,0.018472126201534888

0.028299894403379093,0.7344659311044791,0.23723417449214176
0.9349548175848833,0.055310730281366426,0.00973445213375027
0.9806703705960984,0.012993001267163197,0.006336628136738336

Transition Gammas
2071.0,38.10758816404971,12.89241183595029
3381.0,1.0,1.0
1.0,916.7285620015647,17.271437998435115

134.0,3477.6961837797085,1123.3038162202913
905.9903511599638,53.59722952171397,9.432883323482711
154.7621778387773,2.0504598008257284,1.0

Iteration: ,15000
Error:,0.14497793459318536
Transition Probabilities
0.9759887005649718,0.01881981796409144,0.005191481470936809
0.9994838709677419,0.00025806451612903227,0.00025806451612903227
0.0008051529790660227,0.9812433838481194,0.01795146317281454

0.026147376119948794,0.7110476954144498,0.26280492846560144
0.9404265113608458,0.04781939660434895,0.011754092034805387
0.9806703705960984,0.012993001267163197,0.006336628136738336

Transition Gammas
2764.0,53.29772447430696,14.702275525693043
3873.0,1.0,1.0
1.0,1218.704282739364,22.295717260635655

143.0,3888.719846221627,1437.2801537783748
1108.099614561579,56.34534363473977,13.849784853940108
154.7621778387773,2.0504598008257284,1.0

Iteration: ,17500
Error:,0.14023648091817192
Transition Probabilities
0.9767832167832168,0.018183147603083646,0.005033635613699574
0.9995387453874539,0.00023062730627306272,0.00023062730627306272
0.0006414368184733808,0.9818335322900352,0.017525030891491496

0.026655896607431357,0.687525062943534,0.28581904044903456
0.9467017641743406,0.04325346857489237,0.010044767250767105
0.9806703705960984,0.012993001267163197,0.006336628136738336

Transition Gammas
3492.0,65.00475268102403,17.995247318975977
4334.0,1.0,1.0
1.0,1530.678476840164,27.321523159835223

165.0,4255.780139620473,1769.219860379523
1310.5772529530548,59.87842652328097,13.90558670981715
154.7621778387773,2.0504598008257284,1.0

Iteration: ,20000
Error:,0.13601528960626877
Transition Probabilities
0.9773628938156359,0.018363749364064028,0.0042733568203000335
0.9995852343425964,0.00020738282870178348,0.00020738282870178348
0.0005373455131649651,0.981545300031185,0.017917354455650118

0.02611832611832613,0.6717576493335911,0.30212402454808285
0.9472368773985832,0.043370511156193184,0.009392611445223653
0.9806703705960984,0.012993001267163197,0.006336628136738336

Transition Gammas
4188.0,78.68866602501436,18.311333974985644
4820.0,1.0,1.0
1.0,1826.6558033580352,33.34419664196487

181.0,4655.2805098817835,2093.719490118213
1503.3643900001898,68.8335553693724,14.907060644257154
154.7621778387773,2.0504598008257284,1.0

Iteration: ,21295
Error:,0.13549936408795296
Transition Probabilities
0.9773890784982935,0.018460463511287044,0.004150457990419443
0.9996048992493086,0.00019755037534571315,0.00019755037534571315
0.0004930966469428009,0.9810849982908031,0.01842190506225414

0.026467361492046107,0.6625174175917362,0.31101522091621775
0.9480745106411623,0.04204478658864293,0.009880702770194724
0.9806703705960984,0.012993001267163197,0.006336628136738336


Model Num 2
Model States: 
"['diamond', 'x', 'square']","['diamond', 'x', 'diamond']","['square', 'y', 'diamond', 'x', 'square']","['square', 'y', 'diamond', 'x', 'diamond']"
Iteration: ,0
Error:,0.6756022348410097
Transition Probabilities
0.25,0.25,0.25,0.25
0.25,0.25,0.25,0.25
0.25,0.25,0.25,0.25
0.25,0.25,0.25,0.25

0.25,0.25,0.25,0.25
0.25,0.25,0.25,0.25
0.25,0.25,0.25,0.25
0.25,0.25,0.25,0.25

Transition Gammas
1.0,1.0,1.0,1.0
1.0,1.0,1.0,1.0
1.0,1.0,1.0,1.0
1.0,1.0,1.0,1.0

1.0,1.0,1.0,1.0
1.0,1.0,1.0,1.0
1.0,1.0,1.0,1.0
1.0,1.0,1.0,1.0

Iteration: ,2500
Error:,0.05427007072929477
Transition Probabilities
0.0022522522522522527,0.0022522522522522527,0.9764901701379226,0.019005325357572923
0.9828972731151158,0.01188079477000171,0.002610966057441253,0.002610966057441253
0.024538995982062342,0.009384803180516418,0.025897460312072858,0.9401787405253484
0.03127391944020879,0.007930641765920824,0.014240351877214497,0.9465550869166559

0.005202640814142866,0.0036770152490933072,0.9648740619869923,0.02624628194977144
0.05683222285746331,0.11053602477189604,0.07055503689378045,0.7620767154768602
0.960652330325775,0.0034167945910555824,0.025409964720203206,0.010520910362966238
0.0025665118612031947,0.9686388738138619,0.01457152377499608,0.014223090549938746

Transition Gammas
1.0,1.0,433.56163554123754,8.438364458762376
376.4496556030894,4.550344396910655,1.0,1.0
9.32496121470816,3.5662797993021433,9.841185562198678,357.2733903498207
7.78725335371673,1.9747418230345295,3.5458692066389936,235.69365167553653

1.4149086859038056,1.0,262.406869872219,7.137931221863534
1.0,1.9449533946459083,1.2414618564319457,13.409236471150678
317.7879165244796,1.1302903246124896,8.405725456009181,3.4803623315565497
1.0225193283981777,385.9136541251705,5.8054143171432795,5.666595668898182

Iteration: ,5000
Error:,0.03575118958695763
Transition Probabilities
0.0010989010989010987,0.0010989010989010987,0.9829287089471883,0.014873488855009437
0.9796219211869698,0.017763699728062795,0.00130718954248366,0.00130718954248366
0.030658630068304323,0.005026499566627244,0.02137462022537518,0.9429402501396932
0.02128225910611902,0.003926028745349476,0.016764843873820885,0.9580268682747106

0.005850833297487933,0.00411680075502213,0.9746031707328898,0.015429195214600209
0.04916786470722483,0.047920647216771924,0.03573220056206122,0.867179287513942
0.9721649545013339,0.0017468426293217564,0.019178725309532626,0.006909477559811656
0.0012823400619986249,0.97823877410345,0.01128290522700245,0.009195980607548995

Transition Gammas
1.0,1.0,894.4651251419416,13.534874858058592
749.410769708032,13.58923029196804,1.0,1.0
23.559919487649616,3.8626619920918523,16.42553272820708,724.6115147826652
10.704701842871923,1.9747418230345295,8.432500244297461,481.8751586100419

3.0000089191133767,2.1108854679865448,499.72680063371376,7.911304408282454
1.9955741611172995,1.9449533946459083,1.4502613970753244,35.196171107358374
632.6991228900563,1.1368706455436401,12.481793984967153,4.4967887100638775
1.0236496546637424,780.8956555010546,9.006770030426747,7.340847137334539

Iteration: ,7500
Error:,0.02164427534197967
Transition Probabilities
0.0007621951219512191,0.0007621951219512191,0.9850665877219159,0.013409022034181593
0.984974761531316,0.013218553735169997,0.0009033423667570014,0.0009033423667570014
0.026588056029320416,0.0045165224229457785,0.018508360711823577,0.9503870608359102
0.013809492555164926,0.0050646859420067514,0.015917701162249286,0.9652081203405791

0.008740203692573556,0.0041331905182965005,0.974841038036984,0.012285567752145933
0.02122034584057389,0.02068205957080358,0.021074069653055468,0.9370235249355671
0.9760546505968926,0.0011151815737230834,0.017119452257471506,0.005710715571912978
0.0008624442048105993,0.9845641579342228,0.008074929988554825,0.006498467872411833

Transition Gammas
1.0,1.0,1292.4073630911544,17.59263690884626
1090.3670610151662,14.632938984833178,1.0,1.0
29.342306698336593,4.98438795216337,20.42563758293884,1048.8374400304258
10.704701842871923,3.9259916843714677,12.338921526995927,748.200203830107

7.193735576338468,3.401874912883118,802.3552886484808,10.11179246191064
1.9955741611172995,1.9449533946459083,1.981818259946246,88.118259182429
998.6263011155464,1.1409705894626494,17.515346373841037,5.842778132161861
1.0247660799526022,1169.87040664232,9.594724277937823,7.721553939563972

Iteration: ,10000
Error:,0.020056983775603686
Transition Probabilities
0.0006127450980392159,0.0006127450980392159,0.9867416312407757,0.012032878563145754
0.9842036058679893,0.014402665909014307,0.0006968641114982577,0.0006968641114982577
0.025734441414867682,0.005289728878392256,0.014948299274154404,0.9540275304325857
0.01415648910033298,0.00572404380571374,0.012952621447607369,0.9671668456463459

0.014020042281593688,0.004081594416317508,0.9708819509966181,0.011016412305470721
0.011751785609212369,0.0076781488666819685,0.020998843638075554,0.9595712218860302
0.9776676257620986,0.0008726403973125891,0.016733754637666493,0.004725979202922382
0.0006130108906978694,0.9850400951320264,0.008261363014204673,0.00608553096307104

Transition Gammas
1.0,1.0,1610.3623421849454,19.637657815053863
1412.3321744205648,20.667825579435533,1.0,1.0
36.9875626972523,7.602814274723812,21.48487109965584,1371.2033817992033
14.577599807374035,5.894315976806034,13.337920905486992,995.936995597383

15.805173415545571,4.601291940931843,1094.5015209883143,12.419099986146604
2.9768471164933015,1.9449533946459083,5.319221198580776,243.06917433059195
1282.3300082481292,1.1445740233151578,21.948354591177377,6.198696561666269
1.0267178997534137,1649.8210928936307,13.83676768513606,10.192516420345521

Iteration: ,12500
Error:,0.018860954129025203
Transition Probabilities
0.0005192107995846315,0.0005192107995846315,0.9877097596109269,0.011251818789903766
0.9843675116114852,0.01450382021695719,0.0005643340857787808,0.0005643340857787808
0.024095715266379453,0.005435115482032309,0.012121429480680955,0.9583477397709073
0.015725317842992605,0.005293218378051071,0.011989816351106665,0.9669916474278497

0.016505645264139526,0.003455284687700468,0.9692086067458155,0.010830463302344377
0.015081068107256944,0.006684282550698382,0.013566822055705415,0.9646678272863394
0.9792894808085614,0.0007654946179635703,0.015710322204356354,0.004234702369118727
0.000439155546522349,0.9876584530747783,0.007296837884658425,0.004605553494040892

Transition Gammas
1.0,1.0,1902.328997010645,21.67100298935465
1744.2992305755524,25.70076942444815,1.0,1.0
42.8398282341397,9.66310446105978,21.550717675899673,1703.848676268432
17.51108410464489,5.894315976806034,13.351379261121497,1076.803167711092

22.56780195752994,4.724333965199574,1325.1773888594694,14.808251783202598
8.86435366154492,3.9288891265315806,7.974309771013603,567.0126761688362
1466.2154471435997,1.1461167055902302,23.521867177222717,6.340296867613605
1.0292368588912557,2314.7481386719755,17.101399637821388,10.793909923715518

Iteration: ,15000
Error:,0.018213806958958342
Transition Probabilities
0.00045641259698767734,0.00045641259698767734,0.9878127567997044,0.011274418006320265
0.9858671260215106,0.013182303636284105,0.0004752851711026609,0.0004752851711026609
0.0246057442817831,0.0050785345955725964,0.010161322010042483,0.9601543991126018
0.014526048810890337,0.004889538595910452,0.011086248788678622,0.9694981638045206

0.015664989063067892,0.003372742628451584,0.9715512429976918,0.009411025310788699
0.013891857731428552,0.005338338437634798,0.013343797086520783,0.9674260067444158
0.9789816990154607,0.0006842420443820672,0.01637255989786786,0.003961499042289264
0.0003415295395715866,0.9868929545477874,0.00822243905778021,0.004543076854860848

Transition Gammas
1.0,1.0,2164.29775014815,24.702249851847675
2074.2644331492615,27.735566850741797,1.0,1.0
52.29399680412808,10.793287488854686,21.595613391474732,2040.59306248408
17.51108410464489,5.894315976806034,13.364421218110312,1168.7255155684134

25.45340673968017,5.480232996308482,1578.6342944065236,15.29159414721077
12.80829667098389,4.921949516129392,12.30298460478066,891.9670458166661
1642.0561323333038,1.14768626023121,27.461864107700418,6.644663329422325
1.0308239353598505,2978.6966025309957,24.81743452829778,13.712173676234245

Iteration: ,15563
Error:,0.018428703537376134
Transition Probabilities
0.000442869796279894,0.000442869796279894,0.9877282372358549,0.011386023171585269
0.9863632971825044,0.012719692271874276,0.00045850527281063655,0.00045850527281063655
0.02373846743955078,0.004899531863658624,0.00980692859711869,0.961555072099672
0.014326075616905578,0.0048222266473644075,0.010935404177705232,0.9699162935580247

0.015771751815067497,0.00327019598212567,0.9718274274741897,0.009130624728617226
0.014777424591486262,0.00690591113639353,0.01285071832550443,0.9654659459466158
0.978890734882708,0.00066881707161515,0.016000804907537077,0.004439643138139742
0.0003250435819210943,0.9875291148799857,0.007823298528305593,0.004322543009787562

