0,1,2,3,4,5,6,7,8,9,10,11,12,13,14,15,16,17,18,19,20,21,22,23,24,25,26,27,28,29
github Code Version (SHA):,528ca1c557fe8e6666681dc5c9134b0f84d30530
Environment Observations,Environment Actions,alpha,epsilon,numActions,explore,patience,gainThresh,insertRandActions,useUpdatedPosterior,revisedSplitting,haveControl,confidence_factor
"['diamond', 'square']","['x', 'y']",0.8,0.99,75000,0.5,0,0.01,False,True,False,True,250

Model Num 0
Model States: 
['diamond'],['square']
Iteration: ,0
Error:,0.45520690202700387
Absolute Error:,1
Transition Probabilities
0.5,0.5
0.5,0.5

0.5,0.5
0.5,0.5

Transition Gammas
1.0,1.0
1.0,1.0

1.0,1.0
1.0,1.0

Iteration: ,2464
Error:,0.07339428609650642
Absolute Error:,1
Transition Probabilities
0.44814814814814813,0.5518518518518518
0.1273792093704246,0.8726207906295754

0.16,0.84
0.8447121820615796,0.15528781793842034


Model Num 1
Model States: 
['square'],"['diamond', 'x', 'square']","['diamond', 'x', 'diamond']"
Iteration: ,0
Error:,0.5215619544244419
Absolute Error:,1
Transition Probabilities
0.3333333333333333,0.3333333333333333,0.3333333333333333
0.3333333333333333,0.3333333333333333,0.3333333333333333
0.3333333333333333,0.3333333333333333,0.3333333333333333

0.3333333333333333,0.3333333333333333,0.3333333333333333
0.3333333333333333,0.3333333333333333,0.3333333333333333
0.3333333333333333,0.3333333333333333,0.3333333333333333

Transition Gammas
1.0,1.0,1.0
1.0,1.0,1.0
1.0,1.0,1.0

1.0,1.0,1.0
1.0,1.0,1.0
1.0,1.0,1.0

Iteration: ,2500
Error:,0.06734100456414213
Absolute Error:,1
Transition Probabilities
0.8566350710900474,0.07902730617773499,0.06433762273221763
0.9958419958419958,0.002079002079002079,0.002079002079002079
0.0026315789473684206,0.7364961449411696,0.260872276111462

0.15171288743882547,0.30448118024117216,0.5438059323200024
0.7081973192795589,0.17941636730800678,0.11238631341243432
0.9036607161703124,0.036338879553687274,0.06000040427600033

Transition Gammas
723.0,66.69904641400832,54.300953585991685
479.0,1.0,1.0
1.0,279.8685350776445,99.13146492235559

93.0,186.6469634878385,333.3530365121614
32.765164924253,8.300803610690643,5.199618798237216
86.85871699721478,3.4928468159223627,5.767162433279183

Iteration: ,2850
Error:,0.0666202964791642
Absolute Error:,1
Transition Probabilities
0.8561797752808988,0.08280791731911047,0.06101230739999066
0.9965156794425087,0.0017421602787456446,0.0017421602787456446
0.0023474178403755865,0.743888312671685,0.25376426948793945

0.15866666666666668,0.3301030527620073,0.5112302805713259
0.7430538509802137,0.1579846509192211,0.09896149810056515
0.9029488189988701,0.034520174570927833,0.06253100643020217


Model Num 2
Model States: 
"['diamond', 'x', 'square']","['diamond', 'x', 'diamond']","['square', 'y', 'diamond', 'x', 'diamond']","['square', 'y', 'diamond', 'x', 'square']"
Iteration: ,0
Error:,0.4517446715520887
Absolute Error:,0.55
Transition Probabilities
0.25,0.25,0.25,0.25
0.25,0.25,0.25,0.25
0.25,0.25,0.25,0.25
0.25,0.25,0.25,0.25

0.25,0.25,0.25,0.25
0.25,0.25,0.25,0.25
0.25,0.25,0.25,0.25
0.25,0.25,0.25,0.25

Transition Gammas
1.0,1.0,1.0,1.0
1.0,1.0,1.0,1.0
1.0,1.0,1.0,1.0
1.0,1.0,1.0,1.0

1.0,1.0,1.0,1.0
1.0,1.0,1.0,1.0
1.0,1.0,1.0,1.0
1.0,1.0,1.0,1.0

Iteration: ,2500
Error:,0.04332459501310952
Absolute Error:,0.15290135002815308
Transition Probabilities
0.0019047619047619048,0.0019047619047619048,0.060092044768434036,0.9360984314220422
0.7877964478509605,0.20772927921839077,0.0022371364653243847,0.0022371364653243847
0.046968181789446284,0.11454033593488983,0.41893383321581695,0.4195576490598469
0.09869285552579454,0.04741538399166604,0.7397773149676159,0.11411444551492356

0.08966124274914329,0.0588861211241949,0.1704911717520363,0.6809614643746256
0.0888235230011326,0.05138100054258553,0.6441002332938794,0.2156952431624024
0.002991211871673537,0.8958505710171982,0.02548000725071861,0.07567820986040963
0.8511575306135344,0.003722157992985347,0.06893590117011118,0.0761844102233691

Transition Gammas
1.0,1.0,31.54832350342787,491.45167649657213
352.1450121893793,92.85498781062067,1.0,1.0
3.1631908825301362,7.714008345807286,28.214157566334347,28.256170020617954
41.15773042555367,19.77356498559365,308.5082009448923,47.588972485827206

13.62090781237186,8.945698304728056,25.900204615220243,103.44841366938498
2.1451443852030203,1.240883733227236,15.55542892551901,5.209176850358973
1.1404019520309392,341.5437567598508,9.714273429325752,28.85237888639854
272.648490223638,1.192306618528982,22.082010321507305,24.40390136830164

Iteration: ,5000
Error:,0.04400342752283095
Absolute Error:,0.12172747395039502
Transition Probabilities
0.0009514747859181728,0.0009514747859181728,0.07792415310210388,0.9201728973260597
0.7934578663195337,0.204269406407739,0.0011363636363636367,0.0011363636363636367
0.05767669250945551,0.11377975145120038,0.5229454453274544,0.30559811071188975
0.0995057029044675,0.05833402371400497,0.7416533776919462,0.10050689568958135

0.08029953928950917,0.04984074367046782,0.1556662427016399,0.714193474338383
0.052746001279939954,0.04897275958145816,0.7556582349487256,0.1426230041898763
0.0015558642898249172,0.9032690196019756,0.02319266819446926,0.07198244791373039
0.8460238048650973,0.001777379686612678,0.06914311017750076,0.08305570527078918

Transition Gammas
1.0,1.0,81.8982849103112,967.1017150896892
698.2429223611895,179.75707763881027,1.0,1.0
9.908323206532929,19.546310696520212,89.83719881023443,52.49893363324938
74.92484828136244,43.923792796171405,558.4430357150336,75.67871680683851

25.919161952602863,16.087642824144996,50.24609843140297,230.5280514764684
2.5455463022158353,2.363447920919397,36.46841426904965,6.883051835524213
1.152593253149717,669.1469073369841,17.1812625678898,53.32501321172611
584.4298058633511,1.227806663617634,47.76377948876809,57.374543633545876

Iteration: ,7500
Error:,0.039147745326748896
Absolute Error:,0.10479734668659717
Transition Probabilities
0.0007002801120448185,0.0007002801120448185,0.06852160173925455,0.9300778380366558
0.8161785520472475,0.18221888385018833,0.0008012820512820517,0.0008012820512820517
0.05640191588790524,0.09487935488943905,0.5834870338479617,0.26523169537469393
0.09644122978021585,0.06248887961745527,0.7542482802024265,0.08682161039990229

0.07583886179441157,0.06139260493249825,0.1334799298795405,0.7292886033935497
0.049385458755369524,0.04714545211953127,0.7914064519970367,0.11206263712806239
0.0010695088372411317,0.9003070053854446,0.022321818623336223,0.07630166715397796
0.8536453435608349,0.0011478780498197618,0.06550088258310405,0.07970589580624131

Transition Gammas
1.0,1.0,97.84884728365542,1328.1511527163434
1018.5908329549644,227.4091670450349,1.0,1.0
18.001487616679142,30.28211905984204,186.22833017201307,84.65253360058678
101.99695473944813,66.0886992066117,797.69853488425,91.82317445086619

48.91012264284274,39.59341906728545,86.08409443781301,470.3339975051477
4.188075229316679,3.9981141245402823,67.11428508436843,9.503338968920954
1.1606207410190759,977.004534558636,24.223423658975207,82.80183799292406
933.0064027107367,1.2545931142148012,71.59031943912322,87.11593366258234

Iteration: ,10000
Error:,0.04157253270383592
Absolute Error:,0.10285538521310232
Transition Probabilities
0.0005503577325261423,0.0005503577325261423,0.06027041088325424,0.9386288736516935
0.8281419541110535,0.1705857812579032,0.0006361323155216289,0.0006361323155216289
0.053608292087721034,0.09518952005381685,0.601711332263859,0.24949085559460324
0.09444765097307813,0.061204256177273736,0.7677935964076282,0.07655449644201996

0.0758094493498874,0.06597483578617883,0.1354176277503094,0.7227980871136244
0.059529036334701975,0.041790782222859826,0.7870619431285532,0.11161823831388508
0.0008398027358501442,0.9116668871781035,0.018337356929536443,0.06915595315650994
0.8506612910298984,0.0007902276990299306,0.0664073117623484,0.08214116950872323

Transition Gammas
1.0,1.0,109.51133657487289,1705.4886634251259
1301.8391518625754,268.16084813742367,1.0,1.0
25.522431729508334,45.31888505164062,286.4694210635633,118.7803804424574
120.70970044683366,78.22266994587174,981.285760656768,97.84118755911136

76.02241572396315,66.16017444353773,135.7980473604667,724.8285950400311
7.770656488498565,5.455183437098419,102.73957671404322,14.570149983814826
1.1693406483706048,1269.404234402354,25.532920918244788,96.29269309400121
1371.8247257774813,1.274366081958469,107.0922036874503,132.46551656290816

Iteration: ,12500
Error:,0.042769578304978774
Absolute Error:,0.09768478070342879
Transition Probabilities
0.00044642857142857196,0.00044642857142857196,0.055331214886623056,0.9437759279705198
0.8321234705116259,0.1668535115855608,0.0005115089514066497,0.0005115089514066497
0.06037327782244147,0.0956460490091089,0.6145212155344695,0.22945945763398015
0.092203988498021,0.05730508519291365,0.7892267639004535,0.06126416240861168

0.07120673926603074,0.06881050672252782,0.12595165018681026,0.7340311038246311
0.05714506201133845,0.0481918884532966,0.786766527309589,0.10789652222577596
0.0006753888339816901,0.9060983758715483,0.01897884078516333,0.07424739450930662
0.8520818583426103,0.0006965010638601552,0.06543218063285926,0.08178945996067027

Transition Gammas
1.0,1.0,123.9419213460355,2114.0580786539617
1626.8013848502285,326.19861514977134,1.0,1.0
48.61690198363222,77.02107219477597,494.85664486145424,184.7772452212616
157.03050097428607,97.59497807852979,1344.11402517867,104.3375918060291

83.0218294007758,80.2279982061182,146.85037571358012,855.8263684693601
9.876551716154841,8.329147993814576,135.97920838673537,18.648078140936942
1.175470282292427,1577.0052154864518,33.03143643017908,129.2227549407456
1565.9002926606886,1.2799840872783401,120.24698073224731,150.30731852229673

Iteration: ,15000
Error:,0.041294852122808805
Absolute Error:,0.09957798232103372
Transition Probabilities
0.0003762227238525206,0.0003762227238525206,0.052727597360245855,0.9465199571920492
0.8316418401577654,0.16749720418145106,0.000430477830391735,0.000430477830391735
0.06440574639291119,0.09333780473857375,0.621720292010359,0.22053615685815603
0.08776021321750947,0.05700311155834711,0.8036743715390996,0.051562303685043775

0.07302920139901187,0.06787994748373408,0.1217635804458073,0.7373272706714468
0.06148208848459383,0.05742502900334392,0.7464003438329213,0.13469253867914097
0.0005425292835487903,0.9084533558069252,0.017692896307978996,0.07331121860154702
0.8516749116175121,0.0006218245635974686,0.06618504050223699,0.08151822331665352

Transition Gammas
1.0,1.0,140.1499537835335,2515.850046216467
1931.9039946864884,389.09600531351066,1.0,1.0
65.67775365232814,95.18121735087715,633.999207620458,224.89172461722114
184.09881790146196,119.57816725658449,1685.9063618196549,108.16472304101977

95.38012936584596,88.65492225460635,159.0298925975498,962.9897234856011
19.31286687573572,18.038455878979246,234.4606507643396,42.309868333717496
1.1859691297681518,1985.8792299170052,38.67667510995275,160.25833952850658
1761.8533271550698,1.2863636832981737,136.91648330381744,168.6361204434742

Iteration: ,17500
Error:,0.040760252323531816
Absolute Error:,0.10416959830449884
Transition Probabilities
0.00032722513089005194,0.00032722513089005194,0.05175989952000227,0.9475856502182176
0.8343247462138679,0.16491276808273897,0.00038124285169653096,0.00038124285169653096
0.0671252975772029,0.09257293396070979,0.6233925632069139,0.2169092052551734
0.0873429938812651,0.057504470264633116,0.8104070102883357,0.04474552556576599

0.07299435891147976,0.06817351015308458,0.11838822698800933,0.7404439039474264
0.07265697752612081,0.05211591106845654,0.7112688247970336,0.16395828660838913
0.0004362570231147064,0.8972273757033216,0.01750524251991004,0.08483112475365372
0.8500654917434406,0.0005572764985146395,0.06549640318706486,0.08388082857097985

Transition Gammas
1.0,1.0,158.17825293312714,2895.821747066877
2188.433809318974,432.566190681024,1.0,1.0
72.39978137519967,99.8470088316213,672.3766883148113,233.95321295493702
218.25281773833677,143.69226551665798,2025.046379229618,111.81019337609364

105.01790583535455,98.08208985579931,170.32663700654865,1065.2859938863564
40.80044404109865,29.265631266246835,399.4122088807836,92.0705915056133
1.19911508594347,2466.158307426121,48.11567327640257,233.17053035249947
1972.399544039551,1.2930437975077513,151.97073288723365,194.62795470939318

Iteration: ,20000
Error:,0.04078400652665567
Absolute Error:,0.10449158083779377
Transition Probabilities
0.0002922267679719455,0.0002922267679719455,0.04942864560249346,0.9499869008615627
0.8321811657205971,0.16714155693433014,0.0003386386725364039,0.0003386386725364039
0.06757459772240954,0.0930900841157561,0.6292636001887557,0.2100717179730787
0.08441933096250256,0.05670084496167136,0.8193956641202664,0.039484159955559615

0.07546669853410713,0.06969862759029263,0.11166999562238643,0.7431646782532139
0.06816846204256544,0.05503929743944349,0.7088912143722232,0.16790102614576788
0.0003631494814700071,0.8930787429671643,0.01546585316857952,0.09109225438278612
0.8510018557903392,0.0005142611901209186,0.06448991780310208,0.08399396521643795

Transition Gammas
1.0,1.0,169.14482525173304,3250.8551747482757
2457.430982372922,493.56901762707656,1.0,1.0
77.73103890393284,107.08149502712573,723.8417250818505,241.64543234811185
245.2898722276824,164.75068988674792,2380.8463709011476,114.72567290089648

119.14561825917733,110.0390799831856,176.3028054475667,1173.296523881245
56.97096117867364,45.99842190610173,592.4471910292617,140.32123588819084
1.2095856524968192,2974.684776280469,51.513977166125485,303.4119269811178
2146.7880673567306,1.2973059681884564,162.6861152681491,211.88818923216303

Iteration: ,21562
Error:,0.04086909413299056
Absolute Error:,0.10613086462184201
Transition Probabilities
0.000272925764192139,0.000272925764192139,0.047957528367868575,0.9514966201037471
0.8290517411005699,0.1703149466765042,0.00031665611146295135,0.00031665611146295135
0.06840772120895301,0.090413803964476,0.6347610172072309,0.20641745761934008
0.08431237794201576,0.05462139326997065,0.8238083552762161,0.03725787351179739

0.07487526295045979,0.0696650756850021,0.10979404931949853,0.7456656120450397
0.07162911866653401,0.05711688212758639,0.6933142062164777,0.17793979298940202
0.00032960235280001156,0.8930857501410113,0.014461679953210608,0.09212296755297808
0.8512396545658505,0.0004876913234207072,0.06380043289855122,0.08447222121217762

*,*,*,*,*,*,*,*,*,*,*
Model Num 2
Model States: 
"['diamond', 'x', 'square']","['diamond', 'x', 'diamond']","['square', 'y', 'diamond', 'x', 'diamond']","['square', 'y', 'diamond', 'x', 'square']"
Iteration: ,21562
Error:,0.04071340510259559
Absolute Error:,0.10613086462184201
Transition Probabilities
0.000272925764192139,0.000272925764192139,0.047957528367868575,0.9514966201037471
0.8290517411005699,0.1703149466765042,0.00031665611146295135,0.00031665611146295135
0.06840772120895301,0.090413803964476,0.6347610172072309,0.20641745761934008
0.08431237794201576,0.05462139326997065,0.8238083552762161,0.03725787351179739

0.07487526295045979,0.0696650756850021,0.10979404931949853,0.7456656120450397
0.07162911866653401,0.05711688212758639,0.6933142062164777,0.17793979298940202
0.00032960235280001156,0.8930857501410113,0.014461679953210608,0.09212296755297808
0.8512396545658505,0.0004876913234207072,0.06380043289855122,0.08447222121217762

Transition Gammas
1.0,1.0,175.71638393987092,3486.2836160601387
2618.145398395599,537.8546016044002,1.0,1.0
81.48233033484783,107.69438465813738,756.0814184962853,245.86954763839213
266.4918168926935,172.64552001766026,2603.866605683019,117.76347255376278

124.36361785024123,115.70978863513334,182.3617661394377,1238.5088154119942
71.63469292588191,57.121327028208505,693.3681607152482,177.95364046613912
1.2147232679531939,3291.396532087136,53.2973717682047,339.51187316735576
2267.1989616005026,1.2989212334156686,169.9266175411335,224.98403497662918

