0,1,2,3,4,5,6,7,8,9,10,11,12,13,14,15,16,17,18,19,20,21,22,23,24,25,26,27,28,29
github Code Version (SHA):,fc00fd6618d9504abd3a63db09d32914905ce424
Environment Observations,Environment Actions,alpha,epsilon,numActions,explore,patience,gainThresh,insertRandActions,useBudd,revisedSplitting,haveControl,confidence_factor
"['diamond', 'square']","['x', 'y']",0.99,0.99,75000,0.5,0,0.01,False,True,False,True,250

Model Num 0
Model States: 
['diamond'],['square']
Iteration: ,0
Error:,0.6740001201489692
Absolute Error:,1
Transition Probabilities
0.5,0.5
0.5,0.5

0.5,0.5
0.5,0.5

Transition Gammas
1.0,1.0
1.0,1.0

1.0,1.0
1.0,1.0

Iteration: ,2460
Error:,0.16114080518500667
Absolute Error:,1
Transition Probabilities
0.49613899613899615,0.5038610038610039
0.026912181303116147,0.9730878186968839

0.048,0.952
0.967654986522911,0.03234501347708895


Model Num 1
Model States: 
['square'],"['diamond', 'x', 'square']","['diamond', 'x', 'diamond']"
Iteration: ,0
Error:,0.7254381035860878
Absolute Error:,1
Transition Probabilities
0.3333333333333333,0.3333333333333333,0.3333333333333333
0.3333333333333333,0.3333333333333333,0.3333333333333333
0.3333333333333333,0.3333333333333333,0.3333333333333333

0.3333333333333333,0.3333333333333333,0.3333333333333333
0.3333333333333333,0.3333333333333333,0.3333333333333333
0.3333333333333333,0.3333333333333333,0.3333333333333333

Transition Gammas
1.0,1.0,1.0
1.0,1.0,1.0
1.0,1.0,1.0

1.0,1.0,1.0
1.0,1.0,1.0
1.0,1.0,1.0

Iteration: ,2500
Error:,0.11822121569968166
Absolute Error:,1
Transition Probabilities
0.9710648148148148,0.023677356535061866,0.005257828650123319
0.9958071278825996,0.0020964360587002098,0.0020964360587002098
0.0029325513196480943,0.9705168892830788,0.02655055939727314

0.027863777089783298,0.27416063341482705,0.6979755894953897
0.8987497577320412,0.020583986800836722,0.08066625546712201
0.9736749826917679,0.017965243617114143,0.008359773691117924

Transition Gammas
839.0,20.457236046293453,4.542763953706547
475.0,1.0,1.0
1.0,330.9462592455298,9.05374075447014

18.0,177.10776918597819,450.8922308140215
43.662569667772416,1.0,3.9188839483633457
116.47145229855639,2.149010760446999,1.0

Iteration: ,5000
Error:,0.15509170445666373
Absolute Error:,1
Transition Probabilities
0.9733606557377049,0.020960282834317064,0.00567906142797802
0.9986577181208054,0.0006711409395973154,0.0006711409395973154
0.0021505376344086026,0.9739462038639077,0.023903258501683636

0.022459292532285242,0.6462246707455683,0.3313160367221464
0.8633953008610833,0.10127371553307964,0.035330983605836974
0.971221222806176,0.021254062023892593,0.007524715169931508

Transition Gammas
950.0,20.457236046293453,5.542763953706547
1488.0,1.0,1.0
1.0,452.88498479671705,11.115015203282889

40.0,1150.9261385978568,590.0738614021425
118.5835258649492,13.90949690527528,4.852554332967079
129.07082871218051,2.824566982790666,1.0

Iteration: ,7500
Error:,0.16724924615918477
Absolute Error:,1
Transition Probabilities
0.9735294117647059,0.020969456851577306,0.005501131383716811
0.9992325402916347,0.0003837298541826554,0.0003837298541826554
0.001912045889101338,0.9767736952877273,0.021314258823171513

0.02704507512520869,0.756452037104068,0.21650288777072332
0.8619119670814539,0.10896163074564442,0.029126402172901623
0.971221222806176,0.021254062023892593,0.007524715169931508

Transition Gammas
993.0,21.388845988608853,5.6111540113911476
2604.0,1.0,1.0
1.0,510.85264263548146,11.147357364518703

81.0,2265.573851126683,648.4261488733162
172.9966543007203,21.869980097823134,5.846038018002166
129.07082871218051,2.824566982790666,1.0

Iteration: ,10000
Error:,0.14832750192428673
Absolute Error:,1
Transition Probabilities
0.976027397260274,0.019932171270219273,0.004040431469506754
0.9993014320642682,0.00034928396786587494,0.00034928396786587494
0.0015408320493066254,0.9812174023072809,0.01724176564341244

0.026501766784452287,0.7695859432440467,0.2039122899715009
0.9452078757647161,0.04004123107231348,0.014750893162970364
0.971221222806176,0.021254062023892593,0.007524715169931508

Transition Gammas
1425.0,29.10097005452014,5.899029945479861
2861.0,1.0,1.0
1.0,636.8100940974255,11.189905902574676

105.0,3049.0995071329144,807.9004928670869
734.4511397960431,31.113079518200905,11.461828211903333
129.07082871218051,2.824566982790666,1.0

Iteration: ,12500
Error:,0.1457406753200536
Absolute Error:,1
Transition Probabilities
0.9786751361161524,0.017671351629552978,0.003653512254294573
0.9994011976047904,0.0002994011976047904,0.0002994011976047904
0.0010373443983402487,0.9738304950165317,0.02513216058512806

0.027528809218950068,0.7337586228344819,0.238712567946568
0.9520573421721693,0.03434495274047963,0.013597705087350965
0.971221222806176,0.021254062023892593,0.007524715169931508

Transition Gammas
2157.0,38.94765899153476,8.05234100846524
3338.0,1.0,1.0
1.0,938.7725971959368,24.227402804063455

129.0,3438.3929066023816,1118.6070933976175
931.2040008534984,33.59267975192541,13.299868420611746
129.07082871218051,2.824566982790666,1.0

Iteration: ,15000
Error:,0.13958898329010877
Absolute Error:,1
Transition Probabilities
0.9762228260869565,0.02065394832365146,0.0031232255893920203
0.9994765768123528,0.00026171159382360636,0.00026171159382360636
0.0007836990595611281,0.9762770862683815,0.022939214672057402

0.027017024426350848,0.7061742401966806,0.26680873537696853
0.9549854003170165,0.031925600945951815,0.013088998737031692
0.971221222806176,0.021254062023892593,0.007524715169931508

Transition Gammas
2874.0,60.8052238648299,9.194776135170107
3819.0,1.0,1.0
1.0,1245.7295620784555,29.270437921545263

146.0,3816.165594022863,1441.8344059771382
1125.395686657392,37.622495157090746,15.42463656138581
129.07082871218051,2.824566982790666,1.0

Iteration: ,15854
Error:,0.13871960596587482
Absolute Error:,1
Transition Probabilities
0.9760931110412079,0.020994190862469866,0.0029126980963222085
0.9994983697015299,0.00025081514923501377,0.00025081514923501377
0.0007230657989877075,0.9766567023059195,0.02262023189509275

0.02686936538801485,0.6984707087686908,0.2746599258432944
0.9534814428218588,0.03255390351966401,0.013964653658477278
0.971221222806176,0.021254062023892593,0.007524715169931508


Model Num 2
Model States: 
"['diamond', 'x', 'square']","['diamond', 'x', 'diamond']","['square', 'y', 'diamond', 'x', 'square']","['square', 'y', 'diamond', 'x', 'diamond']"
Iteration: ,0
Error:,0.6751886796763226
Absolute Error:,0.74
Transition Probabilities
0.25,0.25,0.25,0.25
0.25,0.25,0.25,0.25
0.25,0.25,0.25,0.25
0.25,0.25,0.25,0.25

0.25,0.25,0.25,0.25
0.25,0.25,0.25,0.25
0.25,0.25,0.25,0.25
0.25,0.25,0.25,0.25

Transition Gammas
1.0,1.0,1.0,1.0
1.0,1.0,1.0,1.0
1.0,1.0,1.0,1.0
1.0,1.0,1.0,1.0

1.0,1.0,1.0,1.0
1.0,1.0,1.0,1.0
1.0,1.0,1.0,1.0
1.0,1.0,1.0,1.0

Iteration: ,2500
Error:,0.036130475869605126
Absolute Error:,0.038860428581735364
Transition Probabilities
0.002020202020202021,0.002020202020202021,0.9769627638549077,0.018996832104688346
0.9580726672799308,0.03685119058808962,0.0025380710659898475,0.0025380710659898475
0.017092201087890547,0.005674369456673596,0.015701458056844662,0.9615319713985913
0.017677256405038765,0.009479570123655663,0.01738596693651184,0.9554572065347937

0.02751809074786546,0.00916019041917283,0.9498752075377868,0.01344651129517504
0.04349673283801504,0.04349673283801504,0.06527841319128845,0.8477281211326814
0.977211507227699,0.0032639603087924692,0.012179871542379364,0.0073446609211290405
0.0025410189844993535,0.9876675032283848,0.0030214310189995083,0.006770046768116384

Transition Gammas
1.0,1.0,483.5965681081791,9.403431891820729
377.48063090829277,14.519369091707311,1.0,1.0
6.288449015430844,2.0876762939730766,5.7767760834704385,353.76045178467945
4.261158247594555,2.2850801895113246,4.190942005163566,230.31596434211826

6.263421437781725,2.084960529104306,216.20209020391542,3.060574510101373
1.0,1.0,1.5007658950935454,19.489466583379535
327.34567616753753,1.0933593048825188,4.080005460624307,2.4603097463199077
1.0160897240063351,394.9434486271981,1.2081944404694278,2.7071718055190734

Iteration: ,5000
Error:,0.027367918613292967
Absolute Error:,0.027625187204094986
Transition Probabilities
0.0010752688172043013,0.0010752688172043013,0.9822544524149824,0.015595009950608993
0.9660612987941332,0.031400630139876894,0.0012690355329949235,0.0012690355329949235
0.013460073679914215,0.005363565661922471,0.01677948237828973,0.9643968782798736
0.021649739249981554,0.004680707500022104,0.01424048477629164,0.9594290684737047

0.023161490398763994,0.004476336741970584,0.9636612639925769,0.008700908866688567
0.022752350738215806,0.022752350738215806,0.03610461774608176,0.9183906807774866
0.9690933691665569,0.0016990421720318,0.020119708424252133,0.009087880237159254
0.0012608806046441909,0.989406969679925,0.001989322644259694,0.0073428270711711745

Transition Gammas
1.0,1.0,913.4966407459335,14.50335925406636
761.2563034497772,24.743696550223,1.0,1.0
10.09125757905864,4.021160947835076,12.579877551136578,723.0255597846246
10.803158730863629,2.3356598207309003,7.105961677707351,478.75239503103444

11.395939760076347,2.202451698014884,474.1415826230456,4.2810299162781185
1.0,1.0,1.5868521965705689,40.364650287977454
628.9948542247635,1.1027717424565242,13.058796468952194,5.8985337087799765
1.016871266689359,797.9340112171982,1.6043430517301198,5.921821493201401

Iteration: ,7500
Error:,0.02690878883517916
Absolute Error:,0.024742233570356566
Transition Probabilities
0.000744601638123604,0.000744601638123604,0.9831764492177951,0.015334347505957666
0.9718623963373983,0.02637237859640571,0.00088261253309797,0.00088261253309797
0.011796216471782106,0.004881312550877474,0.01262539355097595,0.9706970774263645
0.027927185655016205,0.0033652172631482716,0.009496141780085954,0.9592114553017496

0.032238848406475326,0.005790129183013401,0.953519835842719,0.008451186567792238
0.009346195118479337,0.009346195118479337,0.03450957951351027,0.946798030249531
0.9668330022190128,0.0010927096660749683,0.02375506389823917,0.008319224216673112
0.0008387933156011118,0.986487507891135,0.00162377896065617,0.011049919832607783

Transition Gammas
1.0,1.0,1320.4059712994986,20.59402870050114
1101.1200950502723,29.87990494972767,1.0,1.0
12.712144375600609,5.2603264815986615,13.605703659534173,1046.0677305079416
20.942667840880162,2.5235850194540186,7.121180971363769,719.3151198872622

25.531582468926317,4.585497561139654,755.1408169928825,6.6929241421827905
1.0,1.0,3.692366687838325,101.30304559740229
981.4884535872895,1.109273181525985,24.115147990230156,8.445328710054508
1.0177208618194185,1196.9205023833235,1.9701560473916664,13.407038093785891

Iteration: ,10000
Error:,0.024028870827644225
Absolute Error:,0.0215975622430662
Transition Probabilities
0.000592768227623,0.000592768227623,0.9865709284552143,0.012243535089539681
0.9748800153438876,0.023724311243690833,0.0006978367062107467,0.0006978367062107467
0.0118231914920464,0.003991008728102503,0.011150431582329898,0.9730353681975211
0.028254407140189734,0.0025004375577965202,0.00994120761160357,0.9593039476904102

0.03023570406983519,0.005151592286706635,0.9581430956121032,0.006469608031355089
0.008037855440162486,0.008191391931966737,0.026745312782866158,0.9570254398450047
0.9706070240455632,0.0008054773231032918,0.021456870905024943,0.007130627726308576
0.00061750563908112,0.9865594823077349,0.0012562368370494343,0.011566775216134546

Transition Gammas
1.0,1.0,1664.345156303945,20.654843696053423
1397.0030619877907,33.99693801220896,1.0,1.0
16.338173247090257,5.515075356281992,15.40850311817124,1344.6132909081168
28.678833788926248,2.5379981524239312,10.09054054257083,973.7142362382383

33.90843222056389,5.777355720849395,1074.5286479892895,7.255470714957807
1.9507212417303872,1.9879832823546537,6.490866892376655,232.26218339954096
1341.3283215346034,1.1131276809939985,29.652277310400674,9.854155886645017
1.0189311745554679,1627.8980278989802,2.072886132342629,19.08605705096531

Iteration: ,12500
Error:,0.026655092319736822
Absolute Error:,0.022244115667349885
Transition Probabilities
0.0005081300813008134,0.0005081300813008134,0.9874535240778319,0.01153021575956647
0.9768145849338349,0.022056746894607543,0.000564334085778781,0.000564334085778781
0.014806635941393562,0.003994164964805437,0.010044506871657177,0.9711546922221438
0.03125054619031315,0.0023136018821578188,0.009181474060313865,0.9572543778672152

0.028568787662006007,0.006730963975383583,0.959136397575008,0.005563850787602384
0.006615901037703093,0.010292177718357855,0.02534067537466768,0.9577512458692714
0.9687413840870867,0.0007177319132361871,0.023249694315192894,0.00729118968448433
0.0004376790052646783,0.9838430694743552,0.0009505240863026376,0.014768727434077528

Transition Gammas
1.0,1.0,1943.3085353851718,22.6914646148268
1730.9154445027557,39.08455549724457,1.0,1.0
25.644583069152112,6.917756041093674,17.39673966986442,1682.0064514494734
34.37151190791865,2.5446593527834147,10.098420138786121,1052.8545660417637

38.754617092792195,9.130801580295433,1301.1039973955099,7.547569374871408
3.83534654249499,5.966544541989155,14.690405906745866,555.2241347748874
1504.2741795914906,1.1145034192664756,36.102426732494884,11.321853862173418
1.021290457165503,2295.722495519172,2.2179751986499623,34.46169501271938

Iteration: ,15000
Error:,0.02742829337082688
Absolute Error:,0.021483628437593317
Transition Probabilities
0.0004482294935006737,0.0004482294935006737,0.98891902283875,0.010184518174248699
0.9804026884033632,0.018644930644255826,0.000476190476190476,0.000476190476190476
0.014188712607403118,0.0038431630058826786,0.008400995630949022,0.9735671287557652
0.03283040876365959,0.002142522833544406,0.008472861772699236,0.9565542066300968

0.028868369786976367,0.00764653019738215,0.9586239916187157,0.0048611083969258015
0.009427282882247204,0.008652742020035282,0.02387708507058067,0.9580428900271369
0.9697047539696798,0.0006436977964142425,0.022968625502751194,0.006682922731154702
0.00033980601242691454,0.983246295710882,0.0007617946297626645,0.01565210364692845

Transition Gammas
1.0,1.0,2206.2783399532445,22.721660046748777
2058.8456456470635,39.154354352937254,1.0,1.0
29.43249355224688,7.972102439502317,17.426686732054144,2019.5284119598532
39.15775960064702,2.5554477453748587,10.105822526100203,1140.9093300620148

46.76092029062253,12.385832372873836,1552.7769801876364,7.874012420863179
8.661245381782194,7.949641778747478,21.93689267428567,880.1947136245082
1681.1373361320705,1.1159524528553146,39.81976342205044,11.58590887776669
1.022827873408293,2959.605424565132,2.2930282356366223,47.11337440210042

Iteration: ,15606
Error:,0.02764808797393863
Absolute Error:,0.021531584743710377
Transition Probabilities
0.00043440486533449297,0.00043440486533449297,0.9888234484073266,0.010307741862004493
0.9806477754614052,0.01843437231280321,0.0004589261128958238,0.0004589261128958238
0.013645097379902524,0.00415677127459199,0.008081805765001279,0.9741163255805041
0.03393528464694024,0.002111045016154966,0.00834939363397639,0.9556042767029285

0.028443162211333393,0.007376719644217215,0.959305256092201,0.004874862052248486
0.01060653040301492,0.00794711846179513,0.02456242785819433,0.9568839232769956
0.9699775870763214,0.000626269225287904,0.022850763950416846,0.0065453797479737875
0.00032253608781585735,0.9834831035478476,0.0007257802857342878,0.015468580078602233

*,*,*,*,*,*,*,*,*,*,*
Model Num 2
Model States: 
"['diamond', 'x', 'square']","['diamond', 'x', 'diamond']","['square', 'y', 'diamond', 'x', 'square']","['square', 'y', 'diamond', 'x', 'diamond']"
Iteration: ,15606
Error:,0.02695375218334914
Absolute Error:,0.021531584743710377
Transition Probabilities
0.00043440486533449297,0.00043440486533449297,0.9888234484073266,0.010307741862004493
0.9806477754614052,0.01843437231280321,0.0004589261128958238,0.0004589261128958238
0.013645097379902524,0.00415677127459199,0.008081805765001279,0.9741163255805041
0.03393528464694024,0.002111045016154966,0.00834939363397639,0.9556042767029285

0.028443162211333393,0.007376719644217215,0.959305256092201,0.004874862052248486
0.01060653040301492,0.00794711846179513,0.02456242785819433,0.9568839232769956
0.9699775870763214,0.000626269225287904,0.022850763950416846,0.0065453797479737875
0.00032253608781585735,0.9834831035478476,0.0007257802857342878,0.015468580078602233

Transition Gammas
1.0,1.0,2276.2715782336595,23.728421766334275
2136.831502730402,40.1684972695982,1.0,1.0
29.43249355224688,8.96616127619514,17.432465994655367,2101.170235253493
41.07910820283126,2.5554477453748587,10.107050761074778,1156.7715400114475

47.75730355703637,12.385832372873836,1610.7151511023233,8.18510491548451
10.609898119011627,7.949641778747478,24.570226759255558,957.1877467869434
1729.0416014468415,1.1163614073728778,40.732819006882586,11.66752101522923
1.0230808987097015,3119.597513125382,2.3021670288837455,49.06616470655071

