0,1,2,3,4,5,6,7,8,9,10,11,12,13,14,15,16,17,18,19,20,21,22,23,24,25,26,27,28,29
github Code Version (SHA):,528ca1c557fe8e6666681dc5c9134b0f84d30530
Environment Observations,Environment Actions,alpha,epsilon,numActions,explore,patience,gainThresh,insertRandActions,useUpdatedPosterior,revisedSplitting,haveControl,confidence_factor
"['diamond', 'square']","['x', 'y']",0.9,0.99,75000,0.5,0,0.01,False,True,False,True,250

Model Num 0
Model States: 
['diamond'],['square']
Iteration: ,0
Error:,0.5621244205440553
Absolute Error:,1
Transition Probabilities
0.5,0.5
0.5,0.5

0.5,0.5
0.5,0.5

Transition Gammas
1.0,1.0
1.0,1.0

1.0,1.0
1.0,1.0

Iteration: ,2483
Error:,0.09976589723749499
Absolute Error:,1
Transition Probabilities
0.4377431906614786,0.5622568093385214
0.06752873563218391,0.9324712643678161

0.056,0.944
0.9152759948652118,0.08472400513478819


Model Num 1
Model States: 
['square'],"['diamond', 'x', 'square']","['diamond', 'x', 'diamond']"
Iteration: ,0
Error:,0.6210668083019892
Absolute Error:,1
Transition Probabilities
0.3333333333333333,0.3333333333333333,0.3333333333333333
0.3333333333333333,0.3333333333333333,0.3333333333333333
0.3333333333333333,0.3333333333333333,0.3333333333333333

0.3333333333333333,0.3333333333333333,0.3333333333333333
0.3333333333333333,0.3333333333333333,0.3333333333333333
0.3333333333333333,0.3333333333333333,0.3333333333333333

Transition Gammas
1.0,1.0,1.0
1.0,1.0,1.0
1.0,1.0,1.0

1.0,1.0,1.0
1.0,1.0,1.0
1.0,1.0,1.0

Iteration: ,2500
Error:,0.10381378873016765
Absolute Error:,1
Transition Probabilities
0.9077102803738317,0.04336437673540522,0.04892534289076301
0.9957983193277311,0.0021008403361344537,0.0021008403361344537
0.0031152647975077894,0.8635095120811331,0.13337522312135902

0.08809891808346215,0.3448573987097661,0.5670436832067717
0.7648898669237523,0.185186608318396,0.04992352475785183
0.964968573622031,0.012820216747169459,0.02221120963079943

Transition Gammas
777.0,37.11990648550687,41.88009351449313
474.0,1.0,1.0
1.0,277.18655337804364,42.81344662195623

57.0,223.12273696521865,366.8772630347812
28.77725933762506,6.967229249442929,1.8782602321338644
124.71248870453006,1.6568841514389556,2.870575587552773

Iteration: ,2777
Error:,0.104126874968682
Absolute Error:,1
Transition Probabilities
0.907469342251951,0.041382281477711114,0.05114837627033794
0.9963833634719711,0.0018083182640144665,0.0018083182640144665
0.0028169014084507052,0.8677002830627635,0.12948281552878585

0.09054593874833558,0.3732489593871147,0.5362051018645497
0.7759310491031973,0.15977867068865712,0.06429028020814548
0.9642312440230709,0.011992069369096919,0.023776686607831988


Model Num 2
Model States: 
"['diamond', 'x', 'square']","['diamond', 'x', 'diamond']","['square', 'y', 'diamond', 'x', 'diamond']","['square', 'y', 'diamond', 'x', 'square']"
Iteration: ,0
Error:,0.5613343476604994
Absolute Error:,0.65
Transition Probabilities
0.25,0.25,0.25,0.25
0.25,0.25,0.25,0.25
0.25,0.25,0.25,0.25
0.25,0.25,0.25,0.25

0.25,0.25,0.25,0.25
0.25,0.25,0.25,0.25
0.25,0.25,0.25,0.25
0.25,0.25,0.25,0.25

Transition Gammas
1.0,1.0,1.0,1.0
1.0,1.0,1.0,1.0
1.0,1.0,1.0,1.0
1.0,1.0,1.0,1.0

1.0,1.0,1.0,1.0
1.0,1.0,1.0,1.0
1.0,1.0,1.0,1.0
1.0,1.0,1.0,1.0

Iteration: ,2500
Error:,0.05641040820899718
Absolute Error:,0.09033031465956842
Transition Probabilities
0.001937984496124031,0.001937984496124031,0.05657995423067913,0.9395440767770727
0.8986174587110616,0.09635741566079768,0.0025125628140703522,0.0025125628140703522
0.05499249310084423,0.04319432971415119,0.8327863683641662,0.06902680882083839
0.026644271326784357,0.030731265048283312,0.8678388328912133,0.07478563073371905

0.06983409431773087,0.014932353288668467,0.1905900285203408,0.7246435238732599
0.11060025991492299,0.11719912958546531,0.7034422340158819,0.0687583764837298
0.0027116392394144644,0.954633251767359,0.03717032037751912,0.005484788615707315
0.922579012270342,0.003234593326583982,0.0501306683343684,0.024055726068705725

Transition Gammas
1.0,1.0,29.195256383030433,484.8047436169695
357.64974856700246,38.350251432997474,1.0,1.0
12.229769172943847,9.60597805623017,185.20318831138033,15.350857744814958
7.97608947994992,9.199550509409546,259.79168656630776,22.3874346282836

13.980854974305524,2.9894719448085123,38.156312820041734,145.07435249674964
3.510026324865901,3.7194490357689296,22.32454753105943,2.1821260790759522
1.038620358715221,365.64654913541943,14.237089846949893,2.100800518269969
327.07542437245587,1.1467375378085864,17.772471952498453,8.528306744315916

Iteration: ,5000
Error:,0.04875565551926892
Absolute Error:,0.07781788039101237
Transition Probabilities
0.0009920634920634918,0.0009920634920634918,0.061032812166224464,0.9369830608496486
0.8846925673539727,0.11280743264602726,0.0012500000000000005,0.0012500000000000005
0.05065823757104041,0.04244120457770765,0.843232667310138,0.06366789054111396
0.02076476339329444,0.026648651689697704,0.8769799674715826,0.07560661744542538

0.0715418323057872,0.009645926387662042,0.1381730014013196,0.7806392399052311
0.07394097727210597,0.11447800534394383,0.7666157881270058,0.044965229256944426
0.0013662152607448511,0.9421386357112699,0.0521769608452839,0.004318188182701317
0.9177572442084012,0.0016551058749222176,0.05750723431918862,0.02308041559748805

Transition Gammas
1.0,1.0,61.52107466355428,944.4789253364461
707.7540538831779,90.24594611682177,1.0,1.0
23.994323849629925,20.102318123046356,399.3979788904678,30.1563587229808
12.371538489230609,15.87712866363122,522.5001227494143,45.04603110809696

28.869826486526215,3.892494952090864,55.75801523405988,315.0173636636738
4.219564382181485,6.532877055639286,43.74820016909642,2.5660153112529125
1.0430899998862653,719.3122618767514,39.836523310756,3.296888155492494
651.1786735618994,1.174351556512062,40.80325685304984,16.37630703421263

Iteration: ,7500
Error:,0.0376821693563971
Absolute Error:,0.065875832170498
Transition Probabilities
0.0007153075822603718,0.0007153075822603718,0.055609446245723726,0.9429599385897556
0.8946404176579957,0.10363246662525127,0.0008635578583765115,0.0008635578583765115
0.051078827951804316,0.040029902832066463,0.8523507704055868,0.05654049881054233
0.01978364919974083,0.025178013131777213,0.8751968040991035,0.07984153356937851

0.058875176631173004,0.009460526211346963,0.10979938289600955,0.8218649142614706
0.059887081823729774,0.08180141805771728,0.8135270796740078,0.04478442044454512
0.0008956635272705793,0.9300658963347112,0.06543378729367934,0.003604652844338928
0.9298856872271037,0.0011441600663022985,0.050114525364126236,0.018855627342467696

Transition Gammas
1.0,1.0,77.74200585152178,1318.2579941484785
1035.9936036479587,120.00639635204092,1.0,1.0
37.55565628180667,29.431945329162605,626.6900367230252,41.57134422375913
17.88404164320189,22.760443778374647,791.1612227086305,72.17522393343755

40.10737143034383,6.4447677339806635,74.79832562066757,559.8767301939515
6.960790884010662,9.507936399226626,94.55781961055271,5.205379458856316
1.0494160389496074,1089.7240304827462,76.6663638570378,4.223439265437253
971.3719621606612,1.1952060601600591,52.350353924538425,19.696859496827408

Iteration: ,10000
Error:,0.03453833658762831
Absolute Error:,0.059247035958926116
Transition Probabilities
0.0005770340450086556,0.0005770340450086556,0.049399105938905216,0.9494468259710774
0.9044875941659428,0.09416105448270587,0.000675675675675676,0.000675675675675676
0.050022868552095964,0.040085099728740144,0.857020527061052,0.052871504658111836
0.025269844292500666,0.026751221939653146,0.8805059519513507,0.06747298181649543

0.057928110993330055,0.0112346208318236,0.09864919414599241,0.832188074028854
0.05255215343399598,0.061194559391422085,0.8334545434686893,0.05279874370589276
0.0006653619072396679,0.9295124174457984,0.06710122314041936,0.002720997506542656
0.9303857033293966,0.0008793249682812118,0.04924048010442013,0.019494491597902223

Transition Gammas
1.0,1.0,85.60865059212273,1645.391349407877
1338.6416393655948,139.35836063440462,1.0,1.0
51.95560473546977,41.63386981934778,890.133273900429,54.91430374340875
29.69597829598795,31.43682631819191,1034.730777759296,79.29119706459248

57.109077676677636,11.075776902625213,97.25441404215329,820.4219427557503
11.557283977137011,13.457924262432343,183.29355148121257,11.611514177273147
1.0565531474947842,1476.007657790503,106.55255093258998,4.320774075855762
1281.4762631310207,1.2111472375364551,67.82187883281497,26.850937364064606

Iteration: ,12500
Error:,0.03456662925753062
Absolute Error:,0.057502251445760585
Transition Probabilities
0.0004859086491739558,0.0004859086491739558,0.047293709590474,0.9517344731111781
0.9017682984399826,0.09711997282182948,0.0005558643690939413,0.0005558643690939413
0.05301339049828644,0.03944163803607128,0.8586060999002189,0.04893887156542341
0.026230296160966997,0.029879405253523315,0.8888438105346111,0.05504648805089839

0.06251931503275768,0.013283189060604954,0.09235447054388321,0.8318430253627541
0.041788054916868406,0.0487381137346555,0.8333124509677584,0.07616138038071786
0.0004810909751177937,0.9213523272284092,0.07617034669319082,0.001996235103282307
0.9298672343574181,0.0007600301774423414,0.05004325989737353,0.019329475567765944

Transition Gammas
1.0,1.0,97.33045433719538,1958.6695456628024
1622.2811688935283,174.71883110647119,1.0,1.0
60.839778766058245,45.26442300201659,985.3624654851286,56.16373695617787
38.365523085742524,43.70286195045556,1300.0599582794732,80.51328491092173

74.41105506235581,15.809771941270728,109.92112740350483,990.06710375941
21.671007773235047,25.275262122099388,432.15030319983026,39.49678609196524
1.0700977270619185,2049.377523552434,169.42682170652736,4.4402550810282335
1490.846451557031,1.2185484671897193,80.23383735410616,30.99074684632401

Iteration: ,15000
Error:,0.03470138016661756
Absolute Error:,0.05587240316255325
Transition Probabilities
0.00041893590280687104,0.00041893590280687104,0.04608550649440709,0.9530766216999792
0.903261314049808,0.095791267665019,0.00047370914258645214,0.00047370914258645214
0.052048549567942234,0.03924929361308363,0.8644521760327171,0.04424998078625721
0.02877301692088043,0.029709801641218187,0.8949847546566773,0.04653242678122413

0.061258635842863084,0.014125159207654081,0.08738197287325283,0.8372342320762299
0.04608557177144467,0.04082682040879754,0.8260116880880631,0.0870759197316947
0.0003763662630600822,0.9224421529921099,0.07561498648127601,0.0015664942635540543
0.929993824776329,0.0006780615895067928,0.04933771309827118,0.019990400535893085

Transition Gammas
1.0,1.0,110.0061040021496,2274.9938959978476
1906.784633959144,202.21536604085503,1.0,1.0
66.45243764258622,50.11112236536651,1103.6802139476642,56.49569706156657
50.92532553390087,52.583339602066395,1584.0323628244355,82.357682137829

83.87470222728878,19.34002457211199,119.64251005486577,1146.332609985272
38.46175777826334,34.07294771577063,689.3667637848987,72.67118111606229
1.0795081643605897,2645.7839956456946,216.88180707504685,4.493078984235835
1676.9703515122958,1.2226846585520839,88.96605533603382,36.0468081834961

Iteration: ,16329
Error:,0.03393770939036089
Absolute Error:,0.05562942016394149
Transition Probabilities
0.0003880481179666282,0.0003880481179666282,0.04515799906347508,0.9540659047005917
0.9034819634823734,0.09564007339207786,0.00043898156277436364,0.00043898156277436364
0.05093761167305843,0.04022154519503859,0.8652098285366854,0.04363101459521755
0.029146739685031512,0.029639845414375292,0.8979055330719582,0.043307881828635056

0.059291905795561345,0.015032294098467411,0.08468042970758716,0.840995370398384
0.04501227386623595,0.04290307015391576,0.8199943895526817,0.0920902664271666
0.0003388528649007322,0.9236594757441458,0.07459017538100389,0.001411496009949487
0.9298805033030894,0.0006364136864044911,0.04981660033569156,0.019666482674814505

*,*,*,*,*,*,*,*,*,*,*
Model Num 2
Model States: 
"['diamond', 'x', 'square']","['diamond', 'x', 'diamond']","['square', 'y', 'diamond', 'x', 'diamond']","['square', 'y', 'diamond', 'x', 'square']"
Iteration: ,16329
Error:,0.0338841823274782
Absolute Error:,0.05562942016394149
Transition Probabilities
0.0003880481179666282,0.0003880481179666282,0.04515799906347508,0.9540659047005917
0.9034819634823734,0.09564007339207786,0.00043898156277436364,0.00043898156277436364
0.05093761167305843,0.04022154519503859,0.8652098285366854,0.04363101459521755
0.029146739685031512,0.029639845414375292,0.8979055330719582,0.043307881828635056

0.059291905795561345,0.015032294098467411,0.08468042970758716,0.840995370398384
0.04501227386623595,0.04290307015391576,0.8199943895526817,0.0920902664271666
0.0003388528649007322,0.9236594757441458,0.07459017538100389,0.001411496009949487
0.9298805033030894,0.0006364136864044911,0.04981660033569156,0.019666482674814505

Transition Gammas
1.0,1.0,116.37216358657517,2458.6278364134228
2058.1319128128457,217.8680871871533,1.0,1.0
68.33673934386219,53.96030869375252,1160.7457944819876,58.53437516542686
56.32104102810097,57.27388269456788,1735.047381422069,83.68500270249235

86.50052722110436,21.930503791589523,123.53965885785894,1226.9219879826169
45.02631495016926,42.916453294941206,820.250177786859,92.11899297326795
1.0830577984761165,2952.2447704083047,238.40870036546335,4.511491326896586
1791.1715384498893,1.2258844848542279,95.95864882279382,37.88233423909508

