0,1,2,3,4,5,6,7,8,9,10,11,12,13,14,15,16,17,18,19,20,21,22,23,24,25,26,27,28,29
github Code Version (SHA):,528ca1c557fe8e6666681dc5c9134b0f84d30530
Environment Observations,Environment Actions,alpha,epsilon,numActions,explore,patience,gainThresh,insertRandActions,useUpdatedPosterior,revisedSplitting,haveControl,confidence_factor
"['diamond', 'square']","['x', 'y']",0.75,0.99,75000,0.5,0,0.01,False,True,False,True,250

Model Num 0
Model States: 
['diamond'],['square']
Iteration: ,0
Error:,0.4023334768201176
Absolute Error:,1
Transition Probabilities
0.5,0.5
0.5,0.5

0.5,0.5
0.5,0.5

Transition Gammas
1.0,1.0
1.0,1.0

1.0,1.0
1.0,1.0

Iteration: ,2470
Error:,0.04922523591538531
Absolute Error:,1
Transition Probabilities
0.43963963963963965,0.5603603603603604
0.16,0.84

0.172,0.828
0.8270777479892761,0.17292225201072386


Model Num 1
Model States: 
['square'],"['diamond', 'x', 'square']","['diamond', 'x', 'diamond']"
Iteration: ,0
Error:,0.4748407619708225
Absolute Error:,1
Transition Probabilities
0.3333333333333333,0.3333333333333333,0.3333333333333333
0.3333333333333333,0.3333333333333333,0.3333333333333333
0.3333333333333333,0.3333333333333333,0.3333333333333333

0.3333333333333333,0.3333333333333333,0.3333333333333333
0.3333333333333333,0.3333333333333333,0.3333333333333333
0.3333333333333333,0.3333333333333333,0.3333333333333333

Transition Gammas
1.0,1.0,1.0
1.0,1.0,1.0
1.0,1.0,1.0

1.0,1.0,1.0
1.0,1.0,1.0
1.0,1.0,1.0

Iteration: ,2500
Error:,0.06298213519200399
Absolute Error:,1
Transition Probabilities
0.8093567251461988,0.11056039692217645,0.0800828779316247
0.9959839357429718,0.002008032128514056,0.002008032128514056
0.0025974025974025983,0.7210592090638579,0.27634338833873956

0.18166383701188454,0.36806610314157373,0.4502700598465419
0.8415046024631104,0.10419194185039478,0.05430345568649491
0.7112342521488452,0.16484639209956636,0.12391935575158837

Transition Gammas
692.0,94.52913936846086,68.47086063153913
496.0,1.0,1.0
1.0,277.6077954895852,106.3922045104147

107.0,216.79093475038692,265.20906524961316
68.21704133597181,8.44637805102811,4.402140012554631
27.198557998056266,6.303948583387499,4.738843460235925

Iteration: ,2951
Error:,0.059863622163785137
Absolute Error:,1
Transition Probabilities
0.8156182212581344,0.10686457632154106,0.07751720242032444
0.9966555183946488,0.0016722408026755853,0.0016722408026755853
0.0021413276231263384,0.7230576221217858,0.27480105025508783

0.18666666666666668,0.37119552985457555,0.44213780347875786
0.8396327683926429,0.10946401895885916,0.05090321264849801
0.7324346218804253,0.13475333211668875,0.13281204600288582


Model Num 2
Model States: 
"['diamond', 'x', 'square']","['diamond', 'x', 'diamond']","['square', 'y', 'diamond', 'x', 'diamond']","['square', 'y', 'diamond', 'x', 'square']"
Iteration: ,0
Error:,0.40253935469270635
Absolute Error:,0.5
Transition Probabilities
0.25,0.25,0.25,0.25
0.25,0.25,0.25,0.25
0.25,0.25,0.25,0.25
0.25,0.25,0.25,0.25

0.25,0.25,0.25,0.25
0.25,0.25,0.25,0.25
0.25,0.25,0.25,0.25
0.25,0.25,0.25,0.25

Transition Gammas
1.0,1.0,1.0,1.0
1.0,1.0,1.0,1.0
1.0,1.0,1.0,1.0
1.0,1.0,1.0,1.0

1.0,1.0,1.0,1.0
1.0,1.0,1.0,1.0
1.0,1.0,1.0,1.0
1.0,1.0,1.0,1.0

Iteration: ,2500
Error:,0.05646986686905093
Absolute Error:,0.1773747986837873
Transition Probabilities
0.002016129032258063,0.002016129032258063,0.045644628120608995,0.9503231138148749
0.7539746282287969,0.24143821580790037,0.0022935779816513763,0.0022935779816513763
0.12241254238970448,0.06402035717016265,0.6821338824399118,0.1314332180002212
0.05984756804753279,0.08263501260774873,0.6804492373275276,0.17706818201719093

0.09280645641958672,0.07319550504603896,0.3669615241019017,0.4670365144324727
0.18353265151102618,0.09042573668769695,0.45198967183841526,0.2740519399628616
0.003398535319767997,0.810378966078655,0.15926971917302732,0.026952779428549727
0.8982548286101876,0.004077909117888458,0.045055617523006325,0.05261164474891763

Transition Gammas
1.0,1.0,22.639735547822077,471.3602644521783
328.73293790775546,105.26706209224456,1.0,1.0
24.69731416315232,12.916412346335758,137.6237636035425,26.51727848353682
21.77461024001335,30.065468830466468,247.57091080381946,64.42351418974692

13.001618915645876,10.254244151336719,51.40907300141879,65.42896921836373
4.195374374235302,2.0670426507085096,10.332035586245468,6.264555525481452
1.280734791621021,305.3905399240212,60.02064165998741,10.157129203349712
245.369165143124,1.1139301720581656,12.307486589004,14.371506768098582

Iteration: ,5000
Error:,0.04889370970806561
Absolute Error:,0.1561811571197096
Transition Probabilities
0.0010214504596527062,0.0010214504596527062,0.04875743547993735,0.9491996636007572
0.7688506292225372,0.2287964296009921,0.0011764705882352944,0.0011764705882352944
0.1096200732353386,0.07214391651825958,0.7008612795317954,0.11737473071460641
0.07178208737471026,0.08011981176102088,0.6846364202489496,0.1634616806153193

0.10791362607282132,0.06193419698653538,0.32112849835775487,0.5090236785828884
0.14995315290567476,0.07632699150609605,0.5607143425802379,0.21300551300799125
0.0017457091393795505,0.8184353005342515,0.16229869727003307,0.017520293056335828
0.8894112618195987,0.002099003165831528,0.05335571937051615,0.055134015644053506

Transition Gammas
1.0,1.0,47.733529334858694,929.2664706651419
653.5230348391565,194.47696516084324,1.0,1.0
48.450330532293435,31.886464750846727,309.7695490286789,51.877765918407796
50.80118699326283,56.70191113125274,484.5267681602488,115.68411712275538

31.78808078269664,18.24393571661549,94.5947144852112,149.9429349559547
7.45944364591248,3.796898436406385,27.892824918213936,10.595993413698064
1.304958288388465,611.7994715439633,121.3220607142231,13.096827600379196
486.65694305467406,1.148506329969146,29.19451596578184,30.167541904934772

Iteration: ,7500
Error:,0.04618444975369507
Absolute Error:,0.15020418800833793
Transition Probabilities
0.0006934812760055472,0.0006934812760055472,0.05177959824429854,0.9468334392036905
0.7678245040895094,0.23059446824250637,0.0007905138339920952,0.0007905138339920952
0.11869102023206964,0.07470351079196715,0.7011970010237998,0.10540846795216352
0.07779526548756778,0.09016700607017794,0.6820349532634963,0.1500027751787579

0.10137239410012738,0.06579913049163785,0.29788362288086806,0.5349448525273668
0.09897649894625682,0.057850658781657426,0.5892155093494497,0.25395733292263606
0.0011870235723297627,0.8278606254758129,0.15743747780203385,0.01351487314982369
0.8879572043034267,0.00140530914204273,0.05320198914041287,0.05743549741411778

Transition Gammas
1.0,1.0,74.66618066827857,1365.333819331723
971.297997673229,291.70200232677047,1.0,1.0
78.24958628630475,49.24988261265704,462.27907661446505,69.49278043278122
80.65550972671598,93.48211346208832,707.1108564530209,155.5178225389324

48.020772501359446,31.169482620734854,141.10943924352813,253.40690916914704
9.552758832377434,5.583480902223114,56.868385132191946,24.510799845941374
1.3240744736630596,923.443432375866,175.6148322702865,15.075268065110132
740.9332117902967,1.1726243237012812,44.393041124500584,47.92558398487148

Iteration: ,10000
Error:,0.04815002954998265
Absolute Error:,0.14178741075807588
Transition Probabilities
0.0005302226935312829,0.0005302226935312829,0.05993679094707001,0.9390027636658674
0.7667445653879326,0.23203962914094287,0.0006079027355623104,0.0006079027355623104
0.11380958010704076,0.07653748635387896,0.699311580795294,0.1103413527437864
0.07842791810414569,0.09046614479468684,0.7025819264117921,0.1285240106893753

0.11016925511665068,0.0723959667136196,0.28629046217151727,0.5311443159982125
0.0789948309946435,0.06741931876941211,0.6223266677756552,0.23125918246028923
0.0009068211568478439,0.8282417205853773,0.16017157065952572,0.010679887598249097
0.8872390485416147,0.0010533049941663937,0.05480848495813966,0.056899161506079265

Transition Gammas
1.0,1.0,113.04078772617409,1770.9592122738268
1261.2948100631484,381.7051899368508,1.0,1.0
112.08073785894048,75.37483168238704,688.6885787217637,108.66519514653864
101.89427458328115,117.5344497345956,912.8009190807473,166.97958013290068

71.0115081543204,46.66407860505828,184.53349319164315,342.3583002961368
12.87305266276344,10.986699130543466,101.41478710501102,37.686157398840294
1.3423687917247211,1226.0475280295514,237.10222920058635,15.809454491392044
995.226763699383,1.1815049419383725,61.47933997924935,63.82447713046947

Iteration: ,12500
Error:,0.04766392613372899
Absolute Error:,0.13719649784914792
Transition Probabilities
0.0004340277777777777,0.0004340277777777777,0.05796037899296711,0.9411715654514773
0.761404725549842,0.2375748662868927,0.0005102040816326532,0.0005102040816326532
0.11572818816937537,0.07575984086737154,0.7055738349018409,0.10293813606141224
0.07929707444797546,0.09380918380948551,0.7060373744289852,0.12085636731355379

0.10872447708348246,0.07280040949556257,0.2784029000889337,0.5400722133320213
0.08613053915449621,0.06834393610352082,0.6269309606023955,0.21859456413958742
0.0007338592099215797,0.8319871321652067,0.15760170403131923,0.00967730459355243
0.875980966821452,0.0007444550981731524,0.05898994954520813,0.06428462853516662

Transition Gammas
1.0,1.0,133.54071319979624,2168.459286800204
1492.3532620776898,465.6467379223095,1.0,1.0
132.7115413697659,86.87775566590663,809.1182680830995,118.04452241528976
113.15491838524643,133.8633311713548,1007.4974649015594,172.4589775209758

101.54032714157516,67.99000183320345,260.0069672488521,504.38604712442645
24.899232872913384,19.757354327489363,181.2376903304622,63.1928815341737
1.365636100573884,1548.2420163659935,293.28047345774854,18.0084631091799
1413.0120372543104,1.2008525924153024,95.15447474487554,103.69512280639188

Iteration: ,15000
Error:,0.048546840180028604
Absolute Error:,0.13991037767555942
Transition Probabilities
0.00036778227289444693,0.00036778227289444693,0.05733360821949531,0.9419308272347158
0.7643501494384722,0.2347648948093153,0.00044247787610619496,0.00044247787610619496
0.11960688171872366,0.0747549877787569,0.7100162032715988,0.09562192723092061
0.08020902391211492,0.0988249950158528,0.7155094450314866,0.10545653604054568

0.10680635997768223,0.06958648495794109,0.273363454738113,0.5502437003262636
0.07506853460221309,0.08040184965948953,0.58769251145388,0.2568371042844174
0.0005883196483694787,0.8291495669792138,0.16224643365406619,0.008015679718350485
0.8803238902824365,0.0006325326985996674,0.058021842956341656,0.0610217340626222

Transition Gammas
1.0,1.0,155.89008074880758,2561.1099192511892
1727.4313377309463,530.5686622690523,1.0,1.0
153.8249933637372,96.14150401492672,913.1434260885189,122.97822759324994
136.4494309643933,168.1184195652003,1217.2053948838648,179.3998185288361

116.82279265255607,76.11239167181078,298.9998179727311,601.8462357955291
38.14127230566235,40.851055079089136,298.59834390186967,130.49533982006042
1.3956070604692732,1966.9018246599562,384.8796635827629,19.014729901328664
1684.9566944925923,1.2106796336619179,111.05491262394318,116.79676134357123

Iteration: ,17500
Error:,0.0503655431491766
Absolute Error:,0.13864528402975745
Transition Probabilities
0.00032041012495994905,0.00032041012495994905,0.054839223938452426,0.9445199558116276
0.768540068409933,0.23067837629502982,0.00039077764751856213,0.00039077764751856213
0.11761193903300943,0.07781774959512362,0.7135342747880814,0.09103603658378556
0.08515621172441212,0.09716219429048177,0.7252761478436552,0.09240544614145083

0.1080708705342283,0.06943495087345139,0.27013458192612994,0.5523595966661903
0.07987536939489019,0.0848553105265728,0.5752202768439493,0.26004904323458783
0.0004819463336004597,0.8263770819108824,0.16640969377869547,0.006731277976821693
0.8828221287038993,0.0005686507572018369,0.0574219291432532,0.05918729139564571

Transition Gammas
1.0,1.0,171.15321791190985,2947.846782088087
1966.6940350610175,590.305964938981,1.0,1.0
165.16653914263796,109.28217398820065,1002.0410146738813,127.84507443233588
171.1570975840356,195.28815142075675,1457.7463921667531,185.72747239758485

131.10181934350922,84.23221114568089,327.70287666829853,670.072774437854
62.24853826974798,66.12951006950367,448.2811370753578,202.6616332723358
1.4220301225966396,2438.3069673375444,491.00819063718643,19.86129861203011
1890.2537515468186,1.2175660217067727,122.94890834175636,126.72881203008282

Iteration: ,19562
Error:,0.05272551605897823
Absolute Error:,0.13713188034362223
Transition Probabilities
0.0002898550724637681,0.0002898550724637681,0.05393305627618529,0.9454872335788872
0.7685124925544058,0.23077979336208396,0.00035385704175513116,0.00035385704175513116
0.11701746558794997,0.08008611505766702,0.7155971519782457,0.0872992673761373
0.08449536754055616,0.09798894930506243,0.7341018434623872,0.08341383969199437

0.10670682799412315,0.06821160998865076,0.2668538447744932,0.5582277172427328
0.08628105294999969,0.08177284870712158,0.5720225379391676,0.2599235604037111
0.0004210522622531308,0.8296147521173061,0.16406148257699943,0.005902713043441341
0.8852857796019347,0.0005238795417037886,0.05727319647114048,0.05691714438522113

*,*,*,*,*,*,*,*,*,*,*
Model Num 2
Model States: 
"['diamond', 'x', 'square']","['diamond', 'x', 'diamond']","['square', 'y', 'diamond', 'x', 'diamond']","['square', 'y', 'diamond', 'x', 'square']"
Iteration: ,19562
Error:,0.0509064543242299
Absolute Error:,0.13713188034362223
Transition Probabilities
0.0002898550724637681,0.0002898550724637681,0.05393305627618529,0.9454872335788872
0.7685124925544058,0.23077979336208396,0.00035385704175513116,0.00035385704175513116
0.11701746558794997,0.08008611505766702,0.7155971519782457,0.0872992673761373
0.08449536754055616,0.09798894930506243,0.7341018434623872,0.08341383969199437

0.10670682799412315,0.06821160998865076,0.2668538447744932,0.5582277172427328
0.08628105294999969,0.08177284870712158,0.5720225379391676,0.2599235604037111
0.0004210522622531308,0.8296147521173061,0.16406148257699943,0.005902713043441341
0.8852857796019347,0.0005238795417037886,0.05727319647114048,0.05691714438522113

Transition Gammas
1.0,1.0,186.06904415283924,3261.930955847161
2171.8163039587494,652.1836960412488,1.0,1.0
175.02081729454497,119.78329252741258,1070.305169947028,130.57186846952146
191.02211616127894,221.52760561327815,1659.61391373052,188.57706213840052

141.34042143879523,90.35089772648487,353.4659926829329,739.4104229042389
86.30594886648139,81.79644380641949,572.1875918512754,259.99855989699716
1.438391841381768,2834.1163269135664,560.4641494168776,20.16475161128442
2065.2953314314695,1.2221657645961446,133.61342519382907,132.78278640154403

