0,1,2,3,4,5,6,7,8,9,10,11,12,13,14,15,16,17,18,19,20,21,22,23,24,25,26,27,28,29
github Code Version (SHA):,ddb97f21bb9c22f159e8ea0ce9d830001061547e
Environment Observations,Environment Actions,alpha,epsilon,numActions,explore,patience,gainThresh,insertRandActions,useBudd,revisedSplitting,haveControl,confidence_factor
"['square', 'diamond']","['x', 'y']",0.99,0.99,75000,0.5,0,0.01,False,True,False,True,250

Model Num 0
Model States: 
['square'],['diamond']
Iteration: ,0
Error:,0.6768009402670193
Absolute Error:,1
Transition Probabilities
0.5,0.5
0.5,0.5

0.5,0.5
0.5,0.5

Transition Gammas
1.0,1.0
1.0,1.0

1.0,1.0
1.0,1.0

Iteration: ,1822
Error:,0.23626829941725924
Absolute Error:,1
Transition Probabilities
0.985,0.015
0.986,0.014

0.21474358974358973,0.7852564102564102
0.057692307692307696,0.9423076923076923


Model Num 1
Model States: 
['diamond'],"['square', 'y', 'diamond']","['square', 'y', 'square']"
Iteration: ,0
Error:,0.6200428849561924
Absolute Error:,1
Transition Probabilities
0.3333333333333333,0.3333333333333333,0.3333333333333333
0.3333333333333333,0.3333333333333333,0.3333333333333333
0.3333333333333333,0.3333333333333333,0.3333333333333333

0.3333333333333333,0.3333333333333333,0.3333333333333333
0.3333333333333333,0.3333333333333333,0.3333333333333333
0.3333333333333333,0.3333333333333333,0.3333333333333333

Transition Gammas
1.0,1.0,1.0
1.0,1.0,1.0
1.0,1.0,1.0

1.0,1.0,1.0
1.0,1.0,1.0
1.0,1.0,1.0

Iteration: ,2500
Error:,0.13293562793402403
Absolute Error:,1
Transition Probabilities
0.01610305958132045,0.9659266028767136,0.01797033754196596
0.028678498168368715,0.962194372094334,0.009127129737297159
0.02405931696618248,0.9509940145103762,0.024946668523441157

0.6721991701244812,0.002843640446417719,0.324957189429101
0.99734395750332,0.0013280212483399733,0.0013280212483399733
0.02564102564102564,0.24061672530319642,0.7337422490557779

Transition Gammas
10.0,599.8404203864392,11.159579613560862
12.65960488513251,424.7433217004235,4.029006523673822
3.854704188607928,152.36511561100534,3.996872720214231

324.0,1.3706346951733408,156.62936530482673
751.0,1.0,1.0
1.0,9.38405228682466,28.615947713175338

Iteration: ,4098
Error:,0.12589541643459337
Absolute Error:,1
Transition Probabilities
0.013415892672858613,0.9719118648832895,0.014672242443851855
0.023424674903280516,0.9686621543497981,0.007913170746921437
0.024934991092129374,0.9568029526835515,0.018262056224319107

0.6617100371747212,0.0041842937386845904,0.33410566908659417
0.9983402489626556,0.0008298755186721991,0.0008298755186721991
0.012658227848101266,0.13226171706764217,0.8550800550842564


Model Num 2
Model States: 
"['square', 'y', 'diamond']","['square', 'y', 'square']","['diamond', 'y', 'diamond']","['diamond', 'y', 'square', 'y', 'square']"
Iteration: ,0
Error:,0.6753164494373732
Absolute Error:,0.74
Transition Probabilities
0.25,0.25,0.25,0.25
0.25,0.25,0.25,0.25
0.25,0.25,0.25,0.25
0.25,0.25,0.25,0.25

0.25,0.25,0.25,0.25
0.25,0.25,0.25,0.25
0.25,0.25,0.25,0.25
0.25,0.25,0.25,0.25

Transition Gammas
1.0,1.0,1.0,1.0
1.0,1.0,1.0,1.0
1.0,1.0,1.0,1.0
1.0,1.0,1.0,1.0

1.0,1.0,1.0,1.0
1.0,1.0,1.0,1.0
1.0,1.0,1.0,1.0
1.0,1.0,1.0,1.0

Iteration: ,2500
Error:,0.02988038278233771
Absolute Error:,0.04043275592459862
Transition Probabilities
0.9538072070972307,0.02152801589872903,0.013986543076005309,0.010678233928034958
0.9431530460680303,0.028482118078038757,0.02106446495798329,0.007300370895947524
0.9650015748766834,0.014357902061730479,0.013298214586793608,0.007342308474792418
0.9491045257096594,0.02774254761892992,0.017237359218525334,0.005915567452885364

0.0013869625520110964,0.0013869625520110964,0.9857889657792969,0.011437109116681025
0.09615355648193609,0.8844289677899085,0.009708737864077674,0.009708737864077674
0.0032051282051282068,0.0032051282051282068,0.0279610056136953,0.9656287379760483
0.03223990688857789,0.9537740791254081,0.006993006993006991,0.006993006993006991

Transition Gammas
448.5824888610642,10.124782954285214,6.577973260121702,5.022051329069358
129.1924834382839,3.901461786530508,2.8853965446709413,1.0
405.10336175412516,6.027383316640471,5.582531235895914,3.08226838547316
160.44183981821158,4.689752562182057,2.9138978391866157,1.0

1.0,1.0,710.7538443268727,8.246155673127015
9.903816317639413,91.09618368236055,1.0,1.0
1.0,1.0,8.72383375147293,301.2761662485269
4.610306685066639,136.3896933149334,1.0,1.0

Iteration: ,5000
Error:,0.022514208812638197
Absolute Error:,0.030167428472570857
Transition Probabilities
0.954972651794202,0.019748921323223527,0.016526502354641207,0.008751924527933228
0.9637325055837118,0.018093119176644835,0.01443082998072667,0.0037435452589167748
0.9678611432157235,0.016883983726127396,0.011353725319237215,0.0039011477389119973
0.9550704656854306,0.020914846185637093,0.01824440803391615,0.005770280095015989

0.0006954102920723226,0.0006954102920723226,0.9886696390088147,0.00993954040704071
0.07921358658463976,0.9099168481979689,0.005434782608695653,0.005434782608695653
0.0015822784810126597,0.0015822784810126597,0.017131243022892977,0.9797042000150817
0.0249982887902169,0.9675110745056632,0.0037453183520599234,0.0037453183520599234

Transition Gammas
920.701664292224,19.040194183682786,15.933417773021823,8.437845275976082
257.43845444053096,4.833150910503544,3.854856555120786,1.0
799.1993511046886,13.941740437218458,9.375198055381386,3.2213244258810754
351.0115171865851,7.6867122951769105,6.705261626491652,2.1207176260963214

1.0,1.0,1421.7069408946754,14.293059105324541
14.575299931573712,167.42470006842626,1.0,1.0
1.0,1.0,10.826945590468352,619.1730544095311
6.674543106987915,258.3254568930122,1.0,1.0

Iteration: ,7500
Error:,0.019958281936474826
Absolute Error:,0.024682758764188302
Transition Probabilities
0.96073674873746,0.017799690546241958,0.014139229857119627,0.0073243308591786115
0.9601172267239648,0.014660382086093769,0.016112200818201423,0.009110190371740066
0.9678854457548018,0.0157757156171736,0.013333070536500046,0.0030057680915246323
0.9565347768014213,0.01959048016819679,0.017241965393997354,0.0066327776363844905

0.000483325277912035,0.000483325277912035,0.9853423779049183,0.01369097153925768
0.03894633813032809,0.9572295700914691,0.0019120458891013405,0.0019120458891013405
0.0009794319294809018,0.0009794319294809018,0.01947410464692862,0.9785670314941095
0.023630621906164394,0.9726519059748764,0.0018587360594795536,0.0018587360594795536

Transition Gammas
1134.6381032687073,21.021582807879998,16.698548242112185,8.650095756919857
502.84869902812835,7.6781812200178114,8.438552079267991,4.771341716218505
1037.2966020419892,16.90705886347267,14.289241379709058,3.2213244258810754
472.2770965648162,9.672554849584268,8.513005018570913,3.2748510981969527

1.0,1.0,2038.6733798852752,28.326620114724125
20.368934842161572,500.63106515783784,1.0,1.0
1.0,1.0,19.88306084451411,999.1169391554852
12.713274585516446,523.2867254144836,1.0,1.0

Iteration: ,10000
Error:,0.020277046348532057
Absolute Error:,0.024679350640804086
Transition Probabilities
0.9628170118986743,0.015963471491872633,0.014811793710317513,0.006407722899135582
0.9623050318589198,0.013686541093363569,0.01644294386706631,0.007565483180650242
0.9680325879022127,0.01353665030125472,0.014442905764462131,0.003987856032070462
0.9576687313778214,0.02005544581150522,0.018595604460415506,0.003680218350257721

0.0003508771929824563,0.0003508771929824563,0.9833720854386032,0.01592616017543183
0.04502329143145455,0.9515753480243277,0.0017006802721088448,0.0017006802721088448
0.0006414368184733813,0.0006414368184733813,0.01927994936071742,0.9794371770023358
0.021362100529790477,0.9755323094080977,0.0015527950310559003,0.0015527950310559003

Transition Gammas
1328.3251256785627,22.023582896496873,20.434700985375834,8.840246090503665
606.8992597827453,8.631724228338276,10.370111483564177,4.771341716218505
1280.3773878799047,17.904377569482264,19.103044863574034,5.274575208928077
886.686224289872,18.568934058720927,17.21729630210581,3.407440179087268

1.0,1.0,2802.6104435000184,45.3895564999807
26.473695361695256,559.5263046383043,1.0,1.0
1.0,1.0,30.057441053358414,1526.9425589466393
13.75719274118507,628.242807258815,1.0,1.0

Iteration: ,12500
Error:,0.018907210660844463
Absolute Error:,0.022200373071374388
Transition Probabilities
0.9634975537565876,0.01657338894375724,0.014199319000676724,0.005729738298978449
0.9681844894577507,0.01032380499354508,0.014961471146198039,0.006530234402506307
0.9679661932295933,0.013772043335187048,0.014604633314893518,0.0036571301203261845
0.9596460421272877,0.01821033926836484,0.017784449805881963,0.004359168798465511

0.0002960331557134397,0.0002960331557134397,0.9824074686213428,0.01700046506723037
0.03229363143715332,0.9659078074117675,0.0008992805755395696,0.0008992805755395696
0.0005083884087442811,0.0005083884087442811,0.01834897085051533,0.9806342523319961
0.022587529120648667,0.9753377820826709,0.0010373443983402487,0.0010373443983402487

Transition Gammas
1510.7246810764816,25.986394702087175,22.263950318466392,8.983994853569431
899.648651055071,9.593003541505025,13.90237860762982,6.067972204944711
1396.0702293616835,19.863028101822568,21.063849052040766,5.274575208928077
978.9004633488304,18.575713091074554,18.141278545566813,4.446631538410129

1.0,1.0,3318.572429002898,57.42757099710423
35.910518158114435,1074.089481841884,1.0,1.0
1.0,1.0,36.09242566296362,1928.9075743370345
21.77437807230532,940.2256219276949,1.0,1.0

Iteration: ,12992
Error:,0.018235336055291252
Absolute Error:,0.022053784182432853
Transition Probabilities
0.9642370036668888,0.016238532441026226,0.013911048924813218,0.005613414967271778
0.9656363931388151,0.014394495443655585,0.013901515801596783,0.006067595615932536
0.9685435393056546,0.013524748229951556,0.014340678882385651,0.0035910335820081895
0.9601424808051683,0.01798741823463594,0.017564776549204613,0.004305324410991207

0.0002866972477064218,0.0002866972477064218,0.982673284814009,0.016753320690578187
0.030952950106952103,0.9673720080170011,0.0008375209380234522,0.0008375209380234522
0.0004875670404680649,0.0004875670404680649,0.018574861560678026,0.9804500043583859
0.02204189135111472,0.9760238726720961,0.0009671179883945839,0.0009671179883945839

*,*,*,*,*,*,*,*,*,*,*
Model Num 2
Model States: 
"['square', 'y', 'diamond']","['square', 'y', 'square']","['diamond', 'y', 'diamond']","['diamond', 'y', 'square', 'y', 'square']"
Iteration: ,12992
Error:,0.01865292268430057
Absolute Error:,0.022053784182432853
Transition Probabilities
0.9642370036668888,0.016238532441026226,0.013911048924813218,0.005613414967271778
0.9656363931388151,0.014394495443655585,0.013901515801596783,0.006067595615932536
0.9685435393056546,0.013524748229951556,0.014340678882385651,0.0035910335820081895
0.9601424808051683,0.01798741823463594,0.017564776549204613,0.004305324410991207

0.0002866972477064218,0.0002866972477064218,0.982673284814009,0.016753320690578187
0.030952950106952103,0.9673720080170011,0.0008375209380234522,0.0008375209380234522
0.0004875670404680649,0.0004875670404680649,0.018574861560678026,0.9804500043583859
0.02204189135111472,0.9760238726720961,0.0009671179883945839,0.0009671179883945839

Transition Gammas
1543.2139489190067,25.988973330899775,22.263950318466392,8.983994853569431
965.6963259488491,14.395388846769935,13.90237860762982,6.067972204944711
1422.614304356403,19.865395321867997,21.063849052040766,5.274575208928077
991.6557799026964,18.577791957445356,18.141278545566813,4.446631538410129

1.0,1.0,3427.564417431266,58.43558256873676
36.95782242770074,1155.042177572297,1.0,1.0
1.0,1.0,38.09704106095059,2010.9029589390473
22.79131565705263,1009.2086843429475,1.0,1.0

