0,1,2,3,4,5,6,7,8,9,10,11,12,13,14,15,16,17,18,19,20,21,22,23,24,25,26,27,28,29
github Code Version (SHA):,528ca1c557fe8e6666681dc5c9134b0f84d30530
Environment Observations,Environment Actions,alpha,epsilon,numActions,explore,patience,gainThresh,insertRandActions,useUpdatedPosterior,revisedSplitting,haveControl,confidence_factor
"['diamond', 'square']","['x', 'y']",0.95,0.99,75000,0.5,0,0.01,False,True,False,True,250

Model Num 0
Model States: 
['diamond'],['square']
Iteration: ,0
Error:,0.6212936157285458
Absolute Error:,1
Transition Probabilities
0.5,0.5
0.5,0.5

0.5,0.5
0.5,0.5

Transition Gammas
1.0,1.0
1.0,1.0

1.0,1.0
1.0,1.0

Iteration: ,2458
Error:,0.12028298309575104
Absolute Error:,1
Transition Probabilities
0.4618320610687023,0.5381679389312977
0.04328358208955224,0.9567164179104478

0.042,0.958
0.9506493506493506,0.04935064935064935


Model Num 1
Model States: 
['square'],"['diamond', 'x', 'square']","['diamond', 'x', 'diamond']"
Iteration: ,0
Error:,0.6760725983468435
Absolute Error:,1
Transition Probabilities
0.3333333333333333,0.3333333333333333,0.3333333333333333
0.3333333333333333,0.3333333333333333,0.3333333333333333
0.3333333333333333,0.3333333333333333,0.3333333333333333

0.3333333333333333,0.3333333333333333,0.3333333333333333
0.3333333333333333,0.3333333333333333,0.3333333333333333
0.3333333333333333,0.3333333333333333,0.3333333333333333

Transition Gammas
1.0,1.0,1.0
1.0,1.0,1.0
1.0,1.0,1.0

1.0,1.0,1.0
1.0,1.0,1.0
1.0,1.0,1.0

Iteration: ,2500
Error:,0.12129392229521273
Absolute Error:,1
Transition Probabilities
0.9495990836197021,0.028953894628879002,0.02144702175141882
0.9958246346555324,0.0020876826722338203,0.0020876826722338203
0.003164556962025317,0.9360372027682674,0.060798240269707225

0.05855161787365177,0.32843757605170554,0.6130108060746428
0.7629271158598556,0.0987969839177325,0.13827590022241176
0.9664930374893578,0.01965525593841882,0.013851706572223519

Transition Gammas
829.0,25.27675001101137,18.72324998898863
477.0,1.0,1.0
1.0,295.78775607477246,19.21224392522748

38.0,213.15598685755688,397.84401314244315
30.973800051411004,4.011022759495728,5.613812900844102
116.44499589579135,2.368104174889216,1.6688810497199618

Iteration: ,2806
Error:,0.11883937512449962
Absolute Error:,1
Transition Probabilities
0.9473684210526315,0.03070173799912717,0.02192984094824125
0.9964349376114082,0.0017825311942959,0.0017825311942959
0.0027855153203342623,0.9323808157264819,0.06483366895318383

0.05466666666666667,0.3552723913802252,0.590060941953108
0.7952653275433381,0.09633325714301719,0.10840141531364475
0.9658663634594212,0.02090570264246757,0.013227933898111246


Model Num 2
Model States: 
"['diamond', 'x', 'square']","['diamond', 'x', 'diamond']","['square', 'y', 'diamond', 'x', 'diamond']","['square', 'y', 'diamond', 'x', 'square']"
Iteration: ,0
Error:,0.6241144938249996
Absolute Error:,0.7
Transition Probabilities
0.25,0.25,0.25,0.25
0.25,0.25,0.25,0.25
0.25,0.25,0.25,0.25
0.25,0.25,0.25,0.25

0.25,0.25,0.25,0.25
0.25,0.25,0.25,0.25
0.25,0.25,0.25,0.25
0.25,0.25,0.25,0.25

Transition Gammas
1.0,1.0,1.0,1.0
1.0,1.0,1.0,1.0
1.0,1.0,1.0,1.0
1.0,1.0,1.0,1.0

1.0,1.0,1.0,1.0
1.0,1.0,1.0,1.0
1.0,1.0,1.0,1.0
1.0,1.0,1.0,1.0

Iteration: ,2500
Error:,0.03050372975276734
Absolute Error:,0.03983185570134384
Transition Probabilities
0.0020790020790020787,0.0020790020790020787,0.028582207940082396,0.9672597879019135
0.956634123265074,0.03804672779875576,0.0026595744680851068,0.0026595744680851068
0.022617909728390537,0.01476026895408048,0.9260183165326304,0.03660350478489855
0.022589412725684575,0.029073057384667148,0.9133370018184247,0.03500052807122353

0.05450168120220443,0.012805823146590116,0.04191971937247481,0.8907727762787306
0.06042858415714614,0.036575276246707276,0.8566287742553901,0.046367365340756556
0.002681509372539049,0.9638156621944368,0.016515725130006098,0.016987103303018104
0.9351822607794356,0.0031655450272477124,0.01808339219709004,0.04356880199622674

Transition Gammas
1.0,1.0,13.748042019179636,465.25195798082046
359.6944303476678,14.305569652332162,1.0,1.0
5.74328535354121,3.7480225854775195,235.14053678342248,9.294597752130242
7.79884015269221,10.037274100325053,315.32334944777483,12.083692790159366

12.81118007401186,3.0101402875674874,9.853660688747643,209.38529216366123
1.6521702734257895,1.0,23.420978927876423,1.2677242689296386
1.0262098697328825,368.85089989841595,6.320544805017586,6.50094056961025
330.8230246097698,1.1198193382963417,6.397044461536249,15.412570853303826

Iteration: ,5000
Error:,0.028640558649338742
Absolute Error:,0.03430076818881335
Transition Probabilities
0.0010604453870625653,0.0010604453870625653,0.03080115592279024,0.9670779533030845
0.9415885195153588,0.05579367943752078,0.0013089005235602097,0.0013089005235602097
0.022146959638181894,0.019407960432397564,0.9262955294006747,0.03214955052874585
0.028266197130178146,0.024532164505707884,0.9049477113620793,0.0422539270020347

0.04324531059742684,0.014197874906163593,0.02861831755274849,0.9139384969436611
0.04750124510332301,0.02525887759791522,0.8999971777672534,0.02724269953150844
0.0013446090987162898,0.9637462154908221,0.013984133719473803,0.02092504169098773
0.9371893452451949,0.0016268197523998868,0.015744944957271627,0.04543889004513337

Transition Gammas
1.0,1.0,29.045490035191225,911.9545099648096
719.3736289097341,42.62637109026587,1.0,1.0
11.094718919472143,9.72259259580087,464.0360890596628,16.105606924431275
20.007358269364133,17.364338121899404,640.5394044652704,29.908142645573474

20.567333430619374,6.752464560138124,13.610781636188504,434.666268828645
2.363528442887704,1.256810753238872,44.781329911344905,1.355520156654995
1.0279924959843052,736.8118202559325,10.691274170451962,15.997798807869636
652.4560243420917,1.132565530495139,10.961375353257816,31.633818395159746

Iteration: ,7500
Error:,0.024791925382147174
Absolute Error:,0.03088285048187664
Transition Probabilities
0.0007446016381236039,0.0007446016381236039,0.028579534188667228,0.9699312625350855
0.9492801528791677,0.04894522422819714,0.0008873114463176581,0.0008873114463176581
0.021088846412346256,0.019280080719985233,0.9242405159444662,0.03539055692320225
0.0296819714726042,0.025109647331448083,0.902509716943727,0.04269866425222083

0.0416540373032268,0.01444333041452663,0.023312663490368837,0.9205899687918778
0.027551582499751655,0.014650606494131793,0.9284171274156671,0.029380683590449406
0.0008937597243885071,0.9639525015054912,0.012788679701053475,0.02236505906906677
0.9328094455947896,0.0010904076275171275,0.014626325111458003,0.05147382166623514

Transition Gammas
1.0,1.0,38.38231441538009,1302.61768558462
1069.8387322948213,55.16126770517814,1.0,1.0
15.82720313334944,14.469722431281662,693.6435546972763,26.56065308048162
31.60704051148388,26.73817139022138,961.04334618665,45.467950538656886

32.02978143571313,11.106167524972149,17.926221913259745,707.8856553006835
2.363528442887704,1.256810753238872,79.64480034970065,2.5204389380587173
1.02984793994378,1110.7286117175242,14.735946457804063,25.770472063683368
977.5223349617149,1.1426747607931387,15.327417129384882,53.941145838738215

Iteration: ,10000
Error:,0.0257856517837002
Absolute Error:,0.02923917800926465
Transition Probabilities
0.0005903187721369536,0.0005903187721369536,0.027534117098219544,0.9712852453575066
0.9507174553605471,0.04788589659476021,0.000698324022346369,0.000698324022346369
0.02280930509230145,0.01554935435486668,0.9267471454882152,0.034894195064616725
0.026998006056054652,0.02176263309468522,0.9144767976164714,0.0367625632327887

0.03533881074675971,0.01434371329659036,0.024913974640604204,0.9254035013160457
0.034566977960906096,0.01524579574591791,0.9235281204883591,0.026659105804816938
0.0006545826296819842,0.9613568088548899,0.01518825198934786,0.02280035652608014
0.931651119912246,0.0008038848775685429,0.013250355954938675,0.05429463925524673

Transition Gammas
1.0,1.0,46.64279436438394,1645.3572056356172
1361.427396076303,68.5726039236966,1.0,1.0
23.05880858402105,15.719443631581825,936.8845279207263,35.27589119582878
36.489735214965876,29.41375439196285,1235.9807659859216,49.687232286810335

37.9907373961422,15.420107061364059,26.783591413079094,994.8484587074573
7.125860438602116,3.142866954806168,190.3820607392218,5.495680519075189
1.0339424772330263,1518.5059843937056,23.990521860219744,36.01418069988288
1333.9807826938177,1.1510392197839219,18.972467085539158,77.74155348690468

Iteration: ,12500
Error:,0.027657135544736366
Absolute Error:,0.030838899341956192
Transition Probabilities
0.0004950495049504946,0.0004950495049504946,0.026167845881636585,0.9728420551084624
0.9523074883983069,0.04654176361550204,0.0005753739930955124,0.0005753739930955124
0.025070599050460236,0.014584083695932634,0.928139821602683,0.03220549565092405
0.02766480781531464,0.019958562133658958,0.922057639037216,0.030318991013810356

0.03482870547383751,0.013116510701533057,0.022574934965308463,0.929479848859321
0.03411246497141861,0.01723132402856384,0.8997980861711199,0.04885812482889758
0.0004665872474074516,0.9570093779791462,0.017469740614189377,0.025054294159257116
0.929500616773529,0.0007029170683192569,0.01330184711119702,0.0564946190469548

Transition Gammas
1.0,1.0,52.85904868090595,1965.1409513190958
1655.1104148362565,80.8895851637425,1.0,1.0
27.545166301273305,16.023590419502895,1019.7508916888332,35.38430540627038
47.186734569336124,34.042505557013826,1572.716115048964,51.71386661817969

44.0550618093472,16.591161853921584,28.55518577874599,1175.7052590656708
17.704361394573883,8.943053167348179,466.9949976663019,25.357355434641104
1.0409342532871249,2135.043012407006,38.97417150252906,55.894954538969195
1525.6923798717996,1.1537756892933964,21.833795921748944,92.73087960166467

Iteration: ,15000
Error:,0.028598010212613344
Absolute Error:,0.030754344915102053
Transition Probabilities
0.0004310344827586207,0.0004310344827586207,0.023723020235211154,0.9754149107992717
0.9557557907126082,0.04326333631044228,0.0004904364884747428,0.0004904364884747428
0.02557921347744684,0.014604167822418822,0.9297593749288784,0.030057243771256015
0.03050450364501764,0.018778119146567473,0.9246959271091153,0.026021450099299574

0.03403492508931852,0.011945829045893395,0.020998991436159405,0.9330202544286287
0.03274887352138499,0.013010526893399568,0.8956022810519716,0.058638318533243805
0.00036297586053794605,0.955623086936956,0.018499540309344843,0.02551439689316116
0.9325934740849766,0.0006232012176804499,0.012570952959882623,0.05421237173746026

Transition Gammas
1.0,1.0,55.037406945689874,2262.96259305431
1948.786057263007,88.21394273699177,1.0,1.0
30.186454059465724,17.234620659343907,1097.2244585391195,35.47105187793074
62.789141944369526,38.6520627335199,1903.353829267037,53.56141974629742

50.782900842314696,17.824157106995823,31.332218216803806,1392.1427751104536
27.407996976805904,10.888694584505103,749.5422581623749,49.07524089445869
1.0455446070200374,2752.6529268640506,53.28755078676435,73.49370295169987
1730.482694347268,1.1563869491476813,23.326151375736806,100.5942822013011

Iteration: ,16262
Error:,0.02896849959174414
Absolute Error:,0.030723322481961798
Transition Probabilities
0.00040371417036737955,0.00040371417036737955,0.02386451964388225,0.975328052015383
0.9542705311052101,0.044818307163582545,0.00045558086560364483,0.00045558086560364483
0.02472674167746571,0.01411745851676403,0.9320667933714202,0.029089006434350008
0.03138203439916804,0.017859759187568297,0.9266979269397292,0.02406027947353439

0.034682591132664455,0.012224805717714778,0.01956376977500186,0.9335288333746189
0.03320971414026448,0.016689719669795385,0.8877275798314141,0.06237298635852602
0.00032749298821715435,0.9566834172313968,0.01764378557690374,0.02534530420348218
0.932793143527575,0.0005870283755286011,0.012423767429381389,0.05419606066751506

*,*,*,*,*,*,*,*,*,*,*
Model Num 2
Model States: 
"['diamond', 'x', 'square']","['diamond', 'x', 'diamond']","['square', 'y', 'diamond', 'x', 'diamond']","['square', 'y', 'diamond', 'x', 'square']"
Iteration: ,16262
Error:,0.0284891829915654
Absolute Error:,0.030723322481961798
Transition Probabilities
0.00040371417036737955,0.00040371417036737955,0.02386451964388225,0.975328052015383
0.9542705311052101,0.044818307163582545,0.00045558086560364483,0.00045558086560364483
0.02472674167746571,0.01411745851676403,0.9320667933714202,0.029089006434350008
0.03138203439916804,0.017859759187568297,0.9266979269397292,0.02406027947353439

0.034682591132664455,0.012224805717714778,0.01956376977500186,0.9335288333746189
0.03320971414026448,0.016689719669795385,0.8877275798314141,0.06237298635852602
0.00032749298821715435,0.9566834172313968,0.01764378557690374,0.02534530420348218
0.932793143527575,0.0005870283755286011,0.012423767429381389,0.05419606066751506

Transition Gammas
1.0,1.0,59.112415157896386,2415.8875848421058
2094.6238157759353,98.37618422406365,1.0,1.0
30.186454059465724,17.234620659343907,1137.868943893282,35.51191531095442
70.01436897730255,39.84572044307382,2067.494087922472,53.679288707991304

55.77892572501977,19.660772389321316,31.46379856704154,1501.365202495668
33.231576479244275,16.700706705316307,888.3119811662168,62.41404721696017
1.0473291004217622,3059.4926267337187,56.42517776301239,81.05478775547861
1839.3798165100254,1.1575644108859777,24.49849381203478,106.86950350984557

