0,1,2,3,4,5,6,7,8,9,10,11,12,13,14,15,16,17,18,19,20,21,22,23,24,25,26,27,28,29
github Code Version (SHA):,528ca1c557fe8e6666681dc5c9134b0f84d30530
Environment Observations,Environment Actions,alpha,epsilon,numActions,explore,patience,gainThresh,insertRandActions,useUpdatedPosterior,revisedSplitting,haveControl,confidence_factor
"['square', 'diamond']","['x', 'y']",0.85,0.99,75000,0.5,0,0.01,False,True,False,True,250

Model Num 0
Model States: 
['square'],['diamond']
Iteration: ,0
Error:,0.4970765447957836
Absolute Error:,1
Transition Probabilities
0.5,0.5
0.5,0.5

0.5,0.5
0.5,0.5

Transition Gammas
1.0,1.0
1.0,1.0

1.0,1.0
1.0,1.0

Iteration: ,1635
Error:,0.17078169055389986
Absolute Error:,1
Transition Probabilities
0.8928571428571429,0.10714285714285714
0.9010752688172043,0.0989247311827957

0.25,0.75
0.22727272727272727,0.7727272727272727


Model Num 1
Model States: 
['diamond'],"['square', 'y', 'diamond']","['square', 'y', 'square']"
Iteration: ,0
Error:,0.43523435773235325
Absolute Error:,1
Transition Probabilities
0.3333333333333333,0.3333333333333333,0.3333333333333333
0.3333333333333333,0.3333333333333333,0.3333333333333333
0.3333333333333333,0.3333333333333333,0.3333333333333333

0.3333333333333333,0.3333333333333333,0.3333333333333333
0.3333333333333333,0.3333333333333333,0.3333333333333333
0.3333333333333333,0.3333333333333333,0.3333333333333333

Transition Gammas
1.0,1.0,1.0
1.0,1.0,1.0
1.0,1.0,1.0

1.0,1.0,1.0
1.0,1.0,1.0
1.0,1.0,1.0

Iteration: ,2500
Error:,0.09710798879671605
Absolute Error:,1
Transition Probabilities
0.09807073954983919,0.8140419597320806,0.08788730071808025
0.12610423227337705,0.7436733185859171,0.1302224491407058
0.09264196419859419,0.8042399306628244,0.10311810513858152

0.6269430051813473,0.034150861131527835,0.33890613368712497
0.9968992248062015,0.0015503875968992248,0.0015503875968992248
0.003003003003003003,0.23742129277932836,0.7595757042176686

Transition Gammas
61.0,506.3340989533543,54.665901046645935
39.97099433160811,235.72057389259774,41.2763369049127
13.207774351507503,114.65883328958834,14.701336224972637

242.0,13.182232396769741,130.8177676032302
643.0,1.0,1.0
1.0,79.06129049551635,252.93870950448365

Iteration: ,5000
Error:,0.10344366776403602
Absolute Error:,1
Transition Probabilities
0.10081743869209797,0.816924714445011,0.08225784686289098
0.1333139270558376,0.740713595048446,0.12597247789571636
0.11548981497899076,0.8054255077490652,0.07908467727194406

0.5883040935672517,0.04327994179317548,0.3684159646395728
0.9983065198983911,0.000846740050804403,0.000846740050804403
0.0016313213703099516,0.19694170620795773,0.8014269724217323

Transition Gammas
111.0,899.4341106039583,90.56588939604308
99.20899455005977,551.2211112312189,93.74566595565905
41.37155592413047,288.5250655447264,28.33025708018703

503.0,37.00435023316502,314.9956497668346
1179.0,1.0,1.0
1.0,120.72526590547804,491.27473409452176

Iteration: ,5029
Error:,0.10588288980876387
Absolute Error:,1
Transition Probabilities
0.10279531109107291,0.815504159176591,0.081700529732336
0.1322028798363027,0.7416332250914359,0.12616389507226144
0.1149398342526897,0.8063276496590074,0.078732516088303

0.5890570430733414,0.04309425252898924,0.3678487043976695
0.9983164983164983,0.0008417508417508417,0.0008417508417508417
0.001628664495114007,0.19671546981261276,0.8016558656922733


Model Num 2
Model States: 
"['square', 'y', 'diamond']","['square', 'y', 'square']","['diamond', 'y', 'diamond']","['diamond', 'y', 'square', 'y', 'square']"
Iteration: ,0
Error:,0.4976910394823291
Absolute Error:,0.6
Transition Probabilities
0.25,0.25,0.25,0.25
0.25,0.25,0.25,0.25
0.25,0.25,0.25,0.25
0.25,0.25,0.25,0.25

0.25,0.25,0.25,0.25
0.25,0.25,0.25,0.25
0.25,0.25,0.25,0.25
0.25,0.25,0.25,0.25

Transition Gammas
1.0,1.0,1.0,1.0
1.0,1.0,1.0,1.0
1.0,1.0,1.0,1.0
1.0,1.0,1.0,1.0

1.0,1.0,1.0,1.0
1.0,1.0,1.0,1.0
1.0,1.0,1.0,1.0
1.0,1.0,1.0,1.0

Iteration: ,2500
Error:,0.061904924799962444
Absolute Error:,0.08079059032949149
Transition Probabilities
0.7666270963738818,0.10606865229684621,0.07286114341916133,0.0544431079101106
0.8220405371402782,0.06855527271216041,0.06988165507028257,0.039522535077278875
0.7905604985184124,0.0846965742768723,0.05697107652048893,0.06777185068422634
0.7623347696429741,0.046440919848914554,0.07413310178032652,0.11709120872778485

0.0017301038062283738,0.0017301038062283738,0.8751399435629393,0.12139984882460389
0.07806664336653064,0.9142705213844272,0.0038314176245210704,0.0038314176245210704
0.003311258278145698,0.003311258278145698,0.09099907716305619,0.9023784062806525
0.1296178103678913,0.8619788282875708,0.004201680672268908,0.004201680672268908

Transition Gammas
257.57263696148766,35.637120837854866,24.480007204636944,18.291885240052892
200.4558496078334,16.717308716209644,17.04074909474276,9.63763098001502
210.19046060448088,22.51872183373806,15.147198522335225,18.018856922439397
108.43261156295247,6.605641541132837,10.54450898660654,16.654763837365923

1.0,1.0,505.83088737937896,70.16911262062105
20.37539391866451,238.62460608133566,1.0,1.0
1.0,1.0,27.48172130324295,272.51827869675685
30.849038867558125,205.1509611324418,1.0,1.0

Iteration: ,5000
Error:,0.05649106712463707
Absolute Error:,0.08016940568194542
Transition Probabilities
0.7847676029047073,0.09381424440670157,0.062288064938108526,0.05913008775048263
0.7908719790988585,0.09553699037737551,0.07599229771728903,0.03759873280647681
0.8032714818832188,0.08507898617619629,0.052972950659330886,0.05867658128125401
0.7783794132862242,0.0672703082470312,0.06953757241563678,0.08481270605110784

0.0008620689655172417,0.0008620689655172417,0.9016606406654682,0.09661522140349722
0.10769921145672878,0.8883087725752074,0.0019960079840319355,0.0019960079840319355
0.0016556291390728483,0.0016556291390728483,0.0911939367213093,0.9054948050005449
0.11845443307094758,0.8768174345413456,0.002364066193853429,0.002364066193853429

Transition Gammas
560.4994457211673,67.00433580091529,44.48759829487157,42.232096848694596
361.7003546014482,43.69324519048666,34.754602208363835,17.19554535762335
453.07852138691953,47.988086378265436,29.878947154906193,33.09603202222852
243.30993242183564,21.02770689229749,21.736420255253588,26.511201896625586

1.0,1.0,1045.9263431719428,112.07365682805673
53.957304939821135,445.04269506017897,1.0,1.0
1.0,1.0,55.08113777967079,546.918862220329
50.1062251890108,370.893774810989,1.0,1.0

Iteration: ,7500
Error:,0.05851633058640136
Absolute Error:,0.07726497973636853
Transition Probabilities
0.7880639977152629,0.08973113159864739,0.06200941285264349,0.060195457833446264
0.8030803455372656,0.09049144131588246,0.06843361623750216,0.03799459690934971
0.798371405971889,0.0838852222788274,0.05086272157399722,0.06688065017528637
0.7948715712131589,0.06752894700271297,0.06746950890883943,0.07012997287528867

0.0005571030640668523,0.0005571030640668523,0.9193465049545791,0.07953928891728711
0.12065249376248645,0.8764821767246196,0.0014326647564469907,0.0014326647564469907
0.0011173184357541903,0.0011173184357541903,0.09154213504296431,0.9062232280855274
0.1165246763326511,0.8801912514177593,0.0016420361247947459,0.0016420361247947459

Transition Gammas
830.0759211564931,94.51472460879197,65.31515288512009,63.40449539047253
528.2381077472608,59.52209887049953,45.01323453933654,24.99151434541426
743.190435871522,78.08733434370563,47.347247075030936,62.25806583670658
374.7217950813649,31.834788357306966,31.80676779393656,33.060975227391

1.0,1.0,1650.2269763934698,142.7730236065304
84.21544064621558,611.7845593537847,1.0,1.0
1.0,1.0,81.93021086345304,811.0697891365468
70.9635278865845,536.0364721134154,1.0,1.0

Iteration: ,10000
Error:,0.0558935492508788
Absolute Error:,0.07933973903370496
Transition Probabilities
0.7871553231677744,0.08880962522482243,0.06126123205199375,0.0627738195554096
0.7941245736028004,0.10227378336001576,0.06688498403231145,0.03671665900487219
0.8015203824452544,0.08472908230478236,0.04965277906571336,0.06409775618425
0.7892172706773489,0.08830418006555509,0.05823579927603816,0.06424274998105794

0.00040966816878328533,0.00040966816878328533,0.9137254178441335,0.08545524581829984
0.1109610796760779,0.8869292156825719,0.0010548523206751056,0.0010548523206751056
0.0007782101167315172,0.0007782101167315172,0.08193960812752374,0.9165039716390132
0.10722199636800353,0.8903683650777796,0.0012048192771084336,0.0012048192771084336

Transition Gammas
951.2893833277191,107.32780574194291,74.03514648940033,75.86313188313817
728.4969175047181,93.82172318543911,61.35750776963408,33.68233876049257
935.8507932541874,98.92921081398183,57.974311937222126,74.84018782883669
558.0022953026947,62.43392914996988,41.174605361748775,45.42171500532564

1.0,1.0,2230.403744957531,208.59625504247003
105.19110353292184,840.8088964670781,1.0,1.0
1.0,1.0,105.29239644386804,1177.7076035561324
88.99425698544295,739.0057430145572,1.0,1.0

Iteration: ,12261
Error:,0.05395550713651011
Absolute Error:,0.08253020243226795
Transition Probabilities
0.7885365339697362,0.0872306990016827,0.06066877647714064,0.06356399055144056
0.7803111648536523,0.11014361943105021,0.0666310630599593,0.04291415265533828
0.7998274966625613,0.08820525405189954,0.048057205389202086,0.06391004389633712
0.7745371167185976,0.10688581107928748,0.05909231237298484,0.059484759829129985

0.00033123550844650526,0.00033123550844650526,0.9081814190815475,0.09115610990155948
0.10960245661232104,0.8886659416560772,0.0008658008658008651,0.0008658008658008651
0.0005903187721369538,0.0005903187721369538,0.08124171573613771,0.9175776467195884
0.09838689762209371,0.8996131023779063,0.0009999999999999996,0.0009999999999999996

*,*,*,*,*,*,*,*,*,*,*
Model Num 2
Model States: 
"['square', 'y', 'diamond']","['square', 'y', 'square']","['diamond', 'y', 'diamond']","['diamond', 'y', 'square', 'y', 'square']"
Iteration: ,12261
Error:,0.0540399877083746
Absolute Error:,0.08253020243226795
Transition Probabilities
0.7885365339697362,0.0872306990016827,0.06066877647714064,0.06356399055144056
0.7803111648536523,0.11014361943105021,0.0666310630599593,0.04291415265533828
0.7998274966625613,0.08820525405189954,0.048057205389202086,0.06391004389633712
0.7745371167185976,0.10688581107928748,0.05909231237298484,0.059484759829129985

0.00033123550844650526,0.00033123550844650526,0.9081814190815475,0.09115610990155948
0.10960245661232104,0.8886659416560772,0.0008658008658008651,0.0008658008658008651
0.0005903187721369538,0.0005903187721369538,0.08124171573613771,0.9175776467195884
0.09838689762209371,0.8996131023779063,0.0009999999999999996,0.0009999999999999996

Transition Gammas
1043.8769839026472,115.47736224621266,80.31427420007411,84.14700382696631
892.6216148928429,125.99662785182122,76.2212945162236,49.09080117051813
1064.9215144685293,117.43991438276223,63.985237013907444,85.09232430721364
778.8579167761802,107.48207975214689,59.421962251851326,59.816598998805794

1.0,1.0,2741.7997042071934,275.2002957928082
126.5908373872309,1026.40916261277,1.0,1.0
1.0,1.0,137.62346645701732,1554.3765335429832
98.38689762209374,899.6131023779066,1.0,1.0

