0,1,2,3,4,5,6,7,8,9,10,11,12,13,14,15,16,17,18,19,20,21,22,23,24,25,26,27,28,29
github Code Version (SHA):,528ca1c557fe8e6666681dc5c9134b0f84d30530
Environment Observations,Environment Actions,alpha,epsilon,numActions,explore,patience,gainThresh,insertRandActions,useUpdatedPosterior,revisedSplitting,haveControl,confidence_factor
"['diamond', 'square']","['x', 'y']",0.99,0.99,75000,0.5,0,0.01,False,True,False,True,250

Model Num 0
Model States: 
['diamond'],['square']
Iteration: ,0
Error:,0.6737691012077175
Absolute Error:,1
Transition Probabilities
0.5,0.5
0.5,0.5

0.5,0.5
0.5,0.5

Transition Gammas
1.0,1.0
1.0,1.0

1.0,1.0
1.0,1.0

Iteration: ,2466
Error:,0.15603739251726204
Absolute Error:,1
Transition Probabilities
0.42574257425742573,0.5742574257425742
0.015015015015015015,0.984984984984985

0.03,0.97
0.9550561797752809,0.0449438202247191


Model Num 1
Model States: 
['square'],"['diamond', 'x', 'square']","['diamond', 'x', 'diamond']"
Iteration: ,0
Error:,0.7239691706937011
Absolute Error:,1
Transition Probabilities
0.3333333333333333,0.3333333333333333,0.3333333333333333
0.3333333333333333,0.3333333333333333,0.3333333333333333
0.3333333333333333,0.3333333333333333,0.3333333333333333

0.3333333333333333,0.3333333333333333,0.3333333333333333
0.3333333333333333,0.3333333333333333,0.3333333333333333
0.3333333333333333,0.3333333333333333,0.3333333333333333

Transition Gammas
1.0,1.0,1.0
1.0,1.0,1.0
1.0,1.0,1.0

1.0,1.0,1.0
1.0,1.0,1.0
1.0,1.0,1.0

Iteration: ,2500
Error:,0.10766375396696276
Absolute Error:,1
Transition Probabilities
0.978433598183882,0.014654248152789146,0.006912153663328902
0.9956427015250545,0.002178649237472767,0.002178649237472767
0.0031948881789137388,0.9807866148453322,0.016018496975754002

0.019908116385911178,0.28498436490975826,0.6951075187043306
0.9302220363265005,0.0234433667526438,0.04633459692085569
0.9835255368643161,0.009730853871423445,0.006743609264260479

Transition Gammas
862.0,12.910392622607237,6.089607377392762
457.0,1.0,1.0
1.0,306.9862104465889,5.0137895534110015

13.0,186.09479028607214,453.9052097139279
39.67954117433221,1.0,1.9764480677942877
145.84556997938284,1.4429741537657959,1.0

Iteration: ,5000
Error:,0.1498790007384506
Absolute Error:,1
Transition Probabilities
0.979765708200213,0.013749086925034331,0.006485204874752675
0.9987212276214834,0.0006393861892583121,0.0006393861892583121
0.0026455026455026462,0.9840610409661165,0.013293456388380906

0.019480519480519477,0.6901265568640613,0.29039292365541913
0.8663769937390686,0.11322684717422707,0.020396159086704155
0.9847400773512491,0.009013469887378887,0.006246452761372074

Transition Gammas
920.0,12.910392622607237,6.089607377392762
1562.0,1.0,1.0
1.0,371.9750734851919,5.024926514807981

36.0,1275.3538770847856,536.6461229152147
83.95449005755461,10.972015974606828,1.9764480677942877
157.64788672394354,1.4429741537657959,1.0

Iteration: ,7500
Error:,0.14760264798166828
Absolute Error:,1
Transition Probabilities
0.9814471243042672,0.01290388926030356,0.0056489864354292785
0.9991906110886281,0.0004046944556859571,0.0004046944556859571
0.0022075055187637973,0.9866719392951234,0.011120555186112852

0.02265156562291805,0.7703399534082607,0.20700848096882135
0.9239463857663825,0.06616480657323791,0.009888807660379363
0.9847400773512491,0.009013469887378887,0.006246452761372074

Transition Gammas
1058.0,13.910392622607237,6.089607377392762
2469.0,1.0,1.0
1.0,446.96238850069085,5.037611499309121

68.0,2312.5605401315993,621.4394598684019
264.36518658283677,18.93147882216411,2.829446083118273
157.64788672394354,1.4429741537657959,1.0

Iteration: ,10000
Error:,0.14153064810319546
Absolute Error:,1
Transition Probabilities
0.9835965978128797,0.01232021406187719,0.004083188125243101
0.9992556754745069,0.0003721622627465575,0.0003721622627465575
0.0015455950540958269,0.9875579204674966,0.010896484478407562

0.022750775594622536,0.7583992830256939,0.2188499413796836
0.9509874127526571,0.041498694844397555,0.007513892402945289
0.9847400773512491,0.009013469887378887,0.006246452761372074

Transition Gammas
1619.0,20.279072345849855,6.720927654150144
2685.0,1.0,1.0
1.0,638.9499745424703,7.050025457529692

88.0,2933.488426743385,846.5115732566165
781.6733325137016,34.110254940278935,6.176116777149445
157.64788672394354,1.4429741537657959,1.0

Iteration: ,12500
Error:,0.1371782099355729
Absolute Error:,1
Transition Probabilities
0.9816396242527754,0.01448836357375728,0.0038720121734673136
0.9993720565149137,0.0003139717425431711,0.0003139717425431711
0.0010319917440660474,0.9885831637257607,0.010384844530173245

0.02193268186753529,0.723032941017448,0.2550343771150167
0.9564293680533317,0.03500392100584169,0.008566710940826498
0.9847400773512491,0.009013469887378887,0.006246452761372074

Transition Gammas
2299.0,33.93174748973955,9.068252510260448
3183.0,1.0,1.0
1.0,957.9370856502621,10.062914349737873

101.0,3329.5666933853477,1174.4333066146519
982.6874891047679,35.964929968706414,8.801904192320572
157.64788672394354,1.4429741537657959,1.0

Iteration: ,14120
Error:,0.1335481786138623
Absolute Error:,1
Transition Probabilities
0.9825684809676272,0.013849785659814852,0.003581733372557968
0.9994288977727013,0.00028555111364934324,0.00028555111364934324
0.000855431993156544,0.9896758438453395,0.009468724161503938

0.02282116860121975,0.7046675508037515,0.2725112805950286
0.9577938979597551,0.03365837125370302,0.008547730786542033
0.9847400773512491,0.009013469887378887,0.006246452761372074


Model Num 2
Model States: 
"['diamond', 'x', 'square']","['diamond', 'x', 'diamond']","['square', 'y', 'diamond', 'x', 'square']","['square', 'y', 'diamond', 'x', 'diamond']"
Iteration: ,0
Error:,0.6746915661142547
Absolute Error:,0.74
Transition Probabilities
0.25,0.25,0.25,0.25
0.25,0.25,0.25,0.25
0.25,0.25,0.25,0.25
0.25,0.25,0.25,0.25

0.25,0.25,0.25,0.25
0.25,0.25,0.25,0.25
0.25,0.25,0.25,0.25
0.25,0.25,0.25,0.25

Transition Gammas
1.0,1.0,1.0,1.0
1.0,1.0,1.0,1.0
1.0,1.0,1.0,1.0
1.0,1.0,1.0,1.0

1.0,1.0,1.0,1.0
1.0,1.0,1.0,1.0
1.0,1.0,1.0,1.0
1.0,1.0,1.0,1.0

Iteration: ,2500
Error:,0.04333252215439197
Absolute Error:,0.05814750365722203
Transition Probabilities
0.0021834061135371165,0.0021834061135371165,0.9773180810239616,0.018315106748964215
0.9672218750944196,0.0276630353915139,0.002557544757033247,0.002557544757033247
0.0182841410305762,0.008289443833807595,0.008822033855729246,0.9646043812798869
0.010812591816737901,0.003779355650196704,0.019521315349396558,0.9658867371836689

0.01808133410102263,0.00863738963098331,0.9506597215971757,0.02262155467081836
0.05407610958490649,0.05407610958490649,0.1993185762925645,0.6925292045376226
0.9606058479244155,0.003542708690337235,0.017025278151230547,0.018826165234016794
0.0025573666152917045,0.9806215204113073,0.010633014494950039,0.00618809847845099

Transition Gammas
1.0,1.0,447.61168110897466,8.388318891025616
378.1837531619182,10.81624683808194,1.0,1.0
6.709441633756954,3.04184590822344,3.2372820329409735,353.9655915495684
2.8609617134537575,1.0,5.1652496235384815,255.56915690996095

4.46088439805135,2.1309487690161526,234.53928212569417,5.5810118726257025
1.0,1.0,3.6858897177062735,12.806564855599719
313.6429203428056,1.156713236716248,5.558843901000979,6.146843115323021
1.0221073316059364,391.9267732478125,4.249716097557239,2.4732084894299953

Iteration: ,5000
Error:,0.031225345685467643
Absolute Error:,0.0374015865104414
Transition Probabilities
0.0011013215859030845,0.0011013215859030845,0.9818334906031003,0.015963866225093423
0.976999176839222,0.020430129073374416,0.0012853470437017994,0.0012853470437017994
0.02344362039484297,0.00876607752474194,0.011700597504324292,0.9560897045760908
0.011010432880759032,0.0019068844366776395,0.019364755654300063,0.9677179270282633

0.017492801544406335,0.007195036225296484,0.9626520390092291,0.012660123221067913
0.024736111484353056,0.024736111484353056,0.10829876066239327,0.8422290163689006
0.9709609370830014,0.0018491217599287818,0.013833076546066905,0.013356864611003065
0.0012649404345133621,0.975844065851665,0.018080684670870074,0.00481030904295167

Transition Gammas
1.0,1.0,891.5048094676145,14.495190532384816
760.1053595809148,15.894640419085295,1.0,1.0
17.81311126276356,6.660708186547357,8.890437640390667,726.4634044553562
5.774043077273463,1.0,10.155180503774645,507.48640474213323

8.623860465466747,3.547115554556601,474.5824641146346,6.2413751083237585
1.0,1.0,4.37816431781924,34.04856163029733
612.4243462247579,1.166315905886492,8.725081037197135,8.424714903136103
1.0226426610460368,788.922343724786,14.617351917022257,3.8889003038553325

Iteration: ,7500
Error:,0.022707069936452374
Absolute Error:,0.024105402143021537
Transition Probabilities
0.0007604562737642587,0.0007604562737642587,0.9828317929013675,0.015647294551104075
0.9804012719933758,0.017813013720909862,0.000892857142857143,0.000892857142857143
0.024681113599412618,0.0062633539470553674,0.010713911095535508,0.9583416213579965
0.015653923410150226,0.001329973361959078,0.016474758401514186,0.9665413448263765

0.014329736558043168,0.007210673349074852,0.9679531148214471,0.010506475271434996
0.01026890815949661,0.01026890815949661,0.047385605010160536,0.9320765786708463
0.977581447662153,0.0011813080180464093,0.01034842886811154,0.01088881545168888
0.0008476666051803695,0.9780973691371697,0.017521676004083775,0.003533288253566309

Transition Gammas
1.0,1.0,1292.423807665298,20.576192334701854
1098.0494246325807,19.95057536741904,1.0,1.0
27.160826501335276,6.892633478113115,11.790338359104522,1054.6262591381758
12.438418546644817,1.0567807761988148,13.090644120566832,768.0020832216433

11.366748005538055,5.719707866030406,767.807495468256,8.334030172368147
1.0,1.0,4.614473542285864,90.76686286349427
969.3370977043425,1.1713455573920741,10.261156273785767,10.796985553091252
1.0234337040306125,1180.909814402386,21.15486638743786,4.265929862821218

Iteration: ,10000
Error:,0.02319895367002293
Absolute Error:,0.022032099530297552
Transition Probabilities
0.0006024096385542163,0.0006024096385542163,0.9845527537541371,0.014242426968754524
0.980930061468484,0.01765750915298489,0.0007062146892655367,0.0007062146892655367
0.02571855657259711,0.005795112693660734,0.009092491935274047,0.9593938387984682
0.01340194246375526,0.0010268001990991317,0.01371075482478368,0.9718605025123618

0.020783717928462665,0.007672083265997186,0.9631252759708774,0.008418922834662659
0.010674652453760598,0.0036317688498225718,0.035330527175252424,0.9503630515211644
0.9759452240327873,0.000883390702107606,0.011251137419962217,0.011920247845143053
0.000606944728051445,0.9763496986954472,0.02028827719084016,0.0027550793856611702

Transition Gammas
1.0,1.0,1634.357571231869,23.642428768132532
1388.9969670393734,25.003032960626605,1.0,1.0
36.13079776046479,8.1412828959792,12.773616836727053,1347.8075515014411
13.793253226718347,1.0567807761988148,14.111082310578794,1000.2369468793107

22.700968558490302,8.379815468964281,1051.9713885146734,9.195549286410552
2.9392433536297617,1.0,9.728187182666783,261.6804898163037
1298.149483283393,1.175038470642504,14.965653674415355,15.855668125348158
1.0250182784833497,1648.8754924480013,34.26317751586982,4.652823557824878

Iteration: ,12500
Error:,0.02343175357161685
Absolute Error:,0.021259114166190415
Transition Probabilities
0.0005167958656330747,0.0005167958656330747,0.9836173744187803,0.015349033849953645
0.9805598384554358,0.018298609033148727,0.0005707762557077626,0.0005707762557077626
0.028201071162831007,0.004676924309489941,0.0072938475925666876,0.9598281569351124
0.012354519349988602,0.0009465510662092356,0.01265345356186727,0.9740454760219348

0.02470826882324763,0.006578317799577384,0.9610246991556659,0.007688714221509099
0.00960514628727062,0.003234442366387235,0.029567923276531745,0.9575924880698105
0.976707032837531,0.0007843941905235816,0.010915769255918565,0.011592803716026856
0.000433213360731098,0.9769221388091268,0.020588511089595654,0.0020561367405464263

Transition Gammas
1.0,1.0,1903.2996195003407,29.70038049966032
1717.9408369739233,32.05916302607657,1.0,1.0
49.48235251967107,8.206256282031541,12.797979754606875,1684.140114591363
13.793253226718347,1.0567807761988148,14.126999539769026,1087.477021525921

33.02237126629355,8.791860499790324,1284.400563981933,10.275894980720562
5.874221301061909,1.9780885868306683,18.08286095229498,585.6350359401941
1465.0771256665666,1.1766045983135702,16.37383914339121,17.389402324001242
1.027174276673148,2316.3396659876285,48.8165668541312,4.8752207587679095

Iteration: ,15000
Error:,0.023165655705910868
Absolute Error:,0.02099201404781466
Transition Probabilities
0.00045248868778280523,0.00045248868778280523,0.9842721839214307,0.014822838703003622
0.9812317149929364,0.01780859210879106,0.00047984644913627627,0.00047984644913627627
0.031606358349023964,0.005323465109883323,0.006045104346787917,0.9570250721943048
0.01160137705365054,0.0008888484860107821,0.011891717082840212,0.9756180573774985

0.024975095751031885,0.0062732065063542,0.9620649025848064,0.006686795157807568
0.009232704693236943,0.004139373107454302,0.029184948438780202,0.9574429737605286
0.979051313476476,0.0007062955495142253,0.009816760455484403,0.010425630518525327
0.00033664372264673333,0.9765848067938314,0.021435478333195195,0.001643071150326792

Transition Gammas
1.0,1.0,2175.2415264663628,32.75847353363802
2044.8868940452799,37.11310595472058,1.0,1.0
67.00086157369897,11.284968201049432,12.81473794181071,2028.7533184483434
13.793253226718347,1.0567807761988148,14.138447898518605,1159.9439321500583

39.5622747572188,9.93719190857971,1523.977180698676,10.592344866885773
8.800230395703656,3.945478410682965,27.81787990426374,912.5948505655371
1633.0059995539198,1.1780637581900095,16.37383914339121,17.389402324001242
1.0283900991482278,2983.3027581484494,65.48179040753072,5.0193067314827555

Iteration: ,15358
Error:,0.023273875804295494
Absolute Error:,0.021293957337989916
Transition Probabilities
0.00044464206313917296,0.00044464206313917296,0.9845412833112511,0.014569432562470633
0.9811637191666096,0.01789731369724003,0.00046948356807511725,0.00046948356807511725
0.033070319675590626,0.0052048040502310575,0.00589741291204726,0.955827463362131
0.011476665149376591,0.0008792935868993407,0.011765460149745334,0.9758785811139787

0.025040416829146716,0.006136873473988777,0.9621092296518181,0.006713480045046504
0.009759444757701522,0.003942672523113722,0.02938808951264395,0.9569097932065408
0.9783938324081876,0.0006961309881011189,0.010186158930831867,0.010723877672879419
0.0003264722886720993,0.9761564152039807,0.021912570095198692,0.0016045424121485384

*,*,*,*,*,*,*,*,*,*,*
Model Num 2
Model States: 
"['diamond', 'x', 'square']","['diamond', 'x', 'diamond']","['square', 'y', 'diamond', 'x', 'square']","['square', 'y', 'diamond', 'x', 'diamond']"
Iteration: ,15358
Error:,0.023798156820625103
Absolute Error:,0.021293957337989916
Transition Probabilities
0.00044464206313917296,0.00044464206313917296,0.9845412833112511,0.014569432562470633
0.9811637191666096,0.01789731369724003,0.00046948356807511725,0.00046948356807511725
0.033070319675590626,0.0052048040502310575,0.00589741291204726,0.955827463362131
0.011476665149376591,0.0008792935868993407,0.011765460149745334,0.9758785811139787

0.025040416829146716,0.006136873473988777,0.9621092296518181,0.006713480045046504
0.009759444757701522,0.003942672523113722,0.02938808951264395,0.9569097932065408
0.9783938324081876,0.0006961309881011189,0.010186158930831867,0.010723877672879419
0.0003264722886720993,0.9761564152039807,0.021912570095198692,0.0016045424121485384

Transition Gammas
1.0,1.0,2214.2333461670037,32.766653832996454
2089.878721824879,38.121278175121276,1.0,1.0
71.87054972419062,11.311415552263455,12.816637761509831,2077.2658355649273
13.793253226718347,1.0567807761988148,14.14034208213491,1172.8616468841458

40.546937875896475,9.93719190857971,1557.9047038510587,10.870867692614492
9.766390276145627,3.945478410682965,29.409004177649457,957.5907986103385
1655.9999558403222,1.1782503603043826,17.240786052505083,18.150912612577013
1.0285235567243207,3075.2988934177306,69.033713773854,5.054976259610094

