0,1,2,3,4,5,6,7,8,9,10,11,12,13,14,15,16,17,18,19,20,21,22,23,24,25,26,27,28,29
github Code Version (SHA):,ddb97f21bb9c22f159e8ea0ce9d830001061547e
Environment Observations,Environment Actions,alpha,epsilon,numActions,explore,patience,gainThresh,insertRandActions,useBudd,revisedSplitting,haveControl,confidence_factor
"['diamond', 'square']","['x', 'y']",0.99,0.99,75000,0.5,0,0.01,False,True,False,True,250

Model Num 0
Model States: 
['diamond'],['square']
Iteration: ,0
Error:,0.6751822794628085
Absolute Error:,1
Transition Probabilities
0.5,0.5
0.5,0.5

0.5,0.5
0.5,0.5

Transition Gammas
1.0,1.0
1.0,1.0

1.0,1.0
1.0,1.0

Iteration: ,2451
Error:,0.15620589927770823
Absolute Error:,1
Transition Probabilities
0.4302554027504912,0.5697445972495089
0.030927835051546393,0.9690721649484536

0.034,0.966
0.976592977893368,0.02340702210663199


Model Num 1
Model States: 
['square'],"['diamond', 'x', 'square']","['diamond', 'x', 'diamond']"
Iteration: ,0
Error:,0.7269540019702936
Absolute Error:,1
Transition Probabilities
0.3333333333333333,0.3333333333333333,0.3333333333333333
0.3333333333333333,0.3333333333333333,0.3333333333333333
0.3333333333333333,0.3333333333333333,0.3333333333333333

0.3333333333333333,0.3333333333333333,0.3333333333333333
0.3333333333333333,0.3333333333333333,0.3333333333333333
0.3333333333333333,0.3333333333333333,0.3333333333333333

Transition Gammas
1.0,1.0,1.0
1.0,1.0,1.0
1.0,1.0,1.0

1.0,1.0,1.0
1.0,1.0,1.0
1.0,1.0,1.0

Iteration: ,2500
Error:,0.12125060897569144
Absolute Error:,1
Transition Probabilities
0.9778296382730455,0.0173243757133027,0.0048459860136517915
0.9958592132505176,0.002070393374741201,0.002070393374741201
0.0032051282051282046,0.9710216591531045,0.025773212641767396

0.019548872180451128,0.2922472332149844,0.6882038946045645
0.8184548253764207,0.09072532669760165,0.09081984792597765
0.9821095944299474,0.011305458851991036,0.006584946718061548

Transition Gammas
838.0,14.846989986300414,4.153010013699586
481.0,1.0,1.0
1.0,302.95875765576864,8.04124234423143

13.0,194.34441008796463,457.6555899120354
22.44285860967633,2.4877801636205334,2.4903720312450903
149.14465317329964,1.7168641351313916,1.0

Iteration: ,5000
Error:,0.1630173790101165
Absolute Error:,1
Transition Probabilities
0.9797225186766275,0.015845240113447612,0.004432241209924851
0.9987088444157521,0.0006455777921239509,0.0006455777921239509
0.0025125628140703505,0.9771974329703635,0.020290004215566048

0.02710027100271003,0.6707657214405036,0.3021340075567865
0.8299735965896105,0.14347829965049108,0.026548103759898516
0.9832817466475714,0.010564742348235472,0.006153511004193091

Transition Gammas
918.0,14.846989986300414,4.153010013699586
1547.0,1.0,1.0
1.0,388.9245783222049,8.075421677795292

50.0,1237.562756057729,557.437243942271
77.85652227037109,13.459128673435284,2.4903720312450903
159.79198639241062,1.7168641351313916,1.0

Iteration: ,7500
Error:,0.16698574858149068
Absolute Error:,1
Transition Probabilities
0.9802955665024631,0.015612798016059522,0.0040916354814774245
0.9992242048099301,0.0003878975950349108,0.0003878975950349108
0.002145922746781115,0.9804669662602862,0.01738711099293277

0.025446133509583618,0.7659510778194558,0.20860278867096058
0.8495477743274354,0.13885071769097637,0.011601507981588197
0.9832817466475714,0.010564742348235472,0.006153511004193091

Transition Gammas
995.0,15.846989986300414,4.153010013699586
2576.0,1.0,1.0
1.0,456.89760627729356,8.102393722706676

77.0,2317.7679614816725,631.2320385183265
185.44684671403547,30.30957002995794,2.5324803823028104
159.79198639241062,1.7168641351313916,1.0

Iteration: ,10000
Error:,0.1427663314442293
Absolute Error:,1
Transition Probabilities
0.9790382244143033,0.018081687735608438,0.002880087850088234
0.9992644354542111,0.0003677822728944465,0.0003677822728944465
0.001597444089456868,0.985411060816665,0.012991495093878218

0.024440442500643228,0.7627253018251631,0.21283425567419376
0.9419012880002846,0.050484134736727866,0.007614577262987454
0.9832817466475714,0.010564742348235472,0.006153511004193091

Transition Gammas
1588.0,29.328497507156886,4.671502492843116
2717.0,1.0,1.0
1.0,616.8673240712326,8.13267592876777

95.0,2964.713248194402,827.2867518055892
764.1392811666881,40.956426028407556,6.1775025368960765
159.79198639241062,1.7168641351313916,1.0

Iteration: ,12500
Error:,0.1408381290617975
Absolute Error:,1
Transition Probabilities
0.9797125950972105,0.01788305709535317,0.0024043478074363463
0.9993777224642191,0.00031113876789047915,0.00031113876789047915
0.0010548523206751052,0.9840200410194585,0.014925106659866365

0.023260869565217432,0.7255561253762979,0.2511830050584846
0.9471811118757839,0.04662169627826448,0.006197191845951604
0.9832817466475714,0.010564742348235472,0.006153511004193091

Transition Gammas
2318.0,42.311313087605605,5.688686912394395
3212.0,1.0,1.0
1.0,932.850998886447,14.14900111355332

107.0,3337.5581767309645,1155.4418232690273
947.7556857755685,46.649977680320866,6.200951153059819
159.79198639241062,1.7168641351313916,1.0

Iteration: ,12641
Error:,0.14194021334445914
Absolute Error:,1
Transition Probabilities
0.9800995024875622,0.017542003767664016,0.0023584937447737957
0.9993823347745522,0.00030883261272390367,0.00030883261272390367
0.0010319917440660472,0.9843653681483479,0.014602640107586103

0.023285899094437297,0.7226589224115096,0.2540551784940532
0.9476939403230269,0.04616903752380555,0.006137022153167618
0.9832817466475714,0.010564742348235472,0.006153511004193091


Model Num 2
Model States: 
"['diamond', 'x', 'square']","['diamond', 'x', 'diamond']","['square', 'y', 'diamond', 'x', 'square']","['square', 'y', 'diamond', 'x', 'diamond']"
Iteration: ,0
Error:,0.6746129487877408
Absolute Error:,0.74
Transition Probabilities
0.25,0.25,0.25,0.25
0.25,0.25,0.25,0.25
0.25,0.25,0.25,0.25
0.25,0.25,0.25,0.25

0.25,0.25,0.25,0.25
0.25,0.25,0.25,0.25
0.25,0.25,0.25,0.25
0.25,0.25,0.25,0.25

Transition Gammas
1.0,1.0,1.0,1.0
1.0,1.0,1.0,1.0
1.0,1.0,1.0,1.0
1.0,1.0,1.0,1.0

1.0,1.0,1.0,1.0
1.0,1.0,1.0,1.0
1.0,1.0,1.0,1.0
1.0,1.0,1.0,1.0

Iteration: ,2500
Error:,0.04925832217032237
Absolute Error:,0.06273046726542927
Transition Probabilities
0.002118644067796611,0.002118644067796611,0.9811809681584122,0.014581743705994656
0.9694724406935245,0.025386171131668273,0.0025706940874035992,0.0025706940874035992
0.013962347891864218,0.006156475145605938,0.015525172146325796,0.9643560048162041
0.015934079188626177,0.01367728375707188,0.02065694705139986,0.949731690002902

0.00901456956660096,0.009413273526817627,0.9565256611600088,0.025046495746572604
0.06095918838893464,0.06095918838893464,0.20978458688973836,0.6682970363323923
0.9689205911349353,0.00333782285573471,0.011163274283514147,0.016578311725815854
0.002519373474843358,0.9644404864596093,0.008572691382386251,0.024467448683161048

Transition Gammas
1.0,1.0,463.11741697077036,6.882583029229475
377.124779429781,9.875220570218957,1.0,1.0
5.096621882410916,2.247274325824347,5.667093579244415,352.0151449201857
4.389912342193958,3.768154787112965,5.69108423144506,261.65546300864935

2.0855076244263726,2.17774720866582,221.2908275398502,5.7944705466769735
1.0,1.0,3.4413940282679127,10.963023852425538
316.2417888126508,1.089417523267698,3.6435326699885717,5.410923251744192
1.0056509647836567,384.97289717826703,3.4219362256424857,9.766600156630362

Iteration: ,5000
Error:,0.028994515567399737
Absolute Error:,0.03446506001679507
Transition Probabilities
0.0010482180293501053,0.0010482180293501053,0.9853828668037591,0.012520697137540629
0.9819286086996937,0.015477357577867945,0.001297016861219196,0.001297016861219196
0.009476005346779654,0.003035387540616996,0.012845149032852657,0.9746434580797507
0.013270108893299904,0.0077904521838929415,0.01542590691203034,0.9635135320107769

0.014555475430763265,0.0066821124475314065,0.9645524141758474,0.014209997945857897
0.027517588449818463,0.027517588449818463,0.11027698531003681,0.8346878377903263
0.9784666023500369,0.001688426812666461,0.007919569730446266,0.011925401106850513
0.001249807812635475,0.9737734413417243,0.004979564785825512,0.019997186059814712

Transition Gammas
1.0,1.0,940.0552549307857,11.944745069213754
757.0669573074637,11.933042692536183,1.0,1.0
7.015639104476107,2.247274325824347,9.510012559071642,721.5853629451436
7.198537642437044,4.226028870469482,8.367977419616084,522.6700462630707

6.6402371154690805,3.0483931146664887,440.0307479403238,6.482629593218106
1.0,1.0,4.007509070467413,30.332884704358346
634.188616276125,1.0943460527285218,5.133032601001593,7.729393735388552
1.006197481729665,783.9672424411771,4.008956814761658,16.099369880426366

Iteration: ,7500
Error:,0.025180559844448835
Absolute Error:,0.02643425393872993
Transition Probabilities
0.0007423904974016331,0.0007423904974016331,0.9873843734182635,0.01113084558693332
0.9822824006568182,0.015944549697791733,0.0008865248226950354,0.0008865248226950354
0.009132733665814548,0.0021354269098610122,0.01152040316902665,0.9772114362552977
0.012700121529355332,0.0060381393033995135,0.014186868097960489,0.9670748710692847

0.020591663296655127,0.0041419115762009575,0.9636393837354222,0.011627041391721604
0.02212757202453388,0.02236876727886828,0.05877919692216771,0.89672446377443
0.9745060190097945,0.0010951429725596853,0.009871315514798829,0.014527522502846895
0.0008277004510723623,0.9757202529304965,0.0036732209895650137,0.019778825628866094

Transition Gammas
1.0,1.0,1330.006750994401,14.993249005599184
1108.014547940891,17.985452059109075,1.0,1.0
9.864006303420144,2.3064139687121092,12.442860334642745,1055.4583238398627
10.08095699958795,4.792885055028466,11.261089661527471,767.6336142215159

15.846456170653097,3.187436551842353,741.5753180637431,8.947669702729387
1.9752167227563004,1.9967470062994992,5.24692237278107,80.04606897621167
977.9448854832491,1.0990075463832534,9.906149713162455,14.578787666019679
1.0074820780496432,1187.6526909511117,4.471067172801371,24.07490816289218

Iteration: ,10000
Error:,0.022015147542906163
Absolute Error:,0.02130451193047366
Transition Probabilities
0.0005988023952095806,0.0005988023952095806,0.9868046710287528,0.01199772418082814
0.9841195773787792,0.014501112276393287,0.0006896551724137937,0.0006896551724137937
0.01307303502012894,0.0017618479759976768,0.010194966294532542,0.9749701507093409
0.015476423228623687,0.007596648362667781,0.015224661976149433,0.9617022664325592

0.023226946368979057,0.0032065390410630367,0.9638562363220459,0.00971027826791198
0.007644981159385772,0.007728313084509563,0.04029382548597783,0.9443328802701269
0.9742584884426163,0.0008530725332427607,0.01034088970455393,0.014547549319587183
0.000588719678445705,0.9773520299326129,0.003180509675380858,0.018878740713560407

Transition Gammas
1.0,1.0,1647.9638006180178,20.036199381983003
1426.9733871992285,21.026612800770245,1.0,1.0
18.42971119714523,2.483765194609858,14.372353794169783,1374.4641757437203
16.181215155089454,7.942597575552145,15.91798876654858,1005.4979150157476

24.814281313812057,3.4256746687514203,1029.7263968418356,10.373880954802182
1.9752167227563004,1.9967470062994992,10.410625777149976,243.9851790436643
1257.884019734497,1.1014184838726173,13.35132314832433,18.78262292039141
1.0092866320380076,1675.548439641925,5.452588075371242,32.365251798977305

Iteration: ,12500
Error:,0.024511330165677532
Absolute Error:,0.020008120538555996
Transition Probabilities
0.0005181347150259066,0.0005181347150259066,0.9880491047505499,0.010914625819398257
0.9842563073792168,0.014621987629196021,0.0005608524957936066,0.0005608524957936066
0.01223032374493062,0.002487942212072905,0.008235840167759365,0.9770458938752371
0.02019955592914129,0.009070443153405185,0.013960513618842147,0.9567694872986114

0.020964348577662262,0.0026018579022721203,0.9684385785463725,0.007995214973693125
0.009774523882671941,0.006685266985438211,0.027776173196875965,0.9557640359350138
0.974021551351675,0.0007513662164000162,0.010168173212902493,0.015058909219022566
0.0004218699186400925,0.9744566146456731,0.0027124512381781706,0.02240906419750851

Transition Gammas
1.0,1.0,1906.9347721685617,21.06522783143864
1754.9289960571423,26.07100394285649,1.0,1.0
21.387012310197946,4.350633051616425,14.401909444604932,1708.5477862840164
23.05999544663885,10.354899808206426,15.937448407902956,1092.2566861363125

27.750742834843024,3.4441084239407913,1281.932984706083,10.583355539158148
5.828440788008172,3.986350971603663,16.56262573386816,569.9115535059875
1429.7051722314839,1.1028833646815759,14.925223999877897,22.104028775054797
1.0118778315958081,2337.2869281373505,6.505961093515739,53.74935326358494

Iteration: ,15000
Error:,0.02341394541448054
Absolute Error:,0.01819512868620044
Transition Probabilities
0.0004537205081669685,0.0004537205081669685,0.9895230342414553,0.009569524742210851
0.9857721600942291,0.0132826603216498,0.0004725897920604913,0.0004725897920604913
0.012919944963221765,0.0031009808824590318,0.007354022964336948,0.9766250511899822
0.020446133118132915,0.00850004355373061,0.013094492857467605,0.957959330470669

0.018846626656533604,0.0030455775267010364,0.970964760018587,0.0071430357981783115
0.008346187985155585,0.00533830134758742,0.02636343431924669,0.9599520763480103
0.9746291814820807,0.0006658653188879378,0.01017181071530747,0.014533142483723864
0.00032966469081487765,0.9778691518727927,0.0021495157732724624,0.01965166766312011

Transition Gammas
1.0,1.0,2180.9087674681705,21.09123253183275
2085.8938907593897,28.10610924061099,1.0,1.0
27.021273195102182,6.48551149685546,15.38048839744063,2042.5514499099338
24.907832361705506,10.354899808206426,15.951937271996831,1167.0025952992505

29.70875453446162,4.800875870540302,1530.5738391652426,11.259876954446064
7.789085109708784,4.981973041056107,24.603691417214343,895.8758701834981
1615.6800519276824,1.1038303935879905,16.86219946720186,24.09214586317729
1.0135963443406029,3006.584038866007,6.608961743843226,60.42157094318713

Iteration: ,15490
Error:,0.02206669597930627
Absolute Error:,0.01837699001505542
Transition Probabilities
0.0004440497335701592,0.0004440497335701592,0.9897444719101977,0.009367428622661997
0.9861549400242964,0.01292551974581865,0.00045977011494252866,0.00045977011494252866
0.012970234018066575,0.0030065744091274625,0.007131786627175656,0.9768914049456302
0.02145597006807899,0.00844158653407685,0.012852062999493537,0.9572503803983506

0.018224307552029896,0.0029450119924198047,0.971918132841986,0.006912547613564318
0.007785423934479118,0.005971220047292853,0.028828305411143205,0.9574150506070849
0.9746641252511042,0.0006498951773179378,0.010113204787139783,0.014572774784438212
0.00031657029941008886,0.9781480808564683,0.0020718014691377662,0.019463547374983965

*,*,*,*,*,*,*,*,*,*,*
Model Num 2
Model States: 
"['diamond', 'x', 'square']","['diamond', 'x', 'diamond']","['square', 'y', 'diamond', 'x', 'square']","['square', 'y', 'diamond', 'x', 'diamond']"
Iteration: ,15490
Error:,0.02260672658361168
Absolute Error:,0.01837699001505542
Transition Probabilities
0.0004440497335701592,0.0004440497335701592,0.9897444719101977,0.009367428622661997
0.9861549400242964,0.01292551974581865,0.00045977011494252866,0.00045977011494252866
0.012970234018066575,0.0030065744091274625,0.007131786627175656,0.9768914049456302
0.02145597006807899,0.00844158653407685,0.012852062999493537,0.9572503803983506

0.018224307552029896,0.0029450119924198047,0.971918132841986,0.006912547613564318
0.007785423934479118,0.005971220047292853,0.028828305411143205,0.9574150506070849
0.9746641252511042,0.0006498951773179378,0.010113204787139783,0.014572774784438212
0.00031657029941008886,0.9781480808564683,0.0020718014691377662,0.019463547374983965

Transition Gammas
1.0,1.0,2228.904550741768,21.095449258234847
2144.886994552845,28.11300544715557,1.0,1.0
27.978220524230633,6.48551149685546,15.384047713321321,2107.262144825091
26.63759092227618,10.480231288366397,15.955838659430137,1188.4265294152465

29.70875453446162,4.800875870540302,1584.3936541215069,11.268641053870198
7.789085109708784,5.97402807459002,28.841862216600784,957.865284826479
1655.6757846775968,1.1039861628095187,17.179444526327526,24.754979383219375
1.0138340880418333,3132.573931834184,6.635060070325969,62.33309896647561

