0,1,2,3,4,5,6,7,8,9,10,11,12,13,14,15,16,17,18,19,20,21,22,23,24,25,26,27,28,29
github Code Version (SHA):,528ca1c557fe8e6666681dc5c9134b0f84d30530
Environment Observations,Environment Actions,alpha,epsilon,numActions,explore,patience,gainThresh,insertRandActions,useUpdatedPosterior,revisedSplitting,haveControl,confidence_factor
"['diamond', 'square']","['x', 'y']",0.65,0.99,75000,0.5,0,0.01,False,True,False,True,250

Model Num 0
Model States: 
['diamond'],['square']
Iteration: ,0
Error:,0.3097649387931564
Absolute Error:,1
Transition Probabilities
0.5,0.5
0.5,0.5

0.5,0.5
0.5,0.5

Transition Gammas
1.0,1.0
1.0,1.0

1.0,1.0
1.0,1.0

Iteration: ,2040
Error:,0.043881822702581
Absolute Error:,1
Transition Probabilities
0.45878136200716846,0.5412186379928315
0.24675324675324675,0.7532467532467533

0.2469879518072289,0.7530120481927711
0.7407407407407407,0.25925925925925924


Model Num 1
Model States: 
['diamond'],"['square', 'y', 'diamond']","['square', 'y', 'square']"
Iteration: ,0
Error:,0.2808746483002233
Absolute Error:,1
Transition Probabilities
0.3333333333333333,0.3333333333333333,0.3333333333333333
0.3333333333333333,0.3333333333333333,0.3333333333333333
0.3333333333333333,0.3333333333333333,0.3333333333333333

0.3333333333333333,0.3333333333333333,0.3333333333333333
0.3333333333333333,0.3333333333333333,0.3333333333333333
0.3333333333333333,0.3333333333333333,0.3333333333333333

Transition Gammas
1.0,1.0,1.0
1.0,1.0,1.0
1.0,1.0,1.0

1.0,1.0,1.0
1.0,1.0,1.0
1.0,1.0,1.0

Iteration: ,2500
Error:,0.062393073437607485
Absolute Error:,1
Transition Probabilities
0.4610389610389609,0.43507120085183687,0.10388983810920223
0.23501382761907408,0.6634330383424925,0.10155313403843358
0.3333333333333333,0.3333333333333333,0.3333333333333333

0.24278846153846143,0.6837174477728666,0.07349409068867205
0.9966273187183811,0.0016863406408094434,0.0016863406408094434
0.005376344086021506,0.847232721253576,0.14739093466040254

Transition Gammas
355.0,335.0048246559145,79.99517534408574
105.70781489417539,298.4082150496267,45.67799266798058
1.0,1.0,1.0

101.0,284.4264582735126,30.573541726487584
591.0,1.0,1.0
1.0,157.5852861531651,27.414713846834868

Iteration: ,5000
Error:,0.0586984139649981
Absolute Error:,1
Transition Probabilities
0.46398140975987606,0.44439884246194966,0.09161974777817425
0.22514165002714343,0.6688290609105116,0.10602928906234481
0.3333333333333333,0.3333333333333333,0.3333333333333333

0.24339622641509423,0.6594110159883653,0.0971927575965406
0.9983935742971888,0.0008032128514056225,0.0008032128514056225
0.002638522427440634,0.8557784101579726,0.14158306741458676

Transition Gammas
599.0,573.718905618377,118.28109438162296
195.38466589381764,580.4298875411159,92.01539215825966
1.0,1.0,1.0

258.0,698.9756769476675,103.02432305233307
1243.0,1.0,1.0
1.0,324.34001744987154,53.65998255012836

Iteration: ,5634
Error:,0.05472796266036114
Absolute Error:,1
Transition Probabilities
0.46859903381642504,0.4373559856363487,0.09404498054722624
0.2287575614617835,0.6639630416029635,0.10727939693525304
0.3333333333333333,0.3333333333333333,0.3333333333333333

0.2355848434925864,0.6632702323848769,0.10114492412253671
0.9985945186226283,0.0007027406886858749,0.0007027406886858749
0.0022883295194508014,0.8510470681795239,0.14666460230102532


Model Num 2
Model States: 
"['square', 'y', 'diamond']","['square', 'y', 'square']","['diamond', 'x', 'diamond']","['diamond', 'x', 'square', 'y', 'diamond']"
Iteration: ,0
Error:,0.30943227621527053
Absolute Error:,1
Transition Probabilities
0.25,0.25,0.25,0.25
0.25,0.25,0.25,0.25
0.25,0.25,0.25,0.25
0.25,0.25,0.25,0.25

0.25,0.25,0.25,0.25
0.25,0.25,0.25,0.25
0.25,0.25,0.25,0.25
0.25,0.25,0.25,0.25

Transition Gammas
1.0,1.0,1.0,1.0
1.0,1.0,1.0,1.0
1.0,1.0,1.0,1.0
1.0,1.0,1.0,1.0

1.0,1.0,1.0,1.0
1.0,1.0,1.0,1.0
1.0,1.0,1.0,1.0
1.0,1.0,1.0,1.0

Iteration: ,2500
Error:,0.061259512563013985
Absolute Error:,1
Transition Probabilities
0.6156116423429024,0.16922211407646695,0.09306602448082318,0.12210021909980738
0.25,0.25,0.25,0.25
0.0024813895781637713,0.0024813895781637713,0.28560503809234317,0.7094321827513294
0.8667896560202074,0.12891849848623033,0.002145922746781117,0.002145922746781117

0.0016207455429497564,0.0016207455429497564,0.45177261290630094,0.5449858960077996
0.941737020264632,0.04816196963435782,0.0050505050505050535,0.0050505050505050535
0.5515199238566817,0.2207233866221919,0.1186865086584435,0.10907018086268304
0.5837793947158584,0.17486367323733595,0.128853100071259,0.11250383197554666

Transition Gammas
245.9085769458592,67.59646244171394,37.175602389501464,48.7734296403815
1.0,1.0,1.0,1.0
1.0,1.0,115.09883035121432,285.90116964878575
403.9239797054164,60.0760202945833,1.0,1.0

1.0,1.0,278.7437021631878,336.25629783681245
186.46393001239704,9.536069987602843,1.0,1.0
7.668867782317307,3.0691519839104853,1.6503322963958493,1.5166175506049546
130.0143832248823,38.944150530450365,28.697066878375875,25.05589689724474

Iteration: ,5000
Error:,0.06038810925212639
Absolute Error:,1
Transition Probabilities
0.619669326346708,0.1803886962233058,0.08048557081279259,0.11945640661719367
0.25,0.25,0.25,0.25
0.0012391573729863693,0.0012391573729863693,0.26615317438919056,0.7313685108648368
0.8663628103224277,0.1314296841588085,0.0011037527593818993,0.0011037527593818993

0.000824402308326463,0.000824402308326463,0.48854180635867533,0.5098093890246717
0.9427950947675774,0.05225441018291764,0.0024752475247524757,0.0024752475247524757
0.5562631064604533,0.18317130231623957,0.14671218688718962,0.11385340433611747
0.6056177662223193,0.1581396424460456,0.12391203309158934,0.11233055824004567

Transition Gammas
518.7232812176543,151.0028210548766,67.3742230050749,99.99658942013114
1.0,1.0,1.0,1.0
1.0,1.0,214.7856117320768,590.2143882679233
784.9247061521188,119.07529384788042,1.0,1.0

1.0,1.0,592.6012111130734,618.3987888869269
380.8892182861012,21.110781713898724,1.0,1.0
13.513100082283897,4.449714733287991,3.564026522111759,2.7657999058977123
262.8789582493298,68.64327102464367,53.786179980915186,48.75903874799604

Iteration: ,7500
Error:,0.051526224551851456
Absolute Error:,1
Transition Probabilities
0.6285888681351226,0.1738923139259043,0.07740900286448417,0.12010981507448902
0.25,0.25,0.25,0.25
0.0007898894154818329,0.0007898894154818329,0.26236562573431105,0.7360545954347252
0.8291825491793529,0.1694333677756645,0.0006920415224913501,0.0006920415224913501

0.0005125576627370578,0.0005125576627370578,0.4825803250262121,0.5163945596483137
0.8806074799779213,0.11638047182930757,0.0015060240963855427,0.0015060240963855427
0.5708983449261619,0.18363677218888722,0.14682040916015549,0.0986444737247955
0.6024139710898442,0.16422566425520452,0.11667750934744035,0.11668285530751102

Transition Gammas
628.6578773559992,173.91140458071663,77.41750116161813,120.12300125257472
1.0,1.0,1.0,1.0
1.0,1.0,332.1548821796377,931.8451178203618
1198.1687835641637,244.831216435835,1.0,1.0

1.0,1.0,941.51421412614,1007.4857858738603
584.7233667053396,77.2766332946602,1.0,1.0
16.006883397027437,5.148819270467823,4.116559787950387,2.7657999058977123
391.1353477475103,106.62844054117289,75.75637415971914,75.75984518471464

Iteration: ,10000
Error:,0.050335366954991155
Absolute Error:,1
Transition Probabilities
0.6285888681351226,0.1738923139259043,0.07740900286448417,0.12010981507448902
0.25,0.25,0.25,0.25
0.0005714285714285714,0.0005714285714285714,0.2550182662461705,0.7438388766109724
0.8062230247428814,0.1928172823588461,0.0004798464491362767,0.0004798464491362767

0.00035855145213338117,0.00035855145213338117,0.47239663468129794,0.5268862624144354
0.8370890883900103,0.16079897919182706,0.0010559662090813098,0.0010559662090813098
0.5708983449261619,0.18363677218888722,0.14682040916015549,0.0986444737247955
0.5971858139523808,0.1709761730243439,0.10835291122682485,0.12348510179645061

Transition Gammas
628.6578773559992,173.91140458071663,77.41750116161813,120.12300125257472
1.0,1.0,1.0,1.0
1.0,1.0,446.28196593079844,1301.7180340692018
1680.1687835641637,401.831216435835,1.0,1.0

1.0,1.0,1317.51421412614,1469.4857858738603
792.7233667053396,152.2766332946602,1.0,1.0
16.006883397027437,5.148819270467823,4.116559787950387,2.7657999058977123
501.1664749799457,143.4855348841297,90.93124000044125,103.6303805850313

Iteration: ,12500
Error:,0.05182467915429839
Absolute Error:,1
Transition Probabilities
0.6295827214552019,0.17171523397844013,0.07747165264983082,0.12123039191652717
0.25,0.25,0.25,0.25
0.00045599635202918387,0.00045599635202918387,0.24108541676128104,0.7580025905346607
0.793886737930012,0.205367271767862,0.0003729951510630363,0.0003729951510630363

0.0002774694783573807,0.0002774694783573807,0.4645794599357523,0.534865601107533
0.826588932639502,0.17174717384968277,0.000831946755407654,0.000831946755407654
0.5561218198512122,0.19148731341604822,0.15922378169281068,0.09316708503992899
0.606472676335979,0.16571213699323808,0.11018336892384871,0.1176318177469341

Transition Gammas
668.3698368647771,182.29420695677953,82.24449953697864,128.69911213735196
1.0,1.0,1.0,1.0
1.0,1.0,528.7003189574892,1662.2996810425104
2128.4103443903614,550.5896556096378,1.0,1.0

1.0,1.0,1674.3443736084512,1927.655626391549
993.5598970326812,206.44010296731864,1.0,1.0
16.509281967477552,5.68457833793697,4.726788653245057,2.7657999058977123
643.7249339998922,175.89091580089195,116.95132304542125,124.85728882777082

Iteration: ,13546
Error:,0.05125634360736609
Absolute Error:,1
Transition Probabilities
0.6384783834958621,0.1632628726674663,0.07798509715383965,0.12027364668283193
0.25,0.25,0.25,0.25
0.0004260758414997868,0.0004260758414997868,0.24135009676275493,0.7577977515542454
0.7892347336558879,0.21007178506810653,0.00034674063800277393,0.00034674063800277393

0.00025601638504864306,0.00025601638504864306,0.4617025286908733,0.5377854385390294
0.8220355091133266,0.17643309731852644,0.0007656967840735069,0.0007656967840735069
0.5416846438177492,0.1931238674091935,0.16509059300954823,0.10010089576350904
0.609810099026423,0.16290866502648668,0.1077393561816941,0.11954187976539608


Model Num 3
Model States: 
"['square', 'y', 'diamond']","['square', 'y', 'square']","['diamond', 'x', 'square', 'y', 'diamond']","['diamond', 'y', 'square', 'y', 'diamond']","['diamond', 'y', 'square', 'y', 'square']"
Iteration: ,0
Error:,0.3607136504805522
Absolute Error:,1
Transition Probabilities
0.2,0.2,0.2,0.2,0.2
0.2,0.2,0.2,0.2,0.2
0.2,0.2,0.2,0.2,0.2
0.2,0.2,0.2,0.2,0.2
0.2,0.2,0.2,0.2,0.2

0.2,0.2,0.2,0.2,0.2
0.2,0.2,0.2,0.2,0.2
0.2,0.2,0.2,0.2,0.2
0.2,0.2,0.2,0.2,0.2
0.2,0.2,0.2,0.2,0.2

Transition Gammas
1.0,1.0,1.0,1.0,1.0
1.0,1.0,1.0,1.0,1.0
1.0,1.0,1.0,1.0,1.0
1.0,1.0,1.0,1.0,1.0
1.0,1.0,1.0,1.0,1.0

1.0,1.0,1.0,1.0,1.0
1.0,1.0,1.0,1.0,1.0
1.0,1.0,1.0,1.0,1.0
1.0,1.0,1.0,1.0,1.0
1.0,1.0,1.0,1.0,1.0

Iteration: ,2500
Error:,0.27040226362171177
Absolute Error:,1
Transition Probabilities
0.2,0.2,0.2,0.2,0.2
0.2,0.2,0.2,0.2,0.2
0.42727272727272725,0.15151515151515152,0.0030303030303030303,0.35312497422562206,0.06505684395619618
0.2,0.2,0.2,0.2,0.2
0.2,0.2,0.2,0.2,0.2

0.001082251082251082,0.001082251082251082,0.3181818181818181,0.5570998352396096,0.1225538444140701
0.7236363636363636,0.26545454545454544,0.0036363636363636364,0.0036363636363636364,0.0036363636363636364
0.2,0.2,0.2,0.2,0.2
0.7168305058196368,0.001231667535772572,0.027909597349307612,0.20629100525351518,0.04773722404176785
0.006493506493506494,0.974025974025974,0.006493506493506494,0.006493506493506494,0.006493506493506494

Transition Gammas
1.0,1.0,1.0,1.0,1.0
1.0,1.0,1.0,1.0,1.0
141.0,50.0,1.0,116.53124149445527,21.468758505544738
1.0,1.0,1.0,1.0,1.0
1.0,1.0,1.0,1.0,1.0

1.0,1.0,294.0,514.7602477613993,113.23975223860079
199.0,73.0,1.0,1.0,1.0
1.0,1.0,1.0,1.0,1.0
582.0,1.0,22.660008921807886,167.48919595750954,38.75820597303017
1.0,150.0,1.0,1.0,1.0

Iteration: ,5000
Error:,0.27354930225759205
Absolute Error:,1
Transition Probabilities
0.2,0.2,0.2,0.2,0.2
0.2,0.2,0.2,0.2,0.2
0.41140215716486905,0.14329738058551617,0.0015408320493066256,0.37414750367631827,0.06961212652398985
0.2,0.2,0.2,0.2,0.2
0.2,0.2,0.2,0.2,0.2

0.0005485463521667579,0.0005485463521667579,0.3192539769610531,0.5486108574071509,0.13103807292746245
0.7195121951219512,0.27526132404181186,0.0017421602787456446,0.0017421602787456446,0.0017421602787456446
0.2,0.2,0.2,0.2,0.2
0.7051427009129346,0.0006180041199938078,0.031732504898073007,0.2142467677813793,0.0482600222876193
0.003067484662576687,0.9877300613496932,0.003067484662576687,0.003067484662576687,0.003067484662576687

Transition Gammas
1.0,1.0,1.0,1.0,1.0
1.0,1.0,1.0,1.0,1.0
267.0,93.0,1.0,242.82172988593055,45.17827011406941
1.0,1.0,1.0,1.0,1.0
1.0,1.0,1.0,1.0,1.0

1.0,1.0,582.0,1000.1175930532363,238.88240694676412
413.0,158.0,1.0,1.0,1.0
1.0,1.0,1.0,1.0,1.0
1141.0,1.0,51.34675299315312,346.6753066039851,78.09013035075374
1.0,322.0,1.0,1.0,1.0

Iteration: ,7500
Error:,0.2783939695914244
Absolute Error:,1
Transition Probabilities
0.2,0.2,0.2,0.2,0.2
0.2,0.2,0.2,0.2,0.2
0.41344195519348265,0.13238289205702647,0.0010183299389002036,0.37458793977323956,0.07856888303735107
0.2,0.2,0.2,0.2,0.2
0.2,0.2,0.2,0.2,0.2

0.00036563071297989044,0.00036563071297989044,0.3265082266910422,0.5471716060264462,0.12558890585655186
0.7152941176470589,0.2811764705882353,0.001176470588235294,0.001176470588235294,0.001176470588235294
0.2,0.2,0.2,0.2,0.2
0.705574736195482,0.00041021786988109423,0.029691651473591738,0.21686864864247907,0.047454745818565895
0.002070393374741201,0.9917184265010351,0.002070393374741201,0.002070393374741201,0.002070393374741201

Transition Gammas
1.0,1.0,1.0,1.0,1.0
1.0,1.0,1.0,1.0,1.0
406.0,130.0,1.0,367.8453568573213,77.15464314267876
1.0,1.0,1.0,1.0,1.0
1.0,1.0,1.0,1.0,1.0

1.0,1.0,893.0,1496.51434248233,343.4856575176692
608.0,239.0,1.0,1.0,1.0
1.0,1.0,1.0,1.0,1.0
1720.0,1.0,72.38020001956073,528.6669951880464,115.68181033244878
1.0,479.0,1.0,1.0,1.0

Iteration: ,10000
Error:,0.27716161033143155
Absolute Error:,1
Transition Probabilities
0.2,0.2,0.2,0.2,0.2
0.2,0.2,0.2,0.2,0.2
0.4084615384615385,0.12846153846153846,0.0007692307692307692,0.37806114165952187,0.08424655064817048
0.2,0.2,0.2,0.2,0.2
0.2,0.2,0.2,0.2,0.2

0.00027472527472527483,0.00027472527472527483,0.32774725274725286,0.5440318258036243,0.12767147089967226
0.7132987910189983,0.28411053540587217,0.0008635578583765112,0.0008635578583765112,0.0008635578583765112
0.2,0.2,0.2,0.2,0.2
0.7074777442229658,0.00031016122061506613,0.02785070827779863,0.215055936003477,0.049305450275143374
0.0015060240963855422,0.9939759036144579,0.0015060240963855422,0.0015060240963855422,0.0015060240963855422

Transition Gammas
1.0,1.0,1.0,1.0,1.0
1.0,1.0,1.0,1.0,1.0
531.0,167.0,1.0,491.4794841573784,109.52051584262162
1.0,1.0,1.0,1.0,1.0
1.0,1.0,1.0,1.0,1.0

1.0,1.0,1193.0,1980.2758459251918,464.72415407480685
826.0,329.0,1.0,1.0,1.0
1.0,1.0,1.0,1.0,1.0
2281.0,1.0,89.79429543954335,693.3682282298531,158.9671660995145
1.0,660.0,1.0,1.0,1.0

Iteration: ,12500
Error:,0.27767684395688147
Absolute Error:,1
Transition Probabilities
0.2,0.2,0.2,0.2,0.2
0.2,0.2,0.2,0.2,0.2
0.41574415744157434,0.12976629766297662,0.0006150061500615005,0.3694698380822592,0.08440470066312837
0.2,0.2,0.2,0.2,0.2
0.2,0.2,0.2,0.2,0.2

0.000219490781387182,0.000219490781387182,0.3281387181738371,0.5405136742747167,0.13090862598867195
0.7210095497953616,0.27694406548431105,0.0006821282401091405,0.0006821282401091405,0.0006821282401091405
0.2,0.2,0.2,0.2,0.2
0.7080061571986902,0.0002508880783836606,0.028389761419653263,0.21243294438034152,0.05092024892293128
0.0011750881316098707,0.9952996474735605,0.0011750881316098707,0.0011750881316098707,0.0011750881316098707

Transition Gammas
1.0,1.0,1.0,1.0,1.0
1.0,1.0,1.0,1.0,1.0
676.0,211.0,1.0,600.7579567217535,137.24204327824674
1.0,1.0,1.0,1.0,1.0
1.0,1.0,1.0,1.0,1.0

1.0,1.0,1495.0,2462.5802999956063,596.4197000043887
1057.0,406.0,1.0,1.0,1.0
1.0,1.0,1.0,1.0,1.0
2822.0,1.0,113.15707626505612,846.7239485787239,202.96001807253478
1.0,847.0,1.0,1.0,1.0

Iteration: ,15000
Error:,0.2784543702038282
Absolute Error:,1
Transition Probabilities
0.2,0.2,0.2,0.2,0.2
0.2,0.2,0.2,0.2,0.2
0.4096446700507614,0.13147208121827408,0.0005076142131979695,0.3690340704497835,0.0893415640679831
0.2,0.2,0.2,0.2,0.2
0.2,0.2,0.2,0.2,0.2

0.0001832172957127155,0.0001832172957127155,0.33034078417002605,0.53912355290021,0.1301692283383385
0.7290723981900452,0.2692307692307692,0.0005656108597285068,0.0005656108597285068,0.0005656108597285068
0.2,0.2,0.2,0.2,0.2
0.7071985098098088,0.0002104131240136295,0.03123291194807325,0.20837891522553809,0.05297924989256614
0.000966183574879227,0.996135265700483,0.000966183574879227,0.000966183574879227,0.000966183574879227

Transition Gammas
1.0,1.0,1.0,1.0,1.0
1.0,1.0,1.0,1.0,1.0
807.0,259.0,1.0,726.9971187860735,176.00288121392674
1.0,1.0,1.0,1.0,1.0
1.0,1.0,1.0,1.0,1.0

1.0,1.0,1803.0,2942.5363517293426,710.4636482706507
1289.0,476.0,1.0,1.0,1.0
1.0,1.0,1.0,1.0,1.0
3361.0,1.0,148.43614006724286,990.3323103174893,251.78681292301144
1.0,1031.0,1.0,1.0,1.0

Iteration: ,17500
Error:,0.27561262065641506
Absolute Error:,1
Transition Probabilities
0.2,0.2,0.2,0.2,0.2
0.2,0.2,0.2,0.2,0.2
0.4086993970714901,0.12747631352282515,0.0004306632213608958,0.36979719765714114,0.09359642852718279
0.2,0.2,0.2,0.2,0.2
0.2,0.2,0.2,0.2,0.2

0.00015728216420257966,0.00015728216420257966,0.3354828562441024,0.5352847107663173,0.12891786866117516
0.7256894049346879,0.2728592162554427,0.0004837929366231253,0.0004837929366231253,0.0004837929366231253
0.2,0.2,0.2,0.2,0.2
0.7071137892986411,0.00018094006890958064,0.03077310182578729,0.2086669926998184,0.05326517610684362
0.0008271298593879239,0.9966914805624483,0.0008271298593879239,0.0008271298593879239,0.0008271298593879239

Transition Gammas
1.0,1.0,1.0,1.0,1.0
1.0,1.0,1.0,1.0,1.0
949.0,296.0,1.0,858.6690929598817,217.33090704011843
1.0,1.0,1.0,1.0,1.0
1.0,1.0,1.0,1.0,1.0

1.0,1.0,2133.0,3403.3401910522407,819.6598089477504
1500.0,564.0,1.0,1.0,1.0
1.0,1.0,1.0,1.0,1.0
3908.0,1.0,170.07345034871864,1153.2381630963866,294.3802134476985
1.0,1205.0,1.0,1.0,1.0

Iteration: ,20000
Error:,0.27547205185837986
Absolute Error:,1
Transition Probabilities
0.2,0.2,0.2,0.2,0.2
0.2,0.2,0.2,0.2,0.2
0.405456612353164,0.12732095490716178,0.000378931413414172,0.37110236595990814,0.09574113536635198
0.2,0.2,0.2,0.2,0.2
0.2,0.2,0.2,0.2,0.2

0.00013796909492273747,0.00013796909492273747,0.3336092715231792,0.5364315452711852,0.1296832450157901
0.7289640591966173,0.26976744186046514,0.00042283298097251583,0.00042283298097251583,0.00042283298097251583
0.2,0.2,0.2,0.2,0.2
0.7027298595836091,0.00015781043332216687,0.03181731219330149,0.21075824361886186,0.05453677417090534
0.0007178750897343862,0.9971284996410624,0.0007178750897343862,0.0007178750897343862,0.0007178750897343862

Transition Gammas
1.0,1.0,1.0,1.0,1.0
1.0,1.0,1.0,1.0,1.0
1070.0,336.0,1.0,979.3391437681977,252.66085623180294
1.0,1.0,1.0,1.0,1.0
1.0,1.0,1.0,1.0,1.0

1.0,1.0,2418.0,3888.0558401255457,939.9441598744454
1724.0,638.0,1.0,1.0,1.0
1.0,1.0,1.0,1.0,1.0
4453.0,1.0,201.61729185767507,1335.5152709618576,345.5840847960261
1.0,1389.0,1.0,1.0,1.0

Iteration: ,22500
Error:,0.27896523795384937
Absolute Error:,1
Transition Probabilities
0.2,0.2,0.2,0.2,0.2
0.2,0.2,0.2,0.2,0.2
0.4028292354328056,0.12563152576625125,0.00033681374200067357,0.37598624038989004,0.09521618466905249
0.2,0.2,0.2,0.2,0.2
0.2,0.2,0.2,0.2,0.2

0.00012259409096481572,0.00012259409096481572,0.33345592742429875,0.5356822145128828,0.13061666988088874
0.7361427486712224,0.2627182991647684,0.00037965072133637056,0.00037965072133637056,0.00037965072133637056
0.2,0.2,0.2,0.2,0.2
0.7022415329255091,0.00013986089084355887,0.032066050930496304,0.2110529295360795,0.054499625717071454
0.0006365372374283895,0.9974538510502864,0.0006365372374283895,0.0006365372374283895,0.0006365372374283895

Transition Gammas
1.0,1.0,1.0,1.0,1.0
1.0,1.0,1.0,1.0,1.0
1196.0,373.0,1.0,1116.3031477175837,282.6968522824169
1.0,1.0,1.0,1.0,1.0
1.0,1.0,1.0,1.0,1.0

1.0,1.0,2720.0,4369.5598237815775,1065.4401762184075
1939.0,692.0,1.0,1.0,1.0
1.0,1.0,1.0,1.0,1.0
5021.0,1.0,229.27103307502685,1509.0203434507816,389.67023153049917
1.0,1567.0,1.0,1.0,1.0

Iteration: ,25000
Error:,0.28244595019514207
Absolute Error:,1
Transition Probabilities
0.2,0.2,0.2,0.2,0.2
0.2,0.2,0.2,0.2,0.2
0.3989120580235721,0.1266243578120278,0.0003022061045633122,0.37884710913776665,0.09531426892207025
0.2,0.2,0.2,0.2,0.2
0.2,0.2,0.2,0.2,0.2

0.00011041183614883535,0.00011041183614883535,0.335320746384013,0.5350663790623424,0.12939205088134692
0.7351738241308794,0.26380368098159507,0.00034083162917518747,0.00034083162917518747,0.00034083162917518747
0.2,0.2,0.2,0.2,0.2
0.702880398998348,0.00012598680749208602,0.03175095693978097,0.20952532807470178,0.055717329179677255
0.0005737234652897303,0.9977051061388411,0.0005737234652897303,0.0005737234652897303,0.0005737234652897303

Transition Gammas
1.0,1.0,1.0,1.0,1.0
1.0,1.0,1.0,1.0,1.0
1320.0,419.0,1.0,1253.60508413687,315.39491586313045
1.0,1.0,1.0,1.0,1.0
1.0,1.0,1.0,1.0,1.0

1.0,1.0,3037.0,4846.096195167627,1171.9038048323569
2157.0,774.0,1.0,1.0,1.0
1.0,1.0,1.0,1.0,1.0
5579.0,1.0,252.01810865614192,1663.0735570298762,442.24732961169116
1.0,1739.0,1.0,1.0,1.0

Iteration: ,27500
Error:,0.28063349087991296
Absolute Error:,1
Transition Probabilities
0.2,0.2,0.2,0.2,0.2
0.2,0.2,0.2,0.2,0.2
0.3970386619139018,0.12832465039758703,0.00027419797093501506,0.377008601830665,0.09735388788691127
0.2,0.2,0.2,0.2,0.2
0.2,0.2,0.2,0.2,0.2

0.00010054293183189234,0.00010054293183189234,0.3360144781821842,0.5329522151186387,0.13083222083551327
0.7359705611775529,0.26310947562097514,0.00030665440049064706,0.00030665440049064706,0.00030665440049064706
0.2,0.2,0.2,0.2,0.2
0.7016798212196012,0.00011510495754914717,0.032768353956138016,0.2092962456408839,0.056140474225827804
0.0005159958720330237,0.9979360165118679,0.0005159958720330237,0.0005159958720330237,0.0005159958720330237

Transition Gammas
1.0,1.0,1.0,1.0,1.0
1.0,1.0,1.0,1.0,1.0
1448.0,468.0,1.0,1374.9503708764353,355.0496291235654
1.0,1.0,1.0,1.0,1.0
1.0,1.0,1.0,1.0,1.0

1.0,1.0,3342.0,5300.742731569973,1301.2572684300133
2400.0,858.0,1.0,1.0,1.0
1.0,1.0,1.0,1.0,1.0
6096.0,1.0,284.6823860053698,1818.307830499127,487.7328954476797
1.0,1934.0,1.0,1.0,1.0

Iteration: ,30000
Error:,0.28015797809522863
Absolute Error:,1
Transition Probabilities
0.2,0.2,0.2,0.2,0.2
0.2,0.2,0.2,0.2,0.2
0.3957757103344228,0.12798591903444806,0.0002514458134272064,0.37827288509552925,0.09771403972217269
0.2,0.2,0.2,0.2,0.2
0.2,0.2,0.2,0.2,0.2

9.202171712524167e-05,9.202171712524167e-05,0.33560320235575636,0.5332076517565173,0.13100510245347574
0.7396215758260378,0.2595312058740469,0.0002824060999717594,0.0002824060999717594,0.0002824060999717594
0.2,0.2,0.2,0.2,0.2
0.7039581987984683,0.00010549351098433513,0.032646531711328385,0.20765964817654012,0.05563012780267897
0.00047281323877068556,0.9981087470449173,0.00047281323877068556,0.00047281323877068556,0.00047281323877068556

Transition Gammas
1.0,1.0,1.0,1.0,1.0
1.0,1.0,1.0,1.0,1.0
1574.0,509.0,1.0,1504.3912640249202,388.60873597508083
1.0,1.0,1.0,1.0,1.0
1.0,1.0,1.0,1.0,1.0

1.0,1.0,3647.0,5794.367551638067,1423.6324483619192
2619.0,919.0,1.0,1.0,1.0
1.0,1.0,1.0,1.0,1.0
6673.0,1.0,309.4648325447819,1968.4589719208016,527.3322243577576
1.0,2111.0,1.0,1.0,1.0

Iteration: ,32500
Error:,0.27432939691948993
Absolute Error:,1
Transition Probabilities
0.2,0.2,0.2,0.2,0.2
0.2,0.2,0.2,0.2,0.2
0.39496186734458044,0.12710885139819733,0.00023110700254217698,0.37973309885551215,0.09796507539916784
0.2,0.2,0.2,0.2,0.2
0.2,0.2,0.2,0.2,0.2

8.503401360544229e-05,8.503401360544229e-05,0.33784013605442226,0.529180736667579,0.13280905925078787
0.7394457394457394,0.2597772597772598,0.000259000259000259,0.000259000259000259,0.000259000259000259
0.2,0.2,0.2,0.2,0.2
0.7039561031621728,9.783962517889824e-05,0.03260632168189192,0.2076983590120813,0.055641376518674984
0.0004329004329004329,0.9982683982683983,0.0004329004329004329,0.0004329004329004329,0.0004329004329004329

Transition Gammas
1.0,1.0,1.0,1.0,1.0
1.0,1.0,1.0,1.0,1.0
1709.0,550.0,1.0,1643.1051187478015,423.8948812521993
1.0,1.0,1.0,1.0,1.0
1.0,1.0,1.0,1.0,1.0

1.0,1.0,3973.0,6223.165463210721,1561.8345367892632
2855.0,1003.0,1.0,1.0,1.0
1.0,1.0,1.0,1.0,1.0
7195.0,1.0,333.2629455833643,2122.8449989695696,568.6998127490328
1.0,2306.0,1.0,1.0,1.0

Iteration: ,35000
Error:,0.27852202614270277
Absolute Error:,1
Transition Probabilities
0.2,0.2,0.2,0.2,0.2
0.2,0.2,0.2,0.2,0.2
0.39627089584226316,0.12816116588084012,0.0002143163309044149,0.37594853051827964,0.09940509142771285
0.2,0.2,0.2,0.2,0.2
0.2,0.2,0.2,0.2,0.2

7.899518129394116e-05,7.899518129394116e-05,0.3380203807567742,0.5296191877518279,0.1322024411288098
0.7374610031197504,0.26181905447564197,0.00023998080153587713,0.00023998080153587713,0.00023998080153587713
0.2,0.2,0.2,0.2,0.2
0.7028411344812205,9.08650464746245e-05,0.03325835332281799,0.20841826623516868,0.055391380914318306
0.00040306328093510683,0.9983877468762595,0.00040306328093510683,0.00040306328093510683,0.00040306328093510683

Transition Gammas
1.0,1.0,1.0,1.0,1.0
1.0,1.0,1.0,1.0,1.0
1849.0,598.0,1.0,1754.1758433982927,463.8241566017082
1.0,1.0,1.0,1.0,1.0
1.0,1.0,1.0,1.0,1.0

1.0,1.0,4279.0,6704.449297750382,1673.5507022496015
3073.0,1091.0,1.0,1.0,1.0
1.0,1.0,1.0,1.0,1.0
7735.0,1.0,366.019218755431,2293.7122064134173,609.6005346763039
1.0,2477.0,1.0,1.0,1.0

Iteration: ,37500
Error:,0.27973277594467605
Absolute Error:,1
Transition Probabilities
0.2,0.2,0.2,0.2,0.2
0.2,0.2,0.2,0.2,0.2
0.3981222532960447,0.12724730323611666,0.00019976028765481422,0.3739850701122783,0.10044561306790566
0.2,0.2,0.2,0.2,0.2
0.2,0.2,0.2,0.2,0.2

7.375175160410073e-05,7.375175160410073e-05,0.33829928460801,0.5291137945834559,0.1324394173053259
0.7376646572895735,0.2616655503460594,0.00022326412145568208,0.00022326412145568208,0.00022326412145568208
0.2,0.2,0.2,0.2,0.2
0.702352373471698,8.502026067930008e-05,0.03382144505280834,0.20763422351688218,0.056106937697932166
0.00037425149700598805,0.9985029940119761,0.00037425149700598805,0.00037425149700598805,0.00037425149700598805

Transition Gammas
1.0,1.0,1.0,1.0,1.0
1.0,1.0,1.0,1.0,1.0
1993.0,637.0,1.0,1872.169260982065,502.8307390179357
1.0,1.0,1.0,1.0,1.0
1.0,1.0,1.0,1.0,1.0

1.0,1.0,4587.0,7174.253940757066,1795.7460592429109
3304.0,1172.0,1.0,1.0,1.0
1.0,1.0,1.0,1.0,1.0
8261.0,1.0,397.80453250295506,2442.1734520444134,659.924319799134
1.0,2668.0,1.0,1.0,1.0

Iteration: ,40000
Error:,0.28165397093725814
Absolute Error:,1
Transition Probabilities
0.2,0.2,0.2,0.2,0.2
0.2,0.2,0.2,0.2,0.2
0.4021024967148488,0.12577435704899567,0.00018772292096865025,0.3715115981532083,0.10042382516197867
0.2,0.2,0.2,0.2,0.2
0.2,0.2,0.2,0.2,0.2

6.908940168578151e-05,6.908940168578151e-05,0.3374326378333569,0.529694161272756,0.1327350220905154
0.7379454926624738,0.26142557651991616,0.00020964360587002095,0.00020964360587002095,0.00020964360587002095
0.2,0.2,0.2,0.2,0.2
0.7019845780417903,7.967138554554424e-05,0.03359371915494165,0.20811945440382087,0.05622257701390162
0.0003502626970227671,0.998598949211909,0.0003502626970227671,0.0003502626970227671,0.0003502626970227671

Transition Gammas
1.0,1.0,1.0,1.0,1.0
1.0,1.0,1.0,1.0,1.0
2142.0,670.0,1.0,1979.0422833621408,534.9577166378605
1.0,1.0,1.0,1.0,1.0
1.0,1.0,1.0,1.0,1.0

1.0,1.0,4884.0,7666.793290261859,1921.206709738117
3520.0,1247.0,1.0,1.0,1.0
1.0,1.0,1.0,1.0,1.0
8811.0,1.0,421.6535074030784,2612.2233594751424,705.6809245743808
1.0,2851.0,1.0,1.0,1.0

Iteration: ,42500
Error:,0.27979241580324
Absolute Error:,1
Transition Probabilities
0.2,0.2,0.2,0.2,0.2
0.2,0.2,0.2,0.2,0.2
0.39968265162200284,0.12782087447108603,0.0001763046544428773,0.3712721450069955,0.10104802424547282
0.2,0.2,0.2,0.2,0.2
0.2,0.2,0.2,0.2,0.2

6.508298080052074e-05,6.508298080052074e-05,0.3384965831435084,0.529856057603276,0.1315171932916146
0.7373299152041017,0.2620784855058174,0.00019719976336028398,0.00019719976336028398,0.00019719976336028398
0.2,0.2,0.2,0.2,0.2
0.7008895752018274,7.490537300436329e-05,0.03366897418540531,0.20881471679204153,0.05655182844772154
0.0003312355084465055,0.998675057966214,0.0003312355084465055,0.0003312355084465055,0.0003312355084465055

Transition Gammas
1.0,1.0,1.0,1.0,1.0
1.0,1.0,1.0,1.0,1.0
2267.0,725.0,1.0,2105.8556064796785,573.1443935203218
1.0,1.0,1.0,1.0,1.0
1.0,1.0,1.0,1.0,1.0

1.0,1.0,5201.0,8141.238325074326,2020.7616749256558
3739.0,1329.0,1.0,1.0,1.0
1.0,1.0,1.0,1.0,1.0
9357.0,1.0,449.4867702406885,2787.713463223498,754.9769286166875
1.0,3015.0,1.0,1.0,1.0

Iteration: ,45000
Error:,0.2785340096214828
Absolute Error:,1
Transition Probabilities
0.2,0.2,0.2,0.2,0.2
0.2,0.2,0.2,0.2,0.2
0.39822860962566853,0.12717245989304815,0.00016711229946524066,0.3726110817645517,0.10182073641726627
0.2,0.2,0.2,0.2,0.2
0.2,0.2,0.2,0.2,0.2

6.148927012236372e-05,6.148927012236372e-05,0.3375760929717768,0.530622454158126,0.1316784743298524
0.7368323096966313,0.2626093430113531,0.00018611576400521124,0.00018611576400521124,0.00018611576400521124
0.2,0.2,0.2,0.2,0.2
0.7007981056319502,7.065209251254666e-05,0.03337299971827965,0.20899064341981244,0.05676759913744506
0.00031220730565095225,0.9987511707773962,0.00031220730565095225,0.00031220730565095225,0.00031220730565095225

Transition Gammas
1.0,1.0,1.0,1.0,1.0
1.0,1.0,1.0,1.0,1.0
2383.0,761.0,1.0,2229.704713279077,609.2952867209212
1.0,1.0,1.0,1.0,1.0
1.0,1.0,1.0,1.0,1.0

1.0,1.0,5490.0,8629.512971973592,2141.487028026387
3959.0,1411.0,1.0,1.0,1.0
1.0,1.0,1.0,1.0,1.0
9919.0,1.0,472.3568479214279,2958.0248225868063,803.4807904290176
1.0,3199.0,1.0,1.0,1.0

Iteration: ,47500
Error:,0.27832846616229956
Absolute Error:,1
Transition Probabilities
0.2,0.2,0.2,0.2,0.2
0.2,0.2,0.2,0.2,0.2
0.39828353464717114,0.1257151938970121,0.00015893197711379535,0.3748227507000309,0.10101958877867198
0.2,0.2,0.2,0.2,0.2
0.2,0.2,0.2,0.2,0.2

5.822416302765658e-05,5.822416302765658e-05,0.33636098981077206,0.531135954414368,0.1323866074488047
0.737111581920904,0.2623587570621469,0.00017655367231638418,0.00017655367231638418,0.00017655367231638418
0.2,0.2,0.2,0.2,0.2
0.7014968441631582,6.686016433121981e-05,0.03297844602253136,0.20865469813631193,0.05680315151366726
0.00029507229271171436,0.9988197108291531,0.00029507229271171436,0.00029507229271171436,0.00029507229271171436

Transition Gammas
1.0,1.0,1.0,1.0,1.0
1.0,1.0,1.0,1.0,1.0
2506.0,791.0,1.0,2358.384747404594,635.615252595404
1.0,1.0,1.0,1.0,1.0
1.0,1.0,1.0,1.0,1.0

1.0,1.0,5777.0,9122.260017066756,2273.739982933217
4175.0,1486.0,1.0,1.0,1.0
1.0,1.0,1.0,1.0,1.0
10492.0,1.0,493.24506381944906,3120.762568016638,849.5813924756313
1.0,3385.0,1.0,1.0,1.0

Iteration: ,50000
Error:,0.273901164325426
Absolute Error:,1
Transition Probabilities
0.2,0.2,0.2,0.2,0.2
0.2,0.2,0.2,0.2,0.2
0.39996975654014844,0.12566157568425834,0.00015121729925903532,0.37269649738386046,0.10152095309247379
0.2,0.2,0.2,0.2,0.2
0.2,0.2,0.2,0.2,0.2

5.527304886137527e-05,5.527304886137527e-05,0.33561795268627065,0.5316823455459381,0.13258915567006851
0.7382832185452713,0.261212833865278,0.00016798252981689904,0.00016798252981689904,0.00016798252981689904
0.2,0.2,0.2,0.2,0.2
0.701618067159767,6.349484770676625e-05,0.033024038176617955,0.2088769588650756,0.0564174409508326
0.0002801905295601009,0.9988792378817596,0.0002801905295601009,0.0002801905295601009,0.0002801905295601009

Transition Gammas
1.0,1.0,1.0,1.0,1.0
1.0,1.0,1.0,1.0,1.0
2645.0,831.0,1.0,2464.641937199468,671.3580628005288
1.0,1.0,1.0,1.0,1.0
1.0,1.0,1.0,1.0,1.0

1.0,1.0,6072.0,9619.196995617098,2398.803004382876
4395.0,1555.0,1.0,1.0,1.0
1.0,1.0,1.0,1.0,1.0
11050.0,1.0,520.1057939241075,3289.667845645008,888.5357314562162
1.0,3565.0,1.0,1.0,1.0

Iteration: ,52500
Error:,0.278273249799866
Absolute Error:,1
Transition Probabilities
0.2,0.2,0.2,0.2,0.2
0.2,0.2,0.2,0.2,0.2
0.39680483592400706,0.12564766839378244,0.0001439263097294186,0.3767746315211467,0.10062893785133435
0.2,0.2,0.2,0.2,0.2
0.2,0.2,0.2,0.2,0.2

5.265652151018912e-05,5.265652151018912e-05,0.3354746985414149,0.5320886864374991,0.13233130197806564
0.7399485365069154,0.25956899324541655,0.0001608234158893535,0.0001608234158893535,0.0001608234158893535
0.2,0.2,0.2,0.2,0.2
0.7013156758395848,6.0291925364475986e-05,0.03345790314169643,0.20884796202781297,0.05631816706554143
0.0002678810608090008,0.998928475756764,0.0002678810608090008,0.0002678810608090008,0.0002678810608090008

Transition Gammas
1.0,1.0,1.0,1.0,1.0
1.0,1.0,1.0,1.0,1.0
2757.0,873.0,1.0,2617.830139808926,699.1698601910708
1.0,1.0,1.0,1.0,1.0
1.0,1.0,1.0,1.0,1.0

1.0,1.0,6371.0,10104.89624413453,2513.1037558654407
4601.0,1614.0,1.0,1.0,1.0
1.0,1.0,1.0,1.0,1.0
11632.0,1.0,554.9317415132646,3463.945806429101,934.0913683729215
1.0,3729.0,1.0,1.0,1.0

Iteration: ,55000
Error:,0.2790954468850614
Absolute Error:,1
Transition Probabilities
0.2,0.2,0.2,0.2,0.2
0.2,0.2,0.2,0.2,0.2
0.39677285891601166,0.12549993104399396,0.0001379120121362571,0.37719450702009266,0.10039479100776544
0.2,0.2,0.2,0.2,0.2
0.2,0.2,0.2,0.2,0.2

5.023863350916864e-05,5.023863350916864e-05,0.3338859583019348,0.5330707487650405,0.1329428156660065
0.7420793601968625,0.25745924330975084,0.00015379883112888343,0.00015379883112888343,0.00015379883112888343
0.2,0.2,0.2,0.2,0.2
0.7012999621088709,5.747889206695114e-05,0.03349888367010837,0.2088031653965721,0.05634050993238168
0.00025510204081632655,0.9989795918367347,0.00025510204081632655,0.00025510204081632655,0.00025510204081632655

Transition Gammas
1.0,1.0,1.0,1.0,1.0
1.0,1.0,1.0,1.0,1.0
2877.0,910.0,1.0,2735.037370402691,727.962629597307
1.0,1.0,1.0,1.0,1.0
1.0,1.0,1.0,1.0,1.0

1.0,1.0,6646.0,10610.77325416811,2646.2267458318543
4825.0,1674.0,1.0,1.0,1.0
1.0,1.0,1.0,1.0,1.0
12201.0,1.0,582.8032250706752,3632.692939755331,980.1947794462797
1.0,3916.0,1.0,1.0,1.0

Iteration: ,57500
Error:,0.2805985200496581
Absolute Error:,1
Transition Probabilities
0.2,0.2,0.2,0.2,0.2
0.2,0.2,0.2,0.2,0.2
0.39775873434410014,0.12617007251153592,0.00013183915622940013,0.3750817114019321,0.10085764258620238
0.2,0.2,0.2,0.2,0.2
0.2,0.2,0.2,0.2,0.2

4.8074611797509843e-05,4.8074611797509843e-05,0.33421470121628843,0.5327488651316643,0.13294028442845224
0.7423664122137404,0.2571931884908984,0.0001467997651203758,0.0001467997651203758,0.0001467997651203758
0.2,0.2,0.2,0.2,0.2
0.7002917838849892,5.5028428719549684e-05,0.033604986482098496,0.20932812791273875,0.056720073291453996
0.000243605359317905,0.9990255785627283,0.000243605359317905,0.000243605359317905,0.000243605359317905

Transition Gammas
1.0,1.0,1.0,1.0,1.0
1.0,1.0,1.0,1.0,1.0
3017.0,957.0,1.0,2844.9947809836553,765.0052190163451
1.0,1.0,1.0,1.0,1.0
1.0,1.0,1.0,1.0,1.0

1.0,1.0,6952.0,11081.709143603724,2765.2908563962287
5057.0,1752.0,1.0,1.0,1.0
1.0,1.0,1.0,1.0,1.0
12726.0,1.0,610.6841002741518,3803.999728568876,1030.7412843009877
1.0,4101.0,1.0,1.0,1.0

Iteration: ,60000
Error:,0.27704169924113115
Absolute Error:,1
Transition Probabilities
0.2,0.2,0.2,0.2,0.2
0.2,0.2,0.2,0.2,0.2
0.39797596457938006,0.1275142314990512,0.00012650221378874128,0.37418337806002494,0.10019992364775498
0.2,0.2,0.2,0.2,0.2
0.2,0.2,0.2,0.2,0.2

4.607657927475473e-05,4.607657927475473e-05,0.33387089342487275,0.5322874799319651,0.13374947348461264
0.7437482438887328,0.2558302894071368,0.00014048890137679124,0.00014048890137679124,0.00014048890137679124
0.2,0.2,0.2,0.2,0.2
0.6995394487107133,5.2747658626957716e-05,0.03357791944381446,0.2101941898135991,0.05663569437324623
0.00023304591004427873,0.9990678163598229,0.00023304591004427873,0.00023304591004427873,0.00023304591004427873

Transition Gammas
1.0,1.0,1.0,1.0,1.0
1.0,1.0,1.0,1.0,1.0
3146.0,1008.0,1.0,2957.9196035644977,792.0803964355033
1.0,1.0,1.0,1.0,1.0
1.0,1.0,1.0,1.0,1.0

1.0,1.0,7246.0,11552.235176963417,2902.7648230365426
5294.0,1821.0,1.0,1.0,1.0
1.0,1.0,1.0,1.0,1.0
13262.0,1.0,636.576491125121,3984.9008521901533,1073.7101105052927
1.0,4287.0,1.0,1.0,1.0

Iteration: ,62500
Error:,0.27588338610770097
Absolute Error:,1
Transition Probabilities
0.2,0.2,0.2,0.2,0.2
0.2,0.2,0.2,0.2,0.2
0.3981088616802036,0.12607588798642258,0.00012122681537156017,0.3753235777683248,0.10037044574967753
0.2,0.2,0.2,0.2,0.2
0.2,0.2,0.2,0.2,0.2

4.422626155411093e-05,4.422626155411093e-05,0.334483216133741,0.5320127875752159,0.133415543767935
0.7440572663425176,0.255537547271745,0.0001350621285791464,0.0001350621285791464,0.0001350621285791464
0.2,0.2,0.2,0.2,0.2
0.7000065810515355,5.066637095045856e-05,0.03361531666658257,0.20928282599359346,0.05704460991733803
0.00022351363433169424,0.9991059454626732,0.00022351363433169424,0.00022351363433169424,0.00022351363433169424

Transition Gammas
1.0,1.0,1.0,1.0,1.0
1.0,1.0,1.0,1.0,1.0
3284.0,1040.0,1.0,3096.044193010912,827.9558069890901
1.0,1.0,1.0,1.0,1.0
1.0,1.0,1.0,1.0,1.0

1.0,1.0,7563.0,12029.341139863178,3016.658860136771
5509.0,1892.0,1.0,1.0,1.0
1.0,1.0,1.0,1.0,1.0
13816.0,1.0,663.464069677529,4130.606200278872,1125.8870301391053
1.0,4470.0,1.0,1.0,1.0

Iteration: ,65000
Error:,0.2808453612886404
Absolute Error:,1
Transition Probabilities
0.2,0.2,0.2,0.2,0.2
0.2,0.2,0.2,0.2,0.2
0.3985312973540039,0.12565567082410534,0.0001165637020631775,0.37477365483302083,0.10092281328680691
0.2,0.2,0.2,0.2,0.2
0.2,0.2,0.2,0.2,0.2

4.252966444094766e-05,4.252966444094766e-05,0.3341130438480848,0.5326621941306683,0.13313970269236505
0.7448607858443924,0.2547488940931564,0.00013010668748373666,0.00013010668748373666,0.00013010668748373666
0.2,0.2,0.2,0.2,0.2
0.6993538479854041,4.867440478740285e-05,0.03408772062835634,0.20929742068593754,0.05721233629551454
0.00021496130696474635,0.999140154772141,0.00021496130696474635,0.00021496130696474635,0.00021496130696474635

Transition Gammas
1.0,1.0,1.0,1.0,1.0
1.0,1.0,1.0,1.0,1.0
3419.0,1078.0,1.0,3215.183184812486,865.8168151875167
1.0,1.0,1.0,1.0,1.0
1.0,1.0,1.0,1.0,1.0

1.0,1.0,7856.0,12524.486170594373,3130.5138294055723
5725.0,1958.0,1.0,1.0,1.0
1.0,1.0,1.0,1.0,1.0
14368.0,1.0,700.3212628329538,4299.948229466683,1175.4090583213735
1.0,4648.0,1.0,1.0,1.0

Iteration: ,67500
Error:,0.28147266251806885
Absolute Error:,1
Transition Probabilities
0.2,0.2,0.2,0.2,0.2
0.2,0.2,0.2,0.2,0.2
0.40002245424946664,0.12551925451891768,0.00011227124733355785,0.37293620497711766,0.10140981500716456
0.2,0.2,0.2,0.2,0.2
0.2,0.2,0.2,0.2,0.2

4.094165813715465e-05,4.094165813715465e-05,0.3341658137154563,0.5330211469432753,0.13273115602499402
0.7467353088900051,0.25288799598191863,0.00012556504269211453,0.00012556504269211453,0.00012556504269211453
0.2,0.2,0.2,0.2,0.2
0.6986823395991825,4.685055586395645e-05,0.03383745200749578,0.20977089399135432,0.057662463846103504
0.0002068680182043856,0.9991725279271825,0.0002068680182043856,0.0002068680182043856,0.0002068680182043856

Transition Gammas
1.0,1.0,1.0,1.0,1.0
1.0,1.0,1.0,1.0,1.0
3563.0,1118.0,1.0,3321.7427777311877,903.2572222688149
1.0,1.0,1.0,1.0,1.0
1.0,1.0,1.0,1.0,1.0

1.0,1.0,8162.0,13019.041514089467,3241.958485910471
5947.0,2014.0,1.0,1.0,1.0
1.0,1.0,1.0,1.0,1.0
14913.0,1.0,722.2422740458445,4477.447281532414,1230.7743799997256
1.0,4830.0,1.0,1.0,1.0

Iteration: ,70000
Error:,0.27632583501890856
Absolute Error:,1
Transition Probabilities
0.2,0.2,0.2,0.2,0.2
0.2,0.2,0.2,0.2,0.2
0.40039020160416205,0.12616518534576196,0.00010838933448948621,0.3714672662654631,0.10186895745012348
0.2,0.2,0.2,0.2,0.2
0.2,0.2,0.2,0.2,0.2

3.950071101279832e-05,3.950071101279832e-05,0.33374150734713304,0.5332472409468745,0.13293225028396694
0.7450199203187251,0.25461789206809127,0.00012072920439454304,0.00012072920439454304,0.00012072920439454304
0.2,0.2,0.2,0.2,0.2
0.6978737757848066,4.517274747781776e-05,0.03406610011718632,0.2105868275916574,0.05742812375887176
0.00019952114924181964,0.9992019154030327,0.00019952114924181964,0.00019952114924181964,0.00019952114924181964

Transition Gammas
1.0,1.0,1.0,1.0,1.0
1.0,1.0,1.0,1.0,1.0
3694.0,1164.0,1.0,3427.156998565163,939.8430014348394
1.0,1.0,1.0,1.0,1.0
1.0,1.0,1.0,1.0,1.0

1.0,1.0,8449.0,13499.687151811044,3365.312848188899
6171.0,2109.0,1.0,1.0,1.0
