0,1,2,3,4,5,6,7,8,9,10,11,12,13,14,15,16,17,18,19,20,21,22,23,24,25,26,27,28,29
github Code Version (SHA):,ddb97f21bb9c22f159e8ea0ce9d830001061547e
Environment Observations,Environment Actions,alpha,epsilon,numActions,explore,patience,gainThresh,insertRandActions,useBudd,revisedSplitting,haveControl,confidence_factor
"['diamond', 'square']","['x', 'y']",0.99,0.99,75000,0.5,0,0.01,False,True,False,True,250

Model Num 0
Model States: 
['diamond'],['square']
Iteration: ,0
Error:,0.6744636155883387
Absolute Error:,1
Transition Probabilities
0.5,0.5
0.5,0.5

0.5,0.5
0.5,0.5

Transition Gammas
1.0,1.0
1.0,1.0

1.0,1.0
1.0,1.0

Iteration: ,2451
Error:,0.14793352787113043
Absolute Error:,1
Transition Probabilities
0.4613861386138614,0.5386138613861386
0.017467248908296942,0.982532751091703

0.028,0.972
0.9738562091503268,0.026143790849673203


Model Num 1
Model States: 
['square'],"['diamond', 'x', 'square']","['diamond', 'x', 'diamond']"
Iteration: ,0
Error:,0.7231952865560708
Absolute Error:,1
Transition Probabilities
0.3333333333333333,0.3333333333333333,0.3333333333333333
0.3333333333333333,0.3333333333333333,0.3333333333333333
0.3333333333333333,0.3333333333333333,0.3333333333333333

0.3333333333333333,0.3333333333333333,0.3333333333333333
0.3333333333333333,0.3333333333333333,0.3333333333333333
0.3333333333333333,0.3333333333333333,0.3333333333333333

Transition Gammas
1.0,1.0,1.0
1.0,1.0,1.0
1.0,1.0,1.0

1.0,1.0,1.0
1.0,1.0,1.0
1.0,1.0,1.0

Iteration: ,2500
Error:,0.11986063430336803
Absolute Error:,1
Transition Probabilities
0.9794050343249426,0.016985588022164114,0.0036093776528930946
0.9957264957264957,0.002136752136752137,0.002136752136752137
0.0034364261168384888,0.989683805876807,0.006879768006354612

0.02682563338301044,0.32110398688142827,0.6520703797355614
0.8808810552681969,0.08246662719615946,0.0366523175356437
0.9842219667172876,0.008830533969489312,0.006947499313223044

Transition Gammas
856.0,14.845403931371436,3.1545960686285652
466.0,1.0,1.0
1.0,287.9979875101508,2.0020124898491916

18.0,215.4607751974383,437.53922480256153
36.02750592278662,3.3728355059665653,1.4990577663146774
141.66564433393128,1.2710377606921563,1.0

Iteration: ,5000
Error:,0.16810042820532528
Absolute Error:,1
Transition Probabilities
0.9791883454734651,0.017443142344150224,0.0033685121823846384
0.9986953685583823,0.0006523157208088715,0.0006523157208088715
0.0025706940874036005,0.9871196574511489,0.010309648461447418

0.02779291553133515,0.6757858332022023,0.2964212512664625
0.8104380126139509,0.16538278633440656,0.024179201051642486
0.9839850603399141,0.009406426998230901,0.006608512661855092

Transition Gammas
941.0,16.762859792728364,3.2371402072716373
1531.0,1.0,1.0
1.0,383.9895467484967,4.010453251503043

51.0,1240.0670039260413,543.9329960739587
89.15643796911802,18.193791383779917,2.659958448580905
148.8965990819025,1.4233803398040852,1.0

Iteration: ,7500
Error:,0.16055891704207276
Absolute Error:,1
Transition Probabilities
0.9791469194312796,0.01775062331882595,0.0031024572498944305
0.999213217938631,0.0003933910306845004,0.0003933910306845004
0.0021551724137931047,0.9891845115839119,0.008660316002295046

0.02559840425531915,0.7667163875188421,0.20768520822583872
0.8713147245029802,0.11758849419605974,0.011096781300960036
0.9839850603399141,0.009406426998230901,0.006608512661855092

Transition Gammas
1033.0,18.726907601361376,3.273092398638624
2540.0,1.0,1.0
1.0,458.9816133749348,4.018386625064899

77.0,2306.282893656677,624.7171063433228
208.8588483413775,28.18659754659269,2.659958448580905
148.8965990819025,1.4233803398040852,1.0

Iteration: ,10000
Error:,0.14584839665362406
Absolute Error:,1
Transition Probabilities
0.9773727215587681,0.019165490896869853,0.0034617875443620784
0.999266862170088,0.00036656891495601173,0.00036656891495601173
0.001557632398753895,0.9906130604466361,0.007829307154609897

0.02541067761806982,0.7610653475685168,0.2135239748134133
0.9426026279004406,0.046314429149747115,0.011082942949812356
0.9839850603399141,0.009406426998230901,0.006608512661855092

Transition Gammas
1555.0,30.492296016919937,5.5077039830800665
2726.0,1.0,1.0
1.0,635.9735848067401,5.026415193259551

99.0,2965.110594126941,831.889405873058
771.4040258658247,37.90264958349553,9.070022252080456
148.8965990819025,1.4233803398040852,1.0

Iteration: ,12500
Error:,0.1413954753101368
Absolute Error:,1
Transition Probabilities
0.9764655541292255,0.020262200291799738,0.0032722455789747627
0.9993761696818465,0.00031191515907673113,0.00031191515907673113
0.0010449320794148381,0.9842756457127355,0.01467942220784957

0.02793417063663924,0.7239726765639882,0.24809315279937247
0.9484810180448858,0.039070377301032404,0.01244860465408174
0.9839850603399141,0.009406426998230901,0.006608512661855092

Transition Gammas
2282.0,47.352762081935985,7.647237918064021
3204.0,1.0,1.0
1.0,941.9517929470878,14.048207052912037

129.0,3343.3058203724977,1145.694179627502
965.5484646169914,39.773429406926866,12.67261113474781
148.8965990819025,1.4233803398040852,1.0

Iteration: ,13351
Error:,0.14423404256226646
Absolute Error:,1
Transition Probabilities
0.9766899766899767,0.020311865271166747,0.002998158038856564
0.999405646359584,0.00029717682020802375,0.00029717682020802375
0.0009372071227741331,0.9830785470662118,0.015984245811014174

0.027121430039038427,0.7140551153423769,0.2588234546185847
0.948708473851758,0.039653136076616254,0.011638390071625593
0.9839850603399141,0.009406426998230901,0.006608512661855092


Model Num 2
Model States: 
"['diamond', 'x', 'square']","['diamond', 'x', 'diamond']","['square', 'y', 'diamond', 'x', 'square']","['square', 'y', 'diamond', 'x', 'diamond']"
Iteration: ,0
Error:,0.6747140268174647
Absolute Error:,0.74
Transition Probabilities
0.25,0.25,0.25,0.25
0.25,0.25,0.25,0.25
0.25,0.25,0.25,0.25
0.25,0.25,0.25,0.25

0.25,0.25,0.25,0.25
0.25,0.25,0.25,0.25
0.25,0.25,0.25,0.25
0.25,0.25,0.25,0.25

Transition Gammas
1.0,1.0,1.0,1.0
1.0,1.0,1.0,1.0
1.0,1.0,1.0,1.0
1.0,1.0,1.0,1.0

1.0,1.0,1.0,1.0
1.0,1.0,1.0,1.0
1.0,1.0,1.0,1.0
1.0,1.0,1.0,1.0

Iteration: ,2500
Error:,0.045749699884473666
Absolute Error:,0.045272324203964806
Transition Probabilities
0.002141327623126339,0.002141327623126339,0.9865186439197311,0.009198700834016273
0.9772355174496967,0.017542550435420693,0.002610966057441252,0.002610966057441252
0.010867889531923226,0.024535659683776707,0.016500513686529623,0.9480959370977704
0.015362308984159445,0.007603858878206465,0.016901972649044184,0.9601318594885899

0.026301872431278336,0.013284112967916867,0.9516209711559173,0.008793043444887584
0.07663056923129676,0.07120726262939485,0.06477010275438506,0.7873920653849233
0.972937428097747,0.003452592800646435,0.014775017430501915,0.008834961671104619
0.0026496139127946904,0.9784014491666426,0.009482348657981905,0.00946658826258101

Transition Gammas
1.0,1.0,460.7042067105143,4.295793289485599
374.281203183234,6.718796816766129,1.0,1.0
4.078851884509659,9.20853321566199,6.192844631699944,355.8320029264087
3.9183487128286227,1.9394591450199907,4.311059154059226,244.89361850826717

6.2950677886211315,3.1794083049878656,227.7601542685613,2.104519543180209
2.465176551489538,2.2907108206374858,2.083629811827982,25.330106195049378
316.165628789272,1.1219541383087033,4.801287874617339,2.8710080745226265
1.052808677787225,388.7621253300893,3.767756088809816,3.761493787361558

Iteration: ,5000
Error:,0.030308154865380032
Absolute Error:,0.03099958940148368
Transition Probabilities
0.0010799136069114476,0.0010799136069114476,0.9856039110893076,0.012236261696869522
0.9845163723892731,0.012848581497419864,0.001317523056653491,0.001317523056653491
0.006654746035622587,0.014470762731199472,0.01816732801902261,0.9607071632141554
0.00992859293433841,0.005842426272157033,0.014761508927885483,0.969467471865619

0.020516189440763978,0.007815833966565424,0.9665830568638826,0.005084919728788048
0.0445751736060564,0.0414204947915355,0.04176576530917138,0.8722385662932367
0.9679172322231265,0.0016797714413136439,0.021121364942214102,0.009281631393345759
0.0013154021819603043,0.9771794638991258,0.011718273400611916,0.009786860518302062

Transition Gammas
1.0,1.0,912.6692216686984,11.330778331301172
747.2479266434585,9.752073356541679,1.0,1.0
5.006132518190094,10.885848307942767,13.666644989577945,722.70637293743
4.905194500809823,2.8864349068492805,7.292883583361842,478.9627838666258

10.089200926586198,3.843575315250128,475.33440364696,2.500599684333701
2.465176551489538,2.2907108206374858,2.309805592797408,48.23810850259461
649.1178131428455,1.1265111605265477,14.16469690325904,6.224573829116118
1.0544187515580916,783.301384552375,9.39329991917444,7.845090566903632

Iteration: ,7500
Error:,0.026716558524773906
Absolute Error:,0.02611556625179897
Transition Probabilities
0.0007429420505200593,0.0007429420505200593,0.984844228431679,0.013669887467280822
0.9857058053731713,0.012482600423930028,0.0009057971014492749,0.0009057971014492749
0.009382130104973184,0.012011941067687307,0.01602275227959634,0.9625831765477432
0.016502177901498563,0.0061957683895068364,0.011947943165031148,0.9653541105439634

0.01773095028389088,0.005602393086488217,0.9728820204734422,0.003784636156178633
0.03110100644415625,0.02715615244244194,0.04051637481757306,0.9012264662958287
0.9725494520783877,0.0011079186298964868,0.019547763166465837,0.0067948661252500075
0.0008813106312961474,0.9806435026762612,0.010615083651962459,0.007860103040480019

Transition Gammas
1.0,1.0,1325.6003314690402,18.39966853095999
1088.2192091319816,13.780790868018757,1.0,1.0
10.355679252105562,13.258376029791766,17.685374375216806,1062.4668937939248
12.816765494991763,4.81207456273882,9.27962276299226,749.7626875871196

13.68820757186986,4.3250202746736965,751.0601984643508,2.921720745945758
3.4215173128002956,2.9875317989369288,4.457330927188682,99.14669361976222
991.9225167462735,1.1299882318255927,19.937152188409303,6.930219017149518
1.0553371666004714,1174.284637911926,12.711173457664401,9.412185190286829

Iteration: ,10000
Error:,0.02214075558455862
Absolute Error:,0.020924797449997687
Transition Probabilities
0.0006020469596628536,0.0006020469596628536,0.9846779817357241,0.014117924344950235
0.985090549919148,0.013476785324404971,0.0007163323782234954,0.0007163323782234954
0.010014690365408505,0.010503795072908792,0.01276757226212873,0.9667139422995539
0.015206419045520515,0.007636455822738921,0.00991788505978911,0.9672392400719514

0.020687825023575947,0.004163947247202929,0.9718046365472816,0.0033435911819396638
0.012694385273729677,0.018482866965473212,0.029920018766415122,0.9389027289943819
0.9710895026094135,0.0008109054708641334,0.021719190901948786,0.006380401017773703
0.0006436879403434316,0.9829916861355839,0.009856813157675929,0.006507812766396804

Transition Gammas
1.0,1.0,1635.550127663038,23.449872336962343
1375.1864076871314,18.81359231286935,1.0,1.0
13.918798211049085,14.598574567518892,17.74485835082615,1343.5758670234616
15.668702357448744,7.868608184091166,10.219394096140007,996.6438328290557

23.21180016011062,4.671960985225427,1090.3676434085257,3.7515190815779778
3.4215173128002956,4.98168662356749,8.06434183311357,253.06242665706338
1357.5086424645342,1.1335836521369504,30.36176302751308,8.919311248595665
1.0570518660043011,1614.2499042967138,16.186667619744554,10.687004054567343

Iteration: ,12500
Error:,0.021085558829585346
Absolute Error:,0.0191248016993764
Transition Probabilities
0.0005136106831022085,0.0005136106831022085,0.9848478947253296,0.014124883908465868
0.9827678989710174,0.016077366617897135,0.0005773672055427247,0.0005773672055427247
0.010705038779413917,0.009313048715911433,0.01080884970711291,0.9691730627975618
0.015016230038289353,0.007092420834654267,0.009218209104488473,0.9686731400225679

0.018552927214011954,0.0036484070860567388,0.9747321720227181,0.003066493677213119
0.016997807020760203,0.00820649588979741,0.024231092359402937,0.9505646047300395
0.9705228726781145,0.0007180229683940039,0.02284220823990445,0.005916896113586875
0.0004565393416656074,0.9826302620264106,0.010542166945541278,0.0063710316863825325

Transition Gammas
1.0,1.0,1917.4988510302169,27.501148969783046
1702.1540010178035,27.845998982197862,1.0,1.0
18.59321696965977,16.17551687500125,18.773522631535638,1683.3236580513656
16.659591037823546,7.868608184091166,10.227040568127475,1074.6837469159316

25.135077548133676,4.942777707117751,1320.5446477442322,4.154414852627776
10.318380585625697,4.98168662356749,14.709287654836803,577.0325166564187
1534.1643922823189,1.1350224728977416,36.108064538507634,9.353196700300005
1.0593983928768336,2280.1910490014247,24.46307185444267,14.783962987497988

Iteration: ,15000
Error:,0.021113612876537343
Absolute Error:,0.018542928561745886
Transition Probabilities
0.00044843049327354244,0.00044843049327354244,0.986749762826113,0.012353376187339848
0.9850078693167907,0.014021256896801474,0.0004854368932038829,0.0004854368932038829
0.011937825372311611,0.008416154342752362,0.009947381098267259,0.9696986391866689
0.014825911100025397,0.00826725820008447,0.008595427462523432,0.9683114032373666

0.018009185150910833,0.0040238533745209654,0.9752472893130494,0.0027196721615187673
0.015158495092714448,0.005291290323657327,0.02784892253124822,0.95170129205238
0.9684292188832863,0.0006400255786659999,0.024266959380899962,0.006663796157147823
0.0003550218333683157,0.9842619756772033,0.009659485549052176,0.005723516940376175

Transition Gammas
1.0,1.0,2200.451971102233,27.54802889776787
2029.1162107925916,28.883789207411077,1.0,1.0
24.919038907805543,17.567896244115737,20.764181824389727,2024.1507448068526
17.651633532979165,9.842943957094011,10.233660151078926,1152.8652721869844

28.776330556633464,6.429593224032352,1558.31805473518,4.3456816324407495
14.271542028068742,4.98168662356749,26.21942784624857,896.0153962922633
1719.0649782686755,1.136113549681594,43.07643675691413,11.828947715232875
1.0608680891358226,2941.1490314243656,28.864252880545845,17.10288187649046

Iteration: ,15433
Error:,0.020780892135512964
Absolute Error:,0.01836356215391754
Transition Probabilities
0.000438788942518648,0.000438788942518648,0.9870317586263404,0.012090663488622314
0.9849224727357381,0.014131900786720539,0.00047281323877068485,0.00047281323877068485
0.011618412962896946,0.008190968929765903,0.009683911483496734,0.9705067066238403
0.014619225687534314,0.008152005811227787,0.00847668551252355,0.9687520829887144

0.01755892639456796,0.003923250532086074,0.9758651758099576,0.002652647263388442
0.01524886566479893,0.004978289756375807,0.028414813323501088,0.9513580312553241
0.96797741049908,0.0006270522373331001,0.0247914367632284,0.006604100500358568
0.0003419526584464747,0.9845663410412514,0.00951237406165868,0.005579332238643507

*,*,*,*,*,*,*,*,*,*,*
Model Num 2
Model States: 
"['diamond', 'x', 'square']","['diamond', 'x', 'diamond']","['square', 'y', 'diamond', 'x', 'square']","['square', 'y', 'diamond', 'x', 'diamond']"
Iteration: ,15433
Error:,0.020721585562522668
Absolute Error:,0.01836356215391754
Transition Probabilities
0.000438788942518648,0.000438788942518648,0.9870317586263404,0.012090663488622314
0.9849224727357381,0.014131900786720539,0.00047281323877068485,0.00047281323877068485
0.011618412962896946,0.008190968929765903,0.009683911483496734,0.9705067066238403
0.014619225687534314,0.008152005811227787,0.00847668551252355,0.9687520829887144

0.01755892639456796,0.003923250532086074,0.9758651758099576,0.002652647263388442
0.01524886566479893,0.004978289756375807,0.028414813323501088,0.9513580312553241
0.96797741049908,0.0006270522373331001,0.0247914367632284,0.006604100500358568
0.0003419526584464747,0.9845663410412514,0.00951237406165868,0.005579332238643507

Transition Gammas
1.0,1.0,2249.4453779094324,27.554622090570287
2083.111029836089,29.888970163913985,1.0,1.0
24.919038907805543,17.567896244115737,20.769942315497676,2081.5316566795204
17.651633532979165,9.842943957094011,10.234970677617031,1169.6964749513427

28.776330556633464,6.429593224032352,1599.2901984316068,4.347273448622094
15.259270517473645,4.98168662356749,28.434201778544868,952.0071772556703
1754.060736949431,1.1362741501944713,44.92427753714089,11.967214590859571
1.0610901499199992,3055.1411741259317,29.51720412128463,17.31284824177613

