0,1,2,3,4,5,6,7,8,9,10,11,12,13,14,15,16,17,18,19,20,21,22,23,24,25,26,27,28,29
github Code Version (SHA):,528ca1c557fe8e6666681dc5c9134b0f84d30530
Environment Observations,Environment Actions,alpha,epsilon,numActions,explore,patience,gainThresh,insertRandActions,useUpdatedPosterior,revisedSplitting,haveControl,confidence_factor
"['diamond', 'square']","['x', 'y']",0.9,0.99,75000,0.5,0,0.01,False,True,False,True,250

Model Num 0
Model States: 
['diamond'],['square']
Iteration: ,0
Error:,0.561238578001494
Absolute Error:,1
Transition Probabilities
0.5,0.5
0.5,0.5

0.5,0.5
0.5,0.5

Transition Gammas
1.0,1.0
1.0,1.0

1.0,1.0
1.0,1.0

Iteration: ,2493
Error:,0.11714640775853843
Absolute Error:,1
Transition Probabilities
0.43866171003717475,0.5613382899628253
0.08689248895434462,0.9131075110456554

0.082,0.918
0.8964194373401535,0.10358056265984655


Model Num 1
Model States: 
['square'],"['diamond', 'x', 'square']","['diamond', 'x', 'diamond']"
Iteration: ,0
Error:,0.6172496100876053
Absolute Error:,1
Transition Probabilities
0.3333333333333333,0.3333333333333333,0.3333333333333333
0.3333333333333333,0.3333333333333333,0.3333333333333333
0.3333333333333333,0.3333333333333333,0.3333333333333333

0.3333333333333333,0.3333333333333333,0.3333333333333333
0.3333333333333333,0.3333333333333333,0.3333333333333333
0.3333333333333333,0.3333333333333333,0.3333333333333333

Transition Gammas
1.0,1.0,1.0
1.0,1.0,1.0
1.0,1.0,1.0

1.0,1.0,1.0
1.0,1.0,1.0
1.0,1.0,1.0

Iteration: ,2500
Error:,0.0880486680667958
Absolute Error:,1
Transition Probabilities
0.9066511085180864,0.042473650325731103,0.05087524115618256
0.9956709956709957,0.0021645021645021645,0.0021645021645021645
0.0027855153203342614,0.8475631193274956,0.1496513653521702

0.08186195826645265,0.2908286873808754,0.6273093543526721
0.8717385567577398,0.05086926443967338,0.07739217880258686
0.9079989697823213,0.0685742262857243,0.023426803931954465

Transition Gammas
777.0,36.399918329151554,43.60008167084845
460.0,1.0,1.0
1.0,304.27515983857097,53.72484016142911

51.0,181.18627223828537,390.8137277617147
42.83265978571548,2.4994488088240443,3.802645688927229
106.48437940864255,8.041951778000074,2.7473474764185664

Iteration: ,3150
Error:,0.0929852337273608
Absolute Error:,1
Transition Probabilities
0.9174950298210736,0.03717685718603534,0.045328112992891106
0.9967532467532467,0.0016233766233766235,0.0016233766233766235
0.002212389380530973,0.8552997143383696,0.14248789628109954

0.09210526315789473,0.3277025739333553,0.5801921629087501
0.8684911460260145,0.05286274110922829,0.0786461128647572
0.9057026148618041,0.07316952403219235,0.021127861106003565


Model Num 2
Model States: 
"['diamond', 'x', 'square']","['diamond', 'x', 'diamond']","['square', 'y', 'diamond', 'x', 'diamond']","['square', 'y', 'diamond', 'x', 'square']"
Iteration: ,0
Error:,0.5648235425134558
Absolute Error:,0.65
Transition Probabilities
0.25,0.25,0.25,0.25
0.25,0.25,0.25,0.25
0.25,0.25,0.25,0.25
0.25,0.25,0.25,0.25

0.25,0.25,0.25,0.25
0.25,0.25,0.25,0.25
0.25,0.25,0.25,0.25
0.25,0.25,0.25,0.25

Transition Gammas
1.0,1.0,1.0,1.0
1.0,1.0,1.0,1.0
1.0,1.0,1.0,1.0
1.0,1.0,1.0,1.0

1.0,1.0,1.0,1.0
1.0,1.0,1.0,1.0
1.0,1.0,1.0,1.0
1.0,1.0,1.0,1.0

Iteration: ,2500
Error:,0.03455625595961709
Absolute Error:,0.09605439132161375
Transition Probabilities
0.0018726591760299621,0.0018726591760299621,0.06521300291949662,0.9310416787284433
0.8757671915260901,0.11907816929865224,0.0025773195876288655,0.0025773195876288655
0.04198306821332932,0.030475708196971703,0.8223203480391021,0.10522087555059696
0.02120316281634964,0.043254029973378315,0.8609793384778714,0.07456346873240073

0.04628159754251446,0.037017687885797804,0.14236964022556892,0.7743310743461188
0.10282263421791392,0.035386997761800223,0.6296057744047163,0.23218459361556942
0.0028139055925698706,0.9448861244694325,0.014831093965815742,0.037468875972182
0.9322432558574074,0.0029029350799835733,0.020767712787516535,0.044086096275092586

Transition Gammas
1.0,1.0,34.823743559011206,497.1762564409889
339.797670312123,46.202329687877075,1.0,1.0
8.17209726707628,5.932164138246927,160.06647810314124,20.481476607595887
6.721547468173388,13.711823003673468,272.9363323208142,23.637128989550334

8.43559955350065,6.747096210631304,25.94926141898275,141.1348616264926
2.9056614214645116,1.0,17.79200876668795,6.5612967559008215
1.0264662955810004,344.67885578358954,5.410138180435989,13.668027250205133
362.0427630035717,1.1273738164087104,8.065277031091918,17.12112370370136

Iteration: ,5000
Error:,0.026353223726939188
Absolute Error:,0.07478125789736359
Transition Probabilities
0.0009652509652509655,0.0009652509652509655,0.06519035800609196,0.9328791400634061
0.8934108683499897,0.10395755270264183,0.0013157894736842098,0.0013157894736842098
0.0429427814887688,0.02595045842840574,0.8358157323143746,0.09529102776845089
0.03607715756400364,0.03724604315487747,0.8583821052898621,0.06829469399125684

0.05207040649808954,0.033643227992053396,0.10125134586427675,0.8130350196455803
0.05942066332819374,0.041117441472869005,0.7286505856001498,0.17081130959878743
0.0013879720617564208,0.9369684714278488,0.017165561475446112,0.0444779950349486
0.9197801959675426,0.0015502284279474935,0.021839324349708682,0.05683025125480134

Transition Gammas
1.0,1.0,67.53721089431126,966.4627891056886
678.9922599459926,79.00774005400784,1.0,1.0
17.849841101266247,10.786715331264826,347.4199270406369,39.609211259127605
23.859364577719127,24.632398523445712,567.6847340527595,45.16619691477523

19.329412967961744,12.4889335645488,37.586207010777564,301.81230969880966
3.5828094796496766,2.4792042167936854,43.93448472665951,10.299184576277506
1.0316748436924863,696.4454313884837,12.75910260734231,33.06034021849684
681.9407543100044,1.1493658464729888,16.19204825887199,42.134919384254594

Iteration: ,7500
Error:,0.02689116988815303
Absolute Error:,0.0729125374964685
Transition Probabilities
0.0007032348804500701,0.0007032348804500701,0.0568990792622281,0.9416944509768718
0.9043553826382522,0.09384443734374598,0.0009000900090009003,0.0009000900090009003
0.039417583395738025,0.02600089186024337,0.8425054378959107,0.09207608684810789
0.03794126196066066,0.03702906571882872,0.8574290321655618,0.0676006401549488

0.05160105323978443,0.034509884870899676,0.08109979542439946,0.8327892664649164
0.0760003606450498,0.031068528076026305,0.7211612680917489,0.17176984318717503
0.0009332284279018207,0.9328592732193467,0.015268520664504527,0.05093897768824688
0.9269152040554868,0.001057635317053636,0.018612574618815877,0.05341458600864366

Transition Gammas
1.0,1.0,80.91049071088838,1339.0895092891121
1004.738830111098,104.26116988890176,1.0,1.0
25.502374500222157,16.822048041417972,545.0838774154356,59.57135488852214
38.13201008671961,37.21522781599101,861.739721179641,67.94049957879484

35.078818151554024,23.46010206791687,55.132304424114636,566.1369565682709
7.3157740041521535,2.9906480458348836,69.41878713638256,16.534518294655964
1.0355387017332218,1035.1290764483522,16.942415804730803,56.52344189889398
1025.669417458554,1.1703165454399636,20.59557172345397,59.10541447111252

Iteration: ,10000
Error:,0.028243599584599245
Absolute Error:,0.06861794883889072
Transition Probabilities
0.0005500550055005495,0.0005500550055005495,0.0489318767542033,0.9499680132347955
0.910056757140947,0.08849081003407107,0.0007262164124909225,0.0007262164124909225
0.042092654074526635,0.026484674485652036,0.8456768470229648,0.08574582441685658
0.04089471042265371,0.034487117815347225,0.8692096000609351,0.05540857170106392

0.045666277051057844,0.033293383263999936,0.07194946247281589,0.8490908772121263
0.0502031076218539,0.05105838036755533,0.7242632565255769,0.17447525548501386
0.0007251373189778905,0.9361137729786572,0.014496670213840927,0.048664419488523875
0.9233711674136402,0.0007386313633329397,0.01785812231881767,0.05803207890420918

Transition Gammas
1.0,1.0,88.9581519391417,1727.0418480608603
1253.1481545830836,121.85184541691582,1.0,1.0
37.66449491846722,23.69847921245193,756.7114026824414,76.72533935043381
51.489907614485645,43.422205264435284,1094.4085810170977,69.76408949842984

46.24603132638152,33.716057993225455,72.8628938092311,859.8704742800387
8.826835988512444,8.977212182524484,127.34177784393309,30.676675950426993
1.041536736929577,1344.5686202957004,20.822007357379487,69.89818252643909
1482.6898293324925,1.1860465744314779,28.675420315810275,93.18416710725269

Iteration: ,12500
Error:,0.026929195273152892
Absolute Error:,0.060089177360456714
Transition Probabilities
0.00046104195481788825,0.00046104195481788825,0.04690948123817575,0.9521684348521884
0.9064737667800837,0.09236479303408583,0.0005807200929152148,0.0005807200929152148
0.046928322057977354,0.027554780206780535,0.8425163836274616,0.0830005141077804
0.04572522770548384,0.03354384966194946,0.8757040074513666,0.045026915181200104

0.04773560437220568,0.03441767892582882,0.0655654277031421,0.8522812889988235
0.03532898563082844,0.038180981867922514,0.7881746446390602,0.13831538786218894
0.0005263824618973613,0.9361501028051876,0.01247796546345637,0.05084554926945869
0.9243115822796197,0.0006603754706053184,0.017307228701428763,0.05772081354834626

Transition Gammas
1.0,1.0,101.74666480560325,2065.2533351943976
1560.9478263953047,159.05217360469584,1.0,1.0
49.14717329948705,28.857617290872454,882.3519976409882,86.92492021687727
74.76216130760302,54.845231508904845,1431.8031324957556,73.62039873574909

57.439280595252164,41.41409212803546,78.8935439011911,1025.5327181610087
14.46692715052602,15.63479599982609,322.750992203272,56.63900630798033
1.0522004859230498,1871.2963754871432,24.942550852957364,101.63657705370254
1667.5996788505408,1.1914185041219787,31.224891668147865,104.13718921364263

Iteration: ,15000
Error:,0.028554469490932984
Absolute Error:,0.059221938975430294
Transition Probabilities
0.0003966679888932961,0.0003966679888932961,0.04538681644628437,0.9538198475759291
0.9116546944984637,0.08735373386048526,0.0004957858205255329,0.0004957858205255329
0.04637201125696116,0.027445449867063352,0.8471719474269946,0.0790105914489809
0.04719480844667264,0.033616217949549256,0.8815368686135953,0.03765210499018279

0.04458001798638513,0.03420399558739912,0.0611709225346238,0.860045063891592
0.03829935686074326,0.037334962007510915,0.7806703541135694,0.14369532701817636
0.00040642825653690377,0.9355088100945473,0.010256481361901847,0.05382828028701392
0.9235922133643459,0.0005868541192685271,0.016320132927198156,0.05950079958918742

Transition Gammas
1.0,1.0,114.42016426108295,2404.5798357389185
1838.8075188034015,176.19248119659878,1.0,1.0
51.92962688363451,30.73474564975111,948.7042279099288,88.47989169727762
94.39767363185139,67.23817460397936,1763.2242264921683,75.31063766116553

61.42840939009073,47.130915118995496,84.2896131933816,1185.0870112882021
27.572085008896604,26.877807635724324,562.0122929429011,103.44768415647664
1.0621316027488028,2444.794267795022,26.80358172018701,140.67111893650187
1881.7505008991811,1.1956716578040925,33.25105806016737,121.22845754946412

Iteration: ,17199
Error:,0.029354313625825638
Absolute Error:,0.05893145081516172
Transition Probabilities
0.00035561877667140783,0.00035561877667140783,0.04408539115785093,0.9552033712888063
0.9058898696826551,0.093239429403109,0.00043535045711798006,0.00043535045711798006
0.04511407593895716,0.029945785543079667,0.8499864985785909,0.07495363993937237
0.04602860035058551,0.03317237646657929,0.8868410362788761,0.03395798690395907

0.04294931165210406,0.0332096481975106,0.06027464674678312,0.8635663934036022
0.04355533084415097,0.03905975086149314,0.7700325841383374,0.14735233415601845
0.00033869602515364987,0.9362200452760324,0.009114619244330633,0.05432663945448326
0.9228413633066879,0.0005373099856983191,0.016888173816035423,0.05973315289157835

*,*,*,*,*,*,*,*,*,*,*
Model Num 2
Model States: 
"['diamond', 'x', 'square']","['diamond', 'x', 'diamond']","['square', 'y', 'diamond', 'x', 'diamond']","['square', 'y', 'diamond', 'x', 'square']"
Iteration: ,17199
Error:,0.028587239297553697
Absolute Error:,0.05893145081516172
Transition Probabilities
0.00035561877667140783,0.00035561877667140783,0.04408539115785093,0.9552033712888063
0.9058898696826551,0.093239429403109,0.00043535045711798006,0.00043535045711798006
0.04511407593895716,0.029945785543079667,0.8499864985785909,0.07495363993937237
0.04602860035058551,0.03317237646657929,0.8868410362788761,0.03395798690395907

0.04294931165210406,0.0332096481975106,0.06027464674678312,0.8635663934036022
0.04355533084415097,0.03905975086149314,0.7700325841383374,0.14735233415601845
0.00033869602515364987,0.9362200452760324,0.009114619244330633,0.05432663945448326
0.9228413633066879,0.0005373099856983191,0.016888173816035423,0.05973315289157835

Transition Gammas
1.0,1.0,123.96811993587696,2686.031880064126
2080.8290306610584,214.17096933894135,1.0,1.0
53.54463046517289,35.541812339525485,1008.8251176497198,88.96037143714771
106.44572346361372,76.71442505523568,2050.9082393317885,78.53122745049671

65.871516296053,50.933758849225676,92.44344606917711,1324.4549346117951
43.56886038006019,39.07188394122514,770.271778360869,147.39810602039495
1.0688376936630473,2954.470084200115,28.76339811578151,171.440925510277
2059.0966508474407,1.198876899117291,37.6818633474835,133.28004135281887

