0,1,2,3,4,5,6,7,8,9,10,11,12,13,14,15,16,17,18,19,20,21,22,23,24,25,26,27,28,29
github Code Version (SHA):,ddb97f21bb9c22f159e8ea0ce9d830001061547e
Environment Observations,Environment Actions,alpha,epsilon,numActions,explore,patience,gainThresh,insertRandActions,useBudd,revisedSplitting,haveControl,confidence_factor
"['square', 'diamond']","['x', 'y']",0.99,0.99,75000,0.5,0,0.01,False,True,False,True,250

Model Num 0
Model States: 
['square'],['diamond']
Iteration: ,0
Error:,0.6759657467678928
Absolute Error:,1
Transition Probabilities
0.5,0.5
0.5,0.5

0.5,0.5
0.5,0.5

Transition Gammas
1.0,1.0
1.0,1.0

1.0,1.0
1.0,1.0

Iteration: ,1804
Error:,0.23907282186456683
Absolute Error:,1
Transition Probabilities
0.9781144781144782,0.021885521885521887
0.9920792079207921,0.007920792079207921

0.21462639109697934,0.7853736089030207
0.07317073170731707,0.926829268292683


Model Num 1
Model States: 
['diamond'],"['square', 'y', 'diamond']","['square', 'y', 'square']"
Iteration: ,0
Error:,0.61862753232919
Absolute Error:,1
Transition Probabilities
0.3333333333333333,0.3333333333333333,0.3333333333333333
0.3333333333333333,0.3333333333333333,0.3333333333333333
0.3333333333333333,0.3333333333333333,0.3333333333333333

0.3333333333333333,0.3333333333333333,0.3333333333333333
0.3333333333333333,0.3333333333333333,0.3333333333333333
0.3333333333333333,0.3333333333333333,0.3333333333333333

Transition Gammas
1.0,1.0,1.0
1.0,1.0,1.0
1.0,1.0,1.0

1.0,1.0,1.0
1.0,1.0,1.0
1.0,1.0,1.0

Iteration: ,2500
Error:,0.1288204318723103
Absolute Error:,1
Transition Probabilities
0.00970873786407768,0.981230896217969,0.009060365917953195
0.025070839425244983,0.9614729153656493,0.013456245209105827
0.012103850009532147,0.9264355981026027,0.061460551887865186

0.6624472573839663,0.005023447207919594,0.3325292954081141
0.9973684210526316,0.0013157894736842105,0.0013157894736842105
0.0196078431372549,0.19803798230112712,0.7823541745616179

Transition Gammas
6.0,606.4006938627043,5.599306137295069
10.792632141231659,413.9001217027504,5.7927180690189815
1.962049249540832,150.1763710367875,9.962832455209217

314.0,2.3811139765538876,157.6188860234461
758.0,1.0,1.0
1.0,10.099937097357483,39.90006290264252

Iteration: ,4152
Error:,0.13361662882346867
Absolute Error:,1
Transition Probabilities
0.011224489795918374,0.9789642252816249,0.00981128492245672
0.020966542767971007,0.963580696898727,0.015452760333302014
0.014067143689049929,0.9464392446916137,0.03949361161933654

0.6555142503097894,0.0029666529760253328,0.34151909671418534
0.998371335504886,0.0008143322475570033,0.0008143322475570033
0.010752688172043008,0.19011927166056897,0.799128040167388


Model Num 2
Model States: 
"['square', 'y', 'diamond']","['square', 'y', 'square']","['diamond', 'y', 'diamond']","['diamond', 'y', 'square', 'y', 'square']"
Iteration: ,0
Error:,0.6761762645667887
Absolute Error:,0.74
Transition Probabilities
0.25,0.25,0.25,0.25
0.25,0.25,0.25,0.25
0.25,0.25,0.25,0.25
0.25,0.25,0.25,0.25

0.25,0.25,0.25,0.25
0.25,0.25,0.25,0.25
0.25,0.25,0.25,0.25
0.25,0.25,0.25,0.25

Transition Gammas
1.0,1.0,1.0,1.0
1.0,1.0,1.0,1.0
1.0,1.0,1.0,1.0
1.0,1.0,1.0,1.0

1.0,1.0,1.0,1.0
1.0,1.0,1.0,1.0
1.0,1.0,1.0,1.0
1.0,1.0,1.0,1.0

Iteration: ,2500
Error:,0.023299101039312285
Absolute Error:,0.030809943940067468
Transition Probabilities
0.9636746622513052,0.019457923294829416,0.010729363377414848,0.0061380510764505606
0.9535542567949716,0.02694346601885895,0.01281865557738559,0.006683621608783919
0.9654330630089395,0.019811792384544072,0.008615890477699353,0.006139254128817189
0.9550430844860773,0.02654267388852687,0.012203586254070616,0.006210655371325197

0.0014285714285714284,0.0014285714285714284,0.9819130242849855,0.01522983285787153
0.05922199619604764,0.9225961856221342,0.009090909090909092,0.009090909090909092
0.003236245954692559,0.003236245954692559,0.03613431809205255,0.9573931899985624
0.008097305414696006,0.9779166805992899,0.006993006993006993,0.006993006993006993

Transition Gammas
487.3048026647837,9.839357454207574,5.425555437075952,3.103850174464886
142.67029353393784,4.031267416971754,1.9179206016897683,1.0
377.9551295251485,7.756072216429127,3.3730147912317765,2.4034422254123875
153.77492831039106,4.273731563189817,1.964943395573836,1.0

1.0,1.0,687.33911699949,10.660883000510072
6.51441958156524,101.48558041843475,1.0,1.0
1.0,1.0,11.16550429044423,295.83449570955554
1.157914674301529,139.84208532569846,1.0,1.0

Iteration: ,5000
Error:,0.018585351821008723
Absolute Error:,0.025153304282141645
Transition Probabilities
0.9674162948299524,0.014977171472608979,0.011143932992637244,0.006462600704801326
0.9521273388428855,0.027658712217865148,0.016725231990978067,0.003488716948271228
0.975962099090604,0.0132576004076631,0.007810357720649095,0.0029699427810836727
0.9531544556546664,0.029729142222886817,0.01050973836508507,0.00660666375736162

0.000701754385964912,0.000701754385964912,0.9875554534045412,0.011041037823528957
0.04501763681499622,0.9447782815523507,0.005102040816326532,0.005102040816326532
0.0015974440894568696,0.0015974440894568696,0.030925006394784352,0.9658801054263019
0.0116491949472254,0.9809978638763039,0.003676470588235294,0.003676470588235294

Transition Gammas
950.9314779638663,14.72195980187593,10.95403987678493,6.352477700189319
272.91619038188105,7.92804708091063,4.794092567259136,1.0
789.8025962980266,10.728784685809835,6.320574140668881,2.4034422254123875
327.9454292400478,10.22870558846274,3.616014843020524,2.273110269693378

1.0,1.0,1407.2665211014717,15.733478898528768
8.823456815739258,185.17654318426068,1.0,1.0
1.0,1.0,19.359054003134997,604.6409459968647
3.168581025645309,266.8314189743547,1.0,1.0

Iteration: ,7500
Error:,0.01770422239236178
Absolute Error:,0.0225775819229189
Transition Probabilities
0.967458695880058,0.016418040707427573,0.010791670698789006,0.005331592713725399
0.9528244559967861,0.02115866362424815,0.02061903304548521,0.005397847333480323
0.9704878674444902,0.0171361241558141,0.009144607212316039,0.003231401187379545
0.9586648638230446,0.023420256970047165,0.0104808816056284,0.007433997601279772

0.0004861448711716091,0.0004861448711716091,0.9821198367155742,0.0169078735420824
0.027183910078592756,0.9692318605307262,0.0017921146953405022,0.0017921146953405022
0.001016260162601627,0.001016260162601627,0.027920483395172307,0.9700469962796244
0.01127567269926241,0.9850746922642414,0.0018248175182481751,0.0018248175182481751

Transition Gammas
1152.7061651973072,19.561741317231796,12.858042829371021,6.352477700189319
534.9080400290017,11.878304778648216,11.575360481396913,3.030308384042434
1051.0056256026962,18.557844454265695,9.90330116066173,3.4994984898246457
419.56896912669197,10.250102454384646,4.587059416442868,3.2535611012390144

1.0,1.0,2020.2205041239363,34.7794958760635
15.168621823854755,540.8313781761451,1.0,1.0
1.0,1.0,27.473755660849527,954.5262443391496
6.179068639195801,539.8209313608043,1.0,1.0

Iteration: ,10000
Error:,0.016261610999441956
Absolute Error:,0.02137634844983263
Transition Probabilities
0.9680748776032001,0.016801241731161612,0.01057543946865333,0.004548441196984913
0.9529860433587306,0.02151908151142286,0.019664755259711824,0.005830119870134842
0.9703790088574602,0.014907905006087149,0.011747832402219405,0.0029652537342333926
0.965871562153916,0.021422575905055783,0.00886081225721393,0.003845049683814189

0.0003548616039744502,0.0003548616039744502,0.9837331659312682,0.01555711086078285
0.029827912352757918,0.9670713124534437,0.0015503875968992244,0.0015503875968992244
0.000657462195923735,0.000657462195923735,0.022187722509397594,0.976497353098755
0.013714787583263013,0.9833001377898714,0.0014925373134328356,0.0014925373134328356

Transition Gammas
1352.0399199981637,23.465074914773787,14.769948754939373,6.352477700189319
656.9096461747753,14.83347245239112,13.555253521071936,4.018801752383207
1273.296701164822,19.56162086387177,15.415086380728212,3.8909001157821383
817.2903868174837,18.12711548213063,7.497742930815734,3.2535611012390144

1.0,1.0,2772.160061594312,43.83993840568604
19.239003467528864,623.7609965324714,1.0,1.0
1.0,1.0,33.74752593679371,1485.252474063205
9.18890768078622,658.8110923192139,1.0,1.0

Iteration: ,12500
Error:,0.01654906265726633
Absolute Error:,0.02045323723680255
Transition Probabilities
0.9673130036731477,0.018911935260981904,0.009720268452848508,0.004054792613022099
0.9591109231808268,0.0185258000611856,0.017166759337124776,0.005196517420862764
0.9717331980052756,0.014899155454950328,0.01067355072246134,0.002694095817312538
0.960718802768419,0.024780430418370303,0.010206599812250403,0.004294167000960259

0.00029559562518474767,0.00029559562518474767,0.9834822002326625,0.015926608516967967
0.025479563890567682,0.972666867990804,0.00092678405931418,0.00092678405931418
0.000510986203372509,0.000510986203372509,0.021889335356822148,0.9770886922364329
0.011900413575044407,0.9859741879127346,0.0010626992561105207,0.0010626992561105207

Transition Gammas
1551.2584640539515,30.328652187902918,15.588179475619754,6.502581209028545
921.5827761114758,17.80092149660013,16.49505739573597,4.993187789946012
1403.408441649147,21.517841092434004,15.415086380728212,3.8909001157821383
970.6639647776705,25.036952300173297,10.312256418953554,4.338619328109752

1.0,1.0,3327.120283387093,53.879716612902556
27.492449437922524,1049.5075505620773,1.0,1.0
1.0,1.0,42.83742929330094,1912.1625707066992
11.198289174116788,927.8017108258833,1.0,1.0

Iteration: ,12875
Error:,0.016195524358136586
Absolute Error:,0.02027244484782774
Transition Probabilities
0.9678821394788337,0.018583028431855147,0.009550752678570291,0.003984079410740879
0.9612264169497883,0.017571461264225232,0.016275420014485967,0.004926701771500467
0.9719603921969034,0.014779553318877066,0.010587642611495175,0.0026724118727241538
0.9607561420910574,0.024757110141626553,0.01019673227951649,0.004290015487799529

0.0002894356005788715,0.0002894356005788715,0.9829567097358919,0.016464419062950354
0.02525665474234743,0.9730324812713396,0.0008554319931565439,0.0008554319931565439
0.0004962779156327543,0.0004962779156327543,0.02175579938555535,0.9772516447831792
0.013200188181076015,0.9847998118189241,0.0009999999999999998,0.0009999999999999998

*,*,*,*,*,*,*,*,*,*,*
Model Num 2
Model States: 
"['square', 'y', 'diamond']","['square', 'y', 'square']","['diamond', 'y', 'diamond']","['diamond', 'y', 'square', 'y', 'square']"
Iteration: ,12875
Error:,0.01512977317021003
Absolute Error:,0.02027244484782774
Transition Probabilities
0.9678821394788337,0.018583028431855147,0.009550752678570291,0.003984079410740879
0.9612264169497883,0.017571461264225232,0.016275420014485967,0.004926701771500467
0.9719603921969034,0.014779553318877066,0.010587642611495175,0.0026724118727241538
0.9607561420910574,0.024757110141626553,0.01019673227951649,0.004290015487799529

0.0002894356005788715,0.0002894356005788715,0.9829567097358919,0.016464419062950354
0.02525665474234743,0.9730324812713396,0.0008554319931565439,0.0008554319931565439
0.0004962779156327543,0.0004962779156327543,0.02175579938555535,0.9772516447831792
0.013200188181076015,0.9847998118189241,0.0009999999999999998,0.0009999999999999998

Transition Gammas
1579.7205737821946,30.330131262457314,15.588179475619754,6.502581209028545
974.1982021829353,17.80858876897628,16.49505739573597,4.993187789946012
1415.1264784943355,21.518301990257175,15.415086380728212,3.8909001157821383
971.6410534019981,25.03759645485509,10.312256418953554,4.338619328109752

1.0,1.0,3396.115432137503,56.88456786249341
29.52502939380415,1137.4749706061962,1.0,1.0
1.0,1.0,43.83793576189403,1969.162064238106
13.200188181076017,984.7998118189241,1.0,1.0

