0,1,2,3,4,5,6,7,8,9,10,11,12,13,14,15,16,17,18,19,20,21,22,23,24,25,26,27,28,29
github Code Version (SHA):,528ca1c557fe8e6666681dc5c9134b0f84d30530
Environment Observations,Environment Actions,alpha,epsilon,numActions,explore,patience,gainThresh,insertRandActions,useUpdatedPosterior,revisedSplitting,haveControl,confidence_factor
"['diamond', 'square']","['x', 'y']",0.99,0.99,75000,0.5,0,0.01,False,True,False,True,250

Model Num 0
Model States: 
['diamond'],['square']
Iteration: ,0
Error:,0.6757553883417944
Absolute Error:,1
Transition Probabilities
0.5,0.5
0.5,0.5

0.5,0.5
0.5,0.5

Transition Gammas
1.0,1.0
1.0,1.0

1.0,1.0
1.0,1.0

Iteration: ,2455
Error:,0.15214423632657428
Absolute Error:,1
Transition Probabilities
0.47058823529411764,0.5294117647058824
0.017569546120058566,0.9824304538799414

0.026,0.974
0.96875,0.03125


Model Num 1
Model States: 
['square'],"['diamond', 'x', 'square']","['diamond', 'x', 'diamond']"
Iteration: ,0
Error:,0.7226488322635032
Absolute Error:,1
Transition Probabilities
0.3333333333333333,0.3333333333333333,0.3333333333333333
0.3333333333333333,0.3333333333333333,0.3333333333333333
0.3333333333333333,0.3333333333333333,0.3333333333333333

0.3333333333333333,0.3333333333333333,0.3333333333333333
0.3333333333333333,0.3333333333333333,0.3333333333333333
0.3333333333333333,0.3333333333333333,0.3333333333333333

Transition Gammas
1.0,1.0,1.0
1.0,1.0,1.0
1.0,1.0,1.0

1.0,1.0,1.0
1.0,1.0,1.0
1.0,1.0,1.0

Iteration: ,2500
Error:,0.1182956171002366
Absolute Error:,1
Transition Probabilities
0.9776035834266518,0.01676704700220938,0.005629369571138888
0.9957983193277311,0.0021008403361344537,0.0021008403361344537
0.003355704697986577,0.9764318295207919,0.020212465781221555

0.036418816388467376,0.31655539365515756,0.647025789956375
0.9452184903571409,0.027390754821429553,0.027390754821429553
0.9784193306706986,0.012943527917322154,0.008637141411979181

Transition Gammas
873.0,14.972972972972974,5.027027027027027
474.0,1.0,1.0
1.0,290.976685197196,6.023314802804023

24.0,208.61000441874884,426.3899955812511
34.508668947583566,1.0,1.0
129.976189899994,1.7194574859886511,1.1473840480920992

Iteration: ,5000
Error:,0.14355609904550198
Absolute Error:,1
Transition Probabilities
0.9792315680166147,0.015548258538912745,0.00522017344447251
0.9987204094689699,0.0006397952655150352,0.0006397952655150352
0.002570694087403599,0.9767337810087973,0.020695524903799153

0.026129559063690806,0.6870574130396063,0.2868130278967029
0.9140633639793417,0.06437762434086676,0.02155901167979151
0.9718440928620875,0.02000658855712567,0.008149318580786742

Transition Gammas
943.0,14.972972972972974,5.027027027027027
1561.0,1.0,1.0
1.0,379.94944081242215,8.050559187577871

48.0,1262.1244677537566,526.8755322462431
84.22563992087953,5.9320248687026895,1.9865379429354246
136.83087712529274,2.8168294489441594,1.1473840480920992

Iteration: ,7500
Error:,0.1484720604121152
Absolute Error:,1
Transition Probabilities
0.978984238178634,0.01645104430915992,0.004564717512206102
0.9991690901537184,0.0004154549231408392,0.0004154549231408392
0.0021929824561403516,0.9800922463522145,0.017714771191645155

0.02228224172856178,0.7724958479792225,0.2052219102922157
0.9250348535052636,0.06647216155262607,0.008492984942110279
0.9718440928620875,0.02000658855712567,0.008149318580786742

Transition Gammas
1118.0,18.787092601060632,5.212907398939368
2405.0,1.0,1.0
1.0,446.9220643366097,8.077935663390189

66.0,2288.132701714457,607.8672982855429
302.1462753031405,21.711955985624172,2.774083329660916
136.83087712529274,2.8168294489441594,1.1473840480920992

Iteration: ,10000
Error:,0.14124097042546044
Absolute Error:,1
Transition Probabilities
0.9798850574712644,0.01685341585244278,0.0032615266762928536
0.9992424242424243,0.0003787878787878788,0.0003787878787878788
0.001503759398496242,0.9772758391986155,0.021220401402888358

0.021584627533561464,0.7595051463122183,0.2189102261542202
0.9442814781241967,0.038440000588666555,0.01727852128713676
0.9718440928620875,0.02000658855712567,0.008149318580786742

Transition Gammas
1705.0,29.324943583250434,5.675056416749565
2638.0,1.0,1.0
1.0,649.8884330670787,14.111566932920745

82.0,2885.3600508401173,831.6399491598826
791.1492210179739,32.20626182572872,14.476497711059409
136.83087712529274,2.8168294489441594,1.1473840480920992

Iteration: ,12500
Error:,0.1413641161716872
Absolute Error:,1
Transition Probabilities
0.9800876144962166,0.01685581186111128,0.003056573642672069
0.9993552546744036,0.0003223726627981947,0.0003223726627981947
0.0010172939979654126,0.9805148538100164,0.01846785219201827

0.021550766496334136,0.7211837496085688,0.25726548389509707
0.9501528564690233,0.035971857344584024,0.013875286186392779
0.9718440928620875,0.02000658855712567,0.008149318580786742

Transition Gammas
2461.0,42.32494358325043,7.675056416749565
3100.0,1.0,1.0
1.0,963.8461012952454,18.153898704753946

97.0,3246.04805698817,1157.9519430118326
991.3226629746578,37.53050593090556,14.476497711059409
136.83087712529274,2.8168294489441594,1.1473840480920992

Iteration: ,14906
Error:,0.1342450690440642
Absolute Error:,1
Transition Probabilities
0.9802816901408451,0.016665095978467773,0.003053213880687152
0.9994377284228282,0.000281135788585887,0.000281135788585887
0.0007745933384972888,0.9812678071773477,0.017957599484155005

0.02151363810987321,0.694257050878607,0.2842293110115199
0.9538343035140715,0.03372017022990933,0.01244552625601919
0.9718440928620875,0.02000658855712567,0.008149318580786742


Model Num 2
Model States: 
"['diamond', 'x', 'square']","['diamond', 'x', 'diamond']","['square', 'y', 'diamond', 'x', 'square']","['square', 'y', 'diamond', 'x', 'diamond']"
Iteration: ,0
Error:,0.6752118320685405
Absolute Error:,0.74
Transition Probabilities
0.25,0.25,0.25,0.25
0.25,0.25,0.25,0.25
0.25,0.25,0.25,0.25
0.25,0.25,0.25,0.25

0.25,0.25,0.25,0.25
0.25,0.25,0.25,0.25
0.25,0.25,0.25,0.25
0.25,0.25,0.25,0.25

Transition Gammas
1.0,1.0,1.0,1.0
1.0,1.0,1.0,1.0
1.0,1.0,1.0,1.0
1.0,1.0,1.0,1.0

1.0,1.0,1.0,1.0
1.0,1.0,1.0,1.0
1.0,1.0,1.0,1.0
1.0,1.0,1.0,1.0

Iteration: ,2500
Error:,0.041247496236651617
Absolute Error:,0.04582470251246822
Transition Probabilities
0.0020703933747412005,0.0020703933747412005,0.9778916792625607,0.01796753398795685
0.9844589905977941,0.010399621227398754,0.0025706940874035997,0.0025706940874035997
0.02107585519204985,0.004820796661319933,0.010041512123520361,0.9640618360231099
0.012001810496185176,0.0042126414817001846,0.00924059084279981,0.9745449571793149

0.019125740018960943,0.018865002419650053,0.9526351338604802,0.00937412370090891
0.0599901230864794,0.0599901230864794,0.12408270285180091,0.7559370509752402
0.9780488953980837,0.003275033766114523,0.009297836435035052,0.009378234400766766
0.0025020162131458236,0.9707646117001206,0.011135695194798352,0.015597676891935235

Transition Gammas
1.0,1.0,472.3216810838169,8.678318916183159
382.9545473425418,4.045452657458114,1.0,1.0
7.916452069820271,1.8107737674191633,3.7717638838377576,362.11813222643383
2.8489987928764715,1.0,2.19353839697519,231.3382141377949

4.687548037028792,4.623643580489193,233.4823618487603,2.297513984269242
1.0,1.0,2.0683855352810023,12.601025170185284
323.5602083065758,1.0834536111241957,3.0759299538863383,3.102527379293164
1.0128054176083636,392.96134564858573,4.507681590099219,6.313872618113237

Iteration: ,5000
Error:,0.028183065131992317
Absolute Error:,0.03354843133947777
Transition Probabilities
0.0010952902519167575,0.0010952902519167575,0.97497386554241,0.022835553953756523
0.980988476584735,0.016489455319426312,0.0012610340479192945,0.0012610340479192945
0.017854752752471996,0.004055064703883342,0.013865163810517552,0.964225018733127
0.012179491255999401,0.0041632499079522186,0.004601545802211089,0.9790557130338373

0.01722487202096729,0.015830915757001955,0.9608358568923149,0.006108355329715706
0.02986230619600029,0.02986230619600029,0.09637409955946638,0.843901288048533
0.9793517069315458,0.0016960403280366358,0.011022068312315033,0.00793018442810238
0.0012421912834976422,0.9806297433064681,0.007088080759985958,0.011039984650048304

Transition Gammas
1.0,1.0,890.1511392402206,20.848860759779715
777.9238619316945,13.07613806830506,1.0,1.0
13.524782015896305,3.0716676361023345,10.502711560986551,730.390018469091
5.818093573876036,1.9887675951953563,2.198139766187119,467.6909431387722

9.063984364902307,8.330463804252597,505.6061475236659,3.214307609160493
1.0,1.0,3.2272825456586665,28.259749347877353
629.478677703645,1.0901305582746912,7.084438550205408,5.097129021593507
1.0133272324678024,799.956365063514,5.782157189028836,9.005953624485969

Iteration: ,7500
Error:,0.022697116841609615
Absolute Error:,0.023572792288555543
Transition Probabilities
0.0007513148009015775,0.0007513148009015775,0.9804660147202902,0.018031355677906685
0.982389728097149,0.015860490625510686,0.0008748906386701671,0.0008748906386701671
0.01843813410348514,0.0028811832281025913,0.01407739231151336,0.964603290356899
0.014178457752429622,0.0027411133291378328,0.005578728168254049,0.9775017007501785

0.01624187676093587,0.014752549940070062,0.9642481353094376,0.004757437989556473
0.020311595567538126,0.020156137646638532,0.04213270424373145,0.9173995625420919
0.975186403433218,0.0011072498968123885,0.015077292549849049,0.008629054120120373
0.0008288858744935551,0.9854786499412682,0.0051921273691387685,0.00850033681509945

Transition Gammas
1.0,1.0,1305.0002655927067,23.999734407293804
1122.8714592150402,18.128540784958698,1.0,1.0
20.308630396944825,3.1734710766829664,15.505503745809007,1062.459552229436
10.601265203825838,2.049536688921791,4.171227776983022,730.8802514199882

13.011553736176607,11.818436940275742,772.4702392621718,3.811238132068872
1.9942348326678503,1.9789716496332508,4.136676811920482,90.07220319114664
964.0626578488273,1.0946197308183572,14.90530905434963,8.530624320106522
1.0143083050807515,1205.9310091705117,6.353610398744314,10.401868933774521

Iteration: ,10000
Error:,0.020561327726992998
Absolute Error:,0.019014249283581093
Transition Probabilities
0.0005952380952380952,0.0005952380952380952,0.9826858392817223,0.01612368452780163
0.9853123194858691,0.013299755462083819,0.0006939625260235959,0.0006939625260235959
0.01860492675530635,0.0037135487281478178,0.011743406351842749,0.965938118164703
0.020537360958966668,0.003037782142565705,0.008786164188533958,0.9676386927099337

0.014455933601376045,0.013316533643201211,0.9679115227000491,0.004316010055373553
0.008677355582303144,0.012885464016445667,0.02749623731981138,0.9509409430814398
0.9783391062922178,0.0008090903232966907,0.01245013875031131,0.008401664634174038
0.0006143239544510047,0.985413199685913,0.004713584265387971,0.009258892094248109

Transition Gammas
1.0,1.0,1650.9122099932936,27.087790006706747
1419.8350523791348,19.16494762086275,1.0,1.0
26.13375730323363,5.216305469596512,16.495594717930253,1356.822990064112
20.87342015337176,3.0874903120646247,8.929934912776913,983.4724641568597

16.339604770499218,15.051736030542639,1094.0346137329686,4.878404981300648
1.9942348326678503,2.9613447245484124,6.319201018141925,218.54579249588392
1328.5610521966316,1.0987252623632702,16.90698995034052,11.409259156453977
1.0154899441925964,1628.9079856082749,7.791650297738285,15.305136236264355

Iteration: ,12500
Error:,0.021273828165777418
Absolute Error:,0.01807254745448042
Transition Probabilities
0.0005096839959225277,0.0005096839959225277,0.984123029411652,0.014857602596502947
0.9858292408204927,0.013045899786931376,0.0005624296962879647,0.0005624296962879647
0.019912004109296007,0.004706465830116099,0.00943591944636597,0.9659456106142219
0.021740237599760646,0.0028027702082207414,0.008112158130613127,0.9673448340614056

0.014714202461249973,0.012246298613167245,0.9689326674064506,0.0041068315191321175
0.013885545011309655,0.006935491481071443,0.02171291088478355,0.9574660526228354
0.9782883212507038,0.0007194257062685403,0.013324646548253485,0.007667606494774318
0.00043585430996338277,0.9847209199008544,0.0041273727611041075,0.01071585302807804

Transition Gammas
1.0,1.0,1930.8493837056621,29.150616294338796
1752.8043901788337,23.195609821163956,1.0,1.0
34.89305887830912,8.247436491956268,16.535155929348107,1692.687329683257
23.948725005841652,3.0874903120646247,8.93623371789162,1065.612797949052

20.133779055782608,16.756889894506767,1325.8126831452025,5.619471299466264
7.896773175695566,3.944245835750921,12.348232071666814,544.515338420843
1495.5346297927554,1.0998046628137021,20.369731407183817,11.721668133478792
1.0175139485470894,2298.8582389134076,9.635465932709414,25.016455447156197

Iteration: ,15000
Error:,0.022381778977051604
Absolute Error:,0.018343770058746565
Transition Probabilities
0.00044722719141323695,0.00044722719141323695,0.9847029714321185,0.014402574185055063
0.9847392224129261,0.014313807890104254,0.000473484848484849,0.000473484848484849
0.019707154554055056,0.004015468670565518,0.008378867038546773,0.9678985097368326
0.024061839943041955,0.0026058028475045344,0.007454929388032464,0.9658774278214209

0.01363457734800744,0.012278662622694593,0.9704071704605485,0.0036795895687495687
0.01751361372804982,0.0043642942678716115,0.018241264621458527,0.95988082738262
0.9744129162249988,0.0006444426603495975,0.016628242585723464,0.00831439852892816
0.00033829438953636453,0.9832341634147087,0.0040574104828784395,0.012370131712876554

Transition Gammas
1.0,1.0,2201.7958441222218,32.204155877783194
2079.7692377360977,30.23076226390015,1.0,1.0
41.23821007011614,8.402569742503893,17.533199840565803,2025.3762135775628
28.86188566394573,3.1256289637654397,8.94209753449887,1158.5582795479093

21.98169664021027,19.795687833257645,1564.492649393781,5.932242679495709
15.827988163937162,3.944245835750921,16.485605141631794,867.4955729021947
1664.4867722930092,1.100833400083477,28.40427232598904,14.202609736115
1.018710936597161,2960.82768880462,12.21814065210185,37.25036197119706

Iteration: ,15718
Error:,0.023865988398722345
Absolute Error:,0.018950855106337306
Transition Probabilities
0.0004315925766076813,0.0004315925766076813,0.9852309818734795,0.01390583297330528
0.9849110831763701,0.014181063895804102,0.0004539264639128465,0.0004539264639128465
0.021459435974761788,0.0038640492585881566,0.007999546088434535,0.9666769686782155
0.024815536423303516,0.0025716618581204747,0.007311684307982206,0.9653011174105939

0.014178657913549938,0.012855338566630485,0.9694440895775435,0.0035219139422761037
0.0178047821339373,0.003942200343068357,0.019261306220610556,0.9589917113023838
0.9730946370695296,0.0006239259142282375,0.018013608803389244,0.008267828212852884
0.00031834668433484335,0.9827909308567944,0.003977036342029178,0.012913686116841511

*,*,*,*,*,*,*,*,*,*,*
Model Num 2
Model States: 
"['diamond', 'x', 'square']","['diamond', 'x', 'diamond']","['square', 'y', 'diamond', 'x', 'square']","['square', 'y', 'diamond', 'x', 'diamond']"
Iteration: ,15718
Error:,0.02355422029837423
Absolute Error:,0.018950855106337306
Transition Probabilities
0.0004315925766076813,0.0004315925766076813,0.9852309818734795,0.01390583297330528
0.9849110831763701,0.014181063895804102,0.0004539264639128465,0.0004539264639128465
0.021459435974761788,0.0038640492585881566,0.007999546088434535,0.9666769686782155
0.024815536423303516,0.0025716618581204747,0.007311684307982206,0.9653011174105939

0.014178657913549938,0.012855338566630485,0.9694440895775435,0.0035219139422761037
0.0178047821339373,0.003942200343068357,0.019261306220610556,0.9589917113023838
0.9730946370695296,0.0006239259142282375,0.018013608803389244,0.008267828212852884
0.00031834668433484335,0.9827909308567944,0.003977036342029178,0.012913686116841511

Transition Gammas
1.0,1.0,2282.7801850008573,32.21981499914841
2169.7591162375415,31.24088376245641,1.0,1.0
47.052315121700516,8.472378471395562,17.539937388208394,2119.551949297797
30.353501758648495,3.14556741396113,8.943398148452188,1180.7227804849233

23.903935113119918,21.67293835760408,1634.3950714061068,5.937628431651903
17.81402051565315,3.944245835750921,19.271300350158075,959.4893041077719
1717.46247652187,1.1011974632227213,31.793102138281014,14.592295730522153
1.0189971166922285,3145.819240890815,12.730110803495435,41.335467169775995

