0,1,2,3,4,5,6,7,8,9,10,11,12,13,14,15,16,17,18,19,20,21,22,23,24,25,26,27,28,29
github Code Version (SHA):,528ca1c557fe8e6666681dc5c9134b0f84d30530
Environment Observations,Environment Actions,alpha,epsilon,numActions,explore,patience,gainThresh,insertRandActions,useUpdatedPosterior,revisedSplitting,haveControl,confidence_factor
"['diamond', 'square']","['x', 'y']",0.8,0.99,75000,0.5,0,0.01,False,True,False,True,250

Model Num 0
Model States: 
['diamond'],['square']
Iteration: ,0
Error:,0.4547437520624876
Absolute Error:,1
Transition Probabilities
0.5,0.5
0.5,0.5

0.5,0.5
0.5,0.5

Transition Gammas
1.0,1.0
1.0,1.0

1.0,1.0
1.0,1.0

Iteration: ,2482
Error:,0.06522133986577153
Absolute Error:,1
Transition Probabilities
0.42105263157894735,0.5789473684210527
0.1344165435745938,0.8655834564254062

0.15,0.85
0.8578947368421053,0.14210526315789473


Model Num 1
Model States: 
['square'],"['diamond', 'x', 'square']","['diamond', 'x', 'diamond']"
Iteration: ,0
Error:,0.5194266443462672
Absolute Error:,1
Transition Probabilities
0.3333333333333333,0.3333333333333333,0.3333333333333333
0.3333333333333333,0.3333333333333333,0.3333333333333333
0.3333333333333333,0.3333333333333333,0.3333333333333333

0.3333333333333333,0.3333333333333333,0.3333333333333333
0.3333333333333333,0.3333333333333333,0.3333333333333333
0.3333333333333333,0.3333333333333333,0.3333333333333333

Transition Gammas
1.0,1.0,1.0
1.0,1.0,1.0
1.0,1.0,1.0

1.0,1.0,1.0
1.0,1.0,1.0
1.0,1.0,1.0

Iteration: ,2500
Error:,0.05815947695177298
Absolute Error:,1
Transition Probabilities
0.8594470046082949,0.0723110882609824,0.06824190713072267
0.9956989247311828,0.002150537634408602,0.002150537634408602
0.003164556962025315,0.8375732362515046,0.15926220678647002

0.14896988906497627,0.362458510439656,0.48857160049536774
0.8069739223394271,0.13124926053366937,0.06177681712690359
0.8782825017335767,0.06736079129926148,0.054356706967161786

Transition Gammas
746.0,62.766024610532725,59.233975389467275
463.0,1.0,1.0
1.0,264.67314265547554,50.32685734452455

94.0,228.71132008742288,308.288679912577
53.7263676055297,8.738257611774301,4.112950734315747
78.64546152418684,6.031795589583384,4.867349967612353

Iteration: ,2852
Error:,0.06291522273089499
Absolute Error:,1
Transition Probabilities
0.8586956521739131,0.07265095811661132,0.06865338970947563
0.9963702359346642,0.0018148820326678765,0.0018148820326678765
0.0026666666666666657,0.8268855735456261,0.17044775978770724

0.14893617021276598,0.37697661686748546,0.4740872129197486
0.7867241457620924,0.1394915152390643,0.0737843389988434
0.8741038909715628,0.07068327307954617,0.055212835948891


Model Num 2
Model States: 
"['diamond', 'x', 'square']","['diamond', 'x', 'diamond']","['square', 'y', 'diamond', 'x', 'diamond']","['square', 'y', 'diamond', 'x', 'square']"
Iteration: ,0
Error:,0.4517624952057537
Absolute Error:,0.55
Transition Probabilities
0.25,0.25,0.25,0.25
0.25,0.25,0.25,0.25
0.25,0.25,0.25,0.25
0.25,0.25,0.25,0.25

0.25,0.25,0.25,0.25
0.25,0.25,0.25,0.25
0.25,0.25,0.25,0.25
0.25,0.25,0.25,0.25

Transition Gammas
1.0,1.0,1.0,1.0
1.0,1.0,1.0,1.0
1.0,1.0,1.0,1.0
1.0,1.0,1.0,1.0

1.0,1.0,1.0,1.0
1.0,1.0,1.0,1.0
1.0,1.0,1.0,1.0
1.0,1.0,1.0,1.0

Iteration: ,2500
Error:,0.04058929772535563
Absolute Error:,0.11158425306310692
Transition Probabilities
0.0018518518518518506,0.0018518518518518506,0.10946044118522279,0.8868358551110735
0.7683693243915933,0.2267407000582844,0.002444987775061124,0.002444987775061124
0.08709308455657565,0.07722618082608285,0.6955175809846196,0.14016315363272183
0.050993135913376356,0.07993663219028885,0.7571651963276311,0.11190503556870371

0.09818812806973734,0.03288899489635936,0.06992805109127576,0.7989948259426276
0.06658335149212177,0.0878421355527595,0.5558444322975072,0.28973008065761136
0.0030880541626584976,0.8927439241314474,0.03934971301408137,0.06481830869181247
0.8662601288828528,0.002792769972676949,0.06232660815425303,0.06862049299021741

Transition Gammas
1.0,1.0,59.10863824002034,478.89136175998004
314.26305367616175,92.73694632383834,1.0,1.0
13.014413576815414,11.539991508461185,103.93194241501494,20.94473124811647
15.641871682593935,24.520134348733315,232.2563739480887,34.326271088235096

14.138046763635232,4.735665675624617,10.068896065684767,115.0467621203289
1.4482818073811345,1.9106903451326267,12.090400392744204,6.302037903831502
1.0339957019997779,298.92396049933393,13.175751456527937,21.703587135443897
329.4363057712362,1.0620826146691447,23.702634874893597,26.096181686269592

Iteration: ,5000
Error:,0.03718979261903038
Absolute Error:,0.1017984163805833
Transition Probabilities
0.0010010010010009997,0.0010010010010009997,0.09448056234447573,0.9035174356535223
0.8018914017556846,0.19559603543024498,0.0012562814070351763,0.0012562814070351763
0.07225694349582107,0.06879979323531461,0.7274127569266835,0.1315305063421808
0.04749958467325419,0.07678429156111725,0.7777248490205149,0.09799127474511375

0.09288436026990216,0.03270590996097168,0.05031048407266451,0.8240992456964615
0.0786307830354341,0.11093826811482585,0.5799832394933522,0.23044770935638784
0.0014914693774840245,0.8708989269057903,0.036882818695545376,0.09072678502118023
0.8617892002047289,0.0015512661371736242,0.05886905911495042,0.07779047454314701

Transition Gammas
1.0,1.0,94.38608178213137,902.6139182178699
638.3055557975248,155.69444420247495,1.0,1.0
25.356792994151164,24.143591338169024,255.26757438558772,46.15738862421511
32.09066668606398,51.87538215677954,525.4300448113145,66.20279645852592

29.904119454176584,10.529667594075699,16.197460165895297,265.3187491822488
4.500805988837365,6.350078204072369,33.19809287109135,13.190768174312595
1.0450637865605479,610.2337359410061,25.843573288788946,63.57172257645966
605.5469841886382,1.0900165966529733,41.36508232014542,54.66045205372165

Iteration: ,7500
Error:,0.0395406901453432
Absolute Error:,0.09955472871883167
Transition Probabilities
0.0007189072609633357,0.0007189072609633357,0.08742843116772457,0.9111337543103487
0.828366666753942,0.1699165950486331,0.000858369098712446,0.000858369098712446
0.07080273476148041,0.06222519857771691,0.738854818309911,0.12811724835089175
0.05043529852068032,0.08550867183469621,0.7601259771690712,0.10393005247555237

0.08660052418803293,0.04855453048300079,0.04923140405070549,0.8156135412782607
0.09466174741903442,0.07225614643473126,0.6028262918111177,0.23025581433511655
0.000995360610300859,0.8797492086589358,0.034507401823267586,0.0847480289074958
0.8696308567539037,0.0010403776005856117,0.0516109585736376,0.07771780707187315

Transition Gammas
1.0,1.0,121.6129477543049,1267.3870522456953
965.0471667683428,197.95283323165765,1.0,1.0
36.42745374865843,32.01437841104479,380.13503025875144,65.9153231076397
51.29536005841541,86.96683153524162,773.0882305109118,105.70234774039274

52.067252101373036,29.192675252554128,29.599635222148706,490.3752750828866
10.132434425020644,7.734176533988091,64.52551361022418,24.646195568339685
1.0536348357871652,931.2548672375833,36.52766673428095,89.70967365711338
928.9913228443054,1.1113931341319936,55.1338907839082,83.02277666383398

Iteration: ,10000
Error:,0.03795333217505521
Absolute Error:,0.0922962024064247
Transition Probabilities
0.0005714285714285703,0.0005714285714285703,0.07660788857613732,0.9222492542810055
0.8395430969012618,0.15907282005375548,0.0006920415224913491,0.0006920415224913491
0.07522409191318936,0.05961561889308963,0.738952735737777,0.1262075534559438
0.05241204746647904,0.08577627928693729,0.7695859271997402,0.09222574604684346

0.08794254408769808,0.05580438779987116,0.05393463295975567,0.8023184351526751
0.08109867751606353,0.055525795679000386,0.6556757673663507,0.20769975943858535
0.0007797714396734116,0.8806002101014371,0.03249526035949052,0.08612475809939901
0.8675023777664395,0.0007211492882389813,0.050267013037962396,0.08150945990735912

Transition Gammas
1.0,1.0,134.0638050082406,1613.936194991763
1213.1397750223239,229.86022497767678,1.0,1.0
53.829606587476796,42.66033965803582,528.7871749573075,90.31286092149202
65.49386753691871,107.18566713161475,961.6712418367684,115.24489286453824

84.04307478425338,53.32995975732876,51.543111906994305,766.7427517116124
14.577780041242516,9.980962215605947,117.86008610493442,37.33478153345907
1.0633486482403087,1200.8455239700459,44.31271705969784,117.445498059503
1368.7826370942037,1.1378604252772666,79.31345945368162,128.6091385332863

Iteration: ,12500
Error:,0.038855799360498024
Absolute Error:,0.09359342030350326
Transition Probabilities
0.00046339202965708904,0.00046339202965708904,0.06867500091314292,0.9303982150275429
0.8411501235075157,0.15772057101535267,0.0005646527385657816,0.0005646527385657816
0.0746341806338587,0.059650448532219416,0.7281554414114823,0.13755992942243975
0.05653354721069169,0.08461345276888643,0.7836128385262434,0.07524016149417855

0.08681786593952712,0.05466611768350674,0.05246529395255546,0.8060507224244108
0.08117974892072015,0.057478870943627046,0.6419150648537555,0.21942631528189735
0.0006206423937259364,0.8778762456204111,0.030952266793844326,0.09055084519201868
0.8688795356393686,0.0006106229540070133,0.04920205944653613,0.08130778196008827

Transition Gammas
1.0,1.0,148.20065197056272,2007.7993480294415
1489.6768687318115,279.3231312681898,1.0,1.0
75.25901845856802,60.14984245853123,734.2515632982335,138.7115820075891
92.10932424141734,137.8595248451217,1276.72952759456,122.58775139680648

98.85207555176001,62.24363081137543,59.737741137933796,917.7809895390593
21.908368925566656,15.512099098604159,173.2367030776272,59.21763409084053
1.0720561053116617,1516.3846336301472,53.46487272706189,156.4114656210569
1628.8295378410692,1.1446934392792563,92.23576394874763,152.42218452697134

Iteration: ,15000
Error:,0.03950513546508201
Absolute Error:,0.09260326723858839
Transition Probabilities
0.000392772977219167,0.000392772977219167,0.06756304884064487,0.9316514052049167
0.8321815628593848,0.16686605618823422,0.00047619047619047565,0.00047619047619047565
0.07764562140058723,0.0575788498099194,0.7311051539141946,0.13367037487529868
0.05579997521048442,0.08696869361432744,0.7945455461608335,0.06268578501435458

0.08651870439910844,0.057527439155703096,0.05146721899553669,0.8044866374496518
0.07287058506094969,0.058172981656263875,0.6432707691479866,0.2256856641347998
0.0004770106718660406,0.8779595897204672,0.03094814777744076,0.09061525183022594
0.8719402002941206,0.000545920843964395,0.04664447015925876,0.08086940870265626

Transition Gammas
1.0,1.0,172.01552234828196,2371.9844776517198
1747.58128200471,350.41871799529224,1.0,1.0
83.7998932929107,62.14260872620545,789.053301123342,144.26522640835844
111.98091728580451,174.53115434808683,1594.515745729634,125.79954883867454

109.34017022064346,72.70173580762848,65.04298145515348,1016.6900497400935
39.6571069383352,31.658482672187873,350.07620236711153,122.82103278788075
1.0914179851977903,2008.803875915986,70.81050191334839,207.3310334836901
1834.61466938563,1.148650318361994,98.14277306061881,170.15410398601793

Iteration: ,17500
Error:,0.04196490026350026
Absolute Error:,0.0903196050463601
Transition Probabilities
0.0003417634996582364,0.0003417634996582364,0.06243942711168131,0.9368770458890022
0.8271184586027939,0.17206488153603822,0.0004083299305839115,0.0004083299305839115
0.07812726300055158,0.05899380840290372,0.7350926351667204,0.1277862934298242
0.06155900949345132,0.08738317189231867,0.7971136847110226,0.05394413390320731

0.08596098463999553,0.05977744516057009,0.05019398741067573,0.8040675827887586
0.07028410281535999,0.05864492760056081,0.6604852957208535,0.21058567386322583
0.000387110132705515,0.8788420750740713,0.03213306225455857,0.08863775253866461
0.874873188318874,0.000499945909499272,0.0446784997902246,0.07994836598140222

Transition Gammas
1.0,1.0,182.69776372877956,2741.3022362712213
2025.6131051182438,421.3868948817579,1.0,1.0
89.72840311503114,67.75381625271174,844.2467553824885,146.76131748485764
147.6732839107933,209.62260533533728,1912.1879386969622,129.40603604185057

120.96240460646662,84.11750444851727,70.63187374376689,1131.466195827913
57.15324577216599,47.688564357874064,537.0898527993443,171.24291685163047
1.1043020682117095,2507.056879014991,91.66540503004279,252.8553121717099
2017.070060333281,1.152653823778541,103.008830846262,184.32552002596927

Iteration: ,19224
Error:,0.043724696692752175
Absolute Error:,0.09036887776813719
Transition Probabilities
0.0003137747097583933,0.0003137747097583933,0.05983985569771099,0.9395325948827722
0.8273200765815767,0.1719297358715366,0.00037509377344336064,0.00037509377344336064
0.07977095352628387,0.0587267495212606,0.737923180436831,0.1235791165156245
0.06225136855441308,0.08518227735562901,0.8027844179363436,0.04978193615361434

0.08642766134736378,0.06142276401546039,0.04851572145223662,0.8036338531849392
0.07518473837060065,0.06034623308695272,0.6578271873243957,0.20664184121805101
0.0003418094543352784,0.876005757961221,0.03438894237348314,0.08926349021096054
0.8765330472380702,0.0004702524503816392,0.04383524036742324,0.0791614599441249

*,*,*,*,*,*,*,*,*,*,*
Model Num 2
Model States: 
"['diamond', 'x', 'square']","['diamond', 'x', 'diamond']","['square', 'y', 'diamond', 'x', 'diamond']","['square', 'y', 'diamond', 'x', 'square']"
Iteration: ,19224
Error:,0.04249550368992438
Absolute Error:,0.09036887776813719
Transition Probabilities
0.0003137747097583933,0.0003137747097583933,0.05983985569771099,0.9395325948827722
0.8273200765815767,0.1719297358715366,0.00037509377344336064,0.00037509377344336064
0.07977095352628387,0.0587267495212606,0.737923180436831,0.1235791165156245
0.06225136855441308,0.08518227735562901,0.8027844179363436,0.04978193615361434

0.08642766134736378,0.06142276401546039,0.04851572145223662,0.8036338531849392
0.07518473837060065,0.06034623308695272,0.6578271873243957,0.20664184121805101
0.0003418094543352784,0.876005757961221,0.03438894237348314,0.08926349021096054
0.8765330472380702,0.0004702524503816392,0.04383524036742324,0.0791614599441249

Transition Gammas
1.0,1.0,190.70962010860504,2994.2903798913967
2205.6353241664847,458.3646758335168,1.0,1.0
95.41072054161756,70.24062317425319,882.599232396564,147.80784269762157
166.05703910763629,227.22579584346252,2141.446952571552,132.7945250149614

130.27885200688405,92.58710762590832,73.13136091557492,1211.377170163313
75.19483782247617,60.35433930491849,657.9155522527678,206.66959910317613
1.1114127830328662,2848.3822932922594,111.81759212365066,290.24528964982255
2153.073967934403,1.1551056887865125,107.67479356384393,194.448434324787

