0,1,2,3,4,5,6,7,8,9,10,11,12,13,14,15,16,17,18,19,20,21,22,23,24,25,26,27,28,29
github Code Version (SHA):,528ca1c557fe8e6666681dc5c9134b0f84d30530
Environment Observations,Environment Actions,alpha,epsilon,numActions,explore,patience,gainThresh,insertRandActions,useUpdatedPosterior,revisedSplitting,haveControl,confidence_factor
"['diamond', 'square']","['x', 'y']",0.99,0.99,75000,0.5,0,0.01,False,True,False,True,250

Model Num 0
Model States: 
['diamond'],['square']
Iteration: ,0
Error:,0.6754700231148889
Absolute Error:,1
Transition Probabilities
0.5,0.5
0.5,0.5

0.5,0.5
0.5,0.5

Transition Gammas
1.0,1.0
1.0,1.0

1.0,1.0
1.0,1.0

Iteration: ,2483
Error:,0.15406278839385523
Absolute Error:,1
Transition Probabilities
0.4249512670565302,0.5750487329434698
0.024531024531024532,0.9754689754689755

0.038,0.962
0.9693486590038314,0.03065134099616858


Model Num 1
Model States: 
['square'],"['diamond', 'x', 'square']","['diamond', 'x', 'diamond']"
Iteration: ,0
Error:,0.7238807640157505
Absolute Error:,1
Transition Probabilities
0.3333333333333333,0.3333333333333333,0.3333333333333333
0.3333333333333333,0.3333333333333333,0.3333333333333333
0.3333333333333333,0.3333333333333333,0.3333333333333333

0.3333333333333333,0.3333333333333333,0.3333333333333333
0.3333333333333333,0.3333333333333333,0.3333333333333333
0.3333333333333333,0.3333333333333333,0.3333333333333333

Transition Gammas
1.0,1.0,1.0
1.0,1.0,1.0
1.0,1.0,1.0

1.0,1.0,1.0
1.0,1.0,1.0
1.0,1.0,1.0

Iteration: ,2500
Error:,0.12700751139508443
Absolute Error:,1
Transition Probabilities
0.982373678025852,0.01523580342937301,0.00239051854477505
0.9959432048681541,0.002028397565922921,0.002028397565922921
0.0032154340836012866,0.9742199431941068,0.02256462272229207

0.01793721973094171,0.29974409143615066,0.6823186888329076
0.7924416599055701,0.0829552658085567,0.12460307428587308
0.9754592180145761,0.017242529567256276,0.007298252418167563

Transition Gammas
836.0,12.965668718396431,2.0343312816035675
491.0,1.0,1.0
1.0,302.98240233336713,7.017597666632832

12.0,200.5287971707847,456.47120282921503
19.01337440383233,1.9903793646783665,2.98965213861693
146.55383117572435,2.5905324595582955,1.0964957150612198

Iteration: ,5000
Error:,0.15431968509502858
Absolute Error:,1
Transition Probabilities
0.9830508474576272,0.014768688731891752,0.002180463810481126
0.9987187700192185,0.0006406149903907751,0.0006406149903907751
0.0024752475247524753,0.9800923274170014,0.017432425058246166

0.02071973827699019,0.6746457564241933,0.30463450529881647
0.8442262787064387,0.12237461394328887,0.033399107350272336
0.976583155699095,0.016452842882920798,0.006964001417984228

Transition Gammas
928.0,13.941642162905815,2.058357837094183
1559.0,1.0,1.0
1.0,395.9573002764686,7.0426997235314515

38.0,1237.3003172819704,558.6996827180293
75.56917234767764,10.954110912338248,2.98965213861693
153.76493790763425,2.5905324595582955,1.0964957150612198

Iteration: ,7500
Error:,0.15973729426131164
Absolute Error:,1
Transition Probabilities
0.9830339321357285,0.014911818525854107,0.002054249338417348
0.9992429977289932,0.0003785011355034065,0.0003785011355034065
0.0021008403361344533,0.9830593919445704,0.014839767719295243

0.019192587690271344,0.7711092984117228,0.20969811389800574
0.8515894325517175,0.13192419261062382,0.01648637483765877
0.976583155699095,0.016452842882920798,0.006964001417984228

Transition Gammas
985.0,14.941642162905815,2.058357837094183
2640.0,1.0,1.0
1.0,467.9362705656156,7.063729434384538

58.0,2330.2922998002264,633.7077001997734
154.4278953573381,23.92323651848214,2.98965213861693
153.76493790763425,2.5905324595582955,1.0964957150612198

Iteration: ,10000
Error:,0.14435009977646562
Absolute Error:,1
Transition Probabilities
0.9821200510855683,0.015839196114276036,0.002040752800155635
0.9992836676217765,0.00035816618911174784,0.00035816618911174784
0.0016103059581320449,0.9869806884196176,0.011409005622250327

0.02271567126084736,0.7692223743677256,0.20806195437142708
0.9442565748717544,0.047402225464492,0.008341199663753593
0.976583155699095,0.016452842882920798,0.006964001417984228

Transition Gammas
1538.0,24.804181114956275,3.1958188850437246
2790.0,1.0,1.0
1.0,612.9150075085827,7.084992491417455

89.0,3013.81326277275,815.1867372272517
742.4767970920348,37.27276407123835,6.5587546595479695
153.76493790763425,2.5905324595582955,1.0964957150612198

Iteration: ,12500
Error:,0.14064314652515278
Absolute Error:,1
Transition Probabilities
0.9803483698079499,0.016855893315923704,0.0027957368761263235
0.9993922819811607,0.00030385900941962927,0.00030385900941962927
0.0010515247108307043,0.9809603210411603,0.017988154248009074

0.022308022308022316,0.7325662855921374,0.24512569209984025
0.9477067548350238,0.042098089044836966,0.010195156120139328
0.976583155699095,0.016452842882920798,0.006964001417984228

Transition Gammas
2195.0,37.74034513435317,6.259654865646838
3289.0,1.0,1.0
1.0,932.8932653101436,17.106734689856633

104.0,3415.224023430543,1142.7759765694548
945.4159755422852,41.99633032025706,10.170512576757263
153.76493790763425,2.5905324595582955,1.0964957150612198

Iteration: ,15000
Error:,0.13509332553690875
Absolute Error:,1
Transition Probabilities
0.9799263967882235,0.01727902722801544,0.0027945759837610783
0.999464237878382,0.0002678810608090008,0.0002678810608090008
0.0007905138339920949,0.9801307796580344,0.01907870650797354

0.021771492370673606,0.7049012152391998,0.27332729239012665
0.9507360046954809,0.04003467323569411,0.00922932206882504
0.976583155699095,0.016452842882920798,0.006964001417984228

Transition Gammas
2929.0,51.647012384538144,8.352987615461863
3731.0,1.0,1.0
1.0,1239.8654362674135,24.13456373258653

117.0,3788.139130695461,1468.8608693045412
1165.0907885653455,49.06096832324214,11.310182925632525
153.76493790763425,2.5905324595582955,1.0964957150612198

Iteration: ,17500
Error:,0.13661858871073687
Absolute Error:,1
Transition Probabilities
0.9803605057842346,0.01683954339483331,0.002799950820932096
0.9995227869243617,0.00023860653781913624,0.00023860653781913624
0.0006297229219143578,0.9791105951417166,0.02025968193636896

0.022317033147358056,0.6818085312965351,0.29587443555610693
0.9496519901496899,0.03943108556294067,0.01091692428736936
0.976583155699095,0.016452842882920798,0.006964001417984228

Transition Gammas
3644.0,62.59258279859541,10.4074172014046
4189.0,1.0,1.0
1.0,1554.8276250850458,32.172374914953906

136.0,4154.941189721085,1803.0588102789156
1368.4934156341656,56.82205852660407,15.731804030534157
153.76493790763425,2.5905324595582955,1.0964957150612198

Iteration: ,17694
Error:,0.13494022890695745
Absolute Error:,1
Transition Probabilities
0.9805109296813274,0.016748112404159972,0.002740957914512668
0.9995262908574135,0.00023685457129322596,0.00023685457129322596
0.0006199628022318664,0.9781927916013297,0.02118724559643855

0.02247923114513764,0.6798863700610388,0.2976343987938236
0.9500232206673477,0.03914034870265848,0.010836430629993841
0.976583155699095,0.016452842882920798,0.006964001417984228


Model Num 2
Model States: 
"['diamond', 'x', 'square']","['diamond', 'x', 'diamond']","['square', 'y', 'diamond', 'x', 'square']","['square', 'y', 'diamond', 'x', 'diamond']"
Iteration: ,0
Error:,0.6751394179234796
Absolute Error:,0.74
Transition Probabilities
0.25,0.25,0.25,0.25
0.25,0.25,0.25,0.25
0.25,0.25,0.25,0.25
0.25,0.25,0.25,0.25

0.25,0.25,0.25,0.25
0.25,0.25,0.25,0.25
0.25,0.25,0.25,0.25
0.25,0.25,0.25,0.25

Transition Gammas
1.0,1.0,1.0,1.0
1.0,1.0,1.0,1.0
1.0,1.0,1.0,1.0
1.0,1.0,1.0,1.0

1.0,1.0,1.0,1.0
1.0,1.0,1.0,1.0
1.0,1.0,1.0,1.0
1.0,1.0,1.0,1.0

Iteration: ,2500
Error:,0.04202299667378731
Absolute Error:,0.038674554652661175
Transition Probabilities
0.0022222222222222235,0.0022222222222222235,0.9769351630527048,0.018620392502850785
0.9607431570181528,0.03429406382551961,0.0024813895781637726,0.0024813895781637726
0.020239780258144078,0.010626516012479005,0.00977350148552767,0.9593602022438492
0.022741175274731167,0.0038482390359173124,0.00909424706367909,0.9643163386256723

0.007885698347609748,0.012117594521599757,0.9704856035183022,0.009511103612488334
0.040909985557534966,0.040909985557534966,0.05693649524134196,0.8612435336435881
0.9595570436947723,0.0035636340502200954,0.0225280754667696,0.014351246788237907
0.002431459850923875,0.9627905041966395,0.02733723697921311,0.007440798973223518

Transition Gammas
1.0,1.0,439.6208233737169,8.379176626282849
387.1794922783155,13.8205077216844,1.0,1.0
7.786993646626446,4.088414578594639,3.760228273351659,369.10142819822
5.909501738971448,1.0,2.3632230167612955,250.5863927955833

1.8822623924272497,2.8923871354530353,231.64829205624642,2.270235539214125
1.0,1.0,1.3917505583390548,21.052159317738035
287.67081462019877,1.068361195377965,6.753814026935929,4.3024381734423836
1.017598233210761,402.94061020597616,11.440996667224873,3.1140731712891254

Iteration: ,5000
Error:,0.0348371155499776
Absolute Error:,0.03231672890920207
Transition Probabilities
0.0011037527593818982,0.0011037527593818982,0.9806924233906503,0.017100071090585953
0.9715553277856616,0.025963282636174617,0.0012406947890818854,0.0012406947890818854
0.021597373365007055,0.0054295493513206155,0.009799707855994535,0.9631733694276778
0.020413929283178055,0.0037306495228109,0.010101387468087124,0.9657540337259239

0.015530896215388779,0.01126456510170857,0.9665943161869249,0.006610222495977777
0.03654398651770902,0.0372515937839594,0.04002385557472159,0.8861805641236101
0.9668186134875026,0.0018337962002365127,0.019853674838464095,0.011493915473796664
0.0012241763623579442,0.97295065293891,0.020510544489845187,0.005314626208886751

Transition Gammas
1.0,1.0,888.5073355919293,15.492664408070876
783.0735941952435,20.926405804756747,1.0,1.0
16.89737336211784,4.2479759472028364,7.667104683697951,753.5684900478735
10.805524158665996,1.974711628861546,5.346877850331648,511.1940184564999

7.373543636700574,5.348034084704195,458.9062518059348,3.138309814606653
1.3836977410965898,1.4104905097350005,1.515459144608679,33.55424959417955
568.0686477884318,1.0774742162133453,11.665321769545448,6.753420889820925
1.0178151436130427,808.9389233443354,17.053051690447067,4.418731813795674

Iteration: ,7500
Error:,0.02476421270104695
Absolute Error:,0.022306101824787237
Transition Probabilities
0.0007462686567164186,0.0007462686567164186,0.98089970992808,0.017607752758487173
0.9763580950046479,0.02189212371801172,0.0008748906386701663,0.0008748906386701663
0.020724326473236108,0.00385989757898652,0.006879593618284736,0.9685361823294926
0.019827989439873142,0.0025310985340357664,0.015533704079461912,0.9621072079466292

0.014223516474030307,0.011686885284416663,0.9692402664173512,0.00484933182420191
0.012629279235770034,0.012873822062273246,0.020583251081345084,0.9539136476206116
0.9674500056345249,0.0011368436048590845,0.022185934801676698,0.009227215958939251
0.0008224218763186201,0.9786467212477115,0.01677923469837821,0.0037516221775918132

Transition Gammas
1.0,1.0,1314.405611303626,23.594388696372793
1115.9773025903125,25.022697409687396,1.0,1.0
23.139813430195453,4.309781065877229,7.68143239821362,1081.4221918594696
15.720801735048834,2.006804489487544,12.316038536567948,762.8154488308586

10.5503176801115,8.66876715520675,718.9356259213042,3.597000177489002
1.3836977410965898,1.4104905097350005,2.2551562519113615,104.51334037142855
921.6008948019332,1.082966641569058,21.1345053968264,8.789922409180894
1.018466171259084,1211.931014853339,20.778974163977885,4.645912742892943

Iteration: ,10000
Error:,0.022396695614310267
Absolute Error:,0.019406451525102373
Transition Probabilities
0.0005959475566150183,0.0005959475566150183,0.9847006283231932,0.01410747656357676
0.9813751223071471,0.01724936187442098,0.0006877579092159565,0.0006877579092159565
0.023202155137500034,0.0038482898165904883,0.006604411783067478,0.966345143262842
0.0178178507973599,0.001927936125980852,0.012731638611942112,0.9675225744647171

0.011665849198506821,0.014279765430344241,0.969548760357718,0.004505625013430836
0.011945717581096414,0.005008609676449083,0.018983720230679048,0.9640619525117754
0.9688958637129963,0.0008602414217341404,0.02254665474382454,0.0076972401214451805
0.0005910588518940161,0.9801448178526135,0.016390578953918405,0.0028735443415740195

Transition Gammas
1.0,1.0,1652.327654326317,23.67234567368179
1426.9194278345908,25.08057216540809,1.0,1.0
33.336080813802276,5.529094153562125,9.4889980531217,1388.4123952679693
18.66376947798679,2.019466647959647,13.336084740676574,1013.4565891209177

11.980032310383248,14.664346189398218,995.6605196871725,4.626969911995885
3.3640715425156817,1.4104905097350005,5.346065865491951,271.49255435262853
1223.4623405010448,1.0862601675246273,28.47053436438212,9.719603279441214
1.0196714712590549,1690.90726797189,28.276381790364457,4.957325615057887

Iteration: ,12500
Error:,0.022759471977022994
Absolute Error:,0.019426470969359726
Transition Probabilities
0.0005068423720223011,0.0005068423720223011,0.985948182413576,0.013038132842379436
0.9814494188847741,0.017430760286558464,0.0005599104143337069,0.0005599104143337069
0.0258551410787814,0.003123737506796344,0.005817674864370685,0.9652034465500515
0.017363167613411765,0.0017840893199554324,0.011793488084204613,0.9690592549824282

0.0126573159339689,0.012464738447703494,0.9711694442290544,0.0037085013892733903
0.016568093479691265,0.0022683118453958517,0.020320331852564558,0.9608432628223483
0.9699143539823429,0.0007568348698471951,0.022369283352553664,0.006959527795256121
0.00042497082363527467,0.9816793130780803,0.01573227740082681,0.0021634386974577115

Transition Gammas
1.0,1.0,1945.2757639019853,25.72423609801463
1752.8686621282054,31.131337871793395,1.0,1.0
46.39371030589082,5.605143384071052,10.439065928477126,1731.9328851869873
19.653913907793633,2.019466647959647,13.349418990835998,1096.9085591423884

15.85393424158072,15.612721110804163,1216.4392977597106,4.64508727340546
10.302436441859092,1.4104905097350005,12.635667926737955,597.4753014249782
1393.4366486335348,1.0873139883731133,32.13704292460007,9.99847156326358
1.0211621817211023,2358.8767353911985,37.80308157780177,5.198525775058409

Iteration: ,15000
Error:,0.022548457911073346
Absolute Error:,0.019383245940156307
Transition Probabilities
0.0004438526409232135,0.0004438526409232135,0.9863435871845556,0.012768707533598043
0.9824781559209912,0.01657933701020575,0.00047125353440150854,0.00047125353440150854
0.02744495180198077,0.004025270556200272,0.004868997306170143,0.9636607803356487
0.016183167224042457,0.003295761802670102,0.0110011419080305,0.9695199290652569

0.012780692538602785,0.013349510103820492,0.9705178817847889,0.0033519155727878567
0.01846699056303983,0.0024990901520663103,0.020041402535117617,0.9589925167497763
0.9696057158554525,0.0006729948989474445,0.02217651084770908,0.00754477839789088
0.00033276510079780283,0.9834542016209138,0.01448259362205406,0.0017304396562344833

Transition Gammas
1.0,1.0,2222.232101926804,28.767898073196392
2084.818646864341,35.181353135656565,1.0,1.0
58.90011110327893,8.638706480214774,10.449443830842847,2068.1299583679975
19.653913907793633,4.002592189373214,13.360517935366346,1177.4494419998312

19.202843572818363,20.057485423669206,1458.191957301692,5.0362146041090625
17.68649117012501,2.3934671844328617,19.194361299112025,918.4611115607195
1568.3828698313816,1.0886009165713584,35.871549803613036,12.204034075320957
1.0221463304494143,3020.851949143198,44.48582465733856,5.315348696253372

Iteration: ,15292
Error:,0.022548500889224717
Absolute Error:,0.0193892605952362
Transition Probabilities
0.0004370629370629372,0.0004370629370629372,0.9865504682153545,0.012575405910519677
0.9827762279835203,0.016297417222593757,0.00046317739694302977,0.00046317739694302977
0.027784379898423053,0.003946209665369164,0.00477384724406139,0.9634955631921464
0.016038895879866604,0.003266380410339913,0.01090420166965006,0.9697905220401435

0.012901046202129807,0.013482746581653996,0.9703139704208414,0.003302236795374718
0.019147439146361946,0.002424868417258773,0.01919149888354382,0.9592361935528354
0.9699217605093788,0.000666034496080445,0.02194588793664241,0.007466317057898152
0.00032415332805469207,0.9826476309305948,0.015325458129842451,0.0017027576115080372

*,*,*,*,*,*,*,*,*,*,*
Model Num 2
Model States: 
"['diamond', 'x', 'square']","['diamond', 'x', 'diamond']","['square', 'y', 'diamond', 'x', 'square']","['square', 'y', 'diamond', 'x', 'diamond']"
Iteration: ,15292
Error:,0.022079673544641683
Absolute Error:,0.0193892605952362
Transition Probabilities
0.0004370629370629372,0.0004370629370629372,0.9865504682153545,0.012575405910519677
0.9827762279835203,0.016297417222593757,0.00046317739694302977,0.00046317739694302977
0.027784379898423053,0.003946209665369164,0.00477384724406139,0.9634955631921464
0.016038895879866604,0.003266380410339913,0.01090420166965006,0.9697905220401435

0.012901046202129807,0.013482746581653996,0.9703139704208414,0.003302236795374718
0.019147439146361946,0.002424868417258773,0.01919149888354382,0.9592361935528354
0.9699217605093788,0.000666034496080445,0.02194588793664241,0.007466317057898152
0.00032415332805469207,0.9826476309305948,0.015325458129842451,0.0017027576115080372

Transition Gammas
1.0,1.0,2257.2274712767303,28.77252872326901
2121.8138762164176,35.18612378357988,1.0,1.0
60.823200749725636,8.638706480214774,10.450500257180485,2109.2025186724422
19.653913907793633,4.002592189373214,13.361907356574493,1188.3722901834656

19.679926404701284,20.567282397328686,1480.1673622549456,5.037403640422772
19.151868722119453,2.4254293872283927,19.19593865209746,959.458103613821
1585.3811355533276,1.088663610515514,35.871549803613036,12.204034075320957
1.0222406904813408,3098.849543734632,48.32992767530605,5.369767840904755

