0,1,2,3,4,5,6,7,8,9,10,11,12,13,14,15,16,17,18,19,20,21,22,23,24,25,26,27,28,29
github Code Version (SHA):,435d1819722f15ec466ddfbacb6c2019a68c5c80
Environment Observations,Environment Actions,alpha,epsilon,numActions,explore,gainThresh,insertRandActions,useBudd,revisedSplitting,haveControl,confidence_factor
"['diamond', 'square']","['x', 'y']",0.99,0.99,50000,0.5,0.0275,False,True,False,True,250

Model Num 0
Model States: 
['diamond'],['square']
Iteration: ,0
Error:,0.6761172548355185
Transition Probabilities
0.5,0.5
0.5,0.5

0.5,0.5
0.5,0.5

Transition Gammas
1.0,1.0
1.0,1.0

1.0,1.0
1.0,1.0

Iteration: ,2465
Error:,0.1468740047655256
Transition Probabilities
0.4091816367265469,0.590818363273453
0.016200294550810016,0.9837997054491899

0.024,0.976
0.9759797724399494,0.02402022756005057


Model Num 1
Model States: 
['square'],"['diamond', 'x', 'square']","['diamond', 'x', 'diamond']"
Iteration: ,0
Error:,0.7236177941164584
Transition Probabilities
0.3333333333333333,0.3333333333333333,0.3333333333333333
0.3333333333333333,0.3333333333333333,0.3333333333333333
0.3333333333333333,0.3333333333333333,0.3333333333333333

0.3333333333333333,0.3333333333333333,0.3333333333333333
0.3333333333333333,0.3333333333333333,0.3333333333333333
0.3333333333333333,0.3333333333333333,0.3333333333333333

Transition Gammas
1.0,1.0,1.0
1.0,1.0,1.0
1.0,1.0,1.0

1.0,1.0,1.0
1.0,1.0,1.0
1.0,1.0,1.0

Iteration: ,2500
Error:,0.1094324654136245
Transition Probabilities
0.9850746268656716,0.012069785335663063,0.0028555877986652964
0.9956989247311828,0.002150537634408602,0.002150537634408602
0.0032894736842105253,0.9735712330284486,0.02313929328734082

0.02105263157894737,0.30225781719365014,0.6766895512274025
0.9180162668086311,0.02748865554591621,0.05449507764545266
0.9765421716502518,0.014402722302598764,0.009055106047149384

Transition Gammas
858.0,10.512783027362527,2.4872169726374733
463.0,1.0,1.0
1.0,295.9656548406485,7.034345159351612

14.0,201.0014484337773,449.9985515662226
33.396186484100866,1.0,1.9824570013773775
145.72114514813924,2.1491966738503683,1.3512170400164083

Iteration: ,5000
Error:,0.1560242316268173
Transition Probabilities
0.9850905218317358,0.012260684800173085,0.002648793368091026
0.9987129987129987,0.0006435006435006435,0.0006435006435006435
0.0026109660574412507,0.9763472417842965,0.0210417921582623

0.02696871628910464,0.6787807727659089,0.29425051094498644
0.8494433552789334,0.10398546838159319,0.0465711763394733
0.9786321434582647,0.013119513852000983,0.008248342689734336

Transition Gammas
925.0,11.512783027362527,2.4872169726374733
1552.0,1.0,1.0
1.0,373.94099360338595,8.05900639661447

50.0,1258.459552707995,545.5404472920048
72.43261977960408,8.866912486960008,3.9711562725430642
160.3163784397978,2.1491966738503683,1.3512170400164083

Iteration: ,7500
Error:,0.15882367912859696
Transition Probabilities
0.9820923656927427,0.015393781877087724,0.0025138524301695775
0.9992044550517104,0.0003977724741447892,0.0003977724741447892
0.0021881838074398227,0.9801093243357849,0.017702491856775353

0.031456953642384086,0.7615350494260229,0.20700799693159305
0.8918113861450463,0.08337863309514519,0.024809980759808597
0.9786321434582647,0.013119513852000983,0.008248342689734336

Transition Gammas
1042.0,16.332802571590076,2.6671974284099216
2512.0,1.0,1.0
1.0,447.9099612214541,8.090038778546344

95.0,2299.8358492665907,625.1641507334114
211.4910162088421,19.773050801269363,5.883629794966917
160.3163784397978,2.1491966738503683,1.3512170400164083

Iteration: ,10000
Error:,0.14178805506108028
Transition Probabilities
0.984596426370918,0.013087965903573019,0.0023156077255089263
0.9992625368731564,0.0003687315634218289,0.0003687315634218289
0.0015873015873015864,0.9839390601884126,0.014473638224285849

0.027706516162134393,0.7590228486233916,0.21327063521447395
0.9505434975325546,0.03869780915259205,0.010758693314853277
0.9786321434582647,0.013119513852000983,0.008248342689734336

Transition Gammas
1598.0,21.24176866149901,3.758231338500987
2710.0,1.0,1.0
1.0,619.8816079187003,9.11839208130009

108.0,2958.6710639339844,831.3289360660206
758.9171559208461,30.896462222600206,8.589777272821154
160.3163784397978,2.1491966738503683,1.3512170400164083

Iteration: ,12500
Error:,0.14007184688324917
Transition Probabilities
0.9837189374464439,0.014210028681814752,0.0020710338717413734
0.9993732372297085,0.00031338138514572234,0.00031338138514572234
0.0010752688172043004,0.9815710927706248,0.017353638412170906

0.027364792070674403,0.7282034010794428,0.24443180684988292
0.9534151408645316,0.032927612783213295,0.013657246352255088
0.9786321434582647,0.013119513852000983,0.008248342689734336

Transition Gammas
2296.0,33.16620694335563,4.833793056644366
3189.0,1.0,1.0
1.0,912.8611162766816,16.13888372331895

127.0,3379.5919844096966,1134.4080155903075
970.3809662055747,33.51355284587155,13.900274227857999
160.3163784397978,2.1491966738503683,1.3512170400164083

Iteration: ,15000
Error:,0.13635754110313145
Transition Probabilities
0.9819494584837545,0.016433167471859102,0.001617374044386385
0.9994538503549972,0.00027307482250136535,0.00027307482250136535
0.0008136696501220507,0.9827777063896711,0.01640862396020683

0.027674591381872206,0.7033809919636783,0.2689444166544494
0.9561950116488764,0.03023721029121453,0.013567778059908907
0.9786321434582647,0.013119513852000983,0.008248342689734336

Transition Gammas
2992.0,50.07186128675469,4.928138713245315
3660.0,1.0,1.0
1.0,1207.8338011529054,20.16619884709419

149.0,3787.0032607324456,1447.996739267556
1184.7049747374247,37.463250715365305,16.810184081581276
160.3163784397978,2.1491966738503683,1.3512170400164083

Iteration: ,17268
Error:,0.13446194633378894
Transition Probabilities
0.9814166442230002,0.017240303406670772,0.0013430523703289615
0.9995069033530573,0.0002465483234714004,0.0002465483234714004
0.000660501981505945,0.9833607351177152,0.01597876290077879

0.02716131169261344,0.6828366168067841,0.29000207150060237
0.957104798657014,0.029820358921702112,0.013074842421283792
0.9786321434582647,0.013119513852000983,0.008248342689734336


Model Num 2
Model States: 
"['diamond', 'x', 'square']","['diamond', 'x', 'diamond']","['square', 'y', 'diamond', 'x', 'square']","['square', 'y', 'diamond', 'x', 'diamond']"
Iteration: ,0
Error:,0.6752568763694501
Transition Probabilities
0.25,0.25,0.25,0.25
0.25,0.25,0.25,0.25
0.25,0.25,0.25,0.25
0.25,0.25,0.25,0.25

0.25,0.25,0.25,0.25
0.25,0.25,0.25,0.25
0.25,0.25,0.25,0.25
0.25,0.25,0.25,0.25

Transition Gammas
1.0,1.0,1.0,1.0
1.0,1.0,1.0,1.0
1.0,1.0,1.0,1.0
1.0,1.0,1.0,1.0

1.0,1.0,1.0,1.0
1.0,1.0,1.0,1.0
1.0,1.0,1.0,1.0
1.0,1.0,1.0,1.0

Iteration: ,2500
Error:,0.04413686513523758
Transition Probabilities
0.002079002079002078,0.002079002079002078,0.9711251542226382,0.024716841619357596
0.9833775334948578,0.011345421650260928,0.0026385224274406336,0.0026385224274406336
0.016327189377888702,0.004654105863749026,0.016084910799461845,0.9629337939589004
0.01807960057438056,0.004784191564246141,0.0107157001450014,0.9664205077163719

0.01290992385954534,0.013351496351415918,0.9665339898126099,0.007204589976428885
0.08805250896363333,0.04428443822408295,0.09236234295039236,0.7753007098618914
0.9855310579954868,0.0032653893341707814,0.005584460170473953,0.005619092499868383
0.002512539527362375,0.9601179820805277,0.017121925024386267,0.020247553367723655

Transition Gammas
1.0,1.0,467.1111991810892,11.88880081891101
372.70008519455104,4.299914805448891,1.0,1.0
5.935862567347451,1.6920323603591656,5.84778051530108,350.08123750528983
4.406679352939384,1.1660876079610272,2.6118195690772383,235.55306324884575

3.164379551835788,3.272614346953909,236.9092511150562,1.7659327389383648
1.9883397530771485,1.0,2.0856613892905496,17.507294683039788
338.00287217067483,1.1199149582866479,1.9152755885564152,1.9271532728874265
1.017816960014814,388.93890230759285,6.936004583464992,8.20218069886784

Iteration: ,5000
Error:,0.0378192857436965
Transition Probabilities
0.0010615711252653925,0.0010615711252653925,0.9797850376429745,0.01809182010649464
0.974603144440204,0.0227721836437855,0.0013123359580052506,0.0013123359580052506
0.014443201059303407,0.002317920141733677,0.024915071642953073,0.9583238071560098
0.022515178553539048,0.002535692066224833,0.013355263080678382,0.9615938662995577

0.016229370195531435,0.0108802619991881,0.9693483663803205,0.0035420014249599187
0.05786767742103272,0.02910351580079656,0.09179735200854738,0.8212314547696232
0.9802557039638283,0.0016430901535415836,0.010231686775437858,0.007869519107192262
0.001279549775885877,0.9674374905308003,0.012224567304367856,0.019058392388945928

Transition Gammas
1.0,1.0,922.9575054596821,17.042494540317954
742.6475960634348,17.352403936564535,1.0,1.0
10.75315804499367,1.725722817081554,18.549606972786684,713.4850033809346
10.94500174239033,1.2326419715927037,6.492214900295777,467.44672786377686

8.213123421847017,5.506124611413961,490.5537107064959,1.7924845211531162
1.9883397530771485,1.0,3.154167099152842,28.217602999949108
671.90535901413,1.1262378530864203,7.013195790008256,5.394074260017451
1.0183245861891932,769.9312686187799,9.728873136602875,15.167545576308708

Iteration: ,7500
Error:,0.030218412993577685
Transition Probabilities
0.000744047619047618,0.000744047619047618,0.9790320809272725,0.01947982383463222
0.980789745008129,0.017416533018776794,0.0008968609865470865,0.0008968609865470865
0.015512748996841158,0.002503957773164192,0.017070692672432337,0.9649126005575622
0.024057716720091063,0.001663720285066352,0.011185085985602312,0.9630934770092403

0.019147593435955554,0.007300062693186169,0.9705920166668782,0.002960327203980171
0.04650690225216674,0.011725702065791785,0.03896886382730893,0.9027985318547325
0.983243380079911,0.0011000870121339378,0.00841818286585145,0.0072383500421036445
0.0008457773719098326,0.9715002619194625,0.010022078809826326,0.017631881898801372

Transition Gammas
1.0,1.0,1315.819116766256,26.180883233745742
1093.5805656840623,19.419434315936098,1.0,1.0
16.925229221164138,2.7319502996889504,18.625028130333174,1052.770656326088
18.013471305049524,1.2457282610549465,8.374952111639804,721.1264856942191

15.5996549403075,5.947403230448476,790.7469206750934,2.4117956675316967
3.966236050619485,1.0,3.3233714799044347,76.99313241878541
1010.8186608838957,1.1309391987674693,8.654272689681518,7.441351190153399
1.019376289945644,1170.9042657885868,12.079147366681692,21.250890543659565

Iteration: ,10000
Error:,0.025275629480181756
Transition Probabilities
0.000606428138265615,0.000606428138265615,0.9816409767114422,0.01714616701202646
0.9838053829326296,0.01481435481754288,0.000690131124913734,0.000690131124913734
0.01389508062285784,0.002656291243801285,0.014258538303239001,0.9691900898301019
0.021880835895552692,0.002703112686021725,0.010613318408313928,0.9648027330101117

0.01806365523340545,0.006171038498968071,0.9725791258242499,0.0031861804433766143
0.024867249589685215,0.004183331961024592,0.029841940521079285,0.9411074779282109
0.9811985427743208,0.000872754091408838,0.010140366165798732,0.007788336968471557
0.0005992759731144017,0.9712338689856936,0.009624952884597823,0.018541902156594136

Transition Gammas
1.0,1.0,1618.7259705971696,28.27402940283166
1425.5339998693796,21.466000130619623,1.0,1.0
19.77453376999701,3.7802530499238305,20.291782022795115,1379.2854234587383
22.435465873650642,2.771630513082858,10.882342159712115,989.2583123688052

20.084855739882553,6.861535852822433,1081.4041336260864,3.54269242518032
5.944364401718355,1.0,7.133533938762614,224.96600477713767
1274.7290533148046,1.1338428954170339,13.173908031136536,10.11825739431405
1.0210929518307688,1654.8637066937788,16.399742344233623,31.59313313904493

Iteration: ,12500
Error:,0.02420861300595904
Transition Probabilities
0.0005216484089723523,0.0005216484089723523,0.9820834505492019,0.016873252632853376
0.9840139969186085,0.014864298089804403,0.0005608524957936067,0.0005608524957936067
0.012897273211211344,0.002702912930772328,0.011568802570773426,0.9728310112872429
0.021472122435813465,0.0034145342626021214,0.009791569032066554,0.9653217742695179

0.019571424450011036,0.005949605759954769,0.9717304200745082,0.0027485497155260723
0.015467520134198462,0.0034297027829206937,0.026918263383195758,0.954184513699685
0.9804771638689583,0.0007661023419558847,0.011204020879011447,0.00755271291007442
0.00042841769392540553,0.9710147769388063,0.00909732153667555,0.019459483830592726

Transition Gammas
1.0,1.0,1882.6539747028214,32.34602529717994
1754.4969565058775,26.50304349412123,1.0,1.0
22.68621910549477,4.754406142010915,20.349447950023457,1711.203377121418
23.884992688462056,3.7982330876023207,10.891869466495102,1073.7971334396016

26.670047608324268,8.10754829184978,1324.1803953533622,3.7454581782822216
8.898311123317338,1.9730740388990697,15.485810291818256,548.9328992808868
1452.7003773406418,1.1350770851707521,16.600167712674715,11.190295193735937
1.0235063697567364,2319.791697253822,21.73385150178646,46.48945628342262

Iteration: ,15000
Error:,0.024250007671291225
Transition Probabilities
0.000459136822773186,0.000459136822773186,0.9832831350300564,0.01579859132439735
0.9845841953590265,0.0144683863558005,0.00047370914258645225,0.00047370914258645225
0.012643741549770365,0.0022835552665801664,0.009716096827407589,0.9753566063562419
0.022795878182370187,0.0031805126500131188,0.009126822760359615,0.9648967864072571

0.016927487478920197,0.0055950472315357425,0.9748701980167077,0.0026072672728362652
0.018511553891031388,0.003247796882162595,0.026365600536254422,0.9518750486905515
0.9792363012454361,0.0006782425766480986,0.012303378316449095,0.007782077861466767
0.0003343653438191788,0.9714083213176051,0.008682885893010011,0.019574427445565756

Transition Gammas
1.0,1.0,2141.5906680954645,34.40933190453746
2078.4572364029036,30.542763597094837,1.0,1.0
26.53246847626465,4.791964299954137,20.38890401000081,2046.7531948035955
27.22330275054028,3.7982330876023207,10.899437923297317,1152.299425766496

27.554388970397888,9.107559991845765,1586.883621402903,4.244082689470803
16.80102617125528,2.947689898824309,23.929333390271776,863.9187017445901
1640.667417374166,1.1363656506270907,20.613770038705383,13.038529689451563
1.0249609071789885,2977.7474629588132,26.616450437650627,60.003296642388385

Iteration: ,15708
Error:,0.024049638594313586
Transition Probabilities
0.00044169611307420483,0.00044169611307420483,0.9834678915491706,0.015648716224681
0.9825474575826436,0.016547155364391216,0.0004526935264825718,0.0004526935264825718
0.01340073947571629,0.0026481413645367095,0.009300222027184063,0.974650897132563
0.022356712295027996,0.0031192396142049913,0.008952685373052598,0.9655713627177145

0.016858171071461824,0.005380358469913366,0.9752179779196325,0.002543492538992346
0.01679256379557288,0.0029462052002669228,0.02682683140042114,0.9534343996037391
0.9793609053537883,0.0006561444172112337,0.012291746854463608,0.0076912033745368865
0.0003153378105137428,0.9727427520856992,0.008237343985621749,0.01870456611816533

