0,1,2,3,4,5,6,7,8,9,10,11,12,13,14,15,16,17,18,19,20,21,22,23,24,25,26,27,28,29
github Code Version (SHA):,3130f818d955eaa9876b4af7408e9fb46046852d
Environment Observations,Environment Actions,alpha,epsilon,numActions,explore,patience,gainThresh,insertRandActions,useBudd,revisedSplitting,haveControl,confidence_factor
"['diamond', 'square']","['x', 'y']",0.75,0.99,75000,0.5,0,0.01,False,True,False,True,250

Model Num 0
Model States: 
['diamond'],['square']
Iteration: ,0
Error:,0.40325230325969685
Absolute Error:,1
Transition Probabilities
0.5,0.5
0.5,0.5

0.5,0.5
0.5,0.5

Transition Gammas
1.0,1.0
1.0,1.0

1.0,1.0
1.0,1.0

Iteration: ,2402
Error:,0.06616361683947858
Absolute Error:,1
Transition Probabilities
0.4876760563380282,0.5123239436619719
0.17073170731707318,0.8292682926829268

0.234,0.766
0.8230994152046783,0.17690058479532164


Model Num 1
Model States: 
['square'],"['diamond', 'x', 'square']","['diamond', 'x', 'diamond']"
Iteration: ,0
Error:,0.4737965206466921
Absolute Error:,1
Transition Probabilities
0.3333333333333333,0.3333333333333333,0.3333333333333333
0.3333333333333333,0.3333333333333333,0.3333333333333333
0.3333333333333333,0.3333333333333333,0.3333333333333333

0.3333333333333333,0.3333333333333333,0.3333333333333333
0.3333333333333333,0.3333333333333333,0.3333333333333333
0.3333333333333333,0.3333333333333333,0.3333333333333333

Transition Gammas
1.0,1.0,1.0
1.0,1.0,1.0
1.0,1.0,1.0

1.0,1.0,1.0
1.0,1.0,1.0
1.0,1.0,1.0

Iteration: ,2500
Error:,0.05388710776887946
Absolute Error:,1
Transition Probabilities
0.8365714285714285,0.09576142430850279,0.06766714712006865
0.9958932238193019,0.002053388090349076,0.002053388090349076
0.0028490028490028496,0.7177101830761529,0.27944081407484433

0.17052980132450335,0.3751115878708284,0.45435861080466833
0.7016595545973435,0.08341796843903453,0.21492247696362185
0.8603403119825102,0.0558299404870035,0.0838297475304863

Transition Gammas
732.0,83.79124626993995,59.20875373006007
485.0,1.0,1.0
1.0,251.91627425972962,98.08372574027034

103.0,226.56739907398028,274.43260092601963
35.26243152565761,4.192233086284919,10.80109160859866
68.35537620771215,4.435775625635086,6.660403854190677

Iteration: ,2877
Error:,0.060146938011465104
Absolute Error:,1
Transition Probabilities
0.8423326133909287,0.09119146813388598,0.06647591847518532
0.9965457685664939,0.0017271157167530224,0.0017271157167530224
0.002457002457002457,0.7307510437328368,0.2667919538101607

0.17976031957390146,0.3892325385459542,0.4310071418801443
0.7080376157776912,0.08858336074989388,0.20337902347241502
0.8702827709719192,0.05185537272480382,0.07786185630327694


Model Num 2
Model States: 
"['diamond', 'x', 'square']","['diamond', 'x', 'diamond']","['square', 'y', 'diamond', 'x', 'diamond']","['square', 'y', 'diamond', 'x', 'square']"
Iteration: ,0
Error:,0.4018310942605717
Absolute Error:,0.5
Transition Probabilities
0.25,0.25,0.25,0.25
0.25,0.25,0.25,0.25
0.25,0.25,0.25,0.25
0.25,0.25,0.25,0.25

0.25,0.25,0.25,0.25
0.25,0.25,0.25,0.25
0.25,0.25,0.25,0.25
0.25,0.25,0.25,0.25

Transition Gammas
1.0,1.0,1.0,1.0
1.0,1.0,1.0,1.0
1.0,1.0,1.0,1.0
1.0,1.0,1.0,1.0

1.0,1.0,1.0,1.0
1.0,1.0,1.0,1.0
1.0,1.0,1.0,1.0
1.0,1.0,1.0,1.0

Iteration: ,2500
Error:,0.23803946174355306
Absolute Error:,0.3207182942529824
Transition Probabilities
0.0011655011655011653,0.0011655011655011653,0.28115604264097765,0.7165129550280199
0.6896509765644232,0.30598221120850255,0.002183406113537118,0.002183406113537118
0.25,0.25,0.25,0.25
0.1462886627267846,0.22839943069585528,0.3513650171206495,0.2739468894567107

0.3158507976935013,0.1826290401731041,0.1826290401731041,0.31889112196029057
0.25,0.25,0.25,0.25
0.003246495880827693,0.983688251890791,0.006532626114190677,0.006532626114190677
0.7691905199036049,0.001490679302138769,0.11465940039712821,0.11465940039712821

Transition Gammas
1.0,1.0,241.2318845859589,614.7681154140413
315.8601472665058,140.13985273349417,1.0,1.0
1.0,1.0,1.0,1.0
1.0,1.5612927648564572,2.4018608863550477,1.872646070791873

1.7294664495532777,1.0,1.0,1.7461139896373057
1.0,1.0,1.0,1.0
1.0,303.0,2.012208348320832,2.012208348320832
516.0,1.0,76.91755042994113,76.91755042994113

Iteration: ,5000
Error:,0.2367287009962106
Absolute Error:,0.32032122716868267
Transition Probabilities
0.0005830903790087462,0.0005830903790087462,0.2747888577526473,0.7240449614893352
0.6940403429313681,0.3037275142114891,0.0011160714285714285,0.0011160714285714285
0.25,0.25,0.25,0.25
0.1462886627267846,0.22839943069585528,0.3513650171206495,0.2739468894567107

0.3158507976935013,0.1826290401731041,0.1826290401731041,0.31889112196029057
0.25,0.25,0.25,0.25
0.001663938225961724,0.9883793062212641,0.004978377776387104,0.004978377776387104
0.7761533964357985,0.0007363884216658429,0.11155510757126777,0.11155510757126777

Transition Gammas
1.0,1.0,471.2628910457902,1241.73710895421
621.8601472665058,272.1398527334942,1.0,1.0
1.0,1.0,1.0,1.0
1.0,1.5612927648564572,2.4018608863550477,1.872646070791873

1.7294664495532777,1.0,1.0,1.7461139896373057
1.0,1.0,1.0,1.0
1.0,594.0,2.991924639215316,2.991924639215316
1054.0,1.0,151.48949153615163,151.48949153615163

Iteration: ,7500
Error:,0.24020867489588427
Absolute Error:,0.3232629732518678
Transition Probabilities
0.0003909304143862392,0.0003909304143862392,0.2761088793948677,0.7231092597763599
0.6756722841599611,0.3228899013181123,0.0007189072609633358,0.0007189072609633358
0.25,0.25,0.25,0.25
0.1462886627267846,0.22839943069585528,0.3513650171206495,0.2739468894567107

0.3158507976935013,0.1826290401731041,0.1826290401731041,0.31889112196029057
0.25,0.25,0.25,0.25
0.0011050056594729466,0.9911900765472331,0.0038524588966470145,0.0038524588966470145
0.7756121705113446,0.0004955988309976642,0.11194611532882894,0.11194611532882894

Transition Gammas
1.0,1.0,706.2865134920718,1849.7134865079288
939.8601472665058,449.1398527334942,1.0,1.0
1.0,1.0,1.0,1.0
1.0,1.5612927648564572,2.4018608863550477,1.872646070791873

1.7294664495532777,1.0,1.0,1.7461139896373057
1.0,1.0,1.0,1.0
1.0,897.0,3.4863702856368333,3.4863702856368333
1565.0,1.0,225.88050723097155,225.88050723097155

Iteration: ,10000
Error:,0.24286702905433044
Absolute Error:,0.32494106695667335
Transition Probabilities
0.00029515938606847723,0.00029515938606847723,0.28506705350340955,0.7143426277244534
0.6732458756651817,0.32570370416675115,0.0005252100840336134,0.0005252100840336134
0.25,0.25,0.25,0.25
0.1462886627267846,0.22839943069585528,0.3513650171206495,0.2739468894567107

0.3158507976935013,0.1826290401731041,0.1826290401731041,0.31889112196029057
0.25,0.25,0.25,0.25
0.0008123778663663653,0.9927257526996984,0.003230934716967579,0.003230934716967579
0.773280203392786,0.0003785023021991121,0.11317064715250741,0.11317064715250741

Transition Gammas
1.0,1.0,965.8071772695506,2420.192822730446
1281.860147266506,620.1398527334942,1.0,1.0
1.0,1.0,1.0,1.0
1.0,1.5612927648564572,2.4018608863550477,1.872646070791873

1.7294664495532777,1.0,1.0,1.7461139896373057
1.0,1.0,1.0,1.0
1.0,1222.0,3.9771328721928714,3.9771328721928714
2043.0,1.0,298.9959281488695,298.9959281488695

Iteration: ,12500
Error:,0.2390826659870713
Absolute Error:,0.32388030171789367
Transition Probabilities
0.00023584905660377375,0.00023584905660377375,0.28297102837764493,0.7165572735091474
0.680709464643806,0.31843583450149326,0.00042735042735042735,0.00042735042735042735
0.25,0.25,0.25,0.25
0.1462886627267846,0.22839943069585528,0.3513650171206495,0.2739468894567107

0.3158507976935013,0.1826290401731041,0.1826290401731041,0.31889112196029057
0.25,0.25,0.25,0.25
0.0006566590385499914,0.993525125326137,0.002909107817656556,0.002909107817656556
0.7700618547894336,0.00030010204785246825,0.11481902158135705,0.11481902158135705

Transition Gammas
1.0,1.0,1199.7971603212138,3038.202839678783
1592.860147266506,745.1398527334942,1.0,1.0
1.0,1.0,1.0,1.0
1.0,1.5612927648564572,2.4018608863550477,1.872646070791873

1.7294664495532777,1.0,1.0,1.7461139896373057
1.0,1.0,1.0,1.0
1.0,1513.0,4.430164890565328,4.430164890565328
2566.0,1.0,382.5999269348628,382.5999269348628

Iteration: ,15000
Error:,0.23766970122636186
Absolute Error:,0.3240345781188541
Transition Probabilities
0.00019603999215840056,0.00019603999215840056,0.2816313392259977,0.7179765807896855
0.6790812490265334,0.3202065002612159,0.00035612535612535614,0.00035612535612535614
0.25,0.25,0.25,0.25
0.1462886627267846,0.22839943069585528,0.3513650171206495,0.2739468894567107

0.3158507976935013,0.1826290401731041,0.1826290401731041,0.31889112196029057
0.25,0.25,0.25,0.25
0.0005478114436750218,0.9942777702701644,0.002587209143080262,0.002587209143080262
0.772240854080901,0.00024951239227169664,0.11375481676341359,0.11375481676341359

Transition Gammas
1.0,1.0,1436.6014613918126,3662.3985386081813
1906.860147266506,899.1398527334942,1.0,1.0
1.0,1.0,1.0,1.0
1.0,1.5612927648564572,2.4018608863550477,1.872646070791873

1.7294664495532777,1.0,1.0,1.7461139896373057
1.0,1.0,1.0,1.0
1.0,1815.0,4.722809596170234,4.722809596170234
3095.0,1.0,455.9084850565049,455.9084850565049

Iteration: ,17500
Error:,0.23881205426559712
Absolute Error:,0.32478821989809364
Transition Probabilities
0.00016806722689075642,0.00016806722689075642,0.28327641598667264,0.7163874495595458
0.6754201235263895,0.32397326440203034,0.00030330603579011223,0.00030330603579011223
0.25,0.25,0.25,0.25
0.1462886627267846,0.22839943069585528,0.3513650171206495,0.2739468894567107

0.3158507976935013,0.1826290401731041,0.1826290401731041,0.31889112196029057
0.25,0.25,0.25,0.25
0.0004679491475570408,0.9948598877062687,0.002336081573087179,0.002336081573087179
0.7728974043930936,0.00021433649594927723,0.11344412955547863,0.11344412955547863

Transition Gammas
1.0,1.0,1685.4946751207012,4262.505324879295
2226.860147266506,1068.139852733494,1.0,1.0
1.0,1.0,1.0,1.0
1.0,1.5612927648564572,2.4018608863550477,1.872646070791873

1.7294664495532777,1.0,1.0,1.7461139896373057
1.0,1.0,1.0,1.0
1.0,2126.0,4.9921697374230645,4.9921697374230645
3606.0,1.0,529.2805084502511,529.2805084502511

Iteration: ,20000
Error:,0.24289219469017354
Absolute Error:,0.3251576359483172
Transition Probabilities
0.00014639145073927693,0.00014639145073927693,0.2822790211250781,0.7174281959734433
0.6721071156285465,0.3273628022087183,0.00026504108136761196,0.00026504108136761196
0.25,0.25,0.25,0.25
0.1462886627267846,0.22839943069585528,0.3513650171206495,0.2739468894567107

0.3158507976935013,0.1826290401731041,0.1826290401731041,0.31889112196029057
0.25,0.25,0.25,0.25
0.0004101341280139604,0.9953955286898819,0.00209716859105213,0.00209716859105213
0.777801983219457,0.00018679202286730478,0.11100561237883774,0.11100561237883774

Transition Gammas
1.0,1.0,1928.2479933054071,4900.752006694588
2535.860147266506,1235.139852733494,1.0,1.0
1.0,1.0,1.0,1.0
1.0,1.5612927648564572,2.4018608863550477,1.872646070791873

1.7294664495532777,1.0,1.0,1.7461139896373057
1.0,1.0,1.0,1.0
1.0,2427.0,5.113372547677244,5.113372547677244
4164.0,1.0,594.273838223247,594.273838223247

Iteration: ,22500
Error:,0.24026192703243418
Absolute Error:,0.3250895217079896
Transition Probabilities
0.00013019138133055607,0.00013019138133055607,0.28309791001574086,0.716641707221598
0.6738748871939801,0.32565285778831027,0.0002361275088547816,0.0002361275088547816
0.25,0.25,0.25,0.25
0.1462886627267846,0.22839943069585528,0.3513650171206495,0.2739468894567107

0.3158507976935013,0.1826290401731041,0.1826290401731041,0.31889112196029057
0.25,0.25,0.25,0.25
0.00036393308635396693,0.9957209242644535,0.001957571324596312,0.001957571324596312
0.7765970967003396,0.00016604599031437665,0.11161842865467304,0.11161842865467304

Transition Gammas
1.0,1.0,2174.475046830903,5504.524953169088
2853.860147266506,1379.139852733494,1.0,1.0
1.0,1.0,1.0,1.0
1.0,1.5612927648564572,2.4018608863550477,1.872646070791873

1.7294664495532777,1.0,1.0,1.7461139896373057
1.0,1.0,1.0,1.0
1.0,2736.0,5.3789320015063105,5.3789320015063105
4677.0,1.0,672.2139356894115,672.2139356894115

Iteration: ,25000
Error:,0.2416643596186916
Absolute Error:,0.32539417288912664
Transition Probabilities
0.00011719207781553976,0.00011719207781553976,0.28426970708755017,0.7154959087568187
0.672936960557763,0.32663832081832533,0.00021235931195582927,0.00021235931195582927
0.25,0.25,0.25,0.25
0.1462886627267846,0.22839943069585528,0.3513650171206495,0.2739468894567107

0.3158507976935013,0.1826290401731041,0.1826290401731041,0.31889112196029057
0.25,0.25,0.25,0.25
0.00032719592854391777,0.9959844064876857,0.0018441987918851853,0.0018441987918851853
0.7767630525657048,0.00014957886627492873,0.11154368428401007,0.11154368428401007

Transition Gammas
1.0,1.0,2425.6734105780633,6105.3265894219285
3168.860147266506,1538.139852733494,1.0,1.0
1.0,1.0,1.0,1.0
1.0,1.5612927648564572,2.4018608863550477,1.872646070791873

1.7294664495532777,1.0,1.0,1.7461139896373057
1.0,1.0,1.0,1.0
1.0,3044.0,5.636374511419533,5.636374511419533
5193.0,1.0,745.7182091418631,745.7182091418631

Iteration: ,27500
Error:,0.24020110798415226
Absolute Error:,0.3252086479224169
Transition Probabilities
0.0001063829787234043,0.0001063829787234043,0.2822870844473741,0.7175001495951792
0.672700221908415,0.3269129308962271,0.00019342359767891682,0.00019342359767891682
0.25,0.25,0.25,0.25
0.1462886627267846,0.22839943069585528,0.3513650171206495,0.2739468894567107

0.3158507976935013,0.1826290401731041,0.1826290401731041,0.31889112196029057
0.25,0.25,0.25,0.25
0.0002989778805578792,0.9961942980188534,0.0017533620502943321,0.0017533620502943321
0.7777248421955414,0.00013565756884624828,0.11106975011780625,0.11106975011780625

Transition Gammas
1.0,1.0,2653.4985938053155,6744.501406194681
3477.860147266506,1690.139852733494,1.0,1.0
1.0,1.0,1.0,1.0
1.0,1.5612927648564572,2.4018608863550477,1.872646070791873

1.7294664495532777,1.0,1.0,1.7461139896373057
1.0,1.0,1.0,1.0
1.0,3332.0,5.864520970657221,5.864520970657221
5733.0,1.0,818.7508523294458,818.7508523294458

Iteration: ,30000
Error:,0.24137817586178367
Absolute Error:,0.3251542421756668
Transition Probabilities
9.743739647276629e-05,9.743739647276629e-05,0.2818858349472214,0.717919290259833
0.6729255108067768,0.3267188071729493,0.00017784101013693757,0.00017784101013693757
0.25,0.25,0.25,0.25
0.1462886627267846,0.22839943069585528,0.3513650171206495,0.2739468894567107

0.3158507976935013,0.1826290401731041,0.1826290401731041,0.31889112196029057
0.25,0.25,0.25,0.25
0.0002751568321613324,0.9963428892561845,0.0016909769558270597,0.0016909769558270597
0.7787386470360284,0.00012412155674785278,0.11056861570361193,0.11056861570361193

Transition Gammas
1.0,1.0,2892.9943240633324,7368.0056759366635
3783.860147266506,1837.139852733494,1.0,1.0
1.0,1.0,1.0,1.0
1.0,1.5612927648564572,2.4018608863550477,1.872646070791873

1.7294664495532777,1.0,1.0,1.7461139896373057
1.0,1.0,1.0,1.0
1.0,3621.0,6.145502339682379,6.145502339682379
6274.0,1.0,890.8091277667985,890.8091277667985

Iteration: ,32500
Error:,0.2438440716861218
Absolute Error:,0.32538668077911703
Transition Probabilities
8.99199712256092e-05,8.99199712256092e-05,0.28365673449143186,0.7161634255661169
0.6730792125763262,0.3265935622927837,0.0001636125654450262,0.0001636125654450262
0.25,0.25,0.25,0.25
0.1462886627267846,0.22839943069585528,0.3513650171206495,0.2739468894567107

0.3158507976935013,0.1826290401731041,0.1826290401731041,0.31889112196029057
0.25,0.25,0.25,0.25
0.0002530592944083576,0.9965475013801123,0.0015997196627396835,0.0015997196627396835
0.7786533670317902,0.00011487951711888319,0.11061587672554542,0.11061587672554542

Transition Gammas
1.0,1.0,3154.546544279214,7964.453455720786
4113.860147266506,1996.139852733494,1.0,1.0
1.0,1.0,1.0,1.0
1.0,1.5612927648564572,2.4018608863550477,1.872646070791873

1.7294664495532777,1.0,1.0,1.7461139896373057
1.0,1.0,1.0,1.0
1.0,3938.0,6.321521074654711,6.321521074654711
6778.0,1.0,962.8859826340884,962.8859826340884

Iteration: ,35000
Error:,0.23939284815265036
Absolute Error:,0.3256632808631364
Transition Probabilities
8.354218880534674e-05,8.354218880534674e-05,0.2833946274688455,0.7164382881535438
0.6707862668181345,0.3289107487855619,0.0001514921981517952,0.0001514921981517952
0.25,0.25,0.25,0.25
0.1462886627267846,0.22839943069585528,0.3513650171206495,0.2739468894567107

0.3158507976935013,0.1826290401731041,0.1826290401731041,0.31889112196029057
0.25,0.25,0.25,0.25
0.00023490387355059962,0.9966971354751942,0.001533980325627554,0.001533980325627554
0.7788370478624322,0.00010679241023754728,0.11052807986366509,0.11052807986366509

Transition Gammas
1.0,1.0,3392.2336908020784,8575.766309197914
4427.860147266506,2171.139852733494,1.0,1.0
1.0,1.0,1.0,1.0
1.0,1.5612927648564572,2.4018608863550477,1.872646070791873

1.7294664495532777,1.0,1.0,1.7461139896373057
1.0,1.0,1.0,1.0
1.0,4243.0,6.530247042934036,6.530247042934036
7293.0,1.0,1034.9806659275528,1034.9806659275528

Iteration: ,37500
Error:,0.24332248164081496
Absolute Error:,0.32552844297221656
Transition Probabilities
7.799095304944637e-05,7.799095304944637e-05,0.2806314292249939,0.7192125888689072
0.6692447424212138,0.330471851032095,0.00014170327334561429,0.00014170327334561429
0.25,0.25,0.25,0.25
0.1462886627267846,0.22839943069585528,0.3513650171206495,0.2739468894567107

0.3158507976935013,0.1826290401731041,0.1826290401731041,0.31889112196029057
0.25,0.25,0.25,0.25
0.00022038758991139193,0.9968130691692257,0.0014832716204315234,0.0014832716204315234
0.7787725569790915,9.933323430855759e-05,0.11056405489329986,0.11056405489329986

Transition Gammas
1.0,1.0,3598.2561855228664,9221.743814477115
4722.860147266506,2332.139852733494,1.0,1.0
1.0,1.0,1.0,1.0
1.0,1.5612927648564572,2.4018608863550477,1.872646070791873

1.7294664495532777,1.0,1.0,1.7461139896373057
1.0,1.0,1.0,1.0
1.0,4523.0,6.730286496748211,6.730286496748211
7840.0,1.0,1113.062064906254,1113.062064906254

Iteration: ,40000
Error:,0.2443315380505733
Absolute Error:,0.32536904792989413
Transition Probabilities
7.308872971787757e-05,7.308872971787757e-05,0.27994996649043297,0.7199038560501313
0.6699787033395291,0.32975484315660725,0.0001332267519317879,0.0001332267519317879
0.25,0.25,0.25,0.25
0.1462886627267846,0.22839943069585528,0.3513650171206495,0.2739468894567107

0.3158507976935013,0.1826290401731041,0.1826290401731041,0.31889112196029057
0.25,0.25,0.25,0.25
0.00020717580638518674,0.9969299803255187,0.0014314219340481676,0.0014314219340481676
0.778323247735574,9.293411913260585e-05,0.11079190907264672,0.11079190907264672

Transition Gammas
1.0,1.0,3830.2754415221,9849.724558477887
5028.860147266506,2475.139852733494,1.0,1.0
1.0,1.0,1.0,1.0
1.0,1.5612927648564572,2.4018608863550477,1.872646070791873

1.7294664495532777,1.0,1.0,1.7461139896373057
1.0,1.0,1.0,1.0
1.0,4812.0,6.909213768845335,6.909213768845335
8375.0,1.0,1192.1553688431688,1192.1553688431688

Iteration: ,42500
Error:,0.24313329338076242
Absolute Error:,0.3256236897372635
Transition Probabilities
6.886578059362308e-05,6.886578059362308e-05,0.2814143155501598,0.7184479528886529
0.6695227570297984,0.3302273679077329,0.0001249375312343828,0.0001249375312343828
0.25,0.25,0.25,0.25
0.1462886627267846,0.22839943069585528,0.3513650171206495,0.2739468894567107

0.3158507976935013,0.1826290401731041,0.1826290401731041,0.31889112196029057
0.25,0.25,0.25,0.25
0.0001945035202262118,0.9970250446795617,0.0013902259001060148,0.0013902259001060148
0.7780590327460387,8.773782507285055e-05,0.11092661471444423,0.11092661471444423

Transition Gammas
1.0,1.0,4086.417276103867,10432.582723896121
5358.860147266506,2643.139852733494,1.0,1.0
1.0,1.0,1.0,1.0
1.0,1.5612927648564572,2.4018608863550477,1.872646070791873

1.7294664495532777,1.0,1.0,1.7461139896373057
1.0,1.0,1.0,1.0
1.0,5126.0,7.147561640473921,7.147561640473921
8868.0,1.0,1264.2963809775265,1264.2963809775265

Iteration: ,45000
Error:,0.24142733619025433
Absolute Error:,0.3254269233320852
Transition Probabilities
6.499837504062403e-05,6.499837504062403e-05,0.28089093885740835,0.7189790643925104
0.6706761571659569,0.32908701630947235,0.00011841326228537596,0.00011841326228537596
0.25,0.25,0.25,0.25
0.1462886627267846,0.22839943069585528,0.3513650171206495,0.2739468894567107

0.3158507976935013,0.1826290401731041,0.1826290401731041,0.31889112196029057
0.25,0.25,0.25,0.25
0.0001841044308137993,0.997109597287537,0.0013531491408245173,0.0013531491408245173
0.7783928185370187,8.269338346297873e-05,0.1107622440397592,0.1107622440397592

Transition Gammas
1.0,1.0,4321.507094321224,11061.492905678764
5663.860147266506,2779.139852733494,1.0,1.0
1.0,1.0,1.0,1.0
1.0,1.5612927648564572,2.4018608863550477,1.872646070791873

1.7294664495532777,1.0,1.0,1.7461139896373057
1.0,1.0,1.0,1.0
1.0,5416.0,7.3498999173630635,7.3498999173630635
9413.0,1.0,1339.4329679271948,1339.4329679271948

Iteration: ,47500
Error:,0.2441558428751418
Absolute Error:,0.325082230338684
Transition Probabilities
6.148170919151556e-05,6.148170919151556e-05,0.2795877511126099,0.7202892854690071
0.6722427547023763,0.3275320707873783,0.00011258725512272011,0.00011258725512272011
0.25,0.25,0.25,0.25
0.1462886627267846,0.22839943069585528,0.3513650171206495,0.2739468894567107

0.3158507976935013,0.1826290401731041,0.1826290401731041,0.31889112196029057
0.25,0.25,0.25,0.25
0.0001746419719431024,0.9972056597951148,0.0013098491164710026,0.0013098491164710026
0.7793207164395145,7.816657135802553e-05,0.11030055849456369,0.11030055849456369

Transition Gammas
1.0,1.0,4547.494771846597,11715.505228153394
5970.860147266506,2909.139852733494,1.0,1.0
1.0,1.0,1.0,1.0
1.0,1.5612927648564572,2.4018608863550477,1.872646070791873

1.7294664495532777,1.0,1.0,1.7461139896373057
1.0,1.0,1.0,1.0
1.0,5710.0,7.500196555829922,7.500196555829922
9970.0,1.0,1411.0962855125779,1411.0962855125779

Iteration: ,50000
Error:,0.2422146031626387
Absolute Error:,0.3251591357573539
Transition Probabilities
5.846927439630482e-05,5.846927439630482e-05,0.28038581109614596,0.7194972503550615
0.6725184157084273,0.32726825095823936,0.00010666666666666667,0.00010666666666666667
0.25,0.25,0.25,0.25
0.1462886627267846,0.22839943069585528,0.3513650171206495,0.2739468894567107

0.3158507976935013,0.1826290401731041,0.1826290401731041,0.31889112196029057
0.25,0.25,0.25,0.25
0.0001655791020440169,0.9972829316111138,0.0012757446434210399,0.0012757446434210399
0.7785921124455948,7.443519239441633e-05,0.11066672618100536,0.11066672618100536

Transition Gammas
1.0,1.0,4795.438527177378,12305.561472822601
6304.860147266506,3068.139852733494,1.0,1.0
1.0,1.0,1.0,1.0
1.0,1.5612927648564572,2.4018608863550477,1.872646070791873

1.7294664495532777,1.0,1.0,1.7461139896373057
1.0,1.0,1.0,1.0
1.0,6023.0,7.704744304519183,7.704744304519183
10460.0,1.0,1486.752739142606,1486.752739142606

Iteration: ,52500
Error:,0.2429626833833418
Absolute Error:,0.325536988065531
Transition Probabilities
5.577867023650164e-05,5.577867023650164e-05,0.28072298007845037,0.7191654625810766
0.6699221505982916,0.32987560448311193,0.00010112245929821013,0.00010112245929821013
0.25,0.25,0.25,0.25
0.1462886627267846,0.22839943069585528,0.3513650171206495,0.2739468894567107

0.3158507976935013,0.1826290401731041,0.1826290401731041,0.31889112196029057
0.25,0.25,0.25,0.25
0.0001575604772553414,0.9973578210263111,0.0012423092482167512,0.0012423092482167512
0.7778347390544259,7.102864935206154e-05,0.11104711614811101,0.11104711614811101

Transition Gammas
1.0,1.0,5032.801586846451,12893.198413153523
6624.860147266506,3262.139852733494,1.0,1.0
1.0,1.0,1.0,1.0
1.0,1.5612927648564572,2.4018608863550477,1.872646070791873

1.7294664495532777,1.0,1.0,1.7461139896373057
1.0,1.0,1.0,1.0
1.0,6330.0,7.88465019818056,7.88465019818056
10951.0,1.0,1563.4130334886902,1563.4130334886902

Iteration: ,55000
Error:,0.2411927125928702
Absolute Error:,0.32540663367643874
Transition Probabilities
5.321696556862333e-05,5.321696556862333e-05,0.2807023919036661,0.7191911741651967
0.6710314996394153,0.32877533829761385,9.658103148541626e-05,9.658103148541626e-05
0.25,0.25,0.25,0.25
0.1462886627267846,0.22839943069585528,0.3513650171206495,0.2739468894567107

0.3158507976935013,0.1826290401731041,0.1826290401731041,0.31889112196029057
0.25,0.25,0.25,0.25
0.0001501705275600366,0.9974326440537632,0.0012085927093383522,0.0012085927093383522
0.7781736284669118,6.783242925966805e-05,0.1108792695519143,0.1108792695519143

Transition Gammas
1.0,1.0,5274.678646261784,13514.321353738198
6947.860147266506,3404.139852733494,1.0,1.0
1.0,1.0,1.0,1.0
1.0,1.5612927648564572,2.4018608863550477,1.872646070791873

1.7294664495532777,1.0,1.0,1.7461139896373057
1.0,1.0,1.0,1.0
1.0,6642.0,8.048135203195377,8.048135203195377
11472.0,1.0,1634.6056121248355,1634.6056121248355

Iteration: ,57500
Error:,0.24319554500434346
Absolute Error:,0.3254451810392909
Transition Probabilities
5.090612909794343e-05,5.090612909794343e-05,0.28070810585563305,0.7191900818861711
0.6708077307547776,0.3290076481799588,9.231053263177328e-05,9.231053263177328e-05
0.25,0.25,0.25,0.25
0.1462886627267846,0.22839943069585528,0.3513650171206495,0.2739468894567107

0.3158507976935013,0.1826290401731041,0.1826290401731041,0.31889112196029057
0.25,0.25,0.25,0.25
0.00014356650642096265,0.9975000866128485,0.0011781734403652246,0.0011781734403652246
0.7781301592034585,6.491991984010166e-05,0.11090246043835066,0.11090246043835066

Transition Gammas
1.0,1.0,5514.230031428051,14127.769968571934
7266.860147266506,3564.139852733494,1.0,1.0
1.0,1.0,1.0,1.0
1.0,1.5612927648564572,2.4018608863550477,1.872646070791873

1.7294664495532777,1.0,1.0,1.7461139896373057
1.0,1.0,1.0,1.0
1.0,6948.0,8.206464514157707,8.206464514157707
11986.0,1.0,1708.2963243254828,1708.2963243254828

Iteration: ,60000
Error:,0.24028044668279344
Absolute Error:,0.325639957715172
Transition Probabilities
4.881859011911741e-05,4.881859011911741e-05,0.280500587270449,0.7194017755493128
0.66912542116905,0.33069807190305306,8.825346394845998e-05,8.825346394845998e-05
0.25,0.25,0.25,0.25
0.1462886627267846,0.22839943069585528,0.3513650171206495,0.2739468894567107

0.3158507976935013,0.1826290401731041,0.1826290401731041,0.31889112196029057
0.25,0.25,0.25,0.25
0.00013761521628834146,0.9975727028741873,0.0011448409547621463,0.0011448409547621463
0.7776622167647514,6.222791204006973e-05,0.11113777766160428,0.11113777766160428

Transition Gammas
1.0,1.0,5745.774029647871,14736.225970352109
7581.860147266506,3747.139852733494,1.0,1.0
1.0,1.0,1.0,1.0
1.0,1.5612927648564572,2.4018608863550477,1.872646070791873

1.7294664495532777,1.0,1.0,1.7461139896373057
1.0,1.0,1.0,1.0
1.0,7249.0,8.319145118105194,8.319145118105194
12497.0,1.0,1785.9795390538022,1785.9795390538022

Iteration: ,62500
Error:,0.24167670397334037
Absolute Error:,0.32569674641311486
Transition Probabilities
4.6875732433319284e-05,4.6875732433319284e-05,0.2816335129194211,0.7182727356157124
0.6698705379763481,0.32996021432965167,8.462384700008462e-05,8.462384700008462e-05
0.25,0.25,0.25,0.25
0.1462886627267846,0.22839943069585528,0.3513650171206495,0.2739468894567107

0.3158507976935013,0.1826290401731041,0.1826290401731041,0.31889112196029057
0.25,0.25,0.25,0.25
0.00013180467256886994,0.9976295666737767,0.0011193143268272698,0.0011193143268272698
0.7774541455069917,5.9850203657197204e-05,0.1112430021446756,0.1112430021446756

Transition Gammas
1.0,1.0,6008.0877311100085,15322.912268889986
7915.860147266506,3899.139852733494,1.0,1.0
1.0,1.0,1.0,1.0
1.0,1.5612927648564572,2.4018608863550477,1.872646070791873

1.7294664495532777,1.0,1.0,1.7461139896373057
1.0,1.0,1.0,1.0
1.0,7569.0,8.492220381962643,8.492220381962643
12990.0,1.0,1858.69045294883,1858.69045294883

Iteration: ,65000
Error:,0.2423985346108886
Absolute Error:,0.3255240304688034
Transition Probabilities
4.507346975570183e-05,4.507346975570183e-05,0.28117242547703086,0.7187374275834577
0.6708416365410623,0.3289952579296603,8.155276463872126e-05,8.155276463872126e-05
0.25,0.25,0.25,0.25
0.1462886627267846,0.22839943069585528,0.3513650171206495,0.2739468894567107

0.3158507976935013,0.1826290401731041,0.1826290401731041,0.31889112196029057
0.25,0.25,0.25,0.25
0.00012691407132764268,0.9976715147065991,0.0011007856110366197,0.0011007856110366197
0.7772134268830603,5.7481948589827694e-05,0.11136454558417498,0.11136454558417498

Transition Gammas
1.0,1.0,6238.091431633402,15945.90856836658
8225.860147266507,4034.139852733494,1.0,1.0
1.0,1.0,1.0,1.0
1.0,1.5612927648564572,2.4018608863550477,1.872646070791873

1.7294664495532777,1.0,1.0,1.7461139896373057
1.0,1.0,1.0,1.0
1.0,7861.0,8.673471739747598,8.673471739747598
13521.0,1.0,1937.3829230953147,1937.3829230953147

Iteration: ,67500
Error:,0.2418484937543937
Absolute Error:,0.32567832232056243
Transition Probabilities
4.340654570709267e-05,4.340654570709267e-05,0.28196416053600487,0.7179490263725811
0.6704694104902834,0.32937386198052615,7.836376459525116e-05,7.836376459525116e-05
0.25,0.25,0.25,0.25
0.1462886627267846,0.22839943069585528,0.3513650171206495,0.2739468894567107

0.3158507976935013,0.1826290401731041,0.1826290401731041,0.31889112196029057
0.25,0.25,0.25,0.25
0.00012198721737600322,0.9977334509183303,0.001072280932146898,0.001072280932146898
0.7774107915555943,5.542245608865719e-05,0.11126689299415847,0.11126689299415847

Transition Gammas
1.0,1.0,6495.890330428474,16540.109669571506
8555.860147266507,4203.139852733494,1.0,1.0
1.0,1.0,1.0,1.0
1.0,1.5612927648564572,2.4018608863550477,1.872646070791873

1.7294664495532777,1.0,1.0,1.7461139896373057
1.0,1.0,1.0,1.0
1.0,8179.0,8.790108957414683,8.790108957414683
14027.0,1.0,2007.613896002174,2007.613896002174

Iteration: ,70000
Error:,0.24205537733036753
Absolute Error:,0.32555646028860724
Transition Probabilities
4.1856766146247613e-05,4.1856766146247613e-05,0.2815102790990885,0.718406007368619
0.6710440420083603,0.3288046491703355,7.565441065214103e-05,7.565441065214103e-05
0.25,0.25,0.25,0.25
0.1462886627267846,0.22839943069585528,0.3513650171206495,0.2739468894567107

0.3158507976935013,0.1826290401731041,0.1826290401731041,0.31889112196029057
0.25,0.25,0.25,0.25
0.00011771821856844706,0.9977796205861572,0.0010513305976371304,0.0010513305976371304
0.7773117802084464,5.339413245009248e-05,0.11131741282955183,0.11131741282955183

Transition Gammas
1.0,1.0,6725.562077956311,17163.43792204365
8869.860147266507,4346.139852733494,1.0,1.0
1.0,1.0,1.0,1.0
1.0,1.5612927648564572,2.4018608863550477,1.872646070791873

1.7294664495532777,1.0,1.0,1.7461139896373057
1.0,1.0,1.0,1.0
1.0,8476.0,8.930908150175888,8.930908150175888
14558.0,1.0,2084.8248247801434,2084.8248247801434

Iteration: ,72500
Error:,0.2436710223972983
Absolute Error:,0.32547796350877317
Transition Probabilities
4.039751151329087e-05,4.039751151329087e-05,0.28088673263088687,0.7190324723460866
0.671094378000476,0.3287593162204458,7.31528895391368e-05,7.31528895391368e-05
0.25,0.25,0.25,0.25
0.1462886627267846,0.22839943069585528,0.3513650171206495,0.2739468894567107

0.3158507976935013,0.1826290401731041,0.1826290401731041,0.31889112196029057
0.25,0.25,0.25,0.25
0.00011391923987479482,0.9978186220633278,0.0010337293483986358,0.0010337293483986358
0.7772995343308228,5.149043020209478e-05,0.11132448761948747,0.11132448761948747

Transition Gammas
1.0,1.0,6953.070179544958,17798.92982045499
9173.860147266507,4494.139852733494,1.0,1.0
1.0,1.0,1.0,1.0
1.0,1.5612927648564572,2.4018608863550477,1.872646070791873

1.7294664495532777,1.0,1.0,1.7461139896373057
1.0,1.0,1.0,1.0
1.0,8759.0,9.07422968705529,9.07422968705529
15096.0,1.0,2162.042289849784,2162.042289849784

Iteration: ,74999
Error:,0.24347899673125306
Absolute Error:,0.3256348024659987
Transition Probabilities
3.9062500000000075e-05,3.9062500000000075e-05,0.2807254643292007,0.7191964106707992
0.6697388585027179,0.3301199783126407,7.058159232072275e-05,7.058159232072275e-05
0.25,0.25,0.25,0.25
0.1462886627267846,0.22839943069585528,0.3513650171206495,0.2739468894567107

0.3158507976935013,0.1826290401731041,0.1826290401731041,0.31889112196029057
0.25,0.25,0.25,0.25
0.00011016474129696188,0.9978722266678807,0.0010088042954111561,0.0010088042954111561
0.7770215840430229,4.97771674595146e-05,0.11146431939475872,0.11146431939475872

Transition Gammas
1.0,1.0,7186.5718868275235,18411.428113172424
9488.860147266507,4677.139852733494,1.0,1.0
1.0,1.0,1.0,1.0
1.0,1.5612927648564572,2.4018608863550477,1.872646070791873

1.7294664495532777,1.0,1.0,1.7461139896373057
1.0,1.0,1.0,1.0
1.0,9058.0,9.157233825764695,9.157233825764695
15610.0,1.0,2239.2660145922587,2239.2660145922587

*,*,*,*,*,*,*,*,*,*,*
Model Num 2
Model States: 
"['diamond', 'x', 'square']","['diamond', 'x', 'diamond']","['square', 'y', 'diamond', 'x', 'diamond']","['square', 'y', 'diamond', 'x', 'square']"
Iteration: ,74999
Error:,0.24043089335280743
Absolute Error:,0.32563480277570406
Transition Probabilities
3.9062500000000075e-05,3.9062500000000075e-05,0.2807254643292007,0.7191964106707992
0.6697388585027179,0.3301199783126407,7.058159232072275e-05,7.058159232072275e-05
0.25,0.25,0.25,0.25
0.1462886627267846,0.22839943069585528,0.3513650171206495,0.2739468894567107

0.3158507976935013,0.1826290401731041,0.1826290401731041,0.31889112196029057
0.25,0.25,0.25,0.25
0.00011016474129696188,0.9978722266678807,0.0010088042954111561,0.0010088042954111561
0.7770326827245129,4.9774689816444364e-05,0.11145877129283525,0.11145877129283525

Transition Gammas
1.0,1.0,7186.5718868275235,18411.428113172424
9488.860147266507,4677.139852733494,1.0,1.0
1.0,1.0,1.0,1.0
1.0,1.5612927648564572,2.4018608863550477,1.872646070791873

1.7294664495532777,1.0,1.0,1.7461139896373057
1.0,1.0,1.0,1.0
1.0,9058.0,9.157233825764695,9.157233825764695
15611.0,1.0,2239.2660145922587,2239.2660145922587

