0,1,2,3,4,5,6,7,8,9,10,11,12,13,14,15,16,17,18,19,20,21,22,23,24,25,26,27,28,29
github Code Version (SHA):,ddb97f21bb9c22f159e8ea0ce9d830001061547e
Environment Observations,Environment Actions,alpha,epsilon,numActions,explore,patience,gainThresh,insertRandActions,useBudd,revisedSplitting,haveControl,confidence_factor
"['square', 'diamond']","['x', 'y']",0.99,0.99,75000,0.5,0,0.01,False,True,False,True,250

Model Num 0
Model States: 
['square'],['diamond']
Iteration: ,0
Error:,0.6756095503210869
Absolute Error:,1
Transition Probabilities
0.5,0.5
0.5,0.5

0.5,0.5
0.5,0.5

Transition Gammas
1.0,1.0
1.0,1.0

1.0,1.0
1.0,1.0

Iteration: ,1816
Error:,0.232976905796046
Absolute Error:,1
Transition Probabilities
0.9778156996587031,0.02218430034129693
0.980276134122288,0.01972386587771203

0.21484992101105846,0.7851500789889415
0.13541666666666666,0.8645833333333334


Model Num 1
Model States: 
['diamond'],"['square', 'y', 'diamond']","['square', 'y', 'square']"
Iteration: ,0
Error:,0.6140692318995972
Absolute Error:,1
Transition Probabilities
0.3333333333333333,0.3333333333333333,0.3333333333333333
0.3333333333333333,0.3333333333333333,0.3333333333333333
0.3333333333333333,0.3333333333333333,0.3333333333333333

0.3333333333333333,0.3333333333333333,0.3333333333333333
0.3333333333333333,0.3333333333333333,0.3333333333333333
0.3333333333333333,0.3333333333333333,0.3333333333333333

Transition Gammas
1.0,1.0,1.0
1.0,1.0,1.0
1.0,1.0,1.0

1.0,1.0,1.0
1.0,1.0,1.0
1.0,1.0,1.0

Iteration: ,2500
Error:,0.14089939894911543
Absolute Error:,1
Transition Probabilities
0.020569620253164545,0.964540810587452,0.014889569159383404
0.027218711227147353,0.9448483797276395,0.02793290904521323
0.02457902387465043,0.9554330794038466,0.019987896721502984

0.6567505720823797,0.01081515829681463,0.3324342696208056
0.99734395750332,0.0013280212483399733,0.0013280212483399733
0.015625000000000003,0.22611187355670995,0.7582631264432901

Transition Gammas
13.0,609.58979229127,9.410207708730317
12.496953325831797,433.8091544050527,12.824863663808353
3.5939143485620964,139.70223840751237,2.922605437519984

287.0,4.726224175707994,145.27377582429204
751.0,1.0,1.0
1.0,14.471159907629435,48.52884009237056

Iteration: ,3969
Error:,0.13793120659493188
Absolute Error:,1
Transition Probabilities
0.019210245464247596,0.968571976483169,0.012217778052583535
0.025808860525181106,0.9517343321333369,0.022456807341481925
0.017296978932816516,0.9669973916268358,0.015705629440347646

0.6604774535809019,0.00634230211059114,0.33318024430850696
0.998262380538662,0.0008688097306689834,0.0008688097306689834
0.00925925925925926,0.19334199552759426,0.7973987452131465


Model Num 2
Model States: 
"['square', 'y', 'diamond']","['square', 'y', 'square']","['diamond', 'y', 'diamond']","['diamond', 'y', 'square', 'y', 'square']"
Iteration: ,0
Error:,0.6748269048155158
Absolute Error:,0.74
Transition Probabilities
0.25,0.25,0.25,0.25
0.25,0.25,0.25,0.25
0.25,0.25,0.25,0.25
0.25,0.25,0.25,0.25

0.25,0.25,0.25,0.25
0.25,0.25,0.25,0.25
0.25,0.25,0.25,0.25
0.25,0.25,0.25,0.25

Transition Gammas
1.0,1.0,1.0,1.0
1.0,1.0,1.0,1.0
1.0,1.0,1.0,1.0
1.0,1.0,1.0,1.0

1.0,1.0,1.0,1.0
1.0,1.0,1.0,1.0
1.0,1.0,1.0,1.0
1.0,1.0,1.0,1.0

Iteration: ,2500
Error:,0.024898293592218988
Absolute Error:,0.0310974526102514
Transition Probabilities
0.9610569318996748,0.01516205951719226,0.01939756036601021,0.004383448217122744
0.9522120513581149,0.023982589436648712,0.015816637693827126,0.007988721511409258
0.967266795439621,0.014723563488241512,0.013208308238438972,0.004801332833698623
0.9562868744226393,0.016997352986057326,0.017290389614998933,0.009425382976304427

0.001375515818431912,0.001375515818431912,0.9851256584541469,0.012123309908989306
0.05451419440667845,0.9250776423280154,0.01020408163265306,0.01020408163265306
0.0031847133757961776,0.0031847133757961776,0.030539841761928324,0.9630907314864793
0.018423268724199603,0.9653165686741744,0.008130081300813009,0.008130081300813009

Transition Gammas
465.5171513710108,7.344204615859192,9.395798256491771,2.12325644765271
119.19454821377784,3.002056011390243,1.9798709557265537,1.0
409.29646039433834,6.2302380775819195,5.589061710045966,2.0316716579884244
175.42847662588912,3.118122626975117,3.171879476290705,1.7290633400641076

1.0,1.0,716.1863536961648,8.813646303835226
5.342391051854488,90.65760894814551,1.0,1.0
1.0,1.0,9.589510313245496,302.41048968675454
2.266062053076551,118.73393794692345,1.0,1.0

Iteration: ,5000
Error:,0.016852277296229703
Absolute Error:,0.02289775570313766
Transition Probabilities
0.9694878970602904,0.0116109322636113,0.014619514481600671,0.004281656194497714
0.9721558261242287,0.012120193890426213,0.011707713742307418,0.0040162662430376864
0.9753429237417292,0.012100705433574199,0.010043230165430867,0.0025131406592657883
0.9623601600256009,0.021760112902788193,0.010609138013461354,0.005270589058149455

0.0006863417982155107,0.0006863417982155107,0.9898028343283709,0.008824482075198176
0.06306168905160854,0.9261275001375807,0.005405405405405406,0.005405405405405406
0.0015923566878980888,0.0015923566878980888,0.020271145004882914,0.9765441416193208
0.017342683498016882,0.9745928003729508,0.004032258064516131,0.004032258064516131

Transition Gammas
944.1641806947899,11.30764641932763,14.237642320786726,4.169816276358638
242.05462668454535,3.0177765011064492,2.915074109591982,1.0
822.1134668045405,10.199646352702198,8.465406954041404,2.118318316218743
356.3416744772607,8.057310963898917,3.928340097096922,1.9515879901060562

1.0,1.0,1442.1427296164377,12.857270383563755
11.66641247454758,171.33358752545243,1.0,1.0
1.0,1.0,12.730279063066472,613.2697209369336
4.3009855075081855,241.69901449249173,1.0,1.0

Iteration: ,7500
Error:,0.013797121706707506
Absolute Error:,0.01860740357127135
Transition Probabilities
0.9729835586707462,0.011797431203120035,0.011771468696169001,0.0034475414299647493
0.9683292793106241,0.0168531387503717,0.0107194710989798,0.004098110840024668
0.9688226419774475,0.015864519098948798,0.011461173609885859,0.003851665313717753
0.9654802628430726,0.02052126236711618,0.010011401040429887,0.003987073749381213

0.00048053820278712105,0.00048053820278712105,0.9880446251774285,0.01099429841699735
0.037194834270493866,0.958929196737258,0.0019379844961240305,0.0019379844961240305
0.0009842519685039372,0.0009842519685039372,0.017509893416619716,0.9805216026463724
0.012109278601283628,0.9840593037741953,0.0019157088122605367,0.0019157088122605367

Transition Gammas
1176.82782411584,14.269044085278532,14.237642320786726,4.169816276358638
504.4194464557715,8.77909106038485,5.583957640830066,2.1347767186295385
1045.291914393869,17.116707249978074,12.36580524111756,4.15567765960017
472.5821000781354,10.044722444297616,4.900368356033175,1.9515879901060562

1.0,1.0,2056.120864994231,22.87913500577151
19.19253448357484,494.8074655164252,1.0,1.0
1.0,1.0,17.79005171128563,996.2099482887143
6.321043429870053,513.6789565701298,1.0,1.0

Iteration: ,10000
Error:,0.016331058698243136
Absolute Error:,0.020265182284297058
Transition Probabilities
0.9700216086057867,0.012426090494076789,0.013043036064604954,0.004509264835531612
0.970891235902109,0.015360666991393527,0.010376829554817299,0.003371267551680302
0.9689884014514936,0.015731816805369538,0.012049725708821953,0.003230056034314805
0.9593729401637118,0.021529873235267328,0.015808000027994835,0.0032891865730260788

0.0003481894150417825,0.0003481894150417825,0.9850554377107503,0.014248183459166147
0.043476067636439936,0.9530875062467214,0.0017182130584192446,0.0017182130584192446
0.0006447453255963893,0.0006447453255963893,0.01673692442695131,0.9819735849218558
0.010120378148927614,0.9866847336721587,0.0015974440894568696,0.0015974440894568696

Transition Gammas
1344.0677681133666,17.217665636081662,18.072509124794305,6.248064444704686
614.7942798821297,9.726784888225263,6.570885818827941,2.1347767186295385
1297.8885654711626,21.0716094384524,16.13971972328793,4.3264220567434455
887.23841901891,19.911058454156997,14.619408538139144,3.0418751381625313

1.0,1.0,2829.0792171052767,40.9207828947252
25.303071364408034,554.6969286355917,1.0,1.0
1.0,1.0,25.95896978620149,1523.0410302137986
6.335356721228684,617.6646432787711,1.0,1.0

Iteration: ,12500
Error:,0.016621348322907934
Absolute Error:,0.019528262256280383
Transition Probabilities
0.9674454087697173,0.01276933846769152,0.015578033921617891,0.00420721884097337
0.9732175266576918,0.013478571615560223,0.0108845108987725,0.0024193908279754994
0.9697272712429466,0.015588433241995502,0.011047777449348479,0.0036365180657094353
0.9591219990717076,0.020578340311419287,0.017305403582207796,0.0029942570346654235

0.00029455081001472736,0.00029455081001472736,0.982341492798866,0.017069405581104594
0.025122710563551365,0.9730591076182669,0.0009090909090909089,0.0009090909090909089
0.0005107252298263535,0.0005107252298263535,0.019405110314527248,0.9795734392258201
0.016221391862430656,0.9816644432327067,0.0010570824524312903,0.0010570824524312903

Transition Gammas
1527.2478161987642,20.15818578733555,24.592104186753478,6.641683064389156
915.9100722452225,12.684892291826051,10.24358161518714,2.27692614173386
1416.6764706880444,22.773172667940486,16.13971972328793,5.312596367759446
974.3750552019582,20.905600639241264,17.58061392296896,3.0418751381625313

1.0,1.0,3335.049368052152,57.950631947850134
27.634981619906508,1070.3650183800937,1.0,1.0
1.0,1.0,37.995205995844344,1918.0047940041552
15.345436701859393,928.65456329814,1.0,1.0

Iteration: ,12917
Error:,0.017328802095371795
Absolute Error:,0.019507190863418823
Transition Probabilities
0.9674066505832984,0.012542926144955753,0.015300924897101989,0.004749498374643748
0.9728671696081335,0.013656054635177696,0.011155491083645103,0.002321284673043859
0.9694868828018679,0.015374211083015774,0.011552559626451955,0.0035863464886643414
0.9592787247619639,0.020499661296705333,0.017238869010817538,0.0029827449305132527

0.0002874389192296634,0.0002874389192296634,0.981903613371691,0.017521508789849743
0.024030094285837373,0.9742934597795441,0.0008382229673093036,0.0008382229673093036
0.0004948045522018804,0.0004948045522018804,0.01929579219311662,0.9797145987024797
0.016220255664034403,0.9817956173518386,0.0009920634920634929,0.0009920634920634929

*,*,*,*,*,*,*,*,*,*,*
Model Num 2
Model States: 
"['square', 'y', 'diamond']","['square', 'y', 'square']","['diamond', 'y', 'diamond']","['diamond', 'y', 'square', 'y', 'square']"
Iteration: ,12917
Error:,0.016955683340954025
Absolute Error:,0.019507190863418823
Transition Probabilities
0.9674066505832984,0.012542926144955753,0.015300924897101989,0.004749498374643748
0.9728671696081335,0.013656054635177696,0.011155491083645103,0.002321284673043859
0.9694868828018679,0.015374211083015774,0.011552559626451955,0.0035863464886643414
0.9592787247619639,0.020499661296705333,0.017238869010817538,0.0029827449305132527

0.0002874389192296634,0.0002874389192296634,0.981903613371691,0.017521508789849743
0.024030094285837373,0.9742934597795441,0.0008382229673093036,0.0008382229673093036
0.0004948045522018804,0.0004948045522018804,0.01929579219311662,0.9797145987024797
0.016220255664034403,0.9817956173518386,0.0009920634920634929,0.0009920634920634929

Transition Gammas
1554.8449065721936,20.159366093086838,24.592104186753478,7.6335358580955734
973.4402133747791,13.664098402333302,11.162061954601647,2.3226519693758276
1436.1391205348434,22.774424672841768,17.11326178432652,5.312596367759446
978.2955537266014,20.906048452648125,17.58061392296896,3.0418751381625313

1.0,1.0,3416.042670920116,60.957329079887316
28.667902483004006,1162.332097516997,1.0,1.0
1.0,1.0,38.99679602228868,1980.0032039777109
16.350017709346666,989.6499822906526,1.0,1.0

