0,1,2,3,4,5,6,7,8,9,10,11,12,13,14,15,16,17,18,19,20,21,22,23,24,25,26,27,28,29
github Code Version (SHA):,528ca1c557fe8e6666681dc5c9134b0f84d30530
Environment Observations,Environment Actions,alpha,epsilon,numActions,explore,patience,gainThresh,insertRandActions,useUpdatedPosterior,revisedSplitting,haveControl,confidence_factor
"['diamond', 'square']","['x', 'y']",0.85,0.99,75000,0.5,0,0.01,False,True,False,True,250

Model Num 0
Model States: 
['diamond'],['square']
Iteration: ,0
Error:,0.503220229048541
Absolute Error:,1
Transition Probabilities
0.5,0.5
0.5,0.5

0.5,0.5
0.5,0.5

Transition Gammas
1.0,1.0
1.0,1.0

1.0,1.0
1.0,1.0

Iteration: ,2410
Error:,0.09026873907316867
Absolute Error:,1
Transition Probabilities
0.46904315196998125,0.5309568480300187
0.11773700305810397,0.882262996941896

0.126,0.874
0.8806584362139918,0.11934156378600823


Model Num 1
Model States: 
['square'],"['diamond', 'x', 'square']","['diamond', 'x', 'diamond']"
Iteration: ,0
Error:,0.5726967220228943
Absolute Error:,1
Transition Probabilities
0.3333333333333333,0.3333333333333333,0.3333333333333333
0.3333333333333333,0.3333333333333333,0.3333333333333333
0.3333333333333333,0.3333333333333333,0.3333333333333333

0.3333333333333333,0.3333333333333333,0.3333333333333333
0.3333333333333333,0.3333333333333333,0.3333333333333333
0.3333333333333333,0.3333333333333333,0.3333333333333333

Transition Gammas
1.0,1.0,1.0
1.0,1.0,1.0
1.0,1.0,1.0

1.0,1.0,1.0
1.0,1.0,1.0
1.0,1.0,1.0

Iteration: ,2500
Error:,0.06659985338276148
Absolute Error:,1
Transition Probabilities
0.8766006984866124,0.07428494468600601,0.04911435682738165
0.9958071278825996,0.0020964360587002098,0.0020964360587002098
0.0028901734104046254,0.8154022858462493,0.18170754074334605

0.11661341853035141,0.31524836235277043,0.5681382191168781
0.9078316189650705,0.0454098549158024,0.04675852611912708
0.894739548791082,0.045757783541665036,0.059502667667252984

Transition Gammas
753.0,63.81076748527916,42.189232514720835
475.0,1.0,1.0
1.0,282.1291909028022,62.870809097197714

73.0,197.34547483283433,355.6545251671658
40.501551992817305,2.0258928654140926,2.086061817146508
91.96919105494177,4.703386971638921,6.116206910002234

Iteration: ,2852
Error:,0.06335499626561561
Absolute Error:,1
Transition Probabilities
0.878021978021978,0.07231952470909797,0.049658497268924
0.9964726631393298,0.001763668430335097,0.001763668430335097
0.0024813895781637734,0.8093162026642937,0.18820240775754257

0.1093333333333333,0.3498543317523719,0.5408123349142947
0.9182023738740878,0.047057464598141745,0.03474016152777049
0.9012312464259301,0.0429357768736169,0.05583297670045294


Model Num 2
Model States: 
"['diamond', 'x', 'square']","['diamond', 'x', 'diamond']","['square', 'y', 'diamond', 'x', 'diamond']","['square', 'y', 'diamond', 'x', 'square']"
Iteration: ,0
Error:,0.5049415265609887
Absolute Error:,0.6
Transition Probabilities
0.25,0.25,0.25,0.25
0.25,0.25,0.25,0.25
0.25,0.25,0.25,0.25
0.25,0.25,0.25,0.25

0.25,0.25,0.25,0.25
0.25,0.25,0.25,0.25
0.25,0.25,0.25,0.25
0.25,0.25,0.25,0.25

Transition Gammas
1.0,1.0,1.0,1.0
1.0,1.0,1.0,1.0
1.0,1.0,1.0,1.0
1.0,1.0,1.0,1.0

1.0,1.0,1.0,1.0
1.0,1.0,1.0,1.0
1.0,1.0,1.0,1.0
1.0,1.0,1.0,1.0

Iteration: ,2500
Error:,0.03955278408047814
Absolute Error:,0.10395214201447286
Transition Probabilities
0.0018975332068311196,0.0018975332068311196,0.0903884854774707,0.9058164481088671
0.8151820217448004,0.17991601747088581,0.002450980392156863,0.002450980392156863
0.06672389704080425,0.06578284002007467,0.7946809977697731,0.07281226516934797
0.05830887232735147,0.03204265037409561,0.7512540068008702,0.15839447049768274

0.05762346544037609,0.04848671084243261,0.11833003681307651,0.7755597869041149
0.03545798001275079,0.13273747331546673,0.6399018941846899,0.19190265248709248
0.002891628743819852,0.90261757066538,0.07556448872365668,0.018926311867143438
0.8970444596001718,0.0032472069931032965,0.05765369295807784,0.042054640448647096

Transition Gammas
1.0,1.0,47.63473184662706,477.36526815337294
332.5942648718785,73.4057351281214,1.0,1.0
14.374596228793276,14.17186054785746,171.20130838055394,15.686237745872969
17.803153493965794,9.783420604687525,229.37659162650155,48.3617836927866

8.767139796447173,7.377025470038151,18.003359689160188,117.99778129148868
1.0,3.743514810142427,18.046766735008013,5.412114633097649
1.053105587390237,328.7253278886112,27.519917781024475,6.892795217428033
311.2055365938397,1.126531448809571,20.001403789542625,14.589730539014312

Iteration: ,5000
Error:,0.04038635116104585
Absolute Error:,0.09633322970940744
Transition Probabilities
0.0009910802775024775,0.0009910802775024775,0.08316958740661104,0.9148482520383839
0.8253958877957505,0.17215313181209266,0.0012254901960784311,0.0012254901960784311
0.06352402306320974,0.06315445040401048,0.8093402600293812,0.06398126650339843
0.06721642337622656,0.03575974639289671,0.7674065025451519,0.12961732768572487

0.04193467237383494,0.03873445121791889,0.0920404811239925,0.8272903952842536
0.029510178149867696,0.12400929943971428,0.6473480686038645,0.1991324538065535
0.0014516075403301569,0.9050671859890136,0.08215620005518914,0.011325006415467003
0.9076620121995973,0.0017521019817416427,0.05293374277154148,0.03765214304711963

Transition Gammas
1.0,1.0,83.91811369327057,923.0818863067298
673.5230444413326,140.47695555866764,1.0,1.0
30.813089163599077,30.633823513358315,392.58019869366416,31.03488057750221
41.98532629666804,22.336574086786108,479.3443446284093,80.96273980730824

13.881807899190749,12.822425464404597,30.46854084186353,273.8613584911942
1.4999391644589524,6.303127146237814,32.90331614416738,10.121476219573479
1.0604902575052968,661.2082856160839,60.02025157045418,8.273626745598294
598.8033153516747,1.1558977476193208,34.92147984551936,24.83989390728491

Iteration: ,7500
Error:,0.043504892413411114
Absolute Error:,0.08883721472462204
Transition Probabilities
0.0007163323782234949,0.0007163323782234949,0.068898895013136,0.929668440230417
0.8510968545556916,0.1471790075132738,0.000862068965517241,0.000862068965517241
0.0703540555802984,0.05814778612583919,0.7998456903755637,0.07165246791829856
0.0727550007293112,0.039000871154299704,0.7676448454979239,0.12059928261846514

0.044237156355560796,0.050618555938874016,0.06880452211366714,0.8363397655918982
0.06424446983959733,0.10721171757117776,0.6557078613287383,0.1728359512604867
0.0009774699650600181,0.89981855887671,0.08974064078989973,0.009463330368330197
0.9115999367738526,0.0011823920143434739,0.05547157434797997,0.03174609686382383

Transition Gammas
1.0,1.0,96.18285743833796,1297.8171425616636
987.2723512846027,170.7276487153977,1.0,1.0
52.010915947451124,42.98713971463362,591.3050303912275,52.970798280030834
69.30328839392038,37.15055452032503,731.2255044788417,114.87769609821744

26.938106985140234,30.824044483213886,41.89834362005559,509.2870323842508
7.142061064340431,11.918732236688511,72.89507715871079,19.214181720197374
1.0732052909728211,987.9485537366147,98.53001519601493,10.390187509129392
904.1589238685053,1.1727406378097653,55.01878285035873,31.486966617178457

Iteration: ,10000
Error:,0.04336887639477772
Absolute Error:,0.08552733976185688
Transition Probabilities
0.0005727376861397472,0.0005727376861397472,0.059909040229606844,0.9389454843981137
0.865798251864533,0.13282906453903595,0.0006863417982155112,0.0006863417982155112
0.06807359924167919,0.05683469524950514,0.7943819960782159,0.08070970943059982
0.07012539313745243,0.03771214386473277,0.792756831072244,0.09940563192557084

0.04755917944818364,0.05107080159246114,0.05989152232564568,0.8414784966337095
0.06059753193502597,0.09480309417792086,0.6578147200069691,0.18678465388008406
0.000738738696169741,0.8963649996785371,0.09545188279235084,0.007444378832942401
0.9130278239204508,0.0008735778808859398,0.0535955377762818,0.03250306042238153

Transition Gammas
1.0,1.0,104.6011842408937,1639.3988157591089
1261.4680529666248,193.53194703337542,1.0,1.0
70.60661840917066,58.949514710342314,823.9409564503931,83.71291835840404
86.62170061139955,46.583553961143394,979.2450609750189,122.78982694422858

43.161794012519685,46.34872686964022,54.35387194878251,763.6742677034563
12.331295753750869,19.29195720268138,133.8620172233138,38.009746200999615
1.0853546143516657,1316.9391201363183,140.2378702704755,10.937278579298082
1241.3435014303984,1.1877077532804534,72.86795734064226,44.190836001771444

Iteration: ,12500
Error:,0.04206836873296133
Absolute Error:,0.08055021156472417
Transition Probabilities
0.0004777830864787379,0.0004777830864787379,0.05819720982757737,0.9408472239994651
0.8660074151300504,0.1328497277270925,0.0005714285714285719,0.0005714285714285719
0.06889846228627129,0.055526577734068806,0.8017568167235969,0.07381814325606287
0.06878188808021483,0.04138058565999005,0.8059187004709445,0.08391882578885064

0.04727986540689772,0.05415476488192213,0.055343693903295355,0.8432216758078849
0.06389753457032721,0.06710370127118241,0.6725929718437518,0.19640579231473865
0.00054726515708525,0.8956031765915963,0.0982060080999947,0.005643550151323801
0.9113897412032914,0.0007213340820047082,0.0534518058517915,0.03443711886291247

Transition Gammas
1.0,1.0,121.80676016911961,1969.1932398308834
1515.512976477587,232.4870235224117,1.0,1.0
78.9393598822543,63.61872757867092,918.6006159386494,84.57600914398446
104.69118545622618,62.984350801260256,1226.668625834281,127.73073841304559

53.25704411949496,61.00107683844283,62.340311728417454,949.8227967557493
29.867797713221705,31.366464901243077,314.3919552053059,91.80649165900374
1.108265857054512,1813.6846631575568,198.8768411906931,11.428745032113737
1512.6793561035872,1.1972344271308477,88.71664843594789,57.15701684203356

Iteration: ,15000
Error:,0.04063910715891722
Absolute Error:,0.0768959269430503
Transition Probabilities
0.0004065040650406498,0.0004065040650406498,0.05361898524552419,0.9455680066243946
0.8686450744961948,0.13037836300380523,0.0004882812500000002,0.0004882812500000002
0.06769828972790284,0.05479220466873432,0.8094853141375513,0.06802419146581155
0.06826233155422308,0.04176630249746781,0.8189699974908558,0.0710013684574533

0.048771145820193984,0.05449226470793365,0.05266710695552226,0.8440694825163502
0.054514490762584175,0.059829681102155606,0.6821214420046761,0.20353438613058414
0.00042973446214647677,0.901393721538112,0.09370159100470425,0.004474952995037168
0.9131242811324431,0.0006348178973124584,0.053921076966319245,0.03231982400392519

Transition Gammas
1.0,1.0,131.90270370398972,2326.097296296014
1778.9851125682062,267.014887431793,1.0,1.0
85.80362703095719,69.44591824248423,1025.9753423677414,86.21668844330087
126.11518322461718,77.16356550023336,1513.0533771320297,131.17557499625596

62.37118406852482,69.68766091614023,67.35355028135152,1079.4417923815424
41.853899249119536,45.93467553172588,523.7037292279479,156.2650145250489
1.1254998884955039,2360.803292373348,245.40999039471745,11.720165685060236
1726.973355012703,1.2006181596487326,101.9798346386498,61.12582487047356

Iteration: ,16862
Error:,0.04134598762590398
Absolute Error:,0.07637167747790188
Transition Probabilities
0.00036643459142542996,0.00036643459142542996,0.05042604944323114,0.9488410813739181
0.8713046973070337,0.12780956310040636,0.0004428697962798938,0.0004428697962798938
0.06641011741096335,0.05462494039716357,0.8124165379022601,0.06654840428961294
0.06610779745518983,0.04153874324900313,0.8284536600463426,0.06389979924946446

0.05083723407351251,0.05547150036795147,0.050412050919192694,0.8432792146393433
0.0572345315662652,0.0641738122304772,0.6758885620871651,0.20270309411609255
0.0003699068183049564,0.8991745763102377,0.09656548140248698,0.003890035468970496
0.9168388290572406,0.0005822577845650931,0.051589859752774664,0.03098905340541963

*,*,*,*,*,*,*,*,*,*,*
Model Num 2
Model States: 
"['diamond', 'x', 'square']","['diamond', 'x', 'diamond']","['square', 'y', 'diamond', 'x', 'diamond']","['square', 'y', 'diamond', 'x', 'square']"
Iteration: ,16862
Error:,0.04369895757297728
Absolute Error:,0.07637167747790188
Transition Probabilities
0.00036643459142542996,0.00036643459142542996,0.05042604944323114,0.9488410813739181
0.8713046973070337,0.12780956310040636,0.0004428697962798938,0.0004428697962798938
0.06641011741096335,0.05462494039716357,0.8124165379022601,0.06654840428961294
0.06610779745518983,0.04153874324900313,0.8284536600463426,0.06389979924946446

0.05083723407351251,0.05547150036795147,0.050412050919192694,0.8432792146393433
0.0572345315662652,0.0641738122304772,0.6758885620871651,0.20270309411609255
0.0003699068183049564,0.8991745763102377,0.09656548140248698,0.003890035468970496
0.9168388290572406,0.0005822577845650931,0.051589859752774664,0.03098905340541963

Transition Gammas
1.0,1.0,137.612688930578,2589.3873110694267
1967.4060065192818,288.59399348071753,1.0,1.0
90.07430982503222,74.08967183508938,1101.9082904061784,90.26187304036488
138.16283052416708,86.81442378395798,1731.4372439604385,133.5481966437677

71.06930450667822,77.54790406951557,70.4749080644609,1178.8852871636002
57.27876472230557,64.22340834269154,676.41091604752,202.85975124853576
1.1345579306723013,2757.8990062590506,296.1803549780965,11.931303705460476
1894.567810097476,1.2031851410023837,106.60596444803062,64.03618737185283

