0,1,2,3,4,5,6,7,8,9,10,11,12,13,14,15,16,17,18,19,20,21,22,23,24,25,26,27,28,29
github Code Version (SHA):,528ca1c557fe8e6666681dc5c9134b0f84d30530
Environment Observations,Environment Actions,alpha,epsilon,numActions,explore,patience,gainThresh,insertRandActions,useUpdatedPosterior,revisedSplitting,haveControl,confidence_factor
"['diamond', 'square']","['x', 'y']",0.75,0.99,75000,0.5,0,0.01,False,True,False,True,250

Model Num 0
Model States: 
['diamond'],['square']
Iteration: ,0
Error:,0.40002892655206057
Absolute Error:,1
Transition Probabilities
0.5,0.5
0.5,0.5

0.5,0.5
0.5,0.5

Transition Gammas
1.0,1.0
1.0,1.0

1.0,1.0
1.0,1.0

Iteration: ,2458
Error:,0.052459138216738053
Absolute Error:,1
Transition Probabilities
0.43214285714285716,0.5678571428571428
0.1724137931034483,0.8275862068965517

0.182,0.818
0.8290366350067843,0.17096336499321574


Model Num 1
Model States: 
['square'],"['diamond', 'x', 'square']","['diamond', 'x', 'diamond']"
Iteration: ,0
Error:,0.4746596307066678
Absolute Error:,1
Transition Probabilities
0.3333333333333333,0.3333333333333333,0.3333333333333333
0.3333333333333333,0.3333333333333333,0.3333333333333333
0.3333333333333333,0.3333333333333333,0.3333333333333333

0.3333333333333333,0.3333333333333333,0.3333333333333333
0.3333333333333333,0.3333333333333333,0.3333333333333333
0.3333333333333333,0.3333333333333333,0.3333333333333333

Transition Gammas
1.0,1.0,1.0
1.0,1.0,1.0
1.0,1.0,1.0

1.0,1.0,1.0
1.0,1.0,1.0
1.0,1.0,1.0

Iteration: ,2500
Error:,0.05017707691154205
Absolute Error:,1
Transition Probabilities
0.8149010477299186,0.09816768816612709,0.08693126410395444
0.995850622406639,0.002074688796680498,0.002074688796680498
0.002544529262086514,0.7546052527323465,0.24285021800556691

0.18027210884353742,0.282272579604362,0.5374553115521008
0.7525356906131632,0.0765349439212608,0.17092936546557608
0.8646533318845913,0.08928176148675267,0.046064906628656005

Transition Gammas
700.0,84.32604413470317,74.67395586529686
480.0,1.0,1.0
1.0,296.5598643238122,95.4401356761878

106.0,165.97627680736483,316.02372319263526
40.894424769033506,4.159075171358326,9.28867316732202
74.71142501426303,7.714499421311614,3.980294402930979

Iteration: ,3493
Error:,0.04225889283645817
Absolute Error:,1
Transition Probabilities
0.8131455399061033,0.09484163651065329,0.09201282358324345
0.9972972972972973,0.0013513513513513514,0.0013513513513513514
0.0017361111111111119,0.747845635766896,0.250418253121993

0.170978627671541,0.33587805917593727,0.4931433131525218
0.7868298558606254,0.07384175252683309,0.13932839161254146
0.8546204897165904,0.10324720965023194,0.04213230063317754


Model Num 2
Model States: 
"['diamond', 'x', 'square']","['diamond', 'x', 'diamond']","['square', 'y', 'diamond', 'x', 'diamond']","['square', 'y', 'diamond', 'x', 'square']"
Iteration: ,0
Error:,0.4031781019744978
Absolute Error:,0.5
Transition Probabilities
0.25,0.25,0.25,0.25
0.25,0.25,0.25,0.25
0.25,0.25,0.25,0.25
0.25,0.25,0.25,0.25

0.25,0.25,0.25,0.25
0.25,0.25,0.25,0.25
0.25,0.25,0.25,0.25
0.25,0.25,0.25,0.25

Transition Gammas
1.0,1.0,1.0,1.0
1.0,1.0,1.0,1.0
1.0,1.0,1.0,1.0
1.0,1.0,1.0,1.0

1.0,1.0,1.0,1.0
1.0,1.0,1.0,1.0
1.0,1.0,1.0,1.0
1.0,1.0,1.0,1.0

Iteration: ,2500
Error:,0.07699357866436585
Absolute Error:,0.16626698699299897
Transition Probabilities
0.001808318264014467,0.001808318264014467,0.10417493227245499,0.8922084311995161
0.7564225824500613,0.23904227015764848,0.002267573696145126,0.002267573696145126
0.11281596782860324,0.1412929510721852,0.35050759066725745,0.39538349043195403
0.10021531901486945,0.07735679116643011,0.7035660034837474,0.11886188633495298

0.09893380189116671,0.06269973540861747,0.060204017544654605,0.7781624451555613
0.10021874849305008,0.24881082188703044,0.4572590210052293,0.19371140861469022
0.003177936241849192,0.8669252904798375,0.05640451620204287,0.07349225707627052
0.8496222153270765,0.0031631681648327504,0.07935311005991112,0.06786150644817954

Transition Gammas
1.0,1.0,57.6087375466676,493.3912624533323
333.58235886047686,105.41764113952293,1.0,1.0
11.166203657933742,13.98477447358722,34.692244514432666,39.1339334504077
36.70598709151851,28.333566224291243,257.69597797791675,43.53568804023837

12.942317045155985,8.202250785817348,7.8757660936976706,101.79761502460049
2.5442860328323915,6.316641431504402,11.608583803168294,4.917814667909398
1.0688025899321942,291.5640608332067,18.969950437248784,24.7168944639916
285.6234102603327,1.0633842455715925,26.676687004176333,22.81347468023873

Iteration: ,5000
Error:,0.06998861922066331
Absolute Error:,0.16041290491239157
Transition Probabilities
0.000956022944550669,0.000956022944550669,0.08969597512078452,0.9083919789901141
0.779074432585705,0.21860538179944583,0.0011600928074245946,0.0011600928074245946
0.10861640590724297,0.1183349004752436,0.4260745905954394,0.3469741030220741
0.10033527429183504,0.0706494715615397,0.7026013918895921,0.12641386225703316

0.11044231141995821,0.05398602544098241,0.045635147805183955,0.7899365153338753
0.1176373059331166,0.17773637730608186,0.47927035793783224,0.2253559588229693
0.001533937568005109,0.8545346611953186,0.058919699255126294,0.08501170198155004
0.8762060928567841,0.0017615112242867139,0.06478593710493027,0.05724645881399886

Transition Gammas
1.0,1.0,93.82198997634063,950.1780100236596
671.5621608888773,188.4378391111222,1.0,1.0
22.42483126632527,24.431301642782277,87.96692102969139,71.63591585509934
81.08987143319861,57.09813030545409,567.8347613960703,102.16630103567755

33.66653401563312,16.456757727267394,13.911129132833683,240.79923918427414
4.769545780667739,7.206232595409567,19.431777150703947,9.136944730471267
1.0816619952167106,602.5784138088765,41.547453288305,59.94632969431618
540.190979638759,1.0859916196081976,39.94126395243811,35.29309019840204

Iteration: ,7500
Error:,0.06987865979895841
Absolute Error:,0.15580820558484237
Transition Probabilities
0.0006365372374283898,0.0006365372374283898,0.10010913844668778,0.8986177870784555
0.7798038330299327,0.2186201228408317,0.0007880220646178091,0.0007880220646178091
0.12581965988055668,0.11355675848105372,0.44315461440399734,0.3174689672343923
0.10073317513331945,0.07128658410130868,0.7081907172273909,0.11978952353798089

0.10629263886472808,0.05038548623872036,0.04468424203743674,0.7986376328591148
0.14664964725453664,0.16293167253758914,0.4873984148071511,0.20302026540072315
0.001045201034802505,0.8661988998134499,0.05322121359514021,0.07953468555660731
0.8548825889520532,0.001088291818531638,0.07354678687718053,0.07048233235223474

Transition Gammas
1.0,1.0,157.27145649974645,1411.728543500253
989.5710641149848,277.4289358850155,1.0,1.0
39.99840290911099,36.099994095435456,140.8800249085873,100.92422499500717
113.3447551355494,80.2115133243723,796.8546938699342,134.7869179666665

52.2800305025763,24.78209954689112,21.977942796910835,392.8098902457018
10.252561712120176,11.390869728115986,34.07496996925289,14.193541128804453
1.0962556048809293,908.5098150918068,55.820891636661955,83.41968857727741
867.4401203216499,1.1042779420380708,74.62712948244447,71.51766060777975

Iteration: ,10000
Error:,0.06080193090001418
Absolute Error:,0.14378227386945436
Transition Probabilities
0.0004938271604938273,0.0004938271604938273,0.08324528662927408,0.9157670590497382
0.7658679920496768,0.23290048085672713,0.0006157635467980297,0.0006157635467980297
0.11436613078225545,0.11094901996521965,0.4741330723556361,0.30055177689688867
0.09682620655597249,0.06839300159959241,0.7214389984904378,0.1133417933539973

0.10526753675168585,0.05975721509073218,0.06797380832703753,0.7670014398305445
0.1628113920056133,0.1402917820559846,0.49791659630643725,0.19898022963196493
0.0008347563677458572,0.8690149915535917,0.050065963296500114,0.0800842887821622
0.8359940138162871,0.0007035115578752457,0.08699301246615376,0.07630946215968391

Transition Gammas
1.0,1.0,168.57170542427997,1854.4282945757195
1243.769619088675,378.2303809113248,1.0,1.0
48.7571037329492,47.30030506857533,202.13462879214975,128.13263912183922
124.19339305415197,87.72376024977606,925.3482119256903,145.37698410541722

84.01698170975429,47.69391402353199,54.2518081754544,612.1654208895131
16.65004901880719,14.347061464147574,50.91987503855986,20.34888674762699
1.1072100228358202,1152.6502172615474,66.40684456772188,106.2227622782076
1351.3457068597702,1.1371939364985204,140.62018624545928,123.3507206726579

Iteration: ,12500
Error:,0.05417029734714938
Absolute Error:,0.1339363074311275
Transition Probabilities
0.000404040404040404,0.000404040404040404,0.0754187091854205,0.9237732100064987
0.7615795877497404,0.23741890999687948,0.0005007511266900353,0.0005007511266900353
0.10676972305680713,0.11062900910344768,0.4974776245824275,0.2851236432573177
0.09941999718200896,0.06822098871198043,0.730532113107084,0.10182690099892672

0.10082335205934659,0.06268215976001595,0.08920477230700684,0.7472897158736307
0.14238585792758374,0.11543409782952166,0.5384149275534981,0.20376511668939645
0.0006899171785189869,0.8726025967004766,0.047507172484348846,0.07920031363665564
0.8343745683327175,0.0005530480764560391,0.08635911625134395,0.07871326733948246

Transition Gammas
1.0,1.0,186.66130523391578,2286.3386947660847
1520.8744367362308,474.1255632637681,1.0,1.0
63.81334710337549,66.11993695876414,297.32878783202216,170.41061354891482
151.9669938804826,104.2782022527564,1116.6442597941436,155.64603178014008

106.68681911978398,66.32749361891791,94.39255106433357,790.748979468135
18.815696011517538,15.25413356169616,71.14928232593313,26.9267085171409
1.115435374632502,1410.7951427522014,76.80803201851597,128.04845894974827
1741.7255622921177,1.1544670804921482,180.27141049191584,164.31098815806757

Iteration: ,15000
Error:,0.048547310199396496
Absolute Error:,0.12488985415931173
Transition Probabilities
0.0003447087211306447,0.0003447087211306447,0.06998806680712999,0.9293225157506086
0.7627965657993592,0.23636975350034917,0.0004168403501458943,0.0004168403501458943
0.091019404711878,0.11574794360026137,0.5280398553120768,0.26519279637578375
0.09687219854227572,0.07142483203992518,0.7470959326218045,0.08460703679599452

0.09761036567840663,0.060464175014910825,0.08612305928437121,0.7558024000223115
0.12833103532633466,0.10968504826933158,0.5623420154733474,0.19964190093098616
0.0005761289033990591,0.8696900980953756,0.047186642537775575,0.08254713046344982
0.8357008253849618,0.0004999771019109441,0.0846058852059042,0.0791933123072229

Transition Gammas
1.0,1.0,203.03538180748404,2695.964618192515
1829.9489613526619,567.0510386473375,1.0,1.0
80.21935674834963,102.01369268398983,465.384471198355,233.72593577054278
188.43316735373045,138.9336417622213,1453.2307000297867,164.5753081254301

117.51438742700448,72.79360587139256,103.68467001226874,909.9203290263872
23.120358745102283,19.761062930039383,101.3125866406816,35.967857333504796
1.1230476888364396,1695.2863307283656,91.98089096615637,160.90906659971048
1939.473287824268,1.160334182072135,196.35119335198684,183.78983139502296

Iteration: ,17500
Error:,0.04706674354054688
Absolute Error:,0.12255573066849831
Transition Probabilities
0.00030147723846849606,0.00030147723846849606,0.06636004358544613,0.9330370019376169
0.7638326878730574,0.235441622722008,0.0003628447024673441,0.0003628447024673441
0.09376043015672937,0.10949121008192503,0.5311883862515843,0.26555997350976135
0.09394979064737453,0.07043327580947813,0.7618688253054317,0.07374810823771567

0.1006016532544757,0.06248814846172348,0.08307878546120355,0.7538314128225972
0.10876492347422746,0.10396830101830916,0.591418881119527,0.19584789438793643
0.0004737013220780745,0.8728408953822213,0.04573688226515691,0.08094852103054358
0.8376492227743151,0.0004571432400442639,0.08276067921407354,0.07913295477156711

Transition Gammas
1.0,1.0,220.11626457292448,3094.8837354270704
2105.1228877781455,648.8771122218538,1.0,1.0
97.19201044983399,113.49852828809415,550.6295897010561,275.27932281532844
220.2389990671786,165.11110943849113,1785.9883066215696,172.88180664856375

134.07046257043666,83.27711025027973,110.71797367383807,1004.6209276660671
38.53713785234613,36.83761842177177,209.54909195135994,69.39201594628106
1.1389603583738304,2098.6455656208177,109.96907415647665,194.63141060768186
2133.286042861467,1.164231120927867,210.77104480605013,201.5321250886597

Iteration: ,20000
Error:,0.04672620329956132
Absolute Error:,0.12310397350967223
Transition Probabilities
0.0002678810608090012,0.0002678810608090012,0.06293087524065587,0.9365333626377261
0.7619079110201507,0.23744879531629196,0.0003216468317787071,0.0003216468317787071
0.09306280062314058,0.10671908437781738,0.5362935130554116,0.2639246019436304
0.0957210769784292,0.06854916372948558,0.7700880025167647,0.06564175677532058

0.10017256810260915,0.06169874746244658,0.0823442515037851,0.7557844329311593
0.10535848236677313,0.10043738798996288,0.6004787688971835,0.19372536074608043
0.00039209531477463726,0.872424070058643,0.04733779295962444,0.07984604166695801
0.8415238504681992,0.00042304856067703814,0.0814749427624846,0.07657815820863924

Transition Gammas
1.0,1.0,234.92095727336803,3496.0790427266265
2368.7716953616477,738.2283046383515,1.0,1.0
102.14798010197454,117.13744734236596,588.6487268123386,289.69002444845734
262.37851743381924,187.8983032621298,2110.8678963093266,179.92888680453504

144.97044763034748,89.29086283083595,119.16918200661274,1093.7765660739276
61.944400130629354,59.05109498509263,353.04511127094054,113.89876725568917
1.1545401752570512,2568.8872087719465,139.38800521322136,235.1098303552454
2324.6063086934964,1.1686197039886623,225.06452531409323,211.53775924578918

Iteration: ,22500
Error:,0.04529618801985382
Absolute Error:,0.12292334061767142
Transition Probabilities
0.00024021138601969754,0.00024021138601969754,0.060195090170403046,0.9393244870575577
0.7619495041283257,0.2374724611895934,0.00028901734104046255,0.00028901734104046255
0.0923877977142549,0.10360200341851286,0.5410386119708495,0.26297158689638267
0.09642453994524346,0.0714436285391044,0.7738405807152152,0.05829125080043685

0.10086725987589985,0.06214460507668689,0.08046166982359997,0.7565264652238133
0.10298538603967149,0.09899088153292536,0.6015233645878222,0.19650036783958102
0.0003348372821617402,0.8660816300694676,0.04981630975870383,0.08376722288966691
0.8430278837385934,0.00039289365744974727,0.08106832330696803,0.07551089929698886

Transition Gammas
1.0,1.0,250.59216037938765,3910.407839620609
2636.3452842840056,821.6547157159927,1.0,1.0
106.33042251540346,119.23701040048749,622.688987413015,302.6577171015751
304.1547564941761,225.35673443411216,2440.9480566503717,183.86980329920056

156.5428099732491,96.44646950211028,124.8739769953402,1174.1052431777355
83.74916189934297,80.50077474940046,489.1672458041477,159.79685810118863
1.166134666325033,3016.2943808731648,173.4947953912417,291.7353225505846
2513.6125826327225,1.1714706714357097,241.71722127819788,225.146937912766

Iteration: ,24458
Error:,0.044456721327628936
Absolute Error:,0.12437330350300582
Transition Probabilities
0.0002227171492204898,0.0002227171492204898,0.057863449636633056,0.941691116064926
0.7612070851002314,0.23825629026869805,0.0002683123155352833,0.0002683123155352833
0.09122223619251318,0.10458729286402906,0.5433100212482213,0.2608804496952365
0.09647018716212771,0.07377052896340858,0.7759084254945706,0.05385085837989303

0.10149722026038982,0.06153441218998433,0.07969678089974805,0.7572715866498778
0.10268154255540424,0.09732441306775724,0.5926356228382668,0.20735842153857165
0.00030166781528351717,0.8649010510847693,0.05053817424350579,0.08425910685644143
0.8428033365018359,0.0003708922126344065,0.0819114682118523,0.07491430307367737

*,*,*,*,*,*,*,*,*,*,*
Model Num 2
Model States: 
"['diamond', 'x', 'square']","['diamond', 'x', 'diamond']","['square', 'y', 'diamond', 'x', 'diamond']","['square', 'y', 'diamond', 'x', 'square']"
Iteration: ,24458
Error:,0.04517038427105426
Absolute Error:,0.12437330350300582
Transition Probabilities
0.0002227171492204898,0.0002227171492204898,0.057863449636633056,0.941691116064926
0.7612070851002314,0.23825629026869805,0.0002683123155352833,0.0002683123155352833
0.09122223619251318,0.10458729286402906,0.5433100212482213,0.2608804496952365
0.09647018716212771,0.07377052896340858,0.7759084254945706,0.05385085837989303

0.10149722026038982,0.06153441218998433,0.07969678089974805,0.7572715866498778
0.10268154255540424,0.09732441306775724,0.5926356228382668,0.20735842153857165
0.00030166781528351717,0.8649010510847693,0.05053817424350579,0.08425910685644143
0.8428033365018359,0.0003708922126344065,0.0819114682118523,0.07491430307367737

Transition Gammas
1.0,1.0,259.80688886848264,4228.193111131521
2837.01880616856,887.9811938314368,1.0,1.0
109.17982638990235,125.17586669752933,650.263535204187,312.23617612416336
334.99512681809443,256.16999855097936,2694.3613259602266,186.99844649329722

166.32395195852732,100.83671839116694,130.59947379457486,1240.9443596029798
102.77142176583065,97.40960307546504,593.1543686666373,207.5399265173569
1.1748365972213093,3368.3321730380294,196.81946051227328,328.14465902202295
2665.8091834310376,1.1731418513454166,259.08813447963814,236.95591658791457

