0,1,2,3,4,5,6,7,8,9,10,11,12,13,14,15,16,17,18,19,20,21,22,23,24,25,26,27,28,29
github Code Version (SHA):,528ca1c557fe8e6666681dc5c9134b0f84d30530
Environment Observations,Environment Actions,alpha,epsilon,numActions,explore,patience,gainThresh,insertRandActions,useUpdatedPosterior,revisedSplitting,haveControl,confidence_factor
"['diamond', 'square']","['x', 'y']",0.99,0.99,75000,0.5,0,0.01,False,True,False,True,250

Model Num 0
Model States: 
['diamond'],['square']
Iteration: ,0
Error:,0.6748489124958441
Absolute Error:,1
Transition Probabilities
0.5,0.5
0.5,0.5

0.5,0.5
0.5,0.5

Transition Gammas
1.0,1.0
1.0,1.0

1.0,1.0
1.0,1.0

Iteration: ,2482
Error:,0.1477023342850917
Absolute Error:,1
Transition Probabilities
0.3888888888888889,0.6111111111111112
0.01903367496339678,0.9809663250366032

0.022,0.978
0.9775280898876404,0.02247191011235955


Model Num 1
Model States: 
['square'],"['diamond', 'x', 'square']","['diamond', 'x', 'diamond']"
Iteration: ,0
Error:,0.7247558940546016
Absolute Error:,1
Transition Probabilities
0.3333333333333333,0.3333333333333333,0.3333333333333333
0.3333333333333333,0.3333333333333333,0.3333333333333333
0.3333333333333333,0.3333333333333333,0.3333333333333333

0.3333333333333333,0.3333333333333333,0.3333333333333333
0.3333333333333333,0.3333333333333333,0.3333333333333333
0.3333333333333333,0.3333333333333333,0.3333333333333333

Transition Gammas
1.0,1.0,1.0
1.0,1.0,1.0
1.0,1.0,1.0

1.0,1.0,1.0
1.0,1.0,1.0
1.0,1.0,1.0

Iteration: ,2500
Error:,0.13213049203812954
Absolute Error:,1
Transition Probabilities
0.975609756097561,0.02204949522022693,0.002340748682212097
0.9957894736842106,0.002105263157894737,0.002105263157894737
0.003289473684210526,0.9602380248624922,0.03647250145329724

0.024024024024024024,0.30784543009829507,0.6681305458776808
0.7808239025142693,0.06572301157644195,0.1534530859092889
0.982514988407944,0.008210113627547685,0.009274897964508323

Transition Gammas
840.0,18.984615384615385,2.0153846153846153
473.0,1.0,1.0
1.0,291.91235955819764,11.08764044180236

16.0,205.02505644546451,444.97494355453546
24.854305450252095,2.092020748303733,4.884545487391177
147.71066778768142,1.2343031718049329,1.394382160235607

Iteration: ,5000
Error:,0.17208278755956796
Absolute Error:,1
Transition Probabilities
0.9764705882352941,0.021362001366307937,0.002167410398397943
0.9987285441830897,0.0006357279084551812,0.0006357279084551812
0.002597402597402597,0.9684832563068825,0.028919341095715013

0.030204962243797196,0.6819462609476985,0.2878487768085043
0.8063244415967151,0.11751762836074661,0.0761579300425381
0.9832614177818174,0.00785962658656548,0.008878955631617202

Transition Gammas
913.0,19.97347127749792,2.0265287225020767
1571.0,1.0,1.0
1.0,372.8660536781498,11.133946321850281

56.0,1264.328367797033,533.671632202967
62.228669391746955,9.069507589874947,5.877543090213332
154.41480244824876,1.2343031718049329,1.394382160235607

Iteration: ,7500
Error:,0.16484380495356132
Absolute Error:,1
Transition Probabilities
0.9761222540592168,0.02192431305315958,0.0019534328876236076
0.9992138364779874,0.00039308176100628933,0.00039308176100628933
0.002141327623126337,0.9738809115164517,0.023977760860421974

0.02984084880636606,0.7641846018710646,0.2059745493225693
0.8764226865475,0.09319069926374753,0.030386614188752475
0.9832614177818174,0.00785962658656548,0.008878955631617202

Transition Gammas
1022.0,22.95475576665808,2.045244233341917
2542.0,1.0,1.0
1.0,454.8023856781832,11.197614321817069

90.0,2304.78075924313,621.2192407568688
197.94391746433683,21.047529196412828,6.862950427143097
154.41480244824876,1.2343031718049329,1.394382160235607

Iteration: ,10000
Error:,0.14646354663010192
Absolute Error:,1
Transition Probabilities
0.9802347127856702,0.018477503516578595,0.0012877836977512383
0.9992614475627769,0.00036927621861152144,0.00036927621861152144
0.0015723270440251569,0.9791611478381854,0.019266525117789507

0.030528476141611048,0.7579356977994229,0.211535826058966
0.9437998987737733,0.042958815073021274,0.013241286153205327
0.9832614177818174,0.00785962658656548,0.008878955631617202

Transition Gammas
1587.0,29.915078193340744,2.084921806659255
2706.0,1.0,1.0
1.0,622.746490025086,12.25350997491413

119.0,2954.433350022154,824.5666499778505
760.6627875722152,34.62298742212124,10.671916419385852
154.41480244824876,1.2343031718049329,1.394382160235607

Iteration: ,12500
Error:,0.14327944379236668
Absolute Error:,1
Transition Probabilities
0.9812686249467859,0.016979358084303918,0.001752016968910215
0.9993656834760546,0.0003171582619727244,0.0003171582619727244
0.00104384133611691,0.9788239922173917,0.02013216644649145

0.029227105434076618,0.7218359874434191,0.24893690712250438
0.9475203648782079,0.03779149561497624,0.014688139506815773
0.9832614177818174,0.00785962658656548,0.008878955631617202

Transition Gammas
2305.0,39.884512140029905,4.115487859970095
3151.0,1.0,1.0
1.0,937.7133845442615,19.28661545573882

135.0,3334.1604260011554,1149.8395739988487
985.2214443524784,39.295189078931394,15.272568860950884
154.41480244824876,1.2343031718049329,1.394382160235607

Iteration: ,14634
Error:,0.13738031543676724
Absolute Error:,1
Transition Probabilities
0.9797140006651147,0.017890596439561004,0.0023954028953242614
0.99943741209564,0.00028129395218002813,0.00028129395218002813
0.0008223684210526311,0.9816521110179114,0.017525520561036075

0.02890505359877486,0.7002683536057722,0.2708265927954529
0.9494590093614765,0.03324539809707716,0.017295592541446265
0.9832614177818174,0.00785962658656548,0.008878955631617202


Model Num 2
Model States: 
"['diamond', 'x', 'square']","['diamond', 'x', 'diamond']","['square', 'y', 'diamond', 'x', 'square']","['square', 'y', 'diamond', 'x', 'diamond']"
Iteration: ,0
Error:,0.6741986416131324
Absolute Error:,0.74
Transition Probabilities
0.25,0.25,0.25,0.25
0.25,0.25,0.25,0.25
0.25,0.25,0.25,0.25
0.25,0.25,0.25,0.25

0.25,0.25,0.25,0.25
0.25,0.25,0.25,0.25
0.25,0.25,0.25,0.25
0.25,0.25,0.25,0.25

Transition Gammas
1.0,1.0,1.0,1.0
1.0,1.0,1.0,1.0
1.0,1.0,1.0,1.0
1.0,1.0,1.0,1.0

1.0,1.0,1.0,1.0
1.0,1.0,1.0,1.0
1.0,1.0,1.0,1.0
1.0,1.0,1.0,1.0

Iteration: ,2500
Error:,0.058157435380032804
Absolute Error:,0.062332762285191766
Transition Probabilities
0.002032520325203253,0.002032520325203253,0.9829628901853884,0.012972069164205131
0.985792821480994,0.008873845185672717,0.0026666666666666666,0.0026666666666666666
0.02353343140980179,0.008395011012115962,0.018705689164693527,0.9493658684133887
0.007571014167098222,0.010960528865683212,0.019781858895982538,0.961686598071236

0.019504662303098556,0.008899060427606064,0.9518090632299296,0.019787214039365716
0.17825151286703342,0.05958932659281943,0.10048996658725304,0.6616691939528941
0.96055982940547,0.003135586414711151,0.02901252437299818,0.0072920598068206164
0.0025846755625903964,0.9723730010181236,0.018844903745630897,0.0061974196736551725

Transition Gammas
1.0,1.0,483.6177419712109,6.382258028788922
369.67230805537275,3.3276919446272686,1.0,1.0
8.797770156998071,3.138402388667469,6.992960398910605,354.9122335691808
1.915843729049335,2.773559794094489,5.005795720143614,243.3546150570376

4.547029257803959,2.0745956788424853,221.89072495051235,4.6128992017017305
2.9913328956550567,1.0,1.6863752677373294,11.103820630062732
336.9370633679602,1.0998745170960924,10.176768238559145,2.5578471449658586
1.0047070560769071,377.9778125353861,7.325332447276278,2.409041724892861

Iteration: ,5000
Error:,0.04265403948897413
Absolute Error:,0.04191566792807501
Transition Probabilities
0.0010548523206751063,0.0010548523206751063,0.9836990807380438,0.014191214620606036
0.9878735031491732,0.009532463128388444,0.0012970168612191951,0.0012970168612191951
0.019593032781925382,0.004509038013957634,0.016451873212863285,0.9594460559912538
0.007502006399308172,0.00738940884239846,0.01766012360282628,0.967448461155467

0.01631036032677169,0.005916707160229808,0.965762638976519,0.012010293536479531
0.1183226406360891,0.029661235647733798,0.05670709204313615,0.795309031673041
0.960508858031351,0.001687104283264461,0.03322900143986437,0.004575036245520229
0.0012528675907150877,0.976983316622783,0.018135858111806836,0.003627957674695084

Transition Gammas
1.0,1.0,932.5467285396649,13.453271460334513
761.650470928013,7.349529071987495,1.0,1.0
15.110438411629767,3.477437207600529,12.687929413778233,739.9390742463842
3.8135758495048417,3.756337918624948,8.977361159971753,491.79351372498814

7.689050388228271,2.7892614617915434,455.2810266226995,5.661907543993655
3.9891338999266974,1.0,1.9118250067734022,26.813078225006613
628.8810832826218,1.1046102910958004,21.75627038435873,2.9954473882073356
1.0053501594965124,783.9697829772574,14.552924810597506,2.9112157213832344

Iteration: ,7500
Error:,0.028345734850320513
Absolute Error:,0.02733163584128867
Transition Probabilities
0.0007396449704142005,0.0007396449704142005,0.9855619885081862,0.012958721550985493
0.9870619980135114,0.01113782196848685,0.0009000900090008992,0.0009000900090008992
0.018553655340082294,0.003308522188205759,0.014810373448034903,0.9633274490236771
0.01042261936455622,0.007024888979344409,0.01821693630701225,0.9643355553490871

0.01762240686832479,0.006903972453055773,0.9650343581299395,0.010439262548679837
0.04846158703685515,0.012148398186820869,0.03210937933755353,0.9072806354387705
0.9649206439812691,0.001095936932584677,0.03088750384763816,0.0030959152385081536
0.0008475682282451994,0.9795957284263013,0.01695555949287898,0.0026011438525746166

Transition Gammas
1.0,1.0,1332.4798084630688,17.5201915369324
1096.6258797930122,12.374120206988904,1.0,1.0
20.669800576620297,3.6858771266381147,16.499577038860522,1073.2001805750608
8.510925069011499,5.736399040402896,14.875625260113086,787.4592140311871

13.433710532290238,5.262956879287714,735.6538932337393,7.957938566360804
3.9891338999266974,1.0,2.6430957270059876,74.6831492914868
976.6969827799873,1.1093122548981207,31.26446926155624,3.133699223096107
1.006213071925905,1162.953015813339,20.12924155837578,3.088016821771555

Iteration: ,10000
Error:,0.02233102849942703
Absolute Error:,0.02200324644519499
Transition Probabilities
0.0006020469596628534,0.0006020469596628534,0.9864151388122756,0.012380767268398719
0.9885500989797064,0.010053252975600894,0.0006983240223463682,0.0006983240223463682
0.021536341683504226,0.002652703288605511,0.012096377104345654,0.9637145779235446
0.008981035437764118,0.006373218053660521,0.016929314888794733,0.9677164316197806

0.014255237431899171,0.009415396721295148,0.9674200449766025,0.008909320870203203
0.024963971965800923,0.003695608368356578,0.033989738106361765,0.9373506815594808
0.9693153736861052,0.0008642782708268998,0.027355345715002234,0.002465002328065715
0.0005919370104622877,0.9824410657436834,0.01509104497057207,0.001875952275282124

Transition Gammas
1.0,1.0,1638.4355455671907,20.564454432810283
1415.6037417389407,14.396258261060492,1.0,1.0
31.19427752964342,3.842303572474422,17.520976869771935,1395.8907434189027
9.482960962163332,6.729399791931278,17.8754480281372,1021.7994581011255

15.035042481766533,9.930447694303908,1020.3408777596142,9.396687947648473
6.940682757595364,1.0274825382842359,9.450098306999857,260.60971876722033
1246.6365133117333,1.1115482941093324,35.18171044053904,3.170239522642989
1.008539533245471,1673.8785316236674,25.712052434296687,3.1962387866679105

Iteration: ,12500
Error:,0.022170192042489847
Absolute Error:,0.02203202197601024
Transition Probabilities
0.0005109862033725085,0.0005109862033725085,0.9874276776678775,0.011550349925377417
0.9889199544211706,0.009938493067413802,0.0005707762557077619,0.0005707762557077619
0.024319901046363446,0.0021658547899455227,0.010814384438352028,0.962699859725339
0.009771505881350754,0.006201981840707278,0.01574329159331456,0.9682832206846274

0.01773547685659822,0.01027945214284971,0.9637759633933864,0.008209107607165575
0.02115611426578033,0.0032204388530590105,0.034111464595040254,0.9415119822861203
0.9700328160642542,0.0007507936003637077,0.027057380528324293,0.0021590098070578168
0.0004272447722685002,0.9821305643412559,0.01603393868611088,0.0014082522003648315

Transition Gammas
1.0,1.0,1932.3959651960383,22.60403480396363
1732.587760145893,17.412239854109,1.0,1.0
43.856488142711754,3.905722508204228,19.501762033782263,1736.0529100239842
11.108799399173137,7.050763002376442,17.897862449901595,1100.799016116839

22.98415396108172,13.321576442357141,1248.9980002078316,10.638529465644753
12.887921681158593,1.9618330283041634,20.780086485048948,573.5520491682472
1437.5928845402723,1.1126794060642837,40.09915652094906,3.199661995840553
1.010898691326565,2323.807256746148,37.937708514344536,3.3320485089795504

Iteration: ,15000
Error:,0.02398569846320764
Absolute Error:,0.021744890461473532
Transition Probabilities
0.00045207956600361635,0.00045207956600361635,0.9870542822209095,0.012041558647083178
0.9892370584497674,0.009803248651960167,0.000479846449136276,0.000479846449136276
0.027921645765678092,0.002289021348715071,0.009030057419397532,0.9607592754662093
0.01140707504970865,0.005733116536528215,0.014570973558200787,0.9682888348555623

0.01818294724097839,0.012132582356583706,0.9625761517544248,0.007108318648013148
0.019880338936525507,0.0020721275335931428,0.029033243010241846,0.9490142905196395
0.9701059086114964,0.0006755361049280734,0.027264153313653488,0.0019544019699219194
0.00033290214328537146,0.9820304558519506,0.016516531223902176,0.0011201107808618699

Transition Gammas
1.0,1.0,2183.364072272653,26.635927727348005
2061.570029809317,20.429970190685005,1.0,1.0
60.41297758549597,4.952666350442363,19.537983579190936,2078.757429303984
14.028771648608775,7.050763002376442,17.919831320048715,1190.831382706918

28.423096495277324,18.96532803444038,1504.6732789121024,11.111533470015475
18.822154962598425,1.9618330283041634,27.487871346174142,898.5004780307277
1599.536941596903,1.1138422574515694,44.95387567422302,3.222470991950025
1.0124894135492255,2986.74989148594,50.23341948994604,3.406707738294201

Iteration: ,15388
Error:,0.022981410024902744
Absolute Error:,0.02123468947382254
Transition Probabilities
0.00044464206313917296,0.00044464206313917296,0.9872651781729683,0.01184553770075322
0.9890400806634962,0.010024465641461566,0.0004677268475210472,0.0004677268475210472
0.027632088494694694,0.002229347568052617,0.008796877520034397,0.9613416864172182
0.011261909394805836,0.005660157288602471,0.014388201113943195,0.9686897322026485

0.017762735713315724,0.011852195964928596,0.96343803663021,0.006947031691545752
0.018807718564557978,0.0019603283226771098,0.02746802195031921,0.9517639311624456
0.9704640473460258,0.0006675191850015294,0.026937450821379626,0.0019309826475929666
0.00032125591432862843,0.981432879506938,0.017159790596904624,0.00108607398182882

*,*,*,*,*,*,*,*,*,*,*
Model Num 2
Model States: 
"['diamond', 'x', 'square']","['diamond', 'x', 'diamond']","['square', 'y', 'diamond', 'x', 'square']","['square', 'y', 'diamond', 'x', 'diamond']"
Iteration: ,15388
Error:,0.023175666981563724
Absolute Error:,0.02123468947382254
Transition Probabilities
0.00044464206313917296,0.00044464206313917296,0.9872651781729683,0.01184553770075322
0.9890400806634962,0.010024465641461566,0.0004677268475210472,0.0004677268475210472
0.027632088494694694,0.002229347568052617,0.008796877520034397,0.9613416864172182
0.011261909394805836,0.005660157288602471,0.014388201113943195,0.9686897322026485

0.017762735713315724,0.011852195964928596,0.96343803663021,0.006947031691545752
0.018807718564557978,0.0019603283226771098,0.02746802195031921,0.9517639311624456
0.9704640473460258,0.0006675191850015294,0.026937450821379626,0.0019309826475929666
0.00032125591432862843,0.981432879506938,0.017159790596904624,0.00108607398182882

Transition Gammas
1.0,1.0,2220.359385711006,26.640614288993994
2114.5676924585573,21.43230754144485,1.0,1.0
61.38680071302816,4.952666350442363,19.542937093696345,2135.694177895771
14.028771648608775,7.050763002376442,17.92314080904107,1206.6805525615966

28.423096495277324,18.96532803444038,1541.6483544160837,11.11631424975449
18.822154962598425,1.9618330283041634,27.489105809953617,952.4944845734635
1619.5340984556524,1.1139723150381073,44.95387567422302,3.222470991950025
1.0126858203953188,3093.7427652451925,54.09231657183427,3.423599915963685

