0,1,2,3,4,5,6,7,8,9,10,11,12,13,14,15,16,17,18,19,20,21,22,23,24,25,26,27,28,29
github Code Version (SHA):,528ca1c557fe8e6666681dc5c9134b0f84d30530
Environment Observations,Environment Actions,alpha,epsilon,numActions,explore,patience,gainThresh,insertRandActions,useUpdatedPosterior,revisedSplitting,haveControl,confidence_factor
"['diamond', 'square']","['x', 'y']",0.75,0.99,75000,0.5,0,0.01,False,True,False,True,250

Model Num 0
Model States: 
['diamond'],['square']
Iteration: ,0
Error:,0.40397362204707615
Absolute Error:,1
Transition Probabilities
0.5,0.5
0.5,0.5

0.5,0.5
0.5,0.5

Transition Gammas
1.0,1.0
1.0,1.0

1.0,1.0
1.0,1.0

Iteration: ,2439
Error:,0.06635692827116582
Absolute Error:,1
Transition Probabilities
0.4157509157509158,0.5842490842490843
0.1699248120300752,0.8300751879699249

0.214,0.786
0.8160762942779292,0.18392370572207084


Model Num 1
Model States: 
['diamond'],"['square', 'y', 'diamond']","['square', 'y', 'square']"
Iteration: ,0
Error:,0.3648209489148673
Absolute Error:,1
Transition Probabilities
0.3333333333333333,0.3333333333333333,0.3333333333333333
0.3333333333333333,0.3333333333333333,0.3333333333333333
0.3333333333333333,0.3333333333333333,0.3333333333333333

0.3333333333333333,0.3333333333333333,0.3333333333333333
0.3333333333333333,0.3333333333333333,0.3333333333333333
0.3333333333333333,0.3333333333333333,0.3333333333333333

Transition Gammas
1.0,1.0,1.0
1.0,1.0,1.0
1.0,1.0,1.0

1.0,1.0,1.0
1.0,1.0,1.0
1.0,1.0,1.0

Iteration: ,2500
Error:,0.07025311215936765
Absolute Error:,1
Transition Probabilities
0.4509283819628647,0.4758108114861719,0.07326080655096348
0.1624294206126516,0.7681458292373678,0.0694247501499805
0.28880724675110964,0.30768695401088136,0.403505799238009

0.19901719901719908,0.7164020942884347,0.08458070669436622
0.9968503937007874,0.0015748031496062992,0.0015748031496062992
0.006666666666666665,0.83826495588049,0.15506837745284327

Transition Gammas
340.0,358.7613518605736,55.238648139426466
76.59158796570941,362.2096823877,32.73638382784123
1.717691471271881,1.82997920817956,2.399865231072873

81.0,291.57565237539285,34.424347624607044
633.0,1.0,1.0
1.0,125.73974338207353,23.260256617926494

Iteration: ,5000
Error:,0.06835115380040989
Absolute Error:,1
Transition Probabilities
0.458964143426295,0.47033659462447175,0.07069926194923344
0.17235997059417127,0.764861388880461,0.06277864052536773
0.28880724675110964,0.30768695401088136,0.403505799238009

0.17763157894736845,0.7245333052765276,0.09783511577610401
0.9985261606484893,0.0007369196757553427,0.0007369196757553427
0.003246753246753247,0.8508148834433684,0.14593836330987844

Transition Gammas
576.0,590.2724262537118,88.72757374628793
151.23463527309468,671.1159951063539,55.08416351003822
1.717691471271881,1.82997920817956,2.399865231072873

189.0,770.9034368142252,104.09656318577466
1355.0,1.0,1.0
1.0,262.05098410055746,44.949015899442564

Iteration: ,7023
Error:,0.0680076760145001
Absolute Error:,1
Transition Probabilities
0.45475113122171945,0.4743626333813393,0.07088623539694125
0.16766288703693238,0.7709154641537962,0.0614216488092714
0.28880724675110964,0.30768695401088136,0.403505799238009

0.1747259832366217,0.731241488041061,0.09403252872231722
0.999002493765586,0.0004987531172069825,0.0004987531172069825
0.002347417840375586,0.8453001805337038,0.1523524016259206


Model Num 2
Model States: 
"['square', 'y', 'diamond']","['square', 'y', 'square']","['diamond', 'x', 'square', 'y', 'diamond']","['diamond', 'x', 'diamond']"
Iteration: ,0
Error:,0.403385447176942
Absolute Error:,1
Transition Probabilities
0.25,0.25,0.25,0.25
0.25,0.25,0.25,0.25
0.25,0.25,0.25,0.25
0.25,0.25,0.25,0.25

0.25,0.25,0.25,0.25
0.25,0.25,0.25,0.25
0.25,0.25,0.25,0.25
0.25,0.25,0.25,0.25

Transition Gammas
1.0,1.0,1.0,1.0
1.0,1.0,1.0,1.0
1.0,1.0,1.0,1.0
1.0,1.0,1.0,1.0

1.0,1.0,1.0,1.0
1.0,1.0,1.0,1.0
1.0,1.0,1.0,1.0
1.0,1.0,1.0,1.0

Iteration: ,2500
Error:,0.0847873062589709
Absolute Error:,1
Transition Probabilities
0.8063154432955347,0.0896189075483099,0.05448770109286135,0.049577948063293985
0.25,0.25,0.25,0.25
0.867778063800892,0.12718415282379322,0.00251889168765743,0.00251889168765743
0.0030030030030030025,0.0030030030030030025,0.7571937984367848,0.23680019555720927

0.001584786053882726,0.001584786053882726,0.511437254133347,0.4853931737588876
0.9177869936694901,0.06750712397756882,0.007352941176470588,0.007352941176470588
0.8732668667177372,0.028891512215152557,0.07611621311047129,0.02172540795663903
0.40561464641772804,0.12402248750099991,0.17480239305936737,0.29556047302190447

Transition Gammas
430.32863407561837,47.829397778851764,29.07995646142854,26.459632948552503
1.0,1.0,1.0,1.0
344.5078913289542,50.492108671045926,1.0,1.0
1.0,1.0,252.14553487944937,78.8544651205507

1.0,1.0,322.7169073581419,306.28309264185805
124.81903113905065,9.18096886094936,1.0,1.0
223.44150400733702,7.3924285787504225,19.475743080315407,5.558848061246148
6.818374911308217,2.0848157843490904,2.93842508350935,4.9683662358472045

Iteration: ,5000
Error:,0.06842885164504768
Absolute Error:,1
Transition Probabilities
0.7873752930447748,0.09451612362369093,0.059739592406947935,0.058368990924586264
0.25,0.25,0.25,0.25
0.8653584021102736,0.1322261389525283,0.0012077294685990335,0.0012077294685990335
0.0014858841010401186,0.0014858841010401186,0.7910313054313012,0.20599692636661848

0.0007867820613690008,0.0007867820613690008,0.5104981238557866,0.48792831202147535
0.9258389936886077,0.06726445458725444,0.003448275862068965,0.003448275862068965
0.8759418965457683,0.03006248877319688,0.07479018191678669,0.019205432764248173
0.4935569260603907,0.14152069759818595,0.14499638091510225,0.21992599542632102

Transition Gammas
808.9874492600477,97.1104356965503,61.37934592060342,59.97112368279343
1.0,1.0,1.0,1.0
716.5167569473067,109.48324305269347,1.0,1.0
1.0,1.0,532.3640685552658,138.63593144473427

1.0,1.0,648.8431154207049,620.1568845792951
268.49330816969626,19.50669183030379,1.0,1.0
406.47657922184675,13.950351784304402,34.70602037052653,8.912187718468012
24.033258340095717,6.891208098316913,7.060453003318185,10.709075254951955

Iteration: ,7500
Error:,0.06533205455492548
Absolute Error:,1
Transition Probabilities
0.7869225194550581,0.09336750159059576,0.059043813485000915,0.06066616546934523
0.25,0.25,0.25,0.25
0.858179694292473,0.14039580428302562,0.0007122507122507124,0.0007122507122507124
0.0009615384615384616,0.0009615384615384616,0.8266347112395755,0.17144221183734742

0.00046533271288971633,0.00046533271288971633,0.5539397379632683,0.4451295966109523
0.8715791444159018,0.12419252577437298,0.0021141649048625794,0.0021141649048625794
0.8549130076629587,0.05069281363662713,0.07131774388985825,0.023076434810555883
0.5258015929085169,0.13325143136411774,0.13547011849491117,0.2054768572324541

Transition Gammas
885.0143435342931,105.00598989702358,66.40376979855084,68.22835194089484
1.0,1.0,1.0,1.0
1204.884290786632,197.11570921336792,1.0,1.0
1.0,1.0,859.7000996891586,178.2999003108413

1.0,1.0,1190.4164968830632,956.5835031169361
412.25693530872155,58.74306469127842,1.0,1.0
628.1589249357743,37.24723221021233,52.40167938626075,16.955723391758287
27.403810353497825,6.9448191174836325,7.060453003318185,10.709075254951955

Iteration: ,10000
Error:,0.06856340502619744
Absolute Error:,1
Transition Probabilities
0.7860377114641941,0.09132633948112148,0.06028954266287983,0.06234640639180449
0.25,0.25,0.25,0.25
0.8594353860678733,0.1395394986066526,0.0005125576627370579,0.0005125576627370579
0.0007142857142857147,0.0007142857142857147,0.8494729158366721,0.14909851273475644

0.00033244680851063834,0.00033244680851063834,0.5713789573443131,0.4279561490386656
0.8674915138089511,0.1293638321029987,0.0015723270440251573,0.0015723270440251573
0.8283793475792045,0.06705285404097948,0.07767535404208266,0.026892444337733305
0.5158405137470965,0.14241412791551286,0.14298057361603278,0.1987647847213578

Transition Gammas
984.417824769513,114.37527124328439,75.50541097320425,78.08138574940627
1.0,1.0,1.0,1.0
1676.7584382184207,272.2415617815792,1.0,1.0
1.0,1.0,1189.2620821713401,208.73791782865888

1.0,1.0,1718.7079036916937,1287.2920963083059
551.7246027824929,82.27539721750718,1.0,1.0
869.4101549677117,70.37407727891403,81.52272481472264,28.22446535811755
27.792523152503623,7.673007144367172,7.703526180438956,10.709075254951955

Iteration: ,12500
Error:,0.06693712969318676
Absolute Error:,1
Transition Probabilities
0.7953530520501616,0.08815346995146005,0.05670238297790736,0.059791095020470905
0.25,0.25,0.25,0.25
0.8564669484000071,0.14270523703045637,0.0004139072847682121,0.0004139072847682121
0.000556483027267669,0.000556483027267669,0.8405238455151319,0.1583631884303327

0.00026560424966799473,0.00026560424966799473,0.5645636455019981,0.43490514599866587
0.863754504968016,0.133704198970993,0.001270648030495553,0.001270648030495553
0.824720586380657,0.06451671066678434,0.08178267592859767,0.02898002702396093
0.5158405137470965,0.14241412791551286,0.14298057361603278,0.1987647847213578

Transition Gammas
1221.0984496841663,135.34123646666873,87.0546630445994,91.79673510552018
1.0,1.0,1.0,1.0
2069.2241473344166,344.7758526655825,1.0,1.0
1.0,1.0,1510.4213503906901,284.5786496093075

1.0,1.0,2125.5821253150225,1637.4178746849766
679.7747954098284,105.22520459017147,1.0,1.0
1103.0272944543228,86.28824596968319,109.38071057331315,38.75950392088152
27.792523152503623,7.673007144367172,7.703526180438956,10.709075254951955

Iteration: ,15000
Error:,0.06639091653296601
Absolute Error:,1
Transition Probabilities
0.7941497883410165,0.08400243258168814,0.058809804919280596,0.06303797415801493
0.25,0.25,0.25,0.25
0.8513546489768032,0.14794897219311315,0.0003481894150417831,0.0003481894150417831
0.0004616805170821796,0.0004616805170821796,0.8408180687962536,0.15825857016958209

0.00022232103156958645,0.00022232103156958645,0.5626295424987795,0.43692581543808134
0.8571753201524517,0.14075642752076448,0.001034126163391934,0.001034126163391934
0.8185590396808228,0.07105724625193127,0.08028480430719061,0.030098909760055345
0.5158405137470965,0.14241412791551286,0.14298057361603278,0.1987647847213578

Transition Gammas
1456.2955469783194,154.0419330207365,107.84421060103003,115.59774038173109
1.0,1.0,1.0,1.0
2445.0905518613763,424.9094481386205,1.0,1.0
1.0,1.0,1821.2119370126834,342.78806298731445

1.0,1.0,2530.7076821595106,1965.2923178404903
828.8885345874207,136.11146541257924,1.0,1.0
1333.4465291068022,115.75345673229748,130.78530497346392,49.03163339946064
27.792523152503623,7.673007144367172,7.703526180438956,10.709075254951955

Iteration: ,17500
Error:,0.06745634013690302
Absolute Error:,1
Transition Probabilities
0.788268038545494,0.08331827844688575,0.0635269978985452,0.06488668510907505
0.25,0.25,0.25,0.25
0.8518315133486063,0.14757342565764192,0.0002975304968759301,0.0002975304968759301
0.000395569620253165,0.000395569620253165,0.8387101690364358,0.1604986917230579

0.00019033117624666927,0.00019033117624666927,0.5650688604945361,0.4345504771529706
0.849101043987419,0.14913528758224584,0.0008818342151675485,0.0008818342151675485
0.817817383368711,0.07059495024390484,0.07968492245603447,0.031902743931349765
0.5190789867837868,0.14168116468245764,0.1419323099887894,0.19730753854496608

Transition Gammas
1652.612266321628,174.67765054155186,133.1850218910848,136.03562048522352
1.0,1.0,1.0,1.0
2863.0057163646625,495.994283635334,1.0,1.0
1.0,1.0,2120.2593073241073,405.74069267588993

1.0,1.0,2968.871793038292,2283.128206961707
962.8805838817332,169.1194161182668,1.0,1.0
1566.031412903901,135.18165781577662,152.58796674990776,61.09028760005992
28.173560796132126,7.689895003418208,7.703526180438956,10.709075254951955

Iteration: ,20000
Error:,0.06935290315697643
Absolute Error:,1
Transition Probabilities
0.7876824936799177,0.08478021648112662,0.0622345624606742,0.06530272737828154
0.25,0.25,0.25,0.25
0.8512422837266269,0.14823756022655904,0.00026007802340702237,0.00026007802340702237
0.00034698126301179795,0.00034698126301179795,0.840948812234301,0.1583572252396754

0.00016586498590147626,0.00016586498590147626,0.5658558635362506,0.43381240649194647
0.8410889449086069,0.15737848804158466,0.0007662835249042148,0.0007662835249042148
0.8186190145632334,0.06903617641008299,0.079667347273126,0.032677461753557735
0.5190789867837868,0.14168116468245764,0.1419323099887894,0.19730753854496608

Transition Gammas
1856.3915669328583,199.80801932391375,146.67295242783348,153.90393131171868
1.0,1.0,1.0,1.0
3273.026580928877,569.9734190711189,1.0,1.0
1.0,1.0,2423.614476859251,456.3855231407437

1.0,1.0,3411.545001260054,2615.4549987399446
1097.6210731057315,205.37892689426792,1.0,1.0
1805.1179845089282,152.2300867712691,175.67263743264746,72.05632027851384
28.173560796132126,7.689895003418208,7.703526180438956,10.709075254951955

Iteration: ,22500
Error:,0.0673782498889048
Absolute Error:,1
Transition Probabilities
0.7861126014010026,0.08518001388071278,0.06415507645388291,0.06455230826440177
0.25,0.25,0.25,0.25
0.8488554615657619,0.15068666297636268,0.00022893772893772907,0.00022893772893772907
0.00031152647975077894,0.00031152647975077894,0.842320734172362,0.1570562128681365

0.00014686444411807906,0.00014686444411807906,0.5690865295146772,0.43061974159708677
0.838773158638068,0.15988275534042662,0.0006720430107526884,0.0006720430107526884
0.8202909880940682,0.06922891804421161,0.07897943399355958,0.031500659868160724
0.5225493313695184,0.14065878793192282,0.14090812096403466,0.19588375973452407

Transition Gammas
2067.2314423229886,223.99692186322648,168.70788102587568,169.75247703811615
1.0,1.0,1.0,1.0
3707.8006561192456,658.1993438807518,1.0,1.0
1.0,1.0,2703.8495566932806,504.150443306718

1.0,1.0,3874.9101794654357,2932.089820534563
1248.0944600534447,237.9055399465547,1.0,1.0
2023.3866666521462,170.76485265658974,194.81615183120326,77.70171328600712
28.56806568163248,7.689895003418208,7.703526180438956,10.709075254951955

Iteration: ,25000
Error:,0.06849205610050174
Absolute Error:,1
Transition Probabilities
0.7850014654600079,0.08508259425615208,0.06372818303662167,0.06618775724721841
0.25,0.25,0.25,0.25
0.8496083476698647,0.1499785145486852,0.00020656889072505694,0.00020656889072505694
0.0002796420581655481,0.0002796420581655481,0.8413946507493336,0.15804606513433536

0.0001323977227591686,0.0001323977227591686,0.569916895151278,0.42981830940320376
0.8360857206144431,0.1627123563086339,0.0006009615384615388,0.0006009615384615388
0.816265893743063,0.07166021948956822,0.07967029525576984,0.03240359151159889
0.5225493313695184,0.14065878793192282,0.14090812096403466,0.19588375973452407

Transition Gammas
2290.5551457399683,248.26243346199655,185.95241411129436,193.1292037254517
1.0,1.0,1.0,1.0
4112.954011069813,726.0459889301846,1.0,1.0
1.0,1.0,3008.827271079617,565.1727289203833

1.0,1.0,4304.5823090776,3246.4176909223966
1391.2466391024323,270.7533608975666,1.0,1.0
2247.7628096558515,197.33174880283394,219.38920648642176,89.2302232120194
28.56806568163248,7.689895003418208,7.703526180438956,10.709075254951955

Iteration: ,27500
Error:,0.06686370158622662
Absolute Error:,1
Transition Probabilities
0.7849139963728833,0.08481424670285533,0.06317737875950011,0.06709437816476123
0.25,0.25,0.25,0.25
0.8496139257204833,0.15000928452819787,0.00018839487565938212,0.00018839487565938212
0.00025335697998479865,0.00025335697998479865,0.8424652406370253,0.1570280454030051

0.00012043839576056855,0.00012043839576056855,0.5688935109374602,0.4308656122710187
0.8347768844512395,0.16413319729262976,0.0005449591280653956,0.0005449591280653956
0.8133766562395252,0.07298318709643717,0.07976677924398123,0.03387337742005648
0.5225493313695184,0.14065878793192282,0.14090812096403466,0.19588375973452407

Transition Gammas
2502.3568016853633,270.39332729121736,201.41358694333147,213.90123546182758
1.0,1.0,1.0,1.0
4509.750717724324,796.249282275674,1.0,1.0
1.0,1.0,3325.2103047943383,619.789695205661

1.0,1.0,4723.522821313729,3577.477178686266
1531.8155829680234,301.1844170319754,1.0,1.0
2477.25778543393,222.28099005977404,242.9414139013003,103.166334181179
28.56806568163248,7.689895003418208,7.703526180438956,10.709075254951955

Iteration: ,30000
Error:,0.06818705318508281
Absolute Error:,1
Transition Probabilities
0.7831215522956314,0.08631438236573657,0.06308722060142018,0.06747684473721186
0.25,0.25,0.25,0.25
0.8485650900879231,0.1510886495242653,0.00017313019390581726,0.00017313019390581726
0.00023116042533518277,0.00023116042533518277,0.844583503903047,0.1549541752462826

0.0001104362230811707,0.0001104362230811707,0.5673874156578199,0.4323917118960178
0.8393799681886212,0.1596255017268438,0.0004972650422675291,0.0004972650422675291
0.8091945328521205,0.07494734838315474,0.08083326107884896,0.03502485768587569
0.5225493313695184,0.14065878793192282,0.14090812096403466,0.19588375973452407

Transition Gammas
2696.2462989488563,297.17587687054123,217.20598106248556,232.31922599261222
1.0,1.0,1.0,1.0
4901.311960347842,872.6880396521559,1.0,1.0
1.0,1.0,3653.668237884579,670.3317621154181

1.0,1.0,5137.693048781556,3915.306951218439
1687.9931160273156,321.0068839726826,1.0,1.0
2706.923772317434,250.71444600033362,270.40404640037906,117.16542319899517
28.56806568163248,7.689895003418208,7.703526180438956,10.709075254951955

Iteration: ,32500
Error:,0.06903654067825733
Absolute Error:,1
Transition Probabilities
0.78334006436623,0.08749348726343183,0.06274932328204401,0.06641712508829417
0.25,0.25,0.25,0.25
0.8496792658417749,0.15000150031943824,0.00015961691939345588,0.00015961691939345588
0.00021399529210357394,0.00021399529210357394,0.8430489945391026,0.15652301487669026

0.00010178117048346068,0.00010178117048346068,0.5689698515656908,0.4308265860933424
0.8399766587816092,0.1591092644359411,0.00045703839122486327,0.00045703839122486327
0.8058726597834245,0.07790147379658752,0.08104054683047032,0.0351853195895176
0.5225493313695184,0.14065878793192282,0.14090812096403466,0.19588375973452407

Transition Gammas
2909.918778708938,325.0171326403146,233.09855128810335,246.72354742720037
1.0,1.0,1.0,1.0
5323.240600498713,939.7593995012794,1.0,1.0
1.0,1.0,3939.5679514812227,731.432048518773

1.0,1.0,5590.128791632906,4232.871208367084
1837.8689294141593,348.1310705858388,1.0,1.0
2920.196619212278,282.2873038943712,293.6621909186667,127.49911547914533
28.56806568163248,7.689895003418208,7.703526180438956,10.709075254951955

Iteration: ,35000
Error:,0.06863569368396641
Absolute Error:,1
Transition Probabilities
0.7804733742019064,0.08928810870971235,0.062260597345155703,0.06797791974322558
0.25,0.25,0.25,0.25
0.8500740873966848,0.14963022957552097,0.00014784151389710248,0.00014784151389710248
0.00019900497512437827,0.00019900497512437827,0.8432832501081975,0.15631873994155376

9.450902561194603e-05,9.450902561194603e-05,0.5705400035103553,0.4292709784384209
0.8373206818646793,0.16183614781491587,0.0004215851602023612,0.0004215851602023612
0.8062863466955511,0.07829994589319843,0.08044991869361728,0.03496378871763315
0.5260361133309208,0.13963156866782472,0.13987908084183356,0.19445323715942087

Transition Gammas
3116.3265223217136,356.51555901513456,248.59829587486735,271.4268048473719
1.0,1.0,1.0,1.0
5749.901127151169,1012.0988728488227,1.0,1.0
1.0,1.0,4237.498331793689,785.5016682063072

1.0,1.0,6036.8837771430635,4542.1162228569265
1986.1246573830178,383.87534261698016,1.0,1.0
3138.543536261946,304.7897190370643,313.15868530264527,136.09975355863403
28.97025735737586,7.689895003418208,7.703526180438956,10.709075254951955

Iteration: ,37500
Error:,0.06754894869589623
Absolute Error:,1
Transition Probabilities
0.778215295516348,0.09060523849551225,0.06298023831398464,0.06819922767415493
0.25,0.25,0.25,0.25
0.8504248826879631,0.14929971108785628,0.00013770311209033339,0.00013770311209033339
0.00018621973929236498,0.00018621973929236498,0.8431389079658043,0.15648865255561098

8.824567596187795e-05,8.824567596187795e-05,0.5712733327080385,0.4285501759400379
0.8378515476348822,0.16136444609306758,0.00039200313602508847,0.00039200313602508847
0.8036464755938535,0.07947242754945645,0.0821388050191002,0.03474229183758979
0.5260361133309208,0.13963156866782472,0.13987908084183356,0.19445323715942087

Transition Gammas
3328.313798769992,387.50544645279916,269.35733265326724,291.6781921932525
1.0,1.0,1.0,1.0
6175.785498079982,1084.2145019200111,1.0,1.0
1.0,1.0,4527.655935776369,840.344064223631

1.0,1.0,6473.669406247485,4856.330593752505
2137.359298016583,411.6407019834151,1.0,1.0
3348.035812348926,331.08654316348327,342.1948196615677,144.7383156746566
28.97025735737586,7.689895003418208,7.703526180438956,10.709075254951955

Iteration: ,40000
Error:,0.0685666778713531
Absolute Error:,1
Transition Probabilities
0.7779467079213649,0.09003528698065812,0.06386286908027679,0.0681551360177001
0.25,0.25,0.25,0.25
0.8487897197752626,0.15095244858879564,0.0001289158179708652,0.0001289158179708652
0.00017458100558659216,0.00017458100558659216,0.8440374210922269,0.1556134168965999

8.271298593879247e-05,8.271298593879247e-05,0.5703298189629087,0.42950475506521385
0.83836041519673,0.16090483094581223,0.00036737692872887634,0.00036737692872887634
0.8053266356171583,0.07866690869799256,0.0817737403571918,0.03423271532765724
0.5260361133309208,0.13963156866782472,0.13987908084183356,0.19445323715942087

Transition Gammas
3545.4912271229127,410.33571692122126,291.0549524247201,310.61695405818205
1.0,1.0,1.0,1.0
6584.061856296703,1170.9381437032862,1.0,1.0
1.0,1.0,4834.6463480162765,891.3536519837244

1.0,1.0,6895.287511261559,5192.712488738431
2282.017050165496,437.9829498345003,1.0,1.0
3578.017589592116,349.51232281613284,363.315788183943,152.09388608883057
28.97025735737586,7.689895003418208,7.703526180438956,10.709075254951955

Iteration: ,42500
Error:,0.06793112031156794
Absolute Error:,1
Transition Probabilities
0.7777016938457083,0.09012016626583241,0.06355968683503137,0.0686184530534279
0.25,0.25,0.25,0.25
0.8501368896471976,0.14962030350564945,0.00012140342357654507,0.00012140342357654507
0.0001640419947506563,0.0001640419947506563,0.8450186325649638,0.1546532834455349

7.78937529210158e-05,7.78937529210158e-05,0.5696566951104438,0.43018751738371425
0.8405058668172583,0.1587982389586639,0.00034794711203897064,0.00034794711203897064
0.8049788487672962,0.07938452502637812,0.08173105068843523,0.03390557551789047
0.5260361133309208,0.13963156866782472,0.13987908084183356,0.19445323715942087

Transition Gammas
3779.511391383701,437.9702367765216,308.8903654534677,333.47519624408955
1.0,1.0,1.0,1.0
7002.577560023954,1232.4224399760324,1.0,1.0
1.0,1.0,5151.233584116016,942.76641588398

1.0,1.0,7313.252651827871,5522.747348172119
2415.6138612327964,456.3861387671993,1.0,1.0
3805.1753566462594,375.2546278601234,386.3467722520798,160.27335452497306
28.97025735737586,7.689895003418208,7.703526180438956,10.709075254951955

Iteration: ,45000
Error:,0.06913021072041747
Absolute Error:,1
Transition Probabilities
0.7777079596435074,0.09034725672564342,0.06458707678173085,0.06735770684911835
0.25,0.25,0.25,0.25
0.8499100226201165,0.1498610134417039,0.00011448196908986858,0.00011448196908986858
0.0001554968123153475,0.0001554968123153475,0.8460405895676155,0.15364841680775382

7.342683016374189e-05,7.342683016374189e-05,0.5710574060776099,0.4287957402620627
0.8405940677978423,0.15874976422315515,0.0003280839895013127,0.0003280839895013127
0.8045380856568213,0.07984491531565843,0.08137664613635964,0.0342403528911605
0.5260361133309208,0.13963156866782472,0.13987908084183356,0.19445323715942087

Transition Gammas
3981.4158561571394,462.52580551273195,330.6485531143279,344.83257983677373
1.0,1.0,1.0,1.0
7423.964047586702,1309.035952413281,1.0,1.0
1.0,1.0,5440.887031509337,988.112968490665

1.0,1.0,7777.230813370963,5839.769186629027
2562.1307186478202,483.8692813521763,1.0,1.0
4034.2943239570614,400.37618404580246,408.05693038454183,171.69561488978144
28.97025735737586,7.689895003418208,7.703526180438956,10.709075254951955

Iteration: ,47500
Error:,0.06643987693739563
Absolute Error:,1
Transition Probabilities
0.7763656450376052,0.09154394108157494,0.0653602247748839,0.06673018910593594
0.25,0.25,0.25,0.25
0.8493069612059887,0.15047609552467625,0.00010847163466753462,0.00010847163466753462
0.0001475579164822192,0.0001475579164822192,0.845324538194961,0.15438034597207453

6.952652436904685e-05,6.952652436904685e-05,0.5715448867918476,0.42831606015941437
0.8397210155282466,0.15966170052113599,0.00030864197530864224,0.00030864197530864224
0.8040894894665783,0.08056572076191078,0.08125043122536783,0.034094358546142935
0.5325993693960807,0.13791155745998146,0.1378527477520997,0.19163632539183825

Transition Gammas
4177.887124830891,492.6290276310001,351.72556038310245,359.09780357387706
1.0,1.0,1.0,1.0
7829.760875357997,1387.2391246419882,1.0,1.0
1.0,1.0,5728.764395347253,1046.2356046527495

1.0,1.0,8220.530106727136,6160.469893272852
2720.696090311517,517.3039096884802,1.0,1.0
4260.21953639647,426.85256062910037,430.4802873080425,180.63841682042198
29.76286837028602,7.706812601143066,7.703526180438956,10.709075254951955

Iteration: ,50000
Error:,0.06742642682834697
Absolute Error:,1
Transition Probabilities
0.7766197083286318,0.09185135362343783,0.06586753591158245,0.06566140213634801
0.25,0.25,0.25,0.25
0.8488852616745222,0.1509085740125203,0.00010308215647871367,0.00010308215647871367
0.000140805406927626,0.000140805406927626,0.8459710856490926,0.15374730353705218

6.603275224511359e-05,6.603275224511359e-05,0.5723655746652464,0.4275023598302634
0.8386905184194321,0.16072622115478782,0.0002916302128900557,0.0002916302128900557
0.8023407260248091,0.08144396675165998,0.08166577973391809,0.034549527489612715
0.5325993693960807,0.13791155745998146,0.1378527477520997,0.19163632539183825

Transition Gammas
4401.032618688808,520.5131920196044,373.26528151518914,372.09714032730625
1.0,1.0,1.0,1.0
8235.035923504529,1463.9640764954577,1.0,1.0
1.0,1.0,6008.086650279856,1091.9133497201447

1.0,1.0,8667.90426273049,6474.0957372695075
2875.8697876602296,551.1302123397669,1.0,1.0
4477.998758984097,454.5524989708654,455.79047459276796,192.82673333621707
29.76286837028602,7.706812601143066,7.703526180438956,10.709075254951955

Iteration: ,52500
Error:,0.06710937097460429
Absolute Error:,1
Transition Probabilities
0.7764926182797389,0.09192765273735558,0.06614208866004442,0.06543764032286103
0.25,0.25,0.25,0.25
0.8500096176475069,0.14979376418497442,9.830908375933948e-05,9.830908375933948e-05
0.0001341021858656296,0.0001341021858656296,0.845757176524478,0.15397461910379068

6.286540516753636e-05,6.286540516753636e-05,0.572235307718073,0.42763896147159197
0.8369365898050798,0.16250630713085334,0.0002785515320334266,0.0002785515320334266
0.801033422282769,0.08109009543649752,0.08280464612693661,0.03507183615379682
0.5325993693960807,0.13791155745998146,0.1378527477520997,0.19163632539183825

Transition Gammas
4606.462868900443,545.3513774515325,392.38116153507514,388.20209397937447
1.0,1.0,1.0,1.0
8646.29783071043,1523.7021692895578,1.0,1.0
1.0,1.0,6306.8112653430335,1148.1887346569672

1.0,1.0,9102.547039871379,6802.452960128608
3004.6023574002324,583.3976425997627,1.0,1.0
4713.774806730927,477.1841452690792,487.2736192218925,206.38431941632922
29.76286837028602,7.706812601143066,7.703526180438956,10.709075254951955

Iteration: ,55000
Error:,0.0666810240383243
Absolute Error:,1
Transition Probabilities
0.7766238577123481,0.09238046263012689,0.06559338786487583,0.06540229179264906
0.25,0.25,0.25,0.25
0.8504680437751,0.14934393328610152,9.401146939926692e-05,9.401146939926692e-05
0.0001278608873545582,0.0001278608873545582,0.843978736746436,0.15576554147885494

6.004202942059442e-05,6.004202942059442e-05,0.5722839800974202,0.4275959358437385
0.8355825968246134,0.16388534677740835,0.00026602819898909324,0.00026602819898909324
0.8020290276048091,0.08064413253642749,0.08219869788693576,0.03512814197182757
0.535703881085336,0.13720559217562733,0.13684923583174502,0.19024129090729167

Transition Gammas
4841.271766938881,575.8758517480898,408.8921729799774,407.70092961286076
1.0,1.0,1.0,1.0
9046.428581635719,1588.5714183642583,1.0,1.0
1.0,1.0,6600.757700093878,1218.2422999061248

1.0,1.0,9531.389688522533,7121.610311477465
3140.954981463717,616.045018536277,1.0,1.0
4946.797437004728,497.4011842589287,506.98951538768665,216.66522867872925
30.15587809330203,7.723586215177026,7.703526180438956,10.709075254951955

Iteration: ,57500
Error:,0.06577470139257495
Absolute Error:,1
Transition Probabilities
0.7764716061731184,0.0924227771320174,0.06563435201560501,0.06547126467925923
0.25,0.25,0.25,0.25
0.8505967068637413,0.14922356632101785,8.986340762041719e-05,8.986340762041719e-05
0.00012259409096481547,0.00012259409096481547,0.8447501401047647,0.15500467171330565

5.734931467568965e-05,5.734931467568965e-05,0.5732730855267856,0.42661221584386305
0.8344750690385253,0.16501628396249204,0.0002543234994913534,0.0002543234994913534
0.8017401465861131,0.0809510174685537,0.0819758106896076,0.03533302525572545
0.5390395700945805,0.13621985232732325,0.13586605618993683,0.1888745213881595

Transition Gammas
5040.243252422618,599.936011962748,426.04661554105496,424.9879807628643
1.0,1.0,1.0,1.0
9465.44015397969,1660.5598460202825,1.0,1.0
1.0,1.0,6890.626892834567,1264.3731071654345

1.0,1.0,9996.162792330555,7438.837207669437
3281.155971459477,648.8440285405178,1.0,1.0
5177.418997924212,522.7595718233978,529.377406684507,228.1710314645949
30.563229381671885,7.723586215177026,7.703526180438956,10.709075254951955

Iteration: ,60000
Error:,0.06687094288639282
Absolute Error:,1
Transition Probabilities
0.7765120681850989,0.09246470596572763,0.06600376238662567,0.06501946346254783
0.25,0.25,0.25,0.25
0.8511619923407212,0.14866566815044652,8.616975441620015e-05,8.616975441620015e-05
0.00011746740279572416,0.00011746740279572416,0.8434525438168191,0.15631252137758944

5.489980785067256e-05,5.489980785067256e-05,0.5735256932296319,0.4263645071546667
0.8354052534643089,0.16410574898067878,0.0002444987775061127,0.0002444987775061127
0.800676248305086,0.08110753629840053,0.08260113514141461,0.035615080255098956
0.5390395700945805,0.13621985232732325,0.13586605618993683,0.1888745213881595

Transition Gammas
5238.460443021577,623.7800086084746,445.27073373251795,438.63051371643786
1.0,1.0,1.0,1.0
9877.734921114043,1725.265078885927,1.0,1.0
1.0,1.0,7180.311505512583,1330.6884944874191

1.0,1.0,10446.770502177738,7766.22949782225
3416.80748666902,671.1925133309754,1.0,1.0
5412.416252838125,548.2712252528956,558.3676639448915,240.75103967038376
30.563229381671885,7.723586215177026,7.703526180438956,10.709075254951955

Iteration: ,62500
Error:,0.06702060632391522
Absolute Error:,1
Transition Probabilities
0.7766332728455558,0.09199825002971668,0.06570720249325608,0.06566127463147144
0.25,0.25,0.25,0.25
0.8512339210575949,0.148600803345347,8.26377985290474e-05,8.26377985290474e-05
0.00011270145384875464,0.00011270145384875464,0.8427097360651129,0.15706486102718956

5.2667614683730994e-05,5.2667614683730994e-05,0.573880530865473,0.42601413390515963
0.8360016680961011,0.16352752211105528,0.00023540489642184578,0.00023540489642184578
0.7999595721121207,0.08119994064040693,0.08307388242600239,0.03576660482147001
0.5423210110315726,0.13525014349580897,0.13489886592846295,0.1875299795441555

Transition Gammas
5445.180171124542,645.0239313138354,460.69048111397876,460.36846879357483
1.0,1.0,1.0,1.0
10300.781678717929,1798.2183212820394,1.0,1.0
1.0,1.0,7477.363488105747,1393.6365118942529

1.0,1.0,10896.269639542732,8088.730360457263
3551.3350860722344,694.6649139277622,1.0,1.0
5633.551052347972,571.8339113532638,585.0307616520943,251.87897145715453
30.969749656007696,7.723586215177026,7.703526180438956,10.709075254951955

Iteration: ,65000
Error:,0.06847973092439767
Absolute Error:,1
Transition Probabilities
0.7776654237046026,0.0914480319386581,0.06536309045351767,0.06552345390322169
0.25,0.25,0.25,0.25
0.8515951515158635,0.14824609312614317,7.937767899666632e-05,7.937767899666632e-05
0.00010853049706967651,0.00010853049706967651,0.8440808182961727,0.15570212070968803

5.0620096178182775e-05,5.0620096178182775e-05,0.5740922627978086,0.42580649700983497
0.8361350146415464,0.16341126485028665,0.00022686025408348486,0.00022686025408348486
0.7992578097234408,0.08171845939419929,0.083105898073528,0.03591783280883183
0.5431028825793071,0.12445365821690602,0.1334631002758437,0.19898035892794325

Transition Gammas
5677.400946840526,667.6227684676568,477.1878243749515,478.35856898238313
1.0,1.0,1.0,1.0
10728.395718796824,1867.6042812031474,1.0,1.0
1.0,1.0,7777.360659780939,1434.6393402190663

1.0,1.0,11341.1926515707,8411.807348429284
3685.683144539932,720.3168554600627,1.0,1.0
5846.577201463483,597.7711769850132,607.9203019010383,262.7392311609144
33.84087677250737,7.754738644737465,8.31611923814839,12.398516050311194

Iteration: ,67500
Error:,0.06666981288317822
Absolute Error:,1
Transition Probabilities
0.7793883439711492,0.09053648300014358,0.06514382710823424,0.06493134592047299
0.25,0.25,0.25,0.25
0.8518153244717102,0.14803171185716174,7.648183556405375e-05,7.648183556405375e-05
0.00010473397570171765,0.00010473397570171765,0.8448815558000095,0.1549089762485871

4.872819413312546e-05,4.872819413312546e-05,0.5740703639423489,0.4258321796693848
0.8356505260069188,0.16391126189842725,0.00021910604732690647,0.00021910604732690647
0.799239001576761,0.0813683624249798,0.08379538433060842,0.0355972516676508
0.5109474041569406,0.14799167708366176,0.13780550998978827,0.2032554087696093

Transition Gammas
5925.477629167168,688.3242593895952,495.27080202583153,493.6553653382837
1.0,1.0,1.0,1.0
11137.48536746758,1935.5146325323844,1.0,1.0
1.0,1.0,8066.929094778488,1479.0709052215093

1.0,1.0,11781.072008824875,8738.92799117511
3813.909000695573,748.0909993044211,1.0,1.0
6080.306994076559,619.0196201300424,637.4834816764104,270.81038069678453
35.42536397249318,10.260662805868922,9.554428320970228,14.092246631376653

Iteration: ,70000
Error:,0.0673485788368877
Absolute Error:,1
Transition Probabilities
0.7796540627860467,0.09030286738710472,0.06515438123025395,0.06488868859659457
0.25,0.25,0.25,0.25
0.8513589162396016,0.14849351495644358,7.378440197742218e-05,7.378440197742218e-05
0.00010092854259184497,0.00010092854259184497,0.8457559791906074,0.1540421637242089

4.701678499224226e-05,4.701678499224226e-05,0.5731912700717677,0.42671469635824766
0.8348594258697583,0.16471863320197164,0.0002109704641350213,0.0002109704641350213
0.7987388346259142,0.08136089328678164,0.08442474472907065,0.035475527358233415
0.5092519352741575,0.14841353868771426,0.1386578945792746,0.20367663145885373

Transition Gammas
6149.818728754642,712.2983020610026,513.9300275283664,511.83427556276797
1.0,1.0,1.0,1.0
11538.467391795288,2012.5326082046743,1.0,1.0
1.0,1.0,8379.750241820539,1526.2497581794619

1.0,1.0,12191.20512315642,9075.794876843564
3957.2336786226506,780.7663213773448,1.0,1.0
6301.282192189138,641.85929841349,666.0301433704035,279.86783553055784
37.38310357264656,10.894722835680417,10.17858171011485,14.951469168310641

Iteration: ,72500
Error:,0.06664085047866003
Absolute Error:,1
Transition Probabilities
0.7792556471026211,0.09115552065625636,0.06482669890709522,0.06476213333402736
0.25,0.25,0.25,0.25
0.8513437761068934,0.1485138041822186,7.120985544399364e-05,7.120985544399364e-05
9.717228646390049e-05,9.717228646390049e-05,0.8449292078820926,0.1548764475449796

4.538234626730205e-05,4.538234626730205e-05,0.5728668946945549,0.42704234061291046
0.8359417920618086,0.1636506269314663,0.00020379050336254346,0.00020379050336254346
0.798894587178769,0.08095834057033229,0.08451147607032508,0.03563559618057361
0.5092519352741575,0.14841353868771426,0.1386578945792746,0.20367663145885373

Transition Gammas
6346.954014448703,742.4519795519643,528.0065385495509,527.4806588530714
1.0,1.0,1.0,1.0
11955.420647869072,2085.5793521308906,1.0,1.0
1.0,1.0,8695.166478314615,1593.833521685385

1.0,1.0,12623.122024594508,9409.877975405476
4101.966373647292,803.0336263527045,1.0,1.0
6529.15708777297,661.6514013642206,690.6902510521638,291.24043285993974
37.38310357264656,10.894722835680417,10.17858171011485,14.951469168310641

Iteration: ,74999
Error:,0.06732813061178648
Absolute Error:,1
Transition Probabilities
0.7806593976112506,0.09076561911891551,0.064530579470713,0.06404440379912091
0.25,0.25,0.25,0.25
0.8521536904328783,0.14770861593545215,6.884681583476784e-05,6.884681583476784e-05
9.392317084624784e-05,9.392317084624784e-05,0.8446364523596712,0.1551757012986363

4.3828892005610124e-05,4.3828892005610124e-05,0.5730088184562361,0.4269035237597526
0.8353068063515245,0.16429785860202345,0.00019766752322593413,0.00019766752322593413
0.7983439518777181,0.08112154030742136,0.08452981432769105,0.036004693487169524
0.5118419131091636,0.14763026962718162,0.13792611202235394,0.20260170524130083

Transition Gammas
6565.172199112671,763.3187035192693,542.6878452114983,538.599215762102
1.0,1.0,1.0,1.0
12377.532353537523,2145.4676464624367,1.0,1.0
1.0,1.0,8992.844308273414,1652.1556917265798

1.0,1.0,13073.769201897474,9740.23079810251
4225.81713333236,831.1828666676361,1.0,1.0
6759.6292471192255,686.8612646763024,715.7193385621562,304.85404011266604
37.77257735213156,10.894722835680417,10.17858171011485,14.951469168310641

*,*,*,*,*,*,*,*,*,*,*
Model Num 2
Model States: 
"['square', 'y', 'diamond']","['square', 'y', 'square']","['diamond', 'x', 'square', 'y', 'diamond']","['diamond', 'x', 'diamond']"
Iteration: ,74999
Error:,0.0660986623395534
Absolute Error:,1
Transition Probabilities
0.7806593976112506,0.09076561911891551,0.064530579470713,0.06404440379912091
0.25,0.25,0.25,0.25
0.8521536904328783,0.14770861593545215,6.884681583476784e-05,6.884681583476784e-05
9.392317084624784e-05,9.392317084624784e-05,0.8446364523596712,0.1551757012986363

4.382697111802606e-05,4.382697111802606e-05,0.5730118877707038,0.4269004582870601
0.8353068063515245,0.16429785860202345,0.00019766752322593413,0.00019766752322593413
0.7983439518777181,0.08112154030742136,0.08452981432769105,0.036004693487169524
0.5118419131091636,0.14763026962718162,0.13792611202235394,0.20260170524130083

Transition Gammas
6565.172199112671,763.3187035192693,542.6878452114983,538.599215762102
1.0,1.0,1.0,1.0
12377.532353537523,2145.4676464624367,1.0,1.0
1.0,1.0,8992.844308273414,1652.1556917265798

1.0,1.0,13074.41224326414,9740.587756735844
4225.81713333236,831.1828666676361,1.0,1.0
6759.6292471192255,686.8612646763024,715.7193385621562,304.85404011266604
37.77257735213156,10.894722835680417,10.17858171011485,14.951469168310641

