0,1,2,3,4,5,6,7,8,9,10,11,12,13,14,15,16,17,18,19,20,21,22,23,24,25,26,27,28,29
github Code Version (SHA):,528ca1c557fe8e6666681dc5c9134b0f84d30530
Environment Observations,Environment Actions,alpha,epsilon,numActions,explore,patience,gainThresh,insertRandActions,useUpdatedPosterior,revisedSplitting,haveControl,confidence_factor
"['diamond', 'square']","['x', 'y']",0.7,0.99,75000,0.5,0,0.01,False,True,False,True,250

Model Num 0
Model States: 
['diamond'],['square']
Iteration: ,0
Error:,0.3591513623862047
Absolute Error:,1
Transition Probabilities
0.5,0.5
0.5,0.5

0.5,0.5
0.5,0.5

Transition Gammas
1.0,1.0
1.0,1.0

1.0,1.0
1.0,1.0

Iteration: ,1888
Error:,0.049343651383132944
Absolute Error:,1
Transition Probabilities
0.4712430426716141,0.5287569573283859
0.21153846153846154,0.7884615384615384

0.21201413427561838,0.7879858657243817
0.774,0.226


Model Num 1
Model States: 
['square'],"['diamond', 'x', 'square']","['diamond', 'x', 'diamond']"
Iteration: ,0
Error:,0.43300799113806643
Absolute Error:,1
Transition Probabilities
0.3333333333333333,0.3333333333333333,0.3333333333333333
0.3333333333333333,0.3333333333333333,0.3333333333333333
0.3333333333333333,0.3333333333333333,0.3333333333333333

0.3333333333333333,0.3333333333333333,0.3333333333333333
0.3333333333333333,0.3333333333333333,0.3333333333333333
0.3333333333333333,0.3333333333333333,0.3333333333333333

Transition Gammas
1.0,1.0,1.0
1.0,1.0,1.0
1.0,1.0,1.0

1.0,1.0,1.0
1.0,1.0,1.0
1.0,1.0,1.0

Iteration: ,2500
Error:,0.041359119456313334
Absolute Error:,1
Transition Probabilities
0.8060394889663183,0.09362556456148394,0.10033494647219783
0.9956331877729258,0.002183406113537118,0.002183406113537118
0.0026109660574412533,0.6878098303095894,0.30957920363296937

0.23588039867109634,0.3540248407076223,0.4100947606212813
0.785381182720912,0.06859617870599023,0.1460226385730978
0.828143779233851,0.10390264714688321,0.06795357361926588

Transition Gammas
694.0,80.61161108743767,86.38838891256233
456.0,1.0,1.0
1.0,263.43116500857275,118.56883499142727

142.0,213.12295410598864,246.87704589401136
45.80765362139457,4.000897988196243,8.516825454698344
56.85011800991359,7.132671765411812,4.664852621394546

Iteration: ,2902
Error:,0.03855243084413574
Absolute Error:,1
Transition Probabilities
0.8065934065934066,0.09291862643367514,0.10048796697291826
0.9963833634719711,0.0018083182640144665,0.0018083182640144665
0.002197802197802198,0.6980001158260859,0.2998020819761119

0.23333333333333334,0.3612669742783931,0.4053996923882736
0.7765398790610961,0.08073387071902263,0.14272625021988128
0.8197759844678373,0.10939012284222999,0.07083389268993272


Model Num 2
Model States: 
"['diamond', 'x', 'square']","['diamond', 'x', 'diamond']","['square', 'y', 'diamond', 'x', 'diamond']","['square', 'y', 'diamond', 'x', 'square']"
Iteration: ,0
Error:,0.35632675082808934
Absolute Error:,0.4499999999999999
Transition Probabilities
0.25,0.25,0.25,0.25
0.25,0.25,0.25,0.25
0.25,0.25,0.25,0.25
0.25,0.25,0.25,0.25

0.25,0.25,0.25,0.25
0.25,0.25,0.25,0.25
0.25,0.25,0.25,0.25
0.25,0.25,0.25,0.25

Transition Gammas
1.0,1.0,1.0,1.0
1.0,1.0,1.0,1.0
1.0,1.0,1.0,1.0
1.0,1.0,1.0,1.0

1.0,1.0,1.0,1.0
1.0,1.0,1.0,1.0
1.0,1.0,1.0,1.0
1.0,1.0,1.0,1.0

Iteration: ,2500
Error:,0.22239551921420128
Absolute Error:,0.31776822688819306
Transition Probabilities
0.0012180267965895247,0.0012180267965895247,0.32378073193717305,0.673783214469648
0.662666635384019,0.33339635674196516,0.001968503937007874,0.001968503937007874
0.25,0.25,0.25,0.25
0.2088354583282126,0.2088354583282126,0.3734936250153622,0.2088354583282126

0.2182674612459161,0.2182674612459161,0.34519761626225176,0.2182674612459161
0.25,0.25,0.25,0.25
0.0030959589307244326,0.9783230221089207,0.00929050948017749,0.00929050948017749
0.7472152185595752,0.001593209421235768,0.1255957860095945,0.1255957860095945

Transition Gammas
1.0,1.0,265.82398092041916,553.1760190795811
336.6346507750817,169.3653492249183,1.0,1.0
1.0,1.0,1.0,1.0
1.0,1.0,1.7884588565815651,1.0

1.0,1.0,1.5815349401683234,1.0
1.0,1.0,1.0,1.0
1.0,316.0,3.0008503627028333,3.0008503627028333
469.0,1.0,78.83193780775946,78.83193780775946

Iteration: ,5000
Error:,0.22224574603490188
Absolute Error:,0.3180889871444356
Transition Probabilities
0.0006067961165048542,0.0006067961165048542,0.31603443991407826,0.6827519678529121
0.6633180604727181,0.3346918897760381,0.0009950248756218905,0.0009950248756218905
0.25,0.25,0.25,0.25
0.2088354583282126,0.2088354583282126,0.3734936250153622,0.2088354583282126

0.2182674612459161,0.2182674612459161,0.34519761626225176,0.2182674612459161
0.25,0.25,0.25,0.25
0.001570915952717303,0.9865352183064664,0.005946932870408132,0.005946932870408132
0.7420392696098566,0.0007885645798191887,0.12858608290516213,0.12858608290516213

Transition Gammas
1.0,1.0,520.8247569784011,1125.1752430215995
666.6346507750817,336.3653492249183,1.0,1.0
1.0,1.0,1.0,1.0
1.0,1.0,1.7884588565815651,1.0

1.0,1.0,1.5815349401683234,1.0
1.0,1.0,1.0,1.0
1.0,628.0,3.785646749669441,3.785646749669441
941.0,1.0,163.06347786334234,163.06347786334234

Iteration: ,7500
Error:,0.2229021385601316
Absolute Error:,0.31992794119262413
Transition Probabilities
0.00040799673602611163,0.00040799673602611163,0.31670738015934113,0.6824766263686066
0.6527297134866809,0.34596565507170146,0.0006523157208088715,0.0006523157208088715
0.25,0.25,0.25,0.25
0.2088354583282126,0.2088354583282126,0.3734936250153622,0.2088354583282126

0.2182674612459161,0.2182674612459161,0.34519761626225176,0.2182674612459161
0.25,0.25,0.25,0.25
0.0010477155978258932,0.9890435243476433,0.004954380027265381,0.004954380027265381
0.7383379616631599,0.0005319437764143803,0.1305650472802129,0.1305650472802129

Transition Gammas
1.0,1.0,776.2497887705454,1672.7502112294555
1000.6346507750817,530.3653492249183,1.0,1.0
1.0,1.0,1.0,1.0
1.0,1.0,1.7884588565815651,1.0

1.0,1.0,1.5815349401683234,1.0
1.0,1.0,1.0,1.0
1.0,944.0,4.72874512658414,4.72874512658414
1388.0,1.0,245.44896109190248,245.44896109190248

Iteration: ,10000
Error:,0.21944020837551717
Absolute Error:,0.32064437363358655
Transition Probabilities
0.00030562347188264075,0.00030562347188264075,0.3171730236699666,0.6822157293862681
0.6493561677802652,0.3496648796989321,0.0004894762604013706,0.0004894762604013706
0.25,0.25,0.25,0.25
0.2088354583282126,0.2088354583282126,0.3734936250153622,0.2088354583282126

0.2182674612459161,0.2182674612459161,0.34519761626225176,0.2182674612459161
0.25,0.25,0.25,0.25
0.0007930156407355669,0.9904765352787231,0.0043652245402707015,0.0043652245402707015
0.7401590441951208,0.0003983633176507647,0.1297212962436142,0.1297212962436142

Transition Gammas
1.0,1.0,1037.79013344813,2232.209866551868
1326.6346507750818,714.3653492249183,1.0,1.0
1.0,1.0,1.0,1.0
1.0,1.0,1.7884588565815651,1.0

1.0,1.0,1.5815349401683234,1.0
1.0,1.0,1.0,1.0
1.0,1249.0,5.5045882023483275,5.5045882023483275
1858.0,1.0,325.63564589382617,325.63564589382617

Iteration: ,12500
Error:,0.22413832341589182
Absolute Error:,0.3207955167780703
Transition Probabilities
0.0002440810349035881,0.0002440810349035881,0.31967144364306976,0.6798403942871231
0.6519291050723541,0.34728903409887346,0.00039093041438623924,0.00039093041438623924
0.25,0.25,0.25,0.25
0.2088354583282126,0.2088354583282126,0.3734936250153622,0.2088354583282126

0.2182674612459161,0.2182674612459161,0.34519761626225176,0.2182674612459161
0.25,0.25,0.25,0.25
0.0006339414582624695,0.9914844407225023,0.003940808909617695,0.003940808909617695
0.7420190083420579,0.00031969797860493664,0.12883064683966852,0.12883064683966852

Transition Gammas
1.0,1.0,1309.6939046056561,2785.306095394342
1667.6346507750818,888.3653492249183,1.0,1.0
1.0,1.0,1.0,1.0
1.0,1.0,1.7884588565815651,1.0

1.0,1.0,1.5815349401683234,1.0
1.0,1.0,1.0,1.0
1.0,1564.0,6.216360924585706,6.216360924585706
2321.0,1.0,402.9761070177726,402.9761070177726

Iteration: ,15000
Error:,0.22422534984396397
Absolute Error:,0.3209658994296106
Transition Probabilities
0.00020366598778004074,0.00020366598778004074,0.31914353372892973,0.6804491342955102
0.6508609969853208,0.3484854082434373,0.000326797385620915,0.000326797385620915
0.25,0.25,0.25,0.25
0.2088354583282126,0.2088354583282126,0.3734936250153622,0.2088354583282126

0.2182674612459161,0.2182674612459161,0.34519761626225176,0.2182674612459161
0.25,0.25,0.25,0.25
0.000530264814148924,0.9921254672726367,0.0036721339566071795,0.0036721339566071795
0.7398345802159542,0.00026612754684027126,0.12994964611860285,0.12994964611860285

Transition Gammas
1.0,1.0,1566.994750609045,3341.005249390955
1991.6346507750818,1066.3653492249182,1.0,1.0
1.0,1.0,1.0,1.0
1.0,1.0,1.7884588565815651,1.0

1.0,1.0,1.5815349401683234,1.0
1.0,1.0,1.0,1.0
1.0,1871.0,6.925094516220091,6.925094516220091
2780.0,1.0,488.2983654322644,488.2983654322644

Iteration: ,17500
Error:,0.22315539106047053
Absolute Error:,0.3210891007201955
Transition Probabilities
0.0001746724890829695,0.0001746724890829695,0.32117347585368905,0.678477179168145
0.6526795221624495,0.3467613500768572,0.0002795638803466592,0.0002795638803466592
0.25,0.25,0.25,0.25
0.2088354583282126,0.2088354583282126,0.3734936250153622,0.2088354583282126

0.2182674612459161,0.2182674612459161,0.34519761626225176,0.2182674612459161
0.25,0.25,0.25,0.25
0.0004524921690163662,0.9927678188219075,0.0033898445045380966,0.0033898445045380966
0.7393288221042915,0.00022875272961147633,0.13022121258304853,0.13022121258304853

Transition Gammas
1.0,1.0,1838.7181492623693,3884.2818507376287
2334.634650775082,1240.3653492249182,1.0,1.0
1.0,1.0,1.0,1.0
1.0,1.0,1.7884588565815651,1.0

1.0,1.0,1.5815349401683234,1.0
1.0,1.0,1.0,1.0
1.0,2194.0,7.491498718987751,7.491498718987751
3232.0,1.0,569.2662675729463,569.2662675729463

Iteration: ,20000
Error:,0.2235704898638351
Absolute Error:,0.3206392864857641
Transition Probabilities
0.00015274171376202845,0.00015274171376202845,0.31923750253165345,0.6804570140408225
0.6549124324236278,0.344594713953898,0.0002464268112370626,0.0002464268112370626
0.25,0.25,0.25,0.25
0.2088354583282126,0.2088354583282126,0.3734936250153622,0.2088354583282126

0.2182674612459161,0.2182674612459161,0.34519761626225176,0.2182674612459161
0.25,0.25,0.25,0.25
0.00039745590522571574,0.9932423071590637,0.0031801184678553972,0.0031801184678553972
0.7380332127092915,0.0001991454972232303,0.13088382089674258,0.13088382089674258

Transition Gammas
1.0,1.0,2090.0479290747344,4454.952070925264
2657.634650775082,1398.3653492249182,1.0,1.0
1.0,1.0,1.0,1.0
1.0,1.0,1.7884588565815651,1.0

1.0,1.0,1.5815349401683234,1.0
1.0,1.0,1.0,1.0
1.0,2499.0,8.00118560585835,8.00118560585835
3706.0,1.0,657.2271164636455,657.2271164636455

Iteration: ,22500
Error:,0.22113077688284544
Absolute Error:,0.3210005238173519
Transition Probabilities
0.00013590649633052454,0.00013590649633052454,0.32285984200549084,0.6768683450018481
0.6562793229039813,0.34328513702633234,0.00021777003484320557,0.00021777003484320557
0.25,0.25,0.25,0.25
0.2088354583282126,0.2088354583282126,0.3734936250153622,0.2088354583282126

0.2182674612459161,0.2182674612459161,0.34519761626225176,0.2182674612459161
0.25,0.25,0.25,0.25
0.0003496827375727321,0.9937983401817045,0.002925988540361296,0.002925988540361296
0.7363834219633898,0.00017804241343408842,0.13171926781158813,0.13171926781158813

Transition Gammas
1.0,1.0,2375.6027174764026,4980.397282523601
3013.634650775082,1576.3653492249182,1.0,1.0
1.0,1.0,1.0,1.0
1.0,1.0,1.7884588565815651,1.0

1.0,1.0,1.5815349401683234,1.0
1.0,1.0,1.0,1.0
1.0,2842.0,8.367552143613342,8.367552143613342
4136.0,1.0,739.819604053788,739.819604053788

Iteration: ,25000
Error:,0.2216357092669254
Absolute Error:,0.3214038987158718
Transition Probabilities
0.00012224938875305617,0.00012224938875305617,0.32253436509992683,0.6772211361225672
0.6531812171859898,0.3464280815051608,0.0001953506544246923,0.0001953506544246923
0.25,0.25,0.25,0.25
0.2088354583282126,0.2088354583282126,0.3734936250153622,0.2088354583282126

0.2182674612459161,0.2182674612459161,0.34519761626225176,0.2182674612459161
0.25,0.25,0.25,0.25
0.00031591669224546697,0.9941898304964845,0.0027471264056349617,0.0027471264056349617
0.7369651279479144,0.00016000111331913034,0.13143743546938325,0.13143743546938325

Transition Gammas
1.0,1.0,2638.3311065174025,5539.668893482602
3343.634650775082,1773.3653492249182,1.0,1.0
1.0,1.0,1.0,1.0
1.0,1.0,1.7884588565815651,1.0

1.0,1.0,1.5815349401683234,1.0
1.0,1.0,1.0,1.0
1.0,3147.0,8.695730466500477,8.695730466500477
4606.0,1.0,821.478255637038,821.478255637038

Iteration: ,27500
Error:,0.2187228941895639
Absolute Error:,0.32203625481535103
Transition Probabilities
0.0001114578689255461,0.0001114578689255461,0.32347456925405943,0.6763025150080895
0.6493801182816226,0.3502672102318671,0.00017633574325515782,0.00017633574325515782
0.25,0.25,0.25,0.25
0.2088354583282126,0.2088354583282126,0.3734936250153622,0.2088354583282126

0.2182674612459161,0.2182674612459161,0.34519761626225176,0.2182674612459161
0.25,0.25,0.25,0.25
0.0002872487937942249,0.9944553241156066,0.0026287135452996214,0.0026287135452996214
0.7352953034775878,0.00014597881744641408,0.13227935885248296,0.13227935885248296

Transition Gammas
1.0,1.0,2902.2138353474224,6067.786164652581
3682.634650775082,1986.3653492249182,1.0,1.0
1.0,1.0,1.0,1.0
1.0,1.0,1.7884588565815651,1.0

1.0,1.0,1.5815349401683234,1.0
1.0,1.0,1.0,1.0
1.0,3462.0,9.151347549896906,9.151347549896906
5037.0,1.0,906.1544761522683,906.1544761522683

Iteration: ,30000
Error:,0.22371755950617297
Absolute Error:,0.32215933179270373
Transition Probabilities
0.00010192640913260618,0.00010192640913260618,0.3239176470051367,0.6758785001765981
0.6492139985097063,0.35046289971323397,0.00016155088852988692,0.00016155088852988692
0.25,0.25,0.25,0.25
0.2088354583282126,0.2088354583282126,0.3734936250153622,0.2088354583282126

0.2182674612459161,0.2182674612459161,0.34519761626225176,0.2182674612459161
0.25,0.25,0.25,0.25
0.0002633109666581732,0.9947888320345785,0.0024739284993817437,0.0024739284993817437
0.7372816737732638,0.00013363815004046833,0.1312923440383479,0.1312923440383479

Transition Gammas
1.0,1.0,3177.9560347673983,6631.0439652326095
4018.634650775082,2169.365349224918,1.0,1.0
1.0,1.0,1.0,1.0
1.0,1.0,1.7884588565815651,1.0

1.0,1.0,1.5815349401683234,1.0
1.0,1.0,1.0,1.0
1.0,3778.0,9.395463207551717,9.395463207551717
5517.0,1.0,982.4465842919102,982.4465842919102

Iteration: ,32500
Error:,0.2230515386267173
Absolute Error:,0.32198255417970345
Transition Probabilities
9.408222786715587e-05,9.408222786715587e-05,0.3239232135236583,0.6758886220206074
0.6508789620276448,0.3488223075765374,0.00014936519790888724,0.00014936519790888724
0.25,0.25,0.25,0.25
0.2088354583282126,0.2088354583282126,0.3734936250153622,0.2088354583282126

0.2182674612459161,0.2182674612459161,0.34519761626225176,0.2182674612459161
0.25,0.25,0.25,0.25
0.0002430384362850105,0.9949993581508331,0.002378801706441012,0.002378801706441012
0.7364565261712311,0.00012335955212248428,0.13171005713832323,0.13171005713832323

Transition Gammas
1.0,1.0,3442.9798365429647,7184.020163457037
4357.634650775082,2335.365349224918,1.0,1.0
1.0,1.0,1.0,1.0
1.0,1.0,1.7884588565815651,1.0

1.0,1.0,1.5815349401683234,1.0
1.0,1.0,1.0,1.0
1.0,4094.0,9.787759264758424,9.787759264758424
5970.0,1.0,1067.6924070504706,1067.6924070504706

Iteration: ,35000
Error:,0.22156495125522824
Absolute Error:,0.32205019749675046
Transition Probabilities
8.751969193068441e-05,8.751969193068441e-05,0.32360619343375463,0.6762187671823839
0.6501710990541966,0.3495517390832758,0.0001385809312638581,0.0001385809312638581
0.25,0.25,0.25,0.25
0.2088354583282126,0.2088354583282126,0.3734936250153622,0.2088354583282126

0.2182674612459161,0.2182674612459161,0.34519761626225176,0.2182674612459161
0.25,0.25,0.25,0.25
0.00022606075123185655,0.9951194269226324,0.0023272561630679088,0.0023272561630679088
0.7351834400791866,0.00011469320438052834,0.13235093335821643,0.13235093335821643

Transition Gammas
1.0,1.0,3697.5243661740806,7726.4756338259185
4691.634650775082,2522.365349224918,1.0,1.0
1.0,1.0,1.0,1.0
1.0,1.0,1.7884588565815651,1.0

1.0,1.0,1.5815349401683234,1.0
1.0,1.0,1.0,1.0
1.0,4402.0,10.294826281812123,10.294826281812123
6410.0,1.0,1153.956191851641,1153.956191851641

Iteration: ,37500
Error:,0.22207819036046444
Absolute Error:,0.3220663211596818
Transition Probabilities
8.169267216730657e-05,8.169267216730657e-05,0.32395931666288746,0.675877297992778
0.6506314997769983,0.3491099352585544,0.0001292824822236587,0.0001292824822236587
0.25,0.25,0.25,0.25
0.2088354583282126,0.2088354583282126,0.3734936250153622,0.2088354583282126

0.2182674612459161,0.2182674612459161,0.34519761626225176,0.2182674612459161
0.25,0.25,0.25,0.25
0.00021118807962863508,0.995329419289757,0.0022296963153072237,0.0022296963153072237
0.7335924347540043,0.0001070156724659379,0.1331502747867649,0.1331502747867649

Transition Gammas
1.0,1.0,3965.5859952704063,8273.414004729597
5032.634650775082,2700.365349224918,1.0,1.0
1.0,1.0,1.0,1.0
1.0,1.0,1.7884588565815651,1.0

1.0,1.0,1.5815349401683234,1.0
1.0,1.0,1.0,1.0
1.0,4713.0,10.557870118559942,10.557870118559942
6855.0,1.0,1244.2128495631832,1244.2128495631832

Iteration: ,40000
Error:,0.22033154902300936
Absolute Error:,0.32214054272863196
Transition Probabilities
7.658140603461484e-05,7.658140603461484e-05,0.3234077313004675,0.6764391058874633
0.6496403021318634,0.3501170971888547,0.00012130033964095099,0.00012130033964095099
0.25,0.25,0.25,0.25
0.2088354583282126,0.2088354583282126,0.3734936250153622,0.2088354583282126

0.2182674612459161,0.2182674612459161,0.34519761626225176,0.2182674612459161
0.25,0.25,0.25,0.25
0.00019829897188079534,0.9954608388415926,0.0021704310932632318,0.0021704310932632318
0.7341521980137424,0.00010023924058079498,0.13287378137283845,0.13287378137283845

Transition Gammas
1.0,1.0,4223.0581553215015,8832.94184467849
5355.634650775082,2886.365349224918,1.0,1.0
1.0,1.0,1.0,1.0
1.0,1.0,1.7884588565815651,1.0

1.0,1.0,1.5815349401683234,1.0
1.0,1.0,1.0,1.0
1.0,5020.0,10.945246325169835,10.945246325169835
7324.0,1.0,1325.5665206854726,1325.5665206854726

Iteration: ,42500
Error:,0.22416534185603323
Absolute Error:,0.32216310543772475
Transition Probabilities
7.204091924212957e-05,7.204091924212957e-05,0.3229875271035484,0.6768683910579674
0.6491914226110188,0.3505796920605308,0.00011444266422522316,0.00011444266422522316
0.25,0.25,0.25,0.25
0.2088354583282126,0.2088354583282126,0.3734936250153622,0.2088354583282126

0.2182674612459161,0.2182674612459161,0.34519761626225176,0.2182674612459161
0.25,0.25,0.25,0.25
0.00018710634569224282,0.9955928654284241,0.002110014112941886,0.002110014112941886
0.7340310502117859,9.415482942685813e-05,0.13293739747939357,0.13293739747939357

Transition Gammas
1.0,1.0,4483.389863724353,9395.61013627564
5672.634650775082,3063.365349224918,1.0,1.0
1.0,1.0,1.0,1.0
1.0,1.0,1.7884588565815651,1.0

1.0,1.0,1.5815349401683234,1.0
1.0,1.0,1.0,1.0
1.0,5321.0,11.277084724921568,11.277084724921568
7796.0,1.0,1411.9020584351726,1411.9020584351726

Iteration: ,45000
Error:,0.2237065505572135
Absolute Error:,0.3221794762407071
Transition Probabilities
6.818956699624961e-05,6.818956699624961e-05,0.32291630249695347,0.6769473183690541
0.6490909204683032,0.350693026814834,0.00010802635843145727,0.00010802635843145727
0.25,0.25,0.25,0.25
0.2088354583282126,0.2088354583282126,0.3734936250153622,0.2088354583282126

0.2182674612459161,0.2182674612459161,0.34519761626225176,0.2182674612459161
0.25,0.25,0.25,0.25
0.00017669505067970597,0.9956766105801431,0.0020733471845885932,0.0020733471845885932
0.7322063861799273,8.90437049957348e-05,0.13385228505753854,0.13385228505753854

Transition Gammas
1.0,1.0,4735.56757611782,9927.432423882174
6008.634650775082,3246.365349224918,1.0,1.0
1.0,1.0,1.0,1.0
1.0,1.0,1.7884588565815651,1.0

1.0,1.0,1.5815349401683234,1.0
1.0,1.0,1.0,1.0
1.0,5635.0,11.734042219139102,11.734042219139102
8223.0,1.0,1503.2200767471445,1503.2200767471445

Iteration: ,47500
Error:,0.2205471229423738
Absolute Error:,0.3220881111549457
Transition Probabilities
6.461617989144483e-05,6.461617989144483e-05,0.32254543373902583,0.6773253339011913
0.6495886334161544,0.35020646954460793,0.00010244851961889151,0.00010244851961889151
0.25,0.25,0.25,0.25
0.2088354583282126,0.2088354583282126,0.3734936250153622,0.2088354583282126

0.2182674612459161,0.2182674612459161,0.34519761626225176,0.2182674612459161
0.25,0.25,0.25,0.25
0.00016738920748546717,0.9957983953310442,0.0020171077307350946,0.0020171077307350946
0.731418689397215,8.432311383412671e-05,0.13424849374447548,0.13424849374447548

Transition Gammas
1.0,1.0,4991.713132545163,10482.286867454835
6340.634650775082,3418.365349224918,1.0,1.0
1.0,1.0,1.0,1.0
1.0,1.0,1.7884588565815651,1.0

1.0,1.0,1.5815349401683234,1.0
1.0,1.0,1.0,1.0
1.0,5949.0,12.05040492775032,12.05040492775032
8674.0,1.0,1592.0722995187032,1592.0722995187032

Iteration: ,50000
Error:,0.22095578275209463
Absolute Error:,0.3218682798466251
Transition Probabilities
6.130080304051978e-05,6.130080304051978e-05,0.3226792756184606,0.6771981227754584
0.6516288832153746,0.3481758614883255,9.762764814995606e-05,9.762764814995606e-05
0.25,0.25,0.25,0.25
0.2088354583282126,0.2088354583282126,0.3734936250153622,0.2088354583282126

0.2182674612459161,0.2182674612459161,0.34519761626225176,0.2182674612459161
0.25,0.25,0.25,0.25
0.00015894225383703144,0.995932162542839,0.0019544476016619037,0.0019544476016619037
0.7319276796443539,7.997461534575545e-05,0.13399617287015014,0.13399617287015014

Transition Gammas
1.0,1.0,5263.867023163953,11047.132976836063
6674.634650775082,3566.365349224918,1.0,1.0
1.0,1.0,1.0,1.0
1.0,1.0,1.7884588565815651,1.0

1.0,1.0,1.5815349401683234,1.0
1.0,1.0,1.0,1.0
1.0,6266.0,12.29658919814904,12.29658919814904
9152.0,1.0,1675.4838055905925,1675.4838055905925

Iteration: ,52500
Error:,0.22046999007410437
Absolute Error:,0.32222747318455347
Transition Probabilities
5.8424865622809016e-05,5.8424865622809016e-05,0.323679445108245,0.6762037051605094
0.6499013382825599,0.34991344223235027,9.260974254491573e-05,9.260974254491573e-05
0.25,0.25,0.25,0.25
0.2088354583282126,0.2088354583282126,0.3734936250153622,0.2088354583282126

0.2182674612459161,0.2182674612459161,0.34519761626225176,0.2182674612459161
0.25,0.25,0.25,0.25
0.00015105615501462912,0.9960642861664644,0.0018923288392605263,0.0018923288392605263
0.7318865716326891,7.630176935286584e-05,0.13401856329897902,0.13401856329897902

Transition Gammas
1.0,1.0,5540.097382472726,11573.902617527288
7017.634650775082,3778.365349224918,1.0,1.0
1.0,1.0,1.0,1.0
1.0,1.0,1.7884588565815651,1.0

1.0,1.0,1.5815349401683234,1.0
1.0,1.0,1.0,1.0
1.0,6594.0,12.527320313940619,12.527320313940619
9592.0,1.0,1756.4279889657025,1756.4279889657025

Iteration: ,55000
Error:,0.22228550466362404
Absolute Error:,0.3222087640235917
Transition Probabilities
5.5741360089186076e-05,5.5741360089186076e-05,0.32311920206862177,0.6767693152111998
0.6496182120476938,0.3502048437781932,8.847208705653367e-05,8.847208705653367e-05
0.25,0.25,0.25,0.25
0.2088354583282126,0.2088354583282126,0.3734936250153622,0.2088354583282126

0.2182674612459161,0.2182674612459161,0.34519761626225176,0.2182674612459161
0.25,0.25,0.25,0.25
0.0001443529712890459,0.9961798548657057,0.001837896081502645,0.001837896081502645
0.7322571879824995,7.270226250819098e-05,0.13383505487749617,0.13383505487749617

Transition Gammas
1.0,1.0,5796.758485111085,12141.241514888947
7342.634650775082,3958.365349224918,1.0,1.0
1.0,1.0,1.0,1.0
1.0,1.0,1.7884588565815651,1.0

1.0,1.0,1.5815349401683234,1.0
1.0,1.0,1.0,1.0
1.0,6901.0,12.731958788867079,12.731958788867079
10072.0,1.0,1840.8650605944715,1840.8650605944715

Iteration: ,57500
Error:,0.22263456663907455
Absolute Error:,0.32227798261112117
Transition Probabilities
5.3304904051172604e-05,5.3304904051172604e-05,0.32225447093658993,0.6776389192553077
0.6482974736161728,0.35153325004019614,8.463817181548878e-05,8.463817181548878e-05
0.25,0.25,0.25,0.25
0.2088354583282126,0.2088354583282126,0.3734936250153622,0.2088354583282126

0.2182674612459161,0.2182674612459161,0.34519761626225176,0.2182674612459161
0.25,0.25,0.25,0.25
0.00013833194761348323,0.9962666867123062,0.001797490670040102,0.001797490670040102
0.7327392242695139,6.946053884439414e-05,0.13359565759582087,0.13359565759582087

Transition Gammas
1.0,1.0,6045.493874770439,12712.506125229598
7659.634650775082,4153.365349224918,1.0,1.0
1.0,1.0,1.0,1.0
1.0,1.0,1.7884588565815651,1.0

1.0,1.0,1.5815349401683234,1.0
1.0,1.0,1.0,1.0
1.0,7202.0,12.994038622679671,12.994038622679671
10549.0,1.0,1923.331719252892,1923.331719252892

Iteration: ,60000
Error:,0.22393516283400905
Absolute Error:,0.3223869428518262
Transition Probabilities
5.106991471324233e-05,5.106991471324233e-05,0.3228232255544743,0.6770746346160993
0.6481065357192125,0.35173138972649254,8.103727714748784e-05,8.103727714748784e-05
0.25,0.25,0.25,0.25
0.2088354583282126,0.2088354583282126,0.3734936250153622,0.2088354583282126

0.2182674612459161,0.2182674612459161,0.34519761626225176,0.2182674612459161
0.25,0.25,0.25,0.25
0.00013254870029051952,0.9963685800838352,0.0017494356079371773,0.0017494356079371773
0.7328948409427193,6.656628891396179e-05,0.1335192963841834,0.1335192963841834

Transition Gammas
1.0,1.0,6321.201579582174,13257.798420417867
7997.634650775082,4340.365349224918,1.0,1.0
1.0,1.0,1.0,1.0
1.0,1.0,1.7884588565815651,1.0

1.0,1.0,1.5815349401683234,1.0
1.0,1.0,1.0,1.0
1.0,7517.0,13.198436530141555,13.198436530141555
11010.0,1.0,2005.809525550683,2005.809525550683

Iteration: ,62500
Error:,0.2242634158136436
Absolute Error:,0.32214156299218755
Transition Probabilities
4.8993189946597286e-05,4.8993189946597286e-05,0.32202909862636214,0.6778729149937446
0.6493434228583196,0.35050053438596535,7.802137785753296e-05,7.802137785753296e-05
0.25,0.25,0.25,0.25
0.2088354583282126,0.2088354583282126,0.3734936250153622,0.2088354583282126

0.2182674612459161,0.2182674612459161,0.34519761626225176,0.2182674612459161
0.25,0.25,0.25,0.25
0.0001274856406132817,0.9964277670334097,0.0017223736629884163,0.0017223736629884163
0.7330475218586777,6.380984695845037e-05,0.13344433414718193,0.13344433414718193

Transition Gammas
1.0,1.0,6572.935932062696,13836.064067937361
8322.634650775082,4492.365349224918,1.0,1.0
1.0,1.0,1.0,1.0
1.0,1.0,1.7884588565815651,1.0

1.0,1.0,1.5815349401683234,1.0
1.0,1.0,1.0,1.0
1.0,7816.0,13.510334612610293,13.510334612610293
11488.0,1.0,2091.2812129775816,2091.2812129775816

Iteration: ,65000
Error:,0.22322356387323966
Absolute Error:,0.3222458314712088
Transition Probabilities
4.713646005184998e-05,4.713646005184998e-05,0.3222724992876788,0.6776332277922175
0.6488298726695453,0.35102025846571133,7.493443237167478e-05,7.493443237167478e-05
0.25,0.25,0.25,0.25
0.2088354583282126,0.2088354583282126,0.3734936250153622,0.2088354583282126

0.2182674612459161,0.2182674612459161,0.34519761626225176,0.2182674612459161
0.25,0.25,0.25,0.25
0.00012264570608469365,0.9964963619381358,0.0016904961778897707,0.0016904961778897707
0.7325901189928236,6.138166057753024e-05,0.13367424967329952,0.13367424967329952

Transition Gammas
1.0,1.0,6837.011072388124,14375.988927611934
8658.634650775082,4684.365349224918,1.0,1.0
1.0,1.0,1.0,1.0
1.0,1.0,1.7884588565815651,1.0

1.0,1.0,1.5815349401683234,1.0
1.0,1.0,1.0,1.0
1.0,8125.0,13.783574100200374,13.783574100200374
11935.0,1.0,2177.7555122422536,2177.7555122422536

Iteration: ,67500
Error:,0.22390861336066772
Absolute Error:,0.3220865236609738
Transition Probabilities
4.5407074422194834e-05,4.5407074422194834e-05,0.32184390545977803,0.6780652803913776
0.6497352008940241,0.35012031131519417,7.224389539083947e-05,7.224389539083947e-05
0.25,0.25,0.25,0.25
0.2088354583282126,0.2088354583282126,0.3734936250153622,0.2088354583282126

0.2182674612459161,0.2182674612459161,0.34519761626225176,0.2182674612459161
0.25,0.25,0.25,0.25
0.00011813041362433126,0.9965481693348586,0.0016668501257586243,0.0016668501257586243
0.731966073915591,5.911056076197941e-05,0.13398740776182352,0.13398740776182352

Transition Gammas
1.0,1.0,7087.968329940713,14933.031670059356
8993.634650775082,4846.365349224918,1.0,1.0
1.0,1.0,1.0,1.0
1.0,1.0,1.7884588565815651,1.0

1.0,1.0,1.5815349401683234,1.0
1.0,1.0,1.0,1.0
1.0,8436.0,14.110253867893881,14.110253867893881
12383.0,1.0,2266.7253708072712,2266.7253708072712

Iteration: ,70000
Error:,0.22370650583516102
Absolute Error:,0.3221582486610278
Transition Probabilities
4.3809690703583494e-05,4.3809690703583494e-05,0.32150534044514306,0.6784070401734498
0.6488848026443201,0.35097593128785726,6.963303391128752e-05,6.963303391128752e-05
0.25,0.25,0.25,0.25
0.2088354583282126,0.2088354583282126,0.3734936250153622,0.2088354583282126

0.2182674612459161,0.2182674612459161,0.34519761626225176,0.2182674612459161
0.25,0.25,0.25,0.25
0.00011400169282477503,0.9966027986741833,0.001641599816495903,0.001641599816495903
0.7317569777877361,5.6994857682665006e-05,0.1340930136772906,0.1340930136772906

Transition Gammas
1.0,1.0,7338.680901000859,15485.319098999213
9318.634650775082,5040.365349224918,1.0,1.0
1.0,1.0,1.0,1.0
1.0,1.0,1.7884588565815651,1.0

1.0,1.0,1.5815349401683234,1.0
1.0,1.0,1.0,1.0
1.0,8742.0,14.399784563016137,14.399784563016137
12839.0,1.0,2352.721265204159,2352.721265204159

Iteration: ,72500
Error:,0.22396631464276742
Absolute Error:,0.32209282894341273
Transition Probabilities
4.231550440081234e-05,4.231550440081234e-05,0.3212106226174478,0.6787047463737506
0.6491819964211325,0.35068352267515585,6.724045185583647e-05,6.724045185583647e-05
0.25,0.25,0.25,0.25
0.2088354583282126,0.2088354583282126,0.3734936250153622,0.2088354583282126

0.2182674612459161,0.2182674612459161,0.34519761626225176,0.2182674612459161
0.25,0.25,0.25,0.25
0.0001100678745471857,0.9966646040247665,0.0016126640503431303,0.0016126640503431303
0.7310935942712745,5.5031508789708277e-05,0.1344256871099679,0.1344256871099679

Transition Gammas
1.0,1.0,7590.849433695547,16039.150566304517
9654.634650775082,5215.365349224918,1.0,1.0
1.0,1.0,1.0,1.0
1.0,1.0,1.7884588565815651,1.0

1.0,1.0,1.5815349401683234,1.0
1.0,1.0,1.0,1.0
1.0,9055.0,14.651541668970696,14.651541668970696
13285.0,1.0,2442.7040084190376,2442.7040084190376

Iteration: ,74999
Error:,0.22315745640327267
Absolute Error:,0.32230628702123754
Transition Probabilities
4.094501085042776e-05,4.094501085042776e-05,0.3213663429136064,0.6785517670646928
0.6476688940595238,0.35220129481566287,6.490556240669826e-05,6.490556240669826e-05
0.25,0.25,0.25,0.25
0.2088354583282126,0.2088354583282126,0.3734936250153622,0.2088354583282126

0.2182674612459161,0.2182674612459161,0.34519761626225176,0.2182674612459161
0.25,0.25,0.25,0.25
0.00010653024707347733,0.9966969916194539,0.0015982390667363296,0.0015982390667363296
0.7306009556276589,5.324691754446898e-05,0.13467289872739832,0.13467289872739832

Transition Gammas
1.0,1.0,7848.730192979029,16572.269807021035
9978.634650775082,5426.365349224918,1.0,1.0
1.0,1.0,1.0,1.0
1.0,1.0,1.7884588565815651,1.0

1.0,1.0,1.5815349401683234,1.0
1.0,1.0,1.0,1.0
1.0,9356.0,15.002678681801731,15.002678681801731
13721.0,1.0,2529.2149280740377,2529.2149280740377

*,*,*,*,*,*,*,*,*,*,*
Model Num 2
Model States: 
"['diamond', 'x', 'square']","['diamond', 'x', 'diamond']","['square', 'y', 'diamond', 'x', 'diamond']","['square', 'y', 'diamond', 'x', 'square']"
Iteration: ,74999
Error:,0.22320624259260224
Absolute Error:,0.3223046422950312
Transition Probabilities
4.0943334425155473e-05,4.0943334425155473e-05,0.32135318510395544,0.6785649282271942
0.6476688940595238,0.35220129481566287,6.490556240669826e-05,6.490556240669826e-05
0.25,0.25,0.25,0.25
0.2088354583282126,0.2088354583282126,0.3734936250153622,0.2088354583282126

0.2182674612459161,0.2182674612459161,0.34519761626225176,0.2182674612459161
0.25,0.25,0.25,0.25
0.00010653024707347733,0.9966969916194539,0.0015982390667363296,0.0015982390667363296
0.7306009556276589,5.324691754446898e-05,0.13467289872739832,0.13467289872739832

Transition Gammas
1.0,1.0,7848.730192979029,16573.269807021035
9978.634650775082,5426.365349224918,1.0,1.0
1.0,1.0,1.0,1.0
1.0,1.0,1.7884588565815651,1.0

1.0,1.0,1.5815349401683234,1.0
1.0,1.0,1.0,1.0
1.0,9356.0,15.002678681801731,15.002678681801731
13721.0,1.0,2529.2149280740377,2529.2149280740377

