0,1,2,3,4,5,6,7,8,9,10,11,12,13,14,15,16,17,18,19,20,21,22,23,24,25,26,27,28,29
github Code Version (SHA):,528ca1c557fe8e6666681dc5c9134b0f84d30530
Environment Observations,Environment Actions,alpha,epsilon,numActions,explore,patience,gainThresh,insertRandActions,useUpdatedPosterior,revisedSplitting,haveControl,confidence_factor
"['diamond', 'square']","['x', 'y']",0.75,0.99,75000,0.5,0,0.01,False,True,False,True,250

Model Num 0
Model States: 
['diamond'],['square']
Iteration: ,0
Error:,0.4053257946455726
Absolute Error:,1
Transition Probabilities
0.5,0.5
0.5,0.5

0.5,0.5
0.5,0.5

Transition Gammas
1.0,1.0
1.0,1.0

1.0,1.0
1.0,1.0

Iteration: ,2422
Error:,0.058321158605559024
Absolute Error:,1
Transition Probabilities
0.45036764705882354,0.5496323529411765
0.15582450832072617,0.8441754916792739

0.2,0.8
0.8257261410788381,0.17427385892116182


Model Num 1
Model States: 
['square'],"['diamond', 'x', 'square']","['diamond', 'x', 'diamond']"
Iteration: ,0
Error:,0.46971349687979735
Absolute Error:,1
Transition Probabilities
0.3333333333333333,0.3333333333333333,0.3333333333333333
0.3333333333333333,0.3333333333333333,0.3333333333333333
0.3333333333333333,0.3333333333333333,0.3333333333333333

0.3333333333333333,0.3333333333333333,0.3333333333333333
0.3333333333333333,0.3333333333333333,0.3333333333333333
0.3333333333333333,0.3333333333333333,0.3333333333333333

Transition Gammas
1.0,1.0,1.0
1.0,1.0,1.0
1.0,1.0,1.0

1.0,1.0,1.0
1.0,1.0,1.0
1.0,1.0,1.0

Iteration: ,2500
Error:,0.05770500594016673
Absolute Error:,1
Transition Probabilities
0.8210023866348448,0.08398053278564191,0.09501708057951322
0.9959349593495935,0.0020325203252032522,0.0020325203252032522
0.002638522427440633,0.7427670112663131,0.2545944663062463

0.19773095623987033,0.3548305250605419,0.44743851869958773
0.804295786053969,0.09601270975209276,0.09969150419393832
0.7837839063764177,0.13692412917351474,0.07929196445006752

Transition Gammas
688.0,70.37568647436792,79.62431352563208
490.0,1.0,1.0
1.0,281.50869726993267,96.49130273006736

122.0,218.93043396235436,276.06956603764564
40.10775060160351,4.7878577559309585,4.971307890255305
54.55492466095676,9.530542143768825,5.519081358523347

Iteration: ,2887
Error:,0.05122763956931982
Absolute Error:,1
Transition Probabilities
0.8221476510067114,0.08292042231094972,0.09493192668233888
0.9966101694915255,0.001694915254237288,0.001694915254237288
0.002202643171806167,0.7351150187690905,0.2626823380591034

0.19066666666666668,0.3700365786069723,0.4392967547263611
0.8228776263746033,0.08269443206570634,0.09442794155969046
0.7962427866070443,0.12903423856701082,0.07472297482594478


Model Num 2
Model States: 
"['diamond', 'x', 'square']","['diamond', 'x', 'diamond']","['square', 'y', 'diamond', 'x', 'diamond']","['square', 'y', 'diamond', 'x', 'square']"
Iteration: ,0
Error:,0.40416508333703033
Absolute Error:,0.5
Transition Probabilities
0.25,0.25,0.25,0.25
0.25,0.25,0.25,0.25
0.25,0.25,0.25,0.25
0.25,0.25,0.25,0.25

0.25,0.25,0.25,0.25
0.25,0.25,0.25,0.25
0.25,0.25,0.25,0.25
0.25,0.25,0.25,0.25

Transition Gammas
1.0,1.0,1.0,1.0
1.0,1.0,1.0,1.0
1.0,1.0,1.0,1.0
1.0,1.0,1.0,1.0

1.0,1.0,1.0,1.0
1.0,1.0,1.0,1.0
1.0,1.0,1.0,1.0
1.0,1.0,1.0,1.0

Iteration: ,2500
Error:,0.2655170704141973
Absolute Error:,0.3465426338574235
Transition Probabilities
0.0011890606420927466,0.0011890606420927466,0.3044838637626375,0.6931380149531771
0.6838842975206612,0.3119834710743802,0.002066115702479339,0.002066115702479339
0.25,0.25,0.25,0.25
0.25,0.25,0.25,0.25

0.25,0.25,0.25,0.25
0.25,0.25,0.25,0.25
0.003076923076923077,0.9907692307692307,0.003076923076923077,0.003076923076923077
0.7513996399066225,0.0015621614135272817,0.12351909933992512,0.12351909933992512

Transition Gammas
1.0,1.0,256.07092942437816,582.929070575622
331.0,151.0,1.0,1.0
1.0,1.0,1.0,1.0
1.0,1.0,1.0,1.0

1.0,1.0,1.0,1.0
1.0,1.0,1.0,1.0
1.0,322.0,1.0,1.0
481.0,1.0,79.0693575390684,79.0693575390684

Iteration: ,5000
Error:,0.2724502921245619
Absolute Error:,0.3462954702836396
Transition Probabilities
0.0005847953216374268,0.0005847953216374268,0.2895499918596915,0.7092804174970336
0.6780748663101605,0.31978609625668447,0.0010695187165775401,0.0010695187165775401
0.25,0.25,0.25,0.25
0.25,0.25,0.25,0.25

0.25,0.25,0.25,0.25
0.25,0.25,0.25,0.25
0.0016286644951140066,0.995114006514658,0.0016286644951140066,0.0016286644951140066
0.775588999441536,0.0007529990285840155,0.11182900076493994,0.11182900076493994

Transition Gammas
1.0,1.0,495.13048608007256,1212.8695139199276
634.0,299.0,1.0,1.0
1.0,1.0,1.0,1.0
1.0,1.0,1.0,1.0

1.0,1.0,1.0,1.0
1.0,1.0,1.0,1.0
1.0,611.0,1.0,1.0
1030.0,1.0,148.51148078534695,148.51148078534695

Iteration: ,7500
Error:,0.2671376921966989
Absolute Error:,0.34549665668397694
Transition Probabilities
0.0003897116134060797,0.0003897116134060797,0.29137725581661017,0.7078433209565776
0.6889204545454546,0.3096590909090909,0.0007102272727272727,0.0007102272727272727
0.25,0.25,0.25,0.25
0.25,0.25,0.25,0.25

0.25,0.25,0.25,0.25
0.25,0.25,0.25,0.25
0.001075268817204301,0.9967741935483871,0.001075268817204301,0.001075268817204301
0.7755843886977798,0.0005039534689394281,0.1119558289166404,0.1119558289166404

Transition Gammas
1.0,1.0,747.6740384254213,1816.3259615745774
970.0,436.0,1.0,1.0
1.0,1.0,1.0,1.0
1.0,1.0,1.0,1.0

1.0,1.0,1.0,1.0
1.0,1.0,1.0,1.0
1.0,927.0,1.0,1.0
1539.0,1.0,222.15509132668905,222.15509132668905

Iteration: ,10000
Error:,0.27095770106073
Absolute Error:,0.3451721021144425
Transition Probabilities
0.00029103608847497105,0.00029103608847497105,0.2893557699305836,0.7100621578924665
0.690792974986695,0.3081426290580096,0.0005321979776476849,0.0005321979776476849
0.25,0.25,0.25,0.25
0.25,0.25,0.25,0.25

0.25,0.25,0.25,0.25
0.25,0.25,0.25,0.25
0.0008038585209003215,0.997588424437299,0.0008038585209003215,0.0008038585209003215
0.7782067837216959,0.0003766731770192139,0.11070827155064236,0.11070827155064236

Transition Gammas
1.0,1.0,994.2264254814847,2439.7735745185137
1298.0,579.0,1.0,1.0
1.0,1.0,1.0,1.0
1.0,1.0,1.0,1.0

1.0,1.0,1.0,1.0
1.0,1.0,1.0,1.0
1.0,1241.0,1.0,1.0
2066.0,1.0,293.9106851906134,293.9106851906134

Iteration: ,12500
Error:,0.26973740624962395
Absolute Error:,0.34480453474161404
Transition Probabilities
0.0002328830926874709,0.0002328830926874709,0.2864545411230216,0.7130796926916034
0.6915807560137457,0.3075601374570447,0.000429553264604811,0.000429553264604811
0.25,0.25,0.25,0.25
0.25,0.25,0.25,0.25

0.25,0.25,0.25,0.25
0.25,0.25,0.25,0.25
0.0006485084306095979,0.9980544747081712,0.0006485084306095979,0.0006485084306095979
0.779108799201819,0.00029954202199224106,0.11029582938809442,0.11029582938809442

Transition Gammas
1.0,1.0,1230.0357995822549,3061.964200417745
1610.0,716.0,1.0,1.0
1.0,1.0,1.0,1.0
1.0,1.0,1.0,1.0

1.0,1.0,1.0,1.0
1.0,1.0,1.0,1.0
1.0,1539.0,1.0,1.0
2601.0,1.0,368.2148790160446,368.2148790160446

Iteration: ,15000
Error:,0.2699371959817213
Absolute Error:,0.3457166462946377
Transition Probabilities
0.0001944012441679628,0.0001944012441679628,0.28868347327146543,0.7109277242401987
0.6870337477797513,0.3122557726465364,0.00035523978685612787,0.00035523978685612787
0.25,0.25,0.25,0.25
0.25,0.25,0.25,0.25

0.25,0.25,0.25,0.25
0.25,0.25,0.25,0.25
0.0005408328826392645,0.9983775013520823,0.0005408328826392645,0.0005408328826392645
0.7780072891295982,0.0002502435796492757,0.11087123364537627,0.11087123364537627

Transition Gammas
1.0,1.0,1484.987786508417,3657.012213491579
1934.0,879.0,1.0,1.0
1.0,1.0,1.0,1.0
1.0,1.0,1.0,1.0

1.0,1.0,1.0,1.0
1.0,1.0,1.0,1.0
1.0,1846.0,1.0,1.0
3109.0,1.0,443.05325955121725,443.05325955121725

Iteration: ,17500
Error:,0.26753724227332537
Absolute Error:,0.34584194166335724
Transition Probabilities
0.00016686133822793264,0.00016686133822793264,0.2850298894601606,0.7146363878633835
0.6827333740085418,0.3166564978645516,0.0003050640634533252,0.0003050640634533252
0.25,0.25,0.25,0.25
0.25,0.25,0.25,0.25

0.25,0.25,0.25,0.25
0.25,0.25,0.25,0.25
0.0004679457182966776,0.99859616284511,0.0004679457182966776,0.0004679457182966776
0.7765259466792371,0.0002136835296310504,0.11163018489556595,0.11163018489556595

Transition Gammas
1.0,1.0,1708.1841275347422,4282.815872465256
2238.0,1038.0,1.0,1.0
1.0,1.0,1.0,1.0
1.0,1.0,1.0,1.0

1.0,1.0,1.0,1.0
1.0,1.0,1.0,1.0
1.0,2134.0,1.0,1.0
3634.0,1.0,522.4089338486149,522.4089338486149

Iteration: ,20000
Error:,0.27043444519372417
Absolute Error:,0.34564788012585423
Transition Probabilities
0.00014575134819997087,0.00014575134819997087,0.2840045306187131,0.715703966684887
0.6835341365461848,0.31593038821954483,0.0002677376171352075,0.0002677376171352075
0.25,0.25,0.25,0.25
0.25,0.25,0.25,0.25

0.25,0.25,0.25,0.25
0.25,0.25,0.25,0.25
0.0004106776180698152,0.9987679671457905,0.0004106776180698152,0.0004106776180698152
0.778499601560441,0.00018651164388127479,0.11065694339783892,0.11065694339783892

Transition Gammas
1.0,1.0,1948.5550845749904,4910.444915425009
2553.0,1180.0,1.0,1.0
1.0,1.0,1.0,1.0
1.0,1.0,1.0,1.0

1.0,1.0,1.0,1.0
1.0,1.0,1.0,1.0
1.0,2432.0,1.0,1.0
4174.0,1.0,593.2977753832803,593.2977753832803

Iteration: ,22500
Error:,0.2715206639460475
Absolute Error:,0.34642139483866907
Transition Probabilities
0.0001299376299376299,0.0001299376299376299,0.2845957668994476,0.7151443578406772
0.6781582054309327,0.3213695395513577,0.0002361275088547816,0.0002361275088547816
0.25,0.25,0.25,0.25
0.25,0.25,0.25,0.25

0.25,0.25,0.25,0.25
0.25,0.25,0.25,0.25
0.00036483035388544326,0.9989055089383436,0.00036483035388544326,0.00036483035388544326
0.7772289980218772,0.0001663233464630595,0.11130233931582986,0.11130233931582986

Transition Gammas
1.0,1.0,2190.2490220581494,5503.750977941853
2872.0,1361.0,1.0,1.0
1.0,1.0,1.0,1.0
1.0,1.0,1.0,1.0

1.0,1.0,1.0,1.0
1.0,1.0,1.0,1.0
1.0,2738.0,1.0,1.0
4673.0,1.0,669.1925197678136,669.1925197678136

Iteration: ,25000
Error:,0.26745051235596573
Absolute Error:,0.34637659535183607
Transition Probabilities
0.00011721955222131054,0.00011721955222131054,0.28404481071582116,0.7157207501797362
0.6781389420012747,0.32143615891225835,0.00021244954323348204,0.00021244954323348204
0.25,0.25,0.25,0.25
0.25,0.25,0.25,0.25

0.25,0.25,0.25,0.25
0.25,0.25,0.25,0.25
0.0003284072249589491,0.9990147783251232,0.0003284072249589491,0.0003284072249589491
0.7742984400053032,0.00014965180518076987,0.11277595409475791,0.11277595409475791

Transition Gammas
1.0,1.0,2423.1862802166697,6105.813719783328
3192.0,1513.0,1.0,1.0
1.0,1.0,1.0,1.0
1.0,1.0,1.0,1.0

1.0,1.0,1.0,1.0
1.0,1.0,1.0,1.0
1.0,3042.0,1.0,1.0
5174.0,1.0,753.5889992007228,753.5889992007228

Iteration: ,27500
Error:,0.2709970755633293
Absolute Error:,0.3468055462795614
Transition Probabilities
0.00010683760683760695,0.00010683760683760695,0.28429814790287833,0.7154881768834465
0.6751054852320675,0.3245109321058688,0.00019179133103183735,0.00019179133103183735
0.25,0.25,0.25,0.25
0.25,0.25,0.25,0.25

0.25,0.25,0.25,0.25
0.25,0.25,0.25,0.25
0.0002983293556085919,0.9991050119331742,0.0002983293556085919,0.0002983293556085919
0.7726401279321765,0.00013638837209747158,0.11361174184786307,0.11361174184786307

Transition Gammas
1.0,1.0,2661.0306643709387,6696.969335629053
3520.0,1692.0,1.0,1.0
1.0,1.0,1.0,1.0
1.0,1.0,1.0,1.0

1.0,1.0,1.0,1.0
1.0,1.0,1.0,1.0
1.0,3349.0,1.0,1.0
5665.0,1.0,833.0016708951484,833.0016708951484

Iteration: ,30000
Error:,0.27070665472509853
Absolute Error:,0.34664831033658317
Transition Probabilities
9.781864423359107e-05,9.781864423359107e-05,0.28377601625675736,0.7160283464547754
0.6759569588992768,0.32369024519315576,0.0001763979537837361,0.0001763979537837361
0.25,0.25,0.25,0.25
0.25,0.25,0.25,0.25

0.25,0.25,0.25,0.25
0.25,0.25,0.25,0.25
0.0002738975623116954,0.9991783073130649,0.0002738975623116954,0.0002738975623116954
0.773716474747303,0.00012475273697957158,0.1130793862578587,0.1130793862578587

Transition Gammas
1.0,1.0,2901.0422141928266,7319.957785807159
3832.0,1835.0,1.0,1.0
1.0,1.0,1.0,1.0
1.0,1.0,1.0,1.0

1.0,1.0,1.0,1.0
1.0,1.0,1.0,1.0
1.0,3648.0,1.0,1.0
6202.0,1.0,906.4280992598631,906.4280992598631

Iteration: ,32500
Error:,0.2697152519481921
Absolute Error:,0.3465133546414312
Transition Probabilities
9.027715085311921e-05,9.027715085311921e-05,0.2827440658437908,0.7170753798545029
0.6761001145100606,0.3235727138884345,0.0001635858007524947,0.0001635858007524947
0.25,0.25,0.25,0.25
0.25,0.25,0.25,0.25

0.25,0.25,0.25,0.25
0.25,0.25,0.25,0.25
0.00025393600812595224,0.9992381919756221,0.00025393600812595224,0.00025393600812595224
0.7731863720391228,0.00011480124306445774,0.11334941335890632,0.11334941335890632

Transition Gammas
1.0,1.0,3131.956017351666,7943.043982648317
4133.0,1978.0,1.0,1.0
1.0,1.0,1.0,1.0
1.0,1.0,1.0,1.0

1.0,1.0,1.0,1.0
1.0,1.0,1.0,1.0
1.0,3935.0,1.0,1.0
6735.0,1.0,987.3535367144391,987.3535367144391

Iteration: ,35000
Error:,0.2711872463124447
Absolute Error:,0.3463736030922198
Transition Probabilities
8.37310558486144e-05,8.37310558486144e-05,0.282804991672048,0.7170275462162548
0.6773653787648312,0.32233039245512624,0.000152114390021296,0.000152114390021296
0.25,0.25,0.25,0.25
0.25,0.25,0.25,0.25

0.25,0.25,0.25,0.25
0.25,0.25,0.25,0.25
0.00023557126030624264,0.9992932862190813,0.00023557126030624264,0.00023557126030624264
0.7748768018182052,0.00010651227516401446,0.11250834295331544,0.11250834295331544

Transition Gammas
1.0,1.0,3377.5400155392626,8563.459984460715
4453.0,2119.0,1.0,1.0
1.0,1.0,1.0,1.0
1.0,1.0,1.0,1.0

1.0,1.0,1.0,1.0
1.0,1.0,1.0,1.0
1.0,4242.0,1.0,1.0
7275.0,1.0,1056.2946174989488,1056.2946174989488

Iteration: ,37500
Error:,0.269348802595645
Absolute Error:,0.34632990811631825
Transition Probabilities
7.830240388379937e-05,7.830240388379937e-05,0.28223419746284334,0.7176091977293891
0.6772178850248403,0.3224982256919801,0.00014194464158978,0.00014194464158978
0.25,0.25,0.25,0.25
0.25,0.25,0.25,0.25

0.25,0.25,0.25,0.25
0.25,0.25,0.25,0.25
0.00022011886418666079,0.99933964340744,0.00022011886418666079,0.00022011886418666079
0.7728686784471918,9.946829838445197e-05,0.11351592662721191,0.11351592662721191

Transition Gammas
1.0,1.0,3604.4129357979664,9164.587064202013
4771.0,2272.0,1.0,1.0
1.0,1.0,1.0,1.0
1.0,1.0,1.0,1.0

1.0,1.0,1.0,1.0
1.0,1.0,1.0,1.0
1.0,4540.0,1.0,1.0
7770.0,1.0,1141.2271896767036,1141.2271896767036

Iteration: ,40000
Error:,0.27095081655139386
Absolute Error:,0.346462793293405
Transition Probabilities
7.334066740007341e-05,7.334066740007341e-05,0.2827041541535639,0.7171491645116359
0.6766897285790314,0.3230441724321448,0.00013304949441192123,0.00013304949441192123
0.25,0.25,0.25,0.25
0.25,0.25,0.25,0.25

0.25,0.25,0.25,0.25
0.25,0.25,0.25,0.25
0.00020644095788604458,0.9993806771263418,0.00020644095788604458,0.00020644095788604458
0.7742161651337406,9.332403147706613e-05,0.11284525541739114,0.11284525541739114

Transition Gammas
1.0,1.0,3854.671141883841,9778.328858116147
5086.0,2428.0,1.0,1.0
1.0,1.0,1.0,1.0
1.0,1.0,1.0,1.0

1.0,1.0,1.0,1.0
1.0,1.0,1.0,1.0
1.0,4841.0,1.0,1.0
8296.0,1.0,1209.176817925212,1209.176817925212

Iteration: ,42500
Error:,0.26765609537876045
Absolute Error:,0.3465931130561841
Transition Probabilities
6.900358818658576e-05,6.900358818658576e-05,0.2819284085828966,0.7179335842407302
0.6749280260357993,0.32482162974089374,0.00012517211165352359,0.00012517211165352359
0.25,0.25,0.25,0.25
0.25,0.25,0.25,0.25

0.25,0.25,0.25,0.25
0.25,0.25,0.25,0.25
0.00019466614755693986,0.9994160015573291,0.00019466614755693986,0.00019466614755693986
0.7745023092227092,8.780209831342356e-05,0.11270494433948869,0.11270494433948869

Transition Gammas
1.0,1.0,4085.7064971833342,10404.293502816654
5392.0,2595.0,1.0,1.0
1.0,1.0,1.0,1.0
1.0,1.0,1.0,1.0

1.0,1.0,1.0,1.0
1.0,1.0,1.0,1.0
1.0,5134.0,1.0,1.0
8821.0,1.0,1283.6247254270675,1283.6247254270675

Iteration: ,45000
Error:,0.2737902078841285
Absolute Error:,0.34649286754251296
Transition Probabilities
6.514233600416916e-05,6.514233600416916e-05,0.28052704493621544,0.7193426703917762
0.6743772241992882,0.32538552787663105,0.00011862396204033214,0.00011862396204033214
0.25,0.25,0.25,0.25
0.25,0.25,0.25,0.25

0.25,0.25,0.25,0.25
0.25,0.25,0.25,0.25
0.00018453589223103894,0.9994463923233069,0.00018453589223103894,0.00018453589223103894
0.7747363141932715,8.269146271675436e-05,0.11259049717200591,0.11259049717200591

Transition Gammas
1.0,1.0,4306.370666815839,11042.629333184148
5685.0,2743.0,1.0,1.0
1.0,1.0,1.0,1.0
1.0,1.0,1.0,1.0

1.0,1.0,1.0,1.0
1.0,1.0,1.0,1.0
1.0,5416.0,1.0,1.0
9369.0,1.0,1361.573413662613,1361.573413662613

Iteration: ,47500
Error:,0.2712064339488321
Absolute Error:,0.34656272115487446
Transition Probabilities
6.168270416975088e-05,6.168270416975088e-05,0.2808818543398447,0.7189947802518158
0.6742203275746017,0.32555530625981605,0.0001121830827911151,0.0001121830827911151
0.25,0.25,0.25,0.25
0.25,0.25,0.25,0.25

0.25,0.25,0.25,0.25
0.25,0.25,0.25,0.25
0.00017455053237912376,0.9994763484028626,0.00017455053237912376,0.00017455053237912376
0.7749691560413959,7.840643019439457e-05,0.11247621876420485,0.11247621876420485

Transition Gammas
1.0,1.0,4553.656622557556,11656.343377442423
6010.0,2902.0,1.0,1.0
1.0,1.0,1.0,1.0
1.0,1.0,1.0,1.0

1.0,1.0,1.0,1.0
1.0,1.0,1.0,1.0
1.0,5726.0,1.0,1.0
9884.0,1.0,1434.5279906933704,1434.5279906933704

Iteration: ,50000
Error:,0.27004639897516464
Absolute Error:,0.3465768065935669
Transition Probabilities
5.853772756541601e-05,5.853772756541601e-05,0.2808542507547649,0.7190286737901044
0.6741214057507987,0.3256656017039404,0.00010649627263045793,0.00010649627263045793
0.25,0.25,0.25,0.25
0.25,0.25,0.25,0.25

0.25,0.25,0.25,0.25
0.25,0.25,0.25,0.25
0.0001658649859014762,0.9995024050422956,0.0001658649859014762,0.0001658649859014762
0.7754708874289111,7.447141913271017e-05,0.11222732057597809,0.11222732057597809

Transition Gammas
1.0,1.0,4797.83316564364,12283.166834356332
6330.0,3058.0,1.0,1.0
1.0,1.0,1.0,1.0
1.0,1.0,1.0,1.0

1.0,1.0,1.0,1.0
1.0,1.0,1.0,1.0
1.0,6026.0,1.0,1.0
10413.0,1.0,1506.9851210433606,1506.9851210433606

Iteration: ,52500
Error:,0.2702655203555658
Absolute Error:,0.3466412314632404
Transition Probabilities
5.5710306406685316e-05,5.5710306406685316e-05,0.28060371552845376,0.7192848638587328
0.6733928209288177,0.3264043804502129,0.00010139931048468871,0.00010139931048468871
0.25,0.25,0.25,0.25
0.25,0.25,0.25,0.25

0.25,0.25,0.25,0.25
0.25,0.25,0.25,0.25
0.00015800284405119292,0.9995259914678464,0.00015800284405119292,0.00015800284405119292
0.7765940666834813,7.090240725677726e-05,0.11166751545463097,0.11166751545463097

Transition Gammas
1.0,1.0,5036.836693735738,12911.163306264236
6641.0,3219.0,1.0,1.0
1.0,1.0,1.0,1.0
1.0,1.0,1.0,1.0

1.0,1.0,1.0,1.0
1.0,1.0,1.0,1.0
1.0,6326.0,1.0,1.0
10953.0,1.0,1574.9467440537028,1574.9467440537028

Iteration: ,55000
Error:,0.27321869603391036
Absolute Error:,0.3466578874367937
Transition Probabilities
5.316038488118659e-05,5.316038488118659e-05,0.2803039471594179,0.7195897320708197
0.6729931248184371,0.3268132080952842,9.683354313934346e-05,9.683354313934346e-05
0.25,0.25,0.25,0.25
0.25,0.25,0.25,0.25

0.25,0.25,0.25,0.25
0.25,0.25,0.25,0.25
0.00015103458692040478,0.9995468962392388,0.00015103458692040478,0.00015103458692040478
0.7772089499725344,6.761866625826818e-05,0.11136171568060362,0.11136171568060362

Transition Gammas
1.0,1.0,5272.797550015805,13536.202449984175
6950.0,3375.0,1.0,1.0
1.0,1.0,1.0,1.0
1.0,1.0,1.0,1.0

1.0,1.0,1.0,1.0
1.0,1.0,1.0,1.0
1.0,6618.0,1.0,1.0
11494.0,1.0,1646.9079004791326,1646.9079004791326

Iteration: ,57500
Error:,0.2693376463589344
Absolute Error:,0.34649441568182937
Transition Probabilities
5.0831088293600406e-05,5.0831088293600406e-05,0.28003249965889754,0.7198658381645152
0.6740603248259861,0.325754060324826,9.280742459396752e-05,9.280742459396752e-05
0.25,0.25,0.25,0.25
0.25,0.25,0.25,0.25

0.25,0.25,0.25,0.25
0.25,0.25,0.25,0.25
0.00014442518775274407,0.9995667244367418,0.00014442518775274407,0.00014442518775274407
0.7771232307748318,6.46256324968675e-05,0.11140607179633567,0.11140607179633567

Transition Gammas
1.0,1.0,5509.079365789487,14161.920634210497
7263.0,3510.0,1.0,1.0
1.0,1.0,1.0,1.0
1.0,1.0,1.0,1.0

1.0,1.0,1.0,1.0
1.0,1.0,1.0,1.0
1.0,6921.0,1.0,1.0
12025.0,1.0,1723.8681849920104,1723.8681849920104

Iteration: ,60000
Error:,0.2699428315428595
Absolute Error:,0.34635939794719184
Transition Probabilities
4.871157874226709e-05,4.871157874226709e-05,0.28021920248690896,0.7196833743556066
0.675355871886121,0.3244661921708185,8.896797153024912e-05,8.896797153024912e-05
0.25,0.25,0.25,0.25
0.25,0.25,0.25,0.25

0.25,0.25,0.25,0.25
0.25,0.25,0.25,0.25
0.00013831258644536652,0.9995850622406639,0.00013831258644536652,0.00013831258644536652
0.7767274435441357,6.19399875234558e-05,0.11160530823417039,0.11160530823417039

Transition Gammas
1.0,1.0,5752.620007853748,14774.379992146232
7591.0,3647.0,1.0,1.0
1.0,1.0,1.0,1.0
1.0,1.0,1.0,1.0

1.0,1.0,1.0,1.0
1.0,1.0,1.0,1.0
1.0,7227.0,1.0,1.0
12540.0,1.0,1801.8296854177931,1801.8296854177931

Iteration: ,62500
Error:,0.2697897015484992
Absolute Error:,0.34638383327754996
Transition Probabilities
4.6788003555888324e-05,4.6788003555888324e-05,0.28063187653346555,0.7192745474594227
0.6755995562003926,0.324229751642912,8.534607834769993e-05,8.534607834769993e-05
0.25,0.25,0.25,0.25
0.25,0.25,0.25,0.25

0.25,0.25,0.25,0.25
0.25,0.25,0.25,0.25
0.0001326963906581741,0.9996019108280255,0.0001326963906581741,0.0001326963906581741
0.776215818389125,5.9539450670332514e-05,0.11186232108010238,0.11186232108010238

Transition Gammas
1.0,1.0,5997.945097149752,15373.054902850223
7916.0,3799.0,1.0,1.0
1.0,1.0,1.0,1.0
1.0,1.0,1.0,1.0

1.0,1.0,1.0,1.0
1.0,1.0,1.0,1.0
1.0,7533.0,1.0,1.0
13037.0,1.0,1878.7933012596884,1878.7933012596884

Iteration: ,65000
Error:,0.2701117525805148
Absolute Error:,0.3462515179507404
Transition Probabilities
4.4986279184848673e-05,4.4986279184848673e-05,0.28101356074290623,0.718896466698724
0.6770645214250534,0.32277130192086684,8.208832703989493e-05,8.208832703989493e-05
0.25,0.25,0.25,0.25
0.25,0.25,0.25,0.25

0.25,0.25,0.25,0.25
0.25,0.25,0.25,0.25
0.0001273723092599669,0.9996178830722201,0.0001273723092599669,0.0001273723092599669
0.7758203893950106,5.7268796736916704e-05,0.11206117090412625,0.11206117090412625

Transition Gammas
1.0,1.0,6246.6504417540555,15980.349558245918
8248.0,3932.0,1.0,1.0
1.0,1.0,1.0,1.0
1.0,1.0,1.0,1.0

1.0,1.0,1.0,1.0
1.0,1.0,1.0,1.0
1.0,7848.0,1.0,1.0
13547.0,1.0,1956.7579081313088,1956.7579081313088

Iteration: ,67500
Error:,0.27417509165775866
Absolute Error:,0.34625144042105127
Transition Probabilities
4.32862955588261e-05,4.32862955588261e-05,0.2807182703932485,0.719195157015634
0.6767916468913147,0.3230501502926752,7.910140800506249e-05,7.910140800506249e-05
0.25,0.25,0.25,0.25
0.25,0.25,0.25,0.25

0.25,0.25,0.25,0.25
0.25,0.25,0.25,0.25
0.00012281994595922377,0.9996315401621223,0.00012281994595922377,0.00012281994595922377
0.7765827338380101,5.5104146302278445e-05,0.11168108100784375,0.11168108100784375

Transition Gammas
1.0,1.0,6485.153482624823,16614.846517375165
8556.0,4084.0,1.0,1.0
1.0,1.0,1.0,1.0
1.0,1.0,1.0,1.0

1.0,1.0,1.0,1.0
1.0,1.0,1.0,1.0
1.0,8139.0,1.0,1.0
14093.0,1.0,2026.7273608633325,2026.7273608633325

Iteration: ,70000
Error:,0.2742886883100879
Absolute Error:,0.34633170517179074
Transition Probabilities
4.174319585907501e-05,4.174319585907501e-05,0.28102513642055893,0.718891377187723
0.676477316050324,0.3233701868089973,7.624857033930614e-05,7.624857033930614e-05
0.25,0.25,0.25,0.25
0.25,0.25,0.25,0.25

0.25,0.25,0.25,0.25
0.25,0.25,0.25,0.25
0.00011839924224484963,0.9996448022732655,0.00011839924224484963,0.00011839924224484963
0.7768520220995233,5.315079516280264e-05,0.1115474135526569,0.1115474135526569

Transition Gammas
1.0,1.0,6732.238168090904,17221.761831909076
8872.0,4241.0,1.0,1.0
1.0,1.0,1.0,1.0
1.0,1.0,1.0,1.0

1.0,1.0,1.0,1.0
1.0,1.0,1.0,1.0
1.0,8443.0,1.0,1.0
14616.0,1.0,2098.6969848895674,2098.6969848895674

Iteration: ,72500
Error:,0.27161932952385065
Absolute Error:,0.3463551741464377
Transition Probabilities
4.031607805192711e-05,4.031607805192711e-05,0.28134257026392995,0.7185767975799663
0.6766264350897851,0.3232263762143067,7.359434795407713e-05,7.359434795407713e-05
0.25,0.25,0.25,0.25
0.25,0.25,0.25,0.25

0.25,0.25,0.25,0.25
0.25,0.25,0.25,0.25
0.00011428571428571428,0.9996571428571429,0.00011428571428571428,0.00011428571428571428
0.7765546350039431,5.136283054460898e-05,0.11169700108275607,0.11169700108275607

Transition Gammas
1.0,1.0,6978.421112826518,17823.578887173484
9194.0,4392.0,1.0,1.0
1.0,1.0,1.0,1.0
1.0,1.0,1.0,1.0

1.0,1.0,1.0,1.0
1.0,1.0,1.0,1.0
1.0,8747.0,1.0,1.0
15119.0,1.0,2174.6659967609544,2174.6659967609544

Iteration: ,74999
Error:,0.26762873487654737
Absolute Error:,0.3462782999792122
Transition Probabilities
3.89150484492353e-05,3.89150484492353e-05,0.2810593198608304,0.7188628500422711
0.6769757001353951,0.32288177866457635,7.126060001425212e-05,7.126060001425212e-05
0.25,0.25,0.25,0.25
0.25,0.25,0.25,0.25

0.25,0.25,0.25,0.25
0.25,0.25,0.25,0.25
0.00011059500110595002,0.9996682149966821,0.00011059500110595002,0.00011059500110595002
0.7776182887280566,4.9580355057897e-05,0.11116606545844278,0.11116606545844278

Transition Gammas
1.0,1.0,7222.381342463762,18472.618657536248
9500.0,4531.0,1.0,1.0
1.0,1.0,1.0,1.0
1.0,1.0,1.0,1.0

1.0,1.0,1.0,1.0
1.0,1.0,1.0,1.0
1.0,9039.0,1.0,1.0
15684.0,1.0,2242.139357990269,2242.139357990269

*,*,*,*,*,*,*,*,*,*,*
Model Num 2
Model States: 
"['diamond', 'x', 'square']","['diamond', 'x', 'diamond']","['square', 'y', 'diamond', 'x', 'diamond']","['square', 'y', 'diamond', 'x', 'square']"
Iteration: ,74999
Error:,0.2690200188513423
Absolute Error:,0.3462783045654254
Transition Probabilities
3.89150484492353e-05,3.89150484492353e-05,0.2810593198608304,0.7188628500422711
0.6769757001353951,0.32288177866457635,7.126060001425212e-05,7.126060001425212e-05
0.25,0.25,0.25,0.25
0.25,0.25,0.25,0.25

0.25,0.25,0.25,0.25
0.25,0.25,0.25,0.25
0.00011058277120424638,0.9996682516863873,0.00011058277120424638,0.00011058277120424638
0.7776182887280566,4.9580355057897e-05,0.11116606545844278,0.11116606545844278

Transition Gammas
1.0,1.0,7222.381342463762,18472.618657536248
9500.0,4531.0,1.0,1.0
1.0,1.0,1.0,1.0
1.0,1.0,1.0,1.0

1.0,1.0,1.0,1.0
1.0,1.0,1.0,1.0
1.0,9040.0,1.0,1.0
15684.0,1.0,2242.139357990269,2242.139357990269

