0,1,2,3,4,5,6,7,8,9,10,11,12,13,14,15,16,17,18,19,20,21,22,23,24,25,26,27,28,29
github Code Version (SHA):,528ca1c557fe8e6666681dc5c9134b0f84d30530
Environment Observations,Environment Actions,alpha,epsilon,numActions,explore,patience,gainThresh,insertRandActions,useUpdatedPosterior,revisedSplitting,haveControl,confidence_factor
"['diamond', 'square']","['x', 'y']",0.65,0.99,75000,0.5,0,0.01,False,True,False,True,250

Model Num 0
Model States: 
['diamond'],['square']
Iteration: ,0
Error:,0.3098025312419952
Absolute Error:,1
Transition Probabilities
0.5,0.5
0.5,0.5

0.5,0.5
0.5,0.5

Transition Gammas
1.0,1.0
1.0,1.0

1.0,1.0
1.0,1.0

Iteration: ,1989
Error:,0.044354528730068336
Absolute Error:,1
Transition Probabilities
0.4965156794425087,0.5034843205574913
0.2657580919931857,0.7342419080068143

0.2245508982035928,0.7754491017964071
0.784,0.216


Model Num 1
Model States: 
['diamond'],"['square', 'y', 'diamond']","['square', 'y', 'square']"
Iteration: ,0
Error:,0.28264394365251283
Absolute Error:,1
Transition Probabilities
0.3333333333333333,0.3333333333333333,0.3333333333333333
0.3333333333333333,0.3333333333333333,0.3333333333333333
0.3333333333333333,0.3333333333333333,0.3333333333333333

0.3333333333333333,0.3333333333333333,0.3333333333333333
0.3333333333333333,0.3333333333333333,0.3333333333333333
0.3333333333333333,0.3333333333333333,0.3333333333333333

Transition Gammas
1.0,1.0,1.0
1.0,1.0,1.0
1.0,1.0,1.0

1.0,1.0,1.0
1.0,1.0,1.0
1.0,1.0,1.0

Iteration: ,2500
Error:,0.07183476969660578
Absolute Error:,1
Transition Probabilities
0.458172458172458,0.46245316546341564,0.07937437636412631
0.1959939935876818,0.6476448258301544,0.15636118058216386
0.3333333333333333,0.3333333333333333,0.3333333333333333

0.18854415274463007,0.7222623735634986,0.08919347369187124
0.9969742813918305,0.0015128593040847202,0.0015128593040847202
0.005347593582887704,0.8954527261642612,0.09919968025285117

Transition Gammas
356.0,359.3261095650741,61.673890434926165
78.29741595624412,258.7268894913723,62.46454889432151
1.0,1.0,1.0

79.0,302.6279345231059,37.37206547689405
659.0,1.0,1.0
1.0,167.44965979271674,18.550340207283156

Iteration: ,5000
Error:,0.054490808690875164
Absolute Error:,1
Transition Probabilities
0.4698142414860682,0.45486409936092403,0.07532165915300784
0.2126212766512077,0.6233364768233842,0.16404224652540791
0.3333333333333333,0.3333333333333333,0.3333333333333333

0.22632575757575757,0.6608891908059469,0.11278505161829566
0.9984399375975039,0.00078003120124805,0.00078003120124805
0.00236406619385343,0.8701761607098835,0.12745977309626316

Transition Gammas
607.0,587.6844163743137,97.31558362568612
174.78517596117962,512.413327116471,134.85081726343668
1.0,1.0,1.0

239.0,697.8989854910799,119.10101450892022
1280.0,1.0,1.0
1.0,368.0845159802804,53.91548401971928

Iteration: ,6207
Error:,0.0494797853963838
Absolute Error:,1
Transition Probabilities
0.4697644812221515,0.45094180065457434,0.07929371812327414
0.20648766680558403,0.6375691999738077,0.15594313322060827
0.3333333333333333,0.3333333333333333,0.3333333333333333

0.22444444444444434,0.6561750609435045,0.11938049461205108
0.9987714987714987,0.0006142506142506142,0.0006142506142506142
0.001855287569573285,0.8396039957721073,0.1585407166583194


Model Num 2
Model States: 
"['square', 'y', 'diamond']","['square', 'y', 'square']","['diamond', 'x', 'diamond']","['diamond', 'x', 'square', 'y', 'diamond']"
Iteration: ,0
Error:,0.3104886987082858
Absolute Error:,1
Transition Probabilities
0.25,0.25,0.25,0.25
0.25,0.25,0.25,0.25
0.25,0.25,0.25,0.25
0.25,0.25,0.25,0.25

0.25,0.25,0.25,0.25
0.25,0.25,0.25,0.25
0.25,0.25,0.25,0.25
0.25,0.25,0.25,0.25

Transition Gammas
1.0,1.0,1.0,1.0
1.0,1.0,1.0,1.0
1.0,1.0,1.0,1.0
1.0,1.0,1.0,1.0

1.0,1.0,1.0,1.0
1.0,1.0,1.0,1.0
1.0,1.0,1.0,1.0
1.0,1.0,1.0,1.0

Iteration: ,2500
Error:,0.058097509532936124
Absolute Error:,1
Transition Probabilities
0.6624276122534709,0.13770875346937012,0.09691802614987935,0.10294560812727963
0.25,0.25,0.25,0.25
0.002493765586034914,0.002493765586034914,0.2770095837171145,0.7180028851108157
0.8599467712267936,0.1352799590834688,0.0023866348448687356,0.0023866348448687356

0.0017271157167530224,0.0017271157167530224,0.5049877708543649,0.49155799771212905
0.8169122470662024,0.172561437144324,0.005263157894736839,0.005263157894736839
0.42102724410650594,0.34727423598837365,0.16081544618043683,0.07088307372468357
0.7879000750884545,0.02932176098267408,0.10244141262155379,0.08033675130731772

Transition Gammas
297.74335169295097,61.89637185555547,43.562039702971255,46.27127528940763
1.0,1.0,1.0,1.0
1.0,1.0,111.08084307056286,287.91915692943695
360.31769714402645,56.682302855973404,1.0,1.0

1.0,1.0,292.3879193246773,284.6120806753227
155.21332694257853,32.78667305742158,1.0,1.0
22.29759716504794,18.39163885059593,8.516783859102809,3.753966627712027
151.10108712701887,5.6232384042649795,19.645903463337685,15.40673854793816

Iteration: ,5000
Error:,0.06340378538819008
Absolute Error:,1
Transition Probabilities
0.675048675054916,0.1319659846155342,0.0962457952208721,0.09673954510867784
0.25,0.25,0.25,0.25
0.001340482573726542,0.001340482573726542,0.24557989150473894,0.7517391433478079
0.8659885995415525,0.1315664126833864,0.0012224938875305615,0.0012224938875305615

0.0008718395815170009,0.0008718395815170009,0.5080330257049143,0.49022329513205176
0.8534984893951487,0.14078722489056553,0.0028571428571428563,0.0028571428571428563
0.5667970094586494,0.1862892959902382,0.1585606356970375,0.08835305885407495
0.7804937643780459,0.025255610675153233,0.11429666593374324,0.07995395901305756

Transition Gammas
662.1964668806596,129.45349274809726,94.41337773486657,94.89772715041218
1.0,1.0,1.0,1.0
1.0,1.0,183.2025990625352,560.7974009374645
708.3786744249904,107.62132557501015,1.0,1.0

1.0,1.0,582.7138804835366,562.2861195164634
298.72447128830214,49.27552871169795,1.0,1.0
90.52765774669285,29.75374489957851,25.32498005624474,14.111569643697333
253.2307333394986,8.194167723174981,37.0834846524696,25.941014007212345

Iteration: ,7500
Error:,0.057812649761678166
Absolute Error:,1
Transition Probabilities
0.6761276710446523,0.13032682458239825,0.09805238217395928,0.09549312219899023
0.25,0.25,0.25,0.25
0.000814332247557003,0.000814332247557003,0.24229098885522943,0.7560803466496566
0.828987697847415,0.16964337675901894,0.0006844626967830251,0.0006844626967830251

0.0005040322580645161,0.0005040322580645161,0.47142006684549886,0.527571868638372
0.8030607471615246,0.1936659304162168,0.0016366612111292959,0.0016366612111292959
0.5648640897549666,0.18880466423456665,0.15948831288729243,0.08684293312317429
0.7428600236516006,0.05593288464900699,0.12118607959336025,0.08002101210603206

Transition Gammas
676.2598164434736,130.35229623656815,98.07154596757793,95.51178579945814
1.0,1.0,1.0,1.0
1.0,1.0,297.53333431422186,928.4666656857787
1211.1510265550737,247.84897344492677,1.0,1.0

1.0,1.0,935.2974126214698,1046.70258737853
490.67011651569163,118.32988348430848,1.0,1.0
91.7877673534474,30.67987310633563,25.916103403285796,14.111569643697333
371.8750291148911,27.99994944550211,60.665637458284095,40.05844339348924

Iteration: ,10000
Error:,0.05140450035179824
Absolute Error:,1
Transition Probabilities
0.6761276710446523,0.13032682458239825,0.09805238217395928,0.09549312219899023
0.25,0.25,0.25,0.25
0.0005847953216374269,0.0005847953216374269,0.241768354626725,0.7570620547300001
0.8076004830847404,0.19145834044467136,0.00047058823529411755,0.00047058823529411755

0.000354735721887194,0.000354735721887194,0.45984299844677895,0.5394475301094467
0.7680068112646898,0.22976601724310516,0.0011135857461024496,0.0011135857461024496
0.5648640897549666,0.18880466423456665,0.15948831288729243,0.08684293312317429
0.7093453059127419,0.07251707573991349,0.11866955917308213,0.09946805917426244

Transition Gammas
676.2598164434736,130.35229623656815,98.07154596757793,95.51178579945814
1.0,1.0,1.0,1.0
1.0,1.0,413.42388641169975,1294.5761135883001
1716.1510265550737,406.84897344492674,1.0,1.0

1.0,1.0,1296.29741262147,1520.70258737853
689.6701165156917,206.32988348430848,1.0,1.0
91.7877673534474,30.67987310633563,25.916103403285796,14.111569643697333
475.70803001069686,48.632104780029785,79.58333091924204,66.70623472709138

Iteration: ,12500
Error:,0.05090338457554545
Absolute Error:,1
Transition Probabilities
0.6761276710446523,0.13032682458239825,0.09805238217395928,0.09549312219899023
0.25,0.25,0.25,0.25
0.00045599635202918365,0.00045599635202918365,0.2381250317966236,0.760962975499318
0.7964635642926655,0.20281830285275643,0.0003590664272890484,0.0003590664272890484

0.000273000273000273,0.000273000273000273,0.45189664554230685,0.5475573539116926
0.7622367154712362,0.23603616881201073,0.0008635578583765111,0.0008635578583765111
0.5648640897549666,0.18880466423456665,0.15948831288729243,0.08684293312317429
0.6921337840973959,0.07925852031328535,0.12358442799549062,0.10502326759382817

Transition Gammas
676.2598164434736,130.35229623656815,98.07154596757793,95.51178579945814
1.0,1.0,1.0,1.0
1.0,1.0,522.2081947299956,1668.7918052700047
2218.1510265550737,564.8489734449267,1.0,1.0

1.0,1.0,1655.29741262147,2005.70258737853
882.6701165156917,273.3298834843085,1.0,1.0
91.7877673534474,30.67987310633563,25.916103403285796,14.111569643697333
595.3677878480784,68.17752722267416,106.30630840264196,90.34015090226472

Iteration: ,15000
Error:,0.04828253365840885
Absolute Error:,1
Transition Probabilities
0.6692659992203472,0.13617208406926842,0.10126316795627616,0.09329874875410821
0.25,0.25,0.25,0.25
0.0003755163349605707,0.0003755163349605707,0.24362576703429428,0.7556232002957846
0.7935681996050307,0.2058463203012925,0.0002927400468384073,0.0002927400468384073

0.0002231644722160232,0.0002231644722160232,0.4446067084654047,0.5549469625901633
0.7628670934227653,0.2357313648813693,0.0007007708479327261,0.0007007708479327261
0.5641844929002093,0.1877847335360988,0.15841187404738882,0.08961889951630311
0.6844309612932608,0.09519305485644163,0.11870291528636485,0.10167306856393277

Transition Gammas
702.382888190689,142.9102058239002,106.27391270335684,97.9153949114821
1.0,1.0,1.0,1.0
1.0,1.0,648.7754176123259,2012.224582387675
2710.8289698507865,703.1710301492157,1.0,1.0

1.0,1.0,1992.2826606334784,2486.7173393665216
1088.6113423142858,336.38865768571395,1.0,1.0
92.30030099989969,30.7214885320033,25.916103403285796,14.66160715994304
710.2558114366141,98.78486544857275,123.18179653547898,105.50938209702763

Iteration: ,17500
Error:,0.04786153023869991
Absolute Error:,1
Transition Probabilities
0.6713458875460717,0.136216846655753,0.09897060553003724,0.09346666026813805
0.25,0.25,0.25,0.25
0.00032690421706440024,0.00032690421706440024,0.23865785244390264,0.7606883391219685
0.7904503647653129,0.20903549641720637,0.00025706940874035977,0.00025706940874035977

0.0001931620629708325,0.0001931620629708325,0.44581196523202704,0.5538017106420313
0.7677321947404916,0.23107091716854486,0.0005984440454817473,0.0005984440454817473
0.5522940820654628,0.1942370327552612,0.16406464926520928,0.08940423591406668
0.6837796731142006,0.0980824378339737,0.11767538353036854,0.10046250552145705

Transition Gammas
870.3604890684762,176.59713640017003,128.30957369440208,121.17403212213921
1.0,1.0,1.0,1.0
1.0,1.0,730.054370625898,2326.945629374101
3074.851918937069,813.1480810629332,1.0,1.0

1.0,1.0,2307.9685440062044,2867.0314559937965
1282.8804974113618,386.11950258863857,1.0,1.0
93.84118309339674,33.0031292135846,27.876490606729966,15.190818703617277
881.7148829324151,126.47457740099351,151.7391362936541,129.54360853039668

Iteration: ,20000
Error:,0.047904168800516206
Absolute Error:,1
Transition Probabilities
0.6812145184016407,0.1310005468231783,0.09242827608941474,0.09535665868576622
0.25,0.25,0.25,0.25
0.00029231218941829884,0.00029231218941829884,0.23624591178682128,0.7631694638343421
0.7941703044464535,0.2053715054046347,0.00022909507445589895,0.00022909507445589895

0.00016957775139901643,0.00016957775139901643,0.44348224122169544,0.5561786032755065
0.7683945245487124,0.23054221123012866,0.000531632110579479,0.000531632110579479
0.5556186541285704,0.19092580065949843,0.16465674915784598,0.08879879605408507
0.6790819559425488,0.10094527505966575,0.11958056873220814,0.10039220026557724

Transition Gammas
1058.9749710429876,203.6455426760274,143.68341888102879,148.23570570317446
1.0,1.0,1.0,1.0
1.0,1.0,808.1972642227154,2610.802735777284
3466.553378908773,896.4466210912313,1.0,1.0

1.0,1.0,2615.2147764843385,3279.7852235156624
1445.350100676128,433.64989932387203,1.0,1.0
98.55906125702666,33.867595234468126,29.20782897774298,15.751677728623537
1053.6292336742474,156.62158576504694,185.53516537009318,155.76346287375145

Iteration: ,22500
Error:,0.04880763038134189
Absolute Error:,1
Transition Probabilities
0.6831009137630695,0.13213479867512817,0.09046350138814703,0.09430078617365532
0.25,0.25,0.25,0.25
0.00026281208935611036,0.00026281208935611036,0.23422242664814583,0.765251949173142
0.7916759068232355,0.20791112600765435,0.00020648358455502766,0.00020648358455502766

0.0001518602885345482,0.0001518602885345482,0.4425579680361912,0.5571383113867397
0.7641959841561414,0.23486239625817104,0.00047080979284369124,0.00047080979284369124
0.5554553341109785,0.18190001520126714,0.16312758956605752,0.09951706112169663
0.6757594143485507,0.09667433102950924,0.12552731558069774,0.1020389390412424

Transition Gammas
1232.0226618093118,238.31481279182273,163.1575679833921,170.07839288687342
1.0,1.0,1.0,1.0
1.0,1.0,891.2163333961948,2911.783666603805
3834.086416744934,1006.9135832550711,1.0,1.0

1.0,1.0,2914.2442195183194,3668.7557804816815
1623.1522703476442,498.8477296523552,1.0,1.0
103.8073986365115,33.99475390799425,30.486431003133777,18.59844815700341
1219.5552004347344,174.46990844995526,226.54140994932678,184.15151326386683

Iteration: ,25000
Error:,0.04821117759160961
Absolute Error:,1
Transition Probabilities
0.689373597773909,0.12992859088353584,0.08713679498100078,0.09356101636155441
0.25,0.25,0.25,0.25
0.00023877745940783206,0.00023877745940783206,0.23239078883720882,0.7671316562439755
0.7907864430358383,0.20883634081931066,0.0001886080724254995,0.0001886080724254995

0.00013666803334700013,0.00013666803334700013,0.443979802898206,0.5557468610351001
0.7677542401758248,0.231392517503356,0.00042662116040955637,0.00042662116040955637
0.5599099671241412,0.1779726669639158,0.1622035000324155,0.09991386587952741
0.6766329130917763,0.09789222754871649,0.1217900459195194,0.10368481343998798

Transition Gammas
1404.1730235707944,264.6492742082967,177.4874135995974,190.57279776451085
1.0,1.0,1.0,1.0
1.0,1.0,973.2526236502299,3212.7473763497674
4192.749720976021,1107.2502790239869,1.0,1.0

1.0,1.0,3248.6002178061735,4066.3997821938274
1799.615938972133,542.3840610278663,1.0,1.0
107.43331544697705,34.148693171298554,31.122967635478084,19.171078389076623
1406.995855914603,203.55787580290473,253.25118921191253,215.60302493230117

Iteration: ,27500
Error:,0.04901359794333969
Absolute Error:,1
Transition Probabilities
0.6864821180081132,0.1310165784356814,0.09025622800194667,0.09224507555425858
0.25,0.25,0.25,0.25
0.00021843599825251215,0.00021843599825251215,0.22936321864614145,0.7701999093573535
0.7894351952363348,0.2102182443755175,0.00017328019407381704,0.00017328019407381704

0.00012473493825620557,0.00012473493825620557,0.4433311722699703,0.5564193578535173
0.7722826707355639,0.22694183488677025,0.00038774718883288094,0.00038774718883288094
0.5618002064314954,0.1698790609433299,0.17042543092118015,0.0978953017039945
0.6747893336575191,0.09942384932675374,0.12263241746387026,0.10315439955185683

Transition Gammas
1560.415207974139,297.8085752342317,205.15784329134476,209.67861358609696
1.0,1.0,1.0,1.0
1.0,1.0,1050.024814962035,3525.975185037962
4555.830511708897,1213.1694882911138,1.0,1.0

1.0,1.0,3554.186008088352,4460.8139919116475
1991.7170078270194,585.2829921729805,1.0,1.0
113.17133335877686,34.221133450291575,34.33119645524004,19.720430317698252
1579.9133483041524,232.78534330070423,287.12456410034264,241.519841318349

Iteration: ,30000
Error:,0.04879403461981556
Absolute Error:,1
Transition Probabilities
0.6868339761581955,0.13063849985794593,0.09042629175282138,0.09210123223103707
0.25,0.25,0.25,0.25
0.0002009646302250806,0.0002009646302250806,0.22770195573851856,0.7718961150010313
0.7930280458476947,0.20665051410087484,0.00016072002571520383,0.00016072002571520383

0.00011475786091347258,0.00011475786091347258,0.4447516288011046,0.5550188554770684
0.7718797557655722,0.2274033983562916,0.00035842293906810047,0.00035842293906810047
0.5580996699005676,0.17615887201608352,0.16873228486151562,0.09700917322183325
0.6723218492417409,0.10059283634480445,0.1230321830509142,0.10405313136254049

Transition Gammas
1733.4543805433168,329.7097809765387,228.2208757813587,232.4481461405693
1.0,1.0,1.0,1.0
1.0,1.0,1133.044931754867,3840.9550682451277
4934.220501264365,1285.7794987356456,1.0,1.0

1.0,1.0,3875.5656933728255,4836.434306627174
2153.5445185859458,634.4554814140533,1.0,1.0
120.05450711622376,37.89406748405486,36.29651187081435,20.86793650849948
1757.5309354712952,262.96188642714543,321.6210629097076,272.00751769197376

Iteration: ,32500
Error:,0.049702910001515596
Absolute Error:,1
Transition Probabilities
0.6897939332371982,0.13201474894460724,0.08851260527054806,0.08967871254764659
0.25,0.25,0.25,0.25
0.0001869508319312024,0.0001869508319312024,0.22673071429497452,0.772895384041163
0.7940234328837897,0.20567832673446257,0.00014912019087384403,0.00014912019087384403

0.00010603329445445867,0.00010603329445445867,0.44408144052308635,0.5557064928880048
0.7738104848975992,0.2255255044782309,0.00033200531208499334,0.00033200531208499334
0.5519586223888806,0.1699445221429283,0.17427037464332884,0.10382648082486222
0.6703397031038727,0.10085949395652018,0.12301631555282748,0.1057844873867796

Transition Gammas
1913.2277767237028,366.15904032773864,245.50052825060308,248.73486929897146
1.0,1.0,1.0,1.0
1.0,1.0,1212.7825907638166,4134.217409236174
5324.721140918704,1379.2788590813086,1.0,1.0

1.0,1.0,4188.132065573229,5240.867934426775
2330.7171805115686,679.2828194884314,1.0,1.0
123.19797147988373,37.931865800940386,38.89740240341971,23.1742223142699
1920.9871779502669,289.03225300233356,352.52688116408297,303.1457676684217

Iteration: ,35000
Error:,0.048674267096674245
Absolute Error:,1
Transition Probabilities
0.6925909648892327,0.1303099233054246,0.08610058694985555,0.0909985248554873
0.25,0.25,0.25,0.25
0.00017482517482517518,0.00017482517482517518,0.22677853734850723,0.7728718123018423
0.7928992189654959,0.2068221907015887,0.00013929516645772366,0.00013929516645772366

9.866798223976317e-05,9.866798223976317e-05,0.44434323226791894,0.5554594317676015
0.7766054840429476,0.2227762779354141,0.00030911901081916545,0.00030911901081916545
0.5503116655932754,0.18008138629522802,0.17104048903393088,0.09856645907756569
0.6669743194344504,0.10008465233422988,0.12156594820730966,0.11137508002401006

Transition Gammas
2096.5371875898663,394.4602427285481,260.6344748412314,275.46098786584946
1.0,1.0,1.0,1.0
1.0,1.0,1297.1732336334587,4420.826766366529
5692.223492953305,1484.7765070467078,1.0,1.0

1.0,1.0,4503.41865903536,5629.5813409646435
2512.318740878935,720.6812591210644,1.0,1.0
129.38523915685013,42.33941362734199,40.213784229527285,23.1742223142699
2088.134383613577,313.3407055137085,380.59341856447344,348.6882887380875

Iteration: ,37500
Error:,0.04874412723390031
Absolute Error:,1
Transition Probabilities
0.6912167998372959,0.13061510292928183,0.08627175106273047,0.09189634617069174
0.25,0.25,0.25,0.25
0.00016339869281045783,0.00016339869281045783,0.22535247176688347,0.7743207308474956
0.7943409472741344,0.20539655108523036,0.00013125082031762678,0.00013125082031762678

9.246417013407301e-05,9.246417013407301e-05,0.4467009737347205,0.5531140979250113
0.7773754486349371,0.22204568016390513,0.00028943560057887124,0.00028943560057887124
0.5414807412163962,0.191580611567133,0.16989096019565414,0.09704768702081659
0.6673815718342808,0.10068402526105114,0.12032092749538875,0.11161347540927928

Transition Gammas
2277.095807900361,430.28917034243324,284.2075637215542,302.73683260577445
1.0,1.0,1.0,1.0
1.0,1.0,1379.1571272133242,4738.842872786664
6052.08367728164,1564.9163227183728,1.0,1.0

1.0,1.0,4831.071030941004,5981.928969058999
2685.8321750337072,767.1678249662922,1.0,1.0
132.32619557808445,46.81816276281966,41.517680527836944,23.716358192664092
2273.88827193798,343.0484656376775,409.9549005353745,380.2870553135668

Iteration: ,40000
Error:,0.04948939363493874
Absolute Error:,1
Transition Probabilities
0.6897091894560551,0.12938731131768477,0.08676225613380432,0.09414124309245583
0.25,0.25,0.25,0.25
0.00015360983102918614,0.00015360983102918614,0.22347430002734806,0.7762184803105936
0.7947864381654091,0.20496683101791188,0.0001233654083395014,0.0001233654083395014

8.675284115554782e-05,8.675284115554782e-05,0.44743897313926384,0.552387521178425
0.7784325717573337,0.22102112941720867,0.0002731494127287627,0.0002731494127287627
0.5349147986131277,0.19291419768268933,0.1659919709879724,0.10617903271621053
0.6675542581261876,0.09979026442205928,0.11999416675405807,0.11266131069769506

Transition Gammas
2428.133633424893,455.510361688323,305.44808660076353,331.425943194259
1.0,1.0,1.0,1.0
1.0,1.0,1454.8176931780333,5053.1823068219555
6442.538867768817,1661.4611322311964,1.0,1.0

1.0,1.0,5157.629043376296,6367.370956623708
2849.841645203598,809.1583547964008,1.0,1.0
135.80832071623297,48.97855377628818,42.143329911046784,26.957556915324087
2455.326114295956,367.0377938652369,441.3496095754505,414.3786888624289

Iteration: ,42500
Error:,0.04773267254286678
Absolute Error:,1
Transition Probabilities
0.6904164411759052,0.1307900639917672,0.08599116939867493,0.09280232543365274
0.25,0.25,0.25,0.25
0.00014577259475218697,0.00014577259475218697,0.22125679027626885,0.7784516645342268
0.7942756072043042,0.2054910205669909,0.0001166861143523919,0.0001166861143523919

8.157937673356173e-05,8.157937673356173e-05,0.4465988584467619,0.553237982799771
0.776935133196197,0.2225553126636756,0.00025477707006369424,0.00025477707006369424
0.5382977932224908,0.19154120108201425,0.16195622771657775,0.108204777978917
0.6670750317405119,0.10177435882881417,0.11909240868892663,0.11205820074174724

Transition Gammas
2584.438309056159,489.58690967515474,321.8910489094956,347.3872734139042
1.0,1.0,1.0,1.0
1.0,1.0,1517.8215812952003,5340.1784187047815
6806.941953740898,1761.0580462591147,1.0,1.0

1.0,1.0,5474.408806840409,6781.591193159595
3049.470397795073,873.5296022049267,1.0,1.0
142.19749670939262,50.59779113624433,42.78258326107418,28.583525242575234
2627.862044196855,400.92787454642416,469.15025395126617,441.4398357886341

Iteration: ,45000
Error:,0.047369189990417615
Absolute Error:,1
Transition Probabilities
0.6929428462079199,0.128613382571823,0.08567451764759035,0.09276925357266687
0.25,0.25,0.25,0.25
0.00013758943313153585,0.00013758943313153585,0.22096747877048162,0.7787573423632553
0.7938836912910859,0.20589499632648636,0.00011065619121389828,0.00011065619121389828

7.706535141800244e-05,7.706535141800244e-05,0.4480009423314539,0.5518449269657101
0.777563226205952,0.2219542647470033,0.0002412545235223161,0.0002412545235223161
0.5394948603117937,0.19084627490394712,0.16137800451950526,0.10828086026475375
0.6676267619995062,0.10285801255453925,0.11754313812732052,0.11197208731863403

Transition Gammas
2752.9820687758142,510.9661467211288,340.37498492922253,368.5615531163695
1.0,1.0,1.0,1.0
1.0,1.0,1605.9916357038564,5660.008364296125
7174.326918197552,1860.6730818024596,1.0,1.0

1.0,1.0,5813.260227692947,7160.739772307056
3222.9995726236702,920.0004273763285,1.0,1.0
145.12962606949083,51.33959663222321,43.412331005749905,29.128657039706304
2808.872873275324,432.7494008750831,494.53339937521747,471.0945943679227

Iteration: ,47500
Error:,0.049028934144979754
Absolute Error:,1
Transition Probabilities
0.6896650579491298,0.1292435151883668,0.08641091969910844,0.09468050716339495
0.25,0.25,0.25,0.25
0.0001308729223923574,0.0001308729223923574,0.21962195417384936,0.7801162999813659
0.7926818371858437,0.20710803463596772,0.00010506408909434743,0.00010506408909434743

7.308338814587443e-05,7.308338814587443e-05,0.44867095126387857,0.5511828819598297
0.7774342263239923,0.22211102151593504,0.00022737608003638014,0.00022737608003638014
0.5443976686564584,0.1910430148586637,0.15923382928157018,0.10532548720330767
0.6676465274980843,0.10341382308940567,0.11576731896917355,0.11317233044333641

Transition Gammas
2893.788009862421,542.297061876309,362.5743837016442,397.2730142540217
1.0,1.0,1.0,1.0
1.0,1.0,1678.131351842378,5960.8686481576
7544.745726334869,1971.254273665143,1.0,1.0

1.0,1.0,6139.164626143652,7541.835373856352
3419.1557273729186,976.8442726270824,1.0,1.0
150.55779379306446,52.83456651767352,44.03746638559427,29.128657039706304
2980.0344057581756,461.5866901791118,516.7264104305675,505.14370195978233

Iteration: ,50000
Error:,0.04895624637055807
Absolute Error:,1
Transition Probabilities
0.6908073166632793,0.12689874950372357,0.08644087696188875,0.09585305687110833
0.25,0.25,0.25,0.25
0.0001247504990019964,0.0001247504990019964,0.21802611923167783,0.7817243797703182
0.7920630963142186,0.2077367034855813,0.00010010010010009994,0.00010010010010009994

6.945409084595081e-05,6.945409084595081e-05,0.4491659702309808,0.5506951215873273
0.779614622042967,0.21995116171734552,0.0002171081198436821,0.0002171081198436821
0.5490168430540854,0.18968742397169241,0.1581549253877361,0.1031408075864861
0.6687064334853415,0.10336540816548127,0.1148033953853768,0.11312476296380045

Transition Gammas
3069.5983596820533,563.873867468317,384.09954227660006,425.92250985882595
1.0,1.0,1.0,1.0
1.0,1.0,1747.697371761124,6266.302628238851
7912.710332179056,2075.2896678209604,1.0,1.0

1.0,1.0,6467.091639385663,7928.90836061434
3590.904949129907,1013.0950508700937,1.0,1.0
155.05136816904334,53.57084210324473,44.6655469213459,29.128657039706304
3167.1387071321674,489.56099236719444,543.7337806668427,535.7834134336283

Iteration: ,52500
Error:,0.0505585928214765
Absolute Error:,1
Transition Probabilities
0.6917033590933103,0.12624287408600973,0.08690959717945915,0.0951441696412207
0.25,0.25,0.25,0.25
0.00011883541295306037,0.00011883541295306037,0.21796146809650727,0.7818008610775866
0.7910371129934095,0.2087713344733083,9.577626664112614e-05,9.577626664112614e-05

6.626466105625867e-05,6.626466105625867e-05,0.44992878719992163,0.5499386834779658
0.7783884918733861,0.22119939190984073,0.000206058108386565,0.000206058108386565
0.5390436017746685,0.18956482391609536,0.16692192274818446,0.10446965156105181
0.6673662537808105,0.10367574679500113,0.11500177027078051,0.1139562291534079

Transition Gammas
3232.7434869710823,590.0084532089204,406.1805260067793,444.6656080058679
1.0,1.0,1.0,1.0
1.0,1.0,1834.145754032103,6578.854245967871
8259.218496764204,2179.781503235816,1.0,1.0

1.0,1.0,6789.87532763402,8299.124672365986
3777.5193510615427,1073.480648938457,1.0,1.0
158.5240974538421,55.74798127899364,49.08906637941547,30.722852790591016
3339.225432859119,518.7506687777994,575.4214180541085,570.1899616080394

Iteration: ,55000
Error:,0.04969907620540149
Absolute Error:,1
Transition Probabilities
0.6934746255790317,0.12572901160659367,0.08587540960918302,0.09492095320519146
0.25,0.25,0.25,0.25
0.00011350737797956905,0.00011350737797956905,0.21712787904958356,0.7826451061944573
0.7920887274382307,0.20772812237861907,9.157509157509139e-05,9.157509157509139e-05

6.329514526235836e-05,6.329514526235836e-05,0.4507383422590042,0.5491350674504711
0.7777148831986359,0.2218902500688862,0.0001974333662388943,0.0001974333662388943
0.5430403369147583,0.18867589685749223,0.16583537936356751,0.10244838686418214
0.665703066627707,0.10323216108158989,0.11557804869045558,0.11548672360024763

Transition Gammas
3409.8603469930945,618.2178198459541,422.2550374696751,466.73257029832416
1.0,1.0,1.0,1.0
1.0,1.0,1912.8966144268247,6895.103385573146
8649.608903625496,2268.3910963745247,1.0,1.0

1.0,1.0,7121.21506935001,8675.784930649996
3939.1258834010923,1123.874116598909,1.0,1.0
162.85027847732772,56.58128919072407,49.73173422840866,30.722852790591016
3507.3171771847674,543.888033494445,608.9334656831827,608.4523111359806

Iteration: ,57500
Error:,0.05024853009095959
Absolute Error:,1
Transition Probabilities
0.6944394688781553,0.12504889879095227,0.0854985159367904,0.09501311639410197
0.25,0.25,0.25,0.25
0.00010887316276537874,0.00010887316276537874,0.2175550948604947,0.7822271588139745
0.7920778294220837,0.2077466087801635,8.778089887640426e-05,8.778089887640426e-05

6.060973392326802e-05,6.060973392326802e-05,0.4504213548358813,0.5494574256962722
0.778250088966948,0.22137290820553074,0.00018850141376060322,0.00018850141376060322
0.5430259341953281,0.18543843084650685,0.1670860991803665,0.10444953577779852
0.6643204937945291,0.10489642352363426,0.11507960290557888,0.11570347977625764

Transition Gammas
3590.1415141337848,646.4829016290868,442.0137178512779,491.2026876939237
1.0,1.0,1.0,1.0
1.0,1.0,1998.2435462936364,7184.756453706329
9023.350632776403,2366.649367223629,1.0,1.0

1.0,1.0,7431.501933437212,9065.498066562803
4128.616721969659,1174.3832780303405,1.0,1.0
167.82342573315952,57.310177594663635,51.63834688372939,32.28037153776728
3666.2295891588906,578.898852755004,635.0974405007333,638.5404711834233

Iteration: ,60000
Error:,0.05037067916181176
Absolute Error:,1
Transition Probabilities
0.6939279956082738,0.12491565262534722,0.08566864181033182,0.09548770995604716
0.25,0.25,0.25,0.25
0.00010455876202425805,0.00010455876202425805,0.21661993852315567,0.7831709439527957
0.7923914268723442,0.20744003853593088,8.426729586247552e-05,8.426729586247552e-05

5.8085501858736036e-05,5.8085501858736036e-05,0.4507386870733217,0.5491451419229609
0.7797835259448035,0.21985454861183787,0.00018096272167933403,0.00018096272167933403
0.5427891526990813,0.18530873794702118,0.1668045577906592,0.10509755156323825
0.6658117463264571,0.10551694512621411,0.1135510979857059,0.1151202105616229

Transition Gammas
3755.918859018927,676.112015153586,463.6856697500939,516.8318512846158
1.0,1.0,1.0,1.0
1.0,1.0,2071.7530920354525,7490.246907964509
9403.309062694136,2461.690937305899,1.0,1.0

1.0,1.0,7759.91723665431,9454.0827633457
4309.083764370985,1214.9162356290162,1.0,1.0
172.2138170038739,58.793962494160844,52.92303548795903,33.34490091127672
3848.0421885883943,609.8325220257593,656.265705764957,665.3343523066969

Iteration: ,62500
Error:,0.049491546665569645
Absolute Error:,1
Transition Probabilities
0.6942032928277156,0.1249033351591751,0.08583387923714784,0.0950594927759614
0.25,0.25,0.25,0.25
0.00010014019627478512,0.00010014019627478512,0.2163920228032144,0.7834076968042359
0.7926841296519971,0.2071535722063167,8.11490708431386e-05,8.11490708431386e-05

5.5803571428571407e-05,5.5803571428571407e-05,0.45176179328540433,0.5481265995717384
0.7805550577884798,0.2190960238584148,0.00017445917655268674,0.00017445917655268674
0.5366991707076305,0.18981495380479213,0.16907721893756422,0.10440865655001295
0.6670508649980592,0.10460955037006359,0.11364312849947689,0.11469645613240033

Transition Gammas
3923.1702319147644,705.8696658832455,485.0753711370195,537.2123355976671
1.0,1.0,1.0,1.0
1.0,1.0,2160.89073971289,7823.109260287068
9768.24652970159,2552.7534702984485,1.0,1.0

1.0,1.0,8095.571335674449,9822.428664325556
4474.141591243564,1255.8584087564332,1.0,1.0
174.1369402150722,61.58719272670162,54.85864553701777,33.87634074338829
4039.6673874591756,633.5165895451515,688.2240382215903,694.6030019712929

Iteration: ,65000
Error:,0.050602850042446655
Absolute Error:,1
Transition Probabilities
0.6949912682856926,0.12477591432674108,0.08522916332017279,0.0950036540673935
0.25,0.25,0.25,0.25
9.626492106276504e-05,9.626492106276504e-05,0.2163754695698648,0.7834320005880095
0.7925265769692065,0.2073168795116952,7.82717595491544e-05,7.82717595491544e-05

5.3679746631595856e-05,5.3679746631595856e-05,0.4523980994880897,0.5474945410186471
0.7820788641120253,0.21758511438259837,0.0001680107526881721,0.0001680107526881721
0.5371045126790074,0.18532220598455837,0.17085542117245825,0.1067178601639762
0.6666714226066438,0.10513522772956788,0.11331869214466217,0.11487465751912627

Transition Gammas
4089.6308515484457,734.2357408597546,501.5254603494639,559.0428145122163
1.0,1.0,1.0,1.0
1.0,1.0,2247.7083778917486,8138.291622108218
10125.319547358615,2648.6804526414267,1.0,1.0

1.0,1.0,8427.72419536363,10199.275804636385
4654.933399194772,1295.0666008052249,1.0,1.0
178.6169247904102,61.629872300327335,56.81886707928904,35.48958452727495
4222.297916334081,665.8636292526147,717.6927966303712,727.5473503666037

Iteration: ,67500
Error:,0.049780877313955155
Absolute Error:,1
Transition Probabilities
0.6959818269999891,0.12377173987043275,0.08490941451712061,0.0953370186124576
0.25,0.25,0.25,0.25
9.307520476545069e-05,9.307520476545069e-05,0.2175700396145962,0.7822438099758728
0.792433527102248,0.20741568882055061,7.539203860072357e-05,7.539203860072357e-05

5.171700455109636e-05,5.171700455109636e-05,0.4504962048705991,0.5494003611202987
0.7807799222076931,0.21889687158674767,0.00016160310277957347,0.00016160310277957347
0.5459979219921044,0.1807548998426289,0.16632324859407935,0.10692392957118745
0.6650196112032237,0.10554326438484712,0.113892048577131,0.11554507583479809

Transition Gammas
4269.599369660226,759.2953178252418,520.8888632382677,584.8584816181423
1.0,1.0,1.0,1.0
1.0,1.0,2337.5725056192164,8404.42749438076
10510.838303484245,2751.1616965157905,1.0,1.0

1.0,1.0,8710.794617377911,10623.205382622104
4831.466158621202,1354.5338413787938,1.0,1.0
186.52223076132086,61.748966033929,56.81886707928904,36.527043532727305
4379.374957515524,695.037441294632,750.0169573892579,760.9026907636764

Iteration: ,70000
Error:,0.05105055776884437
Absolute Error:,1
Transition Probabilities
0.6972012273043227,0.12336934812020629,0.08467084134140129,0.0947585832340698
0.25,0.25,0.25,0.25
8.993614533681103e-05,8.993614533681103e-05,0.2171079049962782,0.7827122227130482
0.7933009015601153,0.20655344262457628,7.282790765421283e-05,7.282790765421283e-05

4.990518015770033e-05,4.990518015770033e-05,0.45017815999941596,0.5497220296402686
0.7815825295521428,0.21810418723983718,0.0001566416040100252,0.0001566416040100252
0.548568917565104,0.17888710817970213,0.16394104613284677,0.10860292812234718
0.6647832355600196,0.10496154806252625,0.11431589097797691,0.1159393253994772

Transition Gammas
4469.643367539383,790.9007715249593,542.8109555813849,607.481823729949
1.0,1.0,1.0,1.0
1.0,1.0,2414.022795653613,8702.977204346367
10892.814679321982,2836.185320678067,1.0,1.0

1.0,1.0,9020.669970068304,11015.33002993171
4989.622868660876,1392.3771313391194,1.0,1.0
192.25802420657362,62.69491557653818,57.45673990382293,38.062281174312055
4556.1876369570255,719.3690846242414,783.4804208665419,794.6068624568131

Iteration: ,72500
Error:,0.04955912205204909
Absolute Error:,1
Transition Probabilities
0.6970635151215564,0.12346539748112971,0.08528088334560281,0.09419020405171098
0.25,0.25,0.25,0.25
8.716116098666447e-05,8.716116098666447e-05,0.21595145824347137,0.7838742194345554
0.7926110726718595,0.20724818137458664,7.037297677691748e-05,7.037297677691748e-05

4.816491667469412e-05,4.816491667469412e-05,0.4494856588461747,0.5504180113204759
0.7827276123546606,0.21697013586961014,0.00015112588786459134,0.00015112588786459134
0.5501160210784904,0.17762746196882748,0.16432954277629164,0.1079269741763904
0.6653717082206585,0.10516823133669577,0.11313724025043867,0.11632282019220708

Transition Gammas
4637.920277477637,821.4784709320381,567.4173580592623,626.6956279228124
1.0,1.0,1.0,1.0
1.0,1.0,2477.6110804273435,8993.38891957264
11263.003342667153,2944.996657332884,1.0,1.0

1.0,1.0,9332.221248964286,11427.778751035728
5179.308610950785,1435.6913890492092,1.0,1.0
196.58850568817556,63.47664125319615,58.72451995031605,38.56859601214129
4734.916520943633,748.3979103442769,805.1069520649312,827.776168246969

Iteration: ,74999
Error:,0.05068720093057943
Absolute Error:,1
Transition Probabilities
0.6970804827886553,0.12360309003318133,0.08494163735425682,0.0943747898239066
0.25,0.25,0.25,0.25
8.424599831508017e-05,8.424599831508017e-05,0.21700632916608073,0.7828251788372891
0.7925770633284395,0.2072869839830961,6.797634423220703e-05,6.797634423220703e-05

4.6580957704490376e-05,4.6580957704490376e-05,0.44924821319820724,0.5506586248863837
0.7830511417352066,0.21665680219002706,0.00014602803738317772,0.00014602803738317772
0.5476037464084106,0.17858457227773944,0.16330038687939324,0.11051129443445672
0.6637010141938877,0.10519455217456411,0.11342348619177571,0.11768094743977255

Transition Gammas
4797.16986894549,850.6119936734858,584.5515308427841,649.4686184874436
1.0,1.0,1.0,1.0
1.0,1.0,2575.865127201374,9292.134872798606
11659.6011786247,3049.398821375334,1.0,1.0

1.0,1.0,9644.46064093912,11821.539359060895
5362.334218602689,1483.6657813973038,1.0,1.0
198.9704093181845,64.8882438753691,59.33477451956256,40.15399389087989
4886.103242374502,774.4322088833188,835.0128322708215,866.3558538471665

*,*,*,*,*,*,*,*,*,*,*
Model Num 2
Model States: 
"['square', 'y', 'diamond']","['square', 'y', 'square']","['diamond', 'x', 'diamond']","['diamond', 'x', 'square', 'y', 'diamond']"
Iteration: ,74999
Error:,0.0494579154331327
Absolute Error:,1
Transition Probabilities
0.6970804827886553,0.12360309003318133,0.08494163735425682,0.0943747898239066
0.25,0.25,0.25,0.25
8.424599831508017e-05,8.424599831508017e-05,0.21700632916608073,0.7828251788372891
0.79252319049923,0.2073408660532441,6.797172376291447e-05,6.797172376291447e-05

4.6580957704490376e-05,4.6580957704490376e-05,0.44924821319820724,0.5506586248863837
0.7830511417352066,0.21665680219002706,0.00014602803738317772,0.00014602803738317772
0.5476037464084106,0.17858457227773944,0.16330038687939324,0.11051129443445672
0.6637010141938877,0.10519455217456411,0.11342348619177571,0.11768094743977255

Transition Gammas
4797.16986894549,850.6119936734858,584.5515308427841,649.4686184874436
1.0,1.0,1.0,1.0
1.0,1.0,2575.865127201374,9292.134872798606
11659.6011786247,3050.398821375334,1.0,1.0

1.0,1.0,9644.46064093912,11821.539359060895
5362.334218602689,1483.6657813973038,1.0,1.0
198.9704093181845,64.8882438753691,59.33477451956256,40.15399389087989
4886.103242374502,774.4322088833188,835.0128322708215,866.3558538471665

