0,1,2,3,4,5,6,7,8,9,10,11,12,13,14,15,16,17,18,19,20,21,22,23,24,25,26,27,28,29
github Code Version (SHA):,ddb97f21bb9c22f159e8ea0ce9d830001061547e
Environment Observations,Environment Actions,alpha,epsilon,numActions,explore,patience,gainThresh,insertRandActions,useBudd,revisedSplitting,haveControl,confidence_factor
"['square', 'diamond']","['x', 'y']",0.99,0.99,75000,0.5,0,0.01,False,True,False,True,250

Model Num 0
Model States: 
['square'],['diamond']
Iteration: ,0
Error:,0.676188629850491
Absolute Error:,1
Transition Probabilities
0.5,0.5
0.5,0.5

0.5,0.5
0.5,0.5

Transition Gammas
1.0,1.0
1.0,1.0

1.0,1.0
1.0,1.0

Iteration: ,1802
Error:,0.23945257203375414
Absolute Error:,1
Transition Probabilities
0.9863945578231292,0.013605442176870748
0.988,0.012

0.21496815286624205,0.785031847133758
0.07608695652173914,0.9239130434782609


Model Num 1
Model States: 
['diamond'],"['square', 'y', 'diamond']","['square', 'y', 'square']"
Iteration: ,0
Error:,0.6163974252170482
Absolute Error:,1
Transition Probabilities
0.3333333333333333,0.3333333333333333,0.3333333333333333
0.3333333333333333,0.3333333333333333,0.3333333333333333
0.3333333333333333,0.3333333333333333,0.3333333333333333

0.3333333333333333,0.3333333333333333,0.3333333333333333
0.3333333333333333,0.3333333333333333,0.3333333333333333
0.3333333333333333,0.3333333333333333,0.3333333333333333

Transition Gammas
1.0,1.0,1.0
1.0,1.0,1.0
1.0,1.0,1.0

1.0,1.0,1.0
1.0,1.0,1.0
1.0,1.0,1.0

Iteration: ,2500
Error:,0.12537129597439778
Absolute Error:,1
Transition Probabilities
0.016923076923076937,0.9712260077723553,0.011850915304567685
0.015355574320310247,0.9712229213425098,0.01342150433718
0.006899501530872755,0.9723607935881141,0.020739704881013142

0.6712328767123288,0.00599517651674421,0.32277194677092697
0.9974259974259975,0.001287001287001287,0.001287001287001287
0.02564102564102564,0.13435965256890525,0.839999321790069

Transition Gammas
11.0,631.2969050520304,7.703094947968989
6.842354349065729,432.77126867020223,5.980544045887088
1.0,140.93203534156112,3.0059714876807435

294.0,2.6258873143339643,141.374112685666
775.0,1.0,1.0
1.0,5.240026450187305,32.75997354981269

Iteration: ,4077
Error:,0.1266076217638438
Absolute Error:,1
Transition Probabilities
0.01725888324873098,0.9728626353459658,0.009878481405303194
0.014372067696171113,0.9737240289487199,0.011903903355109022
0.018926920748671857,0.9660986774212107,0.01497440183011744

0.6700507614213197,0.0033570149488607475,0.32659222362981954
0.9983525535420099,0.0008237232289950577,0.0008237232289950577
0.015151515151515152,0.1326444392170496,0.8522040456314353


Model Num 2
Model States: 
"['square', 'y', 'diamond']","['square', 'y', 'square']","['diamond', 'y', 'diamond']","['diamond', 'y', 'square', 'y', 'square']"
Iteration: ,0
Error:,0.6758774983195401
Absolute Error:,0.74
Transition Probabilities
0.25,0.25,0.25,0.25
0.25,0.25,0.25,0.25
0.25,0.25,0.25,0.25
0.25,0.25,0.25,0.25

0.25,0.25,0.25,0.25
0.25,0.25,0.25,0.25
0.25,0.25,0.25,0.25
0.25,0.25,0.25,0.25

Transition Gammas
1.0,1.0,1.0,1.0
1.0,1.0,1.0,1.0
1.0,1.0,1.0,1.0
1.0,1.0,1.0,1.0

1.0,1.0,1.0,1.0
1.0,1.0,1.0,1.0
1.0,1.0,1.0,1.0
1.0,1.0,1.0,1.0

Iteration: ,2500
Error:,0.03004882937086401
Absolute Error:,0.040285457142615694
Transition Probabilities
0.9558064950909273,0.023424002288539594,0.014365048682042388,0.006404453938490772
0.9657385143706868,0.0075941661799999475,0.008593970194403385,0.01807334925490995
0.9505022761243466,0.02966809600470538,0.01660649604509141,0.0032231318258566424
0.9516546368317723,0.015653400469700457,0.019664271513885122,0.013027691184642145

0.0014104372355430207,0.0014104372355430207,0.9832878572023163,0.01389126832659766
0.09242524547825672,0.8892261306685322,0.009174311926605503,0.009174311926605503
0.0030581039755351687,0.0030581039755351687,0.02915614977738425,0.9647276422715454
0.04529793849045244,0.9412792427176013,0.006711409395973154,0.006711409395973154

Transition Gammas
442.1232041960829,10.835137656100876,6.6447773522747475,2.962480074109972
137.2966915180639,1.0796441022462493,1.221783802901681,2.569444026954425
367.1412560322416,11.459606467925699,6.414429475276397,1.2449677361400577
168.28854414454761,2.7681134247687598,3.4773871703625394,2.303788683599662

1.0,1.0,697.1510907564411,9.848909243557726
10.074351757129984,96.92564824287003,1.0,1.0
1.0,1.0,9.534060977204648,315.4659390227953
6.749392835077413,140.2506071649226,1.0,1.0

Iteration: ,5000
Error:,0.01915790432401576
Absolute Error:,0.026264340100948035
Transition Probabilities
0.9714183930534313,0.011793129179427408,0.01112328316634422,0.005665194600797089
0.9702597326827589,0.015930480896404864,0.004450424539943796,0.009359361880892593
0.9660619198875451,0.015153512348536537,0.01713026449609154,0.0016543032678267532
0.9638684726848001,0.019333298081824726,0.010104163633236142,0.006694065600139028

0.0006882312456985547,0.0006882312456985547,0.9848914308189867,0.01373210668961627
0.06449115699343617,0.9253047613739108,0.005102040816326531,0.005102040816326531
0.001597444089456868,0.001597444089456868,0.020219548517950547,0.9765855633031357
0.031070974890616696,0.9619360181163762,0.0034965034965034965,0.0034965034965034965

Transition Gammas
896.3484282578867,10.881771314824745,10.26369014064123,5.227395643846153
266.3673129068447,4.373426255623675,1.221783802901681,2.569444026954425
799.975270349977,12.54830036068842,14.185206651166455,1.3698932508121306
331.7190796283225,6.653629647226913,3.4773871703625394,2.303788683599662

1.0,1.0,1431.0472489799877,19.95275102001244
12.640266770713488,181.3597332292865,1.0,1.0
1.0,1.0,12.65743737223705,611.3425626277633
8.886298818716375,275.1137011812836,1.0,1.0

Iteration: ,7500
Error:,0.01487920804397971
Absolute Error:,0.021241782816129023
Transition Probabilities
0.9758843930722372,0.010096953798363884,0.009396707307957603,0.004621945821441224
0.9703104031317861,0.01374922613281502,0.011083535950943342,0.00485683478445561
0.9635260497361533,0.016372032915488555,0.01791575964855703,0.002186157699801248
0.9697356051863496,0.01811720564885602,0.00730655507195358,0.004840634092840876

0.0004789272030651343,0.0004789272030651343,0.986109790465996,0.012932355127873704
0.03959167588192737,0.9562930977806241,0.00205761316872428,0.00205761316872428
0.0009699321047526673,0.0009699321047526673,0.022048342810185653,0.976011792980309
0.027004497535372804,0.969385394161378,0.0018050541516245488,0.0018050541516245488

Transition Gammas
1146.8015563375056,11.865342260242985,11.042454046517491,5.4314370625907475
513.3298496374856,7.2738457308193265,5.863597694908638,2.569444026954425
1029.0796707888605,17.485906320258753,19.134660703899016,2.334893225377824
461.52340178244106,8.62246816259293,3.4773871703625394,2.303788683599662

1.0,1.0,2058.997242492999,27.002757507000283
19.2415544786167,464.75844552138324,1.0,1.0
1.0,1.0,22.73184143730141,1006.2681585626987
14.960491634596533,537.0395083654034,1.0,1.0

Iteration: ,10000
Error:,0.015769025135965578
Absolute Error:,0.021599514500889528
Transition Probabilities
0.9726090347814944,0.011631458070402572,0.010758397624335276,0.005001109523767683
0.9701027339701375,0.015538564240302793,0.010434250625330488,0.003924451164229262
0.9668426397198358,0.01427801874525637,0.017065901656640087,0.0018134398782678615
0.9679918793594476,0.018259394571035006,0.00900896474835092,0.004739761321166405

0.00034940600978336804,0.00034940600978336804,0.9839090465844099,0.015392141396023391
0.041755926038097295,0.9546726453904741,0.0017857142857142854,0.0017857142857142854
0.0006345177664974614,0.0006345177664974614,0.01834543300365239,0.9803855314633527
0.026662343278526377,0.9703790768398168,0.001479289940828401,0.001479289940828401

Transition Gammas
1321.0710002378705,15.798724253824854,14.612867660365016,6.79288442179359
635.1524254019514,10.173517112050687,6.831585315514116,2.569444026954425
1252.0205179775173,18.4894332239098,22.099624234706297,2.348328303319278
875.0658260468157,16.5065147075312,8.14411499460003,4.284749949055186

1.0,1.0,2815.947691324583,44.05230867541897
23.38331858133449,534.6166814186656,1.0,1.0
1.0,1.0,28.912402413756187,1545.087597586245
18.023744056283846,655.9762559437168,1.0,1.0

Iteration: ,12500
Error:,0.015634552594976706
Absolute Error:,0.019584061264953954
Transition Probabilities
0.9689404249545027,0.014381852940618785,0.012076748413396012,0.004600973691482385
0.9732611827637042,0.011753157365462431,0.011976925244704818,0.0030087346261285005
0.9677838446812318,0.01367794062574479,0.01621407830138854,0.0023241363916350474
0.9684397118462139,0.018298689681011712,0.009019411918507523,0.004242186554266924

0.0002944640753828034,0.0002944640753828034,0.9834845077820735,0.015926564067160906
0.028542037790101542,0.9695404166681918,0.0009587727708533074,0.0009587727708533074
0.0005037783375314858,0.0005037783375314858,0.018110487092159334,0.9808819562327776
0.02451810310029266,0.9734431609160172,0.0010193679918450555,0.0010193679918450555

Transition Gammas
1530.0880720984255,22.71089230294809,19.070820270439736,7.265560176939073
922.4670341686183,11.139764339771743,11.351853854449368,2.8517098558106486
1378.2597175994745,19.479302829642478,23.091118025604416,3.3098956801171564
978.1564183740021,18.48228706482252,9.109906946327376,4.284749949055186

1.0,1.0,3339.913388427921,54.08661157207842
29.76934541507592,1011.2306545849245,1.0,1.0
1.0,1.0,35.9493168779363,1947.0506831220648
24.05225914138711,954.9477408586134,1.0,1.0

Iteration: ,12834
Error:,0.016695936081192318
Absolute Error:,0.01977659903360161
Transition Probabilities
0.9676686525234207,0.014118632925109556,0.013551144028145964,0.004661570523323691
0.9727271978312558,0.012101264498186843,0.012320835034285726,0.0028507026362716847
0.9682531826504723,0.013479449977712913,0.015977187114911272,0.002290180256903524
0.9676516172042869,0.019163734335553628,0.00896707706141374,0.004217571398745847

0.0002880184331797236,0.0002880184331797236,0.9835563387703051,0.01586762436333551
0.02861544910663933,0.9695258148338811,0.0009293680297397761,0.0009293680297397761
0.0004889975550122247,0.0004889975550122247,0.0185581407042844,0.9804638641856911
0.02327977786383133,0.9747859861593796,0.0009671179883945835,0.0009671179883945835

*,*,*,*,*,*,*,*,*,*,*
Model Num 2
Model States: 
"['square', 'y', 'diamond']","['square', 'y', 'square']","['diamond', 'y', 'diamond']","['diamond', 'y', 'square', 'y', 'square']"
Iteration: ,12834
Error:,0.01639203517221998
Absolute Error:,0.01977659903360161
Transition Probabilities
0.9676686525234207,0.014118632925109556,0.013551144028145964,0.004661570523323691
0.9727271978312558,0.012101264498186843,0.012320835034285726,0.0028507026362716847
0.9682531826504723,0.013479449977712913,0.015977187114911272,0.002290180256903524
0.9676516172042869,0.019163734335553628,0.00896707706141374,0.004217571398745847

0.0002880184331797236,0.0002880184331797236,0.9835563387703051,0.01586762436333551
0.02861544910663933,0.9695258148338811,0.0009293680297397761,0.0009293680297397761
0.0004889975550122247,0.0004889975550122247,0.0185581407042844,0.9804638641856911
0.02327977786383133,0.9747859861593796,0.0009671179883945835,0.0009671179883945835

Transition Gammas
1556.7143246974927,22.713020683628844,21.800086186157746,7.499192611357161
973.0708849725489,12.105540156367972,12.325188271843716,2.8517098558106486
1399.3732662980915,19.481249616530402,23.091118025604416,3.3098956801171564
983.0646183612091,19.468979171849377,9.109906946327376,4.284749949055186

1.0,1.0,3414.907608210498,55.09239178950087
30.790223238743945,1043.209776761257,1.0,1.0
1.0,1.0,37.95139774026162,2005.0486022597395
24.07129031120161,1007.9287096887991,1.0,1.0

