0,1,2,3,4,5,6,7,8,9,10,11,12,13,14,15,16,17,18,19,20,21,22,23,24,25,26,27,28,29
github Code Version (SHA):,528ca1c557fe8e6666681dc5c9134b0f84d30530
Environment Observations,Environment Actions,alpha,epsilon,numActions,explore,patience,gainThresh,insertRandActions,useUpdatedPosterior,revisedSplitting,haveControl,confidence_factor
"['diamond', 'square']","['x', 'y']",0.95,0.99,75000,0.5,0,0.01,False,True,False,True,250

Model Num 0
Model States: 
['diamond'],['square']
Iteration: ,0
Error:,0.6234470415785864
Absolute Error:,1
Transition Probabilities
0.5,0.5
0.5,0.5

0.5,0.5
0.5,0.5

Transition Gammas
1.0,1.0
1.0,1.0

1.0,1.0
1.0,1.0

Iteration: ,2475
Error:,0.13272552416742323
Absolute Error:,1
Transition Probabilities
0.46577946768060835,0.5342205323193916
0.05483405483405483,0.9451659451659452

0.052,0.948
0.9409448818897638,0.05905511811023622


Model Num 1
Model States: 
['square'],"['diamond', 'x', 'square']","['diamond', 'x', 'diamond']"
Iteration: ,0
Error:,0.6749687444253741
Absolute Error:,1
Transition Probabilities
0.3333333333333333,0.3333333333333333,0.3333333333333333
0.3333333333333333,0.3333333333333333,0.3333333333333333
0.3333333333333333,0.3333333333333333,0.3333333333333333

0.3333333333333333,0.3333333333333333,0.3333333333333333
0.3333333333333333,0.3333333333333333,0.3333333333333333
0.3333333333333333,0.3333333333333333,0.3333333333333333

Transition Gammas
1.0,1.0,1.0
1.0,1.0,1.0
1.0,1.0,1.0

1.0,1.0,1.0
1.0,1.0,1.0
1.0,1.0,1.0

Iteration: ,2500
Error:,0.09340384507686025
Absolute Error:,1
Transition Probabilities
0.9631336405529954,0.02271338605924372,0.014152973387760882
0.9957983193277311,0.0021008403361344537,0.0021008403361344537
0.0030303030303030294,0.9047807846145575,0.09218891235513951

0.04468412942989214,0.31782915407218804,0.6374867164979198
0.8784982449772956,0.061723940204289104,0.05977781481841534
0.9493309274558103,0.02809460731128904,0.022574465232900704

Transition Gammas
836.0,19.71521909942355,12.284780900576445
474.0,1.0,1.0
1.0,298.57765892280406,30.422341077196048

29.0,206.27112099285003,413.72887900714994
34.31053055187113,2.41068340007425,2.3346757416736126
108.38185412587772,3.2074649031990834,2.5772492258299784

Iteration: ,2891
Error:,0.09552924052869549
Absolute Error:,1
Transition Probabilities
0.9629225736095965,0.022590206215292858,0.014487220175110628
0.9966101694915255,0.001694915254237288,0.001694915254237288
0.0025839793281653744,0.8872956284376692,0.1101203922341654

0.04654088050314465,0.367801490552456,0.5856576289443993
0.9094529444408095,0.0459986857141738,0.044548369845016735
0.9521472875084809,0.026533013112816688,0.02131969937870247


Model Num 2
Model States: 
"['diamond', 'x', 'square']","['diamond', 'x', 'diamond']","['square', 'y', 'diamond', 'x', 'diamond']","['square', 'y', 'diamond', 'x', 'square']"
Iteration: ,0
Error:,0.6231224623439583
Absolute Error:,0.7
Transition Probabilities
0.25,0.25,0.25,0.25
0.25,0.25,0.25,0.25
0.25,0.25,0.25,0.25
0.25,0.25,0.25,0.25

0.25,0.25,0.25,0.25
0.25,0.25,0.25,0.25
0.25,0.25,0.25,0.25
0.25,0.25,0.25,0.25

Transition Gammas
1.0,1.0,1.0,1.0
1.0,1.0,1.0,1.0
1.0,1.0,1.0,1.0
1.0,1.0,1.0,1.0

1.0,1.0,1.0,1.0
1.0,1.0,1.0,1.0
1.0,1.0,1.0,1.0
1.0,1.0,1.0,1.0

Iteration: ,2500
Error:,0.02761417778117396
Absolute Error:,0.04437770221799141
Transition Probabilities
0.002169197396963125,0.002169197396963125,0.024792878686207834,0.970868726519866
0.9261768836319249,0.06873405784390216,0.0025445292620865124,0.0025445292620865124
0.03679247764411522,0.01953615656503749,0.8965987641249759,0.04707260166587142
0.02461239256855114,0.024335945892382842,0.9076301000848613,0.04342156145420474

0.027555324881730566,0.01842320645460487,0.026381748543873085,0.9276397201197915
0.03287517272861111,0.03287517272861111,0.8217831741236947,0.11246648041908301
0.002866228586275447,0.9593088960844101,0.015873159120210725,0.02195171620910379
0.9515877480682313,0.0036495658129017112,0.019236656252099634,0.02552602986676736

Transition Gammas
1.0,1.0,11.429517074341804,447.5704829256579
363.9875152673467,27.01248473265356,1.0,1.0
8.565191996661706,4.547965849838683,208.72583338861733,10.958377822512697
9.011833097980748,8.91061208506291,332.32896614527834,15.898814533740492

6.688470163339719,4.471842274172221,6.403609420312679,225.16484987856802
1.0,1.0,24.99707548026054,3.421015650549083
1.1212845108164138,375.2869577180576,6.20966783474336,8.5876330621246
317.1972404778021,1.2165270172347198,6.412245524990246,8.508712150329204

Iteration: ,5000
Error:,0.03229605263347383
Absolute Error:,0.04256488661807508
Transition Probabilities
0.0010729613733905584,0.0010729613733905584,0.0373401433503202,0.9605139339028986
0.94577269325433,0.05161634068822867,0.001305483028720626,0.001305483028720626
0.03574448009816477,0.017399152882138634,0.9010968878531679,0.04575947916652878
0.03552294217432541,0.023062316158807508,0.8938373413058497,0.047577400361017326

0.03254243444583114,0.02267045600717338,0.017427031057211863,0.9273600784897836
0.05133820308572051,0.01764023194263657,0.8538341339015504,0.07718743107009256
0.0014467263679791786,0.9628972905234606,0.012554924507280001,0.023101058601280266
0.9336443234411332,0.00184357579676948,0.027043197392128265,0.037468903369969

Transition Gammas
1.0,1.0,34.801013602498415,895.1989863975011
724.4618830328171,39.53811696718318,1.0,1.0
16.888089471232263,8.22052663209088,425.7385985897881,21.619846650420413
26.196668461919405,17.007483428917865,659.1672608131174,35.0863218880108

15.498087769931333,10.796632856966536,8.299491463785929,441.64820903883685
2.9102907066451715,1.0,48.4026591417898,4.375647175223925
1.1241700831442762,748.2135883506174,9.755729099576484,17.950539606737706
623.9463408918442,1.2320455913140993,18.072732447666596,25.040140627381298

Iteration: ,7500
Error:,0.02463175498178004
Absolute Error:,0.032945359515567416
Transition Probabilities
0.0007485029940119759,0.0007485029940119759,0.034637115680005694,0.9638658783319703
0.9543580978476571,0.04384978745700225,0.0008960573476702504,0.0008960573476702504
0.03108600052439309,0.011611109783650717,0.9205195661801547,0.03678332351180133
0.033061282042816824,0.01852168038092367,0.9052827903899059,0.043134247186353655

0.027846931645768448,0.01921616606376755,0.017902119020870924,0.935034783269593
0.025358673480048024,0.025221042833018053,0.8885088200967957,0.060911463590138167
0.0009509243982419541,0.9624441822865192,0.011113899636773167,0.025490993678465825
0.9422465940550113,0.0012128487153028782,0.02417813617708709,0.032362421052598705

Transition Gammas
1.0,1.0,46.27518654848761,1287.7248134515125
1065.063637197986,48.93636280201454,1.0,1.0
22.41789064906659,8.373434505990407,663.8392403924664,26.526555693445914
35.32043836396698,19.78731101365885,967.1429244188631,46.08171326050356

21.143348595823564,14.5902644833479,13.59254756958888,709.944155549127
2.9102907066451715,2.894495511627734,101.9698038990277,6.9905102313024905
1.1274151477720074,1141.0729938162524,13.17662983984952,30.222100156431672
965.5770262091235,1.2428793727168799,24.776797259283036,33.16372855901394

Iteration: ,10000
Error:,0.031902790408347946
Absolute Error:,0.03735038186310497
Transition Probabilities
0.0005861664712778434,0.0005861664712778434,0.032609328382759706,0.9662183386746845
0.953904143045651,0.0447050363702044,0.0006954102920723222,0.0006954102920723222
0.03773898450990345,0.016433541253920107,0.9112686184334662,0.03455885580271027
0.03195069042558975,0.019494640931855177,0.9134817175021086,0.03507295114044654

0.030531140661414408,0.025625448007426204,0.021483540726451235,0.9223598706047081
0.05288195197807423,0.019163590635335515,0.8683759348053391,0.05957852258125115
0.0007235211693955482,0.966056405642417,0.009162239595644035,0.0240578335925433
0.9392786562361235,0.0008830253010878874,0.02492162672487357,0.034916691737915104

Transition Gammas
1.0,1.0,55.631514220988,1648.3684857790104
1371.7141576996469,64.28584230035396,1.0,1.0
37.48091808058094,16.32116554038149,905.0371884793543,34.32253570469236
43.29103397021234,26.413925695393072,1237.706213443172,47.52148698610299

33.127327752864026,27.80448409609657,23.310373589696802,1000.7918825721296
10.639064004152589,3.855430060585642,174.7043519477187,11.986314636751505
1.1308254239433606,1509.895205107052,14.320097204164211,37.60112491825867
1332.1034091213887,1.252323797746249,35.34433972351349,49.51953692390154

Iteration: ,12500
Error:,0.029365424836037407
Absolute Error:,0.03352892639468677
Transition Probabilities
0.0004995004995005002,0.0004995004995005002,0.031925315624122215,0.9670756833768768
0.9529330361120225,0.04594147148505119,0.0005627462014631404,0.0005627462014631404
0.03517738659338159,0.016216695839747854,0.9163098894934503,0.03229602807342031
0.03299229677905707,0.018709974647897032,0.920140681761785,0.02815704681126096

0.029049762653199817,0.026200148055286813,0.019746480027509134,0.9250036092640043
0.03169571868908326,0.020294490338356164,0.8879646673072145,0.060045123665346034
0.0005126838895103088,0.9650833058771219,0.008999393814841255,0.025404616418526663
0.9370508680250813,0.0007789393782771062,0.025843750265776476,0.03632644233086514

Transition Gammas
1.0,1.0,63.9144818794926,1936.085518120505
1693.3620051710634,81.63799482893593,1.0,1.0
37.48091808058094,17.27861865729514,976.3128882061928,34.41087868579056
56.129397440370575,31.83105468964214,1565.4242677777236,47.90324486349854

38.025594103035885,34.295502076332525,25.847771751314433,1210.8123639296534
16.46580199941342,10.542908424584025,461.29417470478217,31.19320710163953
1.138142601319213,2142.4555105288655,19.978379848258346,56.397473780024704
1510.6761291042671,1.2557750757571966,41.664265991582845,58.56404508773357

Iteration: ,15000
Error:,0.027661587233726026
Absolute Error:,0.031453901751853516
Transition Probabilities
0.0004359197907585011,0.0004359197907585011,0.029284584805838645,0.9698435756126444
0.9523654512875337,0.046681714029283956,0.000476417341591234,0.000476417341591234
0.03434410557863548,0.016728620412811302,0.9188760618878237,0.030051212120729545
0.030253229422112254,0.019537736862624566,0.926649962899035,0.023559070816228114

0.026155435204441205,0.024272406374598095,0.018237607051029923,0.9313345513699307
0.026489489919669523,0.015937319773352047,0.8894228677143375,0.06815032259264099
0.00039825818358186544,0.9641099924408982,0.009782402131064764,0.02570934724445523
0.9367866479215027,0.0006893731731774253,0.02547622978715297,0.03704774911816685

Transition Gammas
1.0,1.0,67.17883754459375,2224.821162455403
1999.0150822525327,97.98491774746701,1.0,1.0
39.429741627205786,19.20577547569247,1054.9421828646944,34.501161394106056
61.84240981107872,39.93823974892159,1894.219818897666,48.15848555726455

40.13184764367688,37.24260395427793,27.98305062929718,1429.0022715631865
22.303916611501446,13.419082523432444,748.8862010563984,57.38196985909161
1.1430334920571215,2767.074367375447,28.07629253971,73.78792494617531
1711.2062977663354,1.2592618800339919,46.53683413597445,67.67425832737376

Iteration: ,16255
Error:,0.02636075895039338
Absolute Error:,0.03135104241740315
Transition Probabilities
0.0004081632653061233,0.0004081632653061233,0.027467090258733902,0.9717165832106538
0.952182816282892,0.046933010419141524,0.0004420866489832012,0.0004420866489832012
0.03294504876589097,0.01685783822692458,0.9213310742020071,0.028866038805177494
0.031047981068804083,0.01977739158593931,0.9274935106032529,0.021681116742003747

0.025160232118182888,0.02388902257737792,0.01776427650791994,0.9331864687965193
0.023264542298965008,0.018222625759129658,0.8841817503631783,0.07433108157872695
0.0003589872639971762,0.9643082604496894,0.009704249729197633,0.025628502557115598
0.9372478261342213,0.0006539604064889645,0.024528569803080748,0.03756964365620905

*,*,*,*,*,*,*,*,*,*,*
Model Num 2
Model States: 
"['diamond', 'x', 'square']","['diamond', 'x', 'diamond']","['square', 'y', 'diamond', 'x', 'diamond']","['square', 'y', 'diamond', 'x', 'square']"
Iteration: ,16255
Error:,0.026525932741039954
Absolute Error:,0.03135104241740315
Transition Probabilities
0.0004081632653061233,0.0004081632653061233,0.027467090258733902,0.9717165832106538
0.952182816282892,0.046933010419141524,0.0004420866489832012,0.0004420866489832012
0.03294504876589097,0.01685783822692458,0.9213310742020071,0.028866038805177494
0.031047981068804083,0.01977739158593931,0.9274935106032529,0.021681116742003747

0.025160232118182888,0.02388902257737792,0.01776427650791994,0.9331864687965193
0.023264542298965008,0.018222625759129658,0.8841817503631783,0.07433108157872695
0.0003589872639971762,0.9643082604496894,0.009704249729197633,0.025628502557115598
0.9372478261342213,0.0006539604064889645,0.024528569803080748,0.03756964365620905

Transition Gammas
1.0,1.0,67.29437113389793,2380.705628866097
2153.8375304318993,106.162469568098,1.0,1.0
39.429741627205786,20.176027372254303,1102.679995013771,34.54784541303937
69.10616411644844,44.02024291706491,2064.402146427815,48.25752787211748

41.17074866642376,39.09061489575721,29.068434659626202,1527.012365595924
23.27928885533738,18.234176426001,884.7422013644315,74.37819737712238
1.144727541017601,3074.956508140123,30.944612926470025,81.72338033808633
1806.8526917054062,1.2607232450002304,47.28686600979482,72.42781457986855

