0,1,2,3,4,5,6,7,8,9,10,11,12,13,14,15,16,17,18,19,20,21,22,23,24,25,26,27,28,29
github Code Version (SHA):,528ca1c557fe8e6666681dc5c9134b0f84d30530
Environment Observations,Environment Actions,alpha,epsilon,numActions,explore,patience,gainThresh,insertRandActions,useUpdatedPosterior,revisedSplitting,haveControl,confidence_factor
"['rose', 'volcano', 'nothing']","['b', 'f', 't']",0.85,0.99,75000,0.5,0,0.01,False,True,False,True,250

Model Num 0
Model States: 
['rose'],['volcano'],['nothing']
Iteration: ,0
Error:,0.6156903534484057
Absolute Error:,1
Transition Probabilities
0.3333333333333333,0.3333333333333333,0.3333333333333333
0.3333333333333333,0.3333333333333333,0.3333333333333333
0.3333333333333333,0.3333333333333333,0.3333333333333333

0.3333333333333333,0.3333333333333333,0.3333333333333333
0.3333333333333333,0.3333333333333333,0.3333333333333333
0.3333333333333333,0.3333333333333333,0.3333333333333333

0.3333333333333333,0.3333333333333333,0.3333333333333333
0.3333333333333333,0.3333333333333333,0.3333333333333333
0.3333333333333333,0.3333333333333333,0.3333333333333333

Transition Gammas
1.0,1.0,1.0
1.0,1.0,1.0
1.0,1.0,1.0

1.0,1.0,1.0
1.0,1.0,1.0
1.0,1.0,1.0

1.0,1.0,1.0
1.0,1.0,1.0
1.0,1.0,1.0

Iteration: ,2500
Error:,0.1624355195565767
Absolute Error:,1
Transition Probabilities
0.08139534883720931,0.05813953488372093,0.8604651162790697
0.06925207756232687,0.04709141274238227,0.8836565096952909
0.45428156748911463,0.4513788098693759,0.09433962264150944

0.0728476821192053,0.06622516556291391,0.8609271523178808
0.03007518796992481,0.08270676691729323,0.8872180451127819
0.43309859154929575,0.45422535211267606,0.11267605633802817

0.7808219178082192,0.0684931506849315,0.1506849315068493
0.06716417910447761,0.7761194029850746,0.15671641791044777
0.04946996466431095,0.05653710247349823,0.8939929328621908

Transition Gammas
28.0,20.0,296.0
25.0,17.0,319.0
313.0,311.0,65.0

11.0,10.0,130.0
4.0,11.0,118.0
123.0,129.0,32.0

114.0,10.0,22.0
9.0,104.0,21.0
14.0,16.0,253.0

Iteration: ,5000
Error:,0.15710932507323114
Absolute Error:,1
Transition Probabilities
0.06446991404011461,0.055873925501432664,0.8796561604584527
0.06140350877192982,0.04678362573099415,0.8918128654970761
0.45111326234269117,0.45014520813165537,0.09874152952565343

0.06382978723404255,0.05319148936170213,0.8829787234042553
0.046153846153846156,0.05,0.9038461538461539
0.44786729857819907,0.44786729857819907,0.10426540284360189

0.8284671532846716,0.05474452554744526,0.11678832116788321
0.06882591093117409,0.7813765182186235,0.14979757085020243
0.06970128022759602,0.059743954480796585,0.8705547652916074

Transition Gammas
45.0,39.0,614.0
42.0,32.0,610.0
466.0,465.0,102.0

18.0,15.0,249.0
12.0,13.0,235.0
378.0,378.0,88.0

227.0,15.0,32.0
17.0,193.0,37.0
49.0,42.0,612.0

Iteration: ,5167
Error:,0.15316763002998968
Absolute Error:,1
Transition Probabilities
0.0651872399445215,0.056865464632454926,0.8779472954230236
0.06258890469416785,0.04551920341394026,0.8918918918918919
0.4531693472090823,0.44843897824030277,0.09839167455061495

0.06802721088435375,0.05442176870748299,0.8775510204081632
0.04924242424242424,0.04924242424242424,0.9015151515151515
0.45276497695852536,0.44585253456221197,0.10138248847926268

0.823321554770318,0.053003533568904596,0.12367491166077739
0.07142857142857142,0.7817460317460317,0.14682539682539683
0.068,0.06,0.872


Model Num 1
Model States: 
['rose'],['volcano'],"['nothing', 'b', 'rose']","['nothing', 'b', 'volcano']"
Iteration: ,0
Error:,0.5780973882485828
Absolute Error:,0.6
Transition Probabilities
0.25,0.25,0.25,0.25
0.25,0.25,0.25,0.25
0.25,0.25,0.25,0.25
0.25,0.25,0.25,0.25

0.25,0.25,0.25,0.25
0.25,0.25,0.25,0.25
0.25,0.25,0.25,0.25
0.25,0.25,0.25,0.25

0.25,0.25,0.25,0.25
0.25,0.25,0.25,0.25
0.25,0.25,0.25,0.25
0.25,0.25,0.25,0.25

Transition Gammas
1.0,1.0,1.0,1.0
1.0,1.0,1.0,1.0
1.0,1.0,1.0,1.0
1.0,1.0,1.0,1.0

1.0,1.0,1.0,1.0
1.0,1.0,1.0,1.0
1.0,1.0,1.0,1.0
1.0,1.0,1.0,1.0

1.0,1.0,1.0,1.0
1.0,1.0,1.0,1.0
1.0,1.0,1.0,1.0
1.0,1.0,1.0,1.0

Iteration: ,2500
Error:,0.08555739991773126
Absolute Error:,0.12068353774404622
Transition Probabilities
0.07894736842105264,0.04093567251461989,0.10564454728999581,0.7744724117743317
0.057575757575757586,0.060606060606060615,0.7997448816469725,0.08207330017120926
0.9237551032759735,0.002450278788530434,0.05330204456487436,0.02049257337062171
0.0024844482112614434,0.9068235971104268,0.0639181451744543,0.026773809503857333

0.0426829268292683,0.04878048780487806,0.845215103483682,0.06332148188217165
0.06134969325153376,0.036809815950920255,0.06999668050052782,0.8318438102970181
0.1029491598928897,0.7116916828179358,0.09758479244704105,0.08777436484213336
0.6413112486993955,0.17729396637545564,0.06299124458706815,0.11840354033808057

0.825503355704698,0.053691275167785234,0.0393380793822569,0.08146728974525988
0.052941176470588235,0.8235294117647058,0.0604613970300698,0.06306801473463608
0.061953127111761076,0.07156385844575175,0.19809416202214408,0.6683888524203431
0.034729168382181055,0.07533062846785289,0.33461952772396697,0.5553206754259992

Transition Gammas
27.0,14.0,36.13043517317856,264.8695648268214
19.0,20.0,263.9158109435009,27.08418905649905
377.0,1.0,21.75346120383408,8.363363983945773
1.0,365.0,25.727300285322013,10.776561726059612

7.0,8.0,138.61527697132382,10.384723028676149
10.0,6.0,11.40945892158603,135.5905410784139
7.901012101601195,54.620014426575175,7.489314403910579,6.7363960963799165
53.167238647712495,14.698370939540093,5.222223281548744,9.816121732864774

123.0,8.0,5.861373827956278,12.138626172043722
9.0,140.0,10.278437495111866,10.721562504888134
4.4004746083609145,5.083116166174644,14.070449236088592,47.47505591253444
3.2545655903693187,7.059439737064399,31.358113410939712,52.04062308585007

Iteration: ,5000
Error:,0.066040198637305
Absolute Error:,0.0900907464251489
Transition Probabilities
0.0687593423019432,0.05082212257100149,0.09192734924000957,0.7884911858870458
0.05766312594840671,0.06525037936267075,0.7952512397743773,0.08183525491454531
0.9087054957960217,0.0012213783545645452,0.06511396399151653,0.024959161857897316
0.0012620755161017007,0.9036460695288178,0.060917444882047964,0.03417441007303251

0.05588235294117648,0.0411764705882353,0.844578111172623,0.05836306529796521
0.055214723926380375,0.04601226993865031,0.05786546551793258,0.8409075406170368
0.09470934697288332,0.7873091603470236,0.059401685925608974,0.05857980675448401
0.7328148956926774,0.13092691503439566,0.04939123855856095,0.08686695071436602

0.7827586206896552,0.06896551724137931,0.04835057181121888,0.09992529025774666
0.057926829268292686,0.8262195121951219,0.05698568694159175,0.058867971594993615
0.0633682538020139,0.06285184629001016,0.14751742091611675,0.7262624789918593
0.03283373847981023,0.07062948240046966,0.46493698235272113,0.431599796766999

Transition Gammas
46.0,34.0,61.499396641566406,527.5006033584336
38.0,43.0,524.0705670113143,53.929432988685335
744.0,1.0,53.31186994445422,20.435241679713524
1.0,716.0,48.26767028189389,27.077943939987396

19.0,14.0,287.1565577986918,19.843442201308168
18.0,15.0,18.864141758846017,274.1358582411539
13.864453716319423,115.2537923969734,8.695782956066092,8.575468477161158
133.22069443165776,23.801610260924082,8.978986560298587,15.7918125918958

227.0,20.0,14.021665825253475,28.978334174746532
19.0,271.0,18.691305316842094,19.308694683157906
9.173616155465615,9.098857518282358,21.35561759294844,105.13865872340779
5.983642118594912,12.871563375760037,84.73042178272966,78.65503113207917

Iteration: ,7500
Error:,0.05904936010369146
Absolute Error:,0.07529207048354182
Transition Probabilities
0.07369498464687818,0.05117707267144318,0.07851174449608796,0.7966161981855907
0.05714285714285717,0.05816326530612247,0.8008540382344879,0.08383983931653242
0.9044599708450809,0.0008755662834899138,0.06973152671842023,0.02493293615300904
0.0008931844689522874,0.9039026825797148,0.05927121504900047,0.03593291790233258

0.056751467710371775,0.04305283757338549,0.8527958187677194,0.04739987594852334
0.04251012145748988,0.05668016194331984,0.05324159157171392,0.8475681250274764
0.08253987605027009,0.8071775763303299,0.0570888544427674,0.053193693176632355
0.7697082626347774,0.10883087730472159,0.044348217836266586,0.07711264222423453

0.8066666666666665,0.05777777777777777,0.04205065484204693,0.09350490071350864
0.05765407554671968,0.8349900596421471,0.04811949656066365,0.05923636825046955
0.06297128185931514,0.07516447591511084,0.10632312085072736,0.7555411213748466
0.030115397165551557,0.07503239534088585,0.5171418999094644,0.3777103075840983

Transition Gammas
72.0,50.0,76.70597437267796,778.2940256273223
56.0,57.0,784.8369574697978,82.16304253020174
1033.0,1.0,79.64163083173761,28.476354815341924
1.0,1012.0,66.35943313985977,40.23011947854644

29.0,22.0,435.7786633903049,24.221336609695445
21.0,28.0,26.301346236426674,418.6986537635733
23.304757547813992,227.902907231818,16.11877767614826,15.018996658042207
246.28080618505464,34.822227461460244,14.189941009855888,24.673456965415827

363.0,26.0,18.92279467892112,42.07720532107889
29.0,420.0,24.204106770013816,29.795893229986184
14.522843525294832,17.33491665001686,24.520924485638524,174.24777070866543
8.58092090385326,21.379331180904163,147.3516591794296,107.62276373551101

Iteration: ,10000
Error:,0.052611146696667825
Absolute Error:,0.06529561847350769
Transition Probabilities
0.0709342560553633,0.05363321799307957,0.06981785701918712,0.80561466893237
0.053097345132743404,0.060176991150442526,0.808827376518398,0.0778982871984161
0.9072919522459763,0.0006796194398846264,0.06683374172192508,0.02519468659221411
0.0007198336414949018,0.9098697228495559,0.05629508009209184,0.0331153634168573

0.05915813424345847,0.0477815699658703,0.8467457164450369,0.046314579345634294
0.0526976160602258,0.057716436637390164,0.05486541748085511,0.8347205298215289
0.07988379553137355,0.8137584687940296,0.057173744031440356,0.04918399164315647
0.7959190032529626,0.0961644782188022,0.04208307410329252,0.06583344442494264

0.8155339805825242,0.059870550161812294,0.04130430483834717,0.0832911644173163
0.06269113149847094,0.8241590214067278,0.052923581611505316,0.06022626548329589
0.06439126115483579,0.059695005307864465,0.08503225305764876,0.790881480479651
0.03726185499990989,0.07081332973491208,0.5566534540980168,0.3352713611671612

Transition Gammas
82.0,62.0,80.70944271418034,931.2905572858201
60.0,68.0,913.974935465789,88.02506453421012
1335.0,1.0,98.3399499774034,37.071756800381124
1.0,1264.0,78.20568093369744,46.00418972929016

52.0,42.0,744.2894847551876,40.71051524481255
42.0,46.0,43.727737732241565,665.2722622677591
34.361505509865026,350.03301887657045,24.59292159927958,21.156180532004537
408.1917414742419,49.31851818044723,21.58255203683454,33.76306912793269

504.0,37.0,25.52606039009855,51.47393960990147
41.0,539.0,34.612022373924475,39.38797762607551
20.699288362722626,19.189624593786164,27.33456519728517,254.2376641112867
13.72501725542325,26.083354479480292,205.03751793368073,123.49372346813267

Iteration: ,12500
Error:,0.04414589655787621
Absolute Error:,0.055720420025910745
Transition Probabilities
0.06801195814648726,0.05306427503736918,0.06554781300868928,0.8133759538074543
0.05369649805447475,0.0599221789883269,0.8140380653081681,0.07234325764903021
0.9082571105917187,0.0005788764248513184,0.06417652019469942,0.026987492788730694
0.0006099344304072993,0.906972498015654,0.05769609800487208,0.03472146954906663

0.059555555555555556,0.04711111111111111,0.8497325742846967,0.04360075904863649
0.04910292728989608,0.061378659112370094,0.05309022796788349,0.8364281856298503
0.07440089881733589,0.8208233899652605,0.05374020392396493,0.051035507293438837
0.8038078941017474,0.08684182611088202,0.04015544647186196,0.0691948333155087

0.8266522210184182,0.06067172264355363,0.0421795313307889,0.0704965250072393
0.060267857142857144,0.8337053571428571,0.04901444023918004,0.057012345475105655
0.06240267740386819,0.052345795940980135,0.075013809539175,0.8102377171159767
0.0362817885868852,0.06269671786427401,0.602209824043226,0.2988116695056149

Transition Gammas
91.0,71.0,87.7029738056263,1088.2970261943744
69.0,77.0,1046.0389139209951,92.96108607900373
1569.0,1.0,110.863938207853,46.620473092616095
1.0,1487.0,94.59393523061821,56.92656098440038

67.0,53.0,955.9491460702839,49.05085392971605
52.0,65.0,56.222551417988676,885.7774485820124
43.39860135094915,478.79242921641594,31.347063324340354,29.769393528554133
559.7290039097311,60.472022212552694,27.962114107330162,48.183596368720174

763.0,56.0,38.931707418318155,65.06829258168187
54.0,747.0,43.91693845430532,51.08306154569467
25.799624679996338,21.6417298910519,31.013543207482275,334.98288651751767
17.220614902211977,29.75807081251689,285.82999554563946,141.82654409444572

Iteration: ,15000
Error:,0.03976334650495914
Absolute Error:,0.04873922722390004
Transition Probabilities
0.062189054726368195,0.052860696517412965,0.05777383832008001,0.8271764104361389
0.054982817869415834,0.05567010309278353,0.8227231531457668,0.06662392589203378
0.9075909450729731,0.0005255303677318895,0.06313362874991196,0.02874989580938305
0.0005534374282782829,0.9076373823763839,0.05658720496391995,0.035221975231417804

0.06254653760238273,0.049143708116157855,0.8477590260459267,0.040550728235532706
0.05157813702848342,0.05850654349499612,0.04455263703803647,0.845362682438484
0.07057147731948533,0.8208874712027925,0.05363869391886058,0.05490235755886171
0.8057490454853461,0.08434088808386364,0.04600977836696202,0.0639002880638283

0.827526132404181,0.060104529616724724,0.04165496460026535,0.07071437337882876
0.05919854280510018,0.8378870673952641,0.04401044437442035,0.05890394542521534
0.060352420351819154,0.04483670807265243,0.06681173974488658,0.8279991318306418
0.03563610196814309,0.0578411334043155,0.6406132433196762,0.26590952130786527

Transition Gammas
100.0,85.0,92.9003320186886,1330.0996679813106
80.0,81.0,1197.0621878270902,96.9378121729091
1727.0,1.0,120.13316951099756,54.70644053066487
1.0,1640.0,102.24679805260011,63.642199518365906

84.0,66.0,1138.5403719796795,54.45962802032042
67.0,76.0,57.873875512409406,1098.1261244875914
56.3104121305816,655.0027514231621,42.79940105325242,43.80770388416464
823.4987670060575,86.19882050672655,47.0233206824249,65.30793765966865

950.0,69.0,47.819899361104625,81.18010063889542
65.0,920.0,48.32346792311355,64.67653207688645
30.391163015118526,22.578045688207233,33.64382840114743,416.9485903821446
21.257422887312632,34.503028253655785,382.1345733221015,158.61867129174965

Iteration: ,17500
Error:,0.03793618511213938
Absolute Error:,0.04351514408793138
Transition Probabilities
0.06141304347826092,0.05434782608695656,0.05142802167327868,0.8328111087615039
0.05687203791469197,0.056279620853080595,0.8258841742827467,0.06096416694948069
0.9086935303277487,0.0004458751375504164,0.06213958897117359,0.0287210055635273
0.0005024604199181891,0.9099558204718404,0.05653612265257519,0.03300559645566619

0.061263560944479836,0.0491384811742182,0.8533474149096582,0.03625054297164378
0.0509138381201044,0.06396866840731066,0.040018686106720804,0.8450988073658641
0.06949842108273792,0.817392588542194,0.05521360579293441,0.057895384582133794
0.8045258768557737,0.08468116020669969,0.04669362307136455,0.06409933986616193

0.830575256107171,0.0591016548463357,0.040920867940192965,0.0694022211063004
0.057211925866236905,0.8420628525382756,0.04220232375359782,0.05852289784188967
0.0588688097507449,0.05062318480922864,0.06278235997495338,0.8277256454650731
0.04072040951301919,0.059160759090936696,0.6931220889188018,0.20699674247724237

Transition Gammas
113.0,100.0,94.6275598788327,1532.372440121166
96.0,95.0,1394.0924861892759,102.90751381072336
2038.0,1.0,139.365449512527,64.41490710003926
1.0,1811.0,112.51855949525425,65.68795301536424

96.0,77.0,1337.1953991634357,56.80460083656587
78.0,98.0,61.30862711549632,1294.6913728845047
71.96429667084571,846.3945197887597,57.172641416119546,59.9495724799457
874.0795875303644,92.0021042385115,50.73042890058997,69.64092288758974

1054.0,75.0,51.92858141610487,88.07141858389521
71.0,1045.0,52.3730837782149,72.62691622178508
36.02977450938519,30.983163093430175,38.425004389289484,506.59710104576277
36.70990862863632,53.33409183752646,624.8573837294936,186.60989890918017

Iteration: ,20000
Error:,0.03678724772144834
Absolute Error:,0.04291276262516841
Transition Probabilities
0.06348400203148807,0.055358049771457606,0.0507392994720389,0.8304186487250155
0.05728643216080404,0.054773869346733686,0.8336263960106246,0.05431330248183771
0.9110161797348246,0.00040310450430744454,0.06062182962132015,0.02795888613954777
0.00041753016442933126,0.9039528059895022,0.061154503457004995,0.034475160389063474

0.060975609756097504,0.04711751662971171,0.8591363813133301,0.03277049230086063
0.05116279069767434,0.06453488372093014,0.036376011862140824,0.8479263137192548
0.06964888138920644,0.819619910112519,0.053978840460136616,0.056752368038137845
0.8076171142229892,0.08444387157376168,0.04576695881781435,0.062172055385434896

0.8263736263736263,0.060073260073260075,0.042479489154461335,0.0710736243986523
0.057163531114327065,0.8408104196816208,0.041958676355685856,0.060067372848366246
0.05722401789821897,0.050569546054531234,0.07118120560827547,0.8210252304389744
0.03800578652324338,0.06236532753076933,0.7098995763720884,0.18972930957389894

Transition Gammas
125.0,109.0,99.90568066044457,1635.094319339555
114.0,109.0,1658.9165280611423,108.083471938857
2260.0,1.0,150.3873783932823,69.35890281747821
1.0,2165.0,146.46727031228818,82.569268824405

110.0,85.0,1549.882031889249,59.117968110752635
88.0,111.0,62.56674040288231,1458.4332595971202
77.00857791224654,906.227960124997,59.68270643082209,62.74930865503774
932.4470331325854,97.49599919132297,52.84096165573485,71.78172374873299

1128.0,82.0,57.98450269583972,97.01549730416038
79.0,1162.0,57.98689072355785,83.01310927644215
57.10394084113035,50.46343252927448,71.03184123290664,819.3024172376719
40.42939416364929,66.34232940672184,755.1694732643442,201.82824098296265

Iteration: ,20010
Error:,0.03674986642628541
Absolute Error:,0.04286511376723703
Transition Probabilities
0.06348400203148807,0.055358049771457606,0.0507392994720389,0.8304186487250155
0.05722891566265062,0.05471887550200805,0.8337891961984443,0.05426301263689705
0.9110161797348246,0.00040310450430744454,0.06062182962132015,0.02795888613954777
0.00041702565377746127,0.9036945917357585,0.06108060915898212,0.03480777345148178

0.060975609756097504,0.04711751662971171,0.8591363813133301,0.03277049230086063
0.05113306217315507,0.06507844276583372,0.036354875306729935,0.8474336197542813
0.06964888138920644,0.819619910112519,0.053978840460136616,0.056752368038137845
0.8076171142229892,0.08444387157376168,0.04576695881781435,0.062172055385434896

0.8263736263736263,0.060073260073260075,0.042479489154461335,0.0710736243986523
0.05712219812002892,0.8409255242227043,0.04192833747184226,0.06002394018542455
0.057058488590534806,0.05042326583416646,0.0709870727175896,0.8215311728577093
0.03800578652324338,0.06236532753076933,0.7098995763720884,0.18972930957389894

*,*,*,*,*,*,*,*,*,*,*
Model Num 1
Model States: 
['rose'],['volcano'],"['nothing', 'b', 'rose']","['nothing', 'b', 'volcano']"
Iteration: ,20010
Error:,0.037017868692994234
Absolute Error:,0.04286511376723703
Transition Probabilities
0.06348400203148807,0.055358049771457606,0.0507392994720389,0.8304186487250155
0.05722891566265062,0.05471887550200805,0.8337891961984443,0.05426301263689705
0.9110161797348246,0.00040310450430744454,0.06062182962132015,0.02795888613954777
0.00041702565377746127,0.9036945917357585,0.06108060915898212,0.03480777345148178

0.060975609756097504,0.04711751662971171,0.8591363813133301,0.03277049230086063
0.05113306217315507,0.06507844276583372,0.036354875306729935,0.8474336197542813
0.06964888138920644,0.819619910112519,0.053978840460136616,0.056752368038137845
0.8076171142229892,0.08444387157376168,0.04576695881781435,0.062172055385434896

0.8263736263736263,0.060073260073260075,0.042479489154461335,0.0710736243986523
0.05712219812002892,0.8409255242227043,0.04192833747184226,0.06002394018542455
0.057058488590534806,0.05042326583416646,0.0709870727175896,0.8215311728577093
0.03800578652324338,0.06236532753076933,0.7098995763720884,0.18972930957389894

Transition Gammas
125.0,109.0,99.90568066044457,1635.094319339555
114.0,109.0,1660.9080788273004,108.09192117269889
2260.0,1.0,150.3873783932823,69.35890281747821
1.0,2167.0,146.46727031228818,83.46674391896372

110.0,85.0,1549.882031889249,59.117968110752635
88.0,112.0,62.56674040288231,1458.4332595971202
77.00857791224654,906.227960124997,59.68270643082209,62.74930865503774
932.4470331325854,97.49599919132297,52.84096165573485,71.78172374873299

1128.0,82.0,57.98450269583972,97.01549730416038
79.0,1163.0,57.98689072355785,83.01310927644215
57.10394084113035,50.46343252927448,71.04362034613543,822.1855967946758
40.42939416364929,66.34232940672184,755.1694732643442,201.82824098296265

