0,1,2,3,4,5,6,7,8,9,10,11,12,13,14,15,16,17,18,19,20,21,22,23,24,25,26,27,28,29
github Code Version (SHA):,528ca1c557fe8e6666681dc5c9134b0f84d30530
Environment Observations,Environment Actions,alpha,epsilon,numActions,explore,patience,gainThresh,insertRandActions,useUpdatedPosterior,revisedSplitting,haveControl,confidence_factor
"['diamond', 'square']","['x', 'y']",0.99,0.99,75000,0.5,0,0.01,False,True,False,True,250

Model Num 0
Model States: 
['diamond'],['square']
Iteration: ,0
Error:,0.6739252651792558
Absolute Error:,1
Transition Probabilities
0.5,0.5
0.5,0.5

0.5,0.5
0.5,0.5

Transition Gammas
1.0,1.0
1.0,1.0

1.0,1.0
1.0,1.0

Iteration: ,2478
Error:,0.1504434781493574
Absolute Error:,1
Transition Probabilities
0.43253968253968256,0.5674603174603174
0.021520803443328552,0.9784791965566715

0.022,0.978
0.9693486590038314,0.03065134099616858


Model Num 1
Model States: 
['square'],"['diamond', 'x', 'square']","['diamond', 'x', 'diamond']"
Iteration: ,0
Error:,0.7269699114482796
Absolute Error:,1
Transition Probabilities
0.3333333333333333,0.3333333333333333,0.3333333333333333
0.3333333333333333,0.3333333333333333,0.3333333333333333
0.3333333333333333,0.3333333333333333,0.3333333333333333

0.3333333333333333,0.3333333333333333,0.3333333333333333
0.3333333333333333,0.3333333333333333,0.3333333333333333
0.3333333333333333,0.3333333333333333,0.3333333333333333

Transition Gammas
1.0,1.0,1.0
1.0,1.0,1.0
1.0,1.0,1.0

1.0,1.0,1.0
1.0,1.0,1.0
1.0,1.0,1.0

Iteration: ,2500
Error:,0.12912097202376818
Absolute Error:,1
Transition Probabilities
0.9766355140186916,0.017214277622150043,0.006150208359158367
0.9957173447537473,0.0021413276231263384,0.0021413276231263384
0.002949852507374633,0.9673777279929918,0.029672419499633628

0.027692307692307693,0.25350430757479997,0.7188033847328923
0.7891058879221903,0.07732184312918142,0.13357226894862834
0.9794563772913417,0.013481924098983461,0.007061698609674873

Transition Gammas
836.0,14.735421644560438,5.264578355439562
465.0,1.0,1.0
1.0,327.94104978962406,10.058950210375794

18.0,164.77779992361997,467.22220007638
33.01315531330073,3.234848523378454,5.588149990823355
138.69982725536298,1.9091616400213633,1.0

Iteration: ,5000
Error:,0.1540318675191349
Absolute Error:,1
Transition Probabilities
0.9756613756613757,0.015593038777312633,0.008745585561311706
0.998703823720026,0.0006480881399870382,0.0006480881399870382
0.0023529411764705885,0.9667941289572866,0.03085292986624293

0.02684931506849315,0.6628199359495808,0.31033074898192603
0.8808443891350218,0.05752161813960708,0.0616339927253711
0.9795405958080975,0.014102412320373237,0.006356991871529247

Transition Gammas
922.0,14.735421644560438,8.264578355439562
1541.0,1.0,1.0
1.0,410.8875048068467,13.112495193153244

49.0,1209.646383107985,566.353616892015
79.86324343766647,5.2152946071701125,5.588149990823355
154.0886972335325,2.218409682657143,1.0

Iteration: ,7500
Error:,0.16858220625559603
Absolute Error:,1
Transition Probabilities
0.9768611670020121,0.01482436785167046,0.008314465146317467
0.9992435703479576,0.00037821482602118004,0.00037821482602118004
0.0020491803278688526,0.970961037443818,0.026989782228313195

0.029023746701846966,0.7631162948474649,0.20785995845068805
0.8494198125401734,0.11049263628791182,0.04008755117191483
0.9795405958080975,0.014102412320373237,0.006356991871529247

Transition Gammas
971.0,14.735421644560438,8.264578355439562
2642.0,1.0,1.0
1.0,473.82898627258317,13.17101372741684

88.0,2313.7686059775137,630.2313940224861
139.4872616526983,18.144520578697303,6.582967169803748
154.0886972335325,2.218409682657143,1.0

Iteration: ,10000
Error:,0.14392782292275622
Absolute Error:,1
Transition Probabilities
0.9782747603833866,0.015077890763302142,0.006647348853311276
0.9992782389029231,0.00036088054853843375,0.00036088054853843375
0.0016051364365971107,0.9771474331560992,0.021247430407303664

0.027756557168321917,0.7674384815891618,0.2048049612425163
0.9537687454705307,0.0347526200108101,0.011478634518659167
0.9795405958080975,0.014102412320373237,0.006356991871529247

Transition Gammas
1531.0,23.596899044567852,10.403100955432146
2769.0,1.0,1.0
1.0,608.7628508562498,13.237149143750182

109.0,3013.730917200634,804.2690827993603
751.4276773602144,27.379887064785358,9.043453894442324
154.0886972335325,2.218409682657143,1.0

Iteration: ,12500
Error:,0.1376270800011951
Absolute Error:,1
Transition Probabilities
0.9792035398230089,0.016193318161313208,0.004603142015677941
0.9993891264508247,0.00030543677458766036,0.00030543677458766036
0.0010741138560687435,0.9803812908709322,0.018544595272999054

0.026524064171123036,0.7334960242022,0.23997991162667692
0.9606691954021259,0.029296840414609778,0.010033964183264245
0.9795405958080975,0.014102412320373237,0.006356991871529247

Transition Gammas
2213.0,36.59689904456785,10.403100955432146
3272.0,1.0,1.0
1.0,912.7349818008377,17.265018199162114

124.0,3429.0939131452797,1121.9060868547128
951.6304984892457,29.021193748431592,9.939557116272514
154.0886972335325,2.218409682657143,1.0

Iteration: ,13629
Error:,0.13651081331898307
Absolute Error:,1
Transition Probabilities
0.9795761078998073,0.016364533424276205,0.00405935867591647
0.9994249568717654,0.0002875215641173088,0.0002875215641173088
0.0009276437847866419,0.9784012380604176,0.020671118154795862

0.0256102440976391,0.7197968307164961,0.25459292518586485
0.9642764653582148,0.02660984701804802,0.009113687623737259
0.9795405958080975,0.014102412320373237,0.006356991871529247


Model Num 2
Model States: 
"['diamond', 'x', 'square']","['diamond', 'x', 'diamond']","['square', 'y', 'diamond', 'x', 'square']","['square', 'y', 'diamond', 'x', 'diamond']"
Iteration: ,0
Error:,0.6749609196562742
Absolute Error:,0.74
Transition Probabilities
0.25,0.25,0.25,0.25
0.25,0.25,0.25,0.25
0.25,0.25,0.25,0.25
0.25,0.25,0.25,0.25

0.25,0.25,0.25,0.25
0.25,0.25,0.25,0.25
0.25,0.25,0.25,0.25
0.25,0.25,0.25,0.25

Transition Gammas
1.0,1.0,1.0,1.0
1.0,1.0,1.0,1.0
1.0,1.0,1.0,1.0
1.0,1.0,1.0,1.0

1.0,1.0,1.0,1.0
1.0,1.0,1.0,1.0
1.0,1.0,1.0,1.0
1.0,1.0,1.0,1.0

Iteration: ,2500
Error:,0.04362980454909948
Absolute Error:,0.047951751713713464
Transition Probabilities
0.002262443438914027,0.002262443438914027,0.9688494163273308,0.026625696794841197
0.9631100419239547,0.03195168647110705,0.0024691358024691358,0.0024691358024691358
0.00964571507758614,0.005131016962479164,0.02022959537001252,0.9649936725899221
0.022043155537961902,0.005428643005468476,0.0099811853889753,0.9625470160675943

0.013032725749352903,0.013035850516288697,0.935330756149686,0.03860066758467237
0.08391558961472824,0.0420392551132601,0.06897416732594758,0.8050709879460641
0.963695544408372,0.0037796131868687625,0.017819100427446947,0.01470574197731251
0.0025019627070564593,0.9774900963542122,0.005226789337255724,0.014781151601475617

Transition Gammas
1.0,1.0,428.23144201668026,11.76855798331981
390.05956697920163,12.940433020798354,1.0,1.0
3.4562814822906915,1.838561347716503,7.248729130936055,345.77941959435293
5.252069934345955,1.2934451541757173,2.3781478836045635,229.33940808868607

3.445607054213049,3.44643318369692,247.28382330701618,10.205288984438571
1.9961245599772632,1.0,1.6407085981928262,19.150457965467783
304.16910079548364,1.1929509802916096,5.624203396445495,4.641540930352241
1.0438258427400862,407.8116035540089,2.180631137865612,6.166737810904985

Iteration: ,5000
Error:,0.03310977159070741
Absolute Error:,0.03401870520030906
Transition Probabilities
0.0011013215859030834,0.0011013215859030834,0.9791436450592303,0.018653711768963434
0.9687950109103104,0.02871432906478292,0.0012453300124532997,0.0012453300124532997
0.009474129808178779,0.002793144495260405,0.016645511099516654,0.9710872145970441
0.023563228782244067,0.004954909671714472,0.008799930841023536,0.962681930705018

0.011590361256733022,0.014396064184038484,0.9487215277512061,0.025292046808022436
0.05021668177586615,0.025157088281323556,0.043552533605330644,0.8810736963374796
0.9699646212241807,0.001911966024121914,0.017812841411481824,0.010310571340215458
0.0012672526745862174,0.9790503787557102,0.0033787828987501007,0.016303585670953472

Transition Gammas
1.0,1.0,889.0624297137814,16.937570286218804
777.9423937609795,23.05760623902069,1.0,1.0
6.938653007973935,2.045640163913905,12.190821531727241,711.2038106921473
11.650385053191583,2.4498597417496635,4.350956470644444,475.97955611731857

5.824658790690417,7.234646094589346,476.7736797956299,12.710349531971863
1.9961245599772632,1.0,1.7312231494478532,35.02288048937613
611.5495985344136,1.205468765435469,11.230756025101627,6.500676030648614
1.0443045955862853,806.8058015177783,2.784352780952068,13.435291778942752

Iteration: ,7500
Error:,0.035885009133581725
Absolute Error:,0.032241164625438336
Transition Probabilities
0.000775795190069822,0.000775795190069822,0.982134655993989,0.016313753625871435
0.9729304792335702,0.02533340965531875,0.0008680555555555551,0.0008680555555555551
0.01021204532373001,0.0019726248378204173,0.014107010462427192,0.9737083193760224
0.025412487059768344,0.00480108505005831,0.00936180030143278,0.9604246275887405

0.013868785263367402,0.015487684280087744,0.9528556646244626,0.017787865832082313
0.07823205590689876,0.011740751460567,0.024728933475937243,0.885298259156597
0.9743350031102636,0.0012556235133827842,0.01682689429509147,0.0075824790812621555
0.0008483699471329738,0.9771619047255887,0.002524116064339064,0.01946560926293921

Transition Gammas
1.0,1.0,1265.971571576251,21.028428423748267
1120.8159120770736,29.184087922927215,1.0,1.0
10.98574354736151,2.1220773994308253,15.175804086968638,1047.4796720438223
19.82404458589586,3.7452817533830784,7.3030532644587405,749.2183112157452

11.276347100930838,12.592631612315778,774.74205616078,14.462849160781214
7.902520773320478,1.1859784488079863,2.497964654389472,89.42738117345738
940.3461634955175,1.2118221657183386,16.239902542168245,7.317970811978494
1.0451293961684396,1203.7916181448422,3.109525398791924,23.980199350269658

Iteration: ,10000
Error:,0.028177935122619412
Absolute Error:,0.025833643174812966
Transition Probabilities
0.000613120784794605,0.000613120784794605,0.9833797830337804,0.015393975396630448
0.9771433481341466,0.021483025492227043,0.0006868131868131868,0.0006868131868131868
0.010724275586232611,0.00216932889386054,0.011775652302195964,0.975330743217711
0.02602335763192061,0.004733858804283035,0.011950902415765362,0.957291881148031

0.012910820584672498,0.01491067789286583,0.9565223085527891,0.01565619296967264
0.03482548826358286,0.0046413469758345635,0.027690153839714342,0.9328430109208683
0.971084449880993,0.0009192495303972295,0.01987863074363821,0.008117669844971491
0.0006179309335632501,0.9781731417726092,0.0019224773061978805,0.019286449987629628

Transition Gammas
1.0,1.0,1603.8924261280945,25.10757387190424
1422.7207148833177,31.27928511668258,1.0,1.0
14.741965919334193,2.982035696860856,16.187225283520124,1340.7238988759905
26.544851637486403,4.828722773204568,12.190392033480132,976.4754924504844

14.578864790697576,16.837098425471503,1080.1024856802899,17.678932097693405
8.898769853852208,1.1859784488079863,7.075516195850441,238.36436121528547
1285.9830278626912,1.2173393308959464,26.324777167012694,10.750028638297554
1.046608376401854,1656.7615378098574,3.2561581607618635,32.666045688490314

Iteration: ,12500
Error:,0.028107797719304516
Absolute Error:,0.024879239689329303
Transition Probabilities
0.0005194805194805197,0.0005194805194805197,0.982767405706585,0.016193633254453894
0.9757753995368428,0.023107282027403066,0.0005586592178770944,0.0005586592178770944
0.011960503581362225,0.0017423937077064762,0.009480888830622852,0.9768162138803085
0.027837160720128575,0.004340404064315907,0.010844663115996224,0.9569777720995593

0.014979511535107586,0.012870581381446087,0.958633553901509,0.013516353181937318
0.025083170495165383,0.0020018524369161544,0.028883408696167092,0.9440315683717514
0.9695185756655514,0.0008146429005664684,0.02041739144762136,0.009249389986260775
0.0004415207952823987,0.9778505798673689,0.001438324140702534,0.020269575196646128

Transition Gammas
1.0,1.0,1891.8272559851755,31.17274401482374
1746.6379651709503,41.36203482905153,1.0,1.0
20.469913587442015,2.982035696860856,16.226154172756853,1671.7810711666414
31.327257301841026,4.884584181692827,12.204317645834593,1076.9592919376946

20.16574795031721,17.326659784866155,1290.5335784406013,18.196011988481594
14.8602859463854,1.1859784488079863,17.111700947616896,559.2825297393255
1450.8651099128465,1.2190967673401385,30.554216938495866,13.841526666810662
1.0491516581531806,2323.590572076498,3.4177782186106,48.16502111530246

Iteration: ,15000
Error:,0.026373606531602884
Absolute Error:,0.023186329086984758
Transition Probabilities
0.0004545454545454544,0.0004545454545454544,0.983073510995448,0.016017398095460975
0.9776693836669611,0.021389439862450694,0.00047058823529411696,0.00047058823529411696
0.011376420825333858,0.0023972620340421418,0.008412174219986149,0.9778141429206378
0.027706403529492985,0.0040718241640622255,0.010180860235960355,0.9580409120704845

0.015384634219826792,0.011094139431440444,0.9615968240961706,0.011924402252562055
0.021273997651618498,0.0012728648243399085,0.026297792724027057,0.9511553448000145
0.9665890198204006,0.0007223100388635059,0.023735916098057138,0.008952754042678908
0.00034401353094747436,0.9808499272250442,0.0011335839010883331,0.01767247534291993

Transition Gammas
1.0,1.0,2162.7617241899866,35.23827581001416
2077.5474402922955,45.45255970770779,1.0,1.0
23.285430091937737,4.906752164216517,17.218165337597725,2001.4047667068735
33.236764398181805,4.884584181692827,12.213019732901584,1149.2715048494279

24.59160735070209,17.73345514060563,1537.0668674969256,19.060590839977415
19.821824165732185,1.1859784488079863,24.502692529106206,886.229015705842
1633.794635314327,1.2208976538427383,40.120063015491596,15.132555022128486
1.050615227719727,2995.509702226679,3.4619583279216335,53.971632033299215

Iteration: ,15513
Error:,0.025251859786021534
Absolute Error:,0.022686286334929792
Transition Probabilities
0.00044247787610619485,0.00044247787610619485,0.9830746378102418,0.016040406437545684
0.9783541431769872,0.02073386411895443,0.0004559963520291832,0.0004559963520291832
0.011003685501071357,0.0023187185048144723,0.008138884470894312,0.9785387115232199
0.027322533681350483,0.004015409388977552,0.010041346000192736,0.9586207109294792

0.01550813074506268,0.010758249582310102,0.9621604021894596,0.011573217483167536
0.02079523781578472,0.0011848401253241885,0.026712355418715278,0.9513075666401758
0.9673610148232862,0.000705785299531251,0.023187353592666868,0.008745846284515876
0.000329313909236053,0.9816719984444053,0.0010849174881297973,0.016913770158228827

*,*,*,*,*,*,*,*,*,*,*
Model Num 2
Model States: 
"['diamond', 'x', 'square']","['diamond', 'x', 'diamond']","['square', 'y', 'diamond', 'x', 'square']","['square', 'y', 'diamond', 'x', 'diamond']"
Iteration: ,15513
Error:,0.02571337503868451
Absolute Error:,0.022686286334929792
Transition Probabilities
0.00044247787610619485,0.00044247787610619485,0.9830746378102418,0.016040406437545684
0.9783541431769872,0.02073386411895443,0.0004559963520291832,0.0004559963520291832
0.011003685501071357,0.0023187185048144723,0.008138884470894312,0.9785387115232199
0.027322533681350483,0.004015409388977552,0.010041346000192736,0.9586207109294792

0.01550813074506268,0.010758249582310102,0.9621604021894596,0.011573217483167536
0.02079523781578472,0.0011848401253241885,0.026712355418715278,0.9513075666401758
0.9673610148232862,0.000705785299531251,0.023187353592666868,0.008745846284515876
0.000329313909236053,0.9816719984444053,0.0010849174881297973,0.016913770158228827

Transition Gammas
1.0,1.0,2221.748681451146,36.251318548853234
2145.5306359871356,45.469364012867125,1.0,1.0
23.285430091937737,4.906752164216517,17.22308633365749,2070.7330064286434
33.236764398181805,4.884584181692827,12.21489394582879,1166.1235772628322

25.56296345219786,17.73345514060563,1585.9855453018843,19.076814634203245
20.81521663575454,1.1859784488079863,26.73801905115882,952.221526017712
1673.7824227476399,1.2211894116953712,40.120063015491596,15.132555022128486
1.0508366240325429,3132.5032433208335,3.4619583279216335,53.971632033299215

