0,1,2,3,4,5,6,7,8,9,10,11,12,13,14,15,16,17,18,19,20,21,22,23,24,25,26,27,28,29
github Code Version (SHA):,fc00fd6618d9504abd3a63db09d32914905ce424
Environment Observations,Environment Actions,alpha,epsilon,numActions,explore,patience,gainThresh,insertRandActions,useBudd,revisedSplitting,haveControl,confidence_factor
"['diamond', 'square']","['x', 'y']",0.99,0.99,75000,0.5,0,0.01,False,True,False,True,250

Model Num 0
Model States: 
['diamond'],['square']
Iteration: ,0
Error:,0.6757410510397981
Absolute Error:,1
Transition Probabilities
0.5,0.5
0.5,0.5

0.5,0.5
0.5,0.5

Transition Gammas
1.0,1.0
1.0,1.0

1.0,1.0
1.0,1.0

Iteration: ,2448
Error:,0.1486354359143835
Absolute Error:,1
Transition Probabilities
0.4123505976095618,0.5876494023904383
0.01834862385321101,0.981651376146789

0.024,0.976
0.9661654135338346,0.03383458646616541


Model Num 1
Model States: 
['square'],"['diamond', 'x', 'square']","['diamond', 'x', 'diamond']"
Iteration: ,0
Error:,0.7250388250700848
Absolute Error:,1
Transition Probabilities
0.3333333333333333,0.3333333333333333,0.3333333333333333
0.3333333333333333,0.3333333333333333,0.3333333333333333
0.3333333333333333,0.3333333333333333,0.3333333333333333

0.3333333333333333,0.3333333333333333,0.3333333333333333
0.3333333333333333,0.3333333333333333,0.3333333333333333
0.3333333333333333,0.3333333333333333,0.3333333333333333

Transition Gammas
1.0,1.0,1.0
1.0,1.0,1.0
1.0,1.0,1.0

1.0,1.0,1.0
1.0,1.0,1.0
1.0,1.0,1.0

Iteration: ,2500
Error:,0.12731284805504361
Absolute Error:,1
Transition Probabilities
0.9759450171821306,0.015280311210666447,0.008774671607202968
0.9956331877729258,0.002183406113537118,0.002183406113537118
0.003215434083601286,0.9611431820951906,0.03564138382120807

0.02286585365853658,0.27876283582444983,0.6983713105170136
0.7806594447008816,0.09441016926682626,0.12493038603229219
0.980640318505557,0.009244000353903669,0.010115681140539302

Transition Gammas
852.0,13.339711686911809,7.6602883130881905
456.0,1.0,1.0
1.0,298.9155296316043,11.08447036839571

15.0,182.86842030083912,458.131579699161
27.630687110499466,3.34155676302679,4.42179036003954
157.97769339268936,1.4891758232584138,1.629600520722698

Iteration: ,5000
Error:,0.16445998000732742
Absolute Error:,1
Transition Probabilities
0.975,0.015368795154681527,0.009631204845318474
0.9986928104575163,0.00065359477124183,0.00065359477124183
0.002481389578163771,0.9573694972343995,0.040149113187436816

0.024657534246575335,0.6698520004015398,0.30549046535188484
0.8209604087752217,0.121578757128171,0.05746083409660742
0.98186058392199,0.008661339221560071,0.009478076856449847

Transition Gammas
936.0,14.754043348494266,9.245956651505734
1528.0,1.0,1.0
1.0,385.81990738546307,16.180092614537042

45.0,1222.4799007328104,557.52009926719
76.33955827244235,11.305379060025206,5.343174464948082
168.81489178340402,1.4891758232584138,1.629600520722698

Iteration: ,7500
Error:,0.1647664035671197
Absolute Error:,1
Transition Probabilities
0.9766990291262136,0.014324313930576957,0.008976656943209451
0.9992301770592764,0.00038491147036181676,0.00038491147036181676
0.0021097046413502104,0.9635258627927117,0.03436443256593812

0.02488387524883875,0.766407514843488,0.20870860990767337
0.8505233223289198,0.11002590270131245,0.03945077496976778
0.98186058392199,0.008661339221560071,0.009478076856449847

Transition Gammas
1006.0,14.754043348494266,9.245956651505734
2596.0,1.0,1.0
1.0,456.7112589637455,16.288741036254677

75.0,2309.9522497382727,629.0477502617275
156.76033157906588,20.278923031194246,7.271189869759118
168.81489178340402,1.4891758232584138,1.629600520722698

Iteration: ,10000
Error:,0.14465667816597788
Absolute Error:,1
Transition Probabilities
0.9803049555273189,0.013696638886789552,0.005998405585891514
0.9992735197965855,0.0003632401017072285,0.0003632401017072285
0.0015873015873015864,0.9723755702021778,0.0260371282105206

0.026309067688378037,0.7635564974766887,0.2101344348349333
0.9422196738195008,0.044146715919650505,0.013633610260848748
0.98186058392199,0.008661339221560071,0.009478076856449847

Transition Gammas
1543.0,21.558509607806755,9.441490392193243
2751.0,1.0,1.0
1.0,612.5966092273724,16.403390772627986

103.0,2989.323687621236,822.6763123787638
741.2834800539313,34.732061024805056,10.726129310049838
168.81489178340402,1.4891758232584138,1.629600520722698

Iteration: ,12500
Error:,0.13954140678936447
Absolute Error:,1
Transition Probabilities
0.9816833842128216,0.013053454014337995,0.005263161772840376
0.9993779160186625,0.00031104199066874026,0.00031104199066874026
0.0010660980810234535,0.9792617889271052,0.01967211299187137

0.026870163370593295,0.7284268107581728,0.24470302587123394
0.9463962149450788,0.039859852613654004,0.013743932441267323
0.98186058392199,0.008661339221560071,0.009478076856449847

Transition Gammas
2251.0,29.93157005487702,12.06842994512298
3213.0,1.0,1.0
1.0,918.5475580136252,18.452441986375355

125.0,3388.64152364702,1138.3584763529802
959.7877008623941,40.423868663710785,13.93840878725149
168.81489178340402,1.4891758232584138,1.629600520722698

Iteration: ,13382
Error:,0.139991593450016
Absolute Error:,1
Transition Probabilities
0.9806324110671937,0.013343260060385342,0.006024328872420983
0.9994079336885732,0.0002960331557134399,0.0002960331557134399
0.0009569377990430616,0.9813712612531602,0.017671800947796638

0.026433509556730378,0.7196877214778405,0.25387876896542916
0.947428658622508,0.03911497650591465,0.01345636487157747
0.98186058392199,0.008661339221560071,0.009478076856449847


Model Num 2
Model States: 
"['diamond', 'x', 'square']","['diamond', 'x', 'diamond']","['square', 'y', 'diamond', 'x', 'square']","['square', 'y', 'diamond', 'x', 'diamond']"
Iteration: ,0
Error:,0.6738799531540233
Absolute Error:,0.74
Transition Probabilities
0.25,0.25,0.25,0.25
0.25,0.25,0.25,0.25
0.25,0.25,0.25,0.25
0.25,0.25,0.25,0.25

0.25,0.25,0.25,0.25
0.25,0.25,0.25,0.25
0.25,0.25,0.25,0.25
0.25,0.25,0.25,0.25

Transition Gammas
1.0,1.0,1.0,1.0
1.0,1.0,1.0,1.0
1.0,1.0,1.0,1.0
1.0,1.0,1.0,1.0

1.0,1.0,1.0,1.0
1.0,1.0,1.0,1.0
1.0,1.0,1.0,1.0
1.0,1.0,1.0,1.0

Iteration: ,2500
Error:,0.03354320075862833
Absolute Error:,0.034588979987574583
Transition Probabilities
0.002192982456140352,0.002192982456140352,0.9861670079717455,0.009447027115973805
0.9769091553407712,0.01793620548397105,0.0025773195876288664,0.0025773195876288664
0.016978626744308792,0.005146440332679629,0.018353777315330812,0.9595211556076808
0.009308774859877704,0.007678698544866957,0.01789886709914892,0.9651136594961064

0.010412556154857172,0.010274301778593257,0.962282500127785,0.017030641938764614
0.0411324866436511,0.0411324866436511,0.0545474998396301,0.8631875268730678
0.9659830145945962,0.0036445397615739897,0.01276638956802364,0.017606056075806054
0.002703329138735815,0.9685468735280428,0.015603931404189324,0.01314586592903202

Transition Gammas
1.0,1.0,449.69215563511574,4.307844364884053
379.04075227221915,6.959247727780767,1.0,1.0
6.343513846869429,1.922800707270604,6.857294308633372,358.4939953404502
2.252108377067294,1.857737626935851,4.330343051667386,233.4937293135703

2.6197814620905744,2.584996895591968,242.1086443747992,4.284880616741299
1.0,1.0,1.3261415559968253,20.985542020623324
315.3303674979966,1.189704213236604,4.167392441985081,5.7472274860901225
1.1094839712654594,397.5051414202407,6.404071015107586,5.39524667110507

Iteration: ,5000
Error:,0.02336126891765213
Absolute Error:,0.02365235939821298
Transition Probabilities
0.0011086474501108647,0.0011086474501108647,0.9851920983013498,0.012590606798428402
0.9846374830136293,0.012801697524142794,0.001280409731113957,0.001280409731113957
0.021846413454700127,0.0027526435564075953,0.01525438742721661,0.9601465555616756
0.00786318443850574,0.0035992900970438506,0.019878110852694926,0.9686594146117554

0.011924155975071316,0.005671705250488129,0.9710838969823793,0.011320241792061318
0.020699510557323303,0.020699510557323303,0.02987195709373801,0.9287290217916154
0.9708786829001302,0.0019607279816261473,0.011838231887508828,0.015322357230734817
0.0013326553114049076,0.973963163773206,0.013057977710387064,0.011646203205002004

Transition Gammas
1.0,1.0,888.6432726678175,11.35672733218242
769.0018742336441,9.998125766355518,1.0,1.0
16.794879556943407,2.116151334813987,11.727124000756097,738.132407459454
4.058504095278708,1.857737626935851,10.259888335697925,499.9638800128617

5.789197598343418,2.7536223514085036,471.4628503646972,5.495996256026517
1.0,1.0,1.4431238367213266,44.867197184188456
592.2405276526049,1.1960532194947224,7.221376700319744,9.34670942007442
1.1111951684011978,812.1103428046905,10.888008036808854,9.710841671410094

Iteration: ,7500
Error:,0.02244702106130991
Absolute Error:,0.02225366658788332
Transition Probabilities
0.0007604562737642583,0.0007604562737642583,0.9882874365680142,0.010191650884457157
0.9846392736234265,0.013557299866203805,0.0009017132551848512,0.0009017132551848512
0.023608957045646972,0.0019769871884824605,0.01586030409500256,0.9585537516708681
0.007392909629293935,0.0023105458996374546,0.02262477372955165,0.967671770741517

0.013687708275590656,0.006611475122716705,0.9694596959106397,0.010241120691052891
0.029153633667585492,0.00982990487968639,0.019200405636674918,0.9418160558160532
0.9726926470407438,0.0012120944932424772,0.012393186357008862,0.013702072109005025
0.0009143103621591728,0.9757784255909179,0.013122784412801076,0.010184479634121975

Transition Gammas
1.0,1.0,1299.5979790869392,13.402020913061166
1091.96495444838,15.03504555162002,1.0,1.0
26.032762792866556,2.1799539226909417,17.488596956215822,1056.9633547645856
5.944087236280707,1.857737626935851,18.190893097987313,778.0326975163015

10.690119678556686,5.163571497186364,757.1494047183509,7.9983298610427385
2.9658103536517233,1.0,1.9532646420976847,95.81130919815173
963.1625264242253,1.200218792573451,12.271762018946259,13.567823741555836
1.1123077813758417,1187.0869899366774,15.96457375940263,12.38996779993347

Iteration: ,10000
Error:,0.020929986880382306
Absolute Error:,0.01904422045721694
Transition Probabilities
0.0006172839506172832,0.0006172839506172832,0.9886245890060514,0.010140843092714036
0.9852957439041827,0.013308582683395851,0.0006978367062107469,0.0006978367062107469
0.023914936911843813,0.0015400337429077784,0.012258785278431961,0.9622862440668164
0.010351682431240478,0.002744677486775283,0.018572833872028446,0.9683308062099558

0.014076659124641663,0.0059889537666802635,0.9698298561743428,0.010104530934335266
0.017767869779590148,0.00359505491925723,0.019607474350093256,0.9590296009510595
0.9751440595554266,0.0009416143772218753,0.011106563634597746,0.012807762432753729
0.0006463993210437748,0.9772690368994912,0.01246409550120559,0.009620468278259497

Transition Gammas
1.0,1.0,1601.5718341898053,16.42816581019676
1411.9288010146934,19.07119898530625,1.0,1.0
34.24673077168804,2.2053631655853465,17.554857893456358,1378.0156747783094
10.709578690415626,2.83957122136229,19.214965990090718,1001.8096127217074

15.421833437739265,6.561261918631232,1062.5074012544208,11.070126203668316
4.942308303668737,1.0,5.454012467254418,266.76354673024116
1246.071587534153,1.2032262416742479,14.192337270168924,16.366185807067005
1.1145382352447788,1685.032258367056,21.49091212132524,16.587857363101385

Iteration: ,12500
Error:,0.01954846578085864
Absolute Error:,0.01747268287016574
Transition Probabilities
0.0005221932114882502,0.0005221932114882502,0.9898408050020091,0.00911480857501437
0.9869071884304818,0.011959024721445671,0.0005668934240362814,0.0005668934240362814
0.021256949812785895,0.0012459646662160897,0.010718803302573458,0.9667782822184245
0.010421232728368975,0.003419026413458454,0.017164818628896926,0.9689949222292755

0.016573463996119725,0.006089521051271919,0.9686307963283691,0.00870621862423933
0.009709066812355028,0.008090269053765028,0.017080831918434555,0.9651198322154453
0.9738221643292794,0.0008201954169565998,0.01249168281466167,0.012865957439102462
0.0004662858347604058,0.9787472604297405,0.012345967254456736,0.008440486481042434

Transition Gammas
1.0,1.0,1895.5451415788493,17.454858421152533
1740.9042803913692,21.095719608630155,1.0,1.0
37.732041747178855,2.2116433079640347,19.02635783847179,1716.074922611423
11.683253610499413,3.8330736613040965,19.243493974921932,1086.341099827125

21.9920243357212,8.08044082901516,1285.3168203201142,11.552646562071027
5.922432897425788,4.934982580619586,10.419135311790061,588.7133701662491
1430.0446774704797,1.2044458767400443,18.34386726457391,18.89348448853847
1.117164581763542,2344.9603061865314,29.579447446390066,20.22238688490241

Iteration: ,15000
Error:,0.018404430603109232
Absolute Error:,0.016813715086050143
Transition Probabilities
0.00045599635202918365,0.00045599635202918365,0.990206889704594,0.008881117591347635
0.9884604513013237,0.010582610899633265,0.0004784688995215312,0.0004784688995215312
0.020405889789393495,0.0010478478652496302,0.009460828278409954,0.969085434066947
0.010549307216592899,0.0031934982607709707,0.01605150766370755,0.9702056868589286

0.015802802131265163,0.005115384053065811,0.9711983076574554,0.007883506158213507
0.009360394447121397,0.009419735607732783,0.01912543952209611,0.9620944304230498
0.9732309363488462,0.0007224377826246108,0.012838898060132076,0.013207727808397216
0.00036505157032111393,0.9806839333396472,0.011556168361777657,0.007394846728254059

Transition Gammas
1.0,1.0,2171.523709122175,19.476290877825367
2065.882343219766,22.117656780233517,1.0,1.0
43.17621187911513,2.2171099576658646,20.01788358735878,2050.458885257087
12.662061581071722,3.8330736613040965,19.266210978027768,1164.5128823237887

24.9626628674717,8.08044082901516,1534.1390552215428,12.453064007665686
8.850398040982896,8.906506028161381,18.083399522906983,909.6751969544732
1624.020058817113,1.205524204390049,21.42413193417938,22.03959419200505
1.1189227709215672,3005.902927976511,35.420913032156676,22.666009584453903

Iteration: ,15405
Error:,0.018107504349963943
Absolute Error:,0.016449725338264096
Transition Probabilities
0.0004478280340349304,0.0004478280340349304,0.9899331461671204,0.00917119776480973
0.9887598053397834,0.010308228211008892,0.00046598322460391457,0.00046598322460391457
0.020342182806612208,0.0010224735009467518,0.009222734143446827,0.9694126095489941
0.010462977742724708,0.003167364504402808,0.015922365070717218,0.9704472926821552

0.015948494396907622,0.005524164497566209,0.9708723172486101,0.007655023856916026
0.008848902120367907,0.008905000624007427,0.018738682406946625,0.9635074148486781
0.9737035630011731,0.0007097648541758286,0.012612177754666873,0.012974494389984183
0.00035247652613668576,0.9813530132210997,0.011155837276938715,0.007138672975824905

*,*,*,*,*,*,*,*,*,*,*
Model Num 2
Model States: 
"['diamond', 'x', 'square']","['diamond', 'x', 'diamond']","['square', 'y', 'diamond', 'x', 'square']","['square', 'y', 'diamond', 'x', 'diamond']"
Iteration: ,15405
Error:,0.017730526589097316
Absolute Error:,0.016449725338264096
Transition Probabilities
0.0004478280340349304,0.0004478280340349304,0.9899331461671204,0.00917119776480973
0.9887598053397834,0.010308228211008892,0.00046598322460391457,0.00046598322460391457
0.020342182806612208,0.0010224735009467518,0.009222734143446827,0.9694126095489941
0.010462977742724708,0.003167364504402808,0.015922365070717218,0.9704472926821552

0.015948494396907622,0.005524164497566209,0.9708723172486101,0.007655023856916026
0.008848902120367907,0.008905000624007427,0.018738682406946625,0.9635074148486781
0.9737035630011731,0.0007097648541758286,0.012612177754666873,0.012974494389984183
0.00035247652613668576,0.9813530132210997,0.011155837276938715,0.007138672975824905

Transition Gammas
1.0,1.0,2210.5207153911806,20.479284608820137
2121.8785422591736,22.12145774082507,1.0,1.0
44.163794278925494,2.219835982242135,20.022970851879858,2104.638399257812
12.662061581071722,3.8330736613040965,19.26888998515873,1174.4136022529517

25.956486762509574,8.99068583444499,1580.113697480864,12.458701145310798
8.850398040982896,8.906506028161381,18.74185021024346,963.6702972701311
1654.016776824969,1.2056677422326878,21.42413193417938,22.03959419200505
1.119148663451129,3115.8951921077246,35.420913032156676,22.666009584453903

