0,1,2,3,4,5,6,7,8,9,10,11,12,13,14,15,16,17,18,19,20,21,22,23,24,25,26,27,28,29
github Code Version (SHA):,528ca1c557fe8e6666681dc5c9134b0f84d30530
Environment Observations,Environment Actions,alpha,epsilon,numActions,explore,patience,gainThresh,insertRandActions,useUpdatedPosterior,revisedSplitting,haveControl,confidence_factor
"['diamond', 'square']","['x', 'y']",0.85,0.99,75000,0.5,0,0.01,False,True,False,True,250

Model Num 0
Model States: 
['diamond'],['square']
Iteration: ,0
Error:,0.5071073733844677
Absolute Error:,1
Transition Probabilities
0.5,0.5
0.5,0.5

0.5,0.5
0.5,0.5

Transition Gammas
1.0,1.0
1.0,1.0

1.0,1.0
1.0,1.0

Iteration: ,2472
Error:,0.07868296796180964
Absolute Error:,1
Transition Probabilities
0.44751381215469616,0.5524861878453039
0.10751104565537556,0.8924889543446245

0.11,0.89
0.8888888888888888,0.1111111111111111


Model Num 1
Model States: 
['square'],"['diamond', 'x', 'square']","['diamond', 'x', 'diamond']"
Iteration: ,0
Error:,0.5674956451145615
Absolute Error:,1
Transition Probabilities
0.3333333333333333,0.3333333333333333,0.3333333333333333
0.3333333333333333,0.3333333333333333,0.3333333333333333
0.3333333333333333,0.3333333333333333,0.3333333333333333

0.3333333333333333,0.3333333333333333,0.3333333333333333
0.3333333333333333,0.3333333333333333,0.3333333333333333
0.3333333333333333,0.3333333333333333,0.3333333333333333

Transition Gammas
1.0,1.0,1.0
1.0,1.0,1.0
1.0,1.0,1.0

1.0,1.0,1.0
1.0,1.0,1.0
1.0,1.0,1.0

Iteration: ,2500
Error:,0.07996790162484586
Absolute Error:,1
Transition Probabilities
0.8904267589388697,0.05990152925761112,0.04967171180351921
0.9957081545064378,0.002145922746781116,0.002145922746781116
0.002808988764044944,0.8160639833931815,0.18112702784277349

0.14984227129337538,0.2766167369473624,0.5735409917592623
0.7817989516251797,0.07135544783870643,0.14684560053611398
0.9282685874253035,0.057693094252548635,0.014038318322147894

Transition Gammas
772.0,51.934625866348846,43.065374133651154
464.0,1.0,1.0
1.0,290.5187780879726,64.48122191202735

95.0,175.37501122462777,363.62498877537234
33.61946889655773,3.068477201493442,6.314757892112299
98.15932085205313,6.1007288476616335,1.4844753028097661

Iteration: ,3190
Error:,0.08270797435555491
Absolute Error:,1
Transition Probabilities
0.8918387413962635,0.05867441802590695,0.04948684057782953
0.9968895800933126,0.0015552099533437014,0.0015552099533437014
0.0021786492374727675,0.8338861389343141,0.16393521182821316

0.1405152224824356,0.3186217643378735,0.5408630131796909
0.7668887638691931,0.08880983194293209,0.14430140418787477
0.9312927625189346,0.05620859551023144,0.012498641970833982


Model Num 2
Model States: 
"['diamond', 'x', 'square']","['diamond', 'x', 'diamond']","['square', 'y', 'diamond', 'x', 'diamond']","['square', 'y', 'diamond', 'x', 'square']"
Iteration: ,0
Error:,0.5055163053389437
Absolute Error:,0.6
Transition Probabilities
0.25,0.25,0.25,0.25
0.25,0.25,0.25,0.25
0.25,0.25,0.25,0.25
0.25,0.25,0.25,0.25

0.25,0.25,0.25,0.25
0.25,0.25,0.25,0.25
0.25,0.25,0.25,0.25
0.25,0.25,0.25,0.25

Transition Gammas
1.0,1.0,1.0,1.0
1.0,1.0,1.0,1.0
1.0,1.0,1.0,1.0
1.0,1.0,1.0,1.0

1.0,1.0,1.0,1.0
1.0,1.0,1.0,1.0
1.0,1.0,1.0,1.0
1.0,1.0,1.0,1.0

Iteration: ,2500
Error:,0.036634481026578916
Absolute Error:,0.07812408648027613
Transition Probabilities
0.001945525291828792,0.001945525291828792,0.09323972264442872,0.9028692267719137
0.8367287945180741,0.15830842632559836,0.002481389578163771,0.002481389578163771
0.09526946625403454,0.08233656818112452,0.7167695925787172,0.10562437298612386
0.045950736687250304,0.03866086196971651,0.8372509172768661,0.07813748406616718

0.04194992227602826,0.06923170263109947,0.09125119869380291,0.7975671763990694
0.07126281681220813,0.025338412613017218,0.7827712033181529,0.1206275672566219
0.0027383085332083313,0.8914357113964374,0.04542680182214124,0.06039917824821293
0.8991196884514384,0.0034155049529142217,0.04158524547265016,0.05587956112299719

Transition Gammas
1.0,1.0,47.925217439236405,464.07478256076405
337.201704190784,63.798295809216164,1.0,1.0
18.680941153686092,16.14499005260158,140.54797519291785,20.71138606872598
14.997926545400142,12.618573929513195,273.27152212711877,25.50340497134859

6.995737402893771,11.545356589114919,15.217416126797357,133.00550333662278
2.8124420381250697,1.0,30.892669374087635,4.760659994724821
1.048312136735121,341.270117681401,17.390833467336208,23.12273830306628
311.10544692822214,1.1818028328264392,14.388959050235954,19.334951798535645

Iteration: ,5000
Error:,0.027862352929025558
Absolute Error:,0.06580393916423269
Transition Probabilities
0.0009881422924901185,0.0009881422924901185,0.08814756295872735,0.9098761524562924
0.8510443221457739,0.1463915752901236,0.0012820512820512827,0.0012820512820512827
0.06182825698026974,0.06724100766761076,0.7643452417117007,0.10658549364041879
0.061174846724521365,0.047760469717105174,0.8054265448452613,0.08563813871311218

0.049399273233815655,0.05024129523788741,0.08506581061494664,0.8152936209133502
0.07006759657825179,0.02931539599452256,0.8142264935757278,0.08639051385149776
0.0014182960650295459,0.8945235439117428,0.047101777848273456,0.05695638217495426
0.8918930128435891,0.0017166394876871947,0.04302434614458198,0.06336600152414167

Transition Gammas
1.0,1.0,89.20533371423207,920.7946662857679
663.8145712737032,114.18542872629634,1.0,1.0
25.157015666711633,27.359384947231636,311.00092675512224,43.36808223805941
39.706878612756896,30.999982428810647,522.7797985612887,55.58531587036988

17.2737884575289,17.56822416523813,29.745555376408646,285.0894075257263
4.512824390811363,1.8881086341048856,52.44166147114383,5.5641300270427125
1.052827124152951,664.0211965927489,34.96451166805984,42.279764800845236
631.9569547617571,1.2163367662269495,30.485197639858615,44.89841806356658

Iteration: ,7500
Error:,0.033466731721922695
Absolute Error:,0.0640183170176099
Transition Probabilities
0.0007183908045977011,0.0007183908045977011,0.07747168801000362,0.9210915303808009
0.8703074957145187,0.12795639317437024,0.0008680555555555559,0.0008680555555555559
0.059857789029142294,0.06745759776394408,0.7692858455804984,0.10339876762641506
0.05802733609042873,0.046055245911677395,0.8182517432747006,0.0776656747231933

0.06333368215349983,0.05436235671242379,0.06992736274484013,0.8123765983892361
0.07348022012533201,0.03679002780704458,0.8071820047119904,0.08254774735563303
0.0009428660025321744,0.899638350382894,0.04603794784905912,0.05338083576551471
0.8892688096243454,0.00119688113580164,0.0465614104762737,0.06297289876357931

Transition Gammas
1.0,1.0,107.84058970992504,1282.159410290075
1002.5942350631251,147.40576493687445,1.0,1.0
37.033573611512935,41.73551935288798,475.95149190575756,63.97205667533544
56.94246439035165,45.19420288788932,802.9538126849853,76.21364714013694

40.61263273868878,34.859783181724524,44.84082094987312,520.9353272074698
7.978624279664543,3.9947323049679455,87.64538170841914,8.963193906603616
1.0595318822976676,1010.955440336634,51.734470657161,59.985933574191456
921.056167083739,1.2396642493983077,48.225771333873205,65.22389646144943

Iteration: ,10000
Error:,0.03299462734195783
Absolute Error:,0.060307480517381426
Transition Probabilities
0.0005681818181818183,0.0005681818181818183,0.07035152570205461,0.9285121106615817
0.8854479963169629,0.11316021523488129,0.0006958942240779404,0.0006958942240779404
0.06012774178956221,0.06148170009218069,0.7821716251682196,0.09621893295003753
0.0557753748896531,0.043998903285551366,0.8316688686920227,0.06855685313277284

0.060330702509436375,0.05959281515193929,0.06859345738294331,0.8114830249556809
0.058577131253358165,0.03897789596405615,0.8112842780216857,0.09116069476089998
0.0007213631523560662,0.901712622613344,0.044968514918701206,0.05259749931559879
0.8817010410079941,0.0008382768857137442,0.04889925273244159,0.06856142937385072

Transition Gammas
1.0,1.0,123.81868523561609,1634.1813147643836
1272.3887707074753,162.61122929252437,1.0,1.0
50.1312830047893,51.26014074707414,652.1327083404755,80.22218055384411
67.3691625272546,53.144766347687074,1004.5443046258174,82.80747175965101

58.33998426977793,57.62644481078498,66.330094931427,784.7067072308905
11.59355424873185,7.714484162875504,160.56894708117767,18.0424755779072
1.0686122851370516,1335.7782180037716,66.61541739350362,77.91683530349354
1330.65600658894,1.2651206262435963,73.79835266128953,103.47234898615787

Iteration: ,12500
Error:,0.034558824569155266
Absolute Error:,0.060667515916377354
Transition Probabilities
0.00046707146193367583,0.00046707146193367583,0.06614884261558976,0.932917014460543
0.8897120753162129,0.10914832354418608,0.00056980056980057,0.00056980056980057
0.06036346602506237,0.058134750795214504,0.7828589901157913,0.09864279306393178
0.058220234371063787,0.039706537270961635,0.8469975190029152,0.05507570935505939

0.06035556996809367,0.05670066626059519,0.06574253738160424,0.8172012263897069
0.05106041932952144,0.05052267930578441,0.7839398155322382,0.11447708583245586
0.0005479806059787412,0.90240513961382,0.04252331873769699,0.05452356104250434
0.8809749819627303,0.000717023908842645,0.04809371704138099,0.070214277087046

Transition Gammas
1.0,1.0,141.62467203997767,1997.3753279600226
1561.444692179953,191.55530782004652,1.0,1.0
62.521104444076194,60.21272577006883,810.8415886140764,102.16869199069656
90.78080590073839,61.913035767116924,1320.6940542518066,85.8776563649854

69.81796201251427,65.59005184043862,76.04948441281564,945.3199466232913
18.749006583139302,18.551552441997263,287.8568753488672,42.03513531762909
1.0792486342862524,1777.2882906350394,83.7497407248732,107.38423613814679
1564.048907609421,1.2729765138808669,85.3837250109683,124.65571171148805

Iteration: ,15000
Error:,0.034827968791868696
Absolute Error:,0.06521258624991334
Transition Probabilities
0.0003980891719745226,0.0003980891719745226,0.06095640542132263,0.9382474162347283
0.8866250594848438,0.11239358624626503,0.000490677134445535,0.000490677134445535
0.05878452987404326,0.055928963958049305,0.7918444090065527,0.09344209716135482
0.05715710298237678,0.04378862193809599,0.8526050630456545,0.04644921203387282

0.062118691568510805,0.05704933144678069,0.061870733994955386,0.8189612429897531
0.05901812075001621,0.04750600306158833,0.7389276630492356,0.15454821313915992
0.00043058570481298384,0.9001657544940228,0.04240297318292234,0.057000686618241744
0.882264548870521,0.000627694451445466,0.04558337196957383,0.07152438470845976

Transition Gammas
1.0,1.0,153.12249041836233,2356.877509581636
1806.941871230111,229.05812876988801,1.0,1.0
66.20098798082786,62.98515406520016,891.7462181912483,105.23107294277528
109.834215313934,84.14507872682414,1638.3826888703625,89.25772107911014

81.95734163047966,75.26899599965869,81.63019463087917,1080.5103050151472
37.97225040398394,30.565355538647243,475.4259521509509,99.43629811030284
1.0920855013571833,2283.071542582082,107.54577244411712,144.5696471744762
1796.8125140291554,1.2783572079233572,92.8347096020473,145.66595661915997

Iteration: ,17500
Error:,0.03488430904608305
Absolute Error:,0.06799832039455775
Transition Probabilities
0.00034626038781163495,0.00034626038781163495,0.05695741165865475,0.942350067565722
0.8828655066486811,0.11628125103049967,0.0004266211604095566,0.0004266211604095566
0.05945441972285776,0.05448800258489183,0.798095936252734,0.08796164143951643
0.05941060921932646,0.04344054141504777,0.857076963186214,0.040071886179411834

0.061696214130620194,0.0586992849065426,0.05882269024456375,0.8207818107182735
0.057253633339061354,0.0478900433330146,0.7145710055906718,0.18028531773725223
0.00035256798692128236,0.9005135308544551,0.04406530588272281,0.055068595275900814
0.8835772204108368,0.0005652717828595814,0.044633304605438406,0.07122420320086519

Transition Gammas
1.0,1.0,164.49300487019462,2721.5069951298005
2069.4367475845074,272.5632524154911,1.0,1.0
71.72103006784651,65.72994387876409,962.7587470843978,106.10984952688484
136.2757891401678,99.64371919091542,1965.9592966110306,91.9167129102239

90.50008842428115,86.10399437536405,86.2850134891025,1203.9770591074134
52.95131224850393,44.2913486922892,660.8746071481974,166.73778757046995
1.1010908132642385,2812.357368865044,137.61857369647603,171.98250155139266
2003.9392204843703,1.2820275010923614,101.22763191775775,161.53537115363557

Iteration: ,18163
Error:,0.03444872727394013
Absolute Error:,0.06839104038734942
Transition Probabilities
0.0003348961821835235,0.0003348961821835235,0.056196710398002045,0.9431334972376308
0.8828566050981831,0.11631865263377564,0.00041237113402061847,0.00041237113402061847
0.06056823382723481,0.05423634941475969,0.7987384866266659,0.0864569301313395
0.059699260295409784,0.043254276348002524,0.8584838694365273,0.03856259392006033

0.06193852334264414,0.059400432640399785,0.05824338769624228,0.8204176563207138
0.05576419327864588,0.04516048745278416,0.7166564326468416,0.18241888662172828
0.0003363311886123039,0.9014977926977144,0.04349010083162728,0.05467577528204594
0.883657163927265,0.0005503427568616676,0.0442104341766266,0.07158205913924671

*,*,*,*,*,*,*,*,*,*,*
Model Num 2
Model States: 
"['diamond', 'x', 'square']","['diamond', 'x', 'diamond']","['square', 'y', 'diamond', 'x', 'diamond']","['square', 'y', 'diamond', 'x', 'square']"
Iteration: ,18163
Error:,0.037112656995640245
Absolute Error:,0.06839104038734942
Transition Probabilities
0.0003348961821835235,0.0003348961821835235,0.056196710398002045,0.9431334972376308
0.8828566050981831,0.11631865263377564,0.00041237113402061847,0.00041237113402061847
0.06056823382723481,0.05423634941475969,0.7987384866266659,0.0864569301313395
0.059699260295409784,0.043254276348002524,0.8584838694365273,0.03856259392006033

0.06193852334264414,0.059400432640399785,0.05824338769624228,0.8204176563207138
0.05576419327864588,0.04516048745278416,0.7166564326468416,0.18241888662172828
0.0003363311886123039,0.9014977926977144,0.04349010083162728,0.05467577528204594
0.883657163927265,0.0005503427568616676,0.0442104341766266,0.07158205913924671

Transition Gammas
1.0,1.0,167.80337724843392,2816.1966227515627
2140.9272673630944,282.072732636906,1.0,1.0
74.47766965347166,66.69167416115737,982.1680010709766,106.31167981457311
142.60134136418048,103.31983673567169,2050.6276077020943,92.11299423597067

93.48475342273763,89.65397460111053,87.90762910454106,1238.2688214976756
55.776243763433826,45.170246506669265,716.8113000793649,182.45830682829856
1.102849165504102,2956.0627204470125,142.60652307549566,179.28498808536685
2059.7717635467216,1.282828360512707,103.0528667548402,166.85509970435564

