0,1,2,3,4,5,6,7,8,9,10,11,12,13,14,15,16,17,18,19,20,21,22,23,24,25,26,27,28,29
github Code Version (SHA):,fc00fd6618d9504abd3a63db09d32914905ce424
Environment Observations,Environment Actions,alpha,epsilon,numActions,explore,patience,gainThresh,insertRandActions,useBudd,revisedSplitting,haveControl,confidence_factor
"['diamond', 'square']","['x', 'y']",0.99,0.99,75000,0.5,0,0.01,False,True,False,True,250

Model Num 0
Model States: 
['diamond'],['square']
Iteration: ,0
Error:,0.6756537667956196
Absolute Error:,1
Transition Probabilities
0.5,0.5
0.5,0.5

0.5,0.5
0.5,0.5

Transition Gammas
1.0,1.0
1.0,1.0

1.0,1.0
1.0,1.0

Iteration: ,2433
Error:,0.1536206335487615
Absolute Error:,1
Transition Probabilities
0.4874274661508704,0.5125725338491296
0.026239067055393587,0.9737609329446064

0.05,0.95
0.9809782608695652,0.019021739130434784


Model Num 1
Model States: 
['square'],"['diamond', 'x', 'square']","['diamond', 'x', 'diamond']"
Iteration: ,0
Error:,0.7265711204884598
Absolute Error:,1
Transition Probabilities
0.3333333333333333,0.3333333333333333,0.3333333333333333
0.3333333333333333,0.3333333333333333,0.3333333333333333
0.3333333333333333,0.3333333333333333,0.3333333333333333

0.3333333333333333,0.3333333333333333,0.3333333333333333
0.3333333333333333,0.3333333333333333,0.3333333333333333
0.3333333333333333,0.3333333333333333,0.3333333333333333

Transition Gammas
1.0,1.0,1.0
1.0,1.0,1.0
1.0,1.0,1.0

1.0,1.0,1.0
1.0,1.0,1.0
1.0,1.0,1.0

Iteration: ,2500
Error:,0.1389747175845531
Absolute Error:,1
Transition Probabilities
0.966903073286052,0.02401132783913121,0.009085598874816775
0.9959183673469387,0.0020408163265306124,0.0020408163265306124
0.0030769230769230774,0.9845967905804495,0.012326286342627443

0.036199095022624445,0.268894218169529,0.6949066868078466
0.7886398712992674,0.035980332425250075,0.17537979627548253
0.9660585547680253,0.01956767305823879,0.014373772173736017

Transition Gammas
818.0,20.313583351905006,7.686416648094992
488.0,1.0,1.0
1.0,319.993956938646,4.006043061353918

24.0,178.27686664639768,460.7231333536021
21.9186377151374,1.0,4.874323955728811
139.53262904409698,2.826256082114012,2.076075213850643

Iteration: ,5000
Error:,0.17082894919076827
Absolute Error:,1
Transition Probabilities
0.9688506981740065,0.022758687594200012,0.008390614231793544
0.9987029831387808,0.0006485084306095979,0.0006485084306095979
0.0023094688221709015,0.983786157083673,0.013904374094156112

0.03066812705366922,0.6502409252287735,0.3190909477175573
0.8035496346556162,0.12517717160848607,0.07127319373589763
0.9685710447509622,0.018119190761383155,0.01330976448765468

Transition Gammas
902.0,21.18833815020021,7.81166184979979
1540.0,1.0,1.0
1.0,425.97940601723025,6.0205939827695945

56.0,1187.3399294677404,582.6600705322596
77.01075020127575,11.996754746550083,6.830694560883877
151.07903229437406,2.826256082114012,2.076075213850643

Iteration: ,7500
Error:,0.1811707244855194
Absolute Error:,1
Transition Probabilities
0.968944099378882,0.02296929415134597,0.008086606469772039
0.9992492492492493,0.00037537537537537537,0.00037537537537537537
0.0020790020790020796,0.9853843648284749,0.012536633092523043

0.031167979002624666,0.7611629762140563,0.207669044783319
0.8155126284452903,0.14216243877607648,0.04232493277863332
0.9685710447509622,0.018119190761383155,0.01330976448765468

Transition Gammas
936.0,22.18833815020021,7.81166184979979
2662.0,1.0,1.0
1.0,473.96987948249625,6.0301205175035815

95.0,2320.024751500444,632.9752484995564
131.61314879312684,22.94317163806465,6.830694560883877
151.07903229437406,2.826256082114012,2.076075213850643

Iteration: ,10000
Error:,0.14832766513771986
Absolute Error:,1
Transition Probabilities
0.9752442996742671,0.018961975478594403,0.005793724847138497
0.9992816091954023,0.00035919540229885057,0.00035919540229885057
0.001582278481012658,0.985685992016414,0.012731729502573216

0.02971805943611888,0.7619171473540595,0.20836479320982168
0.944822109859738,0.042100326328318914,0.013077563811943088
0.9685710447509622,0.018119190761383155,0.01330976448765468

Transition Gammas
1497.0,29.106632359642408,8.893367640357592
2782.0,1.0,1.0
1.0,622.9535469543738,8.046453045626274

117.0,2999.6678091329313,820.3321908670678
742.9859585677164,33.106709704013284,10.283889615992848
151.07903229437406,2.826256082114012,2.076075213850643

Iteration: ,12500
Error:,0.14232556609979863
Absolute Error:,1
Transition Probabilities
0.9789196310935442,0.017083309991503752,0.003997058914952111
0.9993881921076782,0.0003059039461609055,0.0003059039461609055
0.0010559662090813098,0.9840923153645972,0.01485171842632159

0.02791496671677045,0.7266793221843145,0.2454057110989151
0.9494830939680051,0.03911818015975715,0.011398725872237612
0.9685710447509622,0.018119190761383155,0.01330976448765468

Transition Gammas
2229.0,38.89869685065404,9.101303149345958
3267.0,1.0,1.0
1.0,931.9354226502732,14.064577349726541

130.0,3384.1456034123526,1142.8543965876477
934.9771483292191,38.52054319445401,11.2245792245463
151.07903229437406,2.826256082114012,2.076075213850643

Iteration: ,15000
Error:,0.14055893495651553
Absolute Error:,1
Transition Probabilities
0.978505291005291,0.018083279385421674,0.003411429609287317
0.9994630872483221,0.00026845637583892615,0.00026845637583892615
0.0007987220447284347,0.984756937973619,0.014444339981652522

0.029368029739776962,0.6994606862853033,0.2711712839749197
0.9498223228180429,0.03718770586101332,0.012989971320943854
0.9685710447509622,0.018119190761383155,0.01330976448765468

Transition Gammas
2959.0,54.68383686151515,10.316163138484846
3723.0,1.0,1.0
1.0,1232.9156863429707,18.084313657028954

158.0,3763.0984922149305,1458.9015077850675
1140.6898791568422,44.66060513177241,15.60031645958365
151.07903229437406,2.826256082114012,2.076075213850643

Iteration: ,17171
Error:,0.13719978230419133
Absolute Error:,1
Transition Probabilities
0.9779231398201145,0.018975493271146462,0.003101366908739062
0.9995144452537024,0.00024277737314882253,0.00024277737314882253
0.0006600660066006604,0.9840924372735868,0.015247496719812677

0.028305028305028332,0.6822611457765325,0.2894338259184392
0.9521715136343204,0.03516221748131634,0.012666268884363306
0.9685710447509622,0.018119190761383155,0.01330976448765468


Model Num 2
Model States: 
"['diamond', 'x', 'square']","['diamond', 'x', 'diamond']","['square', 'y', 'diamond', 'x', 'square']","['square', 'y', 'diamond', 'x', 'diamond']"
Iteration: ,0
Error:,0.675164268842983
Absolute Error:,0.74
Transition Probabilities
0.25,0.25,0.25,0.25
0.25,0.25,0.25,0.25
0.25,0.25,0.25,0.25
0.25,0.25,0.25,0.25

0.25,0.25,0.25,0.25
0.25,0.25,0.25,0.25
0.25,0.25,0.25,0.25
0.25,0.25,0.25,0.25

Transition Gammas
1.0,1.0,1.0,1.0
1.0,1.0,1.0,1.0
1.0,1.0,1.0,1.0
1.0,1.0,1.0,1.0

1.0,1.0,1.0,1.0
1.0,1.0,1.0,1.0
1.0,1.0,1.0,1.0
1.0,1.0,1.0,1.0

Iteration: ,2500
Error:,0.04010008504056641
Absolute Error:,0.04130719689653385
Transition Probabilities
0.0021739130434782613,0.0021739130434782613,0.976925930361031,0.018726243552012425
0.9811027265972451,0.013661671308514001,0.0026178010471204194,0.0026178010471204194
0.014021925943652997,0.009166657351284534,0.008234509125834491,0.968576907579228
0.020057085796104226,0.008582392460179306,0.01650943345765411,0.9548510882860625

0.00911239279265673,0.006380020710021504,0.9773776480453202,0.007129938452001593
0.06764961444745828,0.06764961444745828,0.0797217349492955,0.784979036155788
0.9681945969358362,0.003122904592654649,0.017260821613071357,0.011421676858437684
0.002636961257585315,0.9821911968357808,0.005086438493864435,0.010085403412769383

Transition Gammas
1.0,1.0,449.3859279660742,8.614072033925714
374.7812415601476,5.218758439852348,1.0,1.0
5.134580775272431,3.3566674648371,3.015331304787948,354.6756978330964
5.059857558586818,2.1651043327955217,4.164881305185556,240.8829749996636

2.469552373519698,1.7290513749841123,264.87941701772354,1.9322868128971786
1.0,1.0,1.1784506918544724,11.603599555847596
342.44596712764746,1.1045569628910725,6.105073060119283,4.039794469402902
1.0280132984052892,382.9049854332652,1.9829363810985132,3.931771389619506

Iteration: ,5000
Error:,0.030089217685254598
Absolute Error:,0.028632299663767177
Transition Probabilities
0.0010775862068965508,0.0010775862068965508,0.9797787781335318,0.01806604945267515
0.9813467768654806,0.016035422087399036,0.0013089005235602095,0.0013089005235602095
0.014392626683275556,0.004892155015826303,0.013178135085102159,0.967537083215796
0.022003655031190054,0.004777814264945092,0.019655323739542468,0.9535632069643224

0.010360336223910185,0.0057515912169714386,0.9781018558240102,0.005786216735108073
0.03250777977185341,0.03250777977185341,0.041363993777502384,0.8936204466787908
0.973762715403127,0.001636277923724697,0.016173899737790366,0.008427106935357915
0.001297988299131159,0.9755234999210344,0.003612509255681099,0.019566002524153324

Transition Gammas
1.0,1.0,909.2347061079182,16.765293892082553
749.7489375252271,12.251062474772864,1.0,1.0
10.678344230305727,3.629644291942472,9.777274562099883,717.8463151670437
11.370532529151733,2.4689667439703147,10.157016988072117,492.7600186433055

5.282867387139291,2.932809612314625,498.7465931373884,2.9504656049941547
1.0,1.0,1.2724336779627459,27.489433389496646
661.9131959379968,1.1122565413556866,10.994174963650666,5.728308545665335
1.028389083593254,772.901973599458,2.862171473663365,15.502037590682551

Iteration: ,7500
Error:,0.02306039625803046
Absolute Error:,0.020988225699108996
Transition Probabilities
0.0007423904974016327,0.0007423904974016327,0.9815345182676508,0.016980700737545828
0.9809858486545601,0.01723003002519023,0.0008920606601248883,0.0008920606601248883
0.015136783831775776,0.003557902977402968,0.012640696347456785,0.9686646168433645
0.020635644354731163,0.004593006807516149,0.013164173774371865,0.9616071750633808

0.012453026922554362,0.00881412414331635,0.9725098916701391,0.006222957263990221
0.023500252577892455,0.011802295303316421,0.015450545072598557,0.9492469070461925
0.9719370538971868,0.0010724433533810364,0.019861225877529174,0.0071292768719031065
0.0008625496570783225,0.9812578944030391,0.0024797265694353468,0.015399829370447333

Transition Gammas
1.0,1.0,1322.1269961065268,22.873003893474248
1099.685136341762,19.314863658238252,1.0,1.0
16.303693720874218,3.832185296218196,13.615180342000786,1043.3399463701962
15.967094117359155,3.553897843779595,10.185948062458989,744.0558678093622

9.924778527735004,7.024655979819666,775.068210394416,4.9595550557112436
1.9911595138014324,1.0,1.3091135813435362,80.42900831158292
1011.8334594982954,1.1164653760409822,20.676496290533677,7.421921874564088
1.0292384360320277,1170.8871857887223,2.9589367698061126,18.3758652807163

Iteration: ,10000
Error:,0.023756295728696513
Absolute Error:,0.020554930424910994
Transition Probabilities
0.0005966587112171835,0.0005966587112171835,0.9821238160467947,0.016682866530771015
0.9835503947260532,0.015041154569721549,0.0007042253521126767,0.0007042253521126767
0.01749631659060352,0.003669804761804645,0.01124146005322193,0.96759241859437
0.021885075530300908,0.005471046323543845,0.010900972865475263,0.9617429052806798

0.01383370312584619,0.010535148422135437,0.9686506684271154,0.006980480024902864
0.017020139694902923,0.012746993561407774,0.015494624946850805,0.9547382417968385
0.9724230885976805,0.0007953443467149786,0.020166119177650804,0.006615447877953638
0.0006291854265352627,0.9821375481903029,0.0019085103743004006,0.015324756008861504

Transition Gammas
1.0,1.0,1646.0395156944287,27.960484305572237
1396.6415605109942,21.358439489004578,1.0,1.0
23.900365624639306,5.01303660824692,15.356089610945574,1321.7532078983022
22.466030556283485,5.6162791720503815,11.190347008394225,987.2730604657653

15.714827409343634,11.967731104215837,1100.3689999561375,7.929694444632607
3.9648100987448567,2.9693886012016932,3.6094442564378992,222.40450963323332
1371.3850000091525,1.1216550899669804,28.439795057220305,9.329607754635987
1.030681052799576,1608.858882407765,3.126368474067963,25.103784974944546

Iteration: ,12500
Error:,0.023431898732166362
Absolute Error:,0.021258510673770364
Transition Probabilities
0.0005073566717402332,0.0005073566717402332,0.9832410538247104,0.015744232831809153
0.9837362770481171,0.015118247579603422,0.0005727376861397488,0.0005727376861397488
0.017955432911302503,0.002953643216575239,0.009581141713486827,0.9695097821586355
0.023620360641799336,0.0051032030821368795,0.01009807230284478,0.9611783639732189

0.013143876569590115,0.010416824702795409,0.9702427064276915,0.006196592299922931
0.009575029483296376,0.0095511354322288,0.03194524104066773,0.948928594043807
0.9726431994296275,0.0007014783262998731,0.019996756474141796,0.006658565769930787
0.00044581288057225635,0.9794008797751373,0.0014566014563510777,0.018696705887939327

Transition Gammas
1.0,1.0,1937.9681170885049,31.031882911495853
1717.60353972601,26.396460273987536,1.0,1.0
30.662194035191607,5.04388737741594,16.361556290445925,1655.6157240214368
26.197016729955273,5.659892266103651,11.199632938278913,1066.0296878328827

17.891072022345256,14.179086361252224,1320.6668556226662,8.434625701486516
5.442254251877616,5.428673353641852,18.157032746908772,539.3519345995006
1557.2344597502793,1.123090382087381,32.01547934846904,10.660587639465712
1.0335284956432025,2270.5461461909586,3.376840772302964,43.34459400329824

Iteration: ,15000
Error:,0.02490584944021864
Absolute Error:,0.02066173605851738
Transition Probabilities
0.0004470272686633881,0.0004470272686633881,0.9847614134164683,0.014344532046204854
0.986253320490401,0.012779561521204384,0.0004835589941972923,0.0004835589941972923
0.01734220755518916,0.0024619088751498368,0.008473693396406528,0.9717221901732543
0.026263610835360707,0.0048098943065483755,0.009298623031959614,0.9596278718261313

0.01211426975250077,0.0096673979662001,0.9725788578722986,0.005639474409000426
0.010344189504650173,0.0070669097997077875,0.030544729703193378,0.9520441709924486
0.9732102543769962,0.0006313249215712127,0.019576509861185108,0.006581910840247601
0.0003439265215264728,0.9746936329049948,0.0011827333015655092,0.02377970727191332

Transition Gammas
1.0,1.0,2202.9112818126414,32.088718187360286
2039.5718667741485,26.428133225850654,1.0,1.0
35.53021099484124,5.04388737741594,17.36065684381857,1990.836191721982
31.65847684312695,5.797905264295642,11.208673619771801,1156.7471414602055

19.483792991526254,15.548405689188298,1564.231730171529,9.070158929166306
9.390340515586272,6.415262344368076,27.7281668844705,864.2551402871342
1733.1665563779918,1.124311252737092,34.86333197725088,11.721565503521632
1.0354025447247122,2934.3484862917894,3.560659017328293,71.58962127395172

Iteration: ,15688
Error:,0.02461607223298944
Absolute Error:,0.020102428756130684
Transition Probabilities
0.0004329004329004326,0.0004329004329004326,0.9843708784996135,0.01476332063458565
0.9868411686540999,0.012233333891018168,0.00046274872744099993,0.00046274872744099993
0.017941113583056157,0.0023632484902388453,0.00810753932679947,0.9715880985999056
0.02583857757502426,0.0047320540936469,0.00914963394883958,0.9602797343824893

0.011582358516234377,0.009785011761653547,0.9732369706245432,0.005395659097568887
0.010374199006181606,0.006411785511318291,0.02848263926282466,0.9547313762196755
0.9739416000114017,0.0006142401748045896,0.019041969360062364,0.006402190453731361
0.0003236303458865458,0.9746472071867034,0.001117785107576375,0.023911377359833653

*,*,*,*,*,*,*,*,*,*,*
Model Num 2
Model States: 
"['diamond', 'x', 'square']","['diamond', 'x', 'diamond']","['square', 'y', 'diamond', 'x', 'square']","['square', 'y', 'diamond', 'x', 'diamond']"
Iteration: ,15688
Error:,0.024034661449504648
Absolute Error:,0.020102428756130684
Transition Probabilities
0.0004329004329004326,0.0004329004329004326,0.9843708784996135,0.01476332063458565
0.9868411686540999,0.012233333891018168,0.00046274872744099993,0.00046274872744099993
0.017941113583056157,0.0023632484902388453,0.00810753932679947,0.9715880985999056
0.02583857757502426,0.0047320540936469,0.00914963394883958,0.9602797343824893

0.011582358516234377,0.009785011761653547,0.9732369706245432,0.005395659097568887
0.010374199006181606,0.006411785511318291,0.02848263926282466,0.9547313762196755
0.9739416000114017,0.0006142401748045896,0.019041969360062364,0.006402190453731361
0.0003236303458865458,0.9746472071867034,0.001117785107576375,0.023911377359833653

Transition Gammas
1.0,1.0,2273.896729334109,34.10327066589288
2132.563765461508,26.43623453849024,1.0,1.0
38.43186625908721,5.062341838113359,17.367253468152345,2081.250067976649
31.65847684312695,5.797905264295642,11.210503892923915,1176.5738127650625

19.483792991526254,16.460304118240213,1637.1749882176587,9.076554206341077
10.379824484124693,6.415262344368076,28.498084162121316,955.2490856153886
1783.1584898391613,1.1245926680719585,34.86333197725088,11.721565503521632
1.0357662289731253,3119.320160170827,3.5774273963869114,76.52742541711656

