0,1,2,3,4,5,6,7,8,9,10,11,12,13,14,15,16,17,18,19,20,21,22,23,24,25,26,27,28,29
github Code Version (SHA):,528ca1c557fe8e6666681dc5c9134b0f84d30530
Environment Observations,Environment Actions,alpha,epsilon,numActions,explore,patience,gainThresh,insertRandActions,useUpdatedPosterior,revisedSplitting,haveControl,confidence_factor
"['diamond', 'square']","['x', 'y']",0.99,0.99,75000,0.5,0,0.01,False,True,False,True,250

Model Num 0
Model States: 
['diamond'],['square']
Iteration: ,0
Error:,0.6739352694862818
Absolute Error:,1
Transition Probabilities
0.5,0.5
0.5,0.5

0.5,0.5
0.5,0.5

Transition Gammas
1.0,1.0
1.0,1.0

1.0,1.0
1.0,1.0

Iteration: ,2493
Error:,0.16335004040005208
Absolute Error:,1
Transition Probabilities
0.39363817097415504,0.6063618290258449
0.023054755043227664,0.9769452449567724

0.038,0.962
0.9588528678304239,0.04114713216957606


Model Num 1
Model States: 
['square'],"['diamond', 'x', 'square']","['diamond', 'x', 'diamond']"
Iteration: ,0
Error:,0.7250773076937472
Absolute Error:,1
Transition Probabilities
0.3333333333333333,0.3333333333333333,0.3333333333333333
0.3333333333333333,0.3333333333333333,0.3333333333333333
0.3333333333333333,0.3333333333333333,0.3333333333333333

0.3333333333333333,0.3333333333333333,0.3333333333333333
0.3333333333333333,0.3333333333333333,0.3333333333333333
0.3333333333333333,0.3333333333333333,0.3333333333333333

Transition Gammas
1.0,1.0,1.0
1.0,1.0,1.0
1.0,1.0,1.0

1.0,1.0,1.0
1.0,1.0,1.0
1.0,1.0,1.0

Iteration: ,2500
Error:,0.13202540133327315
Absolute Error:,1
Transition Probabilities
0.9774614472123369,0.020064485048141283,0.0024740677395218252
0.9957081545064378,0.002145922746781116,0.002145922746781116
0.003076923076923077,0.9750048831647798,0.021918193758297136

0.025525525525525523,0.24702502099879875,0.7274494534756757
0.7717425686756412,0.050187785399833346,0.17806964592452557
0.9830210852578138,0.010164041915906365,0.006814872826279739

Transition Gammas
824.0,16.9143608955831,2.0856391044168987
464.0,1.0,1.0
1.0,316.87658702855344,7.1234129714465695

17.0,164.5186639852,484.4813360148001
22.87043438909336,1.4873048341631738,5.277057815787804
167.59382359851494,1.7328526045355068,1.1618576767295856

Iteration: ,5000
Error:,0.17029382999616804
Absolute Error:,1
Transition Probabilities
0.9795037756202805,0.01824634400818026,0.002249880371539265
0.9986850756081526,0.0006574621959237344,0.0006574621959237344
0.0023364485981308422,0.9715647654888995,0.026098785912969723

0.031045751633986925,0.642099487583517,0.3268547607824961
0.7921804548347905,0.15221737926739737,0.055602165897812195
0.9840405657631515,0.00955375305198057,0.006405681184867844

Transition Gammas
908.0,16.9143608955831,2.0856391044168987
1519.0,1.0,1.0
1.0,415.82971962924876,11.170280370751035

57.0,1178.8946592033374,600.1053407966629
75.18379892580329,14.446557935135436,5.277057815787804
178.48454403976555,1.7328526045355068,1.1618576767295856

Iteration: ,7500
Error:,0.17888705731307836
Absolute Error:,1
Transition Probabilities
0.9794871794871794,0.01835834285146668,0.0021544776613538303
0.9992380952380953,0.00038095238095238096,0.00038095238095238096
0.00202020202020202,0.9753244473188014,0.022655350660996634

0.02671503957783641,0.7539394227721962,0.21934553764996736
0.8001816171531749,0.14668123823351217,0.05313714461331291
0.9840405657631515,0.00955375305198057,0.006405681184867844

Transition Gammas
955.0,17.899384280180016,2.1006157198199844
2623.0,1.0,1.0
1.0,482.7856014228067,11.214398577193334

81.0,2285.944329845299,665.055670154701
138.71468755073735,25.427780012624325,9.211536799105284
178.48454403976555,1.7328526045355068,1.1618576767295856

Iteration: ,10000
Error:,0.15332572217867826
Absolute Error:,1
Transition Probabilities
0.9801840056617127,0.017579290860051264,0.0022367034782360714
0.9993055555555556,0.00034722222222222224,0.00034722222222222224
0.0016528925619834697,0.9797280879434559,0.018619019494560667

0.028179551122194547,0.7703469777749381,0.2014734711028674
0.928363541619907,0.05178297344531667,0.01985348493477621
0.9840405657631515,0.00955375305198057,0.006405681184867844

Transition Gammas
1385.0,24.839537985252434,3.160462014747569
2878.0,1.0,1.0
1.0,592.7354932057913,11.264506794209211

113.0,3089.091380877498,807.9086191224974
700.0809498091778,39.04965200408874,14.971555825972876
178.48454403976555,1.7328526045355068,1.1618576767295856

Iteration: ,12500
Error:,0.13982344187256232
Absolute Error:,1
Transition Probabilities
0.980528511821975,0.017979209654264416,0.0014922785237606205
0.9994036970781157,0.0002981514609421586,0.0002981514609421586
0.001094091903719912,0.982175545644812,0.01673036245146797

0.028088701161562868,0.7347357425711213,0.23717555626731585
0.9410014353798989,0.040609715982852346,0.018388848637248722
0.9840405657631515,0.00955375305198057,0.006405681184867844

Transition Gammas
2115.0,38.781155224248344,3.2188447757516583
3352.0,1.0,1.0
1.0,897.7084487193587,15.29155128064173

133.0,3478.9737410742546,1123.026258925739
904.8518980642253,39.04965200408874,17.682422116511137
178.48454403976555,1.7328526045355068,1.1618576767295856

Iteration: ,15000
Error:,0.13947903208465126
Absolute Error:,1
Transition Probabilities
0.9785615491009682,0.0192728627549778,0.0021655881440540113
0.9994772608468374,0.00026136957658128593,0.00026136957658128593
0.000821692686935086,0.9824865793921844,0.01669172792088045

0.027828634199926795,0.7091460428039644,0.2630253229961088
0.9450405627130032,0.038748847119715386,0.016210590167281567
0.9840405657631515,0.00955375305198057,0.006405681184867844

Transition Gammas
2830.0,55.737119087395804,6.262880912604201
3824.0,1.0,1.0
1.0,1195.686167120289,20.31383287971152

152.0,3873.35568579525,1436.644314204745
1109.4128171423374,45.48848942598906,19.03012126103343
178.48454403976555,1.7328526045355068,1.1618576767295856

Iteration: ,15388
Error:,0.1404408149699236
Absolute Error:,1
Transition Probabilities
0.9780658025922233,0.019848949708072255,0.002085247699704417
0.9994861253854059,0.00025693730729701953,0.00025693730729701953
0.0007880220646178091,0.9824129090517733,0.016799068883609013

0.028007181328545815,0.7045867041099965,0.2674061145614578
0.9451705146649183,0.03759067459370628,0.017238810741375468
0.9840405657631515,0.00955375305198057,0.006405681184867844


Model Num 2
Model States: 
"['diamond', 'x', 'square']","['diamond', 'x', 'diamond']","['square', 'y', 'diamond', 'x', 'square']","['square', 'y', 'diamond', 'x', 'diamond']"
Iteration: ,0
Error:,0.6752952644992676
Absolute Error:,0.74
Transition Probabilities
0.25,0.25,0.25,0.25
0.25,0.25,0.25,0.25
0.25,0.25,0.25,0.25
0.25,0.25,0.25,0.25

0.25,0.25,0.25,0.25
0.25,0.25,0.25,0.25
0.25,0.25,0.25,0.25
0.25,0.25,0.25,0.25

Transition Gammas
1.0,1.0,1.0,1.0
1.0,1.0,1.0,1.0
1.0,1.0,1.0,1.0
1.0,1.0,1.0,1.0

1.0,1.0,1.0,1.0
1.0,1.0,1.0,1.0
1.0,1.0,1.0,1.0
1.0,1.0,1.0,1.0

Iteration: ,2500
Error:,0.04394166702310783
Absolute Error:,0.044552126884588095
Transition Probabilities
0.0021598272138228943,0.0021598272138228943,0.9678432355438326,0.027837110028521614
0.9763545222197882,0.018543436963885142,0.0025510204081632642,0.0025510204081632642
0.019194677101776414,0.009485048663565223,0.02576064435854027,0.9455596298761181
0.019198398375490006,0.011627553088939481,0.01667785460207301,0.9524961939334976

0.030390856806114096,0.018102521599429038,0.9321821414557389,0.01932448013871795
0.061889686907348744,0.03699761118455269,0.049773756874577434,0.8513389450335213
0.9684991554230862,0.0035506968296998595,0.013994925424166261,0.013955222323047535
0.0026370742041300194,0.9739170586562766,0.012097055719140135,0.011348811420453159

Transition Gammas
1.0,1.0,448.1114180567945,12.888581943205507
382.7309727101572,7.269027289842979,1.0,1.0
7.021777659021632,3.469811054773693,9.423733261033043,345.9036820016327
4.885764654673949,2.9590743348055697,4.244316163093465,242.39898282207454

7.4134903502600675,4.415896203549694,227.3948166205229,4.713978547763619
1.6728022411671009,1.0,1.3453235298434363,23.010646303266565
301.9790315808897,1.1071109190608384,4.363632123964328,4.351252656249301
1.079573971724537,398.7053172402865,4.952331818510042,4.646013146062889

Iteration: ,5000
Error:,0.03168002548878464
Absolute Error:,0.03000833428736785
Transition Probabilities
0.0011173184357541894,0.0011173184357541894,0.9764455341240044,0.021319829004487294
0.9844695548666633,0.013008377037498174,0.0012610340479192936,0.0012610340479192936
0.01814299049422407,0.00610352295772952,0.017722529229893706,0.9580309573181527
0.020260866828227725,0.006284597116413931,0.008443810791117737,0.9650107252642406

0.02248748126020208,0.017508140578977954,0.948424804911585,0.011579573249235024
0.03559961351656267,0.021281423853022282,0.029913896849088174,0.9132050657813269
0.969765929480543,0.001855094715669347,0.015153357025692737,0.013225618778094852
0.001299934657353103,0.9766690196141721,0.010378469853287074,0.011652575875187898

Transition Gammas
1.0,1.0,873.9187530409844,19.081246959016138
780.6843570092641,10.315642990736054,1.0,1.0
13.717614050488432,4.614772427350594,13.399710265602444,724.3513093993064
10.21870872896293,3.1696801502116108,4.258694544928994,486.7098533050833

11.417728088194938,8.889532186712572,481.55044174487045,5.8793787177529975
1.6728022411671009,1.0,1.405634183863123,42.910900703274045
583.6949727092457,1.1165678505695642,9.120694021806878,7.960402564233258
1.0803552975955035,811.6942981472997,8.625383455630317,9.684272979555818

Iteration: ,7500
Error:,0.025352699741352056
Absolute Error:,0.02375125341269925
Transition Probabilities
0.0007570022710068126,0.0007570022710068126,0.9786317893134342,0.019854206144552092
0.983107204613425,0.015146070495745215,0.0008733624454148464,0.0008733624454148464
0.016877194217646125,0.004362658801083433,0.017713120029582034,0.9610470269516884
0.017789288904563445,0.0042455356971314,0.008049545152557557,0.9699156302457476

0.024632515596954112,0.018091513406652947,0.9468630800265646,0.010412890969828274
0.015838953368106465,0.00946851515278683,0.019813231469052724,0.9548793000100539
0.9705993896001553,0.0011773845243616883,0.016562806602009518,0.011660419273473376
0.0008743762883273168,0.9796340616918043,0.00903364692738031,0.01045791509248801

Transition Gammas
1.0,1.0,1292.7725936830473,26.227406316953328
1125.6577492823726,17.342250717628286,1.0,1.0
18.441654587325154,4.7670629166437255,19.355067971419125,1050.1329240311775
13.694498375721336,3.268285878111646,6.196677315680494,746.6576148291006

19.307753229003875,14.180706595718675,742.1815534369563,8.161956843369564
1.6728022411671009,1.0,2.0925383916422393,100.84783987793568
925.2134857765491,1.1223292035376193,15.788318223444321,11.11516994263792
1.0814810750849886,1211.6702069483918,11.173356735977995,12.93497708979229

Iteration: ,10000
Error:,0.02278547927821103
Absolute Error:,0.02173568624144982
Transition Probabilities
0.0006090133982947623,0.0006090133982947623,0.9766346627430651,0.02214731046034536
0.9838191187929434,0.014796798162073875,0.000692041522491349,0.000692041522491349
0.015404883423793385,0.004253191893832449,0.014097313966428451,0.9662446107159457
0.019967071271682537,0.0048300796943172,0.009856590729078307,0.965346258304922

0.02158999273555017,0.016436764981591325,0.9526935693992352,0.009279672883623245
0.010239419223682517,0.007610308396539505,0.020068299049362134,0.9620819733304158
0.9750146817328303,0.0008572389064670432,0.013972330994286098,0.010155748366416526
0.0006424668042560239,0.9801778194967484,0.008743051723518256,0.010436661975477162

Transition Gammas
1.0,1.0,1603.6341162241133,36.36588377588709
1421.618626655804,21.381373344196763,1.0,1.0
21.229155161389237,5.861236866348065,19.427220402712674,1331.5619599602153
20.54067710537284,4.968836242643777,10.139746824710386,993.0783296618321

24.328829742816115,18.521880097780738,1073.549210084953,10.456862325986528
2.626444063412345,1.9520686546946342,5.1475834468299775,246.77712985179875
1282.9469241529798,1.127974828401115,18.385117073835655,13.363169163780825
1.0832321193926768,1652.6302834037829,14.741235478140544,17.596749584864

Iteration: ,12500
Error:,0.021946542664205735
Absolute Error:,0.01883844482127577
Transition Probabilities
0.0005227391531625717,0.0005227391531625717,0.9788425679253001,0.020111953768374827
0.986270421852439,0.012604718754985113,0.0005624296962879634,0.0005624296962879634
0.01459145635961925,0.003969838087849434,0.011337482101436487,0.9701012234510948
0.02105163951172437,0.004555121385821498,0.009115672449229064,0.9652775666532252

0.019014477351270986,0.014219718160515657,0.9582327410971092,0.008533063391104266
0.009290638553712953,0.003276870812758077,0.015941583449806764,0.9714909071837222
0.975338894377866,0.0007572154588842613,0.014269091222242087,0.009634798941007616
0.0004575050386429965,0.9804095232131843,0.008996613666566742,0.010136358081605873

Transition Gammas
1.0,1.0,1872.5258324410995,38.47416755890105
1753.5888100536386,22.411189946363557,1.0,1.0
25.07557076034787,6.822208381781442,19.48358187641295,1667.1291250041286
23.434890975128816,5.070805672677061,10.147655715541475,1074.5564269546546

26.09560129981832,19.51524035383486,1315.0852953857675,11.710835696751257
5.534537471599579,1.9520686546946342,9.496579858262473,578.7280172446048
1454.90221806554,1.1295299070247233,21.285045217295153,14.372122787976052
1.085685399124302,2326.5673918524108,21.349474375899717,24.054152501001273

Iteration: ,15000
Error:,0.022299843012188184
Absolute Error:,0.018884910197987402
Transition Probabilities
0.00045871559633027515,0.00045871559633027515,0.9795552621187373,0.019527306688602013
0.9865276648845486,0.012524916830278423,0.0004737091425864514,0.0004737091425864514
0.013565977455671412,0.0037850783881951994,0.009474916482467576,0.9731740276736659
0.02281281264553603,0.004305872871656467,0.008531203105822767,0.9643501113769848

0.01839161835611125,0.01322065988141587,0.9604076432244213,0.007980078538051529
0.011140656206073263,0.003096989617650964,0.018021792913706116,0.9677405612625696
0.9746284161346462,0.0006774841332616333,0.015239504433070317,0.009454595299021684
0.0003551742915463959,0.9798758675535678,0.009439178303350396,0.01032977985153549

Transition Gammas
1.0,1.0,2135.430471418848,42.5695285811524
2082.5599005712843,26.44009942871778,1.0,1.0
27.951029220368692,7.798688813654226,19.521900897106935,2005.1054760258905
27.151677387824613,5.124824935038398,10.153788489760526,1147.7639131948163

29.85057059615944,21.45783114224329,1558.792467310824,12.952090085310545
10.437835523930955,2.9016125846106195,16.884868072408754,906.6895720908043
1626.8597865778383,1.1308634903331467,25.43793769923457,15.781707813679528
1.087232878503564,2999.5224469034442,28.894504027241663,31.620746629478326

Iteration: ,15483
Error:,0.022605079228496174
Absolute Error:,0.019147749140720063
Transition Probabilities
0.0004488330341113109,0.0004488330341113109,0.9799879234148716,0.0191144105169058
0.9869096700141902,0.012169943423453608,0.0004601932811780944,0.0004601932811780944
0.013611595341141577,0.0036707368771411327,0.009191421855245453,0.9735262459264719
0.023636207142283122,0.0042832514729036104,0.00844542935188358,0.9636351120329297

0.018939531142398245,0.013763122028367193,0.9595887508900587,0.0077085959391758364
0.010435994234907786,0.003859875839502103,0.018191701083721444,0.9675124288418687
0.9735310906100118,0.0006613659662384097,0.01610833705268755,0.009699206371062176
0.00034105531644230454,0.9793063112305774,0.009544083514580262,0.010808549938400133

*,*,*,*,*,*,*,*,*,*,*
Model Num 2
Model States: 
"['diamond', 'x', 'square']","['diamond', 'x', 'diamond']","['square', 'y', 'diamond', 'x', 'square']","['square', 'y', 'diamond', 'x', 'diamond']"
Iteration: ,15483
Error:,0.023228197672612635
Absolute Error:,0.019147749140720063
Transition Probabilities
0.0004488330341113109,0.0004488330341113109,0.9799879234148716,0.0191144105169058
0.9869096700141902,0.012169943423453608,0.0004601932811780944,0.0004601932811780944
0.013611595341141577,0.0036707368771411327,0.009191421855245453,0.9735262459264719
0.023636207142283122,0.0042832514729036104,0.00844542935188358,0.9636351120329297

0.018939531142398245,0.013763122028367193,0.9595887508900587,0.0077085959391758364
0.010435994234907786,0.003859875839502103,0.018191701083721444,0.9675124288418687
0.9735310906100118,0.0006613659662384097,0.01610833705268755,0.009699206371062176
0.00034105531644230454,0.9793063112305774,0.009544083514580262,0.010808549938400133

Transition Gammas
1.0,1.0,2183.4130933683327,42.586906631666096
2144.554712940837,26.445287059164713,1.0,1.0
28.918606774567635,7.798688813654226,19.52769735429982,2068.3117581063448
28.419756545527466,5.150105655717917,10.154634567980812,1158.657779475383

31.84923081238474,23.14444042382865,1613.6705487734405,12.96298464097747
10.437835523930955,3.8605568620145814,18.1949107615695,967.6831332304401
1665.5623044512402,1.131495679427599,27.558892819273314,16.59385372542342
1.087454109869884,3122.515972124898,30.431288833544578,34.463037183692364

