0,1,2,3,4,5,6,7,8,9,10,11,12,13,14,15,16,17,18,19,20,21,22,23,24,25,26,27,28,29
github Code Version (SHA):,528ca1c557fe8e6666681dc5c9134b0f84d30530
Environment Observations,Environment Actions,alpha,epsilon,numActions,explore,patience,gainThresh,insertRandActions,useUpdatedPosterior,revisedSplitting,haveControl,confidence_factor
"['diamond', 'square']","['x', 'y']",0.8,0.99,75000,0.5,0,0.01,False,True,False,True,250

Model Num 0
Model States: 
['diamond'],['square']
Iteration: ,0
Error:,0.4540338253279986
Absolute Error:,1
Transition Probabilities
0.5,0.5
0.5,0.5

0.5,0.5
0.5,0.5

Transition Gammas
1.0,1.0
1.0,1.0

1.0,1.0
1.0,1.0

Iteration: ,2401
Error:,0.07715212689519725
Absolute Error:,1
Transition Probabilities
0.4604051565377532,0.5395948434622467
0.1527777777777778,0.8472222222222222

0.166,0.834
0.8533519553072626,0.14664804469273743


Model Num 1
Model States: 
['square'],"['diamond', 'x', 'square']","['diamond', 'x', 'diamond']"
Iteration: ,0
Error:,0.5198642423251199
Absolute Error:,1
Transition Probabilities
0.3333333333333333,0.3333333333333333,0.3333333333333333
0.3333333333333333,0.3333333333333333,0.3333333333333333
0.3333333333333333,0.3333333333333333,0.3333333333333333

0.3333333333333333,0.3333333333333333,0.3333333333333333
0.3333333333333333,0.3333333333333333,0.3333333333333333
0.3333333333333333,0.3333333333333333,0.3333333333333333

Transition Gammas
1.0,1.0,1.0
1.0,1.0,1.0
1.0,1.0,1.0

1.0,1.0,1.0
1.0,1.0,1.0
1.0,1.0,1.0

Iteration: ,2500
Error:,0.05583591485655635
Absolute Error:,1
Transition Probabilities
0.8707403055229143,0.06580906480667435,0.06345062967041144
0.9958419958419958,0.002079002079002079,0.002079002079002079
0.00263157894736842,0.7614129263272065,0.235955494725425

0.14495114006514656,0.3545589137140833,0.50048994622077
0.8467447178271967,0.05649382663768836,0.09676145553511487
0.7809297132040973,0.12183092305687843,0.09723936373902428

Transition Gammas
741.0,56.00351415047987,53.996485849520134
479.0,1.0,1.0
1.0,289.33691200433856,89.66308799566153

89.0,217.6991730204472,307.3008269795529
47.075539571798856,3.1408254642192968,5.379540767324583
49.87494341003651,7.78086720266241,6.210299956206541

Iteration: ,2858
Error:,0.05402868154715596
Absolute Error:,1
Transition Probabilities
0.8685968819599109,0.06861698188319205,0.06278613615689704
0.9965034965034965,0.0017482517482517483,0.0017482517482517483
0.0023041474654377876,0.769916903434282,0.22777894910028026

0.15066666666666664,0.36739083843878495,0.48194249489454843
0.8735420390140837,0.04661564693632279,0.07984231404959362
0.7947382754488674,0.11883263699760171,0.08642908755353079


Model Num 2
Model States: 
"['diamond', 'x', 'square']","['diamond', 'x', 'diamond']","['square', 'y', 'diamond', 'x', 'diamond']","['square', 'y', 'diamond', 'x', 'square']"
Iteration: ,0
Error:,0.4521425979930878
Absolute Error:,0.55
Transition Probabilities
0.25,0.25,0.25,0.25
0.25,0.25,0.25,0.25
0.25,0.25,0.25,0.25
0.25,0.25,0.25,0.25

0.25,0.25,0.25,0.25
0.25,0.25,0.25,0.25
0.25,0.25,0.25,0.25
0.25,0.25,0.25,0.25

Transition Gammas
1.0,1.0,1.0,1.0
1.0,1.0,1.0,1.0
1.0,1.0,1.0,1.0
1.0,1.0,1.0,1.0

1.0,1.0,1.0,1.0
1.0,1.0,1.0,1.0
1.0,1.0,1.0,1.0
1.0,1.0,1.0,1.0

Iteration: ,2500
Error:,0.06226285540901325
Absolute Error:,0.153406820369691
Transition Probabilities
0.0019267822736030833,0.0019267822736030833,0.07777404241854328,0.9183723930342506
0.7613402899035269,0.23395382774353193,0.002352941176470588,0.002352941176470588
0.10477781347899046,0.06380611741750838,0.6878151525959841,0.14360091650751708
0.06667841480905992,0.0755598888355213,0.7508422219279958,0.10691947442742303

0.07560619503755983,0.0357101924022837,0.16541002189189688,0.7232735906682597
0.1720060121320381,0.1476104371537389,0.2909802618204844,0.3894032888937386
0.002905927734852806,0.8861571313019811,0.05470133548968631,0.0562356054734798
0.8474775469845328,0.003241961374929631,0.07581712072098297,0.07346337091955456

Transition Gammas
1.0,1.0,40.36472801522395,476.63527198477595
323.5696232089989,99.43037679100107,1.0,1.0
15.900213471611227,9.68268810015303,104.37713283144541,21.791686153542184
22.981968910042102,26.04313586393537,258.7918841518634,36.8518064534912

10.694106669422471,5.051022691274256,23.39639519519117,102.30332218067684
5.12537913845113,4.398447739284033,8.670535088569565,11.603312399383732
1.0305243622877043,314.2564426736965,19.398644431414297,19.942740066575038
283.2348694116291,1.0834936098696408,25.338786098795904,24.55214104842575

Iteration: ,5000
Error:,0.04488023731616944
Absolute Error:,0.13198705802984823
Transition Probabilities
0.001001001001001001,0.001001001001001001,0.07093932721642733,0.9270586707815707
0.7945852578289805,0.20298165214668862,0.0012165450121654504,0.0012165450121654504
0.08780458878882588,0.06193862383960144,0.7010360719793912,0.14922071539218149
0.06620507331310165,0.0711529175189627,0.7402633607142726,0.12237864845366296

0.06921974677437943,0.035796407425078045,0.15609995812912955,0.7388838876714129
0.1421396248786953,0.11996334706831396,0.4102708585565066,0.32762616949648415
0.0014508187103574603,0.8773229152341133,0.058973245981107855,0.06225302007442144
0.8646134086798395,0.0017238017862964933,0.06737477367951084,0.06628801585435325

Transition Gammas
1.0,1.0,70.86838788921091,926.1316121107891
653.1490819354218,166.850918064578,1.0,1.0
28.918999450043742,20.399879476251826,230.89068646276536,49.146791140268995
48.2975597986803,51.90708380414405,540.0328425252918,89.27699639904763

21.243700952046044,10.986000526332843,47.907439475776194,226.7651801607938
8.338591443841008,7.037624731963863,24.068454336615893,19.220120892209174
1.04510208017188,631.9824779952838,42.481573755109835,44.84416992439368
557.7860730042707,1.1120723081130353,43.46533381621627,42.76423622333153

Iteration: ,7500
Error:,0.04354991382823912
Absolute Error:,0.1230120256623935
Transition Probabilities
0.0007158196134574088,0.0007158196134574088,0.06705007810987738,0.9315182826632079
0.822472633062599,0.17580471405195738,0.0008613264427217918,0.0008613264427217918
0.08349210633710896,0.05666117481788671,0.729222971770059,0.13062374707494537
0.06859531731237088,0.06740312362805417,0.7492038215275963,0.11479773753197856

0.06925518120044329,0.0413977996123323,0.15243872634949182,0.7369082928377325
0.13379623557813292,0.08599588387662253,0.4549136133924019,0.32529426715284265
0.0009740138073274533,0.8745832635311879,0.06098578362016699,0.0634569390413176
0.8809749078383272,0.0011167790286078247,0.05999726172849783,0.057911051404567086

Transition Gammas
1.0,1.0,93.6689591194987,1301.3310408805012
954.8907269856772,204.10927301432247,1.0,1.0
43.479260796787834,29.506813338883468,379.7493818227813,68.02348406918703
71.14042142852502,69.90399357237133,777.0016626152767,119.05709816715603

40.58481446562213,24.259874675495848,89.3319072888408,431.84186113726156
13.847967011891797,8.900610379180032,47.0837515293148,33.66809433184311
1.0563007456516922,948.4700796360523,66.13800361710688,68.81792796144943
895.7799854357141,1.1355468732201568,61.00553575267032,58.88426596739119

Iteration: ,10000
Error:,0.043823899025674004
Absolute Error:,0.12005377845331118
Transition Probabilities
0.00056274620146314,0.00056274620146314,0.0580495682512699,0.9408249393458039
0.8312700702726961,0.1673506193824763,0.0006896551724137927,0.0006896551724137927
0.08510298505535516,0.0653851179928073,0.7233679905454068,0.12614390640643075
0.06958323863005013,0.06971456700461842,0.7618637286129175,0.09883846575241392

0.0723116967502089,0.051037122901079784,0.15328722716214424,0.723363953186567
0.12217470050382521,0.08657333601322463,0.45982438189871483,0.3314275815842352
0.0007706865995922547,0.8728547496532333,0.05931618820284179,0.06705837554433272
0.8597439764881387,0.0007528981012261902,0.07001406680120253,0.06948905860943251

Transition Gammas
1.0,1.0,103.15408278250662,1671.8459172174937
1205.34160189541,242.65839810459076,1.0,1.0
60.114958548998054,46.18667201041523,510.9719328766695,89.10540211837258
86.84756698037467,87.01147929649125,950.8900778880098,123.36132154336393

66.72173115935541,47.09176172585093,141.43754911747502,667.4452043575267
20.297232599658088,14.382676042932143,76.39194036002576,55.06101251418053
1.0672746566342088,1208.7608033155882,82.14320118000181,92.86486202224191
1320.5314959997872,1.1564206125744654,107.5387358358498,106.73234478008207

Iteration: ,12500
Error:,0.03962518041701737
Absolute Error:,0.11425485243734805
Transition Probabilities
0.0004578754578754581,0.0004578754578754581,0.05283209362022833,0.9462521554640209
0.83916497099143,0.15971708602366233,0.0005589714924538849,0.0005589714924538849
0.0825004840136071,0.05881074087923507,0.7333985636372193,0.12529021146993846
0.07343519643200777,0.07153614550179566,0.7718777183417623,0.08315093972443417

0.07306744365931511,0.05746631704245394,0.14716926978441924,0.7222969695138117
0.09819618017302263,0.07600547130009812,0.49214718496919857,0.33365116355768065
0.0006179328278108158,0.8706809166641655,0.06051091665669389,0.06819023385132983
0.8612780228835871,0.0006357157788096247,0.06900805576177013,0.06907820557583315

Transition Gammas
1.0,1.0,115.38529246657862,2066.6147075334206
1501.2661331036682,285.7338668963319,1.0,1.0
82.70122439134273,58.95383931653712,735.1830708004867,125.59506791627041
117.40593236664382,114.3697881754898,1234.0543444839616,132.93916377753038

82.70710185511999,65.04774628533112,166.58505041939887,817.5883271045215
22.129184831248292,17.128355905722763,110.90875430360134,75.19058536207108
1.0741910219743465,1513.5587261134829,105.18988549991516,118.53931963597735
1579.7230578516862,1.1660054562444635,126.57192447498198,126.70059056866486

Iteration: ,15000
Error:,0.03726578141149228
Absolute Error:,0.10279322611948669
Transition Probabilities
0.00038684719535783354,0.00038684719535783354,0.04929612180583295,0.9499301838034513
0.8322196048604885,0.16685145877165272,0.00046446818392940084,0.00046446818392940084
0.0816000762438647,0.05954009650747509,0.7361099045309495,0.12274992271771079
0.07120381122114461,0.07472971278533723,0.7842602002952395,0.06980627569827873

0.07425062340013457,0.05801960837569319,0.14438952115363357,0.7233402470705387
0.08378224317137799,0.0735535910674669,0.5738003017100763,0.2688638640510789
0.0004744024377605067,0.8756518172745007,0.06061899352554886,0.06325478676218996
0.8644715683287668,0.000570230597560973,0.06765925373722172,0.06729894733645052

Transition Gammas
1.0,1.0,127.4304748680782,2455.5695251319225
1791.7688092646317,359.23119073536833,1.0,1.0
86.0094367626911,62.75741887911826,775.8865089161676,129.38286582064276
139.95417306670407,146.88448521247636,1541.4973709841754,137.2072565031149

93.8065213452903,73.30063213354764,182.41838354868312,913.851348574766
40.405582205605896,35.4726199478191,276.72612217988944,129.66471831997907
1.092846102440691,2017.1748697603575,139.64352949155216,145.71541305754036
1775.3588111544325,1.1710783244460838,138.95130468053458,138.21134611305834

Iteration: ,17500
Error:,0.03488533014119882
Absolute Error:,0.09892695544886247
Transition Probabilities
0.00033411293017039797,0.00033411293017039797,0.04688860597775586,0.9524431681619033
0.8272044152746763,0.17198750391724307,0.0004040404040404039,0.0004040404040404039
0.08093070055555288,0.061522062297823546,0.7403671813164994,0.11718005583012413
0.07201821381456082,0.07073914134277863,0.7966870448273471,0.060555600015313446

0.07309360502852767,0.05652866366198269,0.1422676103225267,0.7281101209869629
0.08797695522243268,0.06864371959926145,0.5901471453168455,0.25323217986146024
0.00038540914120072496,0.8739392230986346,0.06208327385555168,0.063592093904613
0.8662249292519261,0.0005117076593699711,0.0668675556426246,0.06639580744607937

Transition Gammas
1.0,1.0,140.33759769142316,2850.6624023085737
2047.3309278048243,425.66907219517674,1.0,1.0
90.9310750750038,69.12416706108219,831.8522301823864,131.65965920025715
167.76922652733768,164.7895775205482,1855.9134171140856,141.06662243286473

101.2181026488873,78.27940732858723,197.008446629732,1008.2677538888476
65.0162724872993,50.72872511583999,436.1274780482326,187.1423302477213
1.1066214137861807,2509.3329535869043,178.25908350919,182.5913434307874
1989.5038152199675,1.1752655761974231,153.5781903440749,152.49470174295556

Iteration: ,19925
Error:,0.035976525058635744
Absolute Error:,0.09685413678182223
Transition Probabilities
0.00029788501638367633,0.00029788501638367633,0.046208771491441834,0.9531954584757909
0.8293429973617703,0.16993654154312876,0.00036023054755043214,0.00036023054755043214
0.08131412048545321,0.062200776568078,0.7447747945180178,0.11171030842845099
0.07133623935944475,0.07180857399649343,0.8032108506981727,0.05364433594588908

0.07325215782569239,0.05613232741488431,0.1375660509107856,0.7330494638486377
0.08620929805359633,0.06621844968365001,0.6009787669729109,0.2465934852898429
0.00032571970298327703,0.8729813520156077,0.06260857632824328,0.06408435195316577
0.8656929523825996,0.0004674395301312182,0.06734937409441503,0.0664902339928543

*,*,*,*,*,*,*,*,*,*,*
Model Num 2
Model States: 
"['diamond', 'x', 'square']","['diamond', 'x', 'diamond']","['square', 'y', 'diamond', 'x', 'diamond']","['square', 'y', 'diamond', 'x', 'square']"
Iteration: ,19925
Error:,0.03683358458260727
Absolute Error:,0.09685413678182223
Transition Probabilities
0.00029788501638367633,0.00029788501638367633,0.046208771491441834,0.9531954584757909
0.8293429973617703,0.16993654154312876,0.00036023054755043214,0.00036023054755043214
0.08131412048545321,0.062200776568078,0.7447747945180178,0.11171030842845099
0.07133623935944475,0.07180857399649343,0.8032108506981727,0.05364433594588908

0.07325215782569239,0.05613232741488431,0.1375660509107856,0.7330494638486377
0.08620929805359633,0.06621844968365001,0.6009787669729109,0.2465934852898429
0.00032571970298327703,0.8729813520156077,0.06260857632824328,0.06408435195316577
0.8656929523825996,0.0004674395301312182,0.06734937409441503,0.0664902339928543

Transition Gammas
1.0,1.0,155.12284589677003,3199.8771541032256
2302.256160676275,471.7438393237256,1.0,1.0
96.63290160892039,73.91879154834865,885.0830459678725,132.75543261886256
190.9874310467148,192.25200540239067,2150.424221141399,143.62116652783473

111.83933224452579,85.70125716091711,210.0319735288737,1119.1992833047218
86.23037063624386,66.23463580029004,601.1256673075892,246.65376140525547
1.1170782927615586,2993.9500416784426,214.72045110079355,219.78172587320785
2185.150265996623,1.1798936456538707,170.00080953884773,167.83219973754706

