0,1,2,3,4,5,6,7,8,9,10,11,12,13,14,15,16,17,18,19,20,21,22,23,24,25,26,27,28,29
github Code Version (SHA):,ddb97f21bb9c22f159e8ea0ce9d830001061547e
Environment Observations,Environment Actions,alpha,epsilon,numActions,explore,patience,gainThresh,insertRandActions,useBudd,revisedSplitting,haveControl,confidence_factor
"['diamond', 'square']","['x', 'y']",0.99,0.99,75000,0.5,0,0.01,False,True,False,True,250

Model Num 0
Model States: 
['diamond'],['square']
Iteration: ,0
Error:,0.6757920470100527
Absolute Error:,1
Transition Probabilities
0.5,0.5
0.5,0.5

0.5,0.5
0.5,0.5

Transition Gammas
1.0,1.0
1.0,1.0

1.0,1.0
1.0,1.0

Iteration: ,2467
Error:,0.14240100862136215
Absolute Error:,1
Transition Probabilities
0.49903660886319845,0.5009633911368016
0.02250351617440225,0.9774964838255977

0.02,0.98
0.9878869448183042,0.012113055181695828


Model Num 1
Model States: 
['square'],"['diamond', 'x', 'square']","['diamond', 'x', 'diamond']"
Iteration: ,0
Error:,0.7236278292706965
Absolute Error:,1
Transition Probabilities
0.3333333333333333,0.3333333333333333,0.3333333333333333
0.3333333333333333,0.3333333333333333,0.3333333333333333
0.3333333333333333,0.3333333333333333,0.3333333333333333

0.3333333333333333,0.3333333333333333,0.3333333333333333
0.3333333333333333,0.3333333333333333,0.3333333333333333
0.3333333333333333,0.3333333333333333,0.3333333333333333

Transition Gammas
1.0,1.0,1.0
1.0,1.0,1.0
1.0,1.0,1.0

1.0,1.0,1.0
1.0,1.0,1.0
1.0,1.0,1.0

Iteration: ,2500
Error:,0.10321921595669505
Absolute Error:,1
Transition Probabilities
0.9837209302325581,0.013869897110816763,0.0024091726566250996
0.9957446808510638,0.002127659574468085,0.002127659574468085
0.003401360544217688,0.986351750962872,0.010246888492910316

0.017751479289940836,0.30143583168434646,0.6808126890257127
0.9056330236778685,0.03156303264763902,0.06280394367449242
0.9867977419798132,0.007204958015910914,0.005997300004275803

Transition Gammas
846.0,11.928111515302415,2.0718884846975856
468.0,1.0,1.0
1.0,289.9874147830843,3.012585216915632

12.0,203.77062221861814,460.22937778138163
28.692839303121016,1.0,1.98979433870054
164.54033336272508,1.201366950256633,1.0

Iteration: ,5000
Error:,0.16933801855170155
Absolute Error:,1
Transition Probabilities
0.9826652221018418,0.015062915134788656,0.002271862763369525
0.9987301587301587,0.0006349206349206349,0.0006349206349206349
0.0026666666666666674,0.9839404887741101,0.01339284455922318

0.018318965517241378,0.6868402616669707,0.29484077281578785
0.7822041160234682,0.16066491537930597,0.057130968597225766
0.986700473363801,0.007520962058333163,0.00577856457786586

Transition Gammas
907.0,13.90307066940993,2.0969293305900716
1573.0,1.0,1.0
1.0,368.97768329029117,5.022316709708691

34.0,1274.7755256538976,547.2244743461023
68.06601206353564,13.98077540679506,4.9714353556579525
170.75182946700048,1.301527733572687,1.0

Iteration: ,7500
Error:,0.14760347667248983
Absolute Error:,1
Transition Probabilities
0.98193315266486,0.015215613445756435,0.0028512338893835858
0.999163529903806,0.0004182350480970305,0.0004182350480970305
0.0023255813953488376,0.9859713293496423,0.011703089255008915

0.020046775810223842,0.7730537135322689,0.20689951065750725
0.9169077850927435,0.06809663368570941,0.014995581221547094
0.986700473363801,0.007520962058333163,0.00577856457786586

Transition Gammas
1087.0,16.843684084452374,3.1563159155476295
2389.0,1.0,1.0
1.0,423.9676716203461,5.0323283796538325

60.0,2313.7497646020825,619.2502353979196
307.5910228987007,22.844078272524253,5.030501694812933
170.75182946700048,1.301527733572687,1.0

Iteration: ,10000
Error:,0.1430685147884559
Absolute Error:,1
Transition Probabilities
0.980701754385965,0.017351742203757452,0.0019465034102776402
0.9992363497518136,0.00038182512409316535,0.00038182512409316535
0.0015873015873015875,0.9856377138901641,0.012774984522534344

0.02086049543676662,0.7599941328510502,0.21914537171218312
0.946026987845792,0.03887021356261271,0.015102798591595338
0.986700473363801,0.007520962058333163,0.00577856457786586

Transition Gammas
1677.0,29.67147916842524,3.3285208315747647
2617.0,1.0,1.0
1.0,620.9517597508033,8.048240249196635

80.0,2914.5774994837784,840.4225005162225
804.6512661355418,33.061389326044846,12.845813243224509
170.75182946700048,1.301527733572687,1.0

Iteration: ,12500
Error:,0.13527890186255495
Absolute Error:,1
Transition Probabilities
0.9828150572831423,0.015400469200901712,0.001784473515955898
0.9993533785968316,0.00032331070158422246,0.00032331070158422246
0.001068376068376069,0.9828322774642555,0.01609934646736849

0.021681997371879088,0.7252966248163251,0.25302137781179573
0.9484166020137111,0.03808882120506417,0.013494576781224848
0.986700473363801,0.007520962058333163,0.00577856457786586

Transition Gammas
2402.0,37.638746727003785,4.361253272996215
3091.0,1.0,1.0
1.0,919.9310117065427,15.068988293456902

99.0,3311.704388911343,1155.2956110886603
1003.7036708998029,40.30917381939343,14.281230657283258
170.75182946700048,1.301527733572687,1.0

Iteration: ,14490
Error:,0.1386820137379908
Absolute Error:,1
Transition Probabilities
0.9814937210839392,0.01639138086740356,0.002114898048657248
0.9994212962962963,0.00028935185185185184,0.00028935185185185184
0.0008396305625524771,0.9814498417609437,0.017710527676503857

0.022001557632398746,0.7025115666483326,0.27548687571926866
0.945832310588472,0.03939262336043844,0.014775066051089641
0.986700473363801,0.007520962058333163,0.00577856457786586


Model Num 2
Model States: 
"['diamond', 'x', 'square']","['diamond', 'x', 'diamond']","['square', 'y', 'diamond', 'x', 'square']","['square', 'y', 'diamond', 'x', 'diamond']"
Iteration: ,0
Error:,0.6743122474533282
Absolute Error:,0.74
Transition Probabilities
0.25,0.25,0.25,0.25
0.25,0.25,0.25,0.25
0.25,0.25,0.25,0.25
0.25,0.25,0.25,0.25

0.25,0.25,0.25,0.25
0.25,0.25,0.25,0.25
0.25,0.25,0.25,0.25
0.25,0.25,0.25,0.25

Transition Gammas
1.0,1.0,1.0,1.0
1.0,1.0,1.0,1.0
1.0,1.0,1.0,1.0
1.0,1.0,1.0,1.0

1.0,1.0,1.0,1.0
1.0,1.0,1.0,1.0
1.0,1.0,1.0,1.0
1.0,1.0,1.0,1.0

Iteration: ,2500
Error:,0.03374611672630715
Absolute Error:,0.03563886260418686
Transition Probabilities
0.002136752136752137,0.002136752136752137,0.9862546173437444,0.009471878382751302
0.9850546743359854,0.009750520469209411,0.0025974025974025974,0.0025974025974025974
0.009520808100668732,0.0053691877429263065,0.018710917465233914,0.966399086691171
0.014452339876804185,0.014443596993633906,0.009520851358055093,0.9615832117715067

0.02615839919772797,0.0055390028514935834,0.9424340086047097,0.025868589346068668
0.04868764679841395,0.04868764679841395,0.06226829704821652,0.8403564093549556
0.9745971496160997,0.003135680676272014,0.011133584853814193,0.011133584853814193
0.0026062920049395705,0.9829996592988114,0.0071970243481244535,0.0071970243481244535

Transition Gammas
1.0,1.0,461.56716091687235,4.432839083127609
379.2460496193544,3.7539503806456236,1.0,1.0
3.4542414368522008,1.9479933412955042,6.788502167730157,350.61895319056947
3.4398850866976036,3.437804142456841,2.2661129532251505,228.8719873728172

6.776721833189979,1.4349609574380373,244.15152755245848,6.701642286679206
1.0,1.0,1.2789342090413984,17.26015662318539
333.5548398612487,1.0731833827360557,3.8104575972323054,3.8104575972323054
1.0389894548425567,391.86947517378104,2.8690693098756634,2.8690693098756634

Iteration: ,5000
Error:,0.026070445730516808
Absolute Error:,0.026371810231715087
Transition Probabilities
0.0010570824524312906,0.0010570824524312906,0.9793514432154233,0.018534391879714
0.9848779317193164,0.012554674185690022,0.00128369704749679,0.00128369704749679
0.014023087348007572,0.004834670808056236,0.01445361096019027,0.9666886308837459
0.01804518394057341,0.008061280427202507,0.01708243212172351,0.9568111035105006

0.03162831194839876,0.0035406181409740455,0.9485581351375443,0.01627293477308298
0.023529056074144877,0.023529056074144877,0.031971961537563535,0.9209699263141468
0.9749358301201618,0.0016456809954225483,0.00947394460843156,0.013944544275983982
0.001285859187082964,0.9892194180630784,0.004744112357216381,0.0047506103926220665

Transition Gammas
1.0,1.0,926.4664652817896,17.533534718209427
767.2199088093479,9.780091190652533,1.0,1.0
10.359543374615209,3.57160878308019,10.67759231230769,714.1403710082737
8.648609716619013,3.863572045632407,8.187186615440401,458.5758634570573

15.64577889906131,1.7514601692958802,469.22930567653276,8.04983648554764
1.0,1.0,1.3588289065576338,39.14181356923039
640.1285797635447,1.08053002648785,6.220453202757278,9.155783434213632
1.0397180858412638,799.8615479497237,3.8359872283143335,3.8412414000009356

Iteration: ,7500
Error:,0.02249974777578031
Absolute Error:,0.02138488825740783
Transition Probabilities
0.0007518796992481211,0.0007518796992481211,0.9829842232057782,0.015512017395725627
0.9842868836887962,0.013949447880868538,0.0008818342151675481,0.0008818342151675481
0.015233105480043667,0.003439514872892948,0.01700167756186798,0.9643257020851954
0.014048874355192139,0.009340289055657054,0.021307615955913593,0.9553032206332371

0.025886462848780507,0.004095420029589316,0.9575569179321582,0.012461199189471913
0.009091214560407868,0.009091214560407868,0.017490090966180958,0.9643274799130033
0.9706333948543734,0.0011043952869867787,0.01154994427742665,0.01671226558121317
0.0008455138509759251,0.9842857346614012,0.007991682795500818,0.006877068692121865

Transition Gammas
1.0,1.0,1307.3690168636836,20.630983136315063
1116.1813261030954,15.818673896904928,1.0,1.0
16.59995666879525,3.748139072922383,18.527220939523612,1050.853674596489
10.588132468534322,7.039440692210937,16.058785538678354,719.9777570751753

20.288370331605204,3.20976251986068,750.4798735186536,9.766395100357052
1.0,1.0,1.9238453619112783,106.0724585813471
953.0519654436064,1.0843909806413794,11.340736010857237,16.409550344783277
1.0409807133149038,1211.8340403186185,9.839209195029218,8.466917324154458

Iteration: ,10000
Error:,0.023566846055031253
Absolute Error:,0.02106086538771005
Transition Probabilities
0.0005948839976204649,0.0005948839976204649,0.9859038120912718,0.01290641991348729
0.9853305284901872,0.013262011974274405,0.0007037297677691766,0.0007037297677691766
0.01726842159143607,0.004243017678140877,0.013376084000207566,0.9651124767302155
0.013686990920534116,0.007624342757686729,0.019626257740103903,0.9590624085816752

0.02440787518783622,0.005506101962347792,0.9592974814728601,0.01078854137695589
0.019022181851963877,0.007763084119223629,0.01464253908629333,0.9585721949425191
0.9750293915902052,0.0008088107140091187,0.010176993863146914,0.01398480383263879
0.0006234845600234913,0.9791752601945735,0.011847163611621416,0.008354091633781539

Transition Gammas
1.0,1.0,1657.3043081254255,21.695691874572102
1400.154680984556,18.84531901544393,1.0,1.0
24.008190384476016,5.899043851930425,18.596695104721533,1341.7905024546767
13.987957664640085,7.791996380681852,20.057824541405846,980.1514771856596

26.75853912852428,6.03638144128797,1051.68512196747,11.827559931101467
4.862248353807322,1.9843172183355982,3.742770525587146,245.02005674935475
1312.720243953095,1.0889335305823955,13.701685284533706,18.828288928682372
1.0428508486706545,1637.7851458787466,19.815766770958998,13.973195342372621

Iteration: ,12500
Error:,0.023250145912750552
Absolute Error:,0.02069019472888134
Transition Probabilities
0.0005091649694501023,0.0005091649694501023,0.985875030548139,0.013106639512960776
0.9868863488159111,0.011966862193263275,0.000573394495412844,0.000573394495412844
0.02026837633379466,0.004616395095914776,0.01076678479938874,0.9643484437709019
0.012454382007007013,0.0069377175602657794,0.017892654212145056,0.9627152462205821

0.025090501171322076,0.005399976905152907,0.9602027204548553,0.009306801468669669
0.016607678205444485,0.0033760833643143293,0.01880681000772823,0.961209428422513
0.9711147816008199,0.0007127651082968551,0.011372740894449092,0.01679971239643415
0.00044601144148739483,0.9788025468557168,0.013218067940855983,0.00753337376193975

Transition Gammas
1.0,1.0,1936.258559996543,25.741440003454937
1721.1297923349491,20.870207665051154,1.0,1.0
35.105014640875225,7.995638859336892,18.648170519090176,1670.2603938252748
13.987957664640085,7.791996380681852,20.09587384478147,1081.259600007504

33.370911884259634,7.182086648984997,1277.0904876124862,12.378248230858622
9.761282013346658,1.9843172183355982,11.053837507321347,564.9577375387726
1485.592670128188,1.0903743208021601,17.397799757727835,25.69987613128837
1.0462184454894112,2295.9977788852443,31.00590076195748,17.671193725935105

Iteration: ,15000
Error:,0.02191351243052358
Absolute Error:,0.0189322300123643
Transition Probabilities
0.0004411116012351133,0.0004411116012351133,0.9877453820429053,0.01137239475462442
0.9880105650263882,0.011026043836810183,0.0004816955684007707,0.0004816955684007707
0.01872636560177342,0.004350189218904627,0.009025602099620242,0.9678978430797018
0.011607234057868702,0.006465813518814878,0.016697240072939098,0.9652297123503772

0.02583013046752393,0.004678351798626359,0.9614940815181314,0.007997436215718306
0.013739972509392155,0.0032078634861633258,0.017245727802187992,0.9658064362022565
0.9684679393692585,0.0006337512641744386,0.012203802742660447,0.01869450662390664
0.0003469869173155273,0.9811893176384748,0.012172534486511783,0.006291160957697862

Transition Gammas
1.0,1.0,2239.2187810912624,25.78121890873351
2051.109932994782,22.89006700521794,1.0,1.0
38.7639407693536,9.004976235278134,18.683171771691747,2003.5673476530596
13.987957664640085,7.791996380681852,20.12195895182025,1163.2049707705248

40.104415618696386,7.263709534045291,1492.8363721817568,12.416991322689464
12.703043495526808,2.9657722651621024,15.944226251796309,892.9189020538846
1667.5698042787176,1.091233306338509,21.01328513186333,32.18939263205592
1.0483020645739127,2964.327287541379,36.775141645193195,19.006586967439944

Iteration: ,15582
Error:,0.021732936500718843
Absolute Error:,0.019115640120056985
Transition Probabilities
0.00042753313381787195,0.00042753313381787195,0.9872640219191314,0.011880911813232871
0.9884320594928091,0.010638572477451189,0.0004646840148698888,0.0004646840148698888
0.018932924205198123,0.004213184438514202,0.008694913365393983,0.9681589779908938
0.013074286314824596,0.006383447389475636,0.016487735320486967,0.9640545309752129

0.02559772761125643,0.004524182566893275,0.9621378653574961,0.0077402244643540756
0.012691545284418215,0.0029630877844219667,0.018308180756474602,0.9660371861746851
0.9673222942908368,0.0006168492557723256,0.012518218754054934,0.01954263769933605
0.000329983520209001,0.9813069213140334,0.01225334364870376,0.006109751517053815

*,*,*,*,*,*,*,*,*,*,*
Model Num 2
Model States: 
"['diamond', 'x', 'square']","['diamond', 'x', 'diamond']","['square', 'y', 'diamond', 'x', 'square']","['square', 'y', 'diamond', 'x', 'diamond']"
Iteration: ,15582
Error:,0.022188985936912334
Absolute Error:,0.019115640120056985
Transition Probabilities
0.00042753313381787195,0.00042753313381787195,0.9872640219191314,0.011880911813232871
0.9884320594928091,0.010638572477451189,0.0004646840148698888,0.0004646840148698888
0.018932924205198123,0.004213184438514202,0.008694913365393983,0.9681589779908938
0.013074286314824596,0.006383447389475636,0.016487735320486967,0.9640545309752129

0.02559772761125643,0.004524182566893275,0.9621378653574961,0.0077402244643540756
0.012691545284418215,0.0029630877844219667,0.018308180756474602,0.9660371861746851
0.9673222942908368,0.0006168492557723256,0.012518218754054934,0.01954263769933605
0.000329983520209001,0.9813069213140334,0.01225334364870376,0.006109751517053815

Transition Gammas
1.0,1.0,2309.2105472688427,27.789452731151616
2127.105792028524,22.894207971474945,1.0,1.0
40.696438498489826,9.05626619144823,18.6897704332066,2081.063753149635
15.959212229597457,7.791996380681852,20.125860856108357,1176.7794042641683

41.097912241737326,7.263709534045291,1544.7409299537428,12.427160355729647
12.703043495526808,2.9657722651621024,18.32476749375794,966.912390829159
1711.563600437054,1.0914425723130983,22.149523161209203,34.578410463737164
1.0485946481588166,3118.3168942478374,38.93767350546348,19.41506878375342

