0,1,2,3,4,5,6,7,8,9,10,11,12,13,14,15,16,17,18,19,20,21,22,23,24,25,26,27,28,29
github Code Version (SHA):,528ca1c557fe8e6666681dc5c9134b0f84d30530
Environment Observations,Environment Actions,alpha,epsilon,numActions,explore,patience,gainThresh,insertRandActions,useUpdatedPosterior,revisedSplitting,haveControl,confidence_factor
"['diamond', 'square']","['x', 'y']",0.85,0.99,75000,0.5,0,0.01,False,True,False,True,250

Model Num 0
Model States: 
['diamond'],['square']
Iteration: ,0
Error:,0.5057231352194343
Absolute Error:,1
Transition Probabilities
0.5,0.5
0.5,0.5

0.5,0.5
0.5,0.5

Transition Gammas
1.0,1.0
1.0,1.0

1.0,1.0
1.0,1.0

Iteration: ,2430
Error:,0.09428523679042138
Absolute Error:,1
Transition Probabilities
0.45880149812734083,0.5411985018726592
0.11360239162929746,0.8863976083707026

0.14,0.86
0.8772169167803547,0.12278308321964529


Model Num 1
Model States: 
['square'],"['diamond', 'x', 'square']","['diamond', 'x', 'diamond']"
Iteration: ,0
Error:,0.5676226078163161
Absolute Error:,1
Transition Probabilities
0.3333333333333333,0.3333333333333333,0.3333333333333333
0.3333333333333333,0.3333333333333333,0.3333333333333333
0.3333333333333333,0.3333333333333333,0.3333333333333333

0.3333333333333333,0.3333333333333333,0.3333333333333333
0.3333333333333333,0.3333333333333333,0.3333333333333333
0.3333333333333333,0.3333333333333333,0.3333333333333333

Transition Gammas
1.0,1.0,1.0
1.0,1.0,1.0
1.0,1.0,1.0

1.0,1.0,1.0
1.0,1.0,1.0
1.0,1.0,1.0

Iteration: ,2500
Error:,0.08181641697572183
Absolute Error:,1
Transition Probabilities
0.8903803131991052,0.06686071711345587,0.042758969687438995
0.9958419958419958,0.002079002079002079,0.002079002079002079
0.0029498525073746304,0.7987161731171796,0.19833397437544578

0.11869918699186992,0.34265212023039376,0.5386486927777363
0.7088774441349915,0.1259064684331835,0.16521608743182503
0.9484478538508944,0.02638361649519474,0.025168529653910872

Transition Gammas
796.0,59.773481099429546,38.22651890057046
479.0,1.0,1.0
1.0,270.76478268672395,67.23521731327614

73.0,210.73105394169218,331.26894605830785
34.14550878688106,6.06471606591526,7.9581984330470545
87.12298828623062,2.4235591883374314,2.3119431451252446

Iteration: ,2874
Error:,0.08309059475219946
Absolute Error:,1
Transition Probabilities
0.8936842105263157,0.0629194537888732,0.043396335684811015
0.9964476021314387,0.0017761989342806395,0.0017761989342806395
0.002475247524752475,0.8061261116478313,0.19139864082741617

0.12799999999999997,0.34733361306008514,0.5246663869399149
0.721423225420868,0.11442492787641698,0.16415184670271502
0.9538508246577023,0.02361845693638119,0.022530718405916524


Model Num 2
Model States: 
"['diamond', 'x', 'square']","['diamond', 'x', 'diamond']","['square', 'y', 'diamond', 'x', 'diamond']","['square', 'y', 'diamond', 'x', 'square']"
Iteration: ,0
Error:,0.5053740996866469
Absolute Error:,0.6
Transition Probabilities
0.25,0.25,0.25,0.25
0.25,0.25,0.25,0.25
0.25,0.25,0.25,0.25
0.25,0.25,0.25,0.25

0.25,0.25,0.25,0.25
0.25,0.25,0.25,0.25
0.25,0.25,0.25,0.25
0.25,0.25,0.25,0.25

Transition Gammas
1.0,1.0,1.0,1.0
1.0,1.0,1.0,1.0
1.0,1.0,1.0,1.0
1.0,1.0,1.0,1.0

1.0,1.0,1.0,1.0
1.0,1.0,1.0,1.0
1.0,1.0,1.0,1.0
1.0,1.0,1.0,1.0

Iteration: ,2500
Error:,0.03562637563182231
Absolute Error:,0.07544914627126019
Transition Probabilities
0.0019230769230769227,0.0019230769230769227,0.0634038399541029,0.9327500061997432
0.8437396364617973,0.15115832272187613,0.002551020408163265,0.002551020408163265
0.04366221536549141,0.06789800820351365,0.8024116353743079,0.08602814105668702
0.06412513197048818,0.046994524258972346,0.7626182353985653,0.12626210837197419

0.042786334777265476,0.05442389890654356,0.035089274104316816,0.8677004922118741
0.03064858888620417,0.11629621521490367,0.7768903842716716,0.0761648116272206
0.002921553314540632,0.8968633187241796,0.07482081628402541,0.02539431167725448
0.908008415884829,0.0030644447393883005,0.06768964283812041,0.021237496537662322

Transition Gammas
1.0,1.0,32.96999677613351,485.0300032238666
330.7459374930246,59.25406250697545,1.0,1.0
10.894930125739602,16.942430631654,200.2238921296919,21.466400131420052
20.730684090992366,15.192618034183457,246.54292684112747,40.818627594040215

7.057986435581681,8.977706135697256,5.788287824884444,143.13491295900997
1.1077073520237923,4.203200776531563,28.078525689046856,2.752763662895949
1.048079916103192,321.74132409843287,26.841267781575194,9.109971712557986
320.8672538510222,1.0828974169226795,23.919811129128433,7.504795190769065

Iteration: ,5000
Error:,0.03366542109787406
Absolute Error:,0.06773610592714832
Transition Probabilities
0.0010101010101010108,0.0010101010101010108,0.07243632660354751,0.9255434713762505
0.8494261753058793,0.14799982212011817,0.0012870012870012867,0.0012870012870012867
0.0556409186045146,0.051915380876298434,0.8112998561523019,0.08114384436688508
0.0660927000212484,0.04380516032464314,0.7740132170368385,0.11608892261727001

0.04648068572522722,0.04331866875987016,0.028112434693265864,0.8820882108216368
0.026489554830715908,0.07181298863074459,0.8453370897027045,0.05636036683583502
0.0014441053799408813,0.9042841869405183,0.07904449244348817,0.0152272152360527
0.9089058708169614,0.0016041197257348943,0.07253134434186974,0.016958665115434042

Transition Gammas
1.0,1.0,71.71196333751199,916.2880366624873
660.0041382126683,114.99586178733183,1.0,1.0
28.568675638301208,26.65580860438014,416.5596653886829,41.66308227654319
41.89280745570764,27.765867432510678,490.6076867652932,73.58287498290005

17.085197787071262,15.922915337570327,10.333464309238595,324.23470765088
1.8850110721217308,5.110251174706021,60.154645253496454,4.010634236525604
1.0587686558095184,662.9902265969059,57.95271742354682,11.164073225637967
626.4721831551977,1.1056550726426475,49.992932267221725,11.68892434231331

Iteration: ,7500
Error:,0.034875905867936784
Absolute Error:,0.06501041765517268
Transition Probabilities
0.000736377025036819,0.000736377025036819,0.06288295723568398,0.9356442887142423
0.864420500890961,0.13382971783169859,0.0008748906386701664,0.0008748906386701664
0.06062538224992103,0.04815355586348144,0.8103063090540721,0.08091475283252555
0.06485658774958383,0.04130269547729201,0.7933323791210671,0.10050833765205693

0.05435503563337695,0.04199425968865905,0.025619040548262997,0.878031664129701
0.050037843680992934,0.05885084708035382,0.8347119201134086,0.05639938912524475
0.0009480226763236453,0.9077390083790483,0.07979392990201523,0.01151903904261285
0.9041604797337099,0.0011300791773333789,0.07703261842026542,0.017676822668691406

Transition Gammas
1.0,1.0,85.3950559260588,1270.6049440739407
988.0326325183682,152.96736748163144,1.0,1.0
48.30489604575374,38.36763454339946,645.6332409207423,64.47099513583845
61.87798574237832,39.405828930339744,756.897816359996,95.89239428132005

34.74419524610623,26.843083457432563,16.375905865107814,561.2452133515527
6.4231288401715165,7.554413726543767,107.14814654077408,7.239731295535851
1.068281549578969,1022.8878050100499,89.91597480904517,12.98025583715268
897.6960750024019,1.1219995395429083,76.48186439579437,17.550440086555504

Iteration: ,10000
Error:,0.04109323544687232
Absolute Error:,0.06834631662661711
Transition Probabilities
0.0005868544600938966,0.0005868544600938966,0.06143076573974114,0.9373955253400711
0.8797994924871365,0.11881546596161696,0.0006925207756232694,0.0006925207756232694
0.06106891582674703,0.04680065299619385,0.8118559035572176,0.08027452761984151
0.06181291773202071,0.04545619275032185,0.8077399606193546,0.08499092889830277

0.053485155171525425,0.045910209401377015,0.027978336735872678,0.8726262986912249
0.06707753467205145,0.07258673125404995,0.7908035055169153,0.06953222855698349
0.0007024638877712608,0.9116945765831596,0.07885477802437675,0.00874818150469246
0.9026429748253572,0.0008413406470276614,0.08268171562873053,0.013833968898884665

Transition Gammas
1.0,1.0,104.67802482051891,1597.3219751794813
1270.430467151424,171.56953284857474,1.0,1.0
64.76934429310327,49.636506003352125,861.049747191604,85.13870677066343
74.3945102425425,54.70848685401887,972.149851170648,102.29024550919362

49.50802393412531,42.49634760476761,25.897880642104468,807.7382133903268
17.584311786976937,19.028542420485497,207.30838530709661,18.227807449500375
1.085075148888485,1408.2675930366433,121.80463863678433,13.513056705056744
1220.5982704230046,1.1377022446745644,111.80628654597501,18.706973833515182

Iteration: ,12500
Error:,0.04054889358264816
Absolute Error:,0.06759337563510157
Transition Probabilities
0.0004870920603994155,0.0004870920603994155,0.058371581910531586,0.9406542339686694
0.8796655829216418,0.11917499678850312,0.0005797101449275367,0.0005797101449275367
0.06514791986389634,0.0444980511651153,0.8163311559155322,0.0740228730554563
0.061457869004850965,0.04065911614459996,0.8263303722630088,0.07155264258754035

0.06092899368016103,0.046507588674735596,0.02760151048885287,0.8649619071562505
0.06558280421711211,0.06342315163240776,0.7855622435539779,0.08543180059650245
0.0005181238884141668,0.9060197424704236,0.08685502309818902,0.00660711054297319
0.9041942282206352,0.0007043114475450134,0.08330165390804109,0.011799806423778682

Transition Gammas
1.0,1.0,119.83685766232135,1931.1631423376784
1517.423130539831,205.5768694601677,1.0,1.0
78.17377761344072,53.395116272023735,979.5506959360214,88.82321382838252
90.51979246123841,59.88581795402102,1217.0817994968456,105.388137629147

68.8445579868906,52.549602282218906,31.187348987750074,977.3330655395225
35.157373087639805,33.99963497981542,421.12113396005554,45.797945406189044
1.105421302177105,1933.000091127311,185.30586000905467,14.096321175995028
1470.3891707946693,1.1453423313427773,135.4640916661336,19.188695350490388

Iteration: ,15000
Error:,0.043619936194107194
Absolute Error:,0.06854239404138208
Transition Probabilities
0.00041753653444676417,0.00041753653444676417,0.058014090482014766,0.9411508364490917
0.8811091573747765,0.11790270033273345,0.0004940711462450595,0.0004940711462450595
0.06808589742595977,0.04390502969399623,0.8207452476263732,0.06726382525367083
0.06162362968195545,0.04074595930679452,0.8372039053851603,0.06042650562608963

0.06422756386980931,0.04804128283966429,0.02589584901462883,0.8618353042758975
0.06744370444908976,0.06079974734766341,0.7663837411733601,0.10537280702988679
0.0004053472507370577,0.9013152215381134,0.09305363123683687,0.0052257999743125375
0.9054679108683894,0.0006286125372241967,0.08324661908907806,0.010656857505308346

Transition Gammas
1.0,1.0,138.94374670442534,2254.056253295574
1783.3649345265467,238.63506547345239,1.0,1.0
90.73524508777334,58.510407888841264,1093.7730721547352,89.63970367828264
110.16654353982605,72.84286114289654,1496.6963317536274,108.0264063862086

83.46477885479067,62.43043961998763,33.65208301601213,1119.969196191974
56.44371927696674,50.88338340003998,641.3874964100446,88.18663191774289
1.1199524954784272,2490.28513142452,257.1021422435348,14.438602239093381
1654.8896249941427,1.1488914775520673,152.14671286830256,19.477137410272224

Iteration: ,16397
Error:,0.04428077717660186
Absolute Error:,0.06890233046041516
Transition Probabilities
0.0003840245775729647,0.0003840245775729647,0.057069061931168286,0.9421628889136858
0.8786246120866829,0.12047204554656,0.00045167118337850065,0.00045167118337850065
0.06624850863243575,0.04563501252239493,0.8231457591212532,0.06497071972391608
0.06121712454585025,0.04313903131539228,0.8400890819358567,0.05555476220290077

0.06262700114665089,0.04905049043971885,0.025584281492139933,0.8627382269214903
0.07137562429806123,0.06222723130752961,0.7547718713558159,0.11162527303859326
0.00036369981021208464,0.9037296756423451,0.09121509805045877,0.004691526496984095
0.9080236217135645,0.0005908635664958211,0.08133716798142772,0.010048346738511854

*,*,*,*,*,*,*,*,*,*,*
Model Num 2
Model States: 
"['diamond', 'x', 'square']","['diamond', 'x', 'diamond']","['square', 'y', 'diamond', 'x', 'diamond']","['square', 'y', 'diamond', 'x', 'square']"
Iteration: ,16397
Error:,0.04423106399604912
Absolute Error:,0.06890233046041516
Transition Probabilities
0.0003840245775729647,0.0003840245775729647,0.057069061931168286,0.9421628889136858
0.8786246120866829,0.12047204554656,0.00045167118337850065,0.00045167118337850065
0.06624850863243575,0.04563501252239493,0.8231457591212532,0.06497071972391608
0.06121712454585025,0.04313903131539228,0.8400890819358567,0.05555476220290077

0.06262700114665089,0.04905049043971885,0.025584281492139933,0.8627382269214903
0.07137562429806123,0.06222723130752961,0.7547718713558159,0.11162527303859326
0.00036369981021208464,0.9037296756423451,0.09121509805045877,0.004691526496984095
0.9080236217135645,0.0005908635664958211,0.08133716798142772,0.010048346738511854

Transition Gammas
1.0,1.0,148.60783726876218,2453.3921627312375
1945.2748911599151,266.72510884008375,1.0,1.0
91.66691554955295,63.14437751652318,1138.972549631059,89.8988611376823
120.8906806423708,85.19032699852349,1658.9956106054076,109.70873044851292

87.27751694985386,68.35717713397399,35.654470447200815,1202.3192687624633
71.42898740903757,62.2737547345773,755.33616729759,111.7087283062915
1.1256944950992585,2797.151640896357,282.32165885779386,14.52083669823104
1768.6195951855627,1.1508653043779355,158.42595464353636,19.57185090340863

