0,1,2,3,4,5,6,7,8,9,10,11,12,13,14,15,16,17,18,19,20,21,22,23,24,25,26,27,28,29
github Code Version (SHA):,528ca1c557fe8e6666681dc5c9134b0f84d30530
Environment Observations,Environment Actions,alpha,epsilon,numActions,explore,patience,gainThresh,insertRandActions,useUpdatedPosterior,revisedSplitting,haveControl,confidence_factor
"['diamond', 'square']","['x', 'y']",0.99,0.99,75000,0.5,0,0.01,False,True,False,True,250

Model Num 0
Model States: 
['diamond'],['square']
Iteration: ,0
Error:,0.6751759298456066
Absolute Error:,1
Transition Probabilities
0.5,0.5
0.5,0.5

0.5,0.5
0.5,0.5

Transition Gammas
1.0,1.0
1.0,1.0

1.0,1.0
1.0,1.0

Iteration: ,2485
Error:,0.14789326157368066
Absolute Error:,1
Transition Probabilities
0.41865079365079366,0.5813492063492064
0.022727272727272728,0.9772727272727273

0.024,0.976
0.9757343550446999,0.024265644955300127


Model Num 1
Model States: 
['square'],"['diamond', 'x', 'square']","['diamond', 'x', 'diamond']"
Iteration: ,0
Error:,0.72330454314247
Absolute Error:,1
Transition Probabilities
0.3333333333333333,0.3333333333333333,0.3333333333333333
0.3333333333333333,0.3333333333333333,0.3333333333333333
0.3333333333333333,0.3333333333333333,0.3333333333333333

0.3333333333333333,0.3333333333333333,0.3333333333333333
0.3333333333333333,0.3333333333333333,0.3333333333333333
0.3333333333333333,0.3333333333333333,0.3333333333333333

Transition Gammas
1.0,1.0,1.0
1.0,1.0,1.0
1.0,1.0,1.0

1.0,1.0,1.0
1.0,1.0,1.0
1.0,1.0,1.0

Iteration: ,2500
Error:,0.12342934122908275
Absolute Error:,1
Transition Probabilities
0.983739837398374,0.01080561735292386,0.005454545248702155
0.995850622406639,0.002074688796680498,0.002074688796680498
0.0030864197530864204,0.971930829150633,0.024982751096280467

0.018264840182648394,0.2862577426622782,0.6954774171550733
0.7967082486856047,0.059768165785565236,0.14352358552883002
0.984179576763729,0.00900691010406426,0.0068135131322067995

Transition Gammas
847.0,9.303636540867444,4.696363459132556
480.0,1.0,1.0
1.0,314.90558864480505,8.09441135519487

12.0,188.07133692911685,456.9286630708833
22.876136410826394,1.7161422839429195,4.121038192017087
144.44524545078073,1.3219186533140284,1.0

Iteration: ,5000
Error:,0.16526552153112986
Absolute Error:,1
Transition Probabilities
0.982086406743941,0.012964843562557896,0.004948749693501113
0.9987121699935608,0.000643915003219575,0.000643915003219575
0.0023696682464454982,0.9664539869121379,0.031176344841416574

0.025219298245614034,0.6651610251213099,0.30961967663307616
0.7856237284790714,0.1647350563260484,0.049641215194880337
0.9852919619207816,0.008373605105769575,0.006334432973448921

Transition Gammas
932.0,12.303636540867444,4.696363459132556
1551.0,1.0,1.0
1.0,407.8435824769221,13.15641752307779

46.0,1213.2537098212692,564.7462901787309
65.21970457224057,13.675721998718247,4.121038192017087
155.54540809740666,1.3219186533140284,1.0

Iteration: ,7500
Error:,0.17321440297864718
Absolute Error:,1
Transition Probabilities
0.9819095477386934,0.013242679578965499,0.0048477726823410346
0.9992435703479576,0.00037821482602118004,0.00037821482602118004
0.0020576131687242804,0.9707468611238198,0.027195525707455915

0.030632411067193676,0.7618312422440511,0.20753634668875534
0.8221617054346975,0.14643933199547465,0.03139896256982786
0.9852919619207816,0.008373605105769575,0.006334432973448921

Transition Gammas
977.0,13.176466181070671,4.823533818929329
2642.0,1.0,1.0
1.0,471.7829745061763,13.217025493823572

93.0,2312.919651452939,630.0803485470612
132.8214524600382,23.657492977774773,5.072549337551408
155.54540809740666,1.3219186533140284,1.0

Iteration: ,10000
Error:,0.14956928357569524
Absolute Error:,1
Transition Probabilities
0.9772283669486012,0.018687778927191635,0.004083854124207193
0.9992792792792793,0.00036036036036036037,0.00036036036036036037
0.0016025641025641016,0.977103015246154,0.021294420651281912

0.03091738469336041,0.763604647795882,0.20547796751075764
0.9488296271390283,0.044593687061584376,0.0065766857993872566
0.9852919619207816,0.008373605105769575,0.006334432973448921

Transition Gammas
1502.0,28.723116211093544,6.2768837889064555
2773.0,1.0,1.0
1.0,609.7122815136004,13.287718486399921

122.0,3013.1839402025457,810.8160597974485
749.2300072579145,35.21277953930549,5.193187700162253
155.54540809740666,1.3219186533140284,1.0

Iteration: ,12500
Error:,0.14388513590415053
Absolute Error:,1
Transition Probabilities
0.9796550199026979,0.017071887863108565,0.0032730922341935136
0.9993848046754845,0.00030759766225776686,0.00030759766225776686
0.0010570824524312895,0.9763999304972151,0.022542987050353666

0.02911582102333552,0.7275675740871932,0.24331660488947132
0.9530385803064166,0.040095274713519105,0.006866144980064248
0.9852919619207816,0.008373605105769575,0.006334432973448921

Transition Gammas
2215.0,38.59953845848847,7.400461541511534
3249.0,1.0,1.0
1.0,923.6743342503656,21.325665749634574

136.0,3398.468138561274,1136.5318614387188
952.2015331628812,40.060059313154696,6.8601144927771385
155.54540809740666,1.3219186533140284,1.0

Iteration: ,14930
Error:,0.13464749114957042
Absolute Error:,1
Transition Probabilities
0.980121293800539,0.016991342374201697,0.002887363825259219
0.9994593133279265,0.0002703433360367667,0.0002703433360367667
0.0007987220447284351,0.9725445950041067,0.02665668295116493

0.027338664682908714,0.703179911075414,0.26948142424167737
0.9581989124171196,0.03471322870853561,0.007087858874344668
0.9852919619207816,0.008373605105769575,0.006334432973448921


Model Num 2
Model States: 
"['diamond', 'x', 'square']","['diamond', 'x', 'diamond']","['square', 'y', 'diamond', 'x', 'square']","['square', 'y', 'diamond', 'x', 'diamond']"
Iteration: ,0
Error:,0.6753989330383445
Absolute Error:,0.74
Transition Probabilities
0.25,0.25,0.25,0.25
0.25,0.25,0.25,0.25
0.25,0.25,0.25,0.25
0.25,0.25,0.25,0.25

0.25,0.25,0.25,0.25
0.25,0.25,0.25,0.25
0.25,0.25,0.25,0.25
0.25,0.25,0.25,0.25

Transition Gammas
1.0,1.0,1.0,1.0
1.0,1.0,1.0,1.0
1.0,1.0,1.0,1.0
1.0,1.0,1.0,1.0

1.0,1.0,1.0,1.0
1.0,1.0,1.0,1.0
1.0,1.0,1.0,1.0
1.0,1.0,1.0,1.0

Iteration: ,2500
Error:,0.041363428242383114
Absolute Error:,0.04105587675044898
Transition Probabilities
0.002118644067796612,0.002118644067796612,0.9818097573905107,0.013952954473896132
0.9770434418132928,0.017693400291970356,0.0026315789473684223,0.0026315789473684223
0.0366017739295096,0.00628308789620065,0.01297074681850808,0.9441443913557817
0.011679403389670625,0.00801211143973689,0.03450652414680324,0.9458019610237893

0.02778692433040128,0.0069228600763928125,0.9537074367340969,0.011582778859109077
0.03278817244580083,0.03278817244580083,0.06630808313763843,0.8681155719707598
0.9534819789913365,0.0033458362117205127,0.029238655296703123,0.013933529500239825
0.0025246656135276793,0.9720900017396494,0.015005986102106156,0.010379346544716835

Transition Gammas
1.0,1.0,463.41420548832065,6.585794511678969
371.2765078890511,6.723492110948732,1.0,1.0
13.931661859511017,2.3915194977170526,4.9370300764328015,359.3678391723464
2.8543157474610243,1.9580705529084876,8.433009116670487,231.14343612082848

6.575237367893464,1.638160730771978,225.67639014264972,2.7408402410026853
1.0,1.0,2.0223171403421873,26.47648548895988
311.05883084738554,1.0915276042506983,9.538661592496473,4.545599698179022
1.0282130704089991,395.90020953547395,6.111443417254028,4.227165658057285

Iteration: ,5000
Error:,0.02718940156480164
Absolute Error:,0.02744832440304667
Transition Probabilities
0.0011037527593819,0.0011037527593819,0.979388208598075,0.01840428588316133
0.9822755040370225,0.015150493388974961,0.0012870012870012878,0.0012870012870012878
0.03166382004231454,0.0044550754489015975,0.010126582777374169,0.9537545217314097
0.009265553219325458,0.0038554017967036332,0.024567023881011462,0.9623120211029594

0.028602303885953646,0.007953037587202482,0.9572019111314561,0.0062427473953877545
0.016540260820353037,0.016540260820353037,0.03536391806074188,0.931555560298552
0.9656115690280244,0.0018004334026483165,0.023620756069172327,0.008967241500155033
0.0012397160784993844,0.9804924512742135,0.01183176297314598,0.006436069674141154

Transition Gammas
1.0,1.0,887.3257169898546,16.674283010144144
763.228066636766,11.771933363233538,1.0,1.0
24.4925069253591,3.4460771359678173,7.833085157558551,737.7454519821596
4.705762945558499,1.9580705529084876,12.47703055882191,488.736305731509

14.08009192248105,3.915051764265397,471.2029824885583,3.0731250715455456
1.0,1.0,2.1380508109779046,56.320487954594945
588.8162344379687,1.0978787439040651,14.403601913373713,5.468096637172673
1.0290685915569826,813.891183121821,9.821358188037275,5.342479031769962

Iteration: ,7500
Error:,0.02601797297757838
Absolute Error:,0.024344300878262636
Transition Probabilities
0.0007490636704119849,0.0007490636704119849,0.9814355324220913,0.017066340237084886
0.984033540835104,0.014172737191801945,0.0008968609865470852,0.0008968609865470852
0.02512449773038209,0.0040029041525970945,0.010481393882108985,0.9603912042349118
0.015787229142512287,0.003749609274952777,0.018446917498986835,0.9620162440835481

0.020962054972813664,0.00579555516002765,0.9686668623270492,0.004575527540109358
0.016542696291814835,0.016785270340264277,0.030111146717045786,0.9365608866508751
0.9640668825173978,0.0011236038083261698,0.027395520627187142,0.00741399304708893
0.0008414484638264711,0.9828175383168509,0.011315128811439463,0.0050258844078832675

Transition Gammas
1.0,1.0,1310.216435783492,22.783564216508328
1097.197398031141,15.80260196885917,1.0,1.0
27.94692145882147,4.452580471869199,11.658847661183351,1068.2791689021308
12.408103591830479,2.947036487056311,14.49850769955662,756.1046403937094

16.033213201378476,4.432836934240706,740.9026617353281,3.4996763749782893
1.9654942097046366,1.9943152603508905,3.577608116350633,111.27599559806632
945.7282716064911,1.102230464388557,26.87439932057008,7.272963066438933
1.0298551316365914,1202.8778098842488,13.848671632958284,6.151217895072809

Iteration: ,10000
Error:,0.02419461513708962
Absolute Error:,0.021472917105624052
Transition Probabilities
0.0006002400960384149,0.0006002400960384149,0.9832763501299502,0.015523169677972896
0.9855118201273992,0.013097359288456133,0.0006954102920723229,0.0006954102920723229
0.025545818701076358,0.0032009173601842827,0.008136130111710091,0.9631171338270292
0.01567198368878503,0.003895593080704366,0.01594171141381895,0.9644907118166918

0.017843777631170746,0.007235606545003206,0.9703128968471229,0.004607718976703098
0.021163412546651984,0.0071337988909045144,0.02289614410900239,0.9488066444534412
0.9639481341590234,0.0008564236691209772,0.029152409631726748,0.006043032540128769
0.0006046258283839284,0.9848330374937723,0.010537951563692124,0.004024385114151663

Transition Gammas
1.0,1.0,1638.1383993164984,25.861600683502868
1417.1659973431997,18.834002656799914,1.0,1.0
36.69627486713985,4.59808098737399,11.687457365441446,1383.5066899100568
16.23393520821214,4.035277660157963,16.51333458094072,999.0745291394843

18.98986082025152,7.700340369613578,1032.6348626444399,4.903666918241159
5.916415257612914,1.9943152603508905,6.400815371736248,265.24711434862155
1243.670750242202,1.1049443734128885,37.61198126047352,7.79662571729211
1.031316753801346,1679.8402641500422,17.97469689217739,6.864436808905061

Iteration: ,12500
Error:,0.023875780422341803
Absolute Error:,0.020963671083145802
Transition Probabilities
0.0005151983513652751,0.0005151983513652751,0.984071427667924,0.014898175629345466
0.9859200338485072,0.012947463320235617,0.0005662514156285391,0.0005662514156285391
0.027818394061837462,0.0025896788063834095,0.006845067659536574,0.9627468594722425
0.015332358588146652,0.0035928797674255816,0.014722213955182297,0.9663525476892454

0.01599323486533965,0.007266777880165905,0.9728165863934102,0.003923400861084143
0.01917289008192208,0.006397580943376383,0.02348301581071237,0.9509465131639891
0.9632295054065267,0.0007520731836716621,0.030564596870425266,0.0054538245393761925
0.0004337528508904894,0.9836020866513883,0.011758829499253866,0.004205330998467358

Transition Gammas
1.0,1.0,1910.0826411034423,28.917358896559577
1741.1347797764638,22.8652202235361,1.0,1.0
49.845200655808114,4.640205306292526,12.265041980271912,1725.056819759972
17.22026009587608,4.035277660157963,16.534987232256007,1085.3413139180182

20.919402958908577,9.505059856122212,1272.4594084451005,5.131870085908667
11.859593720896134,3.957291282681003,14.525667526724254,588.2180124248183
1416.6446175107853,1.1060919766707151,44.95208192838811,8.021069885410894
1.0331358095647414,2342.796216776249,28.00781092113803,10.01648297335615

Iteration: ,15000
Error:,0.023806478947486494
Absolute Error:,0.01989268745211066
Transition Probabilities
0.0004476275738585494,0.0004476275738585494,0.9856886101846,0.013416134667682914
0.9852963831433584,0.013751689203143317,0.00047596382674916716,0.00047596382674916716
0.027219102821843505,0.0026354172968413017,0.005731994599074929,0.9644134852822402
0.014260610923922936,0.004165642522509425,0.013707607674057093,0.9678661388795106

0.016191312559880933,0.0065191818807439844,0.9739437442256809,0.0033457613336942147
0.020717731039092635,0.005178286248542915,0.020478058994270174,0.9536259237180942
0.9637445532542501,0.0006699228909234047,0.03007943478813497,0.005506089066691562
0.00033852503502205926,0.9841219470047115,0.011384837986724745,0.004154689973541793

Transition Gammas
1.0,1.0,2202.0283551523976,29.97164484760365
2070.1077009841956,28.892299015804102,1.0,1.0
58.311658310541866,5.645871354575884,12.279688742381959,2066.069186480555
17.22026009587608,5.030180550239747,16.552486474720798,1168.7372117793961

24.941229876524922,10.042200920597105,1500.2708842595976,5.1538380367273735
19.79600477353569,4.947905690129054,19.56699567333857,911.1993636016217
1592.621310442198,1.1070708195807417,49.70730956442777,9.09900321116767
1.0342874482776008,3006.7642627823975,34.783823387171736,12.693724973218183

Iteration: ,15327
Error:,0.023499357602761436
Absolute Error:,0.019871801762411823
Transition Probabilities
0.0004409171075837739,0.0004409171075837739,0.9854598634151832,0.013658302369649102
0.9855954974697375,0.01347210159786161,0.00046620046620046647,0.00046620046620046647
0.027104117111526795,0.0025810698320102936,0.005614506208056235,0.9647003068484067
0.01420215517181038,0.004148567113329244,0.013652235187833336,0.967997042527027

0.016434401643706274,0.006366422894921607,0.9739306437107124,0.003268531750659726
0.020785320929748323,0.004946570071962645,0.020328241012446284,0.9539398679858427
0.9631558812988958,0.0006596484985444595,0.03072505429800862,0.005459415904551094
0.00032887644291041464,0.9842607876398732,0.011059108334345775,0.0043512275828706

*,*,*,*,*,*,*,*,*,*,*
Model Num 2
Model States: 
"['diamond', 'x', 'square']","['diamond', 'x', 'diamond']","['square', 'y', 'diamond', 'x', 'square']","['square', 'y', 'diamond', 'x', 'diamond']"
Iteration: ,15327
Error:,0.023230295981654204
Absolute Error:,0.019871801762411823
Transition Probabilities
0.0004409171075837739,0.0004409171075837739,0.9854598634151832,0.013658302369649102
0.9855954974697375,0.01347210159786161,0.00046620046620046647,0.00046620046620046647
0.027104117111526795,0.0025810698320102936,0.005614506208056235,0.9647003068484067
0.01420215517181038,0.004148567113329244,0.013652235187833336,0.967997042527027

0.016434401643706274,0.006366422894921607,0.9739306437107124,0.003268531750659726
0.020785320929748323,0.004946570071962645,0.020328241012446284,0.9539398679858427
0.9631558812988958,0.0006596484985444595,0.03072505429800862,0.005459415904551094
0.00032887644291041464,0.9842607876398732,0.011059108334345775,0.0043512275828706

Transition Gammas
1.0,1.0,2235.0229702256374,30.977029774364187
2114.1023420725855,28.897657927413135,1.0,1.0
59.28795745594104,5.645871354575884,12.28125615860003,2110.200104095542
17.22026009587608,5.030180550239747,16.553476425268038,1173.706429953713

25.923122927874857,10.042200920597105,1536.2484346855313,5.155682099230095
20.79093315232367,4.947905690129054,20.33372981935539,954.1974402831737
1616.6183533399817,1.1071934358766584,51.57076611372935,9.16340970467956
1.0344034763516823,3095.7607402992517,34.783823387171736,13.685762647781738

