0,1,2,3,4,5,6,7,8,9,10,11,12,13,14,15,16,17,18,19,20,21,22,23,24,25,26,27,28,29
github Code Version (SHA):,528ca1c557fe8e6666681dc5c9134b0f84d30530
Environment Observations,Environment Actions,alpha,epsilon,numActions,explore,patience,gainThresh,insertRandActions,useUpdatedPosterior,revisedSplitting,haveControl,confidence_factor
"['diamond', 'square']","['x', 'y']",0.75,0.99,75000,0.5,0,0.01,False,True,False,True,250

Model Num 0
Model States: 
['diamond'],['square']
Iteration: ,0
Error:,0.4043849365527397
Absolute Error:,1
Transition Probabilities
0.5,0.5
0.5,0.5

0.5,0.5
0.5,0.5

Transition Gammas
1.0,1.0
1.0,1.0

1.0,1.0
1.0,1.0

Iteration: ,2419
Error:,0.05515601515663388
Absolute Error:,1
Transition Probabilities
0.46964285714285714,0.5303571428571429
0.16923076923076924,0.8307692307692308

0.196,0.804
0.8237762237762237,0.17622377622377622


Model Num 1
Model States: 
['square'],"['diamond', 'x', 'square']","['diamond', 'x', 'diamond']"
Iteration: ,0
Error:,0.4740030279708322
Absolute Error:,1
Transition Probabilities
0.3333333333333333,0.3333333333333333,0.3333333333333333
0.3333333333333333,0.3333333333333333,0.3333333333333333
0.3333333333333333,0.3333333333333333,0.3333333333333333

0.3333333333333333,0.3333333333333333,0.3333333333333333
0.3333333333333333,0.3333333333333333,0.3333333333333333
0.3333333333333333,0.3333333333333333,0.3333333333333333

Transition Gammas
1.0,1.0,1.0
1.0,1.0,1.0
1.0,1.0,1.0

1.0,1.0,1.0
1.0,1.0,1.0
1.0,1.0,1.0

Iteration: ,2500
Error:,0.04633303882493976
Absolute Error:,1
Transition Probabilities
0.8224513172966781,0.07825130121815219,0.09929738148516969
0.9959349593495935,0.0020325203252032522,0.0020325203252032522
0.0024449877750611247,0.7085836133607343,0.28897139886420464

0.19210977701543738,0.35982065931648277,0.4480695636680799
0.8898112270277858,0.04066591125394831,0.06952286171826581
0.7867140837693869,0.13334871093228295,0.07993720529833007

Transition Gammas
718.0,68.31338596344686,86.68661403655314
490.0,1.0,1.0
1.0,289.8106978645403,118.1893021354597

112.0,209.77544438150946,261.22455561849057
49.12400377810852,2.245051891233108,3.8381638913692417
35.506818719793976,6.018436180657865,3.607811168061876

Iteration: ,2982
Error:,0.04467143897027964
Absolute Error:,1
Transition Probabilities
0.8237791932059448,0.07651432062723948,0.09970648616681572
0.9967689822294022,0.0016155088852988692,0.0016155088852988692
0.0020161290322580645,0.7101423416324149,0.2878415293353271

0.18133333333333335,0.3852221902728476,0.433444476393819
0.8899937878967777,0.04509053397281748,0.06491567813040482
0.7736884582478736,0.14610990355966938,0.08020163819245703


Model Num 2
Model States: 
"['diamond', 'x', 'square']","['diamond', 'x', 'diamond']","['square', 'y', 'diamond', 'x', 'diamond']","['square', 'y', 'diamond', 'x', 'square']"
Iteration: ,0
Error:,0.4035872751440871
Absolute Error:,0.5
Transition Probabilities
0.25,0.25,0.25,0.25
0.25,0.25,0.25,0.25
0.25,0.25,0.25,0.25
0.25,0.25,0.25,0.25

0.25,0.25,0.25,0.25
0.25,0.25,0.25,0.25
0.25,0.25,0.25,0.25
0.25,0.25,0.25,0.25

Transition Gammas
1.0,1.0,1.0,1.0
1.0,1.0,1.0,1.0
1.0,1.0,1.0,1.0
1.0,1.0,1.0,1.0

1.0,1.0,1.0,1.0
1.0,1.0,1.0,1.0
1.0,1.0,1.0,1.0
1.0,1.0,1.0,1.0

Iteration: ,2500
Error:,0.054217495005070206
Absolute Error:,0.2267285840671607
Transition Probabilities
0.001980198019801982,0.001980198019801982,0.05059407504431714,0.9454455289160789
0.7565596385504505,0.23916685717604527,0.0021367521367521374,0.0021367521367521374
0.105866922363153,0.07767558840098915,0.5434854807069436,0.2729720085289143
0.09502568824620305,0.11241552640410932,0.6779258489849306,0.11463293636475712

0.05360568309255684,0.09435752803793089,0.6130572168370052,0.2389795720325072
0.10653253722135066,0.12003222306693787,0.3585795621223301,0.4148556775893815
0.003127202461740316,0.8231067371506235,0.08528426582976437,0.0884817945578718
0.9093689190300419,0.004206471459231195,0.04053039754527923,0.045894211965447615

Transition Gammas
1.0,1.0,25.550007897380137,477.4499921026195
354.0699108416107,111.93008915838915,1.0,1.0
14.12398144888751,10.362902265578985,72.50781146648575,36.417905597582944
34.76568801821573,41.127859124187054,248.02302409249694,41.939111158485744

7.217692245151424,12.704690232472663,82.54457483842715,32.177204063054525
4.744861321104029,5.346124924567187,15.970804218409963,18.47729069236659
1.2582913878030864,331.1931770554272,34.31580095040639,35.60238949401846
234.2656819702328,1.0836437055009591,10.441176317744608,11.822967158411117

Iteration: ,5000
Error:,0.05318159685445308
Absolute Error:,0.22715804628311173
Transition Probabilities
0.0010040160642570287,0.0010040160642570287,0.03456563230730782,0.9634263355641782
0.7768056094125655,0.22092681689128946,0.0011337868480725624,0.0011337868480725624
0.11435243730198948,0.0853171077735878,0.5531402538165163,0.24719020110790635
0.09267592657185023,0.08460032243376575,0.6932980891279957,0.1294256618663883

0.0638573194812155,0.09590808387317107,0.5843267354674926,0.2559078611781208
0.09383412560729655,0.13516192644531813,0.31994459070649267,0.45105935724089263
0.0016061313947549126,0.8031234193308298,0.0916271453179905,0.10364330395642475
0.9105265207686235,0.002151119635287053,0.03729659703441426,0.05002576256167532

Transition Gammas
1.0,1.0,34.42736977807857,959.572630221921
685.1425475018827,194.8574524981173,1.0,1.0
32.9796601763406,24.6057651938845,159.5276675436993,71.29055596717231
74.10843712673666,67.65076873683756,554.3968077664183,103.49541547421538

16.94176633688692,25.445044671438012,155.0257213599183,67.89403662844907
7.474300465628003,10.766241420454637,25.48499266994551,35.92886001795188
1.287851717007373,643.9721419628131,73.46981498999008,83.10478668961366
461.1802712147287,1.0895387604740676,18.890668578437236,25.337971184454556

Iteration: ,7500
Error:,0.04771236854540711
Absolute Error:,0.22113483976281745
Transition Probabilities
0.0006489292667099284,0.0006489292667099284,0.05911653287657608,0.9395856085900041
0.7637090071752283,0.2347792770273417,0.0007558578987150419,0.0007558578987150419
0.10968146593368938,0.08851372474084444,0.5556613636879671,0.24614344563749907
0.086619015724288,0.07855879957798423,0.6946070408761358,0.140215143821592

0.06979300469971653,0.10169426943734823,0.5642259599277205,0.26428676593521466
0.07811246793229211,0.12524959946778497,0.32786918282377814,0.4687687497761448
0.0011056144383637708,0.816234206869805,0.085924661822441,0.09673551686939034
0.900999065281418,0.0012247652306485804,0.045563760132697737,0.052212409355235676

Transition Gammas
1.0,1.0,91.09857716280378,1447.9014228371968
1010.3870164928264,310.6129835071729,1.0,1.0
42.683252534998296,34.44568901195125,216.23921697558265,95.78831537802185
93.98912821049076,85.24309614761674,753.70875176674,152.14556549162796

29.455193907253904,42.9186913276107,238.123937043292,111.53865593315533
9.172265798471582,14.7072887066688,38.49965788552599,55.04462584245797
1.3095899572016894,966.821780677109,101.77695794670569,114.58231459454448
807.7070575693068,1.0979495526461789,40.845958721477906,46.80618787961723

Iteration: ,10000
Error:,0.045728236435706844
Absolute Error:,0.21140453474308807
Transition Probabilities
0.0004880429477794047,0.0004880429477794047,0.05955122848901129,0.93947268561543
0.753248724954879,0.24556150704987995,0.0005948839976204641,0.0005948839976204641
0.10871910079428891,0.09496503303167803,0.5604898040752815,0.23582606209875165
0.09079611873688428,0.08040102377750671,0.6960565471576959,0.1327463103279131

0.0633332689858151,0.0894737576777046,0.5119312230525356,0.3352617502839448
0.0861374333083348,0.12380358092363282,0.3200350875497251,0.47002389821830737
0.0008946443932170543,0.8121433579336609,0.0855879320536449,0.10137406561947718
0.8927588198810351,0.0007552235518630728,0.04911120544200649,0.057374751125095554

Transition Gammas
1.0,1.0,122.0204671739841,1924.9795328260157
1266.2111066491514,412.78889335084807,1.0,1.0
54.34305778285709,47.468110384357644,280.15987611226905,117.87725639475958
111.63230378862072,98.85170903897539,855.7898399989768,163.20936013010711

45.294969765973484,63.99024104957165,366.1252552053784,239.7739937630537
12.502884757742489,17.9701419630558,46.453227875331436,68.22416697479825
1.3224777688935367,1200.5234081439485,126.51746133399706,149.8527785347524
1319.2744675642634,1.1160317065351602,72.57409052489231,84.78554628256606

Iteration: ,12500
Error:,0.0465590383031057
Absolute Error:,0.2075956204405686
Transition Probabilities
0.0003960396039603964,0.0003960396039603964,0.05331731752267953,0.9458906032693998
0.7475917687410788,0.2514368859456623,0.00048567265662943196,0.00048567265662943196
0.1118942623216084,0.0944472473948312,0.5625528681271057,0.23110562215645467
0.0907671925739145,0.07978260777647234,0.7069036703215724,0.12254652932804072

0.06762146360396523,0.0936078404923368,0.4814817720340776,0.35728892386962025
0.08842680612080396,0.12172521614822485,0.3201876504692207,0.4696603272617505
0.000748247485263459,0.8102632026859662,0.08603341373591339,0.10295513609285697
0.8918562392960403,0.0005661302842572819,0.04963044273591066,0.05794718768379174

Transition Gammas
1.0,1.0,134.6262267447657,2388.373773255232
1539.2914518378805,517.7085481621185,1.0,1.0
71.10718658311711,60.01986074552413,357.49421754806906,146.86428288747817
127.9581767306132,112.4727639623499,996.5506502238389,172.75879106551997

68.70615284794782,95.10936696519062,489.2050313583318,363.0200546683444
15.089789098059086,20.772070372902768,54.639134096768984,80.14623163504564
1.3321770817604979,1442.589637881699,153.17357465524614,183.30094715138912
1775.645066412856,1.1271395566866371,98.8119462588109,115.37020585788646

Iteration: ,15000
Error:,0.04579841672332962
Absolute Error:,0.2029759534005621
Transition Probabilities
0.00033590863285186477,0.00033590863285186477,0.04932467016442862,0.9500035125698676
0.7531313909481465,0.2460556009217721,0.0004065040650406506,0.0004065040650406506
0.09721958125089379,0.09594857207874408,0.5635037303609357,0.24332811630942655
0.0905862495169122,0.08002216525064791,0.7280728137950495,0.10131877143739043

0.0685292834343012,0.09239066421436436,0.4834527793059687,0.35562727304536573
0.1004672077343431,0.12143744406380799,0.34303774034026335,0.43505760786158565
0.0006345527337025943,0.8115273420405608,0.0855102642270434,0.10232784099869308
0.8973780150583096,0.0005137775453040515,0.04683864830779281,0.05526955908859354

Transition Gammas
1.0,1.0,146.83954307950378,2828.160456920492
1852.7032217324395,605.296778267559,1.0,1.0
92.98484188547356,91.7691959694278,538.9583517569863,232.72910796572822
163.4353462680158,144.3756680136571,1313.58603613131,182.79891905921463

78.1436356241657,105.35266148468452,551.2790435609061,405.52019005882255
21.239616515571203,25.672901643356045,72.52107647363911,91.97485390054423
1.3462074207506147,1721.6601110870904,181.4105371213233,217.08912685323514
1970.554263014424,1.1282051879488042,102.85308593252881,121.36654057641334

Iteration: ,17500
Error:,0.04241497263606645
Absolute Error:,0.1927802930578589
Transition Probabilities
0.0002923976608187135,0.0002923976608187135,0.04675452286225413,0.9526606818161084
0.7528350256553011,0.24645700974292892,0.00035398230088495576,0.00035398230088495576
0.09940610942695523,0.09264689229408662,0.5678940642801604,0.2400529339987976
0.09339988392403353,0.0841270603252311,0.7365639014677051,0.08590915428303028

0.0728594004244785,0.09106806547410964,0.4814402899405655,0.3546322441608464
0.09460298659649106,0.09447929574936156,0.407073171842443,0.40384454581170437
0.0005258426305406082,0.822798729291807,0.08012330915320559,0.09655211892444682
0.8932948945412458,0.0004695272813731081,0.047953831311351766,0.058281746866029445

Transition Gammas
1.0,1.0,159.9004681889091,3258.09953181109
2126.758947476226,696.2410525237742,1.0,1.0
106.37803389952661,99.14475383817475,607.7237543002917,256.88923244068144
205.55668856438137,185.14883758501838,1621.0473733019626,189.07091240230338

89.93863330933875,112.41565671895145,594.2964318267814,437.7628580722506
37.77400416446566,37.72461567534211,162.5401505980471,161.25099327312233
1.371591229187722,2146.1620928740836,208.99109677557107,251.84348279277484
2149.377888497128,1.1297406520472741,115.38284313409525,140.23308403790105

Iteration: ,20000
Error:,0.0448173845837531
Absolute Error:,0.19136004666483555
Transition Probabilities
0.000259403372243839,0.000259403372243839,0.0445733075377553,0.954907885717757
0.7518850455535698,0.24748582578961997,0.00031456432840515906,0.00031456432840515906
0.09739155105507118,0.09288774774869883,0.57191422125289,0.23780647994333995
0.09582855571753071,0.08619842642701693,0.74288747029397,0.07508554756148239

0.07181087815414731,0.09259252116487489,0.47787883551886984,0.35771776516210807
0.09783880802121409,0.09475338824335677,0.4218382181628471,0.385569585572582
0.00044589325566899877,0.8258088574934886,0.07860311082404761,0.09514213842679484
0.8969047209248991,0.0004318530811811568,0.04586256643627672,0.05680085955764313

Transition Gammas
1.0,1.0,171.83010055804678,3681.1698994419553
2390.242559814797,786.7574401852014,1.0,1.0
111.97183932364587,106.79378091197454,657.5343199208879,273.407997653519
247.6861749932666,222.7953700468906,1920.126569682571,194.0721315637688

95.69702293765725,123.39117484053222,636.8336254836493,476.70389302917476
61.233491653473834,59.30244782704125,264.0120779618472,241.31295625425886
1.3951193837102214,2583.80661667599,245.93492307036888,297.68255033979676
2349.230845782465,1.1311375171610027,120.12619983507749,148.7764845324593

Iteration: ,22500
Error:,0.04685406021401986
Absolute Error:,0.18870509519253106
Transition Probabilities
0.0002332089552238803,0.0002332089552238803,0.04353331470370944,0.9560002673858428
0.7521316923111266,0.24730093180234855,0.0002836879432624114,0.0002836879432624114
0.09808136540482726,0.09311096193505426,0.5726066910105007,0.23620098164961795
0.09805314495312356,0.08523345974444542,0.7499125378815372,0.06680085742089388

0.07263711725603404,0.0918919734065608,0.47621031507466355,0.3592605942627416
0.09282076304819516,0.09846039152354663,0.44391836582310173,0.3648004796051565
0.0003853208248126463,0.8249813634708311,0.0784146536749353,0.09621866202942105
0.8981440081954875,0.0004019052020404738,0.04504748096504646,0.056406605637425604

Transition Gammas
1.0,1.0,186.67085344950632,4099.329146550499
2651.264215396721,871.7357846032784,1.0,1.0
122.01491882576929,115.83165074632811,712.3326498807079,293.8381157683876
291.9033938142033,253.7392979880889,2232.483363752319,198.86559477699305

103.00365153102223,130.30815600657755,675.293888337153,509.4523909839407
79.01133400925025,83.81192554201657,377.8743152184379,310.52720958404313
1.4133126597453558,3025.937167071702,287.61596989267235,352.91903368072883
2530.125604551378,1.132191088518255,126.90145897560474,158.90079529208361

Iteration: ,24072
Error:,0.04783695763584264
Absolute Error:,0.18868114103928893
Transition Probabilities
0.00021982853374367936,0.00021982853374367936,0.04312478972698803,0.9564355532055245
0.7486291523800743,0.25083822445081777,0.00026631158455392814,0.00026631158455392814
0.10130674149014596,0.09286353849565518,0.5707227050994651,0.23510701491473368
0.10076624663603506,0.08479081564000794,0.7517387831264083,0.0627041545975487

0.07314880101896132,0.08866495602182159,0.4797868159864687,0.35839942697274846
0.09326509817926447,0.09649095921203733,0.4549837784816335,0.3552601641270647
0.00035448663375907234,0.8257514468603774,0.07777374213340864,0.09612032437245491
0.900262445595494,0.0003861082803194876,0.044007267348851256,0.05534417877533546

*,*,*,*,*,*,*,*,*,*,*
Model Num 2
Model States: 
"['diamond', 'x', 'square']","['diamond', 'x', 'diamond']","['square', 'y', 'diamond', 'x', 'diamond']","['square', 'y', 'diamond', 'x', 'square']"
Iteration: ,24072
Error:,0.04691986108669625
Absolute Error:,0.18868114103928893
Transition Probabilities
0.00021982853374367936,0.00021982853374367936,0.04312478972698803,0.9564355532055245
0.7486291523800743,0.25083822445081777,0.00026631158455392814,0.00026631158455392814
0.10130674149014596,0.09286353849565518,0.5707227050994651,0.23510701491473368
0.10076624663603506,0.08479081564000794,0.7517387831264083,0.0627041545975487

0.07314880101896132,0.08866495602182159,0.4797868159864687,0.35839942697274846
0.09326509817926447,0.09649095921203733,0.4549837784816335,0.3552601641270647
0.00035448663375907234,0.8257514468603774,0.07777374213340864,0.09612032437245491
0.900262445595494,0.0003861082803194876,0.044007267348851256,0.05534417877533546

Transition Gammas
1.0,1.0,196.17466846806906,4350.8253315319425
2811.1024671871783,941.8975328128206,1.0,1.0
130.49438748842266,119.61859988534728,735.1545290293896,302.8440699429056
323.64973178293064,272.33846308343846,2414.4995338417425,201.3986180359986

108.81066045079811,131.89132684587057,713.6948192703884,533.1280596654419
93.29121325681574,96.51797756007977,455.1111780865402,355.35964021102507
1.424761158777258,3318.879969647596,312.5900849614277,386.3291072013229
2642.0474973879686,1.1331322557436028,129.15043955766413,162.42146914353003

