0,1,2,3,4,5,6,7,8,9,10,11,12,13,14,15,16,17,18,19,20,21,22,23,24,25,26,27,28,29
github Code Version (SHA):,ddb97f21bb9c22f159e8ea0ce9d830001061547e
Environment Observations,Environment Actions,alpha,epsilon,numActions,explore,patience,gainThresh,insertRandActions,useBudd,revisedSplitting,haveControl,confidence_factor
"['square', 'diamond']","['x', 'y']",0.99,0.99,75000,0.5,0,0.01,False,True,False,True,250

Model Num 0
Model States: 
['square'],['diamond']
Iteration: ,0
Error:,0.6768303140256275
Absolute Error:,1
Transition Probabilities
0.5,0.5
0.5,0.5

0.5,0.5
0.5,0.5

Transition Gammas
1.0,1.0
1.0,1.0

1.0,1.0
1.0,1.0

Iteration: ,1853
Error:,0.24062298559100515
Absolute Error:,1
Transition Probabilities
0.9796610169491525,0.020338983050847456
0.9843444227005871,0.015655577299412915

0.21528861154446177,0.7847113884555382
0.1111111111111111,0.8888888888888888


Model Num 1
Model States: 
['diamond'],"['square', 'y', 'diamond']","['square', 'y', 'square']"
Iteration: ,0
Error:,0.6160718035204004
Absolute Error:,1
Transition Probabilities
0.3333333333333333,0.3333333333333333,0.3333333333333333
0.3333333333333333,0.3333333333333333,0.3333333333333333
0.3333333333333333,0.3333333333333333,0.3333333333333333

0.3333333333333333,0.3333333333333333,0.3333333333333333
0.3333333333333333,0.3333333333333333,0.3333333333333333
0.3333333333333333,0.3333333333333333,0.3333333333333333

Transition Gammas
1.0,1.0,1.0
1.0,1.0,1.0
1.0,1.0,1.0

1.0,1.0,1.0
1.0,1.0,1.0
1.0,1.0,1.0

Iteration: ,2500
Error:,0.12458584603879415
Absolute Error:,1
Transition Probabilities
0.015527950310558996,0.9731185336731563,0.011353516016284763
0.00857592096793951,0.9736549984949019,0.01776908053715856
0.018663686459788126,0.9315146119332196,0.049821701606992376

0.672645739910314,0.0030643191156265125,0.3242899409740596
0.9974160206718347,0.0012919896640826874,0.0012919896640826874
0.025,0.08350112592761673,0.8914988740723834

Transition Gammas
10.0,626.688335685513,7.311664314487392
3.730044966972904,423.4853539673543,7.72855413117095
2.929530053010506,146.21441784056657,7.820222037284636

300.0,1.3666863255694246,144.63331367443058
772.0,1.0,1.0
1.0,3.340045037104669,35.659954962895334

Iteration: ,4036
Error:,0.12794970928888463
Absolute Error:,1
Transition Probabilities
0.016260162601625997,0.9752705665305852,0.008469270867788823
0.015416024635458951,0.9691987416084291,0.015385233756111923
0.01510017119315968,0.9468894548976947,0.03801037390914572

0.6770428015564202,0.0030890295234603407,0.31986816892011943
0.9983361064891847,0.0008319467554076539,0.0008319467554076539
0.017543859649122806,0.13231254166874576,0.8501435986821315


Model Num 2
Model States: 
"['square', 'y', 'diamond']","['square', 'y', 'square']","['diamond', 'y', 'diamond']","['diamond', 'y', 'square', 'y', 'square']"
Iteration: ,0
Error:,0.6750683742864925
Absolute Error:,0.74
Transition Probabilities
0.25,0.25,0.25,0.25
0.25,0.25,0.25,0.25
0.25,0.25,0.25,0.25
0.25,0.25,0.25,0.25

0.25,0.25,0.25,0.25
0.25,0.25,0.25,0.25
0.25,0.25,0.25,0.25
0.25,0.25,0.25,0.25

Transition Gammas
1.0,1.0,1.0,1.0
1.0,1.0,1.0,1.0
1.0,1.0,1.0,1.0
1.0,1.0,1.0,1.0

1.0,1.0,1.0,1.0
1.0,1.0,1.0,1.0
1.0,1.0,1.0,1.0
1.0,1.0,1.0,1.0

Iteration: ,2500
Error:,0.02482743794151175
Absolute Error:,0.028793012960341407
Transition Probabilities
0.9641093520005188,0.009388461093448873,0.011977829411529278,0.014524357494502907
0.9536415901070582,0.014226719170601844,0.025616385423955446,0.006515305298384599
0.9742787559608569,0.007794802351619758,0.01064532221754521,0.007281119469978081
0.9420180833106756,0.02753676853889459,0.018236808434848567,0.01220833971558118

0.0013623978201634881,0.0013623978201634881,0.9755196335836824,0.021755570775990673
0.0216367098085001,0.9589458144633446,0.009708737864077667,0.009708737864077667
0.003246753246753247,0.003246753246753247,0.02075559830544674,0.9727508952010467
0.03499319711041475,0.9525068028895852,0.00625,0.00625

Transition Gammas
427.1179168863984,4.159258425076166,5.306395520858165,6.4345536160322325
146.36944033052504,2.1835844245286875,3.9317244934487965,1.0
408.287880879565,3.266542880614492,4.461101120074415,3.051275439026127
152.8418286653226,4.467822999986221,2.958910449367853,1.9807952736312038

1.0,1.0,716.0314110504227,15.968588949577148
2.228581110275511,98.77141888972452,1.0,1.0
1.0,1.0,6.392724278077596,299.6072757219224
5.5989115376663605,152.40108846233363,1.0,1.0

Iteration: ,5000
Error:,0.020020422233683343
Absolute Error:,0.025212645496395153
Transition Probabilities
0.9679628315825637,0.010884594642457375,0.013138338207258484,0.008014235567720414
0.9558915742913017,0.017378393322975985,0.020056689177439458,0.006673343208282971
0.9768494139599091,0.008406296144113284,0.00961475099936829,0.00512953889660934
0.9547749924164532,0.02198671382134982,0.013477352887580233,0.009760940874616757

0.0006844626967830256,0.0006844626967830256,0.9821226753859427,0.01650839922049121
0.04029216606365434,0.9487188229473346,0.005494505494505493,0.005494505494505493
0.0016077170418006433,0.0016077170418006433,0.023312401487345126,0.9734721644290536
0.025987908370797137,0.9672553348724462,0.00337837837837838,0.00337837837837838

Transition Gammas
897.0706785529954,10.087423176899826,12.176105926892514,7.427284916575103
279.98006622552924,5.09012093455,5.87459217676196,1.9546182052980083
818.8181863752067,7.046355420282032,8.059310742520498,4.299700318431186
324.31368531544535,7.4683482956870115,4.577926755502423,3.3155525986088605

1.0,1.0,1434.8812287388616,24.118771261137645
7.333174223585092,172.66682577641495,1.0,1.0
1.0,1.0,14.500313725128665,605.4996862748712
7.692420877755949,286.30757912224396,1.0,1.0

Iteration: ,7500
Error:,0.0175851526248067
Absolute Error:,0.020837990743686717
Transition Probabilities
0.9661518027341789,0.011729931306368142,0.0156464946142263,0.006471771345226766
0.9624267894985545,0.01099870213188238,0.022811028937287307,0.0037634794322758615
0.9766498981577387,0.009204179109843431,0.009269267354627634,0.0048766553777902675
0.961592734109347,0.01875482939242184,0.012308418157672392,0.007344018340558784

0.0004816955684007707,0.0004816955684007707,0.9840151256869297,0.015021483176268755
0.024925895616222028,0.9711215352138175,0.001976284584980238,0.001976284584980238
0.0009910802775024777,0.0009910802775024777,0.024368143858500377,0.9736496955864947
0.022542961131654944,0.9739172158594954,0.0017699115044247803,0.0017699115044247803

Transition Gammas
1156.8145131495037,14.044744040276633,18.73421133038291,7.748926200578894
531.2676813873594,6.071376071025437,12.591879804059413,2.077472295815822
1055.694802972655,9.949116945816572,10.019473090718558,5.271346209048946
434.12354661100466,8.467111660804864,5.556795464692445,3.3155525986088605

1.0,1.0,2042.815400926066,31.184599073933935
12.612503181808343,491.3874968181915,1.0,1.0
1.0,1.0,24.58745715322688,982.4125428467731
12.736773039385033,550.2632269606145,1.0,1.0

Iteration: ,10000
Error:,0.017263170879231703
Absolute Error:,0.019690022809008608
Transition Probabilities
0.9678541800471756,0.010867558390327981,0.015580935558633565,0.005697326003862756
0.9647647396025569,0.009042552036602102,0.023098785775236212,0.0030939225856047017
0.9787026183718448,0.00752413827562604,0.008104133116813527,0.005669110235715662
0.9633340694018035,0.01982481692761426,0.01174804301975833,0.005093070650823842

0.0003495281370150295,0.0003495281370150295,0.983136867825295,0.016164075900675017
0.027563888957871707,0.9689149842815649,0.0017605633802816902,0.0017605633802816902
0.0006451612903225796,0.0006451612903225796,0.019899193891185107,0.9788104835281697
0.021642553731322733,0.9754291885820009,0.0014641288433382153,0.0014641288433382153

Transition Gammas
1338.7010716868358,15.031615674834619,21.55098935379873,7.880336298954239
647.809362726038,6.071791009548542,15.51011254719511,2.077472295815822
1295.0288232009375,9.956012943845042,10.723467758562084,7.501421799983249
844.852633232356,17.38654254701576,10.303139269986708,4.466668715722778

1.0,1.0,2812.7545788481702,46.245421151831245
15.65628892807113,550.3437110719289,1.0,1.0
1.0,1.0,30.843750531336966,1517.1562494686655
14.781864198493412,666.2181358015059,1.0,1.0

Iteration: ,12500
Error:,0.01703147418940272
Absolute Error:,0.018620267747525968
Transition Probabilities
0.9650136612382143,0.013270610491193649,0.016671724814750863,0.0050440034558411955
0.9662016610676494,0.009365476886239331,0.021257688631935175,0.003175173414176148
0.977873975584402,0.007529884500771369,0.009202148366549267,0.005393991548277416
0.9661671443477192,0.019199541173171852,0.01020792397610374,0.004425390503005194

0.0002935133548576459,0.0002935133548576459,0.9834794348115559,0.0159335384787289
0.021066594386366117,0.977002903683132,0.0009652509652509651,0.0009652509652509651
0.0005050505050505046,0.0005050505050505046,0.02015017437168855,0.9788397246182104
0.020243450395585297,0.9777115598293635,0.0010224948875255631,0.0010224948875255631

Transition Gammas
1526.4718737236685,20.991634083145723,26.371563469396364,7.9786739976585
926.6491927940858,8.982091365042386,20.387483074376068,3.045194393452366
1417.9680342150045,10.91872346540758,13.343592891990665,7.821567792222241
975.1791519610683,19.37862655424455,10.303139269986708,4.466668715722778

1.0,1.0,3350.714434402972,54.28556559702939
21.8249917842753,1012.175008215725,1.0,1.0
1.0,1.0,39.897345255943364,1938.1026547440583
19.798094486882405,956.2019055131168,1.0,1.0

Iteration: ,12765
Error:,0.016406832227128264
Absolute Error:,0.018406780708044433
Transition Probabilities
0.9648263837448517,0.013725865120996392,0.016465991853843166,0.004981759280308697
0.9675891409616934,0.00898153316230202,0.02038456703878119,0.0030447588372234666
0.9780672788681654,0.007464206582358996,0.00912168685041227,0.005346827699063442
0.9663614864601209,0.01908990374702676,0.010148835585776249,0.004399774207076141

0.00028843380444188045,0.00028843380444188045,0.9831874427066231,0.016235689684493196
0.021282449049668244,0.9768536180519161,0.0009319664492078289,0.0009319664492078289
0.0004935834155972355,0.0004935834155972355,0.020187527061877847,0.9788253061069276
0.01943762874037095,0.978599662721847,0.0009813542688910707,0.0009813542688910707

*,*,*,*,*,*,*,*,*,*,*
Model Num 2
Model States: 
"['square', 'y', 'diamond']","['square', 'y', 'square']","['diamond', 'y', 'diamond']","['diamond', 'y', 'square', 'y', 'square']"
Iteration: ,12765
Error:,0.016434290269696453
Absolute Error:,0.018406780708044433
Transition Probabilities
0.9648263837448517,0.013725865120996392,0.016465991853843166,0.004981759280308697
0.9675891409616934,0.00898153316230202,0.02038456703878119,0.0030447588372234666
0.9780672788681654,0.007464206582358996,0.00912168685041227,0.005346827699063442
0.9663614864601209,0.01908990374702676,0.010148835585776249,0.004399774207076141

0.00028843380444188045,0.00028843380444188045,0.9831874427066231,0.016235689684493196
0.021282449049668244,0.9768536180519161,0.0009319664492078289,0.0009319664492078289
0.0004935834155972355,0.0004935834155972355,0.020187527061877847,0.9788253061069276
0.01943762874037095,0.978599662721847,0.0009813542688910707,0.0009813542688910707

Transition Gammas
1545.244309709585,21.983037913761976,26.371563469396364,7.9786739976585
967.7275556933329,8.982817980878153,20.387483074376068,3.045194393452366
1430.7585651884162,10.918960004882637,13.343592891990665,7.821567792222241
981.054121529397,19.38014812575309,10.303139269986708,4.466668715722778

1.0,1.0,3408.710863863864,56.289136136137934
22.836067830294017,1048.1639321697055,1.0,1.0
1.0,1.0,40.89992982736455,1983.1000701726373
19.80694368643798,997.193056313561,1.0,1.0

