0,1,2,3,4,5,6,7,8,9,10,11,12,13,14,15,16,17,18,19,20,21,22,23,24,25,26,27,28,29
github Code Version (SHA):,528ca1c557fe8e6666681dc5c9134b0f84d30530
Environment Observations,Environment Actions,alpha,epsilon,numActions,explore,patience,gainThresh,insertRandActions,useUpdatedPosterior,revisedSplitting,haveControl,confidence_factor
"['diamond', 'square']","['x', 'y']",0.75,0.99,75000,0.5,0,0.01,False,True,False,True,250

Model Num 0
Model States: 
['diamond'],['square']
Iteration: ,0
Error:,0.40341361367487355
Absolute Error:,1
Transition Probabilities
0.5,0.5
0.5,0.5

0.5,0.5
0.5,0.5

Transition Gammas
1.0,1.0
1.0,1.0

1.0,1.0
1.0,1.0

Iteration: ,2441
Error:,0.06538745931158321
Absolute Error:,1
Transition Probabilities
0.4669051878354204,0.5330948121645797
0.1997041420118343,0.8002958579881657

0.17,0.83
0.8103932584269663,0.1896067415730337


Model Num 1
Model States: 
['square'],"['diamond', 'x', 'square']","['diamond', 'x', 'diamond']"
Iteration: ,0
Error:,0.4739289306649079
Absolute Error:,1
Transition Probabilities
0.3333333333333333,0.3333333333333333,0.3333333333333333
0.3333333333333333,0.3333333333333333,0.3333333333333333
0.3333333333333333,0.3333333333333333,0.3333333333333333

0.3333333333333333,0.3333333333333333,0.3333333333333333
0.3333333333333333,0.3333333333333333,0.3333333333333333
0.3333333333333333,0.3333333333333333,0.3333333333333333

Transition Gammas
1.0,1.0,1.0
1.0,1.0,1.0
1.0,1.0,1.0

1.0,1.0,1.0
1.0,1.0,1.0
1.0,1.0,1.0

Iteration: ,2500
Error:,0.04969834512096374
Absolute Error:,1
Transition Probabilities
0.8466819221967964,0.08039668653637394,0.07292139126682973
0.9957446808510638,0.002127659574468085,0.002127659574468085
0.00273224043715847,0.6912450852438883,0.30602267431895325

0.19117647058823528,0.3293573813226047,0.47946614808916005
0.8197779422587429,0.10368341753766616,0.07653864020359091
0.833591657620159,0.10847867394373766,0.05792966843610323

Transition Gammas
740.0,70.26670403279083,63.73329596720918
468.0,1.0,1.0
1.0,252.99570119926312,112.00429880073689

117.0,201.5667173694341,293.43328263056594
42.03315314106852,5.3162457086147485,3.9244290667572783
67.43846890682065,8.77604233791575,4.6865729855837035

Iteration: ,2876
Error:,0.053203305445883066
Absolute Error:,1
Transition Probabilities
0.8489751887810141,0.0796274360152818,0.07139737520370419
0.9963963963963964,0.0018018018018018018,0.0018018018018018018
0.002304147465437788,0.6960082328043873,0.3016876197301749

0.19866666666666666,0.33710576259875596,0.4642275707345774
0.8055321794522994,0.10500393455731326,0.0894638859903875
0.8450223557594306,0.10102720270938717,0.053950441531182135


Model Num 2
Model States: 
"['diamond', 'x', 'square']","['diamond', 'x', 'diamond']","['square', 'y', 'diamond', 'x', 'diamond']","['square', 'y', 'diamond', 'x', 'square']"
Iteration: ,0
Error:,0.40262377040828234
Absolute Error:,0.5
Transition Probabilities
0.25,0.25,0.25,0.25
0.25,0.25,0.25,0.25
0.25,0.25,0.25,0.25
0.25,0.25,0.25,0.25

0.25,0.25,0.25,0.25
0.25,0.25,0.25,0.25
0.25,0.25,0.25,0.25
0.25,0.25,0.25,0.25

Transition Gammas
1.0,1.0,1.0,1.0
1.0,1.0,1.0,1.0
1.0,1.0,1.0,1.0
1.0,1.0,1.0,1.0

1.0,1.0,1.0,1.0
1.0,1.0,1.0,1.0
1.0,1.0,1.0,1.0
1.0,1.0,1.0,1.0

Iteration: ,2500
Error:,0.07279886614216788
Absolute Error:,0.1548340970296943
Transition Probabilities
0.0019493177387914214,0.0019493177387914214,0.059031926077387664,0.9370694384450294
0.755096927809197,0.24060199692198572,0.0021505376344086013,0.0021505376344086013
0.10463113815157868,0.04935174629275733,0.7634861557367029,0.08253095981896114
0.0966853519973298,0.09278512787629377,0.5776188720206793,0.23291064810569717

0.12888543767516986,0.053956935215470514,0.12737346385654946,0.6897841632528102
0.12893942617686024,0.12193347205033683,0.428501686991493,0.3206254147813099
0.0029565363745065014,0.9032419795233827,0.07772871266955732,0.016072771432553506
0.8677401304634643,0.003878181957131372,0.08137741083861212,0.04700427674079213

Transition Gammas
1.0,1.0,30.283378077699897,480.71662192230053
351.12007143127676,111.8799285687234,1.0,1.0
14.31993934735738,6.754337438006655,104.49160389384215,11.295283218410454
38.585015159531864,37.02852078135653,230.51509326836938,92.94955960053711

20.27252109034145,8.486941014101435,20.034701196341658,108.49684998990477
2.240506037396749,2.1187676135211095,7.445826658343131,5.571322898358615
1.0553004001327024,322.4014528036323,27.74433701857481,5.736984083899992
249.5124074046439,1.1151432122429017,23.399486751700703,13.515740296170339

Iteration: ,5000
Error:,0.07407434953374516
Absolute Error:,0.1497594468558267
Transition Probabilities
0.0010121457489878543,0.0010121457489878543,0.06266863897252212,0.9353070695295023
0.7679009224147743,0.22983919057957597,0.0011299435028248588,0.0011299435028248588
0.10840529402260916,0.05711141375332799,0.7508240714879848,0.08365922073607808
0.10232305751044218,0.09526726062858064,0.6045093025907213,0.19790037927025586

0.14162695591435995,0.05653281528431741,0.09709158750932988,0.7047486412919929
0.11459821962621769,0.1453868597669627,0.42112777067893553,0.3188871499278841
0.001483088867465798,0.8653184467919406,0.12148277397624012,0.011715690364353624
0.8648858334099502,0.0019871510983431517,0.09070461507725888,0.04242240041444777

Transition Gammas
1.0,1.0,61.916615304851845,924.0833846951481
679.5923163370752,203.40768366292474,1.0,1.0
37.310340501346886,19.656293660395963,258.4145176339985,28.79337249977311
77.68037036669725,72.32383657704521,458.92399677921003,150.23959537032502

48.62537153728195,19.409646486440824,33.33485836298344,241.96428075414988
4.669872267215256,5.924507960575032,17.16093761021944,12.994636938311125
1.0676555905926268,622.9310310574826,87.4538037751297,8.433966830677983
499.8366356722415,1.1484185324809757,52.42020147493049,24.51684266430526

Iteration: ,7500
Error:,0.060443888168449894
Absolute Error:,0.137589633432114
Transition Probabilities
0.0006949270326615703,0.0006949270326615703,0.0696954959547745,0.9289146499799025
0.7700972189271548,0.2283304540288201,0.0007861635220125787,0.0007861635220125787
0.09913455169334431,0.06312545336395578,0.7642322145133842,0.07350778042931565
0.09347693562621755,0.08916463312020352,0.6186946023305147,0.1986638289230641

0.12787985585665781,0.05049593902613352,0.09483781853049054,0.7267863865867181
0.13772658747709374,0.1015222780259229,0.4915653410310755,0.2691857934659078
0.00098890004261025,0.8459513627100593,0.1440646893965621,0.00899504785076823
0.8582447170022545,0.001281521078279158,0.0992894781798722,0.041184283739594235

Transition Gammas
1.0,1.0,100.29181867892055,1336.70818132108
979.5636624753408,290.43633752465917,1.0,1.0
60.687019782401606,38.64339497818754,467.83865693958774,44.99912541969776
98.92390804347194,94.36032437758934,654.7464092390554,210.24012193267976

68.20575309993048,26.932416577214145,50.582515845789324,387.6373843859279
11.220062352571473,8.270634671866832,40.04596264064868,21.92954492258974
1.0798683498428292,923.7699087217491,157.31711164522582,9.822496775030167
780.2517433266681,1.165062872661479,90.26654858352825,37.441662673694196

Iteration: ,10000
Error:,0.060835950316810126
Absolute Error:,0.13739003325979474
Transition Probabilities
0.0005246589716684155,0.0005246589716684155,0.07125737722939665,0.9276933048272665
0.7707465343969192,0.22800502615239415,0.0006242197253433209,0.0006242197253433209
0.09990301739016777,0.06714362388696918,0.7584115238145916,0.07454183490827146
0.09624186190092329,0.08573973008130242,0.6315770064518594,0.18644140156591493

0.1317473851924275,0.05005196919253836,0.10741465215698934,0.7107859934580448
0.12699109474370446,0.11197650156940342,0.4959034292560721,0.26512897443082
0.0007764305875508797,0.8517204394773273,0.14034083072521716,0.007162299209904678
0.8569571845220788,0.0008326015492131243,0.10366080313091,0.03854941079779809

Transition Gammas
1.0,1.0,135.81656099923,1768.18343900077
1234.7359481038645,365.2640518961354,1.0,1.0
81.10448475696255,54.50935479556262,615.7028834524373,60.51546060378475
117.17878483421963,104.39196815709798,768.9733415740682,227.00077125246366

109.5805191007494,41.630585367005196,89.34183646375595,591.1942617981554
16.7666637037663,14.784283483244181,65.47424482529095,35.005040009912896
1.092029506599182,1197.9227328185525,197.38574264056192,10.073588286854266
1226.3706590379309,1.1915158995883233,148.34646321677462,55.167127575906974

Iteration: ,12500
Error:,0.054172048112351205
Absolute Error:,0.13331435777384687
Transition Probabilities
0.00042918454935622326,0.00042918454935622326,0.06518742546229363,0.9339542054389939
0.7693841631325001,0.2295714504445234,0.0005221932114882504,0.0005221932114882504
0.0983360745106031,0.06678130451775269,0.7565099639193734,0.07837265705227077
0.09372435014624879,0.0863694190249319,0.6520944017562896,0.1678118290725298

0.12435868969126582,0.049980438029123,0.11523886595316414,0.710422006326447
0.11341248168487691,0.09676521474361556,0.509232796217924,0.2805895073535835
0.0006233497676968678,0.8485814672614371,0.14497247294568516,0.005822710025180794
0.8516630585244991,0.0006534309722142973,0.10527164834294331,0.04241186216034322

Transition Gammas
1.0,1.0,151.88670132714412,2176.1132986728553
1473.3706723987382,439.62932760126245,1.0,1.0
104.3971621384675,70.89746779353558,803.1385608558257,83.20327027723897
135.03210987862278,124.43559076940905,939.4963290947323,241.77265893970508

130.34417015620562,52.38603538782097,120.78540220790345,744.615170079514
27.36399810822633,23.34736982957225,122.86694608334459,67.70022694455731
1.1105621841413478,1511.8357887349327,258.2834782946877,10.37376108613732
1569.2491899935349,1.2039926043527898,193.97042907749406,78.14684419509963

Iteration: ,15000
Error:,0.05695444110774364
Absolute Error:,0.12955368773571552
Transition Probabilities
0.00036483035388544315,0.00036483035388544315,0.06334448508142165,0.9359258542108074
0.7675995897510534,0.2315047541808769,0.0004478280340349304,0.0004478280340349304
0.10176972546475162,0.07403719395941186,0.7520115083169927,0.07218157225884389
0.09366447780442208,0.08349811806918739,0.676635566666592,0.1462018374597985

0.12634925730812457,0.05100412645517751,0.11414178448635752,0.7085048317503404
0.10621485628498877,0.09329063560673752,0.5182369180042988,0.2822575901039748
0.0004903215949002808,0.8501114570090685,0.14482878598662968,0.004569435409401523
0.8529552027692039,0.0005863955518323195,0.10410406707274887,0.04235433460621477

Transition Gammas
1.0,1.0,173.6272336081768,2565.372766391824
1714.0498839141028,516.9501160858983,1.0,1.0
120.81214194083921,87.89049930790966,892.72247388939,85.68766706822592
165.82451649420705,147.82589282044248,1197.9222893823053,258.8371768639822

145.67361905133188,58.80490194855876,131.59908641612316,816.8663999720272
53.559715224352914,47.04257060602836,261.3252299902551,142.33071224347722
1.146394759622132,1987.6002394064112,338.6164570852199,10.683553125648224
1755.5005615763484,1.2068836876841862,214.2606641184215,87.17111748073991

Iteration: ,17500
Error:,0.05601765951112442
Absolute Error:,0.12847580363265504
Transition Probabilities
0.00032092426187419723,0.00032092426187419723,0.06067381385593528,0.9386843376203163
0.7671002983127524,0.23211136901085805,0.0003941663381947177,0.0003941663381947177
0.10144406930657922,0.07089614822429416,0.7582005562818364,0.06945922618729035
0.09203403299613126,0.08290125781488102,0.6950413904524338,0.1300233187365539

0.12189703373022927,0.05040183538095785,0.11413117557501139,0.7135699553138014
0.10570132570337408,0.10147163191403642,0.5155704484266223,0.2772565939559671
0.00040210565471798343,0.8465152228087081,0.14932757389084206,0.003755097645732006
0.853894267766116,0.0005332903249808743,0.10468028811859503,0.04089215379030822

Transition Gammas
1.0,1.0,189.0596039750946,2924.94039602491
1946.133456819455,588.8665431805475,1.0,1.0
135.9278015721567,94.9957709103559,1015.9345486694926,93.07039809304281
191.79083874101224,172.7589376602597,1448.4051920249453,270.9571725214075

154.6246314841922,63.9340021936469,144.77375227357456,905.1532100672104
82.96987952238548,79.64979643182188,404.6951890774028,217.63157693848333
1.1715428053445833,2466.338901878307,435.06885013610236,10.940551515767991
1937.3713453250052,1.209964082625739,237.50550656803372,92.77880177041537

Iteration: ,19471
Error:,0.05619678616858595
Absolute Error:,0.12573470603041614
Transition Probabilities
0.00029180040852057164,0.00029180040852057164,0.05928413437785053,0.9401322648051084
0.7643066018845498,0.23498140096343875,0.0003559985760056957,0.0003559985760056957
0.10118777493193463,0.07288871195365795,0.7585585221053616,0.06736499100904592
0.09005567882874181,0.08579387780580022,0.7045427300796613,0.11960771328579663

0.12366985547167704,0.04879649068491037,0.11259665285410832,0.7149370009893042
0.10966427743807727,0.09630121424152113,0.5313956191767746,0.26263888914362704
0.0003524524881687897,0.8474381378477234,0.14892226399620834,0.003287145667899482
0.8576308010339712,0.0004995818001679152,0.10239172160568384,0.03947789556017707

*,*,*,*,*,*,*,*,*,*,*
Model Num 2
Model States: 
"['diamond', 'x', 'square']","['diamond', 'x', 'diamond']","['square', 'y', 'diamond', 'x', 'diamond']","['square', 'y', 'diamond', 'x', 'square']"
Iteration: ,19471
Error:,0.05788255899540595
Absolute Error:,0.12573470603041614
Transition Probabilities
0.00029180040852057164,0.00029180040852057164,0.05928413437785053,0.9401322648051084
0.7643066018845498,0.23498140096343875,0.0003559985760056957,0.0003559985760056957
0.10118777493193463,0.07288871195365795,0.7585585221053616,0.06736499100904592
0.09005567882874181,0.08579387780580022,0.7045427300796613,0.11960771328579663

0.12366985547167704,0.04879649068491037,0.11259665285410832,0.7149370009893042
0.10966427743807727,0.09630121424152113,0.5313956191767746,0.26263888914362704
0.0003524524881687897,0.8474381378477234,0.14892226399620834,0.003287145667899482
0.8576308010339712,0.0004995818001679152,0.10239172160568384,0.03947789556017707

Transition Gammas
1.0,1.0,203.16672851289397,3221.8332714871094
2146.937244693702,660.0627553062999,1.0,1.0
144.3659750173662,103.99131689601823,1082.245762644117,96.11054908163383
210.69564063717144,200.7246659193589,1648.3589241794618,279.83603148250376

169.14028325806103,66.73778525062875,153.99573068972384,977.8021199894896
109.76132415099057,96.38643539566566,531.8658743893415,262.8713097774928
1.1868968426807476,2853.779399897516,501.5012544253063,11.069585108995344
2081.3500616364436,1.2124151899842375,248.4903944892368,95.8073337132827

