0,1,2,3,4,5,6,7,8,9,10,11,12,13,14,15,16,17,18,19,20,21,22,23,24,25,26,27,28,29
github Code Version (SHA):,528ca1c557fe8e6666681dc5c9134b0f84d30530
Environment Observations,Environment Actions,alpha,epsilon,numActions,explore,patience,gainThresh,insertRandActions,useUpdatedPosterior,revisedSplitting,haveControl,confidence_factor
"['diamond', 'square']","['x', 'y']",0.8,0.99,75000,0.5,0,0.01,False,True,False,True,250

Model Num 0
Model States: 
['diamond'],['square']
Iteration: ,0
Error:,0.4517046680973302
Absolute Error:,1
Transition Probabilities
0.5,0.5
0.5,0.5

0.5,0.5
0.5,0.5

Transition Gammas
1.0,1.0
1.0,1.0

1.0,1.0
1.0,1.0

Iteration: ,2444
Error:,0.07129384718415938
Absolute Error:,1
Transition Probabilities
0.4519056261343013,0.5480943738656987
0.12691131498470948,0.8730886850152905

0.164,0.836
0.8536912751677852,0.14630872483221477


Model Num 1
Model States: 
['square'],"['diamond', 'x', 'square']","['diamond', 'x', 'diamond']"
Iteration: ,0
Error:,0.5173401713158459
Absolute Error:,1
Transition Probabilities
0.3333333333333333,0.3333333333333333,0.3333333333333333
0.3333333333333333,0.3333333333333333,0.3333333333333333
0.3333333333333333,0.3333333333333333,0.3333333333333333

0.3333333333333333,0.3333333333333333,0.3333333333333333
0.3333333333333333,0.3333333333333333,0.3333333333333333
0.3333333333333333,0.3333333333333333,0.3333333333333333

Transition Gammas
1.0,1.0,1.0
1.0,1.0,1.0
1.0,1.0,1.0

1.0,1.0,1.0
1.0,1.0,1.0
1.0,1.0,1.0

Iteration: ,2500
Error:,0.06108694449237022
Absolute Error:,1
Transition Probabilities
0.8698630136986302,0.06747402117665137,0.0626629651247185
0.9957983193277311,0.0021008403361344537,0.0021008403361344537
0.002898550724637681,0.8070615537511374,0.19003989552422487

0.13658536585365852,0.33974463965098645,0.523669994495355
0.6941804395709127,0.06667105915757494,0.23914850127151235
0.9195283396721031,0.05488053613015549,0.025591124197741413

Transition Gammas
762.0,59.1072425507466,54.8927574492534
474.0,1.0,1.0
1.0,278.4362360441424,65.56376395585758

84.0,208.9429533853567,322.0570466146434
38.451911703154266,3.6930307075023308,13.24686858148572
87.27213627815912,5.208693872205483,2.4288452918079666

Iteration: ,2868
Error:,0.06815835298981542
Absolute Error:,1
Transition Probabilities
0.8717948717948718,0.0669356009057447,0.0612695272993835
0.9964601769911504,0.0017699115044247787,0.0017699115044247787
0.002506265664160401,0.8010683729846909,0.1964253613511486

0.14933333333333335,0.35696369302794345,0.4937029736387233
0.6800363765560531,0.08462602805704092,0.23533759538690605
0.9179792865259426,0.05885913566961737,0.023161577804440052


Model Num 2
Model States: 
"['diamond', 'x', 'square']","['diamond', 'x', 'diamond']","['square', 'y', 'diamond', 'x', 'diamond']","['square', 'y', 'diamond', 'x', 'square']"
Iteration: ,0
Error:,0.45156871179783636
Absolute Error:,0.55
Transition Probabilities
0.25,0.25,0.25,0.25
0.25,0.25,0.25,0.25
0.25,0.25,0.25,0.25
0.25,0.25,0.25,0.25

0.25,0.25,0.25,0.25
0.25,0.25,0.25,0.25
0.25,0.25,0.25,0.25
0.25,0.25,0.25,0.25

Transition Gammas
1.0,1.0,1.0,1.0
1.0,1.0,1.0,1.0
1.0,1.0,1.0,1.0
1.0,1.0,1.0,1.0

1.0,1.0,1.0,1.0
1.0,1.0,1.0,1.0
1.0,1.0,1.0,1.0
1.0,1.0,1.0,1.0

Iteration: ,2500
Error:,0.04758849399011524
Absolute Error:,0.13023236555829393
Transition Probabilities
0.001715265866209263,0.001715265866209263,0.1471568379932423,0.8494126302743392
0.8503018351347214,0.1442781106647367,0.0027100271002710036,0.0027100271002710036
0.10006194721538957,0.029969168155040308,0.7505564374171825,0.1194124472123876
0.11408859466564553,0.06559110204369649,0.758251391634877,0.06206891165578099

0.06144879140081638,0.03110736259625848,0.3478479955096543,0.559595850493271
0.11171450127403013,0.09061647727155876,0.5658148500209288,0.2318541714334823
0.0028658607846337425,0.8596838364404323,0.07720348834791844,0.0602468144270155
0.8635458201335843,0.002961320124784375,0.06801356422856208,0.06547929551306916

Transition Gammas
1.0,1.0,85.79243655006023,495.2075634499396
313.7613771647121,53.23862283528782,1.0,1.0
20.224697492052133,6.0574211964856834,151.70379269953102,24.1358547266482
24.4657408634283,14.065690880413484,162.6033006317584,13.310374386640008

8.42606569953195,4.265546563243787,47.69809131796694,76.73367195598115
2.9903957706361233,2.4256397091915165,15.145843334298029,6.206318121210693
1.0416080131856453,312.4553633741742,28.05990177200935,21.896934077384994
344.552296852875,1.1815582067819645,27.13721637663245,26.126050453056564

Iteration: ,5000
Error:,0.03415853938386384
Absolute Error:,0.11960517728723435
Transition Probabilities
0.0009433962264150948,0.0009433962264150948,0.10932534875132344,0.8887878587958463
0.8351155412643894,0.1622142317663182,0.0013351134846461947,0.0013351134846461947
0.08111718410420612,0.04063172723714013,0.7583182973400326,0.11993279131862114
0.0903055813759,0.07188894311165338,0.7484217496815064,0.08938372583094023

0.07159042777619401,0.04314340736959492,0.31676493801854727,0.5685012268356637
0.0633086820430682,0.0869352354238369,0.6224204057228112,0.2273356768102837
0.0014681171639662992,0.8549609567903667,0.07823933522040442,0.06533159082526256
0.8712102648378349,0.0016325995315059425,0.06840004376787548,0.05875709186278381

Transition Gammas
1.0,1.0,115.8848696764028,942.1151303235966
625.5015404070277,121.49845959297234,1.0,1.0
36.881979350570006,18.474242436880772,344.78859310162204,54.53047688621928
43.06293666734301,34.280815838095265,356.8908800093039,42.623342498918376

22.60932676796923,13.62533267928241,100.0391004044033,179.54118175828353
3.8527219312686216,5.290542739297005,37.8781025004761,13.834771464851165
1.0561023183603084,615.0232901946922,56.28211789991388,46.9968243858163
648.832623478969,1.2158762125176625,50.94083671322189,43.75926179935566

Iteration: ,7500
Error:,0.03747819404779365
Absolute Error:,0.1150605649769546
Transition Probabilities
0.0006830601092896187,0.0006830601092896187,0.08896950234792879,0.909664377433492
0.8533115970833538,0.14488822289864436,0.0009000900090008997,0.0009000900090008997
0.08426975362822055,0.04454939776542145,0.75869234777927,0.11248850082708799
0.09166726131982415,0.07006103251211104,0.749430766929187,0.08884093923887794

0.07369581765522303,0.046125930251983624,0.27745030062418585,0.6027279514686075
0.0778370336251957,0.08520442221593902,0.6291108575046038,0.20784768665426165
0.0009762725181205963,0.8546600806029253,0.0810860076660673,0.06327763921288684
0.8852086501489651,0.0011525242717866685,0.06213765109797909,0.05150117448126915

Transition Gammas
1.0,1.0,130.25135143736753,1331.74864856263
948.0291843596065,160.97081564039397,1.0,1.0
58.149171839940266,30.740692531938574,523.5251060457631,77.62112600292558
69.66547927117733,53.24513177240753,569.553980417618,67.51752503420212

43.93225063041128,27.49702755007559,165.39630785466724,359.3039098874369
7.360524546972755,8.057208914858272,59.4907808502456,19.65475723312995
1.0626985844569274,930.3202138650994,88.26427454075784,68.87939214837596
953.052430044601,1.240855540359693,66.899978176023,55.44830530210555

Iteration: ,10000
Error:,0.03879577507494885
Absolute Error:,0.1068227553690533
Transition Probabilities
0.0005425935973955519,0.0005425935973955519,0.08200589310454214,0.9169089197006668
0.866013302080136,0.13261023542846684,0.0006882312456985547,0.0006882312456985547
0.0788841371468592,0.046915026469666075,0.7724432324176234,0.10175760396585135
0.08674692928427784,0.06789389801660738,0.7544405563527649,0.09091861634634991

0.0834421596797405,0.05395398017224763,0.2417820162936602,0.6208218438543517
0.07382406578015356,0.08654287807658269,0.6533905898821936,0.18624246626107016
0.0007379910381829964,0.8593151903091523,0.07833613179760761,0.061610686855057044
0.8880242663473684,0.0008872437338350474,0.05953171669458335,0.05155677322421316

Transition Gammas
1.0,1.0,151.13686099167083,1689.863139008325
1258.3173279224377,192.6826720775623,1.0,1.0
75.19725759640164,44.722316275242996,736.3408516285948,97.0016664258767
88.74901855200982,69.46086581229827,771.8527846988046,93.01698671549056

74.31050990505494,48.0494248158872,215.32214633002255,552.8810370450462
10.805407650343815,12.667022155570223,95.63482590623887,27.259752608982918
1.0712978319963729,1247.4169098940638,113.71591770054741,89.43658098902749
1258.558668933381,1.2574524537127019,84.37174631570922,73.06920130737055

Iteration: ,12500
Error:,0.03788643631960625
Absolute Error:,0.10567434596907142
Transition Probabilities
0.0004502476361999105,0.0004502476361999105,0.07503078419571199,0.9240687205318882
0.8660310816016202,0.1328472134067925,0.0005608524957936066,0.0005608524957936066
0.07851973964764748,0.04988222718755396,0.7766312167946433,0.09496681637015543
0.08469424383431277,0.07212881030275452,0.7685156571303012,0.07466128873263149

0.0799884903951892,0.0504140661185491,0.24196293727353613,0.6276345062127255
0.06845927607321499,0.08463527485469272,0.6428046804534598,0.20410076861863247
0.0005539133513179983,0.863087533535441,0.07789330626437214,0.058465246848868876
0.8889851487806448,0.0007423914844174464,0.05975702147619282,0.050515438258744876

Transition Gammas
1.0,1.0,166.64337169867613,2052.356628301321
1544.1334184956881,236.86658150431094,1.0,1.0
83.91273034465038,53.30830053389272,829.972770727076,101.48944570523086
109.44039867264853,93.20356848288218,993.0622920142054,96.47599216184929

88.23891377671264,55.614031611174056,266.9202363209468,692.3719500565193
23.874773314527367,29.5160585602379,224.17438383266906,71.17895285482255
1.0910913768135089,1700.0986942001534,153.43323025943567,115.16408934409674
1521.4690875783367,1.270578812224058,102.27219326047043,86.45552500125831

Iteration: ,15000
Error:,0.03893667586281633
Absolute Error:,0.10436396239021911
Transition Probabilities
0.00038358266206367443,0.00038358266206367443,0.07163650490997064,0.927596329765902
0.8566027067452591,0.14244581846882287,0.0004757373929590869,0.0004757373929590869
0.0789576049725448,0.05025058894405953,0.7818308720939208,0.08896093398947501
0.08532559396112854,0.07392167355095788,0.7790153501450836,0.0617373823428299

0.07739326005853644,0.04893063944303218,0.23481747025486827,0.6388586302435632
0.07484538723927153,0.07357424116624035,0.6375435322055883,0.21403683938889972
0.00043746683389793244,0.8642120461220764,0.07687008445606504,0.058480402587960445
0.8937152040717342,0.0006591703775243944,0.057079545700956615,0.048546079849784714

Transition Gammas
1.0,1.0,186.7563683002936,2418.243631699708
1800.5788895785333,299.42111042146547,1.0,1.0
93.44510140735579,59.47079298174986,925.2847164199285,105.28388621754887
137.41947326748738,119.05311139177715,1254.6279974680733,99.4299385285281

96.69790123989239,61.1356872276532,293.3893278424071,798.2127731383904
45.33612851762797,44.566156661548355,386.1795172393627,129.6486265348702
1.1071772899184928,2187.219411845974,194.54917536383778,148.00704563991513
1734.6835006337365,1.2794366402054616,110.79026707838274,94.22697896623245

Iteration: ,17500
Error:,0.0384389063986051
Absolute Error:,0.1008621464973875
Transition Probabilities
0.0003326679973386557,0.0003326679973386557,0.06678470100894755,0.9325499629963752
0.8526376697609014,0.14654198569438995,0.000410172272354389,0.000410172272354389
0.07708523650093384,0.04988928264820429,0.7886091720278077,0.0844163088230541
0.08364066965994066,0.07411017696857541,0.7881244758598012,0.054124677511682734

0.08038792141630541,0.049275173593681026,0.22604680093714122,0.6442901040528723
0.07449245987573103,0.06767282683740865,0.6547441137730629,0.2030905995137974
0.0003578182955443013,0.8624805527984089,0.07697443766353015,0.060187191242516765
0.8979848615236592,0.0005977488248076332,0.055177108922296984,0.046240280729236194

Transition Gammas
1.0,1.0,200.75481123289651,2803.2451887671064
2078.7306388770767,357.2693611229226,1.0,1.0
97.46586237791723,63.079549047812634,997.1101668721535,106.73520263636834
163.02043412756336,144.44496046968024,1536.0995401350576,105.49208251012878

111.51961617989676,68.35788697542425,313.5875643388677,893.8032461417548
64.54923689085751,58.63988567284513,567.3491380649249,175.98214960536276
1.1186198598326926,2696.3067207398553,240.63927345832937,188.15859409595757
1931.8019642053553,1.2859151677741338,118.70049481057738,99.47502342810043

Iteration: ,18743
Error:,0.04008858342210694
Absolute Error:,0.10083904551171868
Transition Probabilities
0.00031201248049921986,0.00031201248049921986,0.0654120103068792,0.9339639647321223
0.8527701353061544,0.14645825975557397,0.0003858024691358027,0.0003858024691358027
0.07741686390501452,0.05049865976908897,0.790597889329334,0.08148658699656253
0.08342815750725743,0.07254410515958622,0.7932226441132182,0.05080509321993804

0.07922708648217004,0.0495048431230072,0.2220178014606385,0.6492502689341842
0.07190942301345285,0.07271809875885636,0.6479395710481567,0.20743290717953414
0.0003293609351278498,0.8634502852890424,0.07703465672423437,0.05918569705159544
0.8981873651568828,0.0005674616031677872,0.05550090328763947,0.04574426995231005

*,*,*,*,*,*,*,*,*,*,*
Model Num 2
Model States: 
"['diamond', 'x', 'square']","['diamond', 'x', 'diamond']","['square', 'y', 'diamond', 'x', 'diamond']","['square', 'y', 'diamond', 'x', 'square']"
Iteration: ,18743
Error:,0.04027924757841771
Absolute Error:,0.10083904551171868
Transition Probabilities
0.00031201248049921986,0.00031201248049921986,0.0654120103068792,0.9339639647321223
0.8527701353061544,0.14645825975557397,0.0003858024691358027,0.0003858024691358027
0.07741686390501452,0.05049865976908897,0.790597889329334,0.08148658699656253
0.08342815750725743,0.07254410515958622,0.7932226441132182,0.05080509321993804

0.07922708648217004,0.0495048431230072,0.2220178014606385,0.6492502689341842
0.07190942301345285,0.07271809875885636,0.6479395710481567,0.20743290717953414
0.0003293609351278498,0.8634502852890424,0.07703465672423437,0.05918569705159544
0.8981873651568828,0.0005674616031677872,0.05550090328763947,0.04574426995231005

Transition Gammas
1.0,1.0,209.64549303354792,2993.3545069664533
2210.3801907135507,379.61980928644743,1.0,1.0
101.78646373859918,66.3948362431831,1039.465554853364,107.1372710561397
175.70125020913434,152.7792336865815,1670.5416304173305,106.99647052565209

115.42080364190888,72.12039507107232,323.4433349150564,945.8506065595822
71.96770091537296,72.7770320397769,648.464683852422,207.6010180350106
1.1233443740334983,2944.95162233054,262.7404740734634,201.86340490062233
2040.649057246128,1.289252143204508,126.09603559770373,103.92931917528048

