0,1,2,3,4,5,6,7,8,9,10,11,12,13,14,15,16,17,18,19,20,21,22,23,24,25,26,27,28,29
github Code Version (SHA):,528ca1c557fe8e6666681dc5c9134b0f84d30530
Environment Observations,Environment Actions,alpha,epsilon,numActions,explore,patience,gainThresh,insertRandActions,useUpdatedPosterior,revisedSplitting,haveControl,confidence_factor
"['diamond', 'square']","['x', 'y']",0.75,0.99,75000,0.5,0,0.01,False,True,False,True,250

Model Num 0
Model States: 
['diamond'],['square']
Iteration: ,0
Error:,0.403611180583921
Absolute Error:,1
Transition Probabilities
0.5,0.5
0.5,0.5

0.5,0.5
0.5,0.5

Transition Gammas
1.0,1.0
1.0,1.0

1.0,1.0
1.0,1.0

Iteration: ,2443
Error:,0.05418295402620489
Absolute Error:,1
Transition Probabilities
0.4293286219081272,0.5706713780918727
0.18575851393188855,0.8142414860681114

0.17,0.83
0.8371777476255088,0.1628222523744912


Model Num 1
Model States: 
['square'],"['diamond', 'x', 'square']","['diamond', 'x', 'diamond']"
Iteration: ,0
Error:,0.476097142699924
Absolute Error:,1
Transition Probabilities
0.3333333333333333,0.3333333333333333,0.3333333333333333
0.3333333333333333,0.3333333333333333,0.3333333333333333
0.3333333333333333,0.3333333333333333,0.3333333333333333

0.3333333333333333,0.3333333333333333,0.3333333333333333
0.3333333333333333,0.3333333333333333,0.3333333333333333
0.3333333333333333,0.3333333333333333,0.3333333333333333

Transition Gammas
1.0,1.0,1.0
1.0,1.0,1.0
1.0,1.0,1.0

1.0,1.0,1.0
1.0,1.0,1.0
1.0,1.0,1.0

Iteration: ,2500
Error:,0.056433036209361034
Absolute Error:,1
Transition Probabilities
0.8234597156398105,0.1008344410095092,0.07570584335068034
0.9959595959595959,0.00202020202020202,0.00202020202020202
0.0024390243902439033,0.7181200615670716,0.2794409140426845

0.1551724137931034,0.3193771606126878,0.5254504255942088
0.7167699839654603,0.15879153838402454,0.12443847765051508
0.8349141177808648,0.034671587066719155,0.13041429515241607

Transition Gammas
695.0,85.10426821202576,63.895731787974206
493.0,1.0,1.0
1.0,294.4292252424993,114.57077475750062

90.0,185.23875315535898,304.7612468446412
38.10060715456535,8.440719001606999,6.614648573373998
61.72933423630106,2.5634420845980475,9.642174498201559

Iteration: ,2965
Error:,0.06121326302083958
Absolute Error:,1
Transition Probabilities
0.8240534521158129,0.10247614903894829,0.07347039884523875
0.9967320261437909,0.0016339869281045752,0.0016339869281045752
0.0020703933747412014,0.7301583059670587,0.2677713006582001

0.1533333333333333,0.3491136828962875,0.4975529837703791
0.7040508657196853,0.2035399469475034,0.0924091873328111
0.8311245519325668,0.03429909874657164,0.1345763493208616


Model Num 2
Model States: 
"['diamond', 'x', 'square']","['diamond', 'x', 'diamond']","['square', 'y', 'diamond', 'x', 'diamond']","['square', 'y', 'diamond', 'x', 'square']"
Iteration: ,0
Error:,0.4032464534561119
Absolute Error:,0.5
Transition Probabilities
0.25,0.25,0.25,0.25
0.25,0.25,0.25,0.25
0.25,0.25,0.25,0.25
0.25,0.25,0.25,0.25

0.25,0.25,0.25,0.25
0.25,0.25,0.25,0.25
0.25,0.25,0.25,0.25
0.25,0.25,0.25,0.25

Transition Gammas
1.0,1.0,1.0,1.0
1.0,1.0,1.0,1.0
1.0,1.0,1.0,1.0
1.0,1.0,1.0,1.0

1.0,1.0,1.0,1.0
1.0,1.0,1.0,1.0
1.0,1.0,1.0,1.0
1.0,1.0,1.0,1.0

Iteration: ,2500
Error:,0.26841704368174946
Absolute Error:,0.34096188805101496
Transition Probabilities
0.0011627906976744192,0.0011627906976744192,0.2588759756004681,0.7387984430041831
0.6816143497757847,0.31390134529147984,0.002242152466367713,0.002242152466367713
0.25,0.25,0.25,0.25
0.25,0.25,0.25,0.25

0.25,0.25,0.25,0.25
0.25,0.25,0.25,0.25
0.003436426116838488,0.9896907216494846,0.003436426116838488,0.003436426116838488
0.7745073823890105,0.0014396047999795736,0.11202650640550493,0.11202650640550493

Transition Gammas
1.0,1.0,222.63333901640246,635.3666609835971
304.0,140.0,1.0,1.0
1.0,1.0,1.0,1.0
1.0,1.0,1.0,1.0

1.0,1.0,1.0,1.0
1.0,1.0,1.0,1.0
1.0,288.0,1.0,1.0
538.0,1.0,77.81754159689831,77.81754159689831

Iteration: ,5000
Error:,0.2697568028453475
Absolute Error:,0.3421489170146354
Transition Probabilities
0.0005793742757821556,0.0005793742757821556,0.27063182685912396,0.7282094245893118
0.6922234392113911,0.30558598028477546,0.001095290251916758,0.001095290251916758
0.25,0.25,0.25,0.25
0.25,0.25,0.25,0.25

0.25,0.25,0.25,0.25
0.25,0.25,0.25,0.25
0.001652892561983471,0.9950413223140496,0.001652892561983471,0.001652892561983471
0.7792620679922774,0.0007344600075327779,0.11000173600009484,0.11000173600009484

Transition Gammas
1.0,1.0,467.11053315884766,1256.8894668411515
632.0,279.0,1.0,1.0
1.0,1.0,1.0,1.0
1.0,1.0,1.0,1.0

1.0,1.0,1.0,1.0
1.0,1.0,1.0,1.0
1.0,602.0,1.0,1.0
1061.0,1.0,149.7722610787431,149.7722610787431

Iteration: ,7500
Error:,0.26591702400274125
Absolute Error:,0.34237875396622475
Transition Probabilities
0.0003846153846153847,0.0003846153846153847,0.2738890799791667,0.7253416892516025
0.696285506190823,0.3022578295702841,0.0007283321194464676,0.0007283321194464676
0.25,0.25,0.25,0.25
0.25,0.25,0.25,0.25

0.25,0.25,0.25,0.25
0.25,0.25,0.25,0.25
0.0010976948408342481,0.9967069154774972,0.0010976948408342481,0.0010976948408342481
0.7842454821430045,0.0004904599638167633,0.10763202894658937,0.10763202894658937

Transition Gammas
1.0,1.0,712.1116079458333,1885.8883920541657
956.0,415.0,1.0,1.0
1.0,1.0,1.0,1.0
1.0,1.0,1.0,1.0

1.0,1.0,1.0,1.0
1.0,1.0,1.0,1.0
1.0,908.0,1.0,1.0
1599.0,1.0,219.4512027220246,219.4512027220246

Iteration: ,10000
Error:,0.27206138842103966
Absolute Error:,0.34360950981590166
Transition Probabilities
0.00028851702250432774,0.00028851702250432774,0.27527778796777624,0.7241451779872151
0.6891527253103076,0.3097679438747976,0.0005396654074473826,0.0005396654074473826
0.25,0.25,0.25,0.25
0.25,0.25,0.25,0.25

0.25,0.25,0.25,0.25
0.25,0.25,0.25,0.25
0.0008223684210526315,0.9975328947368421,0.0008223684210526315,0.0008223684210526315
0.7879042100679619,0.0003692147188697103,0.1058632876065842,0.1058632876065842

Transition Gammas
1.0,1.0,954.1128130963125,2509.8871869036875
1277.0,574.0,1.0,1.0
1.0,1.0,1.0,1.0
1.0,1.0,1.0,1.0

1.0,1.0,1.0,1.0
1.0,1.0,1.0,1.0
1.0,1213.0,1.0,1.0
2134.0,1.0,286.72553448212227,286.72553448212227

Iteration: ,12500
Error:,0.27054879851379526
Absolute Error:,0.34436293274167223
Transition Probabilities
0.0002320185614849189,0.0002320185614849189,0.27498364993006347,0.7245523129469666
0.6835987946620748,0.3155402496771416,0.00043047783039173483,0.00043047783039173483
0.25,0.25,0.25,0.25
0.25,0.25,0.25,0.25

0.25,0.25,0.25,0.25
0.25,0.25,0.25,0.25
0.0006640106241699867,0.99800796812749,0.0006640106241699867,0.0006640106241699867
0.7789913154776946,0.00029507246798397526,0.11035680602716075,0.11035680602716075

Transition Gammas
1.0,1.0,1185.1795311985732,3122.820468801425
1588.0,733.0,1.0,1.0
1.0,1.0,1.0,1.0
1.0,1.0,1.0,1.0

1.0,1.0,1.0,1.0
1.0,1.0,1.0,1.0
1.0,1503.0,1.0,1.0
2640.0,1.0,373.9989934715088,373.9989934715088

Iteration: ,15000
Error:,0.2687346949401161
Absolute Error:,0.34412205425626186
Transition Probabilities
0.00019346101760495273,0.00019346101760495273,0.2737792089858842,0.7258338689789059
0.6848375451263538,0.3144404332129964,0.00036101083032490973,0.00036101083032490973
0.25,0.25,0.25,0.25
0.25,0.25,0.25,0.25

0.25,0.25,0.25,0.25
0.25,0.25,0.25,0.25
0.0005549389567147614,0.9983351831298557,0.0005549389567147614,0.0005549389567147614
0.7773238025169907,0.00024505794530800464,0.11121556976885062,0.11121556976885062

Transition Gammas
1.0,1.0,1415.1647312480345,3751.835268751962
1897.0,871.0,1.0,1.0
1.0,1.0,1.0,1.0
1.0,1.0,1.0,1.0

1.0,1.0,1.0,1.0
1.0,1.0,1.0,1.0
1.0,1799.0,1.0,1.0
3172.0,1.0,453.8337642106144,453.8337642106144

Iteration: ,17500
Error:,0.27018161116665684
Absolute Error:,0.3444211313831047
Transition Probabilities
0.00016583747927031528,0.00016583747927031528,0.27422694825233157,0.7254413767891278
0.6832663161150634,0.31611506340859885,0.0003093102381688834,0.0003093102381688834
0.25,0.25,0.25,0.25
0.25,0.25,0.25,0.25

0.25,0.25,0.25,0.25
0.25,0.25,0.25,0.25
0.0004764173415912339,0.9985707479752263,0.0004764173415912339,0.0004764173415912339
0.7779676300730801,0.00021037523798623044,0.11091099734446681,0.11091099734446681

Transition Gammas
1.0,1.0,1653.5884979615578,4374.411502038436
2209.0,1022.0,1.0,1.0
1.0,1.0,1.0,1.0
1.0,1.0,1.0,1.0

1.0,1.0,1.0,1.0
1.0,1.0,1.0,1.0
1.0,2096.0,1.0,1.0
3698.0,1.0,527.2055704185404,527.2055704185404

Iteration: ,20000
Error:,0.26744683234563704
Absolute Error:,0.3444586965281808
Transition Probabilities
0.00014475969889982633,0.00014475969889982633,0.2746188389560595,0.7250916416461409
0.6836403033586133,0.31581798483206935,0.00027085590465872155,0.00027085590465872155
0.25,0.25,0.25,0.25
0.25,0.25,0.25,0.25

0.25,0.25,0.25,0.25
0.25,0.25,0.25,0.25
0.0004166666666666667,0.99875,0.0004166666666666667,0.0004166666666666667
0.7803650471299381,0.0001839182293495023,0.10972551732035617,0.10972551732035617

Transition Gammas
1.0,1.0,1897.0669395084583,5008.93306049154
2524.0,1166.0,1.0,1.0
1.0,1.0,1.0,1.0
1.0,1.0,1.0,1.0

1.0,1.0,1.0,1.0
1.0,1.0,1.0,1.0
1.0,2397.0,1.0,1.0
4243.0,1.0,596.5994654713824,596.5994654713824

Iteration: ,22500
Error:,0.27148621614637847
Absolute Error:,0.34452714259127515
Transition Probabilities
0.00012858428700012858,0.00012858428700012858,0.27396021549446115,0.7257826159315386
0.6826506024096386,0.3168674698795181,0.00024096385542168674,0.00024096385542168674
0.25,0.25,0.25,0.25
0.25,0.25,0.25,0.25

0.25,0.25,0.25,0.25
0.25,0.25,0.25,0.25
0.0003713330857779428,0.9988860007426662,0.0003713330857779428,0.0003713330857779428
0.780969674137057,0.00016321205311119267,0.10943355690491594,0.10943355690491594

Transition Gammas
1.0,1.0,2130.5885959004245,5644.4114040995755
2833.0,1315.0,1.0,1.0
1.0,1.0,1.0,1.0
1.0,1.0,1.0,1.0

1.0,1.0,1.0,1.0
1.0,1.0,1.0,1.0
1.0,2690.0,1.0,1.0
4785.0,1.0,670.4992359256785,670.4992359256785

Iteration: ,25000
Error:,0.27042760740912036
Absolute Error:,0.3455454164225761
Transition Probabilities
0.00011578094245687157,0.00011578094245687157,0.2744063113632501,0.7253621267518362
0.6751290877796902,0.3244406196213425,0.0002151462994836489,0.0002151462994836489
0.25,0.25,0.25,0.25
0.25,0.25,0.25,0.25

0.25,0.25,0.25,0.25
0.25,0.25,0.25,0.25
0.00033433634236041456,0.9989969909729187,0.00033433634236041456,0.00033433634236041456
0.7829667640600817,0.0001472572435696975,0.10844298934817427,0.10844298934817427

Transition Gammas
1.0,1.0,2370.0473112443915,6264.95268875561
3138.0,1508.0,1.0,1.0
1.0,1.0,1.0,1.0
1.0,1.0,1.0,1.0

1.0,1.0,1.0,1.0
1.0,1.0,1.0,1.0
1.0,2988.0,1.0,1.0
5317.0,1.0,736.4187100028646,736.4187100028646

Iteration: ,27500
Error:,0.27424348511271257
Absolute Error:,0.34554653622318876
Transition Probabilities
0.00010539629005059021,0.00010539629005059021,0.27531790926475824,0.7244712981551407
0.6761774477232754,0.3234316982606996,0.00019542700801250732,0.00019542700801250732
0.25,0.25,0.25,0.25
0.25,0.25,0.25,0.25

0.25,0.25,0.25,0.25
0.25,0.25,0.25,0.25
0.00030321406913280777,0.9990903577926016,0.00030321406913280777,0.00030321406913280777
0.7826776526340296,0.00013434219921627696,0.10859400258337713,0.10859400258337713

Transition Gammas
1.0,1.0,2612.2163231040263,6873.783676895974
3460.0,1655.0,1.0,1.0
1.0,1.0,1.0,1.0
1.0,1.0,1.0,1.0

1.0,1.0,1.0,1.0
1.0,1.0,1.0,1.0
1.0,3295.0,1.0,1.0
5826.0,1.0,808.3387291326985,808.3387291326985

Iteration: ,30000
Error:,0.2701761529646433
Absolute Error:,0.34560876896511156
Transition Probabilities
9.665571235259995e-05,9.665571235259995e-05,0.27561517055106055,0.7241915180242342
0.6760966875559534,0.3235452103849597,0.00017905102954341988,0.00017905102954341988
0.25,0.25,0.25,0.25
0.25,0.25,0.25,0.25

0.25,0.25,0.25,0.25
0.25,0.25,0.25,0.25
0.00027793218454697053,0.9991662034463591,0.00027793218454697053,0.00027793218454697053
0.7819269324321111,0.0001230993281536699,0.10897498411986759,0.10897498411986759

Transition Gammas
1.0,1.0,2851.514554521275,7492.485445478734
3776.0,1807.0,1.0,1.0
1.0,1.0,1.0,1.0
1.0,1.0,1.0,1.0

1.0,1.0,1.0,1.0
1.0,1.0,1.0,1.0
1.0,3595.0,1.0,1.0
6352.0,1.0,885.260592030443,885.260592030443

Iteration: ,32500
Error:,0.2708981322995864
Absolute Error:,0.3452250339032473
Transition Probabilities
8.90789239265989e-05,8.90789239265989e-05,0.27469589322106264,0.7251259489310842
0.6783460644304218,0.3213218199933577,0.00016605778811026238,0.00016605778811026238
0.25,0.25,0.25,0.25
0.25,0.25,0.25,0.25

0.25,0.25,0.25,0.25
0.25,0.25,0.25,0.25
0.00025693730729701953,0.9992291880781089,0.00025693730729701953,0.00025693730729701953
0.78208734939969,0.00011329673321739679,0.10889967693354625,0.10889967693354625

Transition Gammas
1.0,1.0,3083.7360972996516,8140.263902700357
4085.0,1935.0,1.0,1.0
1.0,1.0,1.0,1.0
1.0,1.0,1.0,1.0

1.0,1.0,1.0,1.0
1.0,1.0,1.0,1.0
1.0,3889.0,1.0,1.0
6903.0,1.0,961.1899111388027,961.1899111388027

Iteration: ,35000
Error:,0.2701098871138933
Absolute Error:,0.34558195880921005
Transition Probabilities
8.30426839395449e-05,8.30426839395449e-05,0.2767651770381917,0.7230687375939292
0.6776517473942366,0.32204169221336604,0.00015328019619865113,0.00015328019619865113
0.25,0.25,0.25,0.25
0.25,0.25,0.25,0.25

0.25,0.25,0.25,0.25
0.25,0.25,0.25,0.25
0.00023736055067647758,0.9992879183479706,0.00023736055067647758,0.00023736055067647758
0.7798381184166429,0.00010578379251446593,0.11002804889542142,0.11002804889542142

Transition Gammas
1.0,1.0,3332.8062618939057,8707.193738106098
4421.0,2101.0,1.0,1.0
1.0,1.0,1.0,1.0
1.0,1.0,1.0,1.0

1.0,1.0,1.0,1.0
1.0,1.0,1.0,1.0
1.0,4210.0,1.0,1.0
7372.0,1.0,1040.1219910921145,1040.1219910921145

Iteration: ,37500
Error:,0.27025049948760643
Absolute Error:,0.345799573226351
Transition Probabilities
7.768800497203237e-05,7.768800497203237e-05,0.2780440729022244,0.7218005510878316
0.6772675413576725,0.3224472333143183,0.0001426126640045636,0.0001426126640045636
0.25,0.25,0.25,0.25
0.25,0.25,0.25,0.25

0.25,0.25,0.25,0.25
0.25,0.25,0.25,0.25
0.00022079929344226098,0.9993376021196733,0.00022079929344226098,0.00022079929344226098
0.7776590929396958,9.898919207480853e-05,0.11112095893411461,0.11112095893411461

Transition Gammas
1.0,1.0,3578.98330639743,9291.016693602563
4749.0,2261.0,1.0,1.0
1.0,1.0,1.0,1.0
1.0,1.0,1.0,1.0

1.0,1.0,1.0,1.0
1.0,1.0,1.0,1.0
1.0,4526.0,1.0,1.0
7856.0,1.0,1122.556479197626,1122.556479197626

Iteration: ,40000
Error:,0.2686110632569056
Absolute Error:,0.34600052356493766
Transition Probabilities
7.2849129452903e-05,7.2849129452903e-05,0.27946854093794726,0.7203857608031469
0.6771527592641963,0.3225806451612903,0.00013329778725673153,0.00013329778725673153
0.25,0.25,0.25,0.25
0.25,0.25,0.25,0.25

0.25,0.25,0.25,0.25
0.25,0.25,0.25,0.25
0.00020622808826562179,0.9993813157352032,0.00020622808826562179,0.00020622808826562179
0.7774056262104247,9.297998160631799e-05,0.11125069690398444,0.11125069690398444

Transition Gammas
1.0,1.0,3836.264661455204,9888.735338544802
5080.0,2420.0,1.0,1.0
1.0,1.0,1.0,1.0
1.0,1.0,1.0,1.0

1.0,1.0,1.0,1.0
1.0,1.0,1.0,1.0
1.0,4846.0,1.0,1.0
8361.0,1.0,1196.5016015493054,1196.5016015493054

Iteration: ,42500
Error:,0.27061852359912647
Absolute Error:,0.3460255626712861
Transition Probabilities
6.858710562414262e-05,6.858710562414262e-05,0.2795819315325448,0.720280894256207
0.6771238549378843,0.32262517254360645,0.00012548625925461163,0.00012548625925461163
0.25,0.25,0.25,0.25
0.25,0.25,0.25,0.25

0.25,0.25,0.25,0.25
0.25,0.25,0.25,0.25
0.00019391118867558658,0.9994182664339732,0.00019391118867558658,0.00019391118867558658
0.7770553543236813,8.75358065026114e-05,0.11142855493490805,0.11142855493490805

Transition Gammas
1.0,1.0,4076.304561744505,10501.695438255503
5396.0,2571.0,1.0,1.0
1.0,1.0,1.0,1.0
1.0,1.0,1.0,1.0

1.0,1.0,1.0,1.0
1.0,1.0,1.0,1.0
1.0,5154.0,1.0,1.0
8877.0,1.0,1272.948286957108,1272.948286957108

Iteration: ,45000
Error:,0.27244364768942586
Absolute Error:,0.3459094579045895
Transition Probabilities
6.469560716827329e-05,6.469560716827329e-05,0.2795791895448342,0.7202914192408293
0.6781008902077151,0.32166172106824925,0.00011869436201780416,0.00011869436201780416
0.25,0.25,0.25,0.25
0.25,0.25,0.25,0.25

0.25,0.25,0.25,0.25
0.25,0.25,0.25,0.25
0.00018311664530305805,0.9994506500640908,0.00018311664530305805,0.00018311664530305805
0.7776713250140939,8.256410712539482e-05,0.11112305543939041,0.11112305543939041

Transition Gammas
1.0,1.0,4321.455532794501,11133.544467205496
5713.0,2710.0,1.0,1.0
1.0,1.0,1.0,1.0
1.0,1.0,1.0,1.0

1.0,1.0,1.0,1.0
1.0,1.0,1.0,1.0
1.0,5458.0,1.0,1.0
9419.0,1.0,1345.900286556984,1345.900286556984

Iteration: ,47500
Error:,0.26994319205675726
Absolute Error:,0.3458362448014942
Transition Probabilities
6.120325601321986e-05,6.120325601321986e-05,0.27908578857419664,0.7207918049137769
0.6782373492618055,0.32153724783049703,0.00011270145384875464,0.00011270145384875464
0.25,0.25,0.25,0.25
0.25,0.25,0.25,0.25

0.25,0.25,0.25,0.25
0.25,0.25,0.25,0.25
0.0001738828029907842,0.9994783515910276,0.0001738828029907842,0.0001738828029907842
0.7786196168281098,7.809625043411333e-05,0.11065114346072802,0.11065114346072802

Transition Gammas
1.0,1.0,4559.982699513802,11777.017300486208
6018.0,2853.0,1.0,1.0
1.0,1.0,1.0,1.0
1.0,1.0,1.0,1.0

1.0,1.0,1.0,1.0
1.0,1.0,1.0,1.0
1.0,5748.0,1.0,1.0
9970.0,1.0,1416.8560314439162,1416.8560314439162

Iteration: ,50000
Error:,0.27283079604899535
Absolute Error:,0.34624164413545433
Transition Probabilities
5.8210605972408096e-05,5.8210605972408096e-05,0.2800117524213058,0.7198718263667493
0.6759633808814137,0.32382371726634024,0.00010645092612305727,0.00010645092612305727
0.25,0.25,0.25,0.25
0.25,0.25,0.25,0.25

0.25,0.25,0.25,0.25
0.25,0.25,0.25,0.25
0.00016485328058028355,0.9995054401582592,0.00016485328058028355,0.00016485328058028355
0.7786179135396675,7.442342893707393e-05,0.11065383151569766,0.11065383151569766

Transition Gammas
1.0,1.0,4810.321894845619,12366.678105154402
6350.0,3042.0,1.0,1.0
1.0,1.0,1.0,1.0
1.0,1.0,1.0,1.0

1.0,1.0,1.0,1.0
1.0,1.0,1.0,1.0
1.0,6063.0,1.0,1.0
10462.0,1.0,1486.814476248562,1486.814476248562

Iteration: ,52500
Error:,0.2728915414008609
Absolute Error:,0.34627981336776503
Transition Probabilities
5.543544542380393e-05,5.543544542380393e-05,0.28053924679231435,0.719349882316838
0.6762232803160774,0.32357410596697395,0.00010130685847431871,0.00010130685847431871
0.25,0.25,0.25,0.25
0.25,0.25,0.25,0.25

0.25,0.25,0.25,0.25
0.25,0.25,0.25,0.25
0.00015686274509803922,0.9995294117647059,0.00015686274509803922,0.00015686274509803922
0.77917379446798,7.092424854068632e-05,0.11037764064173976,0.11037764064173976

Transition Gammas
1.0,1.0,5060.647472886563,12976.352527113455
6675.0,3194.0,1.0,1.0
1.0,1.0,1.0,1.0
1.0,1.0,1.0,1.0

1.0,1.0,1.0,1.0
1.0,1.0,1.0,1.0
1.0,6372.0,1.0,1.0
10986.0,1.0,1556.2750809889885,1556.2750809889885

Iteration: ,55000
Error:,0.27262533417049295
Absolute Error:,0.34626410249366785
Transition Probabilities
5.298574683410154e-05,5.298574683410154e-05,0.2804530156984393,0.7194410128078925
0.6762972267851967,0.32350951782780946,9.662769349695623e-05,9.662769349695623e-05
0.25,0.25,0.25,0.25
0.25,0.25,0.25,0.25

0.25,0.25,0.25,0.25
0.25,0.25,0.25,0.25
0.00014954389113204725,0.9995513683266039,0.00014954389113204725,0.00014954389113204725
0.7776180884896707,6.77485701768314e-05,0.11115708147007625,0.11115708147007625

Transition Gammas
1.0,1.0,5292.989765276652,13578.010234723377
6999.0,3348.0,1.0,1.0
1.0,1.0,1.0,1.0
1.0,1.0,1.0,1.0

1.0,1.0,1.0,1.0
1.0,1.0,1.0,1.0
1.0,6684.0,1.0,1.0
11478.0,1.0,1640.7295560621244,1640.7295560621244

Iteration: ,57500
Error:,0.26993496865648103
Absolute Error:,0.34606919420027216
Transition Probabilities
5.072794602546533e-05,5.072794602546533e-05,0.28040628989461686,0.7194922542133322
0.677840540790814,0.32197425687563663,9.260116677470137e-05,9.260116677470137e-05
0.25,0.25,0.25,0.25
0.25,0.25,0.25,0.25

0.25,0.25,0.25,0.25
0.25,0.25,0.25,0.25
0.0001429592566118656,0.9995711222301644,0.0001429592566118656,0.0001429592566118656
0.7762187017151964,6.478206490696013e-05,0.11185825810994834,0.11185825810994834

Transition Gammas
1.0,1.0,5527.649192692593,14183.350807307444
7320.0,3477.0,1.0,1.0
1.0,1.0,1.0,1.0
1.0,1.0,1.0,1.0

1.0,1.0,1.0,1.0
1.0,1.0,1.0,1.0
1.0,6992.0,1.0,1.0
11982.0,1.0,1726.6855922329573,1726.6855922329573

Iteration: ,60000
Error:,0.275193815934674
Absolute Error:,0.3460652575103328
Transition Probabilities
4.866416857267984e-05,4.866416857267984e-05,0.2795340865651342,0.7203685850977205
0.677026907024243,0.32279548885534143,8.880206020779682e-05,8.880206020779682e-05
0.25,0.25,0.25,0.25
0.25,0.25,0.25,0.25

0.25,0.25,0.25,0.25
0.25,0.25,0.25,0.25
0.00013738150844896276,0.9995878554746531,0.00013738150844896276,0.00013738150844896276
0.7750962642898067,6.203747913316846e-05,0.11242084911553009,0.11242084911553009

Transition Gammas
1.0,1.0,5744.145944826953,14802.854055173088
7624.0,3635.0,1.0,1.0
1.0,1.0,1.0,1.0
1.0,1.0,1.0,1.0

1.0,1.0,1.0,1.0
1.0,1.0,1.0,1.0
1.0,7276.0,1.0,1.0
12494.0,1.0,1812.1440568887342,1812.1440568887342

Iteration: ,62500
Error:,0.27034662633434386
Absolute Error:,0.3462822489029547
Transition Probabilities
4.676830979328396e-05,4.676830979328396e-05,0.2801121616402834,0.7197943017401299
0.6758960421267199,0.32393409206726687,8.493290300662476e-05,8.493290300662476e-05
0.25,0.25,0.25,0.25
0.25,0.25,0.25,0.25

0.25,0.25,0.25,0.25
0.25,0.25,0.25,0.25
0.00013175230566534913,0.999604743083004,0.00013175230566534913,0.00013175230566534913
0.7740085418039496,5.967223358291186e-05,0.11296589298123372,0.11296589298123372

Transition Gammas
1.0,1.0,5989.358240192554,15390.641759807495
7958.0,3814.0,1.0,1.0
1.0,1.0,1.0,1.0
1.0,1.0,1.0,1.0

1.0,1.0,1.0,1.0
1.0,1.0,1.0,1.0
1.0,7587.0,1.0,1.0
12971.0,1.0,1893.1064952390755,1893.1064952390755

Iteration: ,65000
Error:,0.26973526955752203
Absolute Error:,0.34625574085505373
Transition Probabilities
4.498223201835264e-05,4.498223201835264e-05,0.28052961923419745,0.7193804163017657
0.6765498652291105,0.32328677611696477,8.167932696234583e-05,8.167932696234583e-05
0.25,0.25,0.25,0.25
0.25,0.25,0.25,0.25

0.25,0.25,0.25,0.25
0.25,0.25,0.25,0.25
0.00012658227848101267,0.9996202531645569,0.00012658227848101267,0.00012658227848101267
0.773480072884568,5.7388341956118715e-05,0.11323126938673794,0.11323126938673794

Transition Gammas
1.0,1.0,6236.453965195459,15992.546034804594
8283.0,3958.0,1.0,1.0
1.0,1.0,1.0,1.0
1.0,1.0,1.0,1.0

1.0,1.0,1.0,1.0
1.0,1.0,1.0,1.0
1.0,7897.0,1.0,1.0
13478.0,1.0,1973.0709326524686,1973.0709326524686

Iteration: ,67500
Error:,0.2670737450010991
Absolute Error:,0.3463655485682121
Transition Probabilities
4.330879168471192e-05,4.330879168471192e-05,0.28090187432134,0.7190115080952906
0.6760662948707878,0.323776608279004,7.854842510407666e-05,7.854842510407666e-05
0.25,0.25,0.25,0.25
0.25,0.25,0.25,0.25

0.25,0.25,0.25,0.25
0.25,0.25,0.25,0.25
0.00012183235867446393,0.9996345029239766,0.00012183235867446393,0.00012183235867446393
0.7736910340658502,5.5263645290417864e-05,0.11312685114442972,0.11312685114442972

Transition Gammas
1.0,1.0,6486.024278079752,16601.975721920287
8607.0,4122.0,1.0,1.0
1.0,1.0,1.0,1.0
1.0,1.0,1.0,1.0

1.0,1.0,1.0,1.0
1.0,1.0,1.0,1.0
1.0,8205.0,1.0,1.0
14000.0,1.0,2047.0392524766137,2047.0392524766137

Iteration: ,70000
Error:,0.2767832673174128
Absolute Error:,0.3462055082474968
Transition Probabilities
4.173274351055835e-05,4.173274351055835e-05,0.28060427933309084,0.7193122551798881
0.6770690964312832,0.32277904328018225,7.593014426727411e-05,7.593014426727411e-05
0.25,0.25,0.25,0.25
0.25,0.25,0.25,0.25

0.25,0.25,0.25,0.25
0.25,0.25,0.25,0.25
0.00011756407241946862,0.9996473077827416,0.00011756407241946862,0.00011756407241946862
0.7740331736447805,5.3231082707157725e-05,0.11295679763625621,0.11295679763625621

Transition Gammas
1.0,1.0,6723.839741379528,17236.16025862049
8917.0,4251.0,1.0,1.0
1.0,1.0,1.0,1.0
1.0,1.0,1.0,1.0

1.0,1.0,1.0,1.0
1.0,1.0,1.0,1.0
1.0,8503.0,1.0,1.0
14541.0,1.0,2122.0082683207843,2122.0082683207843

Iteration: ,72500
Error:,0.26839061160143485
Absolute Error:,0.34622309894908154
Transition Probabilities
4.0322580645161236e-05,4.0322580645161236e-05,0.28193154056265063,0.7179878142760591
0.678276139606351,0.3215775224994512,7.316894709885125e-05,7.316894709885125e-05
0.25,0.25,0.25,0.25
0.25,0.25,0.25,0.25

0.25,0.25,0.25,0.25
0.25,0.25,0.25,0.25
0.00011313497001923294,0.9996605950899423,0.00011313497001923294,0.00011313497001923294
0.7734621899092575,5.153322605831551e-05,0.11324313843234204,0.11324313843234204

Transition Gammas
1.0,1.0,6991.902205953745,17806.097794046287
9270.0,4395.0,1.0,1.0
1.0,1.0,1.0,1.0
1.0,1.0,1.0,1.0

1.0,1.0,1.0,1.0
1.0,1.0,1.0,1.0
1.0,8836.0,1.0,1.0
15009.0,1.0,2197.478153302395,2197.478153302395

Iteration: ,74999
Error:,0.2704502575055134
Absolute Error:,0.34620656985276943
Transition Probabilities
3.89878747709462e-05,3.89878747709462e-05,0.28170803833818225,0.7182139859122758
0.678202406227884,0.321656050955414,7.077140835102619e-05,7.077140835102619e-05
0.25,0.25,0.25,0.25
0.25,0.25,0.25,0.25

0.25,0.25,0.25,0.25
0.25,0.25,0.25,0.25
0.00010945709281961471,0.9996716287215411,0.00010945709281961471,0.00010945709281961471
0.7736461227623758,4.982585964850749e-05,0.11315202568898779,0.11315202568898779

Transition Gammas
1.0,1.0,7225.529475336042,18421.47052466398
9583.0,4545.0,1.0,1.0
1.0,1.0,1.0,1.0
1.0,1.0,1.0,1.0

1.0,1.0,1.0,1.0
1.0,1.0,1.0,1.0
1.0,9133.0,1.0,1.0
15527.0,1.0,2270.949793685641,2270.949793685641

*,*,*,*,*,*,*,*,*,*,*
Model Num 2
Model States: 
"['diamond', 'x', 'square']","['diamond', 'x', 'diamond']","['square', 'y', 'diamond', 'x', 'diamond']","['square', 'y', 'diamond', 'x', 'square']"
Iteration: ,74999
Error:,0.2677472588190079
Absolute Error:,0.34620657016308104
Transition Probabilities
3.89878747709462e-05,3.89878747709462e-05,0.28170803833818225,0.7182139859122758
0.678202406227884,0.321656050955414,7.077140835102619e-05,7.077140835102619e-05
0.25,0.25,0.25,0.25
0.25,0.25,0.25,0.25

0.25,0.25,0.25,0.25
0.25,0.25,0.25,0.25
0.00010945709281961471,0.9996716287215411,0.00010945709281961471,0.00010945709281961471
0.7736574004769721,4.982337715591011e-05,0.11314638807293594,0.11314638807293594

Transition Gammas
1.0,1.0,7225.529475336042,18421.47052466398
9583.0,4545.0,1.0,1.0
1.0,1.0,1.0,1.0
1.0,1.0,1.0,1.0

1.0,1.0,1.0,1.0
1.0,1.0,1.0,1.0
1.0,9133.0,1.0,1.0
15528.0,1.0,2270.949793685641,2270.949793685641

