0,1,2,3,4,5,6,7,8,9,10,11,12,13,14,15,16,17,18,19,20,21,22,23,24,25,26,27,28,29
github Code Version (SHA):,528ca1c557fe8e6666681dc5c9134b0f84d30530
Environment Observations,Environment Actions,alpha,epsilon,numActions,explore,patience,gainThresh,insertRandActions,useUpdatedPosterior,revisedSplitting,haveControl,confidence_factor
"['diamond', 'square']","['x', 'y']",0.65,0.99,75000,0.5,0,0.01,False,True,False,True,250

Model Num 0
Model States: 
['diamond'],['square']
Iteration: ,0
Error:,0.30846670828618905
Absolute Error:,1
Transition Probabilities
0.5,0.5
0.5,0.5

0.5,0.5
0.5,0.5

Transition Gammas
1.0,1.0
1.0,1.0

1.0,1.0
1.0,1.0

Iteration: ,1915
Error:,0.033447819334267284
Absolute Error:,1
Transition Probabilities
0.46835443037974683,0.5316455696202531
0.2328767123287671,0.7671232876712328

0.20422535211267606,0.795774647887324
0.768,0.232


Model Num 1
Model States: 
['square'],"['diamond', 'x', 'square']","['diamond', 'x', 'diamond']"
Iteration: ,0
Error:,0.39636619643735765
Absolute Error:,1
Transition Probabilities
0.3333333333333333,0.3333333333333333,0.3333333333333333
0.3333333333333333,0.3333333333333333,0.3333333333333333
0.3333333333333333,0.3333333333333333,0.3333333333333333

0.3333333333333333,0.3333333333333333,0.3333333333333333
0.3333333333333333,0.3333333333333333,0.3333333333333333
0.3333333333333333,0.3333333333333333,0.3333333333333333

Transition Gammas
1.0,1.0,1.0
1.0,1.0,1.0
1.0,1.0,1.0

1.0,1.0,1.0
1.0,1.0,1.0
1.0,1.0,1.0

Iteration: ,2500
Error:,0.05127008218567597
Absolute Error:,1
Transition Probabilities
0.7962962962962963,0.10318006456269686,0.10052363914100682
0.9955947136563876,0.0022026431718061676,0.0022026431718061676
0.0024330900243309003,0.6528356060210165,0.3447313039546527

0.2556131260794473,0.269869808268836,0.4745170656517166
0.6181017985738076,0.16289200013616906,0.2190062012900234
0.83165464400315,0.07458748982697047,0.0937578661698796

Transition Gammas
688.0,89.1475757821701,86.85242421782989
452.0,1.0,1.0
1.0,268.3154340746378,141.68456592536225

148.0,156.25461898765604,274.7453810123439
30.227577877082567,7.966051273481029,10.710253586598656
70.55133745716448,6.327442770638199,7.953713603491629

Iteration: ,2950
Error:,0.046373497374371
Absolute Error:,1
Transition Probabilities
0.7927232635060639,0.10492590096748722,0.10235083552644882
0.9965095986038395,0.0017452006980802793,0.0017452006980802793
0.002024291497975708,0.6592680085845988,0.33870769991742555

0.248,0.3071025042890703,0.4448974957109297
0.6193153703565634,0.1454685934232907,0.2352160362201459
0.8354378416436655,0.06721661959491904,0.09734553876141545


Model Num 2
Model States: 
"['diamond', 'x', 'square']","['diamond', 'x', 'diamond']","['square', 'y', 'diamond', 'x', 'diamond']","['square', 'y', 'diamond', 'x', 'square']"
Iteration: ,0
Error:,0.31031431849544155
Absolute Error:,0.4000000000000001
Transition Probabilities
0.25,0.25,0.25,0.25
0.25,0.25,0.25,0.25
0.25,0.25,0.25,0.25
0.25,0.25,0.25,0.25

0.25,0.25,0.25,0.25
0.25,0.25,0.25,0.25
0.25,0.25,0.25,0.25
0.25,0.25,0.25,0.25

Transition Gammas
1.0,1.0,1.0,1.0
1.0,1.0,1.0,1.0
1.0,1.0,1.0,1.0
1.0,1.0,1.0,1.0

1.0,1.0,1.0,1.0
1.0,1.0,1.0,1.0
1.0,1.0,1.0,1.0
1.0,1.0,1.0,1.0

Iteration: ,2500
Error:,0.2169309602806208
Absolute Error:,0.3144700805511327
Transition Probabilities
0.001302083333333333,0.001302083333333333,0.3435850999464314,0.6538107333869019
0.6628131021194605,0.3333333333333333,0.0019267822736030828,0.0019267822736030828
0.25,0.25,0.25,0.25
0.25,0.25,0.25,0.25

0.25,0.25,0.25,0.25
0.25,0.25,0.25,0.25
0.0031446540880503146,0.9905660377358491,0.0031446540880503146,0.0031446540880503146
0.665674196714448,0.0016809954462486062,0.16632240391965164,0.16632240391965164

Transition Gammas
1.0,1.0,263.87335675885936,502.1266432411408
344.0,173.0,1.0,1.0
1.0,1.0,1.0,1.0
1.0,1.0,1.0,1.0

1.0,1.0,1.0,1.0
1.0,1.0,1.0,1.0
1.0,315.0,1.0,1.0
396.0,1.0,98.94280456905761,98.94280456905761

Iteration: ,5000
Error:,0.21408502380463346
Absolute Error:,0.3168831118200745
Transition Probabilities
0.0006544502617801045,0.0006544502617801045,0.3345351790137127,0.6641559204627271
0.6393129770992366,0.35877862595419846,0.0009541984732824427,0.0009541984732824427
0.25,0.25,0.25,0.25
0.25,0.25,0.25,0.25

0.25,0.25,0.25,0.25
0.25,0.25,0.25,0.25
0.0016366612111292963,0.9950900163666121,0.0016366612111292963,0.0016366612111292963
0.6625444559904148,0.0008281805699880185,0.16831368171979857,0.16831368171979857

Transition Gammas
1.0,1.0,511.16975353295317,1014.8302464670473
670.0,376.0,1.0,1.0
1.0,1.0,1.0,1.0
1.0,1.0,1.0,1.0

1.0,1.0,1.0,1.0
1.0,1.0,1.0,1.0
1.0,608.0,1.0,1.0
800.0,1.0,203.23307237482476,203.23307237482476

Iteration: ,7500
Error:,0.21617348682810789
Absolute Error:,0.3183982688531359
Transition Probabilities
0.00043365134431916754,0.00043365134431916754,0.3377663514807178,0.6613663458306439
0.630188679245283,0.36855345911949683,0.0006289308176100629,0.0006289308176100629
0.25,0.25,0.25,0.25
0.25,0.25,0.25,0.25

0.25,0.25,0.25,0.25
0.25,0.25,0.25,0.25
0.0010940919037199124,0.9967177242888403,0.0010940919037199124,0.0010940919037199124
0.6673375690417492,0.0005510632279452925,0.16605568386515268,0.16605568386515268

Transition Gammas
1.0,1.0,778.889206514535,1525.1107934854642
1002.0,586.0,1.0,1.0
1.0,1.0,1.0,1.0
1.0,1.0,1.0,1.0

1.0,1.0,1.0,1.0
1.0,1.0,1.0,1.0
1.0,911.0,1.0,1.0
1211.0,1.0,301.33689827991583,301.33689827991583

Iteration: ,10000
Error:,0.21767698065001545
Absolute Error:,0.318604496757361
Transition Probabilities
0.00032425421530479917,0.00032425421530479917,0.33988922842055275,0.6594622631488377
0.6300794021485288,0.3689864549276039,0.00046707146193367583,0.00046707146193367583
0.25,0.25,0.25,0.25
0.25,0.25,0.25,0.25

0.25,0.25,0.25,0.25
0.25,0.25,0.25,0.25
0.0008064516129032258,0.9975806451612903,0.0008064516129032258,0.0008064516129032258
0.6713448054262178,0.00041595093272999865,0.16411962182052617,0.16411962182052617

Transition Gammas
1.0,1.0,1048.2183804489841,2033.7816195510143
1349.0,790.0,1.0,1.0
1.0,1.0,1.0,1.0
1.0,1.0,1.0,1.0

1.0,1.0,1.0,1.0
1.0,1.0,1.0,1.0
1.0,1237.0,1.0,1.0
1614.0,1.0,394.5648606756682,394.5648606756682

Iteration: ,12500
Error:,0.22094574277895512
Absolute Error:,0.3184769506568408
Transition Probabilities
0.0002588661661920791,0.0002588661661920791,0.3437023115343777,0.6557799561332381
0.6320089119940586,0.36724842183438544,0.0003713330857779428,0.0003713330857779428
0.25,0.25,0.25,0.25
0.25,0.25,0.25,0.25

0.25,0.25,0.25,0.25
0.25,0.25,0.25,0.25
0.0006377551020408163,0.9980867346938775,0.0006377551020408163,0.0006377551020408163
0.6746615285401989,0.00033515227448594083,0.1625016595926575,0.1625016595926575

Transition Gammas
1.0,1.0,1327.722029457299,2533.277970542695
1702.0,989.0,1.0,1.0
1.0,1.0,1.0,1.0
1.0,1.0,1.0,1.0

1.0,1.0,1.0,1.0
1.0,1.0,1.0,1.0
1.0,1565.0,1.0,1.0
2013.0,1.0,484.8591877883085,484.8591877883085

Iteration: ,15000
Error:,0.21737482982341425
Absolute Error:,0.3186765118129933
Transition Probabilities
0.00021556369907307636,0.00021556369907307636,0.34396188496865276,0.6556069876332011
0.6309928858645221,0.3683884936591401,0.0003093102381688834,0.0003093102381688834
0.25,0.25,0.25,0.25
0.25,0.25,0.25,0.25

0.25,0.25,0.25,0.25
0.25,0.25,0.25,0.25
0.0005330490405117271,0.9984008528784648,0.0005330490405117271,0.0005330490405117271
0.674890994763545,0.00027945796884618843,0.16241477363380444,0.16241477363380444

Transition Gammas
1.0,1.0,1595.6391843695783,3041.3608156304163
2040.0,1191.0,1.0,1.0
1.0,1.0,1.0,1.0
1.0,1.0,1.0,1.0

1.0,1.0,1.0,1.0
1.0,1.0,1.0,1.0
1.0,1873.0,1.0,1.0
2415.0,1.0,581.1778218541205,581.1778218541205

Iteration: ,17500
Error:,0.21586182585257024
Absolute Error:,0.31943247393136565
Transition Probabilities
0.00018518518518518547,0.00018518518518518547,0.3455750707234243,0.6540545589062052
0.6253625098866332,0.3741102030055365,0.0002636435539151068,0.0002636435539151068
0.25,0.25,0.25,0.25
0.25,0.25,0.25,0.25

0.25,0.25,0.25,0.25
0.25,0.25,0.25,0.25
0.0004578754578754579,0.9986263736263736,0.0004578754578754579,0.0004578754578754579
0.6744115289259153,0.000239748143948068,0.1626743614650684,0.1626743614650684

Transition Gammas
1.0,1.0,1866.1053819064884,3531.894618093503
2372.0,1419.0,1.0,1.0
1.0,1.0,1.0,1.0
1.0,1.0,1.0,1.0

1.0,1.0,1.0,1.0
1.0,1.0,1.0,1.0
1.0,2181.0,1.0,1.0
2813.0,1.0,678.5218804459457,678.5218804459457

Iteration: ,20000
Error:,0.219527509670371
Absolute Error:,0.31886058633374154
Transition Probabilities
0.00016202203499675975,0.00016202203499675975,0.34873565692594977,0.6509402990040568
0.6302598298459416,0.36928029432053344,0.00022993791676247414,0.00022993791676247414
0.25,0.25,0.25,0.25
0.25,0.25,0.25,0.25

0.25,0.25,0.25,0.25
0.25,0.25,0.25,0.25
0.0003980891719745223,0.9988057324840764,0.0003980891719745223,0.0003980891719745223
0.6718950196762035,0.00021062539801761863,0.16394717746288945,0.16394717746288945

Transition Gammas
1.0,1.0,2152.3964745469593,4017.603525453034
2741.0,1606.0,1.0,1.0
1.0,1.0,1.0,1.0
1.0,1.0,1.0,1.0

1.0,1.0,1.0,1.0
1.0,1.0,1.0,1.0
1.0,2509.0,1.0,1.0
3190.0,1.0,778.3827544348446,778.3827544348446

Iteration: ,22500
Error:,0.2213485879587017
Absolute Error:,0.31941089205524065
Transition Probabilities
0.0001436162573603334,0.0001436162573603334,0.35020719160859487,0.6495055758766844
0.6265989847715736,0.37299492385786803,0.0002030456852791878,0.0002030456852791878
0.25,0.25,0.25,0.25
0.25,0.25,0.25,0.25

0.25,0.25,0.25,0.25
0.25,0.25,0.25,0.25
0.0003536067892503536,0.998939179632249,0.0003536067892503536,0.0003536067892503536
0.6770335763243399,0.00018749199012028245,0.16138946584276995,0.16138946584276995

Transition Gammas
1.0,1.0,2438.4926751706425,4522.507324829347
3086.0,1837.0,1.0,1.0
1.0,1.0,1.0,1.0
1.0,1.0,1.0,1.0

1.0,1.0,1.0,1.0
1.0,1.0,1.0,1.0
1.0,2825.0,1.0,1.0
3611.0,1.0,860.7805898227074,860.7805898227074

Iteration: ,25000
Error:,0.2219590936838014
Absolute Error:,0.3200585694206579
Transition Probabilities
0.00012916559028674777,0.00012916559028674777,0.35071803808032254,0.649023630739104
0.6220972423802612,0.3775399129172714,0.000181422351233672,0.000181422351233672
0.25,0.25,0.25,0.25
0.25,0.25,0.25,0.25

0.25,0.25,0.25,0.25
0.25,0.25,0.25,0.25
0.0003178639542275906,0.9990464081373173,0.0003178639542275906,0.0003178639542275906
0.6789163313690759,0.00016913710298183257,0.1604572657639711,0.1604572657639711

Transition Gammas
1.0,1.0,2715.2590508178537,5024.740949182136
3429.0,2081.0,1.0,1.0
1.0,1.0,1.0,1.0
1.0,1.0,1.0,1.0

1.0,1.0,1.0,1.0
1.0,1.0,1.0,1.0
1.0,3143.0,1.0,1.0
4014.0,1.0,948.6816490004929,948.6816490004929

Iteration: ,27500
Error:,0.22008000487948165
Absolute Error:,0.32012843555176973
Transition Probabilities
0.00011720581340834516,0.00011720581340834516,0.35098836636707403,0.6487772220061092
0.6219431592861864,0.3777263714474554,0.00016523463317911433,0.00016523463317911433
0.25,0.25,0.25,0.25
0.25,0.25,0.25,0.25

0.25,0.25,0.25,0.25
0.25,0.25,0.25,0.25
0.00028901734104046245,0.9991329479768786,0.00028901734104046245,0.00028901734104046245
0.6818476497023075,0.00015353471058372157,0.15899940779355434,0.15899940779355434

Transition Gammas
1.0,1.0,2994.632741843873,5535.3672581561195
3764.0,2286.0,1.0,1.0
1.0,1.0,1.0,1.0
1.0,1.0,1.0,1.0

1.0,1.0,1.0,1.0
1.0,1.0,1.0,1.0
1.0,3457.0,1.0,1.0
4441.0,1.0,1035.5925848236964,1035.5925848236964

Iteration: ,30000
Error:,0.22337021381488112
Absolute Error:,0.32065923099798066
Transition Probabilities
0.00010753844499408543,0.00010753844499408543,0.35151574768029287,0.648269175429719
0.6183355988521372,0.38136233197402203,0.00015103458692040478,0.00015103458692040478
0.25,0.25,0.25,0.25
0.25,0.25,0.25,0.25

0.25,0.25,0.25,0.25
0.25,0.25,0.25,0.25
0.0002655337227827934,0.9992033988316517,0.0002655337227827934,0.0002655337227827934
0.682969782776958,0.0001409638354544805,0.1584446266937937,0.1584446266937937

Transition Gammas
1.0,1.0,3268.744937679042,6028.2550623209545
4094.0,2525.0,1.0,1.0
1.0,1.0,1.0,1.0
1.0,1.0,1.0,1.0

1.0,1.0,1.0,1.0
1.0,1.0,1.0,1.0
1.0,3763.0,1.0,1.0
4845.0,1.0,1124.009049434229,1124.009049434229

Iteration: ,32500
Error:,0.2216742138836316
Absolute Error:,0.32132143480768927
Transition Probabilities
9.939369843951898e-05,9.939369843951898e-05,0.3540416010322607,0.6457596115708604
0.6156618156618157,0.38406098406098405,0.0001386001386001386,0.0001386001386001386
0.25,0.25,0.25,0.25
0.25,0.25,0.25,0.25

0.25,0.25,0.25,0.25
0.25,0.25,0.25,0.25
0.0002446183953033268,0.99926614481409,0.0002446183953033268,0.0002446183953033268
0.6828278101980786,0.00013058477915434664,0.1585208025113836,0.1585208025113836

Transition Gammas
1.0,1.0,3562.0125479855733,6496.987452014424
4442.0,2771.0,1.0,1.0
1.0,1.0,1.0,1.0
1.0,1.0,1.0,1.0

1.0,1.0,1.0,1.0
1.0,1.0,1.0,1.0
1.0,4085.0,1.0,1.0
5229.0,1.0,1213.930165046399,1213.930165046399

Iteration: ,35000
Error:,0.22154594234094863
Absolute Error:,0.32115479048771484
Transition Probabilities
9.237021984112329e-05,9.237021984112329e-05,0.3536618156313703,0.6461534439289475
0.616694620049026,0.3830473487291962,0.00012901561088891756,0.00012901561088891756
0.25,0.25,0.25,0.25
0.25,0.25,0.25,0.25

0.25,0.25,0.25,0.25
0.25,0.25,0.25,0.25
0.00022768670309653916,0.9993169398907104,0.00022768670309653916,0.00022768670309653916
0.6828389441426481,0.00012111368289156582,0.15851997108723015,0.15851997108723015

Transition Gammas
1.0,1.0,3828.742816025212,6995.257183974781
4780.0,2969.0,1.0,1.0
1.0,1.0,1.0,1.0
1.0,1.0,1.0,1.0

1.0,1.0,1.0,1.0
1.0,1.0,1.0,1.0
1.0,4389.0,1.0,1.0
5638.0,1.0,1308.852701879725,1308.852701879725

Iteration: ,37500
Error:,0.22326052783002992
Absolute Error:,0.32129057284883034
Transition Probabilities
8.627383314640678e-05,8.627383314640678e-05,0.3542967710987668,0.6455306812349405
0.6163127413127413,0.38344594594594594,0.00012065637065637066,0.00012065637065637066
0.25,0.25,0.25,0.25
0.25,0.25,0.25,0.25

0.25,0.25,0.25,0.25
0.25,0.25,0.25,0.25
0.00021285653469561516,0.9993614303959132,0.00021285653469561516,0.00021285653469561516
0.6819038192300065,0.00011289798331622625,0.15899164139333857,0.15899164139333857

Transition Gammas
1.0,1.0,4106.653873805802,7482.346126194188
5108.0,3178.0,1.0,1.0
1.0,1.0,1.0,1.0
1.0,1.0,1.0,1.0

1.0,1.0,1.0,1.0
1.0,1.0,1.0,1.0
1.0,4695.0,1.0,1.0
6040.0,1.0,1408.277072124525,1408.277072124525

Iteration: ,40000
Error:,0.21910692276038618
Absolute Error:,0.32122197202651825
Transition Probabilities
8.089960359194247e-05,8.089960359194247e-05,0.35401190035295577,0.6458263004398604
0.6166383701188455,0.3831352574985852,0.00011318619128466328,0.00011318619128466328
0.25,0.25,0.25,0.25
0.25,0.25,0.25,0.25

0.25,0.25,0.25,0.25
0.25,0.25,0.25,0.25
0.00019964064683569574,0.999401078059493,0.00019964064683569574,0.00019964064683569574
0.6817302996342068,0.00010579303222132322,0.1590819536667859,0.1590819536667859

Transition Gammas
1.0,1.0,4375.941100262882,7983.058899737108
5448.0,3385.0,1.0,1.0
1.0,1.0,1.0,1.0
1.0,1.0,1.0,1.0

1.0,1.0,1.0,1.0
1.0,1.0,1.0,1.0
1.0,5006.0,1.0,1.0
6444.0,1.0,1503.7091793907575,1503.7091793907575

Iteration: ,42500
Error:,0.22426625180046753
Absolute Error:,0.32116235585563857
Transition Probabilities
7.623694442326753e-05,7.623694442326753e-05,0.3533853158398691,0.6464622102712844
0.6165421558164355,0.38324439701173957,0.00010672358591248666,0.00010672358591248666
0.25,0.25,0.25,0.25
0.25,0.25,0.25,0.25

0.25,0.25,0.25,0.25
0.25,0.25,0.25,0.25
0.00018825301204819278,0.9994352409638554,0.00018825301204819278,0.00018825301204819278
0.6808677593586225,9.944030368900578e-05,0.1595164001688443,0.1595164001688443

Transition Gammas
1.0,1.0,4635.3551878715625,8479.644812128436
5777.0,3591.0,1.0,1.0
1.0,1.0,1.0,1.0
1.0,1.0,1.0,1.0

1.0,1.0,1.0,1.0
1.0,1.0,1.0,1.0
1.0,5309.0,1.0,1.0
6847.0,1.0,1604.1423271164103,1604.1423271164103

Iteration: ,45000
Error:,0.2220640937953179
Absolute Error:,0.32117362388355297
Transition Probabilities
7.210325185665874e-05,7.210325185665874e-05,0.35391496830489083,0.6459408251913958
0.6170298627925747,0.3827683615819209,0.00010088781275221953,0.00010088781275221953
0.25,0.25,0.25,0.25
0.25,0.25,0.25,0.25

0.25,0.25,0.25,0.25
0.25,0.25,0.25,0.25
0.00017787264318747776,0.9994663820704376,0.00017787264318747776,0.00017787264318747776
0.68020013465681,9.405422215940402e-05,0.15985290556051532,0.15985290556051532

Transition Gammas
1.0,1.0,4908.446695420531,8958.55330457947
6116.0,3794.0,1.0,1.0
1.0,1.0,1.0,1.0
1.0,1.0,1.0,1.0

1.0,1.0,1.0,1.0
1.0,1.0,1.0,1.0
1.0,5619.0,1.0,1.0
7232.0,1.0,1699.5824524453037,1699.5824524453037

Iteration: ,47500
Error:,0.22112892640783893
Absolute Error:,0.32135632812992576
Transition Probabilities
6.833868653044485e-05,6.833868653044485e-05,0.35441434771231883,0.6454489749146203
0.6161114822945499,0.3836976233654672,9.544716999140975e-05,9.544716999140975e-05
0.25,0.25,0.25,0.25
0.25,0.25,0.25,0.25

0.25,0.25,0.25,0.25
0.25,0.25,0.25,0.25
0.00016852039096730705,0.9994944388270981,0.00016852039096730705,0.00016852039096730705
0.6801500933317244,8.911819881180875e-05,0.15988039423473194,0.15988039423473194

Transition Gammas
1.0,1.0,5186.145150074364,9444.854849925643
6455.0,4020.0,1.0,1.0
1.0,1.0,1.0,1.0
1.0,1.0,1.0,1.0

1.0,1.0,1.0,1.0
1.0,1.0,1.0,1.0
1.0,5931.0,1.0,1.0
7632.0,1.0,1794.0263197234494,1794.0263197234494

Iteration: ,50000
Error:,0.22158025690463742
Absolute Error:,0.3212011996429406
Transition Probabilities
6.491398896462187e-05,6.491398896462187e-05,0.35329149792575476,0.646578674096316
0.6162663755458515,0.38355167394468703,9.097525473071325e-05,9.097525473071325e-05
0.25,0.25,0.25,0.25
0.25,0.25,0.25,0.25

0.25,0.25,0.25,0.25
0.25,0.25,0.25,0.25
0.00016084928422068523,0.9995174521473379,0.00016084928422068523,0.00016084928422068523
0.6788465904648192,8.436020758851985e-05,0.16053452466379617,0.16053452466379617

Transition Gammas
1.0,1.0,5442.455525546253,9960.544474453749
6774.0,4216.0,1.0,1.0
1.0,1.0,1.0,1.0
1.0,1.0,1.0,1.0

1.0,1.0,1.0,1.0
1.0,1.0,1.0,1.0
1.0,6214.0,1.0,1.0
8047.0,1.0,1902.96502643555,1902.96502643555

Iteration: ,52500
Error:,0.2217595173311187
Absolute Error:,0.3212452389756938
Transition Probabilities
6.185822095756529e-05,6.185822095756529e-05,0.35343150726957734,0.6464447762885076
0.6160899653979238,0.3837370242214533,8.650519031141868e-05,8.650519031141868e-05
0.25,0.25,0.25,0.25
0.25,0.25,0.25,0.25

0.25,0.25,0.25,0.25
0.25,0.25,0.25,0.25
0.00015316281206922958,0.9995405115637923,0.00015316281206922958,0.00015316281206922958
0.6783164313722525,8.046458260643565e-05,0.16080155202257052,0.16080155202257052

Transition Gammas
1.0,1.0,5713.5737465199845,10450.42625348001
7122.0,4436.0,1.0,1.0
1.0,1.0,1.0,1.0
1.0,1.0,1.0,1.0

1.0,1.0,1.0,1.0
1.0,1.0,1.0,1.0
1.0,6526.0,1.0,1.0
8430.0,1.0,1998.414045208872,1998.414045208872

Iteration: ,55000
Error:,0.22194967494815387
Absolute Error:,0.3211813602489804
Transition Probabilities
5.9014458542342986e-05,5.9014458542342986e-05,0.3533777637535358,0.6465042073293795
0.6165798826349285,0.383254814447475,8.265145879824778e-05,8.265145879824778e-05
0.25,0.25,0.25,0.25
0.25,0.25,0.25,0.25

0.25,0.25,0.25,0.25
0.25,0.25,0.25,0.25
0.00014609203798392987,0.9995617238860482,0.00014609203798392987,0.00014609203798392987
0.6789608289454199,7.675342854910918e-05,0.16048120881301553,0.16048120881301553

Transition Gammas
1.0,1.0,5987.986206803653,10955.013793196315
7460.0,4637.0,1.0,1.0
1.0,1.0,1.0,1.0
1.0,1.0,1.0,1.0

1.0,1.0,1.0,1.0
1.0,1.0,1.0,1.0
1.0,6842.0,1.0,1.0
8846.0,1.0,2090.866972937043,2090.866972937043

Iteration: ,57500
Error:,0.22380236010026552
Absolute Error:,0.3213877141268796
Transition Probabilities
5.648441030275651e-05,5.648441030275651e-05,0.3539732160197708,0.6459138151596238
0.6155545038649629,0.38428774254614295,7.887679444707367e-05,7.887679444707367e-05
0.25,0.25,0.25,0.25
0.25,0.25,0.25,0.25

0.25,0.25,0.25,0.25
0.25,0.25,0.25,0.25
0.0001396843134515994,0.9995809470596452,0.0001396843134515994,0.0001396843134515994
0.6784974098967714,7.352594385530683e-05,0.16071453207968672,0.16071453207968672

Transition Gammas
1.0,1.0,6266.7418164140145,11435.258183585966
7804.0,4872.0,1.0,1.0
1.0,1.0,1.0,1.0
1.0,1.0,1.0,1.0

1.0,1.0,1.0,1.0
1.0,1.0,1.0,1.0
1.0,7156.0,1.0,1.0
9228.0,1.0,2185.8207273878734,2185.8207273878734

Iteration: ,60000
Error:,0.2212655623646016
Absolute Error:,0.3213258335805367
Transition Probabilities
5.4065743944636734e-05,5.4065743944636734e-05,0.35307215619165183,0.6468197123204589
0.6151751267115515,0.3846735759134579,7.564868749527195e-05,7.564868749527195e-05
0.25,0.25,0.25,0.25
0.25,0.25,0.25,0.25

0.25,0.25,0.25,0.25
0.25,0.25,0.25,0.25
0.00013403029084573114,0.9995979091274628,0.00013403029084573114,0.00013403029084573114
0.6792255087015296,7.030592161282783e-05,0.1603520926884288,0.1603520926884288

Transition Gammas
1.0,1.0,6530.422600920786,11963.577399079195
8132.0,5085.0,1.0,1.0
1.0,1.0,1.0,1.0
1.0,1.0,1.0,1.0

1.0,1.0,1.0,1.0
1.0,1.0,1.0,1.0
1.0,7458.0,1.0,1.0
9661.0,1.0,2280.776483828517,2280.776483828517

Iteration: ,62500
Error:,0.22220888280513545
Absolute Error:,0.3213235998656398
Transition Probabilities
5.194265530853937e-05,5.194265530853937e-05,0.3530658793152157,0.6468302353741672
0.6152113903821008,0.3846433241319192,7.26427429899753e-05,7.26427429899753e-05
0.25,0.25,0.25,0.25
0.25,0.25,0.25,0.25

0.25,0.25,0.25,0.25
0.25,0.25,0.25,0.25
0.00012873326467559217,0.9996138002059732,0.00012873326467559217,0.00012873326467559217
0.6786899782384246,6.753806132335802e-05,0.16062124185012602,0.16062124185012602

Transition Gammas
1.0,1.0,6797.224308576533,12452.775691423467
8469.0,5295.0,1.0,1.0
1.0,1.0,1.0,1.0
1.0,1.0,1.0,1.0

1.0,1.0,1.0,1.0
1.0,1.0,1.0,1.0
1.0,7765.0,1.0,1.0
10049.0,1.0,2378.2329356643118,2378.2329356643118

Iteration: ,65000
Error:,0.21945520936733015
Absolute Error:,0.3214111904369984
Transition Probabilities
4.9965024482862034e-05,4.9965024482862034e-05,0.3527301922088815,0.6471698777421528
0.614197961747871,0.3856624319419238,6.980315510261064e-05,6.980315510261064e-05
0.25,0.25,0.25,0.25
0.25,0.25,0.25,0.25

0.25,0.25,0.25,0.25
0.25,0.25,0.25,0.25
0.00012382367508667657,0.99962852897474,0.00012382367508667657,0.00012382367508667657
0.6789279251819075,6.496296289177184e-05,0.1605035559276004,0.1605035559276004

Transition Gammas
1.0,1.0,7059.542066868549,12952.457933131438
8799.0,5525.0,1.0,1.0
1.0,1.0,1.0,1.0
1.0,1.0,1.0,1.0

1.0,1.0,1.0,1.0
1.0,1.0,1.0,1.0
1.0,8073.0,1.0,1.0
10451.0,1.0,2470.693280954549,2470.693280954549

Iteration: ,67500
Error:,0.22107744484502503
Absolute Error:,0.3213910140114135
Transition Probabilities
4.813941173638864e-05,4.813941173638864e-05,0.35299448047971826,0.646909240696809
0.6146449704142012,0.38522054868208716,6.724045185583647e-05,6.724045185583647e-05
0.25,0.25,0.25,0.25
0.25,0.25,0.25,0.25

0.25,0.25,0.25,0.25
0.25,0.25,0.25,0.25
0.00011921793037672866,0.9996423462088698,0.00011921793037672866,0.00011921793037672866
0.6782968952258817,6.259661270080118e-05,0.1608202540807088,0.1608202540807088

Transition Gammas
1.0,1.0,7332.754343005178,13438.245656994797
9141.0,5729.0,1.0,1.0
1.0,1.0,1.0,1.0
1.0,1.0,1.0,1.0

1.0,1.0,1.0,1.0
1.0,1.0,1.0,1.0
1.0,8385.0,1.0,1.0
10836.0,1.0,2569.1526608539702,2569.1526608539702

Iteration: ,70000
Error:,0.2196340641617567
Absolute Error:,0.3214658291835457
Transition Probabilities
4.64338781575038e-05,4.64338781575038e-05,0.3533160439066542,0.6465910883370307
0.6143883960370394,0.3854820954477757,6.47542575924367e-05,6.47542575924367e-05
0.25,0.25,0.25,0.25
0.25,0.25,0.25,0.25

0.25,0.25,0.25,0.25
0.25,0.25,0.25,0.25
0.0001148105625717566,0.9996555683122847,0.0001148105625717566,0.0001148105625717566
0.6776516904126124,6.04075316823509e-05,0.16114395102785264,0.16114395102785264

Transition Gammas
1.0,1.0,7609.014321573691,13924.985678426268
9488.0,5953.0,1.0,1.0
1.0,1.0,1.0,1.0
1.0,1.0,1.0,1.0

1.0,1.0,1.0,1.0
1.0,1.0,1.0,1.0
1.0,8707.0,1.0,1.0
11218.0,1.0,2667.6135663880073,2667.6135663880073

Iteration: ,72500
Error:,0.21909840133132372
Absolute Error:,0.32125493260707205
Transition Probabilities
4.479684630202041e-05,4.479684630202041e-05,0.35297814915514714,0.6469322571522488
0.6157558285284532,0.38411882677362746,6.2672348959639e-05,6.2672348959639e-05
0.25,0.25,0.25,0.25
0.25,0.25,0.25,0.25

0.25,0.25,0.25,0.25
0.25,0.25,0.25,0.25
0.00011086474501108647,0.9996674057649667,0.00011086474501108647,0.00011086474501108647
0.6778455279214326,5.8254170498576197e-05,0.16104810895403446,0.16104810895403446

Transition Gammas
1.0,1.0,7879.531223590337,14441.468776409627
9825.0,6129.0,1.0,1.0
1.0,1.0,1.0,1.0
1.0,1.0,1.0,1.0

1.0,1.0,1.0,1.0
1.0,1.0,1.0,1.0
1.0,9017.0,1.0,1.0
11636.0,1.0,2764.576468528904,2764.576468528904

Iteration: ,74999
Error:,0.21751826814619635
Absolute Error:,0.3211867124102664
Transition Probabilities
4.33125433125434e-05,4.33125433125434e-05,0.352794696883747,0.6471186780296279
0.6161352891259546,0.38374348405867376,6.06134076857801e-05,6.06134076857801e-05
0.25,0.25,0.25,0.25
0.25,0.25,0.25,0.25

0.25,0.25,0.25,0.25
0.25,0.25,0.25,0.25
0.00010716964955524595,0.9996784910513342,0.00010716964955524595,0.00010716964955524595
0.6778684752397435,5.630604495720105e-05,0.1610376093576497,0.1610376093576497

Transition Gammas
1.0,1.0,8145.323961651934,14940.676038348018
10165.0,6331.0,1.0,1.0
1.0,1.0,1.0,1.0
1.0,1.0,1.0,1.0

1.0,1.0,1.0,1.0
1.0,1.0,1.0,1.0
1.0,9328.0,1.0,1.0
12039.0,1.0,2860.0412172450838,2860.0412172450838

*,*,*,*,*,*,*,*,*,*,*
Model Num 2
Model States: 
"['diamond', 'x', 'square']","['diamond', 'x', 'diamond']","['square', 'y', 'diamond', 'x', 'diamond']","['square', 'y', 'diamond', 'x', 'square']"
Iteration: ,74999
Error:,0.21737776412217721
Absolute Error:,0.32118671280654043
Transition Probabilities
4.33125433125434e-05,4.33125433125434e-05,0.352794696883747,0.6471186780296279
0.6161352891259546,0.38374348405867376,6.06134076857801e-05,6.06134076857801e-05
0.25,0.25,0.25,0.25
0.25,0.25,0.25,0.25

0.25,0.25,0.25,0.25
0.25,0.25,0.25,0.25
0.00010716964955524595,0.9996784910513342,0.00010716964955524595,0.00010716964955524595
0.6778866121706398,5.630287476500331e-05,0.1610285424772976,0.1610285424772976

Transition Gammas
1.0,1.0,8145.323961651934,14940.676038348018
10165.0,6331.0,1.0,1.0
1.0,1.0,1.0,1.0
1.0,1.0,1.0,1.0

1.0,1.0,1.0,1.0
1.0,1.0,1.0,1.0
1.0,9328.0,1.0,1.0
12040.0,1.0,2860.0412172450838,2860.0412172450838

