0,1,2,3,4,5,6,7,8,9,10,11,12,13,14,15,16,17,18,19,20,21,22,23,24,25,26,27,28,29
github Code Version (SHA):,528ca1c557fe8e6666681dc5c9134b0f84d30530
Environment Observations,Environment Actions,alpha,epsilon,numActions,explore,patience,gainThresh,insertRandActions,useUpdatedPosterior,revisedSplitting,haveControl,confidence_factor
"['diamond', 'square']","['x', 'y']",0.85,0.99,75000,0.5,0,0.01,False,True,False,True,250

Model Num 0
Model States: 
['diamond'],['square']
Iteration: ,0
Error:,0.5064896762388138
Absolute Error:,1
Transition Probabilities
0.5,0.5
0.5,0.5

0.5,0.5
0.5,0.5

Transition Gammas
1.0,1.0
1.0,1.0

1.0,1.0
1.0,1.0

Iteration: ,2456
Error:,0.08277631389289974
Absolute Error:,1
Transition Probabilities
0.44672897196261685,0.5532710280373832
0.08597285067873303,0.9140271493212669

0.114,0.886
0.8913612565445026,0.10863874345549739


Model Num 1
Model States: 
['square'],"['diamond', 'x', 'square']","['diamond', 'x', 'diamond']"
Iteration: ,0
Error:,0.570239143205641
Absolute Error:,1
Transition Probabilities
0.3333333333333333,0.3333333333333333,0.3333333333333333
0.3333333333333333,0.3333333333333333,0.3333333333333333
0.3333333333333333,0.3333333333333333,0.3333333333333333

0.3333333333333333,0.3333333333333333,0.3333333333333333
0.3333333333333333,0.3333333333333333,0.3333333333333333
0.3333333333333333,0.3333333333333333,0.3333333333333333

Transition Gammas
1.0,1.0,1.0
1.0,1.0,1.0
1.0,1.0,1.0

1.0,1.0,1.0
1.0,1.0,1.0
1.0,1.0,1.0

Iteration: ,2500
Error:,0.0577725852635377
Absolute Error:,1
Transition Probabilities
0.8929384965831435,0.06205833762957598,0.045003165787280516
0.9958071278825996,0.0020964360587002098,0.0020964360587002098
0.0029850746268656717,0.8062479666555568,0.19076695871757757

0.09677419354838711,0.33098333335451635,0.5722424730970965
0.907779505429859,0.030837380072097458,0.06138311449804356
0.8817660719217758,0.04238552856804728,0.0758483995101769

Transition Gammas
784.0,54.48722043876771,39.51277956123229
475.0,1.0,1.0
1.0,270.0930688296115,63.90693117038849

60.0,205.2096666798001,354.7903333201998
35.066678681429124,1.1912193345379514,2.371172668795819
103.20854561667558,4.9611216602698835,8.877868235207387

Iteration: ,2861
Error:,0.05859531781495975
Absolute Error:,1
Transition Probabilities
0.8950749464668094,0.05973036469316,0.04519468884003058
0.9963898916967509,0.0018050541516245488,0.0018050541516245488
0.002551020408163265,0.8086826248652691,0.18876635472656753

0.10652463382157128,0.3436564010545909,0.5498189651238379
0.9281184460356883,0.029471973668682993,0.04240958029562874
0.8865850917730503,0.038709104304909724,0.07470580392203995


Model Num 2
Model States: 
"['diamond', 'x', 'square']","['diamond', 'x', 'diamond']","['square', 'y', 'diamond', 'x', 'diamond']","['square', 'y', 'diamond', 'x', 'square']"
Iteration: ,0
Error:,0.5077341576808275
Absolute Error:,0.6
Transition Probabilities
0.25,0.25,0.25,0.25
0.25,0.25,0.25,0.25
0.25,0.25,0.25,0.25
0.25,0.25,0.25,0.25

0.25,0.25,0.25,0.25
0.25,0.25,0.25,0.25
0.25,0.25,0.25,0.25
0.25,0.25,0.25,0.25

Transition Gammas
1.0,1.0,1.0,1.0
1.0,1.0,1.0,1.0
1.0,1.0,1.0,1.0
1.0,1.0,1.0,1.0

1.0,1.0,1.0,1.0
1.0,1.0,1.0,1.0
1.0,1.0,1.0,1.0
1.0,1.0,1.0,1.0

Iteration: ,2500
Error:,0.06856417831859729
Absolute Error:,0.13481789315709036
Transition Probabilities
0.001379310344827586,0.001379310344827586,0.1703814930378814,0.8268598862724634
0.7898366909009754,0.20517577792695474,0.0024937655860349122,0.0024937655860349122
0.09193707018673479,0.09030813147885527,0.7700401281583579,0.04771467017605214
0.037641247882966536,0.053926535098736655,0.7991458149763181,0.10928640204197873

0.03612416340863082,0.0977816045718595,0.2706751826557718,0.595419049363738
0.10326655029675429,0.08349711455197444,0.6022569378901721,0.21097939726109927
0.003101774603869439,0.940737862373871,0.030155885352174394,0.02600447767008519
0.8955604747720517,0.0019390305219901304,0.055029549002199446,0.04747094570375879

Transition Gammas
1.0,1.0,123.52658245246401,599.473417547536
316.72451305129124,82.27548694870887,1.0,1.0
9.358878303341887,9.193057931867324,78.38744299210535,4.857189711992804
5.386803547001355,7.717375668589918,114.36500522167202,15.639874108029995

2.9167869952915484,7.89521709797709,21.85522869520325,48.07614560613107
2.54229510799163,2.055595981921488,14.826823037588458,5.194052556249415
1.0295682886874236,312.25797962865136,10.009606512723643,8.631634787260282
473.95731531751113,1.0261927881029735,29.123278709742603,25.12304039217855

Iteration: ,5000
Error:,0.039645716066149146
Absolute Error:,0.09602928253041476
Transition Probabilities
0.0008503401360544221,0.0008503401360544221,0.1367023275998747,0.8615969921280164
0.8062190481508159,0.1913419274589402,0.0012195121951219508,0.0012195121951219508
0.06379470719767946,0.07523365144064334,0.806690865573257,0.0542807757884202
0.04108757217047828,0.04624031734696847,0.8205972709431629,0.09207483953939039

0.03191007897876747,0.07609307816481577,0.20250347563374882,0.6894933672226679
0.06551786214055885,0.06340130582908172,0.7075637207169687,0.1635171113133908
0.0014397711935015493,0.9156012055109574,0.05161354475285619,0.03134547854268506
0.9019559831959219,0.0012628036933743287,0.053005472549022194,0.04377574056168164

Transition Gammas
1.0,1.0,160.7619372574526,1013.238062742547
661.0996194836694,156.900380516331,1.0,1.0
22.139560968431613,26.109376249452303,279.95710593504606,18.837809557737252
16.821153926457797,18.93067549657946,335.9505630776592,37.695219425956154

8.499824350822484,20.26876207811008,53.94044854803455,183.65897860514121
4.497569381713718,4.352275280988177,48.57174550477373,11.224871038246413
1.03966974588356,661.162604836651,37.270533817840274,22.63480882112599
755.7829424849991,1.058150850973467,44.41528495543658,36.681344353343015

Iteration: ,7500
Error:,0.032542573681914176
Absolute Error:,0.08843454977682846
Transition Probabilities
0.0006234413965087278,0.0006234413965087278,0.1147494622389898,0.8840036549679928
0.8349615118683993,0.16333345829357862,0.0008525149190110824,0.0008525149190110824
0.057403531520441434,0.06487275667129334,0.8146383157048199,0.06308539610344527
0.04249544676658886,0.049671640677145086,0.808500520661723,0.09933239189454306

0.04636437081191534,0.06914276352526869,0.15901898852311963,0.7254738771396964
0.06974770186664357,0.0630031357410771,0.6987017003197551,0.16854746207252422
0.0009633421110645659,0.9041743417270445,0.06448561021374184,0.030376705948148962
0.9125757428549238,0.0008933612918232543,0.045736951251029084,0.04079394460222378

Transition Gammas
1.0,1.0,184.05813743133973,1417.9418625686612
979.4098534216328,191.5901465783678,1.0,1.0
33.749365298371025,38.140760765427174,478.95182359958477,37.089914534777975
29.030709730406528,33.93311735846949,552.3260894545265,67.85879559653684

24.08658335174457,35.92010217452035,82.61136848184924,376.88825935167966
7.984796406692415,7.212670789319524,79.98816701846316,19.29550556500051
1.045733802661075,981.5055957617373,70.0008663705312,32.97473229772062
1100.701523432328,1.0775260492998355,55.16553810828285,49.20353989468244

Iteration: ,10000
Error:,0.036361030641966025
Absolute Error:,0.0865958764924612
Transition Probabilities
0.0005065856129685911,0.0005065856129685911,0.09908635937862086,0.899900469395442
0.8534942265464688,0.1451917130067508,0.000657030223390276,0.000657030223390276
0.05321600816436593,0.07438465412513018,0.8125404642959095,0.05985887341459442
0.041917398357389786,0.04853698610060799,0.813396915823521,0.0961486997184812

0.04824561039847684,0.06316414766127164,0.14597695714653747,0.7426132847937139
0.07107992684552113,0.06793146038310609,0.6789010727989869,0.18208753997238586
0.0007126948173919175,0.9046312499942374,0.06607323739726681,0.028582817791103953
0.9105414887895091,0.0006996492822082921,0.04870124539418534,0.04005761653409712

Transition Gammas
1.0,1.0,195.5964734133978,1776.4035265866046
1299.0182128037254,220.9817871962747,1.0,1.0
43.26869058328292,60.480421108322446,660.6576319559172,48.669848825194116
39.66973238638899,45.93436913800153,769.7815045562038,90.9930801194155

38.37619324382254,50.24290327575231,116.11501793285603,590.69976910424
14.352179162111495,13.716453201775517,137.08103345881156,36.76639964122997
1.0554583996498978,1339.7047769847197,97.85051287198806,42.329443665216886
1421.3467146169212,1.0921459602822445,76.0221867877783,62.52956329514964

Iteration: ,12500
Error:,0.03556177806921358
Absolute Error:,0.08487531135806699
Transition Probabilities
0.0004198152812762379,0.0004198152812762379,0.08916468975713497,0.9099956796803126
0.859021537376682,0.13988675956654947,0.0005458515283842797,0.0005458515283842797
0.05767953397789225,0.06810893253041513,0.8130127414689735,0.06119879202271901
0.04059410326716751,0.050154106085538795,0.8284549561562891,0.08079683449100476

0.049161121920524305,0.06405098668285979,0.14090492475877683,0.7458829666378392
0.07487204740761678,0.05911182204466199,0.6713612567930421,0.19465487375467913
0.0005638434799377844,0.9006582163857056,0.06715183626112672,0.031626103873229824
0.9115909180808601,0.0005644334830371472,0.04873105883019974,0.039113589605902964

Transition Gammas
1.0,1.0,212.3902910014958,2167.6097089985074
1573.727456474081,256.2725435259186,1.0,1.0
59.4442198232884,70.19270229921271,837.8865914821674,63.07114837842792
48.16536886410243,59.50842179615556,982.9713022096701,95.86637031242441

51.303777764788,66.84260769526776,147.0461751762919,778.391795467803
24.397060154563302,19.261589981880853,218.76309697064326,63.42829973003667
1.0648562807639912,1700.9535317245106,126.82075283620583,59.728021239545384
1781.6749295365153,1.1031669646680893,95.24327643623423,76.44624427778238

Iteration: ,15000
Error:,0.03616045045961837
Absolute Error:,0.07972776000350565
Transition Probabilities
0.00036363636363636345,0.00036363636363636345,0.08154456319303609,0.9177281640796913
0.8607931762606911,0.13827224430005666,0.000467289719626168,0.000467289719626168
0.06043637550148022,0.06833459350402839,0.8154620671902442,0.05576696380424729
0.03855885179295661,0.0510964515723854,0.8448170455544761,0.06552765108018192

0.04883380745683414,0.06471069147626453,0.13522394338835667,0.7512315576785448
0.07503324500497024,0.049489179030748384,0.69068406665661,0.18479350930767136
0.00043520185839510545,0.897974212252628,0.06661252975816422,0.03497805613081266
0.9139737655441921,0.0005062349737109305,0.04655495220525652,0.038965047276840505

Transition Gammas
1.0,1.0,224.24754878084937,2523.752451219152
1842.0973971978797,295.9026028021214,1.0,1.0
68.86124938580448,77.86048461564714,929.138061432485,63.54091836495638
57.61832002066655,76.35319937498704,1262.4063380062437,97.91767634611388

58.53565841445966,77.56681547647794,162.0889906369432,900.4793224305458
45.99126321662513,30.334152001916824,423.35144517645534,113.26828430157867
1.0790373848385608,2226.432922907849,165.1587844151051,86.7244233591098
2002.479811926965,1.1091404952350363,102.00003047214743,85.37085361109324

Iteration: ,17500
Error:,0.03700268711561879
Absolute Error:,0.0773015056645662
Transition Probabilities
0.00032133676092545023,0.00032133676092545023,0.07700867625710184,0.9223486502210472
0.8592669177969909,0.13992597970099133,0.00040355125100887784,0.00040355125100887784
0.06255726112785648,0.06845651496778439,0.8172929072895335,0.05169331661482567
0.03868517597134583,0.05545650857167318,0.8511872355926451,0.05467107986433596

0.047806881707967014,0.06404429173610977,0.12784782209751652,0.7603010044584068
0.07392618393082609,0.04785288321214275,0.6975926857461795,0.18062824711085165
0.0003540201784573377,0.8993824828709577,0.06503171663608837,0.03523178031449665
0.9149791602189274,0.0004652124494878467,0.04643743238705642,0.03811819494452818

Transition Gammas
1.0,1.0,239.65100051210064,2870.3489994878955
2129.263422300945,346.73657769905674,1.0,1.0
78.07857628735368,85.44151597932446,1020.0744959165619,64.51913801993032
70.24393701402133,100.6970602385662,1545.5724592902404,99.27089108560524

64.43448998118963,86.31939852155308,172.31429697466572,1024.7396547158503
67.04566573774582,43.39908056705315,632.6657693219859,163.81666731128652
1.0885754387105286,2765.5081276046535,199.96580357568428,108.33408106715572
2189.74203476087,1.1133535057715,111.13476908039392,91.22504357287326

Iteration: ,18350
Error:,0.03578120257666941
Absolute Error:,0.07578950385403438
Transition Probabilities
0.00030911901081916556,0.00030911901081916556,0.07524453028664053,0.9241372316917211
0.858214666520776,0.14101639845423358,0.000384467512495194,0.000384467512495194
0.06391564531167918,0.06792423937630744,0.8178923096972182,0.05026780561479517
0.03957593753543324,0.05891131427197026,0.8497630575655193,0.051749690627077224

0.0477361862748133,0.06333475528201069,0.12545709989031012,0.7634719585528659
0.06985597524737867,0.04703701109197208,0.706660834478818,0.17644617918183128
0.0003332051756081882,0.8992199666953589,0.06568457942677637,0.034762248702256596
0.9149359529534085,0.0004530717268583343,0.04619280927870006,0.03841816604103321

*,*,*,*,*,*,*,*,*,*,*
Model Num 2
Model States: 
"['diamond', 'x', 'square']","['diamond', 'x', 'diamond']","['square', 'y', 'diamond', 'x', 'diamond']","['square', 'y', 'diamond', 'x', 'square']"
Iteration: ,18350
Error:,0.036386507009818575
Absolute Error:,0.07578950385403438
Transition Probabilities
0.00030911901081916556,0.00030911901081916556,0.07524453028664053,0.9241372316917211
0.858214666520776,0.14101639845423358,0.000384467512495194,0.000384467512495194
0.06391564531167918,0.06792423937630744,0.8178923096972182,0.05026780561479517
0.03957593753543324,0.05891131427197026,0.8497630575655193,0.051749690627077224

0.0477361862748133,0.06333475528201069,0.12545709989031012,0.7634719585528659
0.06985597524737867,0.04703701109197208,0.706660834478818,0.17644617918183128
0.0003332051756081882,0.8992199666953589,0.06568457942677637,0.034762248702256596
0.9149359529534085,0.0004530717268583343,0.04619280927870006,0.03841816604103321

Transition Gammas
1.0,1.0,243.41605547728201,2989.583944522716
2232.216347620539,366.78365237946167,1.0,1.0
82.18821296178004,87.3428066618736,1051.7160078944544,64.63865134809524
76.1854875986004,113.40697106331505,1635.8327032920895,99.62051840138271

67.01471504825028,88.9128543583305,176.12365913623432,1071.8044264199018
69.92382655748816,47.08269827642441,707.3472161842147,176.61756186425612
1.0909372029596485,2944.1094770557825,215.05593731139922,113.81404955252307
2251.905788219198,1.1151325302031345,113.69304512849028,94.55753728039856

