0,1,2,3,4,5,6,7,8,9,10,11,12,13,14,15,16,17,18,19,20,21,22,23,24,25,26,27,28,29
github Code Version (SHA):,528ca1c557fe8e6666681dc5c9134b0f84d30530
Environment Observations,Environment Actions,alpha,epsilon,numActions,explore,patience,gainThresh,insertRandActions,useUpdatedPosterior,revisedSplitting,haveControl,confidence_factor
"['diamond', 'square']","['x', 'y']",0.7,0.99,75000,0.5,0,0.01,False,True,False,True,250

Model Num 0
Model States: 
['diamond'],['square']
Iteration: ,0
Error:,0.3557572227844115
Absolute Error:,1
Transition Probabilities
0.5,0.5
0.5,0.5

0.5,0.5
0.5,0.5

Transition Gammas
1.0,1.0
1.0,1.0

1.0,1.0
1.0,1.0

Iteration: ,2407
Error:,0.038907765046157644
Absolute Error:,1
Transition Probabilities
0.4701627486437613,0.5298372513562387
0.187207488299532,0.8127925117004681

0.198,0.802
0.7969401947148818,0.20305980528511822


Model Num 1
Model States: 
['square'],"['diamond', 'x', 'square']","['diamond', 'x', 'diamond']"
Iteration: ,0
Error:,0.4330201448765347
Absolute Error:,1
Transition Probabilities
0.3333333333333333,0.3333333333333333,0.3333333333333333
0.3333333333333333,0.3333333333333333,0.3333333333333333
0.3333333333333333,0.3333333333333333,0.3333333333333333

0.3333333333333333,0.3333333333333333,0.3333333333333333
0.3333333333333333,0.3333333333333333,0.3333333333333333
0.3333333333333333,0.3333333333333333,0.3333333333333333

Transition Gammas
1.0,1.0,1.0
1.0,1.0,1.0
1.0,1.0,1.0

1.0,1.0,1.0
1.0,1.0,1.0
1.0,1.0,1.0

Iteration: ,2500
Error:,0.03887232520125017
Absolute Error:,1
Transition Probabilities
0.7831184056271981,0.10376946737710768,0.11311212699569419
0.9957983193277311,0.0021008403361344537,0.0021008403361344537
0.0024937655860349122,0.7117888690746629,0.28571736533930214

0.19964973730297722,0.3045966477942669,0.4957536149027559
0.8021116002445257,0.14107900481704821,0.05680939493842618
0.7436987302068919,0.099850741297868,0.15645052849524013

Transition Gammas
668.0,88.51535567267285,96.48464432732715
474.0,1.0,1.0
1.0,285.4273364989399,114.57266350106019

114.0,173.92468589052638,283.0753141094736
47.19525226541471,8.30091376270392,3.3425943775744513
66.12057094911158,8.877503424633229,13.909662406600765

Iteration: ,2990
Error:,0.03572476369575169
Absolute Error:,1
Transition Probabilities
0.7839912280701754,0.10396052912642792,0.11204824280339665
0.9966044142614601,0.001697792869269949,0.001697792869269949
0.0020283975659229204,0.6988828085243965,0.2990887939096805

0.204,0.3266778884635119,0.469322111536488
0.8265041116945547,0.12472842562950909,0.04876746267593636
0.7441327462274991,0.09064384016176087,0.16522341361074003


Model Num 2
Model States: 
"['diamond', 'x', 'square']","['diamond', 'x', 'diamond']","['square', 'y', 'diamond', 'x', 'diamond']","['square', 'y', 'diamond', 'x', 'square']"
Iteration: ,0
Error:,0.35490564798089963
Absolute Error:,0.4499999999999999
Transition Probabilities
0.25,0.25,0.25,0.25
0.25,0.25,0.25,0.25
0.25,0.25,0.25,0.25
0.25,0.25,0.25,0.25

0.25,0.25,0.25,0.25
0.25,0.25,0.25,0.25
0.25,0.25,0.25,0.25
0.25,0.25,0.25,0.25

Transition Gammas
1.0,1.0,1.0,1.0
1.0,1.0,1.0,1.0
1.0,1.0,1.0,1.0
1.0,1.0,1.0,1.0

1.0,1.0,1.0,1.0
1.0,1.0,1.0,1.0
1.0,1.0,1.0,1.0
1.0,1.0,1.0,1.0

Iteration: ,2500
Error:,0.28511837942352614
Absolute Error:,0.3445690642660211
Transition Probabilities
0.0012422360248447205,0.0012422360248447205,0.3173119761423626,0.680203551807948
0.6369047619047619,0.35912698412698413,0.001984126984126984,0.001984126984126984
0.25,0.25,0.25,0.25
0.31217554703769423,0.31217554703769423,0.18782445296230577,0.18782445296230577

0.3116632594940095,0.3116632594940095,0.18833674050599047,0.18833674050599047
0.21993065875255247,0.21993065875255247,0.28006934124744753,0.28006934124744753
0.0035436742492363374,0.9880078918633908,0.00422421694368647,0.00422421694368647
0.7452066180375164,0.0016638032888247436,0.1265647893368294,0.1265647893368294

Transition Gammas
1.0,1.0,255.43614079460193,547.5638592053981
321.0,181.0,1.0,1.0
1.0,1.0,1.0,1.0
1.662060195646327,1.662060195646327,1.0,1.0

1.6548192278186762,1.6548192278186762,1.0,1.0
1.0,1.0,1.2734438337792553,1.2734438337792553
1.0706680034037412,298.51175997807314,1.2762837673399854,1.2762837673399854
460.38000145236356,1.0278783655233459,78.19025822952929,78.19025822952929

Iteration: ,5000
Error:,0.2831264560902593
Absolute Error:,0.34425666306767355
Transition Probabilities
0.0006191950464396287,0.0006191950464396287,0.3130936539724306,0.6856679559346902
0.644,0.354,0.001,0.001
0.25,0.25,0.25,0.25
0.31217554703769423,0.31217554703769423,0.18782445296230577,0.18782445296230577

0.3116632594940095,0.3116632594940095,0.18833674050599047,0.18833674050599047
0.21993065875255247,0.21993065875255247,0.28006934124744753,0.28006934124744753
0.001769304388833937,0.9940125169343522,0.00210908933840682,0.00210908933840682
0.7339298454507739,0.000822331649650547,0.13262391144978775,0.13262391144978775

Transition Gammas
1.0,1.0,505.6462511654752,1107.3537488345241
644.0,354.0,1.0,1.0
1.0,1.0,1.0,1.0
1.662060195646327,1.662060195646327,1.0,1.0

1.6548192278186762,1.6548192278186762,1.0,1.0
1.0,1.0,1.2734438337792553,1.2734438337792553
1.0706680034037412,601.5117599780731,1.2762837673399854,1.2762837673399854
917.3800014523636,1.0278783655233459,165.77405161074734,165.77405161074734

Iteration: ,7500
Error:,0.2805272001895471
Absolute Error:,0.3454788238727242
Transition Probabilities
0.000411861614497529,0.000411861614497529,0.3233335355073645,0.6758427412636405
0.647557003257329,0.3511400651465798,0.0006514657980456026,0.0006514657980456026
0.25,0.25,0.25,0.25
0.31217554703769423,0.31217554703769423,0.18782445296230577,0.18782445296230577

0.3116632594940095,0.3116632594940095,0.18833674050599047,0.18833674050599047
0.21993065875255247,0.21993065875255247,0.28006934124744753,0.28006934124744753
0.0011400576152689238,0.9961419438575043,0.0013589992636133515,0.0013589992636133515
0.7310672137951494,0.0005544188139106722,0.13418918369546998,0.13418918369546998

Transition Gammas
1.0,1.0,785.0538242118807,1640.9461757881186
994.0,539.0,1.0,1.0
1.0,1.0,1.0,1.0
1.662060195646327,1.662060195646327,1.0,1.0

1.6548192278186762,1.6548192278186762,1.0,1.0
1.0,1.0,1.2734438337792553,1.2734438337792553
1.0706680034037412,935.5117599780731,1.2762837673399854,1.2762837673399854
1355.3800014523636,1.0278783655233459,248.78333012348844,248.78333012348844

Iteration: ,10000
Error:,0.2775675392763762
Absolute Error:,0.34550924357830193
Transition Probabilities
0.0003088326127239037,0.0003088326127239037,0.32442626052481194,0.6749560742497401
0.6498530852105778,0.34916748285994126,0.0004897159647404506,0.0004897159647404506
0.25,0.25,0.25,0.25
0.31217554703769423,0.31217554703769423,0.18782445296230577,0.18782445296230577

0.3116632594940095,0.3116632594940095,0.18833674050599047,0.18833674050599047
0.21993065875255247,0.21993065875255247,0.28006934124744753,0.28006934124744753
0.0008489717652831755,0.9971270042057625,0.0010120120144771882,0.0010120120144771882
0.7323472964270588,0.0004162642483561637,0.1336182196622926,0.1336182196622926

Transition Gammas
1.0,1.0,1050.4922315793408,2185.507768420658
1327.0,713.0,1.0,1.0
1.0,1.0,1.0,1.0
1.662060195646327,1.662060195646327,1.0,1.0

1.6548192278186762,1.6548192278186762,1.0,1.0
1.0,1.0,1.2734438337792553,1.2734438337792553
1.0706680034037412,1257.511759978073,1.2762837673399854,1.2762837673399854
1808.3800014523636,1.0278783655233459,329.94252514595763,329.94252514595763

Iteration: ,12500
Error:,0.28244502497779
Absolute Error:,0.3471378669014789
Transition Probabilities
0.0002477700693756195,0.0002477700693756195,0.33114803458009057,0.6683564252811582
0.6444273042807559,0.35480138835325875,0.0003856536829926726,0.0003856536829926726
0.25,0.25,0.25,0.25
0.31217554703769423,0.31217554703769423,0.18782445296230577,0.18782445296230577

0.3116632594940095,0.3116632594940095,0.18833674050599047,0.18833674050599047
0.21993065875255247,0.21993065875255247,0.28006934124744753,0.28006934124744753
0.0006741668727322298,0.9977185594749103,0.000803636826178736,0.000803636826178736
0.7330139897887682,0.000334512480684428,0.13332574886527368,0.13332574886527368

Transition Gammas
1.0,1.0,1336.5134675652453,2697.486532434754
1671.0,920.0,1.0,1.0
1.0,1.0,1.0,1.0
1.662060195646327,1.662060195646327,1.0,1.0

1.6548192278186762,1.6548192278186762,1.0,1.0
1.0,1.0,1.2734438337792553,1.2734438337792553
1.0706680034037412,1584.511759978073,1.2762837673399854,1.2762837673399854
2252.3800014523636,1.0278783655233459,409.6787436612769,409.6787436612769

Iteration: ,15000
Error:,0.28244357353428906
Absolute Error:,0.3471680240324771
Transition Probabilities
0.00020580366330520702,0.00020580366330520702,0.330423369545486,0.6691650231279036
0.6440407903123009,0.35532186105799873,0.00031867431485022306,0.00031867431485022306
0.25,0.25,0.25,0.25
0.31217554703769423,0.31217554703769423,0.18782445296230577,0.18782445296230577

0.3116632594940095,0.3116632594940095,0.18833674050599047,0.18833674050599047
0.21993065875255247,0.21993065875255247,0.28006934124744753,0.28006934124744753
0.0005590561531748213,0.9981081043651927,0.0006664197408162386,0.0006664197408162386
0.7349236700752768,0.0002786079931166986,0.13239886096580328,0.13239886096580328

Transition Gammas
1.0,1.0,1605.527152621515,3251.4728473784808
2021.0,1115.0,1.0,1.0
1.0,1.0,1.0,1.0
1.662060195646327,1.662060195646327,1.0,1.0

1.6548192278186762,1.6548192278186762,1.0,1.0
1.0,1.0,1.2734438337792553,1.2734438337792553
1.0706680034037412,1911.511759978073,1.2762837673399854,1.2762837673399854
2711.3800014523636,1.0278783655233459,488.4638207407049,488.4638207407049

Iteration: ,17500
Error:,0.2809145371354126
Absolute Error:,0.34688522026347346
Transition Probabilities
0.00017642907551164446,0.00017642907551164446,0.3319505875472238,0.6676965543017529
0.64822460776218,0.35122488301679056,0.0002752546105147261,0.0002752546105147261
0.25,0.25,0.25,0.25
0.31217554703769423,0.31217554703769423,0.18782445296230577,0.18782445296230577

0.3116632594940095,0.3116632594940095,0.18833674050599047,0.18833674050599047
0.21993065875255247,0.21993065875255247,0.28006934124744753,0.28006934124744753
0.00048030648908987576,0.9983746002169579,0.0005725466469761566,0.0005725466469761566
0.7322315120097053,0.000237773957440778,0.13376535701642692,0.13376535701642692

Transition Gammas
1.0,1.0,1881.4959302176628,3784.5040697823324
2355.0,1276.0,1.0,1.0
1.0,1.0,1.0,1.0
1.662060195646327,1.662060195646327,1.0,1.0

1.6548192278186762,1.6548192278186762,1.0,1.0
1.0,1.0,1.2734438337792553,1.2734438337792553
1.0706680034037412,2225.5117599780733,1.2762837673399854,1.2762837673399854
3165.3800014523636,1.0278783655233459,578.2572574960708,578.2572574960708

Iteration: ,20000
Error:,0.28102485494250884
Absolute Error:,0.3466036207609126
Transition Probabilities
0.00015389350569405976,0.00015389350569405976,0.3302453650702141,0.6694468479183977
0.6490675708403972,0.35044805037539356,0.0002421893921046258,0.0002421893921046258
0.25,0.25,0.25,0.25
0.31217554703769423,0.31217554703769423,0.18782445296230577,0.18782445296230577

0.3116632594940095,0.3116632594940095,0.18833674050599047,0.18833674050599047
0.21993065875255247,0.21993065875255247,0.28006934124744753,0.28006934124744753
0.00042166643573280955,0.9985730433614275,0.0005026451014198801,0.0005026451014198801
0.7347838287443264,0.00020695800399030137,0.13250460662584163,0.13250460662584163

Transition Gammas
1.0,1.0,2145.934382226251,4350.065617773747
2680.0,1447.0,1.0,1.0
1.0,1.0,1.0,1.0
1.662060195646327,1.662060195646327,1.0,1.0

1.6548192278186762,1.6548192278186762,1.0,1.0
1.0,1.0,1.2734438337792553,1.2734438337792553
1.0706680034037412,2535.5117599780733,1.2762837673399854,1.2762837673399854
3649.3800014523636,1.0278783655233459,658.0978549119881,658.0978549119881

Iteration: ,22500
Error:,0.28222291767816654
Absolute Error:,0.34666224451697525
Transition Probabilities
0.000136761487964989,0.000136761487964989,0.33227271128263747,0.6674537657414326
0.6508620689655172,0.34870689655172415,0.00021551724137931034,0.00021551724137931034
0.25,0.25,0.25,0.25
0.31217554703769423,0.31217554703769423,0.18782445296230577,0.18782445296230577

0.3116632594940095,0.3116632594940095,0.18833674050599047,0.18833674050599047
0.21993065875255247,0.21993065875255247,0.28006934124744753,0.28006934124744753
0.0003744727006884313,0.9987327511489434,0.00044638807518410973,0.00044638807518410973
0.7338387224912525,0.00018386813175888273,0.13298870468849436,0.13298870468849436

Transition Gammas
1.0,1.0,2429.5780648986465,4880.421935101357
3020.0,1618.0,1.0,1.0
1.0,1.0,1.0,1.0
1.662060195646327,1.662060195646327,1.0,1.0

1.6548192278186762,1.6548192278186762,1.0,1.0
1.0,1.0,1.2734438337792553,1.2734438337792553
1.0706680034037412,2855.5117599780733,1.2762837673399854,1.2762837673399854
4102.380001452364,1.0278783655233459,743.4470079216034,743.4470079216034

Iteration: ,25000
Error:,0.28151355036866976
Absolute Error:,0.3471953462485393
Transition Probabilities
0.00012309207287050704,0.00012309207287050704,0.33264322775393523,0.6671105881003236
0.6471607314725698,0.35245428296438885,0.00019249278152069297,0.00019249278152069297
0.25,0.25,0.25,0.25
0.31217554703769423,0.31217554703769423,0.18782445296230577,0.18782445296230577

0.3116632594940095,0.3116632594940095,0.18833674050599047,0.18833674050599047
0.21993065875255247,0.21993065875255247,0.28006934124744753,0.28006934124744753
0.0003363564551650844,0.9988617399063542,0.00040095181924039994,0.00040095181924039994
0.7347979778191455,0.00016594592061958992,0.13251803813011748,0.13251803813011748

Transition Gammas
1.0,1.0,2702.3935822729723,5419.606417727035
3362.0,1831.0,1.0,1.0
1.0,1.0,1.0,1.0
1.662060195646327,1.662060195646327,1.0,1.0

1.6548192278186762,1.6548192278186762,1.0,1.0
1.0,1.0,1.2734438337792553,1.2734438337792553
1.0706680034037412,3179.5117599780733,1.2762837673399854,1.2762837673399854
4551.380001452364,1.0278783655233459,820.8241813174508,820.8241813174508

Iteration: ,27500
Error:,0.285761569227741
Absolute Error:,0.3478267461116961
Transition Probabilities
0.00011176930814798256,0.00011176930814798256,0.334120453606151,0.6656560077775532
0.6437402054675256,0.3559115444889431,0.00017412502176562773,0.00017412502176562773
0.25,0.25,0.25,0.25
0.31217554703769423,0.31217554703769423,0.18782445296230577,0.18782445296230577

0.3116632594940095,0.3116632594940095,0.18833674050599047,0.18833674050599047
0.21993065875255247,0.21993065875255247,0.28006934124744753,0.28006934124744753
0.0003062433243501433,0.9989636454133692,0.0003650556311403414,0.0003650556311403414
0.7365824728106193,0.00015113989915043648,0.1316331936451152,0.1316331936451152

Transition Gammas
1.0,1.0,2989.375698414233,5955.624301585768
3697.0,2044.0,1.0,1.0
1.0,1.0,1.0,1.0
1.662060195646327,1.662060195646327,1.0,1.0

1.6548192278186762,1.6548192278186762,1.0,1.0
1.0,1.0,1.2734438337792553,1.2734438337792553
1.0706680034037412,3492.5117599780733,1.2762837673399854,1.2762837673399854
5009.380001452364,1.0278783655233459,895.2163703502666,895.2163703502666

Iteration: ,30000
Error:,0.28203897678172474
Absolute Error:,0.3476633629293393
Transition Probabilities
0.00010237510237510241,0.00010237510237510241,0.3334201442090559,0.666375105586194
0.6444763729246488,0.35520434227330777,0.00015964240102171138,0.00015964240102171138
0.25,0.25,0.25,0.25
0.31217554703769423,0.31217554703769423,0.18782445296230577,0.18782445296230577

0.3116632594940095,0.3116632594940095,0.18833674050599047,0.18833674050599047
0.21993065875255247,0.21993065875255247,0.28006934124744753,0.28006934124744753
0.00028026967755339185,0.9990515425391154,0.0003340938916656113,0.0003340938916656113
0.7379866405129109,0.000138590871020684,0.13093738430803423,0.13093738430803423

Transition Gammas
1.0,1.0,3256.847968634057,6509.15203136594
4037.0,2225.0,1.0,1.0
1.0,1.0,1.0,1.0
1.662060195646327,1.662060195646327,1.0,1.0

1.6548192278186762,1.6548192278186762,1.0,1.0
1.0,1.0,1.2734438337792553,1.2734438337792553
1.0706680034037412,3816.5117599780733,1.2762837673399854,1.2762837673399854
5473.380001452364,1.0278783655233459,971.1152226495342,971.1152226495342

Iteration: ,32500
Error:,0.2841189654082791
Absolute Error:,0.34747292368613875
Transition Probabilities
9.438414346389813e-05,9.438414346389813e-05,0.33138269694123534,0.6684285347718367
0.6440677966101694,0.35563743551952837,0.00014738393515106854,0.00014738393515106854
0.25,0.25,0.25,0.25
0.31217554703769423,0.31217554703769423,0.18782445296230577,0.18782445296230577

0.3116632594940095,0.3116632594940095,0.18833674050599047,0.18833674050599047
0.21993065875255247,0.21993065875255247,0.28006934124744753,0.28006934124744753
0.0002596103193925013,0.9991214556405106,0.0003094670200484676,0.0003094670200484676
0.7386727164871425,0.00012766389642062209,0.13059980980821853,0.13059980980821853

Transition Gammas
1.0,1.0,3510.999674092386,7082.000325907606
4370.0,2413.0,1.0,1.0
1.0,1.0,1.0,1.0
1.662060195646327,1.662060195646327,1.0,1.0

1.6548192278186762,1.6548192278186762,1.0,1.0
1.0,1.0,1.2734438337792553,1.2734438337792553
1.0706680034037412,4120.511759978073,1.2762837673399854,1.2762837673399854
5947.380001452364,1.0278783655233459,1051.516699764829,1051.516699764829

Iteration: ,35000
Error:,0.28311415431296216
Absolute Error:,0.3473986158324094
Transition Probabilities
8.767315448009828e-05,8.767315448009828e-05,0.33193839913922535,0.6678862545518144
0.6453114305270363,0.3544147843942505,0.00013689253935660506,0.00013689253935660506
0.25,0.25,0.25,0.25
0.31217554703769423,0.31217554703769423,0.18782445296230577,0.18782445296230577

0.3116632594940095,0.3116632594940095,0.18833674050599047,0.18833674050599047
0.21993065875255247,0.21993065875255247,0.28006934124744753,0.28006934124744753
0.00024086287693933538,0.9991848986494812,0.000287119236789745,0.000287119236789745
0.7371262999522047,0.00011862080793797505,0.1313775396199287,0.1313775396199287

Transition Gammas
1.0,1.0,3786.0893805820006,7617.910619417988
4714.0,2589.0,1.0,1.0
1.0,1.0,1.0,1.0
1.662060195646327,1.662060195646327,1.0,1.0

1.6548192278186762,1.6548192278186762,1.0,1.0
1.0,1.0,1.2734438337792553,1.2734438337792553
1.0706680034037412,4441.511759978073,1.2762837673399854,1.2762837673399854
6387.380001452364,1.0278783655233459,1138.4185712309536,1138.4185712309536

Iteration: ,37500
Error:,0.2827115193115917
Absolute Error:,0.34746141578677436
Transition Probabilities
8.178621084485166e-05,8.178621084485166e-05,0.33085949051562985,0.6689769370626805
0.6438075742067554,0.3559365404298874,0.00012794268167860799,0.00012794268167860799
0.25,0.25,0.25,0.25
0.31217554703769423,0.31217554703769423,0.18782445296230577,0.18782445296230577

0.3116632594940095,0.3116632594940095,0.18833674050599047,0.18833674050599047
0.21993065875255247,0.21993065875255247,0.28006934124744753,0.28006934124744753
0.0002256824488374943,0.9992362705653385,0.00026902349291203656,0.00026902349291203656
0.7381887140555313,0.00011044050091709341,0.13085042272177583,0.13085042272177583

Transition Gammas
1.0,1.0,4045.4189905346007,8179.581009465383
5032.0,2782.0,1.0,1.0
1.0,1.0,1.0,1.0
1.662060195646327,1.662060195646327,1.0,1.0

1.6548192278186762,1.6548192278186762,1.0,1.0
1.0,1.0,1.2734438337792553,1.2734438337792553
1.0706680034037412,4740.511759978073,1.2762837673399854,1.2762837673399854
6870.380001452364,1.0278783655233459,1217.8351014204866,1217.8351014204866

Iteration: ,40000
Error:,0.28599575605226496
Absolute Error:,0.3474545854156043
Transition Probabilities
7.673419275629229e-05,7.673419275629229e-05,0.3296827333434842,0.6701637982710031
0.6427541456380678,0.3570055275174237,0.0001201634222542658,0.0001201634222542658
0.25,0.25,0.25,0.25
0.31217554703769423,0.31217554703769423,0.18782445296230577,0.18782445296230577

0.3116632594940095,0.3116632594940095,0.18833674050599047,0.18833674050599047
0.21993065875255247,0.21993065875255247,0.28006934124744753,0.28006934124744753
0.0002120917931780207,0.9992822625501692,0.0002528228283264222,0.0002528228283264222
0.737130840420526,0.00010330537049870112,0.13138292710448762,0.13138292710448762

Transition Gammas
1.0,1.0,4296.425380932281,8733.574619067704
5349.0,2971.0,1.0,1.0
1.0,1.0,1.0,1.0
1.662060195646327,1.662060195646327,1.0,1.0

1.6548192278186762,1.6548192278186762,1.0,1.0
1.0,1.0,1.2734438337792553,1.2734438337792553
1.0706680034037412,5044.511759978073,1.2762837673399854,1.2762837673399854
7334.380001452364,1.0278783655233459,1307.2473165519657,1307.2473165519657

Iteration: ,42500
Error:,0.28059013303596525
Absolute Error:,0.34719337186741916
Transition Probabilities
7.21969532885714e-05,7.21969532885714e-05,0.32956267642877163,0.6702929296646513
0.6447845804988662,0.35498866213151925,0.00011337868480725624,0.00011337868480725624
0.25,0.25,0.25,0.25
0.31217554703769423,0.31217554703769423,0.18782445296230577,0.18782445296230577

0.3116632594940095,0.3116632594940095,0.18833674050599047,0.18833674050599047
0.21993065875255247,0.21993065875255247,0.28006934124744753,0.28006934124744753
0.0001999329623436588,0.9993234091127269,0.00023832896246473993,0.00023832896246473993
0.7364078352714477,9.72380179200111e-05,0.13174746335531615,0.13174746335531615

Transition Gammas
1.0,1.0,4564.772631214905,9284.227368785063
5687.0,3131.0,1.0,1.0
1.0,1.0,1.0,1.0
1.662060195646327,1.662060195646327,1.0,1.0

1.6548192278186762,1.6548192278186762,1.0,1.0
1.0,1.0,1.2734438337792553,1.2734438337792553
1.0706680034037412,5351.511759978073,1.2762837673399854,1.2762837673399854
7784.380001452364,1.0278783655233459,1392.6689394975874,1392.6689394975874

Iteration: ,45000
Error:,0.2855884405674836
Absolute Error:,0.3469529506642181
Transition Probabilities
6.817562039814584e-05,6.817562039814584e-05,0.32792504141955353,0.6719386073396502
0.6451231315195183,0.3546617915904936,0.00010753844499408539,0.00010753844499408539
0.25,0.25,0.25,0.25
0.31217554703769423,0.31217554703769423,0.18782445296230577,0.18782445296230577

0.3116632594940095,0.3116632594940095,0.18833674050599047,0.18833674050599047
0.21993065875255247,0.21993065875255247,0.28006934124744753,0.28006934124744753
0.00018946070200999505,0.9993588481710385,0.0002258455634757693,0.0002258455634757693
0.7361011079663241,9.154115159658698e-05,0.13190367544103962,0.13190367544103962

Transition Gammas
1.0,1.0,4810.004507541997,9855.995492457958
5999.0,3298.0,1.0,1.0
1.0,1.0,1.0,1.0
1.662060195646327,1.662060195646327,1.0,1.0

1.6548192278186762,1.6548192278186762,1.0,1.0
1.0,1.0,1.2734438337792553,1.2734438337792553
1.0706680034037412,5647.511759978073,1.2762837673399854,1.2762837673399854
8265.380001452364,1.0278783655233459,1481.09273211189,1481.09273211189

Iteration: ,47500
Error:,0.2824161008737203
Absolute Error:,0.34670811551891456
Transition Probabilities
6.460365656696188e-05,6.460365656696188e-05,0.3275335684648802,0.6723372242219858
0.6467407936346017,0.35305518718759565,0.00010200958890135672,0.00010200958890135672
0.25,0.25,0.25,0.25
0.31217554703769423,0.31217554703769423,0.18782445296230577,0.18782445296230577

0.3116632594940095,0.3116632594940095,0.18833674050599047,0.18833674050599047
0.21993065875255247,0.21993065875255247,0.28006934124744753,0.28006934124744753
0.00017924724691597592,0.9993934114094519,0.00021367067181606497,0.00021367067181606497
0.7356205109906893,8.670819486726798e-05,0.13214639040722181,0.13214639040722181

Transition Gammas
1.0,1.0,5069.892106267865,10407.107893732087
6340.0,3461.0,1.0,1.0
1.0,1.0,1.0,1.0
1.662060195646327,1.662060195646327,1.0,1.0

1.6548192278186762,1.6548192278186762,1.0,1.0
1.0,1.0,1.2734438337792553,1.2734438337792553
1.0706680034037412,5969.511759978073,1.2762837673399854,1.2762837673399854
8720.380001452364,1.0278783655233459,1566.5233948130615,1566.5233948130615

Iteration: ,50000
Error:,0.28009623061723754
Absolute Error:,0.3469445632753174
Transition Probabilities
6.142883469500601e-05,6.142883469500601e-05,0.32855442630230264,0.6713227160283074
0.6459177764910249,0.35388921057710865,9.650646593321752e-05,9.650646593321752e-05
0.25,0.25,0.25,0.25
0.31217554703769423,0.31217554703769423,0.18782445296230577,0.18782445296230577

0.3116632594940095,0.3116632594940095,0.18833674050599047,0.18833674050599047
0.21993065875255247,0.21993065875255247,0.28006934124744753,0.28006934124744753
0.000169620580701188,0.9994259889022244,0.00020219525853718232,0.00020219525853718232
0.7350263782714955,8.258486335223352e-05,0.13244551843257613,0.13244551843257613

Transition Gammas
1.0,1.0,5348.53750577517,10928.462494224786
6693.0,3667.0,1.0,1.0
1.0,1.0,1.0,1.0
1.662060195646327,1.662060195646327,1.0,1.0

1.6548192278186762,1.6548192278186762,1.0,1.0
1.0,1.0,1.2734438337792553,1.2734438337792553
1.0706680034037412,6308.511759978073,1.2762837673399854,1.2762837673399854
9148.380001452364,1.0278783655233459,1648.4604742484769,1648.4604742484769

Iteration: ,52500
Error:,0.2803334135366631
Absolute Error:,0.34664065090495716
Transition Probabilities
5.8510327072728534e-05,5.8510327072728534e-05,0.32758883547042567,0.672294143875429
0.647422300101448,0.3523932491008024,9.222539887485013e-05,9.222539887485013e-05
0.25,0.25,0.25,0.25
0.31217554703769423,0.31217554703769423,0.18782445296230577,0.18782445296230577

0.3116632594940095,0.3116632594940095,0.18833674050599047,0.18833674050599047
0.21993065875255247,0.21993065875255247,0.28006934124744753,0.28006934124744753
0.000161875740989497,0.9994521981271112,0.00019296306594969735,0.00019296306594969735
0.7344107545153243,7.854074293804938e-05,0.13275535237086886,0.13275535237086886

Transition Gammas
1.0,1.0,5598.820787025026,11490.179212974917
7020.0,3821.0,1.0,1.0
1.0,1.0,1.0,1.0
1.662060195646327,1.662060195646327,1.0,1.0

1.6548192278186762,1.6548192278186762,1.0,1.0
1.0,1.0,1.2734438337792553,1.2734438337792553
1.0706680034037412,6610.511759978073,1.2762837673399854,1.2762837673399854
9611.380001452364,1.0278783655233459,1737.3957707158086,1737.3957707158086

Iteration: ,55000
Error:,0.2788927781645814
Absolute Error:,0.3464941454648826
Transition Probabilities
5.5766227972340144e-05,5.5766227972340144e-05,0.3265837880554395,0.6733046794886158
0.6476249337806816,0.3521984813702984,8.829242450997704e-05,8.829242450997704e-05
0.25,0.25,0.25,0.25
0.31217554703769423,0.31217554703769423,0.18782445296230577,0.18782445296230577

0.3116632594940095,0.3116632594940095,0.18833674050599047,0.18833674050599047
0.21993065875255247,0.21993065875255247,0.28006934124744753,0.28006934124744753
0.00015478489347074654,0.9994761941843795,0.0001845104610748961,0.0001845104610748961
0.7356934627210842,7.476517531271045e-05,0.13211588605180158,0.13211588605180158

Transition Gammas
1.0,1.0,5856.300487410121,12073.699512589817
7335.0,3989.0,1.0,1.0
1.0,1.0,1.0,1.0
1.662060195646327,1.662060195646327,1.0,1.0

1.6548192278186762,1.6548192278186762,1.0,1.0
1.0,1.0,1.2734438337792553,1.2734438337792553
1.0706680034037412,6913.511759978073,1.2762837673399854,1.2762837673399854
10114.380001452364,1.0278783655233459,1816.3411032824517,1816.3411032824517

Iteration: ,57500
Error:,0.2835766986561475
Absolute Error:,0.3467256877534699
Transition Probabilities
5.339028296849994e-05,5.339028296849994e-05,0.3269194919855829,0.6729737274484802
0.6461421832884097,0.3536893530997305,8.423180592991914e-05,8.423180592991914e-05
0.25,0.25,0.25,0.25
0.31217554703769423,0.31217554703769423,0.18782445296230577,0.18782445296230577

0.3116632594940095,0.3116632594940095,0.18833674050599047,0.18833674050599047
0.21993065875255247,0.21993065875255247,0.28006934124744753,0.28006934124744753
0.0001481045801562454,0.9994988009574686,0.0001765472311876311,0.0001765472311876311
0.7351536553075506,7.160929927864951e-05,0.13238736769658538,0.13238736769658538

Transition Gammas
1.0,1.0,6123.202084889944,12604.797915109984
7671.0,4199.0,1.0,1.0
1.0,1.0,1.0,1.0
1.662060195646327,1.662060195646327,1.0,1.0

1.6548192278186762,1.6548192278186762,1.0,1.0
1.0,1.0,1.2734438337792553,1.2734438337792553
1.0706680034037412,7225.511759978073,1.2762837673399854,1.2762837673399854
10552.380001452364,1.0278783655233459,1900.2854726226374,1900.2854726226374

Iteration: ,60000
Error:,0.2855940495760362
Absolute Error:,0.3465094739120721
Transition Probabilities
5.110906674844134e-05,5.110906674844134e-05,0.3262472193121051,0.6736505625543981
0.6472300849171048,0.3526081682167408,8.087343307723413e-05,8.087343307723413e-05
0.25,0.25,0.25,0.25
0.31217554703769423,0.31217554703769423,0.18782445296230577,0.18782445296230577

0.3116632594940095,0.3116632594940095,0.18833674050599047,0.18833674050599047
0.21993065875255247,0.21993065875255247,0.28006934124744753,0.28006934124744753
0.00014199586665761667,0.9995194733860551,0.00016926537364370066,0.00016926537364370066
0.736329314768169,6.85349025797621e-05,0.13180107516462564,0.13180107516462564

Transition Gammas
1.0,1.0,6383.353093060627,13180.64690693931
8003.0,4360.0,1.0,1.0
1.0,1.0,1.0,1.0
1.662060195646327,1.662060195646327,1.0,1.0

1.6548192278186762,1.6548192278186762,1.0,1.0
1.0,1.0,1.2734438337792553,1.2734438337792553
1.0706680034037412,7536.511759978073,1.2762837673399854,1.2762837673399854
11043.380001452364,1.0278783655233459,1976.7369415425428,1976.7369415425428

Iteration: ,62500
Error:,0.282476403046876
Absolute Error:,0.34663802043772746
Transition Probabilities
4.907975460122713e-05,4.907975460122713e-05,0.3265922699569769,0.6733095705338207
0.6465757669662225,0.3532692903625658,7.747133560582585e-05,7.747133560582585e-05
0.25,0.25,0.25,0.25
0.31217554703769423,0.31217554703769423,0.18782445296230577,0.18782445296230577

0.3116632594940095,0.3116632594940095,0.18833674050599047,0.18833674050599047
0.21993065875255247,0.21993065875255247,0.28006934124744753,0.28006934124744753
0.00013623229579522243,0.9995389778213314,0.0001623949414367025,0.0001623949414367025
0.7359430099460225,6.58399233105725e-05,0.1319955750653335,0.1319955750653335

Transition Gammas
1.0,1.0,6654.317500373386,13718.682499626559
8346.0,4560.0,1.0,1.0
1.0,1.0,1.0,1.0
1.662060195646327,1.662060195646327,1.0,1.0

1.6548192278186762,1.6548192278186762,1.0,1.0
1.0,1.0,1.2734438337792553,1.2734438337792553
1.0706680034037412,7855.511759978073,1.2762837673399854,1.2762837673399854
11489.380001452364,1.0278783655233459,2060.6858139016467,2060.6858139016467

Iteration: ,65000
Error:,0.2847684172711885
Absolute Error:,0.3464614205825183
Transition Probabilities
4.712979545668781e-05,4.712979545668781e-05,0.3260816326554443,0.6738241077536423
0.647502990430622,0.35234748803827753,7.476076555023923e-05,7.476076555023923e-05
0.25,0.25,0.25,0.25
0.31217554703769423,0.31217554703769423,0.18782445296230577,0.18782445296230577

0.3116632594940095,0.3116632594940095,0.18833674050599047,0.18833674050599047
0.21993065875255247,0.21993065875255247,0.28006934124744753,0.28006934124744753
0.0001312071435082941,0.9995559833826188,0.00015640473693649427,0.00015640473693649427
0.7369863771660203,6.320470045026398e-05,0.13147520906676471,0.13147520906676471

Transition Gammas
1.0,1.0,6918.800081683204,14297.199918316754
8661.0,4713.0,1.0,1.0
1.0,1.0,1.0,1.0
1.662060195646327,1.662060195646327,1.0,1.0

1.6548192278186762,1.6548192278186762,1.0,1.0
1.0,1.0,1.2734438337792553,1.2734438337792553
1.0706680034037412,8156.511759978073,1.2762837673399854,1.2762837673399854
11985.380001452364,1.0278783655233459,2138.1403920856947,2138.1403920856947

Iteration: ,67500
Error:,0.2851315560263831
Absolute Error:,0.34629541506249867
Transition Probabilities
4.534324839031473e-05,4.534324839031473e-05,0.3252459728919568,0.6746633406112625
0.6480184797516784,0.35183714718833464,7.218652999350322e-05,7.218652999350322e-05
0.25,0.25,0.25,0.25
0.31217554703769423,0.31217554703769423,0.18782445296230577,0.18782445296230577

0.3116632594940095,0.3116632594940095,0.18833674050599047,0.18833674050599047
0.21993065875255247,0.21993065875255247,0.28006934124744753,0.28006934124744753
0.00012662932099505533,0.9995714751402545,0.0001509477693752745,0.0001509477693752745
0.7372026367548987,6.074000481259165e-05,0.1313683116201443,0.1313683116201443

Transition Gammas
1.0,1.0,7172.9746861592075,14879.02531384077
8977.0,4874.0,1.0,1.0
1.0,1.0,1.0,1.0
1.662060195646327,1.662060195646327,1.0,1.0

1.6548192278186762,1.6548192278186762,1.0,1.0
1.0,1.0,1.2734438337792553,1.2734438337792553
1.0706680034037412,8451.511759978073,1.2762837673399854,1.2762837673399854
12475.380001452364,1.0278783655233459,2223.0924387691703,2223.0924387691703

Iteration: ,70000
Error:,0.2815183788774198
Absolute Error:,0.34629892440588594
Transition Probabilities
4.3715846994535575e-05,4.3715846994535575e-05,0.3256314908672343,0.6742810774387767
0.6483983286908078,0.3514623955431755,6.963788300835655e-05,6.963788300835655e-05
0.25,0.25,0.25,0.25
0.31217554703769423,0.31217554703769423,0.18782445296230577,0.18782445296230577

0.3116632594940095,0.3116632594940095,0.18833674050599047,0.18833674050599047
0.21993065875255247,0.21993065875255247,0.28006934124744753,0.28006934124744753
0.0001221647092327433,0.9995865837826623,0.0001456257540525047,0.0001456257540525047
0.7365312163723603,5.85402302404292e-05,0.1317051216986997,0.1317051216986997

Transition Gammas
1.0,1.0,7448.820353587975,15424.179646411998
9311.0,5047.0,1.0,1.0
1.0,1.0,1.0,1.0
1.662060195646327,1.662060195646327,1.0,1.0

1.6548192278186762,1.6548192278186762,1.0,1.0
1.0,1.0,1.2734438337792553,1.2734438337792553
1.0706680034037412,8760.511759978073,1.2762837673399854,1.2762837673399854
12932.380001452364,1.0278783655233459,2312.5437782992954,2312.5437782992954

Iteration: ,72500
Error:,0.28314258521944885
Absolute Error:,0.3463937300261588
Transition Probabilities
4.2235080457828325e-05,4.2235080457828325e-05,0.32561750895069796,0.6742980208883864
0.6476471772840169,0.35221856749681146,6.712760958582265e-05,6.712760958582265e-05
0.25,0.25,0.25,0.25
0.31217554703769423,0.31217554703769423,0.18782445296230577,0.18782445296230577

0.3116632594940095,0.3116632594940095,0.18833674050599047,0.18833674050599047
0.21993065875255247,0.21993065875255247,0.28006934124744753,0.28006934124744753
0.00011795219570190599,0.9996008393022828,0.00014060425100766188,0.00014060425100766188
0.7356886782892006,5.6540824777807734e-05,0.1321273904430109,0.1321273904430109

Transition Gammas
1.0,1.0,7709.645759425666,15965.354240574305
9648.0,5247.0,1.0,1.0
1.0,1.0,1.0,1.0
1.662060195646327,1.662060195646327,1.0,1.0

1.6548192278186762,1.6548192278186762,1.0,1.0
1.0,1.0,1.2734438337792553,1.2734438337792553
1.0706680034037412,9073.511759978073,1.2762837673399854,1.2762837673399854
13374.380001452364,1.0278783655233459,2401.9969051235475,2401.9969051235475

Iteration: ,74999
Error:,0.2835776833584306
Absolute Error:,0.3464374792114153
Transition Probabilities
4.082799167108975e-05,4.082799167108975e-05,0.3253594135730399,0.674558930443618
0.6470588235294118,0.3528114663726571,6.485504896556197e-05,6.485504896556197e-05
0.25,0.25,0.25,0.25
0.31217554703769423,0.31217554703769423,0.18782445296230577,0.18782445296230577

0.3116632594940095,0.3116632594940095,0.18833674050599047,0.18833674050599047
0.21993065875255247,0.21993065875255247,0.28006934124744753,0.28006934124744753
0.00011402051236909707,0.9996141444675914,0.00013591751001976204,0.00013591751001976204
0.7359430073142657,5.4656006222166066e-05,0.13200116833975614,0.13200116833975614

Transition Gammas
1.0,1.0,7969.0281166444565,16521.971883355516
9977.0,5440.0,1.0,1.0
1.0,1.0,1.0,1.0
1.662060195646327,1.662060195646327,1.0,1.0

1.6548192278186762,1.6548192278186762,1.0,1.0
1.0,1.0,1.2734438337792553,1.2734438337792553
1.0706680034037412,9386.511759978073,1.2762837673399854,1.2762837673399854
13840.380001452364,1.0278783655233459,2482.4562667225086,2482.4562667225086

*,*,*,*,*,*,*,*,*,*,*
Model Num 2
Model States: 
"['diamond', 'x', 'square']","['diamond', 'x', 'diamond']","['square', 'y', 'diamond', 'x', 'diamond']","['square', 'y', 'diamond', 'x', 'square']"
Iteration: ,74999
Error:,0.2811743903926625
Absolute Error:,0.34643678207251744
Transition Probabilities
4.082632481424027e-05,4.082632481424027e-05,0.3253538364618571,0.6745645108885144
0.6470588235294118,0.3528114663726571,6.485504896556197e-05,6.485504896556197e-05
0.25,0.25,0.25,0.25
0.31217554703769423,0.31217554703769423,0.18782445296230577,0.18782445296230577

0.3116632594940095,0.3116632594940095,0.18833674050599047,0.18833674050599047
0.21993065875255247,0.21993065875255247,0.28006934124744753,0.28006934124744753
0.00011402051236909707,0.9996141444675914,0.00013591751001976204,0.00013591751001976204
0.7359430073142657,5.4656006222166066e-05,0.13200116833975614,0.13200116833975614

Transition Gammas
1.0,1.0,7969.216870296719,16522.783129703254
9977.0,5440.0,1.0,1.0
1.0,1.0,1.0,1.0
1.662060195646327,1.662060195646327,1.0,1.0

1.6548192278186762,1.6548192278186762,1.0,1.0
1.0,1.0,1.2734438337792553,1.2734438337792553
1.0706680034037412,9386.511759978073,1.2762837673399854,1.2762837673399854
13840.380001452364,1.0278783655233459,2482.4562667225086,2482.4562667225086

