0,1,2,3,4,5,6,7,8,9,10,11,12,13,14,15,16,17,18,19,20,21,22,23,24,25,26,27,28,29
github Code Version (SHA):,528ca1c557fe8e6666681dc5c9134b0f84d30530
Environment Observations,Environment Actions,alpha,epsilon,numActions,explore,patience,gainThresh,insertRandActions,useUpdatedPosterior,revisedSplitting,haveControl,confidence_factor
"['diamond', 'square']","['x', 'y']",0.85,0.99,75000,0.5,0,0.01,False,True,False,True,250

Model Num 0
Model States: 
['diamond'],['square']
Iteration: ,0
Error:,0.5064674286779616
Absolute Error:,1
Transition Probabilities
0.5,0.5
0.5,0.5

0.5,0.5
0.5,0.5

Transition Gammas
1.0,1.0
1.0,1.0

1.0,1.0
1.0,1.0

Iteration: ,2474
Error:,0.08493081870001366
Absolute Error:,1
Transition Probabilities
0.44341372912801486,0.5565862708719852
0.1036036036036036,0.8963963963963963

0.108,0.892
0.8735483870967742,0.12645161290322582


Model Num 1
Model States: 
['square'],"['diamond', 'x', 'square']","['diamond', 'x', 'diamond']"
Iteration: ,0
Error:,0.567338710046695
Absolute Error:,1
Transition Probabilities
0.3333333333333333,0.3333333333333333,0.3333333333333333
0.3333333333333333,0.3333333333333333,0.3333333333333333
0.3333333333333333,0.3333333333333333,0.3333333333333333

0.3333333333333333,0.3333333333333333,0.3333333333333333
0.3333333333333333,0.3333333333333333,0.3333333333333333
0.3333333333333333,0.3333333333333333,0.3333333333333333

Transition Gammas
1.0,1.0,1.0
1.0,1.0,1.0
1.0,1.0,1.0

1.0,1.0,1.0
1.0,1.0,1.0
1.0,1.0,1.0

Iteration: ,2500
Error:,0.07486777402698581
Absolute Error:,1
Transition Probabilities
0.8890160183066361,0.05620269323153697,0.05478128846182688
0.9957983193277311,0.0021008403361344537,0.0021008403361344537
0.0026881720430107516,0.7931710660859462,0.20414076187104302

0.11716171617161716,0.33181006496598386,0.5510282188623989
0.870838647729057,0.03143926080165848,0.09772209146928441
0.8277893989491809,0.06856040074836661,0.1036502003024524

Transition Gammas
777.0,49.12115388436331,47.87884611563669
474.0,1.0,1.0
1.0,295.0596365839721,75.94036341602803

71.0,201.0768993693862,333.92310063061376
45.928906769287295,1.6581382578968196,5.1539614601360215
69.93414909241864,5.792189769352911,8.756682038465883

Iteration: ,2894
Error:,0.077278523996297
Absolute Error:,1
Transition Probabilities
0.8910256410256411,0.055175237824263736,0.05379912115009524
0.9965635738831615,0.001718213058419244,0.001718213058419244
0.0023584905660377358,0.7996945615975489,0.19794694783641342

0.12133333333333333,0.3685314516635932,0.5101352150030736
0.8774409581189634,0.035303379670255125,0.08725566221078145
0.8123712264979955,0.07942811741307071,0.10820065608893377


Model Num 2
Model States: 
"['diamond', 'x', 'square']","['diamond', 'x', 'diamond']","['square', 'y', 'diamond', 'x', 'diamond']","['square', 'y', 'diamond', 'x', 'square']"
Iteration: ,0
Error:,0.508638811583914
Absolute Error:,0.6
Transition Probabilities
0.25,0.25,0.25,0.25
0.25,0.25,0.25,0.25
0.25,0.25,0.25,0.25
0.25,0.25,0.25,0.25

0.25,0.25,0.25,0.25
0.25,0.25,0.25,0.25
0.25,0.25,0.25,0.25
0.25,0.25,0.25,0.25

Transition Gammas
1.0,1.0,1.0,1.0
1.0,1.0,1.0,1.0
1.0,1.0,1.0,1.0
1.0,1.0,1.0,1.0

1.0,1.0,1.0,1.0
1.0,1.0,1.0,1.0
1.0,1.0,1.0,1.0
1.0,1.0,1.0,1.0

Iteration: ,2500
Error:,0.027407462509839865
Absolute Error:,0.11064229907142141
Transition Probabilities
0.0019083969465648848,0.0019083969465648848,0.08846375032225456,0.9077194557846157
0.8183245164966325,0.17690221381363008,0.002386634844868736,0.002386634844868736
0.07308592796304454,0.04268675654319857,0.7393130225418668,0.14491429295189007
0.041894497169514856,0.07255238938612737,0.7502831330686389,0.13526998037571875

0.06350001397662805,0.040803089433630625,0.22397753320846617,0.6717193633812752
0.05032347197306364,0.06484344805169275,0.7314328563821343,0.1534002235931092
0.003021148677851469,0.9073095059906874,0.06918518613774506,0.020484159193716083
0.879815683637697,0.0032508584942428282,0.04305814246305914,0.073875315405001

Transition Gammas
1.0,1.0,46.35500516886141,475.64499483113883
342.87797241208887,74.12202758791098,1.0,1.0
10.823043237593366,6.321334689398313,109.48231803436131,21.459858307561433
12.74690834780282,22.074943498594504,228.28273349196613,41.157530428914335

10.797744793318392,6.9382873938492535,38.08585371197168,114.22130176523874
1.4365792262157318,1.8510795613848368,20.88014212160568,4.379101160362427
1.1281335613875718,338.8003747640767,25.834587686807527,7.649033505915068
321.69255453092734,1.1886318837914513,15.743620055768465,27.0114972617368

Iteration: ,5000
Error:,0.031046441375298783
Absolute Error:,0.10439890880223579
Transition Probabilities
0.0009718172983479105,0.0009718172983479105,0.07099185173178366,0.9270645136715205
0.8315682440340741,0.16594419377687109,0.0012437810945273636,0.0012437810945273636
0.07376806219353983,0.03493058823261648,0.780995206603854,0.11030614296998958
0.04829311814849358,0.07078785063425518,0.777015045172334,0.10390398604491739

0.054245475252770535,0.041875347205263175,0.17668028034688488,0.7271988971950814
0.06606997032067699,0.07623658572291848,0.6607211557116858,0.19697228824471877
0.0015650649353236529,0.90551017212898,0.07392090635982865,0.01900385657586762
0.895868056343214,0.0016955071547157198,0.03551550182705351,0.06692093467501682

Transition Gammas
1.0,1.0,73.05061543200539,953.9493845679947
668.5808682033954,133.41913179660432,1.0,1.0
27.64270435291981,13.08934916650632,292.65808203768273,41.3344204491975
29.79790130437302,43.677639125773275,479.43513518562025,64.11101291445556

18.997845330982848,14.665580229130045,61.87695145860807,254.6795305856935
3.614758646598734,4.170985034374107,36.14876015544503,10.776564279008134
1.1360399940151376,657.2863191221647,53.65726630457474,13.794405984981438
649.2204806746248,1.228705457436353,25.737485564198675,48.49647341401011

Iteration: ,7500
Error:,0.031466345459217795
Absolute Error:,0.09158378129589767
Transition Probabilities
0.0007077140835102621,0.0007077140835102621,0.06354450364220589,0.9350400681907737
0.857683298998941,0.14059256307002455,0.0008620689655172414,0.0008620689655172414
0.07365419802135854,0.033020391233505766,0.7971644343230946,0.09616097642204118
0.04552152814893264,0.06233816091039794,0.8002732366742512,0.09186707426641816

0.051081454014133144,0.05028099214267517,0.13859091430854853,0.7600466395346431
0.06843117710637671,0.06191767542253327,0.6761714890303351,0.19347965844075501
0.0010447950257931758,0.9133397333913733,0.06892484784960749,0.016690623733226013
0.9031377927922728,0.0011420693555262583,0.033114976475455846,0.0626051613767451

Transition Gammas
1.0,1.0,89.7883836464369,1321.2116163535627
994.9126268387715,163.08737316122847,1.0,1.0
43.22283683877088,19.37751032499634,467.8037261151985,56.43059466809352
41.364898532245505,56.6459828042013,727.1992522921987,83.47857288648055

33.759363334957996,33.23034387621562,91.5937324292259,502.30932440694926
6.832587577333129,6.182239701235876,67.51310018989868,19.318193353213168
1.1434648418139621,999.5949903876299,75.4340691692807,18.266876234791415
994.0791177448546,1.2570698584486155,36.44948407826657,68.90917873700732

Iteration: ,10000
Error:,0.031757629678722234
Absolute Error:,0.08476602375758158
Transition Probabilities
0.0005577244841048521,0.0005577244841048521,0.05808475094177098,0.9407998000900193
0.8711282318661935,0.1274981417601802,0.0006868131868131876,0.0006868131868131876
0.07240459131867996,0.03373234340204891,0.805100980588478,0.08876208469079311
0.051902866193484054,0.05728428069102959,0.8013308863552137,0.0894819667602728

0.05369567333149847,0.04712487729618559,0.13694952957549061,0.7622299197968254
0.07316221230830439,0.05085484962973077,0.7213062283632683,0.15467670969869646
0.0007948579600961246,0.9116619533107057,0.0725290533376033,0.015014135391594791
0.8996673978868011,0.0008171825744175746,0.03193132286938279,0.06758409666939841

Transition Gammas
1.0,1.0,104.14595843859537,1686.8540415614048
1268.362705597176,185.63729440282216,1.0,1.0
58.678558698964025,27.337565979190526,652.4747158660683,71.93509557766643
58.946472825883525,65.05818546737551,910.0774731975933,101.62533803775212

53.45007159365339,46.90933010138228,136.32312822182558,758.7435123951735
12.399991013914441,8.619199153865042,122.25150754455551,26.21557973456722
1.1514583476525027,1320.6645955333324,105.06806008814115,21.749988548074665
1406.561758576206,1.2776029915615974,49.9222020874817,105.66261052293265

Iteration: ,12500
Error:,0.028097131467557858
Absolute Error:,0.07867827858664223
Transition Probabilities
0.0004608294930875577,0.0004608294930875577,0.05638267082710845,0.9426956701867165
0.873176020370266,0.12570290339655016,0.0005605381165919288,0.0005605381165919288
0.07247978699602416,0.03361097597855047,0.8052759076117038,0.08863332941372166
0.05249087921000096,0.05379055614573345,0.8204071572815086,0.07331140736275704

0.04982737046565605,0.04718182166595302,0.1257730278111321,0.7772177800572588
0.04727411640702311,0.0456216200013361,0.748260419971253,0.15884384362038784
0.0005992185450897243,0.9029903887180059,0.08355744032503909,0.012852952411865258
0.9047758992895583,0.0007120099036439269,0.02968968578666143,0.06482240502013646

Transition Gammas
1.0,1.0,122.35039569482531,2045.6496043051743
1557.746020340553,224.25397965944526,1.0,1.0
76.88781840495457,35.65510778327533,854.2506858323137,94.02377709750408
76.8162324824905,78.71820644729955,1200.6007114475683,107.28542170280802

58.663150548078214,55.54847228854138,148.07608742784424,915.0401318401541
15.759866797182358,15.208970763246525,249.44907371338556,52.95409004488288
1.1660640406900078,1757.1963184402036,162.60065262255867,25.011518329980664
1634.927347125371,1.28659976885504,53.64917352273289,117.13389222356038

Iteration: ,15000
Error:,0.030561470084028146
Absolute Error:,0.07557327534692129
Transition Probabilities
0.0003958828186856685,0.0003958828186856685,0.05400304174050642,0.9452051926221222
0.8725414573277865,0.12651067537363533,0.00047393364928909976,0.00047393364928909976
0.0742370929406447,0.036281067024829534,0.8063107905387839,0.08317104949574199
0.05270469874719978,0.05540380537576278,0.8306629742960163,0.06122852158102112

0.051643061576295266,0.048073082871534965,0.11794055130274979,0.78234330424942
0.05607863211927988,0.04516854144057561,0.7526185361117921,0.14613429032835232
0.0004645801076377349,0.9038634937573331,0.08476753660622084,0.010904389528808222
0.9036879128215213,0.0006389058802461771,0.030207992239035596,0.065465189059197

Transition Gammas
1.0,1.0,136.4116834365194,2387.588316563484
1841.0624749616288,266.93752503837044,1.0,1.0
86.115742664319,42.08638711102521,935.3282812544696,96.47921829621222
93.93375363906905,98.74427761737915,1480.4617622212281,109.12546696193071

69.73934714807719,64.91840941504394,159.2681920684866,1056.484832980308
34.64327353648149,27.903429117911482,464.9394756935076,90.27627817555476
1.1840552678056688,2303.6378733528,216.04336175273917,27.791546929207435
1830.0020040453237,1.293808431714371,61.17232016860967,132.56946947479793

Iteration: ,17500
Error:,0.030575507165898495
Absolute Error:,0.07234996885935532
Transition Probabilities
0.00034916201117318426,0.00034916201117318426,0.0510903522361429,0.9482113237415107
0.8740491212004982,0.12512647649117545,0.00041220115416323183,0.00041220115416323183
0.07628613417774571,0.03631460818944303,0.8099271718344239,0.07747208579838737
0.0524716870770951,0.054453705459020486,0.8401766650103956,0.052897942453488826

0.05159922656612269,0.050097042254671896,0.11190920273143416,0.7863945284477712
0.05127098546043545,0.04888003724077576,0.7577424200004635,0.14210655729832525
0.0003775414220989528,0.898713183874223,0.0913353408715009,0.009573933832177035
0.90544863705393,0.000578862210996802,0.029711754605938747,0.06426074612913459

Transition Gammas
1.0,1.0,146.3227688043133,2715.6772311956875
2120.443168032408,303.5568319675915,1.0,1.0
96.65252605513227,46.00965368141533,1026.1564296349234,98.1550955738225
109.52496432214187,113.66206195819191,1753.713752796951,110.41469376467057

79.24341495657912,76.93643823123975,171.86434719409684,1207.70391504829
46.49934187629453,44.33091235078313,687.2215059911794,128.8811075374626
1.1974248438881554,2850.393177834575,289.6826676037246,30.365055470351564
2033.6224382063915,1.3001148079951708,66.73210204580636,144.3285570005325

Iteration: ,18282
Error:,0.031321301506862353
Absolute Error:,0.07170194706525307
Transition Probabilities
0.00033647375504710633,0.00033647375504710633,0.051338102561919056,0.9479889499279868
0.8736668387619891,0.12553951044436007,0.00039682539682539677,0.00039682539682539677
0.07503527322680698,0.03607354406245629,0.812490515478274,0.07640066723246278
0.05284404687384098,0.05288254440256551,0.8435419229752718,0.05073148574832163

0.0510403148712189,0.049993876599741485,0.10957159988262365,0.7893942086464161
0.05291435772294512,0.04801715806537139,0.7562534570065761,0.14281502720510753
0.00035707478977328977,0.899183936967698,0.09133096154296796,0.009128026699560858
0.9065818871717355,0.0005611389707662896,0.029106901880023156,0.06375007197747512

*,*,*,*,*,*,*,*,*,*,*
Model Num 2
Model States: 
"['diamond', 'x', 'square']","['diamond', 'x', 'diamond']","['square', 'y', 'diamond', 'x', 'diamond']","['square', 'y', 'diamond', 'x', 'square']"
Iteration: ,18282
Error:,0.03070280716111497
Absolute Error:,0.07170194706525307
Transition Probabilities
0.00033647375504710633,0.00033647375504710633,0.051338102561919056,0.9479889499279868
0.8736668387619891,0.12553951044436007,0.00039682539682539677,0.00039682539682539677
0.07503527322680698,0.03607354406245629,0.812490515478274,0.07640066723246278
0.05284404687384098,0.05288254440256551,0.8435419229752718,0.05073148574832163

0.0510403148712189,0.049993876599741485,0.10957159988262365,0.7893942086464161
0.05291435772294512,0.04801715806537139,0.7562534570065761,0.14281502720510753
0.00035707478977328977,0.899183936967698,0.09133096154296796,0.009128026699560858
0.9065818871717355,0.0005611389707662896,0.029106901880023156,0.06375007197747512

Transition Gammas
1.0,1.0,152.57684081402343,2817.4231591859766
2201.640433680213,316.3595663197874,1.0,1.0
97.59075947779542,46.91719521657074,1056.723898830326,99.36658879470359
115.37278216785492,115.45683263821614,1841.6791348555103,110.76049244044808

81.32174067958226,79.65446683997155,174.57872769758782,1257.7295279521627
52.94635076014839,48.046190161582864,756.7107023748708,142.9013759141381
1.201029837736909,3024.4272876212235,307.1939354552325,30.70234230983455
2103.8461204380474,1.3021990218183386,67.54651009992823,147.94068082020996

