0,1,2,3,4,5,6,7,8,9,10,11,12,13,14,15,16,17,18,19,20,21,22,23,24,25,26,27,28,29
github Code Version (SHA):,528ca1c557fe8e6666681dc5c9134b0f84d30530
Environment Observations,Environment Actions,alpha,epsilon,numActions,explore,patience,gainThresh,insertRandActions,useUpdatedPosterior,revisedSplitting,haveControl,confidence_factor
"['diamond', 'square']","['x', 'y']",0.95,0.99,75000,0.5,0,0.01,False,True,False,True,250

Model Num 0
Model States: 
['diamond'],['square']
Iteration: ,0
Error:,0.6232273143453254
Absolute Error:,1
Transition Probabilities
0.5,0.5
0.5,0.5

0.5,0.5
0.5,0.5

Transition Gammas
1.0,1.0
1.0,1.0

1.0,1.0
1.0,1.0

Iteration: ,2464
Error:,0.11941608501600834
Absolute Error:,1
Transition Probabilities
0.5028901734104047,0.49710982658959535
0.035868005738880916,0.9641319942611191

0.038,0.962
0.9456233421750663,0.054376657824933686


Model Num 1
Model States: 
['square'],"['diamond', 'x', 'diamond']","['diamond', 'x', 'square']"
Iteration: ,0
Error:,0.6761267232264638
Absolute Error:,1
Transition Probabilities
0.3333333333333333,0.3333333333333333,0.3333333333333333
0.3333333333333333,0.3333333333333333,0.3333333333333333
0.3333333333333333,0.3333333333333333,0.3333333333333333

0.3333333333333333,0.3333333333333333,0.3333333333333333
0.3333333333333333,0.3333333333333333,0.3333333333333333
0.3333333333333333,0.3333333333333333,0.3333333333333333

Transition Gammas
1.0,1.0,1.0
1.0,1.0,1.0
1.0,1.0,1.0

1.0,1.0,1.0
1.0,1.0,1.0
1.0,1.0,1.0

Iteration: ,2500
Error:,0.10269270283104695
Absolute Error:,1
Transition Probabilities
0.936562860438293,0.02490511336754527,0.03853202619416176
0.0031249999999999993,0.06019014758287563,0.9366848524171244
0.9958071278825996,0.0020964360587002098,0.0020964360587002098

0.04953560371517028,0.6373242587701196,0.31314013751471015
0.9686356403456041,0.01740785967159458,0.013956499982801324
0.8833052710381802,0.09172528979515689,0.024969439166662954

Transition Gammas
812.0,21.59273328966175,33.40726671033825
1.0,19.260847226520205,299.7391527734799
475.0,1.0,1.0

32.0,411.71147116549724,202.28852883450276
120.19696651221587,2.160122794211309,1.7318472407870296
35.37545497687803,3.67350220335027,1.0

Iteration: ,2762
Error:,0.10675551339214523
Absolute Error:,1
Transition Probabilities
0.9367369589345172,0.025075175682199503,0.038187865383283295
0.0028901734104046237,0.05574393644831203,0.9413658901412834
0.9963768115942029,0.0018115942028985507,0.0018115942028985507

0.053333333333333316,0.5996969561642203,0.34696971050244646
0.9711135128544395,0.016032589862384178,0.01285389728317639
0.8997206454821448,0.07882235072186507,0.02145700379599019


Model Num 2
Model States: 
"['diamond', 'x', 'diamond']","['diamond', 'x', 'square']","['square', 'y', 'diamond', 'x', 'diamond']","['square', 'y', 'diamond', 'x', 'square']"
Iteration: ,0
Error:,0.6239588248874118
Absolute Error:,0.7
Transition Probabilities
0.25,0.25,0.25,0.25
0.25,0.25,0.25,0.25
0.25,0.25,0.25,0.25
0.25,0.25,0.25,0.25

0.25,0.25,0.25,0.25
0.25,0.25,0.25,0.25
0.25,0.25,0.25,0.25
0.25,0.25,0.25,0.25

Transition Gammas
1.0,1.0,1.0,1.0
1.0,1.0,1.0,1.0
1.0,1.0,1.0,1.0
1.0,1.0,1.0,1.0

1.0,1.0,1.0,1.0
1.0,1.0,1.0,1.0
1.0,1.0,1.0,1.0
1.0,1.0,1.0,1.0

Iteration: ,2500
Error:,0.03746732727558834
Absolute Error:,0.047615734300834156
Transition Probabilities
0.04481667088920639,0.9497632749102516,0.0027100271002710023,0.0027100271002710023
0.0019841269841269845,0.0019841269841269845,0.03247460056229092,0.963557145469455
0.00804841629647812,0.07543042785402441,0.872340431010763,0.04418072483873446
0.023979821689843847,0.017469658311566175,0.8965796963940731,0.06197082360451699

0.03996420357487552,0.03996420357487552,0.8555616192806396,0.06450997356960937
0.025853385468141823,0.030809774111240057,0.04280147206277363,0.9005353683578445
0.9573621077855633,0.0027369706632607593,0.015158240624315715,0.024742680926860185
0.0031078991898789094,0.9391872340303588,0.0338419075796422,0.023862959200120236

Transition Gammas
16.537351558117162,350.4626484418829,1.0,1.0
1.0,1.0,16.367198683394623,485.6328013166053
1.9137620892969802,17.935937691201573,207.42615495174073,10.505345792193927
8.337986790895442,6.074347929992638,311.7483425110284,21.547779433831934

1.0,1.0,21.40819890674637,1.6141938985158497
5.457432144902694,6.5036840849747835,9.03503062577143,190.0954392589699
361.2450703262213,1.0327515071777809,5.719716349562513,9.336249511856487
1.1030554983391911,333.33630828209965,12.011168943824563,8.469440848678873

Iteration: ,5000
Error:,0.025678647696301005
Absolute Error:,0.031051203832214432
Transition Probabilities
0.0406584096322648,0.9566093499305767,0.0013661202185792339,0.0013661202185792339
0.001020408163265307,0.001020408163265307,0.030363003541178792,0.9675961801322905
0.010573468333049774,0.05154528308682225,0.8914254272576182,0.04645582132250969
0.021763198384392942,0.016969416405381733,0.9110297655824007,0.05023761962782463

0.02477426100511719,0.025161848890583025,0.9138990446766746,0.036164845427625186
0.01808799634461562,0.02010474226101833,0.02776749722897924,0.9340397641653868
0.9511703508938071,0.0013600509829697824,0.016212818681517322,0.031256779441705816
0.0016103062323114957,0.951063050489757,0.030386897742672232,0.016939745535259326

Transition Gammas
29.76195585081786,700.2380441491827,1.0,1.0
1.0,1.0,29.75574347035519,948.2442565296438
5.43198830800274,26.480750331007947,457.9587648817461,23.866102428639024
15.346097688610202,11.965811149451442,642.4033606147339,35.424545824326586

1.3038105317944746,1.3242083619037937,48.09633672625954,1.9032699437338445
7.733240530073568,8.595468770418629,11.871560061088179,399.3341232122868
725.5438406045841,1.0374341595852623,12.366986336527551,23.842378791301854
1.116351882698007,659.3286454929225,21.065850596436146,11.743553146140863

Iteration: ,7500
Error:,0.02098415394755432
Absolute Error:,0.026874352487736012
Transition Probabilities
0.04217488066523184,0.9560362105691151,0.0008944543828264751,0.0008944543828264751
0.0007352941176470594,0.0007352941176470594,0.0331559422242515,0.9653734695404543
0.013026081732954834,0.03735499601267265,0.9019155884941203,0.04770333376025219
0.023408649926282523,0.0186428353322211,0.9119518547616645,0.0459966599798319

0.02022134748657718,0.014550491934005339,0.9437889638053371,0.02143919677408044
0.020570001093826687,0.023247782876144808,0.024760743581145748,0.9314214724488827
0.9583808785242844,0.0008956462990149708,0.013395019609472751,0.027328455567227745
0.0011070078436832703,0.9496935561680289,0.03151071905979852,0.017688716928489376

Transition Gammas
47.15151658372923,1068.8484834162716,1.0,1.0
1.0,1.0,45.092081424982005,1312.907918575017
10.188435974016574,29.21745717454722,705.4392422620988,37.31147798143161
24.58772305211376,19.581858565032107,957.8860682847675,48.31347132226328

1.840300489642396,1.3242083619037937,85.89216388091677,1.951134282572892
15.021511093235352,16.976996100984184,18.081855352577588,680.1826561432454
1112.433833335065,1.0396151134189613,15.548174369577177,31.721311711258043
1.1248080073853153,964.9641803673321,32.01739655159238,17.973143148956456

Iteration: ,10000
Error:,0.021581786545455305
Absolute Error:,0.02907828931649406
Transition Probabilities
0.039665240530494694,0.9589302650874828,0.0007022471910112343,0.0007022471910112343
0.0005945303210463736,0.0005945303210463736,0.030561709166193142,0.968249230191714
0.010651177611555028,0.034565448852219016,0.907663580221837,0.04711979331438893
0.021154168108883712,0.019960881345605253,0.9229087669465524,0.03597618359895867

0.016981651806006002,0.02418335234345265,0.9166387290386695,0.04219626681187185
0.02149662839422287,0.02928711907893777,0.021283578693099037,0.9279326738337403
0.9594323435049233,0.0006448022821274977,0.011695343005284934,0.028227511207664185
0.0008435896168628474,0.949134801220636,0.03240182898115389,0.017619780181347425

Transition Gammas
56.48330251542458,1365.5166974845788,1.0,1.0
1.0,1.0,51.404794817536846,1628.5952051824625
11.099521861102687,36.020426019167566,945.8702238022447,49.103225489011756
28.746804540858136,27.125224284494692,1254.1584143559564,48.888725508944866

4.031236100355546,5.740831581534652,217.598804739231,10.016876804180558
22.32703048130075,30.41846323029242,22.105750795770987,963.7781662006447
1555.0794671517067,1.0451167256317204,18.956196225754617,45.75207765820748
1.1317997866993463,1273.4042051931667,43.47182847735422,23.639531654146246

Iteration: ,12500
Error:,0.024405069255383906
Absolute Error:,0.029489795227879534
Transition Probabilities
0.03954649747963937,0.9593027545341697,0.0005753739930955111,0.0005753739930955111
0.0005055611729019214,0.0005055611729019214,0.028631908366733443,0.9703569692874627
0.011615451304987489,0.035005373447494194,0.9106538640898063,0.04272531115771192
0.02119251552699317,0.02182216516233154,0.9270960468489043,0.02988927246177105

0.012230047207543138,0.018638197249372466,0.9120331530784538,0.057098602464630506
0.021166430170267276,0.030720649793361424,0.01928961601549448,0.9288233040208769
0.957016995124495,0.00046191940744297284,0.011975293468086725,0.030545791999975352
0.0007423105225830795,0.9462883778962842,0.035202980660442224,0.01776633092069059

Transition Gammas
68.73181261961334,1667.2681873803897,1.0,1.0
1.0,1.0,56.63391474939873,1919.3660852506005
13.417745025948776,40.43692863271837,1051.9540768945776,49.35471866016491
36.05034716829516,37.12143700279011,1577.0725426477497,50.84430149323999

6.852728820746227,10.44333756772028,511.02957883286086,31.99343650058637
26.270727104837967,38.12895234163636,23.941318126096107,1152.8095834895473
2182.2230963333623,1.0532845338191172,27.306476399647824,69.65156641703085
1.1342683025321694,1445.9513632749417,53.790999727238344,27.147380243934396

Iteration: ,15000
Error:,0.02432337721648299
Absolute Error:,0.02745153286788045
Transition Probabilities
0.040057198749993764,0.9589770842051003,0.00048285852245292057,0.00048285852245292057
0.00043668122270742375,0.00043668122270742375,0.02744969135560204,0.9716769461989831
0.011835575166374944,0.03312373114259543,0.9154236876838165,0.03961700600721292
0.020077025628880547,0.0222859130021438,0.9322951568057531,0.025341904563222474

0.011015045606685031,0.01829040786191638,0.9190678002295098,0.051626746301888765
0.019971713802876778,0.03226505645222632,0.01828370228142399,0.929479527463473
0.9574182740367543,0.00035950144403845957,0.011731999402696572,0.03049022511651064
0.0006621722140561172,0.9466781915502319,0.03519004534728005,0.017469590888431884

Transition Gammas
82.9584586112372,1986.0415413887658,1.0,1.0
1.0,1.0,62.859793204328646,2225.1402067956706
14.798911606121605,41.4170973825471,1144.6232266489837,49.536128304570084
40.96430409189536,45.47122338042491,1902.2151494320517,51.70653781017857

9.692155203129735,16.0937573983943,808.6891402989136,45.426451751305756
28.912354083772787,46.70899782998661,26.468678629205584,1345.5751207375513
2817.8109367551106,1.0580611716545725,34.528854444712366,89.7368392971898
1.1365024752411057,1624.807089628851,60.397541292243346,29.983488984739726

Iteration: ,15937
Error:,0.024551679578619857
Absolute Error:,0.027103936934589113
Transition Probabilities
0.041906871790433425,0.9571827959382875,0.00045516613563950767,0.00045516613563950767
0.0004175365344467645,0.0004175365344467645,0.026276388697937508,0.972888538233169
0.013031735925802644,0.03231578022233054,0.9159620541952433,0.038690429656623386
0.02138915375935951,0.021923135788487563,0.9324321931418916,0.024255517310261227

0.013506680364311796,0.017949211287240294,0.916629939137095,0.05191416921135294
0.0190250298472668,0.033770978167227975,0.017350605079683907,0.9298533869058213
0.9563107287823495,0.00033221932257382266,0.011873750916657296,0.03148330097841943
0.0006378101058335308,0.947163329167884,0.035159803505552166,0.01703905722073035

*,*,*,*,*,*,*,*,*,*,*
Model Num 2
Model States: 
"['diamond', 'x', 'diamond']","['diamond', 'x', 'square']","['square', 'y', 'diamond', 'x', 'diamond']","['square', 'y', 'diamond', 'x', 'square']"
Iteration: ,15937
Error:,0.025051812867001266
Absolute Error:,0.027103936934589113
Transition Probabilities
0.041906871790433425,0.9571827959382875,0.00045516613563950767,0.00045516613563950767
0.0004175365344467645,0.0004175365344467645,0.026276388697937508,0.972888538233169
0.013031735925802644,0.03231578022233054,0.9159620541952433,0.038690429656623386
0.02138915375935951,0.021923135788487563,0.9324321931418916,0.024255517310261227

0.013506680364311796,0.017949211287240294,0.916629939137095,0.05191416921135294
0.0190250298472668,0.033770978167227975,0.017350605079683907,0.9298533869058213
0.9563107287823495,0.00033221932257382266,0.011873750916657296,0.03148330097841943
0.0006378101058335308,0.947163329167884,0.035159803505552166,0.01703905722073035

Transition Gammas
92.0693973235824,2102.930602676421,1.0,1.0
1.0,1.0,62.93195093156027,2330.0680490684376
16.701954035745114,41.4170973825471,1173.9307959245177,49.58708351883309
46.51298789284749,47.67418856189981,2027.6728943300066,52.74620004511654

13.520029272661825,17.96695083315135,917.5358618892735,51.965476969305165
29.183627979223253,51.80331758945653,26.615127961686785,1426.357568767691
3049.6827342351594,1.059450136382688,37.86548876979095,100.40050427214945
1.1376402681006477,1689.4231274706246,62.71334982086706,30.39198884978672

