0,1,2,3,4,5,6,7,8,9,10,11,12,13,14,15,16,17,18,19,20,21,22,23,24,25,26,27,28,29
github Code Version (SHA):,ddb97f21bb9c22f159e8ea0ce9d830001061547e
Environment Observations,Environment Actions,alpha,epsilon,numActions,explore,patience,gainThresh,insertRandActions,useBudd,revisedSplitting,haveControl,confidence_factor
"['square', 'diamond']","['x', 'y']",0.99,0.99,75000,0.5,0,0.01,False,True,False,True,250

Model Num 0
Model States: 
['square'],['diamond']
Iteration: ,0
Error:,0.6763122354561406
Absolute Error:,1
Transition Probabilities
0.5,0.5
0.5,0.5

0.5,0.5
0.5,0.5

Transition Gammas
1.0,1.0
1.0,1.0

1.0,1.0
1.0,1.0

Iteration: ,1841
Error:,0.24234718113090054
Absolute Error:,1
Transition Probabilities
0.9800664451827242,0.019933554817275746
0.9821073558648111,0.017892644135188866

0.21553090332805072,0.7844690966719493
0.12612612612612611,0.8738738738738738


Model Num 1
Model States: 
['diamond'],"['square', 'y', 'diamond']","['square', 'y', 'square']"
Iteration: ,0
Error:,0.6154778870801096
Absolute Error:,1
Transition Probabilities
0.3333333333333333,0.3333333333333333,0.3333333333333333
0.3333333333333333,0.3333333333333333,0.3333333333333333
0.3333333333333333,0.3333333333333333,0.3333333333333333

0.3333333333333333,0.3333333333333333,0.3333333333333333
0.3333333333333333,0.3333333333333333,0.3333333333333333
0.3333333333333333,0.3333333333333333,0.3333333333333333

Transition Gammas
1.0,1.0,1.0
1.0,1.0,1.0
1.0,1.0,1.0

1.0,1.0,1.0
1.0,1.0,1.0
1.0,1.0,1.0

Iteration: ,2500
Error:,0.12944004365999598
Absolute Error:,1
Transition Probabilities
0.01967213114754098,0.9735107523000444,0.00681711655241467
0.013850347727982352,0.9723249526008549,0.013824699671162764
0.006706188828312143,0.9600231948831335,0.03327061628855443

0.6753246753246752,0.0029586423506774012,0.3217166823246474
0.9973009446693657,0.001349527665317139,0.001349527665317139
0.024999999999999994,0.21527882739597773,0.7597211726040223

Transition Gammas
12.0,593.8415589030271,4.1584410969729495
6.894084802037635,483.97995559523895,6.8813183443143755
1.0,143.15481109480754,4.961180953941048

312.0,1.3668927660129595,148.63310723398712
739.0,1.0,1.0
1.0,8.61115309583911,30.388846904160896

Iteration: ,3848
Error:,0.13088569239214884
Absolute Error:,1
Transition Probabilities
0.018826135105204873,0.9732387059810226,0.00793515891377248
0.015809827530234383,0.9724210154001786,0.011769157069587083
0.004115623802033857,0.9506688118483172,0.0452155643496489

0.6799468791500664,0.0018209890106574945,0.3182321318392761
0.9982062780269059,0.0008968609865470852,0.0008968609865470852
0.013157894736842103,0.19326433347727415,0.7935777717858837


Model Num 2
Model States: 
"['square', 'y', 'diamond']","['square', 'y', 'square']","['diamond', 'y', 'diamond']","['diamond', 'y', 'square', 'y', 'square']"
Iteration: ,0
Error:,0.6757080548155552
Absolute Error:,0.74
Transition Probabilities
0.25,0.25,0.25,0.25
0.25,0.25,0.25,0.25
0.25,0.25,0.25,0.25
0.25,0.25,0.25,0.25

0.25,0.25,0.25,0.25
0.25,0.25,0.25,0.25
0.25,0.25,0.25,0.25
0.25,0.25,0.25,0.25

Transition Gammas
1.0,1.0,1.0,1.0
1.0,1.0,1.0,1.0
1.0,1.0,1.0,1.0
1.0,1.0,1.0,1.0

1.0,1.0,1.0,1.0
1.0,1.0,1.0,1.0
1.0,1.0,1.0,1.0
1.0,1.0,1.0,1.0

Iteration: ,2500
Error:,0.02451707614919779
Absolute Error:,0.031221165388762722
Transition Probabilities
0.9757424352335041,0.010815574748454085,0.009378155559094497,0.004063834458947299
0.9649456830645273,0.01421844527505047,0.01382184235900713,0.0070140293014149405
0.9678542731145675,0.012941030746567156,0.015767465819554693,0.003437230319310653
0.9499349138918846,0.015701403262360067,0.026791072198176558,0.007572610647578879

0.0013927576601671307,0.0013927576601671307,0.9660810689803191,0.0311334156993466
0.04187004692746188,0.9392620285442362,0.009433962264150941,0.009433962264150941
0.00311526479750779,0.00311526479750779,0.03321544415492548,0.9605540262500589
0.0367545683463796,0.9501735362287839,0.006535947712418302,0.006535947712418302

Transition Gammas
454.5848286587978,5.03882583798442,4.369152231189278,1.8932839492382911
137.5736601028839,2.0271436950202335,1.970599460743463,1.0
365.7108331917941,4.889863348392202,5.957852563523171,1.2987826771710673
162.4751134212012,2.6855390181124754,4.582295513532144,1.29520534077349

1.0,1.0,693.6462075278693,22.353792472130863
4.43822497431096,99.56177502568906,1.0,1.0
1.0,1.0,10.662157573731074,308.33784242626876
5.623448956996078,145.3765510430039,1.0,1.0

Iteration: ,5000
Error:,0.019064936906214542
Absolute Error:,0.02276279157224343
Transition Probabilities
0.9733140628746549,0.010614080522441465,0.013858197009254444,0.0022136595936491418
0.9776957866951395,0.0076056745807813455,0.010959674084965764,0.0037388646391134455
0.9668065870867014,0.008527946602258061,0.020451854746356777,0.0042136115646836565
0.9602378295246914,0.018195802482017194,0.01780444547413723,0.0037619225191541637

0.0006891798759476228,0.0006891798759476228,0.9816713999962807,0.016950240251823952
0.02579840079993396,0.9628379628364296,0.00568181818181818,0.00568181818181818
0.0015455950540958266,0.0015455950540958266,0.029176632169984357,0.967732177721824
0.03516830528914435,0.9575853178992615,0.0036231884057971024,0.0036231884057971024

Transition Gammas
917.7579838064671,10.008236305006367,13.067180914701401,2.0873054679812153
261.49536853170736,2.034220362303566,2.93128399736999,1.0
776.4409773457214,6.848781631248416,16.424855084660205,3.383945377634068
348.9498554368748,6.612343786539562,6.470124882925321,1.3670804032719213

1.0,1.0,1424.4052013946025,24.594798605396537
4.540518540788378,169.45948145921167,1.0,1.0
1.0,1.0,18.877281013979882,626.1227189860202
9.70645225980384,264.2935477401961,1.0,1.0

Iteration: ,7500
Error:,0.02021392895047701
Absolute Error:,0.023422577166064287
Transition Probabilities
0.9681708188475714,0.012005152525431962,0.017997592307609073,0.0018264363193875412
0.962368097080472,0.011454605411689373,0.021702351724473934,0.004474945783364872
0.9656280076718633,0.013450778501500938,0.01778132812704533,0.00313988569959057
0.9591381792233736,0.021207249732995342,0.016904519026447008,0.002750052017183987

0.00047551117451260133,0.00047551117451260133,0.9830352869696082,0.01601369068136655
0.024180470300111247,0.9716787429504063,0.002070393374741201,0.002070393374741201
0.0009689922480620142,0.0009689922480620142,0.029077847892108752,0.9689841676117671
0.024463418647703305,0.9717051637277756,0.0019157088122605372,0.0019157088122605372

Transition Gammas
1128.1635189145961,13.989034635767204,20.97174039381909,2.128259585024819
496.6476562302859,5.911358603861301,11.199895498763613,2.309377609054225
1050.561923612062,14.633871039724962,19.34532359574425,3.4160611894811663
476.7978935136125,10.54235168502704,8.4034180238733,1.3670804032719213

1.0,1.0,2067.3232084970846,33.67679150291384
11.679167154953731,469.3208328450462,1.0,1.0
1.0,1.0,30.008339024656273,999.991660975345
12.76990453410112,507.23009546589867,1.0,1.0

Iteration: ,10000
Error:,0.020931947919445037
Absolute Error:,0.02385600183212177
Transition Probabilities
0.9674649242353448,0.011813798728025382,0.018423457311258697,0.002297819725371042
0.9621261333796124,0.014371316331615381,0.01974608843922582,0.003756461849546365
0.9675145578102865,0.011722336860259286,0.016678922351124163,0.004084182978330041
0.9569377439938336,0.018388124297096995,0.019136390594618764,0.005537741114450689

0.00034614053305642126,0.00034614053305642126,0.9831296367397644,0.016178082194122766
0.030588242547984246,0.9657554503222168,0.0018281535648994515,0.0018281535648994515
0.0006321112515802775,0.0006321112515802775,0.02487887064740326,0.9738569068494363
0.02554399841191231,0.97122498381749,0.0016155088852988695,0.0016155088852988695

Transition Gammas
1306.4274570196453,15.952899834786866,24.878328796964947,3.1028874590763165
591.4907800224609,8.83512131312495,12.139395083557005,2.309377609054225
1289.4437531411884,15.62280785819647,22.22863941547127,5.443147274199344
907.6678232274221,17.44137365125066,18.151113909411492,5.252619049147721

1.0,1.0,2840.2615205411767,46.73847945882063
16.731768673747382,528.2682313262526,1.0,1.0
1.0,1.0,39.358373364192,1540.6416266358096
15.811735016973717,601.1882649830262,1.0,1.0

Iteration: ,12500
Error:,0.019189353323221445
Absolute Error:,0.021574033190643473
Transition Probabilities
0.9668335857035265,0.012983190207346423,0.017523760782182422,0.0026594633069446923
0.9638121572816629,0.014611318486238657,0.0179827230382999,0.00359380119379859
0.967235269120971,0.011438794004003027,0.016852741694190296,0.004473195180835694
0.9587835083268239,0.01719084683017959,0.01884991725799155,0.005175727585004975

0.0002955956251847473,0.0002955956251847473,0.9826286538242941,0.016780154925336476
0.01677106470927196,0.9814543123980928,0.0008873114463176571,0.0008873114463176571
0.0005047955577990909,0.0005047955577990909,0.024432092029836257,0.9745583168545655
0.02393293760063214,0.9739706263406677,0.0010482180293501049,0.0010482180293501049

Transition Gammas
1480.9032772152525,19.886409834198794,26.84122185576182,4.073511703694368
907.8035960269705,13.762232987300338,16.937720194947666,3.38496004899735
1388.4664831620646,16.420391800629226,24.192115133515205,6.4212728583366445
973.0273545378869,17.446236890981044,19.129954743182182,5.252619049147721

1.0,1.0,3324.2327358875864,56.767264112413294
18.900989927349507,1106.099010072651,1.0,1.0
1.0,1.0,48.39997431110567,1930.600025688896
22.83202247100306,929.167977528997,1.0,1.0

Iteration: ,12934
Error:,0.019238706977522883
Absolute Error:,0.021443979370077366
Transition Probabilities
0.967603928303981,0.012682313288628618,0.017116154729459102,0.0025976036779312432
0.9639800549182503,0.014732413699431002,0.016924233122627707,0.004363298259690826
0.9676332093832181,0.011300171334474233,0.016647816938366,0.00441880234394179
0.9591719971406737,0.017029686426718208,0.018671561099219674,0.00512675533338834

0.00028818443804034583,0.00028818443804034583,0.9827743419189194,0.016649289204999848
0.016377129010573106,0.9819781341473216,0.0008223684210526321,0.0008223684210526321
0.00048685491723466376,0.00048685491723466376,0.026002050339065236,0.9730242398264656
0.023510159830035255,0.9745174535821935,0.0009861932938856016,0.0009861932938856016

*,*,*,*,*,*,*,*,*,*,*
Model Num 2
Model States: 
"['square', 'y', 'diamond']","['square', 'y', 'square']","['diamond', 'y', 'diamond']","['diamond', 'y', 'square', 'y', 'square']"
Iteration: ,12934
Error:,0.019581405805669857
Absolute Error:,0.021443979370077366
Transition Probabilities
0.967603928303981,0.012682313288628618,0.017116154729459102,0.0025976036779312432
0.9639800549182503,0.014732413699431002,0.016924233122627707,0.004363298259690826
0.9676332093832181,0.011300171334474233,0.016647816938366,0.00441880234394179
0.9591719971406737,0.017029686426718208,0.018671561099219674,0.00512675533338834

0.00028818443804034583,0.00028818443804034583,0.9827743419189194,0.016649289204999848
0.016377129010573106,0.9819781341473216,0.0008223684210526321,0.0008223684210526321
0.00048685491723466376,0.00048685491723466376,0.026002050339065236,0.9730242398264656
0.023510159830035255,0.9745174535821935,0.0009861932938856016,0.0009861932938856016

Transition Gammas
1517.3777123791258,19.88815770860436,26.84122185576182,4.073511703694368
964.7482592215991,14.744154091304129,16.937720194947666,4.366775410989535
1406.1359573496886,16.421074724941132,24.192115133515205,6.4212728583366445
982.7200199663862,17.447771447847398,19.129954743182182,5.252619049147721

1.0,1.0,3410.2269664586506,57.77303354134947
19.914588876856886,1194.0854111231424,1.0,1.0
1.0,1.0,53.40821139644003,1998.5917886035616
23.839302067655748,988.1606979323443,1.0,1.0

