0,1,2,3,4,5,6,7,8,9,10,11,12,13,14,15,16,17,18,19,20,21,22,23,24,25,26,27,28,29
github Code Version (SHA):,ddb97f21bb9c22f159e8ea0ce9d830001061547e
Environment Observations,Environment Actions,alpha,epsilon,numActions,explore,patience,gainThresh,insertRandActions,useBudd,revisedSplitting,haveControl,confidence_factor
"['diamond', 'square']","['x', 'y']",0.99,0.99,75000,0.5,0,0.01,False,True,False,True,250

Model Num 0
Model States: 
['diamond'],['square']
Iteration: ,0
Error:,0.6745969413615935
Absolute Error:,1
Transition Probabilities
0.5,0.5
0.5,0.5

0.5,0.5
0.5,0.5

Transition Gammas
1.0,1.0
1.0,1.0

1.0,1.0
1.0,1.0

Iteration: ,2473
Error:,0.15219203908683887
Absolute Error:,1
Transition Probabilities
0.42292490118577075,0.5770750988142292
0.020260492040520984,0.9797395079594791

0.032,0.968
0.9731457800511509,0.026854219948849106


Model Num 1
Model States: 
['square'],"['diamond', 'x', 'square']","['diamond', 'x', 'diamond']"
Iteration: ,0
Error:,0.7241449955722764
Absolute Error:,1
Transition Probabilities
0.3333333333333333,0.3333333333333333,0.3333333333333333
0.3333333333333333,0.3333333333333333,0.3333333333333333
0.3333333333333333,0.3333333333333333,0.3333333333333333

0.3333333333333333,0.3333333333333333,0.3333333333333333
0.3333333333333333,0.3333333333333333,0.3333333333333333
0.3333333333333333,0.3333333333333333,0.3333333333333333

Transition Gammas
1.0,1.0,1.0
1.0,1.0,1.0
1.0,1.0,1.0

1.0,1.0,1.0
1.0,1.0,1.0
1.0,1.0,1.0

Iteration: ,2500
Error:,0.10438468850272387
Absolute Error:,1
Transition Probabilities
0.9803921568627451,0.017863673446423044,0.0017441696908318564
0.9956521739130435,0.002173913043478261,0.002173913043478261
0.0030864197530864196,0.9534456720770295,0.043467908169884176

0.016819571865443427,0.2696068325231757,0.7135735956113809
0.9228227443127739,0.05135601932274895,0.025821236364477144
0.9860629619441469,0.007518319238033073,0.0064187188178200716

Transition Gammas
850.0,15.487804878048781,1.5121951219512195
458.0,1.0,1.0
1.0,308.91639775295755,14.083602247042473

11.0,176.32286847015686,466.67713152984305
35.73890619669637,1.9889062861993927,1.0
153.6230188502063,1.1713115111321308,1.0

Iteration: ,5000
Error:,0.14607151573255442
Absolute Error:,1
Transition Probabilities
0.9822732012513035,0.016149952948955975,0.0015768457997405835
0.99867197875166,0.0006640106241699867,0.0006640106241699867
0.0023148148148148147,0.957847591108917,0.03983759407626818

0.023140495867768597,0.6532616488273272,0.32359785530490426
0.8896722915354301,0.10109283986993409,0.009234868594635667
0.9843741996794034,0.007130810660269275,0.00849498966032729

Transition Gammas
942.0,15.487804878048781,1.5121951219512195
1504.0,1.0,1.0
1.0,413.7901593590522,17.209840640947856

42.0,1185.6698926215986,587.3301073784012
96.33838125777136,10.946862842061087,1.0
161.6939344316322,1.1713115111321308,1.3953924245289164

Iteration: ,7500
Error:,0.16412559075318123
Absolute Error:,1
Transition Probabilities
0.9821251241310824,0.01636381505613261,0.0015110608127849676
0.9992386752950133,0.00038066235249333843,0.00038066235249333843
0.0020491803278688526,0.9625060702139928,0.03544474945813837

0.023171135385633895,0.7636742880094873,0.21315457660487883
0.8665157737940554,0.12207352860225897,0.011410697603685486
0.9843741996794034,0.007130810660269275,0.00849498966032729

Transition Gammas
989.0,16.478361761525537,1.5216382384744624
2625.0,1.0,1.0
1.0,469.70296226442844,17.297037735571525

70.0,2307.060024076661,643.9399759233389
148.50240733997458,20.920811159092906,1.955551318075035
161.6939344316322,1.1713115111321308,1.3953924245289164

Iteration: ,10000
Error:,0.1391405968724371
Absolute Error:,1
Transition Probabilities
0.9843034663178548,0.014686334187914185,0.0010101994942310086
0.9992846924177397,0.000357653791130186,0.000357653791130186
0.0016233766233766237,0.9701083787130267,0.028268244663596714

0.025316455696202493,0.7691727522662238,0.20551079203757366
0.9510807731455857,0.04180194660053229,0.0071172802538821646
0.9843741996794034,0.007130810660269275,0.00849498966032729

Transition Gammas
1505.0,22.45540497332079,1.5445950266792121
2794.0,1.0,1.0
1.0,597.5867612872244,17.413238712775573

100.0,3038.2323714515887,811.7676285484172
740.180020941844,32.532426880903394,5.53903390344436
161.6939344316322,1.1713115111321308,1.3953924245289164

Iteration: ,12500
Error:,0.13906349027109038
Absolute Error:,1
Transition Probabilities
0.9831410825199645,0.01616694357695266,0.0006919739030828335
0.9993887530562348,0.0003056234718826406,0.0003056234718826406
0.0010845986984815619,0.9767111941344578,0.022204207167060647

0.023514322359982867,0.7360344015313173,0.24045127610869996
0.95439413166694,0.03739402036268453,0.008211847970375543
0.9843741996794034,0.007130810660269275,0.00849498966032729

Transition Gammas
2216.0,36.440290822451296,1.5597091775487066
3270.0,1.0,1.0
1.0,900.5277209919701,20.472279008029915

110.0,3443.1689303635067,1124.8310696365
954.3990950021524,37.394214830621664,8.211890676164314
161.6939344316322,1.1713115111321308,1.3953924245289164

Iteration: ,15000
Error:,0.13531833031715487
Absolute Error:,1
Transition Probabilities
0.9806020066889632,0.017181336216323593,0.002216657094713195
0.9994648113459995,0.0002675943270002676,0.0002675943270002676
0.0008183306055646486,0.9799472160376471,0.019234453356788177

0.024768946395563738,0.7099195333200616,0.26531152028437466
0.9593979000576096,0.03229683392421561,0.008305266018174697
0.9843741996794034,0.007130810660269275,0.00849498966032729

Transition Gammas
2932.0,51.372195286807546,6.627804713192453
3735.0,1.0,1.0
1.0,1197.495497998004,23.50450200199514

134.0,3840.6646752615384,1435.335324738469
1166.1646048805248,39.2573556496874,10.095193312316782
161.6939344316322,1.1713115111321308,1.3953924245289164

Iteration: ,17500
Error:,0.13773121423752047
Absolute Error:,1
Transition Probabilities
0.980605738575983,0.017355158493167343,0.0020391029308496613
0.9995223310246,0.0002388344877000239,0.0002388344877000239
0.0006565988181221278,0.9806085709311416,0.0187348302507363

0.02499183273440049,0.6885773142862077,0.2864308529793918
0.9616278639081556,0.03012571417131375,0.00824642192053084
0.9843741996794034,0.007130810660269275,0.00849498966032729

Transition Gammas
3691.0,65.32481656828188,7.675183431718126
4185.0,1.0,1.0
1.0,1493.4668535281278,28.53314647187137

153.0,4215.470318060169,1753.5296819398388
1369.300837568379,42.89722375501525,11.742413948815852
161.6939344316322,1.1713115111321308,1.3953924245289164

Iteration: ,17872
Error:,0.1356128924568232
Absolute Error:,1
Transition Probabilities
0.9806451612903225,0.017370736037487212,0.001984102672190205
0.999530626613471,0.0002346866932644919,0.0002346866932644919
0.0006365372374283898,0.9811987126194089,0.018164750143162652

0.024727039177906193,0.685345428497618,0.2899275323244757
0.962318442088273,0.029583545739059476,0.008098012172667706
0.9843741996794034,0.007130810660269275,0.00849498966032729


Model Num 2
Model States: 
"['diamond', 'x', 'square']","['diamond', 'x', 'diamond']","['square', 'y', 'diamond', 'x', 'square']","['square', 'y', 'diamond', 'x', 'diamond']"
Iteration: ,0
Error:,0.6754704736223973
Absolute Error:,0.74
Transition Probabilities
0.25,0.25,0.25,0.25
0.25,0.25,0.25,0.25
0.25,0.25,0.25,0.25
0.25,0.25,0.25,0.25

0.25,0.25,0.25,0.25
0.25,0.25,0.25,0.25
0.25,0.25,0.25,0.25
0.25,0.25,0.25,0.25

Transition Gammas
1.0,1.0,1.0,1.0
1.0,1.0,1.0,1.0
1.0,1.0,1.0,1.0
1.0,1.0,1.0,1.0

1.0,1.0,1.0,1.0
1.0,1.0,1.0,1.0
1.0,1.0,1.0,1.0
1.0,1.0,1.0,1.0

Iteration: ,2500
Error:,0.04570896781595042
Absolute Error:,0.04931664510123047
Transition Probabilities
0.002141327623126337,0.002141327623126337,0.9585309298328473,0.037186414920900086
0.9742094299419263,0.020778038729752875,0.002506265664160399,0.002506265664160399
0.023451953465279833,0.006509682362497975,0.020181250355023463,0.9498571138171987
0.02767996926681744,0.00482780294594711,0.009983488149869902,0.9575087396373656

0.00717207950861059,0.007515410252003466,0.9724856754976762,0.012826834741709885
0.06927320399086698,0.07254188161034564,0.08864912710979304,0.7695357872889943
0.966918179819582,0.003753779411235337,0.013098309342227483,0.016229731426955357
0.002504868754398729,0.9812875946922606,0.009256279610822322,0.006951256942518457

Transition Gammas
1.0,1.0,447.6339442319399,17.36605576806035
388.70956254682886,8.290437453171403,1.0,1.0
8.745923224135836,2.4276520179953014,7.526181835274814,354.22965526702876
6.41742705088143,1.11929579556243,2.314609033613847,221.9923883575438

1.737040728843469,1.8201936671260879,235.53102339820072,3.1065933306713718
1.9017460438117317,1.9914805208276793,2.4336701214316436,21.125941269315838
301.65324717118926,1.1710812478205537,4.08633080647309,5.063252804462612
1.0435246228152497,408.80296236132585,3.8561524122146844,2.8958833736479215

Iteration: ,5000
Error:,0.029050918404002698
Absolute Error:,0.03100642992915246
Transition Probabilities
0.0011061946902654874,0.0011061946902654874,0.9671161546659184,0.03067145595355068
0.9793154533678943,0.01815290106248546,0.0012658227848101266,0.0012658227848101266
0.018105391706136467,0.0033822655839107446,0.01272471858943273,0.9657876241205201
0.02242205378741402,0.006079876520377824,0.014148894250665844,0.9573491754415423

0.009461334985716049,0.0048054735106875515,0.978091765541157,0.007641425962439514
0.036691247967189054,0.03842253588447529,0.05142458415170222,0.8734616319966334
0.975888292854587,0.0019143116573290947,0.008702701482433666,0.013494694005650206
0.0012664544637303041,0.9870136615073173,0.006973668021130157,0.004746216007822294

Transition Gammas
1.0,1.0,874.2730038179898,27.7269961820098
773.6592081606365,14.340791839363513,1.0,1.0
13.51884450865216,2.525453370907054,9.50123006554963,721.129535929384
11.35355421589471,3.0785854121357032,7.164385541705658,484.76004339169083

4.747578058283771,2.4113257413935094,490.7940594093444,3.834370761425079
1.9017460438117317,1.9914805208276793,2.6653903828132846,45.272436755391034
602.5120632106363,1.1818933321883676,5.373035688695039,8.331605151197397
1.04419551882783,813.7957359572832,5.749810282170359,3.9132693900097024

Iteration: ,7500
Error:,0.024670251459052342
Absolute Error:,0.023815493702382277
Transition Probabilities
0.0007604562737642575,0.0007604562737642575,0.9734053165243444,0.02507377092812712
0.9828427429898573,0.015387345505717782,0.0008849557522123894,0.0008849557522123894
0.018637807564888854,0.0024728814873514458,0.012373207039703831,0.9665161039080559
0.025121471747879726,0.004196897455733875,0.01550118378294154,0.955180447013445

0.01377936567277039,0.006200449727694915,0.974277064228875,0.005743120370659697
0.017524670953256626,0.018351577988496254,0.03167046113384754,0.9324532899243996
0.975979682461197,0.0012057056544295436,0.007800221851727677,0.01501439003264579
0.0008545166940017355,0.9843308087763649,0.009162269367625465,0.005652405162007785

Transition Gammas
1.0,1.0,1280.0279912295146,32.97200877048721
1110.6122995785388,17.387700421461094,1.0,1.0
20.200887183634606,2.6802723319556394,13.410899250815458,1047.5740082752127
19.138289414891705,3.197322153676635,11.809265973296325,727.6850664584105

11.089605914963512,4.990109531061953,784.0962313407831,4.622051779834241
1.9017460438117317,1.9914805208276793,3.436821971016542,101.18816837604753
962.3364186241548,1.1888510409075557,7.691182199957248,14.804503199703662
1.0450261515797394,1203.78155768932,11.204943290396534,6.912575558893004

Iteration: ,10000
Error:,0.022940399388721958
Absolute Error:,0.021074615193901497
Transition Probabilities
0.0005980861244019129,0.0005980861244019129,0.9771853201101887,0.02161850764100755
0.9808174322319995,0.017783966369399037,0.0006993006993006996,0.0006993006993006996
0.019687087835304415,0.0026765734697761128,0.009771746387051325,0.9678645923078681
0.020665496930349598,0.0031300535498108074,0.01447215814068667,0.9617322913791528

0.015657808090820114,0.007412920414698603,0.9716386764813633,0.005290595013118078
0.017954908098014585,0.007349468885987447,0.025768745691261162,0.9489268773247369
0.9757624096151843,0.0008916820295214699,0.00866808613965272,0.014677822215641385
0.0006220954885399225,0.9842269674799075,0.010082512497451991,0.005068424534100704

Transition Gammas
1.0,1.0,1633.853855224238,36.14614477576468
1402.5689280917586,25.43107190824061,1.0,1.0
27.090147005277544,3.68306218640587,13.446277496095545,1331.8167880474507
21.1096232382788,3.197322153676635,14.783182171923551,982.4010714828254

17.17351464035289,8.130505657700224,1065.6952070749137,5.802734992468695
4.8652290777938365,1.9914805208276793,6.98253926731386,257.1300622124
1306.1749772136784,1.1936233073903486,11.603272583960488,19.64802487689875
1.046543310683861,1655.7524817103015,16.96168225534022,8.526545987849026

Iteration: ,12500
Error:,0.021833907520136905
Absolute Error:,0.020054217690532165
Transition Probabilities
0.0005144032921810691,0.0005144032921810691,0.979810946156358,0.019160247259279835
0.9820830716093719,0.016778624463479518,0.0005691519635742749,0.0005691519635742749
0.01809711482097894,0.002182648683752258,0.007862171722845172,0.9718580647724236
0.01982360815625431,0.002868164060791872,0.013277912846540833,0.964030314936413

0.016363250479846277,0.008915010040187282,0.9700538278819757,0.00466791159799065
0.012815018792421402,0.006455867313896701,0.02632116893573527,0.9544079449579466
0.973325924186283,0.0007849667882557375,0.009601073537056838,0.01628803548840428
0.0004441565019677449,0.982215784095359,0.012691262249593705,0.0046487971530795895

Transition Gammas
1.0,1.0,1904.7524793279629,37.247520672040054
1725.519956817665,29.480043182333485,1.0,1.0
31.01391480095931,3.7405122854084194,13.473789959058326,1665.5209141147893
22.098617854620727,3.197322153676635,14.80172124014117,1074.6649833939625

21.895715908190617,11.929202416049646,1298.0320173621224,6.2461468985049455
7.829211620627517,3.9441496117883594,16.08066324662961,583.0862907437139
1482.097527995539,1.1952803346988277,14.619694186478817,24.802028316927267
1.0488359487482593,2319.414934202594,29.96928340211992,10.977719679858533

Iteration: ,15000
Error:,0.0217591310957703
Absolute Error:,0.01929662857382823
Transition Probabilities
0.00045024763619990913,0.00045024763619990913,0.9818401786410785,0.017259326086521625
0.9844113807710239,0.014629846458122901,0.0004793863854266541,0.0004793863854266541
0.016756318849394176,0.0018297865220878382,0.00703706479952093,0.974376829828997
0.018440011201721104,0.005158292574594815,0.012362971399298822,0.9640387248243852

0.016335380727895366,0.008561875269015203,0.9709251732562394,0.004177570746850006
0.015497977391499365,0.005183935441968941,0.02493508804523704,0.9543829991212947
0.9708534852382558,0.000697788192184143,0.010760771310744136,0.017687955258815963
0.0003459236081830671,0.9833987666957248,0.01233688372131228,0.003918425974779852

Transition Gammas
1.0,1.0,2180.6670367618394,38.3329632381646
2053.482140288355,30.51785971164436,1.0,1.0
34.37533668074519,3.753779593000128,14.43643284076673,1998.9194452754123
22.098617854620727,6.181728153053351,14.815857621345192,1155.3096765451828

25.885992095982758,13.567644319550103,1538.5843635577057,6.620020992146214
14.745771342842477,4.932329216408522,23.72484469685616,908.0612987768288
1665.0568945645643,1.196737775583945,18.45520125767487,30.335629734298607
1.05014592810224,2985.3764996569876,37.451991997466315,11.895456062100987

Iteration: ,15379
Error:,0.022471498303403798
Absolute Error:,0.019521709957309796
Transition Probabilities
0.0004420866489832,0.0004420866489832,0.9817224005852955,0.01739342611673826
0.9838448923468154,0.015219216216591272,0.000467945718296678,0.000467945718296678
0.01682947163645252,0.0017870738970344015,0.006873982634705683,0.9745094718318074
0.018293103329884115,0.005117197491942396,0.012265730830047441,0.9643239683481261

0.01699197637808509,0.008459094823734999,0.9703635386429977,0.004185390155182246
0.0157339910764381,0.004931220830557264,0.024489887688140692,0.954844900404864
0.969944280629407,0.0006845511772250659,0.011023433017583203,0.01834773517578477
0.00033494165548263616,0.9829795694212402,0.012805469914427232,0.003880019008849933

*,*,*,*,*,*,*,*,*,*,*
Model Num 2
Model States: 
"['diamond', 'x', 'square']","['diamond', 'x', 'diamond']","['square', 'y', 'diamond', 'x', 'square']","['square', 'y', 'diamond', 'x', 'diamond']"
Iteration: ,15379
Error:,0.021474482043485583
Absolute Error:,0.019521709957309796
Transition Probabilities
0.0004420866489832,0.0004420866489832,0.9817224005852955,0.01739342611673826
0.9838448923468154,0.015219216216591272,0.000467945718296678,0.000467945718296678
0.01682947163645252,0.0017870738970344015,0.006873982634705683,0.9745094718318074
0.018293103329884115,0.005117197491942396,0.012265730830047441,0.9643239683481261

0.01699197637808509,0.008459094823734999,0.9703635386429977,0.004185390155182246
0.0157339910764381,0.004931220830557264,0.024489887688140692,0.954844900404864
0.969944280629407,0.0006845511772250659,0.011023433017583203,0.01834773517578477
0.00033494165548263616,0.9829795694212402,0.012805469914427232,0.003880019008849933

Transition Gammas
1.0,1.0,2220.656070123942,39.34392987606201
2102.4765349451427,32.52346505485552,1.0,1.0
35.35059590693234,3.753779593000128,14.438919274471795,2046.9739805489153
22.098617854620727,6.181728153053351,14.81737097488835,1164.932296083609

27.641692651732978,13.760830054537715,1578.5386054450553,6.8085822227452075
15.737527590760251,4.932329216408522,24.49539225707913,955.0595199918022
1696.0489580642823,1.1970092860600663,19.275624855101146,32.082932751081245
1.0502913277038983,3082.372407772262,40.1546770255136,12.166746803855279

