0,1,2,3,4,5,6,7,8,9,10,11,12,13,14,15,16,17,18,19,20,21,22,23,24,25,26,27,28,29
github Code Version (SHA):,83e837b3de1a08bfde9277c8a2759251ab95ca79
Environment Observations,Environment Actions,alpha,epsilon,numActions,explore,gainThresh,insertRandActions,useBudd,revisedSplitting,haveControl,confidence_factor
"['nothing', 'LRVForward', 'MRVForward', 'LRVDocked', 'MRVDocked']","['b', 'f', 't']",0.99,0.99,50000,0.5,0.0275,False,True,False,True,250

Model Num 0
Model States: 
['nothing'],['LRVForward'],['MRVForward'],['LRVDocked'],['MRVDocked']
Iteration: ,0
Error:,0.8674723458672124
Transition Probabilities
0.2,0.2,0.2,0.2,0.2
0.2,0.2,0.2,0.2,0.2
0.2,0.2,0.2,0.2,0.2
0.2,0.2,0.2,0.2,0.2
0.2,0.2,0.2,0.2,0.2

0.2,0.2,0.2,0.2,0.2
0.2,0.2,0.2,0.2,0.2
0.2,0.2,0.2,0.2,0.2
0.2,0.2,0.2,0.2,0.2
0.2,0.2,0.2,0.2,0.2

0.2,0.2,0.2,0.2,0.2
0.2,0.2,0.2,0.2,0.2
0.2,0.2,0.2,0.2,0.2
0.2,0.2,0.2,0.2,0.2
0.2,0.2,0.2,0.2,0.2

Transition Gammas
1.0,1.0,1.0,1.0,1.0
1.0,1.0,1.0,1.0,1.0
1.0,1.0,1.0,1.0,1.0
1.0,1.0,1.0,1.0,1.0
1.0,1.0,1.0,1.0,1.0

1.0,1.0,1.0,1.0,1.0
1.0,1.0,1.0,1.0,1.0
1.0,1.0,1.0,1.0,1.0
1.0,1.0,1.0,1.0,1.0
1.0,1.0,1.0,1.0,1.0

1.0,1.0,1.0,1.0,1.0
1.0,1.0,1.0,1.0,1.0
1.0,1.0,1.0,1.0,1.0
1.0,1.0,1.0,1.0,1.0
1.0,1.0,1.0,1.0,1.0

Iteration: ,2500
Error:,0.2990203652767804
Transition Probabilities
0.011811023622047244,0.007874015748031496,0.011811023622047244,0.16929133858267717,0.7992125984251969
0.3671497584541063,0.6135265700483091,0.00966183574879227,0.004830917874396135,0.004830917874396135
0.05534351145038168,0.003816793893129771,0.9255725190839694,0.007633587786259542,0.007633587786259542
0.08,0.04,0.12,0.04,0.72
0.017241379310344827,0.011494252873563218,0.005747126436781609,0.011494252873563218,0.9540229885057471

0.020134228187919462,0.785234899328859,0.16778523489932887,0.020134228187919462,0.006711409395973154
0.011235955056179775,0.9438202247191011,0.011235955056179775,0.011235955056179775,0.02247191011235955
0.019933554817275746,0.013289036544850499,0.9568106312292359,0.006644518272425249,0.0033222591362126247
0.75,0.041666666666666664,0.125,0.041666666666666664,0.041666666666666664
0.9519230769230769,0.019230769230769232,0.009615384615384616,0.009615384615384616,0.009615384615384616

0.01639344262295082,0.16393442622950818,0.8087431693989071,0.00546448087431694,0.00546448087431694
0.6304347826086957,0.010869565217391304,0.31521739130434784,0.021739130434782608,0.021739130434782608
0.9297658862876255,0.03678929765886288,0.006688963210702341,0.013377926421404682,0.013377926421404682
0.15789473684210525,0.10526315789473684,0.631578947368421,0.05263157894736842,0.05263157894736842
0.023255813953488372,0.015503875968992248,0.9457364341085271,0.007751937984496124,0.007751937984496124

Transition Gammas
3.0,2.0,3.0,43.0,203.0
76.0,127.0,2.0,1.0,1.0
29.0,2.0,485.0,4.0,4.0
2.0,1.0,3.0,1.0,18.0
3.0,2.0,1.0,2.0,166.0

3.0,117.0,25.0,3.0,1.0
1.0,84.0,1.0,1.0,2.0
6.0,4.0,288.0,2.0,1.0
18.0,1.0,3.0,1.0,1.0
99.0,2.0,1.0,1.0,1.0

3.0,30.0,148.0,1.0,1.0
58.0,1.0,29.0,2.0,2.0
278.0,11.0,2.0,4.0,4.0
3.0,2.0,12.0,1.0,1.0
3.0,2.0,122.0,1.0,1.0

Iteration: ,5000
Error:,0.28422104791674285
Transition Probabilities
0.007285974499089253,0.00546448087431694,0.007285974499089253,0.1657559198542805,0.8142076502732241
0.402088772845953,0.5718015665796344,0.013054830287206266,0.005221932114882507,0.007832898172323759
0.065,0.005,0.917,0.005,0.008
0.0392156862745098,0.0196078431372549,0.058823529411764705,0.0196078431372549,0.8627450980392157
0.017391304347826087,0.008695652173913044,0.002898550724637681,0.005797101449275362,0.9652173913043478

0.010101010101010102,0.8249158249158249,0.14814814814814814,0.010101010101010102,0.006734006734006734
0.006134969325153374,0.9693251533742331,0.006134969325153374,0.006134969325153374,0.012269938650306749
0.015126050420168067,0.015126050420168067,0.9613445378151261,0.005042016806722689,0.0033613445378151263
0.8461538461538461,0.02564102564102564,0.07692307692307693,0.02564102564102564,0.02564102564102564
0.9601593625498008,0.0199203187250996,0.00796812749003984,0.00796812749003984,0.00398406374501992

0.014450867052023121,0.13583815028901733,0.8439306358381503,0.002890173410404624,0.002890173410404624
0.6136363636363636,0.005681818181818182,0.35795454545454547,0.011363636363636364,0.011363636363636364
0.9388794567062818,0.03395585738539898,0.008488964346349746,0.006791171477079796,0.011884550084889643
0.13333333333333333,0.06666666666666667,0.7333333333333333,0.03333333333333333,0.03333333333333333
0.011583011583011582,0.011583011583011582,0.9691119691119691,0.003861003861003861,0.003861003861003861

Transition Gammas
4.0,3.0,4.0,91.0,447.0
154.0,219.0,5.0,2.0,3.0
65.0,5.0,917.0,5.0,8.0
2.0,1.0,3.0,1.0,44.0
6.0,3.0,1.0,2.0,333.0

3.0,245.0,44.0,3.0,2.0
1.0,158.0,1.0,1.0,2.0
9.0,9.0,572.0,3.0,2.0
33.0,1.0,3.0,1.0,1.0
241.0,5.0,2.0,2.0,1.0

5.0,47.0,292.0,1.0,1.0
108.0,1.0,63.0,2.0,2.0
553.0,20.0,5.0,4.0,7.0
4.0,2.0,22.0,1.0,1.0
3.0,3.0,251.0,1.0,1.0

Iteration: ,7500
Error:,0.26068511776685066
Transition Probabilities
0.006150061500615006,0.004920049200492005,0.00984009840098401,0.15867158671586715,0.8204182041820418
0.4177215189873418,0.5587703435804702,0.0108499095840868,0.003616636528028933,0.009041591320072333
0.06440198159943383,0.004246284501061571,0.916489738145789,0.006369426751592357,0.008492569002123142
0.03076923076923077,0.015384615384615385,0.06153846153846154,0.015384615384615385,0.8769230769230769
0.018518518518518517,0.009259259259259259,0.005555555555555556,0.003703703703703704,0.9629629629629629

0.008988764044943821,0.8382022471910112,0.14157303370786517,0.006741573033707865,0.0044943820224719105
0.004166666666666667,0.9708333333333333,0.008333333333333333,0.008333333333333333,0.008333333333333333
0.011099899091826439,0.009081735620585268,0.970736629667003,0.005045408678102927,0.004036326942482341
0.8166666666666667,0.05,0.1,0.016666666666666666,0.016666666666666666
0.9695290858725761,0.013850415512465374,0.008310249307479225,0.00554016620498615,0.002770083102493075

0.011764705882352941,0.13333333333333333,0.8490196078431372,0.00392156862745098,0.00196078431372549
0.6023166023166023,0.003861003861003861,0.3745173745173745,0.007722007722007722,0.011583011583011582
0.9429530201342282,0.03243847874720358,0.007829977628635347,0.005592841163310962,0.011185682326621925
0.09523809523809523,0.047619047619047616,0.8095238095238095,0.023809523809523808,0.023809523809523808
0.0103359173126615,0.012919896640826873,0.9689922480620154,0.002583979328165375,0.00516795865633075

Transition Gammas
5.0,4.0,8.0,129.0,667.0
231.0,309.0,6.0,2.0,5.0
91.0,6.0,1295.0,9.0,12.0
2.0,1.0,4.0,1.0,57.0
10.0,5.0,3.0,2.0,520.0

4.0,373.0,63.0,3.0,2.0
1.0,233.0,2.0,2.0,2.0
11.0,9.0,962.0,5.0,4.0
49.0,3.0,6.0,1.0,1.0
350.0,5.0,3.0,2.0,1.0

6.0,68.0,433.0,2.0,1.0
156.0,1.0,97.0,2.0,3.0
843.0,29.0,7.0,5.0,10.0
4.0,2.0,34.0,1.0,1.0
4.0,5.0,375.0,1.0,2.0

Iteration: ,10000
Error:,0.28296253599066223
Transition Probabilities
0.005434782608695652,0.004528985507246377,0.010869565217391304,0.1539855072463768,0.8251811594202898
0.40620957309184996,0.5666235446313066,0.01164294954721863,0.007761966364812419,0.007761966364812419
0.0649666059502125,0.004857316332726169,0.9156041287188829,0.006071645415907711,0.008500303582270795
0.03333333333333333,0.022222222222222223,0.05555555555555555,0.011111111111111112,0.8777777777777778
0.013458950201884253,0.008075370121130552,0.006729475100942127,0.0026917900403768506,0.9690444145356663

0.006611570247933884,0.8462809917355372,0.13553719008264462,0.008264462809917356,0.003305785123966942
0.011869436201780416,0.9584569732937686,0.011869436201780416,0.008902077151335312,0.008902077151335312
0.01177336276674025,0.010301692420897719,0.9668874172185431,0.006622516556291391,0.004415011037527594
0.8048780487804879,0.06097560975609756,0.10975609756097561,0.012195121951219513,0.012195121951219513
0.973630831643002,0.010141987829614604,0.010141987829614604,0.004056795131845842,0.002028397565922921

0.008955223880597015,0.13582089552238805,0.8507462686567164,0.0029850746268656717,0.0014925373134328358
0.5891891891891892,0.002702702702702703,0.3891891891891892,0.008108108108108109,0.010810810810810811
0.9279869067103109,0.05073649754500818,0.0057283142389525366,0.007364975450081833,0.008183306055646482
0.09433962264150944,0.05660377358490566,0.8113207547169812,0.018867924528301886,0.018867924528301886
0.011428571428571429,0.009523809523809525,0.9733333333333334,0.0019047619047619048,0.0038095238095238095

Transition Gammas
6.0,5.0,12.0,170.0,911.0
314.0,438.0,9.0,6.0,6.0
107.0,8.0,1508.0,10.0,14.0
3.0,2.0,5.0,1.0,79.0
10.0,6.0,5.0,2.0,720.0

4.0,512.0,82.0,5.0,2.0
4.0,323.0,4.0,3.0,3.0
16.0,14.0,1314.0,9.0,6.0
66.0,5.0,9.0,1.0,1.0
480.0,5.0,5.0,2.0,1.0

6.0,91.0,570.0,2.0,1.0
218.0,1.0,144.0,3.0,4.0
1134.0,62.0,7.0,9.0,10.0
5.0,3.0,43.0,1.0,1.0
6.0,5.0,511.0,1.0,2.0

Iteration: ,12500
Error:,0.2808416586279512
Transition Probabilities
0.005263157894736842,0.005263157894736842,0.009022556390977444,0.16090225563909774,0.8195488721804511
0.4044642857142857,0.56875,0.010714285714285714,0.00625,0.009821428571428571
0.07918050941306755,0.004429678848283499,0.9014396456256921,0.006090808416389812,0.008859357696566999
0.03389830508474576,0.01694915254237288,0.0423728813559322,0.00847457627118644,0.8983050847457628
0.011312217194570135,0.012443438914027148,0.006787330316742082,0.0022624434389140274,0.9671945701357466

0.006615214994487321,0.8158765159867696,0.16868798235942667,0.006615214994487321,0.002205071664829107
0.014571948998178506,0.9544626593806922,0.009107468123861567,0.007285974499089253,0.014571948998178506
0.011325782811459028,0.009993337774816789,0.9680213191205863,0.006662225183211193,0.003997335109926716
0.8152173913043478,0.05434782608695652,0.09782608695652174,0.021739130434782608,0.010869565217391304
0.9729272419627749,0.011844331641285956,0.01015228426395939,0.00338409475465313,0.001692047377326565

0.010843373493975903,0.1602409638554217,0.8253012048192772,0.0024096385542168677,0.0012048192771084338
0.5932504440497336,0.0017761989342806395,0.3925399644760213,0.0053285968028419185,0.007104795737122558
0.8946031746031746,0.08571428571428572,0.006984126984126984,0.006349206349206349,0.006349206349206349
0.08955223880597014,0.04477611940298507,0.835820895522388,0.014925373134328358,0.014925373134328358
0.015625,0.0078125,0.96875,0.003125,0.0046875

Transition Gammas
7.0,7.0,12.0,214.0,1090.0
453.0,637.0,12.0,7.0,11.0
143.0,8.0,1628.0,11.0,16.0
4.0,2.0,5.0,1.0,106.0
10.0,11.0,6.0,2.0,855.0

6.0,740.0,153.0,6.0,2.0
8.0,524.0,5.0,4.0,8.0
17.0,15.0,1453.0,10.0,6.0
75.0,5.0,9.0,2.0,1.0
575.0,7.0,6.0,2.0,1.0

9.0,133.0,685.0,2.0,1.0
334.0,1.0,221.0,3.0,4.0
1409.0,135.0,11.0,10.0,10.0
6.0,3.0,56.0,1.0,1.0
10.0,5.0,620.0,2.0,3.0

Iteration: ,15000
Error:,0.3075441014894092
Transition Probabilities
0.004810996563573883,0.006185567010309278,0.008247422680412371,0.18900343642611683,0.7917525773195876
0.3834849545136459,0.5892232330300909,0.010496850944716585,0.006997900629811057,0.00979706088173548
0.10986775178026449,0.004577822990844354,0.8713123092573754,0.006103763987792472,0.008138351983723296
0.024691358024691357,0.024691358024691357,0.037037037037037035,0.012345679012345678,0.9012345679012346
0.012133468149646108,0.011122345803842264,0.006066734074823054,0.003033367037411527,0.967644084934277

0.007177033492822967,0.7607655502392344,0.22248803827751196,0.007177033492822967,0.0023923444976076554
0.009750812567713976,0.9631635969664138,0.00866738894907909,0.007583965330444204,0.010834236186348862
0.010359536867763558,0.009750152346130409,0.9701401584399756,0.006093845216331505,0.003656307129798903
0.8425925925925926,0.046296296296296294,0.08333333333333333,0.018518518518518517,0.009259259259259259
0.9692780337941628,0.013824884792626729,0.01228878648233487,0.0030721966205837174,0.0015360983102918587

0.011011011011011011,0.21421421421421422,0.7697697697697697,0.004004004004004004,0.001001001001001001
0.6185446009389671,0.0035211267605633804,0.36619718309859156,0.005868544600938967,0.005868544600938967
0.8584401709401709,0.12393162393162394,0.00641025641025641,0.005341880341880342,0.005876068376068376
0.08333333333333333,0.03571428571428571,0.8571428571428571,0.011904761904761904,0.011904761904761904
0.015988372093023256,0.007267441860465116,0.9680232558139535,0.0029069767441860465,0.005813953488372093

Transition Gammas
7.0,9.0,12.0,275.0,1152.0
548.0,842.0,15.0,10.0,14.0
216.0,9.0,1713.0,12.0,16.0
4.0,4.0,6.0,2.0,146.0
12.0,11.0,6.0,3.0,957.0

9.0,954.0,279.0,9.0,3.0
9.0,889.0,8.0,7.0,10.0
17.0,16.0,1592.0,10.0,6.0
91.0,5.0,9.0,2.0,1.0
631.0,9.0,8.0,2.0,1.0

11.0,214.0,769.0,4.0,1.0
527.0,3.0,312.0,5.0,5.0
1607.0,232.0,12.0,10.0,11.0
7.0,3.0,72.0,1.0,1.0
11.0,5.0,666.0,2.0,4.0

Iteration: ,17500
Error:,0.3113319125482115
Transition Probabilities
0.004962779156327543,0.006823821339950372,0.007444168734491315,0.20471464019851116,0.7760545905707196
0.3591331269349845,0.6160990712074303,0.009287925696594427,0.006191950464396285,0.009287925696594427
0.11492122335495829,0.004170528266913809,0.8674698795180723,0.005560704355885079,0.007877664504170528
0.020512820512820513,0.020512820512820513,0.041025641025641026,0.010256410256410256,0.9076923076923077
0.010810810810810811,0.011711711711711712,0.005405405405405406,0.002702702702702703,0.9693693693693693

0.0069881201956673656,0.7456324248777079,0.23829489867225717,0.0069881201956673656,0.0020964360587002098
0.00784313725490196,0.9670588235294117,0.009411764705882352,0.005490196078431373,0.01019607843137255
0.009269356597600873,0.009269356597600873,0.9716466739367503,0.0059978189749182115,0.003816793893129771
0.8512396694214877,0.04132231404958678,0.0743801652892562,0.01652892561983471,0.01652892561983471
0.9666203059805285,0.015299026425591099,0.013908205841446454,0.0027816411682892906,0.0013908205841446453

0.00842911877394636,0.23448275862068965,0.7509578544061303,0.0030651340996168583,0.0030651340996168583
0.6464088397790055,0.0027624309392265192,0.3416206261510129,0.004604051565377533,0.004604051565377533
0.853852967227635,0.12976085031000886,0.006643046944198406,0.00487156775907883,0.00487156775907883
0.07291666666666667,0.03125,0.875,0.010416666666666666,0.010416666666666666
0.0158311345646438,0.0079155672823219,0.9683377308707124,0.002638522427440633,0.005277044854881266

Transition Gammas
8.0,11.0,12.0,330.0,1251.0
580.0,995.0,15.0,10.0,15.0
248.0,9.0,1872.0,12.0,17.0
4.0,4.0,8.0,2.0,177.0
12.0,13.0,6.0,3.0,1076.0

10.0,1067.0,341.0,10.0,3.0
10.0,1233.0,12.0,7.0,13.0
17.0,17.0,1782.0,11.0,7.0
103.0,5.0,9.0,2.0,2.0
695.0,11.0,10.0,2.0,1.0

11.0,306.0,980.0,4.0,4.0
702.0,3.0,371.0,5.0,5.0
1928.0,293.0,15.0,11.0,11.0
7.0,3.0,84.0,1.0,1.0
12.0,6.0,734.0,2.0,4.0

Iteration: ,19593
Error:,0.31604627666299856
Transition Probabilities
0.006111111111111111,0.006666666666666667,0.008333333333333333,0.20444444444444446,0.7744444444444445
0.36129418813660874,0.6135410425404434,0.009586578789694428,0.005991611743559017,0.009586578789694428
0.1265377855887522,0.003954305799648506,0.8558875219683656,0.0057117750439367315,0.007908611599297012
0.02252252252252252,0.018018018018018018,0.036036036036036036,0.009009009009009009,0.9144144144144144
0.011914217633042097,0.011119936457505957,0.006354249404289118,0.0023828435266084196,0.9682287529785544

0.00698856416772554,0.7477763659466328,0.2363405336721728,0.00698856416772554,0.0019059720457433292
0.007524454477050414,0.9676448457486833,0.009781790820165538,0.005267118133935289,0.009781790820165538
0.008709016393442622,0.008709016393442622,0.9723360655737705,0.006147540983606557,0.004098360655737705
0.8515625,0.0390625,0.078125,0.015625,0.015625
0.9667487684729064,0.013546798029556651,0.013546798029556651,0.003694581280788177,0.0024630541871921183

0.008689355539464157,0.24185372918175235,0.7436640115858074,0.002896451846488052,0.002896451846488052
0.49352331606217614,0.0045336787564766836,0.49352331606217614,0.0038860103626943004,0.0045336787564766836
0.7567470313062252,0.2270600935588341,0.007556675062972292,0.004677941705649514,0.00395825836631882
0.08411214953271028,0.028037383177570093,0.8691588785046729,0.009345794392523364,0.009345794392523364
0.016786570743405275,0.01079136690647482,0.9652278177458034,0.002398081534772182,0.004796163069544364


Model Num 1
Model States: 
['nothing'],['MRVForward'],['LRVDocked'],['MRVDocked'],"['LRVForward', 't', 'nothing']","['LRVForward', 't', 'MRVForward']"
Iteration: ,0
Error:,0.8740473150370013
Transition Probabilities
0.16666666666666666,0.16666666666666666,0.16666666666666666,0.16666666666666666,0.16666666666666666,0.16666666666666666
0.16666666666666666,0.16666666666666666,0.16666666666666666,0.16666666666666666,0.16666666666666666,0.16666666666666666
0.16666666666666666,0.16666666666666666,0.16666666666666666,0.16666666666666666,0.16666666666666666,0.16666666666666666
0.16666666666666666,0.16666666666666666,0.16666666666666666,0.16666666666666666,0.16666666666666666,0.16666666666666666
0.16666666666666666,0.16666666666666666,0.16666666666666666,0.16666666666666666,0.16666666666666666,0.16666666666666666
0.16666666666666666,0.16666666666666666,0.16666666666666666,0.16666666666666666,0.16666666666666666,0.16666666666666666

0.16666666666666666,0.16666666666666666,0.16666666666666666,0.16666666666666666,0.16666666666666666,0.16666666666666666
0.16666666666666666,0.16666666666666666,0.16666666666666666,0.16666666666666666,0.16666666666666666,0.16666666666666666
0.16666666666666666,0.16666666666666666,0.16666666666666666,0.16666666666666666,0.16666666666666666,0.16666666666666666
0.16666666666666666,0.16666666666666666,0.16666666666666666,0.16666666666666666,0.16666666666666666,0.16666666666666666
0.16666666666666666,0.16666666666666666,0.16666666666666666,0.16666666666666666,0.16666666666666666,0.16666666666666666
0.16666666666666666,0.16666666666666666,0.16666666666666666,0.16666666666666666,0.16666666666666666,0.16666666666666666

0.16666666666666666,0.16666666666666666,0.16666666666666666,0.16666666666666666,0.16666666666666666,0.16666666666666666
0.16666666666666666,0.16666666666666666,0.16666666666666666,0.16666666666666666,0.16666666666666666,0.16666666666666666
0.16666666666666666,0.16666666666666666,0.16666666666666666,0.16666666666666666,0.16666666666666666,0.16666666666666666
0.16666666666666666,0.16666666666666666,0.16666666666666666,0.16666666666666666,0.16666666666666666,0.16666666666666666
0.16666666666666666,0.16666666666666666,0.16666666666666666,0.16666666666666666,0.16666666666666666,0.16666666666666666
0.16666666666666666,0.16666666666666666,0.16666666666666666,0.16666666666666666,0.16666666666666666,0.16666666666666666

Transition Gammas
1.0,1.0,1.0,1.0,1.0,1.0
1.0,1.0,1.0,1.0,1.0,1.0
1.0,1.0,1.0,1.0,1.0,1.0
1.0,1.0,1.0,1.0,1.0,1.0
1.0,1.0,1.0,1.0,1.0,1.0
1.0,1.0,1.0,1.0,1.0,1.0

1.0,1.0,1.0,1.0,1.0,1.0
1.0,1.0,1.0,1.0,1.0,1.0
1.0,1.0,1.0,1.0,1.0,1.0
1.0,1.0,1.0,1.0,1.0,1.0
1.0,1.0,1.0,1.0,1.0,1.0
1.0,1.0,1.0,1.0,1.0,1.0

1.0,1.0,1.0,1.0,1.0,1.0
1.0,1.0,1.0,1.0,1.0,1.0
1.0,1.0,1.0,1.0,1.0,1.0
1.0,1.0,1.0,1.0,1.0,1.0
1.0,1.0,1.0,1.0,1.0,1.0
1.0,1.0,1.0,1.0,1.0,1.0

Iteration: ,2500
Error:,0.24391694788719864
Transition Probabilities
0.0034965034965034965,0.017482517482517484,0.1958041958041958,0.7727272727272727,0.0034965034965034965,0.006993006993006993
0.10638297872340426,0.8702127659574468,0.00425531914893617,0.010638297872340425,0.005319148936170213,0.0031914893617021275
0.027777777777777776,0.027777777777777776,0.027777777777777776,0.8611111111111112,0.027777777777777776,0.027777777777777776
0.006097560975609756,0.03048780487804878,0.018292682926829267,0.926829268292683,0.009146341463414634,0.009146341463414634
0.02075352088675866,0.01538871807936203,0.01538871807936203,0.028094439267642723,0.8943811122840912,0.025993491402783273
0.9291310162243881,0.011920097175002324,0.011920097175002324,0.011920097175002324,0.02185642161434093,0.013252270636263963

0.005376344086021507,0.1559139784946237,0.010752688172043013,0.010752688172043013,0.03310635892997388,0.7840979421452949
0.01607717041800643,0.9517684887459807,0.006430868167202572,0.006430868167202572,0.011254019292604502,0.008038585209003215
0.6666666666666666,0.14285714285714285,0.047619047619047616,0.047619047619047616,0.047619047619047616,0.047619047619047616
0.9294871794871795,0.03205128205128205,0.00641025641025641,0.01282051282051282,0.009615384615384616,0.009615384615384616
0.030944981897114338,0.030944981897114338,0.030944981897114338,0.030944981897114338,0.783746782258953,0.0924732901525896
0.030519015894109675,0.05813801716725979,0.030519015894109675,0.030519015894109675,0.7842872272141207,0.06601770793629048

0.022598870056497175,0.7627118644067796,0.005649717514124294,0.03389830508474576,0.15936479201318127,0.015776450924671857
0.9303135888501742,0.010452961672473868,0.003484320557491289,0.003484320557491289,0.012784864608304851,0.03947994375406449
0.045454545454545456,0.7272727272727273,0.045454545454545456,0.045454545454545456,0.06818181818181818,0.06818181818181818
0.02586206896551724,0.9224137931034483,0.008620689655172414,0.017241379310344827,0.01293103448275862,0.01293103448275862
0.8905686877420748,0.013915135745969918,0.027050314254144087,0.040635590765871435,0.013915135745969918,0.013915135745969918
0.019230769230769232,0.9038461538461539,0.019230769230769232,0.019230769230769232,0.019230769230769232,0.019230769230769232

Transition Gammas
1.0,5.0,56.0,221.0,1.0,2.0
50.0,409.0,2.0,5.0,2.5,1.5
1.0,1.0,1.0,31.0,1.0,1.0
1.0,5.0,3.0,152.0,1.5,1.5
1.3486192143965146,1.0,1.0,1.8256516964412044,58.11927333203635,1.6891264931055832
77.94659746338912,1.0,1.0,1.0,1.8335774695005091,1.1117586074764008

1.0,29.0,2.0,2.0,6.15778276097514,145.84221723902482
5.0,296.0,2.0,2.0,3.5,2.5
14.0,3.0,1.0,1.0,1.0,1.0
145.0,5.0,1.0,2.0,1.5,1.5
1.0,1.0,1.0,1.0,25.32710424148086,2.988312950385434
1.0,1.90497679771125,1.0,1.0,25.698313141397595,2.1631663407938473

4.0,135.0,1.0,6.0,28.207568186333084,2.792431813666919
267.0,3.0,1.0,1.0,3.6692561425834924,11.330743857416508
1.0,16.0,1.0,1.0,1.5,1.5
3.0,107.0,1.0,2.0,1.5,1.5
64.0,1.0,1.94394900258004,2.920243934928213,1.0,1.0
1.0,47.0,1.0,1.0,1.0,1.0

Iteration: ,5000
Error:,0.21610851496727587
Transition Probabilities
0.0054249547920434,0.019891500904159132,0.19891500904159132,0.7649186256781193,0.0018083182640144665,0.009041591320072333
0.09773662551440329,0.8796296296296297,0.00411522633744856,0.01131687242798354,0.00360082304526749,0.00360082304526749
0.01818181818181818,0.03636363636363636,0.01818181818181818,0.8545454545454545,0.01818181818181818,0.05454545454545454
0.0029154518950437317,0.023323615160349854,0.014577259475218658,0.9416909620991254,0.007288629737609329,0.01020408163265306
0.013006502766092106,0.00927414732868382,0.006587352886035933,0.01797710305534835,0.9419674225542355,0.011187471409604313
0.9467310470202805,0.013604120325545846,0.006915225863218672,0.006915225863218672,0.017860015271857554,0.007974365655878623

0.002881844380403458,0.18155619596541786,0.005763688760806916,0.005763688760806916,0.020908904891034488,0.7831256772415304
0.012903225806451613,0.964516129032258,0.004838709677419355,0.0064516129032258064,0.006713164777680907,0.004577157802964254
0.8444444444444444,0.06666666666666667,0.022222222222222223,0.022222222222222223,0.022222222222222223,0.022222222222222223
0.9423076923076923,0.019230769230769232,0.007692307692307693,0.011538461538461539,0.007692307692307693,0.011538461538461539
0.014857358761768337,0.014857358761768337,0.014857358761768337,0.014857358761768337,0.8935137018855805,0.04705686306734604
0.013875965975571771,0.026433393229294975,0.013875965975571771,0.027293092415436093,0.8869254182526637,0.03159616415146189

0.021341463414634148,0.7560975609756098,0.003048780487804878,0.018292682926829267,0.19224968810598544,0.008969824089136515
0.9244288224956061,0.005272407732864674,0.0070298769771528985,0.0035149384885764493,0.007514800189057864,0.05223915411674178
0.047619047619047616,0.8333333333333334,0.023809523809523808,0.023809523809523808,0.03571428571428571,0.03571428571428571
0.0211864406779661,0.9491525423728814,0.00423728813559322,0.00847457627118644,0.006355932203389831,0.01059322033898305
0.9416522891858427,0.006631354149196075,0.01289101428408472,0.025562634082484364,0.006631354149196075,0.006631354149196075
0.009812637168360764,0.9322005309942726,0.009812637168360764,0.018980943294703477,0.019380614205941688,0.009812637168360764

Transition Gammas
3.0,11.0,110.0,423.0,1.0,5.0
95.0,855.0,4.0,11.0,3.5,3.5
1.0,2.0,1.0,47.0,1.0,3.0
1.0,8.0,5.0,323.0,2.5,3.5
1.974465766615248,1.40787164269633,1.0,2.7290329463686005,142.9963505600324,1.6983258075212346
136.90529647857767,1.9672705699902977,1.0,1.0,2.5827088840081154,1.1531605494324342

1.0,63.0,2.0,2.0,7.255389997188967,271.74461000281104
8.0,598.0,3.0,4.0,4.162162162162162,2.8378378378378377
38.0,3.0,1.0,1.0,1.0,1.0
245.0,5.0,2.0,3.0,2.0,3.0
1.0,1.0,1.0,1.0,60.13947136989198,3.1672428337959375
1.0,1.90497679771125,1.0,1.9669327860478165,63.918102697431635,2.277042492543294

7.0,248.0,1.0,6.0,63.05789769876323,2.942102301236777
526.0,3.0,4.0,2.0,4.275921307573926,29.72407869242608
2.0,35.0,1.0,1.0,1.5,1.5
5.0,224.0,1.0,2.0,1.5,2.5
142.0,1.0,1.94394900258004,3.85481358819953,1.0,1.0
1.0,95.0,1.0,1.9343366078901205,1.9750668320266946,1.0

Iteration: ,7500
Error:,0.22096083456178245
Transition Probabilities
0.006045949214026602,0.015719467956469165,0.18863361547763,0.781136638452237,0.0024183796856106408,0.006045949214026602
0.08725289706884799,0.8916155419222904,0.0027266530334014998,0.00954328561690525,0.00408997955010225,0.004771642808452625
0.02564102564102564,0.05128205128205128,0.01282051282051282,0.8461538461538461,0.014102564102564105,0.049999999999999996
0.0037593984962406013,0.018796992481203006,0.009398496240601503,0.9548872180451128,0.006578947368421052,0.006578947368421052
0.00900661388384359,0.008631630297419705,0.00451885434998312,0.012332102400945002,0.9578236724636866,0.007687126604122046
0.9538507960280876,0.00953136131570117,0.008163850594531251,0.008364603627108468,0.014502363436933612,0.005587024997637828

0.006048387096774194,0.18548387096774197,0.00806451612903226,0.00403225806451613,0.014715370165046765,0.7816555975768886
0.00980392156862745,0.9684095860566448,0.004357298474945534,0.006535947712418301,0.007131806538191593,0.0037614396491722412
0.8666666666666667,0.06666666666666667,0.016666666666666666,0.016666666666666666,0.016666666666666666,0.016666666666666666
0.941025641025641,0.017948717948717947,0.007692307692307693,0.015384615384615385,0.005917159763313609,0.012031558185404337
0.010270233717485913,0.010270233717485913,0.02032292882636518,0.010270233717485913,0.9159011967096318,0.03296517331154528
0.017877250181933747,0.01723421542987004,0.009046942435506947,0.017794727689885898,0.9172079611547637,0.020838903108039725

0.014198782961460444,0.766734279918864,0.008113590263691683,0.012170385395537523,0.19275332398399875,0.006029637476447566
0.9241379310344827,0.009195402298850575,0.008045977011494253,0.0022988505747126436,0.00512673086772095,0.05119510821273882
0.046875,0.875,0.015625,0.015625,0.0234375,0.0234375
0.014084507042253521,0.9605633802816902,0.005633802816901409,0.005633802816901409,0.007042253521126761,0.007042253521126761
0.9396883036825151,0.004391066839637922,0.01289249622249786,0.02558931899370295,0.005285811063833531,0.012153003197812698
0.007198936682731742,0.95025964212059,0.007198936682731742,0.013925166763291075,0.014218381067923743,0.007198936682731742

Transition Gammas
5.0,13.0,156.0,646.0,2.0,5.0
128.0,1308.0,4.0,14.0,6.0,7.0
2.0,4.0,1.0,66.0,1.1,3.9
2.0,10.0,5.0,508.0,3.5,3.5
1.9931188717948463,1.9101368685299511,1.0,2.7290329463686005,211.96161643653429,1.7011228972561951
196.8745635627845,1.9672705699902977,1.6850167022797038,1.7264520775366337,2.9932841532074517,1.1531605494324342

3.0,92.0,4.0,2.0,7.2988236018631945,387.70117639813674
9.0,889.0,4.0,6.0,6.546998402059883,3.4530015979401174
52.0,4.0,1.0,1.0,1.0,1.0
367.0,7.0,3.0,6.0,2.3076923076923075,4.692307692307692
1.0,1.0,1.9788185337753057,1.0,89.18017076380988,3.209778298951403
1.9760543752074833,1.90497679771125,1.0,1.9669327860478165,101.38319854395843,2.303419443264316

7.0,378.0,4.0,6.0,95.02738872411139,2.9726112758886507
804.0,8.0,7.0,2.0,4.460255854917227,44.53974414508278
3.0,56.0,1.0,1.0,1.5,1.5
5.0,341.0,2.0,2.0,2.5,2.5
214.0,1.0,2.936073781915137,5.827585852875106,1.2037646560327442,2.767665271707595
1.0,132.0,1.0,1.9343366078901205,1.9750668320266946,1.0

Iteration: ,10000
Error:,0.2071964283682354
Transition Probabilities
0.004528985507246377,0.012681159420289856,0.17481884057971014,0.8016304347826086,0.0018115942028985507,0.004528985507246377
0.07899067471201317,0.9018102029621503,0.0027427317608337905,0.008228195282501372,0.0038398244651673065,0.004388370817334065
0.030303030303030304,0.050505050505050504,0.010101010101010102,0.8484848484848485,0.011855460820138044,0.04875059978592257
0.00436046511627907,0.020348837209302327,0.007267441860465116,0.9563953488372093,0.005087209302325582,0.006540697674418605
0.008107573049589922,0.006760586433417542,0.003539320425043948,0.013077818872260902,0.9624900580975038,0.006024643122183882
0.9654631925680365,0.006910205795858117,0.005918764993403203,0.006064310285759916,0.011573250757668343,0.004070275599273883

0.004629629629629627,0.17901234567901225,0.0061728395061728366,0.004629629629629627,0.011306816772681059,0.7942487387828745
0.008456659619450317,0.9718111346018323,0.004933051444679351,0.005637773079633545,0.006727976322804709,0.002433404931599801
0.8243243243243243,0.06756756756756757,0.013513513513513514,0.04054054054054054,0.02702702702702703,0.02702702702702703
0.9481765834932822,0.015355086372360844,0.009596928982725527,0.013435700575815739,0.004429351838181012,0.009006348737634725
0.007950544770251753,0.007950544770251753,0.02358793070192905,0.007950544770251753,0.9268559262966454,0.025704508690670355
0.013465834842637997,0.012981476248265518,0.0068145062259352554,0.013403675716519023,0.9375670989890349,0.015767407977607364

0.015552099533437011,0.7791601866251943,0.007776049766718506,0.010886469673405908,0.1804232545713179,0.006201939829926335
0.9243986254295533,0.00859106529209622,0.006013745704467354,0.002577319587628866,0.003917836979838861,0.05450140700641543
0.05263157894736842,0.881578947368421,0.013157894736842105,0.013157894736842105,0.019736842105263157,0.019736842105263157
0.01443298969072165,0.9628865979381444,0.008247422680412371,0.004123711340206186,0.005154639175257732,0.005154639175257732
0.9527573724134993,0.0034395573011317664,0.010098794013247767,0.02004431546822876,0.0041404175115017944,0.009519543292390693
0.005851053130330245,0.9595727133741602,0.005851053130330245,0.011317906264707876,0.011556220970141232,0.005851053130330245

Transition Gammas
5.0,14.0,193.0,885.0,2.0,5.0
144.0,1644.0,5.0,15.0,7.0,8.0
3.0,5.0,1.0,84.0,1.1736906211936664,4.826309378806334
3.0,14.0,5.0,658.0,3.5,4.5
2.290714621999575,1.9101368685299511,1.0,3.695008448436401,271.94205172467605,1.7022033607225808
274.8582866065153,1.9672705699902977,1.6850167022797038,1.7264520775366337,3.294795594702187,1.158769164733215

3.0,116.0,4.0,3.0,7.326817268697329,514.673182731303
12.0,1379.0,7.0,8.0,9.546998402059883,3.4530015979401174
61.0,5.0,1.0,3.0,2.0,2.0
494.0,8.0,5.0,7.0,2.3076923076923075,4.692307692307692
1.0,1.0,2.9668320075609285,1.0,116.57766267345936,3.233049990089726
1.9760543752074833,1.90497679771125,1.0,1.9669327860478165,137.58401091787962,2.313800509506963

10.0,501.0,5.0,7.0,116.01215268935742,3.987847310642634
1076.0,10.0,7.0,3.0,4.560362244532435,63.439637755467565
4.0,67.0,1.0,1.0,1.5,1.5
7.0,467.0,4.0,2.0,2.5,2.5
277.0,1.0,2.936073781915137,5.827585852875106,1.2037646560327442,2.767665271707595
1.0,164.0,1.0,1.9343366078901205,1.9750668320266946,1.0

Iteration: ,12500
Error:,0.20939151191401592
Transition Probabilities
0.004288777698355968,0.01143674052894925,0.17441029306647604,0.8048606147248034,0.0014295925661186562,0.0035739814152966403
0.08011583011583012,0.900096525096525,0.002413127413127413,0.008204633204633204,0.004285496405076718,0.004884387764807452
0.02459016393442623,0.040983606557377046,0.00819672131147541,0.8770491803278688,0.009620414927816939,0.03955991294103552
0.004576659038901602,0.018306636155606407,0.006864988558352402,0.959954233409611,0.0044358387607815524,0.005861644076747052
0.0071342811590498325,0.005399606809417193,0.0028268167053247615,0.010445111608356147,0.9693800974572946,0.004814086260557517
0.9670464057708107,0.008124165472591873,0.004631271709936307,0.004745156920070063,0.00956669914086395,0.005886300985727124

0.004807692307692303,0.16586538461538444,0.004807692307692303,0.0036057692307692266,0.008825212698817973,0.8120882488396437
0.008249852681202121,0.9723040659988215,0.004714201532115498,0.005303476723629935,0.007207639011972309,0.002220764052258687
0.8461538461538461,0.054945054945054944,0.01098901098901099,0.03296703296703297,0.027472527472527472,0.027472527472527472
0.9553158705701078,0.015408320493066256,0.007704160246533128,0.01078582434514638,0.0035557662676306743,0.007230058077515703
0.0060071373320461155,0.021589732073132913,0.017822167310528575,0.0060071373320461155,0.9290359581015423,0.01953786785070401
0.01028769458499811,0.009917651929139511,0.005206179907836755,0.010240205950787512,0.9522682507229384,0.012080016904299773

0.013142174432497012,0.7885304659498207,0.005973715651135005,0.008363201911589008,0.17920310445789775,0.0047873375970605096
0.9104958145524791,0.010946555054732776,0.0051513200257566,0.0019317450096587251,0.002980784949635667,0.06849378040773714
0.05555555555555555,0.8888888888888888,0.011111111111111112,0.011111111111111112,0.016666666666666666,0.016666666666666666
0.012903225806451613,0.9661290322580646,0.0064516129032258064,0.004838709677419355,0.00564516129032258,0.004032258064516129
0.9633472019432047,0.002668551805936855,0.00783506499309349,0.01555121475194193,0.0032123083467791363,0.007385658159044019
0.0039696811089408625,0.9725718716905112,0.0039696811089408625,0.007678699490674159,0.007840385491992044,0.0039696811089408625

Transition Gammas
6.0,16.0,244.0,1126.0,2.0,5.0
166.0,1865.0,5.0,17.0,8.879548551318958,10.120451448681042
3.0,5.0,1.0,107.0,1.1736906211936664,4.826309378806334
4.0,16.0,6.0,839.0,3.876923076923077,5.1230769230769235
2.523786259509247,1.9101368685299511,1.0,3.695008448436401,342.9228699658213,1.703006159362726
351.8449030117004,2.9558521656224865,1.6850167022797038,1.7264520775366337,3.4806957673106047,2.1416397259343904

4.0,138.0,4.0,3.0,7.342576965416561,675.6574230345843
14.0,1650.0,8.0,9.0,12.231363403317008,3.768636596682992
77.0,5.0,1.0,3.0,2.5,2.5
620.0,10.0,5.0,7.0,2.3076923076923075,4.692307692307692
1.0,3.594013401018609,2.9668320075609285,1.0,154.65535524640646,3.2524423482839104
1.9760543752074833,1.90497679771125,1.0,1.9669327860478165,182.9111301531299,2.320322600860561

11.0,660.0,5.0,7.0,149.99299843126045,4.007001568739647
1414.0,17.0,8.0,3.0,4.629159026784191,106.37084097321578
5.0,80.0,1.0,1.0,1.5,1.5
8.0,599.0,4.0,3.0,3.5,2.5
361.0,1.0,2.936073781915137,5.827585852875106,1.2037646560327442,2.767665271707595
1.0,245.0,1.0,1.9343366078901205,1.9750668320266946,1.0

Iteration: ,15000
Error:,0.20826818920672663
Transition Probabilities
0.006184291898577613,0.011131725417439703,0.17996289424860853,0.7983920841063699,0.0012368583797155227,0.0030921459492888066
0.10436681222707424,0.8755458515283843,0.003056768558951965,0.007860262008733625,0.0045272948269752785,0.004643010849880617
0.02112676056338028,0.04225352112676056,0.014084507042253521,0.8732394366197183,0.015307680430941313,0.03398809421694601
0.003937007874015748,0.015748031496062992,0.006889763779527559,0.9645669291338582,0.003815869170199879,0.005042398546335555
0.005611877796074218,0.004247370251572089,0.0022235947180271336,0.008216201269008816,0.9737332425134315,0.00596771345188617
0.9662218288358175,0.008261389993568777,0.0076401358586211145,0.005658285235563436,0.0077037299084362935,0.004514630167992868

0.004351610095735419,0.18624891209747596,0.004351610095735419,0.0026109660574412516,0.008139023874784802,0.7942978777788272
0.008822003113648157,0.9724961079398028,0.0041515308770108976,0.006227296315516347,0.006347360354601457,0.001955701399420338
0.8440366972477065,0.045871559633027525,0.01834862385321101,0.027522935779816515,0.03211009174311927,0.03211009174311927
0.9540540540540541,0.016216216216216217,0.008108108108108109,0.010810810810810811,0.0031185031185031182,0.007692307692307691
0.004686975898035236,0.016845054187789865,0.013905470112957563,0.004686975898035236,0.9445710647771115,0.015304459126070726
0.008219357530836581,0.011842738263737756,0.012264836788433686,0.008181416468336804,0.949822469580285,0.009669181368370154

0.012182741116751269,0.7766497461928934,0.006091370558375634,0.007106598984771574,0.1938826722920352,0.0040868708551729796
0.875,0.0117827868852459,0.004098360655737705,0.003586065573770492,0.002932760766489378,0.10260002611875652
0.04504504504504504,0.9009009009009009,0.009009009009009009,0.009009009009009009,0.018018018018018018,0.018018018018018018
0.013831258644536652,0.9654218533886584,0.005532503457814661,0.005532503457814661,0.005756794138536877,0.00392508691263878
0.9685692292762658,0.002133412399286929,0.006263856211559019,0.01456080426214804,0.0025681264430036216,0.00590457140773681
0.002375944170997318,0.9812649426218923,0.002375944170997318,0.0069145763382317225,0.004692648526883964,0.002375944170997318

Transition Gammas
10.0,18.0,291.0,1291.0,2.0,5.0
239.0,2005.0,7.0,18.0,10.367505153773388,10.632494846226612
3.0,6.0,2.0,124.0,2.1736906211936664,4.826309378806334
4.0,16.0,7.0,980.0,3.876923076923077,5.1230769230769235
2.523786259509247,1.9101368685299511,1.0,3.695008448436401,437.9094961051933,2.6838134681220036
461.83002076242116,3.9487390973699896,3.651795060836147,2.704519717763484,3.682191436150807,2.1578810186176054

5.0,214.0,5.0,3.0,9.351738432127744,912.648261567873
17.0,1874.0,8.0,12.0,12.231363403317008,3.768636596682992
92.0,5.0,2.0,3.0,3.5,3.5
706.0,12.0,6.0,8.0,2.3076923076923075,5.692307692307692
1.0,3.594013401018609,2.9668320075609285,1.0,201.53102668462034,3.265316370089785
1.9760543752074833,2.8471683671989116,2.9486470573963826,1.9669327860478165,228.3512841049834,2.3246133382030645

12.0,765.0,6.0,7.0,190.97443220765467,4.0255677923453845
1708.0,23.0,8.0,7.0,5.724749016187266,200.27525098381273
5.0,100.0,1.0,1.0,2.0,2.0
10.0,698.0,4.0,4.0,4.162162162162162,2.8378378378378377
454.0,1.0,2.936073781915137,6.825124044003324,1.2037646560327442,2.767665271707595
1.0,413.0,1.0,2.910243608682642,1.9750668320266946,1.0

Iteration: ,17500
Error:,0.22003639453160326
Transition Probabilities
0.006798866855524079,0.01076487252124646,0.19773371104815865,0.7796033994334277,0.001277805432219028,0.003821344709424031
0.1386255924170616,0.8416271721958926,0.002764612954186414,0.007898894154818325,0.004479343979596921,0.004604384298444152
0.01818181818181818,0.04242424242424243,0.012121212121212121,0.8848484848484849,0.013173882552688887,0.02925035987155354
0.004508566275924256,0.015329125338142471,0.0063119927862939585,0.9648331830477908,0.003495872927793577,0.005521259624054936
0.004439168254907209,0.00505733861617193,0.0017589319373544773,0.008004927960487712,0.974264221254326,0.006475411976752541
0.9671196682691815,0.006749319460989225,0.0062417725921830765,0.005635941400506997,0.01047049861952889,0.003782799657610354

0.005980066445182722,0.2099667774086378,0.003322259136212624,0.003986710963455148,0.008212034008659226,0.7685321520378524
0.009686346863468635,0.9723247232472325,0.004612546125461255,0.005535055350553505,0.0061030274000539704,0.0017383010132301622
0.8549618320610687,0.05343511450381679,0.015267175572519083,0.022900763358778626,0.026717557251908396,0.026717557251908396
0.9535759096612296,0.01756587202007528,0.0075282308657465494,0.011292346298619825,0.002895473409902519,0.007142167744426213
