0,1,2,3,4,5,6,7,8,9,10,11,12,13,14,15,16,17,18,19,20,21,22,23,24,25,26,27,28,29
github Code Version (SHA):,ddb97f21bb9c22f159e8ea0ce9d830001061547e
Environment Observations,Environment Actions,alpha,epsilon,numActions,explore,patience,gainThresh,insertRandActions,useBudd,revisedSplitting,haveControl,confidence_factor
"['square', 'diamond']","['x', 'y']",0.99,0.99,75000,0.5,0,0.01,False,True,False,True,250

Model Num 0
Model States: 
['square'],['diamond']
Iteration: ,0
Error:,0.6766154130414163
Absolute Error:,1
Transition Probabilities
0.5,0.5
0.5,0.5

0.5,0.5
0.5,0.5

Transition Gammas
1.0,1.0
1.0,1.0

1.0,1.0
1.0,1.0

Iteration: ,1832
Error:,0.23398448442920075
Absolute Error:,1
Transition Probabilities
0.986644407345576,0.01335559265442404
0.9820717131474104,0.017928286852589643

0.21462639109697934,0.7853736089030207
0.09259259259259259,0.9074074074074074


Model Num 1
Model States: 
['diamond'],"['square', 'y', 'diamond']","['square', 'y', 'square']"
Iteration: ,0
Error:,0.615980156022585
Absolute Error:,1
Transition Probabilities
0.3333333333333333,0.3333333333333333,0.3333333333333333
0.3333333333333333,0.3333333333333333,0.3333333333333333
0.3333333333333333,0.3333333333333333,0.3333333333333333

0.3333333333333333,0.3333333333333333,0.3333333333333333
0.3333333333333333,0.3333333333333333,0.3333333333333333
0.3333333333333333,0.3333333333333333,0.3333333333333333

Transition Gammas
1.0,1.0,1.0
1.0,1.0,1.0
1.0,1.0,1.0

1.0,1.0,1.0
1.0,1.0,1.0
1.0,1.0,1.0

Iteration: ,2500
Error:,0.12760195188271292
Absolute Error:,1
Transition Probabilities
0.01875,0.9680218451733589,0.013228154826641119
0.016544148232324783,0.9788439674246193,0.004611884343055867
0.04471436776986029,0.935559879274774,0.019725752955365664

0.6725274725274726,0.0029787677585061795,0.32449375971402117
0.9973787680209698,0.001310615989515072,0.001310615989515072
0.03571428571428571,0.0831140073920184,0.8811717068936958

Transition Gammas
12.0,619.5339809109497,8.466019089050317
7.543335202294541,446.30573017963206,2.1027972564892696
6.8036197071342785,142.3523120040283,3.0014182965961544

306.0,1.3553393301203116,147.64466066987964
761.0,1.0,1.0
1.0,2.327192206976515,24.672807793023484

Iteration: ,3975
Error:,0.12243395149642256
Absolute Error:,1
Transition Probabilities
0.01906779661016948,0.9708752022081881,0.010057001181642376
0.015221568456723969,0.9768444172828609,0.00793401426041523
0.033149682740105,0.9442477182196964,0.022602599040198523

0.6632258064516129,0.0017546631674217902,0.3350195303809653
0.998286203941731,0.000856898029134533,0.000856898029134533
0.016666666666666666,0.0957666360021074,0.887566697331226


Model Num 2
Model States: 
"['square', 'y', 'diamond']","['square', 'y', 'square']","['diamond', 'y', 'diamond']","['diamond', 'y', 'square', 'y', 'square']"
Iteration: ,0
Error:,0.6753709203395567
Absolute Error:,0.74
Transition Probabilities
0.25,0.25,0.25,0.25
0.25,0.25,0.25,0.25
0.25,0.25,0.25,0.25
0.25,0.25,0.25,0.25

0.25,0.25,0.25,0.25
0.25,0.25,0.25,0.25
0.25,0.25,0.25,0.25
0.25,0.25,0.25,0.25

Transition Gammas
1.0,1.0,1.0,1.0
1.0,1.0,1.0,1.0
1.0,1.0,1.0,1.0
1.0,1.0,1.0,1.0

1.0,1.0,1.0,1.0
1.0,1.0,1.0,1.0
1.0,1.0,1.0,1.0
1.0,1.0,1.0,1.0

Iteration: ,2500
Error:,0.028339497573798268
Absolute Error:,0.03452400910566995
Transition Probabilities
0.9548600441822089,0.024080208186416395,0.01683195686832758,0.004227790763047067
0.9539851232049391,0.013372151989594058,0.013018911193521821,0.019623813611944887
0.96164781929296,0.016220699101080302,0.013032033323168242,0.009099448282791566
0.9483002821258374,0.02701549689695435,0.017171983774635045,0.007512237202573292

0.001432664756446992,0.001432664756446992,0.9800574797941624,0.01707719069294377
0.07114552552406644,0.9109973316187907,0.008928571428571433,0.008928571428571433
0.0032467532467532444,0.0032467532467532444,0.027390879782529545,0.9661156137239639
0.014936236348706385,0.9718187305387108,0.006622516556291392,0.006622516556291392

Transition Gammas
477.8271843119808,12.050119957858469,8.422979478361052,2.115653878780888
144.55718675918322,2.0262796824732745,1.972753170909627,2.973592795345838
377.1965787334097,6.362404284439659,5.111682556565264,3.5691660624303414
151.95403687613614,4.328917631980841,2.751609700967114,1.2037482118460736

1.0,1.0,684.080120896325,11.919879103674747
7.968298858695438,102.03170114130451,1.0,1.0
1.0,1.0,8.436390973019106,297.5636090269811
2.2553716886546638,146.7446283113453,1.0,1.0

Iteration: ,5000
Error:,0.020034484842813886
Absolute Error:,0.025567353574119028
Transition Probabilities
0.961777715407355,0.01997113788250976,0.01489340054497362,0.003357746165161548
0.9678964181327189,0.01055412338683327,0.01056279978048399,0.010986658699963927
0.9667667406562691,0.012274158640449591,0.011546201280377791,0.009412899422903572
0.9580289638762741,0.02166610650686506,0.01344834952212023,0.006856580094740456

0.0006997900629811064,0.0006997900629811064,0.9845839637962047,0.01401645607783299
0.0624266002440954,0.9275231484996233,0.005025125628140707,0.005025125628140707
0.0016778523489932883,0.0016778523489932883,0.019357556980062897,0.9772867383219505
0.012305671781482102,0.9801755312260366,0.003759398496240603,0.003759398496240603

Transition Gammas
968.2806992781136,20.106171150020693,14.994101093523645,3.380449299996502
261.96588919340377,2.856525001944538,2.8588733102295167,2.973592795345838
809.6757647995773,10.279717295333414,9.670046515950263,7.8833871902205965
323.73032692116533,7.321256462014484,4.544370526889765,2.31692673116107

1.0,1.0,1406.9704842647752,20.029515735223324
12.422893448574976,184.5771065514249,1.0,1.0
1.0,1.0,11.537103960117488,582.4628960398826
3.2733086938742377,260.72669130612564,1.0,1.0

Iteration: ,7500
Error:,0.01854855549413531
Absolute Error:,0.02198037418542901
Transition Probabilities
0.9621212225959364,0.01966895345181883,0.014633829264348239,0.003575994687896574
0.9687783641780273,0.013611406542824214,0.010396922563046316,0.00721330671610216
0.9667991683055775,0.012292198851621739,0.01265757335326333,0.008251059489537551
0.9592467122989958,0.01871705589073597,0.012427598605093926,0.009608633205174306

0.0004875670404680649,0.0004875670404680649,0.9824030428528755,0.016621823066188472
0.03473119080565504,0.9615990844237028,0.0018348623853211017,0.0018348623853211017
0.0010214504596527064,0.0010214504596527064,0.01795840605321716,0.9799986930274774
0.016810374270241738,0.9795795174265091,0.0018050541516245495,0.0018050541516245495

Transition Gammas
1177.844391412492,24.07905154162435,17.91497091956297,4.377790644192817
530.9463969380411,7.459835529360913,5.6981129825055055,3.9533079520958605
1039.6120557842128,13.217965568422688,13.61085764904836,8.872474449217504
426.4608922095053,8.321208978207508,5.525048687889579,4.271796021871863

1.0,1.0,2014.9086408912453,34.09135910875252
18.928498989081987,524.0715010109178,1.0,1.0
1.0,1.0,17.581279526099607,959.4187204739007
9.31294734571392,542.6870526542858,1.0,1.0

Iteration: ,10000
Error:,0.01773200554959755
Absolute Error:,0.02035435721426148
Transition Probabilities
0.9604306244813745,0.022510547375009477,0.013905438742105317,0.0031533894015104962
0.9707241423783585,0.015121503900653817,0.008356604404993388,0.0057977493159943215
0.9681847975641349,0.012365680212358895,0.011911149928397053,0.007538372295109141
0.9672261417908996,0.014386218670235651,0.011951152551118357,0.0064364869877464115

0.0003548616039744502,0.0003548616039744502,0.9818452573130115,0.01744501947903961
0.03479278243626653,0.9620476599018062,0.0015797788309636648,0.0015797788309636648
0.0006635700066357,0.0006635700066357,0.01506902696680645,0.9836038330199223
0.015247124448257432,0.9818030230443678,0.0014749262536873165,0.0014749262536873165

Transition Gammas
1366.6685962097963,32.031942127554395,19.78708920867291,4.4871937199965615
661.9071060504536,10.310891064777085,5.6981129825055055,3.9533079520958605
1266.0141079846014,16.16956354102983,15.575212386736045,9.85729759531391
825.3291933703872,12.275687905592656,10.197858255358586,5.492221916065794

1.0,1.0,2766.8399351080648,49.16006489193359
22.023831282156717,608.9761687178434,1.0,1.0
1.0,1.0,22.709023638977325,1482.290976361023
10.337550375918534,665.6624496240811,1.0,1.0

Iteration: ,12500
Error:,0.01599615908493167
Absolute Error:,0.018247238952497326
Transition Probabilities
0.9622761628585507,0.020053365611536613,0.014862905874538259,0.002807565655374515
0.9739852882052297,0.011820431382882548,0.008329557599998804,0.005864722811888997
0.9695617427833915,0.012670754559891572,0.010881058442740359,0.006886444213976571
0.9696159500661697,0.013034014537964779,0.010988211733209786,0.006361823662655616

0.00029542097488921744,0.00029542097488921744,0.9813281547358814,0.018081003314340174
0.022420526526934836,0.9757293347126582,0.0009250693802035151,0.0009250693802035151
0.0005112474437627811,0.0005112474437627811,0.0177654519777167,0.9812120531347577
0.015957639369703083,0.9819633585512949,0.00103950103950104,0.00103950103950104

Transition Gammas
1537.9585323732308,32.05030524028076,23.75464943213647,4.4871937199965615
929.3188154409386,11.27835237735814,7.947568300792321,5.595769589576917
1387.8365000401648,18.136994154478003,15.575212386736045,9.85729759531391
986.7811968849883,13.264757520863283,11.182737582836241,6.474447917010994

1.0,1.0,3321.7958037809553,61.204196219041435
24.23658917561656,1054.7634108243838,1.0,1.0
1.0,1.0,34.749224068413874,1919.2507759315863
15.351249073654358,944.6487509263452,1.0,1.0

Iteration: ,12816
Error:,0.01638036811774138
Absolute Error:,0.018152650043797056
Transition Probabilities
0.9628464918350776,0.019751157771891528,0.014637385055034166,0.002764965337996721
0.97325501515742,0.012242530337018602,0.008907261131565048,0.005595193373996356
0.9697275127069724,0.012601951531926319,0.010821674607060723,0.00684886115404065
0.9697612803758567,0.012971967543386621,0.010935466324951003,0.006331285755805586

0.0002904443799012492,0.0002904443799012492,0.981351459241602,0.01806765199859536
0.020983319133413354,0.9772865770603582,0.0008650519031141866,0.0008650519031141866
0.00049800796812749,0.00049800796812749,0.018302260104990607,0.9807017239587544
0.016223234526700533,0.9817926384891725,0.0009920634920634924,0.0009920634920634924

*,*,*,*,*,*,*,*,*,*,*
Model Num 2
Model States: 
"['square', 'y', 'diamond']","['square', 'y', 'square']","['diamond', 'y', 'diamond']","['diamond', 'y', 'square', 'y', 'square']"
Iteration: ,12816
Error:,0.015825399665580255
Absolute Error:,0.018152650043797056
Transition Probabilities
0.9628464918350776,0.019751157771891528,0.014637385055034166,0.002764965337996721
0.97325501515742,0.012242530337018602,0.008907261131565048,0.005595193373996356
0.9697275127069724,0.012601951531926319,0.010821674607060723,0.00684886115404065
0.9697612803758567,0.012971967543386621,0.010935466324951003,0.006331285755805586

0.0002904443799012492,0.0002904443799012492,0.981351459241602,0.01806765199859536
0.020983319133413354,0.9772865770603582,0.0008650519031141866,0.0008650519031141866
0.00049800796812749,0.00049800796812749,0.018302260104990607,0.9807017239587544
0.016223234526700533,0.9817926384891725,0.0009920634920634924,0.0009920634920634924

Transition Gammas
1562.5797083638538,32.05366443432719,23.75464943213647,4.4871937199965615
973.3552448842779,12.243791122170098,8.908178437241737,5.595769589576917
1395.6908256895642,18.13749523285816,15.575212386736045,9.85729759531391
991.6893888370212,13.26528788624032,11.182737582836241,6.474447917010994

1.0,1.0,3378.793074168833,62.206925831163765
24.256716918225845,1129.7432830817745,1.0,1.0
1.0,1.0,36.75093829082114,1969.249061709179
16.353020402914133,989.6469795970855,1.0,1.0

