0,1,2,3,4,5,6,7,8,9,10,11,12,13,14,15,16,17,18,19,20,21,22,23,24,25,26,27,28,29
github Code Version (SHA):,528ca1c557fe8e6666681dc5c9134b0f84d30530
Environment Observations,Environment Actions,alpha,epsilon,numActions,explore,patience,gainThresh,insertRandActions,useUpdatedPosterior,revisedSplitting,haveControl,confidence_factor
"['diamond', 'square']","['x', 'y']",0.8,0.99,75000,0.5,0,0.01,False,True,False,True,250

Model Num 0
Model States: 
['diamond'],['square']
Iteration: ,0
Error:,0.45386404948952525
Absolute Error:,1
Transition Probabilities
0.5,0.5
0.5,0.5

0.5,0.5
0.5,0.5

Transition Gammas
1.0,1.0
1.0,1.0

1.0,1.0
1.0,1.0

Iteration: ,2460
Error:,0.08602814999495084
Absolute Error:,1
Transition Probabilities
0.41894353369763204,0.581056466302368
0.1661721068249258,0.8338278931750742

0.162,0.838
0.8411843876177658,0.15881561238223418


Model Num 1
Model States: 
['square'],"['diamond', 'x', 'square']","['diamond', 'x', 'diamond']"
Iteration: ,0
Error:,0.5183684497203943
Absolute Error:,1
Transition Probabilities
0.3333333333333333,0.3333333333333333,0.3333333333333333
0.3333333333333333,0.3333333333333333,0.3333333333333333
0.3333333333333333,0.3333333333333333,0.3333333333333333

0.3333333333333333,0.3333333333333333,0.3333333333333333
0.3333333333333333,0.3333333333333333,0.3333333333333333
0.3333333333333333,0.3333333333333333,0.3333333333333333

Transition Gammas
1.0,1.0,1.0
1.0,1.0,1.0
1.0,1.0,1.0

1.0,1.0,1.0
1.0,1.0,1.0
1.0,1.0,1.0

Iteration: ,2500
Error:,0.055919024693749375
Absolute Error:,1
Transition Probabilities
0.8519813519813519,0.08005892713552112,0.06795972088312692
0.9959183673469387,0.0020408163265306124,0.0020408163265306124
0.0025706940874036,0.7753107566157029,0.22211854929689345

0.13468013468013468,0.3006398169654488,0.5646800483544167
0.7975952331510321,0.0880132919144139,0.11439147493455394
0.8566952614866727,0.048296275470537456,0.09500846304278976

Transition Gammas
731.0,68.69055948227712,58.3094405177229
488.0,1.0,1.0
1.0,301.5958843235083,86.40411567649151

80.0,178.58005127747657,335.4199487225235
39.822222422026975,4.394315237898239,5.711321443122188
71.64542088275958,4.039017301381657,7.945557338921588

Iteration: ,2905
Error:,0.06122478236554431
Absolute Error:,1
Transition Probabilities
0.8531701890989989,0.07833119974247767,0.06849861115852347
0.9966044142614601,0.001697792869269949,0.001697792869269949
0.002188183807439826,0.7737409075320214,0.22407090866053878

0.14666666666666667,0.33070671870227897,0.5226266146310543
0.8153554275117745,0.07308622291244692,0.11155834957577856
0.8452700311071385,0.05539766396477491,0.09933230492808652


Model Num 2
Model States: 
"['diamond', 'x', 'square']","['diamond', 'x', 'diamond']","['square', 'y', 'diamond', 'x', 'diamond']","['square', 'y', 'diamond', 'x', 'square']"
Iteration: ,0
Error:,0.45231993369621215
Absolute Error:,0.55
Transition Probabilities
0.25,0.25,0.25,0.25
0.25,0.25,0.25,0.25
0.25,0.25,0.25,0.25
0.25,0.25,0.25,0.25

0.25,0.25,0.25,0.25
0.25,0.25,0.25,0.25
0.25,0.25,0.25,0.25
0.25,0.25,0.25,0.25

Transition Gammas
1.0,1.0,1.0,1.0
1.0,1.0,1.0,1.0
1.0,1.0,1.0,1.0
1.0,1.0,1.0,1.0

1.0,1.0,1.0,1.0
1.0,1.0,1.0,1.0
1.0,1.0,1.0,1.0
1.0,1.0,1.0,1.0

Iteration: ,2500
Error:,0.29571814972952576
Absolute Error:,0.3600427090793408
Transition Probabilities
0.001119820828667413,0.001119820828667413,0.2600261387290023,0.7377342196136629
0.6905311778290993,0.30484988452655887,0.0023094688221709007,0.0023094688221709007
0.25,0.25,0.25,0.25
0.25,0.25,0.25,0.25

0.25,0.25,0.25,0.25
0.25,0.25,0.25,0.25
0.0033916021211355773,0.9835646151293175,0.0065218913747735535,0.0065218913747735535
0.8235719730045008,0.0014322990834860882,0.08749786395600649,0.08749786395600649

Transition Gammas
1.0,1.0,232.2033418849991,658.796658115001
299.0,132.0,1.0,1.0
1.0,1.0,1.0,1.0
1.0,1.0,1.0,1.0

1.0,1.0,1.0,1.0
1.0,1.0,1.0,1.0
1.0,290.0,1.9229529708484472,1.9229529708484472
575.0,1.0,61.0891014068406,61.0891014068406

Iteration: ,5000
Error:,0.2955372543404188
Absolute Error:,0.35810606013646706
Transition Probabilities
0.0005586592178770953,0.0005586592178770953,0.23413602813146114,0.7647466534327847
0.6907090464547677,0.30684596577017115,0.0012224938875305623,0.0012224938875305623
0.25,0.25,0.25,0.25
0.25,0.25,0.25,0.25

0.25,0.25,0.25,0.25
0.25,0.25,0.25,0.25
0.001812100061326995,0.9912187335458663,0.0034845831964033986,0.0034845831964033986
0.8130975112671082,0.0006855796890953695,0.09310845452189821,0.09310845452189821

Transition Gammas
1.0,1.0,419.1034903553152,1368.8965096446839
565.0,251.0,1.0,1.0
1.0,1.0,1.0,1.0
1.0,1.0,1.0,1.0

1.0,1.0,1.0,1.0
1.0,1.0,1.0,1.0
1.0,547.0,1.9229529708484472,1.9229529708484472
1186.0,1.0,135.80982051080878,135.80982051080878

Iteration: ,7500
Error:,0.2955584159914243
Absolute Error:,0.35817247380902767
Transition Probabilities
0.0003721622627465576,0.0003721622627465576,0.23025352175455674,0.7690021537199501
0.6902439024390243,0.308130081300813,0.0008130081300813008,0.0008130081300813008
0.25,0.25,0.25,0.25
0.25,0.25,0.25,0.25

0.25,0.25,0.25,0.25
0.25,0.25,0.25,0.25
0.0012138192261293697,0.9941179461999539,0.0023341172869584346,0.0023341172869584346
0.8141597963032425,0.0004550921164355744,0.09269255579016089,0.09269255579016089

Transition Gammas
1.0,1.0,618.6912129544938,2066.3087870455056
849.0,379.0,1.0,1.0
1.0,1.0,1.0,1.0
1.0,1.0,1.0,1.0

1.0,1.0,1.0,1.0
1.0,1.0,1.0,1.0
1.0,819.0,1.9229529708484472,1.9229529708484472
1789.0,1.0,203.67866733477686,203.67866733477686

Iteration: ,10000
Error:,0.2925917955522069
Absolute Error:,0.35741738377522597
Transition Probabilities
0.0002789400278940028,0.0002789400278940028,0.22889944692170783,0.7705426730225041
0.6969512195121951,0.3018292682926829,0.0006097560975609756,0.0006097560975609756
0.25,0.25,0.25,0.25
0.25,0.25,0.25,0.25

0.25,0.25,0.25,0.25
0.25,0.25,0.25,0.25
0.0009042851220292194,0.9956179193541705,0.001738897761900138,0.001738897761900138
0.8116774239070168,0.00034089770008694534,0.0939908391964481,0.0939908391964481

Transition Gammas
1.0,1.0,820.6045172143225,2762.3954827856774
1143.0,495.0,1.0,1.0
1.0,1.0,1.0,1.0
1.0,1.0,1.0,1.0

1.0,1.0,1.0,1.0
1.0,1.0,1.0,1.0
1.0,1101.0,1.9229529708484472,1.9229529708484472
2381.0,1.0,275.7156741523217,275.7156741523217

Iteration: ,12500
Error:,0.2961176768532595
Absolute Error:,0.35733040088647783
Transition Probabilities
0.00022281639928698762,0.00022281639928698762,0.23279023797600906,0.766764129225417
0.7027683341427877,0.29626032054395335,0.00048567265662943174,0.00048567265662943174
0.25,0.25,0.25,0.25
0.25,0.25,0.25,0.25

0.25,0.25,0.25,0.25
0.25,0.25,0.25,0.25
0.0007153864354786108,0.9965333046217049,0.0013756544714082757,0.0013756544714082757
0.812378521123919,0.0002739893831783875,0.0936737447464514,0.0936737447464514

Transition Gammas
1.0,1.0,1044.7625880363282,3441.23741196367
1447.0,610.0,1.0,1.0
1.0,1.0,1.0,1.0
1.0,1.0,1.0,1.0

1.0,1.0,1.0,1.0
1.0,1.0,1.0,1.0
1.0,1393.0,1.9229529708484472,1.9229529708484472
2965.0,1.0,341.88822814883605,341.88822814883605

Iteration: ,15000
Error:,0.3001903561933864
Absolute Error:,0.3572852932862341
Transition Probabilities
0.0001852194850898313,0.0001852194850898313,0.23290069977618977,0.7667288612536305
0.7040322580645161,0.29516129032258065,0.0004032258064516129,0.0004032258064516129
0.25,0.25,0.25,0.25
0.25,0.25,0.25,0.25

0.25,0.25,0.25,0.25
0.25,0.25,0.25,0.25
0.0005952926970640291,0.9971152675822487,0.0011447198603436594,0.0011447198603436594
0.815061911116786,0.00022824472447963766,0.09235492207936716,0.09235492207936716

Transition Gammas
1.0,1.0,1257.4308780916497,4139.569121908355
1746.0,732.0,1.0,1.0
1.0,1.0,1.0,1.0
1.0,1.0,1.0,1.0

1.0,1.0,1.0,1.0
1.0,1.0,1.0,1.0
1.0,1675.0,1.9229529708484472,1.9229529708484472
3571.0,1.0,404.63113568088795,404.63113568088795

Iteration: ,17500
Error:,0.2970061503827873
Absolute Error:,0.35703327183966016
Transition Probabilities
0.00015888147442008247,0.00015888147442008247,0.23284660127523452,0.7668356357759253
0.7065556711758585,0.29275060700659034,0.000346860908775581,0.000346860908775581
0.25,0.25,0.25,0.25
0.25,0.25,0.25,0.25

0.25,0.25,0.25,0.25
0.25,0.25,0.25,0.25
0.0005094643430607147,0.9975311837128794,0.0009796759720299539,0.0009796759720299539
0.8134905407488153,0.00019555061075692676,0.09315695432021392,0.09315695432021392

Transition Gammas
1.0,1.0,1465.5365084263276,4826.463491573679
2037.0,844.0,1.0,1.0
1.0,1.0,1.0,1.0
1.0,1.0,1.0,1.0

1.0,1.0,1.0,1.0
1.0,1.0,1.0,1.0
1.0,1958.0,1.9229529708484472,1.9229529708484472
4160.0,1.0,476.38283490717316,476.38283490717316

Iteration: ,20000
Error:,0.2979885411183245
Absolute Error:,0.35722860882671137
Transition Probabilities
0.00013877324451845677,0.00013877324451845677,0.23608792901826212,0.763634524492701
0.7086614173228346,0.290732889158086,0.0003028467595396729,0.0003028467595396729
0.25,0.25,0.25,0.25
0.25,0.25,0.25,0.25

0.25,0.25,0.25,0.25
0.25,0.25,0.25,0.25
0.00044447488486169866,0.9978461165145135,0.0008547043003123249,0.0008547043003123249
0.8155088791794624,0.0001713974105043006,0.09215986170501674,0.09215986170501674

Transition Gammas
1.0,1.0,1701.2496165055977,5502.750383494406
2340.0,960.0,1.0,1.0
1.0,1.0,1.0,1.0
1.0,1.0,1.0,1.0

1.0,1.0,1.0,1.0
1.0,1.0,1.0,1.0
1.0,2245.0,1.9229529708484472,1.9229529708484472
4758.0,1.0,537.6969315572262,537.6969315572262

Iteration: ,22500
Error:,0.297500428116806
Absolute Error:,0.3571010028238629
Transition Probabilities
0.00012316787781746518,0.00012316787781746518,0.23586464696303128,0.7638890172813338
0.7097902097902098,0.28967186659494354,0.00026896180742334586,0.00026896180742334586
0.25,0.25,0.25,0.25
0.25,0.25,0.25,0.25

0.25,0.25,0.25,0.25
0.25,0.25,0.25,0.25
0.00039403495604629246,0.9980905436652588,0.0007577106893473554,0.0007577106893473554
0.8171493998533275,0.0001523679656634957,0.0913491160905045,0.0913491160905045

Transition Gammas
1.0,1.0,1914.9850686928514,6202.014931307151
2639.0,1077.0,1.0,1.0
1.0,1.0,1.0,1.0
1.0,1.0,1.0,1.0

1.0,1.0,1.0,1.0
1.0,1.0,1.0,1.0
1.0,2533.0,1.9229529708484472,1.9229529708484472
5363.0,1.0,599.5296694598444,599.5296694598444

Iteration: ,25000
Error:,0.29914697943730606
Absolute Error:,0.3569644244999061
Transition Probabilities
0.0001106439477760566,0.0001106439477760566,0.23519388757317672,0.7645848245312712
0.7104687879523925,0.28904542142336653,0.00024289531212047608,0.00024289531212047608
0.25,0.25,0.25,0.25
0.25,0.25,0.25,0.25

0.25,0.25,0.25,0.25
0.25,0.25,0.25,0.25
0.0003550069948415197,0.9982796694943534,0.0006826617554024797,0.0006826617554024797
0.8187566333872439,0.00013691582498114447,0.09055322539388747,0.09055322539388747

Transition Gammas
1.0,1.0,2125.682355886372,6910.317644113632
2925.0,1190.0,1.0,1.0
1.0,1.0,1.0,1.0
1.0,1.0,1.0,1.0

1.0,1.0,1.0,1.0
1.0,1.0,1.0,1.0
1.0,2812.0,1.9229529708484472,1.9229529708484472
5980.0,1.0,661.3788099831273,661.3788099831273

Iteration: ,27500
Error:,0.3001839255165336
Absolute Error:,0.3567954495059476
Transition Probabilities
0.00010055304172951226,0.00010055304172951226,0.23485448197171502,0.764944411944826
0.7116917626217892,0.28786536758193093,0.00022143489813994686,0.00022143489813994686
0.25,0.25,0.25,0.25
0.25,0.25,0.25,0.25

0.25,0.25,0.25,0.25
0.25,0.25,0.25,0.25
0.00032301349304264516,0.9984347069948163,0.0006211397560704888,0.0006211397560704888
0.8182263106369861,0.0001242938342149455,0.09082469776439948,0.09082469776439948

Transition Gammas
1.0,1.0,2335.627823208707,7607.372176791298
3214.0,1300.0,1.0,1.0
1.0,1.0,1.0,1.0
1.0,1.0,1.0,1.0

1.0,1.0,1.0,1.0
1.0,1.0,1.0,1.0
1.0,3091.0,1.9229529708484472,1.9229529708484472
6583.0,1.0,730.7256899592726,730.7256899592726

Iteration: ,30000
Error:,0.29734819765268844
Absolute Error:,0.3567951316707534
Transition Probabilities
9.212344541685857e-05,9.212344541685857e-05,0.23630592372441794,0.7635098293847483
0.7133306320907618,0.2862641815235008,0.0002025931928687196,0.0002025931928687196
0.25,0.25,0.25,0.25
0.25,0.25,0.25,0.25

0.25,0.25,0.25,0.25
0.25,0.25,0.25,0.25
0.00029473781825716195,0.9985717282552647,0.0005667669632389993,0.0005667669632389993
0.8193347181180894,0.0001141134704899846,0.0902755842057103,0.0902755842057103

Transition Gammas
1.0,1.0,2565.100802028557,8287.899197971445
3521.0,1413.0,1.0,1.0
1.0,1.0,1.0,1.0
1.0,1.0,1.0,1.0

1.0,1.0,1.0,1.0
1.0,1.0,1.0,1.0
1.0,3388.0,1.9229529708484472,1.9229529708484472
7180.0,1.0,791.1036604011927,791.1036604011927

Iteration: ,32500
Error:,0.29931503941841997
Absolute Error:,0.356627298998639
Transition Probabilities
8.48968503268529e-05,8.48968503268529e-05,0.23611401336117124,0.763716192938175
0.7146332335329342,0.2849925149700599,0.00018712574850299402,0.00018712574850299402
0.25,0.25,0.25,0.25
0.25,0.25,0.25,0.25

0.25,0.25,0.25,0.25
0.25,0.25,0.25,0.25
0.0002716028930994146,0.9986838379265474,0.0005222795901765524,0.0005222795901765524
0.8210833727973499,0.00010530760200042965,0.0894056598003249,0.0894056598003249

Transition Gammas
1.0,1.0,2781.1869633812353,8995.813036618762
3819.0,1523.0,1.0,1.0
1.0,1.0,1.0,1.0
1.0,1.0,1.0,1.0

1.0,1.0,1.0,1.0
1.0,1.0,1.0,1.0
1.0,3677.0,1.9229529708484472,1.9229529708484472
7797.0,1.0,848.9953061504538,848.9953061504538

Iteration: ,35000
Error:,0.2920868567435799
Absolute Error:,0.3565608446094216
Transition Probabilities
7.87835815016151e-05,7.87835815016151e-05,0.2344884653864754,0.7653539674505213
0.713663297316138,0.28598814918089926,0.0001742767514813524,0.0001742767514813524
0.25,0.25,0.25,0.25
0.25,0.25,0.25,0.25

0.25,0.25,0.25,0.25
0.25,0.25,0.25,0.25
0.0002529183037956123,0.9987743816888729,0.0004863500036657227,0.0004863500036657227
0.8216598263477236,9.757271420825598e-05,0.08912130046903412,0.08912130046903412

Transition Gammas
1.0,1.0,2976.362091150531,9714.637908849463
4095.0,1641.0,1.0,1.0
1.0,1.0,1.0,1.0
1.0,1.0,1.0,1.0

1.0,1.0,1.0,1.0
1.0,1.0,1.0,1.0
1.0,3949.0,1.9229529708484472,1.9229529708484472
8421.0,1.0,913.3834309335349,913.3834309335349

Iteration: ,37500
Error:,0.3000836756798324
Absolute Error:,0.3564788190903189
Transition Probabilities
7.337295472888699e-05,7.337295472888699e-05,0.2334392976116952,0.766413956478847
0.7133757961783439,0.2862975665523436,0.00016331863465621427,0.00016331863465621427
0.25,0.25,0.25,0.25
0.25,0.25,0.25,0.25

0.25,0.25,0.25,0.25
0.25,0.25,0.25,0.25
0.00023708784585783373,0.9988510945990535,0.0004559087775443801,0.0004559087775443801
0.823369078538634,9.07393738746566e-05,0.08827009104374574,0.08827009104374574

Transition Gammas
1.0,1.0,3181.544187149792,10445.4558128502
4368.0,1753.0,1.0,1.0
1.0,1.0,1.0,1.0
1.0,1.0,1.0,1.0

1.0,1.0,1.0,1.0
1.0,1.0,1.0,1.0
1.0,4213.0,1.9229529708484472,1.9229529708484472
9074.0,1.0,972.7870854131986,972.7870854131986

Iteration: ,40000
Error:,0.295569105146954
Absolute Error:,0.3563528170306123
Transition Probabilities
6.881838827334665e-05,6.881838827334665e-05,0.23396301940116784,0.7658993438222854
0.7150076569678407,0.2846860643185299,0.00015313935681470137,0.00015313935681470137
0.25,0.25,0.25,0.25
0.25,0.25,0.25,0.25

0.25,0.25,0.25,0.25
0.25,0.25,0.25,0.25
0.00022178624438733057,0.9989252447205369,0.00042648451753793707,0.00042648451753793707
0.822142355893565,8.512552866986591e-05,0.08888625928888258,0.08888625928888258

Transition Gammas
1.0,1.0,3399.7166349183694,11129.283365081628
4669.0,1859.0,1.0,1.0
1.0,1.0,1.0,1.0
1.0,1.0,1.0,1.0

1.0,1.0,1.0,1.0
1.0,1.0,1.0,1.0
1.0,4504.0,1.9229529708484472,1.9229529708484472
9658.0,1.0,1044.1786462625278,1044.1786462625278

Iteration: ,42500
Error:,0.29824400863359996
Absolute Error:,0.3563636809050892
Transition Probabilities
6.476683937823834e-05,6.476683937823834e-05,0.2347637104915565,0.765106755829687
0.7158091944084162,0.283902579622424,0.00014411298457991066,0.00014411298457991066
0.25,0.25,0.25,0.25
0.25,0.25,0.25,0.25

0.25,0.25,0.25,0.25
0.25,0.25,0.25,0.25
0.00020842686897501038,0.9989899829972249,0.00040079506690013627,0.00040079506690013627
0.8221929536372506,8.015920382541197e-05,0.08886344357946205,0.08886344357946205

Transition Gammas
1.0,1.0,3624.7516899896327,11813.24831001037
4967.0,1970.0,1.0,1.0
1.0,1.0,1.0,1.0
1.0,1.0,1.0,1.0

1.0,1.0,1.0,1.0
1.0,1.0,1.0,1.0
1.0,4793.0,1.9229529708484472,1.9229529708484472
10257.0,1.0,1108.5869037947039,1108.5869037947039

Iteration: ,45000
Error:,0.2926217212887754
Absolute Error:,0.3567245614771996
Transition Probabilities
6.127450980392153e-05,6.127450980392153e-05,0.2352546518878006,0.7646227990925916
0.7134922785153075,0.2862367921972365,0.000135464643727987,0.000135464643727987
0.25,0.25,0.25,0.25
0.25,0.25,0.25,0.25

0.25,0.25,0.25,0.25
0.25,0.25,0.25,0.25
0.00019654683307766425,0.9990475525337673,0.0003779503165775483,0.0003779503165775483
0.8207202920063875,7.583813454134055e-05,0.08960193492953557,0.08960193492953557

Transition Gammas
1.0,1.0,3839.3559188089084,12478.644081191103
5267.0,2113.0,1.0,1.0
1.0,1.0,1.0,1.0
1.0,1.0,1.0,1.0

1.0,1.0,1.0,1.0
1.0,1.0,1.0,1.0
1.0,5083.0,1.9229529708484472,1.9229529708484472
10822.0,1.0,1181.4891739022423,1181.4891739022423

Iteration: ,47500
Error:,0.29550441808871986
Absolute Error:,0.3565558766251131
Transition Probabilities
5.802483462922127e-05,5.802483462922127e-05,0.23402747861455026,0.7658564717161914
0.7136785162287481,0.2860638845955693,0.00012879958784131891,0.00012879958784131891
0.25,0.25,0.25,0.25
0.25,0.25,0.25,0.25

0.25,0.25,0.25,0.25
0.25,0.25,0.25,0.25
0.00018695621776824097,0.9990940277534798,0.00035950801437602823,0.00035950801437602823
0.8205923604454056,7.171129602773797e-05,0.08966796412928335,0.08966796412928335

Transition Gammas
1.0,1.0,4033.2295664431617,13198.77043355685
5541.0,2221.0,1.0,1.0
1.0,1.0,1.0,1.0
1.0,1.0,1.0,1.0

1.0,1.0,1.0,1.0
1.0,1.0,1.0,1.0
1.0,5344.0,1.9229529708484472,1.9229529708484472
11443.0,1.0,1250.402225258901,1250.402225258901

Iteration: ,50000
Error:,0.3042827408104256
Absolute Error:,0.35655749341275045
Transition Probabilities
5.511160099200874e-05,5.511160099200874e-05,0.23437541466898282,0.7655143621290331
0.7140758873929008,0.28567931456548346,0.00012239902080783354,0.00012239902080783354
0.25,0.25,0.25,0.25
0.25,0.25,0.25,0.25

0.25,0.25,0.25,0.25
0.25,0.25,0.25,0.25
0.00017746714225947937,0.9991400109208689,0.0003412609684358499,0.0003412609684358499
0.8203755398196779,6.812618666497907e-05,0.08977816699682858,0.08977816699682858

Transition Gammas
1.0,1.0,4252.741899168699,13890.258100831326
5834.0,2334.0,1.0,1.0
1.0,1.0,1.0,1.0
1.0,1.0,1.0,1.0

1.0,1.0,1.0,1.0
1.0,1.0,1.0,1.0
1.0,5630.0,1.9229529708484472,1.9229529708484472
12042.0,1.0,1317.8216981133326,1317.8216981133326

Iteration: ,52500
Error:,0.2998014146326703
Absolute Error:,0.35696606211536097
Transition Probabilities
5.251273433807692e-05,5.251273433807692e-05,0.23492699454735283,0.764967979983971
0.7114156311694344,0.2883521077691325,0.00011613053071652537,0.00011613053071652537
0.25,0.25,0.25,0.25
0.25,0.25,0.25,0.25

0.25,0.25,0.25,0.25
0.25,0.25,0.25,0.25
0.00016900896455589626,0.9991809984544586,0.0003249962904927806,0.0003249962904927806
0.8204812868621464,6.493718138996013e-05,0.08972688797823182,0.08972688797823182

Transition Gammas
1.0,1.0,4473.714757165245,14567.285242834778
6126.0,2483.0,1.0,1.0
1.0,1.0,1.0,1.0
1.0,1.0,1.0,1.0

1.0,1.0,1.0,1.0
1.0,1.0,1.0,1.0
1.0,5912.0,1.9229529708484472,1.9229529708484472
12635.0,1.0,1381.7490389582013,1381.7490389582013

Iteration: ,55000
Error:,0.3009015264014649
Absolute Error:,0.3570132635203886
Transition Probabilities
5.01504513540621e-05,5.01504513540621e-05,0.23519474287084874,0.7647049562264432
0.7113573407202216,0.28842105263157897,0.00011080332409972299,0.00011080332409972299
0.25,0.25,0.25,0.25
0.25,0.25,0.25,0.25

0.25,0.25,0.25,0.25
0.25,0.25,0.25,0.25
0.00016116435688473912,0.9992190126853826,0.0003099114788663885,0.0003099114788663885
0.8205772600870821,6.203335803500772e-05,0.0896803532774415,0.0896803532774415

Transition Gammas
1.0,1.0,4689.783172844732,15248.216827155302
6420.0,2603.0,1.0,1.0
1.0,1.0,1.0,1.0
1.0,1.0,1.0,1.0

1.0,1.0,1.0,1.0
1.0,1.0,1.0,1.0
1.0,6200.0,1.9229529708484472,1.9229529708484472
13228.0,1.0,1445.6794879108684,1445.6794879108684

Iteration: ,57500
Error:,0.29400545815829254
Absolute Error:,0.35675853214145553
Transition Probabilities
4.792026068621806e-05,4.792026068621806e-05,0.23481009049256135,0.7650940689860662
0.7130545802744973,0.28673263113097136,0.00010639429726566656,0.00010639429726566656
0.25,0.25,0.25,0.25
0.25,0.25,0.25,0.25

0.25,0.25,0.25,0.25
0.25,0.25,0.25,0.25
0.00015446768652343113,0.999251464120076,0.00029703409670031854,0.00029703409670031854
0.8215483476622613,5.9261945297717755e-05,0.08919619519622057,0.08919619519622057

Transition Gammas
1.0,1.0,4900.016968398778,15965.983031601256
6702.0,2695.0,1.0,1.0
1.0,1.0,1.0,1.0
1.0,1.0,1.0,1.0

1.0,1.0,1.0,1.0
1.0,1.0,1.0,1.0
1.0,6469.0,1.9229529708484472,1.9229529708484472
13863.0,1.0,1505.1175716240894,1505.1175716240894

Iteration: ,60000
Error:,0.29933214401549263
Absolute Error:,0.35702026165939554
Transition Probabilities
4.5938993017272976e-05,4.5938993017272976e-05,0.23512273856610122,0.7647853834478643
0.7113149847094801,0.2884811416921509,0.00010193679918450561,0.00010193679918450561
0.25,0.25,0.25,0.25
0.25,0.25,0.25,0.25

0.25,0.25,0.25,0.25
0.25,0.25,0.25,0.25
0.00014823937782498212,0.9992816459182046,0.0002850573519852748,0.0002850573519852748
0.8217480124448733,5.6766234625923824e-05,0.08909761066025046,0.08909761066025046

Transition Gammas
1.0,1.0,5118.151773106901,16647.84822689314
6978.0,2830.0,1.0,1.0
1.0,1.0,1.0,1.0
1.0,1.0,1.0,1.0

1.0,1.0,1.0,1.0
1.0,1.0,1.0,1.0
1.0,6741.0,1.9229529708484472,1.9229529708484472
14476.0,1.0,1569.5529437064624,1569.5529437064624

Iteration: ,62500
Error:,0.2994924115342115
Absolute Error:,0.35714171163157465
Transition Probabilities
4.412089124200298e-05,4.412089124200298e-05,0.23546636470934967,0.7644453935081663
0.7107268464243846,0.2890777647518562,9.769441187964049e-05,9.769441187964049e-05
0.25,0.25,0.25,0.25
0.25,0.25,0.25,0.25

0.25,0.25,0.25,0.25
0.25,0.25,0.25,0.25
0.0001422303963673717,0.9993107648771535,0.00027350236323958957,0.00027350236323958957
0.821400432819986,5.453461909573669e-05,0.08927251628045918,0.08927251628045918

Transition Gammas
1.0,1.0,5336.845156137423,17326.15484386263
7275.0,2959.0,1.0,1.0
1.0,1.0,1.0,1.0
1.0,1.0,1.0,1.0

1.0,1.0,1.0,1.0
1.0,1.0,1.0,1.0
1.0,7026.0,1.9229529708484472,1.9229529708484472
15062.0,1.0,1636.9879859936195,1636.9879859936195

Iteration: ,65000
Error:,0.2959093582573171
Absolute Error:,0.3572737645253715
Transition Probabilities
4.244662337111074e-05,4.244662337111074e-05,0.23530120206787294,0.7646139046853848
0.709541232761047,0.2902711323763955,9.381743127873159e-05,9.381743127873159e-05
0.25,0.25,0.25,0.25
0.25,0.25,0.25,0.25

0.25,0.25,0.25,0.25
0.25,0.25,0.25,0.25
0.00013683922907938478,0.9993368899667471,0.0002631354020868142,0.0002631354020868142
0.821234537960332,5.2441541376777265e-05,0.08935651024914565,0.08935651024914565

Transition Gammas
1.0,1.0,5543.461019517031,18013.53898048302
7563.0,3094.0,1.0,1.0
1.0,1.0,1.0,1.0
1.0,1.0,1.0,1.0

1.0,1.0,1.0,1.0
1.0,1.0,1.0,1.0
1.0,7303.0,1.9229529708484472,1.9229529708484472
15660.0,1.0,1703.9260842305346,1703.9260842305346

Iteration: ,67500
Error:,0.2998739728820118
Absolute Error:,0.35705014394088797
Transition Probabilities
4.0879731828959154e-05,4.0879731828959154e-05,0.2347570577302716,0.7651611828060704
0.7108193752829335,0.28899954730647354,9.053870529651426e-05,9.053870529651426e-05
0.25,0.25,0.25,0.25
0.25,0.25,0.25,0.25

0.25,0.25,0.25,0.25
0.25,0.25,0.25,0.25
0.00013172027098407756,0.9993616959561964,0.00025329188640979447,0.00025329188640979447
0.8207998317234855,5.0482799171135093e-05,0.08957484273867168,0.08957484273867168

Transition Gammas
1.0,1.0,5742.627146197911,18717.372853802117
7851.0,3192.0,1.0,1.0
1.0,1.0,1.0,1.0
1.0,1.0,1.0,1.0

1.0,1.0,1.0,1.0
1.0,1.0,1.0,1.0
1.0,7587.0,1.9229529708484472,1.9229529708484472
16259.0,1.0,1774.3636289860988,1774.3636289860988

Iteration: ,70000
Error:,0.2965569807627754
Absolute Error:,0.35700603345120674
Transition Probabilities
3.943062182090607e-05,3.943062182090607e-05,0.23443412433461525,0.7654870144217429
0.710880195599022,0.28894516241704504,8.732099196646873e-05,8.732099196646873e-05
0.25,0.25,0.25,0.25
0.25,0.25,0.25,0.25

0.25,0.25,0.25,0.25
0.25,0.25,0.25,0.25
0.00012705114697330062,0.9993843220919827,0.00024431338052201116,0.00024431338052201116
0.8205071813540934,4.8674567322423525e-05,0.08972207203929208,0.08972207203929208

Transition Gammas
1.0,1.0,5945.483827250184,19413.516172749845
8141.0,3309.0,1.0,1.0
1.0,1.0,1.0,1.0
1.0,1.0,1.0,1.0

1.0,1.0,1.0,1.0
1.0,1.0,1.0,1.0
1.0,7866.0,1.9229529708484472,1.9229529708484472
16857.0,1.0,1843.3049737241051,1843.3049737241051

Iteration: ,72500
Error:,0.29857547254737143
Absolute Error:,0.3569672637514889
Transition Probabilities
3.8089433991010874e-05,3.8089433991010874e-05,0.23501941073406538,0.7649044103979525
0.7118058481503329,0.2880256172579422,8.426729586247578e-05,8.426729586247578e-05
0.25,0.25,0.25,0.25
0.25,0.25,0.25,0.25

0.25,0.25,0.25,0.25
0.25,0.25,0.25,0.25
0.000122416313334132,0.9994067820598536,0.00023540081340618348,0.00023540081340618348
0.8201679633138439,4.703337328328042e-05,0.08989250165643639,0.08989250165643639

Transition Gammas
1.0,1.0,6170.199609412156,20081.800390587858
8447.0,3418.0,1.0,1.0
1.0,1.0,1.0,1.0
1.0,1.0,1.0,1.0

1.0,1.0,1.0,1.0
1.0,1.0,1.0,1.0
1.0,8164.0,1.9229529708484472,1.9229529708484472
17438.0,1.0,1911.2492977064794,1911.2492977064794

Iteration: ,74999
Error:,0.2965059541362506
Absolute Error:,0.3569580533421336
Transition Probabilities
3.6814784817582704e-05,3.6814784817582704e-05,0.2345224283660917,0.7654039420642732
0.7114083013944386,0.28842860637690615,8.15461143276523e-05,8.15461143276523e-05
0.25,0.25,0.25,0.25
0.25,0.25,0.25,0.25

0.25,0.25,0.25,0.25
0.25,0.25,0.25,0.25
0.00011855581135104998,0.9994254896893513,0.0002279772496488496,0.0002279772496488496
0.8199392044167524,4.543102861351687e-05,0.09000768227731708,0.09000768227731708

Transition Gammas
1.0,1.0,6370.332721708154,20790.667278291872
8724.0,3537.0,1.0,1.0
1.0,1.0,1.0,1.0
1.0,1.0,1.0,1.0

1.0,1.0,1.0,1.0
1.0,1.0,1.0,1.0
1.0,8430.0,1.9229529708484472,1.9229529708484472
18048.0,1.0,1981.1940214476574,1981.1940214476574

*,*,*,*,*,*,*,*,*,*,*
Model Num 2
Model States: 
"['diamond', 'x', 'square']","['diamond', 'x', 'diamond']","['square', 'y', 'diamond', 'x', 'diamond']","['square', 'y', 'diamond', 'x', 'square']"
Iteration: ,74999
Error:,0.2964456583637486
Absolute Error:,0.3569580535999191
Transition Probabilities
3.6814784817582704e-05,3.6814784817582704e-05,0.2345224283660917,0.7654039420642732
0.7114083013944386,0.28842860637690615,8.15461143276523e-05,8.15461143276523e-05
0.25,0.25,0.25,0.25
0.25,0.25,0.25,0.25

0.25,0.25,0.25,0.25
0.25,0.25,0.25,0.25
0.00011855581135104998,0.9994254896893513,0.0002279772496488496,0.0002279772496488496
0.8199019843156664,4.5428966329547115e-05,0.09002629335900206,0.09002629335900206

Transition Gammas
1.0,1.0,6370.332721708154,20790.667278291872
8724.0,3537.0,1.0,1.0
1.0,1.0,1.0,1.0
1.0,1.0,1.0,1.0

1.0,1.0,1.0,1.0
1.0,1.0,1.0,1.0
1.0,8430.0,1.9229529708484472,1.9229529708484472
18048.0,1.0,1981.6936336596486,1981.6936336596486

