0,1,2,3,4,5,6,7,8,9,10,11,12,13,14,15,16,17,18,19,20,21,22,23,24,25,26,27,28,29
github Code Version (SHA):,3130f818d955eaa9876b4af7408e9fb46046852d
Environment Observations,Environment Actions,alpha,epsilon,numActions,explore,patience,gainThresh,insertRandActions,useBudd,revisedSplitting,haveControl,confidence_factor
"['diamond', 'square']","['x', 'y']",0.75,0.99,75000,0.5,0,0.01,False,True,False,True,250

Model Num 0
Model States: 
['diamond'],['square']
Iteration: ,0
Error:,0.4042318026961296
Absolute Error:,1
Transition Probabilities
0.5,0.5
0.5,0.5

0.5,0.5
0.5,0.5

Transition Gammas
1.0,1.0
1.0,1.0

1.0,1.0
1.0,1.0

Iteration: ,2413
Error:,0.05445725541118497
Absolute Error:,1
Transition Probabilities
0.4376163873370577,0.5623836126629422
0.18473282442748093,0.815267175572519

0.158,0.842
0.828060522696011,0.171939477303989


Model Num 1
Model States: 
['square'],"['diamond', 'x', 'square']","['diamond', 'x', 'diamond']"
Iteration: ,0
Error:,0.47473213512596824
Absolute Error:,1
Transition Probabilities
0.3333333333333333,0.3333333333333333,0.3333333333333333
0.3333333333333333,0.3333333333333333,0.3333333333333333
0.3333333333333333,0.3333333333333333,0.3333333333333333

0.3333333333333333,0.3333333333333333,0.3333333333333333
0.3333333333333333,0.3333333333333333,0.3333333333333333
0.3333333333333333,0.3333333333333333,0.3333333333333333

Transition Gammas
1.0,1.0,1.0
1.0,1.0,1.0
1.0,1.0,1.0

1.0,1.0,1.0
1.0,1.0,1.0
1.0,1.0,1.0

Iteration: ,2500
Error:,0.058189231815985405
Absolute Error:,1
Transition Probabilities
0.8284424379232505,0.10280037532532124,0.06875718675142821
0.99581589958159,0.0020920502092050207,0.0020920502092050207
0.0029850746268656712,0.7575688735847175,0.23944605178841685

0.19803600654664485,0.31680697283988773,0.48515702061346744
0.7646780173003875,0.16506295682243247,0.07025902587718003
0.8487535632161735,0.0734159818344904,0.07783045494933602

Transition Gammas
734.0,91.08113253823463,60.9188674617654
476.0,1.0,1.0
1.0,253.7855726508804,80.21442734911966

121.0,193.5690604051714,296.4309395948286
40.371278505102865,8.714520948673298,3.709334696449926
78.15032836046815,6.759892783873097,7.166362386376287

Iteration: ,2866
Error:,0.05634940685504932
Absolute Error:,1
Transition Probabilities
0.829004329004329,0.10150966196609365,0.06948600902957737
0.9965156794425087,0.0017421602787456446,0.0017421602787456446
0.0025316455696202528,0.758276640325125,0.2391917141052548

0.19466666666666665,0.3390301899147187,0.4663031434186145
0.7765837984162421,0.16572514460496757,0.05769105697879033
0.8336434217770237,0.08815144126985723,0.07820513695311912


Model Num 2
Model States: 
"['diamond', 'x', 'square']","['diamond', 'x', 'diamond']","['square', 'y', 'diamond', 'x', 'diamond']","['square', 'y', 'diamond', 'x', 'square']"
Iteration: ,0
Error:,0.403594918557672
Absolute Error:,0.5
Transition Probabilities
0.25,0.25,0.25,0.25
0.25,0.25,0.25,0.25
0.25,0.25,0.25,0.25
0.25,0.25,0.25,0.25

0.25,0.25,0.25,0.25
0.25,0.25,0.25,0.25
0.25,0.25,0.25,0.25
0.25,0.25,0.25,0.25

Transition Gammas
1.0,1.0,1.0,1.0
1.0,1.0,1.0,1.0
1.0,1.0,1.0,1.0
1.0,1.0,1.0,1.0

1.0,1.0,1.0,1.0
1.0,1.0,1.0,1.0
1.0,1.0,1.0,1.0
1.0,1.0,1.0,1.0

Iteration: ,2500
Error:,0.06832169645024115
Absolute Error:,0.24003565052034995
Transition Probabilities
0.0012165450121654497,0.0012165450121654497,0.2753768484465965,0.7221900615290725
0.6921897478510776,0.3034242872366417,0.0021929824561403508,0.0021929824561403508
0.11687891161910322,0.19294665794702853,0.4438072456404578,0.24636718479341052
0.06711888026365528,0.06893744353596168,0.563672460384948,0.3002712158154351

0.11628070606543679,0.07885352556333727,0.21984795532411974,0.5850178130471062
0.13962316834735927,0.13962316834735927,0.2395658225906007,0.4811878407146808
0.003260111739253352,0.9734241503160185,0.011387333756911668,0.01192840418781663
0.7582233976112183,0.0016335574770569461,0.10990874367883072,0.13023430123289415

Transition Gammas
1.0,1.0,226.3597694231024,593.6402305768978
315.6385250200914,138.36147497990862,1.0,1.0
1.0,1.6508252453258854,3.797154161451996,2.107883974795186
5.876214104873117,6.035428130931857,49.34915554656751,26.28854871730495

1.4746418151213416,1.0,2.788054861891139,7.419044473505552
1.0,1.0,1.7158027956692736,3.4463323416180134
1.0186802988035515,304.1638089784058,3.5581763699679976,3.727243516223011
496.40995535386435,1.0694924435312785,71.95741349383076,85.26458542988938

Iteration: ,5000
Error:,0.06671813423137969
Absolute Error:,0.24200697408256022
Transition Probabilities
0.0005991611743559014,0.0005991611743559014,0.2855351669518182,0.7132665106994701
0.6645627852905512,0.33336252591276827,0.001037344398340249,0.001037344398340249
0.11687891161910322,0.19294665794702853,0.4438072456404578,0.24636718479341052
0.05896114564663867,0.05130624684556877,0.622551684689992,0.2671809228178005

0.11628070606543679,0.07885352556333727,0.21984795532411974,0.5850178130471062
0.13962316834735927,0.13962316834735927,0.2395658225906007,0.4811878407146808
0.0016198483517885591,0.9813793198232944,0.007968137986492393,0.009032693838424559
0.7757764533012267,0.0008244026703645147,0.0948136071574994,0.12858553687090932

Transition Gammas
1.0,1.0,476.5581936425848,1190.4418063574162
640.6385250200914,321.3614749799086,1.0,1.0
1.0,1.6508252453258854,3.797154161451996,2.107883974795186
10.621450390566782,9.242472303070812,112.14846255070167,48.13083066639672

1.4746418151213416,1.0,2.788054861891139,7.419044473505552
1.0,1.0,1.7158027956692736,3.4463323416180134
1.0186802988035515,617.1638089784058,5.010953757507988,5.680425113972892
1006.4099553538643,1.0694924435312785,123.00110133565317,166.81321516103804

Iteration: ,7500
Error:,0.06828026940046537
Absolute Error:,0.2412837385481898
Transition Probabilities
0.00039682539682539677,0.00039682539682539677,0.2742371427487936,0.7249692064575555
0.6558181673870702,0.34276940323439875,0.0007062146892655367,0.0007062146892655367
0.11687891161910322,0.19294665794702853,0.4438072456404578,0.24636718479341052
0.08027520200259361,0.04235218040720788,0.6159834243889912,0.2613891932012073

0.11628070606543679,0.07885352556333727,0.21984795532411974,0.5850178130471062
0.13962316834735927,0.13962316834735927,0.2395658225906007,0.4811878407146808
0.0011223848219811317,0.9829885972020188,0.0070501666886757675,0.00883885128732416
0.7730015066382442,0.000536687826065095,0.08755150963825606,0.13891029589743464

Transition Gammas
1.0,1.0,691.0775997269601,1826.9224002730402
928.6385250200914,485.3614749799086,1.0,1.0
1.0,1.6508252453258854,3.797154161451996,2.107883974795186
23.75880578274418,12.534845178441092,182.3107283488976,77.36255929664345

1.4746418151213416,1.0,2.788054861891139,7.419044473505552
1.0,1.0,1.7158027956692736,3.4463323416180134
1.0186802988035515,892.1638089784058,6.398755371939455,8.022171624308454
1540.4099553538645,1.0694924435312785,174.46953970316753,276.81550535670436

Iteration: ,10000
Error:,0.06881426130627177
Absolute Error:,0.24271484315465586
Transition Probabilities
0.00029603315571343993,0.00029603315571343993,0.27551878597722174,0.7238891477113514
0.6562406167390638,0.342700622011598,0.0005293806246691371,0.0005293806246691371
0.11687891161910322,0.19294665794702853,0.4438072456404578,0.24636718479341052
0.07884110796706019,0.0438925123384844,0.6113871474520739,0.26587923224238147

0.11628070606543679,0.07885352556333727,0.21984795532411974,0.5850178130471062
0.13962316834735927,0.13962316834735927,0.2395658225906007,0.4811878407146808
0.0008469971643008334,0.984590935399846,0.006140039102118175,0.008422028333735036
0.7767976867554489,0.00040068258281114616,0.07932574096948732,0.14347588969225264

Transition Gammas
1.0,1.0,930.7024590310549,2445.2975409689448
1239.6385250200915,647.3614749799086,1.0,1.0
1.0,1.6508252453258854,3.797154161451996,2.107883974795186
31.758389491139983,17.680567137294034,246.27598037780342,107.1001718885873

1.4746418151213416,1.0,2.788054861891139,7.419044473505552
1.0,1.0,1.7158027956692736,3.4463323416180134
1.0186802988035515,1184.1638089784058,7.384601898135396,10.129141750578517
2073.4099553538645,1.0694924435312785,211.7343857303952,382.96244068865695

Iteration: ,12500
Error:,0.06990102128184333
Absolute Error:,0.24103351735272854
Transition Probabilities
0.00023679848448969937,0.00023679848448969937,0.27533635813939766,0.724190044891623
0.6618545213977516,0.3372983799152514,0.00042354934349851756,0.00042354934349851756
0.11687891161910322,0.19294665794702853,0.4438072456404578,0.24636718479341052
0.07633063563768662,0.05070313010627922,0.6214080819696839,0.25155815228635015

0.11628070606543679,0.07885352556333727,0.21984795532411974,0.5850178130471062
0.13962316834735927,0.13962316834735927,0.2395658225906007,0.4811878407146808
0.0006784457445883852,0.9851298713926279,0.0056019162073455975,0.008589766655438173
0.7744747919065242,0.00032111798899212,0.07348909808130466,0.15171499202317898

Transition Gammas
1.0,1.0,1162.7454404226758,3058.2545595773227
1562.6385250200915,796.3614749799086,1.0,1.0
1.0,1.6508252453258854,3.797154161451996,2.107883974795186
40.10148025646972,26.6376737716342,326.4663489585115,132.15996687291323

1.4746418151213416,1.0,2.788054861891139,7.419044473505552
1.0,1.0,1.7158027956692736,3.4463323416180134
1.0186802988035515,1479.1638089784058,8.411227753272234,12.897458835891625
2579.4099553538645,1.0694924435312785,244.75749654066558,505.29102417610056

Iteration: ,15000
Error:,0.0717104763027104
Absolute Error:,0.24237076788586454
Transition Probabilities
0.00019739439399921052,0.00019739439399921052,0.2800633521322203,0.7195418590797813
0.6608374738198644,0.33846420215778933,0.00034916201117318437,0.00034916201117318437
0.11687891161910322,0.19294665794702853,0.4438072456404578,0.24636718479341052
0.08363240720147215,0.049706388964981904,0.6172900278718793,0.24937117596166686

0.11628070606543679,0.07885352556333727,0.21984795532411974,0.5850178130471062
0.13962316834735927,0.13962316834735927,0.2395658225906007,0.4811878407146808
0.000560102153297717,0.9864871382689151,0.004909930976317806,0.008042828601469456
0.7729713921315189,0.00026924321995146623,0.06820514924036071,0.15855421540816908

Transition Gammas
1.0,1.0,1418.8009419018272,3645.19905809817
1892.6385250200915,969.3614749799086,1.0,1.0
1.0,1.6508252453258854,3.797154161451996,2.107883974795186
53.86331395971021,32.0133178538614,397.5646246240778,160.60709469915824

1.4746418151213416,1.0,2.788054861891139,7.419044473505552
1.0,1.0,1.7158027956692736,3.4463323416180134
1.0186802988035515,1794.1638089784058,8.929888815124151,14.627815648863798
3070.4099553538645,1.0694924435312785,270.9256401540508,629.8117193058179

Iteration: ,17500
Error:,0.07075901499680363
Absolute Error:,0.24183617060503157
Transition Probabilities
0.0001685487948761167,0.0001685487948761167,0.2806030156354911,0.7190598867747566
0.670290110478236,0.3291045626452508,0.0003026634382566586,0.0003026634382566586
0.11687891161910322,0.19294665794702853,0.4438072456404578,0.24636718479341052
0.08288106987697576,0.05103939379467482,0.6176551470136489,0.24842438931470048

0.11628070606543679,0.07885352556333727,0.21984795532411974,0.5850178130471062
0.13962316834735927,0.13962316834735927,0.2395658225906007,0.4811878407146808
0.00047937231806993816,0.9868869336759714,0.004511146951033625,0.008122547054925041
0.7741642972587548,0.0002300913115077572,0.06285503827815156,0.16275057315158595

Transition Gammas
1.0,1.0,1664.8176917653684,4266.18230823463
2214.6385250200915,1087.3614749799085,1.0,1.0
1.0,1.6508252453258854,3.797154161451996,2.107883974795186
63.927722984732384,39.36764127994263,476.4089942008779,191.61438874202153

1.4746418151213416,1.0,2.788054861891139,7.419044473505552
1.0,1.0,1.7158027956692736,3.4463323416180134
1.0186802988035515,2097.1638089784055,9.58632017494847,17.26065179205815
3598.4099553538645,1.0694924435312785,292.1578743493147,756.4844888119017

Iteration: ,20000
Error:,0.07210719660482413
Absolute Error:,0.24143957536695795
Transition Probabilities
0.00014749262536873156,0.00014749262536873156,0.2817737771694567,0.7179312375798058
0.673265994984168,0.3262054637896164,0.0002642706131078224,0.0002642706131078224
0.11687891161910322,0.19294665794702853,0.4438072456404578,0.24636718479341052
0.08102727495101204,0.05102742432804002,0.6260124551044082,0.24193284561653983

0.11628070606543679,0.07885352556333727,0.21984795532411974,0.5850178130471062
0.13962316834735927,0.13962316834735927,0.2395658225906007,0.4811878407146808
0.0004167293390379012,0.9876041478630837,0.004091284026552454,0.007887838771325846
0.7732693397189928,0.0002017869673002194,0.0585534376942308,0.1679754356194762

Transition Gammas
1.0,1.0,1910.4262092089161,4867.573790791083
2547.6385250200915,1234.3614749799085,1.0,1.0
1.0,1.6508252453258854,3.797154161451996,2.107883974795186
73.06982303043814,46.01617008103995,564.5336010248964,218.17332774844945

1.4746418151213416,1.0,2.788054861891139,7.419044473505552
1.0,1.0,1.7158027956692736,3.4463323416180134
1.0186802988035515,2414.1638089784055,10.00100075574377,19.28154608705786
4098.4099553538645,1.0694924435312785,310.339463418316,890.2877202501533

Iteration: ,22500
Error:,0.07186939345392147
Absolute Error:,0.24180881970296147
Transition Probabilities
0.00013092432573972245,0.00013092432573972245,0.28069590429861985,0.7190422470499007
0.6744485544064412,0.3250794134953761,0.0002360160490913382,0.0002360160490913382
0.11687891161910322,0.19294665794702853,0.4438072456404578,0.24636718479341052
0.0808490264718514,0.04895866546776566,0.6276985860704373,0.24249372198994562

0.11628070606543679,0.07885352556333727,0.21984795532411974,0.5850178130471062
0.13962316834735927,0.13962316834735927,0.2395658225906007,0.4811878407146808
0.0003709641068423712,0.9880296991085886,0.00378061474247492,0.007818722042093933
0.7738951862882679,0.00017874768363944596,0.05440502674369707,0.17152103928439563

Transition Gammas
1.0,1.0,2143.9553170328586,5492.044682967142
2857.6385250200915,1377.3614749799085,1.0,1.0
1.0,1.6508252453258854,3.797154161451996,2.107883974795186
83.85934455261034,50.78158359429073,651.0702020981521,251.5226895314536

1.4746418151213416,1.0,2.788054861891139,7.419044473505552
1.0,1.0,1.7158027956692736,3.4463323416180134
1.0186802988035515,2713.1638089784055,10.381699157654403,21.47048180455509
4630.4099553538645,1.0694924435312785,325.51898747884377,1026.2536089212356

Iteration: ,25000
Error:,0.07175314819604807
Absolute Error:,0.24150537422146529
Transition Probabilities
0.00011752262310494773,0.00011752262310494773,0.278412380386088,0.7213525743677022
0.6754194669985242,0.3241532738688119,0.00021362956633198035,0.00021362956633198035
0.11687891161910322,0.19294665794702853,0.4438072456404578,0.24636718479341052
0.08061677778955724,0.04845426305216543,0.6318196917020971,0.23910926745618022

0.11628070606543679,0.07885352556333727,0.21984795532411974,0.5850178130471062
0.13962316834735927,0.13962316834735927,0.2395658225906007,0.4811878407146808
0.0003351385502569777,0.9883484591367978,0.003524337555532534,0.007792064757412651
0.7759692200595163,0.00016013654350311734,0.05057584369115065,0.17329479970583

Transition Gammas
1.0,1.0,2369.0109447052223,6137.989055294776
3161.6385250200915,1517.3614749799085,1.0,1.0
1.0,1.6508252453258854,3.797154161451996,2.107883974795186
94.21005297332964,56.62442501540256,738.3545740345608,279.42690555388054

1.4746418151213416,1.0,2.788054861891139,7.419044473505552
1.0,1.0,1.7158027956692736,3.4463323416180134
1.0186802988035515,3004.1638089784055,10.71250451910586,23.68460103826113
5182.4099553538645,1.0694924435312785,337.77725851720874,1157.371545146681

Iteration: ,27500
Error:,0.07399268413074478
Absolute Error:,0.24080625710131476
Transition Probabilities
0.00010624734381640461,0.00010624734381640461,0.2763552335049704,0.7234322718073969
0.6801958660298335,0.31941182326008405,0.00019615535504119262,0.00019615535504119262
0.11687891161910322,0.19294665794702853,0.4438072456404578,0.24636718479341052
0.08250053052041087,0.04980698192379768,0.6314858092953249,0.23620667826046654

0.11628070606543679,0.07885352556333727,0.21984795532411974,0.5850178130471062
0.13962316834735927,0.13962316834735927,0.2395658225906007,0.4811878407146808
0.00030580835254372584,0.9889096791368505,0.003269260232074571,0.007515252278531201
0.7791037256689246,0.00014460018530195186,0.04704435032504977,0.1737073238207238

Transition Gammas
1.0,1.0,2601.0554577487806,6808.944542251218
3467.6385250200915,1628.3614749799085,1.0,1.0
1.0,1.6508252453258854,3.797154161451996,2.107883974795186
106.24896037962846,64.144315384023,813.2639912602401,304.2006377606379

1.4746418151213416,1.0,2.788054861891139,7.419044473505552
1.0,1.0,1.7158027956692736,3.4463323416180134
1.0186802988035515,3294.1638089784055,10.890255162667954,25.034108365577087
5762.4099553538645,1.0694924435312785,347.94960378795463,1284.7747727595563

Iteration: ,30000
Error:,0.07465290340317525
Absolute Error:,0.24181732486394059
Transition Probabilities
9.72573429293912e-05,9.72573429293912e-05,0.2780471221681176,0.7217583631460235
0.680453053610378,0.3191871694513237,0.00017988846914912754,0.00017988846914912754
0.11687891161910322,0.19294665794702853,0.4438072456404578,0.24636718479341052
0.08468779156183324,0.048003785090457496,0.6287768799801414,0.23853154336756785

0.11628070606543679,0.07885352556333727,0.21984795532411974,0.5850178130471062
0.13962316834735927,0.13962316834735927,0.2395658225906007,0.4811878407146808
0.000279763278341894,0.9889986036141729,0.003079679232073256,0.007641953875411964
0.7812498342227302,0.00013265900443667304,0.04420323207221869,0.17441427470061452

Transition Gammas
1.0,1.0,2858.8805101325843,7421.119489867411
3782.6385250200915,1774.3614749799085,1.0,1.0
1.0,1.6508252453258854,3.797154161451996,2.107883974795186
120.04477389870128,68.04526864132899,891.2899604287775,338.11798209852964

1.4746418151213416,1.0,2.788054861891139,7.419044473505552
1.0,1.0,1.7158027956692736,3.4463323416180134
1.0186802988035515,3601.1638089784055,11.213796817584997,27.826053166756424
6298.4099553538645,1.0694924435312785,356.36497410520565,1406.1220316585543

Iteration: ,32500
Error:,0.07412519446785247
Absolute Error:,0.2421845242318176
Transition Probabilities
8.98391878537418e-05,8.98391878537418e-05,0.2779687801665664,0.7218515414577261
0.6799864861536061,0.3196817838745909,0.0001658649859014762,0.0001658649859014762
0.11687891161910322,0.19294665794702853,0.4438072456404578,0.24636718479341052
0.08256322481884674,0.050039459150780556,0.6275878051850877,0.23980951084528504

0.11628070606543679,0.07885352556333727,0.21984795532411974,0.5850178130471062
0.13962316834735927,0.13962316834735927,0.2395658225906007,0.4811878407146808
0.00025849479759317397,0.9891769439051765,0.0029061436337850547,0.0076584176634452335
0.7805577247551945,0.00012243332299345782,0.04179398477258267,0.1775258571492294

Transition Gammas
1.0,1.0,3094.070492034051,8034.92950796595
4099.638525020091,1927.3614749799085,1.0,1.0
1.0,1.6508252453258854,3.797154161451996,2.107883974795186
128.93169259280373,78.14220167507159,980.0484192648129,374.489322588536

1.4746418151213416,1.0,2.788054861891139,7.419044473505552
1.0,1.0,1.7158027956692736,3.4463323416180134
1.0186802988035515,3898.1638089784055,11.45257580730659,30.180410849269638
6818.4099553538645,1.0694924435312785,365.08321269469195,1550.7425438633177

Iteration: ,35000
Error:,0.0753018470490415
Absolute Error:,0.24207870810606358
Transition Probabilities
8.350730688935277e-05,8.350730688935277e-05,0.27738654699165216,0.7224464383945691
0.6794710305902384,0.32022156086380393,0.0001537042729787888,0.0001537042729787888
0.11687891161910322,0.19294665794702853,0.4438072456404578,0.24636718479341052
0.08107964524205867,0.05318843338274186,0.6290289736342736,0.23670294774092593

0.11628070606543679,0.07885352556333727,0.21984795532411974,0.5850178130471062
0.13962316834735927,0.13962316834735927,0.2395658225906007,0.4811878407146808
0.00024023263684547482,0.98933420525878,0.00275055299997158,0.007675009104402782
0.7793997803803143,0.00011374393363429601,0.03965744523151732,0.18082903045453405

Transition Gammas
1.0,1.0,3321.7039002250367,8651.29609977497
4420.638525020091,2083.3614749799085,1.0,1.0
1.0,1.6508252453258854,3.797154161451996,2.107883974795186
138.67062108401112,90.96824572493763,1075.829059109583,404.83335463120244

1.4746418151213416,1.0,2.788054861891139,7.419044473505552
1.0,1.0,1.7158027956692736,3.4463323416180134
1.0186802988035515,4195.1638089784055,11.66342004433122,32.54503913563598
7328.4099553538645,1.0694924435312785,372.88439611406983,1700.268976664784

Iteration: ,37500
Error:,0.07561875089971089
Absolute Error:,0.24175580443568745
Transition Probabilities
7.789375292101572e-05,7.789375292101572e-05,0.27790746020749774,0.7219367522866602
0.6815837195150776,0.31812933643901126,0.00014347202295552367,0.00014347202295552367
0.11687891161910322,0.19294665794702853,0.4438072456404578,0.24636718479341052
0.08434658720956727,0.05365233431848426,0.6296394909547759,0.2323615875171725

0.11628070606543679,0.07885352556333727,0.21984795532411974,0.5850178130471062
0.13962316834735927,0.13962316834735927,0.2395658225906007,0.4811878407146808
0.0002235353555359534,0.9896933039241995,0.0025874445370539217,0.007495716183210606
0.7786932149754556,0.0001062468681771991,0.03770785276893659,0.1834926853874306

Transition Gammas
1.0,1.0,3567.775974143857,9268.224025856147
4750.638525020091,2217.3614749799085,1.0,1.0
1.0,1.6508252453258854,3.797154161451996,2.107883974795186
156.2724000950289,99.40389210791209,1166.5590476309667,430.50589445877296

1.4746418151213416,1.0,2.788054861891139,7.419044473505552
1.0,1.0,1.7158027956692736,3.4463323416180134
1.0186802988035515,4510.1638089784055,11.791328346355337,34.15897401532737
7838.4099553538645,1.0694924435312785,379.57131621901533,1847.0571776084957

Iteration: ,40000
Error:,0.07501474979071485
Absolute Error:,0.241877669525398
Transition Probabilities
7.288629737609331e-05,7.288629737609331e-05,0.27655260449206964,0.7233016229131781
0.681978179056769,0.3177515506729606,0.00013513513513513514,0.00013513513513513514
0.11687891161910322,0.19294665794702853,0.4438072456404578,0.24636718479341052
0.0828674967667552,0.05199747842030483,0.6311768879441043,0.23395813686883568

0.11628070606543679,0.07885352556333727,0.21984795532411974,0.5850178130471062
0.13962316834735927,0.13962316834735927,0.2395658225906007,0.4811878407146808
0.00021009973759027339,0.9898130533233639,0.0024654641252541535,0.0075113828137916535
0.7807596207987122,9.924828566415061e-05,0.03571033402687992,0.18343079688874367

Transition Gammas
1.0,1.0,3794.301733631195,9923.698266368803
5046.638525020091,2351.3614749799085,1.0,1.0
1.0,1.6508252453258854,3.797154161451996,2.107883974795186
164.82720895735238,103.42534256781556,1255.4394528296057,465.35334380250043

1.4746418151213416,1.0,2.788054861891139,7.419044473505552
1.0,1.0,1.7158027956692736,3.4463323416180134
1.0186802988035515,4799.1638089784055,11.95394035522874,36.4193586195863
8413.409955353865,1.0694924435312785,384.81201103024426,1976.63717686051

Iteration: ,42500
Error:,0.07567194859666047
Absolute Error:,0.24253887450458045
Transition Probabilities
6.870491240123667e-05,6.870491240123667e-05,0.27783719921853867,0.722025390956659
0.6814553727678574,0.3182910453886026,0.00012679092177000128,0.00012679092177000128
0.11687891161910322,0.19294665794702853,0.4438072456404578,0.24636718479341052
0.0830529529041407,0.05229714837794068,0.6289216780577561,0.23572822066016244

0.11628070606543679,0.07885352556333727,0.21984795532411974,0.5850178130471062
0.13962316834735927,0.13962316834735927,0.2395658225906007,0.4811878407146808
0.00019726452863663113,0.9899559118555658,0.0023438791052700796,0.007502944510527513
0.7793520080146069,9.360654862048368e-05,0.034163367696103696,0.18639101774066885

Transition Gammas
1.0,1.0,4043.920434625831,10509.079565374173
5374.638525020091,2510.3614749799085,1.0,1.0
1.0,1.6508252453258854,3.797154161451996,2.107883974795186
178.17472781372,112.19384563518328,1349.2349746242671,505.7112370539563

1.4746418151213416,1.0,2.788054861891139,7.419044473505552
1.0,1.0,1.7158027956692736,3.4463323416180134
1.0186802988035515,5112.1638089784055,12.103866233924366,38.745444042651584
8904.409955353865,1.0694924435312785,390.3302080359802,2129.592298333366

Iteration: ,45000
Error:,0.07624822566070578
Absolute Error:,0.24218709393690588
Transition Probabilities
6.483822861959405e-05,6.483822861959405e-05,0.2767785866236901,0.7230917369190708
0.6814532348027451,0.3183069282863543,0.0001199184554502938,0.0001199184554502938
0.11687891161910322,0.19294665794702853,0.4438072456404578,0.24636718479341052
0.08369181925600082,0.053427467041750235,0.6309207607693763,0.23195995293287275

0.11628070606543679,0.07885352556333727,0.21984795532411974,0.5850178130471062
0.13962316834735927,0.13962316834735927,0.2395658225906007,0.4811878407146808
0.00018665342776045808,0.9900250813543625,0.002243720803265068,0.007544544414612044
0.7799145611940174,8.829944219436201e-05,0.03259957734100365,0.18739756202278446

Transition Gammas
1.0,1.0,4268.756141497176,11152.24385850284
5682.638525020091,2654.3614749799085,1.0,1.0
1.0,1.6508252453258854,3.797154161451996,2.107883974795186
191.72073898150194,122.39133471124474,1445.309655935137,531.372528232096

1.4746418151213416,1.0,2.788054861891139,7.419044473505552
1.0,1.0,1.7158027956692736,3.4463323416180134
1.0186802988035515,5403.1638089784055,12.245337284858628,41.17512788716011
9446.409955353865,1.0694924435312785,394.8496248908699,2269.7796445689105

Iteration: ,47500
Error:,0.07674066220561379
Absolute Error:,0.24267925283500574
Transition Probabilities
6.154603643525349e-05,6.154603643525349e-05,0.2786509209812329,0.7212259869458966
0.6797921820358979,0.3199821098047521,0.00011285407967498025,0.00011285407967498025
0.11687891161910322,0.19294665794702853,0.4438072456404578,0.24636718479341052
0.08400699045656301,0.05512134113800427,0.6301677817207052,0.23070388668472752

0.11628070606543679,0.07885352556333727,0.21984795532411974,0.5850178130471062
0.13962316834735927,0.13962316834735927,0.2395658225906007,0.4811878407146808
0.00017620028323207232,0.9901038486690881,0.002142045818132766,0.007577905229547116
0.7787603606298573,8.401532114240056e-05,0.03135197842034013,0.1898036456286601

Transition Gammas
1.0,1.0,4527.520164103078,11718.479835896944
6023.638525020091,2835.3614749799085,1.0,1.0
1.0,1.6508252453258854,3.797154161451996,2.107883974795186
205.41408602509188,134.7828299621685,1540.8877073337103,564.1176736391151

1.4746418151213416,1.0,2.788054861891139,7.419044473505552
1.0,1.0,1.7158027956692736,3.4463323416180134
1.0186802988035515,5724.1638089784055,12.383974838408212,43.81072846161543
9913.409955353865,1.0694924435312785,399.1022536648655,2416.149364119903

Iteration: ,50000
Error:,0.07799634390586407
Absolute Error:,0.24287810984301383
Transition Probabilities
5.842486562280898e-05,5.842486562280898e-05,0.2787261655718999,0.7211569846968544
0.6796998312461257,0.320085875386254,0.00010714668381013607,0.00010714668381013607
0.11687891161910322,0.19294665794702853,0.4438072456404578,0.24636718479341052
0.08243024186869666,0.05641375928610425,0.6298914589082797,0.2312645399369194

0.11628070606543679,0.07885352556333727,0.21984795532411974,0.5850178130471062
0.13962316834735927,0.13962316834735927,0.2395658225906007,0.4811878407146808
0.00016737640412732978,0.9903057972339662,0.0020481652691914745,0.007478661092715079
0.7796471954001988,7.977363953982397e-05,0.030033318903887017,0.19023971205637424

Transition Gammas
1.0,1.0,4770.677049928646,12343.322950071379
6343.638525020091,2987.3614749799085,1.0,1.0
1.0,1.6508252453258854,3.797154161451996,2.107883974795186
212.73553456383638,145.5923331827867,1625.6205634031387,596.8463080274367

1.4746418151213416,1.0,2.788054861891139,7.419044473505552
1.0,1.0,1.7158027956692736,3.4463323416180134
1.0186802988035515,6027.1638089784055,12.465470382741657,45.516360303582
10452.409955353865,1.0694924435312785,402.6443798623149,2550.4657387768907

Iteration: ,52500
Error:,0.07754242711467144
Absolute Error:,0.24334081266189783
Transition Probabilities
5.562663403237464e-05,5.562663403237464e-05,0.2786433465240308,0.7212454002079044
0.6797383580204384,0.3200573518876311,0.00010214504596527068,0.00010214504596527068
0.11687891161910322,0.19294665794702853,0.4438072456404578,0.24636718479341052
0.08153555704461432,0.05572015085595766,0.6290432232831522,0.23370106881627567

0.11628070606543679,0.07885352556333727,0.21984795532411974,0.5850178130471062
0.13962316834735927,0.13962316834735927,0.2395658225906007,0.4811878407146808
0.00015941528016431782,0.9904632719403642,0.001963634101227585,0.007413678678243797
0.779886267381887,7.58918432676324e-05,0.028818239188349467,0.19121960158649579

Transition Gammas
1.0,1.0,5009.171440462506,12965.828559537511
6654.638525020091,3133.3614749799085,1.0,1.0
1.0,1.6508252453258854,3.797154161451996,2.107883974795186
222.52446138713663,152.06980864615284,1716.7663964535056,637.8101327680196

1.4746418151213416,1.0,2.788054861891139,7.419044473505552
1.0,1.0,1.7158027956692736,3.4463323416180134
1.0186802988035515,6329.1638089784055,12.547827102380197,47.3741814674383
10990.409955353865,1.0694924435312785,406.11596346562476,2694.728578809481

Iteration: ,55000
Error:,0.07715639028986605
Absolute Error:,0.24331543946846623
Transition Probabilities
5.3098284925396826e-05,5.3098284925396826e-05,0.27810812251946454,0.7217856809106846
0.6791842463434236,0.32062063170535693,9.75609756097561e-05,9.75609756097561e-05
0.11687891161910322,0.19294665794702853,0.4438072456404578,0.24636718479341052
0.08223951439964562,0.0561085111650741,0.6292875419182754,0.2323644325170048

0.11628070606543679,0.07885352556333727,0.21984795532411974,0.5850178130471062
0.13962316834735927,0.13962316834735927,0.2395658225906007,0.4811878407146808
0.00015240684004826918,0.9904562284294122,0.0018939147597366694,0.007497449970802793
0.7799972969664347,7.240443819923107e-05,0.027709088143807625,0.19222121045155838

Transition Gammas
1.0,1.0,5237.610271409084,13593.389728590944
6961.638525020091,3286.3614749799085,1.0,1.0
1.0,1.6508252453258854,3.797154161451996,2.107883974795186
237.35072870532164,161.93427343070982,1816.1811597482745,670.6249153551335

1.4746418151213416,1.0,2.788054861891139,7.419044473505552
1.0,1.0,1.7158027956692736,3.4463323416180134
1.0186802988035515,6620.1638089784055,12.658839017631854,50.11261026147628
11521.409955353865,1.0694924435312785,409.2934234970573,2839.3167211476343

Iteration: ,57500
Error:,0.07795423997382284
Absolute Error:,0.2433005664527984
Transition Probabilities
5.078462241633225e-05,5.078462241633225e-05,0.2781694913827893,0.721728939372378
0.6805568194580031,0.31925628212128854,9.344921035417251e-05,9.344921035417251e-05
0.11687891161910322,0.19294665794702853,0.4438072456404578,0.24636718479341052
0.08178514977565039,0.05649626840720569,0.6292400536947551,0.23247852812238895

0.11628070606543679,0.07885352556333727,0.21984795532411974,0.5850178130471062
0.13962316834735927,0.13962316834735927,0.2395658225906007,0.4811878407146808
0.00014568089494262248,0.9905067796012815,0.001823693323446831,0.007523846180328947
0.7798365329331435,6.924617164752793e-05,0.02669289659221183,0.1934013243029971

Transition Gammas
1.0,1.0,5477.435454818513,14211.56454518152
7282.638525020091,3416.3614749799085,1.0,1.0
1.0,1.6508252453258854,3.797154161451996,2.107883974795186
248.95600012641717,171.97602551696917,1915.4221434686174,707.6703366734952

1.4746418151213416,1.0,2.788054861891139,7.419044473505552
1.0,1.0,1.7158027956692736,3.4463323416180134
1.0186802988035515,6926.1638089784055,12.752258697933952,52.61083739325003
12044.409955353865,1.0694924435312785,412.2661299839746,2987.0424601066275

Iteration: ,60000
Error:,0.0780132878135794
Absolute Error:,0.2431704907978702
Transition Probabilities
4.8671274213958854e-05,4.8671274213958854e-05,0.2774490479007591,0.722453609550813
0.6807709607298567,0.31904971532142995,8.966197435667533e-05,8.966197435667533e-05
0.11687891161910322,0.19294665794702853,0.4438072456404578,0.24636718479341052
0.08109751398596873,0.056215298504191276,0.6313492654313,0.23133792207853998

0.11628070606543679,0.07885352556333727,0.21984795532411974,0.5850178130471062
0.13962316834735927,0.13962316834735927,0.2395658225906007,0.4811878407146808
0.00013968010109583116,0.9905678281558128,0.0017595499917728533,0.007532941751318574
0.779729664174674,6.63026002008482e-05,0.02572987763187734,0.19447415559324777

Transition Gammas
1.0,1.0,5700.468138169004,14843.531861831025
7592.638525020091,3558.3614749799085,1.0,1.0
1.0,1.6508252453258854,3.797154161451996,2.107883974795186
259.81280546155966,180.09743697889368,2022.6590904646152,741.1392975038948

1.4746418151213416,1.0,2.788054861891139,7.419044473505552
1.0,1.0,1.7158027956692736,3.4463323416180134
1.0186802988035515,7224.1638089784055,12.832313961093293,54.9373840217816
12577.409955353865,1.0694924435312785,415.035151214556,3136.960530040326

Iteration: ,62500
Error:,0.07926495434330863
Absolute Error:,0.24320907163851735
Transition Probabilities
4.6674445740956726e-05,4.6674445740956726e-05,0.2773654062319392,0.7225412448765788
0.681461815793474,0.3183657852753994,8.61994655633135e-05,8.61994655633135e-05
0.11687891161910322,0.19294665794702853,0.4438072456404578,0.24636718479341052
0.08165274546003659,0.05710953713626725,0.6298309322541203,0.23140678514957588

0.11628070606543679,0.07885352556333727,0.21984795532411974,0.5850178130471062
0.13962316834735927,0.13962316834735927,0.2395658225906007,0.4811878407146808
0.00013417663157125757,0.9906586262340047,0.001698936446136947,0.007508260688286953
0.7804798420007117,6.359067682537154e-05,0.02481603226445306,0.19464053505800982

Transition Gammas
1.0,1.0,5942.5538285193115,15480.446171480735
7905.638525020091,3693.3614749799085,1.0,1.0
1.0,1.6508252453258854,3.797154161451996,2.107883974795186
273.2545596262893,191.119616771119,2107.7573456038667,774.4131420728637

1.4746418151213416,1.0,2.788054861891139,7.419044473505552
1.0,1.0,1.7158027956692736,3.4463323416180134
1.0186802988035515,7521.1638089784055,12.898468729854166,57.00334813798923
13126.409955353865,1.0694924435312785,417.36556851163664,3273.5393274878884

Iteration: ,65000
Error:,0.07880827567813134
Absolute Error:,0.24336458580672876
Transition Probabilities
4.491757624758556e-05,4.491757624758556e-05,0.27828470692506135,0.7216254579224435
0.6795546277226329,0.3202804646256521,8.245382585751979e-05,8.245382585751979e-05
0.11687891161910322,0.19294665794702853,0.4438072456404578,0.24636718479341052
0.08145642254268638,0.05716484086723094,0.632459049950524,0.2289196866395587

0.11628070606543679,0.07885352556333727,0.21984795532411974,0.5850178130471062
0.13962316834735927,0.13962316834735927,0.2395658225906007,0.4811878407146808
0.00012865173815169986,0.9907857855848456,0.0016364713136159212,0.007449091363386751
0.7805059645331465,6.13088576793865e-05,0.024048241622106666,0.1953844849870676

Transition Gammas
1.0,1.0,6195.452430272657,16065.547569727401
8241.638525020091,3884.3614749799085,1.0,1.0
1.0,1.6508252453258854,3.797154161451996,2.107883974795186
284.2537327995736,199.484815244479,2207.0555050106354,798.8476955823012

1.4746418151213416,1.0,2.788054861891139,7.419044473505552
1.0,1.0,1.7158027956692736,3.4463323416180134
1.0186802988035515,7845.1638089784055,12.957781299246914,58.98282234571977
13615.409955353865,1.0694924435312785,419.5056582126621,3408.3530208584757

Iteration: ,67500
Error:,0.07873936339190589
Absolute Error:,0.24329403414030143
Transition Probabilities
4.3239503610498475e-05,4.3239503610498475e-05,0.2778014438160531,0.7221120771767259
0.6801303002004049,0.319710654073949,7.952286282306163e-05,7.952286282306163e-05
0.11687891161910322,0.19294665794702853,0.4438072456404578,0.24636718479341052
0.08096021124957085,0.05817951611521456,0.6322646180404594,0.22859565459475517

0.11628070606543679,0.07885352556333727,0.21984795532411974,0.5850178130471062
0.13962316834735927,0.13962316834735927,0.2395658225906007,0.4811878407146808
0.00012402186983694792,0.9908018186022871,0.0015861600746330346,0.007487999453242894
0.7807350889235218,5.898319423051459e-05,0.023253907928900603,0.195952019953347

Transition Gammas
1.0,1.0,6424.713991133871,16700.28600886617
8552.638525020091,4020.3614749799085,1.0,1.0
1.0,1.6508252453258854,3.797154161451996,2.107883974795186
295.2774236340662,212.19185772404037,2305.9903696947604,833.7322111797231

1.4746418151213416,1.0,2.788054861891139,7.419044473505552
1.0,1.0,1.7158027956692736,3.4463323416180134
1.0186802988035515,8138.1638089784055,13.02826687665433,61.5042938031712
14156.409955353865,1.0694924435312785,421.64347212760816,3553.032475924737

Iteration: ,70000
Error:,0.07867202975988356
Absolute Error:,0.2437195354582703
Transition Probabilities
4.170141784820677e-05,4.170141784820677e-05,0.2781241417983369,0.7217924553659667
0.6799232468592957,0.31992347294450557,7.664009809932556e-05,7.664009809932556e-05
0.11687891161910322,0.19294665794702853,0.4438072456404578,0.24636718479341052
0.07928906104488884,0.058111144618141035,0.6319252027278482,0.2306745916091219

0.11628070606543679,0.07885352556333727,0.21984795532411974,0.5850178130471062
0.13962316834735927,0.13962316834735927,0.2395658225906007,0.4811878407146808
0.00011952090366655904,0.9908639749357445,0.0015355214593894976,0.007480982701199485
0.7809481891711832,5.688175904967351e-05,0.02252860902099508,0.19646632004877201

Transition Gammas
1.0,1.0,6669.41692032413,17308.58307967591
8871.638525020091,4174.361474979909,1.0,1.0
1.0,1.6508252453258854,3.797154161451996,2.107883974795186
301.24777337909893,220.7852217447121,2400.9120268951833,876.4160677604651

1.4746418151213416,1.0,2.788054861891139,7.419044473505552
1.0,1.0,1.7158027956692736,3.4463323416180134
1.0186802988035515,8445.163808978406,13.087296122141106,63.76064319813462
14683.409955353865,1.0694924435312785,423.5835444221046,3693.9653099874627

Iteration: ,72500
Error:,0.078469078556362
Absolute Error:,0.2439551530023408
Transition Probabilities
4.030957755562712e-05,4.030957755562712e-05,0.2785554859312737,0.7213638949136151
0.6783182272473883,0.32153425836995936,7.37571913261543e-05,7.37571913261543e-05
0.11687891161910322,0.19294665794702853,0.4438072456404578,0.24636718479341052
0.08029532741710413,0.05843015188913081,0.6314834066324332,0.22979111406133199

0.11628070606543679,0.07885352556333727,0.21984795532411974,0.5850178130471062
0.13962316834735927,0.13962316834735927,0.2395658225906007,0.4811878407146808
0.00011529882314089862,0.990948862726232,0.0014869490214436017,0.007448889429183619
0.7799661736636309,5.500464091633544e-05,0.021889085587652266,0.1980897361078005

Transition Gammas
1.0,1.0,6910.404494983055,17895.595505017005
9196.638525020091,4359.361474979909,1.0,1.0
1.0,1.6508252453258854,3.797154161451996,2.107883974795186
318.35653829160293,231.66504808739117,2503.718183746594,911.080457057247

1.4746418151213416,1.0,2.788054861891139,7.419044473505552
1.0,1.0,1.7158027956692736,3.4463323416180134
1.0186802988035515,8755.163808978406,13.137390583933165,65.8119198684498
15165.409955353865,1.0694924435312785,425.60429887019006,3851.592745249251

Iteration: ,74999
Error:,0.07949078292307701
Absolute Error:,0.2441141759808421
Transition Probabilities
3.895901511609776e-05,3.895901511609776e-05,0.2787843179104575,0.7211377640593103
0.6782375793127605,0.3216198385242681,7.129108148570614e-05,7.129108148570614e-05
0.11687891161910322,0.19294665794702853,0.4438072456404578,0.24636718479341052
0.08068136780526688,0.058409644805386005,0.6308394558478039,0.23006953154154322

0.11628070606543679,0.07885352556333727,0.21984795532411974,0.5850178130471062
0.13962316834735927,0.13962316834735927,0.2395658225906007,0.4811878407146808
