0,1,2,3,4,5,6,7,8,9,10,11,12,13,14,15,16,17,18,19,20,21,22,23,24,25,26,27,28,29
github Code Version (SHA):,528ca1c557fe8e6666681dc5c9134b0f84d30530
Environment Observations,Environment Actions,alpha,epsilon,numActions,explore,patience,gainThresh,insertRandActions,useUpdatedPosterior,revisedSplitting,haveControl,confidence_factor
"['diamond', 'square']","['x', 'y']",0.8,0.99,75000,0.5,0,0.01,False,True,False,True,250

Model Num 0
Model States: 
['diamond'],['square']
Iteration: ,0
Error:,0.4531596327790977
Absolute Error:,1
Transition Probabilities
0.5,0.5
0.5,0.5

0.5,0.5
0.5,0.5

Transition Gammas
1.0,1.0
1.0,1.0

1.0,1.0
1.0,1.0

Iteration: ,2461
Error:,0.07379982196212788
Absolute Error:,1
Transition Probabilities
0.4317343173431734,0.5682656826568265
0.13323353293413173,0.8667664670658682

0.16,0.84
0.8428005284015853,0.1571994715984148


Model Num 1
Model States: 
['square'],"['diamond', 'x', 'square']","['diamond', 'x', 'diamond']"
Iteration: ,0
Error:,0.5227481246435858
Absolute Error:,1
Transition Probabilities
0.3333333333333333,0.3333333333333333,0.3333333333333333
0.3333333333333333,0.3333333333333333,0.3333333333333333
0.3333333333333333,0.3333333333333333,0.3333333333333333

0.3333333333333333,0.3333333333333333,0.3333333333333333
0.3333333333333333,0.3333333333333333,0.3333333333333333
0.3333333333333333,0.3333333333333333,0.3333333333333333

Transition Gammas
1.0,1.0,1.0
1.0,1.0,1.0
1.0,1.0,1.0

1.0,1.0,1.0
1.0,1.0,1.0
1.0,1.0,1.0

Iteration: ,2500
Error:,0.058682707751744057
Absolute Error:,1
Transition Probabilities
0.8608187134502924,0.055958327176338904,0.0832229593733687
0.9956427015250545,0.002178649237472767,0.002178649237472767
0.00263157894736842,0.7839174611220582,0.21345095993057342

0.13311148086522462,0.3017670580024659,0.5651214611323094
0.7606970655375168,0.09642895453531257,0.1428739799271706
0.8716426162882919,0.05440754231579168,0.07394984139591639

Transition Gammas
736.0,47.84436973576976,71.15563026423024
457.0,1.0,1.0
1.0,297.8886352263822,81.11136477361792

80.0,181.362001859482,339.63799814051794
41.89128442711899,5.31030412033222,7.868013170439147
97.17179865392555,6.065420217380046,8.244019927815268

Iteration: ,2926
Error:,0.05638083842348186
Absolute Error:,1
Transition Probabilities
0.8663793103448276,0.05623100658181134,0.07738968307336108
0.9964349376114082,0.0017825311942959,0.0017825311942959
0.002222222222222222,0.7764957856753661,0.22128199210241165

0.14,0.3298576849246143,0.5301423150753857
0.7665643132410321,0.0801707906782677,0.15326489608070015
0.874986110595449,0.055503758660521256,0.0695101307440298


Model Num 2
Model States: 
"['diamond', 'x', 'square']","['diamond', 'x', 'diamond']","['square', 'y', 'diamond', 'x', 'diamond']","['square', 'y', 'diamond', 'x', 'square']"
Iteration: ,0
Error:,0.45508956590441313
Absolute Error:,0.55
Transition Probabilities
0.25,0.25,0.25,0.25
0.25,0.25,0.25,0.25
0.25,0.25,0.25,0.25
0.25,0.25,0.25,0.25

0.25,0.25,0.25,0.25
0.25,0.25,0.25,0.25
0.25,0.25,0.25,0.25
0.25,0.25,0.25,0.25

Transition Gammas
1.0,1.0,1.0,1.0
1.0,1.0,1.0,1.0
1.0,1.0,1.0,1.0
1.0,1.0,1.0,1.0

1.0,1.0,1.0,1.0
1.0,1.0,1.0,1.0
1.0,1.0,1.0,1.0
1.0,1.0,1.0,1.0

Iteration: ,2500
Error:,0.2999183323658972
Absolute Error:,0.3621633414131813
Transition Probabilities
0.0011086474501108647,0.0011086474501108647,0.2839342656741019,0.7138484394256763
0.702819956616052,0.2928416485900217,0.0021691973969631237,0.0021691973969631237
0.25,0.25,0.25,0.25
0.25,0.25,0.25,0.25

0.25,0.25,0.25,0.25
0.25,0.25,0.25,0.25
0.0031892386876756448,0.9886639931794499,0.004073384066437209,0.004073384066437209
0.8300443608445055,0.0014665094714567234,0.08424456484201895,0.08424456484201895

Transition Gammas
1.0,1.0,256.1087076380399,643.89129236196
324.0,135.0,1.0,1.0
1.0,1.0,1.0,1.0
1.0,1.0,1.0,1.0

1.0,1.0,1.0,1.0
1.0,1.0,1.0,1.0
1.0,310.0,1.2772277227722773,1.2772277227722773
566.0,1.0,57.445632968423006,57.445632968423006

Iteration: ,5000
Error:,0.30801916920202277
Absolute Error:,0.3585931928558177
Transition Probabilities
0.0005414185165132649,0.0005414185165132649,0.2556822055528579,0.7432349574141155
0.7110582639714625,0.28656361474435194,0.0011890606420927466,0.0011890606420927466
0.25,0.25,0.25,0.25
0.25,0.25,0.25,0.25

0.25,0.25,0.25,0.25
0.25,0.25,0.25,0.25
0.0017284457678748673,0.9938563165280486,0.0022076188520381967,0.0022076188520381967
0.8465408118855545,0.0006899273120501667,0.07638463040119757,0.07638463040119757

Transition Gammas
1.0,1.0,472.24503365612844,1372.754966343871
598.0,241.0,1.0,1.0
1.0,1.0,1.0,1.0
1.0,1.0,1.0,1.0

1.0,1.0,1.0,1.0
1.0,1.0,1.0,1.0
1.0,575.0,1.2772277227722773,1.2772277227722773
1227.0,1.0,110.71402605328866,110.71402605328866

Iteration: ,7500
Error:,0.3000261317016975
Absolute Error:,0.35868734850776357
Transition Probabilities
0.00036403349108117956,0.00036403349108117956,0.2561538633953205,0.7431180696225173
0.7138314785373608,0.2845786963434022,0.000794912559618442,0.000794912559618442
0.25,0.25,0.25,0.25
0.25,0.25,0.25,0.25

0.25,0.25,0.25,0.25
0.25,0.25,0.25,0.25
0.0011553288111552143,0.9958934352157948,0.0014756179865249768,0.0014756179865249768
0.8340383488194892,0.00046054022574240156,0.08275055547738414,0.08275055547738414

Transition Gammas
1.0,1.0,703.6546627469452,2041.3453372530541
898.0,358.0,1.0,1.0
1.0,1.0,1.0,1.0
1.0,1.0,1.0,1.0

1.0,1.0,1.0,1.0
1.0,1.0,1.0,1.0
1.0,862.0,1.2772277227722773,1.2772277227722773
1811.0,1.0,179.6814932810447,179.6814932810447

Iteration: ,10000
Error:,0.3017433076526096
Absolute Error:,0.3595531147840397
Transition Probabilities
0.00027352297592997827,0.00027352297592997827,0.2527754428431144,0.7466775112050257
0.7050445103857567,0.29376854599406527,0.0005934718100890207,0.0005934718100890207
0.25,0.25,0.25,0.25
0.25,0.25,0.25,0.25

0.25,0.25,0.25,0.25
0.25,0.25,0.25,0.25
0.0008744664455969316,0.996891747980502,0.0011168927869505364,0.0011168927869505364
0.8321592426909417,0.00034415187869765994,0.08374830271518031,0.08374830271518031

Transition Gammas
1.0,1.0,924.1470190344257,2729.8529809655724
1188.0,495.0,1.0,1.0
1.0,1.0,1.0,1.0
1.0,1.0,1.0,1.0

1.0,1.0,1.0,1.0
1.0,1.0,1.0,1.0
1.0,1140.0,1.2772277227722773,1.2772277227722773
2418.0,1.0,243.3469287806906,243.3469287806906

Iteration: ,12500
Error:,0.3028441401613253
Absolute Error:,0.3591837375803008
Transition Probabilities
0.00022060445621001562,0.00022060445621001562,0.25180097191743894,0.7477578191701411
0.7079561696045736,0.29109099571224395,0.0004764173415912339,0.0004764173415912339
0.25,0.25,0.25,0.25
0.25,0.25,0.25,0.25

0.25,0.25,0.25,0.25
0.25,0.25,0.25,0.25
0.0006975668041080469,0.997520529874507,0.0008909516606924559,0.0008909516606924559
0.8239275626198703,0.0002759301951171702,0.08789825359250623,0.08789825359250623

Transition Gammas
1.0,1.0,1141.4138057017499,3389.586194298247
1486.0,611.0,1.0,1.0
1.0,1.0,1.0,1.0
1.0,1.0,1.0,1.0

1.0,1.0,1.0,1.0
1.0,1.0,1.0,1.0
1.0,1430.0,1.2772277227722773,1.2772277227722773
2986.0,1.0,318.5525004075084,318.5525004075084

Iteration: ,15000
Error:,0.30284254836371854
Absolute Error:,0.35910439370710645
Transition Probabilities
0.0001837897445322552,0.0001837897445322552,0.24709604650364436,0.7525363740072911
0.7044728434504792,0.29472843450479236,0.00039936102236421724,0.00039936102236421724
0.25,0.25,0.25,0.25
0.25,0.25,0.25,0.25

0.25,0.25,0.25,0.25
0.25,0.25,0.25,0.25
0.0005890827223787277,0.9979061317095647,0.000752392784028276,0.000752392784028276
0.8238958165340392,0.00022879639448321,0.08793769353573873,0.08793769353573873

Transition Gammas
1.0,1.0,1344.4495890263283,4094.550410973669
1764.0,738.0,1.0,1.0
1.0,1.0,1.0,1.0
1.0,1.0,1.0,1.0

1.0,1.0,1.0,1.0
1.0,1.0,1.0,1.0
1.0,1694.0,1.2772277227722773,1.2772277227722773
3601.0,1.0,384.3491228713045,384.3491228713045

Iteration: ,17500
Error:,0.3011174060115518
Absolute Error:,0.358837089133366
Transition Probabilities
0.00015765410688948448,0.00015765410688948448,0.24613878591092125,0.7535459058752998
0.7061042524005487,0.2932098765432099,0.0003429355281207133,0.0003429355281207133
0.25,0.25,0.25,0.25
0.25,0.25,0.25,0.25

0.25,0.25,0.25,0.25
0.25,0.25,0.25,0.25
0.0005033841369204852,0.9982107435133222,0.0006429361748786395,0.0006429361748786395
0.8233101822069315,0.00019602623385879322,0.08824689577960486,0.08824689577960486

Transition Gammas
1.0,1.0,1561.2583190329735,4779.741680967027
2059.0,855.0,1.0,1.0
1.0,1.0,1.0,1.0
1.0,1.0,1.0,1.0

1.0,1.0,1.0,1.0
1.0,1.0,1.0,1.0
1.0,1983.0,1.2772277227722773,1.2772277227722773
4200.0,1.0,450.1790094236733,450.1790094236733

Iteration: ,20000
Error:,0.29941867378001064
Absolute Error:,0.35978987355023984
Transition Probabilities
0.00013819789939192926,0.00013819789939192926,0.24796037396663625,0.7517632302345799
0.7006520450503853,0.2987551867219917,0.0002963841138114997,0.0002963841138114997
0.25,0.25,0.25,0.25
0.25,0.25,0.25,0.25

0.25,0.25,0.25,0.25
0.25,0.25,0.25,0.25
0.0004381056485264902,0.9984427729918711,0.0005595606798011607,0.0005595606798011607
0.8248857291146445,0.000172678611914307,0.08747079613672057,0.08747079613672057

Transition Gammas
1.0,1.0,1794.2412660225796,5439.758733977419
2364.0,1008.0,1.0,1.0
1.0,1.0,1.0,1.0
1.0,1.0,1.0,1.0

1.0,1.0,1.0,1.0
1.0,1.0,1.0,1.0
1.0,2279.0,1.2772277227722773,1.2772277227722773
4777.0,1.0,506.5525786142442,506.5525786142442

Iteration: ,22500
Error:,0.29855372526570795
Absolute Error:,0.35939352789655665
Transition Probabilities
0.00012239902080783365,0.00012239902080783365,0.244609297681406,0.7551459042769784
0.7007163703900239,0.2987529848766251,0.0002653223666755107,0.0002653223666755107
0.25,0.25,0.25,0.25
0.25,0.25,0.25,0.25

0.25,0.25,0.25,0.25
0.25,0.25,0.25,0.25
0.0003923792948050535,0.9986053052788613,0.0005011577131668506,0.0005011577131668506
0.8274704499311655,0.00015269799777286686,0.08618842603553084,0.08618842603553084

Transition Gammas
1.0,1.0,1998.457962057085,6169.542037942908
2641.0,1126.0,1.0,1.0
1.0,1.0,1.0,1.0
1.0,1.0,1.0,1.0

1.0,1.0,1.0,1.0
1.0,1.0,1.0,1.0
1.0,2545.0,1.2772277227722773,1.2772277227722773
5419.0,1.0,564.43717201671,564.43717201671

Iteration: ,25000
Error:,0.2998826698175192
Absolute Error:,0.35881494586619894
Transition Probabilities
0.00011003521126760572,0.00011003521126760572,0.24134288196895426,0.7584370476085104
0.7022716288061865,0.2972450459159014,0.0002416626389560174,0.0002416626389560174
0.25,0.25,0.25,0.25
0.25,0.25,0.25,0.25

0.25,0.25,0.25,0.25
0.25,0.25,0.25,0.25
0.0003559283209698166,0.9987348686413053,0.00045460151886243897,0.00045460151886243897
0.8270251034923551,0.00013656292990296484,0.0864191667888709,0.0864191667888709

Transition Gammas
1.0,1.0,2193.3241113338545,6892.675888666137
2906.0,1230.0,1.0,1.0
1.0,1.0,1.0,1.0
1.0,1.0,1.0,1.0

1.0,1.0,1.0,1.0
1.0,1.0,1.0,1.0
1.0,2806.0,1.2772277227722773,1.2772277227722773
6056.0,1.0,632.8157051864388,632.8157051864388

Iteration: ,27500
Error:,0.2963440692371013
Absolute Error:,0.35894732683928054
Transition Probabilities
9.995002498750634e-05,9.995002498750634e-05,0.24169351154893054,0.7581065884010945
0.7017351197012959,0.2978256094882495,0.00021963540522732265,0.00021963540522732265
0.25,0.25,0.25,0.25
0.25,0.25,0.25,0.25

0.25,0.25,0.25,0.25
0.25,0.25,0.25,0.25
0.00032346187473378447,0.9988502691779264,0.00041313447366988316,0.00041313447366988316
0.8283023594208156,0.0001241088341955073,0.0857867658724945,0.0857867658724945

Transition Gammas
1.0,1.0,2418.1435830470477,7584.856416952943
3195.0,1356.0,1.0,1.0
1.0,1.0,1.0,1.0
1.0,1.0,1.0,1.0

1.0,1.0,1.0,1.0
1.0,1.0,1.0,1.0
1.0,3088.0,1.2772277227722773,1.2772277227722773
6674.0,1.0,691.222074790869,691.222074790869

Iteration: ,30000
Error:,0.2994388564895025
Absolute Error:,0.3586995649283334
Transition Probabilities
9.14996797511209e-05,9.14996797511209e-05,0.24114162908954062,0.7586753715509571
0.7033077853973376,0.2962888261395724,0.0002016942315449778,0.0002016942315449778
0.25,0.25,0.25,0.25
0.25,0.25,0.25,0.25

0.25,0.25,0.25,0.25
0.25,0.25,0.25,0.25
0.0002964232571926663,0.9989463767392854,0.00037860000176093026,0.00037860000176093026
0.8288193668490718,0.00011364587506500367,0.0855334936379316,0.0855334936379316

Transition Gammas
1.0,1.0,2635.4368643195885,8291.563135680408
3487.0,1469.0,1.0,1.0
1.0,1.0,1.0,1.0
1.0,1.0,1.0,1.0

1.0,1.0,1.0,1.0
1.0,1.0,1.0,1.0
1.0,3370.0,1.2772277227722773,1.2772277227722773
7293.0,1.0,752.6317483059353,752.6317483059353

Iteration: ,32500
Error:,0.2985920030608468
Absolute Error:,0.35910869621240726
Transition Probabilities
8.444519506840061e-05,8.444519506840061e-05,0.24267306309470085,0.7571580465151624
0.7016892519027288,0.2979394839428253,0.00018563207722294413,0.00018563207722294413
0.25,0.25,0.25,0.25
0.25,0.25,0.25,0.25

0.25,0.25,0.25,0.25
0.25,0.25,0.25,0.25
0.00027325730828023755,0.9990287190725484,0.0003490118095856499,0.0003490118095856499
0.8301550977611785,0.00010502974414994667,0.08486993624733569,0.08486993624733569

Transition Gammas
1.0,1.0,2873.7344131674477,8966.265586832553
3780.0,1605.0,1.0,1.0
1.0,1.0,1.0,1.0
1.0,1.0,1.0,1.0

1.0,1.0,1.0,1.0
1.0,1.0,1.0,1.0
1.0,3656.0,1.2772277227722773,1.2772277227722773
7904.0,1.0,808.0562028806844,808.0562028806844

Iteration: ,35000
Error:,0.2989478526738577
Absolute Error:,0.3591587744268076
Transition Probabilities
7.850525985241016e-05,7.850525985241016e-05,0.24244910015998627,0.7573938893203089
0.7011691884456671,0.2984869325997249,0.000171939477303989,0.000171939477303989
0.25,0.25,0.25,0.25
0.25,0.25,0.25,0.25

0.25,0.25,0.25,0.25
0.25,0.25,0.25,0.25
0.0002536426601841295,0.9990984384652861,0.0003239594372648783,0.0003239594372648783
0.8289944588885438,9.760914387007463e-05,0.085453965983793,0.085453965983793

Transition Gammas
1.0,1.0,3088.3166378379033,9647.68336216209
4078.0,1736.0,1.0,1.0
1.0,1.0,1.0,1.0
1.0,1.0,1.0,1.0

1.0,1.0,1.0,1.0
1.0,1.0,1.0,1.0
1.0,3939.0,1.2772277227722773,1.2772277227722773
8493.0,1.0,875.4709097493866,875.4709097493866

Iteration: ,37500
Error:,0.3016648046229606
Absolute Error:,0.358862307011251
Transition Probabilities
7.324934075593324e-05,7.324934075593324e-05,0.24115313608873193,0.7587003652297561
0.7023330651649236,0.2973451327433628,0.00016090104585679806,0.00016090104585679806
0.25,0.25,0.25,0.25
0.25,0.25,0.25,0.25

0.25,0.25,0.25,0.25
0.25,0.25,0.25,0.25
0.00023693569424504312,0.9991578226313468,0.000302620837204065,0.000302620837204065
0.8289068560608808,9.096870676699745e-05,0.08550108761617604,0.08550108761617604

Transition Gammas
1.0,1.0,3292.222613883366,10357.777386116624
4365.0,1848.0,1.0,1.0
1.0,1.0,1.0,1.0
1.0,1.0,1.0,1.0

1.0,1.0,1.0,1.0
1.0,1.0,1.0,1.0
1.0,4217.0,1.2772277227722773,1.2772277227722773
9112.0,1.0,939.8956042672356,939.8956042672356

Iteration: ,40000
Error:,0.3003887090805316
Absolute Error:,0.35868582500452306
Transition Probabilities
6.87947165657678e-05,6.87947165657678e-05,0.24089413051507336,0.7589682800517951
0.7035638779824827,0.29613409845967986,0.00015101177891875566,0.00015101177891875566
0.25,0.25,0.25,0.25
0.25,0.25,0.25,0.25

0.25,0.25,0.25,0.25
0.25,0.25,0.25,0.25
0.00022214548549785883,0.999210393769369,0.00028373037256657215,0.00028373037256657215
0.8269293278368229,8.535604127134836e-05,0.08649265806095294,0.08649265806095294

Transition Gammas
1.0,1.0,3501.6370811671036,11032.362918832885
4659.0,1961.0,1.0,1.0
1.0,1.0,1.0,1.0
1.0,1.0,1.0,1.0

1.0,1.0,1.0,1.0
1.0,1.0,1.0,1.0
1.0,4498.0,1.2772277227722773,1.2772277227722773
9688.0,1.0,1013.3161844513296,1013.3161844513296

Iteration: ,42500
Error:,0.29988881815162405
Absolute Error:,0.35855916674051647
Transition Probabilities
6.47500647500648e-05,6.47500647500648e-05,0.24108325226112404,0.7587872476093759
0.7048364153627311,0.29487908961593173,0.0001422475106685633,0.0001422475106685633
0.25,0.25,0.25,0.25
0.25,0.25,0.25,0.25

0.25,0.25,0.25,0.25
0.25,0.25,0.25,0.25
0.00020874410452912705,0.9992580283809311,0.00026661375726987513,0.00026661375726987513
0.8269235057022694,8.036966718847987e-05,0.08649806231527105,0.08649806231527105

Transition Gammas
1.0,1.0,3723.289747920797,11718.710252079192
4955.0,2073.0,1.0,1.0
1.0,1.0,1.0,1.0
1.0,1.0,1.0,1.0

1.0,1.0,1.0,1.0
1.0,1.0,1.0,1.0
1.0,4787.0,1.2772277227722773,1.2772277227722773
10289.0,1.0,1076.2525880867356,1076.2525880867356

Iteration: ,45000
Error:,0.2971526870184846
Absolute Error:,0.3582149623472179
Transition Probabilities
6.119576525304448e-05,6.119576525304448e-05,0.23999780754929834,0.7598798009201956
0.7065642269847688,0.2931661949049737,0.00013478905512872354,0.00013478905512872354
0.25,0.25,0.25,0.25
0.25,0.25,0.25,0.25

0.25,0.25,0.25,0.25
0.25,0.25,0.25,0.25
0.0001974507350641226,0.9992981701595246,0.00025218955270566156,0.00025218955270566156
0.8254642674558754,7.580716938707646e-05,0.08722996268736877,0.08722996268736877

Transition Gammas
1.0,1.0,3921.804173163084,12417.195826836916
5242.0,2175.0,1.0,1.0
1.0,1.0,1.0,1.0
1.0,1.0,1.0,1.0

1.0,1.0,1.0,1.0
1.0,1.0,1.0,1.0
1.0,5061.0,1.2772277227722773,1.2772277227722773
10889.0,1.0,1150.6822295654752,1150.6822295654752

Iteration: ,47500
Error:,0.299118629725617
Absolute Error:,0.35827441912818114
Transition Probabilities
5.79676540490406e-05,5.79676540490406e-05,0.23976690551076696,0.7601171591811349
0.7059123994381306,0.29383220533776017,0.00012769761205465457,0.00012769761205465457
0.25,0.25,0.25,0.25
0.25,0.25,0.25,0.25

0.25,0.25,0.25,0.25
0.25,0.25,0.25,0.25
0.00018717637945285192,0.9993346898987765,0.00023906686088532575,0.00023906686088532575
0.825697477827033,7.178105518795383e-05,0.08711537055888961,0.08711537055888961

Transition Gammas
1.0,1.0,4136.218886966243,13112.781113033767
5528.0,2301.0,1.0,1.0
1.0,1.0,1.0,1.0
1.0,1.0,1.0,1.0

1.0,1.0,1.0,1.0
1.0,1.0,1.0,1.0
1.0,5339.0,1.2772277227722773,1.2772277227722773
11503.0,1.0,1213.626218377313,1213.626218377313

Iteration: ,50000
Error:,0.2999994221932262
Absolute Error:,0.35813925844325545
Transition Probabilities
5.50539528738163e-05,5.50539528738163e-05,0.2394428699630154,0.7604470221312369
0.7067185032195359,0.29303851293888955,0.00012149192078726765,0.00012149192078726765
0.25,0.25,0.25,0.25
0.25,0.25,0.25,0.25

0.25,0.25,0.25,0.25
0.25,0.25,0.25,0.25
0.00017795005065409858,0.9993674844734176,0.00022728273796414572,0.00022728273796414572
0.8255013982170623,6.813316261283115e-05,0.08721523431016251,0.08721523431016251

Transition Gammas
1.0,1.0,4349.240290008215,13812.759709991798
5817.0,2412.0,1.0,1.0
1.0,1.0,1.0,1.0
1.0,1.0,1.0,1.0

1.0,1.0,1.0,1.0
1.0,1.0,1.0,1.0
1.0,5616.0,1.2772277227722773,1.2772277227722773
12116.0,1.0,1280.0702472269757,1280.0702472269757

Iteration: ,52500
Error:,0.2965952241567538
Absolute Error:,0.3581375866918777
Transition Probabilities
5.249068290378456e-05,5.249068290378456e-05,0.23982889497707827,0.7600661236571142
0.7071651090342679,0.2926041306103611,0.00011538017768547363,0.00011538017768547363
0.25,0.25,0.25,0.25
0.25,0.25,0.25,0.25

0.25,0.25,0.25,0.25
0.25,0.25,0.25,0.25
0.00016898872794989902,0.9993993370957028,0.0002158370881736334,0.0002158370881736334
0.8243614698049793,6.500248145442196e-05,0.08778676385678318,0.08778676385678318

Transition Gammas
1.0,1.0,4568.98027820832,14480.019721791688
6129.0,2536.0,1.0,1.0
1.0,1.0,1.0,1.0
1.0,1.0,1.0,1.0

1.0,1.0,1.0,1.0
1.0,1.0,1.0,1.0
1.0,5914.0,1.2772277227722773,1.2772277227722773
12682.0,1.0,1350.5140402730158,1350.5140402730158

Iteration: ,55000
Error:,0.3017382611444836
Absolute Error:,0.35853913403461785
Transition Probabilities
5.0152966547971295e-05,5.0152966547971295e-05,0.23975478501231468,0.7601449090545894
0.703919200790427,0.29586123614008125,0.00010978153474585575,0.00010978153474585575
0.25,0.25,0.25,0.25
0.25,0.25,0.25,0.25

0.25,0.25,0.25,0.25
0.25,0.25,0.25,0.25
0.00016153641926537716,0.9994258259948884,0.00020631879292310547,0.00020631879292310547
0.8243621873792639,6.21082036750745e-05,0.08778785220853057,0.08778785220853057

Transition Gammas
1.0,1.0,4780.470658360544,15156.529341639463
6412.0,2695.0,1.0,1.0
1.0,1.0,1.0,1.0
1.0,1.0,1.0,1.0

1.0,1.0,1.0,1.0
1.0,1.0,1.0,1.0
1.0,6187.0,1.2772277227722773,1.2772277227722773
13273.0,1.0,1413.4662896998568,1413.4662896998568

Iteration: ,57500
Error:,0.29646542606143705
Absolute Error:,0.35828195599905266
Transition Probabilities
4.797083373309025e-05,4.797083373309025e-05,0.23918507773543043,0.7607189805971034
0.7054426781766502,0.2943467733445626,0.00010527423939362039,0.00010527423939362039
0.25,0.25,0.25,0.25
0.25,0.25,0.25,0.25

0.25,0.25,0.25,0.25
0.25,0.25,0.25,0.25
0.00015478547652471357,0.9994498219200755,0.00019769630169988168,0.00019769630169988168
0.8238937728144679,5.935834098086944e-05,0.08802343442227567,0.08802343442227567

Transition Gammas
1.0,1.0,4986.052130472785,15857.947869527226
6701.0,2796.0,1.0,1.0
1.0,1.0,1.0,1.0
1.0,1.0,1.0,1.0

1.0,1.0,1.0,1.0
1.0,1.0,1.0,1.0
1.0,6457.0,1.2772277227722773,1.2772277227722773
13880.0,1.0,1482.916014290977,1482.916014290977

Iteration: ,60000
Error:,0.294217193271156
Absolute Error:,0.35812642352306184
Transition Probabilities
4.5979125477033394e-05,4.5979125477033394e-05,0.2387150550162796,0.7611929867327664
0.7062506311218822,0.2935474098757952,0.00010097950116126426,0.00010097950116126426
0.25,0.25,0.25,0.25
0.25,0.25,0.25,0.25

0.25,0.25,0.25,0.25
0.25,0.25,0.25,0.25
0.00014842180595538824,0.9994724413035843,0.0001895684452301493,0.0001895684452301493
0.8232074683308269,5.685134449798528e-05,0.08836784016233759,0.08836784016233759

Transition Gammas
1.0,1.0,5191.8137315490685,16555.186268450947
6994.0,2907.0,1.0,1.0
1.0,1.0,1.0,1.0
1.0,1.0,1.0,1.0

1.0,1.0,1.0,1.0
1.0,1.0,1.0,1.0
1.0,6734.0,1.2772277227722773,1.2772277227722773
14480.0,1.0,1554.3667602350056,1554.3667602350056

Iteration: ,62500
Error:,0.29899756717026227
Absolute Error:,0.3583001566980015
Transition Probabilities
4.415400918403387e-05,4.415400918403387e-05,0.2386914698953454,0.7612202220862865
0.7048688413512729,0.29493756654728487,9.679605072113058e-05,9.679605072113058e-05
0.25,0.25,0.25,0.25
0.25,0.25,0.25,0.25

0.25,0.25,0.25,0.25
0.25,0.25,0.25,0.25
0.0001424997848394338,0.9994934908637886,0.0001820046756860095,0.0001820046756860095
0.8234197935078111,5.460705574028856e-05,0.08826279971822432,0.08826279971822432

Transition Gammas
1.0,1.0,5405.884410189788,17240.115589810233
7282.0,3047.0,1.0,1.0
1.0,1.0,1.0,1.0
1.0,1.0,1.0,1.0

1.0,1.0,1.0,1.0
1.0,1.0,1.0,1.0
1.0,7014.0,1.2772277227722773,1.2772277227722773
15079.0,1.0,1616.3259220200894,1616.3259220200894

Iteration: ,65000
Error:,0.2979328958787321
Absolute Error:,0.35839030086957047
Transition Probabilities
4.243941773118868e-05,4.243941773118868e-05,0.23877223238435555,0.7611428887801821
0.7042580885087393,0.29555596876162143,9.297136481963555e-05,9.297136481963555e-05
0.25,0.25,0.25,0.25
0.25,0.25,0.25,0.25

0.25,0.25,0.25,0.25
0.25,0.25,0.25,0.25
0.00013690088917805247,0.9995133918889612,0.00017485361093038388,0.00017485361093038388
0.8241346085140654,5.251941170749843e-05,0.08790643603711348,0.08790643603711348

Transition Gammas
1.0,1.0,5626.190111672576,17934.80988832745
7575.0,3179.0,1.0,1.0
1.0,1.0,1.0,1.0
1.0,1.0,1.0,1.0

1.0,1.0,1.0,1.0
1.0,1.0,1.0,1.0
1.0,7301.0,1.2772277227722773,1.2772277227722773
15692.0,1.0,1673.7894271683679,1673.7894271683679

Iteration: ,67500
Error:,0.29863597945498516
Absolute Error:,0.3583962007240792
Transition Probabilities
4.0878060744798254e-05,4.0878060744798254e-05,0.23908530479367127,0.7608329390848391
0.7045515514620406,0.29526960565143523,8.942144326209425e-05,8.942144326209425e-05
0.25,0.25,0.25,0.25
0.25,0.25,0.25,0.25

0.25,0.25,0.25,0.25
0.25,0.25,0.25,0.25
0.00013167329378788867,0.9995319731438629,0.00016817678117463008,0.00016817678117463008
0.8239998021443349,5.061112966920551e-05,0.08797479336299797,0.08797479336299797

Transition Gammas
1.0,1.0,5848.743811167582,18612.256188832424
7879.0,3302.0,1.0,1.0
1.0,1.0,1.0,1.0
1.0,1.0,1.0,1.0

1.0,1.0,1.0,1.0
1.0,1.0,1.0,1.0
1.0,7591.0,1.2772277227722773,1.2772277227722773
16281.0,1.0,1738.2499449824868,1738.2499449824868

Iteration: ,70000
Error:,0.3041436602810914
Absolute Error:,0.3581692762137795
Transition Probabilities
3.943995267205676e-05,3.943995267205676e-05,0.2383783471033057,0.7615427729913502
0.7056841741534209,0.29414305459571527,8.638562543192812e-05,8.638562543192812e-05
0.25,0.25,0.25,0.25
0.25,0.25,0.25,0.25

0.25,0.25,0.25,0.25
0.25,0.25,0.25,0.25
0.00012708814632501347,0.9995482708462309,0.0001623205037220469,0.0001623205037220469
0.8230449715528467,4.879616834960851e-05,0.08845311613940184,0.08845311613940184

Transition Gammas
1.0,1.0,6044.082990804321,19308.917009195702
8169.0,3405.0,1.0,1.0
1.0,1.0,1.0,1.0
1.0,1.0,1.0,1.0

1.0,1.0,1.0,1.0
1.0,1.0,1.0,1.0
1.0,7865.0,1.2772277227722773,1.2772277227722773
16867.0,1.0,1812.7061843394001,1812.7061843394001

Iteration: ,72500
Error:,0.297566275476267
Absolute Error:,0.358258621047666
Transition Probabilities
3.804595951909901e-05,3.804595951909901e-05,0.23881169715323222,0.7611122109277295
0.7054263565891473,0.2944069350671001,8.33541718763024e-05,8.33541718763024e-05
0.25,0.25,0.25,0.25
0.25,0.25,0.25,0.25

0.25,0.25,0.25,0.25
0.25,0.25,0.25,0.25
0.0001226308568375809,0.9995641140831218,0.00015662753002027659,0.00015662753002027659
0.823975857993394,4.711125545988531e-05,0.08798851537557302,0.08798851537557302

Transition Gammas
1.0,1.0,6276.926647975566,20005.073352024476
8463.0,3532.0,1.0,1.0
1.0,1.0,1.0,1.0
1.0,1.0,1.0,1.0

1.0,1.0,1.0,1.0
1.0,1.0,1.0,1.0
1.0,8151.0,1.2772277227722773,1.2772277227722773
17490.0,1.0,1867.6750283272377,1867.6750283272377

Iteration: ,74999
Error:,0.29753025532210486
Absolute Error:,0.35833296556713
Transition Probabilities
3.680665464315946e-05,3.680665464315946e-05,0.23922483713230994,0.7607015495584037
0.7052673904302372,0.2945717732207479,8.041817450743868e-05,8.041817450743868e-05
0.25,0.25,0.25,0.25
0.25,0.25,0.25,0.25

0.25,0.25,0.25,0.25
0.25,0.25,0.25,0.25
0.00011833543056522156,0.9995793819844265,0.00015114129250409487,0.00015114129250409487
0.8237388805565742,4.560113377748971e-05,0.0881077591548242,0.0881077591548242

Transition Gammas
1.0,1.0,6499.499600047733,20667.500399952285
8770.0,3663.0,1.0,1.0
1.0,1.0,1.0,1.0
1.0,1.0,1.0,1.0

1.0,1.0,1.0,1.0
1.0,1.0,1.0,1.0
1.0,8447.0,1.2772277227722773,1.2772277227722773
18064.0,1.0,1932.1396609291594,1932.1396609291594

*,*,*,*,*,*,*,*,*,*,*
Model Num 2
Model States: 
"['diamond', 'x', 'square']","['diamond', 'x', 'diamond']","['square', 'y', 'diamond', 'x', 'diamond']","['square', 'y', 'diamond', 'x', 'square']"
Iteration: ,74999
Error:,0.2993182303930065
Absolute Error:,0.35833646563688926
Transition Probabilities
3.6805299963194675e-05,3.6805299963194675e-05,0.23925283769038383,0.7606735517096898
0.7052673904302372,0.2945717732207479,8.041817450743868e-05,8.041817450743868e-05
0.25,0.25,0.25,0.25
0.25,0.25,0.25,0.25

0.25,0.25,0.25,0.25
0.25,0.25,0.25,0.25
0.00011833543056522156,0.9995793819844265,0.00015114129250409487,0.00015114129250409487
0.8237388805565742,4.560113377748971e-05,0.0881077591548242,0.0881077591548242

Transition Gammas
1.0,1.0,6500.499600047733,20667.500399952285
8770.0,3663.0,1.0,1.0
1.0,1.0,1.0,1.0
1.0,1.0,1.0,1.0

1.0,1.0,1.0,1.0
1.0,1.0,1.0,1.0
1.0,8447.0,1.2772277227722773,1.2772277227722773
18064.0,1.0,1932.1396609291594,1932.1396609291594

