0,1,2,3,4,5,6,7,8,9,10,11,12,13,14,15,16,17,18,19,20,21,22,23,24,25,26,27,28,29
github Code Version (SHA):,528ca1c557fe8e6666681dc5c9134b0f84d30530
Environment Observations,Environment Actions,alpha,epsilon,numActions,explore,patience,gainThresh,insertRandActions,useUpdatedPosterior,revisedSplitting,haveControl,confidence_factor
"['diamond', 'square']","['x', 'y']",0.95,0.99,75000,0.5,0,0.01,False,True,False,True,250

Model Num 0
Model States: 
['diamond'],['square']
Iteration: ,0
Error:,0.6232760174674615
Absolute Error:,1
Transition Probabilities
0.5,0.5
0.5,0.5

0.5,0.5
0.5,0.5

Transition Gammas
1.0,1.0
1.0,1.0

1.0,1.0
1.0,1.0

Iteration: ,2460
Error:,0.1314100026875479
Absolute Error:,1
Transition Probabilities
0.46641074856046066,0.5335892514395394
0.05346820809248555,0.9465317919075145

0.058,0.942
0.9442231075697212,0.055776892430278883


Model Num 1
Model States: 
['square'],"['diamond', 'x', 'square']","['diamond', 'x', 'diamond']"
Iteration: ,0
Error:,0.6777238865474245
Absolute Error:,1
Transition Probabilities
0.3333333333333333,0.3333333333333333,0.3333333333333333
0.3333333333333333,0.3333333333333333,0.3333333333333333
0.3333333333333333,0.3333333333333333,0.3333333333333333

0.3333333333333333,0.3333333333333333,0.3333333333333333
0.3333333333333333,0.3333333333333333,0.3333333333333333
0.3333333333333333,0.3333333333333333,0.3333333333333333

Transition Gammas
1.0,1.0,1.0
1.0,1.0,1.0
1.0,1.0,1.0

1.0,1.0,1.0
1.0,1.0,1.0
1.0,1.0,1.0

Iteration: ,2500
Error:,0.09447469145101035
Absolute Error:,1
Transition Probabilities
0.9605568445475638,0.023862647933688738,0.01558050751874746
0.9954648526077098,0.0022675736961451248,0.0022675736961451248
0.003048780487804878,0.9093954433502202,0.08755577616197494

0.04461538461538461,0.26854785251651736,0.686836762868098
0.8599751126080603,0.06993248939128971,0.07009239800065001
0.9590952355006103,0.026592550585906705,0.014312213913483007

Transition Gammas
828.0,20.56960251883969,13.43039748116031
439.0,1.0,1.0
1.0,298.2817054188722,28.71829458112778

29.0,174.5561041357363,446.4438958642637
41.27155314907379,3.356169743106355,3.3638440078303575
143.2505124678667,3.971864688985186,2.1376729877987892

Iteration: ,3241
Error:,0.10369573762466766
Absolute Error:,1
Transition Probabilities
0.9564755838641189,0.027586883293527157,0.01593753284235395
0.9971387696709585,0.001430615164520744,0.001430615164520744
0.0024390243902439024,0.9125634315827702,0.08499754402698588

0.04255319148936171,0.3931982116173076,0.5642485968933306
0.8672573522530691,0.059602161114812285,0.07314048663211868
0.9581733981693149,0.028269154530378097,0.013557447300306998


Model Num 2
Model States: 
"['diamond', 'x', 'square']","['diamond', 'x', 'diamond']","['square', 'y', 'diamond', 'x', 'diamond']","['square', 'y', 'diamond', 'x', 'square']"
Iteration: ,0
Error:,0.6242922682614092
Absolute Error:,0.7
Transition Probabilities
0.25,0.25,0.25,0.25
0.25,0.25,0.25,0.25
0.25,0.25,0.25,0.25
0.25,0.25,0.25,0.25

0.25,0.25,0.25,0.25
0.25,0.25,0.25,0.25
0.25,0.25,0.25,0.25
0.25,0.25,0.25,0.25

Transition Gammas
1.0,1.0,1.0,1.0
1.0,1.0,1.0,1.0
1.0,1.0,1.0,1.0
1.0,1.0,1.0,1.0

1.0,1.0,1.0,1.0
1.0,1.0,1.0,1.0
1.0,1.0,1.0,1.0
1.0,1.0,1.0,1.0

Iteration: ,2500
Error:,0.03817300787851689
Absolute Error:,0.05582890282187999
Transition Probabilities
0.0018726591760299621,0.0018726591760299621,0.03565757974050513,0.960597101907435
0.9546305147120466,0.039919894007299395,0.0027247956403269754,0.0027247956403269754
0.015005202618786092,0.015720159961304048,0.9347009825033384,0.034573654916571536
0.038423561797067775,0.027502983664727854,0.8629977909061597,0.07107566363204468

0.0420021581856246,0.022810184264725638,0.033639609041042184,0.9015480485086075
0.06732056142300141,0.07005491525947387,0.7575186593478177,0.10510586396970709
0.0028837948975897394,0.9593683670981114,0.004392888070153183,0.033354949934145645
0.9480830853837086,0.002970566470670323,0.015019355790777577,0.03392699235484361

Transition Gammas
1.0,1.0,19.041147581429744,512.9588524185704
350.3493988993211,14.650601100678879,1.0,1.0
3.458527735945384,3.623317233424105,215.43789543741053,7.968832377662394
13.882149247409862,9.936624980247508,311.7947314935954,25.679112613501708

8.064292892103433,4.3794894067265675,6.458707642686356,173.09461783718507
1.6619346989551902,1.7294373671444987,18.700773113962928,2.5947359722290986
1.0745300429726294,357.4699898339201,1.6368328450615002,12.428378944717274
352.9980643499976,1.1060256535905146,5.592129638915206,12.631975841684767

Iteration: ,5000
Error:,0.02820709924369794
Absolute Error:,0.041048419366672126
Transition Probabilities
0.001022494887525562,0.001022494887525562,0.035259072140603975,0.962695938084345
0.9585398614699358,0.03877917338261121,0.0013404825737265422,0.0013404825737265422
0.013213533556868473,0.02015331627884078,0.9316463273823928,0.034986822781897894
0.03559408621161862,0.021114582649383196,0.8819314413334874,0.061359889805510694

0.0355737187141686,0.01892125310550262,0.019131770593243995,0.9263732575870847
0.0401559607375152,0.04178697216966803,0.8476917649757806,0.07036530211703618
0.0014313721969394652,0.9599507942171839,0.0023902118202988273,0.03622762176557792
0.9477794155081669,0.0015755883916948874,0.012853777391404562,0.0377912187087336

Transition Gammas
1.0,1.0,34.4833725535107,941.5166274464897
715.0707366565717,28.929263343427944,1.0,1.0
6.402689398555433,9.765398780646008,451.43428424062137,16.953054862327402
26.173398727770888,15.52618565250276,648.5106297529909,45.119766587728435

16.04477679312659,8.534032811226101,8.628982291458957,417.8211523100169
1.6619346989551902,1.7294373671444987,35.08341806190821,2.9122086744525437
1.077130571688643,722.3783932501877,1.7986727910185265,27.26186733730945
673.5214920073053,1.1196620511058006,9.134293470540108,26.85561386225455

Iteration: ,7500
Error:,0.027033239396633605
Absolute Error:,0.03642825327478083
Transition Probabilities
0.0007235890014471791,0.0007235890014471791,0.031014695934884838,0.9675381260622209
0.9586973539219432,0.039474492513157274,0.000914076782449726,0.000914076782449726
0.01745400270716554,0.01645748806698342,0.9316225705165632,0.03446593870928788
0.03958001747836747,0.020092905629881478,0.891236022362436,0.04909105452931489

0.03198878428855088,0.01687830381479036,0.01813622819494899,0.9329966837017097
0.03829222934356852,0.03957840580328723,0.8679743696420539,0.054154995211090184
0.0009449078901994989,0.9587259110721217,0.0016244363398614393,0.0387047446978175
0.9507343861840362,0.0010583015084536897,0.011383862205698491,0.03682345010181158

Transition Gammas
1.0,1.0,42.862309782010776,1337.137690217987
1048.8149051906057,43.18509480939405,1.0,1.0
12.792346843802445,12.061983664306478,682.8026355622156,25.260695192022677
43.08819164567217,21.873839974222467,970.2307118501843,53.44223930177276

23.807291181310543,12.561486861792263,13.497682865127864,694.3722374605417
3.5570194467213376,3.676494200674337,80.62736918165444,5.030534246899429
1.080408797538967,1096.2083389230554,1.8573824293685943,44.255050795684305
1014.8814546203668,1.1297062459656342,12.151943594770437,39.30796776317812

Iteration: ,10000
Error:,0.025935085803727373
Absolute Error:,0.03350843495677129
Transition Probabilities
0.0005763688760806919,0.0005763688760806919,0.028334293438787732,0.9705129688090509
0.9606318391208559,0.03792202928116856,0.0007230657989877077,0.0007230657989877077
0.020731197405461626,0.01753707095030002,0.9271570186385928,0.034574713005645526
0.03849164277980952,0.0175657584587571,0.9035220455461782,0.04042055321525508

0.0248999455463632,0.017925509842985785,0.020799890255374154,0.9363746543552768
0.04170192805552649,0.026078340825115044,0.8834988532266155,0.04872087789274297
0.0007198558528355854,0.9622989117290953,0.001245307082036793,0.0357359253360322
0.9536269931398357,0.0007540454891244604,0.009395204138365892,0.03622375723267399

Transition Gammas
1.0,1.0,49.159999116296696,1683.8400008837027
1328.5538335041442,52.44616649585613,1.0,1.0
20.900351133347836,17.680162585068146,934.7220455384507,34.85682124479432
52.39999832792942,23.912871662378002,1229.995662868962,55.025890503284714

27.462039915719142,19.76996559695655,22.940107052526916,1032.7234686554618
7.425580809213088,4.6435941021539815,157.31867650689847,8.675397823492764
1.0839395643719725,1449.0037957828429,1.875149879931025,53.81019434458256
1441.1227982889666,1.1395148765098662,14.19804910701866,54.74140598287001

Iteration: ,12500
Error:,0.026256803031707333
Absolute Error:,0.03194865978290727
Transition Probabilities
0.0004894762604013703,0.0004894762604013703,0.02759370936038641,0.9714273381188109
0.9588835249586657,0.03995300790928076,0.0005817335660267597,0.0005817335660267597
0.020783550680958496,0.017900629658646784,0.9293762913190357,0.031939528341358964
0.04215746835779845,0.01933418118255944,0.9053400928583412,0.03316825760130098

0.024735444267264733,0.02009866063023828,0.0197978107141378,0.9353680843883593
0.03489704517382065,0.02521554612861283,0.8936983748243528,0.04618903387321374
0.0005057084350588584,0.9588028833239829,0.0008851321230817137,0.03980627611787648
0.9543555802374515,0.0006780364780361421,0.00974991499095322,0.035216468293559136

Transition Gammas
1.0,1.0,56.373948223269466,1984.6260517767316
1648.3207794039465,68.67922059605364,1.0,1.0
22.7503592640715,19.594618938736918,1017.325905644691,34.96205993120513
73.08727567069624,33.51915295206555,1569.5639116866266,57.502921338835975

32.38795544164174,26.31667003411456,25.922744880719225,1224.7469465828997
17.13956574766901,12.384530225469044,438.93693513564364,22.685587818339187
1.0920490871993713,2070.4812119976123,1.9113933247914394,85.95942738086565
1607.6274145759926,1.1421634165980843,16.42388953742164,59.32271057626721

Iteration: ,15000
Error:,0.02755854548403492
Absolute Error:,0.031274324273038785
Transition Probabilities
0.0004228329809725156,0.0004228329809725156,0.028583199752584224,0.9705711342854708
0.9623315307935194,0.03668855739854338,0.0004899559039686428,0.0004899559039686428
0.023328424086090004,0.018241361718928244,0.928647381949698,0.029782832245283684
0.04149899402087186,0.02019653172101049,0.9099295932828405,0.028374880975277007

0.024411961627095424,0.02028128888832058,0.018369255851430677,0.9369374936331534
0.028471965565919768,0.024973971277931512,0.8939324810218106,0.0526215821343382
0.0003894870254039669,0.9555500617823921,0.000685815142065922,0.04337463605013799
0.9523257819551942,0.0006110772810045547,0.010179832043163832,0.03688330872063747

Transition Gammas
1.0,1.0,67.59926741486173,2295.40073258514
1964.118654349573,74.88134565042705,1.0,1.0
27.449620790765778,21.463878573363818,1092.7021211885512,35.0442639498951
87.48954161921263,42.57899123242344,1918.3434418201298,59.820855627925106

36.73468083222632,30.518918780853376,27.64172585290513,1409.8866905541292
22.982095626849084,20.158572992186155,721.5673858281456,42.47526324965146
1.0973016820704313,2692.070907904611,1.9321467979524727,122.19934938177902
1783.3632893509864,1.1443277190947794,19.063160004200498,69.06915680382016

Iteration: ,16518
Error:,0.02887981892308657
Absolute Error:,0.031496040449775185
Transition Probabilities
0.0003904724716907454,0.0003904724716907454,0.027230149310870887,0.9719889057457477
0.9623317364364105,0.03677140257704242,0.00044843049327354233,0.00044843049327354233
0.023290063176628576,0.019983331753684698,0.9279569920769276,0.028769612992759142
0.04043761770852374,0.02122009682750469,0.9121917936888504,0.02615049177512135

0.02501102840093833,0.019731333186314773,0.01759414647257795,0.9376634919401688
0.026855285324921586,0.0250215227611566,0.890781512729675,0.05734167918424681
0.0003431325029603767,0.9550006974406877,0.0006052526506311118,0.04405091740572083
0.954031504588535,0.0005717026141366195,0.009573325601853365,0.03582346719547506

*,*,*,*,*,*,*,*,*,*,*
Model Num 2
Model States: 
"['diamond', 'x', 'square']","['diamond', 'x', 'diamond']","['square', 'y', 'diamond', 'x', 'diamond']","['square', 'y', 'diamond', 'x', 'square']"
Iteration: ,16518
Error:,0.029087208661524266
Absolute Error:,0.031496040449775185
Transition Probabilities
0.0003904724716907454,0.0003904724716907454,0.027230149310870887,0.9719889057457477
0.9623317364364105,0.03677140257704242,0.00044843049327354233,0.00044843049327354233
0.023290063176628576,0.019983331753684698,0.9279569920769276,0.028769612992759142
0.04043761770852374,0.02122009682750469,0.9121917936888504,0.02615049177512135

0.02501102840093833,0.019731333186314773,0.01759414647257795,0.9376634919401688
0.026855285324921586,0.0250215227611566,0.890781512729675,0.05734167918424681
0.0003431325029603767,0.9550006974406877,0.0006052526506311118,0.04405091740572083
0.954031504588535,0.0005717026141366195,0.009573325601853365,0.03582346719547506

Transition Gammas
1.0,1.0,69.73641238514041,2489.2635876148624
2145.9997722531966,82.00022774680465,1.0,1.0
28.399258784004463,24.367121958217776,1131.5250868389398,35.08087025358153
94.27300270983372,49.47082343331534,2126.6104264146697,60.96514883120447

40.88699075263264,32.25596423279016,28.762180130816635,1532.853344111216
26.87169420992572,25.036811196362134,891.3257903729524,57.37671560289939
1.099763623114093,3060.843895674719,1.939876992749778,141.1862651006555
1912.0599851323411,1.1458004129094688,19.186759263093187,71.79701909604223

