0,1,2,3,4,5,6,7,8,9,10,11,12,13,14,15,16,17,18,19,20,21,22,23,24,25,26,27,28,29
github Code Version (SHA):,528ca1c557fe8e6666681dc5c9134b0f84d30530
Environment Observations,Environment Actions,alpha,epsilon,numActions,explore,patience,gainThresh,insertRandActions,useUpdatedPosterior,revisedSplitting,haveControl,confidence_factor
"['diamond', 'square']","['x', 'y']",0.8,0.99,75000,0.5,0,0.01,False,True,False,True,250

Model Num 0
Model States: 
['diamond'],['square']
Iteration: ,0
Error:,0.45519011115158303
Absolute Error:,1
Transition Probabilities
0.5,0.5
0.5,0.5

0.5,0.5
0.5,0.5

Transition Gammas
1.0,1.0
1.0,1.0

1.0,1.0
1.0,1.0

Iteration: ,2445
Error:,0.07115200977475383
Absolute Error:,1
Transition Probabilities
0.47192982456140353,0.5280701754385965
0.17113095238095238,0.8288690476190477

0.134,0.866
0.8744710860366713,0.12552891396332863


Model Num 1
Model States: 
['square'],"['diamond', 'x', 'square']","['diamond', 'x', 'diamond']"
Iteration: ,0
Error:,0.5213447139837357
Absolute Error:,1
Transition Probabilities
0.3333333333333333,0.3333333333333333,0.3333333333333333
0.3333333333333333,0.3333333333333333,0.3333333333333333
0.3333333333333333,0.3333333333333333,0.3333333333333333

0.3333333333333333,0.3333333333333333,0.3333333333333333
0.3333333333333333,0.3333333333333333,0.3333333333333333
0.3333333333333333,0.3333333333333333,0.3333333333333333

Transition Gammas
1.0,1.0,1.0
1.0,1.0,1.0
1.0,1.0,1.0

1.0,1.0,1.0
1.0,1.0,1.0
1.0,1.0,1.0

Iteration: ,2500
Error:,0.06240688901066902
Absolute Error:,1
Transition Probabilities
0.8785471055618616,0.04775825464756591,0.07369463979057257
0.9958333333333333,0.0020833333333333333,0.0020833333333333333
0.00273972602739726,0.7740077360554375,0.2232525379171652

0.15472312703583063,0.33759799858683326,0.5076788743773362
0.8288014047329636,0.08656848247228036,0.084630112794756
0.8481743675194072,0.10682624312936737,0.0449993893512253

Transition Gammas
774.0,42.07502234450557,64.92497765549443
478.0,1.0,1.0
1.0,282.51282366023474,81.48717633976531

95.0,207.2851711323156,311.7148288676844
31.8172364009931,3.323317088951144,3.248904128367203
72.51123213602054,9.132676971159809,3.847040528669605

Iteration: ,2871
Error:,0.06499505004765316
Absolute Error:,1
Transition Probabilities
0.8760775862068966,0.05035561836877189,0.07356679542433156
0.9965576592082617,0.0017211703958691911,0.0017211703958691911
0.002352941176470588,0.7729194121980865,0.22472764662544298

0.156,0.3584708433971723,0.48552915660282775
0.8190256215944567,0.10860202902677281,0.07237234937877063
0.8480682925021822,0.11067860116022257,0.0412531063375951


Model Num 2
Model States: 
"['diamond', 'x', 'square']","['diamond', 'x', 'diamond']","['square', 'y', 'diamond', 'x', 'diamond']","['square', 'y', 'diamond', 'x', 'square']"
Iteration: ,0
Error:,0.45067171173414744
Absolute Error:,0.55
Transition Probabilities
0.25,0.25,0.25,0.25
0.25,0.25,0.25,0.25
0.25,0.25,0.25,0.25
0.25,0.25,0.25,0.25

0.25,0.25,0.25,0.25
0.25,0.25,0.25,0.25
0.25,0.25,0.25,0.25
0.25,0.25,0.25,0.25

Transition Gammas
1.0,1.0,1.0,1.0
1.0,1.0,1.0,1.0
1.0,1.0,1.0,1.0
1.0,1.0,1.0,1.0

1.0,1.0,1.0,1.0
1.0,1.0,1.0,1.0
1.0,1.0,1.0,1.0
1.0,1.0,1.0,1.0

Iteration: ,2500
Error:,0.059755118418898925
Absolute Error:,0.1570114462073313
Transition Probabilities
0.0019267822736030837,0.0019267822736030837,0.0707843848803052,0.9253620505724887
0.7789521080264024,0.2162401996659053,0.002403846153846154,0.002403846153846154
0.04955997498389162,0.11777901962445486,0.748202208352424,0.08445879703922964
0.09492154769053633,0.0338690818667693,0.6161344463355263,0.25507492410716814

0.054736570500880787,0.09547962904393978,0.21726624207438783,0.6325175583807915
0.1288144855795034,0.16724307644088887,0.4574624026789729,0.2464800353006347
0.0031768037111715914,0.8881269667921716,0.05671578180366437,0.05198044769299259
0.8678226410603176,0.0038855459187630043,0.08023756978671841,0.04805424323420094

Transition Gammas
1.0,1.0,36.73709575287838,480.2629042471214
324.0440769389834,89.9559230610166,1.0,1.0
8.465812553990393,20.118958963507843,127.80756347137098,14.427213583179489
31.534911265971484,11.252013028807566,204.69267058775984,84.74119200119111

7.580517011722072,13.223059932643235,30.089397801992735,87.59792708316178
4.536462971050708,5.889803619721293,16.110464914446382,8.680293588212079
1.0985281632267443,307.1113528706295,19.6121288172919,17.974666022669698
287.56326529271297,1.2875214577014058,26.587664892943224,15.923340140922441

Iteration: ,5000
Error:,0.04621557845902168
Absolute Error:,0.13457498768358145
Transition Probabilities
0.000973709834469329,0.000973709834469329,0.0691162927993751,0.9289362875316862
0.7987170909859848,0.1988228844137692,0.0012300123001230015,0.0012300123001230015
0.05246381806951617,0.1065205188943068,0.764757851350831,0.07625781168534597
0.08983021201372453,0.03543336796456816,0.651318496028861,0.22341792399284624

0.04499654933470342,0.09492972863832871,0.19268360580871138,0.6673901162182564
0.07783326695288642,0.11729416058163504,0.5515817967027756,0.25329077576270287
0.0015937142205074985,0.8909679348247272,0.05662582743014452,0.050812523524620797
0.8727879236290219,0.0019008468881108566,0.0839105739395838,0.0414006555432834

Transition Gammas
1.0,1.0,70.98243270495817,954.0175672950409
649.3569949716054,161.6430050283943,1.0,1.0
19.55456004402912,39.70282681065782,285.04412895697646,28.423168810388397
56.94969875209853,22.463707767339027,412.9166714517654,141.64035887244586

13.428696540556608,28.33067284958074,57.50417996496954,199.17481401067627
5.401434291733318,8.139921732557092,38.27839878813875,17.577747093830045
1.1130164037938692,622.2332171940374,39.54628376728797,35.48639490902925
606.9563384935773,1.3218916486006158,58.35329905516906,28.790946367935682

Iteration: ,7500
Error:,0.0378294702179645
Absolute Error:,0.123386067877953
Transition Probabilities
0.0007082152974504247,0.0007082152974504247,0.06713630825781654,0.9314472611472826
0.8221291972940605,0.176180185630707,0.0008453085376162304,0.0008453085376162304
0.053360811191173516,0.09607304509052228,0.7801464476527298,0.07041969606557441
0.08063228236498295,0.04075070040755247,0.6698131115110187,0.2088039057164458

0.04767862629473333,0.0804086820140963,0.17741263194773327,0.6945000597434372
0.05751089052337567,0.08814251048055184,0.582970676267314,0.27137592272875843
0.0010505434375917802,0.885953529912232,0.0617562979493074,0.05123962870086887
0.8797295823845754,0.0012870275996104698,0.084577135321618,0.034406254694196184

Transition Gammas
1.0,1.0,94.79646726003699,1315.2035327399635
972.578840398873,208.42115960112625,1.0,1.0
32.342631842565005,58.23103243735704,472.8561799654726,42.68222790231739
73.82030107222569,37.3079973027777,613.2259202344128,191.16372168746454

26.753755724026572,45.11946764988258,99.55098513420448,389.70260665312446
6.525263428298022,10.00076846112034,66.14464145831813,30.79067925722424
1.1244471829650977,948.2786863449046,66.10073679450804,54.844239740287705
916.6207653680128,1.3409986966756224,88.12385085539299,35.849070149211165

Iteration: ,10000
Error:,0.04149411491478649
Absolute Error:,0.11912364810486568
Transition Probabilities
0.0005543237250554325,0.0005543237250554325,0.06060400768003182,0.9382873448698573
0.8392344299414417,0.15943843004528688,0.0006635700066356997,0.0006635700066356997
0.05486041440488667,0.09608095110337944,0.784099181494891,0.06495945299684287
0.08105288587015146,0.04747859475693171,0.6751127943981629,0.19635572497475395

0.05559829786699729,0.07412881714713179,0.1776292832639956,0.6926436017218752
0.0567817514876392,0.0931490879173191,0.6100286041359322,0.24004055645910957
0.0008050406637713387,0.8867738438449526,0.06291085873085485,0.04951025676042107
0.8880797717453913,0.0008966341651853609,0.08273805765615462,0.028285536433268737

Transition Gammas
1.0,1.0,109.32962985477738,1692.6703701452225
1264.7262859217533,240.27371407824745,1.0,1.0
42.904147008228676,75.14108844322972,613.212767654413,50.802203213076965
90.33872523641344,52.917989042719555,752.4572207635936,218.85125614785113

51.00282756987486,68.00170911631787,162.94735726166414,635.3932321904333
9.996987605894416,16.39981601505412,107.40155481317893,42.26150840655388
1.136424683434568,1251.8022133796137,88.8072564966921,69.89047932329905
1346.6675957261764,1.3596393183272428,125.462446869932,42.89165968452636

Iteration: ,12500
Error:,0.03793503775107091
Absolute Error:,0.11122415890777915
Transition Probabilities
0.00045065344749887376,0.00045065344749887376,0.05484242916460035,0.9442562639404019
0.8355022045481244,0.16342827673529808,0.0005347593582887697,0.0005347593582887697
0.05789481124098374,0.09346859552860612,0.7757077214203225,0.07292887181008768
0.07790257336799906,0.05445892978262475,0.6960011910927055,0.1716373057566707

0.052680067376723254,0.07443074824494691,0.1762678869964266,0.6966212973819033
0.05302291594062509,0.0862003663288802,0.6496502051499337,0.21112651258056106
0.0006363402518984098,0.8785567046705556,0.06643465592629005,0.054372299151255875
0.886712908744459,0.0007528895772430956,0.08404071867588275,0.028493483002415117

Transition Gammas
1.0,1.0,121.69535031624808,2095.30464968375
1562.3891225049933,305.61087749500757,1.0,1.0
59.55675573389784,96.15173093002561,797.9754022036539,75.0223882113194
110.39097915558625,77.17042355033153,986.26078262184,243.21674397843168

57.79678660572924,81.66007158750776,193.3884665963187,764.2828582937259
14.84405362116474,24.132261254412946,181.8731073003414,59.106015163420565
1.1536728598923105,1592.8067146955486,120.4447766266414,98.57595158189673
1611.1241025689703,1.3679721277395849,152.69883422319018,51.77159008131687

Iteration: ,15000
Error:,0.04087697408812203
Absolute Error:,0.10615237945838957
Transition Probabilities
0.0003829950210647262,0.0003829950210647262,0.05201252163007813,0.9472214883277924
0.8328076171250605,0.16627495168227913,0.00045871559633027493,0.00045871559633027493
0.058491992703685367,0.09026783938444412,0.7830534951810513,0.06818667273081933
0.07602375792466971,0.052788147510948236,0.7225316083154599,0.1486564862489223

0.05485999197860741,0.07052481582626702,0.17214081180253996,0.7024743803925857
0.04815480624513933,0.08025112070829846,0.6586900388045643,0.21290403424199775
0.0005015879180027138,0.8803563022336581,0.06431084735221178,0.05483126249612727
0.8902843597905222,0.0006622922791118814,0.07998544430651229,0.029067903623853582

Transition Gammas
1.0,1.0,135.80469397613396,2473.1953060238657
1815.5206053326328,362.4793946673687,1.0,1.0
66.11983907451008,102.0395226392606,885.1702377519033,77.07878667816347
131.7902389132069,91.51037467980706,1252.5375735384207,257.7019917662593

67.54723464350306,86.83479729024236,211.9511029291337,864.9327149360606
25.588033517898957,42.64306154777997,350.008319108098,113.13087911821964
1.1888509497443136,2086.59815848717,152.42793777406115,129.95966640059297
1847.4917151527677,1.3743693070793077,165.98342323329638,60.32085201919585

Iteration: ,17500
Error:,0.041682706677480454
Absolute Error:,0.1020706672787576
Transition Probabilities
0.00033112582781456964,0.00033112582781456964,0.0486370370010563,0.9507007113433146
0.8285396840789201,0.17066254966659253,0.00039888312724371757,0.00039888312724371757
0.06085470707520445,0.0919896114108302,0.7837360658756908,0.06341961563827443
0.07901647476490506,0.05708937916850077,0.7345082092289729,0.12938593683762128

0.05491490615559554,0.0700944595824198,0.16601074603347257,0.708979888228512
0.059960222174206525,0.07355936078462467,0.6610559066427937,0.2054245103983752
0.00041641386295192674,0.8807785330512616,0.06529495074169656,0.05351010234408977
0.8924454654449414,0.0005963019259984111,0.07795729483278173,0.02900093779627853

Transition Gammas
1.0,1.0,146.88385174318998,2871.116148256809
2077.1489879858527,427.8510120141475,1.0,1.0
75.01408051984075,113.39330101175571,966.091912647741,78.17577937147415
163.56131875240254,118.17300343172484,1520.4061139578323,267.82433056069056

74.89904550574207,95.60260565844763,226.4238854633149,966.9854804199176
46.77906355619585,57.388680170323845,515.734851368588,160.2656874753846
1.2124376977692797,2564.4897825617263,190.11389100261653,155.80092563094277
2065.1412347315973,1.3798576421868338,180.3951393568242,67.10889887162054

Iteration: ,19523
Error:,0.04367855026515956
Absolute Error:,0.09920918670634321
Transition Probabilities
0.00030111412225233397,0.00030111412225233397,0.04654223711198072,0.9528555346435146
0.8274088140176571,0.1718662856561378,0.00036245016310257344,0.00036245016310257344
0.060132409774705624,0.08926236755700782,0.790996083297779,0.05960913937050759
0.0779089214559424,0.0573946080146548,0.7469405042767696,0.11775596625263324

0.05574397626954987,0.06889976145082048,0.1634730174442218,0.7118832448354079
0.05926784445539803,0.06760348463488064,0.6676560061767596,0.20547266473296175
0.0003626115740105267,0.8797866727171626,0.06711932157720793,0.052731394131619
0.8940210659261828,0.0005562057246865505,0.07690628225108148,0.028516446098049052

*,*,*,*,*,*,*,*,*,*,*
Model Num 2
Model States: 
"['diamond', 'x', 'square']","['diamond', 'x', 'diamond']","['square', 'y', 'diamond', 'x', 'diamond']","['square', 'y', 'diamond', 'x', 'square']"
Iteration: ,19523
Error:,0.04290217234884908
Absolute Error:,0.09920918670634321
Transition Probabilities
0.00030111412225233397,0.00030111412225233397,0.04654223711198072,0.9528555346435146
0.8274088140176571,0.1718662856561378,0.00036245016310257344,0.00036245016310257344
0.060132409774705624,0.08926236755700782,0.790996083297779,0.05960913937050759
0.0779089214559424,0.0573946080146548,0.7469405042767696,0.11775596625263324

0.05574397626954987,0.06889976145082048,0.1634730174442218,0.7118832448354079
0.05926784445539803,0.06760348463488064,0.6676560061767596,0.20547266473296175
0.0003626115740105267,0.8797866727171626,0.06711932157720793,0.052731394131619
0.8940210659261828,0.0005562057246865505,0.07690628225108148,0.028516446098049052

Transition Gammas
1.0,1.0,154.56676944888778,3164.4332305511084
2282.8209178747156,474.1790821252841,1.0,1.0
80.38595109151196,119.3273367828426,1057.4160041778246,79.68643498568656
181.69599941608777,133.85335683557835,1741.9840872225639,274.6256471741641

81.56705786139003,100.81718608876741,239.20096779914425,1041.6591299706486
59.31340492757438,67.65545289370688,668.1692477696048,205.6306160084061
1.2278406381103604,2979.049503805061,227.27302861132895,178.55400450382865
2223.8640331961533,1.3835534232146958,191.30322712007913,70.93423326253505

