0,1,2,3,4,5,6,7,8,9,10,11,12,13,14,15,16,17,18,19,20,21,22,23,24,25,26,27,28,29
github Code Version (SHA):,528ca1c557fe8e6666681dc5c9134b0f84d30530
Environment Observations,Environment Actions,alpha,epsilon,numActions,explore,patience,gainThresh,insertRandActions,useUpdatedPosterior,revisedSplitting,haveControl,confidence_factor
"['diamond', 'square']","['x', 'y']",0.65,0.99,75000,0.5,0,0.01,False,True,False,True,250

Model Num 0
Model States: 
['diamond'],['square']
Iteration: ,0
Error:,0.3107293695165054
Absolute Error:,1
Transition Probabilities
0.5,0.5
0.5,0.5

0.5,0.5
0.5,0.5

Transition Gammas
1.0,1.0
1.0,1.0

1.0,1.0
1.0,1.0

Iteration: ,1964
Error:,0.056917490021453784
Absolute Error:,1
Transition Probabilities
0.496309963099631,0.503690036900369
0.252129471890971,0.747870528109029

0.2844574780058651,0.7155425219941349
0.736,0.264


Model Num 1
Model States: 
['square'],"['diamond', 'y', 'square']","['diamond', 'y', 'diamond']"
Iteration: ,0
Error:,0.3972437866456594
Absolute Error:,1
Transition Probabilities
0.3333333333333333,0.3333333333333333,0.3333333333333333
0.3333333333333333,0.3333333333333333,0.3333333333333333
0.3333333333333333,0.3333333333333333,0.3333333333333333

0.3333333333333333,0.3333333333333333,0.3333333333333333
0.3333333333333333,0.3333333333333333,0.3333333333333333
0.3333333333333333,0.3333333333333333,0.3333333333333333

Transition Gammas
1.0,1.0,1.0
1.0,1.0,1.0
1.0,1.0,1.0

1.0,1.0,1.0
1.0,1.0,1.0
1.0,1.0,1.0

Iteration: ,2500
Error:,0.0722717260254662
Absolute Error:,1
Transition Probabilities
0.7607433217189314,0.17493530840878696,0.06432136987228157
0.4088971173194277,0.517543619808376,0.07355926287219623
0.45454545454545453,0.27272727272727276,0.27272727272727276

0.25573770491803294,0.662348487068843,0.08191380801312408
0.996,0.002,0.002
0.005952380952380952,0.7029989003128245,0.29104871873479443

Transition Gammas
655.0,150.61930053996556,55.38069946003443
125.02593397910373,158.2461007934184,22.491759305376203
1.6666666666666665,1.0,1.0

156.0,404.032577111994,49.96742288800566
498.0,1.0,1.0
1.0,118.10381525255453,48.89618474744547

Iteration: ,5000
Error:,0.061479513895849644
Absolute Error:,1
Transition Probabilities
0.7556693489392831,0.18901546500042185,0.055315186060295014
0.4982897307735001,0.4284959924298002,0.0732142767966997
0.45454545454545453,0.27272727272727276,0.27272727272727276

0.2556545579163813,0.673771333903947,0.0705741081796716
0.9979101358411703,0.0010449320794148381,0.0010449320794148381
0.003205128205128205,0.7311078404450715,0.26568703134980015

Transition Gammas
1033.0,258.3841406555767,75.61585934442328
388.87651309836974,334.4079099403907,57.138068299186415
1.6666666666666665,1.0,1.0

373.0,983.0323761658577,102.96762383414075
955.0,1.0,1.0
1.0,228.10564621886232,82.89435378113765

Iteration: ,7500
Error:,0.055600696222395427
Absolute Error:,1
Transition Probabilities
0.7511825922421947,0.19177314630555384,0.05704426145225137
0.49688883566496433,0.43576141750722935,0.06734974682780638
0.45454545454545453,0.27272727272727276,0.27272727272727276

0.24930362116991664,0.6555009652962505,0.09519541353383289
0.9987088444157521,0.0006455777921239509,0.0006455777921239509
0.0019531249999999996,0.7412779026679004,0.2567689723320996

Transition Gammas
1588.0,405.4084312899409,120.59156871005942
499.02424331016067,437.63412664383384,67.63918614291129
1.6666666666666665,1.0,1.0

537.0,1411.9490792481222,205.05092075187588
1547.0,1.0,1.0
1.0,379.53428616596506,131.46571383403503

Iteration: ,10000
Error:,0.04901295112939147
Absolute Error:,1
Transition Probabilities
0.7596491228070176,0.189341895072107,0.05100898212087557
0.4972182764724363,0.44001907610425867,0.06276264742330485
0.45454545454545453,0.27272727272727276,0.27272727272727276

0.24472865537504332,0.6511064743086561,0.1041648703163005
0.9990662931839402,0.00046685340802987864,0.00046685340802987864
0.0014880952380952376,0.7540321218446673,0.24447978291723751

Transition Gammas
2165.0,539.6244009555049,145.37559904449537
612.222732650715,541.7936024037643,77.27937875996228
1.6666666666666665,1.0,1.0

708.0,1883.6510301749413,301.3489698250572
2140.0,1.0,1.0
1.0,506.70958587961655,164.29041412038367

Iteration: ,12500
Error:,0.049730152775362316
Absolute Error:,1
Transition Probabilities
0.7591973244147157,0.19016356751793798,0.050639108067346394
0.5002062359544951,0.43821044660114994,0.06158331744435489
0.45454545454545453,0.27272727272727276,0.27272727272727276

0.24862486248624857,0.6452328669011126,0.10614227061263881
0.9992695398100804,0.0003652300949598247,0.0003652300949598247
0.001187648456057007,0.7573562575687919,0.2414560939751511

Transition Gammas
2724.0,682.3068802543615,181.69311974563888
720.7568305670064,631.425899780926,88.73659204247309
1.6666666666666665,1.0,1.0

904.0,2346.066704052446,385.9332959475548
2736.0,1.0,1.0
1.0,637.6939688729228,203.30603112707726

Iteration: ,15000
Error:,0.04696781449160441
Absolute Error:,1
Transition Probabilities
0.7586286773222145,0.19117976996271874,0.050191552715066784
0.5049468845421935,0.4332714334540939,0.061781682003712646
0.45454545454545453,0.27272727272727276,0.27272727272727276

0.24781809830041335,0.6362321260130915,0.11594977568649498
0.9993975903614458,0.00030120481927710846,0.00030120481927710846
0.0009532888465204957,0.7676423602004128,0.23140435095306677

Transition Gammas
3275.0,825.3230669290568,216.6769330709433
836.2971928368163,717.5877198698998,102.3233310475537
1.6666666666666665,1.0,1.0

1079.0,2770.1546766610013,504.8453233389992
3318.0,1.0,1.0
1.0,805.256835850233,242.74316414976704

Iteration: ,17500
Error:,0.04840831779805883
Absolute Error:,1
Transition Probabilities
0.7548058061985092,0.19515233362233114,0.05004186017915974
0.5064791167968535,0.432774807896113,0.06074607530703351
0.45454545454545453,0.27272727272727276,0.27272727272727276

0.24846321633948046,0.6321870796005109,0.1193497040600087
0.9994892747701737,0.0002553626149131767,0.0002553626149131767
0.0008090614886731389,0.7676774397501135,0.23151349876121335

Transition Gammas
3848.0,994.8865968066442,255.11340319335636
941.5503559882644,804.5332194827216,112.92763498710683
1.6666666666666665,1.0,1.0

1253.0,3188.1194424253763,601.8805575746238
3914.0,1.0,1.0
1.0,948.8493155311406,286.1506844688598

Iteration: ,20000
Error:,0.047384714802098896
Absolute Error:,1
Transition Probabilities
0.7589682268534335,0.19281607412630056,0.048215699020265936
0.5080868144045418,0.4298091296879458,0.062104055907512334
0.45454545454545453,0.27272727272727276,0.27272727272727276

0.2486992715920914,0.6296226397384557,0.1216780886694528
0.9995526727801387,0.00022366360993066427,0.00022366360993066427
0.0007077140835102617,0.7752670281806541,0.22402525773583568

Transition Gammas
4443.0,1128.7452979353636,282.25470206463683
1063.5706644613326,899.7131369950963,130.0015078814968
1.6666666666666665,1.0,1.0

1434.0,3630.404140731938,701.5958592680653
4469.0,1.0,1.0
1.0,1095.4523108192645,316.5476891807359

Iteration: ,22500
Error:,0.04527499486028976
Absolute Error:,1
Transition Probabilities
0.7590653922014867,0.19087961053956434,0.05005499725894891
0.5084377931596135,0.4315492709621518,0.060012935878234606
0.45454545454545453,0.27272727272727276,0.27272727272727276

0.2482269503546099,0.6267063360554302,0.12506671358995988
0.9996051332675222,0.00019743336623889436,0.00019743336623889436
0.0006199628022318657,0.7786933873232673,0.2206866498745007

Transition Gammas
5003.0,1258.0875130662687,329.9124869337323
1168.7488256137533,992.004745550355,137.95207451720879
1.6666666666666665,1.0,1.0

1610.0,4064.8172956555213,811.1827043444799
5063.0,1.0,1.0
1.0,1256.032433752431,355.96756624756983

Iteration: ,25000
Error:,0.04602193642206193
Absolute Error:,1
Transition Probabilities
0.7579294246876286,0.19105066006047525,0.05101991525189612
0.5103918231307676,0.42897108259288885,0.06063709427634357
0.45454545454545453,0.27272727272727276,0.27272727272727276

0.24820044296788477,0.6242346923651583,0.1275648646669569
0.9996466431095407,0.00017667844522968197,0.00017667844522968197
0.0005476451259583784,0.7794439931322185,0.22000836174182317

Transition Gammas
5520.0,1391.4219572204415,371.57804277955955
1281.0574201184386,1076.6955179669148,152.19601105801596
1.6666666666666665,1.0,1.0

1793.0,4509.471417645905,921.528582354097
5658.0,1.0,1.0
1.0,1423.2647314594324,401.7352685405695

Iteration: ,27500
Error:,0.04272114243349086
Absolute Error:,1
Transition Probabilities
0.7607430340557275,0.19017940591863952,0.04907756002563303
0.5140837393392401,0.4255345983815921,0.060381662279167705
0.45454545454545453,0.27272727272727276,0.27272727272727276

0.2480141218005295,0.6223451345493228,0.12964074365014763
0.9996785599485696,0.0001607200257152041,0.0001607200257152041
0.0004972650422675281,0.7786457099669145,0.2208570249908179

Transition Gammas
6143.0,1535.6987027930143,396.30129720698676
1396.0168148667456,1155.557760709989,163.96903733945638
1.6666666666666665,1.0,1.0

1967.0,4935.819262110681,1028.180737889321
6220.0,1.0,1.0
1.0,1565.8565227434665,444.1434772565352

Iteration: ,30000
Error:,0.042800172929695804
Absolute Error:,1
Transition Probabilities
0.7605218377765172,0.18994202325193277,0.04953613897154996
0.5110015243359125,0.42831648231310204,0.060681993350985425
0.45454545454545453,0.27272727272727276,0.27272727272727276

0.24913374913374925,0.6216367934079052,0.12922945745834563
0.9997070455544163,0.00014647722279185587,0.00014647722279185587
0.0004555808656036443,0.7790796960679077,0.22046472306648865

Transition Gammas
6704.0,1674.3389349657878,436.661065034213
1488.6916420053626,1247.8067813619648,176.78377073187184
1.6666666666666665,1.0,1.0

2157.0,5382.131357325641,1118.868642674356
6825.0,1.0,1.0
1.0,1710.079932869059,483.920067130943

Iteration: ,32500
Error:,0.042425018453354606
Absolute Error:,1
Transition Probabilities
0.7607052896725439,0.19085309140051596,0.04844161892693999
0.511986962922339,0.4279457927660363,0.06006724431162469
0.45454545454545453,0.27272727272727276,0.27272727272727276

0.2474204871822146,0.6228067400559575,0.12977277276182786
0.9997312189221879,0.00013439053890606102,0.00013439053890606102
0.00042069835927639857,0.7757254018248092,0.2238538998159144

Transition Gammas
7248.0,1818.4482548641165,461.5517451358843
1595.44562372605,1333.5578671055205,187.18059053546975
1.6666666666666665,1.0,1.0

2326.0,5855.006163266057,1219.993836733944
7439.0,1.0,1.0
1.0,1843.8992801375725,532.1007198624288

Iteration: ,35000
Error:,0.04323601782317189
Absolute Error:,1
Transition Probabilities
0.7596876525134211,0.1915111374655637,0.04880121002101516
0.5109005301089589,0.42949457978436795,0.059604890106673254
0.45454545454545453,0.27272727272727276,0.27272727272727276

0.24629519857735627,0.624099128252681,0.12960567316996255
0.9997510580034852,0.00012447099825740602,0.00012447099825740602
0.00039123630672926443,0.7762170640052636,0.22339169968800723

Transition Gammas
7783.0,1962.0316033347005,499.9683966653004
1712.4570790784014,1439.5973193073166,199.78608358283427
1.6666666666666665,1.0,1.0

2493.0,6317.131376173637,1311.8686238263608
8032.0,1.0,1.0
1.0,1984.010815597454,570.9891844025466

Iteration: ,37500
Error:,0.042356113778662496
Absolute Error:,1
Transition Probabilities
0.7609326800943567,0.19073279134120114,0.04833452856444221
0.5099862083298113,0.4298010329226913,0.06021275874749738
0.45454545454545453,0.27272727272727276,0.27272727272727276

0.24579715499722915,0.6246144289644767,0.12958841603829432
0.9997679814385151,0.0001160092807424594,0.0001160092807424594
0.00036603221083455356,0.7779165232437134,0.2217174445454521

Transition Gammas
8387.0,2102.2568261627193,532.7431738372821
1815.2465355505074,1529.8351666098151,214.32148541877325
1.6666666666666665,1.0,1.0

2661.0,6762.075807969418,1402.9241920305728
8618.0,1.0,1.0
1.0,2125.267941501824,605.732058498175

Iteration: ,40000
Error:,0.043374445940488865
Absolute Error:,1
Transition Probabilities
0.7585444652270021,0.192627802328972,0.04882773244402593
0.5091129975193203,0.4296207114386658,0.061266291042013823
0.45454545454545453,0.27272727272727276,0.27272727272727276

0.24657415437987884,0.6234686515664047,0.12995719405371636
0.9997832448249702,0.00010837758751490192,0.00010837758751490192
0.000341296928327645,0.7787221470055277,0.22093655606614465

Transition Gammas
8922.0,2265.688210993369,574.3117890066331
1914.2624886686917,1615.37186492864,230.36096766933383
1.6666666666666665,1.0,1.0

2843.0,7188.593552560639,1498.4064474393479
9225.0,1.0,1.0
1.0,2281.6558907261965,647.344109273804

Iteration: ,42500
Error:,0.0435979281568804
Absolute Error:,1
Transition Probabilities
0.7590120693789463,0.19200748776315105,0.04898044285790258
0.5113961687767119,0.42789183086356763,0.06071200035972037
0.45454545454545453,0.27272727272727276,0.27272727272727276

0.24545676798956928,0.6262450314734658,0.128298200536965
0.9997966859814984,0.00010165700925078785,0.00010165700925078785
0.0003247807729782397,0.7808469145081613,0.21882830471886044

Transition Gammas
9496.0,2402.2056794047835,612.7943205952193
2027.9477614686675,1696.810288247152,240.75417991161643
1.6666666666666665,1.0,1.0

3012.0,7684.652781210887,1574.3472187890952
9835.0,1.0,1.0
1.0,2404.227649770629,673.7723502293713

Iteration: ,45000
Error:,0.04297800127339719
Absolute Error:,1
Transition Probabilities
0.7591444981862151,0.1913706906770926,0.0494848111366923
0.5122889570405347,0.42681460234973745,0.06089644060972795
0.45454545454545453,0.27272727272727276,0.27272727272727276

0.24569495694956991,0.6254075167731856,0.1288975262772446
0.9998081718779973,9.59140610013428e-05,9.59140610013428e-05
0.00030571690614490974,0.7834125940820522,0.21628168901180286

Transition Gammas
10045.0,2532.2169790392895,654.7830209607126
2139.4405576702256,1782.479318211549,254.31802319310864
1.6666666666666665,1.0,1.0

3196.0,8135.300978185584,1676.6990218143949
10424.0,1.0,1.0
1.0,2562.5425952423934,707.4574047576074

Iteration: ,47500
Error:,0.042633662916135566
Absolute Error:,1
Transition Probabilities
0.7588901634642958,0.19181293928476645,0.0492968972509377
0.5132756124493079,0.4259279890265363,0.060796398524155894
0.45454545454545453,0.27272727272727276,0.27272727272727276

0.24469713535972037,0.6242176083703509,0.13108525626992878
0.9998183634547271,9.081827263645445e-05,9.081827263645445e-05
0.00028669724770642187,0.7822422612468485,0.21747104150544516

Transition Gammas
10585.0,2675.406877143923,687.5931228560792
2256.3277331395884,1872.353002269052,267.2571942595607
1.6666666666666665,1.0,1.0

3357.0,8563.641369232833,1798.3586307671508
11009.0,1.0,1.0
1.0,2728.461007229009,758.5389927709931

Iteration: ,50000
Error:,0.04189562697942492
Absolute Error:,1
Transition Probabilities
0.7591380250954718,0.19137571217567192,0.04948626272885627
0.5122763901716642,0.42803144849868124,0.05969216132965461
0.45454545454545453,0.27272727272727276,0.27272727272727276

0.24407812716442742,0.6243368080125972,0.1315850648229754
0.9998273778698429,8.631106507854307e-05,8.631106507854307e-05
0.0002716653083401248,0.780204535398451,0.21952379929320875

Transition Gammas
11132.0,2806.3334433440536,725.6665566559484
2377.0614248771735,1986.1486189507295,276.98316140769015
1.6666666666666665,1.0,1.0

3524.0,9014.17483408587,1899.8251659141174
11584.0,1.0,1.0
1.0,2871.9328948017005,808.067105198302

Iteration: ,52500
Error:,0.04113879057992308
Absolute Error:,1
Transition Probabilities
0.7593984962406015,0.19149353382942125,0.0491079699299773
0.5121783816474649,0.42771000807913007,0.06011161027340497
0.45454545454545453,0.27272727272727276,0.27272727272727276

0.2437107956421262,0.6245145014818186,0.13177470287605522
0.9998356884653302,8.215576733486691e-05,8.215576733486691e-05
0.00025940337224383906,0.7822550336226608,0.21748556300509536

Transition Gammas
11716.0,2954.362239920311,757.6377600796898
2487.5824071524967,2077.3307300444167,291.9541111843599
1.6666666666666665,1.0,1.0

3691.0,9458.27212494214,1995.7278750578555
12170.0,1.0,1.0
1.0,3015.593154615359,838.406845384643

Iteration: ,55000
Error:,0.0402430574375764
Absolute Error:,1
Transition Probabilities
0.760758165092301,0.18993007930821412,0.049311755599484856
0.5124136537534182,0.4278431532418746,0.05974319300470733
0.45454545454545453,0.27272727272727276,0.27272727272727276

0.24321937681342254,0.6242992113507561,0.13248141183582143
0.9998431249509765,7.84375245117264e-05,7.84375245117264e-05
0.0002470355731225296,0.7828115290365141,0.21694143539036337

Transition Gammas
12322.0,3076.2974945551446,798.7025054448563
2594.085954939855,2165.9491440405895,302.4489623599115
1.6666666666666665,1.0,1.0

3856.0,9897.639696754884,2100.3603032451124
12747.0,1.0,1.0
1.0,3168.82106953981,878.1789304601912

Iteration: ,57500
Error:,0.03991513673571758
Absolute Error:,1
Transition Probabilities
0.7605758451826067,0.1898929402210563,0.04953121459633706
0.5146774403432051,0.4261432260087646,0.059179333648030484
0.45454545454545453,0.27272727272727276,0.27272727272727276

0.24255961364322368,0.6238498479787887,0.13359053837798757
0.9998500974366662,7.495128166691651e-05,7.495128166691651e-05
0.00023551577955723018,0.7836586397774039,0.21610584444303874

Transition Gammas
12891.0,3218.495443806683,839.5045561933168
2708.7705651330375,2242.8110048375793,311.46350021301936
1.6666666666666665,1.0,1.0

4018.0,10334.072731768636,2212.927268231364
13340.0,1.0,1.0
1.0,3327.4145844948594,917.585415505143

Iteration: ,60000
Error:,0.04086653461115744
Absolute Error:,1
Transition Probabilities
0.7608166958882416,0.18958962279481353,0.04959368131694482
0.5148880417489569,0.42545015492662713,0.05966180332441606
0.45454545454545453,0.27272727272727276,0.27272727272727276

0.24311979648473636,0.62297324290171,0.13390696061355373
0.9998563631140477,7.181844297615628e-05,7.181844297615628e-05
0.0002253775073247688,0.785524500095643,0.21425012239703226

Transition Gammas
13452.0,3352.134120635098,876.8658793649013
2818.6407597581087,2329.032820121857,326.6053530387932
1.6666666666666665,1.0,1.0

4205.0,10774.945209227975,2316.054790772025
13922.0,1.0,1.0
1.0,3485.372206924371,950.6277930756329

Iteration: ,62500
Error:,0.04177933472693028
Absolute Error:,1
Transition Probabilities
0.7589620845346243,0.1915895262416168,0.049448389223758736
0.5155138811262681,0.4251652672025385,0.05932085167119341
0.45454545454545453,0.27272727272727276,0.27272727272727276

0.24442966411706013,0.6214827850282547,0.13408755085468513
0.9998623442769633,6.882786151834262e-05,6.882786151834262e-05
0.0002164502164502163,0.7855215144670936,0.21426203531645607

Transition Gammas
13952.0,3521.9902608996413,909.0097391003568
2932.737674694,2418.748054605372,337.4739322459316
1.6666666666666665,1.0,1.0

4410.0,11212.792407479774,2419.2075925202294
14527.0,1.0,1.0
1.0,3629.1093968379755,989.8906031620279

Iteration: ,65000
Error:,0.041741773998429973
Absolute Error:,1
Transition Probabilities
0.7587471192122356,0.19183729417454878,0.049415586613215635
0.5134337887857007,0.42738618452413374,0.05918002669016556
0.45454545454545453,0.27272727272727276,0.27272727272727276

0.24433665582858066,0.6209757307429175,0.1346876134285019
0.9998678210296742,6.608948516291058e-05,6.608948516291058e-05
0.00020721094073767072,0.7836731273111377,0.21611966174812458

Transition Gammas
14486.0,3662.557620380485,943.4423796195127
3031.08571623221,2523.098766619709,349.37266986468654
1.6666666666666665,1.0,1.0

4584.0,11650.12568446787,2526.8743155321235
15129.0,1.0,1.0
1.0,3782.006512403555,1042.9934875964504

Iteration: ,67500
Error:,0.04096936415808057
Absolute Error:,1
Transition Probabilities
0.75892541534111,0.19155207868331073,0.04952250597557927
0.5134335430127465,0.42706441461923644,0.059502042368016976
0.45454545454545453,0.27272727272727276,0.27272727272727276

0.24402625371756748,0.621160412580699,0.13481333370173348
0.9998729836148863,6.350819255683983e-05,6.350819255683983e-05
0.00019916351324437338,0.7839597111455239,0.21584112534123168

Transition Gammas
15029.0,3793.3058141656015,980.6941858343961
3129.291676976501,2602.886267147607,362.65500857764584
1.6666666666666665,1.0,1.0

4759.0,12113.870366148789,2629.129633851206
15744.0,1.0,1.0
1.0,3936.2617096616805,1083.7382903383257

Iteration: ,70000
Error:,0.041041469819824726
Absolute Error:,1
Transition Probabilities
0.7595367847411444,0.1911972986029264,0.04926591665592915
0.5112110689932606,0.4290069174123671,0.05978201359437225
0.45454545454545453,0.27272727272727276,0.27272727272727276

0.24392537239570447,0.6207460110656124,0.13532861653868308
0.9998775035217737,6.124823911312549e-05,6.124823911312549e-05
0.00019197542714532515,0.7851487798162472,0.21465924475660741

Transition Gammas
15610.0,3929.486880887343,1012.5131191126559
3229.6886780484842,2710.3458199757197,377.6860560490524
1.6666666666666665,1.0,1.0

4929.0,12543.41464560283,2734.585354397169
16325.0,1.0,1.0
1.0,4089.839994062837,1118.1600059371694

Iteration: ,72500
Error:,0.04123615998912413
Absolute Error:,1
Transition Probabilities
0.7601032621450364,0.1907825009645557,0.04911423689040793
0.5111724439290501,0.4289946850606328,0.059832871010317146
0.45454545454545453,0.27272727272727276,0.27272727272727276

0.24397705544933074,0.6205165653310784,0.13550637921959086
0.9998816217815922,5.918910920390648e-05,5.918910920390648e-05
0.0001852194850898312,0.7848163972588944,0.21499838325601586

Transition Gammas
16194.0,4064.621183049859,1046.3788169501408
3343.10007323103,2805.6523391957035,391.31075595299
1.6666666666666665,1.0,1.0

5104.0,12981.206546726162,2834.7934532738414
16893.0,1.0,1.0
1.0,4237.223728800776,1160.7762711992311

Iteration: ,74999
Error:,0.04042733511763403
Absolute Error:,1
Transition Probabilities
0.760268687877275,0.19009755634169356,0.04963375578103144
0.5116513270203318,0.4289488754334372,0.05939979754623116
0.45454545454545453,0.27272727272727276,0.27272727272727276

0.24390243902439024,0.6205119868064292,0.1355855741691807
0.9998856162424936,5.7191878753217045e-05,5.7191878753217045e-05
0.0001786671431123814,0.7842837552458042,0.2155375776110835

Transition Gammas
16751.0,4188.419458876534,1093.5805411234658
3452.687794797456,2894.6012031788796,400.8373381843344
1.6666666666666665,1.0,1.0

5280.0,13432.843490385578,2935.156509614424
17483.0,1.0,1.0
1.0,4389.636178110772,1206.3638218892359

*,*,*,*,*,*,*,*,*,*,*
Model Num 1
Model States: 
['square'],"['diamond', 'y', 'square']","['diamond', 'y', 'diamond']"
Iteration: ,74999
Error:,0.041151810272529614
Absolute Error:,1
Transition Probabilities
0.760268687877275,0.19009755634169356,0.04963375578103144
0.5116513270203318,0.4289488754334372,0.05939979754623116
0.45454545454545453,0.27272727272727276,0.27272727272727276

0.24390243902439024,0.6205119868064292,0.1355855741691807
0.9998856162424936,5.7191878753217045e-05,5.7191878753217045e-05
0.0001786352268667379,0.7843222897661247,0.21549907500700863

Transition Gammas
16751.0,4188.419458876534,1093.5805411234658
3452.687794797456,2894.6012031788796,400.8373381843344
1.6666666666666665,1.0,1.0

5280.0,13432.843490385578,2935.156509614424
17483.0,1.0,1.0
1.0,4390.636178110772,1206.3638218892359

