0,1,2,3,4,5,6,7,8,9,10,11,12,13,14,15,16,17,18,19,20,21,22,23,24,25,26,27,28,29
github Code Version (SHA):,528ca1c557fe8e6666681dc5c9134b0f84d30530
Environment Observations,Environment Actions,alpha,epsilon,numActions,explore,patience,gainThresh,insertRandActions,useUpdatedPosterior,revisedSplitting,haveControl,confidence_factor
"['diamond', 'square']","['x', 'y']",0.9,0.99,75000,0.5,0,0.01,False,True,False,True,250

Model Num 0
Model States: 
['diamond'],['square']
Iteration: ,0
Error:,0.5623693534775583
Absolute Error:,1
Transition Probabilities
0.5,0.5
0.5,0.5

0.5,0.5
0.5,0.5

Transition Gammas
1.0,1.0
1.0,1.0

1.0,1.0
1.0,1.0

Iteration: ,2473
Error:,0.10014390584492745
Absolute Error:,1
Transition Probabilities
0.42938931297709926,0.5706106870229007
0.07782672540381791,0.922173274596182

0.074,0.926
0.9160206718346253,0.08397932816537468


Model Num 1
Model States: 
['square'],"['diamond', 'x', 'square']","['diamond', 'x', 'diamond']"
Iteration: ,0
Error:,0.6203092349704159
Absolute Error:,1
Transition Probabilities
0.3333333333333333,0.3333333333333333,0.3333333333333333
0.3333333333333333,0.3333333333333333,0.3333333333333333
0.3333333333333333,0.3333333333333333,0.3333333333333333

0.3333333333333333,0.3333333333333333,0.3333333333333333
0.3333333333333333,0.3333333333333333,0.3333333333333333
0.3333333333333333,0.3333333333333333,0.3333333333333333

Transition Gammas
1.0,1.0,1.0
1.0,1.0,1.0
1.0,1.0,1.0

1.0,1.0,1.0
1.0,1.0,1.0
1.0,1.0,1.0

Iteration: ,2500
Error:,0.08388536096124034
Absolute Error:,1
Transition Probabilities
0.9220023282887078,0.03223845417239512,0.04575921753889707
0.9959432048681541,0.002028397565922921,0.002028397565922921
0.00303030303030303,0.8658692214550473,0.1311004755146496

0.061611374407582936,0.3661722603129552,0.5722163652794618
0.9001310213378709,0.05404627720935803,0.04582270145277108
0.848116944915061,0.07415879998758382,0.07772425509735516

Transition Gammas
792.0,27.692832134087407,39.30716786591258
491.0,1.0,1.0
1.0,285.73684308016567,43.26315691983437

39.0,231.78704077810062,362.2129592218994
34.36984757325402,2.0636576959947015,1.7496555801239404
88.1224617450585,7.70537135727171,8.075835222424192

Iteration: ,2838
Error:,0.07733458079805458
Absolute Error:,1
Transition Probabilities
0.9261672095548317,0.03115399797403627,0.04267879247113201
0.9965277777777778,0.001736111111111111,0.001736111111111111
0.0026385224274406323,0.8718182698658662,0.1255432077066932

0.06657789613848203,0.38093262917896725,0.5524894746825507
0.9257683526105377,0.04017207591649827,0.034059571472964
0.8506690900883557,0.0762392337132234,0.073091676198421


Model Num 2
Model States: 
"['diamond', 'x', 'square']","['diamond', 'x', 'diamond']","['square', 'y', 'diamond', 'x', 'diamond']","['square', 'y', 'diamond', 'x', 'square']"
Iteration: ,0
Error:,0.5641461352672185
Absolute Error:,0.65
Transition Probabilities
0.25,0.25,0.25,0.25
0.25,0.25,0.25,0.25
0.25,0.25,0.25,0.25
0.25,0.25,0.25,0.25

0.25,0.25,0.25,0.25
0.25,0.25,0.25,0.25
0.25,0.25,0.25,0.25
0.25,0.25,0.25,0.25

Transition Gammas
1.0,1.0,1.0,1.0
1.0,1.0,1.0,1.0
1.0,1.0,1.0,1.0
1.0,1.0,1.0,1.0

1.0,1.0,1.0,1.0
1.0,1.0,1.0,1.0
1.0,1.0,1.0,1.0
1.0,1.0,1.0,1.0

Iteration: ,2500
Error:,0.0544124881767338
Absolute Error:,0.07361509341732253
Transition Probabilities
0.0021367521367521383,0.0021367521367521383,0.05146286264872235,0.9442636330777734
0.8676919226810061,0.1271666891441867,0.0025706940874035992,0.0025706940874035992
0.05842643860434219,0.03977815870619471,0.8066801787444875,0.0951152239449756
0.038897595595629504,0.030174750347333752,0.8681372399490376,0.0627904141079993

0.03391895468551844,0.03892048267096507,0.037648255463505295,0.8895123071800113
0.13140894073984408,0.09363953432722276,0.671246634257226,0.10370489067570708
0.0027079692061145496,0.9040150036119917,0.06442444721925426,0.028852579962639468
0.9143807313184387,0.0033274445519188393,0.03542455357265012,0.04686727055699233

Transition Gammas
1.0,1.0,24.084619719602042,441.91538028039764
337.5321579229113,49.46784207708861,1.0,1.0
12.71824535665495,8.658894746046458,175.59784033901707,20.70464646112245
12.999445037833553,10.084299624797051,290.1285327076113,20.984344266036267

7.266200459315532,8.337639873710218,8.065100286187354,190.55347651258037
4.8405862876279215,3.4493105514150453,24.726074459686554,3.8200785193040745
1.0388660472709697,346.8098866691153,24.715336747242446,11.068798578534839
313.9013902475017,1.1422916461863293,12.16103558888254,16.089251316279384

Iteration: ,5000
Error:,0.03503294262854182
Absolute Error:,0.05037754096021492
Transition Probabilities
0.0010638297872340434,0.0010638297872340434,0.049958224244822005,0.94791411618071
0.8900197279694432,0.10742272727352362,0.0012787723785166248,0.0012787723785166248
0.04621343023232517,0.037545781430050634,0.8485172628504704,0.06772352548715382
0.032890826244357525,0.023791647624821083,0.8871390815539654,0.05617844457685607

0.03906511157021854,0.03956893693507236,0.028779284668184933,0.8925866668265242
0.07460117609079178,0.053159391971925395,0.7945270551448582,0.07771237679242461
0.0013365728543935633,0.9194043447872485,0.055009243188781524,0.024249839169576404
0.9236646003493754,0.0017898364135179843,0.0340221547251269,0.0405234085119799

Transition Gammas
1.0,1.0,46.960730790132644,891.0392692098666
695.9954272721042,84.00457272789542,1.0,1.0
22.833478312725934,18.550901365849015,419.2417749963456,33.46134754980004
22.232964475998312,16.082261130757107,599.6727336347386,37.97452071634568

15.863017800147079,16.06760420498752,11.686292106098895,362.44919353660237
4.8405862876279215,3.4493105514150453,51.55383560713479,5.042460255888875
1.0432543225859718,717.6358204123642,42.93715119997549,18.928073731643963
598.8026313367599,1.1603332569760996,22.05622664920412,26.270925223863298

Iteration: ,7500
Error:,0.03844237127548581
Absolute Error:,0.0520125414310641
Transition Probabilities
0.0007462686567164192,0.0007462686567164192,0.04383720584264994,0.9546702568439173
0.899590900753896,0.09863918774167928,0.0008849557522123901,0.0008849557522123901
0.05358135104880628,0.031463225738241486,0.8484764688276374,0.06647895438531486
0.0422645225680003,0.03174213794806421,0.8684165234551757,0.05757681602875969

0.04432493629031324,0.03392371087569648,0.022146364782787278,0.8996049880512029
0.08606006003338398,0.043417090773078544,0.7905906550923264,0.07993219410121116
0.0009163727992009898,0.9233523022004541,0.05588770105335629,0.019843623946988687
0.9212439483288588,0.0011792916714418562,0.035688983070744064,0.04188777692895518

Transition Gammas
1.0,1.0,58.74185582915082,1279.258144170847
1016.5377178519017,111.46228214809749,1.0,1.0
40.925126772867,24.0314302796878,648.0614312792549,50.77624178360964
43.058983218346825,32.33880574472593,884.7404451293373,58.659107083473366

30.94335120859151,23.682229186977885,15.460433805905561,628.0165393120392
8.7007345281567,4.389499387461491,79.92928900736847,8.081202835065982
1.0464557561272008,1054.4260288099613,63.821194294499676,22.66050947808125
918.611873500897,1.1759223316173095,35.587016513301315,41.76809987332406

Iteration: ,10000
Error:,0.03343759488868397
Absolute Error:,0.046397203371041064
Transition Probabilities
0.0005991611743559021,0.0005991611743559021,0.040294112469522386,0.9585075651817658
0.9089158108260325,0.08969914762272106,0.0006925207756232688,0.0006925207756232688
0.052356352140575886,0.027183625583080757,0.8580067909591763,0.06245323131716701
0.03907554617419971,0.03400549891616846,0.8798969739021467,0.047021981007485086

0.04310710717318629,0.0364706284615301,0.022026351992482623,0.898395912372801
0.062027456784061984,0.025526423122943738,0.8279371577470211,0.0845089623459731
0.0006717941268909386,0.9233082638908356,0.05697526449834539,0.019044677483928008
0.9228573803549359,0.0008826351745752399,0.03435789626312951,0.04190208820735929

Transition Gammas
1.0,1.0,67.25087371163282,1599.7491262883664
1312.4744308327906,129.5255691672092,1.0,1.0
54.19499523252305,28.138256365191236,888.1381540993183,64.64645520760867
51.07163756432021,44.44509893983608,1150.0230641624014,61.45760729395129

43.50903745357663,36.8106802739763,22.231725500770875,906.7725477965333
13.347634873656963,5.493008953465185,178.163082172025,18.185410646007867
1.0533916050452707,1447.7726659397035,89.33877644264415,29.86257631517119
1240.9408608961603,1.186855170376785,46.20011528861677,56.34458207766467

Iteration: ,12500
Error:,0.035225038426018346
Absolute Error:,0.0442778795141338
Transition Probabilities
0.000498504486540379,0.000498504486540379,0.03574815518715427,0.963254835839765
0.9127833730002001,0.0860737698569428,0.0005714285714285719,0.0005714285714285719
0.0538535535207206,0.027121967040258932,0.8629222629637949,0.05610221647522544
0.03912841618183883,0.03505180691859753,0.8879881522632568,0.0378316246363069

0.04914251848692002,0.03846632497734622,0.0200540341937351,0.8923371223419986
0.044294970786276235,0.026810130003955098,0.8356293715425884,0.09326552766718034
0.000485688379978306,0.9212104119766713,0.05544881079787221,0.02285508884547823
0.9185242135177711,0.0007666135292807161,0.03648901538100005,0.04422015757194811

Transition Gammas
1.0,1.0,71.71079930543144,1932.2892006945679
1597.370902750349,150.6290972496498,1.0,1.0
62.53884542087705,31.49609252039901,1002.0910132320658,65.15016400102094
64.30049263021559,57.601320788729694,1459.2483216027526,62.169449686159396

58.3589890658199,45.68052081727808,23.81508311482379,1059.6911588819491
22.841549369959214,13.825156608752035,430.90827708575233,48.09415418748238
1.0647479131603528,2019.5189017648745,121.55737715383418,50.103953803474475
1426.7995420465074,1.1908274342766907,56.68060751055155,68.68986102309132

Iteration: ,15000
Error:,0.035912049986801656
Absolute Error:,0.044356095842603985
Transition Probabilities
0.00042589437819420844,0.00042589437819420844,0.03496537026870391,0.9641828409749077
0.9120977460342884,0.08693513597731711,0.0004835589941972925,0.0004835589941972925
0.054885621814058635,0.027094230600910735,0.8655310512654755,0.05248909631955513
0.04034094475517726,0.036314807063344716,0.890779037396353,0.032565210785124976

0.051590753286531336,0.03778900241116748,0.019078753373833433,0.8915414909284677
0.0437845615163506,0.026870310721280467,0.8326176853559548,0.09672744240641414
0.00037962257272995366,0.9233312161685245,0.05342410896299953,0.022865052295746008
0.9209456457185514,0.000676547885175245,0.03466622540536859,0.04371158099090478

Transition Gammas
1.0,1.0,82.09868939091666,2263.90131060908
1886.2181387989067,179.78186120109163,1.0,1.0
68.41358956778483,33.77229793014444,1078.8633551434452,65.42637896233444
79.93387131491393,71.95625021287555,1765.0408877973766,64.52658419476298

70.96118973936142,51.977387406361196,26.24212580560483,1226.2826353187704
36.10262785192253,22.155956223831303,686.5361989775753,79.75676209439641
1.0720820991337727,2607.555344528608,150.8736176290202,64.57259136554153
1624.5385303872629,1.1934234253984306,61.150860678830874,77.10677375369215

Iteration: ,16474
Error:,0.03460712653704171
Absolute Error:,0.044709958601700725
Transition Probabilities
0.0003923107100823857,0.0003923107100823857,0.034651572781755145,0.96456380579808
0.9122528722222848,0.08686295447974875,0.0004420866489832012,0.0004420866489832012
0.053302221525298135,0.02739534040850778,0.8686085252975118,0.05069391276868218
0.04122509309542674,0.03670237793686525,0.8920371938903581,0.030035335077349793

0.052009223822837396,0.03689077742095938,0.018214694204872914,0.8928853045513303
0.04277142540140925,0.026735344547011312,0.8278990508672599,0.10259417918431964
0.0003367935290501097,0.9253870415711445,0.05173720478338934,0.02253896011641618
0.9197144702034725,0.000631660645261437,0.03429884810120665,0.04535502105005935

*,*,*,*,*,*,*,*,*,*,*
Model Num 2
Model States: 
"['diamond', 'x', 'square']","['diamond', 'x', 'diamond']","['square', 'y', 'diamond', 'x', 'diamond']","['square', 'y', 'diamond', 'x', 'square']"
Iteration: ,16474
Error:,0.034534181318605896
Absolute Error:,0.044709958601700725
Transition Probabilities
0.0003923107100823857,0.0003923107100823857,0.034651572781755145,0.96456380579808
0.9122528722222848,0.08686295447974875,0.0004420866489832012,0.0004420866489832012
0.053302221525298135,0.02739534040850778,0.8686085252975118,0.05069391276868218
0.04122509309542674,0.03670237793686525,0.8920371938903581,0.030035335077349793

0.052009223822837396,0.03689077742095938,0.018214694204872914,0.8928853045513303
0.04277142540140925,0.026735344547011312,0.8278990508672599,0.10259417918431964
0.0003367935290501097,0.9253870415711445,0.05173720478338934,0.02253896011641618
0.9197144702034725,0.000631660645261437,0.03429884810120665,0.04535502105005935

Transition Gammas
1.0,1.0,88.32685902069377,2458.6731409793033
2063.5159969668057,196.48400303319144,1.0,1.0
68.94491328787701,35.43509660399427,1123.5205164821264,65.57113981452287
90.1671465358133,80.2751053099077,1951.055591086835,65.69301015046302

77.42294991816772,54.91704360815798,27.115101005975347,1329.1837319554552
42.78385628217337,26.74311477858841,828.1396674539055,102.62399666167896
1.0751542261589195,2954.135702618814,165.16194515196372,71.9516740441492
1740.3086170190222,1.1952453719001235,64.90120884055553,85.82199858292434

