0,1,2,3,4,5,6,7,8,9,10,11,12,13,14,15,16,17,18,19,20,21,22,23,24,25,26,27,28,29
github Code Version (SHA):,528ca1c557fe8e6666681dc5c9134b0f84d30530
Environment Observations,Environment Actions,alpha,epsilon,numActions,explore,patience,gainThresh,insertRandActions,useUpdatedPosterior,revisedSplitting,haveControl,confidence_factor
"['diamond', 'square']","['x', 'y']",0.85,0.99,75000,0.5,0,0.01,False,True,False,True,250

Model Num 0
Model States: 
['diamond'],['square']
Iteration: ,0
Error:,0.5065705435571541
Absolute Error:,1
Transition Probabilities
0.5,0.5
0.5,0.5

0.5,0.5
0.5,0.5

Transition Gammas
1.0,1.0
1.0,1.0

1.0,1.0
1.0,1.0

Iteration: ,2458
Error:,0.0894283049363798
Absolute Error:,1
Transition Probabilities
0.44144144144144143,0.5585585585585585
0.11176470588235295,0.888235294117647

0.136,0.864
0.9135802469135802,0.08641975308641975


Model Num 1
Model States: 
['square'],"['diamond', 'x', 'square']","['diamond', 'x', 'diamond']"
Iteration: ,0
Error:,0.5686810876237637
Absolute Error:,1
Transition Probabilities
0.3333333333333333,0.3333333333333333,0.3333333333333333
0.3333333333333333,0.3333333333333333,0.3333333333333333
0.3333333333333333,0.3333333333333333,0.3333333333333333

0.3333333333333333,0.3333333333333333,0.3333333333333333
0.3333333333333333,0.3333333333333333,0.3333333333333333
0.3333333333333333,0.3333333333333333,0.3333333333333333

Transition Gammas
1.0,1.0,1.0
1.0,1.0,1.0
1.0,1.0,1.0

1.0,1.0,1.0
1.0,1.0,1.0
1.0,1.0,1.0

Iteration: ,2500
Error:,0.08017902205259976
Absolute Error:,1
Transition Probabilities
0.8742791234140715,0.06182132003386704,0.06389955655206145
0.9957356076759062,0.0021321961620469083,0.0021321961620469083
0.002881844380403458,0.8141616441823467,0.18295651143724984

0.1419457735247209,0.29437332268523797,0.5636809037900412
0.8261406252538966,0.08296201284043277,0.09089736190567062
0.917255446672801,0.048866180083981234,0.033878373243217866

Transition Gammas
758.0,53.59908446936272,55.40091553063727
467.0,1.0,1.0
1.0,282.5140905312743,63.485909468725694

89.0,184.5720733236442,353.42792667635587
34.45811174517209,3.46032409213803,3.7913054486629894
101.75401038064895,5.420877917448653,3.7582337125108194

Iteration: ,2803
Error:,0.08625104940918668
Absolute Error:,1
Transition Probabilities
0.8736263736263736,0.06216128566252659,0.06421234071109977
0.9963570127504554,0.0018214936247723133,0.0018214936247723133
0.002638522427440633,0.8262546709812559,0.1711068065913034

0.15199999999999997,0.32295728552316527,0.5250427144768348
0.831483597937436,0.08988371708405661,0.07863268497850741
0.920411370079949,0.048728973666899295,0.030859656253151825


Model Num 2
Model States: 
"['diamond', 'x', 'square']","['diamond', 'x', 'diamond']","['square', 'y', 'diamond', 'x', 'diamond']","['square', 'y', 'diamond', 'x', 'square']"
Iteration: ,0
Error:,0.5050507130815608
Absolute Error:,0.6
Transition Probabilities
0.25,0.25,0.25,0.25
0.25,0.25,0.25,0.25
0.25,0.25,0.25,0.25
0.25,0.25,0.25,0.25

0.25,0.25,0.25,0.25
0.25,0.25,0.25,0.25
0.25,0.25,0.25,0.25
0.25,0.25,0.25,0.25

Transition Gammas
1.0,1.0,1.0,1.0
1.0,1.0,1.0,1.0
1.0,1.0,1.0,1.0
1.0,1.0,1.0,1.0

1.0,1.0,1.0,1.0
1.0,1.0,1.0,1.0
1.0,1.0,1.0,1.0
1.0,1.0,1.0,1.0

Iteration: ,2500
Error:,0.06279398561940397
Absolute Error:,0.11788387624540621
Transition Probabilities
0.0018416206261510117,0.0018416206261510117,0.0798236826101697,0.9164930761375283
0.8449193728105412,0.149845025095218,0.002617801047120419,0.002617801047120419
0.07478766467878274,0.040462225290651424,0.7897885889783288,0.09496152105223703
0.10931173495077312,0.03639035302842635,0.7379232237553289,0.11637468826547161

0.050380326361267956,0.03256064926129062,0.12795715973718425,0.7891018646402571
0.10360437359765644,0.18417487629145599,0.5035576729335323,0.20866307717735533
0.003051187879593893,0.9290459249834694,0.0370638038776937,0.03083908325924303
0.8802946801486515,0.002983543022015844,0.049368577953304404,0.06735319887602832

Transition Gammas
1.0,1.0,43.344259657322176,497.65574034267814
322.75920041362673,57.24079958637328,1.0,1.0
13.436491212063954,7.269518801977367,141.89488976256703,17.06096384454422
35.84719448873461,11.933687294517556,241.99119455586148,38.16338735906887

8.56336021007368,5.534473244553305,21.74942739413942,134.12702928717707
3.7361590223447,6.641675460707649,18.159190366883077,7.52476378510742
1.0831695192350692,329.81064019092236,13.157623919431597,10.947852543256218
333.86562496988466,1.131555691670942,18.72381090553804,25.544761707146588

Iteration: ,5000
Error:,0.058513758609452404
Absolute Error:,0.11086651824357231
Transition Probabilities
0.0009569377990430632,0.0009569377990430632,0.07466720646552906,0.9234189179363849
0.8408098108978735,0.15661286951449757,0.0012886597938144325,0.0012886597938144325
0.0738865790408607,0.03586132525458955,0.7945229058285055,0.09572918987604435
0.09028653807447523,0.04993704580810718,0.7504485421706683,0.10932787394674938

0.05450522060195945,0.03719617689367063,0.11015949631067858,0.7981391061936912
0.08074341921933659,0.19093140443524662,0.5226052502432437,0.2057199261021731
0.0015495896834795049,0.9170759035150184,0.04509184414534806,0.036282662656154
0.8907570071163418,0.0015639876899874378,0.04456841140038798,0.06311059379328283

Transition Gammas
1.0,1.0,78.02723075647778,964.9727692435212
652.4684132567502,121.53158674325016,1.0,1.0
28.667634761117593,13.914020486449628,308.27103879091834,37.142461959518364
58.84533217587998,32.54706749345347,489.1138223564512,71.25575080941096

19.451558539786856,13.27439104571739,39.31318628813267,284.83600975392847
5.061497095868989,11.968761769104686,32.76013057121806,12.895797807373157
1.090458631986633,645.3536351180277,31.731490732489153,25.53239938718621
659.615747539416,1.1581507650590583,33.00341817987122,46.734116229270995

Iteration: ,7500
Error:,0.04514470001542267
Absolute Error:,0.09079858503058116
Transition Probabilities
0.0006993006993006998,0.0006993006993006998,0.06923897601513133,0.9293624225862673
0.8524549966146243,0.14578133495504075,0.0008818342151675485,0.0008818342151675485
0.06603438970458116,0.03667366899478756,0.8101772816300646,0.08711465967056661
0.09213032932634123,0.051746170705654744,0.7548655169377709,0.10125798303023302

0.05993250290026914,0.028744996157053705,0.08749435454549256,0.8238281463971845
0.06161325216858377,0.13073432107491514,0.6326114590951746,0.1750409676613265
0.001023563188429026,0.912318012036792,0.050626586030592995,0.0360318387441861
0.8894225663454985,0.001069414815551805,0.04542316396621134,0.0640848548727383

Transition Gammas
1.0,1.0,99.01173570163773,1328.9882642983612
966.6839661609839,165.3160338390162,1.0,1.0
39.40228794690544,21.882938151874345,483.42747894911264,51.98074700307564
88.85188110883247,49.90478858585423,728.0037057778721,97.65472820197652

39.31051111719168,18.854218267437272,57.38868945245819,540.3596369317742
6.555136814858094,13.909042793242204,67.3045898254066,18.62290093185842
1.0979286349859596,978.6011073395637,54.30478462192415,38.649677885696626
983.9537919803586,1.1830763045351191,50.250911231026286,70.89603788627882

Iteration: ,10000
Error:,0.04131994094200973
Absolute Error:,0.08352148103988
Transition Probabilities
0.000549752611324904,0.000549752611324904,0.05972031431000859,0.9391801804673415
0.8615404761659883,0.13705502945198914,0.0007022471910112357,0.0007022471910112357
0.06510620115920263,0.04200092827159084,0.8100523106675923,0.08284055990161432
0.08689677361796912,0.04849724572170078,0.7706215177683103,0.09398446289201982

0.05866448786823424,0.033252383516845944,0.08168320070279267,0.8263999279121271
0.04709040569463312,0.10694362075090827,0.6724896459155463,0.17347632763891238
0.0007967092950597738,0.9146884731980179,0.0500216005706071,0.0344932169363152
0.8868574976753681,0.0007432723356009344,0.042886588040965005,0.06951264194806583

Transition Gammas
1.0,1.0,108.63125172990557,1708.3687482700934
1226.8336380603678,195.1663619396326,1.0,1.0
52.166287869654674,33.65320777433852,649.0537195440646,66.37592761008682
103.84651576873318,57.956927316082684,920.935913552762,112.31670177583928

58.555445764341364,33.1905759397258,81.53137276768237,824.8638642717377
8.264879930043907,18.769772138343335,118.02926935333628,30.446988032723056
1.1066692330695986,1270.5482381195354,69.48251599880523,47.91281107138496
1435.1336408816821,1.2027807578484966,69.40008445725786,112.48699051169247

Iteration: ,12500
Error:,0.038533052721939125
Absolute Error:,0.07739380384700825
Transition Probabilities
0.0004545454545454551,0.0004545454545454551,0.05541847045459116,0.9436724386363179
0.8610678312488232,0.13780350057961913,0.0005643340857787808,0.0005643340857787808
0.06448228608008297,0.04248254133121251,0.8058652411353999,0.0871699314533047
0.08186453078204126,0.0473408346023799,0.7951176026505943,0.07567703196498458

0.05938529597600009,0.03257986442678522,0.07894897483136269,0.829085864765852
0.04603617326859385,0.09233386405483367,0.7003374731385915,0.16129248953798103
0.0005991613094279972,0.911238082142034,0.05237676724968893,0.03578598929884901
0.8840718040429675,0.0006533467353788254,0.042927717480220416,0.07234713174143337

Transition Gammas
1.0,1.0,121.9206350001004,2076.079364999897
1525.8121969729154,244.1878030270852,1.0,1.0
67.2683606482905,44.31807687424089,840.6841160577526,90.93626704557616
126.28436901493909,73.02805463234431,1226.5498108178085,116.73952246872159

69.1270593780415,37.924374809365354,91.90002981897581,965.0918945714449
15.51337826377185,31.114883317539345,236.00137373939856,54.35272360083789
1.1195902052340208,1702.7354993539632,97.87099846376303,66.86954326515242
1635.9508516249969,1.2090003812602683,79.43657477698572,133.8764014911072

Iteration: ,15000
Error:,0.03691287613969766
Absolute Error:,0.0711734713805886
Transition Probabilities
0.000392310710082386,0.000392310710082386,0.051380418884998405,0.9478349596948368
0.8632537641170345,0.1357823804612789,0.00048192771084337336,0.00048192771084337336
0.06448281620445233,0.04415517834431324,0.8094280258541403,0.08193397959709416
0.07997025709633968,0.0425822368620483,0.8139260141964054,0.06352149184520665

0.05706322047290817,0.03263015583726317,0.07394794203812108,0.8363586816517077
0.047024725191022215,0.07262869377488916,0.7191870542788327,0.16115952675525586
0.0004572265104341152,0.9035499177557692,0.05696296459762952,0.03902989113616729
0.8834091612764012,0.0005876749094184146,0.04349688734168693,0.07250627647249332

Transition Gammas
1.0,1.0,130.96868773786068,2416.031312262134
1791.2515605428468,281.7484394571538,1.0,1.0
73.40203858959345,50.262694707429276,921.3875988428329,93.26703587380868
151.06282026704017,80.43731541228922,1537.4961098986853,119.99130744505158

75.16647001380915,42.98204009449526,97.40785258396487,1101.692635714609
29.30278290109059,45.25752861776807,448.1510956459751,100.42424715441719
1.1361546286608089,2245.216315890406,141.54633297266852,96.98473395250288
1823.7034037049157,1.2131917797069494,89.79465571874951,149.68142621681912

Iteration: ,17500
Error:,0.034045150607761886
Absolute Error:,0.06711337760510629
Transition Probabilities
0.00034542314335060475,0.00034542314335060475,0.047261645358975986,0.9520475083543228
0.8671560216690115,0.13200187306783054,0.00042105263157894723,0.00042105263157894723
0.06414849887741607,0.04176247833023956,0.8175668948412461,0.07652212795109829
0.07547309358434731,0.042272046161073155,0.8273673479348607,0.05488751231971876

0.05583449949436713,0.03409008264571791,0.07046922290630843,0.8396061949536066
0.05067350818137286,0.06631878026332991,0.727106526094736,0.15590118546056117
0.00037052359818453195,0.8984721725507606,0.05847652441982466,0.04268077943123022
0.8892999540201301,0.000534829044273465,0.040940679215146256,0.06922453772045004

Transition Gammas
1.0,1.0,136.82246331423536,2756.1775366857623
2059.495551463903,313.50444853609764,1.0,1.0
80.51002689263055,52.414293589248864,1026.093109613924,96.03963751353177
168.52653087358968,94.3907418408959,1847.4577135190068,122.56026088537087

82.62844771452534,50.449285602707405,104.28610542097842,1242.5177481444887
46.09745248434941,60.32988304394984,661.4453930788493,141.82257646932985
1.1469996421123116,2781.326926039269,181.02100084892996,132.12340313157216
2022.8623398838486,1.2165586279928835,93.1264617514083,157.4628557187551

Iteration: ,18285
Error:,0.03327454569243093
Absolute Error:,0.06675042163635121
Transition Probabilities
0.0003335557038025353,0.0003335557038025353,0.04637968133652641,0.9529532072558686
0.868223372137319,0.13096952536066322,0.00040355125100887773,0.00040355125100887773
0.06393146629354939,0.041613433008721896,0.8193933807454561,0.07506171995227254
0.076167496778705,0.04442351101032798,0.8269661638763929,0.05244282833457421

0.0567336145950271,0.03568376932254388,0.06914286472856972,0.8384397513538593
0.04880883039897951,0.06413423764099023,0.7295393462955277,0.15751758566450247
0.00035062889373023204,0.9001603898854343,0.05736106052980835,0.042127920691027144
0.8902787199487474,0.0005212382898163474,0.04027475777665809,0.06892528398477814

*,*,*,*,*,*,*,*,*,*,*
Model Num 2
Model States: 
"['diamond', 'x', 'square']","['diamond', 'x', 'diamond']","['square', 'y', 'diamond', 'x', 'diamond']","['square', 'y', 'diamond', 'x', 'square']"
Iteration: ,18285
Error:,0.03549422777689395
Absolute Error:,0.06675042163635121
Transition Probabilities
0.0003335557038025353,0.0003335557038025353,0.04637968133652641,0.9529532072558686
0.868223372137319,0.13096952536066322,0.00040355125100887773,0.00040355125100887773
0.06393146629354939,0.041613433008721896,0.8193933807454561,0.07506171995227254
0.076167496778705,0.04442351101032798,0.8269661638763929,0.05244282833457421

0.0567336145950271,0.03568376932254388,0.06914286472856972,0.8384397513538593
0.04880883039897951,0.06413423764099023,0.7295393462955277,0.15751758566450247
0.00035062889373023204,0.9001603898854343,0.05736106052980835,0.042127920691027144
0.8902787199487474,0.0005212382898163474,0.04027475777665809,0.06892528398477814

Transition Gammas
1.0,1.0,139.04628464690606,2856.9537153530914
2151.4575161562784,324.54248384372374,1.0,1.0
81.95571627955266,53.345541824763295,1050.405619126146,96.22393135200763
178.57977118902292,104.15388147369663,1938.8772714321187,122.95570526235032

87.5857205571789,55.08883350057362,106.74320104346309,1294.388702188324
48.85103159124567,64.18968951868136,730.1701221196375,157.6537788464245
1.1497876293458795,2951.819713733411,188.099266725226,138.1465216551002
2080.4085510888985,1.2180327025578124,94.11429094521905,161.06500916524

