0,1,2,3,4,5,6,7,8,9,10,11,12,13,14,15,16,17,18,19,20,21,22,23,24,25,26,27,28,29
github Code Version (SHA):,528ca1c557fe8e6666681dc5c9134b0f84d30530
Environment Observations,Environment Actions,alpha,epsilon,numActions,explore,patience,gainThresh,insertRandActions,useUpdatedPosterior,revisedSplitting,haveControl,confidence_factor
"['diamond', 'square']","['x', 'y']",0.9,0.99,75000,0.5,0,0.01,False,True,False,True,250

Model Num 0
Model States: 
['diamond'],['square']
Iteration: ,0
Error:,0.5631677434289261
Absolute Error:,1
Transition Probabilities
0.5,0.5
0.5,0.5

0.5,0.5
0.5,0.5

Transition Gammas
1.0,1.0
1.0,1.0

1.0,1.0
1.0,1.0

Iteration: ,2421
Error:,0.09689146911269989
Absolute Error:,1
Transition Probabilities
0.4580152671755725,0.5419847328244275
0.0790273556231003,0.9209726443768997

0.08,0.92
0.9275167785234899,0.07248322147651007


Model Num 1
Model States: 
['square'],"['diamond', 'x', 'square']","['diamond', 'x', 'diamond']"
Iteration: ,0
Error:,0.6200811357175291
Absolute Error:,1
Transition Probabilities
0.3333333333333333,0.3333333333333333,0.3333333333333333
0.3333333333333333,0.3333333333333333,0.3333333333333333
0.3333333333333333,0.3333333333333333,0.3333333333333333

0.3333333333333333,0.3333333333333333,0.3333333333333333
0.3333333333333333,0.3333333333333333,0.3333333333333333
0.3333333333333333,0.3333333333333333,0.3333333333333333

Transition Gammas
1.0,1.0,1.0
1.0,1.0,1.0
1.0,1.0,1.0

1.0,1.0,1.0
1.0,1.0,1.0
1.0,1.0,1.0

Iteration: ,2500
Error:,0.08455613859121865
Absolute Error:,1
Transition Probabilities
0.9255918827508456,0.04331941668161718,0.03108870056753727
0.9957537154989384,0.0021231422505307855,0.0021231422505307855
0.0031545741324921135,0.8592861322454372,0.1375592936220706

0.0860719874804382,0.3230451537362064,0.5908828587833554
0.874532443343234,0.08260174365578173,0.042865813000984195
0.9186742632443525,0.04313933029815375,0.03818640645749376

Transition Gammas
821.0,38.424322596594436,27.57567740340556
469.0,1.0,1.0
1.0,272.3937039218036,43.60629607819638

55.0,206.42585323743586,377.57414676256406
36.78760025502805,3.4746794691349945,1.8031696883177633
106.65869758925176,5.0085051563589795,4.4334673793803105

Iteration: ,2815
Error:,0.08282867231010768
Absolute Error:,1
Transition Probabilities
0.9229122055674518,0.04579070208752586,0.03129709234502232
0.996415770609319,0.0017921146953405018,0.0017921146953405018
0.0027472527472527475,0.8630407965417937,0.1342119507109535

0.084,0.34703664450495636,0.5689633554950436
0.8726244273165261,0.08091951084142676,0.04645606184204709
0.9233474699243203,0.0406604224571538,0.035992107618525844


Model Num 2
Model States: 
"['diamond', 'x', 'square']","['diamond', 'x', 'diamond']","['square', 'y', 'diamond', 'x', 'diamond']","['square', 'y', 'diamond', 'x', 'square']"
Iteration: ,0
Error:,0.5618828134628497
Absolute Error:,0.65
Transition Probabilities
0.25,0.25,0.25,0.25
0.25,0.25,0.25,0.25
0.25,0.25,0.25,0.25
0.25,0.25,0.25,0.25

0.25,0.25,0.25,0.25
0.25,0.25,0.25,0.25
0.25,0.25,0.25,0.25
0.25,0.25,0.25,0.25

Transition Gammas
1.0,1.0,1.0,1.0
1.0,1.0,1.0,1.0
1.0,1.0,1.0,1.0
1.0,1.0,1.0,1.0

1.0,1.0,1.0,1.0
1.0,1.0,1.0,1.0
1.0,1.0,1.0,1.0
1.0,1.0,1.0,1.0

Iteration: ,2500
Error:,0.056528670849962534
Absolute Error:,0.098837813484603
Transition Probabilities
0.0019047619047619035,0.0019047619047619035,0.0633983936896156,0.9327920825008605
0.8697690456930961,0.12523095430690398,0.002500000000000001,0.002500000000000001
0.07259465165450851,0.06778146893182586,0.7591515267509505,0.10047235266271516
0.01998285966945967,0.027487598814590463,0.8832432040184074,0.06928633749754248

0.02684083786466798,0.048063934370119646,0.0987017687012973,0.826393459063915
0.10083194360580496,0.12643316338515562,0.6076255650371581,0.16510932797188124
0.0027197687202653253,0.9204983842229413,0.058244603971613906,0.018537243085179497
0.937398702605175,0.003231295546483238,0.022172230716145623,0.03719777113219625

Transition Gammas
1.0,1.0,33.28415668704821,489.71584331295213
347.9076182772383,50.09238172276158,1.0,1.0
13.588526081046588,12.687577354530395,142.10069317249716,18.80677368739223
6.449629981968288,8.871845390469698,285.07390554881914,22.362727210054356

4.8207810457241145,8.63258088151589,17.72745016879694,148.42539356827893
3.745896607203295,4.69697935818792,22.57322889084565,6.133794999384299
1.0326873222353217,349.51023755887434,22.11528637046572,7.0385308061752205
339.57557596244425,1.1705467942855556,8.03195907449273,13.475007509216699

Iteration: ,5000
Error:,0.05025878951792897
Absolute Error:,0.0774697289816702
Transition Probabilities
0.0009900990099009895,0.0009900990099009895,0.06317445583854424,0.9348453461416538
0.8822933341296193,0.11519725558179854,0.0012547051442910915,0.0012547051442910915
0.06665743687689027,0.04678725851194244,0.8079562208378355,0.07859908377333186
0.030990464030099998,0.02609166020157306,0.8851657493571222,0.05775212641120467

0.02685237212268686,0.04120229433297367,0.06215890843815581,0.8697864251061836
0.09472346395806297,0.12459888642042298,0.6799817787626885,0.10069587085882556
0.0013606378755274186,0.9266520065061946,0.05947031025366336,0.012517045364614666
0.9387352879323269,0.0017369139636487642,0.01768662475332101,0.04184117335070323

Transition Gammas
1.0,1.0,63.806200396929725,944.1937996030709
703.1877873013067,91.81221269869344,1.0,1.0
28.820736428803134,20.22944939046203,349.33676387506273,33.98395712634992
20.42007457872003,17.192180364942537,583.2487890095886,38.05372927785299

10.359178353722905,15.895128878288194,23.979826282816955,335.54848212867813
6.389887065933705,8.405233291722672,45.87043792137888,6.792775685215744
1.0370955391554184,706.3059757354418,45.3290288221292,9.540651590354972
645.2699994435478,1.1939238747760008,12.157472390189323,28.76088099787296

Iteration: ,7500
Error:,0.04369220369337613
Absolute Error:,0.06274597519928685
Transition Probabilities
0.0007352941176470591,0.0007352941176470591,0.0536589471634923,0.9448704646012136
0.8983871284472245,0.09990054278565229,0.000856164383561644,0.000856164383561644
0.06012666447691235,0.04706511289776243,0.8236451865221757,0.06916303610314965
0.0342608147149088,0.024466214375753848,0.8898666791665347,0.051406291742802666

0.02928373493354295,0.04448930284283163,0.04799102073263616,0.8782359414909893
0.07308967790355358,0.09212713005015616,0.7556875571371315,0.07909563490915872
0.0009001061832839551,0.9228081815895262,0.06645748473532077,0.009834227491869072
0.9377832737869991,0.0012193819106619509,0.016656457077453776,0.04434088722488504

Transition Gammas
1.0,1.0,72.9761681423495,1285.0238318576498
1049.316166026358,116.68383397364185,1.0,1.0
43.34214205267737,33.92675823092442,593.7223856639467,49.85598588673122
33.85587420850071,24.17703966342877,879.3490348344933,50.79870286950497

20.18870472392304,30.67168175458039,33.08582560146944,605.470789191882
8.61934078554474,10.864394977144753,89.11694194296162,9.327613029444224
1.0408074131846186,1067.0581029025104,76.8458700303192,11.371477128551533
931.0883897300433,1.210676679142877,16.53754575534958,44.024335301587904

Iteration: ,10000
Error:,0.03741602340345654
Absolute Error:,0.05377258852807047
Transition Probabilities
0.0005858230814294083,0.0005858230814294083,0.049715058731099084,0.949113295106042
0.9071789263408885,0.09143025307496691,0.0006954102920723233,0.0006954102920723233
0.053872598925045694,0.04322951601119268,0.8329447475000332,0.06995313756372842
0.03691378303658402,0.02252185414148807,0.8952611873549583,0.04530317546696951

0.031328751206454834,0.04109193140039506,0.045613042706872706,0.8819662746862774
0.05708360858287051,0.06386523225775681,0.810539137508883,0.06851202165048974
0.0006838326890896358,0.9170155285490049,0.0741804795709118,0.008120159190993731
0.936721537656155,0.0008594392625127219,0.01636477482107524,0.046054248260257176

Transition Gammas
1.0,1.0,84.86360525398614,1620.1363947460138
1304.5232960781964,131.47670392180228,1.0,1.0
54.44764095237317,43.69095260462766,841.8356910559698,70.69982502349868
45.396019703148376,27.697040244971838,1100.978852813635,55.713169362119416

32.23953008046377,42.28654215155687,46.93908967896293,907.6065003460582
12.58086643432596,14.075493417091893,178.63770146887651,15.099616421045754
1.0472632178076415,1404.3736845723147,113.60452486904157,12.435708586542438
1339.1836071203402,1.2286970304456832,23.395894397214363,65.84143934889016

Iteration: ,12500
Error:,0.03480344868265097
Absolute Error:,0.052855363750757535
Transition Probabilities
0.0004847309743092583,0.0004847309743092583,0.04635510671362153,0.9526754313377599
0.9165573551904815,0.08228724330749645,0.0005777007510109768,0.0005777007510109768
0.0541867349656618,0.04175366792505592,0.8394220075611155,0.06463758954816679
0.038663143835908714,0.021608557970650814,0.9030349586948269,0.036693339498613614

0.03154865737288439,0.03805645898874012,0.043031471308515284,0.8873634123298602
0.051416928138961725,0.04835687674519512,0.805652083874089,0.09457411124175409
0.000487612089010373,0.921560308828135,0.0719468686903726,0.006005210392482006
0.9390811959699396,0.0007475728157968277,0.01553044547074334,0.0446407857435202

Transition Gammas
1.0,1.0,95.63058515020124,1965.369414849799
1586.560781834722,142.43921816527623,1.0,1.0
59.67130384249975,45.97981049926171,924.3850122544229,71.1799529537928
60.35906924410729,33.73425741971001,1409.7754138422495,57.28390399379176

37.8511798220592,45.659054695991486,51.627932664618434,1064.6333278347936
27.559056152730303,25.91889344283183,431.8229778146866,50.690956006978105
1.061176643775943,2005.5660997743596,156.57597169502068,13.068972556434922
1548.7094542920624,1.2328785759579266,25.612426095983157,73.62047842583904

Iteration: ,15000
Error:,0.03397026114341196
Absolute Error:,0.051999152017570396
Transition Probabilities
0.00041823504809703036,0.00041823504809703036,0.044031029273799135,0.9551325006300068
0.9120230341256852,0.0870075039256962,0.0004847309743092587,0.0004847309743092587
0.052601865045878875,0.0453582117758041,0.8426721006035136,0.05936782257480346
0.0397254213820968,0.023193004834765628,0.9060529988483614,0.031028574934776114

0.03138373421549578,0.036649831981726874,0.040270648494471456,0.8916957853083058
0.04709584435116991,0.045122710210645955,0.8077720952288722,0.100009350209312
0.00037934050416505214,0.9195489599379832,0.07523827966964093,0.004833419888210889
0.9395057838513183,0.0006704072499077808,0.015239055713278094,0.04458475318549588

Transition Gammas
1.0,1.0,105.27819099365377,2283.721809006347
1881.5035194012873,179.49648059871114,1.0,1.0
63.45631887450183,54.71792963067397,1016.5584333541082,71.61843932540802
75.0624448001618,43.82391890609546,1712.0159043228364,58.629477353233845

43.283200781765125,50.54599383841938,55.53968028245232,1229.7914405831461
39.99202156899494,38.316510190157246,685.9297141876768,84.9241827123675
1.069775074584062,2593.2125528396973,212.1788613697473,13.630688167054046
1733.7528980532857,1.2371616358111657,28.12197376602058,82.2761779363105

Iteration: ,16220
Error:,0.033738568863145975
Absolute Error:,0.05252250169002047
Transition Probabilities
0.00039123630672926427,0.00039123630672926427,0.04208189044880033,0.9571356369377412
0.9142317829142829,0.08486077606938316,0.00045372050816696945,0.00045372050816696945
0.051973772816645634,0.04505875661853792,0.846244314350304,0.05672315621451257
0.03746941345663399,0.022791464228792364,0.9105295585290447,0.029209563785528945

0.03167240572589907,0.03611606053265275,0.040273509828629664,0.8919380239128185
0.0457885627318554,0.043059490704805026,0.8026957984015197,0.1084561481618198
0.0003432996846983728,0.9205627707268167,0.0746853674276228,0.004408562160862327
0.939041438474219,0.0006310863284757754,0.01486222093781144,0.04546525425949379

*,*,*,*,*,*,*,*,*,*,*
Model Num 2
Model States: 
"['diamond', 'x', 'square']","['diamond', 'x', 'diamond']","['square', 'y', 'diamond', 'x', 'diamond']","['square', 'y', 'diamond', 'x', 'square']"
Iteration: ,16220
Error:,0.03453562851392298
Absolute Error:,0.05252250169002047
Transition Probabilities
0.00039123630672926427,0.00039123630672926427,0.04208189044880033,0.9571356369377412
0.9142317829142829,0.08486077606938316,0.00045372050816696945,0.00045372050816696945
0.051973772816645634,0.04505875661853792,0.846244314350304,0.05672315621451257
0.03746941345663399,0.022791464228792364,0.9105295585290447,0.029209563785528945

0.03167240572589907,0.03611606053265275,0.040273509828629664,0.8919380239128185
0.0457885627318554,0.043059490704805026,0.8026957984015197,0.1084561481618198
0.0003432996846983728,0.9205627707268167,0.0746853674276228,0.004408562160862327
0.939041438474219,0.0006310863284757754,0.01486222093781144,0.04546525425949379

Transition Gammas
1.0,1.0,107.56131198713369,2446.4386880128677
2014.9668495430783,187.03315045692037,1.0,1.0
65.8527699107832,57.09117832439207,1072.2241065280373,71.87042141399786
76.60952338125603,46.59916050592969,1861.658058357072,59.72153159999832

46.3749590404728,52.88138963613454,58.96875611161875,1305.981922673259
45.821206660918456,43.09018900316155,803.2680623717972,108.53346954069295
1.0731359570211203,2877.6286550624354,233.46235613450855,13.78092315389335
1843.4131258569728,1.2388727204109098,29.175723278691198,89.25191481278438

