0,1,2,3,4,5,6,7,8,9,10,11,12,13,14,15,16,17,18,19,20,21,22,23,24,25,26,27,28,29
github Code Version (SHA):,528ca1c557fe8e6666681dc5c9134b0f84d30530
Environment Observations,Environment Actions,alpha,epsilon,numActions,explore,patience,gainThresh,insertRandActions,useUpdatedPosterior,revisedSplitting,haveControl,confidence_factor
"['diamond', 'square']","['x', 'y']",0.85,0.99,75000,0.5,0,0.01,False,True,False,True,250

Model Num 0
Model States: 
['diamond'],['square']
Iteration: ,0
Error:,0.5053453347170453
Absolute Error:,1
Transition Probabilities
0.5,0.5
0.5,0.5

0.5,0.5
0.5,0.5

Transition Gammas
1.0,1.0
1.0,1.0

1.0,1.0
1.0,1.0

Iteration: ,2475
Error:,0.09877769398990607
Absolute Error:,1
Transition Probabilities
0.4355140186915888,0.5644859813084112
0.11275964391691394,0.887240356083086

0.124,0.876
0.8588082901554405,0.1411917098445596


Model Num 1
Model States: 
['square'],"['diamond', 'x', 'square']","['diamond', 'x', 'diamond']"
Iteration: ,0
Error:,0.5705670482751293
Absolute Error:,1
Transition Probabilities
0.3333333333333333,0.3333333333333333,0.3333333333333333
0.3333333333333333,0.3333333333333333,0.3333333333333333
0.3333333333333333,0.3333333333333333,0.3333333333333333

0.3333333333333333,0.3333333333333333,0.3333333333333333
0.3333333333333333,0.3333333333333333,0.3333333333333333
0.3333333333333333,0.3333333333333333,0.3333333333333333

Transition Gammas
1.0,1.0,1.0
1.0,1.0,1.0
1.0,1.0,1.0

1.0,1.0,1.0
1.0,1.0,1.0
1.0,1.0,1.0

Iteration: ,2500
Error:,0.0814740928094841
Absolute Error:,1
Transition Probabilities
0.8947976878612717,0.05976102839783496,0.04544128374089337
0.9957264957264957,0.002136752136752137,0.002136752136752137
0.002976190476190475,0.8338049364101732,0.1632188731136363

0.13862928348909656,0.30342041376867235,0.5579503027422311
0.7702797080595363,0.07474512723426764,0.15497516470619607
0.9304620706721539,0.04297057991314071,0.026567349414705448

Transition Gammas
774.0,51.69328956412724,39.306710435872766
466.0,1.0,1.0
1.0,280.15845863381827,54.84154136618182

89.0,194.79590563948764,358.2040943605124
34.104263709153855,3.309353087586068,6.861551499031768
98.88612909920991,4.566757148616692,2.82348139365699

Iteration: ,2816
Error:,0.0717909347835159
Absolute Error:,1
Transition Probabilities
0.8962882096069869,0.05821717225018404,0.04549461814282907
0.9962825278810409,0.0018587360594795538,0.0018587360594795538
0.0025641025641025632,0.8237982782397137,0.1736376191961837

0.1333333333333333,0.32814319378719276,0.5385234728794739
0.8076395038152012,0.055171360282674164,0.13718913590212448
0.9346041319266222,0.04041101600520332,0.02498485206817449


Model Num 2
Model States: 
"['diamond', 'x', 'square']","['diamond', 'x', 'diamond']","['square', 'y', 'diamond', 'x', 'diamond']","['square', 'y', 'diamond', 'x', 'square']"
Iteration: ,0
Error:,0.5064747306317838
Absolute Error:,0.6
Transition Probabilities
0.25,0.25,0.25,0.25
0.25,0.25,0.25,0.25
0.25,0.25,0.25,0.25
0.25,0.25,0.25,0.25

0.25,0.25,0.25,0.25
0.25,0.25,0.25,0.25
0.25,0.25,0.25,0.25
0.25,0.25,0.25,0.25

Transition Gammas
1.0,1.0,1.0,1.0
1.0,1.0,1.0,1.0
1.0,1.0,1.0,1.0
1.0,1.0,1.0,1.0

1.0,1.0,1.0,1.0
1.0,1.0,1.0,1.0
1.0,1.0,1.0,1.0
1.0,1.0,1.0,1.0

Iteration: ,2500
Error:,0.038064305305671065
Absolute Error:,0.08221174539567629
Transition Probabilities
0.0018796992481203,0.0018796992481203,0.08754787251794535,0.908692728985814
0.8264121158290456,0.16828284438315605,0.002652519893899204,0.002652519893899204
0.05973811660601432,0.06176396884016866,0.7364465207292624,0.14205139382455445
0.08170399435750414,0.026702167219992887,0.7858854408917367,0.10570839753076626

0.08180055294463622,0.042640603053564465,0.04058592163405614,0.8349729223677431
0.027145255900127268,0.0767217867299891,0.8167889026577358,0.07934405471214796
0.0030780714976567174,0.9289246497512649,0.04057749539998014,0.027419783351098216
0.8821854500682561,0.0027679868370186433,0.09322815191319281,0.021818411181532448

Transition Gammas
1.0,1.0,46.575468179546945,483.42453182045324
311.5573676675502,63.442632332449826,1.0,1.0
12.047463777801823,12.456020036297861,148.5201289703988,28.647689597821785
22.482182503107733,7.347535471051838,216.24915706511655,29.08738433275232

15.19893821966388,7.922830202614586,7.541060461066084,155.1420058339799
1.0,2.826342363920371,30.089563556256856,2.9229436997783456
1.0708173352425137,323.1596858113885,14.1163340514022,9.538952998103682
360.4763589284555,1.1310476912685103,38.09464863504207,8.915383290116822

Iteration: ,5000
Error:,0.04007328546229992
Absolute Error:,0.07454779272423451
Transition Probabilities
0.0009794319294809007,0.0009794319294809007,0.08481548789362207,0.9132256482474161
0.8469598059846286,0.15040861506800304,0.00131578947368421,0.00131578947368421
0.0690692062145975,0.050319931210180226,0.7535221507547659,0.1270887118204564
0.06442713969834202,0.03031430151156652,0.7978578967622697,0.1074006620278217

0.08904447387983926,0.053353750532760806,0.040409508511080626,0.8171922670763193
0.05837997455194218,0.06961162305723571,0.811642642960647,0.06036575943017506
0.0015186465657855551,0.916494568241676,0.046617801245271526,0.03536898394726682
0.8872095414074608,0.0015077158425567088,0.0951672485123473,0.016115494237635395

Transition Gammas
1.0,1.0,86.59661313938817,932.4033868606122
643.689452548318,114.31054745168234,1.0,1.0
30.386419341456694,22.13783268675576,331.5057651708108,55.911615357840354
36.63571726648375,17.237862560849837,453.6922865344294,61.07209332444895

34.34864331344671,20.58105199158628,15.5878487888181,315.2295081016435
3.5275374250295872,4.206195830609219,49.042498232784176,3.647526008953889
1.0796819892833747,651.5819420397706,33.14293234415352,25.14558410591311
682.303065318078,1.1594996367747814,73.18778974677495,12.39352216615148

Iteration: ,7500
Error:,0.035824334574591936
Absolute Error:,0.07012678289589841
Transition Probabilities
0.0007077140835102624,0.0007077140835102624,0.07357111160253067,0.9250134602304488
0.8631346389496757,0.13504552483558374,0.0009099181073703357,0.0009099181073703357
0.06736267840076061,0.0519566561920471,0.7604533005988903,0.120227364808302
0.060419121247080855,0.03139917792466388,0.7902456836208555,0.11793601720739988

0.07952376697264187,0.0516968897261735,0.035061949145327696,0.8337173941558569
0.052524702452186635,0.05319496993112282,0.83405011580647,0.060230211810220424
0.0010263338919057961,0.9135548682286766,0.05031132240227334,0.0351074754771442
0.897888766195883,0.0010294661714275993,0.08742219197417973,0.013659575658509558

Transition Gammas
1.0,1.0,103.95598069437575,1307.0440193056231
948.5849682056945,148.41503179430669,1.0,1.0
45.952674878893326,35.44317694114463,518.7570344977192,82.01528112812719
52.78395756042565,27.43126415609343,690.3823452839132,103.03244401161811

54.237165765287855,35.25855080020149,23.91311201974938,568.6157765110813
5.529690168291151,5.6002545183086045,87.80704144750717,6.340909982007983
1.0901207529058392,970.3324898732358,53.438181365142626,37.289412248388
1031.7445108532709,1.1829372539981646,100.45494507996038,15.695922186398784

Iteration: ,10000
Error:,0.040830498053792706
Absolute Error:,0.07183777743905037
Transition Probabilities
0.0005636978579481406,0.0005636978579481406,0.06521735833776052,0.9336552459463432
0.8755885109180127,0.12300105184644422,0.0007052186177715081,0.0007052186177715081
0.06550094373646351,0.050247236668916985,0.7773953055003181,0.10685651409430134
0.06411650067185685,0.030228901892803875,0.8023112169168821,0.10334338051845715

0.07673544602351541,0.048675554334095754,0.03425317438835089,0.8403358252540379
0.06415998250263157,0.061092623066561325,0.79568593566137,0.07906145876943713
0.0007751263862659641,0.9187567701351689,0.04928869974264567,0.03117940373591958
0.8947288511082657,0.0007741295384368101,0.09264034516826644,0.01185667418503107

Transition Gammas
1.0,1.0,115.69559369118697,1656.3044063088103
1241.584508481744,174.4154915182582,1.0,1.0
61.74138861660701,47.36319798029415,732.7751773888033,100.72327491122054
72.46652663731007,34.16567500217669,906.7978845208569,116.8020050791328

77.64143601192075,49.25025047769093,34.65759027012524,850.2573919358186
10.542204467985243,10.038202922309479,130.74012022522393,12.990684089578817
1.1000359366442836,1303.871835730714,69.94903276170521,44.248867281991814
1390.4082656014252,1.202996983449809,143.9630581830209,18.42526679338679

Iteration: ,12500
Error:,0.03927504354612085
Absolute Error:,0.07075943806286294
Transition Probabilities
0.0004690431519699817,0.0004690431519699817,0.05769827991174548,0.9413636337843144
0.8737109512601036,0.12512895593247186,0.0005800464037122964,0.0005800464037122964
0.06734411996203676,0.05135067119036686,0.7790717172369178,0.10223349161067867
0.060116350575079594,0.0338794853722493,0.8198160784748437,0.08618808557782744

0.07384461017547876,0.04598012289883057,0.032361896451550416,0.8478133704741403
0.057761064023042714,0.060823148794271815,0.7774084648726688,0.10400732231001668
0.0005681873020299183,0.9128812006247983,0.053294486785445586,0.033256125287726236
0.8956223234126517,0.0006757845080509741,0.0927068085725735,0.010995083506723876

Transition Gammas
1.0,1.0,123.01273277184124,2006.9872672281563
1506.27767997242,215.7223200275817,1.0,1.0
73.79527776833224,56.26975371004329,853.7020575420577,112.02683938685958
88.08717161049965,49.64286776412967,1201.258541192889,126.28951379197161

86.9204042994099,54.12190358383182,38.092273989665806,997.9371650407644
23.929490562604418,25.198063603533686,322.0679680699441,43.08858016650147
1.125841507553262,1808.8393448017205,105.60099659468288,65.89574616601054
1600.6403326321008,1.2077500878190501,165.6839641350641,19.65021824652704

Iteration: ,15000
Error:,0.04031344712362817
Absolute Error:,0.07045693355464777
Transition Probabilities
0.0004001600640256105,0.0004001600640256105,0.053664517751765145,0.9455351621201837
0.8740466852827579,0.12496857813427807,0.0004923682914820282,0.0004923682914820282
0.06594632472804188,0.05053431064061978,0.7899093198244747,0.09361004480686365
0.058413843576051956,0.039493661773384536,0.8302807295349512,0.07181176511561231

0.07445405141987968,0.0471522325727557,0.03222093312186438,0.8461727828855001
0.0652209297193529,0.06277418480780979,0.7537111661917606,0.11829371928107674
0.0004445085971371308,0.9082432647447231,0.05668957874016827,0.03462264791797151
0.8995699993846709,0.0006051289539137118,0.08987850818332642,0.00994636347808912

Transition Gammas
1.0,1.0,134.10762986166102,2362.892370138338
1775.1888178092827,253.81118219071897,1.0,1.0
80.54198417988944,61.718885244073405,964.7370676564334,114.32841449475303
104.87338650103284,70.90500816144306,1490.6458216452052,128.9273661385733

98.82768354682578,62.588211525886116,42.76893092349327,1123.1799266549606
45.396918408538646,43.693865729072314,524.6193892427597,82.33814429744528
1.144292577026069,2338.078571876725,145.93522952065018,89.12862262886584
1800.140120088192,1.2109306763366854,179.8569412332025,19.903785095251656

Iteration: ,17500
Error:,0.038795374353369716
Absolute Error:,0.06749430930541461
Transition Probabilities
0.0003502626970227669,0.0003502626970227669,0.05290778430329139,0.9463916903026631
0.8754178851163964,0.12373177474754912,0.0004251700680272105,0.0004251700680272105
0.06430160576311554,0.050371118039122115,0.796999252466409,0.08832802373135343
0.05686413743880948,0.04288333522547904,0.838414996062964,0.061837531272747596

0.07358959022265679,0.04682403809957946,0.03097841361132103,0.8486079580664427
0.06075491078737482,0.05647945283780344,0.7590617552182775,0.12370388115654427
0.0003625951906705315,0.9051182059335636,0.05984040129305088,0.034678797582714985
0.9031678364371397,0.0005523150468378475,0.08714864506013537,0.009131203455887102

Transition Gammas
1.0,1.0,151.051724185897,2701.9482758141044
2058.9828657937665,291.0171342062358,1.0,1.0
86.32621826657405,67.62425414686774,1069.9877648495287,118.58217481812542
121.16546674853276,91.37533008251938,1786.4852770562863,131.76271859046633

109.04228698984878,69.38209854178508,45.902648150035475,1257.4353549921136
59.45665684776425,55.27255991008038,742.8415863241339,121.06048905909468
1.157013359653094,2888.162566066498,190.94611711486507,110.65737531076296
1985.4856336909656,1.2141858318315157,191.58386269059187,20.073648051388478

Iteration: ,17680
Error:,0.03868064862251141
Absolute Error:,0.06759020133926748
Transition Probabilities
0.00034698126301179713,0.00034698126301179713,0.05243587215796667,0.9468701653160098
0.8760250626893498,0.12313212230854315,0.00042140750105351834,0.00042140750105351834
0.06400415115672366,0.05151736328843622,0.7965212732428457,0.08795721231199437
0.05642967808991875,0.04294309921578008,0.8395017674166456,0.06112545527765548

0.07306016747622862,0.046487173730929886,0.03094007792202934,0.8495125808708122
0.06034232572798331,0.05701578240842694,0.7572807090878556,0.12536118277573416
0.0003582309385326921,0.9055129955918148,0.05954158510908458,0.034587188360567914
0.9039086579317491,0.0005481745110765583,0.0864818310965205,0.00906133646065393

*,*,*,*,*,*,*,*,*,*,*
Model Num 2
Model States: 
"['diamond', 'x', 'square']","['diamond', 'x', 'diamond']","['square', 'y', 'diamond', 'x', 'diamond']","['square', 'y', 'diamond', 'x', 'square']"
Iteration: ,17680
Error:,0.03946156906033636
Absolute Error:,0.06759020133926748
Transition Probabilities
0.00034698126301179713,0.00034698126301179713,0.05243587215796667,0.9468701653160098
0.8760250626893498,0.12313212230854315,0.00042140750105351834,0.00042140750105351834
0.06400415115672366,0.05151736328843622,0.7965212732428457,0.08795721231199437
0.05642967808991875,0.04294309921578008,0.8395017674166456,0.06112545527765548

0.07306016747622862,0.046487173730929886,0.03094007792202934,0.8495125808708122
0.06034232572798331,0.05701578240842694,0.7572807090878556,0.12536118277573416
0.0003582309385326921,0.9055129955918148,0.05954158510908458,0.034587188360567914
0.9039086579317491,0.0005481745110765583,0.0864818310965205,0.00906133646065393

Transition Gammas
1.0,1.0,151.12018355926003,2728.8798164407417
2078.807473761829,292.1925262381732,1.0,1.0
86.32621826657405,69.48454228954716,1074.315775543381,118.63314130316328
121.75876342187365,92.65866535131502,1811.3996136616156,131.89087905741565

109.04228698984878,69.38209854178508,46.17806080666218,1267.897376158382
60.36899406015885,57.040980572504516,757.615389815793,125.41658623630431
1.1579118938118873,2926.894789968865,192.45660315274523,111.79636504946599
2002.4357718878234,1.2143751922107382,191.58386269059187,20.073648051388478

