0,1,2,3,4,5,6,7,8,9,10,11,12,13,14,15,16,17,18,19,20,21,22,23,24,25,26,27,28,29
github Code Version (SHA):,528ca1c557fe8e6666681dc5c9134b0f84d30530
Environment Observations,Environment Actions,alpha,epsilon,numActions,explore,patience,gainThresh,insertRandActions,useUpdatedPosterior,revisedSplitting,haveControl,confidence_factor
"['diamond', 'square']","['x', 'y']",0.65,0.99,75000,0.5,0,0.01,False,True,False,True,250

Model Num 0
Model States: 
['diamond'],['square']
Iteration: ,0
Error:,0.3099943281114969
Absolute Error:,1
Transition Probabilities
0.5,0.5
0.5,0.5

0.5,0.5
0.5,0.5

Transition Gammas
1.0,1.0
1.0,1.0

1.0,1.0
1.0,1.0

Iteration: ,1937
Error:,0.031083537016339
Absolute Error:,1
Transition Probabilities
0.47058823529411764,0.5294117647058824
0.23115577889447236,0.7688442211055276

0.23591549295774647,0.7640845070422535
0.7504990019960079,0.249500998003992


Model Num 1
Model States: 
['diamond'],"['square', 'x', 'square']","['square', 'x', 'diamond']"
Iteration: ,0
Error:,0.27955813922812056
Absolute Error:,1
Transition Probabilities
0.3333333333333333,0.3333333333333333,0.3333333333333333
0.3333333333333333,0.3333333333333333,0.3333333333333333
0.3333333333333333,0.3333333333333333,0.3333333333333333

0.3333333333333333,0.3333333333333333,0.3333333333333333
0.3333333333333333,0.3333333333333333,0.3333333333333333
0.3333333333333333,0.3333333333333333,0.3333333333333333

Transition Gammas
1.0,1.0,1.0
1.0,1.0,1.0
1.0,1.0,1.0

1.0,1.0,1.0
1.0,1.0,1.0
1.0,1.0,1.0

Iteration: ,2500
Error:,0.05602670932003374
Absolute Error:,1
Transition Probabilities
0.4924698795180723,0.41194051813457927,0.09558960234734849
0.0011235955056179778,0.8226931906915356,0.17618321380284646
0.9922178988326849,0.0038910505836575876,0.0038910505836575876

0.19178082191780826,0.6417989656900409,0.1664202123921508
0.8329529824431232,0.15124796537266466,0.015799052184212094
0.4447978191731031,0.27760109041344844,0.27760109041344844

Transition Gammas
327.0,273.52850404136063,63.4714959586394
1.0,732.1969397154664,156.8030602845333
255.0,1.0,1.0

56.0,187.4052979814919,48.59470201850802
273.7582052982406,49.70913416263374,5.192514178504049
1.6022913256955809,1.0,1.0

Iteration: ,5000
Error:,0.05351331832662794
Absolute Error:,1
Transition Probabilities
0.492063492063492,0.4254763697783831,0.08246013815812502
0.0006476683937823838,0.8445273549096484,0.15482497669656933
0.9956043956043956,0.002197802197802198,0.002197802197802198

0.22246696035242278,0.6342159126674127,0.14331712698016444
0.8312873907138744,0.15358795162106748,0.01512465766505809
0.4447978191731031,0.27760109041344844,0.27760109041344844

Transition Gammas
527.0,455.6851920326484,88.31480796735191
1.0,1303.9502359804962,239.04976401950293
453.0,1.0,1.0

202.0,575.8680487020112,130.1319512979894
703.1134523236501,129.90664372626833,12.79262789846965
1.6022913256955809,1.0,1.0

Iteration: ,7500
Error:,0.050600618482776125
Absolute Error:,1
Transition Probabilities
0.48039215686274483,0.429589668412991,0.09001817472426416
0.0004070004070004073,0.8355128441298544,0.1640801554631451
0.9972527472527473,0.0013736263736263737,0.0013736263736263737

0.22740740740740734,0.6355435054095055,0.13704908718308703
0.8298773782177288,0.15542719397865215,0.014695427803619055
0.4447978191731031,0.27760109041344844,0.27760109041344844

Transition Gammas
735.0,657.2721926718766,137.72780732812424
1.0,2052.8550580270507,403.14494197294727
726.0,1.0,1.0

307.0,857.9837323028328,185.01626769716756
987.3583519441853,184.9217030396127,17.484093142118738
1.6022913256955809,1.0,1.0

Iteration: ,10000
Error:,0.04773791079873251
Absolute Error:,1
Transition Probabilities
0.48721804511278166,0.420501572260707,0.09228038262651127
0.00029976019184652314,0.8307946622662836,0.16890557754186983
0.998003992015968,0.000998003992015968,0.000998003992015968

0.22861842105263144,0.6343204278508878,0.13706115109648073
0.832052145700107,0.15411202035328028,0.01383583394661263
0.4447978191731031,0.27760109041344844,0.27760109041344844

Transition Gammas
972.0,838.900636660111,184.0993633398901
1.0,2771.530993320319,563.469006679677
1000.0,1.0,1.0

417.0,1157.00046040002,249.999539599981
1272.2482730424988,235.64478832582626,21.15566426413031
1.6022913256955809,1.0,1.0

Iteration: ,12500
Error:,0.04923968145220496
Absolute Error:,1
Transition Probabilities
0.48816326530612225,0.41804141251741983,0.09379532217645783
0.00023485204321277631,0.8243120428206168,0.1754531051361705
0.9984532095901005,0.0007733952049497294,0.0007733952049497294

0.22737306843267105,0.6391392755303399,0.13348765603698914
0.8265649335661989,0.1591575994623423,0.014277466971458833
0.4447978191731031,0.27760109041344844,0.27760109041344844

Transition Gammas
1196.0,1024.201460667679,229.79853933232178
1.0,3509.920678330181,747.0793216698129
1291.0,1.0,1.0

515.0,1447.6504590762202,302.34954092378047
1525.2385453141007,293.68933476559755,26.345834513404174
1.6022913256955809,1.0,1.0

Iteration: ,15000
Error:,0.04862580961120994
Absolute Error:,1
Transition Probabilities
0.48783830078794094,0.42077803552804594,0.09138366368401331
0.00019383601473153733,0.8226295292064281,0.17717663477884044
0.9987163029525032,0.0006418485237483953,0.0006418485237483953

0.23074087725764844,0.6353374329609273,0.13392168978142432
0.8251775583302596,0.16100475584116494,0.013817685828575201
0.4447978191731031,0.27760109041344844,0.27760109041344844

Transition Gammas
1424.0,1228.2510857063664,266.7489142936349
1.0,4243.945741175958,914.0542588240369
1556.0,1.0,1.0

626.0,1723.670455622995,363.3295443770041
1805.4427445379508,352.2694786534598,30.23233045259508
1.6022913256955809,1.0,1.0

Iteration: ,17500
Error:,0.0490221110339356
Absolute Error:,1
Transition Probabilities
0.4845880260818018,0.42427183080347325,0.0911401431147249
0.00016474464579901166,0.8210903595179696,0.17874489583623132
0.9989053092501369,0.0005473453749315818,0.0005473453749315818

0.23363895036357887,0.6331720360045432,0.13318901363187788
0.8230766217310148,0.16359676709805138,0.013326611170933868
0.4447978191731031,0.27760109041344844,0.27760109041344844

Transition Gammas
1635.0,1431.4931571309194,307.50684286908194
1.0,4984.018482274072,1084.9815177259234
1825.0,1.0,1.0

739.0,2002.72314988237,421.2768501176297
2083.3254976704507,414.08698441104303,33.73157263482534
1.6022913256955809,1.0,1.0

Iteration: ,20000
Error:,0.04943686477527334
Absolute Error:,1
Transition Probabilities
0.48166579360921924,0.42395635541814547,0.09437785097263533
0.0001434102968593145,0.8204665753368875,0.17939001436625318
0.9990503323836657,0.0004748338081671415,0.0004748338081671415

0.23761013215859023,0.6297469433999848,0.13264292444142498
0.8223711964541595,0.16464185223850908,0.012986951307331405
0.4447978191731031,0.27760109041344844,0.27760109041344844

Transition Gammas
1839.0,1618.6653649864802,360.33463501352185
1.0,5721.113429824117,1250.8865701758834
2104.0,1.0,1.0

863.0,2287.240898428746,481.7591015712557
2356.677127906852,471.8157556340705,37.21683254373799
1.6022913256955809,1.0,1.0

Iteration: ,22500
Error:,0.05037733957664581
Absolute Error:,1
Transition Probabilities
0.4834806886924149,0.4210509809987438,0.09546833030884133
0.00012695188523549576,0.8208949309706755,0.17897811714408904
0.9991610738255033,0.00041946308724832214,0.00041946308724832214

0.24137086903304775,0.6246541018965936,0.13397502907035866
0.8227638589720153,0.16441851882395622,0.012817622204028524
0.4447978191731031,0.27760109041344844,0.27760109041344844

Transition Gammas
2078.0,1809.6771163326016,410.3228836674002
1.0,6466.18937125601,1409.8106287439894
2382.0,1.0,1.0

986.0,2551.712006247585,547.2879937524151
2617.9124908721387,523.1553251472743,40.78377155886677
1.6022913256955809,1.0,1.0

Iteration: ,25000
Error:,0.049796613249446856
Absolute Error:,1
Transition Probabilities
0.48161303802758026,0.4220634962817634,0.09632346569065629
0.00011427265455376528,0.820076761345495,0.1798089659999513
0.9992461364493027,0.0003769317753486619,0.0003769317753486619

0.2402654867256636,0.6260103986169103,0.13372411465742612
0.821981331142958,0.16554264698400745,0.012476021873034595
0.4447978191731031,0.27760109041344844,0.27760109041344844

Transition Gammas
2305.0,2019.9958932045201,461.0041067954812
1.0,7176.491738534427,1573.508261465574
2651.0,1.0,1.0

1086.0,2829.567001748436,604.4329982515663
2909.4049252554764,585.9386025293259,44.158909831358486
1.6022913256955809,1.0,1.0

Iteration: ,27500
Error:,0.05240492071712157
Absolute Error:,1
Transition Probabilities
0.48239969719909154,0.42090524648406846,0.09669505631683997
0.00010415581710238512,0.8169856614909861,0.18291018269191153
0.9993227226549272,0.0003386386725364037,0.0003386386725364037

0.24549459351221456,0.6194476706236273,0.13505773586415828
0.8217680446708215,0.16611146438099866,0.012120490948179775
0.4447978191731031,0.27760109041344844,0.27760109041344844

Transition Gammas
2549.0,2224.063322421818,510.9366775781825
1.0,7843.87933597496,1756.1206640250432
2951.0,1.0,1.0

1226.0,3093.5216670943955,674.4783329056067
3165.812992178577,639.9346330117122,46.69347751371966
1.6022913256955809,1.0,1.0

Iteration: ,30000
Error:,0.050346610361019666
Absolute Error:,1
Transition Probabilities
0.4855059885436557,0.41927451818537237,0.09521949327097204
9.535615523982069e-05,0.8164484748825784,0.18345616896218173
0.9993821439604572,0.00030892801977139327,0.00030892801977139327

0.24652014652014648,0.617514389681697,0.13596546379815652
0.8226960096380642,0.16491699727825423,0.012386993083681562
0.4447978191731031,0.27760109041344844,0.27760109041344844

Transition Gammas
2797.0,2415.4404992659297,548.5595007340698
1.0,8562.095156093605,1923.9048439064006
3235.0,1.0,1.0

1346.0,3371.6285676620664,742.3714323379347
3425.466555256541,686.6663408499126,51.57583120770504
1.6022913256955809,1.0,1.0

Iteration: ,32500
Error:,0.05076067449259961
Absolute Error:,1
Transition Probabilities
0.48294174444802074,0.4206111268489369,0.09644712870304244
8.805142203046571e-05,0.8159709219413313,0.1839410266366383
0.9994306860233418,0.0002846569883290635,0.0002846569883290635

0.24764150943396213,0.6159645359664616,0.13639395459957634
0.8224638547474555,0.16558314331202836,0.011953001940516197
0.4447978191731031,0.27760109041344844,0.27760109041344844

Transition Gammas
3001.0,2613.6775422392934,599.3224577607056
1.0,9266.981760487708,2089.0182395123034
3511.0,1.0,1.0

1470.0,3656.365485496918,809.6345145030856
3714.430472423418,747.8104596179578,53.98242656927771
1.6022913256955809,1.0,1.0

Iteration: ,35000
Error:,0.05096699917391776
Absolute Error:,1
Transition Probabilities
0.4832103598855595,0.42085447794285413,0.09593516217158647
8.136034496786262e-05,0.8150692994849903,0.18484934017004193
0.9994742376445847,0.0002628811777076761,0.0002628811777076761

0.24742589703588133,0.6152532355643261,0.13732086739979255
0.8227020726924675,0.16545097635080872,0.011846950956723569
0.4447978191731031,0.27760109041344844,0.27760109041344844

Transition Gammas
3209.0,2794.894588018494,637.1054119815057
1.0,10018.016759970022,2271.9832400299865
3802.0,1.0,1.0

1586.0,3943.7732399673323,880.2267600326707
3967.7330568879597,797.9380749741755,57.135554284538166
1.6022913256955809,1.0,1.0

Iteration: ,37500
Error:,0.05014308862712018
Absolute Error:,1
Transition Probabilities
0.4861052334602907,0.4177080195737066,0.09618674696600268
7.588980799878572e-05,0.8148683409616483,0.1850557692303529
0.9995100440960314,0.0002449779519843214,0.0002449779519843214

0.2463789107763614,0.6161394762245552,0.1374816129990834
0.824423599037535,0.16394213757088857,0.01163426339157645
0.4447978191731031,0.27760109041344844,0.27760109041344844

Transition Gammas
3446.0,2961.1321507580055,681.8678492419929
1.0,10737.520128851645,2438.479871148362
4080.0,1.0,1.0

1701.0,4253.826943854331,949.1730561456724
4244.994989654435,844.1455986875202,59.905356740417005
1.6022913256955809,1.0,1.0

Iteration: ,40000
Error:,0.051050131214100944
Absolute Error:,1
Transition Probabilities
0.4863648398199631,0.417652286664232,0.09598287351580488
7.112881428266591e-05,0.8137493150782439,0.1861795561074735
0.9995422293430991,0.00022888532845044633,0.00022888532845044633

0.2486457204767063,0.6136906418192056,0.13766363770408815
0.8244846308944276,0.16408072446377653,0.011434644641795836
0.4447978191731031,0.27760109041344844,0.27760109041344844

Transition Gammas
3674.0,3154.9453734616072,725.0546265383898
1.0,11440.50162068503,2617.49837931497
4367.0,1.0,1.0

1836.0,4531.491699193016,1016.5083008069872
4506.738842412844,896.8863051212261,62.50323562789106
1.6022913256955809,1.0,1.0

Iteration: ,42500
Error:,0.04976616930493572
Absolute Error:,1
Transition Probabilities
0.4844355544443057,0.41926158789184503,0.09630285766384923
6.697026520225025e-05,0.8134956458192033,0.18643738391559445
0.9995709995709996,0.0002145002145002145,0.0002145002145002145

0.24882509843769832,0.6112912033822657,0.1398836981800359
0.8260712889646389,0.16268107748208815,0.011247633553272901
0.4447978191731031,0.27760109041344844,0.27760109041344844

Transition Gammas
3875.0,3353.6734415468673,770.3265584531298
1.0,12147.116983372334,2783.8830166276543
4660.0,1.0,1.0

1959.0,4812.695644228581,1101.3043557714234
4788.706080318533,943.0564592889433,65.20213437421417
1.6022913256955809,1.0,1.0

Iteration: ,45000
Error:,0.050156721372731666
Absolute Error:,1
Transition Probabilities
0.4830689083589866,0.41979613988713355,0.09713495175387982
6.293662282081948e-05,0.8138693125420623,0.18606775083511684
0.9995949777237748,0.0002025111381125962,0.0002025111381125962

0.25021021021020995,0.6103212762084387,0.13946851358135134
0.8272060783680197,0.16181464684478175,0.010979274787198524
0.4447978191731031,0.27760109041344844,0.27760109041344844

Transition Gammas
4080.0,3545.598197486729,820.4018025132688
1.0,12931.569506980819,2956.4304930191693
4936.0,1.0,1.0

2083.0,5080.924624435258,1161.0753755647513
5049.00746530573,987.6660499484782,67.01406313838258
1.6022913256955809,1.0,1.0

Iteration: ,47500
Error:,0.04953906336541047
Absolute Error:,1
Transition Probabilities
0.483139794551139,0.41912853303142,0.09773167241744111
5.986231667165527e-05,0.8122830526968567,0.18765708498647168
0.999618320610687,0.00019083969465648855,0.00019083969465648855

0.25062542642710905,0.6097298054086693,0.13964476816422164
0.8276681396648177,0.16141111912253212,0.010920741212650303
0.4447978191731031,0.27760109041344844,0.27760109041344844

Transition Gammas
4327.0,3753.7151418293965,875.2848581706024
1.0,13569.188395300975,3134.8116046990053
5238.0,1.0,1.0

2204.0,5361.963908763844,1228.0360912361666
5323.332324117615,1038.1516295226058,70.23918393689492
1.6022913256955809,1.0,1.0

Iteration: ,50000
Error:,0.05032325438009652
Absolute Error:,1
Transition Probabilities
0.4819302721088434,0.41999882129297816,0.09807090659817827
5.689900426742543e-05,0.8119677926346472,0.18797530836108542
0.9996377467850027,0.00018112660749864155,0.00018112660749864155

0.2508357597325565,0.609434787104925,0.13972945316251845
0.8278334211863742,0.1613871076607328,0.01077947115289306
0.4447978191731031,0.27760109041344844,0.27760109041344844

Transition Gammas
4534.0,3951.3489107243395,922.6510892756613
1.0,14270.333955553899,3303.66604444607
5519.0,1.0,1.0

2326.0,5651.288780823978,1295.7112191760357
5608.0046439974,1093.287159082863,73.02353678669684
1.6022913256955809,1.0,1.0

Iteration: ,52500
Error:,0.049362114353282666
Absolute Error:,1
Transition Probabilities
0.4826817905610696,0.41961227664493955,0.09770593279399085
5.428881650380035e-05,0.8102546242958037,0.18969108688769254
0.9996562392574768,0.00017188037126160193,0.00017188037126160193

0.2496157393175527,0.6102445438867602,0.14013971679568726
0.8278274380615163,0.16161540153842113,0.010557160400062693
0.4447978191731031,0.27760109041344844,0.27760109041344844

Transition Gammas
4766.0,4143.251619592133,964.7483804078655
1.0,14924.89017952867,3494.1098204712885
5816.0,1.0,1.0

2436.0,5955.376503790901,1367.6234962091137
5885.326847840082,1148.9827685898038,75.0546994249616
1.6022913256955809,1.0,1.0

Iteration: ,55000
Error:,0.049836321551740975
Absolute Error:,1
Transition Probabilities
0.48251815980629575,0.41923643522475385,0.09824540496895058
5.1687600144725394e-05,0.8097104404616647,0.19023787193819067
0.9996725069592272,0.0001637465203864418,0.0001637465203864418

0.24973089343379928,0.6105658757825629,0.13970323078363767
0.8280600566632421,0.161574348765347,0.010365594571410909
0.4447978191731031,0.27760109041344844,0.27760109041344844

Transition Gammas
4982.0,4328.6161936955805,1014.3838063044141
1.0,15665.467891611792,3680.5321083881663
6105.0,1.0,1.0

2552.0,6239.3726846220225,1427.6273153779962
6142.35102427664,1198.5197917103144,76.88949602218926
1.6022913256955809,1.0,1.0

Iteration: ,57500
Error:,0.04933297084747466
Absolute Error:,1
Transition Probabilities
0.48293089092423014,0.41810266187492284,0.09896644720084705
4.9409555808093385e-05,0.8092240058444232,0.19072658459976868
0.9996873534469283,0.0001563232765358762,0.0001563232765358762

0.24976561035064646,0.6113102033226037,0.13892418632674983
0.8278543622972,0.1618188712945965,0.010326766408203616
0.4447978191731031,0.27760109041344844,0.27760109041344844

Transition Gammas
5220.0,4519.271672206038,1069.728327793955
1.0,16377.88465428525,3860.1153457147107
6395.0,1.0,1.0

2664.0,6520.234628638903,1481.7653713611164
6400.4291611323215,1251.0778100890566,79.83981225376417
1.6022913256955809,1.0,1.0

Iteration: ,60000
Error:,0.05060767576488015
Absolute Error:,1
Transition Probabilities
0.48173170948528804,0.41914042825369835,0.09912786226101374
4.724335049841743e-05,0.8092742236263069,0.19067853302319465
0.9997004194128221,0.00014979029358897544,0.00014979029358897544

0.25049415992812185,0.6109841248752788,0.1385217151965995
0.8283293698412914,0.1614389015562022,0.01023172860250656
0.4447978191731031,0.27760109041344844,0.27760109041344844

Transition Gammas
5419.0,4714.910677425848,1115.0893225741424
1.0,17129.90749149801,4036.0925085019544
6674.0,1.0,1.0

2788.0,6800.253309861862,1541.7466901381547
6668.13689431161,1299.5998148059264,82.36647096073587
1.6022913256955809,1.0,1.0

Iteration: ,62500
Error:,0.04935379278318189
Absolute Error:,1
Transition Probabilities
0.4824021869126948,0.41854241192920855,0.0990554011580967
4.534119247336217e-05,0.8095146862983932,0.19043997250913347
0.9997117324877486,0.00014413375612568464,0.00014413375612568464

0.25002153872663013,0.6123601839674542,0.1376182773059157
0.8294454779874764,0.160408489265644,0.010146032746879632
0.4447978191731031,0.27760109041344844,0.27760109041344844

Transition Gammas
5647.0,4899.457474043311,1159.542525956679
1.0,17853.846406311015,4200.153593688928
6936.0,1.0,1.0

2902.0,7107.66465531025,1597.3353446897656
6960.38372635633,1346.0856293568827,85.14155914118527
1.6022913256955809,1.0,1.0

Iteration: ,65000
Error:,0.0498819784991428
Absolute Error:,1
Transition Probabilities
0.4830188679245288,0.41759364167534313,0.09938749040012804
4.3584379358438016e-05,0.8102517212247495,0.189704694395892
0.9997232216994187,0.0001383891502906172,0.0001383891502906172

0.24966821499668182,0.6109824489084102,0.13934933609490813
0.8295182183569219,0.16034649387873087,0.010135287764347266
0.4447978191731031,0.27760109041344844,0.27760109041344844

Transition Gammas
5888.0,5090.466492022428,1211.5335079775596
1.0,18590.41549178062,4352.584508219337
7224.0,1.0,1.0

3010.0,7366.004404039803,1679.9955959602146
7222.8953083205015,1396.191081416365,88.2513738957849
1.6022913256955809,1.0,1.0

Iteration: ,67500
Error:,0.048544624889723414
Absolute Error:,1
Transition Probabilities
0.48252741184822956,0.4182864163856973,0.09918617176607307
4.198329065032127e-05,0.8104205943205018,0.18953742238884783
0.9997331910352187,0.00013340448239060833,0.00013340448239060833

0.24944017914267388,0.6106517765196564,0.13990804433766973
0.8297559883291351,0.16027800679880672,0.00996600487205833
0.4447978191731031,0.27760109041344844,0.27760109041344844

Transition Gammas
6117.0,5302.61690052148,1257.3830994785071
1.0,19303.40813611999,4514.591863879956
7494.0,1.0,1.0

3119.0,7635.589813601799,1749.4101863982257
7512.724334214287,1451.1790199206423,90.23357272537301
1.6022913256955809,1.0,1.0

Iteration: ,70000
Error:,0.04856848680508372
Absolute Error:,1
Transition Probabilities
0.482955410135444,0.41759167822132415,0.09945291164323167
4.042690815006478e-05,0.8099707888912323,0.1899887842006177
0.9997428975446716,0.0001285512276642242,0.0001285512276642242

0.24971080434950219,0.610867828997465,0.13942136665303295
0.8303717880141037,0.1598474768754732,0.009780735110423096
0.4447978191731031,0.27760109041344844,0.27760109041344844

Transition Gammas
6347.0,5487.989835184638,1307.0101648153495
1.0,20035.43743401347,4699.562565986468
7777.0,1.0,1.0

3238.0,7921.12313861014,1807.876861389881
7775.8881845733185,1496.8669753851725,91.59018126503186
1.6022913256955809,1.0,1.0

Iteration: ,72500
Error:,0.04838463742432907
Absolute Error:,1
Transition Probabilities
0.4824135393671821,0.41747398361089283,0.10011247702192494
3.905639743790042e-05,0.8089996283377259,0.19096131526483623
0.9997526283240569,0.00012368583797155226,0.00012368583797155226

0.24905155099308157,0.6117680801243677,0.1391803688825508
0.8298669161515653,0.16037379985988964,0.00975928398854513
0.4447978191731031,0.27760109041344844,0.27760109041344844

Transition Gammas
6556.0,5673.471437272029,1360.5285627279588
1.0,20713.626483959084,4889.373516040855
8083.0,1.0,1.0

3348.0,8223.998301111886,1871.0016988881332
8039.784759830258,1553.7079583422271,94.5483440186093
1.6022913256955809,1.0,1.0

Iteration: ,74999
Error:,0.04798590367502146
Absolute Error:,1
Transition Probabilities
0.48311338158081496,0.4166934712700619,0.10019314714912315
3.776435045317231e-05,0.809667728391874,0.19029450725767288
0.9997605363984674,0.00011973180076628352,0.00011973180076628352

0.24949611287071657,0.6109346627022711,0.13956922442701222
0.8303639337260385,0.15995473060184784,0.009681335672113755
0.4447978191731031,0.27760109041344844,0.27760109041344844

Transition Gammas
6809.0,5872.877784080247,1412.1222159197405
1.0,21440.001447816765,5038.998552183165
8350.0,1.0,1.0

3466.0,8487.104334259964,1938.8956657400568
8319.028796383149,1602.5118095188218,96.99278469666534
1.6022913256955809,1.0,1.0

*,*,*,*,*,*,*,*,*,*,*
Model Num 1
Model States: 
['diamond'],"['square', 'x', 'square']","['square', 'x', 'diamond']"
Iteration: ,74999
Error:,0.048674057801413366
Absolute Error:,1
Transition Probabilities
0.48311338158081496,0.4166934712700619,0.10019314714912315
3.77629243608626e-05,0.80967491589505,0.19028732118058903
0.9997605363984674,0.00011973180076628352,0.00011973180076628352

0.24949611287071657,0.6109346627022711,0.13956922442701222
0.8303639337260385,0.15995473060184784,0.009681335672113755
0.4447978191731031,0.27760109041344844,0.27760109041344844

Transition Gammas
6809.0,5872.877784080247,1412.1222159197405
1.0,21441.001447816765,5038.998552183165
8350.0,1.0,1.0

3466.0,8487.104334259964,1938.8956657400568
8319.028796383149,1602.5118095188218,96.99278469666534
1.6022913256955809,1.0,1.0

