0,1,2,3,4,5,6,7,8,9,10,11,12,13,14,15,16,17,18,19,20,21,22,23,24,25,26,27,28,29
github Code Version (SHA):,528ca1c557fe8e6666681dc5c9134b0f84d30530
Environment Observations,Environment Actions,alpha,epsilon,numActions,explore,patience,gainThresh,insertRandActions,useUpdatedPosterior,revisedSplitting,haveControl,confidence_factor
"['rose', 'volcano', 'nothing']","['b', 'f', 't']",0.85,0.99,75000,0.5,0,0.01,False,True,False,True,250

Model Num 0
Model States: 
['rose'],['volcano'],['nothing']
Iteration: ,0
Error:,0.6153480585990038
Absolute Error:,1
Transition Probabilities
0.3333333333333333,0.3333333333333333,0.3333333333333333
0.3333333333333333,0.3333333333333333,0.3333333333333333
0.3333333333333333,0.3333333333333333,0.3333333333333333

0.3333333333333333,0.3333333333333333,0.3333333333333333
0.3333333333333333,0.3333333333333333,0.3333333333333333
0.3333333333333333,0.3333333333333333,0.3333333333333333

0.3333333333333333,0.3333333333333333,0.3333333333333333
0.3333333333333333,0.3333333333333333,0.3333333333333333
0.3333333333333333,0.3333333333333333,0.3333333333333333

Transition Gammas
1.0,1.0,1.0
1.0,1.0,1.0
1.0,1.0,1.0

1.0,1.0,1.0
1.0,1.0,1.0
1.0,1.0,1.0

1.0,1.0,1.0
1.0,1.0,1.0
1.0,1.0,1.0

Iteration: ,2500
Error:,0.16070966032021103
Absolute Error:,1
Transition Probabilities
0.057291666666666664,0.06770833333333333,0.875
0.09686609686609686,0.05698005698005698,0.8461538461538461
0.449438202247191,0.45786516853932585,0.09269662921348315

0.06896551724137931,0.05517241379310345,0.8758620689655172
0.06716417910447761,0.029850746268656716,0.9029850746268657
0.4807692307692308,0.4076923076923077,0.11153846153846154

0.8560606060606061,0.05303030303030303,0.09090909090909091
0.08888888888888889,0.7703703703703704,0.14074074074074075
0.05514705882352941,0.06985294117647059,0.875

Transition Gammas
22.0,26.0,336.0
34.0,20.0,297.0
320.0,326.0,66.0

10.0,8.0,127.0
9.0,4.0,121.0
125.0,106.0,29.0

113.0,7.0,12.0
12.0,104.0,19.0
15.0,19.0,238.0

Iteration: ,5000
Error:,0.15178588870044726
Absolute Error:,1
Transition Probabilities
0.04929577464788732,0.0676056338028169,0.8830985915492958
0.06686046511627906,0.050872093023255814,0.8822674418604651
0.45180136319376824,0.4605647517039922,0.08763388510223953

0.05860805860805861,0.05860805860805861,0.8827838827838828
0.07547169811320754,0.03773584905660377,0.8867924528301887
0.45808736717827625,0.42502951593860683,0.11688311688311688

0.8482490272373541,0.042801556420233464,0.10894941634241245
0.0728744939271255,0.8097165991902834,0.11740890688259109
0.04781997187060478,0.06610407876230662,0.8860759493670886

Transition Gammas
35.0,48.0,627.0
46.0,35.0,607.0
464.0,473.0,90.0

16.0,16.0,241.0
20.0,10.0,235.0
388.0,360.0,99.0

218.0,11.0,28.0
18.0,200.0,29.0
34.0,47.0,630.0

Iteration: ,5110
Error:,0.15242679019543312
Absolute Error:,1
Transition Probabilities
0.04951856946354883,0.07015130674002751,0.8803301237964236
0.06837606837606838,0.05270655270655271,0.8789173789173789
0.45183044315992293,0.4614643545279383,0.08670520231213873

0.058394160583941604,0.058394160583941604,0.8832116788321168
0.07462686567164178,0.03731343283582089,0.8880597014925373
0.4593967517401392,0.4222737819025522,0.11832946635730858

0.8473282442748091,0.04198473282442748,0.11068702290076336
0.07539682539682539,0.8095238095238095,0.11507936507936507
0.04933333333333333,0.06666666666666667,0.884


Model Num 1
Model States: 
['rose'],['volcano'],"['nothing', 'f', 'rose']","['nothing', 'f', 'volcano']"
Iteration: ,0
Error:,0.5793501039961525
Absolute Error:,0.6
Transition Probabilities
0.25,0.25,0.25,0.25
0.25,0.25,0.25,0.25
0.25,0.25,0.25,0.25
0.25,0.25,0.25,0.25

0.25,0.25,0.25,0.25
0.25,0.25,0.25,0.25
0.25,0.25,0.25,0.25
0.25,0.25,0.25,0.25

0.25,0.25,0.25,0.25
0.25,0.25,0.25,0.25
0.25,0.25,0.25,0.25
0.25,0.25,0.25,0.25

Transition Gammas
1.0,1.0,1.0,1.0
1.0,1.0,1.0,1.0
1.0,1.0,1.0,1.0
1.0,1.0,1.0,1.0

1.0,1.0,1.0,1.0
1.0,1.0,1.0,1.0
1.0,1.0,1.0,1.0
1.0,1.0,1.0,1.0

1.0,1.0,1.0,1.0
1.0,1.0,1.0,1.0
1.0,1.0,1.0,1.0
1.0,1.0,1.0,1.0

Iteration: ,2500
Error:,0.05218562692209365
Absolute Error:,0.056945581563040894
Transition Probabilities
0.04999999999999998,0.07352941176470586,0.8129714753330224,0.06349911290227182
0.0771513353115727,0.05934718100890208,0.06617477679233381,0.7973267068871914
0.07493221278767467,0.782443827608431,0.07599693278376626,0.06662702682012801
0.820967165438912,0.08379758249657797,0.06506409220753959,0.030171159856970494

0.06547619047619048,0.10714285714285714,0.09536212234565385,0.7320188300352986
0.0588235294117647,0.04705882352941176,0.8354622970905521,0.058655349968271465
0.9079823534695293,0.0032897911357591637,0.034984834257391684,0.05374302113732002
0.003171320474254011,0.9038263351623932,0.04986713781838382,0.04313520654496896

0.8203592814371258,0.041916167664670656,0.01202420091321074,0.12570034998499283
0.1056338028169014,0.7887323943661971,0.052886701988930966,0.05274710082797044
0.03794446802668744,0.054284483620630125,0.08940644978405818,0.8183645985686243
0.05756131449123692,0.04147026621867991,0.8129730680377658,0.08799535125231717

Transition Gammas
17.0,25.0,276.4103016132277,21.589698386772426
26.0,20.0,22.300899779016493,268.6991002209835
11.813254147805797,123.35426177939753,11.981109966313662,10.503920432312517
131.95842548782576,13.469231793238416,10.458098112744194,4.84957123436086

11.0,18.0,16.020836554069845,122.97916344593015
10.0,8.0,142.02859050539388,9.971409494606151
276.0,1.0,10.634363342133105,16.33630188650809
1.0,285.0,15.724408246730109,13.601654861171243

137.0,7.0,2.0080415525061936,20.991958447493804
15.0,112.0,7.509911682428197,7.490088317571803
3.5632758339016233,5.097728304035638,8.395949620018579,76.85069653234389
4.412457167698461,3.1789714157906372,62.31978669901922,6.745428275730941

Iteration: ,5000
Error:,0.040912911747306255
Absolute Error:,0.0381501716836835
Transition Probabilities
0.04978662873399715,0.06258890469416784,0.8447000186993574,0.042924447872477726
0.06656101426307448,0.06814580031695722,0.06342874053348681,0.8018644448864816
0.09238506087370128,0.7995424393541338,0.05737202101717666,0.05070047875498812
0.8357151189263413,0.07063821137477767,0.0562419614117424,0.03740470828713867

0.05507246376811597,0.0666666666666667,0.0645691571720474,0.81369171239317
0.06172839506172837,0.06172839506172837,0.8324210545455367,0.044122155331006524
0.9058214913985068,0.001655980788662718,0.03686350452611341,0.055659023286717145
0.0018549888730915543,0.9033795811955869,0.05376970685127717,0.0409957230800445

0.8189655172413793,0.04597701149425287,0.02442307778515712,0.11063439347921072
0.08135593220338982,0.823728813559322,0.04619263924606509,0.048722614991223046
0.05500762279370744,0.05417094672364414,0.05569241410873871,0.8351290163739098
0.082493284992311,0.04357320867164607,0.8219431141352895,0.05199039220075325

Transition Gammas
35.0,44.0,593.8241131456483,30.175886854351848
42.0,43.0,40.02353527663018,505.9764647233699
32.18796569224661,278.56933105893575,19.989039642679064,17.664601346932617
308.93425106874196,26.11244242647935,20.790659201781338,13.827194554021755

19.0,23.0,22.276359224356344,280.7236407756435
20.0,20.0,269.704421672754,14.295578327246119
547.0,1.0,22.26082861497591,33.61091123023499
1.0,487.0,28.98653875031806,22.100252823468622

285.0,16.0,8.499231069234678,38.50076893076533
24.0,243.0,13.626828577589203,14.373171422410799
9.936228090464478,9.785096231864449,10.059924450258782,150.85240863391135
13.846859121069372,7.3139538810398745,137.96675096676324,8.726814994942615

Iteration: ,7500
Error:,0.03702005365833931
Absolute Error:,0.03421588455055756
Transition Probabilities
0.052052052052052065,0.05605605605605607,0.8503647067731417,0.0415271851187501
0.06066945606694567,0.0627615062761507,0.06468122046954616,0.8118878171873576
0.08090738519011859,0.8085845102659229,0.060971692585553974,0.04953641195840463
0.8231563988699355,0.08147805684963366,0.049300441674727954,0.04606510260570302

0.04780114722753346,0.06118546845124283,0.05148619370364065,0.839527190617583
0.06199999999999999,0.057999999999999996,0.8427984279279221,0.03720157207207785
0.9056815423802422,0.0011671153896652606,0.03742071372486347,0.055730628505229106
0.001253585781505861,0.9063425200287376,0.05047579437259977,0.04192809981715679

0.8272552783109405,0.05566218809980806,0.017161604652536768,0.09992092893671468
0.06971677559912855,0.8169934640522876,0.056008930654804306,0.05728082969377959
0.05577738889749155,0.06139367275136782,0.0445773265349585,0.8382516118161821
0.0839856202127056,0.039394612629622176,0.8391403389733608,0.03747942818431126

Transition Gammas
52.0,56.0,849.5143420663684,41.485657933631344
58.0,60.0,61.83524676888608,776.1647532311131
45.69581901429163,456.6818140525435,34.43630544773533,27.977753948537064
477.9435495563854,47.30803496775583,28.62497105175285,26.74645872919657

25.0,32.0,26.92727930700406,439.0727206929959
31.0,29.0,421.39921396396113,18.60078603603893
776.0,1.0,32.06256558367898,47.750744269778814
1.0,723.0,40.265129931488275,33.44653428247324

431.0,29.0,8.941196023971656,52.05880397602835
32.0,375.0,25.708099170555176,26.29190082944483
14.904516870283489,16.405268323569324,11.91169985732883,223.9928318053355
21.382692563399726,10.029846637793833,213.64466727007542,9.542241734804819

Iteration: ,10000
Error:,0.03739934401955025
Absolute Error:,0.035875714798514494
Transition Probabilities
0.04795117698343504,0.05231037489102004,0.85811387532795,0.0416245727975948
0.06200873362445421,0.06200873362445421,0.058101169509902253,0.8178813632411893
0.08119627503139897,0.8091406852021007,0.056658944936869196,0.05300409482963117
0.822646026745416,0.07742857101045554,0.05285106607929618,0.04707433616483235

0.05834305717619608,0.05250875145857647,0.06379963065786291,0.8253485607073646
0.056532663316582875,0.0552763819095477,0.8430844473925362,0.04510650738133324
0.912128154211181,0.0009103075391329151,0.03323714482814347,0.053724393421542706
0.0009278707704891966,0.9065297427679451,0.04870398219741916,0.043838404264146584

0.817910447761194,0.05970149253731343,0.01554104841890098,0.10684701128259155
0.06929133858267716,0.8110236220472441,0.060048211695937395,0.059636827674141364
0.051035530926579815,0.06263303549062788,0.03768856269293439,0.8486428708898579
0.08569347501427041,0.033050549148877686,0.8530970405931685,0.028158935243683403

Transition Gammas
55.0,60.0,984.2566150011589,47.74338499884124
71.0,71.0,66.52583908883801,936.4741609111609
62.896792213494784,626.7818755104347,43.88952430825206,41.05838029730421
646.9604071232224,60.8927998133953,41.56410669462741,37.021064589278495

50.0,45.0,54.67628347378847,707.3237165262109
45.0,44.0,671.0952201244593,35.90477987554129
1002.0,1.0,36.511995561195135,59.01784958599397
1.0,977.0,52.49004898790077,47.24623908675762

548.0,40.0,10.412502440663657,71.58749755933634
44.0,515.0,38.130614426920246,37.86938557307977
18.64722395344836,22.88468873495635,13.770544878425238,310.07483184110094
30.61810932193863,11.808895914443019,304.8098871793236,10.061131930253879

Iteration: ,12500
Error:,0.03742172300708656
Absolute Error:,0.03417630198349783
Transition Probabilities
0.04786836200448764,0.05684367988032907,0.855634996315048,0.0396529618001353
0.06076923076923079,0.06153846153846156,0.05462377443136639,0.8230685332609413
0.08270126183365474,0.8092633116696291,0.054114224195218996,0.05392120230149714
0.8224939853920465,0.07219156376546342,0.05562842598424439,0.04968602485824556

0.06082289803220038,0.05187835420393562,0.055872911297021745,0.8314258364668422
0.06103286384976526,0.05727699530516432,0.8354357201922462,0.04625442065282416
0.9124625644357252,0.0007516166099141064,0.03323043474204848,0.05355538421231218
0.0007806474657790397,0.906331707769465,0.050650679165253586,0.04223696559950233

0.8209876543209876,0.060699588477366256,0.017288844681204552,0.10102391252044153
0.06301050175029171,0.8156359393232205,0.06216896228598189,0.05918459664050588
0.05034227468221705,0.05758912839404967,0.03209493893801718,0.859973657985716
0.0782718217800462,0.048791877507229124,0.8486245315373336,0.024311769175391126

Transition Gammas
64.0,76.0,1143.9839900732197,53.016009926780924
79.0,80.0,71.01090676077628,1069.9890932392234
80.35833571524013,786.3368882082897,52.581168635562136,52.393615050620575
826.3499992772655,72.53001204255642,55.889223007466235,49.918962733971675

68.0,58.0,62.46591483007028,929.5340851699292
65.0,61.0,889.7390420047423,49.26095799525773
1214.0,1.0,44.21194835734937,71.25359326270399
1.0,1161.0,64.8829098736742,54.105044147363444

798.0,59.0,16.804757030130826,98.19524296986917
54.0,699.0,53.27880067908648,50.721199320913534
23.1010298793858,26.42646134201534,14.72770446040452,394.6241462869438
35.39370287168833,22.063179005792925,383.73917759654273,10.993528895966332

Iteration: ,15000
Error:,0.035875010203507876
Absolute Error:,0.03361055809822779
Transition Probabilities
0.048862115127175317,0.05689424364123153,0.8552534939515428,0.03899014728005032
0.0617529880478088,0.06042496679946883,0.04820670580131076,0.8296153393514116
0.08706880082582144,0.8070586484236398,0.05372496542280117,0.0521475853277377
0.8184728674869458,0.07153783591021741,0.05765668514952904,0.05233261145330783

0.05559515324305064,0.05274411974340702,0.04657056867844614,0.8450901583350962
0.05657237936772046,0.05990016638935107,0.8389778245413632,0.04454962970156528
0.9110360277312501,0.0005981851790750165,0.03245695267524121,0.055908834414433596
0.000661366445003328,0.9067333960995626,0.052702716331359374,0.03990252112407456

0.8194566170026293,0.06397896581945661,0.01597470984955048,0.10058970732836363
0.06635071090047394,0.8113744075829384,0.0628916322553621,0.059383249261225596
0.0482964989211556,0.055820282390171526,0.03141520689047995,0.864468011798193
0.066182900947604,0.04698025193884538,0.8536742666282817,0.03316258048526889

Transition Gammas
73.0,85.0,1277.7487199636064,58.251280036395244
93.0,91.0,72.59929893677396,1249.4007010632251
92.3887290630584,856.3701590007089,57.007575931806564,55.33381746895817
884.7191654312542,77.32803003913261,62.32335413102438,56.568355737885284

78.0,74.0,65.33850785585989,1185.6614921441392
68.0,72.0,1008.4513450987188,53.54865490128147
1523.0,1.0,54.25903852287,93.46409167289356
1.0,1371.0,79.687617552315,60.33345269561381

935.0,73.0,18.227143938337097,114.7728560616629
70.0,856.0,66.35067202940701,62.649327970593006
30.410923608010645,35.148434803035,19.781256989991686,544.3307746029608
52.90076229531843,37.551861656209354,682.3517677516966,26.507236192917087

Iteration: ,17500
Error:,0.03866966669278524
Absolute Error:,0.03405529745809836
Transition Probabilities
0.05176470588235291,0.05941176470588231,0.8520187857239895,0.03680474368777528
0.06231799650553292,0.06231799650553292,0.04430719754357346,0.8310568094453606
0.0839415595498595,0.8106616831894766,0.053988924749813746,0.05140783251085009
0.822387623839975,0.07127719463687537,0.05617252249301463,0.050162659030135066

0.05768025078369909,0.05329153605015676,0.04310256776556638,0.8459256454005777
0.06254392129304286,0.05903021784961349,0.8391057292231271,0.03932013163421648
0.9094405550834475,0.0005181997464862948,0.031409991995017275,0.05863125317504905
0.0005524303530659222,0.9048809183219806,0.053852547278405015,0.04071410404654851

0.8182546036829463,0.0656525220176141,0.016410794147305372,0.09968208015213417
0.06595218466611706,0.8112118713932399,0.06184720679252031,0.06098873714812274
0.058002660056682774,0.06518633166045876,0.03743070697782045,0.8393803013050379
0.0642734555594516,0.047602571084281224,0.8529452493148456,0.03517872404142154

Transition Gammas
88.0,101.0,1448.4319357307832,62.56806426921802
107.0,107.0,76.0754581823156,1426.9245418176838
96.05466999327734,927.6434804467516,61.77974745697851,58.82619304882387
938.1606187239432,81.31136106986185,64.08030341126057,57.224391355513696

92.0,85.0,68.74859558607835,1349.251404413921
89.0,84.0,1194.04745268451,55.95254731549006
1755.0,1.0,60.6136768842437,113.14411782831645
1.0,1638.0,97.48296229475777,73.69997651394445

1022.0,82.0,20.49708188998441,124.50291811001559
80.0,984.0,75.02066183932713,73.97933816067288
54.86818167214588,61.663645849889285,35.40794212832464,794.0199780323543
69.83151790640147,51.719014733663336,926.7038924897336,38.220812564692366

Iteration: ,17823
Error:,0.03807385338649537
Absolute Error:,0.0341114710050301
Transition Probabilities
0.05202312138728321,0.060115606936416155,0.8516703853503963,0.03619088632590435
0.06152961472110411,0.06152961472110411,0.04376754896735721,0.8331732215904345
0.08366007138264903,0.8105669433875621,0.05375535048999125,0.052017634739797654
0.8223827559491755,0.07112894625092642,0.05581710633827506,0.05067119146162307

0.0572495332918482,0.052893590541381486,0.042799896772427674,0.8470569793943427
0.06310013717421123,0.05829903978052124,0.840184970730622,0.03841585231464549
0.9102394431429568,0.000510796544973601,0.030961256730617902,0.05828850358145173
0.0005365548538565986,0.9046314836022251,0.05425276066130532,0.040579200882612854

0.8186856690419636,0.06492478226444973,0.016270408803520854,0.10011913989006584
0.06704361873990307,0.8101777059773829,0.061826952184519085,0.06095172309819498
0.05578794274506701,0.06743641564459531,0.03934442533635239,0.8374312162739853
0.06387065274200174,0.0466659872519683,0.8545032891960971,0.03496007080993282

*,*,*,*,*,*,*,*,*,*,*
Model Num 1
Model States: 
['rose'],['volcano'],"['nothing', 'f', 'rose']","['nothing', 'f', 'volcano']"
Iteration: ,17823
Error:,0.038393526831906305
Absolute Error:,0.0341114710050301
Transition Probabilities
0.05202312138728321,0.060115606936416155,0.8516703853503963,0.03619088632590435
0.06152961472110411,0.06152961472110411,0.04376754896735721,0.8331732215904345
0.08366007138264903,0.8105669433875621,0.05375535048999125,0.052017634739797654
0.8223827559491755,0.07112894625092642,0.05581710633827506,0.05067119146162307

0.0572495332918482,0.052893590541381486,0.042799896772427674,0.8470569793943427
0.06310013717421123,0.05829903978052124,0.840184970730622,0.03841585231464549
0.9102394431429568,0.000510796544973601,0.030961256730617902,0.05828850358145173
0.0005365548538565986,0.9046314836022251,0.05425276066130532,0.040579200882612854

0.8186856690419636,0.06492478226444973,0.016270408803520854,0.10011913989006584
0.06704361873990307,0.8101777059773829,0.061826952184519085,0.06095172309819498
0.05578794274506701,0.06743641564459531,0.03934442533635239,0.8374312162739853
0.06387065274200174,0.0466659872519683,0.8545032891960971,0.03496007080993282

Transition Gammas
90.0,104.0,1473.3897666561863,62.61023334381456
107.0,107.0,76.11176765423416,1448.8882323457651
96.14853284632902,931.5653344829813,61.77974745697851,59.78263202157711
944.1287801993283,81.6589170613653,64.08030341126057,58.17258428612455

92.0,85.0,68.77943411329123,1361.2205658867078
92.0,85.0,1224.9896873252474,56.010312674753145
1782.0,1.0,60.6136768842437,114.11295584323932
1.0,1686.0,101.11316722111901,75.6291748941259

1034.0,82.0,20.549526318846837,126.45047368115316
83.0,1003.0,76.54176680443463,75.45823319556538
55.81854789027936,67.47341111694736,39.366009603336714,837.8906292352508
70.78661407882147,51.719014733663336,947.0295349217688,38.74557303472812

