0,1,2,3,4,5,6,7,8,9,10,11,12,13,14,15,16,17,18,19,20,21,22,23,24,25,26,27,28,29
github Code Version (SHA):,528ca1c557fe8e6666681dc5c9134b0f84d30530
Environment Observations,Environment Actions,alpha,epsilon,numActions,explore,patience,gainThresh,insertRandActions,useUpdatedPosterior,revisedSplitting,haveControl,confidence_factor
"['rose', 'volcano', 'nothing']","['b', 'f', 't']",0.85,0.99,75000,0.5,0,0.01,False,True,False,True,250

Model Num 0
Model States: 
['rose'],['volcano'],['nothing']
Iteration: ,0
Error:,0.6157419737657082
Absolute Error:,1
Transition Probabilities
0.3333333333333333,0.3333333333333333,0.3333333333333333
0.3333333333333333,0.3333333333333333,0.3333333333333333
0.3333333333333333,0.3333333333333333,0.3333333333333333

0.3333333333333333,0.3333333333333333,0.3333333333333333
0.3333333333333333,0.3333333333333333,0.3333333333333333
0.3333333333333333,0.3333333333333333,0.3333333333333333

0.3333333333333333,0.3333333333333333,0.3333333333333333
0.3333333333333333,0.3333333333333333,0.3333333333333333
0.3333333333333333,0.3333333333333333,0.3333333333333333

Transition Gammas
1.0,1.0,1.0
1.0,1.0,1.0
1.0,1.0,1.0

1.0,1.0,1.0
1.0,1.0,1.0
1.0,1.0,1.0

1.0,1.0,1.0
1.0,1.0,1.0
1.0,1.0,1.0

Iteration: ,2500
Error:,0.1521587406742802
Absolute Error:,1
Transition Probabilities
0.04371584699453552,0.07923497267759563,0.8770491803278688
0.06086956521739131,0.06956521739130435,0.8695652173913043
0.43061516452074394,0.4563662374821173,0.11301859799713877

0.08461538461538462,0.05384615384615385,0.8615384615384616
0.039473684210526314,0.05263157894736842,0.9078947368421053
0.4891304347826087,0.4166666666666667,0.09420289855072464

0.8523489932885906,0.06711409395973154,0.08053691275167785
0.0851063829787234,0.8156028368794326,0.09929078014184398
0.056179775280898875,0.0449438202247191,0.898876404494382

Transition Gammas
16.0,29.0,321.0
21.0,24.0,300.0
301.0,319.0,79.0

11.0,7.0,112.0
6.0,8.0,138.0
135.0,115.0,26.0

127.0,10.0,12.0
12.0,115.0,14.0
15.0,12.0,240.0

Iteration: ,5000
Error:,0.1543938758456892
Absolute Error:,1
Transition Probabilities
0.04597701149425287,0.06896551724137931,0.8850574712643678
0.05967976710334789,0.056768558951965066,0.883551673944687
0.4274353876739563,0.46421471172962225,0.10834990059642147

0.06584362139917696,0.053497942386831275,0.8806584362139918
0.04895104895104895,0.06293706293706294,0.8881118881118881
0.4628975265017668,0.45111896348645464,0.08598351001177856

0.8206106870229007,0.08396946564885496,0.09541984732824428
0.07216494845360824,0.7972508591065293,0.13058419243986255
0.05390070921985816,0.059574468085106386,0.8865248226950354

Transition Gammas
32.0,48.0,616.0
41.0,39.0,607.0
430.0,467.0,109.0

16.0,13.0,214.0
14.0,18.0,254.0
393.0,383.0,73.0

215.0,22.0,25.0
21.0,232.0,38.0
38.0,42.0,625.0

Iteration: ,5159
Error:,0.15323510712832938
Absolute Error:,1
Transition Probabilities
0.047619047619047616,0.06862745098039216,0.8837535014005602
0.0594059405940594,0.05799151343705799,0.8826025459688827
0.4281524926686217,0.4633431085043988,0.10850439882697947

0.0625,0.05859375,0.87890625
0.048109965635738834,0.061855670103092786,0.8900343642611683
0.4646118721461187,0.4497716894977169,0.08561643835616438

0.8185185185185185,0.08518518518518518,0.0962962962962963
0.0707070707070707,0.8013468013468014,0.12794612794612795
0.06133333333333333,0.05733333333333333,0.8813333333333333


Model Num 1
Model States: 
['rose'],['volcano'],"['nothing', 'f', 'rose']","['nothing', 'f', 'volcano']"
Iteration: ,0
Error:,0.5783949139984863
Absolute Error:,0.6
Transition Probabilities
0.25,0.25,0.25,0.25
0.25,0.25,0.25,0.25
0.25,0.25,0.25,0.25
0.25,0.25,0.25,0.25

0.25,0.25,0.25,0.25
0.25,0.25,0.25,0.25
0.25,0.25,0.25,0.25
0.25,0.25,0.25,0.25

0.25,0.25,0.25,0.25
0.25,0.25,0.25,0.25
0.25,0.25,0.25,0.25
0.25,0.25,0.25,0.25

Transition Gammas
1.0,1.0,1.0,1.0
1.0,1.0,1.0,1.0
1.0,1.0,1.0,1.0
1.0,1.0,1.0,1.0

1.0,1.0,1.0,1.0
1.0,1.0,1.0,1.0
1.0,1.0,1.0,1.0
1.0,1.0,1.0,1.0

1.0,1.0,1.0,1.0
1.0,1.0,1.0,1.0
1.0,1.0,1.0,1.0
1.0,1.0,1.0,1.0

Iteration: ,2500
Error:,0.052996274284944626
Absolute Error:,0.05281709618511551
Transition Probabilities
0.0672782874617737,0.07951070336391437,0.7782879194636397,0.07492308971067237
0.05813953488372093,0.05232558139534884,0.062013337346204116,0.8275215463747262
0.05273365807665862,0.8342093251276248,0.0547065456433748,0.058350471152341855
0.8473685233202616,0.03939663552927309,0.03980327775505918,0.07343156339540617

0.07567567567567567,0.07567567567567567,0.04324937699178602,0.8053992716568626
0.0662650602409638,0.05421686746987948,0.8132387491360831,0.06627932315307351
0.9094233001092796,0.003711931837180733,0.027637526587582263,0.05922724146595745
0.0032060751228158192,0.8848767338971661,0.03293244274690914,0.07898474823310893

0.7866666666666666,0.06,0.06695639609129059,0.08637693724204275
0.08333333333333333,0.8194444444444444,0.07261693580912731,0.024605286413094913
0.07816186082922623,0.020850543648699274,0.061666653355088634,0.8393209421669858
0.03263131885792474,0.1412783291666541,0.746713041930994,0.07937731004442733

Transition Gammas
22.0,26.0,254.50014966461018,24.499850335389866
20.0,18.0,21.332588047094216,284.6674119529058
8.80086140502951,139.22342809138618,9.130121893978226,9.738266379764726
179.42582263887232,8.342030113823354,8.428134463788446,15.548746864296245

14.0,14.0,8.001134743480415,148.99886525651962
11.0,9.0,134.9976323565899,11.002367643410212
245.0,1.0,7.445591082990729,15.955907614656365
1.0,276.0,10.271887427885769,24.635963041233577

118.0,9.0,10.043459413693588,12.956540586306412
12.0,118.0,10.456838756514333,3.5431612434856676
6.324871920041415,1.6872297645189194,4.990076746774262,67.91800249757726
2.9830943934284293,12.915401718359622,68.26311552354765,7.2565258422417465

Iteration: ,5000
Error:,0.04265595218385902
Absolute Error:,0.03804840056824648
Transition Probabilities
0.05772230889235572,0.06396255850234012,0.7993789455982329,0.07893618700707135
0.045101088646967324,0.05443234836702953,0.057614401681173266,0.8428521613048299
0.05969256503749556,0.8272072194509225,0.060872733521242534,0.052227481990339455
0.8489560797543096,0.039883270357478774,0.044753445841106014,0.06640720404710555

0.05817174515235455,0.06648199445983377,0.03672907484433515,0.8386171855434766
0.0748502994011976,0.04790419161676647,0.8369353588232125,0.04031015015882358
0.9174440591205116,0.0018877449776142214,0.024709407348038292,0.05595878855383579
0.001711034751295486,0.8863160011710618,0.027589419967339608,0.08438354411030306

0.8126888217522659,0.06646525679758308,0.04806923560850356,0.07277668584164748
0.0755287009063444,0.8640483383685801,0.04610186308620621,0.014321097638869323
0.050308708627497714,0.02336534470225876,0.045242235566635695,0.8810837111036077
0.041164195810832194,0.09439003511160336,0.8079406200307218,0.056505149046842666

Transition Gammas
37.0,41.0,512.4019041284671,50.59809587153271
29.0,35.0,37.046060280994425,541.9539397190058
20.748542498263127,287.52901030248034,21.158757336991428,18.15375380456754
357.2538529796113,16.783497220209973,18.832942412611683,27.945178881689095

21.0,24.0,13.259196018804994,302.74080398119514
25.0,16.0,279.53640984695295,13.463590153047077
486.0,1.0,13.089377877337355,29.64319291928822
1.0,518.0,16.12440655951065,49.317259071689364

269.0,22.0,15.91091698641468,24.089083013585316
25.0,286.0,15.259716681534254,4.740283318465746
8.17619921118012,3.797348771920996,7.3527932010913695,143.19421309437976
7.74138182071886,17.751088961580002,151.94216004774438,10.62641756973496

Iteration: ,7500
Error:,0.040869899200327534
Absolute Error:,0.03493639413225694
Transition Probabilities
0.05851619644723093,0.06687565308254964,0.802865862314768,0.07174228815545142
0.048387096774193554,0.05745967741935484,0.05107867127277883,0.8430745545336727
0.06262442389689062,0.8370790451485453,0.049793424693475606,0.0505031062610884
0.8413659483104973,0.04359351746891221,0.04451073742684473,0.07052979679374563

0.06614785992217893,0.07003891050583651,0.03200302315157328,0.8318102064204113
0.072289156626506,0.06224899598393572,0.8319246790132448,0.03353716837631341
0.9128428981983264,0.0012696006929044873,0.025512172160164714,0.06037532894860435
0.0011490924180799485,0.8859502543396403,0.02751372316168559,0.08538693008059421

0.816,0.068,0.047959897612944544,0.06804010238705543
0.06237424547283702,0.8631790744466801,0.05513342774745919,0.019313252333023705
0.047935911974574696,0.038204349636251606,0.03480098906891916,0.8790587493202545
0.05356996367464981,0.06527101860343434,0.8410090971375904,0.04014992058432548

Transition Gammas
56.0,64.0,768.342630235233,68.65736976476701
48.0,57.0,50.670041902596594,836.3299580974033
33.344108920031715,445.69918762151025,26.51229780914734,26.890164750134797
510.1955970014308,26.434657493692725,26.99085017650654,42.76853829636464

34.0,36.0,16.44955389990868,427.5504461000918
36.0,31.0,414.2984901485961,16.701509851404083
719.0,1.0,20.094642593333877,47.55458096866871
1.0,771.0,23.943873207047226,74.30814853279573

408.0,34.0,23.979948806472272,34.02005119352772
31.0,429.0,27.401313590487216,9.598686409512782
11.922918273821901,9.50242354123037,8.655918525905419,218.64496145588308
16.038844008808258,19.542139174006987,251.79807477378623,12.020883888012936

Iteration: ,10000
Error:,0.03959672931850435
Absolute Error:,0.034717071103649536
Transition Probabilities
0.05994787141615987,0.06168549087749784,0.8117452282250327,0.06662140948130972
0.046232876712328765,0.059075342465753425,0.04629974324332071,0.8483920375785972
0.06268907892027555,0.8389459519388657,0.04828714040018228,0.050077828740676573
0.8411454736140604,0.04256564157350734,0.04725323014299861,0.06903565466943354

0.0679012345679012,0.07407407407407403,0.03661301449689763,0.8214116768611271
0.06743002544529252,0.061068702290076236,0.8372664251004119,0.03423484716421927
0.9093814289924024,0.0009562370441560487,0.02451468482460312,0.06514764913883858
0.0008949015628899038,0.8868474488238947,0.02881462683547919,0.08344302277773631

0.8246376811594203,0.06231884057971015,0.04942243318537678,0.06362104507549278
0.06323529411764706,0.85,0.06614595128774926,0.020618754594603668
0.045709737948149205,0.03560864806056639,0.02946208474625177,0.8892195292450326
0.05343717997883118,0.07420075027800924,0.8393535805157907,0.033008489227368924

Transition Gammas
69.0,71.0,934.3187576870124,76.68124231298748
54.0,69.0,54.07810010819859,990.9218998918014
45.57260585414749,609.8821973324096,35.10293746826224,36.404700635858724
689.8403993151728,34.908942746861364,38.75332885133537,56.617535346801795

55.0,60.0,29.6565417424871,665.3434582575134
53.0,48.0,658.0914101289248,26.90858987107639
951.0,1.0,25.6366190521715,68.12918359206246
1.0,991.0,32.198655170997995,93.24268303686266

569.0,43.0,34.10147889790998,43.89852110209002
43.0,578.0,44.9792468756695,14.020753124330493
15.631682616030274,12.177341412460088,10.07535765097603,304.0926962412615
21.32111475169077,29.605654938484825,334.89705135093334,13.170189498687597

Iteration: ,12500
Error:,0.036225735207840566
Absolute Error:,0.032191291326819034
Transition Probabilities
0.058466211085801086,0.060744115413819307,0.8189764223784655,0.06181325112191414
0.04697986577181208,0.061894108873974646,0.044299102510480935,0.8468269228437323
0.06526083223951175,0.8333765878217443,0.050700379344372215,0.050662200594371716
0.834826738618395,0.046568371436292555,0.045973694269622466,0.07263119567568992

0.06128133704735374,0.06685236768802226,0.03425419326123222,0.8376121020033918
0.06368821292775656,0.05893536121672995,0.8382577077384985,0.039118718117015026
0.9088108599145346,0.0007780914896528549,0.026317661009753905,0.06409338758605858
0.0007356822262400548,0.8909111759767063,0.028473803157301723,0.07987933863975173

0.8254817987152034,0.061027837259100645,0.05151056340505074,0.06197980062064519
0.06373626373626373,0.8472527472527472,0.06780767503599258,0.021203313974996436
0.050880597952995744,0.03578110818426445,0.02859368167246799,0.8847446121902718
0.05122499718125488,0.06284865161588385,0.8539101615780006,0.03201618962486067

Transition Gammas
77.0,80.0,1078.5919482724387,81.40805172756089
63.0,83.0,59.40509646655494,1135.594903533445
59.60998100779528,761.2155847181865,46.31029893572585,46.27542603441073
846.7139580063983,47.231465252287684,46.628320390923314,73.66540183784375

66.0,72.0,36.891766142347116,902.1082338576533
67.0,62.0,881.8471085409018,41.15289145909987
1168.0,1.0,33.82335028686089,82.37255957477932
1.0,1211.0,38.703943281090844,108.57858976422644

771.0,57.0,48.11086622031739,57.88913377968261
58.0,771.0,61.704984282753244,19.295015717246756
22.53916288041088,15.850368467598868,12.666471592211899,391.92548287550903
26.49371524835711,32.50550261159888,441.64478113050717,16.5588649669826

Iteration: ,15000
Error:,0.036113948012466486
Absolute Error:,0.030436066311316987
Transition Probabilities
0.055186170212765964,0.06449468085106384,0.8224201884644273,0.05789896047174286
0.04888888888888883,0.06476190476190469,0.04055775193773278,0.8457914544114736
0.06439030700005334,0.8336562259726609,0.05236563377274049,0.04958783325454535
0.8385170430418525,0.04737231411374454,0.043424582951749405,0.07068605989265359

0.05974607916355483,0.06348020911127701,0.027758188842803566,0.8490155228823647
0.062184873949579764,0.05714285714285708,0.8450756379137208,0.03559663099384248
0.9072830873674536,0.0006101433001798612,0.029363603451988334,0.06274316588037826
0.0006504450654631201,0.8917601847499377,0.02732621328484776,0.08026315689975139

0.824669603524229,0.05814977973568282,0.05509957922158582,0.06208103751850228
0.05674418604651163,0.8558139534883721,0.06705849321882988,0.0203833672462864
0.06354962957134824,0.04243072361388728,0.029935158030859423,0.8640844887839051
0.05453432690674988,0.06372999001660194,0.8428197550044069,0.038915928072241264

Transition Gammas
83.0,97.0,1236.9199634504985,87.08003654950124
77.0,102.0,63.878459301929205,1332.1215406980725
67.32547124740266,871.6575659733087,54.752665970605435,51.84824234487847
911.101719479032,51.47301083846806,47.18355163238345,76.80486788648379

80.0,85.0,37.16821486051401,1136.8317851394875
74.0,68.0,1005.6400091173289,42.3599908826726
1487.0,1.0,48.12574921880218,102.83349151237506
1.0,1371.0,42.0115621376747,123.39728773651872

936.0,66.0,62.538022416499906,70.46197758350009
61.0,920.0,72.08788021024212,21.91211978975788
36.55708098553253,24.408378300397953,17.220273411982774,497.0667311184065
47.99879323034051,56.09242447622333,741.81407281467,34.25214339035171

Iteration: ,17500
Error:,0.0376554984210565
Absolute Error:,0.029976935209195296
Transition Probabilities
0.056891495601172994,0.0633431085043988,0.8270865656331703,0.05267883026125787
0.05236486486486477,0.06418918918918906,0.03782364233742355,0.8456223036085226
0.06523634039691811,0.8302030742781944,0.05320571519371917,0.051354870131168275
0.8399297786208167,0.04994524303437277,0.04166632573288356,0.06845865261192695

0.05799999999999994,0.0646666666666666,0.027527260640477814,0.8498060726928557
0.06048109965635733,0.05979381443298964,0.8476314070357924,0.032093678874860504
0.9063954748914284,0.000536011516789727,0.02980202996497171,0.06326648362681034
0.0005289537526218576,0.8965766106940486,0.02709695686760214,0.07579747868572735

0.8242914979757086,0.05668016194331984,0.05679431311646275,0.0622340269645089
0.05475040257648953,0.855877616747182,0.06943166262562069,0.01994031805070782
0.05961703465947688,0.040696986179610636,0.03770226289768424,0.8619837162632281
0.056038699275742114,0.06361489292966863,0.8420867771557999,0.038259630638789295

Transition Gammas
97.0,108.0,1410.182594404556,89.81740559544473
93.0,114.0,67.17478879126436,1501.8252112087391
72.56149991899503,923.4236614203533,59.17999806901357,57.12132811543807
980.5451394078975,58.30673770647356,48.6418200834017,79.91953705851748

87.0,97.0,41.290890960716766,1274.7091090392848
88.0,87.0,1233.3036972370792,46.69630276292207
1691.0,1.0,55.59960752981882,118.03194827925549
1.0,1695.0,51.22745936349074,143.29698638117804

1018.0,70.0,70.1409766988315,76.85902330116849
68.0,1063.0,86.2341249810209,24.76587501897911
55.6042709377068,37.9577122345091,35.16456081893088,803.9644436654792
62.491217754372535,70.93976444613632,939.047994322384,42.66499651760132

Iteration: ,17896
Error:,0.03686931062075415
Absolute Error:,0.029576780634010882
Transition Probabilities
0.05689655172413791,0.06264367816091952,0.828776842569636,0.051682927545306505
0.05268996117581798,0.06378258458125334,0.03727687259515084,0.8462505816477779
0.06540786625811744,0.8309412553151585,0.05274281030481617,0.05090806812190776
0.8389511221105367,0.04999508803474861,0.04157211634773571,0.06948167350697894

0.05797101449275357,0.06455862977602102,0.027867333041629694,0.8496030226895958
0.060927152317880734,0.060927152317880734,0.8458579589995774,0.0322877363646611
0.9059974048827262,0.0005279705156659244,0.030358745824368535,0.06311587877723938
0.0005109842348552633,0.8962663479361318,0.02649878965439269,0.07672387817462026

0.8234349919743178,0.056179775280898875,0.056652463218719244,0.06373276952606405
0.05362776025236593,0.8564668769716088,0.06958527206705119,0.020320090708974062
0.0631288403689843,0.04249526056847514,0.04020415136189225,0.8541717477006484
0.05550196733220425,0.06315031483507641,0.8437500729503546,0.0375976448823649

*,*,*,*,*,*,*,*,*,*,*
Model Num 1
Model States: 
['rose'],['volcano'],"['nothing', 'f', 'rose']","['nothing', 'f', 'volcano']"
Iteration: ,17896
Error:,0.03738215549903987
Absolute Error:,0.029576780634010882
Transition Probabilities
0.05689655172413791,0.06264367816091952,0.828776842569636,0.051682927545306505
0.05268996117581798,0.06378258458125334,0.03727687259515084,0.8462505816477779
0.06540786625811744,0.8309412553151585,0.05274281030481617,0.05090806812190776
0.8389511221105367,0.04999508803474861,0.04157211634773571,0.06948167350697894

0.05797101449275357,0.06455862977602102,0.027867333041629694,0.8496030226895958
0.060927152317880734,0.060927152317880734,0.8458579589995774,0.0322877363646611
0.9059974048827262,0.0005279705156659244,0.030358745824368535,0.06311587877723938
0.0005109842348552633,0.8962663479361318,0.02649878965439269,0.07672387817462026

0.8234349919743178,0.056179775280898875,0.056652463218719244,0.06373276952606405
0.05362776025236593,0.8564668769716088,0.06958527206705119,0.020320090708974062
0.0631288403689843,0.04249526056847514,0.04020415136189225,0.8541717477006484
0.05550196733220425,0.06315031483507641,0.8437500729503546,0.0375976448823649

Transition Gammas
99.0,109.0,1442.071706071167,89.92829392883334
95.0,115.0,67.2102012890571,1525.7897987109463
73.39080675608643,932.3564975172437,59.17999806901357,57.12132811543807
991.4715660674262,59.08414319155065,49.129883986967386,82.11336969387051

88.0,98.0,42.30261155719391,1289.6973884428076
92.0,92.0,1277.2455180893633,48.75448191063831
1716.0,1.0,57.50083560268006,119.54432473872505
1.0,1754.0,51.858331132072,150.14920802077654

1026.0,70.0,70.58896917052418,79.4110308294758
68.0,1086.0,88.2341249810209,25.76587501897911
63.1556147243097,42.51328376040225,40.221202843082594,854.5340210728217
63.20167676587381,71.91106870105166,960.8023272870337,42.81351298397236

