0,1,2,3,4,5,6,7,8,9,10,11,12,13,14,15,16,17,18,19,20,21,22,23,24,25,26,27,28,29
github Code Version (SHA):,ddb97f21bb9c22f159e8ea0ce9d830001061547e
Environment Observations,Environment Actions,alpha,epsilon,numActions,explore,patience,gainThresh,insertRandActions,useBudd,revisedSplitting,haveControl,confidence_factor
"['rose', 'volcano', 'nothing']","['b', 'f', 't']",0.99,0.99,75000,0.5,0,0.01,False,True,False,True,250

Model Num 0
Model States: 
['rose'],['volcano'],['nothing']
Iteration: ,0
Error:,0.7883631122060347
Absolute Error:,1
Transition Probabilities
0.3333333333333333,0.3333333333333333,0.3333333333333333
0.3333333333333333,0.3333333333333333,0.3333333333333333
0.3333333333333333,0.3333333333333333,0.3333333333333333

0.3333333333333333,0.3333333333333333,0.3333333333333333
0.3333333333333333,0.3333333333333333,0.3333333333333333
0.3333333333333333,0.3333333333333333,0.3333333333333333

0.3333333333333333,0.3333333333333333,0.3333333333333333
0.3333333333333333,0.3333333333333333,0.3333333333333333
0.3333333333333333,0.3333333333333333,0.3333333333333333

Transition Gammas
1.0,1.0,1.0
1.0,1.0,1.0
1.0,1.0,1.0

1.0,1.0,1.0
1.0,1.0,1.0
1.0,1.0,1.0

1.0,1.0,1.0
1.0,1.0,1.0
1.0,1.0,1.0

Iteration: ,2500
Error:,0.24545224963042933
Absolute Error:,1
Transition Probabilities
0.005747126436781609,0.011494252873563218,0.9827586206896551
0.011627906976744186,0.02616279069767442,0.9622093023255814
0.5114285714285715,0.47285714285714286,0.015714285714285715

0.017857142857142856,0.017857142857142856,0.9642857142857143
0.021739130434782608,0.021739130434782608,0.9565217391304348
0.5265017667844523,0.4628975265017668,0.01060070671378092

0.927536231884058,0.028985507246376812,0.043478260869565216
0.020689655172413793,0.9517241379310345,0.027586206896551724
0.01532567049808429,0.011494252873563218,0.9731800766283525

Transition Gammas
2.0,4.0,342.0
4.0,9.0,331.0
358.0,331.0,11.0

3.0,3.0,162.0
3.0,3.0,132.0
149.0,131.0,3.0

128.0,4.0,6.0
3.0,138.0,4.0
4.0,3.0,254.0

Iteration: ,5000
Error:,0.2382092368573114
Absolute Error:,1
Transition Probabilities
0.008968609865470852,0.007473841554559043,0.9835575485799701
0.01636904761904762,0.019345238095238096,0.9642857142857143
0.5087719298245614,0.4775828460038986,0.01364522417153996

0.013377926421404682,0.020066889632107024,0.9665551839464883
0.01824817518248175,0.01824817518248175,0.9635036496350365
0.49239766081871345,0.49707602339181284,0.010526315789473684

0.9509433962264151,0.018867924528301886,0.03018867924528302
0.017241379310344827,0.9655172413793104,0.017241379310344827
0.01037037037037037,0.01037037037037037,0.9792592592592593

Transition Gammas
6.0,5.0,658.0
11.0,13.0,648.0
522.0,490.0,14.0

4.0,6.0,289.0
5.0,5.0,264.0
421.0,425.0,9.0

252.0,5.0,8.0
5.0,280.0,5.0
7.0,7.0,661.0

Iteration: ,7013
Error:,0.24059338808809222
Absolute Error:,1
Transition Probabilities
0.010062893081761006,0.007547169811320755,0.9823899371069182
0.016352201257861635,0.018867924528301886,0.9647798742138365
0.4911111111111111,0.4911111111111111,0.017777777777777778

0.012750455373406194,0.020036429872495445,0.9672131147540983
0.016100178890876567,0.01967799642218247,0.964221824686941
0.49318181818181817,0.49318181818181817,0.013636363636363636

0.940809968847352,0.01557632398753894,0.04361370716510903
0.014124293785310734,0.9519774011299436,0.03389830508474576
0.007035175879396985,0.008040201005025126,0.9849246231155779


Model Num 1
Model States: 
['rose'],['volcano'],"['nothing', 'f', 'rose']","['nothing', 'f', 'volcano']"
Iteration: ,0
Error:,0.7490901757864281
Absolute Error:,0.7399999999999999
Transition Probabilities
0.25,0.25,0.25,0.25
0.25,0.25,0.25,0.25
0.25,0.25,0.25,0.25
0.25,0.25,0.25,0.25

0.25,0.25,0.25,0.25
0.25,0.25,0.25,0.25
0.25,0.25,0.25,0.25
0.25,0.25,0.25,0.25

0.25,0.25,0.25,0.25
0.25,0.25,0.25,0.25
0.25,0.25,0.25,0.25
0.25,0.25,0.25,0.25

Transition Gammas
1.0,1.0,1.0,1.0
1.0,1.0,1.0,1.0
1.0,1.0,1.0,1.0
1.0,1.0,1.0,1.0

1.0,1.0,1.0,1.0
1.0,1.0,1.0,1.0
1.0,1.0,1.0,1.0
1.0,1.0,1.0,1.0

1.0,1.0,1.0,1.0
1.0,1.0,1.0,1.0
1.0,1.0,1.0,1.0
1.0,1.0,1.0,1.0

Iteration: ,2500
Error:,0.035183518108920786
Absolute Error:,0.02854998606673968
Transition Probabilities
0.014577259475218662,0.014577259475218662,0.9647103117495898,0.006135169299972893
0.006172839506172842,0.012345679012345684,0.004017811956809122,0.9774636695246722
0.011000882384248987,0.9726250098886926,0.008187053863529272,0.008187053863529272
0.9866048037414228,0.004964587120306464,0.004215304569135361,0.004215304569135361

0.018404907975460117,0.024539877300613487,0.018986494199835037,0.9380687205240913
0.005494505494505493,0.016483516483516477,0.9662773210516338,0.011744656970344202
0.9768706927781058,0.0038919151106697443,0.009618696055612207,0.009618696055612207
0.003907686187214592,0.969106174429219,0.01538058494413686,0.011605554439429473

0.9710982658959537,0.011560693641618497,0.008670520231213872,0.008670520231213872
0.006024096385542169,0.9698795180722891,0.012048192771084338,0.012048192771084338
0.020639955475726644,0.010711491936827673,0.024401136409496222,0.9442474161779495
0.02344149561496891,0.035389357164700035,0.9004482633655041,0.040720883854827084

Transition Gammas
5.0,5.0,330.8956369301092,2.104363069890702
2.0,4.0,1.301771074006155,316.6982289259937
2.65273174358376,234.53693514889292,1.9742105143592825,1.9742105143592825
234.05302927939897,1.1777528856769643,1.0,1.0

3.0,4.0,3.0947985545731123,152.90520144542694
1.0,3.0,175.8624724313974,2.1375275686026454
251.0,1.0,2.471455769742358,2.471455769742358
1.0,248.0,3.93598262687009,2.9699300003672855

168.0,2.0,1.5,1.5
1.0,161.0,2.0,2.0
1.9268982880679268,1.0,2.2780334012670593,88.15274489742079
1.9391243432866585,2.927473788298511,74.4867638158403,3.3685076438817743

Iteration: ,5000
Error:,0.024337145800621723
Absolute Error:,0.019481308018804905
Transition Probabilities
0.014308426073131958,0.015898251192368842,0.9648514958802865,0.004941826854212757
0.004658385093167703,0.013975155279503108,0.003577752739431516,0.9777887068878978
0.006499003419964532,0.9812488394475031,0.008178331154367141,0.004073825978165233
0.9857310250307115,0.0027937461739715717,0.006259545164720289,0.0052156836305966014

0.01474926253687315,0.01179941002949852,0.012180438841129348,0.961270888592499
0.007772020725388602,0.012953367875647671,0.9737088045855441,0.005565806813419675
0.9776605640339628,0.0020539087479705103,0.008265141011378528,0.012020386206688088
0.0018979694384643193,0.9831481691245174,0.0074703747361259416,0.0074834867008922185

0.9659442724458205,0.015479876160990712,0.007739938080495356,0.010835913312693499
0.0084985835694051,0.9745042492917847,0.007082152974504249,0.009915014164305949
0.010070061084563937,0.005226047034719743,0.012349806815935248,0.9723540850647812
0.016901212666860253,0.022581805512045805,0.9312675790286262,0.029249402792467828

Transition Gammas
9.0,10.0,606.8915909087001,3.1084090912998237
3.0,9.0,2.304072764193896,629.695927235806
3.1494720082101937,475.5214843302107,3.9632884274883553,1.9742105143592825
461.01127206636306,1.3065922090187245,2.927493206226967,2.4392951872059943

5.0,4.0,4.129168767142851,325.8708312328573
3.0,5.0,375.85159857002,2.148401429979994
476.0,1.0,4.024103319850702,5.852444135390905
1.0,518.0,3.93598262687009,3.9428910440977596

312.0,5.0,2.5,3.5
3.0,344.0,2.5,3.5
1.9268982880679268,1.0,2.363125845192002,186.0591913170421
2.9358481399617844,3.9226032484350974,161.7671017807395,5.080807305125292

Iteration: ,7500
Error:,0.023437364813234298
Absolute Error:,0.018419328200297347
Transition Probabilities
0.014799154334038061,0.014799154334038061,0.9649976078751541,0.005404083456769765
0.006198347107438017,0.010330578512396695,0.007548481111195452,0.9759225932689698
0.007689224174247898,0.9809978646834739,0.007967901931113477,0.003345009211164611
0.9876112821579317,0.0019367325432267009,0.006584389049134105,0.0038675962497075004

0.015904572564612324,0.009940357852882702,0.010228386263052,0.963926683319453
0.011214953271028035,0.013084112149532708,0.9716802066633752,0.0040207279160640015
0.9781037167955153,0.0013718144695589276,0.00780303741077623,0.012721431324149495
0.0012898472774313496,0.9828636254026883,0.006716305131470731,0.009130222188409563

0.9564356435643564,0.023762376237623763,0.009900990099009901,0.009900990099009901
0.009345794392523364,0.9738317757009346,0.006454208594280592,0.010368221312261464
0.0063328419200795695,0.006479059942904054,0.007905859668690713,0.9792822384683257
0.010117137473221101,0.02337231198135197,0.9487164294060366,0.017794121139390405

Transition Gammas
14.0,14.0,912.8877370498953,5.112262950104195
6.0,10.0,7.306929715637198,944.6930702843628
5.388855791963967,687.5148786413038,5.584162133689072,2.344290119948334
692.969816734103,1.35893262844294,4.620018984306062,2.7137473141307473

8.0,5.0,5.144878290315156,484.8551217096849
6.0,7.0,519.8489105649059,2.1510894350942413
713.0,1.0,5.688114234051709,9.273434277333255
1.0,762.0,5.207054547454512,7.0785296431309535

483.0,12.0,5.0,5.0
5.0,521.0,3.453001597940117,5.546998402059883
1.9268982880679268,1.9713881492425505,2.4055215104933487,297.9668990089421
2.9358481399617844,6.782309604735677,275.3038961855795,5.163598655015757

Iteration: ,10000
Error:,0.021136829262005618
Absolute Error:,0.016808674091507488
Transition Probabilities
0.018404907975460117,0.012269938650306744,0.9648417501917798,0.004483403182453386
0.00607638888888889,0.008680555555555558,0.008086873229421615,0.9771561823261339
0.007778976857875755,0.9817817729624326,0.007807241893080825,0.0026320082866108045
0.9866272759170007,0.0035833490341231245,0.0060597763463755465,0.003729598702500579

0.018963337547408348,0.015170670037926678,0.009047877144141197,0.9568181152705239
0.010752688172043001,0.009557945041816002,0.9723339552009916,0.007355411585149315
0.9807776213021671,0.0010313119046289874,0.007881318720639512,0.010309748072564334
0.0009912147596109436,0.9842762562936669,0.0060989048754980105,0.008633624071224082

0.9648876404494382,0.016853932584269662,0.007724719101123595,0.010533707865168539
0.008438818565400843,0.9732770745428974,0.006285744251086948,0.01199836264061488
0.004831186919288458,0.007404569837809664,0.007626038601427559,0.9801382046414744
0.007727739199171709,0.017852394706667937,0.9607255268525529,0.013694339241607442

Transition Gammas
21.0,14.0,1100.884436968821,5.115563031179316
7.0,10.0,9.316077960293699,1125.683922039706
7.3647944424442295,929.5079645192914,7.391554539304916,2.4918701206924214
917.9496706828938,3.3339176263477843,5.637964647183917,3.4699870805393798

15.0,12.0,7.156870821015685,756.8431291789842
9.0,8.0,813.8435205032307,6.156479496769982
951.0,1.0,7.642032139127494,9.996731373204934
1.0,993.0,6.152960109161267,8.710144787001376

687.0,12.0,5.5,7.5
6.0,692.0,4.46916416252282,8.53083583747718
1.9268982880679268,2.9532810844868393,3.041612955847903,390.9239406683497
2.9358481399617844,6.782309604735677,364.9895756479709,5.202621278263139

Iteration: ,12500
Error:,0.02210290278678801
Absolute Error:,0.017507923780796807
Transition Probabilities
0.017067494181536084,0.010861132660977508,0.968101029455776,0.003970343701710393
0.006746626686656677,0.00899550224887557,0.006989681411115052,0.9772681896533527
0.007166681561758958,0.9826533254784906,0.007749146086785502,0.0024308468729649967
0.9846826252372819,0.0033506545315572095,0.006908794710182778,0.005057925520977961

0.015594541910331383,0.01949317738791423,0.007956583764558222,0.9569556969371961
0.009918845807033361,0.013525698827772766,0.968289185662212,0.008266269702981843
0.9827358760293566,0.0008203137529460406,0.007168843866517844,0.009274966351179664
0.0007521975580466471,0.9846266034830611,0.005863927758021027,0.00875727120087113

0.9653243847874721,0.016778523489932886,0.007293258527171687,0.010603833195423393
0.007209062821833162,0.9701338825952626,0.00979535086281377,0.012861703720090451
0.009559300326872832,0.0095888881646109,0.008524864151428963,0.9723269473570872
0.00531750798935542,0.0206129673546762,0.9628038097699315,0.011265714886036907

Transition Gammas
22.0,14.0,1247.8822269684947,5.117773031504694
9.0,12.0,9.324235002427471,1303.6757649975714
7.646944350484144,1048.5041411422676,8.268441729797866,2.5937458783294174
1046.9348933783506,3.562485063548492,7.345573150064618,5.3776908216946255

16.0,20.0,8.163454942436736,981.8365450575632
11.0,15.0,1073.8327068993933,9.167293100606866
1198.0,1.0,8.739148698619227,11.306608377428681
1.0,1309.0,7.795728256880858,11.642248910794859

863.0,15.0,6.520173123291488,9.479826876708513
7.0,942.0,9.51128568779217,12.488714312207827
5.86799183730503,5.886154378954904,5.2330015319315635,596.8644560987028
2.9358481399617844,11.38062076981568,531.5733948532938,6.219911311787323

Iteration: ,15000
Error:,0.02108637632826769
Absolute Error:,0.016520306761605433
Transition Probabilities
0.016767270288397057,0.012743125419181763,0.9670555537171917,0.0034340505752295095
0.00714285714285715,0.0090909090909091,0.0067098976885853565,0.9770563360776484
0.006603569846254755,0.9831606135952287,0.007918580794399548,0.002317235764117308
0.9844155059674153,0.003787714299466041,0.006875235869413178,0.004921543863705437

0.01454234388366125,0.020530367835757058,0.006989255718744178,0.9579380325618374
0.010385756676557865,0.011869436201780418,0.9709350310003197,0.0068097761213419565
0.983907539220913,0.0006827949612914039,0.006428532467186576,0.008981133350609138
0.0006011786170316268,0.9865341105488995,0.0048494887257171555,0.0080152221083517

0.9637750238322211,0.01811248808388942,0.007168897162336976,0.010943590921552443
0.0069504778453518675,0.9713292788879235,0.008835169239444041,0.012885074027280544
0.008176002317716457,0.009818807953338617,0.009365747704943143,0.9726394420240018
0.004889772372324305,0.01789701372999713,0.9694086420846943,0.007804571812984264

Transition Gammas
25.0,19.0,1441.8798305923322,5.120169407667197
11.0,14.0,10.33324244042144,1504.6667575595773
7.646944350484144,1138.5015491302065,9.169729113099145,2.6833626883202437
1143.9183989784524,4.401430138968578,7.989216708456314,5.718971859895206

17.0,24.0,8.170439935211943,1119.829560064788
14.0,16.0,1308.8204217884308,9.179578211568955
1441.0,1.0,9.415026225483524,13.153485101329212
1.0,1641.0,8.066635419705944,13.332513634512777

1011.0,19.0,7.520173123291488,11.479826876708513
8.0,1118.0,10.169279794600092,14.830720205399906
7.849629321658359,9.426856771707195,8.991881967140822,933.8132239724501
3.921890403847919,14.354477276382092,777.52381119369,6.259734189821889

Iteration: ,16140
Error:,0.021536964280123003
Absolute Error:,0.016737216978134725
Transition Probabilities
0.016352201257861645,0.013207547169811328,0.9672194520178233,0.0032207995545037666
0.007448789571694606,0.008690254500310374,0.006415968708300504,0.9774449872196945
0.007280219193818882,0.9827170115133333,0.00773829194381658,0.0022644773490313715
0.9841472586474609,0.0036525964978394616,0.007175856752727191,0.005024288101972345

0.01596958174904943,0.02053231939163498,0.006977960102480021,0.9565201387568355
0.01078360891445004,0.012940330697340047,0.9696755961248714,0.006600464263338442
0.9848034610012951,0.0006038034708775568,0.005684825513350174,0.008907910014477266
0.0005739213087556913,0.987144651059789,0.004629613957332651,0.007651813674122671

0.9648814749780509,0.018437225636523266,0.0066024346999925265,0.010078864685433286
0.007575757575757576,0.9696969696969697,0.00882919768181423,0.013898075045458494
0.009178515121920985,0.009731829212111251,0.009091822962313159,0.9719978327036545
0.005890930794606897,0.016330843677367143,0.96957489419277,0.008203331335256043

*,*,*,*,*,*,*,*,*,*,*
Model Num 1
Model States: 
['rose'],['volcano'],"['nothing', 'f', 'rose']","['nothing', 'f', 'volcano']"
Iteration: ,16140
Error:,0.021244526477464772
Absolute Error:,0.016737216978134725
Transition Probabilities
0.016352201257861645,0.013207547169811328,0.9672194520178233,0.0032207995545037666
0.007448789571694606,0.008690254500310374,0.006415968708300504,0.9774449872196945
0.007280219193818882,0.9827170115133333,0.00773829194381658,0.0022644773490313715
0.9841472586474609,0.0036525964978394616,0.007175856752727191,0.005024288101972345

0.01596958174904943,0.02053231939163498,0.006977960102480021,0.9565201387568355
0.01078360891445004,0.012940330697340047,0.9696755961248714,0.006600464263338442
0.9848034610012951,0.0006038034708775568,0.005684825513350174,0.008907910014477266
0.0005739213087556913,0.987144651059789,0.004629613957332651,0.007651813674122671

0.9648814749780509,0.018437225636523266,0.0066024346999925265,0.010078864685433286
0.007575757575757576,0.9696969696969697,0.00882919768181423,0.013898075045458494
0.009178515121920985,0.009731829212111251,0.009091822962313159,0.9719978327036545
0.005890930794606897,0.016330843677367143,0.96957489419277,0.008203331335256043

Transition Gammas
26.0,21.0,1537.8789287083382,5.121071291660986
12.0,14.0,10.336125589072104,1574.6638744109266
8.626921596651322,1164.5010107963424,9.169729113099145,2.6833626883202437
1185.9112847412646,4.401430138968578,8.6470082865865,6.054337809271553

21.0,27.0,9.176017534761227,1257.8239824652387
15.0,18.0,1348.8187542096957,9.18124579030377
1631.0,1.0,9.415026225483524,14.752995708240423
1.0,1720.0,8.066635419705944,13.332513634512777

1099.0,21.0,7.520173123291488,11.479826876708513
9.0,1152.0,10.489086845995306,16.51091315400469
9.828032446693285,10.42050179052157,9.735205519223856,1040.7812277949097
5.896523040324511,16.346346506003897,970.4953091898226,8.211118736963725

