0,1,2,3,4,5,6,7,8,9,10,11,12,13,14,15,16,17,18,19,20,21,22,23,24,25,26,27,28,29
github Code Version (SHA):,528ca1c557fe8e6666681dc5c9134b0f84d30530
Environment Observations,Environment Actions,alpha,epsilon,numActions,explore,patience,gainThresh,insertRandActions,useUpdatedPosterior,revisedSplitting,haveControl,confidence_factor
"['diamond', 'square']","['x', 'y']",0.9,0.99,75000,0.5,0,0.01,False,True,False,True,250

Model Num 0
Model States: 
['diamond'],['square']
Iteration: ,0
Error:,0.5638726693610486
Absolute Error:,1
Transition Probabilities
0.5,0.5
0.5,0.5

0.5,0.5
0.5,0.5

Transition Gammas
1.0,1.0
1.0,1.0

1.0,1.0
1.0,1.0

Iteration: ,2452
Error:,0.10218085380808083
Absolute Error:,1
Transition Probabilities
0.46095238095238095,0.539047619047619
0.08605341246290801,0.913946587537092

0.07,0.93
0.9090909090909091,0.09090909090909091


Model Num 1
Model States: 
['square'],"['diamond', 'x', 'square']","['diamond', 'x', 'diamond']"
Iteration: ,0
Error:,0.6207647568945548
Absolute Error:,1
Transition Probabilities
0.3333333333333333,0.3333333333333333,0.3333333333333333
0.3333333333333333,0.3333333333333333,0.3333333333333333
0.3333333333333333,0.3333333333333333,0.3333333333333333

0.3333333333333333,0.3333333333333333,0.3333333333333333
0.3333333333333333,0.3333333333333333,0.3333333333333333
0.3333333333333333,0.3333333333333333,0.3333333333333333

Transition Gammas
1.0,1.0,1.0
1.0,1.0,1.0
1.0,1.0,1.0

1.0,1.0,1.0
1.0,1.0,1.0
1.0,1.0,1.0

Iteration: ,2500
Error:,0.07857984433306332
Absolute Error:,1
Transition Probabilities
0.9314285714285714,0.03384451941326662,0.03472690915816195
0.9957264957264957,0.002136752136752137,0.002136752136752137
0.0029325513196480934,0.8643474506492409,0.13271999803111093

0.10436137071651094,0.30045478699080563,0.5951838422926835
0.9074290453342553,0.05724501780400547,0.03532593686173932
0.9199567205016423,0.03898524492968202,0.04105803456867566

Transition Gammas
815.0,29.613954486608293,30.386045513391707
466.0,1.0,1.0
1.0,294.7424806713912,45.257519328608836

67.0,192.89197324809714,382.1080267519027
37.99916860985565,2.397171541723491,1.4792960816191254
98.045682616431,4.154907362397605,4.3758178362779185

Iteration: ,2829
Error:,0.07668392200866134
Absolute Error:,1
Transition Probabilities
0.9297124600638977,0.036862571338240994,0.033424968597861246
0.9963898916967509,0.0018050541516245488,0.0018050541516245488
0.002564102564102564,0.8729345973172099,0.12450130011868761

0.09986684420772307,0.3241252197940032,0.5760079359982737
0.928297516860973,0.04434014901008566,0.02736233412894144
0.9232602397890697,0.03737625902408916,0.03936350118684108


Model Num 2
Model States: 
"['diamond', 'x', 'square']","['diamond', 'x', 'diamond']","['square', 'y', 'diamond', 'x', 'diamond']","['square', 'y', 'diamond', 'x', 'square']"
Iteration: ,0
Error:,0.5629478878159815
Absolute Error:,0.65
Transition Probabilities
0.25,0.25,0.25,0.25
0.25,0.25,0.25,0.25
0.25,0.25,0.25,0.25
0.25,0.25,0.25,0.25

0.25,0.25,0.25,0.25
0.25,0.25,0.25,0.25
0.25,0.25,0.25,0.25
0.25,0.25,0.25,0.25

Transition Gammas
1.0,1.0,1.0,1.0
1.0,1.0,1.0,1.0
1.0,1.0,1.0,1.0
1.0,1.0,1.0,1.0

1.0,1.0,1.0,1.0
1.0,1.0,1.0,1.0
1.0,1.0,1.0,1.0
1.0,1.0,1.0,1.0

Iteration: ,2500
Error:,0.05284449602884811
Absolute Error:,0.09013141686695916
Transition Probabilities
0.001801801801801801,0.001801801801801801,0.0910156756814597,0.9053807207149366
0.8888242053299686,0.10592645083801042,0.0026246719160104987,0.0026246719160104987
0.05175041796142242,0.06234629284404234,0.7830559506553318,0.10284733853920333
0.051748087985357516,0.04161983343405114,0.8329205638165814,0.07371151476400999

0.03409110383972511,0.04398388544724597,0.13689022237085519,0.7850347883421737
0.18288908086112748,0.04283943848262691,0.6913088125626915,0.08296266809355408
0.0029804251971979326,0.92202369489903,0.04694289209416578,0.028052987809606196
0.9420820160848491,0.0027802331883419683,0.02799141196621848,0.027146338760590326

Transition Gammas
1.0,1.0,50.513700003210154,502.48629999679
338.64202223071806,40.357977769281966,1.0,1.0
9.964481053208925,12.004704082687553,150.77648628314748,19.803131967181645
14.21899650349062,11.436021872771162,228.8643898871114,20.253961286318898

6.3571718579106005,8.201937962506593,25.526737807330022,146.39012826901507
4.581356390131718,1.0731244004176765,17.317228732716654,2.0782079926432937
1.0683960915058333,330.51878397485916,16.82766689952127,10.056183446248593
374.63707407642033,1.1056133215017045,11.1313245548117,10.795264904238348

Iteration: ,5000
Error:,0.03456646994286328
Absolute Error:,0.06301302724967264
Transition Probabilities
0.0009496676163342822,0.0009496676163342822,0.0713513228799778,0.9267493418873537
0.8939270007449217,0.1033592950488369,0.0013568521031207602,0.0013568521031207602
0.047790255567484834,0.043777625315065946,0.82828532723177,0.08014679188567926
0.049375311559715425,0.03183717807233561,0.8348620828481577,0.08392542751979133

0.03576953427956132,0.03377803462554655,0.10160430706197915,0.828848124032913
0.09132986573497275,0.05381224145537089,0.8069350278627028,0.047922864946953574
0.0014893544008021302,0.9183627840433741,0.04608137416691932,0.03406648738890437
0.9349013526298938,0.0014545637368897867,0.03234223901986204,0.031301844613354224

Transition Gammas
1.0,1.0,75.13294299261668,975.8670570073842
658.8241995490071,76.17580045099277,1.0,1.0
21.247991429939322,19.463938756387176,368.263348366341,35.63400795627235
28.196507906426124,18.181095265580563,476.76044112316146,47.926866805691255

13.730803237274108,12.966328931216367,39.002709328669674,318.16881974844847
5.153785726652254,3.0366491804187037,45.53570943597728,2.7043089941751206
1.0773507502921882,664.3139026525088,33.333774020802274,24.64259395110319
726.5522537557002,1.1304043558133106,25.134551988062814,24.326016522030258

Iteration: ,7500
Error:,0.03497757225453635
Absolute Error:,0.061146555230802924
Transition Probabilities
0.0006729475100942123,0.0006729475100942123,0.05501503178797608,0.9436390731918354
0.9100006135525298,0.08812321383959021,0.0009380863039399627,0.0009380863039399627
0.04981775938097178,0.03855541249035786,0.8345751761842137,0.07705165194445675
0.04799987905047164,0.026357035714662417,0.8387132220973638,0.08692986313750223

0.04084313159620264,0.025939463365075684,0.08310047893832596,0.8501169261003957
0.09295612444270396,0.05493022210339402,0.8089653666668619,0.04314828678704003
0.0009942139794525192,0.9208042843503672,0.04235115004603869,0.0358503516241414
0.9447225802491843,0.000994249124093418,0.026857685804497055,0.02742548482222537

Transition Gammas
1.0,1.0,81.75233723693249,1402.247662763068
970.0606540469965,93.93934595300314,1.0,1.0
34.069280810170085,26.367207020307344,570.7477893009669,52.69394688966796
42.995687674352304,23.609202731902283,751.273804413755,77.86705547953899

26.91298654507541,17.092431487199296,54.75784995302428,560.1721635862024
8.753437934812565,5.172637013539656,76.17817729584857,4.063162622669915
1.083346188625966,1003.3552459911582,46.1479700894646,39.06436903482417
1089.6856570162245,1.146811807694672,30.978866826798242,31.63379183718939

Iteration: ,10000
Error:,0.035825008738611205
Absolute Error:,0.05959090238441573
Transition Probabilities
0.0005373455131649648,0.0005373455131649648,0.05038989071017929,0.9485354182634907
0.9158004408682381,0.08272680508168834,0.0007363770250368188,0.0007363770250368188
0.04908186086464134,0.038922253864763126,0.8393550191679093,0.07264086610268622
0.04625128177860755,0.025708393651425788,0.8509235910300831,0.07711673353988355

0.037529414855741385,0.025618611223529493,0.07392027133253594,0.8629317025881932
0.09788550825389838,0.059591186910368334,0.7929377689551681,0.049585535880565246
0.000755280525001797,0.9253346036494494,0.04021966964496688,0.03369044618058192
0.9441716979597068,0.0007276660638765375,0.029007255303288113,0.026093380673128608

Transition Gammas
1.0,1.0,93.7755866116437,1765.224413388357
1243.6569986990673,112.34300130093277,1.0,1.0
45.90104226023412,36.399842794002595,784.959443824204,67.93327323091448
52.59013118590947,29.23179083293696,967.5447157478649,87.6857673459574

37.51712148545452,25.610219430712668,73.89605754527895,862.649035272623
17.390030534003085,10.586782235842545,140.87082204168345,8.809209845151859
1.0921091111720866,1338.001336028055,58.15622965717965,48.715201855865146
1508.4734675495665,1.1625692159232976,46.34398074630057,41.68857476785427

Iteration: ,12500
Error:,0.03269714718580948
Absolute Error:,0.052214777492468875
Transition Probabilities
0.00045475216007275995,0.00045475216007275995,0.04845824637390762,0.9506322493059469
0.9143603420577445,0.08445271432207742,0.0005934718100890206,0.0005934718100890206
0.054445902087820144,0.037587641913104694,0.8428963601344084,0.06507009586466665
0.042901383846957554,0.026694520356429188,0.8682033100932374,0.06220078570337588

0.03586989232988125,0.024379858807264242,0.06647458864088768,0.8732756602219668
0.06463725233895304,0.05337252561566765,0.8228763521510105,0.05911386989436875
0.0005419855819421961,0.9215232075143116,0.04307077860772118,0.034864028296025036
0.9453493818930001,0.0006511465712958103,0.028274410476851274,0.025725061058852958

Transition Gammas
1.0,1.0,106.55968377622294,2090.440316223779
1540.6971763672998,142.30282363270047,1.0,1.0
59.67821887184276,41.1998595844465,923.8997158178005,71.32341047007972
63.134182226117034,39.283970853567475,1277.6582262306592,91.53540951530587

42.45560867823346,28.85600368221738,78.67933074426972,1033.6091716596611
27.991692977580538,23.1134105552238,356.35336240989136,25.599746847571726
1.1080540636588687,1883.993908441443,88.05538902015824,71.27722492265197
1694.4685149619204,1.1671318401634507,50.67977961354046,46.110260232478886

Iteration: ,15000
Error:,0.03143566120531687
Absolute Error:,0.049724970426156555
Transition Probabilities
0.00039277297721916746,0.00039277297721916746,0.045681539668290354,0.9535329143772713
0.9123041124410433,0.08669588755895674,0.0004999999999999998,0.0004999999999999998
0.05570232549486165,0.03640389650786923,0.8475669285419108,0.06032684945535821
0.04339725544774506,0.027620949401036193,0.8773558346482349,0.05162596050298388

0.03890781954141039,0.027028040000427942,0.06108147300628732,0.8729826674518743
0.05247221252970584,0.04439568183218379,0.824844573006142,0.07828753263196842
0.00042106391002608135,0.9220614215240155,0.04239953988412694,0.03511797468183162
0.9440720329900096,0.0005790375258830419,0.028617972914879473,0.026730956569227932

Transition Gammas
1.0,1.0,116.3051999954672,2427.6948000045318
1824.6082248820874,173.39177511791357,1.0,1.0
66.2678908461816,43.3089537775529,1008.3326361415543,71.76959021523231
77.97778871097569,49.630340309976084,1576.4653131329903,92.76342935903403

53.427032069639814,37.1140808429386,83.87521726049043,1198.7531946001282
37.557709919646555,31.77682166525996,590.3938810321989,56.03538137927299
1.1194363733371853,2451.383434027956,112.72300006930641,93.36430237951673
1908.807121545441,1.170748538696834,57.8623119796353,54.046977859796556

Iteration: ,17372
Error:,0.02936208114045018
Absolute Error:,0.04812359011517322
Transition Probabilities
0.0003489183531053735,0.0003489183531053735,0.04217663534223927,0.9571255279515499
0.9120082166505575,0.08711842090402759,0.00043668122270742316,0.00043668122270742316
0.05654077728677737,0.036007023107374476,0.850643576105795,0.05680862350005323
0.04039851622863324,0.02812785840370366,0.8860544013958489,0.045419223971814214

0.040089072566260445,0.027234164193811566,0.05718386825505997,0.875492894984868
0.04711489519254565,0.03849878378520166,0.8241011442778284,0.09028517674442431
0.0003478607023632016,0.9253328662931776,0.040158392844566015,0.034160880159893214
0.9452284868038967,0.0005214292228876247,0.028266393509528073,0.02598369046368746

*,*,*,*,*,*,*,*,*,*,*
Model Num 2
Model States: 
"['diamond', 'x', 'square']","['diamond', 'x', 'diamond']","['square', 'y', 'diamond', 'x', 'diamond']","['square', 'y', 'diamond', 'x', 'square']"
Iteration: ,17372
Error:,0.030279115923173065
Absolute Error:,0.04812359011517322
Transition Probabilities
0.0003489183531053735,0.0003489183531053735,0.04217663534223927,0.9571255279515499
0.9120082166505575,0.08711842090402759,0.00043668122270742316,0.00043668122270742316
0.05654077728677737,0.036007023107374476,0.850643576105795,0.05680862350005323
0.04039851622863324,0.02812785840370366,0.8860544013958489,0.045419223971814214

0.040089072566260445,0.027234164193811566,0.05718386825505997,0.875492894984868
0.04711489519254565,0.03849878378520166,0.8241011442778284,0.09028517674442431
0.0003478607023632016,0.9253328662931776,0.040158392844566015,0.034160880159893214
0.9452284868038967,0.0005214292228876247,0.028266393509528073,0.02598369046368746

Transition Gammas
1.0,1.0,120.87823689085769,2743.121763109141
2088.498816129779,199.50118387022337,1.0,1.0
71.7438872002099,45.68886259076867,1079.3710256613228,72.08375392002523
84.9732467382772,59.163446469927365,1863.7050639989113,95.53368008309683

62.76146788841508,42.636459566197686,89.5242339491239,1370.6283457745226
47.119279205625425,38.502366074220454,824.177826400983,90.29357772662198
1.1276357165686894,2999.586853756225,130.17865422535723,110.73693669915747
2129.019128668839,1.1744597261645968,63.6668205840386,58.52529288199256

