0,1,2,3,4,5,6,7,8,9,10,11,12,13,14,15,16,17,18,19,20,21,22,23,24,25,26,27,28,29
github Code Version (SHA):,ddb97f21bb9c22f159e8ea0ce9d830001061547e
Environment Observations,Environment Actions,alpha,epsilon,numActions,explore,patience,gainThresh,insertRandActions,useBudd,revisedSplitting,haveControl,confidence_factor
"['square', 'diamond']","['x', 'y']",0.99,0.99,75000,0.5,0,0.01,False,True,False,True,250

Model Num 0
Model States: 
['square'],['diamond']
Iteration: ,0
Error:,0.6752304966378858
Absolute Error:,1
Transition Probabilities
0.5,0.5
0.5,0.5

0.5,0.5
0.5,0.5

Transition Gammas
1.0,1.0
1.0,1.0

1.0,1.0
1.0,1.0

Iteration: ,1820
Error:,0.2410507352707583
Absolute Error:,1
Transition Probabilities
0.9849246231155779,0.01507537688442211
0.9760479041916168,0.023952095808383235

0.21474358974358973,0.7852564102564102
0.09615384615384616,0.9038461538461539


Model Num 1
Model States: 
['diamond'],"['square', 'y', 'diamond']","['square', 'y', 'square']"
Iteration: ,0
Error:,0.6173006478164873
Absolute Error:,1
Transition Probabilities
0.3333333333333333,0.3333333333333333,0.3333333333333333
0.3333333333333333,0.3333333333333333,0.3333333333333333
0.3333333333333333,0.3333333333333333,0.3333333333333333

0.3333333333333333,0.3333333333333333,0.3333333333333333
0.3333333333333333,0.3333333333333333,0.3333333333333333
0.3333333333333333,0.3333333333333333,0.3333333333333333

Transition Gammas
1.0,1.0,1.0
1.0,1.0,1.0
1.0,1.0,1.0

1.0,1.0,1.0
1.0,1.0,1.0
1.0,1.0,1.0

Iteration: ,2500
Error:,0.1333252486165022
Absolute Error:,1
Transition Probabilities
0.010903426791277256,0.9789261727360307,0.010170400472692197
0.029240996233106744,0.9506364600350463,0.020122543731846913
0.025989741373357016,0.934409754567238,0.03960050405940516

0.6718061674008812,0.005245682192291902,0.32294815040682684
0.9973992197659298,0.0013003901170351106,0.0013003901170351106
0.02127659574468085,0.21129694587620734,0.7674264583791117

Transition Gammas
7.0,628.4706028965318,6.529397103468392
12.690472801647218,412.57233659741115,8.733101700544504
3.9114439869295587,140.62823339893268,5.959857439802318

305.0,2.381539715300523,146.61846028469935
767.0,1.0,1.0
1.0,9.930956456181745,36.06904354381825

Iteration: ,4128
Error:,0.13085222963187754
Absolute Error:,1
Transition Probabilities
0.014213197969543158,0.9771096182938943,0.008677183736562486
0.01821339540991387,0.9688168308741493,0.012969773715936819
0.02507796233701987,0.9385713459921301,0.03635069167084995

0.66044776119403,0.0029812245585757228,0.3365710142473943
0.9983660130718954,0.0008169934640522876,0.0008169934640522876
0.013157894736842105,0.16315073255079354,0.8236913727123644


Model Num 2
Model States: 
"['square', 'y', 'diamond']","['square', 'y', 'square']","['diamond', 'y', 'diamond']","['diamond', 'y', 'square', 'y', 'square']"
Iteration: ,0
Error:,0.6771212274720958
Absolute Error:,0.74
Transition Probabilities
0.25,0.25,0.25,0.25
0.25,0.25,0.25,0.25
0.25,0.25,0.25,0.25
0.25,0.25,0.25,0.25

0.25,0.25,0.25,0.25
0.25,0.25,0.25,0.25
0.25,0.25,0.25,0.25
0.25,0.25,0.25,0.25

Transition Gammas
1.0,1.0,1.0,1.0
1.0,1.0,1.0,1.0
1.0,1.0,1.0,1.0
1.0,1.0,1.0,1.0

1.0,1.0,1.0,1.0
1.0,1.0,1.0,1.0
1.0,1.0,1.0,1.0
1.0,1.0,1.0,1.0

Iteration: ,2500
Error:,0.028269307572615532
Absolute Error:,0.040813195113619326
Transition Probabilities
0.9553680124709109,0.03229966596521561,0.010054012125552469,0.002278309438320967
0.965414181146625,0.020053690764068686,0.007266064044653088,0.007266064044653088
0.9555917167054698,0.02564219999227154,0.013551978110124268,0.005214105192134293
0.9536218412795674,0.017989346355483406,0.008609810509679404,0.019779001855269734

0.0013869625520110953,0.0013869625520110953,0.981184029416361,0.016042045479616848
0.09871615636909696,0.8831020254490848,0.00909090909090909,0.00909090909090909
0.0031746031746031763,0.0031746031746031763,0.04891707117587113,0.9447337224749225
0.02521827009181669,0.9597441359232209,0.007518796992481204,0.007518796992481204

Transition Gammas
447.2838533621978,15.1220460248279,4.707083790294155,1.0666580955416851
132.86618108700114,2.759911093658153,1.0,1.0
394.0656539630254,10.574296671221166,5.588546889952501,2.1501858340236124
164.0059956645263,3.0938476161853496,1.480734274320074,3.401636531490724

1.0,1.0,707.4336852091965,11.56631479080375
10.858777200600667,97.14122279939934,1.0,1.0
1.0,1.0,15.408877420399397,297.59112257960044
3.354029922211619,127.64597007778836,1.0,1.0

Iteration: ,5000
Error:,0.021876930213385735
Absolute Error:,0.02926436439098378
Transition Probabilities
0.9638784969532047,0.02097186158357592,0.011821441401488535,0.0033282000617307563
0.9682954771291156,0.01389427905371826,0.014107395580644609,0.003702848236521708
0.9608927572053961,0.016508703987675722,0.018333735928852485,0.004264802878075545
0.9695575816670208,0.013853660984755085,0.004676749002752363,0.011912008345471941

0.0006954102920723225,0.0006954102920723225,0.9877352830425636,0.010873896373291732
0.07389980339274024,0.9151111856182487,0.005494505494505495,0.005494505494505495
0.001560062402496099,0.001560062402496099,0.04352626469492974,0.953353610500078
0.016564616216378072,0.9758882139723013,0.0037735849056603783,0.0037735849056603783

Transition Gammas
927.0667827600628,20.170920202319845,11.369965905771881,3.2010919772187534
261.50017912661997,3.7523220413618494,3.8098767974073042,1.0
792.2186800324694,13.610783913284946,15.11545171790146,3.516163985348345
341.5435169428858,4.880192971243968,1.6474661561748767,4.1962120673331444

1.0,1.0,1420.3633370152068,15.636662984793514
13.449764217478721,166.55023578252124,1.0,1.0
1.0,1.0,27.900335669449976,611.0996643305504
4.389623297340188,258.6103767026598,1.0,1.0

Iteration: ,7500
Error:,0.018653037612192176
Absolute Error:,0.021864183699296297
Transition Probabilities
0.9634138300402545,0.01980398561736325,0.013356511460809208,0.0034256728815730514
0.9723277555154062,0.014620625542364435,0.01111107613326664,0.0019405428089626193
0.9659325971535043,0.013374293511780036,0.017442643833834294,0.003250465500881329
0.9717409088489921,0.01232812685213088,0.007072275745357416,0.008858688553519543

0.0004814636494944627,0.0004814636494944627,0.9871590539617877,0.01187801873922333
0.03859648259135266,0.9573467222768015,0.0020283975659229213,0.0020283975659229213
0.0009803921568627442,0.0009803921568627442,0.03543534978077826,0.9626038659054962
0.014276385017683952,0.9818700504351099,0.0019267822736030833,0.0019267822736030833

Transition Gammas
1174.8960471648816,24.151225251746755,16.28844431116532,4.177653882415139
501.0596782635246,7.53429683428647,5.725756773800023,1.0
1055.9249616224467,14.620326930440458,19.067710392124297,3.553299339299301
460.29735704088864,5.839626751972509,3.350018306534297,4.1962120673331444

1.0,1.0,2050.3293550786348,24.67064492136688
19.02806591753686,471.97193408246306,1.0,1.0
1.0,1.0,36.14405677639386,981.855943223607
7.40944382417797,509.5905561758219,1.0,1.0

Iteration: ,10000
Error:,0.01632810669482253
Absolute Error:,0.021650590768132996
Transition Probabilities
0.9686853044359739,0.01695612501030344,0.01142761920909826,0.0029309513446244924
0.9662378500430595,0.018254455346886887,0.01390158670439745,0.001606107905656173
0.9693711691234108,0.012318523291011256,0.01564328193733767,0.0026670256482402704
0.9637574395531968,0.01946873952896476,0.011031417268903368,0.005742403648935113

0.0003497726477789433,0.0003497726477789433,0.9875096292813494,0.011790825423092557
0.0392491999587764,0.9572047007504434,0.001773049645390072,0.001773049645390072
0.0006439150032195736,0.0006439150032195736,0.025476919356423686,0.9732352506371371
0.015276962794266496,0.9814815461198341,0.0016207455429497566,0.0016207455429497566

Transition Gammas
1380.7229964214603,24.16854227550682,16.28844431116532,4.177653882415139
601.6020758258484,11.365646904918918,8.655450020164105,1.0
1302.6845209775404,16.55418494343389,21.02214495969085,3.584068868227685
869.6315982876173,17.56731556963967,9.954028510930666,5.181568990586708

1.0,1.0,2823.2900301153813,33.70996988462166
22.136548776749873,539.8634512232497,1.0,1.0
1.0,1.0,39.56565576052607,1511.4343442394772
9.42588604406243,605.5741139559377,1.0,1.0

Iteration: ,12500
Error:,0.0165967480184095
Absolute Error:,0.02149256612477414
Transition Probabilities
0.968875876971389,0.017314996977228044,0.011236772548182733,0.002572353503200148
0.9689502669851212,0.013303891999388147,0.016654504296236838,0.001091336719253911
0.9676567950515228,0.014074126318636077,0.015135034801320068,0.003134043828520944
0.9620898711068672,0.020181574997338983,0.012483839570107036,0.005244714325686846

0.0002946375957572184,0.0002946375957572184,0.9844615983034463,0.014949126505039217
0.02375036530026979,0.9743041094079015,0.0009727626459143978,0.0009727626459143978
0.0005032712632108699,0.0005032712632108699,0.028009353898389787,0.9709841035751885
0.02293556079370291,0.974925401773142,0.0010695187165775406,0.0010695187165775406

Transition Gammas
1573.5115970539916,28.120576839821243,18.249181694246673,4.177653882415139
900.1476152945492,12.359217046966728,15.47191103297422,1.0138437222133194
1407.403467925042,20.470040917564006,22.013073824805712,4.558293989610847
978.523205201856,20.526293899859787,12.697074437872338,5.334298620600612

1.0,1.0,3341.2626646418994,50.737335358103145
24.415375528677323,1001.5846244713218,1.0,1.0
1.0,1.0,55.654586196100595,1929.3454138039026
21.44474934211221,911.5552506578873,1.0,1.0

Iteration: ,13006
Error:,0.017350174310240336
Absolute Error:,0.02160286445697491
Transition Probabilities
0.9678292002516501,0.017501202678299195,0.011560210648493734,0.0031093864215570063
0.9701733935520048,0.01236158939313855,0.016451368579412613,0.001013648475444013
0.9680450929249632,0.013905396040972118,0.014953133826966064,0.003096377207098548
0.9623044192974718,0.020067936429296582,0.012412782475064079,0.005214861798167518

0.00028661507595299497,0.00028661507595299497,0.9843101370934084,0.015116632754685558
0.023205778414165774,0.9750398356209219,0.0008771929824561407,0.0008771929824561407
0.0004821600771456116,0.0004821600771456116,0.031176527385634426,0.9678591524600745
0.022228828564836423,0.9757909734153616,0.0009900990099009903,0.0009900990099009903

*,*,*,*,*,*,*,*,*,*,*
Model Num 2
Model States: 
"['square', 'y', 'diamond']","['square', 'y', 'square']","['diamond', 'y', 'diamond']","['diamond', 'y', 'square', 'y', 'square']"
Iteration: ,13006
Error:,0.016620984495865677
Absolute Error:,0.02160286445697491
Transition Probabilities
0.9678292002516501,0.017501202678299195,0.011560210648493734,0.0031093864215570063
0.9701733935520048,0.01236158939313855,0.016451368579412613,0.001013648475444013
0.9680450929249632,0.013905396040972118,0.014953133826966064,0.003096377207098548
0.9623044192974718,0.020067936429296582,0.012412782475064079,0.005214861798167518

0.00028661507595299497,0.00028661507595299497,0.9843101370934084,0.015116632754685558
0.023205778414165774,0.9750398356209219,0.0008771929824561407,0.0008771929824561407
0.0004821600771456116,0.0004821600771456116,0.031176527385634426,0.9678591524600745
0.022228828564836423,0.9757909734153616,0.0009900990099009903,0.0009900990099009903

Transition Gammas
1609.9630157997576,29.112873466466095,19.23016126615127,5.172397298237231
970.360266245396,12.36397045565773,16.454537406322153,1.0138437222133194
1425.095792152204,20.470659405259063,22.013073824805712,4.558293989610847
984.3442329114398,20.52755562011517,12.697074437872338,5.334298620600612

1.0,1.0,3434.258068318904,52.74193168109794
26.454587392148973,1111.5454126078505,1.0,1.0
1.0,1.0,64.6601177978059,2007.3398822021975
22.45111685048478,985.5488831495148,1.0,1.0

