0,1,2,3,4,5,6,7,8,9,10,11,12,13,14,15,16,17,18,19,20,21,22,23,24,25,26,27,28,29
github Code Version (SHA):,528ca1c557fe8e6666681dc5c9134b0f84d30530
Environment Observations,Environment Actions,alpha,epsilon,numActions,explore,patience,gainThresh,insertRandActions,useUpdatedPosterior,revisedSplitting,haveControl,confidence_factor
"['diamond', 'square']","['x', 'y']",0.7,0.99,75000,0.5,0,0.01,False,True,False,True,250

Model Num 0
Model States: 
['diamond'],['square']
Iteration: ,0
Error:,0.35613553907819445
Absolute Error:,1
Transition Probabilities
0.5,0.5
0.5,0.5

0.5,0.5
0.5,0.5

Transition Gammas
1.0,1.0
1.0,1.0

1.0,1.0
1.0,1.0

Iteration: ,1884
Error:,0.06212159874099897
Absolute Error:,1
Transition Probabilities
0.45871559633027525,0.5412844036697247
0.20950704225352113,0.7904929577464789

0.24548736462093862,0.7545126353790613
0.77,0.23


Model Num 1
Model States: 
['square'],"['diamond', 'x', 'square']","['diamond', 'x', 'diamond']"
Iteration: ,0
Error:,0.4310351221017573
Absolute Error:,1
Transition Probabilities
0.3333333333333333,0.3333333333333333,0.3333333333333333
0.3333333333333333,0.3333333333333333,0.3333333333333333
0.3333333333333333,0.3333333333333333,0.3333333333333333

0.3333333333333333,0.3333333333333333,0.3333333333333333
0.3333333333333333,0.3333333333333333,0.3333333333333333
0.3333333333333333,0.3333333333333333,0.3333333333333333

Transition Gammas
1.0,1.0,1.0
1.0,1.0,1.0
1.0,1.0,1.0

1.0,1.0,1.0
1.0,1.0,1.0
1.0,1.0,1.0

Iteration: ,2500
Error:,0.03902105734573154
Absolute Error:,1
Transition Probabilities
0.8081048867699643,0.11218402598675638,0.07971108724327938
0.99581589958159,0.0020920502092050207,0.0020920502092050207
0.002617801047120419,0.7009829211521851,0.2963992778006944

0.20491803278688525,0.34431614494530566,0.450765822267809
0.7248464438441163,0.11203040322754484,0.16312315292833882
0.9095036364776559,0.038304648033650836,0.052191715488693384

Transition Gammas
678.0,94.1223978028886,66.8776021971114
476.0,1.0,1.0
1.0,267.7754758801347,113.22452411986526

125.0,210.03284841663645,274.9671515833635
46.42052239701848,7.1746366231599605,10.446711904695078
57.1198471393759,2.405659034947117,3.277812964224694

Iteration: ,2937
Error:,0.035774187663736245
Absolute Error:,1
Transition Probabilities
0.8064159292035398,0.10774098294175968,0.0858430878547005
0.9965635738831615,0.001718213058419244,0.001718213058419244
0.0021505376344086026,0.6976712378790884,0.300178224486503

0.2028985507246377,0.3611216755508202,0.435979773724542
0.731787198985989,0.10581904874012776,0.1623937522738834
0.9112390170847315,0.042455954651105375,0.046305028264163


Model Num 2
Model States: 
"['diamond', 'x', 'square']","['diamond', 'x', 'diamond']","['square', 'y', 'diamond', 'x', 'diamond']","['square', 'y', 'diamond', 'x', 'square']"
Iteration: ,0
Error:,0.35365577189869946
Absolute Error:,0.4499999999999999
Transition Probabilities
0.25,0.25,0.25,0.25
0.25,0.25,0.25,0.25
0.25,0.25,0.25,0.25
0.25,0.25,0.25,0.25

0.25,0.25,0.25,0.25
0.25,0.25,0.25,0.25
0.25,0.25,0.25,0.25
0.25,0.25,0.25,0.25

Transition Gammas
1.0,1.0,1.0,1.0
1.0,1.0,1.0,1.0
1.0,1.0,1.0,1.0
1.0,1.0,1.0,1.0

1.0,1.0,1.0,1.0
1.0,1.0,1.0,1.0
1.0,1.0,1.0,1.0
1.0,1.0,1.0,1.0

Iteration: ,2500
Error:,0.22733794049412803
Absolute Error:,0.32512994874372014
Transition Probabilities
0.001190476190476191,0.001190476190476191,0.29412547101584346,0.7034935766032041
0.6852030663474002,0.3104013292569953,0.002197802197802198,0.002197802197802198
0.25,0.25,0.25,0.25
0.21712282017961984,0.21712282017961984,0.2828771798203801,0.2828771798203801

0.21267215690733474,0.21267215690733474,0.3619835292779958,0.21267215690733474
0.25,0.25,0.25,0.25
0.0033112582781456954,0.9900662251655629,0.0033112582781456954,0.0033112582781456954
0.7458423313365623,0.0014976753641296433,0.12632999664965405,0.12632999664965405

Transition Gammas
1.0,1.0,247.0653956533084,590.9346043466912
311.7673951880671,141.23260481193287,1.0,1.0
1.0,1.0,1.0,1.0
1.0,1.0,1.3028440750095427,1.3028440750095427

1.0,1.0,1.702072967810821,1.0
1.0,1.0,1.0,1.0
1.0,299.0,1.0,1.0
498.0,1.0,84.35072090744396,84.35072090744396

Iteration: ,5000
Error:,0.22685097422840123
Absolute Error:,0.3350309257610626
Transition Probabilities
0.00061652281134402,0.00061652281134402,0.31513465405846075,0.6836323003188512
0.6318130050369584,0.3662452473902261,0.000970873786407767,0.000970873786407767
0.25,0.25,0.25,0.25
0.21712282017961984,0.21712282017961984,0.2828771798203801,0.2828771798203801

0.21267215690733474,0.21267215690733474,0.3619835292779958,0.21267215690733474
0.25,0.25,0.25,0.25
0.001594896331738437,0.9952153110047847,0.001594896331738437,0.001594896331738437
0.7266073699026109,0.0007984696372556163,0.13629708023006673,0.13629708023006673

Transition Gammas
1.0,1.0,511.1484088828231,1108.8515911171762
650.7673951880671,377.2326048119329,1.0,1.0
1.0,1.0,1.0,1.0
1.0,1.0,1.3028440750095427,1.3028440750095427

1.0,1.0,1.702072967810821,1.0
1.0,1.0,1.0,1.0
1.0,624.0,1.0,1.0
910.0,1.0,170.69788739685484,170.69788739685484

Iteration: ,7500
Error:,0.2259991560405581
Absolute Error:,0.33717818483451745
Transition Probabilities
0.000413564929693962,0.000413564929693962,0.32256716635196114,0.6766057037886509
0.624616168785892,0.37412040733539664,0.0006317119393556538,0.0006317119393556538
0.25,0.25,0.25,0.25
0.21712282017961984,0.21712282017961984,0.2828771798203801,0.2828771798203801

0.21267215690733474,0.21267215690733474,0.3619835292779958,0.21267215690733474
0.25,0.25,0.25,0.25
0.0010570824524312897,0.9968287526427061,0.0010570824524312897,0.0010570824524312897
0.728873706677471,0.0005415109262091166,0.13529239119815994,0.13529239119815994

Transition Gammas
1.0,1.0,779.9674082390419,1636.0325917609578
988.7673951880671,592.2326048119329,1.0,1.0
1.0,1.0,1.0,1.0
1.0,1.0,1.3028440750095427,1.3028440750095427

1.0,1.0,1.702072967810821,1.0
1.0,1.0,1.0,1.0
1.0,943.0,1.0,1.0
1346.0,1.0,249.84240326466423,249.84240326466423

Iteration: ,10000
Error:,0.22693693301467383
Absolute Error:,0.33616819286910954
Transition Probabilities
0.00030826140567201,0.00030826140567201,0.3187041816045598,0.6806792955840961
0.6300515827032022,0.3689878025033299,0.0004803073967339097,0.0004803073967339097
0.25,0.25,0.25,0.25
0.21712282017961984,0.21712282017961984,0.2828771798203801,0.2828771798203801

0.21267215690733474,0.21267215690733474,0.3619835292779958,0.21267215690733474
0.25,0.25,0.25,0.25
0.0007987220447284345,0.9976038338658147,0.0007987220447284345,0.0007987220447284345
0.7325142615175773,0.00040093829311306907,0.13354240009465487,0.13354240009465487

Transition Gammas
1.0,1.0,1033.8763651251916,2208.123634874807
1311.767395188067,768.2326048119329,1.0,1.0
1.0,1.0,1.0,1.0
1.0,1.0,1.3028440750095427,1.3028440750095427

1.0,1.0,1.702072967810821,1.0
1.0,1.0,1.0,1.0
1.0,1249.0,1.0,1.0
1827.0,1.0,333.07469600314386,333.07469600314386

Iteration: ,12500
Error:,0.22611902134795592
Absolute Error:,0.33523413504899646
Transition Probabilities
0.00024545900834560633,0.00024545900834560633,0.31705108154019374,0.6824580004431151
0.636591664792861,0.362629519007762,0.0003894080996884735,0.0003894080996884735
0.25,0.25,0.25,0.25
0.21712282017961984,0.21712282017961984,0.2828771798203801,0.2828771798203801

0.21267215690733474,0.21267215690733474,0.3619835292779958,0.21267215690733474
0.25,0.25,0.25,0.25
0.000646830530401035,0.9980595084087969,0.000646830530401035,0.000646830530401035
0.7316443007618827,0.0003176918370655157,0.13401900370052588,0.13401900370052588

Transition Gammas
1.0,1.0,1291.666106194749,2780.33389380525
1634.767395188067,931.2326048119329,1.0,1.0
1.0,1.0,1.0,1.0
1.0,1.0,1.3028440750095427,1.3028440750095427

1.0,1.0,1.702072967810821,1.0
1.0,1.0,1.0,1.0
1.0,1543.0,1.0,1.0
2303.0,1.0,421.85221042644525,421.85221042644525

Iteration: ,15000
Error:,0.22338424471626275
Absolute Error:,0.33585594534479823
Transition Probabilities
0.00020533880903490768,0.00020533880903490768,0.3176171449737765,0.6819721774081536
0.632689860054093,0.3666664321892285,0.000321853878339234,0.000321853878339234
0.25,0.25,0.25,0.25
0.21712282017961984,0.21712282017961984,0.2828771798203801,0.2828771798203801

0.21267215690733474,0.21267215690733474,0.3619835292779958,0.21267215690733474
0.25,0.25,0.25,0.25
0.0005402485143165856,0.9983792544570502,0.0005402485143165856,0.0005402485143165856
0.7302496398380832,0.0002659321339541454,0.13474221401398132,0.13474221401398132

Transition Gammas
1.0,1.0,1546.7954960222912,3321.2045039777067
1965.767395188067,1139.232604811933,1.0,1.0
1.0,1.0,1.0,1.0
1.0,1.0,1.3028440750095427,1.3028440750095427

1.0,1.0,1.702072967810821,1.0
1.0,1.0,1.0,1.0
1.0,1848.0,1.0,1.0
2746.0,1.0,506.67894853660255,506.67894853660255

Iteration: ,17500
Error:,0.2288745323122215
Absolute Error:,0.33532378118460027
Transition Probabilities
0.00017546938059308662,0.00017546938059308662,0.315730108697008,0.6839189525418059
0.6354157121565983,0.36402904075844894,0.000277623542476402,0.000277623542476402
0.25,0.25,0.25,0.25
0.21712282017961984,0.21712282017961984,0.2828771798203801,0.2828771798203801

0.21267215690733474,0.21267215690733474,0.3619835292779958,0.21267215690733474
0.25,0.25,0.25,0.25
0.00046425255338904364,0.9986072423398329,0.00046425255338904364,0.00046425255338904364
0.7312212246501087,0.00022680559077236626,0.13427598487955938,0.13427598487955938

Transition Gammas
1.0,1.0,1799.3458894642476,3897.654110535749
2288.767395188067,1311.232604811933,1.0,1.0
1.0,1.0,1.0,1.0
1.0,1.0,1.3028440750095427,1.3028440750095427

1.0,1.0,1.702072967810821,1.0
1.0,1.0,1.0,1.0
1.0,2151.0,1.0,1.0
3224.0,1.0,592.0311947438971,592.0311947438971

Iteration: ,20000
Error:,0.2275067167307152
Absolute Error:,0.33586970985987863
Transition Probabilities
0.0001541069502234551,0.0001541069502234551,0.31628731575996877,0.6834044703395844
0.631878291169336,0.3676393161630326,0.000241196333815726,0.000241196333815726
0.25,0.25,0.25,0.25
0.21712282017961984,0.21712282017961984,0.2828771798203801,0.2828771798203801

0.21267215690733474,0.21267215690733474,0.3619835292779958,0.21267215690733474
0.25,0.25,0.25,0.25
0.00040666937779585197,0.9987799918666125,0.00040666937779585197,0.00040666937779585197
0.7303663411185968,0.00019960818286925302,0.13471702534926688,0.13471702534926688

Transition Gammas
1.0,1.0,2052.388391966437,4434.611608033563
2619.767395188067,1524.232604811933,1.0,1.0
1.0,1.0,1.0,1.0
1.0,1.0,1.3028440750095427,1.3028440750095427

1.0,1.0,1.702072967810821,1.0
1.0,1.0,1.0,1.0
1.0,2456.0,1.0,1.0
3659.0,1.0,674.9073280102398,674.9073280102398

Iteration: ,22500
Error:,0.2267805131113117
Absolute Error:,0.33566835099549147
Transition Probabilities
0.00013693002875530608,0.00013693002875530608,0.3160133964320584,0.6837127435104309
0.6334264796540916,0.36614433579655215,0.00021459227467811158,0.00021459227467811158
0.25,0.25,0.25,0.25
0.21712282017961984,0.21712282017961984,0.2828771798203801,0.2828771798203801

0.21267215690733474,0.21267215690733474,0.3619835292779958,0.21267215690733474
0.25,0.25,0.25,0.25
0.0003614022406938923,0.9989157932779184,0.0003614022406938923,0.0003614022406938923
0.7297446724238758,0.00017738081488183658,0.1350389733806213,0.1350389733806213

Transition Gammas
1.0,1.0,2307.845834143322,4993.154165856676
2951.767395188067,1706.232604811933,1.0,1.0
1.0,1.0,1.0,1.0
1.0,1.0,1.3028440750095427,1.3028440750095427

1.0,1.0,1.702072967810821,1.0
1.0,1.0,1.0,1.0
1.0,2764.0,1.0,1.0
4114.0,1.0,761.2941313330779,761.2941313330779

Iteration: ,25000
Error:,0.22655518946348724
Absolute Error:,0.3352557828280823
Transition Probabilities
0.00012325896708985585,0.00012325896708985585,0.3131109910334696,0.6866424910323506
0.6339874505027325,0.3656240491087671,0.00019425019425019425,0.00019425019425019425
0.25,0.25,0.25,0.25
0.21712282017961984,0.21712282017961984,0.2828771798203801,0.2828771798203801

0.21267215690733474,0.21267215690733474,0.3619835292779958,0.21267215690733474
0.25,0.25,0.25,0.25
0.000326797385620915,0.9990196078431373,0.000326797385620915,0.000326797385620915
0.7300332254720394,0.0001590486330004443,0.13490386294748,0.13490386294748

Transition Gammas
1.0,1.0,2540.2694702545377,5570.730529745459
3263.767395188067,1882.232604811933,1.0,1.0
1.0,1.0,1.0,1.0
1.0,1.0,1.3028440750095427,1.3028440750095427

1.0,1.0,1.702072967810821,1.0
1.0,1.0,1.0,1.0
1.0,3057.0,1.0,1.0
4590.0,1.0,848.1925333310041,848.1925333310041

Iteration: ,27500
Error:,0.22549389879823015
Absolute Error:,0.3346021707055796
Transition Probabilities
0.00011184431271669838,0.00011184431271669838,0.3124701256000676,0.6873061857744991
0.6387142035889897,0.3609302408554548,0.00017777777777777779,0.00017777777777777779
0.25,0.25,0.25,0.25
0.21712282017961984,0.21712282017961984,0.2828771798203801,0.2828771798203801

0.21267215690733474,0.21267215690733474,0.3619835292779958,0.21267215690733474
0.25,0.25,0.25,0.25
0.0002965599051008304,0.9991103202846975,0.0002965599051008304,0.0002965599051008304
0.730000745088368,0.0001439843678675282,0.13492763527188226,0.13492763527188226

Transition Gammas
1.0,1.0,2793.7953929902037,6145.204607009795
3592.767395188067,2030.232604811933,1.0,1.0
1.0,1.0,1.0,1.0
1.0,1.0,1.3028440750095427,1.3028440750095427

1.0,1.0,1.702072967810821,1.0
1.0,1.0,1.0,1.0
1.0,3369.0,1.0,1.0
5070.0,1.0,937.0991953516889,937.0991953516889

Iteration: ,30000
Error:,0.22673495537753915
Absolute Error:,0.33486984942719816
Transition Probabilities
0.00010256410256410264,0.00010256410256410264,0.3134879678859813,0.6863069039088904
0.6377115931876224,0.3619641000181503,0.00016215339711366953,0.00016215339711366953
0.25,0.25,0.25,0.25
0.21712282017961984,0.21712282017961984,0.2828771798203801,0.2828771798203801

0.21267215690733474,0.21267215690733474,0.3619835292779958,0.21267215690733474
0.25,0.25,0.25,0.25
0.0002704895861509332,0.9991885312415472,0.0002704895861509332,0.0002704895861509332
0.7310853750890777,0.00013246700037852468,0.13439107895527197,0.13439107895527197

Transition Gammas
1.0,1.0,3056.5076868883157,6691.492313111677
3932.767395188067,2232.232604811933,1.0,1.0
1.0,1.0,1.0,1.0
1.0,1.0,1.3028440750095427,1.3028440750095427

1.0,1.0,1.702072967810821,1.0
1.0,1.0,1.0,1.0
1.0,3694.0,1.0,1.0
5519.0,1.0,1014.5249652460557,1014.5249652460557

Iteration: ,32500
Error:,0.2249269088445479
Absolute Error:,0.33452256306482286
Transition Probabilities
9.449116507606542e-05,9.449116507606542e-05,0.312470101175739,0.6873409164941088
0.6395680942998146,0.36013119903953283,0.00015035333032626674,0.00015035333032626674
0.25,0.25,0.25,0.25
0.21712282017961984,0.21712282017961984,0.2828771798203801,0.2828771798203801

0.21267215690733474,0.21267215690733474,0.3619835292779958,0.21267215690733474
0.25,0.25,0.25,0.25
0.0002498750624687656,0.9992503748125937,0.0002498750624687656,0.0002498750624687656
0.7325865285652894,0.00012183378156748536,0.13364581882657156,0.13364581882657156

Transition Gammas
1.0,1.0,3306.8710807428447,7274.128919257151
4253.767395188067,2395.232604811933,1.0,1.0
1.0,1.0,1.0,1.0
1.0,1.0,1.3028440750095427,1.3028440750095427

1.0,1.0,1.702072967810821,1.0
1.0,1.0,1.0,1.0
1.0,3999.0,1.0,1.0
6013.0,1.0,1096.9520695090907,1096.9520695090907

Iteration: ,35000
Error:,0.2263381216403803
Absolute Error:,0.33456803424483633
Transition Probabilities
8.792754770069468e-05,8.792754770069468e-05,0.31102244476429997,0.6888017001402986
0.6378385669761832,0.3618827650566996,0.00013933398355858994,0.00013933398355858994
0.25,0.25,0.25,0.25
0.21712282017961984,0.21712282017961984,0.2828771798203801,0.2828771798203801

0.21267215690733474,0.21267215690733474,0.3619835292779958,0.21267215690733474
0.25,0.25,0.25,0.25
0.00023282887077997672,0.99930151338766,0.00023282887077997672,0.00023282887077997672
0.7309331188038093,0.00011311252225376188,0.13447688433696847,0.13447688433696847

Transition Gammas
1.0,1.0,3537.2582643043816,7833.741735695611
4577.767395188067,2597.232604811933,1.0,1.0
1.0,1.0,1.0,1.0
1.0,1.0,1.3028440750095427,1.3028440750095427

1.0,1.0,1.702072967810821,1.0
1.0,1.0,1.0,1.0
1.0,4292.0,1.0,1.0
6462.0,1.0,1188.8770726487453,1188.8770726487453

Iteration: ,37500
Error:,0.22277011295584503
Absolute Error:,0.33437995188801406
Transition Probabilities
8.210180623973734e-05,8.210180623973734e-05,0.31161674182967175,0.6882190545578487
0.64001136921921,0.35972845125691855,0.00013008976193573565,0.00013008976193573565
0.25,0.25,0.25,0.25
0.21712282017961984,0.21712282017961984,0.2828771798203801,0.2828771798203801

0.21267215690733474,0.21267215690733474,0.3619835292779958,0.21267215690733474
0.25,0.25,0.25,0.25
0.00021687269572760788,0.9993493819128172,0.00021687269572760788,0.00021687269572760788
0.7299617111465863,0.00010562316758017454,0.13496633284291676,0.13496633284291676

Transition Gammas
1.0,1.0,3795.4919154853987,8382.50808451459
4919.767395188067,2765.232604811933,1.0,1.0
1.0,1.0,1.0,1.0
1.0,1.0,1.3028440750095427,1.3028440750095427

1.0,1.0,1.702072967810821,1.0
1.0,1.0,1.0,1.0
1.0,4608.0,1.0,1.0
6911.0,1.0,1277.8099344584505,1277.8099344584505

Iteration: ,40000
Error:,0.2241608163074506
Absolute Error:,0.3345579651191598
Transition Probabilities
7.700007700007712e-05,7.700007700007712e-05,0.3122941313438211,0.6875518685021788
0.6393278950485329,0.36042826198633665,0.000121921482565228,0.000121921482565228
0.25,0.25,0.25,0.25
0.21712282017961984,0.21712282017961984,0.2828771798203801,0.2828771798203801

0.21267215690733474,0.21267215690733474,0.3619835292779958,0.21267215690733474
0.25,0.25,0.25,0.25
0.0002034174125305126,0.9993897477624084,0.0002034174125305126,0.0002034174125305126
0.7308392437564976,9.908341157219326e-05,0.1345308364159651,0.1345308364159651

Transition Gammas
1.0,1.0,4055.7638837621985,8929.236116237782
5243.767395188067,2956.232604811933,1.0,1.0
1.0,1.0,1.0,1.0
1.0,1.0,1.3028440750095427,1.3028440750095427

1.0,1.0,1.702072967810821,1.0
1.0,1.0,1.0,1.0
1.0,4913.0,1.0,1.0
7376.0,1.0,1357.7533744681818,1357.7533744681818

Iteration: ,42500
Error:,0.2249270922125601
Absolute Error:,0.3347256138437953
Transition Probabilities
7.247427163357015e-05,7.247427163357015e-05,0.31301404283513456,0.6868410086215982
0.6387635920710353,0.36100728660922593,0.00011456065986940085,0.00011456065986940085
0.25,0.25,0.25,0.25
0.21712282017961984,0.21712282017961984,0.2828771798203801,0.2828771798203801

0.21267215690733474,0.21267215690733474,0.3619835292779958,0.21267215690733474
0.25,0.25,0.25,0.25
0.00019124115509657678,0.9994262765347103,0.00019124115509657678,0.00019124115509657678
0.7310904212776952,9.33585009931931e-05,0.13440811011065584,0.13440811011065584

Transition Gammas
1.0,1.0,4318.9677630391825,9477.032236960802
5575.767395188067,3151.232604811933,1.0,1.0
1.0,1.0,1.0,1.0
1.0,1.0,1.3028440750095427,1.3028440750095427

1.0,1.0,1.702072967810821,1.0
1.0,1.0,1.0,1.0
1.0,5226.0,1.0,1.0
7831.0,1.0,1439.6986742584452,1439.6986742584452

Iteration: ,45000
Error:,0.22581462365968688
Absolute Error:,0.3346927579224015
Transition Probabilities
6.832001093120184e-05,6.832001093120184e-05,0.31340576251098323,0.6864575974671543
0.6394681601372812,0.3603153193473999,0.00010826025765941322,0.00010826025765941322
0.25,0.25,0.25,0.25
0.21712282017961984,0.21712282017961984,0.2828771798203801,0.2828771798203801

0.21267215690733474,0.21267215690733474,0.3619835292779958,0.21267215690733474
0.25,0.25,0.25,0.25
0.00018050541516245486,0.9994584837545126,0.00018050541516245486,0.00018050541516245486
0.733096182128241,8.816550596851967e-05,0.13340782618289518,0.13340782618289518

Transition Gammas
1.0,1.0,4587.320145873256,10047.679854126725
5906.767395188067,3328.232604811933,1.0,1.0
1.0,1.0,1.0,1.0
1.0,1.0,1.3028440750095427,1.3028440750095427

1.0,1.0,1.702072967810821,1.0
1.0,1.0,1.0,1.0
1.0,5537.0,1.0,1.0
8315.0,1.0,1513.1521644137076,1513.1521644137076

Iteration: ,47500
Error:,0.2247808463602639
Absolute Error:,0.3345762689826596
Transition Probabilities
6.469142191745375e-05,6.469142191745375e-05,0.31355224292513023,0.6863183742310349
0.6405915277115967,0.3592033440832752,0.00010256410256410256,0.00010256410256410256
0.25,0.25,0.25,0.25
0.21712282017961984,0.21712282017961984,0.2828771798203801,0.2828771798203801

0.21267215690733474,0.21267215690733474,0.3619835292779958,0.21267215690733474
0.25,0.25,0.25,0.25
0.00017085255424568598,0.9994874423372629,0.00017085255424568598,0.00017085255424568598
0.7333207621070089,8.354075667657882e-05,0.1332978485681573,0.1332978485681573

Transition Gammas
1.0,1.0,4846.890571136662,10609.109428863336
6245.767395188067,3502.232604811933,1.0,1.0
1.0,1.0,1.0,1.0
1.0,1.0,1.3028440750095427,1.3028440750095427

1.0,1.0,1.702072967810821,1.0
1.0,1.0,1.0,1.0
1.0,5850.0,1.0,1.0
8778.0,1.0,1595.6026001082198,1595.6026001082198

Iteration: ,50000
Error:,0.2257314265540819
Absolute Error:,0.3342501327992915
Transition Probabilities
6.140243153628889e-05,6.140243153628889e-05,0.31244229980872046,0.6874348953282069
0.6421298364281733,0.3576748319964775,9.76657876745776e-05,9.76657876745776e-05
0.25,0.25,0.25,0.25
0.21712282017961984,0.21712282017961984,0.2828771798203801,0.2828771798203801

0.21267215690733474,0.21267215690733474,0.3619835292779958,0.21267215690733474
0.25,0.25,0.25,0.25
0.00016249593760155997,0.9995125121871953,0.00016249593760155997,0.00016249593760155997
0.7342829686292337,7.92448703463451e-05,0.13281889325021,0.13281889325021

Transition Gammas
1.0,1.0,5088.435294684817,11195.564705315168
6574.767395188067,3662.232604811933,1.0,1.0
1.0,1.0,1.0,1.0
1.0,1.0,1.3028440750095427,1.3028440750095427

1.0,1.0,1.702072967810821,1.0
1.0,1.0,1.0,1.0
1.0,6151.0,1.0,1.0
9266.0,1.0,1676.0566667560436,1676.0566667560436

Iteration: ,52500
Error:,0.22738271681992783
Absolute Error:,0.3341470362634237
Transition Probabilities
5.8462437883659796e-05,5.8462437883659796e-05,0.3122206777450851,0.6876623973791477
0.6427689451553714,0.3570447657239133,9.314456035767511e-05,9.314456035767511e-05
0.25,0.25,0.25,0.25
0.21712282017961984,0.21712282017961984,0.2828771798203801,0.2828771798203801

0.21267215690733474,0.21267215690733474,0.3619835292779958,0.21267215690733474
0.25,0.25,0.25,0.25
0.00015479876160990713,0.9995356037151703,0.00015479876160990713,0.00015479876160990713
0.7342925184844754,7.542034906373001e-05,0.13281603058323047,0.13281603058323047

Transition Gammas
1.0,1.0,5340.534692829676,11762.46530717031
6900.767395188067,3833.232604811933,1.0,1.0
1.0,1.0,1.0,1.0
1.0,1.0,1.3028440750095427,1.3028440750095427

1.0,1.0,1.702072967810821,1.0
1.0,1.0,1.0,1.0
1.0,6457.0,1.0,1.0
9736.0,1.0,1761.0105526162608,1761.0105526162608

Iteration: ,55000
Error:,0.22802659271380257
Absolute Error:,0.33405870843245666
Transition Probabilities
5.583161185863436e-05,5.583161185863436e-05,0.3115177507171558,0.6883705860591269
0.6428046134486566,0.3570172445721861,8.907098957869422e-05,8.907098957869422e-05
0.25,0.25,0.25,0.25
0.21712282017961984,0.21712282017961984,0.2828771798203801,0.2828771798203801

0.21267215690733474,0.21267215690733474,0.3619835292779958,0.21267215690733474
0.25,0.25,0.25,0.25
0.00014803849000740192,0.9995558845299778,0.00014803849000740192,0.00014803849000740192
0.7328439433746394,7.187563195122003e-05,0.1335420904967047,0.1335420904967047

Transition Gammas
1.0,1.0,5579.594433094978,12329.405566905023
7216.767395188067,4008.232604811933,1.0,1.0
1.0,1.0,1.0,1.0
1.0,1.0,1.3028440750095427,1.3028440750095427

1.0,1.0,1.702072967810821,1.0
1.0,1.0,1.0,1.0
1.0,6752.0,1.0,1.0
10196.0,1.0,1857.9605753913365,1857.9605753913365

Iteration: ,57500
Error:,0.2269560308468892
Absolute Error:,0.33389467481868496
Transition Probabilities
5.343878587078498e-05,5.343878587078498e-05,0.3113104694398708,0.6885826529883877
0.6439395852321653,0.3558898972471594,8.525876033762469e-05,8.525876033762469e-05
0.25,0.25,0.25,0.25
0.21712282017961984,0.21712282017961984,0.2828771798203801,0.2828771798203801

0.21267215690733474,0.21267215690733474,0.3619835292779958,0.21267215690733474
0.25,0.25,0.25,0.25
0.000141622999575131,0.9995751310012746,0.000141622999575131,0.000141622999575131
0.7314945293887565,6.876241111005419e-05,0.13421835410006672,0.13421835410006672

Transition Gammas
1.0,1.0,5825.552814628307,12885.44718537171
7552.767395188067,4174.232604811933,1.0,1.0
1.0,1.0,1.0,1.0
1.0,1.0,1.3028440750095427,1.3028440750095427

1.0,1.0,1.702072967810821,1.0
1.0,1.0,1.0,1.0
1.0,7058.0,1.0,1.0
10638.0,1.0,1951.9145988823798,1951.9145988823798

Iteration: ,60000
Error:,0.22578495148141156
Absolute Error:,0.3338072807475448
Transition Probabilities
5.122425980944571e-05,5.122425980944571e-05,0.31159607639503106,0.68830147508535
0.6449523626482475,0.3548841050541237,8.176614881439084e-05,8.176614881439084e-05
0.25,0.25,0.25,0.25
0.21712282017961984,0.21712282017961984,0.2828771798203801,0.2828771798203801

0.21267215690733474,0.21267215690733474,0.3619835292779958,0.21267215690733474
0.25,0.25,0.25,0.25
0.00013555645926528398,0.9995933306222041,0.00013555645926528398,0.00013555645926528398
0.7311566388357935,6.59293632854638e-05,0.13438871590046053,0.13438871590046053

Transition Gammas
1.0,1.0,6082.978603383802,13437.021396616215
7887.767395188067,4340.232604811933,1.0,1.0
1.0,1.0,1.0,1.0
1.0,1.0,1.3028440750095427,1.3028440750095427

1.0,1.0,1.702072967810821,1.0
1.0,1.0,1.0,1.0
1.0,7374.0,1.0,1.0
11090.0,1.0,2038.3742418166316,2038.3742418166316

Iteration: ,62500
Error:,0.22491031434085562
Absolute Error:,0.3337635561661748
Transition Probabilities
4.913039206052863e-05,4.913039206052863e-05,0.31183139642766183,0.6880703427882171
0.6455632863905248,0.35427975237889914,7.848061528802385e-05,7.848061528802385e-05
0.25,0.25,0.25,0.25
0.21712282017961984,0.21712282017961984,0.2828771798203801,0.2828771798203801

0.21267215690733474,0.21267215690733474,0.3619835292779958,0.21267215690733474
0.25,0.25,0.25,0.25
0.0001300221037576388,0.9996099336887271,0.0001300221037576388,0.0001300221037576388
0.7318334181685772,6.329643817406825e-05,0.13405164269662437,0.13405164269662437

Transition Gammas
1.0,1.0,6347.0162428886315,14004.983757111377
8225.767395188068,4514.232604811933,1.0,1.0
1.0,1.0,1.0,1.0
1.0,1.0,1.3028440750095427,1.3028440750095427

1.0,1.0,1.702072967810821,1.0
1.0,1.0,1.0,1.0
1.0,7688.0,1.0,1.0
11562.0,1.0,2117.838642483735,2117.838642483735

Iteration: ,65000
Error:,0.22468317107521835
Absolute Error:,0.3338722540355362
Transition Probabilities
4.721435316336166e-05,4.721435316336166e-05,0.31223556428838783,0.6876700070052856
0.6451218835861392,0.3547274005133333,7.535795026375282e-05,7.535795026375282e-05
0.25,0.25,0.25,0.25
0.21712282017961984,0.21712282017961984,0.2828771798203801,0.2828771798203801

0.21267215690733474,0.21267215690733474,0.3619835292779958,0.21267215690733474
0.25,0.25,0.25,0.25
0.00012490632025980515,0.9996252810392205,0.00012490632025980515,0.00012490632025980515
0.7327743899141665,6.0876828936958264e-05,0.13358236662844816,0.13358236662844816

Transition Gammas
1.0,1.0,6613.149251628054,14564.850748371948
8560.767395188068,4707.232604811933,1.0,1.0
1.0,1.0,1.0,1.0
1.0,1.0,1.3028440750095427,1.3028440750095427

1.0,1.0,1.702072967810821,1.0
1.0,1.0,1.0,1.0
1.0,8003.0,1.0,1.0
12037.0,1.0,2194.30559970167,2194.30559970167

Iteration: ,67500
Error:,0.22779945455323095
Absolute Error:,0.3338090570618338
Transition Probabilities
4.551247041689426e-05,4.551247041689426e-05,0.31137307155910965,0.6885359035000566
0.6447858934544975,0.35506883161269215,7.263746640517178e-05,7.263746640517178e-05
0.25,0.25,0.25,0.25
0.21712282017961984,0.21712282017961984,0.2828771798203801,0.2828771798203801

0.21267215690733474,0.21267215690733474,0.3619835292779958,0.21267215690733474
0.25,0.25,0.25,0.25
0.00012051096649795132,0.9996384671005062,0.00012051096649795132,0.00012051096649795132
0.7317445076322399,5.85770499225296e-05,0.1340984576589188,0.1340984576589188

Transition Gammas
1.0,1.0,6841.489128296753,15128.510871703233
8876.767395188068,4888.232604811933,1.0,1.0
1.0,1.0,1.0,1.0
1.0,1.0,1.3028440750095427,1.3028440750095427

1.0,1.0,1.702072967810821,1.0
1.0,1.0,1.0,1.0
1.0,8295.0,1.0,1.0
12492.0,1.0,2289.266151782467,2289.266151782467

Iteration: ,70000
Error:,0.22576234745085302
Absolute Error:,0.33383826645972925
Transition Probabilities
4.3896229313901954e-05,4.3896229313901954e-05,0.3114214851487843,0.6884907223925879
0.6446210721918277,0.35523891100615607,7.000840100812098e-05,7.000840100812098e-05
0.25,0.25,0.25,0.25
0.21712282017961984,0.21712282017961984,0.2828771798203801,0.2828771798203801

0.21267215690733474,0.21267215690733474,0.3619835292779958,0.21267215690733474
0.25,0.25,0.25,0.25
0.00011614401858304297,0.9996515679442509,0.00011614401858304297,0.00011614401858304297
0.7316192326657386,5.6495693642141975e-05,0.13416213582030964,0.13416213582030964

Transition Gammas
1.0,1.0,7094.492853174453,15684.507146825537
9207.767395188068,5074.232604811933,1.0,1.0
1.0,1.0,1.0,1.0
1.0,1.0,1.3028440750095427,1.3028440750095427

1.0,1.0,1.702072967810821,1.0
1.0,1.0,1.0,1.0
1.0,8607.0,1.0,1.0
12950.0,1.0,2374.7320755122782,2374.7320755122782

Iteration: ,72500
Error:,0.22778523986382548
Absolute Error:,0.3340153832593127
Transition Probabilities
4.2392640637585336e-05,4.2392640637585336e-05,0.3119491956655279,0.6879660190531969
0.6437515940934448,0.35611357141589245,6.741724533135576e-05,6.741724533135576e-05
0.25,0.25,0.25,0.25
0.21712282017961984,0.21712282017961984,0.2828771798203801,0.2828771798203801

0.21267215690733474,0.21267215690733474,0.3619835292779958,0.21267215690733474
0.25,0.25,0.25,0.25
0.00011190689346463742,0.9996642793196061,0.00011190689346463742,0.00011190689346463742
0.7320602932523164,5.464359880960785e-05,0.133942531574437,0.133942531574437

Transition Gammas
1.0,1.0,7358.569576554135,16228.430423445854
9548.767395188068,5282.232604811933,1.0,1.0
1.0,1.0,1.0,1.0
1.0,1.0,1.3028440750095427,1.3028440750095427

1.0,1.0,1.702072967810821,1.0
1.0,1.0,1.0,1.0
1.0,8933.0,1.0,1.0
13397.0,1.0,2451.2026018111787,2451.2026018111787

Iteration: ,74999
Error:,0.2266236175740029
Absolute Error:,0.3340488482377192
Transition Probabilities
4.1007135241532026e-05,4.1007135241532026e-05,0.3123312016612216,0.6875867840682952
0.6438837996606374,0.3559859750496115,6.511264487563485e-05,6.511264487563485e-05
0.25,0.25,0.25,0.25
0.21712282017961984,0.21712282017961984,0.2828771798203801,0.2828771798203801

0.21267215690733474,0.21267215690733474,0.3619835292779958,0.21267215690733474
0.25,0.25,0.25,0.25
0.0001080613788631943,0.9996758158634104,0.0001080613788631943,0.0001080613788631943
0.7311913362346935,5.286994477474284e-05,0.13437789691026594,0.13437789691026594

Transition Gammas
1.0,1.0,7616.50868371055,16767.491316289448
9888.767395188068,5467.232604811933,1.0,1.0
1.0,1.0,1.0,1.0
1.0,1.0,1.3028440750095427,1.3028440750095427

1.0,1.0,1.702072967810821,1.0
1.0,1.0,1.0,1.0
1.0,9251.0,1.0,1.0
13830.0,1.0,2541.668947883246,2541.668947883246

*,*,*,*,*,*,*,*,*,*,*
Model Num 2
Model States: 
"['diamond', 'x', 'square']","['diamond', 'x', 'diamond']","['square', 'y', 'diamond', 'x', 'diamond']","['square', 'y', 'diamond', 'x', 'square']"
Iteration: ,74999
Error:,0.22376669858696638
Absolute Error:,0.334048124089099
Transition Probabilities
4.1005453725345474e-05,4.1005453725345474e-05,0.3123254084722603,0.6875925806202889
0.6438837996606374,0.3559859750496115,6.511264487563485e-05,6.511264487563485e-05
0.25,0.25,0.25,0.25
0.21712282017961984,0.21712282017961984,0.2828771798203801,0.2828771798203801

0.21267215690733474,0.21267215690733474,0.3619835292779958,0.21267215690733474
0.25,0.25,0.25,0.25
0.0001080613788631943,0.9996758158634104,0.0001080613788631943,0.0001080613788631943
0.7311913362346935,5.286994477474284e-05,0.13437789691026594,0.13437789691026594

Transition Gammas
1.0,1.0,7616.6797364130125,16768.320263586986
9888.767395188068,5467.232604811933,1.0,1.0
1.0,1.0,1.0,1.0
1.0,1.0,1.3028440750095427,1.3028440750095427

1.0,1.0,1.702072967810821,1.0
1.0,1.0,1.0,1.0
1.0,9251.0,1.0,1.0
13830.0,1.0,2541.668947883246,2541.668947883246

