0,1,2,3,4,5,6,7,8,9,10,11,12,13,14,15,16,17,18,19,20,21,22,23,24,25,26,27,28,29
github Code Version (SHA):,ddb97f21bb9c22f159e8ea0ce9d830001061547e
Environment Observations,Environment Actions,alpha,epsilon,numActions,explore,patience,gainThresh,insertRandActions,useBudd,revisedSplitting,haveControl,confidence_factor
"['diamond', 'square']","['x', 'y']",0.99,0.99,75000,0.5,0,0.01,False,True,False,True,250

Model Num 0
Model States: 
['diamond'],['square']
Iteration: ,0
Error:,0.675499270799457
Absolute Error:,1
Transition Probabilities
0.5,0.5
0.5,0.5

0.5,0.5
0.5,0.5

Transition Gammas
1.0,1.0
1.0,1.0

1.0,1.0
1.0,1.0

Iteration: ,2414
Error:,0.1495030211384846
Absolute Error:,1
Transition Probabilities
0.4662698412698413,0.5337301587301587
0.02416918429003021,0.9758308157099698

0.024,0.976
0.9814323607427056,0.01856763925729443


Model Num 1
Model States: 
['square'],"['diamond', 'x', 'square']","['diamond', 'x', 'diamond']"
Iteration: ,0
Error:,0.7248317962827848
Absolute Error:,1
Transition Probabilities
0.3333333333333333,0.3333333333333333,0.3333333333333333
0.3333333333333333,0.3333333333333333,0.3333333333333333
0.3333333333333333,0.3333333333333333,0.3333333333333333

0.3333333333333333,0.3333333333333333,0.3333333333333333
0.3333333333333333,0.3333333333333333,0.3333333333333333
0.3333333333333333,0.3333333333333333,0.3333333333333333

Transition Gammas
1.0,1.0,1.0
1.0,1.0,1.0
1.0,1.0,1.0

1.0,1.0,1.0
1.0,1.0,1.0
1.0,1.0,1.0

Iteration: ,2500
Error:,0.11369053903259034
Absolute Error:,1
Transition Probabilities
0.9771949828962372,0.01683483573933435,0.005970181364428476
0.9958246346555324,0.0020876826722338203,0.0020876826722338203
0.003144654088050315,0.984230781494287,0.012624564417662663

0.013846153846153854,0.29241011708366177,0.6937437290701844
0.8583355506695435,0.05705615552200452,0.08460829380845192
0.982526668099514,0.008681799177375635,0.008791532723110439

Transition Gammas
857.0,14.764150943396226,5.235849056603773
477.0,1.0,1.0
1.0,312.9853885151832,4.014611484816726

9.0,190.06657610438006,450.9334238956196
30.044863341564817,1.9971727771458383,2.961597737685435
135.5691750279131,1.1979159349551824,1.213056985830606

Iteration: ,5000
Error:,0.15613071844524604
Absolute Error:,1
Transition Probabilities
0.9772020725388602,0.01617903142379037,0.0066188960373495245
0.9986850756081526,0.0006574621959237344,0.0006574621959237344
0.002380952380952382,0.988040114086759,0.009578933532288638

0.018242122719734667,0.6650441412680127,0.31671373601225256
0.8333427482431053,0.13220178050441542,0.03445547125247929
0.9841828382243031,0.007858914537578473,0.007958247238118544

Transition Gammas
943.0,15.612765323957708,6.387234676042291
1519.0,1.0,1.0
1.0,414.9768479164386,4.023152083561226

33.0,1203.0648515538346,572.9351484461647
94.44972738078653,14.983537271094173,3.905127720177675
150.01668477000393,1.1979159349551824,1.213056985830606

Iteration: ,7500
Error:,0.15718602564945153
Absolute Error:,1
Transition Probabilities
0.9782608695652174,0.015427633719325798,0.006311496715456809
0.9992389649923896,0.000380517503805175,0.000380517503805175
0.002083333333333334,0.989523204234954,0.008393462431712746

0.020225464190981434,0.76920117726979,0.2105733585392286
0.8663156358739594,0.11270538980042155,0.020978974325618946
0.9841828382243031,0.007858914537578473,0.007958247238118544

Transition Gammas
990.0,15.612765323957708,6.387234676042291
2626.0,1.0,1.0
1.0,474.97113803277773,4.028861967222117

61.0,2319.910750645686,635.0892493543133
161.26018133991576,20.979526219524615,3.905127720177675
150.01668477000393,1.1979159349551824,1.213056985830606

Iteration: ,10000
Error:,0.14072499347565923
Absolute Error:,1
Transition Probabilities
0.9803921568627451,0.01414152118016562,0.005466321957089284
0.9992818671454219,0.0003590664272890485,0.0003590664272890485
0.0015923566878980897,0.9919807138646503,0.006426929447451613

0.019472200871124768,0.7707594755874486,0.20976832354142655
0.9507564101182945,0.039858356589477055,0.009385233292228486
0.9841828382243031,0.007858914537578473,0.007958247238118544

Transition Gammas
1550.0,22.357744985841844,8.642255014158158
2783.0,1.0,1.0
1.0,622.9638883070002,4.0361116929996115

76.0,3008.274233217813,818.7257667821881
747.6031961075769,31.34160807202026,7.379840231224166
150.01668477000393,1.1979159349551824,1.213056985830606

Iteration: ,12500
Error:,0.1391712228748816
Absolute Error:,1
Transition Probabilities
0.9800865800865801,0.015983403966214886,0.003930015947205027
0.9993849938499385,0.0003075030750307503,0.0003075030750307503
0.0010672358591248667,0.9882146983165554,0.01071806582431971

0.0187945560596241,0.7365995357325014,0.24460590820787442
0.9557394109216589,0.033723977004570645,0.010536612073770399
0.9841828382243031,0.007858914537578473,0.007958247238118544

Transition Gammas
2264.0,36.92166316195639,9.078336838043613
3250.0,1.0,1.0
1.0,925.9571723226123,10.042827677387567

87.0,3409.7192509057504,1132.2807490942512
966.9716305327977,34.120314239958944,10.660442418545902
150.01668477000393,1.1979159349551824,1.213056985830606

Iteration: ,15000
Error:,0.1312916752951001
Absolute Error:,1
Transition Probabilities
0.9812896759104577,0.015594654835239693,0.003115669254302571
0.9994625100779361,0.0002687449610319806,0.0002687449610319806
0.0007942811755361393,0.9864519620337926,0.012753756790671183

0.018432321727797428,0.708874534278327,0.27269314399387556
0.9553423025201478,0.03174135863102684,0.012916338848825306
0.9841828382243031,0.007858914537578473,0.007958247238118544

Transition Gammas
2937.0,46.6748019218724,9.325198078127595
3719.0,1.0,1.0
1.0,1241.9430202005456,16.05697979945503

99.0,3807.365123608895,1464.6348763911058
1185.912360522332,39.40207550844119,16.033672803046084
150.01668477000393,1.1979159349551824,1.213056985830606

Iteration: ,17219
Error:,0.13089936218349074
Absolute Error:,1
Transition Probabilities
0.9808324205914567,0.01657903370931498,0.002588545699228283
0.9995177236556547,0.00024113817217265494,0.00024113817217265494
0.0006501950585175548,0.9856474567323394,0.013702348209143046

0.020455679361383674,0.6875109831321621,0.29203333750645427
0.9561700538580765,0.03162904854079779,0.012200897601125638
0.9841828382243031,0.007858914537578473,0.007958247238118544


Model Num 2
Model States: 
"['diamond', 'x', 'square']","['diamond', 'x', 'diamond']","['square', 'y', 'diamond', 'x', 'square']","['square', 'y', 'diamond', 'x', 'diamond']"
Iteration: ,0
Error:,0.6762439733872926
Absolute Error:,0.74
Transition Probabilities
0.25,0.25,0.25,0.25
0.25,0.25,0.25,0.25
0.25,0.25,0.25,0.25
0.25,0.25,0.25,0.25

0.25,0.25,0.25,0.25
0.25,0.25,0.25,0.25
0.25,0.25,0.25,0.25
0.25,0.25,0.25,0.25

Transition Gammas
1.0,1.0,1.0,1.0
1.0,1.0,1.0,1.0
1.0,1.0,1.0,1.0
1.0,1.0,1.0,1.0

1.0,1.0,1.0,1.0
1.0,1.0,1.0,1.0
1.0,1.0,1.0,1.0
1.0,1.0,1.0,1.0

Iteration: ,2500
Error:,0.03591210482425499
Absolute Error:,0.03750385827960053
Transition Probabilities
0.0021645021645021654,0.0021645021645021654,0.9789948134885569,0.0166761821824388
0.9763824406719173,0.01846292015282507,0.0025773195876288664,0.0025773195876288664
0.017396580150728338,0.0039301480167395686,0.023854559098182914,0.9548187127343492
0.007031479483573696,0.0036404318050768086,0.014358363361567912,0.9749697253497817

0.0272506565456878,0.005791436768725352,0.9602604912953663,0.006697415390220553
0.04590219630823664,0.04590219630823664,0.054974870719309454,0.8532207366642173
0.9447437786743976,0.0034270893569301538,0.047795859356454036,0.004033272612218211
0.0025275327192527735,0.9812339253277614,0.007613104301737595,0.008625437651248206

Transition Gammas
1.0,1.0,452.29560383171304,7.704396168286722
378.8363869807038,7.163613019296125,1.0,1.0
6.597394671424555,1.4904502700470046,9.046487281981406,362.10081711412204
1.9314960037894022,1.0,3.9441374348900813,267.81705510597004

6.525000487062151,1.3867235702510956,229.92841155602554,1.6036545251663648
1.0,1.0,1.1976522942420693,18.587797649915856
304.43824260116605,1.1043598112124309,15.401940456816996,1.2996988746705593
1.0197973347330826,395.9037737381938,3.0717004835657367,3.48015211065191

Iteration: ,5000
Error:,0.026586665354271947
Absolute Error:,0.028088260402134732
Transition Probabilities
0.0011049723756906078,0.0011049723756906078,0.9791957065554877,0.018594348693131108
0.9778924312000133,0.019540174704993002,0.001283697047496791,0.001283697047496791
0.01720173741489403,0.002015367789383672,0.021041024850156652,0.9597418699455657
0.009726929828247483,0.0020530224679184126,0.014560974321493255,0.9736590733823408

0.016811330600175697,0.002908583550999354,0.9743755322648896,0.00590455358393524
0.026493841820637035,0.026493841820637035,0.033379737962445574,0.9136325783962803
0.9533289975633072,0.0017448277247071825,0.04280610515717369,0.002120069554812039
0.0012581747675066285,0.9799236761066686,0.0088135156996876,0.010004633426137145

Transition Gammas
1.0,1.0,886.1721144327163,16.82788556728365
761.7782039048102,15.221796095189543,1.0,1.0
13.138030413769723,1.5392609870284806,16.070331603765243,733.0142050532367
5.219431128808823,1.1016435366973265,7.813359814592276,522.461513159139

8.269833582976318,1.4307910837643978,479.31503405628075,2.9045693456531336
1.0,1.0,1.2599055353476467,34.48471477189156
607.3118365523248,1.1115307859802779,27.269341859003667,1.3505760742015696
1.020601248066053,794.8906246354775,7.149312921587841,8.115519103434195

Iteration: ,7500
Error:,0.02312020188877376
Absolute Error:,0.020345064971574872
Transition Probabilities
0.0007518796992481201,0.0007518796992481201,0.9827665610207527,0.015729679580751027
0.9827905332950516,0.015423752419234108,0.0008928571428571428,0.0008928571428571428
0.016357512743277448,0.0014366310976853492,0.0173240617460881,0.9648817944129491
0.009130952819170356,0.0027533716024342163,0.012080294686130703,0.9760353808922647

0.016191665198753313,0.0044910353737207505,0.9755437398291301,0.0037735595983958673
0.022800144399933844,0.011534392858534191,0.014840972561614249,0.9508244901799177
0.9626965415909278,0.0011052151211728388,0.034845174533320034,0.0013530687545792873
0.0008499600108827039,0.9809127187354424,0.008477108677688007,0.009760212575986983

Transition Gammas
1.0,1.0,1307.0795261576013,20.92047384239887
1100.7253972904577,17.2746027095422,1.0,1.0
18.034204478298317,1.5838898848596366,19.099827512102546,1063.784931788109
7.396696403260002,2.2304193474535827,9.785865070688502,790.6554260299291

12.663552076498446,3.512452835109777,762.9758150619019,2.9513127835508848
1.9767095398579413,1.0,1.2866713266692273,82.43385688709323
972.2160173731081,1.1161438698756414,35.1897356496897,1.366448365582726
1.0214917415991194,1178.8722158554249,10.187886954709366,11.729936014599687

Iteration: ,10000
Error:,0.018515804490074582
Absolute Error:,0.0177395377522057
Transition Probabilities
0.0006215040397762585,0.0006215040397762585,0.9844763710647051,0.014280620855742464
0.9846621981997449,0.01396323135351969,0.0006872852233676975,0.0006872852233676975
0.013196869612069327,0.001777637663330636,0.013274343344237648,0.9717511493803624
0.01184539151438548,0.002219881997802171,0.012101506107772162,0.9738332203800402

0.011704454500195723,0.005561745544673952,0.9793651931171424,0.003368606837987959
0.01399650903169434,0.0035428838322633847,0.024417626318907412,0.9580429808171349
0.9644858691628687,0.000890579331640936,0.03352768113005023,0.0010958703754400134
0.0005890938235107322,0.9822760741423434,0.007948295991687471,0.009186536042458438

Transition Gammas
1.0,1.0,1584.0224810431105,22.977518956889625
1432.683498380629,20.316501619371152,1.0,1.0
19.070490423618512,2.568822988461333,19.182445918431217,1404.2550645078793
12.450995832712133,2.333375091079159,12.720204472298393,1023.6211571380511

12.663552076498446,6.017491403809895,1059.617270052312,3.64464043304162
3.9505977882296577,1.0,6.892020025197416,270.4133203840007
1212.0887519823802,1.1192089227464672,42.13490988007759,1.3772022983130354
1.0236206055673118,1706.8215447510106,13.811109931101056,15.962699338462725

Iteration: ,12500
Error:,0.01842781395587429
Absolute Error:,0.016153478045493504
Transition Probabilities
0.0005316321105794788,0.0005316321105794788,0.985631754111227,0.013304981667613984
0.9858151229353642,0.013065682884445613,0.0005595970900951316,0.0005595970900951316
0.013410938920684786,0.0014357244092607303,0.010749624875168798,0.9744037117948857
0.012102395880959715,0.0028897130910839216,0.011073593726501213,0.9739342973014552

0.013774509186928298,0.004930429433018472,0.9785507062431154,0.002744355136937961
0.014360564743600014,0.0031840897474039384,0.019099052846557243,0.9633562926624387
0.966262947636862,0.0007816129408738503,0.03146447700072784,0.001490962421536244
0.0004251929164921551,0.9843499005524323,0.007041771314693083,0.008183135216382385

Transition Gammas
1.0,1.0,1853.9733294832185,25.02667051678191
1761.6516246854956,23.348375314504306,1.0,1.0
23.995084275292594,2.568822988461333,19.233415075033847,1743.4200036966784
13.916802048012544,3.3229424536868066,12.73376060142648,1119.9477323856736

18.34802878344052,6.567468932947043,1303.4567170816601,3.6555572587882046
8.890337433163635,1.9712060616915132,11.82384032183628,596.3945473625986
1385.064228692249,1.1203825291396492,45.10192766347938,2.137180900338442
1.0257866538940201,2374.7643753778784,16.988418090260414,19.741981971917635

Iteration: ,15000
Error:,0.018139552980795896
Absolute Error:,0.0159446771552874
Transition Probabilities
0.00046274872744099955,0.00046274872744099955,0.9860857495193044,0.012988753025813555
0.9856980988675194,0.013360281546793255,0.00047080979284369156,0.00047080979284369156
0.01399831656440129,0.001207504612560671,0.009478314745386403,0.9753158640776516
0.013765950650287994,0.0027253376709151836,0.010395741306492888,0.9731129703723039

0.014703207469266929,0.004851191273433817,0.9776495532107254,0.002796048046573765
0.013425099144604389,0.0030862540070954866,0.01822810046630525,0.9652605463819949
0.9681375478714349,0.0006958443373960507,0.029838826259657118,0.0013277815315118166
0.0003318956362298717,0.9838111362405806,0.007027321890669071,0.008829646232520489

Transition Gammas
1.0,1.0,2130.931304711217,28.068695288783093
2093.6227619946094,28.377238005388847,1.0,1.0
29.884396894868775,2.577849052643654,20.234841699890442,2082.1593972292794
16.87340537965673,3.3405413462556144,12.74242235372441,1192.778475415373

23.16383622790711,7.642699758060051,1540.2159145339797,4.404970763799162
12.84258534765835,2.9523417342214606,17.43718489098089,923.3779815041656
1560.0458451693894,1.1212756594618851,48.08194562173,2.1395720743213364
1.0271589109821009,3044.7232955272793,21.7483314403718,27.326209863968906

Iteration: ,15316
Error:,0.018655350507975014
Absolute Error:,0.016226214432064637
Transition Probabilities
0.0004553734061930785,0.0004553734061930785,0.985849654853639,0.013239598333974874
0.9859542987507085,0.013121059547950762,0.00046232085067036564,0.00046232085067036564
0.01461099963712103,0.0011824755198897939,0.009283687450152867,0.9749228373928363
0.014088719645867874,0.0027186418711826234,0.010325269648073213,0.9728673688348763

0.014401884391475458,0.004751772429720862,0.9781065291328666,0.0027398140459370768
0.014818541041505878,0.00393611551353628,0.018083736174786078,0.9631616072701719
0.9686050027609708,0.000685716672191745,0.029400982408248063,0.0013082981585893045
0.00032306003289728213,0.9832629240663322,0.007465296571664757,0.008948719329105832

*,*,*,*,*,*,*,*,*,*,*
Model Num 2
Model States: 
"['diamond', 'x', 'square']","['diamond', 'x', 'diamond']","['square', 'y', 'diamond', 'x', 'square']","['square', 'y', 'diamond', 'x', 'diamond']"
Iteration: ,15316
Error:,0.018701318973351096
Absolute Error:,0.016226214432064637
Transition Probabilities
0.0004553734061930785,0.0004553734061930785,0.985849654853639,0.013239598333974874
0.9859542987507085,0.013121059547950762,0.00046232085067036564,0.00046232085067036564
0.01461099963712103,0.0011824755198897939,0.009283687450152867,0.9749228373928363
0.014088719645867874,0.0027186418711826234,0.010325269648073213,0.9728673688348763

0.014401884391475458,0.004751772429720862,0.9781065291328666,0.0027398140459370768
0.014818541041505878,0.00393611551353628,0.018083736174786078,0.9631616072701719
0.9686050027609708,0.000685716672191745,0.029400982408248063,0.0013082981585893045
0.00032306003289728213,0.9832629240663322,0.007465296571664757,0.008948719329105832

Transition Gammas
1.0,1.0,2164.92584205859,29.07415794140881
2132.6191481977808,28.380851802217474,1.0,1.0
31.85262691631838,2.577849052643654,20.2388501883293,2125.375003964577
17.3881241031361,3.3553142823712996,12.743320511150808,1200.7009132411658

23.16383622790711,7.642699758060051,1573.176039913984,4.40668749518438
14.821825842088542,3.936988025512735,18.08774476557496,963.3751096520797
1584.042751531437,1.1214112265509764,48.08194562173,2.1395720743213364
1.0273117612283633,3126.7178338779654,23.73920073105244,28.456397197374738

