0,1,2,3,4,5,6,7,8,9,10,11,12,13,14,15,16,17,18,19,20,21,22,23,24,25,26,27,28,29
github Code Version (SHA):,528ca1c557fe8e6666681dc5c9134b0f84d30530
Environment Observations,Environment Actions,alpha,epsilon,numActions,explore,patience,gainThresh,insertRandActions,useUpdatedPosterior,revisedSplitting,haveControl,confidence_factor
"['diamond', 'square']","['x', 'y']",0.85,0.99,75000,0.5,0,0.01,False,True,False,True,250

Model Num 0
Model States: 
['diamond'],['square']
Iteration: ,0
Error:,0.5066929648245313
Absolute Error:,1
Transition Probabilities
0.5,0.5
0.5,0.5

0.5,0.5
0.5,0.5

Transition Gammas
1.0,1.0
1.0,1.0

1.0,1.0
1.0,1.0

Iteration: ,2456
Error:,0.0863741157199243
Absolute Error:,1
Transition Probabilities
0.4725897920604915,0.5274102079395085
0.10850439882697947,0.8914956011730205

0.108,0.892
0.8668442077230359,0.13315579227696406


Model Num 1
Model States: 
['square'],"['diamond', 'x', 'square']","['diamond', 'x', 'diamond']"
Iteration: ,0
Error:,0.571248855145692
Absolute Error:,1
Transition Probabilities
0.3333333333333333,0.3333333333333333,0.3333333333333333
0.3333333333333333,0.3333333333333333,0.3333333333333333
0.3333333333333333,0.3333333333333333,0.3333333333333333

0.3333333333333333,0.3333333333333333,0.3333333333333333
0.3333333333333333,0.3333333333333333,0.3333333333333333
0.3333333333333333,0.3333333333333333,0.3333333333333333

Transition Gammas
1.0,1.0,1.0
1.0,1.0,1.0
1.0,1.0,1.0

1.0,1.0,1.0
1.0,1.0,1.0
1.0,1.0,1.0

Iteration: ,2500
Error:,0.08110825293934036
Absolute Error:,1
Transition Probabilities
0.8886337543053962,0.059708078801847614,0.051658166892756284
0.9959100204498977,0.002044989775051125,0.002044989775051125
0.0028328611898017,0.8004035974683608,0.19676354134183746

0.11470113085621975,0.3350801145420827,0.5502187546016977
0.7562727776411049,0.13228592156588073,0.11144130079301448
0.9156653300321242,0.04977485684119263,0.03455981312668304

Transition Gammas
774.0,52.005736636409274,44.994263363590726
487.0,1.0,1.0
1.0,282.54246990633135,69.45753009366862

71.0,207.4145909015491,340.5854090984507
31.14557240020567,5.447929463373204,4.589485705208173
86.73694442777197,4.714952996618717,3.2736989075453216

Iteration: ,2885
Error:,0.07437233114808238
Absolute Error:,1
Transition Probabilities
0.8913738019169329,0.05766648836057696,0.05095970972249013
0.9965337954939342,0.0017331022530329288,0.0017331022530329288
0.0024213075060532684,0.8048094379639067,0.19276925453004012

0.11584553928095874,0.3544481831281969,0.5297062775908443
0.7879591375822577,0.11587433269415871,0.09616652972358371
0.9187456968348566,0.04943159114854907,0.031822712016594326


Model Num 2
Model States: 
"['diamond', 'x', 'square']","['diamond', 'x', 'diamond']","['square', 'y', 'diamond', 'x', 'diamond']","['square', 'y', 'diamond', 'x', 'square']"
Iteration: ,0
Error:,0.5071567981058218
Absolute Error:,0.6
Transition Probabilities
0.25,0.25,0.25,0.25
0.25,0.25,0.25,0.25
0.25,0.25,0.25,0.25
0.25,0.25,0.25,0.25

0.25,0.25,0.25,0.25
0.25,0.25,0.25,0.25
0.25,0.25,0.25,0.25
0.25,0.25,0.25,0.25

Transition Gammas
1.0,1.0,1.0,1.0
1.0,1.0,1.0,1.0
1.0,1.0,1.0,1.0
1.0,1.0,1.0,1.0

1.0,1.0,1.0,1.0
1.0,1.0,1.0,1.0
1.0,1.0,1.0,1.0
1.0,1.0,1.0,1.0

Iteration: ,2500
Error:,0.05095046610553532
Absolute Error:,0.09920216084856441
Transition Probabilities
0.001824817518248176,0.001824817518248176,0.08519781348401034,0.9111525514794933
0.8690228744243657,0.12572778174361335,0.002624671916010497,0.002624671916010497
0.09697466870003572,0.051790980869308216,0.7493976592222339,0.10183669120842222
0.04343345592665938,0.05544398462739194,0.8186485632457495,0.08247399620019914

0.0657389683982818,0.03253825790236782,0.11219419068848752,0.7895285830108628
0.1451587214834709,0.05707208357018186,0.5929269205612507,0.20484227438509656
0.003082033308686493,0.89877890596891,0.05925319448138659,0.03888586624101693
0.9138698760171332,0.003029033612363619,0.02601336131177609,0.05708772905872707

Transition Gammas
1.0,1.0,46.688401789237645,499.3115982107621
331.09771515568355,47.90228484431672,1.0,1.0
18.556881780090166,9.91062018721091,143.40326143808903,19.487268840027937
13.49435498663394,17.22591017622132,254.34619663675622,25.62387353589953

11.141247296942623,5.51448838846477,19.014341937459534,133.8069855011388
3.8251712427521873,1.5039433428839348,15.62460031616335,5.397931101005511
1.1139029948433954,324.83507307956785,21.415184125632848,14.05406059073662
346.0388039085568,1.146950124660276,9.850015489294192,21.61639200477084

Iteration: ,5000
Error:,0.05117234426751168
Absolute Error:,0.09594361322202052
Transition Probabilities
0.0009746588693957123,0.0009746588693957123,0.08255653142787131,0.9154941508333374
0.8647319961158598,0.1327234746220537,0.0012722646310432567,0.0012722646310432567
0.07358090271235389,0.04339057094600669,0.7916928609570607,0.0913356653845788
0.048300217855999375,0.06123330517581758,0.8015822911890135,0.0888841857791695

0.05979035386816857,0.03929355128136454,0.07135409375815213,0.8295620010923147
0.1597829706222874,0.03222700455220313,0.5829759071781873,0.22501411764732226
0.0015608754260660618,0.9181506107032384,0.051214031368186606,0.029074482502508825
0.9080479371178216,0.001628449777241336,0.02666903446499179,0.06365457863994528

Transition Gammas
1.0,1.0,84.70300124499589,939.2969987550033
679.679348947066,104.32065105293424,1.0,1.0
30.058075924278523,17.725211676071048,323.40951586832387,37.31096335494171
31.440104644493402,39.85865091117342,521.7746882900456,57.85746371722779

22.702277299407353,14.919682516596305,27.093006114618266,314.9830259806399
7.456620257224017,1.5039433428839348,27.205840159364715,10.500773776303646
1.1179853171757494,657.6302532414421,36.682322078269166,20.824752571197433
655.5741926629124,1.1756754289818605,19.253973302312392,45.9560528639419

Iteration: ,7500
Error:,0.039552557474577234
Absolute Error:,0.08853316563096648
Transition Probabilities
0.0007246376811594212,0.0007246376811594212,0.0723632869603527,0.9261874376773285
0.8733567895468847,0.12491907252208093,0.0008620689655172416,0.0008620689655172416
0.06690102436334493,0.051847085707451265,0.7918771420288543,0.08937474790034965
0.04834553848759668,0.05070118048012321,0.8185973250864054,0.08235595594587468

0.051116588124021395,0.044927158988203146,0.07348107116139632,0.8304751817263791
0.10930628017764707,0.03308665754876474,0.6133132934351077,0.2442937688384805
0.001008844454068448,0.9076611691768314,0.05964803699031836,0.0316819493787819
0.9095379552590435,0.0011445171421220898,0.024103653382631443,0.06521387421620306

Transition Gammas
1.0,1.0,99.8613360052866,1278.1386639947118
1013.093875874386,144.90612412561384,1.0,1.0
42.36801158741419,32.83444385091509,501.4909748925925,56.60048393427785
47.28035873003486,49.58409971483665,800.5614664000865,80.54143696578917

34.29375107062925,30.14130761063033,49.29792177635413,557.1598222354022
11.163700199673276,3.37921595066046,62.639088305412415,24.950280912759425
1.1258899472294603,1012.9674418544182,66.56836437821559,35.357669034460514
950.4904924713776,1.1960497698501542,25.18893603235251,68.1501712614857

Iteration: ,10000
Error:,0.044308791398756715
Absolute Error:,0.08436568624192611
Transition Probabilities
0.0005678591709256109,0.0005678591709256109,0.06623583490419506,0.9326284467539537
0.8748173591064199,0.12382486764171315,0.0006788866259334697,0.0006788866259334697
0.06719716714127438,0.0512503041436778,0.7859845311817233,0.09556799753332454
0.049222150254253506,0.05437673873526894,0.8253294692457513,0.07107164176472625

0.05357280718231583,0.04923266791441508,0.07539267692633378,0.8218018479769353
0.11600679227119806,0.04518060848119724,0.6392040419091467,0.19960855733845803
0.0007873957138598752,0.9131822923509805,0.05730879702211473,0.028721514913044987
0.9060390096032688,0.0008009449521937801,0.026315845928351782,0.06684419951618556

Transition Gammas
1.0,1.0,116.64130526628742,1642.3586947337112
1288.6059699637553,182.3940300362433,1.0,1.0
56.88955981969016,43.38884163419183,665.4196286281983,80.9084898041873
59.57172436895391,65.81012969339218,998.8653360634979,86.01534536357315

54.72434944458748,50.29091930667269,77.01323515937564,839.4663985004473
20.213715146176487,7.872538599591904,111.37872335294345,34.78098514564812
1.1331712813255945,1314.195556430671,82.47528124636833,41.33423040377295
1381.8498221651578,1.2215651070451028,40.13574098994005,101.94775747532017

Iteration: ,12500
Error:,0.03804758414264939
Absolute Error:,0.07559324934837874
Transition Probabilities
0.0004748338081671418,0.0004748338081671418,0.058866535174425874,0.9401837972092397
0.8751353933104308,0.12375040056143558,0.0005571030640668528,0.0005571030640668528
0.06020971456599846,0.04854427371673834,0.7991778589937253,0.092068152723538
0.04893872465050297,0.05043923878973396,0.8426619446564314,0.05796009190333171

0.05677209252659545,0.05074005726340266,0.06914415904740608,0.8233436911625959
0.09870902064512758,0.037854228333971826,0.6850399548499679,0.17839679617093268
0.0005851916080371946,0.9090293087412469,0.05999211950074305,0.030393380149972896
0.9108458743443546,0.0007026977638813067,0.02594818558267717,0.06250324230908687

Transition Gammas
1.0,1.0,123.97292307734081,1980.0270769226577
1570.868030992222,222.1319690077767,1.0,1.0
64.16482358966171,51.733092936497194,851.674961569311,98.11600703166168
75.75589362796464,78.07865112380536,1304.4191302412776,89.72073931744205

69.041624135703,61.70595104562679,84.08753011691321,1001.2839606558571
37.33543733965008,14.317882608569617,259.107689877786,67.47632953405213
1.146836779395274,1781.4818778919714,117.57032768821865,59.56381760675508
1590.7447882467604,1.2272249752588118,45.31715204816119,109.15865104321158

Iteration: ,15000
Error:,0.03654063436114704
Absolute Error:,0.07146814330315539
Transition Probabilities
0.000408496732026144,0.000408496732026144,0.055995931862162424,0.9431870746737854
0.875430933397773,0.1236157777557065,0.0004766444232602484,0.0004766444232602484
0.05943920051075025,0.04683327506986026,0.809647036618133,0.08408048780125656
0.049326590022268475,0.04681580331909587,0.8554238841484533,0.04843372251018233

0.05526626465048949,0.04997363248158185,0.06584929870292747,0.8289108041650012
0.08076451187841671,0.042540837230416774,0.6969518362760415,0.17974281461512506
0.00045187691304781285,0.9083484237684591,0.05944984404887486,0.03174985526961818
0.9148411738879243,0.0006275365134746679,0.024221764875462338,0.06030952472313872

Transition Gammas
1.0,1.0,137.07804119857354,2308.9219588014253
1836.6540982685258,259.34590173147194,1.0,1.0
70.14232235778557,55.266468068103514,955.438884616621,99.22072687180486
92.62565925165988,87.9108943851513,1606.3182387652532,90.94902922525765

76.57952229085802,69.24580350744853,91.24386946989983,1148.57759622668
54.32730583787145,28.615650872689546,468.8137733146278,120.90635645091153
1.1603812382409406,2332.561010071176,152.66211142627023,81.53091098024736
1795.8520741401742,1.2318671059947703,47.54782352664815,118.388839676039

Iteration: ,17500
Error:,0.03535031084267797
Absolute Error:,0.06927995165477635
Transition Probabilities
0.0003565062388591802,0.0003565062388591802,0.052077824144877424,0.9472091633774041
0.8714058542949751,0.12777143899996526,0.00041135335252982336,0.00041135335252982336
0.05735728212474314,0.04560390428522783,0.8174892511270168,0.07954956246301224
0.049312746626146896,0.04884512059833424,0.8601628203402268,0.04167931243529205

0.05584144764383279,0.049925583949943175,0.06253590348186241,0.8316970649243616
0.07588700239099705,0.04306481499436758,0.7089920465401637,0.17205613607447162
0.0003676883602785909,0.9076810042905316,0.05946811051696805,0.032483196832221686
0.9154646661573036,0.0005704124233993285,0.024193524482257815,0.059771396937039416

Transition Gammas
1.0,1.0,146.0782967263811,2656.9217032736174
2118.387631791083,310.61236820891537,1.0,1.0
72.76805200607036,57.85677346932301,1037.1324814700793,100.92296015315318
109.72336022674159,108.68286861733928,1913.9058650567645,92.73858231850411

86.29903963396201,77.15648733760368,96.64485146496548,1285.3294640058325
73.42739079008604,41.669019730173574,686.0125506096365,166.47953856813896
1.1695332936494853,2887.1274405495205,189.1545740184011,103.32168293461419
1982.9752087148195,1.2355623719391602,52.40525498502282,129.4699868799043

Iteration: ,17800
Error:,0.03605575975916342
Absolute Error:,0.06948474923588072
Transition Probabilities
0.00035038542396636303,0.00035038542396636303,0.051580165598556764,0.9477190635535105
0.870402511433474,0.12878711579505117,0.00040518638573743937,0.00040518638573743937
0.05856749507514613,0.04656503565917943,0.8153289237597986,0.07953854550587598
0.049796800163002745,0.04932203768315874,0.8599590266606911,0.040922135493147486

0.05542697629150477,0.050729525153006313,0.061911693998272,0.8319318045572168
0.07626594173842326,0.04259009742333932,0.708358947418456,0.1727850134197815
0.00036099695087538563,0.9080835451205664,0.05869307036944476,0.03286238755911343
0.9152045506348188,0.0005616485812598757,0.024010047244999194,0.06022375353892238

*,*,*,*,*,*,*,*,*,*,*
Model Num 2
Model States: 
"['diamond', 'x', 'square']","['diamond', 'x', 'diamond']","['square', 'y', 'diamond', 'x', 'diamond']","['square', 'y', 'diamond', 'x', 'square']"
Iteration: ,17800
Error:,0.03490484726206282
Absolute Error:,0.06948474923588072
Transition Probabilities
0.00035038542396636303,0.00035038542396636303,0.051580165598556764,0.9477190635535105
0.870402511433474,0.12878711579505117,0.00040518638573743937,0.00040518638573743937
0.05856749507514613,0.04656503565917943,0.8153289237597986,0.07953854550587598
0.049796800163002745,0.04932203768315874,0.8599590266606911,0.040922135493147486

0.05542697629150477,0.050729525153006313,0.061911693998272,0.8319318045572168
0.07626594173842326,0.04259009742333932,0.708358947418456,0.1727850134197815
0.00036099695087538563,0.9080835451205664,0.05869307036944476,0.03286238755911343
0.9152045506348188,0.0005616485812598757,0.024010047244999194,0.06022375353892238

Transition Gammas
1.0,1.0,147.20979261828097,2704.7902073817186
2148.153398217813,317.84660178218616,1.0,1.0
74.87444837742204,59.53014302869855,1042.3410346360931,101.68447040211896
112.9634869403216,111.88649353881668,1950.8074807901246,92.83140891018023

86.78639807149271,79.43122750828093,96.9400331772745,1302.6213874434995
76.3057265989971,42.61231495647653,708.7284696628142,172.87514838057083
1.1703496298142688,2944.000602484725,190.28253012379167,106.53963425828991
2013.9180803175234,1.2359141263003641,52.83438355113243,132.5230584053522

