0,1,2,3,4,5,6,7,8,9,10,11,12,13,14,15,16,17,18,19,20,21,22,23,24,25,26,27,28,29
github Code Version (SHA):,528ca1c557fe8e6666681dc5c9134b0f84d30530
Environment Observations,Environment Actions,alpha,epsilon,numActions,explore,patience,gainThresh,insertRandActions,useUpdatedPosterior,revisedSplitting,haveControl,confidence_factor
"['diamond', 'square']","['x', 'y']",0.85,0.99,75000,0.5,0,0.01,False,True,False,True,250

Model Num 0
Model States: 
['diamond'],['square']
Iteration: ,0
Error:,0.5052293940396531
Absolute Error:,1
Transition Probabilities
0.5,0.5
0.5,0.5

0.5,0.5
0.5,0.5

Transition Gammas
1.0,1.0
1.0,1.0

1.0,1.0
1.0,1.0

Iteration: ,2473
Error:,0.08148101022908766
Absolute Error:,1
Transition Probabilities
0.44731977818853974,0.5526802218114603
0.10526315789473684,0.8947368421052632

0.1,0.9
0.8796895213454075,0.1203104786545925


Model Num 1
Model States: 
['square'],"['diamond', 'x', 'square']","['diamond', 'x', 'diamond']"
Iteration: ,0
Error:,0.5715429859363137
Absolute Error:,1
Transition Probabilities
0.3333333333333333,0.3333333333333333,0.3333333333333333
0.3333333333333333,0.3333333333333333,0.3333333333333333
0.3333333333333333,0.3333333333333333,0.3333333333333333

0.3333333333333333,0.3333333333333333,0.3333333333333333
0.3333333333333333,0.3333333333333333,0.3333333333333333
0.3333333333333333,0.3333333333333333,0.3333333333333333

Transition Gammas
1.0,1.0,1.0
1.0,1.0,1.0
1.0,1.0,1.0

1.0,1.0,1.0
1.0,1.0,1.0
1.0,1.0,1.0

Iteration: ,2500
Error:,0.07797761016437293
Absolute Error:,1
Transition Probabilities
0.8775743707093822,0.0704457616886722,0.05197986760194565
0.9957983193277311,0.0021008403361344537,0.0021008403361344537
0.0027932960893854754,0.8331126674641745,0.1640940364464401

0.08666666666666666,0.29621971625785376,0.6171136170754796
0.7390204567072712,0.17009138309766295,0.09088816019506592
0.9358359810118594,0.022380748655918103,0.04178327033222251

Transition Gammas
767.0,61.5695957158995,45.4304042841005
474.0,1.0,1.0
1.0,298.2543349521744,58.74566504782555

52.0,177.7318297547123,370.2681702452878
41.64706043303094,9.585399222327762,5.121948473735212
100.80254968293976,2.4107178758934493,4.500639288335066

Iteration: ,2939
Error:,0.07997572225626595
Absolute Error:,1
Transition Probabilities
0.8790149892933619,0.06764203991624232,0.0533429707903958
0.9966216216216216,0.0016891891891891893,0.0016891891891891893
0.0022935779816513763,0.8129795880537917,0.18472683396455705

0.08133333333333331,0.34019488481173,0.5784717818549368
0.7577553161914906,0.1474995236557022,0.09474516015280725
0.9399117194113394,0.022115472173301603,0.03797280841535898


Model Num 2
Model States: 
"['diamond', 'x', 'square']","['diamond', 'x', 'diamond']","['square', 'y', 'diamond', 'x', 'diamond']","['square', 'y', 'diamond', 'x', 'square']"
Iteration: ,0
Error:,0.5067660553887776
Absolute Error:,0.6
Transition Probabilities
0.25,0.25,0.25,0.25
0.25,0.25,0.25,0.25
0.25,0.25,0.25,0.25
0.25,0.25,0.25,0.25

0.25,0.25,0.25,0.25
0.25,0.25,0.25,0.25
0.25,0.25,0.25,0.25
0.25,0.25,0.25,0.25

Transition Gammas
1.0,1.0,1.0,1.0
1.0,1.0,1.0,1.0
1.0,1.0,1.0,1.0
1.0,1.0,1.0,1.0

1.0,1.0,1.0,1.0
1.0,1.0,1.0,1.0
1.0,1.0,1.0,1.0
1.0,1.0,1.0,1.0

Iteration: ,2500
Error:,0.05563409085042061
Absolute Error:,0.09121512428554068
Transition Probabilities
0.0019646365422396855,0.0019646365422396855,0.06630528284667683,0.9297654440688438
0.8469466487192453,0.14787200413049567,0.002590673575129533,0.002590673575129533
0.10429612283957321,0.04470076543089646,0.7737690061965845,0.07723410553294566
0.05077498613495957,0.04833737095978666,0.7980711109918884,0.10281653191336546

0.07863154263198292,0.030722589299215418,0.08883608697293173,0.80180978109587
0.09949468117495977,0.15972206947804032,0.6150770456095307,0.12570620373746927
0.0030965512969732714,0.8965172657915881,0.050955120331972005,0.049431062579466604
0.8955969832428742,0.0032418560454681986,0.05519656345564699,0.04596459725601052

Transition Gammas
1.0,1.0,33.749388968958506,473.2506110310415
326.9214064056288,57.07859359437135,1.0,1.0
24.635608246692602,10.558691114306917,182.77064948438232,18.24333556598343
16.148590277907772,15.37332568966252,253.82032305803455,32.7000000207029

14.394559498729842,5.6241824186559874,16.26263833524332,146.7820446390878
2.622217629593367,4.209531820941818,16.210573806647176,3.313031608292711
1.1042967938013692,319.71733947017714,18.171691864223412,17.628180089913425
311.29787378562867,1.1268270359946706,19.18560822056359,15.976696731825067

Iteration: ,5000
Error:,0.0557055831998107
Absolute Error:,0.0852863154447289
Transition Probabilities
0.0010080645161290318,0.0010080645161290318,0.07963143325569695,0.918352437712045
0.8477176948136924,0.14973777592422105,0.0012722646310432569,0.0012722646310432569
0.09381718158645175,0.0449003365643662,0.7932194435377905,0.06806303831139159
0.04290538604659409,0.053229967892311575,0.7968070362163411,0.10705760984475336

0.06525681691335647,0.04175805416146085,0.06252264171968307,0.8304624872054995
0.1032752693567487,0.1376899330038795,0.6173017089328816,0.14173308870649018
0.0015202699874691187,0.8800845861174855,0.0618947315624357,0.056500412332609676
0.8927618925995978,0.0016541484433032787,0.06068170671867323,0.044902252238425665

Transition Gammas
1.0,1.0,78.99438178965141,911.0056182103491
666.3061081235624,117.69389187643776,1.0,1.0
43.432709934779005,20.786632693469137,367.22132794041295,31.509816754986854
26.794748147861736,33.24253001812755,497.6122073502663,66.85831214726764

24.73639606435076,15.828902105139115,23.69997345443665,314.7969817065424
5.10552234005628,6.80684769287626,30.516963888274734,7.006725377946232
1.1107760619676628,643.0284744313408,45.22301087843088,41.281684192716575
619.9309466671683,1.1486352843746888,42.13717924490128,31.17997751516902

Iteration: ,7500
Error:,0.044985974387032765
Absolute Error:,0.08102033542279186
Transition Probabilities
0.0007235890014471778,0.0007235890014471778,0.07112910376285095,0.9274237182342546
0.8627894051984181,0.1354638699107523,0.0008733624454148472,0.0008733624454148472
0.08260595421351286,0.04783500453585217,0.7951304360662136,0.07442860518442139
0.04713557662571615,0.05101331026250146,0.7955751034956947,0.10627600961608769

0.06595562026330282,0.04476499731163819,0.05667594492552775,0.8326034374995313
0.08838241599139368,0.0992248072475409,0.6421684165216544,0.17022436023941104
0.0010222415218645972,0.8879094330173534,0.05607286818320036,0.05499545727758154
0.8965042302151233,0.0011104053386165821,0.061087569639100836,0.04129779480715939

Transition Gammas
1.0,1.0,98.30042140026002,1281.69957859974
987.8938689521887,155.10613104781137,1.0,1.0
57.07319378175394,33.04963315803178,549.3627413597998,51.42339008174378
44.082244914028365,47.70878809277193,744.0396208215016,99.39169985301588

43.73584217779745,29.684124714397672,37.582395141534136,552.1078020917643
8.471111200247659,9.510312278620077,61.54934784959491,16.31534359413169
1.1221139772110984,974.6577144205702,61.55115771067144,60.3684843301289
942.3664028230361,1.167209980009252,64.212606385792,43.41045253920113

Iteration: ,10000
Error:,0.04221259780154501
Absolute Error:,0.07634025256980628
Transition Probabilities
0.000572409845449342,0.000572409845449342,0.06233401541727674,0.9365211648918246
0.8779270285351634,0.12067044692065712,0.0007012622720897613,0.0007012622720897613
0.07402280845629967,0.04307520686625145,0.8030945106862993,0.07980747399114953
0.05309008131293102,0.054806735459249516,0.7998623448113089,0.09224083841651058

0.06300832392693219,0.04384718133981921,0.06218907634561108,0.8309554183876375
0.06534696533653228,0.09799394028135826,0.675543189144081,0.16111590523802855
0.0007852009600728272,0.8858350567312838,0.057450750659461106,0.05592899164918221
0.8945824351894747,0.0007768081339668294,0.06584998179952396,0.03879077487703437

Transition Gammas
1.0,1.0,108.89752493398242,1636.102475066017
1251.9239426911433,172.07605730885712,1.0,1.0
69.97684913679093,40.72079018989466,759.1987468302738,75.44533480871674
60.574956656143755,62.53363232465332,912.6304889652769,105.24536129586899

62.99198763916215,43.835812997866434,62.17295246571683,830.7399749986878
10.949774797473507,16.42022046581668,113.19646978249824,26.997166120294597
1.130561347029668,1275.4580367442936,82.71971298583446,80.5286281502328
1366.0285555896203,1.1861870426599912,100.55300885060889,59.233564276560074

Iteration: ,12500
Error:,0.03635916203834398
Absolute Error:,0.06965989057027636
Transition Probabilities
0.0004728132387706852,0.0004728132387706852,0.05492517270089414,0.9441292008215645
0.8733290995863202,0.1255312992740786,0.0005698005698005697,0.0005698005698005697
0.07114822010885903,0.04195967241729004,0.8077638597426193,0.07912824773123155
0.053314276200568514,0.05218892714059029,0.8198745091851602,0.07462228747368096

0.062494570122115047,0.04843922378106527,0.05801631431966245,0.8310498917771574
0.07568483706078372,0.056998338909038194,0.7041171583582231,0.1631996656719551
0.0005723841420881723,0.8897076288585565,0.056876652941728535,0.052843334057626826
0.9015753748123353,0.0006846397682459562,0.06156567677062153,0.036174308648797185

Transition Gammas
1.0,1.0,116.16674026239122,1996.8332597376107
1532.6925697739923,220.30743022600802,1.0,1.0
76.64506019460889,45.20143460017244,870.1708849255358,85.24161674283413
79.46368085782257,77.78637442268791,1222.00376680081,111.2227729469962

72.70057170202817,56.34984375130127,67.4909709890373,966.7688269084971
31.406176207932976,23.652027867868405,292.18042087700593,67.7213251189643
1.1513040159865076,1789.5743275167438,114.40274831652432,106.29005635395559
1568.251263129863,1.1909011840126484,107.09082463689654,62.923641013525085

Iteration: ,15000
Error:,0.03463104697112986
Absolute Error:,0.06408333422824936
Transition Probabilities
0.00040502227622519186,0.00040502227622519186,0.05272323393602047,0.9464667215115292
0.8752663239975829,0.12376374389766437,0.00048496605237633345,0.00048496605237633345
0.06800474849142629,0.03925488512682248,0.8208196405974684,0.07192072578428274
0.05011722097422914,0.0520436595080293,0.8343156641270053,0.06352345539073626

0.05838439543712027,0.04640104901516576,0.05534429737523821,0.8398702581724758
0.06734130728271293,0.05719976025875376,0.7189333166043497,0.1565256158541836
0.0004437383172398538,0.8857846856182755,0.05946558003611834,0.054305996028366374
0.9042873862742848,0.0006099383360252926,0.06019781616944044,0.03490485922024944

Transition Gammas
1.0,1.0,130.1736645880347,2336.8263354119686
1804.7991600830167,255.20083991698405,1.0,1.0
81.46982505047723,47.027431092727404,983.3435752784563,86.1611736993275
90.80819110910993,94.29873577891979,1511.709843455349,115.09916082536184

76.83188484941967,61.06220725818885,72.83121887570024,1105.2407836244065
46.885483597017874,39.824567261610085,500.5476962526372,108.97886439647974
1.1672799498404647,2330.1091278963563,156.42773361011007,142.85514199974673
1771.5679378275468,1.1949157055106214,117.93211170665424,68.38128056142341

Iteration: ,17500
Error:,0.035020716148771044
Absolute Error:,0.06168250534506624
Transition Probabilities
0.0003524850193866761,0.0003524850193866761,0.04867815230607957,0.9506168776551471
0.8753113025269721,0.12384410287843327,0.000422297297297297,0.000422297297297297
0.06802666861313497,0.04006437519798347,0.8254621606151106,0.06644679557377094
0.049537026853322334,0.051030373071077446,0.8442981354136462,0.05513446466195405

0.05532223069487887,0.04713606592951151,0.05254939200693434,0.8449923113686754
0.06369598812325508,0.052574112918657406,0.7210356143155595,0.16269428464252797
0.0003645156908702216,0.8836909258710077,0.061194863077802655,0.05474969536031954
0.90800515663061,0.000547994341999835,0.058572808454046575,0.032874040573343595

Transition Gammas
1.0,1.0,138.0999180923477,2696.900081907652
2072.7371643838715,293.2628356161302,1.0,1.0
89.49648551999184,52.70904555337164,1085.9853026894666,87.41799060801893
106.42913597273375,109.6375551645926,1813.9546671125654,118.45509932733164

81.13381410497745,69.12824668725736,77.06725757200658,1239.238697529014
61.89308980914876,51.086016378522615,700.6268895000396,158.08926539187823
1.177707156917304,2855.1010394548284,197.71337700511114,176.8898011247667
1984.945013043974,1.1979432367600473,128.04310987865625,71.86430871912944

Iteration: ,17717
Error:,0.03551388549848858
Absolute Error:,0.06193017944681846
Transition Probabilities
0.00034818941504178273,0.00034818941504178273,0.04880697240220497,0.9504966487677114
0.876306497508617,0.12285598155335953,0.000418760469011725,0.000418760469011725
0.06757641288072175,0.03979919662954534,0.8265813273718139,0.06604306311791897
0.04893639749590752,0.05041163710460384,0.8461363421645955,0.05451562323489318

0.05547120409306869,0.04678497772930179,0.052590104738409714,0.8451537134392199
0.06528512344529466,0.0542737231181826,0.7168910989465224,0.1635500544900004
0.0003588449295799316,0.8838553590515158,0.06131817600863331,0.05446762001027098
0.908202587700002,0.0005422172158794181,0.058221618751343955,0.03303357633277466

*,*,*,*,*,*,*,*,*,*,*
Model Num 2
Model States: 
"['diamond', 'x', 'square']","['diamond', 'x', 'diamond']","['square', 'y', 'diamond', 'x', 'diamond']","['square', 'y', 'diamond', 'x', 'square']"
Iteration: ,17717
Error:,0.03559232172888378
Absolute Error:,0.06193017944681846
Transition Probabilities
0.00034818941504178273,0.00034818941504178273,0.04880697240220497,0.9504966487677114
0.876306497508617,0.12285598155335953,0.000418760469011725,0.000418760469011725
0.06757641288072175,0.03979919662954534,0.8265813273718139,0.06604306311791897
0.04893639749590752,0.05041163710460384,0.8461363421645955,0.05451562323489318

0.05547120409306869,0.04678497772930179,0.052590104738409714,0.8451537134392199
0.06528512344529466,0.0542737231181826,0.7168910989465224,0.1635500544900004
0.0003588449295799316,0.8838553590515158,0.06131817600863331,0.05446762001027098
0.908202587700002,0.0005422172158794181,0.058221618751343955,0.03303357633277466

Transition Gammas
1.0,1.0,140.17362473913266,2729.8263752608673
2092.619916050579,293.3800839494228,1.0,1.0
89.49648551999184,52.70904555337164,1094.703323877245,87.4657560243913
106.42913597273375,109.6375551645926,1840.2163710403559,118.5630936235138

81.96278520793643,69.12824668725736,77.70574894147211,1248.7767917582357
65.29738527193591,54.28391678787226,717.0257451555212,163.58077239799368
1.1785952361055494,2902.9467319042587,201.39426301788959,178.89420241010643
2006.9052294295752,1.1981672159632701,128.65551444181042,72.99611120564788

