0,1,2,3,4,5,6,7,8,9,10,11,12,13,14,15,16,17,18,19,20,21,22,23,24,25,26,27,28,29
github Code Version (SHA):,528ca1c557fe8e6666681dc5c9134b0f84d30530
Environment Observations,Environment Actions,alpha,epsilon,numActions,explore,patience,gainThresh,insertRandActions,useUpdatedPosterior,revisedSplitting,haveControl,confidence_factor
"['diamond', 'square']","['x', 'y']",0.65,0.99,75000,0.5,0,0.01,False,True,False,True,250

Model Num 0
Model States: 
['diamond'],['square']
Iteration: ,0
Error:,0.3105964814654727
Absolute Error:,1
Transition Probabilities
0.5,0.5
0.5,0.5

0.5,0.5
0.5,0.5

Transition Gammas
1.0,1.0
1.0,1.0

1.0,1.0
1.0,1.0

Iteration: ,1894
Error:,0.032409196491745916
Absolute Error:,1
Transition Probabilities
0.46,0.54
0.23550087873462214,0.7644991212653779

0.24199288256227758,0.7580071174377224
0.754,0.246


Model Num 1
Model States: 
['diamond'],"['square', 'x', 'square']","['square', 'x', 'diamond']"
Iteration: ,0
Error:,0.2806374686602391
Absolute Error:,1
Transition Probabilities
0.3333333333333333,0.3333333333333333,0.3333333333333333
0.3333333333333333,0.3333333333333333,0.3333333333333333
0.3333333333333333,0.3333333333333333,0.3333333333333333

0.3333333333333333,0.3333333333333333,0.3333333333333333
0.3333333333333333,0.3333333333333333,0.3333333333333333
0.3333333333333333,0.3333333333333333,0.3333333333333333

Transition Gammas
1.0,1.0,1.0
1.0,1.0,1.0
1.0,1.0,1.0

1.0,1.0,1.0
1.0,1.0,1.0
1.0,1.0,1.0

Iteration: ,2500
Error:,0.0636634869148315
Absolute Error:,1
Transition Probabilities
0.46038863976083716,0.40337964731392706,0.13623171292523584
0.0011325028312570787,0.8218703852316306,0.17699711193711226
0.9929577464788732,0.0035211267605633804,0.0035211267605633804

0.26621160409556316,0.5708572558953541,0.16293114000908285
0.8538189836200091,0.11865966488037882,0.02752135149961204
0.3333333333333333,0.3333333333333333,0.3333333333333333

Transition Gammas
308.0,269.86098405301715,91.13901594698275
1.0,725.7115501595296,156.28844984047007
282.0,1.0,1.0

78.0,167.26117597733875,47.73882402266128
259.3837120087111,36.04790351684219,8.360777223762101
1.0,1.0,1.0

Iteration: ,4251
Error:,0.0567074778859469
Absolute Error:,1
Transition Probabilities
0.48475289169295493,0.39252221684198724,0.1227248914650579
0.000769822940723633,0.848573219062794,0.15065695799648227
0.9953161592505855,0.00234192037470726,0.00234192037470726

0.24234354194407465,0.5985249992220998,0.1591314588338256
0.8464043630401553,0.13105340867309875,0.022542228286745826
0.3333333333333333,0.3333333333333333,0.3333333333333333


Model Num 2
Model States: 
['diamond'],"['square', 'x', 'square']","['square', 'y', 'diamond']","['square', 'y', 'square', 'x', 'square']"
Iteration: ,0
Error:,0.28365746909298556
Absolute Error:,1
Transition Probabilities
0.25,0.25,0.25,0.25
0.25,0.25,0.25,0.25
0.25,0.25,0.25,0.25
0.25,0.25,0.25,0.25

0.25,0.25,0.25,0.25
0.25,0.25,0.25,0.25
0.25,0.25,0.25,0.25
0.25,0.25,0.25,0.25

Transition Gammas
1.0,1.0,1.0,1.0
1.0,1.0,1.0,1.0
1.0,1.0,1.0,1.0
1.0,1.0,1.0,1.0

1.0,1.0,1.0,1.0
1.0,1.0,1.0,1.0
1.0,1.0,1.0,1.0
1.0,1.0,1.0,1.0

Iteration: ,2500
Error:,0.14725009284602875
Absolute Error:,1
Transition Probabilities
0.45136612021857925,0.22513661202185792,0.25136612021857924,0.07213114754098361
0.2508650519031142,0.31833910034602075,0.31314878892733566,0.11764705882352941
0.25,0.25,0.25,0.25
0.25,0.25,0.25,0.25

0.27075812274368233,0.30324909747292417,0.3176895306859206,0.10830324909747292
0.25,0.25,0.25,0.25
0.9946140035906643,0.0017953321364452424,0.0017953321364452424,0.0017953321364452424
0.005291005291005291,0.5555555555555556,0.30687830687830686,0.13227513227513227

Transition Gammas
413.0,206.0,230.0,66.0
145.0,184.0,181.0,68.0
1.0,1.0,1.0,1.0
1.0,1.0,1.0,1.0

75.0,84.0,88.0,30.0
1.0,1.0,1.0,1.0
554.0,1.0,1.0,1.0
1.0,105.0,58.0,25.0

Iteration: ,5000
Error:,0.13617215157918966
Absolute Error:,1
Transition Probabilities
0.45874822190611664,0.22119487908961594,0.2460881934566145,0.07396870554765292
0.2549187339606501,0.30795551753635586,0.32506415739948674,0.11206159110350727
0.25,0.25,0.25,0.25
0.25,0.25,0.25,0.25

0.2545846817691478,0.30960086299892126,0.3408845738942826,0.09492988133764833
0.25,0.25,0.25,0.25
0.9973958333333334,0.0008680555555555555,0.0008680555555555555,0.0008680555555555555
0.0027624309392265192,0.5828729281767956,0.30386740331491713,0.11049723756906077

Transition Gammas
645.0,311.0,346.0,104.0
298.0,360.0,380.0,131.0
1.0,1.0,1.0,1.0
1.0,1.0,1.0,1.0

236.0,287.0,316.0,88.0
1.0,1.0,1.0,1.0
1149.0,1.0,1.0,1.0
1.0,211.0,110.0,40.0

Iteration: ,7500
Error:,0.13354818130890392
Absolute Error:,1
Transition Probabilities
0.47365945437441204,0.20743179680150517,0.24176857949200375,0.07714016933207903
0.25043885313048564,0.2949093036863663,0.3382094792276185,0.11644236395552955
0.25,0.25,0.25,0.25
0.25,0.25,0.25,0.25

0.24638728323699421,0.3027456647398844,0.34826589595375723,0.10260115606936417
0.25,0.25,0.25,0.25
0.9982688978649741,0.0005770340450086555,0.0005770340450086555,0.0005770340450086555
0.0017730496453900709,0.6117021276595744,0.28191489361702127,0.10460992907801418

Transition Gammas
1007.0,441.0,514.0,164.0
428.0,504.0,578.0,199.0
1.0,1.0,1.0,1.0
1.0,1.0,1.0,1.0

341.0,419.0,482.0,142.0
1.0,1.0,1.0,1.0
1730.0,1.0,1.0,1.0
1.0,345.0,159.0,59.0

Iteration: ,10000
Error:,0.13420389938490376
Absolute Error:,1
Transition Probabilities
0.472588480222068,0.1988202637057599,0.24878556557945872,0.0798056904927134
0.24589416058394162,0.2782846715328467,0.3572080291970803,0.11861313868613138
0.25,0.25,0.25,0.25
0.25,0.25,0.25,0.25

0.2555615843733044,0.29137276180141075,0.352685838307108,0.10037981551817689
0.25,0.25,0.25,0.25
0.9987244897959183,0.00042517006802721087,0.00042517006802721087,0.00042517006802721087
0.0013386880856760374,0.6318607764390897,0.27041499330655955,0.0963855421686747

Transition Gammas
1362.0,573.0,717.0,230.0
539.0,610.0,783.0,260.0
1.0,1.0,1.0,1.0
1.0,1.0,1.0,1.0

471.0,537.0,650.0,185.0
1.0,1.0,1.0,1.0
2349.0,1.0,1.0,1.0
1.0,472.0,202.0,72.0

Iteration: ,12500
Error:,0.1349576474473426
Absolute Error:,1
Transition Probabilities
0.4745065789473684,0.18969298245614036,0.25219298245614036,0.08360745614035088
0.24413844436174173,0.2776330480089319,0.3598809080759211,0.11834759955340529
0.25,0.25,0.25,0.25
0.25,0.25,0.25,0.25

0.26071741032370954,0.28127734033245844,0.357830271216098,0.10017497812773403
0.25,0.25,0.25,0.25
0.9989830508474576,0.00033898305084745765,0.00033898305084745765,0.00033898305084745765
0.0010582010582010583,0.6412698412698413,0.25925925925925924,0.09841269841269841

Transition Gammas
1731.0,692.0,920.0,305.0
656.0,746.0,967.0,318.0
1.0,1.0,1.0,1.0
1.0,1.0,1.0,1.0

596.0,643.0,818.0,229.0
1.0,1.0,1.0,1.0
2947.0,1.0,1.0,1.0
1.0,606.0,245.0,93.0

Iteration: ,15000
Error:,0.13568429501219495
Absolute Error:,1
Transition Probabilities
0.4730552423900789,0.18579481397970687,0.2556933483652762,0.085456595264938
0.2409448818897638,0.2755905511811024,0.3647244094488189,0.11874015748031497
0.25,0.25,0.25,0.25
0.25,0.25,0.25,0.25

0.2613214550853749,0.2750556792873051,0.3589458054936897,0.10467706013363029
0.25,0.25,0.25,0.25
0.9991575400168492,0.0002808199943836001,0.0002808199943836001,0.0002808199943836001
0.0008688097306689834,0.6385751520417029,0.26238053866203304,0.09817549956559514

Transition Gammas
2098.0,824.0,1134.0,379.0
765.0,875.0,1158.0,377.0
1.0,1.0,1.0,1.0
1.0,1.0,1.0,1.0

704.0,741.0,967.0,282.0
1.0,1.0,1.0,1.0
3558.0,1.0,1.0,1.0
1.0,735.0,302.0,113.0

Iteration: ,17500
Error:,0.13113593481061586
Absolute Error:,1
Transition Probabilities
0.4711111111111111,0.1847342995169082,0.2595169082125604,0.08463768115942029
0.24440807419530824,0.2700490998363339,0.36552100381887614,0.12002182214948172
0.25,0.25,0.25,0.25
0.25,0.25,0.25,0.25

0.25444726810673446,0.2735069885641677,0.3649936467598475,0.10705209656925031
0.25,0.25,0.25,0.25
0.9992833253702819,0.00023889154323936931,0.00023889154323936931,0.00023889154323936931
0.0007457121551081282,0.6413124533929903,0.2639821029082774,0.09395973154362416

Transition Gammas
2438.0,956.0,1343.0,438.0
896.0,990.0,1340.0,440.0
1.0,1.0,1.0,1.0
1.0,1.0,1.0,1.0

801.0,861.0,1149.0,337.0
1.0,1.0,1.0,1.0
4183.0,1.0,1.0,1.0
1.0,860.0,354.0,126.0

Iteration: ,20000
Error:,0.12946562901471972
Absolute Error:,1
Transition Probabilities
0.4707775707267491,0.18414365576825342,0.25986786379806875,0.08521090970692868
0.2454414587332054,0.2653550863723608,0.369721689059501,0.11948176583493282
0.25,0.25,0.25,0.25
0.25,0.25,0.25,0.25

0.2540870047104461,0.26932668329177056,0.3657522859517872,0.11083402604599613
0.25,0.25,0.25,0.25
0.9993738259236068,0.0002087246921310791,0.0002087246921310791,0.0002087246921310791
0.0006472491909385113,0.6498381877022654,0.2563106796116505,0.09320388349514563

Transition Gammas
2779.0,1087.0,1534.0,503.0
1023.0,1106.0,1541.0,498.0
1.0,1.0,1.0,1.0
1.0,1.0,1.0,1.0

917.0,972.0,1320.0,400.0
1.0,1.0,1.0,1.0
4788.0,1.0,1.0,1.0
1.0,1004.0,396.0,144.0

Iteration: ,22500
Error:,0.13169143663122046
Absolute Error:,1
Transition Probabilities
0.4712316451902907,0.18234941564279292,0.26161222655079414,0.08480671261612227
0.24182444061962136,0.2646299483648881,0.3758605851979346,0.11768502581755594
0.25,0.25,0.25,0.25
0.25,0.25,0.25,0.25

0.2535837864557588,0.2654473554127533,0.36999505684626793,0.11097380128521997
0.25,0.25,0.25,0.25
0.9994468006638392,0.00018439977872026554,0.00018439977872026554,0.00018439977872026554
0.0005797101449275362,0.6539130434782608,0.2510144927536232,0.0944927536231884

Transition Gammas
3145.0,1217.0,1746.0,566.0
1124.0,1230.0,1747.0,547.0
1.0,1.0,1.0,1.0
1.0,1.0,1.0,1.0

1026.0,1074.0,1497.0,449.0
1.0,1.0,1.0,1.0
5420.0,1.0,1.0,1.0
1.0,1128.0,433.0,163.0

Iteration: ,25000
Error:,0.12918077679342274
Absolute Error:,1
Transition Probabilities
0.46921729758857605,0.17957699043513403,0.26525663478378014,0.08594907719250977
0.2418723070896984,0.264003133568351,0.3752448100274187,0.11887974931453192
0.25,0.25,0.25,0.25
0.25,0.25,0.25,0.25

0.25150501672240805,0.2599777034559643,0.3732441471571906,0.115273132664437
0.25,0.25,0.25,0.25
0.9995050321729088,0.00016498927569707968,0.00016498927569707968,0.00016498927569707968
0.0005151983513652757,0.648634724368882,0.2586295723853684,0.09222050489438434

Transition Gammas
3483.0,1333.0,1969.0,638.0
1235.0,1348.0,1916.0,607.0
1.0,1.0,1.0,1.0
1.0,1.0,1.0,1.0

1128.0,1166.0,1674.0,517.0
1.0,1.0,1.0,1.0
6058.0,1.0,1.0,1.0
1.0,1259.0,502.0,179.0

Iteration: ,27500
Error:,0.128313956470383
Absolute Error:,1
Transition Probabilities
0.4676470588235294,0.18075980392156862,0.264828431372549,0.08676470588235294
0.2429590017825312,0.2632798573975045,0.3764705882352941,0.11729055258467024
0.25,0.25,0.25,0.25
0.25,0.25,0.25,0.25

0.25040584415584416,0.2571022727272727,0.375,0.11749188311688312
0.25,0.25,0.25,0.25
0.9995504944560983,0.00014983518130056938,0.00014983518130056938,0.00014983518130056938
0.0004664179104477612,0.6487873134328358,0.2579291044776119,0.09281716417910447

Transition Gammas
3816.0,1475.0,2161.0,708.0
1363.0,1477.0,2112.0,658.0
1.0,1.0,1.0,1.0
1.0,1.0,1.0,1.0

1234.0,1267.0,1848.0,579.0
1.0,1.0,1.0,1.0
6671.0,1.0,1.0,1.0
1.0,1391.0,553.0,199.0

Iteration: ,30000
Error:,0.12977530553271774
Absolute Error:,1
Transition Probabilities
0.4685887368184878,0.18173659412160645,0.2645277092214494,0.08514695983845635
0.24170616113744076,0.26409544043144306,0.3784932178460533,0.11570518058506292
0.25,0.25,0.25,0.25
0.25,0.25,0.25,0.25

0.25273909006499534,0.2560817084493965,0.3743732590529248,0.11680594243268339
0.25,0.25,0.25,0.25
0.9995879120879121,0.00013736263736263736,0.00013736263736263736,0.00013736263736263736
0.0004314063848144953,0.6488352027610008,0.25496117342536667,0.09577221742881795

Transition Gammas
4177.0,1620.0,2358.0,759.0
1479.0,1616.0,2316.0,708.0
1.0,1.0,1.0,1.0
1.0,1.0,1.0,1.0

1361.0,1379.0,2016.0,629.0
1.0,1.0,1.0,1.0
7277.0,1.0,1.0,1.0
1.0,1504.0,591.0,222.0

Iteration: ,32500
Error:,0.12687065293092992
Absolute Error:,1
Transition Probabilities
0.4696594427244582,0.1804953560371517,0.2649122807017544,0.0849329205366357
0.2420749279538905,0.2625511906567572,0.38070681025329894,0.11466707113605339
0.25,0.25,0.25,0.25
0.25,0.25,0.25,0.25

0.2511156882938551,0.2567799519395812,0.37555784414692756,0.11654651561963611
0.25,0.25,0.25,0.25
0.9996204933586338,0.0001265022137887413,0.0001265022137887413,0.0001265022137887413
0.0003996802557953637,0.6462829736211031,0.2557953637090328,0.09752198241406874

Transition Gammas
4551.0,1749.0,2567.0,823.0
1596.0,1731.0,2510.0,756.0
1.0,1.0,1.0,1.0
1.0,1.0,1.0,1.0

1463.0,1496.0,2188.0,679.0
1.0,1.0,1.0,1.0
7902.0,1.0,1.0,1.0
1.0,1617.0,640.0,244.0

Iteration: ,35000
Error:,0.1308245486049717
Absolute Error:,1
Transition Probabilities
0.4702723436900652,0.17942079018028384,0.26476793248945146,0.08553893364019946
0.24124788255223037,0.2627046866177301,0.3815640880858272,0.1144833427442123
0.25,0.25,0.25,0.25
0.25,0.25,0.25,0.25

0.2537716372875973,0.25504208353184055,0.37509925361283153,0.11608702556773066
0.25,0.25,0.25,0.25
0.9996475977916128,0.00011746740279572419,0.00011746740279572419,0.00011746740279572419
0.0003711952487008166,0.6481069042316259,0.25501113585746105,0.09651076466221233

Transition Gammas
4904.0,1871.0,2761.0,892.0
1709.0,1861.0,2703.0,811.0
1.0,1.0,1.0,1.0
1.0,1.0,1.0,1.0

1598.0,1606.0,2362.0,731.0
1.0,1.0,1.0,1.0
8510.0,1.0,1.0,1.0
1.0,1746.0,687.0,260.0

Iteration: ,37500
Error:,0.12756979500264576
Absolute Error:,1
Transition Probabilities
0.4708303507516106,0.17886542591267002,0.2654795991410165,0.08482462419470294
0.24255991572293917,0.2604687911509086,0.3805636028443508,0.11640769028180142
0.25,0.25,0.25,0.25
0.25,0.25,0.25,0.25

0.2533372886383862,0.25674873924651437,0.3730347078018392,0.11687926431326016
0.25,0.25,0.25,0.25
0.999670510708402,0.00010982976386600769,0.00010982976386600769,0.00010982976386600769
0.00034494653328734045,0.6505691617799241,0.25284580889962055,0.09624008278716799

Transition Gammas
5262.0,1999.0,2967.0,948.0
1842.0,1978.0,2890.0,884.0
1.0,1.0,1.0,1.0
1.0,1.0,1.0,1.0

1708.0,1731.0,2515.0,788.0
1.0,1.0,1.0,1.0
9102.0,1.0,1.0,1.0
1.0,1886.0,733.0,279.0

Iteration: ,40000
Error:,0.12744442465279254
Absolute Error:,1
Transition Probabilities
0.4703613649702356,0.17976020793158382,0.2655319862496856,0.084346440848495
0.24201081612586037,0.2602015732546706,0.3808997050147493,0.11688790560471976
0.25,0.25,0.25,0.25
0.25,0.25,0.25,0.25

0.2507688006709533,0.25859658932065976,0.37265865250209673,0.11797595750629018
0.25,0.25,0.25,0.25
0.9996909446790976,0.00010301844030081384,0.00010301844030081384,0.00010301844030081384
0.0003234152652005175,0.6549159120310478,0.25064683053040104,0.09411384217335059

Transition Gammas
5610.0,2144.0,3167.0,1006.0
1969.0,2117.0,3099.0,951.0
1.0,1.0,1.0,1.0
1.0,1.0,1.0,1.0

1794.0,1850.0,2666.0,844.0
1.0,1.0,1.0,1.0
9704.0,1.0,1.0,1.0
1.0,2025.0,775.0,291.0

Iteration: ,42500
Error:,0.1311978068534148
Absolute Error:,1
Transition Probabilities
0.47123893805309736,0.18007269279393173,0.26382743362831856,0.08486093552465233
0.24249422632794457,0.26085450346420325,0.3784064665127021,0.11824480369515011
0.25,0.25,0.25,0.25
0.25,0.25,0.25,0.25

0.25039494470774093,0.2572406529752501,0.37243285939968407,0.11993154291732491
0.25,0.25,0.25,0.25
0.999708313077297,9.722897423432182e-05,9.722897423432182e-05,9.722897423432182e-05
0.00030129557095510696,0.6532087978306719,0.25308827960228986,0.09340162699608316

Transition Gammas
5964.0,2279.0,3339.0,1074.0
2100.0,2259.0,3277.0,1024.0
1.0,1.0,1.0,1.0
1.0,1.0,1.0,1.0

1902.0,1954.0,2829.0,911.0
1.0,1.0,1.0,1.0
10282.0,1.0,1.0,1.0
1.0,2168.0,840.0,310.0

Iteration: ,45000
Error:,0.12939973557379256
Absolute Error:,1
Transition Probabilities
0.46992986121474406,0.1801223697955529,0.26421429637367555,0.08573347261602746
0.2440196613872201,0.2589841616602949,0.3789186237028946,0.11807755324959039
0.25,0.25,0.25,0.25
0.25,0.25,0.25,0.25

0.24965774735532048,0.25762289981331676,0.3719975108898569,0.12072184194150591
0.25,0.25,0.25,0.25
0.9997246948701477,9.176837661741764e-05,9.176837661741764e-05,9.176837661741764e-05
0.0002835270768358378,0.652112276722427,0.2548908420754182,0.09271335412531896

Transition Gammas
6298.0,2414.0,3541.0,1149.0
2234.0,2371.0,3469.0,1081.0
1.0,1.0,1.0,1.0
1.0,1.0,1.0,1.0

2006.0,2070.0,2989.0,970.0
1.0,1.0,1.0,1.0
10894.0,1.0,1.0,1.0
1.0,2300.0,899.0,327.0

Iteration: ,47500
Error:,0.13099612809309935
Absolute Error:,1
Transition Probabilities
0.46937765205091936,0.1787128712871287,0.26548797736916546,0.08642149929278642
0.2436948624805397,0.25926310326933055,0.3800726517903477,0.11696938245978204
0.25,0.25,0.25,0.25
0.25,0.25,0.25,0.25

0.24893917963224893,0.25801508722300803,0.3708156529938708,0.12223008015087224
0.25,0.25,0.25,0.25
0.9997396963123645,8.676789587852495e-05,8.676789587852495e-05,8.676789587852495e-05
0.0002679528403001072,0.6487138263665595,0.2583065380493033,0.09271168274383708

Transition Gammas
6637.0,2527.0,3754.0,1222.0
2348.0,2498.0,3662.0,1127.0
1.0,1.0,1.0,1.0
1.0,1.0,1.0,1.0

2112.0,2189.0,3146.0,1037.0
1.0,1.0,1.0,1.0
11522.0,1.0,1.0,1.0
1.0,2421.0,964.0,346.0

Iteration: ,50000
Error:,0.129456289546679
Absolute Error:,1
Transition Probabilities
0.4687311482002815,0.17856424693344058,0.26563442589985925,0.08707017896641867
0.2432112175372766,0.25822059840031597,0.3806655475461637,0.1179026365162437
0.25,0.25,0.25,0.25
0.25,0.25,0.25,0.25

0.2510112359550562,0.25640449438202245,0.370561797752809,0.12202247191011235
0.25,0.25,0.25,0.25
0.9997526181248454,8.246062505153789e-05,8.246062505153789e-05,8.246062505153789e-05
0.000253613999492772,0.6507735226984529,0.2566573674866853,0.092315495815369

Transition Gammas
6993.0,2664.0,3963.0,1299.0
2463.0,2615.0,3855.0,1194.0
1.0,1.0,1.0,1.0
1.0,1.0,1.0,1.0

2234.0,2282.0,3298.0,1086.0
1.0,1.0,1.0,1.0
12124.0,1.0,1.0,1.0
1.0,2566.0,1012.0,364.0

Iteration: ,52500
Error:,0.12859813102622894
Absolute Error:,1
Transition Probabilities
0.4689880304678999,0.1783268258337067,0.26505792741470907,0.0876272162836843
0.2430633670791151,0.25768653918260215,0.3791713535808024,0.12007874015748031
0.25,0.25,0.25,0.25
0.25,0.25,0.25,0.25

0.2509090909090909,0.2580748663101604,0.3689839572192513,0.12203208556149732
0.25,0.25,0.25,0.25
0.9997638910750827,7.870297497245396e-05,7.870297497245396e-05,7.870297497245396e-05
0.00023986567522187575,0.6524346366035021,0.2566562724874071,0.09066922523386903

Transition Gammas
7327.0,2786.0,4141.0,1369.0
2593.0,2749.0,4045.0,1281.0
1.0,1.0,1.0,1.0
1.0,1.0,1.0,1.0

2346.0,2413.0,3450.0,1141.0
1.0,1.0,1.0,1.0
12703.0,1.0,1.0,1.0
1.0,2720.0,1070.0,378.0

Iteration: ,55000
Error:,0.12836722170595982
Absolute Error:,1
Transition Probabilities
0.4684618672528546,0.1776882212859498,0.26549429077364595,0.08835562068754961
0.2434198746642793,0.25801253357206805,0.3774395702775291,0.12112802148612355
0.25,0.25,0.25,0.25
0.25,0.25,0.25,0.25

0.25056294779938587,0.2569089048106448,0.3704196519959058,0.12210849539406346
0.25,0.25,0.25,0.25
0.9997745378024951,7.515406583496167e-05,7.515406583496167e-05,7.515406583496167e-05
0.00022763487366264513,0.6528568176644662,0.25563396312315045,0.09128158433872069

Transition Gammas
7672.0,2910.0,4348.0,1447.0
2719.0,2882.0,4216.0,1353.0
1.0,1.0,1.0,1.0
1.0,1.0,1.0,1.0

2448.0,2510.0,3619.0,1193.0
1.0,1.0,1.0,1.0
13303.0,1.0,1.0,1.0
1.0,2868.0,1123.0,401.0

Iteration: ,57500
Error:,0.12627234650590347
Absolute Error:,1
Transition Probabilities
0.4688321551673775,0.17666647192849214,0.2659928725828124,0.08850850032131799
0.24347230545330023,0.25948120880061637,0.37727934252204437,0.11976714322403904
0.25,0.25,0.25,0.25
0.25,0.25,0.25,0.25

0.24970657276995306,0.2569444444444444,0.37157668231611896,0.12177230046948356
0.25,0.25,0.25,0.25
0.999784436300927,7.185456635769203e-05,7.185456635769203e-05,7.185456635769203e-05
0.00021848372296263927,0.6552326851649553,0.25322263491369895,0.09132619619838322

Transition Gammas
8025.0,3024.0,4553.0,1515.0
2844.0,3031.0,4407.0,1399.0
1.0,1.0,1.0,1.0
1.0,1.0,1.0,1.0

2553.0,2627.0,3799.0,1245.0
1.0,1.0,1.0,1.0
13914.0,1.0,1.0,1.0
1.0,2999.0,1159.0,418.0

Iteration: ,60000
Error:,0.1274247564396267
Absolute Error:,1
Transition Probabilities
0.46920279720279723,0.1765034965034965,0.2657902097902098,0.08850349650349651
0.24331199737403578,0.2591498440833744,0.37740029542097486,0.12013786312161497
0.25,0.25,0.25,0.25
0.25,0.25,0.25,0.25

0.24896771771771772,0.25713213213213215,0.3726539039039039,0.12124624624624625
0.25,0.25,0.25,0.25
0.9997934595524957,6.884681583476765e-05,6.884681583476765e-05,6.884681583476765e-05
0.00020946795140343527,0.6562630917469627,0.25219941348973607,0.09132802681189778

Transition Gammas
8387.0,3155.0,4751.0,1582.0
2965.0,3158.0,4599.0,1464.0
1.0,1.0,1.0,1.0
1.0,1.0,1.0,1.0

2653.0,2740.0,3971.0,1292.0
1.0,1.0,1.0,1.0
14522.0,1.0,1.0,1.0
1.0,3133.0,1204.0,436.0

Iteration: ,62500
Error:,0.12993243166671617
Absolute Error:,1
Transition Probabilities
0.4693173859167071,0.17655298744679704,0.265179677819083,0.08894994881741286
0.24250295159386068,0.25895316804407714,0.3774891774891775,0.1210547028728847
0.25,0.25,0.25,0.25
0.25,0.25,0.25,0.25

0.24865204888569375,0.2566498921639109,0.3732027318475917,0.12149532710280374
0.25,0.25,0.25,0.25
0.9998017053341265,6.609822195782933e-05,6.609822195782933e-05,6.609822195782933e-05
0.0002002803925495694,0.6573202483476868,0.2519527338273583,0.09052673743240537

Transition Gammas
8711.0,3277.0,4922.0,1651.0
3081.0,3290.0,4796.0,1538.0
1.0,1.0,1.0,1.0
1.0,1.0,1.0,1.0

2767.0,2856.0,4153.0,1352.0
1.0,1.0,1.0,1.0
15126.0,1.0,1.0,1.0
1.0,3282.0,1258.0,452.0

Iteration: ,65000
Error:,0.12765135256797636
Absolute Error:,1
Transition Probabilities
0.4690935490562124,0.17574154739680564,0.26560879485583905,0.08955610869114292
0.24273685807479328,0.25813547750891297,0.37783509064704546,0.12129257376924828
0.25,0.25,0.25,0.25
0.25,0.25,0.25,0.25

0.24984922891358663,0.25510467821142413,0.3736538295855949,0.12139226328939433
0.25,0.25,0.25,0.25
0.9998094512195121,6.351626016260163e-05,6.351626016260163e-05,6.351626016260163e-05
0.00019238168526356292,0.6598691804540208,0.25086571758368603,0.08907272027702963

Transition Gammas
9046.0,3389.0,5122.0,1727.0
3200.0,3403.0,4981.0,1599.0
1.0,1.0,1.0,1.0
1.0,1.0,1.0,1.0

2900.0,2961.0,4337.0,1409.0
1.0,1.0,1.0,1.0
15741.0,1.0,1.0,1.0
1.0,3430.0,1304.0,463.0

Iteration: ,67500
Error:,0.12896295677357883
Absolute Error:,1
Transition Probabilities
0.4686188287027783,0.17564461323206076,0.26594043573855686,0.08979612232660404
0.24167640186915887,0.25890771028037385,0.37799357476635514,0.12142231308411215
0.25,0.25,0.25,0.25
0.25,0.25,0.25,0.25

0.24916998671978752,0.25506308100929614,0.37491699867197875,0.12084993359893759
0.25,0.25,0.25,0.25
0.9998167267395687,6.109108681043436e-05,6.109108681043436e-05,6.109108681043436e-05
0.0001854943424225561,0.6607308477091449,0.25097384529771843,0.08810981265071416

Transition Gammas
9378.0,3515.0,5322.0,1797.0
3310.0,3546.0,5177.0,1663.0
1.0,1.0,1.0,1.0
1.0,1.0,1.0,1.0

3002.0,3073.0,4517.0,1456.0
1.0,1.0,1.0,1.0
16366.0,1.0,1.0,1.0
1.0,3562.0,1353.0,475.0

Iteration: ,70000
Error:,0.130417771329733
Absolute Error:,1
Transition Probabilities
0.46851798283675633,0.1757304020827307,0.26636775624337095,0.08938385883714203
0.2415639309616062,0.2583303980274745,0.37780908770693905,0.12229658330398027
0.25,0.25,0.25,0.25
0.25,0.25,0.25,0.25

0.2492797695262484,0.2556818181818182,0.3738796414852753,0.12115877080665813
0.25,0.25,0.25,0.25
0.9998232695139911,5.8910162002945506e-05,5.8910162002945506e-05,5.8910162002945506e-05
0.0001783166904422254,0.6576319543509273,0.2523181169757489,0.0898716119828816

Transition Gammas
9718.0,3645.0,5525.0,1854.0
3429.0,3667.0,5363.0,1736.0
1.0,1.0,1.0,1.0
1.0,1.0,1.0,1.0

3115.0,3195.0,4672.0,1514.0
1.0,1.0,1.0,1.0
16972.0,1.0,1.0,1.0
1.0,3688.0,1415.0,504.0

Iteration: ,72500
Error:,0.1284775987122151
Absolute Error:,1
Transition Probabilities
0.46933742788014143,0.17578633910292202,0.26563372417643777,0.0892425088404988
0.24157188585438943,0.25723625961996865,0.37894163318123,0.12225022134441191
0.25,0.25,0.25,0.25
0.25,0.25,0.25,0.25

0.24903534496064209,0.2559036888408705,0.3742861552708751,0.12077481092761229
0.25,0.25,0.25,0.25
0.9998294291562428,5.6856947919035704e-05,5.6856947919035704e-05,5.6856947919035704e-05
0.0001725625539257981,0.6578084555651423,0.2528041415012942,0.08921484037963762

Transition Gammas
10087.0,3778.0,5709.0,1918.0
3547.0,3777.0,5564.0,1795.0
1.0,1.0,1.0,1.0
1.0,1.0,1.0,1.0

3227.0,3316.0,4850.0,1565.0
1.0,1.0,1.0,1.0
17585.0,1.0,1.0,1.0
1.0,3812.0,1465.0,517.0

Iteration: ,74999
Error:,0.12791776495298052
Absolute Error:,1
Transition Probabilities
0.4705300543991368,0.17547093467607786,0.265207031425617,0.08879197949916828
0.24099960437821444,0.25715416062244495,0.37979691415007255,0.1220493208492681
0.25,0.25,0.25,0.25
0.25,0.25,0.25,0.25

0.24919889708622103,0.25545867799388927,0.3739473880318951,0.12139503688799463
0.25,0.25,0.25,0.25
0.9998351285996923,5.495713343591998e-05,5.495713343591998e-05,5.495713343591998e-05
0.00016691704223001168,0.656818561175096,0.25354698714738777,0.08946753463528627

Transition Gammas
10466.0,3903.0,5899.0,1975.0
3655.0,3900.0,5760.0,1851.0
1.0,1.0,1.0,1.0
1.0,1.0,1.0,1.0

3344.0,3428.0,5018.0,1629.0
1.0,1.0,1.0,1.0
18193.0,1.0,1.0,1.0
1.0,3935.0,1519.0,536.0

*,*,*,*,*,*,*,*,*,*,*
Model Num 1
Model States: 
['diamond'],"['square', 'x', 'square']","['square', 'x', 'diamond']"
Iteration: ,74999
Error:,0.05610293988987748
Absolute Error:,1
Transition Probabilities
0.48475289169295493,0.39252221684198724,0.1227248914650579
0.000769822940723633,0.848573219062794,0.15065695799648227
0.9953161592505855,0.00234192037470726,0.00234192037470726

0.24234354194407465,0.5985249992220998,0.1591314588338256
0.8464043630401553,0.13105340867309875,0.022542228286745826
0.3333333333333333,0.3333333333333333,0.3333333333333333

Transition Gammas
461.0,373.2886282167297,116.71137178327002
1.0,1102.2966115625702,195.70338843743062
425.0,1.0,1.0

182.0,449.4922744157968,119.50772558420299
571.334023755351,88.46276623045205,15.216299151883236
1.0,1.0,1.0

