0,1,2,3,4,5,6,7,8,9,10,11,12,13,14,15,16,17,18,19,20,21,22,23,24,25,26,27,28,29
github Code Version (SHA):,528ca1c557fe8e6666681dc5c9134b0f84d30530
Environment Observations,Environment Actions,alpha,epsilon,numActions,explore,patience,gainThresh,insertRandActions,useUpdatedPosterior,revisedSplitting,haveControl,confidence_factor
"['diamond', 'square']","['x', 'y']",0.99,0.99,75000,0.5,0,0.01,False,True,False,True,250

Model Num 0
Model States: 
['diamond'],['square']
Iteration: ,0
Error:,0.6750262507079317
Absolute Error:,1
Transition Probabilities
0.5,0.5
0.5,0.5

0.5,0.5
0.5,0.5

Transition Gammas
1.0,1.0
1.0,1.0

1.0,1.0
1.0,1.0

Iteration: ,2464
Error:,0.1484089264498094
Absolute Error:,1
Transition Probabilities
0.4678362573099415,0.5321637426900585
0.01875901875901876,0.9812409812409812

0.034,0.966
0.9712041884816754,0.028795811518324606


Model Num 1
Model States: 
['square'],"['diamond', 'x', 'square']","['diamond', 'x', 'diamond']"
Iteration: ,0
Error:,0.7233414426349077
Absolute Error:,1
Transition Probabilities
0.3333333333333333,0.3333333333333333,0.3333333333333333
0.3333333333333333,0.3333333333333333,0.3333333333333333
0.3333333333333333,0.3333333333333333,0.3333333333333333

0.3333333333333333,0.3333333333333333,0.3333333333333333
0.3333333333333333,0.3333333333333333,0.3333333333333333
0.3333333333333333,0.3333333333333333,0.3333333333333333

Transition Gammas
1.0,1.0,1.0
1.0,1.0,1.0
1.0,1.0,1.0

1.0,1.0,1.0
1.0,1.0,1.0
1.0,1.0,1.0

Iteration: ,2500
Error:,0.11921611255628049
Absolute Error:,1
Transition Probabilities
0.9828571428571429,0.012304645534970446,0.004838211607886698
0.995850622406639,0.002074688796680498,0.002074688796680498
0.0033670033670033677,0.9689386858116289,0.02769431082136775

0.026986506746626688,0.33781568148597696,0.6351978117673963
0.8916050619642147,0.03332697103615649,0.07506796699962877
0.9723333889425736,0.013354912911920412,0.014311698145505937

Transition Gammas
860.0,10.76656484309914,4.23343515690086
480.0,1.0,1.0
1.0,287.77478968605374,8.22521031394622

18.0,225.32305955114663,423.6769404488534
32.32088713587359,1.208110311831512,2.721230949013908
129.94871852856795,1.7848341306596642,1.9127048964128688

Iteration: ,5000
Error:,0.14805027597280734
Absolute Error:,1
Transition Probabilities
0.9828326180257511,0.012481394612348002,0.004685987361900926
0.9987277353689568,0.0006361323155216285,0.0006361323155216285
0.0026809651474530836,0.9751776919783964,0.022141342874150507

0.022592791823561054,0.700085589440956,0.2773216187354829
0.8881107465834239,0.07409530963975092,0.03779394377682517
0.9745744510139831,0.012273132829359577,0.01315241615665732

Transition Gammas
916.0,11.632659778708337,4.367340221291663
1570.0,1.0,1.0
1.0,363.7412791079418,8.258720892058138

42.0,1301.4591107707372,515.5408892292627
85.78044511197214,7.156684755880493,3.650424603220787
141.72858447987875,1.7848341306596642,1.9127048964128688

Iteration: ,7500
Error:,0.147749626509273
Absolute Error:,1
Transition Probabilities
0.982078853046595,0.01371156655340852,0.004209580399996498
0.9991704686851929,0.00041476565740356696,0.00041476565740356696
0.0021786492374727667,0.9797438685379665,0.018077482224560744

0.02813127930341595,0.766982926419707,0.20488579427687711
0.9229316348545777,0.059776660353720014,0.01729170479170233
0.9745744510139831,0.012273132829359577,0.01315241615665732

Transition Gammas
1096.0,15.302108273603908,4.697891726396092
2409.0,1.0,1.0
1.0,449.7024356589267,8.297564341073382

84.0,2290.2110182892443,611.7889817107549
294.002183843418,19.042004871389068,5.508315869936793
141.72858447987875,1.7848341306596642,1.9127048964128688

Iteration: ,10000
Error:,0.13651871190498413
Absolute Error:,1
Transition Probabilities
0.9850746268656716,0.012152398700441464,0.0027729744338868922
0.9992354740061162,0.00038226299694189603,0.00038226299694189603
0.001529051987767584,0.98267568066032,0.015795267351912404

0.024843096234309622,0.7564349463079408,0.2187219574577495
0.9623491864545651,0.028118705596146036,0.009532107949288913
0.9745744510139831,0.012273132829359577,0.01315241615665732

Transition Gammas
1716.0,21.16947853616903,4.830521463830967
2614.0,1.0,1.0
1.0,642.6698951518493,10.330104848150713

95.0,2892.607234681566,836.392765318434
807.7650331789703,23.601939377638733,8.000945605087189
141.72858447987875,1.7848341306596642,1.9127048964128688

Iteration: ,12500
Error:,0.1335074698631106
Absolute Error:,1
Transition Probabilities
0.9828711256117455,0.013487969335283751,0.0036409050529707344
0.9993550467591099,0.0003224766204450177,0.0003224766204450177
0.0010172939979654124,0.981327888191797,0.017654817810237637

0.023092148669452403,0.7199278785482806,0.2569799727822672
0.9628634187032981,0.027806378977053046,0.0093302023196489
0.9745744510139831,0.012273132829359577,0.01315241615665732

Transition Gammas
2410.0,33.072500810115756,8.92749918988424
3099.0,1.0,1.0
1.0,964.6453140925361,17.35468590746359

105.0,3273.512063759029,1168.4879362409679
1011.0571411132021,29.198157793875694,9.797202282350735
141.72858447987875,1.7848341306596642,1.9127048964128688

Iteration: ,12925
Error:,0.13283606398921963
Absolute Error:,1
Transition Probabilities
0.9836639439906651,0.012863672038162488,0.0034723839711724
0.9993698802772527,0.000315059861373661,0.000315059861373661
0.0009606147934678194,0.981402566242538,0.01763681896399414

0.02332548683928955,0.713609849131427,0.26306466402928347
0.9642219138165096,0.026789192455368812,0.008988893728121543
0.9745744510139831,0.012273132829359577,0.01315241615665732


Model Num 2
Model States: 
"['diamond', 'x', 'square']","['diamond', 'x', 'diamond']","['square', 'y', 'diamond', 'x', 'square']","['square', 'y', 'diamond', 'x', 'diamond']"
Iteration: ,0
Error:,0.6751837610097746
Absolute Error:,0.74
Transition Probabilities
0.25,0.25,0.25,0.25
0.25,0.25,0.25,0.25
0.25,0.25,0.25,0.25
0.25,0.25,0.25,0.25

0.25,0.25,0.25,0.25
0.25,0.25,0.25,0.25
0.25,0.25,0.25,0.25
0.25,0.25,0.25,0.25

Transition Gammas
1.0,1.0,1.0,1.0
1.0,1.0,1.0,1.0
1.0,1.0,1.0,1.0
1.0,1.0,1.0,1.0

1.0,1.0,1.0,1.0
1.0,1.0,1.0,1.0
1.0,1.0,1.0,1.0
1.0,1.0,1.0,1.0

Iteration: ,2500
Error:,0.046391885743098334
Absolute Error:,0.045373151207128266
Transition Probabilities
0.002092050209205022,0.002092050209205022,0.9819569695892675,0.013858929992322463
0.9763080084082479,0.018510644441492974,0.0025906735751295346,0.0025906735751295346
0.0222923302461871,0.003193899398074448,0.008444267318698446,0.9660695030370401
0.013116458226447194,0.009448064779478751,0.01660483129703855,0.9608306456970355

0.01649257094797845,0.01029884492634857,0.9656323970350462,0.007576187090626728
0.0632244168221675,0.0632244168221675,0.08673885819930949,0.7868123081563556
0.9676988892952328,0.003358330148000247,0.02318328698689862,0.005759493569868196
0.0027918814304964084,0.9563548407275082,0.02663347495347155,0.01421980288852382

Transition Gammas
1.0,1.0,469.37543146366966,6.624568536330134
376.85489124558353,7.145108754416285,1.0,1.0
8.62543352626746,1.23579574873689,3.267288149381515,373.79530036459397
3.447218468802476,2.4831050303343463,4.364019625594095,252.52191483823987

3.7997142734089944,2.372745170519887,222.47151238297042,1.7454735418191365
1.0,1.0,1.3719202573790676,12.444753905274244
312.1528101954334,1.0833041195549993,7.47828509733857,1.8578528125068325
1.1279897120059512,386.3912018555571,10.760587972800277,5.745154930220455

Iteration: ,5000
Error:,0.030213619827742694
Absolute Error:,0.029544995250906793
Transition Probabilities
0.0010427528675703854,0.0010427528675703854,0.9846825433497507,0.013231950915108485
0.981275316201635,0.016086161370924435,0.0013192612137203166,0.0013192612137203166
0.02399854102766259,0.0030208091504870973,0.013646981887501778,0.9593336679343486
0.008653605356025308,0.006821661441186586,0.012479493054335085,0.9720452401484531

0.01773135199001921,0.009800729884303364,0.9670271067308939,0.0054408113947836045
0.030495337255098856,0.030495337255098856,0.04544723122805769,0.8935620942617446
0.9680969870054158,0.0015948183213315402,0.02493280205664571,0.005375392616606882
0.0014285364422477443,0.9701822236171896,0.01965007974150995,0.008739160199052761

Transition Gammas
1.0,1.0,944.3105590724114,12.689440927589043
743.8066896808393,12.193310319160721,1.0,1.0
18.140699367459835,2.2834550893027994,10.315868594218944,725.1684026549583
4.40920725988827,3.4757904842560294,6.358583400915905,495.2789910644801

8.446589302807627,4.668721271060512,460.65753022307064,2.5918102213323246
1.0,1.0,1.4903009875865156,29.301597381492805
660.9714951072688,1.0888676077132298,17.02295500740207,3.6700675059195786
1.1284608577919155,766.3876341543506,15.522422239290885,6.903429218149243

Iteration: ,7500
Error:,0.027512156183375883
Absolute Error:,0.02493300289613135
Transition Probabilities
0.00072463768115942,0.00072463768115942,0.9856887066752932,0.012862017962388065
0.9849990614583883,0.013152509706121815,0.000924214417744917,0.000924214417744917
0.023189900897009615,0.0030534948517343856,0.011322991211709472,0.9624336130395466
0.014404548134952426,0.007019152848429611,0.012004162396938644,0.9665721366196792

0.018402299504261917,0.006749833117754822,0.97059492137751,0.004252946000473131
0.040542439141623796,0.013619777602840407,0.03008971575737273,0.9157480674981631
0.9741549468152344,0.0010018763885450024,0.021278882753482203,0.003564294042738441
0.0009776892735647899,0.9753470919688148,0.01706251254389412,0.006612706213726227

Transition Gammas
1.0,1.0,1360.2504152119052,17.74958478809554
1065.768984497976,14.231015502023801,1.0,1.0
25.23213345071795,3.322402710223634,12.32015723499715,1047.190907348896
11.207348768215233,5.461198316862153,9.339746959943792,752.0340758520786

14.680010033153025,5.384523704105618,774.2697145348246,3.3926895898495855
2.97673283102425,1.0,2.2092663063086664,67.23663882053285
1062.8461647347262,1.0930914846601913,23.216202923689536,3.888802562360648
1.1290842489394297,1126.3793810231346,19.704638970211256,7.6366823597839115

Iteration: ,10000
Error:,0.025303795345912344
Absolute Error:,0.022134905038838172
Transition Probabilities
0.0005834305717619604,0.0005834305717619604,0.9884526122004373,0.010380526656038785
0.9866628335934373,0.011876246026723443,0.0007304601899196491,0.0007304601899196491
0.02533446299139938,0.0031432136480534587,0.008853284691153701,0.9626690386693935
0.015757722672501685,0.005337931157848,0.012047732209944985,0.9668566139597053

0.015631143059892973,0.006476223470224442,0.973517477693394,0.00437515577648856
0.02689716136725221,0.004517345332139135,0.03259935883641103,0.9359861344641976
0.9678784076356156,0.0007430538630868533,0.028512704219589673,0.002865834281707939
0.0007090964817286498,0.9774753283418405,0.016523575284749598,0.005291999891681322

Transition Gammas
1.0,1.0,1694.2077773115493,17.792222688450476
1350.7414191894163,16.2585808105844,1.0,1.0
35.340155974403984,4.384606874074849,12.34983595181753,1342.869355070025
16.12161078737862,5.461198316862153,12.32594668633436,989.1839285039612

17.692226732543883,7.330162200346308,1101.8830726230774,4.95205294272092
5.95419641174862,1.0,7.216485887071645,207.1982692589439
1428.5677244978515,1.0967315294928617,42.08413852909746,4.229909796839644
1.1304906254617746,1558.3587336616933,26.343025864383684,8.436872021852462

Iteration: ,12500
Error:,0.02435069733865228
Absolute Error:,0.019712518959082447
Transition Probabilities
0.0005065856129685917,0.0005065856129685917,0.9894552740873604,0.009531554686702384
0.9880628834013511,0.010759953561568359,0.0005885815185403176,0.0005885815185403176
0.02604444513530659,0.0034099510666838785,0.007068825180313894,0.9634767786176957
0.015462663773401207,0.005835108617800641,0.011151158213631883,0.9675510693951663

0.01778466252925345,0.0069156670188947065,0.9717353136604213,0.0035643567914305837
0.015866137001724567,0.0017800195288365768,0.027964223160311146,0.9543896203091277
0.9674224238642316,0.0006634095411106474,0.029317203137780034,0.002596963456877672
0.000498545554606795,0.9791438793142035,0.016272010617502494,0.004085564513687248

Transition Gammas
1.0,1.0,1953.1847110484493,18.815288951550503
1678.7188388988961,18.281161101104647,1.0,1.0
45.587574855989324,5.9686969217469565,12.373102800896678,1686.4467466691763
17.107840748568343,6.4559451364164335,12.33760506446952,1070.495346331813

24.791638986696675,9.640369605137478,1354.5891605908864,4.968677176054174
8.913462321446943,1.0,15.710065371354998,536.1680615565595
1600.5490300381252,1.0975758586423883,48.503755844499416,4.296538140337078
1.1325451661296162,2224.3196378259054,36.9651013789444,9.281170593400619

Iteration: ,15000
Error:,0.023849523167995993
Absolute Error:,0.019411175621609
Transition Probabilities
0.00044169611307420505,0.00044169611307420505,0.9881422659702849,0.010974341803566703
0.9865835283033628,0.012433670713836257,0.0004914004914004914,0.0004914004914004914
0.027323169017393824,0.0033166552323460148,0.006227194395211354,0.9631329813550488
0.015247593128936053,0.005439768272464828,0.010403909883733737,0.9689087287148654

0.018610804711186948,0.00671766598383365,0.9715687864063695,0.0031027428986099607
0.012112882956157584,0.0011118938600390637,0.027048754665022212,0.9597264685187812
0.9678491850577732,0.000600015270830327,0.029183485730739714,0.0023673139406568044
0.00038393479478555936,0.9793832348277585,0.01687349520457561,0.0033593351728802364

Transition Gammas
1.0,1.0,2237.1540901567246,24.84590984327501
2007.6974800973433,25.302519902656783,1.0,1.0
57.548857115377,6.985636180991355,13.115898827532014,2028.5788332906777
18.09592243130754,6.4559451364164335,12.34741408997031,1149.9058933155336

30.235149804249545,10.913533321535134,1578.41255431969,5.040722193337149
10.893920176636309,1.0,24.326741640674154,863.145757891912
1771.527420611232,1.098253241798152,53.41673682138397,4.33307340008601
1.133826823189717,2892.290557958548,49.83039235763081,9.920706273115153

Iteration: ,15749
Error:,0.022954707717104648
Absolute Error:,0.01953899408000749
Transition Probabilities
0.0004260758414997867,0.0004260758414997867,0.9881315994416483,0.011016248875352031
0.9867212943218951,0.012340619374164787,0.00046904315196998135,0.00046904315196998135
0.02844728418691448,0.0031507535010029787,0.0059175786787557146,0.9624843836333268
0.015033603992264388,0.0053634249895299245,0.010259490441970881,0.9693434805762349

0.017769140952305935,0.0064138631074614144,0.9728524320846551,0.0029645638555776104
0.011881828367683266,0.0009998649673951718,0.0291069171633871,0.9580113895015345
0.9683142392611046,0.0005817315938233913,0.028805923146542255,0.002298105998529745
0.00035946135578592675,0.9791516126869776,0.017289362697061127,0.0031995632601754084

*,*,*,*,*,*,*,*,*,*,*
Model Num 2
Model States: 
"['diamond', 'x', 'square']","['diamond', 'x', 'diamond']","['square', 'y', 'diamond', 'x', 'square']","['square', 'y', 'diamond', 'x', 'diamond']"
Iteration: ,15749
Error:,0.024248512517826816
Absolute Error:,0.01953899408000749
Transition Probabilities
0.0004260758414997867,0.0004260758414997867,0.9881315994416483,0.011016248875352031
0.9867212943218951,0.012340619374164787,0.00046904315196998135,0.00046904315196998135
0.02844728418691448,0.0031507535010029787,0.0059175786787557146,0.9624843836333268
0.015033603992264388,0.0053634249895299245,0.010259490441970881,0.9693434805762349

0.017769140952305935,0.0064138631074614144,0.9728524320846551,0.0029645638555776104
0.011881828367683266,0.0009998649673951718,0.0291069171633871,0.9580113895015345
0.9683142392611046,0.0005817315938233913,0.028805923146542255,0.002298105998529745
0.00035946135578592675,0.9791516126869776,0.017289362697061127,0.0031995632601754084

Transition Gammas
1.0,1.0,2319.14486388955,25.855136110451234
2103.68979949428,26.31020050571932,1.0,1.0
63.07138200554051,6.985636180991355,13.120052618848096,2133.954856134515
18.09592243130754,6.4559451364164335,12.349330427898446,1166.797026370197

30.235149804249545,10.913533321535134,1655.3607797056109,5.04436497623824
11.883433018598069,1.0,29.110848077031697,958.1407697454653
1828.5208230216826,1.0985156363365582,54.395802689019206,4.339639449099927
1.1341225040454548,3089.283064636392,54.548993931404745,10.094817253855247

