0,1,2,3,4,5,6,7,8,9,10,11,12,13,14,15,16,17,18,19,20,21,22,23,24,25,26,27,28,29
github Code Version (SHA):,528ca1c557fe8e6666681dc5c9134b0f84d30530
Environment Observations,Environment Actions,alpha,epsilon,numActions,explore,patience,gainThresh,insertRandActions,useUpdatedPosterior,revisedSplitting,haveControl,confidence_factor
"['diamond', 'square']","['x', 'y']",0.65,0.99,75000,0.5,0,0.01,False,True,False,True,250

Model Num 0
Model States: 
['diamond'],['square']
Iteration: ,0
Error:,0.30920893758768936
Absolute Error:,1
Transition Probabilities
0.5,0.5
0.5,0.5

0.5,0.5
0.5,0.5

Transition Gammas
1.0,1.0
1.0,1.0

1.0,1.0
1.0,1.0

Iteration: ,1915
Error:,0.04493281693862053
Absolute Error:,1
Transition Probabilities
0.4430147058823529,0.5569852941176471
0.22664359861591696,0.773356401384083

0.28859060402684567,0.7114093959731543
0.7664670658682635,0.23353293413173654


Model Num 1
Model States: 
['square'],"['diamond', 'y', 'square']","['diamond', 'y', 'diamond']"
Iteration: ,0
Error:,0.39684195686015955
Absolute Error:,1
Transition Probabilities
0.3333333333333333,0.3333333333333333,0.3333333333333333
0.3333333333333333,0.3333333333333333,0.3333333333333333
0.3333333333333333,0.3333333333333333,0.3333333333333333

0.3333333333333333,0.3333333333333333,0.3333333333333333
0.3333333333333333,0.3333333333333333,0.3333333333333333
0.3333333333333333,0.3333333333333333,0.3333333333333333

Transition Gammas
1.0,1.0,1.0
1.0,1.0,1.0
1.0,1.0,1.0

1.0,1.0,1.0
1.0,1.0,1.0
1.0,1.0,1.0

Iteration: ,2500
Error:,0.06169969586202479
Absolute Error:,1
Transition Probabilities
0.7686230248306998,0.157488578197039,0.07388839697226128
0.49127716689053447,0.3999690925769924,0.10875374053247308
0.2788549301097308,0.44229013978053844,0.2788549301097308

0.21901528013582344,0.6800176132784147,0.10096710658576188
0.9959266802443992,0.002036659877800407,0.002036659877800407
0.005649717514124294,0.8416938518068781,0.15265643067899762

Transition Gammas
681.0,139.53488028257655,65.46511971742349
153.20123704362862,124.72747339317363,33.91406868784747
1.0,1.5860940296321644,1.0

129.0,400.53037422098623,59.469625779013754
489.0,1.0,1.0
1.0,148.97981176981742,27.02018823018258

Iteration: ,2942
Error:,0.05745896816623935
Absolute Error:,1
Transition Probabilities
0.7679500520291364,0.1609598956177355,0.07109005235312822
0.48480593306709896,0.4084390051833904,0.10675506174951069
0.2788549301097308,0.44229013978053844,0.2788549301097308

0.2263648468708389,0.6706091401583898,0.10302601297077131
0.9966887417218543,0.0016556291390728477,0.0016556291390728477
0.004830917874396136,0.8430065420692503,0.15216254005635352


Model Num 2
Model States: 
"['diamond', 'y', 'square']","['diamond', 'y', 'diamond']","['square', 'y', 'diamond', 'y', 'square']","['square', 'y', 'square']"
Iteration: ,0
Error:,0.30987599761611423
Absolute Error:,1
Transition Probabilities
0.25,0.25,0.25,0.25
0.25,0.25,0.25,0.25
0.25,0.25,0.25,0.25
0.25,0.25,0.25,0.25

0.25,0.25,0.25,0.25
0.25,0.25,0.25,0.25
0.25,0.25,0.25,0.25
0.25,0.25,0.25,0.25

Transition Gammas
1.0,1.0,1.0,1.0
1.0,1.0,1.0,1.0
1.0,1.0,1.0,1.0
1.0,1.0,1.0,1.0

1.0,1.0,1.0,1.0
1.0,1.0,1.0,1.0
1.0,1.0,1.0,1.0
1.0,1.0,1.0,1.0

Iteration: ,2500
Error:,0.08458489130405106
Absolute Error:,1
Transition Probabilities
0.41003350495769875,0.1431182047901624,0.38352662516811803,0.06332166508402076
0.2143555231312269,0.2143555231312269,0.2143555231312269,0.35693343060631916
0.23125656415613,0.04109899133034876,0.5808313883419245,0.14681305617159662
0.25,0.25,0.25,0.25

0.0011918951132300357,0.0011918951132300357,0.7619328946738493,0.23568331509969065
0.7415982391630273,0.2513842169773237,0.003508771929824562,0.003508771929824562
0.7582581995729335,0.23928781269700514,0.0012269938650306751,0.0012269938650306751
0.0037453183520599243,0.0037453183520599243,0.8475161821090084,0.14499318118687185

Transition Gammas
27.649059123265623,9.650635028635213,25.8616679037334,4.269857073929446
1.0,1.0,1.0,1.6651468802499998
41.39018339760735,7.355876771875485,103.95690939318963,26.27652686218697
1.0,1.0,1.0,1.0

1.0,1.0,639.2616986313595,197.73830136864046
211.35549816146272,71.64450183853724,1.0,1.0
617.9804326519406,195.01956734805913,1.0,1.0
1.0,1.0,226.28682062310529,38.71317937689479

Iteration: ,5000
Error:,0.06882587436137133
Absolute Error:,1
Transition Probabilities
0.39635029612475803,0.12630375970821728,0.41992164080065497,0.057424303366369674
0.2143555231312269,0.2143555231312269,0.2143555231312269,0.35693343060631916
0.1884258420733739,0.0464265799146359,0.6054045307289759,0.1597430472830142
0.25,0.25,0.25,0.25

0.0005970149253731343,0.0005970149253731343,0.7731250563628166,0.22568091378643712
0.7374309050752167,0.2590603229949588,0.001754385964912281,0.001754385964912281
0.7661405724188973,0.23264288256893711,0.0006082725060827252,0.0006082725060827252
0.0019455252918287934,0.0019455252918287934,0.8692507949705657,0.12685815444577667

Transition Gammas
52.95503719544903,16.875022823670122,56.104325706806605,7.672269077179339
1.0,1.0,1.0,1.6651468802499998
67.04296617576911,16.51883623086861,215.40631067215773,56.83746771655142
1.0,1.0,1.0,1.0

1.0,1.0,1294.9844694077178,378.0155305922822
420.3356158928734,147.66438410712647,1.0,1.0
1259.535101056667,382.4648989433325,1.0,1.0
1.0,1.0,446.79490861487085,65.20509138512922

Iteration: ,7500
Error:,0.05988341967455048
Absolute Error:,1
Transition Probabilities
0.4100349912949196,0.11314193483534858,0.42341654623685776,0.05340652763287411
0.2143555231312269,0.2143555231312269,0.2143555231312269,0.35693343060631916
0.17179717115328996,0.045508121549789136,0.6337490293919265,0.14894567790499463
0.25,0.25,0.25,0.25

0.0003987240829346093,0.0003987240829346093,0.7748187407681831,0.2243838110659477
0.7335876996430745,0.2641213496123666,0.001145475372279496,0.001145475372279496
0.7607650682411751,0.23842159300323335,0.00040666937779585213,0.00040666937779585213
0.0013037809647979135,0.0013037809647979135,0.8613860011396772,0.1360064369307271

Transition Gammas
75.4473755873678,20.818374610532423,77.90961228199478,9.826923152118102
1.0,1.0,1.0,1.6651468802499998
94.4459070564607,25.018199015456794,348.4050495433657,81.88324381269803
1.0,1.0,1.0,1.0

1.0,1.0,1943.2454018466028,562.7545981533967
640.4220617884039,230.57793821159603,1.0,1.0
1870.7213028050487,586.2786971949506,1.0,1.0
1.0,1.0,660.6830628741326,104.3169371258677

Iteration: ,10000
Error:,0.05686731406343854
Absolute Error:,1
Transition Probabilities
0.43354847763728827,0.10710294564531199,0.41321034137247165,0.04613823534492811
0.2143555231312269,0.2143555231312269,0.2143555231312269,0.35693343060631916
0.16945055937391035,0.04029269090259695,0.6347848309035052,0.1554719188199876
0.25,0.25,0.25,0.25

0.00029976019184652276,0.00029976019184652276,0.7716007078114749,0.22779977180483194
0.7255266800724213,0.2727506670421352,0.0008613264427217916,0.0008613264427217916
0.7611474173902024,0.2382387090677473,0.000306936771025169,0.000306936771025169
0.0009560229445506692,0.0009560229445506692,0.8566650834794315,0.14142287063146725

Transition Gammas
102.22338510171157,25.253059860558412,97.42799717420793,10.878614140870742
1.0,1.0,1.0,1.6651468802499998
127.1760990133882,30.24048587787358,476.41895550809653,116.68484432690789
1.0,1.0,1.0,1.0

1.0,1.0,2574.0599612590804,759.9400387409194
842.3364755640811,316.66352443591893,1.0,1.0
2479.818285857278,776.1817141427202,1.0,1.0
1.0,1.0,896.0716773194854,147.92832268051473

Iteration: ,12500
Error:,0.05501738698944939
Absolute Error:,1
Transition Probabilities
0.45240305738547737,0.09957100795253591,0.40155934596044324,0.04646658870154346
0.2143555231312269,0.2143555231312269,0.2143555231312269,0.35693343060631916
0.15940710190782426,0.03707569356921341,0.6445579430382574,0.158959261484705
0.25,0.25,0.25,0.25

0.0002401536983669548,0.0002401536983669548,0.7719202051454466,0.2275994874578195
0.732324985801793,0.26626953282083526,0.0007027406886858748,0.0007027406886858748
0.7631023262831822,0.23640843692621116,0.00024461839530332696,0.00024461839530332696
0.0007656967840735069,0.0007656967840735069,0.8647768838226357,0.13369172260921727

Transition Gammas
138.3285605213874,30.44522793311267,122.78238483098508,14.207809214576287
1.0,1.0,1.0,1.6651468802499998
150.32799666754607,34.964030288578414,607.8468471820298,149.90566320292294
1.0,1.0,1.0,1.0

1.0,1.0,3214.27573422564,947.7242657743606
1042.0984547959515,378.90154520404866,1.0,1.0
3119.562309845647,966.4376901543507,1.0,1.0
1.0,1.0,1129.3986102723622,174.60138972763775

Iteration: ,15000
Error:,0.05281978154037622
Absolute Error:,1
Transition Probabilities
0.4470846359619705,0.09962382667031021,0.4044256828948676,0.048865854472851696
0.2143555231312269,0.2143555231312269,0.2143555231312269,0.35693343060631916
0.1641553471886103,0.035000166072026946,0.6460982010739831,0.1547462856653795
0.25,0.25,0.25,0.25

0.00019592476489028212,0.00019592476489028212,0.7752890468023168,0.2243191036679027
0.7332067963865123,0.2656256612900784,0.0005837711617046117,0.0005837711617046117
0.7647043626745993,0.234897389615325,0.0001991238550378336,0.0001991238550378336
0.0006435006435006433,0.0006435006435006433,0.8587397403006477,0.1399732584123511

Transition Gammas
142.52096377711112,31.75793272713629,128.92220726479113,15.57738315090586
1.0,1.0,1.0,1.6651468802499998
164.52393111234142,35.078753207706704,647.5489086759344,155.0937430837957
1.0,1.0,1.0,1.0

1.0,1.0,3957.075294879025,1144.9247051209754
1255.9832422100958,455.0167577899044,1.0,1.0
3840.3453093518365,1179.6546906481617,1.0,1.0
1.0,1.0,1334.481556427207,217.51844357279367

Iteration: ,17500
Error:,0.05296647742942081
Absolute Error:,1
Transition Probabilities
0.4470846359619705,0.09962382667031021,0.4044256828948676,0.048865854472851696
0.2143555231312269,0.2143555231312269,0.2143555231312269,0.35693343060631916
0.1641553471886103,0.035000166072026946,0.6460982010739831,0.1547462856653795
0.25,0.25,0.25,0.25

0.00016526194017517766,0.00016526194017517766,0.770298346534296,0.22937112958535374
0.7345225759531415,0.2644794200548425,0.000499001996007984,0.000499001996007984
0.7658477650111974,0.23381717048888626,0.000167532249958117,0.000167532249958117
0.0005350454788657034,0.0005350454788657034,0.8440243747604101,0.15490553428185855

Transition Gammas
142.52096377711112,31.75793272713629,128.92220726479113,15.57738315090586
1.0,1.0,1.0,1.6651468802499998
164.52393111234142,35.078753207706704,647.5489086759344,155.0937430837957
1.0,1.0,1.0,1.0

1.0,1.0,4661.075294879025,1387.9247051209754
1471.9832422100958,530.0167577899044,1.0,1.0
4571.3453093518365,1395.6546906481617,1.0,1.0
1.0,1.0,1577.481556427207,289.5184435727937

Iteration: ,20000
Error:,0.05326360930229545
Absolute Error:,1
Transition Probabilities
0.4470846359619705,0.09962382667031021,0.4044256828948676,0.048865854472851696
0.2143555231312269,0.2143555231312269,0.2143555231312269,0.35693343060631916
0.1641553471886103,0.035000166072026946,0.6460982010739831,0.1547462856653795
0.25,0.25,0.25,0.25

0.0001431229426077,0.0001431229426077,0.7695828388262523,0.23013091528853233
0.7320666561657775,0.2670746061785764,0.00042936882782310007,0.00042936882782310007
0.7638443605143864,0.23586599430096483,0.00014482259232440265,0.00014482259232440265
0.00046040515653775313,0.00046040515653775313,0.8275697773605923,0.17150941232633224

Transition Gammas
142.52096377711112,31.75793272713629,128.92220726479113,15.57738315090586
1.0,1.0,1.0,1.6651468802499998
164.52393111234142,35.078753207706704,647.5489086759344,155.0937430837957
1.0,1.0,1.0,1.0

1.0,1.0,5377.075294879025,1607.9247051209754
1704.9832422100958,622.0167577899044,1.0,1.0
5274.3453093518365,1628.6546906481617,1.0,1.0
1.0,1.0,1797.481556427207,372.5184435727937

Iteration: ,22500
Error:,0.05225432580205061
Absolute Error:,1
Transition Probabilities
0.4470846359619705,0.09962382667031021,0.4044256828948676,0.048865854472851696
0.2143555231312269,0.2143555231312269,0.2143555231312269,0.35693343060631916
0.1641553471886103,0.035000166072026946,0.6460982010739831,0.1547462856653795
0.25,0.25,0.25,0.25

0.00012613521695257316,0.00012613521695257316,0.7665332107566883,0.23321451880940658
0.7313653963355353,0.267870369808905,0.00038211692777990065,0.00038211692777990065
0.7655296086352075,0.23421548440583254,0.00012745347947998984,0.00012745347947998984
0.00039968025579536365,0.00039968025579536365,0.8147408299069571,0.18445980958145228

Transition Gammas
142.52096377711112,31.75793272713629,128.92220726479113,15.57738315090586
1.0,1.0,1.0,1.6651468802499998
164.52393111234142,35.078753207706704,647.5489086759344,155.0937430837957
1.0,1.0,1.0,1.0

1.0,1.0,6077.075294879025,1848.9247051209754
1913.9832422100958,701.0167577899044,1.0,1.0
6006.3453093518365,1837.6546906481617,1.0,1.0
1.0,1.0,2038.481556427207,461.5184435727937

Iteration: ,25000
Error:,0.052046842211803425
Absolute Error:,1
Transition Probabilities
0.4470846359619705,0.09962382667031021,0.4044256828948676,0.048865854472851696
0.2143555231312269,0.2143555231312269,0.2143555231312269,0.35693343060631916
0.1641553471886103,0.035000166072026946,0.6460982010739831,0.1547462856653795
0.25,0.25,0.25,0.25

0.0001127141568981064,0.0001127141568981064,0.765788468764543,0.2339861029216609
0.7336232067565129,0.26569466500337807,0.00034106412005457026,0.00034106412005457026
0.7637480442948621,0.23602442441958613,0.00011376564277588171,0.00011376564277588171
0.00035727045373347617,0.00035727045373347617,0.80938962358957,0.18989583550296305

Transition Gammas
142.52096377711112,31.75793272713629,128.92220726479113,15.57738315090586
1.0,1.0,1.0,1.6651468802499998
164.52393111234142,35.078753207706704,647.5489086759344,155.0937430837957
1.0,1.0,1.0,1.0

1.0,1.0,6794.075294879025,2075.9247051209754
2150.983242210096,779.0167577899044,1.0,1.0
6713.3453093518365,2074.6546906481617,1.0,1.0
1.0,1.0,2265.4815564272067,531.5184435727937

Iteration: ,27500
Error:,0.051698675908708525
Absolute Error:,1
Transition Probabilities
0.4470846359619705,0.09962382667031021,0.4044256828948676,0.048865854472851696
0.2143555231312269,0.2143555231312269,0.2143555231312269,0.35693343060631916
0.1641553471886103,0.035000166072026946,0.6460982010739831,0.1547462856653795
0.25,0.25,0.25,0.25

0.00010190563538163661,0.00010190563538163661,0.7645037496055258,0.23529243912371095
0.7322758409811501,0.2671051556143313,0.00030950170225936243,0.00030950170225936243
0.7644995693507181,0.2352949019266429,0.00010276436131949442,0.00010276436131949442
0.00032071840923669016,0.00032071840923669016,0.8013090302845434,0.19804953289698318

Transition Gammas
142.52096377711112,31.75793272713629,128.92220726479113,15.57738315090586
1.0,1.0,1.0,1.6651468802499998
164.52393111234142,35.078753207706704,647.5489086759344,155.0937430837957
1.0,1.0,1.0,1.0

1.0,1.0,7502.075294879025,2308.9247051209754
2365.983242210096,863.0167577899044,1.0,1.0
7439.3453093518365,2289.6546906481617,1.0,1.0
1.0,1.0,2498.4815564272067,617.5184435727937

Iteration: ,30000
Error:,0.05154190149845707
Absolute Error:,1
Transition Probabilities
0.4470846359619705,0.09962382667031021,0.4044256828948676,0.048865854472851696
0.2143555231312269,0.2143555231312269,0.2143555231312269,0.35693343060631916
0.1641553471886103,0.035000166072026946,0.6460982010739831,0.1547462856653795
0.25,0.25,0.25,0.25

9.287638153617534e-05,9.287638153617534e-05,0.7649368714478523,0.23487737578907544
0.7312877670663537,0.2681453395096101,0.0002834467120181406,0.0002834467120181406
0.7654979231962412,0.23431489851644008,9.358914365933553e-05,9.358914365933553e-05
0.00029299736302373274,0.00029299736302373274,0.7965079274618243,0.20290607781212822

Transition Gammas
142.52096377711112,31.75793272713629,128.92220726479113,15.57738315090586
1.0,1.0,1.0,1.6651468802499998
164.52393111234142,35.078753207706704,647.5489086759344,155.0937430837957
1.0,1.0,1.0,1.0

1.0,1.0,8236.075294879025,2528.9247051209754
2579.983242210096,946.0167577899044,1.0,1.0
8179.3453093518365,2503.6546906481617,1.0,1.0
1.0,1.0,2718.4815564272067,692.5184435727937

Iteration: ,32500
Error:,0.05164877161745059
Absolute Error:,1
Transition Probabilities
0.4470846359619705,0.09962382667031021,0.4044256828948676,0.048865854472851696
0.2143555231312269,0.2143555231312269,0.2143555231312269,0.35693343060631916
0.1641553471886103,0.035000166072026946,0.6460982010739831,0.1547462856653795
0.25,0.25,0.25,0.25

8.54920064973925e-05,8.54920064973925e-05,0.7643904672034731,0.23543854878353213
0.7293403890728039,0.27014161040919565,0.000259000259000259,0.000259000259000259
0.7639353632987633,0.23589243074291047,8.610297916307905e-05,8.610297916307905e-05
0.0002687449610319806,0.0002687449610319806,0.7910458361803833,0.2084166738975527

Transition Gammas
142.52096377711112,31.75793272713629,128.92220726479113,15.57738315090586
1.0,1.0,1.0,1.6651468802499998
164.52393111234142,35.078753207706704,647.5489086759344,155.0937430837957
1.0,1.0,1.0,1.0

1.0,1.0,8941.075294879025,2753.9247051209754
2815.983242210096,1043.0167577899044,1.0,1.0
8872.345309351836,2739.6546906481617,1.0,1.0
1.0,1.0,2943.4815564272067,775.5184435727937

Iteration: ,35000
Error:,0.05140840815664316
Absolute Error:,1
Transition Probabilities
0.4470846359619705,0.09962382667031021,0.4044256828948676,0.048865854472851696
0.2143555231312269,0.2143555231312269,0.2143555231312269,0.35693343060631916
0.1641553471886103,0.035000166072026946,0.6460982010739831,0.1547462856653795
0.25,0.25,0.25,0.25

7.898894154818325e-05,7.898894154818325e-05,0.7646189016492121,0.2352231204676916
0.7336837221387376,0.2658329525833505,0.0002416626389560174,0.0002416626389560174
0.7645181926812307,0.23532278688464356,7.951021706289259e-05,7.951021706289259e-05
0.00024888003982080636,0.00024888003982080636,0.7883229358952728,0.2111793040250855

Transition Gammas
142.52096377711112,31.75793272713629,128.92220726479113,15.57738315090586
1.0,1.0,1.0,1.6651468802499998
164.52393111234142,35.078753207706704,647.5489086759344,155.0937430837957
1.0,1.0,1.0,1.0

1.0,1.0,9680.075294879025,2977.9247051209754
3035.983242210096,1100.0167577899044,1.0,1.0
9615.345309351836,2959.6546906481617,1.0,1.0
1.0,1.0,3167.4815564272067,848.5184435727937

Iteration: ,37500
Error:,0.050770073972009944
Absolute Error:,1
Transition Probabilities
0.4470846359619705,0.09962382667031021,0.4044256828948676,0.048865854472851696
0.2143555231312269,0.2143555231312269,0.2143555231312269,0.35693343060631916
0.1641553471886103,0.035000166072026946,0.6460982010739831,0.1547462856653795
0.25,0.25,0.25,0.25

7.345919341805627e-05,7.345919341805627e-05,0.7657441632909002,0.2341089183222637
0.7329405839789264,0.2666105829869624,0.0002244165170556553,0.0002244165170556553
0.7641227780172817,0.2357294132472221,7.390436774813392e-05,7.390436774813392e-05
0.00023293733985557886,0.00023293733985557886,0.7865086318255781,0.21302549349471084

Transition Gammas
142.52096377711112,31.75793272713629,128.92220726479113,15.57738315090586
1.0,1.0,1.0,1.6651468802499998
164.52393111234142,35.078753207706704,647.5489086759344,155.0937430837957
1.0,1.0,1.0,1.0

1.0,1.0,10424.075294879025,3186.9247051209754
3265.983242210096,1188.0167577899044,1.0,1.0
10339.345309351836,3189.6546906481617,1.0,1.0
1.0,1.0,3376.4815564272067,914.5184435727937

Iteration: ,40000
Error:,0.050674652848531766
Absolute Error:,1
Transition Probabilities
0.4470846359619705,0.09962382667031021,0.4044256828948676,0.048865854472851696
0.2143555231312269,0.2143555231312269,0.2143555231312269,0.35693343060631916
0.1641553471886103,0.035000166072026946,0.6460982010739831,0.1547462856653795
0.25,0.25,0.25,0.25

6.869075422448138e-05,6.869075422448138e-05,0.7638463590382625,0.2360162594532886
0.7369052453990912,0.26267245730361155,0.00021114864864864866,0.00021114864864864866
0.7640307640312151,0.23583106671144471,6.90846286701209e-05,6.90846286701209e-05
0.00021626297577854672,0.00021626297577854672,0.7838411670474063,0.2157263070010367

Transition Gammas
142.52096377711112,31.75793272713629,128.92220726479113,15.57738315090586
1.0,1.0,1.0,1.6651468802499998
164.52393111234142,35.078753207706704,647.5489086759344,155.0937430837957
1.0,1.0,1.0,1.0

1.0,1.0,11120.075294879025,3435.9247051209754
3489.983242210096,1244.0167577899044,1.0,1.0
11059.345309351836,3413.6546906481617,1.0,1.0
1.0,1.0,3624.4815564272067,997.5184435727937

Iteration: ,42500
Error:,0.052066702075245386
Absolute Error:,1
Transition Probabilities
0.4470846359619705,0.09962382667031021,0.4044256828948676,0.048865854472851696
0.2143555231312269,0.2143555231312269,0.2143555231312269,0.35693343060631916
0.1641553471886103,0.035000166072026946,0.6460982010739831,0.1547462856653795
0.25,0.25,0.25,0.25

6.451196696987291e-05,6.451196696987291e-05,0.7631814266743452,0.23668954939171508
0.7374668341706635,0.2621353933551918,0.0001988862370723946,0.0001988862370723946
0.7643391471140695,0.23553114278799936,6.485504896556198e-05,6.485504896556198e-05
0.00020222446916076846,0.00020222446916076846,0.7802793845151075,0.21931616654657105

Transition Gammas
142.52096377711112,31.75793272713629,128.92220726479113,15.57738315090586
1.0,1.0,1.0,1.6651468802499998
164.52393111234142,35.078753207706704,647.5489086759344,155.0937430837957
1.0,1.0,1.0,1.0

1.0,1.0,11830.075294879025,3668.9247051209754
3707.983242210096,1318.0167577899044,1.0,1.0
11785.345309351836,3631.6546906481617,1.0,1.0
1.0,1.0,3858.4815564272067,1084.5184435727938

Iteration: ,45000
Error:,0.05135858871816682
Absolute Error:,1
Transition Probabilities
0.4470846359619705,0.09962382667031021,0.4044256828948676,0.048865854472851696
0.2143555231312269,0.2143555231312269,0.2143555231312269,0.35693343060631916
0.1641553471886103,0.035000166072026946,0.6460982010739831,0.1547462856653795
0.25,0.25,0.25,0.25

6.076072426783327e-05,6.076072426783327e-05,0.7635845968452439,0.2362938817062204
0.7386460116716878,0.2609787538067363,0.0001876172607879925,0.0001876172607879925
0.7641270950996482,0.23575077495408905,6.106497313141183e-05,6.106497313141183e-05
0.00019124115509657678,0.00019124115509657678,0.7799735238912233,0.21964399379858363

Transition Gammas
142.52096377711112,31.75793272713629,128.92220726479113,15.57738315090586
1.0,1.0,1.0,1.6651468802499998
164.52393111234142,35.078753207706704,647.5489086759344,155.0937430837957
1.0,1.0,1.0,1.0

1.0,1.0,12567.075294879025,3888.9247051209754
3936.983242210096,1391.0167577899044,1.0,1.0
12513.345309351836,3860.6546906481617,1.0,1.0
1.0,1.0,4078.4815564272067,1148.5184435727938

Iteration: ,47500
Error:,0.051338661124826476
Absolute Error:,1
Transition Probabilities
0.4470846359619705,0.09962382667031021,0.4044256828948676,0.048865854472851696
0.2143555231312269,0.2143555231312269,0.2143555231312269,0.35693343060631916
0.1641553471886103,0.035000166072026946,0.6460982010739831,0.1547462856653795
0.25,0.25,0.25,0.25

5.750761975961815e-05,5.750761975961815e-05,0.7631304442394057,0.2367545405210751
0.7400890378998753,0.2595571050583695,0.00017692852087756547,0.00017692852087756547
0.76254378629178,0.2373406535302572,5.7780088981337034e-05,5.7780088981337034e-05
0.00018034265103697024,0.00018034265103697024,0.7766423005279002,0.22299701417002593

Transition Gammas
142.52096377711112,31.75793272713629,128.92220726479113,15.57738315090586
1.0,1.0,1.0,1.6651468802499998
164.52393111234142,35.078753207706704,647.5489086759344,155.0937430837957
1.0,1.0,1.0,1.0

1.0,1.0,13270.075294879025,4116.924705120975
4182.983242210095,1467.0167577899044,1.0,1.0
13197.345309351836,4107.654690648162,1.0,1.0
1.0,1.0,4306.481556427207,1236.5184435727938

Iteration: ,50000
Error:,0.051580340527922715
Absolute Error:,1
Transition Probabilities
0.4470846359619705,0.09962382667031021,0.4044256828948676,0.048865854472851696
0.2143555231312269,0.2143555231312269,0.2143555231312269,0.35693343060631916
0.1641553471886103,0.035000166072026946,0.6460982010739831,0.1547462856653795
0.25,0.25,0.25,0.25

5.45404963185165e-05,5.45404963185165e-05,0.7635710550793032,0.23631986392805973
0.7407503334242838,0.2589149385422434,0.00016736401673640169,0.00016736401673640169
0.7615792959320533,0.23831112703529267,5.478851632697787e-05,5.478851632697787e-05
0.0001714971702966901,0.0001714971702966901,0.77542129247594,0.2242357131834666

Transition Gammas
142.52096377711112,31.75793272713629,128.92220726479113,15.57738315090586
1.0,1.0,1.0,1.6651468802499998
164.52393111234142,35.078753207706704,647.5489086759344,155.0937430837957
1.0,1.0,1.0,1.0

1.0,1.0,14000.075294879025,4332.924705120975
4425.983242210095,1547.0167577899044,1.0,1.0
13900.345309351836,4349.654690648162,1.0,1.0
1.0,1.0,4521.481556427207,1307.5184435727938

Iteration: ,52500
Error:,0.05028242732581377
Absolute Error:,1
Transition Probabilities
0.4470846359619705,0.09962382667031021,0.4044256828948676,0.048865854472851696
0.2143555231312269,0.2143555231312269,0.2143555231312269,0.35693343060631916
0.1641553471886103,0.035000166072026946,0.6460982010739831,0.1547462856653795
0.25,0.25,0.25,0.25

5.183764449743404e-05,5.183764449743404e-05,0.7636760818453696,0.23622024286563553
0.7407853313463224,0.2588956385053285,0.0001595150741745095,0.0001595150741745095
0.7620962780795417,0.23779959863849237,5.2061640982923784e-05,5.2061640982923784e-05
0.00016326530612244898,0.00016326530612244898,0.7747724990085235,0.22490097037923165

Transition Gammas
142.52096377711112,31.75793272713629,128.92220726479113,15.57738315090586
1.0,1.0,1.0,1.6651468802499998
164.52393111234142,35.078753207706704,647.5489086759344,155.0937430837957
1.0,1.0,1.0,1.0

1.0,1.0,14732.075294879025,4556.924705120975
4643.983242210095,1623.0167577899044,1.0,1.0
14638.345309351836,4567.654690648162,1.0,1.0
1.0,1.0,4745.481556427207,1377.5184435727938

Iteration: ,55000
Error:,0.051432624351425704
Absolute Error:,1
Transition Probabilities
0.4470846359619705,0.09962382667031021,0.4044256828948676,0.048865854472851696
0.2143555231312269,0.2143555231312269,0.2143555231312269,0.35693343060631916
0.1641553471886103,0.035000166072026946,0.6460982010739831,0.1547462856653795
0.25,0.25,0.25,0.25

4.9419322955275514e-05,4.9419322955275514e-05,0.762790970836621,0.23711019051746848
0.7393858576312331,0.2603098673041084,0.00015213753232922562,0.00015213753232922562
0.7625220975263912,0.23737865674117514,4.962286621675268e-05,4.962286621675268e-05
0.000155448468832582,0.000155448468832582,0.7752963712773522,0.2243927317849827

Transition Gammas
142.52096377711112,31.75793272713629,128.92220726479113,15.57738315090586
1.0,1.0,1.0,1.6651468802499998
164.52393111234142,35.078753207706704,647.5489086759344,155.0937430837957
1.0,1.0,1.0,1.0

1.0,1.0,15435.075294879025,4797.924705120975
4859.983242210095,1711.0167577899044,1.0,1.0
15366.345309351836,4783.654690648162,1.0,1.0
1.0,1.0,4987.481556427207,1443.5184435727938

Iteration: ,57500
Error:,0.05146756263353186
Absolute Error:,1
Transition Probabilities
0.4470846359619705,0.09962382667031021,0.4044256828948676,0.048865854472851696
0.2143555231312269,0.2143555231312269,0.2143555231312269,0.35693343060631916
0.1641553471886103,0.035000166072026946,0.6460982010739831,0.1547462856653795
0.25,0.25,0.25,0.25

4.723442444853809e-05,4.723442444853809e-05,0.7624144015341281,0.23749112961697488
0.7378574065440674,0.2618518112518035,0.00014539110206455364,0.00014539110206455364
0.7628311114491838,0.23707405238030071,4.7418085257717294e-05,4.7418085257717294e-05
0.00014803849000740192,0.00014803849000740192,0.7723880912549529,0.2273158317650324

Transition Gammas
142.52096377711112,31.75793272713629,128.92220726479113,15.57738315090586
1.0,1.0,1.0,1.6651468802499998
164.52393111234142,35.078753207706704,647.5489086759344,155.0937430837957
1.0,1.0,1.0,1.0

1.0,1.0,16141.075294879025,5027.924705120975
5074.983242210095,1801.0167577899044,1.0,1.0
16087.345309351836,4999.654690648162,1.0,1.0
1.0,1.0,5217.481556427207,1535.5184435727938

Iteration: ,60000
Error:,0.05184275053579819
Absolute Error:,1
Transition Probabilities
0.4470846359619705,0.09962382667031021,0.4044256828948676,0.048865854472851696
0.2143555231312269,0.2143555231312269,0.2143555231312269,0.35693343060631916
0.1641553471886103,0.035000166072026946,0.6460982010739831,0.1547462856653795
0.25,0.25,0.25,0.25

4.522022248349462e-05,4.522022248349462e-05,0.7622354750329666,0.23767408452206634
0.7391763654564505,0.26054616506519207,0.00013873473917869035,0.00013873473917869035
0.7615335349894166,0.23837568383859842,4.539058599246516e-05,4.539058599246516e-05
0.00014204545454545454,0.00014204545454545454,0.7735059029015918,0.2262100061893173

Transition Gammas
142.52096377711112,31.75793272713629,128.92220726479113,15.57738315090586
1.0,1.0,1.0,1.6651468802499998
164.52393111234142,35.078753207706704,647.5489086759344,155.0937430837957
1.0,1.0,1.0,1.0

1.0,1.0,16856.075294879025,5255.924705120975
5327.983242210095,1878.0167577899044,1.0,1.0
16777.345309351836,5251.654690648162,1.0,1.0
1.0,1.0,5445.481556427207,1592.5184435727938

Iteration: ,62500
Error:,0.05253692459173458
Absolute Error:,1
Transition Probabilities
0.4470846359619705,0.09962382667031021,0.4044256828948676,0.048865854472851696
0.2143555231312269,0.2143555231312269,0.2143555231312269,0.35693343060631916
0.1641553471886103,0.035000166072026946,0.6460982010739831,0.1547462856653795
0.25,0.25,0.25,0.25

4.3383947939262474e-05,4.3383947939262474e-05,0.7619989281943178,0.2379143039098037
0.7383018663224475,0.2614323176222627,0.00013290802764486976,0.00013290802764486976
0.7613682809836652,0.23854463755162458,4.354073235511821e-05,4.354073235511821e-05
0.00013601741022850925,0.00013601741022850925,0.7716922682844405,0.22803569689510253

Transition Gammas
142.52096377711112,31.75793272713629,128.92220726479113,15.57738315090586
1.0,1.0,1.0,1.6651468802499998
164.52393111234142,35.078753207706704,647.5489086759344,155.0937430837957
1.0,1.0,1.0,1.0

1.0,1.0,17564.075294879025,5483.924705120975
5554.983242210095,1967.0167577899044,1.0,1.0
17486.345309351836,5478.654690648162,1.0,1.0
1.0,1.0,5673.481556427207,1676.5184435727938

Iteration: ,65000
Error:,0.05164455363430029
Absolute Error:,1
Transition Probabilities
0.4470846359619705,0.09962382667031021,0.4044256828948676,0.048865854472851696
0.2143555231312269,0.2143555231312269,0.2143555231312269,0.35693343060631916
0.1641553471886103,0.035000166072026946,0.6460982010739831,0.1547462856653795
0.25,0.25,0.25,0.25

4.1687510421877605e-05,4.1687510421877605e-05,0.7617173292846017,0.23819929569455456
0.7390950321614506,0.2606499308581873,0.00012751849018107625,0.00012751849018107625
0.7606502953085897,0.2392660401860766,4.1832252666806106e-05,4.1832252666806106e-05
0.00013058239749281798,0.00013058239749281798,0.7708907751928972,0.22884806001211724

Transition Gammas
142.52096377711112,31.75793272713629,128.92220726479113,15.57738315090586
1.0,1.0,1.0,1.6651468802499998
164.52393111234142,35.078753207706704,647.5489086759344,155.0937430837957
1.0,1.0,1.0,1.0

1.0,1.0,18272.075294879025,5713.924705120975
5795.983242210095,2044.0167577899044,1.0,1.0
18183.345309351836,5719.654690648162,1.0,1.0
1.0,1.0,5903.481556427207,1752.5184435727938

Iteration: ,67500
Error:,0.0514506030282952
Absolute Error:,1
Transition Probabilities
0.4470846359619705,0.09962382667031021,0.4044256828948676,0.048865854472851696
0.2143555231312269,0.2143555231312269,0.2143555231312269,0.35693343060631916
0.1641553471886103,0.035000166072026946,0.6460982010739831,0.1547462856653795
0.25,0.25,0.25,0.25

4.0094623311013995e-05,4.0094623311013995e-05,0.7620414295689437,0.23787838118443427
0.7391550856628696,0.26059918390341624,0.00012286521685710776,0.00012286521685710776
0.760976156945524,0.2389433860587401,4.022849786788961e-05,4.022849786788961e-05
0.0001257071024512885,0.0001257071024512885,0.7695137091674679,0.23023487662762965

Transition Gammas
142.52096377711112,31.75793272713629,128.92220726479113,15.57738315090586
1.0,1.0,1.0,1.6651468802499998
164.52393111234142,35.078753207706704,647.5489086759344,155.0937430837957
1.0,1.0,1.0,1.0

1.0,1.0,19006.075294879025,5932.924705120975
6015.983242210095,2121.0167577899047,1.0,1.0
18916.345309351836,5939.654690648162,1.0,1.0
1.0,1.0,6121.481556427207,1831.5184435727938

Iteration: ,70000
Error:,0.051036248123736826
Absolute Error:,1
Transition Probabilities
0.4470846359619705,0.09962382667031021,0.4044256828948676,0.048865854472851696
0.2143555231312269,0.2143555231312269,0.2143555231312269,0.35693343060631916
0.1641553471886103,0.035000166072026946,0.6460982010739831,0.1547462856653795
0.25,0.25,0.25,0.25

3.8636890503052314e-05,3.8636890503052314e-05,0.7615360209751575,0.23838670524383646
0.7399173674347836,0.2598454409143625,0.00011859582542694497,0.00011859582542694497
0.7610598957113115,0.2388625849088435,3.875968992248062e-05,3.875968992248062e-05
0.00012078753472641623,0.00012078753472641623,0.7681460993389548,0.23161232559159245

Transition Gammas
142.52096377711112,31.75793272713629,128.92220726479113,15.57738315090586
1.0,1.0,1.0,1.6651468802499998
164.52393111234142,35.078753207706704,647.5489086759344,155.0937430837957
1.0,1.0,1.0,1.0

1.0,1.0,19710.075294879025,6169.924705120975
6238.983242210095,2191.0167577899047,1.0,1.0
19635.345309351836,6162.654690648162,1.0,1.0
1.0,1.0,6359.481556427207,1917.5184435727938

Iteration: ,72500
Error:,0.05083396693672317
Absolute Error:,1
Transition Probabilities
0.4470846359619705,0.09962382667031021,0.4044256828948676,0.048865854472851696
0.2143555231312269,0.2143555231312269,0.2143555231312269,0.35693343060631916
0.1641553471886103,0.035000166072026946,0.6460982010739831,0.1547462856653795
0.25,0.25,0.25,0.25

3.727171077152441e-05,3.727171077152441e-05,0.7607929666373099,0.23913248994114703
0.7411340495938147,0.2586364610200694,0.00011474469305794607,0.00011474469305794607
0.761266087533716,0.23865914052071788,3.738597278301181e-05,3.738597278301181e-05
0.00011627906976744187,0.00011627906976744187,0.7680792507473496,0.23168819111311556

Transition Gammas
142.52096377711112,31.75793272713629,128.92220726479113,15.57738315090586
1.0,1.0,1.0,1.6651468802499998
164.52393111234142,35.078753207706704,647.5489086759344,155.0937430837957
1.0,1.0,1.0,1.0

1.0,1.0,20412.075294879025,6415.924705120975
6458.983242210095,2254.0167577899047,1.0,1.0
20362.345309351836,6383.654690648162,1.0,1.0
1.0,1.0,6605.481556427207,1992.5184435727938

Iteration: ,74999
Error:,0.05211896801577467
Absolute Error:,1
Transition Probabilities
0.4470846359619705,0.09962382667031021,0.4044256828948676,0.048865854472851696
0.2143555231312269,0.2143555231312269,0.2143555231312269,0.35693343060631916
0.1641553471886103,0.035000166072026946,0.6460982010739831,0.1547462856653795
0.25,0.25,0.25,0.25

3.601397342168761e-05,3.601397342168761e-05,0.7609779700680313,0.23895000198512534
0.7406938975383871,0.25908523001545053,0.00011043622308117063,0.00011043622308117063
0.760424248125405,0.2395035105887001,3.6120642947444464e-05,3.6120642947444464e-05
0.00011254924029262802,0.00011254924029262802,0.7680902145669338,0.231684686952481

Transition Gammas
142.52096377711112,31.75793272713629,128.92220726479113,15.57738315090586
1.0,1.0,1.0,1.6651468802499998
164.52393111234142,35.078753207706704,647.5489086759344,155.0937430837957
1.0,1.0,1.0,1.0

1.0,1.0,21130.075294879025,6634.924705120975
6706.983242210095,2346.0167577899047,1.0,1.0
21052.345309351836,6630.654690648162,1.0,1.0
1.0,1.0,6824.481556427207,2058.518443572794

*,*,*,*,*,*,*,*,*,*,*
Model Num 2
Model States: 
"['diamond', 'y', 'square']","['diamond', 'y', 'diamond']","['square', 'y', 'diamond', 'y', 'square']","['square', 'y', 'square']"
Iteration: ,74999
Error:,0.051321079849678486
Absolute Error:,1
Transition Probabilities
0.4470846359619705,0.09962382667031021,0.4044256828948676,0.048865854472851696
0.2143555231312269,0.2143555231312269,0.2143555231312269,0.35693343060631916
0.1641553471886103,0.035000166072026946,0.6460982010739831,0.1547462856653795
0.25,0.25,0.25,0.25

3.601267646211466e-05,3.601267646211466e-05,0.7609505652146005,0.23897740943247534
0.7406938975383871,0.25908523001545053,0.00011043622308117063,0.00011043622308117063
0.760424248125405,0.2395035105887001,3.6120642947444464e-05,3.6120642947444464e-05
0.00011254924029262802,0.00011254924029262802,0.7680902145669338,0.231684686952481

Transition Gammas
142.52096377711112,31.75793272713629,128.92220726479113,15.57738315090586
1.0,1.0,1.0,1.6651468802499998
164.52393111234142,35.078753207706704,647.5489086759344,155.0937430837957
1.0,1.0,1.0,1.0

1.0,1.0,21130.075294879025,6635.924705120975
6706.983242210095,2346.0167577899047,1.0,1.0
21052.345309351836,6630.654690648162,1.0,1.0
1.0,1.0,6824.481556427207,2058.518443572794

