0,1,2,3,4,5,6,7,8,9,10,11,12,13,14,15,16,17,18,19,20,21,22,23,24,25,26,27,28,29
github Code Version (SHA):,528ca1c557fe8e6666681dc5c9134b0f84d30530
Environment Observations,Environment Actions,alpha,epsilon,numActions,explore,patience,gainThresh,insertRandActions,useUpdatedPosterior,revisedSplitting,haveControl,confidence_factor
"['diamond', 'square']","['x', 'y']",0.95,0.99,75000,0.5,0,0.01,False,True,False,True,250

Model Num 0
Model States: 
['diamond'],['square']
Iteration: ,0
Error:,0.6230459333119222
Absolute Error:,1
Transition Probabilities
0.5,0.5
0.5,0.5

0.5,0.5
0.5,0.5

Transition Gammas
1.0,1.0
1.0,1.0

1.0,1.0
1.0,1.0

Iteration: ,2500
Error:,0.12897698922389753
Absolute Error:,1
Transition Probabilities
0.4438202247191011,0.5561797752808989
0.047075606276747506,0.9529243937232525

0.05443548387096774,0.9455645161290323
0.9458064516129032,0.05419354838709677

Transition Gammas
237.0,297.0
33.0,668.0

27.0,469.0
733.0,42.0

Iteration: ,2510
Error:,0.13107043882499128
Absolute Error:,1
Transition Probabilities
0.4438202247191011,0.5561797752808989
0.04694167852062589,0.9530583214793741

0.054,0.946
0.944801026957638,0.055198973042362


Model Num 1
Model States: 
['square'],"['diamond', 'x', 'square']","['diamond', 'x', 'diamond']"
Iteration: ,0
Error:,0.6748161441537034
Absolute Error:,1
Transition Probabilities
0.3333333333333333,0.3333333333333333,0.3333333333333333
0.3333333333333333,0.3333333333333333,0.3333333333333333
0.3333333333333333,0.3333333333333333,0.3333333333333333

0.3333333333333333,0.3333333333333333,0.3333333333333333
0.3333333333333333,0.3333333333333333,0.3333333333333333
0.3333333333333333,0.3333333333333333,0.3333333333333333

Transition Gammas
1.0,1.0,1.0
1.0,1.0,1.0
1.0,1.0,1.0

1.0,1.0,1.0
1.0,1.0,1.0
1.0,1.0,1.0

Iteration: ,2500
Error:,0.14635166357285517
Absolute Error:,1
Transition Probabilities
0.9464493597206054,0.03226067746011228,0.021289962819282363
0.9957716701902748,0.0021141649048625794,0.0021141649048625794
0.003105590062111801,0.8994931921767354,0.09740121776115286

0.06317411402157166,0.2927482815694913,0.6440776044089371
0.5593218695306629,0.1109917107570977,0.32968641971223944
0.9646085364635865,0.02476230711071166,0.010629156425701905

Transition Gammas
813.0,27.71192193823645,18.28807806176355
471.0,1.0,1.0
1.0,289.6368078809088,31.36319211909122

41.0,189.99363473859978,418.00636526140005
17.537839461321443,3.480205067663085,10.337495843570121
142.15047172941613,3.6491213832723686,1.566375936852719

Iteration: ,2801
Error:,0.1434414229321384
Absolute Error:,1
Transition Probabilities
0.9473684210526315,0.030385879318241722,0.0222456996291267
0.9963570127504554,0.0018214936247723133,0.0018214936247723133
0.0027247956403269745,0.9032144735787824,0.0940607307808907

0.06648936170212769,0.31636077695077314,0.6171498613470993
0.6591268700914706,0.08007957117177684,0.26079355873675253
0.9611244655702258,0.028233817248009385,0.01064171718176499


Model Num 2
Model States: 
"['diamond', 'x', 'square']","['diamond', 'x', 'diamond']","['square', 'y', 'diamond', 'x', 'diamond']","['square', 'y', 'diamond', 'x', 'square']"
Iteration: ,0
Error:,0.6233125297961727
Absolute Error:,0.7
Transition Probabilities
0.25,0.25,0.25,0.25
0.25,0.25,0.25,0.25
0.25,0.25,0.25,0.25
0.25,0.25,0.25,0.25

0.25,0.25,0.25,0.25
0.25,0.25,0.25,0.25
0.25,0.25,0.25,0.25
0.25,0.25,0.25,0.25

Transition Gammas
1.0,1.0,1.0,1.0
1.0,1.0,1.0,1.0
1.0,1.0,1.0,1.0
1.0,1.0,1.0,1.0

1.0,1.0,1.0,1.0
1.0,1.0,1.0,1.0
1.0,1.0,1.0,1.0
1.0,1.0,1.0,1.0

Iteration: ,2500
Error:,0.05142661875455134
Absolute Error:,0.05441898655427076
Transition Probabilities
0.002024291497975708,0.002024291497975708,0.029505785308916996,0.9664456316951315
0.9317033026383105,0.0630610952674487,0.002617801047120418,0.002617801047120418
0.0489423513008595,0.013137961914836006,0.8957562708713683,0.042163415912936146
0.01674588049394599,0.03623588584231452,0.9008578203741612,0.04616041328957825

0.02715824682791721,0.009899707547279991,0.02430114101964602,0.9386409046051567
0.03155464776217887,0.15376218417890708,0.7589819024245265,0.05570126563438754
0.002691771816121509,0.9393805850479242,0.04339676652009769,0.01453087661585659
0.960555758973896,0.0031996241050362565,0.02299475573933732,0.013249861181730422

Transition Gammas
1.0,1.0,14.575857942604998,477.42414205739504
355.9106616078347,24.089338392165413,1.0,1.0
12.179055637992112,3.2693151202933546,222.90440019850746,10.492151983765302
5.925173886429692,12.821298027425293,318.749392401114,16.332881123156863

5.8263174438339504,2.1238056763031294,5.213376353965876,201.36866384082836
1.0,4.87288545693117,24.05293534394118,1.7652317355654532
1.0523420032621345,367.24868013487827,16.965866104007542,5.6808128072008754
332.22942935296686,1.106660681203704,7.953244260959669,4.582757198931076

Iteration: ,5000
Error:,0.0380478864062043
Absolute Error:,0.04663652016288729
Transition Probabilities
0.001049317943336832,0.001049317943336832,0.02819317113021847,0.969708192983108
0.9490269259849026,0.04832406739258089,0.001324503311258278,0.001324503311258278
0.032175912889044436,0.011242906621137524,0.9046671133585141,0.0519140671313039
0.019176811843251075,0.026149390390180386,0.9049047010596127,0.04976909670695578

0.03434947439148382,0.006339198006081066,0.01712702589142324,0.9421843017110119
0.06801952746646242,0.10307680524553084,0.793469760595498,0.03543390669250884
0.0013568648610109164,0.9524547214559789,0.037718094046097245,0.008470319636912955
0.9582138225799298,0.0016767812498154917,0.024621406400373757,0.015487989769880915

Transition Gammas
1.0,1.0,26.86809208709818,924.131907912901
716.5153291186016,36.48467088139858,1.0,1.0
17.262017751227475,6.031693780957166,485.3437981261941,27.851316960275263
13.877119885622365,18.922760902416787,654.8257929582223,36.01493967020492

15.234000283377986,2.811435864211384,7.595840166568932,417.8589679619204
3.836572890877834,5.813943310298404,44.754862120043136,1.9986137936845085
1.0564780772965048,741.597458781634,29.367950060569058,6.595135050829969
638.0111327296802,1.1164575998854707,16.393764123132243,10.312426792364656

Iteration: ,7500
Error:,0.03260971177989691
Absolute Error:,0.03696848023404281
Transition Probabilities
0.0007407407407407415,0.0007407407407407415,0.023770363172571248,0.9747481553459472
0.9542277220805448,0.04397371676837599,0.0008992805755395674,0.0008992805755395674
0.034153142561800326,0.0166840238538664,0.8994666135651822,0.04969622001915109
0.020659567000478225,0.027402442668230588,0.9076993268762362,0.04423866345505492

0.03491064188045852,0.006857849497069804,0.014649492996870472,0.9435820156256012
0.043431905814875375,0.05692930602152708,0.872665052356109,0.026973735807488436
0.0009011141584326591,0.954596458595347,0.037631463714742575,0.006870963531477858
0.9476159310687693,0.0011211397926406334,0.03505364644521597,0.01620928269337407

Transition Gammas
1.0,1.0,32.08999028297115,1315.9100097170274
1061.101226953567,48.89877304643415,1.0,1.0
27.794864843601218,13.577965401763912,732.0132520788466,40.44429341079531
21.990617968739684,29.167922450330238,966.1804203038439,47.08886432446717

25.28581067649721,4.967146826592268,10.610641525697243,683.4373394380915
4.84799252964165,6.354610628565129,97.40934861883854,3.010884906792264
1.060232300397134,1123.1584697413637,44.27640268241819,8.084233726384163
949.7322928457223,1.1236436946181885,35.1319336447524,16.245483758805072

Iteration: ,10000
Error:,0.029320470279532645
Absolute Error:,0.03243922866336048
Transition Probabilities
0.0006020469596628544,0.0006020469596628544,0.021214991346988798,0.9775809147336855
0.9596221905842196,0.03896737218023735,0.0007052186177715095,0.0007052186177715095
0.03161971359489594,0.013708623199177695,0.9067483194183652,0.04792334378756121
0.02193243472847953,0.028856872769215575,0.9129508411668635,0.036259851335441316

0.033016243806695704,0.009524178656851269,0.012966002780642409,0.9444935747558107
0.03697912332843712,0.03290443477694477,0.9005319611977567,0.029584480696861412
0.0006490288750340456,0.9576689309727289,0.036470281094770164,0.0052117590574669295
0.9473255720229293,0.0008512173276868392,0.035579316236387735,0.016243894412996042

Transition Gammas
1.0,1.0,35.23810062734835,1623.7618993726499
1360.7442662484227,55.25573375157654,1.0,1.0
33.86640368337457,14.682668323775292,971.1759258186565,51.328463228986124
29.96257334549372,39.42226102907192,1247.210210719213,49.53569763616373

34.33786554732325,9.905426192101258,13.485024607118593,982.3011233548781
10.19094495017953,9.068016038410212,248.17439723851382,8.153081712716359
1.0670998598003758,1574.5499488332753,59.96255843173091,8.568905904601802
1256.4934811143257,1.1290194784525278,47.19093438812419,21.545230109490728

Iteration: ,12500
Error:,0.02847993109846397
Absolute Error:,0.03276988268086031
Transition Probabilities
0.0005007511266900353,0.0005007511266900353,0.02121191861410133,0.9777865791325185
0.9614657171019128,0.03737486260823226,0.0005797101449275364,0.0005797101449275364
0.036055444624243205,0.013664411999239815,0.9044443075918639,0.0458358357846531
0.02114691711443628,0.02733928977402937,0.9217318240265874,0.029781969084946902

0.034293256115086095,0.008933251143642964,0.01172709345218767,0.9450463992890832
0.031676123403882324,0.027073531742493974,0.8920233393376183,0.04922700551600525
0.00046960520435446467,0.9577474729106701,0.03783500399270612,0.00394791789226933
0.9508252992642059,0.0007344610188786606,0.032149501329425574,0.01629073838748992

Transition Gammas
1.0,1.0,42.36020147236033,1952.6397985276385
1658.5283620007988,64.47163799920062,1.0,1.0
41.9607003839669,15.902405414733364,1052.5765803295287,53.34294978892961
36.147684674683205,46.73267600348037,1575.5710938493387,50.90809320564749

42.43416136701637,11.053923234623047,14.510998146288546,1169.3917682290073
18.70942392076146,15.990914542921296,526.8713784855147,29.075809018843614
1.07562914166568,2193.7173665600667,86.66094943631377,9.042692658539886
1464.2388732727372,1.1310451831454769,49.50914709495741,25.08718735159674

Iteration: ,15000
Error:,0.02937711113764178
Absolute Error:,0.03170845572766366
Transition Probabilities
0.00043591979075850045,0.00043591979075850045,0.02156791689935793,0.9775602435191252
0.9599297838337123,0.03908934318933823,0.0004904364884747429,0.0004904364884747429
0.04050780452543501,0.012566004277603784,0.9046141345931527,0.042312056603808615
0.01986876009372144,0.024730793762253095,0.9302111052708826,0.025189340873142778

0.031493524344776466,0.009566869501457523,0.010683271323023063,0.9482563348307429
0.030947940722527954,0.021825050899964824,0.893180941547393,0.05404606683011416
0.0003664709193270577,0.9563012363978375,0.040158946609639465,0.003173346073196047
0.9491837605898743,0.0006462656963987728,0.03480550338322113,0.01536447033050581

Transition Gammas
1.0,1.0,49.476801367127095,2242.523198632873
1957.296829236938,79.7031707630606,1.0,1.0
51.263036029069035,15.902405414733364,1144.798330033807,53.546335269370076
40.37535058081211,50.25549976861728,1890.2840092847498,51.18731434953015

46.04300247364392,13.986602175684943,15.618762846849977,1386.3347998872655
28.258284355477965,19.928256291218865,815.5554275301743,49.34897408759738
1.0814164480177595,2821.9425655911405,118.50475196907306,9.364204518897006
1664.123776311565,1.1330431006567119,61.0215514965362,26.93722906883568

Iteration: ,15700
Error:,0.030365962298006446
Absolute Error:,0.0317214516437023
Transition Probabilities
0.0004184100418410041,0.0004184100418410041,0.02155550689094411,0.9776076730253739
0.9591376924374265,0.0399202444443446,0.00047103155911446107,0.00047103155911446107
0.039443368189961726,0.012967018814750786,0.9055871546775973,0.04200245831769016
0.019473751120157146,0.024144332392724687,0.9322353626277486,0.024146553859369677

0.032269305922422706,0.010562208851877392,0.010352537408162403,0.9468159478175375
0.029168379736324898,0.020912975667083812,0.8903384473542897,0.059580197242301645
0.00034611618326935585,0.9557454357931064,0.040893157732899116,0.0030152902907252793
0.9499651471228096,0.0006230980953995429,0.03443724704415415,0.014974507737636651

*,*,*,*,*,*,*,*,*,*,*
Model Num 2
Model States: 
"['diamond', 'x', 'square']","['diamond', 'x', 'diamond']","['square', 'y', 'diamond', 'x', 'diamond']","['square', 'y', 'diamond', 'x', 'square']"
Iteration: ,15700
Error:,0.029147131708020954
Absolute Error:,0.0317214516437023
Transition Probabilities
0.0004184100418410041,0.0004184100418410041,0.02155550689094411,0.9776076730253739
0.9591376924374265,0.0399202444443446,0.00047103155911446107,0.00047103155911446107
0.039443368189961726,0.012967018814750786,0.9055871546775973,0.04200245831769016
0.019473751120157146,0.024144332392724687,0.9322353626277486,0.024146553859369677

0.032269305922422706,0.010562208851877392,0.010352537408162403,0.9468159478175375
0.029168379736324898,0.020912975667083812,0.8903384473542897,0.059580197242301645
0.00034611618326935585,0.9557454357931064,0.040893157732899116,0.0030152902907252793
0.9499651471228096,0.0006230980953995429,0.03443724704415415,0.014974507737636651

Transition Gammas
1.0,1.0,51.517661469356426,2336.482338530644
2036.2493210446548,84.75067895534352,1.0,1.0
51.263036029069035,16.852738069649895,1176.9569655949008,54.588987524579615
41.331548434276506,51.244500227294616,1978.598309326816,51.24921512046882

48.84458447949061,15.987536385065688,15.670166232447771,1433.152347958235
29.1728398701337,20.916173467944148,890.4745889105303,59.589307643854895
1.0827259960680882,2989.777649753251,127.92260830019016,9.432477709137542
1728.101756678728,1.1334909670153575,62.64552683056345,27.240444773353055

