0,1,2,3,4,5,6,7,8,9,10,11,12,13,14,15,16,17,18,19,20,21,22,23,24,25,26,27,28,29
github Code Version (SHA):,528ca1c557fe8e6666681dc5c9134b0f84d30530
Environment Observations,Environment Actions,alpha,epsilon,numActions,explore,patience,gainThresh,insertRandActions,useUpdatedPosterior,revisedSplitting,haveControl,confidence_factor
"['diamond', 'square']","['x', 'y']",0.95,0.99,75000,0.5,0,0.01,False,True,False,True,250

Model Num 0
Model States: 
['diamond'],['square']
Iteration: ,0
Error:,0.622211657007579
Absolute Error:,1
Transition Probabilities
0.5,0.5
0.5,0.5

0.5,0.5
0.5,0.5

Transition Gammas
1.0,1.0
1.0,1.0

1.0,1.0
1.0,1.0

Iteration: ,2451
Error:,0.13289516481058453
Absolute Error:,1
Transition Probabilities
0.4381139489194499,0.5618860510805501
0.04518950437317784,0.9548104956268222

0.062,0.938
0.9488188976377953,0.051181102362204724


Model Num 1
Model States: 
['square'],"['diamond', 'x', 'square']","['diamond', 'x', 'diamond']"
Iteration: ,0
Error:,0.6751760136799472
Absolute Error:,1
Transition Probabilities
0.3333333333333333,0.3333333333333333,0.3333333333333333
0.3333333333333333,0.3333333333333333,0.3333333333333333
0.3333333333333333,0.3333333333333333,0.3333333333333333

0.3333333333333333,0.3333333333333333,0.3333333333333333
0.3333333333333333,0.3333333333333333,0.3333333333333333
0.3333333333333333,0.3333333333333333,0.3333333333333333

Transition Gammas
1.0,1.0,1.0
1.0,1.0,1.0
1.0,1.0,1.0

1.0,1.0,1.0
1.0,1.0,1.0
1.0,1.0,1.0

Iteration: ,2500
Error:,0.10386451828359845
Absolute Error:,1
Transition Probabilities
0.9592074592074592,0.02781246097216873,0.01298007982037206
0.9957805907172996,0.002109704641350211,0.002109704641350211
0.0031152647975077885,0.9215196806500315,0.07536505455246068

0.047184170471841716,0.28843171746785784,0.6643841120603005
0.8296910219426404,0.13563480459322055,0.03467417346413895
0.9639351162287595,0.017934092412010414,0.01813079135923001

Transition Gammas
823.0,23.86309151412077,11.136908485879228
472.0,1.0,1.0
1.0,295.8078174886601,24.192182511339873

31.0,189.49963837638256,436.5003616236173
28.72305196531873,4.6955377816614,1.2003843116598079
140.14598591341195,2.607427637221763,2.6360255868369507

Iteration: ,2904
Error:,0.10044587246235645
Absolute Error:,1
Transition Probabilities
0.9614112458654906,0.02630991346650581,0.01227884066800356
0.996661101836394,0.001669449081803005,0.001669449081803005
0.002724795640326976,0.9257088469045495,0.07156635745512362

0.05140758873929009,0.3484558232480151,0.6001365880126948
0.8708098431031526,0.10288759809344768,0.02630255880339974
0.9659188472848588,0.016947636548009307,0.01713351616713189


Model Num 2
Model States: 
"['diamond', 'x', 'square']","['diamond', 'x', 'diamond']","['square', 'y', 'diamond', 'x', 'diamond']","['square', 'y', 'diamond', 'x', 'square']"
Iteration: ,0
Error:,0.6239360789299483
Absolute Error:,0.7
Transition Probabilities
0.25,0.25,0.25,0.25
0.25,0.25,0.25,0.25
0.25,0.25,0.25,0.25
0.25,0.25,0.25,0.25

0.25,0.25,0.25,0.25
0.25,0.25,0.25,0.25
0.25,0.25,0.25,0.25
0.25,0.25,0.25,0.25

Transition Gammas
1.0,1.0,1.0,1.0
1.0,1.0,1.0,1.0
1.0,1.0,1.0,1.0
1.0,1.0,1.0,1.0

1.0,1.0,1.0,1.0
1.0,1.0,1.0,1.0
1.0,1.0,1.0,1.0
1.0,1.0,1.0,1.0

Iteration: ,2500
Error:,0.034980680371959276
Absolute Error:,0.056003513344523595
Transition Probabilities
0.001996007984031936,0.001996007984031936,0.04213604822424973,0.9538719358076865
0.9409472065719179,0.053647388022676705,0.0027027027027027033,0.0027027027027027033
0.020784163395649466,0.010515925603340132,0.9165847313612377,0.052115179639772725
0.02805090623439668,0.018358907816951306,0.9048044622321442,0.04878572371650769

0.050226431291214395,0.010094724713875104,0.04487960017133338,0.8947992438235771
0.08330167250509188,0.047681411983643285,0.7509662361104472,0.1180506794008176
0.0026155944883040744,0.946640645019578,0.03597177875834114,0.01477198173377689
0.9613025977295132,0.003106671157131202,0.013393715721679049,0.02219701539167654

Transition Gammas
1.0,1.0,21.110160160349118,477.88983983965096
348.1504664316096,19.849533568390378,1.0,1.0
5.329741120544984,2.6966281991627095,235.04238492573754,13.364041200177734
9.262706362674143,6.062305824519128,298.7760174042696,16.109562725016104

10.524244424647092,2.1152080201033647,9.403890934336895,187.49263507072922
2.3907633323415265,1.3684595756201197,21.55277903945617,3.3880620542430084
1.0135927831642197,366.84131669963176,13.93975079473246,5.724424846948708
343.6668476034278,1.1106387162933544,4.788269656856865,7.935459993429332

Iteration: ,5000
Error:,0.032984831817041725
Absolute Error:,0.04794590058109145
Transition Probabilities
0.001033057851239668,0.001033057851239668,0.03577252833391816,0.9621613559636025
0.9433341443653224,0.054048054587557175,0.0013089005235602097,0.0013089005235602097
0.020176177858125113,0.012982714363817326,0.9349552745196306,0.03188583325842703
0.027485742322098317,0.018394822271004422,0.9082478969392712,0.04587153846762607

0.045905810584608506,0.012649976480895381,0.029283532352214727,0.9121606805822814
0.08946153979409215,0.048493106713415855,0.7840013849460595,0.07804396854643236
0.0013084058173975564,0.9609918901648644,0.02933777404699189,0.008361929970746
0.9585140321428253,0.0016493928447912488,0.008763744438122433,0.03107283057426092

Transition Gammas
1.0,1.0,34.62780742723283,931.3721925727687
720.7072862951061,41.29271370489367,1.0,1.0
10.316663328789677,6.6384373753628045,478.0696751645053,16.304148833256015
19.01947232543062,12.728774395636348,628.4856904366216,31.74200085942359

20.486755321626614,5.645406751086238,13.068597517672531,407.07728366228076
4.329367598928236,2.3467568908342917,37.94066367863346,3.776830015382897
1.0153989012411384,745.7855173067885,22.767816480232646,6.489343284516253
653.1226882141185,1.1238811875324473,5.971535245500888,21.17274234338923

Iteration: ,7500
Error:,0.0322755447072552
Absolute Error:,0.038918180713555184
Transition Probabilities
0.0007272727272727269,0.0007272727272727269,0.031286973020273195,0.9672584815251813
0.9527278969393692,0.04547998836529034,0.0008960573476702512,0.0008960573476702512
0.02148317130007941,0.01561817696830152,0.9265138680166168,0.036384783715002214
0.026998257520651676,0.01919296072043755,0.9073133767765962,0.046495404982314595

0.053624122504518874,0.011376049543364582,0.027344801923393065,0.9076550260287234
0.05683783094111799,0.03573245952394607,0.8642991822130323,0.04313052732190369
0.0008687581448894915,0.9538485857901414,0.03826957502560461,0.007013081039364323
0.9489475959670981,0.001075174387870197,0.011394271722482236,0.03858295792254959

Transition Gammas
1.0,1.0,43.019587902875664,1329.980412097125
1063.2443329843356,50.755667015663995,1.0,1.0
15.852569255051991,11.524752494374171,683.6804982533108,26.848564190801216
27.639695085401133,19.648956296279152,928.86976360708,47.600065137551745

40.414426595043054,8.573688439808736,20.60871933141345,684.0644790032421
5.290636696946381,3.3260850827574133,80.45157415127551,4.014719542065336
1.017948531641995,1117.6514119903622,44.8415452943267,8.217425745361297
1002.2451098518812,1.1355614125168794,12.034229458733297,40.749964556353625

Iteration: ,10000
Error:,0.030898055030441542
Absolute Error:,0.036689115524030154
Transition Probabilities
0.0005727376861397475,0.0005727376861397475,0.029411178223472445,0.9694433464042481
0.9505621471801982,0.04802840954989348,0.000704721634954193,0.000704721634954193
0.02190140261972711,0.017062917922782687,0.9209244093718418,0.04011127008564842
0.032139891253779106,0.01822602602167351,0.9104257472077689,0.03920833551677837

0.05654511586906257,0.012151335809441997,0.02913697889442171,0.9021665694270737
0.04194495151179618,0.022226325146869196,0.895023213523116,0.04080550981821854
0.0006541451091203736,0.9566728823070291,0.03709175481382444,0.005581217770026184
0.9470876399512961,0.0007844820100951824,0.009133396985790503,0.04299448105281819

Transition Gammas
1.0,1.0,51.35191717818294,1692.6480828218187
1348.8476868487014,68.15231315129886,1.0,1.0
22.027464464684513,17.16113003052072,926.2251397463956,40.342145742261714
41.82871949412212,23.720407886056858,1184.8808976820203,51.02800302629859

60.74715414418942,13.054338259440183,31.30223576328084,969.2092909249101
8.111062980889571,4.29799336039966,173.07421733942292,7.8907245848120215
1.0218366663310676,1494.4137244112,57.94083691658872,8.718391195892602
1383.2274734528303,1.1457409251470738,13.339383921583407,62.793710835634585

Iteration: ,12500
Error:,0.027804020030724352
Absolute Error:,0.03381386101803817
Transition Probabilities
0.0004928536224741249,0.0004928536224741249,0.03034987166497451,0.9686644210900772
0.9505276646900679,0.048328824732459336,0.0005717552887364207,0.0005717552887364207
0.02745443177253258,0.018823960827971276,0.9164989273955726,0.03722268000392345
0.03070233540655647,0.017010064659674504,0.9207101362828158,0.031577463650953146

0.05436148992272822,0.012996481542694081,0.026721870789145702,0.9059201577454321
0.024845545418247163,0.017865829328919672,0.9075696681849218,0.04971895706791133
0.00046326719727896807,0.9574005795106224,0.03793007961411766,0.004206073677981197
0.9494824627733003,0.0006997354597458164,0.008812983773530863,0.04100481799342302

Transition Gammas
1.0,1.0,61.57988960823332,1965.420110391768
1662.472885542929,84.52711445707139,1.0,1.0
30.493684767466497,20.90780578957665,1017.9569409148146,41.34329494211255
50.06364949895463,27.736844894693043,1501.322584833539,51.49064562527389

71.07449256798621,16.992145213996043,34.93729493995641,1184.438020561803
12.77031528251019,9.182824102797163,466.4800312676039,25.554953477032978
1.0300330959113737,2128.694387888707,84.33413279112004,9.35182788163922
1559.6100877448434,1.1493782397884214,14.476116131922788,67.35409056623405

Iteration: ,15000
Error:,0.02946914824096714
Absolute Error:,0.03206244069124495
Transition Probabilities
0.00043346337234503624,0.00043346337234503624,0.03156549932332528,0.9675675739319847
0.9514816476307522,0.04755681390770934,0.0004807692307692307,0.0004807692307692307
0.029713176686377938,0.01916403275351163,0.9170851219321875,0.034037668627922846
0.031094708225260198,0.015979775564675832,0.9264483646257495,0.026477151584314396

0.04883451731369765,0.013370510295966661,0.025248323107947283,0.9125466492823884
0.021888201641005602,0.01909140227481724,0.9102245614409193,0.04879583464325774
0.00035672246624104004,0.9528491389657963,0.04325967172952815,0.003534466838434461
0.9506637307020419,0.0006341748533549571,0.008158328630560643,0.040543765814042496

Transition Gammas
1.0,1.0,72.82160693891153,2232.178393061092
1979.0818270719649,98.91817292803545,1.0,1.0
36.21788609154693,23.35935880055401,1117.8503339772426,41.48908136615016
60.83253762354305,31.26224215425266,1812.4693304432585,51.79892051884915

74.85924874172335,20.49587896241571,38.70357697421285,1398.8580283949161
18.347113686850456,16.002782399503463,762.9678208937088,40.90161175998171
1.0358501854811784,2766.8819621424454,125.6173726793193,10.263379732566452
1727.3468898013448,1.1522896321330713,14.823604951847065,73.66763400976981

Iteration: ,16268
Error:,0.029647656370064293
Absolute Error:,0.031816188182101704
Transition Probabilities
0.0004070004070004064,0.0004070004070004064,0.03131885502123506,0.967867144164764
0.9514150339246292,0.04769449412523713,0.0004452359750667854,0.0004452359750667854
0.029107681191913704,0.020186422890802365,0.9179383138448145,0.032767582072469575
0.030678724451754336,0.0156867190114175,0.9291995470639209,0.024435009472907075

0.04720926567889586,0.014221621587501104,0.02366642433429945,0.9149026883993036
0.02019332985879048,0.019907196226308,0.9062476217697337,0.05365185214516775
0.0003205709908953584,0.9526107026851854,0.0438392447432196,0.0032294815806996695
0.949869904431587,0.0006012390436409932,0.008214980722204163,0.04131387580256787

*,*,*,*,*,*,*,*,*,*,*
Model Num 2
Model States: 
"['diamond', 'x', 'square']","['diamond', 'x', 'diamond']","['square', 'y', 'diamond', 'x', 'diamond']","['square', 'y', 'diamond', 'x', 'square']"
Iteration: ,16268
Error:,0.029063329328286674
Absolute Error:,0.031816188182101704
Transition Probabilities
0.0004070004070004064,0.0004070004070004064,0.03131885502123506,0.967867144164764
0.9514150339246292,0.04769449412523713,0.0004452359750667854,0.0004452359750667854
0.029107681191913704,0.020186422890802365,0.9179383138448145,0.032767582072469575
0.030678724451754336,0.0156867190114175,0.9291995470639209,0.024435009472907075

0.04720926567889586,0.014221621587501104,0.02366642433429945,0.9149026883993036
0.02019332985879048,0.019907196226308,0.9062476217697337,0.05365185214516775
0.0003205709908953584,0.9526107026851854,0.0438392447432196,0.0032294815806996695
0.949869904431587,0.0006012390436409932,0.008214980722204163,0.04131387580256787

Transition Gammas
1.0,1.0,76.95042678717466,2378.049573212829
2136.8781661947173,107.12183380528259,1.0,1.0
36.90646798354887,25.594947437061524,1163.8804467941598,41.546961803053875
65.18831898046295,33.33224770414797,1974.4287793243232,51.92123271994162

77.70120498696166,23.407208697834314,38.952304427176756,1505.8281528453383
20.20522888702644,19.918926648761953,906.7816330554216,53.683466787628966
1.037999210286594,3084.5247548320726,141.95015368023914,10.456964059781667
1822.2342698233626,1.1534194151925055,15.759652272483246,79.25670658206178

