0,1,2,3,4,5,6,7,8,9,10,11,12,13,14,15,16,17,18,19,20,21,22,23,24,25,26,27,28,29
github Code Version (SHA):,ddb97f21bb9c22f159e8ea0ce9d830001061547e
Environment Observations,Environment Actions,alpha,epsilon,numActions,explore,patience,gainThresh,insertRandActions,useBudd,revisedSplitting,haveControl,confidence_factor
"['square', 'diamond']","['x', 'y']",0.99,0.99,75000,0.5,0,0.01,False,True,False,True,250

Model Num 0
Model States: 
['square'],['diamond']
Iteration: ,0
Error:,0.6770005768064601
Absolute Error:,1
Transition Probabilities
0.5,0.5
0.5,0.5

0.5,0.5
0.5,0.5

Transition Gammas
1.0,1.0
1.0,1.0

1.0,1.0
1.0,1.0

Iteration: ,1828
Error:,0.23222228239902046
Absolute Error:,1
Transition Probabilities
0.9833333333333333,0.016666666666666666
0.9900793650793651,0.00992063492063492

0.21518987341772153,0.7848101265822784
0.08163265306122448,0.9183673469387755


Model Num 1
Model States: 
['diamond'],"['square', 'y', 'diamond']","['square', 'y', 'square']"
Iteration: ,0
Error:,0.6169927113718103
Absolute Error:,1
Transition Probabilities
0.3333333333333333,0.3333333333333333,0.3333333333333333
0.3333333333333333,0.3333333333333333,0.3333333333333333
0.3333333333333333,0.3333333333333333,0.3333333333333333

0.3333333333333333,0.3333333333333333,0.3333333333333333
0.3333333333333333,0.3333333333333333,0.3333333333333333
0.3333333333333333,0.3333333333333333,0.3333333333333333

Transition Gammas
1.0,1.0,1.0
1.0,1.0,1.0
1.0,1.0,1.0

1.0,1.0,1.0
1.0,1.0,1.0
1.0,1.0,1.0

Iteration: ,2500
Error:,0.14483672192633268
Absolute Error:,1
Transition Probabilities
0.018957345971563972,0.9624481520854061,0.018594501943029813
0.02816618457270615,0.9613554305231387,0.01047838490415518
0.018325422346617746,0.9258639240449185,0.0558106536084639

0.6577777777777778,0.007489496458303836,0.33473272576391844
0.9973684210526316,0.0013157894736842105,0.0013157894736842105
0.024390243902439025,0.22201046693726859,0.7535992891602923

Transition Gammas
12.0,609.2296802700624,11.770319729937878
12.65860759782664,432.0578502785438,4.709255611753125
2.9272529849551496,147.89497802886893,8.915041589632272

296.0,3.370273406236726,150.6297265937633
758.0,1.0,1.0
1.0,9.102429144428012,30.897570855571985

Iteration: ,4057
Error:,0.13203421987600183
Absolute Error:,1
Transition Probabilities
0.018828451882845185,0.9677604875831385,0.0134110605340164
0.026088219804374615,0.9638927360939977,0.010019044101627536
0.014082411212547127,0.9463296181952967,0.03958797059215605

0.6544766708701135,0.005551597483229922,0.33997173164665645
0.9983179142136249,0.0008410428931875525,0.0008410428931875525
0.013513513513513516,0.1658153071377212,0.8206711793487652


Model Num 2
Model States: 
"['square', 'y', 'diamond']","['square', 'y', 'square']","['diamond', 'y', 'diamond']","['diamond', 'y', 'square', 'y', 'square']"
Iteration: ,0
Error:,0.676698256952589
Absolute Error:,0.74
Transition Probabilities
0.25,0.25,0.25,0.25
0.25,0.25,0.25,0.25
0.25,0.25,0.25,0.25
0.25,0.25,0.25,0.25

0.25,0.25,0.25,0.25
0.25,0.25,0.25,0.25
0.25,0.25,0.25,0.25
0.25,0.25,0.25,0.25

Transition Gammas
1.0,1.0,1.0,1.0
1.0,1.0,1.0,1.0
1.0,1.0,1.0,1.0
1.0,1.0,1.0,1.0

1.0,1.0,1.0,1.0
1.0,1.0,1.0,1.0
1.0,1.0,1.0,1.0
1.0,1.0,1.0,1.0

Iteration: ,2500
Error:,0.022691304198560153
Absolute Error:,0.031197905366962382
Transition Probabilities
0.9691165643414822,0.013665753635412958,0.006827227439485986,0.01039045458361889
0.9459759027738973,0.013902099005633438,0.026993620675589382,0.013128377544879891
0.9672395480004774,0.02076991449966282,0.008359621799808243,0.003630915700051444
0.9420114926117079,0.025702909892423288,0.020952682237606143,0.011332915258262811

0.0013698630136986314,0.0013698630136986314,0.9826597042877534,0.014600569684849338
0.06337037890680773,0.9181111025746738,0.009259259259259259,0.009259259259259259
0.0031152647975077894,0.0031152647975077894,0.015150252935498376,0.9786192174694861
0.015160593835980713,0.9710463027157433,0.006896551724137931,0.006896551724137931

Transition Gammas
425.3631838789427,5.99815201839459,2.9965963926111954,4.560562687978506
137.1834785996735,2.0160537872450353,3.914559317440153,1.9038502933271126
393.37439778039413,8.44708286085414,3.399841536638449,1.4766861837398837
173.77975420460217,4.741603896004148,3.8652946357196862,2.09066581825057

1.0,1.0,717.3415841300593,10.658415869940006
6.844000921935234,99.15599907806477,1.0,1.0
1.0,1.0,4.863231192294977,314.1367688077049
2.1982861062172034,140.8017138937828,1.0,1.0

Iteration: ,5000
Error:,0.015797757477152334
Absolute Error:,0.02120385240198667
Transition Probabilities
0.9731918519205341,0.011016954776134206,0.0070005819034487295,0.008790611399882945
0.9591793615139068,0.017067422743336155,0.013726320985170478,0.010026894757586594
0.9733610201732196,0.012590934965408852,0.008495534619223675,0.005552510242147877
0.9486393933428213,0.01856660252419597,0.026038590862525735,0.006755413270456897

0.0006858710562414268,0.0006858710562414268,0.9871578236757274,0.011470434211789858
0.040153565124532414,0.9499454447764576,0.00495049504950495,0.00495049504950495
0.0015873015873015882,0.0015873015873015882,0.014156582614666359,0.9826688142107305
0.007870103060623478,0.9850124592169566,0.0035587188612099642,0.0035587188612099642

Transition Gammas
881.1399771510946,9.97488754202003,6.3384137118246935,7.959128626849097
273.54485668571357,4.867395917434663,3.914559317440153,2.8595334715476888
808.6014942721206,10.459684142170463,7.057506768169427,4.612644214952256
344.60609242386,6.744569528052443,9.458870369845496,2.4539952548640978

1.0,1.0,1439.27610691921,16.72389308078961
8.111020155155549,191.88897984484447,1.0,1.0
1.0,1.0,8.918647047239801,619.0813529527599
2.2114989600351973,276.7885010399648,1.0,1.0

Iteration: ,7500
Error:,0.015582453242655262
Absolute Error:,0.02047017844105755
Transition Probabilities
0.9708188142293427,0.011062415685763586,0.008772238188893085,0.009346531896000845
0.9708700366293143,0.01641956824836128,0.007344982893550673,0.005365412228773679
0.9687639560709421,0.014184022793819752,0.010986494262619441,0.006065526872618505
0.9523470004697699,0.017599767623889335,0.025097455917682608,0.00495577598865814

0.0004784688995215312,0.0004784688995215312,0.9862368063128273,0.012806255888129624
0.033867890178772043,0.9622258598212279,0.0019531249999999983,0.0019531249999999983
0.0009823182711198428,0.0009823182711198428,0.021589967117096504,0.9764453963406637
0.011630455077164549,0.9846312271658261,0.0018691588785046732,0.0018691588785046732

Transition Gammas
1134.4154477759303,12.926588421765334,10.250483784608022,10.921554063999665
517.4318855456876,8.750922201793648,3.914559317440153,2.8595334715476888
1052.2434382198246,15.406276027123685,11.933212857926033,6.588200160691626
471.5820540487483,8.7150319817885,12.42772834609707,2.4539952548640978

1.0,1.0,2061.2349251938085,26.76507480619091
17.3403597715313,492.65964022846913,1.0,1.0
1.0,1.0,21.978586525204243,994.0214134747958
6.222293466283032,526.7777065337168,1.0,1.0

Iteration: ,10000
Error:,0.01563018109677757
Absolute Error:,0.019037001249641836
Transition Probabilities
0.9684927290914965,0.010911238103808956,0.01152666352143949,0.009069369283254906
0.974374841346002,0.015103779985842886,0.006080011328556987,0.004441367339598026
0.9675715349402617,0.014686873876459904,0.012595226729992932,0.005146364453285452
0.9621353499260212,0.013529906417741907,0.018574847125435962,0.005759896530800948

0.0003492839678658749,0.0003492839678658749,0.9871462866046187,0.012155145459649507
0.03365704502295366,0.9628767504709805,0.0017331022530329282,0.0017331022530329282
0.0006357279084551805,0.0006357279084551805,0.02110602495395252,0.9776225192291371
0.011285583197693986,0.9855942919973139,0.0015600624024961008,0.0015600624024961008

Transition Gammas
1321.5387491659733,14.88872711423064,15.728494427076997,12.375439255553438
627.342270886118,9.724429688880177,3.914559317440153,2.8595334715476888
1276.2014978835791,19.371601750895415,16.612773979541153,6.787919845474991
900.2319607533873,12.65939785310888,17.379749169086622,5.3893071780994894

1.0,1.0,2826.199818549024,34.800181450976545
19.42011497824427,555.579885021756,1.0,1.0
1.0,1.0,33.199777252567344,1537.8002227474342
7.2340588297218416,631.7659411702779,1.0,1.0

Iteration: ,12500
Error:,0.015375993189203229
Absolute Error:,0.01847489343989628
Transition Probabilities
0.9679954371375336,0.013973685522912033,0.010091062587646495,0.007939814751907897
0.9747381373972949,0.014269079987409495,0.007072078502760815,0.003920704112534791
0.9669188994719763,0.01412559285206631,0.013476923077395373,0.0054785845985620705
0.9629840979107124,0.014471626957917632,0.017208172398875475,0.005336102732494556

0.00029594554601953236,0.00029594554601953236,0.9852538049379478,0.0141543039700132
0.022860588644003338,0.9753584674557296,0.0008904719501335707,0.0008904719501335707
0.0005083884087442802,0.0005083884087442802,0.021981100909781757,0.9770021222727298
0.01477305924622246,0.983152251957097,0.0010373443983402492,0.0010373443983402492

Transition Gammas
1508.7718172605805,21.78016764477408,15.728494427076997,12.375439255553438
933.4866111023932,13.665203617211866,6.7727837269400775,3.754777467636484
1394.062182278517,20.365673696194104,19.430449447138987,7.898788208028264
972.5856812430023,14.615918574458057,17.379749169086622,5.3893071780994894

1.0,1.0,3329.172606885326,47.82739311467461
25.672441047215752,1095.3275589527846,1.0,1.0
1.0,1.0,43.23682548954075,1921.7631745104609
14.24122911335845,947.7587708866414,1.0,1.0

Iteration: ,12790
Error:,0.015534236940094917
Absolute Error:,0.018475757405871995
Transition Probabilities
0.9684336579579182,0.013782640332764638,0.009952729620930854,0.007830972088386156
0.9728837369613939,0.016595654945676514,0.006768310530079335,0.0037522975628501835
0.9672097098694653,0.014001745372664035,0.013358216343590228,0.005430328414280565
0.9630199166810257,0.014457623358037368,0.01719152075620633,0.005330939204730668

0.00029120559114735,0.00029120559114735,0.9849067514980974,0.014510837319607969
0.021465230248778347,0.9768639259751147,0.000835421888053467,0.000835421888053467
0.0004982561036372692,0.0004982561036372692,0.021543256011233993,0.9774602317814914
0.015167090470492117,0.982842859778264,0.0009950248756218907,0.0009950248756218907

*,*,*,*,*,*,*,*,*,*,*
Model Num 2
Model States: 
"['square', 'y', 'diamond']","['square', 'y', 'square']","['diamond', 'y', 'diamond']","['diamond', 'y', 'square', 'y', 'square']"
Iteration: ,12790
Error:,0.015293533158376116
Absolute Error:,0.018475757405871995
Transition Probabilities
0.9684336579579182,0.013782640332764638,0.009952729620930854,0.007830972088386156
0.9728837369613939,0.016595654945676514,0.006768310530079335,0.0037522975628501835
0.9672097098694653,0.014001745372664035,0.013358216343590228,0.005430328414280565
0.9630199166810257,0.014457623358037368,0.01719152075620633,0.005330939204730668

0.00029120559114735,0.00029120559114735,0.9849067514980974,0.014510837319607969
0.021465230248778347,0.9768639259751147,0.000835421888053467,0.000835421888053467
0.0004982561036372692,0.0004982561036372692,0.021543256011233993,0.9774602317814914
0.015167090470492117,0.982842859778264,0.0009950248756218907,0.0009950248756218907

Transition Gammas
1530.434762354199,21.78097767354202,15.728494427076997,12.375439255553438
973.5267187599834,16.606623064127202,6.7727837269400775,3.754777467636484
1406.8734095191046,20.36650692259565,19.430449447138987,7.898788208028264
973.5639350409804,14.615918574458057,17.379749169086622,5.3893071780994894

1.0,1.0,3382.1697846444667,49.830215355533774
25.69388060778768,1169.3061193922124,1.0,1.0
1.0,1.0,43.23731481454666,1961.762685185455
15.242925922844575,987.7570740771553,1.0,1.0

