0,1,2,3,4,5,6,7,8,9,10,11,12,13,14,15,16,17,18,19,20,21,22,23,24,25,26,27,28,29
github Code Version (SHA):,435d1819722f15ec466ddfbacb6c2019a68c5c80
Environment Observations,Environment Actions,alpha,epsilon,numActions,explore,gainThresh,insertRandActions,useBudd,revisedSplitting,haveControl,confidence_factor
"['diamond', 'square']","['x', 'y']",0.99,0.99,50000,0.5,0.0275,False,True,False,True,250

Model Num 0
Model States: 
['diamond'],['square']
Iteration: ,0
Error:,0.6741101436524496
Transition Probabilities
0.5,0.5
0.5,0.5

0.5,0.5
0.5,0.5

Transition Gammas
1.0,1.0
1.0,1.0

1.0,1.0
1.0,1.0

Iteration: ,2482
Error:,0.14786516313418788
Transition Probabilities
0.4591439688715953,0.5408560311284046
0.024147727272727272,0.9758522727272727

0.024,0.976
0.9714285714285714,0.02857142857142857


Model Num 1
Model States: 
['square'],"['diamond', 'x', 'square']","['diamond', 'x', 'diamond']"
Iteration: ,0
Error:,0.7263590020626642
Transition Probabilities
0.3333333333333333,0.3333333333333333,0.3333333333333333
0.3333333333333333,0.3333333333333333,0.3333333333333333
0.3333333333333333,0.3333333333333333,0.3333333333333333

0.3333333333333333,0.3333333333333333,0.3333333333333333
0.3333333333333333,0.3333333333333333,0.3333333333333333
0.3333333333333333,0.3333333333333333,0.3333333333333333

Transition Gammas
1.0,1.0,1.0
1.0,1.0,1.0
1.0,1.0,1.0

1.0,1.0,1.0
1.0,1.0,1.0
1.0,1.0,1.0

Iteration: ,2500
Error:,0.12000572632258247
Transition Probabilities
0.9846878680800942,0.010365135453474677,0.0049469964664310955
0.9958677685950413,0.002066115702479339,0.002066115702479339
0.0032154340836012866,0.9709720396827162,0.025812526233682628

0.022255192878338284,0.2922579440902895,0.6854868630313722
0.8732470537165127,0.08431369072066908,0.042439255562818225
0.9691882935073798,0.02168635407309138,0.009125352419528882

Transition Gammas
836.0,8.8,4.2
482.0,1.0,1.0
1.0,301.9723043413247,8.027695658675295

15.0,196.98185431685508,462.0181456831448
20.576398952708768,1.9866910859420868,1.0
148.04841529205504,3.3127003034309093,1.393943750397233

Iteration: ,5000
Error:,0.1528283269060287
Transition Probabilities
0.9857299670691547,0.009659714599341384,0.004610318331503842
0.9987468671679198,0.0006265664160401002,0.0006265664160401002
0.0026455026455026462,0.9733963303884474,0.02395816696604988

0.0208779443254818,0.6894917836144123,0.2896302720601058
0.8700101255429057,0.11546252322694943,0.014527351230144772
0.9710495981913767,0.020376302894175687,0.008574098914447617

Transition Gammas
898.0,8.8,4.2
1594.0,1.0,1.0
1.0,367.94381288683303,9.056187113166851

39.0,1287.9706517917223,541.0293482082776
59.88773257836595,7.947940501869368,1.0
157.86947785775786,3.3127003034309093,1.393943750397233

Iteration: ,7500
Error:,0.14357046815311555
Transition Probabilities
0.9859022556390977,0.009976007540939013,0.004121736819963245
0.9991796554552912,0.00041017227235438887,0.00041017227235438887
0.0022321428571428596,0.9774676096590384,0.020300247483818683

0.023209549071618034,0.7694072331077124,0.20738321782066957
0.9358778551747382,0.05840427061675568,0.005717874208506105
0.9710495981913767,0.020376302894175687,0.008574098914447617

Transition Gammas
1049.0,10.61447202355911,4.385527976440892
2436.0,1.0,1.0
1.0,437.90548912724876,9.09451087275076

70.0,2320.532215052861,625.4677849471395
284.996190388859,17.78543485795756,1.741223341845923
157.86947785775786,3.3127003034309093,1.393943750397233

Iteration: ,10000
Error:,0.13607213462544443
Transition Probabilities
0.9830097087378641,0.013497517183225675,0.0034927740789102487
0.9992444276539478,0.00037778617302606723,0.00037778617302606723
0.001552795031055901,0.9796047952054044,0.0188424097635397

0.02248062015503874,0.756909222403479,0.22061015744148219
0.9610237755986397,0.03685618821393136,0.0021200361874289023
0.9710495981913767,0.020376302894175687,0.008574098914447617

Transition Gammas
1620.0,22.243908317955913,5.75609168204409
2645.0,1.0,1.0
1.0,630.8654881122803,12.134511887719565

87.0,2929.2386907014666,853.7613092985368
810.0348811467154,31.06561855953641,1.7869518993335687
157.86947785775786,3.3127003034309093,1.393943750397233

Iteration: ,12500
Error:,0.13655615608738267
Transition Probabilities
0.9809602649006622,0.015751441628702643,0.003288293470635108
0.9993585631815266,0.00032071840923669016,0.00032071840923669016
0.0010395010395010396,0.9821565309239333,0.01680396803656567

0.021230028452615454,0.7206678456625437,0.2581021258848409
0.9623106456003064,0.03498569001218912,0.0027036643875044623
0.9710495981913767,0.020376302894175687,0.008574098914447617

Transition Gammas
2370.0,38.05548297494558,7.944517025054421
3116.0,1.0,1.0
1.0,944.8345827488238,16.165417251176173

97.0,3292.731386832162,1179.2686131678379
1005.1899440761943,36.54460640917205,2.824136121637791
157.86947785775786,3.3127003034309093,1.393943750397233

Iteration: ,15000
Error:,0.13466667580973254
Transition Probabilities
0.9832965647652064,0.013872560348233033,0.0028308748865605395
0.999439461883408,0.0002802690582959641,0.0002802690582959641
0.0007757951900698213,0.9843371193090389,0.0148870855008913

0.02084517718400606,0.6905033756930553,0.28865144712293866
0.9636986376422981,0.03328330518391924,0.0030180571737827696
0.9710495981913767,0.020376302894175687,0.008574098914447617

Transition Gammas
3120.0,44.017633984943416,8.982366015056591
3566.0,1.0,1.0
1.0,1268.8105467893515,19.189453210648892

110.0,3643.7863135322536,1523.2136864677475
1208.2088716691285,41.72796663909832,3.7838005680801547
157.86947785775786,3.3127003034309093,1.393943750397233

Iteration: ,17500
Error:,0.13045721231488272
Transition Probabilities
0.9828775875287503,0.014271001282252475,0.002851411188997207
0.9995032290114257,0.00024838549428713363,0.00024838549428713363
0.0006246096189881321,0.9842523943075515,0.01512299607346027

0.02100700233411137,0.66958567442918,0.30940732323670855
0.9647351341877004,0.031925595542883725,0.003339270269415826
0.9710495981913767,0.020376302894175687,0.008574098914447617

Transition Gammas
3846.0,55.84242801745393,11.157571982546072
4024.0,1.0,1.0
1.0,1575.788083286391,24.211916713609906

126.0,4016.174875226222,1855.8251247737778
1414.5860227540297,46.812331823166474,4.896354327647678
157.86947785775786,3.3127003034309093,1.393943750397233

Iteration: ,18409
Error:,0.12588915483677587
Transition Probabilities
0.9837008628954937,0.013615541401182922,0.002683595703323311
0.9995231282784931,0.0002384358607534573,0.0002384358607534573
0.0005790387955993048,0.9842385745704675,0.01518238663393331

0.02107952730756946,0.6610465525632594,0.31787392012917126
0.9658951659141501,0.030922757782685814,0.0031820763031639846
0.9710495981913767,0.020376302894175687,0.008574098914447617


Model Num 2
Model States: 
"['diamond', 'x', 'square']","['diamond', 'x', 'diamond']","['square', 'y', 'diamond', 'x', 'square']","['square', 'y', 'diamond', 'x', 'diamond']"
Iteration: ,0
Error:,0.6737171560657237
Transition Probabilities
0.25,0.25,0.25,0.25
0.25,0.25,0.25,0.25
0.25,0.25,0.25,0.25
0.25,0.25,0.25,0.25

0.25,0.25,0.25,0.25
0.25,0.25,0.25,0.25
0.25,0.25,0.25,0.25
0.25,0.25,0.25,0.25

Transition Gammas
1.0,1.0,1.0,1.0
1.0,1.0,1.0,1.0
1.0,1.0,1.0,1.0
1.0,1.0,1.0,1.0

1.0,1.0,1.0,1.0
1.0,1.0,1.0,1.0
1.0,1.0,1.0,1.0
1.0,1.0,1.0,1.0

Iteration: ,2500
Error:,0.04231956303124858
Transition Probabilities
0.002012072434607647,0.002012072434607647,0.970720243186588,0.02525561194419677
0.9690175911099409,0.025760476775176577,0.0026109660574412533,0.0026109660574412533
0.03830937021958991,0.002979324402522831,0.007488333911011557,0.9512229714668757
0.02119755273806998,0.0043814818828084995,0.01904348252969549,0.955377482849426

0.016318252676896246,0.007358485582802545,0.9688648843794596,0.0074583773608415645
0.04413094301170714,0.04413094301170714,0.05547093720258056,0.8562671767740052
0.9667152696077667,0.0032672293178813896,0.021781160860067997,0.008236340214283811
0.002606695754933427,0.9658677134130398,0.02233993017527463,0.009185660656752227

Transition Gammas
1.0,1.0,482.447960863734,12.552039136265789
371.13373739510735,9.86626260489263,1.0,1.0
14.414295119822377,1.1210014925719725,2.81756276154857,357.90744031773596
4.837987079495236,1.0,4.346356561330513,218.04894061025666

3.805599398955242,1.7160813026741584,225.9501488712458,1.7393771847758055
1.0,1.0,1.2569624262927064,19.40287513336964
331.2472015026265,1.119523609733257,7.463364660934182,2.822200840700506
1.0517777818486524,389.7187461368086,9.013956524053269,3.7063296597189703

Iteration: ,5000
Error:,0.031477121612110914
Transition Probabilities
0.0010449320794148381,0.0010449320794148381,0.9772953255864205,0.020614810254749864
0.9780219708695791,0.019383995407982548,0.0012970168612191958,0.0012970168612191958
0.026048273532185615,0.0014839831606538606,0.00985851868788066,0.9626092246192799
0.02031858894384928,0.006391368620081282,0.017480614513682994,0.9558094279223864

0.021098062312140137,0.00582646376966725,0.9693630653972392,0.0037124085209534383
0.02401192710688363,0.02401192710688363,0.03147044769377489,0.9205056980924579
0.9695536171904375,0.001698002194944618,0.023537846036723212,0.005210534577894462
0.0013031604756148232,0.9768670380766014,0.016498134974268996,0.005331666473514779

Transition Gammas
1.0,1.0,935.2716265862043,19.72837341379562
754.0549395404455,14.945060459554544,1.0,1.0
19.875228385217614,1.1323016936753498,7.5221995123575995,734.4854606730678
9.698261819646865,3.0506629389826374,8.343668784801919,456.21721603282185

10.215586713368479,2.821147505905623,469.361228760997,1.7975314794394928
1.0,1.0,1.3106173258685716,38.335352843403044
644.0710019663481,1.1279767881307687,15.63610697975897,3.4613394936214443
1.0521635087529122,788.7162552891427,13.320489615230432,4.304753719319882

Iteration: ,7500
Error:,0.027624028987710818
Transition Probabilities
0.0007396449704142005,0.0007396449704142005,0.9793985984512631,0.01912211160790858
0.9846655732085291,0.013529372639846368,0.0009025270758122747,0.0009025270758122747
0.026151721185457253,0.001466669187327546,0.006816462439924586,0.9655651471872907
0.018342879417727626,0.005565785798149496,0.016736863457603186,0.9593544713265197

0.018457073899042296,0.0075419414208433904,0.9714749336831385,0.0025260509969757435
0.022435221059466905,0.02253317480395172,0.015022582644207432,0.9400090214923739
0.9716308883851885,0.0010828915891497167,0.02368959021587774,0.0035966298097840623
0.0008821821443948418,0.9777537785787799,0.016466999418684927,0.004897039858140206

Transition Gammas
1.0,1.0,1324.1469051061088,25.85309489389242
1091.0094551150498,14.99054488494977,1.0,1.0
28.912000256160276,1.6214741515100384,7.5359309015117395,1067.4792525068087
13.531283030475501,4.1058015596491195,12.346547743664308,707.7022414226553

15.086574750901358,6.1646858887191724,794.0711125612437,2.0647615867453877
1.9882534963606566,1.996934350203698,1.3313308742330738,83.30545166632656
1016.9393488987504,1.133388286397579,24.79426780045145,3.7643455150652416
1.0526686103309466,1166.7099792054853,19.649336029441542,5.84341926999656

Iteration: ,10000
Error:,0.02338288432847127
Transition Probabilities
0.0006013229104028859,0.0006013229104028859,0.9813924353141454,0.017404918865048892
0.9847257770091334,0.013887260438855511,0.0006934812760055485,0.0006934812760055485
0.023877950634884057,0.0011363655522825102,0.005248097873095083,0.9697375859397384
0.01801875928029122,0.0049767643471214365,0.014991192560082038,0.9620132838125054

0.018142648510472266,0.007368439346059474,0.9721152852348672,0.0023736269086009937
0.008618145110229493,0.012978907119125024,0.02350636569283295,0.9548965820778125
0.9734471973693668,0.0008510405657106198,0.022055789898513062,0.0036459721664094565
0.0006323649876080999,0.9811327476476832,0.014516296932924595,0.003718590431783988

Transition Gammas
1.0,1.0,1632.055619927425,28.944380072576326
1419.974570447169,20.025429552829628,1.0,1.0
34.345420555601955,1.634518531126497,7.548726912312171,1394.845216281528
18.470095481925643,5.1014229810439335,15.366693880832704,986.1099163654865

20.483841329349772,8.319289343146247,1097.5605488411832,2.679928288463112
1.9882534963606566,2.994305285937959,5.423047903896659,220.29989559185944
1299.8643498613344,1.1364122210660637,29.451556360309127,4.868542692926436
1.053602619152072,1634.6952360020687,24.18604566765967,6.195657089271873

Iteration: ,12500
Error:,0.024077190205782004
Transition Probabilities
0.0005192107995846316,0.0005192107995846316,0.9823392398700327,0.016622338530798038
0.9842008063012317,0.014673067572642116,0.0005630630630630636,0.0005630630630630636
0.026994830624090665,0.000912713056720588,0.0042112819676525465,0.9678811743515362
0.019261744569169535,0.0046456536932797145,0.013853521049469575,0.9622390806880812

0.016958199460747288,0.006019235566146854,0.9748446038374778,0.002177961135627997
0.010374395409743118,0.013917421729615999,0.018368943467281244,0.9573392393933596
0.9738252543294909,0.0007557102371323906,0.021480495845093515,0.003938539588283089
0.00044943906550472127,0.9808017781028961,0.01584525902871723,0.002903523802881777

Transition Gammas
1.0,1.0,1891.9853759896823,32.01462401031701
1747.9406319909858,26.05936800901237,1.0,1.0
48.442130987246934,1.637860450510555,7.557131050090728,1736.8594484228918
21.391305198505844,5.159272860391629,15.385153498373148,1068.6233417233966

23.438220103263745,8.319289343146247,1347.3495487601076,3.0101976681758984
5.941543673541511,7.970678363767573,10.520119538259335,548.2799408155103
1465.8401450829454,1.137524826670809,32.33328875590236,5.92844498110586
1.055162359613229,2302.659465824808,37.200417561940796,6.816694992014948

Iteration: ,15000
Error:,0.022007518596054706
Transition Probabilities
0.0004533091568449692,0.0004533091568449692,0.9831907625160755,0.015902619170234562
0.9847616684935346,0.014288663890130995,0.000474833808167142,0.000474833808167142
0.027460184650929816,0.0007664731878130801,0.0035279118438635943,0.9682454303173934
0.018093725553380225,0.004363944430910626,0.01302505575678561,0.9645172742589235

0.01604519900965226,0.006338412396301279,0.9757710199894949,0.0018453686045515193
0.010895516832246715,0.009872905679390472,0.021173766307548428,0.9580578111808145
0.9750646161172855,0.0006701668296155942,0.019028798484433257,0.00523641856866553
0.00034951902759859877,0.9808383059237877,0.016444282769856013,0.0023678922787577425

Transition Gammas
1.0,1.0,2168.918822110458,35.08117788953737
2073.9080738473817,30.091926152615844,1.0,1.0
58.866334560023176,1.6430868065399002,7.562776490365319,2075.6254978550314
21.391305198505844,5.159272860391629,15.398870846082048,1140.3004495693328

26.24483183098607,10.367622571480322,1596.0504017288001,3.0184349015242087
9.897153853942815,8.96824519651944,19.233600942455247,870.2703785620205
1656.806961005676,1.1387317824777519,32.33328875590236,8.897599802002116
1.056083560524356,2963.636107411807,49.686956436040624,7.1546665881678395

Iteration: ,15687
Error:,0.022824814724307134
Transition Probabilities
0.0004370629370629376,0.0004370629370629376,0.9837848409951376,0.015341033130736495
0.9849198380148401,0.014169000253952601,0.0004555808656036453,0.0004555808656036453
0.026278544814599594,0.001142279971001721,0.0037737249378333327,0.9688054502765654
0.01777919281520633,0.004288083691946525,0.012801741303889055,0.9651309821889581

0.016030462470581566,0.0061067405530530776,0.9760148707374894,0.0018479262388760226
0.009894587347742251,0.010953425644149114,0.022132972451817765,0.9570190145562909
0.9753504588048479,0.0006489867418301732,0.0188970143805257,0.00510354007279609
0.00032953070426315476,0.9800819993764835,0.0173213052731493,0.0022671646461040634

