0,1,2,3,4,5,6,7,8,9,10,11,12,13,14,15,16,17,18,19,20,21,22,23,24,25,26,27,28,29
github Code Version (SHA):,528ca1c557fe8e6666681dc5c9134b0f84d30530
Environment Observations,Environment Actions,alpha,epsilon,numActions,explore,patience,gainThresh,insertRandActions,useUpdatedPosterior,revisedSplitting,haveControl,confidence_factor
"['diamond', 'square']","['x', 'y']",0.65,0.99,75000,0.5,0,0.01,False,True,False,True,250

Model Num 0
Model States: 
['diamond'],['square']
Iteration: ,0
Error:,0.30893837102993915
Absolute Error:,1
Transition Probabilities
0.5,0.5
0.5,0.5

0.5,0.5
0.5,0.5

Transition Gammas
1.0,1.0
1.0,1.0

1.0,1.0
1.0,1.0

Iteration: ,1913
Error:,0.039433496478697136
Absolute Error:,1
Transition Probabilities
0.43399638336347196,0.566003616636528
0.2358974358974359,0.764102564102564

0.2669039145907473,0.7330960854092526
0.762,0.238


Model Num 1
Model States: 
['square'],"['diamond', 'y', 'square']","['diamond', 'y', 'diamond']"
Iteration: ,0
Error:,0.3910253177990922
Absolute Error:,1
Transition Probabilities
0.3333333333333333,0.3333333333333333,0.3333333333333333
0.3333333333333333,0.3333333333333333,0.3333333333333333
0.3333333333333333,0.3333333333333333,0.3333333333333333

0.3333333333333333,0.3333333333333333,0.3333333333333333
0.3333333333333333,0.3333333333333333,0.3333333333333333
0.3333333333333333,0.3333333333333333,0.3333333333333333

Transition Gammas
1.0,1.0,1.0
1.0,1.0,1.0
1.0,1.0,1.0

1.0,1.0,1.0
1.0,1.0,1.0
1.0,1.0,1.0

Iteration: ,2500
Error:,0.05676125482561408
Absolute Error:,1
Transition Probabilities
0.754868270332188,0.1789813694464472,0.06615036022136492
0.5061639322499462,0.4589516309493477,0.034884436800706006
0.3333333333333333,0.3333333333333333,0.3333333333333333

0.23481116584564865,0.6820398819817909,0.08314895217256048
0.9958333333333333,0.0020833333333333333,0.0020833333333333333
0.006944444444444444,0.7961706505396786,0.1968849050158768

Transition Gammas
659.0,156.2507355267484,57.749264473251564
171.57490091722858,155.57129931385617,11.824812884294746
1.0,1.0,1.0

143.0,415.3622881269106,50.63771187308932
478.0,1.0,1.0
1.0,114.64857367771373,28.351426322286258

Iteration: ,4322
Error:,0.062455762236125464
Absolute Error:,1
Transition Probabilities
0.7595258255715496,0.18230610663273242,0.05816806779571802
0.5063636630824515,0.43794241491781616,0.05569392199973239
0.3333333333333333,0.3333333333333333,0.3333333333333333

0.24637681159420294,0.6893757565491065,0.06424743185669052
0.9974715549936789,0.0012642225031605564,0.0012642225031605564
0.004184100418410044,0.8395961602832048,0.1562197392983852


Model Num 2
Model States: 
['square'],"['diamond', 'y', 'square']","['diamond', 'x', 'square']","['diamond', 'x', 'diamond', 'y', 'square']"
Iteration: ,0
Error:,0.44901125219518945
Absolute Error:,1
Transition Probabilities
0.25,0.25,0.25,0.25
0.25,0.25,0.25,0.25
0.25,0.25,0.25,0.25
0.25,0.25,0.25,0.25

0.25,0.25,0.25,0.25
0.25,0.25,0.25,0.25
0.25,0.25,0.25,0.25
0.25,0.25,0.25,0.25

Transition Gammas
1.0,1.0,1.0,1.0
1.0,1.0,1.0,1.0
1.0,1.0,1.0,1.0
1.0,1.0,1.0,1.0

1.0,1.0,1.0,1.0
1.0,1.0,1.0,1.0
1.0,1.0,1.0,1.0
1.0,1.0,1.0,1.0

Iteration: ,2500
Error:,0.1389003151251415
Absolute Error:,1
Transition Probabilities
0.7768331562167906,0.09670563230605739,0.07013815090329437,0.0563230605738576
0.25,0.25,0.25,0.25
0.9886363636363636,0.003787878787878788,0.003787878787878788,0.003787878787878788
0.0035842293906810036,0.5376344086021505,0.24731182795698925,0.2114695340501792

0.21960072595281308,0.3502722323049002,0.18330308529945555,0.24682395644283123
0.7796257796257796,0.09771309771309772,0.058212058212058215,0.06444906444906445
0.25,0.25,0.25,0.25
0.25,0.25,0.25,0.25

Transition Gammas
731.0,91.0,66.0,53.0
1.0,1.0,1.0,1.0
261.0,1.0,1.0,1.0
1.0,150.0,69.0,59.0

121.0,193.0,101.0,136.0
375.0,47.0,28.0,31.0
1.0,1.0,1.0,1.0
1.0,1.0,1.0,1.0

Iteration: ,3836
Error:,0.14263946219854665
Absolute Error:,1
Transition Probabilities
0.7830820770519263,0.08877721943048576,0.07202680067001675,0.05611390284757119
0.25,0.25,0.25,0.25
0.9931818181818182,0.0022727272727272726,0.0022727272727272726,0.0022727272727272726
0.0022522522522522522,0.5765765765765766,0.25,0.17117117117117117

0.2396039603960396,0.31485148514851485,0.19603960396039605,0.2495049504950495
0.7657068062827225,0.11125654450261781,0.058900523560209424,0.06413612565445026
0.25,0.25,0.25,0.25
0.25,0.25,0.25,0.25

*,*,*,*,*,*,*,*,*,*,*
Model Num 1
Model States: 
['square'],"['diamond', 'y', 'square']","['diamond', 'y', 'diamond']"
Iteration: ,3836
Error:,0.0623207701618384
Absolute Error:,1
Transition Probabilities
0.7595258255715496,0.18230610663273242,0.05816806779571802
0.5063636630824515,0.43794241491781616,0.05569392199973239
0.3333333333333333,0.3333333333333333,0.3333333333333333

0.24637681159420294,0.6893757565491065,0.06424743185669052
0.9974715549936789,0.0012642225031605564,0.0012642225031605564
0.004184100418410044,0.8395961602832048,0.1562197392983852

Transition Gammas
897.0,215.30351193325697,68.69648806674299
379.9636610113663,328.6219281047362,41.791439714057894
1.0,1.0,1.0

306.0,856.2046896339901,79.7953103660096
789.0,1.0,1.0
1.0,200.66348230768585,37.33651769231405

