0,1,2,3,4,5,6,7,8,9,10,11,12,13,14,15,16,17,18,19,20,21,22,23,24,25,26,27,28,29
github Code Version (SHA):,528ca1c557fe8e6666681dc5c9134b0f84d30530
Environment Observations,Environment Actions,alpha,epsilon,numActions,explore,patience,gainThresh,insertRandActions,useUpdatedPosterior,revisedSplitting,haveControl,confidence_factor
"['diamond', 'square']","['x', 'y']",0.9,0.99,75000,0.5,0,0.01,False,True,False,True,250

Model Num 0
Model States: 
['diamond'],['square']
Iteration: ,0
Error:,0.5634365413575693
Absolute Error:,1
Transition Probabilities
0.5,0.5
0.5,0.5

0.5,0.5
0.5,0.5

Transition Gammas
1.0,1.0
1.0,1.0

1.0,1.0
1.0,1.0

Iteration: ,2500
Error:,0.11761860319987855
Absolute Error:,1
Transition Probabilities
0.44981412639405205,0.550185873605948
0.08495821727019498,0.915041782729805

0.09939148073022312,0.9006085192697769
0.8969616908850726,0.10303830911492734

Transition Gammas
242.0,296.0
61.0,657.0

49.0,444.0
679.0,78.0

Iteration: ,2519
Error:,0.12223643354637966
Absolute Error:,1
Transition Probabilities
0.4489795918367347,0.5510204081632653
0.08587257617728532,0.9141274238227147

0.1,0.9
0.8965968586387435,0.10340314136125654


Model Num 1
Model States: 
['square'],"['diamond', 'x', 'square']","['diamond', 'x', 'diamond']"
Iteration: ,0
Error:,0.6189736367236475
Absolute Error:,1
Transition Probabilities
0.3333333333333333,0.3333333333333333,0.3333333333333333
0.3333333333333333,0.3333333333333333,0.3333333333333333
0.3333333333333333,0.3333333333333333,0.3333333333333333

0.3333333333333333,0.3333333333333333,0.3333333333333333
0.3333333333333333,0.3333333333333333,0.3333333333333333
0.3333333333333333,0.3333333333333333,0.3333333333333333

Transition Gammas
1.0,1.0,1.0
1.0,1.0,1.0
1.0,1.0,1.0

1.0,1.0,1.0
1.0,1.0,1.0
1.0,1.0,1.0

Iteration: ,2500
Error:,0.10227405091950792
Absolute Error:,1
Transition Probabilities
0.9060324825986079,0.056628466670409355,0.03733905073098274
0.9956331877729258,0.002183406113537118,0.002183406113537118
0.0030120481927710854,0.8374751581874905,0.15951279361973836

0.07923930269413629,0.3137599173805012,0.6070007799253625
0.7388860573199424,0.10864778809400123,0.15246615458605642
0.9693658018251314,0.01702664519815858,0.013607552976709998

Transition Gammas
781.0,48.813738269892866,32.18626173010712
456.0,1.0,1.0
1.0,278.04175251824677,52.95824748175311

50.0,197.98250786709625,383.0174921329037
37.91079977577447,5.574505703155978,7.82274046428709
123.68911447510214,2.172565468140889,1.7362962203673071

Iteration: ,2831
Error:,0.09670765767505136
Absolute Error:,1
Transition Probabilities
0.9079956188389925,0.054980077423662496,0.037024303737345166
0.996316758747698,0.001841620626151013,0.001841620626151013
0.0026109660574412533,0.8449812685962031,0.15240776534635558

0.08533333333333333,0.3354763671457018,0.5791902995209649
0.7841115572042737,0.08982975609829581,0.12605868669743045
0.9685810892830066,0.01619955250137227,0.015219358215621029


Model Num 2
Model States: 
"['diamond', 'x', 'square']","['diamond', 'x', 'diamond']","['square', 'y', 'diamond', 'x', 'diamond']","['square', 'y', 'diamond', 'x', 'square']"
Iteration: ,0
Error:,0.5599223487825666
Absolute Error:,0.65
Transition Probabilities
0.25,0.25,0.25,0.25
0.25,0.25,0.25,0.25
0.25,0.25,0.25,0.25
0.25,0.25,0.25,0.25

0.25,0.25,0.25,0.25
0.25,0.25,0.25,0.25
0.25,0.25,0.25,0.25
0.25,0.25,0.25,0.25

Transition Gammas
1.0,1.0,1.0,1.0
1.0,1.0,1.0,1.0
1.0,1.0,1.0,1.0
1.0,1.0,1.0,1.0

1.0,1.0,1.0,1.0
1.0,1.0,1.0,1.0
1.0,1.0,1.0,1.0
1.0,1.0,1.0,1.0

Iteration: ,2500
Error:,0.04896845651649166
Absolute Error:,0.07531906435945858
Transition Probabilities
0.001988071570576541,0.001988071570576541,0.06356809306604673,0.9324557637928003
0.8952995729132884,0.0994920937533783,0.002604166666666668,0.002604166666666668
0.08437845855631883,0.030854995529920888,0.805513167074675,0.0792533788390853
0.045512906197566955,0.023510256491353302,0.8569465567753177,0.07403028053576208

0.019630911180132472,0.02107797047901232,0.07014333205375013,0.889147786287105
0.17123715659378055,0.04344357067191742,0.6888892451187469,0.09643002761555501
0.0027702272202599497,0.9255323131005891,0.03310317570108531,0.03859428397806566
0.945147522787719,0.0032118484152862856,0.021459030627882895,0.03018159816911182

Transition Gammas
1.0,1.0,31.9747508122215,469.02524918777846
343.7950359987026,38.20496400129725,1.0,1.0
17.922015957685705,6.553612518205361,171.0912960658391,16.83344712094447
15.718419791853767,8.119544802107177,295.9566163520045,25.56723189063272

4.216490171031809,4.5273015875086005,15.06596751695262,190.97854740785243
3.941599503570982,1.0,15.857104617877448,2.2196616466861654
1.0405940176303834,347.6622354630207,12.434708007772898,14.497359901955875
335.08079067296444,1.1386885968250677,7.607816532870875,10.70020661795792

Iteration: ,5000
Error:,0.039491171303466695
Absolute Error:,0.05471408255592449
Transition Probabilities
0.0010309278350515462,0.0010309278350515462,0.057961347438019256,0.9399767968918776
0.8916805210848266,0.10574215932754452,0.0012886597938144334,0.0012886597938144334
0.07919520923913362,0.029889064969661986,0.8259253319802802,0.06499039381092422
0.043367334985440396,0.01911528638642339,0.8738144707043713,0.06370290792376486

0.015110225041563459,0.036586752671299114,0.053267643063029835,0.8950353792241077
0.09318298442491202,0.027679110788308252,0.8169236911095787,0.06221421367720106
0.0013730724527922281,0.9228716146242504,0.03315470127955758,0.04260061164339981
0.9246441320000265,0.001696017194354604,0.02625129207904617,0.04740855872657282

Transition Gammas
1.0,1.0,56.222507014878694,911.7774929851215
691.9440843618253,82.05591563817453,1.0,1.0
35.74549266716375,13.49070686176675,372.78906365130615,29.334017394786173
29.96594122149228,13.208271812871645,603.787921863483,44.01740607585291

6.3634994825628395,15.408094919304826,22.43306225662005,376.9339739746671
4.9270955966244045,1.4635464374233194,43.19523726445576,3.2896067897824963
1.0465596413196907,703.4153106933165,25.270605501285804,32.47030464477781
632.7668755981205,1.1606449053119847,17.96469311208613,32.44336339120642

Iteration: ,7500
Error:,0.037757544162233835
Absolute Error:,0.04585491686297062
Transition Probabilities
0.0007369196757553431,0.0007369196757553431,0.05325630183944913,0.9452698588090402
0.9048424903878319,0.09341837917738545,0.0008695652173913052,0.0008695652173913052
0.06669851440561311,0.026894140652888074,0.8496457003084448,0.05676164463305406
0.04945585294922656,0.02614269563187371,0.8681800030028947,0.056221448416004925

0.022818315827677276,0.032941839210826135,0.048007316556094554,0.896232528405402
0.08080872841885361,0.038735672564800754,0.8482775016231734,0.03217809739317208
0.0008994004323926809,0.9233848854936866,0.03265600896859462,0.04305970510532602
0.9263801949135962,0.0011822609536776365,0.02523253623225779,0.04720500790046827

Transition Gammas
1.0,1.0,72.26880159613242,1282.7311984038668
1040.5688639460056,107.43113605399316,1.0,1.0
45.89358653877688,18.50518834547662,584.620044717574,39.05627394050533
51.13020960847609,27.02777179397933,897.572741834991,58.12485824384946

16.009450812021935,23.112168246158408,33.68218666207306,628.801471940222
8.857035252815201,4.245620790735046,92.97539861168671,3.5268782043271414
1.0510915375823044,1079.1211612961165,38.16370711184569,50.322070144655235
922.5077307245796,1.1773188540620285,25.127058920141245,47.007681032255306

Iteration: ,10000
Error:,0.0388178733820108
Absolute Error:,0.04609887261708696
Transition Probabilities
0.0005773672055427257,0.0005773672055427257,0.04974693863571634,0.9490983269531982
0.9126549319692115,0.08595906664478715,0.0006930006930006943,0.0006930006930006943
0.06822609064713614,0.0302993854839968,0.8460682853721668,0.055406238496700184
0.05340940918700201,0.02706105379915736,0.8694080132076711,0.0501215238061694

0.024834800313692427,0.03659153272613558,0.05272375508262828,0.8858499118775437
0.06818882952751681,0.036081703927199456,0.85562525890949,0.04010420763579381
0.0006930858824344026,0.9271836382701979,0.029457051605152437,0.042666224242215334
0.9213450512990199,0.0008295709632110263,0.025208532518368083,0.05261684521940101

Transition Gammas
1.0,1.0,86.16169771706062,1643.8383022829378
1316.9610668315697,124.03893316842763,1.0,1.0
63.63585290577629,28.26084888502942,789.1449802487778,51.67851784552414
68.83611842162965,34.877335890587275,1120.5267735566265,64.59856419894002

25.699810390611244,37.86603641202029,54.56015315563104,916.7045630417508
13.385133486553691,7.082661879288909,167.95505047273176,7.872259669172742
1.0560480170246334,1412.7404228372802,44.883414485011905,65.01009852726922
1329.8676149486876,1.1974010786954195,36.38594570979952,75.94704976099057

Iteration: ,12500
Error:,0.03435350254907501
Absolute Error:,0.04568219441854329
Transition Probabilities
0.00048262548262548307,0.00048262548262548307,0.04629796111510253,0.9527367879196466
0.9106266325545539,0.08823635778086394,0.0005685048322910753,0.0005685048322910753
0.06681280071794361,0.02915242851753417,0.8481357009910565,0.05589906977346575
0.052176677980743415,0.02753772767203366,0.8780681607403348,0.04221743360688819

0.027669974459886514,0.03691705419222227,0.046410585614901335,0.8890023857329898
0.04623210848671346,0.025658613525261418,0.8538909418930032,0.07421833609502203
0.000506520791501376,0.9305530300830173,0.026038764303190305,0.04290168482229108
0.9181296430949251,0.0007198734717013078,0.026059091923327546,0.05509139151004602

Transition Gammas
1.0,1.0,95.92937543049236,1974.070624569506
1601.792246663458,155.20775333653947,1.0,1.0
71.28740364485891,31.104831957736224,904.93724873783,59.64275569191906
85.76588818217006,45.26538989665739,1443.3325118585153,69.3952898151714

33.87002035188715,45.1891048412416,56.809863760393085,1088.202265647342
21.31922996671353,11.83207732196081,393.7587523602183,34.22465093521177
1.066198478518607,1958.763078440576,54.810170378742875,90.30569297625227
1533.0931159703312,1.2020449095998023,43.5134784467045,91.99161982023664

Iteration: ,15000
Error:,0.032929333834828524
Absolute Error:,0.044654597828044554
Transition Probabilities
0.00041442188147534237,0.00041442188147534237,0.044590128565451644,0.9545810276715977
0.9129380190209305,0.0860962639341637,0.0004828585224529217,0.0004828585224529217
0.0651953636860096,0.03030951650057911,0.8524873282452831,0.052007791568128306
0.053048278438010944,0.028643317684619283,0.8824654923832989,0.03584291149407092

0.028666103880990428,0.0366933786719129,0.04310967502950142,0.8915308424175952
0.04092608917228215,0.02666493983952971,0.8481425893519748,0.08426638163621321
0.00039297031675236454,0.9290049153486168,0.026442450527208117,0.044159663807422624
0.9205753087523892,0.0006420535475586379,0.024581051872397477,0.05420158582765469

Transition Gammas
1.0,1.0,107.5959802284347,2303.4040197715626
1890.6946373923454,178.30536260765285,1.0,1.0
75.14697693617948,34.93605079627064,982.6135168532039,59.94641478333285
106.06256782149933,57.268283043486335,1764.3655721157434,71.66285774386077

40.225061861921326,51.489153640421556,60.49267637165578,1251.0204887605937
31.379077901204642,20.444690449978808,650.2925864861221,64.60918712961711
1.074316500054936,2539.7473209664577,72.28932998816657,120.72529003529996
1728.592214278674,1.205603444832762,46.15658760497493,101.77596376142003

Iteration: ,16906
Error:,0.03534931814296218
Absolute Error:,0.0443395110994262
Transition Probabilities
0.00037467216185837414,0.00037467216185837414,0.04310851510975708,0.9561421405665261
0.9143756389320438,0.08475630551240065,0.00043402777777777797,0.00043402777777777797
0.0656314670375035,0.029265279262346667,0.8554446956165362,0.04965855808361379
0.051901775524942614,0.028085828906782344,0.8874011726879353,0.032611222880339796

0.029239687989493165,0.03646826184007121,0.04091603048967664,0.8933760196807589
0.043363596703969866,0.026263903981474497,0.8425246472926723,0.08784785202188335
0.00033514755612510885,0.927652025416504,0.026613988603005376,0.045398838424365436
0.9179060307458052,0.0005896047096359206,0.02524864549154582,0.056255719053012944

*,*,*,*,*,*,*,*,*,*,*
Model Num 2
Model States: 
"['diamond', 'x', 'square']","['diamond', 'x', 'diamond']","['square', 'y', 'diamond', 'x', 'diamond']","['square', 'y', 'diamond', 'x', 'square']"
Iteration: ,16906
Error:,0.034046648647089235
Absolute Error:,0.0443395110994262
Transition Probabilities
0.00037467216185837414,0.00037467216185837414,0.04310851510975708,0.9561421405665261
0.9143756389320438,0.08475630551240065,0.00043402777777777797,0.00043402777777777797
0.0656314670375035,0.029265279262346667,0.8554446956165362,0.04965855808361379
0.051901775524942614,0.028085828906782344,0.8874011726879353,0.032611222880339796

0.029239687989493165,0.03646826184007121,0.04091603048967664,0.8933760196807589
0.043363596703969866,0.026263903981474497,0.8425246472926723,0.08784785202188335
0.00033514755612510885,0.927652025416504,0.026613988603005376,0.045398838424365436
0.9179060307458052,0.0005896047096359206,0.02524864549154582,0.056255719053012944

Transition Gammas
1.0,1.0,115.05662682794159,2551.943373172057
2106.721472099428,195.27852790057102,1.0,1.0
79.47397387685463,35.43769695511388,1035.868805944468,60.1321763178663
117.62271658925414,63.64968173563064,2011.0783413543,73.90538353817615

45.11283314475809,56.26553238398624,63.12783012903184,1378.3568185087463
43.40159452970552,26.286918014499452,843.2629187267595,87.92482966271804
1.0788324281112438,2986.090958242924,85.66982936789552,146.1378374858418
1880.2175340140534,1.2077326829348636,51.71874284858682,115.2329168881286

