0,1,2,3,4,5,6,7,8,9,10,11,12,13,14,15,16,17,18,19,20,21,22,23,24,25,26,27,28,29
github Code Version (SHA):,ddb97f21bb9c22f159e8ea0ce9d830001061547e
Environment Observations,Environment Actions,alpha,epsilon,numActions,explore,patience,gainThresh,insertRandActions,useBudd,revisedSplitting,haveControl,confidence_factor
"['square', 'diamond']","['x', 'y']",0.99,0.99,75000,0.5,0,0.01,False,True,False,True,250

Model Num 0
Model States: 
['square'],['diamond']
Iteration: ,0
Error:,0.6762328425124616
Absolute Error:,1
Transition Probabilities
0.5,0.5
0.5,0.5

0.5,0.5
0.5,0.5

Transition Gammas
1.0,1.0
1.0,1.0

1.0,1.0
1.0,1.0

Iteration: ,1795
Error:,0.241243214843464
Absolute Error:,1
Transition Probabilities
0.9863481228668942,0.013651877133105802
0.9720558882235529,0.027944111776447105

0.21555915721231766,0.7844408427876823
0.061855670103092786,0.9381443298969072


Model Num 1
Model States: 
['diamond'],"['square', 'y', 'diamond']","['square', 'y', 'square']"
Iteration: ,0
Error:,0.6176121606834422
Absolute Error:,1
Transition Probabilities
0.3333333333333333,0.3333333333333333,0.3333333333333333
0.3333333333333333,0.3333333333333333,0.3333333333333333
0.3333333333333333,0.3333333333333333,0.3333333333333333

0.3333333333333333,0.3333333333333333,0.3333333333333333
0.3333333333333333,0.3333333333333333,0.3333333333333333
0.3333333333333333,0.3333333333333333,0.3333333333333333

Transition Gammas
1.0,1.0,1.0
1.0,1.0,1.0
1.0,1.0,1.0

1.0,1.0,1.0
1.0,1.0,1.0
1.0,1.0,1.0

Iteration: ,2500
Error:,0.13496782190269685
Absolute Error:,1
Transition Probabilities
0.026073619631901863,0.9568567877752839,0.017069592592814112
0.01773595340473818,0.9594850039987183,0.02277904259654354
0.020997080459677544,0.9678935693040517,0.011109350236270741

0.6862302483069977,0.005335886572503055,0.3084338651204993
0.9973821989528796,0.0013089005235602095,0.0013089005235602095
0.017857142857142856,0.19288221995414492,0.7892606371887122

Transition Gammas
17.0,623.8706256294846,11.12937437051479
7.731279104474475,418.24908947325946,9.929612016207868
2.9374406614669,135.40596426755394,1.554171170090365

304.0,2.3637977516188533,136.63620224838118
762.0,1.0,1.0
1.0,10.801404317432116,44.198595682567884

Iteration: ,4114
Error:,0.12947643784287577
Absolute Error:,1
Transition Probabilities
0.021538461538461545,0.9659756843890372,0.012485854072501157
0.01817158553887827,0.9633203139696863,0.01850810049143532
0.014557943519897363,0.9621286678721425,0.023313388607960082

0.6707920792079208,0.002947858258140621,0.32626006253393863
0.99833748960931,0.0008312551953449709,0.0008312551953449709
0.011363636363636366,0.167850706268102,0.8207856573682616


Model Num 2
Model States: 
"['square', 'y', 'diamond']","['square', 'y', 'square']","['diamond', 'y', 'diamond']","['diamond', 'y', 'square', 'y', 'square']"
Iteration: ,0
Error:,0.67736566376774
Absolute Error:,0.74
Transition Probabilities
0.25,0.25,0.25,0.25
0.25,0.25,0.25,0.25
0.25,0.25,0.25,0.25
0.25,0.25,0.25,0.25

0.25,0.25,0.25,0.25
0.25,0.25,0.25,0.25
0.25,0.25,0.25,0.25
0.25,0.25,0.25,0.25

Transition Gammas
1.0,1.0,1.0,1.0
1.0,1.0,1.0,1.0
1.0,1.0,1.0,1.0
1.0,1.0,1.0,1.0

1.0,1.0,1.0,1.0
1.0,1.0,1.0,1.0
1.0,1.0,1.0,1.0
1.0,1.0,1.0,1.0

Iteration: ,2500
Error:,0.02413984018109621
Absolute Error:,0.03132259873822745
Transition Probabilities
0.978283839149109,0.004979830394664615,0.01106666779423384,0.005669662661992598
0.9197220811512689,0.028102117337421774,0.043355395813591185,0.00882040569771818
0.9611881422148382,0.015502806842114494,0.018383370769239467,0.004925680173807832
0.9554674895571008,0.02144461457316503,0.00855387875562641,0.014534017114107603

0.0013531799729364013,0.0013531799729364013,0.987236802545376,0.010056837508751222
0.049567565943509945,0.9279605239441305,0.011235955056179777,0.011235955056179777
0.0033333333333333353,0.0033333333333333353,0.021619968623900976,0.9717133647094323
0.010335583599138654,0.9718072735437184,0.008928571428571428,0.008928571428571428

Transition Gammas
483.6642415398736,2.4620317687426905,5.471368605789701,2.8030853433955434
104.27208369669425,3.1860345544753947,4.9153516628840705,1.0
428.8164647189163,6.916293003716519,8.201403780031608,2.197501889277598
179.70367746021645,4.0332885656853135,1.6088077153178972,2.7335480821912057

1.0,1.0,729.5679970810324,7.432002918967149
4.411513368972384,82.5884866310276,1.0,1.0
1.0,1.0,6.485990587170289,291.5140094128295
1.1575853631035293,108.84241463689646,1.0,1.0

Iteration: ,5000
Error:,0.015201333779506467
Absolute Error:,0.02078745455468886
Transition Probabilities
0.9798962913904656,0.007372355381708193,0.007539903635520011,0.005191449592306254
0.946571939310351,0.023546931781559595,0.022402503861855553,0.007478625046233996
0.9686095117233009,0.011423825473624536,0.016208407846074958,0.0037582549569995394
0.9662382197527862,0.014133550791023417,0.009137626809736269,0.010490602646453925

0.0006811989100817424,0.0006811989100817424,0.990135986772195,0.008501615407641466
0.030775420548897738,0.9581134683399911,0.005555555555555557,0.005555555555555557
0.0016233766233766222,0.0016233766233766222,0.02370839511313429,0.9730448516401125
0.012297798343605499,0.9799502636718983,0.003875968992248061,0.003875968992248061

Transition Gammas
932.7468743126285,7.017621659586487,7.177108037290552,4.941653951464628
249.77703772641138,6.213455759346669,5.911469398031818,1.9734250855522344
840.6707291909571,9.914909542830936,14.067520376443232,3.2618458697201826
343.21328814000896,5.020317289169189,3.2457367955992007,3.7263214756511385

1.0,1.0,1453.5196285815855,12.4803714184177
5.539575698801592,172.46042430119837,1.0,1.0
1.0,1.0,14.604371389690733,599.3956286103097
3.1728319726502194,252.8271680273498,1.0,1.0

Iteration: ,7500
Error:,0.012634047570810717
Absolute Error:,0.01685638784850739
Transition Probabilities
0.9767369280709779,0.009088785043411455,0.009836612276778301,0.0043376746088324885
0.9669083922857961,0.016869583017880448,0.012614149448608602,0.003607875247714957
0.9732142526129186,0.010049859518306758,0.01367026891789654,0.0030656189508780694
0.9654421346856067,0.01514711151173979,0.007033922561630195,0.012376831241023343

0.0004805382027871207,0.0004805382027871207,0.9882253565548665,0.010813567039559274
0.02492574075354202,0.971152690619007,0.00196078431372549,0.00196078431372549
0.000988142292490118,0.000988142292490118,0.021415924799994445,0.9766077906150253
0.013063196801140705,0.9833004395624957,0.0018181818181818177,0.0018181818181818177

Transition Gammas
1169.3575877443182,10.88116917508205,11.77647416921842,5.1931001800267165
528.8767337441273,9.227275342010776,6.899650693453189,1.9734250855522344
1056.815561132192,10.913165212720472,14.844575979551394,3.328962562037476
445.4941084601123,6.989490821079475,3.2457367955992007,5.711171287419016

1.0,1.0,2056.496966990681,22.503033009322888
12.71212778430643,495.2878722156936,1.0,1.0
1.0,1.0,21.67291589759439,988.327084102406
7.1847582406273895,540.8152417593727,1.0,1.0

Iteration: ,10000
Error:,0.01490258173700864
Absolute Error:,0.018607949461853526
Transition Probabilities
0.9726024735162294,0.01076077344889702,0.012141754337844417,0.004494998697029099
0.9683946210215065,0.016812291558219953,0.011832380537176331,0.002960706883097133
0.9702054597218158,0.011810533977903822,0.013940953174845075,0.004043053125435474
0.9654021122096321,0.02014825495605048,0.00801050496289144,0.006439127871426002

0.00034928396786587445,0.00034928396786587445,0.9872374951725493,0.01206393689171893
0.030293119731065552,0.9662997252433808,0.001703577512776832,0.001703577512776832
0.0006451612903225814,0.0006451612903225814,0.02056814865742524,0.9781415287619296
0.01550376376689955,0.9814567225552889,0.001519756838905775,0.001519756838905775

Transition Gammas
1338.2042566448652,14.805753867810568,16.70584620178691,6.184671079676305
645.4722852667456,11.20603937391557,7.886737017829174,1.9734250855522344
1298.5241150192057,15.807232404112776,18.65858793361193,5.411227002564025
856.2614276588813,17.87045349840367,7.104900982757083,5.711171287419016

1.0,1.0,2826.4609486790127,34.53905132099135
17.782061282135473,567.2179387178643,1.0,1.0
1.0,1.0,31.880630419009083,1516.119369580989
10.201476558619904,645.7985234413801,1.0,1.0

Iteration: ,12500
Error:,0.013863515434140977
Absolute Error:,0.017166233188372203
Transition Probabilities
0.9724390277008641,0.012466505072446466,0.010561001021993107,0.00453346620469637
0.9720161874580848,0.01372654510049083,0.010203592373116023,0.004053675068308373
0.9699113492747582,0.01220021256727586,0.014173404128429455,0.003715034029536637
0.9687352439438058,0.018616934393305525,0.007011627171571787,0.005636194491316941

0.0002932551319648092,0.0002932551319648092,0.9857584452386824,0.013655044497387964
0.0210376924198999,0.9770484319820141,0.0009569377990430622,0.0009569377990430622
0.000505305709954523,0.000505305709954523,0.021190416383479932,0.977798972196611
0.017881853917056045,0.9800413028846054,0.001038421599169263,0.001038421599169263

Transition Gammas
1538.2459298654574,19.720054564939606,16.70584620178691,7.171232065875051
934.4333153705273,13.195810123674324,9.809071878560028,3.8969402797909503
1412.748965840158,17.770528925490975,20.644631119994305,5.411227002564025
981.6220712124469,18.864590519474163,7.104900982757083,5.711171287419016

1.0,1.0,3361.4362982639086,46.56370173609298
21.984388578795397,1021.0156114212047,1.0,1.0
1.0,1.0,41.93583402290675,1935.0641659770915
17.22022532212497,943.7797746778749,1.0,1.0

Iteration: ,12770
Error:,0.013568126541079742
Absolute Error:,0.017179153433631338
Transition Probabilities
0.9728277914286851,0.01229104037811946,0.010411764134271874,0.0044694040589235064
0.9721265712681029,0.01417332079953787,0.009804846362306911,0.003895261570052298
0.9701728303691892,0.012094251432534965,0.014050182233971007,0.003682735964304807
0.9687943531574148,0.01858201973110133,0.006998214334282004,0.005625412777201834

0.0002886836027713625,0.0002886836027713625,0.9851134573834401,0.014309175411017174
0.019945403416437912,0.9782413599561822,0.0009066183136899369,0.0009066183136899369
0.0004950495049504955,0.0004950495049504955,0.02224613308718485,0.9767637679029142
0.018187395111136286,0.9798165969048318,0.0009980039920159682,0.0009980039920159682

*,*,*,*,*,*,*,*,*,*,*
Model Num 2
Model States: 
"['square', 'y', 'diamond']","['square', 'y', 'square']","['diamond', 'y', 'diamond']","['diamond', 'y', 'square', 'y', 'square']"
Iteration: ,12770
Error:,0.013068190510722721
Absolute Error:,0.017179153433631338
Transition Probabilities
0.9728277914286851,0.01229104037811946,0.010411764134271874,0.0044694040589235064
0.9721265712681029,0.01417332079953787,0.009804846362306911,0.003895261570052298
0.9701728303691892,0.012094251432534965,0.014050182233971007,0.003682735964304807
0.9687943531574148,0.01858201973110133,0.006998214334282004,0.005625412777201834

0.0002886836027713625,0.0002886836027713625,0.9851134573834401,0.014309175411017174
0.019945403416437912,0.9782413599561822,0.0009066183136899369,0.0009066183136899369
0.0004950495049504955,0.0004950495049504955,0.02224613308718485,0.9767637679029142
0.018187395111136286,0.9798165969048318,0.0009980039920159682,0.0009980039920159682

Transition Gammas
1560.9181359512415,19.7211757362938,16.70584620178691,7.171232065875051
972.5455208849751,14.179428962295964,9.809071878560028,3.8969402797909503
1425.5231620545292,17.770684773999513,20.644631119994305,5.411227002564025
983.5634667716738,18.865299623987376,7.104900982757083,5.711171287419016

1.0,1.0,3412.433016376238,49.56698362376351
21.99977996833101,1079.0002200316685,1.0,1.0
1.0,1.0,44.937188836113364,1973.062811163885
18.22376990135856,981.7762300986413,1.0,1.0

