0,1,2,3,4,5,6,7,8,9,10,11,12,13,14,15,16,17,18,19,20,21,22,23,24,25,26,27,28,29
github Code Version (SHA):,528ca1c557fe8e6666681dc5c9134b0f84d30530
Environment Observations,Environment Actions,alpha,epsilon,numActions,explore,patience,gainThresh,insertRandActions,useUpdatedPosterior,revisedSplitting,haveControl,confidence_factor
"['diamond', 'square']","['x', 'y']",0.9,0.99,75000,0.5,0,0.01,False,True,False,False,250

Model Num 0
Model States: 
['diamond'],['square']
Iteration: ,0
Error:,0.5645486988551162
Absolute Error:,1
Transition Probabilities
0.5,0.5
0.5,0.5

0.5,0.5
0.5,0.5

Transition Gammas
1.0,1.0
1.0,1.0

1.0,1.0
1.0,1.0

Iteration: ,2477
Error:,0.10872964224797776
Absolute Error:,1
Transition Probabilities
0.48221343873517786,0.5177865612648221
0.08571428571428572,0.9142857142857143

0.096,0.904
0.9151343705799151,0.08486562942008487


Model Num 1
Model States: 
['square'],"['diamond', 'x', 'square']","['diamond', 'x', 'diamond']"
Iteration: ,0
Error:,0.6191185384524942
Absolute Error:,1
Transition Probabilities
0.3333333333333333,0.3333333333333333,0.3333333333333333
0.3333333333333333,0.3333333333333333,0.3333333333333333
0.3333333333333333,0.3333333333333333,0.3333333333333333

0.3333333333333333,0.3333333333333333,0.3333333333333333
0.3333333333333333,0.3333333333333333,0.3333333333333333
0.3333333333333333,0.3333333333333333,0.3333333333333333

Transition Gammas
1.0,1.0,1.0
1.0,1.0,1.0
1.0,1.0,1.0

1.0,1.0,1.0
1.0,1.0,1.0
1.0,1.0,1.0

Iteration: ,2500
Error:,0.09069229789480224
Absolute Error:,1
Transition Probabilities
0.9252336448598131,0.052108616020620356,0.02265773911956656
0.9957264957264957,0.002136752136752137,0.002136752136752137
0.0030303030303030303,0.8561206311088754,0.14084906586082163

0.08368794326241134,0.35137915377285556,0.564932902964733
0.8556829886775948,0.10860445500364585,0.035712556318759345
0.9196445260377356,0.031593905894439174,0.04876156806782512

Transition Gammas
693.0,39.029353399444645,16.970646600555355
466.0,1.0,1.0
1.0,282.5198082659289,46.48019173407114

59.0,247.72230340986317,398.27769659013677
62.53230026442681,7.936685057672967,2.609831356336962
110.06099176985528,3.781087711800038,5.835674969893667

Iteration: ,5000
Error:,0.08822011675811808
Absolute Error:,1
Transition Probabilities
0.9210893854748603,0.05418312723506317,0.024727487290076487
0.9978969505783386,0.0010515247108307045,0.0010515247108307045
0.0014836795252225513,0.8631299448967044,0.13538637557807312

0.0912256267409471,0.3644951520882317,0.5442792211708212
0.8945395404718551,0.0678003465382035,0.03766011298994144
0.9080566345827871,0.030509313037199094,0.061434052380013864

Transition Gammas
1319.0,77.59023820061046,35.40976179938953
949.0,1.0,1.0
1.0,581.749582860379,91.25041713962132

131.0,523.4150383987005,781.5849616012989
137.85141330674878,10.44825093818505,5.803544243798148
196.53784720180929,6.603370842273748,13.29665567082019

Iteration: ,7500
Error:,0.08854710551628735
Absolute Error:,1
Transition Probabilities
0.9212786259541985,0.05296737781944609,0.025753996226355422
0.9986091794158554,0.0006954102920723226,0.0006954102920723226
0.0009920634920634916,0.8758413666864613,0.12316656982147522

0.08743672342383804,0.3744427980466,0.5381204785295619
0.8751947921600668,0.08290437929423801,0.041900828545695136
0.9075288790154773,0.029914990585549316,0.06255613039897341

Transition Gammas
1931.0,111.019623909559,53.98037609044096
1436.0,1.0,1.0
1.0,882.8480976199534,124.15190238004708

190.0,813.6642001552615,1169.3357998447375
213.3166936530205,20.206802232854635,10.212750677628648
286.7682740452044,9.452779318276892,19.766989194791684

Iteration: ,10000
Error:,0.08573698453485774
Absolute Error:,1
Transition Probabilities
0.9221748400852878,0.05159909129771682,0.02622606861699533
0.9989556135770234,0.0005221932114882506,0.0005221932114882506
0.0007390983000739095,0.8708543341172803,0.12840656758264574

0.08037578288100211,0.3790516006117882,0.5405726165072097
0.8624967109379841,0.09048232988199667,0.04702095918001931
0.9214734193909424,0.025132776181781974,0.053393804427275766

Transition Gammas
2595.0,145.19984291177514,73.80015708822486
1913.0,1.0,1.0
1.0,1178.2659140606809,173.73408593931978

231.0,1089.394300158279,1553.6056998417203
275.98982772750236,28.953388830152736,15.046209752570935
383.9521970690461,10.47212478447605,22.247704695896303

Iteration: ,12500
Error:,0.08714004488978433
Absolute Error:,1
Transition Probabilities
0.922615648201028,0.052495147359999494,0.024889204438972523
0.9991694352159468,0.0004152823920265781,0.0004152823920265781
0.0005941770647652998,0.8750863620309464,0.12431946090428836

0.0825027685492802,0.38102222225604676,0.5364750091946731
0.874041878158702,0.08085233657662626,0.045105785264671766
0.9238638801129102,0.023917682511008193,0.0522184373760816

Transition Gammas
3231.0,183.83800605471822,87.16199394528178
2406.0,1.0,1.0
1.0,1472.7703472980836,209.22965270191742

298.0,1376.2522667888406,1937.7477332111587
341.38533271071526,31.57949580264684,17.617523707441983
475.01835020909976,12.297632077374454,26.848885974254088

Iteration: ,15000
Error:,0.08286927235545316
Absolute Error:,1
Transition Probabilities
0.9238895558223289,0.05130368204645296,0.024806762131218112
0.9993081978554134,0.0003459010722933241,0.0003459010722933241
0.0004952947003467062,0.8773308627334598,0.12217384256619342

0.08405863490609258,0.3814155271508992,0.5345258379430082
0.8823277817242772,0.07629330445417173,0.041378913821551094
0.9291859668610275,0.022301656579238573,0.04851237655973392

Transition Gammas
3848.0,213.6798357234766,103.32016427652344
2889.0,1.0,1.0
1.0,1771.331011858856,246.66898814114458

367.0,1665.260191540825,2333.7398084591723
410.27422382068335,35.47567799177817,19.240810617459342
574.0755208274466,13.778549798047125,29.972221743929733

Iteration: ,17500
Error:,0.08093740848401393
Absolute Error:,1
Transition Probabilities
0.9231709802323211,0.0522530374588785,0.024575982308800336
0.9994040524433849,0.0002979737783075089,0.0002979737783075089
0.000425531914893617,0.8794366442029415,0.12013782388216487

0.0833004342676668,0.38121712051965356,0.5354824452126797
0.891232550242066,0.06954316777632927,0.039224281981604714
0.9292256368558169,0.02292451521717964,0.047849847927003364

Transition Gammas
4530.0,256.4056548107168,120.59434518928325
3354.0,1.0,1.0
1.0,2066.6761138769125,282.32388612308745

422.0,1931.245932552565,2712.7540674474353
490.26917504226924,38.25586429295768,21.577372105095957
661.1820509400221,16.31173031276628,34.047124115725694

Iteration: ,20000
Error:,0.08251214911833434
Absolute Error:,1
Transition Probabilities
0.9224366920488755,0.052009165862212374,0.025554142088912126
0.999475478625754,0.00026226068712300026,0.00026226068712300026
0.00037147102526002943,0.8811713580046254,0.11845717097011452

0.08428720083246616,0.3794321030822892,0.5362806960852446
0.8918816813660365,0.0693312727839407,0.038787045850022815
0.9308115250161102,0.022462959598923256,0.046725515384966505

Transition Gammas
5209.0,293.69575962391326,144.30424037608677
3811.0,1.0,1.0
1.0,2372.1132957484538,318.88670425154857

486.0,2187.80550637248,3092.1944936275213
570.9402833822598,44.38258723947287,24.829624166351927
746.1691966857672,18.007048761910543,37.45671313956441

Iteration: ,22500
Error:,0.08206587423995601
Absolute Error:,1
Transition Probabilities
0.9229085222830337,0.05204357220008811,0.02504790551687827
0.999530626613471,0.0002346866932644919,0.0002346866932644919
0.0003309066843150229,0.8833294076903792,0.11633968562530587

0.08502086875869529,0.37774985942520406,0.5372292718161006
0.8947819481554388,0.07007373405458005,0.03514431778998123
0.9301271017064183,0.022929194490178648,0.04694370380340302

Transition Gammas
5902.0,332.81864421956345,160.18135578043655
4259.0,1.0,1.0
1.0,2669.4214700403277,351.5785299596746

550.0,2443.6638406216457,3475.3361593783557
659.1553935911384,51.62093384468187,25.889622240482293
831.2510499225408,20.491733827421726,41.95340938054753

Iteration: ,22835
Error:,0.0816921301337013
Absolute Error:,1
Transition Probabilities
0.9230887555760652,0.051906271827439746,0.02500497259649503
0.9995360705172813,0.00023196474135931338,0.00023196474135931338
0.0003263707571801564,0.8835452045622926,0.11612842468052734

0.08502209355477676,0.3771994931601537,0.5377784132850695
0.8966955602949538,0.06879929544069951,0.03450514426434672
0.9313652781836429,0.022522879739355517,0.04611184207700157


Model Num 2
Model States: 
"['diamond', 'x', 'square']","['diamond', 'x', 'diamond']","['square', 'y', 'diamond', 'x', 'diamond']","['square', 'y', 'diamond', 'x', 'square']"
Iteration: ,0
Error:,0.5612012853671715
Absolute Error:,0.65
Transition Probabilities
0.25,0.25,0.25,0.25
0.25,0.25,0.25,0.25
0.25,0.25,0.25,0.25
0.25,0.25,0.25,0.25

0.25,0.25,0.25,0.25
0.25,0.25,0.25,0.25
0.25,0.25,0.25,0.25
0.25,0.25,0.25,0.25

Transition Gammas
1.0,1.0,1.0,1.0
1.0,1.0,1.0,1.0
1.0,1.0,1.0,1.0
1.0,1.0,1.0,1.0

1.0,1.0,1.0,1.0
1.0,1.0,1.0,1.0
1.0,1.0,1.0,1.0
1.0,1.0,1.0,1.0

Iteration: ,2500
Error:,0.032575515343646666
Absolute Error:,0.0766977371941871
Transition Probabilities
0.001574803149606299,0.001574803149606299,0.10091292514471194,0.8959374685560756
0.8509429831625767,0.1425423588569674,0.003257328990228013,0.003257328990228013
0.048071841795501925,0.04061665890906581,0.7884119789919828,0.12289952030344942
0.0444046116921205,0.03260202126524226,0.8570382614000855,0.06595510564255172

0.07835785937658983,0.009043371198214098,0.05169836169414407,0.860900407731052
0.021719078599745742,0.021719078599745742,0.806851689202522,0.14971015359798645
0.0037207032920447006,0.9479211364969207,0.03768264867428949,0.010675511536745067
0.9112393143898408,0.0019284039107531278,0.015262880720049327,0.0715694009793569

Transition Gammas
1.0,1.0,64.07970746689209,568.9202925331081
261.23949583091104,43.76050416908899,1.0,1.0
5.38302982419951,4.54820697731823,88.28547103987007,13.76214762038064
8.70814462336689,6.393550250146435,168.07292854573464,12.934390746776836

14.757025571237637,1.7031253927045107,9.736279826698587,162.13216430682107
1.0,1.0,37.1494437711537,6.893025084394651
1.189827488254997,303.13156851648336,12.050369971394833,3.413875302758225
548.1972637882287,1.1601186764656235,9.182076888176933,43.0558132954535

Iteration: ,5000
Error:,0.023643125985067407
Absolute Error:,0.0629677659060956
Transition Probabilities
0.0007830853563038372,0.0007830853563038372,0.09411300285149576,0.9043208264358965
0.8709111108292681,0.12579399625475163,0.0016474464579901153,0.0016474464579901153
0.030494450688759788,0.028786825473082638,0.8338271765163305,0.10689154732182699
0.033107703470686575,0.033924378930455336,0.8716127865133562,0.06135513108550191

0.06818932940813752,0.011871473552442512,0.048586828196457287,0.8713523688429627
0.037199938374775324,0.029881448285760122,0.8206319086443936,0.11228670469507102
0.0018776186659584763,0.9465083586156614,0.04299562015274912,0.008618402565631011
0.9059326137125965,0.0010051750625532409,0.010751693344795163,0.08231051788005504

Transition Gammas
1.0,1.0,120.18230464136008,1154.8176953586396
528.6430442733657,76.35695572663424,1.0,1.0
8.79985383300108,8.307080493586747,240.61942778435795,30.845939873319654
13.5120367921147,13.84534136183162,355.7257920433419,25.0404800606706

22.428780290691357,3.904755690451346,15.981141097860121,286.6045319140507
3.495496145189445,2.8078134496690037,77.11076411973383,10.551032086757237
1.2030976110467995,606.48201135401,27.54975162373682,5.522303184207685
1061.4648014977686,1.1777453776292361,12.597563957023475,96.44173992663967

Iteration: ,7500
Error:,0.022154374422886036
Absolute Error:,0.057234255402802
Transition Probabilities
0.0005268703898840887,0.0005268703898840887,0.09854657704780921,0.9003996821724226
0.8753824925620831,0.12244831004095379,0.0010845986984815623,0.0010845986984815623
0.030150558895222033,0.030167787398929762,0.8510972868609746,0.08858436684487356
0.03275000693143697,0.03199352749084293,0.8815681767537314,0.05368828882398868

0.06578593849717083,0.01474723380478374,0.048534678568382894,0.8709321491296625
0.026182613997456482,0.04001320792189397,0.8419784552500278,0.09182572283062174
0.0012250558061153841,0.9368062946453717,0.054034668099788165,0.007933981448724708
0.9080937877725402,0.000697524682967814,0.00876283425456004,0.08244585328993202

Transition Gammas
1.0,1.0,187.04140323674184,1708.9585967632577
807.1026581422403,112.89734185775934,1.0,1.0
14.275279088582359,14.283436207644769,402.9660393260906,41.941728642261694
20.084768901358796,19.620838778389086,540.6439497237087,32.92569909974989

31.36615929627034,7.031351916034193,23.14090965555877,415.2528207379589
3.8962728551710013,5.95442364500099,125.29603805594765,13.664719317412846
1.2130434676867605,927.6203994419288,53.50482879218043,7.8561844457043195
1546.5625845146556,1.187945112034703,14.923867749000074,140.41244821127614

Iteration: ,10000
Error:,0.022249651519698696
Absolute Error:,0.055456365518619606
Transition Probabilities
0.00039339103068450066,0.00039339103068450066,0.09763863372365672,0.9015745842149743
0.8810417529722805,0.11730808201121781,0.0008250825082508255,0.0008250825082508255
0.030056438622754568,0.032668069174516964,0.8583142198007367,0.07896127240199169
0.04004050567892487,0.03239200791538163,0.8711743037055503,0.05639318270014327

0.064452875697744,0.016960023177845583,0.04666268335438649,0.8719244177700239
0.027830540833527158,0.03895130959195018,0.8499029337897823,0.0833152157847403
0.0009312751254315506,0.9392651805153677,0.05341130209018183,0.006392242269019147
0.9092621396453744,0.0005239366911889471,0.007133300258466539,0.08308062340497006

Transition Gammas
1.0,1.0,248.1974069255352,2291.802593074463
1067.8226046024033,142.17739539759592,1.0,1.0
19.078504670096965,20.736252825284105,544.8200984956961,50.12114120325993
32.68215224979951,26.439239875145326,711.0762151239237,46.02965301277209

41.45610142700124,10.908690007289596,30.01344646074805,560.8219448464164
5.636335576434057,7.888551405272198,172.12522641544066,16.873280242549182
1.219345603355009,1229.8072148283122,69.9329710357611,8.369548690239803
2078.3132897812707,1.197569480597425,16.30468495361881,189.89855204265413

Iteration: ,12500
Error:,0.022319468338260876
Absolute Error:,0.05517516707151699
Transition Probabilities
0.000313479623824452,0.000313479623824452,0.09540099615221666,0.9039720446001345
0.8821222401989282,0.11654885614658683,0.0006644518272425252,0.0006644518272425252
0.03198118035785376,0.03185326700999697,0.8595693060919783,0.07659624654017103
0.03965795085192,0.02886118777427769,0.8714988346651511,0.05998202670865128

0.06540639857313976,0.01646896978591495,0.04435534031866239,0.8737692913222829
0.027462933112413324,0.03363147297457695,0.8522500111600088,0.08665558275300089
0.0007511446849629464,0.9387959889697264,0.05433291178527949,0.006119954560031251
0.9107143617655947,0.0004212044811067391,0.006846608654156771,0.0820178250991419

Transition Gammas
1.0,1.0,304.3291777255706,2883.670822274424
1327.5939714993865,175.40602850061313,1.0,1.0
25.92773282237968,25.8240311118569,696.8686915646649,62.0979899199679
40.90638788664012,29.769741416344534,898.9337221855366,61.8702680814913

52.062510059345485,13.109052384033362,35.30618413340351,695.5072211802687
6.802539920777365,8.330480818186745,211.1014398814686,21.464497569237036
1.2235313476820622,1529.1945008428113,88.50228472749286,9.968726931692787
2602.363077748382,1.2035903196796973,19.564160089479365,234.3656460423405

Iteration: ,15000
Error:,0.023059621960593128
Absolute Error:,0.05730898705520802
Transition Probabilities
0.0002613012803762742,0.0002613012803762742,0.09286673679970427,0.9066106606395432
0.8798624544993178,0.11903379274130028,0.0005518763796909491,0.0005518763796909491
0.030367824086365465,0.0351524854622439,0.8549172552688404,0.07956243518255025
0.04532997456143782,0.029638291897199846,0.8640441137997168,0.060987619741645446

0.0665686924609672,0.019346805064085034,0.04451455381894779,0.869569948656
0.02635463994162908,0.029402692486026158,0.8556004943381684,0.08864217323417635
0.0006335245273457641,0.9391158243463231,0.053826414620490995,0.006424236505840084
0.9113558876216401,0.00035278842886797524,0.0067200120721318925,0.08157131187736

Transition Gammas
1.0,1.0,355.40100173246776,3469.5989982675273
1594.310767552764,215.68923244723615,1.0,1.0
29.56658309583088,34.22500339466413,832.3606589684731,77.4632171353925
56.846166414488216,37.167973062633884,1083.5566522532752,76.48167497553382

63.94375824728592,18.583922563907997,42.75925758273846,835.2810986721342
7.466895169831827,8.330480818186745,242.41193249572754,25.114432093613114
1.2262519985661167,1817.7554408421986,104.18657156110635,12.434771685245758
3124.311007650016,1.2094295836067166,23.03755094323717,279.6428388387106

Iteration: ,17500
Error:,0.023684676783446386
Absolute Error:,0.05477778685192358
Transition Probabilities
0.00022396416573348293,0.00022396416573348293,0.09074210584248366,0.9088099658260493
0.8842988216904653,0.1147492506560364,0.00047596382674916705,0.00047596382674916705
0.03212121773866639,0.03443364749764127,0.857714744107829,0.0757303906558635
0.04411345856901987,0.028379826008828636,0.8693781667236208,0.05812854869853089

0.06578613522674047,0.02069205170488493,0.04311869201915896,0.8704031210492157
0.02611738648762633,0.02892024330337097,0.8627043352409776,0.08225803496802518
0.0005444847420430251,0.9414039438767281,0.05218119372707245,0.005870377654156605
0.9131123325838328,0.0003026910137106732,0.006263715067583848,0.08032126133487257

Transition Gammas
1.0,1.0,405.16350258668905,4057.8364974133056
1857.9118243716675,241.0881756283325,1.0,1.0
36.21463812747136,38.821756188741595,967.0190379199287,85.38121795901752
64.3384168330297,41.39129269467849,1267.9671168535692,84.77908822799974

74.77492795529156,23.519342945852525,49.0102827616549,989.3320293735818
8.81975596009809,9.76627153575407,291.33243121967524,27.778269258255083
1.229827753641103,2126.3492035104723,117.86166867207771,13.259422727525866
3662.7757850924763,1.2141872098554312,25.125697086298683,322.19340441165866

Iteration: ,20000
Error:,0.02509975154146264
Absolute Error:,0.05368525419638537
Transition Probabilities
0.00019627085377821408,0.00019627085377821408,0.09181097915912832,0.9077964791333153
0.8793716460299281,0.11980598554901915,0.00041118421052631593,0.00041118421052631593
0.03075049863770633,0.03456476928271601,0.8598133917223533,0.07487134035722431
0.04509027661145034,0.029036704678795874,0.8703913733707628,0.05548164533899096

0.0632167831415409,0.02169284043766982,0.04171735914451611,0.8733730172762733
0.030273391920218395,0.03133805713237366,0.8636913009960359,0.07469724995137213
0.00047638394553979277,0.9435586807067383,0.04974793400572377,0.0062170013419981475
0.9137973887492822,0.0002676423296937213,0.005943139814292292,0.07999182910673176

Transition Gammas
1.0,1.0,467.77693881575846,4625.223061184238
2138.6318431447844,291.36815685521447,1.0,1.0
39.904737442563416,44.854493556025304,1115.7746757383852,97.16008882094314
75.6219033135961,48.698101648099794,1459.7526834713915,93.04949835767822

81.82839529733624,28.07941553244335,53.99933981448081,1130.5022012856596
11.70495130378288,12.116595116142944,333.938946990204,28.881060817746693
1.2323124554455382,2440.8024778440968,128.68821311446817,16.082171242326197
4157.129034765579,1.2175824897299417,27.037064653338017,363.90600303503237

Iteration: ,22500
Error:,0.02655695489813325
Absolute Error:,0.05354787193455421
Transition Probabilities
0.00017550017550017544,0.00017550017550017544,0.09313822190433893,0.9065107777446607
0.878996975851997,0.12028021966661528,0.0003614022406938923,0.0003614022406938923
0.03248927156179476,0.03385411400135943,0.8624425556867665,0.07121405875007913
0.046661441290982195,0.028836798804266445,0.8704279927130313,0.05407376719172011

0.06720477342375444,0.025051179883237153,0.04273490230080752,0.8650091443922009
0.0342360846297134,0.033572847077313304,0.8607470031201946,0.0714440651727787
0.0004203725766500079,0.9429090819674324,0.049697251492452174,0.006973293963465406
0.9103723042386166,0.00024154752444500803,0.005573750279795859,0.08381239795714268

Transition Gammas
1.0,1.0,530.7015884109234,5165.298411589079
2432.1846321824755,332.8153678175245,1.0,1.0
48.01561058331277,50.0326993001549,1274.5963179128057,105.24663523148764
88.92761338661845,54.9573186002101,1658.8661189047777,103.05406198656404

97.47358467648316,36.334149781262866,61.9825632294541,1254.6064481193973
14.922153656718326,14.633074669595175,375.1655359845649,31.1396390650214
1.234225458095473,2768.407023378589,145.91249857010996,20.47378305473563
4601.11334855725,1.2208055252344108,28.170295487341114,423.5963036438381

Iteration: ,25000
Error:,0.027056278260607785
Absolute Error:,0.053479000130576076
Transition Probabilities
0.00015840329478853144,0.00015840329478853144,0.0935350164147222,0.9061481769957007
0.8796035243024523,0.1197447976265148,0.00032583903551645487,0.00032583903551645487
0.03276690130193581,0.03395650746316835,0.862057575333838,0.07121901590105788
0.04718776164899109,0.030531089699919422,0.8660875276353805,0.05619362101570894

0.07055438548281635,0.026592913239573947,0.040793204730827155,0.8620594965467826
0.03150014752440497,0.030784392354859726,0.8699169663993417,0.06779849372139359
0.000379600337282272,0.9431031017811101,0.04969411352597693,0.006823184355630805
0.9111838166770746,0.0002184125965656848,0.005211116000147081,0.08338665472621264

Transition Gammas
1.0,1.0,590.4865586261418,5720.513441373864
2699.503216084226,367.4967839157739,1.0,1.0
54.346595209658496,56.319654667056774,1429.7932435655723,118.12258329646694
100.3489123964898,64.92703910087016,1841.811062895234,119.5006619405413

115.22724951829939,43.43072692513455,66.62220566452108,1407.8890210504112
15.395446244911263,15.04562660585358,425.1649895722299,33.13597387964568
1.2360811570622385,3070.9982547031404,161.81744670235966,22.21812992459365
5104.583635195148,1.223578981259277,29.193426143653394,467.1441100231326

Iteration: ,27500
Error:,0.028289442398946117
Absolute Error:,0.05324713460865048
Transition Probabilities
0.0001440092165898616,0.0001440092165898616,0.0950988041492434,0.9046131774175769
0.8787456379129259,0.12066404331493703,0.0002951593860684769,0.0002951593860684769
0.032908561521082416,0.034078687456803064,0.8608466494549362,0.07216610156717826
0.047994470280732456,0.03083134957720754,0.8679843342304142,0.05318984591164589

0.07099197605936416,0.02614554874435934,0.039925274227740955,0.8629372009685355
0.030571706583657172,0.030118187748651836,0.8730367341671968,0.06627337150049417
0.0003444150440281804,0.9414265721910796,0.051406889195358026,0.0068221235695341735
0.9113392951337149,0.0001993554816635204,0.0049861142546199985,0.0834752351300017

Transition Gammas
1.0,1.0,660.3660960123469,6281.63390398766
2977.190221248994,408.8097787510068,1.0,1.0
60.02289388132891,62.15712101315164,1570.1235392871606,131.62587654950988
112.11127253304073,72.01958506456118,2027.5424997946411,124.2472575717731

127.82723138800121,47.07733598395372,71.88893097821672,1553.7935325152725
16.232744617399284,15.99193845214067,463.55875844105725,35.18935757013458
1.23751262566906,3382.6259608203472,184.7093369719958,24.512471791105167
5606.356251813975,1.226390496849669,30.673463739480376,513.5210440739979

Iteration: ,30000
Error:,0.02832500918723213
Absolute Error:,0.05294566712093253
Transition Probabilities
0.00013182177695755313,0.00013182177695755313,0.09603659842078882,0.9036997580252961
0.8802654356504758,0.11919416986154804,0.0002701972439881113,0.0002701972439881113
0.03435850526160792,0.03455781128907451,0.8601982854054008,0.07088539804391673
0.04656262493837027,0.02941541632219617,0.8697614702283885,0.05426048851104512

0.07049678833921223,0.02729683600935474,0.03921833123055392,0.8629880444208791
0.02918272419268785,0.03194336465981637,0.8719975361055001,0.06687637504199574
0.00031621594815843394,0.9427730425875129,0.049700216590743,0.007210524873585529
0.9119166296417888,0.00018333384837829604,0.004871437325826932,0.08302859918400614

Transition Gammas
1.0,1.0,728.5336356201054,6855.4663643799095
3257.862377342411,441.13762265758936,1.0,1.0
68.65626999139685,69.0545297040494,1718.8758730700974,141.6454816498914
118.92324121945727,75.12842447103101,2221.413703893747,138.58396455151532

138.084806384479,53.46737637357089,76.8184736109628,1690.368310859548
16.701830802525862,18.281798103869836,499.0608557340479,38.274627593456344
1.2387729542150134,3693.304382406625,194.7001234118452,28.247162267151285
6111.71459423475,1.2287133717377121,32.64863654350888,556.4621642782068

Iteration: ,32500
Error:,0.027720262244195777
Absolute Error:,0.05287023422230301
Transition Probabilities
0.00012150668286755745,0.00012150668286755745,0.09532807870402543,0.9044289079302396
0.8798929197901189,0.11960733008494367,0.0002498750624687657,0.0002498750624687657
0.03518898070537679,0.03454930497852401,0.8596121049715021,0.070649609344597
0.048779362383276716,0.03093271367691809,0.8659715373003114,0.05431638663949389

0.06813144865598782,0.02675307823499547,0.03860499270147112,0.8665104804075456
0.03235661273450916,0.03233288198476257,0.8698475533318872,0.06546295194884111
0.00029265277587192803,0.9428167694511553,0.04993364876612881,0.00695692900684375
0.9131711609792772,0.000169521565589592,0.004666376950047602,0.08199294050508557

Transition Gammas
1.0,1.0,784.550087734131,7443.449912265888
3521.331465000054,478.66853499994437,1.0,1.0
75.91860396164459,74.53853306452442,1854.5734957305958,152.42327581991646
135.54091081929073,85.95127080462203,2406.2342182132693,150.92637865339833

144.50307780882625,56.74181632827217,81.87907895980976,1837.821356253966
20.172109825952578,20.157315345020095,542.2897792676861,40.81162225101221
1.2403000896542355,3995.7786841206384,211.62522329361374,29.48435956296063
6629.481844724303,1.230700430968761,33.877177240031756,595.2561071805027

Iteration: ,35000
Error:,0.028149277594011583
Absolute Error:,0.0533037317399006
Transition Probabilities
0.0001127268628114077,0.0001127268628114077,0.09419657184666663,0.9055779744277105
0.8803166982357232,0.11921840171778673,0.00023245002324500237,0.00023245002324500237
0.035503486379440154,0.03427496001598346,0.8593261518830749,0.0708954017215014
0.0488323089584397,0.03247768706170554,0.8635209198679527,0.05516908411190216

0.06733014505477623,0.02721701557585998,0.038547674271398935,0.8669051650979649
0.03264903263854441,0.03141305804559275,0.8670792461894158,0.06885866312644716
0.00027244063835645964,0.9424293884747601,0.050439652708925795,0.006858518177957505
0.9121102734731962,0.0001579388076011259,0.004685920088933123,0.08304586763026958

Transition Gammas
1.0,1.0,835.6177888517816,8033.382211148238
3787.1224358100803,512.8775641899184,1.0,1.0
83.67083570226426,80.77557560261917,2025.168359536231,167.0787326655581
147.12291860785783,97.8493995485127,2601.632417546341,166.2144765338327

151.60361333337815,61.28306870710514,86.79569456426735,1951.9630522004527
21.935206600249398,21.1048188105344,582.5459704891671,46.262595851383026
1.2416792679768278,4295.229376426999,229.88446742177968,31.258478478051632
7117.0982051364335,1.2323795014599122,36.56372965449197,647.9979588485123

Iteration: ,37500
Error:,0.029010301663607862
Absolute Error:,0.053689318439360534
Transition Probabilities
0.0001056077727320728,0.0001056077727320728,0.0943595238715701,0.9054292605829658
0.8804149434780435,0.11915046286702388,0.00021729682746631908,0.00021729682746631908
0.03750999572624454,0.03386387677621137,0.8591792681472182,0.06944685935032596
0.048820370058187866,0.031244570248425283,0.862813392126168,0.05712166756721874

0.0686280575145535,0.027140477657919798,0.037424789679861736,0.866806675147665
0.032238755905117114,0.03482396341748486,0.8648751976613992,0.06806208301599875
0.00025403408917440244,0.9409162204605408,0.051974860411556065,0.006854885038728613
0.9113955245772366,0.00014799607218019824,0.004536114379346165,0.08392036497123695

Transition Gammas
1.0,1.0,893.4903315398997,8573.509668460127
4051.6695698859544,548.3304301140437,1.0,1.0
95.15970105619229,85.90980425981076,2179.6654659004143,176.18083519120918
158.24472871484485,101.27511399198713,2796.694719966416,185.15227920518555

167.12455004594605,66.09308613536106,91.13766821222771,2110.8666164732335
23.255560396603233,25.120410566956046,623.8813139667823,49.096866112192245
1.2429445183077434,4603.73905804967,254.303932390753,33.53975763728339
7603.2658380043595,1.234648897676443,37.842278755715164,700.1009187472591

Iteration: ,40000
Error:,0.029067147074934643
Absolute Error:,0.05457286595820876
Transition Probabilities
9.880446596186124e-05,9.880446596186124e-05,0.09421540001176676,0.9055869910563095
0.878637068772127,0.12095601362868681,0.0002034587995930824,0.0002034587995930824
0.039238833478283434,0.033912168188243656,0.8552383989693907,0.07161059936408226
0.04928627367717702,0.03095439511784136,0.8631049739749638,0.056654357230017806

0.07049331458869681,0.027549227353984133,0.037762014521564254,0.8641954435357548
0.031575002667285273,0.0352077798567989,0.8665666228350971,0.06665059464081881
0.00023827949463004982,0.9386499176235356,0.054215637054756044,0.006896165827078419
0.9117674877739578,0.00013897577292017903,0.004384658148813927,0.08370887830430811

Transition Gammas
1.0,1.0,953.5540635190936,9165.44593648093
4318.501193015004,594.4988069849957,1.0,1.0
105.88663241651153,91.51253921406226,2307.8747748777196,193.2423708820807
170.55209211031965,107.11576375070955,2986.721211395191,196.04888809476725

182.2227010287604,71.2137689792124,97.61345912808099,2233.9143627540984
24.12744332124147,26.90336155828099,662.1705561468144,50.929795999338126
1.2439626496131992,4900.318596021274,283.03831861743686,36.00214415320743
8112.631533141399,1.2365644233351505,39.01336298682754,744.8162989375925

Iteration: ,42500
Error:,0.02920195852224096
Absolute Error:,0.05534146778422559
Transition Probabilities
9.297136481963544e-05,9.297136481963544e-05,0.09515404495105832,0.9046600123193024
0.8769609344246518,0.12265745901171529,0.00019080328181644732,0.00019080328181644732
0.0405375091382101,0.034615932604614125,0.8541958678007036,0.07065069045647218
0.049604852971936085,0.031010271372799013,0.8631526350473833,0.056232240607881734

0.07040755398948881,0.02911736695078749,0.038432217325180686,0.862042861734543
0.030103917999070754,0.0359487943518969,0.8653586423579915,0.0685886452910408
0.00022388325835646017,0.9374317177115739,0.05553989497700054,0.006804504053069067
0.9110799476374011,0.00013107465988730424,0.00426541544034647,0.08452356226236517

Transition Gammas
1.0,1.0,1023.4769074935846,9730.523092506428
4596.152257319599,642.8477426803996,1.0,1.0
115.78255515114897,98.86944736139151,2439.739941502617,201.79131964802392
181.84156692499369,113.67751337534018,3164.1466156799565,206.1362574670963

192.46107310054646,79.59315970623786,105.05557101361521,2356.418946933804
24.538804306397832,29.303176738634736,705.3854710980924,55.90911271050297
1.2451811198075307,5213.754188554371,308.89861586409523,37.84490202052188
8605.44605740875,1.2380427404624517,40.28823439647078,798.3525019017267

Iteration: ,45000
Error:,0.029040169649323447
Absolute Error:,0.05555590841112612
Transition Probabilities
8.78657411475264e-05,8.78657411475264e-05,0.09457301894940437,0.9052512495683005
0.8766811979622102,0.12295792148925133,0.00018044027426921696,0.00018044027426921696
0.03911159209918507,0.034919186331381,0.8546890339891877,0.07128018758024611
0.0490134989609554,0.031118556359496244,0.8641178940809818,0.05575005059856654

0.07001634584834991,0.029562067234160744,0.03863464487854798,0.8617869420389414
0.03128163795094773,0.03701160239085341,0.8611870277422908,0.07051973191590803
0.00021189628416535557,0.9374567660880209,0.05549845466401142,0.006832882963802285
0.9110198941209813,0.00012377409224102924,0.00408987664839873,0.08476645513837885

Transition Gammas
1.0,1.0,1076.3355286631734,10302.66447133685
4858.567199106567,681.4328008934307,1.0,1.0
118.24705335971628,105.57204828004734,2584.0027056886192,215.50317161513777
190.08426491552393,120.68405717247828,3351.224013359691,216.20997504123542

203.03455398159178,85.72456992631112,112.0333801501588,2499.023981957207
27.122734644821705,32.09089856486725,746.6919497516017,61.14411204996346
1.2463832590052895,5514.161911312939,326.44435019874373,40.191317985452514
9125.805696725592,1.239861306398896,40.96883049175833,849.1166923851225

Iteration: ,47500
Error:,0.03003053061437053
Absolute Error:,0.05556805091621877
Transition Probabilities
8.317391665973531e-05,8.317391665973531e-05,0.0948431501947969,0.9049905019718837
0.8772984425783313,0.1223597355108842,0.0001709109553922408,0.0001709109553922408
0.040709356514617746,0.035313033600947674,0.8520387576774557,0.07193885220697877
0.04905985354223734,0.030907945222542244,0.8642565443432219,0.05577565689199843

0.06917755509262259,0.030234778807486217,0.038304498379285935,0.8622831677206053
0.03049090167464138,0.03803605277770556,0.8627767575863737,0.06869628796127929
0.0002006964414569371,0.9369362197855571,0.05582425104730418,0.0070388327256817864
0.9115597069714234,0.00011751911173152758,0.0039697457032844006,0.08435302821356055

Transition Gammas
1.0,1.0,1140.299194792046,10880.700805207984
5133.073187525812,715.9268124741827,1.0,1.0
129.59852132970397,112.41928957304086,2712.4713472428875,229.01783939603254
201.36345106819053,126.85994894133697,3547.293108557521,228.92809387820117

211.42433738215348,92.40523269013971,117.06836383207134,2635.358348918512
27.991208098803938,34.91779547612766,792.0449195668317,63.06445484814101
1.2472767022424922,5822.817335186403,346.9333449361557,43.74453281778131
9627.874457573214,1.2412343870220421,41.92837064584192,890.9349102918964

Iteration: ,50000
Error:,0.029041049077285153
Absolute Error:,0.055877427370728774
Transition Probabilities
7.891414141414122e-05,7.891414141414122e-05,0.09534608674546192,0.9044960849717097
0.8761506067788088,0.12352492858783617,0.00016223231667748228,0.00016223231667748228
0.040456523389867285,0.03471136455358133,0.8518158863206483,0.07301622573590306
0.04984757633557571,0.030532827174425427,0.8634779833071862,0.056141613182812716

0.06776246448213603,0.02971256240303481,0.03854621951090138,0.8639787536039277
0.03185896312793637,0.03640500675148897,0.8606115723160468,0.07112445780452784
0.00019095787037893175,0.9377423259407127,0.055233207771774685,0.006833508417133631
0.9112845024458778,0.00011155551466091939,0.003889777950465219,0.08471416408899607

Transition Gammas
1.0,1.0,1208.2256112384964,11461.774388761534
5400.592340184574,761.4076598154217,1.0,1.0
134.98958095882276,115.81995097409799,2842.21826083286,243.6301710925808
215.23303670425227,131.8353588081586,3728.3455312516526,242.40957693640902

217.55500891959363,95.39376744953442,123.7546950749041,2773.849901757836
30.557466069890925,34.91779547612766,825.4540116323777,68.21889329459879
1.2479906991812206,6128.543948883983,360.97244616487814,44.659876707026065
10150.953233367738,1.242635871901614,43.328898886549986,943.6454977158047

Iteration: ,52450
Error:,0.029582881768250597
Absolute Error:,0.05575721993720964
Transition Probabilities
7.497375918428525e-05,7.497375918428525e-05,0.09492649963107651,0.9049235528505549
0.8767538948919135,0.12293588329949334,0.00015511090429657216,0.00015511090429657216
0.04053422658100271,0.034443100468833227,0.8521423841764262,0.0728802887737379
0.05132913506361936,0.030161561579436325,0.8632250347962845,0.05528426856065967

0.06754015481541396,0.0300977892154142,0.038233714404256415,0.8641283415649154
0.031680312847669416,0.03632012869980106,0.8613110676916528,0.0706884907608767
0.0001826723242988788,0.9382221300591366,0.055003660417262276,0.006591537199302198
0.9125755568764311,0.00010609312775678703,0.0037680484269575327,0.08355030156885458

*,*,*,*,*,*,*,*,*,*,*
Model Num 2
Model States: 
"['diamond', 'x', 'square']","['diamond', 'x', 'diamond']","['square', 'y', 'diamond', 'x', 'diamond']","['square', 'y', 'diamond', 'x', 'square']"
Iteration: ,52450
Error:,0.02916232695413146
Absolute Error:,0.05575721993720964
Transition Probabilities
7.497375918428525e-05,7.497375918428525e-05,0.09492649963107651,0.9049235528505549
0.8767538948919135,0.12293588329949334,0.00015511090429657216,0.00015511090429657216
0.04053422658100271,0.034443100468833227,0.8521423841764262,0.0728802887737379
0.05132913506361936,0.030161561579436325,0.8632250347962845,0.05528426856065967

0.06754015481541396,0.0300977892154142,0.038233714404256415,0.8641283415649154
0.031680312847669416,0.03632012869980106,0.8613110676916528,0.0706884907608767
0.0001826723242988788,0.9382221300591366,0.055003660417262276,0.006591537199302198
0.9125755568764311,0.00010609312775678703,0.0037680484269575327,0.08355030156885458

Transition Gammas
1.0,1.0,1266.1296520793028,12069.870347920743
5652.432360368162,792.567639631833,1.0,1.0
140.93309428239456,119.7549117176712,2962.8063269238755,253.3968321450889
231.8706681494033,136.24974251339228,3899.4727912992194,249.73731338786598

227.64238289792428,101.44383701342485,128.8657670064637,2912.5227109869647
31.708773929787103,36.352758117648676,862.0848556635177,70.75199616090208
1.2488155988281742,6414.0336292356305,376.0253743163574,45.062187205088755
10701.774286215672,1.2441541941556915,44.187906920116845,979.7944533991118

