0,1,2,3,4,5,6,7,8,9,10,11,12,13,14,15,16,17,18,19,20,21,22,23,24,25,26,27,28,29
github Code Version (SHA):,ddb97f21bb9c22f159e8ea0ce9d830001061547e
Environment Observations,Environment Actions,alpha,epsilon,numActions,explore,patience,gainThresh,insertRandActions,useBudd,revisedSplitting,haveControl,confidence_factor
"['diamond', 'square']","['x', 'y']",0.99,0.99,75000,0.5,0,0.01,False,True,False,False,250

Model Num 0
Model States: 
['diamond'],['square']
Iteration: ,0
Error:,0.6746650635160641
Absolute Error:,1
Transition Probabilities
0.5,0.5
0.5,0.5

0.5,0.5
0.5,0.5

Transition Gammas
1.0,1.0
1.0,1.0

1.0,1.0
1.0,1.0

Iteration: ,2438
Error:,0.1483440899867988
Absolute Error:,1
Transition Probabilities
0.4883720930232558,0.5116279069767442
0.0206794682422452,0.9793205317577548

0.034,0.966
0.9760319573901465,0.023968042609853527


Model Num 1
Model States: 
['square'],"['diamond', 'x', 'square']","['diamond', 'x', 'diamond']"
Iteration: ,0
Error:,0.7261954963895203
Absolute Error:,1
Transition Probabilities
0.3333333333333333,0.3333333333333333,0.3333333333333333
0.3333333333333333,0.3333333333333333,0.3333333333333333
0.3333333333333333,0.3333333333333333,0.3333333333333333

0.3333333333333333,0.3333333333333333,0.3333333333333333
0.3333333333333333,0.3333333333333333,0.3333333333333333
0.3333333333333333,0.3333333333333333,0.3333333333333333

Transition Gammas
1.0,1.0,1.0
1.0,1.0,1.0
1.0,1.0,1.0

1.0,1.0,1.0
1.0,1.0,1.0
1.0,1.0,1.0

Iteration: ,2500
Error:,0.1348580441278124
Absolute Error:,1
Transition Probabilities
0.9704697986577181,0.026518053882942486,0.0030121474593393953
0.9958592132505176,0.002070393374741201,0.002070393374741201
0.0033222591362126234,0.9697922380135263,0.02688550285026099

0.03292181069958848,0.4539306786954824,0.5131475106049291
0.9436956548033607,0.01669742323538351,0.03960692196125576
0.9496430159697594,0.02712053795447949,0.023236446075761107

Transition Gammas
723.0,19.755950142792152,2.2440498572078496
481.0,1.0,1.0
1.0,291.90746364207155,8.09253635792856

24.0,330.91546476900663,374.08453523099325
106.57222734661998,1.8856519854537424,4.472838112870532
56.90208355694955,1.6250476135174945,1.3923149793496878

Iteration: ,5000
Error:,0.11943557821878485
Absolute Error:,1
Transition Probabilities
0.9743762643290627,0.02200178231412419,0.003621953356813104
0.9979188345473465,0.001040582726326743,0.001040582726326743
0.001647446457990116,0.9816714766344412,0.01668107690756877

0.02142363510711818,0.44228097609777883,0.536295388795103
0.9362126438603364,0.016722183243484606,0.04706517289617896
0.9627969119080426,0.02550123432390278,0.011701853768054419

Transition Gammas
1445.0,32.62864317184617,5.371356828153833
959.0,1.0,1.0
1.0,595.8745863171056,10.125413682894239

31.0,639.9805724134859,776.0194275865139
176.91114144436395,3.1599023410412315,8.89365627984563
153.56534205026503,4.067426601829524,1.8664363733284306

Iteration: ,7500
Error:,0.12119946555714775
Absolute Error:,1
Transition Probabilities
0.9752633989922126,0.02132425068382338,0.00341235032396407
0.9986357435197817,0.0006821282401091405,0.0006821282401091405
0.0010810810810810813,0.9836262311235331,0.01529268779538584

0.022872827081427266,0.43537063857591357,0.5417565343426592
0.9317288801789221,0.029192927916280732,0.039078191904797145
0.9721770892318835,0.020375846298211486,0.007447064469904999

Transition Gammas
2129.0,46.55083924278644,7.449160757213566
1464.0,1.0,1.0
1.0,909.854263789268,14.1457362107319

50.0,951.720215926947,1184.2797840730532
243.48538876319424,7.628883845981617,10.212164665621465
243.6539508945723,5.1067398196992535,1.8664363733284306

Iteration: ,10000
Error:,0.11905015189462408
Absolute Error:,1
Transition Probabilities
0.9756775538568451,0.019978258285122372,0.004344187858032597
0.9989711934156379,0.00051440329218107,0.00051440329218107
0.0008032128514056222,0.9813863466367695,0.01781044051182495

0.02391527160915613,0.42964907590215595,0.5464356524886879
0.9399072647450035,0.02773034993982639,0.03236238531517018
0.977313898179923,0.016896714163899578,0.005789387656177369

Transition Gammas
2808.0,57.49742734458219,12.502572655417813
1942.0,1.0,1.0
1.0,1221.8260015627784,22.17399843722207

70.0,1257.5828451656107,1599.4171548343897
324.7755449208504,9.581944783665811,11.182498231380753
344.06793965168265,5.948567435788218,2.0381810658944666

Iteration: ,12500
Error:,0.11609045625929512
Absolute Error:,1
Transition Probabilities
0.9779310344827586,0.01832051442060063,0.0037484510966407504
0.9991725279271825,0.0004137360364087712,0.0004137360364087712
0.000641848523748395,0.9812608873799405,0.018097264096311055

0.02195389681668496,0.4245954422121955,0.5534506609711196
0.9403401002423672,0.03130604987287443,0.028353849884758395
0.9807574507290119,0.014613274411335664,0.004629274859652374

Transition Gammas
3545.0,66.41186477467728,13.58813522532272
2415.0,1.0,1.0
1.0,1528.8044625379482,28.195537462052638

80.0,1547.2257914212405,2016.77420857876
389.7807953062787,12.976684727368212,11.752966990589291
445.6049161518326,6.639507978172043,2.1033004991660795

Iteration: ,15000
Error:,0.12008139278071035
Absolute Error:,1
Transition Probabilities
0.9792865362485615,0.017339656393967687,0.003373807357470749
0.9993089149965446,0.0003455425017277125,0.0003455425017277125
0.0005385029617662895,0.9799590928571257,0.019502404181107977

0.023917995444191355,0.42217324650664534,0.5539087580491634
0.9455151709402076,0.029588544498945695,0.024896284560846662
0.9823573849899961,0.013640231457910585,0.0040023835520931975

Transition Gammas
4255.0,75.3408070317896,14.659192968210405
2892.0,1.0,1.0
1.0,1819.784035435683,36.215964564317524

105.0,1853.3405521641723,2431.659447835826
446.3561045023555,13.96807567594194,11.752966990589291
558.2011325089696,7.750735896964525,2.274258905822189

Iteration: ,17500
Error:,0.11188626067780524
Absolute Error:,1
Transition Probabilities
0.9793915603532876,0.01712114333214722,0.0034872963145652436
0.9994006592747977,0.00029967036260113877,0.00029967036260113877
0.00046168051708217906,0.9804949537906186,0.01904336569229922

0.022531347962382462,0.41734413504323903,0.5601245169943784
0.9467130459085624,0.03213464850283891,0.021152305588598857
0.983773427887985,0.012819912130989883,0.0034066599810250366

Transition Gammas
4990.0,87.23222527729008,17.767774722709916
3335.0,1.0,1.0
1.0,2123.7520699104803,41.247930089520125

115.0,2130.1244652606906,2858.8755347393053
526.027157253292,17.855144042152283,11.752966990589291
671.2185212204851,8.746894578371728,2.3243291696479838

Iteration: ,20000
Error:,0.11715532197160868
Absolute Error:,1
Transition Probabilities
0.9795356835769562,0.017023485512913793,0.0034408309101300587
0.9994763026970411,0.0002618486514794449,0.0002618486514794449
0.00040355125100887806,0.9825370041901322,0.01705944455885885

0.021265649116789586,0.416952437456176,0.5617819134270343
0.9446187349054959,0.029304339314857326,0.026076925779646917
0.9846842312386102,0.01220090719217475,0.003114861569215031

Transition Gammas
5696.0,98.99156825759371,20.00843174240629
3817.0,1.0,1.0
1.0,2434.726696383148,42.273303616852246

124.0,2431.2496628069607,3275.750337193035
601.7126406031284,18.666569631436477,16.610739645400876
771.5868510794782,9.560485749712228,2.440768475307

Iteration: ,22500
Error:,0.11266869418682475
Absolute Error:,1
Transition Probabilities
0.9795013002906532,0.017107690662969008,0.003391009046377787
0.9995332555425904,0.00023337222870478414,0.00023337222870478414
0.00035958288385472877,0.9819138713728303,0.017726545743315093

0.020871419865935416,0.4166410512368852,0.5624875288971792
0.9496361385021407,0.02670800213866861,0.02365585935919061
0.9843986631029004,0.012666438180991122,0.0029348987161084686

Transition Gammas
6403.0,111.83297386382841,22.167026136171593
4283.0,1.0,1.0
1.0,2730.702476287839,49.29752371215924

137.0,2734.831860318913,3692.1681396810827
682.896705939745,19.206100045325247,17.011261237431032
879.6343974562909,11.318417156453222,2.6225531997390092

Iteration: ,23714
Error:,0.11524436182865602
Absolute Error:,1
Transition Probabilities
0.979294254884806,0.017473457839578363,0.003232287275615572
0.99955879108758,0.00022060445621001543,0.00022060445621001543
0.00034083162917518763,0.9825126798800019,0.0171464884908229

0.02077322562031161,0.4161079770321338,0.5631187973475545
0.9491101608594253,0.02822471571688465,0.022665123423689898
0.984881012262327,0.01234973264312875,0.00276925509454406


Model Num 2
Model States: 
"['diamond', 'x', 'square']","['diamond', 'x', 'diamond']","['square', 'y', 'diamond', 'x', 'diamond']","['square', 'y', 'diamond', 'x', 'square']"
Iteration: ,0
Error:,0.6753807194698653
Absolute Error:,0.74
Transition Probabilities
0.25,0.25,0.25,0.25
0.25,0.25,0.25,0.25
0.25,0.25,0.25,0.25
0.25,0.25,0.25,0.25

0.25,0.25,0.25,0.25
0.25,0.25,0.25,0.25
0.25,0.25,0.25,0.25
0.25,0.25,0.25,0.25

Transition Gammas
1.0,1.0,1.0,1.0
1.0,1.0,1.0,1.0
1.0,1.0,1.0,1.0
1.0,1.0,1.0,1.0

1.0,1.0,1.0,1.0
1.0,1.0,1.0,1.0
1.0,1.0,1.0,1.0
1.0,1.0,1.0,1.0

Iteration: ,2500
Error:,0.028902777059333515
Absolute Error:,0.03224770397990984
Transition Probabilities
0.0015037593984962398,0.0015037593984962398,0.032002657409505725,0.9649898237935018
0.975668486070726,0.01636338643923418,0.003984063745019919,0.003984063745019919
0.013279380767743761,0.006153009851853009,0.9650449783745125,0.015522631005890747
0.006719162971854558,0.010252085935965325,0.9619039382309743,0.021124812861205797

0.04748221201052223,0.006365251138403011,0.016611304219142135,0.9295412326319326
0.014297311040827822,0.014297311040827822,0.914016837567266,0.05738854035107828
0.003822402457221566,0.9813198841869101,0.01037408124953226,0.004483632106335971
0.97466780697638,0.001857861531525223,0.004526523080992724,0.01894780841110192

Transition Gammas
1.0,1.0,21.281767177321317,641.718232822679
244.89279000375228,4.10720999624778,1.0,1.0
2.5336365459292756,1.1739621674216365,184.12554534277606,2.9616369839345955
1.4783090115041397,2.2556010457459186,211.63220270808324,4.647751713996536

8.230809259611757,1.1033851581748488,2.8794883555729096,161.1314271340681
1.0,1.0,63.92928257328757,4.013939417502905
1.2129257455218034,311.39268181298775,3.291906170141755,1.422747310385537
580.3256117785465,1.106186766573209,2.695130851152112,11.281688416638023

Iteration: ,5000
Error:,0.02627435505560942
Absolute Error:,0.027922186301052775
Transition Probabilities
0.0007230657989877074,0.0007230657989877074,0.027872874789086306,0.9706809936129382
0.9730576663433588,0.022843973000903527,0.002049180327868853,0.002049180327868853
0.019773502585478338,0.003973583274161191,0.959989344731561,0.016263569408799663
0.01488793208273593,0.008216744763458026,0.949457433792875,0.027437889360931077

0.03232830726781703,0.004419893601197932,0.01644860877401431,0.9468031903569708
0.008938377021535077,0.008938377021535077,0.9457449581773831,0.036378287779546686
0.002055827682226248,0.9839539571976501,0.010773721349443531,0.003216493770680186
0.9794042745612285,0.0008885473457396579,0.002491996431919942,0.017215181661112022

Transition Gammas
1.0,1.0,38.548185833306384,1342.4518141666945
474.852141175559,11.147858824440918,1.0,1.0
7.156244421511045,1.4380827582872935,347.4305254341001,5.885961647536042
6.482459330941161,3.57771068982819,413.4099461777643,11.946924591048571

10.83925909980526,1.4819325843468678,5.515003642345371,317.45074098011787
1.0,1.0,105.80723501579942,4.069898561215432
1.216688209735294,582.3275895129311,6.376147112994647,1.9035982837023184
1225.0019458036502,1.111361524287183,3.1168951957099504,21.53210025724384

Iteration: ,7500
Error:,0.028747707974649102
Absolute Error:,0.02802892213973858
Transition Probabilities
0.0004705882352941172,0.0004705882352941172,0.0234136283659273,0.9756451951634845
0.9757058613696703,0.021465284316326837,0.0014144271570014151,0.0014144271570014151
0.02475056834865486,0.002861912806357145,0.9570913545673526,0.015296164277635483
0.020048724651703913,0.00587931910617332,0.9466232043947271,0.027448751847395658

0.04121150017952242,0.005841517348305683,0.013882388141054327,0.9390645943311176
0.006480034056405826,0.006480034056405826,0.9573520736978867,0.029687858189301735
0.0014310469434810436,0.9843112017051462,0.011745479298756037,0.002512272052616679
0.9770839076203962,0.0005735840261010085,0.0017423834191633198,0.02060012493433951

Transition Gammas
1.0,1.0,49.75396027759556,2073.2460397224063
689.8240439883566,15.175956011643066,1.0,1.0
12.656963433133248,1.4635270280913282,489.43806486711696,7.82216348335909
12.988735078481135,3.80896638756758,613.2778136578895,17.78290500640355

20.631363254570697,2.9243892080069323,6.949822048005711,470.1159307658058
1.0,1.0,147.73874108755615,4.5814355188386475
1.2187528228607285,838.2897997276452,10.003051343927345,2.1395794665356855
1897.8360157996044,1.1140992235487217,3.3843132410946484,40.01259126821062

Iteration: ,10000
Error:,0.027333667713291356
Absolute Error:,0.027394953153505784
Transition Probabilities
0.00035829451809387303,0.00035829451809387303,0.021102426582538737,0.9781809843812734
0.977533983796174,0.020347372136029492,0.0010593220338983055,0.0010593220338983055
0.026366948505085894,0.0022299286021073557,0.9599557573279617,0.011447365564845192
0.02015238935322114,0.004750697452802079,0.9489648780465123,0.026132035147464486

0.04096295391368366,0.012611459514391929,0.011440267066788292,0.9349853195051361
0.004587878587830336,0.004587878587830336,0.9617038945868482,0.029120348237491135
0.0010616229102710796,0.9825817248605085,0.01420661391416414,0.0021500383150563226
0.9766524361854643,0.0004342309311539271,0.0015703422195021586,0.02134299066387949

Transition Gammas
1.0,1.0,58.89687259186563,2730.103127408135
922.7920807035878,19.20791929641183,1.0,1.0
18.05062498758342,1.5265932247700906,657.1788683417926,7.836784862189857
17.51850648026228,4.12978940878671,824.9367890930457,22.716622781016525

28.334213485755335,8.723389113995836,7.913271344822448,646.7325013896524
1.0,1.0,209.61842737901438,6.347236022054914
1.2211291208000221,1130.2121932228315,16.34112243689134,2.4730762419969703
2509.6578656346032,1.1158228162811297,4.0352346002475965,54.84408005469762

Iteration: ,12500
Error:,0.027016221629929952
Absolute Error:,0.0258345657350929
Transition Probabilities
0.00028686173264486504,0.00028686173264486504,0.01893579553473328,0.980490480999977
0.9794127637801358,0.018888000875768945,0.0008496176720475789,0.0008496176720475789
0.02431416217539697,0.002911835402308955,0.9614954761271816,0.01127852629511247
0.01865136169738613,0.004805647422259898,0.9529372121933866,0.023605778686967588

0.03910930139482289,0.01541007898445033,0.010045286922673403,0.9354353326980533
0.005503834528966683,0.005374303077397051,0.9634472612082076,0.02567460118542877
0.0008558731300562569,0.9832809642640052,0.014058885934342987,0.0018042766715954278
0.9769168922849927,0.00034691929093237666,0.0017152272590390488,0.02102096116503582

Transition Gammas
1.0,1.0,66.01018323408024,3417.989816765921
1152.7688229692194,22.231177030780042,1.0,1.0
20.986795697568816,2.513353914988782,829.9158727351197,9.735072317840151
20.31926547157504,5.235393925654971,1038.1539163981606,25.716732729008342

34.0884571500037,13.431736144720425,8.755675008512782,815.344332882872
1.4770909113799526,1.4423279240763942,258.56503963460005,6.890417919490356
1.2222346938083883,1404.1802062483705,20.076875347306785,2.576607989910962
3145.5410491340785,1.117033474374535,5.5228011661068726,67.68466873596026

Iteration: ,15000
Error:,0.026881756944970435
Absolute Error:,0.025513385377357325
Transition Probabilities
0.00023849272597185775,0.00023849272597185775,0.01839173055790583,0.9811312839901505
0.9806620957180024,0.017918457866099816,0.0007097232079489003,0.0007097232079489003
0.02743715276557858,0.002419004636632098,0.9582555471072726,0.011888295490516806
0.01840456611274779,0.005482236209997396,0.953556677283114,0.022556520394140765

0.03628222324281766,0.017225571675603915,0.009631755100674098,0.9368604499809043
0.004332667409704128,0.006956148201215912,0.9664923819167752,0.022218802472304695
0.0007080646496761991,0.9833320250230294,0.014423775671180868,0.0015361346561133871
0.9772917694342331,0.00029087954403270535,0.0014601711733638288,0.020957179848370384

Transition Gammas
1.0,1.0,77.11652622929918,4113.883473770703
1381.7528928666648,25.247107133334627,1.0,1.0
28.66782077026852,2.5275068429264236,1001.2372096805503,12.421533943335918
24.197849246846395,7.207902893903849,1253.711746523516,29.656731741846208

36.91432552990073,17.5256724489108,9.799557784291766,953.1822621572801
1.4770909113799526,2.371486734295556,329.49612288489027,7.5748235648276685
1.2234919078059274,1699.1369020502214,24.923391983723544,2.654345647554146
3755.4738631456353,1.1177731759379739,5.611051733773529,80.53290084634627

Iteration: ,17500
Error:,0.027368796889580466
Absolute Error:,0.025482622000558664
Transition Probabilities
0.00020546537908362422,0.00020546537908362422,0.01977100719057234,0.9798180620512605
0.9792292500977942,0.019558628690084665,0.0006060606060606063,0.0006060606060606063
0.02568010342668111,0.002069637906802157,0.9598133187942545,0.01243693987226221
0.018787241673984222,0.005496482690729705,0.9531681611350338,0.022548114500252264

0.035125269499753524,0.016117396201699472,0.009980718125762997,0.938776616172784
0.0057089070862626195,0.00587938980732092,0.9679743007394338,0.02043740236698265
0.0006028876423578273,0.982418481932067,0.015630959373096005,0.001347671052479077
0.9777756724224748,0.00025053508714938897,0.0012713769913511271,0.020702415499024563

Transition Gammas
1.0,1.0,96.22549199651566,4768.774508003489
1615.7282626613596,32.27173733863968,1.0,1.0
31.54561591343282,2.5423574587331683,1179.0412912364936,15.277622594822494
28.798504132799014,8.425424137915446,1461.0882057109561,34.56345427873722

41.97224243947601,19.259162150359217,11.92626069096884,1121.7724530424314
2.302721518062922,2.371486734295556,390.43817276483657,8.243547406298797
1.2243498307213663,1995.104589218243,31.743497656739095,2.7368629061922607
4365.3937834576,1.1185431820678335,5.676211191391946,92.42835393735328

Iteration: ,20000
Error:,0.02700175212639822
Absolute Error:,0.025206105366792984
Transition Probabilities
0.00018005041411595234,0.00018005041411595234,0.01986637757452413,0.979773521597244
0.9801717355500263,0.01876500022881471,0.0005316321105794794,0.0005316321105794794
0.026433490983644857,0.0018154919600059756,0.9595257841444214,0.01222523291192779
0.018597631199930822,0.0049506517315052985,0.9549076110793879,0.021544105989176023

0.035232328744439025,0.016483602150140005,0.010604891747171507,0.9376791773582496
0.004932480863600771,0.007090443829095094,0.9690154333297437,0.01896164197756039
0.0005279110977523793,0.9833302140107569,0.014950129281715642,0.0011917456097749702
0.9774001121398836,0.00021914583381632208,0.0013699083052020756,0.021010833721097827

Transition Gammas
1.0,1.0,110.33786104890709,5441.6621389510965
1843.7030345695985,35.29696543040045,1.0,1.0
37.255565453421696,2.558768328708928,1352.3630184736612,17.230337272343462
32.39463299420181,8.6233856452009,1663.323746542615,37.52700541293336

48.33084537461197,22.611801578991045,14.547530677430542,1286.2853222283215
2.302721518062922,3.310163390264953,452.38344584970946,8.852214982068617
1.2251524014373965,2282.068663133722,34.69558959695294,2.7657497672139035
4992.109895954173,1.1192960508838359,6.996861082793026,107.3136677994658

Iteration: ,22500
Error:,0.025562541528573464
Absolute Error:,0.02488784072259159
Transition Probabilities
0.00015994881637875866,0.00015994881637875866,0.02070621990879494,0.9789738824584475
0.9796327245539226,0.019426983955715356,0.0004701457451810061,0.0004701457451810061
0.025288200162801887,0.00222328195116234,0.961012082637623,0.011476435248412648
0.018818174590959455,0.004443307911209477,0.954650136473495,0.022088381024336207

0.03494213866470979,0.01678457918753608,0.010466475458722634,0.9378068066890315
0.006068659647927734,0.0063641152910117165,0.9696530167370044,0.017914208324056102
0.0004691355962249906,0.984431484840298,0.014034305733811654,0.0010650738296653806
0.9782948347697893,0.00019540318588779726,0.0012292213735958556,0.020280540670727015

Transition Gammas
1.0,1.0,129.45528686978608,6120.544713130219
2083.6788051261933,41.32119487380656,1.0,1.0
40.1497531410096,3.529876421704968,1525.7866370491827,18.22098999518105
37.02031120335687,8.741158227128855,1878.0485307833453,43.45366951224343

53.837088013382164,25.860834554457217,16.12621842836004,1444.9255117362918
3.156488227502728,3.310163390264953,504.34502998335023,9.31770620868864
1.2257186859357037,2572.041166139733,36.66767331340522,2.78273681516989
5606.838372550322,1.1199017329086671,7.044957533132721,116.23256058124609

Iteration: ,25000
Error:,0.02556434903514254
Absolute Error:,0.02493099256396509
Transition Probabilities
0.0001438021282714984,0.0001438021282714984,0.02194136886992369,0.9777710268735333
0.9786109233338607,0.020539458994091795,0.00042480883602378947,0.00042480883602378947
0.02349364093863248,0.0025849732830529686,0.9624034670025131,0.011517918775801333
0.0200633923207794,0.004064642273654661,0.9513847633365864,0.024487202068979506

0.03429523931303722,0.015316525263833468,0.010163034841924547,0.9402252005812048
0.0054894657404064295,0.005756723046733223,0.970934178904907,0.01781963230795346
0.0004242071805729264,0.9848931766146575,0.013715373897083277,0.0009672423076862902
0.9778197618517269,0.0001749382592332569,0.0012209780301534491,0.020784321858886217

Transition Gammas
1.0,1.0,152.58027912144937,6799.419720878552
2303.6501135279073,48.34988647209207,1.0,1.0
41.067618898582346,4.518614118975117,1682.3113502403844,20.133682132326335
43.60941136097639,8.83482982902338,2067.911988340097,53.22492084249868

59.11746549127744,26.402327899392766,17.51884149488141,1620.741886127
3.156488227502728,3.310163390264953,558.2951876053531,10.24643603920514
1.2262478405431114,2847.012465367136,39.64677731486073,2.795989425450915
6262.760896477849,1.1204482993360474,7.820146167042889,133.11986858512734

Iteration: ,27500
Error:,0.02550843074169655
Absolute Error:,0.025216900721104357
Transition Probabilities
0.00013049719431032234,0.00013049719431032234,0.021887369950290402,0.9778516356610889
0.9801260425890156,0.01910026302026866,0.00038684719535783365,0.00038684719535783365
0.022418379422375217,0.002361820465641353,0.9632184850767267,0.01200131503525664
0.020915803410181257,0.004170867206715,0.9486311095542501,0.02628221982885375

0.03561251468376858,0.014783008467937009,0.009781696663872259,0.9398227801844221
0.006539213134673278,0.005305626131902817,0.9700878147576443,0.018067345975779702
0.00038657156777218094,0.9847394520317175,0.013737256195571184,0.0011367202049391905
0.9775914398061686,0.0001589734888990098,0.001117260063543235,0.021132326641389143

Transition Gammas
1.0,1.0,167.72291592907533,7493.277084070924
2533.6258200926054,49.374179907394485,1.0,1.0
42.9981221665555,4.529936932718676,1847.4388944045063,23.01834581005636
50.22675773423267,10.015830261215607,2278.022220057037,63.11355400381646

67.27382081370118,27.925842125737265,18.478114069244512,1775.3722215965304
4.079794426029809,3.310163390264953,605.2347244077737,11.272160103529183
1.2267447417344821,3124.9684287964296,43.59375652196924,3.607263571578286
6893.480200902378,1.1210006077906973,7.878352667266905,149.0144751372839

Iteration: ,30000
Error:,0.025599371322734214
Absolute Error:,0.025356131522157065
Transition Probabilities
0.00011978917105893628,0.00011978917105893628,0.02262389473325867,0.9771365269246235
0.9792746672753573,0.020015609516693858,0.0003548616039744499,0.0003548616039744499
0.021479353875353942,0.0021692634094519158,0.9635887516293653,0.01276263108582889
0.020329673792973804,0.003879513707146068,0.9497103087854356,0.026080503714444533

0.03360332499739105,0.015301526455558635,0.009563210350011947,0.9415319381970383
0.006896828424178058,0.005436949733249433,0.9683644887744064,0.01930173306816602
0.000355543402358207,0.9841602226317842,0.014322290757702761,0.0011619432081547837
0.9775752729452322,0.0001453940314790801,0.001027325057989893,0.021252007965298785

Transition Gammas
1.0,1.0,188.86427323324338,8157.135726766757
2759.5960123819573,56.4039876180433,1.0,1.0
44.96246821736697,4.540892508619357,2017.0685240890994,26.715859233782716
53.05085932215742,10.123700852854736,2478.2959383043235,68.05781281567776

69.9179148642849,31.83764773564564,19.898022803793864,1959.03083703701
4.630723981586312,3.6505204955041304,650.187069372924,12.959724776042416
1.2271965756884797,3396.9356402955586,49.43493834308209,4.010572877275393
7540.393790972161,1.1214770693884843,7.924131985497849,163.924470413858

Iteration: ,32500
Error:,0.025128402297913806
Absolute Error:,0.025235329092026117
Transition Probabilities
0.00011054609772275047,0.00011054609772275047,0.022995227317964384,0.9767836804865901
0.9783131730923091,0.02103387228803687,0.00032647730982696686,0.00032647730982696686
0.020341272108242815,0.0020136451693131595,0.9640959698258336,0.013549112896610462
0.020424369301659074,0.00393535130589766,0.9505314227968003,0.02510885659564307

0.03170039386696301,0.01423244194328563,0.009555181759247898,0.9445119824305035
0.008266307452671786,0.0067456896311810545,0.9665929381129127,0.018395064803234423
0.0003270022998161178,0.9849081292795359,0.013691955697283025,0.0010729127233650357
0.9770027573925997,0.00013443467783428803,0.0009552721612781696,0.021907535768287825

Transition Gammas
1.0,1.0,208.01482631830564,8835.985173681687
2996.573249181745,64.42675081825698,1.0,1.0
45.870807597951135,4.540892508619357,2174.0951353735763,30.55407486297208
57.84522345627549,11.145571856170088,2692.0636687384053,71.11247348962542

70.913057438729,31.83764773564564,21.37472347424675,2112.8517438221597
6.081521946542299,4.962803497386353,711.1223723727472,13.533248182388862
1.2277476483249274,3697.8903213189324,51.407180982400405,4.028308283183483
8153.306543899442,1.1218874565293178,7.971959858680802,182.823286207488

Iteration: ,35000
Error:,0.02440071015996292
Absolute Error:,0.024761564599248775
Transition Probabilities
0.00010298661174047384,0.00010298661174047384,0.023188879768650406,0.9766051470078686
0.9781166023394884,0.02127935054483664,0.00030202355783751105,0.00030202355783751105
0.020117602462986755,0.0018382059338258256,0.9652867801756315,0.012757411427555921
0.019211026723436577,0.003962930954709053,0.9519717695758936,0.024854272745960786

0.03004772082521016,0.013603322598982859,0.009153013948105184,0.9471959426277017
0.008287646436010477,0.006638326816850453,0.9666351856162491,0.018438841130890088
0.00030176251378070756,0.9841553296278955,0.014530141178276817,0.001012766680046878
0.9768728157869412,0.00012561609117445522,0.0009795388903563037,0.02202202923152806

Transition Gammas
1.0,1.0,225.16402255359523,9482.835977446395
3238.544070346049,70.45592965395419,1.0,1.0
49.69621119948723,4.540892508619357,2384.5334345352785,31.514441834161037
58.82073610334428,12.133787498111225,2914.767703058011,76.09934852920657

71.90571847198247,32.55344026843264,21.90362616689337,2266.6878857330175
6.6450106094700905,5.322590975337948,775.0452572394156,14.784208748181115
1.228274322208932,4005.8412335650887,59.142532595408994,4.122298995674322
8727.230987737446,1.1222347738001341,8.751049286518354,196.74141077150114

Iteration: ,37500
Error:,0.024755135435650267
Absolute Error:,0.024284461141513433
Transition Probabilities
9.596928982725531e-05,9.596928982725531e-05,0.022870786505274795,0.9769372749150707
0.9775786761680034,0.021857148937779437,0.00028208744710860343,0.00028208744710860343
0.020576017580429595,0.0020719887993331204,0.964713295047261,0.012638698572976184
0.01853906656366719,0.004003435304826696,0.9530233671872433,0.024434130944262843

0.02914229974968124,0.013228836342248196,0.0092973733823451,0.9483314905257254
0.00761938847599737,0.006103058478513345,0.9688742120431604,0.017403341002328945
0.0002811716370423783,0.9843304784837992,0.01444060617025093,0.0009477437089075725
0.9768431472405791,0.00011731160357376165,0.0009180400343214658,0.02212150112152565

Transition Gammas
1.0,1.0,238.31359538496326,10179.686404615033
3465.5164070155747,77.48359298442817,1.0,1.0
54.465821463810556,5.484665415859192,2553.647803148479,33.45531259000148
60.76992080538497,13.123014882561378,3123.9520258885123,80.09357954090764

73.8924420938144,33.542686465532434,23.574173286959653,2404.5641679387136
6.6450106094700905,5.322590975337948,844.9732466785694,15.177777844640454
1.2287956248212721,4301.788751035437,63.10933018858137,4.141894734503338
9347.169100316272,1.1225255550297275,8.784496739218593,211.67514182787392

Iteration: ,40000
Error:,0.024074690204407154
Absolute Error:,0.024145703540349533
Transition Probabilities
8.999280057595403e-05,8.999280057595403e-05,0.023079515446201095,0.976740498952647
0.9784976796298751,0.020974755083920698,0.0002637826431020836,0.0002637826431020836
0.020950261754941846,0.002276012959278352,0.9649412086907695,0.011832516595010424
0.01894935821252622,0.003776142847220135,0.9533060997571982,0.02396839918305543

0.028162824153249732,0.013396986044413244,0.009297480969816559,0.9491427088325205
0.008398018920024213,0.006494106209105317,0.9682012766244048,0.01690659824646565
0.0002625549999270848,0.9831926553593985,0.015581183464311265,0.0009636061763630116
0.9776270743975201,0.00011038814994001479,0.0008650562600055416,0.021397481192534477

Transition Gammas
1.0,1.0,256.45957563818627,10853.540424361801
3709.4847034768604,79.51529652314345,1.0,1.0
59.26057083412507,6.438002005434886,2729.463121619329,33.46982944779546
66.46727791262757,13.245300091379766,3343.8420846611607,84.07220084993877

75.88016517041817,36.09600757026925,25.050555577079532,2557.3111959440757
7.831851091175513,6.056294143219733,902.9282140253272,15.766808956446866
1.2291360687496244,4602.75963347705,72.94241052392381,4.5110666632386165
9944.058003007449,1.1228270928612234,8.799029661347133,217.64719868049065

Iteration: ,42314
Error:,0.024890011434402073
Absolute Error:,0.024031264729380806
Transition Probabilities
8.517162081594416e-05,8.517162081594416e-05,0.022877031779244668,0.9769526249791235
0.9781895724721799,0.021312171424182822,0.00024912805181863444,0.00024912805181863444
0.02100055079426631,0.0027931971924609845,0.9637779804753962,0.012428271537876432
0.01913579066189567,0.0035985554175329724,0.9538497831556926,0.023415870764878745

0.028329257401402907,0.013088786366792256,0.00910087582612311,0.9494810804056817
0.007828925149922608,0.0060540315413562555,0.9695175809881516,0.016599462320569643
0.0002472732327524489,0.9823823472413767,0.016451547702929864,0.0009188318229410736
0.9780446099365961,0.00010467848043135444,0.0008217224369002545,0.021028989146072246


Model Num 3
Model States: 
"['diamond', 'x', 'square']","['diamond', 'x', 'diamond']","['square', 'y', 'diamond', 'x', 'diamond']","['square', 'x', 'square', 'y', 'diamond', 'x', 'diamond']","['square', 'x', 'square', 'y', 'diamond', 'x', 'square']"
Iteration: ,0
Error:,0.6483144024987644
Absolute Error:,1
Transition Probabilities
0.2,0.2,0.2,0.2,0.2
0.2,0.2,0.2,0.2,0.2
0.2,0.2,0.2,0.2,0.2
0.2,0.2,0.2,0.2,0.2
0.2,0.2,0.2,0.2,0.2

0.2,0.2,0.2,0.2,0.2
0.2,0.2,0.2,0.2,0.2
0.2,0.2,0.2,0.2,0.2
0.2,0.2,0.2,0.2,0.2
0.2,0.2,0.2,0.2,0.2

Transition Gammas
1.0,1.0,1.0,1.0,1.0
1.0,1.0,1.0,1.0,1.0
1.0,1.0,1.0,1.0,1.0
1.0,1.0,1.0,1.0,1.0
1.0,1.0,1.0,1.0,1.0

1.0,1.0,1.0,1.0,1.0
1.0,1.0,1.0,1.0,1.0
1.0,1.0,1.0,1.0,1.0
1.0,1.0,1.0,1.0,1.0
1.0,1.0,1.0,1.0,1.0

Iteration: ,2500
Error:,0.32443916167005193
Absolute Error:,1
Transition Probabilities
0.0021097046413502104,0.0021097046413502104,0.39240506329113917,0.5839452812349349,0.01943024619122541
0.9653637054826227,0.026963660246277537,0.0025575447570332466,0.0025575447570332466,0.0025575447570332466
0.2,0.2,0.2,0.2,0.2
0.01200056456231476,0.010964168854247565,0.7033964843149316,0.25124118583820826,0.022397596430297755
0.09696944946446515,0.051040613652225515,0.7234700406707575,0.07899117244710306,0.0495287237654487

0.04643914612111812,0.031349894904114,0.3962298654180725,0.5085066342205024,0.017474459336193102
0.03237851376415054,0.01900026732933624,0.34136892986280154,0.5907335275109902,0.016518761532721544
0.33275399415184376,0.6344591206022546,0.005464480874316941,0.010675803486455812,0.016646600885128888
0.2,0.2,0.2,0.2,0.2
0.2,0.2,0.2,0.2,0.2

Transition Gammas
1.0,1.0,186.0,276.79006330535924,9.209936694640845
377.4572088437057,10.542791156294523,1.0,1.0,1.0
1.0,1.0,1.0,1.0,1.0
6.793756949975923,6.207032841452098,398.20666178570553,142.23260443667704,12.679722326475344
2.4126086668939286,1.269895080780771,18.0,1.9653075098031845,1.2322791237512976

5.95763744910961,4.021850604644649,50.83198296785421,65.23587146179433,2.2417831084302566
2.71066393575762,1.5906640988694778,28.578719014329813,49.4550207069683,1.3829174333414094
243.57592371914959,464.4240762808503,4.0,7.814688152085654,12.185311847914344
1.0,1.0,1.0,1.0,1.0
1.0,1.0,1.0,1.0,1.0

Iteration: ,5000
Error:,0.31118922824042444
Absolute Error:,1
Transition Probabilities
0.001051524710830704,0.001051524710830704,0.40168243953732896,0.5801080515452588,0.016106459495750756
0.9711672647731905,0.025006204614564653,0.0012755102040816323,0.0012755102040816323,0.0012755102040816323
0.2,0.2,0.2,0.2,0.2
0.010437105726114186,0.007239280283520474,0.6930894141461027,0.2724432712803762,0.01679092856388648
0.06328386899465739,0.03330994994416283,0.8131446950988802,0.057938220402316866,0.03232326555998271

0.029564890652764474,0.02593901439174098,0.3769127284100244,0.5538015300614315,0.013781836484038622
0.023698289370861735,0.010998588497762819,0.378165410108364,0.5759092026117089,0.011228509411302622
0.3153157852184231,0.6458029050953559,0.00954979536152797,0.01572085960824034,0.01361065471645271
0.2,0.2,0.2,0.2,0.2
0.2,0.2,0.2,0.2,0.2

Transition Gammas
1.0,1.0,382.0,551.6827570195413,15.317242980458976
761.3951355821815,19.604864417818693,1.0,1.0,1.0
1.0,1.0,1.0,1.0,1.0
12.15706187159039,8.432258963549755,807.3053115900115,317.3398634036011,19.55794669415702
2.4126086668939286,1.269895080780771,31.0,2.208813318585833,1.2322791237512976

6.94253558608084,6.091094081746117,88.50802326876656,130.04569762269688,3.236301170727946
3.9437373694007913,1.8303238596884297,62.932181995079596,95.8396029425739,1.8685860179625449
462.2529411302081,946.7470588697914,14.0,23.04678018568033,19.953219814319667
1.0,1.0,1.0,1.0,1.0
1.0,1.0,1.0,1.0,1.0

Iteration: ,7500
Error:,0.31227967093285414
Absolute Error:,1
Transition Probabilities
0.000707714083510262,0.000707714083510262,0.40622788393489034,0.5757962333071124,0.016560454590976763
0.9761901054095317,0.02122813899666454,0.0008605851979345953,0.0008605851979345953,0.0008605851979345953
0.2,0.2,0.2,0.2,0.2
0.009265921316985391,0.0061090006182240985,0.6914082075812898,0.28004932401119914,0.01316754647230149
0.04541501027649821,0.023904539072216152,0.8659052341913707,0.04157876117206705,0.02319645528784792

0.02154265763593363,0.022619232923005394,0.4064685633592036,0.531906991073523,0.017462555008334223
0.014792139940920084,0.008360879024195075,0.40126797522426266,0.5647359965349948,0.01084300927562731
0.316782866494724,0.6502897541638235,0.008119079837618405,0.0137161102805236,0.011092189223310414
0.2,0.2,0.2,0.2,0.2
0.2,0.2,0.2,0.2,0.2

Transition Gammas
1.0,1.0,574.0,813.6000776629496,23.399922337050164
1134.332902485876,24.6670975141242,1.0,1.0,1.0
1.0,1.0,1.0,1.0,1.0
16.171369164089693,10.661746505429539,1206.68166557627,488.75668676757977,22.98068888180157
2.4126086668939286,1.269895080780771,46.0,2.208813318585833,1.2322791237512976

7.643981678999093,8.02598291160064,144.2272492055124,188.73656924833426,6.19623877462395
3.9437373694007913,2.2290967487092597,106.98218887572821,150.5644526266105,2.89085832393707
702.307615018803,1441.6923849811965,18.0,30.408616491920814,24.591383508079183
1.0,1.0,1.0,1.0,1.0
1.0,1.0,1.0,1.0,1.0

Iteration: ,10000
Error:,0.30941319180091187
Absolute Error:,1
Transition Probabilities
0.0005243838489774513,0.0005243838489774513,0.40954378605138947,0.5749988188416899,0.014408627408965697
0.978775659774874,0.019277552424996194,0.0006489292667099285,0.0006489292667099285,0.0006489292667099285
0.2,0.2,0.2,0.2,0.2
0.008984856261362867,0.005789052775239193,0.6916391641315462,0.2822443532847135,0.011342573547138149
0.04012748437849978,0.02112140925116078,0.8815174633350482,0.03673787761472553,0.020495765420565658

0.023515110255565432,0.023278640108143404,0.41791481588075063,0.5216278305082783,0.013663603247262296
0.015861059378571917,0.006435149682810132,0.40902640756268016,0.5607203737096473,0.00795700966629042
0.31813911772747405,0.650874018008464,0.008083529808016167,0.01261245521669706,0.01029087923934875
0.2,0.2,0.2,0.2,0.2
0.2,0.2,0.2,0.2,0.2

Transition Gammas
1.0,1.0,781.0,1096.522747531103,27.477252468897593
1508.293291713081,29.706708286919138,1.0,1.0,1.0
1.0,1.0,1.0,1.0,1.0
20.92353692264772,13.481290737031815,1610.658775932438,657.2781996031339,26.41408493444207
2.4126086668939286,1.269895080780771,53.0,2.208813318585833,1.2322791237512976

10.689663448950533,10.582167193811054,189.97864281916512,237.12523110198907,6.211296422845945
5.777599570233872,2.344087942323939,148.9932507119345,204.24977379146037,2.8984454651506084
944.5550405328704,1932.4449594671296,24.0,37.44637953837357,30.553620461626437
1.0,1.0,1.0,1.0,1.0
1.0,1.0,1.0,1.0,1.0

Iteration: ,12500
Error:,0.30359125275344834
Absolute Error:,1
Transition Probabilities
0.0004166666666666664,0.0004166666666666664,0.4120833333333331,0.5726917817450883,0.01439155158824535
0.980380436709181,0.018060311731567403,0.0005197505197505197,0.0005197505197505197,0.0005197505197505197
0.2,0.2,0.2,0.2,0.2
0.009814643241862625,0.005723522085027943,0.6878489633122533,0.2864254289254559,0.010187442435400302
0.03299357242530522,0.017366419964917282,0.9025814297822394,0.030206573988049306,0.016852003839488656

0.022509815300296,0.02752994983885286,0.4053485708871304,0.5317784244442226,0.012833239529498105
0.012752821691795126,0.005174075356893254,0.4048413848006194,0.5697387546056165,0.0074929635450757355
0.32014636119419954,0.6514829281870487,0.007295325587679005,0.011279296013627062,0.009796089017445626
0.2,0.2,0.2,0.2,0.2
0.2,0.2,0.2,0.2,0.2

Transition Gammas
1.0,1.0,989.0,1374.4602761882127,34.53972381178886
1886.2519602284647,34.748039771535694,1.0,1.0,1.0
1.0,1.0,1.0,1.0,1.0
28.7320603921911,16.755431466080807,2013.656275380114,838.5014634707828,29.82341834366483
2.4126086668939286,1.269895080780771,66.0,2.208813318585833,1.2322791237512976

12.647813128860918,15.468525901416305,227.7572209383629,298.79561642792197,7.210739548132527
5.777599570233872,2.344087942323939,183.41128476232132,258.11718091164175,3.394648180932405
1184.8616827797325,2411.1383172202673,27.0,41.74467454643376,36.25532545356626
1.0,1.0,1.0,1.0,1.0
1.0,1.0,1.0,1.0,1.0

Iteration: ,15000
Error:,0.30707893629556127
Absolute Error:,1
Transition Probabilities
0.00034818941504178257,0.00034818941504178257,0.4073816155988856,0.5784802192286862,0.013441786342344574
0.9784944365977967,0.020209667073909483,0.0004319654427645785,0.0004319654427645785,0.0004319654427645785
0.2,0.2,0.2,0.2,0.2
0.009359874620539076,0.005675785983640891,0.6818528363186697,0.2932367564377682,0.009874746639382237
0.028679333458884897,0.015095587187124416,0.9153198803588756,0.026256762889650332,0.014648436105464646

0.021867889304437553,0.029545228399828035,0.4140958762079486,0.5220963041305802,0.01239470195720564
0.011762265788186283,0.004389678023891458,0.4246643130649307,0.5530405372880383,0.006143205834953244
0.31718458015548634,0.655757922663003,0.007215332581736189,0.01058291020634263,0.009259254393431894
0.2,0.2,0.2,0.2,0.2
0.2,0.2,0.2,0.2,0.2

Transition Gammas
1.0,1.0,1170.0,1661.3951896247877,38.60481037521363
2265.214620723901,46.78537927610049,1.0,1.0,1.0
1.0,1.0,1.0,1.0,1.0
