0,1,2,3,4,5,6,7,8,9,10,11,12,13,14,15,16,17,18,19,20,21,22,23,24,25,26,27,28,29
github Code Version (SHA):,528ca1c557fe8e6666681dc5c9134b0f84d30530
Environment Observations,Environment Actions,alpha,epsilon,numActions,explore,patience,gainThresh,insertRandActions,useUpdatedPosterior,revisedSplitting,haveControl,confidence_factor
"['diamond', 'square']","['x', 'y']",0.9,0.99,75000,0.5,0,0.01,False,True,False,False,250

Model Num 0
Model States: 
['diamond'],['square']
Iteration: ,0
Error:,0.5607564979370392
Absolute Error:,1
Transition Probabilities
0.5,0.5
0.5,0.5

0.5,0.5
0.5,0.5

Transition Gammas
1.0,1.0
1.0,1.0

1.0,1.0
1.0,1.0

Iteration: ,2500
Error:,0.0953881666256208
Absolute Error:,1
Transition Probabilities
0.4869215291750503,0.5130784708249497
0.06521739130434782,0.9347826086956522

0.08875739644970414,0.9112426035502958
0.9263888888888889,0.07361111111111111

Transition Gammas
242.0,255.0
51.0,731.0

45.0,462.0
667.0,53.0

Iteration: ,2505
Error:,0.09783091956774814
Absolute Error:,1
Transition Probabilities
0.486,0.514
0.06521739130434782,0.9347826086956522

0.08875739644970414,0.9112426035502958
0.9265927977839336,0.07340720221606649


Model Num 1
Model States: 
['square'],"['diamond', 'x', 'square']","['diamond', 'x', 'diamond']"
Iteration: ,0
Error:,0.6202959025542862
Absolute Error:,1
Transition Probabilities
0.3333333333333333,0.3333333333333333,0.3333333333333333
0.3333333333333333,0.3333333333333333,0.3333333333333333
0.3333333333333333,0.3333333333333333,0.3333333333333333

0.3333333333333333,0.3333333333333333,0.3333333333333333
0.3333333333333333,0.3333333333333333,0.3333333333333333
0.3333333333333333,0.3333333333333333,0.3333333333333333

Transition Gammas
1.0,1.0,1.0
1.0,1.0,1.0
1.0,1.0,1.0

1.0,1.0,1.0
1.0,1.0,1.0
1.0,1.0,1.0

Iteration: ,2500
Error:,0.09042828291948111
Absolute Error:,1
Transition Probabilities
0.9135285913528591,0.044975307245307655,0.04149610140183321
0.9956896551724138,0.0021551724137931034,0.0021551724137931034
0.003003003003003003,0.8867740691481008,0.11022292784889617

0.07334273624823694,0.38863306735357034,0.5380241963981927
0.9011890562480485,0.07482871468082303,0.023982229071128545
0.8434236237512219,0.09352569198182595,0.06305068426695214

Transition Gammas
655.0,32.24729529488559,29.752704705114414
462.0,1.0,1.0
1.0,295.29576502631755,36.704234973682425

52.0,275.5408447536814,381.4591552463187
85.63545303737894,7.110595537606346,2.2789103319814528
84.54657418674502,9.375213869798433,6.320334414148762

Iteration: ,5000
Error:,0.07683584881069984
Absolute Error:,1
Transition Probabilities
0.9286713286713286,0.036302044153680574,0.035026627174990756
0.9978563772775991,0.0010718113612004287,0.0010718113612004287
0.0014947683109118096,0.8866058925045511,0.11189933918453715

0.0762237762237762,0.39079475146791365,0.5329814723083102
0.9109588694371196,0.06576942712483606,0.023271703438044467
0.8621844640734069,0.07353911968931713,0.064276416237276

Transition Gammas
1328.0,51.911923139763225,50.08807686023678
931.0,1.0,1.0
1.0,593.1393420855443,74.8606579144553

109.0,558.8364945991167,762.1635054008838
156.06889949800393,11.267865604436997,3.9869957545544468
170.6058228023176,14.551644741404052,12.718775779298978

Iteration: ,7500
Error:,0.08554654097427847
Absolute Error:,1
Transition Probabilities
0.922509225092251,0.0449804939370846,0.032510280970664475
0.9986033519553073,0.0006983240223463687,0.0006983240223463687
0.0010070493454179253,0.8863586469259973,0.11263430372858468

0.07782466010314107,0.39111398883874987,0.531061351058109
0.8899325055753384,0.08757990439715306,0.022487590027508563
0.887708740525932,0.06133215114804861,0.050959108326019485

Transition Gammas
2000.0,97.51771085559942,70.48228914440058
1430.0,1.0,1.0
1.0,880.1541363975156,111.84586360248461

166.0,834.246138193054,1132.7538618069473
211.44900771608465,20.809088065251988,5.343077781127602
254.8310899255733,17.606381700463455,14.628632707459024

Iteration: ,10000
Error:,0.08353014148878155
Absolute Error:,1
Transition Probabilities
0.9195323246217332,0.045316812654658645,0.03515086272360821
0.9989395546129375,0.0005302226935312832,0.0005302226935312832
0.0007479431563201188,0.8869245376658034,0.1123275191778765

0.07310149041873666,0.38601814994588163,0.5408803596353817
0.8964248562149671,0.0829522875588124,0.020622856226220454
0.9003755799014633,0.05948508763640162,0.04013933246213497

Transition Gammas
2674.0,131.78129119974733,102.21870880025268
1884.0,1.0,1.0
1.0,1185.8181068591805,150.18189314082107

206.0,1087.799146547495,1524.2008534525064
291.01931270864645,26.929995911655674,6.695094857571287
347.55423528579666,22.96185570319527,15.494195211609826

Iteration: ,12500
Error:,0.0770169128777575
Absolute Error:,1
Transition Probabilities
0.9219701162147206,0.04388929090427333,0.034140592881006133
0.9991474850809889,0.00042625745950554135,0.00042625745950554135
0.0005984440454817467,0.8864893063703171,0.11291224958420114

0.07368718238283453,0.38878222386431727,0.5375305937528482
0.9055784555493332,0.0705341198625342,0.023887424588132644
0.90631408227606,0.05310459429196104,0.04058132343197887

Transition Gammas
3332.0,158.61589732804381,123.38410267195616
2344.0,1.0,1.0
1.0,1481.3236309448018,188.67636905520035

261.0,1377.0666369274122,1903.9333630725891
377.06211431418893,29.368790968557576,9.946176132534285
438.38584169172196,25.68679304630694,19.629263163399905

Iteration: ,15000
Error:,0.07967026753749978
Absolute Error:,1
Transition Probabilities
0.9191330692146353,0.04558560751354559,0.03528132327181912
0.9993002099370188,0.0003498950314905528,0.0003498950314905528
0.0005070993914807297,0.8899568722291415,0.1095360283793778

0.07374562427071178,0.4001368082951717,0.5261175674341166
0.9008490041607137,0.07498980589467835,0.024161189944608006
0.9086624855246639,0.04852707102537925,0.042810443449956666

Transition Gammas
3944.0,195.6078418406241,151.39215815937584
2856.0,1.0,1.0
1.0,1754.9949520358691,216.00504796413327

316.0,1714.5862235448105,2254.4137764551897
448.88843092183845,37.367035038859854,12.039396828266563
529.4061360846998,28.272906140963933,24.942277041213814

Iteration: ,17500
Error:,0.08124171160184443
Absolute Error:,1
Transition Probabilities
0.9197095017147469,0.04525869813368472,0.03503180015156844
0.9993986770895971,0.0003006614552014432,0.0003006614552014432
0.00043290043290043247,0.8886600401702016,0.1109070593968979

0.07709119809258894,0.3981631582924966,0.5247456436149145
0.9044268228479838,0.06881496515246847,0.02675821199954775
0.9112429467260408,0.043803029678402605,0.044954023595556544

Transition Gammas
4559.0,224.34736664867518,173.65263335132477
3324.0,1.0,1.0
1.0,2052.8046927931678,256.1953072068344

388.0,2003.9551756861347,2641.044824313864
521.0348182454306,39.64388489482976,15.415243968389502
627.9114464120662,30.183414666106017,30.976531647618195

Iteration: ,20000
Error:,0.08026975776035306
Absolute Error:,1
Transition Probabilities
0.9186543253826984,0.046359462205631176,0.03498621241167035
0.999475890985325,0.0002620545073375262,0.0002620545073375262
0.00037850113550340597,0.8888713926111977,0.1107501062532989

0.0774160027710426,0.40083978365482603,0.5217442135741313
0.9069907793307739,0.06420897343940127,0.028800247229824744
0.9090255713794234,0.04285199526264462,0.048122433357932044

Transition Gammas
5161.0,260.44745867123595,196.55254132876405
3814.0,1.0,1.0
1.0,2348.3982192787876,292.6017807212161

447.0,2314.4489108229654,3012.551089177034
606.2192960327953,42.91633340103305,19.24966162734002
711.5591321127251,33.54331222180646,37.668859923666695

Iteration: ,22500
Error:,0.07957070863316054
Absolute Error:,1
Transition Probabilities
0.9192380352644837,0.046476565339015986,0.034285399396500396
0.9995315062075427,0.00023424689622862497,0.00023424689622862497
0.0003378378378378375,0.8892536725324854,0.11040848962967671

0.07827426810477658,0.3990801304387007,0.5226456014565226
0.9072176004876863,0.06419748707933773,0.028584912432975833
0.9127767523756937,0.04205274038067126,0.04517050724363515

Transition Gammas
5839.0,295.21914303342953,217.7808569665705
4267.0,1.0,1.0
1.0,2632.19087069616,326.8091293038434

508.0,2590.030046547168,3391.9699534528318
676.0789284355387,47.841408995506036,21.302118650168666
811.6797782764658,37.39507924501996,40.167529693020256

Iteration: ,22605
Error:,0.07975645292758034
Absolute Error:,1
Transition Probabilities
0.919228356336261,0.046615298468229226,0.0341563451955098
0.9995337995337995,0.0002331002331002331,0.0002331002331002331
0.00033636057854019466,0.8890342817714557,0.11062935765000406

0.07832618025751073,0.399389078481578,0.5222847412609112
0.9078765505088742,0.06374155000836851,0.028381899482757142
0.9131650283552827,0.041865541790726074,0.04496942985399127


Model Num 2
Model States: 
"['diamond', 'x', 'square']","['diamond', 'x', 'diamond']","['square', 'y', 'diamond', 'x', 'diamond']","['square', 'y', 'diamond', 'x', 'square']"
Iteration: ,0
Error:,0.5623375568527592
Absolute Error:,0.65
Transition Probabilities
0.25,0.25,0.25,0.25
0.25,0.25,0.25,0.25
0.25,0.25,0.25,0.25
0.25,0.25,0.25,0.25

0.25,0.25,0.25,0.25
0.25,0.25,0.25,0.25
0.25,0.25,0.25,0.25
0.25,0.25,0.25,0.25

Transition Gammas
1.0,1.0,1.0,1.0
1.0,1.0,1.0,1.0
1.0,1.0,1.0,1.0
1.0,1.0,1.0,1.0

1.0,1.0,1.0,1.0
1.0,1.0,1.0,1.0
1.0,1.0,1.0,1.0
1.0,1.0,1.0,1.0

Iteration: ,2500
Error:,0.032972574223572616
Absolute Error:,0.09488066590549034
Transition Probabilities
0.0016638935108153063,0.0016638935108153063,0.12470901231446767,0.8719632006639016
0.8332618624072028,0.16064057661718745,0.003048780487804877,0.003048780487804877
0.032379363127734456,0.015584031970518346,0.8862994921430462,0.06573711275870113
0.024624158791530817,0.06716092018657327,0.7269463756523984,0.18126854536949744

0.026228813648945568,0.02269267184661196,0.10181931812192564,0.8492591963825168
0.04790076171128772,0.046430029865326815,0.7419162093834213,0.1637529990399642
0.003698535599645566,0.9605814492270907,0.016406520634857848,0.019313494538405883
0.9099238614407129,0.002459955493459892,0.02516210914130619,0.06245407392452105

Transition Gammas
1.0,1.0,74.95011640099514,524.0498835990054
273.3098908695626,52.6901091304375,1.0,1.0
4.240845715561656,2.0410986761113854,116.08194358646418,8.609834353330506
4.975564577425771,13.570554766831865,146.8869928514323,36.627174190095374

4.164139432000864,3.602734417144771,16.16504060022538,134.83010535583156
2.7883667293543026,2.7027534822874433,43.18792437335917,9.532278778928594
1.2293506265424763,319.28620791579505,5.453338457463384,6.419583094938788
479.8731462871835,1.2973245701063023,13.26992399313713,32.93685793134351

Iteration: ,5000
Error:,0.02449613926431225
Absolute Error:,0.0766855620609868
Transition Probabilities
0.0008257638315441772,0.0008257638315441772,0.11770250309769736,0.8806459692392142
0.8581406134616019,0.13871966911296638,0.001569858712715855,0.001569858712715855
0.028458020315029513,0.014897902421070437,0.8877803082504386,0.06886376901346143
0.02899904017350113,0.05507023113516853,0.7832924212570086,0.13263830743432173

0.0317390128120363,0.029342623130713556,0.0925147781064044,0.8464035859508456
0.04054525294523892,0.042484566476326514,0.7839353384660956,0.13303484211233896
0.0018869012025718905,0.9470422084086464,0.02227630617496206,0.028794584213819526
0.913482026798957,0.0012474702367294007,0.020550827784613698,0.06471967517970002

Transition Gammas
1.0,1.0,142.5377312513117,1066.46226874869
546.6355707750406,88.36442922495962,1.0,1.0
8.455393240917832,4.426436626318845,263.77560823639897,20.460672970741914
11.85183634447009,22.50706792228836,320.1296846743523,54.20894978984744

10.055169747305836,9.295974583641058,29.30941184287411,268.1473359573621
4.295166154428798,4.500607562151755,83.04628257191939,14.093061695100252
1.2488740388201391,626.8141787902582,14.743909445178769,19.058130141760465
974.3240585314628,1.3305573928001253,21.9196058005121,69.03029806606295

Iteration: ,7500
Error:,0.023182666602273
Absolute Error:,0.06948824759793276
Transition Probabilities
0.0005341880341880338,0.0005341880341880338,0.11217025810455954,0.8867613658270643
0.8672947191106669,0.13060001773143834,0.0010526315789473684,0.0010526315789473684
0.03308492049857222,0.02014023089639315,0.8769820243922987,0.06979282421273596
0.03284577253163828,0.052235302597197567,0.8079417934039905,0.1069771314671737

0.035027926900164416,0.030266909868836414,0.0801925659026501,0.8545125973283492
0.04219468616733936,0.04521932516687137,0.7904795248492257,0.12210646381656355
0.0012800888159148773,0.9444347228437991,0.022365992803590872,0.03191919553669512
0.9118659087480202,0.0008217832700825895,0.017556794190281687,0.06975551379161551

Transition Gammas
1.0,1.0,209.9827231717356,1660.0172768282657
823.9299831551335,124.07001684486642,1.0,1.0
14.056434031003032,8.55676310228814,372.5939124677002,29.652125941365064
20.464586328600387,32.54524941896976,503.3888170440755,66.6521921500628

16.23593706070952,14.029138665648217,37.17038283319348,396.0786142825191
6.22995503276025,6.676536502348309,116.71260865877167,18.02875783385701
1.257840087067726,928.0198680297067,21.97725812901379,31.364420338532344
1494.3489951996485,1.3467232321535842,28.77174977754801,114.31404655455837

Iteration: ,10000
Error:,0.024261168568116217
Absolute Error:,0.07011484325463692
Transition Probabilities
0.00039541320680110657,0.00039541320680110657,0.11026976282373731,0.8889394107626604
0.8564588081879708,0.14196141298106563,0.0007898894154818325,0.0007898894154818325
0.03808551770830718,0.021573436813831285,0.870486034516728,0.06985501096113342
0.03424095744857016,0.0502972676114868,0.8183894759006469,0.09707229903929597

0.03672530266527016,0.03420768947718199,0.07532663435948724,0.8537403734980606
0.037058990703965726,0.050132749178332,0.7938250814689303,0.118983178648772
0.0009823213129108149,0.9493354816134106,0.02117585515341045,0.028506341920268134
0.9174565871523499,0.0006153200898376416,0.01535152242641679,0.06657657033139579

Transition Gammas
1.0,1.0,278.87223018123206,2248.1277698187714
1084.276851165971,179.72314883402908,1.0,1.0
22.593706445451012,12.798142908921875,516.4037963030191,41.4405187685123
28.147171503623902,41.345976372027664,672.7425472706313,79.79656098735128

22.37331072396033,20.839563196997023,45.889511426918475,520.104594588548
7.312424279701625,9.89211862860035,156.63637053527066,23.477581766258158
1.2652857507058302,1222.7981229131294,27.275706464340406,36.71779056649484
2022.3824167773885,1.356372113736741,33.839910749688215,146.75711863977227

Iteration: ,12500
Error:,0.022664788635804487
Absolute Error:,0.06519349861994793
Transition Probabilities
0.00031575623618566417,0.00031575623618566417,0.1038344211344373,0.8955340663931914
0.8619706182783089,0.1367382261374432,0.0006455777921239511,0.0006455777921239511
0.037670079015152784,0.021982546324889055,0.8715161933637883,0.06883118129616986
0.04039990530394528,0.046055768759048536,0.8177576439622045,0.09578668197480175

0.03860944521943382,0.03342714902776436,0.06773415534747765,0.8602292504053243
0.029549408503939122,0.047355909408595964,0.8170464407889496,0.10604824129851526
0.0007929105336778916,0.944809027735075,0.020140652325812903,0.034257409405434223
0.9198013909286598,0.0004913119993764312,0.012851633437668536,0.06685566363429549

Transition Gammas
1.0,1.0,328.84361173276346,2836.1563882672417
1335.1924877131,211.80751228689945,1.0,1.0
27.609838847343948,16.11184731628305,638.7674855140531,50.44900018646422
42.64504266780743,48.615218502418045,863.2027564502315,101.10981966643905

29.725178737273595,25.73536019180199,52.14811719979317,662.2853055256649
7.511999146064715,12.038736781857033,207.70812264088525,26.959399135516204
1.2711231139921855,1514.6331678706313,32.28768898235042,54.918408914000395
2555.9466674205764,1.365259152524295,35.71215479763006,185.77870434805865

Iteration: ,15000
Error:,0.023968863483883177
Absolute Error:,0.06467030025915044
Transition Probabilities
0.00026150627615062716,0.00026150627615062716,0.10100977868747082,0.8984672087602279
0.8636896342249106,0.1352316171235252,0.0005393743257820929,0.0005393743257820929
0.038114161453948685,0.02577302637598995,0.8690017665898766,0.06711104558018473
0.04202530735312749,0.04369738348516863,0.8240103143648241,0.09026699479687984

0.0410457949406063,0.03882682124523824,0.06826514306564577,0.8518622407485097
0.03541492849314469,0.048008041635693305,0.8147877890349743,0.10178924083618789
0.0006655713011374299,0.9430809640615561,0.019989271895436745,0.036264192741869754
0.9205239613078654,0.000408904737959152,0.012380108689084846,0.06668702526509071

Transition Gammas
1.0,1.0,386.2613937008891,3435.7386062991172
1601.2805818529837,250.7194181470156,1.0,1.0
33.33100208756434,22.538625098151645,759.9458729087031,58.68890498967068
53.15713612396588,55.27211836106617,1042.2774087096154,114.17727155687234

37.6671510550126,35.63082997775066,62.64596554571549,781.7420456045785
10.680415168954376,14.47823948640486,245.72326506807565,30.697544739462415
1.2746189332303366,1806.0707399908906,38.28095408541629,69.44864748240853
3088.757633009918,1.3720529650860913,41.54064078524763,223.76392898846552

Iteration: ,17500
Error:,0.02529075502897897
Absolute Error:,0.06414730614376113
Transition Probabilities
0.00022391401701746496,0.00022391401701746496,0.09846326436563449,0.9010889076003306
0.8689518657118414,0.13011355484890624,0.0004672897196261685,0.0004672897196261685
0.03715890202897484,0.027761361570225008,0.866073825701021,0.06900591069977917
0.04848831252456498,0.04431060364660424,0.820127496736646,0.08707358709218478

0.04465642654762385,0.03944151308853094,0.06629076064612158,0.8496112997177238
0.04078787863543308,0.04428240147608795,0.8220548797330783,0.09287484015540058
0.0005718708506500256,0.9428906707615008,0.01892433350352833,0.037613124884320906
0.9184758710206511,0.00035115368197951197,0.011011056169930436,0.07016191912743891

Transition Gammas
1.0,1.0,439.7369386569243,4024.263061343082
1859.5569926233393,278.4430073766592,1.0,1.0
37.485701384078745,28.005512892319555,873.690637615721,69.61279319317096
72.66052901213432,66.40016396071019,1228.9744614249553,130.48119374946342

48.087840549276315,42.47221148339714,71.3845637523488,914.8957018788427
14.685088084620109,15.943240688912537,295.96901636323275,33.43824817950326
1.278728727616904,2108.345592950269,42.315653743250714,84.10462479483473
3602.9288643488376,1.377479557759563,43.19335254558553,275.2259602872842

Iteration: ,20000
Error:,0.025983338146578206
Absolute Error:,0.06319996424906826
Transition Probabilities
0.00019630938358853545,0.00019630938358853545,0.09553214677903463,0.9040752344537883
0.8657578349912499,0.13342683683916182,0.00040766408479413007,0.00040766408479413007
0.03526685354686816,0.03031943406703273,0.8661692697453821,0.06824444264071687
0.04535396727612773,0.0422011463273659,0.8296350753920222,0.0828098110044843

0.04459236252045871,0.040393787492403924,0.06590329408151128,0.8491105559056262
0.04170185662153201,0.045029409690146044,0.8236264793680632,0.08964225432025874
0.0005042078326406453,0.944566824357743,0.01790181000932928,0.037027157800287105
0.9184538864516516,0.0003078971594167352,0.00985977459992565,0.0713784417890059

Transition Gammas
1.0,1.0,486.64075569240254,4605.3592443075995
2123.703969233534,327.29603076646356,1.0,1.0
41.78649157610245,35.924463024481135,1026.2944168124804,80.8605118041602
77.72095917460267,72.3181182995878,1421.7065826190938,141.907275743962

55.11701751964713,49.92749805266043,81.45773870641176,1049.5169742239145
16.927943593846145,18.278689944596,334.33289821302105,36.38828454402766
1.2815311549907553,2400.7794703337336,45.50053722396583,94.11090671343474
4123.132304653814,1.3822149845833485,44.262598013077934,320.4328094610272

Iteration: ,22500
Error:,0.0272763622288936
Absolute Error:,0.06283429567792113
Transition Probabilities
0.00017494751574527616,0.00017494751574527616,0.09667654659112489,0.9029735583773845
0.866737185350406,0.13254131392809332,0.0003607503607503612,0.0003607503607503612
0.03775100722418341,0.03340495814306905,0.8622973050401453,0.06654672959260223
0.045483877193313746,0.04173281929364726,0.8288412270095855,0.08394207650345344

0.04405669889079918,0.03755570725078553,0.06441047564743738,0.8539771182109779
0.04191196870339389,0.04816636644293898,0.8224743084000625,0.0874473564536047
0.00044777390564362135,0.9440936804292067,0.01858323773951954,0.036875307925630096
0.9179406240000246,0.0002756434363316333,0.009287106397634337,0.07249662616600944

Transition Gammas
1.0,1.0,552.6031403148706,5161.396859685137
2402.5954777913225,367.4045222086742,1.0,1.0
50.675134438030895,44.841207407902104,1157.5063838420886,89.32912567048342
88.671189022611,81.35847109747817,1615.8327223850579,163.6457617927605

61.77686631758474,52.66109274425577,90.31719224780089,1197.4576306944648
18.779754356515223,21.582200932762298,368.53113690760995,39.18307643688279
1.2836066576668705,2706.376853109086,53.2714554886062,105.70823837717526
4616.563170902089,1.3862828413937578,46.70728393383176,364.6044696379479

Iteration: ,25000
Error:,0.02712415395426442
Absolute Error:,0.06219076521565193
Transition Probabilities
0.00015873015873015854,0.00015873015873015854,0.09566637694646123,0.9040161627360785
0.8633636027237543,0.1359924822730261,0.00032195750160978793,0.00032195750160978793
0.038927437296651234,0.03373731073759273,0.8603207486548423,0.06701450331091381
0.0451635889160791,0.04152424571130744,0.8334873958388002,0.07982476953381343

0.04459551959633075,0.036949537615539374,0.06447922383201002,0.8539757189561199
0.037171652708205154,0.0464377527590069,0.829823909517947,0.08656668501484091
0.0004006563223043339,0.9442544880301359,0.017692063635470198,0.03765279201208959
0.9170913177900771,0.0002509887928100953,0.00886408517872324,0.07379360823838962

Transition Gammas
1.0,1.0,602.6981747627065,5695.301825237301
2681.6073500599773,422.3926499400185,1.0,1.0
58.42517639309526,50.635450668161205,1291.2329961963094,100.5803219718403
98.68681769759036,90.73450017792578,1821.2507167936544,174.42485568127682

70.0143604072097,58.01027248726079,101.23150614715425,1340.7302865223096
18.779754356515223,23.461146495921994,419.24122401128056,43.73496903132552
1.2863769389322632,3031.6935744311318,56.803453223692664,120.89084992392506
5081.336811365157,1.390656052899162,49.11332322528072,408.8689650761902

Iteration: ,27500
Error:,0.028079793985937216
Absolute Error:,0.06107184071975177
Transition Probabilities
0.00014394702749388194,0.00014394702749388194,0.09624978668945722,0.903462319255555
0.8675269974699494,0.13188563101756892,0.0002936857562408228,0.0002936857562408228
0.039642624657986104,0.032752863731582156,0.8617362219427582,0.06586828966767351
0.04590840522949681,0.040588698270573285,0.8356973872017919,0.07780550929813802

0.04465705027380844,0.03553354974143674,0.06349104227036126,0.8563183577143936
0.039963935041101274,0.0454209918169928,0.830637866068907,0.08397720707299892
0.0003642086945607608,0.9447624846742048,0.016634510969672094,0.03823879566156229
0.9181052074204311,0.00022839650280961142,0.008653198378091713,0.07301319769866753

Transition Gammas
1.0,1.0,668.6472681316607,6276.352731868354
2953.929426385173,449.07057361482146,1.0,1.0
65.11489343402997,53.79813395154803,1415.442664156255,108.19179354029846
110.34613549944284,97.55960758647709,2008.6948493137634,187.01449611887557

77.53470194034199,61.694249199000105,110.23475594852118,1486.761624969423
21.91599436268166,24.908613218013894,455.51707486947305,46.05262206819156
1.2880722719854079,3341.2776199329955,58.830150564945285,135.23656392985208
5607.779212273164,1.3950439995980857,52.853665998342656,445.9640234767577

Iteration: ,30000
Error:,0.027154033831557824
Absolute Error:,0.060553505877739264
Transition Probabilities
0.00013135426244581609,0.00013135426244581609,0.09637776198711637,0.9033595294879919
0.8691662228322754,0.13029628724566067,0.0002687449610319811,0.0002687449610319811
0.04113371611774366,0.03292738952649819,0.8597246586966316,0.06621423565912649
0.04509613014177249,0.03989772066574483,0.8384130540217367,0.07659309517074593

0.04501803814722402,0.034627503432747994,0.0637306662422864,0.8566237921777415
0.03876849973784251,0.043883565059784836,0.8332613865698195,0.08408654863255312
0.0003341112443483839,0.9462078438334088,0.01587606145359673,0.03758198346864603
0.9172451967766475,0.00020937424912145393,0.008235703759360644,0.07430972521487032

Transition Gammas
1.0,1.0,733.7239020079185,6877.276097992098
3234.167515158891,484.83248484110254,1.0,1.0
73.55305738016848,58.878953807359785,1537.312529002979,118.40066822260358
118.60238460518228,104.93061813491586,2205.0181950974634,201.43909694653658

84.39837198412229,64.91853123499007,119.48020610587422,1605.970771676656
22.838977266187296,25.85232215682982,490.884042285586,49.53637065136293
1.2895059408915008,3651.899349634145,61.27382992541467,145.0480693872512
6121.407449119113,1.3972982281398407,54.96251004469915,495.9198555313521

Iteration: ,32500
Error:,0.02793598142020844
Absolute Error:,0.05993228649098108
Transition Probabilities
0.00012147716229348856,0.00012147716229348856,0.09738987639496262,0.9023671692804505
0.8699168516603547,0.1295873625191197,0.00024789291026276674,0.00024789291026276674
0.04190647926791031,0.03367981505529876,0.8569073905408182,0.06750631513597269
0.04621273488642359,0.03916513605368588,0.8401340184289101,0.07448811063098033

0.04530799788927006,0.03475607798881419,0.06238342266787246,0.8575525014540432
0.03710585017017053,0.043735100418037104,0.8377963642115769,0.08136268520021546
0.00030829150230329383,0.9467076268943366,0.01570091735926271,0.03728316424409733
0.9168826592663676,0.00019351400398606185,0.007959785432450196,0.07496404129719601

Transition Gammas
1.0,1.0,801.7134624833341,7428.286537516685
3509.244579597867,522.7554204021283,1.0,1.0
80.48753642019095,64.68702186977661,1645.8162558575668,129.65577383304787
131.44149147174,111.396218147272,2389.5679121748753,211.8642920032933

93.4382463077952,71.67712384353338,128.65272985598855,1768.5222385804188
23.62955948974851,27.85116504213446,533.5212355367919,51.81297292386862
1.2910071714974758,3964.450289744126,65.74945062856766,156.12766506906624
6636.884103690476,1.4007572331275522,57.617158391549836,542.6295818832992

Iteration: ,35000
Error:,0.0288057321500871
Absolute Error:,0.06019829381476374
Transition Probabilities
0.00011276499774469981,0.00011276499774469981,0.09785473562672292,0.9019197343777876
0.8706811442362276,0.12885823853668804,0.00023030861354214675,0.00023030861354214675
0.042749814025059715,0.033193312388546774,0.8575495169664049,0.06650735661998862
0.04602767421871288,0.038665717887564885,0.8401422545112359,0.07516435338248635

0.04551143801036809,0.03573876864559191,0.062214376629640224,0.8565354167143997
0.038768804277242004,0.043986462376517904,0.8356249860741721,0.08161974727206807
0.00028683803693709946,0.947330538128603,0.015562319086631785,0.03682030474782818
0.9165151443817143,0.00017982567570340062,0.007971888569057069,0.07533314137352509

Transition Gammas
1.0,1.0,867.7757955377807,7998.224204462237
3780.4975282736955,559.5024717262987,1.0,1.0
88.9157029295338,69.03905364026005,1783.6245568987258,138.3292184706343
140.7124212156822,118.20598964328713,2568.421124998216,229.78693434092378

101.25645880473284,79.51366323054548,138.41811508628155,1905.669144481397
26.529651438367175,30.100116230329295,571.8215979839163,55.85272710839529
1.2925579881423797,4268.888699506267,70.12737942373238,165.92073888052235
7153.615105858517,1.4035814661861108,62.22245517644855,587.9927913956859

Iteration: ,37500
Error:,0.02726801631550001
Absolute Error:,0.05963322961019074
Transition Probabilities
0.0001052964093924395,0.0001052964093924395,0.09863660728642643,0.9011527998947887
0.8688041928243269,0.13076643834785015,0.0002146844139115503,0.0002146844139115503
0.04143593317587316,0.03239042802026784,0.8580451771425954,0.06812846166126368
0.046678789239848896,0.037334226787405535,0.8398460589920566,0.07614092498068897

0.04495421967634685,0.03474582621525634,0.062246298512999045,0.8580536555953977
0.036448344057768055,0.04135370549781237,0.8420386777344598,0.08015927270995975
0.0002680006728711467,0.9481590268332152,0.014987953485398848,0.03658501900851479
0.9173166046597429,0.0001680552330182974,0.007692001771473651,0.07482333833576522

Transition Gammas
1.0,1.0,936.7518593991937,8558.248140600826
4046.8899301757087,609.1100698242851,1.0,1.0
92.71488675092371,72.47513536057335,1919.9172150483519,152.44069876810744
152.76011734555001,122.1792800953958,2748.464229965524,249.177342091798

107.57426525933548,83.14584821725688,148.95375508369384,2053.2998285437666
26.529651438367175,30.100116230329295,612.8945826047153,58.34551937881576
1.2938210299432322,4577.406748665654,72.3570176428006,176.6207019817726
7676.278468690895,1.406317906179947,64.36812249942551,626.1358162544717

Iteration: ,40000
Error:,0.02729293921899247
Absolute Error:,0.059277636852640994
Transition Probabilities
9.89315393747524e-05,9.89315393747524e-05,0.09883829317440512,0.9009638437468453
0.8706521472643384,0.12894478945472654,0.00020153164046755363,0.00020153164046755363
0.04099792066802126,0.032065273061950214,0.8570775975295537,0.06985920874047497
0.04672677136296931,0.03617690253541154,0.8399751065728094,0.07712121952880982

0.044137085280996476,0.03417783294750345,0.06177685845260922,0.8599082233188908
0.03807078432868056,0.040463560678710646,0.8429308202937614,0.07853483469884733
0.00025102476043888637,0.9483361282467758,0.014890105297050303,0.03652274169573504
0.9178629982772585,0.00015810111949821938,0.00726957960089614,0.07470932100234703

Transition Gammas
1.0,1.0,999.0574674068897,9106.942532593137
4320.175954725642,639.8240452743524,1.0,1.0
98.26382790086785,76.85405558168968,2054.243829176085,167.4385713497736
163.87886501513245,126.87865123856416,2945.9379086312615,270.4774491434302

113.41160969953248,87.82100190668892,158.73755402482715,2209.5608529557776
29.66892773906474,31.533641321319585,656.9040811036245,61.20295068163753
1.2951557454429707,4892.915674782518,76.82511235946613,188.43813918538498
8179.986707641657,1.4089957416150725,64.78642740483453,665.8087905092033

Iteration: ,42500
Error:,0.025812604302810557
Absolute Error:,0.059017535666113674
Transition Probabilities
9.314456035767488e-05,9.314456035767488e-05,0.09904615339422923,0.9007675574850554
0.871374783053579,0.12824542203567288,0.00018989745537409823,0.00018989745537409823
0.04047909918288419,0.030774480868306694,0.8581020688396958,0.0706443511091134
0.04674918940652712,0.03578843119742225,0.8416809581928245,0.07578142120322605

0.04311692595614777,0.03414917228649892,0.06171200649925839,0.861021895258095
0.037602249772346094,0.04221146915764936,0.8419762589397721,0.07821002213023227
0.00023636547227930965,0.9473101743182022,0.014921249883641916,0.03753221032587676
0.9183117687879547,0.00014903606945923582,0.007056534061973732,0.07448266108061243

Transition Gammas
1.0,1.0,1063.3595028404477,9670.64049715958
4588.659607560141,675.3403924398526,1.0,1.0
103.57269937693744,78.74177340394401,2195.6009250384054,180.755656321443
174.29948896092992,133.43344232516603,3138.1198849337106,282.54314472907384

117.91077481572782,93.38688402118673,168.76227468445663,2354.6149580896267
31.013060990233107,34.814588898249454,694.4334774891915,64.50497512933892
1.2963289184720976,5195.452457118565,81.83448934985003,205.84262646499096
8698.960768673418,1.4117851533737027,66.84495947268137,705.5574900687743

Iteration: ,45000
Error:,0.025909393339559852
Absolute Error:,0.05821723384152093
Transition Probabilities
8.802042073761088e-05,8.802042073761088e-05,0.09977671119109303,0.9000472479674316
0.8736702118489673,0.1259719423825589,0.000178922884236894,0.000178922884236894
0.03961101407976945,0.03114975119837939,0.8595361080921833,0.06970312662966789
0.04694138396538373,0.03532281384732475,0.843200220742208,0.07453558144508352

0.04286848969885703,0.03518918223878732,0.06120175688176121,0.8607405711805944
0.036361361586623904,0.04198017977586533,0.8428127467444362,0.07884571189307467
0.00022286404523075344,0.9477705686003762,0.015089544043046972,0.0369170233113461
0.9177104401304794,0.00014119737365841332,0.007165027389178782,0.07498333510668337

Transition Gammas
1.0,1.0,1133.5632158420112,10225.43678415802
4882.942814023876,704.0571859761213,1.0,1.0
107.65994840423076,84.66283140514007,2336.1586467446573,189.44819240051342
185.2831810504729,139.4233139379175,3328.210759120087,294.20073429824333

124.3989203202505,102.11454399743856,177.5997365728643,2497.7599743514297
31.41746760392866,36.27231986275597,728.2192143421324,68.12540815359945
1.2973054330113363,5517.031276267276,87.83717197827919,214.8962829012073
9189.937909251568,1.4139482783760422,71.75047154882309,750.8819380555906

Iteration: ,47500
Error:,0.026122307296995644
Absolute Error:,0.05754009017434118
Transition Probabilities
8.312551953449694e-05,8.312551953449694e-05,0.0990624133533304,0.9007713356076006
0.8743137288764817,0.1253463085194047,0.0001699813020567739,0.0001699813020567739
0.040571337551871256,0.031256326290552076,0.8600197526832303,0.06815258347434641
0.04737817340075727,0.03469368661495507,0.8438839693028575,0.07404417068143024

0.0435096707060872,0.03478398166056476,0.06113128888619259,0.8605750587471555
0.03563888573092652,0.0420518567563999,0.8468228982684874,0.07548635924418612
0.000211725066406013,0.9473489485414234,0.014914760520404309,0.03752456587176646
0.917945309383255,0.0001336377878052746,0.0070412074187080525,0.07487984541023159

Transition Gammas
1.0,1.0,1191.7208326405669,10836.279167359455
5143.587666980338,737.4123330196572,1.0,1.0
116.86295858715684,90.03170674886898,2477.227984250218,196.30884808733526
197.16235130633964,144.37637286330022,3511.788987939728,308.1318198697247

132.50858765088867,105.93452462215498,186.17517945164687,2620.8790770326905
32.325823914942546,38.142632378210166,768.100554636975,68.46899690778346
1.2983590376819611,5809.416381613321,91.46160369785619,230.1114367878947
9724.727177491968,1.4157608451455805,74.59466315381485,793.2782707899305

Iteration: ,50000
Error:,0.02663501195275123
Absolute Error:,0.05713211352994487
Transition Probabilities
7.900142202559631e-05,7.900142202559631e-05,0.09859630219091513,0.9012456949650336
0.8742636550236654,0.12541392034309262,0.00016121231662098997,0.00016121231662098997
0.04019364620170633,0.03200944285313176,0.8595687734913625,0.06822813745379944
0.04726149327350747,0.03518362099786021,0.8435202103105728,0.07403467541805957

0.04377074784962126,0.03423935472713697,0.060176470709308705,0.861813426713933
0.03539105611258846,0.040706603828844265,0.8488387511452241,0.07506358891334308
0.00020105459839782707,0.9467808008529395,0.014972769935291137,0.038045374613371506
0.9171711600334658,0.00012720948840631307,0.007147370723162858,0.07555425975496495

Transition Gammas
1.0,1.0,1248.031993132606,11407.968006867417
5423.057452111792,777.942547888203,1.0,1.0
121.26859609562341,96.57596569175114,2593.4123489525373,205.85170108031224
208.13850006257525,154.947835839324,3714.8430823053623,326.0469618460477

140.39565136798586,109.82349503945053,193.01737387000168,2764.2858151948512
33.62529448462873,38.67563422972103,806.4877432993644,71.31845046541247
1.2992084889957576,6118.067746216914,96.75356822836508,245.8480137167067
10222.35474216166,1.4178166232470555,79.66120413472807,842.0919443961786

Iteration: ,52500
Error:,0.02620177258861287
Absolute Error:,0.05687637986518771
Transition Probabilities
7.519927808693022e-05,7.519927808693022e-05,0.09822575459137706,0.901623846852449
0.8736199964670689,0.126073396143693,0.00015330369461904046,0.00015330369461904046
0.03991180812707265,0.0319434115750059,0.8602274787397403,0.0679173015581811
0.04664876487793557,0.03533093461119684,0.8448901850580104,0.07313011545285712

0.04406102237200333,0.034608739733191535,0.0602301068124196,0.8611001310823856
0.03497072961581499,0.04010557850605525,0.8503384397936625,0.07458525208446719
0.0001916647595291136,0.9462517990772725,0.014906077656975216,0.038650458506222986
0.9163680764652126,0.00012118071280866477,0.0071933892878996404,0.07631735353407913

Transition Gammas
1.0,1.0,1306.2060845561348,11989.793915443892
5698.623236954685,822.3767630453086,1.0,1.0
126.57441730498248,101.30382201594725,2728.0846691924326,215.3897122947527
215.5496026617079,163.25338810229366,3903.9778257488238,337.9117832961963

148.03240753647844,116.27544683945075,202.35589729045907,2893.0496541337284
34.535879410195164,39.60687804279774,839.7647443216788,73.65780754552142
1.29992494545971,6417.748997409366,101.09726082597048,262.13840921582096
10735.342674217996,1.4196440392436565,84.27126716649998,894.0653469052656

Iteration: ,53044
Error:,0.025603056773319612
Absolute Error:,0.0569431225992002
Transition Probabilities
7.443245254931133e-05,7.443245254931133e-05,0.09905825887432512,0.9007928762205762
0.8736023350734664,0.12609449681981844,0.00015158405335758695,0.00015158405335758695
0.040105958441176585,0.03194865629282891,0.8597416131575247,0.06820377210846967
0.04677762790596774,0.03580059431642455,0.8441061196303016,0.07331565814730623

0.04468951437410587,0.034766880229506546,0.05990183531840737,0.8606417700779803
0.034505063711339816,0.03957153758970341,0.8517095792049332,0.0742138194940235
0.00018954932457360834,0.9461257020473388,0.014806840739388392,0.03887790788869919
0.9159903172402866,0.00012004575329982696,0.007136476940287786,0.07675316006612587


Model Num 3
Model States: 
"['diamond', 'x', 'square']","['diamond', 'x', 'diamond']","['square', 'y', 'diamond', 'x', 'diamond']","['square', 'x', 'square', 'y', 'diamond', 'x', 'diamond']","['square', 'x', 'square', 'y', 'diamond', 'x', 'square']"
Iteration: ,0
Error:,0.537766285335761
Absolute Error:,1
Transition Probabilities
0.2,0.2,0.2,0.2,0.2
0.2,0.2,0.2,0.2,0.2
0.2,0.2,0.2,0.2,0.2
0.2,0.2,0.2,0.2,0.2
0.2,0.2,0.2,0.2,0.2

0.2,0.2,0.2,0.2,0.2
0.2,0.2,0.2,0.2,0.2
0.2,0.2,0.2,0.2,0.2
0.2,0.2,0.2,0.2,0.2
0.2,0.2,0.2,0.2,0.2

Transition Gammas
1.0,1.0,1.0,1.0,1.0
1.0,1.0,1.0,1.0,1.0
1.0,1.0,1.0,1.0,1.0
1.0,1.0,1.0,1.0,1.0
1.0,1.0,1.0,1.0,1.0

1.0,1.0,1.0,1.0,1.0
1.0,1.0,1.0,1.0,1.0
1.0,1.0,1.0,1.0,1.0
1.0,1.0,1.0,1.0,1.0
1.0,1.0,1.0,1.0,1.0

Iteration: ,2500
Error:,0.25033836049299396
Absolute Error:,1
Transition Probabilities
0.002109704641350211,0.002109704641350211,0.39662447257383965,0.52966377186379,0.06949234627966987
0.905119124348205,0.08736207865931382,0.002506265664160401,0.002506265664160401,0.002506265664160401
0.2,0.2,0.2,0.2,0.2
0.03664320696055316,0.028504665082775566,0.6411647030545132,0.27066156570694927,0.02302585919520856
0.0196078431372549,0.0196078431372549,0.9215686274509803,0.0196078431372549,0.0196078431372549

0.09866442133154865,0.0342272856503164,0.31879824802628826,0.489962846619865,0.05834719837198162
0.054646256139096086,0.04217899411880476,0.44216532213575677,0.4101191782524912,0.05089024935385122
0.3074292010985573,0.6228357919279419,0.018131101813110177,0.040080183859027084,0.011523721301363414
0.2,0.2,0.2,0.2,0.2
0.2,0.2,0.2,0.2,0.2

Transition Gammas
1.0,1.0,188.0,251.06062786343648,32.93937213656352
361.1425306149338,34.85746938506622,1.0,1.0,1.0
1.0,1.0,1.0,1.0,1.0
19.85071638174532,15.441825894877265,347.3380124185769,146.62542997592115,12.473793596235703
1.0,1.0,47.0,1.0,1.0

10.830712870042788,3.757239926982441,34.99551551863561,53.784807503165624,6.404960813734515
4.832696402453259,3.7301415968588376,39.103333193328695,36.269300357429486,4.50053017989558
220.42673718766568,446.5732628123345,13.0,28.73749182692243,8.26250817307757
1.0,1.0,1.0,1.0,1.0
1.0,1.0,1.0,1.0,1.0

Iteration: ,5000
Error:,0.2551952152818133
Absolute Error:,1
Transition Probabilities
0.0010604453870625662,0.0010604453870625662,0.3997879109225874,0.5425815486552903,0.05550964964799712
0.9055251777904603,0.09073883217217982,0.0012453300124533001,0.0012453300124533001,0.0012453300124533001
0.2,0.2,0.2,0.2,0.2
