0,1,2,3,4,5,6,7,8,9,10,11,12,13,14,15,16,17,18,19,20,21,22,23,24,25,26,27,28,29
github Code Version (SHA):,528ca1c557fe8e6666681dc5c9134b0f84d30530
Environment Observations,Environment Actions,alpha,epsilon,numActions,explore,patience,gainThresh,insertRandActions,useUpdatedPosterior,revisedSplitting,haveControl,confidence_factor
"['diamond', 'square']","['x', 'y']",0.99,0.99,75000,0.5,0,0.01,False,True,False,False,250

Model Num 0
Model States: 
['diamond'],['square']
Iteration: ,0
Error:,0.6754410503919586
Absolute Error:,1
Transition Probabilities
0.5,0.5
0.5,0.5

0.5,0.5
0.5,0.5

Transition Gammas
1.0,1.0
1.0,1.0

1.0,1.0
1.0,1.0

Iteration: ,2500
Error:,0.14884006179033268
Absolute Error:,1
Transition Probabilities
0.49691991786447637,0.5030800821355236
0.014943960149439602,0.9850560398505604

0.034764826175869123,0.9652351738241309
0.9711141678129298,0.02888583218707015

Transition Gammas
242.0,245.0
12.0,791.0

17.0,472.0
706.0,21.0

Iteration: ,2572
Error:,0.15323161221759346
Absolute Error:,1
Transition Probabilities
0.49306930693069306,0.5069306930693069
0.01570048309178744,0.9842995169082126

0.04,0.96
0.9704697986577181,0.02953020134228188


Model Num 1
Model States: 
['square'],"['diamond', 'x', 'square']","['diamond', 'x', 'diamond']"
Iteration: ,0
Error:,0.7233458013625024
Absolute Error:,1
Transition Probabilities
0.3333333333333333,0.3333333333333333,0.3333333333333333
0.3333333333333333,0.3333333333333333,0.3333333333333333
0.3333333333333333,0.3333333333333333,0.3333333333333333

0.3333333333333333,0.3333333333333333,0.3333333333333333
0.3333333333333333,0.3333333333333333,0.3333333333333333
0.3333333333333333,0.3333333333333333,0.3333333333333333

Transition Gammas
1.0,1.0,1.0
1.0,1.0,1.0
1.0,1.0,1.0

1.0,1.0,1.0
1.0,1.0,1.0
1.0,1.0,1.0

Iteration: ,2500
Error:,0.12516590634561753
Absolute Error:,1
Transition Probabilities
0.9816901408450704,0.010920910075839653,0.007388949079089924
0.9959266802443992,0.002036659877800407,0.002036659877800407
0.0031152647975077876,0.9569960911804927,0.03988864402199953

0.024423337856173677,0.45064306146499616,0.5249336006788302
0.9178462038218956,0.06871969597626322,0.013434100201841196
0.9604700775774666,0.015707467289987228,0.023822455132546175

Transition Gammas
697.0,7.753846153846154,5.246153846153846
489.0,1.0,1.0
1.0,307.1957452689382,12.804254731061851

18.0,332.12393629970217,386.87606370029783
100.09020569082313,7.493813752929895,1.464975119877853
61.147354939247336,1.0,1.5166324839480563

Iteration: ,5000
Error:,0.1199529360015701
Absolute Error:,1
Transition Probabilities
0.9806896551724138,0.0151615974433889,0.004148747384197307
0.9979144942648592,0.0010427528675703858,0.0010427528675703858
0.0015923566878980888,0.9763032118808402,0.022104431431261753

0.021247429746401644,0.4362881941017195,0.5424643761518788
0.9336716490862,0.04786915476583858,0.01845919614796134
0.9832685989614095,0.007253418587275385,0.009477982451315162

Transition Gammas
1422.0,21.984316292913906,6.015683707086096
957.0,1.0,1.0
1.0,613.1184170611677,13.881582938832382

31.0,636.5444751944087,791.4555248055912
181.76074034905068,9.318836036884765,3.593508661621616
157.339086170606,1.1606658173974573,1.5166324839480563

Iteration: ,7500
Error:,0.1094234573685756
Absolute Error:,1
Transition Probabilities
0.9840450492726419,0.012579140316409748,0.0033758104109482996
0.9985974754558204,0.0007012622720897616,0.0007012622720897616
0.0010615711252653923,0.9767203087066233,0.022218120168111304

0.021690013556258467,0.42876659232911124,0.5495433941146303
0.947363329806888,0.036017548008491745,0.016619122184620184
0.9854814668248906,0.007474395166068335,0.007044138009041037

Transition Gammas
2097.0,26.806148014269173,7.193851985730826
1424.0,1.0,1.0
1.0,920.0705308016395,20.929469198360856

48.0,948.8604688243233,1216.1395311756771
265.1032898213656,10.078889659257227,4.650574733544028
265.5688718591114,2.014210067772559,1.8982637900924821

Iteration: ,10000
Error:,0.11539891510854464
Absolute Error:,1
Transition Probabilities
0.9835145562960365,0.013189146481456018,0.0032962972225075017
0.9989356040447046,0.0005321979776476849,0.0005321979776476849
0.0008,0.9776252179298309,0.021574782070169076

0.023381904439173158,0.4205876216162945,0.5560304739445323
0.950968816286657,0.03573918964929656,0.013291994064046566
0.9887720319404621,0.006259192721355547,0.004968775338182369

Transition Gammas
2804.0,37.60225661863111,9.397743381368887
1877.0,1.0,1.0
1.0,1222.0315224122887,26.968477587711345

69.0,1241.1540713896852,1640.8459286103152
343.4219841352224,12.906441526308372,4.800118464886111
377.74904622179093,2.391252992836274,1.8982637900924821

Iteration: ,12500
Error:,0.11584165714133583
Absolute Error:,1
Transition Probabilities
0.9805122494432071,0.01598450558391345,0.0035032449728794233
0.9991463935125907,0.0004268032437046522,0.0004268032437046522
0.0006422607578676946,0.9781557745384459,0.021201964703686415

0.02423087394500408,0.4172591197209243,0.5585100063340717
0.9537150464116849,0.0334269521393272,0.012858001448987855
0.9907709998140569,0.00531775732008566,0.003911242865857447

Transition Gammas
3522.0,57.416344057417106,12.583655942582888
2341.0,1.0,1.0
1.0,1522.9885409563597,33.01145904363973

89.0,1532.5927467349552,2051.4072532650457
424.96891738730113,14.89482179782559,5.729437714231044
480.85602907413454,2.5808947466126897,1.8982637900924821

Iteration: ,15000
Error:,0.11278130125870026
Absolute Error:,1
Transition Probabilities
0.9821924144310823,0.014888363944305151,0.0029192216246125163
0.9992877492877493,0.00035612535612535614,0.00035612535612535614
0.000537056928034372,0.9774148447887069,0.022048098283258776

0.02337190832766055,0.4171821727545764,0.559445918917763
0.9569774317059577,0.03005083412485924,0.01297173416918296
0.9924345694212988,0.004359207176175461,0.0032062234025256745

Transition Gammas
4247.0,64.37728569517547,12.62271430482452
2806.0,1.0,1.0
1.0,1819.9464409965713,41.05355900342782

103.0,1838.5218353294176,2465.4781646705806
501.8558928739786,15.759188975287064,6.802606851442934
587.576837498113,2.5808947466126897,1.8982637900924821

Iteration: ,17500
Error:,0.11399832192860658
Absolute Error:,1
Transition Probabilities
0.9827825054423115,0.01431520896431887,0.0029022855933696296
0.999390243902439,0.0003048780487804878,0.0003048780487804878
0.0004589261128958239,0.978847283166959,0.020693790720145204

0.0237585199610516,0.4139164676574734,0.5623250123814749
0.9559743757205506,0.029129783240532645,0.01489584103891684
0.9925281765767675,0.004660675098903556,0.0028111483243289034

Transition Gammas
4966.0,72.33475089670326,14.665249103296738
3278.0,1.0,1.0
1.0,2132.9082300208033,45.09176997919639

122.0,2125.4610614211265,2887.5389385788744
575.491694313279,17.53598081479656,8.96722026806021
686.7406757824806,3.2247700796391947,1.945063067763801

Iteration: ,20000
Error:,0.11251696354176666
Absolute Error:,1
Transition Probabilities
0.9824319669307613,0.014690544826560844,0.002877488242677873
0.9994653835872761,0.0002673082063619353,0.0002673082063619353
0.0004006410256410258,0.9799166785460741,0.019682680428284804

0.024948735475051262,0.41061323826350815,0.5644380262614406
0.9572375220083391,0.02834891306191794,0.014413564929742962
0.9931976789152955,0.0042745961936417574,0.002527724891062748

Transition Gammas
5704.0,85.29330326301226,16.70669673698773
3739.0,1.0,1.0
1.0,2445.872029651,49.12797034899886

146.0,2402.90867031805,3303.091329681951
659.3680269691803,19.527407192668335,9.92840716207737
781.7299151869569,3.364465897225526,1.9895315974403964

Iteration: ,21882
Error:,0.11220145275894418
Absolute Error:,1
Transition Probabilities
0.9820444164435345,0.015309426231623128,0.0026461573248424564
0.9995119570522206,0.0002440214738897023,0.0002440214738897023
0.0003665689149560119,0.979783410696366,0.019850020388677926

0.025148391127772566,0.4099316471977752,0.5649199616744522
0.9558370246177882,0.027866015279161035,0.016296960103050633
0.9925153151799957,0.004985248338910397,0.002499436481093938


Model Num 2
Model States: 
"['diamond', 'x', 'square']","['diamond', 'x', 'diamond']","['square', 'y', 'diamond', 'x', 'diamond']","['square', 'y', 'diamond', 'x', 'square']"
Iteration: ,0
Error:,0.6763555884472754
Absolute Error:,0.74
Transition Probabilities
0.25,0.25,0.25,0.25
0.25,0.25,0.25,0.25
0.25,0.25,0.25,0.25
0.25,0.25,0.25,0.25

0.25,0.25,0.25,0.25
0.25,0.25,0.25,0.25
0.25,0.25,0.25,0.25
0.25,0.25,0.25,0.25

Transition Gammas
1.0,1.0,1.0,1.0
1.0,1.0,1.0,1.0
1.0,1.0,1.0,1.0
1.0,1.0,1.0,1.0

1.0,1.0,1.0,1.0
1.0,1.0,1.0,1.0
1.0,1.0,1.0,1.0
1.0,1.0,1.0,1.0

Iteration: ,2500
Error:,0.03063351946941403
Absolute Error:,0.03131706138470475
Transition Probabilities
0.0013812154696132607,0.0013812154696132607,0.01990906865118523,0.9773285004095882
0.9716311301955612,0.019635245350290334,0.004366812227074236,0.004366812227074236
0.018839493810423845,0.006447633337831545,0.9481985895554251,0.02651428329631952
0.013358230081395372,0.004794367036827898,0.9582229738008365,0.023624429080940288

0.017552864620145676,0.02015753457227233,0.016225583765153484,0.9460640170424285
0.016970952064102547,0.016970952064102547,0.9273424361782825,0.03871565969351242
0.004010517437957663,0.9696050829302211,0.013192540761106545,0.013191858870714864
0.9766492648395945,0.0016590830311979685,0.010884255668911153,0.010807396460296487

Transition Gammas
1.0,1.0,14.414165703458096,707.5858342965413
222.50352881478352,4.496471185216486,1.0,1.0
2.9219238786242623,1.0,147.06149370992634,4.112250481234212
2.7862343410056463,1.0,199.8643337984458,4.927538692692778

2.638925416817068,3.030515615216814,2.439379914741378,142.23275998174935
1.0,1.0,54.642923548162294,2.2812897913609054
1.149297028722879,277.860465160772,3.780596427419219,3.7804010175716876
640.1711022707815,1.087490720648003,7.134378942176594,7.0839995008870025

Iteration: ,5000
Error:,0.02529174348225314
Absolute Error:,0.02577499492889653
Transition Probabilities
0.0007215007215007223,0.0007215007215007223,0.017688805449887313,0.9808681931071113
0.9779467989718278,0.017860328910771734,0.002096436058700209,0.002096436058700209
0.01586546595750964,0.005742753091459984,0.9565364729385889,0.021855308012441402
0.012711796229765983,0.004745626175569386,0.9621399698240626,0.0204026077706021

0.01716473858574139,0.01604571653312389,0.014350266701850214,0.9524392781792845
0.026160954015582976,0.017307271469583146,0.9355079051783567,0.02102386933647731
0.001985244253220362,0.9799675936334452,0.008466918155165454,0.009580243958168904
0.9799103723391833,0.0008623385833453068,0.00965736816347503,0.009569920913996515

Transition Gammas
1.0,1.0,24.51668435354379,1359.483315646455
466.48062310956203,8.51937689043812,1.0,1.0
5.4668335624483815,1.978805754922535,329.5979902494773,7.530779851032881
5.549167570041102,2.0716407340878695,420.00955819965196,8.906490266087125

5.794069516680124,5.416336320734463,4.844026166672251,321.5020934121062
2.943330940956172,1.9472159765125023,105.25263570970694,2.3653650046482992
1.1554184234160763,570.3442335612287,4.9277730990355515,5.5757322315040225
1240.062924627502,1.0912774636006966,12.221264869781503,12.110601593833014

Iteration: ,7500
Error:,0.02440039001428243
Absolute Error:,0.024321248562924176
Transition Probabilities
0.00047938638542665397,0.00047938638542665397,0.01947918307756163,0.979562044151585
0.9723784806998581,0.02479666054307964,0.0014124293785310734,0.0014124293785310734
0.014006119378669834,0.0037276704561654463,0.9586904371246643,0.02357577304050036
0.01842370074618886,0.0034544460227002804,0.9627330215164451,0.015388831714665886

0.017510408450023437,0.012547900121127867,0.013337159267732053,0.9566045321611166
0.026441579407193917,0.012007224130181411,0.9481445893165266,0.013406607146098167
0.0013261686891502028,0.9816290672893302,0.007487337697679478,0.009557426323840155
0.9800032685912391,0.0005747704287758846,0.009763563956758302,0.009658397023226715

Transition Gammas
1.0,1.0,40.633575899793556,2043.366424100206
688.4439643354996,17.556035664500385,1.0,1.0
7.435042865659852,1.978805754922535,508.91358999661765,12.515021356603285
11.872460323132572,2.2260876849834923,620.3970503639423,9.916753233713322

8.697274084464222,6.232437515630013,6.62445596233151,475.1375063803703
4.717309684528185,2.1421486894309667,169.15372507207235,2.391805601058279
1.1581897502825773,857.2911829508448,6.538955299806925,8.346836490647112
1863.9003744397132,1.0931747390519093,18.56964267173116,18.369622229891224

Iteration: ,10000
Error:,0.02321542023763207
Absolute Error:,0.02354043911188721
Transition Probabilities
0.00035880875493362143,0.00035880875493362143,0.01892437864751258,0.9803580038426202
0.9717878298111228,0.026091279414752127,0.0010604453870625666,0.0010604453870625666
0.010788351934035297,0.002871275025433776,0.9638889618230546,0.022451411217476347
0.019270627992082325,0.0038641873684893613,0.9651944534283364,0.011670731211091885

0.020062885386310673,0.01277328315947503,0.011653697532212634,0.9555101339220016
0.02045542818882713,0.009288889561387344,0.9544375439533133,0.015818138296472398
0.0009989110629953927,0.9788550095256703,0.007418772318985317,0.012727307092349083
0.9778417110378863,0.0004274787218086706,0.011646167585360316,0.0100846426549446

Transition Gammas
1.0,1.0,52.7422432906174,2732.2577567093745
916.3959235118884,24.604076488111247,1.0,1.0
7.435042865659852,1.978805754922535,664.2864260185653,15.472910581445529
16.416480697903275,3.291867674159409,822.2407760110268,9.942194604972205

13.469294451579218,8.57539225667703,7.823754185333481,641.4853645151577
4.717309684528185,2.1421486894309667,220.1067329320187,3.647885357780619
1.1595442752827803,1136.2630415002195,8.611772650019653,14.77396399479798
2504.3706739300706,1.0948246148044165,29.827241193765474,25.82798732864548

Iteration: ,12500
Error:,0.024177831512522754
Absolute Error:,0.02403100240720581
Transition Probabilities
0.00028702640642939216,0.00028702640642939216,0.020625493068362824,0.9788004541187785
0.9677854504884884,0.030547882844845,0.0008333333333333335,0.0008333333333333335
0.01070380300249628,0.0023505707304901373,0.9659451254500212,0.021000500816992427
0.020033415978607493,0.0030762815739074603,0.9676597086431719,0.009230593804313162

0.021876517488290236,0.011774303972138005,0.010626496375532802,0.955722682164039
0.01979492485170518,0.010866629208775846,0.9534245097762701,0.015913936163248713
0.0007895359175741035,0.9777837014962488,0.007525254893262744,0.013901507692914403
0.9784936262389661,0.0003462813315390696,0.0115867171535119,0.009573375275982872

Transition Gammas
1.0,1.0,71.85921785017591,3410.140782149816
1161.3425405861858,36.657459413813996,1.0,1.0
9.287832788487952,2.03962160899401,838.1634831977499,18.222414969449833
21.61026742323431,3.3184189632111494,1043.8252318425364,9.957143644372254

18.021155364929385,9.699284235225305,8.753758100247905,787.2929020939547
5.690226109186218,3.1237086124777793,274.0703023280063,4.574601607959126
1.1605339542291202,1437.238205659875,11.061325550196473,20.433740040826294
3096.304524042563,1.0957582396904189,36.66452573545828,30.293590456299867

Iteration: ,15000
Error:,0.025400614180736015
Absolute Error:,0.023524531680479733
Transition Probabilities
0.00023917723032767328,0.00023917723032767328,0.021043383773201245,0.9784782617661434
0.9706239419806993,0.027967607315075308,0.0007042253521126769,0.0007042253521126769
0.011928794218813052,0.003052587529662271,0.9630054725918334,0.022013145659691275
0.021088906220248532,0.002617682815097172,0.9677339170313974,0.008559493933256975

0.022618771447613113,0.00981357621487772,0.0100637195949768,0.9575039327425324
0.019283390342332604,0.009044085877743096,0.9583866408733445,0.013285882906579841
0.0006632532084679659,0.9767280385842078,0.007063394956141416,0.015545313251182798
0.9775036634384046,0.0002862154961579146,0.012605618349909323,0.00960450271552821

Transition Gammas
1.0,1.0,87.98238755575423,4091.0176124442373
1378.2859976125915,39.71400238740689,1.0,1.0
12.46138982070797,3.188879149994973,1006.0016438640529,22.99598636824617
26.886534171358022,3.3373195234900788,1233.7771697265475,10.912615558273046

22.721482264127925,9.858139219915149,10.109418489771778,961.8519147262535
6.660230044735786,3.1237086124777793,331.01417264812414,4.588769657947031
1.161734435498035,1710.8075498959788,12.372030843283802,27.228704639391456
3746.112578020652,1.0968710504982653,48.30883731751749,36.80758423115712

Iteration: ,17500
Error:,0.022007660417164857
Absolute Error:,0.022185030817545002
Transition Probabilities
0.00020496003279360555,0.00020496003279360555,0.020314901419304303,0.9792751785151084
0.9718838326885081,0.026913521490686123,0.0006013229104028871,0.0006013229104028871
0.010948147741567141,0.002596951273784578,0.9650324554865525,0.02142244549809586
0.02062907717955558,0.002917163163319625,0.9676493768397129,0.008804382817411938

0.020632040157391,0.01016851507596274,0.010000017983466926,0.9591994267831793
0.016088832995505148,0.007545809357215649,0.9613887436614464,0.014976613985832663
0.000564680534793077,0.9796025581837058,0.006077926561506062,0.013754834719995045
0.9772167766486949,0.0002467104611079831,0.013002128224330962,0.009534384665866072

Transition Gammas
1.0,1.0,99.11640402478554,4777.883595975207
1616.2428137609868,44.75718623901096,1.0,1.0
13.443579175542148,3.188879149994973,1184.9940764906291,26.30530286816937
30.798257676846795,4.355189619357411,1444.6557443822476,13.144536148470454

23.697833086531126,11.679493213942648,11.485958500794021,1101.7304997083008
6.660230044735786,3.1237086124777793,397.98226490346616,6.199809176011716
1.1625490416317594,2016.7793026791778,12.513071132824384,28.318082413436034
4347.055211752733,1.0974678509218063,57.83872177807919,42.41279677447483

Iteration: ,20000
Error:,0.022968711752670356
Absolute Error:,0.022119761952494973
Transition Probabilities
0.00017943656917279767,0.00017943656917279767,0.020677464703405795,0.9789636621582486
0.9700212822617078,0.028923308767316008,0.0005277044854881274,0.0005277044854881274
0.011954334166610067,0.00299922737787388,0.9617491692806226,0.0232972691748934
0.01978813343151623,0.003167882875683076,0.9687262247548346,0.00831775893796602

0.023644642533680538,0.009229481036071673,0.00935574290442749,0.9577701335258203
0.014219864980687976,0.006669246318834669,0.9649341808965949,0.01417670780388251
0.0004979510774970071,0.9811836727827531,0.005496361486386229,0.012822014653363674
0.9780659573438893,0.00021494460185977874,0.012634262304352094,0.009084835749898825

Transition Gammas
1.0,1.0,115.23551079208033,5455.7644892079115
1838.1903298859336,54.809670114063756,1.0,1.0
16.747594441538553,4.201810244094482,1347.3761747925098,32.6386405381133
33.52923375204346,5.367696038915118,1641.4205081014895,14.093703415200904

31.608032111403915,12.337921055232666,12.506707247866014,1280.3420095146348
6.660230044735786,3.1237086124777793,451.9511002058112,6.64001629966886
1.1630681446911022,2291.75821777692,12.83789361126803,29.948477808403666
4997.783453768345,1.0983375574883854,64.55935473588796,46.42226983786468

Iteration: ,22500
Error:,0.021719254481750074
Absolute Error:,0.02110204704630247
Transition Probabilities
0.00015948963317384386,0.00015948963317384386,0.02095086103332349,0.9787301597003288
0.9724685395117098,0.026596006793248132,0.0004677268475210482,0.0004677268475210482
0.0117077520220728,0.002720072911956732,0.9629652858709674,0.022606889195003036
0.019530691333685166,0.002811331592821498,0.9688199066510365,0.008838070422456882

0.02378801638299746,0.010014716658471744,0.00853086857801873,0.9576663983805122
0.012510971717463099,0.005867759798356295,0.9691297937160973,0.012491474768083424
0.0004404806858656238,0.9818657698668339,0.005032608454161392,0.012661140993138928
0.9787861233093392,0.00019199513738814666,0.012395265088941322,0.008626616464331308

Transition Gammas
1.0,1.0,131.36189867893816,6136.638101321056
2079.137737476033,56.862262523964446,1.0,1.0
18.54492021942065,4.308558555745189,1525.3239363868076,35.80900549825526
37.435816512193895,5.388672211632421,1857.0036072504788,16.94053615430904

35.550606975499505,14.966748389781227,12.749173831641993,1431.2089412718713
6.660230044735786,3.1237086124777793,515.9173495969966,6.649850821525015
1.163590878647864,2593.7347323831286,13.294333851574969,33.446161535866715
5601.721052362004,1.0988132927569207,70.93972395477654,49.37125476964379

Iteration: ,25000
Error:,0.02266201971502069
Absolute Error:,0.021515064929287286
Transition Probabilities
0.00014304105278214858,0.00014304105278214858,0.02109719610240062,0.9786167217920351
0.9735039253237552,0.02565361469309414,0.00042122999157540074,0.00042122999157540074
0.011882466026061281,0.0024704226610491728,0.9625034183163447,0.02314369299654486
0.018482840967286147,0.0030079549562827363,0.9696803754240136,0.0088288286524174

0.027213634143101236,0.009322850729988182,0.008113950795779189,0.9553495643311314
0.014472652924297629,0.005654196533039015,0.9677669498240801,0.01210620071858329
0.00039705925810862107,0.981304811360929,0.00503655944313393,0.013261569937828576
0.9786436488792303,0.00017275301669350123,0.012727171960916444,0.008456426143159772

Transition Gammas
1.0,1.0,147.49049795188262,6841.509502048112
2311.0983187185916,60.9016812814054,1.0,1.0
20.942573836944295,4.354063278953228,1696.3901989865763,40.790228087054125
39.370935276817974,6.407348313443832,2065.549520638709,18.806591587282366

44.76545181030176,15.335754970958934,13.347157951401055,1571.5157578430062
8.447824823148434,3.3004081612829057,564.8947504310634,7.066504218640248
1.1639872996881597,2876.715034899236,14.764776557177264,38.876562292210664
6227.478988180694,1.0992926616707333,80.98779985578848,53.81143195681043

Iteration: ,27500
Error:,0.023043918841479685
Absolute Error:,0.022534991703650933
Transition Probabilities
0.00012993762993762997,0.00012993762993762997,0.022951898562499955,0.9767882261776248
0.9729015370189437,0.02633452104064382,0.00038197097020626486,0.00038197097020626486
0.012568251107957746,0.00227779485050352,0.9602878001087263,0.024866153932812593
0.02029168471827714,0.0027502818851045095,0.968112606267835,0.008845427128783438

0.02576613123810687,0.01054020959827615,0.00793406654784646,0.9557595926157706
0.01468735975799517,0.006626973832594878,0.9670376188812984,0.011648047528111567
0.00036061298395583295,0.980682761503124,0.005116987279503685,0.013839638233416596
0.9782469490384585,0.00015713450582649643,0.013084358475118803,0.008511557980596189

Transition Gammas
1.0,1.0,176.63781133699962,7517.362188662999
2547.056223915591,68.94377608440543,1.0,1.0
24.275690414740136,4.399581305636231,1854.8045503110004,48.02920068139212
47.46208786526074,6.432887278575267,2264.407624112337,20.68938313505028

46.56873049291228,19.049975938762366,14.33973161764582,1727.4037174317232
9.429576268634198,4.25464863762732,620.8573312106523,7.478277536383893
1.1644418092820923,3166.685782107944,16.52307096781767,44.689054752124584
6846.411779979158,1.0997300147873343,91.57289586803684,59.56944806381237

Iteration: ,30000
Error:,0.02204503988136932
Absolute Error:,0.021825087559769703
Transition Probabilities
0.00011910433539780841,0.00011910433539780841,0.0230809487542077,0.9766808425749968
0.9738269635325697,0.0254749561881982,0.00034904013961605614,0.00034904013961605614
0.012876993913409135,0.0020840966779650813,0.9598646889855071,0.025174220423118655
0.01928417339813499,0.0025175066424201337,0.9697641139730115,0.008434205986433269

0.02553346807003427,0.009823707145291025,0.007611734817569202,0.9570310899671055
0.014847061664364825,0.0060784781563562856,0.968379180406102,0.010695279773176839
0.000329782333907109,0.9815040473909082,0.005025272313393152,0.013140897961791465
0.979002881777096,0.00014448297689195595,0.01272139437376308,0.008131240872248938

Transition Gammas
1.0,1.0,193.78764574032797,8200.212354259678
2790.01425052081,72.98574947918779,1.0,1.0
27.183662971692325,4.399581305636231,2026.298869073735,53.143422149523886
49.41260423954242,6.450707366298415,2484.8651471933576,21.611301344278097

50.18445074609746,19.307888220461447,14.960393550806202,1880.9853587144817
10.39224441680399,4.25464863762732,677.8198513904449,7.486192488559904
1.1649724564652775,3467.211744100493,17.7520237727154,46.42087402722986
7454.342365937707,1.1001250311413568,96.86348303899575,61.91304892956402

Iteration: ,32500
Error:,0.021463584556619557
Absolute Error:,0.02059325280409027
Transition Probabilities
0.00010973334796444637,0.00010973334796444637,0.022268468209445426,0.9775120650946256
0.9745183245615262,0.024836722197583698,0.000322476620445018,0.000322476620445018
0.012775004936043236,0.0019411238299683119,0.9612293980370615,0.024054473196926867
0.01778753683764193,0.0030293072750709614,0.9707420640969187,0.00844109179036853

0.023985050244313914,0.00913955293496402,0.007247851107000898,0.9596275457137211
0.01383924675802042,0.0056658725491088935,0.9705173187980327,0.009977561894837934
0.00030532777637950944,0.9818502825993087,0.004782578102246336,0.013061811522065408
0.9796503530136901,0.0001331135008220754,0.012418160234131254,0.007798373251356731

Transition Gammas
1.0,1.0,202.9325507926762,8908.067449207325
3021.9813244652905,77.01867553470699,1.0,1.0
29.109820170340985,4.423150198503365,2190.3095192048136,54.81182923688997
49.41260423954242,8.415215826076778,2696.657433219768,23.448796300141613

50.981074952137284,19.426443908196,15.40556458144345,2039.7223827273326
10.39224441680399,4.25464863762732,728.786281800002,7.492406466042201
1.165443179521084,3747.745222314489,18.255211156622245,49.85723647906749
8099.270663991424,1.100517413047232,102.66728386881785,64.47314136851676

Iteration: ,35000
Error:,0.022218620628539774
Absolute Error:,0.021056281170041897
Transition Probabilities
0.00010186411327289387,0.00010186411327289387,0.023029605009654945,0.9767666667637993
0.9760889130434554,0.02331371539143118,0.0002986857825567505,0.0002986857825567505
0.013054659324261218,0.001833117150785159,0.9594434397145777,0.025668783810376013
0.0177594427169248,0.002840599619930298,0.9715506367157275,0.007849320947417337

0.023690706690982517,0.009766582723612796,0.007356450060970677,0.959186260524434
0.014039306825082412,0.006425343207425848,0.9694885440894547,0.010046805878037043
0.0002825258269407058,0.9812174435184137,0.004733320646088404,0.01376671000855714
0.9785933802293058,0.00012379031784809965,0.01332439271095015,0.007958436741896162

Transition Gammas
1.0,1.0,226.0816323797828,9588.918367620226
3267.9456808694863,78.05431913051154,1.0,1.0
31.944173195193017,4.485556481963096,2347.715604671181,62.81037715206874
53.07457503011606,8.489208814803158,2903.5053625181977,23.45790800981287

53.93264355574023,22.23393466733323,16.747191383908884,2183.6178788249663
11.34981631603062,5.194449133446467,783.7649702371735,8.122153230159054
1.1657644465898067,4048.721571453268,19.53073452883801,56.80450969127204
8702.877125128683,1.100898439820013,118.49717653228693,70.77638013104311

Iteration: ,37500
Error:,0.022513918327216543
Absolute Error:,0.021403543129462597
Transition Probabilities
9.521089212605913e-05,9.521089212605913e-05,0.024111134495408033,0.9756984437203398
0.9766158661089335,0.02282796036492632,0.000278086763070078,0.000278086763070078
0.013472661447024711,0.0016848138992771704,0.95857086211401,0.026271662539688104
0.01949848243096126,0.002685562033180763,0.9699135083558778,0.007902447179980204

0.023801098453187945,0.011028763673585351,0.007173276646660512,0.9579968612265661
0.013069809142440643,0.005981635022442803,0.9715854364059626,0.009363119429153976
0.0002632627620099267,0.9815346590950198,0.00458992391299155,0.013612154229978983
0.9780264674019659,0.00011598319743026225,0.013916190117838692,0.007941359282765006

Transition Gammas
1.0,1.0,253.2392456052708,10247.760754394738
3511.910654527723,82.089345472275,1.0,1.0
35.86887780835799,4.485556481963096,2552.0466953775403,69.94423909216489
62.405494066905966,8.59522407045643,3104.238081370043,25.29202579484952

57.87583905148914,26.8180459219033,17.442867415991994,2329.5089620014646
11.34981631603062,5.194449133446467,843.7243511636234,8.130928654564148
1.1661166585230183,4347.686350131266,20.330967795934555,60.29474007176349
9285.811388159374,1.1011952451491513,132.12640044321742,75.3987411621415

Iteration: ,40000
Error:,0.02204283043836629
Absolute Error:,0.021506528370511938
Transition Probabilities
8.892841262783457e-05,8.892841262783457e-05,0.024224147762720853,0.9755979954120234
0.9756231385303296,0.023853301260246398,0.00026178010471204197,0.00026178010471204197
0.01296437002106562,0.001925365260542262,0.9589808917726644,0.02612937294572771
0.019565463565280883,0.0028475103070066004,0.9695777557553981,0.008009270372314393

0.02374722962152333,0.011464158853958566,0.007247097381783781,0.9575415141427344
0.012522299400740506,0.0068156252448029605,0.9716873118116703,0.008974763542786092
0.0002491155672203118,0.9813816178516412,0.004607899528532632,0.013761367052605932
0.9783927257515631,0.00010808050509770269,0.013814272590032227,0.007684921153307031

Transition Gammas
1.0,1.0,272.40054159179607,10970.599458408207
3726.8803891858574,91.11961081414121,1.0,1.0
36.82895266730022,5.469543520630451,2724.2559271721398,74.22785973254271
66.26950132566016,9.64470314927066,3284.023103054984,27.127921185446215

61.638350745585655,29.75639077507183,18.810578641179173,2485.3964290931444
11.34981631603062,6.177467263148203,880.7066619911564,8.13444196074778
1.1663179076651988,4594.666515326819,21.573423920540282,64.42844582736898
9971.722326051016,1.101550284795656,140.79427082653663,78.32427390494733

Iteration: ,42500
Error:,0.021819566500200192
Absolute Error:,0.021385501892996785
Transition Probabilities
8.36610056052873e-05,8.36610056052873e-05,0.023807473852990788,0.9760252041357987
0.9764373224029652,0.023067382896688176,0.00024764735017335324,0.00024764735017335324
0.012628908805763762,0.0021314174072140386,0.9592151368482436,0.026024536938778684
0.021219104222073352,0.0026980070899107443,0.9675210287621488,0.00856185992586707

0.022548789643912624,0.011157099861902374,0.006893909888433768,0.9594002006057512
0.012908970160091592,0.006467960236251238,0.972098037290309,0.008525032313348132
0.00023555533439988973,0.9807477463189511,0.004472756844831678,0.014543941501817413
0.9783088881825026,0.00010149043294029773,0.013964351666364224,0.00762526971819294

Transition Gammas
1.0,1.0,284.57073496479916,11666.429265035213
3942.853907863172,93.14609213682682,1.0,1.0
38.25161716498387,6.455835886812646,2905.3602934269993,78.82554535699963
76.37884365415795,9.711562728634684,3482.6228578990185,30.81868837735052

62.38290337495319,30.8669464579292,19.07251436716913,2654.2520001048797
12.329194622745861,6.177467263148203,928.4385776329385,8.142150865094319
1.1666470777135065,4857.400046286735,22.15245396857548,72.03253067802066
10621.635340805477,1.1018957123807873,151.61290361620465,82.78861134789446

Iteration: ,45000
Error:,0.022992026178328056
Absolute Error:,0.021687212449297513
Transition Probabilities
7.889546351084807e-05,7.889546351084807e-05,0.023726751391218315,0.97611545768176
0.9765566956133069,0.022975249156175805,0.0002340276152586005,0.0002340276152586005
0.013529833034508817,0.0020047380521557717,0.9584768487872483,0.02598858012608718
0.022022457060083676,0.002564544152102007,0.9661306412397688,0.009282357548045584

0.02285438954441523,0.011645239351014426,0.006840401059608338,0.958659970044962
0.013293079674363979,0.006181536046013708,0.9720583004374587,0.008467083842163622
0.00022321791717163928,0.9812367064212614,0.004271644866046701,0.014268430795520226
0.9784201631275671,9.583743998507969e-05,0.014067099998461957,0.0074168994339858475

Transition Gammas
1.0,1.0,300.73657388369236,12372.263426116317
4172.826760355661,98.17323964433922,1.0,1.0
43.56997242250096,6.455835886812646,3086.5724479195023,83.69073857049872
84.02550589701069,9.784880914408408,3686.219737938109,35.41633827522161

66.75390600158491,34.013825286947295,19.979684360364757,2800.0878082303207
13.284329963223215,6.177467263148203,971.4184765930855,8.461510676303009
1.1668631066233166,5129.377274437794,22.32985981566217,74.58767510987192
11252.522829363552,1.10219823955045,161.7815840688017,85.29958125274032

Iteration: ,45024
Error:,0.022635330645740817
Absolute Error:,0.02168325027718898
Transition Probabilities
7.884569896712129e-05,7.884569896712129e-05,0.023790724750323438,0.9760515838517424
0.9765731432075914,0.022959129944887562,0.00023386342376052386,0.00023386342376052386
0.013525674894405208,0.002004121933562834,0.9584896101480017,0.02598059302403037
0.022011191688800127,0.0025632322847673286,0.9661479175427282,0.009277658483704376

0.02285438954441523,0.011645239351014426,0.006840401059608338,0.958659970044962
0.013279792090905351,0.006175357065813031,0.9720862305841221,0.008458620259159532
0.00022304769208220088,0.9812510521098226,0.004268378830520833,0.01425752136757434
0.9784295410121187,9.579579219815636e-05,0.014060986901289742,0.007413676294393361

*,*,*,*,*,*,*,*,*,*,*
Model Num 2
Model States: 
"['diamond', 'x', 'square']","['diamond', 'x', 'diamond']","['square', 'y', 'diamond', 'x', 'diamond']","['square', 'y', 'diamond', 'x', 'square']"
Iteration: ,45024
Error:,0.02206646975361017
Absolute Error:,0.02168325027718898
Transition Probabilities
7.884569896712129e-05,7.884569896712129e-05,0.023790724750323438,0.9760515838517424
0.9765731432075914,0.022959129944887562,0.00023386342376052386,0.00023386342376052386
0.013525674894405208,0.002004121933562834,0.9584896101480017,0.02598059302403037
0.022011191688800127,0.0025632322847673286,0.9661479175427282,0.009277658483704376

0.02285438954441523,0.011645239351014426,0.006840401059608338,0.958659970044962
0.013279792090905351,0.006175357065813031,0.9720862305841221,0.008458620259159532
0.00022304769208220088,0.9812510521098226,0.004268378830520833,0.01425752136757434
0.9784295410121187,9.579579219815636e-05,0.014060986901289742,0.007413676294393361

Transition Gammas
1.0,1.0,301.7377620083523,12379.262237991656
4175.826760355661,98.17323964433922,1.0,1.0
43.56997242250096,6.455835886812646,3087.5624475253653,83.69073857049872
84.02550589701069,9.784880914408408,3688.1723030097533,35.416526222413204

66.75390600158491,34.013825286947295,19.979684360364757,2800.0878082303207
13.284329963223215,6.177467263148203,972.4184046999627,8.461510676303009
1.166865429279337,5133.377169080777,22.32985981566217,74.58767510987192
11257.522829363552,1.10219823955045,161.7815840688017,85.29958125274032

