0,1,2,3,4,5,6,7,8,9,10,11,12,13,14,15,16,17,18,19,20,21,22,23,24,25,26,27,28,29
github Code Version (SHA):,528ca1c557fe8e6666681dc5c9134b0f84d30530
Environment Observations,Environment Actions,alpha,epsilon,numActions,explore,patience,gainThresh,insertRandActions,useUpdatedPosterior,revisedSplitting,haveControl,confidence_factor
"['diamond', 'square']","['x', 'y']",0.9,0.99,75000,0.5,0,0.01,False,True,False,False,250

Model Num 0
Model States: 
['diamond'],['square']
Iteration: ,0
Error:,0.5625043571229268
Absolute Error:,1
Transition Probabilities
0.5,0.5
0.5,0.5

0.5,0.5
0.5,0.5

Transition Gammas
1.0,1.0
1.0,1.0

1.0,1.0
1.0,1.0

Iteration: ,2456
Error:,0.09957507005366961
Absolute Error:,1
Transition Probabilities
0.46745562130177515,0.5325443786982249
0.07887323943661972,0.9211267605633803

0.068,0.932
0.912751677852349,0.087248322147651


Model Num 1
Model States: 
['square'],"['diamond', 'x', 'square']","['diamond', 'x', 'diamond']"
Iteration: ,0
Error:,0.6215881848048743
Absolute Error:,1
Transition Probabilities
0.3333333333333333,0.3333333333333333,0.3333333333333333
0.3333333333333333,0.3333333333333333,0.3333333333333333
0.3333333333333333,0.3333333333333333,0.3333333333333333

0.3333333333333333,0.3333333333333333,0.3333333333333333
0.3333333333333333,0.3333333333333333,0.3333333333333333
0.3333333333333333,0.3333333333333333,0.3333333333333333

Transition Gammas
1.0,1.0,1.0
1.0,1.0,1.0
1.0,1.0,1.0

1.0,1.0,1.0
1.0,1.0,1.0
1.0,1.0,1.0

Iteration: ,2500
Error:,0.08440763811242541
Absolute Error:,1
Transition Probabilities
0.9183400267737617,0.04422674139481579,0.037433231831422484
0.99581589958159,0.0020920502092050207,0.0020920502092050207
0.003067484662576687,0.8807848474238357,0.11614766791358767

0.0659025787965616,0.45049427895885746,0.48360314224458084
0.9087076390762742,0.02004479738807736,0.07124756353564833
0.8503954808318197,0.09368401819429299,0.05592050097388723

Transition Gammas
686.0,33.0373758219274,27.962624178072595
476.0,1.0,1.0
1.0,287.13586026017043,37.86413973982958

46.0,314.4450067132825,337.55499328671743
106.5460448978143,2.3502541308540903,8.353782643497603
41.596690673556054,4.5825092133274055,2.735324720970742

Iteration: ,5000
Error:,0.08232740822363747
Absolute Error:,1
Transition Probabilities
0.914324880054832,0.0535592765588949,0.03211584338627301
0.9978991596638656,0.0010504201680672268,0.0010504201680672268
0.0015600624024961001,0.8902623509534088,0.10817758664409508

0.07122708039492243,0.4387077681433795,0.49006515146169805
0.9242976426811944,0.028777534282996533,0.04692482303580905
0.8720177551700031,0.09087794702056957,0.03710429780942749

Transition Gammas
1334.0,78.14298449942766,46.857015500572324
950.0,1.0,1.0
1.0,570.658166961135,69.34183303886493

101.0,622.0876152273121,694.9123847726878
189.83574825690093,5.910438912030793,9.637597762323832
120.94554896691639,12.604425914752548,5.146225109508563

Iteration: ,7500
Error:,0.07902448256465618
Absolute Error:,1
Transition Probabilities
0.9179651695692026,0.05137689200218079,0.030657938428616634
0.9986062717770035,0.0006968641114982578,0.0006968641114982578
0.0010362694300518136,0.8886766886745951,0.11028704189535306

0.07132801501642422,0.43410640271409623,0.4945655822694795
0.9170102051937686,0.029301527776254943,0.05368826702997641
0.8792573103475178,0.08796675295238492,0.032775936700097374

Transition Gammas
2003.0,112.10437834875849,66.8956216512415
1433.0,1.0,1.0
1.0,857.5730045709842,106.42699542901568

152.0,925.0807441837391,1053.9192558162608
253.34497058634042,8.09521491752815,14.83260748299619
201.59189206451225,20.168594514652202,7.514709307276412

Iteration: ,10000
Error:,0.07941666275900042
Absolute Error:,1
Transition Probabilities
0.9181064270905321,0.05052187827484517,0.03137169463462271
0.9989501312335958,0.0005249343832020997,0.0005249343832020997
0.0007633587786259543,0.8871044109458863,0.11213223027548772

0.07484188334504568,0.427756040030252,0.49740207662470237
0.914842849620806,0.03183219628190117,0.05332495409729285
0.9012886033534793,0.07039722618048715,0.028314170466033427

Transition Gammas
2657.0,146.2103157274019,90.78968427259811
1903.0,1.0,1.0
1.0,1162.1067783391109,146.89322166088888

213.0,1217.3936899260973,1415.606310073903
337.7402044926919,11.751758770544038,19.686420360445585
277.53905863938417,21.677828624771315,8.718947724468233

Iteration: ,12500
Error:,0.08459780680342185
Absolute Error:,1
Transition Probabilities
0.9164585067998889,0.05214212402835124,0.03139936917175979
0.9991617770326907,0.00041911148365465214,0.00041911148365465214
0.0006101281269066507,0.8846418530287117,0.11474801884438166

0.0784973366975049,0.42371927211992805,0.49778339118256715
0.9148320092695217,0.03822097322125207,0.04694701750922624
0.9042971878343465,0.06887002200310678,0.026832790162546596

Transition Gammas
3302.0,187.86807287414953,113.13192712585052
2384.0,1.0,1.0
1.0,1449.9279971140577,188.07200288594143

280.0,1511.4066436517833,1775.593356348217
409.91952716722176,17.126120546696825,21.036101737038823
357.718872901243,27.24337416843557,10.614425857863052

Iteration: ,15000
Error:,0.08655974205120856
Absolute Error:,1
Transition Probabilities
0.9185992578849722,0.05000457921771014,0.0313961628973177
0.9992987377279102,0.0003506311360448808,0.0003506311360448808
0.0005005005005005006,0.8802169648934269,0.11928253460607252

0.08154205607476636,0.41533427008010093,0.5031236738451328
0.9109573965680583,0.03912503129474723,0.0499175721371945
0.9035602702927438,0.06910672785487434,0.027333001852381814

Transition Gammas
3961.0,215.61974558676613,135.3802544132339
2850.0,1.0,1.0
1.0,1758.6734958570669,238.32650414293286

349.0,1777.6306759428319,2153.3693240571683
474.1336387354582,20.36373328028767,25.981017557366666
438.6157189553587,33.54651385114298,13.26827291200663

Iteration: ,17500
Error:,0.08236453358132109
Absolute Error:,1
Transition Probabilities
0.9174293672900915,0.05048324155347395,0.03208739115643453
0.9993981342160698,0.0003009328919650918,0.0003009328919650918
0.000428082191780822,0.8824473268771202,0.11712459093109893

0.08196392785571147,0.4112592741799674,0.5067767979643212
0.9077053390828916,0.03856577801473829,0.05372888290237011
0.9071333206622927,0.06602186483259981,0.026844814505107516

Transition Gammas
4611.0,253.7287720477601,161.27122795223994
3321.0,1.0,1.0
1.0,2061.3969555849526,273.60304441504707

409.0,2052.183778158036,2528.816221841961
541.7763586453766,23.018512596016347,32.06881933991982
526.8113629724604,38.341738536350974,15.589939203041801

Iteration: ,20000
Error:,0.08326670325810676
Absolute Error:,1
Transition Probabilities
0.9181419807186678,0.04922606255555628,0.0326319567257759
0.9994724347137959,0.0002637826431020839,0.0002637826431020839
0.000373692077727952,0.8863182058563972,0.11330810206587487

0.08397346368715088,0.4085088177030662,0.507517718609783
0.910738409435737,0.03641719598207466,0.052844394582188446
0.9069959535946899,0.06631279637288533,0.026691250032424795

Transition Gammas
5238.0,280.8346868794486,186.16531312055153
3789.0,1.0,1.0
1.0,2371.78751887172,303.21248112828124

481.0,2339.938507803162,2907.0614921968354
630.3133843433577,25.203994703570793,36.573102493076846
607.472280817024,44.41385377777871,17.876810222573724

Iteration: ,22182
Error:,0.08186810577901663
Absolute Error:,1
Transition Probabilities
0.920347003154574,0.04741135943888463,0.03224163740654125
0.9995239228755058,0.00023803856224708403,0.00023803856224708403
0.00033704078193461383,0.886642266412687,0.11302069280537837

0.08392379152889312,0.4078765397927351,0.5081996686783717
0.9103770690106721,0.0361433551762943,0.053479575813033725
0.9035316000573309,0.06844673807633889,0.028021661866330254


Model Num 2
Model States: 
"['diamond', 'x', 'square']","['diamond', 'x', 'diamond']","['square', 'y', 'diamond', 'x', 'diamond']","['square', 'y', 'diamond', 'x', 'square']"
Iteration: ,0
Error:,0.5613084392922684
Absolute Error:,0.65
Transition Probabilities
0.25,0.25,0.25,0.25
0.25,0.25,0.25,0.25
0.25,0.25,0.25,0.25
0.25,0.25,0.25,0.25

0.25,0.25,0.25,0.25
0.25,0.25,0.25,0.25
0.25,0.25,0.25,0.25
0.25,0.25,0.25,0.25

Transition Gammas
1.0,1.0,1.0,1.0
1.0,1.0,1.0,1.0
1.0,1.0,1.0,1.0
1.0,1.0,1.0,1.0

1.0,1.0,1.0,1.0
1.0,1.0,1.0,1.0
1.0,1.0,1.0,1.0
1.0,1.0,1.0,1.0

Iteration: ,2500
Error:,0.03190178482177014
Absolute Error:,0.07725239911465792
Transition Probabilities
0.0015772870662460563,0.0015772870662460563,0.10460270903272428,0.8922427168347836
0.8709883307596129,0.1226422424887947,0.0031847133757961776,0.0031847133757961776
0.027958489577008264,0.035832582826303895,0.8493568320940165,0.08685209550267116
0.013595469979780313,0.03284658372649269,0.8743351156463556,0.07922283064737126

0.030665498143286826,0.026524869574481007,0.1110660600326341,0.8317435722495982
0.05686447998974086,0.06225782015132614,0.7163154126439345,0.1645622872149986
0.0045116231639984496,0.9630648681529723,0.024306832462584582,0.008116676220444551
0.9135160835475923,0.0022821164556074704,0.03446293708018162,0.049738862916618526

Transition Gammas
1.0,1.0,66.31811752674722,565.681882473253
273.4903358585185,38.509664141481544,1.0,1.0
4.163901468967199,5.336602460457427,126.49603803139516,12.93501807564921
2.5209431135699285,6.090585259115687,162.1237877042235,14.689911393650435

4.777674630180696,4.132566046790027,17.30405600497989,129.58537785314599
3.2755762869159435,3.586249964820804,41.26206341871401,9.4793151334427
1.4737710526378762,314.5956727552725,7.940092681173247,2.6514010639851158
512.615803239456,1.2806002883213135,19.338735783109787,27.91075890771797

Iteration: ,5000
Error:,0.03203942985429704
Absolute Error:,0.07042441238875025
Transition Probabilities
0.0007782101167315176,0.0007782101167315176,0.10728791279606532,0.8911556669704717
0.8669545697404291,0.12993016546206312,0.0015576323987538936,0.0015576323987538936
0.02776348050189173,0.04875334096357278,0.8595897672791037,0.0638934112554317
0.017146202608308986,0.045835135888638065,0.8768971413495088,0.06012152015354412

0.03998880664325629,0.030934948473194487,0.09489072498471278,0.8341855198988365
0.03854534411395946,0.06621122366274622,0.7607501947625299,0.13449323746076428
0.002304091935687889,0.9628918477204778,0.027059328809130232,0.007744731534704098
0.9252905091409129,0.0011593537116308976,0.028288018283599167,0.04526211886385705

Transition Gammas
1.0,1.0,137.86496794294393,1145.1350320570562
556.5848337733556,83.41516622664456,1.0,1.0
8.090509724512767,14.207130087360488,250.4916258892466,18.619072816145707
6.288797827044366,16.811180269097395,321.62391656260024,22.051068329088235

12.7536704189245,9.86611430476554,30.26359458695976,266.0476288762444
4.206144879492909,7.225100872122224,83.01457957706518,14.676170496740903
1.4902971691329525,622.8028372533697,17.50209724632582,5.009327667482315
1042.229088674638,1.3058732910234736,31.863069192723277,50.98236329988856

Iteration: ,7500
Error:,0.030696475743015924
Absolute Error:,0.06507113558570224
Transition Probabilities
0.0005252100840336132,0.0005252100840336132,0.10162576327252444,0.8973238165594083
0.8710603909617268,0.12684536820057676,0.0010471204188481672,0.0010471204188481672
0.032965686428739524,0.04050258390913937,0.8627495524781906,0.06378217718393034
0.0253980490800498,0.04805359645575105,0.8745900559336918,0.051958298530507305

0.03892577401844337,0.03758187728382559,0.0836766554165486,0.8398156932811826
0.043927966143033896,0.0660332498262667,0.7684851911589292,0.12155359287177016
0.0015331709987237302,0.952057355028035,0.03832791701990012,0.008081556953341066
0.9234505810934519,0.0007979905920847074,0.026818433215883772,0.04893299509857968

Transition Gammas
1.0,1.0,193.49545327088663,1708.5045467291143
831.8626733684495,121.13732663155086,1.0,1.0
15.79200040180549,19.40250274326673,413.2946331587745,30.55444241678331
14.607250406542272,27.63719820178848,503.00540446353835,29.88292033537205

18.274345954290812,17.643431490172233,39.28338454247495,394.2653140202512
7.409427480883535,11.137974708905949,129.62210168084388,20.50271411363867
1.5013350366622922,932.288091286276,37.53204616586281,7.913745182326554
1526.2088954684668,1.318858166397731,44.32346697767328,80.87273312767506

Iteration: ,10000
Error:,0.034040295549312725
Absolute Error:,0.06952398401390497
Transition Probabilities
0.00038925652004671044,0.00038925652004671044,0.10077833554805476,0.8984431514118518
0.8763723934618478,0.1220173005800201,0.0008051529790660222,0.0008051529790660222
0.04252512572767887,0.03503493101177937,0.8473652747408108,0.07507466851973103
0.02611696508015937,0.04836888040831722,0.8775288019398007,0.04798535257172269

0.04117081351318074,0.03631347032660628,0.0798101590514935,0.8427055571087194
0.0488876971181938,0.08173000642590714,0.7405519528807376,0.12883034357516138
0.0011712957088022594,0.954708638028598,0.036394805858157596,0.007725260404442043
0.9303543474230253,0.000595588716097628,0.02284306743726532,0.04620699642361185

Transition Gammas
1.0,1.0,258.8995440229529,2308.1004559770495
1088.4545126796154,151.545487320385,1.0,1.0
27.120446328729923,22.34356630055236,540.408148387431,47.878953522089645
20.148620380508024,37.315446361634784,676.992699916692,37.01956371366313

25.612891359303937,22.591075837180302,49.65092400955921,524.2579400379645
11.235490326486369,18.783390315192555,170.19546416220155,29.60810519458805
1.5090577202979798,1230.014273957738,46.88983520238516,9.95296385620385
2075.060997738317,1.3284002153485723,50.94914474153863,103.06001833264273

Iteration: ,12500
Error:,0.03145950718887061
Absolute Error:,0.06681046530057023
Transition Probabilities
0.00031181789834736453,0.00031181789834736453,0.09836536100452424,0.901011003198781
0.8793523408130522,0.11934217615822722,0.0006527415143603132,0.0006527415143603132
0.044015476330599955,0.035986219641620666,0.8419286661424291,0.07806963788535032
0.02450818731672055,0.04912878859272211,0.8767950851163048,0.0495679389742526

0.04357525770849759,0.03559305882412242,0.07316654998313767,0.8476651334842423
0.05040794851922374,0.07133907950913738,0.7617960977874908,0.11645687418414817
0.0009463381161792079,0.9499655186441402,0.04029166700654313,0.008796476233137545
0.9307888122674559,0.00047676590874610997,0.021322067851720375,0.04741235397207769

Transition Gammas
1.0,1.0,315.45771274150985,2889.5422872584963
1347.1677861255962,182.83221387440412,1.0,1.0
35.46260686679872,28.993555589124966,678.3292556700187,62.89953233192187
23.811059764958618,47.73133591007072,851.8549292743013,48.15799479941636

34.447386927248246,28.13724883604655,57.840081503625626,670.101575375766
14.335777114224609,20.28848968108513,216.65113112474074,33.1197725907564
1.5148867951016571,1520.6934978019895,64.49842107943444,14.081294477292463
2612.104658952829,1.3379645683877717,59.83685239867646,133.0549197305978

Iteration: ,15000
Error:,0.03260401873747775
Absolute Error:,0.06613502292506353
Transition Probabilities
0.0002598752598752594,0.0002598752598752594,0.09865238874995048,0.900827860730299
0.8760566595799341,0.1228581532252748,0.0005425935973955504,0.0005425935973955504
0.04762388798205312,0.03499793385100966,0.8422458715428205,0.07513230662411674
0.025128657082000433,0.048073297356788676,0.8787417910746411,0.048056254486569895

0.04365917798649819,0.0318117099542746,0.07211673925502587,0.8524123728042013
0.055299237719931775,0.06416691029838929,0.7666600765759148,0.11387377540576404
0.000793846520834998,0.9499398044034996,0.0415406911242059,0.007725657951459484
0.9275025022222261,0.0003971706048897215,0.020674398527312374,0.051425928645571765

Transition Gammas
1.0,1.0,379.6143919098102,3466.385608090197
1614.5724236058195,226.42757639418159,1.0,1.0
46.24895044848911,33.98751712764013,817.9295985474289,72.9631803150748
29.200447834708854,55.862985718996676,1021.1311231921583,55.8431812606385

41.78518505801866,30.446248618388054,69.0212558853959,815.8240806637141
18.122905978911295,21.02905808909184,251.25316475316106,37.31920746528636
1.5188960271270435,1817.5551029696035,79.48134690607601,14.781788244245876
3140.1777118700015,1.3446716082128791,69.99580627139851,174.10902348848862

Iteration: ,17500
Error:,0.030713100953671323
Absolute Error:,0.06366947549244034
Transition Probabilities
0.00022381378692927435,0.00022381378692927435,0.09576076170117903,0.9037916107249625
0.8760036637395318,0.12307425235083241,0.00046104195481788815,0.00046104195481788815
0.04812084559234719,0.03207849938330573,0.8527219079156313,0.06707874710871572
0.024859509504203854,0.049395912747226864,0.8737389969790715,0.05200558076949771

0.04325926891827616,0.034250121924536484,0.07329938123936955,0.8491912279178178
0.04864319410266756,0.05849202130826224,0.7849935522732887,0.10787123231578148
0.0006770781137753994,0.9499093941701058,0.041641594345649895,0.0077719333704687294
0.9252562146599047,0.0003442426422399597,0.020227206070981364,0.054172336626873964

Transition Gammas
1.0,1.0,427.85908328086884,4038.1409167191414
1900.0519466510457,266.9480533489557,1.0,1.0
54.71670871472038,36.475458507753586,969.6034156453063,76.2731456880237
34.148387815419866,67.85293912189623,1200.2158817032077,71.43772246924806

48.15533807283154,38.126538925741,81.59537995844299,945.3023985707941
18.43849414738892,22.171751104276204,297.5565089081048,40.88923686894756
1.5224691373922958,2135.954045064195,93.634753410582,17.47586940660294
3628.381185873783,1.3499434066898528,79.32074682439972,212.43617054117195

Iteration: ,20000
Error:,0.03054099730444431
Absolute Error:,0.06306618010622761
Transition Probabilities
0.00019561815336463167,0.00019561815336463167,0.09542727018108153,0.9041814935121892
0.8738045439157454,0.12539030310518873,0.00040257648953301105,0.00040257648953301105
0.04955458028138647,0.03180090608977954,0.851931495848391,0.06671301778044281
0.026431171607616922,0.048012662415207595,0.8702732280158716,0.05528293796130382

0.041481691515415475,0.0359993019463227,0.06951523800877048,0.8530037685294913
0.046579027862445305,0.05739501974994333,0.7922965187949845,0.10372943359262685
0.0005961445105746781,0.9514676762364304,0.04063014638302534,0.007306032869969701
0.92308358571826,0.0003019223514468588,0.019861770663845642,0.056752721266447495

Transition Gammas
1.0,1.0,487.82420516569016,4622.175794834325
2170.5304870867126,311.46951291328895,1.0,1.0
64.72065154578908,41.53350407147064,1112.6632729123762,87.1303914354386
41.86977293437153,76.05713825867844,1378.6048908019786,87.57402410862841

52.46698405272278,45.532733409025916,87.92444933620877,1078.898508844981
19.946048443848067,24.57766717993256,339.27682631003086,44.41896712832852
1.5255134943210797,2434.7733708220912,103.97116048891571,18.695889227174177
4139.312825039457,1.3538872111322506,89.06461268388514,254.49186902321995

Iteration: ,22500
Error:,0.030761155595523445
Absolute Error:,0.06238436285778948
Transition Probabilities
0.00017452006980802758,0.00017452006980802758,0.09719868120780716,0.9024522786525767
0.8762945438004922,0.12299040435824923,0.0003575259206292452,0.0003575259206292452
0.05263817513025991,0.032242380791486946,0.8465091103889907,0.06861033368926246
0.026319127571867804,0.04572875664942227,0.8727626684568831,0.05518944732182686

0.04046106362824115,0.03483480723419631,0.06805729397847941,0.8566468351590831
0.04633615875532883,0.05930070767603837,0.7949077924447696,0.09945534112386308
0.0005257457764254024,0.9492679864882029,0.04281117897039227,0.007395088764979415
0.9220376112700566,0.0002708204339055224,0.01932022490125908,0.05837134339477878

Transition Gammas
1.0,1.0,556.948443320736,5171.051556679275
2450.99583900998,344.00416099002354,1.0,1.0
77.37998766458773,47.39744532838028,1244.398468559482,100.85962823369942
47.32138911033332,82.21960553328034,1569.213938503282,99.22978276422671

57.61434973405621,49.60286722439435,96.9098779324413,1219.8184114215608
22.560577107191797,28.872876474303034,387.0320506983202,48.423735424312326
1.5285536868491432,2759.9024958791797,124.46925565142742,21.500486933326506
4624.291745884482,1.358244698284177,96.89665090392569,292.749577845155

Iteration: ,25000
Error:,0.030753471647823816
Absolute Error:,0.0605287251711725
Transition Probabilities
0.00015760441292356163,0.00015760441292356163,0.09753576303956833,0.9021490281345846
0.8764983335162607,0.12285775148051965,0.000321957501609787,0.000321957501609787
0.053036709614663995,0.030833460288046836,0.8515753313332168,0.06455449876407231
0.026347924417131265,0.04449560186280781,0.8746622250168298,0.054494248703231184

0.04133461651618011,0.03269443485679243,0.06711719534421132,0.8588537532828162
0.04674173680087079,0.055396272795089053,0.8024532542271282,0.09540873617691208
0.00047217905369985395,0.9473881536556604,0.044003981487197974,0.008135685803441777
0.921298118786726,0.0002446034852945348,0.018706556187561695,0.05975072154041788

Transition Gammas
1.0,1.0,618.8644164860619,5724.1355835139475
2722.40382390151,381.5961760984946,1.0,1.0
87.04443927187143,50.60421887187534,1397.6149303418206,105.94756326741991
52.52988645535667,88.71093132847763,1743.8150588078176,108.64524474608979

66.09884631545506,52.28219364570246,107.32818044761146,1373.4067721051858
25.1202014198735,29.771369781384998,431.25884393416203,51.27508804796815
1.531098549913564,3072.0223968035775,142.68831223567886,26.380960016325112
5132.843223828989,1.362763383987381,104.22014135332208,332.8901686910136

Iteration: ,27500
Error:,0.02846129093324451
Absolute Error:,0.05947964820917209
Transition Probabilities
0.00014425851125216373,0.00014425851125216373,0.09736789582390679,0.9023435871535889
0.8792735410872353,0.1201406358313352,0.00029291154071470394,0.00029291154071470394
0.05087601956667419,0.029999462956333395,0.853922997914908,0.06520151956208443
0.025019309329344847,0.0450091904801439,0.8772258890570307,0.05274561113348045

0.04080643628254023,0.03347697307385064,0.06776179826359412,0.857954792380015
0.042815286569287916,0.05533602686181794,0.805495516422782,0.09635317014611201
0.00042712145778171865,0.9461977360323475,0.04451820898924868,0.008856933520622147
0.9206957402340481,0.00022418251901014263,0.01822206091095939,0.06085801633598234

Transition Gammas
1.0,1.0,674.9542538513225,6255.045746148685
3001.8398692718238,410.16013072817873,1.0,1.0
93.45878535517227,55.108740681492854,1568.6487828983204,119.7745985925263
55.04817951213067,99.03047141036026,1930.0967735692632,116.05235907720807

71.9711881598784,59.04405646792986,119.51293906465244,1513.1932954770537
25.739935459703045,33.26722472625685,484.25233759091503,57.926142264285154
1.5339876937134316,3398.227029921078,159.8851649606658,31.80928229462947
5611.334922921211,1.3663180386935183,111.05741265976873,370.909408486018

Iteration: ,30000
Error:,0.028947638742101985
Absolute Error:,0.06005503542024041
Transition Probabilities
0.00013227513227513212,0.00013227513227513212,0.09827066428123843,0.9014647854542114
0.8786193706546329,0.12084342816352453,0.0002686005909212998,0.0002686005909212998
0.05261553111138519,0.02882314348482353,0.8530437494656105,0.06551757593818075
0.02516340797265965,0.04537974173907244,0.8732573992545358,0.056199451033732035

0.04232102126908791,0.033503446721245854,0.06654888957940787,0.8576266424302584
0.042407532457201996,0.05377302977516517,0.8083191390615515,0.09550029870608125
0.0003913439559774901,0.9455671451746999,0.045490092166891385,0.00855141870243129
0.9185569173748396,0.00020570916261945384,0.018089974379916655,0.0631473990826243

Transition Gammas
1.0,1.0,742.9262219661634,6815.073778033846
3271.0999169472007,449.90008305280213,1.0,1.0
104.87157805034674,57.44935911082996,1700.2592630502863,130.58751728885767
60.49558367722363,109.09786013920008,2099.4062539444562,135.1096241144726

81.3348359320263,64.38874253302356,127.8972683807431,1648.2334348568754
28.011662993976085,35.51897271427215,533.9231500400057,63.08129778308964
1.5363979778321528,3712.2521698903993,178.591963793176,33.57246790536149
6113.172170851872,1.3690338665223063,120.39224337537928,420.258032389349

Iteration: ,32500
Error:,0.02780741796576795
Absolute Error:,0.05998208260325663
Transition Probabilities
0.00012181751735899603,0.00012181751735899603,0.09759980553504824,0.9021565594302339
0.8735306652691683,0.12597672389339323,0.00024630541871921164,0.00024630541871921164
0.052164872088966266,0.02863800640640779,0.8526690876082202,0.06652803389640562
0.025344736016863875,0.04524528747932711,0.8714580686578692,0.057951907845939746

0.04235948024083667,0.0320916240975149,0.06578484067761145,0.8597640549840371
0.04007434038280215,0.05081452689564724,0.816386021947938,0.09272511077361259
0.00036208847689415014,0.9454070228219285,0.04586399943814617,0.008366889263031122
0.9187865553113841,0.00018993369175562754,0.0172725835487568,0.06375092744810339

Transition Gammas
1.0,1.0,801.1968036372123,7405.803196362801
3546.534500992826,511.46549900717685,1.0,1.0
111.29230937570917,61.09839325302631,1819.1458752425406,141.93571716094596
66.39977083733834,118.53651654125845,2283.1019433277993,151.82613849268628

87.82874901350456,66.5392299969519,136.3992246344239,1782.6470241537231
28.011662993976085,35.51897271427215,570.6476987856378,64.81415612231015
1.5378558617234686,4015.316212855502,194.79277822655965,35.53570610120524
6634.376857852252,1.3714738007707605,124.72192579304259,460.3328980853172

Iteration: ,35000
Error:,0.0280810097662079
Absolute Error:,0.06021465546412717
Transition Probabilities
0.00011298158400180759,0.00011298158400180759,0.09800201430155837,0.901772022530438
0.8748135376311811,0.12472869171191815,0.0002288853284504462,0.0002288853284504462
0.053046380880634604,0.02857035203375918,0.8516226053555767,0.06676066173002942
0.02616685513137394,0.047008390195180966,0.8694153476706723,0.057409407002772736

0.042301481620556185,0.0322031907577648,0.06623687865882105,0.8592584489628579
0.040929162637524275,0.05041668501123988,0.8168145773526231,0.0918395749986127
0.0003366156070802516,0.9463979280187548,0.04500598779052302,0.008259468583641868
0.9191867806359443,0.00017657149525289933,0.016628118546960703,0.06400852932184209

Transition Gammas
1.0,1.0,867.415828583094,7981.584171416915
3822.0603459106323,544.9396540893707,1.0,1.0
121.01059033773453,65.17532597637097,1942.740532119125,152.29591450296155
73.82383352193801,132.62348702127454,2452.8577685631685,161.9675915920181

94.51485039816818,71.95208395099694,147.99407579704953,1919.854356061648
30.97794773505333,38.15874385421598,618.220302002,69.51037771068906
1.539647759805049,4328.734078603872,205.8531061008473,37.77802346209288
7154.105211834517,1.3742702582996478,129.41799432484345,498.1835714678533

Iteration: ,37500
Error:,0.02910691693200995
Absolute Error:,0.059189161491013775
Transition Probabilities
0.00010513036164844394,0.00010513036164844394,0.09814702831336848,0.9016427109633347
0.8761033633715039,0.12346882914186513,0.0002139037433155079,0.0002139037433155079
0.053559981260340624,0.029258886543985885,0.8497085507056704,0.0674725814900031
0.02695775815529096,0.047981890976552914,0.8686810516618004,0.05637929920635565

0.042094448871847365,0.03094726441041608,0.06530807797445505,0.8616502087432816
0.041199047056472024,0.04654752823322693,0.8240159220171547,0.08823750269314641
0.0003135407190472329,0.9454897066101924,0.045624355702209234,0.008572396968551043
0.9195803809204085,0.00016530922068735499,0.016141054011239095,0.06411325584766502

Transition Gammas
1.0,1.0,933.5745333167621,8576.42546668325
4095.783223761783,577.2167762382198,1.0,1.0
130.84549335509334,71.47861807978884,2075.81354415914,164.83357546538932
81.84814795976422,145.68084220561892,2637.45727061892,171.17674239554395

99.47862592710345,73.13532834515611,154.33763911763504,2036.2727412475986
33.77416467290512,38.15874385421598,675.511970098619,72.3353611116129
1.5413462929547286,4647.9674433958835,224.2864395531811,42.14135991447428
7653.883984539681,1.3759075584553957,134.34579222597145,533.6297210233878

Iteration: ,40000
Error:,0.02878400152864935
Absolute Error:,0.05902403308259294
Transition Probabilities
9.877518767285648e-05,9.877518767285648e-05,0.09856839075803664,0.9012340588666177
0.8749551374496269,0.12464510240645947,0.00019988007195682588,0.00019988007195682588
0.054179449688742005,0.02852720710007717,0.8508401123923698,0.06645323081881103
0.02656382453067678,0.0483271946487552,0.8695614852132773,0.05554749560729073

0.041763345279785855,0.031165321347330573,0.06482427826604786,0.8622470551068357
0.04072182010590853,0.04616092729963616,0.8249440482612405,0.0881732043332149
0.00029370202284601047,0.9447649198080605,0.04612635333814071,0.00881502483095267
0.9193914999230489,0.0001557792670762803,0.015808393964354153,0.0646443268455206

Transition Gammas
1.0,1.0,997.906388034364,9124.093611965647
4377.400552660484,623.5994473395168,1.0,1.0
142.46015896839648,75.00981426996337,2237.210203581891,174.73300081116378
86.30544279574936,157.01428566584957,2825.191415219355,180.47292847631334

105.33139611317687,78.60210397032054,163.4934099758711,2174.6745980341175
35.44812434416496,40.18283776372854,718.1093360682152,76.75429788988635
1.5429266255504583,4963.203642700757,242.31899397669503,46.3086239065379
8133.800440607613,1.3781696603553888,139.85589577815827,571.9044109314549

Iteration: ,42500
Error:,0.0284142202802672
Absolute Error:,0.058694371731443776
Transition Probabilities
9.296272194849854e-05,9.296272194849854e-05,0.09917942598792452,0.9006346485681785
0.8753621885448717,0.12426144713446588,0.00018818216033120064,0.00018818216033120064
0.0546223057457782,0.029425541299199692,0.850788001359093,0.06516415159592903
0.026190784971279697,0.049392154557126915,0.8684088518221121,0.056008208649481306

0.04057366393476798,0.030562361846546676,0.06422474024068221,0.8646392339780031
0.04048552043415808,0.04539466823374104,0.8267316261514751,0.08738818518062581
0.000276913029181812,0.9443684572234141,0.04647346571087474,0.008881164036529448
0.9206103322086819,0.00014693933566840451,0.01513579667659635,0.0641069317790533

Transition Gammas
1.0,1.0,1066.8730853521054,9688.126914647908
4651.674669927447,660.3253300725515,1.0,1.0
153.91918756127419,82.91768991596622,2397.4198117074775,183.62486048184323
90.46863778657124,170.61118805820686,2999.6720584090303,193.4644703066742

108.81864420643744,81.96831287494074,172.25087605442621,2318.9640777931627
37.3125750376148,41.83698138532561,761.9387253997074,80.53936770445978
1.5440829510611163,5265.852743105011,259.1387133097682,49.52188062403727
8646.86263357602,1.3801325126835555,142.16346496814913,602.1264519415041

Iteration: ,45000
Error:,0.027885626059355507
Absolute Error:,0.05814779644962268
Transition Probabilities
8.781173164734808e-05,8.781173164734808e-05,0.09817773194326705,0.9016466445934382
0.8756714711299799,0.12397221317431371,0.000178157847853198,0.000178157847853198
0.0548190926552211,0.03049151119597179,0.848831425427883,0.06585797072092395
0.02579881074582766,0.0478118437913587,0.8692321463618307,0.05715719910098296

0.040267078989481626,0.029741107139620037,0.06368448065594305,0.8663073332149552
0.039946015587846585,0.0447672084527692,0.8310576626407306,0.08422911331865372
0.0002626389828067644,0.9448646437541328,0.04608994718936378,0.008782770073696523
0.9198563348767756,0.00013847509053801815,0.014637003906843863,0.0653681861258425

Transition Gammas
1.0,1.0,1118.0480113699252,10267.951988630075
4915.143967452575,695.8560325474226,1.0,1.0
163.27660090559743,90.81781662942342,2528.2124014235724,196.15548308110627
94.36943917534609,174.89088659869634,3179.563235433809,209.07525068246375

114.95761438402417,84.90724462043731,181.81144878686405,2473.202100797806
38.6559832371179,43.32147860196883,804.2191593669851,81.50898517933275
1.5454038815246696,5559.713460539083,271.1995855471129,51.67902653817214
9183.334143676113,1.3824583022051762,146.12770781955467,652.5996210484768

Iteration: ,46583
Error:,0.028224961490333003
Absolute Error:,0.05845655521421851
Transition Probabilities
8.482483671218936e-05,8.482483671218936e-05,0.09772161734618318,0.9021087329803925
0.8748822528948401,0.12477392726675526,0.00017190991920233814,0.00017190991920233814
0.054774746860422295,0.030656833678947018,0.8486880171324283,0.06588040232820251
0.025655145505171305,0.04725272701635305,0.8700782561454561,0.05701387133301956

0.04196385043545191,0.029888107875924757,0.06348917704020797,0.8646588646484155
0.03863919906296132,0.04652790923927761,0.8304452944369681,0.0843875972607928
0.0002536315617751917,0.9442897040859444,0.04679949391081595,0.008657170441464444
0.9185992360712664,0.00013397070628768613,0.014503210413411174,0.06676358280903481

*,*,*,*,*,*,*,*,*,*,*
Model Num 2
Model States: 
"['diamond', 'x', 'square']","['diamond', 'x', 'diamond']","['square', 'y', 'diamond', 'x', 'diamond']","['square', 'y', 'diamond', 'x', 'square']"
Iteration: ,46583
Error:,0.028631746428673187
Absolute Error:,0.05845655521421851
Transition Probabilities
8.482483671218936e-05,8.482483671218936e-05,0.09772161734618318,0.9021087329803925
0.8748822528948401,0.12477392726675526,0.00017190991920233814,0.00017190991920233814
0.054774746860422295,0.030656833678947018,0.8486880171324283,0.06588040232820251
0.025655145505171305,0.04725272701635305,0.8700782561454561,0.05701387133301956

0.04196385043545191,0.029888107875924757,0.06348917704020797,0.8646588646484155
0.03863919906296132,0.04652790923927761,0.8304452944369681,0.0843875972607928
0.0002536315617751917,0.9442897040859444,0.04679949391081595,0.008657170441464444
0.9185992360712664,0.00013397070628768613,0.014503210413411174,0.06676358280903481

Transition Gammas
1.0,1.0,1152.0401468941532,10634.959853105844
5089.19006508928,725.8099349107147,1.0,1.0
169.14483408428134,94.66853510776633,2620.755039050774,203.43918246861261
97.38156641801758,179.36146857744018,3302.635078511744,216.41273080464956

123.33635308907942,87.84442294731132,186.60164583350007,2541.3271166790882
38.6559832371179,46.548120127462454,830.806024959012,84.42425371753696
1.5461432781509488,5756.409684902385,285.2906886849123,52.77429114970095
9485.884682718312,1.3834440752884782,149.7669234945286,689.4319336038351

