0,1,2,3,4,5,6,7,8,9,10,11,12,13,14,15,16,17,18,19,20,21,22,23,24,25,26,27,28,29
github Code Version (SHA):,528ca1c557fe8e6666681dc5c9134b0f84d30530
Environment Observations,Environment Actions,alpha,epsilon,numActions,explore,patience,gainThresh,insertRandActions,useUpdatedPosterior,revisedSplitting,haveControl,confidence_factor
"['diamond', 'square']","['x', 'y']",0.85,0.99,75000,0.5,0,0.01,False,True,False,False,250

Model Num 0
Model States: 
['diamond'],['square']
Iteration: ,0
Error:,0.5064104648304997
Absolute Error:,1
Transition Probabilities
0.5,0.5
0.5,0.5

0.5,0.5
0.5,0.5

Transition Gammas
1.0,1.0
1.0,1.0

1.0,1.0
1.0,1.0

Iteration: ,2468
Error:,0.0848526837370366
Absolute Error:,1
Transition Probabilities
0.4945652173913043,0.5054347826086957
0.12083333333333333,0.8791666666666667

0.096,0.904
0.915954415954416,0.08404558404558404


Model Num 1
Model States: 
['square'],"['diamond', 'x', 'square']","['diamond', 'x', 'diamond']"
Iteration: ,0
Error:,0.5697396847147557
Absolute Error:,1
Transition Probabilities
0.3333333333333333,0.3333333333333333,0.3333333333333333
0.3333333333333333,0.3333333333333333,0.3333333333333333
0.3333333333333333,0.3333333333333333,0.3333333333333333

0.3333333333333333,0.3333333333333333,0.3333333333333333
0.3333333333333333,0.3333333333333333,0.3333333333333333
0.3333333333333333,0.3333333333333333,0.3333333333333333

Transition Gammas
1.0,1.0,1.0
1.0,1.0,1.0
1.0,1.0,1.0

1.0,1.0,1.0
1.0,1.0,1.0
1.0,1.0,1.0

Iteration: ,2500
Error:,0.08073403839651548
Absolute Error:,1
Transition Probabilities
0.8776978417266187,0.07964242770731518,0.0426597305660661
0.9957627118644068,0.00211864406779661,0.00211864406779661
0.002915451895043731,0.8614692529554474,0.13561529514950885

0.12343966712898752,0.34710378029964695,0.5294565525713655
0.8775163410408902,0.04689897409627875,0.07558468486283107
0.8466162196025387,0.10766417148472399,0.045719608912737304

Transition Gammas
610.0,55.35148725658405,29.648512743415935
470.0,1.0,1.0
1.0,295.48395376371855,46.516046236281554

89.0,250.26182559604544,381.7381744039545
77.90018679735759,4.1633855369245,6.7099161513615355
88.28557649989081,11.227275390937312,4.76766442309069

Iteration: ,5000
Error:,0.07038943524740159
Absolute Error:,1
Transition Probabilities
0.8843441466854725,0.06728346333328825,0.04837238998123926
0.9978813559322034,0.001059322033898305,0.001059322033898305
0.0015060240963855427,0.8758048574304387,0.12268911847317569

0.1234396671289876,0.37390367561580007,0.5026566572552125
0.8990776897497594,0.03535621784031609,0.06556609240992457
0.8723924311230513,0.08442593563532365,0.04318163324162507

Transition Gammas
1254.0,95.40795100660273,68.59204899339727
942.0,1.0,1.0
1.0,581.5344253338111,81.46557466618863

178.0,539.1691002379833,724.8308997620159
162.9453178171335,6.407822392306953,11.882941694100204
168.3312312989086,16.29028541749452,8.3320501574083

Iteration: ,7500
Error:,0.06833487023726821
Absolute Error:,1
Transition Probabilities
0.884180790960452,0.06914109889480162,0.046678110144746404
0.9985945186226283,0.0007027406886858749,0.0007027406886858749
0.001007049345417926,0.865634819496239,0.1333581311583431

0.11792014856081713,0.3855283434441877,0.4965515079949951
0.8918198795632404,0.045008996388171824,0.06317112404858771
0.8659310264877936,0.09319750152448865,0.04087147198771782

Transition Gammas
1878.0,146.85569405255865,99.14430594744137
1421.0,1.0,1.0
1.0,859.5753757597649,132.42462424023464

254.0,830.42805177878,1069.571948221219
244.6907545936865,12.349226051251422,17.332412481711444
243.64909174522333,26.22320474122175,11.500104192464985

Iteration: ,10000
Error:,0.0670421115966834
Absolute Error:,1
Transition Probabilities
0.8874032371569317,0.06661245758342646,0.04598430525964182
0.9989528795811519,0.0005235602094240838,0.0005235602094240838
0.0007570022710068132,0.8605349282587382,0.13870806947025505

0.11405650505755152,0.39421368129436823,0.4917298136480802
0.8859401257258965,0.05012582868469814,0.06393404558940535
0.8764158791571671,0.08521172823347321,0.03837239260935964

Transition Gammas
2522.0,189.312604452098,130.68739554790204
1908.0,1.0,1.0
1.0,1136.7666402297928,183.23335977020685

327.0,1130.210624270953,1409.789375729045
310.37494628805,17.560781969221534,22.398269803538476
323.8519766106767,31.487319291111717,14.179313142720362

Iteration: ,12500
Error:,0.06912048463954434
Absolute Error:,1
Transition Probabilities
0.8896726862302483,0.06492224259925704,0.045405071170494665
0.9991578947368421,0.0004210526315789474,0.0004210526315789474
0.0005871990604815036,0.8521544143134465,0.14725838662607202

0.11650758001122971,0.38606667708884346,0.49742574289992686
0.8736700437579298,0.05340571979134814,0.0729242364507221
0.8703596013448983,0.08960456221524625,0.04003583643985544

Transition Gammas
3153.0,230.08442777176694,160.9155722282331
2373.0,1.0,1.0
1.0,1451.2189675757984,250.7810324242005

415.0,1375.1695037904597,1771.8304962095385
382.6606640016223,23.39128867110865,31.94024671146492
394.21089015312566,40.58448275640477,18.13338153171724

Iteration: ,15000
Error:,0.06432162110511488
Absolute Error:,1
Transition Probabilities
0.8923366243535495,0.0639207759982447,0.043742599648205704
0.9992994746059545,0.0003502626970227671,0.0003502626970227671
0.0004897159647404509,0.8538309630332992,0.14567932100196032

0.11407199625993457,0.38957373347239116,0.4963542702676742
0.8770188808211338,0.04989255329851464,0.07308856588035159
0.8760460693115101,0.08387204418739971,0.04008188650109009

Transition Gammas
3796.0,271.91898109653295,186.08101890346705
2853.0,1.0,1.0
1.0,1743.5228265139956,297.47717348600275

488.0,1666.596431794889,2123.40356820511
462.2315875144685,26.29580117446307,38.521227506983266
467.5194040167767,44.75998407592728,21.39049571169798

Iteration: ,17500
Error:,0.06580220833940073
Absolute Error:,1
Transition Probabilities
0.8917986195696306,0.06462268962574277,0.04357869080462671
0.9994047619047619,0.00029761904761904765,0.00029761904761904765
0.0004214075010535191,0.8501582022044147,0.1494203902945318

0.11569095977698132,0.3942435038673918,0.4900655363556269
0.8789442715430781,0.05138121011797035,0.06967451833895158
0.8763159579206827,0.08607259094008717,0.03761145113923

Transition Gammas
4393.0,318.33136909640893,214.66863090359115
3358.0,1.0,1.0
1.0,2017.4254138310746,354.5745861689237

581.0,1979.890876422041,2461.1091235779572
530.8059691229168,31.029786431733708,42.07735510369843
541.3727238669355,53.174146363927264,23.235698914062333

Iteration: ,20000
Error:,0.06377662720660676
Absolute Error:,1
Transition Probabilities
0.889656393907191,0.06507313435060777,0.04527047174220131
0.9994752033586985,0.0002623983206507478,0.0002623983206507478
0.0003648303538854434,0.8455032647702936,0.154131904875821

0.1127106741573034,0.39235460122703153,0.49493472461566507
0.8838141480101875,0.049840718226623705,0.06634513376318876
0.8741733587668205,0.08806196377470929,0.03776467745847026

Transition Gammas
5023.0,367.40291654353143,255.5970834564686
3809.0,1.0,1.0
1.0,2317.5244487353734,422.4755512646252

642.0,2234.851808589171,2819.148191410827
619.8633989725793,34.95580725511699,46.53118555787883
619.1191550306506,62.368462794896075,26.746222546836776

Iteration: ,21517
Error:,0.06360235450451171
Absolute Error:,1
Transition Probabilities
0.8894736842105263,0.06499359489847051,0.04553272089100319
0.99951171875,0.000244140625,0.000244140625
0.00034048348655090226,0.8464477278604665,0.15321178865298266

0.113791979132703,0.3930319718068796,0.4931760490604174
0.884748453009104,0.047867311268394205,0.0673842357225019
0.8743911755104152,0.08791476779764182,0.03769405669194291


Model Num 2
Model States: 
"['diamond', 'x', 'square']","['diamond', 'x', 'diamond']","['square', 'y', 'diamond', 'x', 'diamond']","['square', 'y', 'diamond', 'x', 'square']"
Iteration: ,0
Error:,0.5057766287152177
Absolute Error:,0.6
Transition Probabilities
0.25,0.25,0.25,0.25
0.25,0.25,0.25,0.25
0.25,0.25,0.25,0.25
0.25,0.25,0.25,0.25

0.25,0.25,0.25,0.25
0.25,0.25,0.25,0.25
0.25,0.25,0.25,0.25
0.25,0.25,0.25,0.25

Transition Gammas
1.0,1.0,1.0,1.0
1.0,1.0,1.0,1.0
1.0,1.0,1.0,1.0
1.0,1.0,1.0,1.0

1.0,1.0,1.0,1.0
1.0,1.0,1.0,1.0
1.0,1.0,1.0,1.0
1.0,1.0,1.0,1.0

Iteration: ,2500
Error:,0.04829969508984927
Absolute Error:,0.14673238981186942
Transition Probabilities
0.0016778523489932886,0.0016778523489932886,0.1652446556832997,0.8313996396187138
0.7801973667457822,0.21446929992088454,0.0026666666666666666,0.0026666666666666666
0.12857542515116407,0.032833433333530136,0.7326344671066205,0.10595667440868524
0.028387752972786576,0.06176295477979693,0.8010285811622894,0.10882071108512707

0.06832876925570819,0.02754065760995662,0.2621023619691639,0.6420282111651712
0.06484187180557885,0.07595502281648694,0.5215704190581854,0.33763268631974885
0.003539874545029611,0.9331766312320424,0.04132547968256604,0.02195801454036188
0.8699895737487366,0.003007945932731211,0.06282323370819688,0.06417924661033528

Transition Gammas
1.0,1.0,98.48581478724662,495.51418521275343
292.5740125296683,80.4259874703317,1.0,1.0
16.847690970014774,4.302280452407974,95.99967553116853,13.883876367114933
4.370824336259749,9.509559495238474,123.33329869187156,16.75497926010293

10.576111381967763,4.262817340167536,40.568911219356316,99.3748598959452
2.9708088756318327,3.4799713464259296,23.896380333544858,15.469050372722718
1.2301854540706156,324.2997183140779,14.36152703755162,7.630900401753729
436.27960952697714,1.5084151771561818,31.504395797908796,32.18440484320035

Iteration: ,5000
Error:,0.044301651061897686
Absolute Error:,0.12537169925835268
Transition Probabilities
0.0008071025020177557,0.0008071025020177557,0.1537922477913143,0.8445935472046503
0.8053985991567785,0.19182747573919928,0.001386962552011096,0.001386962552011096
0.10351534321200333,0.03446876008998367,0.7240595201389856,0.13795637655902737
0.024994982597035014,0.04773321578729932,0.8458444984460516,0.08142730316961405

0.0697740073092416,0.03228242003664339,0.22760212120606946,0.6703414514480457
0.0517346176351646,0.11036872301460705,0.5964384297350768,0.24145822961515162
0.0018387509773778133,0.9350144396145021,0.04318329847544979,0.019963510932670278
0.8859824542590945,0.0014972907990732707,0.05874651513060197,0.053773739811230126

Transition Gammas
1.0,1.0,190.54859501343856,1046.4514049865625
580.6923899920372,138.30761000796267,1.0,1.0
29.655137395044505,9.874630992739286,207.42900410363296,39.5218252138883
7.630675073566385,14.572391017888418,258.2264062536769,24.858800768991657

20.493812516855893,9.481895756526713,66.85061357824709,196.89068405325375
4.685725846148128,9.996354504500875,54.02082964166015,21.869439052427737
1.2510141376209079,636.1471984126581,29.380224710434426,13.58239082974446
919.6223627855675,1.5541415022403842,60.97706426364901,55.81547740962181

Iteration: ,7500
Error:,0.03907457954605703
Absolute Error:,0.11432667586139625
Transition Probabilities
0.0005422993492407807,0.0005422993492407807,0.15033936454446897,0.8485760367570495
0.815092776553748,0.1830257559015672,0.0009407337723424273,0.0009407337723424273
0.09035248285805557,0.03608085733037017,0.7471453072028069,0.12642135260876733
0.027189610914730784,0.051780925132205835,0.8450525455685554,0.07597691838450803

0.06234663457168019,0.029409784085922215,0.2089601468736337,0.699283434468764
0.04779882769769767,0.10397330143747453,0.6182875902177607,0.22994028064706698
0.001242596484914695,0.9325252204221028,0.04716026405658139,0.01907191903640115
0.888846354688922,0.001028976490361079,0.059118271141832886,0.051006397678884124

Transition Gammas
1.0,1.0,277.2257882200009,1564.7742117799999
866.4436214766339,194.55637852336588,1.0,1.0
43.53742795039932,17.385994017203416,360.02093082404986,60.91764560851255
12.755336330484784,24.291745756725827,396.4355896619115,35.642700088185066

27.0105698228414,12.741265538786951,90.52826469458259,302.95210258637496
6.77441936950585,14.735900043913102,87.62849694947735,32.588914123517974
1.2684121021639883,951.8989386467946,48.14004417107599,19.46814851880391
1365.2137395408135,1.580445073431248,90.80205549020444,78.3427130553581

Iteration: ,10000
Error:,0.0360064810028851
Absolute Error:,0.1062265412199504
Transition Probabilities
0.00040899795501022485,0.00040899795501022485,0.14320811128415245,0.8559738928058271
0.820077957530808,0.17848937771274506,0.000716332378223496,0.000716332378223496
0.0779742677363169,0.037880885973173094,0.7640393043658541,0.12010554192465586
0.027739817831323788,0.05018341962895843,0.8485837709711911,0.0734929915685267

0.05438757585919817,0.027520651026453263,0.19376875403998134,0.7243230190743672
0.05059612977631823,0.09949995949561775,0.6282492112072448,0.22165469952081923
0.0009375881776166903,0.9299599053280929,0.05129685998563124,0.017805646508659328
0.8867025188144562,0.0007791569072381701,0.061778514220950945,0.05073981005735474

Transition Gammas
1.0,1.0,350.14383208975283,2092.8561679102477
1144.8288287130074,249.17117128699198,1.0,1.0
51.93318954061555,25.229800655056042,508.8729803054151,79.99387560450755
17.407284640139807,31.491088910844915,532.5031091451046,46.118306582537805

31.041280509602707,15.707194792623653,110.59199004792617,413.40165762962954
10.18542700336031,20.030179754070286,126.47185681907953,44.62095760885195
1.2819771438495104,1271.5469027751178,70.13889853004598,24.345904097883274
1819.600349797804,1.5989062294009528,126.77555741775599,104.12305612087273

Iteration: ,12500
Error:,0.03468316471735193
Absolute Error:,0.1038413820128882
Transition Probabilities
0.00032873109796186737,0.00032873109796186737,0.14459141251599897,0.8547511252880774
0.8270998260755462,0.17175404211929612,0.0005730659025787965,0.0005730659025787965
0.07735912774848035,0.036907787668113944,0.7739614572572311,0.11177162732617471
0.026746200740360774,0.04970443323256151,0.8532199262826722,0.07032943974440552

0.06090067287567662,0.028841844794237053,0.18090292361081423,0.729354558719272
0.047145821801562515,0.09192851295987402,0.6301577212459639,0.2307679439925995
0.0007447446240458215,0.9275857684702378,0.05472415632379606,0.016945330581920288
0.886567143164967,0.0006367050485852245,0.063577233680035,0.04921891810641266

Transition Gammas
1.0,1.0,439.8470768736686,2600.15292312633
1443.2891965018284,299.7108034981718,1.0,1.0
66.03193287984543,31.503619921468946,660.6353055499746,95.4056335468189
21.348413692504433,39.67332830935282,681.0272656588505,56.13589716912368

43.37677034159998,20.542729969858186,128.84889773893343,519.4859711279236
12.021236884797752,23.43992295667695,160.67755216499418,58.84118706911243
1.2922236577611437,1609.4755650710724,94.95315195222875,29.402235826268345
2243.396044713494,1.6111375192024473,160.8777357374686,124.54502409239153

Iteration: ,15000
Error:,0.03527374321300355
Absolute Error:,0.10077779955344598
Transition Probabilities
0.00027427317608337933,0.00027427317608337933,0.1411150949820124,0.8583363586658208
0.833386902206577,0.16564784682817213,0.00048262548262548264,0.00048262548262548264
0.07735080622767139,0.036559399005313485,0.7762133489797174,0.10987644578729777
0.028737185889845484,0.05540088145816874,0.8515007619451034,0.06436117070688237

0.06063618988647534,0.030616239600196934,0.16728283424167328,0.7414647362716545
0.044828779250914136,0.09733626341501658,0.6350447056156745,0.2227902517183948
0.0006309030881420302,0.9286702465610873,0.05404349647547866,0.016655353875291986
0.8869415879460456,0.0005316640976431768,0.06493215958226728,0.04759458837404381

Transition Gammas
1.0,1.0,514.5056363044167,3129.4943636955795
1726.7776613720275,343.22233862797265,1.0,1.0
81.70460589910915,38.6171965531347,819.9036165873551,116.06099714361383
27.671735815669315,53.34685732771661,819.9308109605829,61.97493795721205

53.038584871194665,26.78008010582584,146.32259741306638,648.5605447401912
13.594724313823484,29.518083895578524,192.58293096665665,67.56311687557618
1.2977710133710014,1910.2796445589163,111.1677601605033,34.26015165093683
2707.602686997794,1.6230326313737955,198.22104651181533,145.29393718761358

Iteration: ,17500
Error:,0.035307223993100025
Absolute Error:,0.09719253710122332
Transition Probabilities
0.00023607176581680875,0.00023607176581680875,0.13973155169007279,0.8597963047782935
0.8291367156201074,0.17004125396476732,0.0004110152075626798,0.0004110152075626798
0.07493041527151954,0.036774372481547815,0.7774113770381603,0.11088383520877232
0.02810771563139389,0.05717929416096599,0.8518980737686445,0.06281491643899555

0.05610555103442732,0.03434824636672158,0.15301326549793576,0.7565329371009154
0.045797676852070465,0.09546547291306529,0.650653206320737,0.20808364391412718
0.0005455436931157769,0.9322961957804723,0.05147342190039588,0.015684838626016034
0.8877592699538294,0.00045841330272633837,0.06606783053350174,0.045714486209942395

Transition Gammas
1.0,1.0,591.9028529591471,3642.0971470408444
2017.2896291037212,413.7103708962789,1.0,1.0
92.7517715129516,45.52074323331756,962.3099265275198,137.25630787572788
31.79809725841681,64.68660707764016,963.7473980168462,71.06215419283622

58.4448986051452,35.780412796155694,159.39322620290343,788.0769368646663
16.420245438625322,34.228078887283154,233.28443880952042,74.6060660646592
1.3024139736641074,2225.7348188620463,122.88603974596096,37.44549384214858
3164.4629857824884,1.634037489400978,235.50213593949815,162.95160683926204

Iteration: ,20000
Error:,0.033235010446958035
Absolute Error:,0.09444175414120616
Transition Probabilities
0.00020686801820438594,0.00020686801820438594,0.14144658023591627,0.858139683727675
0.8322767137903956,0.1670056686997372,0.00035880875493362035,0.00035880875493362035
0.07780117823410568,0.036352604467503144,0.7778813511067278,0.10796486619166341
0.02791783460843595,0.06005365381222293,0.8491760676742002,0.0628524439051409

0.0587448791647336,0.034952326014556695,0.14669710788898035,0.7596056869317294
0.04536849451302138,0.08629539226730204,0.6683749374533258,0.19996117576635083
0.0004747892552276352,0.9301379158016855,0.053188899386341616,0.01619839555674533
0.8874715365512069,0.00040595837523825815,0.06777305149658713,0.04434945357696775

Transition Gammas
1.0,1.0,683.7527688604181,4148.247231139574
2319.555201333833,465.4447986661677,1.0,1.0
110.08346716650654,51.436505605015434,1100.650120186185,152.76306956153735
36.37335409186985,78.24220055958449,1106.3673894866495,81.88866471077482

69.97892944566559,41.63641820209805,174.75066267578563,904.8685354047554
18.9021414637874,35.95375446812327,278.4689629709174,83.31099526602092
1.3084572636553942,2563.338783958998,146.581669617876,44.64066550037006
3587.8428695044518,1.6411961419904721,273.9908262314821,179.29461873323

Iteration: ,22500
Error:,0.032460906268081596
Absolute Error:,0.09301144502969177
Transition Probabilities
0.00018402649981597385,0.00018402649981597385,0.14094417036847326,0.8586877766318948
0.8318197682705933,0.16754186594581252,0.0003191828917969998,0.0003191828917969998
0.07731087057394247,0.0355205093827978,0.7813387713639277,0.10582984867933193
0.028441721624120477,0.06173048154726822,0.8497157880914622,0.0601120087371491

0.0629105335966431,0.03495716530139697,0.14320248142912906,0.7589298196728309
0.04391170349275523,0.08021385512384258,0.6799117387263109,0.19596270265709112
0.000421383167183514,0.9280386383736241,0.05518722840183386,0.016352750057358676
0.8878071190609289,0.00036347761274098573,0.06861197911056917,0.043217424215760906

Transition Gammas
1.0,1.0,765.8906217822823,4666.109378217708
2606.0913339917684,524.9086660082305,1.0,1.0
124.53267446065112,57.21658544012548,1258.5837688205352,170.47116396391053
41.76423603090791,90.64593331281648,1247.7349719555934,88.26934439373723

84.06587506203013,46.712442618779214,191.35812755268418,1014.1401726223735
20.867731167178786,38.1192491173461,323.1078335070877,93.12544657978577
1.312660793818089,2890.9553836327045,171.91505661407354,50.94084325882168
4025.3355525313395,1.648014896144459,311.0881101465435,195.9486812502033

Iteration: ,25000
Error:,0.03381131649253241
Absolute Error:,0.09197952043711341
Transition Probabilities
0.000164717509471257,0.000164717509471257,0.141463337951947,0.8582072270291105
0.8326476925739642,0.16677643642114087,0.0002879355024474517,0.0002879355024474517
0.07816497593802034,0.0370189824354411,0.7820171323318535,0.10279890929468508
0.03055205067694135,0.06050666689845951,0.8482745273146524,0.06066675510994681

0.062155441130292206,0.03533922548380101,0.14093644347675544,0.7615688899091514
0.047959050787090125,0.08103124672582614,0.6789535125890886,0.19205618989799497
0.00038117084013449795,0.9267947351667705,0.05651366285889559,0.01631043113419946
0.8880972850327051,0.000326594544234211,0.06966685056435733,0.04190926985870327

Transition Gammas
1.0,1.0,858.8239247062692,5210.176075293723
2891.7854363093784,579.2145636906224,1.0,1.0
140.43616821492765,66.51065879648408,1405.0217277645463,184.69505996479575
49.393082636548115,97.82030115684853,1371.3938311104564,98.07911357971143

92.00350394546643,52.30970148555567,208.61643643221163,1127.2867683558777
24.945765080723007,42.14817457489571,353.1557557502434,99.89748581061937
1.3152326059659132,3197.911609132449,195.00078245323562,56.27925482833702
4498.293135279652,1.654230928421807,352.86890403978805,212.27424527375385

Iteration: ,27500
Error:,0.032954877769577916
Absolute Error:,0.09053234120923051
Transition Probabilities
0.000150195253829979,0.000150195253829979,0.1383158376527768,0.8613837718395633
0.8305104123304129,0.16896132565162628,0.00026413100898045437,0.00026413100898045437
0.07818989075837486,0.03674395448653711,0.7829794900825483,0.10208666467253973
0.031127237717303285,0.05869530218136142,0.849552993797109,0.06062446630422618

0.06156774557637311,0.033565250389039784,0.13655034294177576,0.7683166610928113
0.04973195248278001,0.08008349614110476,0.6838442627298994,0.1863402886462158
0.00034909695602364926,0.9234977473504866,0.05952825061453824,0.01662490507895164
0.8881414169630112,0.0002965120162332814,0.07029218237987024,0.04126988864088528

Transition Gammas
1.0,1.0,920.9068470921878,5735.093152907812
3144.3124210829424,639.687578917057,1.0,1.0
157.71297291485158,74.11441866094522,1579.3093188206908,205.91397716901517
55.27637248645483,104.23229378874173,1508.6532302867079,107.65814209598486

101.27677512342449,55.21365584834319,224.62050941894162,1263.8538731705312
28.455341414647346,45.82171241241289,391.27806166799684,106.61911041131926
1.3186557509827597,3488.359306922303,224.85807642930612,62.797816805990564
4974.448085513768,1.6607531225456893,393.7039815819025,231.1511597342478

Iteration: ,30000
Error:,0.03244804444457554
Absolute Error:,0.08912628632968837
Transition Probabilities
0.00013758943313153552,0.00013758943313153552,0.1373866398090729,0.862338181324664
0.8327051837633028,0.16680772417629777,0.0002435460301997078,0.0002435460301997078
0.07816623161414003,0.038787084780538085,0.781883912727116,0.10116277087820588
0.031238054419445677,0.056497269050553925,0.8529308817509844,0.059333794779016

0.061405967811204554,0.03129338672216763,0.13547300091105358,0.7718276445555742
0.048685964907610846,0.07770248252699168,0.6918783739667224,0.18173317859867522
0.0003204770989233831,0.9234582970899031,0.059055029983585736,0.01716619582758775
0.8885525827206492,0.00027215621220535763,0.07100625761250892,0.04016900345463643

Transition Gammas
1.0,1.0,998.5260981323416,6267.473901867657
3419.0874845321205,684.9125154678785,1.0,1.0
173.32910206060924,86.00811933401727,1733.782398230786,224.32259910954497
60.4463723524764,109.32354864590904,1650.4413807907342,114.8122928573048

110.05677976797209,56.086557926494564,242.8057525551055,1383.332404382133
30.887630577995843,49.296456994153324,438.94546735475774,115.29621103274712
1.3223540085689673,3810.3776681872832,243.67312325060905,70.83123237432143
5438.054346637411,1.6656304888745272,434.56728994681976,245.8393887818502

Iteration: ,32500
Error:,0.03379412594029902
Absolute Error:,0.08920002031020943
Transition Probabilities
0.00012696800406297615,0.00012696800406297615,0.13601527994325985,0.8637307840486143
0.8293034548977646,0.1702461960817444,0.0002251745102454404,0.0002251745102454404
0.07850766305680795,0.03901320423849703,0.7811078884140158,0.10137124429067929
0.03214128821248541,0.05788093847746911,0.8518116273770291,0.05816614593301636

0.06488347205519863,0.03228282830744653,0.1312687925939884,0.7715649070433664
0.051644644699051355,0.0793770870820534,0.6930939576348515,0.17588431058404375
0.00029771340559256237,0.924204428285932,0.057784411152818,0.017713447155657227
0.8900843703206104,0.00025184686655764396,0.07073876649935915,0.03892501631347272

Transition Gammas
1.0,1.0,1071.2563448331143,6802.743655166884
3682.9366432009697,756.0633567990263,1.0,1.0
189.1323272797406,93.98646991858112,1881.7622005307642,244.21283993724353
67.72119405234575,121.9542365772982,1794.753842231998,122.55516424748375

126.11289599202955,62.74758177555559,255.14490922004464,1499.677526354938
36.34999908634788,55.86943350512774,487.83305362236075,123.79588563904585
1.3252552357958314,4114.04637656069,257.22420283772476,78.85045868291924
5904.301452708593,1.670605472536037,469.2397886444596,258.20589376663156

Iteration: ,35000
Error:,0.032706227689935294
Absolute Error:,0.08864768269382027
Transition Probabilities
0.00011804981702278361,0.00011804981702278361,0.13558652029016172,0.8641773800757928
0.8296664247174872,0.16991323059987304,0.00021017234131988247,0.00021017234131988247
0.07958396177682983,0.03908084341142441,0.7794314722255478,0.10190372258619804
0.03168859750387711,0.05724950907217204,0.8521056657286895,0.05895622769526152

0.06433385513568543,0.031848346095119044,0.13017049233053232,0.7736473064386632
0.05034612546852707,0.07534775785613082,0.6990142067183341,0.175291909957008
0.0002773239375552363,0.9244799316262472,0.05791943127981378,0.01732331315638378
0.8912907281664825,0.00023414186514547655,0.07052501190515674,0.03795011806321535

Transition Gammas
1.0,1.0,1148.55341337796,7320.446586622041
3947.552848805801,808.4471511941953,1.0,1.0
208.1736675394004,102.22665876201506,2038.8166729350526,266.55712021693614
71.84395001221796,129.7952952162656,1931.8821808459509,133.66474407487033

135.37491030087344,67.01707812728884,273.91205899134246,1627.95210224472
38.69543696417742,57.91139610806109,537.254057217228,134.72729011315735
1.3281812902705465,4427.590922157637,277.3922281903169,82.96615367082691
6378.5360658102745,1.6756399277470586,504.71335307632114,271.590614732348

Iteration: ,37500
Error:,0.03180285474875236
Absolute Error:,0.08818622910528734
Transition Probabilities
0.00011019283746556482,0.00011019283746556482,0.1355481379881508,0.864231476336918
0.8302973509524424,0.1693085603776068,0.00019704433497536963,0.00019704433497536963
0.07843854497388576,0.03841508646974877,0.7799277100401248,0.10321865851624065
0.034385002630961316,0.05905441644979951,0.8482614495077375,0.05829913141150181

0.06545474844401557,0.033516146029939256,0.12741369311964976,0.7736154124063954
0.053619550026954885,0.0732530783381847,0.7001706089296971,0.17295676270516333
0.00025986611411796403,0.9237184496658527,0.05867396833789129,0.01734771588213811
0.8907543539741377,0.00021858647714578311,0.07154630217634553,0.03748075737237095

Transition Gammas
1.0,1.0,1230.0993522424674,7842.900647757525
4213.759056083642,859.2409439163538,1.0,1.0
221.0880544501321,108.27733650538683,2198.3158928040452,290.93365260543413
83.27992903092121,143.02885661184763,2054.4757280623694,141.1995682717353

148.00536666144498,75.78624317046369,288.1060704708391,1749.28840901568
44.51905178984201,60.82030876170341,581.3351955582726,143.6019338544208
1.3308478847042449,4730.6234942276515,300.48599031361175,88.84256057992044
6844.422931494029,1.679585724185561,549.7510611029787,287.9965212683854

Iteration: ,40000
Error:,0.03258779488901677
Absolute Error:,0.08796189529665693
Transition Probabilities
0.00010334849111202988,0.00010334849111202988,0.13555148774028034,0.8642418152774957
0.8305145863134137,0.16911518043964077,0.00018511662347278808,0.00018511662347278808
0.07905269462164888,0.0376424898860253,0.7804277989472107,0.10287701654511507
0.0349252330159289,0.059890551828562844,0.8457223340183065,0.059461881137201716

0.06421283310754915,0.0331531749325892,0.12495452509737691,0.7776794668624848
0.051608350270985315,0.07533261445708868,0.7011935674625372,0.17186546780938872
0.00024435147871878664,0.9222678523982457,0.060044981362350466,0.017442814760684974
0.8915180487495387,0.0002051889642883766,0.0716998615307866,0.03657690075538631

Transition Gammas
1.0,1.0,1311.596195374951,8362.403804625039
4486.439795265055,913.5602047349383,1.0,1.0
238.64302771560173,113.63455477575755,2355.943130661883,310.5635149842313
90.35268161299814,154.93875040217767,2187.9104068885304,153.8297657756267

155.6263068125915,80.35007839054636,302.8399514448438,1884.7849791814451
45.449199848696864,66.34211385574845,617.5102752343245,151.35434387156113
1.3328637073690628,5030.693308590645,327.5272852333902,95.1453000030113
7317.998334035726,1.6842872681388696,588.5460961433621,300.24035875386494

Iteration: ,42500
Error:,0.03269386798451396
Absolute Error:,0.08839242197507044
Transition Probabilities
9.703085581214825e-05,9.703085581214825e-05,0.13612984102563236,0.8636760972627433
0.830821642653968,0.16882876811338035,0.00017479461632581735,0.00017479461632581735
0.08130644593245741,0.0379332507043081,0.7784655234004426,0.10229477996279189
0.0355440213947519,0.060464134332605654,0.8436019002137366,0.06038994405890598

0.0648862980328308,0.03330325715243374,0.12178879260577222,0.7800216522089631
0.052321379720445274,0.07422648608128841,0.699417254794162,0.17403487940410434
0.00023116028061178598,0.9222851286467386,0.06049375807908111,0.016989952993568567
0.8917027850796456,0.0001928388957037792,0.07230985746214026,0.03579451856251052

Transition Gammas
1.0,1.0,1402.9541416101672,8901.045858389834
4753.130617623346,965.8693823766479,1.0,1.0
261.8806929747917,122.17956236191942,2507.366893080604,329.48221456652846
97.41228944696047,165.7085924339821,2311.983542013057,165.50526585099593

167.32675767031466,85.88139881794302,314.0651324721168,2011.4954610406132
48.63296512755573,68.99386309038218,650.1115823733434,161.76622761595138
1.3346588283105711,5325.032423001652,349.2750920021724,98.09553222307238
7803.801000922649,1.6876434530543238,632.8249137286507,313.25830137528874

Iteration: ,45000
Error:,0.03273727759437831
Absolute Error:,0.08802933266170183
Transition Probabilities
9.173470323823506e-05,9.173470323823506e-05,0.13580832496032555,0.864008205633198
0.8297461466602456,0.16992430975761563,0.000164771791069369,0.000164771791069369
0.0808198777443484,0.03823108560275515,0.7790136170949711,0.10193541955792537
0.03667437616743501,0.05979670493594058,0.8438339579734939,0.059694960923130425

0.06457446159237189,0.03367689498110877,0.12062635192540577,0.7811222915011135
0.0509037867475137,0.0746222326007332,0.7002357844756043,0.17423819617614877
0.00021862684335846697,0.9225833538696935,0.06013918988720649,0.01705882939974154
0.8899579889471397,0.0001825057464162204,0.07460129603491764,0.03525820927152662

Transition Gammas
1.0,1.0,1480.4465503925085,9418.553449607489
5035.7293640810285,1031.2706359189688,1.0,1.0
277.4681972612018,131.2537298694064,2674.4844215306284,349.96139429052334
106.19577930220807,173.14971225100265,2443.439101991664,172.8550982491072

175.83259576487995,91.70027462573707,328.4587134551896,2126.9516886018705
50.005223360779226,73.30498666804867,687.8750883817758,171.162510187774
1.336674910994909,5640.634075282221,367.68836367446215,104.29693316382863
8243.11547863626,1.6904347867065075,690.9844124207092,326.5743936283495

Iteration: ,46024
Error:,0.033465479676775385
Absolute Error:,0.08804615330409946
Transition Probabilities
8.935751943526053e-05,8.935751943526053e-05,0.13496580329259053,0.864855481668539
0.8293903787169777,0.1702865195059625,0.00016155088852988695,0.00016155088852988695
0.08102064436684263,0.03864583165784453,0.777754465756964,0.10257905821834876
0.03652414474218367,0.05882665173092326,0.8433891587357548,0.061260044791138196

0.06567876121143532,0.03441119515163648,0.11937355938892176,0.7805364842480064
0.04997440717418683,0.07325981178439667,0.7021478929643543,0.17461788807706208
0.00021466363227106556,0.9230466127469815,0.0599302779229512,0.016808445697796288
0.8907709470536695,0.00017774929142383512,0.07389716467303262,0.03515413898187383

*,*,*,*,*,*,*,*,*,*,*
Model Num 2
Model States: 
"['diamond', 'x', 'square']","['diamond', 'x', 'diamond']","['square', 'y', 'diamond', 'x', 'diamond']","['square', 'y', 'diamond', 'x', 'square']"
Iteration: ,46024
Error:,0.03289454964526378
Absolute Error:,0.08804615330409946
Transition Probabilities
8.935751943526053e-05,8.935751943526053e-05,0.13496580329259053,0.864855481668539
0.8293903787169777,0.1702865195059625,0.00016155088852988695,0.00016155088852988695
0.08102064436684263,0.03864583165784453,0.777754465756964,0.10257905821834876
0.03652414474218367,0.05882665173092326,0.8433891587357548,0.061260044791138196

0.06567876121143532,0.03441119515163648,0.11937355938892176,0.7805364842480064
0.04997440717418683,0.07325981178439667,0.7021478929643543,0.17461788807706208
0.00021466363227106556,0.9230466127469815,0.0599302779229512,0.016808445697796288
0.8907709470536695,0.00017774929142383512,0.07389716467303262,0.03515413898187383

Transition Gammas
1.0,1.0,1510.4023046473797,9678.597695352613
5133.926444258092,1054.0735557419077,1.0,1.0
282.9539016877051,134.96546388895968,2716.2047692999076,358.2438152788928
108.22089507244146,174.30313425197215,2498.9587106569957,181.51326817566613

182.4062647145451,95.56845251338905,331.53008175224204,2167.744061231066
50.005223360779226,73.30498666804867,702.5808649936098,174.7255643402861
1.3372523957150697,5750.141657409001,373.3371455633323,104.70862735259152
8478.552650312511,1.6918566224880782,703.3693717352136,334.6047816445709

