0,1,2,3,4,5,6,7,8,9,10,11,12,13,14,15,16,17,18,19,20,21,22,23,24,25,26,27,28,29
github Code Version (SHA):,435d1819722f15ec466ddfbacb6c2019a68c5c80
Environment Observations,Environment Actions,alpha,epsilon,numActions,explore,gainThresh,insertRandActions,useBudd,revisedSplitting,haveControl,confidence_factor
"['diamond', 'square']","['x', 'y']",0.99,0.99,50000,0.5,0.0275,False,True,False,False,250

Model Num 0
Model States: 
['diamond'],['square']
Iteration: ,0
Error:,0.6748276705911997
Transition Probabilities
0.5,0.5
0.5,0.5

0.5,0.5
0.5,0.5

Transition Gammas
1.0,1.0
1.0,1.0

1.0,1.0
1.0,1.0

Iteration: ,2500
Error:,0.1584590230902289
Transition Probabilities
0.49007936507936506,0.5099206349206349
0.02849740932642487,0.9715025906735751

0.04609218436873747,0.9539078156312625
0.9740082079343365,0.025991792065663474

Transition Gammas
247.0,257.0
22.0,750.0

23.0,476.0
712.0,19.0

Iteration: ,2501
Error:,0.1598914863536507
Transition Probabilities
0.49007936507936506,0.5099206349206349
0.02849740932642487,0.9715025906735751

0.046,0.954
0.9740082079343365,0.025991792065663474


Model Num 1
Model States: 
['square'],"['diamond', 'x', 'square']","['diamond', 'x', 'diamond']"
Iteration: ,0
Error:,0.7230902875438631
Transition Probabilities
0.3333333333333333,0.3333333333333333,0.3333333333333333
0.3333333333333333,0.3333333333333333,0.3333333333333333
0.3333333333333333,0.3333333333333333,0.3333333333333333

0.3333333333333333,0.3333333333333333,0.3333333333333333
0.3333333333333333,0.3333333333333333,0.3333333333333333
0.3333333333333333,0.3333333333333333,0.3333333333333333

Transition Gammas
1.0,1.0,1.0
1.0,1.0,1.0
1.0,1.0,1.0

1.0,1.0,1.0
1.0,1.0,1.0
1.0,1.0,1.0

Iteration: ,2500
Error:,0.11800221279403034
Transition Probabilities
0.9716981132075472,0.022057131755008258,0.006244755037444569
0.9957627118644068,0.00211864406779661,0.00211864406779661
0.0032573289902280123,0.9831269837848773,0.013615687224894717

0.027510316368638234,0.38761152903296175,0.5848781545984
0.9386833395230826,0.03730536916284199,0.024011291314075582
0.9822638946416563,0.008868052679171855,0.008868052679171855

Transition Gammas
721.0,16.36639176221613,4.6336082377838705
470.0,1.0,1.0
1.0,301.8199840219574,4.180015978042679

20.0,281.79358160696324,425.20641839303687
71.52770639247741,2.8426705577819904,1.8296613169783527
110.76432788324226,1.0,1.0

Iteration: ,5000
Error:,0.11241821506378889
Transition Probabilities
0.9787657597876576,0.018123587185823218,0.003110653026519182
0.997867803837953,0.0010660980810234541,0.0010660980810234541
0.0016155088852988688,0.9851426062710544,0.013241884843646627

0.02777777777777777,0.3793927150046228,0.5928295072175994
0.949073963256062,0.03871848934464614,0.012207547399291863
0.9861500354170952,0.009236231282195867,0.0046137333007088745

Transition Gammas
1475.0,27.31224588903559,4.687754110964407
936.0,1.0,1.0
1.0,609.8032732817828,8.196726718217263

40.0,546.325509606657,853.6744903933434
142.24674791118824,5.803108510547087,1.8296613169783527
213.74231476829812,2.0018996938502647,1.0

Iteration: ,7500
Error:,0.11360037982012716
Transition Probabilities
0.9782797567332754,0.018761949659457444,0.0029582936072671435
0.9985507246376811,0.0007246376811594203,0.0007246376811594203
0.0010729613733905577,0.9858211006926527,0.01310593793395678

0.02902621722846442,0.3710300908220333,0.5999436919495024
0.9548293222952152,0.03322324167073086,0.011947436034053825
0.9898424273335813,0.006905141291500017,0.003252431374918777

Transition Gammas
2252.0,43.190008116071034,6.809991883928965
1378.0,1.0,1.0
1.0,918.7852658455525,12.214734154447722

62.0,792.5202739958631,1281.479726004137
221.40296108640746,7.70370568962783,2.7703356543046294
319.01131326164136,2.2254230883924793,1.0482096700998873

Iteration: ,10000
Error:,0.11728358694875263
Transition Probabilities
0.9794361525704809,0.01828437729489241,0.002279470134626663
0.9989264626945786,0.0005367686527106817,0.0005367686527106817
0.0008103727714748784,0.9836048150761151,0.015584812152410128

0.027468706536856735,0.3801681055974372,0.592363187865706
0.9443620707671768,0.03931796135811904,0.016319967874704088
0.990781359078295,0.0062493266532994895,0.002969314268405498

Transition Gammas
2953.0,55.12739754410062,6.872602455899389
1861.0,1.0,1.0
1.0,1213.768341803926,19.231658196074097

79.0,1093.3634716982297,1703.636528301771
293.5434215498037,12.221508320478366,5.0728627904673615
430.3308687092895,2.7143003276366344,1.289676654577482

Iteration: ,12500
Error:,0.11623357305661071
Transition Probabilities
0.9806659505907627,0.01694379637473908,0.002390253034498301
0.9991423670668954,0.0004288164665523156,0.0004288164665523156
0.0006414368184733802,0.9818772471076728,0.01748131607385382

0.02879291251384275,0.37683823707196396,0.5943688504141933
0.9426405227319923,0.039198001285495006,0.01816147598251267
0.9907512390576327,0.006825470794194384,0.002423290148172849

Transition Gammas
3652.0,63.09869769952833,8.901302300471674
2330.0,1.0,1.0
1.0,1530.7466282408623,27.253371759138112

104.0,1361.1397123039337,2146.860287696066
365.827906255239,15.212291848119303,7.048259196338844
540.9712062959001,3.7268519316562596,1.323167857866064

Iteration: ,15000
Error:,0.11702450841790446
Transition Probabilities
0.9822392086330936,0.01574784848782441,0.0020129428790820647
0.9992895204262877,0.00035523978685612787,0.00035523978685612787
0.0005327650506126798,0.9806698530744806,0.01879738187490676

0.02718267680258006,0.3807713893584566,0.5920459338389633
0.946448130347183,0.03650940442593988,0.01704246522687717
0.9911084355993754,0.006839239894801779,0.0020523245058227065

Transition Gammas
4369.0,70.04643007384298,8.953569926157025
2813.0,1.0,1.0
1.0,1840.7173142208,35.28268577919999

118.0,1652.9286012050595,2570.0713987949384
445.998838781029,17.204484278058686,8.030994470204151
638.9841479378111,4.409372092650317,1.323167857866064

Iteration: ,17500
Error:,0.1120571424433049
Transition Probabilities
0.9831819060506476,0.014693468650413037,0.0021246252989393717
0.999388379204893,0.0003058103975535168,0.0003058103975535168
0.00045703839122486316,0.9811190006250661,0.01842396098370906

0.026227568526917787,0.37985763515270704,0.5939147963203752
0.9438273289787683,0.04141272172932415,0.014759949291907635
0.9910743120537173,0.0071353625315919425,0.0017903254146907316

Transition Gammas
5086.0,76.00931332858664,10.99068667141337
3268.0,1.0,1.0
1.0,2146.688373367643,40.31162663235539

133.0,1926.258067859376,3011.741932140621
522.817221649747,22.939878355616475,8.176024833733004
756.3384201298365,5.445352339941762,1.3662869465958767

Iteration: ,20000
Error:,0.115308869247657
Transition Probabilities
0.9822754895340986,0.014998818144884508,0.002725692321016912
0.999464237878382,0.0002678810608090008,0.0002678810608090008
0.00040192926045016115,0.9821787627787916,0.017419307960758305

0.02691975841242452,0.3823299940539824,0.5907502475335931
0.9439103374977227,0.039951467992296485,0.01613819450998095
0.9919474457191274,0.006463728428105125,0.001588825852767494

Transition Gammas
5819.0,88.85299869029582,16.147001309704187
3731.0,1.0,1.0
1.0,2443.660761793631,43.33923820636662

156.0,2215.6023155428265,3423.39768445717
605.4155150499903,25.624508611357097,10.350891343279324
862.3911926613096,5.619513908936218,1.3813125161141393

Iteration: ,22500
Error:,0.11359634762225633
Transition Probabilities
0.9818895261092665,0.015494647482290428,0.0026158264084430475
0.9995239228755058,0.00023803856224708403,0.00023803856224708403
0.0003593244699964071,0.9822610426149773,0.01737963291502635

0.02674614091395386,0.38576521951912235,0.5874886395669238
0.9441672064260968,0.038589290672280334,0.017243502901622916
0.9918426120362583,0.006452066362880897,0.0017053216008608152

Transition Gammas
6506.0,102.66753421765638,17.332465782343633
4199.0,1.0,1.0
1.0,2733.632481597479,48.367518402518286

175.0,2524.061831313616,3843.9381686863803
691.3233952881285,28.25524893022166,12.625768922576675
977.8234763581478,6.360870045392883,1.681217842253188

Iteration: ,23192
Error:,0.10902623413934245
Transition Probabilities
0.9822840409956076,0.015178262696582194,0.002537696307810195
0.999539276664363,0.000230361667818475,0.000230361667818475
0.0003480682213713892,0.981422211240134,0.018229720538494778

0.026397745810470132,0.3867462936838671,0.5868559605056628
0.9455530943215275,0.03763142294952025,0.016815482728952343
0.9920363329081071,0.0062988433058681036,0.001664823786024767


Model Num 2
Model States: 
"['diamond', 'x', 'square']","['diamond', 'x', 'diamond']","['square', 'y', 'diamond', 'x', 'diamond']","['square', 'y', 'diamond', 'x', 'square']"
Iteration: ,0
Error:,0.6745765450319562
Transition Probabilities
0.25,0.25,0.25,0.25
0.25,0.25,0.25,0.25
0.25,0.25,0.25,0.25
0.25,0.25,0.25,0.25

0.25,0.25,0.25,0.25
0.25,0.25,0.25,0.25
0.25,0.25,0.25,0.25
0.25,0.25,0.25,0.25

Transition Gammas
1.0,1.0,1.0,1.0
1.0,1.0,1.0,1.0
1.0,1.0,1.0,1.0
1.0,1.0,1.0,1.0

1.0,1.0,1.0,1.0
1.0,1.0,1.0,1.0
1.0,1.0,1.0,1.0
1.0,1.0,1.0,1.0

Iteration: ,2500
Error:,0.03157926725087582
Transition Probabilities
0.001373626373626375,0.001373626373626375,0.02125560033352542,0.9759971469192219
0.9698567172437691,0.021409658302082402,0.004366812227074236,0.004366812227074236
0.027944957650402582,0.007968246839099467,0.9464900883191371,0.017596707191360923
0.017226008737302893,0.006733450275638828,0.9500114493027124,0.02602909168434587

0.009824369435286561,0.010946263241771843,0.029869093428957934,0.9493602738939836
0.03568063651514844,0.018525505133949377,0.9013351836446846,0.04445867470621767
0.0048124177700757595,0.9791512659801739,0.009771993829074045,0.006264322420676481
0.983569354770622,0.0017823165687727571,0.00894278839207006,0.005705540268535082

Transition Gammas
1.0,1.0,15.474077042806487,710.5259229571927
222.09718824882316,4.902811751176871,1.0,1.0
4.2549584757503345,1.2132621508699497,144.11458674904011,2.67931192975343
3.4891538975975633,1.3638704491452098,192.42624345817342,5.272231547444314

1.6625005471364864,1.852349786764191,5.0545110803505695,160.65275081263832
1.92602772540658,1.0,48.65374396690109,2.3998630204551787
1.3368779926575678,272.0058485178198,2.7146362013098857,1.7402135856093666
664.4123149263062,1.2039751662108098,6.040955534708613,3.8541575124681584

Iteration: ,5000
Error:,0.02756705356388572
Transition Probabilities
0.0006901311249137341,0.0006901311249137341,0.027391750706727263,0.9712279870434453
0.9683446145752732,0.027418097289133577,0.0021186440677966093,0.0021186440677966093
0.025150879942213107,0.003940117351873697,0.951353209668721,0.019555793037192085
0.012964784467405076,0.0033428443757552296,0.9562095540714289,0.027482817085410793

0.01424594632957757,0.011294304382558198,0.02631368135355515,0.9481460679343091
0.03981087726879569,0.011413624485246026,0.9189779627536036,0.02979753549235478
0.0023470826106656347,0.9881781973705847,0.0059432427423287615,0.003531477276420951
0.9834930613428858,0.0009200123422867198,0.010843568446306498,0.0047433578685209645

Transition Gammas
1.0,1.0,39.69064677404778,1407.3093532259513
457.0586580795291,12.941341920471054,1.0,1.0
7.932101950957695,1.2426369417534395,300.0384347506495,6.1675195642950875
5.2895930611893185,1.3638704491452098,390.13062152906906,11.212906695241099

4.556470911392593,3.6124079224343326,8.416255465612371,303.258195583982
4.55027770571278,1.3045470132681551,105.03674429793767,3.405779292945203
1.3455651127621029,566.5152566559684,3.4072171360368895,2.024569820453204
1291.2858791935894,1.207938309861116,14.237158720434563,6.22783350115318

Iteration: ,7500
Error:,0.025759922139415973
Transition Probabilities
0.00046468401486988867,0.00046468401486988867,0.022708144200528534,0.9763624877697318
0.9754009826660198,0.021700466609342568,0.0014492753623188402,0.0014492753623188402
0.01819162312168294,0.002399166441053306,0.9522624038415345,0.027146806595729087
0.016345073216597183,0.0025912794983130776,0.9591836440847472,0.021880003200342498

0.017896215150263975,0.009849808392474653,0.02235425545950975,0.9498997209977517
0.02645658756591499,0.007585001294986978,0.9405700127095742,0.025388398429523968
0.0015788027391685597,0.9819548591890703,0.012574568771257243,0.0038917693005038165
0.9810443574795686,0.0006153298455185068,0.014264801885448295,0.004075510789464624

Transition Gammas
1.0,1.0,48.86792631953738,2101.132073680462
673.0266780395539,14.973321960446377,1.0,1.0
9.4222653896137,1.2426369417534395,493.21982043768156,14.060560430179581
9.90067684467832,1.569611869403363,581.0048795095628,13.253341736465908

8.532384715925893,4.696096569978355,10.65784614328413,452.88402005962337
4.55027770571278,1.3045470132681551,161.76896392368675,4.366559484279465
1.350728553513842,840.101447548055,10.758043843023287,3.3295634644309207
1930.0950639016012,1.2105926591921088,28.064402487745213,8.018111717020103

Iteration: ,10000
Error:,0.025121268519178504
Transition Probabilities
0.0003536067892503537,0.0003536067892503537,0.023702587779517965,0.9755901986419814
0.9738936698897317,0.024018647438034477,0.0010438413361169101,0.0010438413361169101
0.014954867074919857,0.0017862287012439808,0.9594567494525289,0.023802154771307357
0.015330674220977177,0.00196284269496545,0.9666909306536521,0.01601555243040536

0.020899510638076744,0.01249271628953727,0.0216792621167391,0.9449285109556469
0.027572574723216645,0.0058118507034177645,0.9445985765109972,0.02201699806236846
0.0011434410217842873,0.9801507697385464,0.015545902557245427,0.00315988668242403
0.9807968108793044,0.0004755242713708277,0.014571977062273823,0.004155687787050982

Transition Gammas
1.0,1.0,67.0309182404768,2758.969081759523
932.9901357543631,23.009864245637033,1.0,1.0
10.403746325073355,1.2426369417534395,667.4713042367224,16.558594535828945
12.74024114290747,1.6311800054583805,803.3485931321393,13.309395076770242

13.306367100749886,7.953902457947614,13.802821759526942,601.620098598532
6.439429961275469,1.3573271965253095,220.60603465665255,5.141954220937535
1.3532505332002904,1159.998221592219,18.398413668808274,3.7396929586889653
2500.004853882311,1.2120889600977836,37.143282871898826,10.592652345120014

Iteration: ,12500
Error:,0.023475811157320566
Transition Probabilities
0.00028384899233607714,0.00028384899233607714,0.025891390814523595,0.9735409112008042
0.9750205853712438,0.023316904238066198,0.0008312551953449707,0.0008312551953449707
0.012779014616007332,0.0013945386358871405,0.958639902403195,0.027186544344910548
0.014181991022660078,0.0015748740738099193,0.9713623846151995,0.012880750288330491

0.020368643110850605,0.010005052444549866,0.019458191631343717,0.9501681128132557
0.022095081102791396,0.007907856771911059,0.9522834655046064,0.01771359662069118
0.0009105590796796843,0.9799907496471425,0.015980182584672122,0.003118508688505615
0.980289609338995,0.000382613286731635,0.01572266563414436,0.0036051117401290885

Transition Gammas
1.0,1.0,91.21536983956663,3429.7846301604336
1172.9497642016065,28.050235798393643,1.0,1.0
11.387046032579761,1.2426369417534395,854.218969564303,24.225219332207843
14.689034874889604,1.6311800054583805,1006.091170201031,13.341271327680058

16.192838708477286,7.953902457947614,15.469040177602349,755.3728008777889
6.439429961275469,2.3046799235367326,277.5351966742899,5.16248228601506
1.3546663514739394,1457.9619520896035,23.774202158832377,4.639499930728038
3108.892035081715,1.2134203895504854,49.86288694134381,11.433257139208427

Iteration: ,15000
Error:,0.025512729363796036
Transition Probabilities
0.0002368545712932258,0.0002368545712932258,0.023780293993365894,0.9757459968640476
0.9760459489819471,0.022548569640681162,0.0007027406886858749,0.0007027406886858749
0.017100089774221207,0.001161566781870415,0.9550182123815352,0.02672013106237317
0.014917787613809444,0.0013266770882765862,0.9715214981223571,0.012234037175556906

0.019427343849057976,0.01145124748350667,0.016523489974418167,0.9525979186930171
0.018475863844932952,0.009347573040203321,0.9538208920643209,0.01835567105054294
0.0007663199040231496,0.9764582961170797,0.019519685088672613,0.003255698890224472
0.9806274472348042,0.0003175310052039895,0.015682615225143505,0.003372406534848226

Transition Gammas
1.0,1.0,100.40040123999087,4119.599598760012
1388.9133854013107,32.086614598689295,1.0,1.0
18.503080777539083,1.2568684888341908,1033.3734711940308,28.912406306711258
18.550279841673532,1.6497239325411446,1208.0876956371608,15.21303420286895

18.78615138409305,11.073303197457031,15.978138157472063,921.1577685441921
6.439429961275469,3.257928419774763,332.4371126351398,6.397538925066262
1.356016519436389,1727.8600922722082,34.540425343873906,5.761016325267909
3750.7896375865053,1.214520363762953,59.98423850218834,12.89907550549009

Iteration: ,17500
Error:,0.02693291078293732
Transition Probabilities
0.00020420665713702255,0.00020420665713702255,0.024824498033069898,0.9747670886526559
0.9742671392114847,0.024539543366080857,0.0005966587112171838,0.0005966587112171838
0.019499885971905634,0.002555877146068367,0.9531049859110391,0.02483925097098707
0.018570233376636287,0.001136123698652627,0.9686422649961871,0.011651377928524016

0.019179890454161755,0.011432814713575098,0.016799924879128816,0.9525873699531342
0.01560652625295107,0.010188430748266992,0.955795735077952,0.018409307920829874
0.0006512829975850199,0.9749772402177542,0.021491689369397514,0.002879787415263142
0.981261231853623,0.00027528329544901267,0.015021606876043625,0.003441877974884418

Transition Gammas
1.0,1.0,121.56556686794336,4773.434433132059
1632.8717253184482,41.12827468155151,1.0,1.0
24.95193938739641,3.270485361925286,1219.5875336164065,31.784159433001435
27.203890084467222,1.664329337906401,1418.9825821617485,17.068326394806334

21.702220415922934,12.936333785711259,19.009267731176696,1077.8612692056042
6.439429961275469,4.20386222759628,394.3721744072583,7.5958895061174605
1.3572303076112382,2031.7875095180207,44.78724653042207,6.0012848085479735
4332.653462617823,1.215483792195643,66.32629001619698,15.19724212238675

Iteration: ,20000
Error:,0.024841128695281427
Transition Probabilities
0.00017898693395382146,0.00017898693395382146,0.024295892063773854,0.9753461340683185
0.9754760044132545,0.023483953985081376,0.0005200208008320331,0.0005200208008320331
0.020395242391255397,0.0028037219963861775,0.9543065533313148,0.022494482281043622
0.01727158086850188,0.0009890199166772086,0.9699173760901257,0.011822023124695224

0.018540504924422337,0.010134941398957717,0.016559975599703083,0.9547645780769167
0.013597956787949369,0.008877173485403393,0.9614486758083711,0.016076193918276065
0.0005682973759841586,0.9769524048978254,0.019547844037850953,0.0029314536883394745
0.9815750603203544,0.00024266766542954302,0.014877625435505186,0.003304646578711002

Transition Gammas
1.0,1.0,135.74114896030446,5449.258851039693
1875.840356486689,45.159643513311494,1.0,1.0
30.514849691859574,4.194858470236521,1427.8095095034157,33.655679718547994
29.13002875756824,1.6680684202542138,1635.850318108211,19.938873934987946

23.665273514321115,12.936333785711259,21.137307401010144,1218.6704177734046
6.439429961275469,4.20386222759628,455.3023300320921,7.613020573235169
1.3581313765999612,2334.7454530099963,46.71592981880653,7.005661826766035
4919.560254297029,1.2162271130448297,74.56523472279598,16.56257235979428

Iteration: ,22500
Error:,0.0249636544923037
Transition Probabilities
0.00015918497293855496,0.00015918497293855496,0.023864831476885496,0.9758167985772374
0.9753517188433857,0.023721497097300013,0.00046339202965709,0.00046339202965709
0.020350687459304226,0.003097579210558829,0.9555039167042301,0.021047816625906837
0.015416911034655258,0.0013694278023731233,0.9701521476689207,0.013061513494051014

0.01770112110215775,0.011650362982448427,0.015941516462966134,0.9547069994524277
0.014059667582454017,0.007963086624874193,0.9608654509615737,0.017111794831098044
0.0005077101057942228,0.9766478414562887,0.019575783150058167,0.0032686652878589845
0.9811380174207646,0.0002150497131586853,0.015437068411235374,0.003209864454841398

Transition Gammas
1.0,1.0,149.91887133779434,6130.081128662191
2104.809009264026,51.190990735973415,1.0,1.0
34.315798268698224,5.223209462747282,1611.1927283116172,35.49131353795875
29.13002875756824,2.5875138784203657,1833.0883467697322,24.679539425491647

25.613347062857528,16.85795994251145,23.067216563160805,1381.4515803371082
7.422361235882214,4.20386222759628,507.2588263051128,9.033636242525093
1.3587420153980327,2613.720785326066,52.389028200839775,8.747655030304195
5552.458446990005,1.2170098142661667,87.36149183379142,18.165272050949163

Iteration: ,25000
Error:,0.02475449277131961
Transition Probabilities
0.00014289797084881422,0.00014289797084881422,0.02502117677007341,0.9746930272882289
0.9754345579600929,0.023735910725099944,0.0004147656574035673,0.0004147656574035673
0.020352251270308253,0.0028116337954770714,0.9559198797854365,0.020916235148778165
0.016565063127492924,0.0012448468862746268,0.9691055362926198,0.013084553693612515

0.020669736167153837,0.012433337124084575,0.016061053828125754,0.9508358728806358
0.014309481206768395,0.0077921550600622575,0.9602918942889875,0.017606469444181858
0.0004582505880117704,0.9779920254459994,0.01830505211317122,0.0032446718528176062
0.9816235462211076,0.0001938879301440127,0.015087156818570258,0.0030954090301781737

Transition Gammas
1.0,1.0,175.09819503697338,6820.901804963013
2351.7727192417824,57.227280758215926,1.0,1.0
38.11457523762201,5.265472915750243,1790.194101640962,39.17077318266742
34.88960556796208,2.621916772689101,2041.1458534595497,27.55889995041958

33.134910711713786,19.931435608251732,25.746897794305788,1524.250793266539
8.154287314484241,4.440375597174386,547.2243122342481,10.033082846751892
1.3591608221641693,2900.7021052443106,54.29236826043466,9.623622922694956
6164.375404256321,1.217572655386065,94.7439563471962,19.438473501577207

Iteration: ,27500
Error:,0.0244875747994588
Transition Probabilities
0.00013029315960912086,0.00013029315960912086,0.024398977935911725,0.9753404357448701
0.9760446134195757,0.0231980976747068,0.0003786444528587659,0.0003786444528587659
0.01969172803436135,0.0030220770626052207,0.9561155954206861,0.021170599482347435
0.01631761717971786,0.0011397603609936916,0.9702107660125733,0.012331856446715181

0.020720059675837118,0.013322539171574315,0.01478142440868729,0.9511759767439012
0.015419584624190366,0.0072265930855238,0.9598760644558554,0.017477757834430292
0.00041666748340184965,0.978577060735654,0.017515273899212525,0.0034909978817316448
0.9817554425670472,0.00017646189238516863,0.015194847714657525,0.002873247825910299

Transition Gammas
1.0,1.0,187.26215565812197,7485.737844341857
2577.7338240410973,61.26617595890061,1.0,1.0
40.90528053195352,6.277707564279687,1986.1221210963865,43.97731419730823
37.76567753423812,2.6378742548940495,2245.466756936783,28.54098786825526

36.75807180880518,23.634625537079373,26.222736244556764,1687.4176717133494
9.865799825566086,4.62373809283733,614.1504677380942,11.182665707070727
1.3598279763456862,3193.6652539672764,57.16251065969515,11.393153471407043
6777.2629075074665,1.2181533058003944,104.89320795870225,19.834629960086506

Iteration: ,30000
Error:,0.02585292215454323
Transition Probabilities
0.00011933174224343699,0.00011933174224343699,0.023202042573414412,0.9765592939420987
0.9754960269277451,0.023806866066329434,0.0003485535029627049,0.0003485535029627049
0.020361351194645636,0.003237287159164043,0.9540777399719347,0.02232362167425576
0.01644181043536539,0.0018033325280625368,0.9689527422038293,0.012802114832742682

0.022586142833278415,0.01387440904484928,0.014198486737968287,0.949340961383904
0.015745787671893274,0.006729371106448962,0.9592310966379298,0.018293744583727924
0.00038407158876407524,0.9768096738972615,0.018959740496431975,0.003846514017542361
0.9816531301704686,0.0001613904872754319,0.015505192453629177,0.0026802868886266957

Transition Gammas
1.0,1.0,194.4331167652124,8183.566883234771
2798.6981012557,68.30189874429912,1.0,1.0
46.246631430176464,7.352833544901101,2166.9918255631615,50.70352619955252
41.57173169338328,4.559574281997269,2449.9153290213926,32.36906817693971

43.781594626851245,26.89453250041889,27.52273353024838,1840.2283843142727
10.818900772241653,4.62373809283733,659.0858627351525,12.569597121989384
1.3602927303207177,3459.6339255013445,67.15101538506748,13.623462938191253
7412.185477241039,1.21861397797415,117.07532813210696,20.238089137726686

Iteration: ,32500
Error:,0.024480993968814747
Transition Probabilities
0.0001106317070472399,0.0001106317070472399,0.023187362030178595,0.9765913745557269
0.9752590777620458,0.024101126972439216,0.0003198976327575179,0.0003198976327575179
0.018993326634640106,0.0029689216225584104,0.9557091992454081,0.022328552497393333
0.015469163676407289,0.0016626235504541935,0.9707374284605587,0.0121307843125798

0.023418395702098742,0.01382505131258954,0.014026711574329628,0.948729841410982
0.014490282803059867,0.006192798509105051,0.9602810398077288,0.01903587888010625
0.0003529798739226989,0.9774516234111518,0.01861481198439877,0.0035805847305266265
0.9817908151481292,0.0001498290310706482,0.015539484593343955,0.0025198712274562365

Transition Gammas
1.0,1.0,209.59056539078404,8827.409434609202
3048.659877084152,75.34012291584492,1.0,1.0
47.18974561503087,7.376414822665994,2374.501047756568,55.476259244768116
42.53137693681775,4.571266450315352,2668.974247101769,33.35273780343074

49.38544467230229,29.154700235441094,29.579967697202985,2000.711137004368
10.818900772241653,4.62373809283733,716.976019332832,14.212785734781578
1.3609098173772503,3768.5534178724324,71.76919209775629,13.804902975266787
7988.806085879541,1.2191548920510493,126.44437814587565,20.504126018430792

Iteration: ,35000
Error:,0.02544219997753431
Transition Probabilities
0.0001027854866892795,0.0001027854866892795,0.02340926548055687,0.9763851635460645
0.9761564320001326,0.023250272241932123,0.0002966478789676656,0.0002966478789676656
0.018476964309799917,0.0031672263419546165,0.9556995424391569,0.022656266909088653
0.016637181098488572,0.0015595611732507873,0.9702153475592663,0.01158791016899432

0.024490009610710954,0.014710285238932022,0.01367653253605121,0.9471231726143059
0.013386439055187905,0.0069195261593369565,0.9600533168568215,0.019640717928653646
0.00032714429205855044,0.9777733434976041,0.018323755622960586,0.0035757565873766944
0.9813170787979909,0.0001392503836077341,0.016053742307050416,0.0024899285113509657

Transition Gammas
1.0,1.0,227.74874386033775,9499.25125613966
3290.6233322724443,78.37666772755313,1.0,1.0
49.09063121778644,8.41486392078421,2539.155946088199,60.19443589096012
49.288224223931124,4.620253896563348,2874.2965117056206,34.32958452006334

55.76040505094243,33.49330916468909,31.13959553405294,2156.470029109728
10.818900772241653,5.592351080086853,775.9137085160867,15.873599953629242
1.361550993207364,4069.4222680571224,76.2621518191301,14.88204150644072
8594.702631341126,1.2196013544109772,140.60403536264334,21.807625272936654

Iteration: ,37500
Error:,0.02525177165945204
Transition Probabilities
9.57212596917777e-05,9.57212596917777e-05,0.02344274752643814,0.9763658099541783
0.9759579561098946,0.02348556086283776,0.0002782415136338345,0.0002782415136338345
0.019322402785493915,0.0029902114764965224,0.9554001944911897,0.0222871912468198
0.01650106118649242,0.0014666118151494417,0.9705727156796498,0.011459611318708296

0.025415009825171937,0.014220425864188755,0.013378219632730757,0.9469863446779085
0.014753518431004739,0.006458758780146869,0.9584207858143687,0.02036693697447971
0.0003066894072978288,0.9783032509765188,0.017809144284384605,0.003580915331798619
0.981709876657431,0.00012946375433443383,0.015827972240641915,0.0023326873475926924

Transition Gammas
1.0,1.0,244.90638340869884,10200.093616591284
3507.592894258957,84.4071057410388,1.0,1.0
54.67150730419779,8.460612812662514,2703.2439646051967,63.06018731559193
52.16990202467062,4.636852978110485,3068.571342931253,36.23080921772527

62.1553279311085,34.7776860598829,32.71797391096026,2315.963960062681
12.774413403752243,5.592351080086853,829.8537999595018,17.634822086466354
1.3619287134460045,4344.392914322629,79.08582554744761,15.901923231601916
9251.592891122706,1.2200610157215108,149.16214957620173,21.98314817375641

Iteration: ,40000
Error:,0.025183093657063657
Transition Probabilities
8.968609865470869e-05,8.968609865470869e-05,0.023682320739734416,0.9761383070629561
0.9763169412914418,0.023159361405599398,0.00026184865147944506,0.00026184865147944506
0.019091313350119498,0.003165731765784704,0.9544566439902482,0.023286310893847518
0.015790751236439866,0.0016634185288800524,0.9706580271927698,0.011887803041910274

0.025166335700355532,0.013621230698448861,0.013034020917012484,0.9481784126841831
0.01664340990499251,0.006192013324686971,0.9581576077911177,0.01900696897920281
0.0002881157963627083,0.9781921128575287,0.017905557530453926,0.0036142138156546066
0.9821391779346168,0.00012104554164822023,0.015449879306277982,0.002289897217456983

Transition Gammas
1.0,1.0,264.0578762480382,10883.94212375194
3728.554398792013,88.44560120798404,1.0,1.0
57.22340730752334,9.488815930975713,2860.8435834030197,69.79729621167806
53.13435191974438,5.597242599793062,3266.1704587915124,40.00130841931231

66.02900634825203,35.738072438022,34.19740800248916,2487.7391439038533
15.456021053261761,5.7502572402384295,889.7998813284113,17.650957008102605
1.362348101177591,4625.356139309679,84.66596628888398,17.089716673529026
9902.50172629571,1.2204519604366064,155.77472107691761,23.088083296496997

Iteration: ,42500
Error:,0.02571915665350334
Transition Probabilities
8.423890152472429e-05,8.423890152472429e-05,0.02318342647762379,0.9766480957193268
0.9759249169608158,0.023581133915943908,0.0002469745616201533,0.0002469745616201533
0.01951589604079245,0.0033173044711469145,0.9536417993809696,0.023525000107090972
0.016224073468667936,0.0015751657877391973,0.9709978072012282,0.011202953542364712

0.02513217069946139,0.013998527487090566,0.012774071035918273,0.9480952307775299
0.01558208527822825,0.007634966125425497,0.958503595420011,0.018279353176335323
0.00027171793891707125,0.9783034684905494,0.017444366625296703,0.003980446945236885
0.9822250746618856,0.00011375533123368166,0.015404473302910678,0.0022566967039701446

Transition Gammas
1.0,1.0,275.2104557158715,11593.789544284105
3951.519988774341,95.48001122565682,1.0,1.0
61.963445385768736,10.532522513761647,3027.8359461444193,74.69244846811272
57.95698242633431,5.626938022369491,3468.678994621887,40.020120892067226

69.70457010482673,38.825191514760796,35.42913744678188,2629.560783669216
15.456021053261761,7.573196723573231,950.7489842285904,18.13146716172833
1.3627027480858729,4906.3261346939935,87.48589229570301,19.962487616762708
10540.438486512674,1.2207294461447562,165.30824497872834,24.21702866738699

Iteration: ,42740
Error:,0.025166618867628637
Transition Probabilities
8.37030216790828e-05,8.37030216790828e-05,0.023204297642487826,0.9766282963141539
0.9760364644469207,0.02347189346851682,0.0002458210422812194,0.0002458210422812194
0.019450937957260647,0.003306262921197746,0.9535023578414522,0.023740441280089265
0.01614909184302374,0.0015678859580680667,0.9711313632247393,0.011151658974168952

0.025393171137802907,0.013946716053839632,0.012844064545692214,0.9478160482626652
0.01544203968513112,0.007566346082586578,0.9588744382781799,0.01811717595410244
0.0002701651609571172,0.9782340364561467,0.017528684186795863,0.003967114196100449
0.9822481873639958,0.00011304077765336927,0.015394369451568062,0.0022444024067828205

