0,1,2,3,4,5,6,7,8,9,10,11,12,13,14,15,16,17,18,19,20,21,22,23,24,25,26,27,28,29
github Code Version (SHA):,528ca1c557fe8e6666681dc5c9134b0f84d30530
Environment Observations,Environment Actions,alpha,epsilon,numActions,explore,patience,gainThresh,insertRandActions,useUpdatedPosterior,revisedSplitting,haveControl,confidence_factor
"['diamond', 'square']","['x', 'y']",0.95,0.99,75000,0.5,0,0.01,False,True,False,False,250

Model Num 0
Model States: 
['diamond'],['square']
Iteration: ,0
Error:,0.6236819142031111
Absolute Error:,1
Transition Probabilities
0.5,0.5
0.5,0.5

0.5,0.5
0.5,0.5

Transition Gammas
1.0,1.0
1.0,1.0

1.0,1.0
1.0,1.0

Iteration: ,2471
Error:,0.1349900448178582
Absolute Error:,1
Transition Probabilities
0.48927875243664715,0.5107212475633528
0.052269601100412656,0.9477303988995873

0.068,0.932
0.9348710990502035,0.06512890094979647


Model Num 1
Model States: 
['square'],"['diamond', 'x', 'square']","['diamond', 'x', 'diamond']"
Iteration: ,0
Error:,0.6753520800446927
Absolute Error:,1
Transition Probabilities
0.3333333333333333,0.3333333333333333,0.3333333333333333
0.3333333333333333,0.3333333333333333,0.3333333333333333
0.3333333333333333,0.3333333333333333,0.3333333333333333

0.3333333333333333,0.3333333333333333,0.3333333333333333
0.3333333333333333,0.3333333333333333,0.3333333333333333
0.3333333333333333,0.3333333333333333,0.3333333333333333

Transition Gammas
1.0,1.0,1.0
1.0,1.0,1.0
1.0,1.0,1.0

1.0,1.0,1.0
1.0,1.0,1.0
1.0,1.0,1.0

Iteration: ,2500
Error:,0.11158944281425336
Absolute Error:,1
Transition Probabilities
0.957592339261286,0.022355082579067306,0.020052578159646783
0.9957264957264957,0.002136752136752137,0.002136752136752137
0.002967359050445104,0.9193828570550312,0.07764978389452372

0.04775280898876403,0.3702250609132525,0.5820221300979833
0.8182418711429971,0.0630744820392115,0.11868364681779132
0.9574333010815265,0.032600380573755895,0.009966318344717584

Transition Gammas
700.0,16.3415653652982,14.658434634701798
466.0,1.0,1.0
1.0,309.83202282754553,26.167977172454492

34.0,263.6002433702359,414.3997566297643
63.64900014576718,4.906407088285463,9.232105713501939
108.28062733727108,3.6869301036140705,1.127137735223899

Iteration: ,5000
Error:,0.1029925995655328
Absolute Error:,1
Transition Probabilities
0.9570422535211267,0.02424929076111696,0.01870845571775628
0.9978791092258749,0.0010604453870625664,0.0010604453870625664
0.0015552099533437023,0.9321818724095977,0.06626291763705863

0.05263157894736842,0.3807301221147562,0.5666382989378753
0.8787461599681368,0.03566611737637695,0.08558772265548623
0.9621247674048863,0.03166896366794814,0.006206268927165645

Transition Gammas
1359.0,34.433992880786086,26.566007119213918
941.0,1.0,1.0
1.0,599.392943959371,42.60705604062868

77.0,557.0081686538883,828.9918313461117
129.55352853422698,5.258254961129031,12.618196214512158
228.4536570738102,7.5197009897114055,1.4736600503683734

Iteration: ,7500
Error:,0.09895933188987135
Absolute Error:,1
Transition Probabilities
0.9578313253012049,0.026225322981821602,0.01594335171697358
0.9985885673959068,0.0007057163020465773,0.0007057163020465773
0.001047120418848168,0.9298852264589572,0.06906765312219466

0.04951856946354885,0.3866697032611574,0.5638117272752938
0.8874976649158167,0.035948477017366705,0.0765538580668165
0.9662540965984807,0.028645130156769196,0.005100773244750261

Transition Gammas
2067.0,56.59424699477102,34.40575300522898
1415.0,1.0,1.0
1.0,888.0403912683037,65.95960873169587

108.0,843.326622812584,1229.6733771874153
190.96865785342976,7.7352681356435635,16.472592668633805
336.6879874321012,9.981299180168852,1.7773472673162836

Iteration: ,10000
Error:,0.10045477826594885
Absolute Error:,1
Transition Probabilities
0.9574835810577256,0.02740796335521979,0.015108455587054667
0.9989333333333333,0.0005333333333333334,0.0005333333333333334
0.0007776049766718511,0.9219069809477222,0.07731541407560599

0.04740484429065747,0.3856077867631972,0.5669873689461453
0.8928895210412302,0.031985409103614366,0.07512506985515535
0.9700985784062794,0.025582700731444325,0.004318720862276271

Transition Gammas
2770.0,79.29123798665086,43.70876201334915
1873.0,1.0,1.0
1.0,1185.57237749877,99.42762250122925

137.0,1114.4065037456392,1638.593496254359
258.3521159375626,9.254782284163207,21.736978987504955
446.4102758744879,11.772391739714152,1.9873458372868977

Iteration: ,12500
Error:,0.09980300588479489
Absolute Error:,1
Transition Probabilities
0.9569298729983434,0.027635783016596513,0.015434343985060035
0.9991419991419992,0.000429000429000429,0.000429000429000429
0.000625,0.9249714042013649,0.07440359579863505

0.04869950193691203,0.3870419416069929,0.5642585564560951
0.9028814032111245,0.03076461618290809,0.06635398060596745
0.9692904697998078,0.02687181412250645,0.0038377160776856514

Transition Gammas
3466.0,100.09680608611257,55.90319391388745
2329.0,1.0,1.0
1.0,1479.9542467221838,119.04575327781609

176.0,1398.7695769676716,2039.2304230323266
341.2791384063207,11.628683088346792,25.081067403200304
550.1792063922215,15.252717146072182,2.178326984289699

Iteration: ,15000
Error:,0.0969205966366272
Absolute Error:,1
Transition Probabilities
0.9561243144424132,0.02818496059037258,0.015690724967214256
0.9992854590925331,0.0003572704537334762,0.0003572704537334762
0.0005238344683080147,0.9285012497390761,0.07097491579261585

0.04990757855822551,0.3881082965405982,0.5619841249011763
0.9044570633208314,0.03264886888830705,0.06289406779086154
0.9700648020503136,0.026505543499694775,0.0034296544499914363

Transition Gammas
4184.0,123.33738754347041,68.66261245652959
2797.0,1.0,1.0
1.0,1772.508885751896,135.49111424810363

216.0,1679.732707427709,2432.2672925722914
411.39592581256437,14.850469068948616,28.607619196359177
649.6929246732643,17.751869813206525,2.296982867045662

Iteration: ,17500
Error:,0.09578648263610472
Absolute Error:,1
Transition Probabilities
0.9538521705123191,0.029821550164379457,0.016326279323301406
0.9993880048959608,0.0003059975520195838,0.0003059975520195838
0.0004476275738585498,0.9288407324582786,0.07071163996786284

0.050635424940428886,0.3870835206128127,0.5622810544467585
0.9062961224676617,0.036688056840611,0.0570158206917273
0.9701053238056832,0.026629873512416757,0.0032648026819000454

Transition Gammas
4878.0,152.50740754063654,83.4925924593634
3266.0,1.0,1.0
1.0,2075.030196311794,157.96980368820556

255.0,1949.3526098061259,2831.647390193877
487.4156584553745,19.731225742999573,30.663712550335273
745.7559499002456,20.47137164351206,2.5097749342574778

Iteration: ,20000
Error:,0.10173747860463009
Absolute Error:,1
Transition Probabilities
0.9530956848030019,0.030490632069729854,0.016413683127268257
0.999462654486835,0.00026867275658248256,0.00026867275658248256
0.00039154267815191856,0.9297214500056165,0.06988700731623164

0.050643926209537046,0.38788486733318395,0.561471206457279
0.9127864969927577,0.034073014230397165,0.053140488776845046
0.9720971270158437,0.024835127871130708,0.003067745113025642

Transition Gammas
5588.0,178.76657582482613,96.23342417517378
3720.0,1.0,1.0
1.0,2374.5085833143444,178.4914166856556

291.0,2228.786447696476,3226.2135523035267
577.0497191192275,21.540440569589325,33.5946075271315
841.6243174556421,21.501809811565575,2.6559988864528417

Iteration: ,22500
Error:,0.09700007945125934
Absolute Error:,1
Transition Probabilities
0.9528086466737707,0.03176366701483377,0.015427686311395473
0.9995255041518387,0.00023724792408066428,0.00023724792408066428
0.0003477051460361612,0.9308289543154143,0.06882334053854959

0.04931972789115644,0.3895052464992519,0.5611750256095916
0.9069367022547681,0.03799634235870048,0.055066955386531315
0.9717972068650188,0.025244296675160236,0.002958496459820996

Transition Gammas
6259.0,208.65552862044302,101.34447137955686
4213.0,1.0,1.0
1.0,2677.0640726111324,197.9359273888687

319.0,2519.3199343571623,3629.6800656428404
649.8354221313527,27.225019248562134,39.45640099262706
935.7994060937384,24.309184744498207,2.8489063463787714

Iteration: ,23741
Error:,0.09933926099391986
Absolute Error:,1
Transition Probabilities
0.9530543811051173,0.03144124925214215,0.015504369642740467
0.9995538701762213,0.00022306491188935982,0.00022306491188935982
0.00032948929159802305,0.9317535013737993,0.06791700933460264

0.047959183673469366,0.3927719892693724,0.5592688270571582
0.9085559515170702,0.037545004283174255,0.05389904419975544
0.9724156910006133,0.024623018694359518,0.0029612903050272466


Model Num 2
Model States: 
"['diamond', 'x', 'square']","['diamond', 'x', 'diamond']","['square', 'y', 'diamond', 'x', 'diamond']","['square', 'y', 'diamond', 'x', 'square']"
Iteration: ,0
Error:,0.6231508555873962
Absolute Error:,0.7
Transition Probabilities
0.25,0.25,0.25,0.25
0.25,0.25,0.25,0.25
0.25,0.25,0.25,0.25
0.25,0.25,0.25,0.25

0.25,0.25,0.25,0.25
0.25,0.25,0.25,0.25
0.25,0.25,0.25,0.25
0.25,0.25,0.25,0.25

Transition Gammas
1.0,1.0,1.0,1.0
1.0,1.0,1.0,1.0
1.0,1.0,1.0,1.0
1.0,1.0,1.0,1.0

1.0,1.0,1.0,1.0
1.0,1.0,1.0,1.0
1.0,1.0,1.0,1.0
1.0,1.0,1.0,1.0

Iteration: ,2500
Error:,0.023957215954700878
Absolute Error:,0.04584256625767875
Transition Probabilities
0.001550387596899225,0.001550387596899225,0.05501699245799915,0.9418822323482025
0.9295898682295554,0.06346568732600007,0.0034722222222222238,0.0034722222222222238
0.02075897072346664,0.021562854258505865,0.8954609051563814,0.06221726986164613
0.028710085534234462,0.00552773735614058,0.9490143110018482,0.016747866107776708

0.032460971043549676,0.02666447102177662,0.0628017364105925,0.8780728215240813
0.05772564627035178,0.02345691153210875,0.8362322552714762,0.08258518692606336
0.0038854875529542757,0.9604558566533135,0.019777565720689904,0.015881090073042455
0.960722442666247,0.002136422279844144,0.02161001554710819,0.015531119506800738

Transition Gammas
1.0,1.0,35.48596013540945,607.5140398645905
267.72188205011184,18.278117949888014,1.0,1.0
4.023667847784216,4.179482910890596,173.56531308907762,12.059443199475437
6.23055313493863,1.1996084537035292,205.95146202067394,3.634557952010051

5.2746430434091245,4.33275906603373,10.204769956749933,142.67967194958413
3.320936217567288,1.3494679071139484,48.10814884294054,4.751096887038055
1.2845437731111842,317.5270987740314,6.53847131088941,5.250294869181529
527.502713057995,1.173042804878911,11.865385176897686,8.527653058596727

Iteration: ,5000
Error:,0.02446440764220654
Absolute Error:,0.0450834856096934
Transition Probabilities
0.0007751937984496124,0.0007751937984496124,0.053794752708569246,0.9446548596945314
0.9415866272758269,0.05482914333349207,0.0017921146953405014,0.0017921146953405014
0.02432936017775387,0.022371559014837145,0.9053092766991812,0.04798980410822789
0.037077261381792716,0.003291951953767278,0.9307332009055406,0.02889758575889954

0.02917302534150854,0.03897068651996406,0.04626585720850482,0.8855904309300225
0.04186584483633386,0.012379053583797971,0.8465167059507072,0.09923839562916101
0.0020315477947250526,0.9679231080021772,0.018420412568707172,0.01162493163439073
0.9513976887651461,0.0010410540177828186,0.03145673285580557,0.016104524361265606

Transition Gammas
1.0,1.0,69.39523099405433,1218.6047690059456
525.4053380199115,30.59466198008858,1.0,1.0
9.412455074360121,8.655028025072838,350.24278620874077,18.566122244721512
15.44353240577632,1.3711737270118063,387.6717916489671,12.036509318226441

10.081095248573817,13.466796744973939,15.987732085236468,306.02659069192845
4.563887992599774,1.3494679071139484,92.28065132632015,10.81819616891445
1.2963578177558708,617.6446802301307,11.754311614885664,7.418024347864049
1083.6715376915447,1.185792883031857,35.83019642274728,18.34355378875815

Iteration: ,7500
Error:,0.026164889663785
Absolute Error:,0.04195994309336453
Transition Probabilities
0.0005149330587023691,0.0005149330587023691,0.04849448526595451,0.9504756486166408
0.9452662554782253,0.052291742079772316,0.0012210012210012206,0.0012210012210012206
0.023057972048654184,0.023638042506093238,0.9047814962288522,0.04852248921640036
0.03978780705930183,0.0022941605463666762,0.9312959070848039,0.026622125309527723

0.02479479352913332,0.0351381074694853,0.04505685056363284,0.8950102484377485
0.043252762232914944,0.0279600225561118,0.8518257628940162,0.07696145231695693
0.0013570439766882744,0.9618206379293457,0.02194140103039262,0.014880917063573355
0.9539436718470025,0.0006939867324338415,0.03191953316959545,0.013442808250968274

Transition Gammas
1.0,1.0,94.17629038648359,1845.823709613515
774.1730632366668,42.82693676333354,1.0,1.0
13.323617259533895,13.658800108319237,522.8110405297002,28.037811540191925
24.899273533338082,1.435689352977841,582.8064737627095,16.660168758050805

12.601852242824545,17.858799183088866,22.899959729964078,454.885292485855
7.6564057241049,4.9493550398454955,150.7862922566977,13.623363541081849
1.304634509649861,924.6748210756867,21.09401719181926,14.306211346041653
1637.2408635662307,1.19108021851391,54.78307115349372,23.07171339263359

Iteration: ,10000
Error:,0.027658474757728986
Absolute Error:,0.04120977764314844
Transition Probabilities
0.00038431975403535774,0.00038431975403535774,0.05069995722522745,0.9485314032667018
0.9452241477104917,0.05292056471993508,0.0009276437847866419,0.0009276437847866419
0.028139702799126386,0.026475100874998086,0.8944395330408214,0.05094566328505421
0.040540275462674524,0.0024385820543627802,0.9324200318295498,0.024601110653412896

0.026190917200188197,0.03426909705283245,0.04000726678063538,0.8995327189663439
0.0368326748400388,0.025085630677912057,0.8655376867276445,0.07254400775440459
0.0010297032538020509,0.9584771701455505,0.023789054312415358,0.01670407228823214
0.954454834044931,0.0005159887004865265,0.03366778769428524,0.01136138956029724

Transition Gammas
1.0,1.0,131.9212887000417,2468.078711299956
1018.95163123191,57.048368768090015,1.0,1.0
21.277320851743944,20.018662596433312,676.314069940512,38.521630148654694
33.468399031646626,2.0131939493595583,769.7679735576532,20.30967423317545

17.99655131461634,23.547306835532865,27.49017241633969,618.0954493620347
8.63922278610665,5.883915656347852,203.0146585303939,17.015431203657037
1.3100964275882916,1219.4751370320664,30.26692880237369,21.25267192289212
2212.2346692658575,1.1959582071874078,78.03517203546795,26.333419853727246

Iteration: ,12500
Error:,0.027109749140445144
Absolute Error:,0.040438556956010875
Transition Probabilities
0.0003066544004906474,0.0003066544004906474,0.04956780384504124,0.9498188873539775
0.9404326110985647,0.0580837093762128,0.000741839762611276,0.000741839762611276
0.02476141896044738,0.02429132051960307,0.9017290344380949,0.049218226081854596
0.04162221741122845,0.003327165075055565,0.9313831032142731,0.02366751429944302

0.028748324159746697,0.033759374255161304,0.03771002161852669,0.8997822799665652
0.04420492311977482,0.02329053608576147,0.8712312219174152,0.061273318877048684
0.0008344018618264037,0.9625918301617348,0.021298480973023077,0.0152752870034157
0.9532043055806622,0.0004093050718243559,0.036215130322816966,0.010171259024696531

Transition Gammas
1.0,1.0,161.6406083386793,3097.359391661317
1267.7031597608652,78.29684023913485,1.0,1.0
23.187136995420275,22.7469264821778,844.3988887576411,46.08902876908918
42.09572438967611,3.3650159148107077,941.9788000898849,23.936763125678613

25.05319070466108,29.42015112202053,32.86300647773709,784.1297783973412
12.981539768984454,6.839668505226443,255.8521077993328,17.99396921525797
1.313978827209062,1515.8466704621117,33.53989765675977,24.054840503466927
2794.36091425946,1.199896064272818,106.16626895872608,29.81749925070564

Iteration: ,15000
Error:,0.02549262430824877
Absolute Error:,0.03816485975489206
Transition Probabilities
0.00025654181631605967,0.00025654181631605967,0.04831533518995076,0.9511715811774172
0.9411073743651144,0.057646519715882485,0.0006230529595015577,0.0006230529595015577
0.024173636513454066,0.02391669808642323,0.9013179746475224,0.05059169075260043
0.040290420008001065,0.004667342218257488,0.9316435120182411,0.023398725755500335

0.02520365101555616,0.03522195190352479,0.03682417705045467,0.9027502200304645
0.03592887439461396,0.018930080329315375,0.8855675800466078,0.05957346522946281
0.0006967340531888012,0.959414429586393,0.023955502824133945,0.015933333536284296
0.9547052935110459,0.000342196267590903,0.036056844995406505,0.008895665225956613

Transition Gammas
1.0,1.0,188.33317657042795,3707.66682342957
1510.4773358560085,92.52266414399139,1.0,1.0
27.906024885225143,27.60941538939267,1040.4806829959484,58.403003633397255
48.71899886611732,5.643729705322312,1126.5392417509852,28.2936363861293

26.312453920547988,36.77149734700065,38.444210372701356,942.4655797548937
12.981539768984454,6.839668505226443,319.9663488545501,21.52461832114664
1.317351965359142,1814.0156615354445,45.293937596570686,30.12599736252452
3356.3706774156026,1.2030283337377152,126.7617746389941,31.273682175473315

Iteration: ,17500
Error:,0.024583796799464375
Absolute Error:,0.03727325251600391
Transition Probabilities
0.00021944261575598004,0.00021944261575598004,0.050263149442963694,0.9492979653255244
0.9404009453411971,0.05854253062288103,0.0005282620179609087,0.0005282620179609087
0.024092763757991704,0.023038166032843747,0.9019033567486687,0.050965713460495804
0.038206843763175895,0.008662490106254861,0.9306705526495759,0.02246011348099347

0.029922040872213257,0.03547733248595229,0.03487655465780997,0.8997240719840245
0.03189132589761455,0.019907213625838506,0.8951146676102324,0.0530867928663145
0.0005941656666720918,0.9597846112888507,0.02394526478693044,0.015675958257546748
0.9555698395869116,0.0002967128973609614,0.03615576349825032,0.007977684017477206

Transition Gammas
1.0,1.0,229.0491720115853,4325.95082798841
1780.1789895308857,110.82101046911376,1.0,1.0
32.693119994369894,31.26206416696964,1223.8543888817464,69.15886456612787
54.38687252473746,12.33092552936178,1324.7956576372283,31.971636713924436

35.69811500969943,42.325785889055666,41.609035447603716,1073.4045025821488
13.581745229234587,8.478001339866202,381.20771163492225,22.608382544589116
1.3208889709188523,2133.6960020087076,53.232689024159676,34.84920373631274
3879.0892804516707,1.204491573344575,146.77256313702688,32.38502019737702

Iteration: ,20000
Error:,0.02523368354038688
Absolute Error:,0.035534845131290946
Transition Probabilities
0.00019190174630589164,0.00019190174630589164,0.050432084135132976,0.9491841123722553
0.9397217529603901,0.05935146298029573,0.00046339202965709007,0.00046339202965709007
0.02724938898435911,0.022804668123317693,0.9011294950823263,0.04881644780999688
0.03822479296449225,0.008248465926398435,0.9309894502772447,0.022537290831864763

0.027891527502582465,0.03314098331062059,0.03406459051204769,0.9049028986747493
0.027813112236614985,0.01736150979333012,0.9063120298350845,0.04851334813497033
0.0005192302886790972,0.9566813609381639,0.026906542059749846,0.015892866713407148
0.9550854481472466,0.0002604592011984095,0.037404202585541835,0.007249890066013125

Transition Gammas
1.0,1.0,262.8015904281776,4946.198409571815
2027.919542888521,128.08045711147813,1.0,1.0
43.057405642934846,36.034196821873785,1423.8960818110008,77.13602666865926
61.91177285493242,13.359840805709727,1507.901100457113,36.50310498853729

37.52126326372053,44.58312867594753,45.82561741930537,1217.3266554201948
13.581745229234587,8.478001339866202,442.57179788768167,23.69011885404599
1.3228309710390345,2437.3149279951144,68.54917352904874,40.489888139179115
4423.4187503088215,1.2063005634799273,173.23523395545143,33.57741416528834

Iteration: ,22500
Error:,0.02367010241803285
Absolute Error:,0.034159752690777215
Transition Probabilities
0.0001696928559307657,0.0001696928559307657,0.052191194398844676,0.9474694198892939
0.9389172759776077,0.060259339913705745,0.0004116920543433511,0.0004116920543433511
0.026466514756126498,0.021292256859938356,0.9034456485566651,0.04879557982727004
0.038312349267908385,0.008917495490975078,0.931083027670733,0.021687127570383442

0.027658428546462444,0.030561607738778068,0.03347334877448815,0.9083066149402713
0.025323224329966393,0.015807271169913307,0.9141413029186433,0.044728201581477084
0.0004628669771519357,0.9555595343467438,0.027412737941952862,0.016564860734151324
0.9554034414073425,0.00023052009091764874,0.03748646759816285,0.0068795709035770775

Transition Gammas
1.0,1.0,307.56270859239095,5583.437291407596
2280.6300633496094,146.36993665039128,1.0,1.0
46.72033248123918,37.58641169563109,1594.8182625566712,86.13698230203076
69.2942723024575,16.128777603443975,1684.0189152706237,39.22478657760281

41.71705801993248,46.09590747642418,50.487670714949594,1369.9939492837962
13.581745229234587,8.478001339866202,490.2864705530194,23.989324207920703
1.32393097685733,2733.1715810388296,78.40821383529082,47.38020497425083
5006.676012698853,1.2080126150084443,196.44329294865395,36.051558041138556

Iteration: ,25000
Error:,0.02408913513236399
Absolute Error:,0.0341673821946227
Transition Probabilities
0.00015311590874291856,0.00015311590874291856,0.05441086197175226,0.9452829062107619
0.9371372438340728,0.062126379140890364,0.0003681885125184095,0.0003681885125184095
0.025331669135727836,0.019976188680213072,0.9093291883239484,0.04536295386011077
0.0379560593120672,0.008146873270953661,0.9324456206521368,0.021451446764842303

0.028515072551106968,0.0284486874766119,0.032660876045985936,0.9103753639262953
0.027165633801397852,0.01692454407954654,0.9089222347531518,0.046987587365903666
0.0004139712708192836,0.9553523176565897,0.027426965207055183,0.016806745865535825
0.9540492807115701,0.00020838855310491714,0.03905245459674086,0.006689876138584007

Transition Gammas
1.0,1.0,355.3573395375136,6173.642660462479
2545.264754253341,168.73524574665817,1.0,1.0
49.82114799291628,39.288238261711335,1788.4263300229698,89.21774659028901
75.82255620272673,16.274522899878285,1862.6910105866966,42.85227595900476

47.73624325641862,47.62510995808973,54.67661080309597,1524.0325883494622
16.243535222658025,10.11993424830001,543.4848471715081,28.095958886352335
1.325638240003153,3059.2740468554775,87.82791572408485,53.81935071309626
5537.5921237759385,1.209550527094547,226.67232119051164,38.83007530431663

Iteration: ,27500
Error:,0.02304018069210742
Absolute Error:,0.03432333112337303
Transition Probabilities
0.0001390240511608509,0.0001390240511608509,0.05494692451425146,0.9447750273834269
0.9369779979289503,0.06235153609719787,0.00033523298692591353,0.00033523298692591353
0.024111200604132535,0.019839988821317423,0.9099159537663316,0.046132856808218374
0.037076762632119876,0.007521176301572044,0.9346193427254679,0.020782718340840042

0.030715253313265446,0.028948614688733967,0.032473764251873774,0.9078623677461268
0.025550616070276134,0.016788912531547802,0.9092478428049791,0.04841262859319697
0.0003766456354127923,0.9550378107935111,0.027843121189683896,0.01674242238139226
0.9551831294871903,0.000189950263440113,0.03831505453490167,0.006311865714467795

Transition Gammas
1.0,1.0,395.2332280310106,6795.766771968986
2795.005367822059,185.99463217794124,1.0,1.0
52.81671117622096,43.4604222543515,1993.2133996046196,101.05617773990113
81.32948839883788,16.498026724544808,2050.128101682496,45.587794893758904

55.97642529741379,52.75684856187363,59.18118988736367,1654.5163893057127
16.856336072365682,11.076036332859468,599.8519632262085,31.9389378114799
1.327223404345877,3365.3610060586584,98.1135545417553,58.99692639654397
6089.098523512866,1.2108943645969024,244.2506937094239,40.23686245716168

Iteration: ,30000
Error:,0.02307695433481371
Absolute Error:,0.03458639323691037
Transition Probabilities
0.0001270002540005081,0.0001270002540005081,0.05501012946946955,0.9447358700225295
0.9369442004235354,0.062441548962213954,0.0003071253071253071,0.0003071253071253071
0.024773036786729822,0.01973419398053199,0.9079728152718444,0.04751995396089373
0.03609620336109233,0.0073225004643264775,0.935939362894729,0.020641933279852198

0.03012557166581675,0.028418785834723976,0.03302769453801725,0.908427947961442
0.024872301051761008,0.01757669585952422,0.9079136900745861,0.04963731301412851
0.00034664319121647657,0.9556726799889657,0.027300416382919083,0.01668026043689879
0.9548555086677651,0.00017337742776120792,0.03897358532064567,0.005997528583827906

Transition Gammas
1.0,1.0,433.14975944260294,7438.850240557392
3050.6903165790313,203.30968342096864,1.0,1.0
58.63323782560647,46.70722039120359,2149.0052461205396,112.47102186290955
86.01559595529355,17.449182536489772,2230.3005463500817,49.18877963353107

59.84314120418457,56.45268519463826,65.60808238968421,1804.5527091314812
17.495033029075362,12.363346437647609,638.6212502956158,34.91459953180511
1.328003988682572,3661.2204222056716,104.5889917006058,63.902747706451414
6675.646754266212,1.2121273348592507,272.47461630177503,41.930304491944135

Iteration: ,32500
Error:,0.02185979517511674
Absolute Error:,0.03414616760161422
Transition Probabilities
0.00011735711770918902,0.00011735711770918902,0.054934011294590517,0.9448312744699912
0.9351461378432366,0.06428889040535088,0.0002824858757062146,0.0002824858757062146
0.02420882111882132,0.01867399535887486,0.9091610315427643,0.0479561519795394
0.03588029231491792,0.007498879778464524,0.9365321632780834,0.020088664628534144

0.029511985043311675,0.029078548347555484,0.033715876888757455,0.9076935897203754
0.022445527338542656,0.017041320051319486,0.9122799993556819,0.048233153254455874
0.00031816157553550626,0.9556222013587689,0.027248158649217178,0.01681147841647853
0.954715519482423,0.00016059966783323542,0.03938141154812139,0.00574246930162253

Transition Gammas
1.0,1.0,468.09271024120596,8050.9072897587985
3310.4173279650586,227.5826720349422,1.0,1.0
61.72310184948643,47.611443441025706,2318.007914225539,122.26958257960302
92.55149816902372,19.34300177921714,2415.7399285965557,51.81774973480069

63.135929826364894,62.208664894261105,72.12944958324225,1941.8578147258395
17.495033029075362,13.282755742830153,711.0712294598636,37.59504495286001
1.3293988120527298,3992.9492337951638,113.85306248224539,70.24468431833793
7212.214270241948,1.2132192181927781,297.4992786370655,43.380376875030805

Iteration: ,35000
Error:,0.021299608725265474
Absolute Error:,0.03475419616316319
Transition Probabilities
0.00010876658690450275,0.00010876658690450275,0.0556954537851004,0.9440870130410906
0.9346019963564763,0.06487458045587642,0.00026171159382360636,0.00026171159382360636
0.02441321229421907,0.018732882277309616,0.907822038557408,0.04903186687106323
0.035580981740934214,0.007705503802704025,0.9368425086401087,0.019871005816253152

0.03147209211978562,0.028760237311891812,0.03384101706441024,0.9059266535039124
0.02184364281373024,0.01608319261422914,0.912333850258964,0.04973931431307673
0.00029571504017527565,0.9547963010509894,0.028051668149938546,0.0168563157588965
0.9556002883602135,0.00014906216186034256,0.03887270912161682,0.0053779403563093894

Transition Gammas
1.0,1.0,512.064002100214,8679.935997899802
3571.1142280780964,247.88577192190385,1.0,1.0
66.2055377510372,50.801202637714155,2461.8983163951793,132.96820893597385
98.87116623528925,21.41177983651105,2603.2646339681796,55.21684403274649

72.80867165746929,66.53496905329635,78.28902796228357,2095.8033552287916
18.040185116710575,13.282755742830153,753.4765005664532,41.07860787863355
1.3305541543657142,4296.055365271301,126.21699448112734,75.844099600096
7785.549087719934,1.2144521013872789,316.7070884400194,43.81561950627395

Iteration: ,37500
Error:,0.023267998152556455
Absolute Error:,0.03491946654468611
Transition Probabilities
0.0001016053647632594,0.0001016053647632594,0.05476262627610629,0.9450341629943672
0.9334502810193912,0.06606084095567605,0.00024443901246638973,0.00024443901246638973
0.02560317008082358,0.018704634768172204,0.9066860592843107,0.049006135866693556
0.03500146703768757,0.007594632717137628,0.9382118499507247,0.019192050294450036

0.03408956962110836,0.028302278300301225,0.03397483742956925,0.9036333146490211
0.022525674012949543,0.014982190373272588,0.9148614904262938,0.04763064518748407
0.00027622338701095337,0.9544659862734041,0.028654657698997273,0.016603132640587687
0.955270727298629,0.00013923143837164513,0.039443764588770164,0.005146276674229102

Transition Gammas
1.0,1.0,538.9737678094386,9301.02623219057
3818.745099650328,270.2549003496706,1.0,1.0
74.56804317888056,54.47637962936931,2640.681017427617,142.72809358379828
103.98538372070955,22.562791338405173,2787.3208606769404,57.017401930801825

84.71065629218393,70.32956402881692,84.42555327237048,2245.4777805115427
19.97057962835577,13.282755742830153,811.0884599045212,42.22788591896426
1.331672791063056,4601.4799748475125,138.14408840576212,80.04369298029346
8339.628623584787,1.2155072437219856,344.34882048219106,44.92761583792471

Iteration: ,40000
Error:,0.02458796709229869
Absolute Error:,0.03540973425896011
Transition Probabilities
9.518370454978098e-05,9.518370454978098e-05,0.05481027603498131,0.9449993565559192
0.9309980967406296,0.06854590690734118,0.00022799817601459202,0.00022799817601459202
0.026654579621961775,0.01889903643503269,0.9072401338072966,0.04720625013570893
0.03548536846074878,0.008032270214670722,0.9376221813135523,0.018860180011028117

0.034257388067580115,0.030025033410827795,0.03388520942761198,0.9018323690939801
0.025094955774725404,0.014965935031067693,0.9150751628795198,0.044863946314686994
0.00025897620434758747,0.9544385204247168,0.028962626447751615,0.016339876923184078
0.9547833105315835,0.00013081549196582553,0.03983861939872746,0.0052472545777234375

Transition Gammas
1.0,1.0,575.8367600235142,9928.163239976497
4083.357652304399,300.64234769559823,1.0,1.0
82.74904728720878,58.67199114844268,2816.5237568188,146.55163503359287
112.29019787734512,25.417383302849,2967.0195024280465,59.68131196899534

90.4259209037455,79.2541828052922,89.44351686893026,2380.4798636503333
23.741515032309458,14.158780541487058,865.7226149439138,42.44430894401609
1.3325646344192603,4911.0728966372335,149.02748235652433,84.07699917238106
8877.885342797386,1.2163649342463183,370.4324230807201,48.79067741513106

Iteration: ,42500
Error:,0.025341185262656423
Absolute Error:,0.03613742466504564
Transition Probabilities
8.942944017170441e-05,8.942944017170441e-05,0.0556948965181262,0.9441262446015304
0.929746337750267,0.0698240167073055,0.00021482277121374874,0.00021482277121374874
0.02636951346272522,0.019044655131185292,0.905944452829613,0.04864137857647655
0.03622366871693842,0.008712777622566116,0.9362178748084126,0.018845678852082885

0.034662602912404056,0.030118955234833975,0.03328954778868534,0.9019288940640766
0.025941369279530793,0.01432221677733605,0.9139707263730291,0.04576568757010399
0.0002451628965756846,0.9545416153988421,0.02843665089017328,0.01677657081440887
0.9555199927420702,0.000122691829728629,0.039402596724472536,0.004954718703728612

Transition Gammas
1.0,1.0,622.780332865688,10557.219667134326
4327.969202227491,325.03079777250696,1.0,1.0
86.48641282337988,62.462430642979605,2971.3057107871055,159.53340791858105
121.50278644014872,29.22472505608293,3140.2970635910433,63.212881908163205

97.9370416542681,85.09924603386884,94.05755928576068,2548.3443320851025
25.645342497243547,14.158780541487058,903.5410605247259,45.2434379893453
1.3332020815936951,5190.821638969661,154.6392324852811,91.2314197791717
9481.804635304798,1.2174941065298772,390.99937950330224,49.16660575235799

Iteration: ,43180
Error:,0.02552104107245748
Absolute Error:,0.03618860085247863
Transition Probabilities
8.794301292762281e-05,8.794301292762281e-05,0.055671944541681055,0.9441521694324637
0.9292047595360489,0.0703727647563043,0.00021123785382340523,0.00021123785382340523
0.027062103874675083,0.018902593329617856,0.9054047352628145,0.048630567532892424
0.03614207686321089,0.008578877717324091,0.9362459483008702,0.019033097118594848

0.03448138770263124,0.029671388849618355,0.03314259482688439,0.902704628620866
0.025640138838646902,0.015107814237275495,0.9133078041940133,0.04594424273006441
0.00024145772101414782,0.9548933375691866,0.02826023377825366,0.016604970931545646
0.9556693974464845,0.00012074479553197245,0.03932427039441588,0.00488558736356751

*,*,*,*,*,*,*,*,*,*,*
Model Num 2
Model States: 
"['diamond', 'x', 'square']","['diamond', 'x', 'diamond']","['square', 'y', 'diamond', 'x', 'diamond']","['square', 'y', 'diamond', 'x', 'square']"
Iteration: ,43180
Error:,0.025565383682726914
Absolute Error:,0.03618860085247863
Transition Probabilities
8.794301292762281e-05,8.794301292762281e-05,0.055671944541681055,0.9441521694324637
0.9292047595360489,0.0703727647563043,0.00021123785382340523,0.00021123785382340523
0.027062103874675083,0.018902593329617856,0.9054047352628145,0.048630567532892424
0.03614207686321089,0.008578877717324091,0.9362459483008702,0.019033097118594848

0.03448138770263124,0.029671388849618355,0.03314259482688439,0.902704628620866
0.025640138838646902,0.015107814237275495,0.9133078041940133,0.04594424273006441
0.00024145772101414782,0.9548933375691866,0.02826023377825366,0.016604970931545646
0.9556693974464845,0.00012074479553197245,0.03932427039441588,0.00488558736356751

Transition Gammas
1.0,1.0,633.045681383456,10735.954318616557
4398.855331643654,333.1446683563444,1.0,1.0
89.89763990517245,62.79255065642243,3007.6652294304204,161.54594885533908
123.3581605447596,29.280956342183707,3195.543477952166,64.96272637861455

98.89459878563042,85.09924603386884,95.0548639859216,2589.008680256211
25.645342497243547,15.110880363708235,913.4931597428496,45.953567100542784
1.3333006482823089,5272.80676995562,156.04962996792074,91.69066292330939
9637.708963537993,1.217683857313447,396.57634143932773,49.270039672521

