0,1,2,3,4,5,6,7,8,9,10,11,12,13,14,15,16,17,18,19,20,21,22,23,24,25,26,27,28,29
github Code Version (SHA):,528ca1c557fe8e6666681dc5c9134b0f84d30530
Environment Observations,Environment Actions,alpha,epsilon,numActions,explore,patience,gainThresh,insertRandActions,useUpdatedPosterior,revisedSplitting,haveControl,confidence_factor
"['diamond', 'square']","['x', 'y']",0.99,0.99,75000,0.5,0,0.01,False,True,False,False,250

Model Num 0
Model States: 
['diamond'],['square']
Iteration: ,0
Error:,0.6747906251676464
Absolute Error:,1
Transition Probabilities
0.5,0.5
0.5,0.5

0.5,0.5
0.5,0.5

Transition Gammas
1.0,1.0
1.0,1.0

1.0,1.0
1.0,1.0

Iteration: ,2500
Error:,0.14739790726477722
Absolute Error:,1
Transition Probabilities
0.5037735849056604,0.4962264150943396
0.020435967302452316,0.9795640326975477

0.014314928425357873,0.9856850715746421
0.9694555112881806,0.03054448871181939

Transition Gammas
267.0,263.0
15.0,719.0

7.0,482.0
730.0,23.0

Iteration: ,2543
Error:,0.14458220974756697
Absolute Error:,1
Transition Probabilities
0.502803738317757,0.497196261682243
0.0213903743315508,0.9786096256684492

0.016,0.984
0.9686684073107049,0.031331592689295036


Model Num 1
Model States: 
['square'],"['diamond', 'x', 'diamond']","['diamond', 'x', 'square']"
Iteration: ,0
Error:,0.7267539753102186
Absolute Error:,1
Transition Probabilities
0.3333333333333333,0.3333333333333333,0.3333333333333333
0.3333333333333333,0.3333333333333333,0.3333333333333333
0.3333333333333333,0.3333333333333333,0.3333333333333333

0.3333333333333333,0.3333333333333333,0.3333333333333333
0.3333333333333333,0.3333333333333333,0.3333333333333333
0.3333333333333333,0.3333333333333333,0.3333333333333333

Transition Gammas
1.0,1.0,1.0
1.0,1.0,1.0
1.0,1.0,1.0

1.0,1.0,1.0
1.0,1.0,1.0
1.0,1.0,1.0

Iteration: ,2500
Error:,0.10969091618572907
Absolute Error:,1
Transition Probabilities
0.9862448418156808,0.006189821182943604,0.007565337001375516
0.0031545741324921143,0.02632933933535276,0.9705160865321552
0.9955357142857143,0.002232142857142857,0.002232142857142857

0.019178082191780826,0.5936527149403356,0.3871692028678836
0.9783185765884533,0.009402871199893864,0.01227855221165285
0.9230616168675209,0.021378293095796225,0.05556009003668299

Transition Gammas
717.0,4.5,5.5
1.0,8.346400569306823,307.65359943069313
446.0,1.0,1.0

14.0,433.3664819064448,282.6335180935549
113.39033931533613,1.089823684645089,1.4231245679044993
90.55692705530734,2.0973166829456087,5.450720654719106

Iteration: ,5000
Error:,0.11193941743587273
Absolute Error:,1
Transition Probabilities
0.981542518127884,0.004569501234742934,0.013887980637373084
0.0015999999999999994,0.021427006321911423,0.9769729936780887
0.9977703455964325,0.0011148272017837235,0.0011148272017837235

0.025892232330300902,0.6002830801236022,0.3738246875460968
0.983719822462368,0.005226477737790947,0.01105369979984097
0.9252804332268454,0.029973335749970128,0.044746231023184514

Transition Gammas
1489.0,6.931933373105031,21.068066626894968
1.0,13.391878951194643,610.6081210488056
895.0,1.0,1.0

37.0,857.8045214966278,534.1954785033726
220.8293512153743,1.1732605784937549,2.4813786401277618
159.80398177343417,5.176655884933156,7.7280634390177125

Iteration: ,7500
Error:,0.11407229377812204
Absolute Error:,1
Transition Probabilities
0.9823087129588678,0.004104996687547548,0.013586290353584695
0.0010626992561105207,0.02171442251278251,0.977222878231107
0.9985261606484893,0.0007369196757553427,0.0007369196757553427

0.024253731343283576,0.5990743460483698,0.3766719226083465
0.9860580759321645,0.005275382712558544,0.00866654135527698
0.9218865201437787,0.029900694857517108,0.04821278499870422

Transition Gammas
2221.0,9.281397510545006,30.718602489454998
1.0,20.43327158452834,919.5667284154716
1355.0,1.0,1.0

52.0,1284.4153979277053,807.5846020722951
326.64274013292726,1.747529386492791,2.8708885255940584
241.42799181100182,7.830535055527268,12.626191627183545

Iteration: ,10000
Error:,0.12294421929751584
Absolute Error:,1
Transition Probabilities
0.9810694121554301,0.0038187788570411716,0.01511180898752874
0.0007955449482895777,0.01866801809165446,0.9805364369600559
0.9989004947773502,0.0005497526113249038,0.0005497526113249038

0.025201260063003137,0.6003911962238141,0.37440754371318274
0.9881473932125547,0.004538250966316212,0.007314355821128935
0.9187856658245055,0.03041721978109878,0.05079711439439567

Transition Gammas
2954.0,11.498343138550968,45.501656861449035
1.0,23.465698741209675,1232.5343012587912
1817.0,1.0,1.0

72.0,1715.3176476114377,1069.6823523885637
432.84009760794413,1.987898773727897,3.2039213069863086
318.73812005421286,10.55211004146758,17.62214774184457

Iteration: ,12500
Error:,0.10925279209115772
Absolute Error:,1
Transition Probabilities
0.9817938420348059,0.003652105578154122,0.014554052387039986
0.000631313131313131,0.01735834594353386,0.9820103409251529
0.9991239597021463,0.0004380201489268506,0.0004380201489268506

0.02704209645943684,0.6018371313229851,0.37112077221757817
0.9897883146248974,0.0037364836097984835,0.006475201765304362
0.9296354819084001,0.02750153664244921,0.04286298144915064

Transition Gammas
3667.0,13.640614334405646,54.35938566559435
1.0,27.495619974557645,1555.504380025443
2281.0,1.0,1.0

97.0,2158.7897900555486,1331.2102099444535
539.814483890554,2.037817522783418,3.5314699591595424
398.11275799460867,11.77742546932396,18.35590410723427

Iteration: ,15000
Error:,0.11338396936145541
Absolute Error:,1
Transition Probabilities
0.9820748375532153,0.0035422711501295946,0.014382891296655077
0.0005271481286241433,0.017671466926856158,0.9818013849445196
0.9992753623188406,0.00036231884057971015,0.00036231884057971015

0.027565438962242304,0.5976368155951683,0.37479774544258937
0.9908556337233969,0.003214704903854098,0.005929661372749022
0.9279407408878129,0.029761957428622927,0.04229730168356424

Transition Gammas
4383.0,15.80915614302838,64.19084385697161
1.0,33.52277276024614,1862.4772272397543
2758.0,1.0,1.0

119.0,2579.998132924341,1618.001867075658
642.8979171545427,2.0858004098821454,3.847348509940734
475.80023126225007,15.260399294256281,21.687878369856083

Iteration: ,17500
Error:,0.11530434935215446
Absolute Error:,1
Transition Probabilities
0.9809944327126128,0.0034708196366875703,0.01553474765069964
0.0004512635379061371,0.019653389505586788,0.979895346956507
0.999379652605459,0.00031017369727047146,0.00031017369727047146

0.02723658051689859,0.5987949385243099,0.3739684809587916
0.9919373738727499,0.0027516052903184232,0.005311020836931582
0.9278332955414144,0.026222808954489644,0.04594389550409593

Transition Gammas
5110.0,18.079499487505554,80.92050051249443
1.0,43.551911144380334,2171.44808885562
3222.0,1.0,1.0

137.0,3011.9385407772807,1881.061459222723
751.9186666346947,2.0858004098821454,4.025915154888572
551.2596906922854,15.579929738239944,27.29694843512556

Iteration: ,20000
Error:,0.11432855081345505
Absolute Error:,1
Transition Probabilities
0.9808960270498732,0.003402876999309393,0.0157010959508174
0.00039525691699604737,0.01920142957075674,0.9804033135122472
0.9994620763851533,0.00026896180742334586,0.00026896180742334586

0.02738301559792027,0.5966354723241315,0.3759815120779482
0.992432338545862,0.0027871683861798494,0.004780493067958153
0.9294272108709939,0.024173450342248985,0.04639933878675714

Transition Gammas
5802.0,20.12801745091506,92.87198254908492
1.0,48.579616814014564,2480.420383185986
3716.0,1.0,1.0

158.0,3442.58667531024,2169.413324689762
860.3589014163692,2.4162504965423555,4.144302442021824
616.1370703385885,16.02509448791679,30.759108762190408

Iteration: ,22500
Error:,0.11474400927943855
Absolute Error:,1
Transition Probabilities
0.9804929683955844,0.003238773194754879,0.016268258409660667
0.00035149384885764507,0.018490875892759686,0.9811576302583827
0.9995244888254874,0.00023775558725630053,0.00023775558725630053

0.026433072076225597,0.5953837672380681,0.3781831606857063
0.9929864924422943,0.0026617891981751494,0.00435171835953051
0.9253995923036765,0.026660363969291893,0.04794004372703169

Transition Gammas
6484.0,21.418007136914014,107.58199286308599
1.0,52.6065419149013,2791.3934580850982
4204.0,1.0,1.0

172.0,3874.1621734181103,2460.8378265818915
969.7173031277042,2.599414052854159,4.249742190546945
689.8703252904637,19.874867156654233,35.73852186175749

Iteration: ,22544
Error:,0.11530886343141894
Absolute Error:,1
Transition Probabilities
0.9805429864253393,0.003230468648101661,0.01622654492655897
0.0003505082369435682,0.018439651786976246,0.9812098399760801
0.9995248277500594,0.00023758612497030174,0.00023758612497030174

0.026545956728556076,0.5958070890322217,0.3776469542392223
0.9929910010979679,0.002660078058510519,0.004348920843521579
0.9258867586766842,0.02648626260417793,0.04762697871913784


Model Num 2
Model States: 
"['diamond', 'x', 'diamond']","['diamond', 'x', 'square']","['square', 'y', 'diamond', 'x', 'diamond']","['square', 'y', 'diamond', 'x', 'square']"
Iteration: ,0
Error:,0.6756102780835551
Absolute Error:,0.74
Transition Probabilities
0.25,0.25,0.25,0.25
0.25,0.25,0.25,0.25
0.25,0.25,0.25,0.25
0.25,0.25,0.25,0.25

0.25,0.25,0.25,0.25
0.25,0.25,0.25,0.25
0.25,0.25,0.25,0.25
0.25,0.25,0.25,0.25

Transition Gammas
1.0,1.0,1.0,1.0
1.0,1.0,1.0,1.0
1.0,1.0,1.0,1.0
1.0,1.0,1.0,1.0

1.0,1.0,1.0,1.0
1.0,1.0,1.0,1.0
1.0,1.0,1.0,1.0
1.0,1.0,1.0,1.0

Iteration: ,2500
Error:,0.035484405089534474
Absolute Error:,0.03576350970127044
Transition Probabilities
0.016814077859959514,0.9751214060110083,0.00403225806451613,0.00403225806451613
0.001490312965722802,0.001490312965722802,0.017757178164135037,0.9792621959044193
0.009611107543797591,0.01908015346959269,0.9601677184956426,0.011141020490967152
0.018595142387120078,0.006849022706599845,0.9606394481615251,0.013916386744754792

0.044692202178730545,0.016833195865333158,0.8774390139509969,0.061035588004939335
0.01026918207227563,0.011639826813415823,0.03275009411065807,0.9453408970036505
0.9601533444470335,0.003963319738230985,0.01794166790736779,0.01794166790736779
0.00180943979027074,0.9809778326938438,0.008606363757942749,0.008606363757942749

Transition Gammas
4.169891309269959,241.83010869073001,1.0,1.0
1.0,1.0,11.91506654813461,657.0849334518653
1.950862548776469,3.8728894312245035,194.8948374598216,2.26140426916825
4.18508070303434,1.5414623973994925,216.20450832681192,3.132065375405617

2.655003989514026,1.0,52.12551561632001,3.6259061258021745
1.6898492843976354,1.9153962674657694,5.38920458390382,155.56094215392935
292.01666756462305,1.205386024164551,5.4566972069217305,5.4566972069217305
1.0778348375807594,584.3422304832202,5.126580465998919,5.126580465998919

Iteration: ,5000
Error:,0.028594174863473397
Absolute Error:,0.02882290926996698
Transition Probabilities
0.019435638240112182,0.9763360319501627,0.0021141649048625785,0.0021141649048625785
0.0007251631617113863,0.0007251631617113863,0.021048783764567355,0.9775008899120099
0.00493695116123566,0.017327233903482297,0.9621404577388729,0.015595357196409127
0.013612071039608613,0.0063728381211661,0.9610299185290034,0.018985172310221808

0.03789079666382036,0.009560972501878312,0.9143956231722723,0.03815260766202897
0.005249502547258282,0.018088937307930847,0.018800721912086794,0.9578608382327242
0.9689070167834999,0.0020822534884310517,0.014505364864034458,0.014505364864034458
0.0008710872607106265,0.9826139526394292,0.008257480049930146,0.008257480049930146

Transition Gammas
9.193056887573066,461.8069431124271,1.0,1.0
1.0,1.0,29.026272811338337,1347.9737271886595
1.950862548776469,6.846948773083066,380.194926861627,6.1625884671808855
5.828785014443076,2.728894319757575,411.51980262618207,8.129584949743425

4.3402010174678125,1.0951615229630836,104.73943974500399,4.370190156278776
1.6898492843976354,5.822947506004262,6.052075636365182,308.34168332492266
562.9441806261609,1.2098090565925868,8.427754775866168,8.427754775866168
1.0822464960512157,1220.808241814395,10.259166048369577,10.259166048369577

Iteration: ,7500
Error:,0.025885170047243566
Absolute Error:,0.024806908721119035
Transition Probabilities
0.02016841309074355,0.9769947074766323,0.0014184397163120566,0.0014184397163120566
0.0004826254826254832,0.0004826254826254832,0.01938032871155786,0.9796544203231912
0.003418167290041535,0.021384072505830645,0.9621927740095034,0.01300498619462444
0.010538699422135249,0.004216040819512426,0.9681470999057179,0.01709815985263433

0.024886175551615562,0.00627952065080499,0.9317907861371548,0.03704351766042455
0.0036087572190593832,0.01813310749897731,0.01652480265968248,0.9617333326222809
0.9718857882897293,0.0013870342538442083,0.014129333811055989,0.012597843645370525
0.0005800585387315266,0.983376598276387,0.007298686785698966,0.008744656399182477

Transition Gammas
14.218731228974205,688.7812687710259,1.0,1.0
1.0,1.0,40.15604109034784,2029.84395890965
2.0107902699671536,12.579514482005912,566.0249202687514,7.65038615207456
6.821327928704264,2.728894319757575,626.6474246157845,11.067034997435542

4.3402010174678125,1.0951615229630836,162.5062601391588,6.460466884793162
1.7395849192639177,8.74098157061236,7.965705575530126,463.5991562267572
849.845429795417,1.2128634205810556,12.355103768427734,11.01592386296294
1.0843953315934922,1838.3816824783605,13.644591620843773,16.347771720418685

Iteration: ,10000
Error:,0.027378349763871625
Absolute Error:,0.025777961767286344
Transition Probabilities
0.02053437306252085,0.9773311552192294,0.0010672358591248662,0.0010672358591248662
0.0003577817531305907,0.0003577817531305907,0.02013571389217291,0.9791487226015659
0.004017791781625211,0.024895673323244008,0.959675413070911,0.011411121824219857
0.010563180445161507,0.005956065544234693,0.9683703574268236,0.015110396583780128

0.02311193634621268,0.009131892955449058,0.9386630520293472,0.029093118668991023
0.006278428471258436,0.02561654491647686,0.016044887658639522,0.9520601389536252
0.9711991214923688,0.0010538827597694918,0.013908541396818495,0.013838454351043174
0.0004303143146631698,0.9829941127688944,0.007295550292730469,0.0092800226237118

Transition Gammas
19.24070755958204,915.7592924404182,1.0,1.0
1.0,1.0,56.27932032862323,2736.720679671374
3.0419149355242103,18.848791731380945,726.5809506671155,8.639487508269944
9.03801576962387,5.096099095643488,828.5522155658034,12.92868216333754

5.172771648421949,2.043844196728748,210.08579939924792,6.5114431417942615
4.03563965242201,16.465767651289717,10.31331091056988,611.9639119630747
1118.8184593667054,1.2140697613344158,16.02259774876535,15.941857683375448
1.086569700061672,2482.1196550473574,18.42170623480647,23.43261903035895

Iteration: ,12500
Error:,0.02627130525898868
Absolute Error:,0.02521461931828449
Transition Probabilities
0.017305648535479237,0.9809864095345464,0.0008539709649871903,0.0008539709649871903
0.00028851702250432833,0.00028851702250432833,0.020317615271749814,0.9791053506832416
0.0032656472831432783,0.02467076354868912,0.9597132697272217,0.012350319440946023
0.008790071076587773,0.008847836731925456,0.9652064873607056,0.017155604830781122

0.017462700290116033,0.006899790107312257,0.945150362096433,0.03048714750613878
0.008401032788353174,0.027757813972230472,0.014747305433061684,0.9490938478063546
0.9732631103822608,0.0008310831199074963,0.013384169388504102,0.012521637109327754
0.00034712608452273604,0.9823687087337373,0.007215347592772711,0.01006881758896729

Transition Gammas
20.26491443504619,1148.735085564954,1.0,1.0
1.0,1.0,70.42085453188471,3393.5791454681084
3.064100452646055,23.14815140840962,900.4823880891199,11.588091458824508
9.506733308795457,9.569208648860208,1043.900621884335,18.554316393608808

5.172771648421949,2.043844196728748,279.97084731021755,9.03085145143751
6.853993376506439,22.64624813460108,12.03160805414928,774.319433149473
1423.753233461342,1.2157630003860924,19.579242489312733,18.317473592143926
1.0878663123038,3078.667585474464,22.612341531555614,31.554895895621037

Iteration: ,15000
Error:,0.02585833867592517
Absolute Error:,0.024077938876926955
Transition Probabilities
0.015201446806511493,0.9833699817649171,0.0007142857142857144,0.0007142857142857144
0.0002406159769008668,0.0002406159769008668,0.022029164025982585,0.9774896040202156
0.003573819950692777,0.02457176010295525,0.9598804091024917,0.011974010843860147
0.007377659115380218,0.008417988949897653,0.9685307100554655,0.015673641879256635

0.018200231920818634,0.011608688782878874,0.943858654329518,0.02633242496678438
0.007031169260683542,0.02677780026177692,0.01382945512877338,0.9523615753487662
0.9757191229512023,0.0006931957165015162,0.012200924146218388,0.011386757186077711
0.00028907636240738924,0.9832743559507257,0.006690091918616873,0.00974647576825009

Transition Gammas
21.282025529116087,1376.7179744708837,1.0,1.0
1.0,1.0,91.55320569198341,4062.4467943080062
4.048955487703952,27.838549306917315,1087.4954820322318,13.565942768514681
9.506733308795457,10.847285662227263,1248.0331522339636,20.196803754869784

6.553669580817296,4.180139620226676,339.8713696826496,9.481967770782473
6.9407476874119665,26.433434945191372,13.651606887055646,940.1141057212096
1712.7136915525168,1.2167905359758744,21.416706245970563,19.987570681193517
1.0888286861263592,3703.5796222687077,25.19875348212139,36.710861852310614

Iteration: ,17500
Error:,0.024220284193661776
Absolute Error:,0.0230799344939032
Transition Probabilities
0.014127748404239148,0.9846593953192296,0.0006064281382656159,0.0006064281382656159
0.00020669698222405995,0.00020669698222405995,0.02143445888159512,0.9781521471539567
0.003832127045677077,0.024120410373674468,0.9602606830371387,0.011786779543509637
0.006628380392025111,0.010372199770052172,0.968018445707645,0.014980974130277647

0.01608593680090008,0.010260123877273535,0.9445255552042484,0.02912838411757794
0.006315558244576127,0.024534323900121988,0.01286963407591037,0.9562804837793916
0.978266903129574,0.0005935066718253609,0.01094907319342211,0.010190517005178621
0.0002489391401151595,0.9827282146646704,0.006807268838072821,0.010215577357141556

Transition Gammas
23.296657118590343,1623.7033428814088,1.0,1.0
1.0,1.0,103.69991206915698,4732.300087930833
5.050339960883303,31.7881612303251,1265.5224742296352,15.53373440629003
10.118795200576866,15.834058856806598,1477.7637708121576,22.869751004604893

6.553669580817296,4.180139620226676,384.81491479565466,11.867372556073365
7.314428923575042,28.414680287293415,14.90509945047362,1107.5261059643296
2006.682635979237,1.2174382358022295,22.45942798127734,20.90342979050425
1.089624117687371,4301.470485256444,29.795894282090607,44.71430028758506

Iteration: ,20000
Error:,0.023791130237829996
Absolute Error:,0.022727209950103137
Transition Probabilities
0.015371812933612894,0.9835794193684322,0.0005243838489774516,0.0005243838489774516
0.00018102824040550384,0.00018102824040550384,0.021694856669332664,0.9779430868498563
0.004059587635523637,0.02258425232954946,0.9616387790022496,0.011717381032677244
0.006913354014633879,0.009414297476328048,0.9677798934736593,0.015892455035378793

0.014401941828978936,0.009186018139170055,0.9488072063274443,0.027604833704406723
0.007464075032763104,0.025091379117914234,0.01292559571622626,0.9545189501330964
0.9803114066405538,0.0005189800565638481,0.010066286117959114,0.00910332718492324
0.00021817734832291528,0.9814555970202302,0.007408049953727682,0.010918175677719192

Transition Gammas
29.314047264399786,1875.6859527356,1.0,1.0
1.0,1.0,119.84238824139325,5402.157611758588
6.065019179035711,33.740846563897726,1436.6872110154175,17.505753557181205
12.105957736005617,16.485353870403138,1694.6770646126959,27.82924013039338

6.553669580817296,4.180139620226676,431.75906416011856,12.56170598940106
9.92585661632942,33.36695174380937,17.18868167813816,1269.335878190268
2300.6491702015383,1.21797117568638,23.624118466251304,21.36419304334998
1.090246512891706,4904.397960807776,37.01851127746464,54.55883963790093

Iteration: ,22500
Error:,0.024089703238490027
Absolute Error:,0.022742641208518953
Transition Probabilities
0.0159973761384209,0.9830706574123712,0.00046598322460391435,0.00046598322460391435
0.00016108247422680455,0.00016108247422680455,0.022226301482427897,0.9774515335691185
0.003859674233077433,0.022711188907580764,0.9612256725876723,0.012203464271669413
0.006946305567422425,0.010472871808886744,0.9676181596424442,0.014962662981246546

0.013072077416536638,0.008337788174044736,0.9508795311482746,0.02771060326114403
0.00823378949851744,0.024289533974162992,0.011636360974666525,0.955840315552653
0.9782490416253932,0.0004625653875365433,0.01136105757538718,0.00992733541168327
0.0001937700692415082,0.9818134919394818,0.007113064989006754,0.010879673002270059

Transition Gammas
34.33036919305125,2109.669630806948,1.0,1.0
1.0,1.0,137.980879602912,6068.019120397072
6.472475158397081,38.08549560017512,1611.9260102624364,20.46458187270075
13.689250550913147,20.639139005317983,1906.9082545232884,29.48727787325986

6.553669580817296,4.180139620226676,476.7222576592819,13.892676111978806
12.472379429971397,36.79329960493771,17.626526556974174,1447.8877668882428
2576.632174832971,1.2183613883336122,29.924145328304096,26.1478322428012
1.0908673577408239,5527.315410159771,40.04442192940285,61.249295040909075

Iteration: ,25000
Error:,0.0241803325863902
Absolute Error:,0.023353918527265434
Transition Probabilities
0.016145552641952637,0.9830123420948895,0.00042105263157894723,0.00042105263157894723
0.0001443209698369177,0.0001443209698369177,0.022966035961073338,0.9767453220992528
0.004030514843771776,0.02372006180498004,0.9596230576015934,0.012626365749654787
0.00691383169161728,0.011039244825916575,0.9674520954591632,0.014594828023302846

0.014263689773021896,0.010098307261188004,0.9496395363590611,0.025998466606728873
0.009201320669795813,0.025027703560168944,0.01111350418019028,0.954657471589845
0.9782885294426147,0.0004198746667717209,0.011505598060669005,0.009785997829944711
0.00017347321516043696,0.9820262020506929,0.006867116471362268,0.01093320826278444

Transition Gammas
38.345687524637526,2334.6543124753634,1.0,1.0
1.0,1.0,159.13166317427672,6767.868336825704
7.478165394291797,44.00989754809311,1780.472276887877,23.426796591667927
15.04864804999147,24.02802346553042,2105.7565094394276,31.76710687636958

7.790363114108,5.515366756733741,518.6622068675929,14.199516289221686
15.474922635580155,42.091976819284476,18.690862276236448,1605.5576200953385
2839.610112146786,1.218741009136179,33.396499719757394,28.405135661960703
1.0914720379935143,6178.787538606433,43.207048438023115,68.79039564322562

Iteration: ,27500
Error:,0.02393193617619482
Absolute Error:,0.02294835539055127
Transition Probabilities
0.015529183686101114,0.9837012895728445,0.0003847633705271261,0.0003847633705271261
0.00013068478829064334,0.00013068478829064334,0.022122546509694627,0.977616083913724
0.0037044167716148296,0.02387989002396825,0.9603606076209237,0.012055085583493344
0.006745724170143851,0.011012823407651938,0.9674064946693763,0.014834957752827846

0.013352496847056293,0.009453207270439105,0.9505869395104866,0.02660735637201804
0.008955541159082002,0.025663768500317166,0.010667576848652185,0.9547131134919487
0.979141129787233,0.00038533039703632534,0.011231649624256851,0.009241890191473888
0.000156622574316544,0.9813146490200646,0.0068097775580627145,0.01171895084755614

Transition Gammas
40.36034840017677,2556.6396515998213,1.0,1.0
1.0,1.0,169.2817258921828,7480.718274107795
7.504813455079072,48.37849815682655,1945.6037627914102,24.42251346618658
16.111369862416435,26.302835199734236,2310.536785940025,35.43155415499812

7.790363114108,5.515366756733741,554.6091877151736,15.523760838048293
16.605365439932264,47.58576248420398,19.779822211055347,1770.2291640692322
3097.592322469526,1.2190239416591802,35.532233900056724,29.23746866647988
1.0919700972320034,6841.7101262805645,47.47766083308839,81.7043389326492

Iteration: ,30000
Error:,0.023609157869465894
Absolute Error:,0.02289990956560447
Transition Probabilities
0.01599382333417452,0.9833012066270522,0.0003524850193866764,0.0003524850193866764
0.00011934598400763842,0.00011934598400763842,0.02308525349517195,0.9766760545368128
0.0034486949789377685,0.023974157230109733,0.9609318391693571,0.01164530862159555
0.006387824207794363,0.010655646735273694,0.9668476958166018,0.016108833240330068

0.012197931572960967,0.00863580622790071,0.9528658089064258,0.026300453292712585
0.00922012809554949,0.02761720152003981,0.010501814806957986,0.9526608555774526
0.9803266026352271,0.00035309347168514826,0.010623854901316567,0.008696448991771258
0.00014336968011200972,0.981750535047649,0.006449526651769932,0.011656568620468924

Transition Gammas
45.37447679905306,2789.6255232009444,1.0,1.0
1.0,1.0,193.4313390360453,8183.568660963935
7.526417687607535,52.32110178609042,2097.1336795743905,25.414673469969074
16.61448022357739,27.714919226582918,2514.7329354736407,41.89844344335562

7.790363114108,5.515366756733741,608.5597878622445,16.797116789050218
18.53248095873602,55.510645405324034,21.108674513542308,1914.8507464494307
3385.566904915781,1.2194115398537886,36.6895802478881,30.033266278487705
1.0924038604913515,7480.438497788513,49.14210457351192,88.81710938557036

Iteration: ,32500
Error:,0.02410709106828327
Absolute Error:,0.02286001108472078
Transition Probabilities
0.016762573714491715,0.9825851105646994,0.00032615786040443616,0.00032615786040443616
0.00010992634934593844,0.00010992634934593844,0.024248283504493883,0.9755318637968141
0.0036589466346104334,0.023263348142082026,0.960519534456676,0.012558170766631575
0.006096764663829793,0.011751413989469906,0.9662430752086512,0.015908746138049098

0.012237627329662132,0.008486449086802907,0.9539058392099279,0.02537008437360707
0.0085281812277579,0.026228533947190606,0.009954798568141065,0.9552884862569104
0.9797330910692863,0.00032673736928765136,0.01112645793758348,0.008813713623842666
0.00013179784544576254,0.9819822071250341,0.006294170425930117,0.01159182460358984

Transition Gammas
51.39405100863153,3012.6059489913646,1.0,1.0
1.0,1.0,220.5866350403804,8874.4133649596
8.549609509024476,54.3578691763203,2244.38008133696,29.343815836706753
17.091819985545527,32.94420295984847,2708.789598149273,44.5989701391021

8.434913781626998,5.849374591253059,657.4896663198546,17.486598387032775
18.63359125360973,57.307855884046056,21.75066905555514,2087.251045305315
3657.537210460675,1.2197751582661427,41.537265912823145,32.9033344238334
1.0928267486715482,8142.291090087501,52.189303845520286,96.11580485149145

Iteration: ,35000
Error:,0.024019229619974786
Absolute Error:,0.02269411971371308
Transition Probabilities
0.016828117519963052,0.9825645335580813,0.0003036744609778322,0.0003036744609778322
0.0001019160211985327,0.0001019160211985327,0.024026393532374107,0.9757697744252288
0.003416650239411551,0.024632868924337983,0.9603099866619904,0.011640494174260108
0.005732675014840497,0.01149866485067867,0.9659529752473127,0.016815684887168062

0.011487921866664117,0.007966549512282501,0.95670671171848,0.023838816902573407
0.00831272711961414,0.027926083710198654,0.009955714194127826,0.9538054749760594
0.9796334775816072,0.00030454200462738125,0.011120997838985453,0.008940982574779835
0.0001221824480744625,0.9824662027044808,0.006091471791336571,0.01132014305610811

Transition Gammas
55.41499099323824,3235.5850090067565,1.0,1.0
1.0,1.0,235.7469733396541,9574.253026660319
8.616574925263972,62.12253108685796,2421.840800707015,29.356587063733464
17.280135337618603,34.66069231332031,2911.6944705286664,50.687909203430884

8.434913781626998,5.849374591253059,702.4541706769597,17.503458637953685
19.575129015002712,65.76141423204554,23.44409806580925,2246.057756884358
3924.520538071546,1.2200291019210032,44.55195276777577,35.818569442815125
1.0931772310942005,8790.212506313319,54.50093995565932,101.2823268537292

Iteration: ,37500
Error:,0.02442196594063181
Absolute Error:,0.022815608453024876
Transition Probabilities
0.017134995135015502,0.9822979507113129,0.0002835270768358382,0.0002835270768358382
9.513842641042736e-05,9.513842641042736e-05,0.023966992747688126,0.975842730399491
0.003933791083793558,0.024608208353152774,0.9601875970599012,0.011270403503152414
0.005766955958529953,0.011787183779738043,0.9644761862588024,0.017969674002929557

0.010780082375274978,0.0074756828072029755,0.9572540700968696,0.024490164720652494
0.008479251816749682,0.027126791463932376,0.009847922668111776,0.9545460340512062
0.97980977228567,0.0002848460523115405,0.011093621776176425,0.008811759885841949
0.00011389726782498163,0.9819047171859187,0.0061082097813225334,0.011873175764933974

Transition Gammas
60.435127841199595,3464.564872158796,1.0,1.0
1.0,1.0,251.91706077094938,10257.082939229029
10.591047334817137,66.25331491725984,2585.137866792577,30.343598437684673
18.633510640842285,38.08536357217122,3116.302154676675,58.061499715598316

8.434913781626998,5.849374591253059,749.0068505318505,19.162416457070698
21.46006596715146,68.6549647155426,24.92402332946587,2415.8524009107655
4198.102788135537,1.2204542557367268,47.531843247945204,37.75495488153644
1.093586200734289,9427.771795197566,58.648061148481794,114.00046220052225

Iteration: ,40000
Error:,0.023147591618697092
Absolute Error:,0.02244289036627655
Transition Probabilities
0.017339364421621768,0.9821308342538749,0.00026490066225165595,0.00026490066225165595
8.93655049151029e-05,8.93655049151029e-05,0.023957755914396892,0.9758635130757728
0.0036742941496874996,0.023576580959970114,0.9612178943463536,0.01153123054398869
0.005490487776934424,0.012018761389626738,0.9643246088654218,0.018166141968017066

0.010030213025953456,0.008063308132599905,0.9583732217538057,0.023533257087640987
0.007986217197726794,0.027261620854490864,0.009999698201937038,0.9547524637458453
0.9805671900813445,0.00026600544688670466,0.010773851155363522,0.00839295331640516
0.00010716053355589437,0.9821454526325926,0.005905270564154034,0.01184211626969734

Transition Gammas
65.45610069162208,3707.543899308373,1.0,1.0
1.0,1.0,268.08728868210085,10919.912711317882
10.591047334817137,67.95881733133126,2770.6829674922265,33.238440784731516
18.98363964319733,41.55547638895556,3334.2011889496684,62.81035617213402

8.434913781626998,6.780843908019268,805.944547259006,19.790306947767444
21.54324756614731,73.53967874676786,26.97472014815811,2575.495779994622
4500.076104927582,1.220767702023703,49.44398571838387,38.51743057586332
1.0938901830502137,10025.69913859025,60.28075154192975,120.88382078841006

Iteration: ,42500
Error:,0.023181315642463982
Absolute Error:,0.022491638166621926
Transition Probabilities
0.018218780579465618,0.9812853106677449,0.00024795437639474365,0.00024795437639474365
8.433836552247625e-05,8.433836552247625e-05,0.024142969696381772,0.9756883535725732
0.003455911730293106,0.022818019552751263,0.9625564909913482,0.011169577725607397
0.005413952196439694,0.011525523630408454,0.9639648950617746,0.01909562911137725

0.010552818970129805,0.007858725332504687,0.9586396101656227,0.022948845531742843
0.007948897704165214,0.02713004953341795,0.00990494810153602,0.9550161046608807
0.9807100248357258,0.0002485083765667622,0.010735485660701273,0.008305981127006217
0.00010136102516703489,0.981191649825786,0.005985050586774507,0.012721938562272344

Transition Gammas
73.47634207698475,3957.523657923011,1.0,1.0
1.0,1.0,286.2631916899984,11568.73680830999
10.591047334817137,69.92850050295559,2949.8674023309704,34.23048261472637
19.96748777593749,42.50790251764702,3555.250685670374,70.42761498817909

9.630779140599655,7.172078685156983,874.8796304635273,20.94371783250954
22.66473543062697,77.35605838436165,28.24203261010274,2723.0426342994406
4819.044241276194,1.2211283974623908,52.752372302069084,40.81419533256304
1.0942317320442827,10592.3458912039,64.61095139030644,137.33828012311372

Iteration: ,45000
Error:,0.024045466464071318
Absolute Error:,0.022671627308606373
Transition Probabilities
0.01794009834328186,0.981590858504748,0.00023452157598499092,0.00023452157598499092
7.96749263006932e-05,7.96749263006932e-05,0.024096053001206253,0.9757445971461923
0.0032747412507409045,0.023491741687209477,0.96148791673587,0.011745600326179748
0.005196195403265616,0.011532885583352921,0.9643259872321095,0.018944931781271976

0.012586139788776967,0.008078686169291997,0.9565375120448208,0.02279766199711015
0.007805557182585536,0.026269890154226212,0.00984846040425236,0.956076092258936
0.9807365803352188,0.00023474866734630686,0.010660738342041263,0.008367932655393444
9.57439344453745e-05,0.9812271437494827,0.005818612813040337,0.012858499503031435

Transition Gammas
76.49657933575375,4185.50342066424,1.0,1.0
1.0,1.0,302.4295612181396,12246.570438781857
10.63330793361297,76.27928563836163,3122.0167672140255,38.138764430672815
20.295202183179548,45.04492739486369,3766.446286656216,73.99475789648328

12.234128190053326,7.852739907629239,929.784885385273,22.160052564715333
23.549308947228717,79.25606651525618,29.712733029708524,2884.47457971308
5102.994774844812,1.2214505371672113,55.47023853931261,43.54025073902159
1.0945967120269604,11217.922174616442,66.52154510472587,147.00535714509158

Iteration: ,46528
Error:,0.023693822534288544
Absolute Error:,0.022627872457291042
Transition Probabilities
0.018053577608011538,0.9814922897852674,0.00022706630336058158,0.00022706630336058158
7.715454054471114e-05,7.715454054471114e-05,0.02419094497951296,0.9756547459393976
0.0037369281245980186,0.02370826093320596,0.9609543467847583,0.011600464157437793
0.005033855687633906,0.011172574775018438,0.964856551308157,0.01893701822919072

0.012225979188032608,0.00784750929434962,0.9571176573724328,0.022808854145184933
0.007574703798248822,0.02702234339183743,0.009841016885716921,0.9555619359241968
0.980967743422231,0.00022751676934796065,0.01055473410800559,0.008250005700415414
9.256081023233391e-05,0.9814432305378399,0.005695302683902626,0.012768905968025181

*,*,*,*,*,*,*,*,*,*,*
Model Num 2
Model States: 
"['diamond', 'x', 'diamond']","['diamond', 'x', 'square']","['square', 'y', 'diamond', 'x', 'diamond']","['square', 'y', 'diamond', 'x', 'square']"
Iteration: ,46528
Error:,0.022750546715717922
Absolute Error:,0.022627872457291042
Transition Probabilities
0.018053577608011538,0.9814922897852674,0.00022706630336058158,0.00022706630336058158
7.715454054471114e-05,7.715454054471114e-05,0.02419094497951296,0.9756547459393976
0.0037369281245980186,0.02370826093320596,0.9609543467847583,0.011600464157437793
0.005033855687633906,0.011172574775018438,0.964856551308157,0.01893701822919072

0.012225979188032608,0.00784750929434962,0.9571176573724328,0.022808854145184933
0.007574703798248822,0.02702234339183743,0.009841016885716921,0.9555619359241968
0.980967743422231,0.00022751676934796065,0.01055473410800559,0.008250005700415414
9.256081023233391e-05,0.9814432305378399,0.005695302683902626,0.012768905968025181

Transition Gammas
79.50795578568271,4322.492044214312,1.0,1.0
1.0,1.0,313.53883787946717,12645.46116212052
12.601139150606738,79.94563584772145,3240.3939913930562,39.11744036426284
20.295202183179548,45.04492739486369,3890.0516823851626,76.34915213245448

12.234128190053326,7.852739907629239,957.7556065791211,22.82405696826035
23.789722272329087,84.8685389635882,30.907486922806267,3001.114456106026
5266.982415162912,1.221576174492618,56.67015996840759,44.29568172903598
1.0948409920795417,11608.84695687808,67.36599242147754,151.03499680601885

