0,1,2,3,4,5,6,7,8,9,10,11,12,13,14,15,16,17,18,19,20,21,22,23,24,25,26,27,28,29
github Code Version (SHA):,528ca1c557fe8e6666681dc5c9134b0f84d30530
Environment Observations,Environment Actions,alpha,epsilon,numActions,explore,patience,gainThresh,insertRandActions,useUpdatedPosterior,revisedSplitting,haveControl,confidence_factor
"['diamond', 'square']","['x', 'y']",0.95,0.99,75000,0.5,0,0.01,False,True,False,False,250

Model Num 0
Model States: 
['diamond'],['square']
Iteration: ,0
Error:,0.6222794951624624
Absolute Error:,1
Transition Probabilities
0.5,0.5
0.5,0.5

0.5,0.5
0.5,0.5

Transition Gammas
1.0,1.0
1.0,1.0

1.0,1.0
1.0,1.0

Iteration: ,2487
Error:,0.12283677344270122
Absolute Error:,1
Transition Probabilities
0.472,0.528
0.04871447902571042,0.9512855209742895

0.05138339920948617,0.9486166007905138
0.9451871657754011,0.05481283422459893


Model Num 1
Model States: 
['square'],"['diamond', 'x', 'square']","['diamond', 'x', 'diamond']"
Iteration: ,0
Error:,0.6753834091066736
Absolute Error:,1
Transition Probabilities
0.3333333333333333,0.3333333333333333,0.3333333333333333
0.3333333333333333,0.3333333333333333,0.3333333333333333
0.3333333333333333,0.3333333333333333,0.3333333333333333

0.3333333333333333,0.3333333333333333,0.3333333333333333
0.3333333333333333,0.3333333333333333,0.3333333333333333
0.3333333333333333,0.3333333333333333,0.3333333333333333

Transition Gammas
1.0,1.0,1.0
1.0,1.0,1.0
1.0,1.0,1.0

1.0,1.0,1.0
1.0,1.0,1.0
1.0,1.0,1.0

Iteration: ,2500
Error:,0.1056643792657927
Absolute Error:,1
Transition Probabilities
0.9527777777777777,0.033903458214254015,0.013318764007968206
0.9957983193277311,0.0021008403361344537,0.0021008403361344537
0.003164556962025316,0.9308301070417274,0.06600533599624733

0.0506155950752394,0.4081894510371193,0.5411949538876413
0.9121760216859035,0.021624342669983934,0.06619963564411253
0.9379109737885692,0.04877933752279355,0.013309688688637194

Transition Gammas
686.0,24.410489914262893,9.589510085737109
474.0,1.0,1.0
1.0,294.1423138251859,20.85768617481416

37.0,298.3864887081342,395.61351129186573
73.78394589715302,1.74914631791647,5.354745376609284
94.47943229113719,4.91373301463281,1.3407368784637819

Iteration: ,5000
Error:,0.10041822413215261
Absolute Error:,1
Transition Probabilities
0.9540150995195608,0.03327215610460036,0.012712744375838903
0.9978791092258749,0.0010604453870625664,0.0010604453870625664
0.0016,0.9469340222175748,0.05146597778242526

0.04755341144038594,0.40224196033797494,0.5502046282216392
0.9225360302691895,0.03580608232753443,0.04165788740327595
0.9487807926294296,0.04125151940999786,0.009967687960572572

Transition Gammas
1390.0,48.47753144440272,18.522468555597282
941.0,1.0,1.0
1.0,591.8337638859842,32.16623611401579

69.0,583.6530844504016,798.3469155495984
148.9193187947071,5.779955702508144,6.72457661378524
193.49964203804257,8.41306474727254,2.0328658287573695

Iteration: ,7500
Error:,0.09805821143806961
Absolute Error:,1
Transition Probabilities
0.9545880149812734,0.03012900866294467,0.015282976355781921
0.9985915492957746,0.0007042253521126761,0.0007042253521126761
0.0010515247108307047,0.9480482492703468,0.05090022601882248

0.04826958105646628,0.4022228957056659,0.5495075232378678
0.9275595554835508,0.029872523471763026,0.04256792104468621
0.9589304706680583,0.031137104979399612,0.00993242435254227

Transition Gammas
2039.0,64.35556250404981,32.644437495950186
1418.0,1.0,1.0
1.0,901.5938850560997,48.40611494390017

106.0,883.2814789696426,1206.7185210303583
228.68563883299632,7.364936378810182,10.494929581984396
296.3474501108142,9.62259720253686,3.069512045272525

Iteration: ,10000
Error:,0.094965144883554
Absolute Error:,1
Transition Probabilities
0.9562171628721541,0.028191238285818165,0.015591598842027715
0.9989517819706499,0.0005241090146750524,0.0005241090146750524
0.0007905138339920945,0.9513001175958982,0.0479093685701097

0.051124744376278085,0.4052470063597424,0.5436282492639795
0.9366389016420847,0.022736791080290038,0.040624307277625345
0.9635060810349637,0.02797749482781054,0.008516424137225835

Transition Gammas
2730.0,80.48598530601086,44.514014693989125
1906.0,1.0,1.0
1.0,1203.3946487588116,60.60535124118879

150.0,1188.994716659485,1595.0052833405166
303.3975153377099,7.364936378810182,13.159088170199675
385.3574588075964,11.189692024638616,3.4061721334687993

Iteration: ,12500
Error:,0.0995044999778431
Absolute Error:,1
Transition Probabilities
0.955623778956182,0.028868331518590876,0.015507889525227143
0.9991610738255033,0.00041946308724832214,0.00041946308724832214
0.0006329113924050635,0.9526625452483801,0.046704543359214805

0.05119080208048177,0.40411906954601984,0.5446901283734984
0.9345289895646284,0.023994497458753088,0.041476512976618536
0.9580148770418778,0.03211707013429507,0.009868052823827096

Transition Gammas
3424.0,103.43523183111111,55.564768168888854
2382.0,1.0,1.0
1.0,1505.2068214924402,73.79317850755938

187.0,1476.2469610516112,1989.7530389483904
379.6273465481908,9.747121281135819,16.848721378585328
476.5233558407884,15.975257177033628,4.90843906489638

Iteration: ,15000
Error:,0.09622047765935894
Absolute Error:,1
Transition Probabilities
0.9569266589057043,0.02813714738680923,0.014936193707486453
0.9993024066968957,0.0003487966515521451,0.0003487966515521451
0.0005257623554153524,0.9505797448705053,0.04889449277407928

0.04931506849315066,0.4048807448826467,0.5458041866242027
0.933852655819614,0.025901578207463062,0.04024576597292306
0.9579571246281879,0.032293597692914476,0.009749277678897746

Transition Gammas
4110.0,120.84904802634566,64.15095197365432
2865.0,1.0,1.0
1.0,1808.0026747437007,92.99732525629877

216.0,1773.3776625859932,2390.622337414009
452.57716131637346,12.552796916831838,19.504484358983234
570.8051343357251,19.242355315685398,5.809172051765296

Iteration: ,17500
Error:,0.09453392394403602
Absolute Error:,1
Transition Probabilities
0.9557451875372097,0.02976471369217436,0.014490098770615871
0.999397045523063,0.00030147723846849563,0.00030147723846849563
0.00044464206313917296,0.9460916856498909,0.05346367228697005

0.04926108374384235,0.39782736315680334,0.5529115530993542
0.9356836489715712,0.025306686845859815,0.039009664182569105
0.9582928901992916,0.030968200513437003,0.010738909287271378

Transition Gammas
4816.0,149.9843922948666,73.01560770513338
3315.0,1.0,1.0
1.0,2127.7602010266046,120.23979897339564

250.0,2018.9738680207772,2806.0261319792235
533.4966215716884,14.429056177564025,22.24205165166783
664.8065359550133,21.4838932007695,7.450015706285037

Iteration: ,20000
Error:,0.09408195118485586
Absolute Error:,1
Transition Probabilities
0.9559792027729636,0.029788470531120104,0.014232326695916278
0.9994736842105263,0.0002631578947368421,0.0002631578947368421
0.00039169604386995685,0.9449684393635761,0.05463986459255397

0.050301464254952626,0.4011198831150843,0.5485786526299632
0.9392770724433331,0.023632336117554154,0.037090591439112766
0.9552875406020798,0.033147661451852856,0.011564797946067375

Transition Gammas
5516.0,171.879474964563,82.12052503543693
3798.0,1.0,1.0
1.0,2412.50442569521,139.4955743047903

292.0,2328.5009214830643,3184.499078516936
610.1560918193215,15.35160845408304,24.094115548765902
753.0962172865326,26.13179528705208,9.117051376360681

Iteration: ,22500
Error:,0.09492251194527515
Absolute Error:,1
Transition Probabilities
0.9563271604938272,0.029678500124092757,0.013994339382080074
0.9995320542817033,0.0002339728591483388,0.0002339728591483388
0.0003486750348675034,0.9442927259009792,0.055358599064153274

0.05061162079510703,0.40137044008063266,0.5480179391242603
0.932687217199399,0.027466849705378923,0.039845933095222066
0.9575872904769858,0.031297707767340394,0.011115001755673839

Transition Gammas
6197.0,192.31668080412106,90.68331919587888
4272.0,1.0,1.0
1.0,2708.231537884009,158.7684621159916

331.0,2624.9626781273378,3584.0373218726627
679.166483196491,20.00087850984305,29.015110050746046
855.7448898388906,27.969098746320697,9.932886586485854

Iteration: ,23424
Error:,0.09525544449198774
Absolute Error:,1
Transition Probabilities
0.9560520864160994,0.029761216204804205,0.014186697379096346
0.9995510662177329,0.0002244668911335578,0.0002244668911335578
0.00033467202141900925,0.943491052062492,0.05617427591608901

0.05016181229773463,0.4012758143678555,0.5485623733344099
0.9334519411833155,0.027887981788829216,0.038660077027855184
0.956979840843572,0.032046245591903284,0.010973913564524772


Model Num 2
Model States: 
"['diamond', 'x', 'square']","['diamond', 'x', 'diamond']","['square', 'y', 'diamond', 'x', 'diamond']","['square', 'y', 'diamond', 'x', 'square']"
Iteration: ,0
Error:,0.621623406585491
Absolute Error:,0.7
Transition Probabilities
0.25,0.25,0.25,0.25
0.25,0.25,0.25,0.25
0.25,0.25,0.25,0.25
0.25,0.25,0.25,0.25

0.25,0.25,0.25,0.25
0.25,0.25,0.25,0.25
0.25,0.25,0.25,0.25
0.25,0.25,0.25,0.25

Transition Gammas
1.0,1.0,1.0,1.0
1.0,1.0,1.0,1.0
1.0,1.0,1.0,1.0
1.0,1.0,1.0,1.0

1.0,1.0,1.0,1.0
1.0,1.0,1.0,1.0
1.0,1.0,1.0,1.0
1.0,1.0,1.0,1.0

Iteration: ,2500
Error:,0.044762349596266245
Absolute Error:,0.06430667319206866
Transition Probabilities
0.0014684287812041122,0.0014684287812041122,0.05808837904105446,0.9389747633965374
0.9029755222243213,0.08956179120851451,0.0037313432835820903,0.0037313432835820903
0.039176087506291056,0.02056915306888637,0.8955954939585473,0.0446592654662753
0.014071996691292098,0.028124465236196373,0.9031475490124649,0.054655989060046636

0.02649052256329742,0.020942947200995994,0.04420477628748453,0.908361753948222
0.04854775989365268,0.12021052281096146,0.736043837637872,0.09519787965751395
0.004127980654661169,0.9495597987124457,0.03347348730913913,0.012838733323753982
0.9633063782535826,0.0018737279772194145,0.02724398097265711,0.007575912796540858

Transition Gammas
1.0,1.0,39.55818612695808,639.4418138730417
241.99743995611806,24.002560043881886,1.0,1.0
6.243800824633987,3.278267511346345,142.73808947406724,7.117697970760863
2.571380208167638,5.139192032244131,165.03242457574268,9.987305398799542

4.680205416076604,3.7000891426170135,7.8098660720186,160.48455029254535
2.350173916885345,5.819334112724109,35.63153135572138,4.60848397956938
1.1916010489402242,274.10410727084513,9.662604049323352,3.7060852207178754
602.8140247478116,1.1725340231608814,17.048629793206864,4.740824505180482

Iteration: ,5000
Error:,0.028062366055592692
Absolute Error:,0.050148776808650784
Transition Probabilities
0.0007412898443291332,0.0007412898443291332,0.06356002158846195,0.9349573987228799
0.9162418929634712,0.08008838226588655,0.0018348623853211012,0.0018348623853211012
0.033639941807792395,0.014100372743041574,0.9098793049343533,0.04238038051481279
0.018875747700734743,0.021073094362823425,0.9139498609903818,0.046101296946060064

0.030001610368783817,0.015947945607361267,0.047713587333923155,0.9063368566899317
0.03207858086345814,0.07896741530950659,0.829990610036349,0.058963393790686276
0.00198357659754472,0.963952894404545,0.025129583847829942,0.00893394515008049
0.9631651758654101,0.0009691540159447313,0.028832440831824964,0.007033229286820264

Transition Gammas
1.0,1.0,85.74246912283512,1261.257530877164
499.3518316650917,43.64816833490816,1.0,1.0
11.40850848414093,4.78194115161271,308.57264347238856,14.37270413328613
6.936368919074596,7.743839294976631,335.8538962204642,16.94108272347973

10.273508942650153,5.4610855817459205,16.3386551633578,310.35866701161
3.440613390814615,8.469712164274899,89.02129490380472,6.324165121506584
1.2014433762504007,583.8619095593723,15.220875311432822,5.411250181936373
1176.0981056843052,1.1834109359745069,35.206608268510124,8.58810913054498

Iteration: ,7500
Error:,0.02293776296730152
Absolute Error:,0.04399759057536762
Transition Probabilities
0.0005000000000000003,0.0005000000000000003,0.06296669976164666,0.9360333002383533
0.9171011262695423,0.08046874007310649,0.0012150668286755781,0.0012150668286755781
0.03254461163368806,0.012555903347735788,0.9100516573417107,0.044847827676865376
0.0152950580630266,0.018895261895797263,0.9201918507254543,0.04561782931572189

0.027827900248465563,0.012302791318494488,0.04100566845936764,0.9188636399736724
0.021160319837853457,0.061318369350396223,0.8671610104406688,0.050360300371081426
0.0013014559029254028,0.9628661207093638,0.025856138226023055,0.009976285161687743
0.9592472085693732,0.0006579695526001747,0.03366439514085752,0.006430426737169135

Transition Gammas
1.0,1.0,125.93339952329325,1872.0666004767054
754.7742269198327,66.22577308016659,1.0,1.0
16.911895512617438,6.524709155343747,472.9108066576493,23.305295026286608
8.609190536450097,10.635651674332646,517.9520692461135,25.6770901306794

14.240170238198854,6.29561846981454,20.983534308332676,470.20344841280837
3.5609920237859756,10.319041765035704,145.93132169927807,8.474948834000172
1.2099032385130837,895.1320095303785,24.037253436546397,9.27448997566833
1736.4263090729496,1.1910544346622136,60.93918322555641,11.640338450022275

Iteration: ,10000
Error:,0.024173558806445065
Absolute Error:,0.0416936175928176
Transition Probabilities
0.0003803727653100039,0.0003803727653100039,0.06054807644755786,0.9386911780218222
0.9257892749417046,0.07239419463141072,0.0009082652134423259,0.0009082652134423259
0.03488043031942963,0.013252311050947438,0.9025062769644541,0.04936098166516884
0.014452863266380272,0.016351196206188745,0.9295816665861448,0.03961427394128617

0.036619652546889016,0.014194522686751893,0.037963647062836496,0.9112221777035227
0.015767390561797625,0.05713933223160683,0.8825159442541919,0.04457733295240361
0.0009620107813560757,0.9616759928034065,0.02791326792357591,0.009448728491661482
0.956289091279045,0.0005086103038055567,0.03790600027125751,0.00529629814589167

Transition Gammas
1.0,1.0,159.18089298062955,2467.8191070193698
1019.2939917108159,79.70600828918315,1.0,1.0
26.299755498172342,9.992208732341815,680.4874309853147,37.21805428015535
11.134855833400023,12.597380124882905,716.1735119217525,30.519850714086942

24.582402001987628,9.528639368308587,25.484611913378348,611.6942222964257
3.6424793277046614,13.19995440188728,203.87305500658354,10.29796358040021
1.214286143388107,1213.8635607015615,35.23317525454246,11.926540016409852
2247.7638036724875,1.1954918669415227,89.0983031478184,12.448983653959905

Iteration: ,12500
Error:,0.02359238266173669
Absolute Error:,0.039705966797797594
Transition Probabilities
0.00030497102775236325,0.00030497102775236325,0.05835592726118094,0.9410341306833143
0.9252090228735484,0.07334065080302878,0.0007251631617113855,0.0007251631617113855
0.03531540896295334,0.013970541986609034,0.9011805345221964,0.04953351452824123
0.016076501718182097,0.017337174708031422,0.9332900869845276,0.0332962365892588

0.03617360046124944,0.012752523284330762,0.03521161398161642,0.9158622622728033
0.013066959048430589,0.04957720225451821,0.8924346321778578,0.0449212065191934
0.0007707541426661647,0.9617394521045227,0.027663641424920313,0.009826152327890901
0.9557517959478754,0.0004103574251674815,0.03943030883579036,0.004407537791166755

Transition Gammas
1.0,1.0,191.34908548941246,3085.65091451059
1275.8632425426224,101.13675745737662,1.0,1.0
34.104746879395066,13.491612081317855,870.2867933586348,47.83543571036225
15.708022879797028,16.939800819776284,911.8987636010692,32.533075623267756

30.116886958179744,10.617309233488418,29.31597033133081,762.5152008764147
3.7179497729525104,14.106231387320767,253.92496645798673,12.78145810052472
1.217085013478353,1518.6667307142604,43.68319485126979,15.516313278657707
2792.8219769935813,1.1991138706609812,115.22011629287621,12.879356816057282

Iteration: ,15000
Error:,0.025503076667747725
Absolute Error:,0.03961782838722016
Transition Probabilities
0.00025271670457417217,0.00025271670457417217,0.06125739540949799,0.9382371711813536
0.9266842490612107,0.07209994546766466,0.0006079027355623105,0.0006079027355623105
0.03539505993815763,0.015370603994267542,0.8963401077435931,0.052894228323981884
0.020241579363871463,0.015854780447050194,0.9276395064309174,0.036264133758161066

0.03715696156650483,0.012590626053933669,0.033077756058801366,0.9171746563207602
0.015539341801300066,0.04181759695470236,0.8995713743519378,0.04307168689205959
0.0006419927237134276,0.9556898327986422,0.032066402391290126,0.011601772086354283
0.9561119880435877,0.0003422304731191119,0.03979806013083861,0.003747721352454515

Transition Gammas
1.0,1.0,242.39551363538374,3712.6044863646193
1524.3955897056903,118.60441029430827,1.0,1.0
41.11413440635213,17.854160428920654,1041.1692402262522,61.44078909407452
23.81044003288747,18.65018990281408,1091.1947354974661,42.657984669638715

36.62256917330114,12.409547340679579,32.60203090591359,903.9838264220406
5.241849532703853,14.106231387320767,303.4502907894054,14.529270589119818
1.219985493388749,1816.1073936313162,60.93612014207635,22.046968945512223
3356.40386147262,1.201390313953707,139.70995487212383,13.156268906156914

Iteration: ,17500
Error:,0.02429884277279991
Absolute Error:,0.03752724124256273
Transition Probabilities
0.00021574973031283698,0.00021574973031283698,0.061162812590089585,0.9384056879492848
0.9293244890999768,0.06962121464277486,0.0005271481286241437,0.0005271481286241437
0.03688486222553422,0.015806275658753036,0.8946317255174311,0.052677136598281556
0.02023058455144468,0.014796689767164613,0.9303011522169072,0.034671573464483366

0.03451039301339764,0.01299605559168557,0.03142920926607779,0.9210643421288391
0.017598476560597886,0.03508579393451104,0.907432983808844,0.03988274569604718
0.0005522370269493973,0.954846016569234,0.03241111680772545,0.012190629596091154
0.9576645073282454,0.00029214938709255523,0.038208153358723976,0.0038351899259380768

Transition Gammas
1.0,1.0,283.4896363550654,4349.510363644938
1762.9285558226547,132.0714441773438,1.0,1.0
49.898704351100605,21.38309941800772,1210.278723606178,71.26286250191146
27.62347645850511,20.203865607921202,1270.2624539709009,47.34165693235459

39.51851189258343,14.882032124563679,35.990189380741185,1054.7284159911535
7.075461450052956,14.106231387320767,364.8331191247088,16.03484419364197
1.2224820165657075,2113.733826022953,71.74819054261924,26.98628437531533
3944.9176933819585,1.2034541088584874,157.3912566069639,15.798339063982489

Iteration: ,20000
Error:,0.023350805183337285
Absolute Error:,0.03735573203658886
Transition Probabilities
0.0001884303749764459,0.0001884303749764459,0.060406762551024104,0.939216376699023
0.9303035467544256,0.06876966918626026,0.00046339202965709007,0.00046339202965709007
0.03343582450650053,0.014914128344621457,0.8983039269401679,0.05334612020871001
0.021298188224311468,0.014837001575913259,0.9308470290176729,0.03301778118210238

0.037170683565523485,0.013448312404107,0.03171897887527217,0.9176620251550973
0.01571943690668926,0.03207622294896551,0.9083449154245172,0.043859424719828
0.000483921053452156,0.9544450726187114,0.03350229681008228,0.011568709517754239
0.9564715702279281,0.0002557733558263816,0.03932726066749142,0.003945395748754212

Transition Gammas
1.0,1.0,320.57868885828543,4984.421311141723
2007.5950538960496,148.40494610394958,1.0,1.0
52.520221669383076,23.426768689758546,1411.03508185367,83.79485476777445
32.989724536067534,22.98170106187058,1441.8309552479618,51.14273075802555

47.7682763335154,17.282509803900048,40.76225677313826,1179.2931685291892
7.282193997522258,14.859646666016536,420.8003079276612,20.31833845737796
1.224934102831307,2415.9567152321715,84.80330746738967,29.283509599251875
4507.285669185076,1.2053087798531232,185.32615493490195,18.592320222738948

Iteration: ,22500
Error:,0.022679337931354113
Absolute Error:,0.036972562964410115
Transition Probabilities
0.0001669727834362998,0.0001669727834362998,0.060406951083642184,0.9392591033494853
0.9309787430564366,0.06820326103354292,0.000408997955010225,0.000408997955010225
0.03357262080894887,0.015549428998697346,0.8958692692377727,0.0550086809545811
0.02206362090304752,0.01494913244016541,0.9312837365957464,0.03170351006104066

0.03622484447193056,0.01356198435696165,0.03109719438860838,0.9191159767824995
0.014220357805203735,0.030922131394848926,0.9127644065917174,0.04209310420822984
0.0004301061927856768,0.9563939522545608,0.03202702707123364,0.011148914481420087
0.9571884402277339,0.00022797587590594597,0.0388751648533318,0.0037084190430284325

Transition Gammas
1.0,1.0,361.7772300399333,5625.222769960071
2276.243026772987,166.75697322701242,1.0,1.0
58.35147384335761,27.02595381695023,1557.0810669943787,95.60878866577055
38.80982629768934,26.295467813437472,1638.124594778175,55.766355119258115

52.16772574956368,19.530736180304785,44.783350545585805,1323.6272207044321
7.282193997522258,15.835112077964853,467.4233640170308,21.555727007802854
1.226252400117652,2726.7228398047323,91.31051696877851,31.78606439726461
5069.05949367836,1.2073101068957015,205.87432441328724,19.638971770415903

Iteration: ,25000
Error:,0.02200445283398573
Absolute Error:,0.03615257811727907
Transition Probabilities
0.00015006002400960389,0.00015006002400960389,0.05880741513296896,0.9408924648190119
0.932973014071781,0.06628651943432787,0.0003702332469455758,0.0003702332469455758
0.032090473248295476,0.015037596056465692,0.8990614325197981,0.0538104981754407
0.022525828334403194,0.014002002429979258,0.9318630623328034,0.031609106902814224

0.03584037983255831,0.013786922897761384,0.030515116069184743,0.9198575812004955
0.01657947052121755,0.031246146897524585,0.9104755564000322,0.0416988261812258
0.0003890763223315273,0.9557841978895242,0.032786829782088044,0.011039896006056276
0.9576812570898188,0.0002049098985217287,0.038538029968057996,0.00357580304360163

Transition Gammas
1.0,1.0,391.89261444610503,6270.107385553893
2519.96011100788,179.03988899211953,1.0,1.0
62.41071024068474,29.245659387288526,1748.5271133091958,104.6525984066847
44.086162731972706,27.403856077459434,1823.7849458869562,61.86339565597645

57.38223230043466,22.073549893264467,48.856219915560416,1472.737779408602
9.307303861665945,17.540812495148074,511.1184130512364,23.408687596312856
1.2275184949659366,3015.456641193055,103.44098995188803,34.83038096157245
5650.504491042666,1.2090080006103048,227.38182437878223,21.097928989812164

Iteration: ,27500
Error:,0.023020434429689516
Absolute Error:,0.03653067037910065
Transition Probabilities
0.00013644426251876123,0.00013644426251876123,0.05922203335618741,0.940505078118775
0.9315885263882231,0.06774190548321993,0.0003347840642785404,0.0003347840642785404
0.03374287316740607,0.01455295109059404,0.8979468119070632,0.0537573638349367
0.0229117650752937,0.013730560154949068,0.9326701105527245,0.030687564217032663

0.03514856095277737,0.014309116648758249,0.02972255695859296,0.9208197654398714
0.018615712962011068,0.032643047076700446,0.9089703474079,0.03977089255338854
0.0003535065473381177,0.9557786985235676,0.033022036342253834,0.010845758586840558
0.9579839025648047,0.00018700834813700545,0.03816311663129909,0.003665972455759265

Transition Gammas
1.0,1.0,434.03828246749714,6892.961717532496
2782.654928321622,202.3450716783779,1.0,1.0
71.84191643060566,30.984673145115007,1911.8176303513378,114.45474785145788
49.66594789591269,29.76380401057572,2021.753669460272,66.52158663668916

62.004242767375196,25.242169762463337,52.432434995097864,1624.3832103976863
11.395608961194512,19.982441744082195,556.4262114225543,24.345752456592326
1.2289677061117872,3322.7705781401855,114.80131431869466,37.7053470490967
6201.531972783408,1.2106030665484977,247.0498589135255,23.731761394807425

Iteration: ,30000
Error:,0.022364963986044345
Absolute Error:,0.035615355026478515
Transition Probabilities
0.00012526619065514233,0.00012526619065514233,0.05851200371993415,0.9412374638987556
0.9323942931627649,0.06699314940997625,0.00030627871362940307,0.00030627871362940307
0.0319323280201912,0.014942730440377637,0.899516336201363,0.053608605338068334
0.022788138824252693,0.013050946446882716,0.932992541874639,0.031168372854225652

0.03619304268823941,0.015254175493810463,0.029530519897043726,0.9190222619209064
0.01711987083869712,0.0300200562221308,0.913525961530317,0.03933411140885515
0.00032352800588083034,0.9554371969102347,0.03288152225840849,0.011357752825475964
0.9566840441593505,0.00017188177646684864,0.039386544328886865,0.0037575297352957803

Transition Gammas
1.0,1.0,467.1013256962337,7513.898674303757
3044.267367176424,218.7326328235722,1.0,1.0
74.57984902117018,34.899634611755914,2100.8738386864447,125.206082369584
53.96534431273057,30.906377394167464,2209.450458055375,73.81085334427313

69.53239446045912,29.30561425136409,56.732664777335515,1765.5829321747556
11.395608961194512,19.982441744082195,608.0761199417415,26.182215781569838
1.230051885057502,3632.567517343094,125.0153856924943,43.18212030812528
6744.895936229515,1.2118156487305791,277.6863943826612,26.491658553925475

Iteration: ,32500
Error:,0.022131080050586505
Absolute Error:,0.035595318790613284
Transition Probabilities
0.00011572734637194782,0.00011572734637194782,0.05869477594893868,0.9410737693583173
0.93317116062183,0.06626274823749635,0.0002830455703368246,0.0002830455703368246
0.03257870841402276,0.014640878630028034,0.8987280626670363,0.05405235028891282
0.021437432668197077,0.013508164875737996,0.934047208066776,0.03100719438928892

0.035302425525045165,0.015076372679868574,0.029788946176051868,0.9198322556190344
0.01950080695537509,0.02903427696839708,0.9128163284057264,0.038648587670501396
0.00029916115550796354,0.9564285340787162,0.03254994162696362,0.010722363138812283
0.957050606794023,0.0001584763592951922,0.039091881249642926,0.003699035597038925

Transition Gammas
1.0,1.0,507.1815589747786,8131.8184410252115
3296.893710476921,234.1062895230743,1.0,1.0
81.95483114493689,36.83051889868651,2260.8356870707025,135.97381408184074
54.88126587523251,34.581808349264534,2391.2235181957794,79.3804979197959

74.17955263014804,31.679369449689002,62.594302453677074,1932.8061514694648
14.072974697738275,20.952909593864447,658.7440777570146,27.89118407432714
1.2312369500081748,3936.3070021586454,133.96355146335165,44.12929100201945
7326.330747431407,1.2131544722955656,299.25277675084897,28.316536281411214

Iteration: ,35000
Error:,0.021877314991467917
Absolute Error:,0.035285865042492835
Transition Probabilities
0.0001071352046282409,0.0001071352046282409,0.05894554036096312,0.9408401892297804
0.9344308926210816,0.06504126362067084,0.00026392187912377966,0.00026392187912377966
0.03316713229941797,0.013826473887064598,0.8991013312533165,0.053905062560201
0.0212610726297986,0.013284880745816845,0.9339564120358718,0.03149763458851286

0.03422020223972217,0.014876182737139131,0.028674576822394358,0.9222290382007444
0.01967268419805222,0.027460797391946096,0.9128709429184255,0.039995575491576126
0.0002788078913149965,0.9554889131790827,0.033314311688138844,0.010917967241463414
0.9570449225570292,0.00014645678855905458,0.0392638973791033,0.0035447232753082858

Transition Gammas
1.0,1.0,550.1976737292295,8781.802326270765
3540.558652141274,246.44134785872149,1.0,1.0
89.10715655703395,37.14634603209356,2415.5348240955045,144.82189190811744
58.41584232920193,36.500862986668544,2566.0911590776805,86.54129958083934

77.68162976442474,33.76970456220632,65.09277311585164,2093.507636268528
15.010488136492603,20.952909593864447,696.5312064625391,30.5170918917073
1.2319883564220955,4222.087151748118,147.20833011011683,48.24400218315235
7935.580441594774,1.2143835669937002,325.5665525813703,29.391971088719714

Iteration: ,37500
Error:,0.021637972374585313
Absolute Error:,0.034714134943057084
Transition Probabilities
9.992006394884098e-05,9.992006394884098e-05,0.05807844787783266,0.9417217119942697
0.9324489751517525,0.0670575632148895,0.00024673081667900347,0.00024673081667900347
0.03245988396057552,0.013381788817939548,0.8994212105130022,0.05473711670848271
0.022253697808344537,0.012814493361858019,0.9336320982694021,0.03129971056039526

0.0335689011735087,0.01514674435582642,0.026885996106899943,0.9243983583637648
0.019523620453636887,0.025706260978591515,0.9167972438163718,0.037972874751399696
0.00026141860966938634,0.9561398027764648,0.03225504993198275,0.011343728681883084
0.9562266100329037,0.00013635338783998878,0.04021420987521527,0.003422826704041267

Transition Gammas
1.0,1.0,581.2491063613489,9424.750893638646
3779.2156962900485,271.7843037099468,1.0,1.0
93.4690170782058,38.53318296146979,2589.9050220896047,157.61684492313273
65.47512552447753,37.70297272058867,2746.94477090223,92.09042449804646

81.91152359800387,36.95959249075199,65.60455742007203,2255.625751754544
15.913502731908792,20.952909593864447,747.2720276817582,30.95130063247378
1.2327852186212152,4508.917774786346,152.1068023134472,53.49420632586526
8523.101607366149,1.21535394107976,358.43992755505195,30.50856300887303

Iteration: ,40000
Error:,0.022197941058828222
Absolute Error:,0.034475137246607175
Transition Probabilities
9.359790340696388e-05,9.359790340696388e-05,0.0570257478082726,0.9427870563849136
0.9324903035342071,0.06704587457339956,0.00023191094619666073,0.00023191094619666073
0.0333499329831566,0.013672419970952997,0.8990515690811727,0.05392607796471778
0.02341723517251989,0.012534212192661274,0.9330456546421102,0.03100289799270863

0.03317472434187184,0.01492293660975727,0.026161627224028587,0.9257407118243423
0.019847559181706696,0.025997466663409314,0.9173784204516908,0.0367765537031932
0.0002459331958413306,0.9559980059573702,0.032334441386253646,0.011421619460535005
0.9567931044975979,0.00012777163074507056,0.03961651518931786,0.003462608682339065

Transition Gammas
1.0,1.0,609.2630895835832,10072.736910416395
4020.898188839497,289.1018111604986,1.0,1.0
102.33804136007937,41.95536708233969,2758.841425796615,165.47826947440555
73.76678429027952,39.484103065662644,2939.1931640049693,97.6624299048528

86.52217810500072,38.92014190964644,68.23149295432302,2414.40145582221
17.1791654273094,22.50225211134831,794.0420028528771,31.832150952637008
1.233468602109583,4794.771685838498,162.17216256738394,57.284698560592254
9109.250894035984,1.2164634507980943,377.1732621300364,32.966135611790534

Iteration: ,42500
Error:,0.02268562125019344
Absolute Error:,0.035052008116893775
Transition Probabilities
8.799718409010928e-05,8.799718409010928e-05,0.057306141887702944,0.9425178637441168
0.9324334101856597,0.06713133410160894,0.0002176278563656149,0.0002176278563656149
0.033961565079717655,0.013670810461467377,0.8990487818244406,0.05331884263437422
0.024791805766853723,0.013479005809589738,0.9306105849008935,0.03111860352266299

0.03588357041960054,0.015306218102168806,0.026543883741073054,0.9222663277371577
0.019463438918709594,0.02663542974239579,0.918151240895125,0.0357498904437695
0.00023156372506136626,0.9565129626936284,0.03214719131564041,0.011108282265669784
0.9569069863836185,0.00012035732428872386,0.0396110849504605,0.003361571341632198

Transition Gammas
1.0,1.0,651.2269964118551,10710.773003588125
4284.531519803105,308.468480196893,1.0,1.0
109.69735089344597,44.15731986053236,2903.9671598945265,172.22220990010987
82.94329445925794,45.095268912504565,3113.4443572293617,104.11018541424694

99.71718285082298,42.53458982484203,73.76304190548925,2562.894354288922
17.802404716177918,24.362328879489176,839.7950665010054,32.698950113446905
1.234093199658311,5097.6297877934385,171.32489201507263,59.200358779490145
9679.329840568764,1.2174414620187792,400.6750520521231,34.003051771237786

Iteration: ,45000
Error:,0.02369627489646101
Absolute Error:,0.03544138693295106
Transition Probabilities
8.322929671244297e-05,8.322929671244297e-05,0.057278428624749626,0.9425551127818255
0.9312988740064375,0.06828960335981767,0.00020576131687242798,0.00020576131687242798
0.033804062777530224,0.013823726157319456,0.8990085381837449,0.05336367288140547
0.026241886485772872,0.014017141951307939,0.928768489552998,0.030972482009921195

0.03659832821728408,0.015597102196152235,0.02618489181355795,0.9216196777730057
0.019592547985752128,0.026296913796106523,0.9180947349635309,0.0360158032546105
0.00021931773489296055,0.957520814622794,0.03148948935416662,0.010770378288146466
0.956955334513675,0.00011372947671892659,0.03959350243313139,0.003337433576474561

Transition Gammas
1.0,1.0,688.2003199263652,11324.799680073607
4526.112527671286,331.88747232871384,1.0,1.0
116.001518981284,47.437293049173675,3085.02432659597,183.1219860583769
92.86949601114158,49.60637678393869,3286.8925632529954,109.6109761786745

108.22908867058979,46.1239690121802,77.43432872381813,2725.4266160482307
19.108586152499534,25.64734526531083,895.4165814453862,35.12616530747665
1.235068820714432,5392.195500755442,177.33033081219617,60.65245210325368
10251.452955952918,1.2183352119372692,424.14824696173275,35.75249760244452

Iteration: ,46370
Error:,0.023690425727163848
Absolute Error:,0.03542766673271216
Transition Probabilities
8.070373658300392e-05,8.070373658300392e-05,0.05679486418932897,0.9430437283375049
0.930890064303983,0.0687104949131131,0.0001997203914519673,0.0001997203914519673
0.033695155504443776,0.013520988248832654,0.8991272368528375,0.05365661939388605
0.026805505975207804,0.014098062385683386,0.9279974790918822,0.03109895254722652

0.03672139772621063,0.015473909110895792,0.02613452316318878,0.9216701699997049
0.01910500440495703,0.026608110342279636,0.9191398667888284,0.03514701846393501
0.00021308930358017905,0.9571362268111818,0.03191028483119356,0.01074039905404433
0.9562247729061117,0.00011029402014926072,0.04033906935609955,0.0033258637176394267

*,*,*,*,*,*,*,*,*,*,*
Model Num 2
Model States: 
"['diamond', 'x', 'square']","['diamond', 'x', 'diamond']","['square', 'y', 'diamond', 'x', 'diamond']","['square', 'y', 'diamond', 'x', 'square']"
Iteration: ,46370
Error:,0.023612668336686567
Absolute Error:,0.03542766673271216
Transition Probabilities
8.070373658300392e-05,8.070373658300392e-05,0.05679486418932897,0.9430437283375049
0.930890064303983,0.0687104949131131,0.0001997203914519673,0.0001997203914519673
0.033695155504443776,0.013520988248832654,0.8991272368528375,0.05365661939388605
0.026805505975207804,0.014098062385683386,0.9279974790918822,0.03109895254722652

0.03672139772621063,0.015473909110895792,0.02613452316318878,0.9216701699997049
0.01910500440495703,0.026608110342279636,0.9191398667888284,0.03514701846393501
0.00021308930358017905,0.9571362268111818,0.03191028483119356,0.01074039905404433
0.9562247729061117,0.00011029402014926072,0.04033906935609955,0.0033258637176394267

Transition Gammas
1.0,1.0,703.7451621699742,11685.254837830005
4660.966551970042,344.0334480299572,1.0,1.0
119.23660973706943,47.84654574076506,3181.7298908281477,189.87398309040313
97.62741451450502,51.346069783254435,3379.8278101339424,113.26442911031336

111.59304067472156,47.02382468346554,79.42047653274696,2800.873145850926
19.108586152499534,26.613098749076567,919.3121843078044,35.1536077189983
1.2353943292008887,5549.038112231443,185.00123779703677,62.26792176702746
10566.88218877217,1.21881794957192,445.771962375698,36.75287555393455

