0,1,2,3,4,5,6,7,8,9,10,11,12,13,14,15,16,17,18,19,20,21,22,23,24,25,26,27,28,29
github Code Version (SHA):,ddb97f21bb9c22f159e8ea0ce9d830001061547e
Environment Observations,Environment Actions,alpha,epsilon,numActions,explore,patience,gainThresh,insertRandActions,useBudd,revisedSplitting,haveControl,confidence_factor
"['diamond', 'square']","['x', 'y']",0.99,0.99,75000,0.5,0,0.01,False,True,False,False,250

Model Num 0
Model States: 
['diamond'],['square']
Iteration: ,0
Error:,0.6748211620971906
Absolute Error:,1
Transition Probabilities
0.5,0.5
0.5,0.5

0.5,0.5
0.5,0.5

Transition Gammas
1.0,1.0
1.0,1.0

1.0,1.0
1.0,1.0

Iteration: ,2500
Error:,0.1617280476658514
Absolute Error:,1
Transition Probabilities
0.47692307692307695,0.5230769230769231
0.03625,0.96375

0.046065259117082535,0.9539347408829175
0.9684931506849315,0.031506849315068496

Transition Gammas
217.0,238.0
29.0,771.0

24.0,497.0
707.0,23.0

Iteration: ,2709
Error:,0.16402638572672482
Absolute Error:,1
Transition Probabilities
0.474,0.526
0.03387850467289719,0.9661214953271028

0.046181172291296625,0.9538188277087034
0.9698492462311558,0.03015075376884422


Model Num 1
Model States: 
['square'],"['diamond', 'x', 'square']","['diamond', 'x', 'diamond']"
Iteration: ,0
Error:,0.7216956422179118
Absolute Error:,1
Transition Probabilities
0.3333333333333333,0.3333333333333333,0.3333333333333333
0.3333333333333333,0.3333333333333333,0.3333333333333333
0.3333333333333333,0.3333333333333333,0.3333333333333333

0.3333333333333333,0.3333333333333333,0.3333333333333333
0.3333333333333333,0.3333333333333333,0.3333333333333333
0.3333333333333333,0.3333333333333333,0.3333333333333333

Transition Gammas
1.0,1.0,1.0
1.0,1.0,1.0
1.0,1.0,1.0

1.0,1.0,1.0
1.0,1.0,1.0
1.0,1.0,1.0

Iteration: ,2500
Error:,0.11426770461039769
Absolute Error:,1
Transition Probabilities
0.9782608695652174,0.01808068938503721,0.0036584410497453976
0.99609375,0.001953125,0.001953125
0.003164556962025316,0.9677402165791474,0.029095226458827207

0.018691588785046735,0.4062529764301492,0.575055434784804
0.9463913424820348,0.026804328758982584,0.026804328758982584
0.9794845764481485,0.010257711775925766,0.010257711775925766

Transition Gammas
675.0,12.475675675675676,2.5243243243243243
510.0,1.0,1.0
1.0,305.80590843901064,9.1940915609894

14.0,304.28347934618165,430.71652065381807
52.45496807211468,1.4856646992980993,1.4856646992980993
113.92201257431049,1.1930552027253178,1.1930552027253178

Iteration: ,5000
Error:,0.1052945037760197
Absolute Error:,1
Transition Probabilities
0.9807029634734665,0.015280841339168984,0.00401619518736444
0.9979423868312757,0.00102880658436214,0.00102880658436214
0.0016339869281045759,0.9783524165016366,0.02001359657025886

0.015006821282401096,0.4111351546207733,0.5738580240968255
0.9572220862794474,0.018342642815821472,0.024435270904731295
0.9858341041871158,0.008052870362331953,0.006113025450552205

Transition Gammas
1423.0,22.172500783134197,5.827499216865803
970.0,1.0,1.0
1.0,598.7516788990014,12.248321100998417

22.0,602.7241366740535,841.2758633259459
128.78470656844087,2.4678200666126946,3.287522549356943
220.9629114325578,1.804954477728323,1.3701614657864989

Iteration: ,7500
Error:,0.11137387736862908
Absolute Error:,1
Transition Probabilities
0.9830108541764984,0.01368725922887732,0.0033018865946243315
0.9986329460013671,0.000683526999316473,0.000683526999316473
0.001078748651564186,0.980287575091694,0.018633676256741866

0.019757521329142356,0.40980255450222003,0.5704399241686375
0.9592765860494286,0.012665670761326268,0.028057743189245168
0.9837960014015659,0.01054851107177274,0.005655487526661332

Transition Gammas
2083.0,29.003302305991042,6.996697694008959
1461.0,1.0,1.0
1.0,908.7265821099998,17.2734178899997

44.0,912.6302888764434,1270.3697111235551
201.39372538596476,2.659073155991896,5.89053616963148
328.46008793116187,3.5218326454277395,1.8881982927907166

Iteration: ,10000
Error:,0.11202205457564557
Absolute Error:,1
Transition Probabilities
0.9795197740112994,0.017622584992744994,0.0028576409959555726
0.9989674754775426,0.0005162622612287042,0.0005162622612287042
0.0007974481658692188,0.9774244746243482,0.021778077209782528

0.024357239512855226,0.4009777678970155,0.5746649925901293
0.9605778802133053,0.016789229066569954,0.022632890720124692
0.9823484102153812,0.01281025274612165,0.00484133703849713

Transition Gammas
2774.0,49.907160699453826,8.092839300546181
1935.0,1.0,1.0
1.0,1225.6902911789323,27.309708821067282

72.0,1185.2902819035771,1698.709718096421
280.3276978429799,4.899640133025839,6.605009632009655
427.64381026571584,5.576662249208714,2.1075697750348255

Iteration: ,12500
Error:,0.11565702248120022
Absolute Error:,1
Transition Probabilities
0.9799107142857143,0.017251479628734984,0.0028378060855507323
0.9991659716430359,0.0004170141784820684,0.0004170141784820684
0.0006381620931716655,0.97871806403199,0.02064377387483835

0.025054466230936826,0.3969247524835577,0.5780207812855055
0.9593106243966792,0.017953157104690948,0.022736218498629744
0.9827241818253986,0.01283861087032063,0.004437207304280908

Transition Gammas
3512.0,61.82930298938618,10.170697010613825
2396.0,1.0,1.0
1.0,1533.6512063381285,32.348793661871696

92.0,1457.5076911196234,2122.4923088803757
353.3726622030306,6.613243676962089,8.375137160962309
531.7956656370893,6.947542087501803,2.401169784554124

Iteration: ,15000
Error:,0.1105322336028986
Absolute Error:,1
Transition Probabilities
0.9801029962546817,0.016805707016026756,0.0030912967292915953
0.9993105825577387,0.0003447087211306446,0.0003447087211306446
0.0005313496280552604,0.9774773671926955,0.021991283179249244

0.024445450430058854,0.40053838243050505,0.5750161671394362
0.9551235644617658,0.021393779561240535,0.023482655976993626
0.983907052922222,0.011939929537405535,0.004153017540372452

Transition Gammas
4187.0,71.79398037246631,13.206019627533696
2899.0,1.0,1.0
1.0,1839.6124050566527,41.387594943347075

108.0,1769.578573577971,2540.421426422028
419.7881915418694,9.402821128509684,10.320907212395174
634.4347757118019,7.69900621769139,2.6779142846145025

Iteration: ,17500
Error:,0.11207757268654234
Absolute Error:,1
Transition Probabilities
0.9810379241516967,0.016301737996577168,0.0026603378517262247
0.9994063520332442,0.00029682398337785694,0.00029682398337785694
0.00045662100456620987,0.978347312014952,0.021196066980481706

0.02333268520318879,0.3997613208873835,0.5769059939094278
0.9556469057905185,0.020347901333802293,0.024005192875679298
0.9842666505248343,0.01192476508639584,0.003808584388769986

Transition Gammas
4915.0,81.6717073628516,13.328292637148385
3367.0,1.0,1.0
1.0,2142.5806133127458,46.419386687254956

120.0,2055.972473323814,2967.027526676188
488.0000865577584,10.390634398538923,12.258226474847243
744.2513948220803,9.016888912921491,2.8798539929481675

Iteration: ,20000
Error:,0.11211360389700563
Absolute Error:,1
Transition Probabilities
0.9816561844863732,0.016011627677801864,0.0023321878358249695
0.9994811932555123,0.00025940337224383917,0.00025940337224383917
0.0003999999999999998,0.9790184117972416,0.020581588202758343

0.02430732619411864,0.39997289313006595,0.5757197806758154
0.9562810397649476,0.020929483840182967,0.022789476394869404
0.9838416011341994,0.012600125051585658,0.0035582738142149223

Transition Gammas
5619.0,91.65055682773787,13.349443172262125
3853.0,1.0,1.0
1.0,2447.5460294931054,51.453970506895885

143.0,2353.0405302841787,3386.959469715823
559.4033227616036,12.24328656224477,13.331341194865308
844.9912835246962,10.821859766487712,3.05609190944921

Iteration: ,22500
Error:,0.11397287143836266
Absolute Error:,1
Transition Probabilities
0.9815781393920786,0.01605238054358944,0.0023694800643319592
0.9995354239256679,0.00023228803716608595,0.00023228803716608595
0.0003571428571428571,0.980185123435399,0.019457733707458253

0.023701002734731077,0.39797197209018764,0.5783270251750813
0.9553387851895283,0.021095389466612588,0.02356582534385912
0.9834967286692238,0.01300121896822625,0.003502052362550002

Transition Gammas
6394.0,104.56520686094161,15.434793139058383
4303.0,1.0,1.0
1.0,2744.5183456191176,54.48165438088312

156.0,2619.451520297616,3806.548479702386
624.8245840062451,13.797113811631746,15.412864258745058
954.4210660244019,12.616856676342366,3.3985192341828294

Iteration: ,25000
Error:,0.11069048568054671
Absolute Error:,1
Transition Probabilities
0.9820342730790492,0.015829778419973756,0.002135948500977045
0.999581764951903,0.00020911752404851526,0.00020911752404851526
0.0003198976327575176,0.9784004391314978,0.021279663235744702

0.023128506911181058,0.39793373101923685,0.578937762069582
0.9550645109601381,0.022609077743967365,0.022326411295894567
0.9846105567426348,0.012208430101645297,0.003181013155719961

Transition Gammas
7106.0,114.5442766469301,15.455723353069896
4780.0,1.0,1.0
1.0,3058.479772725062,66.52022727493794

169.0,2907.701772557564,4230.298227442436
704.9412480302115,16.687952801870622,16.479314289608887
1051.9346357471936,13.04319802796527,3.3985192341828294

Iteration: ,25551
Error:,0.11102581355315706
Absolute Error:,1
Transition Probabilities
0.982210242587601,0.015704406769922078,0.0020853506424768423
0.9995896594173164,0.0002051702913418137,0.0002051702913418137
0.00031259768677711783,0.9785789190185648,0.021108483294658226

0.023074859136034343,0.3960421735331298,0.5808829673308358
0.9545180037710124,0.0222263510720828,0.023255645156904713
0.9849657915489634,0.011926622681441254,0.003107585769595372


Model Num 2
Model States: 
"['diamond', 'x', 'square']","['diamond', 'x', 'diamond']","['square', 'y', 'diamond', 'x', 'diamond']","['square', 'y', 'diamond', 'x', 'square']"
Iteration: ,0
Error:,0.6751403704141278
Absolute Error:,0.74
Transition Probabilities
0.25,0.25,0.25,0.25
0.25,0.25,0.25,0.25
0.25,0.25,0.25,0.25
0.25,0.25,0.25,0.25

0.25,0.25,0.25,0.25
0.25,0.25,0.25,0.25
0.25,0.25,0.25,0.25
0.25,0.25,0.25,0.25

Transition Gammas
1.0,1.0,1.0,1.0
1.0,1.0,1.0,1.0
1.0,1.0,1.0,1.0
1.0,1.0,1.0,1.0

1.0,1.0,1.0,1.0
1.0,1.0,1.0,1.0
1.0,1.0,1.0,1.0
1.0,1.0,1.0,1.0

Iteration: ,2500
Error:,0.03284412960263867
Absolute Error:,0.037489399204565774
Transition Probabilities
0.0014388489208633094,0.0014388489208633094,0.028914320439400808,0.9682079817188726
0.9732879451375194,0.018016402688567586,0.004347826086956521,0.004347826086956521
0.016103159967412132,0.009961980879182208,0.9541488087697295,0.019786050383676118
0.00782932966495466,0.00782932966495466,0.9484936404602299,0.03584770020986085

0.010013980949644206,0.006524449659068985,0.026573700815364365,0.9568878685759223
0.04536965916298014,0.029807724964467538,0.8726145098580875,0.052208106014464836
0.005024151741396874,0.9754898154706736,0.012093695190757234,0.007392337597172454
0.9762611601133278,0.0018153784173846528,0.01718301165117693,0.0047404498181106685

Transition Gammas
1.0,1.0,20.09545270538356,672.9045472946165
223.85622738162948,4.143772618370545,1.0,1.0
2.4660883892391805,1.5256089754861972,146.12133914555952,3.0300977707996157
1.4750332396076022,1.4750332396076022,178.69469125788345,6.753649627211013

1.7818312558370533,1.1609237513156616,4.728374353234728,170.2632270955594
2.9672283297472837,1.9494597841733874,57.07000101760035,3.4144706851792446
1.4664496848472197,284.7260206497894,3.52990841319483,2.1576759018516025
642.0653273528233,1.1939341494360192,11.300885922205065,3.11768877900616

Iteration: ,5000
Error:,0.02335547577953691
Absolute Error:,0.026983540482822015
Transition Probabilities
0.0007220216606498191,0.0007220216606498191,0.026997336696954533,0.9715586199817459
0.9811383484328444,0.014746425229707025,0.002057613168724279,0.002057613168724279
0.009732415599930561,0.004325009725456054,0.9613807839274495,0.02456179074716405
0.011052600354227626,0.003976444728790898,0.9599607476000389,0.025010207316942597

0.012874410527996436,0.008816194475743626,0.02040354644671922,0.9579058485495408
0.032012305062478395,0.015817445926918427,0.9237849934934969,0.02838525551710625
0.0024291332492875923,0.9786107074958835,0.00835110566777944,0.010609053587049324
0.9813059885644085,0.0009652414984226173,0.014863442918278331,0.002865327018890344

Transition Gammas
1.0,1.0,37.39131132528205,1345.6086886747187
476.8332373383625,7.166762661637616,1.0,1.0
3.433023631143466,1.5256089754861972,339.118579129904,8.663954718376054
4.654404079348518,1.6745363058304155,404.2528524009325,10.532146936517416

4.134902366672017,2.8315163108649295,6.553051287869035,307.652700028734
3.945434781716995,1.9494597841733874,113.85413943307195,3.4984101952839746
1.4735495103332463,593.6402744725284,5.065908867332241,6.435614729196303
1217.9433416864888,1.1980049748225443,18.447692715436943,3.556287238720785

Iteration: ,7500
Error:,0.022226981815046325
Absolute Error:,0.025528398590466923
Transition Probabilities
0.00048216007714561214,0.00048216007714561214,0.024874413025901362,0.9741612668198075
0.9777638138545098,0.019488933398237467,0.0013736263736263737,0.0013736263736263737
0.010828703957675108,0.003510211347470859,0.9593828663515254,0.026278218343328507
0.015554289851548272,0.004331375738176951,0.9596178958000214,0.020496438610253315

0.01713305352371843,0.014947408697767258,0.01632230756867545,0.9515972302098389
0.020773400115955333,0.010264244714995402,0.946382577751318,0.022579777417731386
0.0016246231205833334,0.981437310888553,0.0066855673300451465,0.010252498660818484
0.9801433014745198,0.0006479530521353831,0.01657301308810346,0.002635732385241489

Transition Gammas
1.0,1.0,51.58953261571945,2020.4104673842817
711.8120564860832,14.187943513916876,1.0,1.0
5.909563040218761,1.915632316060095,523.5652900448617,14.340847112591465
9.909118259440817,2.759374733613821,611.3404921801458,13.057596073159983

8.153592928752735,7.113448031465753,7.767760217910971,452.86360872674663
3.945434781716995,1.9494597841733874,179.74384155837663,4.288515057239988
1.4775238363157281,892.5744083752658,6.080231756081744,9.324200155242943
1816.6221817660592,1.200932440676132,30.71683819014564,4.8851325199342055

Iteration: ,10000
Error:,0.02212893342252903
Absolute Error:,0.024608899549304036
Transition Probabilities
0.00035790980672870446,0.00035790980672870446,0.026048621048651976,0.9732355593378906
0.9751873934378887,0.022763426234242486,0.0010245901639344263,0.0010245901639344263
0.008330360007112065,0.0040797516336366175,0.960737226916593,0.026852661442658236
0.019746693373520315,0.0034140872500301317,0.9613035264786531,0.015535692897796478

0.015753475258768586,0.013861875062630365,0.015715317097870735,0.9546693325807304
0.021071556625943438,0.008335561708091353,0.9521810319286953,0.01841184973726989
0.0012395389009043363,0.9825973999702082,0.005505711827625436,0.01065734930126194
0.9796217562392301,0.00047984274494889447,0.01745387255398892,0.0024445284618319616

Transition Gammas
1.0,1.0,72.77984720993359,2719.2201527900656
951.7828959953794,22.217104004620666,1.0,1.0
5.909563040218761,2.8941785765354062,681.5476405223008,19.049296243807074
16.64781677162977,2.8783096949829443,810.4448004544643,13.097654573886658

10.076737449227927,8.86677214174549,10.052329516210163,610.6558747975998
4.928060479995527,1.9494597841733874,222.68908731079895,4.306027820561799
1.479152750360017,1172.5421812919005,6.570014693835214,12.717509324643302
2455.516425200254,1.202772125293068,43.74981513702257,6.127446385982495

Iteration: ,12500
Error:,0.021410895342929972
Absolute Error:,0.023497231133183603
Transition Probabilities
0.00028538812785388137,0.00028538812785388137,0.02510788509225416,0.9743213386520381
0.976863537315195,0.02149846104680322,0.000819000819000819,0.000819000819000819
0.008739466486498955,0.003247868588187497,0.9624262645081352,0.025586400417178422
0.0212900144727834,0.0036584208074844702,0.9590698584889253,0.015981706230806622

0.015183334214380681,0.012467108691669289,0.01622580733442635,0.9561237497595236
0.0204748415190763,0.006749911542285628,0.9578189089314384,0.014956338007199678
0.000993380076296804,0.983844135625149,0.005652374601964578,0.009510109696589698
0.9793481764307348,0.0003842929206043696,0.01822900223740062,0.002038528411260057

Transition Gammas
1.0,1.0,87.97802936325854,3414.02197063674
1192.7503790618532,26.249620938146734,1.0,1.0
7.787746329259505,2.8941785765354062,857.618897009894,22.800064081219354
22.550847035586877,3.8750790013251044,1015.8676830809192,16.928171328363028

11.996538419270664,9.850415349164754,12.82020920587825,755.4450910198262
5.913393068740421,1.9494597841733874,276.63020941610705,4.319579490913856
1.480715929692102,1466.501814074084,8.425336196510681,14.175612393349743
3068.4146794507383,1.2040355689321514,57.11363884990744,6.3869527223550655

Iteration: ,15000
Error:,0.021294624990695645
Absolute Error:,0.02350661253886279
Transition Probabilities
0.00023820867079561706,0.00023820867079561706,0.025288093516619998,0.9742354891417888
0.9765028576159794,0.022126340464897823,0.0006854009595613439,0.0006854009595613439
0.007845045651356687,0.00458348820171782,0.9619380320949945,0.025633434051931085
0.02156802544418229,0.003084295855672467,0.9604099600199065,0.014937718680238604

0.015734396298791975,0.010829004705340595,0.017077196097189207,0.9563594028986783
0.02248902860638961,0.0055645998740900945,0.9577933837683255,0.014152987751194921
0.0008292943014885508,0.9843398230159262,0.005291861482518038,0.009539021200067253
0.9789933470627109,0.00031995151046747413,0.018725991617709777,0.0019607098091119074

Transition Gammas
1.0,1.0,106.1594165827707,4089.8405834172277
1424.717669261713,32.2823307382859,1.0,1.0
8.462742653552437,4.944379272034418,1037.6783483569402,27.651739116493975
27.24819239629131,3.89657769553107,1213.3440512513741,18.8717244243889

14.972396015445849,10.30456738362018,16.250165430253823,910.0439216974404
7.878635992754148,1.9494597841733874,335.5460815606285,4.958250560893129
1.482305681639031,1759.4387296536968,9.458833043834113,17.050334599857454
3688.045950157726,1.2053155171756533,70.54421539798082,7.386350369617469

Iteration: ,17500
Error:,0.020754080932044446
Absolute Error:,0.02319428204800767
Transition Probabilities
0.00020399836801305617,0.00020399836801305617,0.024955882429143605,0.9746361208348302
0.9733672056126798,0.025457706255710456,0.000587544065804936,0.000587544065804936
0.00886984629228836,0.004064217218213464,0.9635639469317836,0.023501989557714584
0.020260087163532423,0.0026596744941224256,0.9629365947859495,0.01414364355639557

0.018156349262473243,0.010096050271345223,0.016959660717434506,0.954787939748747
0.019961490697036885,0.004939195487875475,0.9615295295105748,0.013569784304512979
0.0007165426134749509,0.983657892578066,0.005098504529033488,0.010527060279425522
0.9796918827837966,0.0002733136431434508,0.01832612169525887,0.001708681877800872

Transition Gammas
1.0,1.0,122.3337356676618,4777.666264332332
1656.6709839527791,43.32901604721915,1.0,1.0
11.160661020771476,5.113882382234707,1212.4235560758302,29.57184714637173
29.8219761717375,3.9149263647327657,1417.401216135428,20.818834475677367

20.396236545151606,11.341565781162371,19.051916589491167,1072.5768924165682
7.878635992754148,1.9494597841733874,379.50778698218676,5.355882116124542
1.4833449349344805,2036.3114840971107,10.554628191902669,21.792509268231665
4323.937937746191,1.2062886824513934,80.88360661386706,7.541385740554374

Iteration: ,20000
Error:,0.0207350612791062
Absolute Error:,0.022651451700291786
Transition Probabilities
0.00017850767583006097,0.00017850767583006097,0.023475165094223666,0.9761678195541162
0.9750643457761131,0.023904726388835357,0.0005154639175257735,0.0005154639175257735
0.008530780972101238,0.003598748011748439,0.9629892027884118,0.024881268227738583
0.01942466836012013,0.002904321523520237,0.9630629033923158,0.014608106724043743

0.019239843841359898,0.011147761345251176,0.01576067485881764,0.9538517199545713
0.01960739334588741,0.004316411132782898,0.9642038567102027,0.011872338811126914
0.000628591372786039,0.9844218510114786,0.00463565177218632,0.010313905843548944
0.9790184997197924,0.00023840837545581836,0.019227502205895215,0.001515589698856529

Transition Gammas
1.0,1.0,131.50787485784076,5468.49212514215
1891.6248308056581,46.37516919434056,1.0,1.0
12.122385445580653,5.113882382234707,1368.4241025893054,35.35670706092852
32.72665943377691,4.893197640458818,1622.56729784548,24.61172179966574

24.97891004103798,14.473034713690682,20.461937359291408,1238.3768029351388
8.85546432543661,1.9494597841733874,435.47210508410143,5.362011713988624
1.484145919174609,2324.285276855537,10.945081269428577,24.351815712342997
4956.841520961285,1.2070788598402997,97.35023526709085,7.6735403367591495

Iteration: ,22500
Error:,0.020667299868063798
Absolute Error:,0.022104976866859454
Transition Probabilities
0.00015850372483753377,0.00015850372483753377,0.023089064092135597,0.9765939284581893
0.9767499711120309,0.022327519662876983,0.00046125461254612604,0.00046125461254612604
0.007949505716933123,0.003199576460918025,0.9636956768317368,0.025155240990411894
0.019805753315560125,0.003110330294567035,0.964063181696632,0.01302073469324089

0.019564731354717375,0.011838008124036216,0.014525343778780644,0.9540719167424658
0.019222114867408206,0.003922769642616465,0.9657200720984644,0.011135043391510875
0.0005606662101655574,0.9833419393577348,0.004689273835651447,0.011408120596448171
0.9792379337811761,0.00021133755969832943,0.01918659087254768,0.0013641377865779025

Transition Gammas
1.0,1.0,145.6689053572834,6161.331094642713
2117.59393737088,48.40606262911724,1.0,1.0
12.70569330968082,5.113882382234707,1540.2745968982283,40.20561636611927
37.478084470720546,5.885624225161049,1824.2800858451546,24.638911074427

28.692344226055123,17.36084170477437,21.301910879654034,1399.1789284132735
9.781604223963908,1.9961893043784684,491.4283158520502,5.666316543404888
1.4848547160946293,2604.2588080309265,12.418958452784503,30.212988338302672
5596.721654258889,1.2078754875790823,109.65875085450838,7.796572442872106

Iteration: ,25000
Error:,0.020821497670371468
Absolute Error:,0.022044712388536156
Transition Probabilities
0.00014265335235378048,0.00014265335235378048,0.024369903715567964,0.9753447895797245
0.9765643043014787,0.022605130914468127,0.00041528239202657825,0.00041528239202657825
0.010197291976863511,0.0029501211306303485,0.9622135038420445,0.024639083050461637
0.01858804705807939,0.0028086641484643873,0.9659688902236085,0.012634398569847749

0.019884228039917663,0.011949354875113744,0.013585768033587258,0.9545806490513813
0.018990524782617053,0.0035256416037134134,0.9667467786607368,0.01073705495293278
0.00050475112878002,0.9836656358859446,0.004367415621302995,0.011462197363972486
0.9797476371512166,0.0001906046680538025,0.018821658549843544,0.001240099630886005

Transition Gammas
1.0,1.0,170.83302504613124,6837.1669749538605
2351.5668447579596,54.43315524203923,1.0,1.0
18.291724411288175,5.291875806228129,1726.0017931262807,44.19715723826021
39.09509430171446,5.907290281919772,2031.662860429431,26.57315219776944

32.344021239902546,19.43702250386243,22.098839791849162,1552.7370097615155
10.752279078981466,1.9961893043784684,547.3640819226526,6.079232283563245
1.4856250297113571,2895.2055898739454,12.854536804786123,33.73648185902407
6212.351657901302,1.2085798226885747,119.34375472091698,7.863183033845299

Iteration: ,27500
Error:,0.02109207650772627
Absolute Error:,0.02222180362761237
Transition Probabilities
0.00012993762993763013,0.00012993762993763013,0.02416832313641952,0.9755718016037052
0.9759503148576769,0.023291822315494776,0.000378931413414172,0.000378931413414172
0.010467167214101833,0.002692581438794339,0.9626466561030644,0.024193595244039492
0.017752169334328726,0.00257578892600652,0.9673027918550824,0.012369249884582397

0.018836393598567844,0.013537522348004762,0.013081444499832152,0.9545446395535953
0.0202995619945859,0.0032451066646489563,0.9649838143526008,0.011471516988164487
0.00046053159169825086,0.983573566886742,0.0041427567852381445,0.011823144736321591
0.9796829053104329,0.00017295822141691306,0.01900642760788423,0.0011377088602659783

Transition Gammas
1.0,1.0,185.99941485788435,7508.000585142104
2575.53288090941,61.46711909059073,1.0,1.0
20.820447408387775,5.355866500698593,1914.8193265940897,48.12395437035809
40.86607825506843,5.929550909317161,2226.762872966406,28.474420462086844

34.0116057661958,24.44379125664536,23.620282239934163,1723.5568898496979
12.670633094031865,2.02553906876074,602.326092385748,7.16032113538964
1.4862225909535804,3174.178018018955,13.369460063190157,38.15552531029936
6849.248155303242,1.2092012349740304,132.87946388219922,7.954053572037889

Iteration: ,30000
Error:,0.021918902854889927
Absolute Error:,0.022818784657065647
Transition Probabilities
0.00011894849530153457,0.00011894849530153457,0.024048298731173853,0.9757138042782231
0.9771933748277934,0.022110246342122955,0.0003481894150417828,0.0003481894150417828
0.011013975556781208,0.00248322156334955,0.9627886158416699,0.023714187038199528
0.017003012308914885,0.0035147329494851095,0.9670314537055325,0.012450801036067402

0.020673931869498757,0.013372083292259683,0.013169156702540439,0.9527848281357011
0.025721208840647804,0.002960465872587889,0.9592138468969558,0.012104478389808491
0.0004225096811112543,0.9841184856604778,0.004141205861144587,0.011317798797266382
0.9803903348663923,0.000158578299196478,0.018195159540614084,0.0012559272937972324

Transition Gammas
1.0,1.0,202.17404743297837,8202.825952567013
2806.4993725054223,63.50062749457712,1.0,1.0
23.755183023019676,5.355866500698593,2076.563513682127,51.14727651521891
42.82094354537614,8.851618670420187,2435.4037116126938,31.35650545760138

40.7122002309962,26.33301376518633,25.933399990458174,1876.2742832361107
17.59834959926212,2.02553906876074,656.2903292270214,8.281836353038152
1.486824228445408,3463.142440411238,14.573027517702227,39.827673108429806
7479.033475288594,1.2097349045229207,138.80410939691146,9.581002523977565

Iteration: ,32500
Error:,0.020898822688506277
Absolute Error:,0.02219816435614812
Transition Probabilities
0.00010992634934593833,0.00010992634934593833,0.023671532849752753,0.9761086144515554
0.9779784352764821,0.021378891201666972,0.00032133676092544985,0.00032133676092544985
0.010949445359070773,0.002302978101048557,0.9636857789182228,0.02306179762165784
0.01667475506127429,0.0032556582206786098,0.9685798437327257,0.011489742985321415

0.020087317734017444,0.012961317918819866,0.012422196930289911,0.9545291674168728
0.025113616776450274,0.004012484558855027,0.9587294386203797,0.012144460044314975
0.0003899754168422921,0.9845726998053923,0.003918834736020969,0.011118490041744448
0.9801036846941277,0.0001464910589531388,0.018580431029928023,0.0011693932169911279

Transition Gammas
1.0,1.0,215.33993433420056,8879.66006566579
3043.468890580413,66.53110941958762,1.0,1.0
25.672851091971115,5.399726827926522,2259.526459129921,54.07233671096568
45.535636963392434,8.890593611056987,2645.0103747972094,31.376338870329306

43.01159773323611,27.753182371022724,26.5987995213441,2043.8679328523863
18.578464374020328,2.9683419195079233,709.2455411056433,8.984186558369172
1.4873458053304387,3755.108685967828,14.94623033831167,42.405338416202056
8096.9425648235065,1.2102083780798236,153.49874225393071,9.660722494504551

Iteration: ,35000
Error:,0.0217368555606375
Absolute Error:,0.02223268073039507
Transition Probabilities
0.00010230179028133017,0.00010230179028133017,0.024092045095249422,0.975703351324188
0.9777424838117478,0.021660501262878985,0.0002985074626865671,0.0002985074626865671
0.011601149355753699,0.0025657248055857593,0.9617134754438645,0.02411965039479598
0.017097155614631324,0.0030511335825645957,0.9685078443166967,0.011343866486107426

0.020670559106707318,0.012704623971725537,0.012373125208148594,0.9542516917134186
0.023105584003230706,0.0036916546056093512,0.9615993674697173,0.011603393921442683
0.0003617660946879008,0.9847313621248537,0.003717249842462584,0.01118962193799592
0.9797843670246963,0.00013608213122722192,0.018891265036421204,0.0011882858076554266

Transition Gammas
1.0,1.0,235.49974080606253,9537.500259193914
3275.4373207693557,72.5626792306446,1.0,1.0
29.296288503665348,6.4792040702563405,2428.607250064638,60.90915778297741
50.184047541382604,8.955772305862144,2842.7912103576623,33.296832986343944

48.007480020019436,29.506554628537543,28.73664704224893,2216.2544703077997
18.578464374020328,2.9683419195079233,773.1914323446086,9.329919579488001
1.4878966151113433,4050.071253259862,15.28856224875026,46.02145101597488
8716.845838419847,1.2106816552640645,168.06988410651365,10.571820235067587

Iteration: ,37500
Error:,0.022160368417373063
Absolute Error:,0.022718075900279917
Transition Probabilities
9.538344143456709e-05,9.538344143456709e-05,0.02419581391946607,0.9756134191976649
0.9764765517687827,0.02296727470507725,0.0002780867630700779,0.0002780867630700779
0.011163023912176644,0.0031326959446705215,0.9621261828070973,0.023578097336055443
0.017103280031231478,0.0028718161279323454,0.9685502052920497,0.011474698548786291

0.02239401396850503,0.012951853389017129,0.012527575408246198,0.9521265572342316
0.024322748318583165,0.003514195389555462,0.960333527593818,0.011829528698043398
0.00033885475704380935,0.9845731808983266,0.003574923104826738,0.011513041239802995
0.980123330218678,0.0001269739531846994,0.0186345392328661,0.0011151565952712994

Transition Gammas
1.0,1.0,253.66891313168193,10228.331086868304
3511.409680160542,82.59031983945778,1.0,1.0
30.23318770034647,8.48438427154373,2605.758234065542,63.8573425969674
53.83304331155897,9.039120081967345,3048.538353795055,36.116928614623056

55.81246938582388,32.279828072843486,31.222402555195764,2372.9794221706907
20.5447408093106,2.9683419195079233,811.1666969736259,9.992069885125556
1.4881839761977287,4324.053302334142,15.700364743748784,50.56303072104522
9348.74514578172,1.2111201640423441,177.74248691566967,10.636737730243611

Iteration: ,40000
Error:,0.022314739874252996
Absolute Error:,0.02266376682227577
Transition Probabilities
8.948545861297542e-05,8.948545861297542e-05,0.024146445974169758,0.9756745831086043
0.9771401233489226,0.022338092148077155,0.00026089225150013054,0.00026089225150013054
0.010731746861455177,0.0029481292305691565,0.9629514224694581,0.02336870143851754
0.01690112236741221,0.002710071622945896,0.9687745849352127,0.011614221074429233

0.022408616101437854,0.012766674940464448,0.01244261005354817,0.9523820989045496
0.0248487739019781,0.0033008929505739183,0.959115743952711,0.01273458919473696
0.0003173485842115765,0.9849339931204142,0.0035918012296495276,0.011156857065724661
0.9798306222463511,0.00011914944893355086,0.018926548893272162,0.0011236794114431912

Transition Gammas
1.0,1.0,269.83653376134697,10903.16346623865
3745.378092796419,85.62190720357971,1.0,1.0
31.14387971051839,8.555567263488275,2794.516461823706,67.81673440380824
56.70496350092457,9.092562560244222,3250.3360596510356,38.9668785184955

59.49020366121604,33.89286017694061,33.03253546813981,2528.375905529151
22.491406608771335,2.987742003539051,868.1258184894749,11.526477109266722
1.4885858905740985,4620.026425983252,16.848049426426094,52.33343029542915
9962.660822475998,1.2114803517657793,192.44018596947993,11.42527758904165

Iteration: ,42500
Error:,0.022909641667969008
Absolute Error:,0.023203068800589206
Transition Probabilities
8.427439743805828e-05,8.427439743805828e-05,0.024356167426462752,0.9754752837786611
0.9765537881350096,0.02295601578655899,0.00024509803921568643,0.00024509803921568643
0.010995474557592977,0.0027596826333028237,0.9627536740299242,0.023491168779180015
0.016659686801304186,0.002561043639219526,0.9690601658574266,0.011719103702049694

0.02416474370635868,0.012450537695485436,0.012338032403092291,0.9510466861950636
0.023620816596785908,0.0031377720002886416,0.9599976287302717,0.013243782672653774
0.0002983607824924187,0.9833122203684479,0.003692049994752617,0.01269736885430699
0.9789125312267904,0.00011228279285186452,0.019906268094796,0.0010689178855616903

Transition Gammas
1.0,1.0,289.01028268240714,11574.989717317598
3984.339455590837,93.66054440916064,1.0,1.0
34.08816689144921,8.555567263488275,2984.728648480658,72.82731433059554
59.443015488647504,9.137996321834262,3457.679555175363,41.814643407310164

68.04944570020372,35.061501133336286,34.74467911863897,2678.2075827917765
22.491406608771335,2.987742003539051,914.0961288428458,12.610542057609804
1.4889030830046373,4907.00079357755,18.424353810421135,63.36339339003146
10564.590659735106,1.2117750123447553,214.83183356628513,11.53594376371569

Iteration: ,45000
Error:,0.02310616524678054
Absolute Error:,0.024072705200813643
Transition Probabilities
7.942180922881416e-05,7.942180922881416e-05,0.024397646397934413,0.975443509983608
0.9757710898654672,0.02376605431412081,0.00023142791020597104,0.00023142791020597104
0.011370311474507785,0.002628598234577888,0.9615307863593798,0.024470303931534435
0.01823429142394661,0.0024545989568659646,0.9667495941867161,0.012561515432471325

0.024908972698038337,0.01326669572087897,0.012220160381714279,0.9496041711993684
0.022583132808753865,0.002999926844855554,0.9599725836614547,0.01444435668493593
0.0002825647140463058,0.983084405547826,0.003725025688735888,0.012908004049391991
0.9784321361496863,0.00010582710462572135,0.02039183726621128,0.0010701994794768495

Transition Gammas
1.0,1.0,307.19076579639244,12281.809234203618
4216.30687930868,102.69312069131594,1.0,1.0
37.008114571219544,8.555567263488275,3129.592499301624,79.64599857454594
68.9542984144399,9.282244372667552,3655.833860483587,47.50228366596693

74.20765502008267,39.523523962468566,36.4057344672328,2829.016659829726
22.491406608771335,2.987742003539051,956.0734507142073,14.38568785625208
1.4891527647135092,5180.982577422502,19.631369478429797,68.02685884528107
11206.503811997616,1.212094132627082,233.55856130881548,12.25756401823702

Iteration: ,45125
Error:,0.02328984240719376
Absolute Error:,0.02412094659100701
Transition Probabilities
7.917656373713375e-05,7.917656373713375e-05,0.024402029450468803,0.9754396174220569
0.9758154371242828,0.023722562413716727,0.00023100023100023115,0.00023100023100023115
0.011349786264948898,0.002623853199252181,0.9615994613221336,0.0244268992136653
0.018192234636031836,0.002448937505847958,0.9668260191517185,0.01253280870640173

0.02484231415039703,0.013231192905107584,0.012187960995202437,0.9497385319492929
0.023455114250990443,0.0029849915420162997,0.9591868483382421,0.01437304586875114
0.0002818753221374757,0.9831260144869479,0.0037158616117793394,0.012876248579135299
0.9785015784118103,0.00010548755110773749,0.020326180348126176,0.001066753688955798

*,*,*,*,*,*,*,*,*,*,*
Model Num 2
Model States: 
"['diamond', 'x', 'square']","['diamond', 'x', 'diamond']","['square', 'y', 'diamond', 'x', 'diamond']","['square', 'y', 'diamond', 'x', 'square']"
Iteration: ,45125
Error:,0.02299178265502735
Absolute Error:,0.02412094659100701
Transition Probabilities
7.917656373713375e-05,7.917656373713375e-05,0.024402029450468803,0.9754396174220569
0.9758154371242828,0.023722562413716727,0.00023100023100023115,0.00023100023100023115
0.011349786264948898,0.002623853199252181,0.9615994613221336,0.0244268992136653
0.018192234636031836,0.002448937505847958,0.9668260191517185,0.01253280870640173

0.02484231415039703,0.013231192905107584,0.012187960995202437,0.9497385319492929
0.023455114250990443,0.0029849915420162997,0.9591868483382421,0.01437304586875114
0.0002818753221374757,0.9831260144869479,0.0037158616117793394,0.012876248579135299
0.9785015784118103,0.00010548755110773749,0.020326180348126176,0.001066753688955798

Transition Gammas
1.0,1.0,308.19763195942124,12319.80236804059
4224.3050273110175,102.69497268897965,1.0,1.0
37.008114571219544,8.555567263488275,3135.476052631441,79.64850294236163
68.9542984144399,9.282244372667552,3664.5750878449653,47.50329186062083

74.20765502008267,39.523523962468566,36.40723643758249,2837.0090206369327
23.47672650293522,2.987742003539051,960.0706721221118,14.386289628095275
1.4891831757648384,5193.979768532754,19.631369478429797,68.02685884528107
11243.500597658323,1.212107747286843,233.55856130881548,12.25756401823702

