0,1,2,3,4,5,6,7,8,9,10,11,12,13,14,15,16,17,18,19,20,21,22,23,24,25,26,27,28,29
github Code Version (SHA):,528ca1c557fe8e6666681dc5c9134b0f84d30530
Environment Observations,Environment Actions,alpha,epsilon,numActions,explore,patience,gainThresh,insertRandActions,useUpdatedPosterior,revisedSplitting,haveControl,confidence_factor
"['diamond', 'square']","['x', 'y']",0.8,0.99,75000,0.5,0,0.01,False,True,False,False,250

Model Num 0
Model States: 
['diamond'],['square']
Iteration: ,0
Error:,0.4540024292812289
Absolute Error:,1
Transition Probabilities
0.5,0.5
0.5,0.5

0.5,0.5
0.5,0.5

Transition Gammas
1.0,1.0
1.0,1.0

1.0,1.0
1.0,1.0

Iteration: ,2415
Error:,0.06226731083078972
Absolute Error:,1
Transition Probabilities
0.4613899613899614,0.5386100386100386
0.13532763532763534,0.8646723646723646

0.128,0.872
0.8830242510699001,0.11697574893009986


Model Num 1
Model States: 
['square'],"['diamond', 'x', 'square']","['diamond', 'x', 'diamond']"
Iteration: ,0
Error:,0.5192417117952373
Absolute Error:,1
Transition Probabilities
0.3333333333333333,0.3333333333333333,0.3333333333333333
0.3333333333333333,0.3333333333333333,0.3333333333333333
0.3333333333333333,0.3333333333333333,0.3333333333333333

0.3333333333333333,0.3333333333333333,0.3333333333333333
0.3333333333333333,0.3333333333333333,0.3333333333333333
0.3333333333333333,0.3333333333333333,0.3333333333333333

Transition Gammas
1.0,1.0,1.0
1.0,1.0,1.0
1.0,1.0,1.0

1.0,1.0,1.0
1.0,1.0,1.0
1.0,1.0,1.0

Iteration: ,2500
Error:,0.0824453806291203
Absolute Error:,1
Transition Probabilities
0.8404099560761347,0.11655661824666047,0.043033425677204785
0.9956896551724138,0.0021551724137931034,0.0021551724137931034
0.002777777777777778,0.7637853748282222,0.23343684739400009

0.16620111731843576,0.3283768755464355,0.5054220071351286
0.762196130520655,0.05165102248420991,0.1861528469951351
0.8840099224266439,0.09754816522914296,0.018441912344213166

Transition Gammas
574.0,79.6081702624691,29.39182973753087
462.0,1.0,1.0
1.0,274.96273493816,84.03726506184003

119.0,235.11784289124782,361.8821571087521
61.93050673895711,4.196785929426471,15.125424656030642
99.32118597153548,10.959831121929234,2.072004577258969

Iteration: ,5000
Error:,0.06590407362055711
Absolute Error:,1
Transition Probabilities
0.847050254916242,0.09957820163530827,0.053371543448449923
0.9978308026030369,0.0010845986984815619,0.0010845986984815619
0.0013495276653171392,0.7667740933606096,0.2318763789740732

0.14714285714285713,0.3464729114365789,0.506384231420564
0.7748381553419307,0.048097493310400696,0.17706435134766862
0.8900474491008373,0.09366806961950151,0.016284481279661242

Transition Gammas
1163.0,136.72087084527823,73.27912915472173
920.0,1.0,1.0
1.0,568.1796031802116,171.82039681978821

206.0,485.0620760112105,708.9379239887897
135.74588103844135,8.426323045849056,31.020357230062576
188.74006475302505,19.862893313312167,3.453224942442898

Iteration: ,7500
Error:,0.05375654459502812
Absolute Error:,1
Transition Probabilities
0.8600583090379009,0.08962139642014232,0.050320294541956766
0.9985528219971056,0.000723589001447178,0.000723589001447178
0.0009199632014719413,0.7780793447424448,0.22100069205608325

0.14124293785310735,0.3542611292744103,0.5044959328724823
0.8049192731987506,0.050303650057188946,0.14477707674406054
0.8888802236258377,0.09622583707955275,0.014893939294609445

Transition Gammas
1770.0,184.44083383265288,103.55916616734703
1380.0,1.0,1.0
1.0,845.7722477350372,240.22775226496245

300.0,752.4506385788475,1071.5493614211523
204.45548437115744,12.777501397385763,36.77445470266207
282.5858062794065,30.59136094300412,4.734963983196221

Iteration: ,10000
Error:,0.05086319425892508
Absolute Error:,1
Transition Probabilities
0.868143843080276,0.080265303194279,0.05159085372544489
0.9989041095890411,0.000547945205479452,0.000547945205479452
0.000681663258350375,0.776247284886457,0.2230710518551926

0.143361581920904,0.3530255135253004,0.5036129045537956
0.8057949388726352,0.05556349939191236,0.13864156173545242
0.8936220897029328,0.09168170336412555,0.014696206932941778

Transition Gammas
2390.0,220.9703796938501,142.02962030614978
1823.0,1.0,1.0
1.0,1138.7547669284322,327.2452330715675

406.0,999.7682543036505,1426.2317456963488
273.3343856397261,18.847741823161538,47.028721915417556
367.77212631375227,37.73180562434399,6.048256119397903

Iteration: ,12500
Error:,0.05112671922304783
Absolute Error:,1
Transition Probabilities
0.8675877950489349,0.07966155407138692,0.0527506508796781
0.9991311902693311,0.0004344048653344917,0.0004344048653344917
0.0005491488193300381,0.7776820364860884,0.22176881469458165

0.14188228603923803,0.3597653910324301,0.498352322928332
0.8090298662722472,0.058156655749040706,0.13281347797871215
0.881883056546218,0.10230876804095992,0.015808175412822065

Transition Gammas
3014.0,276.7442388439982,183.2557611560017
2300.0,1.0,1.0
1.0,1416.1589884411676,403.8410115588334

499.0,1265.2948802610563,1752.705119738943
341.8117011850488,24.5709414022096,56.11313344633679
438.0726934886087,50.821565569851415,7.852662471322156

Iteration: ,15000
Error:,0.04883569666055469
Absolute Error:,1
Transition Probabilities
0.867141162514828,0.07952962555896205,0.053329211926209916
0.9992727272727273,0.0003636363636363636,0.0003636363636363636
0.00045351473922902464,0.7800262340518468,0.2195202512089242

0.13946800862688716,0.3561779222359614,0.5043540691371514
0.8166222134205592,0.05418305519208715,0.12919473138735368
0.873863133167239,0.10960988057145646,0.01652698626130466

Transition Gammas
3655.0,335.217371731025,224.7826282689748
2748.0,1.0,1.0
1.0,1719.9578460843231,484.04215391567817

582.0,1486.3304694906667,2104.6695305093326
421.90580949358105,27.993538977955733,66.74813252993852
506.1199206918991,63.48333275121379,9.572021817113098

Iteration: ,17500
Error:,0.04739917483430872
Absolute Error:,1
Transition Probabilities
0.8679245283018868,0.07728287118918854,0.05479260050892465
0.9993742177722152,0.00031289111389236547,0.00031289111389236547
0.0003889537145079734,0.7791934591931164,0.22041758709237552

0.1387461459403905,0.3586349779150309,0.5026188761445787
0.821857250242247,0.05170215657658941,0.12644059318116357
0.8770987210024918,0.10606243792062699,0.016838841076881227

Transition Gammas
4278.0,380.9272720915103,270.0727279084896
3194.0,1.0,1.0
1.0,2003.306383585503,566.6936164144977

675.0,1744.759167556626,2445.2408324433763
496.7858424151429,31.25226357984896,76.42920541305679
590.203473196863,71.36986719685672,11.330928036043813

Iteration: ,20000
Error:,0.047144631303716183
Absolute Error:,1
Transition Probabilities
0.8658254842722588,0.07729196354517484,0.056882552182566395
0.9994539994539995,0.000273000273000273,0.000273000273000273
0.00034013605442176885,0.7804532029433319,0.2192066610022464

0.1392587261604893,0.3599126412106638,0.500828632628847
0.8209258018647387,0.05638852953664999,0.12268566859861119
0.8784433472684705,0.10455335063592971,0.01700330209559962

Transition Gammas
4872.0,434.9218788686988,320.0781211313011
3661.0,1.0,1.0
1.0,2294.5324166533946,644.4675833466041

774.0,2000.3944598488708,2783.6055401511335
569.4049076255135,39.11182396633337,85.09638951131032
666.8494637945597,79.36920010413151,12.907654113888116

Iteration: ,21506
Error:,0.04817271085616289
Absolute Error:,1
Transition Probabilities
0.8652763985435287,0.07822700521263931,0.056496596243832034
0.9994912236072246,0.0002543881963876876,0.0002543881963876876
0.00031725888324873094,0.783533820878241,0.2161489202385103

0.13941825476429276,0.3576533772929324,0.5029283679427748
0.818224290377176,0.05851862204866286,0.12325708757416115
0.8791813821672244,0.10407384023220899,0.016744777600566647

*,*,*,*,*,*,*,*,*,*,*
Model Num 1
Model States: 
['square'],"['diamond', 'x', 'square']","['diamond', 'x', 'diamond']"
Iteration: ,21506
Error:,0.04795828458822587
Absolute Error:,1
Transition Probabilities
0.8652763985435287,0.07822700521263931,0.056496596243832034
0.9994912236072246,0.0002543881963876876,0.0002543881963876876
0.00031725888324873094,0.783533820878241,0.2161489202385103

0.13941825476429276,0.3576533772929324,0.5029283679427748
0.818224290377176,0.05851862204866286,0.12325708757416115
0.8791813821672244,0.10407384023220899,0.016744777600566647

Transition Gammas
5228.0,472.64756549476675,341.35243450523313
3929.0,1.0,1.0
1.0,2469.698603408216,681.3013965917845

834.0,2139.4825029663234,3008.5174970336816
614.2039931158773,43.92728467809142,92.52352473303561
722.718037460687,85.55235937572746,13.764796492125205

