0,1,2,3,4,5,6,7,8,9,10,11,12,13,14,15,16,17,18,19,20,21,22,23,24,25,26,27,28,29
github Code Version (SHA):,ddb97f21bb9c22f159e8ea0ce9d830001061547e
Environment Observations,Environment Actions,alpha,epsilon,numActions,explore,patience,gainThresh,insertRandActions,useBudd,revisedSplitting,haveControl,confidence_factor
"['square', 'diamond']","['x', 'y']",0.99,0.99,75000,0.5,0,0.01,False,True,False,False,250

Model Num 0
Model States: 
['square'],['diamond']
Iteration: ,0
Error:,0.67613268246877
Absolute Error:,1
Transition Probabilities
0.5,0.5
0.5,0.5

0.5,0.5
0.5,0.5

Transition Gammas
1.0,1.0
1.0,1.0

1.0,1.0
1.0,1.0

Iteration: ,2500
Error:,0.24792347103891943
Absolute Error:,1
Transition Probabilities
0.9891304347826086,0.010869565217391304
0.9872611464968153,0.012738853503184714

0.20860495436766624,0.7913950456323338
0.3431818181818182,0.6568181818181819

Transition Gammas
819.0,9.0
465.0,6.0

160.0,607.0
151.0,289.0

Iteration: ,2797
Error:,0.2491892464222404
Absolute Error:,1
Transition Probabilities
0.9881209503239741,0.011879049676025918
0.9884615384615385,0.011538461538461539

0.2100350058343057,0.7899649941656943
0.346,0.654


Model Num 1
Model States: 
['diamond'],"['square', 'y', 'diamond']","['square', 'y', 'square']"
Iteration: ,0
Error:,0.6177390787446285
Absolute Error:,1
Transition Probabilities
0.3333333333333333,0.3333333333333333,0.3333333333333333
0.3333333333333333,0.3333333333333333,0.3333333333333333
0.3333333333333333,0.3333333333333333,0.3333333333333333

0.3333333333333333,0.3333333333333333,0.3333333333333333
0.3333333333333333,0.3333333333333333,0.3333333333333333
0.3333333333333333,0.3333333333333333,0.3333333333333333

Transition Gammas
1.0,1.0,1.0
1.0,1.0,1.0
1.0,1.0,1.0

1.0,1.0,1.0
1.0,1.0,1.0
1.0,1.0,1.0

Iteration: ,2500
Error:,0.1470000891031505
Absolute Error:,1
Transition Probabilities
0.028397565922920875,0.9510051060956551,0.02059732798142401
0.04053735015802695,0.9126171326070411,0.04684551723493184
0.01670324113080444,0.9593396105585511,0.023957148310644365

0.6520874751491054,0.00994718770636168,0.3379653371445329
0.9968944099378882,0.0015527950310559005,0.0015527950310559005
0.00202020202020202,0.032706436633836336,0.9652733613459616

Transition Gammas
14.0,468.84551730515824,10.154482694842043
7.808089632617457,175.78347730869388,9.023135356178317
2.8228406351967283,162.12798548685385,4.048747858282556

328.0,5.003435416299926,169.99656458370006
642.0,1.0,1.0
1.0,16.189686133748985,477.810313866251

Iteration: ,5000
Error:,0.13442082124239402
Absolute Error:,1
Transition Probabilities
0.017751479289940815,0.9682572096796499,0.013991311030409318
0.03537546539095835,0.9427962615789318,0.021828273030109858
0.01731101597981963,0.9553313543729312,0.027357629647249165

0.6555217831813577,0.011200222111899747,0.3332779947067426
0.9984813971146546,0.0007593014426727411,0.0007593014426727411
0.0010775862068965521,0.026180828869716403,0.972741584923387

Transition Gammas
18.0,981.8128106151657,14.18718938483506
14.736167969725674,392.7355843467586,9.092886674586234
5.610773290059202,309.6379584260295,8.867039224217542

647.0,11.05461922444505,328.9453807755549
1315.0,1.0,1.0
1.0,24.29580919109681,902.7041908089028

Iteration: ,7500
Error:,0.13066669712268794
Absolute Error:,1
Transition Probabilities
0.013999999999999995,0.9731918512185617,0.012808148781438418
0.029812089973845622,0.9534505177305709,0.016737392295583565
0.02183501895156377,0.9532939223031263,0.024871058745309954

0.6565726083964212,0.011078744173673797,0.332348647429905
0.9989738327347357,0.000513083632632119,0.000513083632632119
0.0006944444444444452,0.022477782833452597,0.976827772722103

Transition Gammas
21.0,1459.787776827843,19.212223172157632
19.68630802264105,629.6076723523107,11.052477720136627
10.39202739146161,453.7049669919556,11.836981882601094

954.0,16.097415284348028,482.9025847156519
1947.0,1.0,1.0
1.0,32.3680072801717,1406.6319927198267

Iteration: ,10000
Error:,0.12531261207119984
Absolute Error:,1
Transition Probabilities
0.014639071176173656,0.9706029166514312,0.014758012172395247
0.02910709577739438,0.9561072752920707,0.014785628930534932
0.022375076077241488,0.9528498217941287,0.024775102128629843

0.6538661131292164,0.008890251928164172,0.3372436349426194
0.9992245056223342,0.00038774718883288094,0.00038774718883288094
0.0005086469989827064,0.025150986702501554,0.9743403662985157

Transition Gammas
29.0,1922.7643778864842,29.23562211351497
25.60326917553563,841.0138928735882,13.005778396210745
14.268663059494507,607.6356123458588,15.799167936575193

1260.0,17.13151546557236,649.8684845344276
2577.0,1.0,1.0
1.0,49.44683985711801,1915.5531601428802

Iteration: ,11735
Error:,0.12882044068098808
Absolute Error:,1
Transition Probabilities
0.013834846519671434,0.9713557003820124,0.014809453098316298
0.024906966142520352,0.9595834456168871,0.01550958824059237
0.025466597022594364,0.9508355799391068,0.023697823038298916

0.6536263736263737,0.008418402003633273,0.3379552243699932
0.9993386243386243,0.00033068783068783067,0.00033068783068783067
0.0004330879168471204,0.02707367113666213,0.9724932409464908


Model Num 2
Model States: 
"['square', 'y', 'diamond']","['square', 'y', 'square']","['diamond', 'y', 'diamond']","['diamond', 'y', 'square', 'y', 'square']"
Iteration: ,0
Error:,0.6761681928022353
Absolute Error:,0.74
Transition Probabilities
0.25,0.25,0.25,0.25
0.25,0.25,0.25,0.25
0.25,0.25,0.25,0.25
0.25,0.25,0.25,0.25

0.25,0.25,0.25,0.25
0.25,0.25,0.25,0.25
0.25,0.25,0.25,0.25
0.25,0.25,0.25,0.25

Transition Gammas
1.0,1.0,1.0,1.0
1.0,1.0,1.0,1.0
1.0,1.0,1.0,1.0
1.0,1.0,1.0,1.0

1.0,1.0,1.0,1.0
1.0,1.0,1.0,1.0
1.0,1.0,1.0,1.0
1.0,1.0,1.0,1.0

Iteration: ,2500
Error:,0.02353693007572705
Absolute Error:,0.02604765756906329
Transition Probabilities
0.9701838278223535,0.020310787245698483,0.004752692465973971,0.004752692465973971
0.9805096895954727,0.0041083602028193665,0.011492762119558611,0.003889188082149326
0.9554571342179551,0.016446860406696257,0.018567310155416315,0.009528695219932274
0.9458238866122624,0.018452541350596496,0.011982444847152546,0.023741127189988588

0.002123142250530786,0.002123142250530786,0.9582278851885825,0.03752583031035596
0.023856488875300712,0.9733924794878355,0.0013755158184319124,0.0013755158184319124
0.0027777777777777783,0.0027777777777777783,0.031424493834064836,0.9630199506103796
0.02048184797164133,0.9724510142191715,0.0035335689045936395,0.0035335689045936395

Transition Gammas
204.13351689977975,4.273532821891977,1.0,1.0
252.1116667244343,1.056354209680936,2.955054339569825,1.0
100.27155997384773,1.7260348900962281,1.9485679546741013,1.0
78.93413228077772,1.5399646387674777,1.0,1.9813258056122263

1.0,1.0,451.3253339238223,17.674666076177655
17.343667412343613,707.6563325876562,1.0,1.0
1.0,1.0,11.31281778026334,346.6871822197366
5.796362975974497,275.2036370240255,1.0,1.0

Iteration: ,5000
Error:,0.015667554560612855
Absolute Error:,0.021918222617566797
Transition Probabilities
0.9762012948348187,0.01358585920860988,0.005101704894374013,0.0051111410621975375
0.9807134149504875,0.007551062597998117,0.009759982017970608,0.0019755404335438367
0.9746544345322723,0.01211695219252755,0.008742159688729496,0.0044864535864707
0.9499547420359734,0.023416868771300774,0.013251848424245163,0.013376540768480641

0.0010822510822510823,0.0010822510822510823,0.9666479632585846,0.03118753457691325
0.017736300933482396,0.980970874244281,0.0006464124111182936,0.0006464124111182936
0.0014430014430014432,0.0014430014430014432,0.029422361181642622,0.9676916359323545
0.030499011035591796,0.9658778005586112,0.0018115942028985503,0.0018115942028985503

Transition Gammas
379.8288717065501,5.286104005059223,1.9850156151839085,1.9886871212519779
496.4279132425693,3.822276917133299,4.940411166610545,1.0
217.2438465587674,2.700786257784389,1.9485679546741013,1.0
140.70676994418218,3.468493625238147,1.9628564446861057,1.9813258056122263

1.0,1.0,893.1827180509322,28.81728194906784
27.438057544097262,1517.5619424559025,1.0,1.0
1.0,1.0,20.389696298878334,670.6103037011216
16.835454091646675,533.1645459083535,1.0,1.0

Iteration: ,7500
Error:,0.014193746650761995
Absolute Error:,0.018846659349133783
Transition Probabilities
0.980319134260183,0.0092666403838899,0.005187349234147467,0.0052268761217796455
0.9803928690941198,0.00771063470906287,0.010474676141602482,0.0014218200552149835
0.9787902596355641,0.00761686638737994,0.010208085455022501,0.003384788522033343
0.9555882606457762,0.01647806721671008,0.013921089171290164,0.01401258296622358

0.000726216412490922,0.000726216412490922,0.9717219733573479,0.026825593817670287
0.01578053765139321,0.9833777115068558,0.0004208754208754207,0.0004208754208754207
0.0009823182711198425,0.0009823182711198425,0.028937430496890373,0.96909793296087
0.025742056517974458,0.9717918522366494,0.0012330456226880386,0.0012330456226880386

Transition Gammas
559.7999073080326,5.291607851634213,2.9621758047613893,2.984747176939458
733.7829734827732,5.7710869209845885,7.839856090095903,1.0641727217346086
347.7653050572365,2.7062813883882146,3.626944503552812,1.2026192550766042
201.682558010053,3.4777936106935914,2.9381282608625554,2.957438567784648

1.0,1.0,1338.0611573130686,36.938842686932006
37.494557459710286,2336.5054425402905,1.0,1.0
1.0,1.0,29.458304245834405,986.5416957541659
20.8768078360773,788.1231921639232,1.0,1.0

Iteration: ,10000
Error:,0.014720803297619923
Absolute Error:,0.018787352067829464
Transition Probabilities
0.977072019249624,0.012361503001269621,0.006105971797505937,0.004460505951600572
0.9806010169774352,0.0076729630889359095,0.009739276941099918,0.0019867429925289797
0.9804799496652739,0.005586086274596556,0.011315862620497974,0.0026181014396316543
0.9575022617337615,0.020440120954076487,0.01099268495732154,0.011064932354840337

0.0005455537370430982,0.0005455537370430982,0.9694190369598262,0.02948985556608748
0.01521927100094192,0.9841537697514092,0.00031347962382445083,0.00031347962382445083
0.0007468259895444359,0.0007468259895444359,0.029509836715038627,0.9689965113058725
0.023006611985489506,0.9751466659461818,0.0009233610341643577,0.0009233610341643577

Transition Gammas
732.0849007479342,9.262029327919723,4.574984923608578,3.3420965829836202
988.9001697856716,7.73790192956991,9.821703683655276,2.003557459779395
475.41850968009135,2.708600836273855,5.486874611376194,1.2694740826122033
255.92150288688484,5.463241898024347,2.9381282608625554,2.957438567784648

1.0,1.0,1776.9450947473633,54.054905252638406
48.549474493004816,3139.450525507001,1.0,1.0
1.0,1.0,39.513671361436735,1297.4863286385637
24.91616078028515,1056.0838392197156,1.0,1.0

Iteration: ,12500
Error:,0.014183287474716335
Absolute Error:,0.0183064770211935
Transition Probabilities
0.9776677247787959,0.01245857652314382,0.005067774819489283,0.004805923878571086
0.9785189207074341,0.009105113063212964,0.010805685857980776,0.0015702803713723086
0.9838834283176864,0.0046133680405541465,0.009341826313319215,0.002161377328440348
0.9596697166034508,0.016571648401994137,0.013729170594985332,0.010029464399569761

0.00043898156277436304,0.00043898156277436304,0.9687633860615756,0.030358650812875584
0.01506004946329067,0.9844429326440651,0.0002485089463220671,0.0002485089463220671
0.0005948839976204637,0.0005948839976204637,0.03068574804325573,0.9681244839615033
0.02048548262397226,0.9780482417162036,0.0007331378299120231,0.0007331378299120231

Transition Gammas
882.5994169986525,11.247105838998358,4.574984923608578,4.338596340926012
1248.5151816584917,11.617426755447791,13.787227366199428,2.003557459779395
577.8789738033546,2.7096384717151754,5.486874611376194,1.2694740826122033
316.8539956377897,5.471458481633152,4.532958042283931,3.3114266441146727

1.0,1.0,2206.8429934482715,69.15700655173065
60.60163904028179,3961.3983609597267,1.0,1.0
1.0,1.0,51.582742460712915,1627.417257539288
27.942198299098177,1334.0578017009025,1.0,1.0

Iteration: ,15000
Error:,0.014201417043677842
Absolute Error:,0.017647688657940704
Transition Probabilities
0.9758106915321996,0.014092067218832136,0.0042364018176794735,0.0058608394312888445
0.976374962450922,0.012680601379574708,0.009637948698277235,0.0013064874712260968
0.9839334390498823,0.0038609654629170776,0.008980124452140496,0.0032254710350600817
0.9646581751211042,0.013532101245191728,0.012791174156069902,0.009018549477634063

0.0003658982802780825,0.0003658982802780825,0.9687990306452563,0.030469172794187514
0.01502329808670271,0.9845631369836033,0.00020678246484698027,0.00020678246484698027
0.000497017892644135,0.000497017892644135,0.02865698546151561,0.9703489787531961
0.019007946248180738,0.9797643066677185,0.000613873542050337,0.000613873542050337

Transition Gammas
1053.7997560630931,15.218338071611498,4.574984923608578,6.329251376944298
1497.3150394810277,19.446274111371903,14.78022900080509,2.003557459779395
690.7450860818291,2.710491192998697,6.304264690616796,2.264358725239006
390.48423619669705,5.477662818958328,5.177742747854534,3.6506210129136702

1.0,1.0,2647.727750753487,83.27224924651452
72.65266954729455,4761.3473304527215,1.0,1.0
1.0,1.0,57.65785474856942,1952.342145251431
30.96394443828645,1596.036055561715,1.0,1.0

Iteration: ,17500
Error:,0.014334984375384502
Absolute Error:,0.0182496785423435
Transition Probabilities
0.9751544313938829,0.016128492190138313,0.003657339412116833,0.005059737003862006
0.9748084382747132,0.011945479329803506,0.012122088834075388,0.00112399356140795
0.9814063460523286,0.005603793386938885,0.01018571082368501,0.002804149737047455
0.9656933059128271,0.015711553390652472,0.010905854980126592,0.007689285716393777

0.0003149606299212599,0.0003149606299212599,0.9683842471328507,0.030985831607306915
0.01475387470704988,0.9848935781397684,0.0001762735765908686,0.0001762735765908686
0.00042607584149978705,0.00042607584149978705,0.028426892069688733,0.9707209562473117
0.01948816155357636,0.9794580976666554,0.0005268703898840882,0.0005268703898840882

Transition Gammas
1219.8257583194725,20.17521490238553,4.574984923608578,6.329251376944298
1747.1362208601279,21.409723996207486,21.726258865773932,2.0145187362401424
792.4883587095384,4.525078772545221,8.22498986828613,2.264358725239006
458.47955253883,7.459330953347764,5.177742747854534,3.6506210129136702

1.0,1.0,3074.6199846468003,98.38001535319944
83.69873121309418,5587.3012687869195,1.0,1.0
1.0,1.0,66.71791568755944,2278.28208431244
36.988530628687954,1859.0114693713133,1.0,1.0

Iteration: ,20000
Error:,0.016145932156175564
Absolute Error:,0.01915414025900882
Transition Probabilities
0.9759409144029838,0.01425612030084719,0.0034754046390266333,0.00632756065714232
0.9728756336955474,0.011798634974548805,0.013884154419164957,0.001441576910738809
0.979446296957618,0.004946384757195539,0.01303049205689829,0.0025768262282882194
0.9666263999472147,0.015451126097390298,0.010664393867738932,0.0072580800876560535

0.0002750275027502749,0.0002750275027502749,0.9660339296490719,0.033416015345427534
0.014721486387294834,0.984967761592817,0.0001553760099440643,0.0001553760099440643
0.00037009622501850474,0.00037009622501850474,0.031009727001411035,0.968250080548552
0.019660208146994835,0.9794257150705555,0.0004570383912248625,0.0004570383912248625

Transition Gammas
1381.8693987513134,20.18574700365884,4.9209488485142,8.959417841598167
2008.7542421974329,24.36134407769615,28.66744023887201,2.976509673595812
896.2461366428784,4.52620857596397,11.923602346373618,2.3579348444902952
528.8284839422504,8.453106173936126,5.834348453081128,3.9707993587762416

1.0,1.0,3512.499368204027,121.50063179597457
94.74748638862975,6339.252513611384,1.0,1.0
1.0,1.0,83.78828235781263,2616.211717642188
43.01653542562473,2142.983464574377,1.0,1.0

Iteration: ,22500
Error:,0.01660226430477326
Absolute Error:,0.020559464680157
Transition Probabilities
0.9723630948953842,0.015851956572871063,0.006138960153080644,0.0056459883786640795
0.9705604334607354,0.012512243360819684,0.015644297060695138,0.0012830261177497074
0.9784954490749004,0.007838748967480751,0.011409527287523308,0.0022562746700954986
0.9668267784162693,0.015477679812786116,0.009565242852767164,0.00813029891817738

0.00024330900243309004,0.00024330900243309004,0.9643136466866203,0.03519973530851349
0.015714624799840184,0.9840067460555513,0.00013931457230426287,0.00013931457230426287
0.0003284072249589489,0.0003284072249589489,0.03181029940511169,0.9675328861449703
0.02020278122959191,0.9789897904296734,0.00040371417036737917,0.00040371417036737917

Transition Gammas
1543.0083586142011,25.154905220833147,9.741697190206592,8.959417841598167
2270.3182848062265,29.268424620117642,36.59487080386258,3.001232643107689
1022.5831744373709,8.191936723223892,11.923602346373618,2.3579348444902952
589.7188817760672,9.440657039553347,5.834348453081128,4.9591001134521875

1.0,1.0,3963.3290878820094,144.67091211799044
112.79957681325295,7063.200423186755,1.0,1.0
1.0,1.0,96.86236168856514,2946.1376383114366
50.042289105699254,2424.9577108943054,1.0,1.0

Iteration: ,25000
Error:,0.01619524719675486
Absolute Error:,0.0202428682453607
Transition Probabilities
0.9724765484626101,0.01586378987742695,0.0060454153089759925,0.0056142463509868575
0.9712458344241032,0.012395825989681999,0.014843492252179886,0.0015148473340350426
0.979697989001616,0.007916275447806856,0.010340804599584657,0.0020449309509924973
0.9666631419730324,0.013608610221848698,0.012584149477598854,0.007144098327519907

0.00021853146853146875,0.00021853146853146875,0.9642003024555561,0.035362634607381
0.015609992455485812,0.9841379278873426,0.00012603982858583297,0.00012603982858583297
0.0002944640753828032,0.0002944640753828032,0.030905641046389258,0.9685054308028451
0.02037463666668555,0.978898619147268,0.0003633720930232554,0.0003633720930232554

Transition Gammas
1724.6285549376569,28.133475357728255,10.721179739295398,9.956527575573459
2523.916782913579,32.21227020446957,38.572869900171554,3.9365405486552
1129.6538028449331,9.12796674523769,11.923602346373618,2.3579348444902952
671.01250252426,9.446462996615079,8.735330092205519,4.9591001134521875

1.0,1.0,4412.1805840366205,161.8194159633753
123.84968014182458,7808.150319858185,1.0,1.0
1.0,1.0,104.95555699353795,3289.044443006463
56.07100010671869,2693.9289998932845,1.0,1.0

Iteration: ,27500
Error:,0.015898268979408804
Absolute Error:,0.019944626137930115
Transition Probabilities
0.9741949955529282,0.014577917624566271,0.005553701669944369,0.005673385152561083
0.9700919379997867,0.01366918857648513,0.014528485926043161,0.0017103874976849445
0.9791168590728029,0.009522926316696103,0.009484600976408304,0.0018756136340928467
0.9699661417845545,0.01226435162792569,0.01133471807782673,0.006434788509692946

0.0001986491855383395,0.0001986491855383395,0.9642506806005211,0.035352021028402264
0.01566038142127274,0.9841108379793222,0.00011439029970258505,0.00011439029970258505
0.000267094017094017,0.000267094017094017,0.030992630344986356,0.9684731816208256
0.02117457851729648,0.9781647012977018,0.0003303600925008254,0.0003303600925008254

Transition Gammas
1880.6411055474728,28.14203649494604,10.721179739295398,10.952223501675144
2773.6111276782262,39.08187673453234,41.5387126253993,4.890206392192202
1230.9004993729804,11.971783194309955,11.923602346373618,2.3579348444902952
747.5240556115954,9.451771019023905,8.735330092205519,4.9591001134521875

1.0,1.0,4854.037926143018,177.96207385697682
136.90305438476648,8603.096945615247,1.0,1.0
1.0,1.0,116.03640801162895,3625.963591988372
64.09544917185654,2960.904550828148,1.0,1.0

Iteration: ,30000
Error:,0.015215226987998091
Absolute Error:,0.020329360582899657
Transition Probabilities
0.9739903074788013,0.01524916310262049,0.0053243537487804625,0.005436175669797774
0.9707234156101295,0.013458061776297494,0.014252908922810342,0.001565613690762562
0.9788206015880694,0.010122761636820278,0.008690679427669492,0.0023659573474408427
0.9663294316297245,0.013693349774242785,0.012594418969358055,0.007382799626674689

0.0001821493624772314,0.0001821493624772314,0.9639113286802743,0.035724372594771125
0.016447411243818134,0.9833430110552492,0.00010478885046631026,0.00010478885046631026
0.00024527839097375514,0.00024527839097375514,0.030930078701783898,0.9685793645162686
0.019995016134418883,0.9794002061214021,0.0003023888720895067,0.0003023888720895067

Transition Gammas
2050.3976534421213,32.10180635524419,11.208573995827807,11.443976137611724
3032.0620470271747,42.03635936072597,44.519070529915886,4.890206392192202
1342.9407584193996,13.888417517770321,11.923602346373618,3.2460908050005677
804.665423542262,11.402493533929196,10.487410548135339,6.1476794497574385

1.0,1.0,5291.8731944547035,196.12680554529337
156.95764549975664,9384.042354500254,1.0,1.0
1.0,1.0,126.10193086717298,3948.898069132828
66.12351835652333,3238.8764816434814,1.0,1.0

Iteration: ,32500
Error:,0.015354089919610644
Absolute Error:,0.020205433624689025
Transition Probabilities
0.9736386831312321,0.01636012755085195,0.004948629176662271,0.00505256014125369
0.9701747984972171,0.013379514606426933,0.014702703968432285,0.0017429829279235853
0.9780236159664563,0.011202387797272426,0.008604266970955916,0.002169729265315335
0.9680843771272918,0.012545488206382174,0.012608867957182078,0.006761266709143944

0.00016835016835016847,0.00016835016835016847,0.9634174085106895,0.036245891152610246
0.01671078202744105,0.9830971503647611,9.603380389897234e-05,9.603380389897234e-05
0.00022758306781975408,0.00022758306781975408,0.03030978258055575,0.9692350512838048
0.01887786681900826,0.98055986160382,0.0002811357885858866,0.0002811357885858866

Transition Gammas
2205.2776305290627,37.05545388199531,11.208573995827807,11.443976137611724
3261.9437685125854,44.98490824927632,49.43376561048707,5.8602968343136865
1463.2025836646128,16.759679930616446,12.87268063563261,3.2460908050005677
880.2303897948448,11.406980873753316,11.464608890556198,6.1476794497574385

1.0,1.0,5722.699406553491,215.3005934465047
174.00937325174382,10236.990626748267,1.0,1.0
1.0,1.0,133.18118465896205,4258.818815341041
67.14857227521247,3487.8514277247923,1.0,1.0

Iteration: ,35000
Error:,0.015497311710565068
Absolute Error:,0.019959820547887863
Transition Probabilities
0.9738923711178848,0.015611312845049645,0.005191257472749952,0.005305058564315503
0.9693757964529767,0.013489597220304872,0.014718767747178054,0.0024158385795404387
0.9778008625670083,0.010449845860459456,0.008614845993016932,0.0031344455795152926
0.9683508606082772,0.012648706642949595,0.011709943146840558,0.007290489601932688

0.00015654351909830946,0.00015654351909830946,0.9637669870347564,0.035919925927046924
0.016675870779242305,0.9831458443214885,8.914244963451592e-05,8.914244963451592e-05
0.00021123785382340504,0.00021123785382340504,0.03068277216709125,0.9688947521252619
0.01803683708159178,0.9814416505324891,0.00026075619295958246,0.00026075619295958246

Transition Gammas
2373.9606950761186,38.054146630335175,12.654212686954944,12.931614303853609
3515.427292075518,48.919829029036585,53.377398149903776,8.761003634339637
1568.6308364999018,16.764098990825158,13.82031208365589,5.028414454913152
948.0630047894597,12.383704413793227,11.464608890556198,7.137747029060198

1.0,1.0,6156.543513178019,229.45648682197555
187.06991840154024,11028.930081598462,1.0,1.0
1.0,1.0,145.25224343901007,4586.7477565609925
69.17127020790456,3763.8287297921006,1.0,1.0

Iteration: ,35549
Error:,0.015146866634328756
Absolute Error:,0.019742350488626877
Transition Probabilities
0.9743786260616378,0.015320995186803379,0.005094351006330255,0.005206027745228613
0.9690715758630479,0.013802992160631836,0.014748888091260856,0.0023765438850594615
0.9781029624119768,0.010307959132154456,0.008497374116725772,0.0030917043391429566
0.9690241022814244,0.012380422906548316,0.01146036807248005,0.0071351067395472485

0.00015398829688943654,0.00015398829688943654,0.9638915207051005,0.03580050270112054
0.016726793384206073,0.9830972122476137,8.799718409010905e-05,8.799718409010905e-05
0.00020764119601328888,0.00020764119601328888,0.03037253035125916,0.9692121872567142
0.017751158981385212,0.981735625724799,0.0002566076469078775,0.0002566076469078775

*,*,*,*,*,*,*,*,*,*,*
Model Num 2
Model States: 
"['square', 'y', 'diamond']","['square', 'y', 'square']","['diamond', 'y', 'diamond']","['diamond', 'y', 'square', 'y', 'square']"
Iteration: ,35549
Error:,0.015568178688877606
Absolute Error:,0.019742350488626877
Transition Probabilities
0.9743786260616378,0.015320995186803379,0.005094351006330255,0.005206027745228613
0.9690715758630479,0.013802992160631836,0.014748888091260856,0.0023765438850594615
0.9781029624119768,0.010307959132154456,0.008497374116725772,0.0030917043391429566
0.9690241022814244,0.012380422906548316,0.01146036807248005,0.0071351067395472485

0.00015398829688943654,0.00015398829688943654,0.9638915207051005,0.03580050270112054
0.016726793384206073,0.9830972122476137,8.799718409010905e-05,8.799718409010905e-05
0.00020764119601328888,0.00020764119601328888,0.03037253035125916,0.9692121872567142
0.017751158981385212,0.981735625724799,0.0002566076469078775,0.0002566076469078775

Transition Gammas
2420.326820135797,38.05688524970367,12.654212686954944,12.931614303853609
3572.43123152299,50.884002287646126,54.37099772587283,8.761003634339637
1590.8077018610231,16.76508650731716,13.82031208365589,5.028414454913152
969.3826819451131,12.385004183599836,11.464608890556198,7.137747029060198

1.0,1.0,6259.511535458917,232.48846454107658
190.083280018118,11171.916719981891,1.0,1.0
1.0,1.0,146.27410617166422,4667.725893828339
69.17626655045827,3825.823733449547,1.0,1.0

