0,1,2,3,4,5,6,7,8,9,10,11,12,13,14,15,16,17,18,19,20,21,22,23,24,25,26,27,28,29
github Code Version (SHA):,528ca1c557fe8e6666681dc5c9134b0f84d30530
Environment Observations,Environment Actions,alpha,epsilon,numActions,explore,patience,gainThresh,insertRandActions,useUpdatedPosterior,revisedSplitting,haveControl,confidence_factor
"['diamond', 'square']","['x', 'y']",0.75,0.99,75000,0.5,0,0.01,False,True,False,False,250

Model Num 0
Model States: 
['diamond'],['square']
Iteration: ,0
Error:,0.40191074504664714
Absolute Error:,1
Transition Probabilities
0.5,0.5
0.5,0.5

0.5,0.5
0.5,0.5

Transition Gammas
1.0,1.0
1.0,1.0

1.0,1.0
1.0,1.0

Iteration: ,2404
Error:,0.06376610875601073
Absolute Error:,1
Transition Probabilities
0.45,0.55
0.17118402282453637,0.8288159771754636

0.184,0.816
0.7954866008462623,0.20451339915373765


Model Num 1
Model States: 
['square'],"['diamond', 'x', 'square']","['diamond', 'x', 'diamond']"
Iteration: ,0
Error:,0.4769395804342551
Absolute Error:,1
Transition Probabilities
0.3333333333333333,0.3333333333333333,0.3333333333333333
0.3333333333333333,0.3333333333333333,0.3333333333333333
0.3333333333333333,0.3333333333333333,0.3333333333333333

0.3333333333333333,0.3333333333333333,0.3333333333333333
0.3333333333333333,0.3333333333333333,0.3333333333333333
0.3333333333333333,0.3333333333333333,0.3333333333333333

Transition Gammas
1.0,1.0,1.0
1.0,1.0,1.0
1.0,1.0,1.0

1.0,1.0,1.0
1.0,1.0,1.0
1.0,1.0,1.0

Iteration: ,2500
Error:,0.06132368401177827
Absolute Error:,1
Transition Probabilities
0.8393393393393394,0.06799151162878643,0.09266914903187423
0.9957081545064378,0.002145922746781116,0.002145922746781116
0.002538071065989847,0.7936644933058657,0.20379743562814445

0.1380813953488372,0.3508499975530298,0.5110686070981331
0.7338641773575005,0.07557625458519622,0.19055956805730317
0.8480964169324179,0.1067763140362545,0.045127269031327605

Transition Gammas
559.0,45.282346744771765,61.71765325522824
464.0,1.0,1.0
1.0,312.7038103625112,80.29618963748894

95.0,241.3847983164845,351.6152016835155
62.90279536640949,6.477980290372429,16.33371662557745
97.9006057038973,12.325798824606837,5.209298004004838

Iteration: ,5000
Error:,0.05298079879932345
Absolute Error:,1
Transition Probabilities
0.8374816983894583,0.08160994215470059,0.08090835945584116
0.9978902953586498,0.0010548523206751054,0.0010548523206751054
0.0013106159895150719,0.7938903033248553,0.20479908068562952

0.14484272128749084,0.36048729105549093,0.4946699876570182
0.749847006391254,0.07186764439053146,0.17828534921821465
0.8398429230884182,0.10227196916707422,0.0578851077445076

Transition Gammas
1144.0,111.479180983321,110.52081901667901
946.0,1.0,1.0
1.0,605.7383014368647,156.26169856313535

198.0,492.7861268728561,676.2138731271439
119.14506746397643,11.419229878100118,28.32820532640662
180.41372647949837,21.969902424105655,12.434787159306008

Iteration: ,7500
Error:,0.043588402219257756
Absolute Error:,1
Transition Probabilities
0.8317848410757946,0.08426721747137514,0.08394794145283024
0.9985785358919688,0.0007107320540156361,0.0007107320540156361
0.0008779631255487272,0.7790413421615676,0.22008069471288366

0.15261627906976744,0.36302631208771796,0.4843574088425145
0.7621442313548105,0.07674485485702273,0.1611109137881668
0.8550110478647924,0.09594048553446013,0.0490484666007476

Transition Gammas
1701.0,172.32645972896216,171.67354027103784
1405.0,1.0,1.0
1.0,887.3280887220253,250.67191127797443

315.0,749.2863081490499,999.7136918509499
184.50976117177424,18.579389908469413,39.00381975256597
272.0386560530186,30.52536082550815,15.605738626243765

Iteration: ,10000
Error:,0.036414484971695416
Absolute Error:,1
Transition Probabilities
0.8350442477876107,0.08564041070084465,0.07931534151154473
0.9988992845349477,0.000550357732526142,0.000550357732526142
0.0006761325219743073,0.7781191181514104,0.22120474932661516

0.16867030965391622,0.35329113941197915,0.4780385509341047
0.7686258830883156,0.07737271208885187,0.1540014048228325
0.8690044535401792,0.08634301639808174,0.044652530061739144

Transition Gammas
2359.0,241.93416022988612,224.06583977011388
1815.0,1.0,1.0
1.0,1150.8381757459356,327.1618242540637

463.0,969.7841776858827,1312.2158223141173
255.92464753899296,25.76231754115959,51.276903519608155
358.43352846896573,35.613433164974325,18.417585594520457

Iteration: ,12500
Error:,0.03717279500675702
Absolute Error:,1
Transition Probabilities
0.8312092891532143,0.08616710208651802,0.08262360876026759
0.9991285403050109,0.00043572984749455336,0.00043572984749455336
0.0005408328826392647,0.7727369068301994,0.22672226028716141

0.1696350364963503,0.36218343636720807,0.4681815271364415
0.7748684435092257,0.07457057810836609,0.15056097838240823
0.8642574401251731,0.08779332833857109,0.04794923153625573

Transition Gammas
2935.0,304.25603746749516,291.74396253250484
2293.0,1.0,1.0
1.0,1428.790540729038,419.20945927096125

581.0,1240.478269557688,1603.5217304423127
325.72082998290176,31.346212117970474,63.2892554246492
425.6882112648093,43.24242195244235,23.61729463530523

Iteration: ,15000
Error:,0.03824503559094879
Absolute Error:,1
Transition Probabilities
0.8282828282828283,0.08632494330201455,0.08539222841515716
0.9992676675210546,0.0003661662394727206,0.0003661662394727206
0.00044883303411131077,0.7731458887931048,0.22640527817278383

0.17535314174378955,0.3570952846746389,0.4675515735815715
0.7885006000389224,0.07044863556752282,0.1410507643935547
0.869164037050664,0.08459609005209606,0.046239872897239985

Transition Gammas
3526.0,367.48528363667594,363.51471636332406
2729.0,1.0,1.0
1.0,1722.5690402310368,504.43095976896217

720.0,1466.2332388740676,1919.766761125933
403.6601996123778,36.065045853106746,72.20867011105665
502.3615285551327,48.895052368441945,26.7258333739578

Iteration: ,17500
Error:,0.035845632019416436
Absolute Error:,1
Transition Probabilities
0.8311478716965907,0.08433468243250966,0.08451744587089965
0.999369284137496,0.000315357931251971,0.000315357931251971
0.00038095238095238134,0.7645159033588294,0.23510314426021828

0.17359515354083976,0.3583229644691526,0.46808188199000755
0.7913976537921251,0.07000627526132502,0.1385960709465499
0.8696174146182112,0.08513930723290629,0.045243278148882383

Transition Gammas
4120.0,418.0470208179504,418.9529791820496
3169.0,1.0,1.0
1.0,2006.854246316925,617.1457536830724

831.0,1715.2920309138337,2240.707969086166
478.7904791592435,42.35334526949191,83.84972952613451
577.6470207642524,56.55414248415485,30.053037569152433

Iteration: ,20000
Error:,0.03339139967028706
Absolute Error:,1
Transition Probabilities
0.8321479374110953,0.08483180146281186,0.08302026112609284
0.9994499449944995,0.000275027502750275,0.000275027502750275
0.0003323363243602524,0.7613134549831632,0.23835420869247664

0.17249544626593813,0.36014131848961484,0.4673632352444471
0.7965764114711743,0.06718820890541854,0.1362353796234071
0.8650245523221256,0.08825181428172511,0.046723633396149336

Transition Gammas
4680.0,477.09405142685387,466.90594857314613
3634.0,1.0,1.0
1.0,2290.7921860443394,717.2078139556627

947.0,1977.1758385079847,2565.824161492014
547.8448677117594,46.208643501755354,93.69578668492575
655.7714523862348,66.90332693088214,35.420988746160845

Iteration: ,21986
Error:,0.03484924977205079
Absolute Error:,1
Transition Probabilities
0.8313878080415046,0.08550792008714493,0.08310427187135051
0.9995040912472105,0.0002479543763947434,0.0002479543763947434
0.00030293850348379274,0.7612520629646737,0.2384449985318424

0.17275582740948922,0.3629687050674619,0.46427546752304893
0.7936995776954454,0.06957774457590278,0.13672267772865185
0.867599054990649,0.08744212833568016,0.0449588166736708

*,*,*,*,*,*,*,*,*,*,*
Model Num 1
Model States: 
['square'],"['diamond', 'x', 'square']","['diamond', 'x', 'diamond']"
Iteration: ,21986
Error:,0.03460829724179597
Absolute Error:,1
Transition Probabilities
0.8313878080415046,0.08550792008714493,0.08310427187135051
0.9995040912472105,0.0002479543763947434,0.0002479543763947434
0.00030293850348379274,0.7612520629646737,0.2384449985318424

0.17275582740948922,0.3629687050674619,0.46427546752304893
0.7936995776954454,0.06957774457590278,0.13672267772865185
0.867599054990649,0.08744212833568016,0.0449588166736708

Transition Gammas
5128.0,527.4128510975099,512.58714890249
4031.0,1.0,1.0
1.0,2512.8930598463885,787.1069401536118

1045.0,2195.5976969530766,2808.402303046922
595.6294984565463,52.21441244282077,102.60312875509828
709.582809853943,71.51625023924186,36.77044514917719

