0,1,2,3,4,5,6,7,8,9,10,11,12,13,14,15,16,17,18,19,20,21,22,23,24,25,26,27,28,29
github Code Version (SHA):,528ca1c557fe8e6666681dc5c9134b0f84d30530
Environment Observations,Environment Actions,alpha,epsilon,numActions,explore,patience,gainThresh,insertRandActions,useUpdatedPosterior,revisedSplitting,haveControl,confidence_factor
"['diamond', 'square']","['x', 'y']",0.99,0.99,75000,0.5,0,0.01,False,True,False,False,250

Model Num 0
Model States: 
['diamond'],['square']
Iteration: ,0
Error:,0.6752152277016298
Absolute Error:,1
Transition Probabilities
0.5,0.5
0.5,0.5

0.5,0.5
0.5,0.5

Transition Gammas
1.0,1.0
1.0,1.0

1.0,1.0
1.0,1.0

Iteration: ,2500
Error:,0.1558269938434173
Absolute Error:,1
Transition Probabilities
0.5281837160751566,0.4718162839248434
0.023936170212765957,0.976063829787234

0.04291044776119403,0.957089552238806
0.9756427604871448,0.02435723951285521

Transition Gammas
253.0,226.0
18.0,734.0

23.0,513.0
721.0,18.0

Iteration: ,2607
Error:,0.15270450303106697
Absolute Error:,1
Transition Probabilities
0.526,0.474
0.022756005056890013,0.97724399494311

0.04159132007233273,0.9584086799276673
0.9739921976592978,0.02600780234070221


Model Num 1
Model States: 
['square'],"['diamond', 'x', 'diamond']","['diamond', 'x', 'square']"
Iteration: ,0
Error:,0.7228856909635661
Absolute Error:,1
Transition Probabilities
0.3333333333333333,0.3333333333333333,0.3333333333333333
0.3333333333333333,0.3333333333333333,0.3333333333333333
0.3333333333333333,0.3333333333333333,0.3333333333333333

0.3333333333333333,0.3333333333333333,0.3333333333333333
0.3333333333333333,0.3333333333333333,0.3333333333333333
0.3333333333333333,0.3333333333333333,0.3333333333333333

Transition Gammas
1.0,1.0,1.0
1.0,1.0,1.0
1.0,1.0,1.0

1.0,1.0,1.0
1.0,1.0,1.0
1.0,1.0,1.0

Iteration: ,2500
Error:,0.12575815717440564
Absolute Error:,1
Transition Probabilities
0.9710743801652892,0.007836323166050747,0.021089296668659996
0.0031347962382445136,0.026421239359537843,0.9704439644022176
0.9959514170040485,0.0020242914979757085,0.0020242914979757085

0.020718232044198894,0.5769384029879663,0.4023433649678348
0.9667831548982365,0.010727783569187898,0.022489061532575627
0.8931753886470039,0.03871236960794248,0.06811224174505372

Transition Gammas
705.0,5.689170618552843,15.310829381447157
1.0,8.428375355692573,309.57162464430746
492.0,1.0,1.0

15.0,417.70340376328755,291.2965962367124
99.20341914355404,1.1007978412775512,2.3076444661430946
70.54755814703422,3.057700850963728,5.379853045786393

Iteration: ,5000
Error:,0.1202343739673995
Absolute Error:,1
Transition Probabilities
0.9774590163934426,0.005402286132132558,0.017138697474424817
0.0016129032258064507,0.0201126024605739,0.9782744943136196
0.9979296066252588,0.0010351966873706005,0.0010351966873706005

0.02403846153846154,0.5711609135185524,0.40480062494298613
0.9810561320677432,0.0052420701341864325,0.013701797798070429
0.9265298323197428,0.027560280304767187,0.04590988737549001

Transition Gammas
1431.0,7.908946897442064,25.091053102557932
1.0,12.469813525555823,606.5301864744445
964.0,1.0,1.0

35.0,831.6102900830123,589.3897099169878
206.01488433154717,1.1007978412775512,2.877281122084471
143.05729884168292,4.255339783122076,7.088540756016338

Iteration: ,7500
Error:,0.1140797109193419
Absolute Error:,1
Transition Probabilities
0.9793388429752066,0.00470309881007199,0.015958058214721398
0.0010615711252653928,0.019650115379258024,0.9792883134954766
0.9986091794158554,0.0006954102920723226,0.0006954102920723226

0.02691605839416058,0.5755128232993877,0.3975711183064517
0.9855094891652442,0.0036460057900647965,0.010844505044690934
0.9384923154503299,0.023655905235104344,0.03785177931456583

Transition Gammas
2133.0,10.243349208336793,34.756650791663205
1.0,18.51040868726106,922.489591312739
1436.0,1.0,1.0

59.0,1261.524108672258,871.4758913277423
309.6630172882145,1.1456339755369478,3.4075188418334807
217.80184558027116,5.489975500337927,8.784501756153054

Iteration: ,10000
Error:,0.11101866766865665
Absolute Error:,1
Transition Probabilities
0.9800824175824175,0.004235345447489367,0.01568223697009305
0.0007930214115781125,0.017871428665582233,0.9813355499228397
0.9989550679205852,0.0005224660397074191,0.0005224660397074191

0.02301614565441428,0.5832052227844432,0.3937786315611425
0.9881479329516631,0.0031303534035660857,0.008721713644770838
0.9491808663390205,0.01827211077797149,0.032547022883008016

Transition Gammas
2854.0,12.333325943089037,45.66667405691096
1.0,22.5358715472992,1237.464128452701
1912.0,1.0,1.0

67.0,1697.710403525515,1146.2895964744864
418.57033449421505,1.3259887791313685,3.6944373164347515
285.18761542716834,5.489975500337927,9.778966448258839

Iteration: ,12500
Error:,0.11065119236168428
Absolute Error:,1
Transition Probabilities
0.9801360544217687,0.0034152943075585417,0.01644865127067275
0.0006357279084551812,0.020067978407216403,0.9792962936843284
0.9991507430997877,0.0004246284501061571,0.0004246284501061571

0.023210831721470003,0.5876698503785701,0.38911931789995996
0.9892919645945025,0.0026109923269187077,0.008097043078578822
0.9376119651493072,0.027642423273952797,0.03474561157674004

Transition Gammas
3602.0,12.551206580277642,60.44879341972236
1.0,31.566930034551405,1540.4330699654486
2353.0,1.0,1.0

84.0,2126.777188520047,1408.2228114799561
532.5730362655637,1.4055952751856737,4.358942528052707
360.1871506941296,10.618940507804492,13.347656917921325

Iteration: ,15000
Error:,0.11392321444184274
Absolute Error:,1
Transition Probabilities
0.9811827956989247,0.003518698335883482,0.015298505965191786
0.000529100529100529,0.022012192885957613,0.9774587065849418
0.999288256227758,0.00035587188612099647,0.00035587188612099647

0.02248493277700508,0.5888805575390579,0.38863450968393703
0.990564028247414,0.0022074054273567402,0.007228566325229435
0.9400211351834544,0.027929036321789384,0.03204982849475619

Transition Gammas
4380.0,15.707469371383862,68.29253062861613
1.0,41.60304455445989,1847.3969554455402
2808.0,1.0,1.0

97.0,2540.430725223498,1676.5692747765058
630.7550487183058,1.4055952751856737,4.602887420311995
436.97069740844364,12.982868174656835,14.898426625739049

Iteration: ,17500
Error:,0.11765407126722846
Absolute Error:,1
Transition Probabilities
0.9795287755890305,0.003439226941904223,0.017031997469065262
0.00045146726862302464,0.02150922968007625,0.9780393030513007
0.9993954050785974,0.0003022974607013301,0.0003022974607013301

0.021644162033359792,0.5886374261042647,0.3897184118623754
0.9907155568712642,0.002113779724714203,0.007170663404021625
0.9420796814570369,0.0254965466150792,0.03242377192788389

Transition Gammas
5072.0,17.808317105180066,88.19168289481993
1.0,47.64294374136892,2166.357056258632
3306.0,1.0,1.0

109.0,2964.3780778610794,1962.6219221389238
724.3931868635201,1.5455572696858177,5.243058594506164
515.9558054157094,13.963883844471068,17.757768996559694

Iteration: ,20000
Error:,0.11258073759643689
Absolute Error:,1
Transition Probabilities
0.9793902231306422,0.003574208566331616,0.017035568303026247
0.0003961965134706811,0.020871463793029125,0.9787323396935003
0.9994722955145119,0.0002638522427440633,0.0002638522427440633

0.02094150224991346,0.5867899240702777,0.3922685736798089
0.9915368666200218,0.0019600019157224448,0.006503131464255722
0.9374415588060302,0.028157357160609173,0.03440108403336055

Transition Gammas
5750.0,20.984178492932916,100.0158215070671
1.0,52.67957461360556,2470.320425386397
3788.0,1.0,1.0

121.0,3390.472181278066,2266.5278187219365
836.5341188370357,1.6536031394141901,5.486524538090949
592.9538010724226,17.810189658971204,21.759493535333704

Iteration: ,22500
Error:,0.1094494698591423
Absolute Error:,1
Transition Probabilities
0.9800091561117046,0.0032139705733225388,0.016776873314972903
0.0003536067892503535,0.020762971794122904,0.9788834214166268
0.9995335820895522,0.0002332089552238806,0.0002332089552238806

0.020205112505740083,0.5830398346594912,0.3967550528347688
0.9922255928503064,0.0018634281627929244,0.005910978986900642
0.9402297746960627,0.026416926366657243,0.03335329893728008

Transition Gammas
6422.0,21.061149166982595,109.93885083301743
1.0,58.71768423377959,2768.2823157662215
4286.0,1.0,1.0

132.0,3808.999239830457,2592.000760169545
944.3069534129418,1.7734355815757854,5.625513591897609
669.4371353898359,18.808669953486536,23.74731953536712

Iteration: ,23283
Error:,0.11449025122643008
Absolute Error:,1
Transition Probabilities
0.9799143405700783,0.003115542577111049,0.01697011685281068
0.0003411804844762879,0.020721564128005764,0.9789372553875181
0.9995479204339964,0.0002260397830018083,0.0002260397830018083

0.020549970431697213,0.5836286966212487,0.39582133294705407
0.9923120129376772,0.001832178634284679,0.0058558084280380795
0.9419800404595104,0.02556374620982606,0.032456213330663564


Model Num 2
Model States: 
"['diamond', 'x', 'diamond']","['diamond', 'x', 'square']","['square', 'y', 'diamond', 'x', 'diamond']","['square', 'y', 'diamond', 'x', 'square']"
Iteration: ,0
Error:,0.67564103219182
Absolute Error:,0.74
Transition Probabilities
0.25,0.25,0.25,0.25
0.25,0.25,0.25,0.25
0.25,0.25,0.25,0.25
0.25,0.25,0.25,0.25

0.25,0.25,0.25,0.25
0.25,0.25,0.25,0.25
0.25,0.25,0.25,0.25
0.25,0.25,0.25,0.25

Transition Gammas
1.0,1.0,1.0,1.0
1.0,1.0,1.0,1.0
1.0,1.0,1.0,1.0
1.0,1.0,1.0,1.0

1.0,1.0,1.0,1.0
1.0,1.0,1.0,1.0
1.0,1.0,1.0,1.0
1.0,1.0,1.0,1.0

Iteration: ,2500
Error:,0.04119928524927445
Absolute Error:,0.04482692195874564
Transition Probabilities
0.021064748567370083,0.9708707353035977,0.004032258064516128,0.004032258064516128
0.0014347202295552366,0.0014347202295552366,0.03709575596566505,0.9600348035752244
0.019881688458435447,0.014379506094449341,0.9519471848086261,0.013791620638489117
0.0180599005441945,0.02000346751593279,0.9399947263340361,0.021941905605836497

0.01576111361727493,0.04595722236362181,0.8751080497950807,0.06317361422402247
0.008685899025123057,0.025403708793043635,0.04259320718544886,0.9233171849963845
0.9745318097227719,0.003795390846856899,0.010830792930854346,0.01084200649951676
0.0022639453841473887,0.9704467439510555,0.012830261032770452,0.014459049632026662

Transition Gammas
5.224057644707782,240.7759423552923,1.0,1.0
1.0,1.0,25.855741908068545,669.1442580919315
3.39517420910528,2.455572540210122,162.5629803549876,2.355179983403037
3.681641282064207,4.077851459418058,191.62472024279845,4.473016077132927

1.0,2.9158613711946417,55.52323719282886,4.0081948368661715
1.3245568849399367,3.8739406580147806,6.495254626605584,140.8013299294595
296.5303157481937,1.1548606571666864,3.2955911911209688,3.299003253223976
1.388079364892678,595.0042388116424,7.8665416182212295,8.865191082219432

Iteration: ,5000
Error:,0.0293990365100988
Absolute Error:,0.033066172617329366
Transition Probabilities
0.021286861462677102,0.9745637609439619,0.002074688796680498,0.002074688796680498
0.0007189072609633355,0.0007189072609633355,0.03181671511610786,0.9667454703619655
0.011965139061267348,0.01862494287171258,0.9599575494691663,0.009452368597853745
0.00985197205704075,0.011061503507245572,0.9567734557582388,0.022313068677474884

0.008918504304302412,0.03472349637543355,0.9113649556909114,0.04499304362935269
0.005492006677168122,0.03156124836198923,0.026956013707430098,0.9359907312534126
0.9850590542892906,0.001986266378286523,0.0056421859102869605,0.007312493422135889
0.0011112342943259553,0.9763309485065179,0.009874161639354432,0.012683655559801867

Transition Gammas
10.260267225010363,469.73973277498965,1.0,1.0
1.0,1.0,44.25705072650605,1344.7429492734943
4.187457492988975,6.518198926505716,335.95776972526215,3.3080594808719166
4.081261464318025,4.582319939618289,396.3513713254877,9.243374505815769

1.0,3.893421496548748,102.18809394432382,5.044909111906512
1.8272278742151564,10.500641412510209,8.968448605262743,311.41046518813397
575.3713177247344,1.1601748123127498,3.2955911911209688,4.271214967089837
1.3992097973919584,1229.3463544300869,12.43304294815432,15.970615032885268

Iteration: ,7500
Error:,0.025516922070477163
Absolute Error:,0.027900150843781182
Transition Probabilities
0.018344941188386664,0.9788926278723868,0.0013812154696132598,0.0013812154696132598
0.00047732696897374735,0.00047732696897374735,0.03177811274212938,0.9672672333199231
0.0077548648654986166,0.01391013626559374,0.9721984944103435,0.006136504458564351
0.006909841582109817,0.011396008541985329,0.9589884546755564,0.022705695200348566

0.0059508732424453795,0.034967155018031645,0.9287836713327238,0.030298300406799074
0.0038306166451101313,0.0295973395180011,0.022994697584494753,0.9435773462523941
0.9856815120803117,0.0013175974421181875,0.004278541777641372,0.008722348699928816
0.0007455439233504251,0.9756292270634687,0.009763239292668407,0.013861989720512521

Transition Gammas
13.281737420391941,708.718262579608,1.0,1.0
1.0,1.0,66.57514619476102,2026.4248538052377
4.187457492988975,7.511169484461802,524.9659330884338,3.313578253323095
4.354018846466964,7.180835533880993,604.2763434710597,14.307278054016747

1.0,5.8759703985330844,156.0751898911328,5.091404096913457
1.8511674986333895,14.30308434326924,11.1123197001867,455.9891729335284
869.3321623957587,1.1620689030742384,3.7735048591988916,7.692767048532338
1.403113117386792,1836.1334903607853,18.374409193984313,26.088254495490013

Iteration: ,10000
Error:,0.024204799274149973
Absolute Error:,0.025098890015835852
Transition Probabilities
0.019951940098026595,0.9779819441994941,0.0010330578512396695,0.0010330578512396695
0.0003615328994938542,0.0003615328994938542,0.030685126125913443,0.9685918080750988
0.006279407838943768,0.01455294131449765,0.9718036704762214,0.007363980370337232
0.005784203843848357,0.012761431232078456,0.96350720773923,0.017947157184843077

0.004397833839456806,0.025841541458315295,0.9453937079925329,0.024366916709695215
0.003525078052475388,0.03095519772095875,0.020794566142544567,0.9447251580840214
0.9844230129762888,0.0009822141562275462,0.004786620403027125,0.00980815246445661
0.0005604475813832627,0.978450527091348,0.00827765648647017,0.012711368840798525

Transition Gammas
19.313478014889743,946.6865219851103,1.0,1.0
1.0,1.0,84.87505886427653,2679.1249411357217
4.420243005980309,10.24420434406286,684.0785767995372,5.183702597924365
4.886968220045464,10.781900250591868,814.0496481662041,15.163225427431552

1.0,5.8759703985330844,214.96803710740062,5.540663335453544
2.3858242863544157,20.950929713373174,14.074065932312424,639.4037784508347
1166.2810131141853,1.16366410183439,5.670879712733787,11.620067635802389
1.406162849496437,2454.932141682626,20.768638172082174,31.89282142330123

Iteration: ,12500
Error:,0.02196253303958397
Absolute Error:,0.02406712047656531
Transition Probabilities
0.02061675268668103,0.9777559080130749,0.0008136696501220509,0.0008136696501220509
0.000288350634371396,0.000288350634371396,0.03119152840566361,0.9682317703255936
0.007072258614953228,0.011312435482791199,0.9716598383000118,0.009955467602243756
0.0047457317224948595,0.014326185482840552,0.9642323437777746,0.016695739016890056

0.0035678700601504917,0.020964698859256743,0.952336441126257,0.02313098995433567
0.006353775055887964,0.02821695569351311,0.01965323954563711,0.9457760297049618
0.9850029948881834,0.0007801033988199131,0.004269720942746712,0.009947180770250105
0.0004547492210632773,0.9790288168627503,0.007679809407699024,0.012836624508487358

Transition Gammas
25.337989051930972,1201.6620109480684,1.0,1.0
1.0,1.0,108.17222051084126,3357.827779489154
6.404426574264432,10.24420434406286,879.9061839164987,9.015374683305495
5.099850164305816,15.39518111447968,1036.1817237867247,17.941546709204232

1.0,5.8759703985330844,266.9201582655417,6.483136875606959
5.150782052795661,22.874493933491312,15.932190334178326,766.7073758386059
1470.2635648812677,1.1644204231634445,6.373193956677884,14.847647708367148
1.408147390954393,3031.598099081992,23.780807266019696,39.74907151687562

Iteration: ,15000
Error:,0.02139997838009786
Absolute Error:,0.023266172044469194
Transition Probabilities
0.01997515370559298,0.9786643020767201,0.000680272108843538,0.000680272108843538
0.00024067388688327331,0.00024067388688327331,0.029713856823699866,0.9698047954025336
0.006031383737580112,0.011492938457955244,0.9721373634343545,0.010338314370110088
0.0040570571845166305,0.015483668004057746,0.9637024919816897,0.016756782829735903

0.005763648428582823,0.017108456940014987,0.9545937005644739,0.022534194066928328
0.005339412221470019,0.02618601254320491,0.019553137348267517,0.9489214378870575
0.984278892874769,0.0006478937261880592,0.003824998731069855,0.01124821466797302
0.0003784306019109153,0.9788994231030955,0.007080414957336156,0.013641731337657432

Transition Gammas
29.36347594722165,1438.636524052777,1.0,1.0
1.0,1.0,123.46107510247286,4029.5389248975243
6.404426574264432,12.203780041036826,1032.2643418328255,10.977742117863954
5.265132392261334,20.094260014453752,1250.6654395704054,21.74647190176163

1.9795489255780148,5.8759703985330844,327.8591603444799,7.739462287938793
5.239791727325571,25.697445000369907,19.188323184476957,931.2168631837875
1770.2384871001866,1.1652453567291698,6.879310341678471,20.23006148008918
1.410045704789323,3647.413607666419,26.381874637791967,50.829569758425365

Iteration: ,17500
Error:,0.0218362993704355
Absolute Error:,0.02365461430825771
Transition Probabilities
0.019501782218709515,0.979329993482225,0.0005841121495327108,0.0005841121495327108
0.00020661157024793393,0.00020661157024793393,0.029072494259042868,0.9705142826004614
0.00560808750508013,0.011642559964036693,0.9723937480665302,0.010355604464352835
0.003532022082889674,0.01643398077986804,0.9637343879367988,0.016299609200443498

0.0074307332554010095,0.014722111101016486,0.954051905507724,0.02379525013585849
0.006085124378453445,0.029018210020687663,0.01782978661604069,0.9470668789848183
0.9832669054840507,0.0005559151065845203,0.003536967782668633,0.012640211626696025
0.0003250592453976302,0.9779425616797864,0.006786590852924573,0.01494578822189152

Transition Gammas
33.38705115843066,1676.6129488415677,1.0,1.0
1.0,1.0,140.71087221376746,4697.289127786232
7.008025983978791,14.54887475883537,1215.1309420432094,12.940658486560919
5.38408744213411,25.051369290638902,1469.082042487728,24.846538087327882

2.965795350173456,5.8759703985330844,380.7864726031313,9.49729182619339
6.970189864693219,33.23883306213406,20.423082624377688,1084.8152889792445
2062.2078706188463,1.165921991069299,7.4180904074604355,26.510343994571894
1.411418849064751,4246.261518170561,29.46761978417489,64.89514606699886

Iteration: ,20000
Error:,0.02284292640011117
Absolute Error:,0.023597792832549803
Transition Probabilities
0.021311632694149412,0.977659031227621,0.0005146680391147715,0.0005146680391147715
0.00017953321364452406,0.00017953321364452406,0.027816723758901492,0.9718242098138096
0.005187649162122377,0.012757473467788123,0.9715525504415219,0.010502326928567668
0.003140849955771143,0.017507526272423177,0.9627666363256161,0.01658498744618961

0.006877159692243905,0.014479267591376422,0.9550529257660411,0.023590646950338662
0.007164266620430626,0.027396726550592127,0.01653108113024417,0.9489079256987331
0.9836261104277058,0.0004896702504314776,0.0032270671306447157,0.012657152191217895
0.00028280100597685975,0.977966143456877,0.006293414449046954,0.01545764108809922

Transition Gammas
41.40850232473227,1899.5914976752658,1.0,1.0
1.0,1.0,154.93915133708146,5413.060848662924
7.355042543054359,18.087530047826192,1377.4660001076204,14.890186083647574
5.464566686154207,30.460240435702072,1675.0569309236537,28.85517333364051

3.159165167347923,6.6513502478319,438.72326237481116,10.836850306786395
9.207354112334755,35.20965595428147,21.24537316797184,1219.5150955149848
2343.181990529988,1.1664864321367339,7.687479523566127,30.1517118663746
1.4123637151955564,4884.154817402757,31.430546655299597,77.19849269961115

Iteration: ,22500
Error:,0.023292514736195535
Absolute Error:,0.024102127643581564
Transition Probabilities
0.024121256402148752,0.9749587803963793,0.00045998160073597115,0.00045998160073597115
0.0001595150741745094,0.0001595150741745094,0.026662895493866936,0.973018074357784
0.0047771511624162535,0.014930182568549517,0.9672165700520736,0.013076096216960681
0.0031040420017528552,0.01724897400364788,0.9648574801711621,0.014789503823437133

0.00811243089626451,0.014916667126360346,0.9545727817477189,0.022398120229656242
0.007576412612407487,0.027239423454494604,0.015501846100342682,0.9496823178327553
0.9831060812833569,0.0004393411235510387,0.002998290286843987,0.013456287306248049
0.00024997765480209863,0.9784069152600131,0.00582092181352811,0.015522185271656656

Transition Gammas
52.43961141827132,2119.560388581726,1.0,1.0
1.0,1.0,167.14969185105193,6099.850308148952
7.581036648120328,23.693255115262517,1534.9115016333872,20.750937381890793
6.06374507622348,33.69586530255153,1884.848784694734,28.89129107741229

4.144549997063672,7.620758005251398,487.6805325529854,11.442948521730838
11.104124710117784,39.922582169703446,22.719780606109385,1391.8712498496984
2611.164168354494,1.1669054045556517,7.963563965663036,35.74037016157063
1.4136099257490453,5532.837436722158,32.916993557391315,87.77710626456073

Iteration: ,25000
Error:,0.022608507082176443
Absolute Error:,0.02344403031754967
Transition Probabilities
0.023603451962979093,0.9755751928008813,0.00041067761806981573,0.00041067761806981573
0.00014392630972941847,0.00014392630972941847,0.02768717836823675,0.9720249690123044
0.004233803869586317,0.013232041981351738,0.9698379744370275,0.012696179712034515
0.002772970698706677,0.017452269942015004,0.9654111553537537,0.014363604005524574

0.0073246304115549615,0.01519334936522999,0.9572262864195717,0.020255733803643414
0.008030332857093946,0.02638248330520443,0.01497716408879022,0.9506100197489114
0.9822679625783262,0.0003926483572651178,0.0031089039575939287,0.014230485106814824
0.00022684206921041124,0.9785502908371185,0.005475464569030016,0.01574740252464093

Transition Gammas
57.47440552985402,2375.525594470143,1.0,1.0
1.0,1.0,192.37051530250903,6753.629484697494
7.581036648120328,23.693255115262517,1736.5889997318861,22.73374172560809
6.06374507622348,38.16344542665892,2111.095924142968,31.409359322096673

4.144549997063672,8.596965652726135,541.6344552089537,11.461452217981702
12.997295603176962,42.70071245685745,24.240916587576972,1538.586214281746
2920.1470320397257,1.1672893536030178,9.24234222282349,42.305267434432096
1.414447717658302,6101.638158681125,34.14163161948422,98.19112317902737

Iteration: ,27500
Error:,0.0225501485865613
Absolute Error:,0.02290032358502616
Transition Probabilities
0.024452777620028232,0.9748006751608601,0.0003732736095558047,0.0003732736095558047
0.00013083867591259964,0.00013083867591259964,0.02729155387869943,0.9724467687694754
0.003901683382273024,0.013191574508928662,0.9712019823155436,0.011704759793254771
0.002548720831320166,0.017453614634375402,0.9650726939171062,0.014924970617198339

0.006595674418141693,0.013681289034877447,0.960538443247805,0.019184593299175923
0.007354537843143451,0.0269974075947567,0.014879299928933009,0.9507687546331668
0.983007612816403,0.00035658007273652536,0.002848145918989034,0.013787661191871288
0.00020598347311718667,0.9786594922589975,0.0051316984981331195,0.016002825769752167

Transition Gammas
65.5089912440556,2611.4910087559424,1.0,1.0
1.0,1.0,208.58934629489994,7432.4106537051075
7.581036648120328,25.63145186330758,1887.061839541657,22.74254578248617
6.131228089752635,41.98658833049631,2321.588436397299,35.90365722380838

4.144549997063672,8.596965652726135,603.5773371699972,12.055098699697398
13.159710890596035,48.30732893349667,26.624009488478375,1701.2410842986085
3219.1214722492277,1.167716865827294,9.327015950210164,45.15138602811604
1.415323151304467,6724.42024438544,35.2601671387012,109.95624772933392

Iteration: ,30000
Error:,0.021887043229044622
Absolute Error:,0.022490852000022665
Transition Probabilities
0.025281670539700922,0.9740308079752527,0.0003437607425232041,0.0003437607425232041
0.00011940298507462671,0.00011940298507462671,0.026363246904242122,0.9733979471256086
0.003600812255848741,0.012174330541915891,0.9729524369704446,0.011272420231790696
0.0027165595910974933,0.0171415355452928,0.9657566780759708,0.014385226787638976

0.006098523691996537,0.012650058208870813,0.9616413155075093,0.019610102591623393
0.006884789848726048,0.02915799050753567,0.014603310577483758,0.9493539090662546
0.984042575825197,0.00032913767573880347,0.002628267921981261,0.01300001857708289
0.0001877156477874105,0.9787761718284471,0.004817559176491743,0.01621855334727375

Transition Gammas
73.54437959998994,2833.4556204000082,1.0,1.0
1.0,1.0,220.79219282302807,8152.207807176982
7.581036648120328,25.63145186330758,2048.42339935114,23.732598319007742
7.089873336975033,44.73721696209226,2520.50149915179,37.543603380633634

4.144549997063672,8.596965652726135,653.5303809007842,13.32700416417062
13.401571909303872,56.757419631311656,28.426040753336842,1847.9626770429827
3492.1024312805757,1.1680210855812472,9.327015950210164,46.13356941558604
1.4160026740783063,7383.239985420972,36.340479639547134,122.34203797133594

Iteration: ,32500
Error:,0.022185686995240452
Absolute Error:,0.02316866271624344
Transition Probabilities
0.02630074326830709,0.9730623140565338,0.00031847133757961803,0.00031847133757961803
0.00011015642211940943,0.00011015642211940943,0.026768254153468445,0.9730114330022928
0.00341968353671757,0.013456490387564593,0.9721809079685625,0.010942918107155399
0.0025249681054712943,0.01649254708247702,0.965595963268611,0.0153865215434407

0.00562027134476235,0.01427772775270393,0.9593907350827918,0.020711265819741864
0.007180718731125852,0.02903166964265104,0.014375631488525092,0.9494119801376979
0.9836966950795913,0.0003046964008032828,0.0027333310234421097,0.013265277496163397
0.00017258354390170284,0.9783745017476217,0.004690597203550051,0.016762317504926606

Transition Gammas
82.58433386248421,3055.415666137514,1.0,1.0
1.0,1.0,243.00221120518682,8832.997788794824
7.725165028659126,30.398604968658294,2196.185077107351,24.720371743527032
7.1122296952028785,46.45555041085576,2719.8522898748424,43.34014167941809

4.144549997063672,10.528807754218342,707.4823659494384,15.273084060681722
15.245351406772778,61.63700629423741,30.52083808642246,2015.6922738470514
3772.0690885545814,1.1683844020345184,10.48119152365255,50.86684081044728
1.416675947188971,8031.122739942611,38.503417452164406,137.5958071755639

Iteration: ,35000
Error:,0.022399512438089225
Absolute Error:,0.023047405342577335
Transition Probabilities
0.025141588046970698,0.974264234888264,0.0002970885323826502,0.0002970885323826502
0.0001019160211985323,0.0001019160211985323,0.026211882912838384,0.9735842850447646
0.004010823259490722,0.013643227155612971,0.9701948331110862,0.012151116473810205
0.0023501531697686672,0.01614907152706834,0.9663370661395898,0.01516370916357316

0.00534530839130881,0.013579212334022654,0.9601440749400014,0.020931404334667177
0.007160867129020742,0.028404289257663914,0.014065890854119112,0.9503689527591963
0.983091991264014,0.00028491981774014476,0.0026186741921229418,0.014004414726122936
0.00015962053562676396,0.9780906089567107,0.004458993688693713,0.017290776818968515

Transition Gammas
84.62658536610333,3279.3734146338948,1.0,1.0
1.0,1.0,257.1909951407705,9552.80900485924
9.779743853512887,33.26680291919124,2365.6631923075283,29.62853233855877
7.133549979468238,49.01817053553535,2933.1763763287004,46.02724562123636

4.144549997063672,10.528807754218342,744.459408449384,16.22941941288857
16.269809895934596,64.53581362771722,31.958332153103154,2159.2807007585216
4032.0574099033724,1.1685712756853797,10.740240765155884,57.43776235550628
1.4171886309768997,8683.963411323786,39.589111365911975,153.51591342794873

Iteration: ,37500
Error:,0.02270484087400133
Absolute Error:,0.023135738840584882
Transition Probabilities
0.02469579918085237,0.9747470977550808,0.0002785515320334264,0.0002785515320334264
9.48316737790422e-05,9.48316737790422e-05,0.02573548227912597,0.9740748543733159
0.004130632549029249,0.013135176674775446,0.9702355086975085,0.012498682078686686
0.002210387991753682,0.017326937339042805,0.9652351533310006,0.015227521338202826

0.005103204981131236,0.014817937547379091,0.9586875421200555,0.021391315351434147
0.007538861901849452,0.027504219713966115,0.013676155127658227,0.9512807632565262
0.9830643104084138,0.0002666685551493439,0.0024864256232951516,0.014182595413141777
0.00014866868032417554,0.9783966087379389,0.004307629765011625,0.017147092816725353

Transition Gammas
88.65791905925992,3499.342080940737,1.0,1.0
1.0,1.0,271.38066063338334,10271.619339366616
10.770662091114794,34.25009312540944,2529.897948786956,32.59042765385745
7.188294489077138,56.348083979595664,3138.993950038591,49.520676065048825

4.255320941730975,12.355976330906945,799.4041371341807,17.837204761065845
18.21150745411036,66.44150123210278,33.03726799794762,2297.993641022658
4309.032283164146,1.1688791881437286,10.89866468249079,62.166087047646116
1.4176753265406252,9329.797834717478,41.07671111637573,163.51130819999986

Iteration: ,40000
Error:,0.022467450012520727
Absolute Error:,0.022988521706182388
Transition Probabilities
0.023808709560445885,0.975666218242127,0.0002625360987135732,0.0002625360987135732
8.897588753447818e-05,8.897588753447818e-05,0.025231674368272207,0.9745903738566588
0.003899366855288265,0.01332426488010263,0.9703650796827635,0.012411288581845668
0.002076913458513074,0.016563781126645978,0.9649411684547572,0.016418136960083637

0.0048274516472206885,0.01573326127150782,0.9596613214570978,0.019777965624173645
0.0071295622725450715,0.028305067360265362,0.013367042450623715,0.9511983279165659
0.9828684930061409,0.00025009134892172677,0.0025713558444007815,0.014310059800536725
0.0001391615251302648,0.9777269642516345,0.00413298379241725,0.018000890430818022

Transition Gammas
90.68737471573834,3716.3126252842603,1.0,1.0
1.0,1.0,283.57878822501124,10953.421211774985
10.857987408368682,37.102100331421155,2702.0314342640168,34.55987090841389
7.188294489077138,57.328020145910045,3339.706454814387,56.82393888264169

4.35808570302461,14.203539676836556,866.3548783954683,17.854983440641593
18.391546776870776,73.01625969148974,34.481862574615626,2453.7282757632574
4595.005958419323,1.1692014207614656,12.021339080775805,66.90092369090954
1.41826690282183,9964.519949724103,42.121370236475215,183.45636191794742

Iteration: ,42500
Error:,0.022461032188662154
Absolute Error:,0.023178758117654796
Transition Probabilities
0.02392357906653155,0.9755817387667606,0.00024734108335394505,0.00024734108335394505
8.374507997655139e-05,8.374507997655139e-05,0.02535448476287956,0.9744780250771673
0.003686212312738903,0.013142431660032346,0.9698621765375812,0.013309179489647592
0.0022259497392501494,0.016889914348009735,0.9640113045156301,0.01687283139710992

0.0044995027622027626,0.017686267533441703,0.958433598084587,0.019380631619768655
0.00746330183940004,0.02800276664405465,0.012875669859593456,0.9516582616569518
0.9836816660841617,0.00023540505045418472,0.002419729631540271,0.013663199233843704
0.00013107653212923793,0.9778554977225536,0.003947678563249612,0.018065747182067497

Transition Gammas
96.72303016598707,3944.2769698340135,1.0,1.0
1.0,1.0,302.7579025535448,11636.242097446453
10.93490712130802,38.98616177205821,2877.032552969848,39.480808274979694
8.192936613633698,62.16582307449635,3548.1859151875997,62.10294675189656

4.35808570302461,17.130397235188365,928.310522708964,18.771508329145085
20.409583408676916,76.5780098130793,35.210562777276735,2602.4605577798
4886.980223494191,1.1695041859017685,12.021339080775805,67.87946420843662
1.4186545764154972,10583.429042426711,42.72612472268935,195.5274105889212

Iteration: ,43974
Error:,0.02327170061590233
Absolute Error:,0.023102643048573134
Transition Probabilities
0.023307453205151586,0.9762156750733415,0.00023843586075345726,0.00023843586075345726
8.106355382619982e-05,8.106355382619982e-05,0.025524100734121664,0.974313772158226
0.0035923672847188665,0.013985488650768913,0.968888386209618,0.013533757854894152
0.002648771324237805,0.017034761848915798,0.9640463191265275,0.016270147700318902

0.004355671137751101,0.01712090626481649,0.9597534861276152,0.018769936469817127
0.008467609798630503,0.027585724397392864,0.012796946437090173,0.9511497193668865
0.9834920709900583,0.00022720683280098505,0.002357650121365018,0.013923072055775913
0.00012689820029374715,0.9779865679179518,0.0038466433275467435,0.018039890554207853

*,*,*,*,*,*,*,*,*,*,*
Model Num 2
Model States: 
"['diamond', 'x', 'diamond']","['diamond', 'x', 'square']","['square', 'y', 'diamond', 'x', 'diamond']","['square', 'y', 'diamond', 'x', 'square']"
Iteration: ,43974
Error:,0.023018430417279065
Absolute Error:,0.023102643048573134
Transition Probabilities
0.023307453205151586,0.9762156750733415,0.00023843586075345726,0.00023843586075345726
8.106355382619982e-05,8.106355382619982e-05,0.025524100734121664,0.974313772158226
0.0035923672847188665,0.013985488650768913,0.968888386209618,0.013533757854894152
0.002648771324237805,0.017034761848915798,0.9640463191265275,0.016270147700318902

0.004355671137751101,0.01712090626481649,0.9597534861276152,0.018769936469817127
0.008467609798630503,0.027585724397392864,0.012796946437090173,0.9511497193668865
0.9834920709900583,0.00022720683280098505,0.002357650121365018,0.013923072055775913
0.00012689820029374715,0.9779865679179518,0.0038466433275467435,0.018039890554207853

Transition Gammas
97.75145874240577,4094.248541257595,1.0,1.0
1.0,1.0,314.8653066561246,12019.134693343865
11.002430017870752,42.83369375964368,2967.4378535137166,41.45016694442326
10.114254473883367,65.04673116374536,3681.182179462794,62.12707479232719

4.35808570302461,17.130397235188365,960.2855252475222,18.780341579696334
24.110816470112823,78.54806184482241,36.4382434075372,2708.3199231692693
5062.966618650039,1.1696490942144224,12.137061614447894,71.67525913705633
1.4189132891469196,10935.364998193321,43.01127457623482,201.71318728609887

