0,1,2,3,4,5,6,7,8,9,10,11,12,13,14,15,16,17,18,19,20,21,22,23,24,25,26,27,28,29
github Code Version (SHA):,ddb97f21bb9c22f159e8ea0ce9d830001061547e
Environment Observations,Environment Actions,alpha,epsilon,numActions,explore,patience,gainThresh,insertRandActions,useBudd,revisedSplitting,haveControl,confidence_factor
"['square', 'diamond']","['x', 'y']",0.99,0.99,75000,0.5,0,0.01,False,True,False,False,250

Model Num 0
Model States: 
['square'],['diamond']
Iteration: ,0
Error:,0.6757011051217714
Absolute Error:,1
Transition Probabilities
0.5,0.5
0.5,0.5

0.5,0.5
0.5,0.5

Transition Gammas
1.0,1.0
1.0,1.0

1.0,1.0
1.0,1.0

Iteration: ,2500
Error:,0.2595619368381914
Absolute Error:,1
Transition Probabilities
0.9866310160427807,0.013368983957219251
0.9821073558648111,0.017892644135188866

0.21072319201995013,0.7892768079800498
0.33112582781456956,0.6688741721854304

Transition Gammas
738.0,10.0
494.0,9.0

169.0,633.0
150.0,303.0

Iteration: ,2745
Error:,0.252603364313274
Absolute Error:,1
Transition Probabilities
0.9865853658536585,0.013414634146341463
0.9835766423357665,0.016423357664233577

0.21630804077010193,0.7836919592298981
0.33,0.67


Model Num 1
Model States: 
['diamond'],"['square', 'y', 'diamond']","['square', 'y', 'square']"
Iteration: ,0
Error:,0.6174825951950943
Absolute Error:,1
Transition Probabilities
0.3333333333333333,0.3333333333333333,0.3333333333333333
0.3333333333333333,0.3333333333333333,0.3333333333333333
0.3333333333333333,0.3333333333333333,0.3333333333333333

0.3333333333333333,0.3333333333333333,0.3333333333333333
0.3333333333333333,0.3333333333333333,0.3333333333333333
0.3333333333333333,0.3333333333333333,0.3333333333333333

Transition Gammas
1.0,1.0,1.0
1.0,1.0,1.0
1.0,1.0,1.0

1.0,1.0,1.0
1.0,1.0,1.0
1.0,1.0,1.0

Iteration: ,2500
Error:,0.1258484136433855
Absolute Error:,1
Transition Probabilities
0.010101010101010104,0.9692562469059917,0.020642742992998193
0.013748419114402975,0.9628832275581735,0.023368353327423555
0.024987448909604606,0.9555028748625435,0.019509676227851876

0.6547368421052633,0.00803714033680386,0.33722601755793286
0.9969135802469136,0.0015432098765432098,0.0015432098765432098
0.0019417475728155343,0.028844288305748842,0.9692139641214356

Transition Gammas
5.0,479.7818422184658,10.218157781534103
2.9102544005596336,203.82235418547788,4.946594407623279
3.8828698145491933,148.4782733899926,3.031663343897267

311.0,3.8176416599818337,160.18235834001808
646.0,1.0,1.0
1.0,14.85480847746065,499.1451915225392

Iteration: ,5000
Error:,0.1253991344402271
Absolute Error:,1
Transition Probabilities
0.016068052930056722,0.9647667113399687,0.019165235729974646
0.023094587434532056,0.955686740652199,0.021218671913268917
0.020237362202574403,0.9692121171198514,0.01055052067757408

0.6765957446808512,0.008338886070233507,0.3150653692489154
0.9984962406015038,0.0007518796992481203,0.0007518796992481203
0.0010471204188481674,0.029298518361048968,0.969654361220103

Transition Gammas
17.0,1020.7231805976862,20.276819402313162
9.707618552216282,401.71500616591885,8.919092999714957
5.830114046375852,279.21707984350377,3.039464243570177

636.0,7.838552906019496,296.1614470939804
1328.0,1.0,1.0
1.0,27.980085034801768,926.0199149651984

Iteration: ,7500
Error:,0.123423463232614
Absolute Error:,1
Transition Probabilities
0.01702395964691048,0.9651219541228191,0.01785408623027033
0.02043799514645226,0.9571325176309986,0.022429487222549074
0.01762348512139077,0.968950237903866,0.01342627697474317

0.6758087201125177,0.006934171428364255,0.3172571084591181
0.999000499750125,0.0004997501249375312,0.0004997501249375312
0.0007067137809187275,0.029741432641321574,0.9695518535777596

Transition Gammas
27.0,1530.68341923879,28.31658076120872
12.646532809189043,592.2502525431554,13.878819523180665
7.767268039293651,427.04925630185176,5.917415954580334

961.0,9.860391771133969,451.1396082288658
1999.0,1.0,1.0
1.0,42.08412718747005,1371.9158728125308

Iteration: ,10000
Error:,0.12486611274235551
Absolute Error:,1
Transition Probabilities
0.01711026615969583,0.965609512090967,0.01728022174933723
0.01910534870848005,0.9529495134189673,0.02794513787255266
0.0193529816317266,0.9660449983591182,0.014602020009155241

0.6713985278654049,0.006770871016945074,0.3218306011176501
0.9992500937382827,0.0003749531308586427,0.0003749531308586427
0.0005307855626326958,0.03036974917498244,0.9690994652623849

Transition Gammas
36.0,2031.6424134393933,36.357586560605505
15.588194990023693,777.5185398332806,22.80064419798295
11.647941904181476,581.4316487163533,8.788489752478595

1277.0,12.878196674229532,612.1218033257705
2665.0,1.0,1.0
1.0,57.21660744566697,1825.7833925543348

Iteration: ,12213
Error:,0.1289843999827829
Absolute Error:,1
Transition Probabilities
0.01710421638822594,0.9664307144842128,0.016465069127561228
0.01899261488200019,0.9568553955689718,0.02415198954902793
0.019392271366154994,0.9638010319026679,0.016806696731177045

0.6692079627276578,0.006309792271400006,0.3244822450009423
0.9993784959602238,0.00031075201988812925,0.00031075201988812925
0.0004332755632582317,0.030035432863029926,0.969531291573712


Model Num 2
Model States: 
"['square', 'y', 'diamond']","['square', 'y', 'square']","['diamond', 'y', 'diamond']","['diamond', 'y', 'square', 'y', 'square']"
Iteration: ,0
Error:,0.6758037366384568
Absolute Error:,0.74
Transition Probabilities
0.25,0.25,0.25,0.25
0.25,0.25,0.25,0.25
0.25,0.25,0.25,0.25
0.25,0.25,0.25,0.25

0.25,0.25,0.25,0.25
0.25,0.25,0.25,0.25
0.25,0.25,0.25,0.25
0.25,0.25,0.25,0.25

Transition Gammas
1.0,1.0,1.0,1.0
1.0,1.0,1.0,1.0
1.0,1.0,1.0,1.0
1.0,1.0,1.0,1.0

1.0,1.0,1.0,1.0
1.0,1.0,1.0,1.0
1.0,1.0,1.0,1.0
1.0,1.0,1.0,1.0

Iteration: ,2500
Error:,0.042217128910317765
Absolute Error:,0.04423680240072182
Transition Probabilities
0.9444730151435405,0.03154997158229376,0.017890553712318936,0.006086459561846787
0.955965595389315,0.030239291301204178,0.00996503346450046,0.0038300798449803337
0.9469682624923619,0.024283042812661037,0.009544744148687464,0.019203950546289556
0.8867607260786994,0.018610357803110784,0.07113031525302865,0.02349860086516132

0.002109704641350211,0.002109704641350211,0.9434712105808569,0.05230938013644262
0.031085139218485318,0.9663670900808777,0.0012738853503184724,0.0012738853503184724
0.003003003003003004,0.003003003003003004,0.029196071288655707,0.9647979227053383
0.028502786551125096,0.9645285723338922,0.0034843205574912905,0.0034843205574912905

Transition Gammas
155.17609302196092,5.183632826555853,2.9394023784313927,1.0
249.5941688114399,7.895211725373168,2.601782173695553,1.0
122.01520669270072,3.128827654811119,1.2298236131651141,2.474395487188593
55.440934493871914,1.1635332931718196,4.447119761280039,1.469149854013076

1.0,1.0,447.20535381532625,24.7946461846738
24.401834286510955,758.5981657134884,1.0,1.0
1.0,1.0,9.722291739122348,321.27770826087755
8.180299740172899,276.81970025982696,1.0,1.0

Iteration: ,5000
Error:,0.03074778086941154
Absolute Error:,0.03218127089390342
Transition Probabilities
0.9523703372451187,0.02282852649129591,0.015396136747116266,0.00940499951646924
0.9608803321520402,0.021032553680581788,0.014198112177031222,0.0038890019903467265
0.9627071436791904,0.01580443189508656,0.005275853424722187,0.01621257100100079
0.9367204430974428,0.0167566578514154,0.034970161465861245,0.011552737585280545

0.0010672358591248664,0.0010672358591248664,0.9528713776159946,0.04499415066575561
0.022802601253276347,0.9759145251097769,0.0006414368184733808,0.0006414368184733808
0.0015151515151515154,0.0015151515151515154,0.028456678471925408,0.9685130184977716
0.027208326267395465,0.9692202451611759,0.0017857142857142854,0.0017857142857142854

Transition Gammas
340.307563752846,8.157247165837257,5.501454195615392,3.3606595537241954
495.6735814644453,10.849718597994556,7.324147323383297,2.0061556890858516
248.86924047951592,4.085600681125857,1.3638598646665936,4.191108643714229
119.12178321968291,2.1309270858467424,4.447119761280039,1.469149854013076

1.0,1.0,892.8404808261871,42.15951917381301
35.5492553538578,1521.4507446461414,1.0,1.0
1.0,1.0,18.781407791470766,639.2185922085291
15.236662709741463,542.7633372902586,1.0,1.0

Iteration: ,7500
Error:,0.025754999296837888
Absolute Error:,0.028380782091789014
Transition Probabilities
0.9610778043576612,0.02165485812843486,0.010719278616803274,0.00654805889710071
0.9549568273307337,0.020363026499176477,0.019437439377016356,0.005242706793073486
0.9641789523037966,0.011169254230250041,0.008613800773454633,0.016037992692498716
0.9523834354268382,0.011243089346154072,0.028100539272099823,0.008272935954907799

0.0007267441860465113,0.0007267441860465113,0.9568152947606852,0.041731216867221796
0.020970318485539097,0.9782018669449244,0.00041390728476821176,0.00041390728476821176
0.0010121457489878543,0.0010121457489878543,0.027163311150064304,0.9708123973519599
0.02311176298384993,0.9744901554813779,0.001199040767386091,0.001199040767386091

Transition Gammas
493.25385672950085,11.113920475896931,5.501454195615392,3.3606595537241954
738.7346205337818,15.75241123290972,15.036396401777358,4.055648279071031
353.42213518508663,4.094117247683138,3.1574095805962763,5.878765148235432
180.78659266413692,2.1342242402595812,5.334196877070688,1.5704136033677405

1.0,1.0,1316.5778455907034,57.42215440929722
50.66428946106248,2363.335710538938,1.0,1.0
1.0,1.0,26.83735141626353,959.1626485837363
19.275210328530843,812.7247896714692,1.0,1.0

Iteration: ,10000
Error:,0.022783602914663907
Absolute Error:,0.02596626133213121
Transition Probabilities
0.9673651141925218,0.016571785602580998,0.010674017201305543,0.005389083003591588
0.9558376861846473,0.019030801457176044,0.02099419289913134,0.004137319459045351
0.9662021034838055,0.014688441326990476,0.006677203430103286,0.012432251759100644
0.9572395185881934,0.0159023093074792,0.020749436650861163,0.00610873545346604

0.0005473453749315818,0.0005473453749315818,0.9569627596852083,0.041942549564928586
0.02059087963254494,0.978792217221249,0.0003084515731030231,0.0003084515731030231
0.0007564296520423602,0.0007564296520423602,0.023360716100359186,0.9751264245955561
0.0218137011417185,0.9763909667218362,0.0008976660682226213,0.0008976660682226213

Transition Gammas
649.5087169147839,11.126635688846179,7.166753395416055,3.6183405165812426
989.3356174202336,19.69774783079646,21.72994755731907,4.282314414508931
456.88225770962515,6.945636126762222,3.1574095805962763,5.878765148235432
246.08398466807876,4.088113334038259,5.334196877070688,1.5704136033677405

1.0,1.0,1748.3709619448753,76.62903805512451
66.75563176871064,3173.2443682312864,1.0,1.0
1.0,1.0,30.882866684674838,1289.117133315325
24.300463071874404,1087.6995369281253,1.0,1.0

Iteration: ,12500
Error:,0.021724983524934304
Absolute Error:,0.02457141512361949
Transition Probabilities
0.9653469780071656,0.016432201875103743,0.013693532131551226,0.004527287986179423
0.9564341213948274,0.018529956245230912,0.02165477337102338,0.0033811489889183587
0.972865701496181,0.011800630977855529,0.0053578721311882335,0.009975795394775156
0.9593034004183603,0.017716349114671223,0.015600956338874518,0.007379294128094083

0.0004384042086804031,0.0004384042086804031,0.9597337711598624,0.03938942042277676
0.02020652585311008,0.979299646986396,0.0002469135802469138,0.0002469135802469138
0.0006027727546714888,0.0006027727546714888,0.022866433876330437,0.9759280206143265
0.021392475486606142,0.9771487353084339,0.0007293946024799421,0.0007293946024799421

Transition Gammas
827.4287781945591,14.084548903474694,11.737150287834913,3.880478679979397
1220.3430229585642,23.64292773935879,27.62997576721567,4.314109551207233
573.3125784501187,6.954146047957121,3.1574095805962763,5.878765148235432
327.99996945854326,6.057480840779717,5.334196877070688,2.5230894079859474

1.0,1.0,2189.1527320156474,89.84726798435385
81.83642970509574,3966.1635702949,1.0,1.0
1.0,1.0,37.935413800832194,1619.0645861991677
29.329083892137,1339.670916107862,1.0,1.0

Iteration: ,15000
Error:,0.021560310652000446
Absolute Error:,0.024976842652560248
Transition Probabilities
0.96662365343536,0.016429804937190973,0.013201197818914169,0.00374534380853478
0.9593034461780777,0.019256649661699765,0.017996168246593072,0.0034437359136294072
0.9713048661760811,0.01228811674926951,0.006203345963951696,0.010203671110697572
0.9538165616682185,0.01966316239090802,0.020344951236238758,0.006175324704634791

0.0003637686431429611,0.0003637686431429611,0.9610503252073684,0.038222137506345705
0.020510379735899878,0.9790749406041374,0.0002073398299813395,0.0002073398299813395
0.0005015045135406218,0.0005015045135406218,0.0245610429211919,0.9744359480517268
0.0209030418481153,0.9778804131397192,0.0006082725060827256,0.0006082725060827256

Transition Gammas
1001.50017474287,17.022604875340313,13.67750714093388,3.880478679979397
1472.8430301447443,29.565225009010064,27.62997576721567,5.287255516756137
698.2444662748372,8.833590585101781,4.459415516747137,7.335139704161044
389.70654645907916,8.033896050643659,8.312458603450942,2.5230894079859474

1.0,1.0,2641.9273439950557,105.07265600494433
98.92156146624508,4722.078438533753,1.0,1.0
1.0,1.0,48.97471958485665,1943.0252804151435
34.364600798301524,1607.6353992016968,1.0,1.0

Iteration: ,17500
Error:,0.02107660288690135
Absolute Error:,0.024195534659124815
Transition Probabilities
0.9694051929643045,0.01548703883362579,0.011944843830047555,0.0031629243720221662
0.9624329632169096,0.017033516858580205,0.017568214118073345,0.0029653058064367773
0.9699778771949826,0.012015162311588789,0.006451743747966718,0.011555216745461904
0.9541055857594686,0.020323145723258863,0.01852521566325121,0.007046052854021305

0.00031250000000000006,0.00031250000000000006,0.9624291274297956,0.03694587257020448
0.018928933629686413,0.9807139235131708,0.0001785714285714286,0.0001785714285714286
0.00042607584149978705,0.00042607584149978705,0.02429913552327357,0.9748487127937269
0.022106851530625124,0.9768503956018045,0.0005213764337851936,0.0005213764337851936

Transition Gammas
1189.3285267375131,19.000493512108765,14.654701272085344,3.880478679979397
1727.4254469582977,30.57265450920877,31.53235735373732,5.322287269682419
789.5215665512474,9.779841369213194,5.251450523399884,9.405464847403305
469.81062699207985,10.007309439547422,9.121991649370424,3.4695431601860647

1.0,1.0,3079.7732077753453,118.22679222465432
106.00202832624389,5491.997971673755,1.0,1.0
1.0,1.0,57.030071073123054,2287.9699289268765
42.40094123573894,1873.5990587642589,1.0,1.0

Iteration: ,20000
Error:,0.021271444646490306
Absolute Error:,0.02489345943624351
Transition Probabilities
0.9693946022298291,0.016540403845509644,0.011267670005173761,0.0027973239194874367
0.9648010105009316,0.01631103284167147,0.01628607870763162,0.002601877949765448
0.9689954549697647,0.012440210064806627,0.0075476083587316676,0.011016726606696906
0.9489332075007465,0.02499461805963197,0.019863499897047547,0.006208674542574125

0.0002727768685215494,0.0002727768685215494,0.9616992418091984,0.037755204453758504
0.019549937414341845,0.980137464898881,0.0001562988433885589,0.0001562988433885589
0.0003732736095558043,0.0003732736095558043,0.023542705860425714,0.9757107469204627
0.02248997149861344,0.9766001103940163,0.0004549590536851689,0.0004549590536851689

Transition Gammas
1344.7549138782726,22.945031154100374,15.630636453475796,3.880478679979397
1983.1625943837143,33.52756667467849,33.47627308702213,5.348198197312774
907.0938890592137,11.645502020183491,7.0654504973208185,10.312953823589012
530.2846359526875,13.96753937343686,11.100158291850923,3.4695431601860647

1.0,1.0,3525.589420472521,138.41057952747866
125.08049957695916,6270.919500423042,1.0,1.0
1.0,1.0,63.07090900008051,2613.9290909999204
49.432957353952276,2146.567042646045,1.0,1.0

Iteration: ,22500
Error:,0.020921504073500827
Absolute Error:,0.024653489985935008
Transition Probabilities
0.9692080958561092,0.01650101110060059,0.011754096946119872,0.0025367960971702645
0.965908985017711,0.01589121741688735,0.015859910195349436,0.002339887370052036
0.9665630041415433,0.01182888758541766,0.010928578807682297,0.010679529465356863
0.952540263542176,0.023279424570067448,0.01878678069275003,0.005393531195006541

0.00024224806201550387,0.00024224806201550387,0.9618192208974524,0.03769628297851667
0.019049778072896855,0.9806724441493254,0.0001388888888888888,0.0001388888888888888
0.0003322259136212626,0.0003322259136212626,0.023628783871125925,0.9757067643016315
0.022616773656369247,0.9765675656584757,0.00040783034257748805,0.00040783034257748805

Transition Gammas
1521.685974159555,25.907085649192542,18.454287101288998,3.9828464669983377
2217.36075705982,36.48020924193539,36.40833973297801,5.371494116703096
1027.5431184886372,12.575167873890255,11.618058937263278,11.353297160975444
612.7487608182046,14.975155490881882,12.085133857164505,3.4695431601860647

1.0,1.0,3970.3897438646836,155.6102561353168
137.15840212485742,7060.841597875146,1.0,1.0
1.0,1.0,71.12263945208902,2936.87736054791
55.45632900541735,2394.5436709945807,1.0,1.0

Iteration: ,25000
Error:,0.020882243046557825
Absolute Error:,0.02411071833610001
Transition Probabilities
0.968436967004967,0.017062342181702085,0.012224803513925504,0.0022758872994053667
0.9667195325076807,0.015410880121358935,0.015379388642129522,0.0024901987288308528
0.9679206278614301,0.012076753855109581,0.010130204779173698,0.009872413504286642
0.954923042818168,0.022148271903429585,0.0181191315487484,0.004809553729654065

0.00021668472372697717,0.00021668472372697717,0.9619022595243345,0.03766437102821157
0.019355572623065687,0.9803918064346582,0.00012631047113805723,0.00012631047113805723
0.00029779630732578924,0.00029779630732578924,0.023873963607070475,0.9755304437782779
0.02142476231760096,0.9778426369497982,0.00036630036630036673,0.00036630036630036673

Transition Gammas
1694.7832845475666,29.859426384981482,21.393640844126345,3.9828464669983377
2473.066110737149,39.42418052307511,39.343618884005686,6.370437213880727
1157.9214021864514,14.447395122331347,12.118742575259997,11.810347417747776
688.8678031157255,15.977446060886916,13.070881929412032,3.4695431601860647

1.0,1.0,4439.178927704806,173.82107229519644
153.2380684568112,7761.761931543196,1.0,1.0
1.0,1.0,80.16876979254263,3275.8312302074564
58.48960112705055,2669.510398872946,1.0,1.0

Iteration: ,27500
Error:,0.02077637267279181
Absolute Error:,0.02405337385044158
Transition Probabilities
0.9680017935915339,0.016669951645922595,0.012708983724017934,0.0026192710385255715
0.9663290937914099,0.014673846635552606,0.01672475922496673,0.002272300348070884
0.9688975364700149,0.012612586642571366,0.009364086068976806,0.009125790818436908
0.954632325320921,0.022362351786679117,0.017499845705629975,0.005505477186769884

0.00019758940920766634,0.00019758940920766634,0.962859386224402,0.03674543495718258
0.019073045550955493,0.9806975966508794,0.00011467889908256854,0.00011467889908256854
0.000268961807423346,0.000268961807423346,0.02588119685489013,0.9735808795302632
0.02014630066764723,0.9791879203709679,0.00033288948069241036,0.00033288948069241036

Transition Gammas
1849.1881095611059,31.844854601174625,24.278159134255066,5.003632113313078
2725.933470111278,41.3936928279704,47.17914553520653,6.409969039273266
1253.9205363761355,16.322862648163017,12.118742575259997,11.810347417747776
766.7693673197492,17.961644369720396,14.05603525460784,4.422049355885501

1.0,1.0,4873.031353681702,185.96864631830115
166.31695720433228,8551.683042795688,1.0,1.0
1.0,1.0,96.22628990648144,3619.7737100935165
60.519487205612236,2941.4805127943855,1.0,1.0

Iteration: ,30000
Error:,0.0205040665146045
Absolute Error:,0.023734978675221063
Transition Probabilities
0.9690491367855119,0.01633827549391937,0.01219624142050836,0.002416346300060453
0.9659613020900344,0.014719692255957522,0.016592117625971632,0.002726888028036518
0.9686959159263271,0.011602704940980181,0.01036656418552141,0.009334814947171246
0.9555133087880855,0.021949910255086646,0.017416437385875748,0.005120343570951971

0.00018148820326678775,0.00018148820326678775,0.9622250931198402,0.03741193047362624
0.01970863178340692,0.9800821413100128,0.00010461345329009298,0.00010461345329009298
0.00024734108335394526,0.00024734108335394526,0.025047973939023506,0.9744573438942686
0.018740857790434412,0.9806501288112709,0.00030450669914738155,0.00030450669914738155

Transition Gammas
2006.6516873334738,33.83236911674696,25.25528117879792,5.003632113313078
2973.9752370744172,45.31858592249641,51.083357939391185,8.395468278189279
1363.2777661660905,16.32886999249692,14.589208267839808,13.137193477877018
825.2038077360514,18.95645969069307,15.04124570096244,4.422049355885501

1.0,1.0,5301.860263090317,206.13973690968047
188.39481121758695,9368.605188782423,1.0,1.0
1.0,1.0,101.26895863547196,3939.7310413645255
61.54497698378655,3220.4550230162104,1.0,1.0

Iteration: ,32500
Error:,0.020500891740560155
Absolute Error:,0.023286844279610787
Transition Probabilities
0.9695140404074919,0.015611196181505646,0.012585313742394416,0.0022894496686080945
0.9674768899474977,0.013850902177863984,0.015572976040618402,0.0030992318340199673
0.9697001185590933,0.011387529312914608,0.010245044577550124,0.008667307550441929
0.9549769356130517,0.02331571277870424,0.01599044640820874,0.005716905200035267

0.00016733601070950468,0.00016733601070950468,0.9621307299397475,0.037534598038833564
0.01918935185653283,0.980617280648543,9.668374746205163e-05,9.668374746205163e-05
0.000227998176014592,0.000227998176014592,0.02378473712594815,0.9757592665220227
0.019509399912001176,0.9799297475922052,0.00028042624789680336,0.00028042624789680336

Transition Gammas
2163.1549206795135,34.831301487417036,28.08003001040975,5.10816152205093
3234.7712407680156,46.310666941178205,52.06844272228092,10.362320908465884
1469.79185853184,17.260282382748414,15.52859778212073,13.137193477877018
898.2890383807095,21.931680682631143,15.04124570096244,5.3775469156819415

1.0,1.0,5749.693242119931,224.30675788006937
198.47546625211908,10142.524533747881,1.0,1.0
1.0,1.0,104.31985703440854,4279.68014296559
69.57052008619614,3494.429479913801,1.0,1.0

Iteration: ,34676
Error:,0.020572048277062032
Absolute Error:,0.02283506024198311
Transition Probabilities
0.9698205410128661,0.015438052334360821,0.012586196474084217,0.002155210178688839
0.9676417555719348,0.014334096115346206,0.015103278516856463,0.0029208697958625603
0.9696565322613845,0.010737959797318923,0.010950442275020242,0.008655065666276373
0.9576455778318739,0.021938916010928372,0.015038824772117538,0.005376681385080168

0.00015705983979896342,0.00015705983979896342,0.9619211541315612,0.03776472618884086
0.01896316874829672,0.9808558357765901,9.049773755656108e-05,9.049773755656108e-05
0.0002138579982891362,0.0002138579982891362,0.023386632938762284,0.9761856510646595
0.01907310737924236,0.9804014065461386,0.0002627430373095115,0.0002627430373095115

*,*,*,*,*,*,*,*,*,*,*
Model Num 2
Model States: 
"['square', 'y', 'diamond']","['square', 'y', 'square']","['diamond', 'y', 'diamond']","['diamond', 'y', 'square', 'y', 'square']"
Iteration: ,34676
Error:,0.019544892803564463
Absolute Error:,0.02283506024198311
Transition Probabilities
0.9698205410128661,0.015438052334360821,0.012586196474084217,0.002155210178688839
0.9676417555719348,0.014334096115346206,0.015103278516856463,0.0029208697958625603
0.9696565322613845,0.010737959797318923,0.010950442275020242,0.008655065666276373
0.9576455778318739,0.021938916010928372,0.015038824772117538,0.005376681385080168

0.00015705983979896342,0.00015705983979896342,0.9619211541315612,0.03776472618884086
0.01896316874829672,0.9808558357765901,9.049773755656108e-05,9.049773755656108e-05
0.0002138579982891362,0.0002138579982891362,0.023386632938762284,0.9761856510646595
0.01907310737924236,0.9804014065461386,0.0002627430373095115,0.0002627430373095115

Transition Gammas
2312.8288778932183,36.816680764511496,30.01557240445539,5.1397471268190245
3457.3722215354164,51.21555104939094,53.96383041307304,10.436232248956841
1559.1013820274718,17.265461947759498,17.607110473416466,13.916396572258108
957.7997382691219,21.942447706749125,15.04124570096244,5.3775469156819415

1.0,1.0,6124.55198835565,240.44801164434975
209.54301466867875,10838.45698533132,1.0,1.0
1.0,1.0,109.35589562165235,4564.644104378344
72.59224668539636,3731.4077533146005,1.0,1.0

