0,1,2,3,4,5,6,7,8,9,10,11,12,13,14,15,16,17,18,19,20,21,22,23,24,25,26,27,28,29
github Code Version (SHA):,83e837b3de1a08bfde9277c8a2759251ab95ca79
Environment Observations,Environment Actions,alpha,epsilon,numActions,explore,gainThresh,insertRandActions,useBudd,revisedSplitting,haveControl,confidence_factor
"['square', 'diamond']","['x', 'y']",0.99,0.99,50000,0.5,0.0275,False,True,False,False,250

Model Num 0
Model States: 
['square'],['diamond']
Iteration: ,0
Error:,0.6763120659823637
Transition Probabilities
0.5,0.5
0.5,0.5

0.5,0.5
0.5,0.5

Transition Gammas
1.0,1.0
1.0,1.0

1.0,1.0
1.0,1.0

Iteration: ,2500
Error:,0.2558690492174505
Transition Probabilities
0.9847908745247148,0.015209125475285171
0.9870410367170627,0.012958963282937365

0.21492921492921493,0.7850707850707851
0.34591194968553457,0.6540880503144654

Transition Gammas
777.0,12.0
457.0,6.0

167.0,610.0
165.0,312.0

Iteration: ,2716
Error:,0.26367810482132875
Transition Probabilities
0.9849012775842044,0.015098722415795587
0.988,0.012

0.2222222222222222,0.7777777777777778
0.34563106796116505,0.654368932038835


Model Num 1
Model States: 
['diamond'],"['square', 'y', 'diamond']","['square', 'y', 'square']"
Iteration: ,0
Error:,0.613644184784992
Transition Probabilities
0.3333333333333333,0.3333333333333333,0.3333333333333333
0.3333333333333333,0.3333333333333333,0.3333333333333333
0.3333333333333333,0.3333333333333333,0.3333333333333333

0.3333333333333333,0.3333333333333333,0.3333333333333333
0.3333333333333333,0.3333333333333333,0.3333333333333333
0.3333333333333333,0.3333333333333333,0.3333333333333333

Transition Gammas
1.0,1.0,1.0
1.0,1.0,1.0
1.0,1.0,1.0

1.0,1.0,1.0
1.0,1.0,1.0
1.0,1.0,1.0

Iteration: ,2500
Error:,0.13423459094681556
Transition Probabilities
0.0190677966101695,0.9656211850039627,0.015311018385867828
0.02474861534230546,0.954189409721062,0.02106197493663248
0.022263188143738916,0.9699918826607393,0.007744929195521889

0.6314741035856574,0.00345244536685222,0.36507345104749034
0.996875,0.0015625,0.0015625
0.0019455252918287942,0.03040056947540243,0.9676539052327687

Transition Gammas
9.0,455.7731993218702,7.226800678129612
4.898686244088443,188.87014368295587,4.168960787032287
3.8439792805451534,167.47954853417843,1.3372454638868958

317.0,1.7331275741598144,183.26687242584015
638.0,1.0,1.0
1.0,15.625892710356846,497.374107289643

Iteration: ,5000
Error:,0.12646501537089638
Transition Probabilities
0.01748971193415639,0.9678500321099979,0.014660255955845709
0.025298507266412435,0.9639650967625895,0.010736395970998227
0.017135972352552813,0.9704160384347238,0.012447989212723456

0.641925777331996,0.005763293286837681,0.3523109293811663
0.9984567901234568,0.0007716049382716049,0.0007716049382716049
0.001,0.024728292612176274,0.9742717073878238

Transition Gammas
17.0,940.7502312109174,14.24976878908202
9.84750996446715,375.22592917452744,4.179170146028266
5.780288133966105,327.33971534092683,4.198942602012565

640.0,5.746003406977168,351.2539965930228
1294.0,1.0,1.0
1.0,24.728292612176272,974.2717073878237

Iteration: ,7500
Error:,0.12841863113791493
Transition Probabilities
0.018518518518518524,0.9654216848149495,0.01605979666653194
0.021882599003643824,0.9676445600924141,0.01047284090394201
0.020039962708210284,0.9650925437618327,0.01486749352995707

0.6506849315068494,0.00668477066877713,0.3426302978243735
0.9989858012170385,0.0005070993914807302,0.0005070993914807302
0.00067842605156038,0.027684772447192984,0.9716368015012465

Transition Gammas
28.0,1459.7175874402033,24.28241255979628
12.809763934052153,566.445438441272,6.130652930031004
9.651518854012302,464.8017073488798,7.160387282432305

950.0,9.759765176414607,500.24023482358524
1970.0,1.0,1.0
1.0,40.80735458716245,1432.1926454128372

Iteration: ,10000
Error:,0.12492317542433955
Transition Probabilities
0.016161616161616165,0.9690346022605573,0.014803781577826516
0.02368065507609826,0.9648326008052529,0.011486744118648822
0.022612354830904468,0.9662356868165876,0.011151958352507898

0.6502590673575129,0.005581044579127984,0.344159888063359
0.9992277992277993,0.0003861003861003861,0.0003861003861003861
0.0004889975550122247,0.023418864514328157,0.9760921379306596

Transition Gammas
32.0,1918.688512475903,29.311487524096496
18.718202445764355,762.6449475367178,9.07961376763518
14.533664405429342,621.029756244105,7.167710809895845

1255.0,10.771416037717009,664.2285839622829
2588.0,1.0,1.0
1.0,47.8915779318011,1996.1084220681998

Iteration: ,11802
Error:,0.12669733642722122
Transition Probabilities
0.01610852055955913,0.9672159958518229,0.01667548358861791
0.023142592645439285,0.9661032531868519,0.01075415416770881
0.023279151332906638,0.9645467720650723,0.012174076602021043

0.6528998242530756,0.006493896641523946,0.3406062791054004
0.9993487463366981,0.00032562683165092806,0.00032562683165092806
0.0004196391103650862,0.025997483108013766,0.9735828777816212


Model Num 2
Model States: 
"['square', 'y', 'diamond']","['square', 'y', 'square']","['diamond', 'y', 'diamond']","['diamond', 'y', 'square', 'y', 'square']"
Iteration: ,0
Error:,0.6768867066482857
Transition Probabilities
0.25,0.25,0.25,0.25
0.25,0.25,0.25,0.25
0.25,0.25,0.25,0.25
0.25,0.25,0.25,0.25

0.25,0.25,0.25,0.25
0.25,0.25,0.25,0.25
0.25,0.25,0.25,0.25
0.25,0.25,0.25,0.25

Transition Gammas
1.0,1.0,1.0,1.0
1.0,1.0,1.0,1.0
1.0,1.0,1.0,1.0
1.0,1.0,1.0,1.0

1.0,1.0,1.0,1.0
1.0,1.0,1.0,1.0
1.0,1.0,1.0,1.0
1.0,1.0,1.0,1.0

Iteration: ,2500
Error:,0.036571039665015036
Transition Probabilities
0.9631424466636598,0.012665072120502397,0.015075592897735938,0.00911688831810207
0.9586183033747145,0.02694689785041422,0.010748618204017905,0.0036861805708535067
0.9215766745941839,0.04635524950047034,0.016034037952672896,0.016034037952672896
0.9149198480137365,0.022378170967191916,0.031350990509535784,0.031350990509535784

0.0022421524663677125,0.0022421524663677125,0.9434444996283672,0.052071195438897405
0.022463512515411142,0.9750855070924319,0.001225490196078431,0.001225490196078431
0.0028985507246376803,0.0028985507246376803,0.03328770415268571,0.9609151943980389
0.019205629578388415,0.9740147094046624,0.0033898305084745757,0.0033898305084745757

Transition Gammas
154.70154961817735,2.034285052906518,2.421466929187241,1.4643698399877245
260.05733711323694,7.310249005022256,2.9159228630867493,1.0
84.62690983557886,4.2567283092418915,1.47238002168253,1.47238002168253
57.711252197302144,1.4115687523947644,1.9775556556773712,1.9775556556773712

1.0,1.0,420.7762468342518,23.223753165748246
18.3302262125755,795.6697737874248,1.0,1.0
1.0,1.0,11.484257932676574,331.5157420673235
5.6656607256245834,287.33433927437545,1.0,1.0

Iteration: ,5000
Error:,0.027608449028881966
Transition Probabilities
0.9646309906909433,0.011809263300234272,0.015718442997925425,0.007841303010896899
0.9609049672661222,0.026719790430072998,0.010378991552899104,0.0019962507509057458
0.9542217010927996,0.021684217000240914,0.016678437165787152,0.007415644741172242
0.9419489730616624,0.01875688005162295,0.01966794599315967,0.01962620089355509

0.0011223344556677893,0.0011223344556677893,0.9568006792603242,0.04095465182834013
0.01988171161431607,0.9788920468160947,0.0006131207847946047,0.0006131207847946047
0.0014598540145985398,0.0014598540145985398,0.0344351130892764,0.9626451788815266
0.016934068546266813,0.9795694279572297,0.0017482517482517493,0.0017482517482517493

Transition Gammas
320.5267117548324,3.9239713117239465,5.222910000457348,2.605501061246017
513.6380173028197,14.282682103618068,5.547941601343995,1.0670673091135368
189.46120236105895,4.305412275175471,3.311512152065487,1.47238002168253
118.23653115258813,2.3544252353082573,2.4687852268356503,2.4635452447230084

1.0,1.0,852.5094052209487,36.490594779051044
32.4270716429495,1596.57292835705,1.0,1.0
1.0,1.0,23.588052466154338,659.4119475338458
9.686287208464611,560.3137127915351,1.0,1.0

Iteration: ,7500
Error:,0.023729731705147597
Transition Probabilities
0.9639176804561882,0.009999485597964887,0.02036753799690193,0.005715295948945039
0.9654406196552344,0.02277143905866475,0.009152767137393743,0.002635174148707099
0.9668131865454895,0.014260550067808282,0.013521993281589872,0.0054042701051122905
0.9572318575393299,0.012221843415430618,0.017789587409232165,0.012756711636007265

0.0007434944237918221,0.0007434944237918221,0.963829729619429,0.034683281532987324
0.018355334869738855,0.9808199228622199,0.00041237113402061896,0.00041237113402061896
0.0009633911368015414,0.0009633911368015414,0.03147517426351453,0.9665980434628823
0.0171575087998686,0.9805087689130836,0.0011668611435239212,0.0011668611435239212

Transition Gammas
472.7145743858293,4.903844668854009,9.988438069665964,2.8028365354975
775.4468144718472,18.290135632875266,7.351549101827875,2.116585274735185
292.6192469688503,4.316150710680555,4.092616388192498,1.6356763339406746
184.85829718703894,2.360252789821404,3.4354820206091277,2.4635452447230084

1.0,1.0,1296.3509863381312,46.64901366186792
44.51168705911668,2378.488312940881,1.0,1.0
1.0,1.0,32.67123088552808,1003.3287691144718
14.703985041487384,840.2960149585122,1.0,1.0

Iteration: ,10000
Error:,0.021886291852439815
Transition Probabilities
0.9645517123135987,0.008812756153384234,0.020734640661432355,0.005900890871584671
0.9659899907420079,0.02316090732056961,0.008761144241792671,0.0020879576956299773
0.9730079892717748,0.009795498301996625,0.011403670717894894,0.005792841708333679
0.9614389473181831,0.01259067859174901,0.015415274841266568,0.010555099248801204

0.000548245614035088,0.000548245614035088,0.9633489820288641,0.03555452674306566
0.020209154776145755,0.9791650629960694,0.0003128911138923655,0.0003128911138923655
0.0007299270072992698,0.0007299270072992698,0.02973997790121018,0.9688001680841912
0.02017092805955779,0.978054449047807,0.0008873114463176579,0.0008873114463176579

Transition Gammas
643.0905164301697,5.875682800105192,13.824298480555957,3.934270096211989
1012.4748104862831,24.275443301510315,9.182743031362424,2.1884332057752514
429.50033521678506,4.323880020216235,5.033751469711362,2.5570473038450543
254.59221271870263,3.334053328341544,4.082015756124943,2.795025186688723

1.0,1.0,1757.1485432206473,64.85145677935174
64.58845866456183,3129.4115413354375,1.0,1.0
1.0,1.0,40.74376972465796,1327.2562302753424
22.73263592312162,1102.267364076878,1.0,1.0

Iteration: ,12500
Error:,0.019328554510672048
Transition Probabilities
0.9685444907519328,0.010409952668218514,0.01638308034747059,0.00466247623237803
0.9667628961392309,0.021623885437278542,0.009182127275588956,0.0024310911479016105
0.972403863437241,0.009860666796988082,0.012962739884901243,0.004772729880869727
0.9664689762079831,0.012919871682167489,0.012234193218263799,0.008376958891585679

0.0004416961130742053,0.0004416961130742053,0.9637878643594445,0.03532874341440704
0.01979588315209115,0.9797072224379709,0.00024844720496894427,0.00024844720496894427
0.0005847953216374266,0.0005847953216374266,0.028543979165947655,0.9702864301907774
0.019771394054711525,0.978804104520787,0.0007122507122507124,0.0007122507122507124

Transition Gammas
817.2729332869327,8.784080270724619,13.824298480555957,3.934270096211989
1264.136155544096,28.275325329273354,12.006521061404003,3.178887222253331
520.9770381552797,5.282970559137967,6.94494343918145,2.5570473038450543
322.4684716273265,4.310796701738259,4.082015756124943,2.795025186688723

1.0,1.0,2182.0157249097806,79.98427509021748
79.67842968716681,3943.32157031283,1.0,1.0
1.0,1.0,48.81020437377052,1659.1897956262303
27.759037252814977,1374.2409627471848,1.0,1.0

Iteration: ,15000
Error:,0.021043484048599764
Transition Probabilities
0.9658224507299283,0.013185420924554629,0.015139427037893068,0.005852701307623942
0.9672874216900335,0.0212016842024633,0.009408125605813404,0.00210276850168982
0.9690341958974037,0.00912010472421405,0.01628717047561299,0.005558528902769421
0.9697328359001206,0.01313955853316927,0.010166459145639318,0.006961146421070811

0.0003663003663003663,0.0003663003663003663,0.9618427611620978,0.037424638105301535
0.021291210626192252,0.9782903793319667,0.00020920502092050224,0.00020920502092050224
0.00048780487804878005,0.00048780487804878005,0.029697194940826996,0.9693271953030754
0.020029428533441477,0.9787850350113124,0.000592768227623,0.000592768227623

Transition Gammas
999.3802170358055,13.64355199584669,15.66545058824493,6.056055021954058
1517.55237273654,33.262777377218235,14.760166436528612,3.2989794527459684
634.6887567303797,5.97339903294303,10.667615264339975,3.6406721388004817
389.3651328027924,5.275768504310457,4.082015756124943,2.795025186688723

1.0,1.0,2625.830737972527,102.16926202747318
101.77198679319889,4676.228013206797,1.0,1.0
1.0,1.0,60.8792496286954,1987.1207503713065
33.789645935915736,1651.2103540640824,1.0,1.0

Iteration: ,17500
Error:,0.021025795712078268
Transition Probabilities
0.9648246603577271,0.01624755791492731,0.013881445053316994,0.005046336674028555
0.9695762066189975,0.01887664823397654,0.009729996738775877,0.001817148408250065
0.966691163050942,0.007918580864706848,0.017624590235943934,0.007765665848407074
0.9692451943067663,0.014784978253510352,0.010263320926362708,0.005706506513360644

0.00031486146095717883,0.00031486146095717883,0.9643218130274744,0.035048464050611225
0.021200594331747757,0.9784427086823417,0.00017834849295523468,0.00017834849295523468
0.0004164931278633901,0.0004164931278633901,0.029556471608277863,0.9696105421359953
0.01786859722349574,0.9811047087313297,0.0005133470225872694,0.0005133470225872694

Transition Gammas
1157.8758230175642,19.498521613032622,16.65897470927323,6.056055021954058
1760.2370664858092,34.269999290026256,17.66452270534065,3.2989794527459684
729.5498314548233,5.9760547691112365,13.301059663680444,5.860651702824457
474.73260984135976,7.241626116863915,5.026935555245597,2.795025186688723

1.0,1.0,3062.686078175259,111.31392182474126
118.87173241810959,5486.128267581886,1.0,1.0
1.0,1.0,70.96508833147517,2328.0349116685256
34.80802739136967,1911.1919726086285,1.0,1.0

Iteration: ,20000
Error:,0.02019346505697856
Transition Probabilities
0.9674595670572763,0.014360016231280814,0.013646220006331115,0.004534196705111743
0.9692333493992119,0.018834998346326202,0.010335033022695976,0.001596619231765883
0.9676682529796075,0.009058499635608293,0.016315174266491334,0.0069580731182930225
0.9627304532186861,0.01819872552123657,0.012372756010054166,0.006698065250023256

0.0002751031636863826,0.0002751031636863826,0.9668634834439457,0.032586310228681505
0.021134724928375988,0.9785520899792345,0.0001565925461948012,0.0001565925461948012
0.00036218761318362896,0.00036218761318362896,0.03079872537021872,0.968476899403414
0.016971579154106912,0.9821311574991008,0.0004486316733961425,0.0004486316733961425

Transition Gammas
1314.332737945916,19.50865968240482,18.53893879832982,6.159888612132618
2017.8732284067094,39.21309449751708,21.5167858845597,3.3240449327674386
837.1458974670533,7.836658672852099,14.114528570713679,6.019544763733759
539.6770481926354,10.201645161771957,6.935786043943665,3.7547291359164165

1.0,1.0,3514.54876231874,118.45123768125717
134.966353392609,6249.033646607389,1.0,1.0
1.0,1.0,85.03528074717393,2673.9647192528273
37.829649934504246,2189.170350065492,1.0,1.0

Iteration: ,22500
Error:,0.019232692903981784
Transition Probabilities
0.9699365428262006,0.012980425108073502,0.012985700892676135,0.004097331173049762
0.9692451155341903,0.018883033776973198,0.010431804399000431,0.0014400462898360837
0.9712442767843212,0.008059384376721903,0.014508691857789193,0.006187646981167686
0.9633106395804273,0.017974165682709972,0.012336872004598315,0.006378322732264478

0.00024449877750611266,0.00024449877750611266,0.9651384543562725,0.034372548088715135
0.021862283416025183,0.9778610914110841,0.00013831258644536663,0.00013831258644536663
0.00032331070158422224,0.00032331070158422224,0.029452301783538935,0.9699010768132926
0.017449261588179058,0.9817548768917254,0.00039793076004775234,0.00039793076004775234

Transition Gammas
1458.1933488669533,19.514647322087768,19.522578886347837,6.159888612132618
2266.5430017591484,44.1572594725864,24.394379581932156,3.367493720758468
944.8581049334758,7.840431939874312,14.114528570713679,6.019544763733759
599.8067606731355,11.191640215501215,7.681571167053844,3.9714718589983606

1.0,1.0,3947.4162783171514,140.58372168284478
158.06430909786195,7069.935690902133,1.0,1.0
1.0,1.0,91.09596941648599,2999.904030583516
43.8499943710939,2467.150005628902,1.0,1.0

Iteration: ,25000
Error:,0.0187226191464349
Transition Probabilities
0.9703081853927283,0.012137773745757533,0.013764006294484581,0.0037900345670295074
0.9692821867935854,0.01928313164612665,0.010138443769543934,0.0012962377907442086
0.9724971911192752,0.008068991774734162,0.013889633589168062,0.005544183516822422
0.9639749676762764,0.017696900741370515,0.012265677752308994,0.006062453830044018

0.00022007042253521135,0.00022007042253521135,0.9639660605754817,0.035593798579447916
0.021443135519020072,0.9783077674576893,0.00012454851164528594,0.00012454851164528594
0.0002919708029197079,0.0002919708029197079,0.029243412791312,0.9701726456028485
0.01788078303810515,0.9814021140576281,0.0003585514521333818,0.0003585514521333818

Transition Gammas
1638.5432173901456,20.49685568433857,23.24304741262672,6.4001680362686715
2518.096371651413,50.095611467714434,26.338644017314575,3.367493720758468
1055.8796181232763,8.760831426094281,15.080538169085846,6.019544763733759
663.811540310229,12.186423230640806,8.446379537568482,4.174721284186523

1.0,1.0,4380.261779254987,161.73822074501126
172.166935082212,7854.833064917781,1.0,1.0
1.0,1.0,100.15868881024363,3322.8413111897576
49.869503893275166,2737.1304961067194,1.0,1.0

Iteration: ,27500
Error:,0.020119084263185726
Transition Probabilities
0.9701119966228103,0.01248876970039345,0.013407196981857845,0.003992036694938392
0.9697179598699627,0.01889694495355424,0.00988315222330457,0.0015019429531786055
0.9722360995465889,0.007985488464046474,0.014717334551162432,0.005061077438202269
0.9634019650418804,0.016099402744217346,0.014540482364413777,0.005958149849488437

0.00019932230416583617,0.00019932230416583617,0.9627412841353805,0.03686007125628786
0.021345407272896952,0.9784266205397099,0.00011398609369656906,0.00011398609369656906
0.0002656042496679946,0.0002656042496679946,0.030072895472687988,0.969395896027976
0.01755503145821574,0.9817935027437387,0.00032573289902280197,0.00032573289902280197

Transition Gammas
1818.861222372198,23.41517165261328,25.1371292963077,7.484662356498462
2774.6070105624963,54.06891293771248,28.278184565040334,4.2974365947735205
1179.1661626638067,9.685114339548917,17.849761920408987,6.138273681189683
729.7757847512078,12.195277462586677,11.014397222752057,4.513291066296192

1.0,1.0,4830.073022507204,184.9269774927962
187.26325800512487,8583.736741994871,1.0,1.0
1.0,1.0,113.2244514546703,3649.775548545331
53.89394657672221,3014.1060534232715,1.0,1.0

Iteration: ,30000
Error:,0.020022929481032726
Transition Probabilities
0.9703945930669127,0.012322136447602912,0.01268550517733432,0.00459776530815003
0.969737109188887,0.01796635452150584,0.010309231103580157,0.001987305186027131
0.969072489525318,0.00935497005239779,0.015538066018966028,0.006034474403318328
0.9667942649257022,0.01461111258805721,0.01318989372133539,0.005404728764905132

0.00018221574344023318,0.00018221574344023318,0.9618944852641629,0.03774108324895656
0.020820681686213538,0.9789693886402272,0.00010496483677967878,0.00010496483677967878
0.00024366471734892786,0.00024366471734892786,0.03004419854236485,0.9694684720229373
0.018797963850144934,0.9806044861050388,0.00029877502240812715,0.00029877502240812715

Transition Gammas
1998.2416206939665,25.37380781116163,26.122058599650853,9.467742366423819
3026.2226252453934,56.0669361118267,32.1716350946213,6.2017095769936015
1293.6728270744898,12.488509049318598,20.7426936697708,8.05578080652501
807.3344858985084,12.20120505223613,11.014397222752057,4.513291066296192

1.0,1.0,5278.876935129728,207.12306487027368
198.3586344245564,9326.641365575446,1.0,1.0
1.0,1.0,123.30139081786534,3978.6986091821345
62.916785006435,3282.08321499356,1.0,1.0

Iteration: ,32500
Error:,0.02111827546626227
Transition Probabilities
0.9688934906843412,0.012796789296586753,0.013475261245027537,0.004834458774044587
0.9694298672307071,0.01863924031954856,0.010095673337156384,0.0018352191125880454
0.9687374305273746,0.009966983845387165,0.015625040739857265,0.005670544887381057
0.9674264117753802,0.013402727305443738,0.014214900791560658,0.004955960127615401

0.00016829350387075054,0.00016829350387075054,0.961579628095922,0.038083784896336556
0.020922857506696223,0.978883812382139,9.666505558240689e-05,9.666505558240689e-05
0.00022492127755285645,0.00022492127755285645,0.02977439526866991,0.9697757621762244
0.018487502751154475,0.9809601636393454,0.00027616680475006937,0.00027616680475006937

Transition Gammas
2145.0776921370343,28.33139815161507,29.833498284740255,10.70322978683089
3275.969855909986,62.98711385727455,34.11605382255844,6.2017095769936015
1397.823137893496,14.381689191578294,22.545885797775842,8.182215942383705
881.0153570920019,12.20558839337731,12.945218100797465,4.513291066296192

1.0,1.0,5713.70615014597,226.2938498540319
216.44696090677257,10126.553039093234,1.0,1.0
1.0,1.0,132.37696136450646,4311.623038635495
66.94324746193028,3552.0567525380657,1.0,1.0

Iteration: ,35000
Error:,0.020814947756549466
Transition Probabilities
0.9692237281892762,0.012389403754200362,0.013815335180041625,0.004571532876481686
0.9697386219204305,0.018118267178930947,0.010423855405259641,0.0017192554953788998
0.9685007664715387,0.011100130110033843,0.015060438518251262,0.005338664900176218
0.96878705596485,0.012439269797134778,0.014068244226168753,0.0047054300118464405

0.00015634771732332703,0.00015634771732332703,0.9620907200717626,0.03759658449359088
0.02074146785328851,0.9790793688393569,8.95816536773269e-05,8.95816536773269e-05
0.00020881186051367707,0.00020881186051367707,0.029744590402899788,0.9698377858760727
0.0171887844237901,0.9822978685536226,0.0002566735112936348,0.0002566735112936348

Transition Gammas
2292.8992581042185,29.309697905798693,32.68303371395839,10.814906853824876
3530.6607537415134,65.9656668389385,37.951563802979415,6.2595299042207
1504.6511940074022,17.245029226510947,23.397716948970285,8.294085863990501
950.8395760701059,12.20882334018142,13.8076198414302,4.618258522494085

1.0,1.0,6153.532245578996,240.46775442100736
231.5370056462596,10929.462994353738,1.0,1.0
1.0,1.0,142.44684343948717,4644.553156560515
66.96750411508614,3827.032495884909,1.0,1.0

Iteration: ,35789
Error:,0.020593614545922297
Transition Probabilities
0.9700582728413548,0.012054339384077925,0.013440040840090272,0.0044473469344769164
0.9698243080418829,0.018017494561248546,0.010466737013700525,0.0016914603831681247
0.9670116512429517,0.012536807300804545,0.015257238025401283,0.005194303430842414
0.9684219487839606,0.013167808051619384,0.013795903445248902,0.0046143397191710945

0.0001529051987767584,0.0001529051987767584,0.9618446916023311,0.03784949800011533
0.020714855837413452,0.9791100128140752,8.756567425569183e-05,8.756567425569183e-05
0.00020462451401677918,0.00020462451401677918,0.029970707428848827,0.9696200435431176
0.017594437084480226,0.9819026712886654,0.00025144581342720677,0.00025144581342720677

