0,1,2,3,4,5,6,7,8,9,10,11,12,13,14,15,16,17,18,19,20,21,22,23,24,25,26,27,28,29
github Code Version (SHA):,528ca1c557fe8e6666681dc5c9134b0f84d30530
Environment Observations,Environment Actions,alpha,epsilon,numActions,explore,patience,gainThresh,insertRandActions,useUpdatedPosterior,revisedSplitting,haveControl,confidence_factor
"['diamond', 'square']","['x', 'y']",0.75,0.99,75000,0.5,0,0.01,False,True,False,False,250

Model Num 0
Model States: 
['diamond'],['square']
Iteration: ,0
Error:,0.40501640256146687
Absolute Error:,1
Transition Probabilities
0.5,0.5
0.5,0.5

0.5,0.5
0.5,0.5

Transition Gammas
1.0,1.0
1.0,1.0

1.0,1.0
1.0,1.0

Iteration: ,2374
Error:,0.06110931835626329
Absolute Error:,1
Transition Probabilities
0.452,0.548
0.19246861924686193,0.8075313807531381

0.1873767258382643,0.8126232741617357
0.836890243902439,0.16310975609756098


Model Num 1
Model States: 
['square'],"['diamond', 'x', 'square']","['diamond', 'x', 'diamond']"
Iteration: ,0
Error:,0.47472648248337856
Absolute Error:,1
Transition Probabilities
0.3333333333333333,0.3333333333333333,0.3333333333333333
0.3333333333333333,0.3333333333333333,0.3333333333333333
0.3333333333333333,0.3333333333333333,0.3333333333333333

0.3333333333333333,0.3333333333333333,0.3333333333333333
0.3333333333333333,0.3333333333333333,0.3333333333333333
0.3333333333333333,0.3333333333333333,0.3333333333333333

Transition Gammas
1.0,1.0,1.0
1.0,1.0,1.0
1.0,1.0,1.0

1.0,1.0,1.0
1.0,1.0,1.0
1.0,1.0,1.0

Iteration: ,2500
Error:,0.052002270615515885
Absolute Error:,1
Transition Probabilities
0.8077474892395983,0.09036729497463038,0.10188521578577137
0.9957446808510638,0.002127659574468085,0.002127659574468085
0.0027472527472527475,0.7599932457209805,0.2372595015317668

0.1803751803751804,0.3743890240675643,0.4452357955572553
0.8093459956126551,0.11141483157510498,0.07923917281223983
0.8007790710615652,0.07763921736612708,0.1215817115723078

Transition Gammas
563.0,62.986004597317375,71.01399540268264
468.0,1.0,1.0
1.0,276.6375414424369,86.36245855756312

125.0,259.451593678822,308.5484063211779
66.09787770533497,9.099055227223555,6.4713252211134265
83.24854428185559,8.071329606984357,12.639566723782297

Iteration: ,5000
Error:,0.045433162873094686
Absolute Error:,1
Transition Probabilities
0.8162393162393162,0.0873763930193178,0.09638429074136597
0.9978791092258749,0.0010604453870625664,0.0010604453870625664
0.0013531799729364006,0.7442110927999097,0.25443572722715396

0.17501815541031226,0.38419952614079,0.4407823184488978
0.7938024350030821,0.14121639749525838,0.06498116750165958
0.8356291056219695,0.06434856814823861,0.10002232622979199

Transition Gammas
1146.0,122.67645579912218,135.32354420087782
941.0,1.0,1.0
1.0,549.9719975791332,188.02800242086678

241.0,529.0427474958678,606.9572525041323
123.19980787808736,21.91708197592503,10.08521390069456
159.81956353372297,12.307086967509216,19.129927876045887

Iteration: ,7500
Error:,0.04475931468758598
Absolute Error:,1
Transition Probabilities
0.8257907542579075,0.08214347541998261,0.09206577032210986
0.9985775248933144,0.0007112375533428165,0.0007112375533428165
0.0008695652173913044,0.7269837932672878,0.27214664151532086

0.17779913503123498,0.3787408947557893,0.4434599702129758
0.7958949670283366,0.1456367198362029,0.05846831313546054
0.8196244139910038,0.06865510885776963,0.11172047715122639

Transition Gammas
1697.0,168.80484198806425,189.19515801193575
1404.0,1.0,1.0
1.0,836.0313622573809,312.96863774261897

370.0,788.1598019867976,922.8401980132026
186.94955276381543,34.20893555970666,13.73375312617085
226.66468606910692,18.986365499426814,30.895964601234425

Iteration: ,10000
Error:,0.049393937250848646
Absolute Error:,1
Transition Probabilities
0.8211382113821138,0.08751568487293299,0.0913461037449532
0.9989495798319328,0.0005252100840336134,0.0005252100840336134
0.0006443298969072164,0.7332038415113139,0.2661518285917789

0.18028067650233898,0.37489933715844587,0.44481998633921516
0.7892501909010947,0.14677007547134566,0.06397973362755968
0.8106446166185307,0.06822542697816857,0.12112995640330058

Transition Gammas
2222.0,236.81744326615666,247.18255673384334
1902.0,1.0,1.0
1.0,1137.9323620255593,413.0676379744409

501.0,1041.845257963321,1236.154742036679
245.33531541742647,45.62290028525875,19.887848379129878
287.83460265408877,24.22471976324452,43.00946697985402

Iteration: ,12500
Error:,0.04772438318343383
Absolute Error:,1
Transition Probabilities
0.821227394011266,0.09050660747358055,0.08826599851515352
0.9991694352159468,0.0004152823920265781,0.0004152823920265781
0.0005224660397074191,0.7391380932457645,0.2603394407145281

0.17790530846484937,0.37961524477106245,0.4424794467640882
0.7876012538293159,0.1423488586878774,0.07004988748280681
0.8083744856731997,0.07314292498840383,0.11848258933839642

Transition Gammas
2770.0,305.2787870083872,297.7212129916128
2406.0,1.0,1.0
1.0,1414.7103104723933,498.28968952760675

620.0,1322.9591280271527,1542.0408719728473
303.8862740994733,54.92355945175537,27.02788905520296
352.9812132274708,31.93826482525836,51.7360813239555

Iteration: ,15000
Error:,0.04663536731535378
Absolute Error:,1
Transition Probabilities
0.8264984227129337,0.08949794465594815,0.0840036326311181
0.9993009437259699,0.0003495281370150297,0.0003495281370150297
0.00044072278536800354,0.7423006624878107,0.2572586147268213

0.1806420699568759,0.37789531432418466,0.44146261571893947
0.7978377235136992,0.13506315430070967,0.06709912218559101
0.8124430081765259,0.07177386209863551,0.11578312972483863

Transition Gammas
3406.0,368.82102992716233,346.17897007283767
2859.0,1.0,1.0
1.0,1684.2802031848423,583.7197968151576

754.0,1577.3350419891467,1842.6649580108533
381.0337655650815,64.50387184708418,32.04540276672973
406.7994446878286,35.93798820468368,57.973928512225285

Iteration: ,17500
Error:,0.04473598535218496
Absolute Error:,1
Transition Probabilities
0.829171038824764,0.08777084494874238,0.08305811622649371
0.9994045846978268,0.00029770765108663293,0.00029770765108663293
0.0003828483920367533,0.7458808114263846,0.25373634018157876

0.17928367928367928,0.38466190121017335,0.4360544195061475
0.800527859323278,0.13186917454518493,0.06760296613153705
0.8052418458119158,0.07656913436901218,0.11818901981907196

Transition Gammas
3951.0,418.22807618075745,395.77192381924255
3357.0,1.0,1.0
1.0,1948.2406794457172,662.7593205542839

881.0,1890.2285825467918,2142.771417453209
449.08146525973655,73.976191381278,37.9240256696613
467.6970930698317,44.47255411466149,68.64603633013864

Iteration: ,20000
Error:,0.044741038839057466
Absolute Error:,1
Transition Probabilities
0.8291651342405296,0.08766370395735926,0.08317116180211113
0.9994801143748375,0.0002599428125812321,0.0002599428125812321
0.00033909799932180403,0.746677429749039,0.25298347225163914

0.18149655050415703,0.3884574772536928,0.43004597224215013
0.8004448206052776,0.13270942726527973,0.06684575212944269
0.8136258532104063,0.07502439969512752,0.11134974709446634

Transition Gammas
4509.0,476.7152221201196,452.2847778798804
3845.0,1.0,1.0
1.0,2201.951740329916,746.0482596700839

1026.0,2195.950118915126,2431.0498810848753
510.7165905027196,84.674051821887,42.65032859020012
536.5695360712346,49.477050390662995,73.43287077761572

Iteration: ,22500
Error:,0.04466216542674322
Absolute Error:,1
Transition Probabilities
0.8270799347471451,0.08800183804467591,0.08491822720817889
0.9995366079703429,0.00023169601482854495,0.00023169601482854495
0.00030275507114744187,0.7469423217477797,0.2527549231810728

0.18153167349511498,0.3914213778059066,0.42704694869897836
0.7926707959154572,0.1377519647142089,0.06957723937033387
0.8146725252901498,0.07281663697613781,0.1125108377337125

Transition Gammas
5070.0,539.4512672138634,520.5487327861366
4314.0,1.0,1.0
1.0,2467.150488732915,834.849511267083

1152.0,2483.960063556284,2710.0399364437176
584.038053786446,101.49533676717724,51.26435296856516
600.2115799581393,53.647800029981425,82.89258024813608

Iteration: ,23036
Error:,0.04619547118659591
Absolute Error:,1
Transition Probabilities
0.8277070063694267,0.08767592095845406,0.0846170726721192
0.9995471014492754,0.00022644927536231884,0.00022644927536231884
0.00029550827423167875,0.7476143376452802,0.25209015408048824

0.18299246501614636,0.3898613327040973,0.4271462022797563
0.7940222389377345,0.1369158288196076,0.06906193224265796
0.815200696941922,0.07190056168677328,0.11289874137130486

*,*,*,*,*,*,*,*,*,*,*
Model Num 1
Model States: 
['square'],"['diamond', 'x', 'square']","['diamond', 'x', 'diamond']"
Iteration: ,23036
Error:,0.04666903794501175
Absolute Error:,1
Transition Probabilities
0.8277070063694267,0.08767592095845406,0.0846170726721192
0.9995471014492754,0.00022644927536231884,0.00022644927536231884
0.00029550827423167875,0.7476143376452802,0.25209015408048824

0.18299246501614636,0.3898613327040973,0.4271462022797563
0.7940222389377345,0.1369158288196076,0.06906193224265796
0.815200696941922,0.07190056168677328,0.11289874137130486

Transition Gammas
5198.0,550.6047836190914,531.3952163809086
4414.0,1.0,1.0
1.0,2529.926918591626,853.0730814083715

1190.0,2535.2682465747453,2777.731753425256
595.7564640268096,102.72821848918741,51.81730502509445
612.3797954094671,54.011792949569674,84.8096774233641

