0,1,2,3,4,5,6,7,8,9,10,11,12,13,14,15,16,17,18,19,20,21,22,23,24,25,26,27,28,29
github Code Version (SHA):,528ca1c557fe8e6666681dc5c9134b0f84d30530
Environment Observations,Environment Actions,alpha,epsilon,numActions,explore,patience,gainThresh,insertRandActions,useUpdatedPosterior,revisedSplitting,haveControl,confidence_factor
"['diamond', 'square']","['x', 'y']",0.8,0.99,75000,0.5,0,0.01,False,True,False,False,250

Model Num 0
Model States: 
['diamond'],['square']
Iteration: ,0
Error:,0.45230222849127205
Absolute Error:,1
Transition Probabilities
0.5,0.5
0.5,0.5

0.5,0.5
0.5,0.5

Transition Gammas
1.0,1.0
1.0,1.0

1.0,1.0
1.0,1.0

Iteration: ,2470
Error:,0.08275050294795325
Absolute Error:,1
Transition Probabilities
0.476,0.524
0.1646746347941567,0.8353253652058433

0.14531548757170173,0.8546845124282982
0.8342857142857143,0.1657142857142857


Model Num 1
Model States: 
['square'],"['diamond', 'x', 'square']","['diamond', 'x', 'diamond']"
Iteration: ,0
Error:,0.5209216312923163
Absolute Error:,1
Transition Probabilities
0.3333333333333333,0.3333333333333333,0.3333333333333333
0.3333333333333333,0.3333333333333333,0.3333333333333333
0.3333333333333333,0.3333333333333333,0.3333333333333333

0.3333333333333333,0.3333333333333333,0.3333333333333333
0.3333333333333333,0.3333333333333333,0.3333333333333333
0.3333333333333333,0.3333333333333333,0.3333333333333333

Transition Gammas
1.0,1.0,1.0
1.0,1.0,1.0
1.0,1.0,1.0

1.0,1.0,1.0
1.0,1.0,1.0
1.0,1.0,1.0

Iteration: ,2500
Error:,0.061925984894120815
Absolute Error:,1
Transition Probabilities
0.8659942363112392,0.0683876095991068,0.065618154089654
0.9955357142857143,0.002232142857142857,0.002232142857142857
0.0027548209366391185,0.7652170695198294,0.23202810954353145

0.16828929068150209,0.3682394749342193,0.4634712343842786
0.8323781278853929,0.10007033364144396,0.06755153847316313
0.8408272250619206,0.10723725024929562,0.051935524688783645

Transition Gammas
601.0,47.46100106178012,45.53899893821988
446.0,1.0,1.0
1.0,277.77379623569806,84.22620376430191

121.0,264.7641824777037,333.2358175222963
74.93611186081915,9.00898457622283,6.081430390602907
76.95122556476183,9.8141896300642,4.753060029492426

Iteration: ,5000
Error:,0.06162524944331657
Absolute Error:,1
Transition Probabilities
0.8600435097897027,0.07455289364339902,0.0654035965668983
0.9978448275862069,0.0010775862068965517,0.0010775862068965517
0.0014084507042253522,0.7812748766203979,0.2173166726753768

0.15228070175438596,0.38422968360766135,0.4634896146379527
0.829634667167213,0.1025139290907505,0.06785140374203645
0.8262039244593385,0.11378783407855718,0.060008241462104206

Transition Gammas
1186.0,102.80844033424725,90.19155966575275
926.0,1.0,1.0
1.0,554.7051624004824,154.29483759951754

217.0,547.5272991409174,660.4727008590826
148.03173597757257,18.2915631250098,12.106727794710654
146.35086612119275,20.155977935288767,10.629649475625115

Iteration: ,7500
Error:,0.05811846630613919
Absolute Error:,1
Transition Probabilities
0.8612048192771085,0.07156764274704346,0.0672275379758481
0.998576512455516,0.0007117437722419929,0.0007117437722419929
0.0009389671361502344,0.7906860139733498,0.20837501889049997

0.14875645236977944,0.38629315706196393,0.4649503905682566
0.8225228694035135,0.10051430503664874,0.07696282555983784
0.8385216746520109,0.10962160859921125,0.051856716748777884

Transition Gammas
1787.0,148.50285870011518,139.49714129988482
1403.0,1.0,1.0
1.0,842.0806048816179,221.91939511838257

317.0,823.1907176990452,990.8092823009548
216.33942630376762,26.437206667238232,20.24271196302027
216.6005137224136,28.31661655916096,13.39523094904419

Iteration: ,10000
Error:,0.05585100259016756
Absolute Error:,1
Transition Probabilities
0.862339514978602,0.06995274122994252,0.06770774379145547
0.9989434759640782,0.0005282620179609086,0.0005282620179609086
0.0007112375533428159,0.7963992807817997,0.2028894816648576

0.14574468085106382,0.3945296552038006,0.45972566394513553
0.8129278068082919,0.10049690285539116,0.08657529033631682
0.8393936760183552,0.10241126091070991,0.05819506307093467

Transition Gammas
2418.0,196.14748640875885,189.85251359124115
1891.0,1.0,1.0
1.0,1119.7373887792112,285.26261122079

411.0,1112.5736276747177,1296.4263723252823
275.561655616788,34.06586993735571,29.346800713148184
282.7031341427522,34.49154462099583,19.599774446512047

Iteration: ,12500
Error:,0.05216629773681706
Absolute Error:,1
Transition Probabilities
0.8635185718399079,0.07018384000389129,0.06629758815620085
0.9991452991452991,0.00042735042735042735,0.00042735042735042735
0.0005599104143337065,0.795200784777198,0.20423930480846825

0.14204706549475474,0.38959003997974995,0.4683628945254953
0.8239312211182184,0.09540337473450611,0.0806654041472755
0.8488336188027739,0.09528933742934763,0.05587704376787855

Transition Gammas
2999.0,243.74847633351445,230.25152366648555
2338.0,1.0,1.0
1.0,1420.228601612076,364.77139838792436

501.0,1374.0840710085781,1651.9159289914219
364.1742757048556,42.167906741760255,35.65378320038023
357.93981594544715,40.18201817822821,23.562472454919668

Iteration: ,15000
Error:,0.05275425276824403
Absolute Error:,1
Transition Probabilities
0.8622264967540274,0.07295505564168472,0.06481844760428787
0.9992932862190813,0.00035335689045936394,0.00035335689045936394
0.00047460844803037474,0.8006916559145727,0.19883373563739687

0.14332629603565564,0.39417647442066767,0.4624972295436767
0.8340392717978465,0.0891730855133073,0.07678764268884616
0.8539283921530326,0.0921941179054391,0.05387748994152832

Transition Gammas
3586.0,303.42007641376676,269.57992358623324
2828.0,1.0,1.0
1.0,1687.0573190120053,418.9426809879954

611.0,1680.3743104553062,1971.6256895446938
442.26128558247154,47.28530750531594,40.717748816806086
426.53377450822734,46.050588619632464,26.911588087436233

Iteration: ,17500
Error:,0.04851799722251194
Absolute Error:,1
Transition Probabilities
0.8643339472068754,0.07190185029798732,0.0637642024951373
0.9993885661877102,0.0003057169061449098,0.0003057169061449098
0.0004074979625101873,0.7985084440298079,0.20108405800768178

0.14089624545821564,0.3949730292561403,0.464130725285644
0.832970983349842,0.08982389635309436,0.07720512029706376
0.8609201690813864,0.08762027436965628,0.051459556548957334

Transition Gammas
4224.0,351.384342406264,311.615657593736
3269.0,1.0,1.0
1.0,1959.5397216491494,493.4602783508513

698.0,1956.6963869349183,2299.3036130650794
520.046303655544,56.07948681538461,48.20124378439099
507.0196376280845,51.60199674167091,30.30595245758237

Iteration: ,20000
Error:,0.04970834763409758
Absolute Error:,1
Transition Probabilities
0.8623671410556657,0.0735123413787475,0.06412051756558686
0.9994656692492653,0.0002671653753673524,0.0002671653753673524
0.00035260930888575436,0.7974615894981761,0.20218580119293808

0.1423273883100831,0.3909338930966709,0.4667387185932459
0.8312309742427036,0.08999255021394835,0.07877647554334788
0.8613774199429932,0.09016701150399091,0.04845556855301581

Transition Gammas
4787.0,408.06700699342736,355.93299300657264
3741.0,1.0,1.0
1.0,2261.601067816829,573.3989321831727

806.0,2213.858636606446,2643.14136339355
602.8916309949351,65.27157559944256,57.136559266972604
569.9226771070026,59.65819789714632,32.0601941856153

Iteration: ,22500
Error:,0.04966463963503631
Absolute Error:,1
Transition Probabilities
0.8616171300735059,0.0740998380514185,0.06428303187507559
0.9995240361732508,0.00023798191337458352,0.00023798191337458352
0.0003145643284051588,0.7971572696052096,0.20252816606638524

0.14256555189197684,0.39213933481458363,0.4652951132934395
0.8332537458157325,0.08730991221596582,0.07943634196830171
0.8640239649675514,0.08790522211278334,0.04807081291966529

Transition Gammas
5392.0,463.71678652577697,402.28321347422303
4200.0,1.0,1.0
1.0,2534.162960074962,643.8370399250389

908.0,2497.5354234340816,2963.4645765659143
681.9074881412101,71.45156349790356,65.00809230170528
644.9430607166661,65.6160769852327,35.88203391639897

Iteration: ,22624
Error:,0.04956472032411145
Absolute Error:,1
Transition Probabilities
0.8614773629864972,0.07418560591580092,0.06433703109770186
0.9995264030310206,0.00023679848448969926,0.00023679848448969926
0.0003127932436659368,0.7972848205959884,0.20240238616034567

0.1424554826616683,0.3919776296120688,0.46556688772626287
0.8335504895136179,0.08673775498232278,0.07971175550405932
0.8647240680811055,0.08745262236103928,0.047823309557855215


Model Num 2
Model States: 
"['diamond', 'x', 'square']","['diamond', 'x', 'diamond']","['square', 'y', 'diamond', 'x', 'diamond']","['square', 'y', 'diamond', 'x', 'square']"
Iteration: ,0
Error:,0.4522169572238188
Absolute Error:,0.55
Transition Probabilities
0.25,0.25,0.25,0.25
0.25,0.25,0.25,0.25
0.25,0.25,0.25,0.25
0.25,0.25,0.25,0.25

0.25,0.25,0.25,0.25
0.25,0.25,0.25,0.25
0.25,0.25,0.25,0.25
0.25,0.25,0.25,0.25

Transition Gammas
1.0,1.0,1.0,1.0
1.0,1.0,1.0,1.0
1.0,1.0,1.0,1.0
1.0,1.0,1.0,1.0

1.0,1.0,1.0,1.0
1.0,1.0,1.0,1.0
1.0,1.0,1.0,1.0
1.0,1.0,1.0,1.0

Iteration: ,2500
Error:,0.05174203511563554
Absolute Error:,0.14613946483024837
Transition Probabilities
0.001718213058419244,0.001718213058419244,0.15600835967181786,0.8405552142113436
0.7496823003081163,0.24494135560586217,0.002688172043010753,0.002688172043010753
0.10432940513463634,0.08898693054363768,0.6612280906929088,0.14545557362881711
0.06261474795139332,0.03523256697121833,0.840089107376031,0.062063577701357356

0.0788522863806626,0.09390849939082083,0.20344481440389864,0.6237943998246179
0.08322552890595786,0.060649593453587565,0.531227248268672,0.3248976293717826
0.00348864904023485,0.9189862807173763,0.039568857401084824,0.03795621284130395
0.8423897491607925,0.00255922285842316,0.01867271050890138,0.136378317471883

Transition Gammas
1.0,1.0,90.796865328998,489.203134671002
278.8818157146193,91.11818428538072,1.0,1.0
14.288553329725463,12.187307126696334,90.55925148605617,19.921034901129424
13.995383330624943,7.875034183111224,187.77316006665268,13.872188090173317

11.48778463555497,13.681285172150128,29.639346179638324,90.87898463027754
3.9406904972165706,2.8717303419322757,25.15336575968583,15.383753248120492
1.150716382375248,303.12380414408057,13.051623112032276,12.51969900832156
413.00449789540863,1.2547286487026788,9.154804454538906,66.86318130937343

Iteration: ,5000
Error:,0.04807189062214229
Absolute Error:,0.12731199894888623
Transition Probabilities
0.0008525149190110824,0.0008525149190110824,0.1587039415818706,0.8395910285801073
0.7669517060424972,0.23034559125480014,0.001351351351351351,0.001351351351351351
0.09979229065302299,0.07143192347541345,0.7053181830872871,0.12345760278427642
0.0792725172616327,0.046072367479932416,0.8005848741725242,0.07407024108591069

0.056106957066244606,0.09501719950121784,0.17641315651401746,0.6724626869185201
0.07144629042990129,0.06777717602751042,0.5812371110463187,0.2795394224962697
0.0017896845663334087,0.9300295349387291,0.03311803768636934,0.03506274280856807
0.8537062477517295,0.001308959979892977,0.011001172519554632,0.13398361974882284

Transition Gammas
1.0,1.0,186.15972347553426,984.8402765244662
567.5442624714481,170.45573752855216,1.0,1.0
24.960347193295107,17.866767051480604,176.41630046167765,30.879586078066517
35.165605074798286,20.43788611269986,355.1426457304382,32.857854598278294

17.402423187026,29.471024668366386,54.717214512119476,208.57449534152641
6.51781192020388,6.183090586953437,53.02436484871811,25.501469273631713
1.1699524473998075,607.9788310321527,21.64992087048517,22.921213342905972
853.9972006170915,1.3094060884435434,11.004921845128077,134.02928290073268

Iteration: ,7500
Error:,0.04645333930803037
Absolute Error:,0.12631059647761242
Transition Probabilities
0.0005733944954128439,0.0005733944954128439,0.15135002868117042,0.8475031823280039
0.7724308394112409,0.22574600653224136,0.0009115770282588879,0.0009115770282588879
0.10259990564754623,0.062490837992848394,0.697493329269183,0.13741592709042247
0.09076213560318516,0.04421235920634049,0.7854941406314364,0.07953136455903798

0.05260308600061764,0.08729249215531679,0.1713088690355244,0.6887955528085412
0.064755363752131,0.0748942049697741,0.6018703693432061,0.25848006193488887
0.0012134844714329325,0.9294235310922336,0.030740019581325804,0.03862296485500758
0.8400677060264833,0.0008839203856922244,0.011605684089420275,0.1474426894984042

Transition Gammas
1.0,1.0,263.9544500199613,1478.0455499800394
847.3566308341312,247.64336916586876,1.0,1.0
38.93040501740606,23.711460722935634,264.65616741079003,52.140961180313035
62.440363250367305,30.416161438391065,540.3854718281967,54.71408599919994

24.848528371968545,41.23503263583742,80.92250124924402,325.3717060677359
8.281273579290861,9.577884593965763,76.9705071363436,33.0558579806359
1.179071091493505,903.0658760475402,29.86825896295676,37.52765066250455
1274.7532565136378,1.3412971145976083,17.6109419287576,223.73559564173348

Iteration: ,10000
Error:,0.050193432950748615
Absolute Error:,0.12461072558043106
Transition Probabilities
0.00043271311120726924,0.00043271311120726924,0.15226694087335582,0.8468676329042296
0.7677969290610007,0.2308462188358785,0.0006784260515603801,0.0006784260515603801
0.10387676936445643,0.06722436932157727,0.7011416947153303,0.12775716659863606
0.0949171527425136,0.03915659118979798,0.7862209108856275,0.07970534518206096

0.05930126096301268,0.09651906177192918,0.16759250653900087,0.6765871707260573
0.0581067713028814,0.05578926286129558,0.6427670611901886,0.24333690464563446
0.0009116632299882185,0.9296700836547696,0.03098917447909624,0.03842907863614606
0.8444210202553298,0.0006865082982377166,0.009674506159022786,0.14521796528740963

Transition Gammas
1.0,1.0,351.8889003583256,1957.1110996416762
1131.7326734359146,340.2673265640848,1.0,1.0
55.28997691834515,35.78118429058603,373.193239975411,68.0006784539908
87.13571343539483,35.9464797503658,721.765434469889,73.17099087341808

37.42912821581402,60.91985700919366,105.77922481564772,427.040969298706
10.52702621156517,10.10717028835562,116.44814449954293,44.08460349815896
1.1895510630967312,1213.0466601741189,40.43511269679639,50.14280475702215
1675.9770567344806,1.362557455943415,19.20161858696491,288.2234954001627

Iteration: ,12500
Error:,0.04692480679627906
Absolute Error:,0.12278649052584387
Transition Probabilities
0.0003435245620061831,0.0003435245620061831,0.15265633847426954,0.8466566124017181
0.7618421250306302,0.2370773779407366,0.0005402485143165859,0.0005402485143165859
0.0958367176591112,0.06571175507706427,0.6988701995948247,0.1395813276689999
0.09436308160736065,0.04223138664873265,0.7873810074910405,0.07602452425286632

0.06487853307484887,0.0952175140662118,0.16525093315926262,0.6746530196996767
0.0620827901614703,0.06362505904987074,0.643559035277404,0.230733115511255
0.000731714788908909,0.9251420613554802,0.03363298630382032,0.04049323755179064
0.8425974803859474,0.0005511133615682793,0.009029899862285872,0.14782150639019853

Transition Gammas
1.0,1.0,444.3826012985991,2464.617398701404
1410.1697734316958,438.83022656830326,1.0,1.0
63.02541975477468,43.21424030073914,459.6003364831378,91.79333329798274
108.00605754808348,48.33718334568028,901.2202331543155,87.01611903357184

49.61913176273661,72.82239829807675,126.38398924471572,515.9749379657869
14.404104830692383,14.761933508943741,149.3149999342015,53.533418441605384
1.1960974299060967,1512.2832812158367,54.978154176783285,66.19226247496735
2102.2423699103456,1.3750027578789792,22.529189237368563,368.8079316058574

Iteration: ,15000
Error:,0.04078207063892891
Absolute Error:,0.11902349418839812
Transition Probabilities
0.0002866150759529946,0.0002866150759529946,0.15533477881172295,0.8440919910363711
0.7663989717333092,0.23269317533886522,0.0004539264639128463,0.0004539264639128463
0.08585561701388074,0.05863898333028993,0.7166484796194998,0.1388569200363295
0.0918912886463216,0.04043525237695962,0.7848085103544314,0.08286494862228751

0.06539758694540554,0.08991218857884277,0.15909836027632918,0.6855918641994226
0.06312907750042492,0.06175024323736355,0.6523177448869939,0.2228029343752177
0.0006122636844757983,0.9243240812688365,0.03282624854730929,0.042237406499378426
0.8389408942950182,0.0004587858112207268,0.008412878019932159,0.15218744187382907

Transition Gammas
1.0,1.0,541.9630432741023,2945.036956725904
1688.3769347284795,512.6230652715199,1.0,1.0
68.94722107640578,47.09062828953312,575.5118054816054,111.5104532087372
125.92092993572352,55.40943713489046,1075.4427204265332,113.55191055982742

60.24628536627521,82.82989669862538,146.56634383950438,631.5884885758285
16.957277402961275,16.586904889735784,175.22088699693776,59.84771699489689
1.2011922732081324,1813.419564988457,64.40139618471234,82.86502631761068
2537.0663536079164,1.3874279500213549,25.441637076606405,460.2346134815723

Iteration: ,17500
Error:,0.04041647278604054
Absolute Error:,0.11760884825618223
Transition Probabilities
0.00024697456162015263,0.00024697456162015263,0.1540751405469003,0.8454309103298594
0.7657795168171034,0.23344227306616502,0.0003891050583657589,0.0003891050583657589
0.08235607749790078,0.0582514666107464,0.7196527179355117,0.13973973795584113
0.08949680256035662,0.04184512818047595,0.784944809890306,0.08371325936886141

0.06616885504693382,0.09397752351820607,0.1523685002244973,0.6874851212103628
0.059795912927244385,0.06831637027719148,0.6564361830860074,0.21545153370955683
0.0005290759873063547,0.9237295103796647,0.031884458352280334,0.04385695528074849
0.8405029146953263,0.0003973298112643967,0.007496190240945531,0.15160356525246368

Transition Gammas
1.0,1.0,623.8502440744005,3423.149755925607
1968.053358219955,599.9466417800439,1.0,1.0
79.2519226961063,56.0558597377026,692.5276591921432,134.47268552017624
143.83257397966554,67.25036339312669,1261.5046483069805,134.537695501808

71.7030924143804,101.8376251020349,165.1123122032007,744.9850710684528
18.895647044547726,21.58813131079877,207.4353549540316,68.0831838981319
1.205231574288794,2104.2496706002526,72.63258370675777,99.90585194697773
2956.638610707219,1.397687789809945,26.369361857145083,533.2961334331443

Iteration: ,20000
Error:,0.04112527495135954
Absolute Error:,0.11456971223030371
Transition Probabilities
0.00021630975556997573,0.00021630975556997573,0.15303426493227473,0.8465331155565853
0.7711869490463042,0.2281255294686493,0.0003437607425232038,0.0003437607425232038
0.08615314725060799,0.0564081185276515,0.7193773813065397,0.13806135291520089
0.08697755236165607,0.042134513207988264,0.7865912804014058,0.08429665402894973

0.06422106863509576,0.08820789967699993,0.1480435748776493,0.699527456810255
0.06378193715969746,0.07279929706258459,0.6593591414759455,0.20405962430177235
0.00046368845470319407,0.921486437640876,0.03224702782263301,0.04580284608178767
0.8426072206226304,0.00034930870104375955,0.007538110196999614,0.14950536047932622

Transition Gammas
1.0,1.0,707.4774067819076,3913.5225932181024
2243.3828347756994,663.617165224301,1.0,1.0
94.5469597183285,61.903903460507976,789.4655791833079,151.51252843684495
160.2856471304904,77.64713460766332,1449.5612831469173,155.34518246482426

80.38664541222715,110.41138530692913,185.30875633459237,875.6108676147563
22.93546726655083,26.17803674771202,237.100199204648,73.37818576879611
1.2089199874042484,2402.4824454580494,84.07385621476291,119.41633557323948
3398.7502830690687,1.4089756383451064,30.40580894491587,603.0465605006068

Iteration: ,22500
Error:,0.04196065148633052
Absolute Error:,0.11263029964413593
Transition Probabilities
0.0001917913310318372,0.0001917913310318372,0.1525065179469218,0.8471098993910146
0.7720136359263401,0.2273736189756207,0.00030637254901960795,0.00030637254901960795
0.0881664190912305,0.05412806860170922,0.7217027345040874,0.13600277780297299
0.09194175653551945,0.04271164845022693,0.7844398385747748,0.08090675643947884

0.06520532018711997,0.08889678992977033,0.1446859570301653,0.7012119328529445
0.060800598695952765,0.07100608292481515,0.6750020591591172,0.19319125922011487
0.00041324756332731367,0.9203648206751396,0.03148528046405392,0.04773665129747923
0.8433494673378261,0.00031214737966305634,0.007464778096680247,0.14887360718583062

Transition Gammas
1.0,1.0,795.168984575251,4416.831015424754
2519.8525076635733,742.1474923364258,1.0,1.0
108.42979606733354,66.56837717236654,887.5724014892958,167.2604333233494
190.42364690183803,88.4615235726908,1624.679584828141,167.56868914346205

92.08417439512905,125.54171168194192,204.32821833338136,990.2646245348964
24.67210092937945,28.81335516581913,273.9071536843479,78.39452815239899
1.2116442312540916,2698.514944991892,92.3150233156296,139.96413602121274
3831.0022486233934,1.4179617818055066,33.909527166869196,676.2737702200147

Iteration: ,25000
Error:,0.039280180370695986
Absolute Error:,0.111658072628187
Transition Probabilities
0.00017223561832586958,0.00017223561832586958,0.15268459269433138,0.846970936069017
0.7739809157180352,0.22546429926116046,0.00027739251040221924,0.00027739251040221924
0.08319481295715797,0.054366193055200095,0.722267273228774,0.14017172075886777
0.0928357725235434,0.043091449249221155,0.7832825826105273,0.08079019561670811

0.06802572297656026,0.08747849135164652,0.14228060132134437,0.7022151843504489
0.06385802026648933,0.06712956100897693,0.6741128892466256,0.1948995294779081
0.0003729581003273579,0.9188341553837337,0.03157628499027213,0.04921660152566697
0.8435351409973606,0.000281168458340527,0.007214641917119557,0.14896904862717947

Transition Gammas
1.0,1.0,886.4867451832891,4917.5132548167185
2790.2012011635156,812.7987988364831,1.0,1.0
114.44863898177425,74.78996082354547,993.6016857767128,192.830082722188
214.16908099954975,99.41055946191399,1807.0072162980864,186.38033032596567

106.26870911796466,136.65751637405938,222.2685062848499,1096.9894607319195
28.694112892396443,30.164154697721184,302.90746981413776,87.5766125879852
1.2145454907245692,2992.201749112061,102.82880172090938,160.27484427692957
4270.517404403435,1.423455569963338,36.52515749037898,754.1771337796372

Iteration: ,27500
Error:,0.04010566363905877
Absolute Error:,0.11196510168489815
Transition Probabilities
0.00015656802880851698,0.00015656802880851698,0.1538137024659189,0.8458731614764641
0.7751227996689515,0.224373168072984,0.0002520161290322582,0.0002520161290322582
0.08403743186488756,0.05320645165042632,0.7240920304798868,0.13866408600479924
0.09438500024564193,0.040791848172937385,0.7819058410195447,0.08291731056187607

0.0701382573048787,0.08573453847556647,0.14230572063634175,0.7018214835832131
0.06362761745794694,0.06891855713836849,0.6746956092200243,0.19275821618366024
0.00033795743156252893,0.9190120070683157,0.03136639125229564,0.049283644247826164
0.8413159943161505,0.0002571593854957061,0.006953184635022312,0.1514736616633316

Transition Gammas
1.0,1.0,982.4081176498261,5402.591882350187
3075.6872690863975,890.3127309135999,1.0,1.0
126.57902515553832,80.14072577472686,1090.64331580715,208.8588911045098
240.3350024046526,103.86935321521918,1990.9873570225589,211.1345232972646

119.97587536527466,146.6542896543913,243.42283453974193,1200.5095375700873
31.599201159891578,34.22682535778006,335.07214522891655,95.72896002958218
1.217479171866279,3310.7068311166427,112.9962666295535,177.54250914968904
4678.059185003211,1.4299107986242592,38.66253520275539,842.2551800006997

Iteration: ,30000
Error:,0.04125501934793472
Absolute Error:,0.11077975758670444
Transition Probabilities
0.00014396775122372583,0.00014396775122372583,0.15437979226380097,0.8453322722337515
0.7752748766695226,0.22426226751006545,0.00023142791020597098,0.00023142791020597098
0.08261092167984985,0.054188591723868335,0.7247802556014136,0.13842023099486828
0.09430435803334924,0.04214590516858887,0.7801888705090194,0.08336086628904238

0.07103107674584946,0.08574006143052543,0.13618476132341317,0.7070441005002119
0.06251460676963902,0.07479698973879186,0.6781489575105627,0.18453944598100636
0.0003116365907274714,0.9181298992176972,0.031037247788257897,0.0505212164033176
0.8405227770684313,0.0002372526378745292,0.006617630110501123,0.15262234018319315

Transition Gammas
1.0,1.0,1072.322037064362,5871.677962935641
3349.9627420890047,969.0372579109923,1.0,1.0
138.1717838518005,90.63371078124753,1212.2389967407669,231.51624323790017
263.553262283624,117.78555128014114,2180.401057895047,232.96938461207426

133.30203593228072,160.90597627489439,255.57413429500724,1326.8898967675252
34.11945518025301,40.82297995434211,370.12266663659534,100.71862691769478
1.2197720656151443,3593.6383499046938,121.48242206512855,197.744328885806
5088.7654566944075,1.436395373289494,40.06502670748827,924.0193292000037

Iteration: ,32500
Error:,0.0396827396293494
Absolute Error:,0.10965068687106785
Transition Probabilities
0.00013304949441192117,0.00013304949441192117,0.15477482377251292,0.8449590772386631
0.7797583691549684,0.2198129981832228,0.00021431633090441505,0.00021431633090441505
0.08197419012419381,0.05592143667082075,0.7251856580725929,0.13691871513239254
0.09415319551305093,0.04231805960383192,0.7802092153669646,0.08331952951615251

0.07142534929680261,0.08355739682121494,0.1356869949563676,0.7093302589256149
0.06015161242035064,0.07408884652450301,0.680987895674319,0.18477164538082733
0.0002873161267368971,0.9184749945377164,0.030561278943354905,0.05067641039219172
0.8405806679802525,0.00022011388661721197,0.00649214814246058,0.1527070699906697

Transition Gammas
1.0,1.0,1163.2875754742076,6350.7124245257955
3638.3525504770805,1025.647449522917,1.0,1.0
150.00632449643405,102.33183350565518,1327.0327523844785,250.5504864478401
285.5822799434666,128.35770340657896,2366.5041355555036,252.72197160574902

145.42533550127374,170.12674891996934,276.2650369785832,1444.2294213614812
35.675997548742,43.94218875673962,403.89478385088904,109.58829701218829
1.222227756923952,3907.1445279246477,130.00608018730827,215.57479597838406
5502.354739624274,1.440842899939009,42.496935110159,999.6047998061227

Iteration: ,35000
Error:,0.04170266780642009
Absolute Error:,0.10877344158358149
Transition Probabilities
0.0001235941169200345,0.0001235941169200345,0.15417153576220705,0.8455812760039528
0.778872948228281,0.2207311689530332,0.0001979414093428346,0.0001979414093428346
0.08376949182122694,0.0574280713369835,0.7264409108640913,0.1323615259776982
0.09421297338781826,0.04201788159847946,0.7817356133398806,0.08203353167382169

0.07244880847879084,0.08444483783925098,0.13482074323591284,0.7082856104460454
0.06081347317729165,0.07226437846511058,0.6847612280917217,0.18216092026587621
0.00026628806556837847,0.9178130805055119,0.03031138363898495,0.051609247789934816
0.8401469186620804,0.00020626242191502616,0.00642047727964456,0.1532263416363601

Transition Gammas
1.0,1.0,1247.4018958520182,6841.598104147988
3934.8661344492743,1115.1338655507234,1.0,1.0
165.59132271373187,113.52092613721632,1435.9918949976413,261.6456144897025
309.204515636667,137.9015889272055,2565.6358459645485,269.2319063400766

157.59706811168618,183.6918941810987,293.2740275616597,1540.7256231780561
38.98461195663546,46.325240206832156,438.9677051050777,116.77466224508545
1.2245371836771757,4220.603136477004,139.38820831273753,237.32735751973155
5884.948810455353,1.4447994362979975,44.973300847869005,1073.2993919436271

Iteration: ,37500
Error:,0.04202391544186289
Absolute Error:,0.10824147708759521
Transition Probabilities
0.00011572734637194759,0.00011572734637194759,0.15497989306132237,0.8447886522459337
0.7789638127476485,0.22066629637016175,0.000184945441094877,0.000184945441094877
0.0833085371244129,0.05503999192662184,0.7301944668232425,0.1314570041257228
0.09513568548727619,0.04214450624273308,0.780447934646441,0.08227187362354972

0.07094740779458046,0.0852551596174189,0.1311701540196425,0.7126272785683581
0.06106867249683041,0.07404578364138735,0.6836925114506422,0.18119303241114007
0.00024819491671508386,0.9173723451631662,0.03002945654843798,0.052350003371680685
0.8388444250957713,0.0001934074941346786,0.006466600490818667,0.15449556691927538

Transition Gammas
1.0,1.0,1339.1812559428877,7299.818744057119
4211.857335526535,1193.1426644734645,1.0,1.0
175.8287556080948,116.16592516424772,1541.128783256759,277.4496137997924
335.6640825394721,148.69706303780242,2753.6285528521275,290.2771219569931

165.82972535506534,199.27211076397913,306.5920417957895,1665.6674226587543
42.912302665823916,52.031179798647905,480.42341158226407,127.32240492322549
1.2271285411288733,4535.684302045312,148.4720303416998,258.8295687752817
6286.959367716686,1.4495477595834323,48.46578616576263,1157.91119623039

Iteration: ,40000
Error:,0.038983488588036345
Absolute Error:,0.10741238791045252
Transition Probabilities
0.00010895619960775764,0.00010895619960775764,0.15479329466825428,0.8449887929325302
0.778063062355544,0.22158874822941424,0.0001740947075208914,0.0001740947075208914
0.08085598475795028,0.05484365475120224,0.7312288517901491,0.13307150870069834
0.09414539041454038,0.04248344123244369,0.7813400367592961,0.0820311315937198

0.0696924699987433,0.08429389016871215,0.12827906432471978,0.7177345755078246
0.05992131042053791,0.07087267856861187,0.6840486721258102,0.18515733888503988
0.00023355254393365326,0.9159429461050002,0.030241123463995753,0.05358237788707046
0.8390720265903624,0.0001814467039855433,0.006232689360329159,0.1545138373453229

Transition Gammas
1.0,1.0,1420.6928584652385,7755.307141534765
4469.194230170244,1272.8057698297553,1.0,1.0
183.36017585114794,124.37103090889389,1658.2353335136554,301.7712950894268
354.358393110426,159.90548132672967,2940.92359360064,308.7609478125967

175.56135129174694,212.34358983006427,323.1460425451247,1808.0353867101312
45.16922460556085,53.42446475546572,515.6420628243832,139.5732731605911
1.2292989936453875,4821.046788526221,159.17352906914402,282.02973987906694
6727.872144058399,1.454881329241978,49.975134197149686,1238.9274212506664

Iteration: ,42500
Error:,0.040533355780272555
Absolute Error:,0.10700761682392568
Transition Probabilities
0.00010241704219582133,0.00010241704219582133,0.1542562641487576,0.8455389017668508
0.7800469962474809,0.21962465044435966,0.00016417665407978996,0.00016417665407978996
0.07963093880369684,0.05573174982607133,0.7327515423370711,0.1318857690331607
0.09346486611911609,0.043421193957324536,0.7799930510275725,0.08312088889598686

0.07042829872782198,0.0830493681534414,0.1268191580531397,0.7197031750655969
0.06166292483615772,0.07341266113166395,0.6788202308401047,0.1861041831920736
0.00022049878936583646,0.9151238138398191,0.030572026537700418,0.0540836608331146
0.8386697283208966,0.00017089950235950956,0.006227928216123364,0.15493144396062056

Transition Gammas
1.0,1.0,1506.15816314847,8255.841836851536
4751.266254143403,1337.733745856594,1.0,1.0
191.83339054899247,134.25950630469208,1765.2210925585396,317.7168901795992
374.65540251083985,174.05454664483202,3126.6145517820905,333.19140527838874

188.7698641529684,222.59827693554476,339.9150010736792,1929.0295668312563
48.60911603472558,57.8714774371932,535.1165462115293,146.70662897305115
1.2307284236054128,5107.823458124415,170.63976693650065,301.87149249837074
7162.288920323365,1.4594918248556912,53.18687410861472,1323.1236647953356

Iteration: ,45000
Error:,0.04003119985287689
Absolute Error:,0.10718051186943839
Transition Probabilities
9.676795045480932e-05,9.676795045480932e-05,0.1545417747373622,0.8452646893617282
0.7814918229515553,0.21819732843172107,0.00015542430836182792,0.00015542430836182792
0.07971802384497619,0.05513076505456033,0.7355978484200301,0.12955336268043346
0.09506954236177846,0.043193357984770024,0.7774841382968812,0.08425296135657037

0.06955989269455569,0.08446683064426085,0.1257308627426686,0.7202424139185147
0.06003231556131624,0.07690032221353252,0.6758176139211279,0.1872497483040233
0.00020846698959317567,0.9131961491901769,0.030704177360753444,0.055891206459476435
0.8386310250065746,0.00016180107157570282,0.006095592536705226,0.15511158138514455

Transition Gammas
1.0,1.0,1597.0347001359019,8734.965299864103
5028.118388870303,1403.8816111296921,1.0,1.0
203.563535551157,140.77887171376142,1878.381971176297,330.8202998239819
404.9157853039901,183.9671469308664,3311.424380501125,358.8463051821535

197.5763238107276,239.91764846328687,357.1230588196684,2045.7600332917464
50.03502997128822,64.0939782312048,563.2725349920972,156.0667230791482
1.2323135387404998,5398.187887534897,181.50198998597062,330.3903920278416
7581.8689965915555,1.4628060393848357,55.10884130424093,1402.3279068492554

Iteration: ,47500
Error:,0.04026147714493441
Absolute Error:,0.10571262631293052
Transition Probabilities
9.195402298850583e-05,9.195402298850583e-05,0.15432107149265592,0.8454950204613672
0.782842435379934,0.21686301381005132,0.00014727540500736395,0.00014727540500736395
0.07918108854502191,0.055776780391920605,0.7375146277762252,0.12752750328683224
0.09496490366792366,0.04279973301907441,0.7785229035748981,0.0837124597381039

0.07013930370860383,0.08479325044590878,0.12581222991880983,0.7192552159266776
0.05903700135063908,0.07616106232902328,0.682821460702028,0.18198047561830963
0.00019698627885620417,0.9110431603437593,0.031143919436443946,0.057615933940940584
0.8382843586051315,0.00015413505373705662,0.006139397809189376,0.15542210853194202

Transition Gammas
1.0,1.0,1678.2416524826317,9194.75834751736
5315.500136229745,1472.4998637702467,1.0,1.0
214.56428141264976,151.1434740821838,1998.5112486821502,345.57300999379584
427.4599180577857,192.6519131025899,3504.319213884919,376.8099560780396

210.8647542381501,254.91995173794663,378.23821365835965,2162.3478751797475
52.214679854941174,67.35988271665704,603.9145477068465,160.95079453348802
1.2339064648943323,5706.702273240708,195.08304719451328,360.9016515436972
7975.1051964271755,1.4663798213477217,58.40779786523871,1478.6243506383034

Iteration: ,50000
Error:,0.03933869391838486
Absolute Error:,0.10458664681332072
Transition Probabilities
8.735913339739674e-05,8.735913339739674e-05,0.15459171233939928,0.8452335693938059
0.7823882322503347,0.21733298325008338,0.0001393922497909117,0.0001393922497909117
0.0786554351878411,0.05519024919390601,0.7397699029596541,0.12638441265859882
0.09606867415233834,0.0437233131385624,0.7780323476392189,0.08217566506988043

0.06908924086433392,0.08379765921348885,0.12588098134258235,0.7212321185795949
0.05909646252059893,0.07410113858977094,0.6887322354607083,0.17807016342892185
0.00018693888097248335,0.9116497518385362,0.03086891434541186,0.05729439493507923
0.8379358374238748,0.00014689302564776542,0.0061913197973680265,0.15572594975310947

Transition Gammas
1.0,1.0,1769.6113311491026,9675.388668850892
5612.8531781638985,1559.1468218360974,1.0,1.0
223.8994301890303,157.10376933260366,2105.8183626865907,359.76405077992473
454.45429838874423,206.8337860488011,3680.4936446759793,388.73321135609694

218.7373113314927,265.30432876262216,398.54059853855824,2283.428975197466
54.863608774160284,68.79355724366667,639.4009777370036,165.31567819833253
1.2351705147155017,6023.588497806474,203.96170460838184,378.5640895790526
8382.467022763041,1.4694752132237612,61.936167079776375,1557.837223440733

Iteration: ,52500
Error:,0.040371228520636036
Absolute Error:,0.10436123797139796
Transition Probabilities
8.299443937256203e-05,8.299443937256203e-05,0.15538064710514682,0.8444533640161082
0.7828950011204728,0.21683942989798416,0.00013278449077147798,0.00013278449077147798
0.07645340959536934,0.055250905865086984,0.7401094839965938,0.12818620054294969
0.09554982019797914,0.04325612057213172,0.778225802422185,0.08296825680770412

0.06914982954067578,0.08402372795533276,0.12485605310628697,0.7219703893977044
0.06035432617943794,0.07282525968783865,0.6883900688381535,0.17843034529456994
0.00017811589485732066,0.9121563927675516,0.030687058972294932,0.05697843236529612
0.8382964499168283,0.00014001720729152245,0.006242815537022113,0.15532071733885822

Transition Gammas
1.0,1.0,1872.1814169699144,10174.818583030088
5895.982253438277,1633.0177465617178,1.0,1.0
228.69828467474144,165.27434767064116,2213.9204825180345,383.44874791458125
473.93959807540875,214.5560123062494,3860.1017066035624,411.5333990475917

228.29457254906424,277.3999760369343,412.2057778507792,2383.5477619460758
58.86705958863548,71.03068119518478,671.4265864230024,174.0334195372848
1.2365949915253365,6332.77579009851,213.0492815376207,395.58088930991556
8814.504892516352,1.4722504894659287,65.64184794009095,1633.1635700334268

Iteration: ,54019
Error:,0.03921949624101375
Absolute Error:,0.10396772879027047
Transition Probabilities
8.05671930389945e-05,8.05671930389945e-05,0.15500004278546536,0.8448388228284567
0.7839697895355878,0.21577161206772222,0.00012929919834497031,0.00012929919834497031
0.07692213977229179,0.05509257165939036,0.7395681761922266,0.12841711237609127
0.09546243200589266,0.04309371539015017,0.7781390139372917,0.08330483866666546

0.06861480769883725,0.08338193590553794,0.12467622791090305,0.7233270284847217
0.06143957041471041,0.0723903951726097,0.6892714394089059,0.176898595003774
0.00017329393823750568,0.9122954350637215,0.030540066987909755,0.056991204010131254
0.8392243776122841,0.00013602979819101192,0.0060965371376141995,0.15454305545191088

*,*,*,*,*,*,*,*,*,*,*
Model Num 2
Model States: 
"['diamond', 'x', 'square']","['diamond', 'x', 'diamond']","['square', 'y', 'diamond', 'x', 'diamond']","['square', 'y', 'diamond', 'x', 'square']"
Iteration: ,54019
Error:,0.03819002580740828
Absolute Error:,0.10396772879027047
Transition Probabilities
8.05671930389945e-05,8.05671930389945e-05,0.15500004278546536,0.8448388228284567
0.7839697895355878,0.21577161206772222,0.00012929919834497031,0.00012929919834497031
0.07692213977229179,0.05509257165939036,0.7395681761922266,0.12841711237609127
0.09546243200589266,0.04309371539015017,0.7781390139372917,0.08330483866666546

0.06861480769883725,0.08338193590553794,0.12467622791090305,0.7233270284847217
0.06143957041471041,0.0723903951726097,0.6892714394089059,0.176898595003774
0.00017329393823750568,0.9122954350637215,0.030540066987909755,0.056991204010131254
0.8392243776122841,0.00013602979819101192,0.0060965371376141995,0.15454305545191088

Transition Gammas
1.0,1.0,1923.8605310531966,10486.139468946807
6063.222352268234,1668.777647731763,1.0,1.0
235.68692356742216,168.8018399417519,2266.0127335394573,393.4658375199688
486.95455725923046,219.82135440641744,3969.2927474818403,424.93858555765354

233.75425216178402,284.0623288918891,424.74211318323285,2464.202324285124
61.48191173498209,72.44028329659734,689.7464535174541,177.02050536245827
1.2372244245855717,6513.292999041966,218.039460527095,406.8861860086288
9099.605276760522,1.4749541391270977,66.10399195652325,1675.6910790389293

