0,1,2,3,4,5,6,7,8,9,10,11,12,13,14,15,16,17,18,19,20,21,22,23,24,25,26,27,28,29
github Code Version (SHA):,528ca1c557fe8e6666681dc5c9134b0f84d30530
Environment Observations,Environment Actions,alpha,epsilon,numActions,explore,patience,gainThresh,insertRandActions,useUpdatedPosterior,revisedSplitting,haveControl,confidence_factor
"['diamond', 'square']","['x', 'y']",0.75,0.99,75000,0.5,0,0.01,False,True,False,False,250

Model Num 0
Model States: 
['diamond'],['square']
Iteration: ,0
Error:,0.4041768870938555
Absolute Error:,1
Transition Probabilities
0.5,0.5
0.5,0.5

0.5,0.5
0.5,0.5

Transition Gammas
1.0,1.0
1.0,1.0

1.0,1.0
1.0,1.0

Iteration: ,2404
Error:,0.06294267921643773
Absolute Error:,1
Transition Probabilities
0.458,0.542
0.20028818443804033,0.7997118155619597

0.1576923076923077,0.8423076923076923
0.8189655172413793,0.1810344827586207


Model Num 1
Model States: 
['square'],"['diamond', 'x', 'square']","['diamond', 'x', 'diamond']"
Iteration: ,0
Error:,0.4729440158462051
Absolute Error:,1
Transition Probabilities
0.3333333333333333,0.3333333333333333,0.3333333333333333
0.3333333333333333,0.3333333333333333,0.3333333333333333
0.3333333333333333,0.3333333333333333,0.3333333333333333

0.3333333333333333,0.3333333333333333,0.3333333333333333
0.3333333333333333,0.3333333333333333,0.3333333333333333
0.3333333333333333,0.3333333333333333,0.3333333333333333

Transition Gammas
1.0,1.0,1.0
1.0,1.0,1.0
1.0,1.0,1.0

1.0,1.0,1.0
1.0,1.0,1.0
1.0,1.0,1.0

Iteration: ,2500
Error:,0.05167964176623683
Absolute Error:,1
Transition Probabilities
0.8071216617210683,0.10360924374484556,0.08926909453408619
0.9959839357429718,0.002008032128514056,0.002008032128514056
0.002702702702702702,0.7616686104128735,0.23562868688442376

0.1643059490084986,0.41850078327122975,0.41719326772027165
0.9027064986574693,0.03381091172061202,0.06348258962191856
0.6705707110528968,0.1885988050431497,0.1408304839039534

Transition Gammas
544.0,69.83263028402591,60.16736971597409
496.0,1.0,1.0
1.0,281.81738585276327,87.18261414723682

116.0,295.4615529894882,294.5384470105118
114.21014135498876,4.277745881629467,8.031797206603692
24.12689731001172,6.78571838445245,5.067031063636646

Iteration: ,5000
Error:,0.04863006679254064
Absolute Error:,1
Transition Probabilities
0.8116788321167884,0.09695704924084105,0.09136411864237066
0.9979423868312757,0.00102880658436214,0.00102880658436214
0.001385041551246537,0.7700996405767435,0.22851531787201002

0.16071428571428573,0.4229300731354234,0.4163556411502908
0.902259224146198,0.03176571339249907,0.06597506246130287
0.7143921486261452,0.18666476963072026,0.09894308174313458

Transition Gammas
1112.0,132.83115745995224,125.1688425400478
970.0,1.0,1.0
1.0,556.011940496409,164.98805950359127

225.0,592.1021023895928,582.8978976104071
236.15758001790527,8.314366649355973,17.26833117958441
49.66055072201415,12.975891851676227,6.877970228181622

Iteration: ,7500
Error:,0.04244438946111205
Absolute Error:,1
Transition Probabilities
0.8104035002430724,0.09978556247504952,0.08981093728187807
0.9986187845303868,0.0006906077348066298,0.0006906077348066298
0.0009074410163339382,0.767251832553242,0.23184072643042397

0.16714422158548234,0.4138264244864652,0.4190293539280524
0.8971427883327369,0.029602324702205633,0.07325488696505762
0.7614045410473379,0.15086296369853727,0.08773249525412483

Transition Gammas
1667.0,205.25890201117687,184.74109798882319
1446.0,1.0,1.0
1.0,845.5115194736729,255.48848052632727

350.0,866.5525328746581,877.4474671253417
350.50347786080187,11.565291384853223,28.619850692072596
76.31113837674795,15.120115363233202,8.792916543767584

Iteration: ,10000
Error:,0.044355874495007726
Absolute Error:,1
Transition Probabilities
0.8104882459312839,0.10016561413279972,0.08934613993591642
0.9989588755856325,0.0005205622071837585,0.0005205622071837585
0.0006788866259334691,0.7665002284352396,0.23282088493882688

0.17146974063400577,0.4049340339200938,0.4235962254459003
0.8884411735972333,0.034615807920062094,0.07694301848270467
0.7700408900406365,0.1439822540649935,0.08597685589436999

Transition Gammas
2241.0,276.9579230771912,247.04207692280892
1919.0,1.0,1.0
1.0,1129.054836485108,342.945163514892

476.0,1124.0968781621805,1175.9031218378193
419.4125322353459,16.341322404433416,36.323019664880924
132.2792274722183,24.73357140348861,14.769283326755971

Iteration: ,12500
Error:,0.043971777244784696
Absolute Error:,1
Transition Probabilities
0.8177583697234352,0.09786695736663927,0.08437467290992556
0.9991596638655462,0.0004201680672268908,0.0004201680672268908
0.0005414185165132648,0.7679608553384659,0.23149772614502076

0.17059161401493395,0.3994300411898748,0.4299783447951912
0.8894417783464574,0.038079462062742694,0.07247875959079988
0.7443679496619958,0.15549865150927017,0.10013339882873404

Transition Gammas
2809.0,336.17299855440586,289.8270014455943
2378.0,1.0,1.0
1.0,1418.4236998101464,427.57630018985327

594.0,1390.815403423144,1497.1845965768557
507.7939949804555,21.740065104086895,41.37907593261736
187.2818844818208,39.123232673118,25.193416294630282

Iteration: ,15000
Error:,0.042154311352184774
Absolute Error:,1
Transition Probabilities
0.8195726080621661,0.09672825002673752,0.08369914191109643
0.9992972593113141,0.00035137034434293746,0.00035137034434293746
0.00044365572315882855,0.7602422662973191,0.2393140779795221

0.1693121693121693,0.39758095501255286,0.4331068756752778
0.8814307378715364,0.04015180024814869,0.07841746188031501
0.7506690575098921,0.14893833653848393,0.10039260595162397

Transition Gammas
3375.0,398.3269336101051,344.6730663898951
2844.0,1.0,1.0
1.0,1713.586068234158,539.413931765843

704.0,1653.1416109421948,1800.858389057805
590.076552863896,26.87974773709375,52.496814102954716
237.46044014512526,47.11392136799928,31.757366522696458

Iteration: ,17500
Error:,0.04188973200755236
Absolute Error:,1
Transition Probabilities
0.819658475635152,0.09669610143823393,0.08364542292661409
0.9993959528843249,0.0003020235578375113,0.0003020235578375113
0.0003834355828220859,0.7629458642293223,0.23667070018785558

0.16982297241663236,0.3955086272415841,0.43466840034178356
0.8794475925245084,0.04174377704302656,0.07880863043246505
0.7448918754648097,0.15588184409924075,0.09922628043594967

Transition Gammas
3936.0,464.33467910639934,401.66532089360084
3309.0,1.0,1.0
1.0,1989.7628139100725,617.2371860899274

825.0,1921.3809111396156,2111.6190888603846
664.9659150828628,31.563209833515568,59.58860254710499
302.55940530916496,63.3159249048493,40.30362712844444

Iteration: ,20000
Error:,0.0443259738092335
Absolute Error:,1
Transition Probabilities
0.8190094683175528,0.09769727216318057,0.08329325951926662
0.9994721562417525,0.0002639218791237794,0.0002639218791237794
0.00033772374197906093,0.7607867058525223,0.23887557040549862

0.1722092396189106,0.3959531980699385,0.43183756231115095
0.8758165808374364,0.04538659386902973,0.07879682529353375
0.7483529953480049,0.15136794582005372,0.10027905883194148

Transition Gammas
4498.0,536.5534187201877,457.44658127981234
3787.0,1.0,1.0
1.0,2252.68943602932,707.3105639706819

958.0,2202.6876408630687,2402.3123591369335
731.0864927261549,37.88638677834566,65.77552412483712
365.29777351656867,73.88809015741136,48.949783256510464

Iteration: ,22500
Error:,0.04272137897819074
Absolute Error:,1
Transition Probabilities
0.8184605454252057,0.09805063275661838,0.08348882181817585
0.9995294117647059,0.00023529411764705883,0.00023529411764705883
0.0003014772384684955,0.7598348446157582,0.2398636781457732

0.17337807606263977,0.3947587653813207,0.4318631585560396
0.8783377235394949,0.04687630988957556,0.07478596657092937
0.7533630839332324,0.14541790602459226,0.10121901004217523

Transition Gammas
5072.0,607.6197711927641,517.3802288072358
4248.0,1.0,1.0
1.0,2520.372179590471,795.62782040953

1085.0,2470.400353756306,2702.5996462436965
808.164278986612,43.13119904585125,68.81105653592518
428.6161714871138,82.73363465133308,57.587245102970606

Iteration: ,25000
Error:,0.04384846138555141
Absolute Error:,1
Transition Probabilities
0.8185519046234371,0.09604655223217613,0.0854015431443868
0.9995777027027027,0.00021114864864864866,0.00021114864864864866
0.00027166530834012495,0.7613145042111229,0.23841383048053696

0.1731514716439339,0.39676811311890575,0.4300804152371604
0.879522934903258,0.04635451692087203,0.07412254817587001
0.7560051689659079,0.14566714844037457,0.09832768259371767

Transition Gammas
5630.0,660.6081862529074,587.3918137470924
4734.0,1.0,1.0
1.0,2802.3986900011437,877.6013099988567

1206.0,2763.489907873179,2995.510092126823
885.153406873218,46.65126621284214,74.59706102060004
484.70156013483825,93.39234307884284,63.0413429881818

Iteration: ,27500
Error:,0.042851754324153966
Absolute Error:,1
Transition Probabilities
0.8161784111902877,0.09661986055850873,0.08720172825120359
0.9996167848246791,0.00019160758766047136,0.00019160758766047136
0.00024673081667900314,0.7639911747081847,0.23576209447513632

0.17178075006556512,0.3975282241856709,0.430691025748764
0.8722204011586726,0.04812265016769533,0.0796569486736321
0.7555886309198038,0.14476921891812872,0.09964215016206752

Transition Gammas
6185.0,732.1853033123791,660.8146966876208
5217.0,1.0,1.0
1.0,3096.4562310922734,955.5437689077278

1310.0,3031.550237639927,3284.449762360075
962.9151736607415,53.12651479108403,87.9397964820151
539.5941623314842,103.38512547286066,71.15819422025608

Iteration: ,28767
Error:,0.042098267982143646
Absolute Error:,1
Transition Probabilities
0.8165218486336734,0.09651823237119585,0.08695991899513081
0.999633431085044,0.00018328445747800586,0.00018328445747800586
0.0002349072116513976,0.7630633741797752,0.23670171860857328

0.17083595223130102,0.3964583609746813,0.4327056867940177
0.8697495634899433,0.048845268272116917,0.08140516823793995
0.7563973107024972,0.1446131381551683,0.09898955114233468

*,*,*,*,*,*,*,*,*,*,*
Model Num 1
Model States: 
['square'],"['diamond', 'x', 'square']","['diamond', 'x', 'diamond']"
Iteration: ,28767
Error:,0.04348249821689523
Absolute Error:,1
Transition Probabilities
0.8165218486336734,0.09651823237119585,0.08695991899513081
0.999633431085044,0.00018328445747800586,0.00018328445747800586
0.0002349072116513976,0.7630633741797752,0.23670171860857328

0.17083595223130102,0.3964583609746813,0.4327056867940177
0.8697495634899433,0.048845268272116917,0.08140516823793995
0.7563973107024972,0.1446131381551683,0.09898955114233468

Transition Gammas
6484.0,766.4512832596662,690.5487167403337
5454.0,1.0,1.0
1.0,3248.3607838833045,1007.6392161166968

1359.0,3153.8262615535905,3442.173738446412
999.1498970052394,56.112410758160976,93.51653496009183
567.3008506516808,108.46040186822304,74.24253864218443

