0,1,2,3,4,5,6,7,8,9,10,11,12,13,14,15,16,17,18,19,20,21,22,23,24,25,26,27,28,29
github Code Version (SHA):,ddb97f21bb9c22f159e8ea0ce9d830001061547e
Environment Observations,Environment Actions,alpha,epsilon,numActions,explore,patience,gainThresh,insertRandActions,useBudd,revisedSplitting,haveControl,confidence_factor
"['square', 'diamond']","['x', 'y']",0.99,0.99,75000,0.5,0,0.01,False,True,False,False,250

Model Num 0
Model States: 
['square'],['diamond']
Iteration: ,0
Error:,0.6765117822878057
Absolute Error:,1
Transition Probabilities
0.5,0.5
0.5,0.5

0.5,0.5
0.5,0.5

Transition Gammas
1.0,1.0
1.0,1.0

1.0,1.0
1.0,1.0

Iteration: ,2500
Error:,0.2550287638314137
Absolute Error:,1
Transition Probabilities
0.9769021739130435,0.02309782608695652
0.9822134387351779,0.017786561264822136

0.19289340101522842,0.8071065989847716
0.32983193277310924,0.6701680672268907

Transition Gammas
719.0,17.0
497.0,9.0

152.0,636.0
157.0,319.0

Iteration: ,2583
Error:,0.25281280128961164
Absolute Error:,1
Transition Probabilities
0.9752604166666666,0.024739583333333332
0.9825581395348837,0.01744186046511628

0.19006211180124225,0.8099378881987578
0.33,0.67


Model Num 1
Model States: 
['diamond'],"['square', 'y', 'diamond']","['square', 'y', 'square']"
Iteration: ,0
Error:,0.6176880009915741
Absolute Error:,1
Transition Probabilities
0.3333333333333333,0.3333333333333333,0.3333333333333333
0.3333333333333333,0.3333333333333333,0.3333333333333333
0.3333333333333333,0.3333333333333333,0.3333333333333333

0.3333333333333333,0.3333333333333333,0.3333333333333333
0.3333333333333333,0.3333333333333333,0.3333333333333333
0.3333333333333333,0.3333333333333333,0.3333333333333333

Transition Gammas
1.0,1.0,1.0
1.0,1.0,1.0
1.0,1.0,1.0

1.0,1.0,1.0
1.0,1.0,1.0
1.0,1.0,1.0

Iteration: ,2500
Error:,0.13344586304148345
Absolute Error:,1
Transition Probabilities
0.01871101871101872,0.9659062512661922,0.015382730022789068
0.03023846701083443,0.9500165371215759,0.019744995867589772
0.006246255873909105,0.9863731459232958,0.007380598202795102

0.6468172484599589,0.008959391808169495,0.3442233597318716
0.9968602825745683,0.0015698587127158557,0.0015698587127158557
0.001956947162426615,0.02047359729925014,0.9775694555383233

Transition Gammas
9.0,464.6009068590383,7.399093140961539
6.586394888201821,206.9279524508566,4.300758361965343
1.0,157.91430351795566,1.1816035640845577

315.0,4.363223810578544,167.63677618942148
635.0,1.0,1.0
1.0,10.462008219916822,499.53799178008313

Iteration: ,5000
Error:,0.12672065962397971
Absolute Error:,1
Transition Probabilities
0.019133937562940576,0.9643039179017472,0.01656214453531224
0.024708990701969705,0.958289682224469,0.01700132707356137
0.003100273732510844,0.9812610015736781,0.015638724693811057

0.650677789363921,0.008756137420467243,0.3405660732156118
0.9984591679506933,0.0007704160246533128,0.0007704160246533128
0.0010141987829614604,0.0208012113739593,0.9781845898430792

Transition Gammas
19.0,957.5537904764353,16.44620952356506
10.573277125230407,410.0637900843351,7.27507427614666
1.0,316.5078590589407,5.044304485057711

624.0,8.397135786228084,326.60286421377157
1296.0,1.0,1.0
1.0,20.509994414723874,964.4900055852762

Iteration: ,7500
Error:,0.12563353093986876
Absolute Error:,1
Transition Probabilities
0.018157363819771354,0.9647070892189039,0.017135546961324768
0.025193379773697813,0.9606973702657894,0.014109249960512696
0.01359134141646268,0.9737520600610954,0.012656598522441914

0.6468114926419062,0.008706791620052022,0.34448171573804176
0.9989696032972695,0.0005151983513652757,0.0005151983513652757
0.0006706908115358823,0.02654757948883954,0.9727817296996245

Transition Gammas
27.0,1434.51944166851,25.480558331489927
16.53612709302807,630.5709656803704,9.260859504762442
6.473687735070652,463.80755034096774,6.028460628853083

923.0,12.424591641814233,491.5754083581855
1939.0,1.0,1.0
1.0,39.582441017859736,1450.4175589821396

Iteration: ,10000
Error:,0.12546094046889802
Absolute Error:,1
Transition Probabilities
0.016915422885572136,0.9634210054630056,0.01966357165142227
0.022658552442433366,0.9608358540273624,0.01650559353020423
0.014669498642737993,0.9727913480310271,0.012539153326234965

0.6512605042016808,0.007063000668771017,0.3416764951295482
0.9992340099578706,0.00038299502106472615,0.00038299502106472615
0.000513083632632119,0.028565144702601446,0.9709217716647665

Transition Gammas
34.0,1936.4762209806418,39.52377901935878
19.504736347325345,827.0982911849355,14.208200231708128
9.329780863116284,618.693952922374,7.974884186018283

1240.0,13.447953273340012,650.5520467266596
2609.0,1.0,1.0
1.0,55.67346702537022,1892.3265329746298

Iteration: ,11881
Error:,0.12909549114205665
Absolute Error:,1
Transition Probabilities
0.017894298793175188,0.9643932005133055,0.017712500693519293
0.02578417891749659,0.9603454210023115,0.013870400080191947
0.014950238490719036,0.9705472662425841,0.014502495266696783

0.6536435469710273,0.007666897728770375,0.3386895553002022
0.9993571198971392,0.0003214400514304082,0.0003214400514304082
0.00043898156277436337,0.028421328886877536,0.9711396895503481


Model Num 2
Model States: 
"['square', 'y', 'diamond']","['square', 'y', 'square']","['diamond', 'y', 'diamond']","['diamond', 'y', 'square', 'y', 'square']"
Iteration: ,0
Error:,0.6761236169780869
Absolute Error:,0.74
Transition Probabilities
0.25,0.25,0.25,0.25
0.25,0.25,0.25,0.25
0.25,0.25,0.25,0.25
0.25,0.25,0.25,0.25

0.25,0.25,0.25,0.25
0.25,0.25,0.25,0.25
0.25,0.25,0.25,0.25
0.25,0.25,0.25,0.25

Transition Gammas
1.0,1.0,1.0,1.0
1.0,1.0,1.0,1.0
1.0,1.0,1.0,1.0
1.0,1.0,1.0,1.0

1.0,1.0,1.0,1.0
1.0,1.0,1.0,1.0
1.0,1.0,1.0,1.0
1.0,1.0,1.0,1.0

Iteration: ,2500
Error:,0.030834757098769757
Absolute Error:,0.03352795490162064
Transition Probabilities
0.9559368937477071,0.02595419071776985,0.011984772667536066,0.006124142866987063
0.9539397687238088,0.022837020615050267,0.009690457012773991,0.013532753648366922
0.9556155669250277,0.014794764849439894,0.021849115725606105,0.007740552499926354
0.941516363664487,0.01846012954003437,0.02009304021972258,0.019930466575756065

0.0020703933747412014,0.0020703933747412014,0.9536189376545239,0.04224027559599373
0.025738112008275957,0.9715987721461847,0.0013315579227696408,0.0013315579227696408
0.002890173410404624,0.002890173410404624,0.035831690680875446,0.9583879624983153
0.024253695207488445,0.9685778460111495,0.0035842293906810027,0.0035842293906810027

Transition Gammas
156.0931732832036,4.238011960445775,1.956971437120032,1.0
241.54172047993316,5.782433473105366,2.4536660865220146,3.426552394844147
123.45573096159734,1.911331891306293,2.8226816788354556,1.0
69.60442543939904,1.3647205293065425,1.4854383564627138,1.4734196114715634

1.0,1.0,460.5979468871349,20.402053112864966
19.329322118215238,729.6706778817845,1.0,1.0
1.0,1.0,12.397764975582904,331.6022350244171
6.766780962889277,270.23321903711076,1.0,1.0

Iteration: ,5000
Error:,0.022374982497595796
Absolute Error:,0.025132616627816802
Transition Probabilities
0.9615907897669076,0.024016296314701976,0.010862942773522025,0.003529971144868322
0.9680864357965262,0.014962570064386473,0.010333640255846684,0.006617353883240739
0.9751278988183892,0.00830574692857696,0.012232654603189955,0.004333699649843882
0.955364626194706,0.009741643838707462,0.021022575645764967,0.013871154320821458

0.0010604453870625662,0.0010604453870625662,0.9590440027370474,0.03883510648882755
0.02603580003108415,0.9726458084066218,0.000659195781147001,0.000659195781147001
0.001430615164520744,0.001430615164520744,0.03073552644046693,0.9664032432304915
0.018957583972018216,0.9775336440981572,0.0017543859649122803,0.0017543859649122803

Transition Gammas
328.8030574891594,8.212050013242958,3.714437404428154,1.2070262294864131
501.2878188963016,7.747814487750831,5.350894087107291,3.426552394844147
225.01049394447938,1.91654881502371,2.8226816788354556,1.0
134.21102833885766,1.3685204595772487,2.953282357739839,1.948640167953031

1.0,1.0,904.3784945810357,36.62150541896438
39.496308647154635,1475.5036913528445,1.0,1.0
1.0,1.0,21.484132981886383,675.5158670181136
10.805822864050386,557.1941771359498,1.0,1.0

Iteration: ,7500
Error:,0.02479813502978726
Absolute Error:,0.025657289841964623
Transition Probabilities
0.9575065502691489,0.023531085655892327,0.014216733433736792,0.004745630641221952
0.9668225283095393,0.019093743579475696,0.008871165263931223,0.005212562847053845
0.9768912093628063,0.005438758583740776,0.01452785190190037,0.0031421801515525436
0.9601755942540101,0.006630934056521459,0.023762270823646937,0.009431200865821348

0.0007147962830593278,0.0007147962830593278,0.9565072519755164,0.042063155458364844
0.026710585368473806,0.9724365361667073,0.00042643923240938197,0.00042643923240938197
0.00098135426889107,0.00098135426889107,0.025059608866408893,0.972977682595809
0.025963031389526634,0.9716588473262879,0.0011890606420927466,0.0011890606420927466

Transition Gammas
496.3487858601072,12.197959159641544,7.3696189093939095,2.4600228648555205
735.173940735014,14.518923897285152,6.745653245584946,3.963644058127073
344.69828207074784,1.9190783195150296,5.126185541202359,1.1087254034187048
198.38796330085268,1.3700592997029921,4.9096733350832125,1.948640167953031

1.0,1.0,1338.1536455137482,58.846354486252444
62.63632268907103,2280.363677310927,1.0,1.0
1.0,1.0,25.535741434870655,991.4642585651291
21.8349093985919,817.1650906014081,1.0,1.0

Iteration: ,10000
Error:,0.022155776354479823
Absolute Error:,0.023336414189878328
Transition Probabilities
0.9576884025962448,0.022949598364847248,0.015416148071239926,0.003945850967668095
0.9713812691392177,0.015246779132080486,0.008190369465213383,0.005181582263488314
0.9780246336987989,0.006236030127538573,0.013306118039118213,0.0024332181345443626
0.9671797830123693,0.008382391245645732,0.017494350667947283,0.006943475074037737

0.000539956803455723,0.000539956803455723,0.9589424051594652,0.03997768123362342
0.02414286975622745,0.9752281994261625,0.0003144654088050319,0.0003144654088050319
0.0007331378299120242,0.0007331378299120242,0.026089879086169606,0.9724438452540063
0.02318819002418115,0.9750196952804783,0.0008960573476702506,0.0008960573476702506

Transition Gammas
633.4057067620129,15.178639036228217,10.196088976477135,2.609747089113578
987.5379322902053,15.500373763149314,8.326597169757088,5.267765806325719
445.6488060632451,2.841522887211715,6.063094336431459,1.1087254034187048
271.4325830673755,2.3524624356812867,4.9096733350832125,1.948640167953031

1.0,1.0,1775.961334355331,74.03866564467064
76.77432582480319,3101.225674175192,1.0,1.0
1.0,1.0,35.58659507353531,1326.4134049264633
25.878020066986174,1088.1219799330142,1.0,1.0

Iteration: ,12500
Error:,0.021867268830074317
Absolute Error:,0.024996958804791164
Transition Probabilities
0.9606441870141555,0.022881748233002507,0.01335884253147979,0.0031152222213620875
0.9741093662752041,0.015212368763834121,0.006540476442941068,0.004137788518020615
0.9762277312102673,0.008133123981116416,0.013684081925333222,0.001955062883282936
0.9542694605287455,0.015053967846431884,0.0213336075651682,0.009342964059654372

0.00042936882782309985,0.00042936882782309985,0.9582362174319441,0.040905044912409746
0.02461488044369918,0.9748771185402988,0.00025400050800101614,0.00025400050800101614
0.0005868544600938969,0.0005868544600938969,0.025020187154187194,0.973806103925625
0.026423254727717536,0.9721451060453676,0.0007158196134574086,0.0007158196134574086

Transition Gammas
804.7703157554855,19.168961827319738,11.191240281796846,2.609747089113578
1240.1262145076528,19.366672718613696,8.326597169757088,5.267765806325719
565.905421690545,4.714657050859613,7.932468936119295,1.1333223284121827
335.75833112702475,5.296716839452501,7.50619900277525,3.2873084073246717

1.0,1.0,2231.732150398999,95.26784960100234
96.90878430684363,3838.0912156931545,1.0,1.0
1.0,1.0,42.63439891073496,1659.3656010892644
36.913286854621404,1358.0867131453788,1.0,1.0

Iteration: ,15000
Error:,0.021141732048222336
Absolute Error:,0.023164150833150893
Transition Probabilities
0.962465513662339,0.02193127837345777,0.013022106647710327,0.0025811013164928898
0.9732742309443044,0.013356239788255434,0.008293156806226635,0.0050763724612135856
0.9787661141569759,0.006803825191233827,0.012795392713224529,0.001634667938565644
0.9610613696158429,0.012823161513812508,0.018161650235043958,0.007953818635300805

0.00036010082823190474,0.00036010082823190474,0.9594983194009993,0.039781478942536856
0.024524464379948326,0.9750564241363969,0.00020955574182732615,0.00020955574182732615
0.0004926108374384238,0.0004926108374384238,0.02299151161258357,0.9760232667125396
0.024465416031325706,0.9743398408384473,0.0005973715651135006,0.0005973715651135006

Transition Gammas
973.1472207628907,22.17467773540948,13.16662957042129,2.609747089113578
1482.0392331292453,20.33802061529063,12.62828436482466,7.729972612339643
678.5827661369914,4.717121334504558,8.871100925503082,1.1333223284121827
397.20607989116445,5.299804859234613,7.50619900277525,3.2873084073246717

1.0,1.0,2664.5268329765763,110.4731670234249
117.03074402111336,4652.969255978885,1.0,1.0
1.0,1.0,46.67276857354462,1981.3272314264545
40.95510643643924,1631.044893563561,1.0,1.0

Iteration: ,17500
Error:,0.01928129095321081
Absolute Error:,0.02173347100877975
Transition Probabilities
0.9653670625797699,0.019974571327778946,0.011643363023336926,0.0030150030691143133
0.9737153504016266,0.012035582400989559,0.008612029431819513,0.005637037765564217
0.9795724205283368,0.007018799694451396,0.011024801413278856,0.002383978363932947
0.9626251736523116,0.010962659218515029,0.017062125460979353,0.009350041668194064

0.00031007751937984476,0.00031007751937984476,0.9601017723424732,0.03927807261876718
0.023653304313750394,0.975988721818342,0.00017898693395382135,0.00017898693395382135
0.00042498937526561835,0.00042498937526561835,0.02112597072450329,0.9780240505249654
0.023156075674975997,0.9758145882467945,0.0005146680391147708,0.0005146680391147708

Transition Gammas
1168.4060784249168,24.17568555834221,14.092231501476824,3.6491279317206375
1724.0435956438005,21.309994496554484,15.248310690901834,9.980841787196491
788.2124566778739,5.647673652459071,8.871100925503082,1.9182669943780117
465.62929961467427,5.302723711727074,8.253083075098365,4.522688033194641

1.0,1.0,3096.3282158044776,126.67178419552422
132.15101120092348,5452.848988799077,1.0,1.0
1.0,1.0,49.70940911475625,2301.2905908852435
44.992255036478376,1896.0077449635223,1.0,1.0

Iteration: ,20000
Error:,0.0202173456236042
Absolute Error:,0.02272221861309205
Transition Probabilities
0.965877615261134,0.019049743523872984,0.01237670806300319,0.0026959331519898285
0.9719073173017039,0.012835844821215291,0.010137959751108497,0.005118878125972411
0.9782755910737119,0.008155407484670276,0.010495545090073787,0.0030734563515440946
0.9583839808484585,0.01136368709015332,0.02027712859905876,0.009975203462329229

0.00027129679869777515,0.00027129679869777515,0.9606973235671868,0.03876008283541769
0.02266993187911256,0.9770158003647592,0.0001571338780641108,0.0001571338780641108
0.00037009622501850463,0.00037009622501850463,0.024704454161064832,0.9745553533888981
0.02252384068435037,0.9765756640432499,0.00045024763619990984,0.00045024763619990984

Transition Gammas
1327.2016229064247,26.176039408470942,17.00669605332539,3.7044515765082466
1978.9617709771924,26.135872986225642,20.642539083715153,10.42287051579647
904.591410295579,7.5411383309645865,9.705015663766378,2.841962163722933
529.9981261333684,6.284258693906043,11.213501452050862,5.51641017429479

1.0,1.0,3541.1303346686536,142.86966533134972
144.27144647867217,6217.7285535213205,1.0,1.0
1.0,1.0,66.75143514319721,2633.248564856804
50.02545015994219,2168.9745498400584,1.0,1.0

Iteration: ,22500
Error:,0.020240027657380907
Absolute Error:,0.022503268038977387
Transition Probabilities
0.9662461478692351,0.01835179362113997,0.011721938442938193,0.003680120066686671
0.9720537255533176,0.011833009191471209,0.011410958489137773,0.004702306766073465
0.9774522678110134,0.007159837762713255,0.011764832174514427,0.0036230622517589724
0.960093280665516,0.011610332529315376,0.019485278388344726,0.008811108416823749

0.00024026910139356053,0.00024026910139356053,0.9605764683093251,0.03894299348788769
0.022633264767082363,0.9770862303240818,0.0001402524544179525,0.0001402524544179525
0.000328407224958949,0.000328407224958949,0.02522230584181775,0.9741208797082643
0.022406335447446808,0.9767943040409625,0.0003996802557953635,0.0003996802557953635

Transition Gammas
1483.219371421605,28.170602138214136,17.99355806749406,5.649104406888403
2227.2342281578644,27.112578657470223,26.145547982576176,10.774238404091875
1029.8651406381487,7.543762050863321,12.395685130614618,3.8173378264338402
601.0899073291085,7.268932972084465,12.19923565407439,5.51641017429479

1.0,1.0,3997.9192611034155,162.08073889658874
161.37517778929703,6966.624822210693,1.0,1.0
1.0,1.0,76.80192128833508,2966.198078711666
56.060651289511945,2443.9393487104894,1.0,1.0

Iteration: ,25000
Error:,0.020833283298025633
Absolute Error:,0.02318119884105351
Transition Probabilities
0.9649101982115763,0.020046269065955327,0.01172590926830796,0.0033176234541604024
0.9719376422462506,0.012488497467438037,0.011363291492621035,0.004210568793690335
0.9762717521020247,0.008240106158406169,0.01208000114640148,0.0034081405931675733
0.9596985426284936,0.010488216988771408,0.021670302949330204,0.008142937433404645

0.0002172024326672457,0.0002172024326672457,0.9599824422036554,0.03958315293101015
0.022848835078946174,0.9768993708885724,0.0001258970162407153,0.0001258970162407153
0.0002946375957572184,0.0002946375957572184,0.026178004432959187,0.9732327203755264
0.022975356928018317,0.9763077971938454,0.0003584229390681003,0.0003584229390681003

Transition Gammas
1643.0069681756704,34.133911966455415,19.96636647818002,5.649104406888403
2487.0482788844356,31.956264252161926,29.07702441061035,10.774238404091875
1117.0789622878233,9.428572748064022,13.822293962724084,3.89969508894361
665.3843847498841,7.271758263884798,15.024594239553211,5.64571391276997

1.0,1.0,4419.759163905633,182.24083609437088
181.48829703206917,7759.511702967918,1.0,1.0
1.0,1.0,88.84814704546355,3303.151852954539
64.10124582917112,2723.8987541708293,1.0,1.0

Iteration: ,27500
Error:,0.02023384371205566
Absolute Error:,0.02275930103824561
Transition Probabilities
0.9659032321153918,0.019566243707000303,0.01098971259811954,0.0035408115794883805
0.9713435809028671,0.013088246571865586,0.011699640298513062,0.0038685322267542634
0.9762111163648162,0.008241984202302662,0.01234371838270183,0.0032031810501792326
0.9638570022473267,0.009408351011168156,0.01943257045172597,0.007302076289779017

0.0001970055161544524,0.0001970055161544524,0.9593290166220053,0.04027697234568572
0.0231959104161291,0.9765739664680039,0.00011506155793349456,0.00011506155793349456
0.00026752273943285156,0.00026752273943285156,0.025924659099590554,0.9735402954215437
0.023194979125140628,0.9761529178425803,0.0003260515161395502,0.0003260515161395502

Transition Gammas
1833.3144492578272,37.13734058761111,20.858817145894378,6.720570772455992
2730.289574209353,36.788942514687115,32.88579505445263,10.87381788880763
1229.6107094795948,10.381393811874691,15.547833930317806,4.034645434451881
745.2210400931281,7.274212989848527,15.024594239553211,5.64571391276997

1.0,1.0,4869.554088373297,204.44591162670062
201.59565742657776,8487.40434257341,1.0,1.0
1.0,1.0,96.90637571426957,3639.0936242857338
71.13900097680627,2993.8609990231926,1.0,1.0

Iteration: ,30000
Error:,0.018921024682256298
Absolute Error:,0.021919753718716156
Transition Probabilities
0.9679365063943861,0.017860184604044142,0.01049947391170544,0.0037038350898645203
0.9712256721582432,0.013881640702080542,0.011350372256987963,0.0035423148826884787
0.9755840987878256,0.009590735434971492,0.011246705143593477,0.0035784606336093936
0.9658768264446674,0.008883370183896332,0.01834601601231148,0.0068937873591245575

0.00018119224497191528,0.00018119224497191528,0.9605602031444347,0.03907741236562152
0.02261762492203396,0.9771726655256959,0.0001048547761350532,0.0001048547761350532
0.0002468526289804984,0.0002468526289804984,0.025410604545732535,0.9740956901963065
0.022208825034796893,0.9771923725699935,0.0002994011976047906,0.0002994011976047906

Transition Gammas
2013.740669954774,37.15716875277098,21.843599750039363,7.705632865371838
2981.364287967586,42.61237015657994,34.84215406592797,10.87381788880763
1348.681179007545,13.258564166901127,15.547833930317806,4.946987668582356
791.0113777825096,7.275096260856873,15.024594239553211,5.64571391276997

1.0,1.0,5301.331761154132,215.66823884586503
215.70428888143738,9319.29571111854,1.0,1.0
1.0,1.0,102.9383590147626,3946.061640985241
74.17747561622159,3263.8225243837765,1.0,1.0

Iteration: ,32500
Error:,0.019303754810146536
Absolute Error:,0.021496422320072744
Transition Probabilities
0.968949132043003,0.017004942265522544,0.010612416832848257,0.003433508858626146
0.9695610384507113,0.013716638380998493,0.013338516306328294,0.003383806861962033
0.9743170557361658,0.009550259625532307,0.012722047834822699,0.003410636803479043
0.9686370508290221,0.008166069088083218,0.016861079588205975,0.006335800494688566

0.000167757087736957,0.000167757087736957,0.9612748754452404,0.03838961037928571
0.022334633866353638,0.977472669342048,9.634839579921006e-05,9.634839579921006e-05
0.0002279462046956917,0.0002279462046956917,0.024387354170361395,0.9751567534202472
0.021657390536816888,0.9777887462673924,0.00027693159789532,0.00027693159789532

Transition Gammas
2174.558617487187,38.16324564468777,23.816856543932648,7.705632865371838
3218.914719147187,45.53884431285328,44.283489916872924,11.234141310098197
1451.4042398450047,14.226670087023129,18.951566185014727,5.080700053434516
863.1344498417152,7.27663219539213,15.024594239553211,5.64571391276997

1.0,1.0,5730.159532529074,228.84046747092196
231.81116489888413,10145.188835101104,1.0,1.0
1.0,1.0,106.98732274537551,4278.012677254627
78.20483722844574,3530.795162771552,1.0,1.0

Iteration: ,35000
Error:,0.0187371330287102
Absolute Error:,0.021722218543903077
Transition Probabilities
0.9675331612754036,0.017631722732842175,0.011160893032939977,0.003674222958814383
0.9677711083975917,0.01458120672416097,0.014199882293004298,0.0034478025852431034
0.9748736663469812,0.008902476336949123,0.013004764966891425,0.003219092349178143
0.9677312342312823,0.008616235374502026,0.015692715541991423,0.007959814852224177

0.00015603058199407086,0.00015603058199407086,0.961770361621341,0.037917577214670775
0.022038707030921756,0.9777827852932482,8.92538379150304e-05,8.92538379150304e-05
0.00021155066638459908,0.00021155066638459908,0.024334669495572177,0.9752422291716586
0.02061505721049681,0.9788710681749091,0.0002569373072970196,0.0002569373072970196

Transition Gammas
2311.7569431979564,42.12802111553356,26.667067335632627,8.778934692739425
3475.1364129643785,52.359160128259646,50.989875176098145,12.380597234949285
1558.2630471094526,14.22994628177454,20.787149539269368,5.14547969251605
926.5298340724228,8.249396991105447,15.024594239553211,7.620923737298623

1.0,1.0,6163.986247631174,243.01375236882498
246.9216735744472,10955.078326425546,1.0,1.0
1.0,1.0,115.0299827055697,4609.970017294431
80.23380266325357,3809.7661973367453,1.0,1.0

Iteration: ,36403
Error:,0.019020658873028513
Absolute Error:,0.022222698978734003
Transition Probabilities
0.9670786183618916,0.018210149779987687,0.011165796759375643,0.0035454350987452208
0.9667301321068542,0.015030330536422375,0.014657910683110275,0.0035816266736130764
0.974485628138403,0.009211915858493621,0.013147392603984629,0.00315506339911872
0.9671634744187175,0.009220330582660693,0.015997876096947913,0.007618318901673788

0.00015001500150015003,0.00015001500150015003,0.96098169408776,0.0387182759092396
0.022764592470624696,0.9770635862235334,8.591065292096212e-05,8.591065292096212e-05
0.00020296326364927948,0.00020296326364927948,0.024164268750480524,0.975429804722221
0.020747371124512325,0.9787601393408903,0.000246244767298695,0.000246244767298695

*,*,*,*,*,*,*,*,*,*,*
Model Num 2
Model States: 
"['square', 'y', 'diamond']","['square', 'y', 'square']","['diamond', 'y', 'diamond']","['diamond', 'y', 'square', 'y', 'square']"
Iteration: ,36403
Error:,0.019093784652069033
Absolute Error:,0.022222698978734003
Transition Probabilities
0.9670786183618916,0.018210149779987687,0.011165796759375643,0.0035454350987452208
0.9667301321068542,0.015030330536422375,0.014657910683110275,0.0035816266736130764
0.974485628138403,0.009211915858493621,0.013147392603984629,0.00315506339911872
0.9671634744187175,0.009220330582660693,0.015997876096947913,0.007618318901673788

0.00015001500150015003,0.00015001500150015003,0.96098169408776,0.0387182759092396
0.022764592470624696,0.9770635862235334,8.591065292096212e-05,8.591065292096212e-05
0.00020296326364927948,0.00020296326364927948,0.024164268750480524,0.975429804722221
0.020747371124512325,0.9787601393408903,0.000246244767298695,0.000246244767298695

Transition Gammas
2394.605964257651,45.090577379372654,27.647890262510312,8.778934692739425
3618.865101381755,56.264656323425044,54.87053694568757,13.407489168739117
1606.9848819567487,15.190998297980434,21.680834013031312,5.202887592795529
967.4941644181414,9.22348317391927,16.003346048799084,7.620923737298623

1.0,1.0,6405.903972789009,258.09602721099117
264.9798563580717,11373.02014364194,1.0,1.0
1.0,1.0,119.05735213361754,4805.942647866383
84.25507413664451,3974.7449258633537,1.0,1.0

