0,1,2,3,4,5,6,7,8,9,10,11,12,13,14,15,16,17,18,19,20,21,22,23,24,25,26,27,28,29
github Code Version (SHA):,83e837b3de1a08bfde9277c8a2759251ab95ca79
Environment Observations,Environment Actions,alpha,epsilon,numActions,explore,gainThresh,insertRandActions,useBudd,revisedSplitting,haveControl,confidence_factor
"['nothing', 'LRVForward', 'MRVForward', 'LRVDocked', 'MRVDocked']","['b', 'f', 't']",0.99,0.99,50000,0.5,0.0275,False,True,False,False,250

Model Num 0
Model States: 
['nothing'],['LRVForward'],['MRVForward'],['LRVDocked'],['MRVDocked']
Iteration: ,0
Error:,0.86769389847382
Transition Probabilities
0.2,0.2,0.2,0.2,0.2
0.2,0.2,0.2,0.2,0.2
0.2,0.2,0.2,0.2,0.2
0.2,0.2,0.2,0.2,0.2
0.2,0.2,0.2,0.2,0.2

0.2,0.2,0.2,0.2,0.2
0.2,0.2,0.2,0.2,0.2
0.2,0.2,0.2,0.2,0.2
0.2,0.2,0.2,0.2,0.2
0.2,0.2,0.2,0.2,0.2

0.2,0.2,0.2,0.2,0.2
0.2,0.2,0.2,0.2,0.2
0.2,0.2,0.2,0.2,0.2
0.2,0.2,0.2,0.2,0.2
0.2,0.2,0.2,0.2,0.2

Transition Gammas
1.0,1.0,1.0,1.0,1.0
1.0,1.0,1.0,1.0,1.0
1.0,1.0,1.0,1.0,1.0
1.0,1.0,1.0,1.0,1.0
1.0,1.0,1.0,1.0,1.0

1.0,1.0,1.0,1.0,1.0
1.0,1.0,1.0,1.0,1.0
1.0,1.0,1.0,1.0,1.0
1.0,1.0,1.0,1.0,1.0
1.0,1.0,1.0,1.0,1.0

1.0,1.0,1.0,1.0,1.0
1.0,1.0,1.0,1.0,1.0
1.0,1.0,1.0,1.0,1.0
1.0,1.0,1.0,1.0,1.0
1.0,1.0,1.0,1.0,1.0

Iteration: ,2500
Error:,0.33703900830063954
Transition Probabilities
0.016042780748663103,0.016042780748663103,0.026737967914438502,0.25668449197860965,0.6844919786096256
0.41025641025641024,0.5641025641025641,0.010256410256410256,0.010256410256410256,0.005128205128205128
0.12084592145015106,0.012084592145015106,0.8429003021148036,0.00906344410876133,0.015105740181268883
0.08695652173913043,0.043478260869565216,0.043478260869565216,0.043478260869565216,0.782608695652174
0.02912621359223301,0.009708737864077669,0.02912621359223301,0.019417475728155338,0.912621359223301

0.012345679012345678,0.7078189300411523,0.25925925925925924,0.012345679012345678,0.00823045267489712
0.010638297872340425,0.9308510638297872,0.026595744680851064,0.010638297872340425,0.02127659574468085
0.006535947712418301,0.00980392156862745,0.9673202614379085,0.006535947712418301,0.00980392156862745
0.6666666666666666,0.08333333333333333,0.125,0.041666666666666664,0.08333333333333333
0.9080459770114943,0.034482758620689655,0.034482758620689655,0.011494252873563218,0.011494252873563218

0.03524229074889868,0.23788546255506607,0.7136563876651982,0.004405286343612335,0.00881057268722467
0.6138613861386139,0.0049504950495049506,0.36633663366336633,0.009900990099009901,0.0049504950495049506
0.8135593220338984,0.1497175141242938,0.01694915254237288,0.005649717514124294,0.014124293785310734
0.08,0.04,0.8,0.04,0.04
0.05128205128205128,0.02564102564102564,0.8974358974358975,0.01282051282051282,0.01282051282051282

Transition Gammas
3.0,3.0,5.0,48.0,128.0
80.0,110.0,2.0,2.0,1.0
40.0,4.0,279.0,3.0,5.0
2.0,1.0,1.0,1.0,18.0
3.0,1.0,3.0,2.0,94.0

3.0,172.0,63.0,3.0,2.0
2.0,175.0,5.0,2.0,4.0
2.0,3.0,296.0,2.0,3.0
16.0,2.0,3.0,1.0,2.0
79.0,3.0,3.0,1.0,1.0

8.0,54.0,162.0,1.0,2.0
124.0,1.0,74.0,2.0,1.0
288.0,53.0,6.0,2.0,5.0
2.0,1.0,20.0,1.0,1.0
4.0,2.0,70.0,1.0,1.0

Iteration: ,5000
Error:,0.32905554852464963
Transition Probabilities
0.012919896640826873,0.0103359173126615,0.01808785529715762,0.25839793281653745,0.7002583979328165
0.37249283667621774,0.6045845272206304,0.008595988538681949,0.008595988538681949,0.0057306590257879654
0.1261127596439169,0.011869436201780416,0.8471810089020771,0.00741839762611276,0.00741839762611276
0.047619047619047616,0.023809523809523808,0.023809523809523808,0.047619047619047616,0.8571428571428571
0.02040816326530612,0.01020408163265306,0.015306122448979591,0.015306122448979591,0.9387755102040817

0.01152073732718894,0.6889400921658986,0.2857142857142857,0.0069124423963133645,0.0069124423963133645
0.01084010840108401,0.9539295392953929,0.018970189701897018,0.005420054200542005,0.01084010840108401
0.010752688172043012,0.007680491551459293,0.9692780337941628,0.007680491551459293,0.004608294930875576
0.8043478260869565,0.043478260869565216,0.08695652173913043,0.021739130434782608,0.043478260869565216
0.930379746835443,0.03164556962025317,0.02531645569620253,0.006329113924050633,0.006329113924050633

0.02850877192982456,0.24561403508771928,0.7149122807017544,0.0021929824561403508,0.008771929824561403
0.6295336787564767,0.012953367875647668,0.34974093264248707,0.0051813471502590676,0.0025906735751295338
0.8314447592067988,0.13456090651558072,0.0169971671388102,0.00424929178470255,0.012747875354107648
0.06666666666666667,0.022222222222222223,0.8666666666666667,0.022222222222222223,0.022222222222222223
0.022988505747126436,0.011494252873563218,0.9482758620689655,0.005747126436781609,0.011494252873563218

Transition Gammas
5.0,4.0,7.0,100.0,271.0
130.0,211.0,3.0,3.0,2.0
85.0,8.0,571.0,5.0,5.0
2.0,1.0,1.0,2.0,36.0
4.0,2.0,3.0,3.0,184.0

5.0,299.0,124.0,3.0,3.0
4.0,352.0,7.0,2.0,4.0
7.0,5.0,631.0,5.0,3.0
37.0,2.0,4.0,1.0,2.0
147.0,5.0,4.0,1.0,1.0

13.0,112.0,326.0,1.0,4.0
243.0,5.0,135.0,2.0,1.0
587.0,95.0,12.0,3.0,9.0
3.0,1.0,39.0,1.0,1.0
4.0,2.0,165.0,1.0,2.0

Iteration: ,7500
Error:,0.31626433413279326
Transition Probabilities
0.00975609756097561,0.008130081300813009,0.011382113821138212,0.2682926829268293,0.7024390243902439
0.3704414587332054,0.6007677543186181,0.011516314779270634,0.007677543186180422,0.009596928982725527
0.12461695607763024,0.011235955056179775,0.8539325842696629,0.005107252298263534,0.005107252298263534
0.03076923076923077,0.015384615384615385,0.015384615384615385,0.03076923076923077,0.9076923076923077
0.013745704467353952,0.013745704467353952,0.010309278350515464,0.010309278350515464,0.9518900343642611

0.009316770186335404,0.718944099378882,0.2608695652173913,0.006211180124223602,0.004658385093167702
0.007434944237918215,0.966542750929368,0.01486988847583643,0.0037174721189591076,0.007434944237918215
0.008113590263691683,0.007099391480730223,0.9756592292089249,0.006085192697768763,0.0030425963488843813
0.8243243243243243,0.05405405405405406,0.08108108108108109,0.013513513513513514,0.02702702702702703
0.952755905511811,0.01968503937007874,0.01968503937007874,0.003937007874015748,0.003937007874015748

0.02599388379204893,0.2308868501529052,0.7324159021406728,0.0030581039755351682,0.00764525993883792
0.6182136602451839,0.008756567425569177,0.36252189141856395,0.0070052539404553416,0.0035026269702276708
0.8438095238095238,0.13142857142857142,0.012380952380952381,0.0038095238095238095,0.008571428571428572
0.06060606060606061,0.015151515151515152,0.8939393939393939,0.015151515151515152,0.015151515151515152
0.01509433962264151,0.011320754716981131,0.9622641509433962,0.0037735849056603774,0.007547169811320755

Transition Gammas
6.0,5.0,7.0,165.0,432.0
193.0,313.0,6.0,4.0,5.0
122.0,11.0,836.0,5.0,5.0
2.0,1.0,1.0,2.0,59.0
4.0,4.0,3.0,3.0,277.0

6.0,463.0,168.0,4.0,3.0
4.0,520.0,8.0,2.0,4.0
8.0,7.0,962.0,6.0,3.0
61.0,4.0,6.0,1.0,2.0
242.0,5.0,5.0,1.0,1.0

17.0,151.0,479.0,2.0,5.0
353.0,5.0,207.0,4.0,2.0
886.0,138.0,13.0,4.0,9.0
4.0,1.0,59.0,1.0,1.0
4.0,3.0,255.0,1.0,2.0

Iteration: ,10000
Error:,0.308387935706868
Transition Probabilities
0.008443908323281062,0.008443908323281062,0.012062726176115802,0.2677925211097708,0.7032569360675512
0.3786549707602339,0.5906432748538012,0.013157894736842105,0.005847953216374269,0.011695906432748537
0.12800620636152055,0.01008533747090768,0.8494957331264547,0.0062063615205585725,0.0062063615205585725
0.03488372093023256,0.011627906976744186,0.023255813953488372,0.023255813953488372,0.9069767441860465
0.01098901098901099,0.016483516483516484,0.016483516483516484,0.008241758241758242,0.9478021978021978

0.006936416184971098,0.7271676300578035,0.25780346820809247,0.004624277456647399,0.003468208092485549
0.008310249307479225,0.9681440443213296,0.015235457063711912,0.002770083102493075,0.00554016620498615
0.008148148148148147,0.007407407407407408,0.977037037037037,0.0044444444444444444,0.002962962962962963
0.8725490196078431,0.0392156862745098,0.058823529411764705,0.00980392156862745,0.0196078431372549
0.9557522123893806,0.017699115044247787,0.017699115044247787,0.0058997050147492625,0.0029498525073746312

0.020954598370197905,0.22351571594877764,0.7462165308498254,0.002328288707799767,0.006984866123399301
0.6114058355437666,0.009283819628647215,0.3673740053050398,0.009283819628647215,0.002652519893899204
0.8517191977077364,0.12750716332378223,0.010744985673352435,0.0035816618911174787,0.0064469914040114614
0.04878048780487805,0.012195121951219513,0.9146341463414634,0.012195121951219513,0.012195121951219513
0.017045454545454544,0.008522727272727272,0.9659090909090909,0.002840909090909091,0.005681818181818182

Transition Gammas
7.0,7.0,10.0,222.0,583.0
259.0,404.0,9.0,4.0,8.0
165.0,13.0,1095.0,8.0,8.0
3.0,1.0,2.0,2.0,78.0
4.0,6.0,6.0,3.0,345.0

6.0,629.0,223.0,4.0,3.0
6.0,699.0,11.0,2.0,4.0
11.0,10.0,1319.0,6.0,4.0
89.0,4.0,6.0,1.0,2.0
324.0,6.0,6.0,2.0,1.0

18.0,192.0,641.0,2.0,6.0
461.0,7.0,277.0,7.0,2.0
1189.0,178.0,15.0,5.0,9.0
4.0,1.0,75.0,1.0,1.0
6.0,3.0,340.0,1.0,2.0

Iteration: ,12500
Error:,0.3102215881748706
Transition Probabilities
0.008754863813229572,0.007782101167315175,0.013618677042801557,0.2821011673151751,0.6877431906614786
0.36280137772675086,0.6084959816303099,0.012629161882893225,0.004592422502870264,0.011481056257175661
0.12367930391547545,0.009322560596643879,0.8551895587321318,0.005593536357986327,0.006215040397762586
0.02727272727272727,0.00909090909090909,0.02727272727272727,0.02727272727272727,0.9090909090909091
0.00904977375565611,0.013574660633484163,0.01809954751131222,0.006787330316742082,0.9524886877828054

0.006572769953051643,0.7389671361502348,0.24694835680751173,0.004694835680751174,0.0028169014084507044
0.007543103448275862,0.9741379310344828,0.011853448275862068,0.0021551724137931034,0.004310344827586207
0.008274231678486997,0.0070921985815602835,0.9769503546099291,0.0035460992907801418,0.004137115839243499
0.8805970149253731,0.03731343283582089,0.05223880597014925,0.014925373134328358,0.014925373134328358
0.9514563106796117,0.019417475728155338,0.019417475728155338,0.0048543689320388345,0.0048543689320388345

0.017690875232774673,0.23743016759776536,0.7374301675977654,0.00186219739292365,0.00558659217877095
0.6197916666666666,0.009375,0.3614583333333333,0.007291666666666667,0.0020833333333333333
0.8567268491555038,0.1252184041933605,0.009318578916715201,0.0029120559114735,0.005824111822947
0.04040404040404041,0.010101010101010102,0.9292929292929293,0.010101010101010102,0.010101010101010102
0.018518518518518517,0.006944444444444444,0.9652777777777778,0.004629629629629629,0.004629629629629629

Transition Gammas
9.0,8.0,14.0,290.0,707.0
316.0,530.0,11.0,4.0,10.0
199.0,15.0,1376.0,9.0,10.0
3.0,1.0,3.0,3.0,100.0
4.0,6.0,8.0,3.0,421.0

7.0,787.0,263.0,5.0,3.0
7.0,904.0,11.0,2.0,4.0
14.0,12.0,1653.0,6.0,7.0
118.0,5.0,7.0,2.0,2.0
392.0,8.0,8.0,2.0,2.0

19.0,255.0,792.0,2.0,6.0
595.0,9.0,347.0,7.0,2.0
1471.0,215.0,16.0,5.0,10.0
4.0,1.0,92.0,1.0,1.0
8.0,3.0,417.0,2.0,2.0

Iteration: ,15000
Error:,0.31840351381443094
Transition Probabilities
0.010594947025264874,0.006519967400162999,0.011409942950285249,0.27791361043194784,0.6935615321923391
0.3568738229755179,0.615819209039548,0.011299435028248588,0.004708097928436911,0.011299435028248588
0.12613981762917933,0.00911854103343465,0.853596757852077,0.004559270516717325,0.006585612968591692
0.0234375,0.0234375,0.0234375,0.03125,0.8984375
0.011320754716981131,0.011320754716981131,0.01509433962264151,0.005660377358490566,0.9566037735849057

0.00631911532385466,0.7361769352290679,0.24881516587677724,0.004739336492890996,0.0039494470774091624
0.007226738934056007,0.971996386630533,0.01084010840108401,0.0036133694670280035,0.006323396567299007
0.006872852233676976,0.007854688267059401,0.9788905252822778,0.0029455081001472753,0.003436426116838488
0.8742138364779874,0.03773584905660377,0.06289308176100629,0.012578616352201259,0.012578616352201259
0.9530612244897959,0.018367346938775512,0.02040816326530612,0.004081632653061225,0.004081632653061225

0.016317016317016316,0.2501942501942502,0.7264957264957265,0.002331002331002331,0.004662004662004662
0.6300527240773286,0.007908611599297012,0.3532513181019332,0.007029876977152899,0.0017574692442882249
0.8593287265547878,0.12043435340572557,0.011352418558736426,0.0024679170779861796,0.006416584402764067
0.042735042735042736,0.008547008547008548,0.9316239316239316,0.008547008547008548,0.008547008547008548
0.01904761904761905,0.005714285714285714,0.9619047619047619,0.009523809523809525,0.0038095238095238095

Transition Gammas
13.0,8.0,14.0,341.0,851.0
379.0,654.0,12.0,5.0,12.0
249.0,18.0,1685.0,9.0,13.0
3.0,3.0,3.0,4.0,115.0
6.0,6.0,8.0,3.0,507.0

8.0,932.0,315.0,6.0,5.0
8.0,1076.0,12.0,4.0,7.0
14.0,16.0,1994.0,6.0,7.0
139.0,6.0,10.0,2.0,2.0
467.0,9.0,10.0,2.0,2.0

21.0,322.0,935.0,3.0,6.0
717.0,9.0,402.0,8.0,2.0
1741.0,244.0,23.0,5.0,13.0
5.0,1.0,109.0,1.0,1.0
10.0,3.0,505.0,5.0,2.0

Iteration: ,17500
Error:,0.30154138714821804
Transition Probabilities
0.009859154929577466,0.005633802816901409,0.011971830985915493,0.27816901408450706,0.6943661971830986
0.3541666666666667,0.6201923076923077,0.009615384615384616,0.004807692307692308,0.011217948717948718
0.13135228251507322,0.00904392764857881,0.8488372093023255,0.004737295434969853,0.006029285099052541
0.020689655172413793,0.020689655172413793,0.020689655172413793,0.027586206896551724,0.9103448275862069
0.010238907849829351,0.011945392491467578,0.017064846416382253,0.005119453924914676,0.9556313993174061

0.00605245460659045,0.7242770679219905,0.26227303295225285,0.004034969737726967,0.0033624747814391394
0.006756756756756757,0.9722222222222222,0.01126126126126126,0.0037537537537537537,0.006006006006006006
0.007230965546575925,0.008507018290089324,0.9778817524457678,0.0029774564015312634,0.0034028073160357296
0.8895027624309392,0.03314917127071823,0.055248618784530384,0.011049723756906077,0.011049723756906077
0.9520426287744227,0.019538188277087035,0.021314387211367674,0.003552397868561279,0.003552397868561279

0.01656726308813784,0.2584493041749503,0.7190192180251822,0.0019880715705765406,0.003976143141153081
0.6379310344827587,0.0074962518740629685,0.34707646176911544,0.005997001499250375,0.0014992503748125937
0.8595744680851064,0.12212765957446808,0.010212765957446808,0.002127659574468085,0.005957446808510639
0.036231884057971016,0.007246376811594203,0.9420289855072463,0.007246376811594203,0.007246376811594203
0.019769357495881382,0.006589785831960461,0.9588138385502472,0.009884678747940691,0.004942339373970346

Transition Gammas
14.0,8.0,17.0,395.0,986.0
442.0,774.0,12.0,6.0,14.0
305.0,21.0,1971.0,11.0,14.0
3.0,3.0,3.0,4.0,132.0
6.0,7.0,10.0,3.0,560.0

9.0,1077.0,390.0,6.0,5.0
9.0,1295.0,15.0,5.0,8.0
17.0,20.0,2299.0,7.0,8.0
161.0,6.0,10.0,2.0,2.0
536.0,11.0,12.0,2.0,2.0

25.0,390.0,1085.0,3.0,6.0
851.0,10.0,463.0,8.0,2.0
2020.0,287.0,24.0,5.0,14.0
5.0,1.0,130.0,1.0,1.0
12.0,4.0,582.0,6.0,3.0

Iteration: ,20000
Error:,0.32012717864239565
Transition Probabilities
0.008647313156269302,0.005558987029030266,0.01173563928350834,0.2785670166769611,0.695491043854231
0.3458856345885635,0.6283124128312413,0.009762900976290097,0.0048814504881450485,0.011157601115760111
0.12901990811638592,0.00880551301684533,0.8506891271056661,0.0049770290964777945,0.006508422664624809
0.023668639053254437,0.01775147928994083,0.029585798816568046,0.023668639053254437,0.9053254437869822
0.008759124087591242,0.010218978102189781,0.01897810218978102,0.004379562043795621,0.9576642335766423

0.005931198102016607,0.7241992882562278,0.2627520759193357,0.004151838671411625,0.0029655990510083037
0.005780346820809248,0.9736673089274245,0.010276172125883108,0.00449582530507386,0.005780346820809248
0.006679035250463822,0.00816326530612245,0.9784786641929499,0.003339517625231911,0.003339517625231911
0.8861386138613861,0.039603960396039604,0.054455445544554455,0.009900990099009901,0.009900990099009901
0.953416149068323,0.018633540372670808,0.021739130434782608,0.003105590062111801,0.003105590062111801

0.014611338398597311,0.2630040911747516,0.717124488603156,0.0017533606078316774,0.0035067212156633548
0.643979057591623,0.007853403141361256,0.3403141361256545,0.006544502617801047,0.0013089005235602095
0.8587443946188341,0.12331838565022421,0.009715994020926755,0.002615844544095665,0.005605381165919282
0.043478260869565216,0.006211180124223602,0.937888198757764,0.006211180124223602,0.006211180124223602
0.020172910662824207,0.005763688760806916,0.9596541786743515,0.008645533141210375,0.005763688760806916

Transition Gammas
14.0,9.0,19.0,451.0,1126.0
496.0,901.0,14.0,7.0,16.0
337.0,23.0,2222.0,13.0,17.0
4.0,3.0,5.0,4.0,153.0
6.0,7.0,13.0,3.0,656.0

10.0,1221.0,443.0,7.0,5.0
9.0,1516.0,16.0,7.0,9.0
18.0,22.0,2637.0,9.0,9.0
179.0,8.0,11.0,2.0,2.0
614.0,12.0,14.0,2.0,2.0

25.0,450.0,1227.0,3.0,6.0
984.0,12.0,520.0,10.0,2.0
2298.0,330.0,26.0,7.0,15.0
7.0,1.0,151.0,1.0,1.0
14.0,4.0,666.0,6.0,4.0

Iteration: ,22500
Error:,0.31415372605548025
Transition Probabilities
0.009315068493150684,0.004931506849315068,0.010958904109589041,0.27835616438356164,0.6964383561643835
0.35091023226616447,0.6252354048964218,0.008788449466415568,0.005021971123666039,0.010043942247332079
0.1277533039647577,0.00881057268722467,0.8508980006777364,0.006438495425279567,0.006099627245001694
0.020833333333333332,0.026041666666666668,0.03125,0.020833333333333332,0.9010416666666666
0.007537688442211055,0.010050251256281407,0.020100502512562814,0.005025125628140704,0.957286432160804

0.006907545164718385,0.7268862911795961,0.2598299681190223,0.0037194473963868225,0.002656748140276302
0.006384213580963436,0.9738827626233314,0.009286128845037725,0.00522344747533372,0.00522344747533372
0.006894287590282338,0.007879185817465528,0.9789888378200919,0.003282994090610637,0.002954694681549573
0.8933333333333333,0.035555555555555556,0.05333333333333334,0.008888888888888889,0.008888888888888889
0.9548563611491108,0.017783857729138167,0.02188782489740082,0.0027359781121751026,0.0027359781121751026

0.01443298969072165,0.25618556701030926,0.7237113402061855,0.0015463917525773195,0.004123711340206186
0.6427310182460271,0.007062978222483814,0.3431430253090053,0.005885815185403178,0.0011771630370806356
0.8616915422885573,0.12106135986733002,0.009618573797678276,0.002321724709784411,0.005306799336650083
0.04371584699453552,0.00546448087431694,0.9398907103825137,0.00546448087431694,0.00546448087431694
0.018134715025906734,0.006476683937823834,0.961139896373057,0.007772020725388601,0.006476683937823834

Transition Gammas
17.0,9.0,20.0,508.0,1271.0
559.0,996.0,14.0,8.0,16.0
377.0,26.0,2511.0,19.0,18.0
4.0,5.0,6.0,4.0,173.0
6.0,8.0,16.0,4.0,762.0

13.0,1368.0,489.0,7.0,5.0
11.0,1678.0,16.0,9.0,9.0
21.0,24.0,2982.0,10.0,9.0
201.0,8.0,12.0,2.0,2.0
698.0,13.0,16.0,2.0,2.0

28.0,497.0,1404.0,3.0,8.0
1092.0,12.0,583.0,10.0,2.0
2598.0,365.0,29.0,7.0,16.0
8.0,1.0,172.0,1.0,1.0
14.0,5.0,742.0,6.0,5.0

Iteration: ,25000
Error:,0.3212863143683431
Transition Probabilities
0.008866995073891626,0.004433497536945813,0.009852216748768473,0.27635467980295564,0.7004926108374384
0.34894091415830547,0.6270903010033445,0.010033444816053512,0.004459308807134894,0.00947603121516165
0.12864077669902912,0.008798543689320388,0.8495145631067961,0.006067961165048544,0.006978155339805826
0.018957345971563982,0.023696682464454975,0.03317535545023697,0.023696682464454975,0.9004739336492891
0.008869179600886918,0.009977827050997782,0.017738359201773836,0.004434589800443459,0.958980044345898

0.006169909824394874,0.7233032747982914,0.2638822971048885,0.0033222591362126247,0.0033222591362126247
0.007306889352818371,0.9739039665970772,0.008350730688935281,0.005741127348643006,0.004697286012526096
0.006248140434394526,0.007735792918774174,0.9794703957155608,0.0035703659625111574,0.002975304968759298
0.8930041152263375,0.03292181069958848,0.05761316872427984,0.00823045267489712,0.00823045267489712
0.9571078431372549,0.015931372549019607,0.022058823529411766,0.0024509803921568627,0.0024509803921568627

0.014157621519584709,0.26238791882963663,0.7173194903256253,0.0018876828692779614,0.004247286455875413
0.6460317460317461,0.006349206349206349,0.3402116402116402,0.00582010582010582,0.0015873015873015873
0.8604581072935503,0.12296564195298372,0.009644364074743821,0.002109704641350211,0.004822182037371911
0.043478260869565216,0.00966183574879227,0.9371980676328503,0.004830917874396135,0.004830917874396135
0.016222479721900347,0.010428736964078795,0.9606025492468134,0.006952491309385863,0.005793742757821553

Transition Gammas
18.0,9.0,20.0,561.0,1422.0
626.0,1125.0,18.0,8.0,17.0
424.0,29.0,2800.0,20.0,23.0
4.0,5.0,7.0,5.0,190.0
8.0,9.0,16.0,4.0,865.0

13.0,1524.0,556.0,7.0,7.0
14.0,1866.0,16.0,11.0,9.0
21.0,26.0,3292.0,12.0,10.0
217.0,8.0,14.0,2.0,2.0
781.0,13.0,18.0,2.0,2.0

30.0,556.0,1520.0,4.0,9.0
1221.0,12.0,643.0,11.0,3.0
2855.0,408.0,32.0,7.0,16.0
9.0,2.0,194.0,1.0,1.0
14.0,9.0,829.0,6.0,5.0

Iteration: ,27500
Error:,0.31586058037711673
Transition Probabilities
0.00849731663685152,0.004919499105545617,0.008944543828264758,0.27057245080500897,0.7070661896243292
0.3458835341365462,0.6305220883534136,0.009538152610441768,0.004016064257028112,0.010040160642570281
0.12672938572219147,0.009407858328721638,0.8491975650249032,0.006640841173215274,0.008024349750968456
0.01762114537444934,0.02643171806167401,0.04405286343612335,0.02643171806167401,0.8854625550660793
0.009240246406570842,0.009240246406570842,0.017453798767967144,0.004106776180698152,0.9599589322381931

0.00563014291901256,0.7232568211346904,0.2646167171935903,0.0030316154179298397,0.0034647033347769596
0.006701771182383916,0.9746290090952608,0.00861656294877932,0.0057443752991862135,0.00430828147438966
0.006112144565506245,0.007972362476747276,0.9792718575604571,0.003986181238373638,0.0026574541589157587
0.9003831417624522,0.03065134099616858,0.05363984674329502,0.007662835249042145,0.007662835249042145
0.956953642384106,0.016556291390728478,0.02207505518763797,0.002207505518763797,0.002207505518763797

0.013396715643906655,0.25626620570440795,0.7242869490060502,0.00216076058772688,0.0038893690579083835
0.6415002435460302,0.0058451047247929854,0.3453482708231856,0.00535801266439357,0.001948368241597662
0.8628899835796388,0.12123700054734537,0.009304871373836891,0.0019157088122605363,0.004652435686918446
0.04405286343612335,0.00881057268722467,0.9383259911894273,0.004405286343612335,0.004405286343612335
0.016771488469601678,0.009433962264150943,0.9612159329140462,0.006289308176100629,0.006289308176100629

Transition Gammas
19.0,11.0,20.0,605.0,1581.0
689.0,1256.0,19.0,8.0,20.0
458.0,34.0,3069.0,24.0,29.0
4.0,6.0,10.0,6.0,201.0
9.0,9.0,17.0,4.0,935.0

13.0,1670.0,611.0,7.0,8.0
14.0,2036.0,18.0,12.0,9.0
23.0,30.0,3685.0,15.0,10.0
235.0,8.0,14.0,2.0,2.0
867.0,15.0,20.0,2.0,2.0

31.0,593.0,1676.0,5.0,9.0
1317.0,12.0,709.0,11.0,4.0
3153.0,443.0,34.0,7.0,17.0
10.0,2.0,213.0,1.0,1.0
16.0,9.0,917.0,6.0,6.0

Iteration: ,30000
Error:,0.30929423161608705
Transition Probabilities
0.008550488599348535,0.005293159609120521,0.008957654723127036,0.2662866449511401,0.7109120521172638
0.3547028544688816,0.6218998596162845,0.008890968647636874,0.004679457182966776,0.009826860084230228
0.12742382271468145,0.008813900780659783,0.8496600352556031,0.006295643414756988,0.007806597834298665
0.016260162601626018,0.028455284552845527,0.044715447154471545,0.024390243902439025,0.8861788617886179
0.009216589861751152,0.010138248847926268,0.01566820276497696,0.003686635944700461,0.9612903225806452

0.005162827640984908,0.7235901509134234,0.26449563145353455,0.003177124702144559,0.003574265289912629
0.006269592476489028,0.974473802060009,0.008956560680698611,0.005821764442454098,0.0044782803403493054
0.006329113924050633,0.007789678675754625,0.9793086660175268,0.0038948393378773127,0.002677702044790652
0.9018181818181819,0.02909090909090909,0.05454545454545454,0.007272727272727273,0.007272727272727273
0.9578313253012049,0.015060240963855422,0.02208835341365462,0.002008032128514056,0.0030120481927710845

0.012335853561480302,0.2479108635097493,0.7333863907680064,0.00238758456028651,0.003979307600477517
0.6362815884476535,0.006768953068592058,0.3497292418772563,0.004963898916967509,0.002256317689530686
0.863443807625218,0.12160478445053576,0.00847246449040618,0.00174433092449539,0.00473461250934463
0.043824701195219126,0.00796812749003984,0.9362549800796812,0.00796812749003984,0.00398406374501992
0.015165876777251185,0.009478672985781991,0.9630331753554502,0.005687203791469194,0.006635071090047393

Transition Gammas
21.0,13.0,22.0,654.0,1746.0
758.0,1329.0,19.0,10.0,21.0
506.0,35.0,3374.0,25.0,31.0
4.0,7.0,11.0,6.0,218.0
10.0,11.0,17.0,4.0,1043.0

13.0,1822.0,666.0,8.0,9.0
14.0,2176.0,20.0,13.0,10.0
26.0,32.0,4023.0,16.0,11.0
248.0,8.0,15.0,2.0,2.0
954.0,15.0,22.0,2.0,3.0

31.0,623.0,1843.0,6.0,10.0
1410.0,15.0,775.0,11.0,5.0
3465.0,488.0,34.0,7.0,19.0
11.0,2.0,235.0,2.0,1.0
16.0,10.0,1016.0,6.0,7.0

Iteration: ,32500
Error:,0.3201496158581178
Transition Probabilities
0.0086271567891973,0.005626406601650412,0.009752438109527382,0.26481620405101275,0.7111777944486122
0.3541308089500861,0.6230636833046471,0.009036144578313253,0.004302925989672977,0.00946643717728055
0.12816934170737382,0.00837404047452896,0.8499651081646895,0.005815305885089556,0.007676203768318213
0.015267175572519083,0.026717557251908396,0.04580152671755725,0.022900763358778626,0.8893129770992366
0.008438818565400843,0.009282700421940928,0.014345991561181435,0.0033755274261603376,0.9645569620253165

0.004784688995215311,0.7235921972764078,0.2653662127346338,0.002944423997055576,0.003312476996687523
0.006614303431169905,0.9727159983464242,0.009508061182306739,0.007027697395618024,0.00413393964448119
0.006092057761732852,0.008799638989169675,0.9783393501805054,0.004061371841155234,0.002707581227436823
0.9050847457627119,0.02711864406779661,0.05423728813559322,0.006779661016949152,0.006779661016949152
0.9602954755309326,0.014773776546629732,0.020313942751615882,0.0018467220683287165,0.002770083102493075

0.011322132943754566,0.2487216946676406,0.7330168005843681,0.0029218407596785976,0.004017531044558071
0.6377721943048577,0.00628140703517588,0.3492462311557789,0.0046063651591289785,0.0020938023450586263
0.8645977011494252,0.12,0.00896551724137931,0.0018390804597701149,0.004597701149425287
0.05434782608695652,0.007246376811594203,0.927536231884058,0.007246376811594203,0.0036231884057971015
0.014925373134328358,0.010535557506584723,0.9631255487269534,0.0052677787532923615,0.006145741878841089

Transition Gammas
23.0,15.0,26.0,706.0,1896.0
823.0,1448.0,21.0,10.0,22.0
551.0,36.0,3654.0,25.0,33.0
4.0,7.0,12.0,6.0,233.0
10.0,11.0,17.0,4.0,1143.0

13.0,1966.0,721.0,8.0,9.0
16.0,2353.0,23.0,17.0,10.0
27.0,39.0,4336.0,18.0,12.0
267.0,8.0,16.0,2.0,2.0
1040.0,16.0,22.0,2.0,3.0

31.0,681.0,2007.0,8.0,11.0
1523.0,15.0,834.0,11.0,5.0
3761.0,522.0,39.0,8.0,20.0
15.0,2.0,256.0,2.0,1.0
17.0,12.0,1097.0,6.0,7.0

Iteration: ,35000
Error:,0.32039964061620185
Transition Probabilities
0.00809004572634541,0.005979599015124868,0.009848751319029195,0.26204713330988394,0.7140344706296166
0.3545271629778672,0.6225352112676056,0.008853118712273641,0.004024144869215292,0.01006036217303823
0.12596732588134135,0.00816852966466036,0.8529664660361135,0.005374032674118658,0.007523645743766122
0.014492753623188406,0.028985507246376812,0.043478260869565216,0.025362318840579712,0.8876811594202898
0.00791765637371338,0.009501187648456057,0.013460015835312747,0.003167062549485352,0.9659540775930324

0.004455106237148732,0.7230980123372173,0.2662782727895819,0.003084304318026045,0.003084304318026045
0.007003891050583658,0.9708171206225681,0.010894941634241245,0.007003891050583658,0.004280155642023347
0.005562422744128554,0.009064688916357644,0.9779563246806757,0.004532344458178822,0.00288421920065925
0.9076433121019108,0.028662420382165606,0.050955414012738856,0.006369426751592357,0.006369426751592357
0.9577586206896552,0.015517241379310345,0.022413793103448276,0.0017241379310344827,0.002586206896551724

0.011482607227288078,0.24451198919284026,0.7369132049983114,0.00303951367781155,0.004052684903748734
0.6333072713057076,0.006645817044566067,0.353010164190774,0.0050820953870211105,0.001954652071931196
0.8650658733531662,0.11899702507437314,0.008924776880577986,0.0021249468763280916,0.004887377815554611
0.06462585034013606,0.006802721088435374,0.9183673469387755,0.006802721088435374,0.003401360544217687
0.015586546349466776,0.009844134536505332,0.9639048400328137,0.004922067268252666,0.005742411812961444

Transition Gammas
23.0,17.0,28.0,745.0,2030.0
881.0,1547.0,22.0,10.0,25.0
586.0,38.0,3968.0,25.0,35.0
4.0,8.0,12.0,7.0,245.0
10.0,12.0,17.0,4.0,1220.0

13.0,2110.0,777.0,9.0,9.0
18.0,2495.0,28.0,18.0,11.0
27.0,44.0,4747.0,22.0,14.0
285.0,9.0,16.0,2.0,2.0
1111.0,18.0,26.0,2.0,3.0

34.0,724.0,2182.0,9.0,12.0
1620.0,17.0,903.0,13.0,5.0
4071.0,560.0,42.0,10.0,23.0
19.0,2.0,270.0,2.0,1.0
19.0,12.0,1175.0,6.0,7.0

Iteration: ,37500
Error:,0.3116018126526799
Transition Probabilities
0.0075335735342286275,0.005895840157222404,0.009498853586636095,0.2646577137242057,0.7124140189977072
0.3518864400448263,0.6253268584236085,0.009338812103100485,0.0037355248412401943,0.009712364587224505
0.12572805784294036,0.007832898172323759,0.8535850572404097,0.005221932114882507,0.007632054629443663
0.013377926421404682,0.026755852842809364,0.04013377926421405,0.023411371237458192,0.8963210702341137
0.007412898443291327,0.008895478131949592,0.013343217197924388,0.0037064492216456633,0.9666419570051891

0.0041560102301790285,0.7237851662404092,0.266304347826087,0.002877237851662404,0.002877237851662404
0.006839452843772498,0.9712023038156947,0.011159107271418287,0.0064794816414686825,0.004319654427645789
0.005593056894889103,0.009643201542912247,0.9776277724204436,0.004243008678881389,0.0028929604628736743
0.908284023668639,0.029585798816568046,0.05029585798816568,0.005917159763313609,0.005917159763313609
0.9582664526484751,0.016051364365971106,0.02086677367576244,0.0016051364365971107,0.0032102728731942215

0.011104060913705584,0.24428934010152284,0.7379441624365483,0.0028553299492385786,0.0038071065989847717
0.6344046749452155,0.006939371804236669,0.35135135135135137,0.00547845142439737,0.0018261504747991235
0.8655796380990256,0.11891032014316961,0.00874925432491549,0.0021873135812288725,0.00457347385166037
0.06349206349206349,0.006349206349206349,0.9206349206349206,0.006349206349206349,0.0031746031746031746
0.015302218821729151,0.009181331293037491,0.964804896710023,0.0045906656465187455,0.00612088752869166

Transition Gammas
23.0,18.0,29.0,808.0,2175.0
942.0,1674.0,25.0,10.0,26.0
626.0,39.0,4250.0,26.0,38.0
4.0,8.0,12.0,7.0,268.0
10.0,12.0,18.0,5.0,1304.0

13.0,2264.0,833.0,9.0,9.0
19.0,2698.0,31.0,18.0,12.0
29.0,50.0,5069.0,22.0,15.0
307.0,10.0,17.0,2.0,2.0
1194.0,20.0,26.0,2.0,4.0

35.0,770.0,2326.0,9.0,12.0
1737.0,19.0,962.0,15.0,5.0
4353.0,598.0,44.0,11.0,23.0
20.0,2.0,290.0,2.0,1.0
20.0,12.0,1261.0,6.0,8.0

Iteration: ,40000
Error:,0.30736831374969165
Transition Probabilities
0.0073439412484700125,0.005813953488372093,0.009485924112607099,0.2637698898408813,0.7135862913096696
0.34818941504178275,0.6295264623955432,0.009401114206128134,0.00383008356545961,0.009052924791086351
0.12485918137438978,0.008449117536612843,0.8537363875328576,0.005444986856928276,0.007510326699211416
0.015625,0.028125,0.040625,0.021875,0.89375
0.006968641114982578,0.00975609756097561,0.0132404181184669,0.003484320557491289,0.9665505226480836

0.003907424105801022,0.722873459573189,0.26660655244965437,0.003907424105801022,0.002705139765554554
0.006382264024185421,0.9714477662075915,0.010749076251259657,0.006718172657037286,0.0047027208599261005
0.005992373343017977,0.009260940621027784,0.977664790266933,0.003994915562011985,0.003086980207009261
0.907563025210084,0.03081232492997199,0.05042016806722689,0.0056022408963585435,0.0056022408963585435
0.9600296076980015,0.01628423390081421,0.01924500370096225,0.0014803849000740192,0.0029607698001480384

0.010778443113772455,0.2464071856287425,0.7359281437125749,0.0029940119760479044,0.0038922155688622755
0.6336971350613916,0.006480218281036835,0.35231923601637105,0.005798090040927694,0.0017053206002728514
0.8626054358013121,0.12146204311152765,0.009184629803186505,0.0022492970946579195,0.004498594189315839
0.0728862973760933,0.008746355685131196,0.9067055393586005,0.0058309037900874635,0.0058309037900874635
0.016630513376717282,0.008676789587852495,0.9645697758496024,0.004338394793926247,0.005784526391901663

Transition Gammas
24.0,19.0,31.0,862.0,2332.0
1000.0,1808.0,27.0,11.0,26.0
665.0,45.0,4547.0,29.0,40.0
5.0,9.0,13.0,7.0,286.0
10.0,14.0,19.0,5.0,1387.0

13.0,2405.0,887.0,13.0,9.0
19.0,2892.0,32.0,20.0,14.0
33.0,51.0,5384.0,22.0,17.0
324.0,11.0,18.0,2.0,2.0
1297.0,22.0,26.0,2.0,4.0

36.0,823.0,2458.0,10.0,13.0
1858.0,19.0,1033.0,17.0,5.0
4602.0,648.0,49.0,12.0,24.0
25.0,3.0,311.0,2.0,2.0
23.0,12.0,1334.0,6.0,8.0

Iteration: ,42500
Error:,0.31186024998410494
Transition Probabilities
0.0069164265129683,0.00547550432276657,0.009510086455331412,0.26253602305475504,0.7155619596541787
0.35037447085639856,0.6284597850862911,0.009117551286225985,0.0035818951481602084,0.008466297622924128
0.12531194295900178,0.00819964349376114,0.8538324420677362,0.0053475935828877,0.00730837789661319
0.01749271137026239,0.026239067055393587,0.037900874635568516,0.023323615160349854,0.8950437317784257
0.006565988181221274,0.009192383453709783,0.013131976362442548,0.004596191726854892,0.9665134602757715

0.0036506599269868017,0.7250772254984554,0.2645324347093513,0.003931479921370402,0.002808199943836001
0.0060374960279631395,0.9720368605020655,0.011121703209405783,0.006355258976803305,0.0044486812837623135
0.006005490734385724,0.00943719972546328,0.977522306108442,0.0039464653397391905,0.0030885380919698007
0.9045092838196287,0.034482758620689655,0.050397877984084884,0.005305039787798408,0.005305039787798408
0.9625,0.015277777777777777,0.018055555555555554,0.001388888888888889,0.002777777777777778

0.010126582278481013,0.24585091420534458,0.7367088607594937,0.0033755274261603376,0.003938115330520394
0.6317470456723092,0.0063877355477483235,0.3541999361226445,0.005748961992973491,0.0019163206643244969
0.8628933028651784,0.12146247143610477,0.008964668658815258,0.002285111618913693,0.004394445420987872
0.07242339832869081,0.008356545961002786,0.9080779944289693,0.005571030640668524,0.005571030640668524
0.015656909462219197,0.008849557522123894,0.9659632402995235,0.0040844111640571815,0.005445881552076242

Transition Gammas
24.0,19.0,33.0,911.0,2483.0
1076.0,1930.0,28.0,11.0,26.0
703.0,46.0,4790.0,30.0,41.0
6.0,9.0,13.0,8.0,307.0
10.0,14.0,20.0,7.0,1472.0

13.0,2582.0,942.0,14.0,10.0
19.0,3059.0,35.0,20.0,14.0
35.0,55.0,5697.0,23.0,18.0
341.0,13.0,19.0,2.0,2.0
1386.0,22.0,26.0,2.0,4.0

36.0,874.0,2619.0,12.0,14.0
1978.0,20.0,1109.0,18.0,6.0
4909.0,691.0,51.0,13.0,25.0
26.0,3.0,326.0,2.0,2.0
23.0,13.0,1419.0,6.0,8.0

Iteration: ,45000
Error:,0.30946234319910026
Transition Probabilities
0.006791632708503124,0.0054333061668024995,0.009236620483564249,0.2613420266232002,0.7171964140179299
0.35165847665847666,0.6271498771498771,0.009213759213759214,0.003992628992628993,0.007985257985257985
0.12495767016593295,0.00829664747714189,0.8543853708093464,0.005248899424314257,0.007111412123264477
0.016483516483516484,0.024725274725274724,0.038461538461538464,0.02197802197802198,0.8983516483516484
0.006731946144430845,0.008567931456548347,0.012239902080783354,0.004283965728274173,0.9681762545899633

0.0034482758620689655,0.726525198938992,0.26312997347480105,0.003978779840848806,0.0029177718832891246
0.006000600060006,0.9711971197119712,0.012601260126012601,0.006000600060006,0.0042004200420042
0.005876591576885406,0.009631080639895527,0.9774730656219393,0.004080966372837088,0.002938295788442703
0.9065656565656566,0.03282828282828283,0.050505050505050504,0.005050505050505051,0.005050505050505051
0.9602605863192183,0.016286644951140065,0.018241042345276872,0.0026058631921824105,0.0026058631921824105

0.010333863275039745,0.24350821409644938,0.7384737678855325,0.003444621091679915,0.0042395336512983575
0.6306578153289076,0.006035003017501509,0.35576342788171395,0.005733252866626433,0.0018105009052504525
0.8625992063492064,0.12218915343915344,0.008763227513227513,0.0023148148148148147,0.004133597883597883
0.07068062827225131,0.010471204188481676,0.9083769633507853,0.005235602094240838,0.005235602094240838
0.015444015444015444,0.009009009009009009,0.9658944658944659,0.0045045045045045045,0.005148005148005148

Transition Gammas
25.0,20.0,34.0,962.0,2640.0
1145.0,2042.0,30.0,13.0,26.0
738.0,49.0,5046.0,31.0,42.0
6.0,9.0,14.0,8.0,327.0
11.0,14.0,20.0,7.0,1582.0

13.0,2739.0,992.0,15.0,11.0
20.0,3237.0,42.0,20.0,14.0
36.0,59.0,5988.0,25.0,18.0
359.0,13.0,20.0,2.0,2.0
1474.0,25.0,28.0,4.0,4.0

39.0,919.0,2787.0,13.0,16.0
2090.0,20.0,1179.0,19.0,6.0
5217.0,739.0,53.0,14.0,25.0
27.0,4.0,347.0,2.0,2.0
24.0,14.0,1501.0,7.0,8.0

Iteration: ,47500
Error:,0.3169023388749813
Transition Probabilities
0.006683804627249357,0.005398457583547558,0.008997429305912597,0.26195372750642676,0.7169665809768637
0.3499708114419148,0.6293053123175715,0.009340338587273789,0.0037945125510799767,0.007589025102159953
0.12768015476382397,0.008060615831049492,0.8521683056585523,0.005158794131871675,0.006932129614702564
0.017948717948717947,0.02564102564102564,0.035897435897435895,0.023076923076923078,0.8974358974358975
0.0075625363583478765,0.011052937754508435,0.012216404886561954,0.004072134962187318,0.9650959860383944

0.0032589621459012284,0.7229882175983956,0.26648282777638505,0.004011030333416896,0.0032589621459012284
0.007064142413111049,0.9703306018649336,0.012432890647075446,0.005651313930488839,0.004521051144391071
0.005755171877430394,0.009643801524342821,0.977445948047908,0.004044174832788925,0.0031109037175299425
0.9057971014492754,0.03140096618357488,0.05314009661835749,0.004830917874396135,0.004830917874396135
0.9599012954966071,0.01727328809376928,0.01727328809376928,0.0024676125848241827,0.0030845157310302285

0.011016524787180772,0.2456184276414622,0.7353530295443165,0.00400600901352028,0.00400600901352028
0.6321317059324439,0.005960828839057622,0.35424354243542433,0.005960828839057622,0.0017030939540164632
0.8609893550407013,0.12382592360676269,0.008609893550407014,0.0021916092673763305,0.004383218534752661
0.07654320987654321,0.009876543209876543,0.9037037037037037,0.0049382716049382715,0.0049382716049382715
0.016433353621424222,0.00852099817407182,0.9653073645769933,0.004869141813755326,0.004869141813755326

Transition Gammas
26.0,21.0,35.0,1019.0,2789.0
1199.0,2156.0,32.0,13.0,26.0
792.0,50.0,5286.0,32.0,43.0
7.0,10.0,14.0,9.0,350.0
13.0,19.0,21.0,7.0,1659.0

13.0,2884.0,1063.0,16.0,13.0
25.0,3434.0,44.0,20.0,16.0
37.0,62.0,6284.0,26.0,20.0
375.0,13.0,22.0,2.0,2.0
1556.0,28.0,28.0,4.0,5.0

44.0,981.0,2937.0,16.0,16.0
2227.0,21.0,1248.0,21.0,6.0
5500.0,791.0,55.0,14.0,28.0
31.0,4.0,366.0,2.0,2.0
27.0,14.0,1586.0,8.0,8.0

Iteration: ,49999
Error:,0.30992093908439117
Transition Probabilities
0.0068560235063663075,0.00514201762977473,0.009059745347698335,0.2607737512242899,0.7181684622918707
0.3507214206437292,0.6287458379578247,0.009156492785793563,0.00388457269700333,0.007491675915649278
0.12754867392304153,0.007665184730952016,0.8526751494711022,0.005212325617047371,0.006898666257856814
0.017114914425427872,0.02444987775061125,0.039119804400977995,0.022004889975550123,0.8973105134474327
0.007154650522839846,0.01100715465052284,0.012107870115575124,0.003852504127682994,0.9658778205833792

0.003093764873869586,0.723940980485483,0.26534983341266066,0.00404569252736792,0.003569728700618753
0.007015650296815974,0.9705882352941176,0.012142471667566108,0.005396654074473826,0.004856988667026443
0.005731922398589065,0.00940623162845385,0.9778071722516167,0.00411522633744856,0.0029394473838918285
0.8993135011441648,0.032036613272311214,0.057208237986270026,0.006864988558352402,0.004576659038901602
