0,1,2,3,4,5,6,7,8,9,10,11,12,13,14,15,16,17,18,19,20,21,22,23,24,25,26,27,28,29
github Code Version (SHA):,528ca1c557fe8e6666681dc5c9134b0f84d30530
Environment Observations,Environment Actions,alpha,epsilon,numActions,explore,patience,gainThresh,insertRandActions,useUpdatedPosterior,revisedSplitting,haveControl,confidence_factor
"['diamond', 'square']","['x', 'y']",0.95,0.99,75000,0.5,0,0.01,False,True,False,False,250

Model Num 0
Model States: 
['diamond'],['square']
Iteration: ,0
Error:,0.6238384333551635
Absolute Error:,1
Transition Probabilities
0.5,0.5
0.5,0.5

0.5,0.5
0.5,0.5

Transition Gammas
1.0,1.0
1.0,1.0

1.0,1.0
1.0,1.0

Iteration: ,2500
Error:,0.13640109597674258
Absolute Error:,1
Transition Probabilities
0.518796992481203,0.48120300751879697
0.057291666666666664,0.9427083333333334

0.07042253521126761,0.9295774647887324
0.9520451339915373,0.047954866008462625

Transition Gammas
276.0,256.0
44.0,724.0

35.0,462.0
675.0,34.0

Iteration: ,2510
Error:,0.1344550057775379
Absolute Error:,1
Transition Probabilities
0.5168539325842697,0.48314606741573035
0.05721716514954486,0.9427828348504551

0.072,0.928
0.9523141654978962,0.047685834502103785


Model Num 1
Model States: 
['square'],"['diamond', 'x', 'diamond']","['diamond', 'x', 'square']"
Iteration: ,0
Error:,0.6761491002594694
Absolute Error:,1
Transition Probabilities
0.3333333333333333,0.3333333333333333,0.3333333333333333
0.3333333333333333,0.3333333333333333,0.3333333333333333
0.3333333333333333,0.3333333333333333,0.3333333333333333

0.3333333333333333,0.3333333333333333,0.3333333333333333
0.3333333333333333,0.3333333333333333,0.3333333333333333
0.3333333333333333,0.3333333333333333,0.3333333333333333

Transition Gammas
1.0,1.0,1.0
1.0,1.0,1.0
1.0,1.0,1.0

1.0,1.0,1.0
1.0,1.0,1.0
1.0,1.0,1.0

Iteration: ,2500
Error:,0.11013608235872697
Absolute Error:,1
Transition Probabilities
0.9444444444444444,0.020711053278632555,0.034844502276923005
0.003225806451612902,0.05602338843726106,0.9407508051111261
0.9960707269155207,0.0019646365422396855,0.0019646365422396855

0.04144385026737968,0.48570374353295676,0.47285240619966357
0.8804112585969007,0.06695319099828966,0.05263555040480965
0.9276485668856228,0.021341590933049704,0.05100984218132766

Transition Gammas
646.0,14.166360442584669,23.833639557415335
1.0,17.367250415550934,291.6327495844492
507.0,1.0,1.0

31.0,363.30640016265164,353.69359983734836
24.487593678796642,1.8622235014098596,1.463995330349284
132.96841661481244,3.0590868737455255,7.311710693839624

Iteration: ,5000
Error:,0.10093260014706468
Absolute Error:,1
Transition Probabilities
0.9493853940708604,0.020012913429722595,0.03060169249941696
0.0015337423312883438,0.07632493162206022,0.9221413260466514
0.9979695431472081,0.0010152284263959391,0.0010152284263959391

0.03749147920927062,0.5135800367675897,0.4489284840231397
0.9439315670606875,0.02559548378448361,0.03047294915482889
0.9321092746065843,0.018595304127013313,0.04929542126640233

Transition Gammas
1313.0,27.677859273306346,42.322140726693654
1.0,49.76385541758326,601.2361445824166
983.0,1.0,1.0

55.0,753.4219139380541,658.5780860619459
109.09442276072724,2.958185345411029,3.521895986819258
212.58722140693632,4.241052141925304,11.242862742173646

Iteration: ,7500
Error:,0.09832441791313948
Absolute Error:,1
Transition Probabilities
0.9559659090909091,0.017560679781444273,0.026473411127646635
0.0010362694300518139,0.07395380581720486,0.9250099247527434
0.9986004198740378,0.0006997900629811056,0.0006997900629811056

0.04675442578302316,0.5154621592181475,0.43778341499882933
0.961383857324053,0.017006705953591907,0.021609436722354988
0.9365193465725465,0.017319624766145698,0.04616102866130778

Transition Gammas
2019.0,37.088155698410304,55.911844301589696
1.0,71.36542261360266,892.634577386397
1427.0,1.0,1.0

103.0,1135.5631367575788,964.4368632424208
202.32366213220072,3.5790688632047702,4.547715609091219
299.8942076772092,5.546126906527799,14.781782316202769

Iteration: ,10000
Error:,0.0930963372329076
Absolute Error:,1
Transition Probabilities
0.9591183789548525,0.015832697857957004,0.02504892318719052
0.0007800312012480501,0.0670018219645472,0.9322181468342048
0.9989389920424403,0.0005305039787798408,0.0005305039787798408

0.04564032697547684,0.5234581246339133,0.43090154839060985
0.9574910743806764,0.018409914283582424,0.024099011335741233
0.9251478849916983,0.020411499594670934,0.05444061541363089

Transition Gammas
2698.0,44.537379074433055,70.46262092556694
1.0,85.8963357585495,1195.1036642414504
1883.0,1.0,1.0

134.0,1536.8730539251694,1265.1269460748306
298.7433757470098,5.74401170668657,7.519046590864061
382.59025995390095,8.441073111294171,22.5136429981011

Iteration: ,12500
Error:,0.09758479496274845
Absolute Error:,1
Transition Probabilities
0.958251611095545,0.017290751830301324,0.024457637074153705
0.0006188118811881186,0.0682604889951317,0.9311206991236802
0.9991412623443539,0.00042936882782310007,0.00042936882782310007

0.04835164835164835,0.5313653454146763,0.42028300623367537
0.9599106198458954,0.019317722450409143,0.020771657703695368
0.9293466712589163,0.01761339393939116,0.053039934801692466

Transition Gammas
3420.0,61.71069328234543,87.28930671765457
1.0,110.30895021613286,1504.6910497838678
2327.0,1.0,1.0

176.0,1934.1698573094216,1529.8301426905784
393.2434718503648,7.913828733200374,8.509457675132179
458.0999297347862,8.682114839983386,26.14480812943445

Iteration: ,15000
Error:,0.0968853711467796
Absolute Error:,1
Transition Probabilities
0.9574121480102397,0.017142725056802612,0.025445126932957685
0.000517063081695967,0.0655402007148362,0.9339427362034679
0.9992818671454219,0.0003590664272890485,0.0003590664272890485

0.04928931682714351,0.5346756194517285,0.4160350637211279
0.9631731206897162,0.017118964203919455,0.019707915106364455
0.928102179969214,0.01686303459816504,0.055034785432621164

Transition Gammas
4114.0,73.66228956908083,109.33771043091917
1.0,126.75474818249322,1806.2452518175069
2783.0,1.0,1.0

215.0,2332.2550520484397,1814.7449479515599
489.96765931757574,8.708443623228842,10.02544695991949
541.00470491514,9.829716224841421,32.08060329524373

Iteration: ,17500
Error:,0.09374126032563843
Absolute Error:,1
Transition Probabilities
0.9583333333333334,0.01597330289936081,0.025693363767305855
0.0004424778761061946,0.06822397634933162,0.9313335457745623
0.9993851829080849,0.0003074085459575776,0.0003074085459575776

0.049448384554767535,0.5362423356832746,0.41430927976195797
0.9646383086514503,0.016640337203787853,0.01872135414476196
0.927764644893871,0.016011927463001095,0.05622342764312802

Transition Gammas
4830.0,80.50544661277848,129.49455338722152
1.0,154.1861865494895,2104.813813450511
3251.0,1.0,1.0

251.0,2721.966095928302,2103.0339040716985
576.0097633266464,9.93636330681197,11.178990792055616
618.8236784132373,10.680036047583743,37.50130865474072

Iteration: ,20000
Error:,0.09929068767580453
Absolute Error:,1
Transition Probabilities
0.9585429314830876,0.01559807263868346,0.02585899587822894
0.0003862495171881035,0.06587704053767046,0.9337367099451414
0.9994633753689295,0.00026831231553528306,0.00026831231553528306

0.05054338450922891,0.5393418016770412,0.41011481381373
0.9669034717916517,0.015309532880365765,0.01778699532798252
0.9220671823350858,0.017875288119920753,0.06005752954499335

Transition Gammas
5526.0,89.92288876201015,149.07711123798984
1.0,170.55565795202884,2417.444342047971
3725.0,1.0,1.0

293.0,3126.5644243218076,2377.435575678193
667.8693050967961,10.574754755218903,12.286012571086738
686.3913544145747,13.306452564672623,44.707120952712316

Iteration: ,21660
Error:,0.09686362394524088
Absolute Error:,1
Transition Probabilities
0.9591738712776177,0.014921459214783063,0.025904669507599256
0.00035536602700781826,0.06605420571940285,0.9335904282535894
0.9995038451997023,0.00024807740014884643,0.00024807740014884643

0.05007974481658692,0.5420912167310245,0.40782903845238866
0.9677123321469432,0.01480145447555666,0.01748621337750017
0.9176257018900795,0.0178563793066615,0.06451791880325891


Model Num 2
Model States: 
"['diamond', 'x', 'diamond']","['diamond', 'x', 'square']","['square', 'y', 'diamond', 'x', 'diamond']","['square', 'y', 'diamond', 'x', 'square']"
Iteration: ,0
Error:,0.6228543846375328
Absolute Error:,0.7
Transition Probabilities
0.25,0.25,0.25,0.25
0.25,0.25,0.25,0.25
0.25,0.25,0.25,0.25
0.25,0.25,0.25,0.25

0.25,0.25,0.25,0.25
0.25,0.25,0.25,0.25
0.25,0.25,0.25,0.25
0.25,0.25,0.25,0.25

Transition Gammas
1.0,1.0,1.0,1.0
1.0,1.0,1.0,1.0
1.0,1.0,1.0,1.0
1.0,1.0,1.0,1.0

1.0,1.0,1.0,1.0
1.0,1.0,1.0,1.0
1.0,1.0,1.0,1.0
1.0,1.0,1.0,1.0

Iteration: ,2500
Error:,0.03106108173289926
Absolute Error:,0.05416338626381625
Transition Probabilities
0.07498848672596067,0.9177651364624451,0.0036231884057971006,0.0036231884057971006
0.0014662756598240458,0.0014662756598240458,0.060889095740854875,0.936178352939497
0.028997393454877,0.02483290372056208,0.8724371075088252,0.07373259531573573
0.021321657468945994,0.02103722465929672,0.9279052781735437,0.029735839698213522

0.03378743928142858,0.038103757321567955,0.8461856601374487,0.08192314325955481
0.010684048776891173,0.049224803737774186,0.06370851612941969,0.876382631355915
0.9724637006897999,0.0040760647311489625,0.01191756566061711,0.011542668918434125
0.0020495692415660157,0.9426640983954351,0.01339246612312715,0.041893866239871805

Transition Gammas
20.696822336365152,253.3031776636349,1.0,1.0
1.0,1.0,41.52636329526305,638.4736367047374
4.462556027818542,3.821661569646825,134.2637737100221,11.34708325370541
4.373716414461526,4.315370647947534,190.34141938186468,6.099719516425676

2.1170329928341394,2.3874822453634037,53.019790746875806,5.133090901401459
1.5730572225608426,7.247573898794676,9.380071499933624,129.03348316446392
305.0227140710425,1.2784974144972232,3.7380605778321327,3.6204705621678643
1.227241662756549,564.4486812515695,8.01914473540753,25.08522133374566

Iteration: ,5000
Error:,0.024016057320120753
Absolute Error:,0.04462736020678123
Transition Probabilities
0.07666251501376711,0.9197011213498691,0.0018181818181818177,0.0018181818181818177
0.0007451564828614017,0.0007451564828614017,0.055562260955506836,0.9429474260787704
0.01757568638333632,0.02525506247374249,0.9004228945444022,0.05674635659851894
0.018655886539812566,0.017436186291176548,0.9328684147636221,0.031039512405388738

0.033787589698461226,0.04482445072030129,0.8587907534256958,0.0625972061555417
0.018677356169195865,0.03538294105083175,0.046418175622462775,0.8995215271575097
0.9671221792030508,0.002049232423863202,0.011086418070624007,0.019742170302461993
0.00104786821180198,0.9444554472763891,0.008296671774449307,0.04620001273735974

Transition Gammas
42.16438325757192,505.83561674242816,1.0,1.0
1.0,1.0,74.5645542022901,1265.4354457977086
5.74648850820498,8.257312011265588,294.39930271683994,18.553601774839482
8.02392095924148,7.499326302850473,401.2279132091787,13.350134480220573

4.217266572980476,5.594854778396533,107.19171062302348,7.813197314094188
5.592232039493752,10.594091305188144,13.898177374745657,269.3278994529744
608.6830869334675,1.2897368547881516,6.977520854524428,12.425239975750612
1.2402850444798632,1117.8829105045975,9.820164219994751,54.683579678772546

Iteration: ,7500
Error:,0.023441179827551444
Absolute Error:,0.03984859199719172
Transition Probabilities
0.07030515140858594,0.927249860816353,0.0012224938875305623,0.0012224938875305623
0.0005032712632108712,0.0005032712632108712,0.05362518575926109,0.9453682717143171
0.01896269992819948,0.03036431905448939,0.9011228224885525,0.049550158528758693
0.01872356725352919,0.02016324155703328,0.9321864165661722,0.028926774623265303

0.02307219883584232,0.03060883149570468,0.8819652752975614,0.06435369437089145
0.016052478981164794,0.038180393540306404,0.03637776858433661,0.9093893588941921
0.9683089962718787,0.0013724914769834666,0.009273627062942992,0.021044885188194758
0.0007113581234297082,0.9465499806695757,0.006517791629738044,0.04622086957725646

Transition Gammas
57.509613852223296,758.4903861477767,1.0,1.0
1.0,1.0,106.55324410365166,1878.446755896346
9.835231168107901,15.748817325268023,467.3781319954842,25.699782488358345
12.501936064557986,13.463222760222381,622.4313359925055,19.314732176678344

4.217266572980476,5.594854778396533,161.21058510746568,11.762931051744905
7.4906223826045455,17.816245750282047,16.975080790124032,424.35142224624497
913.5073781745812,1.2948150802412792,8.748784506861368,19.853846206397357
1.2481950228584526,1660.8778839302522,11.436539211843842,81.1021304998452

Iteration: ,10000
Error:,0.02138445314964096
Absolute Error:,0.03877093347145642
Transition Probabilities
0.06231520183705225,0.9358499357776267,0.0009174311926605505,0.0009174311926605505
0.00037721614485100016,0.00037721614485100016,0.05525050206977639,0.9439950656405216
0.017576497754607644,0.026375167137168358,0.8997880276924727,0.05626030741575119
0.020274476864294663,0.023689328112856515,0.9298190204377565,0.026217174585092325

0.02304075793937022,0.024813511619898438,0.8867276144114135,0.06541811602931795
0.016578010995706303,0.04077625723276275,0.032764118647591156,0.9098816131239398
0.9666979093566124,0.0010370116233929083,0.009381854143378691,0.022883224876616037
0.000531475331661609,0.9471335613546928,0.006520047020762265,0.0458149162928833

Transition Gammas
67.92357000238695,1020.0764299976131,1.0,1.0
1.0,1.0,146.46908098697702,2502.5309190130192
11.77872289822089,17.67506754987794,602.9843938931465,37.70231023669868
18.12496288983822,21.177769261552932,831.2389687045256,23.43761171308227

5.195141124305361,5.594854778396533,199.9359182457449,14.750224178943778
10.720851473607677,26.36964093915087,21.188262559088685,588.4123032247225
1209.3933024315395,1.2973597022773602,11.737225720228734,28.628197739905378
1.2542657863135103,2235.206697858242,15.387114727846491,108.12182350839261

Iteration: ,12500
Error:,0.022265399416458307
Absolute Error:,0.03911200583558448
Transition Probabilities
0.06189651268554473,0.9366339795995398,0.0007347538574577518,0.0007347538574577518
0.0003030303030303036,0.0003030303030303036,0.05558611072663667,0.9438078286673026
0.01717602481494808,0.02290591421971187,0.9049687207259954,0.05494934023934461
0.01983771762562447,0.023976716854691292,0.9286492973982671,0.02753626812141712

0.020040473429620686,0.021853441443408863,0.8937558451733495,0.0643502399536208
0.014851619704803611,0.05277721709968364,0.03320739310398008,0.8991637700915326
0.9647579576656062,0.0008278401003298032,0.00837911346943374,0.026035088764630353
0.00042875803645408395,0.9475191740807152,0.006042437946624326,0.04600962993620633

Transition Gammas
84.24115376502637,1274.7588462349734,1.0,1.0
1.0,1.0,183.43416539790064,3114.5658346020928
14.669144930128427,19.56274394489798,772.8864777843926,46.92935906126429
22.28914808233784,26.939620907406518,1043.4064087862723,30.939040940900803

5.595692611287207,6.10190878202198,249.55413337388032,17.96784709241523
12.086492675229472,42.95096835047575,27.0247233293285,731.7542824994342
1515.1932262509015,1.300157933367728,13.159752526523583,40.88920938932743
1.2580966289100528,2780.2876620045467,17.730211832100196,135.00519033732243

Iteration: ,15000
Error:,0.021639859367841546
Absolute Error:,0.039274345244440054
Transition Probabilities
0.06304967682411708,0.9357330377224441,0.0006086427267194155,0.0006086427267194155
0.00025271670457417255,0.00025271670457417255,0.056715291713341026,0.9427792748775106
0.018396782148365952,0.02339630193044977,0.9064168145243605,0.05179010139682363
0.020967381920881413,0.025096160766155902,0.920532200911117,0.033404256401845724

0.02330979939299675,0.019021606623372475,0.8952402321565021,0.06242836182712882
0.01585313716491933,0.048030013102951484,0.03249101268265345,0.9036258370494757
0.9659338273173749,0.0006962960316386843,0.00785597451339501,0.025513902137591526
0.0003573287150784091,0.9490952658110505,0.005897119704400266,0.04465028576947074

Transition Gammas
103.59061902202441,1537.4093809779763,1.0,1.0
1.0,1.0,224.4224093096903,3730.577590690307
18.835413685834677,23.954136219298334,928.0283658128362,53.02492450980851
28.34596664720296,33.92769487075735,1244.474639855559,45.15947395885135

7.477510834890758,6.10190878202198,287.1825888725397,20.02628783270805
15.78505670637061,47.8237507536049,32.35148174823107,899.7452637154526
1806.0387868116966,1.3018879810172976,14.688578325079973,47.704196250565765
1.2611543909295466,3349.7326449832112,20.81326827431038,157.58852165595118

Iteration: ,17500
Error:,0.023199753684745923
Absolute Error:,0.03847343559295128
Transition Probabilities
0.06153181728579805,0.9374149968268928,0.000526592943654555,0.000526592943654555
0.0002150537634408603,0.0002150537634408603,0.05621988277699678,0.9433500096961215
0.01897304997430225,0.026166355098665016,0.9056212129099575,0.04923938201707518
0.020983823159614032,0.0243878463241743,0.919663194442806,0.034965136073405775

0.024407166904462343,0.020225217227409668,0.8985180576828804,0.0568495581852475
0.01524574681983459,0.0457040541565719,0.030860795418826376,0.9081894036047672
0.9620315799869197,0.0006014525385318951,0.008121944617795621,0.02924502285675277
0.0003037812821777397,0.9483531585252519,0.0053462628951816615,0.04599679729738873

Transition Gammas
116.8489210257305,1780.1510789742697,1.0,1.0
1.0,1.0,261.4224549130349,4386.577545086963
22.379425417222272,30.86419912266441,1068.2142522168797,58.079701415100224
33.06957044720214,38.43415930158154,1449.348222437304,55.10349671650441

8.92113739406026,7.392580319408064,328.42005280701443,20.779253952227116
17.547758813455307,52.6050792141729,35.520581654708806,1045.3202981607153
2084.8942584530855,1.303455074036375,17.601704614879967,63.37918786741088
1.263699926921113,3945.054838574862,22.239922030446916,191.3421029979928

Iteration: ,20000
Error:,0.022818015481695784
Absolute Error:,0.03882024166083753
Transition Probabilities
0.06384511747798675,0.9352374513293527,0.00045871559633027515,0.00045871559633027515
0.00018850141376060365,0.00018850141376060365,0.05851326957256214,0.9411097275999166
0.018402604094972852,0.02492129528038912,0.905118542890313,0.05155755773432511
0.021136965586353935,0.025765758319301075,0.9179640665571409,0.03513320953720401

0.021318618796704655,0.022001964356933613,0.9010186167079276,0.05566080013843414
0.016180669491902916,0.04473404240941188,0.030038032397523597,0.9090472557011617
0.9627039986091588,0.0005259871921948652,0.008109286937053565,0.028660727261592706
0.00026638734822615975,0.9488147995990879,0.0047508413388398915,0.046167971713846054

Transition Gammas
139.18235610201114,2038.8176438979892,1.0,1.0
1.0,1.0,310.4128950824414,4992.587104917546
24.617487664997558,33.33765569234489,1210.7930187472587,68.96945318238235
38.01314425358895,46.337658250578215,1650.8850496580176,63.18427102381809

8.92113739406026,9.207094926701444,377.04651276470315,23.29220528935276
21.508545862337584,59.46380668933838,39.92878031158261,1208.3730280792681
2388.7237562023643,1.3051136208733514,20.121290012700555,71.11485999716704
1.2660468383563408,4509.388246915872,22.57910406264627,219.42038543067636

Iteration: ,22500
Error:,0.02308939110792148
Absolute Error:,0.03843587885592138
Transition Probabilities
0.0653979340111444,0.9337870700638353,0.00040749796251018716,0.00040749796251018716
0.00016789791806581645,0.00016789791806581645,0.05683464388509219,0.9428295602787761
0.01714999021594021,0.023102868669019828,0.9100925742199183,0.04965456689512175
0.020456004232143096,0.025395454535317313,0.9198311597220441,0.0343173815104955

0.024269453232442874,0.025135920701362047,0.8965016801243517,0.054092945941843384
0.016956588168533154,0.045167877923923835,0.028827380858034417,0.9090481530495086
0.9643141335576652,0.00046709257195570156,0.0077027787191482075,0.027515995151230713
0.0002377416934751159,0.9494063500982937,0.004791350183503249,0.04556455802472799

Transition Gammas
160.48653006334845,2291.5134699366536,1.0,1.0
1.0,1.0,338.50713897960816,5615.492861020375
25.91764664062083,34.91383837594216,1375.362752508235,75.03966490223921
41.417308487240184,51.41822238236435,1862.3838001813187,69.48246394381964

11.629078232574768,12.044259319908555,429.5724371682277,25.9194590897183
25.37426502293091,67.59034857565798,43.13801777448061,1360.3225203575535
2698.457353732663,1.3070734336513727,21.554822391927516,76.99849756134543
1.2681885577113852,5064.430442190021,25.55856059527551,243.05560492772688

Iteration: ,25000
Error:,0.022832667228797152
Absolute Error:,0.03849114451983531
Transition Probabilities
0.06566239689513155,0.933603119079896,0.0003672420124862282,0.0003672420124862282
0.0001509433962264155,0.0001509433962264155,0.056829041765203606,0.9428690714423437
0.016582838588414313,0.02363301481816405,0.9091718478315086,0.050612298761913053
0.021221890108634203,0.02624395812128921,0.9183698076938244,0.0341643440762522

0.022204277202314705,0.022997013803440547,0.9017631835718817,0.05303552542236308
0.017894567419907997,0.04674894330115362,0.028021131596557683,0.9073353576823807
0.9641511282213026,0.00042260572730848806,0.00779824333959676,0.02762802271179218
0.00021363941468171066,0.948399155069877,0.004505603582178811,0.046881601933262566

Transition Gammas
178.79870674544333,2542.2012932545585,1.0,1.0
1.0,1.0,376.49240169447285,6246.507598305509
27.812556270046155,39.63703505624451,1524.8531210224855,84.88639624434151
47.70461149416318,58.99370036488064,2064.4002329546884,76.79790785682364

11.629078232574768,12.044259319908555,472.28173713846,27.77637248097741
29.84728616070123,77.97501083304212,46.7379128918571,1513.39216137405
2984.3357170788113,1.3080909510270318,24.137892336198963,85.51698230460492
1.2702627045313657,5639.015990982576,26.78953319719345,278.74982972234835

Iteration: ,27500
Error:,0.022210690975545025
Absolute Error:,0.038396830166912144
Transition Probabilities
0.06558889377967346,0.9337457702256492,0.00033266799733865603,0.00033266799733865603
0.00013734377145996465,0.00013734377145996465,0.05692913284962445,0.9427961796074557
0.016159906513691976,0.022569635811390248,0.9128927024271465,0.048377755247771215
0.020647550202577337,0.026385812740535836,0.9157656211115319,0.037201015945354854

0.02207148543040805,0.02274234729935718,0.9032873690930338,0.05189879817720097
0.019024675830142578,0.04642466444126779,0.02852441969362541,0.9060262400349642
0.9636498387981342,0.00038368233970181284,0.008134199572958523,0.027832279289205505
0.00019478990267068308,0.9483567316805426,0.00414214261775853,0.04730633579902815

Transition Gammas
197.16021470169844,2806.8397852983016,1.0,1.0
1.0,1.0,414.5010162781145,6864.498983721866
29.71292864464083,41.49838229764349,1678.519346906425,88.9513060268638
51.26012685069522,65.50608158684733,2273.5027372798563,92.35617676791469

12.583882390461444,12.966368965083664,515.0021303865603,29.58968822136579
34.94711770252507,85.27915150904607,52.39754208321144,1664.3124926161138
3288.1632713183753,1.309199801075548,27.755492919226974,94.96922515960871
1.272018348605502,6192.965585904333,27.049047923379195,308.92015610988705

Iteration: ,30000
Error:,0.021801484257290532
Absolute Error:,0.03804316646033919
Transition Probabilities
0.06650466674962652,0.9328837124552665,0.0003058103975535168,0.0003058103975535168
0.00012542330364981853,0.00012542330364981853,0.05687651729184151,0.9428726361008588
0.01606949597354189,0.022152695594395717,0.9145096704535506,0.047268137978511746
0.019983644006108525,0.025737213381885247,0.9155277790662892,0.03875136354571706

0.0205435433534377,0.02417939442141897,0.9041110163343964,0.051166045890746956
0.018629328210795878,0.045456792509026026,0.02796489524315125,0.907948984037027
0.9640364057151994,0.00035384513860035486,0.007849542340814945,0.02776020680538518
0.00017760269801183186,0.9485631310941707,0.003924785222351552,0.04733448098546598

Transition Gammas
217.4702602712787,3050.5297397287213,1.0,1.0
1.0,1.0,453.47647236785093,7517.523527632124
31.939104009920623,44.02983452962442,1817.6437848944117,93.9483091278445
53.86132914381293,69.36875580762585,2467.5951509904844,104.44541276202743

12.583882390461444,14.811011442230098,553.8103384472269,31.34159929457202
37.34426646024506,91.12247917245841,56.05830160251732,1820.0703969850217
3569.055339709425,1.3100053834739809,29.060573687543148,102.7738306798633
1.2737136405941458,6802.812190155176,28.147390383554104,339.46879623200147

Iteration: ,32500
Error:,0.02321474067876548
Absolute Error:,0.03808891672506923
Transition Probabilities
0.06710000917684313,0.9323380352176498,0.0002809778027535825,0.0002809778027535825
0.00011551345731777796,0.00011551345731777796,0.05804482437690506,0.9417241487084594
0.01731010355137995,0.02294191852992145,0.9145284327966257,0.045219545122073046
0.0200419454926462,0.025685649713043452,0.9167419161130843,0.037530488681226146

0.022086369862792648,0.023943477722480365,0.9056703003231407,0.048299852091586166
0.020050424837325165,0.04648868582661145,0.0278432351337007,0.9056176542023627
0.9633179333795013,0.00032524916390846737,0.0076004952903933115,0.02875632216619692
0.00016438300488959458,0.9492485720685258,0.003869830123597015,0.046717214802987655

Transition Gammas
238.80893266038464,3318.191067339615,1.0,1.0
1.0,1.0,502.4940446308652,8152.505955369103
36.75168060230032,48.70878211173108,1941.6670018235943,96.00718299430687
58.35616250565144,74.78894447984533,2669.2788009061683,109.27757972407173

14.886262127253964,16.137956931318037,610.4237851323564,32.55420711550263
43.262290158345294,100.30745141953435,60.07663812982274,1954.0281089549887
3883.7713542302427,1.3112943733368705,30.64262053467087,115.93574292786884
1.2750275400745168,7362.79320709992,30.016119892139137,362.35945138849723

Iteration: ,35000
Error:,0.024152682662475635
Absolute Error:,0.037968824533421236
Transition Probabilities
0.06782664713280108,0.9316499296795517,0.0002617115938236065,0.0002617115938236065
0.00010733068584308289,0.00010733068584308289,0.05779434442029405,0.9419909942080198
0.01740379548786201,0.02297515487768956,0.9153358878002896,0.04428516183415875
0.0209505198641416,0.026146484425024232,0.9155077240381931,0.03739527167264096

0.022830688298290897,0.02316892324946165,0.9083948182221412,0.04560557023010636
0.02082070841243889,0.0481076724989688,0.02681427016985969,0.9042573489187328
0.963116734994829,0.0003027217907175089,0.007434730931917088,0.0291458122825365
0.00015261011720232252,0.9501623952686051,0.0038178867998649078,0.04586710781432774

Transition Gammas
259.16561869443285,3559.834381305566,1.0,1.0
1.0,1.0,538.4699069638779,8776.530093036092
39.703348981998964,52.41331367405326,2088.1594600688572,101.02791866591296
65.47743404794495,81.71657412928305,2861.270126460945,116.87282466155911

16.813089192602096,17.062173860036978,668.9646366031704,33.58508118284185
48.77300181565923,112.69336045922265,62.81306196569273,2118.244223346788
4175.529172824647,1.312430386122885,32.23278629717534,126.35974958119222
1.2766008193280656,7948.215456033728,31.937053100796472,383.68352301539545

Iteration: ,37500
Error:,0.021917022747596306
Absolute Error:,0.037419095059424604
Transition Probabilities
0.06766504024834888,0.9318472738213902,0.00024384296513045616,0.00024384296513045616
9.992006394884118e-05,9.992006394884118e-05,0.05810609022775947,0.9416940696443429
0.016891545264515785,0.02254849695488266,0.916145807379985,0.04441415040061663
0.020939313972327248,0.026352432910963047,0.9147882012304058,0.03792005188630387

0.021575135309429616,0.021894769336338632,0.9108820002581107,0.04564809509612098
0.020587621992200118,0.04605495750079752,0.026475417251602525,0.9068820032553998
0.9637347420644948,0.0002828271186106956,0.00723358339189419,0.02874884742500028
0.0001421316006064318,0.9497221791916881,0.003672969907343893,0.046462719300361596

Transition Gammas
277.49433005847857,3821.5056699415186,1.0,1.0
1.0,1.0,581.5257509994153,9424.47424900056
40.65271711535075,54.26724753293135,2204.8791724266666,106.8911022574031
70.17302181489117,88.31377436626391,3065.690331869631,127.07983803844077

16.813089192602096,17.062173860036978,709.8328744933511,35.57268509866669
51.59946849295662,115.42913161156696,66.35625322970839,2272.9497059706614
4474.403515104562,1.3131026603520564,33.583899742121524,133.4744285528907
1.2777188813565223,8537.706992806283,33.018857039841414,417.6853949152927

Iteration: ,40000
Error:,0.022632153567291362
Absolute Error:,0.03754711613292191
Transition Probabilities
0.06745775776498304,0.9320846810362067,0.0002287805994051706,0.0002287805994051706
9.344921035417278e-05,9.344921035417278e-05,0.05789926570967978,0.941913835869612
0.018532726307017886,0.0236882510745387,0.9133973397565589,0.044381682861884514
0.021009795336508937,0.026661123725188404,0.9139105624742249,0.038418518464077886

0.020575277445568956,0.02199219520280731,0.9125508600890688,0.04488166726255499
0.019842449581684192,0.046489283002046175,0.02623260595473142,0.9074356614615382
0.9641819712890437,0.0002662328214692679,0.006888499229534484,0.02866329665995248
0.00013312716961412936,0.9504734213434395,0.0037311447426120496,0.04566230674433434

Transition Gammas
294.85785919074067,4074.142140809257,1.0,1.0
1.0,1.0,619.5800423592815,10079.419957640688
47.506141902357804,60.72163362923984,2341.3707684918295,113.76645232729344
75.14459029016541,95.35738863306747,3268.7341156361595,137.40942181010283

16.813089192602096,17.970923622492645,745.690989783832,36.675057082184594
53.00319151595779,124.18226692492206,70.07259016370239,2423.9439770204704
4757.319736185731,1.313605412371345,33.98818305381955,141.42606993805754
1.278677851959873,9129.235724541313,35.83740387978766,438.5835023204861

Iteration: ,42500
Error:,0.022887688729557192
Absolute Error:,0.03698847728309445
Transition Probabilities
0.06715621705916212,0.9324136754139563,0.00021505376344086021,0.00021505376344086021
8.809020436927432e-05,8.809020436927432e-05,0.0574849152970195,0.9423389042942419
0.018116200721600743,0.023571668362932292,0.9155787324342285,0.04273339848123837
0.020997016728846893,0.026587799108144596,0.915111884337668,0.03730329982534067

0.019849375779079383,0.02127961652181293,0.9134323812243395,0.04543862647476831
0.019728475165028233,0.04718265602034824,0.02592130360105864,0.9071675652135649
0.9639271838284548,0.0002500427874632627,0.006748304770095363,0.029074468613986684
0.00012568776312141903,0.9499381453735294,0.0037139035207490265,0.04622226334260029

Transition Gammas
312.2764093251039,4335.7235906748965,1.0,1.0
1.0,1.0,652.568758451764,10697.431241548213
49.51617810981993,64.42735686919632,2502.509233888117,116.80123238598885
80.04853085969452,101.36269761006916,3488.7509430250343,142.2142195626668

17.23885313666417,18.480993463315823,793.3008496315621,39.46269229059863
55.98896349144709,133.90330389221458,73.56406964198904,2574.52090262925
5067.109832801297,1.3144086900257226,35.47405035251658,152.83677882418039
1.2795921096444038,9671.055680225261,37.8102173442306,470.5759892151172

Iteration: ,45000
Error:,0.022812734752589606
Absolute Error:,0.0364355700708589
Transition Probabilities
0.06613030098313384,0.9334622840647374,0.00020370747606437154,0.00020370747606437154
8.34306691139664e-05,8.34306691139664e-05,0.056782084121895345,0.9430510545398768
0.017802311345883445,0.023239121621748758,0.9165381055769718,0.04242046145539593
0.02058429802040205,0.026423084446692308,0.9156655238568452,0.03732709367606042

0.0198969313864401,0.020352113894827734,0.9151982782061939,0.044552676512538275
0.019705473512998995,0.047817441581014204,0.026047893606973686,0.9064291912990131
0.9634588527440979,0.00023587837173627698,0.006969139423164462,0.02933612946100135
0.00011893046186082782,0.9503225627550299,0.0036061106757054504,0.04595239610740377

Transition Gammas
324.6336475262041,4582.366352473797,1.0,1.0
1.0,1.0,680.5900602850368,11303.40993971495
51.90702025142969,67.75937872384677,2672.392426076288,123.68729593920932
83.05749443832424,106.61695566685411,3694.7038018846033,150.61455446891367

18.52364561767825,18.947411439300605,852.031313077468,41.477651754870564
59.496311308460584,144.3741703746134,78.64584354940011,2736.7621137866645
5371.942935823052,1.3151834654413572,38.85772514976106,163.5690128058581
1.2806493468693445,10233.122366342079,38.83078573246374,494.8177711686087

Iteration: ,47500
Error:,0.0235891933486228
Absolute Error:,0.03649435869367947
Transition Probabilities
0.06557837739365174,0.9340347005711384,0.00019346101760495257,0.00019346101760495257
7.913896802785696e-05,7.913896802785696e-05,0.05647201264831839,0.9433697094156259
0.01714828487106423,0.02326903832933739,0.9162327639457069,0.04334991285389152
0.019623180339041167,0.02636508210954966,0.9167174996917028,0.037294237859706446

0.019199276185547558,0.022440491737231057,0.9130487336018147,0.045311498475406733
0.01964715716539875,0.047874338098026006,0.02600912489571807,0.9064693798408571
0.9628674584961491,0.00022334431789471673,0.007187052447155908,0.029722144738800284
0.00011285570307845493,0.9500470736217755,0.0034372242776570167,0.046402846397489025

Transition Gammas
338.9746327477859,4828.025367252215,1.0,1.0
1.0,1.0,713.5803518241507,11920.419648175843
53.19953637858375,72.18809696735691,2842.4509286656694,134.48547672370884
83.76195407007062,112.53990222573911,3913.0277446228843,159.1912312230046

18.963336519287814,22.164720813368188,901.8282890703142,44.754666034188766
62.52841583540512,152.36334169047674,82.77581144709292,2884.900540449286
5672.803175861707,1.3158491801588734,42.3430385849661,175.11016244232323
1.281530681374328,10788.240561930748,39.03133160687483,526.9265951065175

Iteration: ,47990
Error:,0.02320712270690855
Absolute Error:,0.03648136029553224
Transition Probabilities
0.06570173986182697,0.9339151917604677,0.00019153418885271012,0.00019153418885271012
7.832693663350826e-05,7.832693663350826e-05,0.05630037204146674,0.9435429740852662
0.01728939249345252,0.023374759247913577,0.9160420689954307,0.04329377926320318
0.019469765467650148,0.026387400465304262,0.9164810998929606,0.037661734174084964

0.018950726980502465,0.02214998253635252,0.9141538330037359,0.044745457479409244
0.01951975950616049,0.04831530983252401,0.025965657014341458,0.9061992736469741
0.9624935909544231,0.00022095034893436654,0.007149266808128977,0.03013619188851358
0.00011173225394870689,0.9497187795201459,0.003407558402109729,0.0467619298237956

*,*,*,*,*,*,*,*,*,*,*
Model Num 2
Model States: 
"['diamond', 'x', 'diamond']","['diamond', 'x', 'square']","['square', 'y', 'diamond', 'x', 'diamond']","['square', 'y', 'diamond', 'x', 'square']"
Iteration: ,47990
Error:,0.02311261150197833
Absolute Error:,0.03648136029553224
Transition Probabilities
0.06570173986182697,0.9339151917604677,0.00019153418885271012,0.00019153418885271012
7.832693663350826e-05,7.832693663350826e-05,0.05630037204146674,0.9435429740852662
0.01728939249345252,0.023374759247913577,0.9160420689954307,0.04329377926320318
0.019469765467650148,0.026387400465304262,0.9164810998929606,0.037661734174084964

0.018950726980502465,0.02214998253635252,0.9141538330037359,0.044745457479409244
0.01951975950616049,0.04831530983252401,0.025965657014341458,0.9061992736469741
0.9624935909544231,0.00022095034893436654,0.007149266808128977,0.03013619188851358
0.00011173225394870689,0.9497187795201459,0.003407558402109729,0.0467619298237956

Transition Gammas
343.02878381859875,4875.971216181404,1.0,1.0
1.0,1.0,718.786849853406,12046.213150146596
54.10104855669208,73.14305494257606,2866.4301810177753,135.47259425154863
84.09482327320706,113.97383201436814,3958.5128160269956,162.67052034060427

18.963336519287814,22.164720813368188,914.7620977011744,44.77523045762455
62.67152307537173,155.12455745713055,83.36717838290507,2909.5076028640333
5732.753763803219,1.3160128611465258,42.582087390414195,179.49560298293258
1.2816718828313316,10894.14930147793,39.08783398475642,536.4024131259757

