0,1,2,3,4,5,6,7,8,9,10,11,12,13,14,15,16,17,18,19,20,21,22,23,24,25,26,27,28,29
github Code Version (SHA):,528ca1c557fe8e6666681dc5c9134b0f84d30530
Environment Observations,Environment Actions,alpha,epsilon,numActions,explore,patience,gainThresh,insertRandActions,useUpdatedPosterior,revisedSplitting,haveControl,confidence_factor
"['square', 'diamond']","['x', 'y']",0.85,0.99,75000,0.5,0,0.01,False,True,False,False,250

Model Num 0
Model States: 
['square'],['diamond']
Iteration: ,0
Error:,0.4974092672585787
Absolute Error:,1
Transition Probabilities
0.5,0.5
0.5,0.5

0.5,0.5
0.5,0.5

Transition Gammas
1.0,1.0
1.0,1.0

1.0,1.0
1.0,1.0

Iteration: ,2500
Error:,0.19183590229519135
Absolute Error:,1
Transition Probabilities
0.8827238335435057,0.11727616645649433
0.902127659574468,0.09787234042553192

0.3362944162436548,0.6637055837563451
0.42417582417582417,0.5758241758241758

Transition Gammas
700.0,93.0
424.0,46.0

265.0,523.0
193.0,262.0

Iteration: ,2819
Error:,0.1932384505228477
Absolute Error:,1
Transition Probabilities
0.8905908096280087,0.10940919037199125
0.9,0.1

0.3348467650397276,0.6651532349602725
0.418,0.582


Model Num 1
Model States: 
['diamond'],"['square', 'y', 'diamond']","['square', 'y', 'square']"
Iteration: ,0
Error:,0.4296677259502445
Absolute Error:,1
Transition Probabilities
0.3333333333333333,0.3333333333333333,0.3333333333333333
0.3333333333333333,0.3333333333333333,0.3333333333333333
0.3333333333333333,0.3333333333333333,0.3333333333333333

0.3333333333333333,0.3333333333333333,0.3333333333333333
0.3333333333333333,0.3333333333333333,0.3333333333333333
0.3333333333333333,0.3333333333333333,0.3333333333333333

Transition Gammas
1.0,1.0,1.0
1.0,1.0,1.0
1.0,1.0,1.0

1.0,1.0,1.0
1.0,1.0,1.0
1.0,1.0,1.0

Iteration: ,2500
Error:,0.091040418177758
Absolute Error:,1
Transition Probabilities
0.11003861003861004,0.7892812718656621,0.10068011809572784
0.09159728765444135,0.7703159798484219,0.13808673249713677
0.13027531455419078,0.7719346408730958,0.09779004457271329

0.6073752711496746,0.056993951137820374,0.33563077771250494
0.9966777408637874,0.0016611295681063123,0.0016611295681063123
0.0018315018315018304,0.1445389223876115,0.8536295757808866

Transition Gammas
57.0,408.84769882641297,52.15230117358702
16.999666560094106,142.96400186802245,25.627706550439697
19.50001667685853,115.54559220970955,14.637519828865425

280.0,26.274211474535193,154.72578852546476
600.0,1.0,1.0
1.0,78.91825162363594,466.0817483763644

Iteration: ,5000
Error:,0.0938445467152662
Absolute Error:,1
Transition Probabilities
0.1046511627906977,0.7965745846951664,0.09877425251413585
0.10324610759144538,0.7766245941659603,0.1201292982425943
0.12716422078184453,0.776292212127301,0.09654356709085443

0.6103763987792472,0.05773754962419177,0.33188605159656104
0.9983633387888707,0.0008183306055646482,0.0008183306055646482
0.0009842519685039374,0.15137417141490603,0.84764157661659

Transition Gammas
108.0,822.0649714054116,101.93502859458818
36.218335575781964,272.4369065729198,42.140893615576594
39.07849961437756,238.56030199173927,29.6685476947399

600.0,56.75601128058051,326.2439887194195
1220.0,1.0,1.0
1.0,153.79615815754445,861.2038418424551

Iteration: ,7500
Error:,0.08914254616631244
Absolute Error:,1
Transition Probabilities
0.10760309278350517,0.7920676479078368,0.10032925930865806
0.09856271394320681,0.778192459452453,0.12324482660434018
0.10555003786738153,0.8045657776729116,0.0898841844597069

0.6112956810631229,0.0668213384835463,0.3218829804533308
0.9989224137931034,0.0005387931034482759,0.0005387931034482759
0.0006802721088435375,0.15974261708635784,0.8395771108047986

Transition Gammas
167.0,1229.2889895529624,155.7110104470373
51.88656158669627,409.66537302278977,64.88001425703986
47.62673842369242,363.03960294195434,40.55792520954005

920.0,100.56611441773717,484.43388558226286
1854.0,1.0,1.0
1.0,234.821647116946,1234.1783528830538

Iteration: ,10000
Error:,0.09187057700220702
Absolute Error:,1
Transition Probabilities
0.10290497291974399,0.7943014900450628,0.10279353703519332
0.10568041928447602,0.7717716443750037,0.1225479363405204
0.1099574613965273,0.8045983781505041,0.08544416045296858

0.6076388888888888,0.06729145744168129,0.3250696536694298
0.9991833401388321,0.0004083299305839118,0.0004083299305839118
0.0005037783375314859,0.15908283299763332,0.8404133886648352

Transition Gammas
209.0,1613.2263262815222,208.77367371847762
75.72232574616515,552.9912187394414,87.80826966741917
66.78760559625157,488.7089830995014,51.898350656319614

1225.0,135.6595782024295,655.3404217975705
2447.0,1.0,1.0
1.0,315.7794235003023,1668.2205764996986

Iteration: ,12380
Error:,0.09072741248301779
Absolute Error:,1
Transition Probabilities
0.10161290322580648,0.7912794241322558,0.10710767264193763
0.10563364883380852,0.7741539511545159,0.12021240001167552
0.10792442220865181,0.8089733728955598,0.08310220489578848

0.6040241448692153,0.06417190051105781,0.331803954619727
0.9993357688475589,0.00033211557622052476,0.00033211557622052476
0.00039603960396039596,0.16126606014974948,0.8383379002462901


Model Num 2
Model States: 
"['square', 'y', 'diamond']","['square', 'y', 'square']","['diamond', 'y', 'diamond']","['diamond', 'y', 'square', 'y', 'square']"
Iteration: ,0
Error:,0.498350487085219
Absolute Error:,0.6
Transition Probabilities
0.25,0.25,0.25,0.25
0.25,0.25,0.25,0.25
0.25,0.25,0.25,0.25
0.25,0.25,0.25,0.25

0.25,0.25,0.25,0.25
0.25,0.25,0.25,0.25
0.25,0.25,0.25,0.25
0.25,0.25,0.25,0.25

Transition Gammas
1.0,1.0,1.0,1.0
1.0,1.0,1.0,1.0
1.0,1.0,1.0,1.0
1.0,1.0,1.0,1.0

1.0,1.0,1.0,1.0
1.0,1.0,1.0,1.0
1.0,1.0,1.0,1.0
1.0,1.0,1.0,1.0

Iteration: ,2500
Error:,0.05320169496590829
Absolute Error:,0.10256568518396034
Transition Probabilities
0.7665778539157141,0.10221325727167324,0.07954932498770584,0.051659563824906794
0.803854390656517,0.08919973921311723,0.04679332495988283,0.06015254517048302
0.7643370759197113,0.06823851741470642,0.09487490083359987,0.07254950583198234
0.7383323872234966,0.13864459649248925,0.10061814519064076,0.0224048710933733

0.002016129032258065,0.002016129032258065,0.8056801872331,0.1902875547023838
0.1514672914636782,0.8456044508496454,0.0014641288433382134,0.0014641288433382134
0.00263157894736842,0.00263157894736842,0.1559748937575161,0.838761948347747
0.16509564531679982,0.8292063489851945,0.002849002849002849,0.002849002849002849

Transition Gammas
93.97641293992608,12.53054105885221,9.75212129590035,6.333056032740147
170.6948605289652,18.94116300312538,9.936351869883254,12.773122132171359
77.78826747068668,6.944784194945793,9.655627595218446,7.383522980006792
54.64603617296665,10.26147270012893,7.447029138761293,1.6582469053311617

1.0,1.0,399.6173728676175,94.38262713238234
103.45216006969225,577.547839930308,1.0,1.0
1.0,1.0,59.27045962785614,318.72954037214396
57.948571506196735,291.05142849380326,1.0,1.0

Iteration: ,5000
Error:,0.04078273494426911
Absolute Error:,0.08988380072528349
Transition Probabilities
0.7679075817535215,0.10730056274118892,0.06776235722100117,0.05702949828428839
0.8117339011555448,0.09559493600326663,0.04076460860290949,0.05190655423827904
0.7922645641436268,0.0882293571778875,0.07145417600989844,0.04805190266858733
0.779914178259645,0.10016613432306053,0.08694768167099269,0.032972005746301714

0.0010245901639344265,0.0010245901639344265,0.8137948720214239,0.18415594765070722
0.14427278746578392,0.8542955733073012,0.0007158196134574083,0.0007158196134574083
0.0013679890560875502,0.0013679890560875502,0.13466010325725025,0.8626039186305747
0.16269081782078726,0.8344064245594739,0.001451378809869376,0.001451378809869376

Transition Gammas
204.3345815629401,28.551893626473227,18.031066807354453,15.175131676724117
347.43139196775604,40.91572574879961,17.44771863016684,22.216598771571373
154.69303205687308,17.227157941904334,13.951732338356644,9.382338749354906
111.57313950842027,14.329589575848676,12.438581176532692,4.716916680773345

1.0,1.0,794.2637950929095,179.7362049070902
201.54908408970027,1193.4509159103006,1.0,1.0
1.0,1.0,98.43653548105002,630.5634645189506
112.09397347852243,574.9060265214775,1.0,1.0

Iteration: ,7500
Error:,0.03522507159756862
Absolute Error:,0.0876967064725063
Transition Probabilities
0.7566570380941359,0.12075526563516611,0.06295227668672566,0.05963541958397234
0.8140914275957502,0.09678146107131011,0.037943350624924585,0.05118376070801508
0.8065175003847028,0.0883963776615569,0.06099254383514493,0.04409357811859551
0.7839604246088676,0.10317452006043097,0.06476093768814008,0.048104117642561305

0.0006798096532970769,0.0006798096532970769,0.8147570513085723,0.18388332938483343
0.14101297098501292,0.8580305488619502,0.0004782400765184123,0.0004782400765184123
0.0009276437847866412,0.0009276437847866412,0.13317994124359908,0.8649647711868276
0.16186952718736503,0.8361735256502084,0.0009784735812133072,0.0009784735812133072

Transition Gammas
301.55306888546835,48.12500129263846,25.08858210851336,23.766703915310863
529.3647580408995,62.93235991215867,24.672747976408086,33.2823540260592
241.84546259046607,26.50688030536659,18.289460515542313,13.22207117920444
171.61997420930905,22.586355019978537,14.177081019560887,10.530668602687214

1.0,1.0,1198.5076224749098,270.4923775250899
294.85812232966197,1794.1418776703374,1.0,1.0
1.0,1.0,143.56797666059992,932.4320233394009
165.43065678548706,854.569343214513,1.0,1.0

Iteration: ,10000
Error:,0.03530468569657637
Absolute Error:,0.08655343872029848
Transition Probabilities
0.7719331157476333,0.11318178885636875,0.058780205556664654,0.05610488983933317
0.7921867541880988,0.10546180122902618,0.04512766400178074,0.05722378058109428
0.8027539941962928,0.08081201060023521,0.060912082500078,0.055521912703393975
0.7920058899569549,0.10137924684870396,0.061246753399659695,0.04536810979468156

0.0005178663904712586,0.0005178663904712586,0.8141730098166485,0.18479125740240893
0.1412547417677027,0.8580397908601632,0.0003527336860670197,0.0003527336860670197
0.00070323488045007,0.00070323488045007,0.1372390710837468,0.861354459155353
0.15912371737845535,0.8394110811563432,0.0007326007326007325,0.0007326007326007325

Transition Gammas
419.204196372104,61.46423812319348,31.92104125381828,30.468190543767577
685.4476425004439,91.25189564722517,39.04717004928364,49.513457889704036
318.3818827971189,32.051014723736444,24.15846405209681,22.020657923604617
219.76204159922122,28.130233052273724,16.994458929042544,12.588528138999976

1.0,1.0,1572.1680819559479,356.8319180440515
400.45719291143683,2432.542807088561,1.0,1.0
1.0,1.0,195.15395908108806,1224.8460409189126
217.20387422159158,1145.7961257784086,1.0,1.0

Iteration: ,12500
Error:,0.03669360565545168
Absolute Error:,0.08621252218586559
Transition Probabilities
0.774977548686594,0.11097888425732418,0.05909625616210845,0.054947310893973283
0.7997635540707656,0.09755698671693461,0.04776758023326922,0.05491187897903054
0.7975602029386853,0.08087993372262857,0.06477665386541849,0.05678320947326742
0.7879744191465484,0.1001510608017456,0.0690676625330978,0.04280685751860813

0.00041288191577208895,0.00041288191577208895,0.8208367958146232,0.17833744035383262
0.14010643466829298,0.8593193477032258,0.00028710881424059726,0.00028710881424059726
0.0005530973451327429,0.0005530973451327429,0.14382836453762,0.8550654407721145
0.16389331204630975,0.8349309090001336,0.0005878894767783661,0.0005878894767783661

Transition Gammas
533.7605526318064,76.43595700551852,40.70214730867526,37.844589276301186
858.3586315453875,104.70454822529967,51.26729593086147,58.935025303561176
409.3990407638101,41.51682488805207,33.25078139390368,29.147632246682388
272.48210206068853,34.6323064655125,23.88364573030211,14.802641095780839

1.0,1.0,1988.0667194630184,431.93328053698286
487.9907119496643,2993.009288050335,1.0,1.0
1.0,1.0,260.04168308401717,1545.9583169159844
278.78252379077264,1420.217476209226,1.0,1.0

Iteration: ,15000
Error:,0.03832297733666923
Absolute Error:,0.08706977367951099
Transition Probabilities
0.7711593892469796,0.1083766324152689,0.05713695876595736,0.06332701957179422
0.7932984628952517,0.10087823813663654,0.048902621166928166,0.0569206778011836
0.7962356308372365,0.07799327288216648,0.06691388098958757,0.05885721529100953
0.794106787854486,0.10138001874205063,0.06603284165783004,0.03848035174563323

0.0003453038674033149,0.0003453038674033149,0.8243631682399895,0.17494622402520393
0.1394791768068223,0.8600400539624085,0.00024038461538461548,0.00024038461538461548
0.00046232085067036483,0.00046232085067036483,0.14619400254447038,0.852881355754189
0.1652006200895091,0.8338127000880933,0.0004933399111988162,0.0004933399111988162

Transition Gammas
658.8862378996736,92.59807065055718,48.8183847999201,54.10723420459465
1019.5703983377452,129.65166359355626,62.85107973228021,73.15612074628487
497.9091342930412,48.77144588544374,41.84318217545791,36.805116447289755
333.37660479916775,42.560681963209724,27.7214662987647,16.15456411233655

1.0,1.0,2387.3557352230096,506.6442647769906
580.2333755163805,3577.7666244836178,1.0,1.0
1.0,1.0,316.2176275036897,1844.7823724963123
334.86165692143476,1690.1383430785643,1.0,1.0

Iteration: ,17500
Error:,0.035432332107605324
Absolute Error:,0.08685346973200195
Transition Probabilities
0.775535188771542,0.10646445513802671,0.05667006201976204,0.061330294070669145
0.795019406960594,0.10151998801745443,0.04976043586122254,0.05370016916072888
0.796269910133816,0.08206271213860056,0.06497188152823301,0.05669549619935037
0.781835872148221,0.10788431802417722,0.06547769011591362,0.044802119711688064

0.0002957704821058857,0.0002957704821058857,0.8273523210672284,0.17205613796855979
0.14044493289848917,0.8591417585666895,0.00020665426741062212,0.00020665426741062212
0.00039354584809130224,0.00039354584809130224,0.148620602156451,0.8505923061473664
0.1671949537055436,0.8319557893942441,0.0004246284501061572,0.0004246284501061572

Transition Gammas
777.1214573646272,106.68221601323972,56.78597415482909,61.455738177780624
1186.3528350459494,151.49130265735454,74.25407938502002,80.13307268791677
581.0524018785443,59.882629477720904,47.411144558010044,41.371718085883984
386.7949711219992,53.373237480164086,32.39355235508894,22.164798543295092

1.0,1.0,2797.278197528301,581.7218024717009
679.6130302957888,4157.386969704209,1.0,1.0
1.0,1.0,377.6449500795424,2161.3550499204603
393.7441159765551,1959.2558840234444,1.0,1.0

Iteration: ,20000
Error:,0.037911505560674755
Absolute Error:,0.0879185717109762
Transition Probabilities
0.7747854300142173,0.10365053572302306,0.0581845943298325,0.06337943993292723
0.7906291853633186,0.10266832843305802,0.05121263771566715,0.05548984848795632
0.7999663899751309,0.08203429253705274,0.0644928715133642,0.053506445974452095
0.7803649467106176,0.10910933894425748,0.06637528435661219,0.044150429988512666

0.00025947067981318093,0.00025947067981318093,0.8237850582429671,0.17569600039740646
0.13915801823378085,0.860483366022988,0.00017930787161556395,0.00017930787161556395
0.00034722222222222186,0.00034722222222222186,0.14985588318741322,0.8494496723681424
0.16805168789801803,0.8312059216045803,0.00037119524870081645,0.00037119524870081645

Transition Gammas
880.559333165664,117.80093311364182,66.127969885355,72.03201712599004
1347.8976433845874,175.03325263860694,87.30944286699363,94.60141036194317
669.677528198481,68.67353796630435,53.989051693577565,44.7919624272847
433.73327788251316,60.64387108540411,36.89193085328726,24.53917336953528

1.0,1.0,3174.8676144683973,677.1323855316049
776.0842676897958,4798.915732310204,1.0,1.0
1.0,1.0,431.58494357975053,2446.4150564202528
452.7312471972608,2239.2687528027404,1.0,1.0

Iteration: ,22500
Error:,0.03839038610151836
Absolute Error:,0.0884496358283518
Transition Probabilities
0.7726192778600426,0.10689966055547236,0.056983902719281214,0.06349715886520389
0.7927636686757134,0.10092066781575654,0.05228987268560297,0.05402579082292712
0.8013453451635707,0.08284751943770956,0.06361474075552039,0.052192394643199386
0.7796607898141781,0.10725591878571537,0.06850304904448942,0.04458024235561706

0.00023036166781847486,0.00023036166781847486,0.8234206719090459,0.17611860475531718
0.1394358221830246,0.8602445358160165,0.00015982100047946324,0.00015982100047946324
0.00030712530712530674,0.00030712530712530674,0.15446702974966947,0.8449187196360799
0.1683004179919085,0.831039298086005,0.00033014196104324856,0.00033014196104324856

Transition Gammas
983.8850215349147,136.1304045104974,72.56563479672789,80.85988184314238
1518.9943815329718,193.3715348595237,100.19130033189755,103.51744909676381
756.5920454840262,78.22067548400084,60.06200338173903,49.277569103177846
488.3308900835283,67.17841780890153,42.90603727975598,27.92228327250683

1.0,1.0,3574.4691367571704,764.5308632428324
872.4499393991837,5382.550060600807,1.0,1.0
1.0,1.0,502.94464886492443,2751.0553511350795
509.78196609749097,2517.2180339025094,1.0,1.0

Iteration: ,25000
Error:,0.03803763023348554
Absolute Error:,0.08803670463709072
Transition Probabilities
0.7773451506506508,0.10532751984608665,0.05562755195598084,0.061699777547281814
0.7936136504446639,0.09959614382913311,0.051350808378667546,0.055439397347535405
0.8018351028080541,0.0814881513393276,0.06337530262286097,0.05330144322975736
0.7776915753280852,0.10973256151828638,0.0687247314315304,0.043851131722097904

0.00020725388601036261,0.00020725388601036261,0.8246236716590949,0.17496182056888443
0.13873019914680199,0.8609833910006991,0.00014320492624946327,0.00014320492624946327
0.0002765486725663712,0.0002765486725663712,0.15635762023129537,0.8430892824235718
0.16759721710259695,0.831806835340788,0.00029797377830750903,0.00029797377830750903

Transition Gammas
1087.8664724172925,147.40206119188804,77.84875053881817,86.34661101714167
1681.6102145718196,211.0370615490217,108.80866760255981,117.47209340097135
846.9639619475306,86.07446502209136,66.94218949894406,56.30135345446892
540.1962107299116,76.2218799925381,47.73722730258676,30.459652571782264

1.0,1.0,3978.8092157551346,844.1907842448677
968.7529806421163,6012.247019357869,1.0,1.0
1.0,1.0,565.3891547563651,3048.610845243641
562.4562605963152,2791.543739403684,1.0,1.0

Iteration: ,27500
Error:,0.037447142054202576
Absolute Error:,0.0869570847240346
Transition Probabilities
0.7810443092699462,0.10566848574233512,0.05530789006498736,0.057979314922731444
0.7918068800458462,0.09900387898291854,0.05189325490857802,0.05729598606265703
0.8030531977591934,0.07836408601609231,0.06364596438778652,0.05493675183692793
0.7799238756577244,0.10819474532243177,0.06828736372793416,0.04359401529190977

0.0001883593897155772,0.0001883593897155772,0.8274274685898168,0.1721958126307522
0.13733921764334958,0.8623994469326337,0.00013066771200836305,0.00013066771200836305
0.0002502502502502499,0.0002502502502502499,0.15534869594410575,0.8441508035553937
0.16779578266605555,0.8316597033127084,0.00027225701061802364,0.00027225701061802364

Transition Gammas
1206.3667720698618,163.21090691211074,85.42614038127908,89.55230600877881
1842.477871268583,230.37493206072966,120.75188565123196,133.32365390263638
931.308196102837,90.87955292443637,73.81081159829837,63.71065752027615
613.6056506010058,85.12229099178926,53.7251308184023,34.29762179410665

1.0,1.0,4392.81243074334,914.187569256664
1051.0570326245518,6599.942967375429,1.0,1.0
1.0,1.0,620.7733889926474,3373.226611007358
616.3139097324216,3054.6860902675758,1.0,1.0

Iteration: ,30000
Error:,0.034888799312437185
Absolute Error:,0.08524550489655153
Transition Probabilities
0.7804207053198269,0.1077845736517967,0.05379274633884313,0.058001974689533276
0.7943923733184218,0.09807488121918942,0.05201726189669751,0.05551548356569142
0.8080674901495781,0.07888274128071521,0.06000082131223834,0.053048947257468296
0.7877714078258408,0.10483062039363826,0.06599946157518226,0.041398510205338815

0.00017196904557179694,0.00017196904557179694,0.8276994659203943,0.17195659598846205
0.1385228070043723,0.8612372697710595,0.00011996161228406936,0.00011996161228406936
0.0002294104152328513,0.0002294104152328513,0.1564291988719418,0.8431119802975925
0.16586865435558296,0.8336322191158421,0.00024956326428749706,0.00024956326428749706

Transition Gammas
1309.0494089031856,180.7939377645594,90.23000327660914,97.29041037094855
2014.8113543407264,248.74657775299988,131.93098701763552,140.80350011748686
1031.140146699595,100.65887120543177,76.56446577073069,67.69347848308992
667.9439719853505,88.884897669319,55.96032310323169,35.101407675033705

1.0,1.0,4813.072394327097,999.9276056729076
1154.726119188445,7179.273880811536,1.0,1.0
1.0,1.0,681.8748778827951,3675.12512211721
664.6356980028205,3340.364301997177,1.0,1.0

Iteration: ,32500
Error:,0.035269253713543364
Absolute Error:,0.0855469601947813
Transition Probabilities
0.7814138623593208,0.10785356944123128,0.054359476458084706,0.05637309174136335
0.7946674860931707,0.09684860600493848,0.05286667921086957,0.055617228691021266
0.8043912781974654,0.07611543189486782,0.06338373766333133,0.056109552244335455
0.7865539676097819,0.10640089722514272,0.06670964431639796,0.04033549084867727

0.00015913430935709716,0.00015913430935709716,0.8278399332702279,0.17184179811105796
0.13821281156481863,0.8615667055777236,0.00011024142872891658,0.00011024142872891658
0.00021177467174925854,0.00021177467174925854,0.15747465155612564,0.8421017991003759
0.1626417998569407,0.836895879292389,0.00023116042533518282,0.00023116042533518282

Transition Gammas
1411.7314884102234,194.85228948704057,98.2078618079139,101.84573443582663
2177.5563361226364,265.38558496650563,144.86583923466907,152.4029243087914
1113.168966130796,105.33348499113053,87.71453847971179,77.64804760421082
726.6712937240598,98.30028303709953,61.63084230136163,37.26463094080356

1.0,1.0,5202.146140670119,1079.8538593298897
1253.728413704467,7815.271586295514,1.0,1.0
1.0,1.0,743.5953046480262,3976.4046953519796
703.5884261811249,3620.4115738188716,1.0,1.0

Iteration: ,35000
Error:,0.035136620704131524
Absolute Error:,0.08545436218104675
Transition Probabilities
0.7768841003563844,0.11346273769922027,0.05503198752689045,0.05462117441750477
0.7932757407344995,0.09673741914234625,0.054061333119989785,0.05592550700316443
0.8027621038308242,0.07722564499814473,0.06236545460431972,0.05764679656671126
0.7884258758730758,0.10351903229825232,0.06465469572250984,0.043400396106162066

0.00014801657785671975,0.00014801657785671975,0.8288047386405716,0.1708992282037149
0.13960967997098736,0.8601856326889247,0.00010234367004400795,0.00010234367004400795
0.00019650225977598735,0.00019650225977598735,0.15762444579366483,0.8419825496867832
0.16006412769202844,0.8395065034801484,0.0002146844139115502,0.0002146844139115502

Transition Gammas
1512.1727647763942,220.8505254349021,107.11748726934039,106.31785654560545
2347.045502617291,286.21463240842724,159.9499420558154,165.46542766054415
1192.2412797420309,114.69350805440513,92.62354196133968,85.61551446405649
784.2852191091625,102.97537081478711,64.31514204808775,43.172465809614536

1.0,1.0,5599.404814255709,1154.5951857442994
1364.1261829965151,8404.873817003469,1.0,1.0
1.0,1.0,802.1508046439607,4284.8491953560415
745.5787067894679,3910.4212932105283,1.0,1.0

Iteration: ,35180
Error:,0.034123213431873606
Absolute Error:,0.08557840349020508
Transition Probabilities
0.7765264225710492,0.11340539418002296,0.05500822621924717,0.055059957029680744
0.7934724410900867,0.09624952283986304,0.05420629633365794,0.05607173973639223
0.8031086891453416,0.07727380845752485,0.06216031982434187,0.05745718257279161
0.788222061649914,0.10300228412867893,0.06517801600080848,0.043597638220598506

0.00014725371815638326,0.00014725371815638326,0.8281903120249134,0.17151518053877382
0.13956964818880413,0.8602266650813863,0.00010184336490477664,0.00010184336490477664
0.00019546520719311957,0.00019546520719311957,0.1578096507092924,0.8417994188763215
0.16043333608037436,0.8391398606759211,0.00021340162185232625,0.00021340162185232625

*,*,*,*,*,*,*,*,*,*,*
Model Num 2
Model States: 
"['square', 'y', 'diamond']","['square', 'y', 'square']","['diamond', 'y', 'diamond']","['diamond', 'y', 'square', 'y', 'square']"
Iteration: ,35180
Error:,0.03359663576695191
Absolute Error:,0.08557840349020508
Transition Probabilities
0.7765264225710492,0.11340539418002296,0.05500822621924717,0.055059957029680744
0.7934724410900867,0.09624952283986304,0.05420629633365794,0.05607173973639223
0.8031086891453416,0.07727380845752485,0.06216031982434187,0.05745718257279161
0.788222061649914,0.10300228412867893,0.06517801600080848,0.043597638220598506

0.00014725371815638326,0.00014725371815638326,0.8281903120249134,0.17151518053877382
0.13956964818880413,0.8602266650813863,0.00010184336490477664,0.00010184336490477664
0.00019546520719311957,0.00019546520719311957,0.1578096507092924,0.8417994188763215
0.16043333608037436,0.8391398606759211,0.00021340162185232625,0.00021340162185232625

Transition Gammas
1518.4275746105654,221.75404806237867,107.56363865271885,107.6647935995901
2359.8453511080916,286.25315418388334,161.2135088498267,166.76147461868186
1196.6922238942589,115.14377436287359,92.62354196133968,85.61551446405649
788.4317003711793,103.02967903194634,65.19535100904261,43.60923362444653

1.0,1.0,5624.240408961194,1164.7595910388145
1370.4343755658651,8446.565624434117,1.0,1.0
1.0,1.0,807.3541730287402,4306.645826971262
751.7906128726337,3932.209387127363,1.0,1.0

