0,1,2,3,4,5,6,7,8,9,10,11,12,13,14,15,16,17,18,19,20,21,22,23,24,25,26,27,28,29
github Code Version (SHA):,528ca1c557fe8e6666681dc5c9134b0f84d30530
Environment Observations,Environment Actions,alpha,epsilon,numActions,explore,patience,gainThresh,insertRandActions,useUpdatedPosterior,revisedSplitting,haveControl,confidence_factor
"['diamond', 'square']","['x', 'y']",0.75,0.99,75000,0.5,0,0.01,False,True,False,False,250

Model Num 0
Model States: 
['diamond'],['square']
Iteration: ,0
Error:,0.40367225675490914
Absolute Error:,1
Transition Probabilities
0.5,0.5
0.5,0.5

0.5,0.5
0.5,0.5

Transition Gammas
1.0,1.0
1.0,1.0

1.0,1.0
1.0,1.0

Iteration: ,2427
Error:,0.0646273273780085
Absolute Error:,1
Transition Probabilities
0.47,0.53
0.187683284457478,0.8123167155425219

0.1828358208955224,0.8171641791044776
0.8041958041958042,0.1958041958041958


Model Num 1
Model States: 
['diamond'],"['square', 'x', 'square']","['square', 'x', 'diamond']"
Iteration: ,0
Error:,0.36570432206871695
Absolute Error:,1
Transition Probabilities
0.3333333333333333,0.3333333333333333,0.3333333333333333
0.3333333333333333,0.3333333333333333,0.3333333333333333
0.3333333333333333,0.3333333333333333,0.3333333333333333

0.3333333333333333,0.3333333333333333,0.3333333333333333
0.3333333333333333,0.3333333333333333,0.3333333333333333
0.3333333333333333,0.3333333333333333,0.3333333333333333

Transition Gammas
1.0,1.0,1.0
1.0,1.0,1.0
1.0,1.0,1.0

1.0,1.0,1.0
1.0,1.0,1.0
1.0,1.0,1.0

Iteration: ,2500
Error:,0.07127970405285475
Absolute Error:,1
Transition Probabilities
0.4654377880184332,0.4285994451229783,0.10596276685858845
0.000973709834469328,0.8661206548471932,0.13290563531833746
0.9906976744186047,0.004651162790697674,0.004651162790697674

0.1743341404358353,0.7211421324778214,0.10452372708634329
0.9015108993285892,0.0835140032647388,0.014975097406671963
0.3333333333333333,0.3333333333333333,0.3333333333333333

Transition Gammas
202.0,186.01215918337257,45.98784081662738
1.0,889.5059125280677,136.4940874719326
213.0,1.0,1.0

72.0,297.83170071334035,43.16829928665979
328.23323662267114,30.406811071632085,5.452318651047317
1.0,1.0,1.0

Iteration: ,5000
Error:,0.07004487532986098
Absolute Error:,1
Transition Probabilities
0.4805194805194804,0.4364094472457376,0.0830710722347819
0.0004923682914820285,0.8658941743005023,0.13361345740801564
0.9952153110047847,0.0023923444976076554,0.0023923444976076554

0.18149882903981254,0.717350946838257,0.10115022412193042
0.8993871172855648,0.08997183837666116,0.010641044337774184
0.3333333333333333,0.3333333333333333,0.3333333333333333

Transition Gammas
407.0,369.63880181713984,70.36119818286029
1.0,1758.6310680043205,271.3689319956798
416.0,1.0,1.0

155.0,612.6177085998718,86.38229140012862
670.8794906115008,67.11265920918201,7.937470159063529
1.0,1.0,1.0

Iteration: ,7500
Error:,0.07152372225687652
Absolute Error:,1
Transition Probabilities
0.4795918367346938,0.43790543155888767,0.08250273170641839
0.0003261578604044358,0.8723663667546617,0.12730747538493384
0.9968152866242038,0.0015923566878980893,0.0015923566878980893

0.18512658227848092,0.6991061379763449,0.11576727974517412
0.8934915311002763,0.09815152468587718,0.008356944213846475
0.3333333333333333,0.3333333333333333,0.3333333333333333

Transition Gammas
611.0,557.891519806023,105.10848019397704
1.0,2674.6752804697926,390.32471953020706
626.0,1.0,1.0

234.0,883.6701584021005,146.32984159790016
993.7810559624891,109.16849511325958,9.294965376145123
1.0,1.0,1.0

Iteration: ,10000
Error:,0.06845306082313142
Absolute Error:,1
Transition Probabilities
0.4844574780058651,0.44172877583905457,0.07381374615508039
0.00024372410431391665,0.8662602872515236,0.13349598864416234
0.9976331360946745,0.001183431952662722,0.001183431952662722

0.17569193742478942,0.7132184421187918,0.11108962045641872
0.8898263407574908,0.10272950986813446,0.007444149374374657
0.3333333333333333,0.3333333333333333,0.3333333333333333

Transition Gammas
826.0,753.147562805588,125.85243719441208
1.0,3554.2659585930014,547.7340414069981
843.0,1.0,1.0

292.0,1185.369050801432,184.63094919856792
1312.4949803732584,151.52615725373101,10.98012976183434
1.0,1.0,1.0

Iteration: ,12500
Error:,0.06922468249031931
Absolute Error:,1
Transition Probabilities
0.4833174451858913,0.4412944448684291,0.07538810994567954
0.00019561815336463222,0.8637730406065202,0.13603134124011518
0.9981464318813716,0.0009267840593141798,0.0009267840593141798

0.17730496453900713,0.7116389634964156,0.1110560719645772
0.8920009019955122,0.10087999548034057,0.00711910252414716
0.3333333333333333,0.3333333333333333,0.3333333333333333

Transition Gammas
1014.0,925.8357453339643,158.16425466603567
1.0,4415.607783580532,695.3922164194689
1077.0,1.0,1.0

375.0,1505.1164077949188,234.88359220508073
1632.909494326486,184.67234958949615,13.032329986166355
1.0,1.0,1.0

Iteration: ,15000
Error:,0.06458185429552636
Absolute Error:,1
Transition Probabilities
0.48393416927899696,0.44086746890167006,0.07519836181933284
0.00016377333770062233,0.8619033697435621,0.1379328569187372
0.998468606431853,0.0007656967840735069,0.0007656967840735069

0.17674970344009494,0.7125426993710242,0.11070759718888085
0.8948315545606632,0.09853391434895209,0.0066345310903848445
0.3333333333333333,0.3333333333333333,0.3333333333333333

Transition Gammas
1235.0,1125.0937806370619,191.90621936293738
1.0,5262.78197565419,842.2180243458092
1304.0,1.0,1.0

447.0,1802.02048670932,279.9795132906796
1960.083272525931,215.8335569499529,14.532604874110936
1.0,1.0,1.0

Iteration: ,17500
Error:,0.06791198520624273
Absolute Error:,1
Transition Probabilities
0.4878706199460917,0.4389039212208738,0.0732254588330344
0.00014035087719298255,0.8626209494431556,0.13723869967965147
0.9986807387862797,0.0006596306068601583,0.0006596306068601583

0.17533783783783788,0.7114585520280434,0.1132036101341186
0.893688194904586,0.10035626466508192,0.005955540430332103
0.3333333333333333,0.3333333333333333,0.3333333333333333

Transition Gammas
1448.0,1302.6668381835532,217.33316181644608
1.0,6146.1742647824785,977.8257352175159
1514.0,1.0,1.0

519.0,2105.917314003008,335.08268599699096
2290.752144739357,257.23885559897224,15.265578186720669
1.0,1.0,1.0

Iteration: ,20000
Error:,0.06831388882886938
Absolute Error:,1
Transition Probabilities
0.48374589919475114,0.4459516790864574,0.07030242171879147
0.00012266928361138386,0.8624797184469307,0.13739761226945782
0.9988499137435307,0.0005750431282346176,0.0005750431282346176

0.17931438617052442,0.7060404869471704,0.11464512688230524
0.896257888724781,0.09792190706061758,0.0058202042146013756
0.3333333333333333,0.3333333333333333,0.3333333333333333

Transition Gammas
1622.0,1495.275979976891,235.7240200231077
1.0,7030.934664779371,1120.0653352206189
1737.0,1.0,1.0

612.0,2409.716181950693,391.2838180493079
2618.1978111742073,286.05485760007724,17.002300484002294
1.0,1.0,1.0

Iteration: ,22500
Error:,0.06938619245595805
Absolute Error:,1
Transition Probabilities
0.48421331918280736,0.44707636873687406,0.06871031208031857
0.00010810810810810826,0.86430753194747,0.13558435994442192
0.998972250770812,0.0005138746145940391,0.0005138746145940391

0.1821052631578947,0.7030720951769869,0.11482264166511848
0.8939199164420971,0.10045960289314289,0.0056204806647599265
0.3333333333333333,0.3333333333333333,0.3333333333333333

Transition Gammas
1825.0,1685.0308337692775,258.96916623072053
1.0,7994.844670514087,1254.155329485901
1944.0,1.0,1.0

692.0,2671.673961672551,436.3260383274503
2913.288103954279,327.3981937905747,18.31716595410563
1.0,1.0,1.0

Iteration: ,25000
Error:,0.0698368844097155
Absolute Error:,1
Transition Probabilities
0.48751486325802645,0.4432446487971135,0.06924048794486007
9.750390015600634e-05,0.8625009258104118,0.1374015702894322
0.9990787655458314,0.00046061722708429296,0.00046061722708429296

0.1836251774727875,0.7047812470619806,0.11159357546523191
0.8923092124770754,0.10226171124835878,0.00542907627456578
0.3333333333333333,0.3333333333333333,0.3333333333333333

Transition Gammas
2050.0,1863.843748191861,291.1562518081364
1.0,8845.809495111575,1409.190504888415
2169.0,1.0,1.0

776.0,2978.4055500839304,471.59444991607006
3222.147842814868,369.2692484780566,19.604511711817537
1.0,1.0,1.0

Iteration: ,27500
Error:,0.06879981796089751
Absolute Error:,1
Transition Probabilities
0.4875298199956629,0.4442478452887238,0.06822233471561326
8.823010411152288e-05,0.8647843705654579,0.1351273993304306
0.9991514637250742,0.00042426813746287653,0.00042426813746287653

0.18532901833872703,0.7036294816822055,0.11104149997906743
0.8915673757434245,0.10330819799885255,0.005124426257722944
0.3333333333333333,0.3333333333333333,0.3333333333333333

Transition Gammas
2248.0,2048.426814626304,314.57318537369247
1.0,9801.466055988896,1531.5339440111002
2355.0,1.0,1.0

859.0,3261.322647597023,514.6773524029776
3549.9401821389647,411.3406717183815,20.403849644599166
1.0,1.0,1.0

Iteration: ,30000
Error:,0.06927995097063247
Absolute Error:,1
Transition Probabilities
0.4873595505617981,0.44200939176581333,0.07063105767238873
8.119519324456007e-05,0.8649138726137539,0.13500493219300153
0.9992263056092844,0.00038684719535783365,0.00038684719535783365

0.18293875953825087,0.7055040647277974,0.11155717573395191
0.8917600999490682,0.10325755057059414,0.004982349480337635
0.3333333333333333,0.3333333333333333,0.3333333333333333

Transition Gammas
2429.0,2202.974808560812,352.02519143918516
1.0,10652.279255110974,1662.720744889004
2583.0,1.0,1.0

935.0,3605.8312748237718,570.1687251762281
3892.949399188247,450.76744236303335,21.750282858735268
1.0,1.0,1.0

Iteration: ,32500
Error:,0.06893794107100261
Absolute Error:,1
Transition Probabilities
0.48829866270430916,0.4425588381437828,0.06914249915190804
7.49175906502849e-05,0.8650474138175765,0.13487766859177316
0.9992826398852224,0.0003586800573888092,0.0003586800573888092

0.18278599783471666,0.70602984025023,0.11118416191505326
0.8901133172716921,0.10512943068734427,0.004757252040963612
0.3333333333333333,0.3333333333333333,0.3333333333333333

Transition Gammas
2629.0,2382.736784566126,372.2632154338728
1.0,11546.652879636978,1800.347120362983
2786.0,1.0,1.0

1013.0,3912.817374666776,616.1826253332254
4222.384419146683,498.6970327425307,22.56672999488144
1.0,1.0,1.0

Iteration: ,35000
Error:,0.07112093575869774
Absolute Error:,1
Transition Probabilities
0.4860441075120607,0.44544079809356324,0.06851509439437607
6.947339169098251e-05,0.8645818608759361,0.13534866573237292
0.99933598937583,0.00033200531208499334,0.00033200531208499334

0.18494876532840582,0.7026709941112445,0.11238024056034962
0.8894424634772579,0.10598682370793333,0.004570712814808935
0.3333333333333333,0.3333333333333333,0.3333333333333333

Transition Gammas
2821.0,2585.338392135041,397.6616078649587
1.0,12444.791305448196,1948.2086945517715
3010.0,1.0,1.0

1101.0,4183.000427944239,668.9995720557614
4530.3241276309545,539.8378021866233,23.280663332002437
1.0,1.0,1.0

Iteration: ,37500
Error:,0.06996201010562748
Absolute Error:,1
Transition Probabilities
0.48680633296017917,0.44474177982879964,0.06845188721102109
6.506180871828245e-05,0.8647779067501468,0.13515703144113494
0.9993781094527363,0.0003109452736318408,0.0003109452736318408

0.18648310387984976,0.701296005762543,0.11222089035760724
0.8908099921067568,0.10482718785433452,0.004362820038908676
0.3333333333333333,0.3333333333333333,0.3333333333333333

Transition Gammas
3044.0,2780.970349269484,428.0296507305148
1.0,13291.63642674974,2077.363573250241
3214.0,1.0,1.0

1192.0,4482.684068834176,717.3159311658256
4879.729982630396,574.2283720435887,23.89890542463965
1.0,1.0,1.0

Iteration: ,40000
Error:,0.06939633803990075
Absolute Error:,1
Transition Probabilities
0.48672168042010505,0.44331988130381694,0.06995843827607792
6.1023982425093156e-05,0.864753724643765,0.13518525137380982
0.9994194484760522,0.00029027576197387516,0.00029027576197387516

0.18770131771595897,0.700226397787447,0.11207228449659408
0.89076102072984,0.10492667137341603,0.00431230789674403
0.3333333333333333,0.3333333333333333,0.3333333333333333

Transition Gammas
3244.0,2954.72700888994,466.2729911100593
1.0,14170.719285737356,2215.280714262618
3443.0,1.0,1.0

1282.0,4782.546296888264,765.4537031117378
5190.484417864376,611.4100640998643,25.12791469562064
1.0,1.0,1.0

Iteration: ,42500
Error:,0.07269220857575771
Absolute Error:,1
Transition Probabilities
0.486329508428956,0.44333218234019367,0.07033830923085024
5.734273754229039e-05,0.8653334762038432,0.13460918105861458
0.9994534025690079,0.00027329871549603714,0.00027329871549603714

0.1875689084895259,0.6994681836223983,0.11296290788807575
0.8898551791795577,0.10598714102119933,0.004157679799243048
0.3333333333333333,0.3333333333333333,0.3333333333333333

Transition Gammas
3433.0,3129.481875139427,496.51812486057185
1.0,15090.550491518788,2347.4495084811747
3657.0,1.0,1.0

1361.0,5075.341140364122,819.6588596358777
5508.881660637781,656.1411689185663,25.73920625822702
1.0,1.0,1.0

Iteration: ,45000
Error:,0.07291047146535234
Absolute Error:,1
Transition Probabilities
0.48720353745142714,0.4435621273265486,0.06923433522202423
5.402777027392088e-05,0.8660664118050367,0.13387956042468924
0.9994803845154585,0.0002598077422707197,0.0002598077422707197

0.18676585747846516,0.7010254264678528,0.11220871605368196
0.8888927076869196,0.1070688771310557,0.004038415182024774
0.3333333333333333,0.3333333333333333,0.3333333333333333

Transition Gammas
3636.0,3310.3041562380313,516.6958437619667
1.0,16030.0232160994,2477.9767839005694
3847.0,1.0,1.0

1431.0,5371.256817596688,859.743182403311
5836.623662341281,703.0328141509927,26.51693439031564
1.0,1.0,1.0

Iteration: ,47500
Error:,0.07102032941777235
Absolute Error:,1
Transition Probabilities
0.484732824427481,0.4457620027845143,0.0695051727880046
5.12268838686544e-05,0.8648778837252317,0.13507088939089973
0.9995100440960314,0.0002449779519843214,0.0002449779519843214

0.18716841455891428,0.7010601691650651,0.11177141627602055
0.889033657941955,0.10704040481005592,0.003925937247989045
0.3333333333333333,0.3333333333333333,0.3333333333333333

Transition Gammas
3810.0,3503.6893418862815,546.310658113716
1.0,16883.281168200203,2636.7188317997466
4080.0,1.0,1.0

1517.0,5682.092671082852,905.9073289171464
6162.570350971498,741.978685672557,27.213665386121455
1.0,1.0,1.0

Iteration: ,50000
Error:,0.07397126570110185
Absolute Error:,1
Transition Probabilities
0.48356579745300193,0.4475727714676119,0.06886143107938618
4.858142246404985e-05,0.8651415775622081,0.13480984101532795
0.9995327102803738,0.00023364485981308412,0.00023364485981308412

0.18784400983721755,0.7014900403296951,0.11066594983308722
0.8899508501203764,0.10622874930305914,0.0038204005765644696
0.3333333333333333,0.3333333333333333,0.3333333333333333

Transition Gammas
3987.0,3690.2375007504593,567.7624992495389
1.0,17808.074232540454,2774.9257674595046
4278.0,1.0,1.0

1604.0,5990.023454375264,944.9765456247314
6500.031535843247,775.8745557574036,27.903478291934725
1.0,1.0,1.0

Iteration: ,52500
Error:,0.07092225895262404
Absolute Error:,1
Transition Probabilities
0.4840266605378075,0.44678079725966724,0.06919254220252521
4.633276189593663e-05,0.8646709318552209,0.1352827353828831
0.9995563442768411,0.00022182786157941438,0.00022182786157941438

0.1893160482789451,0.6998138193613425,0.11087013235971241
0.8886710433379569,0.10756956513893601,0.003759391523107025
0.3333333333333333,0.3333333333333333,0.3333333333333333

Transition Gammas
4212.0,3887.8864977536236,602.1135022463743
1.0,18662.192722231226,2919.8072777687653
4506.0,1.0,1.0

1694.0,6261.93405564529,992.0659443547062
6803.286021085114,823.5066555731333,28.78029613845919
1.0,1.0,1.0

Iteration: ,55000
Error:,0.07331955437469734
Absolute Error:,1
Transition Probabilities
0.48429951690821255,0.44717778267305075,0.06852270041873652
4.421843908910025e-05,0.8645865743720348,0.13536920718887605
0.9995765403345331,0.00021172983273343214,0.00021172983273343214

0.18893517035138319,0.6995349862134601,0.11152984343515676
0.8865443353585373,0.10977279950005081,0.0036828651414118918
0.3333333333333333,0.3333333333333333,0.3333333333333333

Transition Gammas
4411.0,4072.8952445861464,624.1047554138522
1.0,19552.625379423524,3061.374620576425
4721.0,1.0,1.0

1769.0,6549.746075916624,1044.2539240833723
7116.516535671759,881.1741405951891,29.563293827721875
1.0,1.0,1.0

Iteration: ,57500
Error:,0.07392688226241916
Absolute Error:,1
Transition Probabilities
0.4832877864200128,0.4483698206591131,0.06834239292087418
4.222794645496397e-05,0.8643817742831282,0.13557599777041685
0.9995960412037972,0.00020197939810139365,0.00020197939810139365

0.18891507017723602,0.6987906828368771,0.112294246985887
0.8850899094798174,0.11128447965443936,0.0036256108657433265
0.3333333333333333,0.3333333333333333,0.3333333333333333

Transition Gammas
4598.0,4265.790473750801,650.2095262491968
1.0,20469.424796798725,3210.5752032012356
4949.0,1.0,1.0

1844.0,6820.895855170755,1096.1041448292426
7411.95419312985,931.9227987694102,30.36173090573029
1.0,1.0,1.0

Iteration: ,60000
Error:,0.07253116387513733
Absolute Error:,1
Transition Probabilities
0.4828106151990352,0.44870614830583305,0.06848323649513176
4.047108341090294e-05,0.8646545489725664,0.13530497994402277
0.9996132276155483,0.00019338619222587506,0.00019338619222587506

0.18821909725636743,0.6986018553834338,0.11317904736019885
0.8858048286527757,0.11062812004748629,0.0035670512997381283
0.3333333333333333,0.3333333333333333,0.3333333333333333

Transition Gammas
4803.0,4463.728763346426,681.2712366535704
1.0,21364.749250563127,3343.250749436856
5169.0,1.0,1.0

1914.0,7104.082267394137,1150.9177326058618
7738.0638148741355,966.4063967104039,31.16044267932415
1.0,1.0,1.0

Iteration: ,62500
Error:,0.0750052879052794
Absolute Error:,1
Transition Probabilities
0.48342008868324665,0.44809042574788194,0.06848948556887133
3.888024883359253e-05,0.8648099801322023,0.135151139618964
0.9996285979572888,0.00018570102135561745,0.00018570102135561745

0.19020254357041924,0.696624954608679,0.11317250182090181
0.886466394163352,0.11002201419442802,0.0035115916422200372
0.3333333333333333,0.3333333333333333,0.3333333333333333

Transition Gammas
5015.0,4648.490076708526,710.5099232914711
1.0,22242.912689000244,3476.0873109997538
5383.0,1.0,1.0

2019.0,7394.673893171127,1201.3261068288725
8059.431885305388,1000.280366094394,31.92612132374291
1.0,1.0,1.0

Iteration: ,65000
Error:,0.07125206172900045
Absolute Error:,1
Transition Probabilities
0.48401741869730414,0.44781968009178447,0.06816290121091156
3.73245744998507e-05,0.8648105052623022,0.13515217016319792
0.9996422822393132,0.00017885888034340904,0.00017885888034340904

0.18916220386675142,0.6979489628157798,0.11288883331746893
0.8868952733839928,0.10970431691061527,0.003400409705391818
0.3333333333333333,0.3333333333333333,0.3333333333333333

Transition Gammas
5224.0,4833.317807230626,735.682192769368
1.0,23170.003056987603,3620.9969430123992
5589.0,1.0,1.0

2084.0,7689.303723341444,1243.696276658555
8382.060604355755,1036.8171536145924,32.13732340852516
1.0,1.0,1.0

Iteration: ,67500
Error:,0.07335019547802446
Absolute Error:,1
Transition Probabilities
0.48451307685441425,0.44696197264772325,0.06852495049786236
3.5958288385472854e-05,0.8645770919545724,0.13538694975704205
0.9996570644718793,0.00017146776406035664,0.00017146776406035664

0.1883298392732355,0.6971728312456797,0.11449732948108485
0.886362966029733,0.11030085751195198,0.003336176458314993
0.3333333333333333,0.3333333333333333,0.3333333333333333

Transition Gammas
5428.0,5007.314979572441,767.6850204275518
1.0,24043.88892725666,3765.1110727433393
5830.0,1.0,1.0

2156.0,7981.234572100541,1310.7654278994594
8686.183968397114,1080.9268628543225,32.69387776630941
1.0,1.0,1.0

Iteration: ,70000
Error:,0.0712315831070297
Absolute Error:,1
Transition Probabilities
0.48361853985725356,0.44801717585586964,0.06836428428687662
3.465243606625547e-05,0.8650121889719856,0.1349531585919481
0.999668270028197,0.0001658649859014762,0.0001658649859014762

0.1883385368323348,0.6974955783023183,0.11416588486534689
0.8868503121915204,0.1098800754225199,0.0032696123859595476
0.3333333333333333,0.3333333333333333,0.3333333333333333

Transition Gammas
5624.0,5209.991738027907,795.0082619720879
1.0,24962.521749353553,3894.4782506464367
6027.0,1.0,1.0

2232.0,8266.020098460775,1352.979901539226
9025.26463104994,1118.2233853166938,33.27406735790927
1.0,1.0,1.0

Iteration: ,72500
Error:,0.07405656840285132
Absolute Error:,1
Transition Probabilities
0.48306979054557525,0.4479302571376102,0.06899995231681463
3.3534540576794145e-05,0.8645470434752159,0.13541942198420734
0.9996805622105095,0.00015971889474524837,0.00015971889474524837

0.18783585735222258,0.6981246408935456,0.11403950175423183
0.8878181936688835,0.10895020837002833,0.0032315979610880747
0.3333333333333333,0.3333333333333333,0.3333333333333333

Transition Gammas
5835.0,5410.54957596519,833.4504240348034
1.0,25780.7928364309,4038.207163569057
6259.0,1.0,1.0

2307.0,8574.366839454537,1400.6331605454768
9367.060297132051,1149.4956720472137,34.09546365850953
1.0,1.0,1.0

Iteration: ,74999
Error:,0.07130081495468062
Absolute Error:,1
Transition Probabilities
0.4837112743532421,0.447405201604433,0.06888352404232498
3.243488696441897e-05,0.8642795419528599,0.13568802316017559
0.9996913580246913,0.00015432098765432098,0.00015432098765432098

0.18724409448818868,0.6988315202444529,0.1139243852673584
0.8886077373150437,0.10822010178961537,0.003172160895340826
0.3333333333333333,0.3333333333333333,0.3333333333333333

Transition Gammas
6058.0,5603.302744893915,862.6972551060775
1.0,26646.602557948587,4183.397442051368
6478.0,1.0,1.0

2378.0,8875.160307104567,1446.839692895454
9696.960926380456,1180.9553917160677,34.6163092696619
1.0,1.0,1.0


Model Num 2
Model States: 
['diamond'],"['square', 'x', 'square']","['square', 'y', 'diamond']","['square', 'y', 'square', 'x', 'square']"
Iteration: ,0
Error:,0.3577369994477066
Absolute Error:,1
Transition Probabilities
0.25,0.25,0.25,0.25
0.25,0.25,0.25,0.25
0.25,0.25,0.25,0.25
0.25,0.25,0.25,0.25

0.25,0.25,0.25,0.25
0.25,0.25,0.25,0.25
0.25,0.25,0.25,0.25
0.25,0.25,0.25,0.25

Transition Gammas
1.0,1.0,1.0,1.0
1.0,1.0,1.0,1.0
1.0,1.0,1.0,1.0
1.0,1.0,1.0,1.0

1.0,1.0,1.0,1.0
1.0,1.0,1.0,1.0
1.0,1.0,1.0,1.0
1.0,1.0,1.0,1.0

Iteration: ,2500
Error:,0.1871756407230077
Absolute Error:,1
Transition Probabilities
0.5007923930269413,0.2091917591125198,0.24088748019017434,0.0491283676703645
0.1720257234726688,0.36977491961414793,0.38263665594855306,0.07556270096463022
0.25,0.25,0.25,0.25
0.25,0.25,0.25,0.25

0.17892644135188868,0.36381709741550694,0.3697813121272366,0.0874751491053678
0.25,0.25,0.25,0.25
0.9951534733441034,0.0016155088852988692,0.0016155088852988692,0.0016155088852988692
0.0070921985815602835,0.5531914893617021,0.3049645390070922,0.1347517730496454

Transition Gammas
316.0,132.0,152.0,31.0
107.0,230.0,238.0,47.0
1.0,1.0,1.0,1.0
1.0,1.0,1.0,1.0

90.0,183.0,186.0,44.0
1.0,1.0,1.0,1.0
616.0,1.0,1.0,1.0
1.0,78.0,43.0,19.0

Iteration: ,5000
Error:,0.18592122617589263
Absolute Error:,1
Transition Probabilities
0.4764521193092622,0.21664050235478807,0.25510204081632654,0.05180533751962323
0.17384240454914704,0.3647441104792851,0.3753046303818034,0.08610885458976442
0.25,0.25,0.25,0.25
0.25,0.25,0.25,0.25

0.1794871794871795,0.3435897435897436,0.38871794871794874,0.0882051282051282
0.25,0.25,0.25,0.25
0.9976019184652278,0.0007993605115907274,0.0007993605115907274,0.0007993605115907274
0.0035087719298245615,0.6,0.3017543859649123,0.09473684210526316

Transition Gammas
607.0,276.0,325.0,66.0
214.0,449.0,462.0,106.0
1.0,1.0,1.0,1.0
1.0,1.0,1.0,1.0

175.0,335.0,379.0,86.0
1.0,1.0,1.0,1.0
1248.0,1.0,1.0,1.0
1.0,171.0,86.0,27.0

Iteration: ,7500
Error:,0.18512541014609643
Absolute Error:,1
Transition Probabilities
0.4812304483837331,0.22262773722627738,0.24817518248175183,0.047966631908237745
0.17414818820984315,0.3650621957815035,0.3807463493780422,0.08004326663061113
0.25,0.25,0.25,0.25
0.25,0.25,0.25,0.25

0.1784260515603799,0.35074626865671643,0.3921302578018996,0.07869742198100407
0.25,0.25,0.25,0.25
0.9984059511158342,0.0005313496280552603,0.0005313496280552603,0.0005313496280552603
0.002544529262086514,0.5852417302798982,0.31806615776081426,0.09414758269720101

Transition Gammas
923.0,427.0,476.0,92.0
322.0,675.0,704.0,148.0
1.0,1.0,1.0,1.0
1.0,1.0,1.0,1.0

263.0,517.0,578.0,116.0
1.0,1.0,1.0,1.0
1879.0,1.0,1.0,1.0
1.0,230.0,125.0,37.0

Iteration: ,10000
Error:,0.1886800071724373
Absolute Error:,1
Transition Probabilities
0.4701521654311354,0.2294186500195084,0.2516582130316036,0.048770971517752636
0.1787459283387622,0.3578990228013029,0.3811074918566775,0.08224755700325732
0.25,0.25,0.25,0.25
0.25,0.25,0.25,0.25

0.18093285494618144,0.3495643259866735,0.3900563813429011,0.07944643772424398
0.25,0.25,0.25,0.25
0.9988071570576541,0.00039761431411530816,0.00039761431411530816,0.00039761431411530816
0.0018832391713747645,0.5781544256120528,0.327683615819209,0.09227871939736347

Transition Gammas
1205.0,588.0,645.0,125.0
439.0,879.0,936.0,202.0
1.0,1.0,1.0,1.0
1.0,1.0,1.0,1.0

353.0,682.0,761.0,155.0
1.0,1.0,1.0,1.0
2512.0,1.0,1.0,1.0
1.0,307.0,174.0,49.0

Iteration: ,12500
Error:,0.1900056757847746
Absolute Error:,1
Transition Probabilities
0.46350592638802246,0.22333125389893949,0.25701809107922646,0.056144728633811605
0.18190854870775347,0.35155732273028495,0.3843605036447979,0.08217362491716368
0.25,0.25,0.25,0.25
0.25,0.25,0.25,0.25

0.18345618345618345,0.34234234234234234,0.3927108927108927,0.08149058149058148
0.25,0.25,0.25,0.25
0.9990518331226296,0.0003160556257901391,0.0003160556257901391,0.0003160556257901391
0.0014577259475218659,0.5903790087463557,0.32215743440233235,0.08600583090379009

Transition Gammas
1486.0,716.0,824.0,180.0
549.0,1061.0,1160.0,248.0
1.0,1.0,1.0,1.0
1.0,1.0,1.0,1.0

448.0,836.0,959.0,199.0
1.0,1.0,1.0,1.0
3161.0,1.0,1.0,1.0
1.0,405.0,221.0,59.0

Iteration: ,15000
Error:,0.1895432432712507
Absolute Error:,1
Transition Probabilities
0.46034663865546216,0.22400210084033614,0.25866596638655465,0.05698529411764706
0.18018763796909493,0.35402869757174393,0.3852097130242826,0.08057395143487858
0.25,0.25,0.25,0.25
0.25,0.25,0.25,0.25

0.182157394843962,0.3415875169606513,0.3951831750339213,0.0810719131614654
0.25,0.25,0.25,0.25
0.9992128050380478,0.0002623983206507478,0.0002623983206507478,0.0002623983206507478
0.0012121212121212121,0.583030303030303,0.32242424242424245,0.09333333333333334

Transition Gammas
1753.0,853.0,985.0,217.0
653.0,1283.0,1396.0,292.0
1.0,1.0,1.0,1.0
1.0,1.0,1.0,1.0

537.0,1007.0,1165.0,239.0
1.0,1.0,1.0,1.0
3808.0,1.0,1.0,1.0
1.0,481.0,266.0,77.0

Iteration: ,17500
Error:,0.18498279162713457
Absolute Error:,1
Transition Probabilities
0.4585310734463277,0.22892655367231637,0.25717514124293783,0.05536723163841808
0.17702895111532985,0.3485999050783104,0.3927384907451353,0.08163265306122448
0.25,0.25,0.25,0.25
0.25,0.25,0.25,0.25

0.18121194549144679,0.34009857929834736,0.3972165845172514,0.08147289069295448
0.25,0.25,0.25,0.25
0.9993291592128801,0.00022361359570661896,0.00022361359570661896,0.00022361359570661896
0.0010460251046025104,0.5857740585774058,0.32322175732217573,0.0899581589958159

Transition Gammas
2029.0,1013.0,1138.0,245.0
746.0,1469.0,1655.0,344.0
1.0,1.0,1.0,1.0
1.0,1.0,1.0,1.0

625.0,1173.0,1370.0,281.0
1.0,1.0,1.0,1.0
4469.0,1.0,1.0,1.0
1.0,560.0,309.0,86.0

Iteration: ,20000
Error:,0.19248682630778724
Absolute Error:,1
Transition Probabilities
0.4568338249754179,0.22890855457227138,0.25722713864306784,0.05703048180924287
0.18066528066528068,0.3474012474012474,0.3898128898128898,0.08212058212058213
0.25,0.25,0.25,0.25
0.25,0.25,0.25,0.25

0.18625954198473282,0.3366412213740458,0.39516539440203563,0.08193384223918575
0.25,0.25,0.25,0.25
0.999410493220672,0.00019650225977598743,0.00019650225977598743,0.00019650225977598743
0.0009074410163339383,0.5925589836660617,0.3203266787658802,0.08620689655172414

Transition Gammas
2323.0,1164.0,1308.0,290.0
869.0,1671.0,1875.0,395.0
1.0,1.0,1.0,1.0
1.0,1.0,1.0,1.0

732.0,1323.0,1553.0,322.0
1.0,1.0,1.0,1.0
5086.0,1.0,1.0,1.0
1.0,653.0,353.0,95.0

Iteration: ,22500
Error:,0.18957917805367752
Absolute Error:,1
Transition Probabilities
0.45834785639595677,0.22865109794353433,0.2572324851864761,0.055768560474032766
0.17841328413284133,0.3505535055350554,0.388929889298893,0.08210332103321033
0.25,0.25,0.25,0.25
0.25,0.25,0.25,0.25

0.18761343012704174,0.3371143375680581,0.39541742286751363,0.07985480943738657
0.25,0.25,0.25,0.25
0.9994756161510225,0.00017479461632581716,0.00017479461632581716,0.00017479461632581716
0.0008136696501220504,0.5874694873881204,0.3205858421480879,0.09113100081366965

Transition Gammas
2630.0,1312.0,1476.0,320.0
967.0,1900.0,2108.0,445.0
1.0,1.0,1.0,1.0
1.0,1.0,1.0,1.0

827.0,1486.0,1743.0,352.0
1.0,1.0,1.0,1.0
5718.0,1.0,1.0,1.0
1.0,722.0,394.0,112.0

Iteration: ,25000
Error:,0.19100256710310548
Absolute Error:,1
Transition Probabilities
0.4584634603372892,0.22704559650218614,0.25874453466583386,0.05574640849469082
0.1791763533709731,0.3495516439721023,0.3875788774493524,0.08369312520757223
0.25,0.25,0.25,0.25
0.25,0.25,0.25,0.25

0.18767967145790554,0.3383983572895277,0.3930184804928131,0.08090349075975359
0.25,0.25,0.25,0.25
0.9995271122320303,0.00015762925598991173,0.00015762925598991173,0.00015762925598991173
0.0007267441860465116,0.592296511627907,0.3190406976744186,0.08793604651162791

Transition Gammas
2936.0,1454.0,1657.0,357.0
1079.0,2105.0,2334.0,504.0
1.0,1.0,1.0,1.0
1.0,1.0,1.0,1.0

914.0,1648.0,1914.0,394.0
1.0,1.0,1.0,1.0
6341.0,1.0,1.0,1.0
1.0,815.0,439.0,121.0

Iteration: ,27500
Error:,0.19230788803189783
Absolute Error:,1
Transition Probabilities
0.45775446555146015,0.227246952083924,0.25829316699744825,0.05670541536716756
0.18005706562546928,0.3524553236221655,0.3844421084246884,0.08304550232767682
0.25,0.25,0.25,0.25
0.25,0.25,0.25,0.25

0.18882430151884494,0.33995874742171384,0.3905869116819801,0.08063003937746109
0.25,0.25,0.25,0.25
0.9995683453237411,0.00014388489208633093,0.00014388489208633093,0.00014388489208633093
0.0006578947368421052,0.5894736842105263,0.31973684210526315,0.09013157894736842

Transition Gammas
3229.0,1603.0,1822.0,400.0
1199.0,2347.0,2560.0,553.0
1.0,1.0,1.0,1.0
1.0,1.0,1.0,1.0

1007.0,1813.0,2083.0,430.0
1.0,1.0,1.0,1.0
6947.0,1.0,1.0,1.0
1.0,896.0,486.0,137.0

Iteration: ,30000
Error:,0.18825338625391794
Absolute Error:,1
Transition Probabilities
0.459298563478711,0.2266079979293387,0.25857383201760065,0.055519606574349685
0.17676348547717843,0.35242047026279394,0.38699861687413556,0.08381742738589211
0.25,0.25,0.25,0.25
0.25,0.25,0.25,0.25

0.18863049095607234,0.33798449612403103,0.3929371231696813,0.08044788975021533
0.25,0.25,0.25,0.25
0.9996056782334385,0.00013144058885383806,0.00013144058885383806,0.00013144058885383806
0.0006075334143377885,0.5886998784933172,0.32320777642770354,0.08748481166464156

Transition Gammas
3549.0,1751.0,1998.0,429.0
1278.0,2548.0,2798.0,606.0
1.0,1.0,1.0,1.0
1.0,1.0,1.0,1.0

1095.0,1962.0,2281.0,467.0
1.0,1.0,1.0,1.0
7605.0,1.0,1.0,1.0
1.0,969.0,532.0,144.0

Iteration: ,32500
Error:,0.1911251526872331
Absolute Error:,1
Transition Probabilities
0.46072363722923115,0.22542251844798858,0.25672458938348014,0.05712925493930017
0.17716836734693878,0.3525510204081633,0.3862244897959184,0.08405612244897959
0.25,0.25,0.25,0.25
0.25,0.25,0.25,0.25

0.18752997601918464,0.339568345323741,0.39280575539568346,0.08009592326139088
0.25,0.25,0.25,0.25
0.9996351252736561,0.00012162490878131841,0.00012162490878131841,0.00012162490878131841
0.0005564830272676684,0.5893155258764607,0.32276015581524764,0.08736783528102393

Transition Gammas
3871.0,1894.0,2157.0,480.0
1389.0,2764.0,3028.0,659.0
1.0,1.0,1.0,1.0
1.0,1.0,1.0,1.0

1173.0,2124.0,2457.0,501.0
1.0,1.0,1.0,1.0
8219.0,1.0,1.0,1.0
1.0,1059.0,580.0,157.0

Iteration: ,35000
Error:,0.19134107439382822
Absolute Error:,1
Transition Probabilities
0.4617848464766954,0.2239893969516236,0.2577866136514248,0.05643914292025624
0.17681331747919143,0.351961950059453,0.3870392390011891,0.08418549346016647
0.25,0.25,0.25,0.25
0.25,0.25,0.25,0.25

0.1890171699230314,0.3382178804026051,0.39150384843102426,0.08126110124333925
0.25,0.25,0.25,0.25
0.9996615523465704,0.0001128158844765343,0.0001128158844765343,0.0001128158844765343
0.0005175983436853002,0.5885093167701864,0.32608695652173914,0.08488612836438923

Transition Gammas
4181.0,2028.0,2334.0,511.0
1487.0,2960.0,3255.0,708.0
1.0,1.0,1.0,1.0
1.0,1.0,1.0,1.0

1277.0,2285.0,2645.0,549.0
1.0,1.0,1.0,1.0
8861.0,1.0,1.0,1.0
1.0,1137.0,630.0,164.0

Iteration: ,37500
Error:,0.18889748784053337
Absolute Error:,1
Transition Probabilities
0.45841931489888565,0.22296739579034255,0.2613495666529096,0.05726372265786216
0.17596089757831593,0.35125527660519884,0.38824705620973116,0.08453676960675406
0.25,0.25,0.25,0.25
0.25,0.25,0.25,0.25

0.18713612420293874,0.3398946492930413,0.39187690601607983,0.08109232048794011
0.25,0.25,0.25,0.25
0.9996851054896609,0.00010496483677967881,0.00010496483677967881,0.00010496483677967881
0.0004805382027871216,0.5901009130225853,0.3229216722729457,0.08649687650168188

Transition Gammas
4443.0,2161.0,2533.0,555.0
1584.0,3162.0,3495.0,761.0
1.0,1.0,1.0,1.0
1.0,1.0,1.0,1.0

1350.0,2452.0,2827.0,585.0
1.0,1.0,1.0,1.0
9524.0,1.0,1.0,1.0
1.0,1228.0,672.0,180.0

Iteration: ,40000
Error:,0.18779204808554795
Absolute Error:,1
Transition Probabilities
0.4566457225712905,0.22261962300628324,0.2641855969067182,0.05654905751570807
0.1757392122035315,0.3494932608922788,0.3886741197367046,0.0860934071674851
0.25,0.25,0.25,0.25
0.25,0.25,0.25,0.25

0.18738621586475943,0.33927178153446036,0.3925877763328999,0.08075422626788037
0.25,0.25,0.25,0.25
0.9997055070187494,9.816432708353784e-05,9.816432708353784e-05,9.816432708353784e-05
0.000449842555105713,0.5910931174089069,0.3216374269005848,0.08681961313540261

Transition Gammas
4724.0,2303.0,2733.0,585.0
1682.0,3345.0,3720.0,824.0
1.0,1.0,1.0,1.0
1.0,1.0,1.0,1.0

1441.0,2609.0,3019.0,621.0
1.0,1.0,1.0,1.0
10184.0,1.0,1.0,1.0
1.0,1314.0,715.0,193.0

Iteration: ,42500
Error:,0.18799733898297857
Absolute Error:,1
Transition Probabilities
0.45560619872379216,0.2226982680036463,0.2652689152233364,0.056426618049225157
0.17508087442407608,0.352122340946966,0.38721693951573377,0.0855798451132242
0.25,0.25,0.25,0.25
0.25,0.25,0.25,0.25

0.1850171652770966,0.34011770475723396,0.3941883276115743,0.08067680235409515
0.25,0.25,0.25,0.25
0.9997230428360414,9.231905465288036e-05,9.231905465288036e-05,9.231905465288036e-05
0.00042426813746287653,0.5905812473483242,0.32117098005939754,0.08782350445481545

Transition Gammas
4998.0,2443.0,2910.0,619.0
1786.0,3592.0,3950.0,873.0
1.0,1.0,1.0,1.0
1.0,1.0,1.0,1.0

1509.0,2774.0,3215.0,658.0
1.0,1.0,1.0,1.0
10829.0,1.0,1.0,1.0
1.0,1392.0,757.0,207.0

Iteration: ,45000
Error:,0.18803930346502146
Absolute Error:,1
Transition Probabilities
0.454257595207531,0.2222507488232777,0.26700898587933247,0.05648267008985879
0.17690235064573073,0.3515748397287002,0.38762426832667474,0.08389854129889436
0.25,0.25,0.25,0.25
0.25,0.25,0.25,0.25

0.186216498433693,0.3399466295393897,0.39412924933286925,0.07970762269404803
0.25,0.25,0.25,0.25
0.9997388124673515,8.706251088281386e-05,8.706251088281386e-05,8.706251088281386e-05
0.0004060089321965083,0.5895249695493301,0.32358911896061715,0.08647990255785627

Transition Gammas
5308.0,2597.0,3120.0,660.0
1904.0,3784.0,4172.0,903.0
1.0,1.0,1.0,1.0
1.0,1.0,1.0,1.0

1605.0,2930.0,3397.0,687.0
1.0,1.0,1.0,1.0
11483.0,1.0,1.0,1.0
1.0,1452.0,797.0,213.0

Iteration: ,47500
Error:,0.18636543931545943
Absolute Error:,1
Transition Probabilities
0.4540580063368267,0.22300755544723372,0.26720285969615726,0.05573157851978227
0.17648610622581778,0.35226873021456206,0.38867393598311645,0.08257122757650369
0.25,0.25,0.25,0.25
0.25,0.25,0.25,0.25

0.1854043392504931,0.3413324567170721,0.3945868945868946,0.07867630944554022
0.25,0.25,0.25,0.25
0.9997530051045612,8.233163181294254e-05,8.233163181294254e-05,8.233163181294254e-05
0.0003901677721420211,0.5875926648458837,0.3261802575107296,0.08583690987124463

Transition Gammas
5589.0,2745.0,3289.0,686.0
2007.0,4006.0,4420.0,939.0
1.0,1.0,1.0,1.0
1.0,1.0,1.0,1.0

1692.0,3115.0,3601.0,718.0
1.0,1.0,1.0,1.0
12143.0,1.0,1.0,1.0
1.0,1506.0,836.0,220.0

Iteration: ,50000
Error:,0.18843105735817087
Absolute Error:,1
Transition Probabilities
0.4549031710516164,0.2225136949309467,0.26718617390633437,0.05539696011110254
0.1757469244288225,0.35124278182274665,0.39158088542974306,0.08142940831868775
0.25,0.25,0.25,0.25
0.25,0.25,0.25,0.25

0.1852852540787696,0.34157747064325056,0.3939519900239011,0.07918528525407877
0.25,0.25,0.25,0.25
0.9997656799187691,7.810669374365383e-05,7.810669374365383e-05,7.810669374365383e-05
0.00037313432835820896,0.5899253731343284,0.325,0.08470149253731343

Transition Gammas
5896.0,2884.0,3463.0,718.0
2100.0,4197.0,4679.0,973.0
1.0,1.0,1.0,1.0
1.0,1.0,1.0,1.0

1783.0,3287.0,3791.0,762.0
1.0,1.0,1.0,1.0
12800.0,1.0,1.0,1.0
1.0,1581.0,871.0,227.0

Iteration: ,52500
Error:,0.19021350150302976
Absolute Error:,1
Transition Probabilities
0.4555531087132056,0.22227115906922118,0.2672685898847537,0.05490714233281949
0.17530864197530865,0.3522899243329351,0.39052170450019913,0.08187972919155714
0.25,0.25,0.25,0.25
0.25,0.25,0.25,0.25

0.1860948796672279,0.34198276715856196,0.3929880162424483,0.07893433693176191
0.25,0.25,0.25,0.25
0.999776669396263,7.444353457902182e-05,7.444353457902182e-05,7.444353457902182e-05
0.00035612535612535614,0.5879629629629629,0.327991452991453,0.08368945868945869

Transition Gammas
6206.0,3028.0,3641.0,748.0
2201.0,4423.0,4903.0,1028.0
1.0,1.0,1.0,1.0
1.0,1.0,1.0,1.0

1879.0,3453.0,3968.0,797.0
1.0,1.0,1.0,1.0
13430.0,1.0,1.0,1.0
1.0,1651.0,921.0,235.0

Iteration: ,55000
Error:,0.18891728193197266
Absolute Error:,1
Transition Probabilities
0.4561969558813215,0.2224170582871572,0.2663253138809006,0.05506067195062075
0.17507778705319876,0.35303938681035135,0.3900736131137588,0.08180921302269105
0.25,0.25,0.25,0.25
0.25,0.25,0.25,0.25

0.18558064820939243,0.34243598223566096,0.3936501937068884,0.07833317584805821
0.25,0.25,0.25,0.25
0.9997866742515822,7.110858280594468e-05,7.110858280594468e-05,7.110858280594468e-05
0.0003405994550408719,0.5895776566757494,0.32697547683923706,0.08310626702997276

Transition Gammas
6504.0,3171.0,3797.0,785.0
2307.0,4652.0,5140.0,1078.0
1.0,1.0,1.0,1.0
1.0,1.0,1.0,1.0

1964.0,3624.0,4166.0,829.0
1.0,1.0,1.0,1.0
14060.0,1.0,1.0,1.0
1.0,1731.0,960.0,244.0

Iteration: ,57500
Error:,0.18897438291055552
Absolute Error:,1
Transition Probabilities
0.45610980917308336,0.22249748911951792,0.2662202879142953,0.05517241379310345
0.17582897033158812,0.35209424083769636,0.39041593949970915,0.0816608493310064
0.25,0.25,0.25,0.25
0.25,0.25,0.25,0.25

0.18698010849909585,0.3411392405063291,0.39312839059674504,0.07875226039783002
0.25,0.25,0.25,0.25
0.9997958628198149,6.804572672836147e-05,6.804572672836147e-05,6.804572672836147e-05
0.0003254149040026033,0.5903026358607224,0.3263911487146111,0.08298080052066385

Transition Gammas
6812.0,3323.0,3976.0,824.0
2418.0,4842.0,5369.0,1123.0
1.0,1.0,1.0,1.0
1.0,1.0,1.0,1.0

2068.0,3773.0,4348.0,871.0
1.0,1.0,1.0,1.0
14693.0,1.0,1.0,1.0
1.0,1814.0,1003.0,255.0

Iteration: ,60000
Error:,0.18907610483296927
Absolute Error:,1
Transition Probabilities
0.45654544288371496,0.22250016034891926,0.2664357642229491,0.05451863254441665
0.17582954942368145,0.35089067411805797,0.39203632553265805,0.08124345092560252
0.25,0.25,0.25,0.25
0.25,0.25,0.25,0.25

0.18723514658825563,0.3407420219666177,0.3930640837152988,0.0789587477298279
0.25,0.25,0.25,0.25
0.99980458572173,6.513809275664408e-05,6.513809275664408e-05,6.513809275664408e-05
0.00031298904538341156,0.5896713615023474,0.32582159624413143,0.08419405320813772

Transition Gammas
7118.0,3469.0,4154.0,850.0
2517.0,5023.0,5612.0,1163.0
1.0,1.0,1.0,1.0
1.0,1.0,1.0,1.0

2165.0,3940.0,4545.0,913.0
1.0,1.0,1.0,1.0
