0,1,2,3,4,5,6,7,8,9,10,11,12,13,14,15,16,17,18,19,20,21,22,23,24,25,26,27,28,29
github Code Version (SHA):,528ca1c557fe8e6666681dc5c9134b0f84d30530
Environment Observations,Environment Actions,alpha,epsilon,numActions,explore,patience,gainThresh,insertRandActions,useUpdatedPosterior,revisedSplitting,haveControl,confidence_factor
"['diamond', 'square']","['x', 'y']",0.95,0.99,75000,0.5,0,0.01,False,True,False,False,250

Model Num 0
Model States: 
['diamond'],['square']
Iteration: ,0
Error:,0.6226775463650621
Absolute Error:,1
Transition Probabilities
0.5,0.5
0.5,0.5

0.5,0.5
0.5,0.5

Transition Gammas
1.0,1.0
1.0,1.0

1.0,1.0
1.0,1.0

Iteration: ,2484
Error:,0.136336188800897
Absolute Error:,1
Transition Probabilities
0.483271375464684,0.516728624535316
0.04908835904628331,0.9509116409537167

0.08,0.92
0.9499323410013532,0.05006765899864682


Model Num 1
Model States: 
['square'],"['diamond', 'x', 'square']","['diamond', 'x', 'diamond']"
Iteration: ,0
Error:,0.6765589901651984
Absolute Error:,1
Transition Probabilities
0.3333333333333333,0.3333333333333333,0.3333333333333333
0.3333333333333333,0.3333333333333333,0.3333333333333333
0.3333333333333333,0.3333333333333333,0.3333333333333333

0.3333333333333333,0.3333333333333333,0.3333333333333333
0.3333333333333333,0.3333333333333333,0.3333333333333333
0.3333333333333333,0.3333333333333333,0.3333333333333333

Transition Gammas
1.0,1.0,1.0
1.0,1.0,1.0
1.0,1.0,1.0

1.0,1.0,1.0
1.0,1.0,1.0
1.0,1.0,1.0

Iteration: ,2500
Error:,0.09932054332819544
Absolute Error:,1
Transition Probabilities
0.952317880794702,0.033260958865488056,0.014421160339809957
0.9957537154989384,0.0021231422505307855,0.0021231422505307855
0.0030769230769230765,0.9124422348186023,0.08448084210447462

0.05077574047954867,0.39251078250178295,0.5567134770186684
0.9315608419975475,0.025374556545003868,0.043064601457448684
0.9327862643709686,0.04695226779491768,0.02026146783411385

Transition Gammas
719.0,25.112023943443482,10.887976056556518
469.0,1.0,1.0
1.0,296.5437263160458,27.456273683954258

36.0,278.29014479376406,394.70985520623583
70.6869730767451,1.9254250656188023,3.2677482635014483
88.46868441153761,4.453115917991913,1.9216678804115197

Iteration: ,5000
Error:,0.10035936178211721
Absolute Error:,1
Transition Probabilities
0.9541723666210671,0.032155911837665516,0.01367172154126745
0.9979013641133263,0.001049317943336831,0.001049317943336831
0.0015313935681470128,0.9248437753840295,0.07362483104782344

0.052814454482279345,0.3969168120660227,0.5502687334516979
0.9352951674786028,0.021991446513123396,0.04271338600827385
0.9417154985329815,0.04468541927203985,0.013599082194978617

Transition Gammas
1395.0,47.01194310666698,19.988056893333013
951.0,1.0,1.0
1.0,603.9229853257717,48.07701467422874

76.0,571.1632925630068,791.8367074369935
153.94374428123234,3.6196547743502774,7.030356620754921
173.6326654784898,8.23905783468044,2.507386671721546

Iteration: ,7500
Error:,0.09629595031681555
Absolute Error:,1
Transition Probabilities
0.9536574284416175,0.031562689899284506,0.014779881659098042
0.9985915492957746,0.0007042253521126761,0.0007042253521126761
0.00104602510460251,0.9303807110773256,0.06857326381807201

0.05043961129106893,0.40417206664271865,0.5453883220662125
0.935726148513386,0.021037143158932153,0.04323670832768186
0.9518368763898863,0.03479030546594745,0.013372818144166061

Transition Gammas
2099.0,69.4694804683252,32.53051953167479
1418.0,1.0,1.0
1.0,889.4439597899236,65.55604021007687

109.0,873.4158360149154,1178.5841639850855
227.2828246609515,5.1098083852366685,10.501962794744577
275.28615383737156,10.061902012950545,3.8676287546629533

Iteration: ,10000
Error:,0.09794413958354115
Absolute Error:,1
Transition Probabilities
0.955607476635514,0.030568713698478092,0.013823809666007887
0.9989241527703067,0.0005379236148466917,0.0005379236148466917
0.0007917656373713375,0.9319211961786005,0.06728703818402809

0.051470588235294115,0.4002482106686071,0.5482812010960989
0.9341237988309017,0.022126707363096455,0.04374949380600197
0.954833419500283,0.032547264386954045,0.012619316112762964

Transition Gammas
2863.0,91.58386624064036,41.41613375935963
1857.0,1.0,1.0
1.0,1177.0164707735732,84.98352922642755

147.0,1143.108889669542,1565.8911103304583
300.6892798600632,7.122464614444779,14.082719874210584
374.3397756448306,12.76006411133136,4.947367641274189

Iteration: ,12500
Error:,0.09580135694600123
Absolute Error:,1
Transition Probabilities
0.9553933495539335,0.032111765150316135,0.012494885295750368
0.9991368148467846,0.00043159257660768235,0.00043159257660768235
0.0006297229219143571,0.9393117323389271,0.060058544739158615

0.05125348189415042,0.3938742077877663,0.5548723103180834
0.935197064958167,0.019844366404980336,0.04495856863685278
0.96045005066115,0.029618729322938367,0.009931220015911593

Transition Gammas
3534.0,118.78141929101938,46.21858070898061
2315.0,1.0,1.0
1.0,1491.6270309542174,95.37296904578396

184.0,1414.0084059580809,1991.9915940419194
386.5157189860203,8.201650578518551,18.581317384729825
478.46080281053645,14.754958886540562,4.947367641274189

Iteration: ,15000
Error:,0.09421982467035686
Absolute Error:,1
Transition Probabilities
0.9565995525727069,0.030984924865555222,0.012415522561737837
0.9992779783393502,0.00036101083032490973,0.00036101083032490973
0.0005216484089723522,0.9385830241792693,0.06089532741175843

0.050827698764280727,0.3915971329720296,0.5575751682636898
0.9440849056078049,0.01686501810647949,0.039050076285715586
0.9621913359295637,0.027284546267031924,0.010524117803404369

Transition Gammas
4276.0,138.50261414903184,55.49738585096813
2768.0,1.0,1.0
1.0,1799.2636573516609,116.73634264834102

218.0,1679.5601033170344,2391.439896682965
468.5703518310399,8.370483863103745,19.381422026281182
568.4616224034278,16.11968104297477,6.217637654270037

Iteration: ,17500
Error:,0.0926114856234381
Absolute Error:,1
Transition Probabilities
0.9593402378212504,0.028365080499408894,0.012294681679340618
0.9993781094527363,0.0003109452736318408,0.0003109452736318408
0.0004486316733961412,0.939841184207054,0.059710184119549814

0.0509083649431024,0.39151653751405674,0.5575750975428407
0.9393487738829447,0.01796562532052002,0.04268560079653528
0.9577788103888736,0.030669393416928797,0.01155179619419777

Transition Gammas
5002.0,147.89552972391797,64.10447027608198
3214.0,1.0,1.0
1.0,2094.905999597526,133.0940004024767

255.0,1961.106336407911,2792.8936635920904
545.0185985270783,10.423817229650822,24.766569106431874
671.3076168024613,21.496192210742546,8.09665936310083

Iteration: ,20000
Error:,0.09253231325486974
Absolute Error:,1
Transition Probabilities
0.9587542087542088,0.028608173938621917,0.012637617307169316
0.9994520547945206,0.000273972602739726,0.000273972602739726
0.00039494470774091627,0.9405862141034517,0.05901884118880751

0.05068803344365093,0.39021222854780485,0.5590997380085442
0.9374782509513585,0.019573858012414905,0.042947891036226434
0.962025455843482,0.0280546801452845,0.00991986401123352

Transition Gammas
5695.0,169.9325531954142,75.06744680458574
3648.0,1.0,1.0
1.0,2381.5642941099395,149.4357058900606

291.0,2240.2084040929476,3209.7915959070524
622.1727820357199,12.99051117441681,28.5030706807964
796.6759888454221,23.232742866341475,8.214873548675989

Iteration: ,22307
Error:,0.09323906329183845
Absolute Error:,1
Transition Probabilities
0.9587924528301887,0.029541542579095692,0.01166600459071562
0.9995069033530573,0.0002465483234714004,0.0002465483234714004
0.00035335689045936405,0.9417795089262564,0.057867134183284194

0.05034396497811132,0.38679574659911775,0.5628602884227709
0.9356701992421969,0.02339152251198041,0.04093827824582264
0.9617767375003305,0.027994605732245745,0.010228656767423693


Model Num 2
Model States: 
"['diamond', 'x', 'square']","['diamond', 'x', 'diamond']","['square', 'y', 'diamond', 'x', 'diamond']","['square', 'y', 'diamond', 'x', 'square']"
Iteration: ,0
Error:,0.624234835615308
Absolute Error:,0.7
Transition Probabilities
0.25,0.25,0.25,0.25
0.25,0.25,0.25,0.25
0.25,0.25,0.25,0.25
0.25,0.25,0.25,0.25

0.25,0.25,0.25,0.25
0.25,0.25,0.25,0.25
0.25,0.25,0.25,0.25
0.25,0.25,0.25,0.25

Transition Gammas
1.0,1.0,1.0,1.0
1.0,1.0,1.0,1.0
1.0,1.0,1.0,1.0
1.0,1.0,1.0,1.0

1.0,1.0,1.0,1.0
1.0,1.0,1.0,1.0
1.0,1.0,1.0,1.0
1.0,1.0,1.0,1.0

Iteration: ,2500
Error:,0.035644255190161366
Absolute Error:,0.05227736433917356
Transition Probabilities
0.0015360983102918587,0.0015360983102918587,0.06657798465510038,0.930349818724316
0.8941340081745305,0.09867174722115307,0.0035971223021582736,0.0035971223021582736
0.03434297610114874,0.03383518974918886,0.8813830951767263,0.05043873897293619
0.036284307798261486,0.019266871821465716,0.8972028645985609,0.04724595578171192

0.03686561366241549,0.024682286958717364,0.04631168498537567,0.8921404143934915
0.021078171759777733,0.021078171759777733,0.8876851560132245,0.07015850046722005
0.004557329580582826,0.9414705129026419,0.03669656263614421,0.017275594880631014
0.9475138556170873,0.0021032021293839005,0.009641053417832128,0.04074188883569652

Transition Gammas
1.0,1.0,43.34226801047035,605.6577319895297
248.56925427251946,27.430745727480552,1.0,1.0
5.704249952228048,5.619908389476521,146.39469403434376,8.377700684105546
7.343682407655021,3.899476005785105,181.5873939082237,9.562240962017992

6.576541566515931,4.403129909272833,8.2616479440901,159.1509793422795
1.0,1.0,42.113954005590905,3.328490785007242
1.3962314939525453,288.4388231088205,11.242745464512621,5.292733216371338
564.3910122119247,1.2527820798105154,5.742738077150059,24.268094596283177

Iteration: ,5000
Error:,0.03179906529840024
Absolute Error:,0.04754880574673905
Transition Probabilities
0.0007722007722007728,0.0007722007722007728,0.0646009041611838,0.9338546942944147
0.893463543898453,0.1030091192408769,0.0017636684303350978,0.0017636684303350978
0.02473022548364685,0.03581240288771219,0.8885832577055379,0.0508741139231031
0.029373204683023884,0.014734495472932246,0.9081202732948477,0.04777202654919617

0.03675678126823152,0.026230350017560803,0.036303574795684995,0.9007092939185226
0.00947571615395927,0.01319104280765475,0.9236136320870396,0.053719608951346434
0.002230573802696573,0.9419286027349643,0.044591817998031545,0.011249005464307653
0.9483617750741674,0.0010906205231133944,0.007264621721737944,0.04328298268098109

Transition Gammas
1.0,1.0,83.65817088873295,1209.341829111266
506.5938293904226,58.40617060957718,1.0,1.0
8.725282691089447,12.635280630542715,313.5086707226692,17.94933191900301
12.274799267448305,6.1574137445717,379.49533207852215,19.963502206127917

12.188243645468383,8.697766395455897,12.037964140067986,298.6677274025886
1.0,1.392089272549927,97.47164405100116,5.66918722326867
1.4105496343746842,595.648099421168,28.19856150788931,7.113542051635234
1100.0770746651012,1.265093834620735,8.42678819649077,50.20722916289006

Iteration: ,7500
Error:,0.02941877271264684
Absolute Error:,0.04486374850169805
Transition Probabilities
0.0005063291139240512,0.0005063291139240512,0.05970746609311522,0.9392798756790367
0.9097411304246226,0.08785790919122383,0.0012004801920768315,0.0012004801920768315
0.025372815617693625,0.030844544966064737,0.8895805917224678,0.05420204769377387
0.033938566010220515,0.017777043184480205,0.8999323949359094,0.04835199586939004

0.04231104463419248,0.029979495160963654,0.031234070080067903,0.896475390124776
0.009868782323037326,0.014328578857022578,0.9293360843583331,0.04646655446160695
0.001518208747425337,0.9486698030525574,0.03889023602786802,0.010921752172149185
0.9480107191742753,0.0007184561902741038,0.005961292279193587,0.04530953235625702

Transition Gammas
1.0,1.0,117.92224553390243,1855.0777544660955
757.8143616437101,73.1856383562894,1.0,1.0
12.877440965873904,15.654502555197574,451.4879911989269,27.50911368777373
21.679351969680695,11.355658811880826,574.8607979741365,30.886394450884545

20.958379762220215,14.850062202325276,15.471504140761722,444.0606899725666
1.529427507787698,2.220590335676883,144.0250807923274,7.201215333304101
1.4169505421904176,885.3974751987156,36.296419131461306,10.19331675452438
1678.4193994001441,1.272001236890549,10.554256829087045,80.2189221559953

Iteration: ,10000
Error:,0.025809789856657262
Absolute Error:,0.04067114557965413
Transition Probabilities
0.0003796507213363707,0.0003796507213363707,0.06039238289329168,0.9388483156640356
0.9132714005610661,0.08495397654629859,0.0008873114463176582,0.0008873114463176582
0.026089198776039726,0.02637159015428705,0.8993097927151648,0.048229418354508564
0.028912111603391168,0.017897614453450856,0.9046251492356171,0.048565124707540944

0.04057416661929964,0.024035892413508658,0.030663121731882303,0.9047268192353094
0.007264272373487083,0.010547066105554283,0.9431983944502522,0.03899026707070645
0.0011243335643719302,0.9555500223807318,0.03297740538644602,0.010348238668450178
0.949918775517417,0.0005462848416027518,0.005034734761797071,0.04450020487918317

Transition Gammas
1.0,1.0,159.0735365409302,2472.9264634590686
1029.2568684323207,95.74313156767843,1.0,1.0
17.426963385091323,17.615594099711092,600.717521608774,32.21610272371334
24.985758162187825,15.467063511250043,781.7742791081047,41.969831802834626

26.492951894279926,15.694265452744482,20.021522970352247,590.7424870697116
1.529427507787698,2.220590335676883,198.58197705229153,8.209051633522611
1.42158357452412,1208.177234494839,41.69593376320031,13.08409406468431
2220.736267934672,1.2771139929404784,11.770288547948786,104.03333574693994

Iteration: ,12500
Error:,0.02659846475604148
Absolute Error:,0.038305158117974525
Transition Probabilities
0.000303030303030303,0.000303030303030303,0.05880612737561755,0.9405878120183219
0.9171006679193711,0.08146151755870233,0.0007189072609633363,0.0007189072609633363
0.02717551005760236,0.024041786857304123,0.9046490580320133,0.04413364505308023
0.02894142612769644,0.0181762208102967,0.9066695354122892,0.0462128176497177

0.037757209601796786,0.024584537256934196,0.029808530208062733,0.9078497229332063
0.006497732767745253,0.014270579766819318,0.9441264074542173,0.03510528001121821
0.00090373133753906,0.9524012855907483,0.03618433284346794,0.010510650228244631
0.9514225035509917,0.00043597379715603794,0.0045796549279597575,0.04356186772389242

Transition Gammas
1.0,1.0,194.06022033953795,3103.9397796604626
1275.687029075844,113.31297092415485,1.0,1.0
23.02038564276977,20.365807442925494,766.3285856686047,37.385628707226644
30.99175348455469,19.46389760297498,970.901662187368,49.486720043008624

30.786695398991156,20.045884429403504,24.305454494274443,740.2478409493765
1.7269719714196305,3.7928446973908034,250.93057862340007,9.330305938274089
1.4252085262883465,1501.9623380197884,57.06366211334024,16.575576944050987
2795.7956087617636,1.2811275990159674,13.457511346900613,128.00840639922058

Iteration: ,15000
Error:,0.0258157961497012
Absolute Error:,0.03692463530251208
Transition Probabilities
0.0002500625156289073,0.0002500625156289073,0.05579118292936986,0.9437086920393722
0.9201379425010097,0.07863956361145984,0.0006112469437652817,0.0006112469437652817
0.025357824687857265,0.023824123105622694,0.9087150884641391,0.04210296374238106
0.02966887318370186,0.019124938930894828,0.9022685653221053,0.04893762256329804

0.0382452670642272,0.023298291811175865,0.0277477387451392,0.9107087023794577
0.007743802345744117,0.01458851440281228,0.9458953302117329,0.03177235303971072
0.0007657191342900637,0.9541994407495172,0.034954986114249915,0.010079854001942851
0.9513421627884304,0.0003583082354139594,0.00457644628976148,0.04372308268639417

Transition Gammas
1.0,1.0,223.10894053455002,3773.891059465449
1505.3456739316505,128.65432606834818,1.0,1.0
25.471410541297796,23.93083901634197,912.7855156450207,42.291556459931634
37.894832852380134,24.427498800202493,1152.4305712297992,62.506014830646734

37.24799019902954,22.69076964685445,27.02419358422805,886.9612222457203
2.494266036307946,4.6989365650741455,304.6713346636566,10.233822809809954
1.4281499455281579,1779.686334458503,65.19487274049608,18.80003032332905
3410.195641872608,1.2843971713334945,16.404799243696953,156.73042976392972

Iteration: ,17500
Error:,0.02531980924380683
Absolute Error:,0.03728044210595248
Transition Probabilities
0.0002147766323024055,0.0002147766323024055,0.05714825118207171,0.9424221955533235
0.9252623684125307,0.07369379025135238,0.0005219206680584555,0.0005219206680584555
0.027513662636878863,0.024486789760832062,0.904747694309433,0.043251853292856156
0.028476047781445964,0.020615446695394783,0.9036748598228295,0.04723364570032982

0.037075558377656255,0.023127125710420453,0.028047617541880288,0.9117496983700429
0.009873904912090595,0.01452784993389015,0.9402379542660173,0.035360290888001925
0.0006573757185745441,0.9553403426276228,0.0345295625158498,0.009472719137952777
0.9524792930758296,0.00030902027038406276,0.00401409451125586,0.0431975921425304

Transition Gammas
1.0,1.0,266.0822575037259,4387.9177424962745
1772.8026978784076,141.19730212159106,1.0,1.0
32.439374001783484,28.87060663780759,1066.7227122867841,50.99513880629577
42.87058626252936,31.03647994548421,1360.4792114640331,71.1100816388262

42.55829804912017,26.54716886466926,32.1953038375394,1046.5793937391434
3.5859242019836985,5.276105972717309,341.4679466578215,12.841861858443055
1.43018680120658,2078.43872245376,75.12252607791736,20.608850463801797
3966.633816388389,1.2869258821328724,16.716839039207212,179.89790541879302

Iteration: ,20000
Error:,0.024612008312770654
Absolute Error:,0.036385362887759246
Transition Probabilities
0.00018818216033120066,0.00018818216033120066,0.05664249606701924,0.9429811396123184
0.927988358281084,0.07109210148903111,0.0004597701149425291,0.0004597701149425291
0.029493200852143932,0.022855939365866947,0.9037652172552395,0.043885642526749535
0.028300558293528878,0.019533349286037057,0.9072420690528719,0.044924023367562224

0.036383876556001477,0.02296706616960198,0.028521773084900566,0.9121272841894961
0.009294624634130777,0.013936793700827548,0.9433058859494855,0.033462695715556164
0.0005759319904849597,0.9544714282796464,0.03586981884372111,0.00908282088614752
0.9525093382530734,0.0002709612445916465,0.0037167722173674085,0.04350292828496745

Transition Gammas
1.0,1.0,300.99822410014013,5011.001775899858
2018.3746792613558,154.62532073864253,1.0,1.0
40.753297897921406,31.582021577908684,1248.8103042198306,60.64057517189772
48.55455081910538,33.512872457823136,1556.5322312786489,77.07500866149836

47.582087714220854,30.03585820049338,37.300190005921344,1192.8613592352276
3.873054755166868,5.8074389488046005,393.0740068552773,13.94385011374449
1.4325409629696944,2374.098750519904,89.22057756275066,22.592099750817386
4531.132844652584,1.2889757041635914,17.68086463182907,206.9455272240171

Iteration: ,22500
Error:,0.025563700151593993
Absolute Error:,0.0356956789192118
Transition Probabilities
0.0001671402306535181,0.0001671402306535181,0.057320711048919365,0.9423450084897737
0.9296329122018021,0.06955407966811657,0.00040650406504065073,0.00040650406504065073
0.030310706122471776,0.02281477198036563,0.903727698747438,0.04314682314972456
0.026005715572791216,0.019463702621781223,0.9120312163380916,0.04249936546733599

0.03886795602963783,0.02251771998821444,0.028908819739346014,0.9097055042428017
0.01468900331141013,0.013397861498246578,0.9410843522271991,0.030828782963144133
0.0005101088689877328,0.955089303405573,0.03547211266741178,0.008928475058027577
0.9534059067857663,0.00024143407141892381,0.0036603716663867183,0.04269228747642798

Transition Gammas
1.0,1.0,342.94981420568496,5638.050185794323
2286.8969640164314,171.10303598356663,1.0,1.0
46.39661739336983,34.922586171795786,1383.3365708194256,66.04486999836065
50.09412475037909,37.4924175614653,1756.821703275157,81.86540799362353

57.54072848675972,33.33558397037228,42.79706774974163,1346.7422208317664
6.86604502236186,6.262529751005859,439.88876544217317,14.410222894098428
1.4340279129852485,2684.965511764442,99.71988881230253,25.099901671993944
5097.562945820451,1.2908724055138698,19.570861520471713,228.26229747814565

Iteration: ,25000
Error:,0.024312733170356562
Absolute Error:,0.03501742456182693
Transition Probabilities
0.00015026296018031546,0.00015026296018031546,0.05709374510429924,0.94260572897534
0.9302542708023873,0.06900962319834887,0.0003680529996319473,0.0003680529996319473
0.032428227498403635,0.020926995497627915,0.904373831287806,0.042270945716162314
0.024840908668157156,0.019515867318777528,0.9134175587424334,0.042225665270631846

0.03717840506361167,0.021176428510267093,0.02800442871572375,0.9136407377103976
0.014904461299083918,0.013822857741375236,0.9396957122160363,0.03157696874350432
0.00046107006278354166,0.9554562858587281,0.035311881248653164,0.008770762829835136
0.9534949700380995,0.00021660432069287318,0.0033270422642550797,0.04296138337695263

Transition Gammas
1.0,1.0,379.95887366911165,6273.0411263308915
2527.500853770084,187.49914622991372,1.0,1.0
55.060770696454426,35.532515630629135,1535.5609599958295,71.77299003821474
53.12224026334934,41.73464853903259,1953.3418710434498,90.2995122179916

61.43985016572387,34.99549247714773,46.27922852868118,1509.8536350385104
7.7506737524896465,7.188214221943087,488.6640815691577,16.42077347931439
1.4355344095788296,2974.798161732983,109.9429884763547,27.30763252003696
5690.683579197577,1.2927458347272944,19.85657541511329,256.4037007065357

Iteration: ,27500
Error:,0.024868489716283127
Absolute Error:,0.03506502388049671
Transition Probabilities
0.00013693002875530584,0.00013693002875530584,0.05696131642727308,0.9427648235152163
0.9308425279124704,0.06848879940280889,0.0003343363423604148,0.0003343363423604148
0.03348982709674208,0.01991360841995134,0.9034555896949171,0.043140974788389415
0.025062767148823877,0.018560974725243103,0.9169314848353799,0.03944477329055314

0.03966809423761122,0.021415294715803137,0.027109838959615693,0.91180677208697
0.01491471184051057,0.012412697777670425,0.9398855194917973,0.03278707089002178
0.00041772163103413567,0.9557977161617937,0.03538025507889306,0.008404307128279115
0.9538378217019785,0.0001982574657997499,0.0031695295004165063,0.042794391331805286

Transition Gammas
1.0,1.0,415.98849386837594,6885.011506131635
2784.150000986197,204.84999901380127,1.0,1.0
63.25389789626588,37.61182015371942,1706.4013934527684,81.48249934308045
59.272783727081894,43.8962160131945,2168.5187940530336,93.28584918542995

72.1519544444096,38.95209483704406,49.30985224278478,1658.477472793383
8.637134786364056,7.188214221943087,544.2892898240907,18.98704806069503
1.4371916989975926,3288.46878287788,121.72749776428809,28.915429662300614
6227.74368086021,1.29445137498807,20.69431182996879,279.41070707110174

Iteration: ,30000
Error:,0.02581930299524194
Absolute Error:,0.03497084913022309
Transition Probabilities
0.00012462612163509465,0.00012462612163509465,0.05682105886242599,0.9429296888943038
0.9333279950113589,0.06605510184243508,0.000308451573103023,0.000308451573103023
0.03461954106959819,0.020301626630603854,0.902539808751676,0.04253902354812191
0.024903758173679177,0.018215836151156368,0.9168656697503218,0.04001473592484263

0.040168413598832234,0.022447284727739002,0.027419486453073492,0.9099648152203552
0.014432119430922282,0.01348373309386907,0.9405778339379105,0.031506313537298186
0.00038487690994543593,0.956344070974194,0.03492870033188023,0.008342351783980222
0.9535360016519953,0.0001804035026582089,0.003004421948104089,0.04327917289724247

Transition Gammas
1.0,1.0,455.93217631210644,7566.067823687898
3025.8493598268237,214.15064017317442,1.0,1.0
70.0478682804722,41.07754245617938,1826.1648678190795,86.07184919893375
63.81191789276821,46.67518182272739,2349.3223965948064,102.53139407832712

79.01838388985455,44.15778476133087,53.93898619572608,1790.0619579716977
9.130232185509412,8.530251877675495,595.0403926118177,19.93192748174257
1.438435344211358,3574.2313383031496,130.54219618388234,31.178627113855857
6849.049747745827,1.2958006433244396,21.580134730239923,310.8652507099456

Iteration: ,32500
Error:,0.02472462961331961
Absolute Error:,0.03451419614176005
Transition Probabilities
0.00011466574934067187,0.00011466574934067187,0.05720972844461507,0.9425609400567037
0.9335284793638806,0.0659020445541149,0.000284738041002278,0.000284738041002278
0.03265783797931507,0.019664564760050962,0.9056045368547543,0.042073060405879735
0.024896446193581064,0.017606641002226867,0.9191305284490039,0.03836638435518813

0.04024714327319267,0.02424318796362704,0.026264633344764133,0.9092450354184162
0.01346254721124366,0.013939426554037784,0.9405434308654022,0.032054595369316374
0.00035638747855723583,0.9567934015093259,0.03442369323057352,0.008426517781543267
0.9546143859550384,0.0001665699985321728,0.0027898899198253086,0.04242915412660396

Transition Gammas
1.0,1.0,498.9260417654883,8220.073958234518
3278.552019525948,231.4479804740515,1.0,1.0
72.1902586016545,43.468585281616186,2001.8418165888454,93.00263883932678
69.02009171004165,48.81066025370282,2548.0935260312513,106.36262485770067

85.20379444461842,51.323185596403896,55.602615208744815,1924.8851172297132
9.130232185509412,9.453649370672343,637.8718506691458,21.73926625787313
1.4393114804659783,3864.1192805131086,139.02401135803734,34.03145315998557
7432.607970165707,1.2969105817969822,21.722025520528046,330.3525211525976

Iteration: ,35000
Error:,0.024715220580566022
Absolute Error:,0.03388777436287142
Transition Probabilities
0.00010665529010238905,0.00010665529010238905,0.05672767568582266,0.9430590137339725
0.9338438757375259,0.0656286981021365,0.0002637130801687764,0.0002637130801687764
0.03169378171071225,0.018583835850162767,0.9091421659639473,0.04058021647517777
0.02516703837429389,0.01716612884284882,0.9203369164007782,0.037329916382079116

0.04105161917152046,0.023525764951657906,0.02587109589404739,0.9095515199827742
0.015499890886155275,0.01589945956696211,0.9359515480183034,0.03264910152857935
0.00032949765085859065,0.9563893113656091,0.03490183922377984,0.008379351759752445
0.9546689731824896,0.0001555031738200588,0.002674992148303014,0.04250053149538742

Transition Gammas
1.0,1.0,531.8786872302734,8842.121312769728
3541.135976796698,248.8640232033016,1.0,1.0
75.77687448096066,44.43221731777725,2173.674079805812,97.02351074155398
75.5804755532906,51.55251730679549,2763.912891787431,112.10746336382431

93.31606070925532,53.47734766046916,58.80861227365995,2067.537567818775
11.399977664233754,11.693855477308807,688.3807647797125,24.013009569993695
1.4406743188237257,4181.655062157836,152.60255518784757,36.6373382547926
7967.252103047043,1.2977618666271722,22.324321223255637,354.6909540889784

Iteration: ,37500
Error:,0.025408423111981233
Absolute Error:,0.03448440989975975
Transition Probabilities
9.946290033817388e-05,9.946290033817388e-05,0.056582362569383406,0.9432187116299402
0.9341627665602712,0.06534437981725463,0.00024642681123706266,0.00024642681123706266
0.032940946626058364,0.018776434375694838,0.907921790759071,0.04036082823917578
0.026051535580458775,0.01816693517565764,0.9178774961114239,0.037904033132459686

0.041153461106485816,0.02405891396394512,0.025589494973616757,0.9091981299559523
0.01435813759212134,0.015907118351686452,0.9360261241436112,0.033708619912581
0.00030741688281780413,0.9550277373151332,0.03633053674067896,0.008334309061369888
0.9552189149765263,0.00014549489737362826,0.002642112099799059,0.041993478026301004

Transition Gammas
1.0,1.0,568.8790732725806,9483.120926727417
3790.8325067015794,265.16749329841923,1.0,1.0
84.6606488217191,48.256813468355574,2333.4255920937862,103.73028876491189
84.10586544839795,58.65089221994805,2963.314041417452,122.37096353665811

99.71146201378535,58.292775900464115,62.00124819177383,2202.9125220726555
11.399977664233754,12.6298270056316,743.179736223709,26.763743670100432
1.4416059285676104,4478.523220456877,170.36903332484414,39.083049841821335
8526.757956551233,1.2987596396671819,23.584803457975426,374.854619469947

Iteration: ,40000
Error:,0.024717911627145945
Absolute Error:,0.034572607442891354
Transition Probabilities
9.325748391308416e-05,9.325748391308416e-05,0.056313813412940866,0.943499671619233
0.9345868881373446,0.06495175084766125,0.00023068050749711655,0.00023068050749711655
0.0327295582181329,0.019407686994003703,0.9058260463617999,0.04203670842606345
0.025774859005367166,0.01727741056800526,0.9200358133035292,0.03691191712309834

0.040868641621852816,0.02328155622564591,0.026914037573705054,0.9089357645787962
0.015207106826737033,0.016815093171145542,0.9336374339348149,0.03434036606730265
0.00028873581570462015,0.9562579921724758,0.035385713117822105,0.008067558893997545
0.9557598308446144,0.00013640879578930595,0.002549836206302378,0.0415539241532939

Transition Gammas
1.0,1.0,603.8530212269641,10117.146978773022
4051.434160075388,281.56583992461145,1.0,1.0
89.49853592154629,53.07005856940204,2476.9691179048414,114.948812752665
88.80816685055039,59.529914796017586,3170.0151686310937,127.18128521902689

106.04512501160303,60.4105113954447,69.83600055707308,2358.488145364142
12.721168987602784,14.066294411527185,781.0137526853313,28.726673969977735
1.4422136931776885,4776.436782378984,176.74897683489493,40.29685018135604
9107.242495970897,1.2998118792445414,24.296874493334528,395.95895507430674

Iteration: ,42500
Error:,0.025360505049775973
Absolute Error:,0.03527531447936755
Transition Probabilities
8.773469029654338e-05,8.773469029654338e-05,0.05710033816111316,0.9427241924582938
0.9335286873012796,0.06603813097898904,0.00021659085986571366,0.00021659085986571366
0.03350750182936426,0.019851429705049953,0.9042034130711764,0.04243765539440944
0.02664264853231494,0.016776663569231135,0.9196257547191845,0.03695493317926947

0.03993692412142872,0.02337122078810405,0.026663658059667434,0.9100281970307998
0.014820904600497104,0.0186848024228634,0.9312540334041985,0.03524025957244102
0.0002719981799237672,0.9563634590932912,0.035225988658658065,0.008138554068126995
0.9554535461031821,0.00012862611128560347,0.002464472119969157,0.04195335566556326

Transition Gammas
1.0,1.0,650.8296543603668,10745.170345639617
4310.101949270008,304.8980507299924,1.0,1.0
97.70506134285456,57.885101878156654,2636.581216661055,123.74463917581666
97.79250474633923,61.57916131092768,3375.509228151708,135.64400228269463

109.69098988673214,64.19153200967129,73.23455951874224,2499.4887801984155
13.094816786768726,16.508713268160573,822.7973445668334,31.136071316713696
1.4428964170378273,5073.318538007739,186.8668857873911,43.17341574881238
9661.518077289009,1.3006634435192526,24.920669388028426,424.2310950845554

Iteration: ,45000
Error:,0.0253246052707934
Absolute Error:,0.034887564771174155
Transition Probabilities
8.288437629506835e-05,8.288437629506835e-05,0.05609843185766255,0.9437357993897474
0.9336300162371585,0.06596056718147005,0.00020470829068577258,0.00020470829068577258
0.033078319642725416,0.019123509295315068,0.9061476780400995,0.04165049302185993
0.026744404627399434,0.016780226554033457,0.9187956262540866,0.03767974256448047

0.040194611246896356,0.02318910267373682,0.027108554555837192,0.9095077315235296
0.016842754563809157,0.01761088662474648,0.9307736490981996,0.03477270971324476
0.00025689792673599726,0.9563230161888221,0.03516272422904558,0.008257361655396415
0.9548452271439357,0.00012157370974092269,0.0024312959952837985,0.04260190315103951

Transition Gammas
1.0,1.0,676.827580362699,11386.172419637307
4560.7826293185235,322.21737068148144,1.0,1.0
102.23939381006802,59.10747640726049,2800.7465405091925,128.73450660248147
104.20078930578354,65.37864185126845,3579.7854093298242,146.8067422235742

116.55073226469644,67.24052835301266,78.60560871488119,2637.263772955521
15.788654578538633,16.508713268160573,872.521390770289,32.59646753993022
1.4436565899150602,5374.126766804249,197.5994870709658,46.402844587280164
10222.044865916136,1.301500892667964,26.028110147705476,456.0724115319841

Iteration: ,47412
Error:,0.025124388047609497
Absolute Error:,0.034836402409879084
Transition Probabilities
7.867201636377933e-05,7.867201636377933e-05,0.055598131547234315,0.9442445244200381
0.9335188106699944,0.06609071685831493,0.00019523623584537253,0.00019523623584537253
0.03315671770110686,0.019555277613638383,0.906555046022728,0.04073295866252674
0.026355538394639527,0.016478585534020825,0.9191788314883682,0.037987044582971356

0.04114853559790413,0.02277226496865601,0.02671771430314517,0.9093614851302947
0.017143497380334292,0.017926577246472283,0.9307107679245052,0.034219157448688205
0.0002445870413172125,0.9569500113542152,0.03486270635449754,0.007942695249969997
0.9545805805178469,0.00011512149993258238,0.0024105092353796436,0.042893788746841


Model Num 3
Model States: 
"['diamond', 'x', 'square']","['diamond', 'x', 'diamond']","['square', 'y', 'diamond', 'x', 'diamond']","['square', 'x', 'square', 'y', 'diamond', 'x', 'diamond']","['square', 'x', 'square', 'y', 'diamond', 'x', 'square']"
Iteration: ,0
Error:,0.5948215484338709
Absolute Error:,1
Transition Probabilities
0.2,0.2,0.2,0.2,0.2
0.2,0.2,0.2,0.2,0.2
0.2,0.2,0.2,0.2,0.2
0.2,0.2,0.2,0.2,0.2
0.2,0.2,0.2,0.2,0.2

0.2,0.2,0.2,0.2,0.2
0.2,0.2,0.2,0.2,0.2
0.2,0.2,0.2,0.2,0.2
0.2,0.2,0.2,0.2,0.2
0.2,0.2,0.2,0.2,0.2

Transition Gammas
1.0,1.0,1.0,1.0,1.0
1.0,1.0,1.0,1.0,1.0
1.0,1.0,1.0,1.0,1.0
1.0,1.0,1.0,1.0,1.0
1.0,1.0,1.0,1.0,1.0

1.0,1.0,1.0,1.0,1.0
1.0,1.0,1.0,1.0,1.0
1.0,1.0,1.0,1.0,1.0
1.0,1.0,1.0,1.0,1.0
1.0,1.0,1.0,1.0,1.0

Iteration: ,2500
Error:,0.28421816299769703
Absolute Error:,1
Transition Probabilities
0.0021834061135371182,0.0021834061135371182,0.42794759825327516,0.5310641996844856,0.03662138983516502
0.9310260981078545,0.060952511517813925,0.00267379679144385,0.00267379679144385,0.00267379679144385
0.2,0.2,0.2,0.2,0.2
0.02350642884313139,0.018363590502592547,0.638553266076091,0.29315551666717027,0.026421197911014677
0.037253799309426405,0.03686570681859608,0.8524576524633157,0.046783539769183216,0.026639301639478617

0.023348975832860407,0.03961878326117299,0.41471603733343626,0.49772533699017457,0.02459086658235583
0.053778093783348885,0.017024006919749434,0.38297817939990025,0.5327612883184754,0.013458431578526026
0.30528970525598126,0.6373332455636909,0.012295081967213123,0.022941420778621775,0.022140546434493008
0.2,0.2,0.2,0.2,0.2
0.2,0.2,0.2,0.2,0.2

Transition Gammas
1.0,1.0,196.0,243.22740345549437,16.772596544505575
348.2037606923376,22.796239307662407,1.0,1.0,1.0
1.0,1.0,1.0,1.0,1.0
13.479906805931744,10.5307143951631,366.18231441158304,168.1118416876377,15.151399130779723
1.3984525500554952,1.3838841317056993,32.0,1.7561849181455815,1.0

2.437850477424414,4.136569859834948,43.30021568594953,51.96715946315994,2.567515434818628
5.513455216640539,1.745340772730755,39.263813432629746,54.61992602670337,1.3797896982618434
223.47206424737814,466.52793575262143,9.0,16.793120009951128,16.206879990048872
1.0,1.0,1.0,1.0,1.0
1.0,1.0,1.0,1.0,1.0

Iteration: ,5000
Error:,0.28311642680173515
Absolute Error:,1
Transition Probabilities
0.0010695187165775401,0.0010695187165775401,0.41711229946524064,0.5440456650661462,0.0367029980354582
0.9219845747521129,0.07414445750595154,0.0012903225806451617,0.0012903225806451617,0.0012903225806451617
0.2,0.2,0.2,0.2,0.2
0.024361700872518273,0.014395542566079592,0.6360952230775846,0.30700289399767267,0.01814463948614488
0.021668493721082004,0.0214427615848532,0.9141827010813527,0.0272114215604858,0.015494622052226318

0.0252142168367864,0.052649835078249066,0.39677764422358747,0.5041524325809787,0.021205871280398338
0.04858408457540966,0.022443665687393862,0.40517386442142106,0.5075494640889117,0.0162489212268638
0.3107872726530261,0.6354937190825112,0.01170798898071626,0.023404588096733316,0.018606431187013262
0.2,0.2,0.2,0.2,0.2
0.2,0.2,0.2,0.2,0.2

Transition Gammas
1.0,1.0,390.0,508.6826968368467,34.31730316315342
714.5380454328873,57.46195456711243,1.0,1.0,1.0
1.0,1.0,1.0,1.0,1.0
28.260466784942572,16.699357514846035,737.8937955897534,356.134620242779,21.048447487564484
1.3984525500554952,1.3838841317056993,59.0,1.7561849181455815,1.0

5.271989664529322,11.008447661429692,82.96143612167215,105.41221371732236,4.4338927891859905
9.014003449822614,4.164064872290081,75.17356030458569,94.16772303596485,3.014728655996524
451.2631198921936,922.7368801078056,17.0,33.983461916456754,27.016538083543242
1.0,1.0,1.0,1.0,1.0
1.0,1.0,1.0,1.0,1.0

Iteration: ,7500
Error:,0.2802281670790531
Absolute Error:,1
Transition Probabilities
0.0007117437722419929,0.0007117437722419929,0.4213523131672598,0.5425147660187851,0.0347094332694711
0.9327755459537989,0.06460436670995665,0.0008733624454148477,0.0008733624454148477,0.0008733624454148477
0.2,0.2,0.2,0.2,0.2
0.029038995211664174,0.013981404027216674,0.6268638836645719,0.313575732306276,0.016539984790271165
0.015112112511390111,0.014954681658833563,0.9401490157379784,0.018977879566074145,0.01080631052572389

0.027435939237643113,0.05780985816901489,0.35645293549709733,0.5298910090053405,0.028410258090904153
0.03359079898201978,0.016618532633030796,0.40342131919222535,0.533711681459146,0.012657667733578008
0.31111415496631145,0.6341732013555275,0.01287356321839081,0.02465352755124056,0.017185552908529567
0.2,0.2,0.2,0.2,0.2
0.2,0.2,0.2,0.2,0.2

Transition Gammas
1.0,1.0,592.0,762.2332462563932,48.7667537436069
1068.028000117099,73.97199988290032,1.0,1.0,1.0
1.0,1.0,1.0,1.0,1.0
51.61511688153897,24.85112855223518,1114.2139178137245,557.362538070926,29.398856329085714
1.3984525500554952,1.3838841317056993,87.0,1.7561849181455815,1.0

8.418814481137547,17.739158367797124,109.37883734228392,162.5989203940945,8.717787649142858
9.367915265569575,4.63463240715611,112.50749756026862,148.84331304028152,3.5300130506381606
676.6732870517271,1379.3267129482717,28.0,53.6214224239482,37.378577576051796
1.0,1.0,1.0,1.0,1.0
1.0,1.0,1.0,1.0,1.0

Iteration: ,10000
Error:,0.2799119296256792
Absolute Error:,1
Transition Probabilities
0.0005414185165132648,0.0005414185165132648,0.41905793178126693,0.5494401375838914,0.03041909360181504
0.9377484270340072,0.06031608909502513,0.0006451612903225811,0.0006451612903225811,0.0006451612903225811
0.2,0.2,0.2,0.2,0.2
0.02738726859887446,0.013731304725040297,0.6208461898319975,0.3223947571709863,0.01564047967310137
0.013004200999325507,0.012868729373594987,0.9484973243307859,0.01633075192050161,0.00929899337579202

0.027396398193675363,0.05130520270262399,0.35151105253408105,0.5491371839608767,0.020650162608742882
0.03715116596938875,0.018509797213745308,0.4153409234029918,0.5169908660937278,0.01200724732014634
0.3003080923437191,0.6436365443344817,0.016262975778546723,0.024316698195368157,0.015475689347884463
0.2,0.2,0.2,0.2,0.2
0.2,0.2,0.2,0.2,0.2

Transition Gammas
1.0,1.0,774.0,1014.8159341174476,56.18406588255238
1453.51006190271,93.48993809728888,1.0,1.0,1.0
1.0,1.0,1.0,1.0,1.0
65.74795054210108,32.96440974685483,1490.4503687893737,773.9652632019619,37.54771967453766
1.3984525500554952,1.3838841317056993,102.0,1.7561849181455815,1.0

11.641446974811467,21.800924069370335,149.3662506365658,233.34276877511752,8.774794822715496
13.615960718650943,6.783869770876464,152.22310122280106,189.47796498321705,4.400675014747842
867.8903868733476,1860.1096131266509,47.0,70.27525778461393,44.72474221538607
1.0,1.0,1.0,1.0,1.0
1.0,1.0,1.0,1.0,1.0

Iteration: ,12500
Error:,0.2773695768686152
Absolute Error:,1
Transition Probabilities
0.0004332755632582322,0.0004332755632582322,0.4168110918544194,0.5530797705842956,0.029242586434768483
0.9424667397983871,0.05597643612273374,0.0005189413596263626,0.0005189413596263626,0.0005189413596263626
0.2,0.2,0.2,0.2,0.2
0.027432024975567685,0.012383027125606452,0.6202333517664806,0.32464458543766556,0.01530701069467961
0.010795650072144267,0.010683186087146877,0.9572442117487409,0.013557240706897533,0.007719711385070491

0.030511866419311962,0.04665765551187267,0.36067150475656057,0.541886042159851,0.020272931152403775
0.031928960919848544,0.015972459819540378,0.4214819562999022,0.5198683860497303,0.010748236910978518
