0,1,2,3,4,5,6,7,8,9,10,11,12,13,14,15,16,17,18,19,20,21,22,23,24,25,26,27,28,29
github Code Version (SHA):,ddb97f21bb9c22f159e8ea0ce9d830001061547e
Environment Observations,Environment Actions,alpha,epsilon,numActions,explore,patience,gainThresh,insertRandActions,useBudd,revisedSplitting,haveControl,confidence_factor
"['diamond', 'square']","['x', 'y']",0.99,0.99,75000,0.5,0,0.01,False,True,False,False,250

Model Num 0
Model States: 
['diamond'],['square']
Iteration: ,0
Error:,0.6755957550940749
Absolute Error:,1
Transition Probabilities
0.5,0.5
0.5,0.5

0.5,0.5
0.5,0.5

Transition Gammas
1.0,1.0
1.0,1.0

1.0,1.0
1.0,1.0

Iteration: ,2500
Error:,0.1406228864288132
Absolute Error:,1
Transition Probabilities
0.4752851711026616,0.5247148288973384
0.008426966292134831,0.9915730337078652

0.02610441767068273,0.9738955823293173
0.9792207792207792,0.02077922077922078

Transition Gammas
250.0,276.0
6.0,706.0

13.0,485.0
754.0,16.0

Iteration: ,2505
Error:,0.13860004726546873
Absolute Error:,1
Transition Probabilities
0.476280834914611,0.523719165085389
0.008426966292134831,0.9915730337078652

0.026,0.974
0.9792746113989638,0.02072538860103627


Model Num 1
Model States: 
['square'],"['diamond', 'x', 'square']","['diamond', 'x', 'diamond']"
Iteration: ,0
Error:,0.7247111759031808
Absolute Error:,1
Transition Probabilities
0.3333333333333333,0.3333333333333333,0.3333333333333333
0.3333333333333333,0.3333333333333333,0.3333333333333333
0.3333333333333333,0.3333333333333333,0.3333333333333333

0.3333333333333333,0.3333333333333333,0.3333333333333333
0.3333333333333333,0.3333333333333333,0.3333333333333333
0.3333333333333333,0.3333333333333333,0.3333333333333333

Transition Gammas
1.0,1.0,1.0
1.0,1.0,1.0
1.0,1.0,1.0

1.0,1.0,1.0
1.0,1.0,1.0
1.0,1.0,1.0

Iteration: ,2500
Error:,0.10724634540346728
Absolute Error:,1
Transition Probabilities
0.9850543478260869,0.012228260869565218,0.002717391304347826
0.9958677685950413,0.002066115702479339,0.002066115702479339
0.0029585798816568047,0.976806092332843,0.020235327785500166

0.02361111111111111,0.3611058169459921,0.6152830719428968
0.9636694840548967,0.02410613717954707,0.01222437876555622
0.973749156121916,0.016113200129648016,0.010137643748435893

Transition Gammas
725.0,9.0,2.0
482.0,1.0,1.0
1.0,330.1604592085009,6.839540791499056

17.0,259.9961882011143,443.0038117988857
78.83177562938094,1.97197237110071,1.0
96.05280874780719,1.589442332902463,1.0

Iteration: ,5000
Error:,0.11621314215955945
Absolute Error:,1
Transition Probabilities
0.9770034843205575,0.020863850277330967,0.0021326654021115417
0.9979633401221996,0.0010183299389002036,0.0010183299389002036
0.001503759398496241,0.9746181793713289,0.023878061230174913

0.02348066298342541,0.364294907828061,0.6122244291885136
0.9305113061254723,0.04279481036714618,0.026693883507381562
0.9790338008119472,0.014014273127626126,0.006951926060426634

Transition Gammas
1402.0,29.939625147969938,3.0603748520300624
980.0,1.0,1.0
1.0,648.1210892819336,15.878910718066315

34.0,527.4990265350324,886.5009734649678
138.76318557699906,6.381807693917529,3.980745087697096
205.09358690051124,2.9357898993523834,1.4563291383990788

Iteration: ,7500
Error:,0.11751774092660212
Absolute Error:,1
Transition Probabilities
0.9773584905660377,0.019265671740896176,0.0033758376930660893
0.9986273164035689,0.0006863417982155113,0.0006863417982155113
0.0010214504596527069,0.9755626364701236,0.023415913070223626

0.02234382124943,0.37270132420118335,0.6049548545493867
0.9313164631805807,0.03703258524606618,0.03165095157335312
0.9807122933374575,0.014095547341726234,0.005192159320816245

Transition Gammas
2072.0,40.84322409069989,7.1567759093001095
1455.0,1.0,1.0
1.0,955.0758211042511,22.92417889574893

49.0,817.3340039731953,1326.6659960268053
217.0362537845297,8.63016373866464,7.3760147380366465
324.28661866782835,4.660895368370633,1.7168621227355005

Iteration: ,10000
Error:,0.1138081081156646
Absolute Error:,1
Transition Probabilities
0.9773531493276716,0.019370281094650322,0.003276569577678059
0.9989621172807472,0.0005189413596263622,0.0005189413596263622
0.0007763975155279501,0.9759558151296636,0.023267787354808486

0.022510231923601628,0.37598233071478815,0.6015074373616103
0.942734456558138,0.0276141043946752,0.029651439047186857
0.982028226909872,0.013597594340265277,0.00437417874986272

Transition Gammas
2762.0,54.740414373481805,9.259585626518195
1925.0,1.0,1.0
1.0,1257.0310898870068,29.968910112993335

66.0,1102.3801936557593,1763.619806344242
294.6303311486939,8.63016373866464,9.266886602833338
442.9335328122134,6.133052323590508,1.9729274513069794

Iteration: ,12500
Error:,0.11233331409118495
Absolute Error:,1
Transition Probabilities
0.9787114845938375,0.01808926614102221,0.003199249265140254
0.999165623696287,0.00041718815185648727,0.00041718815185648727
0.0006195786864931845,0.9807893502958069,0.01859107101769988

0.023045267489711915,0.3741918136197392,0.6027629188905489
0.9383070178365682,0.02893792449541113,0.03275505766802062
0.9834827002016953,0.012450413123094271,0.00406688667521048

Transition Gammas
3494.0,64.57868012344929,11.421319876550706
2395.0,1.0,1.0
1.0,1582.9940113774326,30.00598862256761

84.0,1363.9291606439506,2197.0708393560526
374.12854876296564,11.538338187689194,13.060333086113909
540.021091427018,6.836404628237757,2.233089184595475

Iteration: ,15000
Error:,0.11171732311101576
Absolute Error:,1
Transition Probabilities
0.9791617888082417,0.01791810055845045,0.0029201106333079183
0.9993093922651933,0.0003453038674033149,0.0003453038674033149
0.0005181347150259067,0.9818488946454687,0.017632970639505485

0.021674652064795793,0.37856158738596457,0.5997637605492397
0.9374253611683007,0.03072399776268392,0.031850641069015466
0.985639522764222,0.010955776388630802,0.0034047008471472574

Transition Gammas
4182.0,76.52820748514186,12.47179251485812
2894.0,1.0,1.0
1.0,1894.9683666657545,34.03163333424558

95.0,1659.2354375126833,2628.764562487319
442.652721801522,14.507887025081478,15.039888554702554
646.4653010671492,7.185719644883609,2.233089184595475

Iteration: ,17500
Error:,0.11245143543469756
Absolute Error:,1
Transition Probabilities
0.9790419161676647,0.018050290558781747,0.0029077932735535805
0.9994051160023796,0.000297441998810232,0.000297441998810232
0.00044404973357016004,0.9826568538095359,0.016899096456894004

0.022348559106057625,0.376771567337909,0.6008798735560333
0.9393754754034233,0.027126656784111997,0.03349786781246473
0.9867053562955116,0.010369781783841016,0.0029248619206474437

Transition Gammas
4905.0,90.43195569949656,14.568044300503438
3360.0,1.0,1.0
1.0,2212.943234779074,38.056765220925286

114.0,1921.911764990675,3065.088235009328
519.0602763278465,14.989075545287026,18.509544882108443
753.3350699297933,7.917176323655177,2.233089184595475

Iteration: ,20000
Error:,0.11313384024095588
Absolute Error:,1
Transition Probabilities
0.9782457361642882,0.019189752675534896,0.002564511160176902
0.9994780793319415,0.00026096033402922753,0.00026096033402922753
0.0003897116134060797,0.9816528559227446,0.017957432463849267

0.02200446965789924,0.3762655132532861,0.6017300170888146
0.9309892489809303,0.030765701711266722,0.03824504930780284
0.9876730155399669,0.00978981981497036,0.0025371646450627625

Transition Gammas
5621.0,110.26431887362351,14.735681126376479
3830.0,1.0,1.0
1.0,2518.9212282977614,46.07877170223719

128.0,2188.7364905943673,3500.2635094056377
584.7141699544235,19.322609534814493,24.0200649850211
869.3018536306063,8.6165242726721,2.233089184595475

Iteration: ,22500
Error:,0.11291790445431416
Absolute Error:,1
Transition Probabilities
0.9788840937114673,0.018831915804836216,0.002283990483696454
0.9995346672871103,0.00023266635644485808,0.00023266635644485808
0.00034843205574912914,0.9818451407378279,0.017806427206422955

0.02140672782874616,0.3779788093952549,0.6006144627759988
0.9335328947616844,0.030870769220100548,0.03559633601821502
0.9882884524839445,0.009423715484461312,0.0022878320315942433

Transition Gammas
6351.0,122.18146974177738,14.818530258222594
4296.0,1.0,1.0
1.0,2817.8955539175645,51.104446082433846

140.0,2471.9814134449693,3928.0185865550357
661.6928782395115,21.88135871091154,25.230864564966826
981.9039554785845,9.362836817773779,2.273052281089451

Iteration: ,23568
Error:,0.11379257626717529
Absolute Error:,1
Transition Probabilities
0.9784882864299397,0.019176761061283507,0.002334952508776903
0.9995552590615966,0.00022237046920169,0.00022237046920169
0.00033311125916055963,0.9813064529045209,0.01836043583631853

0.021583782995479056,0.3789206280006485,0.5994955890038723
0.93464906584159,0.03174956321566329,0.03360137094274664
0.9888371855798538,0.008982176519122434,0.002180637901023884


Model Num 2
Model States: 
"['diamond', 'x', 'square']","['diamond', 'x', 'diamond']","['square', 'y', 'diamond', 'x', 'diamond']","['square', 'y', 'diamond', 'x', 'square']"
Iteration: ,0
Error:,0.6745843682016918
Absolute Error:,0.74
Transition Probabilities
0.25,0.25,0.25,0.25
0.25,0.25,0.25,0.25
0.25,0.25,0.25,0.25
0.25,0.25,0.25,0.25

0.25,0.25,0.25,0.25
0.25,0.25,0.25,0.25
0.25,0.25,0.25,0.25
0.25,0.25,0.25,0.25

Transition Gammas
1.0,1.0,1.0,1.0
1.0,1.0,1.0,1.0
1.0,1.0,1.0,1.0
1.0,1.0,1.0,1.0

1.0,1.0,1.0,1.0
1.0,1.0,1.0,1.0
1.0,1.0,1.0,1.0
1.0,1.0,1.0,1.0

Iteration: ,2500
Error:,0.031554352713391395
Absolute Error:,0.03836951875518154
Transition Probabilities
0.0014306151645207433,0.0014306151645207433,0.025164176954864927,0.9719745927160937
0.9443081114515162,0.04742742573856648,0.004132231404958677,0.004132231404958677
0.00993466656407145,0.009767048353095031,0.9566105143631869,0.02368777071964661
0.012086905891898153,0.006637944460060097,0.9450277095768769,0.03624744007116488

0.016209720383274305,0.00888605877173216,0.04165256755744549,0.933251653287548
0.04297446912510229,0.017272347990713362,0.9084773018490616,0.03127588103512274
0.0037435925504284207,0.979830065783834,0.00821317083286878,0.00821317083286878
0.9788387843350438,0.001863886266345024,0.00964866469930552,0.00964866469930552

Transition Gammas
1.0,1.0,17.589759691450592,679.4102403085498
228.52256297126698,11.47743702873309,1.0,1.0
1.4534952476870593,1.4289718002710057,139.95727260166208,3.4656484892832484
2.3129856344764175,1.2702564507317582,180.8432642715149,6.936416062223748

2.7148449420690888,1.4882595838147763,6.976077297064399,156.30334581339213
2.4880502146093812,1.0,52.59720926984061,1.8107486632355088
1.0837340061166159,283.65137183102354,2.3776338930384924,2.3776338930384924
628.0498505295731,1.1959206252512269,6.1908482981959505,6.1908482981959505

Iteration: ,5000
Error:,0.02834324152162393
Absolute Error:,0.03129073066168263
Transition Probabilities
0.0007293946024799414,0.0007293946024799414,0.025386592499958664,0.9731546182950813
0.9544758622568987,0.04149999287388593,0.0020120724346076456,0.0020120724346076456
0.00900024061655081,0.005842734732422984,0.9714821588458032,0.013674865805222796
0.009062615245875495,0.004046216908183393,0.9623622541991685,0.024528913646772534

0.021483175332743628,0.005180283225572669,0.030509440254064123,0.9428271011876196
0.04615515529039334,0.008457875592987354,0.9256797403742396,0.019707228742379703
0.0017963550689377864,0.9761010246051987,0.010176406449982734,0.011926213875880868
0.9753390475023193,0.0009730582970967956,0.01106919932035398,0.012618694880229823

Transition Gammas
1.0,1.0,34.80501831744334,1334.194981682557
474.3745035416788,20.62549645832131,1.0,1.0
2.927156831026027,1.9002381839030484,315.9560681362314,4.447489635056265
3.776724838369116,1.686207290497087,401.051719656424,10.222099792897874

7.053929078283656,1.7009287459902414,10.01767310637203,309.57413891812615
5.457062448241942,1.0,109.44589219800595,2.3300447642809363
1.088709422366586,591.5814757589905,6.167572201903036,7.228070688446008
1205.0955554185712,1.202277538254433,13.676723942469994,15.591227639547444

Iteration: ,7500
Error:,0.02654299493824969
Absolute Error:,0.027456054642040345
Transition Probabilities
0.00048756704046806445,0.00048756704046806445,0.025828266024345625,0.9731965998947183
0.9611734438944917,0.03612385340280568,0.001351351351351351,0.001351351351351351
0.010782660431171626,0.00440641937140961,0.9722738508847215,0.012537069312697229
0.01468829690996526,0.006446985346670763,0.9595691051189421,0.019295612624421966

0.019565125181294437,0.004449211450092202,0.02312293249152764,0.9528627308770857
0.030075709725972264,0.010932968469038714,0.9444735190662131,0.014517802738775851
0.0012015051192797018,0.9775657524753499,0.008752687912827148,0.01248005449254316
0.9737064667870297,0.0006507519622066485,0.011305378290482424,0.0143374029602812

Transition Gammas
1.0,1.0,52.97377361593286,1996.0262263840668
711.268348481924,26.731651518076212,1.0,1.0
5.502420571115319,2.2486076371386523,496.1539568101092,6.3977001342133635
9.338731859655766,4.098954958817655,610.0883328029644,12.268035802368026

9.606500403583496,2.184568265977804,11.35338814618297,467.8567667679387
5.457062448241942,1.983723483960964,171.36922191413174,2.6341707935936864
1.0908626015228315,887.5450489500882,7.946682668008976,11.330808743489909
1802.9056796583047,1.204926175115736,20.932931459162788,26.54699964552509

Iteration: ,10000
Error:,0.022689633790218072
Absolute Error:,0.02426250559905616
Transition Probabilities
0.00036363636363636416,0.00036363636363636416,0.0236922013131534,0.9755805259595738
0.9681076717247614,0.029821934900497407,0.0010351966873705996,0.0010351966873705996
0.01167938299749591,0.003790673573810978,0.9738312051824659,0.010698738246227179
0.013375464336435546,0.004863142131417902,0.9616972898123681,0.02006410371977847

0.017097863483271386,0.004556901949494829,0.02143004574665822,0.9569151888205756
0.02428606182602008,0.00882834521945496,0.949362911734806,0.017522681219718884
0.0009269811665403288,0.9810464451671296,0.007847448149131166,0.010179125517198965
0.9751551752440313,0.0004788942932847018,0.010295253113564086,0.014070677349119919

Transition Gammas
1.0,1.0,65.15355361117174,2682.846446388824
935.1920108861202,28.807989113880517,1.0,1.0
8.057523277832939,2.6151587430771577,671.8392235377647,7.3809834373014125
11.273663073535593,4.098954958817655,810.5775583837576,16.911259266946246

11.513338032920691,3.068520963378925,14.430537533747025,644.3663589024894
5.457062448241942,1.983723483960964,213.32123472694957,3.937335182692834
1.0918428432518812,1155.523519481157,9.243100516698924,11.98946186576356
2458.605237907152,1.2074099053814342,25.956856788720106,35.47562676144398

Iteration: ,12500
Error:,0.02402757157034061
Absolute Error:,0.023731168242462852
Transition Probabilities
0.0002884338044418811,0.0002884338044418811,0.021431168775140827,0.9779919636159754
0.9690055287860722,0.029312385427552722,0.0008410428931875524,0.0008410428931875524
0.01285759187909053,0.004373207976783981,0.9728766044459501,0.009892595698175223
0.016099887348547663,0.0040662932522010364,0.9594674495200818,0.020366369879169458

0.020795921495655414,0.005473956144159932,0.017676646354301405,0.9560534760058833
0.01983822795945462,0.007211491357592828,0.9570826748254933,0.015867605857459163
0.0007522408575895227,0.9778869175304102,0.007985700620043595,0.013375140991956688
0.9763957335370926,0.00037911154048961466,0.00955316280183708,0.013671992120580538

Transition Gammas
1.0,1.0,74.30186214341312,3390.698137856581
1152.14757372664,34.852426273360194,1.0,1.0
10.874860965512907,3.6988286117665883,822.8522035417385,8.367088006630388
17.091279967004237,4.316685880884586,1018.5491639762622,21.620482304048398

17.54627040464488,4.61857459447821,14.914425256156575,806.6568636934161
5.457062448241942,1.983723483960964,263.2725027319797,4.364831185790284
1.0927213498932336,1420.4997000440064,11.60020154892848,19.429019272599
3114.1416437579437,1.2091480895671942,30.46910293537245,43.60580300939309

Iteration: ,15000
Error:,0.024501584976834384
Absolute Error:,0.0244826016677563
Transition Probabilities
0.00024084778420038562,0.00024084778420038562,0.02323372797379563,0.9762845764578036
0.9735911177914685,0.02501515398553506,0.0006968641114982574,0.0006968641114982574
0.014534005328320497,0.003714994238827623,0.9697007170800396,0.012050283352812306
0.016200657614302033,0.0034368120958392146,0.9589382378742488,0.02142429241561003

0.02417206647713963,0.0072182447525171115,0.016909141918622025,0.9517005468517212
0.021836167705579102,0.006649049197268309,0.9582616556845668,0.013253127412585835
0.0006221902266965651,0.9772657808894468,0.008059463134307705,0.01405256574954893
0.9755809528108379,0.0003179871997225947,0.00929765026056343,0.014803409728876104

Transition Gammas
1.0,1.0,96.46643854719935,4053.533561452796
1397.103254030758,35.896745969242836,1.0,1.0
14.72863848133612,3.7647438450651385,982.6865323307767,12.211655568571674
20.884625834325615,4.430470440972821,1236.188479074529,27.618528921331837

24.510245450571635,7.319231509387724,17.145709042953893,965.0153006504241
7.206104416038078,2.1942377173924945,316.2337660094182,4.373634662539669
1.0934560107322606,1717.4765792611274,14.163945413082905,24.696406059988345
3713.7301029570676,1.2104773392329622,35.39323267837117,56.3519287437281

Iteration: ,17500
Error:,0.02561616364943278
Absolute Error:,0.024025803199491633
Transition Probabilities
0.00020580366330520702,0.00020580366330520702,0.020911906791452682,0.9786764858819368
0.9757402123427337,0.023044720828590732,0.0006075334143377882,0.0006075334143377882
0.01543052082237503,0.00403483016588817,0.9687533071372789,0.011781341874457734
0.016418980521214273,0.002992180027730157,0.9586850110088615,0.021903828442194104

0.024553761310661542,0.007000592733900108,0.016394343919750514,0.9520513020356878
0.02379984893354962,0.005701466056053677,0.95669905181043,0.013799633199966735
0.0005404842046003186,0.978325837763477,0.007350700317571678,0.01378297771435104
0.9767656357759706,0.00027072559340741975,0.008497582953828537,0.014466055676793595

Transition Gammas
1.0,1.0,101.61095509966849,4755.389044900327
1606.0683895161405,37.93161048386037,1.0,1.0
18.541393773103454,4.848272833723709,1164.0589934322027,14.156521441137684
24.65695758217189,4.493461450096666,1439.6908273669915,32.89374563107212

29.08699715935533,8.293076502146294,19.421148108017903,1127.8236832027953
9.159490854600374,2.1942377173924945,368.19041331433976,5.310857831276304
1.0941165894404172,1980.451084165843,14.880218687255555,27.901249362709216
4370.6388035331065,1.21138965204892,38.023313304567175,64.72986145221621

Iteration: ,20000
Error:,0.025416587657125508
Absolute Error:,0.024236530719606162
Transition Probabilities
0.0001798884691491278,0.0001798884691491278,0.020459273198392792,0.979180949863309
0.9770139530006393,0.02191595604162937,0.0005350454788657033,0.0005350454788657033
0.015255152623149781,0.004212995166448077,0.969069701423031,0.011462150787371195
0.01837182210115489,0.0026833227390007566,0.9540243082822477,0.024920546877596678

0.025475405641075533,0.007663130933963153,0.01471084714451,0.9521506162804514
0.025360552925527965,0.005124116696356497,0.9573285213250722,0.012186809053043361
0.0004763331162546136,0.9787815323972545,0.006928814676329539,0.01381331981016122
0.9770650519782188,0.00023692927497512574,0.008184631634345518,0.014513387112460443

Transition Gammas
1.0,1.0,113.73309970986537,5443.266900290127
1826.0390781581957,40.960921841805316,1.0,1.0
21.411262976051525,5.913119957172131,1360.1310148680855,16.087621726388747
31.701403644488707,4.630193825584161,1646.211764787798,43.001522182083015

34.41941643451116,10.353534641387036,19.875592212550625,1286.4355932881506
11.076886513112385,2.238092335453433,418.13833545440144,5.322908425298918
1.0947024094348532,2249.4226524718024,15.923709399728416,31.74558720035501
4998.55257537365,1.2121029558989154,41.87163531385262,74.2488213875867

Iteration: ,22500
Error:,0.024932034841196382
Absolute Error:,0.023556335934685157
Transition Probabilities
0.0001594642002870357,0.0001594642002870357,0.021186160117599658,0.9784949114818262
0.9780570534109159,0.020988748115801672,0.0004770992366412211,0.0004770992366412211
0.01497142244277689,0.005052538203651526,0.9690653795741108,0.010910659779460864
0.01675905618427193,0.002888401096147201,0.9549580599257956,0.02539448279378529

0.024468236386179676,0.006861232555736677,0.014414143545384285,0.9542563875126993
0.02611141316056104,0.004558542810790373,0.957661620566812,0.011668423461836622
0.0004238610167149354,0.979988406704045,0.0063874950193094655,0.01320023725993066
0.9776055798722902,0.00020985782063847398,0.007675861012679604,0.01450870129439182

Transition Gammas
1.0,1.0,132.85841009746733,6136.141589902526
2050.007583949281,43.99241605072033,1.0,1.0
23.384053743225685,7.8916232138577,1513.5954518198284,17.04149726802054
32.40850737692319,5.585563244298311,1846.6890372264675,49.1076152443422

37.133489033176296,10.412744909004868,21.875194959595802,1448.198739838717
13.008165405109267,2.2709716446368997,477.0871911779139,5.812966976359818
1.0953005189841194,2532.3909681065475,16.505944953091536,34.11077252060511
5649.468716838387,1.2127438888348194,44.357906254583554,83.84409394975724

Iteration: ,25000
Error:,0.025214900336125685
Absolute Error:,0.02396277845659421
Transition Probabilities
0.00014310246136233553,0.00014310246136233553,0.021893402144258032,0.9778203929330173
0.9776463650345951,0.02149415924559395,0.0004297378599054575,0.0004297378599054575
0.015171529810792745,0.004627595451754297,0.9686955081122758,0.011505366625177225
0.01642261514136153,0.0026134888346832385,0.9552455881361833,0.025718307887771935

0.024447270570662264,0.006843786670435899,0.014359716210550936,0.954349226548351
0.02809023449737563,0.005728857988284485,0.9553800324755183,0.010800875038821777
0.0003804173994341332,0.9806862248254609,0.005981088300421067,0.012952269474683954
0.9774791896200149,0.00018899111851025335,0.007435864078704214,0.014895955182770555

Transition Gammas
1.0,1.0,152.99109418407502,6833.00890581592
2274.983091435504,50.01690856449714,1.0,1.0
26.20189595524593,7.992059868845865,1672.9795368306168,19.87027168647145
35.278934478516064,5.614276445345674,2052.0511638777903,55.2478695421579

40.646953984559474,11.378737805077344,23.875005692538753,1586.737013630553
15.936886574479853,3.250245560218535,542.0311893269422,6.127834939039582
1.095978303822899,2825.346124718428,17.231448982778314,37.3153445416449
6275.945189750389,1.2134252204193254,47.74227000630342,95.64009062166126

Iteration: ,27500
Error:,0.024020183567035763
Absolute Error:,0.02341585686260961
Transition Probabilities
0.0001292657704239918,0.0001292657704239918,0.021991387352644803,0.9777500811065072
0.9795518497264104,0.019662295656693755,0.0003929273084479372,0.0003929273084479372
0.01624628510036246,0.004224471319286541,0.9681237816692623,0.011405461911088734
0.01567625243776137,0.0032129810482590337,0.9567632451710267,0.024347521342952823

0.025100915990830044,0.007312808874199714,0.013730387144559195,0.953855887990411
0.02867461352537816,0.005346937233372327,0.9548614802286253,0.01111696901262436
0.0003476340140870213,0.981424755377194,0.005624581016100576,0.012603029592618385
0.9788990566904961,0.00017133925243352299,0.0068205178293451515,0.014109086227725278

Transition Gammas
1.0,1.0,170.1253725600601,7563.8746274399355
2492.959457553714,50.0405424462856,1.0,1.0
31.01283670297791,8.064172109014892,1848.0695472042662,21.77209901128337
36.90376749117378,7.563740506811563,2252.334764579398,57.3169684651387

45.22616653689666,13.176025612685834,24.739048401371296,1718.632310399093
17.837494436743654,3.3261464211011917,593.9866051329559,6.915485460358039
1.0964043717361782,3095.319642848027,17.739389603266158,39.748747770717955
6934.882224937462,1.2138305048045384,48.319065726252575,99.95397443895803

Iteration: ,30000
Error:,0.025124101495863395
Absolute Error:,0.023904724048572044
Transition Probabilities
0.00011870845204178538,0.00011870845204178538,0.02223011250517928,0.9775324705907372
0.9784703299341541,0.02081282418770975,0.00035842293906810047,0.00035842293906810047
0.01765448375800906,0.0039203326872147845,0.9679690724076092,0.010456111147166878
0.01664704598810429,0.002966238781019275,0.956078768246497,0.02430794698437956

0.02531318486854388,0.007676622410165261,0.013405223474997204,0.9536049692462937
0.029244876911948776,0.004908674583729985,0.9532746451776034,0.012571803326717779
0.00031776218729880534,0.9818933203486586,0.005322647482100022,0.012466269981942654
0.9788760112118837,0.00015769003078233964,0.006585131358269399,0.01438116739906464

Transition Gammas
1.0,1.0,187.26646774363024,8234.73353225637
2729.932220516289,58.06777948371019,1.0,1.0
36.777300984826056,8.166721676749246,2016.4446838490933,21.781863013451122
43.04563251021048,7.670046961877265,2472.2113063279885,62.85505270514584

49.83733386857518,15.113957252918372,26.392593479475817,1877.4851713787425
19.81649853071092,3.3261464211011917,645.9444388294794,8.51872698600763
1.0968468168813688,3389.28483623751,18.372635831063185,43.030886287359614
7537.80531875035,1.2142873450064948,50.70860620598911,110.74174754400454

Iteration: ,32500
Error:,0.024358180840011182
Absolute Error:,0.023496477169699388
Transition Probabilities
0.00010944511327569204,0.00010944511327569204,0.02182551847902914,0.9779555912944194
0.9791646467320826,0.020174851286411454,0.0003302509907529726,0.0003302509907529726
0.016731268158282346,0.004049732986641101,0.9682926965147195,0.010926302340357198
0.01721137289010675,0.0029688731671344277,0.9547720394115724,0.02504771453118649

0.02478862390411873,0.0071575194790966445,0.012823591435062764,0.9552302651817217
0.02735219920619585,0.004590993679228525,0.9550133010612286,0.013043506053347045
0.000293709398229256,0.9824888588940959,0.005036500893877071,0.012180930813797723
0.9781565294577171,0.00014561265475992454,0.006400140122289657,0.015297717765233339

Transition Gammas
1.0,1.0,199.4197623428896,8935.580237657126
2964.910550304743,61.08944969525382,1.0,1.0
37.752659073371795,9.137872116834501,2184.8686966779755,24.65425592882477
48.53316977572813,8.371721790186905,2692.2961800749545,70.6303320251001

52.55485513846106,15.174799570545604,27.18755154910214,2025.2027060750986
19.81649853071092,3.3261464211011917,691.9012081852017,9.44993916551033
1.097201557638989,3670.2547240253,18.81470820861748,45.50394486171521
8159.733315519233,1.2146935530496985,53.38965186767249,127.61280382147747

Iteration: ,35000
Error:,0.023884211298439602
Absolute Error:,0.02351155329509807
Transition Probabilities
0.00010151253679829458,0.00010151253679829458,0.021983009474928844,0.9778139654514746
0.9802611284141246,0.019123108039077387,0.00030788177339901505,0.00030788177339901505
0.01565933717801239,0.004201034671680178,0.9687373803862999,0.011402247764007499
0.016560815321969676,0.003093525895656811,0.9543977711337467,0.025947887648626915

0.02509062814178896,0.006669231251168666,0.012908741862409505,0.9553313987446329
0.026716823144478073,0.004271424072087059,0.9552653401899651,0.013746412593469745
0.000273193271621714,0.9815274852846954,0.005209225904493812,0.012990095539189232
0.9775861906987356,0.00013473888120095622,0.006289188916957806,0.01598988150310568

Transition Gammas
1.0,1.0,216.55462633752407,9632.445373662478
3183.888145089074,62.1118549109233,1.0,1.0
37.752659073371795,10.128157272074718,2335.501920522369,27.48936098707398
50.193063683007274,9.375960015673119,2892.6201502824815,78.64371118608344

57.36036140829473,15.246709357801379,29.51102277590882,2184.008865262979
20.80431822864626,3.3261464211011917,743.8625476777772,10.704294464588072
1.0975372730563946,3943.2266879578656,20.92774671943437,52.18691496386984
8816.508689429606,1.2151629474871941,56.71999999937661,144.2071610221072

Iteration: ,37500
Error:,0.023625811448033125
Absolute Error:,0.02312834620097972
Transition Probabilities
9.483167377904214e-05,9.483167377904214e-05,0.02197270301727643,0.9778376336351654
0.9807084465301787,0.018716840826143125,0.0002873563218390808,0.0002873563218390808
0.016484358084978216,0.00397498124694235,0.9677794022285859,0.011761258439493404
0.015953921627525167,0.002894446915254883,0.9554944501245227,0.025657181332697173

0.02484323816170205,0.006947184779508928,0.01259268486560796,0.955616892193181
0.025023843880796693,0.004000754451626308,0.9572160372324682,0.013759364435108827
0.0002552431693509543,0.9820674523667725,0.004925290793736308,0.01275201367014027
0.9775464866609175,0.00012569667786135527,0.0060162736539272075,0.016311543007293927

Transition Gammas
1.0,1.0,231.70215331718012,10311.297846682826
3412.8653939250185,65.13460607497801,1.0,1.0
42.511566345583546,10.251092467824382,2495.8095458519083,30.331148830945757
51.85758004620884,9.408283185895044,3105.796247961578,83.3976351259558

61.26969841529517,17.133511883809867,31.05674062828335,2356.7925567568786
20.80431822864626,3.3261464211011917,795.8100740642072,11.43925760149076
1.0978839151425113,4224.191629809947,21.18527815491713,54.850559682850445
9453.430164717496,1.2155583210760272,58.180785891319665,157.7418923829928

Iteration: ,40000
Error:,0.023058974208886106
Absolute Error:,0.022438358157024847
Transition Probabilities
8.89521437466641e-05,8.89521437466641e-05,0.02195764308019307,0.9778644526323136
0.9812117776714194,0.018252603689051884,0.000267809319764328,0.000267809319764328
0.015731997770578012,0.003732326647429472,0.9695454506015655,0.010990224980427062
0.01611551832435277,0.0026955613942270845,0.9556747706442833,0.025514149637136767

0.02442861609474634,0.006938999244252753,0.011986136283987597,0.9566462483770133
0.023526293858207464,0.0048385915169830975,0.958688831940058,0.012946282684751316
0.0002384139885492419,0.9826171001364394,0.00462617044105028,0.012518315433961195
0.9778119697031866,0.00011836806105701539,0.0058717850195034865,0.016197877216252942

Transition Gammas
1.0,1.0,246.84782350753102,10993.152176492493
3663.844777825077,68.15522217491967,1.0,1.0
43.433599990800175,10.304373608711737,2676.7642538752602,30.342302520630888
56.24778586297657,9.408283185895044,3335.5793324139195,89.05170757660053

63.98372851491387,18.174711252060835,31.394233998476714,2505.6594939133524
20.80431822864626,4.278769886342586,847.7692092999215,11.44840689633811
1.098189336401818,4526.159004772652,21.309198665955826,57.662222770334985
10044.239738538281,1.2158955090348236,60.315907614582855,166.38716548421633

Iteration: ,42500
Error:,0.023101789597469436
Absolute Error:,0.0224441269233231
Transition Probabilities
8.381527114240207e-05,8.381527114240207e-05,0.021874911858328242,0.977957457599387
0.9803168436635782,0.019179631663712875,0.00025176233635448153,0.00025176233635448153
0.01541951027237895,0.004197716605089705,0.9690692497439409,0.011313523378590517
0.015600466451866773,0.003064299971826602,0.9548547325504697,0.026480501025836933

0.02492769433399432,0.006856463037539315,0.011748264865304624,0.9564675777631617
0.023095668916311103,0.004534896683865385,0.9599388833541916,0.012430551045631911
0.00022450123519670586,0.9832380765721052,0.004379077774305871,0.012158344418392173
0.9778660581860078,0.0001114820918892767,0.005659493031676936,0.016362966690425924

Transition Gammas
1.0,1.0,260.9895733817145,11668.010426618297
3893.81850303173,76.1814969682675,1.0,1.0
45.30091955802339,12.332455369557561,2847.024798669654,33.23795655231757
57.926416697186276,11.37811600703539,3545.490982186641,98.32529953547305

69.56921530749585,19.135293738577673,32.78753168877221,2669.348314388698
21.791246758860858,4.278769886342586,905.7224173240209,11.728484945187118
1.0985160026504703,4811.121687519226,21.42744117960465,59.492482959558366
10668.06104506978,1.2162174479325845,61.742420284099914,178.51230858316848

Iteration: ,44753
Error:,0.023978013913218656
Absolute Error:,0.023020296329686787
Transition Probabilities
7.972574344255753e-05,7.972574344255753e-05,0.022252634063942227,0.9775879144491727
0.9794211238669636,0.020101435216349803,0.00023872045834328018,0.00023872045834328018
0.015807874455127185,0.004014773280729006,0.9694659962663889,0.010711355997754829
0.016372824155602473,0.0029295836282959157,0.9531792497021198,0.02751834251398191

0.026198897996092815,0.007163746791296025,0.011590295083886596,0.9550470601287246
0.022752116385310963,0.004277504528336524,0.9593900980112231,0.013580281075129376
0.000212783159818856,0.9833591520309475,0.00421211705183513,0.012215947757398586
0.977834962221875,0.00010614682673738634,0.005500634977837003,0.016558255973550564


Model Num 3
Model States: 
"['diamond', 'x', 'square']","['diamond', 'x', 'diamond']","['square', 'y', 'diamond', 'x', 'diamond']","['square', 'x', 'square', 'y', 'diamond', 'x', 'diamond']","['square', 'x', 'square', 'y', 'diamond', 'x', 'square']"
Iteration: ,0
Error:,0.6469599659242166
Absolute Error:,1
Transition Probabilities
0.2,0.2,0.2,0.2,0.2
0.2,0.2,0.2,0.2,0.2
0.2,0.2,0.2,0.2,0.2
0.2,0.2,0.2,0.2,0.2
0.2,0.2,0.2,0.2,0.2

0.2,0.2,0.2,0.2,0.2
0.2,0.2,0.2,0.2,0.2
0.2,0.2,0.2,0.2,0.2
0.2,0.2,0.2,0.2,0.2
0.2,0.2,0.2,0.2,0.2

Transition Gammas
1.0,1.0,1.0,1.0,1.0
1.0,1.0,1.0,1.0,1.0
1.0,1.0,1.0,1.0,1.0
1.0,1.0,1.0,1.0,1.0
1.0,1.0,1.0,1.0,1.0

1.0,1.0,1.0,1.0,1.0
1.0,1.0,1.0,1.0,1.0
1.0,1.0,1.0,1.0,1.0
1.0,1.0,1.0,1.0,1.0
1.0,1.0,1.0,1.0,1.0

Iteration: ,2500
Error:,0.31826029501894676
Absolute Error:,1
Transition Probabilities
0.0019342359767891683,0.0019342359767891683,0.43133462282398455,0.5504658785472641,0.014331026675172928
0.9724331457327697,0.01991379304274053,0.0025510204081632655,0.0025510204081632655,0.0025510204081632655
0.2,0.2,0.2,0.2,0.2
0.008703023650620876,0.007429462586771658,0.7431881234467245,0.22861311876702065,0.012066271548862455
0.07142857142857142,0.07142857142857142,0.7142857142857143,0.07142857142857142,0.07142857142857142

0.06382610399799672,0.022264260237441973,0.3424501590573552,0.5550354338841827,0.016424042823023427
0.020289554565865307,0.014438371169287945,0.42640651528113555,0.5195653732911167,0.019300185692594455
0.3158217775336592,0.6520926609690146,0.004010695187165776,0.02065222870497503,0.007422637605185394
0.2,0.2,0.2,0.2,0.2
0.2,0.2,0.2,0.2,0.2

Transition Gammas
1.0,1.0,223.0,284.59085920893557,7.409140791064404
381.19379312724567,7.806206872754286,1.0,1.0,1.0
1.0,1.0,1.0,1.0,1.0
4.768582948007827,4.070770116959754,407.20953485828574,125.26228396099218,6.611382326857478
1.0,1.0,10.0,1.0,1.0

5.636793141584338,1.9662649221516135,30.24343625876885,49.017874052798916,1.4504869660352706
1.93976556109141,1.3803681624217767,40.76623124880659,49.67260442184718,1.845177793708121
236.2346895951771,487.76531040482297,3.0,15.447867071321324,5.552132928678675
1.0,1.0,1.0,1.0,1.0
1.0,1.0,1.0,1.0,1.0

Iteration: ,5000
Error:,0.30884394073808397
Absolute Error:,1
Transition Probabilities
0.0009832841691248767,0.0009832841691248767,0.42182890855457206,0.5609760946559049,0.015228428451273212
0.9742321924160406,0.021871703687855563,0.001298701298701299,0.001298701298701299,0.001298701298701299
0.2,0.2,0.2,0.2,0.2
0.006977408483182866,0.005027722386729157,0.7111504593355418,0.26824630256014126,0.00859810723440506
0.03333333333333333,0.03333333333333333,0.8666666666666667,0.03333333333333333,0.03333333333333333

0.04205151319817455,0.01408941093046794,0.3932145191001264,0.5313578216170008,0.019286735154230166
0.01393252618370325,0.015433992378457833,0.4416297218741811,0.5143071123146215,0.014696647249036375
0.32507829371893643,0.6501227786671225,0.0033512064343163544,0.0152558882191795,0.006191832960445171
0.2,0.2,0.2,0.2,0.2
0.2,0.2,0.2,0.2,0.2

Transition Gammas
1.0,1.0,429.0,570.5126882650555,15.487311734944864
750.1587881603512,16.841211839648782,1.0,1.0,1.0
1.0,1.0,1.0,1.0,1.0
7.921553288131584,5.708046318400321,807.3794551492227,304.54392704626406,9.761556142021893
1.0,1.0,26.0,1.0,1.0

7.504781106429047,2.5144860888449734,70.17556965927005,94.82950403310744,3.442033700619618
2.665152993610695,2.952368468463785,84.4793513969614,98.38180972693158,2.811321715485099
485.01681422865306,969.9831857713467,5.0,22.76178522301581,9.238214776984194
1.0,1.0,1.0,1.0,1.0
1.0,1.0,1.0,1.0,1.0

Iteration: ,7500
Error:,0.3064710177361952
Absolute Error:,1
Transition Probabilities
0.00066577896138482,0.00066577896138482,0.4041278295605857,0.5828547909175991,0.011685821599045505
0.9787316035500608,0.01870429388583655,0.000854700854700855,0.000854700854700855,0.000854700854700855
0.2,0.2,0.2,0.2,0.2
0.006750261664664703,0.003800865987313207,0.7037982821340165,0.2787990663784729,0.006851523835532616
0.029411764705882353,0.029411764705882353,0.8823529411764706,0.029411764705882353,0.029411764705882353

0.0417129891378964,0.014654410471523978,0.3690548438192777,0.5618899017767853,0.012687854794516552
0.011610525207364782,0.01271121544994885,0.44519410854429353,0.5184061645028856,0.012077986295507307
0.31128222650410586,0.6661137951957132,0.004068716094032549,0.013369856765605306,0.005165405440542975
0.2,0.2,0.2,0.2,0.2
0.2,0.2,0.2,0.2,0.2

Transition Gammas
1.0,1.0,607.0,875.4478959582342,17.552104041766356
1145.1159761535707,21.884023846428754,1.0,1.0,1.0
1.0,1.0,1.0,1.0,1.0
11.86969897581065,6.683464635595879,1237.5629514264735,490.2418835068821,12.047758960082229
1.0,1.0,30.0,1.0,1.0

11.370428734711385,3.9946053581734446,100.59964264308198,153.16401957639982,3.458547366636694
3.2766746045793838,3.5873068715069643,125.64084772410871,146.3024526234629,3.4085995475762827
688.5562850270824,1473.443714972918,9.0,29.574123165518944,11.425876834481063
1.0,1.0,1.0,1.0,1.0
1.0,1.0,1.0,1.0,1.0

Iteration: ,10000
Error:,0.3061737575561059
Absolute Error:,1
Transition Probabilities
0.0005047955577990911,0.0005047955577990911,0.4114083796062593,0.5756743888474123,0.011907640430730202
0.9786773277351681,0.019379667083484733,0.0006476683937823836,0.0006476683937823836,0.0006476683937823836
0.2,0.2,0.2,0.2,0.2
0.007833841289152524,0.0037849158895883576,0.6963477293783835,0.28600436985794647,0.006029143584929055
0.022222222222222223,0.022222222222222223,0.9111111111111111,0.022222222222222223,0.022222222222222223

0.04363726914843045,0.022972056755917306,0.36141048447154156,0.5546072315660818,0.017372958058028774
0.009768220111457983,0.009141104329237626,0.45228647633012686,0.5189553866070178,0.00984881262215983
0.31131967411989997,0.6660145613334153,0.004736129905277402,0.01307110156930842,0.004858533072098892
0.2,0.2,0.2,0.2,0.2
0.2,0.2,0.2,0.2,0.2

Transition Gammas
1.0,1.0,815.0,1140.410964306724,23.58903569327654
1511.0777940230994,29.922205976900425,1.0,1.0,1.0
1.0,1.0,1.0,1.0,1.0
18.385931501647523,8.883152174888789,1634.3197648651612,671.2488240809043,14.150327645723245
1.0,1.0,41.0,1.0,1.0

16.152417607148895,8.503150202973885,133.77677354029174,205.2889144306661,6.430633243117516
3.8334102605246425,3.5873068715069643,177.4939138632556,203.6572559867251,3.8650377375799065
920.2609566984244,1968.7390433015757,14.0,38.63817623887569,14.361823761124324
1.0,1.0,1.0,1.0,1.0
1.0,1.0,1.0,1.0,1.0

Iteration: ,12500
Error:,0.30923094810316015
Absolute Error:,1
Transition Probabilities
0.00040080160320641277,0.00040080160320641277,0.4212424849699398,0.5664795435301,0.011476368293547454
0.9802708626134785,0.01816988582727001,0.0005197505197505198,0.0005197505197505198,0.0005197505197505198
0.2,0.2,0.2,0.2,0.2
0.007690693395566254,0.003946604765272068,0.6871785880308279,0.295413266330586,0.005770847477747717
0.017857142857142856,0.017857142857142856,0.9285714285714286,0.017857142857142856,0.017857142857142856

0.04025320342856736,0.028753501174055483,0.359791032937256,0.5552763358114576,0.015925926648663623
0.009051016599433158,0.00776248939453002,0.4560373682422223,0.5190427153303707,0.008106410433443826
0.3178353497775563,0.6592040883639889,0.005402485143165853,0.012498864683198047,0.005059212032090976
0.2,0.2,0.2,0.2,0.2
0.2,0.2,0.2,0.2,0.2

Transition Gammas
1.0,1.0,1051.0,1413.3664611075997,28.633538892400903
1886.0411396683323,34.958860331667495,1.0,1.0,1.0
1.0,1.0,1.0,1.0,1.0
22.630539401818574,11.613230439713615,2022.083226134474,869.279429000305,16.981224515119205
1.0,1.0,52.0,1.0,1.0

