0,1,2,3,4,5,6,7,8,9,10,11,12,13,14,15,16,17,18,19,20,21,22,23,24,25,26,27,28,29
github Code Version (SHA):,528ca1c557fe8e6666681dc5c9134b0f84d30530
Environment Observations,Environment Actions,alpha,epsilon,numActions,explore,patience,gainThresh,insertRandActions,useUpdatedPosterior,revisedSplitting,haveControl,confidence_factor
"['square', 'diamond']","['x', 'y']",0.85,0.99,75000,0.5,0,0.01,False,True,False,False,250

Model Num 0
Model States: 
['square'],['diamond']
Iteration: ,0
Error:,0.4952066947800818
Absolute Error:,1
Transition Probabilities
0.5,0.5
0.5,0.5

0.5,0.5
0.5,0.5

Transition Gammas
1.0,1.0
1.0,1.0

1.0,1.0
1.0,1.0

Iteration: ,2500
Error:,0.20488723415393842
Absolute Error:,1
Transition Probabilities
0.8780804150453956,0.1219195849546044
0.8774193548387097,0.12258064516129032

0.36637390213299875,0.6336260978670013
0.4059196617336152,0.5940803382663847

Transition Gammas
677.0,94.0
408.0,57.0

292.0,505.0
192.0,281.0

Iteration: ,2683
Error:,0.20515194318638105
Absolute Error:,1
Transition Probabilities
0.8828502415458938,0.11714975845410629
0.878,0.122

0.3552168815943728,0.6447831184056272
0.41141732283464566,0.5885826771653543


Model Num 1
Model States: 
['diamond'],"['square', 'y', 'diamond']","['square', 'y', 'square']"
Iteration: ,0
Error:,0.4360833696033558
Absolute Error:,1
Transition Probabilities
0.3333333333333333,0.3333333333333333,0.3333333333333333
0.3333333333333333,0.3333333333333333,0.3333333333333333
0.3333333333333333,0.3333333333333333,0.3333333333333333

0.3333333333333333,0.3333333333333333,0.3333333333333333
0.3333333333333333,0.3333333333333333,0.3333333333333333
0.3333333333333333,0.3333333333333333,0.3333333333333333

Transition Gammas
1.0,1.0,1.0
1.0,1.0,1.0
1.0,1.0,1.0

1.0,1.0,1.0
1.0,1.0,1.0
1.0,1.0,1.0

Iteration: ,2500
Error:,0.10745880366521794
Absolute Error:,1
Transition Probabilities
0.12648221343873514,0.7703179334034918,0.10319985315777302
0.1366628695942815,0.759711769670639,0.1036253607350795
0.13476340179970417,0.7624717050829589,0.10276489311733708

0.6104868913857678,0.06372712913138501,0.3257859794828471
0.996661101836394,0.001669449081803005,0.001669449081803005
0.0020325203252032522,0.174292638093973,0.8236748415808238

Transition Gammas
64.0,389.7808743021669,52.219125697833164
23.449324118494346,130.3552865275644,17.78057696276015
19.90243715557825,112.60509152087533,15.176760157088932

326.0,34.03028695615959,173.96971304384036
597.0,1.0,1.0
1.0,85.75197794223472,405.2480220577653

Iteration: ,5000
Error:,0.09431103951559412
Absolute Error:,1
Transition Probabilities
0.11675126903553301,0.7726442327829682,0.11060449818149874
0.11108993874199888,0.7734513146044586,0.1154587466535426
0.11944552168807261,0.7698342620893968,0.11072021622253053

0.5981132075471699,0.07273671905745101,0.3291500733953791
0.9983498349834984,0.0008250825082508251,0.0008250825082508251
0.0009794319294809007,0.18141305519245357,0.8176075128780654

Transition Gammas
115.0,761.0545692912236,108.94543070877624
35.671488703326965,248.35876357410885,37.07433295572657
35.40729104653267,228.20232512839232,32.820844725881706

634.0,77.10092220089805,348.8990777991018
1210.0,1.0,1.0
1.0,185.2227293514952,834.7772706485052

Iteration: ,7500
Error:,0.09667700523258906
Absolute Error:,1
Transition Probabilities
0.11375661375661379,0.7756825418986847,0.11056084434470148
0.11695966853908485,0.770170671818571,0.11286965964234418
0.11478003097643322,0.7755591525886824,0.10966081643488447

0.5997417688831506,0.06844633227661268,0.3318118988402369
0.9989088925259137,0.0005455537370430987,0.0005455537370430987
0.0006591957811470008,0.17777704984402543,0.8215637543748276

Transition Gammas
172.0,1172.832003350811,167.16799664918858
56.46460537568779,371.8152043294447,54.490072263358215
51.135899466788956,345.5210328830258,48.85522714148431

929.0,106.02336869647303,513.9766313035268
1831.0,1.0,1.0
1.0,269.6877846133865,1246.3122153866132

Iteration: ,10000
Error:,0.09550043899166591
Absolute Error:,1
Transition Probabilities
0.1140177690029615,0.7756931595207559,0.11028907147628254
0.11392009372776096,0.7710413334685838,0.11503857280365525
0.1091450411817682,0.7803433465497801,0.11051161226845159

0.6036345776031435,0.06948471882511717,0.3268807035717394
0.999179991799918,0.0004100041000410004,0.0004100041000410004
0.0004909180166912127,0.17319837225055598,0.8263107097327528

Transition Gammas
231.0,1571.5543411890515,223.44565881094843
74.90528669354168,506.97879756010707,75.64071442274283
64.1778916614605,458.8462307711229,64.9814430660799

1229.0,141.47088752793854,665.5291124720613
2437.0,1.0,1.0
1.0,352.80508427438247,1683.194915725617

Iteration: ,12500
Error:,0.09459121385792721
Absolute Error:,1
Transition Probabilities
0.11444356748224152,0.7705441969302302,0.11501223558752827
0.11855944605981766,0.7632359013828383,0.1182046525573441
0.10534625716876725,0.7824878775234027,0.1121658653078301

0.6029353431178105,0.07124454887248509,0.32582010800970446
0.9993418887792037,0.0003290556103981573,0.0003290556103981573
0.00038819875776397524,0.17133332300877355,0.8282784782334626

Transition Gammas
290.0,1952.5589950212034,291.4410049787966
96.85402325237455,623.5055088084995,96.5641840258904
78.07628013490115,579.9327320173109,83.13056160427244

1520.0,179.60750770753486,821.3924922924648
3037.0,1.0,1.0
1.0,441.35464007060057,2133.645359929399

Iteration: ,12696
Error:,0.09453970997105084
Absolute Error:,1
Transition Probabilities
0.11352189074002325,0.7722720982269901,0.11420601103298676
0.11876089906893864,0.7658877002996487,0.11535140063141261
0.10623691043800032,0.7828649430719927,0.11089814649000697

0.6024285154719938,0.07120645987840608,0.32636502464960016
0.999353169469599,0.0003234152652005175,0.0003234152652005175
0.00038387715930902113,0.17107189600561573,0.8285442268350752


Model Num 2
Model States: 
"['square', 'y', 'diamond']","['square', 'y', 'square']","['diamond', 'y', 'diamond']","['diamond', 'y', 'square', 'y', 'square']"
Iteration: ,0
Error:,0.4983116232402273
Absolute Error:,0.6
Transition Probabilities
0.25,0.25,0.25,0.25
0.25,0.25,0.25,0.25
0.25,0.25,0.25,0.25
0.25,0.25,0.25,0.25

0.25,0.25,0.25,0.25
0.25,0.25,0.25,0.25
0.25,0.25,0.25,0.25
0.25,0.25,0.25,0.25

Transition Gammas
1.0,1.0,1.0,1.0
1.0,1.0,1.0,1.0
1.0,1.0,1.0,1.0
1.0,1.0,1.0,1.0

1.0,1.0,1.0,1.0
1.0,1.0,1.0,1.0
1.0,1.0,1.0,1.0
1.0,1.0,1.0,1.0

Iteration: ,2500
Error:,0.05496879475410645
Absolute Error:,0.11842337842287101
Transition Probabilities
0.7332636704058834,0.15269212201641638,0.03448197125874668,0.07956223631895355
0.7683921699997774,0.10754143629826907,0.05464552489559893,0.06942086880635462
0.7440066145779004,0.11048225407135738,0.12672888493142284,0.018782246419319405
0.7848579500330202,0.07939592429803548,0.04324269480878475,0.09250343086015969

0.0020876826722338203,0.0020876826722338203,0.7777747233184648,0.21804991133706753
0.12991494777367382,0.8672238218972846,0.0014306151645207437,0.0014306151645207437
0.0028735632183908037,0.0028735632183908037,0.16167492084426302,0.8325779527189554
0.19755074303411113,0.7964432509598828,0.003003003003003003,0.003003003003003003

Transition Gammas
109.94174653885857,22.89386376924562,5.170047688563237,11.92914850752297
160.56670316483485,22.47234492255324,11.418976035636552,14.506498725876025
71.62306143677279,10.63576198917979,12.199771525427265,1.8081048781733207
64.4866824753365,6.523447663144473,3.552971501906382,7.600406383737839

1.0,1.0,372.5540924695447,104.44590753045536
90.81054849379802,606.1894515062021,1.0,1.0
1.0,1.0,56.262872453803546,289.7371275461966
65.78439743035901,265.21560256964096,1.0,1.0

Iteration: ,5000
Error:,0.037711836291286875
Absolute Error:,0.10233153564831676
Transition Probabilities
0.7572089082021358,0.13752981402783693,0.028796943117825893,0.0764643346522013
0.8034942871168245,0.09357155169847432,0.050340980410438614,0.0525931807742625
0.7701170593914207,0.11085882120315814,0.10594623851642512,0.013077880888996134
0.7763815690814087,0.0925587859910021,0.05127684411846821,0.07978280080912097

0.0010362694300518145,0.0010362694300518145,0.8113182382387378,0.1866092229011586
0.13477691579541193,0.8638146335003628,0.0007042253521126758,0.0007042253521126758
0.001402524544179523,0.001402524544179523,0.16143128338624016,0.8357636675254008
0.17109687740197252,0.8258356379354508,0.0015337423312883425,0.0015337423312883425

Transition Gammas
210.44746562779355,38.22300622313045,8.003397254481873,21.25136836633144
330.69498818558645,38.51134187209833,20.718890213665404,21.64583068436725
157.9935434286609,22.743267102864078,21.73542506560731,2.6829956783755455
118.11143916029893,14.081029039963024,7.800780048908579,12.137410004405513

1.0,1.0,782.9220999003812,180.0779000996179
191.38322042948502,1226.6167795705157,1.0,1.0
1.0,1.0,115.10050505438923,595.8994949456107
111.55516406608616,538.4448359339143,1.0,1.0

Iteration: ,7500
Error:,0.03502143822478049
Absolute Error:,0.0977032191729134
Transition Probabilities
0.7633261063559373,0.13095905730393184,0.04231921923178543,0.06339561710834538
0.8043793148066374,0.08578371435540859,0.06029195508970618,0.049545015748247906
0.7685944382463518,0.11482631478316738,0.09287041876080339,0.0237088282096775
0.7853168098294264,0.09566705792896886,0.0439568061485297,0.07505932609307486

0.000700770847932726,0.000700770847932726,0.8154118059276572,0.18318665237647735
0.1380486536818224,0.8610176395021178,0.0004668534080298787,0.0004668534080298787
0.000919117647058824,0.000919117647058824,0.17197947932012758,0.8261822853857549
0.15853986707935563,0.8394296760678525,0.0010152284263959387,0.0010152284263959387

Transition Gammas
320.0874017746235,54.915381567891956,17.74582163015459,26.583839063205005
501.4775158417677,53.48049506341572,37.58806238185949,30.888053636418054
228.88103276810884,34.194321749832234,27.656038479901564,7.0602918995015465
170.4023069132601,20.75835785336317,9.53798655331899,16.28678026692528

1.0,1.0,1163.5926470587667,261.40735294123317
295.70021618646354,1844.2997838135361,1.0,1.0
1.0,1.0,187.11367350029872,898.8863264997009
156.16176907316537,826.8382309268351,1.0,1.0

Iteration: ,10000
Error:,0.03687350062324679
Absolute Error:,0.08997281949803376
Transition Probabilities
0.7811064027253399,0.10982797099050041,0.04192210087261894,0.06714352541154057
0.8029418430152203,0.08953298700727062,0.06374558616524226,0.04377958381226681
0.7736437771583575,0.10361793157164421,0.09888588249897307,0.023852408771025055
0.8123757010268358,0.08758278875769569,0.03610257395026374,0.06393893626520493

0.0005175983436853,0.0005175983436853,0.8232560310114885,0.17570877230114088
0.14285869445389682,0.8564137682598172,0.0003637686431429611,0.0003637686431429611
0.000686813186813187,0.000686813186813187,0.1584322477563454,0.8401941258700282
0.1520934645449979,0.846378651574177,0.000763941940412528,0.000763941940412528

Transition Gammas
463.46970449697557,65.16645758230746,24.87449038381155,39.83962975184347
667.2040854969391,74.39738660731743,52.96935997522872,36.378621235145154
323.0296716394817,43.26495914501382,41.28912439618214,9.959410261678832
245.89968127627625,26.51061548687726,10.927962784216497,19.353808870556875

1.0,1.0,1590.5306519141964,339.4693480858043
392.7185510537623,2354.2814489462376,1.0,1.0
1.0,1.0,230.67735273323885,1223.3226472667607
199.0903450894024,1107.9096549105986,1.0,1.0

Iteration: ,12500
Error:,0.038056747322423055
Absolute Error:,0.09151074050322444
Transition Probabilities
0.7963351948731736,0.10219208466349142,0.04098446196016744,0.06048825850316754
0.7981943332990148,0.08929249159526563,0.06555592825043667,0.0469572468552829
0.7725155359112977,0.10049782091786344,0.10619461105263336,0.02079203211820551
0.7914764278798491,0.10119528427889948,0.039582418509028786,0.06774586933222257

0.0004156275976724851,0.0004156275976724851,0.8247672318314485,0.17440151297320652
0.14427425464597712,0.8551431645209323,0.00029129041654529564,0.00029129041654529564
0.0005461496450027311,0.0005461496450027311,0.16402715624147438,0.8348805444685201
0.15107748705022514,0.8477015117287736,0.0006105006105006103,0.0006105006105006103

Transition Gammas
597.2140568354812,76.63927181829324,30.73642475182733,45.363357646579026
827.96699809212,92.62310333967538,68.00116570148977,48.708753113728996
408.8191381950205,53.18395634548892,56.19872656707053,11.003248810861425
291.66739759762964,37.29152780183562,14.586538007296486,24.96506618529137

1.0,1.0,1984.389959786467,419.6100402135353
495.2935161996395,2935.7064838003607,1.0,1.0
1.0,1.0,300.33372307813937,1528.6662769218594
247.46492378826886,1388.5350762117318,1.0,1.0

Iteration: ,15000
Error:,0.03761077148629901
Absolute Error:,0.09014005798614202
Transition Probabilities
0.8044367271279593,0.1006369781485183,0.04058655055582257,0.05433974416769975
0.7879956369852257,0.09208247892045365,0.07189754877112016,0.04802433532320059
0.7749997228489818,0.10264388909540316,0.1013648500148673,0.020991538040747937
0.7927099694115725,0.09864897889973825,0.04216398720088076,0.06647706448780838

0.0003466204506065855,0.0003466204506065855,0.8243703460954586,0.17493641300332827
0.14448824855328182,0.855027958510095,0.00024189646831156264,0.00024189646831156264
0.0004557885141294443,0.0004557885141294443,0.15958948254275943,0.8394989404289818
0.14783496451866893,0.8511518642553939,0.0005065856129685915,0.0005065856129685915

Transition Gammas
709.9167313038204,88.81229830289156,35.81769744446738,47.954913367950894
991.859942384337,115.90536539780425,90.49834191281867,60.44883021047604
489.96418066379914,64.8927058140059,64.08408186659598,13.27110376142962
345.97438207189805,43.05486348581603,18.402265620981833,29.013589074949586

1.0,1.0,2378.3084484854003,504.69155151460257
597.3144195192671,3534.685580480733,1.0,1.0
1.0,1.0,350.1393246988139,1841.8606753011845
291.8262199598526,1680.1737800401484,1.0,1.0

Iteration: ,17500
Error:,0.03503600111964792
Absolute Error:,0.09079665987160764
Transition Probabilities
0.7983762877850082,0.1012213526825344,0.04453922973315146,0.055863129799305807
0.7804576841874401,0.09935328121407147,0.06969977906761593,0.05048925553087229
0.7735992861721536,0.10360263144417406,0.0991694473100851,0.02362863507358729
0.7925113402194071,0.10623792526410308,0.04047123622199568,0.060779498294494146

0.00029922202274087345,0.00029922202274087345,0.8263287369094394,0.17307281904507887
0.14314619814172072,0.8564448039032692,0.0002044989775051125,0.0002044989775051125
0.0003929273084479375,0.0003929273084479375,0.15816008402022613,0.841054061362878
0.14553119009145385,0.853601883163856,0.0004334633723450365,0.0004334633723450365

Transition Gammas
802.0536328910207,101.68758126623116,44.74437875998338,56.12043704917911
1161.4973483432216,147.86012748338513,103.72901722587346,75.13941832732004
566.5108841639228,75.86875969284051,72.62231530185471,17.303375515454878
391.91441609290257,52.53700777994595,20.013922965582005,30.056808496786388

1.0,1.0,2761.590638751349,578.4093612486541
699.9849089130142,4188.015091086985,1.0,1.0
1.0,1.0,402.51741383147515,2140.4825861685226
335.74045554098427,1969.2595444590174,1.0,1.0

Iteration: ,20000
Error:,0.034658975803587365
Absolute Error:,0.09106050193718997
Transition Probabilities
0.7912231741809336,0.10414795384213783,0.04875486360837107,0.05587400836855743
0.7776862297844501,0.0995917700502214,0.07041855006915146,0.052303450096177005
0.7744872960353623,0.10669279998550225,0.09455743917817806,0.024262464800957385
0.7958908026558487,0.10945198702962095,0.038574175633146884,0.056083034681383315

0.0002613695765812857,0.0002613695765812857,0.8258559562447657,0.17362130460207176
0.14307417937375055,0.8565663023806984,0.00017975912277548098,0.00017975912277548098
0.00034411562284927756,0.00034411562284927756,0.1563626779966277,0.8429490907576738
0.14973855784344153,0.8495030045380526,0.0003792188092529387,0.0003792188092529387

Transition Gammas
912.1585839186702,120.06656679768507,56.20685642100512,64.41413499305392
1327.0398437121926,169.9428920055555,120.16185718513601,89.25034233983685
650.2442286469502,89.57716644791627,79.38855732817332,20.370285981878745
453.9307591113542,62.42517615835,22.000511588799665,31.986567028086327

1.0,1.0,3159.7248885924764,664.2751114075272
795.9216598561738,4765.078340143822,1.0,1.0
1.0,1.0,454.3899422581998,2449.6100577417983
394.8605770331556,2240.1394229668463,1.0,1.0

Iteration: ,22500
Error:,0.03501240155353903
Absolute Error:,0.09069948666682359
Transition Probabilities
0.792169110285956,0.1029612921272704,0.04783563880958603,0.05703395877718755
0.7814055865008105,0.09822293393573481,0.06852091661666639,0.051850562946788394
0.7746527490320609,0.10151227288673301,0.0981965902231977,0.025638387858008312
0.7946655874433488,0.11007056208412122,0.04150349043003371,0.05376036004249624

0.00023255813953488352,0.00023255813953488352,0.8250369336535414,0.17449795006738886
0.1417249669753579,0.8579563079250405,0.0001593625498007969,0.0001593625498007969
0.0003060912151821246,0.0003060912151821246,0.15996107317404523,0.8394267443955905
0.148408023531322,0.8509181220212386,0.00033692722371967646,0.00033692722371967646

Transition Gammas
1023.1855939792705,132.9874006373283,61.78571705616763,73.66649902236215
1500.2384859303088,188.580460950194,131.55487748670953,99.54908359212672
737.2302475163217,96.60834246020757,93.45283626239436,24.39982953664913
500.0671606718137,69.26520328135015,26.11731644765142,33.83031935438132

1.0,1.0,3547.6588147102307,750.3411852897727
889.3241677703703,5383.675832229626,1.0,1.0
1.0,1.0,522.5928260596053,2742.4071739403917
440.4750138409638,2525.524986159037,1.0,1.0

Iteration: ,25000
Error:,0.03708519423257954
Absolute Error:,0.09064756956385209
Transition Probabilities
0.7919962358930204,0.10438447065744628,0.047796641411779896,0.05582265203775345
0.7784449819633065,0.10004119103079,0.06963516416944597,0.0518786628364577
0.7765047246649374,0.09630410769630315,0.1001444269096508,0.027046740729108815
0.7961374359127635,0.10768606222324013,0.04134107030558586,0.05483543155841037

0.00021012817818869486,0.00021012817818869486,0.8257597320081311,0.17382001163549154
0.14136027005291044,0.8583536887571581,0.00014302059496567492,0.00014302059496567492
0.00027367268746579103,0.00027367268746579103,0.1606936620136013,0.838758992611467
0.1502207549321576,0.849176472313171,0.00030138637733574436,0.00030138637733574436

Transition Gammas
1128.0843807361675,148.6806194316102,68.07942031123427,79.51131457595179
1665.2315317312405,214.0058059803547,148.96193536990242,110.97763770207617
805.0532963245747,99.84477478093898,103.82628518704523,28.041127229716107
550.2457962875542,74.42660071519434,28.57264226445625,37.89919220170346

1.0,1.0,3929.7905646267004,827.2094353733052
988.3910082099507,6001.608991790055,1.0,1.0
1.0,1.0,587.1746409976988,3064.825359002299
498.4324648648991,2817.567535135102,1.0,1.0

Iteration: ,27500
Error:,0.03514369360163912
Absolute Error:,0.09006990738072962
Transition Probabilities
0.7947461796524853,0.10549873597009829,0.04668454276143798,0.05307054161597838
0.7749286692060027,0.10329920458641641,0.0691955581710959,0.05257656803648518
0.780739341256883,0.0961343287923265,0.09372623206666908,0.02940009788412124
0.7991982241891213,0.10541564691423488,0.041781563048856586,0.05360456584778724

0.00019098548510313194,0.00019098548510313194,0.8240428761004918,0.17557515292930206
0.1413464099361564,0.8583958913136824,0.00012884937508053076,0.00012884937508053076
0.00025025025025025046,0.00025025025025025046,0.1605589838850856,0.838940515614414
0.15216143898051865,0.8472906158140019,0.0002739726027397259,0.0002739726027397259

Transition Gammas
1230.5277541348698,163.34664571035498,72.28298421285267,82.17060497728534
1815.5262236278877,242.01248741861417,162.11343754633728,123.17796696875033
891.4122569184811,109.76175333774445,107.01229929634755,33.567679023729134
598.8334759887545,78.98718534979669,31.306624408701566,40.16551529261451

1.0,1.0,4314.68849926218,919.3115007378267
1096.9894875145108,6662.0105124854945,1.0,1.0
1.0,1.0,641.5936996048015,3352.406300395195
555.3892522788933,3092.610747721108,1.0,1.0

Iteration: ,30000
Error:,0.03318160201187736
Absolute Error:,0.09074841587789956
Transition Probabilities
0.791594401053914,0.10820236988323562,0.047746066434142545,0.0524571626287078
0.7739263819999928,0.10395431362271688,0.07012656416667697,0.05199274021061334
0.7831107878366558,0.09799370091232144,0.08981002896679263,0.02908548228423022
0.8019927294369572,0.10499781107874606,0.03975011164667378,0.05325934783762289

0.0001745505323791236,0.0001745505323791236,0.822627907350222,0.17702299158501977
0.14461066845981435,0.8551532876360195,0.00011802195208308732,0.00011802195208308732
0.00022867596615595715,0.00022867596615595715,0.1620234195447946,0.8375192285228935
0.15438292049011468,0.8451153233633726,0.0002508780732563973,0.0002508780732563973

Transition Gammas
1328.5072591652208,181.59253483523364,80.13067774341559,88.03715798730418
1958.6515029714772,263.0873909367579,177.4761831329958,131.58313390733375
972.3938374173766,121.67942563541668,111.51770613049072,36.11563545131117
659.5271910156703,86.34605883793478,32.688924119418516,43.79838717407613

1.0,1.0,4712.835281209426,1014.1647187905793
1225.2861938600083,7245.713806140001,1.0,1.0
1.0,1.0,708.5284136693864,3662.471586330611
615.3703210735972,3368.629678926404,1.0,1.0

Iteration: ,32500
Error:,0.03359287773723274
Absolute Error:,0.08932988399555077
Transition Probabilities
0.7924363860825898,0.106525720312288,0.04890438173246902,0.052133511872653276
0.7759463776613049,0.10260596315558115,0.06895111443233208,0.0524965447507818
0.7853941380814314,0.0956600647603584,0.0902407386571784,0.02870505850103201
0.805335283705203,0.104676774103852,0.03762075066855765,0.05236719152238742

0.00016079755587715053,0.00016079755587715053,0.8246864319609372,0.17499197292730848
0.14502124684586623,0.8547601978049916,0.00010927767457108498,0.00010927767457108498
0.00021052631578947372,0.00021052631578947372,0.1600697086835837,0.8395092386848373
0.15413832213524375,0.8453992501190914,0.00023121387283236985,0.00023121387283236985

Transition Gammas
1440.5492014180006,193.65029675751188,88.90198543105126,94.77213592693272
2124.3156888971816,280.9053094142395,188.7681138444373,143.7202838205092
1056.928318494869,128.73260251376234,121.43965372807186,38.62925344452593
718.7648279913324,93.4244221702125,33.5766641923129,46.73791918541613

1.0,1.0,5128.724920365073,1088.2750796349324
1327.0894298865237,7821.910570113489,1.0,1.0
1.0,1.0,760.3311162470225,3987.6688837529764
666.6482432349295,3656.351756765072,1.0,1.0

Iteration: ,35000
Error:,0.03310449843386281
Absolute Error:,0.08902260670918016
Transition Probabilities
0.7904517550700678,0.10734569000853529,0.04971561109249516,0.052486943828901685
0.7767213399324935,0.10486718469198021,0.06714038077353016,0.051271094601996185
0.788147589144008,0.09610700134835366,0.08765180837479922,0.028093601132839003
0.8100408894051485,0.10346261017564849,0.03657286720899429,0.04992363321020866

0.00014923145799134444,0.00014923145799134444,0.823906892314303,0.1757946447697143
0.14459585891736026,0.8552012395913138,0.00010145074566298057,0.00010145074566298057
0.0001950458357714063,0.0001950458357714063,0.16246341971748754,0.8371464886109696
0.1537929768738205,0.8457781146981289,0.00021445421402530542,0.00021445421402530542

Transition Gammas
1534.0095458135165,208.32304074071544,96.48181752101954,101.86007222790708
2301.0494797962756,310.6707236911417,198.90445943674317,151.8914435552429
1135.9241790762023,138.515004186807,126.32888794448375,40.490133121860644
773.4914903854309,98.79433197834884,34.922683453581286,47.67105705685683

1.0,1.0,5521.000085398149,1177.9999146018565
1425.2813813484208,8429.718618651585,1.0,1.0
1.0,1.0,832.9499528915586,4292.0500471084415
717.1366511626256,3943.8633488373785,1.0,1.0

Iteration: ,36536
Error:,0.03299370486839083
Absolute Error:,0.08966315630993538
Transition Probabilities
0.791001509648312,0.10817180077150777,0.04927465544322173,0.05155203413695857
0.7749833134515539,0.10633433329383389,0.06777334650082868,0.050909006753783535
0.7885873472458649,0.09542713709128241,0.0879241648122752,0.028061350850577645
0.8066553661806762,0.10582957719349226,0.037582719751652574,0.04993233687417896

0.0001431024613623353,0.0001431024613623353,0.8241708131307866,0.17554298194648868
0.14478570271509209,0.8550194794395932,9.740892265731527e-05,9.740892265731527e-05
0.00018642803877703205,0.00018642803877703205,0.1625484982468689,0.837078645675577
0.15548718757747784,0.8441017972149595,0.00020550760378133969,0.00020550760378133969

*,*,*,*,*,*,*,*,*,*,*
Model Num 2
Model States: 
"['square', 'y', 'diamond']","['square', 'y', 'square']","['diamond', 'y', 'diamond']","['diamond', 'y', 'square', 'y', 'square']"
Iteration: ,36536
Error:,0.03234262628794201
Absolute Error:,0.08966315630993538
Transition Probabilities
0.791001509648312,0.10817180077150777,0.04927465544322173,0.05155203413695857
0.7749833134515539,0.10633433329383389,0.06777334650082868,0.050909006753783535
0.7885873472458649,0.09542713709128241,0.0879241648122752,0.028061350850577645
0.8066553661806762,0.10582957719349226,0.037582719751652574,0.04993233687417896

0.0001431024613623353,0.0001431024613623353,0.8241708131307866,0.17554298194648868
0.14478570271509209,0.8550194794395932,9.740892265731527e-05,9.740892265731527e-05
0.00018642803877703205,0.00018642803877703205,0.1625484982468689,0.837078645675577
0.15548718757747784,0.8441017972149595,0.00020550760378133969,0.00020550760378133969

Transition Gammas
1616.8939768226885,221.11504339262044,100.72280852103749,105.3780207398923
2398.997025526674,329.1628927430012,209.7955579731852,157.5912070040702
1181.3029467573297,142.949742524085,131.71029860758708,42.0358715690166
806.8569778714541,105.85602774584315,37.59211300184446,49.94481673024111

1.0,1.0,5759.305642157941,1226.694357842064
1486.3700240731375,8777.629975926877,1.0,1.0
1.0,1.0,871.9101445962048,4490.089855403795
756.600654752008,4107.399345247997,1.0,1.0

