0,1,2,3,4,5,6,7,8,9,10,11,12,13,14,15,16,17,18,19,20,21,22,23,24,25,26,27,28,29
github Code Version (SHA):,528ca1c557fe8e6666681dc5c9134b0f84d30530
Environment Observations,Environment Actions,alpha,epsilon,numActions,explore,patience,gainThresh,insertRandActions,useUpdatedPosterior,revisedSplitting,haveControl,confidence_factor
"['diamond', 'square']","['x', 'y']",0.7,0.99,75000,0.5,0,0.01,False,True,False,False,250

Model Num 0
Model States: 
['diamond'],['square']
Iteration: ,0
Error:,0.3542502228536701
Absolute Error:,1
Transition Probabilities
0.5,0.5
0.5,0.5

0.5,0.5
0.5,0.5

Transition Gammas
1.0,1.0
1.0,1.0

1.0,1.0
1.0,1.0

Iteration: ,2447
Error:,0.05159561689534308
Absolute Error:,1
Transition Probabilities
0.486,0.514
0.1850828729281768,0.8149171270718232

0.17228464419475656,0.8277153558052435
0.814388489208633,0.1856115107913669


Model Num 1
Model States: 
['square'],"['diamond', 'x', 'square']","['diamond', 'x', 'diamond']"
Iteration: ,0
Error:,0.43640716499031235
Absolute Error:,1
Transition Probabilities
0.3333333333333333,0.3333333333333333,0.3333333333333333
0.3333333333333333,0.3333333333333333,0.3333333333333333
0.3333333333333333,0.3333333333333333,0.3333333333333333

0.3333333333333333,0.3333333333333333,0.3333333333333333
0.3333333333333333,0.3333333333333333,0.3333333333333333
0.3333333333333333,0.3333333333333333,0.3333333333333333

Transition Gammas
1.0,1.0,1.0
1.0,1.0,1.0
1.0,1.0,1.0

1.0,1.0,1.0
1.0,1.0,1.0
1.0,1.0,1.0

Iteration: ,2500
Error:,0.05515582374852213
Absolute Error:,1
Transition Probabilities
0.7616279069767442,0.14743900016124364,0.09093309286201219
0.9957716701902748,0.0021141649048625794,0.0021141649048625794
0.0027472527472527475,0.7028607282844989,0.2943920189682485

0.21739130434782603,0.33858593702379913,0.44402275862837487
0.8021270547361856,0.09884435397145802,0.09902859129235633
0.747114757668331,0.1542055776874753,0.09867966464419366

Transition Gammas
524.0,101.43803211093562,62.56196788906439
471.0,1.0,1.0
1.0,255.8413050955576,107.15869490444246

150.0,233.62429654642148,306.37570345357875
75.55086633143459,9.309967205844632,9.327320178945667
75.17169885826164,15.515548487309081,9.928753190765685

Iteration: ,5000
Error:,0.04239443268441709
Absolute Error:,1
Transition Probabilities
0.7809798270893372,0.1281981893586076,0.09082198355205523
0.9977997799779978,0.0011001100110011,0.0011001100110011
0.0013192612137203168,0.7108207708038492,0.28785996798243046

0.2110294117647058,0.34213443280754696,0.44683615542774724
0.7771014143434404,0.09747773532674554,0.12542085032981398
0.7824151207014,0.1280156018710063,0.08956927742759371

Transition Gammas
1084.0,177.93908682974737,126.06091317025266
907.0,1.0,1.0
1.0,538.8021442693176,218.19785573068225

287.0,465.302828618264,607.6971713817364
164.17829503184012,20.594131080087312,26.49767583551468
134.23330049481717,21.96271045806352,15.366752781136938

Iteration: ,7500
Error:,0.03252120711224588
Absolute Error:,1
Transition Probabilities
0.7919495635305529,0.1168821540984759,0.09116828237097126
0.998551774076756,0.000724112961622013,0.000724112961622013
0.000858369098712446,0.710557495628695,0.28858413527259247

0.20760233918128645,0.3466572595161798,0.4457404013025336
0.7822043835382276,0.09371882837196013,0.12407678808981232
0.7939764215514086,0.11831084553848181,0.08771273291010956

Transition Gammas
1633.0,241.0110017510573,187.98899824894272
1379.0,1.0,1.0
1.0,827.79948240743,336.20051759257035

426.0,711.3406965272013,914.6593034727994
231.89386544451827,27.78407003780631,36.78405108385688
193.3740664535498,28.81477168129321,21.362558612811114

Iteration: ,10000
Error:,0.03592886258052129
Absolute Error:,1
Transition Probabilities
0.7890341321713872,0.11460424768040908,0.09636162014820383
0.9989339019189766,0.0005330490405117271,0.0005330490405117271
0.0006480881399870378,0.7212670808129227,0.27808483104709025

0.21044939715016434,0.3526001590959019,0.43695044375393366
0.779138911638756,0.09353682196469566,0.12732426639654826
0.7893752896598537,0.12035173400853823,0.09027297633160802

Transition Gammas
2173.0,315.6200981118466,265.3799018881533
1874.0,1.0,1.0
1.0,1112.9151056943404,429.08489430566055

576.0,965.0666354454838,1195.9333645545169
294.56974408356126,35.36354980728379,48.137599095355945
248.3851864022929,37.86993116852094,28.405335645708146

Iteration: ,12500
Error:,0.03129996043704304
Absolute Error:,1
Transition Probabilities
0.792143066549399,0.11297110130834812,0.09488583214225285
0.9991423670668954,0.0004288164665523156,0.0004288164665523156
0.0005157297576070137,0.7225006078706268,0.2769836623717662

0.20622454915648625,0.3518765347875186,0.44189891605599513
0.7792578889936911,0.09246686018533555,0.1282752508209733
0.8054236910917156,0.11007757414594906,0.08449873476233537

Transition Gammas
2702.0,385.3444265627754,323.65557343722446
2330.0,1.0,1.0
1.0,1400.9286786611458,537.0713213388549

709.0,1209.7515265994896,1519.2484734005118
370.27066869539544,43.93637412795576,60.95101964240222
317.9817604934807,43.45869286553516,33.36015160266676

Iteration: ,15000
Error:,0.03347838261009264
Absolute Error:,1
Transition Probabilities
0.7918806554169724,0.11208977428964666,0.09602957029338094
0.9992892679459844,0.00035536602700781805,0.00035536602700781805
0.00043630017452006944,0.725343457321144,0.2742202425043359

0.21210665385539265,0.3571911449812029,0.4307022011634043
0.7738491114285267,0.09007657287501314,0.13607431569646014
0.8129315842945395,0.11054680913353974,0.07652160657192071

Transition Gammas
3238.0,458.3350870703652,392.6649129296347
2812.0,1.0,1.0
1.0,1662.4872041800634,628.5127958199384

883.0,1486.9867365567484,1793.013263443253
433.3310807008963,50.4400381073095,76.19732245674108
383.1733027780129,52.105966585155784,36.06827104581906

Iteration: ,17500
Error:,0.03537015273078313
Absolute Error:,1
Transition Probabilities
0.786833855799373,0.11530979379011191,0.09785635041051509
0.9993941229930324,0.0003029385034837928,0.0003029385034837928
0.0003756574004507884,0.7239754929254084,0.2756488496741408

0.20866141732283458,0.3618767491040046,0.42946183357316087
0.7750576881020323,0.09230209760014865,0.13264021429781903
0.8080953058068209,0.1166731904929464,0.07523150370023265

Transition Gammas
3765.0,551.7573632856855,468.2426367143147
3299.0,1.0,1.0
1.0,1927.2227621674394,733.7772378325636

1007.0,1746.4171911759267,2072.582808824075
505.5449262670168,60.20565674256652,86.51689853104806
443.99899702437034,64.10478960372183,41.335114741433216

Iteration: ,20000
Error:,0.03708256051378571
Absolute Error:,1
Transition Probabilities
0.79010989010989,0.11367140711588922,0.0962187027742207
0.9994707594601746,0.0002646202699126753,0.0002646202699126753
0.0003316749585406299,0.7294554552900938,0.2702128697513656

0.2112472963229992,0.3616966695485661,0.42705603412843474
0.7718744022584432,0.09078352579836997,0.1373420719431869
0.8014339675724791,0.12399870837626978,0.07456732405125124

Transition Gammas
4314.0,620.6458828527552,525.3541171472451
3777.0,1.0,1.0
1.0,2199.3081976996345,814.6918023003678

1172.0,2006.6931226554454,2369.3068773445566
566.0235360297894,66.57250471747057,100.71437137892214
506.2738427426304,78.33122268940956,47.10492344716823

Iteration: ,22500
Error:,0.034241332036935794
Absolute Error:,1
Transition Probabilities
0.7928802588996764,0.1110739873133706,0.09604575378695308
0.9995291902071564,0.00023540489642184556,0.00023540489642184556
0.000296823983377857,0.7276602986214883,0.27204287739513383

0.2121018088682567,0.36603930430491655,0.4218588868268267
0.7778509115405747,0.08981955456121599,0.1323295338982093
0.8020876552843572,0.12450390414677531,0.07340844056886753

Transition Gammas
4900.0,686.4372415966303,593.56275840337
4246.0,1.0,1.0
1.0,2451.4875460557937,916.5124539442058

1325.0,2286.6475339928143,2635.352466007187
636.0990927941463,73.4512698049124,108.21443442909997
563.483682403565,87.46664771616972,51.57099493893114

Iteration: ,24221
Error:,0.03520915676005125
Absolute Error:,1
Transition Probabilities
0.7903152813395685,0.11306713789826593,0.09661758076216556
0.9995657837603127,0.00021710811984368216,0.00021710811984368216
0.0002752546105147262,0.7255082270451152,0.27421651834437

0.2108003570365962,0.3696659262361218,0.41953371672728196
0.7760479906907161,0.09023528365522573,0.1337167256540581
0.80206164067736,0.12274937664052443,0.07518898268211571


Model Num 2
Model States: 
"['diamond', 'x', 'square']","['diamond', 'x', 'diamond']","['square', 'y', 'diamond', 'x', 'diamond']","['square', 'y', 'diamond', 'x', 'square']"
Iteration: ,0
Error:,0.35481412457247097
Absolute Error:,0.4499999999999999
Transition Probabilities
0.25,0.25,0.25,0.25
0.25,0.25,0.25,0.25
0.25,0.25,0.25,0.25
0.25,0.25,0.25,0.25

0.25,0.25,0.25,0.25
0.25,0.25,0.25,0.25
0.25,0.25,0.25,0.25
0.25,0.25,0.25,0.25

Transition Gammas
1.0,1.0,1.0,1.0
1.0,1.0,1.0,1.0
1.0,1.0,1.0,1.0
1.0,1.0,1.0,1.0

1.0,1.0,1.0,1.0
1.0,1.0,1.0,1.0
1.0,1.0,1.0,1.0
1.0,1.0,1.0,1.0

Iteration: ,2500
Error:,0.05214185110024547
Absolute Error:,0.16528399283652745
Transition Probabilities
0.0017921146953405014,0.0017921146953405014,0.22999089183111815,0.7664248787782009
0.6866129675259639,0.30868115012109487,0.002352941176470589,0.002352941176470589
0.04858076766619582,0.14441908426519573,0.5356379157001641,0.27136223236844437
0.12875080197183192,0.10357275576481778,0.7036653834428473,0.06401105882050295

0.07370519535104064,0.09123367615637307,0.1478428994077215,0.6872182290848649
0.15932817238078892,0.10379888307387407,0.45062210492906146,0.28625083961627557
0.0036275977471435573,0.8982377402185067,0.053337335500315095,0.04479732653403461
0.7826370311231614,0.002778047686892348,0.02727572286160568,0.18730919832834048

Transition Gammas
1.0,1.0,128.33491764176395,427.6650823582362
291.8105111985346,131.18948880146527,1.0,1.0
5.015442667285761,14.90971987455874,55.298863844178186,28.015236973244484
29.430294543928053,23.675011434505777,160.84621748313305,14.631864705341853

9.366897939982545,11.594522328799442,18.788761678299803,87.33581104663048
7.875522192155545,5.130733598170744,22.274054453866167,14.149254373754168
1.1799750813923842,292.17631736005694,17.34942272687065,14.571551949160156
359.1653605207602,1.2748930338430875,12.517290193889764,85.95935672748163

Iteration: ,5000
Error:,0.05312966935079165
Absolute Error:,0.15875503419280768
Transition Probabilities
0.0009107468123861556,0.0009107468123861556,0.22631885812567643,0.7718596482495512
0.6665800644833477,0.33105586932279885,0.001182033096926714,0.001182033096926714
0.07815709351602902,0.1323373931607179,0.54418256414411,0.24532294917914316
0.12345253710642283,0.09563763314921127,0.7099319241434378,0.07097790560092818

0.06950112096249508,0.100005688032108,0.13332669841613978,0.697166492589257
0.1703680356347269,0.08037748330335867,0.5048317212836073,0.2444227597783071
0.0018875079786125017,0.90208584573432,0.04613523482764343,0.049891411459423794
0.7824360210375174,0.0014274009831808578,0.019020532357707728,0.19711604562159393

Transition Gammas
1.0,1.0,248.49810622199303,847.5018937780083
563.9267345529122,280.0732654470878,1.0,1.0
15.692420474762375,26.570768238535184,109.26124843463339,49.25606490008932
56.57435037038008,43.82766926623056,325.33910081560686,32.52690462376702

19.63129609095772,28.247620259214003,37.65947738957303,196.92174242915763
14.975469415809782,7.06523696446175,44.375061167121075,21.484931430657138
1.2027351929826346,574.8163218646246,29.397740932737253,31.791206749725294
733.5114976049035,1.3381477906236359,17.83120766403946,184.79068184275093

Iteration: ,7500
Error:,0.05255713959745223
Absolute Error:,0.1535539388361812
Transition Probabilities
0.000602772754671488,0.000602772754671488,0.223422659575435,0.775371794915222
0.6730860481683613,0.3252958288542925,0.000809061488673139,0.000809061488673139
0.06931024631305059,0.11558524762703597,0.5889613171780143,0.2261431888818992
0.1272736217769524,0.08495223939764313,0.7093521760215077,0.07842196280389688

0.07440743925839026,0.1026827075216517,0.12543408230925673,0.6974757709107012
0.1695935236945657,0.06894751025245764,0.5212767397926086,0.240182226260368
0.001282578087245256,0.9036897007063638,0.041473493576868505,0.05355422762952249
0.7863311696124556,0.0009724215534884484,0.014622825901612554,0.19807358293244332

Transition Gammas
1.0,1.0,370.6581922356472,1286.3418077643553
831.9343555360947,402.0656444639056,1.0,1.0
22.609756947903993,37.70516618577512,192.1255938547277,73.77037029921705
88.8509203063919,59.30596259606384,495.2054697658172,54.74711468155659

31.336892181687077,43.2450970843869,52.826899466115,293.74378758644264
21.196100365015635,8.617182516126144,65.15009449589209,30.018402016791065
1.2174784714931695,857.8212636418742,39.368429937780704,50.83598405803769
1112.7257037870775,1.3760594763354492,20.692546437841216,280.29102175710045

Iteration: ,10000
Error:,0.05612273602620952
Absolute Error:,0.1477378021484496
Transition Probabilities
0.0004551661356395075,0.0004551661356395075,0.22416760268495511,0.7749220650437659
0.6886660715533324,0.3100893733751057,0.0006222775357809582,0.0006222775357809582
0.06657081223672567,0.1064994828106559,0.6253920098552789,0.20153769509733957
0.13244229496967727,0.0793644433513024,0.7123369118639801,0.07585634981504026

0.0791732916789722,0.10426561229737151,0.11652237574678881,0.7000387202768675
0.17760210065502774,0.06729227125359558,0.5159577136968766,0.23914791439450014
0.0009581102867081484,0.8969143078082156,0.04059322793241798,0.06153435397265832
0.7874432869338422,0.0007515549056146416,0.013832484931039552,0.1979726732295036

Transition Gammas
1.0,1.0,492.4962230988474,1702.5037769011572
1106.6863769862052,498.313623013795,1.0,1.0
30.17964094546762,48.28116173007181,283.51924324552897,91.36639723406208
125.00980747085616,74.91061511467676,672.3615007342497,71.59939117629446

46.36009085879281,61.05295304827673,68.22992719068986,409.90917503216696
28.74241855526781,10.890313902662202,83.50054706109607,38.702748598100506
1.2277794817180283,1149.3593162116808,52.01857556854271,78.8537794411738
1475.6648883786288,1.4084102364027369,25.92200945828431,370.9998263884859

Iteration: ,12500
Error:,0.056304735749653494
Absolute Error:,0.14654382480089523
Transition Probabilities
0.00036536353671903516,0.00036536353671903516,0.2302014062348121,0.7690678666917499
0.6897247061426904,0.3093001597763733,0.00048756704046806456,0.00048756704046806456
0.06950728521071367,0.11276129704565134,0.6274601013219224,0.19027131642171255
0.13450598833086264,0.07980329920755881,0.7107023445960319,0.07498836786554672

0.08004495086680768,0.10349318973640642,0.11524660830918697,0.701215251087599
0.1735658578553365,0.07613359255079456,0.5149864433719277,0.2353141062219413
0.0007621089232263384,0.9004761382978088,0.03844165740423103,0.06032009537473395
0.7880597103081629,0.000624582186765028,0.013146350011545908,0.1981693574935261

Transition Gammas
1.0,1.0,630.0612488646813,2104.938751135321
1414.6253722986576,634.3746277013414,1.0,1.0
40.1110463926584,65.07193603350943,362.0927095248777,109.80117518684395
159.40099754145444,94.57367406938893,842.2425208682263,88.86757229254904

59.084765510370694,76.39296147074701,85.0686864577423,517.5984023245467
34.20786152925666,15.005067378361433,101.49798561762263,46.37774076644802
1.233758240509207,1457.757312830837,62.23219562962164,97.65062771057099
1805.609063649237,1.4310479810924468,30.121028171165303,454.0473054864536

Iteration: ,15000
Error:,0.05366297044052109
Absolute Error:,0.14472017905719886
Transition Probabilities
0.00030534351145038174,0.00030534351145038174,0.22777630543692876,0.7716130075401706
0.691226393496918,0.3079576130310299,0.000407996736026112,0.000407996736026112
0.07390894367350637,0.11511330840030329,0.6248889781136293,0.1860887698125611
0.13614258215646402,0.0823704048596794,0.7008384448052895,0.08064856817856712

0.07763224796035356,0.10282846605762092,0.11086652750820139,0.7086727584738242
0.16636515944536262,0.07619474947274377,0.519455725049904,0.23798436603198958
0.0006401704453143758,0.9004211553282864,0.038741211554623844,0.06019746267177545
0.7830953731540333,0.0005209360206925067,0.01438609554974862,0.2019975952755255

Transition Gammas
1.0,1.0,745.9674003059415,2527.032599694058
1694.1958904609448,754.8041095390539,1.0,1.0
49.93792088024999,77.77839868138712,422.2175936626837,125.73425896403232
194.33789853049487,117.58034207944627,1000.4178590965079,115.12249151631005

70.43369982267352,93.29356680779361,100.58628886906278,642.9601828397707
38.7300812528528,17.738262313806764,120.93014249807305,55.40314969826781
1.2386826560642128,1742.2486096038501,74.96139064036451,116.4776560623372
2180.207556349075,1.4503324724213655,40.05217665582142,562.3793712511409

Iteration: ,17500
Error:,0.053653139871154235
Absolute Error:,0.14092551010771232
Transition Probabilities
0.000262054507337526,0.000262054507337526,0.2307485696302662,0.7687273213550587
0.6958347929169441,0.30346663914732414,0.00034928396786587494,0.00034928396786587494
0.07532861881778193,0.10793908642136964,0.6365425726556749,0.1801897221051736
0.13703985561457155,0.08039353765912041,0.6973896886995425,0.08517691802676548

0.07545202767071317,0.10553501777395971,0.10938257262626203,0.7096303819290651
0.16258078945399224,0.07793559167579532,0.5336017934020814,0.22588182546813104
0.0005449667187356836,0.9008039198720866,0.037838427432524434,0.060812685976653166
0.7810184510239299,0.00045391506581893856,0.014067705469743296,0.20445992844050798

Transition Gammas
1.0,1.0,880.5365417090964,2933.463458290906
1992.1750121212108,868.824987878789,1.0,1.0
59.50628580097491,85.26711662168347,502.8405518035989,142.34193152971486
229.29239132445613,134.5128861543574,1166.8587119405372,142.51634411330735

79.67634015800793,111.44357857997309,115.50654545644346,749.3602682726003
44.42939780264414,21.29791236207658,145.8204651784784,61.728040033604316
1.2435686851696957,2055.559555691614,86.34414145568314,138.76948690935237
2521.485442396747,1.4654458278757705,45.416999436286034,660.0903377382893

Iteration: ,20000
Error:,0.05235083380947468
Absolute Error:,0.1406030905514241
Transition Probabilities
0.00023046784973496164,0.00023046784973496164,0.2321872145270127,0.7673518497735174
0.6931703420588864,0.3062243310646004,0.0003026634382566585,0.0003026634382566585
0.07303756364171413,0.10524751510772148,0.6412443242542302,0.18047059699633422
0.1366849944213698,0.0802260037892097,0.699708201071339,0.08338080071808142

0.07313544971428108,0.10238738880941041,0.10961296472598744,0.7148641967503212
0.16553459926447614,0.07536691024617838,0.5387065516607471,0.22039193882859845
0.000473901008251608,0.8978305873737042,0.03845061587241976,0.06324489574562434
0.7779131841210538,0.00040310608459761453,0.01356034714706341,0.20812336264728512

Transition Gammas
1.0,1.0,1007.4603238327095,3329.539676167297
2290.234810162561,1011.76518983744,1.0,1.0
65.70392878659406,94.67970853362685,576.8575691035846,162.34970968211462
262.276953961111,153.94105250090848,1342.6297189057623,159.9946104088055

88.24996331647502,123.54724476023486,132.2660919413142,862.6013702785551
50.80730576453512,23.13226159618708,165.34445734728996,67.6445931778464
1.2464772390662497,2361.5172202896592,101.13466035844435,166.3497685410783
2857.6553748956508,1.4808056899113524,49.81378346741904,764.5388432159812

Iteration: ,22500
Error:,0.05329875502172215
Absolute Error:,0.14031709637980497
Transition Probabilities
0.00020533880903490724,0.00020533880903490724,0.23233457909815441,0.7672547432837757
0.6932357597284076,0.3062271833435581,0.00026852846401718587,0.00026852846401718587
0.07435837434427812,0.10358775139111451,0.6429756315106631,0.1790782427539443
0.13681799060075797,0.08062000826181398,0.6994580754363565,0.08310392570107153

0.07316407618869021,0.10223768959076422,0.1097435445842944,0.7148546896362511
0.16371143924583406,0.07723656589995884,0.5369448329300697,0.22210716192413738
0.00042150760849103447,0.8978942056619613,0.03802838159249906,0.06365590513704847
0.7744354112975486,0.00036228125244945424,0.012950168823658466,0.21225213862634343

Transition Gammas
1.0,1.0,1131.469400208014,3736.530599791994
2581.6099692285893,1140.39003077141,1.0,1.0
75.7809229392637,105.56948662266862,655.2763856527665,182.50418508886722
297.2257679583055,175.1402996287671,1519.514814633286,180.53640481337476

98.81093560179553,138.07598330327824,148.21293292441993,965.439111403802
56.803740384761504,26.79914035209014,186.30631452026014,77.06558333159322
1.2500466323535822,2662.8454751165027,112.77910383098464,188.7815266985366
3191.704008931735,1.4930806480896688,53.371921205876724,874.7611380825027

Iteration: ,25000
Error:,0.050873965447086715
Absolute Error:,0.139858891651166
Transition Probabilities
0.0001850481125092521,0.0001850481125092521,0.23386368028124624,0.7657662234937354
0.6960066924865423,0.3035096315763355,0.00024183796856106393,0.00024183796856106393
0.07652603490893979,0.10955123680322991,0.6397057929529398,0.17421693533489044
0.13503045149698842,0.07875006950025563,0.7015582121140702,0.08466126688868574

0.07487731186453149,0.10437389114727563,0.10944276147586696,0.711306035512326
0.15508452823440524,0.08873387012432567,0.5259731308652986,0.23020847077597048
0.0003804599557912807,0.8981150855583183,0.03705081750302067,0.06445363698286988
0.7707634814413928,0.0003292903118863377,0.012826720283444101,0.21608050796327657

Transition Gammas
1.0,1.0,1263.7993282398568,4138.2006717601525
2877.9876734318545,1255.012326568148,1.0,1.0
88.02750351699109,126.01622303392705,735.8502763930101,200.40084274796178
326.7937500669738,190.58686573818738,1697.8750828819657,204.89284146836746

111.33701965216306,155.1962494441729,162.7332843795305,1057.6594175525101
60.78001601380521,34.77617083099165,206.136973692853,90.222246535957
1.2534525249253825,2958.904359133739,122.06656717162755,212.3471150827847
3522.748851213971,1.5050104160931121,58.62409835355107,987.5887733729426

Iteration: ,27500
Error:,0.04838461022320152
Absolute Error:,0.13917696350944986
Transition Probabilities
0.00016789791806581567,0.00016789791806581567,0.2336122299539984,0.7660519742098699
0.6965704939793019,0.3029905244579237,0.00021949078138718152,0.00021949078138718152
0.08027194667690334,0.11035805596518915,0.6372124613963097,0.17215753596159783
0.13359201957728167,0.07930071061739018,0.6997235898959772,0.08738367990935088

0.07598572710014362,0.10572421772994146,0.10792241265203233,0.7103676425178826
0.15334831980279853,0.08591879547417987,0.5280630349110405,0.23266984981198113
0.000347142295120343,0.8977964510310465,0.03663242599171416,0.06522398068211897
0.7692148590032519,0.0003001740386271638,0.012875351557317418,0.21760961540080342

Transition Gammas
1.0,1.0,1391.3944416060172,4562.605558393993
3173.575170569703,1380.4248294303018,1.0,1.0
100.23199785929268,137.79918000221167,795.6587663640976,214.9654330100974
356.1063848485071,211.38605032870376,1865.2015201172246,232.93222488695645

124.34700430017513,173.01262037502875,176.60986111827538,1162.4826354883885
64.73348002520267,36.269211412095274,222.91315592124218,98.21776394185129
1.255379172921548,3246.723265906092,132.47473814058162,235.87107671505171
3884.419503778046,1.5158338096615607,65.01859151817474,1098.895873342648

Iteration: ,30000
Error:,0.050591069547722904
Absolute Error:,0.13866702835321307
Transition Probabilities
0.0001540357362908193,0.0001540357362908193,0.23242191545674862,0.7672700130706697
0.6951564660883285,0.30444079528903756,0.00020136931131695503,0.00020136931131695503
0.08159094989777023,0.11057108112381556,0.6345114478673543,0.1733265211110599
0.13129146101093817,0.08092512816918977,0.6969152244018244,0.09086818641804753

0.07898031397541239,0.10539266556301596,0.10579357118863385,0.7098334492729378
0.1541135409634631,0.09353343361638487,0.521675952702842,0.23067707271731014
0.00032024970427116725,0.8971193864953799,0.03654953411961005,0.0660108296807389
0.7677903794632434,0.0002750505581257747,0.012640195879180012,0.21929437409945093

Transition Gammas
1.0,1.0,1508.883075145214,4981.116924854794
3452.1470105946437,1511.8529894053625,1.0,1.0
109.040239720192,147.77003095279736,847.977385572186,231.63801175862264
382.436646376129,235.72541874604426,2030.0324116775291,264.6883826900502

142.48747000361217,190.13768769881062,190.86095689627533,1280.6023073335116
70.818138404865,42.98041305077642,239.72014133241083,106.00055491812044
1.2572549609636117,3521.9635934242956,143.48829204188493,259.14916387607417
4258.946538145816,1.5257102116384655,70.11538555452286,1216.4296927745263

Iteration: ,32500
Error:,0.05032074448590285
Absolute Error:,0.1362087767791385
Transition Probabilities
0.0001425313568985174,0.0001425313568985174,0.2315984407576843,0.7681164965285187
0.6970194058489682,0.30260801590960107,0.00018628912071534998,0.00018628912071534998
0.08059286123512548,0.10937709075367542,0.6396407302887679,0.17038931772243102
0.1290509735872715,0.08152545348983249,0.6971586884708584,0.09226488445203761

0.08048416437252996,0.10393121766592109,0.10545515432774556,0.7101294636338034
0.14753011324890797,0.09494731176736079,0.5301974501204221,0.22732512486330925
0.0002958863224011178,0.896921573881658,0.03560009061684708,0.0671824491790938
0.76650260242216,0.000255619640550206,0.012507149006869259,0.22073462893042062

Transition Gammas
1.0,1.0,1624.894660355916,5389.105339644097
3741.6001705972662,1624.3998294027408,1.0,1.0
117.09753800287076,158.9196343805923,929.3671123631549,247.56745574618787
408.8005131677611,258.2518077660215,2208.4206084157745,292.27158124343924

157.27847448258171,203.0976340880333,206.0756414420071,1387.7025324944398
74.14754493533904,47.71981740353027,266.47332122004707,114.25192823037807
1.260086034007771,3819.7046070835104,151.60949864687166,286.10875032692326
4604.392197974324,1.5355108709078304,75.13062463734987,1325.956102508078

Iteration: ,35000
Error:,0.04914619797614991
Absolute Error:,0.13554906466049294
Transition Probabilities
0.00013239772275916838,0.00013239772275916838,0.23079250483237543,0.7689426997221062
0.6958897869634428,0.30376347239855445,0.00017337031900138678,0.00017337031900138678
0.08112561723305282,0.10834937398586862,0.6391382152123906,0.17138679356868802
0.12950173879260393,0.08174832868028632,0.6959796903204849,0.09277024220662476

0.08105046294852644,0.10378608988659518,0.10446997850041263,0.7106934686644657
0.14665939201228764,0.09305692147134907,0.5377728100301857,0.22251087648617743
0.0002758925518049194,0.8958636510462372,0.034758253474328274,0.06910220292762967
0.7662842813744053,0.0002382915216223496,0.012089231090806769,0.22138819601316562

Transition Gammas
1.0,1.0,1743.1757889989337,5807.824211001075
4013.8922912051426,1752.107708794864,1.0,1.0
127.6213291138139,170.44790028534243,1005.4489727765447,269.6141013627852
443.620318586974,280.03654585039794,2384.1435244703475,317.79314151914724

170.2568306830639,218.01591366975094,219.45250889318277,1492.902238433978
79.72552389997175,50.586680573449016,292.3387205588878,120.95915548194893
1.2623128785289712,4098.915381091072,159.03216925857075,316.1687407637873
4963.200214070074,1.5434070094793835,78.30158571205016,1433.9246785466323

Iteration: ,37500
Error:,0.047441267303759124
Absolute Error:,0.13572667792658055
Transition Probabilities
0.00012379301807378045,0.00012379301807378045,0.23245355533277062,0.7672988586310818
0.6957475505568255,0.303930128734069,0.00016116035455277983,0.00016116035455277983
0.0814331210590241,0.11038772686056157,0.6391945135497137,0.1689846385307006
0.12879458151634512,0.08141162512178647,0.6969345491180206,0.09285924424384785

0.07976531341127333,0.10385794291576228,0.10469293114200513,0.7116838125309592
0.14607338052953797,0.0888990222968271,0.5404206719148031,0.22460692525883183
0.0002570254240391018,0.8955568399041903,0.034556506690158605,0.06962962798161204
0.7653749700747635,0.00022354033199198256,0.012284358142179192,0.22211713145106537

Transition Gammas
1.0,1.0,1877.7598199781241,6198.240180021889
4317.113551205107,1885.8864487949004,1.0,1.0
136.50342147686484,185.0389891675466,1071.4588481207084,283.26289151747653
471.1804840525074,297.83526978203247,2549.6566263905324,339.7150962132173

180.34218968740913,234.81345513288463,236.70128831053952,1609.0530034672613
84.17313927664995,51.227059702610866,311.4113216258935,129.42720935036306
1.2638832928822699,4403.764071250604,169.92634728392244,342.39306801874613
5312.325278267797,1.5515518573038587,85.26344450435683,1541.6736871190926

Iteration: ,40000
Error:,0.05006900309891284
Absolute Error:,0.1350374765215594
Transition Probabilities
0.00011625203441060197,0.00011625203441060197,0.23023007782103097,0.7695374181101478
0.6977024563656095,0.30199294418266953,0.00015229972586049332,0.00015229972586049332
0.0808038396156518,0.10989181837193163,0.6431765501234308,0.16612779188898588
0.1305854793636573,0.08078406505724113,0.6940493118878293,0.09458114369127238

0.07920082494577216,0.10318299199852807,0.10436755464507316,0.7132486284106265
0.14914349497477788,0.09307298760962356,0.538768060059501,0.21901545735609756
0.0002421380910897196,0.8952762750644915,0.033932014674476686,0.0705495721699422
0.7653383551167897,0.0002100780965872087,0.012090041918955227,0.22236152486766791

Transition Gammas
1.0,1.0,1980.439129416512,6619.560870583504
4581.114328496596,1982.8856715034099,1.0,1.0
145.29519495576108,197.59894146540177,1156.510169388736,298.71810578423094
511.0487423884542,316.1499659357983,2716.175104033506,370.14509402290025

192.2642096809146,250.4821941272991,253.35778287541456,1731.4489330288943
93.11144093965919,58.10618820724737,336.3570795554216,136.73304910772958
1.2656580733695508,4679.617487410269,177.36295898414662,368.76327548386365
5686.885424542271,1.5609959405667997,89.8356690362391,1652.2685767603616

Iteration: ,42500
Error:,0.049790004957914274
Absolute Error:,0.13545325718477108
Transition Probabilities
0.00010909884355225815,0.00010909884355225815,0.22901591131380897,0.7707658909990865
0.698177365472217,0.3015344916088952,0.00014407145944388402,0.00014407145944388402
0.08161090827553104,0.11226739549452923,0.6379926927500669,0.16812900347987286
0.13138855635638572,0.08087419135871388,0.6930136677445233,0.09472358454037708

0.078537588663697,0.10222181224601104,0.10377189539689631,0.7154687036933957
0.14815544924145846,0.09257741410156725,0.5407477940776642,0.2185193425793102
0.00022939634362772687,0.8942181049534467,0.033112031086849535,0.07244046761607614
0.7656694154492099,0.00019747013839992985,0.011633029746528176,0.22250008466586205

Transition Gammas
1.0,1.0,2099.1598431023767,7064.84015689764
4846.049093742663,2092.950906257344,1.0,1.0
155.97160384197133,214.56109366317048,1219.3068994126259,321.3216330906901
548.4293630052571,337.57720215843625,2892.71040716929,395.3859953384653

201.86473385637618,262.74016397062786,266.7243342008675,1838.965289246189
98.07721783100102,61.28519238109405,357.9688729839004,144.65731278982125
1.266935927388139,4938.688325063281,182.8748494823527,400.08236211708675
6081.038549422934,1.5683315798442143,92.39092081759414,1767.122422291303

Iteration: ,45000
Error:,0.048971150752057234
Absolute Error:,0.13389768650011208
Transition Probabilities
0.00010334849111202961,0.00010334849111202961,0.22872092055226573,0.7710723824655104
0.6987235798121025,0.301004237280984,0.0001360914534567228,0.0001360914534567228
0.08202286384425914,0.11289961151358657,0.6416923323810733,0.1633851922610811
0.1311088890160999,0.08084002874536925,0.6945288480796619,0.09352223415886893

0.07843284623919503,0.10236962122565994,0.10393967948950528,0.7152578530456397
0.14438350803240668,0.09100865832243751,0.5496081688872795,0.2149996647578762
0.0002162748235871965,0.8937877504987001,0.032555519774344954,0.07344045490336776
0.7644135275973822,0.00018808975071081522,0.011559728387708048,0.22383865426419872

Transition Gammas
1.0,1.0,2213.1036272637266,7460.896372736289
5134.220864459334,2211.7791355406725,1.0,1.0
168.90928618342232,232.49362308726933,1321.433911618396,336.458334960856
581.7436800832326,358.69555583367384,3081.696222414148,414.9678109354223

212.07787534367927,276.8015290821606,281.04687572872547,1934.0158246226827
103.41335312495214,65.18411035153643,393.6517710647508,153.99152269082023
1.2687672403435675,5243.36859392197,190.98560015883132,430.83536840687697
6392.857504398516,1.5730111136460725,96.67502432150968,1871.982335510212

Iteration: ,47500
Error:,0.047161048490791654
Absolute Error:,0.13320954359927895
Transition Probabilities
9.785693316371445e-05,9.785693316371445e-05,0.2282678319671288,0.7715364541665438
0.7007824912544198,0.29895844138806726,0.00012953367875647662,0.00012953367875647662
0.08327580485260207,0.11319141322848034,0.6398238867278158,0.16370889519110188
0.13018242941451227,0.07989697872332192,0.6969502547864053,0.09297033707576058

0.07866162629731113,0.1014752469263307,0.10411793355518593,0.7157451932211722
0.14037680945986614,0.08870585716847541,0.5552413421612257,0.21567599121043285
0.0002047892880470188,0.893380031799275,0.03231838863507633,0.07409679027760166
0.7639742611070625,0.0001786761546441991,0.011544137833641378,0.224302924904652

Transition Gammas
1.0,1.0,2332.6689748720937,7884.331025127926
5410.040832484124,2307.9591675158804,1.0,1.0
182.81196039695783,248.4844690366756,1404.579148151677,359.38342616175026
610.6091290372841,374.74968634683927,3268.983302672947,436.0691131932781

222.93047801642976,287.58527339137186,295.07476249996995,2028.4530790105475
107.77477235685603,68.10422319639278,426.28842673369,165.58597495542375
1.2708562516478648,5544.028251364413,200.55749317631341,459.82077504810974
6746.528063622132,1.577859036586375,101.94433743373084,1980.7813622266722

Iteration: ,50000
Error:,0.04909399716521562
Absolute Error:,0.13252056439968907
Transition Probabilities
9.290226681531012e-05,9.290226681531012e-05,0.22778463712525548,0.7720295583411139
0.6995630555538713,0.300191093186141,0.00012292562999385365,0.00012292562999385365
0.08468225461707256,0.1126745122180181,0.6386758957363089,0.16396733742860045
0.12889860739068676,0.07968077644645297,0.6975795473473327,0.09384106881552752

0.07980762526046824,0.10183935178915672,0.10439535829535501,0.7139576646550201
0.13752162395517126,0.08970245329834656,0.5569057951144308,0.21587012763205146
0.00019471590140797513,0.8926119608944939,0.03239925901140951,0.07479406419268869
0.7637161436337098,0.0001701757966307993,0.011407141916920757,0.22470653865273876

Transition Gammas
1.0,1.0,2451.8738340162545,8310.126165983766
5690.945456930745,2442.054543069258,1.0,1.0
195.59273342522152,260.2471548700664,1475.1657804193796,378.719483380995
636.5480505605069,393.4925593137314,3444.900685613681,463.4212163051994

236.7042948852168,302.04898188795516,309.62993315416685,2117.552615285913
111.69542550085998,72.85656903597872,452.3203548663594,175.33028672383026
1.2724914182648057,5833.3246122457795,211.73298509285837,488.78804521942965
7104.838660645955,1.5831426231951125,106.1204527027577,2090.4412148784186

Iteration: ,52500
Error:,0.04896405786965207
Absolute Error:,0.13229268833543784
Transition Probabilities
8.826125330979683e-05,8.826125330979683e-05,0.2284301060346512,0.7713933714587292
0.7005566108250354,0.299208757546621,0.00011731581417175025,0.00011731581417175025
0.08594364132266542,0.11205904557735788,0.6380793878244772,0.1639179252754995
0.1300726349545144,0.07958874376238047,0.695649861259409,0.09468876002369628

0.08064330768067897,0.10171996919885579,0.10386142724411448,0.7137752958763508
0.13646381514368702,0.09009012814241149,0.5583310384144947,0.21511501829940677
0.00018583640911231265,0.8931961100461017,0.031441901788403795,0.07517615175638226
0.7637750169479307,0.0001624760464411109,0.011266104750981342,0.2247964022546468

Transition Gammas
1.0,1.0,2588.113101372603,8739.88689862742
5971.544550672606,2550.4554493274,1.0,1.0
209.37033147856965,272.99098754285745,1554.4476692218227,399.3262307953881
675.3102472884217,413.20831434177535,3611.6703563168894,491.6044790620047

249.79425679929142,315.07963696487434,321.7128460465304,2210.9332402525556
116.85171344070964,77.14269036410477,478.0896564936947,184.19944106537122
1.274015830262972,6123.374795949208,215.55238181443136,515.3759042879444
7463.472916059477,1.5876868779596685,110.09036144497323,2196.6702531847113

Iteration: ,55000
Error:,0.046946932872352166
Absolute Error:,0.13201012850437652
Transition Probabilities
8.421761832575365e-05,8.421761832575365e-05,0.22943613548467504,0.7703954292786734
0.7003599171454887,0.29941729127603284,0.00011139578923916671,0.00011139578923916671
0.08595342055249852,0.11101789069698374,0.6389826299337305,0.16404605881678716
0.13004934251215497,0.07963754088416386,0.6948951510950048,0.09541796550867641

0.08159741182030941,0.10281908478602461,0.10400945091300122,0.7115740524806647
0.135897498526874,0.0885901144654412,0.5613963745807239,0.21411601242696088
0.00017704856207762228,0.8942314759624131,0.031225294238432476,0.07436618123707676
0.7638543111029108,0.00015598851059581086,0.01113262376112674,0.22485707662536653

Transition Gammas
1.0,1.0,2724.3246727450346,9147.67532725498
6287.130976215055,2687.869023784948,1.0,1.0
218.1212245953753,281.726522518454,1621.5256221384593,416.2943953732213
707.032860341257,432.9614993371577,3777.90227020987,518.7541572940859

264.6670884879251,333.5011148544425,337.36215321378825,2308.0417443673946
121.72159232260887,79.34899401141857,502.83530880881005,191.78088086163902
1.2752358098898104,6440.9221238291075,224.90786098413616,535.6407092235992
7796.470557609035,1.5921358464672934,113.62791584856268,2295.060133978248

Iteration: ,57500
Error:,0.046350958856454266
Absolute Error:,0.13133563296871587
Transition Probabilities
8.073631519457436e-05,8.073631519457436e-05,0.2288241071253495,0.7710144202442614
0.6993234052743496,0.3004636475365534,0.00010647359454855196,0.00010647359454855196
0.08689432509100814,0.11026674722366579,0.6399845784184987,0.1628543492668274
0.1294672670759714,0.08005417606167001,0.6959361207925079,0.09454243606985052

0.08201711216540597,0.1021621837162826,0.10434226958815528,0.7114784345301562
0.1339759013597312,0.08932497981433239,0.5633005207915167,0.21339859803441968
0.00016971087420809288,0.8935892314438384,0.030726443897222688,0.07551461378473065
0.7631010996506693,0.00014996484117294948,0.01100212855431237,0.2257468069538453

Transition Gammas
1.0,1.0,2834.2153908545843,9549.78460914544
6568.045422336691,2821.9545776633095,1.0,1.0
232.900004971123,295.544340204546,1715.3296413661242,436.49316240259276
737.5452033275109,456.050203994605,3964.587801267746,538.5864845150314

278.28420062846146,346.6364625543995,354.0334976137658,2414.047534596388
125.05062441667002,83.37428140749269,525.7742709271063,199.1822981820743
1.276402125597761,6720.719575268058,231.09478685724173,567.9483651138239
8130.991318546849,1.5979046842190456,117.22982944409627,2405.3763365976793

Iteration: ,60000
Error:,0.04787922620106347
Absolute Error:,0.1307761763245133
Transition Probabilities
7.74233508826262e-05,7.74233508826262e-05,0.229300530172496,0.7705446231257388
0.6995897099485858,0.3002068519474574,0.00010171905197843556,0.00010171905197843556
0.08786559234439179,0.10940952332873086,0.6411756478402783,0.1615492364865992
0.12890047065747032,0.08083669335645326,0.6963613811065804,0.09390145487949594

0.08277189624151343,0.10200338436592592,0.10482368565013915,0.7104010337424216
0.13515052330660948,0.08987617421377073,0.5633949203186988,0.21157838216092106
0.00016217399338213365,0.8937839249554603,0.030612374381347465,0.07544152666981022
0.7622727910382625,0.00014464525615245683,0.01129811404771116,0.22628444965787387

Transition Gammas
1.0,1.0,2961.6456477079582,9952.354352292043
6877.666438504547,2951.3335614954535,1.0,1.0
245.97126167352116,306.2814211367934,1794.9094616634286,452.2415255024353
766.7917593561665,480.8741969922159,4142.453210937591,558.5926988931402

291.7415294537489,359.52569308722326,369.4662531992686,2503.9112732757767
