0,1,2,3,4,5,6,7,8,9,10,11,12,13,14,15,16,17,18,19,20,21,22,23,24,25,26,27,28,29
github Code Version (SHA):,ddb97f21bb9c22f159e8ea0ce9d830001061547e
Environment Observations,Environment Actions,alpha,epsilon,numActions,explore,patience,gainThresh,insertRandActions,useBudd,revisedSplitting,haveControl,confidence_factor
"['square', 'diamond']","['x', 'y']",0.99,0.99,75000,0.5,0,0.01,False,True,False,False,250

Model Num 0
Model States: 
['square'],['diamond']
Iteration: ,0
Error:,0.6761971654909803
Absolute Error:,1
Transition Probabilities
0.5,0.5
0.5,0.5

0.5,0.5
0.5,0.5

Transition Gammas
1.0,1.0
1.0,1.0

1.0,1.0
1.0,1.0

Iteration: ,2500
Error:,0.2606304945775867
Absolute Error:,1
Transition Probabilities
0.9851485148514851,0.01485148514851485
0.9870967741935484,0.012903225806451613

0.23047375160051217,0.7695262483994878
0.3407079646017699,0.6592920353982301

Transition Gammas
796.0,12.0
459.0,6.0

180.0,601.0
154.0,298.0

Iteration: ,2765
Error:,0.25908055967994126
Absolute Error:,1
Transition Probabilities
0.9843225083986562,0.015677491601343786
0.9884615384615385,0.011538461538461539

0.21794871794871795,0.782051282051282
0.34,0.66


Model Num 1
Model States: 
['diamond'],"['square', 'y', 'diamond']","['square', 'y', 'square']"
Iteration: ,0
Error:,0.615593359856835
Absolute Error:,1
Transition Probabilities
0.3333333333333333,0.3333333333333333,0.3333333333333333
0.3333333333333333,0.3333333333333333,0.3333333333333333
0.3333333333333333,0.3333333333333333,0.3333333333333333

0.3333333333333333,0.3333333333333333,0.3333333333333333
0.3333333333333333,0.3333333333333333,0.3333333333333333
0.3333333333333333,0.3333333333333333,0.3333333333333333

Transition Gammas
1.0,1.0,1.0
1.0,1.0,1.0
1.0,1.0,1.0

1.0,1.0,1.0
1.0,1.0,1.0
1.0,1.0,1.0

Iteration: ,2500
Error:,0.12689749837228
Absolute Error:,1
Transition Probabilities
0.0220440881763527,0.9591814511604385,0.018774460663208863
0.019968395463699128,0.9723526083596848,0.007678996176615924
0.02885566608628385,0.9464340184659089,0.024710315447807288

0.6603053435114504,0.011904664045418439,0.3277899924431313
0.9969604863221885,0.001519756838905775,0.001519756838905775
0.0021551724137931017,0.02686188526126341,0.9709829423249434

Transition Gammas
11.0,478.6315441290589,9.368455870941224
3.7267848900228437,181.4742208605016,1.433163068789402
4.733461871289961,155.2523281460338,4.053461654636384

346.0,6.238043959799262,171.7619560402008
656.0,1.0,1.0
1.0,12.463914761226231,450.5360852387741

Iteration: ,5000
Error:,0.1320128363486462
Absolute Error:,1
Transition Probabilities
0.020325203252032523,0.9629968323786371,0.016677964369330327
0.019219255966652547,0.9573877239507131,0.023393020082634216
0.026797212373308343,0.9575662629406523,0.015636524686039377

0.6567164179104477,0.008231134694648819,0.33505244739490353
0.9984544049459042,0.0007727975270479134,0.0007727975270479134
0.0010152284263959387,0.032070744198845764,0.9669140273747583

Transition Gammas
20.0,947.5888830605787,16.41111693942104
7.619224831958984,379.5439497134952,9.27385949889951
8.62990309444399,308.37924260800554,5.035661579068246

660.0,8.272290368122064,336.7277096318781
1292.0,1.0,1.0
1.0,31.589683035863086,952.4103169641372

Iteration: ,7500
Error:,0.12510103241024287
Absolute Error:,1
Transition Probabilities
0.018145161290322582,0.9647540232671699,0.01710081544250748
0.01642896206582706,0.9573933095570092,0.026177728377163693
0.0238679396073759,0.959813407957872,0.016318652434752185

0.6651131824234352,0.005519596392028548,0.32936722118453615
0.9989711934156379,0.00051440329218107,0.00051440329218107
0.0006765899864682003,0.027543576451065515,0.9717798335624662

Transition Gammas
27.0,1435.5539866215488,25.44601337845113
9.560293895494013,557.1235344187222,15.233267676882885
11.561417481327112,464.9250708740293,7.9046099761598825

999.0,8.290433780826882,494.70956621917344
1942.0,1.0,1.0
1.0,40.70940599467483,1436.2905940053251

Iteration: ,10000
Error:,0.12671264910784671
Absolute Error:,1
Transition Probabilities
0.018301982714794104,0.9636559200196377,0.018042097265568147
0.017525720436067864,0.9627068386237027,0.019767440940229464
0.0222422403804712,0.964154634090234,0.013603125529294805

0.6638572136836886,0.0051074845287128355,0.3310353017875986
0.9992251065478497,0.0003874467260751647,0.0003874467260751647
0.0005181347150259068,0.027883004723666335,0.9715988605613077

Transition Gammas
36.0,1895.5111946786271,35.48880532137254
14.41080362788458,791.6010787252084,16.254094127234993
14.504937664725848,628.7587323673702,8.871070740747111

1339.0,10.30179629441379,667.6982037055865
2579.0,1.0,1.0
1.0,53.814199116676015,1875.1858008833235

Iteration: ,11573
Error:,0.12425236200610734
Absolute Error:,1
Transition Probabilities
0.019745502413339194,0.9629142125882096,0.017340284998451288
0.018131893377132145,0.9628029268180789,0.01906517980478895
0.01932409409665722,0.9688527022993243,0.011823203604018461

0.6624999999999999,0.004873820935257131,0.3326261790647429
0.9993299832495812,0.00033500837520938025,0.00033500837520938025
0.0004452359750667852,0.02799600850638105,0.9715587555185522


Model Num 2
Model States: 
"['square', 'y', 'diamond']","['square', 'y', 'square']","['diamond', 'y', 'diamond']","['diamond', 'y', 'square', 'y', 'square']"
Iteration: ,0
Error:,0.6761602513390331
Absolute Error:,0.74
Transition Probabilities
0.25,0.25,0.25,0.25
0.25,0.25,0.25,0.25
0.25,0.25,0.25,0.25
0.25,0.25,0.25,0.25

0.25,0.25,0.25,0.25
0.25,0.25,0.25,0.25
0.25,0.25,0.25,0.25
0.25,0.25,0.25,0.25

Transition Gammas
1.0,1.0,1.0,1.0
1.0,1.0,1.0,1.0
1.0,1.0,1.0,1.0
1.0,1.0,1.0,1.0

1.0,1.0,1.0,1.0
1.0,1.0,1.0,1.0
1.0,1.0,1.0,1.0
1.0,1.0,1.0,1.0

Iteration: ,2500
Error:,0.034029163124199416
Absolute Error:,0.03320820546618819
Transition Probabilities
0.9510679841841008,0.020024294406653972,0.014096918012698165,0.014810803396547001
0.9594706113076625,0.011652349255978668,0.021724570133355162,0.007152469303003513
0.9355514771277097,0.03253289308436559,0.020949806546378215,0.01096582324154632
0.9290479726640256,0.023734486610003498,0.03138965678092062,0.015827883945050338

0.0023094688221709002,0.0023094688221709002,0.9577481345707026,0.037632927784955576
0.01373514659143212,0.9839947058489765,0.0011350737797956865,0.0011350737797956865
0.0029411764705882357,0.0029411764705882357,0.021525170559366872,0.9725924764994567
0.02099002885233632,0.9720895559227503,0.0034602076124567492,0.0034602076124567492

Transition Gammas
127.7575541319924,2.6898759280680817,1.8936477686677367,1.9895444365062065
261.06394515155046,3.1705069766582756,5.911074209980807,1.9461271995320208
85.3152067583195,2.9667533725245456,1.9104636364195149,1.0
58.696915891562085,1.4995363051942074,1.9831871960835756,1.0

1.0,1.0,414.70494226911427,16.295057730885766
12.1006641470517,866.8993358529485,1.0,1.0
1.0,1.0,7.318557990184735,330.6814420098152
6.066118338325193,280.93388166167466,1.0,1.0

Iteration: ,5000
Error:,0.026329889862648444
Absolute Error:,0.027870619029430575
Transition Probabilities
0.9565039478702122,0.02474155105234889,0.010705537454329853,0.008048963623109001
0.9669252237966178,0.00940021881492523,0.02007914943954928,0.003595407948907698
0.9548643723245988,0.02044850317091229,0.01952821181836386,0.005158912686125073
0.9543241607246724,0.012578457683719088,0.024757934534512915,0.008339447057095632

0.001137656427758817,0.001137656427758817,0.9573582557698352,0.04036643137464713
0.01490746763930753,0.9839062927402891,0.0005931198102016608,0.0005931198102016608
0.0014727540500736385,0.0014727540500736385,0.02410647654488207,0.9729480153549707
0.029535614726042436,0.9670161094118886,0.0017241379310344832,0.0017241379310344832

Transition Gammas
296.71500557892244,7.67502264352914,3.3209414478212516,2.4968514679454223
523.378571968689,5.08816295042026,10.86846873096741,1.9461271995320208
185.09023711386166,3.963723446203822,3.7853348188824953,1.0
114.43494445026595,1.5083083563695854,2.9687741123612734,1.0

1.0,1.0,841.5179068216851,35.48209317831482
25.133990439872495,1658.8660095601274,1.0,1.0
1.0,1.0,16.368297573974917,660.6317024260247
17.13065654110461,560.8693434588953,1.0,1.0

Iteration: ,7500
Error:,0.024556367169446293
Absolute Error:,0.027063161509731398
Transition Probabilities
0.9553884419104319,0.026368835964144566,0.010263672368924262,0.007979049756499261
0.9694605397426508,0.010967453398426407,0.015959245170484634,0.003612761688438275
0.9629096610585707,0.017253980052766932,0.013179513782571683,0.006656845106090615
0.9521657798346372,0.017523836409019562,0.0246864650779229,0.005623918678420222

0.0007524454477050419,0.0007524454477050419,0.9581236696548163,0.04037143944977353
0.01736006572879402,0.9818360757503056,0.0004019292604501608,0.0004019292604501608
0.0009746588693957125,0.0009746588693957125,0.022832814009075445,0.9752178682521331
0.029198728769832163,0.9684837741270392,0.0011587485515643099,0.0011587485515643099

Transition Gammas
458.7665537035632,12.662012088251,4.9284975560498845,3.8314480247413303
780.0830380375877,8.82503620915943,12.841715518078908,2.907033342863916
276.56069317696205,4.95557670301996,3.7853348188824953,1.9119360531580591
186.34303144560155,3.4294918680868998,4.831249805149519,1.1006256235362375

1.0,1.0,1273.34635697125,53.65364302874899
43.19184353323951,2442.80815646676,1.0,1.0
1.0,1.0,23.42646717331138,1000.5735328266875
25.19850292836517,835.8014970716353,1.0,1.0

Iteration: ,10000
Error:,0.02060778340905366
Absolute Error:,0.0246041979654334
Transition Probabilities
0.9624371574901451,0.02351534120796032,0.007903368256854112,0.006144133045040415
0.9668959229899011,0.012784547820130124,0.017528122787937576,0.002791406402031191
0.9690995358788961,0.01687041288488586,0.009321733624390626,0.004708317611827466
0.9562649967716692,0.020838753416785365,0.018647981362816847,0.004248268448728503

0.0005602240896358547,0.0005602240896358547,0.9619840581206202,0.03689549370010814
0.01723771605443682,0.9821602369859004,0.00030102347983142696,0.00030102347983142696
0.0007342143906020566,0.0007342143906020566,0.02530694083116505,0.9732246303876307
0.024882452670399985,0.9733554327921551,0.0008810572687224668,0.0008810572687224668

Transition Gammas
600.170588587738,14.664039167427457,4.9284975560498845,3.8314480247413303
1030.9397371987368,13.631351685849744,18.689124517874603,2.9762994279943458
393.5283246591437,6.8506743354036725,3.7853348188824953,1.9119360531580591
247.7455864759922,5.398826898505409,4.831249805149519,1.1006256235362375

1.0,1.0,1717.1415437453056,65.85845625469298
57.2636927328391,3262.73630726716,1.0,1.0
1.0,1.0,34.46805341204676,1325.5319465879516
28.241583780903987,1104.7584162190963,1.0,1.0

Iteration: ,12500
Error:,0.02000996825847819
Absolute Error:,0.02405872376033979
Transition Probabilities
0.966832582182536,0.019014318258854218,0.009068387939048237,0.0050847116195615345
0.9673860065068506,0.013979594585632405,0.016383602459498884,0.00225079644801814
0.973509256085743,0.013495693835829629,0.00889272351125665,0.004102326567170726
0.9469290056597192,0.024306563238908455,0.02556188824491181,0.0032025428564606646

0.0004480286738351257,0.0004480286738351257,0.9646040726959285,0.034499869956401245
0.016668284750352674,0.9828437913657733,0.00024396194193705792,0.00024396194193705792
0.0005834305717619611,0.0005834305717619611,0.027151890062269327,0.9716812487942068
0.02092660171968937,0.9776438057141921,0.000714796283059328,0.000714796283059328

Transition Gammas
797.5943898314495,15.685976920116417,7.481021511162208,4.194663622649186
1279.2051544026913,18.485660667114775,21.66455641585422,2.9762994279943458
495.1058703083609,6.863619631999783,4.522647921351209,2.0863550630167635
325.4333740440856,8.353495181767038,8.784915752669255,1.1006256235362375

1.0,1.0,2152.996290257311,77.00370974268753
68.32329919169558,4028.676700808303,1.0,1.0
1.0,1.0,46.53833956672956,1665.4616604332682
29.276315805845435,1367.7236841941549,1.0,1.0

Iteration: ,15000
Error:,0.01993805460244481
Absolute Error:,0.023735733994559405
Transition Probabilities
0.9670765602122362,0.018026825496089388,0.01045603660742457,0.0044405776842498445
0.9702990087666696,0.01352481896349383,0.01428589605124623,0.0018902762185903526
0.9756933257739284,0.012369678290113484,0.008387205084020232,0.0035497908519378295
0.9474040151004115,0.026850113050141722,0.020852450711685143,0.004893421137761608

0.0003685956505713236,0.0003685956505713236,0.9660318954029633,0.033230913295894074
0.01700671498043899,0.9825804031037888,0.00020644095788604436,0.00020644095788604436
0.0004819277108433738,0.0004819277108433738,0.02920879218263127,0.969827352395682
0.022802637569346973,0.9760068862401767,0.0005952380952380953,0.0005952380952380953

Transition Gammas
948.04761323885,17.672115723795567,10.250295537544021,4.3532014404638835
1537.4426596687308,21.43012973413471,22.636059423266612,2.9951502276727178
615.3312627288643,7.80106777482349,5.289479141432521,2.238712953799978
399.1312374489297,11.311667120400477,8.784915752669255,2.0615462917016845

1.0,1.0,2620.8445322282373,90.15546777176056
82.38052736524655,4759.6194726347585,1.0,1.0
1.0,1.0,60.608243778959846,2012.3917562210388
38.30843111650291,1639.6915688834968,1.0,1.0

Iteration: ,17500
Error:,0.019019170087514106
Absolute Error:,0.022690556010466816
Transition Probabilities
0.9702504924220885,0.016217549066381915,0.009623636182166356,0.003908322329363053
0.96965136697358,0.013224616062346704,0.015483477379437286,0.0016405395846360317
0.9756012507018252,0.010479316905945519,0.00815971148844785,0.005759720903781396
0.9531973823435743,0.023903152231404597,0.018547050062686112,0.00435241536233496

0.00031675641431739014,0.00031675641431739014,0.9653793145763192,0.033987172595045995
0.017668552253545973,0.9819796447561286,0.00017590149516270883,0.00017590149516270883
0.0004168403501458945,0.0004168403501458945,0.028619239751976923,0.9705470795477313
0.021590515508869892,0.9773895966787894,0.0005099439061703213,0.0005099439061703213

Transition Gammas
1117.3553521365745,18.67637830579555,11.082727068053758,4.5008839538820045
1786.692847375328,24.36785811134068,28.53006681430487,3.022880636835274
726.7957910724718,7.806799565987428,6.078758060122787,4.290831840989378
451.48736166943945,11.321864008906745,8.784915752669255,2.0615462917016845

1.0,1.0,3047.7024961174375,107.29750388256014
100.4457195614089,5582.554280438593,1.0,1.0
1.0,1.0,68.65755616499257,2328.3424438350053
42.33900091289385,1916.660999087106,1.0,1.0

Iteration: ,20000
Error:,0.01859448951052205
Absolute Error:,0.023376458727386314
Transition Probabilities
0.9697585094073595,0.01629858560693799,0.010367615653168627,0.00357528933253382
0.9687635600571609,0.013436123810955929,0.0163565369657632,0.0014437791661198658
0.9726733030433922,0.012170455884531957,0.008765169075740067,0.006391071996335855
0.9502095926906918,0.02262412031640696,0.02332438927643337,0.0038418977164678394

0.00027616680475006937,0.00027616680475006937,0.9667370178967719,0.03271064849372799
0.017919704064103394,0.9817700260010533,0.00015513496742165672,0.00015513496742165672
0.00036403349108117967,0.00036403349108117967,0.02938573363771219,0.9698861993801255
0.019844327988271383,0.9792612176289021,0.00044722719141323804,0.00044722719141323804

Transition Gammas
1287.7428697194387,21.642900988487046,13.767162653224377,4.747628714253856
2039.8114058167725,28.29086448909896,34.440034739187354,3.0399958585954265
847.6270958266414,10.60583049212349,7.638325000647823,5.56944020003751
517.4439859837892,12.320139773319635,12.70147665386062,2.092135128337155

1.0,1.0,3500.554741804207,118.44525819578892
115.51041239721056,6328.489587602794,1.0,1.0
1.0,1.0,80.72261030279535,2664.2773896972035
44.37191738177481,2189.6280826182247,1.0,1.0

Iteration: ,22500
Error:,0.018163846476252767
Absolute Error:,0.022783910402193984
Transition Probabilities
0.970860129448999,0.015609335404460231,0.009737692537433385,0.0037928426091074358
0.9680004537493336,0.014472506565198348,0.015834747373646374,0.0016922923118215972
0.9729550494217764,0.011731897329029722,0.009337489201189595,0.005975564048004334
0.9539460946650784,0.02264162560412618,0.020101279443617604,0.0033110002871777444

0.0002447381302006854,0.0002447381302006854,0.9670637985047565,0.03244672523484204
0.017565553113503815,0.9821569003974593,0.00013877324451845685,0.00013877324451845685
0.00032268473701193965,0.00032268473701193965,0.029946558398613474,0.9694080721273627
0.01974413302144607,0.9794565064669633,0.00039968025579536365,0.00039968025579536365

Transition Gammas
1469.7685115590475,23.63070535903045,14.741725849722366,5.741919424922077
2286.043496861201,34.17847521507476,37.395562282802494,3.9965413438016517
957.5337184327005,11.545946835275316,9.189490060156263,5.880851398036115
602.7737729041495,14.306655445634943,12.70147665386062,2.092135128337155

1.0,1.0,3951.4226806904335,132.5773193095645
126.5773757359085,7077.422624264092,1.0,1.0
1.0,1.0,92.80438447730306,3004.195615522694
49.399820819658075,2450.6001791803424,1.0,1.0

Iteration: ,25000
Error:,0.018492347905997873
Absolute Error:,0.02319597346331763
Transition Probabilities
0.9719979855204218,0.014927686285908074,0.00972778273085322,0.003346545462816819
0.9688496748394217,0.01344679039810123,0.01580882958476029,0.0018947051777166385
0.9716660332416333,0.0138559131059883,0.009154500397716054,0.005323553254662452
0.9567071427832126,0.02200482310428385,0.018277447878680395,0.0030105862338231306

0.00021973192704900058,0.00021973192704900058,0.9624825832907788,0.03707795285512324
0.018868194189591004,0.980881304808405,0.00012525050100200394,0.00012525050100200394
0.0002924831822170226,0.0002924831822170226,0.029793614968631664,0.9696214186669342
0.020620820156091107,0.9786610469893309,0.00035906642728904834,0.00035906642728904834

Transition Gammas
1667.729954980843,25.61255264766448,16.690687529669177,5.741919424922077
2534.2161883604113,35.17271543080762,41.35109180830412,4.9559726944591445
1073.3852516660104,15.30642449928584,10.1128426610704,5.880851398036115
664.8408201900452,15.291727203194911,12.70147665386062,2.092135128337155

1.0,1.0,4380.258236556328,168.7417634436656
150.64366240969466,7831.3563375903095,1.0,1.0
1.0,1.0,101.86436957775163,3315.1356304222472
57.42898413471375,2725.5710158652873,1.0,1.0

Iteration: ,27500
Error:,0.01774594723903129
Absolute Error:,0.02238147360826285
Transition Probabilities
0.9732354530042643,0.013712255174359065,0.009979178132688402,0.00307311368868821
0.9688672122978603,0.013626714878487874,0.015442212413395598,0.002063860410256143
0.9729326166094576,0.013642809018220842,0.00848838347897667,0.004936190893345008
0.9585234159308361,0.02173110504180306,0.01695304328501579,0.0027924357423450693

0.0002015722636565212,0.0002015722636565212,0.962936030317541,0.03666082515514591
0.018682665799914875,0.9810932194533347,0.00011205737337516804,0.00011205737337516804
0.00026745119015779634,0.00026745119015779634,0.029397797302444267,0.9700673003172402
0.019131941625638867,0.9802133938899095,0.0003273322422258592,0.0003273322422258592

Transition Gammas
1818.4291629683962,25.620485384238837,18.645465989675145,5.741919424922077
2780.350180882263,39.104470350873136,44.31438852696697,5.922643053800947
1159.1269993825897,16.253693226514386,10.1128426610704,5.880851398036115
718.1402527524373,16.281272849401407,12.70147665386062,2.092135128337155

1.0,1.0,4777.125646405313,181.87435359467855
166.7241095984404,8755.275890401563,1.0,1.0
1.0,1.0,109.91836411383906,3627.0816358861593
58.44808166632674,2994.5519183336737,1.0,1.0

Iteration: ,30000
Error:,0.01950548137890854
Absolute Error:,0.023246517487336013
Transition Probabilities
0.9727199513296315,0.013709783572544475,0.01071816060632741,0.0028521044914965837
0.9676375775595639,0.014394422740702215,0.016063819082071384,0.0019041806176624534
0.9723002597481911,0.01323328334826327,0.009765642098888758,0.004700814804656879
0.9571022954446187,0.02236380005733156,0.01797044522032355,0.0025634592777260853

0.00018501387604070315,0.00018501387604070315,0.9616950646156426,0.03793490763227597
0.019202533928697745,0.9805929670937973,0.0001022494887525561,0.0001022494887525561
0.00024545900834560644,0.00024545900834560644,0.0301878874512227,0.9693211945320861
0.0190599726887155,0.9803394267106839,0.00030030030030030023,0.00030030030030030023

Transition Gammas
1958.3011773240144,27.600837501351066,21.578036417807613,5.741919424922077
3024.5445755844908,44.99264417661683,50.21067597476484,5.9518969618866215
1263.6466994651257,17.19859133890435,12.691883276483328,6.109397846134347
781.1270306146736,18.251934840390824,14.666353409228899,2.092135128337155

1.0,1.0,5197.961824247545,205.0381757524515
187.8007818226642,9590.19921817735,1.0,1.0
1.0,1.0,122.98545347628122,3949.0145465237165
63.46970905342262,3264.5302909465777,1.0,1.0

Iteration: ,32500
Error:,0.018982865499217304
Absolute Error:,0.02366998541829467
Transition Probabilities
0.9720504656535038,0.01382453146192006,0.0114461002292595,0.0026789026553164876
0.9663331790328863,0.015328269696869672,0.016289344709046312,0.002049206561197725
0.972874350088791,0.013333795976296305,0.009521965209154208,0.004269888725758598
0.9576036313481795,0.02093198233061117,0.019066076337295856,0.0023983099839134355

0.00017038677798602848,0.00017038677798602848,0.9609388778650575,0.03872034857897047
0.019998122097415257,0.9798122145550267,9.483167377904204e-05,9.483167377904204e-05
0.00022716946842344404,0.00022716946842344404,0.03045072367353959,0.9690949373896136
0.01951206765355373,0.9799343757452837,0.0002767783005812344,0.0002767783005812344

Transition Gammas
2149.364227207202,30.56832379806016,25.309219266984098,5.923496504511848
3270.532885732326,51.87818364589182,55.13092038429613,6.935493464855489
1391.9979748268138,19.078123494636703,13.624119380169018,6.109397846134347
835.3533152948175,18.259747836326774,16.632048539332686,2.092135128337155

1.0,1.0,5639.750274190016,227.24972580997743
210.88019751724426,10332.119802482774,1.0,1.0
1.0,1.0,134.0440856109212,4265.9559143890765
70.49710043228963,3540.5028995677103,1.0,1.0

Iteration: ,35000
Error:,0.02007275057964268
Absolute Error:,0.023635410884073435
Transition Probabilities
0.9711598869815753,0.015314918521650463,0.011016662294310328,0.0025085322024640307
0.965319135034808,0.015394502303158784,0.01627816153838072,0.003008201123652412
0.9737349996378128,0.0135304951302403,0.008791966355403337,0.003942538876543552
0.9586076561248734,0.020452243616265325,0.01870030054004301,0.002239799718818247

0.00015855398763278894,0.00015855398763278894,0.9606085512904424,0.039074340734292015
0.01985877603392423,0.9799662305283297,8.749671887304215e-05,8.749671887304215e-05
0.0002121340687314384,0.0002121340687314384,0.03078341001469508,0.9687923218478421
0.019278304447013818,0.9802042311286654,0.000258732212160414,0.000258732212160414

Transition Gammas
2312.8113303099035,36.47238477871583,26.23611386552482,5.974054095601395
3499.852889168639,55.81417730943535,59.01796475670328,10.906508543866797
1508.9095366659644,20.966991168465704,13.624119380169018,6.109397846134347
902.221512937477,19.249224706827338,17.600332459086168,2.1080527346903377

1.0,1.0,6058.558132988821,246.44186701117977
226.9659512917203,11200.034048708294,1.0,1.0
1.0,1.0,145.11299480927252,4566.887005190725
74.5106466877084,3788.4893533122918,1.0,1.0

Iteration: ,37237
Error:,0.02064679283324339
Absolute Error:,0.024078584922821424
Transition Probabilities
0.970177442363983,0.01634147756264191,0.010717393989250213,0.0027636860841248083
0.965768296601444,0.015025125662338577,0.01634618011904129,0.0028603976171761945
0.9712963135870354,0.01446206066224798,0.01044840769203173,0.0037932180586849828
0.9590844036530811,0.020231565857576017,0.01857657377978062,0.0021074567095623648

0.00014932059130954157,0.00014932059130954157,0.9601903357162711,0.03951102310110979
0.02032452729919271,0.9795115920059532,8.19403474270729e-05,8.19403474270729e-05
0.00019984012789768193,0.00019984012789768193,0.030810405113084006,0.9687899146311206
0.019374053818925048,0.9801387354624392,0.00024360535931790506,0.00024360535931790506

*,*,*,*,*,*,*,*,*,*,*
Model Num 2
Model States: 
"['square', 'y', 'diamond']","['square', 'y', 'square']","['diamond', 'y', 'diamond']","['diamond', 'y', 'square', 'y', 'square']"
Iteration: ,37237
Error:,0.01951392942780321
Absolute Error:,0.024078584922821424
Transition Probabilities
0.970177442363983,0.01634147756264191,0.010717393989250213,0.0027636860841248083
0.965768296601444,0.015025125662338577,0.01634618011904129,0.0028603976171761945
0.9712963135870354,0.01446206066224798,0.01044840769203173,0.0037932180586849828
0.9590844036530811,0.020231565857576017,0.01857657377978062,0.0021074567095623648

0.00014932059130954157,0.00014932059130954157,0.9601903357162711,0.03951102310110979
0.02032452729919271,0.9795115920059532,8.19403474270729e-05,8.19403474270729e-05
0.00019984012789768193,0.00019984012789768193,0.030810405113084006,0.9687899146311206
0.019374053818925048,0.9801387354624392,0.00024360535931790506,0.00024360535931790506

Transition Gammas
2458.3991666482525,41.40879087428616,27.157539746145563,7.003093732559486
3714.390868837959,57.78734895287704,62.86818731595207,11.00122547807108
1598.489472898499,23.800617176903753,17.19523637702742,6.242604908922161
959.3556492743222,20.2372876935571,18.581827555440235,2.1080527346903377

1.0,1.0,6430.394678291867,264.6053217081323
248.04053115934838,11953.95946884068,1.0,1.0
1.0,1.0,154.17526718587231,4847.824732814126
79.5304909266873,4023.469509073312,1.0,1.0

