0,1,2,3,4,5,6,7,8,9,10,11,12,13,14,15,16,17,18,19,20,21,22,23,24,25,26,27,28,29
github Code Version (SHA):,528ca1c557fe8e6666681dc5c9134b0f84d30530
Environment Observations,Environment Actions,alpha,epsilon,numActions,explore,patience,gainThresh,insertRandActions,useUpdatedPosterior,revisedSplitting,haveControl,confidence_factor
"['diamond', 'square']","['x', 'y']",0.65,0.99,75000,0.5,0,0.01,False,True,False,False,250

Model Num 0
Model States: 
['diamond'],['square']
Iteration: ,0
Error:,0.31063442617289927
Absolute Error:,1
Transition Probabilities
0.5,0.5
0.5,0.5

0.5,0.5
0.5,0.5

Transition Gammas
1.0,1.0
1.0,1.0

1.0,1.0
1.0,1.0

Iteration: ,2292
Error:,0.02955600543313044
Absolute Error:,1
Transition Probabilities
0.45596868884540115,0.5440313111545988
0.23397435897435898,0.7660256410256411

0.238,0.762
0.7737556561085973,0.22624434389140272


Model Num 1
Model States: 
['square'],"['diamond', 'x', 'square']","['diamond', 'x', 'diamond']"
Iteration: ,0
Error:,0.3946974167248947
Absolute Error:,1
Transition Probabilities
0.3333333333333333,0.3333333333333333,0.3333333333333333
0.3333333333333333,0.3333333333333333,0.3333333333333333
0.3333333333333333,0.3333333333333333,0.3333333333333333

0.3333333333333333,0.3333333333333333,0.3333333333333333
0.3333333333333333,0.3333333333333333,0.3333333333333333
0.3333333333333333,0.3333333333333333,0.3333333333333333

Transition Gammas
1.0,1.0,1.0
1.0,1.0,1.0
1.0,1.0,1.0

1.0,1.0,1.0
1.0,1.0,1.0
1.0,1.0,1.0

Iteration: ,2500
Error:,0.04957460474822691
Absolute Error:,1
Transition Probabilities
0.7552870090634441,0.1483023586999554,0.09641063223660051
0.9957081545064378,0.002145922746781116,0.002145922746781116
0.0025575447570332483,0.659927830891589,0.3375146243513777

0.24964131994261118,0.3673674660518419,0.38299121400554687
0.8893182081858543,0.02974910959938248,0.08093268221476312
0.4735973734473665,0.2986617695095192,0.22774085704311423

Transition Gammas
500.0,98.17616145937046,63.82383854062954
464.0,1.0,1.0
1.0,258.0317818786113,131.96821812138867

174.0,256.0551238381338,266.94487616186615
142.76134972412538,4.775594382760252,12.992041367670584
8.260413705213562,5.209213379123492,3.9722215582876226

Iteration: ,5000
Error:,0.03843182162526735
Absolute Error:,1
Transition Probabilities
0.7702799712849964,0.13149814396204662,0.09822188475295697
0.9977900552486187,0.0011049723756906078,0.0011049723756906078
0.0012970168612191962,0.6580965441945307,0.3406064389442502

0.25896122896854423,0.35579682109884114,0.38524194993261446
0.8873689455246466,0.036384949770461174,0.07624610470489214
0.5855784259378217,0.2661216629206416,0.14829991114153687

Transition Gammas
1073.0,183.17691453913096,136.82308546086907
903.0,1.0,1.0
1.0,507.392435573983,262.60756442601684

354.0,486.37425444211584,526.625745557884
220.77150940304185,9.052334230187983,18.969525254063416
49.08806681462456,22.30853698092791,12.431735228393867

Iteration: ,7500
Error:,0.036233900623965795
Absolute Error:,1
Transition Probabilities
0.7697462900909526,0.12999252117188556,0.1002611887371618
0.9985239852398524,0.0007380073800738007,0.0007380073800738007
0.000841750841750842,0.6506776094560174,0.34848063970223164

0.26323529411764707,0.3517394113312757,0.3850252945510772
0.876736061559706,0.03678505598502364,0.0864788824552704
0.6249513277690806,0.22270508696359456,0.15234358526732483

Transition Gammas
1608.0,271.5543767280689,209.445623271931
1353.0,1.0,1.0
1.0,773.0050000337484,413.99499996625104

537.0,717.5483991158023,785.4516008841975
298.51554163184477,12.52476246020053,29.44476857713198
87.94833394413187,31.340906865899754,21.439052796584676

Iteration: ,10000
Error:,0.03126755336902384
Absolute Error:,1
Transition Probabilities
0.7748344370860927,0.1233650573781976,0.10180050553570963
0.9989112683723462,0.0005443658138268917,0.0005443658138268917
0.0006253908692933085,0.6554135281594274,0.34396108097127914

0.251453488372093,0.36014063690290343,0.38840587472500354
0.8714234723051915,0.03708227303638674,0.0914942546584218
0.6431928656855377,0.21234069877641376,0.1444664355380485

Transition Gammas
2106.0,335.30622595394107,276.69377404605876
1835.0,1.0,1.0
1.0,1048.0062315269242,549.9937684730752

692.0,991.1070327567903,1068.8929672432098
369.83207660662595,15.737714760037797,38.83015694813527
133.21257023364424,43.97817786592738,29.920644673203572

Iteration: ,12500
Error:,0.03153094960933143
Absolute Error:,1
Transition Probabilities
0.7734839476813319,0.12466872745415268,0.10184732486451555
0.9991341991341991,0.0004329004329004329,0.0004329004329004329
0.0005055611729019213,0.6581262903778496,0.3413681484492485

0.24877061035579978,0.3628974856208799,0.38833190402332024
0.8663801225879321,0.039145444225195634,0.09447443318687225
0.6240172789592552,0.23285605555069383,0.14312666549005107

Transition Gammas
2602.0,419.38559915576957,342.61440084423026
2308.0,1.0,1.0
1.0,1301.7738023673862,675.2261976326134

860.0,1254.536607791382,1342.4633922086182
445.98281261707643,20.150733911748702,48.632202349274266
178.56280202388535,66.63185643946936,40.95575442536358

Iteration: ,15000
Error:,0.029632620614275504
Absolute Error:,1
Transition Probabilities
0.7716064757160648,0.12612516771059823,0.10226835657333697
0.9992808342322905,0.0003595828838547285,0.0003595828838547285
0.00042140750105351893,0.6540484236375993,0.3455301688613471

0.2459016393442623,0.368486617185742,0.38561174346999577
0.8565450828039296,0.038958502591163714,0.10449641460490666
0.6321013430669361,0.2302773019019183,0.1376213550311456

Transition Gammas
3098.0,506.3925483580519,410.60745164194793
2779.0,1.0,1.0
1.0,1552.0569092920225,819.9430907079764

1020.0,1528.4824880864578,1599.5175119135424
519.7413924555481,23.639557089547292,63.40718442463902
226.00368506033016,82.33413737593116,49.20561191837442

Iteration: ,17500
Error:,0.028159686881966316
Absolute Error:,1
Transition Probabilities
0.7693130751123477,0.12862490310876534,0.10206202177888705
0.9993878175696358,0.00030609121518212427,0.00030609121518212427
0.00036166365280289347,0.6561207430078682,0.3435175933393289

0.2435844370860927,0.36977853812728345,0.3866370247866239
0.8486420547338202,0.041532844990081315,0.10982510027609839
0.6357549485205379,0.22917873601155345,0.1350663154679087

Transition Gammas
3595.0,601.0641722272603,476.9358277727391
3265.0,1.0,1.0
1.0,1814.1738544167547,949.8261455832439

1177.0,1786.7698962310337,1868.2301037689665
594.4211657554852,29.091183966707238,76.92567646297887
266.4019765219306,96.0333354736023,56.5971739361508

Iteration: ,20000
Error:,0.027532057686516953
Absolute Error:,1
Transition Probabilities
0.7638549690024422,0.1303934016129448,0.1057516293846129
0.9994670929922729,0.0002664535038635758,0.0002664535038635758
0.0003153579312519711,0.6561027087672453,0.3435819333015026

0.24141689373297007,0.3716625115541161,0.3869205947129138
0.8477615807031892,0.04347277793416993,0.10876564136264096
0.6397973535604045,0.2261027079614894,0.13409993847810606

Transition Gammas
4066.0,694.0840767857052,562.9159232142945
3751.0,1.0,1.0
1.0,2080.5016895009344,1089.4983104990645

1329.0,2046.002126105409,2129.99787389459
671.9462522178356,34.45705829477892,86.20898463347982
310.3292637314706,109.6695484889282,65.04424399813837

Iteration: ,22500
Error:,0.026898566888948615
Absolute Error:,1
Transition Probabilities
0.7653417595210379,0.127846092731942,0.10681214774702023
0.9995249406175772,0.00023752969121140142,0.00023752969121140142
0.0002816108138552522,0.6612924079219143,0.3384259812642304

0.2414740585097786,0.37129907071498697,0.38722687077523443
0.846978871201288,0.04398177751283072,0.10903935128588128
0.6366080258798013,0.22536181709557346,0.13803015702462526

Transition Gammas
4602.0,768.7385555971671,642.2614444028326
4208.0,1.0,1.0
1.0,2348.249340530717,1201.7506594692816

1494.0,2297.227350513624,2395.772649486375
750.3882683773088,38.9660368046722,96.60435788716651
353.58378683224265,125.17009125972501,76.66448369130529

Iteration: ,25000
Error:,0.026074082604927367
Absolute Error:,1
Transition Probabilities
0.7663732657019245,0.12823625780340678,0.10539047649466866
0.9995721925133689,0.000213903743315508,0.000213903743315508
0.00025290844714213477,0.6615942381805957,0.3381528533722622

0.2416557353155517,0.36942954131881567,0.38891472336563265
0.8418997647448727,0.04579745182149446,0.11230278343363283
0.6447756682668804,0.2160844868031525,0.13913984492996703

Transition Gammas
5137.0,859.5676360562356,706.432363943764
4673.0,1.0,1.0
1.0,2615.943617766073,1337.0563822339234

1658.0,2534.656082988394,2668.3439170116053
817.5962773628079,44.47539682268863,109.06089004626843
397.9780391669703,133.37488460672583,85.8819669856158

Iteration: ,27500
Error:,0.026592482701889703
Absolute Error:,1
Transition Probabilities
0.7654018767849857,0.1288141722293034,0.10578395098571086
0.999611197511664,0.00019440124416796267,0.00019440124416796267
0.0002297266253158743,0.6644647865984641,0.3353054867762199

0.241287928978402,0.3685532939105601,0.39015877711103775
0.8360107250694148,0.04584152215986311,0.11814775277072209
0.6457234449023522,0.21627771375436214,0.13799884134328552

Transition Gammas
5628.0,947.1706084020677,777.8293915979319
5142.0,1.0,1.0
1.0,2892.415216063112,1459.584783936884

1821.0,2781.471709142997,2944.528290857002
889.5820251602787,48.779032249873154,125.71862301071337
447.0781634326018,149.7437390883714,95.54596326127349

Iteration: ,29720
Error:,0.027416412939841164
Absolute Error:,1
Transition Probabilities
0.76544292695151,0.12778020504596527,0.10677686800252488
0.9996384017356716,0.0001807991321641656,0.0001807991321641656
0.00021290185224611478,0.6670186499278314,0.33276844821992246

0.2444825895046592,0.3648916618099856,0.3906257486853553
0.8371906103765365,0.04610422185060731,0.11670516777285629
0.6489617114055372,0.21416397281983568,0.13687431577462708

*,*,*,*,*,*,*,*,*,*,*
Model Num 1
Model States: 
['square'],"['diamond', 'x', 'square']","['diamond', 'x', 'diamond']"
Iteration: ,29720
Error:,0.02840694931840101
Absolute Error:,1
Transition Probabilities
0.76544292695151,0.12778020504596527,0.10677686800252488
0.9996384017356716,0.0001807991321641656,0.0001807991321641656
0.00021290185224611478,0.6670186499278314,0.33276844821992246

0.2444825895046592,0.3648916618099856,0.3906257486853553
0.8371906103765365,0.04610422185060731,0.11670516777285629
0.6489617114055372,0.21416397281983568,0.13687431577462708

Transition Gammas
6109.0,1019.8138164718487,852.186183528151
5529.0,1.0,1.0
1.0,3132.9865987110206,1563.013401288974

1994.0,2976.056393722242,3185.943606277757
960.9971914435758,52.92227022493479,133.96392299027806
486.9538773206829,160.69973792621892,102.7047938278435

