0,1,2,3,4,5,6,7,8,9,10,11,12,13,14,15,16,17,18,19,20,21,22,23,24,25,26,27,28,29
github Code Version (SHA):,528ca1c557fe8e6666681dc5c9134b0f84d30530
Environment Observations,Environment Actions,alpha,epsilon,numActions,explore,patience,gainThresh,insertRandActions,useUpdatedPosterior,revisedSplitting,haveControl,confidence_factor
"['diamond', 'square']","['x', 'y']",0.8,0.99,75000,0.5,0,0.01,False,True,False,False,250

Model Num 0
Model States: 
['diamond'],['square']
Iteration: ,0
Error:,0.4523870992868664
Absolute Error:,1
Transition Probabilities
0.5,0.5
0.5,0.5

0.5,0.5
0.5,0.5

Transition Gammas
1.0,1.0
1.0,1.0

1.0,1.0
1.0,1.0

Iteration: ,2453
Error:,0.07665553681977716
Absolute Error:,1
Transition Probabilities
0.46,0.54
0.14788732394366197,0.852112676056338

0.14779270633397312,0.8522072936660269
0.8351648351648352,0.16483516483516483


Model Num 1
Model States: 
['square'],"['diamond', 'x', 'square']","['diamond', 'x', 'diamond']"
Iteration: ,0
Error:,0.5180381547529399
Absolute Error:,1
Transition Probabilities
0.3333333333333333,0.3333333333333333,0.3333333333333333
0.3333333333333333,0.3333333333333333,0.3333333333333333
0.3333333333333333,0.3333333333333333,0.3333333333333333

0.3333333333333333,0.3333333333333333,0.3333333333333333
0.3333333333333333,0.3333333333333333,0.3333333333333333
0.3333333333333333,0.3333333333333333,0.3333333333333333

Transition Gammas
1.0,1.0,1.0
1.0,1.0,1.0
1.0,1.0,1.0

1.0,1.0,1.0
1.0,1.0,1.0
1.0,1.0,1.0

Iteration: ,2500
Error:,0.06649408745201403
Absolute Error:,1
Transition Probabilities
0.844213649851632,0.06121273158110321,0.09457361856726476
0.9955456570155902,0.0022271714922048997,0.0022271714922048997
0.0026246719160104987,0.7875394484331856,0.2098358796508039

0.153737658674189,0.36408389506976796,0.482178446256043
0.865318978200346,0.0845239612357835,0.05015706056387051
0.8149741073731743,0.033800517299735225,0.1512253753270905

Transition Gammas
569.0,41.25738108566356,63.74261891433645
447.0,1.0,1.0
1.0,300.0525298530437,79.94747014695629

109.0,258.1354816044655,341.8645183955345
76.57590378906445,7.479899189225228,4.438620139904025
89.18522293201102,3.6988987052736473,16.549076454704977

Iteration: ,5000
Error:,0.057238516345133834
Absolute Error:,1
Transition Probabilities
0.8496023138105567,0.06556227375342663,0.08483541243601662
0.9978237214363439,0.001088139281828074,0.001088139281828074
0.0013422818791946312,0.7920116818755213,0.20664603624528408

0.1480427046263345,0.37259348870229936,0.4793638066713662
0.8678949431522476,0.09020607479414935,0.04189898205360312
0.8424203906446311,0.025923401034095447,0.13165620832127342

Transition Gammas
1175.0,90.67262460098902,117.32737539901099
917.0,1.0,1.0
1.0,590.0487029972631,153.9512970027366

208.0,523.4938516267306,673.5061483732695
142.9398867848703,14.856689994702915,6.900645980711443
171.32011722163892,5.271952285659092,26.774467110533045

Iteration: ,7500
Error:,0.05327203489657642
Absolute Error:,1
Transition Probabilities
0.8538011695906432,0.06291988465316135,0.08327894575619539
0.9985775248933144,0.0007112375533428165,0.0007112375533428165
0.0008818342151675489,0.7840283886449254,0.21508977713990707

0.14644549763033177,0.37884543764809453,0.47470906472157376
0.8681389494794319,0.08479686121558859,0.0470641893049795
0.838957246882789,0.03108289778809715,0.1299598553291138

Transition Gammas
1752.0,129.1116033082871,170.88839669171296
1404.0,1.0,1.0
1.0,889.0881927233451,243.9118072766545

309.0,799.3638734374795,1001.6361265625206
203.84638325325525,19.911021709590393,11.051070541552642
244.73404240906717,9.067259689016847,37.91087193509295

Iteration: ,10000
Error:,0.05585036456512003
Absolute Error:,1
Transition Probabilities
0.8550412630068174,0.06148329481549078,0.08347544217769187
0.9989344698987747,0.0005327650506126798,0.0005327650506126798
0.0006788866259334693,0.791606622922959,0.2077144904511076

0.15058739765040935,0.3800913653432294,0.46932123700636125
0.8509764244488532,0.10212589711043125,0.046897678440715435
0.8541506765085255,0.03677295340832528,0.10907637008314931

Transition Gammas
2383.0,171.3539426507728,232.64605734922725
1875.0,1.0,1.0
1.0,1166.0365555655183,305.9634444344814

423.0,1067.6766452491318,1318.3233547508692
255.1455566551955,30.6200831404094,14.061181870393735
328.83991526593144,14.1572385475375,41.99336871367588

Iteration: ,12500
Error:,0.05816177798551737
Absolute Error:,1
Transition Probabilities
0.8582132564841498,0.061929949778437195,0.07985679373741297
0.9991460290350128,0.0004269854824935952,0.0004269854824935952
0.0005458515283842798,0.7944795131152658,0.20497463535634994

0.15362811791383216,0.378828919835173,0.46754296225099484
0.8322699403680841,0.11584356281561499,0.05188649681630082
0.8532229201791036,0.03946880404387087,0.10730827577702559

Transition Gammas
2978.0,214.89692573117708,277.10307426882304
2340.0,1.0,1.0
1.0,1455.4864680271662,375.5135319728329

542.0,1336.5084291784906,1649.4915708215103
321.459544987755,44.74391923370257,20.040865167135482
404.4530749361714,18.70938858070743,50.867318584229025

Iteration: ,15000
Error:,0.056670832561746806
Absolute Error:,1
Transition Probabilities
0.8607988519492944,0.062157658753820504,0.07704348929688506
0.9992867332382311,0.0003566333808844508,0.0003566333808844508
0.0004597701149425291,0.7963338623795675,0.2032063675054901

0.15288279773156896,0.37983564687245364,0.4672815553959774
0.8320331580950495,0.1163881958619449,0.051578646043005605
0.8470150640948281,0.0427294130011873,0.11025552290398458

Transition Gammas
3599.0,259.88117124972354,322.11882875027646
2802.0,1.0,1.0
1.0,1732.0261506755578,441.9738493244406

647.0,1607.4644575642242,1977.5355424357767
381.3656079608372,53.346978593952876,23.641271401999308
488.95006455360334,24.66608934233674,63.64638284078863

Iteration: ,17500
Error:,0.05609157860204716
Absolute Error:,1
Transition Probabilities
0.8610086100861009,0.06353686236409702,0.07545452754980211
0.9993911719939117,0.00030441400304414006,0.00030441400304414006
0.00039635354736424915,0.7979583716989518,0.20164527475368402

0.14997973246858531,0.3835782561330793,0.46644201139833535
0.8275111068873631,0.11865826500903597,0.053830628103600946
0.846664520744079,0.04337871276566973,0.10995676649025113

Transition Gammas
4200.0,309.9328146120653,368.0671853879347
3283.0,1.0,1.0
1.0,2013.2489717964543,508.7510282035445

740.0,1892.575115760613,2301.4248842393868
442.62439732125694,63.46868652236647,28.793268299931437
569.7558555771731,29.19134438740852,73.9944925448095

Iteration: ,20000
Error:,0.0538541827803592
Absolute Error:,1
Transition Probabilities
0.8617668097281831,0.0633886271551463,0.07484456311667058
0.999464237878382,0.0002678810608090008,0.0002678810608090008
0.00034758428919012883,0.8004434743223435,0.19920894138846637

0.15196599362380447,0.3809070588314817,0.46712694754471384
0.8261715116770312,0.12086296390633072,0.0529655244166381
0.8560427150018927,0.03998346607300575,0.10397381892510163

Transition Gammas
4819.0,354.4692030515781,418.5307969484219
3731.0,1.0,1.0
1.0,2302.875875625381,573.1241243746174

858.0,2150.6012541625455,2637.3987458374545
505.4417628783732,73.94250307604665,32.403668795818334
659.1450465938505,30.786902505930144,80.05888785558459

Iteration: ,22500
Error:,0.05606478792846783
Absolute Error:,1
Transition Probabilities
0.8599621092516577,0.06587965357647474,0.07415823717186755
0.9995211874551113,0.00023940627244433804,0.00023940627244433804
0.0003121098626716606,0.8039431450460224,0.19574474509130607

0.15460992907801419,0.37823304078616327,0.46715703013582255
0.8246832794737915,0.12441851639344773,0.05089820413276085
0.858303566686273,0.039150372920619105,0.10254606039310794

Transition Gammas
5447.0,417.28172575339096,469.71827424660904
4175.0,1.0,1.0
1.0,2575.833836727454,627.1661632725443

981.0,2399.888643788206,2964.111356211794
565.5052665283175,85.31678527425574,34.90212935113155
753.2579126680653,34.358855457420226,89.99570129047353

Iteration: ,24580
Error:,0.05774435531742097
Absolute Error:,1
Transition Probabilities
0.859018759018759,0.06629990297544587,0.07468133800579509
0.9995613073042334,0.00021934634788330776,0.00021934634788330776
0.00028612303290414886,0.8059087010649407,0.1938051759021552

0.15263310185185186,0.37842364910015136,0.46894324904799684
0.8251726582479446,0.12483925446119598,0.049988087290859476
0.8565821372747328,0.03987488685728129,0.10354297586798591


Model Num 2
Model States: 
"['diamond', 'x', 'square']","['diamond', 'x', 'diamond']","['square', 'y', 'diamond', 'x', 'diamond']","['square', 'y', 'diamond', 'x', 'square']"
Iteration: ,0
Error:,0.45267216014583417
Absolute Error:,0.55
Transition Probabilities
0.25,0.25,0.25,0.25
0.25,0.25,0.25,0.25
0.25,0.25,0.25,0.25
0.25,0.25,0.25,0.25

0.25,0.25,0.25,0.25
0.25,0.25,0.25,0.25
0.25,0.25,0.25,0.25
0.25,0.25,0.25,0.25

Transition Gammas
1.0,1.0,1.0,1.0
1.0,1.0,1.0,1.0
1.0,1.0,1.0,1.0
1.0,1.0,1.0,1.0

1.0,1.0,1.0,1.0
1.0,1.0,1.0,1.0
1.0,1.0,1.0,1.0
1.0,1.0,1.0,1.0

Iteration: ,2500
Error:,0.05202630496188056
Absolute Error:,0.13353302070048922
Transition Probabilities
0.0016025641025641025,0.0016025641025641025,0.1728941988009654,0.8239006729939063
0.7964616090536427,0.19777470218555032,0.0028818443804034576,0.0028818443804034576
0.08790639572321579,0.05574644268728692,0.6965712783882708,0.15977588320122643
0.0692729076487073,0.12448051671466143,0.7054592803072912,0.10078729532934004

0.07146035746729966,0.0748699413687337,0.17345103879339682,0.6802186623705698
0.04238861732886435,0.12836179807876644,0.5452757499899146,0.28397383460245473
0.003652486249073351,0.9187870301327966,0.03996250217635832,0.03759798144177179
0.8644288956777387,0.002381585533568883,0.05038415523687164,0.08280536355182078

Transition Gammas
1.0,1.0,107.88598005180242,514.1140199481976
276.3721783416141,68.62782165838597,1.0,1.0
11.464661290440878,7.270393448606964,90.84610631194222,20.83780557959263
12.427733999526128,22.332118029439275,126.56117060389857,18.081494474529883

9.191821142540611,9.630389972913576,22.31070459319133,87.49534012882073
2.3277879043719754,7.049039571944811,29.944036285174256,15.59453690638774
1.160502664106167,291.9257523517895,12.697266211961303,11.945988198931653
448.02787045811084,1.2343602813995898,26.113779731886627,42.91748098673297

Iteration: ,5000
Error:,0.04642438043039225
Absolute Error:,0.1260017396676817
Transition Probabilities
0.0008271298593879236,0.0008271298593879236,0.1659616422553577,0.8323840980258663
0.7866871363024718,0.21050387493348321,0.001404494382022472,0.001404494382022472
0.09082934462521865,0.04418605915808258,0.7076963998268886,0.15728819638981006
0.06319437613733607,0.10309280093802833,0.7444153065453306,0.08929751637930505

0.06942522947874669,0.06727889266344876,0.15559037114133392,0.7077055067164706
0.061107252558491185,0.12227579151247092,0.5464128701173453,0.2702040858116926
0.0018220401766900721,0.9207899159569604,0.03896105262869948,0.038426991237650136
0.8664017170587264,0.0012453035788284833,0.04566253919144084,0.08669044017100422

Transition Gammas
1.0,1.0,200.64762548672752,1006.3523745132728
560.1212410473598,149.87875895264003,1.0,1.0
21.63890593151216,10.526751916478212,168.59943102211938,37.471860001413255
24.148774753283206,39.39535415504549,284.4670469029059,34.12369487412996

19.900022787028128,19.284797574900573,44.598367976624004,202.85645169490473
6.570477851138088,13.147545442237865,58.75233315793926,29.053342881246007
1.1811089569185194,596.8876159211108,25.255891071691927,24.909694154311858
894.1648786620117,1.2852083525880917,47.125759346511686,89.46836714476204

Iteration: ,7500
Error:,0.04796556251152697
Absolute Error:,0.1188650031660604
Transition Probabilities
0.0005599104143337065,0.0005599104143337065,0.1667374174429719,0.8321427617283607
0.7751086999424011,0.22310078976216483,0.0008952551477170994,0.0008952551477170994
0.0845327515434178,0.06582885861112087,0.7228259099390312,0.1268124799064302
0.06600873489825472,0.09979534921125609,0.7469379474865906,0.0872579684038986

0.07422997744027347,0.06784730809326912,0.14469032057544778,0.7132323938910097
0.049230627308343614,0.1199351645981147,0.5865790433685567,0.24425516472498504
0.0012201754399813597,0.9246054274799773,0.0376724077354388,0.03650198934460258
0.8527199804150005,0.0008635682918372051,0.04415928729024686,0.10225716400291525

Transition Gammas
1.0,1.0,297.7930275531479,1486.2069724468524
865.7964178356619,249.20358216433812,1.0,1.0
30.47554677816412,23.73246372946886,260.5914799721346,45.71813401174372
38.9820826161461,58.93508720712042,441.11126842436624,51.531018409622284

31.924959628155623,29.179889937316315,62.228668285299804,306.74824600053637
7.804006859474967,19.01204389198017,92.98412651541933,38.71916904566669
1.1924444669784862,903.5918852403881,36.81622551144595,35.672407263289905
1292.1084667865957,1.3085466825677556,66.91362968558622,154.94810774041994

Iteration: ,10000
Error:,0.04477940331047985
Absolute Error:,0.11362409459856548
Transition Probabilities
0.000423370025402201,0.000423370025402201,0.16637490328645196,0.8327783566627436
0.7847781543526741,0.21388315756165,0.0006693440428380187,0.0006693440428380187
0.08300483915015495,0.059835963493194685,0.7442526483265962,0.11290654903005412
0.06302074970910997,0.09447957728908567,0.757401267407113,0.08509840559469124

0.07476352655503832,0.07718684010048783,0.14228574612608683,0.7057638872183871
0.050532142229032816,0.10337053396278352,0.6030429903816457,0.24305433342653804
0.0009012630605010445,0.9228698345340374,0.038457203827324496,0.03777169857813698
0.8458706620967926,0.0006652659597483562,0.042398580531531324,0.11106549141192765

Transition Gammas
1.0,1.0,392.9775215626,1967.0224784374027
1172.458562602895,319.5414373971051,1.0,1.0
40.849056532531534,29.446989843452275,366.268025060352,55.564543603035396
50.50354554370984,75.71400937935907,606.9659529586531,68.19612940953823

42.431630425803306,43.8069687693024,80.75349669383579,400.55243258600433
10.860759979853706,22.21719699257238,129.61067722763823,52.23912268441915
1.20042586137583,1229.2047290193002,51.222583121133454,50.30953313018397
1687.2692616833747,1.32701470215933,84.57300255872205,221.54378688175916

Iteration: ,12500
Error:,0.04471627722838738
Absolute Error:,0.1090161158699195
Transition Probabilities
0.00034293552812071296,0.00034293552812071296,0.1653436457026653,0.8339704832410932
0.7867898847379251,0.21214458516084944,0.0005327650506126797,0.0005327650506126797
0.08115579480592842,0.06939878422173927,0.7448322549071777,0.10461316606515464
0.06173772687556092,0.08966500969414717,0.770407416604505,0.07818984682578684

0.06948704244668247,0.07531307515234315,0.1402252784874097,0.7149746039135646
0.05360299078951996,0.10473072093007149,0.6080827462434901,0.23358354203691845
0.0007170122877320715,0.9211477042322556,0.03948944266787785,0.038645840812134485
0.8451432470716204,0.0005478558087698703,0.039625229568252825,0.11468366755135694

Transition Gammas
1.0,1.0,482.1420708689725,2431.8579291310307
1476.8046136530859,398.1953863469145,1.0,1.0
52.10211418468845,44.55409978358661,478.18316962349405,67.16177367965717
63.02809306661558,91.53907767308529,786.5095268381381,79.82407503491899

49.62257904913381,53.78310680078355,100.13866933201881,510.5827295505778
14.67144691853709,28.665400759057643,166.4357455094442,63.93315909358826
1.2058689286321609,1549.183206787099,66.41321597544085,64.99444912390611
2072.2145275685916,1.343292713843998,97.15746609120757,281.1939429182108

Iteration: ,15000
Error:,0.03960568746887884
Absolute Error:,0.10710064096211504
Transition Probabilities
0.00028546959748786723,0.00028546959748786723,0.1657637580658407,0.8336653027391835
0.7856546762712416,0.21345603960247994,0.00044464206313917296,0.00044464206313917296
0.08034359901101372,0.06252809908406654,0.7511510337798116,0.10597726812510809
0.06086644743731954,0.0860883387893758,0.7767603959730559,0.07628481780024873

0.06842231868644479,0.07177112665506097,0.13928975772997662,0.7205167969285176
0.048343189942591555,0.09644280795856261,0.6197995789319826,0.23541442316686328
0.0005961621848336654,0.9211996008734729,0.03970429214398547,0.038499944797707956
0.8465773238885115,0.00045985059306444964,0.03685418091364717,0.11610864460477703

Transition Gammas
1.0,1.0,580.6704445046406,2920.329555495363
1766.9373669340225,480.06263306597737,1.0,1.0
62.114350336293874,48.34102903254048,580.7215390148583,81.93196771162738
74.601074541664,105.51433260184827,952.0378244626904,93.49862886238186

58.400753710347,61.259074111540095,118.88850000597574,614.985355793368
15.906913606753815,31.73368195212989,203.93975588456829,77.46110456397271
1.211059933256597,1871.3497023651407,80.65636938597744,78.20982572067007
2497.6953056385087,1.3567179691472797,108.73255409011085,342.56057703193704

Iteration: ,17500
Error:,0.03921600607754265
Absolute Error:,0.1053360254564103
Transition Probabilities
0.0002463661000246365,0.0002463661000246365,0.1648508925946502,0.8346563752053006
0.7872901740433716,0.21194529996274447,0.00038226299694189586,0.00038226299694189586
0.08020796774338021,0.05882626132920182,0.7566506183001889,0.10431515262722911
0.059088388495121456,0.08714129930275329,0.7756392221025221,0.07813109009960321

0.0687050881153319,0.07284369763534125,0.13670861732498182,0.7217425969243451
0.04997366699136128,0.0929303093552855,0.631971529615,0.22512449403835325
0.0005108529099992189,0.9202232049988947,0.040692052784008545,0.038573889307097715
0.8474704672150926,0.00040060134234252596,0.03469468401022448,0.11743424743234042

Transition Gammas
1.0,1.0,669.1297730416853,3387.870226958316
2059.551095297461,554.4489047025397,1.0,1.0
74.08821956469569,54.337905424461745,698.9193058941934,96.3560622368312
85.66796477777953,126.33984357137386,1124.5429982377893,113.27659537127082

68.68272853868284,72.81999117799789,136.66412648898242,721.5077109885359
19.730398171900557,36.69036346951758,249.5124064992962,88.88272910595487
1.2158653216580328,2190.1949881128753,96.84990508761094,91.80852924973537
2893.948250179183,1.3679763467171575,118.47565663479996,401.0153132353052

Iteration: ,20000
Error:,0.03801948844320298
Absolute Error:,0.10327443725558355
Transition Probabilities
0.00021496130696474635,0.00021496130696474635,0.16296564182846313,0.8366044355576073
0.7906488954231501,0.20867267852528948,0.0003392130257801898,0.0003392130257801898
0.08104783511182846,0.063449218509872,0.7513719774617809,0.10413096891651868
0.05820846818454494,0.08514936465110894,0.7765626208905115,0.0800795462738346

0.0720616009740041,0.07240283085360853,0.13223053303947013,0.7233050351329172
0.053734882992154384,0.08362130387568335,0.6412364948163124,0.22140731831584992
0.0004505661487511369,0.9184037787306302,0.040996367380809015,0.04014928773980965
0.847179302941817,0.0003492484368027038,0.032233090172425885,0.1202383584489546

Transition Gammas
1.0,1.0,758.1161657860105,3891.8838342139893
2330.8329437074476,615.1670562925536,1.0,1.0
85.07709410361306,66.60356968840578,788.7261189041229,109.30779618465249
96.89956592505048,141.7480433830935,1292.7428469572667,133.30832291975437

82.66049047684798,83.05190877497368,151.67912687647183,829.6894345995619
24.532565243600637,38.177157534420985,292.75538104281,101.08311732598919
1.2191508574229184,2485.03523268085,110.92878722041846,108.63674225988974
3343.9866159493486,1.3785536240722842,127.23047146335125,474.60491537130764

Iteration: ,22500
Error:,0.03838262344871808
Absolute Error:,0.1036059264621049
Transition Probabilities
0.00019142419601837665,0.00019142419601837665,0.16334760125399256,0.8362695503539705
0.7895390076030576,0.20986111237294724,0.0002999400119976002,0.0002999400119976002
0.07908627552933166,0.06584740364571291,0.7487277653843954,0.10633855544055985
0.057731692566283146,0.08678731977376412,0.7752319923486498,0.08024899531130289

0.07219193705127566,0.07201224566017636,0.1331783614024126,0.7226174558861354
0.06070944844206677,0.085274888575855,0.6340237765350512,0.2199918864470271
0.00040127256166528155,0.9156893432542442,0.04212311453894112,0.04178626964514949
0.8450915291969407,0.00031361899758731873,0.031117041732433407,0.1234778100730385

Transition Gammas
1.0,1.0,853.3278689508575,4368.672131049144
2632.3230513485964,699.6769486514067,1.0,1.0
93.88093650789166,78.16547029806664,888.7921871814318,126.23129746391388
109.46296874468723,164.55428984562582,1469.8892683756496,152.1572099322784

92.50115245303134,92.27090983257403,170.6444294849654,925.9059970183181
30.662305715397803,43.06948540068691,320.22413917168785,111.11052151269031
1.2210712413241995,2786.4400157204714,128.18051537102266,127.15549733617644
3738.215779767177,1.3872763423977805,137.6445182622917,546.1972841033631

Iteration: ,25000
Error:,0.037386486301968315
Absolute Error:,0.10344693768598794
Transition Probabilities
0.00017301038062283747,0.00017301038062283747,0.1641263415462473,0.8355276376925072
0.7852676814119248,0.2141954058363974,0.00026845637583892593,0.00026845637583892593
0.07716777665925768,0.06405632628176995,0.752487192550771,0.10628870450820149
0.05621335105899517,0.0870825793424858,0.776605086513475,0.08009898308504396

0.07063802034980984,0.07125433046200444,0.1328761258664352,0.7252315233217504
0.06496839603536808,0.08590570789943207,0.6292886723360495,0.2198372237291503
0.00036079344750553104,0.9131296624877447,0.04321816881388776,0.04329137525086199
0.8434595372413307,0.00028488698617868985,0.030268110990635155,0.12598746478185543

Transition Gammas
1.0,1.0,948.6502541373088,4829.349745862688
2925.122113259423,797.8778867405811,1.0,1.0
103.31939650542755,85.76456728837537,1007.4998396766948,142.30920314863886
119.18021613891581,184.62732486948914,1646.5120887050678,169.82111787934994

99.74187668532919,100.612115218431,187.62295566837665,1024.0370951684831
36.342518331324534,48.05459199579011,352.0163110940528,122.97422779122907
1.2239693350621632,3097.735597882577,146.61495022003575,146.86329850519758
4126.551000667187,1.3937843203927975,148.0840493015538,616.3825007747058

Iteration: ,27500
Error:,0.03649450705640656
Absolute Error:,0.10326528510348493
Transition Probabilities
0.00015615240474703318,0.00015615240474703318,0.16310676468740035,0.8365809305031056
0.7863421001271441,0.2131664993814554,0.0002457002457002455,0.0002457002457002455
0.07685012636582002,0.06220909613336923,0.7565758077900072,0.1043649697108035
0.05540821381419812,0.08813060398449886,0.7736863439365539,0.08277483826474911

0.07340599105166651,0.06967756973873301,0.13263033374572222,0.7242861054638782
0.06608317901349134,0.08641705053259464,0.6322764673319746,0.21522330312193944
0.0003297615417497107,0.9125855153527417,0.04296002862916463,0.04412469447634394
0.8452819933034771,0.00025864341075361317,0.02853357220259748,0.12592579108317176

Transition Gammas
1.0,1.0,1044.5357210581114,5357.464278941886
3200.4123475174792,867.5876524825243,1.0,1.0
113.72519929597892,92.05894889636383,1119.6043336852972,154.4425174186672
129.44361493085725,205.88904027926102,1807.4713167549062,193.37700230214935

112.13901123950768,106.44327069399294,202.61335993873953,1106.459112636545
40.68032530336663,53.19770900709413,389.22480359906757,132.4899030973996
1.2263144447327048,3393.7153301530757,159.75939272524747,164.09054227077843
4573.51397192092,1.3994255907474864,154.38479959496985,681.3387360746843

Iteration: ,30000
Error:,0.03766151231909004
Absolute Error:,0.10300793109363268
Transition Probabilities
0.00014304105278214855,0.00014304105278214855,0.16213842342044357,0.8375754944739922
0.7877288611255239,0.21181997713299175,0.0002255808707421608,0.0002255808707421608
0.0792350244379237,0.06140797929612913,0.7528770322614952,0.10647996400445198
0.054205106017267676,0.08835798373230344,0.7747888623216839,0.08264804792874493

0.07449408376263371,0.07196331364951387,0.13015741730781968,0.7233851852800328
0.06572577234464555,0.08249599213412855,0.6406781479001318,0.21110008762109422
0.00030343476466366116,0.9139950061029698,0.042839276300961585,0.04286228283140492
0.8429150066638349,0.00023687234117478258,0.028160494618775296,0.1286876263762152

Transition Gammas
1.0,1.0,1133.5097181323204,5855.4902818676765
3492.0020413694515,938.9979586305536,1.0,1.0
127.17680779057804,98.56336683369183,1208.4112840385972,170.9065152917458
137.8877357101035,224.7663219194939,1970.9191574113133,210.24130431779562

124.88202370893208,120.63943587772208,218.19614193686726,1212.6843004966897
44.059935242346455,55.30202143724125,429.48506652224876,141.51307559334901
1.228498551377742,3700.438023996986,173.44086771381333,173.53401290550946
5003.859039804882,1.4061628945940512,167.17123843985925,763.9379266745774

Iteration: ,32500
Error:,0.03615694338844932
Absolute Error:,0.10173351176987008
Transition Probabilities
0.00013231013495633765,0.00013231013495633765,0.16108856283728146,0.8386468168928058
0.7855561000713235,0.21402723326200995,0.00020833333333333305,0.00020833333333333305
0.0785987979291648,0.060785577573110705,0.7574966123168264,0.10311901218089818
0.05492818221796968,0.0869753683905112,0.7768877180549137,0.08120873133660525

0.07524336769595312,0.06900868467983472,0.1286575578745497,0.7270903897496626
0.06269476635036694,0.08191040555188797,0.6453738940461158,0.2100209340516293
0.00028041002916715603,0.9124894190648802,0.043126622965395434,0.04410354794055715
0.8441014656069648,0.00022032663503621016,0.026906470954014793,0.12877173680398413

Transition Gammas
1.0,1.0,1217.5073579241734,6338.4926420758275
3770.6692803423575,1027.330719657649,1.0,1.0
139.8029862614518,108.11876886471754,1347.352520330725,183.41687434218727
152.33487472314215,241.21282213910848,2154.5787321745006,225.21994020293533

136.6721327233424,125.3474478938417,233.69372429933503,1320.6877535211293
45.16516639412366,59.00806895884569,464.92587831210176,151.2986009020447
1.230283227928204,4003.495992178882,189.2156320838324,193.50183545343148
5408.005622033681,1.4115929535826601,172.38489934828675,825.0172579598961

Iteration: ,35000
Error:,0.03685958745987407
Absolute Error:,0.10219504304041019
Transition Probabilities
0.00012301636117603644,0.00012301636117603644,0.1618272285550438,0.8379267387226041
0.7857568777383467,0.2138567234981294,0.00019319938176197811,0.00019319938176197811
0.07882941557839886,0.05993261862636521,0.7570695614413326,0.10416840435390336
0.055715068518119165,0.08641018084677068,0.7747036498363375,0.08317110079877257

0.07545025202730442,0.06714573403689086,0.1275366922041544,0.7298673217316504
0.060120268396404185,0.08401755302071498,0.6468899746952353,0.2089722038876454
0.000260872695835561,0.9147043972921776,0.04196884496633941,0.043065885045647435
0.8407484794515717,0.00020513245424878693,0.02625114804498026,0.13279524004919932

Transition Gammas
1.0,1.0,1315.4935409239506,6811.506459076047
4067.0775991736873,1106.922400826319,1.0,1.0
151.43524827317884,115.13355661401573,1454.3684759772702,200.11271249202184
167.34622811431134,259.5423144939666,2326.9061163290094,249.81338759842623

147.6498990035381,131.3986445728187,249.5787517896444,1428.2899452829186
46.28554087139159,64.68364144041652,498.0292530570374,160.88403698152646
1.2318812047328453,4319.375591614205,198.18337497063808,203.36376784467828
5803.780564786695,1.416052220460403,181.21460407062278,916.7003594183974

Iteration: ,37500
Error:,0.03611317741788377
Absolute Error:,0.1015559843139354
Transition Probabilities
0.00011473152822395604,0.00011473152822395604,0.1615909020601401,0.838179634883412
0.7850207898744676,0.21461793844923188,0.0001806358381502888,0.0001806358381502888
0.0763340603574225,0.0588826978790884,0.7595902692706424,0.10519297249284673
0.057707897575107664,0.0854578688110743,0.7731918330547679,0.08364240055905019

0.07535075509883182,0.0668630998655488,0.12684968883634087,0.7309364561992786
0.05724548230278777,0.0854597117593438,0.6526935036392203,0.20460130229864812
0.00024400509769442256,0.9134908997049375,0.04230475187692468,0.04396034332044339
0.8416716982042933,0.00019206310948609412,0.024991297555859375,0.13314494113036118

Transition Gammas
1.0,1.0,1408.4263023561798,7305.573697643813
4345.875092745058,1188.1249072549492,1.0,1.0
157.4328326776575,121.44080741155265,1566.5935652541746,216.9520075283332
186.143394000983,275.65408571470454,2494.018289807492,269.798086166411

157.8250632950149,140.04734198801333,265.69156663778165,1530.9746042090223
47.149598463730754,70.38793162692953,537.5836726067057,168.51756436451342
1.2337674244501313,4618.90069198073,213.9062882635352,222.27748546602072
6231.265044269236,1.421927508062488,185.02154605293504,985.730444848018

Iteration: ,40000
Error:,0.03558729220057951
Absolute Error:,0.10139759339790387
Transition Probabilities
0.00010753844499408547,0.00010753844499408547,0.16060988605248228,0.8391750370575296
0.7862595433496616,0.21340118608206018,0.00016963528413910074,0.00016963528413910074
0.07675595281326299,0.0590981467313929,0.758273493695883,0.10587240675946091
0.05789418680848329,0.08516948372099258,0.772593450930845,0.08434287853967919

0.07524366894495997,0.06624556397016151,0.12629304335324854,0.73221772373163
0.057323853335393624,0.08661108436250185,0.6541921592503929,0.20187290305171166
0.0002293592776999038,0.913807839119101,0.042104930715688944,0.04385787088751012
0.8406415538135386,0.00018038359152828197,0.024460905748898285,0.1347171568460349

Transition Gammas
1.0,1.0,1493.5113304020315,7803.488669597961
4635.0000080462605,1257.999991953746,1.0,1.0
169.37231947933168,130.40799862361035,1673.2323125402731,233.6216859340537
200.12558421073518,294.40939801045414,2670.660462619493,291.5520326350807

168.27287147430104,148.14975702271698,282.43828816780496,1637.5115759815822
50.07616983157898,75.66049938160661,571.4800342789114,176.34930643034338
1.2351598569663282,4921.094848135423,226.74609338634716,236.18613589786088
6647.730984463289,1.4264600471526412,193.43502628119606,1065.333272714747

Iteration: ,42500
Error:,0.03802872890063414
Absolute Error:,0.10183675333447925
Transition Probabilities
0.00010117361392148934,0.00010117361392148934,0.15959705787144718,0.8402005949007098
0.785602304865893,0.21407800203947772,0.00015984654731457783,0.00015984654731457783
0.07698507957968395,0.059343429679319645,0.7587813271017827,0.10489016363921365
0.05700186536131852,0.08554538711702904,0.7721018482387074,0.08535089928294509

0.07742215457860613,0.06662327637126648,0.12497626501446712,0.7309783040356602
0.06000415513159496,0.09184099652994268,0.6506545604344011,0.19750028790406135
0.00021694894339030455,0.9133708548601913,0.04204089624512861,0.04437129995128977
0.8422589669648044,0.00017025502086085023,0.023560128287746798,0.1340106497265879

Transition Gammas
1.0,1.0,1577.4573200013829,8304.542679998609
4914.728019241033,1339.2719807589742,1.0,1.0
181.04716458194468,139.55898647722034,1784.4393817546381,246.67204116818533
209.7309165294921,314.7530757317956,2840.8478785521834,314.0374831553474

184.97362965651297,159.17342157521787,298.58783298480057,1746.421432386756
55.57565812053363,85.06283962174568,602.6341896817769,182.92414008981848
1.2368729479895189,5207.325208430211,239.6842614775213,252.97039810027317
7082.508183341137,1.4316648748154865,198.11579091862194,1126.8880006867093

Iteration: ,45000
Error:,0.03684029984745844
Absolute Error:,0.10186026859432697
Transition Probabilities
9.574875526618162e-05,9.574875526618162e-05,0.1590985309380544,0.8407099715514132
0.7848958178198305,0.2148016560872939,0.00015126304643775515,0.00015126304643775515
0.07763644175744949,0.05812311328994161,0.7597715771984809,0.10446886775412799
0.05637925296355334,0.08485596954731352,0.7726314227155014,0.08613335477363154

0.0762137466404815,0.06756877649006665,0.12440350164155954,0.7318139752278923
0.05889580450783915,0.09197342937942382,0.6519795512670529,0.19715121484568415
0.00020533921893821353,0.9126587617372828,0.04246809577304759,0.04466780327073144
0.8420753347925014,0.00016110750108544648,0.022630966888081527,0.13513259081833154

Transition Gammas
1.0,1.0,1661.6250571170388,8780.374942882952
5188.946251606903,1420.053748393101,1.0,1.0
195.24935094832247,146.1749133275803,1910.7638624197052,262.73072492200373
219.86841269442442,330.9222160867447,3013.1162720462116,335.90377663156806

193.38387762532648,171.44823053624296,315.6600035830683,1856.8963011038281
57.83755945823011,90.32084262643384,640.2647247468914,193.60878429603295
1.2386268365608986,5505.249512273577,256.17182822714034,269.440685259441
7502.944428195055,1.4354780120799275,201.6433446057873,1204.0399207249068

Iteration: ,45788
Error:,0.03810461889700859
Absolute Error:,0.10168991062837571
Transition Probabilities
9.41530929291028e-05,9.41530929291028e-05,0.15998291972820405,0.8398287740859377
0.7848115274408551,0.21489164857576695,0.00014841199168892842,0.00014841199168892842
0.077177068865086,0.05811464440074767,0.7607387062374541,0.10396958049671222
0.055985283060763766,0.08496655894643002,0.7734669097731444,0.08558124821966191

0.07692222861356196,0.06770374336443674,0.12352852268144744,0.7318455053405538
0.05828960699214149,0.09122509855295252,0.6524682136558804,0.19801708079902552
0.00020147370737717135,0.9122613500053676,0.042610174142933506,0.04492700214432175
0.8417449904320473,0.00015873516914357525,0.022377802738441605,0.13571847166036746

*,*,*,*,*,*,*,*,*,*,*
Model Num 2
Model States: 
"['diamond', 'x', 'square']","['diamond', 'x', 'diamond']","['square', 'y', 'diamond', 'x', 'diamond']","['square', 'y', 'diamond', 'x', 'square']"
Iteration: ,45788
Error:,0.03652185881505427
Absolute Error:,0.10168991062837571
Transition Probabilities
9.41530929291028e-05,9.41530929291028e-05,0.15998291972820405,0.8398287740859377
0.7848115274408551,0.21489164857576695,0.00014841199168892842,0.00014841199168892842
0.077177068865086,0.05811464440074767,0.7607387062374541,0.10396958049671222
0.055985283060763766,0.08496655894643002,0.7734669097731444,0.08558124821966191

0.07692222861356196,0.06770374336443674,0.12352852268144744,0.7318455053405538
0.05828960699214149,0.09122509855295252,0.6524682136558804,0.19801708079902552
0.00020147370737717135,0.9122613500053676,0.042610174142933506,0.04492700214432175
0.8417449904320473,0.00015873516914357525,0.022377802738441605,0.13571847166036746

Transition Gammas
1.0,1.0,1699.1785904332537,8919.821409566737
5288.060071896484,1447.9399281035182,1.0,1.0
197.28523185634313,148.5565759810443,1944.6516206065219,265.7740582265082
222.37952099262895,337.4962426891999,3072.2931366144335,339.93785410326126

198.44169527745308,174.66011908422152,318.67523728640236,1887.9934367288854
58.3038512930842,91.24739133934054,652.6276580932416,198.065470469779
1.2389864183237955,5610.059185054986,262.0363110044617,276.28391911512455
7618.5159830438,1.436689777709008,202.53835753832348,1228.368873342594

