0,1,2,3,4,5,6,7,8,9,10,11,12,13,14,15,16,17,18,19,20,21,22,23,24,25,26,27,28,29
github Code Version (SHA):,528ca1c557fe8e6666681dc5c9134b0f84d30530
Environment Observations,Environment Actions,alpha,epsilon,numActions,explore,patience,gainThresh,insertRandActions,useUpdatedPosterior,revisedSplitting,haveControl,confidence_factor
"['diamond', 'square']","['x', 'y']",0.65,0.99,75000,0.5,0,0.01,False,True,False,False,250

Model Num 0
Model States: 
['diamond'],['square']
Iteration: ,0
Error:,0.31114666949510467
Absolute Error:,1
Transition Probabilities
0.5,0.5
0.5,0.5

0.5,0.5
0.5,0.5

Transition Gammas
1.0,1.0
1.0,1.0

1.0,1.0
1.0,1.0

Iteration: ,2286
Error:,0.027162980575174033
Absolute Error:,1
Transition Probabilities
0.504,0.496
0.22852512155591573,0.7714748784440842

0.23151750972762647,0.7684824902723736
0.7594553706505295,0.2405446293494705


Model Num 1
Model States: 
['square'],"['diamond', 'x', 'diamond']","['diamond', 'x', 'square']"
Iteration: ,0
Error:,0.3963489854707029
Absolute Error:,1
Transition Probabilities
0.3333333333333333,0.3333333333333333,0.3333333333333333
0.3333333333333333,0.3333333333333333,0.3333333333333333
0.3333333333333333,0.3333333333333333,0.3333333333333333

0.3333333333333333,0.3333333333333333,0.3333333333333333
0.3333333333333333,0.3333333333333333,0.3333333333333333
0.3333333333333333,0.3333333333333333,0.3333333333333333

Transition Gammas
1.0,1.0,1.0
1.0,1.0,1.0
1.0,1.0,1.0

1.0,1.0,1.0
1.0,1.0,1.0
1.0,1.0,1.0

Iteration: ,2500
Error:,0.05482481560897586
Absolute Error:,1
Transition Probabilities
0.7362962962962963,0.15347663167723533,0.11022707202646836
0.0024630541871921183,0.32907059759647966,0.6684663482163283
0.99581589958159,0.0020920502092050207,0.0020920502092050207

0.22424242424242424,0.3541891713588686,0.42156840439870713
0.6273450481429677,0.19476440473903256,0.1778905471179998
0.7697960643517465,0.10853941771172479,0.12166451793652874

Transition Gammas
497.0,103.59672638213385,74.40327361786615
1.0,133.60266262417073,271.3973373758293
476.0,1.0,1.0

148.0,233.7648530968533,278.2351469031467
15.852001117881088,4.921383488696941,4.495008225732213
113.75969716071383,16.039847253939804,17.979461517926822

Iteration: ,5000
Error:,0.031590597136590196
Absolute Error:,1
Transition Probabilities
0.7565597667638484,0.1359190637918869,0.10752116944426472
0.0012269938650306743,0.32992771438960566,0.6688452917453637
0.9978791092258749,0.0010604453870625664,0.0010604453870625664

0.2254160363086233,0.3754826027299948,0.399101360961382
0.7060332311786522,0.14147405877686414,0.1524927100444835
0.7795934430037991,0.1079685575979304,0.11243799939827043

Transition Gammas
1038.0,186.48095552246883,147.5190444775312
1.0,268.8910872275287,545.1089127724716
941.0,1.0,1.0

298.0,496.3880008090531,527.611999190947
33.41929553925275,6.696516782232435,7.218072350575587
218.14246460390368,30.211294701751736,31.46191457096622

Iteration: ,7500
Error:,0.028890315723403524
Absolute Error:,1
Transition Probabilities
0.7542496357455075,0.13442520059099633,0.11132516366349611
0.0008210180623973723,0.3391399428309937,0.6600390391066089
0.9985652797704447,0.0007173601147776184,0.0007173601147776184

0.23985978968452676,0.3728955727475796,0.3872446375678936
0.7175569413718356,0.13017049755020751,0.15227256107795706
0.7813584817631031,0.10716269929665936,0.11147881894023746

Transition Gammas
1553.0,276.78148801686143,229.21851198313848
1.0,413.07245036815056,803.9275496318501
1392.0,1.0,1.0

479.0,744.6724587769165,773.3275412230837
51.15408232184753,9.279754628014427,10.855393733420733
326.7775330605689,44.81728083792784,46.622356180989556

Iteration: ,10000
Error:,0.022499897381962536
Absolute Error:,1
Transition Probabilities
0.764792899408284,0.1262282455898016,0.1089788550019143
0.000625390869293308,0.3316761171753716,0.667698491955335
0.9989229940764675,0.0005385029617662897,0.0005385029617662897

0.23751835535976504,0.37997651890231043,0.38250512573792456
0.7036805167628634,0.14262829692012596,0.15369118631701056
0.7959037000821345,0.09573113976297055,0.10836516015489507

Transition Gammas
2068.0,341.32117607482354,294.6788239251763
1.0,530.3501113634195,1067.6498886365814
1855.0,1.0,1.0

647.0,1035.0560374898937,1041.9439625101065
62.37836105686846,12.643407327999208,13.62408661738136
447.3591402947957,53.808268989557305,60.909560892604134

Iteration: ,12500
Error:,0.02174808779214001
Absolute Error:,1
Transition Probabilities
0.7647058823529411,0.12627758170353404,0.10901653594352474
0.0004995004995004994,0.32696206513607323,0.6725384343644263
0.999137187230371,0.0004314063848144953,0.0004314063848144953

0.23876651982378852,0.3838651987684567,0.37736828140775475
0.7189164343327914,0.13681015620256293,0.14427340946464567
0.7970177152209279,0.09648313553421341,0.10649914924485873

Transition Gammas
2587.0,427.1970589030556,368.8029410969442
1.0,654.5780544024187,1346.4219455975815
2316.0,1.0,1.0

813.0,1307.0610018065952,1284.938998193405
99.23547635177529,18.88456066958889,19.914749238423145
532.4246418982436,64.45276924840229,71.14367763261559

Iteration: ,15000
Error:,0.019026763582221395
Absolute Error:,1
Transition Probabilities
0.7649678377041069,0.12430030149605462,0.11073186079983849
0.00041631973355537043,0.3257167476379234,0.6738669326285212
0.9992818671454219,0.0003590664272890485,0.0003590664272890485

0.2336677269390751,0.3888452921264915,0.37748698093443334
0.7186811137198865,0.14342124472452708,0.13789764155558643
0.8014221285905172,0.09371207345736121,0.10486579795212163

Transition Gammas
3092.0,502.4218186470527,447.5781813529471
1.0,782.3716278262922,1618.6283721737082
2783.0,1.0,1.0

955.0,1589.210708920971,1542.7892910790292
163.91890101034966,32.71193908950269,31.452099441868747
596.4975685776864,69.74978849411187,78.05149280743184

Iteration: ,17500
Error:,0.022118049497922322
Absolute Error:,1
Transition Probabilities
0.7615711252653928,0.12483157790593408,0.11359729682867314
0.00035285815102328855,0.3336343552339329,0.6660127866150437
0.9993880048959608,0.0003059975520195838,0.0003059975520195838

0.2341278211347817,0.3901207831338177,0.37575139573140065
0.7089403180264087,0.1359066897283326,0.1551529922452586
0.796404381333962,0.09573712143699188,0.10785849722904613

Transition Gammas
3587.0,587.9567319369495,535.0432680630505
1.0,945.5197627329662,1887.4802372670345
3266.0,1.0,1.0

1110.0,1849.5626328374299,1781.4373671625704
218.65929082926752,41.91785914740923,47.854018725908226
647.6452931075894,77.8545391356116,87.71178271903216

Iteration: ,20000
Error:,0.02619330475470735
Absolute Error:,1
Transition Probabilities
0.7575870415192701,0.12863246218866367,0.11378049629206617
0.0003084515731030229,0.33108134554936053,0.6686102028775365
0.999466808850973,0.00026659557451346307,0.00026659557451346307

0.2331913317280978,0.39025219510503195,0.37655647316687013
0.6930970579903737,0.14258481621452257,0.16431812579510374
0.7940118022553975,0.09657074616305086,0.10941745158155161

Transition Gammas
4069.0,690.8849544153126,611.1150455846874
1.0,1073.3657222710267,2167.634277728973
3749.0,1.0,1.0

1259.0,2106.9716013720677,2033.028398627932
276.23787805040166,56.82801076592257,65.48994815598951
705.4378299954135,85.79804156662637,97.21166535316861

Iteration: ,22500
Error:,0.027158711537786838
Absolute Error:,1
Transition Probabilities
0.7578008915304606,0.12709762346101755,0.11510148500852183
0.0002735978112175103,0.33260430444656486,0.6671220977422176
0.9995230145480563,0.00023849272597185786,0.00023849272597185786

0.23643858202802967,0.39162660573612124,0.371934812235849
0.6955892210984876,0.1419498175570181,0.1624609613444943
0.7894754955980626,0.10206325910293833,0.10846124529899896

Transition Gammas
4590.0,769.8303053033833,697.1696946966167
1.0,1215.6687327521943,2438.331267247805
4191.0,1.0,1.0

1434.0,2375.2153637895753,2255.784636210424
337.9533241013607,68.96658436313464,78.93196193634044
763.5073014636425,98.7060953389523,104.89363276423407

Iteration: ,25000
Error:,0.027308110375529087
Absolute Error:,1
Transition Probabilities
0.7564843634207796,0.12589878858903797,0.11761684799018242
0.00024636610002463666,0.3323765842116927,0.6673770496882827
0.9995704467353952,0.0002147766323024055,0.0002147766323024055

0.2340837930520352,0.39624656753672954,0.3696696394112352
0.6951057270057157,0.13736251578623163,0.16753175720805266
0.7858752344260104,0.10355662003131814,0.11056814554267143

Transition Gammas
5104.0,849.4391266102392,793.5608733897608
1.0,1349.1165553152605,2708.883444684739
4654.0,1.0,1.0

1570.0,2657.625728468845,2479.3742715311546
403.81465228762545,79.79936633310817,97.32588246039352
818.7770378055295,107.89216771326865,115.19724088162823

Iteration: ,27500
Error:,0.028584982050964124
Absolute Error:,1
Transition Probabilities
0.7559467813465932,0.12655541070202278,0.11749780795138402
0.00022341376228775698,0.3333341694383742,0.666442416799338
0.9996082272282076,0.0001958863858961802,0.0001958863858961802

0.23387755102040816,0.3974428034445029,0.3686796455350889
0.6944484898431664,0.13984123295175419,0.16571027720507941
0.7849241718290614,0.10619428517098502,0.10888154299995356

Transition Gammas
5625.0,941.6988110337514,874.3011889662486
1.0,1492.0037424061625,2982.9962575938366
5103.0,1.0,1.0

1719.0,2921.204605317096,2709.7953946829034
469.6786250693477,94.57927979023393,112.07537534586525
875.4467627850421,118.44130492576629,121.43847490927853

Iteration: ,29522
Error:,0.028816198973026893
Absolute Error:,1
Transition Probabilities
0.7543619142572283,0.12723774738531055,0.11840033835746114
0.0002083767451552408,0.3325519336391345,0.6672396896157102
0.9996347699050402,0.00018261504747991235,0.00018261504747991235

0.23480803457920163,0.39829498517168743,0.3668969802491109
0.6963280806173449,0.1386111319828408,0.1650607873998143
0.7844675982460277,0.10550570713804662,0.11002669461592568

*,*,*,*,*,*,*,*,*,*,*
Model Num 1
Model States: 
['square'],"['diamond', 'x', 'diamond']","['diamond', 'x', 'square']"
Iteration: ,29522
Error:,0.02859042628723856
Absolute Error:,1
Transition Probabilities
0.7543619142572283,0.12723774738531055,0.11840033835746114
0.0002083767451552408,0.3325519336391345,0.6672396896157102
0.9996347699050402,0.00018261504747991235,0.00018261504747991235

0.23480803457920163,0.39829498517168743,0.3668969802491109
0.6963280806173449,0.1386111319828408,0.1650607873998143
0.7844675982460277,0.10550570713804662,0.11002669461592568

Transition Gammas
6053.0,1020.9556850197318,950.0443149802682
1.0,1595.9167295342056,3202.0832704657914
5474.0,1.0,1.0

1847.0,3132.9883533604934,2886.011646639506
522.4636419266296,104.00166077335679,123.847167053392
918.6461371104908,123.55183378151469,128.84610940457995

