0,1,2,3,4,5,6,7,8,9,10,11,12,13,14,15,16,17,18,19,20,21,22,23,24,25,26,27,28,29
github Code Version (SHA):,ddb97f21bb9c22f159e8ea0ce9d830001061547e
Environment Observations,Environment Actions,alpha,epsilon,numActions,explore,patience,gainThresh,insertRandActions,useBudd,revisedSplitting,haveControl,confidence_factor
"['diamond', 'square']","['x', 'y']",0.99,0.99,75000,0.5,0,0.01,False,True,False,False,250

Model Num 0
Model States: 
['diamond'],['square']
Iteration: ,0
Error:,0.676027774998697
Absolute Error:,1
Transition Probabilities
0.5,0.5
0.5,0.5

0.5,0.5
0.5,0.5

Transition Gammas
1.0,1.0
1.0,1.0

1.0,1.0
1.0,1.0

Iteration: ,2500
Error:,0.14657586144630064
Absolute Error:,1
Transition Probabilities
0.4790874524714829,0.5209125475285171
0.01639344262295082,0.9836065573770492

0.02434077079107505,0.9756592292089249
0.9827814569536424,0.017218543046357615

Transition Gammas
252.0,274.0
12.0,720.0

12.0,481.0
742.0,13.0

Iteration: ,2520
Error:,0.14457029755596734
Absolute Error:,1
Transition Probabilities
0.4820415879017013,0.5179584120982986
0.0163265306122449,0.9836734693877551

0.026,0.974
0.9816272965879265,0.01837270341207349


Model Num 1
Model States: 
['square'],"['diamond', 'x', 'square']","['diamond', 'x', 'diamond']"
Iteration: ,0
Error:,0.7270379294781592
Absolute Error:,1
Transition Probabilities
0.3333333333333333,0.3333333333333333,0.3333333333333333
0.3333333333333333,0.3333333333333333,0.3333333333333333
0.3333333333333333,0.3333333333333333,0.3333333333333333

0.3333333333333333,0.3333333333333333,0.3333333333333333
0.3333333333333333,0.3333333333333333,0.3333333333333333
0.3333333333333333,0.3333333333333333,0.3333333333333333

Transition Gammas
1.0,1.0,1.0
1.0,1.0,1.0
1.0,1.0,1.0

1.0,1.0,1.0
1.0,1.0,1.0
1.0,1.0,1.0

Iteration: ,2500
Error:,0.12138624947549188
Absolute Error:,1
Transition Probabilities
0.981651376146789,0.014205486009845902,0.004143137843365107
0.99581589958159,0.0020920502092050207,0.0020920502092050207
0.0030864197530864204,0.9749237582659821,0.021989821980931475

0.022630834512022635,0.3689170084382856,0.6084521570496917
0.9131440299461675,0.06022447011329577,0.026631499940536586
0.9489049342419933,0.03408182452881713,0.017013241229189624

Transition Gammas
749.0,10.838785825512423,3.1612141744875766
476.0,1.0,1.0
1.0,315.87529767817813,7.124702321821796

16.0,260.8243249658679,430.175675034132
68.6283370596216,4.526235838628905,2.0015194694205953
95.64994357427571,3.4354596287285895,1.7149405645018225

Iteration: ,5000
Error:,0.12005267257597073
Absolute Error:,1
Transition Probabilities
0.979564930784443,0.015488451628063313,0.004946617587493705
0.9978947368421053,0.0010526315789473684,0.0010526315789473684
0.0015649452269170582,0.9841197259015295,0.014315328871553408

0.03361344537815125,0.3667999011289617,0.5995866534928871
0.9322268466188495,0.04815900345173642,0.01961414992941407
0.9721350404071488,0.019360064604432188,0.008504894988418884

Transition Gammas
1486.0,23.495981119772047,7.504018880227951
948.0,1.0,1.0
1.0,628.8525048510772,9.147495148922626

48.0,523.7902588121574,856.2097411878428
141.46494517168153,7.30810403876751,2.97643717772931
196.02285710029358,3.903794246340135,1.7149405645018225

Iteration: ,7500
Error:,0.12053256516039351
Absolute Error:,1
Transition Probabilities
0.981123595505618,0.014993854678607872,0.0038825498157741465
0.9985974754558204,0.0007012622720897616,0.0007012622720897616
0.0010427528675703865,0.984181488560566,0.014775758571863608

0.03056970819823994,0.3711895996507292,0.5982406921510309
0.9211793650033393,0.05836322852796048,0.020457406468700312
0.9735825905524786,0.018280053593336794,0.008137355854184566

Transition Gammas
2183.0,33.36132665990252,8.638673340097476
1424.0,1.0,1.0
1.0,943.8300475295821,14.16995247041719

66.0,801.398345645924,1291.6016543540752
220.59049542690343,13.975968182537086,4.898839031271377
301.4360390560117,5.659783774256016,2.5194496500627666

Iteration: ,10000
Error:,0.12103661869610308
Absolute Error:,1
Transition Probabilities
0.9787878787878788,0.017168563095195308,0.0040435581169258996
0.9989457037427517,0.0005271481286241434,0.0005271481286241434
0.0007788161993769479,0.9850566249587349,0.014164558841888143

0.030662020905923355,0.37039895885686924,0.5989390202372074
0.9243025522069536,0.048906282128813504,0.026791165664232917
0.977296689276256,0.01380218552972055,0.008901125194023326

Transition Gammas
2907.0,50.99063239273006,12.009367607269922
1895.0,1.0,1.0
1.0,1264.8127064470143,18.187293552984357

88.0,1063.0450119192144,1718.9549880807845
300.58543432029165,15.904441699938793,8.71255212690059
400.75449882116374,5.659783774256016,3.650033817997421

Iteration: ,12500
Error:,0.12333415984716643
Absolute Error:,1
Transition Probabilities
0.9783608331079253,0.01802515943603511,0.003614007456039537
0.9991507430997877,0.0004246284501061571,0.0004246284501061571
0.0006222775357809585,0.9824423221791526,0.016935400285066404

0.028969359331476343,0.3720650327821372,0.5989656078863864
0.9235891802710285,0.04323620318883611,0.03317461654013529
0.9808297399024167,0.012113500074554017,0.007056760023029389

Transition Gammas
3617.0,66.6390144350218,13.360985564978169
2353.0,1.0,1.0
1.0,1578.7848117418976,27.2151882581017

104.0,1335.7134676878718,2150.286532312126
390.60442785469286,18.285459347010423,14.030212122185956
507.32371635964387,6.265578648295251,3.650033817997421

Iteration: ,15000
Error:,0.12320494814322291
Absolute Error:,1
Transition Probabilities
0.9787330316742081,0.017985876196186055,0.0032810921296057985
0.999293036408625,0.0003534817956875221,0.0003534817956875221
0.0005211047420531529,0.9832015790845768,0.016277316173369995

0.030744336569579325,0.3720664270627208,0.5971892363676998
0.9274845611543417,0.039684442219554646,0.03283099662610357
0.982983078021081,0.010721703616036577,0.00629521836288264

Transition Gammas
4326.0,79.49757278714236,14.50242721285763
2827.0,1.0,1.0
1.0,1886.7638302633025,31.23616973669701

133.0,1609.5593634733282,2583.4406365266664
460.7053179484056,19.712278064888054,16.307996243481483
618.3732409863852,6.74479018223933,3.9601847364551066

Iteration: ,17500
Error:,0.11902006364104149
Absolute Error:,1
Transition Probabilities
0.9796274738067521,0.016962687862510095,0.0034098383307378665
0.9993986770895971,0.0003006614552014432,0.0003006614552014432
0.000449236298292902,0.9850617370191604,0.01448902668254662

0.030249110320284718,0.3763739425671868,0.5933769471125285
0.9306409146675224,0.038586357040404286,0.030772728292073285
0.9850373820594587,0.009227473543815578,0.005735144396725857

Transition Gammas
5049.0,87.42569324337703,17.574306756622963
3324.0,1.0,1.0
1.0,2192.7474266046515,32.25257339534878

153.0,1903.6994015048297,3001.3005984951674
523.3444567570425,21.698977280359617,17.30499542533082
720.0097006082682,6.74479018223933,4.192084153596635

Iteration: ,20000
Error:,0.11650222538731254
Absolute Error:,1
Transition Probabilities
0.979706684856753,0.01710771407223768,0.0031856010710092507
0.9994743758212877,0.00026281208935611036,0.00026281208935611036
0.00039541320680110717,0.9848674679836946,0.014737118809504278

0.028650327925440127,0.37967433624019986,0.59167533583436
0.9256646617011978,0.038395635434824535,0.035939702863977754
0.9854271916586511,0.008960788813713262,0.005612019527635721

Transition Gammas
5745.0,100.31963531960176,18.680364680398245
3803.0,1.0,1.0
1.0,2490.7298265307636,37.27017346923632

166.0,2199.8331041757165,3428.16689582428
593.0779385396357,24.600274002850227,23.026745827286874
835.6431254367109,7.598756797106422,4.758997496498804

Iteration: ,22500
Error:,0.117107310825955
Absolute Error:,1
Transition Probabilities
0.9804841149773071,0.016533452904344083,0.0029824321183488066
0.9995319447694828,0.0002340276152586005,0.0002340276152586005
0.00035100035100035115,0.9844551582556247,0.015193841393374988

0.02856704039318079,0.3784666343907598,0.5929663252160594
0.928389095858019,0.03848929449590377,0.0331216096460772
0.9853605046424803,0.009475868538350416,0.005163626819169282

Transition Gammas
6481.0,109.28612369771439,19.713876302285612
4271.0,1.0,1.0
1.0,2804.7127458702735,43.28725412972532

186.0,2464.1962565182357,3860.8037434817606
667.3524115133478,27.66719645231273,23.808752353004557
937.0025394623476,9.010826841763109,4.910214504845615

Iteration: ,23158
Error:,0.11764413824111987
Absolute Error:,1
Transition Probabilities
0.9807607578205316,0.01633938702493352,0.002899855154534829
0.9995435874030123,0.00022820629849383843,0.00022820629849383843
0.0003404834865509024,0.9842374593794775,0.015422057133971647

0.02808904825937548,0.3775673080578307,0.5943436436827938
0.9262454025961266,0.03953349686683414,0.034221100537039195
0.9852545832466445,0.009661696910318648,0.005083719843036953


Model Num 2
Model States: 
"['diamond', 'x', 'square']","['diamond', 'x', 'diamond']","['square', 'y', 'diamond', 'x', 'diamond']","['square', 'y', 'diamond', 'x', 'square']"
Iteration: ,0
Error:,0.6759496022249438
Absolute Error:,0.74
Transition Probabilities
0.25,0.25,0.25,0.25
0.25,0.25,0.25,0.25
0.25,0.25,0.25,0.25
0.25,0.25,0.25,0.25

0.25,0.25,0.25,0.25
0.25,0.25,0.25,0.25
0.25,0.25,0.25,0.25
0.25,0.25,0.25,0.25

Transition Gammas
1.0,1.0,1.0,1.0
1.0,1.0,1.0,1.0
1.0,1.0,1.0,1.0
1.0,1.0,1.0,1.0

1.0,1.0,1.0,1.0
1.0,1.0,1.0,1.0
1.0,1.0,1.0,1.0
1.0,1.0,1.0,1.0

Iteration: ,2500
Error:,0.0413481280792919
Absolute Error:,0.056344961626568456
Transition Probabilities
0.001436781609195404,0.001436781609195404,0.03265065026177273,0.9644757865198365
0.9699688059768213,0.021662993186358646,0.004184100418410043,0.004184100418410043
0.012557756637018394,0.018781856493764154,0.9423262771307681,0.026334109738449452
0.0050621043648937675,0.0050621043648937675,0.8983960321771138,0.0914797590930986

0.03276652627141282,0.006003040705904826,0.09573369629047437,0.8654967367322081
0.054513165138569186,0.01926121810005985,0.8739961163223122,0.05222950043905878
0.0051257669070953115,0.9818310742663734,0.006521579413265751,0.006521579413265751
0.9780187790705044,0.0018571355731238175,0.010062042678185803,0.010062042678185803

Transition Gammas
1.0,1.0,22.724852582193797,671.2751474178054
231.82254462846024,5.177455371539715,1.0,1.0
1.9060213863776758,2.8507177824629846,143.0266638439451,3.9970018374729994
1.0,1.0,177.474814309951,18.07148815965164

5.458321520156007,1.0,15.947534088234145,144.17638978874015
2.8302034095340938,1.0,45.375952433641594,2.7116405705876145
1.4674002307580625,281.0777725669847,1.8669922587947378,1.8669922587947378
612.2018437152776,1.162494878652702,6.298448670874744,6.298448670874744

Iteration: ,5000
Error:,0.02782380006162433
Absolute Error:,0.03777493970744984
Transition Probabilities
0.0007199424046076308,0.0007199424046076308,0.028099359248492717,0.970460755942292
0.9700061335974781,0.025774457119821407,0.0021097046413502117,0.0021097046413502117
0.009588542539443504,0.012177246228940876,0.9529064842274102,0.025327727004205287
0.011050846589202367,0.0028456168454728966,0.9320162345089429,0.05408730205638183

0.02832453854866436,0.0030701560271675942,0.059651412576475216,0.9089538928476929
0.02724399684132761,0.009626162115963425,0.9305593121289313,0.032570528913777666
0.002599752420498429,0.9843939052474528,0.006473503107646995,0.0065328392244018395
0.98006176598347,0.0009338451383430966,0.0082481660452181,0.010756222832968856

Transition Gammas
1.0,1.0,39.030009996156416,1347.9699900038447
459.7829073252045,12.217092674795344,1.0,1.0
3.3975516441542934,4.314818730398095,337.6476642716156,8.974488059248161
4.5131816209561695,1.1621540072613135,380.63676896288763,22.089331853224692

9.225765172200537,1.0,19.429440083378196,296.06113982625766
2.8302034095340938,1.0,96.66981512660689,3.383542529349754
1.4809447443519788,560.7583894734241,3.6876205323343836,3.7214212548822236
1227.792647404186,1.1698938112550932,10.33306060534398,13.475080618932061

Iteration: ,7500
Error:,0.028362581054236596
Absolute Error:,0.036719866349981915
Transition Probabilities
0.0004828585224529219,0.0004828585224529219,0.028140802895863893,0.9708934800592304
0.9718591446039039,0.02536307761831839,0.001388888888888889,0.001388888888888889
0.010523210621796432,0.008780815781585117,0.9592011724773034,0.021494801119314993
0.01547587810387875,0.0019851819971712097,0.9343998002194756,0.048139139679474474

0.03175615579289935,0.005287070551247786,0.05008622621881235,0.9128705474370405
0.0261178676231697,0.01382572721471105,0.9265830406429841,0.03347336451913502
0.0017467447574326868,0.9863036469977925,0.0059138307958764985,0.006035777448898242
0.9793621442151067,0.0006260043033533243,0.008045174842598339,0.01196667663894163

Transition Gammas
1.0,1.0,58.27960279733404,2010.7203972026634
699.7385841148108,18.26141588518924,1.0,1.0
5.753501183009237,4.800857438175246,524.4373869283913,11.752151326551626
9.781049864589185,1.2546728511482517,590.5584793355432,30.424853600090927

16.026122782990832,2.6681832136488595,25.276611449891604,460.6910097560761
3.7615547796787747,1.9912127221632545,133.44859984694713,4.820910195102727
1.4852351944654951,838.6416405244285,5.028456272603496,5.132145984648986
1837.054720627343,1.1742379133205185,15.09086961362218,22.44669138953387

Iteration: ,10000
Error:,0.026731553560455687
Absolute Error:,0.03412707756549143
Transition Probabilities
0.00036192544335866855,0.00036192544335866855,0.02986803469982828,0.9694081144134544
0.9748435130055395,0.02308609361971927,0.001035196687370601,0.001035196687370601
0.008132250651986202,0.006785742244563778,0.9644748832802307,0.020607123823219237
0.020540732183153686,0.001545909708504045,0.9377118840111992,0.0402014740971431

0.03341750875753191,0.005190199575476914,0.04280726401533065,0.9185850276516604
0.03206257973722746,0.00969030980024836,0.9304576962575356,0.02778941420498853
0.0012861312335654196,0.9866560830694023,0.005925807706153109,0.006131977990879072
0.9820800471066914,0.00047317881016010907,0.006781784658012933,0.010664989425135482

Transition Gammas
1.0,1.0,82.52537987562545,2678.4746201243715
941.6988335633507,22.301166436648806,1.0,1.0
5.753501183009237,4.800857438175246,682.3581342245276,14.579372472533434
17.566689650078608,1.3220812108443847,801.9428665315556,34.38080067658819

22.57575584535001,3.506325957891662,28.919161743309953,620.5654484278075
6.588377254616236,1.9912127221632545,191.19504333857654,5.710306094137384
1.4892857616600113,1142.5061594196607,6.8618355676221885,7.100572067838089
2442.8374507769436,1.176990533285535,16.869090859249187,26.52822003319928

Iteration: ,12500
Error:,0.024788933819136227
Absolute Error:,0.03172662245882123
Transition Probabilities
0.0002891008962127785,0.0002891008962127785,0.029429748303036612,0.9699920499045378
0.9742004222677609,0.024153487197259627,0.0008230452674897124,0.0008230452674897124
0.009565528556439523,0.005389472690113993,0.9633185067787158,0.02172649197473069
0.01811456790987476,0.001239009858370219,0.9429876128575841,0.03765880937417068

0.030416731216707477,0.006339521726890816,0.03721053487000012,0.9260332121864016
0.029589488745662546,0.00820173856766767,0.9394635857227649,0.022745186963904908
0.0010306678924125014,0.9886698895409112,0.005051850209150103,0.005247592357526322
0.9799825014452548,0.00037860288064457215,0.0068462565078355395,0.012792639166265081

Transition Gammas
1.0,1.0,101.79749938020355,3355.202500619793
1183.6535130553289,29.34648694467043,1.0,1.0
8.520822269773685,4.800857438175246,858.1089625119986,19.353617060472466
19.51334500340436,1.3346841585891525,1015.8035629210857,40.56676059797395

25.416519772967117,5.297366708299327,31.0934889271253,773.8024602404233
7.466494694783887,2.069594308636773,237.0605298062107,5.7394306220569
1.4912081497153684,1430.443897122527,7.3092023710881895,7.592409298411962
3051.7990916394197,1.179020977965614,21.32017598368326,39.8380221378469

Iteration: ,15000
Error:,0.025374026910320858
Absolute Error:,0.030813360859849086
Transition Probabilities
0.00024067388688327337,0.00024067388688327337,0.029613030342486118,0.9699056218837474
0.9726191037668277,0.026024964029782507,0.0006779661016949157,0.0006779661016949157
0.011299696756061847,0.004648195402293792,0.9642185144881268,0.019833593353517472
0.018398580735558952,0.0010361781368492294,0.9459055220419397,0.034659719085652206

0.02827567497926781,0.007494628396037839,0.03349603653794642,0.930733660086748
0.027499832491151333,0.01372589064630932,0.9396304027106878,0.01914387415185164
0.0008556857881449393,0.9884480817076051,0.005201301885661549,0.00549493061858839
0.9813188560333542,0.0003175398333535406,0.0062885472272435,0.012075056906048796

Transition Gammas
1.0,1.0,123.04214107302971,4029.9578589269668
1434.6131780560697,38.38682194392917,1.0,1.0
12.121876724648473,4.986403872161998,1034.3762510244817,21.27671023642028
24.03346016330458,1.3535253795920883,1235.6052354792753,45.2748497228606

28.140692354447246,7.458850483974072,33.33613291278831,926.2905169066303
8.280696630563694,4.133113773073049,282.93969834926224,5.764566538220988
1.4927712265729405,1724.379294101822,9.073837503445812,9.586082219766864
3647.6200701712664,1.1803142904041433,23.374900968512122,44.88369875720261

Iteration: ,17500
Error:,0.025461329012323845
Absolute Error:,0.029878408423192192
Transition Probabilities
0.0002044989775051125,0.0002044989775051125,0.029916696000202515,0.9696743060447873
0.9741695035573499,0.02466770574497566,0.0005813953488372096,0.0005813953488372096
0.011357247377643544,0.004852625094141403,0.9649692975260136,0.01882083000220159
0.01667129845209883,0.0014000283520034572,0.9493289612747635,0.03259971192113409

0.02969690272641736,0.006646198319224897,0.03123812882091175,0.9324187701334459
0.02716885886034891,0.01213210531999101,0.9418398583468799,0.01885917747278019
0.000735783965253195,0.9872564529951249,0.005559937981206932,0.006447825058415015
0.9806706161708374,0.0002706989286521305,0.0060482605855363405,0.013010424314974196

Transition Gammas
1.0,1.0,146.29264344099028,4741.707356559009
1675.571546118641,42.42845388135811,1.0,1.0
13.98744151037112,5.976431385097224,1188.44392128135,23.179495002516546
25.421941361325626,2.1348930181466734,1447.6248059188745,49.71106283271197

33.85355780490011,7.576462133290415,35.610508257311174,1062.9287849943594
9.255770683869157,4.133113773073049,320.861976375057,6.424863954415007
1.493794300649642,2004.3356914637448,11.28782911901915,13.090424334718769
4279.477567913497,1.1812834745149552,26.39356688565156,56.775249596414

Iteration: ,20000
Error:,0.02475193966539285
Absolute Error:,0.028956610624849357
Transition Probabilities
0.00017921146953405023,0.00017921146953405023,0.02841296123392098,0.9712286158270109
0.9746568323923105,0.024318577443755048,0.0005122950819672132,0.0005122950819672132
0.01112989487397769,0.005023968140837325,0.9626492962802932,0.021196840704891737
0.01606304667093729,0.0012310365976475456,0.9521827514678481,0.030523165263566937

0.028590853917561436,0.007322264596901014,0.0291324191093215,0.934954462376216
0.02596600761433666,0.011069420773828737,0.945358731958845,0.017605839652989567
0.0006476725477377333,0.9862950803160566,0.0064481451735624055,0.006609101962643187
0.9808570481730444,0.00023590729452570432,0.005643837644885016,0.01326320688754497

Transition Gammas
1.0,1.0,158.544323685279,5419.455676314719
1902.5301368297894,47.469863170209834,1.0,1.0
15.739301078239706,7.104626599933269,1361.3270635948222,29.975436564257933
27.987164191159486,2.144874760653225,1659.0187124050542,53.181495102728064

37.751514380041726,9.668356811637194,38.46659991695541,1234.5188056590355
10.07429118127624,4.294713678742319,366.7802643351717,6.830713361462111
1.494776954413573,2276.2909458761264,14.881808466054046,15.253283989935268
4916.275356841293,1.1824202321184827,28.288179182932566,66.47816549351171

Iteration: ,22500
Error:,0.023383372392658492
Absolute Error:,0.028033682188758326
Transition Probabilities
0.00016000000000000012,0.00016000000000000012,0.027962802597340332,0.9717171974026596
0.9719227752874927,0.027164399518531897,0.00045641259698767696,0.00045641259698767696
0.010195654731131498,0.005087265186035656,0.9650323968737718,0.019684683209060975
0.015479838928501313,0.0011004695937548374,0.9547694894861262,0.028650201991617635

0.031567046797901135,0.008203033420300402,0.02701469088205795,0.9332152288997405
0.022275806580646297,0.009496272194784853,0.9522303744796625,0.01599754674490632
0.0005752360651882417,0.9859729534647391,0.0068238985618018335,0.006627911908270726
0.9810847944087879,0.00021013466736769114,0.0052782425727357,0.01342682835110871

Transition Gammas
1.0,1.0,174.76751623337694,6073.232483766618
2129.482800654896,59.51719934510337,1.0,1.0
16.550697296415432,8.258202967934807,1566.5457004073635,31.9543218910909
30.171043348351287,2.144874760653225,1860.89737677639,55.84079331966304

47.26009382270485,12.281038880708879,40.44460775349805,1397.1480942433661
10.07429118127624,4.294713678742319,430.6486514611095,7.234931920906823
1.4960185957381742,2564.2235641039747,17.746938625181322,17.23723539907521
5525.087751915044,1.1833966682009485,29.725008028314562,75.61467193514166

Iteration: ,25000
Error:,0.023639564996997205
Absolute Error:,0.02725275552193758
Transition Probabilities
0.00014326647564469927,0.00014326647564469927,0.02721972634790838,0.9724937407008022
0.9713033170131699,0.027871600478579305,0.00041254125412541255,0.00041254125412541255
0.009817472258307714,0.004784473709557051,0.9656515575879618,0.0197464964441735
0.015793023586128826,0.0009985159543666805,0.9562055285911437,0.027002931868360846

0.03148303703933858,0.007970355794763384,0.02513241663869558,0.9354141905272024
0.02182666803014632,0.008495598973556484,0.9546249306545923,0.015052802341704924
0.0005196472966006665,0.9863350465664689,0.006666380206991764,0.006478925929938711
0.9804653289076409,0.00018786989834292805,0.005045486879344218,0.014301314314671734

Transition Gammas
1.0,1.0,189.9936899084003,6788.006310091593
2354.4392404399237,67.56075956007624,1.0,1.0
17.333108116194428,8.447164188996364,1704.8933177356244,34.86316526061735
34.0882066080727,2.1552312619734124,2063.9069802330373,58.28405913107503

52.14860770399132,13.202123959102064,41.629418861558925,1549.4231894336483
11.033864715391022,4.294713678742319,482.58407211921553,7.609525393270935
1.4968641222952377,2841.1762236152395,19.202765842720012,18.66279655253599
6180.549627155016,1.184273625922792,31.80518589646522,90.15105404476505

Iteration: ,27500
Error:,0.02245646115703348
Absolute Error:,0.026385775193189912
Transition Probabilities
0.00013073604392731088,0.00013073604392731088,0.026303834478719635,0.9734346934334257
0.9718676638409256,0.02737818834610308,0.00037707390648567126,0.00037707390648567126
0.010172360690635603,0.004378203361416014,0.9662560268177754,0.019193409130172846
0.017268504968818578,0.0009206872447885862,0.9560581584347633,0.025752649351629534

0.028459511520506395,0.00927449020939262,0.024642853792711483,0.9376231444773895
0.020859236611367495,0.007480513888469933,0.9570830887981323,0.014577160702030148
0.00047199069105294733,0.9863779560523056,0.006666955193337776,0.006483098063303704
0.9809670349115017,0.00017106718492722081,0.004699438043508035,0.014162459860063

Transition Gammas
1.0,1.0,201.1980299277263,7445.801970072267
2577.393044506134,72.60695549386536,1.0,1.0
20.041195981174376,8.625768814150474,1903.6806686645257,37.81412059825622
40.981090393500295,2.184946946533793,2268.8881222205177,61.11540361235162

52.14860770399132,16.99437993641003,45.15504471034081,1718.0808426842643
11.975707837538176,4.294713678742319,549.4806766537573,8.369041538807844
1.4977921281979407,3130.1234664337608,21.156588883888638,20.57314567770217
6795.386453957512,1.1850221157288465,32.55409864506617,98.10664829982935

Iteration: ,30000
Error:,0.023326755586218825
Absolute Error:,0.026056840999901645
Transition Probabilities
0.00011953143676786995,0.00011953143676786995,0.02562704112723392,0.9741338959992304
0.9720237402318966,0.027282537950552233,0.000346860908775581,0.000346860908775581
0.011481830999775693,0.004613675471296095,0.96535104073717,0.018553452791758043
0.016158374624292406,0.0008446034492453331,0.9572760064723821,0.02572101545408021

0.028485981256981163,0.008489168363089383,0.02359674923567407,0.9394281011442553
0.021161587864520777,0.007023537624601028,0.957431339091146,0.014383535419732092
0.000435759456616603,0.9865932851829149,0.006429149228151675,0.006541806132316738
0.9802720302870429,0.00015601859113287695,0.00450271270993647,0.015069238411887767

Transition Gammas
1.0,1.0,214.39582607043897,8149.6041739295615
2802.344443088558,78.65555691144209,1.0,1.0
24.61597162065954,9.891288634241036,2069.62232968109,39.77686724321972
41.800908258002714,2.184946946533793,2476.4252255905076,66.53898255844898

57.02579659598344,16.99437993641003,47.23809266392045,1880.6315755499652
12.93976991699072,4.294713678742319,585.4447841282685,8.795164149107421
1.4982255529465325,3392.099122078329,22.10466235687038,22.4919986498024
7449.256046358459,1.1856121540064652,34.21688964203907,114.51373892704225

Iteration: ,32500
Error:,0.022823149997059207
Absolute Error:,0.025738116418616973
Transition Probabilities
0.00011044842058758551,0.00011044842058758551,0.026241704297652536,0.9735373988611723
0.9729555279067149,0.026405902489198173,0.00031928480204342286,0.00031928480204342286
0.011742831105001116,0.004287683810953196,0.9660846987753013,0.017884786308744564
0.01644100551618919,0.0010896264335990453,0.9558367370830708,0.02663263096714105

0.027866605261891456,0.009234650049156497,0.022984969136333806,0.9399137755526183
0.019192676431207045,0.006370055304657959,0.9602095354724604,0.014227732791674552
0.0004000294974384071,0.986670941030516,0.006392523605747488,0.006536505866298071
0.979726013706636,0.0001446512196080181,0.004323482173349529,0.01580585290040635

Transition Gammas
1.0,1.0,237.59239071094626,8814.407609289061
3047.29671340383,82.70328659616864,1.0,1.0
27.409060533296152,10.007926033441738,2254.9480404045116,41.745060128870804
46.306029875220716,3.06892873050764,2692.1105561103955,75.01070442472628

59.959580531473804,19.869867107910313,49.45593820960103,2022.378943837796
12.93976991699072,4.294713678742319,647.3766441928581,9.592387462195877
1.4989104045299815,3697.055714212027,23.95278399521962,24.492285481457504
8033.149230600727,1.1860508113930228,35.44988803855365,129.59824817299074

Iteration: ,35000
Error:,0.02320316530052108
Absolute Error:,0.025756870138015416
Transition Probabilities
0.00010236462278636505,0.00010236462278636505,0.025570051950718462,0.9742252188037089
0.9730419478734398,0.026363875061794925,0.00029708853238265005,0.00029708853238265005
0.011362633356160761,0.004404891475468732,0.9648032710214932,0.01942920414687734
0.016224998359477667,0.001009202438109316,0.9560724526982676,0.026693346504145454

0.028051817289535378,0.009074452537085548,0.021993619164898337,0.9408801110084807
0.01914557778072334,0.0072357181358366695,0.9603943571213371,0.013224346962102914
0.0003721994217028148,0.9864152634870909,0.006383692169158105,0.006828844922048241
0.9791314041987753,0.00013403784646638073,0.004179008411939083,0.01655554954281916

Transition Gammas
1.0,1.0,249.79383750656862,9517.20616249343
3275.259196541998,88.74080345800171,1.0,1.0
28.3824651196758,11.002878887283858,2409.9602907867707,48.53177003223587
49.33932156478476,3.06892873050764,2907.36338690335,81.17298859626233

64.75592394712851,20.94782495865429,50.77093990967792,2171.964842169416
13.901012572121525,5.2536314091218355,697.3126737381692,9.601789796251547
1.4994939382805659,3974.0086146811277,25.718222956146263,27.511626748967412
8667.914048204198,1.1865910207708077,36.99532623106075,146.56059425994079

Iteration: ,37500
Error:,0.022747596958716726
Absolute Error:,0.025259831688634108
Transition Probabilities
9.571209800918838e-05,9.571209800918838e-05,0.025361218242040844,0.9744473575619408
0.9737069659553514,0.02573824902384404,0.00027739251040221924,0.00027739251040221924
0.012221825744053252,0.004592430710856685,0.9647635222023692,0.018422221342720955
0.01600010250692459,0.0015004264642173167,0.9562271223192012,0.026272348709656973

0.027971177696290008,0.008868949942785954,0.02108819333140395,0.94207167902952
0.01896973695625669,0.006701267805577462,0.9620633520723724,0.012265643165793478
0.00034703574713336173,0.9862247455576982,0.0064558277304242575,0.006972390964744092
0.9790309599108867,0.00012530378674699996,0.003991462154793139,0.01685227414757321

Transition Gammas
1.0,1.0,264.9740081928427,10181.025991807155
3510.213612269041,92.78638773095773,1.0,1.0
32.86370774153191,12.348752458548564,2594.1874068018496,49.536174941094394
52.23233386077277,4.8981421199407995,3121.6033946086714,85.76608109326492

69.39815093474108,22.004390857084257,52.32105847112338,2337.335713301306
14.87181363103,5.2536314091218355,754.2343315701756,9.615966718306723
1.500064652989556,4262.963953814838,27.905364401776485,30.13821290582229
9274.74185382618,1.1870516081443359,37.81267663730753,159.64816105802922

Iteration: ,40000
Error:,0.022226714791914234
Absolute Error:,0.025026749523703158
Transition Probabilities
8.984725965858051e-05,8.984725965858051e-05,0.025350949969054216,0.9744693555116286
0.9732544540928795,0.02622538986030648,0.0002600780234070222,0.0002600780234070222
0.012142156750319927,0.004308057409450428,0.9649155878654639,0.018634197974765752
0.01551211231800811,0.0014118543790458942,0.9563196102912118,0.026756423011734202

0.028116676332520317,0.008703645029169314,0.02034553233234252,0.9428341463059677
0.01786952856898564,0.006312607116077808,0.9638816836360732,0.011936180678863359
0.0003256079179100509,0.985821365773674,0.006755988548972289,0.007097037759443622
0.979068422542357,0.00011739826136494008,0.0038994913891103886,0.01691468780716747

Transition Gammas
1.0,1.0,282.15607315557315,10845.843926844416
3742.16337598712,100.83662401287839,1.0,1.0
34.80466339507832,12.348752458548564,2765.8646590472254,53.41365636149308
54.028929191780286,4.917510827072885,3330.876121181254,93.19303874869945

74.97254507012963,23.208092290377564,54.250947790655864,2514.048057871752
14.87181363103,5.2536314091218355,802.1850551938094,9.93381855805911
1.5004892641930094,4542.931220008354,31.13342068525572,32.70506759777063
9903.596735980023,1.1875217413757928,39.44462848969587,171.09758940258095

Iteration: ,42500
Error:,0.023284621876450886
Absolute Error:,0.02480190938210469
Transition Probabilities
8.462384700008467e-05,8.462384700008467e-05,0.025584785167082385,0.9742459671389174
0.9740734623225501,0.02543682171270949,0.00024485798237022533,0.00024485798237022533
0.011719552867907834,0.004749832487551476,0.9653303024007802,0.018200312243760473
0.015487580418503845,0.0015869980946461117,0.9559542097355996,0.026971211751250394

0.028981072599397504,0.009331613297036488,0.019404345719147415,0.9422829683844186
0.016663479283586535,0.005886556967526905,0.9659723037181898,0.01147766003069676
0.0003059509666420476,0.9855087333671213,0.006787018533784158,0.0073982971324524464
0.9788876124255484,0.00011058606334152576,0.0037469464067459886,0.01725485510436415

Transition Gammas
1.0,1.0,302.33540631941236,11512.66459368058
3978.1160201252933,103.88397987470553,1.0,1.0
35.647971715070426,14.447811795893612,2936.2952412557884,55.360833590134014
57.378652499283575,5.879537650757269,3541.635486206247,99.92340602865394

82.25577806788255,26.485531539377618,55.07455079698599,2674.4427232201774
14.87181363103,5.2536314091218355,862.110476998873,10.243576265910857
1.5009900594094454,4834.888506745275,33.29699351516163,36.295915565322396
10515.282418296274,1.1879235908220125,40.24997269658591,185.35291713375304

Iteration: ,45000
Error:,0.0227455985720828
Absolute Error:,0.024552751854037394
Transition Probabilities
7.978935609989622e-05,7.978935609989622e-05,0.025415311519048037,0.9744251097687522
0.9737088870571434,0.025829538975628313,0.00023078698361412444,0.00023078698361412444
0.01143794576951178,0.004513860202517218,0.9664403702973011,0.017607823730669794
0.015928986046853597,0.0015037993648735594,0.9562166982599488,0.026350516328324053

0.02869600180807789,0.009222124999957249,0.019017654947068547,0.9430642182448963
0.016855217618455362,0.005590662350772152,0.966317331647866,0.011236788382906478
0.0002888498462842487,0.9854129757177063,0.006717824503542008,0.007580349932467569
0.978807485917118,0.00010443969971624848,0.0035927422857464524,0.01749533209741938

Transition Gammas
1.0,1.0,318.5300992682292,12212.469900731778
4219.080607618597,111.91939238139734,1.0,1.0
36.610191808197314,14.447811795893612,3093.3498060534753,56.35852950300051
62.63142935420441,5.912812240963691,3759.7633903514097,103.6080072523028

85.87149665241272,27.596794890047597,56.9094783324215,2822.0773193996106
15.839107270656514,5.2536314091218355,908.063260880505,10.559382892787182
1.5013480148078837,5121.85771912728,34.917077547257605,39.40020557068188
11136.93765092803,1.1883219537615957,40.87846426176494,199.063069658356

Iteration: ,47500
Error:,0.021857462976589123
Absolute Error:,0.024554272201632612
Transition Probabilities
7.558578987150416e-05,7.558578987150416e-05,0.02530025949067666,0.9745485689295803
0.9737670009220734,0.025795649416872627,0.00021867483052700673,0.00021867483052700673
0.011400257978223527,0.004274287702047608,0.9667896246089653,0.01753582971076357
0.016156696333422062,0.0014267402886773647,0.9555351243128464,0.02688143906505427

0.029451677817395116,0.00904946676567148,0.018512882091028776,0.9429859733259047
0.017009818719888103,0.0054477100135417456,0.9667785183913279,0.01076395287524235
0.000274292521912539,0.9857933997573824,0.006636977051463501,0.007295330669241482
0.9783125291342172,9.886228658803328e-05,0.0034615799625567797,0.018127028616638154

Transition Gammas
1.0,1.0,334.7224330616522,12893.277566938348
4453.036495216634,117.96350478335832,1.0,1.0
38.53479063075328,14.447811795893612,3267.9116419518423,59.27405570396712
67.15185822266872,5.929941344979108,3971.4777000482095,111.72696123425229

93.3146508144956,28.67231661746818,58.65618721640191,2987.755311240764
16.6973987342651,5.347651717087413,949.0216606734206,10.566250944498195
1.5016435918631574,5396.830840757231,36.334836944081474,39.93906386365991
11762.819542470283,1.1886786707312778,41.62058567053294,217.95178954460314

Iteration: ,48191
Error:,0.022561304779934423
Absolute Error:,0.024912782654562225
Transition Probabilities
7.466029565477076e-05,7.466029565477076e-05,0.025367801035481922,0.9744828783732086
0.9733270748528922,0.026242632548140445,0.00021514629948364927,0.00021514629948364927
0.011388441027499396,0.004211291135318058,0.9669787852275568,0.017421482609625775
0.016357330933346747,0.0014054358559753453,0.9555506117047289,0.026686621505949068

0.02932671232722738,0.009262302713909048,0.01856610814065626,0.9428448768182073
0.01854006067651231,0.005427650429716081,0.9649369809236329,0.011095307970138742
0.0002697396608294574,0.9855096250616547,0.006756373170154378,0.007464262107361409
0.9780477210253766,9.772940249595854e-05,0.0034409594167110658,0.018413590155416455


Model Num 3
Model States: 
"['diamond', 'x', 'square']","['diamond', 'x', 'diamond']","['square', 'y', 'diamond', 'x', 'diamond']","['square', 'x', 'square', 'y', 'diamond', 'x', 'diamond']","['square', 'x', 'square', 'y', 'diamond', 'x', 'square']"
Iteration: ,0
Error:,0.6473832152377633
Absolute Error:,1
Transition Probabilities
0.2,0.2,0.2,0.2,0.2
0.2,0.2,0.2,0.2,0.2
0.2,0.2,0.2,0.2,0.2
0.2,0.2,0.2,0.2,0.2
0.2,0.2,0.2,0.2,0.2

0.2,0.2,0.2,0.2,0.2
0.2,0.2,0.2,0.2,0.2
0.2,0.2,0.2,0.2,0.2
0.2,0.2,0.2,0.2,0.2
0.2,0.2,0.2,0.2,0.2

Transition Gammas
1.0,1.0,1.0,1.0,1.0
1.0,1.0,1.0,1.0,1.0
1.0,1.0,1.0,1.0,1.0
1.0,1.0,1.0,1.0,1.0
1.0,1.0,1.0,1.0,1.0

1.0,1.0,1.0,1.0,1.0
1.0,1.0,1.0,1.0,1.0
1.0,1.0,1.0,1.0,1.0
1.0,1.0,1.0,1.0,1.0
1.0,1.0,1.0,1.0,1.0

Iteration: ,2500
Error:,0.3189178205874744
Absolute Error:,1
Transition Probabilities
0.002036659877800407,0.002036659877800407,0.4317718940936864,0.5520441304187782,0.012110655731934594
0.9827806070908834,0.009427185116908671,0.002597402597402598,0.002597402597402598,0.002597402597402598
0.2,0.2,0.2,0.2,0.2
0.009006817676134433,0.003877422434223853,0.7066124608408646,0.2650442864744862,0.015459012574290788
0.09090909090909091,0.09090909090909091,0.6363636363636364,0.09090909090909091,0.09090909090909091

0.010325599310177527,0.06095029646963483,0.42066624712128425,0.4983556372972988,0.009702219801604614
0.04205390413626046,0.010713759301902026,0.42528678007342313,0.5031043812187399,0.018841175269674455
0.3357647745049639,0.6440739351724555,0.005376344086021507,0.008940579336625502,0.005844366899933642
0.2,0.2,0.2,0.2,0.2
0.2,0.2,0.2,0.2,0.2

Transition Gammas
1.0,1.0,212.0,271.0536680356201,5.946331964379886
378.3705337299901,3.629466270009838,1.0,1.0,1.0
1.0,1.0,1.0,1.0,1.0
5.021100358963547,2.161576694054988,393.9207174335638,147.75628971424248,8.618055386162442
1.0,1.0,7.0,1.0,1.0

1.1923396205537484,7.038182596685847,48.57606986337124,57.54718478085768,1.120355412723779
3.925223906121783,1.0,39.69538311336913,46.95871608105133,1.758596094867425
249.80899223169305,479.19100776830675,4.0,6.651791026449372,4.348208973550628
1.0,1.0,1.0,1.0,1.0
1.0,1.0,1.0,1.0,1.0

Iteration: ,5000
Error:,0.31265803987684765
Absolute Error:,1
Transition Probabilities
0.0009990009990009992,0.0009990009990009992,0.4465534465534466,0.5384700476665059,0.012978503782045523
0.9809054218024645,0.015183235303141768,0.0013037809647979148,0.0013037809647979148,0.0013037809647979148
0.2,0.2,0.2,0.2,0.2
0.008129686439049896,0.0026845099018614,0.7072818874899471,0.27220629578802097,0.009697620381120538
0.047619047619047616,0.047619047619047616,0.8095238095238095,0.047619047619047616,0.047619047619047616

0.023868160785546936,0.052801106305009136,0.395105030771287,0.5186922155392826,0.00953348659887444
0.028215674409044718,0.006068644680760684,0.490321036077709,0.4659353840399393,0.009459260792546297
0.34191722081649195,0.6381624604584084,0.00398406374501992,0.010216099936553218,0.005720155043526464
0.2,0.2,0.2,0.2,0.2
0.2,0.2,0.2,0.2,0.2

Transition Gammas
1.0,1.0,447.0,539.0085177141723,12.991482285827567
752.3544585224898,11.64554147750973,1.0,1.0,1.0
1.0,1.0,1.0,1.0,1.0
8.938425075144867,2.9515640979723834,777.6420659927414,299.2852920128491,10.66233658994283
1.0,1.0,17.0,1.0,1.0

5.2868872455811395,11.695643329399916,87.51724804512601,114.89227357549063,2.1117030825445324
5.2859022776126166,1.1368951269784886,91.85635770356511,87.28796880812918,1.7720904856991166
514.9273345496368,961.072665450363,6.0,15.385446504449147,8.614553495550854
1.0,1.0,1.0,1.0,1.0
1.0,1.0,1.0,1.0,1.0

Iteration: ,7500
Error:,0.3093661409701829
Absolute Error:,1
Transition Probabilities
0.0006854009595613435,0.0006854009595613435,0.4393420150788212,0.5469215632632433,0.012365619738812941
0.9783707987858027,0.01899992864627442,0.0008764241893076256,0.0008764241893076256,0.0008764241893076256
0.2,0.2,0.2,0.2,0.2
0.009432746473419355,0.0026473325988380977,0.6814978930131604,0.2977955302263147,0.008626497688267292
0.03125,0.03125,0.875,0.03125,0.03125

0.02234847909939161,0.04472087488761753,0.39842657101264356,0.5279392901648119,0.00656478483553549
0.0204747112686595,0.003931251912044358,0.4864647082251322,0.47848494990629,0.010644378687874097
0.3297682820113283,0.6456452182121852,0.004023245417970496,0.013314997959595976,0.0072482563989198934
0.2,0.2,0.2,0.2,0.2
0.2,0.2,0.2,0.2,0.2

Transition Gammas
1.0,1.0,641.0,797.9585608010717,18.041439198928078
1116.3210814146,21.678918585399096,1.0,1.0,1.0
1.0,1.0,1.0,1.0,1.0
16.213684975104993,4.550426209677126,1171.4077315286659,511.8724358477908,14.82784641251316
1.0,1.0,28.0,1.0,1.0

7.209554793682367,14.42682504208841,128.53126077169293,170.31168981358562,2.117780622566689
5.921167095986365,1.1368951269784886,140.6827566897282,138.3750571196846,3.078292241431206
737.6916468593414,1444.3083531406585,9.0,29.785650435616198,16.214349564383802
1.0,1.0,1.0,1.0,1.0
1.0,1.0,1.0,1.0,1.0

Iteration: ,10000
