0,1,2,3,4,5,6,7,8,9,10,11,12,13,14,15,16,17,18,19,20,21,22,23,24,25,26,27,28,29
github Code Version (SHA):,435d1819722f15ec466ddfbacb6c2019a68c5c80
Environment Observations,Environment Actions,alpha,epsilon,numActions,explore,gainThresh,insertRandActions,useBudd,revisedSplitting,haveControl,confidence_factor
"['diamond', 'square']","['x', 'y']",0.99,0.99,50000,0.5,0.0275,False,True,False,False,250

Model Num 0
Model States: 
['diamond'],['square']
Iteration: ,0
Error:,0.6747342321097475
Transition Probabilities
0.5,0.5
0.5,0.5

0.5,0.5
0.5,0.5

Transition Gammas
1.0,1.0
1.0,1.0

1.0,1.0
1.0,1.0

Iteration: ,2500
Error:,0.14729800593394088
Transition Probabilities
0.4692622950819672,0.5307377049180327
0.021220159151193633,0.9787798408488063

0.03346456692913386,0.9665354330708661
0.9695767195767195,0.03042328042328042

Transition Gammas
229.0,259.0
16.0,738.0

17.0,491.0
733.0,23.0

Iteration: ,2556
Error:,0.15986155127526025
Transition Probabilities
0.47,0.53
0.023166023166023165,0.9768339768339769

0.03495145631067961,0.9650485436893204
0.964935064935065,0.03506493506493506


Model Num 1
Model States: 
['square'],"['diamond', 'x', 'square']","['diamond', 'x', 'diamond']"
Iteration: ,0
Error:,0.7237876714691769
Transition Probabilities
0.3333333333333333,0.3333333333333333,0.3333333333333333
0.3333333333333333,0.3333333333333333,0.3333333333333333
0.3333333333333333,0.3333333333333333,0.3333333333333333

0.3333333333333333,0.3333333333333333,0.3333333333333333
0.3333333333333333,0.3333333333333333,0.3333333333333333
0.3333333333333333,0.3333333333333333,0.3333333333333333

Transition Gammas
1.0,1.0,1.0
1.0,1.0,1.0
1.0,1.0,1.0

1.0,1.0,1.0
1.0,1.0,1.0
1.0,1.0,1.0

Iteration: ,2500
Error:,0.12677606901536737
Transition Probabilities
0.9703808180535967,0.02522373837447631,0.004395443571927079
0.9959100204498977,0.002044989775051125,0.002044989775051125
0.003225806451612903,0.9795662427156873,0.017207950832699815

0.021709633649932156,0.4100282995110002,0.5682620668390675
0.9188537166894126,0.052309655299733915,0.02883662801085345
0.9578738482098769,0.016712539300429353,0.02541361248969381

Transition Gammas
688.0,17.883630507503703,3.116369492496299
487.0,1.0,1.0
1.0,303.6655352418631,5.334464758136943

16.0,302.19085673960717,418.8091432603928
79.66748545946928,4.535410400249861,2.50022566272247
101.10664414292297,1.7640619032777787,2.6824879697713833

Iteration: ,5000
Error:,0.11865794189661454
Transition Probabilities
0.9737387698686939,0.02408761826464618,0.0021736118666599697
0.9978791092258749,0.0010604453870625664,0.0010604453870625664
0.0016207455429497564,0.9799649121091254,0.01841434234792495

0.0219028062970568,0.3962745007632203,0.5818226929397229
0.9233619950379253,0.056893119125000766,0.019744885837073914
0.9788113932104472,0.009074009698088543,0.012114597091464277

Transition Gammas
1409.0,34.854783628943025,3.1452163710569763
941.0,1.0,1.0
1.0,604.6383507713306,11.361649228669698

32.0,578.9570456150651,850.0429543849356
154.04397056167394,9.491447573920844,3.294028375626289
216.73438803938237,2.0092225658797638,2.6824879697713833

Iteration: ,7500
Error:,0.12118623457982258
Transition Probabilities
0.9771986970684039,0.02133155096634422,0.0014697519652518726
0.9985974754558204,0.0007012622720897616,0.0007012622720897616
0.0010881392818280734,0.9821694916281545,0.01674236909001741

0.021758839528558466,0.403162719656487,0.5750784408149544
0.9301544674880176,0.04927937439189572,0.02056615812008672
0.9819292940298476,0.009624667314276433,0.00844603865587595

Transition Gammas
2100.0,45.84150302667373,3.158496973326274
1424.0,1.0,1.0
1.0,902.6137628062745,15.386237193726009

48.0,889.3769595622107,1268.62304043779
233.2451574785001,12.357275960326183,5.157161479213296
322.8771614753748,3.1647749807166186,2.7772193003110703

Iteration: ,10000
Error:,0.11427166880148318
Transition Probabilities
0.9775242047026279,0.021032716965934655,0.001443078331437407
0.9989350372736954,0.0005324813631522897,0.0005324813631522897
0.0008136696501220507,0.9850219952038876,0.014164335145990475

0.02186539118551418,0.39897022445932784,0.579164384355158
0.9403042322853975,0.041167291387646396,0.018528476326955916
0.9853450264625596,0.008104101010393395,0.006550872527046884

Transition Gammas
2827.0,60.826617465483025,4.173382534516981
1876.0,1.0,1.0
1.0,1210.5920321055773,17.40796789442229

64.0,1167.7858469924527,1695.2141530075476
321.2675997155462,14.065359313288104,6.330503374934015
430.30611017832405,3.5391097418880744,2.8608055043495995

Iteration: ,12500
Error:,0.12084337032193766
Transition Probabilities
0.9772296015180265,0.021363373233309956,0.001407025248663478
0.9991338241663058,0.00043308791684711995,0.00043308791684711995
0.0006501950585175558,0.9821641086389825,0.017185696302500005

0.024848150193263377,0.3924007357351773,0.5827511140715592
0.9371150949885962,0.0433339987556437,0.019550906255760038
0.9866945807245671,0.0072301065849964515,0.0060753126904364305

Transition Gammas
3605.0,78.80948385768043,5.19051614231957
2307.0,1.0,1.0
1.0,1510.5683990867537,26.431600913244985

90.0,1421.275464832813,2110.7245351671886
405.4131182391374,18.747079900052405,8.45807938847169
534.6355908473734,3.917597584371549,3.291878209616637

Iteration: ,15000
Error:,0.11759041824139456
Transition Probabilities
0.9763566764242287,0.02202153063290646,0.0016217929428647615
0.9992826398852224,0.0003586800573888092,0.0003586800573888092
0.0005455537370430991,0.9839321946692998,0.015522251593657067

0.02508053382420615,0.3944759349327124,0.5804435312430815
0.944108819657824,0.03717809081268175,0.018713089529494156
0.9882688607217252,0.006657907532578721,0.005073231745696095

Transition Gammas
4336.0,97.79761754073759,7.202382459262406
2786.0,1.0,1.0
1.0,1803.5477128288255,28.452287171173385

109.0,1714.3924132175691,2522.6075867824334
476.067573390079,18.747079900052405,9.436089291239098
641.2600273213279,4.320130013128572,3.291878209616637

Iteration: ,17500
Error:,0.11764494971487004
Transition Probabilities
0.9767083734359961,0.021702484601737147,0.0015891419622667056
0.9993825254708243,0.00030873726458783575,0.00030873726458783575
0.00046490004649000474,0.9825777958951106,0.016957304058399358

0.022970297029702953,0.39197195968352383,0.5850577432867733
0.9423045677919873,0.03773514279582481,0.019960289412187762
0.9884941944455489,0.006701768428846768,0.004804037125604335

Transition Gammas
5074.0,112.74440750602447,8.255592493975536
3237.0,1.0,1.0
1.0,2113.5248389703825,36.47516102961701

116.0,1979.4583964017968,2954.541603598207
557.2139398557781,22.313961225457533,11.803138692289474
749.5591320648443,5.0818424175405426,3.6428235173349117

Iteration: ,20000
Error:,0.11261998880007731
Transition Probabilities
0.9773915977729036,0.02104320670502964,0.0015651955220666986
0.9994617868675996,0.00026910656620021526,0.00026910656620021526
0.0004074979625101876,0.9810520792697774,0.018540422767712405

0.02385892116182571,0.3933845974891827,0.5827564813489917
0.9440942086024732,0.03628618299954295,0.019619608397983945
0.9892072487901951,0.0065903704767114706,0.004202380733093438

Transition Gammas
5793.0,124.72308614071068,9.276913859289323
3714.0,1.0,1.0
1.0,2407.501802528033,45.49819747196623

138.0,2275.336511877434,3370.66348812257
626.3617416456107,24.07416185182341,13.016679876425925
857.4918976364361,5.712846618455226,3.6428235173349117

Iteration: ,22500
Error:,0.11667364430479643
Transition Probabilities
0.9779954785229842,0.020604745987772042,0.001399775489243781
0.9995253915519696,0.00023730422401518748,0.00023730422401518748
0.0003615328994938539,0.9817350684226628,0.017903398677843272

0.024214559386973165,0.3943717134609981,0.5814137271520288
0.9454413665573869,0.03624839356745367,0.0183102398751595
0.9896914773869265,0.0065437831341486835,0.003764739478924682

Transition Gammas
6489.0,136.7124896288675,9.287510371132486
4212.0,1.0,1.0
1.0,2715.479199257086,49.520800742914496

158.0,2573.275430333014,3793.72456966699
694.3310469830635,26.620778344816127,13.447019003752098
957.6416665518641,6.331871628000447,3.6428235173349117

Iteration: ,22924
Error:,0.11419272559807139
Transition Probabilities
0.9783025830258303,0.020326566734888193,0.0013708502392815478
0.9995324918186068,0.0002337540906965872,0.0002337540906965872
0.00035486160397444987,0.9820702301989742,0.017574908197051292

0.02468764112599728,0.3930365695031163,0.5822757893708865
0.9465832968955068,0.035489702637881065,0.017927000466612164
0.9896669426741912,0.006409464018654275,0.003923593307154547


Model Num 2
Model States: 
"['diamond', 'x', 'square']","['diamond', 'x', 'diamond']","['square', 'y', 'diamond', 'x', 'diamond']","['square', 'y', 'diamond', 'x', 'square']"
Iteration: ,0
Error:,0.6749603723201997
Transition Probabilities
0.25,0.25,0.25,0.25
0.25,0.25,0.25,0.25
0.25,0.25,0.25,0.25
0.25,0.25,0.25,0.25

0.25,0.25,0.25,0.25
0.25,0.25,0.25,0.25
0.25,0.25,0.25,0.25
0.25,0.25,0.25,0.25

Transition Gammas
1.0,1.0,1.0,1.0
1.0,1.0,1.0,1.0
1.0,1.0,1.0,1.0
1.0,1.0,1.0,1.0

1.0,1.0,1.0,1.0
1.0,1.0,1.0,1.0
1.0,1.0,1.0,1.0
1.0,1.0,1.0,1.0

Iteration: ,2500
Error:,0.05496005873863723
Transition Probabilities
0.0013605442176870754,0.0013605442176870754,0.02286280343794143,0.9744161081266844
0.9637314699194047,0.027572877906682277,0.004347826086956523,0.004347826086956523
0.008414906362232926,0.017048117239943726,0.9481859325876313,0.026351043810192102
0.012953529809582627,0.0141972681997135,0.9372330024122003,0.03561619957850366

0.02394704029572393,0.0063835464536821564,0.022812037010406978,0.946857376240187
0.036730325201413214,0.15252471252158595,0.7611679512933118,0.04957701098368907
0.004123798682769143,0.9712448372129884,0.006281492627915419,0.018349871476327072
0.9798779159030577,0.0019100897996733464,0.005858215743807813,0.012353778553461125

Transition Gammas
1.0,1.0,16.804160526886943,716.1958394731128
221.65823808146303,6.341761918536922,1.0,1.0
1.2115075917083054,2.4544448353248787,136.51185244753145,3.79380212342786
2.6646213229445195,2.9204660141773098,192.7946343202439,7.326472879146935

3.7513693163321156,1.0,3.573567949403508,148.32779601596238
1.9857897010436782,8.246101868664088,41.151813117750955,2.680333410610565
1.105614852995816,260.39649374860085,1.6841053801742525,4.919709233033679
660.6904835686502,1.28789324968375,3.949948590339269,8.329633512419871

Iteration: ,5000
Error:,0.038703511029437705
Transition Probabilities
0.0007142857142857146,0.0007142857142857146,0.02428080967966271,0.9742906188917658
0.9700237217298687,0.025809611603464587,0.002083333333333333,0.002083333333333333
0.007640595887610607,0.00881886272976835,0.9639617217838196,0.019578819598801613
0.011718437570705743,0.010908789147060784,0.9432346339470081,0.03413813933522526

0.025953744932597927,0.007520176872290328,0.01701927565526319,0.9495068025398485
0.0273268835721407,0.08597644770495934,0.8390743083045933,0.047622360418306614
0.0019583478708903226,0.9762947011172534,0.007882774107946714,0.013864176903909665
0.9715690817312141,0.001009150351482784,0.0050020518631428,0.02241971605416023

Transition Gammas
1.0,1.0,33.99313355152778,1364.0068664484716
465.61138643033706,12.388613569663002,1.0,1.0
2.5921300670633523,2.9918660239843775,327.0313205002396,6.6422629473123305
5.119070777674519,4.76538475420394,412.0416925887037,14.912871312468667

8.386350063873417,2.4299705478749383,5.499383763278311,306.81107696819885
2.9382852127247165,9.244498161203687,90.22029994602389,5.120528180345143
1.1118437431831922,554.2871984468359,4.475411749426553,7.871327956656067
1244.4761875406202,1.2926137787657679,6.407093998331396,28.717260857157818

Iteration: ,7500
Error:,0.03127590094830397
Transition Probabilities
0.0004793863854266537,0.0004793863854266537,0.021643677298457276,0.9773975499306895
0.9766767950676001,0.020482295841490833,0.0014204545454545455,0.0014204545454545455
0.00873860071295955,0.005854675634200757,0.9688913322270416,0.016515391425798137
0.015764293409904703,0.010928483617296854,0.9405823260604671,0.03272489691233135

0.024656532942972677,0.0070794672474845735,0.011382334948931217,0.9568816648606115
0.016610591320976927,0.05226061114090479,0.8986096665332175,0.032519131004900774
0.001292454848160072,0.9766138134688807,0.00640317337284731,0.015690558310111888
0.9706054407633169,0.0006733836316839127,0.004916061902691614,0.02380511370230747

Transition Gammas
1.0,1.0,45.1487108445819,2038.8512891554192
687.5804637275904,14.419536272409546,1.0,1.0
4.465614186641178,2.9918660239843775,495.1244507704943,8.439722636554524
10.36621938699463,7.186307422627493,618.5042672034014,21.519103456731504

12.093586668301608,3.472351563817842,5.582830907772473,469.33327455507873
2.9382852127247165,9.244498161203687,158.95710418518394,5.752382917379376
1.1158587881388757,843.1730577887877,5.528268388052497,13.546660764257023
1867.3186149308567,1.2955025158773426,9.457863635947795,45.797942273954284

Iteration: ,10000
Error:,0.027352446183212118
Transition Probabilities
0.0003558718861209965,0.0003558718861209965,0.020026363092621183,0.9792618931351369
0.9802164372014786,0.017637640051740282,0.0010729613733905577,0.0010729613733905577
0.010784467098109384,0.007114634223571052,0.9683496186972292,0.013751279981090266
0.017294087227512592,0.009512319094331848,0.9420289643728448,0.03116462930531075

0.022365823885785348,0.010584693192846677,0.009113186208826052,0.957936296712542
0.012392527406998435,0.03898964482090818,0.9228908665137606,0.025726961258332782
0.000978394676149035,0.9815041040557936,0.004951926682708751,0.01256557458534865
0.9736160632886943,0.0005038750380236634,0.004486692580974252,0.02139336909230783

Transition Gammas
1.0,1.0,56.274080290265516,2751.725919709734
913.5617194717781,16.438280528221945,1.0,1.0
7.365635415933014,4.859192515662725,661.3688169841917,9.391925806040584
15.132489722818136,8.32336908224598,824.284244345136,27.269345093148456

14.306997438748866,6.770829421412235,5.8295340432945375,612.7738559303098
2.9382852127247165,9.244498161203687,218.8186878251078,6.099897732807203
1.1185083798327644,1122.0631019249618,5.66108097882117,14.365062294130043
2506.2046377707707,1.297034842344607,11.549285368923874,55.069100498997834

Iteration: ,12500
Error:,0.025132982968514662
Transition Probabilities
0.0002853881278538814,0.0002853881278538814,0.017800419441683285,0.981628804302609
0.9783291271707089,0.01996874516971673,0.0008510638297872343,0.0008510638297872343
0.008772771823269281,0.005787496227825053,0.9720076706434405,0.01343206130546517
0.015589073526438773,0.008085482310924609,0.948956252068323,0.027369192094313585

0.020159248138380218,0.010353258726038986,0.008346628911014474,0.9611408642245663
0.010369366970418275,0.03780915442117402,0.9257183970600766,0.026103081548331
0.0007794563825397154,0.9812701504207211,0.005015668939545615,0.012934724257193745
0.9746608554024514,0.000404206836475603,0.004051260735041567,0.020883677026031496

Transition Gammas
1.0,1.0,62.3726697236582,3439.62733027634
1149.5367244255826,23.463275574417153,1.0,1.0
7.365635415933014,4.859192515662725,816.099434440986,11.277583465478543
17.258960554776287,8.95159164102473,1050.6075614358194,30.300954445479594

16.27654714223439,8.35920578849838,6.739055842574661,776.0237127641232
3.032708150147941,11.057968253067934,270.74301985020185,7.634316384156913
1.1200109677491359,1409.9997837147139,7.207079637459424,18.586072751966512
3130.7839383338687,1.2983842168156285,13.01336969569128,67.08208321288757

Iteration: ,15000
Error:,0.024091706635942216
Transition Probabilities
0.0002381519409383192,0.0002381519409383192,0.018450445393894326,0.981073250724229
0.9779182317265239,0.020679243729296512,0.0007012622720897618,0.0007012622720897618
0.010731487891851344,0.0060644187988241754,0.9663705153882802,0.01683357792104434
0.016262170517762152,0.008444333778614406,0.9512245536182092,0.024068942085414328

0.0176030142763216,0.00957494432620768,0.010010869798541634,0.962811171598929
0.008805282665190563,0.032106134632907825,0.9368334479334223,0.02225513476847933
0.0006462592008698642,0.9811949086778305,0.004389044651383678,0.013769787469915837
0.975534751822475,0.00033920018317028965,0.0037447289433744863,0.020381319050980264

Transition Gammas
1.0,1.0,77.4734202089621,4119.526579791028
1394.5113984420227,29.488601557976818,1.0,1.0
10.88233580651108,6.149663728385206,979.9543705353065,17.070200293565474
21.793493005601736,11.316541598195236,1274.768680687024,32.25561559680987

16.99637163896404,9.244968483012704,9.66587090451702,929.6303595375672
3.032708150147941,11.057968253067934,322.66339888333374,7.665095052748929
1.1209862037825773,1701.9579053870052,7.613134939300549,23.884753612818763
3736.6968104198095,1.2992753360947313,14.343842361794794,78.06878201690719

Iteration: ,17500
Error:,0.024603478699345337
Transition Probabilities
0.00020408163265306153,0.00020408163265306153,0.019301250676890397,0.9802905860578034
0.978502616470494,0.020286729776479415,0.0006053268765133174,0.0006053268765133174
0.013006769648300266,0.006141862650830669,0.9665358413071157,0.01431552639375338
0.016438070925120805,0.007916423558405498,0.9524801124351945,0.023165393081279136

0.0194081867447173,0.00925429089262561,0.008754505241442098,0.962583017121215
0.010141764560862654,0.02807181336128821,0.9408559920233437,0.020930430054505376
0.0005584983526920342,0.9818124148315416,0.004425744173151368,0.013203342642615
0.9758697195395037,0.00028951660803491834,0.0034968994680613093,0.0203438643844001

Transition Gammas
1.0,1.0,94.5761283167628,4803.42387168323
1616.4863224092553,33.51367759074398,1.0,1.0
15.528175989789535,7.33248352404528,1153.9020871502487,17.090639662226135
25.54610545746256,12.302769101690174,1480.231926802351,36.00091381243272

22.264467616739495,10.616234406897004,10.04289586721528,1104.2452700509018
3.9950148250402253,11.057968253067934,370.6192954691772,8.244855011217497
1.1217188923253294,1971.926200189492,8.888908673935003,26.518321518188294
4382.594769030046,1.3002083644114877,15.704446003080498,91.36354151351384

Iteration: ,20000
Error:,0.024017720384785446
Transition Probabilities
0.00017850767583006113,0.00017850767583006113,0.019757641393967997,0.9798853432543718
0.9796520474363983,0.019291986354520365,0.000527983104540655,0.000527983104540655
0.01332231173496972,0.005457652635299603,0.9680576132829358,0.013162422346794949
0.016283386021374267,0.006975080036711449,0.9534745671234458,0.023266966818468512

0.01954378454337915,0.008774002525911645,0.008153998599870557,0.9635282143308387
0.009037497510363935,0.02501526650924972,0.9445934658491388,0.0213537701312475
0.0004875080570178711,0.9807581922657531,0.004156647322503501,0.01459765235472555
0.9754670351619044,0.00025410044473365875,0.0031511861273681506,0.021127678265993922

Transition Gammas
1.0,1.0,110.68230708900845,5489.317692910978
1855.4609778445376,36.53902215546155,1.0,1.0
18.288897025212503,7.492276793401499,1328.9514880012557,18.06940054337618
29.124796689833378,12.475770561348606,1705.4040775023993,41.6157718847596

25.45421958798661,11.427438041203926,10.61993240974167,1254.9186004563494
3.9950148250402253,11.057968253067934,417.556397152631,9.439408215272591
1.122337231887168,2257.893831317453,9.569400921098566,33.60660095768076
4993.5467628716815,1.3007743034939312,16.13134500533239,108.15542259163837

Iteration: ,22500
Error:,0.02269013410039034
Transition Probabilities
0.00015908367801463583,0.00015908367801463583,0.01905796361601711,0.9806238690279536
0.981340404351245,0.017716199422339738,0.0004716981132075473,0.0004716981132075473
0.011670217712733267,0.004780851530987207,0.9695450100266026,0.014003920729676855
0.01660022727585653,0.006802238047783435,0.9521347913661476,0.02446274331021243

0.018548669739988276,0.008364240819837528,0.007346621270315025,0.9657404681698593
0.0083427811961843,0.024210520019324656,0.9482409707936765,0.019205727990814523
0.0004355333202138074,0.9816981490605369,0.0037914819979788126,0.014074835621270416
0.9745538481774685,0.00022556230820621197,0.0028576405973805333,0.022362948916944698

Transition Gammas
1.0,1.0,119.79835929028344,6164.201640709711
2080.441657224639,37.55834277536024,1.0,1.0
18.288897025212503,7.492276793401499,1519.415428757429,21.94614277802655
33.46217431918404,13.711720420030868,1919.2809733630609,49.31116709241228

27.436576133320663,12.372107178994163,10.866878144426897,1428.4912207395757
4.112004274906221,11.932922544186834,467.37063262886113,9.466152083316699
1.1228276018458005,2530.868999655377,9.7746382231839,36.28565988762184
5623.325920284902,1.3015292861932275,16.489026719416433,129.0376622429202

Iteration: ,25000
Error:,0.023130804777795576
Transition Probabilities
0.0001426940639269408,0.0001426940639269408,0.019250405818732427,0.9804642060534137
0.981510718474313,0.017640745250761185,0.0004242681374628767,0.0004242681374628767
0.012173188784240967,0.004303013559797069,0.9698205000343618,0.013703297621600195
0.01685456935600572,0.00722058826890235,0.9526576998941412,0.023267142480950794

0.019860977455162142,0.009590900854444848,0.006979348328671708,0.9635687733617213
0.007574813670004174,0.023813506877303638,0.9511517057044683,0.017459973748223803
0.00039266451001286,0.9808082960188697,0.003929869600665619,0.014869169870451827
0.9750284586544629,0.0002030029761828962,0.0026013351911280866,0.022167203178226094

Transition Gammas
1.0,1.0,134.90684397767671,6871.093156022316
2313.420763443955,41.579236556044094,1.0,1.0
21.195587362770304,7.492276793401499,1688.6220610736725,23.859766495421173
37.758727678313,16.176042256787564,2134.2071637169097,52.12460064888476

32.38967813556748,15.64103239162917,11.382060448537068,1571.4071727400249
4.112004274906221,12.927214628096232,516.3347971751446,9.478185183188423
1.1233120353123782,2805.8399350023737,11.242344818713978,42.536865554861855
6253.284256650684,1.3019469367792162,16.683501135342176,142.1679761426354

Iteration: ,27500
Error:,0.022758007406895736
Transition Probabilities
0.00012981955082435416,0.00012981955082435416,0.02012515758970461,0.9796152033086467
0.980591490215632,0.01864134446024076,0.00038358266206367503,0.00038358266206367503
0.012052776112022366,0.004412734911850989,0.9695907586065113,0.013943730369615274
0.01715920016967076,0.0070134511108374984,0.9531415243080974,0.022685824411394436

0.020690586247004334,0.008885468232682717,0.0072842605555015465,0.9631396849648114
0.008286365702175497,0.021394028015321715,0.9537214856218582,0.016598120660644602
0.00035479448175250385,0.9814467250296112,0.0036241542749173784,0.0145743262137189
0.9751967878324528,0.00018543964277154953,0.002503964766903067,0.02211380775787252

Transition Gammas
1.0,1.0,155.02408891349458,7545.975911086504
2556.4020149921503,48.59798500784762,1.0,1.0
23.131223024550692,8.468750638488325,1860.8011856703513,26.760269499410164
42.38761703266705,17.32501962935125,2354.5035614022645,56.03979367990363

36.87021894663554,15.833730145264449,12.980409464452366,1716.2960312923767
5.006987363118453,12.927214628096232,576.2805550797143,10.029316033872858
1.1238378464183132,3108.8053240946456,11.479777575154257,46.165259685322674
6849.2171606730435,1.3024205979626267,17.586397602182952,155.31457186164118

Iteration: ,30000
Error:,0.022733629601278883
Transition Probabilities
0.00011865211200759378,0.00011865211200759378,0.019949834274308156,0.9798128615016768
0.9803744554468192,0.018919828251134172,0.00035285815102328877,0.00035285815102328877
0.012816177023782349,0.004081843662917286,0.968051398821728,0.015050580491572279
0.01704721667260977,0.006982271353864661,0.9532505941715005,0.022719917802025005

0.021941861304660613,0.00901996337963058,0.007542921155891858,0.961495254159817
0.009091090109632131,0.01974874313475553,0.9551866200921422,0.015973546663470187
0.0003268560471027955,0.9823486601510273,0.0033695869212253577,0.013954896880644675
0.9763044732391343,0.00016961310479446493,0.0024259214556743717,0.02109999220039689

Transition Gammas
1.0,1.0,168.13720326386905,8257.862796736128
2778.3812067362846,53.61879326371423,1.0,1.0
26.902989701880795,8.56837400297882,2032.078424405706,31.593322347275134
45.76374902432323,18.74411054863809,2559.028948053669,60.992280212858354

42.51550799089522,17.477474669061483,14.61549319928915,1863.0351634187318
5.950883671363943,12.927214628096232,625.2500406512474,10.456030780368229
1.1242182778530083,3378.7789112522514,11.589662297006935,47.9977356326552
7499.164777927683,1.3028278126490338,18.63392541268864,162.07271672001042

Iteration: ,32500
Error:,0.022757704019428074
Transition Probabilities
0.00010917030567685605,0.00010917030567685605,0.020114114644510694,0.9796675447441356
0.9814414568805401,0.017903235124702405,0.0003276539973787682,0.0003276539973787682
0.014308916883733737,0.004276027762274796,0.9670871840323715,0.014327871321619981
0.017232646307303038,0.006549252370494123,0.9544846241146124,0.02173347720759052

0.022777602050685727,0.00887898538029917,0.007159739536984526,0.9611836730320307
0.008655037221928613,0.018801497384402538,0.9573212463416115,0.015222219052057425
0.00030445851260975924,0.981711934013633,0.0034998391320092896,0.014483768341748004
0.9772061457028033,0.0001557476660815032,0.0022403582042865543,0.02039774842682873

Transition Gammas
1.0,1.0,184.2452901437177,8973.75470985627
2995.359326399407,54.64067360059172,1.0,1.0
32.54341286569926,9.72516215053935,2199.489853971367,32.58652179580078
49.89210498106228,18.961451479317347,2763.43204751754,62.92294909952987

48.171692602058314,18.77790969418859,15.141926323892323,2032.7795844524546
5.950883671363943,12.927214628096232,658.2187028231666,10.466235150243332
1.1244577364112893,3625.7602708052323,12.925968646595399,53.49295450688412
8177.0910375238445,1.3032693767131136,18.74692773236623,170.68481054908784

Iteration: ,35000
Error:,0.02319457554631627
Transition Probabilities
0.00010150223304912719,0.00010150223304912719,0.020133347837545987,0.9796636476963558
0.9815053794832428,0.017884864419196227,0.00030487804878048797,0.00030487804878048797
0.013910462488319023,0.0039631310423762466,0.967768235103296,0.014358171366008799
0.017624928279946068,0.006541367242295382,0.9544298275906469,0.021403876887111796

0.023676571199066253,0.008910238175708794,0.006940626993043585,0.9604725636321814
0.00799550703522466,0.017368787765450054,0.9582059752728722,0.01642972992645311
0.00028240923074692733,0.9806026111529573,0.003352188497163932,0.015762791119131786
0.9760020758902115,0.0001447671857840978,0.0022757175230074564,0.021577439400996865

Transition Gammas
1.0,1.0,198.35374289550285,9651.646257104487
3219.3376447050346,58.66235529496359,1.0,1.0
34.41659114949322,9.805386475961145,2394.40519702244,35.524290725289966
54.9759151502173,20.403921353145062,2977.0704529993404,66.76326285936841

53.67837817633309,20.200861451414866,15.735454149211947,2177.5369864650693
5.950883671363943,12.927214628096232,713.1720686297259,12.228294104865624
1.1248334789669412,3905.7315643329007,13.351737262429738,62.78305820906714
8788.91624414775,1.303631111231915,20.492877217303988,194.30522981783852

Iteration: ,37500
Error:,0.02191197825896865
Transition Probabilities
9.481369109699459e-05,9.481369109699459e-05,0.020050179837482657,0.9797601927803233
0.9819081866026482,0.01752363157916998,0.0002840909090909093,0.0002840909090909093
0.013790084551520764,0.0037188375354238264,0.9690122265942668,0.013478851318788636
0.016976431125919553,0.006430380742050258,0.9543539154414177,0.0222392726906126

0.023520519373399384,0.008418567874270378,0.0069099663128519805,0.9611509464394783
0.007401775750470763,0.016079014317791688,0.9603921204427055,0.016127089489032086
0.0002627149382729788,0.981278484043933,0.0031367355654681375,0.015322065452325869
0.9758625727489445,0.00013527185141898912,0.002343761919948965,0.021658393479687444

Transition Gammas
1.0,1.0,211.46924674592918,10333.53075325405
3456.3168168413195,61.6831831586783,1.0,1.0
36.36004726633804,9.805386475961145,2554.9756587055513,35.539424665315096
56.815175964513834,21.520613529931023,3193.9449013780804,74.42837554418676

57.193297305018625,20.470876840422253,16.802509818110725,2337.1674307874005
5.950883671363943,12.927214628096232,772.1365764540484,12.965866130273167
1.125178083753147,4202.703704490137,13.434280273497464,65.6226568543077
9406.863982307877,1.3039581007281416,22.592781200498727,208.77689874385436

Iteration: ,40000
Error:,0.022390464957646263
Transition Probabilities
8.867606632969783e-05,8.867606632969783e-05,0.020624461300894074,0.9791981865664464
0.9816790524199975,0.017787614246669137,0.00026666666666666695,0.00026666666666666695
0.013016407853550167,0.00351019646916013,0.9700516064231174,0.013421789254172365
0.017076394712370845,0.006327579909834505,0.9543227595781707,0.022273265799623826

0.024181433857479777,0.007975796444906346,0.006785802198969954,0.9610569674986439
0.007856314657791115,0.019172802730523342,0.956772065328319,0.016198817283366564
0.0002470328240021282,0.9819720582610022,0.002957403653812496,0.014823505261183168
0.9762194630984429,0.00012646737405475105,0.002279433785342915,0.02137463574215951

Transition Gammas
1.0,1.0,232.5820500901819,11042.41794990979
3681.2964465749874,66.7035534250092,1.0,1.0
36.36004726633804,9.805386475961145,2709.7431685587244,37.4924400934034
60.744572152091905,22.508623210882952,3394.7404415279675,79.23101007075083

62.753662509308775,20.698129039679763,17.60995413087828,2494.0557679946946
6.701342806498334,16.35417231299245,816.1151731732177,13.817398157292041
1.1254355636910072,4473.681914061221,13.473380558373231,67.53313073631286
10067.811684357604,1.3042658483341985,23.507941569774555,220.43794004146037

Iteration: ,42500
Error:,0.023020802750822852
Transition Probabilities
8.339588024351622e-05,8.339588024351622e-05,0.020824081386271846,0.979009126853241
0.9812354511338288,0.01826228869540262,0.0002511300853842293,0.0002511300853842293
0.013233272420197142,0.0033062079338596322,0.9701685840039806,0.013291935641962592
0.017554571266371,0.006012177819388945,0.9541381028532618,0.022295148060978275

0.023565068463371745,0.007534203975459007,0.006940270368491571,0.9619604571926776
0.00856031655985621,0.019780272931018743,0.9551035154036138,0.01655589510551119
0.0002323238554637314,0.9822458606764431,0.002809998593433861,0.014711816874659143
0.9766590126106096,0.00011908117480616448,0.0022270193359279523,0.020994886878656135

Transition Gammas
1.0,1.0,249.70155990278494,11739.298440097178
3907.279566414902,72.72043358509315,1.0,1.0
39.246578865423416,9.805386475961145,2877.2775649019063,39.420559320628406
66.32274735718772,22.71454793918484,3604.819472898763,84.23307238337571

64.73846865209687,20.698129039679763,19.066461715824826,2642.71869183504
7.807191940200641,18.040032319156715,871.0748504891325,15.099330722966318
1.1257665060707145,4759.646780434767,13.616347285040238,71.28872171942216
10699.719258501162,1.3045854519815447,24.397954014666023,230.00800951516257

Iteration: ,45000
Error:,0.023090567647178675
Transition Probabilities
7.903264048051866e-05,7.903264048051866e-05,0.021482953573716768,0.9783589811453222
0.9806881189502218,0.018839402901892493,0.00023623907394283036,0.00023623907394283036
0.013554730330740276,0.0031247619946533738,0.9699816953628152,0.013338812311791067
0.01746098828150446,0.005744690772990648,0.9552689238717627,0.021525397073742243

0.023966462228265956,0.007815235059333436,0.006798201575494489,0.9614201011369061
0.008019550275535546,0.018530727470758887,0.9573620252522408,0.016087697001464767
0.00021851016533333057,0.982166393554456,0.00267996002505856,0.014935136255152097
0.9769497473368373,0.00011300547117805299,0.0021211460263750545,0.020816101165609665

Transition Gammas
1.0,1.0,271.82381156823755,12379.17618843173
4151.252807516285,79.74719248371085,1.0,1.0
43.027776382053354,9.919161582150151,3079.084162087999,42.34237195057359
69.95677786079614,23.015882595303225,3827.2481962206975,86.2406753372766

69.95830677277108,22.812737506887455,19.84400813068978,2806.393439809355
7.807191940200641,18.040032319156715,932.0110019391732,15.661693492885819
1.1260941831338458,5061.603706006232,13.811199083786265,76.96836454076302
11280.663330905803,1.3048538866866317,24.49249233591914,240.35978283574534

Iteration: ,45960
Error:,0.02213947102677894
Transition Probabilities
7.75374118011943e-05,7.75374118011943e-05,0.02170086390499945,0.9781440612713981
0.9799956273338238,0.019543224407010742,0.00023057412958266108,0.00023057412958266108
0.013275923742985207,0.0030604889174310067,0.9705973287512635,0.013066258588320202
0.017986475879130645,0.0056355769991748295,0.9548667771163581,0.021511170005336366

0.024012471865310026,0.008174280834704763,0.006635577001021244,0.961177670298964
0.007804305769976952,0.018033363262662045,0.957643147627718,0.016519183339643
0.00021336006684674708,0.9825886429250578,0.002616502558918816,0.014581494449176622
0.9765545712434831,0.0001108856522779097,0.0021700461722924786,0.021164496931946532

