0,1,2,3,4,5,6,7,8,9,10,11,12,13,14,15,16,17,18,19,20,21,22,23,24,25,26,27,28,29
github Code Version (SHA):,528ca1c557fe8e6666681dc5c9134b0f84d30530
Environment Observations,Environment Actions,alpha,epsilon,numActions,explore,patience,gainThresh,insertRandActions,useUpdatedPosterior,revisedSplitting,haveControl,confidence_factor
"['diamond', 'square']","['x', 'y']",0.99,0.99,75000,0.5,0,0.01,False,True,False,False,250

Model Num 0
Model States: 
['diamond'],['square']
Iteration: ,0
Error:,0.6748089332051415
Absolute Error:,1
Transition Probabilities
0.5,0.5
0.5,0.5

0.5,0.5
0.5,0.5

Transition Gammas
1.0,1.0
1.0,1.0

1.0,1.0
1.0,1.0

Iteration: ,2500
Error:,0.15148253707267956
Absolute Error:,1
Transition Probabilities
0.4791288566243194,0.5208711433756806
0.02564102564102564,0.9743589743589743

0.05197505197505198,0.9480249480249481
0.9877216916780355,0.01227830832196453

Transition Gammas
264.0,287.0
19.0,722.0

25.0,456.0
724.0,9.0

Iteration: ,2605
Error:,0.15683820360000528
Absolute Error:,1
Transition Probabilities
0.47750865051903113,0.5224913494809689
0.026041666666666668,0.9739583333333334

0.05,0.95
0.9882352941176471,0.011764705882352941


Model Num 1
Model States: 
['square'],"['diamond', 'x', 'square']","['diamond', 'x', 'diamond']"
Iteration: ,0
Error:,0.7252153796092081
Absolute Error:,1
Transition Probabilities
0.3333333333333333,0.3333333333333333,0.3333333333333333
0.3333333333333333,0.3333333333333333,0.3333333333333333
0.3333333333333333,0.3333333333333333,0.3333333333333333

0.3333333333333333,0.3333333333333333,0.3333333333333333
0.3333333333333333,0.3333333333333333,0.3333333333333333
0.3333333333333333,0.3333333333333333,0.3333333333333333

Transition Gammas
1.0,1.0,1.0
1.0,1.0,1.0
1.0,1.0,1.0

1.0,1.0,1.0
1.0,1.0,1.0
1.0,1.0,1.0

Iteration: ,2500
Error:,0.11276216812589111
Absolute Error:,1
Transition Probabilities
0.9755766621438263,0.01868460608866615,0.005738731767507528
0.9959016393442623,0.0020491803278688526,0.0020491803278688526
0.0031847133757961785,0.9677228545048351,0.029092432119368777

0.01657458563535912,0.4109444707691792,0.5724809435954616
0.9564697179714545,0.012562171472049773,0.030968110556495666
0.9708626415838859,0.011917521471993623,0.017219836944120492

Transition Gammas
719.0,13.770554687346952,4.2294453126530485
486.0,1.0,1.0
1.0,303.86497631451823,9.135023685481796

12.0,297.5237968368857,414.4762031631142
76.13888411725263,1.0,2.465187696681121
100.6174935359395,1.235098651768579,1.7846158232933425

Iteration: ,5000
Error:,0.11607770107023914
Absolute Error:,1
Transition Probabilities
0.9752673796791443,0.019703979292218964,0.005028641028636651
0.9979013641133263,0.001049317943336831,0.001049317943336831
0.0016025641025641032,0.9756688783122729,0.02272855758516306

0.02366040361864997,0.40078118064836943,0.5755584157329807
0.9602202092831046,0.006983785042519838,0.03279600567437558
0.9711594277228469,0.016055913405284356,0.012784658871868719

Transition Gammas
1459.0,29.47715302115957,7.5228469788404295
951.0,1.0,1.0
1.0,608.817380066858,14.182619933141744

34.0,575.9225565917067,827.077443408293
149.00926293661038,1.0837604245702641,5.089362404122006
200.46001084095803,3.3141505744650117,2.6389208433696414

Iteration: ,7500
Error:,0.11645556270756781
Absolute Error:,1
Transition Probabilities
0.9775583482944344,0.018526305530607943,0.003915346174957588
0.9986120749479528,0.0006939625260235947,0.0006939625260235947
0.001072961373390558,0.9750844786279802,0.023842559998629227

0.0240073868882733,0.40220721464396053,0.5737853984677661
0.9461669283715528,0.018215984855221495,0.03561708677322569
0.9791769464310287,0.012354624218647973,0.008468429350323286

Transition Gammas
2178.0,41.276608722194496,8.723391277805504
1439.0,1.0,1.0
1.0,908.7787340812775,22.22126591872244

52.0,871.1808269188191,1242.8191730811823
208.1646097048782,4.007668482244915,7.83605592697465
305.12983534369766,3.8499317894580862,2.6389208433696414

Iteration: ,10000
Error:,0.11787678405153248
Absolute Error:,1
Transition Probabilities
0.9807562457798784,0.016271459742596455,0.0029722944775250858
0.9989440337909187,0.0005279831045406547,0.0005279831045406547
0.0008084074373484238,0.9755202004119481,0.023671392150703376

0.02553485162180812,0.4023230932651247,0.5721420551130671
0.9423314372717713,0.01593091249038989,0.041737650237838916
0.9795885621912093,0.012952320793812137,0.00745911701497864

Transition Gammas
2905.0,48.1960637575707,8.803936242429304
1892.0,1.0,1.0
1.0,1206.7184879095796,29.281512090420073

74.0,1165.9323242823325,1658.06767571767
289.79345440627077,4.899204228822336,12.835502842017279
413.01722828290735,5.460998464625971,3.144936510970624

Iteration: ,12500
Error:,0.11383602056287925
Absolute Error:,1
Transition Probabilities
0.9810606060606061,0.016005135305035667,0.0029342586343582724
0.9991514637250742,0.00042426813746287653,0.00042426813746287653
0.0006464124111182937,0.9765176051007951,0.022835982488086683

0.024282560706401755,0.4007811357227425,0.5749363035708557
0.9511735009345058,0.013111957299565654,0.03571454176592858
0.9811167209411616,0.012255491913378255,0.006627787145460034

Transition Gammas
3626.0,59.15498008741183,10.845019912588175
2355.0,1.0,1.0
1.0,1510.6727350909296,35.32726490907009

88.0,1452.4308358592195,2083.569164140782
364.74097404818656,5.027966057110657,13.695247753003152
523.230938370169,6.535871214052505,3.5346082819892826

Iteration: ,15000
Error:,0.11182816878838474
Absolute Error:,1
Transition Probabilities
0.9814689265536723,0.01583993946446846,0.0026911339818592225
0.9992895204262877,0.00035523978685612787,0.00035523978685612787
0.000537923614846692,0.9788203646145183,0.02064171177063505

0.025935276566444784,0.398460652797683,0.5756040706358722
0.9542281985495236,0.013033276433916191,0.03273852501656035
0.9808795275750154,0.013371003903070597,0.005749468521914038

Transition Gammas
4343.0,70.09173213027294,11.908267869727059
2813.0,1.0,1.0
1.0,1819.6270578183885,38.37294218161054

113.0,1736.093064239506,2507.9069357604967
451.57930321002397,6.167872527261145,15.49319160508437
625.9075490002381,8.532151039316592,3.6687846462674

Iteration: ,17500
Error:,0.11462082500300584
Absolute Error:,1
Transition Probabilities
0.9818784099766174,0.015010107272737556,0.0031114827506451433
0.9993906154783668,0.0003046922608165753,0.0003046922608165753
0.00045537340619307887,0.977955734464571,0.021588892129235898

0.025373721479150263,0.3934251421631575,0.5812011363576922
0.9515960736985832,0.013517991653233538,0.03488593464818313
0.9823373028093666,0.012606506853035463,0.005056190337597969

Transition Gammas
5039.0,77.03187052368914,15.968129476310876
3280.0,1.0,1.0
1.0,2147.5907928841953,47.409207115801976

129.0,2000.1734227574939,2954.826577242509
521.9819096802613,7.4150653761857575,19.136088611487235
735.8439874762835,9.443214916460219,3.7874640908135833

Iteration: ,20000
Error:,0.10948014235532251
Absolute Error:,1
Transition Probabilities
0.9820849684354206,0.014508082327877347,0.003406949236702078
0.9994649545211343,0.00026752273943285177,0.00026752273943285177
0.0003947887879984214,0.9781050787307491,0.02150013248125241

0.02397791961359323,0.390162875968587,0.5858592044178199
0.9570761859160989,0.013085024543266537,0.02983878954063456
0.9812773291575543,0.01415585153436417,0.004566819308081562

Transition Gammas
5756.0,85.03187052368914,19.968129476310878
3736.0,1.0,1.0
1.0,2477.540164424984,54.45983557501228

139.0,2261.7741919898995,3396.225808010103
613.7881255770677,8.39163360840906,19.136088611487235
835.5673775704739,12.053847971806658,3.8886919321451443

Iteration: ,22500
Error:,0.11443140653867379
Absolute Error:,1
Transition Probabilities
0.9813833812622975,0.015393615826704423,0.0032230029109980127
0.9995225590833134,0.00023872045834328001,0.00023872045834328001
0.00035285815102328925,0.9790050742147954,0.02064206763418129

0.02423312883435582,0.3902625883280971,0.5855042828375472
0.9557830879111125,0.013499254357590779,0.03071765773129669
0.9822007579543622,0.013765743476193295,0.004033498569444525

Transition Gammas
6484.0,101.70561976703613,21.29438023296387
4187.0,1.0,1.0
1.0,2774.5003803247255,58.49961967526968

158.0,2544.512075899194,3817.4879241008084
700.0569047603317,9.887438208182953,22.498942139535647
946.9387672870737,13.27153950205182,3.8886919321451443

Iteration: ,23074
Error:,0.11166244799906433
Absolute Error:,1
Transition Probabilities
0.9817486017073889,0.015117106235948797,0.00313429205666233
0.9995327102803738,0.00023364485981308412,0.00023364485981308412
0.00034470872113064515,0.9791424970936327,0.0205127941852367

0.023955681988321598,0.3893038744681997,0.5867404435434788
0.954192194509375,0.01474104830871016,0.031066757181914883
0.9821130846760213,0.013981524417270816,0.0039053909067078884


Model Num 2
Model States: 
"['diamond', 'x', 'square']","['diamond', 'x', 'diamond']","['square', 'y', 'diamond', 'x', 'diamond']","['square', 'y', 'diamond', 'x', 'square']"
Iteration: ,0
Error:,0.6750321999782548
Absolute Error:,0.74
Transition Probabilities
0.25,0.25,0.25,0.25
0.25,0.25,0.25,0.25
0.25,0.25,0.25,0.25
0.25,0.25,0.25,0.25

0.25,0.25,0.25,0.25
0.25,0.25,0.25,0.25
0.25,0.25,0.25,0.25
0.25,0.25,0.25,0.25

Transition Gammas
1.0,1.0,1.0,1.0
1.0,1.0,1.0,1.0
1.0,1.0,1.0,1.0
1.0,1.0,1.0,1.0

1.0,1.0,1.0,1.0
1.0,1.0,1.0,1.0
1.0,1.0,1.0,1.0
1.0,1.0,1.0,1.0

Iteration: ,2500
Error:,0.04183419026189049
Absolute Error:,0.04276169482703201
Transition Probabilities
0.0014534883720930224,0.0014534883720930224,0.029974148460590263,0.9671188747952237
0.9499852945686119,0.04181798411991275,0.004098360655737704,0.004098360655737704
0.02314507151371637,0.01495363038192362,0.944826634304715,0.0170746637996449
0.03313508993111764,0.008701529064275074,0.9390846271728346,0.01907875383177273

0.05102482221897649,0.02147404062216044,0.024489524214006915,0.9030116129448562
0.014789954501535429,0.02256522221664005,0.9252651952189308,0.037379628062893584
0.004289206911384594,0.983656648103921,0.006027072492347177,0.006027072492347177
0.9701148115337604,0.0019357659967040714,0.013974711234767742,0.013974711234767742

Transition Gammas
1.0,1.0,20.622214140886115,665.3777858591144
231.79641187474135,10.203588125258714,1.0,1.0
3.979751441489414,2.5712485715454467,162.4611597161583,2.9359562716975507
6.735106469043389,1.768690678468044,190.88027105401676,3.8779867089778155

8.76020456991327,3.686774017270188,4.204487788587701,155.03368976878645
1.0,1.5257127541736133,62.56038144829139,2.5273659941964657
1.2664232815277405,290.4326384632758,1.7795422513902337,1.7795422513902337
606.8530485402862,1.2109138860618358,8.741847886933188,8.741847886933188

Iteration: ,5000
Error:,0.030569180677592636
Absolute Error:,0.03134967517207454
Transition Probabilities
0.0007326007326007323,0.0007326007326007323,0.02777185189360234,0.9707629466411962
0.95656601278022,0.039360667464179135,0.0020366598778004067,0.0020366598778004067
0.019999646994763667,0.010738699986763271,0.9586612694120098,0.010600383606463324
0.02046537936005302,0.00452002189765268,0.9633512612676048,0.0116633374746895

0.04682085208435205,0.015488719824734239,0.013025897797895354,0.9246645302930184
0.014420690424325547,0.011365436301048483,0.9418683371405062,0.03234553613411957
0.002114361051145727,0.9887636317931229,0.005363454500989375,0.0037585526547422076
0.9759181649318059,0.0009935620919713348,0.011548628027108246,0.011539644949114506

Transition Gammas
1.0,1.0,37.908577834767215,1325.0914221652336
469.6739122750881,19.32608772491196,1.0,1.0
7.437617232401236,3.9935874916216867,356.5140714374226,3.942149369043243
8.551867046927859,1.8887813237109785,402.5555432376542,4.873758245678448

15.590415856401771,5.157436748819966,4.337365821670886,307.8949637430989
1.9358545260909228,1.5257127541736133,126.43778000805787,4.342111971175015
1.2710205686317395,594.3823609705065,3.224170718612112,2.259404906212264
1194.670003519415,1.2162688128620849,14.137250418690485,14.126253785771835

Iteration: ,7500
Error:,0.032399947747096425
Absolute Error:,0.031400597533286896
Transition Probabilities
0.00048661800486617996,0.00048661800486617996,0.02878761556576943,0.9702391484244983
0.9595718223667047,0.03768092488604266,0.0013736263736263737,0.0013736263736263737
0.023689375007348943,0.007791664990234978,0.9526270763729063,0.015891883629509725
0.015860396122939553,0.0030026127292774748,0.9658320122906697,0.015304978857113313

0.046877730303472524,0.014838979261617882,0.010532594388955766,0.9277506960459538
0.014449920475098547,0.007663020889082097,0.9509230766882616,0.026963981947557714
0.001413450203629108,0.9848740694901023,0.010317049416127443,0.003395430890141211
0.971515187811107,0.0006589118869427671,0.012245122071617046,0.015580778230333193

Transition Gammas
1.0,1.0,59.158549987656194,1993.8414500123445
698.568286682961,27.431713317039055,1.0,1.0
13.22801854754119,4.350823479939073,531.9417937890523,8.873941644357723
9.976917666260215,1.8887813237109785,607.552698644484,9.627534694446979

22.999907002046182,7.280538985421429,5.167671085353533,455.1879878143311
2.8769891515059,1.5257127541736133,189.32944165771153,5.368547437905219
1.273467954565582,887.3362241966519,9.295291608699218,3.059161489690188
1797.5106910740997,1.2191277873112543,22.656092373430447,28.8277690309499

Iteration: ,10000
Error:,0.032502025707293686
Absolute Error:,0.031354433477532306
Transition Probabilities
0.00036166365280289293,0.00036166365280289293,0.02871234432127019,0.970564328373124
0.9600266605991403,0.037898650604179226,0.001037344398340249,0.001037344398340249
0.026898404416048658,0.005922678926418242,0.9523985399471159,0.014780376710417242
0.01981776747422441,0.002358880826875821,0.9615286651259285,0.016294686572971166

0.052525429538189776,0.016655264508108468,0.008665091592798022,0.9221542143609037
0.011491729076022618,0.006094245301418025,0.9597519751167705,0.02266205050578894
0.0010814518829607423,0.9867829227968706,0.009379216081128551,0.002756409239040026
0.9731400808145985,0.0004890536607933486,0.011248340063433917,0.015122525461174322

Transition Gammas
1.0,1.0,79.38963204831215,2683.6103679516905
925.4657008175712,36.534299182428775,1.0,1.0
19.759674795847108,4.350823479939073,699.6357528986513,10.857723478337817
16.58321694773505,1.973876853526121,804.5930741688345,13.635154559482057

34.824627250403566,11.042525179733028,5.744999849842191,611.3929398551279
2.8769891515059,1.5257127541736133,240.2768114598627,5.6735129260982635
1.2749049418313518,1163.3013401800922,11.056995804194228,3.249483232615808
2430.2761402901856,1.2213405516631712,28.091097071195215,37.76631292224487

Iteration: ,12500
Error:,0.03083888239351392
Absolute Error:,0.029518937466733876
Transition Probabilities
0.00028893383415197894,0.00028893383415197894,0.026182570266578494,0.9732395620651175
0.9619022612786173,0.03642689494527578,0.000835421888053467,0.000835421888053467
0.024248621010622792,0.004724975344798746,0.9574955433081501,0.013530860336428278
0.019001538262480657,0.0019176156823097772,0.9620913097276027,0.016989536327606924

0.05018860985034234,0.017674849495328503,0.008446780935109635,0.9236897597192195
0.014228164931717515,0.005232121665679895,0.9625593315907077,0.017980381811894982
0.0008666999520934236,0.9868783312049585,0.009182373251225227,0.0030725955917228313
0.9741623766831539,0.00039106868473147855,0.01037707511946944,0.01506947951264525

Transition Gammas
1.0,1.0,90.61787569262825,3368.382124307375
1151.397006750505,43.602993249495114,1.0,1.0
22.458162988222792,4.376094886481919,886.7964476285524,12.531775174896044
19.914533393982307,2.009754211193884,1008.3183398610396,17.805857813757516

41.07860706911355,14.466593109260367,6.9135605880879245,756.025895246248
4.511475876121012,1.6590045721936657,305.20894469856574,5.70123126749679
1.2762911090573275,1453.2642315208664,13.521843761820497,4.524664419298222
3046.1617079990115,1.2228540961339387,32.44864472962325,47.121581113808354

Iteration: ,15000
Error:,0.02941395434334982
Absolute Error:,0.02856879554142693
Transition Probabilities
0.0002402113860196973,0.0002402113860196973,0.025659244037634258,0.9738603331903264
0.9639886158301566,0.03461765594684694,0.000696864111498258,0.000696864111498258
0.023095866312791247,0.003977557194372477,0.9582672307784509,0.01465934571438545
0.0173310090722291,0.001603110794753162,0.9648517549195497,0.01621412521346807

0.04746586701873375,0.015898962750816346,0.008559409024040924,0.928075761206409
0.014737374046839126,0.004489793004305337,0.9613792034311864,0.019393629517669157
0.000725253571072374,0.9864628949389482,0.009972965163565052,0.0028388863264144568
0.973863385459601,0.00032572089334724643,0.010314656177751269,0.015496237469300502

Transition Gammas
1.0,1.0,106.81943292867145,4054.1805670713297
1383.3236637162745,49.67633628372535,1.0,1.0
25.942507182651184,4.46780409476414,1076.3767931753666,16.46615789760563
21.835493975239164,2.0197736874169934,1215.625391097612,20.428321971152176

46.015048430001514,15.413002793709865,8.297786293843247,899.7086492019309
5.4455452405911515,1.6590045721936657,355.23519515818106,7.1660586602524585
1.2779952267217447,1738.2815078125045,17.573718191353105,5.002503012841082
3659.965913398453,1.2241217656725099,38.76446181532765,58.237840923449

Iteration: ,17500
Error:,0.027803378205796543
Absolute Error:,0.02682192287222672
Transition Probabilities
0.0002072109407376711,0.0002072109407376711,0.025076990402826925,0.9745085877156976
0.9680047437217502,0.03080478008777371,0.000595238095238095,0.000595238095238095
0.022493198698783766,0.004963633414303404,0.9585345207512995,0.014008647135613325
0.01723352491385868,0.001979817601061821,0.9642336036150827,0.01655305386999664

0.04497242235425722,0.015241706197823114,0.00746567931858566,0.932320192129334
0.012605572117125768,0.0038403320243389286,0.9657129973454147,0.01784109851312072
0.0006195648532593887,0.9879692063033885,0.008949774457026563,0.0024614543863255
0.9738608672316527,0.0002808299626345908,0.009829327660521765,0.01602897514519078

Transition Gammas
1.0,1.0,121.02155568404265,4702.978444315953
1626.2479694525412,51.75203054745986,1.0,1.0
29.6147858009196,6.535172801671415,1262.0167942753187,18.443934534943963
25.65682850659278,2.947501507595151,1435.5261812022936,24.6437607236907

51.72997011432897,17.53192211649091,8.587470894750265,1072.4104495845643
5.4455452405911515,1.6590045721936657,417.1832716205522,7.707266928650509
1.2788344072290645,2039.2522391430816,18.47309357910539,5.0806506284178905
4248.825178442,1.2252237010966671,42.88404663994684,69.93228239584619

Iteration: ,20000
Error:,0.026875387848820105
Absolute Error:,0.025784811780423703
Transition Probabilities
0.00018063583815028914,0.00018063583815028914,0.02460492502178986,0.9750338033019095
0.9692425518851087,0.029711423010288833,0.0005230125523012551,0.0005230125523012551
0.02181604952477229,0.004397234659931452,0.9600471738278648,0.013739541987431407
0.016775388529592067,0.0017403916889188705,0.965248695148838,0.016235524632651065

0.04227073241427309,0.014284291427376989,0.006947412805119421,0.9364975633532305
0.011100452393298375,0.003381791989648583,0.966503879673803,0.019013875943250002
0.0005425856755568595,0.9860505412650379,0.010649066487833455,0.002757806571571715
0.9750710968037033,0.0002447864468306711,0.009440377765540752,0.015243738983925267

Transition Gammas
1.0,1.0,136.2128649206286,5397.7871350793675
1853.1917592043285,56.80824079567227,1.0,1.0
32.42302595159453,6.535172801671415,1426.822688334576,20.419715582129943
28.52644873326843,2.959525748221696,1641.399683139688,27.60841337737408

55.34890632771377,18.70371916964216,9.096878114197837,1226.241253692304
5.4455452405911515,1.6590045721936657,474.13748696837376,9.327630800927171
1.2794837236370005,2325.228392616972,25.11180788016085,6.503246916063114
4883.731718208561,1.2260350434889247,47.28298528853197,76.34964447610464

Iteration: ,22500
Error:,0.028970245459669353
Absolute Error:,0.02667139607095895
Transition Probabilities
0.00016035920461834522,0.00016035920461834522,0.025398887275523068,0.9742803943152403
0.9688429621069385,0.030225071443853634,0.00046598322460391424,0.00046598322460391424
0.02452727965307089,0.00393630511000213,0.9581672082528108,0.013369206984116186
0.01670208285925085,0.0015575600717254322,0.9653871415670083,0.016353215502015395

0.044525064060411124,0.014232061892882657,0.007028512541094794,0.9342143615056114
0.013376129612769433,0.0030325594291659287,0.9653514727419074,0.018239838216157378
0.0004841759303226568,0.9861837645928626,0.010767954202449224,0.0025641052743655118
0.9750930681502711,0.0002173726356540045,0.009092474493044341,0.015597084721030668

Transition Gammas
1.0,1.0,158.38746105016173,6075.612538949834
2079.13699668149,64.8630033185099,1.0,1.0
41.09051670019714,6.594486349380491,1605.216160503309,22.397413435959187
31.91548732680702,2.976292786283264,1844.7280702525675,31.24884761411886

65.72499525374127,21.00844142731656,10.375031752397907,1379.0263028622421
7.317601090489751,1.6590045721936657,528.109191084573,9.97836174475252
1.2800316789750223,2607.206143288613,28.467591290013047,6.778808639305072
5503.35467937583,1.2268354177350844,51.31726773868261,88.02881692814701

Iteration: ,25000
Error:,0.027414164974621485
Absolute Error:,0.02637452660187241
Transition Probabilities
0.00014407145944388415,0.00014407145944388415,0.026450058818036762,0.9732617982630755
0.9692918674155118,0.029877222738206546,0.000415454923140839,0.000415454923140839
0.02341111997022022,0.0036082652502922507,0.959148254289954,0.013832360489533523
0.01584063566304045,0.0013974551787615751,0.9662748581546611,0.016487051003536857

0.0438312049988726,0.01359375416002015,0.006910380806581547,0.9356646600345256
0.013702501186917898,0.0028458583747650516,0.9659014862419631,0.017550154196353956
0.0004332760416037602,0.9860702718454147,0.011125086949910481,0.002371365163071018
0.9750273840892318,0.00019619932731220345,0.00891445870770356,0.01586195787575248

Transition Gammas
1.0,1.0,183.5898582559932,6755.410141744008
2333.085524869138,71.9144751308632,1.0,1.0
42.90963838332397,6.613496376000077,1757.9981137139612,25.352977018983616
33.83388417944155,2.9848130889404434,2063.8585680365336,35.2145574192913

71.40316084159247,22.14488547038466,11.257345816107204,1524.2431554404584
8.214964575114262,1.7061575412821182,579.0801536367337,10.52172103794356
1.2804839640813706,2914.1864523174536,32.87856717311661,7.008222871161151
6100.710888466706,1.2276120568259452,55.77744398807248,99.24769365877351

Iteration: ,27500
Error:,0.02632332534098111
Absolute Error:,0.025631927522805357
Transition Probabilities
0.000130941469163284,0.000130941469163284,0.026029664399056938,0.9737084526626165
0.9695117521881321,0.029735235763675,0.0003765060240963854,0.0003765060240963854
0.02309565341484429,0.0033301752643337,0.9603060897364823,0.013268081584339586
0.014360055124024485,0.0012668388963197673,0.9675922169016165,0.016780889078039204

0.042076939807197025,0.013495735255062534,0.00677126961056816,0.9376560553271722
0.014049404878708194,0.0026168107027016592,0.9663313177253888,0.01700246669320128
0.00039397833539000555,0.9861588909677689,0.01099987818041059,0.0024472525164304496
0.975765040753503,0.00017814618651491794,0.008578856386802447,0.01547795667317963

Transition Gammas
1.0,1.0,198.78854701559789,7436.211452984404
2575.02321381168,78.97678618832083,1.0,1.0
45.86636078776691,6.613496376000077,1907.101080337203,26.349486891663602
33.83388417944155,2.9848130889404434,2279.754688741302,39.537637745175694

76.01882345909893,24.382236933253797,12.233397948576537,1694.027903689884
9.16019567620464,1.7061575412821182,630.0468977034092,11.08558855214629
1.2808891181603712,3206.1666308816,35.76243411564771,7.95642510287602
6727.6032100500715,1.2282637788810717,59.148605817894484,106.7158041643801

Iteration: ,30000
Error:,0.027015331054417963
Absolute Error:,0.025967600734170142
Transition Probabilities
0.00011991845545029377,0.00011991845545029377,0.025779559764259254,0.97398060332484
0.9701275705711361,0.02917798498441936,0.0003472222222222221,0.0003472222222222221
0.024582335079567575,0.003545429343179858,0.9579090901694256,0.013963145407827122
0.01449472356822239,0.0011684047492201953,0.9677450829360689,0.016591788746488537

0.04071603125142447,0.0139497998489907,0.006560378908058605,0.9387737899915262
0.014381201590034802,0.0024811661767779204,0.9657850540100571,0.01735257822313033
0.00036330189179746846,0.984555339879818,0.01217943582620916,0.0029019224021754834
0.975370895677225,0.00016269099122590984,0.008378737329643816,0.016087676001905214

Transition Gammas
1.0,1.0,214.97574887415797,8122.024251125843
2793.967403244873,84.03259675512778,1.0,1.0
53.32930295595097,7.691509978175878,2078.1029917847527,30.291866466784292
37.20499297652318,2.999056193370705,2484.0038407242887,42.587730692180884

80.55556591819581,27.59930147272627,12.979532123675916,1857.3385371220625
10.081215875705258,1.7392963790264175,677.0148904491843,12.164149565127923
1.2812266812538613,3472.149744070715,42.95220722896076,10.233969303601175
7368.334830118172,1.2290316458171437,63.2962725995223,121.53262307277429

Iteration: ,32500
Error:,0.026543749981407423
Absolute Error:,0.025373732184559225
Transition Probabilities
0.00011076650420912705,0.00011076650420912705,0.025383672870982487,0.9743947941205993
0.9708795320121251,0.028481081798616588,0.00031969309462915593,0.00031969309462915593
0.023113461343594262,0.003280101648868092,0.9590062904600257,0.014600146547511843
0.014004999299389696,0.0017555361636858553,0.9671782669602815,0.017061197576642914

0.041757275026631305,0.013524550212791357,0.006427822863700042,0.9382903518968773
0.01309286757820961,0.002258891928376571,0.96883395890971,0.015814281583703817
0.0003339783973279548,0.9850357756540051,0.0119348810080486,0.0026953649406184343
0.9753890939646399,0.0001506196020420898,0.008232875767327279,0.016227410665990698

Transition Gammas
1.0,1.0,229.16379867923013,8796.836201320779
3036.911176133928,89.08882386607272,1.0,1.0
54.198752839195,7.691509978175878,2248.7737399089833,34.235881955600156
39.087555310653926,4.899651576627665,2699.367075778422,47.61731790819052

89.13771052613643,28.87035710771686,13.72123572173618,2002.9337097190798
10.081215875705258,1.7392963790264175,745.9805294096269,12.176643933208494
1.2816595693872825,3780.1263140264414,45.80073015454187,10.343603947959444
7962.143481544555,1.2295143445962458,67.20532198975704,132.46505713057357

Iteration: ,35000
Error:,0.026423392727350347
Absolute Error:,0.02493904693217219
Transition Probabilities
0.00010266940451745366,0.00010266940451745366,0.024779481116553086,0.975015180074412
0.9725482012270602,0.026855851216324812,0.0002979737783075089,0.0002979737783075089
0.022637838735951477,0.0030690866490523322,0.9595243028872769,0.014768771727719227
0.014544214472302563,0.0018099409539186872,0.9670469579792577,0.016598886594521037

0.04016571510256148,0.013073864611966371,0.006282071047674859,0.9404783492377973
0.01337080917309011,0.002108694414942832,0.9673317097080592,0.017188786703907968
0.0003107107215394441,0.9845915207381847,0.012006841477558965,0.0030909270627168615
0.9759544291203889,0.00013966073569894092,0.00788515813946137,0.01602075200445089

Transition Gammas
1.0,1.0,241.35214607522738,9496.647853924786
3263.8717633180145,90.12823668198608,1.0,1.0
56.99234329161127,7.726640424233929,2415.6695833312383,37.18141639399923
43.82305031218403,5.453517866964177,2913.801056390797,50.01396560420579

91.98150417660369,29.939806358215336,14.386258101815198,2153.7426381562177
11.028530172324336,1.7392963790264175,797.8759407195915,14.17767992465379
1.2821647939679406,4062.970785414612,49.5468883500558,12.754879654306336
8595.04132997952,1.2299650062448453,69.44305807718683,141.09165500659026

Iteration: ,37500
Error:,0.025185712494132803
Absolute Error:,0.024717366455894816
Transition Probabilities
9.588647041902373e-05,9.588647041902373e-05,0.02536501226096218,0.9744432147981997
0.9732854083415543,0.026159036102890054,0.0002777777777777777,0.0002777777777777777
0.022243466771766713,0.0028384226502759873,0.9605604668917427,0.014357643686214639
0.01444750577669573,0.0019932192906708685,0.9675530291347861,0.016006245797847266

0.03992564429172041,0.012709370242534775,0.006108544635370196,0.9412564408303747
0.013615113990618955,0.0019760959729793817,0.9666816194932569,0.01772717054314467
0.00028969337688427644,0.9844010283592338,0.0123480234505222,0.002961254813359687
0.9764764616404983,0.00013071759596438068,0.007587660864477208,0.015805159899060273

Transition Gammas
1.0,1.0,264.531712869575,10162.468287130441
3503.827470029596,94.17252997040421,1.0,1.0
60.682380699736356,7.74349815242948,2620.5041028508504,39.16907418514071
46.68094877180749,6.440237438691343,3126.234665356752,51.71735188529929

97.71141404006057,31.10408260122353,14.949653152438296,2303.5695338026926
11.983587228413702,1.7392963790264175,850.8421976696968,15.602887692538706
1.2824745352618143,4357.949998492986,54.664783180170694,13.109495050942614
9190.95301740066,1.2303617447549924,71.41783469129287,148.7639362250688

Iteration: ,40000
Error:,0.02615963404253779
Absolute Error:,0.02468192055282576
Transition Probabilities
8.98311174991015e-05,8.98311174991015e-05,0.025846028024962442,0.9739743097400394
0.9737631762711992,0.025718420411019526,0.0002592016588906168,0.0002592016588906168
0.021657353361691636,0.0026762972268347084,0.9614508711051661,0.01421547830630738
0.014353089954882738,0.0018705906792020003,0.9680204274811997,0.015755891884715587

0.04011520918758706,0.012065409952282492,0.0066378714017161725,0.9411815094584143
0.013904770186470617,0.0018696500213659373,0.9661866112516637,0.018038968540499828
0.0002707306835057358,0.9840945542283503,0.012771784743932119,0.002862930344211668
0.9768354704764091,0.00012277439038576918,0.0073108094978188015,0.015730945635386285

Transition Gammas
1.0,1.0,287.7179839738825,10842.282016026142
3756.778334054288,99.22166594571337,1.0,1.0
62.662575016421805,7.74349815242948,2781.82593824224,41.13053247489356
49.548258031766295,6.457460375170824,3341.700363589134,54.390866292796005

104.2719196550365,31.361757364056555,17.253894657350678,2446.4238058970673
12.935317391034499,1.7392963790264175,898.8232317330104,16.78127580312632
1.2827864413890762,4662.874317983279,60.51575717131032,13.565245655349889
9791.876627719877,1.2307002765927944,73.28413721144993,157.68825309337598

Iteration: ,42500
Error:,0.02599610470730613
Absolute Error:,0.024530807404914763
Transition Probabilities
8.444519506840039e-05,8.444519506840039e-05,0.025578272575430824,0.9742528370344323
0.9730537381153195,0.026457503331405872,0.00024437927663734115,0.00024437927663734115
0.0222230801373169,0.0025333903496194306,0.9609192262334,0.014324303279663636
0.013685117301549626,0.0020268558334576047,0.9687749694347924,0.015513057430200436

0.03812043978604837,0.012421855217366879,0.006413160014475353,0.9430445449821094
0.013215071663070253,0.0027091445708555552,0.9652284792333418,0.01884730453273237
0.0002559005135454767,0.9838571208478006,0.013114018291947154,0.00277296034670658
0.9768847921757865,0.00011526547943642443,0.007168078754055533,0.015831863590721473

Transition Gammas
1.0,1.0,302.8979038382526,11537.102096161778
3981.7358963678876,108.26410363211284,1.0,1.0
68.41068860637179,7.798692946941193,2958.057368984749,44.09539294792876
50.107839404608626,7.421300406952858,3547.1541469466574,56.8008131211951

105.26285387442915,34.30075670516153,17.708807381705963,2604.0507584033717
12.935317391034499,2.6517937833167133,944.7952347197538,18.448319639284904
1.2830318531103437,4932.854598327452,65.75095515722661,13.90304537862594
10433.605140644302,1.231091433113741,76.55857060716639,169.09201030576267

Iteration: ,43466
Error:,0.026717614610427366
Absolute Error:,0.02457428851741283
Transition Probabilities
8.261731658955696e-05,8.261731658955696e-05,0.025774305609635544,0.9740604597571854
0.9731443146383798,0.026377330900964852,0.00023917723032767282,0.00023917723032767282
0.022093175964721552,0.0031181461565462534,0.9607463034613154,0.01404237441741678
0.01365083566054145,0.0019904593348860915,0.9687138979309428,0.01564480707362968

0.03773394226737521,0.01280064642251583,0.0063092195423405315,0.9431561917677684
0.012930261376601008,0.002650757279361087,0.9654009532792349,0.019018028064803016
0.0002503401158812881,0.9827828332432816,0.013994114022752031,0.0029727126180851137
0.9769954799631337,0.00011258655419425197,0.007138069761152429,0.01575386372151942

*,*,*,*,*,*,*,*,*,*,*
Model Num 2
Model States: 
"['diamond', 'x', 'square']","['diamond', 'x', 'diamond']","['square', 'y', 'diamond', 'x', 'diamond']","['square', 'y', 'diamond', 'x', 'square']"
Iteration: ,43466
Error:,0.026258491010492702
Absolute Error:,0.02457428851741283
Transition Probabilities
8.261731658955696e-05,8.261731658955696e-05,0.025774305609635544,0.9740604597571854
0.9731443146383798,0.026377330900964852,0.00023917723032767282,0.00023917723032767282
0.022093175964721552,0.0031181461565462534,0.9607463034613154,0.01404237441741678
0.01365083566054145,0.0019904593348860915,0.9687138979309428,0.01564480707362968

0.03773394226737521,0.01280064642251583,0.0063092195423405315,0.9431561917677684
0.012930261376601008,0.002650757279361087,0.9654009532792349,0.019018028064803016
0.0002503401158812881,0.9827828332432816,0.013994114022752031,0.0029727126180851137
0.9769954799631337,0.00011258655419425197,0.007138069761152429,0.01575386372151942

Transition Gammas
1.0,1.0,311.9721950990294,11790.027804901001
4068.716379503066,110.28362049693405,1.0,1.0
69.3845154283581,9.79266450655302,3017.2627431064684,44.100646551307875
51.034723434232816,7.44148887211565,3621.6131449525033,58.48934248710682

107.1407370349825,36.34580989483127,17.914227649262276,2677.9722301232828
12.935317391034499,2.6517937833167133,965.7784461242535,19.025464528892304
1.2832272251539802,5037.681170642965,71.73292239914134,15.23793240510645
10684.561564822268,1.2312625742189471,78.06294643236957,172.28649494135414

