0,1,2,3,4,5,6,7,8,9,10,11,12,13,14,15,16,17,18,19,20,21,22,23,24,25,26,27,28,29
github Code Version (SHA):,ddb97f21bb9c22f159e8ea0ce9d830001061547e
Environment Observations,Environment Actions,alpha,epsilon,numActions,explore,patience,gainThresh,insertRandActions,useBudd,revisedSplitting,haveControl,confidence_factor
"['diamond', 'square']","['x', 'y']",0.99,0.99,75000,0.5,0,0.01,False,True,False,False,250

Model Num 0
Model States: 
['diamond'],['square']
Iteration: ,0
Error:,0.6749399436904749
Absolute Error:,1
Transition Probabilities
0.5,0.5
0.5,0.5

0.5,0.5
0.5,0.5

Transition Gammas
1.0,1.0
1.0,1.0

1.0,1.0
1.0,1.0

Iteration: ,2500
Error:,0.14607186327451638
Absolute Error:,1
Transition Probabilities
0.4868421052631579,0.5131578947368421
0.010958904109589041,0.989041095890411

0.0326530612244898,0.9673469387755103
0.980106100795756,0.01989389920424403

Transition Gammas
259.0,273.0
8.0,722.0

16.0,474.0
739.0,15.0

Iteration: ,2562
Error:,0.14314986264100854
Absolute Error:,1
Transition Probabilities
0.48523985239852396,0.514760147601476
0.011889035667107,0.988110964332893

0.032,0.968
0.9804941482444733,0.01950585175552666


Model Num 1
Model States: 
['square'],"['diamond', 'x', 'square']","['diamond', 'x', 'diamond']"
Iteration: ,0
Error:,0.7225496822641373
Absolute Error:,1
Transition Probabilities
0.3333333333333333,0.3333333333333333,0.3333333333333333
0.3333333333333333,0.3333333333333333,0.3333333333333333
0.3333333333333333,0.3333333333333333,0.3333333333333333

0.3333333333333333,0.3333333333333333,0.3333333333333333
0.3333333333333333,0.3333333333333333,0.3333333333333333
0.3333333333333333,0.3333333333333333,0.3333333333333333

Transition Gammas
1.0,1.0,1.0
1.0,1.0,1.0
1.0,1.0,1.0

1.0,1.0,1.0
1.0,1.0,1.0
1.0,1.0,1.0

Iteration: ,2500
Error:,0.10782289145601194
Absolute Error:,1
Transition Probabilities
0.9767103347889374,0.012608678547543176,0.010680986663519415
0.9956989247311828,0.002150537634408602,0.002150537634408602
0.003021148036253776,0.9656648982899693,0.031313953673777005

0.02024291497975709,0.3437588838205458,0.6359982011996971
0.9366084479598299,0.039991843220567834,0.023399708819602332
0.980675786665087,0.0119828305900077,0.007341382744905364

Transition Gammas
671.0,8.662162162162161,7.337837837837838
463.0,1.0,1.0
1.0,319.6350813339799,10.364918666020191

15.0,254.7253329110244,471.2746670889755
79.08676822494954,3.3768920647288647,1.9758601921414312
133.58189059760412,1.6322307399547205,1.0

Iteration: ,5000
Error:,0.11544110639479367
Absolute Error:,1
Transition Probabilities
0.98125,0.011056943196814618,0.007693056803185382
0.9978425026968716,0.0010787486515641855,0.0010787486515641855
0.0015313935681470138,0.9717896202626849,0.026678986169168077

0.02140883977900552,0.3481012228680131,0.6304899373529812
0.9269900729655133,0.044574716304654066,0.028435210729832593
0.9781338632980372,0.013195401892774811,0.008670734809188046

Transition Gammas
1413.0,15.92199820341305,11.07800179658695
925.0,1.0,1.0
1.0,634.5786220315332,17.421377968466754

31.0,504.05057071288314,912.9494292871171
149.61591003896243,7.194345375581497,4.589434185507018
243.8688980433466,3.289885198310096,2.16179259555855

Iteration: ,7500
Error:,0.1123422051636918
Absolute Error:,1
Transition Probabilities
0.9825528007346189,0.0118775204157995,0.005569678849581584
0.9985315712187959,0.0007342143906020558,0.0007342143906020558
0.0010330578512396699,0.9736800247215396,0.0252869174272207

0.02119815668202766,0.34889760965116867,0.6299042336668036
0.9342361905044316,0.03251962035708745,0.03324418913848089
0.9840365249403488,0.010236148028636883,0.005727327031014233

Transition Gammas
2140.0,25.86923946561131,12.130760534388688
1360.0,1.0,1.0
1.0,942.52226393045,24.47773606954963

46.0,757.1078129430357,1366.8921870569632
234.6107044125414,8.166511977110693,8.34846980953663
371.42682124762473,3.8636573213857175,2.16179259555855

Iteration: ,10000
Error:,0.10707740192801511
Absolute Error:,1
Transition Probabilities
0.9814877145742175,0.01355779742392465,0.004954488001857916
0.9988745075970737,0.0005627462014631402,0.0005627462014631402
0.0007911392405063288,0.9758370544553451,0.023371806304148535

0.022632311977715876,0.3510273986714702,0.626340289350814
0.941909765779742,0.03179562518103701,0.026294609039221057
0.9848363252498052,0.009810618205097217,0.005353056545097554

Transition Gammas
2916.0,40.280216146480136,14.719783853519868
1775.0,1.0,1.0
1.0,1233.4580368315567,29.541963168443758

65.0,1008.1506889844624,1798.8493110155378
330.04144107711556,11.141060785169934,9.213526576698877
492.14729347940477,4.902610792482369,2.6750559691669897

Iteration: ,12500
Error:,0.1125291715768233
Absolute Error:,1
Transition Probabilities
0.9816908992999461,0.01280987631033723,0.00549922438971662
0.999104744852283,0.0004476275738585497,0.0004476275738585497
0.0006361323155216283,0.9767277845146805,0.022636083169797934

0.02092050209205019,0.35504047759233776,0.6240390203156121
0.92470567409067,0.04123518752858129,0.03405913838074869
0.9842404340195966,0.011094424559101115,0.004665141421302337

Transition Gammas
3646.0,47.57588061659247,20.424119383407525
2232.0,1.0,1.0
1.0,1535.416077257078,35.58392274292236

75.0,1272.820112168532,2237.179887831471
399.3468456096171,17.807982073705013,14.70890669067072
613.1716944126458,6.911712697734846,2.906335252141875

Iteration: ,15000
Error:,0.11392111963383643
Absolute Error:,1
Transition Probabilities
0.9821905609973286,0.012728297534928589,0.005081141467742826
0.9992556754745069,0.0003721622627465575,0.0003721622627465575
0.0005299417064122947,0.9774096574891662,0.022060400804421582

0.02054154995331464,0.3569646149766401,0.6224938350700451
0.9280660102578349,0.03839431219939495,0.03353967754277021
0.9844192210003717,0.011428251187221057,0.0041525278124072435

Transition Gammas
4412.0,57.17551252689922,22.824487473100774
2685.0,1.0,1.0
1.0,1844.3720236820564,41.62797631794352

88.0,1529.2364105599277,2666.7635894400755
480.77106573337716,19.889613659134955,17.37474095416083
717.3581638635227,8.327904527813892,3.0259971192695208

Iteration: ,17500
Error:,0.11342312435013814
Absolute Error:,1
Transition Probabilities
0.9818181818181818,0.01350113162492336,0.00468068655689482
0.9993680884676145,0.000315955766192733,0.000315955766192733
0.00045207956600361657,0.9761875228158249,0.023360397618171425

0.020489357469663808,0.35923592189972525,0.6202747206306108
0.9302634442821984,0.03876687240182525,0.030969683315976226
0.9839300311618615,0.01228681325788688,0.0037831555802516543

Transition Gammas
5076.0,69.80085050085377,24.19914949914622
3163.0,1.0,1.0
1.0,2159.326800468605,51.673199531395205

103.0,1805.8789793899196,3118.121020610082
562.774263070964,23.45249421720267,18.735489191599928
833.0694253785304,10.40294343734417,3.2031050435936606

Iteration: ,20000
Error:,0.11159072951308766
Absolute Error:,1
Transition Probabilities
0.9820460704607046,0.013140083489649061,0.004813846049646331
0.9994488839900799,0.0002755580049600441,0.0002755580049600441
0.0003957261574990107,0.9763703295972562,0.02323394424524474

0.021036161335187768,0.3592138914457489,0.6197499472190633
0.9304415524720043,0.0393047609829569,0.030253686545038735
0.9849422853920623,0.01170273959822011,0.003354975009717592

Transition Gammas
5798.0,77.57905292288805,28.42094707711194
3627.0,1.0,1.0
1.0,2467.2878228922664,58.71217710773346

121.0,2066.198303595947,3564.8016964040507
627.2583548847434,26.49735456010753,20.395561226840933
954.1536253136788,11.336919512292932,3.250100656491353

Iteration: ,22500
Error:,0.11209319731487066
Absolute Error:,1
Transition Probabilities
0.9830355802432067,0.012529065310163252,0.004435354446630022
0.9995101640950281,0.0002449179524859172,0.0002449179524859172
0.0003527336860670195,0.9768062738926736,0.02284099242125941

0.020247295208655338,0.3607518810371897,0.6190008237541549
0.9360311927479685,0.03623128186473262,0.02773752538729892
0.9862866712257561,0.010727439101349328,0.002985889672894448

Transition Gammas
6548.0,83.45610403099742,29.543895969002573
4081.0,1.0,1.0
1.0,2769.2457864857292,64.75421351427042

131.0,2334.0646703106167,4004.935329689381
700.7160698882333,27.122858332034326,20.764403930549864
1073.559745605784,11.676672846377791,3.250100656491353

Iteration: ,22559
Error:,0.11008500896035589
Absolute Error:,1
Transition Probabilities
0.9830812995957479,0.01249529930094287,0.0044234011033092635
0.9995112414467253,0.00024437927663734115,0.00024437927663734115
0.000351493848857645,0.9768874137046301,0.022761092446512247

0.020200462606013884,0.36026704269250553,0.6195324947014805
0.9361975362667052,0.03613706658743388,0.027665397145860984
0.9863271148449051,0.010695801526796708,0.002977083628298006


Model Num 2
Model States: 
"['diamond', 'x', 'square']","['diamond', 'x', 'diamond']","['square', 'y', 'diamond', 'x', 'diamond']","['square', 'y', 'diamond', 'x', 'square']"
Iteration: ,0
Error:,0.6753018412865283
Absolute Error:,0.74
Transition Probabilities
0.25,0.25,0.25,0.25
0.25,0.25,0.25,0.25
0.25,0.25,0.25,0.25
0.25,0.25,0.25,0.25

0.25,0.25,0.25,0.25
0.25,0.25,0.25,0.25
0.25,0.25,0.25,0.25
0.25,0.25,0.25,0.25

Transition Gammas
1.0,1.0,1.0,1.0
1.0,1.0,1.0,1.0
1.0,1.0,1.0,1.0
1.0,1.0,1.0,1.0

1.0,1.0,1.0,1.0
1.0,1.0,1.0,1.0
1.0,1.0,1.0,1.0
1.0,1.0,1.0,1.0

Iteration: ,2500
Error:,0.043993913555495735
Absolute Error:,0.0451265221274606
Transition Probabilities
0.0014430014430014421,0.0014430014430014421,0.019621522698755653,0.9774924744152415
0.9627606932356475,0.028728668466480183,0.004255319148936171,0.004255319148936171
0.021823273823669526,0.008561876884440427,0.9389703412585008,0.030644508033389226
0.0082108031772692,0.007817488253694384,0.954903908271975,0.029067800297061443

0.014993018145239468,0.024877267484594366,0.02386954342648765,0.9362601709436785
0.053668380415122625,0.03708308620425589,0.8522778977251244,0.05697063565549703
0.003921933072591401,0.9599223337535445,0.027071038509558012,0.009084694664305962
0.9817020840276983,0.0018119164629016827,0.007042990368262704,0.009443009141137318

Transition Gammas
1.0,1.0,13.597715230237677,677.4022847697628
226.2487629103771,6.751237089622841,1.0,1.0
4.439659837521788,1.7418019516589993,191.02124394315717,6.2342246473070775
1.7384426179143588,1.6551675216001396,202.17822962175708,6.154416535684363

2.442659916662925,4.053000105253324,3.8888218764304807,152.5353447169842
2.8353747691832387,1.9591507359399778,45.027020171851944,3.0098374810731316
1.1061973994191634,270.7500535038257,7.635498068064294,2.562375600543398
618.1858861381464,1.1409787169154766,4.435029030399885,5.9463406146338444

Iteration: ,5000
Error:,0.032607169037018484
Absolute Error:,0.03299294946869588
Transition Probabilities
0.0007326007326007326,0.0007326007326007326,0.021812493741551534,0.9767223047932471
0.9735098295725388,0.02234938367797874,0.0020703933747412005,0.0020703933747412005
0.020436220568957497,0.005337031084222201,0.9505196217150158,0.023707126631804402
0.015134572832912651,0.0075075134329251675,0.9511892385405576,0.026168675193604496

0.019642103491346614,0.01500268918585147,0.017742632798082917,0.947612574524719
0.041352604175022165,0.017013941799364777,0.9097884037655346,0.031845050260078445
0.00189075892602527,0.9758531566099288,0.017425428338927754,0.004830656125118124
0.9824326214182166,0.0009319061699653249,0.006110959839426139,0.01052451257239196

Transition Gammas
1.0,1.0,29.774053957217845,1333.2259460427822
470.2052476835363,10.794752316463732,1.0,1.0
7.901538170271925,2.0635300292250034,367.5125274377855,9.166213750560845
6.709732499674686,3.328366609931461,421.69841313903385,11.601570282718546

6.565222806610462,5.014534072016926,5.930339260589188,316.7322526755522
4.7617410390785535,1.9591507359399778,104.76188538822038,3.6669488110866575
1.1133223576302695,574.6047907343775,10.260493124734335,2.8444014686860903
1207.0760247603698,1.1449961763968641,7.508294156393529,12.931051475147871

Iteration: ,7500
Error:,0.029472147358884943
Absolute Error:,0.03069162855754496
Transition Probabilities
0.0004878048780487806,0.0004878048780487806,0.02092865466056634,0.9780957355833361
0.9686222385759145,0.02863050867683287,0.0013736263736263735,0.0013736263736263735
0.021625404002915866,0.003789035946353804,0.9501035692963821,0.02448199075434827
0.012174704609551406,0.004974886475689453,0.958234999606604,0.024615409308155162

0.024439532045444058,0.012609702005056279,0.018137126863660414,0.9448136390858393
0.0265877168024074,0.010939138544686589,0.9303594840326757,0.03211366062023037
0.0012467718635254066,0.9777055731044162,0.01744132777003195,0.003606327262026494
0.9809374649588043,0.0006246329287926046,0.00631336238249609,0.012124539729906934

Transition Gammas
1.0,1.0,42.903742054160986,2005.0962579458385
705.1569896832658,20.843010316734333,1.0,1.0
12.442602391094882,2.18009650685321,546.6608134359458,14.086195876744922
8.145287436452257,3.328366609931461,641.0914887693604,16.468537891551676

11.911170286441747,6.145629448396513,8.839547589460855,460.476744120068
4.7617410390785535,1.9591507359399778,166.62321812504078,5.751412835740218
1.116483786195433,875.5350132440248,15.618703176296055,3.229464855247834
1801.0044800007452,1.146828155002431,11.591354536775848,22.26069566261949

Iteration: ,10000
Error:,0.02826450253930435
Absolute Error:,0.027967874744830715
Transition Probabilities
0.0003579098067287046,0.0003579098067287046,0.019690818588733585,0.979593361797809
0.9735811062034978,0.02429575154597137,0.0010615711252653923,0.0010615711252653923
0.021121580245003362,0.002990683416855425,0.9540745888443248,0.02181314749381637
0.011278688471215702,0.005251964717489359,0.9591966236767719,0.024272723134522875

0.025865518590384995,0.01103456500512885,0.014332444559536445,0.9487674718449497
0.02613725529734334,0.008930983733592808,0.9371021654773116,0.027829595491752214
0.0009716996614444695,0.9783842297365314,0.017734870831006423,0.0029091997710176025
0.9820615607578815,0.000452015655637278,0.005229991366598156,0.012256432219883099

Transition Gammas
1.0,1.0,55.0161471369216,2736.9838528630767
917.1134020436954,22.886597956305042,1.0,1.0
15.396843093398406,2.18009650685321,695.4847399407888,15.900969787281836
9.822476181803482,4.573873857485047,835.3529768799325,21.138827042242333

17.01797874986063,7.260089996457459,9.42989935018799,624.2327838119724
5.733615072954735,1.9591507359399778,205.56799249787184,6.10485631985858
1.117806394789074,1125.4960683371366,20.401522005459814,3.3466329533636725
2494.9211137702187,1.1483428820224113,13.286759615448048,31.13738766160594

Iteration: ,12500
Error:,0.027591587508134494
Absolute Error:,0.02672763457410953
Transition Probabilities
0.0002866150759529951,0.0002866150759529951,0.018380372027917043,0.9810463978201769
0.9694994135880517,0.02880279354267842,0.0008488964346349744,0.0008488964346349744
0.024827788154116417,0.002407098307713969,0.9549897952121108,0.01777531832605878
0.011933806192856347,0.004518183457414921,0.9608459648644055,0.022702045485323303

0.022918064581701883,0.012712914056405426,0.01598980033923697,0.9483792210226557
0.020601753543026284,0.0070395274363394,0.9503169499802085,0.022041769040425842
0.0007772781312698415,0.9767192570041517,0.019350013536646195,0.003153451327932174
0.9820773249281769,0.0003624148657607056,0.0046977734456417125,0.012862486760420696

Transition Gammas
1.0,1.0,64.12911800540257,3422.870881994598
1142.0703092067251,33.929690793275185,1.0,1.0
22.94140065300919,2.2242096777070652,882.4307415344117,16.424769573574757
12.935446102680066,4.897408056651429,1041.4926294781965,24.60749580228463

18.71077983728782,10.379084811100553,13.054402247758917,774.2763244057369
5.733615072954735,1.9591507359399778,264.4799908469589,6.134381665173938
1.1192528805923367,1406.441012493104,27.863331694421852,4.540857822449791
3115.4380798794396,1.1496865316464482,14.902718871214132,40.80359055056119

Iteration: ,15000
Error:,0.026390176583174878
Absolute Error:,0.02522749632286129
Transition Probabilities
0.00023803856224708403,0.00023803856224708403,0.017191722392709153,0.9823322004827968
0.9709200198046068,0.027660533779495268,0.0007097232079489002,0.0007097232079489002
0.024441450300400788,0.002055687141480108,0.9557345229298887,0.017768339628230434
0.01195582284149821,0.003929519424549114,0.9640041256435065,0.020110532090446318

0.02132614777848713,0.012572936145538472,0.01560850250572257,0.9504924135702518
0.01687365184455997,0.005765651688966392,0.9547087647869774,0.022651931679496258
0.0006462216079266989,0.9767322823796303,0.019365353314917986,0.0032561426975249146
0.9817674687096775,0.0003013227891168581,0.004282566231803298,0.013648642269402385

Transition Gammas
1.0,1.0,72.22242577177116,4126.777574228229
1368.0263079046906,38.97369209530882,1.0,1.0
26.660022508777473,2.2422836938594197,1042.4873966381904,19.381187638626272
15.573505650787144,5.118542970600326,1255.699745397864,26.195728165511632

20.666185309992294,12.183852000524348,15.125479226029475,921.0783193765401
5.733615072954735,1.9591507359399778,324.40710609004265,7.697056814110623
1.1203793160003817,1693.398414761937,33.57445965120773,5.645300131570977
3748.378131722333,1.1504473200763712,16.350793973690934,52.11037627633778

Iteration: ,17500
Error:,0.02508025313419259
Absolute Error:,0.02491580399690409
Transition Probabilities
0.0002042900919305413,0.0002042900919305413,0.0176324044391828,0.9819590153769561
0.971018999463542,0.027773999932957677,0.0006035003017501511,0.0006035003017501511
0.02171012392136228,0.0017744908866041032,0.9565837924754075,0.01993159271662611
0.013113887012373334,0.0035431992449000255,0.9624685364583144,0.020874377284412236

0.021190426072225346,0.015074796685247853,0.015015866046172489,0.9487189111963543
0.01467328026449164,0.005013794519348142,0.9605499306316713,0.01976299458448907
0.000552935573401398,0.9772501461003421,0.018867501232969437,0.0033294170932869904
0.98125943048078,0.0002590481674123001,0.003936280006089481,0.014545241345718121

Transition Gammas
1.0,1.0,86.31061972979982,4806.689380270202
1608.9784821110884,46.02151788891085,1.0,1.0
27.52874213273846,2.2500793736212614,1212.9616876806892,25.273539578964254
20.06861975238962,5.422276269862704,1472.8977810771285,31.944757484453344

24.001599929420223,17.07465615950553,17.007907637420555,1074.5782871188271
5.733615072954735,1.9591507359399778,375.3369022687431,7.722431630407839
1.121074499915128,1981.3704734025291,38.25377770376203,6.750378854999085
4360.311425686712,1.151103010156681,17.491201767961307,64.63304204682264

Iteration: ,20000
Error:,0.024503707434078096
Absolute Error:,0.024099307850268807
Transition Probabilities
0.0001785714285714286,0.0001785714285714286,0.018644712416806507,0.9809981447260505
0.9734826510213945,0.025458026944707165,0.0005296610169491528,0.0005296610169491528
0.02051788409931851,0.0022491507978825384,0.9581975533915482,0.019035411711250654
0.013086729650903446,0.003176915355813111,0.960690986152515,0.02304536884076841

0.02103290120649066,0.01325227790780703,0.01425691433873103,0.9514579065469713
0.015243613495133533,0.00445603401800505,0.9626991079984994,0.01760124448836201
0.0004855994160704632,0.9775867684666929,0.018180908438483297,0.0037467236787532814
0.9812052145254664,0.00022574057457046178,0.003731765212923922,0.014837279687039195

Transition Gammas
1.0,1.0,104.41038953411642,5493.589610465882
1837.935245128392,48.06475487160711,1.0,1.0
29.37414952844668,3.21996612951046,1371.7904865273106,27.25178811008069
22.85541497570478,5.548347122367949,1677.805818386336,40.247753424598095

27.52350929789958,17.34183937027746,18.6564996673083,1245.0712472002815
6.7020441219040965,1.9591507359399778,423.262627328058,7.738605888891315
1.1217828029211636,2258.3223721794607,41.99970130280263,8.65530322119059
5006.933517284343,1.1519181026514362,19.04260194159372,75.7122688206327

Iteration: ,22500
Error:,0.02497360491507282
Absolute Error:,0.024727407532323692
Transition Probabilities
0.0001588310038119441,0.0001588310038119441,0.01898175152578452,0.9807005864665916
0.9722868058679647,0.02677554762476844,0.0004688232536333805,0.0004688232536333805
0.01890454143173382,0.00201333845476867,0.9596803030881027,0.019401817025394782
0.014931304035604411,0.0029257641293027295,0.9580260474962701,0.02411688433882283

0.020158091177701565,0.015437137072213634,0.014240285184688553,0.9501644865653962
0.015385312808564115,0.0041347258464755525,0.9638798596128106,0.016600101732149836
0.00043076866992554266,0.976085335526198,0.019635883254737852,0.0038480125491385923
0.9811977128061513,0.00020108920970426076,0.0034364982597135537,0.015164699724430906

Transition Gammas
1.0,1.0,119.50910760633934,6174.490892393661
2073.8877569163674,57.11224308363104,1.0,1.0
30.345882351511516,3.231844163097513,1540.4946836577953,31.144117353191195
29.418394757001533,5.764485400368344,1887.5503697152005,47.51628003131198

29.670663697657762,22.72189854121499,20.960254071130166,1398.5456603909456
7.585140782073607,2.038468637656678,475.20414587208194,8.184046057549855
1.1224098352015746,2543.2856590522238,51.16321131663811,10.026372465478456
5623.531432479837,1.152501149101079,19.69557789315739,86.91333505106077

Iteration: ,25000
Error:,0.02440720844708314
Absolute Error:,0.024418333162932848
Transition Probabilities
0.00014295925661186567,0.00014295925661186567,0.020532533484439237,0.979181548002337
0.9751039244420391,0.02405432471621008,0.0004208754208754215,0.0004208754208754215
0.019853624441283826,0.00183314273551173,0.9590964005970073,0.019216832226197047
0.015583042508199066,0.002674042467503947,0.9571664297023509,0.0245764853219462

0.019736657649984224,0.01619086732777912,0.01404541796901439,0.9500270570532222
0.015585921786405624,0.003713483388567516,0.9657630138944537,0.01493758093057318
0.00038676693996329375,0.977859715160829,0.018271689829792638,0.0034818280694150975
0.9810634923151506,0.00018133239560181005,0.0031887996355920013,0.01556637565365553

Transition Gammas
1.0,1.0,143.6250717236524,6849.374928276345
2316.8469244742814,57.15307552571506,1.0,1.0
35.21153636145085,3.2511832929094533,1701.0122198913898,34.08214901444374
34.168962150305084,5.863377181469958,2098.7803563286334,53.88889854540726

32.34655462330877,26.53533256261205,23.019139694217152,1557.0063908271668
8.555690015571525,2.038468637656678,530.1431053370233,8.199791695090349
1.1229910367337341,2839.249123549266,53.05247627106758,10.109606870153282
6238.399931794799,1.1530589133278362,20.2769826672891,98.98368207229356

Iteration: ,27500
Error:,0.024249503174343014
Absolute Error:,0.024272955458232066
Transition Probabilities
0.00012968486577616409,0.00012968486577616409,0.020976349018873824,0.9787642812495738
0.9750794113869775,0.02415606261913871,0.0003822629969418964,0.0003822629969418964
0.019078102468411327,0.0016799965649589277,0.9611621382819968,0.018079762684632912
0.01693955846179361,0.0028921011744761503,0.9562497085429175,0.023918631820812684

0.02074831368644958,0.01684512028033714,0.014687251115800144,0.9477193149174132
0.014602335725797838,0.003479135330919787,0.9679116759039158,0.014006853039366671
0.0003539781651199055,0.9788294982930698,0.01731365106357106,0.0035028724782392292
0.9810332294987616,0.00016429255921702037,0.002952834070309386,0.015849643871712105

Transition Gammas
1.0,1.0,161.74862728453587,7547.251372715455
2550.8077401883306,63.1922598116668,1.0,1.0
37.01594256558649,3.259582888909846,1864.877419846743,35.07893189282858
40.72310656450545,6.952680885346597,2298.847332479247,57.50096702420138

37.67368230568498,30.58647172164801,26.668327886417046,1720.8182276749483
8.555690015571525,2.038468637656678,567.111482504541,8.206789307464673
1.123318185182385,3106.228247872582,54.94332986619022,11.116053878204998
6888.3139424784995,1.1535783827407087,20.733291681393915,111.28809869224845

Iteration: ,30000
Error:,0.02460724336249704
Absolute Error:,0.02415593406507463
Transition Probabilities
0.00011860989206499827,0.00011860989206499827,0.020029842398342903,0.9797329378175271
0.976371940395933,0.02292507190635169,0.00035149384885764523,0.00035149384885764523
0.02046861626881237,0.0015455194381990033,0.9600009479215128,0.017984916371475815
0.016991864008517345,0.0026804455829741456,0.9573347202892576,0.022992970119250868

0.02007869966985765,0.017968293913265085,0.014930421282957925,0.9470225851339192
0.014896408072557687,0.004595823764831224,0.9669731704602149,0.013534597702396216
0.00032551578056360167,0.9793966217813858,0.01700781650810307,0.0032700459299475414
0.98149953825364,0.00015039584202046285,0.0028412687037957626,0.015508797200543925

Transition Gammas
1.0,1.0,168.87160126042895,8260.128398739567
2777.7781704264276,65.22182957357052,1.0,1.0
43.261730604647155,3.266554255623375,2029.0234495463587,38.0122718991712
44.55344079111821,7.028250315267996,2510.175208341423,60.288614145363624

39.640296380666655,35.47383585033753,29.476327375579565,1869.6557332469838
9.521329933437972,2.9375104500195057,618.0597730600072,8.650902258663729
1.1237852062057023,3381.1922502193815,58.7164546940694,11.289250657297089
7531.236959567245,1.154016563273249,21.801607683037552,119.0020189749552

Iteration: ,32500
Error:,0.024845974583534013
Absolute Error:,0.023989372474777962
Transition Probabilities
0.00010986596352450033,0.00010986596352450033,0.020434701243144813,0.9793455668298061
0.9776238822261869,0.021729914219693627,0.00032310177705977407,0.00032310177705977407
0.021627790514522724,0.0014275962057367418,0.95997081377118,0.016973799508560768
0.01692281148878826,0.002800981512380359,0.95697688217926,0.02329932481957136

0.019254859303480462,0.018193066420880366,0.014186633461698784,0.9483654408139404
0.014827920512687897,0.005439896705268456,0.9669808364778228,0.012751346304220939
0.00029821793359131193,0.9796071271837852,0.016798953255660436,0.003295701626963109
0.9810195035719321,0.00013973659121027746,0.002700131130145936,0.016140628706711707

Transition Gammas
1.0,1.0,185.99665071510373,8914.003349284878
3025.745915490046,67.25408450995172,1.0,1.0
49.712767532446286,3.2814150968559606,2206.550219306722,39.01529139302622
48.43397500687102,8.01655615293107,2738.918082514343,66.6838909560466

41.15501144334608,38.88555324865693,30.322271030733233,2027.0202941507187
10.488654178345548,3.8479566476404896,684.0020205277364,9.019771961878003
1.1242920719301748,3693.1532367479003,63.332643126512714,12.424910755769352
8104.715048879556,1.1544370418095622,22.3071950402231,133.34617293678696

Iteration: ,35000
Error:,0.024773436697874598
Absolute Error:,0.0242733708410836
Transition Probabilities
0.00010201999591920037,0.00010201999591920037,0.02082408964303184,0.9789718703651298
0.9771738523298713,0.022227703624646898,0.00029922202274087405,0.00029922202274087405
0.023443972714346357,0.0013244521617810888,0.9587912742087982,0.01644030091507432
0.016340176040645152,0.002609719504314876,0.9581851983202895,0.02286490613475059

0.019498857113798104,0.019686100182720465,0.014455450564606594,0.9463595921388748
0.013697593309798233,0.005025215278994734,0.9689406104499891,0.012336580961217937
0.0002759947238714554,0.9786631657215487,0.017789733689286123,0.003271105865293693
0.9809993042622747,0.00013017920437791248,0.002647563310929317,0.016222953222418107

Transition Gammas
1.0,1.0,204.11772668099766,9595.882273318983
3265.7150144864263,74.28498551356985,1.0,1.0
58.4245590684613,3.3006578919953298,2389.3969728116112,40.970757969201046
50.35408602331585,8.042143492831553,2952.7552079287657,70.46077395741543

44.523291840573634,44.95083883751304,33.00728039693806,2160.898152184984
10.488654178345548,3.8479566476404896,741.9466144534456,9.446486584823464
1.1246969851038762,3988.117948341259,72.49435628870833,13.329975490273934
8701.660580521666,1.1547156519043789,23.48441756997383,143.90084879960426

Iteration: ,37500
Error:,0.025547828912444358
Absolute Error:,0.02440637461044186
Transition Probabilities
9.546539379474957e-05,9.546539379474957e-05,0.021789942956327392,0.978019126256083
0.9769416188609761,0.022498157049388057,0.0002801120448179275,0.0002801120448179275
0.02297392237167038,0.0019640405278641706,0.9589596461655661,0.016102390934899437
0.016210688204980585,0.002456372618820165,0.9587427495126042,0.02259018966359505

0.02013628804608609,0.01956099455799803,0.014040118936920478,0.9462625984589954
0.01386179005905917,0.004663894877538293,0.969512056584736,0.01196225847866649
0.0002576902614529056,0.9775353889920484,0.019000003320498247,0.0032069174260004733
0.9808505566444292,0.00012128812218791524,0.002501131140809091,0.016527024092573946

Transition Gammas
1.0,1.0,228.24965246752902,10244.750347532452
3487.6815793336805,80.31842066631528,1.0,1.0
61.26255291281369,5.23733539334846,2557.173960721433,42.938839990533324
53.22066967867117,8.064419850712747,3147.610424272693,74.16495875204971

50.00119825500863,48.57266466992727,34.863564172410356,2349.701378851917
11.436700141515066,3.8479566476404896,799.8980382405086,9.8694874653938
1.1251102756423328,4268.050739511474,82.95656519032953,14.001832000892286
9341.570650379084,1.1551418865952237,23.82064535668229,157.40253411230364

Iteration: ,40000
Error:,0.025002992545510253
Absolute Error:,0.023850306161905605
Transition Probabilities
8.958967926894841e-05,8.958967926894841e-05,0.02153660233905171,0.9782842183024103
0.9781635016590915,0.02131252663538059,0.0002619858527639512,0.0002619858527639512
0.022683434929405846,0.0021258826389353278,0.9597355223164882,0.015455160115170565
0.015407588180103985,0.0028631634175993723,0.9592470132374793,0.022482235164817295

0.019543944389546253,0.01971924207101498,0.01354499555000777,0.947191817989431
0.014144016208316929,0.004390963242667972,0.9697870232293666,0.01167799731964852
0.00024126965093266306,0.9775962027416774,0.019015100626554378,0.0031474269808357304
0.9809591952151645,0.00011385482094338627,0.002371640773667469,0.016555309190224767

Transition Gammas
1.0,1.0,240.39155530849465,10919.608444691481
3733.650085832746,81.34991416724758,1.0,1.0
64.21376063043566,6.0180885006981475,2716.8824867288895,43.751484518513976
54.15795611474487,10.064072125183399,3371.770911764133,79.02547051392773

52.0075148452053,52.47399165201567,36.04398084155742,2520.5297126045502
12.394902481592789,3.8479566476404896,849.8587249761454,10.233842766118384
1.1254086215176167,4560.023155317722,88.69643613038541,14.681255790510859
9956.006365484933,1.1555417672647121,24.070390240949664,168.0240773361589

Iteration: ,42500
Error:,0.024502614126348098
Absolute Error:,0.023512021177713668
Transition Probabilities
8.436682696363808e-05,8.436682696363808e-05,0.02181050538318411,0.9780207609628886
0.9781734057840022,0.021332645092757462,0.0002469745616201536,0.0002469745616201536
0.022424411436397812,0.002318561027341141,0.9601321314888621,0.015124896047398846
0.015230383623244827,0.0029578992692094893,0.9591408868755152,0.02267083023203046

0.01875268951045523,0.018569411969734717,0.013100793683633894,0.9495771048361761
0.014251198178896382,0.004105771206579389,0.9697051131141572,0.011937917500367117
0.0002269929978814618,0.9775455390105519,0.019054794688809457,0.0031726733027572823
0.9812441023020942,0.000107232219303843,0.002252077943715605,0.01639658753488636

Transition Gammas
1.0,1.0,258.5199203068807,11592.480079693094
3960.624120019417,86.3758799805748,1.0,1.0
67.76757236815298,7.006794923290067,2901.5621608712518,45.70811101821014
56.87332704151256,11.045392989107249,3581.6256955539393,84.65745669866322

52.991902728437736,52.47399165201567,37.0206089191313,2683.342970328347
13.356319680319729,3.8479566476404896,908.8142150442167,11.188297324241843
1.1257376563927897,4847.99017755445,94.49939036105387,15.734396398478696
10576.923468006236,1.1558662867071459,24.275362265903706,176.7403759024743

Iteration: ,45000
Error:,0.024192466175060986
Absolute Error:,0.02333977006227088
Transition Probabilities
7.96495420151336e-05,7.96495420151336e-05,0.02163670997318892,0.9782039909427809
0.9789119427880646,0.020621530503281246,0.00023326335432703548,0.00023326335432703548
0.02246276455973687,0.002460972618650692,0.9592383684156022,0.01583789440601021
0.014850299166829629,0.0028010244623356577,0.9602446648704148,0.022104011500419837

0.018506501452873535,0.01858261238380537,0.013452856320239192,0.9494580298430819
0.01445823210228257,0.003883473380574532,0.9696455044718482,0.012012790045294824
0.00021446541529264546,0.9782203677694218,0.01856287240819174,0.0030022944070936834
0.9813402987757132,0.0001012500383257703,0.002146172223855866,0.01641227896210516

Transition Gammas
1.0,1.0,271.6488937133862,12281.351106286584
4196.5954987324285,88.4045012675666,1.0,1.0
71.68236019909496,7.853366633527823,3061.0867179193197,50.54131465375399
58.738153436863165,11.079036375009519,3798.1051983162893,87.42913556798271

55.35960371193097,55.587278887882626,40.242333029744515,2840.1705426101707
14.326002750372039,3.8479566476404896,960.777504862198,11.902925752683569
1.1260103977545453,5135.962383028648,97.46087645550388,15.76298311266103
11205.838704384323,1.1561652973049112,24.506952177916446,187.41037237557103

Iteration: ,45490
Error:,0.02409148603308061
Absolute Error:,0.02344418821163242
Transition Probabilities
7.874635798094358e-05,7.874635798094358e-05,0.021629486883421187,0.978213020400617
0.9788940339851102,0.02064417889875031,0.0002308935580697301,0.0002308935580697301
0.022217543998553448,0.0024341067765145793,0.9590811661927308,0.01626718303220115
0.0156335515015096,0.0027847826432082813,0.9595019946727178,0.022079671182564424

0.018968173331546635,0.018711318705716955,0.013318287989421206,0.9490022199733151
0.014313839832052859,0.003844689694309786,0.9699474981440516,0.011893972329585794
0.00021237091012238178,0.978433934695063,0.01838084109850245,0.0029728532963119864
0.9814579545018396,0.00010014946168938936,0.0021244621548808,0.016317433881590154


Model Num 3
Model States: 
"['diamond', 'x', 'square']","['diamond', 'x', 'diamond']","['square', 'y', 'diamond', 'x', 'diamond']","['square', 'x', 'square', 'y', 'diamond', 'x', 'diamond']","['square', 'x', 'square', 'y', 'diamond', 'x', 'square']"
Iteration: ,0
Error:,0.646835242884811
Absolute Error:,1
Transition Probabilities
0.2,0.2,0.2,0.2,0.2
0.2,0.2,0.2,0.2,0.2
0.2,0.2,0.2,0.2,0.2
0.2,0.2,0.2,0.2,0.2
0.2,0.2,0.2,0.2,0.2

0.2,0.2,0.2,0.2,0.2
0.2,0.2,0.2,0.2,0.2
0.2,0.2,0.2,0.2,0.2
0.2,0.2,0.2,0.2,0.2
0.2,0.2,0.2,0.2,0.2

Transition Gammas
1.0,1.0,1.0,1.0,1.0
1.0,1.0,1.0,1.0,1.0
1.0,1.0,1.0,1.0,1.0
1.0,1.0,1.0,1.0,1.0
1.0,1.0,1.0,1.0,1.0

1.0,1.0,1.0,1.0,1.0
1.0,1.0,1.0,1.0,1.0
1.0,1.0,1.0,1.0,1.0
1.0,1.0,1.0,1.0,1.0
1.0,1.0,1.0,1.0,1.0

Iteration: ,2500
Error:,0.32015865957484285
Absolute Error:,1
Transition Probabilities
0.0019880715705765406,0.0019880715705765406,0.44333996023856853,0.5362676205199423,0.016416276100336073
0.9642272536718056,0.027857179045872493,0.0026385224274406327,0.0026385224274406327,0.0026385224274406327
0.2,0.2,0.2,0.2,0.2
0.00736194254725715,0.004095761113983738,0.6875961972507187,0.27930734728343803,0.021638751804602122
0.06666666666666667,0.06666666666666667,0.7333333333333333,0.06666666666666667,0.06666666666666667

0.03185713071205579,0.032561605582024984,0.45813133075405477,0.45856962177193566,0.01888031117992881
0.03144219204245924,0.02188603332947357,0.4558338008048869,0.4735394710987757,0.017298502724404658
0.36786303342077215,0.6043591888014501,0.006613756613756613,0.013954119135575928,0.007209902028445236
0.2,0.2,0.2,0.2,0.2
0.2,0.2,0.2,0.2,0.2

Transition Gammas
1.0,1.0,223.0,269.742613121531,8.257386878469045
365.4421291416144,10.557870858385677,1.0,1.0,1.0
1.0,1.0,1.0,1.0,1.0
4.0715499047233505,2.265176027436282,380.27765273003206,154.4719747431481,11.96739274760909
1.0,1.0,11.0,1.0,1.0

3.566431873985795,3.6452984126389243,51.28817768432831,51.33724472273741,2.1136662994381523
2.5448229192513887,1.7713802890438637,36.89362058762548,38.32665666550933,1.4000813347349057
278.10445326610375,456.89554673389625,5.0,10.549314066495402,5.450685933504599
1.0,1.0,1.0,1.0,1.0
1.0,1.0,1.0,1.0,1.0

Iteration: ,5000
Error:,0.30946514392429836
Absolute Error:,1
Transition Probabilities
0.0009940357852882705,0.0009940357852882705,0.4333996023856859,0.550359103555783,0.014253222487954588
0.9756125067413226,0.020455645290132142,0.0013106159895150719,0.0013106159895150719,0.0013106159895150719
0.2,0.2,0.2,0.2,0.2
0.0070997195302742394,0.0031352068010572693,0.6940137049853623,0.2829813301107662,0.012770038572539907
0.047619047619047616,0.047619047619047616,0.8095238095238095,0.047619047619047616,0.047619047619047616

0.02071832606103576,0.031647279920708114,0.44144359207747713,0.4960086915541131,0.010182110386665876
0.016870940001561866,0.011599770809605212,0.48086768023955995,0.482355606647863,0.008306002301410063
0.3529154722581602,0.6225161346475502,0.003984063745019919,0.014846224555592086,0.005738104793677498
0.2,0.2,0.2,0.2,0.2
0.2,0.2,0.2,0.2,0.2

Transition Gammas
1.0,1.0,436.0,553.6612581771176,14.338741822882314
744.3923426436293,15.607657356370826,1.0,1.0,1.0
1.0,1.0,1.0,1.0,1.0
8.01236634592444,3.5382278628314157,783.2270035067509,319.35769803808813,14.41158722657647
1.0,1.0,17.0,1.0,1.0

4.329590808076149,6.613457662634197,92.2502191013019,103.65290445531323,2.127796010500733
2.87632647813522,1.9776448684470855,81.98312844598226,82.23680501203741,1.4160902916367493
531.4907012207894,937.5092987792109,6.0,22.358414180721688,8.641585819278314
1.0,1.0,1.0,1.0,1.0
1.0,1.0,1.0,1.0,1.0

Iteration: ,7500
Error:,0.30989639271305036
Absolute Error:,1
Transition Probabilities
0.0006688963210702343,0.0006688963210702343,0.4387959866220737,0.5475645237916977,0.012301696944088133
0.9732301997424757,0.02414971292127962,0.0008733624454148475,0.0008733624454148475,0.0008733624454148475
0.2,0.2,0.2,0.2,0.2
0.009235631379283276,0.0032316037306359324,0.6846429308518428,0.29285974575756574,0.01003008828067236
0.03333333333333333,0.03333333333333333,0.8666666666666667,0.03333333333333333,0.03333333333333333

0.019898951523787307,0.02806820265733781,0.412303958473873,0.5290768955687628,0.010651991776238929
0.012407976464460698,0.008567375738695836,0.4748891308201958,0.4988553903503912,0.005280126626256369
0.33972340152780034,0.6327455149908499,0.005328596802841918,0.015086886122744019,0.007115600555763973
0.2,0.2,0.2,0.2,0.2
0.2,0.2,0.2,0.2,0.2

Transition Gammas
1.0,1.0,656.0,818.6089630685879,18.391036931411755
1114.3485787051343,27.651421294865152,1.0,1.0,1.0
1.0,1.0,1.0,1.0,1.0
15.922584214276682,5.571409298950875,1180.3507822595298,504.90148137098714,17.292258511299426
1.0,1.0,26.0,1.0,1.0

5.815536045850687,8.203027385682212,120.49722968998786,154.62451644896058,3.1130807098439712
3.3409206982562254,2.306816346495319,127.86669374159385,134.31975018907724,1.4217051737324071
765.0571002406065,1424.942899759394,12.0,33.97566754841954,16.02433245158047
1.0,1.0,1.0,1.0,1.0
1.0,1.0,1.0,1.0,1.0

Iteration: ,10000
Error:,0.30765046152655123
Absolute Error:,1
Transition Probabilities
0.0005128205128205128,0.0005128205128205128,0.43538461538461537,0.5531100338292965,0.010479709760447127
0.9751566980082247,0.022867017406795045,0.0006587615283267457,0.0006587615283267457,0.0006587615283267457
0.2,0.2,0.2,0.2,0.2
0.008810367107918144,0.0031106259213252857,0.6689411341039686,0.31108598140114047,0.008051891465647673
0.02857142857142857,0.02857142857142857,0.8857142857142857,0.02857142857142857,0.02857142857142857

0.02031986072921162,0.027744972853729344,0.41150257385295796,0.5300752981641416,0.0103572943999596
0.010687205186526145,0.0064697451430756146,0.46085277148238346,0.5172055754834985,0.004784702704516254
0.33290877156489135,0.6419065407252363,0.005036937541974476,0.013588546033812614,0.0065592041340852905
0.2,0.2,0.2,0.2,0.2
0.2,0.2,0.2,0.2,0.2

Transition Gammas
1.0,1.0,849.0,1078.5645659671281,20.4354340328719
1480.287867576485,34.71213242351488,1.0,1.0,1.0
1.0,1.0,1.0,1.0,1.0
20.80546203419722,7.3456654774985415,1579.6877926011452,734.6217809239264,19.014340735183552
1.0,1.0,31.0,1.0,1.0

