0,1,2,3,4,5,6,7,8,9,10,11,12,13,14,15,16,17,18,19,20,21,22,23,24,25,26,27,28,29
github Code Version (SHA):,528ca1c557fe8e6666681dc5c9134b0f84d30530
Environment Observations,Environment Actions,alpha,epsilon,numActions,explore,patience,gainThresh,insertRandActions,useUpdatedPosterior,revisedSplitting,haveControl,confidence_factor
"['diamond', 'square']","['x', 'y']",0.9,0.99,75000,0.5,0,0.01,False,True,False,False,250

Model Num 0
Model States: 
['diamond'],['square']
Iteration: ,0
Error:,0.5628241526839545
Absolute Error:,1
Transition Probabilities
0.5,0.5
0.5,0.5

0.5,0.5
0.5,0.5

Transition Gammas
1.0,1.0
1.0,1.0

1.0,1.0
1.0,1.0

Iteration: ,2481
Error:,0.11050796929547517
Absolute Error:,1
Transition Probabilities
0.4789272030651341,0.5210727969348659
0.08847184986595175,0.9115281501340483

0.098,0.902
0.913769123783032,0.08623087621696801


Model Num 1
Model States: 
['square'],"['diamond', 'x', 'square']","['diamond', 'x', 'diamond']"
Iteration: ,0
Error:,0.6228927958646175
Absolute Error:,1
Transition Probabilities
0.3333333333333333,0.3333333333333333,0.3333333333333333
0.3333333333333333,0.3333333333333333,0.3333333333333333
0.3333333333333333,0.3333333333333333,0.3333333333333333

0.3333333333333333,0.3333333333333333,0.3333333333333333
0.3333333333333333,0.3333333333333333,0.3333333333333333
0.3333333333333333,0.3333333333333333,0.3333333333333333

Transition Gammas
1.0,1.0,1.0
1.0,1.0,1.0
1.0,1.0,1.0

1.0,1.0,1.0
1.0,1.0,1.0
1.0,1.0,1.0

Iteration: ,2500
Error:,0.08508865594782235
Absolute Error:,1
Transition Probabilities
0.9285714285714286,0.04015150900612558,0.03127706242244585
0.9955156950672646,0.002242152466367713,0.002242152466367713
0.002932551319648094,0.885042578228908,0.11202487045144399

0.08430232558139535,0.3530722255994784,0.5626254488191264
0.8598230406232303,0.09540743358817133,0.04476952578859825
0.9327224750956152,0.02825401979214197,0.03902350511224287

Transition Gammas
715.0,30.9166619347167,24.083338065283304
444.0,1.0,1.0
1.0,301.79951917605763,38.2004808239424

58.0,242.91369121244114,387.0863087875589
85.20453349654619,9.454440608023898,4.436455386115466
90.88123971837355,2.7529735953602907,3.8023148551163204

Iteration: ,5000
Error:,0.08316342119852768
Absolute Error:,1
Transition Probabilities
0.9190981432360743,0.042948541435327524,0.037953315328598206
0.9977876106194691,0.0011061946902654867,0.0011061946902654867
0.0015060240963855418,0.887814566311918,0.11067940959169635

0.0835734870317003,0.3636865830435161,0.5527399299247836
0.8682658274809301,0.0848181741447433,0.04691599837432648
0.9294757380900733,0.03556254927475852,0.03496171263516815

Transition Gammas
1386.0,64.7664004844739,57.233599515526095
902.0,1.0,1.0
1.0,589.5088720311137,73.49112796888639

116.0,504.79697726440025,767.2030227355995
154.15721919437945,15.059136786752576,8.32975295837385
192.47931886611252,7.364425967280864,7.2400024644406535

Iteration: ,7500
Error:,0.07935572743774763
Absolute Error:,1
Transition Probabilities
0.9189784236019375,0.0405776286288908,0.04044394776917173
0.9985347985347985,0.0007326007326007326,0.0007326007326007326
0.0010020040080160322,0.8830943837554847,0.11590361223649935

0.08044315992292872,0.3720914879247666,0.5474653521523047
0.8805516726185598,0.07843665856271324,0.041011668818726955
0.9403909151883811,0.02853521078571155,0.03107387402590729

Transition Gammas
2087.0,92.151794616211,91.848205383789
1363.0,1.0,1.0
1.0,881.3281949879736,115.67180501202634

167.0,772.4619289318152,1136.5380710681843
222.90224807286629,19.85540209464376,10.381665791093324
287.25167868224804,8.716361533655856,9.491821255328157

Iteration: ,10000
Error:,0.07713993638401527
Absolute Error:,1
Transition Probabilities
0.9223173140223832,0.043258904591512756,0.0344237813861041
0.9988962472406181,0.0005518763796909492,0.0005518763796909492
0.0007558578987150421,0.8871148842654893,0.11212925783579558

0.08017334777898161,0.3714725291591324,0.5483541230618859
0.8843216137179128,0.07579075135581338,0.03988763492627383
0.9375765167699526,0.03065423758569327,0.031769245644354134

Transition Gammas
2802.0,131.42055214901575,104.57944785098425
1810.0,1.0,1.0
1.0,1173.6529918832416,148.34700811675745

222.0,1028.6074332416374,1518.3925667583617
309.44849948302334,26.52127225879235,13.957782535663979
371.40240834429227,12.143070417876181,12.58475882506519

Iteration: ,12500
Error:,0.081076219605328
Absolute Error:,1
Transition Probabilities
0.9203634420096205,0.04312150426564245,0.036515053724737026
0.9991319444444444,0.00043402777777777775,0.00043402777777777775
0.0006093845216331509,0.8874717251231926,0.11191889035517413

0.08068669527896997,0.38237642820902296,0.536936876512007
0.8839417869214249,0.07834838831099677,0.037709824767578344
0.938716346629311,0.02991637098815121,0.03136728238253772

Transition Gammas
3444.0,161.36066896203405,136.63933103796595
2302.0,1.0,1.0
1.0,1456.3411009271583,183.65889907284065

282.0,1336.405616590535,1876.5943834094642
382.9290194007942,33.9410037532591,16.336128050147458
460.03585775950023,14.661088451270226,15.372135265620853

Iteration: ,15000
Error:,0.07927586473040969
Absolute Error:,1
Transition Probabilities
0.9220953660174613,0.04227557895584918,0.035629055026689435
0.9992761491132827,0.0003619254433586681,0.0003619254433586681
0.0005050505050505055,0.8867883402245007,0.11270660927044883

0.08071428571428575,0.3828328670086738,0.5364528472770405
0.8784462623468676,0.07665189347172029,0.044901844181412104
0.9366443673712708,0.032750605595797906,0.030605027032931335

Transition Gammas
4119.0,188.84501119577828,159.15498880422172
2761.0,1.0,1.0
1.0,1755.8409136445098,223.15908635548848

339.0,1607.8980414364294,2253.101958563569
464.2327951144499,40.508252220374025,23.72929287039247
544.3468787649638,19.033574059457656,17.78663441563179

Iteration: ,17500
Error:,0.08022691808170179
Absolute Error:,1
Transition Probabilities
0.9211490264121843,0.04286281086159632,0.035988162726219367
0.999380613192939,0.0003096934035305048,0.0003096934035305048
0.0004321521175453763,0.8848364567844512,0.11473139109800337

0.08165343107310125,0.3835046211514075,0.5348419477754912
0.8771580665547096,0.07666480700310303,0.04617712644218726
0.938698428570512,0.03249314202922769,0.02880842940026028

Transition Gammas
4778.0,222.32939993910014,186.67060006089986
3227.0,1.0,1.0
1.0,2047.5115609992185,265.4884390007796

401.0,1883.3911944745612,2626.608805525436
537.0485764296575,46.93877538513512,28.272395780153484
637.3663447749235,22.06250115594566,19.5606200955423

Iteration: ,20000
Error:,0.08222196191042366
Absolute Error:,1
Transition Probabilities
0.9218141817566424,0.043106213996498076,0.03507960424685951
0.999458434876794,0.00027078256160303275,0.00027078256160303275
0.0003812428516965308,0.8879691909639489,0.11164956618435455

0.08232789212207242,0.3854683844070286,0.5322037234708991
0.8772845566233158,0.07601311970769822,0.04670232366898594
0.9377879792307174,0.032982136677824944,0.029229884091457593

Transition Gammas
5447.0,254.71461850530713,207.28538149469287
3691.0,1.0,1.0
1.0,2329.143187898437,292.8568121015619

464.0,2172.4998145180125,2999.500185481986
612.9949721253506,53.11350786309171,32.63284344802551
731.6646393707293,25.732749483366856,22.80523218069846

Iteration: ,21402
Error:,0.08086010888666925
Absolute Error:,1
Transition Probabilities
0.922102596580114,0.043532601668418824,0.03436480175146717
0.9994937990382182,0.0002531004808909137,0.0002531004808909137
0.00035663338088445085,0.8870745270321617,0.1125688395869538

0.0831401126200729,0.3860422666981266,0.5308176206818006
0.8741447908555711,0.07808640780237948,0.04776880134204954
0.9371261961059666,0.032679703743401164,0.0301941001506323


Model Num 2
Model States: 
"['diamond', 'x', 'square']","['diamond', 'x', 'diamond']","['square', 'y', 'diamond', 'x', 'diamond']","['square', 'y', 'diamond', 'x', 'square']"
Iteration: ,0
Error:,0.5633274889225711
Absolute Error:,0.65
Transition Probabilities
0.25,0.25,0.25,0.25
0.25,0.25,0.25,0.25
0.25,0.25,0.25,0.25
0.25,0.25,0.25,0.25

0.25,0.25,0.25,0.25
0.25,0.25,0.25,0.25
0.25,0.25,0.25,0.25
0.25,0.25,0.25,0.25

Transition Gammas
1.0,1.0,1.0,1.0
1.0,1.0,1.0,1.0
1.0,1.0,1.0,1.0
1.0,1.0,1.0,1.0

1.0,1.0,1.0,1.0
1.0,1.0,1.0,1.0
1.0,1.0,1.0,1.0
1.0,1.0,1.0,1.0

Iteration: ,2500
Error:,0.027228415105914564
Absolute Error:,0.08233452050684732
Transition Probabilities
0.001515151515151515,0.001515151515151515,0.10797649206469268,0.8889932049050043
0.8654711687920711,0.12801417322747285,0.0032573289902280136,0.0032573289902280136
0.03528911204905846,0.04007259597033929,0.797126001431655,0.1275122905489473
0.04189978188984431,0.03466726157809935,0.8487137019257315,0.07471925460632496

0.03551830817178592,0.032142572553955855,0.07972333413973039,0.8526157851345278
0.02607638011244393,0.10515578457361961,0.7091942585807379,0.15957357673319847
0.004143982758900023,0.9294943082174771,0.021582574040635072,0.0447791349829877
0.9338599502986531,0.002281654384690951,0.0167709236474423,0.0470874716692137

Transition Gammas
1.0,1.0,71.26448476269718,586.7355152373029
265.69964881916576,39.30035118083416,1.0,1.0
5.040747452228283,5.724027166250291,113.86262298795187,18.214038732933997
8.699805395975861,7.198090675836117,176.2215388868594,15.514232893058514

5.1920878683687235,4.698620784762574,11.654005421958903,124.63589349374315
1.1171647613609892,4.5050860768383405,30.38331360524408,6.836454139797986
1.2927898457807503,289.9724427650661,6.733071585691265,13.969655371881514
530.4531191319741,1.296030186060979,9.526255790994043,26.746726006383373

Iteration: ,5000
Error:,0.027195035751612893
Absolute Error:,0.07159493352952515
Transition Probabilities
0.0008045052292839908,0.0008045052292839908,0.10705391098118826,0.8913370785602438
0.8732201373183527,0.12361530571962193,0.001582278481012659,0.001582278481012659
0.025715688714135595,0.03300803031507948,0.8261888982089991,0.11508738276178589
0.04195864499595526,0.02823357533731141,0.8718400545867233,0.057967725080010156

0.0381796924551522,0.02681784822785006,0.07227657170490653,0.8627258876120912
0.020779850043875774,0.11266367277857026,0.7653971116525264,0.10115936552502758
0.001960105585698794,0.9430117419997325,0.014056963946685215,0.04097118846788367
0.9177654179933354,0.0012380516965578526,0.013281015870408409,0.06771551443969831

Transition Gammas
1.0,1.0,133.06801134961694,1107.9319886503824
551.8751267851986,78.12487321480101,1.0,1.0
7.817268062269096,10.03405446569446,251.15174472540266,34.98521589815756
18.34747286724974,12.345840946405875,381.2339923668514,25.347845793976518

11.425873074931012,8.025662604645431,21.629900124561388,258.18428217807013
2.532555485544136,13.730946176919552,93.28318778250909,12.328852495741549
1.3243027381410484,637.1253881122869,9.497282177229541,27.681293022573456
978.5703648819997,1.320076652149683,14.16092641050413,72.20188773108586

Iteration: ,7500
Error:,0.03235908027576928
Absolute Error:,0.07072313289724388
Transition Probabilities
0.0005263157894736843,0.0005263157894736843,0.100353419869589,0.8985939485514637
0.8701301640419167,0.12768165215064345,0.001094091903719913,0.001094091903719913
0.03237448437065044,0.04202878548821919,0.8191259743452918,0.10647075579583853
0.048454995069757506,0.025918911574507014,0.8673388227013059,0.058287270654429624

0.048457144411162646,0.02793008771620711,0.06601729372812275,0.8575954741445075
0.03724904487100982,0.10186494460827217,0.771079524847563,0.08980648567315509
0.001375071751486715,0.9382180681154503,0.01492323388856428,0.04548362624449878
0.911450357691436,0.000799049861270995,0.01045604030759341,0.07729455213969959

Transition Gammas
1.0,1.0,190.67149775221904,1707.3285022477805
795.2989699343115,116.70103006568806,1.0,1.0
15.09233307457381,19.592973962021258,381.860044265643,49.63452361975397
31.478387663354166,16.8380070038177,563.459508295551,37.86584435428289

21.742980797389286,12.532380276684133,29.622314052322025,384.8076925052256
6.3821530063922065,17.453270673891378,132.11473004784017,15.387206155681142
1.3353696090932563,911.1291054513844,14.492358658836029,44.170387568933286
1519.9208456222052,1.3324834760210527,17.436334839376368,128.89522732507857

Iteration: ,10000
Error:,0.03153177019437391
Absolute Error:,0.06863366110847574
Transition Probabilities
0.000396196513470681,0.000396196513470681,0.10135024161204526,0.8978573653610135
0.8680811906635992,0.13027407249429554,0.0008223684210526322,0.0008223684210526322
0.03736217216684543,0.04292693238593128,0.8217358561096235,0.09797503933759968
0.05274259384476602,0.026287943726713725,0.8648953509796522,0.0560741114488682

0.045732533431349906,0.028707159867839765,0.06188213177367549,0.8636781749271348
0.038058737117341555,0.08868783991087743,0.7870913635622301,0.08616205940955085
0.0010356851925658525,0.9361670826154606,0.013081187600852532,0.049716044591121125
0.9157402409693138,0.0006037584929128702,0.008771878112342885,0.0748841224254304

Transition Gammas
1.0,1.0,255.80800982880254,2266.191990171201
1055.586727846936,158.41327215306325,1.0,1.0
22.88272329721169,26.290899560091535,503.2778644342268,60.00549714251305
46.2132665092791,23.03359885938015,757.8246810367214,49.132355232368276

28.24055596636553,17.72712102425071,38.21318598707916,533.3348057914105
8.722562579802396,20.326087839042852,180.39100071886756,19.747212128644485
1.3425130744740954,1213.5121341165777,16.95656702427588,64.4447177132673
2036.34916978604,1.3425893619057336,19.506193909995858,166.52126193533877

Iteration: ,12500
Error:,0.03091018483118321
Absolute Error:,0.06705045248764757
Transition Probabilities
0.0003178639542275904,0.0003178639542275904,0.10437961948311084,0.894984652608434
0.864550723297735,0.13414888658522992,0.0006501950585175559,0.0006501950585175559
0.036372979429682,0.0474394390172011,0.8187937086037483,0.09739387294936873
0.05229977944537387,0.02536292500379958,0.8666795718848685,0.05565772366595803

0.04551943433250571,0.02977785978637876,0.0599068898323607,0.8647958160487549
0.035479007786610124,0.07740214532133913,0.8078397385360858,0.07927910835596487
0.0008240274654591319,0.9376272124201355,0.013045083762282946,0.04850367635212258
0.9157150637589291,0.00048732728012861065,0.007852161128987071,0.07594544783195527

Transition Gammas
1.0,1.0,328.3782828938669,2815.6217171061353
1329.679012431915,206.3209875680834,1.0,1.0
27.320610167181094,35.632891235768724,615.0154337328933,73.15485498419974
57.16272143266073,27.72122238534417,947.2652363816914,60.83289427283786

35.47893227517568,23.209573804087583,46.69285808020139,674.0424752497162
10.44587623932401,22.789059816662153,237.84751762817245,23.341683037790848
1.3492596696196413,1535.2674951817132,21.3599742060192,79.41974882322494
2537.0484278311774,1.3501720773428518,21.754925561231357,210.41182639507278

Iteration: ,15000
Error:,0.03300617084444119
Absolute Error:,0.06573985281345399
Transition Probabilities
0.00026645350386357575,0.00026645350386357575,0.1022686297348378,0.8971984632574351
0.8542728059670627,0.14466505914180616,0.0005310674455655873,0.0005310674455655873
0.03258942255883658,0.0438474116423366,0.8367395721022122,0.08682359369661456
0.05253385904218492,0.02550808934120561,0.8648760822764799,0.05708196934012957

0.047910494017589615,0.03314683089477219,0.05629425471000259,0.8626484203776357
0.039305979111673016,0.07489281213624056,0.8123926520526801,0.07340855669940631
0.0006871221147191609,0.9407664665683239,0.011693510636227814,0.04685290068072919
0.9147481518526486,0.00041171173383145284,0.0069881189470780486,0.07785201746644196

Transition Gammas
1.0,1.0,383.8141673948464,3367.1858326051547
1608.5956936359776,272.4043063640208,1.0,1.0
29.537320692761302,39.7409637095898,758.3762809201863,78.69229122071518
69.47751892112963,33.735171795058164,1143.8231545591295,75.49252381591742

44.91575279409711,31.074921954065687,52.77546976147049,808.7268560344014
13.889251453369102,26.464296865747336,287.0689416277155,25.939816940577405
1.3541992157907834,1854.0885003967467,23.045893290587916,92.33898895147529
3012.9377653982056,1.356069240266885,23.01701013782183,256.4238944479094

Iteration: ,17500
Error:,0.03260443094777646
Absolute Error:,0.06300865159943062
Transition Probabilities
0.00022711787417669784,0.00022711787417669784,0.09952683863048317,0.9000189256211635
0.8612365699005119,0.13784557787369636,0.00045892611289582416,0.00045892611289582416
0.03293254957973396,0.04264547022802311,0.8391332550344763,0.08528872515776666
0.04995518512163463,0.024552531268576892,0.869273435141923,0.05621884846786537

0.05086057732084499,0.030732296878933314,0.05356284912977701,0.8648442766704447
0.041251726437717115,0.07380018250307517,0.8182884952092777,0.0666595958499301
0.0005909794296645204,0.9420786009597285,0.01279391550595937,0.044536504104647684
0.9150662592146102,0.0003527967136666507,0.006494264563908406,0.07808667950781492

Transition Gammas
1.0,1.0,438.2166704900171,3962.7833295099804
1876.6344858132138,300.36551418678414,1.0,1.0
35.02915834674539,45.36043970030533,892.5556034905698,90.7185230681915
77.41232956100265,38.047474701415005,1347.0569967058,87.11872480379783

55.437721970205104,33.498017907512846,58.38318191428833,942.6750360131914
16.683651777704792,29.847394335637077,330.9447018753466,26.959489476928535
1.3572586924406906,2163.6021592846314,29.3828383175239,102.28369092519456
3530.5069094625997,1.361159612971469,25.056159249534122,301.2738790914984

Iteration: ,20000
Error:,0.03441431992369824
Absolute Error:,0.061569212290788475
Transition Probabilities
0.00019735543714229323,0.00019735543714229323,0.09800688646107057,0.9015984026646449
0.8665003406199187,0.13269320776717816,0.0004032258064516131,0.0004032258064516131
0.03567873012062239,0.04549669944986467,0.8408218927548026,0.07800267767471047
0.049155551721563016,0.023868180386127077,0.8701091218941415,0.056867145998168396

0.054728824878892746,0.028661531339878192,0.05226463957747411,0.8643450042037549
0.03958887076693416,0.07032179654419209,0.8259510686116621,0.06413826407721165
0.00052110914778559,0.9441349009665637,0.012229157172055197,0.04311483271359555
0.9133776155694713,0.00030765988596725415,0.00626340650374478,0.08005131804081657

Transition Gammas
1.0,1.0,496.60089369824465,4568.399106301757
2148.920844737397,329.07915526260166,1.0,1.0
43.5054026488749,55.47709299264374,1025.268973324342,95.11375232402712
87.11006251793516,42.297535330334235,1541.9470914487833,100.77601551858811

67.80783574625946,35.511020264574846,64.75476321022948,1070.9048513802827
17.7454696921137,31.521316094527897,370.227525344296,28.74958540715876
1.3595255173991918,2463.1605397557296,31.904738771799632,112.4826065740991
4053.007646789491,1.365205200105784,27.793142750494525,355.2184754962714

Iteration: ,22500
Error:,0.033655964556178815
Absolute Error:,0.06013267039630213
Transition Probabilities
0.00017534630896019645,0.00017534630896019645,0.09746012456302519,0.9021891828190544
0.8681543569637206,0.13113033545401892,0.0003576537911301863,0.0003576537911301863
0.03508907910024513,0.044439636841668156,0.8396650480740968,0.08080623598398995
0.05226666734469239,0.02387095979985883,0.8702856534605357,0.053576719394913125

0.05303586873833567,0.028810799677179543,0.050722924731437004,0.8674304068530478
0.03634459793342335,0.06905401957772596,0.8341913122090553,0.060410070279795475
0.0004637916838888342,0.9453021712891188,0.011793455658465873,0.042440581368526596
0.9149928368207506,0.0002752362617695972,0.006264949321116774,0.07846697759636306

Transition Gammas
1.0,1.0,555.8150903829325,5145.184909617065
2427.3595820705605,366.6404179294366,1.0,1.0
48.58715296348156,61.5346850995761,1162.6675642388186,111.8907947666794
104.81432246711495,47.87025087253851,1745.2499987944907,107.44146946187135

73.9137202856299,40.15232406299963,70.69027358004858,1208.8989958043692
18.208457163210984,34.59570964939059,417.92556907921846,30.265135383562974
1.3618398359811272,2775.707712364978,34.62933527593276,124.6190399216199
4550.9807153586335,1.3689669132636324,31.16053196893727,390.27813930688

Iteration: ,25000
Error:,0.03248365629501298
Absolute Error:,0.05940130583598527
Transition Probabilities
0.00015708451146716944,0.00015708451146716944,0.09583133766858055,0.9038544933084851
0.87192784613349,0.1274219588079926,0.0003250975292587779,0.0003250975292587779
0.03669237497471585,0.04447608413406387,0.8367450171453736,0.08208652374584668
0.05083391260221285,0.023622338881625876,0.871286295673638,0.0542574528425232

0.054811228395630615,0.026977361363405835,0.049759911599398035,0.8684514986415655
0.03459677041682632,0.06473459976273595,0.839758135124458,0.06091049469597962
0.0004198922749731082,0.943269506728302,0.011632978819011165,0.04467762217771375
0.9172591117671086,0.0002475651489550134,0.006089593357503204,0.07640372972643314

Transition Gammas
1.0,1.0,610.0622955981834,5753.937704401812
2682.0500547066126,391.94994529338487,1.0,1.0
57.11743725682488,69.23400152503567,1302.5248719848462,127.78055039814366
113.91966364176157,52.93806362859785,1952.567423159486,121.59187560962835

84.22881629791158,41.45630888035026,76.46642076425582,1334.5557814310473
18.87951675813466,35.32578175150448,458.257449867382,33.23896107943445
1.3643358991552406,3064.920522032227,37.79848204615323,145.1688622512835
5083.560435015753,1.3720358622461117,33.749259571703156,423.43866912008133

Iteration: ,27500
Error:,0.032607221223496734
Absolute Error:,0.05928964702983249
Transition Probabilities
0.00014265335235378048,0.00014265335235378048,0.09556214567494391,0.9041525476203486
0.8718817393641637,0.12752741868605796,0.00029542097488921744,0.00029542097488921744
0.03624427098978191,0.0459795996844346,0.8378662569595542,0.07990987236622922
0.052880718985058354,0.023893579102440932,0.8698405042269606,0.05338519768554019

0.05381224278554576,0.02647653693309321,0.050129360821806586,0.8695818594595544
0.03246100634480202,0.06433402902734227,0.8414319675631372,0.06177299706471849
0.0003830502139955647,0.9439640658521448,0.011595331462533423,0.0440575524713263
0.9174432281892442,0.00022499597384635352,0.005836514169439217,0.07649526166747012

Transition Gammas
1.0,1.0,669.890641181356,6338.109358818636
2951.319687747691,431.6803122523058,1.0,1.0
61.697364853022776,78.26947708028827,1426.2706558022344,136.0278029078767
130.1617921809667,58.8121935042176,2141.0449992892054,131.4035274113518

91.23627749106596,44.889797294956765,84.99211401790176,1474.337580520979
19.29276047258241,38.236060800974776,500.09371957652854,36.71394606144083
1.3663259869646809,3367.0850108167765,41.36011970720904,157.15166488415048
5608.042706298222,1.3753298202068533,35.67678054884308,467.5915425386308

Iteration: ,30000
Error:,0.031721228894389455
Absolute Error:,0.05794936826799098
Transition Probabilities
0.00013095861707700384,0.00013095861707700384,0.09530249777088394,0.904435584994962
0.8713537706996709,0.1281049573111545,0.00027063599458728013,0.00027063599458728013
0.03526092786246649,0.045527772923536984,0.840973176012153,0.07823812320184341
0.052030989410001616,0.02437273888229784,0.8695466735356948,0.05404959817200577

0.053210658154196976,0.028825591362515845,0.04889104381395615,0.869072706669331
0.031130838442376296,0.060438497765702585,0.8490654912701675,0.05936517252175355
0.0003519010607387998,0.9433772119650752,0.011606576650506835,0.0446643103236792
0.9159039720488559,0.00020612294231657483,0.005762943771640802,0.0781269612371868

Transition Gammas
1.0,1.0,727.7298729784688,6906.270127021521
3219.652182735284,473.3478172647159,1.0,1.0
65.47027690576301,84.53311018453064,1561.466190526482,145.26763477668703
139.33276973552876,65.26728115338501,2328.5420441140946,144.73836269102964

99.00134667463034,53.631593041225536,90.96446737951574,1616.9574161082508
20.196225545147314,39.209658125508476,550.8338041082541,38.51333512893324
1.3684031085465411,3668.4183522344356,45.13335519589722,173.68171883225918
6124.621657327235,1.378337768052355,38.53662754054266,522.4325840011924

Iteration: ,32500
Error:,0.031494564854991275
Absolute Error:,0.057502137646303596
Transition Probabilities
0.00012083131947800875,0.00012083131947800875,0.0958102510999352,0.9039480862611089
0.8720708012818201,0.1274313147251502,0.0002489419965148122,0.0002489419965148122
0.03687946289179395,0.04587177797694531,0.8396029856240814,0.07764577350717938
0.05265349173584574,0.023926698689821422,0.8687969536427281,0.05462285593160464

0.05322265018547552,0.02985499486577262,0.047793475400133845,0.8691288795486181
0.02904475217398791,0.057766415525854854,0.8559785345460177,0.05721029775413942
0.00032503752523065885,0.9439825660714048,0.011525570163418533,0.04416682623994587
0.9156342695243712,0.00019099194737422353,0.005463818855381467,0.07871091967287307

Transition Gammas
1.0,1.0,792.9256381030633,7481.074361896934
3503.1084087490694,511.8915912509281,1.0,1.0
74.23673109223044,92.33786447455873,1690.0837534127336,156.29751510245805
153.4689729302935,69.73907622235893,2532.2798501081334,159.2090727885343

107.40663483525087,60.24924577001651,96.45022075978115,1753.9564051232544
20.196225545147314,40.167791754811816,595.203410307578,39.78109608325128
1.3699443001270337,3978.6284211064744,48.57712702520941,186.15109692081722
6620.0291294007775,1.3808703946337895,39.503370706279334,569.0793785023085

Iteration: ,35000
Error:,0.03318340075069578
Absolute Error:,0.05764513168303595
Transition Probabilities
0.00011224604332697281,0.00011224604332697281,0.09550026838953063,0.9042752395238154
0.8719565346983909,0.12757824083080185,0.00023261223540358233,0.00023261223540358233
0.037767265030226274,0.044738734744730335,0.8420237001772932,0.07547030004775016
0.05435957958043631,0.023378367754894363,0.8676005283284585,0.054661524336210854

0.052656550059442135,0.028585056388836905,0.04670473613633277,0.8720536574153882
0.031023293329153576,0.0578261824169361,0.8511312649702436,0.06001925928366669
0.0003033136945500994,0.9447229460280971,0.011106440855449786,0.04386729942190295
0.9155962200946162,0.0001766687765954747,0.005477070255663325,0.078750040873125

Transition Gammas
1.0,1.0,850.8118910823276,8056.188108917665
3748.541142668381,548.458857331617,1.0,1.0
81.30898322327532,96.31783053071263,1812.7892198845186,162.47968592713602
169.88787990556386,73.06350351099832,2711.478188394883,170.83153610752615

116.19223718531516,63.07594493254832,103.05893137139243,1924.278466522154
23.174288254546173,43.19594975852323,635.7919859636995,44.83417027027759
1.3713422819691625,4271.2826486666,50.21445526836354,198.33289288928086
7175.4747770218,1.3845430141871138,42.92348374639126,617.1595290292385

Iteration: ,37500
Error:,0.03248212142749128
Absolute Error:,0.05677329992907668
Transition Probabilities
0.00010459156991946465,0.00010459156991946465,0.09472585406170876,0.9050649627984523
0.8706597150712391,0.12890616294048216,0.0002170609941393532,0.0002170609941393532
0.03750914923063725,0.04425758410667458,0.8439085828073193,0.07432468385536894
0.05424412222232161,0.02339257152956014,0.8687800545439617,0.053583251704156655

0.0513990563212707,0.02910009190293669,0.04567862190710259,0.8738222298686901
0.03132359114755935,0.05537448447750798,0.8538919808537058,0.0594099435212269
0.00028389597368018676,0.9449912726485596,0.010882829064132068,0.043842002313627976
0.9155239641800106,0.00016493149593057454,0.0056264878472206325,0.07868461647683808

Transition Gammas
1.0,1.0,905.6738906839961,8653.326109315989
4011.1293073331976,593.8706926668012,1.0,1.0
87.07207464003373,102.73759191467725,1959.011937587357,172.53402311150336
181.4627381453658,78.25511609566668,2906.3279316695,179.25192951075928

120.87936449115062,68.43706611798942,107.42615102598843,2055.03920469947
24.982035373285726,44.16375260032577,681.0189665087115,47.382220754335215
1.3726055690291288,4568.9280714581055,52.617272399387524,211.9712222508126
7697.400809088828,1.3866855264212583,47.305514439826354,661.552350597533

Iteration: ,40000
Error:,0.032031187360288975
Absolute Error:,0.056239430260643014
Transition Probabilities
9.805844283192814e-05,9.805844283192814e-05,0.0950742571640765,0.9047296259502596
0.8705817333359006,0.12901357220841347,0.00020234722784297853,0.00020234722784297853
0.037943645150632185,0.04382270035841241,0.844945997542648,0.07328765694830744
0.05415295195910291,0.024000535475613434,0.86903299949959,0.05281351306569375

0.05074644064538744,0.028954286158002177,0.045901871614038844,0.8743974015825716
0.030790759259118252,0.055538114258781676,0.8569312281765615,0.056739898305538626
0.00026592623149161314,0.9456724751526216,0.010507746149338066,0.0435538524665488
0.9157280610387838,0.0001550407224567621,0.0055867591068809504,0.0785301391318786

Transition Gammas
1.0,1.0,969.567274559249,9226.432725440718
4302.414926146022,637.5850738539795,1.0,1.0
93.29424983390292,107.74942521741028,2077.517926334148,180.19662976325426
193.26899031267007,85.65662794963299,3101.53231329883,188.48860451375344

127.72563963860834,72.87614013469292,115.53216024512037,2200.803957777133
25.89042906025825,46.69925789282668,720.5511558164995,47.70977875548117
1.3738714777328003,4885.6874088788145,54.28683228750049,225.0150175615937
8202.800306467518,1.3888054104628014,50.044408666583756,703.4479740712327

Iteration: ,42500
Error:,0.03214506024921401
Absolute Error:,0.056035010700189423
Transition Probabilities
9.214042200313305e-05,9.214042200313305e-05,0.09457568679464444,0.9052400323613493
0.8728614126787383,0.12675698075762876,0.00019080328181644718,0.00019080328181644718
0.0383553537977203,0.04411944612881456,0.8428501091898913,0.0746750908835738
0.05461641780584674,0.024773339990574714,0.8683273520493682,0.05228289015421042

0.050911587754544324,0.02823886604091792,0.045311022684257456,0.8755385235202803
0.030717017975867154,0.05393982082486288,0.8578728160190279,0.05747034518024217
0.0002509504781753411,0.9460771300802124,0.010707597659681295,0.04296432178193097
0.9158255842911219,0.00014589909572375925,0.005536808959266028,0.07849170765388828

Transition Gammas
1.0,1.0,1026.429928782273,9824.570071217695
4574.666663849269,664.3333361507325,1.0,1.0
100.06898081081779,115.1074770769202,2198.9929188955093,194.82704490444743
207.83281786972245,94.27042755877432,3304.261386224703,198.9530039437975

136.26958753440357,75.58394459013279,121.27915557680944,2343.4600791828548
27.002134789273583,47.416396785863334,754.1225983719713,50.51994331488064
1.3748059016707928,5182.984433132867,58.66045190382392,235.37553535088574
8728.346649443616,1.3905026297152687,52.768986537568516,748.0712979210065

Iteration: ,45000
Error:,0.032554476214285484
Absolute Error:,0.056312444351689916
Transition Probabilities
8.697921196833982e-05,8.697921196833982e-05,0.09361995993270512,0.9062060816433583
0.8732284153773188,0.12640985555775092,0.0001808645324651836,0.0001808645324651836
0.03838906957081222,0.04370508067393193,0.8436145006651999,0.07429134909005587
0.05598407349792033,0.024629973812678514,0.8674376568862271,0.05194829580317409

0.052270051857961984,0.029077233961709973,0.04556111244435172,0.8730916017359763
0.03142068279668886,0.05407429504420923,0.8567473939175214,0.057757628241580525
0.00023701085464424647,0.9446110774549398,0.010606428116330276,0.04454548357408566
0.9158502245084345,0.00013789699904628424,0.005402629240938643,0.07860924925158061

Transition Gammas
1.0,1.0,1076.3486793463078,10418.65132065366
4828.079908621195,698.9200913788047,1.0,1.0
105.8786611093698,120.54044229691918,2326.72411239664,204.89865114221084
226.14377959789633,99.49106989514145,3503.9542147836314,209.84153568310322

147.54606838092897,82.07819579175,128.608309601314,2464.532339141512
29.55675907031198,50.866523839102676,805.9238072575042,54.33135598787628
1.376115660778118,5484.534026854495,61.58229275071628,258.6368360860293
9246.26797798749,1.3921846306546244,54.54402522447577,793.6256002106086

Iteration: ,47500
Error:,0.03358442851120967
Absolute Error:,0.05679757567482986
Transition Probabilities
8.256956485839342e-05,8.256956485839342e-05,0.0941329980212277,0.9057018628490555
0.8720733297603734,0.12758449744236403,0.0001710863986313089,0.0001710863986313089
0.03800251863411952,0.043867082507045047,0.8453644002132356,0.07276599864559995
0.057641312384829745,0.025114564305044704,0.8658921833053606,0.05135194000476495

0.05271610775332361,0.030035895955860106,0.0454470936569684,0.8718009026338479
0.03268169292757256,0.055592100777611696,0.852817644891721,0.058908561403094646
0.00022468909607677114,0.9440792936972796,0.010496375561572792,0.0451996416450709
0.9160482688025348,0.00013101364673574742,0.005146057043647287,0.07867466050708219

Transition Gammas
1.0,1.0,1140.0447390350855,10968.955260964882
5097.268612449379,745.7313875506172,1.0,1.0
110.76633805280602,127.85984363686802,2463.992448325691,212.09181639587638
245.9458218705114,107.15963782513855,3694.6168618176134,219.11012373897762

158.1651577146917,90.11727958350964,136.35579412585858,2615.681110337658
32.45274273429577,55.2026527081404,846.8432675832834,58.49588001144258
1.3771091506559452,5786.2186327507,64.33180375439537,277.0265277783174
9747.676631591512,1.3941172165251046,54.759232343476654,837.1776639300589

Iteration: ,47909
Error:,0.03349545455948632
Absolute Error:,0.05673089076677476
Transition Probabilities
8.191349934469224e-05,8.191349934469224e-05,0.09416358933139016,0.9056725836699205
0.872289278932084,0.12737150804213584,0.0001696065128900951,0.0001696065128900951
0.03825240077941797,0.04344893100635234,0.8449056072217295,0.07339306099250031
0.05762376632450181,0.024938143579292738,0.8663717503809326,0.0510663397152729

0.052486337935418875,0.029732636392906325,0.04516170806771519,0.8726193176039596
0.03242286838875131,0.056119690773663876,0.8529978358027143,0.05845960503487047
0.00022265364380448806,0.9440001519973269,0.01057811191223158,0.04519908244663695
0.9161023321092062,0.0001300163460354078,0.0051082803035571965,0.07865937124120109

*,*,*,*,*,*,*,*,*,*,*
Model Num 2
Model States: 
"['diamond', 'x', 'square']","['diamond', 'x', 'diamond']","['square', 'y', 'diamond', 'x', 'diamond']","['square', 'y', 'diamond', 'x', 'square']"
Iteration: ,47909
Error:,0.03339037797686145
Absolute Error:,0.05673089076677476
Transition Probabilities
8.191349934469224e-05,8.191349934469224e-05,0.09416358933139016,0.9056725836699205
0.872289278932084,0.12737150804213584,0.0001696065128900951,0.0001696065128900951
0.03825240077941797,0.04344893100635234,0.8449056072217295,0.07339306099250031
0.05762376632450181,0.024938143579292738,0.8663717503809326,0.0510663397152729

0.052486337935418875,0.029732636392906325,0.04516170806771519,0.8726193176039596
0.03242286838875131,0.056119690773663876,0.8529978358027143,0.05845960503487047
0.00022265364380448806,0.9440001519973269,0.01057811191223158,0.04519908244663695
0.9161023321092062,0.0001300163460354078,0.0051082803035571965,0.07865937124120109

Transition Gammas
1.0,1.0,1149.5490985576077,11056.450901442358
5143.017588583563,750.9824114164323,1.0,1.0
112.56769428173324,127.85984363686802,2486.355735921079,215.97827806535082
248.34337419640678,107.47688180948765,3733.835837567635,220.08257914509878

159.08195719802322,90.11727958350964,136.88158085362812,2644.840436458876
32.45274273429577,56.17139930894579,853.7837857621658,58.51346956099025
1.3772392079706293,5839.176936186057,65.43162834837396,279.5819886265462
9825.364444466426,1.3944490028690992,54.78723708887571,843.6360899092787

