0,1,2,3,4,5,6,7,8,9,10,11,12,13,14,15,16,17,18,19,20,21,22,23,24,25,26,27,28,29
github Code Version (SHA):,528ca1c557fe8e6666681dc5c9134b0f84d30530
Environment Observations,Environment Actions,alpha,epsilon,numActions,explore,patience,gainThresh,insertRandActions,useUpdatedPosterior,revisedSplitting,haveControl,confidence_factor
"['diamond', 'square']","['x', 'y']",0.99,0.99,75000,0.5,0,0.01,False,True,False,False,250

Model Num 0
Model States: 
['diamond'],['square']
Iteration: ,0
Error:,0.6758409352853678
Absolute Error:,1
Transition Probabilities
0.5,0.5
0.5,0.5

0.5,0.5
0.5,0.5

Transition Gammas
1.0,1.0
1.0,1.0

1.0,1.0
1.0,1.0

Iteration: ,2500
Error:,0.15303700172005416
Absolute Error:,1
Transition Probabilities
0.506198347107438,0.493801652892562
0.012953367875647668,0.9870466321243523

0.0199203187250996,0.9800796812749004
0.963903743315508,0.03609625668449198

Transition Gammas
245.0,239.0
10.0,762.0

10.0,492.0
721.0,27.0

Iteration: ,2584
Error:,0.14590174980102513
Absolute Error:,1
Transition Probabilities
0.504,0.496
0.013801756587202008,0.986198243412798

0.019230769230769232,0.9807692307692307
0.9650711513583441,0.03492884864165589


Model Num 1
Model States: 
['square'],"['diamond', 'x', 'diamond']","['diamond', 'x', 'square']"
Iteration: ,0
Error:,0.7233109208709857
Absolute Error:,1
Transition Probabilities
0.3333333333333333,0.3333333333333333,0.3333333333333333
0.3333333333333333,0.3333333333333333,0.3333333333333333
0.3333333333333333,0.3333333333333333,0.3333333333333333

0.3333333333333333,0.3333333333333333,0.3333333333333333
0.3333333333333333,0.3333333333333333,0.3333333333333333
0.3333333333333333,0.3333333333333333,0.3333333333333333

Transition Gammas
1.0,1.0,1.0
1.0,1.0,1.0
1.0,1.0,1.0

1.0,1.0,1.0
1.0,1.0,1.0
1.0,1.0,1.0

Iteration: ,2500
Error:,0.12627812546827719
Absolute Error:,1
Transition Probabilities
0.9723374827109267,0.008227992537124841,0.019434524751948467
0.0033333333333333335,0.026792386135636045,0.9698742805310306
0.9958592132505176,0.002070393374741201,0.002070393374741201

0.024390243902439025,0.5274521020081344,0.4481576540894264
0.9686673110478902,0.015666344476054896,0.015666344476054896
0.9363173916234857,0.024713250023937115,0.03896935835257715

Transition Gammas
703.0,5.94883860434126,14.051161395658742
1.0,8.037715840690813,290.9622841593092
481.0,1.0,1.0

18.0,389.25965128200323,330.7403487179967
87.7861515267642,1.4197734086408613,1.4197734086408613
83.23296670435329,2.196858816039022,3.4641408300940375

Iteration: ,5000
Error:,0.11885116886281516
Absolute Error:,1
Transition Probabilities
0.9751471550032701,0.00464310837993702,0.02020973661679287
0.001666666666666667,0.016802763161609762,0.9815305701717235
0.997874601487779,0.0010626992561105207,0.0010626992561105207

0.016140350877192976,0.5529500185627831,0.43090963056002374
0.9805382651728792,0.0088472214501422,0.010614513376978664
0.9379623772504952,0.022910043037809844,0.039127579711694706

Transition Gammas
1491.0,7.0993127129237035,30.9006872870763
1.0,10.081657896965856,588.918342103034
939.0,1.0,1.0

23.0,787.9537764519663,614.046223548034
182.4263501746083,1.6460003404878722,1.974799967546776
153.88767957083002,3.7587577577377127,6.419503164621419

Iteration: ,7500
Error:,0.11519928198338066
Absolute Error:,1
Transition Probabilities
0.9760869565217392,0.00406344063342222,0.01984960284483865
0.0010881392818280742,0.014254017657090062,0.9846578430610818
0.9985955056179775,0.0007022471910112359,0.0007022471910112359

0.015551366635249758,0.5644070649475246,0.4200415684172255
0.9840577792527642,0.006868140148364262,0.009074080598871551
0.9372118011160475,0.02735405458978311,0.0354341442941693

Transition Gammas
2245.0,9.345913456871106,45.6540865431289
1.0,13.099442226865765,904.9005577731341
1422.0,1.0,1.0

33.0,1197.6717918186478,891.3282081813529
271.2866639875067,1.8934201506574455,2.501557435266528
220.05594745859534,6.42269163962813,8.319884774981086

Iteration: ,10000
Error:,0.1180933654538642
Absolute Error:,1
Transition Probabilities
0.9751573368665121,0.004138935634235214,0.020703727499252696
0.0008077544426494351,0.018680036297550644,0.9805122092598
0.9989350372736954,0.0005324813631522897,0.0005324813631522897

0.018967334035827187,0.5708440266183011,0.41018863934587163
0.9870447886448278,0.005309378097252667,0.007645833257919567
0.9250023138614218,0.03259729091501366,0.042400395223564424

Transition Gammas
2944.0,12.49544667975611,62.50455332024389
1.0,23.125884936367683,1213.8741150636317
1876.0,1.0,1.0

54.0,1625.1929437823035,1167.8070562176965
382.3799797375129,2.056846773927707,2.961986730362751
299.18157120511563,10.543226289102115,13.71392987088715

Iteration: ,12500
Error:,0.11810471859814625
Absolute Error:,1
Transition Probabilities
0.9767814251401121,0.003925665866143499,0.019292908993744414
0.0006426735218509003,0.020022549159221234,0.9793347773189278
0.9991503823279524,0.0004248088360237893,0.0004248088360237893

0.018783291281188674,0.5725339136160383,0.40868279510277294
0.9876754824568122,0.004729622518663208,0.007594895024524467
0.9165642634272901,0.04048253229201541,0.042953204280694386

Transition Gammas
3660.0,14.70947000043969,72.29052999956032
1.0,31.15508649174821,1523.8449135082503
2352.0,1.0,1.0

67.0,2042.2284698684089,1457.7715301315911
483.25729064306455,2.314145288337206,3.7160873763318047
371.76797313290393,16.42013503910062,17.422265226975103

Iteration: ,15000
Error:,0.11475058594004131
Absolute Error:,1
Transition Probabilities
0.9785857684586214,0.0035042315414766205,0.017909999999901925
0.0005347593582887704,0.018281005664755105,0.9811842349769561
0.9992947813822285,0.0003526093088857546,0.0003526093088857546

0.020260829063809962,0.5724424305361062,0.4072967404000838
0.9880715368018517,0.00431502559423622,0.007613437603912119
0.9258959387203478,0.03395907491065203,0.040144986369000164

Transition Gammas
4387.0,15.70947000043969,80.29052999956032
1.0,34.185480593092024,1834.8145194069066
2834.0,1.0,1.0

87.0,2458.067796722041,1748.93220327796
576.9994343330334,2.519824966384149,4.445982934602135
447.69583346848106,16.42013503910062,19.411191236987076

Iteration: ,17500
Error:,0.11303597351147247
Absolute Error:,1
Transition Probabilities
0.979552837760367,0.004164316863305826,0.016282845376327272
0.0004580852038479162,0.01704387067739282,0.9824980441187593
0.9993957703927493,0.00030211480362537764,0.00030211480362537764

0.02231964926265444,0.5734644632695269,0.40421588746781856
0.9892997687828486,0.0037428371524387376,0.0069573940647126116
0.9309885712300363,0.03169568703559134,0.03731574173437232

Transition Gammas
5126.0,21.791870145679386,85.20812985432062
1.0,37.20676968874849,2144.7932303112493
3308.0,1.0,1.0

112.0,2877.644676686487,2028.355323313514
680.1280880040027,2.573141889369294,4.78309939215405
509.1458888269351,17.33397084176351,20.407507760789564

Iteration: ,20000
Error:,0.11647902208415285
Absolute Error:,1
Transition Probabilities
0.9798691494715652,0.0041937529338782415,0.015937097594556585
0.0003995205753096291,0.01687162735117926,0.982728852073511
0.9994701986754967,0.00026490066225165563,0.00026490066225165563

0.023676880222841222,0.5761400339217684,0.4001830858553904
0.9892978478897163,0.0035995977068634267,0.007102554403420253
0.9330484385880801,0.028477210148192555,0.03847435126372748

Transition Gammas
5841.0,24.998961238848196,95.0010387611518
1.0,42.22968326000162,2459.770316739994
3773.0,1.0,1.0

136.0,3309.348354846638,2298.651645153363
786.6741308052594,2.8623436342611566,5.647839853009121
580.9212523834625,17.730072630214686,23.954349416829253

Iteration: ,22500
Error:,0.12166230505216898
Absolute Error:,1
Transition Probabilities
0.980521426430926,0.003914071897038783,0.015564501672035234
0.00035410764872521297,0.0170882659365266,0.9825576264147482
0.9995271867612293,0.00023640661938534278,0.00023640661938534278

0.02469516900756289,0.5776339765243221,0.397670854468115
0.989925982931189,0.003221868490482625,0.0068521485783282115
0.9323007395307178,0.02882590232021228,0.03887335814907005

Transition Gammas
6544.0,26.12251584083684,103.87748415916316
1.0,48.25726300475105,2774.7427369952447
4228.0,1.0,1.0

160.0,3742.4905339010834,2576.5094660989175
893.263461270312,2.9072652392096234,6.183062230665146
668.0522621613038,20.655576508018093,27.855212109307946

Iteration: ,23497
Error:,0.11801894751623877
Absolute Error:,1
Transition Probabilities
0.9806173725771715,0.0039026552490733528,0.015479972173755076
0.00033898305084745814,0.017039951039943435,0.9826210659092091
0.9995466908431551,0.00022665457842248413,0.00022665457842248413

0.025107074287402154,0.5778633955981565,0.39702953011444136
0.990385122406081,0.0030750266699073048,0.006539850924011605
0.934053455826367,0.028842921701503654,0.03710362247212935


Model Num 2
Model States: 
"['diamond', 'x', 'diamond']","['diamond', 'x', 'square']","['square', 'y', 'diamond', 'x', 'diamond']","['square', 'y', 'diamond', 'x', 'square']"
Iteration: ,0
Error:,0.6745989372817994
Absolute Error:,0.74
Transition Probabilities
0.25,0.25,0.25,0.25
0.25,0.25,0.25,0.25
0.25,0.25,0.25,0.25
0.25,0.25,0.25,0.25

0.25,0.25,0.25,0.25
0.25,0.25,0.25,0.25
0.25,0.25,0.25,0.25
0.25,0.25,0.25,0.25

Transition Gammas
1.0,1.0,1.0,1.0
1.0,1.0,1.0,1.0
1.0,1.0,1.0,1.0
1.0,1.0,1.0,1.0

1.0,1.0,1.0,1.0
1.0,1.0,1.0,1.0
1.0,1.0,1.0,1.0
1.0,1.0,1.0,1.0

Iteration: ,2500
Error:,0.037314655083326126
Absolute Error:,0.03735766882533021
Transition Probabilities
0.010402112068263273,0.9805888789227277,0.004504504504504504,0.004504504504504504
0.0014124293785310724,0.0014124293785310724,0.033615738876795746,0.9635594023661421
0.0060684000043042825,0.011392040162171204,0.9586930174104638,0.02384654242306064
0.015057359007737085,0.04140586304416245,0.9253026318373235,0.018234146110776936

0.01917218523401669,0.04315759433886357,0.9007467496360924,0.03692347079102741
0.00829230676455494,0.012804297340432744,0.020727191846453257,0.9581762040485592
0.9671010670515382,0.0040684877961355516,0.014970979896916821,0.013859465255409582
0.002095727583832508,0.9720501117836169,0.012947699957933033,0.01290646067461771

Transition Gammas
2.3092688791544473,217.6907311208456,1.0,1.0
1.0,1.0,23.799943124771406,682.2000568752292
1.0,1.8772724530503746,157.9811839579573,3.929625997980756
2.8441790926634503,7.821138482743238,174.78007919621848,3.444241258655913

1.2052088575412774,2.7129883387045926,56.623068670169346,2.3210966045517254
1.398208881787427,2.158999030639585,3.49491939421495,161.56306283128234
276.3080798555881,1.162397694682928,4.277322039862098,3.9597539109564246
1.386491266404382,643.0888255193669,8.565938173543294,8.538655092196954

Iteration: ,5000
Error:,0.026812283178803152
Absolute Error:,0.027906839509261757
Transition Probabilities
0.011488091827231584,0.9841922537451226,0.002159827213822894,0.002159827213822894
0.0007127583749109051,0.0007127583749109051,0.030000106695580894,0.9685743765545973
0.0032935062048594127,0.013890640124493878,0.9609747600922319,0.021841093578414766
0.007860953778518167,0.032911623908975715,0.9448615790785213,0.014365843233984852

0.010043587992080731,0.022608643249483647,0.9375652258641756,0.02978254289426001
0.015142453556466514,0.015987237937035353,0.014867148816798782,0.9540031596896993
0.9804475572325025,0.0020093780040192867,0.009179205718169107,0.008363859045309162
0.0010847461672217464,0.9773269034488206,0.010392191874095678,0.01119615850986195

Transition Gammas
5.318986516008224,455.6810134839918,1.0,1.0
1.0,1.0,42.0901496939,1358.9098503061002
1.1378287868316883,4.798888849168907,331.99413556237437,7.545583175989755
3.185941385766774,13.338649181596212,382.93999601339215,5.82228770071939

1.2052088575412774,2.7129883387045926,112.50580127591418,3.573840795198628
5.045460346006392,5.3269422126795405,4.953728900908581,317.8735265213112
569.803336223243,1.1677833066927394,5.3346474306650835,4.860795207823607
1.3927305377750427,1254.8124759071336,13.342774019234668,14.375005262652428

Iteration: ,7500
Error:,0.026513876818230864
Absolute Error:,0.026688276282287073
Transition Probabilities
0.013270197687476532,0.9838848520991521,0.0014224751066856329,0.0014224751066856329
0.00047641734159123433,0.00047641734159123433,0.02922551087110725,0.9698216544457102
0.005966471109853919,0.012816008156946137,0.962931573437878,0.01828594729532199
0.005224117665490169,0.025814380225027588,0.9549421638396833,0.014019338269798998

0.00759560668498343,0.035827923459460724,0.9366634216341713,0.01991304822138462
0.01172833240786956,0.023718528691183235,0.01254379446201995,0.9520093444389273
0.982206722740482,0.00133344791276248,0.009110883099703593,0.007348946247051874
0.000730371531034298,0.9781724527653487,0.01000092697963459,0.011096248723982608

Transition Gammas
9.328948974296003,691.6710510257041,1.0,1.0
1.0,1.0,61.34434731845406,2035.655652681544
3.1162963093980123,6.693819208266293,502.94052434970234,9.550776165855543
3.223717491716512,15.929631451253703,589.2791767466356,8.651104147440988

1.3738912018677902,6.480544723236032,169.42341638604418,3.601866564236016
5.85925430453674,11.849330876557055,6.266643810973398,475.60596471670385
862.3674130766994,1.1707535698728218,7.9992617721183725,6.452299314575483
1.3960208632530382,1869.6637175685564,19.115617356647018,21.20919842068323

Iteration: ,10000
Error:,0.026277029517338683
Absolute Error:,0.025151772163010944
Transition Probabilities
0.010084537330590875,0.9877556354555862,0.0010799136069114476,0.0010799136069114476
0.00035385704175513067,0.00035385704175513067,0.02886400301122837,0.9704282829052614
0.004917803642457843,0.015148747311838972,0.9628508523249634,0.01708259672073972
0.005189152385770391,0.025220988363912622,0.9544535192165058,0.015136340033811198

0.00607473757051958,0.03302454054371798,0.9434160048600152,0.017484717025747165
0.011559295746352876,0.0230281979227297,0.011679680742081491,0.953732825588836
0.9812092955815788,0.0010199698025837257,0.01013508286908176,0.007635651746755537
0.0005403704902883878,0.9805115251729603,0.008890528579180499,0.010057575757570872

Transition Gammas
9.338281568127147,914.6617184318725,1.0,1.0
1.0,1.0,81.56967250973145,2742.430327490271
3.321923965295523,10.232817411606405,650.3954923553936,11.539112083731482
4.272229077890333,20.76443932479437,785.8015674145868,12.461748512649109

1.3738912018677902,7.468985313691424,213.36739797099975,3.954425785469338
7.809686020513939,15.558300379286802,7.891020475384862,644.3605284220238
1127.8852358441825,1.1724398520493262,11.650124375675782,8.777066126456596
1.3984550460120213,2537.5206727504296,23.00829667185146,26.028563405297803

Iteration: ,12500
Error:,0.02495966475887552
Absolute Error:,0.023641219121939484
Transition Probabilities
0.012200114732463428,0.9860992049954277,0.0008503401360544217,0.0008503401360544217
0.00028571428571428514,0.00028571428571428514,0.027375099317096512,0.9720534721114749
0.0040162832046418025,0.016584611920589548,0.9657985465640466,0.01360055831072199
0.005041079211275759,0.02161792434635202,0.9581186628903973,0.015222333551974906

0.0046142092345598466,0.031716693750511706,0.9481768463630421,0.015492250651886223
0.011810055369904785,0.022959730729971328,0.011049411925297042,0.9541808019748268
0.9826069680661701,0.0007992961259181969,0.009971369171867733,0.006622366636044029
0.0004396121213260899,0.9803247269683167,0.008800738880343729,0.010434922030013338

Transition Gammas
14.347334925376991,1159.652665074623,1.0,1.0
1.0,1.0,95.81284760983799,3402.187152390169
3.414218453469549,14.098479907359506,821.0195974731132,11.561753690150207
5.289031053831482,22.681229235892065,1005.2449384147561,15.971063237429457

1.3738912018677902,9.443717066358792,282.3217935753613,4.612852557343421
9.916253764694332,19.278022765890036,9.277583311005984,801.1731252245786
1442.8569802687298,1.1736839164213633,14.64192711840908,9.724262331988083
1.4001899458922475,3122.390761815277,28.030860613007768,33.23582813986226

Iteration: ,15000
Error:,0.02222366120600899
Absolute Error:,0.021824761504365603
Transition Probabilities
0.011716612561109375,0.9868507226824436,0.0007163323782234956,0.0007163323782234956
0.00023758612497030133,0.00023758612497030133,0.025900131095666704,0.9736246966543926
0.005201224264190879,0.014571312369051632,0.9680898447527336,0.012137618614023838
0.004295131630503425,0.021151821493789462,0.9591905000497404,0.01536254682596658

0.003883383893099313,0.028980069705149044,0.952890406231787,0.014246140169964675
0.009928696449545258,0.020721567754194942,0.010225254052403371,0.9591244817438564
0.9825405326664922,0.0006706149587020578,0.0098904963212347,0.006898356053571055
0.00036474207251432336,0.9801475291460252,0.008962810916327509,0.01052491786513294

Transition Gammas
16.35639113530869,1377.6436088646915,1.0,1.0
1.0,1.0,109.01365178166134,4097.9863482183455
5.382181511250709,15.078266970203142,1001.7709291118764,12.559901895553823
5.380928302409772,26.49893989631019,1201.6710436684052,19.246153581386277

1.3949319638622497,10.409793793115115,342.2832566392401,5.117288640986155
9.916253764694332,20.695599396869003,10.212439720296306,957.9225028416116
1720.8329436794872,1.1745228569114639,17.322330563535726,12.081861215434747
1.401741715432617,3766.808883360274,34.44501442442657,40.44835387746361

Iteration: ,17500
Error:,0.022376899163045753
Absolute Error:,0.021147727356290207
Transition Probabilities
0.01664812112570106,0.9821353338621335,0.0006082725060827249,0.0006082725060827249
0.00020387359836901116,0.00020387359836901116,0.025117857042518277,0.9744743957607437
0.004573418802564707,0.014995273242511502,0.965798875936086,0.014632432018837656
0.0036847858929214515,0.0193216818126129,0.9624187020736652,0.014574830220800347

0.0033437070888243966,0.024952687443526425,0.9594120800620434,0.012291525405605918
0.008685541032248634,0.01968193971042463,0.01002496467001773,0.9616075545873091
0.9833685741060668,0.0005732583360066645,0.009593411791252896,0.006464755766673599
0.0003131593527982551,0.9790919548639221,0.009004480266814401,0.011590405516465046

Transition Gammas
27.369511130652555,1614.630488869348,1.0,1.0
1.0,1.0,123.20308879355217,4779.796911206448
5.459944839357998,17.902004668651898,1153.0123997320889,17.46882914893055
5.420305689739217,28.422118654281594,1415.7141604299238,21.43951846009503

1.3949319638622497,10.409793793115115,400.2487483030835,5.12779415703331
10.087163762424236,22.858098106274724,11.642735894462275,1116.7862591739142
2015.8147904976752,1.1751266645355278,19.665608490409735,13.252152483378184
1.4027589933644335,4385.722580991946,40.334467299093404,51.91780296415492

Iteration: ,20000
Error:,0.020831174088191302
Absolute Error:,0.02067313040891522
Transition Probabilities
0.018793656914852973,0.9801442081940158,0.0005310674455655866,0.0005310674455655866
0.00017815784785319764,0.00017815784785319764,0.02429717279766101,0.9753465115066327
0.005697323259101122,0.014834665540422343,0.9653386602836603,0.014129350916816165
0.0032179813389204242,0.017240855636992708,0.9646187219627134,0.01492244106137342

0.0029155428657061046,0.023819823390794737,0.9618939386534633,0.011370695090035882
0.007721672762684167,0.019728577014324025,0.010037354164937139,0.9625123960580546
0.9846171336587809,0.0005018239616856457,0.008963544921293353,0.005917497458240099
0.00027446182590682024,0.9784817924989673,0.009109857128693472,0.012133888546432423

Transition Gammas
35.38845597066817,1845.6115440293327,1.0,1.0
1.0,1.0,136.38003091327147,5474.619969086738
7.84533345734414,20.427645158956196,1329.291554080791,19.45641214954387
5.420305689739217,29.040164644495757,1624.785166975998,25.135071857469402

1.3949319638622497,11.396516721535535,460.21501403928426,5.440271936657393
10.087163762424236,25.77231556675135,13.112241131541612,1257.3726523766768
2306.7958901445536,1.1756909491214211,21.00011047820262,13.8637226084872
1.4036557234808948,5004.162468952267,46.589732676066376,62.0552677954618

Iteration: ,22500
Error:,0.021730857431687123
Absolute Error:,0.020787604581525523
Transition Probabilities
0.02012984040245632,0.978920942701483,0.00047460844803037463,0.00047460844803037463
0.00015815277558121123,0.00015815277558121123,0.02270043640289968,0.9769832580459379
0.005718602355672073,0.01419269307821198,0.9655650407426931,0.014523663823422739
0.0034263931271642798,0.017647407087414673,0.9643244932981428,0.014601706487278144

0.004426672752344235,0.023124182133497036,0.961463914920144,0.010985230194014805
0.007608618306353231,0.020547844353591315,0.009697028173300294,0.9621465091667551
0.983255336721599,0.0004487758722629593,0.009748588275271334,0.0065472991308666365
0.00024313009529204288,0.9790822393362626,0.008665759966763012,0.012008870601682504

Transition Gammas
42.413573727975496,2062.586426272026,1.0,1.0
1.0,1.0,143.53485937553486,6177.465140624473
8.829417070719924,21.913257602176127,1490.814699708558,22.42427035772719
6.496142545808644,33.45794476847928,1828.2751384292862,27.683562052881094

2.3673340618628167,12.366548665328157,514.1799275397242,5.874775722222355
11.22238103595327,30.307176614565375,14.30269474633541,1419.1242487831998
2577.4479779415715,1.176394799310038,25.554378602876962,17.16270664962476
1.4044583975314597,5655.738633499906,50.058382701216246,69.37010056752794

Iteration: ,25000
Error:,0.0215159158196544
Absolute Error:,0.02079753776233781
Transition Probabilities
0.019669855818288076,0.9794830454947149,0.0004235493434985175,0.0004235493434985175
0.0001430615164520741,0.0001430615164520741,0.022845230629690367,0.9768686463374054
0.005248124734841124,0.015639519445276286,0.9655731645004684,0.013539191319414275
0.0035932272835894462,0.018229289395925073,0.9632184470316357,0.014959036288849693

0.003911763131186651,0.02043438224810176,0.9652345649259356,0.010419289694775818
0.011918094966634225,0.019069148132160946,0.008906006297551455,0.9601067506036535
0.9825244521024861,0.0004004551003192785,0.010271232277052273,0.006803860520142385
0.00022083796176518695,0.9788561121230122,0.008598188246114575,0.012324861669108043

Transition Gammas
46.44052958697816,2312.559470413022,1.0,1.0
1.0,1.0,159.68816210153597,6828.311837898477
9.080496676693942,27.060066504349347,1670.669878164926,23.426002237499528
7.6475498250632015,38.7978237746126,2050.0403911928233,31.83766745743591

2.3673340618628167,12.366548665328157,584.1439234955233,6.30558103025438
19.550680491509357,31.281410613094593,14.609590212719315,1574.9782470557298
2888.1079460639685,1.1771285231619992,30.192050174166162,19.999790936586734
1.4050153698438215,6227.678753260453,54.70339674410932,78.41323990622693

Iteration: ,27500
Error:,0.022431407212549086
Absolute Error:,0.021437308588234776
Transition Probabilities
0.018367003893544835,0.9808590022984057,0.0003869969040247677,0.0003869969040247677
0.00012993762993762973,0.00012993762993762973,0.023756912881372282,0.9759832118587525
0.0048277561479985525,0.01709662412476184,0.9643654238271371,0.013710195900102497
0.003332014056128065,0.01849871699078096,0.9623500142705607,0.015819254682530162

0.0035216989465971307,0.02280138235672798,0.9636762564105512,0.010000662286123703
0.013271327443887182,0.019717750156936366,0.008495666286006886,0.9585152561131696
0.9825787103264121,0.00036463142564276395,0.010405613030936485,0.006651045217008756
0.00020084487665144132,0.9785756300961193,0.008450563692322896,0.012772961334906461

Transition Gammas
47.46033806091986,2534.539661939081,1.0,1.0
1.0,1.0,182.83320153504135,7511.16679846497
9.293960491749319,32.9128780093208,1856.5092920805882,26.393631973835625
7.779528254010597,43.190481513141364,2246.878014363809,36.934519689013825

2.3673340618628167,15.327400192113851,647.796322457804,6.722581580689507
23.81074771423102,35.376594878254,15.242496838067439,1719.7198275794597
3173.7764034041656,1.1777770090908892,33.61062961517882,21.483195336793074
1.4056063946140527,6848.530000910582,59.14099758012007,89.39115814072088

Iteration: ,30000
Error:,0.02208624178905367
Absolute Error:,0.021257973859630817
Transition Probabilities
0.02032540780828395,0.9789673786132153,0.00035360678925035356,0.00035360678925035356
0.00011927480916030514,0.00011927480916030514,0.02385498959011108,0.9759064607915683
0.005351057832833091,0.017032930285856028,0.9646616684812438,0.012954343400067219
0.003411291992019901,0.017921424023181382,0.9621527360879819,0.016514547896816806

0.0032519697698119646,0.02105500988539941,0.965382650078173,0.010310370266615635
0.012816408337570487,0.01869839731169661,0.008418723441829703,0.9600664709089032
0.9827147585150304,0.0003345381555716575,0.010531544902166151,0.006419158427231811
0.00018440331078170802,0.9787007445471843,0.008173737763466336,0.012941114378567712

Transition Gammas
57.48025328182702,2768.5197467181733,1.0,1.0
1.0,1.0,200.00023272349165,8181.999767276523
11.316511020912191,36.02153991228057,2040.0834272127079,27.396072783225037
8.71013553707465,45.75921164897597,2456.6881868506575,42.16700031873036

2.3673340618628167,15.327400192113851,702.768903781537,7.505632724251348
25.10489299233945,36.62658455273405,16.490669271177314,1880.5866185650807
3460.7592680291777,1.1781201130564816,37.088220473977444,22.605910644467354
1.4062350196864257,7463.441165677544,62.33183252510202,98.68720987581443

Iteration: ,32500
Error:,0.02171081754811723
Absolute Error:,0.020903375005047166
Transition Probabilities
0.021019769497018916,0.9783285524319482,0.0003258390355164549,0.0003258390355164549
0.00011024142872891603,0.00011024142872891603,0.02371922430684741,0.9760602928356948
0.004906750997217741,0.015618659015952972,0.9667387204115827,0.012735869575246585
0.0035234280860356585,0.017921115414080493,0.9616342827889794,0.01692117371090448

0.002995186196607051,0.019392454248373835,0.9675501777314783,0.01006218182354084
0.012655490287535997,0.018615666390809336,0.008764271427005428,0.9599645718946492
0.9829232082791872,0.00030848628787312634,0.010257749651045825,0.006510555781893781
0.0001705045238479144,0.9785601889826172,0.008195026425752336,0.01307428006778243

Transition Gammas
64.50967258635104,3002.4903274136486,1.0,1.0
1.0,1.0,215.1570836874134,8853.842916312611
11.316511020912191,36.02153991228057,2229.603538081219,29.372920796449893
9.747859096465799,49.58026775126013,2660.4418373427957,46.813845224894095

2.3673340618628167,15.327400192113851,764.7319204728732,7.952943224200577
26.807619065405728,39.43282179632217,18.56500573765804,2033.454569909633
3755.4400817560318,1.1786289716152578,39.19163151676711,24.874783637103484
1.4067050254389177,8073.366644301751,67.61102049698812,107.86608507672379

Iteration: ,35000
Error:,0.021166123628261035
Absolute Error:,0.020697506895441878
Transition Probabilities
0.02152941473898481,0.977868719477085,0.0003009328919650919,0.0003009328919650919
0.00010272213662044149,0.00010272213662044149,0.023555446100857542,0.9762391096259015
0.004564555959558799,0.01564410752609963,0.9672346243551917,0.012556712159149903
0.0032769813183864947,0.017708184567959744,0.9627235021566465,0.016291331957007216

0.002786252836505902,0.018039706752638728,0.9689120890344538,0.0102619513764015
0.012517278652091813,0.019591224331359087,0.008626244903841652,0.9592652521127074
0.9826435858966651,0.0002852383345694655,0.010569477511171066,0.006501698257594415
0.00015917480223372885,0.9788847714956138,0.007960466635609339,0.012995587066543078

Transition Gammas
71.54224517764649,3249.457754822352,1.0,1.0
1.0,1.0,229.31226779184863,9503.687732208171
11.395375618920376,39.0553830563435,2414.693116659287,31.347726451360774
9.820169086413081,53.06632835990602,2885.0050263017697,48.820429205091656

2.3673340618628167,15.327400192113851,823.234187963495,8.719046138325512
28.692109763062756,44.90701010432516,19.773081074832817,2198.828089595204
4061.9476298178015,1.1790879151573257,43.690982917003105,26.876029321584962
1.4072302084005586,8654.109831838778,70.37677424687571,114.89119156614773

Iteration: ,37500
Error:,0.021501176313792048
Absolute Error:,0.020623636046363775
Transition Probabilities
0.02123849083751455,0.978199395615549,0.00028105677346824075,0.00028105677346824075
9.552010698251977e-05,9.552010698251977e-05,0.024019894909912336,0.9757890648761226
0.004966758875150237,0.015224309719101879,0.9679308938370141,0.011878037568733749
0.003389666499858042,0.01715507872708006,0.9624253709070674,0.01702988386599453

0.002587931983390535,0.016755670362882766,0.9706632764315736,0.009993121222153147
0.013218322300665792,0.020450813731471815,0.00842860337235547,0.9579022605955069
0.982920680144361,0.0002663439866221798,0.010501104528214063,0.006311871340802987
0.0001482202150488547,0.9787576526092655,0.007860773294647575,0.013233353881037994

Transition Gammas
75.56655039987673,3480.4334496001215,1.0,1.0
1.0,1.0,251.4642798118724,10215.535720188132
13.11189520970217,40.191110278305175,2555.2696978551007,31.357186409302276
10.856334104658249,54.94383186685068,3082.4304921455655,54.54286108102625

2.3673340618628167,15.327400192113851,887.922963835121,9.141297532299683
32.213074138393914,49.838668171164485,20.540520887671804,2334.409453485936
4353.375796917861,1.17964296452214,46.50960674397194,27.955407270783585
1.4076144049226695,9295.043663828134,74.65201504214697,125.67421752996796

Iteration: ,40000
Error:,0.02179557357963132
Absolute Error:,0.020735728847667178
Transition Probabilities
0.02074785589341003,0.9787241610020493,0.00026399155227032733,0.00026399155227032733
8.954956568460635e-05,8.954956568460635e-05,0.024234044979304075,0.9755868558893267
0.004652037868573122,0.01608828590600676,0.9675235590752919,0.011736117150128298
0.0031916228416881075,0.016659983995882324,0.9639507884054294,0.01619760475700016

0.0024372732889283294,0.01759758221887012,0.9701922785024976,0.009772865989704093
0.012982781399340247,0.022364406286909708,0.008020521235151732,0.9566322910785984
0.9823924535079637,0.0002494748342020051,0.010988036358028336,0.006370035299806038
0.00013917211144422062,0.9790538231119998,0.007651218193576903,0.013155786582978848

Transition Gammas
78.59287812423719,3707.4071218757626,1.0,1.0
1.0,1.0,270.6215802838888,10894.37841971612
13.198629318000227,45.64522646513211,2745.030279941357,33.2973772512905
10.892268528295334,56.85666144194933,3289.7404725366914,55.2786683388703

2.391308033191354,17.265704226066745,951.8951362008993,9.588556627869067
33.68213705765736,58.02154211786286,20.808198736979442,2481.858004905446
4646.357241755572,1.179924783004108,51.96939585854078,30.12793872734333
1.4080707484384076,9905.555324015642,77.4110302451891,133.1033787442063

Iteration: ,40630
Error:,0.02149024480622461
Absolute Error:,0.020800425195310907
Transition Probabilities
0.021222090506595424,0.9782577534465905,0.00026007802340702216,0.00026007802340702216
8.811349017534571e-05,8.811349017534571e-05,0.02411311508733332,0.9757106579323159
0.004586785728203208,0.01586262241832495,0.9679778935214118,0.011572698332060023
0.0031634326334153105,0.016950304974281863,0.9630829616668376,0.016803300725465244

0.002390105403213492,0.01725702100617079,0.9703997385504782,0.009953135040137579
0.0132575988484168,0.022320422095702702,0.008107920357226418,0.9563140586986542
0.9826600481759987,0.0002457004902301483,0.0108210323630031,0.006273218970768128
0.00013695142548812874,0.9792275801323806,0.007574880224510489,0.013060588217620637

*,*,*,*,*,*,*,*,*,*,*
Model Num 2
Model States: 
"['diamond', 'x', 'diamond']","['diamond', 'x', 'square']","['square', 'y', 'diamond', 'x', 'diamond']","['square', 'y', 'diamond', 'x', 'square']"
Iteration: ,40630
Error:,0.022065522806145575
Absolute Error:,0.020800425195310907
Transition Probabilities
0.021222090506595424,0.9782577534465905,0.00026007802340702216,0.00026007802340702216
8.811349017534571e-05,8.811349017534571e-05,0.02411311508733332,0.9757106579323159
0.004586785728203208,0.01586262241832495,0.9679778935214118,0.011572698332060023
0.0031634326334153105,0.016950304974281863,0.9630829616668376,0.016803300725465244

0.002390105403213492,0.01725702100617079,0.9703997385504782,0.009953135040137579
0.0132575988484168,0.022320422095702702,0.008107920357226418,0.9563140586986542
0.9826600481759987,0.0002457004902301483,0.0108210323630031,0.006273218970768128
0.00013695142548812874,0.9792275801323806,0.007574880224510489,0.013060588217620637

Transition Gammas
81.5989379978594,3761.40106200214,1.0,1.0
1.0,1.0,273.6597431261463,11073.340256873871
13.198629318000227,45.64522646513211,2785.388758417667,33.30082644905551
10.961168210435611,58.73213232952537,3337.044143733725,58.222768456273535

2.391308033191354,17.265704226066745,970.8880148476328,9.95814316176974
34.86371674806137,58.69636595126556,21.321526015545313,2514.834160081733
4719.350920031677,1.1800081185474274,51.96939585854078,30.12793872734333
1.4081516232658438,10068.540006760442,77.88586242290255,134.2905956173742

