0,1,2,3,4,5,6,7,8,9,10,11,12,13,14,15,16,17,18,19,20,21,22,23,24,25,26,27,28,29
github Code Version (SHA):,528ca1c557fe8e6666681dc5c9134b0f84d30530
Environment Observations,Environment Actions,alpha,epsilon,numActions,explore,patience,gainThresh,insertRandActions,useUpdatedPosterior,revisedSplitting,haveControl,confidence_factor
"['diamond', 'square']","['x', 'y']",0.85,0.99,75000,0.5,0,0.01,False,True,False,False,250

Model Num 0
Model States: 
['diamond'],['square']
Iteration: ,0
Error:,0.5040466751327205
Absolute Error:,1
Transition Probabilities
0.5,0.5
0.5,0.5

0.5,0.5
0.5,0.5

Transition Gammas
1.0,1.0
1.0,1.0

1.0,1.0
1.0,1.0

Iteration: ,2500
Error:,0.08173863841250106
Absolute Error:,1
Transition Probabilities
0.44364937388193204,0.556350626118068
0.11538461538461539,0.8846153846153846

0.12295081967213115,0.8770491803278688
0.896032831737346,0.1039671682626539

Transition Gammas
248.0,311.0
84.0,644.0

60.0,428.0
655.0,76.0

Iteration: ,2568
Error:,0.0845503492900181
Absolute Error:,1
Transition Probabilities
0.4405594405594406,0.5594405594405595
0.11378848728246319,0.8862115127175368

0.126,0.874
0.8900662251655629,0.10993377483443709


Model Num 1
Model States: 
['square'],"['diamond', 'x', 'square']","['diamond', 'x', 'diamond']"
Iteration: ,0
Error:,0.5681659872942112
Absolute Error:,1
Transition Probabilities
0.3333333333333333,0.3333333333333333,0.3333333333333333
0.3333333333333333,0.3333333333333333,0.3333333333333333
0.3333333333333333,0.3333333333333333,0.3333333333333333

0.3333333333333333,0.3333333333333333,0.3333333333333333
0.3333333333333333,0.3333333333333333,0.3333333333333333
0.3333333333333333,0.3333333333333333,0.3333333333333333

Transition Gammas
1.0,1.0,1.0
1.0,1.0,1.0
1.0,1.0,1.0

1.0,1.0,1.0
1.0,1.0,1.0
1.0,1.0,1.0

Iteration: ,2500
Error:,0.06750107476356733
Absolute Error:,1
Transition Probabilities
0.910958904109589,0.049192340083800065,0.039848755806610896
0.9957716701902748,0.0021141649048625794,0.0021141649048625794
0.002923976608187134,0.8449416324046474,0.1521343909871655

0.10466760961810467,0.40776172048896814,0.4875706698929272
0.8755514734819837,0.06307838858303089,0.0613701379349854
0.8387118736559545,0.059344436047317574,0.10194369029672795

Transition Gammas
665.0,35.91040826117405,29.089591738825956
471.0,1.0,1.0
1.0,288.97003828238945,52.029961717610604

74.0,288.2875363857005,344.7124636142995
70.56039015542014,5.083465499856125,4.9457981714808055
71.41393131426727,5.053009994115726,8.680215370075771

Iteration: ,5000
Error:,0.06577094583157049
Absolute Error:,1
Transition Probabilities
0.9018105849582173,0.05164461177224889,0.04654480326953385
0.9978655282817502,0.0010672358591248667,0.0010672358591248667
0.0014367816091954023,0.8334902302429119,0.16507298814789265

0.11768851303735021,0.3965577750759906,0.48575371188665917
0.8597538030428284,0.06634143118451338,0.07390476577265802
0.8682228842113096,0.05529681059368766,0.0764803051950028

Transition Gammas
1295.0,74.1616625049494,66.83833749505061
935.0,1.0,1.0
1.0,580.1092002490667,114.89079975093328

167.0,562.7154828328308,689.2845171671696
135.72219211536148,10.472770735721916,11.666731549122108
151.1537254431619,9.626927691445795,13.314879466412592

Iteration: ,7500
Error:,0.0675713643562765
Absolute Error:,1
Transition Probabilities
0.8995796356842597,0.050179705803067555,0.05024065851267276
0.9985925404644617,0.0007037297677691766,0.0007037297677691766
0.0009606147934678192,0.8312864743155238,0.16775291089100833

0.11398963730569946,0.40283812421947657,0.48317223847482393
0.836336383736685,0.07841635004108254,0.0852472662222324
0.8694608486436833,0.05898456919767241,0.07155458215864427

Transition Gammas
1926.0,107.43475012436764,107.56524987563238
1419.0,1.0,1.0
1.0,865.3692197624605,174.6307802375397

242.0,855.225337717949,1025.7746622820514
190.39272674468273,17.851552313175223,19.4066164992898
232.02053685451517,15.740365345633641,19.094744280605244

Iteration: ,10000
Error:,0.06570389980417596
Absolute Error:,1
Transition Probabilities
0.8946634112312521,0.05470030991194294,0.050636278856804884
0.9989293361884368,0.0005353319057815846,0.0005353319057815846
0.0007127583749109052,0.8316753444219955,0.1676118972030936

0.11620469083155652,0.39133650528847413,0.4924588038799693
0.854185408757946,0.07501850150056474,0.07079608974148918
0.8774723351546748,0.0540542188637573,0.0684734459815679

Transition Gammas
2565.0,156.82578851754042,145.1742114824596
1866.0,1.0,1.0
1.0,1166.8405082240597,235.15949177594032

327.0,1101.220925881766,1385.7790741182334
266.7848115210605,23.430272372039486,22.111500927620565
314.50630396405006,19.37427757822978,24.542460830458953

Iteration: ,12500
Error:,0.0632545289579134
Absolute Error:,1
Transition Probabilities
0.8938127090301002,0.055016557717102406,0.05117073325279725
0.9991277802006105,0.0004361098996947231,0.0004361098996947231
0.0005662514156285393,0.8274774369897172,0.17195631159465427

0.11727867919157417,0.3865349357056453,0.49618638510278057
0.8775613164750893,0.06817996241653551,0.05425872110837521
0.8804010095200188,0.05001323987293009,0.06958575060705113

Transition Gammas
3207.0,197.39940908896347,183.60059091103656
2291.0,1.0,1.0
1.0,1461.32515372384,303.6748462761593

412.0,1357.8972291339317,1743.1027708660679
363.3280916410897,28.22788011265335,22.464205321146554
396.03480435161464,22.49768395752375,31.302075791971383

Iteration: ,15000
Error:,0.0608181388426383
Absolute Error:,1
Transition Probabilities
0.8949074074074074,0.0550193514768956,0.050073241115697
0.999271137026239,0.00036443148688046647,0.00036443148688046647
0.00048100048100048123,0.8330928055286793,0.16642619399032033

0.11942412084021714,0.3889266740055088,0.49164920515427407
0.8784548209593147,0.06383629321030414,0.057708885830381154
0.8869175162517471,0.046537236810368206,0.06654524693788456

Transition Gammas
3866.0,237.68359838018898,216.31640161981105
2742.0,1.0,1.0
1.0,1731.9999426941233,346.0000573058758

506.0,1647.8823177613408,2083.117682238659
437.1274074617669,31.765541820939966,28.716486094291636
482.63650812220385,25.32430475241271,36.212122351537914

Iteration: ,17500
Error:,0.06456629596819966
Absolute Error:,1
Transition Probabilities
0.892532595811932,0.056616423391109075,0.05085098079695889
0.9993746091307066,0.00031269543464665416,0.00031269543464665416
0.0004139072847682121,0.8331397836895688,0.16644630902566313

0.12046238085581022,0.3894970970532357,0.49004052209095406
0.8771634505910174,0.061404679001548494,0.061431870407434044
0.8888992670156025,0.04322579001255491,0.06787494297184263

Transition Gammas
4518.0,286.59233520579414,257.4076647942059
3196.0,1.0,1.0
1.0,2012.8657173939973,402.13428260600193

594.0,1920.6101855695044,2416.3898144304935
510.07552401995673,35.70716928286116,35.7229812396824
563.6259945834557,27.408256246266237,43.03759003901692

Iteration: ,20000
Error:,0.0664376145494581
Absolute Error:,1
Transition Probabilities
0.8932309839497558,0.057673746562939734,0.04909526948730452
0.9994548923412374,0.0002725538293813028,0.0002725538293813028
0.00036324010170722855,0.8332308544931306,0.16640590540516206

0.12076868829337098,0.3899007327241721,0.48933057898245697
0.8762205934284272,0.06012132411396983,0.06365808245760302
0.8882558313266021,0.04337052526178639,0.06837364341161153

Transition Gammas
5120.0,330.58591529877054,281.4140847012295
3667.0,1.0,1.0
1.0,2293.8845424195883,458.1154575804111

685.0,2211.516956011503,2775.483043988495
576.2280253030137,39.53752300804045,41.86339766975277
653.0971201330933,31.888521468898084,50.27226169564151

Iteration: ,22500
Error:,0.06316430619444884
Absolute Error:,1
Transition Probabilities
0.8925799441167339,0.05726535894260172,0.05015469694066435
0.9995146809026936,0.0002426595486532395,0.0002426595486532395
0.00032278889606197566,0.835289177634957,0.16438803346898107

0.11922293592354695,0.38895607977976643,0.49182098429668664
0.8800371254906121,0.05737249384445255,0.06259038066493544
0.8955851083797314,0.04155593893448776,0.06285895268578096

Transition Gammas
5750.0,368.9034423082403,323.09655769175976
4119.0,1.0,1.0
1.0,2587.7258723130954,509.274127686903

761.0,2482.7066572342483,3139.29334276575
648.8701087908963,42.301961183400195,46.14922022599775
748.5068395782981,34.73137753913343,52.53588472362825

Iteration: ,22928
Error:,0.06256571726754362
Absolute Error:,1
Transition Probabilities
0.8921927416895395,0.05757896475733611,0.05022829355312441
0.9995234691446271,0.0002382654276864427,0.0002382654276864427
0.0003160556257901392,0.8344491239266139,0.16523482044759594

0.1190402952937558,0.387998447017602,0.4929612576886422
0.8809935694211428,0.057523394401506535,0.06148303617735069
0.8953890194778445,0.041182140249793685,0.06342884027236173


Model Num 2
Model States: 
"['diamond', 'x', 'square']","['diamond', 'x', 'diamond']","['square', 'y', 'diamond', 'x', 'diamond']","['square', 'y', 'diamond', 'x', 'square']"
Iteration: ,0
Error:,0.5070247640409155
Absolute Error:,0.6
Transition Probabilities
0.25,0.25,0.25,0.25
0.25,0.25,0.25,0.25
0.25,0.25,0.25,0.25
0.25,0.25,0.25,0.25

0.25,0.25,0.25,0.25
0.25,0.25,0.25,0.25
0.25,0.25,0.25,0.25
0.25,0.25,0.25,0.25

Transition Gammas
1.0,1.0,1.0,1.0
1.0,1.0,1.0,1.0
1.0,1.0,1.0,1.0
1.0,1.0,1.0,1.0

1.0,1.0,1.0,1.0
1.0,1.0,1.0,1.0
1.0,1.0,1.0,1.0
1.0,1.0,1.0,1.0

Iteration: ,2500
Error:,0.03625433837014615
Absolute Error:,0.1327557255661615
Transition Probabilities
0.0017241379310344834,0.0017241379310344834,0.13298681105913052,0.8635649130788006
0.796947551116781,0.197321789857431,0.0028653295128939827,0.0028653295128939827
0.04317508768949932,0.03910007921653485,0.7637658338742266,0.15395899921973924
0.02338717697487661,0.11094774376456339,0.820061676143298,0.045603403117262006

0.06074523732287238,0.06206896024551445,0.1743508244602016,0.7028349779714117
0.04584102194217156,0.05171636349016374,0.48594184743148633,0.41650076713617834
0.003572755113685324,0.9176957632108852,0.04068639735486312,0.03804508432056631
0.8862405210456926,0.0026441902273911713,0.027168178088797176,0.08394711063811902

Transition Gammas
1.0,1.0,77.13235041429567,500.86764958570416
278.13469533975655,68.86530466024342,1.0,1.0
6.271062946507073,5.6791791540457774,110.93489039471322,22.36212193086143
4.914817852772651,23.315680740975733,172.3360528127619,9.58356025734439

9.504661104771458,9.711780845031212,27.280253940299442,109.97089768027763
2.300633942827162,2.5955010644211174,24.388075594199012,20.90302007873718
1.1593584661336964,297.79212919972656,13.202729470362117,12.345623810841397
454.25052460371154,1.3553034073946608,13.925293254252923,43.02784418087483

Iteration: ,5000
Error:,0.03624867969925409
Absolute Error:,0.11593934721467283
Transition Probabilities
0.0008333333333333332,0.0008333333333333332,0.1256413209935512,0.8726920123397821
0.8291329525697841,0.16781826694241103,0.0015243902439024389,0.0015243902439024389
0.05661787560443687,0.044574678743024,0.7688519098162093,0.12995553583632968
0.027662703210082656,0.10339760946973015,0.8133893713187393,0.05555031600144773

0.0450311395982634,0.052182823772600445,0.15530383600556288,0.7474822006235733
0.040692384664100745,0.043635470837765866,0.5589501571509254,0.356721987347208
0.001831535840451,0.9222834261650984,0.0382328664102206,0.037652171584230065
0.8777904483152301,0.0012987716158782583,0.01935146114489768,0.10155931892399402

Transition Gammas
1.0,1.0,150.76958519226145,1047.2304148077387
543.9112168857785,110.08878311422166,1.0,1.0
16.044916891666688,12.632000199041649,217.88463207604994,36.828046793449815
11.925979977202232,44.576909597798235,350.66946575491284,23.94892326065421

13.144228574722383,15.231747840731277,45.331944454433525,218.18406081181297
4.555311573948399,4.884775541732321,62.57171068119203,39.93326542688921
1.1788136629351456,593.6003434114299,24.607449279531583,24.233702296395926
939.4094445054194,1.3899425820289273,20.709891978647,108.68856406201863

Iteration: ,7500
Error:,0.038931578318587415
Absolute Error:,0.11223286643695173
Transition Probabilities
0.000547945205479452,0.000547945205479452,0.12524122303468802,0.8736628865543531
0.8266024428337292,0.17137326566829508,0.0010121457489878547,0.0010121457489878547
0.061887026873906695,0.04022932112052364,0.7861882587899778,0.11169539321559188
0.03433723695854283,0.09220353396033505,0.821567136497691,0.05189209258343117

0.05737037390873481,0.05180244052691576,0.13355385659005306,0.7572733289742964
0.045828675037575525,0.07056569008331812,0.5448025303272528,0.33880310455185353
0.001236963412383082,0.9242927281871226,0.032909239806884205,0.04156106859361
0.8756613535014041,0.0008783844752540779,0.015602299767730945,0.10785796225561096

Transition Gammas
1.0,1.0,228.56523203830565,1594.4347679616947
816.6832135197242,169.31678648027548,1.0,1.0
26.486822261042118,17.217612996221696,336.47809122768103,47.80413887883763
22.62988768470531,60.766555566905495,541.4521863490291,34.19938034924552

24.667570140587884,22.27352286711821,57.424222652304515,325.6052154686382
7.614650655003477,11.724822456096414,90.52151171733797,56.29373486965784
1.191094457570629,890.0181967351251,31.688902634011818,40.01990516210248
1405.4259405164962,1.4097965181777,25.041503473463973,173.11073217877455

Iteration: ,10000
Error:,0.03552911811820763
Absolute Error:,0.10712137524141288
Transition Probabilities
0.0004130524576621234,0.0004130524576621234,0.13047913396103633,0.8686947611236394
0.8392835095891432,0.1591850968427097,0.0007656967840735072,0.0007656967840735072
0.06411986003666675,0.037312706935140466,0.7884300164037833,0.11013741662440951
0.035294704180014805,0.08812527935931871,0.8229382374280023,0.05364177903266418

0.054094187656652984,0.04608097745219922,0.1338691177508886,0.7659557171402592
0.03919180393437046,0.08140317470312881,0.5763581164435818,0.303046904918919
0.0009147533380238719,0.9237643135442072,0.031464059335933395,0.04385687378183546
0.8846965110058991,0.0006718799667759109,0.012918143656162149,0.10171346537116288

Transition Gammas
1.0,1.0,315.8899833196687,2103.1100166803294
1096.1042635234205,207.89573647657878,1.0,1.0
36.7811805114258,21.4037492964976,452.26840385164195,63.17830699580398
30.89265478797397,77.13406009739955,720.299191375072,46.95143366032824

31.921229522547343,27.192597238200104,78.99678355150358,451.99399991238164
9.145842051051766,18.996333507273853,134.4995577815669,70.71935578902706
1.1998809529707057,1211.700639704938,41.27137221700016,57.52701337099839
1875.8267597151369,1.4245906989751504,27.39040931507835,215.66360643793027

Iteration: ,12500
Error:,0.039319596329135835
Absolute Error:,0.1090787770248063
Transition Probabilities
0.0003297065611605678,0.0003297065611605678,0.13083577547485253,0.8685048114028263
0.8301786675633566,0.16861214259383817,0.0006045949214026602,0.0006045949214026602
0.0708452136369787,0.03548321129494446,0.7818451179111641,0.11182645715691293
0.04192627856956699,0.08542941880070927,0.8197390355407885,0.05290526708893539

0.05501705655237076,0.04536800840511493,0.13217085921475843,0.7674440758277559
0.03906001184850472,0.09010905675276279,0.5754003986611369,0.2954305327375956
0.0007397739950822371,0.9233412818867298,0.030415609992165336,0.04550333412602265
0.8867883839366506,0.0005447990081461051,0.011852858092674088,0.1008139589625293

Transition Gammas
1.0,1.0,396.82490701522687,2634.1750929847667
1373.1155161497918,278.8844838502083,1.0,1.0
51.16413067569155,25.625833648980667,564.6454252497083,80.76062126502634
46.27030358549128,94.28084909759065,904.673043480707,58.38683644232207

40.91439279494259,33.738710002491814,98.29116257446637,570.723159947303
10.733558425711692,24.76166236438496,158.1180728045156,81.18330573418669
1.2038405971119177,1502.5612247981737,49.4955842431595,74.04796774285735
2341.334397528224,1.4384002774700946,31.294393187925543,266.1730736955961

Iteration: ,15000
Error:,0.03718011480896026
Absolute Error:,0.10539142475858432
Transition Probabilities
0.0002745744096650198,0.0002745744096650198,0.12979223316715513,0.8696586180135149
0.8269280343251957,0.17207046342142424,0.0005007511266900352,0.0005007511266900352
0.06793650805823363,0.038749602447301426,0.7886352109106278,0.10467867858383723
0.04240674762696349,0.08177675663983636,0.822315523927241,0.053500971805959134

0.05798562355514142,0.04176803055062948,0.1251803844447101,0.775065961449519
0.039608049033718354,0.08068728571827424,0.5939961774934485,0.2857084877545589
0.0006175286614222296,0.926034556968222,0.029036319371865925,0.0443115949984897
0.888491699827065,0.00045564520613687284,0.011423524856055989,0.09962913011074227

Transition Gammas
1.0,1.0,472.70331319477793,3167.2966868052144
1651.3752845474155,343.6247154525841,1.0,1.0
58.00987605339777,33.08765344782779,673.4027424114298,89.3834161284348
55.888522741466325,107.77487968171519,1083.7426219040417,70.50977608022706

52.719989245891405,37.97510462842999,113.81284044390533,704.6827583671308
12.89681868927947,26.272672343765294,193.41172287321064,93.0298425307936
1.2077868184769092,1811.1747700655976,56.79037425349042,86.6663584838374
2825.187853640338,1.448841111512799,36.32403507581395,316.79644088111024

Iteration: ,17500
Error:,0.03345231120532528
Absolute Error:,0.10274589014541764
Transition Probabilities
0.00023568230025925097,0.00023568230025925097,0.12990990210084175,0.8696187332986397
0.8289264309550446,0.1702126133841719,0.0004304778303917349,0.0004304778303917349
0.06350310506747753,0.03690182933545582,0.7960312620336623,0.10356380356340436
0.04343951544343085,0.07964773704618926,0.8202293318507596,0.0566834156596203

0.05943145976810158,0.039578828811709245,0.12215349654148551,0.7788362148787036
0.03494933955619234,0.07472618212447688,0.6127626621413417,0.2775618161779892
0.0005302155166890543,0.9262177290455808,0.028762572661507023,0.044489482776223194
0.8900493050377026,0.0003929675700580952,0.01086990504457946,0.09868782234765985

Transition Gammas
1.0,1.0,551.2077146138705,3689.792285386121
1925.5960991085683,395.40390089143125,1.0,1.0
64.41845632873924,37.433742475595686,807.5054760729917,105.05660077563661
66.83035922361869,122.53559515591016,1261.8976140449697,87.20569260233275

63.57802180017779,42.34026306664846,130.6762057736107,833.1759987309476
13.091522852735201,27.99135930472568,229.53213126755332,103.97068744885655
1.2116168235554436,2116.5374219801856,65.72651276415804,101.66470822951108
3300.442907555361,1.4571855987714806,40.30731871495909,365.94997769884236

Iteration: ,20000
Error:,0.03551045479823169
Absolute Error:,0.10158696165471005
Transition Probabilities
0.00020554984583761592,0.00020554984583761592,0.13054448200223592,0.8690444183060888
0.8292839544709635,0.16996529477828573,0.00037537537537537575,0.00037537537537537575
0.06525935798211424,0.03719114569028326,0.7898850868735194,0.10766440945408316
0.04190077276397463,0.07759102235904182,0.8246584920470948,0.05584971282988872

0.05958228346027222,0.04420083412905205,0.11864519123579055,0.7775716911748853
0.04209088250319145,0.07309880156192909,0.6156365079332685,0.2691738080016109
0.00046492053835834804,0.9268375565727215,0.027948393828733504,0.04474912906018677
0.8890406541451602,0.0003453758403891869,0.01021526946599298,0.10039870054845783

Transition Gammas
1.0,1.0,635.0989049408768,4227.9010950591155
2209.2124547106446,452.78754528935275,1.0,1.0
75.71642123645881,43.15060001239637,916.4551079785946,124.91639560159578
73.9386920849783,136.9182077638527,1455.2039567909098,98.55318762793843

72.29884265660093,53.63455319931858,143.96746003932955,943.5276744968053
17.890721858081235,31.070632144726048,261.6761843441843,114.41227752999097
1.2145616170829847,2421.2768174516464,73.01257656493283,116.90293301799392
3765.83193583449,1.4629560116729066,43.27022370555193,425.272602640659

Iteration: ,22500
Error:,0.0359565417322448
Absolute Error:,0.10082535686022
Transition Probabilities
0.00018224895206852597,0.00018224895206852597,0.12833526856468153,0.8713002335311814
0.8297121973119835,0.1696224666933391,0.00033266799733865625,0.00033266799733865625
0.06543353494435093,0.038341051458070624,0.7901931268650867,0.1060322867324916
0.042013887622586434,0.07834139417292144,0.824893628598947,0.05475108960554515

0.05981969961680684,0.04696045456283279,0.11560787060114493,0.7776119752192155
0.0443911189378328,0.07187410688237215,0.6153109445901971,0.268423829589598
0.00041563197527339814,0.9270564498357111,0.027517936232800508,0.045009981956215125
0.8880818387296039,0.0003076298272564653,0.009687746061127779,0.10192278538201205

Transition Gammas
1.0,1.0,704.1756186144062,4780.8243813855825
2494.114865119821,509.8851348801771,1.0,1.0
84.59977011357037,49.57158652706077,1021.6497845479927,137.09036337122726
83.95733792979418,156.55144707273493,1648.4043027521298,109.41038766348309

81.6857910146712,64.12606385431874,157.86639548626286,1061.8550361362245
20.792343192758754,33.66509186362638,288.205313051398,125.72695889368337
1.2168380587815906,2714.1260487887216,80.56375375155048,131.77489300087709
4241.788083089644,1.4693471686416346,46.27204836535592,486.81871149079535

Iteration: ,25000
Error:,0.03776695069151246
Absolute Error:,0.09993928844114075
Transition Probabilities
0.00016406890894175602,0.00016406890894175602,0.1279707304480745,0.8717011317340421
0.8307788163874555,0.16862576831037127,0.000297707651086633,0.000297707651086633
0.07143083223975079,0.039683278152379424,0.7855448342210546,0.10334105538681523
0.042122353362964035,0.0750314921108229,0.8269141325887163,0.05593202193749695

0.06050664821395903,0.04699313705995512,0.11646022503079966,0.7760399896952861
0.04623090949574197,0.07253363832669718,0.6209257965619025,0.2603096556156584
0.00037287871824381077,0.9254502840572105,0.028351582557924658,0.045825254666621074
0.8872926558014335,0.00027963423139262225,0.009499541651179588,0.10292816831599431

Transition Gammas
1.0,1.0,779.9816020810117,5313.018397918971
2790.5860442454623,566.4139557545369,1.0,1.0
102.75248546130486,57.08396967465473,1129.9978122414168,148.65499894428612
94.35826869212558,168.0780186225079,1852.3700524464607,125.29330232324003

91.69666090814098,71.2171948239297,176.49322973853566,1176.0736693695922
23.383482700734124,36.68733960749453,314.06277273610834,131.66399699498524
1.2185074940145926,3024.22222371057,92.6483977865852,149.74953917829765
4679.871895967221,1.4748824664424922,50.10369206512886,542.876850220659

Iteration: ,27500
Error:,0.03636265441479834
Absolute Error:,0.09895171451784368
Transition Probabilities
0.000149231457991345,0.000149231457991345,0.12741199312836227,0.8722895439556551
0.8300405255110684,0.1694162914362428,0.00027159152634437825,0.00027159152634437825
0.07036607024071752,0.0409947806941119,0.7839212423884451,0.10471790667672545
0.0430973395550558,0.07410795098193708,0.8242279490810746,0.05856676038193257

0.06086885334605535,0.04737627241914431,0.11798116522967382,0.7737737090051264
0.046499298559781806,0.07138846773190019,0.6326615401298961,0.24945069357842198
0.0003406784056940249,0.9243498689121048,0.028135774258409893,0.04717367842379139
0.8901317612495925,0.0002547510077553641,0.009047098449223964,0.10056638929342823

Transition Gammas
1.0,1.0,853.7877659531531,5845.212234046828
3056.209214931752,623.7907850682454,1.0,1.0
112.01340567288338,65.25822722018788,1247.898139527427,166.69695098317007
105.79732378176311,181.9235935625,2023.3525340354643,143.7723668084141

102.20348597647485,79.54840493346435,198.09944993518698,1299.2255656216557
26.167764169947137,40.17429608450014,356.0341444770463,140.37990085372425
1.221182423838586,3313.3882116578225,100.85439062527261,169.0969136760814
5173.904107201177,1.4807440232093174,52.586394354675875,584.5436341707652

Iteration: ,30000
Error:,0.03612716036793856
Absolute Error:,0.09659958698464843
Transition Probabilities
0.00013723068478111754,0.00013723068478111754,0.12756497957729643,0.8721605590531413
0.8309928917584732,0.16851230368932482,0.00024740227610094037,0.00024740227610094037
0.06830567860884854,0.039825043729888265,0.7888969831491195,0.10297229451214361
0.04531104372025664,0.07234129320011976,0.825732648084863,0.056615014994760474

0.060472748847405125,0.04725850218907635,0.11648655785540345,0.7757821911081152
0.0473735863941856,0.07245336937545219,0.6424846702093393,0.23768837402102283
0.00030985219492382,0.9261619908885459,0.027135099217849738,0.04639305769868056
0.8893498201893391,0.00023653577969698562,0.008701932966579996,0.10171171106438401

Transition Gammas
1.0,1.0,929.5660061797557,6355.433993820218
3358.873268487746,681.1267315122503,1.0,1.0
119.4543215676275,69.64682405686001,1379.6386453968757,180.07998502801792
122.3523566344501,195.34151011095358,2229.706648713141,152.87620713991444

109.96698616215083,85.93747027084467,211.82558987165,1410.7251795300158
29.69933250216397,45.42228848959939,402.78491244716656,149.01101202706238
1.223488592491808,3657.0618159740093,107.1461970999913,183.18855827084016
5581.025370917316,1.4843565014018207,54.60810533718362,638.2816154939875

Iteration: ,32500
Error:,0.03493374825979951
Absolute Error:,0.0956335952816709
Transition Probabilities
0.0001266784899923997,0.0001266784899923997,0.1272051140802416,0.8725415289397737
0.827055357703808,0.1724897867128397,0.000227427791676143,0.000227427791676143
0.06740908187168262,0.04044892615624805,0.7908694698116715,0.10127252216039792
0.04666942927503844,0.07023502638492628,0.8257662119351773,0.05732933240485809

0.06124953897050395,0.047832148089364354,0.11631646298388185,0.7746018499562498
0.04406423548058792,0.07023551198659582,0.6557531549983877,0.2299470975344285
0.0002870492653722458,0.9275556616344554,0.026162808029420753,0.04599448107075162
0.8891826290413557,0.00021905132547399758,0.008498852085744085,0.10209946754742609

Transition Gammas
1.0,1.0,1004.1571705494239,6887.842829450551
3636.5624078236406,758.4375921763556,1.0,1.0
129.37360123982631,77.6308339739592,1517.8612225417344,194.36536642749783
136.06200840773323,204.7661370398306,2407.473393535592,167.14033637972122

120.44331131126069,94.05886803144753,228.72890469492367,1523.2051265151167
29.69933250216397,47.33879531096318,441.97818882435627,154.98454093436146
1.2251903203973977,3959.0145503093763,111.66870296808952,196.31470899780527
6042.625148685287,1.488608756998627,57.755713698141854,693.838127421133

Iteration: ,35000
Error:,0.035432701674383726
Absolute Error:,0.09466868205848195
Transition Probabilities
0.00011726078799249572,0.00011726078799249572,0.12719629362730894,0.8725691847967062
0.8296192318425195,0.1699578457637398,0.00021146119687037441,0.00021146119687037441
0.0703580236046235,0.03980870022416902,0.7891967376209905,0.10063653855021691
0.04745242953333587,0.06868606696632443,0.8269225935029993,0.056938909997340394

0.05969977073763801,0.047525322771266976,0.11662774909889108,0.7761471573922039
0.044710715278563656,0.06712286940639345,0.6614158582978963,0.2267505570171465
0.00026701078193930766,0.929286865758514,0.025573622185375008,0.044872501274171694
0.8892369895747054,0.00020345223328743916,0.008277766623700222,0.10228179156830694

Transition Gammas
1.0,1.0,1084.729992053687,7441.270007946285
3923.2693473832724,803.730652616725,1.0,1.0
144.96581701664397,82.02192808594032,1626.0625866781568,207.35173168935478
148.681559751888,215.21240682948493,2590.9767361801764,178.40532154480397

126.46511848686849,100.67535437963964,247.05860552575348,1644.1527498357475
31.96478186849057,47.98777799896277,472.8623441412301,162.1095088381835
1.2266030579542921,4268.989075936447,117.48096068524644,206.13679672855983
6526.530524860228,1.4932320927591185,60.75444137010903,750.6944072661811

Iteration: ,37500
Error:,0.035247885139052706
Absolute Error:,0.09375184705089892
Transition Probabilities
0.00010952902519167619,0.00010952902519167619,0.12622625576369514,0.8735546861859216
0.8294344834003442,0.17017119483309423,0.00019716088328075715,0.00019716088328075715
0.07085796038955482,0.04059734565526091,0.7903208076399971,0.0982238863151872
0.04811519785323235,0.06790019636534653,0.8256377676037011,0.05834683817772005

0.059962884368722026,0.04698422669692668,0.1146895261001058,0.7783633628342455
0.04374435525477785,0.06994693537483705,0.6684607321554145,0.21784797721497062
0.00024914044801928564,0.9305219958276619,0.024826470934466407,0.044402392789852446
0.8888779490766932,0.00019096563186883172,0.008044594877756606,0.1028864904136814

Transition Gammas
1.0,1.0,1152.4457151225324,7975.554284877436
4206.891699806545,863.1083001934537,1.0,1.0
157.0933916510367,90.00505639666329,1752.15565734595,217.7641489758883
162.48889576167858,229.30442815720656,2788.245193676372,197.04196864372184

135.4121981144548,106.10292484624667,258.9995627031818,1757.7522329483377
34.21027333188145,54.70200129739632,522.769720241073,170.3680120992899
1.2283329874988662,4587.737046133601,122.40153477457943,218.91637516616987
6964.882622353974,1.4963282779729685,63.03414223084803,806.1762921462799

Iteration: ,40000
Error:,0.03600299452707149
Absolute Error:,0.09343321121862101
Transition Probabilities
0.00010244851961889187,0.00010244851961889187,0.12548543043210567,0.8743096725286565
0.8303410346679083,0.16928770117764577,0.00018563207722294416,0.00018563207722294416
0.06995240553487717,0.03940911553450835,0.7928098267141884,0.09782865221642612
0.04799746357433779,0.06668735425218822,0.8241883600627317,0.061126822110742225

0.06136647871460765,0.047552162425540764,0.11317970077041173,0.7779016580894399
0.04488176512277827,0.07311211445231744,0.6684788899340244,0.21352723049087993
0.0002343693154788937,0.9297400234583825,0.024619551951808955,0.04540605527432975
0.888694011946424,0.00017859707274698165,0.007959299317525712,0.10316809166330337

Transition Gammas
1.0,1.0,1224.863286447779,8534.136713552187
4473.0471537560215,911.9528462439777,1.0,1.0
164.49571289325905,92.67201756356503,1864.3221292670105,230.0477555372175
172.82975486698493,240.12850325481995,2967.745827094562,220.1060825815342

147.9095922160735,114.61340296326948,272.7932861512542,1874.9506154217033
37.31284638868178,60.78239321132501,555.7457480995068,177.51772305103268
1.2299541923249413,4879.212269269562,129.20173050134665,238.28788306816242
7465.239969159615,1.5002576679070192,66.85999747152553,866.6363799841223

Iteration: ,42500
Error:,0.03607929820193109
Absolute Error:,0.09292189124541517
Transition Probabilities
9.637625289128775e-05,9.637625289128775e-05,0.12569420431685016,0.8741130431773673
0.831519433246386,0.1681308552655916,0.00017485574401119078,0.00017485574401119078
0.06962338539251421,0.0389717439492387,0.79283407844672,0.09857079221152691
0.048408718820263215,0.06640313571425346,0.8238854484660991,0.06130269699938432

0.0619768197779378,0.04606331571928466,0.11248808765828008,0.7794717768444975
0.045691079708047644,0.07367112852941336,0.6703219218964775,0.21031586986606143
0.00022061592396062452,0.9289381386909963,0.025061471811608026,0.04577977357343502
0.8889996527187142,0.000168264076523798,0.007684763560331667,0.10314731964443034

Transition Gammas
1.0,1.0,1304.2030639916352,9069.796936008348
4755.459638736081,961.5403612639183,1.0,1.0
173.0120157037936,96.84360991838324,1970.1688054582148,244.9454497779948
185.50447988206207,254.45992898399933,3157.167661626459,234.91480872404966

159.57279618341644,118.60002041315376,289.62503641315874,2006.9195454493058
39.85154520571545,64.25561242381593,584.6516331750083,183.4365142824691
1.230867192949374,5182.760422127446,139.82373940259842,255.41593000444075
7944.957474760899,1.50376991534605,68.67845167735463,921.8238339063385

Iteration: ,45000
Error:,0.03476089666290996
Absolute Error:,0.09231300778748688
Transition Probabilities
9.100837277029504e-05,9.100837277029504e-05,0.1264570686494049,0.8733609146050545
0.8311167178219793,0.16855368428744721,0.00016479894528675018,0.00016479894528675018
0.06915032884907911,0.0391765892278829,0.7930726634449734,0.09860041847806475
0.047998609949183986,0.06622446338950355,0.8247408499451591,0.06103607671615332

0.062160522950011766,0.04575707694462135,0.11193499601199572,0.7801474040933711
0.043793081323255295,0.07396316593561132,0.6762634926911303,0.20598026005000317
0.00020805864171060287,0.9285473053345307,0.02482570494962349,0.04641893107413539
0.8892210315109874,0.0001593443840327962,0.007305798572932039,0.10331382553204793

Transition Gammas
1.0,1.0,1389.5102703196585,9596.489729680321
5043.216243743769,1022.7837562562296,1.0,1.0
181.62144620811827,102.89623941772818,2082.9836456362495,258.9713006252793
194.6787053245704,268.60137839683716,3345.0860569835936,247.55767731131752

169.04845866453684,124.43851762159908,304.412473519021,2121.647469072636
40.704006171792315,68.74595419550245,628.5612372664953,191.45083019975738
1.2321318122104392,5498.895237604789,147.01884323328466,274.89481424568595
8407.532612881449,1.5065917898486934,69.07589630521453,976.8261509135306

Iteration: ,47500
Error:,0.035608786288420236
Absolute Error:,0.09252663989306646
Transition Probabilities
8.622176237282303e-05,8.622176237282303e-05,0.12591661602845178,0.8739109404468026
0.8308080924398469,0.16887911431648725,0.00015639662183296847,0.00015639662183296847
0.06829369093251547,0.03838135808169719,0.7934313704607958,0.09989358052499152
0.047658439378277476,0.06486632274908086,0.825798537179469,0.06167670069317261

0.06554771014815672,0.04553580694289815,0.11057354308369963,0.7783429398252455
0.04521492620388098,0.07661553870326189,0.675114924943333,0.20305461014952408
0.00019740863000586878,0.9282093486582343,0.024568457156354948,0.04702478555540481
0.8885765535981237,0.00015131285575086258,0.007073284434096195,0.10419884911202927

Transition Gammas
1.0,1.0,1460.3809126979816,10135.619087302
5312.186943060378,1079.813056939619,1.0,1.0
190.77835319698931,107.21828309917707,2216.4496919769213,279.0526112630295
204.77322522033828,278.71005200323395,3548.194864256362,265.0052558717861

187.6803705228779,130.38101712149114,316.60119764778284,2228.600984078405
44.469279249158745,75.35205896515747,663.9814911387166,199.70600241283145
1.233479537620097,5799.783110614631,153.51248409129295,293.8276342925866
8863.827232178379,1.5093927540088614,70.55821013283337,1039.4158979109948

Iteration: ,48420
Error:,0.03504195795558167
Absolute Error:,0.0922039562975431
Transition Probabilities
8.449514152936215e-05,8.449514152936215e-05,0.1258522008801018,0.8739788088368395
0.8315754678663291,0.16811683982597864,0.00015384615384615393,0.00015384615384615393
0.0682647867387915,0.03793501900117916,0.7935176694728483,0.10028252478718107
0.04798263961097055,0.0650877867056415,0.8253685845324964,0.06156098915089162

0.0654583214021301,0.045037831964941266,0.11050569146967403,0.7789981551632547
0.04581855074707624,0.07628055962728893,0.6758994470911074,0.20200144253452745
0.00019381849478840592,0.9273203488800372,0.025012179309031296,0.04747365331614306
0.8888743852616,0.00014815660524470533,0.006930493853493629,0.1040469642796616

*,*,*,*,*,*,*,*,*,*,*
Model Num 2
Model States: 
"['diamond', 'x', 'square']","['diamond', 'x', 'diamond']","['square', 'y', 'diamond', 'x', 'diamond']","['square', 'y', 'diamond', 'x', 'square']"
Iteration: ,48420
Error:,0.03515345982663238
Absolute Error:,0.0922039562975431
Transition Probabilities
8.449514152936215e-05,8.449514152936215e-05,0.1258522008801018,0.8739788088368395
0.8315754678663291,0.16811683982597864,0.00015384615384615393,0.00015384615384615393
0.0682647867387915,0.03793501900117916,0.7935176694728483,0.10028252478718107
0.04798263961097055,0.0650877867056415,0.8253685845324964,0.06156098915089162

0.0654583214021301,0.045037831964941266,0.11050569146967403,0.7789981551632547
0.04581855074707624,0.07628055962728893,0.6758994470911074,0.20200144253452745
0.00019381849478840592,0.9273203488800372,0.025012179309031296,0.04747365331614306
0.8888743852616,0.00014815660524470533,0.006930493853493629,0.1040469642796616

Transition Gammas
1.0,1.0,1489.460797416003,10343.539202583985
5405.240541131136,1092.7594588688605,1.0,1.0
193.36200063590186,107.45204839350546,2247.6619563218833,284.05317804428006
209.86305528650985,284.676330661049,3609.938392132321,269.251074438847

191.45445855139627,131.72799956486514,323.21035544436705,2278.4371309048597
45.833797174797816,76.30594249121535,676.1243571307988,202.06865985901808
1.2338673018828192,5903.411117204129,159.22995497378017,302.22187305529405
9064.6637002249,1.5108881792279143,70.67657376571438,1061.0618956545493

