0,1,2,3,4,5,6,7,8,9,10,11,12,13,14,15,16,17,18,19,20,21,22,23,24,25,26,27,28,29
github Code Version (SHA):,528ca1c557fe8e6666681dc5c9134b0f84d30530
Environment Observations,Environment Actions,alpha,epsilon,numActions,explore,patience,gainThresh,insertRandActions,useUpdatedPosterior,revisedSplitting,haveControl,confidence_factor
"['diamond', 'square']","['x', 'y']",0.8,0.99,75000,0.5,0,0.01,False,True,False,False,250

Model Num 0
Model States: 
['diamond'],['square']
Iteration: ,0
Error:,0.45313924379384446
Absolute Error:,1
Transition Probabilities
0.5,0.5
0.5,0.5

0.5,0.5
0.5,0.5

Transition Gammas
1.0,1.0
1.0,1.0

1.0,1.0
1.0,1.0

Iteration: ,2500
Error:,0.06232693251579738
Absolute Error:,1
Transition Probabilities
0.4778225806451613,0.5221774193548387
0.12755102040816327,0.8724489795918368

0.14587332053742802,0.8541266794625719
0.8567375886524823,0.14326241134751774

Transition Gammas
237.0,259.0
100.0,684.0

76.0,445.0
604.0,101.0

Iteration: ,2520
Error:,0.062252557367333386
Absolute Error:,1
Transition Probabilities
0.478,0.522
0.1276864728192162,0.8723135271807838

0.1450381679389313,0.8549618320610687
0.8551336146272855,0.14486638537271448


Model Num 1
Model States: 
['square'],"['diamond', 'x', 'square']","['diamond', 'x', 'diamond']"
Iteration: ,0
Error:,0.5187694098825552
Absolute Error:,1
Transition Probabilities
0.3333333333333333,0.3333333333333333,0.3333333333333333
0.3333333333333333,0.3333333333333333,0.3333333333333333
0.3333333333333333,0.3333333333333333,0.3333333333333333

0.3333333333333333,0.3333333333333333,0.3333333333333333
0.3333333333333333,0.3333333333333333,0.3333333333333333
0.3333333333333333,0.3333333333333333,0.3333333333333333

Transition Gammas
1.0,1.0,1.0
1.0,1.0,1.0
1.0,1.0,1.0

1.0,1.0,1.0
1.0,1.0,1.0
1.0,1.0,1.0

Iteration: ,2500
Error:,0.06902533948983611
Absolute Error:,1
Transition Probabilities
0.8413793103448276,0.08241027599595653,0.07621041365921588
0.9956140350877193,0.0021929824561403508,0.0021929824561403508
0.0027777777777777783,0.8032320187055347,0.19399020351668753

0.15597667638483964,0.35196871670993285,0.49205460690522757
0.8303155062596046,0.12218734507030775,0.04749714867008766
0.8241480317073008,0.08866814077338224,0.08718382751931689

Transition Gammas
610.0,59.74745009706848,55.25254990293151
454.0,1.0,1.0
1.0,289.16352673399246,69.8364732660075

107.0,241.45053966301393,337.5494603369861
83.38626092300898,12.270932869145799,4.770005621049504
76.05798101280268,8.182898590938516,8.045916076934468

Iteration: ,5000
Error:,0.053925971003590666
Absolute Error:,1
Transition Probabilities
0.8471830985915493,0.07569585429144424,0.07712104711700646
0.9978165938864629,0.001091703056768559,0.001091703056768559
0.0014025245441795227,0.7998672493211134,0.198730226134707

0.15324305060584462,0.37069019522498536,0.47606675416916994
0.8764454162958345,0.08221929330987432,0.041335290394291166
0.8627709053816844,0.06815072085325968,0.0690783737650558

Transition Gammas
1203.0,107.48811309385081,109.51188690614917
914.0,1.0,1.0
1.0,570.305348765954,141.69465123404615

215.0,520.0783439006544,667.9216560993455
168.14598314586902,15.773764857572107,7.930172162166989
153.72940222765817,12.143165135501123,12.308455279982843

Iteration: ,7500
Error:,0.05240032815264949
Absolute Error:,1
Transition Probabilities
0.8500473036896878,0.07580958372269052,0.07414311258762167
0.9985795454545454,0.0007102272727272727,0.0007102272727272727
0.0009643201542912245,0.811885569705118,0.1871501101405908

0.14069161534817623,0.38967930979481835,0.4696290748570054
0.8428017318076558,0.09870791993208976,0.05849034826025455
0.8679151653275295,0.0642473893564542,0.06783744531601618

Transition Gammas
1797.0,160.26145998976776,156.7385400102322
1406.0,1.0,1.0
1.0,841.9253357842076,194.0746642157927

297.0,822.6130229768615,991.3869770231383
225.2396224298702,26.37979227766437,15.631605228995898
241.2483518893538,17.858400699322996,18.856303625823926

Iteration: ,10000
Error:,0.05022788625380757
Absolute Error:,1
Transition Probabilities
0.8591648973814578,0.07151973045636549,0.0693153721621766
0.9989287627209427,0.0005356186395286556,0.0005356186395286556
0.0007246376811594199,0.8119676998338635,0.18730766248497693

0.14052519517388218,0.390001530826235,0.46947327399988276
0.8141307993137696,0.12212290537870707,0.06374629530752329
0.8755723043416039,0.059989043247136255,0.06443865241125983

Transition Gammas
2428.0,202.11475826968888,195.8852417303111
1865.0,1.0,1.0
1.0,1120.5154257707325,258.48457422926833

396.0,1099.0243138683302,1322.9756861316696
293.7731796417657,44.06716248842753,23.002387182328718
316.42614509078817,21.679650679048944,23.28771053656466

Iteration: ,12500
Error:,0.05187982971058818
Absolute Error:,1
Transition Probabilities
0.8593394077448747,0.07241783349018961,0.06824275876493567
0.9991478483170004,0.00042607584149978694,0.00042607584149978694
0.0005790387955993049,0.814697717627704,0.18472324357669667

0.14022662889518414,0.3935673692334281,0.46620600187138767
0.8150299963012725,0.11024708464836026,0.07472291905036732
0.8745455998108561,0.06039274708448226,0.06506165310466168

Transition Gammas
3018.0,254.3314312175459,239.66856878245406
2345.0,1.0,1.0
1.0,1406.9829583430455,319.0170416569553

495.0,1389.2928133940013,1645.7071866059985
372.0284105691541,50.32335970178381,34.108006985696164
385.1254220788044,26.595276697338647,28.651332324462906

Iteration: ,15000
Error:,0.05049935793685135
Absolute Error:,1
Transition Probabilities
0.8584792516190933,0.07414983589759355,0.06737091248331316
0.9992957746478873,0.00035211267605633805,0.00035211267605633805
0.0004812319538017325,0.8126063067499901,0.1869124612962082

0.13886278195488722,0.3973216348438421,0.46381558320127064
0.8186327568113242,0.10862691066431027,0.07274033252436546
0.8737461735103356,0.059251748323394526,0.0670020781662699

Transition Gammas
3579.0,309.1306658570675,280.86933414293253
2838.0,1.0,1.0
1.0,1688.595905426479,388.4040945735206

591.0,1691.000877895392,1973.9991221046077
447.8670189187605,59.42885897099759,39.795617279892674
455.15883065315546,30.865893664153827,34.90325734643115

Iteration: ,17500
Error:,0.047991704800369565
Absolute Error:,1
Transition Probabilities
0.8632602399669012,0.07109516820085146,0.06564459183224744
0.9993975903614458,0.00030120481927710846,0.00030120481927710846
0.0004042037186742119,0.805588833625243,0.1940069626560829

0.13741688494861978,0.39543663698424675,0.4671464780671334
0.8139008023595833,0.11320488955347915,0.07289430808693745
0.8741974783423653,0.059830904977437996,0.0659716166801968

Transition Gammas
4173.0,343.67404308291594,317.3259569170841
3318.0,1.0,1.0
1.0,1993.0267743888508,479.97322561114896

682.0,1962.5520293528166,2318.447970647183
517.304862459794,71.9515690984245,46.330682940345945
517.5263566281773,35.41999494834231,39.0553064578868

Iteration: ,20000
Error:,0.05015341792943539
Absolute Error:,1
Transition Probabilities
0.8636933548271538,0.07091498498473207,0.06539166018811407
0.9994693552666489,0.0002653223666755107,0.0002653223666755107
0.0003549875754348599,0.8027570615824284,0.1968879508421367

0.14004957507082152,0.3936162618558472,0.46633416307333125
0.8167609033660942,0.11194109775376584,0.07129799888014006
0.8713271973346651,0.06432744439179836,0.06434535827353646

Transition Gammas
4822.0,395.9183611697592,365.0816388302409
3767.0,1.0,1.0
1.0,2261.3666424777,554.6333575222989

791.0,2223.144646961825,2633.855353038175
589.3311697156685,80.77073450333006,51.44483888155174
588.0714532814267,43.41553187491674,43.427622215376516

Iteration: ,22142
Error:,0.04896324393605632
Absolute Error:,1
Transition Probabilities
0.8624735212644614,0.07173171881054893,0.06579475992498961
0.9995229007633588,0.00023854961832061068,0.00023854961832061068
0.0003205128205128205,0.8013997359487695,0.19827975123071764

0.14062748845357542,0.3948835974497388,0.4644889140966858
0.8140919287300066,0.11420514238329499,0.07170292888669848
0.8762173947052804,0.0625628208000494,0.06121978449467021


Model Num 2
Model States: 
"['diamond', 'x', 'square']","['diamond', 'x', 'diamond']","['square', 'y', 'diamond', 'x', 'diamond']","['square', 'y', 'diamond', 'x', 'square']"
Iteration: ,0
Error:,0.4519776354974727
Absolute Error:,0.55
Transition Probabilities
0.25,0.25,0.25,0.25
0.25,0.25,0.25,0.25
0.25,0.25,0.25,0.25
0.25,0.25,0.25,0.25

0.25,0.25,0.25,0.25
0.25,0.25,0.25,0.25
0.25,0.25,0.25,0.25
0.25,0.25,0.25,0.25

Transition Gammas
1.0,1.0,1.0,1.0
1.0,1.0,1.0,1.0
1.0,1.0,1.0,1.0
1.0,1.0,1.0,1.0

1.0,1.0,1.0,1.0
1.0,1.0,1.0,1.0
1.0,1.0,1.0,1.0
1.0,1.0,1.0,1.0

Iteration: ,2500
Error:,0.06537877760706641
Absolute Error:,0.13780102761437735
Transition Probabilities
0.0016611295681063123,0.0016611295681063123,0.14323744089487475,0.8534402999689126
0.7628140647219875,0.23185260194467913,0.0026666666666666666,0.0026666666666666666
0.0460459188339575,0.09244559149463846,0.7332940776322641,0.12821441203913994
0.106467792814259,0.07639548917225988,0.7180952542759188,0.09904146373756234

0.10777921256227278,0.05638705249308908,0.16717794650653803,0.6686557884381
0.15282653991136058,0.08112020661979387,0.4933656650709083,0.27268758839793733
0.0038930562441677787,0.9259787266753882,0.05421006156937392,0.015918155511070203
0.8478453034863568,0.0029237584912646976,0.07729845288395923,0.07193248513841927

Transition Gammas
1.0,1.0,86.2289394187146,513.7710605812854
286.0552742707453,86.94472572925467,1.0,1.0
7.906954181679946,15.874654578666894,125.92044681405349,22.016836825001665
17.04304695930632,12.22916221916481,114.95054810829531,15.854262333985787

15.864971262313722,8.300106728396841,24.60839390050668,98.42533282399852
5.927301159672091,3.1462067717375644,19.134941355168394,10.576052169189557
1.2139716367955034,288.7479244986452,16.90432222055554,4.963758057564412
429.533328890211,1.4812274272911097,39.160754501772644,36.44226095232247

Iteration: ,5000
Error:,0.05139414360076169
Absolute Error:,0.11447364636900645
Transition Probabilities
0.0008620689655172414,0.0008620689655172414,0.14288671619667562,0.8553891458722899
0.7698797119758422,0.2273654670875187,0.0013774104683195595,0.0013774104683195595
0.052473517404264994,0.08185415551383428,0.754465067429632,0.11120725965226866
0.10228641298373316,0.06776183574108222,0.7480826141570244,0.08186913711816028

0.07553696773353259,0.05518563383119211,0.15086634909450503,0.7184110493407702
0.12654403858950447,0.07271764815918189,0.567353892188717,0.23338442106259671
0.0019173356614547222,0.91967905673533,0.06612925058628713,0.012274357016928151
0.8467725610944502,0.0015431256267717883,0.08633466498405455,0.06534964829472349

Transition Gammas
1.0,1.0,165.7485907881437,992.2514092118563
558.9326708944614,165.06732910553856,1.0,1.0
20.288655985065482,31.648551199147434,291.7106182896154,42.99780052372373
31.557236565255135,20.905770553488495,230.79722258969076,25.25813206336568

22.877640204435234,16.713896693569044,45.692409387100994,217.5828604040296
12.480532065471422,7.171850603886218,55.95584369565542,23.01777138709722
1.2420036876006109,595.745858608652,42.83692977583155,7.951031728260171
841.638245156618,1.533769047610353,85.81118386671402,64.95340760839603

Iteration: ,7500
Error:,0.04187371366249792
Absolute Error:,0.1085832707195318
Transition Probabilities
0.0005614823133071315,0.0005614823133071315,0.15070476243351935,0.8481722729398663
0.7747121364574922,0.22340284940490174,0.0009425070688030162,0.0009425070688030162
0.07051344999313491,0.06489327173902479,0.7330295225132109,0.13156375575462936
0.0869004087857595,0.05719278552012627,0.7748861892131299,0.08102061648098431

0.08339149563297017,0.05232565477857423,0.14411966528964917,0.7201631842988064
0.10907750339981179,0.06537663240531524,0.6113283547840133,0.21421750941085974
0.001279875848978341,0.9121631294048128,0.07390880345555728,0.012648191290651511
0.8516521095355183,0.001027145844991681,0.08785783383427956,0.05946291078521053

Transition Gammas
1.0,1.0,268.40518189409767,1510.5948181059002
821.969576781399,237.0304232186007,1.0,1.0
42.2629273218127,38.894418404546364,439.34842838827285,78.85402640466403
39.30124062784018,25.865786563149953,350.4470117802927,36.64206864648167

35.97094530382471,22.570686036271887,62.16605851700146,310.6425938953739
15.892623162351581,9.525393871849937,89.07071456733999,31.21155183911343
1.2571403869357078,895.959643557473,72.5959020542834,12.4235113162414
1288.9087903133104,1.5545048191868034,132.96595295072933,89.99246000866934

Iteration: ,10000
Error:,0.04338449642618671
Absolute Error:,0.1090236715569464
Transition Probabilities
0.0004230118443316411,0.0004230118443316411,0.15812390282527464,0.841030073486062
0.7696326717366334,0.22898036571135558,0.0006934812760055481,0.0006934812760055481
0.07358830228944566,0.05742691992300703,0.731135687545037,0.1378490902425102
0.09183686489702161,0.06013433087800222,0.7723855048957973,0.07564329932917883

0.07692296229839068,0.06303250795947857,0.13273538653611222,0.7273091432060184
0.10615355357967851,0.07579617827989449,0.6051362581892649,0.21291400995116222
0.0009572626230167767,0.9083539995280506,0.0779915954812026,0.012697142367730086
0.8495737459807433,0.000779493330560196,0.0913627087061544,0.05828405198254208

Transition Gammas
1.0,1.0,373.8049062789494,1988.1950937210513
1109.810312644225,330.18968735577465,1.0,1.0
57.01755276109897,44.49542026038939,566.4972059846056,106.80797805413032
54.576302036574745,35.73629618612567,459.0089682518378,44.95287982512764

45.81209417449229,37.5395214174491,79.05163616413701,433.15485996592327
19.55949945157475,13.965950809025646,111.50038704353632,39.230824785780584
1.2658648964453014,1201.1891135209394,103.13452187894116,16.790446448044598
1716.6421182530864,1.5750381746934752,184.6067802173203,117.76830313910366

Iteration: ,12500
Error:,0.04165695940969975
Absolute Error:,0.1035640535856342
Transition Probabilities
0.00034176349965823604,0.00034176349965823604,0.15797829760632495,0.8413381753943585
0.7748803994532437,0.22400601480065377,0.0005567928730512247,0.0005567928730512247
0.0791098367913177,0.06237105512929438,0.7312340410631941,0.12728506701619396
0.08913592288799614,0.05530826429874241,0.7845407655339451,0.07101504727931626

0.07135853826013448,0.05726318079794572,0.12738631771134237,0.7439919632305774
0.09650778298128927,0.08170635394160475,0.6234922827855601,0.19829358029154578
0.0007618170972699458,0.9036066034332204,0.0834149259708514,0.01221665349865822
0.8488869468290345,0.000634856088736196,0.09414968415655575,0.05632851292567348

Transition Gammas
1.0,1.0,462.24449879610745,2461.7555012038965
1391.6851974180263,402.31480258197433,1.0,1.0
77.52161477999802,61.118883634024016,716.55366695869,124.72967121022502
66.27258724595382,41.121712239031496,583.3063107136763,52.79971042099147

54.51125443436735,43.74371861176232,97.31124187138099,568.3403303041546
22.46804482397138,19.02211372029097,145.1556768197874,46.16486787557846
1.2757172144862374,1513.1538833326138,139.68425936810272,20.457660017742224
2129.2941745356356,1.5924327455664264,236.15909604662497,141.29086903847474

Iteration: ,15000
Error:,0.041855510815777215
Absolute Error:,0.10433904064658621
Transition Probabilities
0.0002824858757062143,0.0002824858757062143,0.15409714743904973,0.8453378808095379
0.7728162945869129,0.226253905320107,0.0004649000464900045,0.0004649000464900045
0.07904044775875839,0.06344970364375811,0.7245914322445213,0.13291841635296223
0.08869053714995091,0.05667957695524437,0.7829816841884372,0.07164820170636757

0.07254479306981733,0.06034263037620909,0.1230430954720161,0.7440694810819575
0.09218766631080558,0.08923709961912803,0.6255633553662611,0.19301187870380532
0.0006440784463554282,0.9025024110420075,0.08527409805322744,0.011579412458409712
0.8497234794337029,0.0005286438391458585,0.09586793359811249,0.05387994312903885

Transition Gammas
1.0,1.0,545.5039019342368,2992.496098065768
1662.32784965645,486.67215034355024,1.0,1.0
92.49899067539324,74.2535462806776,847.9706028389617,155.55098311621487
79.5346663332857,50.82832268143102,702.1514244717357,64.25167779129917

65.56593368437255,54.5376275011145,111.20626438721803,672.4894811710842
25.4978050416665,24.681720013402682,173.02197912856874,53.38435661581077
1.2828412025619027,1797.556314525767,169.8444143147377,23.06325803504572
2578.5398695646372,1.6042033073462518,290.9173336721894,163.50210967536484

Iteration: ,17500
Error:,0.040597910562799315
Absolute Error:,0.10280058040515024
Transition Probabilities
0.0002424242424242422,0.0002424242424242422,0.15203582871333288,0.8474793228018186
0.7728239877818472,0.2263740875990669,0.0004009623095429029,0.0004009623095429029
0.07856242689511897,0.06267090214302005,0.724896336835986,0.13387033412587512
0.08680324000377114,0.05362216353706004,0.7886787604631144,0.07089583599605452

0.07445683703651355,0.05859493070318706,0.11795035352659147,0.7489978787337079
0.08508858872931599,0.08533103763265465,0.6363132137440006,0.19326715989402873
0.0005559378293125629,0.9043689506202993,0.08347760200985217,0.01159750954053594
0.8529723588853534,0.00045538278072914794,0.09613734543822106,0.05043491289569631

Transition Gammas
1.0,1.0,627.1477934424987,3495.852206557505
1927.4230255279274,564.576974472073,1.0,1.0
107.86286732741897,86.04448042531403,995.2518079750132,183.79826921810175
91.64411845965296,56.61258620115701,832.6621189180706,74.84958386387744

79.38318784689224,62.47179676200407,125.75440272888599,798.554460153655
27.294503704369482,27.372275854420636,204.11495394435946,61.99575395993223
1.288722474844367,2096.4225328162215,193.5098785942228,26.884249297429292
3025.0272015525634,1.6149940668938751,340.94666961507284,178.86509665657496

Iteration: ,20000
Error:,0.038684935410129705
Absolute Error:,0.10287457208173516
Transition Probabilities
0.00021244954323348185,0.00021244954323348185,0.1540278708626344,0.8455472300508986
0.7736097702468466,0.22568872151043143,0.00035075412136092597,0.00035075412136092597
0.07914936958926344,0.06116327985150443,0.7231743856599882,0.1365129648992441
0.09017418020595953,0.053214097602077265,0.7850150954973333,0.07159662669463004

0.072312197371667,0.05979619927029411,0.11434536536998374,0.7535462379880551
0.0832212933607691,0.08087763018916935,0.6397746859441354,0.1961263905059261
0.0004888776035017882,0.903830651626618,0.08400698156406353,0.011673489205816782
0.855108544568105,0.0004003967554236607,0.09713722495118456,0.04735383372528673

Transition Gammas
1.0,1.0,725.0091881504208,3979.9908118495837
2205.5614549737597,643.43854502624,1.0,1.0
124.51027429872738,96.21626540855827,1137.6292899312366,214.74923670450934
109.04271754496257,64.34890565104236,949.275936097618,86.57789540202226

89.78049574426879,74.24103552706532,141.96752362830358,935.5787442756385
29.568102185901147,28.735410583202967,227.30869139395682,69.68270885543448
1.2926470199214208,2389.8292537234424,222.12384775565454,30.866010072659712
3470.8328813639864,1.625185753485606,394.27400943035434,192.2062926354934

Iteration: ,22500
Error:,0.04049223813413432
Absolute Error:,0.10134788581073637
Transition Probabilities
0.0001888930865130333,0.0001888930865130333,0.15133550853998629,0.8482867052869877
0.7744651881064831,0.22491059216817352,0.00031210986267166054,0.00031210986267166054
0.08231044386581592,0.061293582767292416,0.7231072163970093,0.13328875696988246
0.0884149843872075,0.051145028264757676,0.7896115119471805,0.07082847540085445

0.07090055785846257,0.06149705446896025,0.11126545826279505,0.7563369294097821
0.08423372037937293,0.0826119976027117,0.6459158513374482,0.18723843068046708
0.00043605701457256256,0.9031039431870116,0.08436994845296227,0.012090051345453445
0.8567332214875925,0.0003589229842892326,0.09761700862227411,0.045290846905844354

Transition Gammas
1.0,1.0,801.1701822106887,4490.82981778932
2481.386462693171,720.6135373068277,1.0,1.0
146.4343319633766,109.04430136232051,1286.44333814568,237.1272607511666
121.83360067240359,70.47654866621062,1088.0645888212664,97.5998383987885

99.13594867001106,85.98760037067947,155.57574005419673,1057.5400430682569
33.75583100962717,33.105941633414304,258.8443942163282,75.0339507277108
1.2971926322043352,2686.574787393838,250.9857010783851,35.96576824630934
3900.1268926138655,1.6339335843344942,444.3842154774718,206.1785927946524

Iteration: ,25000
Error:,0.039799235166450134
Absolute Error:,0.09938205480004633
Transition Probabilities
0.00017012589316093866,0.00017012589316093866,0.15483127830627771,0.8448284699074005
0.7741551656870633,0.22529004929213217,0.0002773925104022193,0.0002773925104022193
0.08172519300752781,0.059009338013221564,0.7254961300341712,0.1337693389450794
0.08674350403983513,0.05069051199899523,0.7937396578508693,0.06882632611030036

0.07207465782664163,0.0657470221857118,0.11064070078749198,0.7515376192001546
0.0849437323837783,0.07897313019907193,0.6601504138266281,0.1759327235905217
0.0003888705136971138,0.9036155489537395,0.08334547599741823,0.012650104535145116
0.8558230067275269,0.00032699063553874217,0.10035996899229407,0.04349003364464048

Transition Gammas
1.0,1.0,910.0982538843027,4965.901746115713
2790.829372301862,812.1706276981361,1.0,1.0
161.15390944722859,116.36051460713799,1430.6058308491515,263.779761684812
132.1088632761809,77.20077708642673,1208.8518338819738,104.82130975170128

111.09127406585323,101.33826064376855,170.53450941917643,1158.3720844874035
37.97555638064551,35.30629599463706,295.1315954273645,78.65374968133936
1.3011338325539228,3023.435104882374,278.86819594405426,42.326374503265114
4290.8687039979795,1.6394439895915331,503.17816499217435,218.04745003895306

Iteration: ,27500
Error:,0.039358189185445536
Absolute Error:,0.10014258302482584
Transition Probabilities
0.00015542430836182743,0.00015542430836182743,0.155980555438824,0.8437085959444524
0.7718539038451379,0.2276440881227336,0.00025100401606425706,0.00025100401606425706
0.08025508768415301,0.05751399410344451,0.7295580979998476,0.13267282021255494
0.08944291534194311,0.04911210273670734,0.7922264057770662,0.06921857614428348

0.07342588987968242,0.06458381286187141,0.1102220926948792,0.751768204563567
0.0889979909420524,0.07428974095931111,0.6592286919728367,0.17748357612579976
0.00035229796649162594,0.9033753463822409,0.08356625811485363,0.012706097536413764
0.8536726434512497,0.0002998524376746247,0.10385115342625972,0.04217635068481582

Transition Gammas
1.0,1.0,1003.578893693396,5428.42110630662
3075.0659529190284,906.9340470809705,1.0,1.0
175.3729444171769,125.67924080786784,1594.2260542180213,289.915864479216
149.57630599491088,82.1306738372203,1324.8483553419085,115.75493583038725

124.99976719687086,109.94707160715063,187.64138847194604,1279.8054025690196
43.23216424585536,36.08740207434755,320.23063425675156,86.2154193908526
1.3043127552394955,3344.566529262842,309.3873559711007,47.04178468897161
4684.262296301136,1.6453467017224876,569.85080423254,231.4295659161996

Iteration: ,30000
Error:,0.0415008163916094
Absolute Error:,0.09991918672789839
Transition Probabilities
0.0001422879908935684,0.0001422879908935684,0.15790990055050225,0.8418055234677106
0.7745814520939036,0.22495824871161993,0.00023014959723820493,0.00023014959723820493
0.08105226737340841,0.06230268531919357,0.7231837693239712,0.13346127798342686
0.09141886168082512,0.05021724484269752,0.7903547876268905,0.06800910584958685

0.07304336476898685,0.06591439931638059,0.10922050207768408,0.7518217338369485
0.09334289550754443,0.07062541158085842,0.6600781502795536,0.17595354263204363
0.00032340995407819105,0.9014518540806429,0.08455914764924968,0.013665588316029348
0.855332567714179,0.0002766943867371988,0.10387568886158487,0.040515049037498994

Transition Gammas
1.0,1.0,1109.7907810689312,5916.209218931078
3365.5564093480098,977.4435906519882,1.0,1.0
192.63356045456513,148.07220683445183,1718.7608547214322,317.1918811638157
167.98756452159245,92.27715706592153,1452.3236610073639,124.970753812827

135.96145628325124,122.69174276724861,203.30085512126894,1399.4259180304223
49.32217166993615,37.31830532265254,348.7837790614785,92.97344793562412
1.307751909980404,3645.142547604826,341.9263552348351,55.258655449338896
5106.737387488564,1.6519955196319007,620.1866782393433,241.89388254986574

Iteration: ,32500
Error:,0.04154307450226786
Absolute Error:,0.09919567691211287
Transition Probabilities
0.00013173494928204427,0.00013173494928204427,0.15844404311536156,0.8412924869860743
0.7744147484048279,0.2251617022516736,0.00021177467174925892,0.00021177467174925892
0.08088793417566882,0.06300848805670525,0.7241675211544885,0.13193605661313737
0.09077283775977009,0.050325491796487515,0.792480235222019,0.06642143522172339

0.07241682168635119,0.0663778685740452,0.1094879582286819,0.7517173515109217
0.09327079422811799,0.0726938471654158,0.662658328429469,0.17137703017699712
0.00029791187082580826,0.8995819702430924,0.08538108926146372,0.01473902862461794
0.8562734638978776,0.00025741952491387213,0.10458737950721936,0.038881737069989084

Transition Gammas
1.0,1.0,1202.748731288712,6386.251268711302
3656.7864419675952,1063.213558032402,1.0,1.0
208.2208238109211,162.19575173912855,1864.144008232776,339.6283349095018
180.51905370389113,100.08181280315932,1575.9976846809363,132.09165789894305

146.81616142923926,134.5729298933401,221.97331193961583,1524.0140820677395
53.56023532681289,41.74403781175567,380.5278630430612,98.4123073235622
1.31077037055274,3958.034264326308,375.66479542832,64.84965489399438
5518.105504818694,1.6588953849029486,673.9951883668077,250.56659631391813

Iteration: ,35000
Error:,0.041772808407825136
Absolute Error:,0.0991874998408131
Transition Probabilities
0.00012253400318588384,0.00012253400318588384,0.15816244043058442,0.8415924915630437
0.7737897512898028,0.22581816872588045,0.00019603999215840042,0.00019603999215840042
0.08090000170125149,0.06390840255811393,0.7242010006779318,0.13099059506270277
0.090475281557031,0.0490523951780317,0.7952764734652719,0.06519584979966551

0.07215056228448878,0.06664522116312713,0.10873978251454071,0.7524644340378435
0.09162030444586226,0.07717777327423549,0.6617410616914924,0.16946086058840973
0.00027704578689106084,0.8998347505234666,0.08473865122858068,0.015149552461061632
0.8545110317069214,0.0002398388191772822,0.10732730311950511,0.03792182635439618

Transition Gammas
1.0,1.0,1290.763676354002,6868.236323646013
3947.1015213292817,1151.8984786707156,1.0,1.0
225.4384186529663,178.08910887965428,2018.0806544680595,365.0223978782679
192.88628392088893,104.57590250598334,1695.4677677320242,138.99249583429074

157.79139086645017,145.75135395989545,237.81105763015537,1645.6200182641285
56.425762597100444,47.53110938545377,407.5433308543613,104.36505692591352
1.313456905761117,4266.060785048574,401.7406938038994,71.82308932565024
5927.934354335576,1.6638155892081192,744.5535326201791,263.072200222307

Iteration: ,37500
Error:,0.0402267270447232
Absolute Error:,0.09807531898196536
Transition Probabilities
0.0001144688644688643,0.0001144688644688643,0.1570392029469649,0.8427318593240973
0.7755562089610728,0.22407587345246657,0.0001839587932303166,0.0001839587932303166
0.0790239557974857,0.06275558145124423,0.726194619882366,0.13202584286890412
0.09023842682723775,0.048571640269114466,0.7955751450433721,0.0656147878602758

0.07415593392673851,0.06584690015959664,0.10760557832239301,0.7523915875912719
0.089624035326437,0.07440253720993019,0.6701032252780981,0.16587020218553483
0.0002590959853816012,0.8992591995281028,0.08549417345208185,0.014987531034433727
0.8548837828610157,0.00022469520315819173,0.10817194782633267,0.03671957410949337

Transition Gammas
1.0,1.0,1371.8944769446875,7362.105523055325
4215.923551912388,1218.076448087607,1.0,1.0
239.44087013732855,190.1480491202897,2200.353929627155,400.03543707882096
206.52039574291183,111.16144998254872,1820.759731462742,150.16653583106535

173.5064119067051,154.06534281070097,251.77024692736524,1760.4088816509434
59.263519791430895,49.19836760767583,443.1029646112791,109.68097982005786
1.3155308786083095,4565.887978192567,434.08710077718985,76.09751205082935
6351.513978542289,1.6694137289567421,803.6830882506031,272.8147298127933

Iteration: ,40000
Error:,0.04088594724034039
Absolute Error:,0.09887202110182117
Transition Probabilities
0.00010698619878035717,0.00010698619878035717,0.15752687326979298,0.8422591543326463
0.7766122676692926,0.22304248807039315,0.00017262213015708621,0.00017262213015708621
0.07943967305701867,0.06350097497539695,0.7225917625072007,0.13446758946038376
0.0917247334792254,0.0489731018164103,0.7938993564906652,0.06540280821369915

0.07331066679074616,0.06768699958474923,0.10717175549651212,0.7518305781279925
0.0909547258287239,0.07258598003374866,0.6681209389308138,0.1683383552067137
0.000243497815456775,0.8999072011365243,0.08486643339095433,0.014982867657064566
0.8559262966123643,0.00021107302461613567,0.1084339097307391,0.03542872063228051

Transition Gammas
1.0,1.0,1472.4036844527573,7872.596315547257
4498.91486660821,1292.085133391787,1.0,1.0
255.2319921430014,204.02249559058924,2321.61749858235,432.0313694142114
224.76832124510292,120.0069105017693,1945.423211683572,160.26734392461415

182.05271779921233,168.08743902508343,266.1401159417025,1867.0243508142694
64.76740271373636,51.68731319216802,475.75821397887216,119.87104512163853
1.3187256037870863,4873.680960730322,459.61619164755786,81.14360763549399
6787.454494318994,1.6737989652035636,859.8757052463873,280.94805596614344

Iteration: ,42500
Error:,0.04182965363109143
Absolute Error:,0.09863433165655042
Transition Probabilities
0.00010069479407914603,0.00010069479407914603,0.15644486077155742,0.8433537496402843
0.7768573055787411,0.2228182297879039,0.00016223231667748212,0.00016223231667748212
0.0810268853400145,0.06436890458048707,0.7196497761334898,0.13495443394600876
0.09148450883719741,0.04898475156850196,0.7948262312354066,0.064704508358894

0.0723080100709012,0.06901241370492807,0.10760790162855283,0.7510716745956179
0.0879568449577918,0.07269153749593323,0.6732376998660472,0.1661139176802279
0.0002297735572929208,0.9003120157913262,0.08429115298667457,0.015167057664706286
0.8563242684193786,0.00019928138186647983,0.10904058886038928,0.03443586133836563

Transition Gammas
1.0,1.0,1553.6539123223379,8375.34608767767
4788.548431587361,1373.4515684126397,1.0,1.0
276.5805735938441,219.71952242481876,2456.4827715448073,460.65913299257244
239.01077496226296,127.97667695365249,2076.548651815761,169.04582953965

190.91737478171262,182.2158961223664,284.12091640397205,1983.0808819949173
66.26011510731156,54.760373045660366,507.16698068368146,125.13781402345913
1.3208738575780812,5175.5241957897215,484.5552365421959,87.18918835447313
7210.95969033037,1.6781143133137906,918.2120837629647,289.9784779790333

Iteration: ,45000
Error:,0.040167601477383165
Absolute Error:,0.09857060546249913
Transition Probabilities
9.516558812333457e-05,9.516558812333457e-05,0.1552841124809583,0.844525556342795
0.7771691638814688,0.22252404059774578,0.0001533977603926982,0.0001533977603926982
0.08012233995772647,0.06425557376991879,0.7208093568831446,0.13481272938921002
0.09192728656678627,0.04772834477226539,0.7951537005232028,0.06519066813774549

0.07180799912699361,0.06923266874430446,0.1073284580839802,0.7516308740447217
0.08566591783954922,0.07434642098693459,0.6735452809479897,0.16644238022552646
0.0002172477474685686,0.8997504861312396,0.08517038094662409,0.01486188517466767
0.8558341272310598,0.00018858289724268224,0.11045660571522568,0.03352068415647192

Transition Gammas
1.0,1.0,1631.7254539499104,8874.274546050094
5066.365779343297,1450.634220656705,1.0,1.0
291.52400997813425,233.79300378316213,2622.654733488853,490.5142247265287
254.2085673112834,131.98425187805182,2198.8561889664315,180.273202530805

200.37260933462005,193.1864229075961,299.48868459787275,2097.3462750640424
68.06432340989433,59.07061956542388,535.1533607509801,132.24381740707497
1.322708152686992,5478.111130068493,518.5579991426863,90.48626240727755
7633.360632367662,1.6820096534447755,985.1851881385935,298.9778774514345

Iteration: ,47500
Error:,0.04012021213048431
Absolute Error:,0.09838304140538688
Transition Probabilities
9.000090000900002e-05,9.000090000900002e-05,0.15575500549556406,0.8440649927044179
0.7774244504514072,0.22228540012163786,0.00014507471347744076,0.00014507471347744076
0.08119196413766974,0.06481100532574026,0.7184916367644963,0.1355053937720937
0.09074588097002159,0.04755721453644189,0.7975436335135093,0.06415327098002722

0.07141056702703671,0.06909252405369071,0.1074589850890961,0.7520379238301764
0.0859591918261453,0.07283329289235067,0.675553463680654,0.1656540516008501
0.00020595238216536307,0.9003724412960004,0.0844516919562164,0.014969914365617894
0.8556461234584677,0.00017889713732000375,0.11130349150850279,0.03287148789570962

Transition Gammas
1.0,1.0,1730.5938660612137,9378.406133938795
5358.786736961554,1532.213263038451,1.0,1.0
311.6554495948523,248.77711997752468,2757.930990637162,520.1376129657629
264.7817870117063,138.76425150821018,2327.1031835734693,187.1888569614468

209.6645186983627,202.85864409797335,315.50423594857705,2208.0159268735733
71.53038241650808,60.60775098700702,562.1574211354557,137.8479416583893
1.3243445543196377,5789.704042036438,543.0533852990045,96.26169098068137
8059.153385775245,1.6849950352261356,1048.3445034656277,309.6097273244258

Iteration: ,50000
Error:,0.039864004649985484
Absolute Error:,0.09723686496651984
Transition Probabilities
8.535336292249905e-05,8.535336292249905e-05,0.15640294780425473,0.8434263454699003
0.779341157318453,0.2203825614272301,0.00013814062715844722,0.00013814062715844722
0.08081360442909936,0.06325112728346002,0.7217949993857921,0.13414026890164854
0.09117920431587494,0.04744803738925319,0.7970321248531602,0.06434063344171156

0.07165596270448733,0.06919993412068247,0.10519254233998611,0.7539515608348442
0.08274499625363553,0.07024771148272262,0.6805902059138238,0.1664170863498181
0.00019570456242393194,0.9006316959782192,0.08407506115088693,0.01509753830846996
0.8569171081738969,0.00017012209594054046,0.1111345554964823,0.03177821423368038

Transition Gammas
1.0,1.0,1832.4169364746504,9881.583063525362
5641.650637828285,1595.3493621717196,1.0,1.0
325.65284490941946,254.8817082111197,2908.6017960948343,540.5421586295059
279.81508235330176,145.61079567640908,2445.9701236412798,197.45159853321502

222.1873999450004,214.57186336395284,326.17603049330353,2337.817128732516
72.41663823982562,61.47928382311647,595.6378870349437,145.64464903932006
1.3261491334881015,6102.933566904823,569.7162504146783,102.3051639553013
8509.965599504028,1.689467009539189,1103.667128558847,315.5865454928107

Iteration: ,52500
Error:,0.040732210634751215
Absolute Error:,0.09721264576343694
Transition Probabilities
8.131403480240682e-05,8.131403480240682e-05,0.15762993473708004,0.8422074371933151
0.7780998548882189,0.22163829646030175,0.00013092432573972237,0.00013092432573972237
0.08114107317933567,0.06386865011106467,0.7221242559427977,0.13286602076680198
0.09256843176218953,0.047941793297751584,0.7952152459649664,0.06427452897509249

0.07207425754976453,0.0702146887045801,0.10425266096549728,0.753458392780158
0.08110803408871346,0.0697362361023757,0.6834099157720805,0.16574581403683036
0.0001864935589154558,0.9015334371278426,0.08301117283198846,0.0152688964812535
0.8575205356183618,0.00016281223094346235,0.11111980164918377,0.031196850501510894

Transition Gammas
1.0,1.0,1938.532937396612,10357.467062603399
5943.126691636218,1692.8733083637856,1.0,1.0
341.7831574355467,269.0281018080637,3041.7382786080743,559.65944637197
298.94434932161704,154.8252242138753,2568.1012387284245,207.57084112405585

235.52877576149726,229.4519601488203,340.68337908480095,2462.1985556522145
74.38003014016225,63.95153576873547,626.7202836850239,151.99700969426763
1.3278753144130586,6419.117117190725,591.0578781653469,108.71791408611813
8919.084094352225,1.6934124829170354,1155.7587419666072,324.4789151332273

Iteration: ,55000
Error:,0.04021027829296992
Absolute Error:,0.09748482271975037
Transition Probabilities
7.756748371082833e-05,7.756748371082833e-05,0.15760014971143152,0.8422447153211469
0.7762472711255596,0.22350294743320145,0.00012489072061945796,0.00012489072061945796
0.08089137462471248,0.06502948994613396,0.7216660551350761,0.13241308029407756
0.0923000114712047,0.04718826344653573,0.796228725713834,0.06428299936842567

0.0727999530382964,0.07019852018591487,0.10328305454475867,0.7537184722310302
0.08027630661253629,0.06944765203837604,0.6823514636673469,0.16792457768174066
0.0001779757905148067,0.9002098175316854,0.0841299091677387,0.015482297510061206
0.8573058311225941,0.00015565896799109167,0.11201734764525391,0.030521162264160854

Transition Gammas
1.0,1.0,2031.7811300797773,10858.218869920238
6215.411899902356,1789.588100097644,1.0,1.0
356.3882814663205,286.50456583357175,3179.490104790426,583.3807417490891
312.05883961099363,159.5396847700046,2691.984629803818,217.33559801217785

248.1099646460358,239.24400545106374,351.99960909527437,2568.752529276098
77.9181836986721,67.40762171689899,662.3073349613625,162.99177980971646
1.3298247604273308,6726.31542453416,628.6137905618884,115.68282695993376
9344.140973745882,1.6965933135342994,1220.9247270973895,332.6631320184145

Iteration: ,56235
Error:,0.04031317669854222
Absolute Error:,0.09733471272509413
Transition Probabilities
7.597052343690643e-05,7.597052343690643e-05,0.1579048281234089,0.8419432308297173
0.7766285608008712,0.2231269703077953,0.00012223444566678896,0.00012223444566678896
0.08114453508993948,0.06458188408467908,0.7222520820656422,0.13202149875973926
0.09225830706986099,0.047245164003228625,0.7966881624647097,0.06380836646220066

0.07257191062224302,0.07014171229022935,0.10264306727545412,0.7546433098120736
0.08207377045746292,0.07027808439463078,0.6823383535969199,0.16530979155098652
0.00017388129139083315,0.8993553779940056,0.08505157146156031,0.015419169253043352
0.857212719270318,0.00015272305795555784,0.11230699297006802,0.030327564701658528

*,*,*,*,*,*,*,*,*,*,*
Model Num 2
Model States: 
"['diamond', 'x', 'square']","['diamond', 'x', 'diamond']","['square', 'y', 'diamond', 'x', 'diamond']","['square', 'y', 'diamond', 'x', 'square']"
Iteration: ,56235
Error:,0.04016616254214551
Absolute Error:,0.09733471272509413
Transition Probabilities
7.597052343690643e-05,7.597052343690643e-05,0.1579048281234089,0.8419432308297173
0.7766285608008712,0.2231269703077953,0.00012223444566678896,0.00012223444566678896
0.08114453508993948,0.06458188408467908,0.7222520820656422,0.13202149875973926
0.09225830706986099,0.047245164003228625,0.7966881624647097,0.06380836646220066

0.07257191062224302,0.07014171229022935,0.10264306727545412,0.7546433098120736
0.08207377045746292,0.07027808439463078,0.6823383535969199,0.16530979155098652
0.00017388129139083315,0.8993553779940056,0.08505157146156031,0.015419169253043352
0.857212719270318,0.00015272305795555784,0.11230699297006802,0.030327564701658528

Transition Gammas
1.0,1.0,2078.5012525884326,11082.498747411577
6353.598255911924,1825.4017440880725,1.0,1.0
367.0625500912735,292.1403275716151,3267.1539834186033,597.2077842076394
319.5412457545695,163.63598076906882,2759.3691668233187,221.0034581867644

253.1513348916707,244.6741162746344,358.0480281608116,2632.4091457424342
82.07684734018092,70.28071906612354,682.3639339385602,165.31598888830763
1.330821927357606,6883.327400825304,650.9527008449286,118.01251520190917
9532.060080443196,1.6982545071666357,1248.8347178934212,337.2373768273218

