0,1,2,3,4,5,6,7,8,9,10,11,12,13,14,15,16,17,18,19,20,21,22,23,24,25,26,27,28,29
github Code Version (SHA):,528ca1c557fe8e6666681dc5c9134b0f84d30530
Environment Observations,Environment Actions,alpha,epsilon,numActions,explore,patience,gainThresh,insertRandActions,useUpdatedPosterior,revisedSplitting,haveControl,confidence_factor
"['diamond', 'square']","['x', 'y']",0.85,0.99,75000,0.5,0,0.01,False,True,False,False,250

Model Num 0
Model States: 
['diamond'],['square']
Iteration: ,0
Error:,0.5076073425389389
Absolute Error:,1
Transition Probabilities
0.5,0.5
0.5,0.5

0.5,0.5
0.5,0.5

Transition Gammas
1.0,1.0
1.0,1.0

1.0,1.0
1.0,1.0

Iteration: ,2466
Error:,0.09302473018653297
Absolute Error:,1
Transition Probabilities
0.474,0.526
0.12812960235640647,0.8718703976435935

0.12704174228675136,0.8729582577132486
0.8867924528301887,0.11320754716981132


Model Num 1
Model States: 
['square'],"['diamond', 'x', 'square']","['diamond', 'x', 'diamond']"
Iteration: ,0
Error:,0.5698909448293311
Absolute Error:,1
Transition Probabilities
0.3333333333333333,0.3333333333333333,0.3333333333333333
0.3333333333333333,0.3333333333333333,0.3333333333333333
0.3333333333333333,0.3333333333333333,0.3333333333333333

0.3333333333333333,0.3333333333333333,0.3333333333333333
0.3333333333333333,0.3333333333333333,0.3333333333333333
0.3333333333333333,0.3333333333333333,0.3333333333333333

Transition Gammas
1.0,1.0,1.0
1.0,1.0,1.0
1.0,1.0,1.0

1.0,1.0,1.0
1.0,1.0,1.0
1.0,1.0,1.0

Iteration: ,2500
Error:,0.06192179105198036
Absolute Error:,1
Transition Probabilities
0.8944444444444445,0.060038612137052146,0.04551694341850341
0.9955156950672646,0.002242152466367713,0.002242152466367713
0.0028328611898017007,0.7712628381727941,0.22590430063740433

0.10668563300142248,0.4173237454855917,0.4759906215129857
0.922328275965127,0.028502108420937523,0.04916961561393535
0.8279567278740345,0.10571275466065845,0.06633051746530698

Transition Gammas
644.0,43.227800738677544,32.772199261322456
444.0,1.0,1.0
1.0,272.2557818749962,79.7442181250037

75.0,293.378593076371,334.62140692362897
118.17542396295491,3.651897956785347,6.299969677490442
40.74573777893073,5.2023783807539115,3.2642839660496974

Iteration: ,5000
Error:,0.06532834080635798
Absolute Error:,1
Transition Probabilities
0.8925795053003533,0.057049827737256524,0.05037066696239013
0.9977502812148481,0.0011248593925759281,0.0011248593925759281
0.0014265335235378036,0.8018883684197874,0.1966850980566749

0.10589907604832978,0.4037986670181226,0.4903022569335476
0.9060670251993408,0.03627423141583003,0.057658743384829084
0.8165814861933031,0.1107115919299582,0.07270692187673874

Transition Gammas
1263.0,80.72550624821798,71.27449375178203
887.0,1.0,1.0
1.0,562.1237462622707,137.87625373772906

149.0,568.1447244944985,689.8552755055015
197.59860995888192,7.910825033631335,12.574442318228616
121.33294257699421,16.450242202852678,10.803263270326022

Iteration: ,7500
Error:,0.06522638072403587
Absolute Error:,1
Transition Probabilities
0.8940520446096655,0.05773514357788241,0.04821281181245216
0.9985196150999259,0.0007401924500370096,0.0007401924500370096
0.0009746588693957119,0.8124384609505724,0.186586880180032

0.11195087387812942,0.40515013926476046,0.4828989868571101
0.8997457983433338,0.046501053857837454,0.05375314779882887
0.8426821848719683,0.09450543313515163,0.06281238199288011

Transition Gammas
1924.0,124.24602897960295,103.75397102039706
1349.0,1.0,1.0
1.0,833.5618609352869,191.43813906471274

237.0,857.7028448234979,1022.2971551765021
269.70923781165004,13.93923018760241,16.113129452222157
196.21043342654355,22.004680209809617,14.625258391156237

Iteration: ,10000
Error:,0.06033588725565667
Absolute Error:,1
Transition Probabilities
0.8881900768693222,0.06056121947864778,0.05124870365203008
0.9989035087719298,0.0005482456140350877,0.0005482456140350877
0.0007246376811594205,0.8154279241237754,0.1838474381950652

0.10850231234436142,0.4056760328098758,0.4858216548457628
0.8993372819581539,0.04684329192590687,0.05381942611593928
0.8606734829444145,0.08089142070299703,0.05843509635258859

Transition Gammas
2542.0,173.32621014788995,146.6737898521101
1822.0,1.0,1.0
1.0,1125.2905352908097,253.70946470918986

305.0,1140.3553282285611,1365.6446717714393
344.6742764104384,17.952861593917707,20.62649033402305
272.18178144731974,25.581328374872545,18.479677763373758

Iteration: ,12500
Error:,0.061757152438232515
Absolute Error:,1
Transition Probabilities
0.8888888888888888,0.059607943872441754,0.05150316723866937
0.9991189427312775,0.0004405286343612335,0.0004405286343612335
0.0005750431282346173,0.8197781364353426,0.17964682043642274

0.10865825688073392,0.3986428640778628,0.49269887904140325
0.8983435817857315,0.0500137551209205,0.05164266309334798
0.8607653126748266,0.08329907569587915,0.05593561162929422

Transition Gammas
3208.0,215.1250694356423,185.87493056435775
2268.0,1.0,1.0
1.0,1425.5941792610615,312.4058207389393

379.0,1390.4663099035856,1718.5336900964148
427.9902207685675,23.827629572549615,24.603676395687266
342.2935060345481,33.12486254909184,22.24345746145435

Iteration: ,15000
Error:,0.060175964263118
Absolute Error:,1
Transition Probabilities
0.8883201489064682,0.0594693027200182,0.05221054837351369
0.9992665933259993,0.0003667033370003667,0.0003667033370003667
0.0004789272030651338,0.826187578261335,0.1733334945355999

0.10875773441218467,0.3967923693093517,0.49444989627846364
0.8910048724358133,0.053681014849347085,0.055314112714839554
0.8738704449801843,0.07518688462486726,0.05094267039494846

Transition Gammas
3818.0,255.59906309063823,224.40093690936183
2725.0,1.0,1.0
1.0,1725.0796634096687,361.92033659033285

457.0,1667.321535837896,2077.6784641621043
512.5223425647201,30.878304185503623,31.817692026752425
425.0412498566656,36.570097544044025,24.777970716467063

Iteration: ,17500
Error:,0.060256011821110476
Absolute Error:,1
Transition Probabilities
0.8885548206053318,0.06001883452162988,0.05142634487303842
0.9993798449612403,0.000310077519379845,0.000310077519379845
0.0004125412541254124,0.8246821975474585,0.17490526119841615

0.10566957935378986,0.4028577077405236,0.4914727129056865
0.8928885285362647,0.05227112479927278,0.05484034666446245
0.8799711619730289,0.07072037194931777,0.04930846607765341

Transition Gammas
4433.0,299.43396542841145,256.56603457158866
3223.0,1.0,1.0
1.0,1999.0296468550403,423.9703531449609

520.0,1982.4627797911169,2418.537220208884
578.0574271862474,33.84040779102883,35.503726037145
504.98498602675426,40.58397318448453,28.296421666131458

Iteration: ,20000
Error:,0.06109687047329867
Absolute Error:,1
Transition Probabilities
0.8887338681548655,0.05967275565338864,0.05159337619174565
0.9994572591587517,0.000271370420624152,0.000271370420624152
0.0003629764065335752,0.8262297752555414,0.1734072483379251

0.1063791874554526,0.4040417756485224,0.489579036896025
0.891183000854781,0.05326221500518917,0.055554784140029824
0.8747785563784753,0.07456162819613218,0.05065981542539254

Transition Gammas
5096.0,342.1635809165305,295.8364190834696
3683.0,1.0,1.0
1.0,2276.263030829017,477.7369691709838

597.0,2267.482444939508,2747.517555060492
657.9175228566476,39.32093018432964,41.01342365057087
574.6218378092174,48.977812169383064,33.277263177699766

Iteration: ,22500
Error:,0.06074778228043739
Absolute Error:,1
Transition Probabilities
0.8893353941267388,0.059501227124726254,0.051163378748534966
0.9995180722891567,0.00024096385542168674,0.00024096385542168674
0.00032478077297823957,0.8278497873614895,0.17182543186553223

0.10740272065801962,0.4041075531908699,0.48848972615111047
0.8939965077320864,0.052802336589026215,0.053201155678887446
0.8775447506355529,0.07501227951137247,0.047442969853074564

Transition Gammas
5754.0,384.9729394969789,331.02706050302123
4148.0,1.0,1.0
1.0,2548.9494952860273,529.050504713974

679.0,2554.7679512726795,3088.2320487273205
730.4363827918288,43.1419445237959,43.46779811591515
653.9347166036156,55.89815642852894,35.35387229339009

Iteration: ,22672
Error:,0.06085623628542552
Absolute Error:,1
Transition Probabilities
0.8895536125172573,0.05951418001180839,0.05093220747093438
0.9995216455393446,0.00023917723032767282,0.00023917723032767282
0.0003222687721559779,0.8277853070649519,0.17189242416289216

0.10795543699984309,0.40395855212963233,0.4880860108705246
0.8948515187505718,0.05237643949243537,0.05277204175699284
0.8776465345541893,0.07452654548092673,0.047826919964883925


Model Num 2
Model States: 
"['diamond', 'x', 'square']","['diamond', 'x', 'diamond']","['square', 'y', 'diamond', 'x', 'diamond']","['square', 'y', 'diamond', 'x', 'square']"
Iteration: ,0
Error:,0.507184167887553
Absolute Error:,0.6
Transition Probabilities
0.25,0.25,0.25,0.25
0.25,0.25,0.25,0.25
0.25,0.25,0.25,0.25
0.25,0.25,0.25,0.25

0.25,0.25,0.25,0.25
0.25,0.25,0.25,0.25
0.25,0.25,0.25,0.25
0.25,0.25,0.25,0.25

Transition Gammas
1.0,1.0,1.0,1.0
1.0,1.0,1.0,1.0
1.0,1.0,1.0,1.0
1.0,1.0,1.0,1.0

1.0,1.0,1.0,1.0
1.0,1.0,1.0,1.0
1.0,1.0,1.0,1.0
1.0,1.0,1.0,1.0

Iteration: ,2500
Error:,0.048809278323683564
Absolute Error:,0.11533605822046014
Transition Probabilities
0.001655629139072847,0.001655629139072847,0.11447541482287893,0.8822133268989754
0.814103809593661,0.17985389433383145,0.003021148036253777,0.003021148036253777
0.0815856711378506,0.05299987749917219,0.70961593788829,0.15579851347468723
0.05884070554085394,0.03489367997808546,0.8115398193090929,0.09472579517196761

0.06716842112722739,0.06781879860535485,0.10646722772097393,0.7585455525464438
0.09484112454563677,0.0758351719160078,0.5825494146649672,0.24677428887338818
0.0041102326674424565,0.9456363264893006,0.021067343956349058,0.029186096886907743
0.8799874981990812,0.002346092394425702,0.06642546737763373,0.05124094202885933

Transition Gammas
1.0,1.0,69.1431505530189,532.8568494469813
269.46836097550175,59.5316390244982,1.0,1.0
11.667540868289478,7.579495616222725,101.48194947262056,22.280695835831946
10.7046328435861,6.348054961163802,147.6398986688284,17.23305063751515

11.060129651239375,11.167222524789443,17.531174954545275,124.90411441477022
4.987032847538614,3.987642440509924,30.632208128770436,12.976137624215752
1.2910482573470705,297.02993240958403,6.617376655395039,9.167524705615108
473.0236464075792,1.261105619672419,35.70598088904624,27.54377453481387

Iteration: ,5000
Error:,0.040691256684442796
Absolute Error:,0.10043919264222034
Transition Probabilities
0.0008058017727639008,0.0008058017727639008,0.12277555654187254,0.8756128399125996
0.8248614210789345,0.1721799990394087,0.001479289940828402,0.001479289940828402
0.0675293038687541,0.05951375296832154,0.7254428030217022,0.1475141401412222
0.0566358703981435,0.04305522682421984,0.832342614832786,0.06796628794485068

0.05852503790371483,0.06355977773823415,0.10672052518173497,0.771194659176316
0.08741027802441821,0.07145079408036396,0.6351489995990653,0.2059899282961525
0.0020641070548571613,0.9382133911808481,0.019456089330656137,0.04026641243363851
0.8874102721621483,0.0011966426796946987,0.06450578575497475,0.046887299403182085

Transition Gammas
1.0,1.0,152.36446566846368,1086.6355343315352
557.6063206493599,116.39367935064031,1.0,1.0
20.394719088656355,17.973919530691585,219.09306530495485,44.551169306173676
20.27245923282142,15.411351929756643,297.93188677631315,24.328112058349376

18.210639912250926,19.777248623024228,33.207138772438526,239.96478675701195
7.873594765261776,6.436023439804123,57.21187429477622,18.5548113767143
1.3115572213465454,596.1515152383539,12.362621599852725,25.585738821435086
955.1325918468021,1.2879639328340555,69.42851606523419,50.4654827744381

Iteration: ,7500
Error:,0.04062915564307712
Absolute Error:,0.09583624972905708
Transition Probabilities
0.0005446623093681922,0.0005446623093681922,0.1295917761424271,0.8693188992388364
0.8208853162907528,0.1771615587092473,0.0009765625,0.0009765625
0.08131045361435237,0.04749167820491123,0.7396090108413884,0.13158885733934803
0.05393994956191132,0.03547311371731362,0.8400237098617247,0.07056322685905045

0.05750795133847243,0.05756790739851996,0.10233918183599401,0.7825849594270136
0.08258049972839657,0.057522415314127315,0.6608850264098526,0.1990120585476235
0.0013560495561210255,0.9406821977349618,0.019331338629699463,0.038630414079217676
0.8859088516703848,0.0008225084647458305,0.07009421279880332,0.04317442706606607

Transition Gammas
1.0,1.0,237.93050099749593,1596.0694990025022
840.5865638817309,181.41343611826923,1.0,1.0
38.526183943087815,22.50231119071488,350.43849260497717,62.34888993192886
28.60755712975076,18.813497889415455,445.51443717299145,37.423867838676564

27.4079154689135,27.436490137066084,48.77418825807189,372.9749002703464
11.161904285814842,7.774955299821187,89.32781265524825,26.89925050753485
1.3251363863049204,919.237945649699,18.89065196663831,37.7497762403519
1408.2959442014999,1.3075107363346798,111.42613081518157,68.63276105179578

Iteration: ,10000
Error:,0.0417730039939168
Absolute Error:,0.09434115063428322
Transition Probabilities
0.0004056795131845845,0.0004056795131845845,0.1280583840984788,0.871130256875152
0.8243047641960487,0.17421485090387726,0.0007401924500370093,0.0007401924500370093
0.07952881598135703,0.050038619603958126,0.7484924400125398,0.121940124402145
0.05895327360365064,0.037683745188721036,0.8320779512813534,0.07128502992627483

0.0711726260361086,0.052698372629890924,0.10194974913866298,0.7741792521953376
0.06873867175202014,0.06912763704770628,0.6751664436239239,0.18696724757634967
0.0010304519539216786,0.9405266055407422,0.018613303583063193,0.03982963892227286
0.8866871952692884,0.0006177628213297653,0.07171174468860271,0.04098329722077912

Transition Gammas
1.0,1.0,315.66391680275,2147.336083197248
1113.6357364288624,235.36426357113828,1.0,1.0
50.56641059645599,31.815806049052206,475.9102167306209,77.53258139976866
41.176717891917384,26.320725718796687,581.1761920863917,49.7900012631248

45.51241757565567,33.698775417845106,65.19331677010388,495.0606906993581
12.045947100773404,12.114110410544287,118.31795780767435,32.76463621535898
1.3338547059086017,1217.4520452489867,24.09374108349872,51.55694169817846
1897.2094724351762,1.3218026408841552,153.43877980187898,87.69033782570231

Iteration: ,12500
Error:,0.04044388302874924
Absolute Error:,0.09228461418086675
Transition Probabilities
0.00032456994482310975,0.00032456994482310975,0.12677061419082522,0.8725802459195285
0.8292021847894909,0.16960592009727907,0.0005959475566150178,0.0005959475566150178
0.07869585393052717,0.05298183023157153,0.7524960881330826,0.11582622770481886
0.060524233672596975,0.039980332397645285,0.829432420740798,0.07006301318895986

0.0695787122764046,0.05531688422445497,0.10288382639092641,0.7722205771082141
0.06740432157586652,0.05881760463519615,0.6816196495464804,0.192158424242457
0.0008268076133301401,0.9346666065339049,0.01967900530086725,0.04482758055189769
0.888540077493462,0.000499250968402565,0.07186251713815453,0.039098154399980725

Transition Gammas
1.0,1.0,390.5802623219321,2688.4197376780644
1391.401266076766,284.5987339232343,1.0,1.0
63.52697816938956,42.76941419895718,607.4500774282551,93.50035448300119
53.19193329950183,35.13685420110186,728.9495681870035,61.575122858542095

55.4570814624469,44.08982078451976,82.00262055244642,615.4914060717787
14.731673831840176,12.854988327129401,148.9726195551115,41.99753315214426
1.3408333179451017,1515.7481704403892,31.913428887217055,72.69685546890598
2373.9030159997697,1.3338434693626697,191.99431797476285,104.45812068710188

Iteration: ,15000
Error:,0.04068128118282248
Absolute Error:,0.09085248908577659
Transition Probabilities
0.00027151778441487966,0.00027151778441487966,0.12381910060462324,0.875637863826547
0.828327090993336,0.17068720176171576,0.0004928536224741256,0.0004928536224741256
0.07684362302334204,0.05419427175042599,0.7529665127316232,0.11599559249460877
0.0627367204767847,0.04243032532984044,0.8263871303154599,0.06844582387791498

0.06571083351448906,0.0587404265775789,0.09743710741687661,0.7781116324910554
0.061132965059895496,0.06789933432633874,0.6918912514895023,0.17907644912426354
0.0006945056969572829,0.9364510515972919,0.01847900244569374,0.04437544026005709
0.8859689962695065,0.00042071210088306883,0.07604255098400957,0.037567740645600846

Transition Gammas
1.0,1.0,456.0257475268266,3224.974252473167
1680.6756676254772,346.32433237452096,1.0,1.0
75.73138867426304,53.40986403781937,742.0680778815127,114.31667266706388
66.94694605555077,45.2778002960393,881.8454999525007,73.03918413424446

63.18146116743755,56.47936241672669,93.68651239478497,748.160193118307
15.8774190124717,17.63477660065955,179.69760341575423,46.50963379946949
1.3465956369638474,1815.7099442608057,35.8294311736164,86.04072580590818
2826.633214591724,1.3422578026364698,242.60939292315962,119.8577195738805

Iteration: ,17500
Error:,0.04154930289925742
Absolute Error:,0.0894293909082689
Transition Probabilities
0.00023245002324500272,0.00023245002324500272,0.12329425221053274,0.8762408477429773
0.8277562193076161,0.1714013207092331,0.00042122999157540047,0.00042122999157540047
0.07482787901287513,0.055987458828186606,0.7536929697876296,0.1154916923713086
0.06846852916007633,0.04569815885609625,0.8197767380587314,0.06605657392509603

0.06355251975726225,0.06053840977873374,0.0966192767745874,0.7792897936894166
0.062052386916015626,0.060895037088413456,0.7079857543373966,0.1690668216581743
0.0005977535757020166,0.9372939816426334,0.018088036867212883,0.04402022791445174
0.8862887285501029,0.0003620635441167269,0.07735941113994248,0.035989796765838036

Transition Gammas
1.0,1.0,530.4118730097109,3769.588126990282
1965.0932646362792,406.9067353637191,1.0,1.0
85.41910440503848,63.91198914237285,860.3715530217775,131.83852140031868
84.95398067435474,56.701093946941526,1017.1577806133989,81.9612889817836

71.74616563071108,68.34345501318322,109.07612571564364,879.76141348785
19.000290820848218,18.64591310229789,216.78352595258852,51.767851960464995
1.3523425083355658,2120.5100993227775,40.92191522090854,99.59024563829493
3304.23665574072,1.3498350996012423,288.40917606306306,134.17614584908742

Iteration: ,20000
Error:,0.04168707763879612
Absolute Error:,0.08671215498841865
Transition Probabilities
0.000204373594931535,0.000204373594931535,0.12415958598519994,0.8754316668249371
0.8292195691712156,0.17004648587465587,0.0003669724770642202,0.0003669724770642202
0.07384760849157292,0.05371671000403354,0.7600062511301894,0.11242943037420396
0.06678703037798066,0.0463174367472297,0.8251437477783313,0.061751785096458296

0.06354660023616797,0.06227346506415166,0.09315451377472718,0.7810254209249532
0.06321486893319361,0.06233134031999995,0.7154918552630034,0.15896193548380297
0.0005221293868594425,0.9367052781162122,0.018463964542558397,0.04430862795436999
0.886432026730556,0.00031966149513334264,0.07890690821949532,0.03434140355481527

Transition Gammas
1.0,1.0,607.5128542255828,4283.487145774414
2259.6233259915625,463.37667400843725,1.0,1.0
97.85085194784365,71.17665615846923,1007.0367975052602,148.97321349792983
94.24426561393965,65.35928887177971,1164.3737727997775,87.13894904188281

83.23750939259189,81.5698733515621,122.01989857000993,1023.0383776391645
21.953918775538096,21.64707774688048,248.48347137448502,55.20595832764991
1.3554601248188722,2431.7088544485478,47.93288467068176,115.02623657869523
3761.631629967039,1.3565042267382317,334.84656784809755,145.72996680378483

Iteration: ,22500
Error:,0.04042986758934706
Absolute Error:,0.08602346557257472
Transition Probabilities
0.00018181818181818178,0.00018181818181818178,0.12450034638284757,0.8751360172535161
0.827985374352483,0.1713616710278631,0.000326477309826967,0.000326477309826967
0.07310300135525566,0.05302194880343998,0.7645478535531067,0.10932719628819747
0.06646885756415405,0.044649306579404004,0.8296351433668832,0.05924669248955882

0.0642932137699755,0.06479295574144181,0.0919547724132168,0.7789590580753659
0.060482985762878416,0.059557433470111554,0.7162844212614959,0.16367515950551415
0.0004639251821265009,0.9349798822645966,0.01831604401387587,0.046240148539400984
0.8849345351457232,0.00028477567126749615,0.08135105534230701,0.03342963384070236

Transition Gammas
1.0,1.0,684.7519051056618,4813.248094894339
2536.1192016416553,524.8807983583447,1.0,1.0
109.68244563203129,79.55319082832087,1147.1140285048778,164.03258471850052
104.5284329292656,70.21516871444437,1304.6780795876703,93.17090964288626

94.83478707333578,95.57192433365653,135.63657423292292,1148.9924376112217
23.828646881580248,23.46400452015247,282.1965272668936,64.48354905020166
1.3587799892116093,2738.4414627230667,53.645447685112764,135.43172682611188
4233.430050407043,1.3623356717230297,389.1745531908043,159.92371283377364

Iteration: ,25000
Error:,0.04010901217281556
Absolute Error:,0.08428388546006732
Transition Probabilities
0.00016428454082470848,0.00016428454082470848,0.12713924453505074,0.8725321863832999
0.8253169891275061,0.17409855733655002,0.0002922267679719462,0.0002922267679719462
0.070603469004144,0.05239138090950975,0.7713096555477328,0.10569549453861345
0.06982359210906937,0.0440308666162556,0.8298504620786687,0.05629507919600641

0.0656848783572381,0.06181441512329862,0.09098413460941955,0.7815165719100436
0.05807384567826176,0.06081344432243292,0.7241691126395051,0.15694359735980007
0.0004149768964435246,0.9341021214238505,0.01814718913947062,0.04733571254023529
0.8830255637082217,0.0002589193099640093,0.08425007908577159,0.03246543789604263

Transition Gammas
1.0,1.0,773.8965814848534,5311.103418515144
2824.234736794326,595.7652632056743,1.0,1.0
119.77787207467219,88.88130015291964,1308.5168555490286,179.31103956056592
121.25231655571241,76.46190085489904,1441.0786939275397,97.7593469058498

107.15998314454349,100.84561086764292,148.4338340118414,1274.9860358663998
25.95858842556741,27.183169178308948,323.6983486449893,70.15265137531632
1.362679669051044,3067.356232577543,59.590801084864594,155.43856453560815
4660.72727054761,1.3666108190038482,444.68320882111783,171.35693231453706

Iteration: ,27500
Error:,0.03975821697201846
Absolute Error:,0.08293561621950529
Transition Probabilities
0.00014916467780429587,0.00014916467780429587,0.12641656724675832,0.8732851033976331
0.8265087165532181,0.17295823440627012,0.0002665245202558634,0.0002665245202558634
0.06922417900956819,0.04994447712269424,0.7741167244266235,0.10671461944111398
0.07104332889514493,0.043999474883882964,0.8315007983288704,0.05345639789210178

0.06790856221095627,0.060492923641463005,0.09135245742472892,0.7802460567228517
0.05777043263308457,0.06039533274193492,0.7312454019844674,0.15058883264051307
0.00037701564043901125,0.9336512397199106,0.018350997279051675,0.04762074736059866
0.8832356267335568,0.00023622120428779276,0.08499109172130376,0.03153706034085163

Transition Gammas
1.0,1.0,847.4966668222683,5854.503333177736
3101.060704507676,648.9392954923258,1.0,1.0
129.4973085568405,93.43087136900002,1448.136095745232,199.63047881552546
135.5085200211891,83.92489225870048,1586.0101761881633,101.96309036579453

121.3269635636049,108.0780170209462,163.21235367913084,1394.0051418050307
28.647331531082806,29.948972876436812,362.61160781461945,74.6743276258754
1.3658850701087215,3382.5129576506793,66.4835898475602,172.52458749860028
5129.099184880877,1.3717766241438056,493.5576940912734,183.14106178667294

Iteration: ,30000
Error:,0.039878941044269214
Absolute Error:,0.08221797013214427
Transition Probabilities
0.00013743815283122595,0.00013743815283122595,0.12742291912069184,0.8723022045736457
0.8230649540813684,0.1764486645956744,0.00024319066147859912,0.00024319066147859912
0.06820274513510749,0.04909387450750318,0.7768515097336394,0.10585187062374983
0.07243149063350118,0.04500559531233351,0.8305472879046301,0.0520156261495354

0.0649654912940368,0.0629156225204993,0.09091924116068671,0.7811996450247772
0.05532625361882209,0.06302836559293236,0.7367815524467715,0.1448638283414741
0.00034560419789056375,0.9321297816504557,0.017984083616600498,0.04954053053505328
0.882312163229543,0.0002179664383952938,0.08660749281679825,0.030862377515263457

Transition Gammas
1.0,1.0,927.1291595221537,6346.870840477845
3384.4430911825884,725.5569088174135,1.0,1.0
140.63416154933395,101.23164199467013,1601.8689644133844,218.2667141052778
150.05284152256996,93.23593097374395,1720.6049396325889,107.7582752894975

127.22494567503489,123.21059223662417,178.05138215810769,1529.8596288574006
30.290894723590192,34.50776913125309,403.38484859665164,79.31234606593729
1.3688292636945423,3691.872177687993,71.22928507635606,196.2144220158082
5573.45810389646,1.376867352712272,547.0889474436025,194.95386693791585

Iteration: ,32500
Error:,0.03972678866973817
Absolute Error:,0.08154552048173219
Transition Probabilities
0.00012712941774726676,0.00012712941774726676,0.12788748752528006,0.8718582536392253
0.825147535105179,0.17440343031915861,0.00022451728783116296,0.00022451728783116296
0.06799355808524735,0.04832279877143492,0.7776890270033403,0.10599461613997752
0.07273741395217137,0.04541392165053925,0.8301068236822454,0.05174184071504408

0.06438706209590939,0.06303280613034966,0.09053432439611042,0.7820458073776306
0.055776131078873484,0.06293463975304851,0.7396369082431503,0.1416523209249277
0.00031932850047575976,0.9307958555017478,0.018011889586670608,0.05087292641110589
0.8815884091129241,0.00020204091136516862,0.0881730880727563,0.030036461902954333

Transition Gammas
1.0,1.0,1005.9629768738528,6858.037023126145
3675.207121358468,776.7928786415326,1.0,1.0
153.15591600997902,108.8474072900561,1751.7494106173103,238.75353760265435
163.38546111650223,102.01042526561473,1864.6165541774794,116.22443038465654

137.39899826906424,134.5090789745538,193.19604088260408,1668.8494091274067
32.490980263072956,36.66098918170437,430.8568508200276,82.51599159651246
1.370764910434413,3995.579146861744,77.31870528074363,218.37957561432768
6028.388013363343,1.3815755693843008,602.9362248238773,205.39227266135808

Iteration: ,35000
Error:,0.03890572302548783
Absolute Error:,0.08086084435138396
Transition Probabilities
0.00011781338360037708,0.00011781338360037708,0.12803098342333943,0.8717333898094599
0.8266237015364648,0.17295858751950846,0.0002088554720133666,0.0002088554720133666
0.06483673878920551,0.04858620451574983,0.7792451944057044,0.10733186228934026
0.07436720322626648,0.04520502740188607,0.8296854441898353,0.05074232518201205

0.06401104488999644,0.06354340594854456,0.0885259079710204,0.7839196411904387
0.05462189246607525,0.061394275743642444,0.7421630021796406,0.14182082961064174
0.0002971227274320644,0.9313166108568585,0.017730817483670086,0.05065544893203929
0.8827095357785422,0.00018805463769131991,0.08828671237457887,0.0288156972091877

Transition Gammas
1.0,1.0,1086.7269872973045,7399.273012702691
3957.8742829565963,828.1257170434071,1.0,1.0
158.2060478635217,118.55364012240076,1901.4112187902472,261.8970364600653
180.65215801529374,109.81165620071134,2015.464606228894,123.26281141639839

146.49379551069043,145.42357077713677,202.5977904593081,1794.0554448176626
34.2805045183776,38.53082806201934,465.77884802129995,89.00624586171521
1.3724403240794565,4301.846857262767,81.90046282826286,233.98270926472335
6501.829579242363,1.3851659649022818,650.2990334921606,212.2496074497971

Iteration: ,37500
Error:,0.03874375878231703
Absolute Error:,0.0806758868500986
Transition Probabilities
0.00011033873993159009,0.00011033873993159009,0.12790871102581922,0.8718706114943175
0.8254770970997098,0.1741323541793372,0.0001952743604764692,0.0001952743604764692
0.06596895505643129,0.0487753882352357,0.7787347202694533,0.10652093643887968
0.07386622224189629,0.04455456148871778,0.8323291679028537,0.04925004836653222

0.06426922845361173,0.06156382140237442,0.08630489185329901,0.787862058290715
0.05613118970417023,0.06202618440854108,0.7402247514537887,0.14161787443349996
0.0002767504114407997,0.9297549782550424,0.017900804562007943,0.052067466771508863
0.8816858917288469,0.00017683658239723096,0.08971777735321304,0.02841949433554278

Transition Gammas
1.0,1.0,1159.2366480269984,7901.7633519729925
4227.26821424762,891.7317857523869,1.0,1.0
174.80091042756993,129.24234229091658,2063.448450384221,282.25332132645667
194.09139664376278,117.07187404110623,2187.033880473411,129.40976784936103

156.90691517557764,150.30193352389506,210.70479094108342,1923.4866844481328
38.682621775308924,42.74513767277057,510.1234133842283,97.5954848312662
1.3747805084620555,4618.634585206458,88.92372397755757,258.6494382060865
6920.623473807542,1.3880446706099168,704.2224014166679,223.07334330442578

Iteration: ,40000
Error:,0.03818236554843474
Absolute Error:,0.08021355562383789
Transition Probabilities
0.0001037667323855973,0.0001037667323855973,0.1268844316937107,0.8729080348415181
0.8261144078101579,0.17351794513101856,0.00018382352941176451,0.00018382352941176451
0.06652250636388884,0.04711755258011898,0.7807783479358124,0.10558159312017999
0.07319633267200819,0.0437654734320587,0.8331508733412702,0.049887320554662745

0.06471269884128238,0.060909064062271534,0.08634124557379971,0.7880369915226464
0.053846385858863706,0.06323770203945664,0.7429227649814836,0.13999314712019617
0.0002598927539777962,0.9285922941422806,0.01797458207989757,0.053173231023843984
0.8821394830304345,0.00016621566408102261,0.0901523494759495,0.027541951829535

Transition Gammas
1.0,1.0,1222.7852682322887,8412.2147317677
4494.062378487263,943.9376215127419,1.0,1.0
190.26716233486124,134.76526239921392,2233.1762405586474,301.98366261009573
205.38280119436618,122.80226619210507,2337.75182359376,139.9796583458641

169.56580759437477,159.59919494113186,226.23879542303854,2064.882647059927
39.58911333432867,46.4938270806981,546.2140693823984,102.92621276193759
1.376380865692114,4917.784917527064,95.19261489566965,281.603148329783
7386.1735478059545,1.3917274590733775,754.8476309940236,230.60937637595657

Iteration: ,42500
Error:,0.03809798714620355
Absolute Error:,0.07951452009796367
Transition Probabilities
9.78760888714889e-05,9.78760888714889e-05,0.12630989083729338,0.8734943569849637
0.8274319474313749,0.17222173222230472,0.00017316017316017297,0.00017316017316017297
0.06519980741454559,0.04675944074762445,0.783201269159894,0.10483948267793597
0.07431009259295007,0.04530068904770082,0.8317196585278915,0.04866955983145748

0.06435402703428901,0.061813936110981856,0.0850522887967443,0.7887797480579848
0.05402481089345212,0.061996839924188606,0.7463336528932993,0.13764469628906004
0.00024518748383271956,0.927037120163887,0.017942290750236966,0.054775401602043444
0.8815459050137766,0.000156987435659246,0.09149577222529306,0.02680133532527107

Transition Gammas
1.0,1.0,1290.5081546846236,8924.491845315355
4778.419496416195,994.5805035838108,1.0,1.0
200.3419053151224,143.67949572744828,2406.5720549001217,322.14422932886896
222.05474458463652,135.36832730241522,2485.359523801127,145.43524708844575

180.11734303343155,173.0080066134178,238.04869691867498,2207.6771106038896
41.79068258921008,47.95741467592722,577.3234978132947,106.47452008761243
1.3778381069999195,5209.5117205767165,100.82721816018588,307.81194241142754
7835.348950551305,1.3953344145171778,813.2319585491441,238.2154048018118

Iteration: ,45000
Error:,0.03813567031957203
Absolute Error:,0.0796791754102536
Transition Probabilities
9.216589861751162e-05,9.216589861751162e-05,0.12537020981164623,0.8744454583911189
0.827541100738077,0.17212968115492708,0.00016460905349794213,0.00016460905349794213
0.06476742372870196,0.04558628670637327,0.7844776009331795,0.10516868863174533
0.0748279887439931,0.0458681213838245,0.8301131198093079,0.049190770062874443

0.06541239433437614,0.06157435840896311,0.08333893573183614,0.7896743115248247
0.05474685646252501,0.06257421798010067,0.7453787100409445,0.13730021551642982
0.00023291774588080522,0.9252415482794654,0.017791897378820955,0.05673363659583298
0.8822268079987189,0.0001478105054919513,0.09157498151164824,0.026050399984140903

Transition Gammas
1.0,1.0,1360.2667764563603,9487.73322354363
5027.312186983825,1045.6878130161836,1.0,1.0
211.49342145418535,148.8587810333081,2561.655880748034,343.4208821049779
236.762620568783,145.13094367076795,2626.554059698114,155.64410888723145

193.7960123590615,182.42513891520443,246.90662348359035,2339.5525296568076
44.409021520453436,50.75834435911408,604.6290383403948,111.37385084028999
1.3791715481948157,5478.615696580633,105.35083344756843,335.93583487038734
8346.648576935033,1.3984185632706763,866.380597582295,246.4599034906382

Iteration: ,47500
Error:,0.036008621176420084
Absolute Error:,0.07864858169031021
Transition Probabilities
8.722197993894472e-05,8.722197993894472e-05,0.12532262012304585,0.8745029359170762
0.8278025721315476,0.17188541538795316,0.00015600624024960977,0.00015600624024960977
0.06458534546738619,0.04575757615753865,0.7855960773687498,0.10406100100632533
0.07442788361784305,0.04615241481810035,0.8294282466134071,0.04999145495064951

0.06523127326876667,0.06163900372927757,0.08299500432005927,0.7901347186818964
0.052039594763092084,0.06052790698094265,0.7518894032981972,0.1355430949577682
0.00022054956696912953,0.9233914219364385,0.017877248149821258,0.058510780346771
0.8825092415083019,0.00014026246904232315,0.09201613019143406,0.025334365831221766

Transition Gammas
1.0,1.0,1436.8238397107189,10026.176160289266
5306.214487363228,1101.7855126367813,1.0,1.0
223.03612919804874,158.01715689228428,2712.9421843532004,359.3595837719122
248.8779682460051,154.32817206724857,2773.509157977768,167.1654645141166

202.98821258306052,191.80970361952922,258.26580926665304,2458.7598280386896
44.409021520453436,51.65269130056868,641.6397522709403,115.66839150710432
1.3806360079730196,5780.412376675846,111.9112263891546,366.27634917396705
8815.49004953306,1.4010985290672526,919.1600970804053,253.06800132162115

Iteration: ,50000
Error:,0.03712033541280253
Absolute Error:,0.07908199239859998
Transition Probabilities
8.269930532583536e-05,8.269930532583536e-05,0.12465740441182559,0.8751771969775227
0.8283608964144613,0.17134126293028923,0.00014892032762472057,0.00014892032762472057
0.06438633822574172,0.04596403992553835,0.7843830512474487,0.10526657060127133
0.07427638215836915,0.0466573096148575,0.8283890129060912,0.05067729532068203

0.0665908681949144,0.06037231432351807,0.08248410950178417,0.7905527079797834
0.05206551002608294,0.06233559942098019,0.7499027467373098,0.1356961438156271
0.0002104019237046737,0.9225181626163581,0.017598007412041285,0.05967342804789592
0.8827216649370533,0.00013306776237747314,0.09241568767888395,0.024729579621685358

Transition Gammas
1.0,1.0,1507.3573341477932,10582.642665852192
5562.443419423115,1150.5565805768938,1.0,1.0
235.1780229876334,167.88859773813036,2865.043429098618,384.4974670542375
261.5863723384154,164.3175934336436,2917.4183027530353,178.4751687904616

217.54400542545673,197.22877071222536,269.46522926307927,2582.6364373335764
46.61789598011576,55.81342597450098,671.440426207097,121.49825698683642
1.3818201268480415,6058.662116965434,115.57537310596128,391.9067965858591
9312.327313031634,1.4038066666916025,974.9450667284138,260.8862440996426

Iteration: ,52500
Error:,0.037203620937959044
Absolute Error:,0.0783192123152271
Transition Probabilities
7.869678130164481e-05,7.869678130164481e-05,0.12391812244509669,0.8759244839923
0.829301696937614,0.17041364607405685,0.00014232849416453158,0.00014232849416453158
0.06463715519716126,0.04572314041114778,0.7836967541870623,0.10594295020462872
0.0737535130271451,0.046542099985277,0.8289371361531186,0.05076725083445927

0.06633788477692343,0.06012969460590757,0.08209287487353024,0.7914395457436387
0.052722542787290314,0.06229536180660595,0.7551144215264145,0.12986767387968917
0.00020043876979166758,0.9213853419017279,0.017582397309542565,0.060831822018937914
0.882881326744022,0.00012688009315895132,0.09265205335233445,0.024339739810484654

Transition Gammas
1.0,1.0,1574.6275819098428,11130.37241809015
5826.673722683682,1197.3262773163246,1.0,1.0
248.25600310694233,175.61175230167893,3009.9936058279454,406.9017780088507
273.24424623244033,172.43058000330427,3071.0713787812674,188.0840466873692

226.59360971553085,205.38798603034041,280.4087123379233,2703.3593872449696
50.24223387476332,59.36470381991897,719.5903945983899,123.75810609437757
1.3837561995067165,6360.908522419665,121.38246160938644,419.9607238334478
9785.69095855605,1.4063151443300204,1026.9379737878016,269.7771088617932

Iteration: ,55000
Error:,0.0373281904053208
Absolute Error:,0.07871731551660241
Transition Probabilities
7.513712525358787e-05,7.513712525358787e-05,0.12418000106842031,0.8756697246810725
0.8283923395889866,0.17133573654969458,0.00013596193065941524,0.00013596193065941524
0.06536093606227235,0.04493316850315785,0.7835425743054468,0.10616332112912297
0.07597812816343683,0.046004555219363474,0.8266777358928395,0.05133958072436017

0.06441271228321492,0.0601520759173514,0.08173856391554526,0.7936966478838885
0.052568330618514875,0.06249168833426976,0.7550452514732545,0.12989472957396087
0.00019173939371648573,0.9215967729053877,0.01740975320518242,0.06080173449571348
0.8836145071674927,0.00012111023786948889,0.09243998054298888,0.02382440205164917

Transition Gammas
1.0,1.0,1652.7116342196045,11654.288365780385
6092.825657677002,1260.1743423230048,1.0,1.0
262.12489948977037,180.20094244711598,3142.33594115131,425.75965946935827
294.5657498861807,178.3587807957261,3205.0137726960984,199.04257265172916

231.73494644404195,216.40663150335584,294.067445073536,2855.4495482426296
52.34918478911533,62.231174205145635,751.8976335839009,129.35322696369747
1.38492604715575,6656.656991721854,125.74995790412454,439.16852026700593
10279.90023294104,1.4089867837017174,1075.4393118364776,277.17118066057867

Iteration: ,55233
Error:,0.03733820439218241
Absolute Error:,0.07869780246701463
Transition Probabilities
7.483349547257361e-05,7.483349547257361e-05,0.12408930276929697,0.8757610302397578
0.8284912755504076,0.1712378685449338,0.0001354279523293607,0.0001354279523293607
0.0656798566244938,0.04480709453844109,0.783565087089861,0.10594796174720413
0.07612658930309273,0.04591169746541209,0.8266722786643519,0.05128943456714323

0.06432434747958901,0.0603080025334912,0.08179316060182827,0.7935744893850916
0.05252882234456214,0.06245810980620037,0.7555409734687251,0.1294720943805125
0.0001909378618313793,0.9215468506553631,0.017375874492185455,0.06088633699062007
0.8837647850954364,0.00012064601439169581,0.09236786605259156,0.023746702837580274

*,*,*,*,*,*,*,*,*,*,*
Model Num 2
Model States: 
"['diamond', 'x', 'square']","['diamond', 'x', 'diamond']","['square', 'y', 'diamond', 'x', 'diamond']","['square', 'y', 'diamond', 'x', 'square']"
Iteration: ,55233
Error:,0.03674444381403459
Absolute Error:,0.07869780246701463
Transition Probabilities
7.483349547257361e-05,7.483349547257361e-05,0.12408930276929697,0.8757610302397578
0.8284912755504076,0.1712378685449338,0.0001354279523293607,0.0001354279523293607
0.0656798566244938,0.04480709453844109,0.783565087089861,0.10594796174720413
0.07612658930309273,0.04591169746541209,0.8266722786643519,0.05128943456714323

0.06432434747958901,0.0603080025334912,0.08179316060182827,0.7935744893850916
0.05252882234456214,0.06245810980620037,0.7555409734687251,0.1294720943805125
0.0001909378618313793,0.9215468506553631,0.017375874492185455,0.06088633699062007
0.8837647850954364,0.00012064601439169581,0.09236786605259156,0.023746702837580274

Transition Gammas
1.0,1.0,1658.2053529061136,11702.794647093871
6117.579578664214,1264.420421335792,1.0,1.0
264.5536496412898,180.4796934581958,3156.1427532686157,426.75062633778447
296.43063660975344,178.7763491323734,3218.9934170892093,199.71681221077498

232.5121970625732,217.9943787842815,295.6564383689649,2868.5211011007405
52.56545923490979,62.5016720034505,756.0679350597646,129.56239632739005
1.3850045826387165,6684.617702491712,126.03925469891803,441.6507807475369
10323.860647545926,1.4093485747196688,1079.012191388873,277.40147046862467

