0,1,2,3,4,5,6,7,8,9,10,11,12,13,14,15,16,17,18,19,20,21,22,23,24,25,26,27,28,29
github Code Version (SHA):,ddb97f21bb9c22f159e8ea0ce9d830001061547e
Environment Observations,Environment Actions,alpha,epsilon,numActions,explore,patience,gainThresh,insertRandActions,useBudd,revisedSplitting,haveControl,confidence_factor
"['diamond', 'square']","['x', 'y']",0.99,0.99,75000,0.5,0,0.01,False,True,False,False,250

Model Num 0
Model States: 
['diamond'],['square']
Iteration: ,0
Error:,0.6758565811336548
Absolute Error:,1
Transition Probabilities
0.5,0.5
0.5,0.5

0.5,0.5
0.5,0.5

Transition Gammas
1.0,1.0
1.0,1.0

1.0,1.0
1.0,1.0

Iteration: ,2500
Error:,0.15513791876489752
Absolute Error:,1
Transition Probabilities
0.49146110056925996,0.50853889943074
0.024390243902439025,0.975609756097561

0.04048582995951417,0.9595141700404858
0.9692101740294511,0.030789825970548863

Transition Gammas
259.0,268.0
18.0,720.0

20.0,474.0
724.0,23.0

Iteration: ,2533
Error:,0.15767184428458933
Absolute Error:,1
Transition Probabilities
0.49250936329588013,0.5074906367041199
0.02406417112299465,0.9759358288770054

0.04,0.96
0.9682959048877147,0.031704095112285335


Model Num 1
Model States: 
['square'],"['diamond', 'x', 'square']","['diamond', 'x', 'diamond']"
Iteration: ,0
Error:,0.724763531856237
Absolute Error:,1
Transition Probabilities
0.3333333333333333,0.3333333333333333,0.3333333333333333
0.3333333333333333,0.3333333333333333,0.3333333333333333
0.3333333333333333,0.3333333333333333,0.3333333333333333

0.3333333333333333,0.3333333333333333,0.3333333333333333
0.3333333333333333,0.3333333333333333,0.3333333333333333
0.3333333333333333,0.3333333333333333,0.3333333333333333

Transition Gammas
1.0,1.0,1.0
1.0,1.0,1.0
1.0,1.0,1.0

1.0,1.0,1.0
1.0,1.0,1.0
1.0,1.0,1.0

Iteration: ,2500
Error:,0.12500003967464485
Absolute Error:,1
Transition Probabilities
0.9870875179340028,0.011190817790530846,0.001721664275466284
0.9957894736842106,0.002105263157894737,0.002105263157894737
0.0033003300330032995,0.9727921012189744,0.023907568748022297

0.029062087186261562,0.4472213284079573,0.5237165844057812
0.9138562776119311,0.07386392508688726,0.012279797301181566
0.967829409344228,0.02099704923038047,0.011173541425391622

Transition Gammas
688.0,7.8,1.2
473.0,1.0,1.0
1.0,294.7560066693493,7.243993330650758

22.0,338.5465456048236,396.45345439517627
89.89549464431303,7.26595006756183,1.207956305127432
86.61796403643856,1.87917585222042,1.0

Iteration: ,5000
Error:,0.12022816482475254
Absolute Error:,1
Transition Probabilities
0.9808238636363636,0.0140625,0.005113636363636364
0.9979035639412998,0.0010482180293501049,0.0010482180293501049
0.0015625,0.971390490988991,0.02704700901100891

0.029689608636977057,0.4152288447506922,0.5550815466123308
0.9323985645005226,0.05424661841901112,0.013354817080466281
0.980930286021867,0.01375295850974249,0.005316755468390496

Transition Gammas
1381.0,19.8,7.2
952.0,1.0,1.0
1.0,621.6899142329543,17.310085767045702

44.0,615.3691479205258,822.6308520794743
157.50082011307848,9.16334195981132,2.25589648323875
184.49791265627215,2.586720151323007,1.0

Iteration: ,7500
Error:,0.11619274261640028
Absolute Error:,1
Transition Probabilities
0.9804832713754646,0.015518392670980992,0.003998335953554322
0.9985775248933144,0.0007112375533428165,0.0007112375533428165
0.0010493179433368309,0.9765289198268434,0.022421762229819755

0.0267938237965486,0.4048778116870861,0.5683283645163654
0.9432138878851682,0.04743279779456538,0.009353314320266332
0.9879463584892256,0.008693010906145732,0.0033606306046286435

Transition Gammas
2110.0,33.395581027951096,8.6044189720489
1404.0,1.0,1.0
1.0,930.632060594982,21.36793940501823

59.0,891.5409413349633,1251.4590586650363
237.22551658876634,11.929711918571938,2.352430185710349
293.9764808213415,2.586720151323007,1.0

Iteration: ,10000
Error:,0.11471637892068506
Absolute Error:,1
Transition Probabilities
0.978984238178634,0.01719289822406694,0.00382286359729908
0.9989361702127659,0.0005319148936170213,0.0005319148936170213
0.0007849293563579276,0.9800600507900097,0.019155019853632285

0.025885558583106268,0.4011955636194308,0.5729188777974629
0.9442608163601824,0.043322854541921516,0.012416329097896153
0.990141928729726,0.007314944211923193,0.002543127058350871

Transition Gammas
2795.0,49.085724429711114,10.914275570288874
1878.0,1.0,1.0
1.0,1248.5965047064726,24.403495293527538

76.0,1177.910174786649,1682.089825213351
323.45637279341247,14.840236030551708,4.253211299072756
396.65805467710845,2.930419828696139,1.018795187328672

Iteration: ,12500
Error:,0.11503790433218587
Absolute Error:,1
Transition Probabilities
0.9778454721683744,0.018826218711312293,0.0033283091203132934
0.9991546914623838,0.00042265426880811494,0.00042265426880811494
0.0006293266205160473,0.976436897471023,0.022933775908460872

0.0263013698630137,0.4023764539257754,0.5713221762112108
0.9517347406299287,0.03572011230026831,0.012545147069803125
0.9919865283614996,0.005946203509018618,0.0020672681294817952

Transition Gammas
3531.0,67.98147576654868,12.018524233451302
2364.0,1.0,1.0
1.0,1551.5582300814567,36.44176991854435

96.0,1468.6740568290802,2085.3259431709193
395.40660092823845,14.840236030551708,5.211992112143054
488.8727720302587,2.930419828696139,1.018795187328672

Iteration: ,15000
Error:,0.11814584424232698
Absolute Error:,1
Transition Probabilities
0.977618827872635,0.01934444970149086,0.0030367224258741575
0.9992984917572781,0.00035075412136092597,0.00035075412136092597
0.0005249343832020994,0.9782220657437999,0.021252999872998068

0.025594149908592313,0.40312075913217804,0.5712850909592297
0.952347454674137,0.03301706554832197,0.014635479777541116
0.9919729869398648,0.005646592582689882,0.0023804204774453327

Transition Gammas
4237.0,83.8388450062614,13.161154993738599
2849.0,1.0,1.0
1.0,1863.5130352419399,40.48696475806134

112.0,1764.0564419624118,2499.9435580375903
478.7901004574704,16.599240175531353,7.357947772674912
581.9793927751639,3.312792349981419,1.3965659168672335

Iteration: ,17500
Error:,0.11373946324834208
Absolute Error:,1
Transition Probabilities
0.9789054726368159,0.018252032853045348,0.002842494510138728
0.9994024499551838,0.00029877502240812666,0.00029877502240812666
0.00045126353790613655,0.9799107470119096,0.019637989450184218

0.025165821303160342,0.4048443389490025,0.569989839747837
0.9518721924245829,0.03437628289275302,0.01375152468266409
0.9926241795057038,0.005312710842102433,0.0020631096521937847

Transition Gammas
4919.0,91.71646508655287,14.283534913447108
3345.0,1.0,1.0
1.0,2171.482215378395,43.51778462160829

129.0,2075.2320814525883,2921.767918547415
550.6665063653695,19.886984568970632,7.955379004098549
683.8750372369312,3.6602275060245724,1.4213931308025218

Iteration: ,20000
Error:,0.11554870725162264
Absolute Error:,1
Transition Probabilities
0.9793272599859846,0.017986772086751316,0.0026859679272640967
0.9994791666666667,0.00026041666666666666,0.00026041666666666666
0.00039666798889329566,0.9807433633461008,0.018859968665005923

0.023983670692294592,0.40714528078920414,0.5688710485185011
0.9529686599378553,0.03167103452515886,0.0153603055369858
0.993013600598271,0.004986842381434855,0.001999557020294095

Transition Gammas
5590.0,102.66849507117651,15.331504928823463
3838.0,1.0,1.0
1.0,2472.454018995524,47.545981004480005

141.0,2393.607105759733,3344.3928942402704
622.8668685881149,20.700405930367317,10.03960131385951
794.4785841095079,3.9898139078786636,1.599781945959628

Iteration: ,22500
Error:,0.11305458969133612
Absolute Error:,1
Transition Probabilities
0.9801438398999375,0.017296061610012948,0.0025600984900495858
0.9995379995379995,0.000231000231000231,0.000231000231000231
0.00035248501938667546,0.9814681916708837,0.018179323309729597

0.022799335648497652,0.4078731376923585,0.5693275266591439
0.9530309856567967,0.031460786275432986,0.015508228067770238
0.9928873930910261,0.005152785649204189,0.001959821259769569

Transition Gammas
6269.0,110.62561005764282,16.37438994235715
4327.0,1.0,1.0
1.0,2784.425259770302,51.57474022970296

151.0,2701.3437909364916,3770.656209063511
702.6054595606272,23.19391555139792,11.433170455646263
896.5960617880196,4.653062726410052,1.7697555992200387

Iteration: ,22813
Error:,0.11492275864423802
Absolute Error:,1
Transition Probabilities
0.9799413670729825,0.01752886056117906,0.0025297723658383718
0.9995447302526748,0.00022763487366264513,0.00022763487366264513
0.00034782608695652106,0.981711594427042,0.017940579486001428

0.022778025904421607,0.4084341765436802,0.5687877975518982
0.9538830510999817,0.030890055780540136,0.015226893119478075
0.9929703945692993,0.005092654556402096,0.0019369508742985726


Model Num 2
Model States: 
"['diamond', 'x', 'square']","['diamond', 'x', 'diamond']","['square', 'y', 'diamond', 'x', 'diamond']","['square', 'y', 'diamond', 'x', 'square']"
Iteration: ,0
Error:,0.6752983529752453
Absolute Error:,0.74
Transition Probabilities
0.25,0.25,0.25,0.25
0.25,0.25,0.25,0.25
0.25,0.25,0.25,0.25
0.25,0.25,0.25,0.25

0.25,0.25,0.25,0.25
0.25,0.25,0.25,0.25
0.25,0.25,0.25,0.25
0.25,0.25,0.25,0.25

Transition Gammas
1.0,1.0,1.0,1.0
1.0,1.0,1.0,1.0
1.0,1.0,1.0,1.0
1.0,1.0,1.0,1.0

1.0,1.0,1.0,1.0
1.0,1.0,1.0,1.0
1.0,1.0,1.0,1.0
1.0,1.0,1.0,1.0

Iteration: ,2500
Error:,0.028879226785557724
Absolute Error:,0.03682073015815248
Transition Probabilities
0.0014858841010401194,0.0014858841010401194,0.030398557367371692,0.966629674430548
0.9661319825770581,0.025499816586121757,0.004184100418410041,0.004184100418410041
0.008247969109138062,0.005024207741144942,0.9696800297680334,0.01704779338168356
0.018361063302271805,0.013559720212950632,0.9363516563734362,0.031727560111341396

0.012936004593726357,0.012936571847504349,0.020994532696225948,0.9531328908625434
0.031121542968769452,0.01576770671218962,0.8788838371239831,0.07422691319505778
0.003990211674217701,0.9762346776131975,0.0076029462255454506,0.01217216448703956
0.9831996888216914,0.0022179529622088395,0.005910605621442763,0.008671752594657061

Transition Gammas
1.0,1.0,20.45822910824114,650.5417708917586
230.90554383591694,6.094456164083101,1.0,1.0
1.6416457149238965,1.0,193.00157949819524,3.393130670547994
3.937063763005133,2.9075376631532457,200.77683492772252,6.803169573925157

2.1999890261603547,2.200085497375836,3.570479679905321,162.09656429675562
1.9737520196713305,1.0,55.73948407123403,4.707527514934992
1.183461659494209,289.5426122601422,2.254966927009783,3.610156843694899
601.4239175924029,1.35672333375731,3.6155214740273007,5.304516953337416

Iteration: ,5000
Error:,0.022003383719030968
Absolute Error:,0.027268455720424377
Transition Probabilities
0.0007326007326007326,0.0007326007326007326,0.026158997885875182,0.9723758006489234
0.9747648091056014,0.021077186736394495,0.0020790020790020796,0.0020790020790020796
0.00881379334717535,0.0028693208827615317,0.9771653258014148,0.011151559968648382
0.014327886418834895,0.0073215012148413845,0.9492255022468871,0.02912511011943673

0.014655474872088722,0.017101891829772946,0.01736585712554596,0.9508767761725924
0.017718508989348625,0.00897706946605132,0.9286865099371197,0.04461791160748045
0.0020302075885145574,0.9797694565296591,0.005388921584813407,0.012811414297012736
0.9806994523171693,0.0010993207160895546,0.006245745153445695,0.011955481813295423

Transition Gammas
1.0,1.0,35.70703211421962,1327.2929678857804
468.8618731797941,10.138126820205748,1.0,1.0
3.4593941201170075,1.1262020108215167,383.5351986716352,4.376962275617434
6.224067069030058,3.1804770972537773,412.3457582586555,12.652015341073675

4.86464132301012,5.676688774869128,5.764307667935742,315.62774313573493
1.9737520196713305,1.0,103.45096620329646,4.970209017119951
1.1882713788168833,573.4546603113628,3.1541115884644797,7.4984632199331855
1215.2667159092648,1.3622602451919257,7.7396252063770765,14.815037457222516

Iteration: ,7500
Error:,0.021449217710752318
Absolute Error:,0.024092178546942736
Transition Probabilities
0.0004901960784313724,0.0004901960784313724,0.0244619559481985,0.9745576518949387
0.9781503699379839,0.01914692735931333,0.0013513513513513525,0.0013513513513513525
0.010686158363632053,0.0022521449344516027,0.9794155242067589,0.007646172495157348
0.01516730934143668,0.0051507079129440875,0.954074727633457,0.025607255112162264

0.01337901323320279,0.025079217246998516,0.014339351791532546,0.9472024177282662
0.013719460353810354,0.006958150524724542,0.9465944229114146,0.03272796621005049
0.0013322242483278866,0.9813611404996122,0.0040207935883205745,0.013285841663739433
0.9812263719902033,0.0007458141128115905,0.005174305826107089,0.01285350807087802

Transition Gammas
1.0,1.0,49.90239013432495,1988.0976098656754
723.8312737541074,14.16872624589185,1.0,1.0
6.125854620899235,1.2910451056572223,561.4512634550925,4.383178642669145
10.205474088127309,3.4657047573662836,641.9586158501911,17.230094846241425

6.6692414956181265,12.501621265028394,7.147956155019182,472.1664863433965
2.3028116519004938,1.167925682992553,158.88588985929158,5.493389680635517
1.1918205759799572,877.9350782592363,3.5970404654797457,11.885641237900138
1796.143165616061,1.3652190358780112,9.471610539287873,23.5284551401447

Iteration: ,10000
Error:,0.02374883388819023
Absolute Error:,0.026409766246471397
Transition Probabilities
0.0003668378576669109,0.0003668378576669109,0.024977128716623467,0.9742891955680427
0.9745982985270247,0.023385572440717227,0.0010080645161290333,0.0010080645161290333
0.011966408725932597,0.001795073250282941,0.9768108671726524,0.009427650851132076
0.01795640349953456,0.005448886777849695,0.9530997289027784,0.023494980819837422

0.018371763068614308,0.024220463129907374,0.014895212076496531,0.9425125617249818
0.02416981028368218,0.005387548215295633,0.9412211916857174,0.029221449815304782
0.001004689557482856,0.9809797663968388,0.0032946151506708047,0.014720928895007547
0.982473214075029,0.0005595299358018323,0.004543717470812637,0.01242353851835661

Transition Gammas
1.0,1.0,68.08765288151562,2655.9123471184867
966.8015121388075,23.198487861191467,1.0,1.0
8.99576931352709,1.349449549172918,734.3193288215808,7.087253508353812
16.196703578604843,4.914904255548633,859.6974216071205,21.19250884141564

12.350609032736577,16.282458552948217,10.013461426072078,633.6138842436227
5.239589708585271,1.167925682992553,204.04019773329958,6.3346962977851895
1.1936723512817584,1165.5027322554074,3.9143345167463157,17.489945701416417
2401.765401049403,1.3678333631980397,11.107624367973964,30.37072618828139

Iteration: ,12500
Error:,0.025605061852832647
Absolute Error:,0.025847358948581773
Transition Probabilities
0.0002948113207547168,0.0002948113207547168,0.026026659633377566,0.973383717725113
0.9771530467164217,0.021228830306231964,0.0008090614886731402,0.0008090614886731402
0.013400874240489115,0.001407971377189324,0.9758405577670944,0.009350596615227105
0.022283509145046967,0.004571355959672363,0.9511567310340668,0.021988403861213892

0.023906036734381853,0.02166906279573156,0.013271091851539144,0.9411538086183474
0.021979926036336785,0.004131080960940865,0.9513754998618629,0.022513493140859563
0.0007960673017437262,0.9796957291602895,0.002787533520189481,0.016720670017777457
0.982477154217009,0.00045223215982960886,0.004268435230217177,0.012802178392944294

Transition Gammas
1.0,1.0,88.28242947641677,3301.7175705235854
1207.7611657414957,26.238834258502674,1.0,1.0
12.843871683280215,1.349449549172918,935.2800931026195,8.961942402625503
25.34716290280432,5.199849962692065,1081.9267490900618,25.011484996146702

20.10100197566622,18.22007884064678,11.158781628716257,791.3538649940656
6.214092720726494,1.167925682992553,268.96976625834117,6.364941065473095
1.1948524446238642,1470.4684320165352,4.183931727598578,25.09678943316528
2974.678094826198,1.3692380467545615,12.923680437771178,38.761572692139204

Iteration: ,15000
Error:,0.023690634978276566
Absolute Error:,0.024931013101453868
Transition Probabilities
0.00024630541871921153,0.00024630541871921153,0.02499287286680775,0.9745145162957539
0.9727131182459878,0.025931868203876614,0.0006775067750677515,0.0006775067750677515
0.01342533839572483,0.0011508164355185757,0.9761206505681667,0.009303194600589875
0.020783362126314077,0.004630373360032404,0.9512949971379158,0.02329126737573787

0.021269890806817356,0.0184604351738007,0.013747380923629022,0.946522293095753
0.020971975998349296,0.0034084685840204765,0.9569906815628855,0.018628873854744796
0.0006676926931624368,0.9813502209418272,0.002378771504468679,0.01560331486054166
0.9812917333480901,0.0003754456379322754,0.004118740082306206,0.014214080931671475

Transition Gammas
1.0,1.0,101.47106383923959,3956.5289361607656
1435.7245625310763,38.27543746892184,1.0,1.0
15.742577431509327,1.349449549172918,1144.6009382495704,10.90894374825019
28.080511279044757,6.256122112117471,1285.2997380538645,31.46895542081605

21.497086728651713,18.657621686174835,13.894224596223282,956.6326414219292
7.186133240718872,1.167925682992553,327.91676608720866,6.383259720270382
1.1957271145189048,1757.4358384266284,4.259986092802949,27.942954664903695
3582.546122953671,1.3706946352894789,15.036890469845414,51.89343678598559

Iteration: ,17500
Error:,0.02394865804551995
Absolute Error:,0.025224557511020856
Transition Probabilities
0.00021114864864864866,0.00021114864864864866,0.025477816016707684,0.974099886685995
0.9740509472829791,0.024778092529667235,0.0005854800936768156,0.0005854800936768156
0.01300776446760772,0.0009926489930432917,0.975158181824675,0.010841404714674086
0.020779215103580852,0.00404505388154465,0.9485451688889629,0.026630562125911538

0.020619459382549974,0.018082631423811057,0.012609131435210962,0.9486887777584281
0.01818187803998165,0.002955008154817986,0.9585827817953659,0.020280332009834486
0.0005758896013912933,0.9811039541310598,0.0021077661163962703,0.016212390151152594
0.9794294554414896,0.000319815752577949,0.003973134349623542,0.01627759445630889

Transition Gammas
1.0,1.0,120.6629366551276,4613.337063344872
1663.6790179593263,42.32098204067159,1.0,1.0
17.6833120464317,1.349449549172918,1325.6717913964571,14.738269828658403
32.74427762476102,6.374271917594705,1494.7353013528216,41.96494021586133

24.516997996473187,21.500652862107806,14.992539057350573,1128.012157450831
7.186133240718872,1.167925682992553,378.8664502694793,8.015517850697984
1.1965046631302156,2038.4036337820457,4.379228207912091,33.6838872754019
4201.988802056144,1.3720867833691381,17.04570549050645,69.83480969437434

Iteration: ,20000
Error:,0.023503463012702515
Absolute Error:,0.024838021336795354
Transition Probabilities
0.00018368846436443804,0.00018368846436443804,0.02477136973143531,0.9748612533398359
0.972621481834405,0.026352350900330817,0.0005130836326321198,0.0005130836326321198
0.013964894338786175,0.0008815954918406102,0.9731059206909871,0.01204758947838622
0.021362349231700575,0.00359320212814193,0.95065591753786,0.024388531102297353

0.02092707448654365,0.018812264164068976,0.011553495621982587,0.9487071657274049
0.01610545042443951,0.002617536936315496,0.963263485326879,0.018013527312366058
0.0005067584198624158,0.981339723888967,0.0018855953832041617,0.01626792230796671
0.9791771607249101,0.0002786898091725658,0.003773676129419532,0.016770473336497737

Transition Gammas
1.0,1.0,134.85533681793373,5307.144663182063
1895.6392680952526,51.36073190474469,1.0,1.0
21.53826810104881,1.3596980828706713,1500.83600363153,18.581179768483054
38.41498663838164,6.461499633979556,1709.5233288164047,43.85683832161216

28.164696385251176,25.31847960119022,15.549268321795513,1276.817230158273
7.186133240718872,1.167925682992553,429.80106541907526,8.037503080668788
1.197191920567686,2318.3669826166197,4.454626642108163,38.43216883659915
4823.896968667712,1.3729598479103116,18.590941018235988,82.61940610539003

Iteration: ,22500
Error:,0.023831853102707516
Absolute Error:,0.024864572029602777
Transition Probabilities
0.00016233766233766236,0.00016233766233766236,0.023866601055651766,0.975808723619673
0.9722782255517031,0.026803922222505324,0.00045892611289582443,0.00045892611289582443
0.01271379850050942,0.0008026145540599378,0.974382100901896,0.012101486043534691
0.021025622174760467,0.0032553730363599396,0.951964775396164,0.023754229392715678

0.02167818816617019,0.019092168815475794,0.011757564202797274,0.9474720788155567
0.01976151238422885,0.0022833486319788414,0.9613974036612181,0.016557735322574187
0.00045165518824651454,0.9819024768288886,0.0016982436041073031,0.015947624378757717
0.9792312661323881,0.00024594362380419844,0.0034309718773514945,0.017091818366456263

Transition Gammas
1.0,1.0,147.01826250281485,6010.981737497184
2118.594253477158,58.40574652283902,1.0,1.0
21.53826810104881,1.3596980828706713,1650.6870799664898,20.500958137436818
42.226271565915916,6.537845336472717,1911.8541555131183,47.706200217939625

32.617252941711214,28.72629828133101,17.69056724858198,1425.5774612272705
10.107951770954154,1.167925682992553,491.7517647426432,8.469229825262433
1.1979371233484906,2604.326174283096,4.504296885744841,42.29831023684406
5469.767192302711,1.37378616386864,19.164642777974038,95.47108082739686

Iteration: ,25000
Error:,0.022698270740664286
Absolute Error:,0.02387737336437742
Transition Probabilities
0.00014543339150668982,0.00014543339150668982,0.02358596653869134,0.9761231666782952
0.9732808020303119,0.025890010573336633,0.0004145936981757883,0.0004145936981757883
0.01320683066623741,0.0012431126693073448,0.9739328962789535,0.011617160385501703
0.02068316001359075,0.0033940634274994847,0.9519095393828697,0.024013237176040123

0.021205870986125995,0.018916393564997126,0.010578986785042077,0.9492987486638348
0.01781260705049859,0.0020581619032960354,0.9651796534336314,0.014949577612573917
0.0004084520203191701,0.982969216801376,0.0015425516823830148,0.01507977949592171
0.9796944944048454,0.0002201629561922308,0.0034393125041451314,0.01664603013481742

Transition Gammas
1.0,1.0,162.17710592004178,6711.822894079964
2347.553294497109,62.44670550288787,1.0,1.0
24.426727779417163,2.2992022491771746,1801.3401045296382,21.48654900466927
46.04613878728659,7.556075354675115,2119.2002931159527,53.459763934206144

35.526473717388505,31.690882173824733,17.723115274128013,1590.3726409738304
10.107951770954154,1.167925682992553,547.7013757478197,8.48329551511683
1.1985057588465269,2884.2904637483,4.526252736391895,44.248043023205746
6116.656735128322,1.374572620862847,21.47311647951048,103.92837044484304

Iteration: ,27500
Error:,0.023078107342194915
Absolute Error:,0.02419862105161689
Transition Probabilities
0.0001320480654958405,0.0001320480654958405,0.02394529194214809,0.9757906119268602
0.9733695478131896,0.025874879840758265,0.0003777861730260675,0.0003777861730260675
0.014349011450114243,0.0011267958739827905,0.9730440903365214,0.011480102339381532
0.021895235101935844,0.003113186506103086,0.9508600650989824,0.0241315132929786

0.019307448297433964,0.017222932789181147,0.01011901469373656,0.9533506042196483
0.021179538038153832,0.0018986755168437517,0.9618669739033803,0.015054812541622279
0.0003727813350970666,0.9832398245264952,0.0014195038604873237,0.014967890277920556
0.9792083480267546,0.00019986038501040537,0.0031971604473313227,0.01739463114090366

Transition Gammas
1.0,1.0,181.33769587788746,7389.662304122112
2576.5091930615113,68.49080693848708,1.0,1.0
29.27884292206378,2.2992022491771746,1985.4751092960223,23.424896850388443
53.73764145364347,7.640717236623663,2333.7030642963737,59.226155966567475

35.526473717388505,31.690882173824733,18.619389990062956,1754.2030755440187
13.028095748449676,1.167925682992553,591.6698943437912,9.260614604241516
1.1989273312924151,3162.264276276126,4.5653626267801295,48.139246943016246
6737.576669817882,1.3751666537366312,21.99849876996296,119.68613338643428

Iteration: ,30000
Error:,0.023001462189724205
Absolute Error:,0.023870012561000763
Transition Probabilities
0.00012059816690786309,0.00012059816690786309,0.023455512042038506,0.9763032916241459
0.9741025372925746,0.02520253567476384,0.0003474635163307855,0.0003474635163307855
0.014629482057122317,0.001480627758317436,0.972362106244247,0.011527783940313176
0.02191705899820914,0.002875391157827219,0.951237701486476,0.023969848357487673

0.019887960236993966,0.017440210020494583,0.009849693588423735,0.9528221361540877
0.019682546433751797,0.0029860854052605576,0.9633271962987084,0.014004171862279181
0.0003438292457249233,0.9837125453676884,0.001313750824492804,0.014629874562093977
0.9787402188204886,0.00018220040585043704,0.0029808247262933765,0.018096756047367657

Transition Gammas
1.0,1.0,194.49310585258317,8095.506894147412
2803.467102328028,72.53289767197029,1.0,1.0
32.18523450901813,3.2574189185876286,2139.2214908878254,25.36141936123026
58.5075792867263,7.675855422056131,2539.3286227313097,63.98749957195939

39.950584739453525,35.03358715498656,19.78589124640424,1914.0123491017496
13.028095748449676,1.9765230430789935,637.6369537705627,9.269516650886956
1.1992939498216912,3431.239543151075,4.582429897915077,51.02974882772673
7390.45465298697,1.3757928930480043,22.5081687096931,136.64836936548568

Iteration: ,32500
Error:,0.023958926788829923
Absolute Error:,0.02371403765131156
Transition Probabilities
0.00011090163025396482,0.00011090163025396482,0.023249970982840727,0.9765282257566513
0.9734145767743816,0.025941508222398872,0.0003219575016097877,0.0003219575016097877
0.01476570113055072,0.0013742478118773877,0.9723781280406683,0.011481923016903536
0.022250886203061628,0.003020815871783253,0.9508489156110884,0.023879382314066614

0.019562421270351252,0.016777483034764635,0.009504236476152098,0.954155859218732
0.01852527370690576,0.0028105128384093925,0.9649457196787815,0.013718493775903406
0.0003194726470709612,0.9830500658879472,0.0012339183204311715,0.015396543144550629
0.9788326993525782,0.00016740341747692537,0.0030080859645688824,0.017991811265375805

Transition Gammas
1.0,1.0,209.64498835227468,8805.355011647718
3023.425675461227,80.57432453877084,1.0,1.0
35.10096771389977,3.266856592119474,2311.5335314107624,27.294783061532947
64.18371304516212,8.713683459948193,2742.767788749391,68.88118559209936

42.43642171177157,36.39510342231687,20.617375608901316,2069.833782893319
13.028095748449676,1.9765230430789935,678.6083394463176,9.647676642443127
1.199576573921104,3691.2200178716575,4.633196378131648,57.81193678050972
8047.358422728818,1.376287594925632,24.730626530230225,147.91756959318408

Iteration: ,35000
Error:,0.02289823089777461
Absolute Error:,0.022973365398928948
Transition Probabilities
0.00010260619741432394,0.00010260619741432394,0.022962943694864037,0.9768318439103074
0.9736824271111129,0.025716791873567187,0.00030039050765995817,0.00030039050765995817
0.013891156190992463,0.001292853676986649,0.9728796856466915,0.011936304485329351
0.021386803474970417,0.0028302477426378875,0.9528346337465151,0.022948315035876583

0.020106576350905927,0.01588037462988407,0.008981174402776246,0.9550318746164337
0.017359137860051485,0.0026335956267791215,0.9667869969228541,0.013220269590315342
0.0002980534171849894,0.9832212992912318,0.0013977927766044393,0.015082854514978749
0.9792854492556476,0.0001545476713794046,0.0029124486527198033,0.017647554420253033

Transition Gammas
1.0,1.0,223.79684925014465,9520.203150749845
3241.388799852892,85.6112001471051,1.0,1.0
35.10096771389977,3.266856592119474,2458.3280157440713,30.1613366520565
66.10795970390888,8.748474447869462,2945.272005978936,70.93469051790751

47.08852104177869,37.19098377864476,21.033427693718664,2236.633315319197
13.028095748449676,1.9765230430789935,725.5771378630959,9.92186014256557
1.1998867170859595,3958.197118214294,5.62715570157481,60.71970910177651
8724.241270862842,1.376831621452966,25.946372178449327,157.21822755560723

Iteration: ,37500
Error:,0.023459907326617842
Absolute Error:,0.023329415538482556
Transition Probabilities
9.580379383023572e-05,9.580379383023572e-05,0.0228912808901201,0.9769171115222194
0.9740374592386054,0.025402159702274333,0.00028019052956010094,0.00028019052956010094
0.01403674914237274,0.0012165435331798332,0.9732392808448342,0.011507426479613172
0.021640667659425097,0.002653800504725108,0.9522974306518093,0.023408101184040513

0.02206725051732028,0.015916629742357417,0.008621265645751783,0.9533948540945706
0.018874228774024036,0.002491094319566388,0.9661230411902076,0.012511635716201976
0.0002786703543987714,0.9829545280466562,0.0013176524428583664,0.015449149156086795
0.9794656536489423,0.00014428963875644257,0.00274794368069562,0.017642113031605643

Transition Gammas
1.0,1.0,238.93918993107346,10197.06081006892
3476.339692022582,90.66030797741708,1.0,1.0
37.971505334289105,3.290932166058816,2632.7577823972188,31.129309323875933
71.85530274369266,8.811633803975383,3161.9921001709176,77.7238587877702

55.71413111409557,40.18539580471033,21.766478074822288,2407.0767612321106
14.975485993921193,1.9765230430789935,766.5564641062604,9.927177829215193
1.2001185858347123,4233.180815678401,5.674587057373078,66.53313043489698
9349.148410157657,1.377266514406556,26.229539747379768,168.39664809765193

Iteration: ,40000
Error:,0.02209179665885745
Absolute Error:,0.02259914739981269
Transition Probabilities
9.005763688760816e-05,9.005763688760816e-05,0.022882406162697322,0.9769374785635274
0.9751240948914415,0.024350557065479946,0.00026267402153926995,0.00026267402153926995
0.013313417851247672,0.001125292919007584,0.9735926908831533,0.011968598346591409
0.021549986104539388,0.002479910580571329,0.95246571561092,0.023504387703969315

0.02093424521360782,0.015099417561747777,0.008460462997492233,0.9555058742271522
0.017022668471562877,0.0022467181701078458,0.9690303127415768,0.011700300616752542
0.0002590076929753906,0.9829071161581803,0.0014425467534686012,0.015391329395375875
0.9792960818573373,0.00013609860622501018,0.0026190844956670047,0.01794873504077075

Transition Gammas
1.0,1.0,254.0862380305908,10847.913761969397
3712.297429251715,92.70257074828208,1.0,1.0
38.93524459879528,3.290932166058816,2847.283093092611,35.0023043921514
76.57154557170021,8.811633803975383,3384.307145006508,83.51593757317019

55.71413111409557,40.18539580471033,22.516567467253843,2542.9710512025426
14.975485993921193,1.9765230430789935,852.4926570936276,10.293197468044104
1.2005970033259785,4556.140107851602,6.686740804785973,71.34453705607527
9912.096329589835,1.3775430334272896,26.509467664926767,181.67088995289356

Iteration: ,42500
Error:,0.022065927255479022
Absolute Error:,0.022504283903934504
Transition Probabilities
8.47026935456549e-05,8.47026935456549e-05,0.02280483086698416,0.9770257637459245
0.9753733797008479,0.024132793138658164,0.00024691358024691386,0.00024691358024691386
0.012868614877034145,0.0010610019631468114,0.974167028097022,0.011903355062796942
0.021508198858310387,0.0023352904826925702,0.9527981632927577,0.02335834736623943

0.021797671753336276,0.014759203895765105,0.008286727299360567,0.9551563970515381
0.016914502436409344,0.002119198869810746,0.9691403560034704,0.01182594269030953
0.00024314517266239724,0.983171130727569,0.0013605182851057726,0.015225205814662732
0.9793991726881942,0.00012833350240728638,0.0024902833044559143,0.017982210504942506

Transition Gammas
1.0,1.0,269.23383321561454,11534.766166784366
3950.26218778843,97.73781221156545,1.0,1.0
39.91485416845994,3.290932166058816,3021.594416630507,36.92088744491522
81.36973359483174,8.834861798286719,3604.6222757895357,88.36920817626064

61.26972637176132,41.48573271455718,23.29264886152421,2684.7899973825392
15.925024365878416,1.9952282820470781,912.4468095549627,11.134139251254258
1.2009492917864006,4856.10575864298,6.719909151677405,75.20075327923281
10515.958346882227,1.3779363955560358,26.73855178957953,193.07773778878428

Iteration: ,45000
Error:,0.02232699549541249
Absolute Error:,0.022406730135519456
Transition Probabilities
7.982120051085577e-05,7.982120051085577e-05,0.021900782609539985,0.9779395749894383
0.9757026055089058,0.023829120082290767,0.00023413720440177975,0.00023413720440177975
0.012843808678038474,0.0010120191579088063,0.9748102596027132,0.011333912561339553
0.02106104746308378,0.002711705110023134,0.9514873057607109,0.024739941666182225

0.022762231693520676,0.014870904723065972,0.00811740441510503,0.9542494591683083
0.016107727946082208,0.0028791577306172805,0.9694171778069242,0.011595936516376413
0.00023090317168260934,0.9834593282722653,0.0012961719025711802,0.015013596653480916
0.9790198280573493,0.00012065800386450608,0.002448754529403044,0.018410759409383186

Transition Gammas
1.0,1.0,274.37300453231666,12251.62699546767
4167.225828128531,101.77417187146374,1.0,1.0
41.84946384400734,3.2975000033101924,3176.260853508873,36.92971266054072
84.2563572615637,10.84838704905815,3806.498917232807,98.97405944836521

67.85435280490661,44.33025852620157,24.198032532962493,2844.6235122335984
15.925024365878416,2.8465005844874223,958.4214626018222,11.464408399906507
1.201187990911691,5116.081888621782,6.742852911807459,78.10266038849515
11183.84369523786,1.3783380245501984,27.97337410335384,210.31551113090407

Iteration: ,45380
Error:,0.022083181428523165
Absolute Error:,0.022451578402813636
Transition Probabilities
7.913270554720277e-05,7.913270554720277e-05,0.02195070831164702,0.9778910262772585
0.9756556764388463,0.02387963954628387,0.00023234200743494453,0.00023234200743494453
0.0127671115070694,0.0010059758565545258,0.9749601866799436,0.01126672595643258
0.021144031736512175,0.002695493085956426,0.951601726636482,0.024558748541049405

0.022573269340113625,0.015403375592726736,0.008051049950301425,0.9539723051168583
0.01591463768835565,0.002844644029485674,0.9697817809869079,0.011458937295250802
0.00022897880457531977,0.9832282399243892,0.0012880647997839134,0.015254716471251326
0.9787229249081952,0.00011955856135113979,0.0024345079116051436,0.018723008618848493


Model Num 3
Model States: 
"['diamond', 'x', 'square']","['diamond', 'x', 'diamond']","['square', 'y', 'diamond', 'x', 'diamond']","['square', 'x', 'square', 'y', 'diamond', 'x', 'diamond']","['square', 'x', 'square', 'y', 'diamond', 'x', 'square']"
Iteration: ,0
Error:,0.6485893700396705
Absolute Error:,1
Transition Probabilities
0.2,0.2,0.2,0.2,0.2
0.2,0.2,0.2,0.2,0.2
0.2,0.2,0.2,0.2,0.2
0.2,0.2,0.2,0.2,0.2
0.2,0.2,0.2,0.2,0.2

0.2,0.2,0.2,0.2,0.2
0.2,0.2,0.2,0.2,0.2
0.2,0.2,0.2,0.2,0.2
0.2,0.2,0.2,0.2,0.2
0.2,0.2,0.2,0.2,0.2

Transition Gammas
1.0,1.0,1.0,1.0,1.0
1.0,1.0,1.0,1.0,1.0
1.0,1.0,1.0,1.0,1.0
1.0,1.0,1.0,1.0,1.0
1.0,1.0,1.0,1.0,1.0

1.0,1.0,1.0,1.0,1.0
1.0,1.0,1.0,1.0,1.0
1.0,1.0,1.0,1.0,1.0
1.0,1.0,1.0,1.0,1.0
1.0,1.0,1.0,1.0,1.0

Iteration: ,2500
Error:,0.31676038054320516
Absolute Error:,1
Transition Probabilities
0.0020491803278688526,0.0020491803278688526,0.39549180327868855,0.5876834116389996,0.012726424426574092
0.9612899128850655,0.031191290122453304,0.0025062656641604004,0.0025062656641604004,0.0025062656641604004
0.2,0.2,0.2,0.2,0.2
0.006679717817431973,0.005487697303139632,0.7312350532091224,0.246247427682447,0.010350103987858897
0.06666666666666667,0.06666666666666667,0.7333333333333333,0.06666666666666667,0.06666666666666667

0.013941747087653915,0.040410580174261385,0.398101157876046,0.5152561342915528,0.03229038057048589
0.021084150505560048,0.016776006400609403,0.3927064411396189,0.5480148815907311,0.021418520363480572
0.32389710902084984,0.65053088559557,0.009421265141318979,0.009110920347462432,0.007039819894798674
0.2,0.2,0.2,0.2,0.2
0.2,0.2,0.2,0.2,0.2

Transition Gammas
1.0,1.0,193.0,286.78950487983184,6.210495120168157
383.55467524114124,12.445324758858872,1.0,1.0,1.0
1.0,1.0,1.0,1.0,1.0
3.7762031646049903,3.1023256504085386,413.3845466933167,139.20952068717608,5.851159659910519
1.0,1.0,11.0,1.0,1.0

1.5589925210452862,4.518787485290401,44.5164242218845,57.616915206744764,3.6107714115451435
1.9280009380641843,1.534050711164118,35.91031029214905,50.11220184097226,1.958576767977804
240.6555520024914,483.3444479975085,7.0,6.769413818164586,5.230586181835414
1.0,1.0,1.0,1.0,1.0
1.0,1.0,1.0,1.0,1.0

Iteration: ,5000
Error:,0.30730849058160903
Absolute Error:,1
Transition Probabilities
0.001031991744066048,0.001031991744066048,0.41795665634674944,0.5652474838457188,0.014731876319399732
0.9697228148489251,0.02642114401996941,0.0012853470437018,0.0012853470437018,0.0012853470437018
0.2,0.2,0.2,0.2,0.2
0.005606661300541169,0.0030449272423111345,0.7064604857242585,0.2786086418009474,0.006279283931941806
0.038461538461538464,0.038461538461538464,0.8461538461538461,0.038461538461538464,0.038461538461538464

0.011721976317700061,0.029543544446063857,0.3906747408677172,0.5507658017850675,0.01729393658345129
0.026123908336193616,0.007956178414390582,0.37431817606770357,0.5785201535072899,0.013081583674422335
0.3221758938441181,0.6582691499859561,0.005394470667565744,0.007625325653028047,0.0065351598493320305
0.2,0.2,0.2,0.2,0.2
0.2,0.2,0.2,0.2,0.2

Transition Gammas
1.0,1.0,405.0,547.7248118465012,14.275188153498334
754.4443499524634,20.55565004753619,1.0,1.0,1.0
1.0,1.0,1.0,1.0,1.0
6.514440161019949,3.5379337633219894,820.8440484770418,323.71838212879504,7.29596764205118
1.0,1.0,22.0,1.0,1.0

2.468775615474498,6.2221915610762935,82.28034656405775,115.99726397937495,3.642291007559717
5.0370162751803615,1.534050711164118,72.17322617598688,111.54592150741895,2.5222929519281814
477.7868505708272,976.213149429173,8.0,11.308357943440596,9.691642056559402
1.0,1.0,1.0,1.0,1.0
1.0,1.0,1.0,1.0,1.0

Iteration: ,7500
Error:,0.3078854207358055
Absolute Error:,1
Transition Probabilities
0.0006958942240779402,0.0006958942240779402,0.4265831593597773,0.5599744059344266,0.012050646257640069
0.9692238934927176,0.028185432932152782,0.0008635578583765111,0.0008635578583765111,0.0008635578583765111
0.2,0.2,0.2,0.2,0.2
0.00700526455452805,0.0030194591762955536,0.6995934264517417,0.28440743564175847,0.005974414175676222
0.027777777777777776,0.027777777777777776,0.8888888888888888,0.027777777777777776,0.027777777777777776

0.008639926107183882,0.03035755542022524,0.4031112576106375,0.5379808008850593,0.019910459976894133
0.029312338594422345,0.005864101220774342,0.3891389341305076,0.5651209404692942,0.010563685585001478
0.32443644918128534,0.6549818953377303,0.0058165548098434005,0.008431869282163473,0.006333231388977466
0.2,0.2,0.2,0.2,0.2
0.2,0.2,0.2,0.2,0.2

Transition Gammas
1.0,1.0,613.0,804.6832213277711,17.31677867222878
1122.3612686645672,32.63873133543293,1.0,1.0,1.0
1.0,1.0,1.0,1.0,1.0
12.179714699224064,5.24978764570178,1216.3492575204912,494.48545411686024,10.387424998489388
1.0,1.0,32.0,1.0,1.0

2.8633441100479873,10.060748949656185,133.59445796807555,178.29135786847868,6.5984937366285115
8.598534263587826,1.7201860271077103,114.15071669013501,165.77359578607044,3.098770579488594
725.1154639201727,1463.8845360798273,13.0,18.845227845635364,14.154772154364636
1.0,1.0,1.0,1.0,1.0
1.0,1.0,1.0,1.0,1.0

Iteration: ,10000
Error:,0.30779901075273103
Absolute Error:,1
Transition Probabilities
0.0005208333333333334,0.0005208333333333334,0.4286458333333334,0.5560520124246893,0.01426048757531071
0.97285503006441,0.025193115674041495,0.0006506180871828235,0.0006506180871828235,0.0006506180871828235
0.2,0.2,0.2,0.2,0.2
0.007093242798877023,0.002840213881074191,0.6853815490020987,0.2989704900451572,0.005714504272792999
0.01818181818181818,0.01818181818181818,0.9272727272727272,0.01818181818181818,0.01818181818181818

0.0068613245503658625,0.02756170129664217,0.3839772739385536,0.5615648861393261,0.020034814075112265
0.026616892191482694,0.004453900031066333,0.38791738476119997,0.5719097034809939,0.00910211953525704
0.3240381025432478,0.6567376141515245,0.005059021922428331,0.007824440658434904,0.006340820724364423
0.2,0.2,0.2,0.2,0.2
0.2,0.2,0.2,0.2,0.2

Transition Gammas
1.0,1.0,823.0,1067.6198638554033,27.38013614459656
1495.2781812089986,38.72181879100179,1.0,1.0,1.0
1.0,1.0,1.0,1.0,1.0
16.677363803423262,6.677803300587149,1611.4431383444792,702.9280923191,13.435726002312164
1.0,1.0,51.0,1.0,1.0

2.9433733023720077,11.823427848222506,164.7186995065052,240.90029283397362,8.594541248384461
