0,1,2,3,4,5,6,7,8,9,10,11,12,13,14,15,16,17,18,19,20,21,22,23,24,25,26,27,28,29
github Code Version (SHA):,528ca1c557fe8e6666681dc5c9134b0f84d30530
Environment Observations,Environment Actions,alpha,epsilon,numActions,explore,patience,gainThresh,insertRandActions,useUpdatedPosterior,revisedSplitting,haveControl,confidence_factor
"['diamond', 'square']","['x', 'y']",0.9,0.99,75000,0.5,0,0.01,False,True,False,False,250

Model Num 0
Model States: 
['diamond'],['square']
Iteration: ,0
Error:,0.5633523741467078
Absolute Error:,1
Transition Probabilities
0.5,0.5
0.5,0.5

0.5,0.5
0.5,0.5

Transition Gammas
1.0,1.0
1.0,1.0

1.0,1.0
1.0,1.0

Iteration: ,2500
Error:,0.0989804036032715
Absolute Error:,1
Transition Probabilities
0.47339449541284406,0.5266055045871559
0.08333333333333333,0.9166666666666666

0.0743801652892562,0.9256198347107438
0.9167803547066848,0.08321964529331514

Transition Gammas
258.0,287.0
62.0,682.0

36.0,448.0
672.0,61.0

Iteration: ,2590
Error:,0.10319531660119499
Absolute Error:,1
Transition Probabilities
0.4710017574692443,0.5289982425307557
0.08366013071895424,0.9163398692810457

0.076,0.924
0.9173228346456693,0.08267716535433071


Model Num 1
Model States: 
['square'],"['diamond', 'x', 'square']","['diamond', 'x', 'diamond']"
Iteration: ,0
Error:,0.6204791238554861
Absolute Error:,1
Transition Probabilities
0.3333333333333333,0.3333333333333333,0.3333333333333333
0.3333333333333333,0.3333333333333333,0.3333333333333333
0.3333333333333333,0.3333333333333333,0.3333333333333333

0.3333333333333333,0.3333333333333333,0.3333333333333333
0.3333333333333333,0.3333333333333333,0.3333333333333333
0.3333333333333333,0.3333333333333333,0.3333333333333333

Transition Gammas
1.0,1.0,1.0
1.0,1.0,1.0
1.0,1.0,1.0

1.0,1.0,1.0
1.0,1.0,1.0
1.0,1.0,1.0

Iteration: ,2500
Error:,0.08587775244575657
Absolute Error:,1
Transition Probabilities
0.9183673469387755,0.040931134425813746,0.04070151863541074
0.9954648526077098,0.0022675736961451248,0.0022675736961451248
0.0029069767441860465,0.8534416703310089,0.14365135292480508

0.09065155807365442,0.3499502882712676,0.5593981536550781
0.9058519212975336,0.02407417460640915,0.07007390409605747
0.9025489322604516,0.045222012695429255,0.05222905504411913

Transition Gammas
675.0,30.084383802973104,29.915616197026893
439.0,1.0,1.0
1.0,293.58393459386707,49.416065406132944

64.0,247.06490351951487,394.93509648048496
69.90939795697587,1.8579317584649502,5.4079748937698495
102.9041072944532,5.155987315642507,5.954895177469419

Iteration: ,5000
Error:,0.08788328823685346
Absolute Error:,1
Transition Probabilities
0.9182825484764543,0.04279380582376966,0.03892364569977604
0.9978401727861771,0.0010799136069114472,0.0010799136069114472
0.001510574018126888,0.8543699115465054,0.1441195144353676

0.09715475364330327,0.38483985624511563,0.5180053901115811
0.90976380862648,0.025131216852940615,0.06510497452057958
0.9137150490169706,0.03352826125029904,0.05275668973273023

Transition Gammas
1326.0,61.79425560952339,56.2057443904766
924.0,1.0,1.0
1.0,565.5928814437867,95.40711855621338

140.0,554.5542328492116,746.4457671507884
131.34170773855686,3.6281691002817356,9.399141243833455
195.29174890292992,7.16612119313318,11.275885425460224

Iteration: ,7500
Error:,0.08782201391681128
Absolute Error:,1
Transition Probabilities
0.9164722351843211,0.043964968347301785,0.03956279646837717
0.9985496736765772,0.0007251631617113851,0.0007251631617113851
0.0009852216748768479,0.8542688776943538,0.14474590063076936

0.09167054443927404,0.38223252993948764,0.5260969256212382
0.8961767352168332,0.032510277759744244,0.0713129870234226
0.9165788396660486,0.028458811433804784,0.05496234890014655

Transition Gammas
1964.0,94.21692716826773,84.78307283173227
1377.0,1.0,1.0
1.0,867.0829108597686,146.91708914023081

197.0,821.4177068399592,1130.5822931600414
202.12923264313253,7.3325687203900225,16.084371283133628
296.2663186913212,9.198758396927166,17.765512436668537

Iteration: ,10000
Error:,0.08089723624838739
Absolute Error:,1
Transition Probabilities
0.9221282593375617,0.04245060654922224,0.035421134113216096
0.998914223669924,0.0005428881650380022,0.0005428881650380022
0.0007396449704142016,0.8675530128290412,0.1317073422005446

0.08971250432975407,0.3786155644612102,0.5316719312090357
0.9026865688619757,0.03449609643829895,0.06281733469972528
0.9291804727747077,0.026837387312287832,0.04398213991300443

Transition Gammas
2617.0,120.47482138669271,100.52517861330729
1840.0,1.0,1.0
1.0,1172.9316733448632,178.06832665513625

259.0,1093.063134599514,1534.9368654004859
274.7707647182899,10.500343225552724,19.121107689425983
394.0852978322233,11.382309553298187,18.65376556521482

Iteration: ,12500
Error:,0.08134662064388665
Absolute Error:,1
Transition Probabilities
0.922687658138881,0.042006379644582724,0.0353059622165362
0.9991300565463245,0.00043497172683775554,0.00043497172683775554
0.0005931198102016611,0.8725833781982693,0.126823501991529

0.09113573407202216,0.3753768522174129,0.5334874137105649
0.9133298506700197,0.03469418099345926,0.05197596833652109
0.9315658712007436,0.02854587890874549,0.039888249890510846

Transition Gammas
3282.0,149.41669239578076,125.58330760421929
2297.0,1.0,1.0
1.0,1471.175575642281,213.82442435771776

329.0,1355.1104365048607,1925.889563495139
347.26191254808197,13.191255751949392,19.76205437481092
491.3165739780489,15.055364156438499,21.037436947883787

Iteration: ,15000
Error:,0.08005867755747818
Absolute Error:,1
Transition Probabilities
0.9209421641791045,0.04367891943008461,0.03537891639081093
0.9992756247736327,0.0003621876131836291,0.0003621876131836291
0.0005002501250625314,0.8781479645237865,0.12135178535115096

0.09080406654343812,0.3793069168040172,0.5298890166525447
0.9088905723254382,0.03778401684151393,0.05332541083304791
0.9359066489218288,0.026742083460975844,0.03735126761719524

Transition Gammas
3949.0,187.2952065162028,151.70479348379726
2759.0,1.0,1.0
1.0,1755.4177810830483,242.58221891695067

393.0,1641.6403359277856,2293.3596640722126
425.82220706345464,17.702101807493786,24.98336414184234
585.5072920406636,16.72996434932816,23.367116348648516

Iteration: ,17500
Error:,0.08441225126315471
Absolute Error:,1
Transition Probabilities
0.9193516109665799,0.0460730779288847,0.034575311104535364
0.9993788819875776,0.00031055900621118014,0.00031055900621118014
0.0004264392324093819,0.8770722113616536,0.12250134940593699

0.09170305676855899,0.3766358125772488,0.5316611306541921
0.9031753850449615,0.0407770998461198,0.056047515108918616
0.9339770277192952,0.027110816599239144,0.03891215568146571

Transition Gammas
4594.0,230.22717041063686,172.7728295893632
3218.0,1.0,1.0
1.0,2056.7343356430765,287.26566435692206

462.0,1897.4912237641788,2678.508776235819
501.1640088017851,22.62685095782888,31.10026891838506
677.9041642337803,19.6777168205963,28.24342740012961

Iteration: ,20000
Error:,0.08181365042419796
Absolute Error:,1
Transition Probabilities
0.9193857965451055,0.046379463992969244,0.03423473946192521
0.9994575535665853,0.00027122321670735016,0.00027122321670735016
0.0003753753753753754,0.8781470505923843,0.12147757403224038

0.09427083333333335,0.3773061803074977,0.528422986359169
0.9039726968164082,0.04036574653825,0.05566155664534171
0.9311178711128741,0.028160995578224605,0.04072113330890122

Transition Gammas
5269.0,265.80070814370674,196.19929185629334
3685.0,1.0,1.0
1.0,2339.3837427781114,323.6162572218883

543.0,2173.2835985711863,3043.716401428813
567.3295464468284,25.33337650150733,34.93296401245132
767.4399901035686,23.21067486550201,33.56291089788444

Iteration: ,22500
Error:,0.08321867412424654
Absolute Error:,1
Transition Probabilities
0.9189442448852101,0.04631483104605057,0.034740924068739396
0.9995236961181234,0.00023815194093831864,0.00023815194093831864
0.0003307972213033411,0.877608192574321,0.12206101020437576

0.09336003697427209,0.37906364305549495,0.527576319970233
0.908665136945837,0.03810995433027509,0.053224908723887944
0.9325475833605413,0.028666917086517568,0.03878549955294113

Transition Gammas
5884.0,296.5538631878618,222.44613681213835
4197.0,1.0,1.0
1.0,2653.0095661521723,368.99043384782794

606.0,2460.5021070732173,3424.497892926782
633.1024370345048,26.552691393957392,37.083869573001024
847.0045100404861,26.037285919221063,35.22768556981329

Iteration: ,24133
Error:,0.08356118890362202
Absolute Error:,1
Transition Probabilities
0.9200406327093309,0.046144022463109,0.03381534482756
0.9995568358076667,0.00022158209616662973,0.00022158209616662973
0.0003088326127239037,0.8777081118527474,0.12198305553452875

0.09308013235505684,0.38069422144116444,0.5262256462037788
0.9031820862617145,0.04043397278038795,0.05638394095789753
0.9326653090690098,0.02903567986076511,0.03829901107022512


Model Num 2
Model States: 
"['diamond', 'x', 'square']","['diamond', 'x', 'diamond']","['square', 'y', 'diamond', 'x', 'diamond']","['square', 'y', 'diamond', 'x', 'square']"
Iteration: ,0
Error:,0.5632954769057759
Absolute Error:,0.65
Transition Probabilities
0.25,0.25,0.25,0.25
0.25,0.25,0.25,0.25
0.25,0.25,0.25,0.25
0.25,0.25,0.25,0.25

0.25,0.25,0.25,0.25
0.25,0.25,0.25,0.25
0.25,0.25,0.25,0.25
0.25,0.25,0.25,0.25

Transition Gammas
1.0,1.0,1.0,1.0
1.0,1.0,1.0,1.0
1.0,1.0,1.0,1.0
1.0,1.0,1.0,1.0

1.0,1.0,1.0,1.0
1.0,1.0,1.0,1.0
1.0,1.0,1.0,1.0
1.0,1.0,1.0,1.0

Iteration: ,2500
Error:,0.03480650620084238
Absolute Error:,0.06816086900220092
Transition Probabilities
0.0016155088852988688,0.0016155088852988688,0.1256802838655346,0.8710886983638677
0.9134284907075843,0.07992699101999057,0.0033222591362126247,0.0033222591362126247
0.04049732919886788,0.053058830836148395,0.8182125632572266,0.08823127670775718
0.07486693214392394,0.05108883801564223,0.8402938379641379,0.03375039187629586

0.035328863149617806,0.033929552666689504,0.11405136065190483,0.8166902235317878
0.06017046942426335,0.04192621746904046,0.8101528982438053,0.0877504148628909
0.003631453369181241,0.9267015758307809,0.026693032854254943,0.04297393794578298
0.9283405772629473,0.002432543193273932,0.022308927828501048,0.046917951715277795

Transition Gammas
1.0,1.0,77.79609571276593,539.2039042872342
274.94197570298286,24.058024297017162,1.0,1.0
6.782462787059462,8.886253804636576,137.0336358465786,14.776909064458469
14.486766175178133,9.885700259112683,162.59702381857832,6.530707502380417

5.9055439243769285,5.671636326337969,19.064732343986133,136.51727108372467
3.23184122125953,2.2519165824107286,43.51446078317283,4.713199193060603
1.2105442704534581,308.91578907842904,8.898117281905138,14.325353810289752
489.0311611042706,1.2814148722770917,11.751894882295028,24.715434147674394

Iteration: ,5000
Error:,0.025213577199402495
Absolute Error:,0.06319484215854307
Transition Probabilities
0.0007955449482895781,0.0007955449482895781,0.11220919741938644,0.8861997126840343
0.9008706789753698,0.09581257143922386,0.0016583747927031499,0.0016583747927031499
0.039613538760690944,0.03894251690201434,0.8299581442236076,0.09148580011368716
0.06471588600316257,0.03750780163980241,0.8523252628807745,0.0454510494762605

0.042990347113725055,0.03037716608001038,0.11335359771424403,0.8132788890920205
0.03209185651080548,0.041079601308896804,0.8378489287210822,0.0889796134592156
0.0018453940567264113,0.9259643759709566,0.021055108825725297,0.051135121146591654
0.9273444089693247,0.0012100344665850913,0.016676259041631638,0.05476929752245863

Transition Gammas
1.0,1.0,141.0469611561688,1113.9530388438316
543.2250194221483,57.77498057785202,1.0,1.0
12.89970038765417,12.681189716775041,270.26647276970687,29.791314992601738
26.29334842940565,15.239004798422492,346.29032369291525,18.46625850572565

13.905390947620774,9.825609667815222,36.664651424335005,263.05814354917766
3.23184122125953,4.1369606902703735,84.3763807842405,8.960777402591424
1.225335221582963,614.8371182147546,13.980518873128903,33.95354221091427
1002.2067182634868,1.3077176721103925,18.02249378480729,59.190692692681644

Iteration: ,7500
Error:,0.022255736705142953
Absolute Error:,0.0619664026519163
Transition Probabilities
0.0005238344683080145,0.0005238344683080145,0.10462440578135229,0.8943279252820316
0.8929836557313391,0.10477670261132603,0.0011198208286674132,0.0011198208286674132
0.031753841975917685,0.03917891679858759,0.8467445673523611,0.08232267387313356
0.05974182872156954,0.03169599389502221,0.8621531513361994,0.04640902604720894

0.04469372545578122,0.03392656606960699,0.09880866004279562,0.8225710484318162
0.040724589699339,0.028162042909206958,0.8249550291390257,0.10615833825242839
0.0012621494963353786,0.9349577131704176,0.016772403971404445,0.047007733361842545
0.9272752437600296,0.0007964450776984187,0.013469880259027346,0.05845843090324477

Transition Gammas
1.0,1.0,199.7279906366016,1707.272009363399
797.4344045680858,93.56559543191415,1.0,1.0
15.460394778278223,19.075534895930502,412.26524014190784,40.0814817384098
36.45335592476972,19.34030764658215,526.0698636092009,28.317927000617768

21.274263451583682,16.149083505837343,47.033033017758775,391.5447417624089
6.261597977973624,4.3300470855022235,126.84073137414414,16.32234581254074
1.2348378947624246,914.726201274393,16.409466604620512,45.99053493316674
1540.3274980972103,1.3230011931824255,22.375262467835277,97.10722810926949

Iteration: ,10000
Error:,0.022905444587013817
Absolute Error:,0.061465366252079025
Transition Probabilities
0.0003930817610062891,0.0003930817610062891,0.10227730253549377,0.8969365339424936
0.8852479454724034,0.11308816101678143,0.0008319467554076543,0.0008319467554076543
0.03691719353264035,0.039169207554685816,0.8399086954021194,0.0840049035105543
0.05428468195764732,0.028749863206501275,0.8698057586427999,0.047159696193051596

0.04902855250553804,0.03194506536375024,0.09109021772216719,0.8279361644085445
0.04387274932060387,0.024859270624845442,0.8371445892545063,0.09412339080004445
0.0009499601375928752,0.9351451117543786,0.01737600256009296,0.04652892554793557
0.9323045159590542,0.000604205234313286,0.011029625367243518,0.05606165343938895

Transition Gammas
1.0,1.0,260.1934576502963,2281.806542349705
1064.0680304578284,135.93196954217123,1.0,1.0
23.76373811104915,25.213368115967654,540.6524268179224,54.07427640196328
45.072655139471536,23.871055754266305,722.2010626905852,39.15676847199837

31.444849990203164,20.48822037274906,58.42143170604421,531.0034084394017
9.057630030172742,5.132253611333331,172.8304263728297,19.43199056941237
1.241051536353457,1221.696818349635,22.70044164961255,60.78654487804285
2058.1032063047383,1.3338096176945833,24.3483828985989,123.75856463127853

Iteration: ,12500
Error:,0.022259147065361817
Absolute Error:,0.059741207620866904
Transition Probabilities
0.00031535793125197077,0.00031535793125197077,0.10460515246800359,0.8947641316694925
0.8897847184532311,0.10888814153349753,0.0006635700066356998,0.0006635700066356998
0.03236653903130798,0.039089918020434246,0.8470906599937017,0.08145288295455595
0.056305599677507465,0.02757982862216206,0.869355252990552,0.046759318709778404

0.046937126174204466,0.03129666055660018,0.08645629884299896,0.8353099144261964
0.04052284287766249,0.023877356142219794,0.8404695030901438,0.095130297889974
0.0007577640810437187,0.9381341581940217,0.016475929444956235,0.04463214827997831
0.9297571171903036,0.00048675377011218716,0.010497470885569708,0.05925865815401447

Transition Gammas
1.0,1.0,331.7029384760396,2837.297061523963
1340.9055707090197,164.09442929098083,1.0,1.0
25.944660288785887,31.334046645384316,679.0185192825629,65.29173155504951
58.683548869722145,28.744604977784256,906.0706531183708,48.73410069933679

37.965683078735196,25.31469633877246,69.93126144645885,675.6508987348093
10.634118381620674,6.26596294398804,220.55837047230506,24.96436028673755
1.2471254744421643,1543.9779166051803,27.116027058995943,73.45543354651248
2562.821643638608,1.3417085753922469,28.935670501027882,163.34305904431702

Iteration: ,15000
Error:,0.02201427014593091
Absolute Error:,0.06140678326474672
Transition Probabilities
0.00026336581511719786,0.00026336581511719786,0.10602667774000443,0.8934465906297612
0.8844048116960147,0.1145070490221572,0.0005440696409140366,0.0005440696409140366
0.03614646812630635,0.039488275412973735,0.840889510016672,0.08347574644404782
0.05350166540417693,0.027843277299641693,0.8701651441146264,0.04848991318155499

0.04290468691485443,0.03306878589808317,0.08630751004016626,0.8377190171468961
0.04155193566279887,0.02660024197122642,0.8322191679341745,0.09962865443180009
0.0006332135144141569,0.9383149934712669,0.016305256838278798,0.04474653617604017
0.929108185607926,0.00040829959039520185,0.010094212986446166,0.060389301815232756

Transition Gammas
1.0,1.0,402.5832953787967,3392.4167046212024
1625.5360438972762,210.4639561027251,1.0,1.0
34.343888140433656,37.519043600689095,798.9553825719158,79.31291345798589
67.52840532927583,35.14305771571063,1098.299727892072,61.2027025134399

42.11144499947406,32.45739472030448,84.71181643420107,822.2308762118297
12.575911806712996,8.050703095568762,251.87550694939839,30.15313610714734
1.2495919191755998,1851.6832107852224,32.177009367916845,88.3034059505353
3069.522512081082,1.348911573275526,33.348553466208315,199.5099432790258

Iteration: ,17500
Error:,0.02445713531596766
Absolute Error:,0.06327583498766107
Transition Probabilities
0.00022563176895306874,0.00022563176895306874,0.1062951906891999,0.893253545772894
0.8807881704539399,0.11828418576127342,0.0004638218923933206,0.0004638218923933206
0.03798026303489977,0.042161360790686865,0.8362515463513713,0.0836068298230422
0.0527113678505757,0.02738451622911365,0.8706950084020323,0.0492091075182783

0.04286471390864226,0.032220768247246546,0.08470440830281986,0.8402101095412913
0.04519354368784292,0.040653882344501346,0.8183421316097703,0.09581044235788541
0.000544404158814096,0.9388906250276127,0.0161877547617118,0.04437721605186159
0.9287483381835019,0.00035062870240808,0.00951916187875894,0.06138187123533115

Transition Gammas
1.0,1.0,471.1002851345337,3958.8997148654635
1898.979295498696,255.02070450130572,1.0,1.0
41.07218164352848,45.593656556359875,904.3295824429705,90.41314163559545
77.71997967273845,40.376945836575246,1283.7913549500443,72.55609163616913

49.24739218732903,37.0185326287519,97.31713652808445,965.3197936309126
16.217225422142914,14.58821593676896,293.6534234274388,34.38056445064796
1.2529919355133565,2160.9356990427036,37.25747836805034,102.13789320537556
3588.9668262773557,1.3549362400416387,36.784944631663784,237.19827055551124

Iteration: ,20000
Error:,0.026604455797289244
Absolute Error:,0.06387771240748161
Transition Probabilities
0.000196811651249754,0.000196811651249754,0.10310480684488972,0.8965015698526108
0.8809140422084009,0.11827062962201099,0.0004076640847941296,0.0004076640847941296
0.03706579809846555,0.04197261481950305,0.8378359394471888,0.0831256476348426
0.05208887346540997,0.026961391912874024,0.8706988424139436,0.050250892207772346

0.04239509311305282,0.03168534707082968,0.0820002460592618,0.8439193137568557
0.055850348226960625,0.048862194112411,0.8073313756970919,0.08795608196353644
0.0004791702802676985,0.938429571534665,0.015538499369987295,0.045552758815080134
0.9274048110504945,0.0003075103318987134,0.008929680259443873,0.06335799835816293

Transition Gammas
1.0,1.0,523.8755235788847,4555.124476421115
2160.8821455372076,290.117854462793,1.0,1.0
46.220363311073356,52.33907282718092,1044.7658893908092,103.65614208398081
88.93355503096956,46.03233419873017,1486.5812651648694,85.79549124791325

54.69088670503605,40.87500697874297,105.7826705334303,1088.6801322452486
23.246986936771172,20.33825793918441,336.04126993456975,36.610584415816795
1.2557631290771318,2459.3454638099006,40.721796391706775,119.38026481058678
4098.966898643476,1.3591418293548903,39.46762337524431,280.0312602866986

Iteration: ,22500
Error:,0.02693613300593499
Absolute Error:,0.06353320385492739
Transition Probabilities
0.00017519271198318144,0.00017519271198318144,0.10167757601173943,0.8979720385642942
0.8787054247470675,0.12056703796664658,0.0003637686431429609,0.0003637686431429609
0.03603527012698951,0.04130583227728846,0.8411230201603319,0.08153587743539013
0.05151943765569249,0.02689415620511328,0.868868744948602,0.052717661190592124

0.04443226123208851,0.031371209122957724,0.07580382432876083,0.8483927053161929
0.05545346576304113,0.05045168363008985,0.8056483003537089,0.0884465502531601
0.00042934906100619455,0.9356864452084521,0.015444589355158467,0.0484396163753833
0.9263335901112283,0.0002740077600673952,0.00886623418916151,0.06452616793954281

Transition Gammas
1.0,1.0,580.3756038750089,5125.624396124993
2415.5612126296896,331.4387873703116,1.0,1.0
51.59872227418799,59.145613740902306,1204.3998272451697,116.75081330998209
100.22621522139131,52.32004871686655,1690.3023362239032,102.55724629154349

64.51571477761787,45.55104610665367,110.06727485467451,1231.867572746046
25.593150877529332,23.284704272367456,371.8266878626698,40.82027830142905
1.257697427189322,2740.9176860354514,45.24202347259387,141.89475748842582
4608.004549344241,1.3630392100912305,44.1046809867944,320.9825041338094

Iteration: ,25000
Error:,0.027669876488841755
Absolute Error:,0.06245125772272367
Transition Probabilities
0.00015795293002685183,0.00015795293002685183,0.10135142944710901,0.8983326646928373
0.87512344452029,0.12422423975890115,0.00032615786040443557,0.00032615786040443557
0.03589454409879703,0.039773060464280155,0.8479008086180858,0.07643158681883702
0.051669052182702666,0.027737684645304867,0.868863286806092,0.05172997636590038

0.045393740680803825,0.03292113221791539,0.07412164058847316,0.8475634865128076
0.05523290923064095,0.045149682863221276,0.8105602180832678,0.08905718982286989
0.0003865822779055345,0.9365710196026419,0.014825840843243012,0.048216557276209646
0.92553600179063,0.0002479766233184394,0.008291924129613574,0.06592409745643787

Transition Gammas
1.0,1.0,641.6558998296478,5687.344100170359
2683.128480899211,380.87151910079115,1.0,1.0
57.796913089559894,64.04204807930272,1365.2785005259186,123.06911514202862
111.83204723788864,60.035203443539096,1880.5601424578629,111.96391101021419

72.76574735674826,52.77227110476847,118.81630576898797,1358.6364464225855
28.77196635551404,23.5194049054739,422.2376052368457,46.39173465588072
1.2602494490872582,3053.2002601881904,48.331904546121166,157.18488202161194
5099.23762901308,1.3662264096637868,45.68432935817012,363.20860318585255

Iteration: ,27500
Error:,0.02859420234283791
Absolute Error:,0.06206015389909795
Transition Probabilities
0.00014386419220256062,0.00014386419220256062,0.10146092218277233,0.8982513494328225
0.8766863328700517,0.1227216008185214,0.00029603315571343993,0.00029603315571343993
0.03750705099982258,0.03972472058930821,0.8473204224445109,0.07544780596635835
0.052987264041411714,0.02744473139485761,0.864049404444931,0.05551860011879966

0.04742716661394419,0.034597956459935686,0.07165921344970869,0.8463156634764114
0.050935386505780486,0.04319323830112871,0.8197574220687834,0.0861139531243073
0.0003519568358721083,0.9378536369538535,0.014287162751767273,0.04750724345850708
0.9250079326450299,0.00022687265946373157,0.007947655731912692,0.06681753896359359

Transition Gammas
1.0,1.0,705.2548700924513,6243.745129907556
2961.4464324350342,414.55356756496525,1.0,1.0
66.69674479609674,70.64030577220994,1506.7437313738621,134.16472172092205
127.55488891141218,66.06700171457543,2080.0040876201588,133.64850967085206

84.09483967572278,61.34689903129268,127.0615661145121,1500.63318381277
29.097096946912007,24.67435565952533,468.2905700574022,49.19303090505548
1.2619671445139715,3362.7432559052904,51.22767380374369,170.3407186921279
5583.729275903294,1.3694969154775962,47.97532693388406,403.3382150442591

Iteration: ,30000
Error:,0.02859261538780267
Absolute Error:,0.06175601251357543
Transition Probabilities
0.0001318044022670356,0.0001318044022670356,0.09998816596749538,0.8997482252279706
0.8785214546724567,0.12093239568254059,0.00027307482250136535,0.00027307482250136535
0.03848235132001692,0.04023192654369671,0.8476229519314615,0.0736627702048248
0.05407425210415552,0.027105151661395127,0.8635507723768721,0.055269823857577234

0.04684836574031477,0.03603200819024326,0.07006966634644501,0.8470499597229969
0.0533163991974098,0.04200370655478587,0.8202109830535411,0.08446891119426306
0.0003249891561566585,0.9399770334587252,0.013322809998353858,0.04637516738676432
0.9247688663002415,0.00020786340938197607,0.007476980231273136,0.06754629005910329

Transition Gammas
1.0,1.0,758.6102151953883,6826.38978480462
3217.1455670105365,442.85443298946365,1.0,1.0
75.30271663175591,78.72630595973365,1658.6385387180455,144.14417312797494
141.96301735129973,71.16009867699196,2267.1099185345024,145.10179351502381

90.95750693232189,69.95722439746113,136.0423583990196,1644.5728973898206
33.22801072365965,26.177679529109753,511.1744182058442,52.6429753177177
1.263751496119721,3655.1908266718424,51.80702416982324,180.33428518327239
6110.308083617406,1.3734345055498445,49.403320562657065,446.30464671429115

Iteration: ,32500
Error:,0.028768906218820656
Absolute Error:,0.06079639391781526
Transition Probabilities
0.00012180267965895242,0.00012180267965895242,0.09975659364578042,0.8999998009949017
0.8785809386888528,0.12091654874833306,0.00025125628140703515,0.00025125628140703515
0.038539301070340835,0.03848104431146681,0.8498999948542417,0.0730796597639507
0.05309505965398872,0.026901033810977273,0.8640191006187505,0.05598480591628342

0.04624530628756659,0.03606558889006264,0.06804076575805659,0.8496483390643143
0.050537065170035776,0.03967032409971542,0.8230761603922208,0.08671645033802804
0.0003000408047886213,0.9422474284993384,0.013063196889245756,0.0443893338066273
0.923200547737356,0.00019216433859344485,0.007201960278459223,0.0694053276455913

Transition Gammas
1.0,1.0,819.0016338318578,7388.998366168148
3496.7521359816346,481.24786401836565,1.0,1.0
81.20672635834731,81.08397268754844,1790.8367406072116,153.9872226011748
151.53637153423472,76.7771065858294,2465.960492318654,159.78387452408887

97.7128844300207,76.20390050401295,143.76506536047276,1795.2435960721784
33.80147217602725,26.53330484781621,550.5105181838816,57.999879364633635
1.2650666910125745,3972.8124223854597,55.07855931251191,187.1594354460025
6613.448542931913,1.3765903499397032,51.59203363403983,497.19268918808365

Iteration: ,35000
Error:,0.02972102973965537
Absolute Error:,0.06026121594304486
Transition Probabilities
0.0001132502831257077,0.0001132502831257077,0.0995892806063029,0.9001842188274457
0.8787274685222651,0.12080589592010528,0.0002333177788147457,0.0002333177788147457
0.038069405798821815,0.038875774302615615,0.8521183999544841,0.07093641994407852
0.055583305402119206,0.026863331111722684,0.860909323244746,0.05664404024141206

0.04570473577737101,0.034849295325966805,0.06685265449585685,0.8525933144008053
0.05029379009299596,0.03723787001523405,0.8262895117013287,0.08617882819044141
0.0002785398822147347,0.9429577215182582,0.012293022254205291,0.044470716345321834
0.9221647631527616,0.0001786961875170521,0.006965529072471271,0.0706910115872501

Transition Gammas
1.0,1.0,879.3733477536555,7948.626652246354
3766.2259300864284,517.7740699135712,1.0,1.0
85.32371569085274,87.13100307861359,1909.8251356187668,158.98748090317733
171.7272055091179,82.9955100566293,2659.819368567624,175.0043950972524

104.73921620841853,79.8623559632232,153.20282492071814,1953.8446941223021
36.28943711582311,26.868950217240087,596.2084229266591,62.1822527303997
1.266674023998711,4288.147327697131,55.90313258564381,202.2328033434281
7118.578718290631,1.3794312343377133,53.76985653562073,545.6937314965198

Iteration: ,37500
Error:,0.02828749282361311
Absolute Error:,0.06087488733845536
Transition Probabilities
0.00010549636037556696,0.00010549636037556696,0.09881126466725232,0.9009777426119965
0.8799276451148028,0.11963414279054337,0.0002191060473269063,0.0002191060473269063
0.03976059907392932,0.037464959216827035,0.8511874674249916,0.07158697428425201
0.05641718856097386,0.026312128208817013,0.8594585231749872,0.05781216005522208

0.04464278932218171,0.03440813180716532,0.06562988404290347,0.8553191948277494
0.05046246274857308,0.04130738204642494,0.8212802691414292,0.08694988606357283
0.00026161422704834293,0.9427593401291038,0.01190913533722739,0.04506991030662045
0.9225087934343766,0.00016660435152092645,0.0065291146683782945,0.07079548754572401

Transition Gammas
1.0,1.0,936.6319777808854,8540.368022219121
4015.9897723039585,546.0102276960397,1.0,1.0
96.33796460746716,90.77574279854018,2062.3851255016984,173.4516972978391
187.6345853718478,87.50994852174283,2858.422189293434,192.27403842871055

109.34721166182072,84.27863331865082,160.75260822052508,2095.0028090824794
38.36109074787494,31.401484290119285,624.3295554350325,66.09848763071757
1.2678103567876586,4568.711988102665,57.712935918170686,218.4135767802318
7652.002221516463,1.3819454914964198,54.15753248374909,587.2325898991633

Iteration: ,40000
Error:,0.029205730926324287
Absolute Error:,0.060661335763358575
Transition Probabilities
9.899029895070272e-05,9.899029895070272e-05,0.09857713168779711,0.9012248877143014
0.8782402153848919,0.12134944403242434,0.00020517029134181386,0.00020517029134181386
0.04081382678129938,0.03740590937525072,0.8513994283313616,0.07038083551208818
0.05764450151770206,0.026299514978236987,0.8577616225780671,0.058294360925993945

0.044131072998192675,0.03452288669903072,0.064638621628652,0.8567074186741246
0.04799849310470384,0.039290434599027944,0.8252288090540832,0.08748226324218507
0.0002460484823574571,0.9427906441646641,0.011724376058754272,0.04523893129422419
0.9222065944340163,0.0001564047358097399,0.00633715443485944,0.07129984639531452

Transition Gammas
1.0,1.0,995.8261843101275,9104.173815689883
4280.54280978596,591.4571902140358,1.0,1.0
105.80670908693156,96.97194513533621,2207.1875816239803,182.45690677882607
205.02695384621288,93.54074199019512,3050.8417624074664,207.33833986573583

115.81363869019381,90.59877440251186,169.63181409705197,2248.266282888635
38.36109074787494,31.401484290119285,659.5348142040339,69.91709159998747
1.268715530201818,4861.371712274792,60.455150323007494,233.26839553243744
8162.343914198687,1.3843202284537843,56.08942101141434,631.0666946220116

Iteration: ,42500
Error:,0.028806560540264474
Absolute Error:,0.059881377204959854
Transition Probabilities
9.317059536010429e-05,9.317059536010429e-05,0.09866593590196544,0.9011477229073144
0.8780316284746235,0.12158294080654816,0.00019271535941414543,0.00019271535941414543
0.04051268838874038,0.03721913441651316,0.8526418929274225,0.06962628426732391
0.05610162176503443,0.025917977819495563,0.8591783018388848,0.05880209857658528

0.04309665787986348,0.03560349207212772,0.06387426150809541,0.8574255885399135
0.0465223236970841,0.0382850361795134,0.8292171442379317,0.08597549588547082
0.00023185430080888857,0.9437064124795174,0.011328339367267825,0.04473339385240599
0.9217555198877101,0.00014716027683161326,0.006257322667593074,0.07183999716786546

Transition Gammas
1.0,1.0,1058.9814900357958,9672.018509964211
4556.106120154818,630.8938798451779,1.0,1.0
111.38433081551521,102.32913552259387,2344.2272148838742,191.42834970295675
211.40488378575415,97.66539569640639,3237.597832950624,221.58095300712276

120.39505810676806,99.46210930733203,178.4394847329263,2395.3087926738253
39.30036304794308,32.341802850505886,700.4924136274788,72.6289646133415
1.2696968775674833,5167.991627005948,62.0370511673223,244.97216699988377
8685.845541962064,1.3867141632387352,58.963724137559275,676.9594601517409

Iteration: ,45000
Error:,0.02854062218607438
Absolute Error:,0.059986514874088126
Transition Probabilities
8.791981712678034e-05,8.791981712678034e-05,0.09803793850786556,0.9017862218578808
0.8778548666175454,0.12178070189557418,0.0001822157434402332,0.0001822157434402332
0.04093374661947255,0.037599692836684906,0.8507529507536615,0.070713609790181
0.05634974348692294,0.025592514833725096,0.8596228153466082,0.05843492633274388

0.043666885945250214,0.03528068304623682,0.06377863120559252,0.8572737998029204
0.04421883402597799,0.037352797849920634,0.8305664249023623,0.08786194322173904
0.0002187436849206044,0.9434438116812901,0.011287460771274405,0.045049983862514915
0.9216205001579842,0.00013912525353678868,0.006258907919606287,0.07198146666887269

Transition Gammas
1.0,1.0,1115.0835125884635,10256.916487411541
4817.66750799709,668.3324920029112,1.0,1.0
118.61056032045124,108.9497298328056,2465.161206014943,204.9013728810537
225.4542646348614,102.39517085527287,3439.334728157107,233.7970420113527

128.4845163144822,103.80913129742794,187.66088774740405,2522.4241924386056
39.84757890725515,33.66028509157515,748.460738122814,79.17634629208395
1.2709182037657498,5481.483567999247,65.58104465375207,261.7439885910526
9196.443952571435,1.3882694626682492,62.45487798621864,718.2712664602199

Iteration: ,47500
Error:,0.028854940736801882
Absolute Error:,0.06003250161598089
Transition Probabilities
8.318775476249895e-05,8.318775476249895e-05,0.09843128506636903,0.901402339424106
0.8771314723618147,0.122522805944149,0.00017286084701815033,0.00017286084701815033
0.04095055318608474,0.037617462964837006,0.8498511329682399,0.0715808508808384
0.056560809841911426,0.02499439151194311,0.8588482927389437,0.05959650590720186

0.04500286524478053,0.03545418363383152,0.06277699049728896,0.8567659606240989
0.044034850221334416,0.036200330255017864,0.8333577176618214,0.08640710186182624
0.00020742364002354939,0.9424647294412571,0.01176077647687909,0.04556707044184026
0.9219529823145225,0.0001315633842718657,0.006179158500555441,0.07173629580065034

Transition Gammas
1.0,1.0,1183.2424777828223,10835.75752221718
5074.205567613099,708.7944323869021,1.0,1.0
123.89037987580211,113.80656460243429,2571.1100707937135,216.55821759383898
238.46249857820365,105.37729334213469,3620.9366584138684,251.26110720273525

140.3555177130884,110.57496610392984,195.7896892518092,2672.092750278691
41.87779397130255,34.42704958669911,792.5355174190736,82.17443209727936
1.2718965466308032,5779.079156848156,72.11565174027908,279.4117369094439
9742.502308480449,1.3902624098707923,65.29667684896181,758.0549559969285

Iteration: ,49847
Error:,0.02832509320481932
Absolute Error:,0.06017326806824619
Transition Probabilities
7.936507936507949e-05,7.936507936507949e-05,0.09889346447146871,0.9009478053698011
0.8757101734608846,0.12396071678101107,0.00016455487905216385,0.00016455487905216385
0.04129793685274035,0.03628953689251802,0.8503744609381285,0.07203806531661305
0.05637578585149705,0.024824995483503448,0.8595936057291169,0.05920561293588252

0.04530747693219303,0.034895619981641215,0.062120983508943156,0.8576759195772227
0.04577433954052415,0.036992884515014646,0.8315981730056049,0.08563460293885632
0.00019754364319407577,0.9422427998902052,0.011622200910260687,0.045937455556340025
0.9215169405576892,0.00012546379604789996,0.006403478993232387,0.07195411665303066

*,*,*,*,*,*,*,*,*,*,*
Model Num 2
Model States: 
"['diamond', 'x', 'square']","['diamond', 'x', 'diamond']","['square', 'y', 'diamond', 'x', 'diamond']","['square', 'y', 'diamond', 'x', 'square']"
Iteration: ,49847
Error:,0.029336886013289244
Absolute Error:,0.06017326806824619
Transition Probabilities
7.936507936507949e-05,7.936507936507949e-05,0.09889346447146871,0.9009478053698011
0.8757101734608846,0.12396071678101107,0.00016455487905216385,0.00016455487905216385
0.04129793685274035,0.03628953689251802,0.8503744609381285,0.07203806531661305
0.05637578585149705,0.024824995483503448,0.8595936057291169,0.05920561293588252

0.04530747693219303,0.034895619981641215,0.062120983508943156,0.8576759195772227
0.04577433954052415,0.036992884515014646,0.8315981730056049,0.08563460293885632
0.00019754364319407577,0.9422427998902052,0.011622200910260687,0.045937455556340025
0.9215169405576892,0.00012546379604789996,0.006403478993232387,0.07195411665303066

Transition Gammas
1.0,1.0,1246.0576523405039,11351.942347659477
5321.690724121798,753.3092758782045,1.0,1.0
130.34998341536036,114.54181231760366,2684.063789321616,227.37602250636567
249.15956086427647,109.717051030041,3799.0772472667777,261.66632175492924

149.04589311682554,114.79449305493054,204.35650129542236,2821.456459151239
45.8181079463035,37.02825628873447,832.3933286899212,85.71648484229401
1.2729183838738871,6071.560505111793,74.89035314192445,296.0086730232405
10226.471857243123,1.3923259822117375,71.06217458477532,798.505937958871

