0,1,2,3,4,5,6,7,8,9,10,11,12,13,14,15,16,17,18,19,20,21,22,23,24,25,26,27,28,29
github Code Version (SHA):,528ca1c557fe8e6666681dc5c9134b0f84d30530
Environment Observations,Environment Actions,alpha,epsilon,numActions,explore,patience,gainThresh,insertRandActions,useUpdatedPosterior,revisedSplitting,haveControl,confidence_factor
"['diamond', 'square']","['x', 'y']",0.9,0.99,75000,0.5,0,0.01,False,True,False,False,250

Model Num 0
Model States: 
['diamond'],['square']
Iteration: ,0
Error:,0.5611475878943525
Absolute Error:,1
Transition Probabilities
0.5,0.5
0.5,0.5

0.5,0.5
0.5,0.5

Transition Gammas
1.0,1.0
1.0,1.0

1.0,1.0
1.0,1.0

Iteration: ,2376
Error:,0.10689398484797451
Absolute Error:,1
Transition Probabilities
0.4541832669322709,0.545816733067729
0.09618320610687023,0.9038167938931297

0.082,0.918
0.9241379310344827,0.07586206896551724


Model Num 1
Model States: 
['square'],"['diamond', 'x', 'square']","['diamond', 'x', 'diamond']"
Iteration: ,0
Error:,0.618791539967198
Absolute Error:,1
Transition Probabilities
0.3333333333333333,0.3333333333333333,0.3333333333333333
0.3333333333333333,0.3333333333333333,0.3333333333333333
0.3333333333333333,0.3333333333333333,0.3333333333333333

0.3333333333333333,0.3333333333333333,0.3333333333333333
0.3333333333333333,0.3333333333333333,0.3333333333333333
0.3333333333333333,0.3333333333333333,0.3333333333333333

Transition Gammas
1.0,1.0,1.0
1.0,1.0,1.0
1.0,1.0,1.0

1.0,1.0,1.0
1.0,1.0,1.0
1.0,1.0,1.0

Iteration: ,2500
Error:,0.08560404267447874
Absolute Error:,1
Transition Probabilities
0.9184247538677919,0.04596836377264063,0.035606882359567514
0.9958246346555324,0.0020876826722338203,0.0020876826722338203
0.0031746031746031746,0.8945755637477821,0.10224983307761482

0.08583106267029973,0.42325505265566127,0.49091388467403907
0.898382522531463,0.06870469295864928,0.03291278450988765
0.913164297152618,0.0361961972748131,0.05063950557256878

Transition Gammas
653.0,32.68350664234749,25.316493357652504
477.0,1.0,1.0
1.0,281.79130258055136,32.20869741944867

63.0,310.6692086492554,360.3307913507447
75.35494207761488,5.762843809306203,2.7606736642283076
86.43669150606434,3.4261956444107096,4.793344784552174

Iteration: ,5000
Error:,0.08607139905212183
Absolute Error:,1
Transition Probabilities
0.9229166666666667,0.04876979477335098,0.028313538559982348
0.9978425026968716,0.0010787486515641855,0.0010787486515641855
0.0015723270440251573,0.8943006698369621,0.10412700311901281

0.09842788790157211,0.3971003325573887,0.5044717795410392
0.9109039240088063,0.05490128108555109,0.034194794905642645
0.9251778690795229,0.038327854264878766,0.03649427665559829

Transition Gammas
1329.0,70.2285044736254,40.77149552637458
925.0,1.0,1.0
1.0,568.7752260163079,66.22477398369215

144.0,580.9577865314596,738.0422134685404
147.3757659283677,8.882515638777155,5.532399144581807
180.3232715723955,7.4703517068228384,7.112975331708826

Iteration: ,7500
Error:,0.08329960254259587
Absolute Error:,1
Transition Probabilities
0.9207828518173345,0.04829728263718918,0.030919865545476245
0.9985580389329488,0.0007209805335255948,0.0007209805335255948
0.001047120418848167,0.9003240984003662,0.09862878118078555

0.09612756264236902,0.39578851085667205,0.5080839265009588
0.8979122984576623,0.07446101998535386,0.02762668155698383
0.9383424195342549,0.028309818730529835,0.03334776173521513

Transition Gammas
1976.0,103.64596853940797,66.35403146059203
1385.0,1.0,1.0
1.0,859.8095139723501,94.19048602765025

211.0,868.7557813303952,1115.2442186696046
224.13223764461873,18.586575832945837,6.896029786759923
278.1846297314343,8.39283856017656,9.886406665156905

Iteration: ,10000
Error:,0.08447935571876507
Absolute Error:,1
Transition Probabilities
0.9236087106809541,0.04650930734435907,0.02988198197468691
0.9989136338946225,0.0005431830526887561,0.0005431830526887561
0.00077639751552795,0.8996839060406177,0.09953969644385442

0.09486029665401866,0.39235132146938595,0.5127883818765955
0.8975383428249452,0.07073235900901503,0.03172929816603975
0.9370791476693674,0.027884855735251426,0.03503599659538122

Transition Gammas
2672.0,134.55142614723079,86.44857385276923
1839.0,1.0,1.0
1.0,1158.792870980316,128.20712901968454

275.0,1137.4264809397496,1486.5735190602497
305.69011776174176,24.090539783489525,10.806594470767756
359.3893792166552,10.694423216184854,13.437034745643091

Iteration: ,12500
Error:,0.08176017784784334
Absolute Error:,1
Transition Probabilities
0.922906267332224,0.04755066115320179,0.02954307151457414
0.999129677980853,0.0004351610095735422,0.0004351610095735422
0.0006101281269066499,0.8947826957067201,0.1046071761663733

0.09320388349514565,0.3895578703285002,0.5172382461763543
0.8943341072195129,0.06507370992342251,0.040592182857064577
0.9340706779777309,0.026557589469769754,0.0393717325524994

Transition Gammas
3328.0,171.46768411844567,106.53231588155435
2296.0,1.0,1.0
1.0,1466.5488382633152,171.45116173668595

336.0,1404.3561225342428,1864.6438774657565
390.75265315037166,28.43201953011708,17.735545385690894
443.0143594254695,12.595827879220868,18.673365182578042

Iteration: ,15000
Error:,0.08340349241442344
Absolute Error:,1
Transition Probabilities
0.923699421965318,0.04681009605869187,0.029490481975990215
0.9992771955186122,0.0003614022406938923,0.0003614022406938923
0.0005112474437627808,0.8892507111632459,0.11023804139299129

0.09046737621471544,0.3956808909986459,0.5138517327866386
0.8993410192432931,0.062344721407135116,0.03831425934957168
0.9254474122672381,0.03152782552836064,0.04302476220440133

Transition Gammas
3995.0,202.45366545384235,127.54633454615768
2765.0,1.0,1.0
1.0,1739.3743910353103,215.6256089646911

391.0,1710.1328108961468,2220.867189103851
470.6522157240688,32.626868608369385,20.051004758879188
529.2129260897988,18.029044740895923,24.603516092531912

Iteration: ,17500
Error:,0.08009621261129228
Absolute Error:,1
Transition Probabilities
0.9218189070602314,0.04934801472736545,0.028833078212403204
0.9993815708101422,0.00030921459492888067,0.00030921459492888067
0.00043630017452006955,0.8887363650610243,0.11082733476445575

0.08815372424722666,0.3949415990163408,0.5169046767364326
0.9063503115138678,0.05835074805653949,0.03529894042959282
0.9294121060735728,0.0290192154611799,0.04156867846524725

Transition Gammas
4622.0,247.43094584301036,144.56905415698967
3232.0,1.0,1.0
1.0,2036.9837487198688,254.01625128013274

445.0,1993.6651918344876,2609.334808165511
557.881753657513,35.91637498158667,21.72739893057566
622.5536692692707,19.43811463893605,27.844196493784015

Iteration: ,20000
Error:,0.07891176468641442
Absolute Error:,1
Transition Probabilities
0.9236363636363636,0.04734987771898191,0.029013758644654462
0.9994566693833198,0.00027166530834012495,0.00027166530834012495
0.00038095238095238096,0.8875689253867953,0.1120501222322523

0.08771319178559,0.39195932699967123,0.5203274812147388
0.9035452259844621,0.060359812293832554,0.03609496172170536
0.9327759249169302,0.028797661038930493,0.03842641404413918

Transition Gammas
5334.0,273.4455438271205,167.55445617287953
3679.0,1.0,1.0
1.0,2329.868429140338,294.1315708596623

504.0,2252.19829294011,2989.801707059888
621.0227354279483,41.48637463032538,24.808710420839546
717.7301283032879,22.15853604299112,29.567438808620018

Iteration: ,21843
Error:,0.07893945614915152
Absolute Error:,1
Transition Probabilities
0.9242496426869938,0.04713833802316022,0.028612019289845986
0.9995050730017322,0.00024746349913387774,0.00024746349913387774
0.0003472222222222224,0.8881428646738948,0.11150991310388296

0.08857734586585951,0.3915570720819698,0.5198655820521707
0.901021321111521,0.062469124625961214,0.03650955426251791
0.9306055924232747,0.028701916105033386,0.04069249147169194


Model Num 2
Model States: 
"['diamond', 'x', 'square']","['diamond', 'x', 'diamond']","['square', 'y', 'diamond', 'x', 'diamond']","['square', 'y', 'diamond', 'x', 'square']"
Iteration: ,0
Error:,0.5633365086460576
Absolute Error:,0.65
Transition Probabilities
0.25,0.25,0.25,0.25
0.25,0.25,0.25,0.25
0.25,0.25,0.25,0.25
0.25,0.25,0.25,0.25

0.25,0.25,0.25,0.25
0.25,0.25,0.25,0.25
0.25,0.25,0.25,0.25
0.25,0.25,0.25,0.25

Transition Gammas
1.0,1.0,1.0,1.0
1.0,1.0,1.0,1.0
1.0,1.0,1.0,1.0
1.0,1.0,1.0,1.0

1.0,1.0,1.0,1.0
1.0,1.0,1.0,1.0
1.0,1.0,1.0,1.0
1.0,1.0,1.0,1.0

Iteration: ,2500
Error:,0.04359228148944763
Absolute Error:,0.10884548827180451
Transition Probabilities
0.0015723270440251573,0.0015723270440251573,0.09478548448439478,0.902069861427555
0.8809421157478212,0.11230112749542209,0.003378378378378379,0.003378378378378379
0.0859773371603545,0.03422742080654591,0.7412032317825775,0.13859201025052204
0.02716442229194515,0.010503782679208502,0.9259933398119714,0.036338455216874926

0.0837221038767842,0.03377379190710916,0.18135434475373238,0.7011497594623742
0.027930590326009825,0.026928375107596075,0.6430886677886447,0.30205236677774927
0.003604108075587374,0.9178115759448897,0.05029453652128664,0.028289779458236314
0.9286349123017583,0.002301732891839387,0.02622811736891653,0.042835237437485796

Transition Gammas
1.0,1.0,60.28356813207508,573.7164318679249
260.758866261355,33.24113373864493,1.0,1.0
13.507581082962883,5.377343345058809,116.44769520582366,21.773677549680823
5.2812692960735905,2.042130856314309,180.03034047102562,7.064872049958273

13.600741005547516,5.486586877700573,29.4611979275673,113.90249220903809
1.4526059822830124,1.4004830659819136,33.445567568197255,15.709051252508315
1.1950747928203043,304.3342363676644,16.6770062252848,9.38051845725353
509.4859886132097,1.2628220653643325,14.38978669673739,23.50111222851308

Iteration: ,5000
Error:,0.031959226048784144
Absolute Error:,0.08805036659492857
Transition Probabilities
0.0007917656373713389,0.0007917656373713389,0.09661889682646997,0.9017975718987874
0.8804463246094867,0.11629634640028526,0.0016286644951140066,0.0016286644951140066
0.06443814675000291,0.03637036819077259,0.7950919613310153,0.10409952372820926
0.030572880392213227,0.02210620314534497,0.8981905803313037,0.049130336131138104

0.05807566905635977,0.029788393778230917,0.16431083948649033,0.747825097678919
0.03015094884163188,0.020854367151737666,0.7145416441940049,0.23445303981262566
0.0018340717650225347,0.9228864641331238,0.05236639237728173,0.022913071724572007
0.9258227055447862,0.0011815593141656809,0.02859243605128569,0.044403299089762434

Transition Gammas
1.0,1.0,122.02966669183144,1138.9703333081673
540.5940433102248,71.40595668977515,1.0,1.0
21.071795608568497,11.893404813419881,260.00150755704726,34.041386935915455
11.75898278319542,8.502517880328316,345.46328100750844,18.89657661584939

18.740570913061305,9.612485143225353,53.021841835225466,241.3173967917302
2.829781285394539,1.9572617165284492,67.06245242880392,22.00430997546413
1.2164016303381553,612.0810652001691,34.730682995858885,15.196514298600537
1010.6982413193191,1.289879707734113,31.21367045655331,48.47400698861738

Iteration: ,7500
Error:,0.03337799525793375
Absolute Error:,0.07825095024276513
Transition Probabilities
0.0005310674455655873,0.0005310674455655873,0.09994709294873645,0.8989907721601323
0.8792380950248604,0.11862286754198459,0.0010695187165775403,0.0010695187165775403
0.0628571870173449,0.03771961531001572,0.809173856698086,0.09024934097455345
0.026606088692798572,0.022713625538400867,0.9047569720701633,0.04592331369863722

0.06604564500973197,0.027431854242364172,0.1309500361380976,0.7755724646098062
0.029886091816282222,0.013809503752672361,0.7699669502714083,0.1863374541596372
0.0012244589496067247,0.9274135025523474,0.05243708915277132,0.01892494934527445
0.919296614457655,0.0008020966212688393,0.02978375134396466,0.050117537577111466

Transition Gammas
1.0,1.0,188.20037602247055,1692.7996239775275
822.0876188482442,110.91238115175557,1.0,1.0
31.39644909387271,18.840518294186207,404.173126501887,45.07851805206055
15.557251064954718,13.2812296905525,529.0342195646951,26.85251970680493

32.33269505612055,13.429284821302211,64.10668841855042,379.6820818156543
4.23584398225343,1.9572617165284492,109.12968791269981,26.410157230411354
1.2263088944927298,928.8146633399833,52.51631249051271,18.953541658042827
1492.1804652012884,1.3019442154341243,48.34427891600141,81.3495985522331

Iteration: ,10000
Error:,0.031722426045911536
Absolute Error:,0.07045864489453513
Transition Probabilities
0.00039952057530962865,0.00039952057530962865,0.09562652408417865,0.903574434765202
0.8817821885103274,0.1166113857868614,0.0008032128514056222,0.0008032128514056222
0.05768158996951994,0.03528516958109757,0.8242988665147379,0.08273437393464457
0.028220682286289232,0.028040268494766984,0.896127534633723,0.04761151458522084

0.06513742214174177,0.02968190292145303,0.11971576883506578,0.7854649061017395
0.031405500942635826,0.010210836978244495,0.803840029698955,0.15454363238016483
0.0009203728893512775,0.9260130038745574,0.055774917109912475,0.01729170612617899
0.9203466455906409,0.0006132118784403909,0.02936069934677898,0.04967944318413965

Transition Gammas
1.0,1.0,239.35318978269905,2261.6468102172994
1097.818824695358,145.1811753046425,1.0,1.0
40.125293841328805,24.54557508610299,573.410584719591,57.552870277331174
22.48520640139101,22.341459297799325,714.0016096633653,37.9351116203044

41.79911960433184,19.047075697871737,76.82240984564162,504.03808556790347
6.0199555447204185,1.9572617165284492,154.08387379947683,29.623657280536417
1.2331286944514377,1240.6854001509623,74.72802764470961,23.167673936204725
1967.8272145806645,1.3111310053449738,62.77719758149782,106.2214555475727

Iteration: ,12500
Error:,0.03164253250648647
Absolute Error:,0.07121781755203013
Transition Probabilities
0.00031635558367605225,0.00031635558367605225,0.09318316676774559,0.9061841220649023
0.8822984288783233,0.11640286982297536,0.0006493506493506495,0.0006493506493506495
0.060661686127444416,0.03569497667649453,0.8187921132916315,0.08485122390442972
0.02842635630844388,0.0293304133495967,0.8902724279574097,0.05197080238454975

0.06147589425433246,0.03528677335001745,0.11611523782583492,0.7871220945698152
0.03745840918763543,0.00897235060819361,0.8045894514053379,0.14897978879883314
0.0007574613934220348,0.9309967773342327,0.05184488893839825,0.016400872333946985
0.9188284371108779,0.0004831490727253726,0.027547594615526267,0.0531408192008706

Transition Gammas
1.0,1.0,294.5519901528435,2864.4480098471527
1358.7395804726177,179.26041952738203,1.0,1.0
51.8446125641734,30.50677213937224,699.782063344268,72.51824190443772
28.300692965182154,29.20075347476906,886.336833521846,51.74105697825239

49.526182572895166,28.42771464390978,93.54470622689908,634.120951564312
8.528750080631733,2.042877357385127,183.19364055678656,33.920591218005065
1.2367275653900607,1520.0634485367602,84.64854292445597,26.778144850656627
2512.45397153856,1.3211278162340452,75.32642733146186,145.30880506033833

Iteration: ,15000
Error:,0.0297534159453899
Absolute Error:,0.06862165469185585
Transition Probabilities
0.0002639218791237795,0.0002639218791237795,0.10016373310502355,0.8993084231367289
0.8849840711906268,0.1139543576841078,0.0005307855626326966,0.0005307855626326966
0.05962578515565287,0.035743914806350585,0.8262016517271279,0.07842864831086871
0.030004896994078115,0.028741908376220864,0.8905967022371625,0.050656492392538714

0.057903802307569446,0.03609819487749636,0.11407070915586191,0.7919272936590723
0.038793002693275486,0.010017760742032322,0.8123190671584039,0.13887016940628827
0.0006209744223517647,0.9355154312439441,0.04894958072840266,0.014914013605301445
0.9199666412560759,0.00040874663915235797,0.02605850436004789,0.05356610774472395

Transition Gammas
1.0,1.0,379.52038473493405,3407.4796152650642
1667.3099901231403,214.69000987685902,1.0,1.0
58.46419474011313,35.0475753159013,810.1061333629835,76.90075285517247
35.769407388125096,34.26377467731735,1061.6972378585087,60.3885663596776

56.444559579241755,35.1884786536646,111.195995471833,771.9698107549632
10.940065501369554,2.8251218283208495,229.08316412085384,39.16295836915022
1.2426204802722431,1872.042700360895,97.95210450616041,29.844157958744923
2989.765041674723,1.328370353702411,84.6865547946682,174.08248209423823

Iteration: ,17500
Error:,0.028973831969272817
Absolute Error:,0.06716105850340248
Transition Probabilities
0.00022675736961451248,0.00022675736961451248,0.09902648066126368,0.9005200045995072
0.882643691635943,0.11644763049036325,0.00045433893684688825,0.00045433893684688825
0.057607428207595554,0.03238044962199999,0.8307111323752818,0.07930098979512262
0.03190594350147648,0.027849145024604196,0.8917885962986948,0.048456315175224474

0.0574472782917204,0.03461002400379168,0.11244519617042814,0.7954975015340597
0.032918282120022374,0.010974003687944166,0.8170974821070812,0.13901023208495222
0.0005332133142660628,0.9382196854495306,0.04654680932183202,0.014700291914371262
0.9198982775414692,0.0003513153298763261,0.025331624227569145,0.05441878290108528

Transition Gammas
1.0,1.0,436.70677971617283,3971.293220283827
1942.6987652907085,256.30123470928925,1.0,1.0
65.32523832245907,36.71853881278858,942.0035642622229,89.92514019034526
44.44354653781577,38.79260843303696,1242.221468224575,67.49747107279555

65.68974573066667,39.57582924984311,128.57869971770165,909.6345407313128
10.940065501369554,3.6471015929885544,271.5542670988425,46.19867582473126
1.2470288977290864,2194.219515662841,108.85927783199868,34.37965319284404
3494.1163657512643,1.3344265052228423,96.21894610039689,206.70281114900266

Iteration: ,20000
Error:,0.03005022370879875
Absolute Error:,0.06885049763266146
Transition Probabilities
0.0001985308715505261,0.0001985308715505261,0.09689269758951005,0.9027102406673888
0.8851243482446263,0.11407436970409177,0.00040064102564102595,0.00040064102564102595
0.059477443659152134,0.03179506914656732,0.829524266994378,0.07920322019990259
0.03380479457418291,0.02845419249821263,0.8878880755881066,0.04985293733949799

0.057119750002343844,0.035982349654818425,0.10831495427948694,0.7985829460633509
0.03420757922880245,0.015503342148399076,0.7982992526325202,0.1519898259902784
0.0004694439493035842,0.9402621547218255,0.04559206278144476,0.013676338547426238
0.9178516911821938,0.00030781653940595597,0.025039249458695435,0.05680124281970492

Transition Gammas
1.0,1.0,488.04851775836215,4546.951482241638
2209.2703732185855,284.72962678141283,1.0,1.0
76.89314761895213,41.105044114746384,1072.4188531207467,102.39486649138037
54.59773453206923,45.95603871908337,1434.0178088871285,80.51690515476481

74.6528003366124,47.027222008379056,141.5625007981309,1043.7099816130979
13.194849162275498,5.980085869012117,307.92702852162984,58.626856192548885
1.249942151813835,2503.543399985491,121.39349360708742,36.41463918805255
3992.7716967063525,1.339041130637555,108.92392257476783,247.09263691190822

Iteration: ,22500
Error:,0.029255312915265286
Absolute Error:,0.06794566316328587
Transition Probabilities
0.0001759324419422942,0.0001759324419422942,0.09537662159113058,0.9042715135249849
0.8869306976943776,0.11234675895302121,0.0003612716763005782,0.0003612716763005782
0.061118166858319285,0.032970752521929436,0.8268231790968884,0.07908790152286292
0.03360685280482532,0.026960345700485434,0.8853474484646319,0.05408535303005742

0.05640655758072846,0.035301089230800636,0.1021187775592296,0.8061735756292413
0.03686471591512824,0.018375193854929573,0.799665699611334,0.14509439061860818
0.00042242661703213334,0.9384131617594356,0.047490987690428754,0.013673423933103678
0.9179072177173555,0.00027133602619167107,0.02441287397374907,0.057408572282703796

Transition Gammas
1.0,1.0,542.1207171239861,5139.879282876012
2455.0241712180364,310.9758287819626,1.0,1.0
88.60493773591806,47.798741756834445,1198.671689095687,114.65622989547879
61.08060988084335,49.000552582168,1609.1230685220162,98.30037843419528

83.74719467919408,52.411764145832535,151.61643453271114,1196.9313193207659
15.755066624416067,7.853102790415712,341.75731622732144,62.00974927592274
1.252147100559971,2781.6223510721848,140.77167522513423,40.5304434953745
4547.374717741657,1.3442171078955703,120.94303623813938,284.4059673364476

Iteration: ,25000
Error:,0.030277465061106335
Absolute Error:,0.06681499336355316
Transition Probabilities
0.0001581527755812116,0.0001581527755812116,0.09332565746675149,0.9063580369820861
0.8874617718074492,0.11188399201329008,0.0003271180896303568,0.0003271180896303568
0.0626655294299212,0.031102794619439107,0.8293495837876195,0.07688209216302032
0.03585509635255834,0.028018611480757252,0.8822111091895394,0.053915182977145065

0.05674379229226691,0.03433612597653503,0.0987123755726493,0.8102077061585486
0.034444250083210885,0.019249492996055613,0.8057494352852664,0.14055682163546704
0.00038136652869555474,0.9383311870377552,0.048042004227409243,0.013245442206140072
0.9153657342885374,0.0002441306543674029,0.023954733313940133,0.0604354017431551

Transition Gammas
1.0,1.0,590.098132162269,5730.901867837724
2712.9706364153703,342.0293635846275,1.0,1.0
100.70982326098358,49.985326503134324,1332.8483899306377,123.55727277994473
72.76376153933893,56.86052393786794,1790.3451756264221,109.4146137253063

92.87844044530073,56.20149275903371,161.57276638501867,1326.150846548649
16.655025958901746,9.307817843921462,389.608649589608,67.96424678673685
1.2551550890258878,3088.2394651428376,158.1160420640208,43.59345390981287
5053.9451162235,1.347901589652102,132.25960171703596,333.67777713923624

Iteration: ,27500
Error:,0.02952057795852666
Absolute Error:,0.06647563048629114
Transition Probabilities
0.00014369880729989948,0.00014369880729989948,0.09269607558101668,0.9070165268043836
0.8872291404914134,0.11217738769849754,0.00029673590504451065,0.00029673590504451065
0.062351592107131204,0.029550616408355476,0.832010083735993,0.07608770774852039
0.03485763914260154,0.027416388975574107,0.8853092326354555,0.0524167392463689

0.05732195385597907,0.03690578743084584,0.09524659117037183,0.8105256675428033
0.03610969222179044,0.017645372233438844,0.8072070186697646,0.13903791687500622
0.0003470378260960872,0.9379700723818027,0.04832174923394186,0.013361140558159436
0.9157453772554048,0.00022323563284829274,0.023155818641746907,0.06087556846999986

Transition Gammas
1.0,1.0,645.0719899682948,6311.928010031703
2989.9622034560607,378.0377965439364,1.0,1.0
111.73871963821747,52.95691626151908,1491.0243402126882,136.3548669201371
78.45145020566936,61.703991648356634,1992.4984849543723,117.97038784259904

102.47456311882381,65.97654457198215,170.27250751542562,1448.9782376700732
19.047625244400486,9.307817843921462,425.7963953786671,73.34158704900507
1.2570227571432904,3397.4674742712687,175.0285815679881,48.39604354352535
5541.686185499594,1.350923360786577,140.1287775707911,368.39202818115217

Iteration: ,30000
Error:,0.029219861663640313
Absolute Error:,0.0661643866577002
Transition Probabilities
0.00013204806549584056,0.00013204806549584056,0.0921589346952465,0.9075769691737617
0.8841430558553531,0.11531479179983804,0.000271076172404446,0.000271076172404446
0.06214725937947556,0.02976927771234648,0.8313181506066256,0.07676531230155231
0.03586666883383444,0.02799807204089098,0.8838546651721272,0.05228059395314742

0.05633507391182214,0.03752146916104964,0.09331146427496873,0.8128319926521594
0.03473380522779245,0.01919889161177607,0.8110129500602441,0.13505435310018749
0.00031848004955219264,0.9373400683690731,0.04882828705598944,0.013513164525385157
0.9159205700774031,0.00020494339536210844,0.022381681247441935,0.06149280527979274

Transition Gammas
1.0,1.0,697.9196124471014,6873.0803875528945
3261.603733050393,425.39626694960197,1.0,1.0
119.90189836832207,57.43443792057116,1603.8780374391824,148.10478797771407
88.27512999107316,68.90892099178129,2175.345188111932,128.67312123703604

111.10479765761973,74.00035092667548,184.0301367782706,1603.0782921242642
19.9461725528816,11.025120985193453,465.7308388307358,77.55607003861086
1.2587725793335474,3704.7782968906495,192.99076638655822,53.40994196809198
6053.06170417165,1.3544133176138324,147.91424285013983,406.38867264411573

Iteration: ,32500
Error:,0.028579735663581313
Absolute Error:,0.06641921555014715
Transition Probabilities
0.00012207031250000003,0.00012207031250000003,0.09199628588106104,0.907759573493939
0.8805899016673873,0.11891034820767517,0.0002498750624687659,0.0002498750624687659
0.060790895939063005,0.029260675449308576,0.8325927659178186,0.07735566269380996
0.035880059375120184,0.02803150646847801,0.8829551822478342,0.05313325190856774

0.056642061148462375,0.03768038079781691,0.09182476655406102,0.8138527914996597
0.034053476519943844,0.02219856002842932,0.8094290515087144,0.1343189119429125
0.00029526368501793445,0.9384306814617553,0.04826835976656007,0.013005695086666763
0.9152035263149625,0.00018929897487813424,0.022168358981359177,0.0624388157288002

Transition Gammas
1.0,1.0,753.6335739376519,7436.366426062346
3524.12078647288,475.8792135271155,1.0,1.0
127.89766615923779,61.56139077076343,1751.6878140551862,162.74819724086476
95.44039441297636,74.56336694906815,2348.646917266492,141.33361557684847

121.29106961924295,80.6872772275813,196.62992354192764,1742.7521808372635
21.274428080917062,13.868236582193122,505.67935796046737,83.91384152402058
1.2604697563079705,4006.125888126655,206.05584350356503,55.52083154252745
6563.618337745365,1.357606463591057,158.986108929935,447.79608482804053

Iteration: ,35000
Error:,0.02910791223998184
Absolute Error:,0.0668175299938428
Transition Probabilities
0.00011352026336701115,0.00011352026336701115,0.0916501470570101,0.9081228124162559
0.8800443595842401,0.1194920335543782,0.0002318034306907745,0.0002318034306907745
0.058659508729883215,0.02866429639994733,0.8352691783151869,0.07740701655498251
0.037693332513749324,0.0289117695662581,0.8806743313566777,0.05272056656331492

0.057680357890622785,0.04103805716860841,0.08959436179734759,0.8116872231434211
0.03456122902770789,0.024803181025500956,0.8070771990384082,0.13355839090838295
0.0002751334926473095,0.9384245932002819,0.0488788677346093,0.012421405572461472
0.9150231447303372,0.00017602198709200514,0.021431679845967284,0.06336915343660339

Transition Gammas
1.0,1.0,807.346145425201,7999.653854574789
3796.511367246407,515.4886327535869,1.0,1.0
132.84641115700674,64.91614040971005,1891.6372654976958,175.3039629952064
107.95021331239384,82.80063034431582,2522.169720441276,150.98681986752266

134.2225936513533,95.49584421837676,208.48670252326468,1888.8018089375696
23.21738467543681,16.662167730837275,542.1746367244721,89.72124619371327
1.261956089202472,4304.276510473866,224.19293331940204,56.97331956133462
7072.5946421173585,1.3605471839388885,165.65437161136904,489.806555880416

Iteration: ,37500
Error:,0.02958127707674874
Absolute Error:,0.06617014092998726
Transition Probabilities
0.00010653030787258978,0.00010653030787258978,0.09067457625254416,0.9091123631317107
0.8790761412015227,0.12049180003848613,0.00021602937999567966,0.00021602937999567966
0.059607745386641126,0.02944240084478158,0.8341475555485742,0.07680229822000303
0.03705625134796911,0.029790715122236387,0.8802527239546477,0.05290030957514691

0.05812257850533992,0.04119754681300155,0.08797520363283841,0.81270467104882
0.032018260345799035,0.022820838557486026,0.8167210115717957,0.1284398895249192
0.0002563827983310266,0.9394919168293805,0.048556770163738265,0.011694930208550284
0.9141510488767056,0.00016554219036267264,0.02090257979145822,0.06478082914147343

Transition Gammas
1.0,1.0,851.1622472826318,8533.837752717367
4069.2434576218434,557.7565423781516,1.0,1.0
146.15439105632788,72.19088960324532,2045.2766203710316,188.31433826696465
114.4864514121771,92.03934924094386,2719.568414115732,163.4371665118821

145.27581954744608,102.97215867759915,219.89165202710083,2031.3334365543978
23.792660194164185,16.958087393882575,606.9026015747088,95.44324438111904
1.2642925923837318,4632.8875368548315,239.44650431980438,57.67084893123083
7528.276966010842,1.3632839563457917,172.13830271003968,533.48735360978

Iteration: ,40000
Error:,0.03000397267592715
Absolute Error:,0.0655950911595983
Transition Probabilities
9.941346058256299e-05,9.941346058256299e-05,0.09073969105389514,0.9090614820249397
0.8812193987053905,0.11837376646954845,0.0002034174125305127,0.0002034174125305127
0.05969048491801748,0.029728274593327723,0.8340885704614485,0.07649267002720633
0.03788723566330198,0.030248989788579973,0.8782448084608454,0.05361896608727256

0.05632346931203979,0.04087819487402126,0.08742014674383966,0.8153781890700993
0.03373852570072687,0.02324843047697469,0.8170219984891274,0.12599104533317104
0.0002409651366420049,0.9391812712797998,0.048957517272489225,0.011620246311069112
0.9137192049712088,0.00015478447983686497,0.020105619670312908,0.06602039087864156

Transition Gammas
1.0,1.0,912.7505523111301,9144.249447688859
4332.074564035698,581.9254359642999,1.0,1.0
155.53313323386334,77.46178808041897,2173.3515640993687,199.3139217263134
124.99518174022951,99.79556201151406,2897.449959705218,176.89631596146194

148.50064486490456,107.77813181347773,230.4891428779536,2149.799867882156
26.77088023967268,18.44718864067131,648.2914597023793,99.97150485484394
1.2656927590382083,4933.140748278379,257.1541094110122,61.036471163923544
8058.521346230741,1.3651174540759503,177.32095857339291,582.2650178385978

Iteration: ,42500
Error:,0.029434380830240036
Absolute Error:,0.06453450605997413
Transition Probabilities
9.35453695042096e-05,9.35453695042096e-05,0.09068303509118081,0.9091298741698107
0.8822785672655284,0.11733696522197636,0.00019223375624759708,0.00019223375624759708
0.06008959715012581,0.028836281016624596,0.8374102060172259,0.0736639158160236
0.037907906554517444,0.030035399639727883,0.8792458390558623,0.05281085474989233

0.05710291944296579,0.040152397422308805,0.08517273591668928,0.817571947218036
0.035466185003581716,0.021593096540050576,0.8211295932418176,0.12181112521455002
0.000226823965854049,0.939062086207866,0.048794328904598484,0.011916760921681393
0.9141469694226981,0.00014573862556751277,0.019428806427393523,0.06627848552434079

Transition Gammas
1.0,1.0,969.4016451247221,9718.59835487527
4589.613106915279,610.386893084721,1.0,1.0
166.83362099171728,80.0614649806839,2324.997729244741,204.52155439338839
132.78959605907602,105.21257827562866,3079.956410595768,184.99391570693422

160.29527859826896,112.71297149046647,239.09088302181917,2295.0301723949433
30.299100636748573,18.44718864067131,701.4988552880351,104.06440786282775
1.2670286118597158,5245.559158874931,272.5629568543946,66.56649790779838
8574.613436758313,1.3670147348790793,182.24039484341614,621.6860215638021

Iteration: ,45000
Error:,0.02925411293827138
Absolute Error:,0.06400920049994022
Transition Probabilities
8.829242450997707e-05,8.829242450997707e-05,0.09042268664677962,0.9094007285042005
0.8808960992285235,0.11874059468609943,0.0001816530426884651,0.0001816530426884651
0.058399183603930496,0.02870443634220636,0.8397628363466003,0.07313354370726285
0.039102941665737974,0.029489986544800142,0.8783101775244576,0.053096894265004226

0.05786058099094554,0.03833019016168165,0.08349894836298191,0.8203102804843908
0.033406807406548916,0.022252589830895585,0.8232529656697899,0.12108763709276565
0.00021441175856079913,0.9388247094849609,0.04921049392650756,0.011750384829970876
0.914384447985573,0.0001376418660585155,0.01897136130649371,0.06650654884187497

Transition Gammas
1.0,1.0,1024.1273489614257,10299.872651038571
4849.33302625302,653.6669737469771,1.0,1.0
171.24779223874168,84.17191898431786,2462.49215920238,214.45433181742922
145.05536155382478,109.39536715779926,3258.158975513736,196.96700214612963

171.89790722646825,113.87510044907283,248.0668917143027,2437.058496071621
30.299100636748573,20.182517009464952,746.6689095061747,109.82332006441813
1.2685050200163421,5554.284265428294,291.1396231357224,69.51774587360288
9094.3823372823,1.368973147247677,188.68738806754016,661.4679246061427

Iteration: ,47500
Error:,0.030368674965419524
Absolute Error:,0.06376961083477627
Transition Probabilities
8.37310558486143e-05,8.37310558486143e-05,0.09167118511261726,0.9081613527756854
0.8800096592487064,0.11964746401548007,0.00017143836790673765,0.00017143836790673765
0.058548037259061846,0.02839930139923685,0.8390858015939069,0.07396685974779454
0.038691456632030455,0.029632950437541678,0.8783490171031912,0.053326575827236676

0.05808407988732884,0.03855095659904724,0.08250093238833471,0.8208640311252893
0.032621906495314504,0.0220202846172355,0.8280786028709997,0.11727920601645032
0.000203079222172641,0.9394937755496178,0.04880730358602917,0.011495841642180335
0.9138305320071337,0.00013099309494390746,0.018441305623560323,0.06759716927436209

Transition Gammas
1.0,1.0,1094.8289637999874,10846.171036200005
5133.096342397701,697.9036576022947,1.0,1.0
182.7577043419033,88.64842224638384,2619.206416205751,230.88756033054202
151.89603936024676,116.33389377992157,3448.2479722278395,209.35101352828153

181.58753104894996,120.52137249958156,257.92163103374247,2566.256933536226
31.1935220744028,21.056103339362654,791.8203119645148,112.14401286656951
1.2696171343236826,5873.55703979517,305.13505148390584,71.87006807607395
9564.091010830516,1.370965225994565,193.00550721902852,707.4675843829962

Iteration: ,50000
Error:,0.030598980036238965
Absolute Error:,0.06383150881953119
Transition Probabilities
7.935248373274087e-05,7.935248373274087e-05,0.09232878945251642,0.9075125055800181
0.8795046915740238,0.12016973460211157,0.00016278691193228088,0.00016278691193228088
0.05955904991774311,0.02850095978642249,0.8380538434719988,0.07388614682383551
0.0388906077994709,0.029932279969116172,0.8776259507672456,0.05355116146416736

0.05755258266976963,0.03942638801211902,0.08262631410101638,0.8203947152170951
0.032063156201997574,0.02202860210051046,0.8311439573310404,0.11476428436645161
0.00019365137241984784,0.9399257778537173,0.04854836526234473,0.011332205511518041
0.9135293136805068,0.00012417190260033937,0.01796546544643192,0.0683810489704611

Transition Gammas
1.0,1.0,1163.5274046806114,11436.472595319383
5402.79732033922,738.2026796607703,1.0,1.0
194.84650125862677,93.24044464387711,2741.680055212195,241.7173749411461
160.0522887580491,123.1847530258688,3611.824294905146,220.38704054680346

189.31707084842495,129.6916306157092,271.7961737766259,2698.657770331645
31.915562758995176,21.927199817838684,827.3180271100634,114.23600025877865
1.2706671406400027,6167.437832404451,318.55603035389265,74.35765104337402
10100.731193518435,1.3729466489702902,198.64095713552211,756.0771001411014

Iteration: ,50040
Error:,0.029129617249946723
Absolute Error:,0.06375493308544164
Transition Probabilities
7.931472081218276e-05,7.931472081218276e-05,0.0923666048015063,0.9074747657568693
0.8794370457942186,0.12023764516218996,0.00016265452179570615,0.00016265452179570615
0.05948157030383507,0.028463883248712258,0.8382586391631327,0.07379590728431992
0.038865494321695886,0.02991295130108311,0.8777024605702316,0.05351909380698941

0.05751905153086674,0.03940341751050906,0.08259076118508155,0.8204867697735426
0.03190974424463606,0.02192320227820704,0.8317901051675154,0.11437694830964161
0.0001934077123766153,0.9400071796115216,0.048482566073673426,0.011316846602428413
0.9134810024687228,0.00012411759219319886,0.017957423382973473,0.06843745655611048

*,*,*,*,*,*,*,*,*,*,*
Model Num 2
Model States: 
"['diamond', 'x', 'square']","['diamond', 'x', 'diamond']","['square', 'y', 'diamond', 'x', 'diamond']","['square', 'y', 'diamond', 'x', 'square']"
Iteration: ,50040
Error:,0.030126645368639383
Absolute Error:,0.06375493308544164
Transition Probabilities
7.931472081218276e-05,7.931472081218276e-05,0.0923666048015063,0.9074747657568693
0.8794370457942186,0.12023764516218996,0.00016265452179570615,0.00016265452179570615
0.05948157030383507,0.028463883248712258,0.8382586391631327,0.07379590728431992
0.038865494321695886,0.02991295130108311,0.8777024605702316,0.05351909380698941

0.05751905153086674,0.03940341751050906,0.08259076118508155,0.8204867697735426
0.03190974424463606,0.02192320227820704,0.8317901051675154,0.11437694830964161
0.0001934077123766153,0.9400071796115216,0.048482566073673426,0.011316846602428413
0.9134810024687228,0.00012411759219319886,0.017957423382973473,0.06843745655611048

Transition Gammas
1.0,1.0,1164.558153337391,11441.441846662605
5406.778957542848,739.2210424571427,1.0,1.0
194.84650125862677,93.24044464387711,2745.922176506885,241.7366298184073
160.0522887580491,123.1847530258688,3614.473200831456,220.39738862355517

189.31707084842495,129.6916306157092,271.83760111744346,2700.5339585625193
31.915562758995176,21.927199817838684,831.9417761628572,114.39780413070334
1.270790679703267,6176.34295978007,318.55603035389265,74.35765104337402
10104.72030344574,1.3729607407925895,198.64095713552211,757.0396701297501

