0,1,2,3,4,5,6,7,8,9,10,11,12,13,14,15,16,17,18,19,20,21,22,23,24,25,26,27,28,29
github Code Version (SHA):,528ca1c557fe8e6666681dc5c9134b0f84d30530
Environment Observations,Environment Actions,alpha,epsilon,numActions,explore,patience,gainThresh,insertRandActions,useUpdatedPosterior,revisedSplitting,haveControl,confidence_factor
"['diamond', 'square']","['x', 'y']",0.9,0.99,75000,0.5,0,0.01,False,True,False,False,250

Model Num 0
Model States: 
['diamond'],['square']
Iteration: ,0
Error:,0.5612941536760785
Absolute Error:,1
Transition Probabilities
0.5,0.5
0.5,0.5

0.5,0.5
0.5,0.5

Transition Gammas
1.0,1.0
1.0,1.0

1.0,1.0
1.0,1.0

Iteration: ,2469
Error:,0.10113653943045096
Absolute Error:,1
Transition Probabilities
0.5196078431372549,0.4803921568627451
0.06382978723404255,0.9361702127659575

0.088,0.912
0.9158485273492286,0.08415147265077139


Model Num 1
Model States: 
['square'],"['diamond', 'x', 'diamond']","['diamond', 'x', 'square']"
Iteration: ,0
Error:,0.6230517672511654
Absolute Error:,1
Transition Probabilities
0.3333333333333333,0.3333333333333333,0.3333333333333333
0.3333333333333333,0.3333333333333333,0.3333333333333333
0.3333333333333333,0.3333333333333333,0.3333333333333333

0.3333333333333333,0.3333333333333333,0.3333333333333333
0.3333333333333333,0.3333333333333333,0.3333333333333333
0.3333333333333333,0.3333333333333333,0.3333333333333333

Transition Gammas
1.0,1.0,1.0
1.0,1.0,1.0
1.0,1.0,1.0

1.0,1.0,1.0
1.0,1.0,1.0
1.0,1.0,1.0

Iteration: ,2500
Error:,0.10271668745667493
Absolute Error:,1
Transition Probabilities
0.9089726918075423,0.042315122076117484,0.048712186116340254
0.0031152647975077894,0.07745135280541533,0.9194333823970768
0.9956331877729258,0.002183406113537118,0.002183406113537118

0.10826210826210826,0.5401759768797751,0.3515619148581166
0.935401252011703,0.012719464166874927,0.051879283821422026
0.8335685106220967,0.0873634597428429,0.07906802963506056

Transition Gammas
699.0,32.540328876534346,37.459671123465654
1.0,24.861884250538314,295.1381157494616
456.0,1.0,1.0

76.0,379.2035357696021,246.79646423039787
99.95594462529704,1.3591878920338387,5.543762967712224
68.33501420092504,7.161958718562536,6.481908636302314

Iteration: ,5000
Error:,0.08628498116694026
Absolute Error:,1
Transition Probabilities
0.9182754182754183,0.03627074799255175,0.04545383373202998
0.0015360983102918587,0.09816235509890826,0.9003015465907999
0.9977653631284916,0.0011173184357541898,0.0011173184357541898

0.08846990572878895,0.551604117696026,0.359925976575185
0.9538799198267844,0.007738079783875921,0.03838200038933965
0.844966170131685,0.08079519064863187,0.07423863921968327

Transition Gammas
1427.0,56.36474238042541,70.63525761957459
1.0,63.90369316938928,586.0963068306107
893.0,1.0,1.0

122.0,760.6620783028202,496.33792169718026
199.96864267878652,1.622188788294038,8.046292160701578
142.4591449681473,13.621863435726373,12.51644555803532

Iteration: ,7500
Error:,0.0776791192741633
Absolute Error:,1
Transition Probabilities
0.9222122302158273,0.03428583691902505,0.043501932865147606
0.0009940357852882707,0.09852651351650886,0.9004794506982029
0.9985443959243085,0.000727802037845706,0.000727802037845706

0.0807600950118765,0.5523275166380447,0.3669123883500789
0.9583551735020794,0.00629594424895419,0.035348882248966394
0.848578611655404,0.08275617788609985,0.06866521045849591

Transition Gammas
2051.0,76.25170130791172,96.74829869208827
1.0,99.11767259760789,905.8823274023919
1372.0,1.0,1.0

170.0,1162.6494225230838,772.3505774769159
290.6704249506879,1.909568436534749,10.721363967068516
227.62399955363503,22.19864128022083,18.418859042728258

Iteration: ,10000
Error:,0.07598491803843037
Absolute Error:,1
Transition Probabilities
0.9249228659581762,0.03188867630318304,0.04318845773864075
0.0007462686567164185,0.10685603019879641,0.8923977011444872
0.99892530897367,0.0005373455131649651,0.0005373455131649651

0.08301090397467467,0.542082385221175,0.3749067108041504
0.9604341763735705,0.005748707764904114,0.03381711586152535
0.8629143577713816,0.0717151211747645,0.06537052105385402

Transition Gammas
2698.0,93.01926877638492,125.98073122361507
1.0,143.1870804663871,1195.812919533612
1859.0,1.0,1.0

236.0,1541.1402211838001,1065.8597788161992
379.5976219186434,2.2720930286991936,13.365722583563311
300.73716676631994,24.993676559170208,22.782498766792592

Iteration: ,12500
Error:,0.07652156875963015
Absolute Error:,1
Transition Probabilities
0.9252591380250955,0.030610301112184032,0.044130560862720505
0.0006038647342995173,0.10592265590139294,0.8934734793643075
0.9991326973113617,0.0004336513443191674,0.0004336513443191674

0.08305180180180183,0.540997818229548,0.3759503799686502
0.9611962355777758,0.006254902696045215,0.032548861726178935
0.8776339311147997,0.06154611556968265,0.06081995331551771

Transition Gammas
3392.0,112.21736387726666,161.78263612273338
1.0,175.4079181727066,1479.5920818272923
2304.0,1.0,1.0

295.0,1921.624250351354,1335.3757496486453
479.13363945905735,3.1179213799323238,16.22483942598819
382.77908709608243,26.843271547338922,26.5265566678449

Iteration: ,15000
Error:,0.07579921291512448
Absolute Error:,1
Transition Probabilities
0.9259931895573212,0.030200164738914848,0.04380664570376395
0.0005086469989827061,0.10344753598576574,0.8960438170152515
0.9992779783393502,0.00036101083032490973,0.00036101083032490973

0.08038434497304896,0.5408584622894267,0.3787571927375243
0.9624686409803835,0.006044300611718548,0.031487058407897936
0.8830105717358483,0.05337167429344018,0.06361775397071158

Transition Gammas
4079.0,133.0317256749199,192.9682743250802
1.0,203.37785574801543,1761.6221442519843
2768.0,1.0,1.0

343.0,2307.843058588984,1616.1569414110165
582.8278526582818,3.6601574288806984,19.06715071745915
451.2526047317786,27.27499286499565,32.51113645223369

Iteration: ,17500
Error:,0.07461299617234579
Absolute Error:,1
Transition Probabilities
0.9277484866237063,0.029928123770447162,0.04232338960584655
0.0004332755632582323,0.10634192878505086,0.8932247956516909
0.9993834771886559,0.00030826140567200987,0.00030826140567200987

0.07955002008838893,0.5403183045597023,0.38013167535190867
0.9626788572941405,0.006620950369836174,0.030700192336023325
0.8759484109199339,0.05566415260153475,0.06838743647853125

Transition Gammas
4751.0,153.26192182845992,216.73807817154017
1.0,245.43717163589733,2061.562828364102
3242.0,1.0,1.0

396.0,2689.704520098197,1892.2954799018007
673.6708307872939,4.633259682035529,21.483617220461447
518.3110287684028,32.93726415933872,40.465810673479574

Iteration: ,20000
Error:,0.07930924517558094
Absolute Error:,1
Transition Probabilities
0.9269846736697089,0.030461189133656197,0.04255413719663485
0.0003795066413662239,0.10723786656679551,0.8923826267918382
0.9994629430719656,0.0002685284640171858,0.0002685284640171858

0.08065080475857246,0.5371313881512939,0.38221780709013364
0.9624885870947539,0.007039094766884397,0.030472318138361723
0.8785970755183944,0.050213769311297896,0.07118915517030759

Transition Gammas
5383.0,176.88812529914154,247.11187470085858
1.0,282.5717784035062,2351.4282215964936
3722.0,1.0,1.0

461.0,3070.2430146727943,2184.756985327203
768.6608839775561,5.621549053633076,24.335747260941318
592.2379486146996,33.84771080826596,47.986637329518196

Iteration: ,22433
Error:,0.07662399290929443
Absolute Error:,1
Transition Probabilities
0.9275899336112398,0.02972325992118503,0.04268680646757522
0.0003376097231600271,0.1096137713564799,0.89004861892036
0.9995224450811844,0.0002387774594078319,0.0002387774594078319

0.08062256809338525,0.5364776122111252,0.38289981969548953
0.9612015732685061,0.006838618480024672,0.03195980825146914
0.8733655445048869,0.05617807859977516,0.07045637689533782


Model Num 2
Model States: 
"['diamond', 'x', 'diamond']","['diamond', 'x', 'square']","['square', 'y', 'diamond', 'x', 'diamond']","['square', 'y', 'diamond', 'x', 'square']"
Iteration: ,0
Error:,0.563005245403787
Absolute Error:,0.65
Transition Probabilities
0.25,0.25,0.25,0.25
0.25,0.25,0.25,0.25
0.25,0.25,0.25,0.25
0.25,0.25,0.25,0.25

0.25,0.25,0.25,0.25
0.25,0.25,0.25,0.25
0.25,0.25,0.25,0.25
0.25,0.25,0.25,0.25

Transition Gammas
1.0,1.0,1.0,1.0
1.0,1.0,1.0,1.0
1.0,1.0,1.0,1.0
1.0,1.0,1.0,1.0

1.0,1.0,1.0,1.0
1.0,1.0,1.0,1.0
1.0,1.0,1.0,1.0
1.0,1.0,1.0,1.0

Iteration: ,2500
Error:,0.038191095611231095
Absolute Error:,0.10206790915789739
Transition Probabilities
0.1241461717833611,0.8692748808482179,0.0032894736842105274,0.0032894736842105274
0.0015360983102918578,0.0015360983102918578,0.091873114431409,0.9050546889480072
0.013068465331626634,0.04822938534286897,0.8543006913002025,0.08440145802530184
0.01262236491830823,0.039764739375709054,0.8513170500697241,0.09629584563625851

0.0897784156563359,0.023822351972363376,0.6102407410242043,0.27615849134709636
0.029444589617348495,0.05599375323148771,0.15210279708110805,0.7624588600700557
0.9525126853373386,0.003849163821947292,0.022343502261435392,0.02129464857927875
0.0022990695131356455,0.9254612505883326,0.04143714314523068,0.030802536753300993

Transition Gammas
37.74043622214176,264.25956377785815,1.0,1.0
1.0,1.0,59.80939749484729,589.190602505153
1.9915148474597217,7.349718161759437,130.18762859645508,12.862011914884524
2.1735717862817387,6.847489844832666,146.59683293803542,16.58214879428206

3.768662966632725,1.0,25.616309495055425,11.592410844549331
4.7404426352590106,9.01473508635095,24.487846276539955,122.75234720124975
298.80825353367516,1.2075029938249475,7.009274512917098,6.680243580518968
1.3146648516117336,529.2016490696408,23.694784056329123,17.61365290552405

Iteration: ,5000
Error:,0.0354091353850293
Absolute Error:,0.08421591169336205
Transition Probabilities
0.1257394883533481,0.8709764393970624,0.0016420361247947454,0.0016420361247947454
0.0007722007722007726,0.0007722007722007726,0.09631557514508181,0.9021400233105166
0.011626340271655346,0.06673458930667348,0.8553346711021039,0.06630439931956725
0.028924494732891316,0.051491408619512145,0.8436850995046954,0.07589899714290105

0.04825704809269344,0.054198982738576686,0.7051853956282471,0.19235857354048277
0.030005494557701917,0.04760071888415589,0.12953664271301601,0.7928571438451263
0.9510796195751534,0.0019290689099181236,0.02328489527425633,0.023706416240672035
0.0011737800335217094,0.9148119396646816,0.051259287140536104,0.03275499316126051

Transition Gammas
76.575348407189,530.424651592811,1.0,1.0
1.0,1.0,124.72866981288088,1168.2713301871183
3.7330350188738,21.42742712075322,274.63451141761936,21.28929988130268
9.812855981831035,17.468854054356644,286.2266204443666,25.749315070377506

4.582502220597062,5.146749927110327,66.96459417061486,18.26642169879451
9.67407529550873,15.346953796082905,41.763925361179126,255.625172029399
607.9816863075838,1.233165493946195,14.884968201360133,15.154427269455716
1.3366567435417718,1041.7535767383704,58.37215651042541,37.30015952162958

Iteration: ,7500
Error:,0.034259921957544716
Absolute Error:,0.07453573437624139
Transition Probabilities
0.13158338418071905,0.8662474184223179,0.001084598698481562,0.001084598698481562
0.0005178663904712587,0.0005178663904712587,0.09402713272978351,0.904937134489274
0.014857389100221888,0.0692040852197599,0.8527381333543275,0.0632003923256907
0.028121224451622226,0.05672238347341827,0.8549900614223807,0.06016633065257875

0.042668703778298116,0.04068924208058901,0.7657911164425549,0.15085093769855798
0.032952101352838215,0.042996210726538406,0.12148114085063293,0.8025705470699905
0.948418447977372,0.0012976908760290848,0.023309784304014487,0.026974076842584505
0.0007946783171048484,0.9161440167773802,0.05319633204933833,0.029864972856176678

Transition Gammas
121.31988021462293,798.6801197853769,1.0,1.0
1.0,1.0,181.56639330121186,1747.4336066987873
7.486589395654985,34.871710436291984,429.69193465800737,31.84646937594738
14.421126610447756,29.088373272073017,438.45601202956794,30.854498299658815

5.952052436892993,5.6759282808182485,106.8237016164337,21.042886514705078
16.156455054791916,21.08109400039361,59.56234994370234,393.5013076463246
908.095160120859,1.24251780041622,22.31873742553113,25.82723763094025
1.3511339451358855,1557.6532705846323,90.4458677700375,50.77724876595345

Iteration: ,10000
Error:,0.03232534468694529
Absolute Error:,0.07054649111944127
Transition Probabilities
0.12584053096094272,0.8725010942463541,0.0008291873963515756,0.0008291873963515756
0.00038476337052712584,0.00038476337052712584,0.08782586751085286,0.9114046057480928
0.015491245599940844,0.0641383900442665,0.854593421634162,0.06577694272163054
0.026177765343161432,0.06649813601957635,0.8512326138362256,0.0560914848010366

0.04256476485335694,0.03990700956355158,0.7904366634221095,0.12709156216098214
0.033978599120866246,0.045541789498415426,0.11087036706843285,0.8096092443122854
0.9462801792035962,0.0009833482438051959,0.0256241593448867,0.027112313207711833
0.0005999775140166324,0.923706260195098,0.05018877281816553,0.025504989472719855

Transition Gammas
151.76368033889688,1052.236319661103,1.0,1.0
1.0,1.0,228.2594296607066,2368.7405703392933
10.548033108322464,43.672011868690944,581.8950869635778,44.78770703852496
18.585341936525925,47.21146285270284,604.346818312429,39.82308692468454

8.115631518883939,7.608889318527962,150.70898949989163,24.231974291677982
21.803550492872013,29.223473967608776,71.14382903017699,519.5139439112004
1202.1337924002453,1.2492242567846534,32.55237563599997,34.44289398998121
1.3605982553125164,2094.7337136502406,113.81552664451894,57.83890790511314

Iteration: ,12500
Error:,0.030496693195968698
Absolute Error:,0.06953623030667527
Transition Probabilities
0.12516232375779862,0.8735105362289299,0.0006635700066357002,0.0006635700066357002
0.0003102699348433141,0.0003102699348433141,0.09025125013832375,0.9091282099919897
0.014601485343234378,0.06199255344540364,0.8541587240376877,0.06924723717367427
0.02321737526315222,0.06999716670290294,0.8513602717932495,0.05542518624069543

0.03748771550840735,0.03155411888516255,0.8053893675134279,0.12556879809300217
0.04316442865133802,0.04354295838404947,0.10693394330706935,0.8063586696575431
0.9429137835207093,0.000786321062144008,0.026904222536237785,0.029395672880908896
0.00048344751091148995,0.9254347680444414,0.05003951949359665,0.024042264951050375

Transition Gammas
188.6196219030025,1316.3803780969972,1.0,1.0
1.0,1.0,290.87977919581704,2930.1202208041786
12.585676521636955,53.43416824204506,736.2377967837095,59.687306229346035
20.53445151003569,61.9085236470221,752.9798704875535,49.02043346392181

9.039703474086288,7.608889318527962,194.20978218506013,30.27937778986778
35.55858832118945,35.870418764760004,88.09151855875712,664.2732654978803
1503.992730643411,1.2542198259109656,42.91352595040897,46.887508802959
1.3687197486027707,2620.0586712669055,141.67014411212529,68.06762284823832

Iteration: ,15000
Error:,0.028441943751847772
Absolute Error:,0.0658623572319931
Transition Probabilities
0.12799938274983488,0.8709077210753018,0.000546448087431694,0.000546448087431694
0.00026034886748242696,0.00026034886748242696,0.09125153489642059,0.9082277673686147
0.016227100761103678,0.061085670178911707,0.8501168700350624,0.07257035902492223
0.02421151980478597,0.06450484371293116,0.8583840118057268,0.05289962467655617

0.03303505105246635,0.03277109929751322,0.8254618510550521,0.10873199859496828
0.04266290505173134,0.04213986390452663,0.10155589176442964,0.8136413392793124
0.9431429308605765,0.00065100467089053,0.027080977878002493,0.029125086590530414
0.00040855132315249136,0.9237417417813495,0.05305100995683824,0.02279869693865977

Transition Gammas
234.2388704321978,1593.7611295678023,1.0,1.0
1.0,1.0,350.49714553715074,3488.5028544628417
17.050867115556823,64.18667513188686,893.2729263878099,76.25438249747076
25.743805965266812,68.58719294595065,912.7089758010866,56.24750880114115

9.940485327611684,9.861060339191301,248.38742963902027,32.718243267085306
42.08928638798654,41.573277724003006,100.1904349382082,802.7016281358962
1823.2057627050067,1.258468285854067,52.35070243468735,56.30220401767207
1.3756626267505496,3110.3974431720308,178.63188190374268,76.76713680699571

Iteration: ,17500
Error:,0.030483011253858376
Absolute Error:,0.06628549976173677
Transition Probabilities
0.1285251099256762,0.8705472462895371,0.00046382189239332076,0.00046382189239332076
0.00022446689113355835,0.00022446689113355835,0.09296456352398057,0.9065865026937523
0.01904853604043256,0.05885702757550209,0.8538517247448952,0.06824271163917031
0.023059648222773208,0.06641883649745997,0.862001150242146,0.04852036503762097

0.02979713353523453,0.03341453342803044,0.8225818881033279,0.11420644493340719
0.04709498450819839,0.044973420188132864,0.09820288116283486,0.8097287141408339
0.9444092826803092,0.0005542000658034479,0.026215040687457627,0.028821476566429582
0.00035552755397632305,0.9228427479098228,0.055024586389996064,0.02177713814620487

Transition Gammas
277.100136999758,1876.8998630002427,1.0,1.0
1.0,1.0,414.1571304993324,4038.8428695006564
23.65195675741962,73.08088496308494,1060.20032342894,84.73478808411672
28.712002960959197,82.69934613725833,1073.2938915200095,60.41362171566791

10.826436480949571,12.140776000193547,298.87541200563845,41.49556266291592
54.191149848782864,51.74991303379914,112.99986833525728,931.7367983681883
2152.351914192599,1.2630472765921552,59.74527573908473,65.68546221989104
1.3804239977107535,3583.16608960467,213.64661801126556,84.55514562026178

Iteration: ,20000
Error:,0.030874273931081466
Absolute Error:,0.06458694500823128
Transition Probabilities
0.12418374945327709,0.8750062059942725,0.00040502227622519246,0.00040502227622519246
0.00019739439399921112,0.00019739439399921112,0.09397355638967805,0.9056316548223234
0.020494567890176684,0.056060606224638515,0.8563373276745713,0.0671074982106136
0.023105348844596224,0.0653484138626084,0.8646169138846284,0.046929323408167044

0.03254988131030173,0.03775644431535193,0.82216461857354,0.10752905580080636
0.04816698181551876,0.04670310299689819,0.09399365482751534,0.8111362603600677
0.9444138433337845,0.0004827731583679995,0.025952636591588595,0.029150746916258845
0.00031564907043798665,0.9216791905372368,0.05721848406743204,0.020786676324893172

Transition Gammas
306.6096774001411,2160.3903225998583,1.0,1.0
1.0,1.0,476.0700366701073,4587.929963329874
30.05328721579323,82.20741756492932,1255.7352660528263,98.40660846641123
33.19068386025094,93.87257296441736,1242.0165928670708,67.41366890810805

13.77147847587776,15.974315090666188,347.8483451406722,45.49430037471729
62.85673311301989,60.946407060948474,122.65942048100104,1058.5129795140908
2477.8732716542227,1.2666594351999199,68.09233578390544,76.48326752345753
1.3843178738777122,4042.1376044967797,250.93870893022265,91.16252911859466

Iteration: ,22500
Error:,0.030808616505548683
Absolute Error:,0.06429596407638288
Transition Probabilities
0.12474207332894614,0.8745303893847679,0.00036376864314296113,0.00036376864314296113
0.00017540782318891483,0.00017540782318891483,0.09382817319950953,0.9058210111541127
0.020594727047731253,0.060466431391217865,0.849594351723604,0.06934448983744695
0.02419849669147919,0.0646862103155864,0.8662957831736241,0.04481950981931028

0.0352955075257303,0.03595790196013734,0.822164543325201,0.10658204718893144
0.04808595237198765,0.0450266984403406,0.08991369422915063,0.8169736549585211
0.9434079181300045,0.0004330174510407605,0.02685300246500903,0.029306061953945802
0.0002796223349915951,0.9222879524690314,0.05743547458295273,0.01999695061302425

Transition Gammas
342.9159595812729,2404.0840404187265,1.0,1.0
1.0,1.0,534.914415410402,5164.0855845895785
34.11236108499121,100.154410221489,1407.2373590868865,114.85970516176766
38.828151681965274,103.79347187916429,1390.0311452965823,71.91598502018904

17.151706464882185,17.473594311221802,399.5274725166594,51.79310671416528
71.16265947754694,66.63525313423473,133.06375956327636,1209.0437049097175
2767.078228598081,1.2700690108187211,78.76164389281469,85.95663067938679
1.3893129325079536,4582.418567887365,285.37007827084557,99.35551857197858

Iteration: ,25000
Error:,0.030388684143185497
Absolute Error:,0.06324442885564355
Transition Probabilities
0.124060311509827,0.8752817937533308,0.0003289473684210526,0.0003289473684210526
0.00015748031496063037,0.00015748031496063037,0.09287564669892334,0.9068093926711555
0.0230439735567818,0.05893187198443044,0.8471736971892444,0.07085045726954332
0.02373076894544733,0.06529609335289555,0.8647656462416612,0.046207491459996024

0.03199455463004756,0.03598774498505067,0.8290118661905651,0.10300583419433676
0.04779560604681306,0.04422587343719515,0.08806075680260632,0.8199177637133855
0.9413729970674457,0.00039145507817348675,0.027200526313116626,0.03103502154126422
0.0002515446528789602,0.9209424963343519,0.05953285703057777,0.019273101982191294

Transition Gammas
377.1433469898741,2660.8566530101257,1.0,1.0
1.0,1.0,589.7603565381615,5758.23964346182
42.983949407239635,109.92568610664746,1580.2340360006965,132.15743644427062
42.341957139882396,116.50546986091128,1542.9702262653293,82.44636435668404

17.151706464882185,19.2923841401729,444.4183814782992,55.21957885334571
77.54982650481303,71.75782662362518,142.8812599475346,1330.3415435701343
3059.3157806243603,1.272168101052816,88.39747862986961,100.85899154637009
1.3925300515516408,5098.260238167989,329.56889172952475,106.69427232760589

Iteration: ,27500
Error:,0.029925612694127437
Absolute Error:,0.06152360461586742
Transition Probabilities
0.12348678566732196,0.8759161994073049,0.000298507462686567,0.000298507462686567
0.0001435338022104209,0.0001435338022104209,0.09111062445785541,0.9086023079377238
0.02245862451238023,0.05717861551648763,0.8506829235011806,0.06967983646995154
0.0251246693979677,0.06628897416130346,0.8624992406027346,0.046087115837994234

0.03256811250157465,0.0333911280228737,0.8369441457630813,0.09709661371247033
0.04632540756813992,0.04384824650959158,0.08657309226443405,0.8232532536578345
0.941494068921092,0.0003557123008497461,0.026647751061678018,0.03150246771638021
0.00022989027933702235,0.9208240966483799,0.06020192323131978,0.01874408984096315

Transition Gammas
413.6807319855288,2934.319268014473,1.0,1.0
1.0,1.0,634.7677205978771,6330.2322794021065
46.22766868859667,117.69349866959888,1751.00163970334,143.42536395463028
49.909507368867516,131.68133645754,1713.3324830131626,91.55086624591696

19.266721111427056,19.75360258232832,495.1213995431635,57.440644654235975
82.87046840148379,78.43913130151623,154.86863653311167,1472.6990290008932
3372.590330558348,1.2742213742050263,95.45673257902757,112.84714531525631
1.395898211423546,5591.261680372296,365.5472393404652,113.81447514535705

Iteration: ,30000
Error:,0.028848697394895463
Absolute Error:,0.06112584970223722
Transition Probabilities
0.12168611500990394,0.8777648869115894,0.0002744990392533626,0.0002744990392533626
0.0001317523056653494,0.0001317523056653494,0.09083189648527133,0.908904598903398
0.02196069729166299,0.05619545265016243,0.8491740552661655,0.07266979479200916
0.02330133633091418,0.06643983147353859,0.8645717155687411,0.04568711662680611

0.036142440484179285,0.03482087667746096,0.8362717577020368,0.09276492513632285
0.045494254901773355,0.04417852157828226,0.08350105838749981,0.8268261651324446
0.9415879177903438,0.0003265248669139789,0.026677012157464732,0.03140854518527752
0.00021096902956519245,0.9197110325468804,0.06172429750739882,0.018353700916155513

Transition Gammas
443.30251698108003,3197.69748301892,1.0,1.0
1.0,1.0,689.414094323208,6898.585905676777
49.574593369428264,126.85693342717174,1916.9454380517395,164.04649994521384
50.629829898980745,144.36242274909185,1878.566888742813,99.27031267821441

23.33164902591144,22.478517292397303,539.8528400296275,59.88413195680697
89.10625432392575,86.52922413849697,163.54738770990411,1619.443657469286
3679.6430712804267,1.2760305664927973,104.25142580210526,122.74184225008102
1.3988387719481297,6098.18158602028,409.26547703500603,121.69496396306194

Iteration: ,32500
Error:,0.02916026392799411
Absolute Error:,0.06070615433191227
Transition Probabilities
0.12306896984577503,0.8764252132599407,0.0002529084471421345,0.0002529084471421345
0.00012180267965895272,0.00012180267965895272,0.0919798296651901,0.9077765649754921
0.021776879716134102,0.05566958338683042,0.8475947173388021,0.07495881955823322
0.022910765171988357,0.06563785182920717,0.8659477247302123,0.04550365826859214

0.036627799822035484,0.033226595199831545,0.8380419395938512,0.09210366538428191
0.04422932344207051,0.044753621101262145,0.08102869093570968,0.8299883645209577
0.9404240016888779,0.000301448177390999,0.026889955604185355,0.03238459452954593
0.00019532083239634607,0.9194455202503701,0.06244133450137043,0.01791782441586315

Transition Gammas
486.6147067701945,3465.385293229806,1.0,1.0
1.0,1.0,755.1544015512094,7452.845598448776
53.36260771240594,136.41413179977215,2076.96717757724,183.68095589504927
54.128982262629115,155.07601298991824,2045.8884144818696,107.50695984247645

25.55705344885052,23.183862355132437,584.7439034460732,64.26534791874172
94.01963138707913,95.13414702553037,172.24517719632448,1764.3317603542353
3987.089185972954,1.278041357992196,114.00458836461047,137.30005445308547
1.401910810156689,6599.299206208217,448.1712511876364,128.60477520450053

Iteration: ,35000
Error:,0.029383321094764544
Absolute Error:,0.060568875754494225
Transition Probabilities
0.12100302025040101,0.8785272756631735,0.00023485204321277585,0.00023485204321277585
0.00011321181931393649,0.00011321181931393649,0.0942837778716996,0.9054897984896725
0.022235214223150696,0.055033311216822936,0.8462617262748514,0.07646974828517514
0.023083949070731493,0.06569294044040618,0.8663590863341072,0.04486402415475525

0.03627405454653656,0.0362447824176343,0.836149075273239,0.09133208776259016
0.04370930723492075,0.04571395520032665,0.07800417135080207,0.8325725662139506
0.9414256758087444,0.0002796108230963492,0.02605643255016093,0.03223828081799822
0.00018193234398079414,0.9188720675179375,0.06347161682086241,0.017474383317219393

Transition Gammas
515.2308602262077,3740.769139773794,1.0,1.0
1.0,1.0,832.8086099407217,7998.191390059269
58.70097227504514,145.28795825943232,2234.1312133512165,201.88015860418741
58.77375779808076,167.25998479106104,2205.826176030192,114.22773813264496

27.372774228276825,27.350685179075153,630.9666825161163,68.92013174086287
100.57631933084654,105.189069490234,179.48974585093455,1915.7723968394646
4309.122819270447,1.2798433368459006,119.26631169712229,147.5620594345325
1.4046253971611649,7094.236321794076,490.0384562454532,134.91258382119693

Iteration: ,37500
Error:,0.029920081902468615
Absolute Error:,0.060678315907268375
Transition Probabilities
0.12279287994606809,0.8767715799842454,0.00021777003484320544,0.00021777003484320544
0.00010587612493382754,0.00010587612493382754,0.09535986223332718,0.9044283855168053
0.021598326078540047,0.05399553142120051,0.850205824861424,0.07420031763883539
0.022423388205926122,0.06465123658663742,0.8684055065600713,0.044519868647365145

0.03727977301217905,0.03944017169820145,0.8334995600993141,0.08978049519030527
0.04323038706582105,0.04673553116744164,0.07724247152147126,0.8327916102452659
0.9420991668811046,0.0002600213077222035,0.02565971502846958,0.03198109678270344
0.00017100406850892693,0.9195578746272263,0.06344590743749047,0.0168252138667743

Transition Gammas
563.864904712345,4026.1350952876574,1.0,1.0
1.0,1.0,900.6738987937742,8542.326101206216
61.3875376295099,153.46803751785873,2416.4855126604853,210.89480613506376
61.332787884672015,176.8350324061211,2375.275772001924,121.77141274665505

30.188652704399715,31.93811415133677,674.9565975331395,72.70302284414932
106.4571671009276,115.08877409465893,190.2137652741771,2050.7943978652193
4641.651154277593,1.2811052652993724,126.42347012643214,157.56843866865768
1.406771608243884,7564.778554348492,521.9402206075099,138.4132750571006

Iteration: ,40000
Error:,0.029938374133471377
Absolute Error:,0.06109549940526579
Transition Probabilities
0.12573992600701173,0.8738540650607918,0.00020300446609825405,0.00020300446609825405
9.918666931164453e-05,9.918666931164453e-05,0.09549097919848147,0.9043106474628952
0.020552847954568142,0.05407374008061099,0.8509691826093284,0.07440422935549254
0.022460862703700794,0.06524901916989183,0.866417420856582,0.045872697269825485

0.03855493685389035,0.03968576075863849,0.8350113086593405,0.08674799372813081
0.04246153330528742,0.045734653658615426,0.07785729008170574,0.8339465229543913
0.9427478651383694,0.0002441109299660256,0.025514098643934013,0.03149392528773064
0.00016044311219779955,0.9193119433162976,0.0638541131903153,0.016673500381189248

Transition Gammas
619.3948755105401,4304.6051244894625,1.0,1.0
1.0,1.0,962.74005227909,9117.259947720908
61.9197442412821,162.90842823156336,2563.7222763899763,224.1582705397188
65.47031410806348,190.19188339511163,2525.4871747571988,133.7125799154962

32.8279751476365,33.7908261356204,710.9784822769928,73.86242112148744
111.55454309077302,120.153654264442,204.5459441821178,2190.9365039046193
4951.835571732417,1.2822062304824504,134.0142215301424,165.42359341262267
1.4093678690487146,8075.43992879797,560.9086872241833,146.46372399488962

Iteration: ,42500
Error:,0.030060200422219196
Absolute Error:,0.05979686526469265
Transition Probabilities
0.12455405246208655,0.8750631724182963,0.0001913875598086125,0.0001913875598086125
9.330969487729792e-05,9.330969487729792e-05,0.09551146543805507,0.9043019151721904
0.021462139504293938,0.05368277673577253,0.8504775284265855,0.07437755533334801
0.022494968639738024,0.06391123027714518,0.8678967844662236,0.04569701661689315

0.036251898551711625,0.03831850786223693,0.8409092997851232,0.08452029380092824
0.04197185352572815,0.04613690988962003,0.07661298648567254,0.8352782500989793
0.9421760292035658,0.00022992238337642408,0.025617311944228043,0.03197673646882969
0.00015117746387824436,0.9196224912507897,0.06406127284513069,0.016165058440201253

Transition Gammas
650.794924114402,4572.205075885597,1.0,1.0
1.0,1.0,1023.5963750996343,9691.403624900346
68.9066463024948,172.35467639783042,2730.555088777886,238.7976230037022
69.5998178684696,197.74244002195363,2685.2875011691085,141.38735130529312

32.8279751476365,34.699397108862186,761.4870033740358,76.5375115570824
117.02077559510082,128.63327504788694,213.60293496961646,2328.820398755678
5259.260223283252,1.2834349504267064,142.99674960909906,178.49528428682981
1.4120568715491368,8589.63515254926,598.3574416488711,150.98799294492196

Iteration: ,45000
Error:,0.03006130433329591
Absolute Error:,0.059501598757660375
Transition Probabilities
0.12527661099418547,0.8743620520591118,0.0001806684733514003,0.0001806684733514003
8.827683615819216e-05,8.827683615819216e-05,0.09460136938861496,0.9052220769390686
0.02260277914945287,0.05421790415161462,0.8475719483518614,0.07560736834707094
0.022240505591353762,0.06380603690206675,0.8693406168082755,0.04461284069830404

0.034722609694291064,0.03770248202193464,0.8443426798780032,0.08323222840577109
0.041069393010411084,0.04644971927974414,0.07584715449962157,0.8366337332102232
0.9428027940921654,0.0002174370891429902,0.025342402753418643,0.031637366065273016
0.00014309600033844753,0.9194415871432852,0.06473394782646676,0.015681369029909718

Transition Gammas
693.4060418528161,4839.59395814718,1.0,1.0
1.0,1.0,1071.6443124342295,10254.355687565761
76.78018055216057,184.17471773693256,2879.1471524411063,256.83334577475347
73.04017279323823,209.54577410283662,2855.0065378253726,146.5132876596172

33.24579422133501,36.098927182334116,808.431256597914,79.69221099807996
121.84111883151023,137.8030049048672,225.0167700817404,2482.052512455589
5569.729434719072,1.284537724313275,149.71352168948184,186.90183155472016
1.4146740394867885,9089.772887290519,639.9720135223752,155.02897088497394

Iteration: ,46820
Error:,0.029245074755612808
Absolute Error:,0.05869653276619897
Transition Probabilities
0.1257370161560995,0.873915459951633,0.0001737619461337968,0.0001737619461337968
8.488964346349759e-05,8.488964346349759e-05,0.09461824968051707,0.905211971032556
0.022593212312396915,0.05392003508073305,0.8494922371377539,0.07399451546911603
0.02319078505270369,0.06310411207177473,0.8690510425927476,0.044654060282774036

0.03366182379024325,0.037498073435029596,0.8470553475514617,0.08178475522326542
0.04062791277553971,0.045458896798988395,0.07496374086809618,0.8389494495573757
0.9430657952250331,0.00020928332206388332,0.025281714596261377,0.03144320685664156
0.00013733423172359544,0.9196473458005461,0.06495729177261295,0.015258028195117483

*,*,*,*,*,*,*,*,*,*,*
Model Num 2
Model States: 
"['diamond', 'x', 'diamond']","['diamond', 'x', 'square']","['square', 'y', 'diamond', 'x', 'diamond']","['square', 'y', 'diamond', 'x', 'square']"
Iteration: ,46820
Error:,0.02875547336249262
Absolute Error:,0.05869653276619897
Transition Probabilities
0.1257370161560995,0.873915459951633,0.0001737619461337968,0.0001737619461337968
8.488964346349759e-05,8.488964346349759e-05,0.09461824968051707,0.905211971032556
0.022593212312396915,0.05392003508073305,0.8494922371377539,0.07399451546911603
0.02319078505270369,0.06310411207177473,0.8690510425927476,0.044654060282774036

0.03366182379024325,0.037498073435029596,0.8470553475514617,0.08178475522326542
0.04062791277553971,0.045458896798988395,0.07496374086809618,0.8389494495573757
0.9430657952250331,0.00020928332206388332,0.025281714596261377,0.03144320685664156
0.00013733423172359544,0.9196473458005461,0.06495729177261295,0.015258028195117483

Transition Gammas
723.6165279783521,5029.383472021645,1.0,1.0
1.0,1.0,1114.6029812364893,10663.397018763491
79.70172752236402,190.2128783007471,2996.7406971856926,261.0293139604977
78.7711280212671,214.34298491308024,2951.8677689226406,151.67449878087206

33.66896962299327,37.506033638341336,847.2351629970336,81.8021167359977
126.15453706198501,141.1553212863456,232.771397287801,2605.0385608545926
5792.311389900102,1.2854184472012378,155.28032524728056,193.1242190448128
1.4164106077522343,9484.876710161701,669.9436547092016,157.36523019580105

