0,1,2,3,4,5,6,7,8,9,10,11,12,13,14,15,16,17,18,19,20,21,22,23,24,25,26,27,28,29
github Code Version (SHA):,528ca1c557fe8e6666681dc5c9134b0f84d30530
Environment Observations,Environment Actions,alpha,epsilon,numActions,explore,patience,gainThresh,insertRandActions,useUpdatedPosterior,revisedSplitting,haveControl,confidence_factor
"['square', 'diamond']","['x', 'y']",0.85,0.99,75000,0.5,0,0.01,False,True,False,False,250

Model Num 0
Model States: 
['square'],['diamond']
Iteration: ,0
Error:,0.4972847265306883
Absolute Error:,1
Transition Probabilities
0.5,0.5
0.5,0.5

0.5,0.5
0.5,0.5

Transition Gammas
1.0,1.0
1.0,1.0

1.0,1.0
1.0,1.0

Iteration: ,2500
Error:,0.1940170129579524
Absolute Error:,1
Transition Probabilities
0.8871989860583016,0.11280101394169835
0.8923766816143498,0.10762331838565023

0.35063291139240504,0.649367088607595
0.4261954261954262,0.5738045738045738

Transition Gammas
700.0,89.0
398.0,48.0

277.0,513.0
205.0,276.0

Iteration: ,2829
Error:,0.1950975854951572
Absolute Error:,1
Transition Probabilities
0.89086859688196,0.1091314031180401
0.902,0.098

0.346711259754738,0.653288740245262
0.43333333333333335,0.5666666666666667


Model Num 1
Model States: 
['diamond'],"['square', 'y', 'diamond']","['square', 'y', 'square']"
Iteration: ,0
Error:,0.43555132681511066
Absolute Error:,1
Transition Probabilities
0.3333333333333333,0.3333333333333333,0.3333333333333333
0.3333333333333333,0.3333333333333333,0.3333333333333333
0.3333333333333333,0.3333333333333333,0.3333333333333333

0.3333333333333333,0.3333333333333333,0.3333333333333333
0.3333333333333333,0.3333333333333333,0.3333333333333333
0.3333333333333333,0.3333333333333333,0.3333333333333333

Transition Gammas
1.0,1.0,1.0
1.0,1.0,1.0
1.0,1.0,1.0

1.0,1.0,1.0
1.0,1.0,1.0
1.0,1.0,1.0

Iteration: ,2500
Error:,0.11187259389297645
Absolute Error:,1
Transition Probabilities
0.116600790513834,0.745936779862229,0.13746242962393698
0.11620963030769364,0.8101959577559559,0.07359441193635045
0.18152017560909134,0.7193036714997161,0.09917615289119264

0.591715976331361,0.07733655306919127,0.33094747059944785
0.9966499162479062,0.0016750418760469012,0.0016750418760469012
0.001968503937007873,0.16887917836351304,0.8291523176994792

Transition Gammas
59.0,377.4440106102879,69.55598938971211
20.702216752859805,144.33272255788427,13.110509547888238
27.614451390017063,109.42682379321626,15.087551804492486

300.0,39.20963240607997,167.79036759392005
595.0,1.0,1.0
1.0,85.79062260866466,421.2093773913356

Iteration: ,5000
Error:,0.10363392195811146
Absolute Error:,1
Transition Probabilities
0.12331606217616581,0.7485538300981619,0.1281301077256723
0.10695363250928298,0.806088110528462,0.08695825696225504
0.14666865407450522,0.7542266501854797,0.09910469574001504

0.5890944498539437,0.08340464194154217,0.3275009082045142
0.9982964224872232,0.0008517887563884157,0.0008517887563884157
0.0009182736455463726,0.16627052760113253,0.8328111987533211

Transition Gammas
119.0,722.3544460447263,123.64555395527377
37.43881477235588,282.16884973639446,30.439490449791162
42.44635125669162,218.27546944467144,28.681198127251715

605.0,85.65656727396379,336.34343272603604
1172.0,1.0,1.0
1.0,181.06860455763336,906.9313954423669

Iteration: ,7500
Error:,0.09882229391549918
Absolute Error:,1
Transition Probabilities
0.11788896504455103,0.7666817688162946,0.11542926613915445
0.10348448835737047,0.7980168055405062,0.09849870610212315
0.12532164186792277,0.7625880964529201,0.1120902616791571

0.5867279894875165,0.08199735519443657,0.3312746553180469
0.9988795518207283,0.0005602240896358543,0.0005602240896358543
0.0006265664160401002,0.1599001573555907,0.8394732762283692

Transition Gammas
172.0,1118.5887007029742,168.4112992970264
54.30554211455385,418.7751800225732,51.68915377912228
56.211927274630185,342.05222641024386,50.27710731992728

893.0,124.79997460593243,504.20002539406727
1783.0,1.0,1.0
1.0,255.20065113952276,1339.7993488604773

Iteration: ,10000
Error:,0.09815144241100991
Absolute Error:,1
Transition Probabilities
0.11812216052498739,0.7700571661862239,0.11182067328878872
0.10640741754085349,0.798045968425583,0.09554661403356356
0.12796667161183514,0.7650155610339673,0.10701776735419757

0.5901639344262295,0.07907842910062744,0.3307576364731431
0.9991645781119465,0.0004177109440267335,0.0004177109440267335
0.00047687172150691484,0.1581864829704746,0.8413366453080184

Transition Gammas
234.0,1525.4832462149093,221.51675378509043
74.82243256235142,561.1614494004068,67.18544863042625
75.91945657462888,453.8647831757943,63.49099057609086

1188.0,159.18487777956304,665.815122220437
2392.0,1.0,1.0
1.0,331.7170547890851,1764.2829452109138

Iteration: ,12500
Error:,0.09489817541662605
Absolute Error:,1
Transition Probabilities
0.11320754716981132,0.7699558224551173,0.11683663037507147
0.10818838564091932,0.7892520987140595,0.10255951564502108
0.12651225443656958,0.7689687293301325,0.10451901623329789

0.5961305925030229,0.07679729257258332,0.32707211492439375
0.9993311036789297,0.00033444816053511704,0.00033444816053511704
0.00037750094375235937,0.15971864276215209,0.8399038562940956

Transition Gammas
282.0,1917.9599537356971,291.04004626430304
95.40287210521394,695.9796708890913,90.43921208631035
92.94581625345066,564.9446888704573,76.78785996721146

1479.0,190.53408287257923,811.465917127421
2988.0,1.0,1.0
1.0,423.09468467694086,2224.9053153230593

Iteration: ,12809
Error:,0.09594731876282242
Absolute Error:,1
Transition Probabilities
0.1131630648330059,0.7691845108832113,0.11765242428378289
0.10914089611950718,0.7880357089717454,0.10282339490874745
0.12719396681857661,0.7658877598575633,0.1069182733238599

0.5948174322732627,0.07801040935710755,0.3271721583696298
0.9993464052287582,0.000326797385620915,0.000326797385620915
0.0003673769287288758,0.16225716715327343,0.8373754559179977


Model Num 2
Model States: 
"['square', 'y', 'diamond']","['square', 'y', 'square']","['diamond', 'y', 'diamond']","['diamond', 'y', 'square', 'y', 'square']"
Iteration: ,0
Error:,0.49872961555009304
Absolute Error:,0.6
Transition Probabilities
0.25,0.25,0.25,0.25
0.25,0.25,0.25,0.25
0.25,0.25,0.25,0.25
0.25,0.25,0.25,0.25

0.25,0.25,0.25,0.25
0.25,0.25,0.25,0.25
0.25,0.25,0.25,0.25
0.25,0.25,0.25,0.25

Transition Gammas
1.0,1.0,1.0,1.0
1.0,1.0,1.0,1.0
1.0,1.0,1.0,1.0
1.0,1.0,1.0,1.0

1.0,1.0,1.0,1.0
1.0,1.0,1.0,1.0
1.0,1.0,1.0,1.0
1.0,1.0,1.0,1.0

Iteration: ,2500
Error:,0.04965737719828493
Absolute Error:,0.10777707970490494
Transition Probabilities
0.730374530238933,0.14540810093739304,0.053900192367489004,0.07031717645618514
0.7944375533353836,0.08111413650808649,0.08043752206330951,0.04401078809322035
0.7930548947928944,0.09081503263806526,0.05127878285404327,0.06485128971499704
0.7463734454880894,0.129868354413503,0.05360511093072106,0.07015308916768662

0.002,0.002,0.7412570360933332,0.2547429639066668
0.17740394180876173,0.8198488054439855,0.0013736263736263744,0.0013736263736263744
0.0029325513196480947,0.0029325513196480947,0.14151573655183622,0.8526191608088676
0.14120601130533214,0.8529800352062958,0.002906976744186047,0.002906976744186047

Transition Gammas
88.18835671194455,17.557158612962958,6.508125892330262,8.4903785435483
153.1728550444714,15.639346127643865,15.50889035319602,8.485573267141195
71.13024881659761,8.14533257438624,4.599268735833112,5.816606648282083
57.74405248391822,10.047416770500687,4.147221953971848,5.427475598570896

1.0,1.0,370.62851804666656,127.37148195333339
129.15006963677845,596.8499303632211,1.0,1.0
1.0,1.0,48.25686616417614,290.74313383582376
48.57486788903425,293.4251321109657,1.0,1.0

Iteration: ,5000
Error:,0.04154973073181816
Absolute Error:,0.09442399309453664
Transition Probabilities
0.7331689552510899,0.14675138542416508,0.05509204610027565,0.06498761322446929
0.8203479023552004,0.08423406194887494,0.061945057535984484,0.03347297815994013
0.8163253189699206,0.05498002725763723,0.0664386721075904,0.062255981664851724
0.7793565582827136,0.12407840298462575,0.03681663874887978,0.05974839998378074

0.0010141987829614598,0.0010141987829614598,0.7851425734018344,0.2128290290322427
0.1625528472747681,0.8360465925011423,0.0007002801120448185,0.0007002801120448185
0.0014641288433382138,0.0014641288433382138,0.1525518553315307,0.8445198869817929
0.12871896513147277,0.8682275997540235,0.0015267175572519086,0.0015267175572519086

Transition Gammas
206.36761244813263,41.30662218651765,15.506949574402947,18.292289224444055
324.06815563823363,33.27561028597487,24.470618488762568,13.22308043315241
172.59090519450942,11.624106776435852,14.046741283780703,13.162419417381148
110.52841253676155,17.59680952991019,5.221338798790171,8.473523102660765

1.0,1.0,774.1505773742092,209.84942262579145
232.12546590836865,1193.8745340916303,1.0,1.0
1.0,1.0,104.19291719143547,576.8070828085646
84.31092216111465,568.6890778388853,1.0,1.0

Iteration: ,7500
Error:,0.04261405269632864
Absolute Error:,0.09284942145728647
Transition Probabilities
0.7381667014664686,0.12596835443396956,0.07135403596821151,0.06451090813135048
0.8059221524351813,0.09597753317683741,0.05878979848118995,0.039310515906791355
0.8144343892757869,0.05936631424745581,0.06271395563085282,0.0634853408459044
0.7986003212056614,0.1148766016536335,0.032463221921318904,0.054059855219386124

0.0006798096532970766,0.0006798096532970766,0.7896686031208402,0.20897177757256555
0.1617004874502124,0.8373425747507446,0.0004784688995215315,0.0004784688995215315
0.0009398496240601503,0.0009398496240601503,0.1529811931604479,0.8451391075914317
0.14642475702635466,0.8516144586599198,0.0009803921568627449,0.0009803921568627449

Transition Gammas
307.3365074183212,52.44706110429722,29.708330328508538,26.859186625575607
494.5399541881421,58.894925169812296,36.07532583608457,24.122206688220295
238.67675095172504,17.397790647275546,18.378844712847638,18.604905546335313
170.4100452070379,24.513046590655183,6.927193701633138,11.53561065178821

1.0,1.0,1161.6025151907563,307.397484809244
337.9540187709436,1750.0459812290546,1.0,1.0
1.0,1.0,162.77198952271655,899.2280104772834
149.3532521668818,868.6467478331185,1.0,1.0

Iteration: ,10000
Error:,0.037294759813224436
Absolute Error:,0.09033057213510108
Transition Probabilities
0.7522181427657179,0.1240045905963912,0.06810174918416097,0.055675517453729985
0.8046514010330815,0.09743278190501439,0.053123896005046856,0.044791921056857344
0.8131787257012228,0.0735678699181653,0.05670426936315371,0.056549135017458126
0.7919765668451648,0.12097893073462415,0.03192355997997232,0.05512094244023876

0.0005107252298263532,0.0005107252298263532,0.7907208118466172,0.20825773769373002
0.15354695044629416,0.8457525241596603,0.0003502626970227674,0.0003502626970227674
0.0007194244604316544,0.0007194244604316544,0.1509973911976615,0.8475637598814753
0.14858281512513985,0.8499335053496377,0.0007418397626112762,0.0007418397626112762

Transition Gammas
399.2276881060222,65.81344320719202,36.14390871084937,29.548885959377724
664.569556874179,80.47069900394277,43.87555155210932,36.99409096918365
324.53043748356384,29.360105293812406,22.63003293370891,22.568120569936852
216.40425305316552,33.056982033049685,8.722977978734137,15.061564793366493

1.0,1.0,1548.231349595677,407.7686504043235
438.3765435241694,2414.623456475828,1.0,1.0
1.0,1.0,209.8863737647496,1178.113626235251
200.28963478868843,1145.7103652113112,1.0,1.0

Iteration: ,12500
Error:,0.03675988775763616
Absolute Error:,0.09375684313332153
Transition Probabilities
0.742668160398487,0.1308137630706189,0.06950135485733763,0.05701672167355633
0.8102169117756152,0.09705118427542914,0.04969023375779711,0.04304167019115857
0.7988860899153172,0.07889809270534778,0.06031833977938789,0.06189747759994705
0.7749413203834836,0.12632978326934402,0.03278416277962526,0.06594473356754711

0.00041597337770382697,0.00041597337770382697,0.7984481905523063,0.20071986269228592
0.1478841638901933,0.8515641119718756,0.0002758620689655173,0.0002758620689655173
0.0005733944954128436,0.0005733944954128436,0.14982221626905357,0.8490309947401208
0.15229293944464783,0.8465087382066404,0.0005991611743559018,0.0005991611743559018

Transition Gammas
502.2377834526452,88.46429389733802,47.00108106395145,38.558205992967814
841.4410146814395,100.79133845007732,51.60519375149521,44.70040814115027
381.82071120810946,37.7086624113239,28.82862986874584,29.583365159987967
268.9672535460096,43.84664225957602,11.378753449716106,22.888150892133694

1.0,1.0,1919.4694500877445,482.53054991225537
536.0800941019505,3086.9199058980485,1.0,1.0
1.0,1.0,261.2899451732296,1480.7100548267717
254.17691593311724,1412.8230840668828,1.0,1.0

Iteration: ,15000
Error:,0.03642071613818134
Absolute Error:,0.08981028586338623
Transition Probabilities
0.7522902908225958,0.1240127572965251,0.07010082810534753,0.05359612377553164
0.8159065340975354,0.09223939784210902,0.05129361464815858,0.04056045341219691
0.8059078035209247,0.07922398522122176,0.054535737927189104,0.060332473330664486
0.7783352702850318,0.12436149226808252,0.03533126846205016,0.06197196898483561

0.00034794711203897,0.00034794711203897,0.8030667113275954,0.1962373944483267
0.14597648526630566,0.8535608730496786,0.00023132084200786496,0.00023132084200786496
0.000469043151969981,0.000469043151969981,0.1520416610087778,0.8470202526872822
0.14762848408049736,0.8513690096538385,0.0005012531328320803,0.0005012531328320803

Transition Gammas
619.909087697785,102.1901201921861,57.76512195860973,44.16476538265253
1019.9581012508492,115.30771865630456,64.12172916435355,50.70429187570695
449.6109002791718,44.198563611616,30.42514555599018,33.65910781823678
333.861193221415,53.3439480189727,15.155087912753245,26.58242058590112

1.0,1.0,2308.01372835551,563.9862716444911
631.0563458062393,3689.94365419376,1.0,1.0
1.0,1.0,324.1528212707144,1805.8471787292865
294.51882574059215,1698.4811742594075,1.0,1.0

Iteration: ,17500
Error:,0.0352315872395597
Absolute Error:,0.08646645860019403
Transition Probabilities
0.7579414997853934,0.12055607232204338,0.0714280722223334,0.05007435567022992
0.8125597137039142,0.09328926257858274,0.05321711979995579,0.040933903917547275
0.8181856587153965,0.07505731239391819,0.05247166794801399,0.054285360942671244
0.7882644078862608,0.11670009923107497,0.031765730717854004,0.0632697621648102

0.000296208530805687,0.000296208530805687,0.8059603730080831,0.19344720993030554
0.14651598110513905,0.8530846578724967,0.00019968051118210856,0.00019968051118210856
0.00040436716538617056,0.00040436716538617056,0.1460393157591627,0.853151949910065
0.1473253342696516,0.8518181346810979,0.00042826552462526775,0.00042826552462526775

Transition Gammas
732.7798661865821,116.55393268364394,69.0568509837066,48.41202079289753
1187.3373213059253,136.3171484736211,77.76249721127621,59.81388322405157
553.8002745409316,50.80357956324829,35.516173872877395,36.74379705066709
386.12726737073143,57.164943599089995,15.560279869808966,30.99236769728578

1.0,1.0,2720.9222192752904,653.0777807247119
733.7520333745366,4272.247966625465,1.0,1.0
1.0,1.0,361.15522787240945,2109.844772127591
344.00465551963646,1988.9953444803632,1.0,1.0

Iteration: ,20000
Error:,0.03621787175722725
Absolute Error:,0.08689078136994408
Transition Probabilities
0.7580579316640341,0.11664354120725985,0.0718141848425158,0.053484342286190215
0.8079059623072308,0.09811858723492121,0.052576781869343545,0.041398668588504516
0.8110642499613778,0.07932036003875098,0.05574166525686319,0.053873724743008104
0.7866754799170366,0.11306102424289086,0.03767569493807803,0.06258780090199449

0.00026048450117218015,0.00026048450117218015,0.8097698458357757,0.18970918516187996
0.14544767577388948,0.854203466734396,0.00017442874585731733,0.00017442874585731733
0.00035323207347227127,0.00035323207347227127,0.14727826582790574,0.8520152700251497
0.1470691949821765,0.8521811798304172,0.0003748125937031484,0.0003748125937031484

Transition Gammas
837.9375757148125,128.93474503650447,79.38153726164376,59.120204725796384
1358.8126065953477,165.0251136845002,88.42860103947312,69.62819362500365
633.6473666413535,61.96936588191626,43.548411120200555,42.08907471411024
430.8147136418577,61.916703935392746,20.632705785768017,34.275563699926145

1.0,1.0,3108.7064381635446,728.2935618364575
833.8515252117081,4897.1484747882905,1.0,1.0
1.0,1.0,416.94477055880117,2412.0552294411987
392.3806122124469,2273.619387787553,1.0,1.0

Iteration: ,22500
Error:,0.038602312581322185
Absolute Error:,0.08734694530520183
Transition Probabilities
0.7533678601596059,0.115375979297174,0.07709112647765407,0.05416503406556612
0.8062093371633153,0.09509148759179305,0.05566475450506571,0.0430344207398259
0.8118335956706635,0.0822049877310771,0.05367511397951228,0.05228630261874717
0.7865598478644349,0.11529165315925205,0.03814211362250798,0.060006385353805154

0.00023245002324500237,0.00023245002324500237,0.8100073207228213,0.18952777923068873
0.14560436838508103,0.8540870848700871,0.00015427337241592104,0.00015427337241592104
0.000315357931251971,0.000315357931251971,0.14412466506989846,0.8552446190675976
0.14559676934451224,0.853737451694103,0.0003328894806924101,0.0003328894806924101

Transition Gammas
941.0768740817258,144.12303959728192,96.29913905493625,67.66078517359912
1524.3815722011686,179.79909767376142,105.25098392830328,81.36953384459933
717.0422552476759,72.6065663082155,47.40789859373927,46.181247669772596
479.9155968893715,70.34463136214032,23.272221783844536,36.61259892992711

1.0,1.0,3484.6514937495767,815.3485062504227
943.8075158720951,5536.192484127904,1.0,1.0
1.0,1.0,457.019312936648,2711.980687063352
437.37269511091483,2564.6273048890857,1.0,1.0

Iteration: ,25000
Error:,0.03697279194114528
Absolute Error:,0.0874826575964725
Transition Probabilities
0.7554730351206802,0.11637745804324752,0.07575610963924143,0.05239339719683086
0.803820727395177,0.09550182844900906,0.05657751200837125,0.044099932147442726
0.8074821628971054,0.08643529289582944,0.052431627375024284,0.05365091683204078
0.7831523110910431,0.11419799008152993,0.04243201102239958,0.06021768780502735

0.00020942408376963348,0.00020942408376963348,0.8118119943961205,0.18776915743634018
0.1469254479173453,0.8527974670175398,0.00013854253255749522,0.00013854253255749522
0.0002839295854628052,0.0002839295854628052,0.14434708982901331,0.855085051000061
0.1464748976508795,0.852922329594449,0.00030138637733574436,0.00030138637733574436

Transition Gammas
1057.9005772657622,162.9651547060272,106.08245217641662,73.3672845525026
1672.7252988028347,198.73625932272054,117.73599815770515,91.7705523936437
799.2455987665312,85.55362656833164,51.896808797985585,53.103661130978914
540.0101248456481,78.74339385545147,29.25831315971708,41.522141541287965

1.0,1.0,3876.402273241476,896.5977267585246
1060.5078830673979,6155.492116932599,1.0,1.0
1.0,1.0,508.390450377785,3011.6095496222156
486.0037104056183,2829.9962895943822,1.0,1.0

Iteration: ,27500
Error:,0.0371250075320675
Absolute Error:,0.08778995824193095
Transition Probabilities
0.7558288151500084,0.11751733041670456,0.0752381168502331,0.05141573758305402
0.8058120145895598,0.09310402596733339,0.05707402121869081,0.044009938224416185
0.8008645569672699,0.08928516816594549,0.05317994226624588,0.05667033260053872
0.7851678827477138,0.11260325825197187,0.042596102851231867,0.059632756149082575

0.0001900418091980236,0.0001900418091980236,0.8117043905283945,0.1879155258532095
0.14678346406530393,0.8529640106821708,0.0001262626262626263,0.0001262626262626263
0.0002582644628099172,0.0002582644628099172,0.14448285276563405,0.8550006183087462
0.1473045221839179,0.8521479826066652,0.0002737476047084588,0.0002737476047084588

Transition Gammas
1162.7990247410576,180.7936327111267,115.74950192847753,79.10014585253893
1846.7653804222484,213.37643125361393,130.80262468145213,100.86227164132262
879.4576826020339,98.04719962050262,58.3987746486001,62.23169566885093
595.6431067046506,85.42294717347939,32.31420387067845,45.238529127933596

1.0,1.0,4271.188502960411,988.8114970395883
1162.525035397207,6755.474964602791,1.0,1.0
1.0,1.0,559.4376059085355,3310.5623940914675
538.1034195378521,3112.8965804621484,1.0,1.0

Iteration: ,30000
Error:,0.03887535109222885
Absolute Error:,0.08769479230646274
Transition Probabilities
0.7550254396353231,0.11719577432759566,0.07519130056686292,0.05258748547021837
0.8048231056285768,0.09290002355309757,0.057744050545774306,0.044532820272551205
0.8003523880836626,0.0876943195422611,0.05543850803172138,0.05651478434235498
0.7860303344588117,0.1100213120154574,0.04500232594357599,0.058946027582155065

0.00017403411068569436,0.00017403411068569436,0.8111209468364327,0.18853098494219594
0.14738043842006254,0.8523873544511785,0.00011610356437942652,0.00011610356437942652
0.000236574402649633,0.000236574402649633,0.14513730105190473,0.8543895501427959
0.14782256094366403,0.8516765625224015,0.00025043826696719267,0.00025043826696719267

Transition Gammas
1269.217490558184,197.0091586158195,126.39854077416854,88.40093702738453
2010.444411776236,232.06383104562556,144.2443723610641,111.24277997419247
966.5842863687052,105.90828806833657,66.95299660627198,68.25281376823511
650.9489188193637,91.11385523417441,37.268555847143865,48.81599505917145

1.0,1.0,4660.700960522143,1083.299039477858
1269.3877161119979,7341.612283887996,1.0,1.0
1.0,1.0,613.4953715464021,3611.504628453603
590.2554858480503,3400.7445141519484,1.0,1.0

Iteration: ,32500
Error:,0.03711928284154848
Absolute Error:,0.08654278163260719
Transition Probabilities
0.7587827328561385,0.11630670309391633,0.07352218065579778,0.051388383394147426
0.8050723210292879,0.09497710588440587,0.05705351319307302,0.042897059893233155
0.7997260922039067,0.08841148659566432,0.05512281838701238,0.05673960281341666
0.7948366743299803,0.10475054822661034,0.044168312317236016,0.0562444651261733

0.00016033349366682687,0.00016033349366682687,0.8111155635271852,0.18856376948548112
0.14763754117355327,0.8521471735734866,0.0001076426264800861,0.0001076426264800861
0.00021663778162911594,0.00021663778162911594,0.14994013885506222,0.8496265855816796
0.14599426016204012,0.8535425624410169,0.00023158869847151475,0.00023158869847151475

Transition Gammas
1376.4858812806826,210.9886371616119,133.37446841039386,93.22218487712173
2183.2796503665218,257.56888805097316,154.72370752617473,116.33275108217597
1043.0251005047562,115.30872956525403,71.89271895552909,74.00137435052511
721.1613813443337,95.04097193219964,40.07424688750857,51.03103250432693

1.0,1.0,5058.927769719058,1176.0722302809468
1371.55275750231,7916.447242497692,1.0,1.0
1.0,1.0,692.1236809549678,3921.876319045036
630.4032153796888,3685.5967846203084,1.0,1.0

Iteration: ,35000
Error:,0.03500010926070765
Absolute Error:,0.08567247034748696
Transition Probabilities
0.7614723489107526,0.11754891367937312,0.06991395949834626,0.051064777911528136
0.8046788490095678,0.09462669345964438,0.05639462072907434,0.04429983680171353
0.8032382278332718,0.08756183348598352,0.052959308047655244,0.056240630633089435
0.7943770827362663,0.10484719274813051,0.044303602460124616,0.056472122055478705

0.0001485001485001484,0.0001485001485001484,0.8111728555130474,0.18853014418995223
0.14835548152944936,0.8514439770086033,0.00010027073097362869,0.00010027073097362869
0.0002013693113169552,0.0002013693113169552,0.14984864862210018,0.8497486127552659
0.14632149626111152,0.8532499629203755,0.00021427040925648172,0.00021427040925648172

Transition Gammas
1488.7177323130502,229.81419149223652,136.68539821608584,99.83427564016465
2357.733501430342,277.2590898517953,165.2379539452958,129.79986918241326
1133.5534865345267,123.56984291339639,74.73773807281556,79.36843732028152
768.0556825089324,101.37311855463795,42.835618454532664,54.60093850976381

1.0,1.0,5462.438009024865,1269.5619909751392
1479.5492172932,8491.45078270681,1.0,1.0
1.0,1.0,744.1483890573498,4219.851610942653
682.8824230506073,3982.1175769493916,1.0,1.0

Iteration: ,36462
Error:,0.03413042551669825
Absolute Error:,0.08522738226454382
Transition Probabilities
0.7621714799245055,0.11785963166692263,0.06986033808542282,0.05010855032314898
0.8046835227518685,0.09482782701396772,0.05629161192916322,0.04419703830500069
0.8036657734954432,0.08845435357035855,0.053293226225736796,0.05458664670846147
0.797108864796734,0.10413945246602811,0.043857610113986506,0.054894072623251265

0.00014283673760891297,0.00014283673760891297,0.8127364826249291,0.18697784389985297
0.14685157793277537,0.852956040381961,9.619084263178128e-05,9.619084263178128e-05
0.00019293845263360974,0.00019293845263360974,0.15113008644346299,0.8484840366512698
0.14677937115542794,0.8528084276904088,0.00020610057708161586,0.00020610057708161586

*,*,*,*,*,*,*,*,*,*,*
Model Num 2
Model States: 
"['square', 'y', 'diamond']","['square', 'y', 'square']","['diamond', 'y', 'diamond']","['diamond', 'y', 'square', 'y', 'square']"
Iteration: ,36462
Error:,0.03473786966513341
Absolute Error:,0.08522738226454382
Transition Probabilities
0.7621714799245055,0.11785963166692263,0.06986033808542282,0.05010855032314898
0.8046835227518685,0.09482782701396772,0.05629161192916322,0.04419703830500069
0.8036657734954432,0.08845435357035855,0.053293226225736796,0.05458664670846147
0.797108864796734,0.10413945246602811,0.043857610113986506,0.054894072623251265

0.00014283673760891297,0.00014283673760891297,0.8127364826249291,0.18697784389985297
0.14685157793277537,0.852956040381961,9.619084263178128e-05,9.619084263178128e-05
0.00019293845263360974,0.00019293845263360974,0.15113008644346299,0.8484840366512698
0.14677937115542794,0.8528084276904088,0.00020610057708161586,0.00020610057708161586

Transition Gammas
1559.6919121292835,241.18550630580378,142.9607472340005,102.54109833036517
2462.0137627217173,290.1356975708506,172.23009963151137,135.2254812007681
1181.6972537715722,130.0618617159824,78.36150443694038,80.2633291541483
797.2518993254686,104.1581394210527,43.86547999584471,54.903922906135755

1.0,1.0,5689.968114857131,1309.031885142871
1526.6690041891354,8867.330995810882,1.0,1.0
1.0,1.0,783.3072380364692,4397.692761963534
712.1735088461362,4137.826491153863,1.0,1.0

