0,1,2,3,4,5,6,7,8,9,10,11,12,13,14,15,16,17,18,19,20,21,22,23,24,25,26,27,28,29
github Code Version (SHA):,528ca1c557fe8e6666681dc5c9134b0f84d30530
Environment Observations,Environment Actions,alpha,epsilon,numActions,explore,patience,gainThresh,insertRandActions,useUpdatedPosterior,revisedSplitting,haveControl,confidence_factor
"['diamond', 'square']","['x', 'y']",0.85,0.99,75000,0.5,0,0.01,False,True,False,False,250

Model Num 0
Model States: 
['diamond'],['square']
Iteration: ,0
Error:,0.5059709892535261
Absolute Error:,1
Transition Probabilities
0.5,0.5
0.5,0.5

0.5,0.5
0.5,0.5

Transition Gammas
1.0,1.0
1.0,1.0

1.0,1.0
1.0,1.0

Iteration: ,2448
Error:,0.08724603949223601
Absolute Error:,1
Transition Probabilities
0.4768339768339768,0.5231660231660231
0.11336032388663968,0.8866396761133604

0.132,0.868
0.8920863309352518,0.1079136690647482


Model Num 1
Model States: 
['square'],"['diamond', 'x', 'square']","['diamond', 'x', 'diamond']"
Iteration: ,0
Error:,0.569508644945502
Absolute Error:,1
Transition Probabilities
0.3333333333333333,0.3333333333333333,0.3333333333333333
0.3333333333333333,0.3333333333333333,0.3333333333333333
0.3333333333333333,0.3333333333333333,0.3333333333333333

0.3333333333333333,0.3333333333333333,0.3333333333333333
0.3333333333333333,0.3333333333333333,0.3333333333333333
0.3333333333333333,0.3333333333333333,0.3333333333333333

Transition Gammas
1.0,1.0,1.0
1.0,1.0,1.0
1.0,1.0,1.0

1.0,1.0,1.0
1.0,1.0,1.0
1.0,1.0,1.0

Iteration: ,2500
Error:,0.07714777616263564
Absolute Error:,1
Transition Probabilities
0.8908045977011494,0.06952840414226504,0.039666998156585545
0.9957446808510638,0.002127659574468085,0.002127659574468085
0.0029411764705882357,0.8321705244483852,0.16488829908102662

0.13685636856368563,0.4196022449894013,0.44354138644691304
0.888306741123991,0.07781514260382828,0.03387811627218074
0.8758877155505074,0.021325026775644306,0.1027872576738482

Transition Gammas
620.0,48.391769283016465,27.60823071698354
468.0,1.0,1.0
1.0,282.9379783124509,56.06202168754904

101.0,309.6664568021782,327.3335431978218
112.33207526520565,9.840223034540553,4.284104725035296
44.863665670989434,1.0922848382296275,5.264845118439677

Iteration: ,5000
Error:,0.0736504415921505
Absolute Error:,1
Transition Probabilities
0.8948497854077253,0.06582196531375291,0.039328249278521785
0.9978425026968716,0.0010787486515641855,0.0010787486515641855
0.0014430014430014426,0.8335190187686669,0.1650379797883317

0.13034482758620689,0.40261047048532295,0.4670447019284702
0.8823554969905382,0.07169852062742192,0.04594598238203994
0.8774507158073163,0.02836274231161196,0.09418654188107191

Transition Gammas
1251.0,92.01910750862658,54.98089249137345
925.0,1.0,1.0
1.0,577.6286800066863,114.37131999331392

189.0,583.7851822037183,677.2148177962817
185.984278678317,15.112726884656665,9.684566391477915
122.09057613734139,3.9464593136420354,13.105339086838342

Iteration: ,7500
Error:,0.06980998406105783
Absolute Error:,1
Transition Probabilities
0.8927563499529633,0.06564098863133379,0.041602661415702895
0.998567335243553,0.0007163323782234957,0.0007163323782234957
0.0009803921568627453,0.8326558284033467,0.16636377943979053

0.12349117920148561,0.4090466175536317,0.4674622032448827
0.8787474898704393,0.07561694380456589,0.04563556632499493
0.884884678684288,0.03613968573580516,0.07897563557990687

Transition Gammas
1898.0,139.55274183021564,88.44725816978435
1394.0,1.0,1.0
1.0,849.3089449714134,169.6910550285863

266.0,881.0864142105227,1006.9135857894773
257.29720732754816,22.14063618028372,13.362090823114041
201.97162536831652,8.248748389692665,18.02589407049801

Iteration: ,10000
Error:,0.0623539720056381
Absolute Error:,1
Transition Probabilities
0.8932958932958933,0.06416232581963899,0.042541780884467736
0.9989241527703067,0.0005379236148466917,0.0005379236148466917
0.0007304601899196494,0.8363558119990249,0.16291372781105548

0.11820413889863206,0.40705485887775894,0.47474100222360893
0.8757870907437469,0.0739331940383571,0.05027971521789593
0.8938288975894769,0.03393896348467859,0.07223213892584453

Transition Gammas
2545.0,182.79846626015146,121.20153373984857
1857.0,1.0,1.0
1.0,1144.971106626665,223.02889337333494

337.0,1160.5134026604908,1353.486597339509
335.68412218678634,28.338165295579806,19.271923787307216
277.0478450162101,10.519593538396185,22.388802246476317

Iteration: ,12500
Error:,0.06503792635135142
Absolute Error:,1
Transition Probabilities
0.8918079096045197,0.0628794252691313,0.045312665126348926
0.9991360691144708,0.00043196544276457883,0.00043196544276457883
0.0005854800936768151,0.8346181046190665,0.16479641528725666

0.11376404494382023,0.4108788223447673,0.4753571327114124
0.8681174979718529,0.08224333146712877,0.04963917056101836
0.8923988686604062,0.032605704543501215,0.07499542679609264

Transition Gammas
3157.0,222.5931654527248,160.4068345472752
2313.0,1.0,1.0
1.0,1425.5277226893652,281.4722773106343

405.0,1462.7286075473717,1692.271392452628
417.64343227012847,39.56651872068959,23.88095346146128
363.0375040222757,13.264352981676568,30.50895010435005

Iteration: ,15000
Error:,0.06381147990375961
Absolute Error:,1
Transition Probabilities
0.8918094344050692,0.062073237517738945,0.0461173280771918
0.9992761491132827,0.0003619254433586681,0.0003619254433586681
0.0004887585532746826,0.8335174065846097,0.1659938348621156

0.11407823846334036,0.4096832376874954,0.4762385238491642
0.8772453090970159,0.07419529158747076,0.048559399315513334
0.8939028444157859,0.032082105948910915,0.07401504963530302

Transition Gammas
3800.0,264.49406506308566,196.50593493691426
2761.0,1.0,1.0
1.0,1705.3766138721105,339.62338612788835

487.0,1748.9377416879179,2033.062258312082
495.034341978642,41.868810203982655,27.402335512944642
447.981636700216,16.07802729520998,37.092826455587485

Iteration: ,17500
Error:,0.06118717265506662
Absolute Error:,1
Transition Probabilities
0.8921925566343042,0.06131592493931464,0.04649151842638111
0.9993834771886559,0.00030826140567200987,0.00030826140567200987
0.00042122999157540025,0.8358263058000732,0.16375246420835135

0.11295481807277095,0.412761358507858,0.47428382341937103
0.8740858590685349,0.07450788418253484,0.051406256748930415
0.8985615102431088,0.03093941317478046,0.07049907658211069

Transition Gammas
4411.0,303.14593289997157,229.8540671000282
3242.0,1.0,1.0
1.0,1984.2516499693734,388.748350030626

565.0,2064.6323152563045,2372.3676847436927
562.8531707323182,47.97812299742044,33.10221107735191
534.2755458302115,18.396260771452333,41.918034761184494

Iteration: ,20000
Error:,0.06142679811332553
Absolute Error:,1
Transition Probabilities
0.8919540229885058,0.06098279686567455,0.04706318014581963
0.9994587280108255,0.00027063599458728013,0.00027063599458728013
0.0003665689149560116,0.8368598903763458,0.16277354070869826

0.11442088663045388,0.40850640859569654,0.47707270477384955
0.8730773862517478,0.07414537023393605,0.05277724351431611
0.8986194849263313,0.03116910292285831,0.07021141215081034

Transition Gammas
5044.0,344.8577162753896,266.14228372461
3693.0,1.0,1.0
1.0,2282.953780946672,444.04621905332897

653.0,2331.346073855639,2722.653926144358
639.6169022160492,54.31893297144403,38.66463332540743
614.2706059454933,21.30630824321735,47.99451537566285

Iteration: ,21956
Error:,0.062220147335516
Absolute Error:,1
Transition Probabilities
0.8926463550805552,0.06077973092819162,0.04657391399125323
0.9995054401582592,0.0002472799208704253,0.0002472799208704253
0.000334448160535117,0.8376421660792028,0.16202338576026196

0.11371291098636734,0.4069517238944353,0.4793353651191974
0.870422492902606,0.07594589318015706,0.05363161391723699
0.9038909213316034,0.02960814372545405,0.06650093494294253


Model Num 2
Model States: 
"['diamond', 'x', 'square']","['diamond', 'x', 'diamond']","['square', 'y', 'diamond', 'x', 'diamond']","['square', 'y', 'diamond', 'x', 'square']"
Iteration: ,0
Error:,0.5072693224489
Absolute Error:,0.6
Transition Probabilities
0.25,0.25,0.25,0.25
0.25,0.25,0.25,0.25
0.25,0.25,0.25,0.25
0.25,0.25,0.25,0.25

0.25,0.25,0.25,0.25
0.25,0.25,0.25,0.25
0.25,0.25,0.25,0.25
0.25,0.25,0.25,0.25

Transition Gammas
1.0,1.0,1.0,1.0
1.0,1.0,1.0,1.0
1.0,1.0,1.0,1.0
1.0,1.0,1.0,1.0

1.0,1.0,1.0,1.0
1.0,1.0,1.0,1.0
1.0,1.0,1.0,1.0
1.0,1.0,1.0,1.0

Iteration: ,2500
Error:,0.0575366863351617
Absolute Error:,0.11086103045323271
Transition Probabilities
0.0016181229773462784,0.0016181229773462784,0.13884289943506736,0.85792085461024
0.8161993870659687,0.17795265971765703,0.0029239766081871335,0.0029239766081871335
0.09290477208635409,0.05748312767369814,0.7665770680464099,0.08303503219353774
0.07081767178096278,0.029523048951341682,0.8068880986820866,0.09277118058560901

0.06769913224385815,0.05424720478488395,0.129786098308594,0.7482675646626638
0.07128308804389605,0.1386136878089429,0.5864435206505073,0.20365970349665374
0.0036799562471677614,0.9280362240629139,0.037060443772768306,0.031223375917150072
0.8938712727668533,0.002371906866718869,0.025793186340288335,0.07796363402613952

Transition Gammas
1.0,1.0,85.80491185087163,530.1950881491283
279.1401903765614,60.85980962343873,1.0,1.0
10.781331261168686,6.6707514313919845,88.95906122176174,9.635976368665226
14.545958293674595,6.064037802267484,165.73491242968473,19.055211640210704

10.944168060981013,8.769544103840188,20.98107944355696,120.9641203782507
3.4927884589355034,6.791909586344332,28.735050864859293,9.979088749428142
1.215019315160917,306.4117782034165,12.23632890934636,10.30909127060012
470.93898531616696,1.249646841898659,13.589224056353011,41.07539398394754

Iteration: ,5000
Error:,0.04732282878405288
Absolute Error:,0.09335369950418448
Transition Probabilities
0.0008271298593879242,0.0008271298593879242,0.13288051405089313,0.865465226230331
0.8288704498791379,0.1681444754939964,0.0014925373134328348,0.0014925373134328348
0.07724783021540112,0.05555222046458887,0.7639860181260251,0.10321393119398498
0.08090487937758759,0.03795978852530552,0.8095284935280112,0.07160683856909579

0.06126709240803645,0.05912829187885781,0.0981984494026098,0.781406166310496
0.042807360416918426,0.10861200490796585,0.691900506741191,0.1566801279339247
0.001885869642244185,0.9274498006272054,0.03792037657501164,0.03274395315553871
0.8873285963442561,0.0012199492492759435,0.01830213747172693,0.09314931693474102

Transition Gammas
1.0,1.0,160.65254148752973,1046.3474585124698
555.3432014190228,112.65679858097765,1.0,1.0
19.862264723788893,14.283804551988055,196.43907790004317,26.53877032974753
34.26456144045066,16.076601512765627,342.8487752244282,30.326686580375885

20.84226958885519,20.114677410511828,33.40583786849145,265.8242351076691
4.493115449221104,11.400055328568888,72.62276454060674,16.44534716809184
1.2333503634407768,606.5480471467973,24.799757726067682,21.414399818650015
937.866319504299,1.2894313528430084,19.344534122295748,98.45462819281373

Iteration: ,7500
Error:,0.04397509329384477
Absolute Error:,0.09334423974424039
Transition Probabilities
0.0005411255411255412,0.0005411255411255412,0.13129274696005816,0.8676250019576907
0.814807906210587,0.18322938525163088,0.0009813542688910692,0.0009813542688910692
0.07003100290498385,0.05060340581241991,0.7746447659836365,0.10472082529895978
0.08383121297631392,0.04015203599392693,0.805743961491971,0.0702727895377882

0.0617760685638607,0.054908952495558425,0.08927160702833191,0.794043371912249
0.033186104803803615,0.10589563874888565,0.7034548061438795,0.1574634503034312
0.0012904239844867462,0.9302870402128932,0.036566531819909785,0.03185600398271013
0.892928127380779,0.0008196712997158802,0.013635538799167478,0.0926166625203377

Transition Gammas
1.0,1.0,242.62899638218747,1603.3710036178122
830.2892564285885,186.71074357141194,1.0,1.0
27.71135545187783,20.02383098020424,306.5279029094353,41.43816156696727
53.86949825064207,25.8014879654157,517.7668482063001,45.15692638424796

30.216626132819783,26.85770278806103,43.665562353852266,388.39169050573423
4.6293742987072,14.772162966022028,98.1300944813289,21.965736989323123
1.2399639514488363,893.9096050844282,35.13665417822265,30.610324242758075
1429.0904094819373,1.3118462252808343,21.823052862237066,148.2287096882966

Iteration: ,10000
Error:,0.04138703948334798
Absolute Error:,0.09240960736651638
Transition Probabilities
0.00040749796251018775,0.00040749796251018775,0.138551557399205,0.8606334466757746
0.8109265760057628,0.1876283372890348,0.0007225433526011557,0.0007225433526011557
0.057402120418112185,0.04813227798248763,0.7802772481293402,0.11418835347005987
0.08243351433674417,0.03991391504436107,0.8109515935443861,0.06670097707450884

0.06842814570117589,0.059692870567693165,0.08406038750607929,0.7878185962250517
0.035174711807360926,0.10103904909489762,0.7160704398609788,0.1477157992367626
0.0009585233110559427,0.9337953764894137,0.03335036797293987,0.03189573222659061
0.8869587790133606,0.0006268279840707376,0.012366248343259872,0.10004814465930884

Transition Gammas
1.0,1.0,340.0055218576488,2111.994478142349
1122.3223811919763,259.6776188080243,1.0,1.0
30.41882335888,25.506501347776375,413.48848455274486,60.51127255485691
70.42707042858942,34.100452085869144,692.836468907763,56.98597770431655

43.719203986512284,38.13817776512693,53.70674874944618,503.34261669374615
6.88361805489696,19.773132084445653,140.13349804826348,28.907675155619227
1.2479596983955024,1215.7648989496824,43.42086903555753,41.52699043464013
1876.0506343853572,1.3258350500510554,26.156467017719308,211.61680756569524

Iteration: ,12500
Error:,0.04090899521398762
Absolute Error:,0.08766005794739141
Transition Probabilities
0.0003271180896303569,0.0003271180896303569,0.14556594798878628,0.8537798158319531
0.8221188009177735,0.17674094822703848,0.0005701254275940707,0.0005701254275940707
0.06232636210159043,0.051155092812515665,0.777858371108866,0.10866017397702793
0.07953073286514283,0.040801238632703574,0.813811399197588,0.0658566293045656

0.06854583007596761,0.0635165520095129,0.08500903711154638,0.782928580802973
0.028397982979828665,0.08797697855683306,0.7536076106278119,0.13001742783552644
0.0007555733410353132,0.9345587608714582,0.031178160193638817,0.03350750559386762
0.8868814825365705,0.0005150064572140916,0.011444819533119321,0.10115869147309604

Transition Gammas
1.0,1.0,444.99510300171914,2610.0048969982777
1441.9963768097746,310.0036231902255,1.0,1.0
41.801059315098215,34.308709779015906,521.6942368057396,72.87623125185951
84.77429394952537,43.49131552979223,867.4670066480467,70.19863957065454

54.53467204490681,50.53340705660943,67.63270580564271,622.8935201653364
6.88361805489696,21.325455347982345,182.67307782070733,31.515981763057322
1.2530103822815486,1549.8321163893297,51.70452198529975,55.56740836825123
2305.545071495819,1.3388154140082746,29.752055701145256,262.9730433628099

Iteration: ,15000
Error:,0.03771215645936738
Absolute Error:,0.08552993468432718
Transition Probabilities
0.0002723311546840959,0.0002723311546840959,0.141904384594567,0.8575509530960648
0.8215323342334013,0.1775014821917195,0.0004830917874396135,0.0004830917874396135
0.06153564350762691,0.05703144043950915,0.7676350260206174,0.11379789003224655
0.07811603774717103,0.03732423855122232,0.8192790304874868,0.06528069321411989

0.06496421476556577,0.0596260678065478,0.08025463654415599,0.7951550808837304
0.025938707431104255,0.07463142691509135,0.7683793918658766,0.13105047378792786
0.0006352259443670455,0.9319659968917494,0.03245177255309757,0.034947004610786016
0.886732274937894,0.000427424071259209,0.010544439988186272,0.10229586100266062

Transition Gammas
1.0,1.0,521.07290023125,3148.9270997687495
1700.5719318631407,367.42806813685934,1.0,1.0
50.14849150106495,46.477789832810224,625.5843992846752,92.7396252939798
100.53148966056352,48.03445502631758,1054.3717238852412,84.01303399604882

61.88640382356126,56.80116236305171,76.45241097437776,757.4830022267952
7.632541938935309,21.960519713829477,226.09792523421206,38.561992341386286
1.2580962043683066,1845.8044632577864,64.27233055595218,69.21426028762265
2796.7358531205095,1.348086968708892,33.256952746085176,322.639098832859

Iteration: ,17500
Error:,0.03655611115541726
Absolute Error:,0.08654381349390719
Transition Probabilities
0.00023342670401493946,0.00023342670401493946,0.1405452213380311,0.858987925253939
0.8210300381824922,0.17814008629883565,0.0004149377593360996,0.0004149377593360996
0.05912733223782029,0.059281792863159134,0.7635021341322838,0.11808874076673681
0.077170614773493,0.0376697863323149,0.819106472385212,0.06605312650898004

0.07126470892336714,0.06185533769821038,0.0814592379312523,0.7854207154471701
0.024937903979320976,0.07500690668634587,0.7747431706260418,0.12531201870829137
0.0005461762438719486,0.9299437535888784,0.0318663245149778,0.0376437456522719
0.8880364381033743,0.00036791887546523065,0.009518376750617749,0.10207726627054274

Transition Gammas
1.0,1.0,602.0957282121249,3679.9042717878724
1978.6823920198062,429.31760798019394,1.0,1.0
55.52309485627002,55.66813999237988,716.9611719649971,110.89038025049102
115.95051534638174,56.599667516453266,1230.7251649528773,99.24624912521372

79.06500587494398,68.62572951451514,90.37537966412864,871.3891408426329
8.661807275155311,26.052525126467206,269.09543148735247,43.525252010431046
1.2624153770224174,2149.4440804931555,73.6548660405047,87.00862385235928
3274.5723786337553,1.3566751717413101,35.09834986452924,376.40279415770095

Iteration: ,20000
Error:,0.037494224423911336
Absolute Error:,0.08535591405547936
Transition Probabilities
0.0002059732234809475,0.0002059732234809475,0.14149771943046777,0.8580903341225703
0.8206080907101463,0.17866936593725266,0.00036127167630057796,0.00036127167630057796
0.06090747976597119,0.060022033894354315,0.7627684580803218,0.11630202825935274
0.07371797161892134,0.038675513957299124,0.8224653095372365,0.06514120488654311

0.07101044187315415,0.05921202953870249,0.08009114968843885,0.7896863788997045
0.026352522766334298,0.07681001205597163,0.7753501249178026,0.12148734025989136
0.00047644055957230154,0.9293388228599111,0.03178186814292381,0.03840286843759293
0.8890281056963917,0.0003272646799762636,0.009123357067691679,0.10152127255594046

Transition Gammas
1.0,1.0,686.9714278349209,4166.028572165078
2271.443195085685,494.5568049143155,1.0,1.0
66.73860515838989,65.76838897735558,835.7939475856878,127.43648518941605
127.69290935299682,66.99301119487616,1424.6592236643467,112.83639237555103

91.07247393555163,75.94074722795507,102.71868404224479,1012.7903764924
10.416208815240402,30.36024792655648,306.46814643431514,48.01959629352086
1.265606020406885,2468.6748127934356,84.42464196912718,102.01251870567391
3705.8900042741325,1.3641941109679483,38.03047119201957,423.18872347859514

Iteration: ,22500
Error:,0.03544287726950859
Absolute Error:,0.0843711413701804
Transition Probabilities
0.00018351991191044252,0.00018351991191044252,0.14054633956645288,0.8590866206097263
0.8217791747110607,0.17757189602222934,0.0003244646333549642,0.0003244646333549642
0.0600394651104212,0.058464292477375925,0.7645377069392507,0.11695853547295232
0.07183607000190093,0.03664601987485271,0.8237500640620405,0.06776784606120577

0.07089671101180707,0.05755937474001853,0.07744758279797413,0.7940963314502004
0.028815637374204908,0.07137327121948779,0.7747298940513445,0.12508119735496273
0.00042501539083606094,0.9293688883198388,0.03113529235765684,0.0390708039316683
0.887204804109185,0.000290648611544973,0.008738311193365388,0.10376623608590455

Transition Gammas
1.0,1.0,765.8370042976006,4681.162995702392
2532.72341645949,547.2765835405111,1.0,1.0
74.05224737907943,72.10944070562726,942.975346312214,144.25582216645336
140.3995690548305,71.6225901259343,1609.9732905786614,132.44845357653344

102.98120653933444,83.60802319009737,112.49669281219721,1153.4667427319978
12.887868599444023,31.92188078451689,346.4999557335114,55.942890134192794
1.2689136561784686,2774.6968684984085,92.95662819179904,116.64866199136911
4188.052006868375,1.3720073372423132,41.24921501835162,489.8287196732404

Iteration: ,25000
Error:,0.035403451430898056
Absolute Error:,0.08314008911548712
Transition Probabilities
0.0001655629139072848,0.0001655629139072848,0.1374821258823639,0.8621867482898216
0.8215597725446061,0.1778518190999953,0.0002942041776993233,0.0002942041776993233
0.05970496841143884,0.05643888594739901,0.7673157815680346,0.11654036407312751
0.07374906222534625,0.03723488942712122,0.8194684859946483,0.0695475623528842

0.07134244144869825,0.05498456204813072,0.0761258739806139,0.797547122522557
0.032324864121260066,0.06440841628343588,0.7805643587325283,0.12270236086277585
0.0003852373822779143,0.930592998023252,0.030343947705294756,0.03867781688917523
0.8862537241805377,0.00026279912158872577,0.008274676883797565,0.10520879981407599

Transition Gammas
1.0,1.0,830.3920403294777,5207.607959670521
2792.4816668791163,604.5183331208841,1.0,1.0
83.40538905716129,78.84280597816542,1071.9086366541035,162.80210282332476
161.58578390861425,81.58244478346934,1795.4731043663633,152.38020718671262

115.3252166662571,88.88266791457886,123.05764608624385,1289.2367129404156
16.175817524945643,32.23087914502217,390.6054047425768,61.40199048480713
1.2721810874623727,3073.125471909745,100.20573850170813,127.72692738121744
4651.406576528831,1.3792726948414924,43.42874441688276,552.1769782309084

Iteration: ,27500
Error:,0.03498480047120064
Absolute Error:,0.08278292235837238
Transition Probabilities
0.00015044380923725007,0.00015044380923725007,0.1354553881853267,0.8642437241961988
0.8224558662664024,0.17700678822043253,0.00026867275658248256,0.00026867275658248256
0.06074605670973832,0.054715026594162615,0.7704808340721154,0.11405808262398368
0.07208526924890545,0.036373343933811295,0.8195374290851276,0.07200395773215557

0.07106255656424741,0.05687780449446432,0.07532571659964574,0.7967339223416424
0.03581194070561046,0.060975033462963374,0.7784263061493781,0.12478671968204802
0.00035167355589406395,0.9308639236521451,0.029526238105731767,0.039258164686229
0.885918638691233,0.00023931983114756802,0.007703349268291101,0.10613869220932834

Transition Gammas
1.0,1.0,900.3719652678654,5744.628034732126
3061.18073424355,658.8192657564499,1.0,1.0
93.91124839902834,84.58748982170732,1191.13603276305,176.3297489481432
174.82066630097822,88.21236694208626,1987.536162437628,174.6234702069042

126.09339186449358,100.92396948917029,133.65794252118894,1413.724576468503
19.597729226893392,33.367982071429886,425.9860725340795,68.28829421852295
1.2744529297400842,3373.418998399735,107.00207629313061,142.2702451237329
5124.90754161944,1.384429623604215,44.562729619410526,613.9965459636222

Iteration: ,30000
Error:,0.03487968576420499
Absolute Error:,0.08209670690419861
Transition Probabilities
0.00013779798814937317,0.00013779798814937317,0.13528773002961575,0.8644366739940855
0.8237123901518065,0.17579584687794517,0.00024588148512417026,0.00024588148512417026
0.06229769799628834,0.055138517171157406,0.7685041049649922,0.11405967986756205
0.07263411403795933,0.03792313013295878,0.8173546012900784,0.07208815453900354

0.07177985416172018,0.056406347233316126,0.07226276525001842,0.7995510333549454
0.03623028589577512,0.05854136052088546,0.7826060975174157,0.12262225606592363
0.0003230528875700565,0.9317479107227918,0.029246928205146582,0.038682108184491616
0.8858043006411124,0.00022014734569594324,0.008105105888987722,0.10587044612420388

Transition Gammas
1.0,1.0,981.7830568249204,6273.216943175073
3350.038290747396,714.9617092526028,1.0,1.0
104.07384403913257,92.11379587351628,1283.8544430377667,190.5468374513178
192.97578173101368,100.75493836505106,2171.5642191624006,191.5252655032064

140.27435833805345,110.23098690783462,141.21807776791948,1562.506771185459
21.2212067039443,34.28949790563766,458.39676261348353,71.82367398272171
1.2761855166033158,3680.7694174594385,115.53682884958263,152.8094875982976
5589.671265235385,1.3891909211366746,51.1454702314888,668.0719320393954

Iteration: ,32500
Error:,0.034218421966918905
Absolute Error:,0.08028325512694925
Transition Probabilities
0.00012719409819384402,0.00012719409819384402,0.13523488149925855,0.8645107303043538
0.8200309749778855,0.17951653633433184,0.0002262443438914028,0.0002262443438914028
0.060846174355375496,0.053798427099034464,0.7727372234281821,0.112618175117408
0.0711898952897252,0.03662950734612946,0.821615014889775,0.07056558247437053

0.06919218389577651,0.05416440807998988,0.07257174055744045,0.8040716674667931
0.03842130107857301,0.05655117428857498,0.7851383922278982,0.11988913240495391
0.00029797776149136866,0.9297789358936431,0.02918832874071942,0.040734757604146056
0.8869251136454597,0.00020398227209629915,0.007957954306546272,0.10491294977589774

Transition Gammas
1.0,1.0,1063.216638347169,6796.783361652819
3624.536909402252,793.4630905977465,1.0,1.0
111.26610275219932,98.37826915044234,1413.0626980792817,205.9387558401471
204.57936398621428,105.26271018523441,2361.0861696538245,202.7852678132405

145.380530863681,113.8054901178894,152.48135806544508,1689.4446639355592
24.101748396081515,35.474649112450365,492.5186668426999,75.20665941893766
1.2780570081606888,3987.916679122645,125.19171872715434,174.71552967959929
6058.386600640909,1.393357167390468,54.35900167617197,716.6368381920553

Iteration: ,35000
Error:,0.034645803304864595
Absolute Error:,0.07898255069532248
Transition Probabilities
0.00011778563015312152,0.00011778563015312152,0.13470207666744,0.8650623520722539
0.8211413941051036,0.1784374646019926,0.00021057064645188466,0.00021057064645188466
0.06232407354753003,0.0522753337463881,0.7770279862289121,0.10837260647716984
0.07060283618511322,0.036095379093633015,0.822049286012293,0.07125249870896072

0.0694677167445771,0.05431475015689573,0.07126659754324549,0.8049509355552816
0.03886415475111188,0.056579091297683966,0.7886997339646036,0.11585701998660057
0.00027727052096278006,0.9291357245398012,0.02907876446222306,0.0415082404770128
0.8880528852502276,0.00018950237665304624,0.007600234336419562,0.1041573780366997

Transition Gammas
1.0,1.0,1143.6206309065635,7344.379369093423
3899.600480605136,847.3995193948628,1.0,1.0
122.84483273695022,103.03810814686064,1531.5730754894296,213.60950846389062
218.38587524548362,111.64878610560221,2542.730044867129,220.3953854372929

157.20823151897477,122.91645987093854,161.27917097581502,1821.636278956421
25.956172696166934,37.78743353920146,526.7482756619193,77.37733750016612
1.27967010679062,4288.184721968454,134.20548818353245,191.5705078905231
6547.329809629049,1.3971403958745525,56.034096231763016,767.9190253633727

Iteration: ,37500
Error:,0.034328366454896585
Absolute Error:,0.07837097935214575
Transition Probabilities
0.0001104118361488354,0.0001104118361488354,0.13546971123729237,0.86430946509041
0.8208377237774505,0.17877019623823284,0.00019603999215840037,0.00019603999215840037
0.06213763720514313,0.05145084901853634,0.7769038157804092,0.10950769799591124
0.07004563747312646,0.035317731527933466,0.8239616955300265,0.0706749354689136

0.06958287449043302,0.054172408886341054,0.06933979911212428,0.8069049175111017
0.03887414027139315,0.0567459888561374,0.7919029701727344,0.11247690069973504
0.0002584202679548124,0.9298929625964857,0.0284839725497638,0.04136464458579587
0.8860182209879753,0.0001780682159361208,0.0074311613357201335,0.10637254946036839

Transition Gammas
1.0,1.0,1226.9491746761544,7828.050825323826
4187.093228988773,911.9067710112254,1.0,1.0
132.97535375066653,110.10548770022619,1662.5842948062998,234.34790143939
233.4601592410653,117.71301574217102,2746.241387563635,235.5575919378969

169.21338046419226,131.73782346123903,168.62226365890865,1962.2516287970618
27.970637518401304,40.82975144497972,569.7883161868086,80.92913686841415
1.2815060952344273,4611.339152745446,141.2520183803666,205.12727033149108
6967.883896952894,1.4003760024222638,58.44063720166541,836.5421352579444

Iteration: ,40000
Error:,0.03458749420331032
Absolute Error:,0.0778514679880407
Transition Probabilities
0.00010344470880314492,0.00010344470880314492,0.13517860102597845,0.8646145095564153
0.8215703754343795,0.17806271941060303,0.000183452577508714,0.000183452577508714
0.061234389433245356,0.05110880907715648,0.7792814524698776,0.10837534901972064
0.06926453241541074,0.036251953105435386,0.8221819372728785,0.07230157720627527

0.07067659457253848,0.05478929620387426,0.06898058438514443,0.8055535248384428
0.03908356463887545,0.05376054778056935,0.7962365242605378,0.11091936332001731
0.00024253605660393523,0.9309186429345174,0.0276074497811423,0.04123137122773632
0.8858032246290515,0.0001674098350729206,0.007206362602068089,0.10682300293380743

Transition Gammas
1.0,1.0,1306.7715361181313,8358.228463881851
4478.380116492803,970.6198835071972,1.0,1.0
139.90658392514914,116.77194714683466,1780.480003808062,247.61290189027173
246.8829426918541,129.21460015524042,2930.543079171294,257.70802919584935

183.0618838721747,141.9116447216165,178.66898942319128,2086.4919526569015
29.682960752231068,40.82975144497972,604.7211332307601,84.24039973098178
1.282803809615037,4923.746177452624,146.01928574619424,218.07792551424612
7426.310651424281,1.4035142419760822,60.41599969584111,895.5722698307771

Iteration: ,42500
Error:,0.034088202908270804
Absolute Error:,0.07752335219168463
Transition Probabilities
9.754194303550527e-05,9.754194303550527e-05,0.13462690112668182,0.8651780149872471
0.8217895466551834,0.17786425289475596,0.00017310022503029258,0.00017310022503029258
0.0615734072012357,0.05163341403017422,0.7781870098099719,0.10860616895861823
0.06933684531230844,0.03626498390523397,0.8212250830691338,0.07317308771332381

0.06903088475749337,0.05358015984975745,0.06757799083916537,0.8098109645535839
0.03795463331461315,0.05343046550438313,0.7985259342468167,0.11008896693418692
0.00022846105151764451,0.9317843599828441,0.026851042821975007,0.04113613614366326
0.8865295837068923,0.00015818176530055431,0.00713992079339796,0.10617231373440929

Transition Gammas
1.0,1.0,1380.194990350742,8869.805009649257
4747.478211026993,1027.521788973005,1.0,1.0
150.47228354869506,126.18105883183321,1901.7231905218862,265.4103288010139
263.9137227226407,138.03378079573469,3125.7921800418476,278.5154400167889

190.19362974101904,147.62385155179663,186.19062197244978,2231.1880731878164
31.11265940081949,43.7987072905028,654.5779327915926,90.24354164140203
1.2848919770403118,5240.465455798415,151.01344088165933,231.35449542194183
7881.682353285702,1.4063133944926094,63.477394049139896,943.9238880996872

Iteration: ,45000
Error:,0.0337732180224049
Absolute Error:,0.07735612017341663
Transition Probabilities
9.214891264283073e-05,9.214891264283073e-05,0.133414453908337,0.8664012482663773
0.8202204682375889,0.17945182407766588,0.0001638538423726036,0.0001638538423726036
0.060456291138631234,0.05150575050914094,0.7800856556348913,0.10795230271733654
0.07060834719952706,0.035475935013531204,0.8189681437762345,0.07494757401070722

0.06932872687584614,0.05281523856826006,0.067077489009471,0.8107785455464227
0.039078702304475216,0.052425803793499426,0.8003872501300642,0.10810824377196128
0.00021616068227331553,0.9315653327833893,0.026861225650296236,0.04135728088404128
0.8862868338007006,0.00014962482588581766,0.0070600404169314105,0.10650350095648203

Transition Gammas
1.0,1.0,1447.8136538132744,9402.186346186734
5005.805517654006,1095.194482345995,1.0,1.0
157.16293186060477,133.89499430481766,2027.9204435622507,280.63415860651264
285.46628925133626,143.42756809498212,3311.0504110542674,303.0095829996965

201.65731589515315,153.6243304613187,195.1091127760085,2358.3214729020265
34.15843924056842,45.82505374834656,699.6132839693224,94.49671198181535
1.2865478013004288,5544.501979063765,159.87297244430204,246.15077186817322
8346.280775633872,1.4090368492703857,66.48533788360807,1002.9576077068052

Iteration: ,47500
Error:,0.035157391112512815
Absolute Error:,0.07767459746988914
Transition Probabilities
8.73362445414846e-05,8.73362445414846e-05,0.13259398246550574,0.8672313450454113
0.8192956876188008,0.18039356036131104,0.00015537600994406463,0.00015537600994406463
0.06142398075840691,0.05152983080654235,0.7812981540062852,0.10574803442876556
0.0712396007548932,0.03489440623152667,0.8179079748373986,0.07595801817618145

0.07063629301715679,0.0533204885605361,0.06648899419770317,0.8095542242246039
0.041038112749137504,0.051260192230434265,0.799095857247853,0.10860583777257513
0.00020553883431633676,0.9319610056980748,0.026204975818384504,0.04162847964922436
0.8857222991783201,0.00014196263972704576,0.006852421874657664,0.10728331630729517

Transition Gammas
1.0,1.0,1518.2010992300427,9929.798900769973
5272.987045514603,1161.012954485398,1.0,1.0
169.10340006042412,141.864292843509,2150.954279942412,291.12981527436324
304.76011565410624,149.27685116302382,3498.977062820502,324.9453135465493

217.52170229851978,164.1983595636799,204.7502577533045,2492.9905779953897
37.41540217255934,46.735109859181044,728.5542845530308,99.01846908479088
1.2877117782099883,5838.785492102259,164.17557354201438,260.8046490658739
8811.697673237704,1.412329647034939,68.17201051049483,1067.3188984394

Iteration: ,50000
Error:,0.034890743517257836
Absolute Error:,0.07784979827490304
Transition Probabilities
8.2637798529047e-05,8.2637798529047e-05,0.13258759930910294,0.8672471250938389
0.8201484934950595,0.179556564755936,0.00014747087450228585,0.00014747087450228585
0.06138478710817065,0.05107711732989721,0.7805284361971273,0.10700965936480496
0.07148050841337163,0.035855925458034135,0.8169366677733985,0.07572689835519576

0.07073924627098231,0.0542262279016273,0.0657924255775319,0.8092421002498585
0.04059245005398198,0.05275288399121097,0.7991574948566846,0.10749717109812246
0.00019579398248095812,0.9324841359649039,0.025974600314775623,0.0413454697378396
0.8870730989422638,0.000134950204839275,0.0066290141306331665,0.10616293672226372

Transition Gammas
1.0,1.0,1604.4425392394583,10494.557460760569
5561.426934389996,1217.5730656100015,1.0,1.0
177.10324853773693,147.36425474812594,2251.928012440582,308.73705344986104
321.9577833609751,161.49989048854485,3679.592164923978,341.0840923828663

228.45620757691725,175.12652495831236,212.4801835907487,2613.490968315556
38.447174634978616,49.96494029337104,756.9227214604389,101.8160397926082
1.288637732683158,6137.23786352674,170.95443707131804,272.1193557870013
9301.04014286685,1.4149648704203301,69.50580128082959,1113.1278102287215

Iteration: ,52500
Error:,0.034607273848483396
Absolute Error:,0.07692562886377739
Transition Probabilities
7.875876191226267e-05,7.875876191226267e-05,0.13204926572078324,0.8677932167553922
0.8213076948268645,0.17841183960028456,0.00014023278642546637,0.00014023278642546637
0.0613317418076425,0.05131424114003458,0.7829859344088047,0.10436808264351825
0.07101259705822405,0.03551510906276509,0.8184266204878917,0.07504567339111917

0.07028611797473241,0.05389512869911482,0.06519278127743762,0.8106259720487152
0.04004598716828237,0.05538057088008664,0.8001485667841188,0.10442487516751212
0.00018600280094440994,0.9316088712189406,0.026164207704256277,0.042040918275858735
0.8864410638685221,0.00012913466596795696,0.006580837758635606,0.10684896370687426

Transition Gammas
1.0,1.0,1676.6295268567862,11018.370473143224
5856.745171810367,1272.2548281896281,1.0,1.0
185.98034881259676,155.6036105449093,2374.300694955331,316.4823277940027
337.22119644416165,168.65243725941897,3886.5048680924965,356.3732748453278

237.54184919706594,182.14618907397886,220.32819943917735,2739.624807232128
39.92698809249141,55.21600416023498,797.770876866209,104.11457032767133
1.2898777357711853,6460.44863481047,181.4415095926401,291.54208538834285
9730.23375582746,1.4174777512735863,72.23615005069028,1172.853374931213

Iteration: ,53003
Error:,0.03543407756907785
Absolute Error:,0.07712596560011355
Transition Probabilities
7.788768595685017e-05,7.788768595685017e-05,0.13169460616301465,0.8681496184650717
0.8204258197122931,0.17929636392432302,0.00013890818169190176,0.00013890818169190176
0.06091239402673955,0.05124143983970394,0.782601558552749,0.10524460758080753
0.071352372676415,0.03565872638953076,0.8184740656607254,0.07451483527332883

0.07092736788957342,0.0537598375116546,0.06498588413279774,0.8103269104659743
0.039907640912359106,0.05518924847367531,0.8002981142963508,0.10460499631761483
0.00018459262672282302,0.9317769786053459,0.02602194263636898,0.04201648613156228
0.8870513721069211,0.0001278059682566698,0.00651502011090082,0.10630580181392134


Model Num 3
Model States: 
"['diamond', 'x', 'square']","['diamond', 'x', 'diamond']","['square', 'y', 'diamond', 'x', 'diamond']","['square', 'x', 'square', 'y', 'diamond', 'x', 'diamond']","['square', 'x', 'square', 'y', 'diamond', 'x', 'square']"
Iteration: ,0
Error:,0.48110366428893947
Absolute Error:,1
Transition Probabilities
0.2,0.2,0.2,0.2,0.2
0.2,0.2,0.2,0.2,0.2
0.2,0.2,0.2,0.2,0.2
0.2,0.2,0.2,0.2,0.2
0.2,0.2,0.2,0.2,0.2

0.2,0.2,0.2,0.2,0.2
0.2,0.2,0.2,0.2,0.2
0.2,0.2,0.2,0.2,0.2
0.2,0.2,0.2,0.2,0.2
0.2,0.2,0.2,0.2,0.2

Transition Gammas
1.0,1.0,1.0,1.0,1.0
1.0,1.0,1.0,1.0,1.0
1.0,1.0,1.0,1.0,1.0
1.0,1.0,1.0,1.0,1.0
1.0,1.0,1.0,1.0,1.0

1.0,1.0,1.0,1.0,1.0
1.0,1.0,1.0,1.0,1.0
1.0,1.0,1.0,1.0,1.0
1.0,1.0,1.0,1.0,1.0
1.0,1.0,1.0,1.0,1.0

Iteration: ,2500
Error:,0.21117930996137352
Absolute Error:,1
Transition Probabilities
0.0022271714922048997,0.0022271714922048997,0.4142538975501114,0.5078862651273229,0.07340549433815585
0.8671565982749895,0.12480050628265116,0.002680965147453084,0.002680965147453084,0.002680965147453084
0.2,0.2,0.2,0.2,0.2
0.051507248028286566,0.0377164166066632,0.5803860131661306,0.26048991786813436,0.06990040433078519
0.019515581868261574,0.013105002757202463,0.9136763759684723,0.0301629266547756,0.02354011275128823

0.06695744746178062,0.03917084448806297,0.3827041023217612,0.4297479341737839,0.08141967155461123
0.07063316915634477,0.09329440142146768,0.4038864190810435,0.2660217763514966,0.16616423398964744
0.31699571861839,0.585375271618709,0.02231520223152023,0.04648225485471888,0.02883155267666189
0.2,0.2,0.2,0.2,0.2
0.2,0.2,0.2,0.2,0.2

Transition Gammas
1.0,1.0,186.0,228.040933042168,32.95906695783198
323.449411156571,46.55058884342887,1.0,1.0,1.0
1.0,1.0,1.0,1.0,1.0
26.056807066074345,19.080215471884497,293.6092870000112,131.7782601939823,35.361651402684096
1.4891703748429874,1.0,69.71966300932817,2.3016345142085655,1.7962691948577172

7.4043032253073395,4.331598965843612,42.320269463330746,47.5224808545516,9.00356808015095
6.801777346727288,8.983990860730332,38.893136592462774,25.617155703698558,16.00115266080416
227.28593024938553,419.7140697506142,16.0,33.32777673083343,20.67222326916657
1.0,1.0,1.0,1.0,1.0
1.0,1.0,1.0,1.0,1.0

Iteration: ,5000
Error:,0.21074423801763587
Absolute Error:,1
Transition Probabilities
0.0011248593925759281,0.0011248593925759281,0.41057367829021374,0.5253272835687645,0.06184931935586989
0.8428353495194426,0.15330364661955348,0.0012870012870012867,0.0012870012870012867,0.0012870012870012867
0.2,0.2,0.2,0.2,0.2
0.05512527423571048,0.04277101790252542,0.5508652519996874,0.29024063449807136,0.06099782136400542
0.011697498567984998,0.007855043832186319,0.9482582443450343,0.01807943999478115,0.014109773260013397

0.06330325002828882,0.04438119045668796,0.3748374758236708,0.44490371246256905,0.0725743712287833
0.053123876098288995,0.0729913501464984,0.40128387615420646,0.34082977740084125,0.13177112020016493
0.3072059709420104,0.5844370885480746,0.028328611898016998,0.05463594612388182,0.025392382488016185
0.2,0.2,0.2,0.2,0.2
0.2,0.2,0.2,0.2,0.2

Transition Gammas
1.0,1.0,365.0,467.0159550926316,54.98404490736833
654.883066576607,119.11693342339306,1.0,1.0,1.0
1.0,1.0,1.0,1.0,1.0
60.49484221704358,46.9371992311917,604.5231876775903,318.51200075411555,66.93941445480337
1.4891703748429874,1.0,120.71966300932817,2.3016345142085655,1.7962691948577172

13.293204270755549,9.319714710641492,78.71303814941177,93.42641851626098,15.240069682595081
9.299297573485331,12.777085091586763,70.24446350442017,59.66201555193505,23.06644296936579
