0,1,2,3,4,5,6,7,8,9,10,11,12,13,14,15,16,17,18,19,20,21,22,23,24,25,26,27,28,29
github Code Version (SHA):,528ca1c557fe8e6666681dc5c9134b0f84d30530
Environment Observations,Environment Actions,alpha,epsilon,numActions,explore,patience,gainThresh,insertRandActions,useUpdatedPosterior,revisedSplitting,haveControl,confidence_factor
"['diamond', 'square']","['x', 'y']",0.75,0.99,75000,0.5,0,0.01,False,True,False,False,250

Model Num 0
Model States: 
['diamond'],['square']
Iteration: ,0
Error:,0.4042818852211996
Absolute Error:,1
Transition Probabilities
0.5,0.5
0.5,0.5

0.5,0.5
0.5,0.5

Transition Gammas
1.0,1.0
1.0,1.0

1.0,1.0
1.0,1.0

Iteration: ,2433
Error:,0.05390424356028188
Absolute Error:,1
Transition Probabilities
0.436,0.564
0.15481171548117154,0.8451882845188284

0.17829457364341086,0.8217054263565892
0.8413597733711048,0.15864022662889518


Model Num 1
Model States: 
['square'],"['diamond', 'x', 'square']","['diamond', 'x', 'diamond']"
Iteration: ,0
Error:,0.4765170456604207
Absolute Error:,1
Transition Probabilities
0.3333333333333333,0.3333333333333333,0.3333333333333333
0.3333333333333333,0.3333333333333333,0.3333333333333333
0.3333333333333333,0.3333333333333333,0.3333333333333333

0.3333333333333333,0.3333333333333333,0.3333333333333333
0.3333333333333333,0.3333333333333333,0.3333333333333333
0.3333333333333333,0.3333333333333333,0.3333333333333333

Transition Gammas
1.0,1.0,1.0
1.0,1.0,1.0
1.0,1.0,1.0

1.0,1.0,1.0
1.0,1.0,1.0
1.0,1.0,1.0

Iteration: ,2500
Error:,0.0592940915512222
Absolute Error:,1
Transition Probabilities
0.8053977272727273,0.11133568137485414,0.0832665913524186
0.9956803455723542,0.0021598272138228943,0.0021598272138228943
0.0029069767441860465,0.7730353012459577,0.22405772200985624

0.18194842406876785,0.3917334443150092,0.42631813161622284
0.8869115029841373,0.07123288191947069,0.04185561509639196
0.6908180062635778,0.1345580094269453,0.17462398430947704

Transition Gammas
567.0,78.38031968789731,58.61968031210269
461.0,1.0,1.0
1.0,265.92414362860944,77.07585637139054

127.0,273.42994413187654,297.57005586812363
91.5913655227178,7.356220889199049,4.322430060466119
62.2626428968622,12.127560680093152,15.738661525478353

Iteration: ,5000
Error:,0.04608078938667612
Absolute Error:,1
Transition Probabilities
0.8177269478198713,0.10051188033404213,0.08176117184608654
0.9978471474703983,0.001076426264800861,0.001076426264800861
0.001422475106685633,0.760070759421942,0.2385067654713724

0.17431850789096123,0.40505726122559865,0.4206242308834401
0.8777080372969678,0.06279503025326595,0.05949693244976616
0.7230672041489309,0.1326152059674706,0.14431758988359839

Transition Gammas
1144.0,140.61612058732493,114.38387941267507
927.0,1.0,1.0
1.0,534.3297438736253,167.6702561263748

243.0,564.6498221484846,586.3501778515156
165.3166432996846,11.827467877976938,11.206269899856826
124.59187981578833,22.85095729530819,24.867397817116313

Iteration: ,7500
Error:,0.046165706307768464
Absolute Error:,1
Transition Probabilities
0.8201058201058201,0.09956263993136087,0.08033153996281901
0.998589562764457,0.0007052186177715092,0.0007052186177715092
0.0009157509157509153,0.7530137225525411,0.2460705265317079

0.17353787152444872,0.4025166437037363,0.4239454847718151
0.8764729806027527,0.06283893574483124,0.060688083652416035
0.7261612746464412,0.12228390034933363,0.15155482500422518

Transition Gammas
1705.0,206.99072841729927,167.00927158270073
1416.0,1.0,1.0
1.0,822.2909850273752,268.70901497262514

362.0,839.649718765994,884.3502812340063
234.57599773150733,16.817981129997623,16.242335004313038
175.94359782017386,29.62850007860966,36.72063232955121

Iteration: ,10000
Error:,0.04408511505226804
Absolute Error:,1
Transition Probabilities
0.8274635361081466,0.09520708652908715,0.0773293773627663
0.9989373007438895,0.0005313496280552603,0.0005313496280552603
0.0006868131868131866,0.7520974025150939,0.24721578429809285

0.17765765765765765,0.3986535273264753,0.42368881501586714
0.8744219238271824,0.0646148798860592,0.06096319628675843
0.7274575152370064,0.11658136620083515,0.15596111856215827

Transition Gammas
2326.0,267.62712023326395,217.37287976673605
1880.0,1.0,1.0
1.0,1095.0538180619772,359.9461819380233

493.0,1106.263538330969,1175.7364616690313
300.06495988673544,22.1731189632529,20.920014182957164
229.71683153749643,36.81411147597155,49.24946577460318

Iteration: ,12500
Error:,0.043454500565200095
Absolute Error:,1
Transition Probabilities
0.8276056338028169,0.09373307371820798,0.0786612924789751
0.9991463935125907,0.0004268032437046522,0.0004268032437046522
0.0005574136008918614,0.7595306723925355,0.23991191400657264

0.1794058263628497,0.40014561240605334,0.420448561231097
0.8728351717903139,0.06852683568105387,0.058637992528632166
0.7420678215609401,0.11157112308850616,0.14636105535055377

Transition Gammas
2938.0,332.75241169963834,279.2475883003616
2341.0,1.0,1.0
1.0,1362.5980262722094,430.4019737277915

622.0,1387.304838211787,1457.6951617882132
380.0696313288408,29.839504656999694,25.533480916571683
286.9462245350574,43.142838979380116,56.59557122887456

Iteration: ,15000
Error:,0.04318713517989211
Absolute Error:,1
Transition Probabilities
0.8278882575757576,0.09542098439910629,0.07669075802513613
0.9992920353982301,0.00035398230088495576,0.00035398230088495576
0.0004677268475210475,0.7610746068753892,0.2384576662770898

0.18084345961401,0.3981035520969703,0.4210529882890198
0.8651317213433142,0.07610537614111318,0.058762902515572715
0.7592392117919161,0.10902984255875053,0.1317309456493334

Transition Gammas
3497.0,403.05823810182494,323.941761898175
2823.0,1.0,1.0
1.0,1627.1775094995828,509.8224905004182

759.0,1670.8406081509843,1767.1593918490162
440.08242333813365,38.713917817319555,29.892003614526352
355.5417784373547,51.05724720749426,61.68787644787078

Iteration: ,17500
Error:,0.04315388121264073
Absolute Error:,1
Transition Probabilities
0.8272006505387274,0.09693839602161868,0.07586095343965393
0.9993919124353907,0.0003040437823046519,0.0003040437823046519
0.0004008016032064129,0.7601847734207454,0.2394144249760482

0.18187385180649104,0.39653276833826473,0.42159337985524414
0.862998090845562,0.07668103178768886,0.060320877366749175
0.7583155914034885,0.11149408065102268,0.13019032794548882

Transition Gammas
4069.0,476.8399700303423,373.16002996965767
3287.0,1.0,1.0
1.0,1896.6610096847594,597.3389903152402

891.0,1942.6140320891595,2065.385967910842
516.9520131566642,45.93337363555045,36.13333484847489
414.74051984677817,60.97871848244717,71.20413308554079

Iteration: ,20000
Error:,0.04261312724713224
Absolute Error:,1
Transition Probabilities
0.827683615819209,0.09532195771279768,0.07699442646799333
0.999468085106383,0.00026595744680851064,0.00026595744680851064
0.00035014005602240897,0.7557810178124043,0.24386884213157334

0.1820954431288123,0.39876225235787216,0.4191423045133155
0.8668912088991078,0.07581620798047367,0.05729258312041871
0.7575040471237798,0.1107647676142773,0.13173118526194297

Transition Gammas
4688.0,539.9035684852861,436.09643151471425
3758.0,1.0,1.0
1.0,2158.5105868722267,696.4894131277734

1015.0,2222.7007946427802,2336.2992053572216
588.8290915928312,51.49756787803714,38.91554018253887
466.1359207930478,68.15994863572297,81.06179441863964

Iteration: ,22500
Error:,0.04504227127802128
Absolute Error:,1
Transition Probabilities
0.8266500234045873,0.09746166481496787,0.07588831178044486
0.9995279679018173,0.0002360160490913382,0.0002360160490913382
0.000315357931251971,0.7601091504074984,0.2395754916612497

0.183559457302474,0.39919403107538665,0.4172465116221394
0.8602765101387506,0.08016836417218738,0.05955512568906201
0.757576938270669,0.11234485307798946,0.13007820865134143

Transition Gammas
5298.0,624.6318097991291,486.36819020087114
4235.0,1.0,1.0
1.0,2410.3061159421773,759.6938840578227

1150.0,2500.950604687298,2614.049395312704
658.9539120294982,61.407299362094676,45.61798746299181
520.7020001078803,77.21749005859347,89.40607876714986

Iteration: ,24718
Error:,0.04578835741748939
Absolute Error:,1
Transition Probabilities
0.8236298932384342,0.09881315692089529,0.07755694984067055
0.9995685005393743,0.0002157497303128371,0.0002157497303128371
0.0002841716396703609,0.7551922313896847,0.2445235969706448

0.18470502549162413,0.3971210738220799,0.41817390068629595
0.8620525542480183,0.07903674465571671,0.05891070109626509
0.7569995663891304,0.11080642215744486,0.1321940114534248


Model Num 2
Model States: 
"['diamond', 'x', 'square']","['diamond', 'x', 'diamond']","['square', 'y', 'diamond', 'x', 'diamond']","['square', 'y', 'diamond', 'x', 'square']"
Iteration: ,0
Error:,0.40262662996270887
Absolute Error:,0.5
Transition Probabilities
0.25,0.25,0.25,0.25
0.25,0.25,0.25,0.25
0.25,0.25,0.25,0.25
0.25,0.25,0.25,0.25

0.25,0.25,0.25,0.25
0.25,0.25,0.25,0.25
0.25,0.25,0.25,0.25
0.25,0.25,0.25,0.25

Transition Gammas
1.0,1.0,1.0,1.0
1.0,1.0,1.0,1.0
1.0,1.0,1.0,1.0
1.0,1.0,1.0,1.0

1.0,1.0,1.0,1.0
1.0,1.0,1.0,1.0
1.0,1.0,1.0,1.0
1.0,1.0,1.0,1.0

Iteration: ,2500
Error:,0.08942840224896388
Absolute Error:,0.22308831547425634
Transition Probabilities
0.0018621973929236512,0.0018621973929236512,0.18889925014984613,0.8073763550643066
0.6383378042197643,0.3566116907297306,0.0025252525252525246,0.0025252525252525246
0.1541726736975362,0.10579662817240565,0.6029066154533643,0.13712408267669382
0.12086662923994979,0.06509171092892245,0.7452769876116089,0.0687646722195189

0.18658117407138997,0.11692259444536912,0.4243376526234767,0.27215857885976424
0.053951625100250124,0.027733940906505057,0.3878853963242659,0.530429037668979
0.00425594933284648,0.9099808817154877,0.04816195640481137,0.037601212546854494
0.7994345409036627,0.004392126461120428,0.1071736397330296,0.08899969290218727

Transition Gammas
1.0,1.0,101.4388973304673,433.5611026695324
252.78177047102673,141.21822952897335,1.0,1.0
27.104787438792034,18.599892247959364,105.99579851202984,24.107508967398335
15.461825302999138,8.326836525392762,95.33932283260336,8.796698936357638

21.652167073214628,13.568504765631895,49.24306964937292,31.583159711630675
4.248135885709228,2.183762757806475,30.54198772707629,41.765834218279274
1.4406109407293846,308.022561250071,16.302506420417878,12.727763876704865
335.8949662711975,1.8454208494034323,45.03068639315346,37.39461746515857

Iteration: ,5000
Error:,0.07155407975350535
Absolute Error:,0.21286224643566948
Transition Probabilities
0.0009337068160597576,0.0009337068160597576,0.1927012708070204,0.80543131556086
0.6801312380018028,0.31728811683690694,0.0012903225806451613,0.0012903225806451613
0.1187201428935181,0.09286352140642741,0.651372643742966,0.13704369195708843
0.11880403661577073,0.054568219500207654,0.7613404749478911,0.06528726893613046

0.15570459885973983,0.11342135167977051,0.4199599504884277,0.31091409897206196
0.052835394514208704,0.0399268614785093,0.35240332480391223,0.5548344192033697
0.002154292882689015,0.9033476647371192,0.05517973347355005,0.0393183089066417
0.8327389254964159,0.0022868163240613486,0.09536515666169618,0.0696091015178264

Transition Gammas
1.0,1.0,206.38306103431876,862.6169389656807
527.1017094513971,245.89829054860286,1.0,1.0
44.56508490998418,34.859044267066196,244.51181129795506,51.44336605055428
30.54770830287139,14.030954666048135,195.76108194955427,16.78711013668777

41.28612880859652,30.07443947955819,111.35522481218263,82.44097883154025
7.350956033694613,5.554999749514649,49.029658443540406,77.19377245205642
1.5020387022473163,629.8415433310224,38.472993121301805,27.413924150821472
705.713550595081,1.9379870667749535,80.8182267577588,58.99098106479728

Iteration: ,7500
Error:,0.05903676271656791
Absolute Error:,0.1994545221932235
Transition Probabilities
0.0006157635467980298,0.0006157635467980298,0.18413217134210172,0.8146363015643022
0.7073782154785452,0.2908704710363409,0.0008756567425569174,0.0008756567425569174
0.10526561427566912,0.0975436451805074,0.6552537292279105,0.14193701131591302
0.11374350836625811,0.05933400174584924,0.768304796851626,0.0586176930362666

0.1375553631424364,0.10507394252548952,0.41037637859266385,0.3469943157394102
0.05617242108460569,0.04114305327063704,0.3766732706252921,0.5260112550194651
0.0014625200110917251,0.8866337063349949,0.06738326448351348,0.04452050917039987
0.830668261390055,0.0015229443681855019,0.09955041727463101,0.06825837696712858

Transition Gammas
1.0,1.0,299.0306462595731,1322.9693537404262
807.825922076499,332.17407792350144,1.0,1.0
62.61397834328542,58.020805073752406,389.75731147864997,84.42681889806265
43.69681612636489,22.794329114424528,295.15946816872463,22.519144970538637

54.74157848998567,41.815261438082295,163.3135213776041,138.08997436878383
10.404869823338064,7.620966039025888,69.77154039495795,97.43355419636946
1.5327538284002944,929.2120432316423,70.61917500200093,46.658493802298516
1076.7503491687985,1.9741104318398686,129.0418227620534,88.47964301664734

Iteration: ,10000
Error:,0.05473384920875892
Absolute Error:,0.19808000916961738
Transition Probabilities
0.00045558086560364456,0.00045558086560364456,0.18051745620324045,0.8185713820655522
0.7087189924176297,0.289934206235569,0.0006734006734006734,0.0006734006734006734
0.10137439858334092,0.09419405309095552,0.6483150694226573,0.15611647890304636
0.1154362775922247,0.05605375235519546,0.7664938867846182,0.062016083267961514

0.12722789089057637,0.09922519858872103,0.3983839263231178,0.3751629841975849
0.058666903867933586,0.035981989884652156,0.3679165631389476,0.5374345431084666
0.0011348680931895741,0.8832070578373018,0.07205043491119316,0.04360763915831536
0.8319503381828446,0.001120069896224558,0.10123964563402987,0.065689946286901

Transition Gammas
1.0,1.0,396.2358163661129,1796.7641836338876
1052.44770374018,430.5522962598199,1.0,1.0
81.0304424066112,75.29105869621631,518.2102940024117,124.78680543861755
61.53705568545473,29.88127261210897,408.604452408319,33.05968668649615

66.54789380966379,51.90078946293452,208.37892571236088,196.23296636403398
13.848328550984652,8.493552326582334,86.84674168534228,126.86147788484817
1.5485229334148662,1205.1324662508332,98.31252767792829,59.50244765358061
1492.766581672626,2.0097388431544534,181.65406371845756,117.86731980076944

Iteration: ,12500
Error:,0.05460307532645879
Absolute Error:,0.19589084375674054
Transition Probabilities
0.0003602305475504322,0.0003602305475504322,0.18192800615661983,0.8173515327482793
0.712593164516535,0.286339029824095,0.0005339028296849973,0.0005339028296849973
0.10029611469379361,0.09481997665296975,0.647037179671949,0.15784672898128765
0.11745743217135156,0.05508345212589423,0.7640114970965918,0.06344761860616249

0.12404831788512106,0.09956535211688061,0.3935664184139951,0.3828199115840032
0.06952753440847079,0.03635727008094965,0.37177032625816875,0.5223448692524106
0.0009245145749871115,0.8882180290617316,0.07023542866300446,0.04062202770027674
0.8274245555158231,0.000894811218141688,0.10857555614964035,0.06310507711639499

Transition Gammas
1.0,1.0,505.03214509077674,2268.9678549092237
1334.6869971394701,536.3130028605299,1.0,1.0
99.52368552279295,94.08972188503617,642.0540315826487,156.6310745326141
77.5895406753108,36.38679707405549,504.68752836263366,41.91196328396462

81.99420505589171,65.81130673205826,260.14190409607016,253.03861321977698
19.170976889435213,10.02486842680159,102.50903319828942,144.0272764157303
1.5584972198666696,1497.3104441835972,118.3991288714537,68.4784414968371
1885.9270233699444,2.0395196708368855,247.47340897125662,143.83374224549192

Iteration: ,15000
Error:,0.05425696186522872
Absolute Error:,0.19300247905516654
Transition Probabilities
0.00029886431560071725,0.00029886431560071725,0.17804165662035717,0.8213606147484414
0.7148128066978253,0.2842943361593176,0.00044642857142857163,0.00044642857142857163
0.09810347730974155,0.10302679668425796,0.6412586383330839,0.1576110876729166
0.11410960991979055,0.05301600492454234,0.7646045781998957,0.06826980695577142

0.1246096453799657,0.10103584413211447,0.38173871834073686,0.39261579214718306
0.07983543083267305,0.035145835662704114,0.37535927776091477,0.5096594557437081
0.0007855940490987698,0.884517696028355,0.07469267572334612,0.04000403419920017
0.8248436557128104,0.0007433819918336114,0.1131293264555902,0.06128363583976562

Transition Gammas
1.0,1.0,595.7273830517152,2748.2726169482853
1601.180687003128,636.8193129968712,1.0,1.0
117.5848224508193,123.48581240954839,768.5994951573697,188.9094277645971
91.06892741228192,42.3111664964597,610.2178324869393,54.484964925179014

100.7927746810226,81.72467742174018,308.776295024481,317.5744137095876
24.762571079976198,10.901190670429724,116.42526005232267,158.08117232919795
1.5653976662196278,1762.5158167646273,148.83480901511396,79.71320791780191
2288.933415496924,2.0628780615596467,313.9328208484383,170.0615152038271

Iteration: ,17500
Error:,0.056095584256122835
Absolute Error:,0.19140552990216927
Transition Probabilities
0.0002538071065989849,0.0002538071065989849,0.18026879689988584,0.8192235888869163
0.718696088635223,0.28054719551157986,0.00037835792659856227,0.00037835792659856227
0.09671943780978853,0.10486604105990091,0.6391980308426706,0.1592164902876399
0.12069712992890679,0.0537035033215495,0.76088312814033,0.06471623860921367

0.11921013360240577,0.10457675139779368,0.3756622464855566,0.40055086851424393
0.0829721253323977,0.037973157413090666,0.38195269787713076,0.49710201937738097
0.0006786436056352524,0.888626289373924,0.07256219670335652,0.038132870317084164
0.8266743933399843,0.0006404505080196981,0.11363726378202742,0.05904789236996857

Transition Gammas
1.0,1.0,710.2590597855499,3227.7409402144485
1899.5137622628945,741.4862377371055,1.0,1.0
133.28185674455548,144.5080841909098,880.831219735985,219.40439202739537
114.16644240032406,50.79771095026589,719.7132183124661,61.21456849799462

113.90753194002288,99.92505913765386,358.95236459453747,382.7339125469227
27.952927579538073,12.792982159757447,128.67810797658026,167.47138501793174
1.5711580693976215,2057.2983428051352,167.99197684472216,88.28310826254344
2684.25655814149,2.0795775097994356,368.98635425702844,191.7317067220869

Iteration: ,20000
Error:,0.05519430435363553
Absolute Error:,0.18939422400218126
Transition Probabilities
0.0002229654403567448,0.0002229654403567448,0.18410459712145286,0.8154494719978336
0.7230989691424984,0.2762440006341114,0.000328515111695138,0.000328515111695138
0.09555437261705849,0.1034092732140075,0.6433956464700757,0.15764070769885827
0.12474900610094815,0.05458331855955879,0.7556355381373977,0.06503213720209536

0.11716315929973416,0.10619643125480761,0.37291032425311726,0.40373008519234094
0.08224053959156964,0.03862348960296472,0.3863028643224982,0.49283310648296735
0.0005923325605677162,0.8881323440667492,0.07267185723538437,0.03860346613729885
0.8240821722477089,0.0005688665625312711,0.11771595355736422,0.0576330076323957

Transition Gammas
1.0,1.0,825.7091180897157,3657.290881910282
2201.113262069765,840.8867379302352,1.0,1.0
150.49839442298088,162.86988403476974,1013.3498773576376,248.28453952033223
136.130702741079,59.563324355787735,824.5772855259288,70.96545948359442

130.46721899439973,118.25520185487296,415.25487389033265,449.5742668108158
30.2152907911085,14.190324814461263,141.92821979172572,181.0675817282048
1.5761979679930216,2363.321703411329,193.37993777500074,102.72389014843257
3037.955696659174,2.0971105461086523,433.9565443114167,212.4624579304809

Iteration: ,22500
Error:,0.05532545903093475
Absolute Error:,0.188829947009346
Transition Probabilities
0.00019833399444664813,0.00019833399444664813,0.18167232565147273,0.8179310063596339
0.7253316970806207,0.2740807588535743,0.00029377203290246757,0.00029377203290246757
0.09346517242005829,0.1031756094642942,0.6445207270531882,0.15883849106245926
0.12522403797970566,0.05474851891688427,0.7565676931772626,0.06345974992614746

0.11649746423155574,0.10769679608496259,0.36404291274630407,0.41176282693717764
0.0831226513082271,0.03954849397948064,0.38319208956565637,0.4941367651466359
0.0005326901901263428,0.8894525386929704,0.0718117122805514,0.03820305883635181
0.8223544946715698,0.0005055944488509837,0.12217017619897509,0.05496973468060407

Transition Gammas
1.0,1.0,915.9918659347256,4124.008134065275
2469.029096862434,932.9709031375673,1.0,1.0
166.53765446519333,183.83985770632188,1148.4167562997375,283.02082000605844
153.7863199929637,67.23607851279563,929.132802586617,77.93424941621505

148.14230396457538,136.9510624704896,462.92986883404,523.6122028218125
33.871285289629924,16.11544267743559,156.1452670497668,201.3536272118405
1.5820608794445983,2641.625642205052,213.27687798802083,113.46100600384158
3440.9801136670485,2.115560205907916,511.19699534416134,230.01000798938264

Iteration: ,25000
Error:,0.05405731605585172
Absolute Error:,0.1864589002920073
Transition Probabilities
0.00017815784785319775,0.00017815784785319775,0.18233882631897586,0.8173048579853177
0.7267884591357142,0.272682020080595,0.00026476039184538,0.00026476039184538
0.09392161908500542,0.10263810424718249,0.6454795698782456,0.15796070678956645
0.12281162425330591,0.05303871455876259,0.7600246328963077,0.0641250282916239

0.11200194368034867,0.10442340248401882,0.36043012291884835,0.42314453091678406
0.08491143076701138,0.04418017474357119,0.3851748369553203,0.4857335575340972
0.00047889836643449403,0.8875694737432196,0.07361312972204855,0.038338498168297264
0.8238571819201247,0.0004563491074482222,0.12306169763213318,0.05262477134029399

Transition Gammas
1.0,1.0,1023.4678321284125,4587.532167871593
2745.080010155592,1029.9199898444072,1.0,1.0
185.09266218056555,202.27036268490372,1272.055711303265,311.2953974222143
168.92490543844133,72.95367922938512,1045.3985119363722,88.20267956116014

158.10217268202564,147.40428843530594,508.7838983951291,597.3116849417506
38.21677863792016,19.884530776457655,173.35877334594778,218.61805504403247
1.5870892867806632,2941.44248922615,243.95700160367767,127.05539208074862
3838.8839072960754,2.126425894120271,573.4241091926708,245.21287458167328

Iteration: ,27500
Error:,0.05266030189548055
Absolute Error:,0.18521828302711388
Transition Probabilities
0.00016189088554314382,0.00016189088554314382,0.18361965700475036,0.8160565612241634
0.7272055863620271,0.2723136444072036,0.0002403846153846154,0.0002403846153846154
0.09263051113584601,0.09986445517322506,0.6507076649574421,0.15679736873348668
0.12578004281329364,0.052435138897197774,0.7561273529558489,0.06565746533365978

0.11022519284171312,0.10100340742162149,0.35919417160245143,0.4295772281342139
0.08400796514039294,0.04593550875659623,0.3824419654390484,0.48761456066396247
0.0004357463916369512,0.8877844810973211,0.0739789045934839,0.037800867917558025
0.825545940495069,0.00041754828255828716,0.12318095150656173,0.05085555971581095

Transition Gammas
1.0,1.0,1134.2186213183438,5040.7813786816605
3025.175239266033,1132.824760733967,1.0,1.0
199.6210729953806,215.2104036923946,1402.2913259609195,337.90225926237497
191.49040789349255,79.8284521995339,1151.1455394546851,99.95842374340921

172.82592401999835,158.36676504506076,563.193068747338,673.549117730818
40.523312280482386,22.158124684909797,184.4803069417082,235.21290012528866
1.59034300579974,3240.1457987218564,270.0007062709008,137.96177560991725
4234.7476049297775,2.1418694015330937,631.8730597264673,260.87035153336814

Iteration: ,30000
Error:,0.05312155800992325
Absolute Error:,0.18459720810898123
Transition Probabilities
0.00014850014850014846,0.00014850014850014846,0.18493835943924355,0.8147646402637562
0.7278701044017875,0.27169081766187875,0.00021953896816684967,0.00021953896816684967
0.09308844720640988,0.09729456464752154,0.6529805931921915,0.15663639495387718
0.12628715752114442,0.05305677701591638,0.7557803316477206,0.06487573381521862

0.10958771350264047,0.10024580297331889,0.357811128317899,0.43235535520614166
0.07959752850726377,0.049277564426209786,0.3851390809295681,0.4859858261369583
0.00039988277813461827,0.8892365969803906,0.07329301288392877,0.037070507357545954
0.8239960059256505,0.00038520665794400795,0.1261005443601066,0.04951824305629883

Transition Gammas
1.0,1.0,1245.3749124638664,5486.625087536136
3315.4483255501414,1237.5516744498575,1.0,1.0
218.63891507098634,228.51791704796295,1533.670103459618,367.89539927988034
208.7896192349513,87.71837523646964,1249.5260069779645,107.25856869966867

188.96193236118245,172.85368984799825,616.973199515255,745.5096997209405
41.315232227974654,25.577603426619582,199.90709343722588,252.2517676477888
1.5941982875475191,3545.087554767084,292.19461806735467,147.78765823223964
4613.017632567672,2.156521503137612,705.954920201447,277.220431543074

Iteration: ,32500
Error:,0.05122953884725195
Absolute Error:,0.18367792385103238
Transition Probabilities
0.00013702384214853378,0.00013702384214853378,0.18630167018403673,0.8134242821316662
0.7298174733935837,0.2697777502453558,0.00020238818053025704,0.00020238818053025704
0.092913669732762,0.09652818833691518,0.6516873591928949,0.15887078273742786
0.12407888221427718,0.05287137454124681,0.758697720615562,0.06435202262891403

0.11030044716370135,0.10015519719265308,0.35403416473388005,0.4355101909097655
0.08260585982973667,0.054035024003242546,0.3846388030745116,0.4787203130925091
0.0003695250463330802,0.8906388077262918,0.07274747678361362,0.03624419044376137
0.8217641800565374,0.0003567892374819927,0.12988400131134964,0.04799502939463099

Transition Gammas
1.0,1.0,1359.6295890031008,5936.370410996903
3606.028136037697,1332.971863962303,1.0,1.0
237.64927261715212,246.89428166274018,1666.84867072229,406.3506055272562
221.41868220313404,94.34893245551952,1353.8955742614635,114.8361412782043

206.40668886510875,187.42174811391618,662.5088253666918,814.9759931551629
46.1147514746269,30.165071920697088,214.72475255192322,267.2457899429749
1.5978438015203635,3851.1643863950576,314.5635350253598,156.72159604977583
4989.3998515504745,2.1662713120508443,788.599981100471,291.40524538348365

Iteration: ,35000
Error:,0.049709274445457495
Absolute Error:,0.18199739724543681
Transition Probabilities
0.00012746972594008908,0.00012746972594008908,0.18507313738423178,0.814671923163888
0.7348328708687354,0.2647896281875122,0.00018875047187617963,0.00018875047187617963
0.09155931194883282,0.09717901200289747,0.6515961732220701,0.15966550282619973
0.11994811889205173,0.05231845703848318,0.761858859903956,0.0658745641655092

0.10948695338204173,0.10137917251164148,0.35019529174155295,0.43893858236476374
0.08607808466007143,0.05688929723159639,0.3868039043441148,0.4702287137642173
0.0003437333356668861,0.8908638249675259,0.07246336989011168,0.0363290718066955
0.8204420314236199,0.0003323271709044055,0.132559611203254,0.046666030202221744

Transition Gammas
1.0,1.0,1451.8987627793001,6391.101237220709
3893.1445498625612,1402.8554501374401,1.0,1.0
253.72651023161407,269.2996600611265,1805.6844202182508,442.46041144462754
231.79342298286196,101.10266300254096,1472.2521253199952,127.29912612609854

222.19861850565104,205.74425885000122,710.7048614334676,890.8051927425058
51.67278404272102,34.15071770938273,232.1988772750439,282.2788968060749
1.6013476792668075,4150.26001445786,337.5845085849826,169.24594966822545
5370.899855088877,2.1755296360858556,867.7814755136371,305.49211918821527

Iteration: ,37500
Error:,0.04918352415913841
Absolute Error:,0.18111205584711174
Transition Probabilities
0.00011894849530153435,0.00011894849530153435,0.18551013767577867,0.8142519653336183
0.7337210013655472,0.2659273811942277,0.0001758087201125175,0.0001758087201125175
0.09256474019931962,0.09741054059573535,0.6490796203628313,0.16094509884211372
0.11999655568322155,0.05232392368210437,0.7619677891580232,0.06571173147665092

0.10683828928381292,0.09938764988177391,0.3499178454307645,0.4438562154036486
0.08888878890273187,0.061966488471673103,0.3890254589796663,0.46011926364592876
0.00032209090387045627,0.8908376678339828,0.07257223945938643,0.03626800180276052
0.8211021369826923,0.00031143952895828017,0.13323059613316873,0.04535582735518074

Transition Gammas
1.0,1.0,1559.5837274402722,6845.416272559733
4173.405055767234,1512.594944232768,1.0,1.0
276.1854194626436,290.6438343216329,1936.6588922363733,480.21189859605465
249.73658259865545,108.89644135301388,1585.8057811003061,136.75911914456645

233.2041788485709,216.9410932516681,763.7926847683639,968.8392142359486
55.929779161224445,38.989979033348284,244.7789904375445,289.51197469573236
1.6037585652370114,4435.668697428123,361.35249158800633,180.58603281327788
5759.546864698975,2.1845644795743575,934.5339972692605,318.14435923805854

Iteration: ,40000
Error:,0.050902707605068695
Absolute Error:,0.18016861860320996
Transition Probabilities
0.00011174432897530439,0.00011174432897530439,0.186850966303197,0.8129255450388524
0.7328343706737044,0.2668374915084121,0.00016406890894175554,0.00016406890894175554
0.09306550456387103,0.09729059747908056,0.651624995483908,0.15801890247314054
0.12013624362485677,0.05112472913512264,0.7622551748500701,0.06648385238995054

0.10505629163616118,0.09859030018374303,0.3488622834770068,0.447491124703089
0.09067970990973616,0.06481470496318101,0.3907856715356375,0.45371991359144537
0.0003015624508932066,0.8915306182495013,0.0728681474535586,0.03529967184604693
0.8196643555553907,0.00029431027533905976,0.13586505038121463,0.044176283788055534

Transition Gammas
1.0,1.0,1672.1292974473117,7274.870702552697
4466.625489256228,1626.3745107437715,1.0,1.0
297.8084173614306,311.3286603363128,2085.1916027063353,505.6584550768681
266.43244769496874,113.3819928958949,1690.4932755983086,147.44472600423907

244.87437826500894,229.8028807647797,813.1586736604223,1043.0513892521649
60.9068994174483,43.534134812447135,262.47926480679575,304.7503478817415
1.6066812301558864,4749.946507624086,388.2309765128038,188.07155870274642
6108.646386923746,2.1933824350167037,1012.550495206124,329.229024686297

Iteration: ,42500
Error:,0.04932938060060234
Absolute Error:,0.1792997358338952
Transition Probabilities
0.0001051303616484439,0.0001051303616484439,0.18692048235552708,0.812869256921176
0.732960672344739,0.266730351909857,0.0001544878727019929,0.0001544878727019929
0.09352660762712268,0.09564950777364052,0.6534091943173761,0.15741469028186073
0.11848866078036832,0.05117858120521068,0.7647117542951688,0.06562100371925217

0.10565834572374065,0.0979086901847299,0.34462552590824025,0.4518074381832891
0.09171515030813919,0.06268175521583548,0.39565022315633724,0.4499528713196881
0.0002840313559203916,0.8911625086658768,0.07338881368395483,0.035164646294248064
0.8209245516550252,0.0002778231071613267,0.13613893096100052,0.042658694276813035

Transition Gammas
1.0,1.0,1777.9876281657762,7732.0123718342375
4744.454432087496,1726.5455679125043,1.0,1.0
318.04382136464915,325.26289294335896,2221.964020164346,535.2997495191617
279.56502568133425,120.7519882049299,1804.2794966230902,154.82779085513297

262.80358268355326,243.5278953134277,857.1856986072336,1123.7788423084041
64.8440795589989,44.31700442574127,279.7310418364807,318.12388343286153
1.6092557101031384,5049.119844720074,415.8039773316476,199.23472061527113
6504.719326464349,2.2013732332007,1078.7173236820747,338.012589031112

Iteration: ,45000
Error:,0.04999100069276188
Absolute Error:,0.1789010848033632
Transition Probabilities
9.927529038022422e-05,9.927529038022422e-05,0.1871522071071939,0.8126492423120456
0.733985116107092,0.2657233387034036,0.00014577259475218667,0.00014577259475218667
0.09266749018938394,0.09498175409757263,0.65678211518267,0.15556864053037328
0.11732365282922583,0.05024527200801163,0.7670873132430858,0.06534376191967665

0.10585737728701394,0.09787166520998071,0.34252863910352255,0.4537423183994828
0.09098343094945753,0.06358672321899629,0.39448296447935816,0.450946881352188
0.0002682651656685433,0.8915434077601103,0.0732503857683093,0.034937941305911775
0.8215406820294532,0.0002632361164556334,0.13678295572289462,0.04141312613119655

Transition Gammas
1.0,1.0,1885.184182190767,8185.815817809247
5035.137896494649,1822.8621035053475,1.0,1.0
333.40935419480655,341.73586906521723,2363.0433976600707,559.7220758455138
292.283112676512,125.17377481551914,1911.0099472925792,162.78796020505777

280.1051530285201,258.9744660541556,906.3519173784863,1200.6301760736526
67.75018329824796,47.34941415668436,293.74901421732,335.7944798361791
1.6115216245620254,5355.676639047174,440.0294774722693,209.87908658152608
6899.246983758715,2.210640351962237,1148.6946603417869,347.78482891786194

Iteration: ,47500
Error:,0.05056460329176755
Absolute Error:,0.17802652111940487
Transition Probabilities
9.387908374014257e-05,9.387908374014257e-05,0.18843215521171727,0.8113800866208025
0.7350191232211811,0.26470554638234306,0.00013766519823788553,0.00013766519823788553
0.09237198596403264,0.09613670726704815,0.6570831286284305,0.1544081781404888
0.11629632033353704,0.050623922760338634,0.7662419851784649,0.06683777172765945

0.10647284753296957,0.09958897499955005,0.33910074310918437,0.4548374343582961
0.09036978437241493,0.06550602990698422,0.39625849138780994,0.4478656943327909
0.00025454388247545646,0.8915174558156026,0.07315629123190309,0.03507170907001887
0.8223202255421092,0.0002504404535946104,0.1370034781521831,0.04042585585211305

Transition Gammas
1.0,1.0,2007.1793173152153,8642.8206826848
5339.178911078657,1922.8210889213392,1.0,1.0
350.6360101465076,364.92656418436184,2494.230303184866,586.1199902993682
306.8856571407145,133.58768152587163,2021.978635918093,176.3731942647613

297.78149910736965,278.52879825299493,948.3913502004153,1272.0818142054786
70.01690470331165,50.75290912046947,307.01404481659176,346.9983895364201
1.6134953739049889,5651.124971949458,463.72097544360776,222.3115314699162
7281.490931070651,2.217603112486006,1213.1400307375427,357.96335007311217

Iteration: ,50000
Error:,0.049801877446224274
Absolute Error:,0.17783381378808016
Transition Probabilities
8.915039671926528e-05,8.915039671926528e-05,0.18869676443938083,0.8111249347671807
0.7363045846979851,0.26343366945723024,0.00013087292239235708,0.00013087292239235708
0.0934132880932912,0.09503529700902535,0.6551208355145456,0.15643057938313776
0.11519996064654779,0.049890064952006354,0.768647543256463,0.06626243114498281

0.1046140380891561,0.10072057191591657,0.3380805964221296,0.4565847935727977
0.09009495410834148,0.06445849981050812,0.40119736836449327,0.4442491777166571
0.00024199744383021773,0.8926243529465065,0.0729383535254657,0.03419529608419756
0.8220968444595906,0.00023843071480464509,0.13820793759408626,0.03945678723151841

Transition Gammas
1.0,1.0,2116.6116067165376,9098.388393283478
5626.103331677302,2012.8966683226954,1.0,1.0
372.85668042349045,379.3308863130632,2614.8975696291736,624.3885397468301
319.52219691999363,138.3766371835471,2131.944753279921,183.78754171335902

308.80648741458566,297.3135020104572,997.9681823884002,1347.776540180648
73.34798545581546,52.476869025532906,326.6222734774197,361.67155584246495
1.6156768873996978,5959.536238728227,486.9671767225838,228.30220297611515
7675.110614259764,2.2259933513862613,1290.3117387594634,368.3692602959524

Iteration: ,52500
Error:,0.04844027054022026
Absolute Error:,0.17637458173174
Transition Probabilities
8.505571149102653e-05,8.505571149102653e-05,0.18814138329918434,0.8116885052778335
0.7371001239909737,0.2626506858769555,0.00012459506603538497,0.00012459506603538497
0.09140124492353544,0.09510468048235989,0.6586303197927226,0.15486375480138204
0.11566287877988393,0.05004736540634057,0.7685007893752244,0.06578896643855103

0.10377233014818461,0.09857047020600596,0.33641409343923834,0.46124310620657105
0.09015545135855875,0.06736626699780399,0.40183389203702335,0.440644389606614
0.00023043103581963859,0.8924989483177145,0.07339318389181783,0.03387743675464802
0.8204323922355118,0.00022784404526639702,0.14049465572573303,0.03884510799348879

Transition Gammas
1.0,1.0,2211.978243448513,9543.0217565515
5915.965595151556,2108.0344048484453,1.0,1.0
385.14594515873154,400.75145676670985,2775.3319688258107,652.5638383121187
337.25117105169875,145.92869181011727,2240.803565543152,191.82823571170763

321.4347868987971,305.32202601539086,1042.0426358353802,1428.700495983245
77.25011693237589,57.72309854210469,344.31323541152534,377.56819038402847
1.6181662930549854,6267.435762798691,515.3922773088717,237.89905754874664
8037.505206580076,2.232112868102414,1376.3797450943416,380.55269477732526

Iteration: ,55000
Error:,0.04851487673622456
Absolute Error:,0.17535067523722314
Transition Probabilities
8.120178643930154e-05,8.120178643930154e-05,0.18769312971881608,0.8121444667083053
0.7384756376948022,0.26128609687751136,0.00011913271384322135,0.00011913271384322135
0.09115851597351612,0.094203406856811,0.6589996547462655,0.15563842242340734
0.11529868459233428,0.05125562820602821,0.7675029121401364,0.06594277506150113

0.10375558355066895,0.09678255625944748,0.3356067714469808,0.4638550887429027
0.08968255880006107,0.06566011337305527,0.4067244445069754,0.43793288331990826
0.00022013421237589584,0.8924782569627526,0.07375783457954467,0.03354377424532688
0.8201139451395688,0.00021829559028484907,0.14152721112755923,0.038140548142587244

Transition Gammas
1.0,1.0,2311.4408924872237,10001.559107512796
6198.76450281017,2193.2354971898303,1.0,1.0
403.3213804490963,416.79318372772957,2915.675487136715,688.6060255847648
354.04737747562496,157.39052714584457,2356.7692398997815,202.4903116331108

336.69107354539193,314.06331738809416,1089.0575745488006,1505.2285617195012
80.32346127813179,58.80795156387484,364.279472021526,392.2310588192462
1.6200146673849019,6567.938036514333,542.7996519204181,246.85579624527148
8413.967242141458,2.239605797031136,1451.9998414321167,391.3033360436696

Iteration: ,57500
Error:,0.04814081221955895
Absolute Error:,0.1754359039528337
Transition Probabilities
7.764577995185952e-05,7.764577995185952e-05,0.18768080047544675,0.8121639079646495
0.7398206997983389,0.25995117199360823,0.00011406410402646284,0.00011406410402646284
0.09262825984751699,0.09506228065981731,0.6554731707587028,0.15683628873396296
0.11544795000285622,0.05145697172473916,0.7675873380972795,0.06550774017512509

0.10258883038348265,0.09700028468032354,0.3334187277195334,0.4669921572166603
0.08949427143579508,0.06571608680595124,0.4066868283507197,0.438102813407534
0.00021129428262990882,0.8931487523995832,0.0737209036381192,0.03291904967966763
0.8193778066001255,0.00020943015353982214,0.14299774722115477,0.03741501602518006

Transition Gammas
1.0,1.0,2417.1410293232816,10459.858970676734
6486.008075132038,2278.991924867964,1.0,1.0
430.69542748346305,442.0129415551196,3047.766393847764,729.2447524372309
372.9478142604249,166.22872153838304,2479.6457623567653,211.61890284624624

348.36215719971983,329.3850635971868,1132.1940878454884,1585.77103058131
83.13494149863128,61.046399333517236,377.7882666764525,406.97187852018783
1.621600093295237,6854.563607641491,565.7787931099538,252.64069319490133
8785.912557936861,2.2456490780865708,1533.3167349017044,401.18862935161667

Iteration: ,60000
Error:,0.049575582278858166
Absolute Error:,0.17490251545823565
Transition Probabilities
7.447125409591892e-05,7.447125409591892e-05,0.18684961761948157,0.8130014398723266
0.7398321271921715,0.2599493890848658,0.00010924186148131956,0.00010924186148131956
0.0932732091044847,0.09521685911317983,0.6561665660325737,0.15534336574976187
0.11598686002352303,0.05124242581262503,0.7675077862052493,0.06526292795860268

0.10128011726939193,0.09835474884116775,0.3311115987951263,0.469253535094314
0.08979035227496207,0.06495937780505329,0.4104251221921319,0.4348251477278527
0.00020297775907407567,0.8938345587121095,0.07373472671510178,0.0322277368137146
0.8188312956690224,0.0002011674624171198,0.14406377760337993,0.03690375926518074

Transition Gammas
1.0,1.0,2509.0166653944,10916.98333460561
6772.423292317143,2379.5767076828633,1.0,1.0
453.11019519891846,462.55221658205414,3187.5794096992013,754.6396596999605
390.76450414079176,172.63784112769983,2585.765313759386,219.87348978451095

