0,1,2,3,4,5,6,7,8,9,10,11,12,13,14,15,16,17,18,19,20,21,22,23,24,25,26,27,28,29
github Code Version (SHA):,ddb97f21bb9c22f159e8ea0ce9d830001061547e
Environment Observations,Environment Actions,alpha,epsilon,numActions,explore,patience,gainThresh,insertRandActions,useBudd,revisedSplitting,haveControl,confidence_factor
"['diamond', 'square']","['x', 'y']",0.99,0.99,75000,0.5,0,0.01,False,True,False,False,250

Model Num 0
Model States: 
['diamond'],['square']
Iteration: ,0
Error:,0.6754178999937693
Absolute Error:,1
Transition Probabilities
0.5,0.5
0.5,0.5

0.5,0.5
0.5,0.5

Transition Gammas
1.0,1.0
1.0,1.0

1.0,1.0
1.0,1.0

Iteration: ,2433
Error:,0.15508012056088008
Absolute Error:,1
Transition Probabilities
0.494,0.506
0.02145922746781116,0.9785407725321889

0.042,0.958
0.9689189189189189,0.031081081081081083


Model Num 1
Model States: 
['square'],"['diamond', 'x', 'square']","['diamond', 'x', 'diamond']"
Iteration: ,0
Error:,0.7254094517792562
Absolute Error:,1
Transition Probabilities
0.3333333333333333,0.3333333333333333,0.3333333333333333
0.3333333333333333,0.3333333333333333,0.3333333333333333
0.3333333333333333,0.3333333333333333,0.3333333333333333

0.3333333333333333,0.3333333333333333,0.3333333333333333
0.3333333333333333,0.3333333333333333,0.3333333333333333
0.3333333333333333,0.3333333333333333,0.3333333333333333

Transition Gammas
1.0,1.0,1.0
1.0,1.0,1.0
1.0,1.0,1.0

1.0,1.0,1.0
1.0,1.0,1.0
1.0,1.0,1.0

Iteration: ,2500
Error:,0.12404023258956129
Absolute Error:,1
Transition Probabilities
0.9830508474576272,0.012320044623332511,0.004629107919040368
0.9956989247311828,0.002150537634408602,0.002150537634408602
0.003215434083601286,0.9769783062458011,0.019806259670597702

0.033472803347280346,0.40764670779468803,0.5588804888580318
0.9497459793236606,0.033039143683756725,0.01721487699258268
0.9417952221396456,0.030348380938189198,0.02785639692216525

Transition Gammas
754.0,9.449474226096036,3.550525773903962
463.0,1.0,1.0
1.0,303.84025324244413,6.159746757555886

24.0,292.2826894887912,400.7173105112086
79.39284018305543,2.761866342553471,1.4390563451675418
88.18140523047212,2.841554952380494,2.608227529200719

Iteration: ,5000
Error:,0.11972047733570321
Absolute Error:,1
Transition Probabilities
0.9759584145549057,0.020116342876678264,0.003925242568415954
0.9978540772532188,0.001072961373390558,0.001072961373390558
0.001644736842105263,0.979946390829114,0.018408872328780662

0.02459592410400564,0.409623555128053,0.5657805207679413
0.9457766879458165,0.03963225600297571,0.014591056051207744
0.9698825688319882,0.016806801887470378,0.013310629280541391

Transition Gammas
1502.0,30.959051687207847,6.040948312792153
930.0,1.0,1.0
1.0,595.8074056241013,11.192594375898642

35.0,582.8943189472191,805.1056810527799
153.2968983630252,6.423822872586629,2.3650018709483582
190.04919773534644,3.2933051050265503,2.608227529200719

Iteration: ,7500
Error:,0.11781852966903396
Absolute Error:,1
Transition Probabilities
0.9764049764049764,0.01966284548286199,0.003932178112161601
0.9985754985754985,0.0007122507122507123,0.0007122507122507123
0.0010952902519167577,0.9844361369403919,0.014468572807691345

0.024988213107025,0.4025644622888586,0.5724473246041163
0.9405055383476301,0.04314377991112604,0.016350681741243864
0.9753603718966242,0.013434357211741719,0.011205270891634143

Transition Gammas
2276.0,45.834092820551305,9.165907179448691
1402.0,1.0,1.0
1.0,898.790193026578,13.209806973422202

53.0,853.8392245146688,1214.16077548533
213.05926921412018,9.773660913415839,3.7040337998035717
286.1992879441501,3.9420337126382132,3.2879545271774675

Iteration: ,10000
Error:,0.11510862081396388
Absolute Error:,1
Transition Probabilities
0.9774847217754905,0.019550677315526392,0.0029646009089830936
0.9989241527703067,0.0005379236148466917,0.0005379236148466917
0.0008169934640522872,0.981830155990247,0.017352850545700738

0.023733616719801644,0.4012229840164425,0.5750433992637558
0.9482173834209146,0.03673469323186315,0.015047923347222217
0.9798751196174553,0.011435451416649313,0.008689428965895288

Transition Gammas
3039.0,60.783055773971554,9.216944226028438
1857.0,1.0,1.0
1.0,1201.760110932063,21.239889067937714

67.0,1132.6524838784164,1623.3475161215817
299.605859744344,11.606968550260751,4.7546544607168375
381.3797464124787,4.450821818086956,3.382035270755902

Iteration: ,12500
Error:,0.11312864671604995
Absolute Error:,1
Transition Probabilities
0.9791612399062256,0.018428233194393608,0.0024105268993808078
0.999137187230371,0.0004314063848144953,0.0004314063848144953
0.0006553079947575353,0.98147802032776,0.017866671677482564

0.02249086308687097,0.40051710356600634,0.5769920333471227
0.9555820561170544,0.03188241243037115,0.012535531452574439
0.9826966761118957,0.010449749385872401,0.006853574502231904

Transition Gammas
3759.0,70.74598723327706,9.254012766722921
2316.0,1.0,1.0
1.0,1497.7354590201635,27.264540979838426

80.0,1424.6393373842839,2052.3606626157143
373.37678917426746,12.457488823883407,4.898037227042644
497.59814846384455,5.291333605497233,3.47037500540125

Iteration: ,15000
Error:,0.11409343284141996
Absolute Error:,1
Transition Probabilities
0.9797385620915032,0.017584836430465496,0.0026766014780312346
0.9992756247736327,0.0003621876131836291,0.0003621876131836291
0.0005399568034557231,0.9825657661572852,0.016894277039258977

0.02249824232481839,0.39148797391623597,0.5860137837589456
0.954479106669462,0.030919884942828605,0.014601008387709485
0.985417399852933,0.009000610642265532,0.005581989504801437

Transition Gammas
4497.0,80.71439921583662,12.285600784163368
2759.0,1.0,1.0
1.0,1819.7117989232936,31.28820107670765

96.0,1670.479184700578,2500.5208152994196
445.9410489147848,14.446042692168028,6.8217197737818855
612.6432003133543,5.595763693106031,3.47037500540125

Iteration: ,17500
Error:,0.10748119010274344
Absolute Error:,1
Transition Probabilities
0.9793543543543545,0.018319683959612004,0.0023259616860336427
0.9993771410775459,0.0003114294612270321,0.0003114294612270321
0.0004638218923933206,0.9822290030459062,0.017307175061700434

0.022440392706872387,0.39068653535099795,0.5868730719421298
0.9565027726842824,0.026036213582147732,0.017461013733569994
0.9850922357892137,0.009673710451009848,0.005234053759776457

Transition Gammas
5218.0,97.60727613681274,12.392723863187246
3209.0,1.0,1.0
1.0,2117.6857305669755,37.31426943302617

112.0,1949.9164979368293,2929.0835020631675
530.7100376088715,14.446042692168028,9.688142595997128
726.9598158404021,7.138822652810207,3.862528420252442

Iteration: ,20000
Error:,0.11313069145133349
Absolute Error:,1
Transition Probabilities
0.9796727813584531,0.01810861713815283,0.0022186015033940215
0.9994542974079127,0.00027285129604365623,0.00027285129604365623
0.00040502227622519224,0.9820397061441576,0.017555271579617195

0.022195036700454394,0.39045938287687515,0.5873455804226706
0.9582628488292486,0.023812822076215143,0.01792432909453623
0.986625067982876,0.0088284201123065,0.004546511904817393

Transition Gammas
5928.0,109.57524230296276,13.424757697037224
3663.0,1.0,1.0
1.0,2424.656034469926,43.34396553007487

127.0,2234.2085888214788,3360.79141117852
621.0404518768802,15.432848931526909,11.61657623903589
838.1958400195624,7.50026048619391,3.862528420252442

Iteration: ,22500
Error:,0.11077723906711742
Absolute Error:,1
Transition Probabilities
0.9800176315016162,0.017711857839261175,0.0022705106591226
0.9995149163230658,0.00024254183846713557,0.00024254183846713557
0.00035880875493362035,0.9822857494876618,0.01735544175740465

0.022688422688422694,0.3883704645806367,0.5889411127309407
0.957832817897138,0.024552642688170794,0.017614539414691238
0.9867121514809003,0.008870269634102868,0.0044175788849967965

Transition Gammas
6670.0,120.54690445401157,15.453095545988417
4121.0,1.0,1.0
1.0,2737.630383822114,48.36961617788676

146.0,2499.1639395763964,3789.8360604236022
700.0795078594582,17.945513756273954,12.87445768634372
939.9422127908927,8.44982080682514,4.208186618671219

Iteration: ,23115
Error:,0.11199206477849263
Absolute Error:,1
Transition Probabilities
0.9792620137299771,0.0185258063479788,0.002212179922044077
0.9995284131101155,0.0002357934449422306,0.0002357934449422306
0.00034904013961605586,0.982416949479455,0.017234010380928946

0.022706630336058135,0.3878120703555474,0.5894812993083945
0.9576427489653133,0.023910393351701434,0.01844685768298535
0.9863200895151943,0.009375774699773323,0.00430413578503228


Model Num 2
Model States: 
"['diamond', 'x', 'square']","['diamond', 'x', 'diamond']","['square', 'y', 'diamond', 'x', 'diamond']","['square', 'y', 'diamond', 'x', 'square']"
Iteration: ,0
Error:,0.6754236666719031
Absolute Error:,0.74
Transition Probabilities
0.25,0.25,0.25,0.25
0.25,0.25,0.25,0.25
0.25,0.25,0.25,0.25
0.25,0.25,0.25,0.25

0.25,0.25,0.25,0.25
0.25,0.25,0.25,0.25
0.25,0.25,0.25,0.25
0.25,0.25,0.25,0.25

Transition Gammas
1.0,1.0,1.0,1.0
1.0,1.0,1.0,1.0
1.0,1.0,1.0,1.0
1.0,1.0,1.0,1.0

1.0,1.0,1.0,1.0
1.0,1.0,1.0,1.0
1.0,1.0,1.0,1.0
1.0,1.0,1.0,1.0

Iteration: ,2500
Error:,0.03893339452240185
Absolute Error:,0.03975187910335282
Transition Probabilities
0.0014534883720930235,0.0014534883720930235,0.024455146868855568,0.9726378763869584
0.9674888959822623,0.024542976527697914,0.00398406374501992,0.00398406374501992
0.00770900596264676,0.023332340397206903,0.9420259787615495,0.02693267487859692
0.011919678425570573,0.0052932298068313404,0.9649170444805942,0.01787004728700376

0.03361986825063144,0.00656481868651551,0.04801080277603977,0.9118045102868133
0.03199197634586004,0.016649756694703845,0.9163852876997197,0.03497297925971648
0.004423008682190915,0.9715625006887869,0.010414929907793788,0.013599560721228405
0.9606499643869579,0.0017366348705684645,0.003202630218114002,0.03441077052435965

Transition Gammas
1.0,1.0,16.82514104577263,669.1748589542273
242.83971289154783,6.160287108452176,1.0,1.0
1.4477355609962974,4.381765830507858,176.91055311717494,5.057901286291047
2.6374169861180627,1.1712106405500742,213.5031258770002,3.9540300144649803

5.121218095434754,1.0,7.3133478727533685,138.89256563318477
1.9214680990525483,1.0,55.038959697904446,2.10050992942384
1.35130501325717,296.8290076299609,3.1819397175934148,4.154899052015473
587.787468439478,1.0625849706105672,1.9595752647056042,21.05472382593862

Iteration: ,5000
Error:,0.033594036739223815
Absolute Error:,0.03359333102311495
Transition Probabilities
0.0007132667617689014,0.0007132667617689014,0.019995382131558583,0.9785780843449037
0.968121324376654,0.02768580350594564,0.0020964360587002093,0.0020964360587002093
0.018263282645627633,0.014939239647186556,0.93859809308932,0.028199384617865777
0.014243206666387466,0.002703764423022605,0.9493259451101288,0.03372708380046108

0.024842861275223817,0.007893807439806003,0.02647164957798877,0.9407916817069815
0.022480433017189973,0.010051988819270986,0.9462802080501534,0.02118737011338564
0.0023068614879621745,0.9740113972038257,0.008433332947192876,0.015248408361019296
0.9691018675524882,0.0008460877501998225,0.001635297745168988,0.028416746952142944

Transition Gammas
1.0,1.0,28.03352574844514,1371.9664742515554
461.79387172766405,13.206128272336073,1.0,1.0
6.448778147021908,5.275056190019839,331.41965707900437,9.957222850443877
6.409459997727761,1.2166972170346402,427.19780822584505,15.17722796013431

7.5302130504100795,2.392721641123273,8.023921194490413,285.1669025086295
2.681590728159204,1.1990569753129445,112.87755134465122,2.5273470135867635
1.3588218880014158,573.7266899594193,4.967527290757332,8.981844443742586
1222.534802450277,1.0673508690665237,2.062949698865658,35.848101509861124

Iteration: ,7500
Error:,0.035617683732366734
Absolute Error:,0.034527921601913494
Transition Probabilities
0.000470366886171213,0.000470366886171213,0.02502805443593226,0.9740312117917254
0.9708490050370883,0.026407510737946116,0.0013717421124828527,0.0013717421124828527
0.025242063177468004,0.013737536410972062,0.9392000999123812,0.02182030049917872
0.013019073199866808,0.0018299902292347279,0.9510760468411954,0.03407488972970316

0.0227373368859019,0.012414793678793438,0.026661613907919643,0.938186255527385
0.028535267196443174,0.007425534982147171,0.9461586328645174,0.01788056495689225
0.0015446439001834452,0.973950309934275,0.009155241272088227,0.01534980489345322
0.9682547024548127,0.0005625003624144692,0.0011156769988375618,0.030067120183935234

Transition Gammas
1.0,1.0,53.20964373079204,2070.7903562692104
707.7489246720376,19.251075327962724,1.0,1.0
12.667249237771925,6.893921325182473,471.3197041813207,10.95010272824702
8.83033786661524,1.2412121637746565,645.0783939473093,23.111690399283944

10.291052864331661,5.619008887863695,12.067203804546077,424.62863617982225
4.607804186038606,1.1990569753129445,152.78334978104257,2.8873092895858
1.3618075789266018,858.665815084558,8.071554194303737,13.532880061525308
1841.181283140667,1.0696205620397652,2.1215116261065985,57.174025367758084

Iteration: ,10000
Error:,0.031222064817477326
Absolute Error:,0.03133457205705427
Transition Probabilities
0.00035385704175513034,0.00035385704175513034,0.025617612320537105,0.9736746735959526
0.9686952987236445,0.029238585573876215,0.0010330578512396688,0.0010330578512396688
0.02118978424760816,0.010938157979559791,0.945785665515541,0.022086392257291206
0.014447374709994621,0.0014741661394229403,0.9549971848141201,0.02908127433646236

0.020277127536646216,0.010375330958067997,0.02157799923792747,0.9477695422673583
0.026647903868313404,0.00571762952924697,0.9522656186154602,0.015368847986979444
0.001173542497282687,0.9769914740137747,0.007715613457418152,0.014119370031524485
0.9688015345682354,0.00041887276097451537,0.001168686912476104,0.029610905758314113

Transition Gammas
1.0,1.0,72.39537241783798,2751.6046275821664
937.6970491644884,28.302950835512192,1.0,1.0
14.204574896697878,7.332395763779827,634.00755595495,14.805616204041987
12.89253354695417,1.3155148798865237,852.2194163030342,25.951518009126097

12.671488219002466,6.483703560369041,13.484422911425154,592.275733703678
5.588391980859629,1.1990569753129445,199.70176915291415,3.2230357505759994
1.3640720008566958,1135.610101776212,8.96827538079519,16.41170845907449
2478.03901893145,1.0714093739797723,2.9893137724239773,75.73995006903675

Iteration: ,12500
Error:,0.030989623775063938
Absolute Error:,0.03135180265213016
Transition Probabilities
0.0002824060999717591,0.0002824060999717591,0.027565159911549435,0.9718700278885071
0.9674693675602822,0.030877739877734286,0.0008264462809917349,0.0008264462809917349
0.01871076899283454,0.01026251992862579,0.9503829016490098,0.02064380942952982
0.017620861591020567,0.0011970578433727309,0.9516052205696277,0.02957685999597909

0.02011830098432616,0.009638830810973581,0.01971337808448224,0.950529490120218
0.03257502362083392,0.005074963828854121,0.9498005853365584,0.012549427213753564
0.0009437949083058563,0.977600610363231,0.006854294046748583,0.014601300681714679
0.9709662007919664,0.0003337315343050584,0.0009355521223141769,0.027764515551414463

Transition Gammas
1.0,1.0,97.60823124679666,3441.3917687532075
1170.6379347479424,37.362065252058514,1.0,1.0
15.181551149288786,8.326807480584757,771.1220548080831,16.74998226372195
19.582538441306014,1.3303226470071656,1057.5445313212365,32.86956173241475

16.056507051617423,7.6927944862898805,15.73333625296148,758.621887244659
8.390492472946665,1.3071808113515346,244.64432489221068,3.232411303899946
1.3656471986917773,1414.563188710555,9.917988941850117,21.127710266029478
3121.7501845044894,1.0729791396878892,3.00789049924261,89.26560108334411

Iteration: ,15000
Error:,0.028620377635417343
Absolute Error:,0.028871095950563246
Transition Probabilities
0.0002346316283435005,0.0002346316283435005,0.025767404606478868,0.9737633321368341
0.9698316287423605,0.028778517192316305,0.00069492703266157,0.00069492703266157
0.015826622523259587,0.008680617515506174,0.9580069299355038,0.01748583002573033
0.01869878749171009,0.0010069193565069724,0.9539421535618513,0.026352139589931625

0.021961004448861808,0.009586429932363572,0.01853058699653447,0.9499219786222401
0.030047543374530878,0.004188511105036821,0.9535070312203189,0.012256914300113365
0.0007898424416511953,0.9790621536645214,0.00609532703388342,0.014052676859943915
0.9729510170573344,0.00027683502987328095,0.000778959971154258,0.025993187941637932

Transition Gammas
1.0,1.0,109.82067843281303,4150.1793215671905
1395.5877137602579,41.412286239743196,1.0,1.0
15.181551149288786,8.326807480584757,918.9598846383266,16.773131635208873
24.77226167511078,1.3339725795687765,1263.788075105382,34.9114667413727

21.18224061287842,9.246483507558747,17.87346992130921,916.2365938904354
9.377454456359718,1.3071808113515346,297.57736423358784,3.8252263818093826
1.3670247535263789,1694.517955381415,10.54952544552788,24.32175850248146
3775.4474624458567,1.0742330217324918,3.0226829458855864,100.86418918800737

Iteration: ,17500
Error:,0.02673145062578522
Absolute Error:,0.026468157983712375
Transition Probabilities
0.0002012882447665053,0.0002012882447665053,0.025160088180592437,0.9744373353298745
0.9727456227935789,0.0260553364390349,0.0005995203836930452,0.0005995203836930452
0.015091507390238807,0.007343082049878573,0.9627540734455488,0.014811337114333831
0.01971636043196264,0.000869753535034603,0.954166161114955,0.025247724918047727

0.018752992300283995,0.009047084142702428,0.016958764221690736,0.9552411593353227
0.028038668383664873,0.0035384465419651435,0.9569557365654093,0.011467148508960662
0.0006777329848308163,0.980126333491176,0.005508305603089109,0.01368762792090412
0.9742552025335619,0.00023741087655588177,0.0008532635341999351,0.024654123055682146

Transition Gammas
1.0,1.0,124.99531808118343,4841.004681918825
1622.5396988196908,43.460301180310246,1.0,1.0
17.113260586870148,8.326807480584757,1091.730661086976,16.795556939628234
30.38583015688501,1.3404189523269445,1470.5113052246995,38.9104816710426

21.18224061287842,10.219036518922772,19.155589598119064,1078.9823701926925
10.358107393257523,1.3071808113515346,353.52072196528314,4.2362195709496175
1.3680705309143892,1978.4811768563598,11.119055350003343,27.62982002622232
4412.197980300112,1.075184189232036,3.8642520280829578,111.6533652265551

Iteration: ,20000
Error:,0.024844924715723773
Absolute Error:,0.0251264018851253
Transition Probabilities
0.0001768033946251765,0.0001768033946251765,0.02407364784742104,0.9755727453633286
0.9749480676995964,0.023997079979728515,0.0005274261603375525,0.0005274261603375525
0.013036141350603056,0.00786292364411333,0.9655654615947721,0.013535473410511506
0.02012411321893225,0.000767115925202185,0.9536626824891817,0.02544608836668378

0.017799106011139126,0.01043677503330324,0.015634394232080236,0.9561297247234773
0.024188178560273298,0.0030525193141090028,0.960870861185061,0.011888440940556622
0.0005935577913408491,0.980085514583874,0.005137396333755334,0.014183531291029691
0.9753742129929232,0.00020806339029977417,0.0007497987559056652,0.023667924860871242

Transition Gammas
1.0,1.0,136.16055222501362,5517.839447774995
1848.5015363584357,45.49846364156529,1.0,1.0
17.113260586870148,10.322092840006619,1267.5509503575986,17.768761277662875
35.500341003176544,1.353246060453727,1682.3275670363348,44.88867680213577

23.245505471795298,13.630353737581919,20.41840733138972,1248.698599463159
10.358107393257523,1.3071808113515346,411.4738754059474,5.0909888768116325
1.3689678293262877,2260.446344109318,11.848770936899765,32.712565359136775
5044.063029073856,1.0759817521672264,3.8775191444770942,122.39661780609819

Iteration: ,22500
Error:,0.02347142383240063
Absolute Error:,0.025071105161623967
Transition Probabilities
0.00015812776723592641,0.00015812776723592641,0.023613019569137892,0.9760707248963902
0.9749232185721786,0.024140013277938542,0.000468384074941452,0.000468384074941452
0.011471500472909627,0.007587825241609483,0.9677403557137413,0.013200318571739589
0.02174588490906991,0.000682229718063165,0.953959965765018,0.023611919607848912

0.021366270277199874,0.011405895258960018,0.014940381825640251,0.9522874526381998
0.02318417036446034,0.0026790943618024868,0.9620880334336993,0.012048701840037883
0.0005266000369901957,0.9804856601183629,0.004752126768639455,0.014235613076007507
0.9758775389266199,0.0001858196670294815,0.0006714411745580871,0.02326520023179241

Transition Gammas
1.0,1.0,149.32873575522822,6172.67126424478
2081.4610716516013,51.53892834839879,1.0,1.0
17.113260586870148,11.319568085617513,1443.6814893456647,19.692322907657417
43.22729440264197,1.3561620967030683,1896.317784302227,46.9366689177265

31.996575084717918,17.080640623140628,22.37363108659048,1426.076548937399
11.311995224810877,1.3071808113515346,469.42094838695436,5.878789516169564
1.3697757779822406,2550.4090648479505,12.361085614022718,37.029237764002254
5655.589916659282,1.076897247091926,3.8912627711847803,134.83088460536672

Iteration: ,25000
Error:,0.024867752431501428
Absolute Error:,0.02476808478621533
Transition Probabilities
0.00014249073810202327,0.00014249073810202327,0.02343745594395454,0.9762775625798414
0.9765129857542638,0.022641705708120033,0.0004226542688081148,0.0004226542688081148
0.01228668031429595,0.007091975115406174,0.9670815036525606,0.013539840917737194
0.02382997850315328,0.0009550347067776378,0.9526124080329995,0.022602578757069457

0.02026089044037623,0.012759598752455175,0.014569352737381127,0.9524101580697876
0.020541801130692487,0.0023737499649704283,0.9649538064080004,0.012130642496336441
0.0004735585580184307,0.9807853100847621,0.0044256667282999654,0.014315464628919422
0.9754660511583505,0.00016752358483178463,0.0006553791412925686,0.0237110461155251

Transition Gammas
1.0,1.0,164.48406581467307,6851.515934185332
2310.429724294589,53.570275705412016,1.0,1.0
20.49380923707505,11.829198889476094,1613.0625478632348,22.5840430262997
52.68022625050801,2.1112668827408347,2105.9119787950767,49.96685005862618

33.68295258606145,21.21234311299774,24.220989640458292,1583.345326857818
11.311995224810877,1.3071808113515346,531.3824615866295,6.680123574335267
1.3704712093380316,2838.377656265536,12.807811685718256,41.42873524306039
6274.223465494304,1.0775161326497908,4.215415987271327,152.51007634021195

Iteration: ,27500
Error:,0.023775645682297824
Absolute Error:,0.024209992158348424
Transition Probabilities
0.00012958403524685746,0.00012958403524685746,0.022761114762644693,0.9769797171668615
0.9766838776743583,0.02254659558458752,0.00038476337052712573,0.00038476337052712573
0.012604058083647972,0.006549130781715801,0.9685543933244988,0.012292417810137518
0.023229289158294177,0.0008679946482854871,0.9528983941352198,0.023004322058200435

0.019289948387726165,0.012773933057576613,0.014436093140671376,0.9535000254140259
0.02025921338987741,0.002178654717894049,0.9653804868685216,0.012181645023706913
0.0004308891148016097,0.981298135180015,0.004413716413298693,0.01385725929188465
0.9757695790989197,0.00015227261761051374,0.0005969479606522786,0.023481200322817433

Transition Gammas
1.0,1.0,175.64752262332928,7539.3524773766785
2538.4013980756577,58.59860192434297,1.0,1.0
23.17034166612542,12.039423876137414,1780.5167245833723,22.5974458919041
56.501764159940635,2.1112668827408347,2317.7825187384287,55.95456540811384

35.30663821222265,23.380292365010913,26.4225651344894,1745.2032403600651
12.283772831997204,1.3209841428167806,585.3393401276345,7.386099218739232
1.3710271853424187,3122.349518801523,14.043810769763116,44.09180587506852
6908.130514702892,1.0780404911170482,4.226196953669953,166.23924330752493

Iteration: ,30000
Error:,0.025078413655839096
Absolute Error:,0.024998093060829035
Transition Probabilities
0.00011868027533823856,0.00011868027533823856,0.02311893651135991,0.9766437029379637
0.9780387362307662,0.02126000149714404,0.0003506311360448807,0.0003506311360448807
0.014241894230327349,0.006668866338319112,0.9673654311908897,0.011723808240463783
0.024446527462682367,0.0007940160218758381,0.9511702980685303,0.023589158446911566

0.02283604230861876,0.015031467710498698,0.01493780342589688,0.9471946865549857
0.0187166557463918,0.002012769674732273,0.9680043085086635,0.011266266070212467
0.0003940217526921349,0.9812346704976708,0.004423482688016658,0.013947825061620404
0.9753521480955061,0.00014023645667727484,0.00073160669964801,0.02377600874816854

Transition Gammas
1.0,1.0,194.80015904471898,8229.199840955298
2789.366475730146,60.6335242698548,1.0,1.0
28.62036367729576,13.40168497470871,1944.0075878790544,23.560044057231988
65.22437643668451,2.118468563138246,2537.7628651479654,62.93687938765992

45.302793953417314,29.819855616976056,29.6340417299301,1879.0719135503155
12.283772831997204,1.3209841428167806,635.3028653854072,7.394069482632177
1.371448754575285,3415.326838190024,15.396560676957963,48.547389018746124
7500.071708717048,1.0783628080480352,5.625765751018365,182.82809025083185

Iteration: ,32500
Error:,0.025269215225262633
Absolute Error:,0.024958610062186838
Transition Probabilities
0.00010984182776801375,0.00010984182776801375,0.022622013999623866,0.9771583023448401
0.97810827584664,0.02124468436041275,0.0003235198964736331,0.0003235198964736331
0.013969580527999209,0.006131201457926282,0.9682428056692658,0.011656412344808572
0.023512377553800076,0.001328092371342061,0.9509975720444289,0.024161958030428882

0.023384393643414395,0.0160129782288727,0.014905464526437992,0.945697163601275
0.018612951838489936,0.0018552574475927017,0.9680384318118238,0.011493358902093413
0.0003637657902281904,0.9811356439821517,0.0044581383520937825,0.014042451875526317
0.9757316579355723,0.00012963555516276067,0.0006777916536985735,0.023460914855566478

Transition Gammas
1.0,1.0,205.95081545257625,8896.04918454745
3023.3326806419645,65.66731935803583,1.0,1.0
30.534947962448985,13.40168497470871,2116.4016791248,25.478785398329737
68.02606683147539,3.8424400171596473,2751.4284442072308,69.90543461614382

50.65530963068905,34.68733817357143,32.28824028065427,2048.570656548884
13.252831439410832,1.3209841428167806,689.2646730619022,8.183524543759502
1.3719220694595669,3700.297497101544,16.813616228466287,52.96031170295977
8120.588354771068,1.0789000962070945,5.64096385027726,195.25494578240745

Iteration: ,35000
Error:,0.025466316667337376
Absolute Error:,0.024889466586930593
Transition Probabilities
0.00010219724067450157,0.00010219724067450157,0.02239087868697642,0.9774047268316745
0.9784778798039305,0.020921699901863443,0.00030021014710297214,0.00030021014710297214
0.014371123164437578,0.00609455157659167,0.9668380740399796,0.012696251218991155
0.023784407623101293,0.0012328081365900496,0.9516801556355463,0.02330262860476232

0.024089754253326674,0.015746954198977585,0.014404302214771417,0.9457589893329243
0.018495358820281214,0.0017194506840525466,0.9687123715515145,0.011072818944151717
0.00033716937408021365,0.9808536846220851,0.004251955026049255,0.01455719097778541
0.9762128702205788,0.00012089448720457467,0.0007303778088391712,0.02293585748337747

Transition Gammas
1.0,1.0,219.09474795206475,9563.905252047956
3259.3098176268923,69.69018237310712,1.0,1.0
34.254607086599705,14.526802619142025,2304.5281822202246,30.262429178500803
74.45343787975324,3.859116672979949,2979.0886732106055,72.94530260129335

56.16400180290529,36.71319992396815,33.58287706269545,2204.9876069064912
14.209233183538815,1.3209841428167806,744.2223808094293,8.506797186547667
1.3723464878404514,3992.269798668754,17.306303582205093,59.250665828367325
8715.465669494719,1.0793258161250863,6.520691247658154,204.76750982767982

Iteration: ,37500
Error:,0.024843559930768953
Absolute Error:,0.024852639570365063
Transition Probabilities
9.555661729574751e-05,9.555661729574751e-05,0.022574589229021544,0.9772342975363869
0.9779554643289304,0.021484468463004582,0.00028003360403248403,0.00028003360403248403
0.01400927351629345,0.006010981896274359,0.9667559337103457,0.013223810877086451
0.02454135398347538,0.001153005073594897,0.9508091219206102,0.02349651902231954

0.024789956727719553,0.015944319213162476,0.01410333498463797,0.94516238907448
0.0170701169450977,0.002647327857856317,0.9696766578582722,0.01060589733877395
0.00031456797236565606,0.9819185902072043,0.003982914890530913,0.013783926929899161
0.9759093786193019,0.00011310482824456056,0.0007778640068299478,0.023199652545623582

Transition Gammas
1.0,1.0,236.24307628171098,10226.756923718312
3492.278963118609,76.72103688138934,1.0,1.0
36.175211877362585,15.521757315667559,2496.3893163335315,34.146964134036104
82.30906097527598,3.8670549706110986,3188.9115019777505,78.80479692428749

61.91317609997866,39.82110392855096,35.223226570803504,2360.552948138524
14.209233183538815,2.203646229638845,807.1627035982157,8.828391093746562
1.372819704011807,4285.233421045877,17.382011270896417,60.155032140489155
9315.39867730924,1.0796254145208697,7.424985863545881,221.44885311307272

Iteration: ,40000
Error:,0.02436200643665038
Absolute Error:,0.024722903342684732
Transition Probabilities
8.946144211844681e-05,8.946144211844681e-05,0.02302641308974957,0.9767946640260136
0.9770227313736786,0.022453571323362596,0.00026184865147944495,0.00026184865147944495
0.013735690560011855,0.005670229458079032,0.9675337812866858,0.013060298695223318
0.023815837751097968,0.0010846575430759104,0.9516351547298556,0.02346434997597044

0.02600349513588308,0.015481727596113269,0.014161256027282385,0.9443535212407212
0.016001503083571598,0.0034599035148124456,0.9697477617400486,0.01079083166156735
0.0002946061609846607,0.9826474433495026,0.003958064781206367,0.0130998857083065
0.9761887515467381,0.00010619544866872551,0.0007715512920197108,0.022933501712573554

Transition Gammas
1.0,1.0,257.3892455172211,10918.610754482797
3731.249811116077,85.75018888392172,1.0,1.0
37.942014808767,15.66284047588182,2672.6127017184403,36.07638395289066
85.06024574930024,3.8739446469236913,3398.844120915421,83.80487792043417

68.71039387316215,40.90817774330786,37.41902672270214,2495.3146513915344
14.209233183538815,3.0723723626307176,861.1298578523026,9.582190030694314
1.3731854928869143,4580.207044279057,18.448891629738167,61.0597312459454
9927.721272665436,1.079994840278878,7.846583114792068,233.23093248910985

Iteration: ,42500
Error:,0.02428344585299021
Absolute Error:,0.024604131439313483
Transition Probabilities
8.404773911581769e-05,8.404773911581769e-05,0.022989733395585146,0.9768421711261832
0.9762909954133036,0.02321395508174587,0.0002475247524752476,0.0002475247524752476
0.013224403583794639,0.005324784244464322,0.9685167928310422,0.012934019340698905
0.023691312106929152,0.0010254958791142404,0.9520608577352845,0.0232223342786721

0.026177720805074477,0.014738637122251536,0.013807238489763037,0.945276403582911
0.01593285492740148,0.0032895708776589567,0.9696504019044295,0.011127172290509989
0.0002778828676846826,0.9822542012706857,0.00401814549434555,0.013449770367283957
0.9761936533326936,9.972274039432256e-05,0.0007256539409243628,0.022980969985987657

Transition Gammas
1.0,1.0,273.5318479406724,11622.46815205934
3944.2156214697457,93.78437853025329,1.0,1.0
38.89955239726204,15.66284047588182,2848.8898944771017,38.045387821289495
89.57860713985758,3.877475931434368,3599.8126723999067,87.80536720932393

73.11461407274611,41.16514853129531,38.56374361643048,2640.1656566923302
15.101993377127618,3.118027361346201,919.085375120408,10.54691597978707
1.3735459109457029,4855.17964063733,19.86127233869572,66.48080626584046
10574.64996081849,1.0802498758349777,7.860670259191288,248.9421156675701

Iteration: ,45000
Error:,0.024542905818069484
Absolute Error:,0.02480287329506519
Transition Probabilities
7.932101213611473e-05,7.932101213611473e-05,0.022739960708618556,0.9771013972671092
0.9761547560126511,0.023376859912407545,0.00023419203747072605,0.00023419203747072605
0.013940069306457284,0.005105741699167382,0.9678280522982092,0.013126136696166262
0.022618516926422295,0.0011804189480818354,0.952043022754144,0.024158041371351885

0.02645257253160644,0.014127980268834639,0.013710225350313588,0.9457092218492453
0.015280373880641157,0.004066749653156838,0.968360919604003,0.01229195686219905
0.0002634996819809459,0.9820616588840295,0.0038945908702452845,0.01378025056374429
0.9761341795253525,9.40008010899416e-05,0.0006855265810349894,0.02308629309252259

Transition Gammas
1.0,1.0,286.6826846535546,12318.317315346465
4168.180808174019,99.8191918259802,1.0,1.0
43.48804560386897,15.928093539112774,3019.2784232106983,40.948866084982654
90.56192682530025,4.72626099877072,3811.8701965149667,96.72600471692388

78.23544563544601,41.7845497234874,40.54900856098448,2797.0051806690335
15.101993377127618,4.019275104663448,957.056437804599,12.148462634153777
1.3738036921243943,5120.157727424686,20.305160433718576,71.84585180729034
11220.567412196504,1.08053006190505,7.880061344738425,265.3746927172816

Iteration: ,45648
Error:,0.02489167862759256
Absolute Error:,0.024814256286690414
Transition Probabilities
7.822277847309123e-05,7.822277847309123e-05,0.022584768210726424,0.9772587862323274
0.9760485298527487,0.02349010913225709,0.00023068050749711655,0.00023068050749711655
0.013746205511458387,0.005034736423632188,0.9673665339547758,0.01385252411013363
0.022501842554428525,0.0013859554681081578,0.9523294728609786,0.02378272911648475

0.026061854567177373,0.013919302807104308,0.013635928198039037,0.9463829144276793
0.01509833248977295,0.0049376085278390845,0.9678182026139331,0.012145856368454827
0.0002597757997812693,0.9819423805171613,0.004042653839376659,0.013755189843680926
0.9759730390632437,9.269428886963942e-05,0.0006765247215959786,0.023257741926290636


Model Num 3
Model States: 
"['diamond', 'x', 'square']","['diamond', 'x', 'diamond']","['square', 'y', 'diamond', 'x', 'diamond']","['square', 'x', 'square', 'y', 'diamond', 'x', 'diamond']","['square', 'x', 'square', 'y', 'diamond', 'x', 'square']"
Iteration: ,0
Error:,0.6487108805227155
Absolute Error:,1
Transition Probabilities
0.2,0.2,0.2,0.2,0.2
0.2,0.2,0.2,0.2,0.2
0.2,0.2,0.2,0.2,0.2
0.2,0.2,0.2,0.2,0.2
0.2,0.2,0.2,0.2,0.2

0.2,0.2,0.2,0.2,0.2
0.2,0.2,0.2,0.2,0.2
0.2,0.2,0.2,0.2,0.2
0.2,0.2,0.2,0.2,0.2
0.2,0.2,0.2,0.2,0.2

Transition Gammas
1.0,1.0,1.0,1.0,1.0
1.0,1.0,1.0,1.0,1.0
1.0,1.0,1.0,1.0,1.0
1.0,1.0,1.0,1.0,1.0
1.0,1.0,1.0,1.0,1.0

1.0,1.0,1.0,1.0,1.0
1.0,1.0,1.0,1.0,1.0
1.0,1.0,1.0,1.0,1.0
1.0,1.0,1.0,1.0,1.0
1.0,1.0,1.0,1.0,1.0

Iteration: ,2500
Error:,0.31798048979774096
Absolute Error:,1
Transition Probabilities
0.00205761316872428,0.00205761316872428,0.43827160493827166,0.543278180208562,0.014334988515717762
0.9829038444267849,0.009096155573215112,0.0026666666666666674,0.0026666666666666674,0.0026666666666666674
0.2,0.2,0.2,0.2,0.2
0.00438676415843698,0.005447068990572651,0.7129772048534259,0.2651632168563635,0.012025745141201135
0.1852635107251554,0.07661699056965122,0.5207512035417424,0.16951539519956096,0.04785289996389004

0.00965760550960214,0.039062896029652606,0.33687293239363303,0.603422947328954,0.010983618738158287
0.01634787023655662,0.009829624125316622,0.5035791735073829,0.44822045936730376,0.022022872763440213
0.3281474541978196,0.6412267135784786,0.006657789613848201,0.010028381564424866,0.01393966104542866
0.2,0.2,0.2,0.2,0.2
0.2,0.2,0.2,0.2,0.2

Transition Gammas
1.0,1.0,213.0,264.0331955813611,6.966804418638832
368.5889416600442,3.411058339955666,1.0,1.0,1.0
1.0,1.0,1.0,1.0,1.0
2.4706693504195676,3.0678436128701754,401.5558767141045,149.34256984973177,6.773019670815638
4.057289519776324,1.6779198000636757,11.404503737788309,3.712404205727564,1.047983322535804

1.0,4.044780664401135,34.88162071423344,62.481631365973335,1.1373024842687713
1.6631226207777337,1.0,51.2307660076638,45.59894189777741,2.2404592975960647
246.43873810256255,481.56126189743753,5.0,7.531314554883075,10.468685445116925
1.0,1.0,1.0,1.0,1.0
1.0,1.0,1.0,1.0,1.0

Iteration: ,5000
Error:,0.3130444410831594
Absolute Error:,1
Transition Probabilities
0.0010080645161290322,0.0010080645161290322,0.43749999999999994,0.546320323877278,0.014163547090463963
0.9833172391236026,0.012655915238813577,0.00134228187919463,0.00134228187919463,0.00134228187919463
0.2,0.2,0.2,0.2,0.2
0.0034990902454535835,0.004262553841892628,0.7117425025300421,0.27252954525725875,0.007966308125352916
0.17903711252518134,0.05048863929385439,0.6442430418805798,0.09844183028825138,0.02778937601213305

0.005368262444558733,0.03582480242789879,0.3993541875342394,0.5395774073126787,0.01987534028062423
0.013013855017893898,0.0080729110129689,0.4982781631195024,0.4689430974328141,0.011691973416820793
0.3458093922920996,0.630396820530108,0.0066093853271645756,0.007740325555951062,0.009444076294676832
0.2,0.2,0.2,0.2,0.2
0.2,0.2,0.2,0.2,0.2

Transition Gammas
1.0,1.0,434.0,541.9497612862599,14.050238713740253
732.5713431470845,9.428656852916122,1.0,1.0,1.0
1.0,1.0,1.0,1.0,1.0
3.9286870282704287,4.785883990190442,799.1258701577269,305.9890469140614,8.944362448480462
6.751785572998703,1.9040100768863546,24.295470443661813,3.712404205727564,1.047983322535804

1.1126756629796086,7.425379478788197,82.77383789772375,111.83779772521972,4.119546622781909
2.528206279007526,1.5683273161406435,96.80067735186236,91.10174362605956,2.271403866552312
523.2096105379466,953.7903894620531,10.0,11.711112566153954,14.288887433846044
1.0,1.0,1.0,1.0,1.0
1.0,1.0,1.0,1.0,1.0

Iteration: ,7500
Error:,0.3117791460063243
Absolute Error:,1
Transition Probabilities
0.0006706908115358819,0.0006706908115358819,0.43259557344064387,0.5545926207018053,0.011470424234479052
0.9802334824895793,0.017125672439998088,0.0008802816901408443,0.0008802816901408443,0.0008802816901408443
0.2,0.2,0.2,0.2,0.2
0.003254768265195447,0.00339828641443827,0.6994534075415517,0.28649362584067617,0.007399911938138367
0.16279187580867496,0.056889646252868804,0.6628555441260615,0.09748841105831793,0.019974522754076712

0.006250258449998646,0.030028256733041537,0.40870111856687014,0.5382976912764053,0.01672267497368441
0.017423997405897566,0.006848052346507664,0.4655244712501289,0.5000861452875576,0.010117333709908088
0.34184315322423403,0.6349632696125187,0.006244424620874222,0.007963627389580522,0.008985525152792367
0.2,0.2,0.2,0.2,0.2
0.2,0.2,0.2,0.2,0.2

Transition Gammas
1.0,1.0,645.0,826.8975974663916,17.102402533608267
1113.545236108163,19.454763891837842,1.0,1.0,1.0
1.0,1.0,1.0,1.0,1.0
5.610695578305875,5.858097721793038,1205.744870653242,493.8688068536192,12.756254764783574
8.54103865169904,2.9847722136840513,34.77737936706051,5.114827031788811,1.047983322535804

1.9185059584219388,9.217121167745692,125.45009737708071,165.22953992706982,5.132995992793536
4.742342168834094,1.8638551568100186,126.70320588353857,136.10996142849288,2.7536653714390416
766.4123495287324,1423.5876504712664,14.0,17.854452607439523,20.145547392560477
1.0,1.0,1.0,1.0,1.0
1.0,1.0,1.0,1.0,1.0

Iteration: ,10000
Error:,0.3087167047936386
Absolute Error:,1
Transition Probabilities
0.0005083884087442806,0.0005083884087442806,0.42907981698017283,0.5581364890117757,0.011766917190562897
0.9793662334435219,0.018667842572205405,0.0006553079947575358,0.0006553079947575358,0.0006553079947575358
0.2,0.2,0.2,0.2,0.2
0.004102772044890895,0.003224783675059345,0.7081983296841395,0.2781934617810251,0.006280652814885213
0.1397581933627342,0.04884023936606238,0.6836090201521879,0.10974783168402263,0.01804471543499284

0.009863842409877123,0.02990161637658015,0.4011512620953421,0.5465416800195557,0.012541599098644924
0.01878332982319956,0.006001288758462352,0.46234692776157843,0.505555120542083,0.0073133331146766406
0.3329262168665106,0.6443465104062167,0.00668449197860963,0.008104856724975995,0.007937924023687115
0.2,0.2,0.2,0.2,0.2
0.2,0.2,0.2,0.2,0.2

Transition Gammas
1.0,1.0,844.0,1097.8544738861629,23.145526113837217
1494.512872234815,28.48712776518546,1.0,1.0,1.0
1.0,1.0,1.0,1.0,1.0
9.40307492816002,7.390828004068803,1623.107958510726,637.586962431583,14.39452359768999
8.54103865169904,2.9847722136840513,41.77737936706051,6.707016238543766,1.1027662012571462

4.048656278503523,12.273246251300671,164.65425018201918,224.33036866640316,5.1477529570381115
