0,1,2,3,4,5,6,7,8,9,10,11,12,13,14,15,16,17,18,19,20,21,22,23,24,25,26,27,28,29
github Code Version (SHA):,ddb97f21bb9c22f159e8ea0ce9d830001061547e
Environment Observations,Environment Actions,alpha,epsilon,numActions,explore,patience,gainThresh,insertRandActions,useBudd,revisedSplitting,haveControl,confidence_factor
"['square', 'diamond']","['x', 'y']",0.99,0.99,75000,0.5,0,0.01,False,True,False,False,250

Model Num 0
Model States: 
['square'],['diamond']
Iteration: ,0
Error:,0.6763495087560769
Absolute Error:,1
Transition Probabilities
0.5,0.5
0.5,0.5

0.5,0.5
0.5,0.5

Transition Gammas
1.0,1.0
1.0,1.0

1.0,1.0
1.0,1.0

Iteration: ,2500
Error:,0.262462699164118
Absolute Error:,1
Transition Probabilities
0.9875930521091811,0.01240694789081886
0.9792626728110599,0.020737327188940093

0.23943661971830985,0.7605633802816901
0.36907216494845363,0.6309278350515464

Transition Gammas
796.0,10.0
425.0,9.0

187.0,594.0
179.0,306.0

Iteration: ,2804
Error:,0.2662387224245462
Absolute Error:,1
Transition Probabilities
0.985539488320356,0.014460511679644048
0.98,0.02

0.2313860252004582,0.7686139747995419
0.362453531598513,0.637546468401487


Model Num 1
Model States: 
['diamond'],"['square', 'y', 'diamond']","['square', 'y', 'square']"
Iteration: ,0
Error:,0.6162284785404158
Absolute Error:,1
Transition Probabilities
0.3333333333333333,0.3333333333333333,0.3333333333333333
0.3333333333333333,0.3333333333333333,0.3333333333333333
0.3333333333333333,0.3333333333333333,0.3333333333333333

0.3333333333333333,0.3333333333333333,0.3333333333333333
0.3333333333333333,0.3333333333333333,0.3333333333333333
0.3333333333333333,0.3333333333333333,0.3333333333333333

Transition Gammas
1.0,1.0,1.0
1.0,1.0,1.0
1.0,1.0,1.0

1.0,1.0,1.0
1.0,1.0,1.0
1.0,1.0,1.0

Iteration: ,2500
Error:,0.13500688056655466
Absolute Error:,1
Transition Probabilities
0.03168316831683167,0.9512906837844347,0.01702614789873368
0.014672367635965801,0.9488071978402354,0.03652043452379872
0.012586848335163327,0.9592256402240043,0.028187511440832393

0.6502057613168725,0.010580525946067891,0.33921371273705964
0.9969465648854962,0.0015267175572519084,0.0015267175572519084
0.0020040080160320644,0.038003815098339916,0.959992176885628

Transition Gammas
16.0,480.40179531113967,8.59820468886051
2.820192046945343,182.37128320547254,7.019633201020573
1.974780834283113,150.49521211560165,4.422406298802001

316.0,5.142135609788995,164.85786439021098
653.0,1.0,1.0
1.0,18.963903734071614,479.03609626592834

Iteration: ,5000
Error:,0.1294713903752832
Absolute Error:,1
Transition Probabilities
0.02281746031746031,0.9576901077901308,0.019492431892408894
0.01895052593991517,0.946953975489147,0.034095498570937834
0.011799142452288964,0.953703789318569,0.03449706822914198

0.6475409836065574,0.008373948731527019,0.34408506766191566
0.9984813971146546,0.0007593014426727411,0.0007593014426727411
0.0010559662090813087,0.04140125505453854,0.9575427787363802

Transition Gammas
23.0,965.3516286524522,19.64837134754817
7.717092516653372,385.62156327652656,13.884475697803662
3.849983573320925,311.187354296084,11.256169382391246

632.0,8.17297396197037,335.82702603802966
1315.0,1.0,1.0
1.0,39.20698853664802,906.7930114633525

Iteration: ,7500
Error:,0.12993998346616192
Absolute Error:,1
Transition Probabilities
0.02250165453342158,0.9631457732914527,0.014352572175125682
0.023732923157336886,0.944033761792503,0.03223331505016006
0.013642994166394397,0.9554826657066071,0.030874340126998478

0.6510204081632653,0.007618955271428814,0.34136063656530585
0.9989842559674962,0.0005078720162519045,0.0005078720162519045
0.0007062146892655364,0.033460651043868694,0.9658331342668658

Transition Gammas
34.0,1455.3132634433846,21.6867365566149
14.571381484262893,579.6115373529021,19.790395265874146
6.694637000155975,468.8567281369457,15.150083423676309

957.0,11.199864249000356,501.80013575099963
1967.0,1.0,1.0
1.0,47.3802818781181,1367.6197181218827

Iteration: ,10000
Error:,0.12952724755217504
Absolute Error:,1
Transition Probabilities
0.020242914979757082,0.966237765421145,0.013519319599097829
0.020825061156567185,0.9521290428408525,0.0270458960025803
0.01013684922691961,0.9565500760646858,0.033313074708394674

0.6487036095577021,0.008252069323968013,0.34304432111832994
0.9992316557817903,0.000384172109104879,0.000384172109104879
0.000523012552301255,0.03165336568820706,0.9678236217594917

Transition Gammas
40.0,1909.285824472183,26.714175527817314
17.52870507512316,801.4184957220903,22.764856773166375
6.694637000155975,631.730371871244,22.000814803432792

1276.0,16.23182036024508,674.768179639755
2601.0,1.0,1.0
1.0,60.52123519585193,1850.4787648041493

Iteration: ,11459
Error:,0.1301210037569881
Absolute Error:,1
Transition Probabilities
0.02108963093145869,0.9654090454767289,0.013501323591812364
0.020031599621472967,0.9565634753838375,0.023404924994689498
0.010159211426779448,0.9578913619011536,0.03194942667206691

0.6508429458740018,0.007651260432075903,0.3415057936939224
0.9993304318714429,0.00033478406427854036,0.00033478406427854036
0.00046040515653775324,0.03158183494577863,0.9679577598976836


Model Num 2
Model States: 
"['square', 'y', 'diamond']","['square', 'y', 'square']","['diamond', 'y', 'diamond']","['diamond', 'y', 'square', 'y', 'square']"
Iteration: ,0
Error:,0.6765979493480645
Absolute Error:,0.74
Transition Probabilities
0.25,0.25,0.25,0.25
0.25,0.25,0.25,0.25
0.25,0.25,0.25,0.25
0.25,0.25,0.25,0.25

0.25,0.25,0.25,0.25
0.25,0.25,0.25,0.25
0.25,0.25,0.25,0.25
0.25,0.25,0.25,0.25

Transition Gammas
1.0,1.0,1.0,1.0
1.0,1.0,1.0,1.0
1.0,1.0,1.0,1.0
1.0,1.0,1.0,1.0

1.0,1.0,1.0,1.0
1.0,1.0,1.0,1.0
1.0,1.0,1.0,1.0
1.0,1.0,1.0,1.0

Iteration: ,2500
Error:,0.030902018065262576
Absolute Error:,0.03317389382369479
Transition Probabilities
0.9469139704031172,0.030122868642028233,0.011456498274323148,0.011506662680531535
0.9730522805232789,0.007875570099340317,0.014319314180391311,0.00475283519698957
0.9340638734469182,0.03878756663837349,0.013574279957354093,0.013574279957354093
0.9449201943717437,0.028108799118478568,0.013485503254888833,0.013485503254888833

0.0021691973969631233,0.0021691973969631233,0.9614408052605468,0.034220799945526924
0.02309965457606396,0.9743750928986834,0.0012626262626262627,0.0012626262626262627
0.0028653295128939823,0.0028653295128939823,0.026879041609834106,0.967390299364378
0.033024535480771396,0.9598580267968088,0.003558718861209966,0.003558718861209966

Transition Gammas
163.47936664974674,5.200543704277448,1.9778999364777978,1.9865605388256715
246.96516289158006,1.998856064960538,3.6343080735130653,1.2062915242232795
101.14091359517157,4.199937539027016,1.4698299712813385,1.4698299712813385
70.06933123012568,2.0843715349138656,1.0,1.0

1.0,1.0,443.22421122511213,15.775788774887912
18.294926424242657,771.7050735757573,1.0,1.0
1.0,1.0,9.380785521832104,337.619214478168
9.279894470096758,269.72010552990315,1.0,1.0

Iteration: ,5000
Error:,0.026656750374520685
Absolute Error:,0.028917492924265688
Transition Probabilities
0.956002913888881,0.02250176609285926,0.014667387870946999,0.006827932147312876
0.9677613024432316,0.011231470427090832,0.01394184694542978,0.0070653801842479325
0.9355373526994342,0.043597186642316876,0.01301920120809079,0.007846259450158191
0.9578186407707079,0.021285166946274373,0.00703579647346084,0.01386039580955702

0.001152073732718894,0.001152073732718894,0.9644153255936765,0.03328052694088569
0.018753148770144976,0.9800887736386564,0.0005790387955993053,0.0005790387955993053
0.001477104874446085,0.001477104874446085,0.027239860571754447,0.9698059296793533
0.022519950246928173,0.973823742623273,0.0018281535648994515,0.0018281535648994515

Transition Gammas
306.37253849187067,7.211194755020271,4.700492843465559,2.188163732799712
491.50553413552706,5.704226711130016,7.080769723328749,3.5883574312820326
175.2530424192263,8.167006456704897,2.4388706821832464,1.4698299712813385
136.13506933914564,3.025267576536989,1.0,1.9699824834101867

1.0,1.0,837.1125026153112,28.887497384688775
32.38668792604036,1692.613312073959,1.0,1.0
1.0,1.0,18.44138560707777,656.5586143929225
12.318412785069711,532.6815872149303,1.0,1.0

Iteration: ,7500
Error:,0.020051354156170056
Absolute Error:,0.023021780094458363
Transition Probabilities
0.9656314350441471,0.014541643494374897,0.013090859301385071,0.0067360621600930926
0.9745869139166793,0.011355606046549074,0.009329514738012443,0.004727965298759071
0.957146587669894,0.030083581539047742,0.007967856506265794,0.004801974284792576
0.9626155332271038,0.014314817919068261,0.013770883018040964,0.009298765835787001

0.0007518796992481205,0.0007518796992481205,0.9676560998882521,0.030840140713251696
0.018422979122536126,0.9807839994658858,0.0003965107057890565,0.0003965107057890565
0.0009832841691248767,0.0009832841691248767,0.027052694144816498,0.9709807375169338
0.021172229966220115,0.9763857675917774,0.001221001221001221,0.001221001221001221

Transition Gammas
479.8307183329069,7.225870027033604,6.504962653676907,3.3472082905677274
739.6767899081292,8.618500934120751,7.080769723328749,3.5883574312820326
292.9717357967153,9.208243769570364,2.4388706821832464,1.4698299712813385
203.93413192724566,3.0326541233290487,2.917419236671798,1.9699824834101867

1.0,1.0,1286.982612851375,41.01738714862475
46.462753347036085,2473.5372466529625,1.0,1.0
1.0,1.0,27.51258994527839,987.4874100547221
17.340056342334275,799.6599436576657,1.0,1.0

Iteration: ,10000
Error:,0.02057537789688436
Absolute Error:,0.02342629669944448
Transition Probabilities
0.9673514635022074,0.012184803062756279,0.015503685273174904,0.00496004816186134
0.9746656240089432,0.013108682049661174,0.007806575366569031,0.004419118574826401
0.9531944885521578,0.0263842114643299,0.014179924497424628,0.0062413754860876
0.96210452349233,0.017269145521157547,0.010251945204825775,0.010374385781686762

0.000555247084952804,0.000555247084952804,0.9699432689948958,0.028946236835198595
0.0176955061866762,0.9816892984888083,0.00030759766225776713,0.00030759766225776713
0.0007267441860465117,0.0007267441860465117,0.03021956195162381,0.9683269496762832
0.021198501511029113,0.9769882618615909,0.0009066183136899363,0.0009066183136899363

Transition Gammas
652.8014916113893,8.222717300246451,10.462411288613318,3.3472082905677274
1005.390318852285,13.521911208311112,8.052664527816788,4.558423856908289
405.09625732755967,11.212974314374764,6.026298318005618,2.6525099340749243
273.7882605151105,4.9143198034841475,2.917419236671798,2.952262428587737

1.0,1.0,1746.8678274598071,52.13217254019266
57.52809061288426,3191.4719093871126,1.0,1.0
1.0,1.0,41.582117245434354,1332.4178827545654
23.381947166665118,1077.618052833335,1.0,1.0

Iteration: ,12500
Error:,0.021510076235317078
Absolute Error:,0.02341376080891094
Transition Probabilities
0.9645773443178084,0.011263079070695507,0.0163324268389591,0.00782714977253694
0.9716925854471252,0.014925222517939141,0.00896181291102009,0.004420379123915603
0.9587059923293783,0.024698639312223714,0.011523314897632794,0.005072053460765309
0.9596923816721556,0.018820498686705812,0.012381930117436112,0.009105189523702402

0.0004438526409232133,0.0004438526409232133,0.9706048691198343,0.028507425598319074
0.016913245898405472,0.9825936574546518,0.00024654832347140057,0.00024654832347140057
0.0005773672055427253,0.0005773672055427253,0.0286703932254463,0.9701748723634683
0.0212206588489175,0.977336339708081,0.0007215007215007211,0.0007215007215007211

Transition Gammas
788.3804107008431,9.20568055617254,13.349023232705761,6.397383878691371
1265.3735826749512,19.436170011583556,11.670400165976357,5.756379180599414
501.37034007664636,12.916540931712047,6.026298318005618,2.6525099340749243
348.5053618310509,6.834528261256833,4.496408555651097,3.3064838588894956

1.0,1.0,2186.772770126988,64.2272298730129
68.60012536393253,3985.3998746360644,1.0,1.0
1.0,1.0,49.65712106647298,1680.342878933527
29.41183316459967,1354.5881668354011,1.0,1.0

Iteration: ,15000
Error:,0.020800438766571887
Absolute Error:,0.023283030781049062
Transition Probabilities
0.9656535085786792,0.011318481811544111,0.016542806816126108,0.006485202793650546
0.9689830652714388,0.015557708560603472,0.011552662415592465,0.003906563752365307
0.9605456085186105,0.022402370729733074,0.011257771869307622,0.005794248882348654
0.9659506456185274,0.01590728847697631,0.010454346416227719,0.007687719488268509

0.00037037037037037035,0.00037037037037037035,0.966915640263927,0.032343618995332335
0.018431649154582144,0.9811572511537426,0.00020554984583761573,0.00020554984583761573
0.0004819277108433736,0.0004819277108433736,0.02878061025382216,0.9702555343244911
0.02117452916524521,0.9776307277045277,0.0005973715651135,0.0005973715651135

Transition Gammas
952.5771798888612,11.165213390601572,16.318793567628497,6.397383878691371
1518.3772699679164,24.37862115225747,18.102793173722226,6.121508019967758
596.5421565651739,13.912882874867226,6.991584209512734,3.5984899553935596
415.45483326953496,6.841715890919871,4.496408555651097,3.3064838588894956

1.0,1.0,2610.6722287126026,87.3277712873973
89.66997313704208,4773.3300268629555,1.0,1.0
1.0,1.0,59.719766276680964,2013.2802337233186
35.44616182262052,1636.553838177381,1.0,1.0

Iteration: ,17500
Error:,0.01986331595983585
Absolute Error:,0.022618149601169042
Transition Probabilities
0.9658409000427386,0.01295772187343989,0.015707046078518073,0.005494332005303251
0.9716123893030867,0.014246261589648222,0.010833281963333092,0.0033080671439319745
0.9625594981507497,0.020341176953977316,0.011648900693859912,0.00545042420141316
0.964976853704314,0.019446016743756185,0.008976304537950792,0.006600825013978972

0.000314861460957179,0.000314861460957179,0.96774123772914,0.03162903934894566
0.01772505862976646,0.9819159393957226,0.0001795009872554299,0.0001795009872554299
0.0004096681687832859,0.0004096681687832859,0.029818858006287963,0.9693618056561455
0.02006994916917332,0.978913274013338,0.0005083884087442803,0.0005083884087442803

Transition Gammas
1124.5871194806232,15.087461212336331,18.28866607762047,6.397383878691371
1797.9480991880334,26.36240462517756,20.046758283839498,6.121508019967758
705.2447263157593,14.903502382355034,8.534875815473033,3.9933977396879956
483.3759998512587,9.74089456193082,4.496408555651097,3.3064838588894956

1.0,1.0,3073.5461710277473,100.45382897225137
98.74630162642895,5470.253698373571,1.0,1.0
1.0,1.0,72.78783239334885,2366.212167606649
39.47759001576395,1925.5224099842374,1.0,1.0

Iteration: ,20000
Error:,0.01864182109632894
Absolute Error:,0.021736136006490547
Transition Probabilities
0.9695834646353766,0.011260668997287955,0.01364387754950622,0.005511988817829076
0.9719817656629155,0.014297753281266987,0.010800090691629833,0.0029203903641878536
0.9642881480926326,0.018684571024130722,0.011927200853708221,0.005100080029528519
0.9648476243112313,0.020081488746704772,0.007720650915893918,0.007350236026170111

0.00027329871549603725,0.00027329871549603725,0.9681398562171923,0.03131354635181563
0.017631089302425653,0.9820506927182585,0.00015910898965791577,0.00015910898965791577
0.00035701535166012156,0.00035701535166012156,0.02922808492179376,0.970057884374886
0.019337760542233236,0.9797733505688779,0.0004444444444444442,0.0004444444444444442

Transition Gammas
1299.6589975802358,15.094141262610929,18.28866607762047,7.388436501799463
2060.936449952038,30.31616634257272,22.899915775669854,6.1922344248284595
819.7505106062919,15.883931237552986,10.139426694469622,4.335626458345038
561.9149421613696,11.695202748386405,4.496408555651097,4.280683651437909

1.0,1.0,3542.423733898706,114.57626610129336
110.81139626574516,6172.188603734251,1.0,1.0
1.0,1.0,81.86786586594428,2717.1321341340545
43.509961220024806,2204.4900387799767,1.0,1.0

Iteration: ,22500
Error:,0.018201607293110184
Absolute Error:,0.02125176788883228
Transition Probabilities
0.9698592804929912,0.010602760883669316,0.014575002889083184,0.004962955734256316
0.9722743956865552,0.013513047709795526,0.01157507995531383,0.002637476648335459
0.9650902466478969,0.017684593858150126,0.012367297796768791,0.004857861697184202
0.9643092675145054,0.01934885860716368,0.00843451724740733,0.007907356630923543

0.00024342745861733226,0.00024342745861733226,0.969406322651279,0.03010682243148634
0.016544932981426758,0.983171941310759,0.00014156285390713483,0.00014156285390713483
0.000316856780735108,0.000316856780735108,0.029130648002232327,0.9702356384362975
0.018402406685797006,0.9808067669006008,0.00039541320680110695,0.00039541320680110695

Transition Gammas
1470.941186419491,16.080722211184142,22.105239876487897,7.527087839159114
2324.1011969639367,32.30126237644052,27.668791133908236,6.304560381879072
920.429495405627,16.86621728677486,11.794985712630533,4.63305810645177
631.78167333013,12.676694790427366,5.526000423114971,5.180623242146565

1.0,1.0,3982.3211734514507,123.67882654854579
116.87340658079857,6945.126593419199,1.0,1.0
1.0,1.0,91.93632509504515,3062.063674904952
46.539686508380655,2480.4603134916206,1.0,1.0

Iteration: ,25000
Error:,0.01891945116917141
Absolute Error:,0.021729134458714883
Transition Probabilities
0.9699665621043447,0.010702462247026352,0.01486688485193495,0.004464090796694009
0.9720267480417609,0.012939573594957576,0.012227996690497582,0.002805681672783864
0.9660672928583907,0.01582077205875765,0.012733784629347534,0.005378150453504514
0.9611942303040868,0.020104197259528937,0.009624790346414041,0.009076782089970094

0.0002190100744634255,0.0002190100744634255,0.9687262614101717,0.030835718440901348
0.01693216170076054,0.9828130936807196,0.0001273723092599669,0.0001273723092599669
0.0002855511136493434,0.0002855511136493434,0.029413245502342072,0.9700156522703592
0.018712465007081992,0.9805755378409067,0.0003559985760056958,0.0003559985760056958

Transition Gammas
1635.5006756165303,18.045863558221317,25.067668484263784,7.527087839159114
2575.5802027609307,34.28600051436959,32.40053451092755,7.434217408347319
1030.6113151524055,16.8777753048231,13.584542837476071,5.737470622335077
699.6937813750867,14.634692301034974,7.0062904458907855,6.607372145003017

1.0,1.0,4423.204109598841,140.79589040115545
132.934401512671,7716.065598487329,1.0,1.0
1.0,1.0,103.00518574920187,3396.994814250796
52.563314204893345,2754.436685795108,1.0,1.0

Iteration: ,27500
Error:,0.019051949922496602
Absolute Error:,0.021208828691669623
Transition Probabilities
0.9681007940273726,0.010722692036849897,0.016080795572549142,0.0050957183632284065
0.9720409534515728,0.012863359907150311,0.011826278421674,0.0032694082196029046
0.9679097447229043,0.015012602698769304,0.012122741268728258,0.004954911309598117
0.963488911153074,0.01950847002259921,0.008750421499625393,0.008252197324701319

0.00019932230416583611,0.00019932230416583611,0.9701179656030691,0.02948338978859925
0.01684259804590167,0.9829266682208265,0.0001153668666359022,0.0001153668666359022
0.00026055237102657664,0.00026055237102657664,0.02972285426039175,0.9697560409975552
0.018431599012990976,0.9809169351889634,0.00032573289902280105,0.00032573289902280105

Transition Gammas
1807.032456001587,20.014705747415878,30.016006284879985,9.511539011026427
2815.3148380159423,37.25605169694514,34.25236045952802,9.469162219447481
1150.229192832165,17.84043809731341,14.406230519390403,5.888238719846357
771.4466272536115,15.620048375856529,7.0062904458907855,6.607372145003017

1.0,1.0,4867.081833430599,147.91816656940247
145.99163986187565,8520.008360138123,1.0,1.0
1.0,1.0,114.07631465138341,3721.9236853486127
56.58500896988234,3011.41499103012,1.0,1.0

Iteration: ,30000
Error:,0.019051927982929574
Absolute Error:,0.02101451183258117
Transition Probabilities
0.9681530521898533,0.011656665838559151,0.015081541624455137,0.005108740347132395
0.9714449779477152,0.012476408922104,0.013006594176179392,0.0030720189540014327
0.9679924776574358,0.01505892158452538,0.012354026969445986,0.004594573788592693
0.9664832629638744,0.017913214825188224,0.008030374475555239,0.007573147735382079

0.00018261504747991232,0.00018261504747991232,0.9691308121639407,0.0305039577410996
0.01722813733797785,0.982560535527618,0.00010566356720202877,0.00010566356720202877
0.00023998080153587735,0.00023998080153587735,0.02907242336964143,0.9704476150272867
0.01845736592481075,0.9809434729008334,0.0002995805871779508,0.0002995805871779508

Transition Gammas
1990.4471940785945,23.965196162106402,31.006473760400414,10.503171855137342
3055.0083981667326,39.235916496797735,40.90324757632663,9.66091123722591
1270.638240989636,19.767138769164802,16.216550706658055,6.031081120550339
843.2312181741624,15.628808627411825,7.0062904458907855,6.607372145003017

1.0,1.0,5306.96032740974,167.03967259026143
163.04709176662232,9298.952908233374,1.0,1.0
1.0,1.0,121.14478818129572,4043.8552118187004
61.61068745701829,3274.389312542982,1.0,1.0

Iteration: ,32500
Error:,0.018240437040044383
Absolute Error:,0.020823417421394826
Transition Probabilities
0.970016429721249,0.011257466550822763,0.01398784391590197,0.004738259812026378
0.9713725200677344,0.013233685863586695,0.012562288901428917,0.002831505167249944
0.967936208562622,0.015168889317091615,0.012015844811829908,0.0048790573084563395
0.967748474674474,0.01669405883646149,0.008502403893388235,0.007055062595676259

0.00016829350387075049,0.00016829350387075049,0.9681647840842945,0.03149862890796397
0.017467645784192937,0.9823373083800356,9.752291788570312e-05,9.752291788570312e-05
0.00022197558268590472,0.00022197558268590472,0.029123992222089348,0.9704320566125387
0.018402210650241738,0.9810454557402581,0.000276166804750069,0.000276166804750069

Transition Gammas
2150.2090784067614,24.95412040020347,31.006473760400414,10.503171855137342
3314.25978069792,45.15247436175941,42.86171164962594,9.66091123722591
1384.9612428414262,21.70424415914809,17.192743919657808,6.981147325657734
906.33842410584,15.634710230732408,7.962870050957169,6.607372145003017

1.0,1.0,5752.835147028882,187.16485297112203
179.11323987111442,10072.886760128888,1.0,1.0
1.0,1.0,131.20358496051242,4371.796415039484
66.63440476452534,3552.3655952354757,1.0,1.0

Iteration: ,35000
Error:,0.01822408360067218
Absolute Error:,0.0205649415646328
Transition Probabilities
0.9706013648688633,0.010830895327680655,0.013768092583151753,0.004799647220304179
0.972647563203002,0.012543517157891282,0.012183019648114937,0.0026258999909918894
0.968300934498051,0.015359945805381957,0.011803965414600335,0.0045351542819666866
0.9666470291332907,0.01771340120178879,0.008984617042110031,0.0066549526228103905

0.00015647003598810813,0.00015647003598810813,0.9686620940676748,0.031024965860349002
0.017378954024806836,0.9824401814427279,9.043226623259182e-05,9.043226623259182e-05
0.00020648358455502803,0.00020648358455502803,0.028340861321938613,0.9712461715089512
0.01859754300416681,0.9808905552809624,0.0002559508574353725,0.0002559508574353725

Transition Gammas
2324.8300912034097,25.9426704761212,32.977983644305205,11.496341019911455
3578.4537893458964,46.14867522781533,44.82237397676323,9.66091123722591
1490.5449867896264,23.644188910589666,18.170323755900576,6.981147325657734
959.7358563385224,17.58675686026696,8.920380315568268,6.607372145003017

1.0,1.0,6190.719443186515,198.28055681349065
192.17647360631392,10863.823526393682,1.0,1.0
1.0,1.0,137.2547913821486,4703.745208617847
72.66060051727969,3832.3393994827184,1.0,1.0

Iteration: ,35161
Error:,0.017945983585034353
Absolute Error:,0.020452991000185678
Transition Probabilities
0.9707457333013172,0.010777739855794987,0.013700457615235263,0.0047760692276523145
0.9727636980057632,0.012490378145469851,0.012131194196281628,0.00261472965248527
0.9684987540244355,0.015264334313720247,0.011730126668733527,0.004506784993110698
0.9669051618800336,0.017576764068913824,0.008914820264686625,0.006603253786365768

0.00015564202334630338,0.00015564202334630338,0.9686706888281043,0.031018027125203112
0.017403625241999857,0.9824161945778199,9.009009009009012e-05,9.009009009009012e-05
0.0002055076037813401,0.0002055076037813401,0.028208295165337887,0.9713806896270994
0.01852205733297965,0.9809681287491004,0.00025490695895997973,0.00025490695895997973

*,*,*,*,*,*,*,*,*,*,*
Model Num 2
Model States: 
"['square', 'y', 'diamond']","['square', 'y', 'square']","['diamond', 'y', 'diamond']","['diamond', 'y', 'square', 'y', 'square']"
Iteration: ,35161
Error:,0.017858017922309576
Absolute Error:,0.020452991000185678
Transition Probabilities
0.9707457333013172,0.010777739855794987,0.013700457615235263,0.0047760692276523145
0.9727636980057632,0.012490378145469851,0.012131194196281628,0.00261472965248527
0.9684987540244355,0.015264334313720247,0.011730126668733527,0.004506784993110698
0.9669051618800336,0.017576764068913824,0.008914820264686625,0.006603253786365768

0.00015564202334630338,0.00015564202334630338,0.9686706888281043,0.031018027125203112
0.017403625241999857,0.9824161945778199,9.009009009009012e-05,9.009009009009012e-05
0.0002055076037813401,0.0002055076037813401,0.028208295165337887,0.9713806896270994
0.01852205733297965,0.9809681287491004,0.00025490695895997973,0.00025490695895997973

Transition Gammas
2336.654571303542,25.942792472255682,32.977983644305205,11.496341019911455
3594.170331260376,46.1494879472823,44.82237397676323,9.66091123722591
1500.2340907977862,23.64491912418069,18.170323755900576,6.981147325657734
967.5082073412049,17.587726455104033,8.920380315568268,6.607372145003017

1.0,1.0,6223.709175720575,199.29082427943015
193.18024018619835,10904.819759813798,1.0,1.0
1.0,1.0,137.26156427453404,4726.738435725461
72.66203091727913,3848.3379690827187,1.0,1.0

