0,1,2,3,4,5,6,7,8,9,10,11,12,13,14,15,16,17,18,19,20,21,22,23,24,25,26,27,28,29
github Code Version (SHA):,ddb97f21bb9c22f159e8ea0ce9d830001061547e
Environment Observations,Environment Actions,alpha,epsilon,numActions,explore,patience,gainThresh,insertRandActions,useBudd,revisedSplitting,haveControl,confidence_factor
"['diamond', 'square']","['x', 'y']",0.99,0.99,75000,0.5,0,0.01,False,True,False,False,250

Model Num 0
Model States: 
['diamond'],['square']
Iteration: ,0
Error:,0.6748621294240001
Absolute Error:,1
Transition Probabilities
0.5,0.5
0.5,0.5

0.5,0.5
0.5,0.5

Transition Gammas
1.0,1.0
1.0,1.0

1.0,1.0
1.0,1.0

Iteration: ,2436
Error:,0.1440285261763755
Absolute Error:,1
Transition Probabilities
0.48221343873517786,0.5177865612648221
0.016058394160583942,0.983941605839416

0.032,0.968
0.9800266311584553,0.019973368841544607


Model Num 1
Model States: 
['square'],"['diamond', 'x', 'square']","['diamond', 'x', 'diamond']"
Iteration: ,0
Error:,0.721221408100889
Absolute Error:,1
Transition Probabilities
0.3333333333333333,0.3333333333333333,0.3333333333333333
0.3333333333333333,0.3333333333333333,0.3333333333333333
0.3333333333333333,0.3333333333333333,0.3333333333333333

0.3333333333333333,0.3333333333333333,0.3333333333333333
0.3333333333333333,0.3333333333333333,0.3333333333333333
0.3333333333333333,0.3333333333333333,0.3333333333333333

Transition Gammas
1.0,1.0,1.0
1.0,1.0,1.0
1.0,1.0,1.0

1.0,1.0,1.0
1.0,1.0,1.0
1.0,1.0,1.0

Iteration: ,2500
Error:,0.12819127740633843
Absolute Error:,1
Transition Probabilities
0.972027972027972,0.024348469614244927,0.003623558357783043
0.995850622406639,0.002074688796680498,0.002074688796680498
0.003115264797507788,0.9810630986196939,0.015821636582798344

0.03542234332425069,0.37408606791134597,0.5904915887644033
0.9252960585587354,0.049206740687683805,0.025497200753580675
0.9652004154873829,0.02269283283357608,0.012106751679041126

Transition Gammas
695.0,17.409155774185123,2.590844225814876
480.0,1.0,1.0
1.0,314.92125465692175,5.0787453430782685

26.0,274.57917384692786,433.4208261530719
71.96216397682672,3.8269087060068983,1.9829693692170545
107.54391327374216,2.5284655984708664,1.3489503648214614

Iteration: ,5000
Error:,0.11954332665775633
Absolute Error:,1
Transition Probabilities
0.9769021739130435,0.01784722519944289,0.00525060088751363
0.9978471474703983,0.001076426264800861,0.001076426264800861
0.0015748031496062994,0.9825074540355704,0.015917742814823194

0.03044982698961937,0.3698670362327834,0.5996831367775973
0.9397557687116012,0.03456455704304946,0.02567967424534929
0.9701580821890267,0.02307047553935412,0.0067714422716192045

Transition Gammas
1438.0,26.271115493579934,7.728884506420063
927.0,1.0,1.0
1.0,623.8922333125871,10.107766687412726

44.0,534.4578673563722,866.5421326436284
156.48693923950051,5.7556462199231815,4.276146800175032
216.94366621941643,5.158946399374193,1.5142083944541915

Iteration: ,7500
Error:,0.11556926551501419
Absolute Error:,1
Transition Probabilities
0.9756975697569757,0.020287126001402783,0.00401530424162152
0.9985590778097982,0.0007204610951008645,0.0007204610951008645
0.0010548523206751054,0.9861551151732458,0.012790032506079059

0.02553389043639739,0.36874082225071675,0.605725287312886
0.9348365394209412,0.03773125082091657,0.027432209758142118
0.9761438406309619,0.019198634059967124,0.004657525309070928

Transition Gammas
2168.0,45.07799397511698,8.922006024883016
1386.0,1.0,1.0
1.0,934.875049184237,12.124950815762947

55.0,794.2677311280443,1304.7322688719569
237.1217126449036,9.570548900914883,6.958192459522493
327.49707751386046,6.441157834723589,1.5626036488450568

Iteration: ,10000
Error:,0.11648840816425152
Absolute Error:,1
Transition Probabilities
0.9768943255181787,0.01968965588412941,0.0034160185976918607
0.9989241527703067,0.0005379236148466917,0.0005379236148466917
0.0008032128514056226,0.9862322112498006,0.012964575898793814

0.025250778277412653,0.3756433158042864,0.5991059059183008
0.9282552198743462,0.04579397015976141,0.025950809965892475
0.9789175551196996,0.017547305137871227,0.0035351397424291946

Transition Gammas
2875.0,57.94665726699285,10.053342733007145
1857.0,1.0,1.0
1.0,1227.8591030060015,16.140896993998297

73.0,1085.9848259901923,1732.0151740098083
312.64676917774256,15.4239227657771,8.740523855583733
443.638103094175,7.9523072449425785,1.602098850206387

Iteration: ,12500
Error:,0.116287042184544
Absolute Error:,1
Transition Probabilities
0.9787465940054496,0.018479676843892515,0.00277372915065789
0.9991427346763824,0.0004286326618088298,0.0004286326618088298
0.0006497725795971415,0.9862548268569569,0.013095400563446009

0.023428886438809263,0.38219420575514457,0.5943769078060461
0.9294650917118662,0.043471991612470805,0.02706291667566303
0.9821253035622,0.014978629475958839,0.0028960669618412435

Transition Gammas
3592.0,67.82041401708553,10.179585982914457
2331.0,1.0,1.0
1.0,1517.8461785328554,20.15382146714339

85.0,1386.6005784796644,2156.399421520335
382.2277393319789,17.87716529266328,11.129194149310871
561.6786697881373,8.566296631184517,1.6562642596055894

Iteration: ,15000
Error:,0.11730486068468253
Absolute Error:,1
Transition Probabilities
0.9798960921617348,0.017563660427481458,0.00254024741078373
0.9992844364937388,0.00035778175313059033,0.00035778175313059033
0.0005420054200542008,0.9847325904280396,0.014725404151906173

0.023694501955371525,0.3823261009147875,0.5939793971298409
0.9318619683172199,0.04250879147255089,0.025629240210229307
0.983581651120776,0.01395816892014801,0.002460179959075916

Transition Gammas
4338.0,77.75432471246042,11.245675287539573
2793.0,1.0,1.0
1.0,1816.8316293397322,27.168370660266874

103.0,1661.971560676581,2582.028439323418
450.3465640173578,20.543480505770415,12.385997775931541
672.8679576220962,9.548779811764655,1.6830084849183071

Iteration: ,17500
Error:,0.11353440244323096
Absolute Error:,1
Transition Probabilities
0.981139412794089,0.0164795498177057,0.0023810373882052448
0.9993900579444953,0.0003049710277523635,0.0003049710277523635
0.00046360686138154853,0.9841516439867478,0.015384749151870582

0.023402163225172076,0.38411480900946016,0.5924830277653679
0.9369861961865275,0.04066275808966606,0.022351045723806494
0.9852643366231535,0.012452705214867509,0.0022829581619789145

Transition Gammas
5046.0,84.75432471246042,12.245675287539573
3277.0,1.0,1.0
1.0,2122.8150960794146,33.18490392058484

119.0,1953.223803813105,3012.7761961868955
519.2378506784428,22.53356900994573,12.385997775931541
782.0515593757214,9.884309387581315,1.8120933887491573

Iteration: ,20000
Error:,0.10978288594594081
Absolute Error:,1
Transition Probabilities
0.9804886325076348,0.017069773993811994,0.002441593498553119
0.9994648113459995,0.0002675943270002676,0.0002675943270002676
0.00040567951318458417,0.9845011882356405,0.015093132251174951

0.022762545266425245,0.38422922997689873,0.593008224756676
0.9376241183311219,0.03882011407258181,0.02355576759629648
0.9862538513957159,0.011597082674041605,0.0021490659302426302

Transition Gammas
5779.0,100.6092479195279,14.390752080472083
3735.0,1.0,1.0
1.0,2426.795429000854,37.204570999146256

132.0,2228.1453046360357,3438.8546953639643
598.4812844818777,24.77870532516209,15.035541185822517
892.825901418838,10.498489590308901,1.9454846474485716

Iteration: ,22500
Error:,0.11126179736565778
Absolute Error:,1
Transition Probabilities
0.9802276812462553,0.01730875177630989,0.0024635669774348682
0.9995231282784931,0.0002384358607534573,0.0002384358607534573
0.0003604902667627973,0.9833365332880046,0.01630297644523266

0.022615384615384617,0.38383556201692354,0.5935490533676918
0.9428958148701244,0.03606504148580362,0.021039143644072104
0.9871293477132428,0.010695611215368607,0.0021750410713886606

Transition Gammas
6544.0,115.5532268586448,16.44677314135518
4192.0,1.0,1.0
1.0,2727.7755433409257,45.224456659075415

147.0,2494.931153110003,3858.068846889997
673.8367824402336,25.773739929808507,15.035541185822517
998.1335398816929,10.814842359134719,2.199287711385008

Iteration: ,23500
Error:,0.12022403837008637
Absolute Error:,1
Transition Probabilities
0.98076370944588,0.016872481150943686,0.0023638094031763236
0.9995435874030123,0.00022820629849383843,0.00022820629849383843
0.0003447087211306445,0.982338850684858,0.017316440594011343

0.022382565159770284,0.38473235995091815,0.5928850748893115
0.9430585629428812,0.035645131754204716,0.02129630530291413
0.9870589248246583,0.010828348071860151,0.002112727103481604


Model Num 2
Model States: 
"['diamond', 'x', 'square']","['diamond', 'x', 'diamond']","['square', 'y', 'diamond', 'x', 'diamond']","['square', 'y', 'diamond', 'x', 'square']"
Iteration: ,0
Error:,0.6756676162524922
Absolute Error:,0.74
Transition Probabilities
0.25,0.25,0.25,0.25
0.25,0.25,0.25,0.25
0.25,0.25,0.25,0.25
0.25,0.25,0.25,0.25

0.25,0.25,0.25,0.25
0.25,0.25,0.25,0.25
0.25,0.25,0.25,0.25
0.25,0.25,0.25,0.25

Transition Gammas
1.0,1.0,1.0,1.0
1.0,1.0,1.0,1.0
1.0,1.0,1.0,1.0
1.0,1.0,1.0,1.0

1.0,1.0,1.0,1.0
1.0,1.0,1.0,1.0
1.0,1.0,1.0,1.0
1.0,1.0,1.0,1.0

Iteration: ,2500
Error:,0.03101921909684475
Absolute Error:,0.045355388883193605
Transition Probabilities
0.001477104874446086,0.001477104874446086,0.04295777770883928,0.9540880125422685
0.9757660736742749,0.016421426325725033,0.003906249999999999,0.003906249999999999
0.010769710044457462,0.005698606126287667,0.9379473870888088,0.04558429674044613
0.005867075783148002,0.016552900417055406,0.9684764201873882,0.009103603612408398

0.01822221399625274,0.010323101098071396,0.024784474221618835,0.946670210684057
0.02343559357335624,0.022545723684227525,0.8228613386612967,0.13115734408111948
0.004359096398830721,0.9803931394908751,0.007623882055147063,0.007623882055147063
0.9759461451654412,0.0020539516911484233,0.010999951571705241,0.010999951571705241

Transition Gammas
1.0,1.0,29.08241550888419,645.9175844911157
249.79611486061444,4.203885139385609,1.0,1.0
1.8898849658650374,1.0,164.59242248065854,7.99920116081822
1.2353596426875608,3.4853453237115795,203.92044156485701,1.916836414163347

2.9901956212095406,1.6939814068205037,4.067037425128781,155.34496078792063
1.3623846625324247,1.310653730913236,47.83551411548492,7.624588359381382
1.3437147485133965,302.2114218966596,2.350102365521363,2.350102365521363
586.1677406020108,1.2336338721867246,6.606734184523034,6.606734184523034

Iteration: ,5000
Error:,0.026653268599397414
Absolute Error:,0.031796092910008004
Transition Probabilities
0.0007278020378457055,0.0007278020378457055,0.030906857013689767,0.9676375389106188
0.9711258247831838,0.024817380084970385,0.002028397565922921,0.002028397565922921
0.015970454431672904,0.002774536133874776,0.9532271762126714,0.0280278332217809
0.006168176628973093,0.01871927570532854,0.9705450540492798,0.004567493616418464

0.020368732105198205,0.005057791357117276,0.014508573205299092,0.9600649033323855
0.013336173468138013,0.03164956788391925,0.8852808320433265,0.06973342660461627
0.002286252016508796,0.9847414271149479,0.006484839400814549,0.006487481467728762
0.9847662115528689,0.0010024346960658234,0.007118237628859879,0.007113116122205445

Transition Gammas
1.0,1.0,42.46602153680977,1329.533978463191
478.7650316181096,12.2349683818904,1.0,1.0
5.756080894635667,1.0,343.56271831336466,10.101808687796275
2.5982359209768653,7.885165662052627,408.825034372775,1.9239763542547461

6.822000163798682,1.6939814068205037,4.859285706731644,321.54985857560655
1.556171869767722,3.693125869195492,103.30168027296472,8.137056489545424
1.35238904309426,582.5051248483553,3.8359838235505395,3.8375466881516864
1218.9422109280886,1.2408122358368516,8.810944375875502,8.804604982249481

Iteration: ,7500
Error:,0.028257804980079675
Absolute Error:,0.029658714636817702
Transition Probabilities
0.0004814636494944634,0.0004814636494944634,0.025851572566615796,0.9731855001343954
0.977868049945121,0.019410861619504786,0.0013605442176870747,0.0013605442176870747
0.021891003868222736,0.003920362885827485,0.9512348137550102,0.022953819490939588
0.005001325689961652,0.017882994944791536,0.970703417384388,0.006412261980858835

0.021038086306846174,0.005013688528122443,0.012732526611594509,0.9612156985534369
0.00978967131910727,0.0434285469310647,0.8971434080292496,0.04963837372057826
0.001544178793861715,0.9849502536029972,0.006371576091525338,0.00713399151161584
0.9805356261578858,0.0006653208147494613,0.009398522224187337,0.009400530803177397

Transition Gammas
1.0,1.0,53.693716220860985,2021.3062837791383
718.733016709664,14.266983290336016,1.0,1.0
11.581316090895829,2.0740465830208996,503.2455853133791,12.143592894057596
3.2029995459214127,11.452808362960543,621.6676932972142,4.106605625433177

10.389504954068812,2.4759733866162126,6.2878650833334735,474.68933801264234
1.6569581270497,7.350531129981697,151.84667723846405,8.401579998841346
1.35782869551891,866.0873490278899,5.602660059279437,6.273067876962299
1834.307224041221,1.244628695014309,17.58199982869653,17.585757316801235

Iteration: ,10000
Error:,0.023932600704502812
Absolute Error:,0.02619953796981701
Transition Probabilities
0.0003597122302158275,0.0003597122302158275,0.02333480830697435,0.975945767232594
0.9771360012484442,0.020812716700273706,0.0010256410256410259,0.0010256410256410259
0.019044886761131027,0.002909975038764134,0.9595688298058906,0.01847630839421436
0.005280228859143404,0.014281495766927657,0.9726620518763891,0.007776223497539908

0.021955597552135317,0.003975959001451234,0.010796261803335119,0.9632721816430784
0.011838222221834862,0.033048738726495865,0.9111870633495164,0.043925975702152883
0.0011628110145083176,0.9862807951063542,0.005851903069369922,0.006704490809767673
0.9803415570504307,0.000499289697113626,0.009573345107805671,0.009585808144650036

Transition Gammas
1.0,1.0,64.87076709338866,2713.12923290661
952.707601217233,20.29239878276686,1.0,1.0
13.573993517043847,2.0740465830208996,683.9201113826407,13.16874673541374
4.569330596040039,12.358721052788853,841.7086819162746,6.729279524963406

14.20512393731077,2.572418730629731,6.9851087683611786,623.2306223099296
2.6329967290241765,7.350531129981697,202.6615578227054,9.769790444518094
1.3594030508871051,1153.0275385857615,6.841262068162309,7.837993575677071
2448.7181561958396,1.2471365084248525,23.91250662834692,23.943637068939438

Iteration: ,12500
Error:,0.023437140853089986
Absolute Error:,0.024617749305182356
Transition Probabilities
0.0002892681515765116,0.0002892681515765116,0.023146839841587524,0.9762746238552594
0.9749779490876814,0.02337188589581682,0.0008250825082508254,0.0008250825082508254
0.01722349491382805,0.0022947126339370716,0.9658806498710806,0.014601142581154317
0.004686349907531479,0.01399951576606043,0.9741749408994537,0.007139193426954563

0.026711441885406945,0.003151874048007529,0.009217527182580162,0.9609191568840053
0.012043872947141739,0.02856400418348841,0.92030788222647,0.03908424064289973
0.0009283067424118055,0.9870908509958365,0.00522524318821908,0.006755599073532552
0.9810952052006559,0.00039981846075391633,0.009185372636195108,0.009319603702395284

Transition Gammas
1.0,1.0,80.01862533236802,3374.9813746676296
1181.6732742942695,28.326725705729974,1.0,1.0
15.567234975480828,2.0740465830208996,872.9988373463834,13.197055452946332
5.044440220366534,15.069237634705207,1048.612961155288,7.684708819123549

22.01391799097798,2.5975796105801447,7.596515693440958,791.9301251633622
3.501271448259809,8.30383488222999,267.54248619109654,11.362170328471995
1.3608045480582303,1446.976153477005,7.659682269208934,9.903030457623178
3064.1627139500406,1.2487155306609474,28.687813574432525,29.107044884425747

Iteration: ,15000
Error:,0.025081276692284438
Absolute Error:,0.024643499638592338
Transition Probabilities
0.00023969319271332704,0.00023969319271332704,0.022091456800143308,0.97742915681443
0.9753777087437082,0.023229533596124605,0.0006963788300835655,0.0006963788300835655
0.01987757531848549,0.001954788436591229,0.9650286349286136,0.01313900131630978
0.006286841588119878,0.01595017548276411,0.9707157851120548,0.007047197817061046

0.02690756065555786,0.004571189178347744,0.008452467311777708,0.9600687828543167
0.0109251700028707,0.026220700571998167,0.9260186216436423,0.03683550778148885
0.0007862881556137344,0.9853708518694367,0.006064330977067316,0.007778528997882193
0.9812325904096895,0.00032998321090392735,0.009129524843017822,0.009307901536388772

Transition Gammas
1.0,1.0,92.16555777019784,4077.8344422298
1400.642389755965,33.35761024403493,1.0,1.0
21.49237205383511,2.11358979617009,1043.4247704850682,14.206375786857022
8.096781575398936,20.542125193239677,1250.1784200665197,9.076039318565929

26.712297977469547,4.538016991078955,8.39112948093979,953.1017595671129
3.6924757188545403,8.862040606051744,312.9746516281067,12.449620284085825
1.361293911840663,1705.9640692515625,10.49912399103202,13.466900260793047
3716.9542759688334,1.2499916113213991,34.58306087107285,35.25876000666874

Iteration: ,17500
Error:,0.02391138031678681
Absolute Error:,0.023174231768268577
Transition Probabilities
0.00020686801820438564,0.00020686801820438564,0.02240600551498799,0.9771802584486032
0.977823173254455,0.020990587125141694,0.0005931198102016611,0.0005931198102016611
0.020602304201350816,0.0016594181974422457,0.9666646554269515,0.011073622174255391
0.0064367338953335365,0.01514190472296613,0.9710433200395601,0.007378041342140242

0.02643337473012368,0.0045435500022261545,0.007776055532797956,0.9612470197348522
0.009565198335154816,0.023148548191007638,0.934522197735256,0.03276405573858143
0.0006644698651249886,0.9843148700225164,0.006094231804948371,0.008926428307410273
0.9809338535249867,0.0002862672806241385,0.00927154014114717,0.009508339053241943

Transition Gammas
1.0,1.0,108.31063065945192,4723.689369340547
1648.6098701070102,35.390129892988874,1.0,1.0
26.45859825833585,2.1311149956623527,1241.443263748984,14.221347161450637
9.779211782773011,23.004818202568206,1475.2883110172177,11.209322926826623

30.547557182305376,5.250723939743345,8.98634788278569,1110.858851791174
3.8832871773963342,9.397866851866604,379.39809926574037,13.301578605173038
1.36220491946169,2017.9072500026025,12.493557617513646,18.299738169900454
4285.889982838075,1.2507571902349877,40.50915448949951,41.543774797124655

Iteration: ,20000
Error:,0.0234287543576852
Absolute Error:,0.023684919864311534
Transition Probabilities
0.00018158707100054467,0.00018158707100054467,0.022054608420802035,0.9775822174371969
0.9775011057884362,0.021462624781512063,0.0005181347150259068,0.0005181347150259068
0.02207898810302119,0.0021031779252279723,0.9647651711809436,0.01105266279080716
0.007933360425837737,0.014609896456438724,0.9687528556156957,0.008703887502027809

0.02703830658771364,0.004059748158638677,0.008335996627838255,0.9605659486258095
0.008097742568074207,0.021485606207584055,0.9368768893775037,0.03353976184683801
0.000576365713303492,0.9838991873018066,0.006052069506181854,0.009472377478707954
0.9795796273195414,0.0002519845613229692,0.010031805715134226,0.01013658240400126

Transition Gammas
1.0,1.0,121.45472857335687,5383.545271426646
1886.5771341716813,41.42286582831827,1.0,1.0
32.40561269871961,3.0868610899839357,1415.9981579149267,16.222134276137233
13.886557454497233,25.573168954462105,1695.7054093877332,15.235288375496493

35.39914242396531,5.31511109273333,10.913669127808108,1257.5939514816962
3.8832871773963342,10.303461536730547,449.281016373906,16.084053798678287
1.3630640399530203,2326.851806404926,14.312715209742054,22.40150101935191
4864.824413333123,1.2514150065180347,49.82032291375949,50.34066876389044

Iteration: ,22500
Error:,0.023634718453382136
Absolute Error:,0.023671505458978406
Transition Probabilities
0.0001611084259706781,0.0001611084259706781,0.022006981661560163,0.9776708014864985
0.978111450433275,0.02096604034163278,0.00046125461254612566,0.00046125461254612566
0.021349331453406745,0.001922297833563355,0.9660357851169769,0.01069258559605298
0.007605923946457378,0.013948811158281503,0.9697898063642498,0.00865545853101128

0.02710634541571307,0.004185325389633723,0.008591347662113768,0.9601169815325394
0.00775744813811955,0.025137248290546286,0.9348239998741292,0.032281303697204985
0.0005132183713274216,0.9834651639086452,0.005796239696822175,0.010225378023205145
0.9800442115245112,0.000222847138756462,0.00990260843941477,0.009830332897317726

Transition Gammas
1.0,1.0,136.59733517330406,6068.402664826703
2120.5456245393393,45.45437546065985,1.0,1.0
34.38885023344001,3.096378565612078,1556.060900878011,17.223289894271065
14.939642355330408,27.398413585745878,1904.8721718648346,17.00115012784616

40.32573245039228,6.2264502754534625,12.781228228939733,1428.3526578214269
4.163206045431129,13.490460030851557,501.69396667516673,17.32447530602246
1.3634994135561433,2612.833540572608,15.399233287394994,27.16640267956274
5507.259413746076,1.2522669776640059,55.64670747228261,55.24056236687111

Iteration: ,25000
Error:,0.02429453395381749
Absolute Error:,0.023993989776203747
Transition Probabilities
0.00014471780028943543,0.00014471780028943543,0.02181558714773655,0.9778949772516846
0.9778560026696693,0.02131583998043421,0.0004140786749482402,0.0004140786749482402
0.020334110671395993,0.001742563574769683,0.9671725195149745,0.010750806238859798
0.007778895916404652,0.013346099849844329,0.969607522313724,0.009267481920027035

0.027005341237592705,0.004134726432943425,0.008807271236551673,0.9600526610929122
0.0071368663294429134,0.030748658227510606,0.9314987021776443,0.030615773265402078
0.00046223192120416895,0.9838009731762238,0.005535093096946657,0.010201701805625357
0.9799749923478132,0.00020067613260811782,0.009896985142635567,0.009927346376943194

Transition Gammas
1.0,1.0,150.74570719085975,6757.254292809149
2361.522246447251,51.47775355274861,1.0,1.0
36.346447839369155,3.1147659762787523,1728.7840171772261,19.216656410823784
17.020374836298494,29.20152480353628,2121.5200269065745,20.277429825849094

44.29790463343126,6.782351520775761,14.446907294562523,1574.8114734045391
4.226443598116263,18.209318168142197,551.6324034584545,18.13062385449469
1.3638681790571636,2902.817352693945,16.331925591331114,30.101288610002086
6118.180269202674,1.2528613123906371,61.78886165165934,61.9784129219877

Iteration: ,27500
Error:,0.023682888448904902
Absolute Error:,0.023959299890280013
Transition Probabilities
0.00013123359580052485,0.00013123359580052485,0.021114662263081917,0.978622870545317
0.9786048298643187,0.020637881229963632,0.0003786444528587658,0.0003786444528587658
0.020682673286998677,0.0016016466559614054,0.9668388331546979,0.010876846902342084
0.008120212297979249,0.014058928345063079,0.9673881237223331,0.010432735634624483

0.025391871560980075,0.004071378346572352,0.008427515198646917,0.9621092348938007
0.006842203455015937,0.031274387544619905,0.9318874705910088,0.02999593840935533
0.00042488317908138517,0.9838810434645207,0.005291482398205491,0.010402590958192588
0.979099207061568,0.00018103498116682747,0.010315605865131675,0.01040415209213347

Transition Gammas
1.0,1.0,160.89372644468432,7457.106273555321
2584.4953556716646,54.504644328333924,1.0,1.0
40.32253495049804,3.122538966176544,1884.9300620092292,21.205287792589257
19.531206871964,33.815352090471556,2326.8181762444697,25.093422492299734

46.2019965123762,7.408111202719051,15.334357173349431,1750.6140659358541
4.321648520872402,19.75341884554967,588.5954919897623,18.945929291818782
1.364110422116971,3158.803293684153,16.98859037782241,33.398080794279146
6779.099368392914,1.2534522728991349,71.42332125339672,72.03639873033896

Iteration: ,30000
Error:,0.023279744708081525
Absolute Error:,0.0234391577028465
Transition Probabilities
0.00012017786323759164,0.00012017786323759164,0.0207932150491377,0.9789664292243871
0.9788954497423653,0.020407200187899693,0.0003486750348675034,0.0003486750348675034
0.01994936110057167,0.0014754716144923037,0.9671726628673738,0.011402504417562267
0.009124120709049643,0.013506835070945111,0.9662977974562488,0.011071246763756556

0.025278465456440993,0.004057360708781683,0.008001318041049758,0.9626628557937276
0.00754959329308139,0.029186060504248004,0.9350165263170875,0.028247819885583104
0.0003899999231595503,0.9847819872023323,0.004952419605488523,0.00987559326901954
0.9790574883452221,0.0001656974279547595,0.01029083065126593,0.01048598357555726

Transition Gammas
1.0,1.0,173.0203424238748,8145.979657576126
2807.4721498611043,58.527850138896326,1.0,1.0
42.3066011433808,3.1290319914514577,2051.0826325931284,24.181286006979978
23.92880750124186,35.4228606426813,2534.2007982501764,29.03531650407894

50.13841969273848,8.047547601822036,15.870165961162536,1909.387829319273
5.2711084782791,20.3776395627157,652.8263639999951,19.7225621449371
1.3646149450769542,3445.765338853956,17.32858240891748,34.554832875934196
7409.54273790626,1.2540041709573484,77.88138125370656,79.3583056939741

Iteration: ,32500
Error:,0.022898915631764053
Absolute Error:,0.023220478150906144
Transition Probabilities
0.00011090163025396465,0.00011090163025396465,0.019978211419100497,0.9797999853203915
0.9797761412445257,0.019577237352305838,0.0003233107015842224,0.0003233107015842224
0.01917609930463329,0.0013572558546403113,0.9672783831222198,0.012188261718506498
0.008934598852851099,0.0134116570757235,0.9665498249939225,0.011103919077502853

0.02516478905660938,0.004187768205534138,0.007757380652671326,0.9628900620851851
0.007056367006834441,0.02945157974547113,0.9355200649547623,0.02797198829293227
0.00036109566612909706,0.9846082032569587,0.00478621324347711,0.010244487833435106
0.9784074029606864,0.00015266400298625924,0.01053044394087842,0.010909489095448923

Transition Gammas
1.0,1.0,180.14353236602932,8834.856467633977
3030.4476048693186,60.552395130681965,1.0,1.0
44.289558867842985,3.134749258327652,2234.048343738632,28.150288872776237
25.36999008036492,38.08269543783532,2744.5395004443103,31.529822601887442

53.99812963744974,8.986034015438351,16.64564106568473,2066.1513308188005
5.33583344500126,22.27048622354821,707.4149128327064,21.151659276232646
1.3649166543300442,3721.7509393616956,18.091555174914117,38.72345577788796
8039.447068463568,1.2544203647211274,86.527295699046,89.6418607028531

Iteration: ,35000
Error:,0.024358239077648048
Absolute Error:,0.023511379105502942
Transition Probabilities
0.0001028277634961439,0.0001028277634961439,0.020901037640525075,0.9788933068324827
0.980661003171706,0.018740015097236704,0.0002994908655286014,0.0002994908655286014
0.021074237893929565,0.0012756083879622896,0.965094472740804,0.01255568097730434
0.00926165398676811,0.012972388526931148,0.9663571127266078,0.011408844759693032

0.025167159144199536,0.005187526846204704,0.007917965806794517,0.9617273482028013
0.007735809927076597,0.028456468725893733,0.9369071233990306,0.026900597947999066
0.00033454944054781417,0.9843039524157058,0.004684310920623896,0.010677187223122487
0.9787411576483243,0.00014202826528798094,0.010352192647466759,0.010764621438921214

Transition Gammas
1.0,1.0,203.26259105410648,9519.737408945899
3274.4270895903264,62.57291040967335,1.0,1.0
52.20489986546431,3.159924856893629,2390.7227660488484,31.10281242254059
28.380508159964982,39.75132076503729,2961.2103801718467,34.96014991067802

57.85896429469565,11.926055255287316,18.20329812661961,2210.99838810067
6.2946272689382745,23.1550239352108,762.3611726508312,21.889012138410997
1.365224217661723,4016.7324482075082,19.115664044815595,43.57130159789288
8647.218490484915,1.2548255809745126,91.46204895820017,95.10587433900095

Iteration: ,37500
Error:,0.022993179164542257
Absolute Error:,0.023784730061093634
Transition Probabilities
9.599692809830095e-05,9.599692809830095e-05,0.020484285342907044,0.9793237208008962
0.9804566896300282,0.018981670381204567,0.0002808199943836002,0.0002808199943836002
0.019565532492744682,0.0011842875404705847,0.9668469087606577,0.01240327120612697
0.009521541215843282,0.012809548313707045,0.9655077170856428,0.012161193384806918

0.02582094904476437,0.0049065778811996485,0.007760780685492465,0.9615116923885435
0.008136606308400176,0.029286851803545854,0.9345364812424265,0.028040060645627373
0.00031272778615869354,0.9839928581329481,0.00455204352856422,0.011142370552328978
0.9784963701876009,0.00013240544424710396,0.010369004223143592,0.011002220145008509

Transition Gammas
1.0,1.0,213.38480041706245,10201.615199582926
3491.406271772529,67.59372822746944,1.0,1.0
52.20489986546431,3.159924856893629,2579.748140041716,33.09450082997569
31.21405550835212,41.99298653832042,3165.1820636670373,39.867512701571414

63.531053590180164,12.072370452940188,19.094982635103076,2365.74770163638
7.168086074255266,25.800765898559423,823.2963084574365,24.702383354555366
1.3655597397221835,4296.7113595676965,19.876990952495202,48.654367487529065
9276.108288295733,1.255198564058611,98.29776476047118,104.30062756104125

Iteration: ,40000
Error:,0.023130672921431214
Absolute Error:,0.02366962905613995
Transition Probabilities
8.999280057595403e-05,8.999280057595403e-05,0.020743726781505545,0.9790762876173426
0.9806470937219233,0.018827143922661282,0.0002628811777076762,0.0002628811777076762
0.019688645550819634,0.0011091350053454934,0.9665563868461707,0.012645832597664053
0.009461766820428964,0.012367609642009328,0.9659346487639712,0.012235974773590463

0.02678980511864578,0.00464126351363874,0.00773155036171996,0.9608373810059955
0.0077132599909024374,0.027763061614836212,0.9364393784296695,0.028084299964591813
0.00029312331575332253,0.9837407219003375,0.004635150100570395,0.011331004683338768
0.9785121325133227,0.00012426380781461975,0.010321068608729118,0.011042535070133674

Transition Gammas
1.0,1.0,230.50429199608934,10879.495708003898
3730.3815445181954,71.6184554818035,1.0,1.0
56.160692596196704,3.1637417577612963,2757.044712824271,36.07148675144944
33.14970848631255,43.3304542466552,3384.193737919938,42.86926580293897

70.32900355292428,12.1843155146198,20.296983514843223,2522.4048955668177
7.168086074255266,25.800765898559423,870.2517581182458,26.099299092580598
1.3657950475302254,4583.696123156523,21.597275657340862,52.79631216054318
9886.890206517368,1.2555619738217123,104.28411540114288,111.57381519594264

Iteration: ,42500
Error:,0.023589996973376024
Absolute Error:,0.02344043103012215
Transition Probabilities
8.455229559482561e-05,8.455229559482561e-05,0.02059907424917926,0.9792318211596311
0.9810212179947443,0.01848348730490911,0.00024764735017335335,0.00024764735017335335
0.01920422178891881,0.001047346078380195,0.9665229855997302,0.0132254465329709
0.009465768674873526,0.011978524810433062,0.9664793749480642,0.012076331566629133

0.02646522811143053,0.004469947155766318,0.007824499311861069,0.9612403254209421
0.008608135194770264,0.026660123014794906,0.9375151195392578,0.02721662225117703
0.00027605953635479846,0.9838937935783235,0.004477591762224094,0.011352555123097685
0.9778005996947722,0.00011684225061948308,0.010662209044769272,0.01142034900983908

Transition Gammas
1.0,1.0,243.62525114504248,11581.374748854929
3961.363678262774,74.63632173722293,1.0,1.0
58.13986361831218,3.1707901953795785,2926.102144850093,40.03940728084551
35.20084596397508,44.54516280827471,3594.0970853442373,44.90888187614428

73.2976120829674,12.379883947163655,21.670590288867817,2662.23363707864
8.48217378206458,26.270009862309674,923.7966164932267,26.818365937786645
1.3660468928986718,4868.678247479763,22.15681586378421,56.1767322264755
10510.907139075964,1.2560005041573854,114.61384785606492,122.76350410884136

Iteration: ,42763
Error:,0.023181428953473502
Absolute Error:,0.02339133683223512
Transition Probabilities
8.409721638213796e-05,8.409721638213796e-05,0.020573489503155032,0.9792583160640808
0.9811561136525481,0.01835212337720363,0.00024588148512417037,0.00024588148512417037
0.01937405925866453,0.0010400377011930367,0.9664660672460611,0.013119835794081328
0.009751590553506493,0.012037103406374648,0.9662317405824102,0.011979565457708685

0.026372654136435015,0.0047162802164503245,0.007797298026997696,0.9611137676201169
0.008479202483217764,0.02626080749838561,0.9384391969040158,0.02682079311438091
0.00027364374011705023,0.983647597701765,0.004491649842920807,0.0115871087151972
0.9777998329940547,0.00011636706607714262,0.010660967092423547,0.011422832847444553


Model Num 3
Model States: 
"['diamond', 'x', 'square']","['diamond', 'x', 'diamond']","['square', 'y', 'diamond', 'x', 'diamond']","['square', 'x', 'square', 'y', 'diamond', 'x', 'diamond']","['square', 'x', 'diamond', 'x', 'diamond']"
Iteration: ,0
Error:,0.647916016938332
Absolute Error:,1
Transition Probabilities
0.2,0.2,0.2,0.2,0.2
0.2,0.2,0.2,0.2,0.2
0.2,0.2,0.2,0.2,0.2
0.2,0.2,0.2,0.2,0.2
0.2,0.2,0.2,0.2,0.2

0.2,0.2,0.2,0.2,0.2
0.2,0.2,0.2,0.2,0.2
0.2,0.2,0.2,0.2,0.2
0.2,0.2,0.2,0.2,0.2
0.2,0.2,0.2,0.2,0.2

Transition Gammas
1.0,1.0,1.0,1.0,1.0
1.0,1.0,1.0,1.0,1.0
1.0,1.0,1.0,1.0,1.0
1.0,1.0,1.0,1.0,1.0
1.0,1.0,1.0,1.0,1.0

1.0,1.0,1.0,1.0,1.0
1.0,1.0,1.0,1.0,1.0
1.0,1.0,1.0,1.0,1.0
1.0,1.0,1.0,1.0,1.0
1.0,1.0,1.0,1.0,1.0

Iteration: ,2500
Error:,0.34463023113602104
Absolute Error:,1
Transition Probabilities
0.002304147465437788,0.002304147465437788,0.4032258064516129,0.5783410138248848,0.013824884792626729
0.9677312078861924,0.023648102458635085,0.002873563218390804,0.002873563218390804,0.002873563218390804
0.2,0.2,0.2,0.2,0.2
0.0013123359580052493,0.0013123359580052493,0.5,0.4881889763779528,0.009186351706036745
0.5824064889196363,0.2675935110803637,0.05,0.05,0.05

0.09522817106095778,0.01836914652787731,0.2987487472594557,0.5511164213804642,0.03653751377124499
0.011606693714960198,0.008802779534763579,0.6795110972942775,0.29127664992123525,0.008802779534763579
0.30043672912664476,0.6849860113981366,0.004373177842565596,0.007288629737609327,0.002915451895043731
0.2,0.2,0.2,0.2,0.2
0.2,0.2,0.2,0.2,0.2

Transition Gammas
1.0,1.0,175.0,251.0,6.0
336.770460344395,8.229539655605011,1.0,1.0,1.0
1.0,1.0,1.0,1.0,1.0
1.0,1.0,381.0,372.0,7.0
11.648129778392725,5.351870221607275,1.0,1.0,1.0

9.375623519164245,1.8085215781735142,29.4131006604511,54.25978494099983,3.5972755711772524
1.3185260029657127,1.0,77.19278832450362,33.089167889635014,1.0
206.0995961808784,469.9004038191219,3.0,5.0,2.0
1.0,1.0,1.0,1.0,1.0
1.0,1.0,1.0,1.0,1.0

Iteration: ,5000
Error:,0.34418295575160507
Absolute Error:,1
Transition Probabilities
0.0011587485515643105,0.0011587485515643105,0.4159907300115875,0.5689455388180765,0.012746234067207415
0.9817063022519088,0.013816085807792616,0.0014925373134328358,0.0014925373134328358,0.0014925373134328358
0.2,0.2,0.2,0.2,0.2
0.000625,0.000625,0.47375,0.511875,0.013125
0.7571450817749429,0.1803549182250571,0.020833333333333332,0.020833333333333332,0.020833333333333332

0.06645403510970056,0.02043077153560154,0.3044531005479945,0.5888488894532916,0.01981320335341172
0.007288119784523446,0.0049470654906825975,0.6022686421511325,0.37563122619492917,0.009864946378732342
0.30196844477683954,0.6770420499757841,0.0037481259370314825,0.011244377811094447,0.005997001499250372
0.2,0.2,0.2,0.2,0.2
0.2,0.2,0.2,0.2,0.2

Transition Gammas
1.0,1.0,359.0,491.0,11.0
657.7432225087789,9.256777491221053,1.0,1.0,1.0
1.0,1.0,1.0,1.0,1.0
1.0,1.0,758.0,819.0,21.0
36.34296392519726,8.65703607480274,1.0,1.0,1.0

12.06536231634233,3.7094009501834306,55.27635696435149,106.91111817516521,3.5972755711772524
1.4732208009475594,1.0,121.7426054466951,75.93010986056291,1.9941006233517995
402.82590533230416,903.1740946676965,5.0,15.0,8.0
1.0,1.0,1.0,1.0,1.0
1.0,1.0,1.0,1.0,1.0

Iteration: ,7500
Error:,0.3427875016213187
Absolute Error:,1
Transition Probabilities
0.0007662835249042146,0.0007662835249042146,0.4306513409961686,0.5555555555555556,0.012260536398467433
0.9818078177302638,0.015207107642870449,0.000995024875621891,0.000995024875621891,0.000995024875621891
0.2,0.2,0.2,0.2,0.2
0.0004219409282700422,0.0004219409282700422,0.480168776371308,0.5067510548523206,0.012236286919831224
0.7884296539533407,0.16679422664367424,0.014925373134328358,0.014925373134328358,0.014925373134328358

0.053256160717855924,0.019917898901005274,0.3266977507892236,0.5873338065746401,0.012794383017275273
0.00594355488635386,0.003507640411827979,0.5659108284317755,0.41446236459242636,0.010175611677616235
0.3123593604807101,0.6658260634161665,0.003966286564204263,0.011898859692612788,0.005949429846306394
0.2,0.2,0.2,0.2,0.2
0.2,0.2,0.2,0.2,0.2

Transition Gammas
1.0,1.0,562.0,725.0,16.0
986.7168568189148,15.283143181084796,1.0,1.0,1.0
1.0,1.0,1.0,1.0,1.0
1.0,1.0,1138.0,1201.0,29.0
52.82478681487383,11.175213185126175,1.0,1.0,1.0

14.9735306271792,5.600127106482649,91.8545143197461,165.13508714447147,3.5972755711772524
1.7381307789584874,1.0257729385682424,165.49473300928528,121.2052057047532,2.9757517495466748
630.0288300895925,1342.971169910408,8.0,24.0,12.0
1.0,1.0,1.0,1.0,1.0
1.0,1.0,1.0,1.0,1.0

Iteration: ,10000
Error:,0.3396220214273641
Absolute Error:,1
Transition Probabilities
0.0005757052389176742,0.0005757052389176742,0.42429476108232583,0.563615428900403,0.010938399539435808
0.984759330441716,0.012988417306031768,0.0007507507507507502,0.0007507507507507502,0.0007507507507507502
0.2,0.2,0.2,0.2,0.2
0.00031279324366593683,0.00031279324366593683,0.47607131685955584,0.5117297466374726,0.011573350015639663
0.8218839444933448,0.14478272217332191,0.01111111111111111,0.01111111111111111,0.01111111111111111

0.041061745742266856,0.027694141586778902,0.35078096981346496,0.567886089690085,0.012577053167404274
0.004554203259111086,0.003141085167476164,0.5432790994671138,0.4412286278516322,0.00779698425466675
0.31144226855730056,0.6631466701571987,0.0048579970104633795,0.011958146487294473,0.008594917787742903
0.2,0.2,0.2,0.2,0.2
0.2,0.2,0.2,0.2,0.2

Transition Gammas
1.0,1.0,737.0,979.0,19.0
1311.6994281483667,17.300571851634327,1.0,1.0,1.0
1.0,1.0,1.0,1.0,1.0
1.0,1.0,1522.0,1636.0,37.0
73.96955500440104,13.030444995598973,1.0,1.0,1.0

14.9735306271792,10.09891493279161,127.91539911385108,207.0847111590461,4.5863342485202505
1.7381307789584874,1.1988083311823756,207.34474739560744,168.39675679654061,2.9757517495466748
833.4195106593361,1774.5804893406632,13.0,32.0,23.0
1.0,1.0,1.0,1.0,1.0
1.0,1.0,1.0,1.0,1.0

Iteration: ,12500
Error:,0.3387443068787882
Absolute Error:,1
Transition Probabilities
0.000462962962962963,0.000462962962962963,0.42407407407407405,0.5643518518518519,0.010648148148148148
0.9830228502986854,0.015178588550235432,0.0005995203836930454,0.0005995203836930454,0.0005995203836930454
0.2,0.2,0.2,0.2,0.2
0.00024813895781637717,0.00024813895781637717,0.47022332506203474,0.5188585607940447,0.010421836228287842
0.8291159688501002,0.14147226644401745,0.009803921568627449,0.009803921568627449,0.009803921568627449

0.03740187984667825,0.026346540269693238,0.3509604451484707,0.5708147003375004,0.014476434397657363
0.004248315634006416,0.002524377957200628,0.5390466577690414,0.44686930282069653,0.007311345819054973
0.3116544244815685,0.6649291840443997,0.005103572500750525,0.011407985589912939,0.006904833383368358
0.2,0.2,0.2,0.2,0.2
0.2,0.2,0.2,0.2,0.2

Transition Gammas
1.0,1.0,916.0,1219.0,23.0
1639.6821142982078,25.317885701792708,1.0,1.0,1.0
1.0,1.0,1.0,1.0,1.0
1.0,1.0,1895.0,2091.0,42.0
84.56982882271024,14.430171177289782,1.0,1.0,1.0

16.96723017078057,11.952014572319046,159.21196148654477,258.94806478160666,6.567183133151321
2.017493521923691,1.1988083311823756,255.9892516832744,212.2149108627059,3.472103792951132
1038.1208879481046,2214.8791120518954,17.0,38.0,23.0
1.0,1.0,1.0,1.0,1.0
1.0,1.0,1.0,1.0,1.0

Iteration: ,15000
Error:,0.3412433778175834
Absolute Error:,1
Transition Probabilities
0.00038880248833592535,0.00038880248833592535,0.421850699844479,0.5657076205287714,0.01166407465007776
0.9832619812625022,0.01523199464111227,0.000502008032128514,0.000502008032128514,0.000502008032128514
0.2,0.2,0.2,0.2,0.2
0.00020703933747412008,0.00020703933747412008,0.46956521739130436,0.5190476190476191,0.010973084886128364
0.8421366335469349,0.13347312255062604,0.008130081300813009,0.008130081300813009,0.008130081300813009

