0,1,2,3,4,5,6,7,8,9,10,11,12,13,14,15,16,17,18,19,20,21,22,23,24,25,26,27,28,29
github Code Version (SHA):,528ca1c557fe8e6666681dc5c9134b0f84d30530
Environment Observations,Environment Actions,alpha,epsilon,numActions,explore,patience,gainThresh,insertRandActions,useUpdatedPosterior,revisedSplitting,haveControl,confidence_factor
"['diamond', 'square']","['x', 'y']",0.75,0.99,75000,0.5,0,0.01,False,True,False,False,250

Model Num 0
Model States: 
['diamond'],['square']
Iteration: ,0
Error:,0.4044033395358769
Absolute Error:,1
Transition Probabilities
0.5,0.5
0.5,0.5

0.5,0.5
0.5,0.5

Transition Gammas
1.0,1.0
1.0,1.0

1.0,1.0
1.0,1.0

Iteration: ,2386
Error:,0.06708754517258167
Absolute Error:,1
Transition Probabilities
0.5,0.5
0.20458015267175572,0.7954198473282442

0.18,0.82
0.8120411160058737,0.18795888399412627


Model Num 1
Model States: 
['square'],"['diamond', 'x', 'diamond']","['diamond', 'x', 'square']"
Iteration: ,0
Error:,0.47678277228080734
Absolute Error:,1
Transition Probabilities
0.3333333333333333,0.3333333333333333,0.3333333333333333
0.3333333333333333,0.3333333333333333,0.3333333333333333
0.3333333333333333,0.3333333333333333,0.3333333333333333

0.3333333333333333,0.3333333333333333,0.3333333333333333
0.3333333333333333,0.3333333333333333,0.3333333333333333
0.3333333333333333,0.3333333333333333,0.3333333333333333

Transition Gammas
1.0,1.0,1.0
1.0,1.0,1.0
1.0,1.0,1.0

1.0,1.0,1.0
1.0,1.0,1.0
1.0,1.0,1.0

Iteration: ,2500
Error:,0.05223116744979476
Absolute Error:,1
Transition Probabilities
0.8119891008174387,0.07442069755396989,0.11359020162859143
0.002873563218390805,0.23304699101976084,0.7640794457618484
0.9956427015250545,0.002178649237472767,0.002178649237472767

0.1537313432835821,0.48669868575933656,0.35956997095708126
0.8092263791260488,0.11685178420789925,0.07392183666605197
0.809267499144556,0.06491044379873404,0.1258220570567101

Transition Gammas
596.0,54.6247920046139,83.3752079953861
1.0,81.10035287487676,265.8996471251232
457.0,1.0,1.0

103.0,326.0881194587555,240.91188054124444
84.24560318607593,12.165012532828305,7.695732466457441
72.46828540064894,5.812600372141222,11.267113470046416

Iteration: ,5000
Error:,0.04535604150820607
Absolute Error:,1
Transition Probabilities
0.8196958725561188,0.07292041873399965,0.10738370870988162
0.0013869625520110955,0.23957843527855915,0.7590346021694298
0.997874601487779,0.0010626992561105207,0.0010626992561105207

0.15766738660907129,0.4732583827997215,0.36907423059120714
0.8066118861319926,0.12107669436185078,0.07231141950615656
0.8298675139414007,0.04380097332669316,0.12633151273190618

Transition Gammas
1132.0,100.70309827165353,148.2969017283465
1.0,172.73605183584118,547.2639481641589
939.0,1.0,1.0

219.0,657.3558937088131,512.6441062911867
151.08680174670374,22.678925058887295,13.54468151385709
151.82901463143966,8.013638934370176,23.113073801246422

Iteration: ,7500
Error:,0.038915543649037196
Absolute Error:,1
Transition Probabilities
0.8278493085360038,0.07606864581729122,0.09608204564670497
0.0009328358208955224,0.24021517628947056,0.7588519878896338
0.9985693848354793,0.000715307582260372,0.000715307582260372

0.16235632183908047,0.45998815238285196,0.3776555257780676
0.8258770401084661,0.10813037753724189,0.06599258235429203
0.8253746857287897,0.04706141294230604,0.12756390132890422

Transition Gammas
1736.0,159.5159502788597,201.48404972114034
1.0,257.51066898231244,813.4893310176875
1396.0,1.0,1.0

339.0,960.4552621753949,788.5447378246051
222.12287426798153,29.082089812182858,17.748964265887167
225.4949080854725,12.857323067071633,34.850851016573884

Iteration: ,10000
Error:,0.04066575487445478
Absolute Error:,1
Transition Probabilities
0.8231340643792006,0.0773189242655456,0.09954701135525387
0.0006978367062107464,0.2387201148457821,0.7605820484480073
0.9989361702127659,0.0005319148936170213,0.0005319148936170213

0.16618287373004348,0.45744351332379696,0.37637361294615956
0.8326159917100197,0.09609212068851436,0.071291887601466
0.810213567637298,0.057334964890741184,0.13245146747196068

Transition Gammas
2327.0,218.5805988986974,281.4194011013027
1.0,342.08592457400584,1089.9140754259947
1878.0,1.0,1.0

458.0,1260.7143227203849,1037.285677279616
283.15356056113984,32.67872150634815,24.24473228291077
292.20152204634877,20.67771347794609,47.76829460587979

Iteration: ,12500
Error:,0.04237523413994429
Absolute Error:,1
Transition Probabilities
0.8177423940858687,0.0836835963374093,0.09857400957672206
0.0005595970900951318,0.23745584538728923,0.7619845575226156
0.9991442019683354,0.0004278990158322636,0.0004278990158322636

0.16850348027842224,0.4500087379498144,0.38148778177176335
0.8332936677330737,0.09477161504670793,0.0719347172202183
0.812806523175181,0.06122380574617012,0.12596967107864884

Transition Gammas
2876.0,294.3152083186685,346.6847916813315
1.0,424.33359570708564,1361.6664042929135
2335.0,1.0,1.0

581.0,1551.6301284509605,1315.3698715490405
352.8036184448551,40.1248323478822,30.456043901235983
377.6006776492085,28.442378203004132,58.52097861706498

Iteration: ,15000
Error:,0.039282041031756317
Absolute Error:,1
Transition Probabilities
0.8239961529213753,0.08142961847000568,0.09457422860861898
0.00046274872744099993,0.23794449791178737,0.7615927533607717
0.999278759466282,0.0003606202668589975,0.0003606202668589975

0.16878142207325827,0.4521842771834604,0.3790343007432813
0.8279552302514682,0.10287675454010192,0.06916801520842976
0.8156117506007123,0.061034585845444064,0.12335366355384349

Transition Gammas
3427.0,338.66578321675365,393.33421678324635
1.0,514.1980599873721,1645.8019400126263
2771.0,1.0,1.0

705.0,1888.7737257953145,1583.2262742046864
429.99618106846253,53.428748266407844,35.92221089379052
460.5409243071264,34.463609136652025,69.65251565823597

Iteration: ,17500
Error:,0.03999181040711177
Absolute Error:,1
Transition Probabilities
0.8285243198680956,0.07839983596196773,0.09307584416993664
0.0003961965134706819,0.23589920180101046,0.7637046016855189
0.9993825254708243,0.00030873726458783575,0.00030873726458783575

0.1720892162881112,0.4501293798893545,0.3777814038225342
0.8258991677990449,0.1051797391760533,0.06892109302490175
0.8061446023515255,0.06872601848011212,0.1251293791683624

Transition Gammas
4020.0,380.3960040874674,451.6039959125326
1.0,595.4095853457497,1927.5904146542478
3237.0,1.0,1.0

841.0,2199.782279519277,1846.2177204807263
486.985586458205,62.01848719943775,40.638833667209674
532.4601671881651,45.393676498426004,82.64821219144575

Iteration: ,20000
Error:,0.041663373061797106
Absolute Error:,1
Transition Probabilities
0.8262443438914027,0.0789433939264018,0.0948122621821955
0.0003451846738004837,0.24024673667595883,0.7594080786502407
0.9994606256742179,0.00026968716289104636,0.00026968716289104636

0.17361732593520662,0.4477762910018454,0.378606383062948
0.8287017655551653,0.10167293097586512,0.06962530346896977
0.8027538181941081,0.0740229879112493,0.12322319389464273

Transition Gammas
4565.0,436.16225144336994,523.8377485566301
1.0,695.9947961502519,2200.0052038497447
3706.0,1.0,1.0

970.0,2501.726137827312,2115.273862172692
555.6263379307856,68.16946777827141,46.6822372073347
605.2699546838772,55.812740497950955,92.90930207270416

Iteration: ,22500
Error:,0.04076502310498746
Absolute Error:,1
Transition Probabilities
0.8288899660688318,0.0785673374912587,0.09254269643990952
0.00030609121518212454,0.2417879165236855,0.7579059922611324
0.9995222169135213,0.00023889154323936931,0.00023889154323936931

0.17387858614677434,0.4444947137624521,0.3816267000907736
0.8324682086024247,0.10020084015160378,0.06733095124597151
0.7979098130966403,0.07644315794399645,0.12564702895936317

Transition Gammas
5130.0,486.25325173340013,572.7467482666
1.0,789.9211232828799,2476.0788767171175
4184.0,1.0,1.0

1097.0,2804.317149127312,2407.682850872692
618.850638381063,74.48855494222683,50.053325437288464
675.862075829487,64.7504649811009,106.42814566312096

Iteration: ,22739
Error:,0.041358258104014826
Absolute Error:,1
Transition Probabilities
0.8287956438180654,0.0784224426920012,0.09278191348993348
0.00030248033877797967,0.242240633806478,0.757456885854744
0.9995276334435522,0.00023618327822390176,0.00023618327822390176

0.17408335944844866,0.4445010601409294,0.381415580410622
0.8322940331606087,0.09967824258072105,0.06802772425867043
0.7998081732080684,0.07572507932743368,0.1244667474644979

*,*,*,*,*,*,*,*,*,*,*
Model Num 1
Model States: 
['square'],"['diamond', 'x', 'diamond']","['diamond', 'x', 'square']"
Iteration: ,22739
Error:,0.04131167131161189
Absolute Error:,1
Transition Probabilities
0.8287956438180654,0.0784224426920012,0.09278191348993348
0.00030248033877797967,0.242240633806478,0.757456885854744
0.9995276334435522,0.00023618327822390176,0.00023618327822390176

0.17408335944844866,0.4445010601409294,0.381415580410622
0.8322940331606087,0.09967824258072105,0.06802772425867043
0.7998081732080684,0.07572507932743368,0.1244667474644979

Transition Gammas
5175.0,489.6697321688555,579.3302678311446
1.0,800.8475353642157,2504.1524646357816
4232.0,1.0,1.0

1111.0,2836.805765819413,2434.194234180591
624.3365630864722,74.77257905000252,51.03027760149354
683.8943130977426,64.7504649811009,106.42814566312096

