0,1,2,3,4,5,6,7,8,9,10,11,12,13,14,15,16,17,18,19,20,21,22,23,24,25,26,27,28,29
github Code Version (SHA):,528ca1c557fe8e6666681dc5c9134b0f84d30530
Environment Observations,Environment Actions,alpha,epsilon,numActions,explore,patience,gainThresh,insertRandActions,useUpdatedPosterior,revisedSplitting,haveControl,confidence_factor
"['diamond', 'square']","['x', 'y']",0.65,0.99,75000,0.5,0,0.01,False,True,False,False,250

Model Num 0
Model States: 
['diamond'],['square']
Iteration: ,0
Error:,0.3099166971320062
Absolute Error:,1
Transition Probabilities
0.5,0.5
0.5,0.5

0.5,0.5
0.5,0.5

Transition Gammas
1.0,1.0
1.0,1.0

1.0,1.0
1.0,1.0

Iteration: ,2228
Error:,0.042237909052898516
Absolute Error:,1
Transition Probabilities
0.49411764705882355,0.5058823529411764
0.26455906821963393,0.7354409317803661

0.252,0.748
0.7592295345104334,0.24077046548956663


Model Num 1
Model States: 
['square'],"['diamond', 'x', 'square']","['diamond', 'x', 'diamond']"
Iteration: ,0
Error:,0.3965711062734728
Absolute Error:,1
Transition Probabilities
0.3333333333333333,0.3333333333333333,0.3333333333333333
0.3333333333333333,0.3333333333333333,0.3333333333333333
0.3333333333333333,0.3333333333333333,0.3333333333333333

0.3333333333333333,0.3333333333333333,0.3333333333333333
0.3333333333333333,0.3333333333333333,0.3333333333333333
0.3333333333333333,0.3333333333333333,0.3333333333333333

Transition Gammas
1.0,1.0,1.0
1.0,1.0,1.0
1.0,1.0,1.0

1.0,1.0,1.0
1.0,1.0,1.0
1.0,1.0,1.0

Iteration: ,2500
Error:,0.043717374117587846
Absolute Error:,1
Transition Probabilities
0.7448979591836735,0.12788617831067772,0.12721586250564879
0.9957173447537473,0.0021413276231263384,0.0021413276231263384
0.002583979328165374,0.6945203227225718,0.30289569794926274

0.2698412698412698,0.3595773736058756,0.3705813565528545
0.7589139741539211,0.09723362709082031,0.14385239875525851
0.7915559615109097,0.09968179687944247,0.10876224160964797

Transition Gammas
511.0,87.72991832112493,87.27008167887506
465.0,1.0,1.0
1.0,268.7793648936354,117.22063510636471

187.0,249.1871199088718,256.8128800911282
77.17689758704374,9.888063648282564,14.628906864921515
52.19534549834281,6.573035996200277,7.171802189644137

Iteration: ,5000
Error:,0.04342042892046726
Absolute Error:,1
Transition Probabilities
0.7586705202312138,0.1291854373838396,0.11214404238494648
0.9978046103183315,0.0010976948408342481,0.0010976948408342481
0.0013089005235602095,0.6921305958216579,0.30656050365478194

0.2672978878368536,0.35088549226123283,0.38181661990191346
0.7338055993155812,0.10927042879698998,0.1569239718874288
0.7502511600768768,0.13326889386400237,0.11647994605912075

Transition Gammas
1050.0,178.79264533923404,155.20735466076593
909.0,1.0,1.0
1.0,528.7877752077467,234.21222479225338

367.0,481.7657808746727,524.2342191253272
143.6593355175675,21.3922014322819,30.72147929799367
109.82949540064972,19.509273886609268,17.051534713598127

Iteration: ,7500
Error:,0.03861623623328756
Absolute Error:,1
Transition Probabilities
0.7633221315410466,0.12568605544569683,0.11099181301325657
0.9985347985347985,0.0007326007326007326,0.0007326007326007326
0.0008771929824561402,0.6868520632046846,0.3122707438128592

0.26361867704280156,0.3583824506211769,0.37799887233602153
0.7268658060610842,0.11828654761572989,0.154847646323186
0.7569895533253065,0.12028992628031944,0.12272052039437403

Transition Gammas
1590.0,261.8040534933865,231.19594650661344
1363.0,1.0,1.0
1.0,783.0113520533406,355.98864794665957

542.0,736.8343184771397,777.1656815228603
203.3632079269357,33.09432301966825,43.323422058971225
171.55445095559875,27.260973639409627,27.811812467899188

Iteration: ,10000
Error:,0.039878973856374955
Absolute Error:,1
Transition Probabilities
0.7609649122807017,0.1288848308685507,0.11015025685074753
0.9989035087719298,0.0005482456140350877,0.0005482456140350877
0.000657030223390276,0.6819841879408945,0.31735878183571514

0.2687319884726225,0.3568159428486732,0.3744520686787043
0.743183843074713,0.1160415612370078,0.1407745956882792
0.7528439712411747,0.12216296376231306,0.12499306499651235

Transition Gammas
2082.0,352.6288972563547,301.3711027436452
1822.0,1.0,1.0
1.0,1037.9799340460415,483.02006595395846

746.0,990.5210573479168,1039.478942652083
275.29424691888846,42.98475338197392,52.14650004362353
226.77956195907268,36.79921001952792,37.651722814620676

Iteration: ,12500
Error:,0.04195800256918099
Absolute Error:,1
Transition Probabilities
0.7556534508076358,0.13512579699729024,0.10922075219507392
0.9991326973113617,0.0004336513443191674,0.0004336513443191674
0.0005189413596263621,0.6846030234457492,0.31487803519462443

0.2594752186588921,0.35611059121427063,0.3844141901268372
0.726106426960483,0.12531666076768472,0.14857691227183228
0.7539588627182526,0.12067416278709993,0.12536697449464748

Transition Gammas
2573.0,460.10333877577324,371.8966612242267
2304.0,1.0,1.0
1.0,1319.230026179959,606.7699738200414

890.0,1221.4593278649484,1318.5406721350516
337.6407208732102,58.27245994246979,69.08851636883712
282.70595025223855,45.24822977559318,47.00785600818889

Iteration: ,15000
Error:,0.03853514831272798
Absolute Error:,1
Transition Probabilities
0.7543176842617368,0.13227784751974292,0.1134044682185203
0.9992716678805535,0.0003641660597232338,0.0003641660597232338
0.0004275331338178707,0.6854439249611307,0.3141285419050513

0.25564278704612364,0.3534083914136278,0.39094882154024857
0.7244527875199387,0.1268881352786012,0.14865907720146013
0.7700600412235962,0.11651587765296105,0.11342408112344277

Transition Gammas
3101.0,543.7942311536632,466.2057688463369
2744.0,1.0,1.0
1.0,1603.2533404840854,734.7466595159153

1042.0,1440.4926034019468,1593.5073965980532
408.1639301479353,71.49004169306386,83.75600763499484
347.23070826391023,52.538618491543495,51.14448473406833

Iteration: ,17500
Error:,0.03510510665862517
Absolute Error:,1
Transition Probabilities
0.7530246141009596,0.133985609724326,0.11298977617471445
0.9993809965954813,0.00030950170225936243,0.00030950170225936243
0.00036913990402362483,0.6862303380036062,0.3134005220923702

0.2503681885125184,0.35927990946241184,0.39035190202506975
0.7380163760509877,0.1207054720473551,0.14127815190165727
0.7617081394709794,0.1215933618292681,0.11669849869975261

Transition Gammas
3610.0,642.3270130184188,541.6729869815811
3229.0,1.0,1.0
1.0,1858.99798565177,849.0020143482311

1190.0,1707.6574096748434,1855.3425903251566
480.1708668994876,78.5338280196727,91.91889892141027
401.7710275340696,64.13570683043518,61.55385941765853

Iteration: ,20000
Error:,0.03450133964250849
Absolute Error:,1
Transition Probabilities
0.7538405267008047,0.1329161769544145,0.11324329634478082
0.9994594594594595,0.0002702702702702703,0.0002702702702702703
0.00032102728731942215,0.6820166872123724,0.31766228550030823

0.2521131936787945,0.3596368817132515,0.38824992460795404
0.7476333388234755,0.11548410296499229,0.1368825582115321
0.7560027172151852,0.12424770807468881,0.11974957471012604

Transition Gammas
4122.0,726.7856555867384,619.2143444132615
3698.0,1.0,1.0
1.0,2124.48198066654,989.5180193334601

1372.0,1957.1439102835152,2112.8560897164866
549.377958906161,84.86034193292753,100.5844128867304
450.00944064796676,73.95825483067391,71.28074794709654

Iteration: ,22500
Error:,0.03595512401211331
Absolute Error:,1
Transition Probabilities
0.7550987374554872,0.13305961123911608,0.1118416513053967
0.9995171414775471,0.00024142926122646064,0.00024142926122646064
0.0002850627137970356,0.6800358368029887,0.31967910048321424

0.253071253071253,0.35818358647484166,0.3887451604539054
0.7516326622658889,0.11101788002874009,0.13734945770537116
0.7486583821878832,0.12621818602768622,0.12512343178443053

Transition Gammas
4665.0,822.0422782352591,690.9577217647408
4140.0,1.0,1.0
1.0,2385.5657155048825,1121.4342844951148

1545.0,2186.710795428909,2373.2892045710933
621.7984073255197,91.84106073627053,113.62421876500653
503.198301482007,84.83545811597224,84.0996372277634

Iteration: ,24896
Error:,0.033275970929029924
Absolute Error:,1
Transition Probabilities
0.7573258724782801,0.1321738197024348,0.1105003078192851
0.9995640802092415,0.00021795989537925023,0.00021795989537925023
0.000257997936016512,0.6819367972586605,0.317805204805323

0.25228008237716965,0.35768131397539904,0.39003860364743126
0.7559479351095204,0.1090880875916176,0.134963977298862
0.7480546083648992,0.12798659988112882,0.123958791753972


Model Num 2
Model States: 
['square'],"['diamond', 'x', 'square']","['diamond', 'y', 'square']","['diamond', 'y', 'diamond', 'x', 'square']"
Iteration: ,0
Error:,0.44835769588407065
Absolute Error:,1
Transition Probabilities
0.25,0.25,0.25,0.25
0.25,0.25,0.25,0.25
0.25,0.25,0.25,0.25
0.25,0.25,0.25,0.25

0.25,0.25,0.25,0.25
0.25,0.25,0.25,0.25
0.25,0.25,0.25,0.25
0.25,0.25,0.25,0.25

Transition Gammas
1.0,1.0,1.0,1.0
1.0,1.0,1.0,1.0
1.0,1.0,1.0,1.0
1.0,1.0,1.0,1.0

1.0,1.0,1.0,1.0
1.0,1.0,1.0,1.0
1.0,1.0,1.0,1.0
1.0,1.0,1.0,1.0

Iteration: ,2500
Error:,0.14372321436443578
Absolute Error:,1
Transition Probabilities
0.7330827067669173,0.11278195488721804,0.11027568922305764,0.043859649122807015
0.5244444444444445,0.18444444444444444,0.23333333333333334,0.057777777777777775
0.25,0.25,0.25,0.25
0.25,0.25,0.25,0.25

0.23161189358372458,0.29264475743348983,0.350547730829421,0.12519561815336464
0.25,0.25,0.25,0.25
0.9935622317596566,0.002145922746781116,0.002145922746781116,0.002145922746781116
0.006134969325153374,0.558282208588957,0.3006134969325153,0.13496932515337423

Transition Gammas
585.0,90.0,88.0,35.0
236.0,83.0,105.0,26.0
1.0,1.0,1.0,1.0
1.0,1.0,1.0,1.0

148.0,187.0,224.0,80.0
1.0,1.0,1.0,1.0
463.0,1.0,1.0,1.0
1.0,91.0,49.0,22.0

Iteration: ,5000
Error:,0.1361322556374673
Absolute Error:,1
Transition Probabilities
0.7527795945062132,0.09679529103989536,0.1105297580117724,0.03989535644211903
0.517051705170517,0.19581958195819582,0.22442244224422442,0.0627062706270627
0.25,0.25,0.25,0.25
0.25,0.25,0.25,0.25

0.23660714285714285,0.30282738095238093,0.34970238095238093,0.11086309523809523
0.25,0.25,0.25,0.25
0.9967811158798283,0.001072961373390558,0.001072961373390558,0.001072961373390558
0.0033112582781456954,0.5827814569536424,0.2947019867549669,0.11920529801324503

Transition Gammas
1151.0,148.0,169.0,61.0
470.0,178.0,204.0,57.0
1.0,1.0,1.0,1.0
1.0,1.0,1.0,1.0

318.0,407.0,470.0,149.0
1.0,1.0,1.0,1.0
929.0,1.0,1.0,1.0
1.0,176.0,89.0,36.0

Iteration: ,7500
Error:,0.1334517268313888
Absolute Error:,1
Transition Probabilities
0.752925877763329,0.09839618552232336,0.1070654529692241,0.04161248374512354
0.5227765726681128,0.2017353579175705,0.20896601590744757,0.06652205350686913
0.25,0.25,0.25,0.25
0.25,0.25,0.25,0.25

0.238716148445336,0.30441323971915746,0.34252758274824474,0.11434302908726178
0.25,0.25,0.25,0.25
0.9977989728539985,0.0007336757153338225,0.0007336757153338225,0.0007336757153338225
0.0021321961620469083,0.5756929637526652,0.3091684434968017,0.11300639658848614

Transition Gammas
1737.0,227.0,247.0,96.0
723.0,279.0,289.0,92.0
1.0,1.0,1.0,1.0
1.0,1.0,1.0,1.0

476.0,607.0,683.0,228.0
1.0,1.0,1.0,1.0
1360.0,1.0,1.0,1.0
1.0,270.0,145.0,53.0

Iteration: ,10000
Error:,0.135544397636162
Absolute Error:,1
Transition Probabilities
0.753518821603928,0.09656301145662848,0.10867430441898528,0.041243862520458266
0.5179240235420011,0.20706260032102727,0.20599250936329588,0.06902086677367576
0.25,0.25,0.25,0.25
0.25,0.25,0.25,0.25

0.2387218045112782,0.3105263157894737,0.3360902255639098,0.11466165413533834
0.25,0.25,0.25,0.25
0.9983416252072969,0.000552791597567717,0.000552791597567717,0.000552791597567717
0.0016051364365971107,0.579454253611557,0.31781701444622795,0.10112359550561797

Transition Gammas
2302.0,295.0,332.0,126.0
968.0,387.0,385.0,129.0
1.0,1.0,1.0,1.0
1.0,1.0,1.0,1.0

635.0,826.0,894.0,305.0
1.0,1.0,1.0,1.0
1806.0,1.0,1.0,1.0
1.0,361.0,198.0,63.0

Iteration: ,12500
Error:,0.13596469234236908
Absolute Error:,1
Transition Probabilities
0.7531892736266598,0.09763082530590991,0.10934652434261911,0.03983337672481125
0.5085543199315654,0.21129170230966637,0.21343028229255775,0.06672369546621043
0.25,0.25,0.25,0.25
0.25,0.25,0.25,0.25

0.2384848484848485,0.3096969696969697,0.33606060606060606,0.11575757575757575
0.25,0.25,0.25,0.25
0.9986784140969163,0.0004405286343612335,0.0004405286343612335,0.0004405286343612335
0.001303780964797914,0.5827900912646675,0.3155149934810952,0.10039113428943937

Transition Gammas
2893.0,375.0,420.0,153.0
1189.0,494.0,499.0,156.0
1.0,1.0,1.0,1.0
1.0,1.0,1.0,1.0

787.0,1022.0,1109.0,382.0
1.0,1.0,1.0,1.0
2267.0,1.0,1.0,1.0
1.0,447.0,242.0,77.0

Iteration: ,15000
Error:,0.1387861361436122
Absolute Error:,1
Transition Probabilities
0.7512987012987012,0.09718614718614718,0.11320346320346321,0.03831168831168831
0.5099928622412563,0.21127765881513205,0.21127765881513205,0.06745182012847965
0.25,0.25,0.25,0.25
0.25,0.25,0.25,0.25

0.23952549217566885,0.31120646138313984,0.3374558303886926,0.11181221605249873
0.25,0.25,0.25,0.25
0.9989019033674963,0.00036603221083455345,0.00036603221083455345,0.00036603221083455345
0.0011111111111111111,0.5866666666666667,0.3111111111111111,0.10111111111111111

Transition Gammas
3471.0,449.0,523.0,177.0
1429.0,592.0,592.0,189.0
1.0,1.0,1.0,1.0
1.0,1.0,1.0,1.0

949.0,1233.0,1337.0,443.0
1.0,1.0,1.0,1.0
2729.0,1.0,1.0,1.0
1.0,528.0,280.0,91.0

Iteration: ,17500
Error:,0.13540924308207347
Absolute Error:,1
Transition Probabilities
0.7534145441122185,0.09689922480620156,0.11221853082318199,0.037467700258397935
0.5090797168359495,0.21206525084641428,0.21206525084641428,0.06678978147122192
0.25,0.25,0.25,0.25
0.25,0.25,0.25,0.25

0.23731019522776572,0.3106290672451193,0.3399132321041215,0.1121475054229935
0.25,0.25,0.25,0.25
0.9990616202690021,0.00031279324366593683,0.00031279324366593683,0.00031279324366593683
0.0009596928982725527,0.5786948176583493,0.31957773512476007,0.10076775431861804

Transition Gammas
4082.0,525.0,608.0,203.0
1654.0,689.0,689.0,217.0
1.0,1.0,1.0,1.0
1.0,1.0,1.0,1.0

1094.0,1432.0,1567.0,517.0
1.0,1.0,1.0,1.0
3194.0,1.0,1.0,1.0
1.0,603.0,333.0,105.0

Iteration: ,20000
Error:,0.13449802146740963
Absolute Error:,1
Transition Probabilities
0.7521669341894061,0.09743178170144462,0.1130016051364366,0.03739967897271268
0.5124324324324324,0.21027027027027026,0.21162162162162163,0.06567567567567567
0.25,0.25,0.25,0.25
0.25,0.25,0.25,0.25

0.23716241917078737,0.3120958539368581,0.3400532521871434,0.1106884747052111
0.25,0.25,0.25,0.25
0.9991796554552912,0.00027344818156959256,0.00027344818156959256,0.00027344818156959256
0.0008539709649871904,0.5755764304013663,0.32621690862510677,0.09735269000853972

Transition Gammas
4686.0,607.0,704.0,233.0
1896.0,778.0,783.0,243.0
1.0,1.0,1.0,1.0
1.0,1.0,1.0,1.0

1247.0,1641.0,1788.0,582.0
1.0,1.0,1.0,1.0
3654.0,1.0,1.0,1.0
1.0,674.0,382.0,114.0

Iteration: ,22500
Error:,0.13063087434129153
Absolute Error:,1
Transition Probabilities
0.7560210916346016,0.09719253242126265,0.11044605956961664,0.036340316374519024
0.5084867320105187,0.21180970595266554,0.21491752330863018,0.06478603872818552
0.25,0.25,0.25,0.25
0.25,0.25,0.25,0.25

0.23766891891891892,0.31368243243243243,0.3398648648648649,0.10878378378378378
0.25,0.25,0.25,0.25
0.9992677568952892,0.000244081034903588,0.000244081034903588,0.000244081034903588
0.0007698229407236335,0.5835257890685143,0.3163972286374134,0.09930715935334873

Transition Gammas
5305.0,682.0,775.0,255.0
2127.0,886.0,899.0,271.0
1.0,1.0,1.0,1.0
1.0,1.0,1.0,1.0

1407.0,1857.0,2012.0,644.0
1.0,1.0,1.0,1.0
4094.0,1.0,1.0,1.0
1.0,758.0,411.0,129.0

Iteration: ,25000
Error:,0.13927792408519055
Absolute Error:,1
Transition Probabilities
0.7548255145085006,0.09906685414802506,0.10967659465678128,0.036431036686693084
0.5104099592187165,0.21163339772483367,0.21377978106889892,0.06417686198755097
0.25,0.25,0.25,0.25
0.25,0.25,0.25,0.25

0.23975003810394757,0.31321444901691814,0.3368388965096784,0.11019661636945588
0.25,0.25,0.25,0.25
0.9993371630578878,0.0002209456473707468,0.0002209456473707468,0.0002209456473707468
0.000691085003455425,0.5832757429163787,0.31928127159640635,0.0967519004837595

Transition Gammas
5905.0,775.0,858.0,285.0
2378.0,986.0,996.0,299.0
1.0,1.0,1.0,1.0
1.0,1.0,1.0,1.0

1573.0,2055.0,2210.0,723.0
1.0,1.0,1.0,1.0
4523.0,1.0,1.0,1.0
1.0,844.0,462.0,140.0

Iteration: ,27500
Error:,0.1337945122854162
Absolute Error:,1
Transition Probabilities
0.753959012575687,0.10002328830926875,0.10910572892408012,0.036911970190964136
0.5058982788628892,0.21543221813962482,0.21311158383291434,0.06555791916457165
0.25,0.25,0.25,0.25
0.25,0.25,0.25,0.25

0.2376182526432944,0.3160823594880356,0.3377851975514747,0.10851419031719532
0.25,0.25,0.25,0.25
0.9993969849246231,0.00020100502512562814,0.00020100502512562814,0.00020100502512562814
0.0006273525721455458,0.5809284818067754,0.3193224592220828,0.09912170639899624

Transition Gammas
6475.0,859.0,937.0,317.0
2616.0,1114.0,1102.0,339.0
1.0,1.0,1.0,1.0
1.0,1.0,1.0,1.0

1708.0,2272.0,2428.0,780.0
1.0,1.0,1.0,1.0
4972.0,1.0,1.0,1.0
1.0,926.0,509.0,158.0

Iteration: ,30000
Error:,0.13255012832411645
Absolute Error:,1
Transition Probabilities
0.754851780763489,0.09884836852207293,0.109191725314566,0.037108125399872044
0.5079308501158438,0.21475672785599714,0.21154874353947603,0.06576367848868295
0.25,0.25,0.25,0.25
0.25,0.25,0.25,0.25

0.2358490566037736,0.3148903620601734,0.34013258541560426,0.10912799592044875
0.25,0.25,0.25,0.25
0.9994487320837927,0.00018375597206909226,0.00018375597206909226,0.00018375597206909226
0.0005743825387708214,0.5795519816197587,0.32337736932797245,0.09649626651349799

Transition Gammas
7079.0,927.0,1024.0,348.0
2850.0,1205.0,1187.0,369.0
1.0,1.0,1.0,1.0
1.0,1.0,1.0,1.0

1850.0,2470.0,2668.0,856.0
1.0,1.0,1.0,1.0
5439.0,1.0,1.0,1.0
1.0,1009.0,563.0,168.0

Iteration: ,32500
Error:,0.13305448322545654
Absolute Error:,1
Transition Probabilities
0.7528809218950064,0.10056141042056535,0.10913030631340491,0.03742736137102334
0.5064229249011858,0.2149209486166008,0.2134387351778656,0.06521739130434782
0.25,0.25,0.25,0.25
0.25,0.25,0.25,0.25

0.23705882352941177,0.3123529411764706,0.342,0.10858823529411765
0.25,0.25,0.25,0.25
0.9994929863106304,0.0001690045631232043,0.0001690045631232043,0.0001690045631232043
0.0005336179295624333,0.5827107790821772,0.3233724653148346,0.09338313767342583

Transition Gammas
7644.0,1021.0,1108.0,380.0
3075.0,1305.0,1296.0,396.0
1.0,1.0,1.0,1.0
1.0,1.0,1.0,1.0

2015.0,2655.0,2907.0,923.0
1.0,1.0,1.0,1.0
5914.0,1.0,1.0,1.0
1.0,1092.0,606.0,175.0

Iteration: ,35000
Error:,0.13826688005075854
Absolute Error:,1
Transition Probabilities
0.7534046248057764,0.10081345398044055,0.10876519513755598,0.03701672607622704
0.5090936879107443,0.21366345712975698,0.2119822711294513,0.06526058383004738
0.25,0.25,0.25,0.25
0.25,0.25,0.25,0.25

0.23868716606695017,0.3129429724130411,0.34020281321557083,0.10816704830443791
0.25,0.25,0.25,0.25
0.9995274102079396,0.0001575299306868305,0.0001575299306868305,0.0001575299306868305
0.0004967709885742673,0.5822155986090413,0.323397913561848,0.09388971684053651

Transition Gammas
8243.0,1103.0,1190.0,405.0
3331.0,1398.0,1387.0,427.0
1.0,1.0,1.0,1.0
1.0,1.0,1.0,1.0

2189.0,2870.0,3120.0,992.0
1.0,1.0,1.0,1.0
6345.0,1.0,1.0,1.0
1.0,1172.0,651.0,189.0

Iteration: ,37500
Error:,0.13296204606039397
Absolute Error:,1
Transition Probabilities
0.754492037809759,0.1004853955547986,0.10797922166397002,0.03704334497147237
0.5096016050444253,0.2113786185153339,0.21438807681284036,0.0646316996274004
0.25,0.25,0.25,0.25
0.25,0.25,0.25,0.25

0.24014227642276423,0.31158536585365854,0.34014227642276423,0.108130081300813
0.25,0.25,0.25,0.25
0.9995589532490444,0.00014701558365186709,0.00014701558365186709,0.00014701558365186709
0.00046446818392940084,0.5843009753831863,0.32094751509521596,0.09428704133766837

Transition Gammas
8860.0,1180.0,1268.0,435.0
3556.0,1475.0,1496.0,451.0
1.0,1.0,1.0,1.0
1.0,1.0,1.0,1.0

2363.0,3066.0,3347.0,1064.0
1.0,1.0,1.0,1.0
6799.0,1.0,1.0,1.0
1.0,1258.0,691.0,203.0

Iteration: ,40000
Error:,0.1373243224665127
Absolute Error:,1
Transition Probabilities
0.7543453994578218,0.10070164248126295,0.10795726359432307,0.03699569446659225
0.5102564102564102,0.20931174089068827,0.21497975708502023,0.06545209176788123
0.25,0.25,0.25,0.25
0.25,0.25,0.25,0.25

0.24160243600723189,0.30973451327433627,0.3413264820629936,0.1073365686554382
0.25,0.25,0.25,0.25
0.9995872884853487,0.00013757050488375291,0.00013757050488375291,0.00013757050488375291
0.0004374453193350831,0.5866141732283464,0.3215223097112861,0.09142607174103237

Transition Gammas
9461.0,1263.0,1354.0,464.0
3781.0,1551.0,1593.0,485.0
1.0,1.0,1.0,1.0
1.0,1.0,1.0,1.0

2539.0,3255.0,3587.0,1128.0
1.0,1.0,1.0,1.0
7266.0,1.0,1.0,1.0
1.0,1341.0,735.0,209.0

Iteration: ,42500
Error:,0.13512569958482004
Absolute Error:,1
Transition Probabilities
0.753954569308044,0.10113201889197092,0.10787915136067172,0.037034260439313293
0.5102796577703997,0.20584855063210317,0.21785212616524072,0.06601966543225642
0.25,0.25,0.25,0.25
0.25,0.25,0.25,0.25

0.24414237166875336,0.30879985691289574,0.3403684492935074,0.1066893221248435
0.25,0.25,0.25,0.25
0.9996122528111672,0.00012924906294429367,0.00012924906294429367,0.00012924906294429367
0.00041203131437989287,0.5838483724763082,0.3238566131025958,0.09188298310671611

Transition Gammas
10057.0,1349.0,1439.0,494.0
3996.0,1612.0,1706.0,517.0
1.0,1.0,1.0,1.0
1.0,1.0,1.0,1.0

2730.0,3453.0,3806.0,1193.0
1.0,1.0,1.0,1.0
7734.0,1.0,1.0,1.0
1.0,1417.0,786.0,223.0

Iteration: ,45000
Error:,0.13346396837370975
Absolute Error:,1
Transition Probabilities
0.7552492046659597,0.10102509720749381,0.10625662778366914,0.037469070342877345
0.5097069817918727,0.20631858193657301,0.21801519353671772,0.06595924273483661
0.25,0.25,0.25,0.25
0.25,0.25,0.25,0.25

0.2432775240994419,0.3090647725350922,0.3415355995264671,0.10612210383899881
0.25,0.25,0.25,0.25
0.9996333414813005,0.0001222195062331948,0.0001222195062331948,0.0001222195062331948
0.0003891050583657588,0.5832684824902724,0.3237354085603113,0.09260700389105059

Transition Gammas
10683.0,1429.0,1503.0,530.0
4227.0,1711.0,1808.0,547.0
1.0,1.0,1.0,1.0
1.0,1.0,1.0,1.0

2877.0,3655.0,4039.0,1255.0
1.0,1.0,1.0,1.0
8179.0,1.0,1.0,1.0
1.0,1499.0,832.0,238.0

Iteration: ,47500
Error:,0.13663278431082343
Absolute Error:,1
Transition Probabilities
0.7526737068675591,0.1025089123562252,0.10782269455841798,0.036994686217797806
0.5083380601247873,0.20771412365286443,0.2182643221781055,0.06568349404424277
0.25,0.25,0.25,0.25
0.25,0.25,0.25,0.25

0.24230522603398524,0.31147803783263867,0.34017313241423536,0.10604360371914075
0.25,0.25,0.25,0.25
0.999653058864346,0.00011564704521799469,0.00011564704521799469,0.00011564704521799469
0.00036886757654002215,0.5809664330505349,0.32312799704905937,0.09553670232386573

Transition Gammas
11190.0,1524.0,1603.0,550.0
4481.0,1831.0,1924.0,579.0
1.0,1.0,1.0,1.0
1.0,1.0,1.0,1.0

3023.0,3886.0,4244.0,1323.0
1.0,1.0,1.0,1.0
8644.0,1.0,1.0,1.0
1.0,1575.0,876.0,259.0

Iteration: ,50000
Error:,0.13569778372821747
Absolute Error:,1
Transition Probabilities
0.7540021685056445,0.101664646980037,0.1080426047579565,0.03629057975636201
0.5080497028633171,0.20767152890329552,0.2182603997839006,0.06601836844948676
0.25,0.25,0.25,0.25
0.25,0.25,0.25,0.25

0.24303546963008069,0.31123458669508297,0.3398538590348607,0.10587608463997564
0.25,0.25,0.25,0.25
0.9996702934388394,0.00010990218705352236,0.00010990218705352236,0.00010990218705352236
0.000351493848857645,0.5799648506151143,0.3233743409490334,0.09630931458699472

Transition Gammas
11822.0,1594.0,1694.0,569.0
4702.0,1922.0,2020.0,611.0
1.0,1.0,1.0,1.0
1.0,1.0,1.0,1.0

3193.0,4089.0,4465.0,1391.0
1.0,1.0,1.0,1.0
9096.0,1.0,1.0,1.0
1.0,1650.0,920.0,274.0

Iteration: ,52500
Error:,0.13415512960922696
Absolute Error:,1
Transition Probabilities
0.7547720364741641,0.10194528875379939,0.10699088145896657,0.036291793313069906
0.5086224594539109,0.20827345514268117,0.2171012112502566,0.0660028741531513
0.25,0.25,0.25,0.25
0.25,0.25,0.25,0.25

0.24326477404403243,0.311558516801854,0.33936848203939746,0.1058082271147161
0.25,0.25,0.25,0.25
0.9996851054896609,0.00010496483677967881,0.00010496483677967881,0.00010496483677967881
0.00033456005352960856,0.5801271328203412,0.3231850117096019,0.09635329541652726

Transition Gammas
12416.0,1677.0,1760.0,597.0
4955.0,2029.0,2115.0,643.0
1.0,1.0,1.0,1.0
1.0,1.0,1.0,1.0

3359.0,4302.0,4686.0,1461.0
1.0,1.0,1.0,1.0
9524.0,1.0,1.0,1.0
1.0,1734.0,966.0,288.0

Iteration: ,55000
Error:,0.13595556409705525
Absolute Error:,1
Transition Probabilities
0.7550142433579443,0.1016801348758793,0.10685425265972909,0.0364513691064473
0.5093100744805958,0.20815366522932183,0.2159937279498236,0.06654253234025873
0.25,0.25,0.25,0.25
0.25,0.25,0.25,0.25

0.2432357813362783,0.3119133075648813,0.33938431805632246,0.10546659304251794
0.25,0.25,0.25,0.25
0.9996993987975952,0.0001002004008016032,0.0001002004008016032,0.0001002004008016032
0.0003181673560292714,0.5765192491250398,0.3248488705058861,0.09831371301304487

Transition Gammas
12987.0,1749.0,1838.0,627.0
5197.0,2124.0,2204.0,679.0
1.0,1.0,1.0,1.0
1.0,1.0,1.0,1.0

3524.0,4519.0,4917.0,1528.0
1.0,1.0,1.0,1.0
9977.0,1.0,1.0,1.0
1.0,1812.0,1021.0,309.0

Iteration: ,57500
Error:,0.13544823285132876
Absolute Error:,1
Transition Probabilities
0.7548218553721305,0.10177310877661053,0.106831193374465,0.036573842476793954
0.5116780789794578,0.20757902635775255,0.21545821217521807,0.06528468248757152
0.25,0.25,0.25,0.25
0.25,0.25,0.25,0.25

0.24260823653643082,0.3115100316789863,0.3400211193241816,0.10586061246040127
0.25,0.25,0.25,0.25
0.999712368168744,9.587727708533077e-05,9.587727708533077e-05,9.587727708533077e-05
0.0003046922608165753,0.5780012187690433,0.3229737964655698,0.09872029250457039

Transition Gammas
13580.0,1831.0,1922.0,658.0
5455.0,2213.0,2297.0,696.0
1.0,1.0,1.0,1.0
1.0,1.0,1.0,1.0

3676.0,4720.0,5152.0,1604.0
1.0,1.0,1.0,1.0
10427.0,1.0,1.0,1.0
1.0,1897.0,1060.0,324.0

Iteration: ,60000
Error:,0.13322948982137178
Absolute Error:,1
Transition Probabilities
0.7553406313104475,0.10155170581358273,0.10654692315867786,0.03656073971729196
0.5120036101083032,0.20703971119133574,0.2157039711191336,0.06525270758122743
0.25,0.25,0.25,0.25
0.25,0.25,0.25,0.25

0.24331331014859311,0.31021182421751503,0.3412582990831489,0.10521656655074296
0.25,0.25,0.25,0.25
0.9997246696035242,9.177679882525697e-05,9.177679882525697e-05,9.177679882525697e-05
0.000293513354857646,0.5782213090695627,0.3240387437628412,0.09744643381273847

Transition Gammas
14214.0,1911.0,2005.0,688.0
5673.0,2294.0,2390.0,723.0
1.0,1.0,1.0,1.0
1.0,1.0,1.0,1.0

3848.0,4906.0,5397.0,1664.0
1.0,1.0,1.0,1.0
10893.0,1.0,1.0,1.0
1.0,1970.0,1104.0,332.0

Iteration: ,62500
Error:,0.13368571300375354
Absolute Error:,1
Transition Probabilities
0.7560739077174357,0.10116374030216414,0.10606369946917109,0.03669865251122907
0.5137360256521363,0.2069503423173585,0.21448999046711154,0.06482364156339371
0.25,0.25,0.25,0.25
0.25,0.25,0.25,0.25

0.24263368497635504,0.3100521401721838,0.34163938401843097,0.10567479083303019
0.25,0.25,0.25,0.25
0.9997354730623402,8.817564588660612e-05,8.817564588660612e-05,8.817564588660612e-05
0.00028169014084507044,0.5791549295774648,0.3247887323943662,0.09577464788732394

Transition Gammas
14813.0,1982.0,2078.0,719.0
5928.0,2388.0,2475.0,748.0
1.0,1.0,1.0,1.0
1.0,1.0,1.0,1.0

4002.0,5114.0,5635.0,1743.0
1.0,1.0,1.0,1.0
11338.0,1.0,1.0,1.0
1.0,2056.0,1153.0,340.0

Iteration: ,65000
Error:,0.1346749889173022
Absolute Error:,1
Transition Probabilities
0.7556993675540521,0.10114232485169387,0.10638819434230525,0.036770113251948816
0.513675783855904,0.20613742494996665,0.21606070713809206,0.06412608405603736
0.25,0.25,0.25,0.25
0.25,0.25,0.25,0.25

0.24356805320576397,0.30978355988565426,0.34052855726036985,0.10611982964821189
0.25,0.25,0.25,0.25
0.9997455039022735,8.483203257550051e-05,8.483203257550051e-05,8.483203257550051e-05
0.00027041644131963225,0.5805840995132504,0.32179556517036234,0.09734991887506761

Transition Gammas
15414.0,2063.0,2170.0,750.0
6160.0,2472.0,2591.0,769.0
1.0,1.0,1.0,1.0
1.0,1.0,1.0,1.0

4175.0,5310.0,5837.0,1819.0
1.0,1.0,1.0,1.0
11785.0,1.0,1.0,1.0
1.0,2147.0,1190.0,360.0

Iteration: ,67500
Error:,0.13538674170448023
Absolute Error:,1
Transition Probabilities
0.7556132075471698,0.10127358490566038,0.1064622641509434,0.03665094339622642
0.513485310643763,0.20613260555466367,0.21648739765612457,0.0638946861454487
0.25,0.25,0.25,0.25
0.25,0.25,0.25,0.25

0.24381466486729644,0.30994152046783624,0.33985605038236616,0.10638776428250113
0.25,0.25,0.25,0.25
0.9997547015535568,8.176614881439084e-05,8.176614881439084e-05,8.176614881439084e-05
0.00026014568158168577,0.5803850156087409,0.3207596253902185,0.09859521331945889

Transition Gammas
16019.0,2147.0,2257.0,777.0
6397.0,2568.0,2697.0,796.0
1.0,1.0,1.0,1.0
1.0,1.0,1.0,1.0

4336.0,5512.0,6044.0,1892.0
1.0,1.0,1.0,1.0
12227.0,1.0,1.0,1.0
1.0,2231.0,1233.0,379.0

Iteration: ,70000
Error:,0.13390176496189116
Absolute Error:,1
Transition Probabilities
0.7554968816861656,0.1010151591022898,0.10679655847407475,0.03669140073746984
0.5144781666150511,0.2047847630845463,0.21670795912047072,0.06402911117993186
0.25,0.25,0.25,0.25
0.25,0.25,0.25,0.25

0.24394473042535897,0.31075589271200216,0.339095096179897,0.1062042806827418
0.25,0.25,0.25,0.25
0.9997633696166588,7.887679444707367e-05,7.887679444707367e-05,7.887679444707367e-05
0.00025,0.57925,0.31875,0.10175

Transition Gammas
16596.0,2219.0,2346.0,806.0
6645.0,2645.0,2799.0,827.0
1.0,1.0,1.0,1.0
1.0,1.0,1.0,1.0

4502.0,5735.0,6258.0,1960.0
1.0,1.0,1.0,1.0
12675.0,1.0,1.0,1.0
1.0,2317.0,1275.0,407.0

Iteration: ,72500
Error:,0.13475494452006762
Absolute Error:,1
Transition Probabilities
0.7564942200342842,0.10056700804360248,0.10663267548679178,0.036306096435321525
0.5136183866875607,0.20535780911872248,0.216252518468771,0.06477128572494589
0.25,0.25,0.25,0.25
0.25,0.25,0.25,0.25

0.24414348462664714,0.31206860489437355,0.3382660531269609,0.10552185735201841
0.25,0.25,0.25,0.25
0.9997711670480549,7.627765064836003e-05,7.627765064836003e-05,7.627765064836003e-05
0.00024213075060532688,0.5796610169491525,0.3188861985472155,0.10121065375302664

Transition Gammas
17211.0,2288.0,2426.0,826.0
6883.0,2752.0,2898.0,868.0
1.0,1.0,1.0,1.0
1.0,1.0,1.0,1.0

4669.0,5968.0,6469.0,2018.0
1.0,1.0,1.0,1.0
13107.0,1.0,1.0,1.0
1.0,2394.0,1317.0,418.0

Iteration: ,74999
Error:,0.13561387351919044
Absolute Error:,1
Transition Probabilities
0.7560923744311657,0.10088036405392761,0.10679198741121933,0.03623527410368732
0.5141973977427935,0.20638343756739272,0.21493781899216446,0.06448134569764934
0.25,0.25,0.25,0.25
0.25,0.25,0.25,0.25

0.24488662188778346,0.31276198171809505,0.33740720165648197,0.10494419473763951
0.25,0.25,0.25,0.25
0.9997783196630459,7.389344565137072e-05,7.389344565137072e-05,7.389344565137072e-05
0.0002349072116513977,0.5813953488372093,0.3173596429410383,0.10101010101010101

Transition Gammas
17778.0,2372.0,2511.0,852.0
7153.0,2871.0,2990.0,897.0
1.0,1.0,1.0,1.0
1.0,1.0,1.0,1.0

4849.0,6193.0,6681.0,2078.0
1.0,1.0,1.0,1.0
13530.0,1.0,1.0,1.0
1.0,2475.0,1351.0,430.0

*,*,*,*,*,*,*,*,*,*,*
Model Num 1
Model States: 
['square'],"['diamond', 'x', 'square']","['diamond', 'x', 'diamond']"
Iteration: ,74999
Error:,0.03320285491045208
Absolute Error:,1
Transition Probabilities
0.7573258724782801,0.1321738197024348,0.1105003078192851
0.9995640802092415,0.00021795989537925023,0.00021795989537925023
0.000257997936016512,0.6819367972586605,0.317805204805323

0.25228008237716965,0.35768131397539904,0.39003860364743126
0.7559479351095204,0.1090880875916176,0.134963977298862
0.7480546083648992,0.12798659988112882,0.123958791753972

Transition Gammas
5143.0,897.5924095992348,750.4075904007651
4586.0,1.0,1.0
1.0,2643.187026174567,1231.8129738254313

1715.0,2431.5175724047635,2651.4824275952387
686.6185972066052,99.08342386470848,122.58618942181917
561.3894573293734,96.04957585883908,93.0268433023565

