0,1,2,3,4,5,6,7,8,9,10,11,12,13,14,15,16,17,18,19,20,21,22,23,24,25,26,27,28,29
github Code Version (SHA):,435d1819722f15ec466ddfbacb6c2019a68c5c80
Environment Observations,Environment Actions,alpha,epsilon,numActions,explore,gainThresh,insertRandActions,useBudd,revisedSplitting,haveControl,confidence_factor
"['diamond', 'square']","['x', 'y']",0.99,0.99,50000,0.5,0.0275,False,True,False,False,250

Model Num 0
Model States: 
['diamond'],['square']
Iteration: ,0
Error:,0.6757995962627332
Transition Probabilities
0.5,0.5
0.5,0.5

0.5,0.5
0.5,0.5

Transition Gammas
1.0,1.0
1.0,1.0

1.0,1.0
1.0,1.0

Iteration: ,2440
Error:,0.1560050620535627
Transition Probabilities
0.4752475247524752,0.5247524752475248
0.027298850574712645,0.9727011494252874

0.042,0.958
0.9718120805369127,0.028187919463087248


Model Num 1
Model States: 
['square'],"['diamond', 'x', 'square']","['diamond', 'x', 'diamond']"
Iteration: ,0
Error:,0.7244939233084966
Transition Probabilities
0.3333333333333333,0.3333333333333333,0.3333333333333333
0.3333333333333333,0.3333333333333333,0.3333333333333333
0.3333333333333333,0.3333333333333333,0.3333333333333333

0.3333333333333333,0.3333333333333333,0.3333333333333333
0.3333333333333333,0.3333333333333333,0.3333333333333333
0.3333333333333333,0.3333333333333333,0.3333333333333333

Transition Gammas
1.0,1.0,1.0
1.0,1.0,1.0
1.0,1.0,1.0

1.0,1.0,1.0
1.0,1.0,1.0
1.0,1.0,1.0

Iteration: ,2500
Error:,0.11987705199339561
Transition Probabilities
0.9723320158102767,0.02482695456064458,0.0028410296290787376
0.9956236323851203,0.002188183807439825,0.002188183807439825
0.0031847133757961785,0.9828157608222103,0.013999525801993514

0.028011204481792718,0.3653980240483291,0.6065907714698782
0.9346531371913819,0.021922206144191735,0.04342465666442633
0.961464518834845,0.026996295124540336,0.011539186040614777

Transition Gammas
738.0,18.843658511529238,2.156341488470762
455.0,1.0,1.0
1.0,308.60414889817406,4.395851101825963

20.0,260.894189170507,433.105810829493
79.56278785952867,1.8661381077738124,3.6965443206522597
107.40010220230234,3.0156129515552013,1.288981273687843

Iteration: ,5000
Error:,0.11780242199486204
Transition Probabilities
0.9782321899736148,0.01901979386908248,0.0027480161573027436
0.9977997799779978,0.0011001100110011,0.0011001100110011
0.0015797788309636644,0.9867092852586623,0.011710935910374032

0.026001405481377356,0.36359884712355345,0.6103997473950691
0.9396848212411352,0.01787907513641392,0.042436103622450976
0.9678320712721038,0.02447293619370637,0.007694992534189854

Transition Gammas
1483.0,28.83400750552904,4.165992494470959
907.0,1.0,1.0
1.0,624.5869775687335,7.413022431266764

37.0,517.4011594568169,868.5988405431839
163.32636034047798,3.107557132217504,7.375807499510225
214.0745982123028,5.413164265012325,1.7020539863265465

Iteration: ,7500
Error:,0.1168193096818945
Transition Probabilities
0.9789237668161435,0.018723046174611773,0.002353187009244733
0.9985475671750181,0.0007262164124909223,0.0007262164124909223
0.001066098081023454,0.9867470944509248,0.012186807468051836

0.02132591562355123,0.37362403606737765,0.6050500483090712
0.9447013153424617,0.02125896177666249,0.034039722880875804
0.9723831484363764,0.021999963741381304,0.005616887822242361

Transition Gammas
2183.0,41.75239296938425,5.247607030615755
1375.0,1.0,1.0
1.0,925.5687745949676,11.431225405032626

46.0,805.9070457973336,1305.0929542026665
245.64647816018294,5.527873207084507,8.851197629808043
331.1921825882972,7.493153311107815,1.913103224992585

Iteration: ,10000
Error:,0.10924147266847863
Transition Probabilities
0.9829602405613097,0.014618240216967676,0.0024215192217226043
0.9989029072956664,0.0005485463521667581,0.0005485463521667581
0.0007974481658692184,0.9868860693850356,0.01231648244909523

0.02366863905325444,0.3707193080074705,0.6056120529392751
0.9511859033138821,0.023189905155941493,0.02562419153017641
0.9740021713007194,0.02155482074545948,0.004443007953821162

Transition Gammas
2942.0,43.75239296938425,7.247607030615755
1821.0,1.0,1.0
1.0,1237.555131008835,15.444868991165421

68.0,1065.0765719054625,1739.923428094537
328.56195298898837,8.010337938272878,8.851197629808043
436.31891384104546,9.655805965132316,1.9903122002382576

Iteration: ,12500
Error:,0.11651590162827852
Transition Probabilities
0.9826511249661155,0.015360027032570415,0.0019888480013141095
0.9991273996509599,0.0004363001745200698,0.0004363001745200698
0.0006397952655150348,0.9862694265682351,0.013090778166249747

0.025697706548770377,0.37347956303405716,0.6008227304171725
0.9450094638262971,0.0306135826111763,0.024376953562526567
0.9734391553992519,0.021650644092827156,0.0049102005079211235

Transition Gammas
3625.0,56.66313972315226,7.336860276847751
2290.0,1.0,1.0
1.0,1541.5391137261524,20.460886273848367

93.0,1351.622538620253,2174.3774613797473
412.6284558827787,13.367099278289837,10.643940714524339
546.9189760792889,12.164240603049851,2.7587567432859084

Iteration: ,15000
Error:,0.11180737281859872
Transition Probabilities
0.9833028362305581,0.015009010580267029,0.0016881531891748784
0.999275887038378,0.0003620564808110065,0.0003620564808110065
0.0005330490405117267,0.9848193385390672,0.014647612420421006

0.02493708533516357,0.3757495178017888,0.5993133968630475
0.9444826021311025,0.031780018841312166,0.023737379027585288
0.9778642450046916,0.017789987904108597,0.004345767091199841

Transition Gammas
4299.0,65.61939425692745,7.380605743072568
2760.0,1.0,1.0
1.0,1847.5210790992912,27.478920900709824

109.0,1642.4011423116192,2619.5988576883815
491.45197715940935,16.536411637954323,12.35150528910407
668.6331670079221,12.164240603049851,2.97150041850013

Iteration: ,17500
Error:,0.11402051057201083
Transition Probabilities
0.9822196170379054,0.015942789659913328,0.0018375933021812457
0.9993823347745522,0.00030883261272390367,0.00030883261272390367
0.00046189376443418,0.9859151295070352,0.013622976728530647

0.024122376936654217,0.3799323592450372,0.5959452638183086
0.9477954978648525,0.02965010476746433,0.022554397367683103
0.9787840320989666,0.017504018702037244,0.003711949198996251

Transition Gammas
5027.0,81.59519747943641,9.404802520563615
3236.0,1.0,1.0
1.0,2134.5062553827315,29.49374461726886

123.0,1937.2750997904473,3038.724900209559
560.3034479461934,17.52810175887226,13.333368474454772
783.5390532256746,14.012368195287443,2.97150041850013

Iteration: ,20000
Error:,0.11497345893443214
Transition Probabilities
0.9830305107987659,0.014843194631374084,0.0021262945698600644
0.9994623655913979,0.00026881720430107527,0.00026881720430107527
0.00040371417036737955,0.9832419347556552,0.016354351073977424

0.023479005998286177,0.38123101757288935,0.5952899764288244
0.9481073460890261,0.030922389149582806,0.020970264761391175
0.980529245969108,0.01623772968180398,0.003233024349088135

Transition Gammas
5735.0,86.59519747943641,12.404802520563615
3718.0,1.0,1.0
1.0,2435.4902723897603,40.509727610242116

137.0,2224.482987537812,3473.5170124621945
617.9283614627523,20.1536475152689,13.66735675754356
901.2128428821162,14.92423666978611,2.97150041850013

Iteration: ,22500
Error:,0.11438967571665666
Transition Probabilities
0.9836865375819485,0.014266606186109424,0.0020468562319421115
0.9995246018540528,0.0002376990729736154,0.0002376990729736154
0.0003575259206292454,0.9830065783292645,0.016635895750106246

0.023163669612922867,0.38215088260237534,0.5946854477847018
0.9479561603731275,0.03322004860309229,0.018823791023780265
0.9808331254498777,0.01582308203650561,0.0033437925136166843

Transition Gammas
6452.0,93.57466997469172,13.425330025308309
4205.0,1.0,1.0
1.0,2749.4693995869548,46.5306004130472

152.0,2507.6740916367894,3902.325908363217
688.2808578762487,24.120022113920538,13.66735675754356
1000.1122323883053,16.134098133700927,3.4095175913870355

Iteration: ,23145
Error:,0.1076061511442448
Transition Probabilities
0.9838398813936249,0.01416970644546949,0.0019904121609056057
0.9995362856480408,0.00023185717597959656,0.00023185717597959656
0.0003489183531053729,0.9830642604468444,0.016586821200050193

0.022794552989934852,0.38283379304323756,0.5943716539668276
0.9496594016861439,0.0321328544297403,0.018207743884115803
0.981155750461672,0.015626288790946078,0.003217960747381975


Model Num 2
Model States: 
"['diamond', 'x', 'square']","['diamond', 'x', 'diamond']","['square', 'y', 'diamond', 'x', 'diamond']","['square', 'y', 'diamond', 'x', 'square']"
Iteration: ,0
Error:,0.6735487911827905
Transition Probabilities
0.25,0.25,0.25,0.25
0.25,0.25,0.25,0.25
0.25,0.25,0.25,0.25
0.25,0.25,0.25,0.25

0.25,0.25,0.25,0.25
0.25,0.25,0.25,0.25
0.25,0.25,0.25,0.25
0.25,0.25,0.25,0.25

Transition Gammas
1.0,1.0,1.0,1.0
1.0,1.0,1.0,1.0
1.0,1.0,1.0,1.0
1.0,1.0,1.0,1.0

1.0,1.0,1.0,1.0
1.0,1.0,1.0,1.0
1.0,1.0,1.0,1.0
1.0,1.0,1.0,1.0

Iteration: ,2500
Error:,0.03399310746219161
Transition Probabilities
0.0014492753623188406,0.0014492753623188406,0.027513205623563252,0.9695882436517991
0.9659787960518871,0.025722448761390897,0.004149377593360995,0.004149377593360995
0.017788229005208066,0.009554030192692149,0.9534413170404048,0.01921642376169491
0.022895399675837907,0.006520753980242289,0.9174632977237527,0.05312054862016718

0.029052761635175808,0.012027382605163192,0.02658171734065529,0.9323381384190057
0.016885672309008285,0.016885672309008285,0.9215406827167797,0.04468797266520368
0.00413796165470303,0.9765332757615043,0.009642015473671306,0.009686747110121484
0.9782690306182069,0.0018628661954737727,0.008325500925480496,0.011542602260838817

Transition Gammas
1.0,1.0,18.984111880258645,669.0158881197414
232.80088984850482,6.199110151495207,1.0,1.0
3.0305697405715066,1.6277143044426818,162.4372164304446,3.2738904113018354
4.881820079133818,1.39037309514334,195.6240472806784,11.326509453434374

4.918951572771066,2.036367947560481,4.500576639208743,157.8550848253247
1.0,1.0,54.57530300556347,2.646502422137094
1.2104441676502424,285.657313140745,2.8205001322895114,2.833585113004359
612.5597157084985,1.1664652067962016,5.213153356005113,7.227595822968604

Iteration: ,5000
Error:,0.02825891519126161
Transition Probabilities
0.0007230657989877081,0.0007230657989877081,0.02401255097426201,0.9745413174277625
0.9644156861241433,0.031217501648782495,0.0021834061135371187,0.0021834061135371187
0.021205690619346147,0.00802032798565104,0.9515834247571624,0.01919055663784051
0.0175293934103864,0.003579503592505696,0.92856997513525,0.05032112786185786

0.023982402649151063,0.008059400549288446,0.019012251660636442,0.9489459451409241
0.01005590002823381,0.01005590002823381,0.9491425465541775,0.03074565338935479
0.0022403188791164383,0.9822887536224474,0.006357200123086797,0.009113727375349337
0.9756751482503484,0.0008917732886711849,0.007752955301442398,0.015680123159538175

Transition Gammas
1.0,1.0,33.20935799740435,1347.7906420025952
441.7023842448575,14.29761575514238,1.0,1.0
7.584424746996087,2.8685495391459517,340.34321282491885,6.863692170434741
7.220607062815851,1.4744485628411494,382.4912114076702,20.727989996099993

8.647632670845423,2.906078115568767,6.8554836232254965,342.17322084521953
1.0,1.0,94.3866331098443,3.057474050361544
1.216823364519611,533.5275782633435,3.4528966902023375,4.950097288186393
1283.786669299288,1.1733891778285788,10.201285419141492,20.631798525651288

Iteration: ,7500
Error:,0.023509000369379824
Transition Probabilities
0.000476417341591234,0.000476417341591234,0.02305600582215296,0.9759911594946645
0.9677648202788188,0.02934917683517823,0.0014430014430014432,0.0014430014430014432
0.021084055304470415,0.005438945697680627,0.959089988611991,0.01438701038585785
0.015464569081264604,0.0024614171444816094,0.9429714389270712,0.03910257484718258

0.021288714975526212,0.006044954441719657,0.01692350340310783,0.9557428271796463
0.006127315011873084,0.006127315011873084,0.9574020478544711,0.03034332212178269
0.001453913545701346,0.9874739012992421,0.004110902728686886,0.006961282426369652
0.9749567263474685,0.0006037210274512657,0.006596486810133533,0.017843065814946674

Transition Gammas
1.0,1.0,48.39455622069905,2048.6054437793005
670.6610204532213,20.33897954677851,1.0,1.0
11.378112983956228,2.9351534971875863,517.5775767337672,7.764020123630292
9.713162603019313,1.5459949018026102,592.2722365020952,24.55999036840662

10.532218716402966,2.990635291236469,8.372606777545332,472.83701736161476
1.0,1.0,156.2514814399593,4.952140058571416
1.2211948569739306,829.4152380848135,3.4528966902023375,5.847034249154636
1898.559421690314,1.1756421734062263,12.845515954696323,34.746281346987836

Iteration: ,10000
Error:,0.021342949934227737
Transition Probabilities
0.000358037952022915,0.000358037952022915,0.02095852004258025,0.978325404053374
0.9737299010007322,0.024114926585474653,0.001077586206896552,0.001077586206896552
0.018288017436574943,0.004218087719960865,0.9654697385552122,0.012024156288251969
0.015027310438130374,0.0018321194833765932,0.9519195379864341,0.031221032092058933

0.020622365281409132,0.008599635194748694,0.014027145494701038,0.9567508540291411
0.004438350369429591,0.008749006703652085,0.9593102947560618,0.027502348170856523
0.0010776030561137923,0.9874658970099519,0.003784215368022178,0.007672284565912108
0.9765841193220207,0.0004574174808508507,0.005468603986409533,0.017489859210718994

Transition Gammas
1.0,1.0,58.537146478926545,2732.462853521069
903.6213481286794,22.378651871320475,1.0,1.0
13.226984617395464,3.0507725389174905,698.2852802234795,8.69658675761051
12.797963798523105,1.5603190550537203,810.6994153354915,26.589298205541716

13.5051226920313,5.631707460661165,9.186061750913144,626.5545922134098
1.0,1.9712293927747058,216.14118194984923,6.1965248080203
1.2236945255372296,1121.3374029241695,4.297244335964094,8.712422044837835
2513.4344145628484,1.1772553080131238,14.074545333175756,45.01364826267957

Iteration: ,12500
Error:,0.02027487125043766
Transition Probabilities
0.00028876696505919747,0.00028876696505919747,0.02127287243781645,0.9781495936320651
0.9738863681715324,0.024396893631042655,0.0008583690987124467,0.0008583690987124467
0.01569935820646526,0.004458209410129614,0.9681307991597687,0.011711633223636319
0.01732116674282539,0.001989379097762675,0.9523304378198802,0.028359016339531803

0.02053202221743987,0.009444181355530917,0.012489306469261777,0.9575344899577675
0.0034301029001943756,0.006761519657104916,0.9673496692030246,0.022458708239676148
0.0008539003268478466,0.9860514314971346,0.003656328137182822,0.009438340038834663
0.9748655502573571,0.00036832138199461515,0.005175844235767752,0.01959028412488044

Transition Gammas
1.0,1.0,73.66795725215832,3387.332042747839
1134.5776189198348,28.422381080164683,1.0,1.0
14.216426310402422,4.037095320836072,876.6829818188284,10.60537434133581
18.554292592897166,2.131006669823301,1020.1286005026735,30.37794708767956

17.08716769086947,7.859640361574742,10.393855594100684,796.8797338336243
1.0,1.9712293927747058,282.0176820783444,6.547531923431063
1.2255858951975231,1415.259707000383,5.247853938277716,13.5466588569827
3119.950625696434,1.1787723198425766,16.56472367664221,62.696562820233254

Iteration: ,15000
Error:,0.01988369042494685
Transition Probabilities
0.00024166263895601767,0.00024166263895601767,0.02412048942946815,0.9753961852926198
0.9747754213486316,0.023802103544682658,0.0007112375533428164,0.0007112375533428164
0.014943333009414207,0.004662979427051985,0.9697094416764437,0.01068424588709014
0.015770872282635445,0.0023865041475977177,0.9515544971050325,0.030288126464734406

0.02141276758998164,0.008262692603204683,0.011654646591977952,0.9586698932148358
0.0033464382735148685,0.007579121113462499,0.9697629018476087,0.019311538765413878
0.0007046391281336791,0.9868434033809136,0.003214975131169812,0.009236982359782849
0.9744385796999144,0.00030834614859406336,0.004800480188874486,0.020452593962617033

Transition Gammas
1.0,1.0,99.8105852591391,4036.1894147408566
1370.5342424161763,33.46575758382382,1.0,1.0
16.12443642839754,5.031535822099221,1046.354132406612,11.528716082497736
20.28212519116335,3.069162886069538,1223.7463528094488,38.95203523015755

21.5801659335848,8.327287758859653,11.745758986794684,966.1644756648627
1.2075682792874103,2.7349395068571933,349.9406900671403,6.9686035513959235
1.226861516318892,1718.2131191719948,5.5976585841912465,16.082697840168937
3728.712279016649,1.1798938326151305,18.369151015084782,78.26233467648348

Iteration: ,17500
Error:,0.018843577274779845
Transition Probabilities
0.00020746887966805033,0.00020746887966805033,0.02406258682338046,0.9755224754172834
0.9761034865897079,0.022686592055180182,0.0006049606775559591,0.0006049606775559591
0.014858036153967111,0.003925173684059196,0.9714998021906498,0.009716987971323887
0.015326416439912526,0.0020414963045428383,0.954253874621999,0.028378212633545764

0.02110034103438663,0.00816416269890923,0.012024558152909084,0.958710938113795
0.0028484251705527992,0.006451205008356423,0.9715244279029512,0.019175941918139528
0.0005984102701930837,0.987427320278675,0.0028245882434930463,0.009149681207639088
0.9748335009691667,0.00026692279643220665,0.0045076481521547935,0.020391928082246373

Transition Gammas
1.0,1.0,115.98166848869351,4702.018331511294
1613.4990633327866,37.50093666721283,1.0,1.0
19.045970235237977,5.031535822099221,1245.3298756526674,12.455849599516991
23.182718649672427,3.0879647984322105,1443.4032366569213,42.924849513473475

24.399874909662834,9.440821277290377,13.904880224296187,1108.6279092067814
1.2075682792874103,2.7349395068571933,411.8704236350962,8.129495352447364
1.2279146685416809,2026.1625695323885,5.795945540266864,18.774791020406603
4312.456094766219,1.1808096861276425,19.940876803572706,90.20955317486494

Iteration: ,20000
Error:,0.0193183223263758
Transition Probabilities
0.00018102824040550373,0.00018102824040550373,0.02301874046236055,0.9766192030568284
0.9778750342238994,0.02105943567487513,0.0005327650506126801,0.0005327650506126801
0.015033576658237036,0.0034475362442616068,0.9717269839602778,0.009791903137223563
0.015772644106592744,0.0018041602045275743,0.9526030221459042,0.029820173542975528

0.020251000018842377,0.007243896277266691,0.010680965166428713,0.9618241385374623
0.0026139597328202965,0.005920180138255008,0.9715602914595227,0.019905568669401956
0.0005304394232856657,0.987186389393174,0.002635348180200815,0.009647823003339412
0.9752427907393036,0.00023201502647487776,0.0040224377892945275,0.0205027564449271

Transition Gammas
1.0,1.0,127.15552231407933,5394.844477685906
1835.4714392382582,39.52856076174059,1.0,1.0
21.940880133196494,5.031535822099221,1418.1951349270755,14.290875544375426
27.395707521411232,3.133668961968616,1654.5883874862388,51.795041281608036

27.1046918714551,9.695500289437957,14.295801168161008,1287.3412120551623
1.2075682792874103,2.7349395068571933,448.8307048693191,9.195755008977262
1.2283987440448754,2286.139505539162,6.102974727306831,22.342558150484393
4967.306594017616,1.1817465167275552,20.487905108882234,104.42884402889965

Iteration: ,22500
Error:,0.019984396532846206
Transition Probabilities
0.00016108247422680442,0.00016108247422680442,0.023567927608079648,0.9761099074434667
0.9789928553669511,0.02006419319504791,0.0004714757190004716,0.0004714757190004716
0.01574349685341109,0.0036723059210145453,0.9718714918779441,0.0087127053476302
0.016599502374902788,0.0020781230033402615,0.9525639469473655,0.028758427674391383

0.02108171233819997,0.0072985883376141016,0.010163568932336088,0.9614561303918499
0.005788048468264411,0.005255250783290552,0.9698946401505795,0.019062060597865492
0.00046925698137472463,0.9864667472971338,0.0024638497536074626,0.010600145967884035
0.9748585757585221,0.00020722778582462262,0.004015501182385439,0.020918695273267927

Transition Gammas
1.0,1.0,146.30969459095817,6059.69030540903
2076.443846233303,42.5561537666966,1.0,1.0
25.836515457850567,6.0265892373009375,1594.9298339973525,14.298344801648817
32.68455081790496,4.09184054886042,1875.605908426374,56.62557042600467

31.703959043981456,10.976060294462561,15.284592067390784,1445.896106138158
3.0122182701143605,2.7349395068571933,504.7529182186707,9.920284447122993
1.2292334009044028,2584.080627009023,6.4541318129604,27.76741528706219
5562.199419341813,1.182368703161228,22.9110343801942,119.35470189799173

Iteration: ,25000
Error:,0.020446597396077126
Transition Probabilities
0.0001455180442374857,0.0001455180442374857,0.023498128627509624,0.9762108352840154
0.9781602108900311,0.020993049059164343,0.0004233700254022016,0.0004233700254022016
0.015769102306820482,0.0038882098428521523,0.9715183857249269,0.008824302125400403
0.015755094850987958,0.0027364555303699733,0.9517905791142627,0.029717870504379327

0.023236420613856647,0.007679631629760724,0.009037284026030002,0.9600466637303526
0.00516333962314195,0.004688047231755195,0.9731139149378207,0.01703469820728212
0.0004219842985350712,0.9868399346419716,0.0022481485458228866,0.010489932513670322
0.9745668655093571,0.0001869045694949924,0.003704169513277628,0.021542060407870316

Transition Gammas
1.0,1.0,161.47913992824587,6708.520860071743
2310.414418122253,49.58558187774617,1.0,1.0
28.707293059629126,7.078397822798902,1768.6271842982715,16.06444185798771
34.63855134798665,6.016266883614384,2092.570508714644,65.33657798665753

39.37155018757503,13.012288215892696,15.312680360848175,1626.6931138668162
3.0122182701143605,2.7349395068571933,567.7006990476696,9.93779857824566
1.2298305875317928,2876.0452482089345,6.552001713254077,30.571848078806745
6169.042188387779,1.1831124320181323,23.447521980348007,136.3619923723685

Iteration: ,27500
Error:,0.020424156239820704
Transition Probabilities
0.00013252054068380617,0.00013252054068380617,0.023806491801060904,0.9759284671175715
0.9779321854382306,0.02130182451964002,0.00038299502106472637,0.00038299502106472637
0.016537820909256238,0.003486028536812924,0.9706574091664936,0.009318741387437225
0.01729205130542632,0.0025156370176711153,0.9517017559776785,0.028490555699224044

0.025861175786519704,0.00708017492332981,0.009279034324735359,0.9577796149654151
0.0047607573322078,0.0043225231848556716,0.9746079483174079,0.0163087711655287
0.0003830229367155618,0.9865663847657125,0.0020995427032664033,0.010951049594305585
0.9748032741656082,0.00017085226287596948,0.003434068196994727,0.02159180537452117

Transition Gammas
1.0,1.0,179.64378713080535,7364.356212869185
2553.3809361792187,55.61906382078006,1.0,1.0
33.58012542976482,7.078397822798902,1970.9245690826208,18.921749507067066
42.059756136650556,6.118827525012911,2314.8406781954322,69.29807249247459

48.154173170788695,13.183467455304807,17.277800105434828,1783.4102292648586
3.0122182701143605,2.7349395068571933,616.6522809846566,10.318857912704795
1.2303305418798016,3169.008010793314,6.744064817527644,35.17651161324606
6752.971927406835,1.1835829500295092,23.78958580227978,149.57772447059116

Iteration: ,30000
Error:,0.021621959547405825
Transition Probabilities
0.00012121212121212143,0.00012121212121212143,0.02337000080624911,0.9763875749513266
0.9766475835112686,0.022651645640798617,0.00035038542396636276,0.00035038542396636276
0.016583259888768596,0.0032334676105104515,0.9711653058958458,0.009017966604875301
0.018236599860061577,0.002322593017111923,0.951900925833004,0.02753988128982244

0.02490922585681331,0.007513808752119878,0.00947744745822944,0.9580995179328374
0.0043462773263149915,0.0039461966237410925,0.9762600620758229,0.015447463974120853
0.00035040415752374645,0.9855593818308126,0.0019864155009260095,0.012103798510737658
0.9745799025463492,0.00015669692695680426,0.003330075439787519,0.021933325086906406

Transition Gammas
1.0,1.0,192.80250665155484,8055.19749334843
2787.3522033411623,64.6477966588393,1.0,1.0
36.48993245626846,7.114946970527128,2136.9595998439227,19.843202995790435
48.491751520889096,6.175855386101738,2531.1375762039916,73.22949950475818

50.05437621224307,15.098783568280998,19.044659329556243,1925.2735510550394
3.0122182701143605,2.7349395068571933,676.6039473742153,10.705974266311218
1.2308619840966746,3461.9668463355965,6.977666423790885,42.516919762926335
7363.902160420232,1.1839981882794313,25.161969440722615,165.72767360651375

Iteration: ,32500
Error:,0.021654591565213956
Transition Probabilities
0.00011165698972755713,0.00011165698972755713,0.023442404930038175,0.9763342810905068
0.9770057916027419,0.02234359031007532,0.00032530904359141176,0.00032530904359141176
0.016041635637383794,0.0029717868035545104,0.9715181008385985,0.009468476720463193
0.01920412627860203,0.0021846178097170953,0.9516862916908873,0.02692496422079364

0.0250306097432991,0.008228894315459338,0.00923284505007429,0.9575076508911673
0.005412624001051226,0.003744804896904127,0.9756796380039084,0.015162933098136181
0.0003266060249820657,0.9850020747717062,0.002152346460914126,0.01251897274239757
0.9750267900392491,0.000143869828997208,0.003091245336070638,0.02173809479568307

Transition Gammas
1.0,1.0,209.95017855342155,8744.049821446564
3003.3158033868294,68.68419661317155,1.0,1.0
38.40631728493719,7.114946970527128,2325.9743128632763,22.669092438659696
55.039599694756056,6.261179914591596,2727.5613464392577,77.1677519200311

54.9247286836211,18.056683088345146,20.259654660989725,2101.0613995037716
3.952996116960973,2.7349395068571933,712.5671060244105,11.073929326520766
1.2311352135710163,3712.9466296849478,8.113229141997117,47.190030195394236
8027.754233513731,1.1845332257596137,25.451359990294936,178.97773097859482

Iteration: ,35000
Error:,0.02105297818275035
Transition Probabilities
0.00010338054378166036,0.00010338054378166036,0.02358179834345456,0.9762114405689821
0.9767679368321188,0.022626369648801867,0.00030284675953967313,0.00030284675953967313
0.01646901349783322,0.003169751812956281,0.9708003831172571,0.00956085157195339
0.01935124913703525,0.002036647030424756,0.9510026177478714,0.027609486084668473

0.024402310859013194,0.008112862226545755,0.008997555980097376,0.9584872709343436
0.005109463715904626,0.003535058917847878,0.9765685909062175,0.014786886460030017
0.00030487739479649964,0.9845762596502261,0.002046412438953989,0.013072450516023437
0.9755991209646594,0.00013310659995630216,0.003091838136238191,0.02117593429914613

Transition Gammas
1.0,1.0,228.10673537623583,9442.893264623759
3225.287727419654,74.71227258034371,1.0,1.0
42.24667790819428,8.131117501876917,2490.3186280163254,24.525708048117735
59.6036648777899,6.27306414258595,2929.1773840925985,85.03981031845188

57.68448563513226,19.177949468426313,21.26927206541676,2265.762678424675
3.952996116960973,2.7349395068571933,755.5336650658357,11.440046942009152
1.2314659045194796,3976.9169995954458,8.265903567033897,52.80246214956756
8685.595642713137,1.1850257751910154,27.526117302700527,188.52579786785796

Iteration: ,37500
Error:,0.021730623391442126
Transition Probabilities
9.642271719217044e-05,9.642271719217044e-05,0.024228601270668056,0.9755785532949477
0.9774747352570451,0.021960292991542545,0.0002824858757062148,0.0002824858757062148
0.015855541432827493,0.002983331399855952,0.9718193976072037,0.00934172956011297
0.019477982914995223,0.002205633494965272,0.9496240876392867,0.02869229595075267

0.024612321359775972,0.008080427957507285,0.00877541378548465,0.9585318368972321
0.0047852707799273305,0.003310761184631287,0.9762955805423257,0.015608387493115775
0.00028429896387152014,0.9842844259120965,0.0019374206899237917,0.013493854434108145
0.974427725481105,0.00012412768529052983,0.0030263045208284035,0.02242184231277585

Transition Gammas
1.0,1.0,251.2748237780985,10117.725176221906
3460.260562809938,77.73943719006058,1.0,1.0
43.21453206721292,8.131117501876917,2648.7093297543,25.461033503587007
64.35576097213965,7.287470299855987,3137.5826267129223,94.80009033825473

62.251329330340646,20.437624495467595,22.195434781824606,2424.3906204566592
3.952996116960973,2.7349395068571933,806.4940974873276,12.893710301853778
1.2318597541053087,4264.877910078178,8.394791673481516,58.468507864999864
9306.405279557037,1.185498437204906,28.903135280022273,214.14287198569534

Iteration: ,40000
Error:,0.02205399172295805
Transition Probabilities
9.057150620414823e-05,9.057150620414823e-05,0.024313413859021343,0.9755054431285705
0.9760539730525256,0.023418461661270262,0.0002637826431020841,0.0002637826431020841
0.015548529005365488,0.0028005244182049112,0.9725633823423749,0.009087564234054586
0.020060686527950254,0.002907720646456803,0.9490587883639005,0.027972804461692577

0.025062287529604828,0.008630493859536152,0.008522848279302043,0.957784370331557
0.006177326090304248,0.0033126562990233293,0.9750843806152731,0.015425636995399302
0.0002660350987596741,0.9842536811156872,0.002037566045458438,0.013442717740094468
0.9745343671790289,0.00011666399012682095,0.002954928787481782,0.022394040043362526

Transition Gammas
1.0,1.0,268.44440241745446,10770.55559758254
3700.220611842121,88.77938815787547,1.0,1.0
45.14401499309394,8.131117501876917,2823.7665375964148,26.385077063643493
70.86488219006019,10.271596675700666,3352.57415717771,98.81463876829639

67.95692162733816,23.401766264349025,23.1098830014642,2597.052536151209
5.463814129508517,2.9300279810738634,862.4572733226698,13.643899017152401
1.2322153981120163,4558.844104306674,9.437552667259835,62.26367824788993
9906.247076359674,1.1859020574673722,30.037170209375407,227.63783523571493

Iteration: ,42500
Error:,0.022215670509134217
Transition Probabilities
8.514261387824603e-05,8.514261387824603e-05,0.024232344227863523,0.9755973705443799
0.9763963428431365,0.02310577316383386,0.0002489419965148124,0.0002489419965148124
0.0156948297603211,0.002654100502119347,0.9727197626800387,0.008931307057520717
0.01991623097499041,0.0027533943798101063,0.9493611550324936,0.02796921961270594

0.024614733444583065,0.009123492538222255,0.008249026656923161,0.9580127473602715
0.005757090329050584,0.0030873004377265124,0.9761120904887223,0.015043518744500705
0.0002505064646468601,0.9841983497318129,0.0021318955961191406,0.01341924820742128
0.9747470473531,0.00010958961184600874,0.0027968991044996284,0.022346463930554568

Transition Gammas
1.0,1.0,284.6088829562572,11458.391117043748
3922.1841092008744,92.8158907991205,1.0,1.0
48.082770359005444,8.131117501876917,2980.0298370138985,27.362003462963795
74.58120504503555,10.31075965469239,3555.1153757044776,104.73759344849414

70.93747165047917,26.293093717247928,23.772960854398782,2760.907497116227
5.463814129508517,2.9300279810738634,926.3872420212492,14.277175721730277
1.2326284791846682,4842.79284670824,10.490089467867815,66.030022550648
10551.148792333253,1.1862526835256155,30.27503257265995,241.88928456264236

Iteration: ,44414
Error:,0.02248860333260623
Transition Probabilities
8.143985666585233e-05,8.143985666585233e-05,0.02408461162822307,0.9757525086584452
0.9757537742733452,0.023770035250464387,0.0002380952380952384,0.0002380952380952384
0.015300520629864652,0.0025365811684568045,0.9736251170513462,0.008537781150332472
0.020238372761796162,0.003116022532251683,0.9486471231650485,0.027998481540903637

0.024335333873735307,0.00947907387404729,0.00826225180105121,0.9579233404511662
0.007031585169070717,0.003070315962115355,0.9748816564316531,0.015016442437160776
0.00023934672906964212,0.9837859610420531,0.002062284749877715,0.013912407478999583
0.9746087120467773,0.00010499927665666413,0.0027814371473303956,0.022504851529235696

