0,1,2,3,4,5,6,7,8,9,10,11,12,13,14,15,16,17,18,19,20,21,22,23,24,25,26,27,28,29
github Code Version (SHA):,3130f818d955eaa9876b4af7408e9fb46046852d
Environment Observations,Environment Actions,alpha,epsilon,numActions,explore,patience,gainThresh,insertRandActions,useBudd,revisedSplitting,haveControl,confidence_factor
"['diamond', 'square']","['x', 'y']",0.75,0.99,75000,0.5,0,0.01,False,True,False,False,250

Model Num 0
Model States: 
['diamond'],['square']
Iteration: ,0
Error:,0.4051860700173736
Absolute Error:,1
Transition Probabilities
0.5,0.5
0.5,0.5

0.5,0.5
0.5,0.5

Transition Gammas
1.0,1.0
1.0,1.0

1.0,1.0
1.0,1.0

Iteration: ,2407
Error:,0.05134523125416831
Absolute Error:,1
Transition Probabilities
0.494,0.506
0.17647058823529413,0.8235294117647058

0.16984732824427481,0.8301526717557252
0.8164739884393064,0.18352601156069365


Model Num 1
Model States: 
['square'],"['diamond', 'x', 'square']","['diamond', 'x', 'diamond']"
Iteration: ,0
Error:,0.4742459841252733
Absolute Error:,1
Transition Probabilities
0.3333333333333333,0.3333333333333333,0.3333333333333333
0.3333333333333333,0.3333333333333333,0.3333333333333333
0.3333333333333333,0.3333333333333333,0.3333333333333333

0.3333333333333333,0.3333333333333333,0.3333333333333333
0.3333333333333333,0.3333333333333333,0.3333333333333333
0.3333333333333333,0.3333333333333333,0.3333333333333333

Transition Gammas
1.0,1.0,1.0
1.0,1.0,1.0
1.0,1.0,1.0

1.0,1.0,1.0
1.0,1.0,1.0
1.0,1.0,1.0

Iteration: ,2500
Error:,0.04810092744078781
Absolute Error:,1
Transition Probabilities
0.8245125348189415,0.10128425621386802,0.07420320896719049
0.995260663507109,0.002369668246445498,0.002369668246445498
0.0027932960893854745,0.7409394923254166,0.2562672115851979

0.17226277372262777,0.39904713377556617,0.42869009250180606
0.8888978586769138,0.02987401893572179,0.08122812238736442
0.695969131577807,0.26357108437427196,0.04045978404792103

Transition Gammas
592.0,72.72209596155724,53.27790403844277
420.0,1.0,1.0
1.0,265.2563382524992,91.74366174750087

118.0,273.34728663626277,293.6527133637371
159.83478117084277,5.371716483142337,14.605816675076236
22.588067145034284,8.554346854203782,1.3131449043955987

Iteration: ,5000
Error:,0.0448308174043659
Absolute Error:,1
Transition Probabilities
0.8300142247510669,0.09614984093088805,0.0738359343180451
0.997828447339848,0.0010857763300760044,0.0010857763300760044
0.0014619883040935667,0.7651849502178308,0.23335306147807564

0.18162544169611308,0.4121193543100972,0.40625520399378967
0.8729677950847099,0.03623661936885945,0.09079558554643072
0.7503045483279179,0.20983306853774644,0.03986238313433565

Transition Gammas
1167.0,135.1866763488286,103.8133236511714
919.0,1.0,1.0
1.0,523.3865059489965,159.61349405100378

257.0,583.1488863487875,574.8511136512124
233.1574241345981,9.678291546332826,24.2502243129646
69.67362945643539,19.485196374707584,3.701639444864897

Iteration: ,7500
Error:,0.04973645110502143
Absolute Error:,1
Transition Probabilities
0.8234469873890705,0.09597159030095409,0.08058142230997535
0.9985443959243085,0.000727802037845706,0.000727802037845706
0.0009442870632672334,0.7525146776107052,0.24654103532602759

0.18352601156069365,0.40603652206586227,0.410437466373444
0.8675961933416083,0.03833883408448715,0.09406497257390448
0.724211145773673,0.2383894343980974,0.03739941982822961

Transition Gammas
1763.0,205.4751748343427,172.52482516565723
1372.0,1.0,1.0
1.0,796.9130435897366,261.08695641026316

381.0,842.9318198087301,852.0681801912698
369.5230468245116,16.329120495600147,40.06377106277503
73.80635289210956,24.294923964667863,3.8114779010389803

Iteration: ,10000
Error:,0.04557948814176055
Absolute Error:,1
Transition Probabilities
0.8229868747782901,0.09626547041145675,0.08074765481025305
0.9988992845349477,0.000550357732526142,0.000550357732526142
0.0006839945280437761,0.7442939313101502,0.255022074161806

0.17732558139534885,0.39827805640572067,0.4243963621989305
0.8700840724121603,0.03823425830060884,0.09168166928723075
0.7350450501960084,0.22305622485189563,0.041898724952096005

Transition Gammas
2320.0,271.3723610898966,227.62763891010334
1815.0,1.0,1.0
1.0,1088.157727575439,372.8422724245602

488.0,1096.0612112285432,1167.9387887714568
466.56737417583037,20.502452653133055,49.162692497992545
126.91899031702597,38.514742510790185,7.234582241010627

Iteration: ,12500
Error:,0.045190620324054576
Absolute Error:,1
Transition Probabilities
0.8221476510067114,0.09568047472604052,0.08217187426724802
0.9991197183098591,0.00044014084507042255,0.00044014084507042255
0.0005467468562055768,0.7487844712753581,0.2506687818684364

0.17917888563049852,0.39443660954946547,0.426384504820036
0.8617343543618768,0.03774111216329145,0.1005245334748316
0.7603179092969379,0.19846372988133218,0.04121836082172996

Transition Gammas
2940.0,342.1533776203209,293.84662237967893
2270.0,1.0,1.0
1.0,1369.5267979626299,458.47320203737013

611.0,1345.0288385636773,1453.9711614363227
540.3299620755784,23.66466371064246,63.03150975145099
181.82300273458654,47.46076721288543,9.856990136316343

Iteration: ,15000
Error:,0.04373578143495128
Absolute Error:,1
Transition Probabilities
0.8235573497981477,0.09460605788322393,0.08183659231862832
0.9992771955186122,0.0003614022406938923,0.0003614022406938923
0.00045682960255824577,0.7455854946499919,0.2539576757474497

0.1787696019300362,0.39987140927885007,0.4213589887911138
0.8544386495119268,0.03920141265516026,0.1063599378329129
0.7658195042573701,0.18892405851207864,0.045256437230551436

Transition Gammas
3468.0,398.38610974625595,344.6138902537439
2765.0,1.0,1.0
1.0,1632.0866477888324,555.9133522111674

741.0,1657.4669914608335,1746.5330085391665
601.0702030079833,27.576937298302767,74.82080715995639
245.40293721637886,60.53974678362592,14.502193483692698

Iteration: ,17500
Error:,0.04200227657027836
Absolute Error:,1
Transition Probabilities
0.8238636363636364,0.09450056324055581,0.08163580039580778
0.9993813795236622,0.0003093102381688834,0.0003093102381688834
0.0003909304143862393,0.7491316936140139,0.25047737597159986

0.17733581934949244,0.39835986147420127,0.42430431917630623
0.8506996395336571,0.03734572455107871,0.11195463591526417
0.782341061938272,0.17500626051985524,0.04265267754187273

Transition Gammas
4060.0,465.69877564945904,402.30122435054074
3231.0,1.0,1.0
1.0,1916.2788722646471,640.7211277353523

856.0,1922.8830513359696,2048.11694866403
672.8729455645515,29.53913051697316,88.55210715641819
306.8690375638862,68.64525632890792,16.730281386956005

Iteration: ,20000
Error:,0.04091039482846641
Absolute Error:,1
Transition Probabilities
0.823613595706619,0.09311462250071031,0.08327178179267067
0.9994617868675996,0.00026910656620021526,0.00026910656620021526
0.00034071550255536636,0.749327996294187,0.2503312882032576

0.17540687160940324,0.4003121539640802,0.42428097442651663
0.8516208052242408,0.036577329276258314,0.11180186549950089
0.7816156654606388,0.17190950903998234,0.046474825499378945

Transition Gammas
4604.0,520.5107397789707,465.48926022102904
3714.0,1.0,1.0
1.0,2199.277669123438,734.7223308765608

970.0,2213.7262114213636,2346.273788578637
744.6877222444399,31.984526279098404,97.76355397937932
367.33904890871094,80.79300139397048,21.841960123814708

Iteration: ,22500
Error:,0.040463004312263726
Absolute Error:,1
Transition Probabilities
0.8259006506903666,0.09082470733300202,0.08327464197663136
0.9995194617972128,0.0002402691013935608,0.0002402691013935608
0.0003024803387779796,0.7498289571124412,0.24986856254878073

0.176413881748072,0.39808825261882214,0.42549786563310593
0.8507270901677716,0.03750003142764269,0.11177287840458566
0.7876462501521728,0.16560394170803916,0.046749808139788025

Transition Gammas
5204.0,572.2864809052458,524.7135190947541
4160.0,1.0,1.0
1.0,2478.934532213729,826.0654677862685

1098.0,2477.701284299549,2648.2987157004513
815.6795620835906,35.95513716036505,107.16815482141878
432.6361370467873,90.96247154918264,25.678604319348644

Iteration: ,25000
Error:,0.04003696347622498
Absolute Error:,1
Transition Probabilities
0.824036802760207,0.09148347916165937,0.08447971807813359
0.9995675675675676,0.00021621621621621621,0.00021621621621621621
0.00027270248159258275,0.752389505186411,0.24733779233199635

0.17706382365653364,0.39760118767495733,0.42533498866850905
0.8481258576726077,0.03915211003327794,0.11272203229411441
0.7942402963752447,0.1574837048583332,0.0482759987664221

Transition Gammas
5732.0,636.3590810485026,587.6409189514973
4623.0,1.0,1.0
1.0,2759.0123155185665,906.9876844814297

1229.0,2759.749843651879,2952.2501563481214
898.3519064730568,41.47069962865738,119.39743576598387
498.0094964354522,98.7464132847697,30.2703173652947

Iteration: ,27500
Error:,0.03875419852560568
Absolute Error:,1
Transition Probabilities
0.8240583865502411,0.09216387367049375,0.08377773977926513
0.9996073812328229,0.00019630938358853554,0.00019630938358853554
0.00024838549428713385,0.753485808863971,0.24626580564174186

0.17711064499213425,0.39647777596583955,0.42641157904202626
0.8446830753552608,0.041405274017015055,0.11391165062772418
0.8021594293115383,0.15104456218184822,0.04679600850661365

Transition Gammas
6323.0,707.1734026736985,642.8265973263013
5092.0,1.0,1.0
1.0,3033.533866486345,991.4661335136519

1351.0,3024.332475067424,3252.6675249325763
965.3536269600094,47.32038869227662,130.18495136797355
562.2933678120512,105.87839830271825,32.80281233610713

Iteration: ,28894
Error:,0.040125263499008586
Absolute Error:,1
Transition Probabilities
0.8254165630440189,0.09161652810479486,0.08296690885118622
0.9996256784577953,0.00018716077110237696,0.00018716077110237696
0.00023618327822390195,0.7535262743621102,0.24623754235966594

0.17783312577833127,0.3950171176036993,0.4271497566179695
0.8425527336881737,0.04122175594737763,0.11622551036444878
0.7985291527871516,0.1542211401368103,0.04724970707603817

*,*,*,*,*,*,*,*,*,*,*
Model Num 1
Model States: 
['square'],"['diamond', 'x', 'square']","['diamond', 'x', 'diamond']"
Iteration: ,28894
Error:,0.03991510318074282
Absolute Error:,1
Transition Probabilities
0.8254165630440189,0.09161652810479486,0.08296690885118622
0.9996256784577953,0.00018716077110237696,0.00018716077110237696
0.00023618327822390195,0.7535262743621102,0.24623754235966594

0.17783312577833127,0.3950171176036993,0.4271497566179695
0.8425527336881737,0.04122175594737763,0.11622551036444878
0.7985291527871516,0.1542211401368103,0.04724970707603817

Transition Gammas
6638.0,736.7801190187603,667.2198809812396
5341.0,1.0,1.0
1.0,3190.430245649172,1042.5697543508247

1428.0,3171.9874543577052,3430.012545642295
1005.8858512912508,49.21280225552501,138.75641459608812
599.2516947751994,115.73438399158982,35.45827593660171

