0,1,2,3,4,5,6,7,8,9,10,11,12,13,14,15,16,17,18,19,20,21,22,23,24,25,26,27,28,29
github Code Version (SHA):,528ca1c557fe8e6666681dc5c9134b0f84d30530
Environment Observations,Environment Actions,alpha,epsilon,numActions,explore,patience,gainThresh,insertRandActions,useUpdatedPosterior,revisedSplitting,haveControl,confidence_factor
"['diamond', 'square']","['x', 'y']",0.65,0.99,75000,0.5,0,0.01,False,True,False,False,250

Model Num 0
Model States: 
['diamond'],['square']
Iteration: ,0
Error:,0.3105195968228652
Absolute Error:,1
Transition Probabilities
0.5,0.5
0.5,0.5

0.5,0.5
0.5,0.5

Transition Gammas
1.0,1.0
1.0,1.0

1.0,1.0
1.0,1.0

Iteration: ,2310
Error:,0.049151758048511365
Absolute Error:,1
Transition Probabilities
0.4847328244274809,0.5152671755725191
0.2484472049689441,0.7515527950310559

0.262,0.738
0.7376543209876543,0.2623456790123457


Model Num 1
Model States: 
['square'],"['diamond', 'x', 'square']","['diamond', 'x', 'diamond']"
Iteration: ,0
Error:,0.3968657088520712
Absolute Error:,1
Transition Probabilities
0.3333333333333333,0.3333333333333333,0.3333333333333333
0.3333333333333333,0.3333333333333333,0.3333333333333333
0.3333333333333333,0.3333333333333333,0.3333333333333333

0.3333333333333333,0.3333333333333333,0.3333333333333333
0.3333333333333333,0.3333333333333333,0.3333333333333333
0.3333333333333333,0.3333333333333333,0.3333333333333333

Transition Gammas
1.0,1.0,1.0
1.0,1.0,1.0
1.0,1.0,1.0

1.0,1.0,1.0
1.0,1.0,1.0
1.0,1.0,1.0

Iteration: ,2500
Error:,0.029476250314160773
Absolute Error:,1
Transition Probabilities
0.7711978465679677,0.11849961423031907,0.11030253920171323
0.9956236323851203,0.002188183807439825,0.002188183807439825
0.0027472527472527475,0.6816033693493296,0.3156493779034176

0.249626307922272,0.3436671395631093,0.40670655251461874
0.7282543490617739,0.16912374475094252,0.1026219061872836
0.8121236664727547,0.09563710397286693,0.09223922955437837

Transition Gammas
573.0,88.04521337312707,81.95478662687293
455.0,1.0,1.0
1.0,248.10362644315597,114.89637355684403

167.0,229.91331636772014,272.08668363227997
53.796441407074184,12.49323898547332,7.580721447663027
74.69216682203637,8.795880257181818,8.483372921927856

Iteration: ,5000
Error:,0.04006555257135481
Absolute Error:,1
Transition Probabilities
0.7769066286528866,0.10972057947597022,0.11337279187114312
0.9978401727861771,0.0010799136069114472,0.0010799136069114472
0.0013586956521739137,0.7009398533586672,0.29770145098915884

0.2636103151862464,0.34806177198101607,0.3883279128327376
0.7348163070247987,0.17332540747102826,0.09185828550417299
0.7803056931862681,0.10411042415038335,0.1155838826633485

Transition Gammas
1090.0,153.93797300478622,159.06202699521378
924.0,1.0,1.0
1.0,515.8917320719788,219.1082679280208

368.0,485.8942336854985,542.1057663145018
112.60870925011332,26.561672936449607,14.077046012268509
133.610174875386,17.826618591340715,19.791195822711526

Iteration: ,7500
Error:,0.03820199803690488
Absolute Error:,1
Transition Probabilities
0.7746478873239436,0.11639108705132879,0.10896102562472755
0.9985663082437276,0.0007168458781362007,0.0007168458781362007
0.0009057971014492756,0.7034939191274251,0.29560028377112557

0.26208897485493227,0.35398945369683704,0.3839215714482307
0.7311631937436933,0.16885472747755262,0.099982078778754
0.7741415582391892,0.09630978291613505,0.12954865884467578

Transition Gammas
1650.0,247.91301541933032,232.08698458066968
1393.0,1.0,1.0
1.0,776.6572867166772,326.34271328332255

542.0,732.0501902450592,793.9498097549413
176.49260563482707,40.759178089479626,24.134280488186906
184.0937861125347,22.902830093549255,30.807160316729476

Iteration: ,10000
Error:,0.03143129983266836
Absolute Error:,1
Transition Probabilities
0.7690100430416069,0.11434202912407498,0.11664792783431811
0.998936735778841,0.000531632110579479,0.000531632110579479
0.0006734006734006737,0.711629527641938,0.28769707168466135

0.2549656915854098,0.35986594806773464,0.3851683603468555
0.7243515671348274,0.17445382000098636,0.1011946128641862
0.7962770736471497,0.09193563901528681,0.11178728733756328

Transition Gammas
2144.0,318.78557719792104,325.2144228020789
1879.0,1.0,1.0
1.0,1056.7698485482777,427.230151451722

706.0,996.4688101995574,1066.531189800443
237.58648391714078,57.22065303716422,33.19171705095947
248.18723620700527,28.65491536962152,34.84236681625512

Iteration: ,12500
Error:,0.03449933496297205
Absolute Error:,1
Transition Probabilities
0.7622739018087855,0.11977635274809735,0.1179497454431171
0.9991503823279524,0.0004248088360237893,0.0004248088360237893
0.000534188034188034,0.7051268145746372,0.2943389973911747

0.2536443148688047,0.3599781169200585,0.3863775682111368
0.7113458287399329,0.18623618827780922,0.10241798298225786
0.7985496469961808,0.092108923754758,0.10934142924906134

Transition Gammas
2655.0,417.1810366216231,410.81896337837685
2352.0,1.0,1.0
1.0,1319.9973968837214,551.0026031162793

870.0,1234.7249410358006,1325.2750589641992
297.45371921444377,77.8758300357008,42.826721858310115
310.00637059537837,35.75776817392485,42.44762960539506

Iteration: ,15000
Error:,0.03490607024257962
Absolute Error:,1
Transition Probabilities
0.7586123825584197,0.1216889835953012,0.11969863384627914
0.9992834109638122,0.00035829451809387314,0.00035829451809387314
0.0004329004329004329,0.6920158170031523,0.3075512825639472

0.25330720235178833,0.3561610177816801,0.39053177986653154
0.7100172913847573,0.18390516628015374,0.10607754233508901
0.7967938734138628,0.0909983003892773,0.11220782619685994

Transition Gammas
3149.0,505.13097090409525,496.8690290959047
2789.0,1.0,1.0
1.0,1598.556537277282,710.4434627227181

1034.0,1453.849274584818,1594.1507254151818
377.56187015921205,97.79420776817204,56.408253364953204
361.6090916883995,41.297773297339454,50.92329580488763

Iteration: ,17500
Error:,0.03186713171214795
Absolute Error:,1
Transition Probabilities
0.763119381141543,0.11900640412075249,0.11787421473770454
0.9993866911990187,0.00030665440049064706,0.00030665440049064706
0.0003690036900369003,0.6957772300955312,0.30385376621443194

0.24989578991246353,0.35602833291153413,0.3940758771760023
0.704381365519895,0.18795277233876798,0.10766586214133685
0.804373543264968,0.08586950162016928,0.10975695511486272

Transition Gammas
3650.0,569.2076309095592,563.7923690904408
3259.0,1.0,1.0
1.0,1885.5562935588898,823.4437064411107

1199.0,1708.2239413095408,1890.776058690459
444.29234748799826,118.55222543775531,67.91082356329407
421.41846115966473,44.98779644894256,57.50264601982251

Iteration: ,20000
Error:,0.03270702319144241
Absolute Error:,1
Transition Probabilities
0.7616694124107634,0.12037364802431534,0.11795693956492134
0.9994636631804773,0.0002681684097613301,0.0002681684097613301
0.0003216468317787072,0.6912479334421794,0.30843041972604185

0.2507299270072991,0.35589379770466917,0.39337627528803165
0.6987773527841088,0.191744765347192,0.10947788186869918
0.8121840604457218,0.08193593128989701,0.10588000826438111

Transition Gammas
4161.0,657.6012391568347,644.3987608431653
3727.0,1.0,1.0
1.0,2149.0898250717346,958.9101749282636

1374.0,1950.2980114215884,2155.701988578415
503.98297432897556,138.29311549188913,78.95932561007005
481.8158973712699,48.607250725564754,62.81171187671882

Iteration: ,22500
Error:,0.03192448200813085
Absolute Error:,1
Transition Probabilities
0.7603761348897535,0.12104051028007011,0.11858335483017632
0.9995231282784931,0.0002384358607534573,0.0002384358607534573
0.0002845759817871372,0.687504691440549,0.3122107325776639

0.24885770234986934,0.3573473609101466,0.393794936739984
0.6990814557488944,0.1907931381782884,0.11012540607281734
0.811558668169889,0.08105400045602433,0.10738733137408661

Transition Gammas
4690.0,746.5778674074725,731.4221325925275
4192.0,1.0,1.0
1.0,2415.8914857220893,1097.108514277911

1525.0,2189.8246276573796,2413.175372342623
571.3610921668148,155.93572810582066,90.00578083089628
534.0450298947661,53.33746997520388,70.66608101583095

Iteration: ,25000
Error:,0.03138754946170477
Absolute Error:,1
Transition Probabilities
0.7606490872210954,0.1217175244849145,0.11763338829399016
0.9995706311721769,0.00021468441391155003,0.00021468441391155003
0.00025687130747495526,0.6873017839119376,0.31244134478058744

0.24988955971138266,0.3570727239602766,0.3930377163283409
0.7007018760792326,0.18920256786031994,0.11009555606044752
0.8150894874233942,0.08095843199089622,0.10395208058570958

Transition Gammas
5250.0,840.09435399488,811.90564600512
4656.0,1.0,1.0
1.0,2675.6658447691707,1216.3341552308257

1697.0,2424.880868414239,2669.1191315857636
638.5544421195603,172.42160224211165,100.3308379497936
584.0137345473889,58.00692677262357,74.48193570590877

Iteration: ,26129
Error:,0.030606630546868553
Absolute Error:,1
Transition Probabilities
0.760027758501041,0.1215544444909113,0.11841779700804776
0.9995882231830348,0.00020588840848260242,0.00020588840848260242
0.00024515812699191003,0.6871230939904523,0.3126317478825557

0.25003519639588895,0.356014357649925,0.39395044595418593
0.7060340942416173,0.18554872376973933,0.10841718198864321
0.8194959857682761,0.07867417542820569,0.10182983880351809

*,*,*,*,*,*,*,*,*,*,*
Model Num 1
Model States: 
['square'],"['diamond', 'x', 'square']","['diamond', 'x', 'diamond']"
Iteration: ,26129
Error:,0.03020599031320541
Absolute Error:,1
Transition Probabilities
0.760027758501041,0.1215544444909113,0.11841779700804776
0.9995882231830348,0.00020588840848260242,0.00020588840848260242
0.00024515812699191003,0.6871230939904523,0.3126317478825557

0.25003519639588895,0.356014357649925,0.39395044595418593
0.7060340942416173,0.18554872376973933,0.10841718198864321
0.8194959857682761,0.07867417542820569,0.10182983880351809

Transition Gammas
5476.0,875.7997725570159,853.2002274429841
4855.0,1.0,1.0
1.0,2802.775100387052,1275.2248996129433

1776.0,2528.7699823874186,2798.230017612584
672.8723337412658,176.83367390319242,103.32492843806604
614.9361282685138,59.035789891249884,76.41141372686191

