0,1,2,3,4,5,6,7,8,9,10,11,12,13,14,15,16,17,18,19,20,21,22,23,24,25,26,27,28,29
github Code Version (SHA):,ddb97f21bb9c22f159e8ea0ce9d830001061547e
Environment Observations,Environment Actions,alpha,epsilon,numActions,explore,patience,gainThresh,insertRandActions,useBudd,revisedSplitting,haveControl,confidence_factor
"['square', 'diamond']","['x', 'y']",0.99,0.99,75000,0.5,0,0.01,False,True,False,False,250

Model Num 0
Model States: 
['square'],['diamond']
Iteration: ,0
Error:,0.676004929161985
Absolute Error:,1
Transition Probabilities
0.5,0.5
0.5,0.5

0.5,0.5
0.5,0.5

Transition Gammas
1.0,1.0
1.0,1.0

1.0,1.0
1.0,1.0

Iteration: ,2500
Error:,0.26388484389494826
Absolute Error:,1
Transition Probabilities
0.975796178343949,0.024203821656050957
0.9828693790149893,0.017130620985010708

0.23282442748091603,0.767175572519084
0.3504273504273504,0.6495726495726496

Transition Gammas
766.0,19.0
459.0,8.0

183.0,603.0
164.0,304.0

Iteration: ,2700
Error:,0.27505036056577475
Absolute Error:,1
Transition Probabilities
0.9772727272727273,0.022727272727272728
0.984,0.016

0.24565469293163383,0.7543453070683661
0.3530571992110454,0.6469428007889546


Model Num 1
Model States: 
['diamond'],"['square', 'y', 'diamond']","['square', 'y', 'square']"
Iteration: ,0
Error:,0.6181435308495575
Absolute Error:,1
Transition Probabilities
0.3333333333333333,0.3333333333333333,0.3333333333333333
0.3333333333333333,0.3333333333333333,0.3333333333333333
0.3333333333333333,0.3333333333333333,0.3333333333333333

0.3333333333333333,0.3333333333333333,0.3333333333333333
0.3333333333333333,0.3333333333333333,0.3333333333333333
0.3333333333333333,0.3333333333333333,0.3333333333333333

Transition Gammas
1.0,1.0,1.0
1.0,1.0,1.0
1.0,1.0,1.0

1.0,1.0,1.0
1.0,1.0,1.0
1.0,1.0,1.0

Iteration: ,2500
Error:,0.1396213701761933
Absolute Error:,1
Transition Probabilities
0.029535864978902954,0.9514779262967151,0.01898620872438195
0.03444641260668981,0.9478683982348216,0.017685189158488563
0.03212031826621651,0.9377327480717254,0.03014693366205821

0.652542372881356,0.011639858204002776,0.3358177689146413
0.9967213114754099,0.001639344262295082,0.001639344262295082
0.0017921146953405022,0.01960210021910532,0.9786057850855542

Transition Gammas
14.0,451.00053706464297,8.999462935357045
7.743180847533061,213.07056008985703,3.9754391709984054
5.069492784035404,148.00069414951224,4.758036996829549

308.0,5.49401307228931,158.5059869277107
608.0,1.0,1.0
1.0,10.937971922260767,546.0620280777391

Iteration: ,5000
Error:,0.13020602291355984
Absolute Error:,1
Transition Probabilities
0.022916666666666658,0.9593405125442768,0.01774282078905648
0.025243877881264105,0.953746294028636,0.021009828090099953
0.028664766717529072,0.956044235597763,0.015290997684708

0.6573787409700722,0.00879906776676875,0.3338221912631591
0.9984,0.0008,0.0008
0.0009310986964618256,0.028892379538214965,0.9701765217653231

Transition Gammas
22.0,920.9668920425061,17.033107957494227
10.683038683983817,403.61899236473033,8.891217398772657
8.955876659613292,298.7016897615941,4.777443005769627

637.0,8.526296665998919,323.4737033340012
1248.0,1.0,1.0
1.0,31.030415624042853,1041.9695843759564

Iteration: ,7500
Error:,0.12759732299225546
Absolute Error:,1
Transition Probabilities
0.01769911504424779,0.965917350452838,0.016383534502914198
0.019982036057929673,0.9612562868497744,0.018761677092295936
0.023504182487410426,0.962024297650525,0.014471519862064568

0.6620498614958449,0.007303473120036436,0.3306466653841187
0.9989512323020451,0.0005243838489774515,0.0005243838489774515
0.0006393861892583123,0.026298903214233293,0.9730617105965084

Transition Gammas
26.0,1418.9325878152188,24.067412184780952
12.63757206173788,607.9433326836486,11.86576010400377
10.908646423013673,446.4900201927363,6.716451144958529

956.0,10.546215185332613,477.4537848146674
1905.0,1.0,1.0
1.0,41.13148462706085,1521.8685153729384

Iteration: ,10000
Error:,0.1274903691797349
Absolute Error:,1
Transition Probabilities
0.017320427916454384,0.966833937678203,0.01584563440534259
0.022762970846454466,0.9610660823185578,0.0161709468349877
0.022052318414466525,0.9656949357165768,0.012252745868956657

0.66,0.005929715476370525,0.3340702845236295
0.9992178333985139,0.00039108330074305825,0.00039108330074305825
0.0004955401387512387,0.028360756774646074,0.9711437030866027

Transition Gammas
34.0,1897.895019662315,31.104980337687543
19.500993550349992,823.3434730104011,13.853619198447738
13.844617404446716,606.2708084986266,7.69236937003132

1287.0,11.562945178922524,651.4370548210776
2555.0,1.0,1.0
1.0,57.23200717123579,1959.7679928287646

Iteration: ,12162
Error:,0.1303339239302061
Absolute Error:,1
Transition Probabilities
0.016645859342488526,0.9683179335276689,0.015036207129842636
0.024702625604932357,0.9599050837304564,0.015392290664611223
0.021039854593037578,0.966125430547302,0.012834714859660508

0.6614340263046246,0.0074562991532374,0.3311096745421381
0.9993585631815266,0.00032071840923669016,0.00032071840923669016
0.00040469445568595694,0.028051447291882796,0.9715438582524313


Model Num 2
Model States: 
"['square', 'y', 'diamond']","['square', 'y', 'square']","['diamond', 'y', 'diamond']","['diamond', 'y', 'square', 'y', 'square']"
Iteration: ,0
Error:,0.6759769283611645
Absolute Error:,0.74
Transition Probabilities
0.25,0.25,0.25,0.25
0.25,0.25,0.25,0.25
0.25,0.25,0.25,0.25
0.25,0.25,0.25,0.25

0.25,0.25,0.25,0.25
0.25,0.25,0.25,0.25
0.25,0.25,0.25,0.25
0.25,0.25,0.25,0.25

Transition Gammas
1.0,1.0,1.0,1.0
1.0,1.0,1.0,1.0
1.0,1.0,1.0,1.0
1.0,1.0,1.0,1.0

1.0,1.0,1.0,1.0
1.0,1.0,1.0,1.0
1.0,1.0,1.0,1.0
1.0,1.0,1.0,1.0

Iteration: ,2500
Error:,0.038850721565872985
Absolute Error:,0.03844057170679412
Transition Probabilities
0.926442140666893,0.04051850900099789,0.020048454943374802,0.012990895388734153
0.9655060857275121,0.01646681200427901,0.009034758698454402,0.00899234356975449
0.9125602541863828,0.05656187390191142,0.02119062531010593,0.009687246601599876
0.9489125445279538,0.02291545340036436,0.014086001035840895,0.014086001035840895

0.002083333333333334,0.002083333333333334,0.9550283677823169,0.0408049655510164
0.02170882887688147,0.9756767920381513,0.0013071895424836603,0.0013071895424836603
0.002890173410404624,0.002890173410404624,0.02837220907698755,0.9658474441022032
0.023090954143226813,0.9699404047417906,0.003484320557491289,0.003484320557491289

Transition Gammas
135.14541480976592,5.910666695786649,2.924582810608017,1.8950562253104686
260.3474377599821,4.440254056150269,2.4362107217065767,2.4247735384070417
113.98809101942891,7.0651554250616275,2.6469254118025916,1.2100359864295496
67.36564494873377,1.6268246283709271,1.0,1.0

1.0,1.0,458.41361653551195,19.586383464487863
16.607254090814322,746.3927459091856,1.0,1.0
1.0,1.0,9.816784340637692,334.1832156593623
6.627103839106096,278.3728961608939,1.0,1.0

Iteration: ,5000
Error:,0.031483807444852505
Absolute Error:,0.034365037010850516
Transition Probabilities
0.9495755364063496,0.027151113123740057,0.011743737259750494,0.011529613210159778
0.969454498849377,0.012059003028572417,0.012957600623121845,0.0055288974989289
0.944323101384068,0.035084842057073365,0.015381372914344106,0.0052106836445145015
0.9236058934690883,0.030101415020971183,0.03254830154529126,0.013744389964649096

0.0010615711252653925,0.0010615711252653925,0.9598941902678613,0.037982667481607904
0.024789065430701085,0.9739313440382689,0.0006397952655150351,0.0006397952655150351
0.0014285714285714286,0.0014285714285714286,0.028422376719949995,0.9687204804229073
0.02401854989676148,0.972466511614662,0.0017574692442882253,0.0017574692442882253

Transition Gammas
276.82716943766235,7.915290047984505,3.4236197328120217,3.3611967319193763
507.96777605044065,6.318589430530029,6.789430116925635,2.8969918339386767
219.29270964174003,8.147476293623905,3.5718949790096644,1.2100359864295496
137.05215940878776,4.466692946694903,4.829781883607964,2.039504444191461

1.0,1.0,904.2203272323254,35.77967276767465
38.7453092681858,1522.2546907318144,1.0,1.0
1.0,1.0,19.895663703964996,678.1043362960351
13.66655489125728,553.3334451087426,1.0,1.0

Iteration: ,7500
Error:,0.02382969106442813
Absolute Error:,0.027284047224775954
Transition Probabilities
0.9550753840289914,0.024742952417819618,0.013193197163088142,0.006988466390100837
0.9687257496170286,0.017759620165712146,0.008625070342413464,0.004889559874845891
0.9557193829721937,0.025705650037032225,0.012622190043477857,0.005952776947296305
0.9478949931556663,0.018932512683319445,0.023931450519579248,0.009241043641435045

0.0006988120195667371,0.0006988120195667371,0.9671942855834356,0.03140809037743105
0.024805970541581793,0.9743063241765717,0.00044385264092321365,0.00044385264092321365
0.0009416195856873833,0.0009416195856873833,0.025393587049892245,0.9727231737787331
0.017413572936515832,0.9802167588170386,0.001184834123222749,0.001184834123222749

Transition Gammas
459.3563280324468,11.900455144581718,6.34544529697595,3.3611967319193763
762.5556103755573,13.979909175384867,6.789430116925635,3.848933835303721
340.66888361742105,9.162851833706789,4.499215426128524,2.1218842195627556
224.48198034931565,4.4836273752130005,5.6674836812695055,2.1884784623850395

1.0,1.0,1384.0550226698952,44.944977330103804
55.88785163018376,2195.1121483698153,1.0,1.0
1.0,1.0,26.967989446985534,1033.0320105530134
14.69705555841936,827.3029444415805,1.0,1.0

Iteration: ,10000
Error:,0.0245951453349248
Absolute Error:,0.026102621864625225
Transition Probabilities
0.9524751132791122,0.029033981769794028,0.012707048946472819,0.005783856004620996
0.9698006864692045,0.015306877721107644,0.010683336028987004,0.004209099780700648
0.9615238994623011,0.0189605777901436,0.014551508399913203,0.004964014347642026
0.9583266609310129,0.01707909562494898,0.017742890154434064,0.006851353289603948

0.0005238344683080148,0.0005238344683080148,0.9632785009087231,0.035673830154660885
0.024528169409339474,0.9748000133249568,0.00033590863285186444,0.00033590863285186444
0.0007122507122507127,0.0007122507122507127,0.02637855246601123,0.9721969461094873
0.017700116361954427,0.9805045515016003,0.0008976660682226207,0.0008976660682226207

Transition Gammas
651.0455553298528,19.845604910008003,8.685652383587,3.953440559210629
1008.5602099460814,15.91863980239567,11.110311405890943,4.3773226991237575
465.891348934244,9.187051063590344,7.050705532389471,2.405235420404191
306.11138686414586,5.4554525729873795,5.6674836812695055,2.1884784623850395

1.0,1.0,1838.898658234752,68.10134176524761
73.02036033160358,2901.979639668395,1.0,1.0
1.0,1.0,37.03548766227974,1364.9645123377193
19.717929627217245,1092.2820703727834,1.0,1.0

Iteration: ,12500
Error:,0.023582683751833197
Absolute Error:,0.026194384277628317
Transition Probabilities
0.9573134306157134,0.025584345934609277,0.012473214764243205,0.004629008685434042
0.9632882827535032,0.01737302853671802,0.015168270087350486,0.004170418622428447
0.9637343197738385,0.01874060728332947,0.013306805089988235,0.004218267852843823
0.9604750169224998,0.016656667157841015,0.016874796813893835,0.005993519105765332

0.00042517006802721103,0.00042517006802721103,0.9616233035163227,0.03752635634762285
0.02219548065656051,0.9772769540572354,0.00026378264310208396,0.00026378264310208396
0.0005733944954128443,0.0005733944954128443,0.03159666110440101,0.9672565499047734
0.016380959511330465,0.9821781182984678,0.0007204610951008635,0.0007204610951008635

Transition Gammas
817.6009166676166,21.850507910480587,10.652845242626748,3.953440559210629
1257.867324398022,22.68579958193466,19.80681344527931,5.445756382729838
572.1415420981017,11.125763325991398,7.899870149245473,2.504265153569795
370.964776433372,6.4333134120782285,6.5175617451066055,2.314880070741896

1.0,1.0,2261.73800987039,88.26199012960892
84.14306716902087,3704.8569328309777,1.0,1.0
1.0,1.0,55.10457696607533,1686.8954230339239
22.736771801726718,1363.2632281982753,1.0,1.0

Iteration: ,15000
Error:,0.026007563928686563
Absolute Error:,0.027815461036662655
Transition Probabilities
0.9551073424305133,0.02598782811315708,0.015071600532497769,0.0038332289238320123
0.9612160743618569,0.01887139091204007,0.015750161914188637,0.004162372811914384
0.9604239593051499,0.019673735443790034,0.014812246457482258,0.005090058793577814
0.9606947074637836,0.016002597907024966,0.01829902837820731,0.005003666250984188

0.00035561877667140854,0.00035561877667140854,0.9589369817692076,0.04035178067744955
0.022141851194396264,0.9774207991445496,0.00021867483052700646,0.00021867483052700646
0.0004805382027871217,0.0004805382027871217,0.03228870541370566,0.9667502181807202
0.018516767902386714,0.9802791381782876,0.0006020469596628527,0.0006020469596628527

Transition Gammas
985.0599014550647,26.80281708968237,15.544252123046025,3.953440559210629
1502.3663375216224,29.495701543779266,24.61726733617253,6.505726405987305
684.8579654257134,14.028923682938714,10.562298945139544,3.6296130219293987
444.4527114368796,7.403390457503384,8.465803669123728,2.314880070741896

1.0,1.0,2696.5307927350095,113.46920726498804
101.25468551197405,4469.745314488023,1.0,1.0
1.0,1.0,67.19279596592146,2011.8072040340783
30.756351485864382,1628.2436485141384,1.0,1.0

Iteration: ,17500
Error:,0.026227827620455713
Absolute Error:,0.02795793063866754
Transition Probabilities
0.9564029093816072,0.022397346568813044,0.01781245716737934,0.003387286882200422
0.9623077183029343,0.018936318988274962,0.015172399122210646,0.0035835635865800897
0.9583154312487229,0.019611283727377426,0.0163163552282186,0.005756929795681104
0.96189670294932,0.01402172882188135,0.0197005539800676,0.004381014248731124

0.00030788177339901505,0.00030788177339901505,0.958234188625098,0.04115004782810394
0.021819579139896187,0.9778116892966819,0.00018436578171091472,0.00018436578171091472
0.00041407867494824,0.00041407867494824,0.032410613572113944,0.9667612290779896
0.020539299785143954,0.9784281756923987,0.0005162622612287037,0.0005162622612287037

Transition Gammas
1145.6498337738,26.829191046821293,21.33707289337479,4.057541665202839
1747.0070175658304,34.37765439284077,27.54450290241512,6.505726405987305
781.1803652167162,15.986333189437259,13.30043941750674,4.6928186416210895
508.25571005952145,7.408928335834879,10.409557513820427,2.314880070741896

1.0,1.0,3112.3446446543157,133.6553553456815
118.34939725479674,5303.650602745195,1.0,1.0
1.0,1.0,78.27163177665521,2334.7283682233456
39.78462368382388,1895.2153763161782,1.0,1.0

Iteration: ,20000
Error:,0.02548724190359789
Absolute Error:,0.0275129963115546
Transition Probabilities
0.9586880620887839,0.02118870042931819,0.017139003447229427,0.00298423403466849
0.9631917047795505,0.018959456274778783,0.014212738621287035,0.0036361003243836165
0.9587816102452019,0.02059267991190063,0.015403604929655666,0.005222104913241783
0.9627110679468007,0.01251703720546777,0.020863145191376605,0.003908749656354984

0.0002711496746203906,0.0002711496746203906,0.9577408432020945,0.04171685744866467
0.02157517035510056,0.978106256851016,0.0001592863969417014,0.0001592863969417014
0.00036416605972323387,0.00036416605972323387,0.03290170361378281,0.9663699642667708
0.020266918169894392,0.9788285137613585,0.00045228403437358623,0.00045228403437358623

Transition Gammas
1303.4891736599093,28.809414350443348,23.303206041919477,4.057541665202839
1995.553669739252,39.28045928723508,29.446145115260858,7.533322089318167
880.4753244353408,18.9108200790239,14.145550877267944,4.7956014890044205
570.1466865368119,7.412968984739884,12.355787211389067,2.314880070741896

1.0,1.0,3532.1482297293223,153.85177027067522
135.44891948932113,6140.55108051067,1.0,1.0
1.0,1.0,90.34807812344758,2653.651921876552
44.81015607363654,2164.1898439263655,1.0,1.0

Iteration: ,22500
Error:,0.024909110493157475
Absolute Error:,0.02749118688739133
Transition Probabilities
0.9605310015968201,0.02150798318934106,0.015297434219649757,0.0026635809941890675
0.9633044098452136,0.018009871300157666,0.015427257967696366,0.0032584608869324757
0.9611876244836626,0.019393853493134154,0.013796991369280193,0.005621530653923073
0.9603268044556552,0.017209517325107025,0.01891914135358276,0.003544536865655037

0.0002409638554216869,0.0002409638554216869,0.9575739456973713,0.041944126591785445
0.022059081916808245,0.9776573105959542,0.00014180374361883174,0.00014180374361883174
0.0003232062055591468,0.0003232062055591468,0.03278007386056716,0.9665735137283145
0.02108476165910956,0.9781171537439232,0.0003990422984836389,0.0003990422984836389

Transition Gammas
1463.2160869899442,32.76398882392648,23.303206041919477,4.057541665202839
2258.6310613661008,42.227207011621786,36.17183071252169,7.640015862332443
985.4705334532156,19.883809009566868,14.145550877267944,5.76354987437662
627.1740047547295,11.239259229884045,12.355787211389067,2.314880070741896

1.0,1.0,3973.931874644088,174.06812535590947
155.56064567733154,6894.439354322659,1.0,1.0
1.0,1.0,101.42154852459478,2990.5784514754046
52.8384127177286,2451.1615872822736,1.0,1.0

Iteration: ,25000
Error:,0.02369319443071167
Absolute Error:,0.026481191357104722
Transition Probabilities
0.9626320864058014,0.01941720174972274,0.015547190778816769,0.0024035210656591396
0.9630540089639232,0.01778849829183192,0.015046790447395948,0.004110702296848792
0.9627681682600545,0.01819776693308511,0.013160605225631797,0.005873459581228677
0.9606583370961257,0.016691401445033206,0.01813792640671161,0.00451233505212931

0.000216966804078976,0.000216966804078976,0.958929684481873,0.040636381909969065
0.021189740624737573,0.9785559682118803,0.00012714558169103633,0.00012714558169103633
0.0002918004085205721,0.0002918004085205721,0.03137262969293751,0.9680437694900214
0.020166900420757743,0.9791110779185924,0.00036101083032490956,0.00036101083032490956

Transition Gammas
1625.0824070815966,32.77945271494563,26.24623318814411,4.057541665202839
2498.3958616234827,46.14768237621668,39.03502673223184,10.664159549953025
1104.057435307067,20.868346659993424,15.091965575429258,6.7354083105492535
702.6094890043632,12.207812691774917,13.265776928289135,3.300246615020854

1.0,1.0,4419.706915776951,187.29308422304734
166.6573100135609,7696.3426899864335,1.0,1.0
1.0,1.0,107.51400195769678,3317.485998042301
55.86231416549897,2712.1376858345025,1.0,1.0

Iteration: ,27500
Error:,0.02312096725558498
Absolute Error:,0.02574381116470988
Transition Probabilities
0.9628732314433888,0.018447486958465962,0.0160111522533091,0.0026681293448361995
0.9629765161454735,0.01823643589361762,0.015050022106512297,0.0037370258543963377
0.9645459503688391,0.016598053927464013,0.01350221891093941,0.00535377679275746
0.9618430543738539,0.01517434969512457,0.017689313467000416,0.005293282464021088

0.00019731649565903701,0.00019731649565903701,0.9604389775794386,0.0391663894292432
0.02131696746015081,0.9784510139783642,0.00011600928074245945,0.00011600928074245945
0.0002648305084745764,0.0002648305084745764,0.03008214372500328,0.9693881952580475
0.02029187037967328,0.9790523919154087,0.00032786885245901634,0.00032786885245901634

Transition Gammas
1814.5532256912036,34.76464592976785,30.17332606154516,5.028141349382328
2747.996832548569,52.040384404416514,42.947478349756565,10.664159549953025
1213.4631422829323,20.881458956828492,16.98669200901752,6.7354083105492535
774.3149534225247,12.21584521920407,14.240472882754746,4.261264606468391

1.0,1.0,4867.504738372597,198.4952616274046
183.75225950649988,8434.247740493496,1.0,1.0
1.0,1.0,113.59017470561234,3660.4098252943863
61.89020465800351,2986.109795341997,1.0,1.0

Iteration: ,30000
Error:,0.023237853851623698
Absolute Error:,0.025746633048139234
Transition Probabilities
0.9625490487898143,0.019590748392456784,0.015378351974936125,0.0024818508427927807
0.9641112841722,0.01737958018642415,0.014743160756388181,0.0037659748849875325
0.9659853507179067,0.015278976573220514,0.01371665355303892,0.005019019155833927
0.9604394876892247,0.01729521774844874,0.017394511234737325,0.0048707833275892926

0.0001811922449719151,0.0001811922449719151,0.9598323878461882,0.03980522766386804
0.0212021270206652,0.978586746620209,0.00010556317956296852,0.00010556317956296852
0.000243368216110976,0.000243368216110976,0.03009462133891739,0.9694186422288606
0.02043811057360185,0.9789600236424679,0.00030093289196509164,0.00030093289196509164

Transition Gammas
1950.0900656795793,39.69015798975712,31.155992986073194,5.028141349382328
2996.5859166218784,54.01804343380897,45.82370169748406,11.705150108677403
1320.6387741722758,20.888524735151364,18.75260791539798,6.861709963387768
840.2522798258672,15.130933629335715,15.217801755121105,4.261264606468391

1.0,1.0,5297.314948523116,219.68505147688788
200.8477492667613,9270.152250733232,1.0,1.0
1.0,1.0,123.65879908161149,3983.3412009183867
67.91584143607898,3253.0841585639228,1.0,1.0

Iteration: ,32500
Error:,0.023180543598917448
Absolute Error:,0.025111421207314813
Transition Probabilities
0.9631109391268714,0.01812892323017232,0.015992907575742822,0.00276723006721347
0.9644188808001336,0.017128983862721842,0.01468545538124773,0.0037666799558968658
0.9671964044894259,0.015451039684792613,0.012704053930729299,0.004648501895052326
0.9628613562290829,0.016239427538366064,0.016327277886968444,0.004571938345582618

0.00016733601070950454,0.00016733601070950454,0.9590217121364472,0.04064361584213371
0.021136775488624145,0.9786683687046729,9.742790335151981e-05,9.742790335151981e-05
0.00022492127755285667,0.00022492127755285667,0.029850870439738622,0.9696992870051557
0.01961491860074922,0.9798321369701659,0.00027647221454243844,0.00027647221454243844

Transition Gammas
2109.2687471797854,39.70339203507567,35.02539401808771,6.060394145581081
3262.7877756671,57.950171102539976,49.6833121498891,12.743298124518512
1427.6903301473676,22.807466866408117,18.75260791539798,6.861709963387768
897.4327097388456,15.13592104001327,15.217801755121105,4.261264606468391

1.0,1.0,5731.113751727414,242.88624827259127
216.9478636152384,10045.05213638477,1.0,1.0
1.0,1.0,132.7169699750778,4311.283030024919
70.94716057890994,3544.052839421091,1.0,1.0

Iteration: ,34864
Error:,0.02267708361782412
Absolute Error:,0.024743957612877194
Transition Probabilities
0.9630319457368582,0.018612314353146857,0.01575948518798676,0.0025962547220081678
0.9650402430597467,0.016462916425546897,0.01469316572121697,0.003803674793489574
0.9676364934612322,0.015004523813188305,0.013028776559209625,0.004330206166369944
0.962484869111255,0.015127595741647083,0.017931376562030095,0.004456158585067777

0.00015583606046439138,0.00015583606046439138,0.9605624110611636,0.03912591681790757
0.020686692257590986,0.9791310753961675,9.111617312072883e-05,9.111617312072883e-05
0.0002089864158829678,0.0002089864158829678,0.029630769758289436,0.9699512574099446
0.019298088160329657,0.9801871113248698,0.0002574002574002573,0.0002574002574002573

*,*,*,*,*,*,*,*,*,*,*
Model Num 2
Model States: 
"['square', 'y', 'diamond']","['square', 'y', 'square']","['diamond', 'y', 'diamond']","['diamond', 'y', 'square', 'y', 'square']"
Iteration: ,34864
Error:,0.022974122019012545
Absolute Error:,0.024743957612877194
Transition Probabilities
0.9630319457368582,0.018612314353146857,0.01575948518798676,0.0025962547220081678
0.9650402430597467,0.016462916425546897,0.01469316572121697,0.003803674793489574
0.9676364934612322,0.015004523813188305,0.013028776559209625,0.004330206166369944
0.962484869111255,0.015127595741647083,0.017931376562030095,0.004456158585067777

0.00015583606046439138,0.00015583606046439138,0.9605624110611636,0.03912591681790757
0.020686692257590986,0.9791310753961675,9.111617312072883e-05,9.111617312072883e-05
0.0002089864158829678,0.0002089864158829678,0.029630769758289436,0.9699512574099446
0.019298088160329657,0.9801871113248698,0.0002574002574002573,0.0002574002574002573

Transition Gammas
2258.669827664954,43.65283315736968,36.96188257431355,6.089187624036337
3512.5513260118,59.92168651664827,53.480151847073316,13.844607036519506
1533.3313733850732,23.776394607823686,20.645595727379963,6.861709963387768
963.3919676459275,15.14185281764978,17.948276074870332,4.46035831334664

1.0,1.0,6163.92899177949,251.07100822051305
227.03644752706134,10745.963552472951,1.0,1.0
1.0,1.0,141.7832332934148,4641.2167667065805
74.97307250288074,3808.02692749712,1.0,1.0

