0,1,2,3,4,5,6,7,8,9,10,11,12,13,14,15,16,17,18,19,20,21,22,23,24,25,26,27,28,29
github Code Version (SHA):,528ca1c557fe8e6666681dc5c9134b0f84d30530
Environment Observations,Environment Actions,alpha,epsilon,numActions,explore,patience,gainThresh,insertRandActions,useUpdatedPosterior,revisedSplitting,haveControl,confidence_factor
"['diamond', 'square']","['x', 'y']",0.8,0.99,75000,0.5,0,0.01,False,True,False,False,250

Model Num 0
Model States: 
['diamond'],['square']
Iteration: ,0
Error:,0.45339239948957766
Absolute Error:,1
Transition Probabilities
0.5,0.5
0.5,0.5

0.5,0.5
0.5,0.5

Transition Gammas
1.0,1.0
1.0,1.0

1.0,1.0
1.0,1.0

Iteration: ,2500
Error:,0.0808776464781306
Absolute Error:,1
Transition Probabilities
0.49471830985915494,0.5052816901408451
0.146374829001368,0.853625170998632

0.16227180527383367,0.8377281947261663
0.8305322128851541,0.16946778711484595

Transition Gammas
281.0,287.0
107.0,624.0

80.0,413.0
593.0,121.0

Iteration: ,2525
Error:,0.07955014563792047
Absolute Error:,1
Transition Probabilities
0.49040139616055844,0.5095986038394416
0.14789687924016282,0.8521031207598372

0.164,0.836
0.8321775312066574,0.1678224687933426


Model Num 1
Model States: 
['square'],"['diamond', 'x', 'square']","['diamond', 'x', 'diamond']"
Iteration: ,0
Error:,0.5210655991759557
Absolute Error:,1
Transition Probabilities
0.3333333333333333,0.3333333333333333,0.3333333333333333
0.3333333333333333,0.3333333333333333,0.3333333333333333
0.3333333333333333,0.3333333333333333,0.3333333333333333

0.3333333333333333,0.3333333333333333,0.3333333333333333
0.3333333333333333,0.3333333333333333,0.3333333333333333
0.3333333333333333,0.3333333333333333,0.3333333333333333

Transition Gammas
1.0,1.0,1.0
1.0,1.0,1.0
1.0,1.0,1.0

1.0,1.0,1.0
1.0,1.0,1.0
1.0,1.0,1.0

Iteration: ,2500
Error:,0.06963801663540195
Absolute Error:,1
Transition Probabilities
0.85997171145686,0.0683126155128938,0.07171567303024623
0.9956521739130435,0.002173913043478261,0.002173913043478261
0.003086419753086419,0.8308994951451454,0.1660140851017683

0.16598079561042528,0.40045456370523275,0.43356464068434203
0.807801320045466,0.11548783398222265,0.0767108459723112
0.8458438055908435,0.09354611168642239,0.06061008272273409

Transition Gammas
608.0,48.29701916761592,50.702980832384085
458.0,1.0,1.0
1.0,269.21143642702714,53.78856357297293

121.0,291.9313769411146,316.06862305888524
71.37130134413502,10.203643886423372,6.7775983628563505
77.88817555020707,8.614044248963664,5.581182639179204

Iteration: ,5000
Error:,0.059938663705111604
Absolute Error:,1
Transition Probabilities
0.8692307692307693,0.06772370281926549,0.06304552794996529
0.997828447339848,0.0010857763300760044,0.0010857763300760044
0.001466275659824047,0.8245814425769322,0.17395228176324373

0.1564912280701755,0.3881879563933651,0.4553208155364594
0.8140180165730088,0.11722537047497476,0.06875661295201652
0.8608715072522569,0.07901992482197359,0.06010856792576966

Transition Gammas
1243.0,96.84489503154964,90.15510496845037
919.0,1.0,1.0
1.0,562.3645438374677,118.63545616253222

223.0,553.1678378605451,648.8321621394545
146.59894130631102,21.11146787416353,12.382584244275602
146.031833357724,13.404351748583293,10.196369958537057

Iteration: ,7500
Error:,0.060516605695512635
Absolute Error:,1
Transition Probabilities
0.8615457562825984,0.07099626517425098,0.06745797854315064
0.9985642498205313,0.0007178750897343862,0.0007178750897343862
0.0009551098376313282,0.8173589434414593,0.1816859467209094

0.15705578996718242,0.38876563141966186,0.45417857861315575
0.8130691127317525,0.1191842554396722,0.06774663182857531
0.8620872959466338,0.07015299919053303,0.06775970486283309

Transition Gammas
1817.0,149.7311232524953,142.2688767475047
1391.0,1.0,1.0
1.0,855.7748137832074,190.22518621679203

335.0,829.2370918181385,968.762908181861
229.03490932542954,33.57322853641605,19.083671283280136
210.81851464819405,17.155514478640058,16.57024804720794

Iteration: ,10000
Error:,0.05974529461467482
Absolute Error:,1
Transition Probabilities
0.8603332151719248,0.0736565840705653,0.06601020075750985
0.9989350372736954,0.0005324813631522897,0.0005324813631522897
0.0007183908045977009,0.8072074353135167,0.19207417388188563

0.1512039660056657,0.39645137199419356,0.4523446620001407
0.811135691737781,0.1200586213109097,0.0688056869513093
0.8515354588635844,0.07741941748878549,0.07104512364763012

Transition Gammas
2427.0,207.78522366306473,186.21477633693527
1876.0,1.0,1.0
1.0,1123.6327499564156,267.3672500435849

427.0,1119.5786745116027,1277.4213254883973
296.3754498837092,43.86741733335242,25.140450152135898
278.60313306023437,25.329881507059277,23.244356803763342

Iteration: ,12500
Error:,0.05476833654787791
Absolute Error:,1
Transition Probabilities
0.8649268712360195,0.0714052051221697,0.0636679236418108
0.9991492981709911,0.0004253509145044662,0.0004253509145044662
0.0005701254275940704,0.7997571714367524,0.19967270313565363

0.1457980823463057,0.399707927210113,0.4544939904435813
0.8123409384969761,0.12410051510593474,0.06355854639708915
0.859770137656248,0.0700477711837544,0.07018209115999761

Transition Gammas
3016.0,248.98995026100576,222.01004973899424
2349.0,1.0,1.0
1.0,1402.7740787000644,350.22592129993666

517.0,1417.3643098870607,1611.6356901129393
369.1305870113118,56.391711679849536,28.881227609373457
353.12405509729484,28.769960629668347,28.825128415352175

Iteration: ,15000
Error:,0.05524315280480278
Absolute Error:,1
Transition Probabilities
0.8601715102429729,0.07495675514412284,0.06487173461290434
0.9992920353982301,0.00035398230088495576,0.00035398230088495576
0.00047147571900047126,0.8004209077752328,0.19910761650576686

0.14427625354777673,0.3957912276923305,0.45993251875989277
0.8214806002848087,0.12037657425721131,0.05814282545797995
0.8628941605846279,0.06706233859554944,0.0700435008198227

Transition Gammas
3611.0,314.6684580950277,272.3315419049724
2823.0,1.0,1.0
1.0,1697.6927453912695,422.3072546087317

610.0,1673.4053106831734,1944.5946893168266
445.3358966519479,65.25779137588763,31.52002287117922
422.18909584851093,32.811658011405605,34.27025425823955

Iteration: ,17500
Error:,0.05374046726244868
Absolute Error:,1
Transition Probabilities
0.8604175194433074,0.07350752909019584,0.06607495146649676
0.9993954050785974,0.0003022974607013301,0.0003022974607013301
0.00040112314480545514,0.7944386956207379,0.20516018123445662

0.1436688311688312,0.39798350601017024,0.45834766282099854
0.8177367564028059,0.12147535811304375,0.06078788548415025
0.8653237419765815,0.06611119854915185,0.06856505947426655

Transition Gammas
4204.0,359.1577871346969,322.8422128653032
3306.0,1.0,1.0
1.0,1980.5356681825003,511.4643318175005

708.0,1961.2627176181186,2258.7372823818805
510.80783794293234,75.88085597867153,37.97178996071211
490.85884041875795,37.50187898971248,38.89384279449539

Iteration: ,20000
Error:,0.05391334139964689
Absolute Error:,1
Transition Probabilities
0.8573212056358124,0.0750265280714045,0.06765226629278313
0.9994679436020218,0.00026602819898909286,0.00026602819898909286
0.0003523608174770962,0.7950535588045036,0.2045940803780194

0.1458036984352774,0.3976301119230569,0.4565661896416657
0.8226631824671625,0.11384727108596175,0.06348954644687575
0.8696075726360165,0.06456422636069045,0.06582820100329312

Transition Gammas
4807.0,420.67374289636507,379.32625710363504
3757.0,1.0,1.0
1.0,2256.361999887183,580.6380001128197

820.0,2236.2717494552717,2567.7282505447274
597.6202833332662,82.70388155583639,46.12171973284701
560.7658751224199,41.6341991905684,42.44927241312911

Iteration: ,22500
Error:,0.05557874840540877
Absolute Error:,1
Transition Probabilities
0.8570976920644957,0.07574970162643796,0.06715260630906633
0.9995278564683664,0.00023607176581680832,0.00023607176581680832
0.0003125976867771175,0.7951490473301508,0.204538354983072

0.14740341988600383,0.39521323621280324,0.45738334390119295
0.82405380615246,0.11333097534066339,0.06261521850687657
0.8671063817454517,0.06370323273798957,0.06919038551655884

Transition Gammas
5422.0,479.1926124888465,424.8073875111536
4234.0,1.0,1.0
1.0,2543.6818024091554,654.3181975908481

931.0,2496.166799920065,2888.833200079934
661.7286049177635,91.00661588628324,50.28103854362941
626.6266335454134,46.03603792675668,50.00140612813339

Iteration: ,23450
Error:,0.05507389285350116
Absolute Error:,1
Transition Probabilities
0.8545537618032286,0.07689630913040389,0.06854992906636735
0.9995480225988701,0.00022598870056497175,0.00022598870056497175
0.00029922202274087334,0.7954606074354155,0.20424017054184362

0.1480188249582511,0.39477640062068786,0.45720477442106106
0.8248274310926041,0.11452989521101864,0.06064267369637714
0.8648690203826872,0.0638915639920256,0.07123941562528724


Model Num 2
Model States: 
"['diamond', 'x', 'square']","['diamond', 'x', 'diamond']","['square', 'y', 'diamond', 'x', 'diamond']","['square', 'y', 'diamond', 'x', 'square']"
Iteration: ,0
Error:,0.45420759671557853
Absolute Error:,0.55
Transition Probabilities
0.25,0.25,0.25,0.25
0.25,0.25,0.25,0.25
0.25,0.25,0.25,0.25
0.25,0.25,0.25,0.25

0.25,0.25,0.25,0.25
0.25,0.25,0.25,0.25
0.25,0.25,0.25,0.25
0.25,0.25,0.25,0.25

Transition Gammas
1.0,1.0,1.0,1.0
1.0,1.0,1.0,1.0
1.0,1.0,1.0,1.0
1.0,1.0,1.0,1.0

1.0,1.0,1.0,1.0
1.0,1.0,1.0,1.0
1.0,1.0,1.0,1.0
1.0,1.0,1.0,1.0

Iteration: ,2500
Error:,0.0636809178097272
Absolute Error:,0.1356088525168912
Transition Probabilities
0.0017271157167530228,0.0017271157167530228,0.170466761972398,0.8260790065940959
0.7579289333519794,0.23686273331468718,0.0026041666666666665,0.0026041666666666665
0.13076154900070625,0.08484807214104469,0.6640761435154413,0.12031423534280784
0.04666456055426175,0.09758481055361436,0.7474383289071589,0.1083122999849649

0.0817614024034402,0.09035595003398957,0.25390768190666946,0.5739749656559009
0.04457297735776482,0.0641394425584266,0.6984073881370985,0.19288019194671005
0.0037208091766547722,0.9263821468514507,0.03730082143872078,0.032596222533173694
0.8324411756824646,0.0036831925337150622,0.13191280240608586,0.03196282937773452

Transition Gammas
1.0,1.0,98.70025518201841,478.29974481798143
291.0447104071601,90.95528959283988,1.0,1.0
23.999595337300008,15.572768998967064,121.88260875862888,22.08212569834632
6.422721145989072,13.43117815373483,102.87438483027394,14.907666357968374

11.590080918505766,12.808400315774666,35.992662706635514,81.36377436780062
2.38502599624539,3.4319950551808165,37.37061949680702,10.320698755690499
1.2308257930256106,306.4427618855545,12.338932460142107,10.78267375299888
389.7412809755628,1.7244367747581326,61.7603574747188,14.964701926317767

Iteration: ,5000
Error:,0.04655344610624905
Absolute Error:,0.12027432701818667
Transition Probabilities
0.0008748906386701659,0.0008748906386701659,0.15707369687969122,0.8411765218429684
0.7785519366717791,0.21873435912197942,0.0013568521031207602,0.0013568521031207602
0.09303689012077299,0.06464277063516617,0.6984175120307556,0.1439028272133053
0.03986479303888124,0.08534678949504654,0.7812910817259082,0.09349733574016389

0.07174820918752023,0.09356750529534547,0.23024465002949865,0.6044396354876356
0.08134404463220235,0.05693198010669848,0.7067926984302264,0.15493127683087274
0.0018963889606891636,0.9195271500326128,0.04881127732986407,0.029765183676833964
0.8411811177543699,0.001862398742512387,0.13688224196914336,0.02007424153397434

Transition Gammas
1.0,1.0,179.53523553348714,961.4647644665133
573.792777327101,161.20722267289878,1.0,1.0
38.23952306982454,26.569124524605034,287.0598160471666,59.146167438452686
10.993607521838975,23.53628441122048,215.45847496136156,25.78397967505956

21.063194128772917,27.46870689176243,67.5931541093608,177.44595336346447
8.811007940248508,6.166746822613819,76.55822999872126,16.781815024344702
1.2602528727082982,611.0754472757233,32.43772968029076,19.780571925386077
808.6421334074471,1.7903565125439833,131.58729533423062,19.2977197870358

Iteration: ,7500
Error:,0.04830169277757778
Absolute Error:,0.11787394877777896
Transition Probabilities
0.0005963029218843175,0.0005963029218843175,0.15438830527657044,0.844419088879661
0.7750605879366559,0.22314085091226507,0.0008992805755395684,0.0008992805755395684
0.08555377892776062,0.06164398141523465,0.7208885510453775,0.1319136886116272
0.03781905304114302,0.09556978731634823,0.7817179954059805,0.0848931642365283

0.06773399066282101,0.08718874844417993,0.22611226214200683,0.6189649987509922
0.1137114612516027,0.061080262823604084,0.68878224221001,0.136426033714783
0.0012487671159347917,0.9094044670077351,0.057819791028593887,0.031526974847736276
0.8384234884448729,0.0012895384227140864,0.14411247439346933,0.016174498738943777

Transition Gammas
1.0,1.0,258.9091879488085,1416.0908120511908
861.8673737855613,248.13262621443874,1.0,1.0
54.89384990465113,39.552612470692274,462.543541793522,84.63974722998353
15.745195360425699,39.788541775840244,325.45242581926703,35.34354639220348

30.057721878842376,38.6909899454367,100.33986514529809,274.67269539468305
19.910638598198915,10.69502603500001,120.60432736112894,23.887912641193502
1.281789099071134,933.4524568934745,59.34875839162682,32.36066370651321
1184.14564199817,1.8212768660362753,203.53694864527876,22.84401911109447

Iteration: ,10000
Error:,0.0477615793063706
Absolute Error:,0.11550496334943461
Transition Probabilities
0.00044863167339614186,0.00044863167339614186,0.1586878099708811,0.8404149266823265
0.766070775042494,0.2325941114728597,0.0006675567423230972,0.0006675567423230972
0.08975943600975127,0.06500887886226236,0.7145798142039974,0.130651870923989
0.03305060919427327,0.10053172469309563,0.7853641085119184,0.08105355760071283

0.06604551748734346,0.09363006377440483,0.20948242378869245,0.6308419949495592
0.10530718189822047,0.061232160600659113,0.7080321567119005,0.12542850078921994
0.0009504509504529169,0.9047240999248445,0.06571086970649312,0.028614579418209635
0.8406069321825502,0.0009909889663406246,0.14450040041726184,0.013901678433847396

Transition Gammas
1.0,1.0,353.7151284250939,1873.2848715749055
1147.5740210136564,348.4259789863439,1.0,1.0
80.52618806023585,58.32163656062769,641.0734186920271,117.21215725223398
18.37785516859778,55.90085996294391,436.70323158060967,45.06998747676947

38.78628229188959,54.98574653847812,123.02189055925719,370.47201125165367
24.882965201627822,14.46850721842775,167.30045567189785,29.637418494846727
1.2948022764168046,1232.5084461787421,89.51812151984389,38.981730253151724
1566.593190634729,1.8468519675807622,269.29749764246986,25.90779820993615

Iteration: ,12500
Error:,0.04693974389501326
Absolute Error:,0.11292939400079069
Transition Probabilities
0.00035625222657641577,0.00035625222657641577,0.1610377852904339,0.8382497102564133
0.7753029620165184,0.22362465192450037,0.0005361930294906169,0.0005361930294906169
0.08647120010645944,0.06627511305712341,0.7231093402179558,0.12414434661846124
0.035947149590744916,0.09349798511516308,0.7912267893211214,0.07932807597297042

0.06106175229894123,0.09005590662922361,0.2070907478729247,0.6417915931989104
0.11313973360089986,0.0584040418892313,0.7020586444983564,0.12639758001151233
0.0007555578229921923,0.9048117761040877,0.06958714414060954,0.02484552193231071
0.8445729463493457,0.0007987674706416737,0.1414255620133203,0.013202724166692435

Transition Gammas
1.0,1.0,452.0330633102484,2352.966936689754
1445.9400241608062,417.059975839193,1.0,1.0
95.56803000079756,73.24730066370716,799.1809415704441,137.20441751075285
24.808545647929108,64.52664698388546,546.0568124097169,54.74743383949745

45.12171282616787,66.5470053550113,153.03015230764132,474.2532743049386
32.85708683359894,16.961209070518443,203.88594802540527,36.7073187271673
1.3032957942185086,1560.7506751578194,120.03400604201107,42.85716229011751
1978.154632157496,1.8708692705543677,331.2462609788679,30.923356094143013

Iteration: ,15000
Error:,0.04544406069999213
Absolute Error:,0.11032820240293402
Transition Probabilities
0.00029967036260113866,0.00029967036260113866,0.16084201852212246,0.8385586407526753
0.7704532442502121,0.22866336352363958,0.0004416961130742051,0.0004416961130742051
0.08428556702954415,0.06566857911058205,0.726531298528044,0.12351455533182981
0.03508293353545768,0.09353601872696424,0.7951486901278914,0.07623235760968676

0.06206808430884038,0.08925901675329317,0.19933961862678015,0.6493332803110863
0.10031464800340056,0.059082196941166794,0.7162890365235631,0.12431411853186948
0.0006295564741143365,0.9046816328470036,0.07223618244802324,0.022452628230858803
0.8453647014917487,0.000682270166715213,0.141483179024891,0.012469849316645198

Transition Gammas
1.0,1.0,536.7298158083228,2798.2701841916783
1744.3061449824795,517.6938550175198,1.0,1.0
113.93202949076579,88.76673380177868,982.0801858145742,166.95935563525586
29.770507224992173,79.3723454879773,674.7434561157952,64.68888785208479

55.17531721629178,79.34665003146873,177.20261248566814,577.2237071469696
35.43284332750995,20.868838891708865,253.00549534393127,43.90986533878795
1.3106585988293984,1883.4351008176602,150.38678429175556,46.74359087243743
2338.656427624017,1.887464082601297,391.40568022696226,34.49717406512732

Iteration: ,17500
Error:,0.044896253343783186
Absolute Error:,0.10955894218682763
Transition Probabilities
0.00025627883136852884,0.00025627883136852884,0.1605761429144967,0.8389112994227662
0.7745238446334319,0.22470957813391193,0.00038328861632809513,0.00038328861632809513
0.0844132498408051,0.06921571622588096,0.7207206609554424,0.12565037297787146
0.03681700566042994,0.09497016366286594,0.7948795721939739,0.07333325848273023

0.06002396017715597,0.08534376763360983,0.19012729814355922,0.664504974045675
0.10261176410736224,0.05612617428186591,0.712629154362235,0.12863290724853696
0.0005455225335523005,0.903717921951121,0.0733711468791869,0.02236540863613981
0.8465789842520466,0.0005843926123748628,0.14097463228453647,0.011861990851042196

Transition Gammas
1.0,1.0,626.5681096523664,3273.431890347635
2020.7327106486234,586.2672893513761,1.0,1.0
133.8773405196346,109.7744255547345,1143.045262778472,199.27840476822888
36.814870617222084,94.9646562784592,794.8334765867611,73.32900583717623

62.79224520113297,89.279793732731,198.8959057220431,695.1517218207237
42.01925006323004,22.983522140547084,291.8197820686962,52.67484038556497
1.3171547915327428,2182.011407192975,177.1533744772588,54.00089517448881
2755.9852604964585,1.9024538241651359,458.934152521341,38.61597388281388

Iteration: ,20000
Error:,0.043167928088638854
Absolute Error:,0.10813128648264894
Transition Probabilities
0.00022371364653243862,0.00022371364653243862,0.16211373325718278,0.8374388394497524
0.7724065779245032,0.22692474939077595,0.00033433634236041467,0.00033433634236041467
0.08397047006316094,0.06645720030421881,0.7245646033415808,0.12500772629103954
0.03536987977271153,0.09655835525719765,0.7978684640818648,0.07020330088822599

0.05973219996739581,0.08270305387900566,0.186533727362032,0.6710310187915665
0.10169217809149046,0.05150638408831554,0.7207181143353169,0.12608332348487714
0.00047558522232764267,0.9034929067275783,0.07429483256099614,0.021736675489097787
0.8496391481834743,0.000515124513472722,0.1383939469744022,0.01145178032865074

Transition Gammas
1.0,1.0,724.6483876596066,3743.351612340391
2310.268074572188,678.7319254278107,1.0,1.0
152.527443883586,120.71561445871932,1316.1291915251604,227.06921781585007
40.663975781671255,111.01102533930624,917.291890978258,80.71119679956298

70.68680341880517,97.87040348206011,220.74313225051324,794.094939398362
48.0210579381667,24.322333348639717,340.33734919557804,59.53903924308362
1.3221668143581202,2511.7860736644,206.54586702605528,60.42978132393962
3151.868040208958,1.910934182133818,513.3937853023657,42.48215315706418

Iteration: ,22500
Error:,0.04251520180276646
Absolute Error:,0.10755520214389451
Transition Probabilities
0.0001979805979014058,0.0001979805979014058,0.1611409740908828,0.8384630647133144
0.7705446526976026,0.22886099366198132,0.000297176820208024,0.000297176820208024
0.0832657882130699,0.06545635927012239,0.730187447738715,0.1210904047780927
0.037663632743504136,0.1005639072566105,0.7935366384731486,0.06823582152673685

0.05950140554787538,0.08141167568540701,0.17978318512349012,0.6793037336432275
0.09751142352604344,0.04994676890308461,0.7187175256606472,0.1338242819102248
0.00042387422890493486,0.9020954104536802,0.07553929734535866,0.021941417972056138
0.8506801008246005,0.00045825596448373764,0.13797528804166287,0.010886355169252898

Transition Gammas
1.0,1.0,813.9230601330485,4235.076939866948
2592.882756327431,770.1172436725665,1.0,1.0
168.84429673965576,132.73077917452878,1480.6559662425134,245.54411452107144
48.900239730090505,130.56624692930032,1030.2811765452893,88.59336680454949

78.8535475759861,107.88987894974554,238.25558087179752,900.2393941145125
51.90044419299579,26.584162125196105,382.5373221129917,71.22795897953779
1.3267127887150332,2823.529802182085,236.43558632367734,68.67593696666431
3566.8571526062583,1.9214432817446603,578.5231634750401,45.64591761770631

Iteration: ,25000
Error:,0.04015471982200957
Absolute Error:,0.10568614563774507
Transition Probabilities
0.00017774617845716346,0.00017774617845716346,0.1613357489738293,0.8383087586692564
0.77323195935962,0.22622881173771087,0.00026961445133459177,0.00026961445133459177
0.0804168124825371,0.06262791020750627,0.7354696148412021,0.12148566246875457
0.0367493634541457,0.10121262169462893,0.79210960860367,0.0699284062475554

0.05839866963120667,0.07638016469583638,0.1742583721370119,0.690962793535945
0.09668484682952705,0.05175757421631046,0.7197872877139141,0.13177029124024844
0.00038213298859364394,0.9025786926030746,0.07576194388219219,0.021277230526139577
0.8546981301906322,0.0004127563401218944,0.13443990124916533,0.010449212220080498

Transition Gammas
1.0,1.0,907.6749237267621,4716.325076273229
2867.917337264828,839.0826627351689,1.0,1.0
180.85957838275277,140.85185778262678,1654.090983553851,273.22452874415603
53.326776978408326,146.86901750676756,1149.425417753652,101.47268344040519

86.17626493936221,112.71074068137997,257.1451668336716,1019.6224183705789
57.65803440965146,30.865643303814455,429.2453426110637,78.58124862002435
1.3311640798292683,3144.1418843064525,263.917487692379,74.11944490550826
4001.401525392089,1.9323826631171286,629.4011966681006,48.919603588286904

Iteration: ,27500
Error:,0.039755061657038064
Absolute Error:,0.10425790062598936
Transition Probabilities
0.00016082341588935373,0.00016082341588935373,0.16169254059848534,0.8379858125697359
0.7754327870547971,0.22407496583715467,0.00024612355402412036,0.00024612355402412036
0.08065676112737874,0.06186969887754665,0.7357751022523545,0.12169843774271986
0.03588369922723648,0.10168680107307805,0.7933890155474719,0.06904048415221359

0.06028047355297286,0.07781763014745925,0.1697477050035079,0.6921541912960599
0.0915495822188235,0.05433484650511761,0.7240430845158803,0.13007248676017855
0.00034775904596188166,0.9009911277853832,0.07738801278228227,0.021273100386372746
0.8550314075508304,0.0003753678021782587,0.1346294496586835,0.009963774988307746

Transition Gammas
1.0,1.0,1005.4042174413804,5210.59578255861
3150.583413803637,910.4165861963584,1.0,1.0
200.09338292181872,153.48641794841788,1825.3116939175725,301.9096200228558
57.01204343768484,161.56005218707264,1260.5369566536187,109.69156375207774

96.91011331330121,125.10378420859178,272.89548931805786,1112.7440969725012
60.73116092554932,36.04405642267194,480.3077853229564,86.28606416288572
1.3353823244766185,3459.773773035758,297.167206995265,81.6879462163371
4419.323142964622,1.940129450965843,695.8470032176455,51.49885841416039

Iteration: ,30000
Error:,0.04221248778892449
Absolute Error:,0.1043932987838184
Transition Probabilities
0.00014624159110851147,0.00014624159110851147,0.16119610803439713,0.8385114087833858
0.7748490370081063,0.22469969945398766,0.00022563176895306893,0.00022563176895306893
0.08110514878826558,0.060841082233583484,0.7357785393360619,0.12227522964208888
0.037485627295632894,0.10557499155236871,0.7879327758527889,0.06900660529920952

0.06257691668581859,0.07685840964763326,0.1659411054212939,0.6946235682452543
0.08960506485364308,0.05732587299379333,0.7213548274920378,0.13171423466052581
0.00032117715523633016,0.9032690266846081,0.07588929884243806,0.020520497317717573
0.8559717998388177,0.0003414813731700841,0.13352825876788402,0.010158460020128353

Transition Gammas
1.0,1.0,1102.258986739206,5733.741013260784
3434.130932019922,995.8690679800718,1.0,1.0
215.82148655496889,161.89863414891954,1957.9129131408179,325.3754197418341
64.64863998780345,182.07724167869605,1358.8883536339272,119.01049827939727

109.90350848227098,134.9860191906325,291.44148758226765,1219.9637065520112
64.25017690482088,41.10479119780211,517.2383430915584,94.44402380205192
1.3377719720675143,3762.3098885916247,316.0952618082891,85.47228754277214
4881.636541807236,1.9474799869896358,761.5162409415101,57.93404601890435

Iteration: ,32500
Error:,0.039611897401157344
Absolute Error:,0.10312933348136247
Transition Probabilities
0.00013462574044157278,0.00013462574044157278,0.16232553105441044,0.8374052174647064
0.775007365721927,0.2245754461262166,0.0002085940759282438,0.0002085940759282438
0.07865487722667663,0.06060961848263906,0.7375818960424104,0.12315360824827379
0.0387893484544515,0.10738072217460572,0.7847240789824598,0.06910585038848308

0.06409389057857633,0.0742646469245257,0.16114904972215457,0.7004924127747435
0.086857399053838,0.05779677881750669,0.7241436442661047,0.13120217786255065
0.0002974811998275612,0.9030262528686172,0.07615531019685313,0.020520955734702074
0.8569261632587385,0.00031514529947572326,0.1328524152802492,0.00990627616153642

Transition Gammas
1.0,1.0,1205.7540446721578,6220.245955327823
3715.385311270915,1076.6146887290815,1.0,1.0
225.8571095087626,174.04023401456564,2117.962940632896,353.6350060577786
72.43721236923008,200.52825031740272,1465.4338633001075,129.05179798069838

122.15441274650193,141.5385187418163,307.12861016501404,1335.0451742506734
67.14489539196448,44.6796555039431,559.7974354823263,101.42551588861572
1.3405666938770533,4069.389658889324,343.18562810340745,92.4754566016719
5317.116084076019,1.95543585026167,824.3320654473624,61.46716318182974

Iteration: ,35000
Error:,0.041016516086735115
Absolute Error:,0.10317527136862922
Transition Probabilities
0.00012479720454261858,0.00012479720454261858,0.16163299712328308,0.8381174084676316
0.7740235795244114,0.22558994704563687,0.00019323671497584562,0.00019323671497584562
0.07842374570633105,0.061136683246352755,0.7351252085389872,0.12531436250832897
0.03918254595832174,0.10614149313055944,0.7842736756098797,0.07040228530123908

0.06303221283059071,0.07525055512245775,0.15983337391443797,0.7018838581325135
0.08533992512994243,0.05865156284753114,0.7262668669667987,0.12974164505572783
0.00027675645984239156,0.902746277988819,0.07666610571336034,0.02031085983797821
0.8555927699280493,0.00029267633128487384,0.13460927881322876,0.009505274927436892

Transition Gammas
1.0,1.0,1295.1652059488638,6715.834794051114
4005.5720240388246,1167.4279759611695,1.0,1.0
241.97750236250815,188.63804299883063,2268.238532651747,386.65911933695634
78.72557021469092,213.25948495103597,1575.762646522111,141.45226960629063

128.7440521365677,153.70016309009483,326.461586866854,1433.6062144620214
70.6218658334069,48.53628352768126,601.0120252634517,107.36589042209407
1.343019325378956,4380.767473118254,372.0385122472854,98.562748248053
5732.625645951828,1.960984128965764,901.9064104207987,63.68705386024938

Iteration: ,37500
Error:,0.03965299279025705
Absolute Error:,0.10329200869911037
Transition Probabilities
0.00011645510655642285,0.00011645510655642285,0.15973379530962284,0.8400332944772643
0.7746586621987493,0.22497862470730792,0.00018135654697134585,0.00018135654697134585
0.07983467252009757,0.0610557693832007,0.7353089853225059,0.1238005727741958
0.039065460325032594,0.10562575165803112,0.7850448115808621,0.07026397643607427

0.06284062423490187,0.07469240471272681,0.16034212361299885,0.7021248474393724
0.0844654767710915,0.057546491521818774,0.7259620226093781,0.1320260090977115
0.0002590450835447036,0.9021880063746403,0.07775722437821389,0.019795724163601085
0.8564452621788653,0.0002732735554383667,0.13414887458404093,0.009132589681655494

Transition Gammas
1.0,1.0,1371.6341003237274,7213.365899676247
4271.4678633639,1240.5321366360947,1.0,1.0
265.3518227908693,202.9351306433023,2443.99548981319,411.48421620839855
83.85222497331131,226.72084796422902,1685.0628050228745,150.81841377565357

137.19689098333563,163.07230921750832,350.06719174427184,1532.9151695047792
75.56519590326067,51.48271307550179,649.4660842970593,118.11418846106308
1.3456857250591927,4686.680422129895,403.9327264357436,102.83469988948941
6165.33305140492,1.9672272798062704,965.7038538313848,65.74320566148567

Iteration: ,40000
Error:,0.03929697595152893
Absolute Error:,0.10373356470162441
Transition Probabilities
0.00010908694229300783,0.00010908694229300783,0.16183342574828424,0.8379484003671297
0.772569697706945,0.22709223603206785,0.00016903313049357685,0.00016903313049357685
0.08001657740392229,0.06089671315646359,0.7368441843317997,0.1222425251078146
0.03888344420627333,0.10619540665098656,0.7850747125246197,0.06984643661812051

0.06296696866056296,0.07439607831552231,0.15969495446890652,0.7029419985550082
0.0855475060699175,0.054915228917112126,0.7256112108455973,0.13392605416737308
0.0002421942642145664,0.9026720091013295,0.07743132452480193,0.019654472109654188
0.857693177100252,0.0002575857434542345,0.13333240593656692,0.008716831219726915

Transition Gammas
1.0,1.0,1483.5270138345174,7681.472986165457
4570.522331634284,1343.4776683657126,1.0,1.0
281.5264721241165,214.25606262000767,2592.477089752845,430.09221281013987
88.9225603188345,242.8583075977097,1795.3875975832175,159.73183703280128

146.27328899998764,172.82329601373598,370.9739681576945,1632.9456585268993
82.02844042992606,52.65624669691121,695.7626086199242,128.4168979432881
1.3479304594713017,5023.814663512825,430.9434873805341,109.38682510648277
6569.563744424287,1.9729968786725203,1021.2693342847325,66.7672075240143

Iteration: ,41548
Error:,0.04031514262586824
Absolute Error:,0.10308983374142078
Transition Probabilities
0.00010507512871703298,0.00010507512871703298,0.16267641661595966,0.8371134331266062
0.7729651353050923,0.22670992562098416,0.00016246953696181975,0.00016246953696181975
0.07939400214418063,0.060199200702176645,0.7393203249446431,0.12108647220899973
0.038767767290386425,0.1055666668441908,0.7854171988473491,0.07024836701807365

0.0634836409928449,0.07456597710705629,0.15979097355030258,0.7021594083497962
0.08441721556760506,0.05675780894356134,0.7267437943393817,0.1320811811494519
0.00023266165595922135,0.9020357929879323,0.07807027027775802,0.019661275078350426
0.8575783219875941,0.0002489713202246126,0.13338365372467095,0.00878905296751027

*,*,*,*,*,*,*,*,*,*,*
Model Num 2
Model States: 
"['diamond', 'x', 'square']","['diamond', 'x', 'diamond']","['square', 'y', 'diamond', 'x', 'diamond']","['square', 'y', 'diamond', 'x', 'square']"
Iteration: ,41548
Error:,0.04002806254317717
Absolute Error:,0.10308983374142078
Transition Probabilities
0.00010507512871703298,0.00010507512871703298,0.16267641661595966,0.8371134331266062
0.7729651353050923,0.22670992562098416,0.00016246953696181975,0.00016246953696181975
0.07939400214418063,0.060199200702176645,0.7393203249446431,0.12108647220899973
0.038767767290386425,0.1055666668441908,0.7854171988473491,0.07024836701807365

0.0634836409928449,0.07456597710705629,0.15979097355030258,0.7021594083497962
0.08441721556760506,0.05675780894356134,0.7267437943393817,0.1320811811494519
0.00023266165595922135,0.9020357929879323,0.07807027027775802,0.019661275078350426
0.8575783219875941,0.0002489713202246126,0.13338365372467095,0.00878905296751027

Transition Gammas
1.0,1.0,1548.1914569340836,7966.808543065888
4757.60040780284,1395.3995921971566,1.0,1.0
290.94577602304133,220.604865496699,2709.29944153713,443.73122240093664
91.97209623875438,250.4448494511601,1863.3125209115244,166.65622045259673

152.65512832054338,179.30412663173047,384.23932827884374,1688.4386734402317
84.4378938705475,56.77171197459348,726.9218128660511,132.11353491353233
1.3492362733343233,5231.0270324841285,452.74001035317883,114.0183817842509
6806.863920397038,1.9761622389459712,1058.7072420451516,69.76142703834535

