0,1,2,3,4,5,6,7,8,9,10,11,12,13,14,15,16,17,18,19,20,21,22,23,24,25,26,27,28,29
github Code Version (SHA):,528ca1c557fe8e6666681dc5c9134b0f84d30530
Environment Observations,Environment Actions,alpha,epsilon,numActions,explore,patience,gainThresh,insertRandActions,useUpdatedPosterior,revisedSplitting,haveControl,confidence_factor
"['diamond', 'square']","['x', 'y']",0.99,0.99,75000,0.5,0,0.01,False,True,False,False,250

Model Num 0
Model States: 
['diamond'],['square']
Iteration: ,0
Error:,0.6730665440459845
Absolute Error:,1
Transition Probabilities
0.5,0.5
0.5,0.5

0.5,0.5
0.5,0.5

Transition Gammas
1.0,1.0
1.0,1.0

1.0,1.0
1.0,1.0

Iteration: ,2460
Error:,0.14703902047693768
Absolute Error:,1
Transition Probabilities
0.492,0.508
0.028688524590163935,0.9713114754098361

0.029880478087649404,0.9701195219123506
0.9836065573770492,0.01639344262295082


Model Num 1
Model States: 
['square'],"['diamond', 'x', 'square']","['diamond', 'x', 'diamond']"
Iteration: ,0
Error:,0.7244833650175918
Absolute Error:,1
Transition Probabilities
0.3333333333333333,0.3333333333333333,0.3333333333333333
0.3333333333333333,0.3333333333333333,0.3333333333333333
0.3333333333333333,0.3333333333333333,0.3333333333333333

0.3333333333333333,0.3333333333333333,0.3333333333333333
0.3333333333333333,0.3333333333333333,0.3333333333333333
0.3333333333333333,0.3333333333333333,0.3333333333333333

Transition Gammas
1.0,1.0,1.0
1.0,1.0,1.0
1.0,1.0,1.0

1.0,1.0,1.0
1.0,1.0,1.0
1.0,1.0,1.0

Iteration: ,2500
Error:,0.12674226756247686
Absolute Error:,1
Transition Probabilities
0.9749009247027741,0.016706997638070636,0.008392077659155256
0.9957627118644068,0.00211864406779661,0.00211864406779661
0.0031847133757961776,0.9834929515269355,0.013322335097268368

0.0375,0.4018546265629665,0.5606453734370335
0.9312358639216433,0.02550207703067143,0.043262059047685264
0.9602874084549882,0.02812318679415781,0.011589404750854031

Transition Gammas
738.0,12.647197212019472,6.352802787980529
470.0,1.0,1.0
1.0,308.8167867794578,4.183213220542268

27.0,289.33533112533587,403.6646688746641
82.76905948270466,2.2666469499952235,3.8451697119811934
82.85907940045186,2.4266290977615044,1.0

Iteration: ,5000
Error:,0.11935362515724846
Absolute Error:,1
Transition Probabilities
0.976271186440678,0.01621008790025612,0.007518725659065915
0.9978813559322034,0.001059322033898305,0.001059322033898305
0.0015723270440251573,0.9839449439040473,0.014482729051927525

0.033126293995859216,0.39496424660082774,0.5719094594033131
0.942167698201486,0.020535515236229325,0.037296786562284634
0.9752937765355099,0.016866684149672722,0.007839539314817493

Transition Gammas
1440.0,23.909879652877777,11.090120347122225
942.0,1.0,1.0
1.0,625.7889843229741,9.211015677025905

48.0,572.3031933245994,828.6968066754007
160.58895808355896,3.5002017175819966,6.3570976858318335
184.52425258714652,3.1911536413136465,1.4832301481845653

Iteration: ,7500
Error:,0.11986216349761929
Absolute Error:,1
Transition Probabilities
0.9766590389016019,0.018091651665393223,0.005249309433004947
0.9985744832501782,0.0007127583749109052,0.0007127583749109052
0.001050420168067227,0.9797803725720351,0.019169207259897722

0.0307057745187901,0.3935911255242337,0.5757030999569761
0.9515312328381269,0.017865822429841964,0.030602944732031016
0.9762597965862946,0.01476808316903957,0.008972120244665741

Transition Gammas
2134.0,39.53025888888419,11.469741111115809
1401.0,1.0,1.0
1.0,932.7509146885773,18.24908531142263

67.0,858.815835893878,1256.184164106122
249.19752029773443,4.678899119597948,8.01463754193773
293.0580974670758,4.4331502453422225,2.693291783951036

Iteration: ,10000
Error:,0.11982133575165749
Absolute Error:,1
Transition Probabilities
0.9782460910944936,0.01674521580883958,0.005008693096666881
0.9989264626945786,0.0005367686527106817,0.0005367686527106817
0.0008000000000000001,0.9813794231774309,0.01782057682256904

0.030615755073959416,0.3953611761092217,0.5740230688168189
0.9597434910871822,0.014615593427825747,0.02564091548499214
0.97990187180199,0.012054109750589194,0.008044018447420923

Transition Gammas
2878.0,49.26442490960604,14.735575090393963
1861.0,1.0,1.0
1.0,1226.7242789717884,22.275721028211294

89.0,1149.3149389495072,1668.6850610504919
323.27650906303245,4.923063365483043,8.636792772388322
400.72483419960116,4.929453928224286,3.2895517922764483

Iteration: ,12500
Error:,0.11316772644647242
Absolute Error:,1
Transition Probabilities
0.9786359901396877,0.016676843832387295,0.00468716602792495
0.9991496598639455,0.00042517006802721087,0.00042517006802721087
0.0006349206349206352,0.9788492918406072,0.02051578752447209

0.028594995875721757,0.3965262202432588,0.5748787838810195
0.9567341051369168,0.019349446404957414,0.023916448458125874
0.9823090038108729,0.010601327786316327,0.00708966840281067

Transition Gammas
3573.0,60.88715683204601,17.112843167953994
2350.0,1.0,1.0
1.0,1541.6876346489555,32.312365351043525

104.0,1442.1658630247318,2090.8341369752675
397.95605100270745,8.048452792746861,9.948109230456984
497.8170276563547,5.372567560024945,3.592919985120997

Iteration: ,15000
Error:,0.11520737466979701
Absolute Error:,1
Transition Probabilities
0.9795268425841674,0.01609356535389063,0.004379592061941946
0.9992874955468471,0.0003562522265764161,0.0003562522265764161
0.0005241090146750528,0.977802640212705,0.02167325077261991

0.026933701657458568,0.3903617963445025,0.582704501998039
0.9520089131279967,0.02479141127919175,0.023199675592811466
0.9830054038867044,0.010456355267763555,0.00653824084553206

Transition Gammas
4306.0,70.74731329570321,19.252686704296796
2805.0,1.0,1.0
1.0,1865.6474375258401,41.352562474158766

117.0,1695.7316433205185,2531.268356679481
472.5624938153515,12.306072955560396,11.515959990147827
602.0971899353282,6.4045854669701425,4.004714953397096

Iteration: ,17500
Error:,0.11916604794614066
Absolute Error:,1
Transition Probabilities
0.9787109375,0.017099272561717057,0.004189789938282944
0.9993911719939117,0.00030441400304414006,0.00030441400304414006
0.0004474272930648773,0.9752101897114052,0.024342382995529918

0.02704837117472855,0.39087995347362736,0.5820716753516441
0.9531548394138356,0.024227499482106514,0.02261766110405791
0.9834192599191438,0.009922760424173458,0.006657979656682766

Transition Gammas
5011.0,87.54827551599134,21.451724484008672
3283.0,1.0,1.0
1.0,2179.5947740049887,54.405225995009324

137.0,1979.8069643439212,2948.193035656075
559.0481821674084,14.210009731748178,13.265800898496213
694.4044189114234,7.0065830182255775,4.7012812165210205

Iteration: ,20000
Error:,0.11431371503099098
Absolute Error:,1
Transition Probabilities
0.979073756432247,0.016855819732050588,0.0040704238357024145
0.9994694960212201,0.0002652519893899204,0.0002652519893899204
0.00039231071008238546,0.9778539824771751,0.02175370681274255

0.02501293772641023,0.3927367146913699,0.5822503475822198
0.9536321113636639,0.024536942938315685,0.021830945698020486
0.9842075771663357,0.00968504742092927,0.006107375412735146

Transition Gammas
5708.0,98.26942903785492,23.730570962145077
3768.0,1.0,1.0
1.0,2492.549801334318,55.45019866568074

145.0,2276.6947350658697,3375.305264934126
640.4181612388186,16.47795170876488,14.660720770023653
795.5001052750608,7.828080601782546,4.936375106736281

Iteration: ,22355
Error:,0.1130515440417798
Absolute Error:,1
Transition Probabilities
0.9797452815712752,0.01630649517229629,0.003948223256428583
0.9995243757431629,0.00023781212841854935,0.00023781212841854935
0.0003507541213609262,0.9787834020898117,0.02086584378882728

0.02392344497607657,0.3916050568619472,0.5844714981619762
0.9585242972493132,0.021948097738542192,0.019527605012144657
0.9855613762048162,0.009011511510996337,0.005427112284187486


Model Num 2
Model States: 
"['diamond', 'x', 'square']","['diamond', 'x', 'diamond']","['square', 'y', 'diamond', 'x', 'diamond']","['square', 'y', 'diamond', 'x', 'square']"
Iteration: ,0
Error:,0.6757736579684461
Absolute Error:,0.74
Transition Probabilities
0.25,0.25,0.25,0.25
0.25,0.25,0.25,0.25
0.25,0.25,0.25,0.25
0.25,0.25,0.25,0.25

0.25,0.25,0.25,0.25
0.25,0.25,0.25,0.25
0.25,0.25,0.25,0.25
0.25,0.25,0.25,0.25

Transition Gammas
1.0,1.0,1.0,1.0
1.0,1.0,1.0,1.0
1.0,1.0,1.0,1.0
1.0,1.0,1.0,1.0

1.0,1.0,1.0,1.0
1.0,1.0,1.0,1.0
1.0,1.0,1.0,1.0
1.0,1.0,1.0,1.0

Iteration: ,2500
Error:,0.05466163379028096
Absolute Error:,0.06156006137515238
Transition Probabilities
0.0013755158184319115,0.0013755158184319115,0.027375404717802254,0.9698735636453338
0.9452162595805357,0.04655328774456727,0.004115226337448559,0.004115226337448559
0.0530051392640397,0.008473734351478166,0.9157477746488049,0.02277335173567724
0.021877561520780842,0.010117015127140354,0.903997011594892,0.06400841175718677

0.032316011734788624,0.02724615154087177,0.0877873494378397,0.8526504872864998
0.03845884458958658,0.01995272432903771,0.8934740686300183,0.048114362451357376
0.003958475659066672,0.9758171905552975,0.010112166892817952,0.010112166892817952
0.9762804690344247,0.001711652386110359,0.01100393928973249,0.01100393928973249

Transition Gammas
1.0,1.0,19.901919229842246,705.0980807701579
229.6875510780702,11.312448921929848,1.0,1.0
6.709978718661642,1.072699326055449,115.92551524006568,2.882903575402178
4.4372234086363855,2.0519405832791073,183.34935076635662,12.982233999380773

5.203523504497224,4.387174726681874,14.135517091224312,137.2937628605962
1.9274984185300672,1.0,44.779552601231636,2.411418193220628
1.106107834377325,272.6703742439524,2.825619755184797,2.825619755184797
636.5470998741654,1.1160188049739892,7.174706310573149,7.174706310573149

Iteration: ,5000
Error:,0.036208233891443765
Absolute Error:,0.04114898862202983
Transition Probabilities
0.0006925207756232687,0.0006925207756232687,0.024994622673793966,0.9736203357749594
0.9452098550967025,0.050649358153815084,0.0020703933747412005,0.0020703933747412005
0.028188206730483726,0.006765549299347236,0.9507506025013376,0.014295641468831517
0.021340647287431895,0.0052830346283218544,0.9405665552573017,0.03280976282694458

0.023886148274221097,0.024004811102003597,0.05506921982735725,0.8970398207964181
0.028059073256902586,0.009769214144784977,0.9333937407782115,0.028777971820101035
0.0019909247972725802,0.9809507573608055,0.007228886003024222,0.009829431838897574
0.9808943106110718,0.0008653597489517909,0.009406391085556092,0.00883393855442046

Transition Gammas
1.0,1.0,36.092235140958486,1405.9077648590414
456.5363600117074,24.46363998829269,1.0,1.0
8.62679190496146,2.0705462566765003,290.9701805339009,4.375075196471384
8.65077915342607,2.141564180971687,381.2739810109474,13.299972042522873

7.5002075413741185,7.537467455597108,17.291635851247452,281.6688882447949
2.872193488754788,1.0,95.54440377135941,2.945781655883074
1.1144033042636041,549.0788837530856,4.046307755547116,5.501941276389462
1270.2902396985744,1.1206692005754006,12.18158435369633,11.440239587878164

Iteration: ,7500
Error:,0.029450486157335927
Absolute Error:,0.032652174130951034
Transition Probabilities
0.00046360686138154864,0.00046360686138154864,0.022373457714474056,0.9766993285627628
0.9578326701168687,0.03941250894649216,0.0013774104683195586,0.0013774104683195586
0.022730012167279937,0.0045822762459641325,0.9540575870866598,0.01863012450009617
0.016303134727534405,0.0034474231495790924,0.957092539395077,0.023156902727809528

0.026783538131244542,0.016129350806866005,0.04185480903723714,0.9152323020246523
0.01997674419943766,0.006955222298793799,0.9491064858518682,0.023961547649900328
0.00132249902683765,0.9833370148738441,0.005709156958089302,0.009631329141228988
0.979842466063868,0.0005776792905509643,0.010221826271557176,0.009358028374023898

Transition Gammas
1.0,1.0,48.25954829012052,2106.7404517098785
695.386518504847,28.613481495153323,1.0,1.0
10.53486162021672,2.1237844397781998,442.18474604004547,8.634653696246092
10.127625143523819,2.141564180971687,594.5528040252274,14.385235369257556

12.923654805500963,7.782771680250696,20.195879323217714,441.62000853846837
2.872193488754788,1.0,136.45954724070657,3.4451160035612136
1.1163321715973504,830.0427621871754,4.819145765463269,8.129883166195242
1905.6799021987754,1.1235191901222032,19.880266026563742,18.20027934512976

Iteration: ,10000
Error:,0.027628119328725238
Absolute Error:,0.03079271100361636
Transition Probabilities
0.0003510003510003509,0.0003510003510003509,0.025415876295734777,0.9738821230022645
0.9602415572965658,0.03770505461308513,0.0010266940451745374,0.0010266940451745374
0.02153869518014127,0.006276080709877382,0.9540215472543822,0.01816367685559912
0.015151641609584847,0.0026412392426583007,0.9625309013419442,0.01967621780581275

0.021872415107890786,0.015096466933702311,0.03834520201439374,0.9246859159440132
0.01929606621023339,0.005058373580561925,0.952792652630523,0.02285290757868165
0.000980509147842187,0.9829795848438195,0.004867013180456398,0.011172892827881755
0.9790404724526629,0.00043975335537677605,0.011061427386814324,0.009458346805145968

Transition Gammas
1.0,1.0,72.4098315665484,2774.5901684334526
935.2752768068557,36.724723193144946,1.0,1.0
14.381378600215756,4.190536708903157,636.9998251555602,12.127880145367008
12.587297458297705,2.1942219109009087,799.6270688141244,16.346110392377806

13.906994924026971,9.598688027002462,24.38077949529126,587.9370099698472
3.814677959805774,1.0,188.3594869884401,4.517837050727077
1.1192373729677039,1122.0573419867328,5.555626949816034,12.753699692295758
2505.3919553448122,1.1253411374677704,28.30650210009101,24.204174049219166

Iteration: ,12500
Error:,0.02812469924355358
Absolute Error:,0.030617188247139833
Transition Probabilities
0.00028058361391694717,0.00028058361391694717,0.02457598523778792,0.9748628475343781
0.9669418497081758,0.03139702072371789,0.000830564784053156,0.000830564784053156
0.021947649161735982,0.006326456253342886,0.9515194338763714,0.020206460708549798
0.020475294747332097,0.002246317275828912,0.9605914148298093,0.016686973147029768

0.023515822707960432,0.016725030419019824,0.03393629425327523,0.9258228526197445
0.018787487352155977,0.007573490023421308,0.9517182402126092,0.02192078241181357
0.0007851037829374588,0.9825968126186875,0.004360080978620609,0.012258002619754581
0.9787373789653292,0.00035127913640319307,0.011600514262044066,0.009310827636223509

Transition Gammas
1.0,1.0,87.58881138747618,3474.411188612525
1164.1979870486439,37.802012951356346,1.0,1.0
18.244464296973177,5.259005390049138,790.9713797275077,16.797063241199027
21.30773954752773,2.3376436845047652,999.6452764838319,17.36539971908481

18.780367231509487,13.357058229607732,27.10243551620785,739.3869812446173
4.786646988222541,1.9295620820089587,242.47730219375862,5.5849430604645525
1.1211970257182582,1403.2343847158268,6.226577850421077,17.505502300719737
3139.24053464359,1.126706435936133,37.20794298529579,29.863912582568286

Iteration: ,15000
Error:,0.026835200176082697
Absolute Error:,0.028505313139208174
Transition Probabilities
0.0002344665885111371,0.0002344665885111371,0.02268635060015324,0.9768447162228245
0.9679320948901634,0.030669303711235184,0.0006993006993006994,0.0006993006993006994
0.020359104742656783,0.005384464759786005,0.9517906267915085,0.022465803706048667
0.019389454494918974,0.001873484173842118,0.9627058734642587,0.016031187866980122

0.02254902263194639,0.015662995065129807,0.030231693304459954,0.9315562889984639
0.01795901410764275,0.006605517092190363,0.9564859059669897,0.018949562833177197
0.0006566481229062473,0.983757771544502,0.0038353125184012846,0.011750267814190444
0.97952853274644,0.0002913507221450889,0.01114353039191653,0.009036586139498344

Transition Gammas
1.0,1.0,96.7572853096536,4166.242714690347
1384.1428956929335,43.85710430706631,1.0,1.0
20.139394581179367,5.3263570169949706,941.5191499781442,22.223358597466166
24.193231242026787,2.3376436845047652,1201.2182096655486,20.0029472336037

22.08111983070711,15.337980567322338,29.604371481503293,912.2260588484032
5.621619460217669,2.067691645414707,299.40395114003985,5.931685923687315
1.1221833415786384,1681.1996332065676,6.5543837982042445,20.080701276983284
3793.3991917971784,1.128307708215375,43.155311733431574,34.995793805071465

Iteration: ,17500
Error:,0.025890743627387424
Absolute Error:,0.027362525132829614
Transition Probabilities
0.00020202020202020183,0.00020202020202020183,0.022402822738100386,0.9771931368578591
0.9688279480121156,0.02997157179580763,0.0006002400960384155,0.0006002400960384155
0.02187169891229437,0.004579519362239265,0.9520156606389252,0.02153312108654101
0.017984630465112426,0.002158003824363635,0.9647322316239901,0.015125134086533853

0.021823102698244782,0.016728539009139738,0.02821578597871804,0.9332325723138974
0.01501480124101706,0.005522604171861047,0.9623724725916164,0.017090121995505504
0.0005608379495629813,0.9828580336736019,0.0038707726406426867,0.012710355736192338
0.9786270706346822,0.0002506435539642637,0.011827317560042173,0.0092949682513111

Transition Gammas
1.0,1.0,110.89397255359701,4837.106027446407
1614.067361388184,49.9326386118155,1.0,1.0
25.929640805662537,5.429175511313053,1128.646851839061,25.528245310884035
26.126651215166774,3.134977577077075,1401.486818456679,21.972600639644547

25.016617323129985,19.176533445006417,32.34478296056857,1069.7984818141708
5.621619460217669,2.067691645414707,360.31724516736676,6.398630314530889
1.1230717458673876,1968.162262695888,7.751179089734762,25.452345759348564
4408.300956786692,1.1290431788653639,53.27706220341927,41.869899847530846

Iteration: ,20000
Error:,0.02511739287731047
Absolute Error:,0.025753516360949413
Transition Probabilities
0.0001770224818551957,0.0001770224818551957,0.02160319258093056,0.978042762455359
0.9698761608081412,0.029066756739427456,0.0005285412262156452,0.0005285412262156452
0.01987056115311439,0.004007924787849277,0.9568197758195289,0.019301738239507288
0.016752863882010506,0.002424263165132466,0.9640987311969265,0.01672414175593051

0.021201372393116067,0.015433321401194426,0.02605216377620715,0.9373131424294824
0.013253238307482127,0.004874682521112853,0.9648429571607957,0.017029122010609177
0.0004931938666115543,0.9823524292549246,0.0035695073425303977,0.013584869535933315
0.9794122019276097,0.00021845694508409904,0.011444805543904323,0.008924535583402018

Transition Gammas
1.0,1.0,122.03643488967667,5524.963565110321
1835.0056962490019,54.99430375099671,1.0,1.0
26.91686339414264,5.429175511313053,1296.117759337251,26.146330114129015
27.801331815836907,4.023058095465784,1599.9192089189505,27.753667526123213

28.22625973790672,20.54701603327116,34.68431796992879,1247.8835673184285
5.621619460217669,2.067691645414707,409.2569542771279,7.223234160908164
1.1236649932746372,2238.1361783670613,8.13256351218424,30.950997912052532
5066.635480504444,1.1301081472614898,59.205570159422535,46.16786328054263

Iteration: ,22500
Error:,0.024746082257207803
Absolute Error:,0.02599477768277098
Transition Probabilities
0.00015762925598991184,0.00015762925598991184,0.022568706920054398,0.9771160345679658
0.9712460013789758,0.02781193550279521,0.00047103155911446096,0.00047103155911446096
0.019470174271450067,0.004828693822828581,0.9552593006439584,0.02044183126176288
0.01754788118164936,0.002646773877850071,0.9649245210837313,0.01488082385676921

0.02091007775598572,0.014741447811764053,0.025020535967740697,0.9393279384645095
0.013680508413009475,0.004310562567961521,0.9614328190026973,0.02057611001633174
0.0004380960085207774,0.9820384980656948,0.0032843489072579965,0.014239057018526572
0.9795423636496029,0.0001944279235255412,0.011494418187067257,0.00876879023980441

Transition Gammas
1.0,1.0,143.175876700825,6198.82412329917
2061.9552609275643,59.0447390724342,1.0,1.0
29.874126399227872,7.408922364802666,1465.7052727731061,31.36499152147089
32.76883650112977,4.942573952998359,1801.8958266249076,27.788385327940116

31.471542069617303,22.1872008506613,37.658150270996146,1413.7727787305932
6.562269426466614,2.067691645414707,461.1803160577933,9.869953191753043
1.1245136652392569,2520.716211486632,8.430332976772778,36.5490985674997
5697.476575911646,1.1308837484706993,66.85691278378948,51.00338570781787

Iteration: ,25000
Error:,0.023818327357452415
Absolute Error:,0.025435430367028434
Transition Probabilities
0.00014255167498218103,0.00014255167498218103,0.02356708323509904,0.9761478134149366
0.9700757114849373,0.029082537673311964,0.00042087542087542113,0.00042087542087542113
0.01779671168839345,0.0042728389226100345,0.9560866756440699,0.02184377374492664
0.017827079337899246,0.0028349409540691086,0.9642232417610581,0.015114737946973475

0.02129818710898198,0.013948541076071585,0.023346100535761347,0.9414071712791852
0.011884975738377228,0.003744811961100925,0.9654590773425732,0.01891113495794852
0.0003900574981532356,0.9823075630979459,0.0030070279834629858,0.014295351420437837
0.9799403902045094,0.0001766988738230325,0.011349735879979114,0.00853317504168846

Transition Gammas
1.0,1.0,165.32308889421978,6847.676911105781
2304.8998904882096,69.10010951178919,1.0,1.0
30.858746991459448,7.408922364802666,1657.8139457553502,37.87618179896614
37.275643882534446,5.927737652865871,2016.1486636084917,31.604256558809137

35.39458315402239,23.180508015450098,38.7979264388512,1564.4859459226902
6.562269426466614,2.067691645414707,533.0766107743772,10.441751458827474
1.125201983960213,2833.670482146998,8.674397669153905,41.23791455321796
6274.392715801207,1.1313730282860728,72.67044081808564,54.63647774846086

Iteration: ,27500
Error:,0.023135280109099893
Absolute Error:,0.02497424236169711
Transition Probabilities
0.00012929919834497026,0.00012929919834497026,0.02359316199601164,0.9761482396072984
0.9712254833788551,0.02800881983707146,0.00038284839203675335,0.00038284839203675335
0.016683962888736102,0.003916365700585602,0.9565521683035986,0.02284750310707965
0.0182066608530019,0.0030370184177925417,0.9649570409653072,0.013799279763898394

0.02228777780075457,0.014003321992596239,0.0230583219177256,0.9406505782889236
0.010962649900795702,0.0034541982564843658,0.9672819211715294,0.01830123067119049
0.00035565432035078323,0.9825331539211299,0.0030687383180053695,0.014042453440513837
0.9798781628350918,0.00016027306444359128,0.01143424963368204,0.008527314466782636

Transition Gammas
1.0,1.0,182.469514877154,7549.530485122846
2536.8409625855697,73.15903741443067,1.0,1.0
31.789848053983942,7.462296060937968,1822.6274110577267,43.5339407687936
41.73674874914663,6.962027560865935,2212.0568893800555,31.633316898416908

40.68517838915632,25.56233548282617,42.091766571070984,1717.1086737167775
6.562269426466614,2.067691645414707,579.0173576205414,10.95516208098093
1.1256180185905516,3109.640340725843,9.71231599739654,44.44326334141339
6920.260296950951,1.1319073805365603,80.75288006873625,60.22303382428027

Iteration: ,30000
Error:,0.023507486276632593
Absolute Error:,0.025156110722890278
Transition Probabilities
0.00011800802454566909,0.00011800802454566909,0.0230832675708823,0.9766807163800264
0.9712554376436073,0.028036597754622795,0.0003539823008849557,0.0003539823008849557
0.016309678018285326,0.003605204743979967,0.9564031591149504,0.02368195812278425
0.017564817300318874,0.00282327746422157,0.9665023882214,0.013109517014059487

0.022827109093046773,0.013428641611831165,0.02201843956064523,0.9417258097344768
0.011327980809665666,0.004840327423020477,0.9629059175670717,0.020925774200242178
0.000328319793652128,0.982458599326883,0.0031633356122073744,0.014049745267257456
0.9800808644692517,0.0001459749049347272,0.011470789701967526,0.008302370923846066

Transition Gammas
1.0,1.0,195.60760939565665,8276.392390604346
2743.796611343191,79.20338865680941,1.0,1.0
33.75887215122711,7.462296060937968,1979.6277975195578,49.01851499836283
43.63984846955015,7.01444248576889,2401.2784788074355,32.57063971807778

45.261116101061326,26.626030681115484,43.65770300813638,1867.234306193483
7.36408101995047,3.146594605439032,625.9647955532638,13.603403749085334
1.1260603439231476,3369.603933841633,10.849503612934209,48.18735054531491
7603.1323229591935,1.1324234135018558,88.98646541795934,64.40695560613203

Iteration: ,32500
Error:,0.02224116943411125
Absolute Error:,0.025282910921957114
Transition Probabilities
0.00010909884355225835,0.00010909884355225835,0.0233206180293122,0.9764611842835832
0.9705341655351583,0.02881287984518781,0.00032647730982696686,0.00032647730982696686
0.014983085314366033,0.0033119654596644164,0.9584167401233076,0.02328820910266184
0.01868750750727391,0.0026531692227843144,0.9655202331130506,0.013139090156891166

0.023626107854693247,0.013791813949826282,0.020487633401931233,0.9420944447935492
0.011732074661647848,0.005737482086209031,0.961268299433877,0.02126214381826598
0.0003028215553716147,0.9829249835691513,0.002929632498691691,0.013842562376785347
0.9803129033813495,0.0001350173480457934,0.011472033502443146,0.008080045768161674

Transition Gammas
1.0,1.0,213.75678485667564,8950.243215143324
2972.7461490341916,88.25385096581032,1.0,1.0
33.75887215122711,7.462296060937968,2159.439629326279,52.47141408011596
50.34631204071885,7.147945521099434,2601.22346005834,35.398232359906565

50.915582910056784,29.722129898046852,44.15199505235739,2030.2661829871113
8.33449523655422,4.075921650383346,682.8874085563422,15.104680244796393
1.1265215522857348,3656.563275067781,10.898478300208403,51.49549158471186
8226.432752632943,1.1330169482686907,96.26917264710175,67.80483345746707

Iteration: ,35000
Error:,0.02315246376365792
Absolute Error:,0.025061834796684637
Transition Probabilities
0.000101677681748856,0.000101677681748856,0.022970271150896292,0.9768263734856061
0.9704243631668512,0.028967734097586385,0.0003039513677811549,0.0003039513677811549
0.014027639625673086,0.0034589080459951293,0.9599210038326986,0.022592448495633004
0.020432373040036148,0.00247270697130278,0.9637018421314747,0.013393077857186346

0.02354529405198311,0.013727414225705852,0.019070765749746938,0.9436565259725642
0.010749377722489585,0.005256901605160416,0.9631882191791248,0.020805501493225183
0.0002807694610561633,0.9814947907747552,0.003062426735583067,0.01516201302860566
0.9802061038462976,0.00012560463681511046,0.01149357409766534,0.008174717419222011

Transition Gammas
1.0,1.0,225.91261676906532,9607.087383230948
3192.696154818942,95.30384518105924,1.0,1.0
34.27502073180227,8.451467827053774,2345.463184486356,55.202205163068584
59.46605081180279,7.196526713273533,2804.7423859836126,38.9789990042422

55.11222400830742,32.131615183553265,44.638742318934284,2208.8069799205086
8.33449523655422,4.075921650383346,746.8048692584526,16.131478264701478
1.1269530024121586,3939.5256775958514,12.291974317115084,60.85731703485183
8846.229749340146,1.1335651456248494,103.72797793244072,73.7757377174121

Iteration: ,37500
Error:,0.023302114080196917
Absolute Error:,0.02498458021333543
Transition Probabilities
9.525623928367288e-05,9.525623928367288e-05,0.02229616622672822,0.9775133212947044
0.9711964787590558,0.028235177961603526,0.0002841716396703608,0.0002841716396703608
0.014494563238960386,0.003284325892736423,0.9585602027890096,0.02366090807929363
0.02052680347263455,0.002928117644650797,0.9635217422268716,0.01302333665584304

0.0235177051622997,0.01385722776087539,0.01845971889387628,0.9441653481829486
0.010000256018879567,0.00489054932060641,0.9643764989948539,0.02073269566566003
0.00026200469201138616,0.9804526160302521,0.0031559895283590263,0.016129389749377485
0.9798305884172582,0.00011726808269655782,0.0118094479587064,0.00824269554133877

Transition Gammas
1.0,1.0,234.0651530481933,10261.934846951828
3417.6404087531187,99.35959124688284,1.0,1.0
37.993284089964064,8.608905603402624,2512.5869266626155,62.020192513755646
64.13242915633398,9.148394568951211,3010.3561889863704,40.6891514586486

59.76527107552097,35.21521201871245,46.91146929756601,2399.3964370607696
8.33449523655422,4.075921650383346,803.7385564872749,17.279212946163355
1.127301091139474,4218.494315412575,13.578956970699105,69.39829406985164
9475.990583417115,1.1341054877281975,114.20976133519251,79.71552047366627

Iteration: ,40000
Error:,0.022640528066014402
Absolute Error:,0.024817858259667626
Transition Probabilities
8.934155275618681e-05,8.934155275618681e-05,0.02208699492073873,0.9777343219737489
0.9719956716712347,0.027472978700709975,0.00026567481402763,0.00026567481402763
0.014074974774284908,0.0030948968488256844,0.9597737580574486,0.023056370319440866
0.02010829973258069,0.0030478352759383863,0.9635052089647613,0.013338656026719714

0.02313289464825422,0.01399206354728425,0.01841604041558546,0.9444590013888761
0.010309186305230242,0.004826541257583482,0.9635403512075323,0.02132392122965406
0.00024554742407837033,0.9813406918183231,0.0029782473960352283,0.015435513361563527
0.9789215595548305,0.0001100096074583709,0.012444307921902304,0.00852412291580885

Transition Gammas
1.0,1.0,247.2197341478289,10943.780265852183
3658.5917081705297,103.4082918294724,1.0,1.0
39.36088216291121,8.654926358770833,2684.0219893660883,64.47749213064311
67.04551125274146,10.162155776817839,3212.5391101593327,44.47402438938634

62.730748894366556,37.94305201510734,49.939794587089494,2561.141671114686
9.101700855533768,4.261222311127443,850.6836310134023,18.82631144233089
1.127591030682651,4506.465365261073,13.676563961230757,70.88221953786893
10094.904225696277,1.134448864016969,128.3290733568126,87.90306394138973

Iteration: ,42500
Error:,0.02254807392395365
Absolute Error:,0.024521359720643704
Transition Probabilities
8.402655239055529e-05,8.402655239055529e-05,0.021792612110340913,0.9780393347848779
0.9721767937026529,0.027323955174032074,0.00024962556165751353,0.00024962556165751353
0.013652383234172106,0.0029290313580685773,0.9600896922664691,0.023328893141290295
0.02024267366034357,0.0028716461119216853,0.9643630996747482,0.012522580552986608

0.02371622415559637,0.013951039554993718,0.01788541215860489,0.944447324130805
0.011502594501086719,0.004666757734209513,0.963538931906712,0.02029171585799171
0.00023061859023676916,0.982132100954632,0.0028040009905765154,0.014833279464554597
0.9794355661654446,0.00010367736960888963,0.012195214427686485,0.008265542037260053

Transition Gammas
1.0,1.0,259.3538767251676,11639.64612327485
3894.5402355728306,109.45976442717257,1.0,1.0
40.34110839680217,8.654926358770833,2836.9466108620236,68.9340015474065
71.92826489239262,10.203816238966457,3426.6700955488704,44.496468513253575

68.17433845875537,40.10347035993888,51.41316484341547,2714.8955545929844
10.870835761681036,4.410444692573787,910.6183372589418,19.177230875528668
1.1279139708136705,4803.431140195625,13.713863605703265,72.54689712515277
10719.816784152175,1.1347376440712054,133.47530845757095,90.46546737937089

Iteration: ,45000
Error:,0.023346059879453727
Absolute Error:,0.02444169646239167
Transition Probabilities
7.927699381639435e-05,7.927699381639435e-05,0.022157490137692946,0.9776839558746742
0.9732120181326821,0.02631594976913521,0.000236016049091338,0.000236016049091338
0.01356572443718906,0.0027755489777452676,0.9601146957025735,0.023544030882492246
0.020833321175636573,0.002718877375342854,0.9643714446056376,0.012076356843382915

0.023078076508500994,0.013195863051959833,0.01754827219044682,0.9461777882490924
0.012659669176516914,0.004564056429731016,0.9630329971822474,0.01974327721150456
0.00021764144536909978,0.9806536842297049,0.0032604315137272992,0.015868242811198755
0.9795188817141902,9.787721206420913e-05,0.012230205188133577,0.008153035885611856

Transition Gammas
1.0,1.0,279.4945805968593,12332.505419403162
4123.499320828178,111.50067917182598,1.0,1.0
42.30166606630309,8.654926358770833,2993.902126717248,73.41677452297449
78.45242040902355,10.238526497658267,3631.551271389983,45.47615889464711

70.13644758048741,40.10347035993888,53.330851562088945,2875.523392207716
12.601030721010188,4.542916128499337,958.5723144606538,19.651828117047078
1.1281841328810418,5083.397257002258,16.90104149921576,82.2559311988461
11359.61311626732,1.1350952826988885,141.8353457634528,94.55186123774837

Iteration: ,45226
Error:,0.02343560204949364
Absolute Error:,0.02438108562067886
Transition Probabilities
7.886435331230272e-05,7.886435331230272e-05,0.02204320621134349,0.977799065082032
0.9733180389003767,0.02621181535444233,0.0002350728725905029,0.0002350728725905029
0.013507151109390814,0.0030789214007131316,0.9597363935616917,0.023677533928204306
0.02074752082039467,0.0027076798978644965,0.9645177242536388,0.012027075028102097

0.02293485681987643,0.013438416627593886,0.017440652156073818,0.9461860743964559
0.012596417057874827,0.004541252813399712,0.9632176972099865,0.019644632918738823
0.0002168093171726096,0.9807280281859404,0.0032479016187278516,0.015807260878159236
0.979471805546389,9.730121177452227e-05,0.012299335580703402,0.00813155766113315

*,*,*,*,*,*,*,*,*,*,*
Model Num 2
Model States: 
"['diamond', 'x', 'square']","['diamond', 'x', 'diamond']","['square', 'y', 'diamond', 'x', 'diamond']","['square', 'y', 'diamond', 'x', 'square']"
Iteration: ,45226
Error:,0.023553485115268284
Absolute Error:,0.02438108562067886
Transition Probabilities
7.886435331230272e-05,7.886435331230272e-05,0.02204320621134349,0.977799065082032
0.9733180389003767,0.02621181535444233,0.0002350728725905029,0.0002350728725905029
0.013507151109390814,0.0030789214007131316,0.9597363935616917,0.023677533928204306
0.02074752082039467,0.0027076798978644965,0.9645177242536388,0.012027075028102097

0.02293485681987643,0.013438416627593886,0.017440652156073818,0.9461860743964559
0.012596417057874827,0.004541252813399712,0.9632176972099865,0.019644632918738823
0.0002168093171726096,0.9807280281859404,0.0032479016187278516,0.015807260878159236
0.979471805546389,9.730121177452227e-05,0.012299335580703402,0.00813155766113315

Transition Gammas
1.0,1.0,279.5078547598359,12398.492145240183
4140.494937482205,111.50506251779774,1.0,1.0
42.30166606630309,9.642559254912724,3005.7003215058985,74.15324855647027
78.45242040902355,10.238526497658267,3647.1224996057963,45.47787441996579

70.13644758048741,41.09564802467632,53.33477314991917,2893.5053106929204
12.601030721010188,4.542916128499337,963.5704929264612,19.651828117047078
1.128206361246297,5103.395068446346,16.90104149921576,82.2559311988461
11426.606336894261,1.1351247036968328,143.48515709204702,94.86348435286787

