0,1,2,3,4,5,6,7,8,9,10,11,12,13,14,15,16,17,18,19,20,21,22,23,24,25,26,27,28,29
github Code Version (SHA):,fc00fd6618d9504abd3a63db09d32914905ce424
Environment Observations,Environment Actions,alpha,epsilon,numActions,explore,patience,gainThresh,insertRandActions,useBudd,revisedSplitting,haveControl,confidence_factor
"['diamond', 'square']","['x', 'y']",0.99,0.99,75000,0.5,0,0.01,False,True,False,False,250

Model Num 0
Model States: 
['diamond'],['square']
Iteration: ,0
Error:,0.6747001438464533
Absolute Error:,1
Transition Probabilities
0.5,0.5
0.5,0.5

0.5,0.5
0.5,0.5

Transition Gammas
1.0,1.0
1.0,1.0

1.0,1.0
1.0,1.0

Iteration: ,2500
Error:,0.14591921107607472
Absolute Error:,1
Transition Probabilities
0.5070140280561122,0.49298597194388777
0.018741633199464525,0.9812583668005355

0.029013539651837523,0.9709864603481625
0.9878869448183042,0.012113055181695828

Transition Gammas
253.0,246.0
14.0,733.0

15.0,502.0
734.0,9.0

Iteration: ,2506
Error:,0.1421737186651648
Absolute Error:,1
Transition Probabilities
0.508,0.492
0.01871657754010695,0.9812834224598931

0.028901734104046242,0.9710982658959537
0.9879194630872483,0.012080536912751677


Model Num 1
Model States: 
['square'],"['diamond', 'x', 'diamond']","['diamond', 'x', 'square']"
Iteration: ,0
Error:,0.7247257229240861
Absolute Error:,1
Transition Probabilities
0.3333333333333333,0.3333333333333333,0.3333333333333333
0.3333333333333333,0.3333333333333333,0.3333333333333333
0.3333333333333333,0.3333333333333333,0.3333333333333333

0.3333333333333333,0.3333333333333333,0.3333333333333333
0.3333333333333333,0.3333333333333333,0.3333333333333333
0.3333333333333333,0.3333333333333333,0.3333333333333333

Transition Gammas
1.0,1.0,1.0
1.0,1.0,1.0
1.0,1.0,1.0

1.0,1.0,1.0
1.0,1.0,1.0
1.0,1.0,1.0

Iteration: ,2500
Error:,0.12061174730048345
Absolute Error:,1
Transition Probabilities
0.9708609271523179,0.003069068467658756,0.026070004380023357
0.003225806451612903,0.01746785553486145,0.9793063380135256
0.9957537154989384,0.0021231422505307855,0.0021231422505307855

0.023709902370990237,0.5931701449950689,0.38311995263394083
0.975893458011111,0.012981363778899064,0.011125178209989975
0.9311163905231725,0.032721765519141605,0.03616184395768584

Transition Gammas
733.0,2.3171466930823605,19.682853306917636
1.0,5.415035215807051,303.584964784193
469.0,1.0,1.0

17.0,425.3029939614644,274.69700603853556
110.09174671377168,1.4644436863615233,1.2550450990171955
74.07155000892088,2.6030600639190027,2.8767228891991663

Iteration: ,5000
Error:,0.11177707838204269
Absolute Error:,1
Transition Probabilities
0.9754266211604096,0.0030300620712704904,0.021543316768319953
0.001574803149606299,0.01643995085318489,0.9819852459972088
0.9979035639412998,0.0010482180293501049,0.0010482180293501049

0.023496890117484456,0.5951869138667282,0.38131619601578737
0.9823468499752219,0.00669804455845114,0.01095510546632694
0.9405339181697956,0.041208398382685876,0.018257683447518658

Transition Gammas
1429.0,4.439040934411269,31.56095906558873
1.0,10.439368791772406,623.5606312082277
952.0,1.0,1.0

34.0,861.2354643651555,551.7645356348443
214.7778548962065,1.4644436863615233,2.3951968210400985
148.19270244467643,6.492890688759392,2.8767228891991663

Iteration: ,7500
Error:,0.11683463054214424
Absolute Error:,1
Transition Probabilities
0.9762331838565023,0.0029030258147520627,0.020863790328745694
0.001060445387062566,0.016401439671169506,0.982538114941768
0.9985805535841022,0.0007097232079489,0.0007097232079489

0.02956120092378753,0.588807727823521,0.3816310712526915
0.9852050197182608,0.005749306514867835,0.009045673766871432
0.9537496548435241,0.03450329170167265,0.011747053454803312

Transition Gammas
2177.0,6.4737475668971,46.5262524331029
1.0,15.466557609912849,926.5334423900875
1407.0,1.0,1.0

64.0,1274.7687307379229,826.2312692620771
314.64864858262575,1.8361777386272082,2.888950999335485
233.56269495243473,8.449472829318905,2.8767228891991663

Iteration: ,10000
Error:,0.11783816929230209
Absolute Error:,1
Transition Probabilities
0.9752662315355548,0.0025958803540166897,0.02213788811042852
0.0008019246190858056,0.015625044740286132,0.983573030640628
0.9989577905158937,0.0005211047420531526,0.0005211047420531526

0.026739801165581067,0.5822516981799073,0.3910085006545117
0.9874000047582794,0.004670001247434345,0.007929993994286347
0.9512027838927258,0.03604093038587662,0.012756285721397654

Transition Gammas
2839.0,7.556607710542584,64.44339228945742
1.0,19.484430791136813,1226.5155692088636
1917.0,1.0,1.0

78.0,1698.42820359079,1140.571796409211
425.58775931211096,2.012857360039101,3.4179748421340332
297.2175163601263,11.26152698245943,3.9858919930595325

Iteration: ,12500
Error:,0.11239301209439181
Absolute Error:,1
Transition Probabilities
0.977924944812362,0.0026468198292699152,0.019428235358368053
0.0006418485237483955,0.015088730581243132,0.9842694208950085
0.9991680532445923,0.00041597337770382697,0.00041597337770382697

0.026524473612250465,0.5776460155145134,0.3958295108732362
0.9867896709978734,0.004304279464268482,0.008906049537857957
0.9544461662893711,0.033146628568755505,0.012407205141873384

Transition Gammas
3544.0,9.592075061274173,70.40792493872583
1.0,23.508242245576792,1533.4917577544227
2402.0,1.0,1.0

97.0,2112.4514787365765,1447.5485212634255
521.8702371192546,2.2763466325846577,4.710023139396822
380.7762052311798,13.223844244340059,4.949853284878704

Iteration: ,15000
Error:,0.11424900583595426
Absolute Error:,1
Transition Probabilities
0.9799585348997927,0.002687269664209139,0.017354195435998185
0.0005364806866952792,0.015303502102090952,0.9841600172112138
0.9993050729673384,0.00034746351633078526,0.00034746351633078526

0.026615104640582348,0.5763902708658175,0.3969946244936001
0.985423364477093,0.004301871867711312,0.01027476365519575
0.9514244234495238,0.029866150574820862,0.018709425975655284

Transition Gammas
4254.0,11.665437612331873,75.33456238766811
1.0,28.52572791829752,1834.4742720817017
2876.0,1.0,1.0

117.0,2533.811630726134,1745.188369273866
629.4094520371491,2.747690903824866,6.5626953806394175
452.39233812048633,14.201041466031413,8.896135892046393

Iteration: ,17500
Error:,0.11877304333866288
Absolute Error:,1
Transition Probabilities
0.9804763764154627,0.0022852964645910124,0.017238327119946276
0.0004627487274409997,0.015985931213591698,0.9835513200589673
0.9993992189846801,0.00030039050765995795,0.00030039050765995795

0.026057993730407496,0.5765516869112723,0.3973903193583202
0.985114809788177,0.004048177263738428,0.010837012948084654
0.9532425399833517,0.027250264212923626,0.019507195803724734

Transition Gammas
5022.0,11.705288491635166,88.29471150836483
1.0,34.54559735257165,2125.4544026474273
3327.0,1.0,1.0

133.0,2942.7198099951374,2028.2801900048685
734.1861319710847,3.0170245917188896,8.076606441624449
531.0122348589907,15.180002038573804,10.866656915824075

Iteration: ,20000
Error:,0.1139287139188223
Absolute Error:,1
Transition Probabilities
0.9807497467071935,0.0023231884430117227,0.01692706484979476
0.00040306328093510705,0.017963023066282068,0.9816339136527829
0.999468085106383,0.00026595744680851064,0.00026595744680851064

0.026234035208836694,0.5819312761998159,0.39183468859134735
0.9864585175508657,0.0038155813332551108,0.009725901115879228
0.9527292393681218,0.028048120351585427,0.019222640280292885

Transition Gammas
5808.0,13.757921959515421,100.24207804048457
1.0,44.56626022744579,2435.433739772553
3758.0,1.0,1.0

152.0,3371.7098143017374,2270.2901856982694
843.1217919035594,3.261160721522119,8.312685258226374
601.6651359721718,17.712877329442378,12.139432695124597

Iteration: ,22500
Error:,0.11465159365702478
Absolute Error:,1
Transition Probabilities
0.980743192417632,0.002386223744263762,0.016870583838104223
0.00035752592062924567,0.018803119497340412,0.9808393545820303
0.999527074958619,0.00023646252069047056,0.00023646252069047056

0.027437155119558524,0.581773212542763,0.3907896323376783
0.9864383489526827,0.0034710349392800366,0.010090616108037373
0.9473559594207329,0.031355196877218064,0.021288843702049014

Transition Gammas
6519.0,15.861229228121225,112.13877077187877
1.0,52.59232523406112,2743.4076747659383
4227.0,1.0,1.0

179.0,3795.4884386289905,2549.5115613710163
948.7061410089308,3.338264541365159,9.70464041510808
674.1493570042763,22.312717414522915,15.149385139115418

Iteration: ,23951
Error:,0.11289298160290377
Absolute Error:,1
Transition Probabilities
0.9809241203899958,0.0023852627364934643,0.016690616873510773
0.00033704078193461427,0.017730304173577516,0.9819326550444878
0.9995572282488377,0.00022138587558113792,0.00022138587558113792

0.02733812949640285,0.5800210749074779,0.39264079559611914
0.9868145078562278,0.003271540461251093,0.00991395168252109
0.9487803613488089,0.02972053717501734,0.021499101476173708


Model Num 2
Model States: 
"['diamond', 'x', 'diamond']","['diamond', 'x', 'square']","['square', 'y', 'diamond', 'x', 'diamond']","['square', 'y', 'diamond', 'x', 'square']"
Iteration: ,0
Error:,0.6757120824232111
Absolute Error:,0.74
Transition Probabilities
0.25,0.25,0.25,0.25
0.25,0.25,0.25,0.25
0.25,0.25,0.25,0.25
0.25,0.25,0.25,0.25

0.25,0.25,0.25,0.25
0.25,0.25,0.25,0.25
0.25,0.25,0.25,0.25
0.25,0.25,0.25,0.25

Transition Gammas
1.0,1.0,1.0,1.0
1.0,1.0,1.0,1.0
1.0,1.0,1.0,1.0
1.0,1.0,1.0,1.0

1.0,1.0,1.0,1.0
1.0,1.0,1.0,1.0
1.0,1.0,1.0,1.0
1.0,1.0,1.0,1.0

Iteration: ,2500
Error:,0.02895315100381523
Absolute Error:,0.03203817920683849
Transition Probabilities
0.03484789251364232,0.9566414691884854,0.004255319148936169,0.004255319148936169
0.0014204545454545464,0.0014204545454545464,0.01610302107441925,0.9810560698346716
0.0065622306365340265,0.01635821106714801,0.9593319612576554,0.01774759703866254
0.00568391448321454,0.016953874658582814,0.953221554192478,0.02414065666572462

0.015723708878744518,0.015723708878744518,0.9333908630540666,0.035161719188444344
0.015208085138914047,0.015208085138914047,0.034052971939510644,0.9355308577826612
0.9792778630858254,0.004010548174501495,0.01069267367410107,0.006018915065572008
0.0016491911435217652,0.9707538277150175,0.00481514953850656,0.022781831602954338

Transition Gammas
8.189254740705946,224.8107452592941,1.0,1.0
1.0,1.0,11.336526836391144,690.6634731636084
1.0,2.492782100049432,146.189918397069,2.7045067480341243
1.2148812619183467,3.6237252865873444,203.74180647246283,5.1598298180247415

1.0,1.0,59.36200359928023,2.2362229840045145
2.583700751501458,2.583700751501458,5.785257538165928,158.93728620186195
285.85976637945805,1.17071406128179,3.1212848913163143,1.7569739083864304
1.0846567180906503,638.4551996773511,3.166876269053471,14.983385519392462

Iteration: ,5000
Error:,0.026509314126251116
Absolute Error:,0.026598332200421328
Transition Probabilities
0.021961330890742852,0.9737468236156949,0.0021459227467811154,0.0021459227467811154
0.0007082152974504257,0.0007082152974504257,0.01800361750658096,0.9805799518985181
0.0035533780005785796,0.023639910693190647,0.9530949491068784,0.019711762199352348
0.005449231581426953,0.01629135143760286,0.9556920008241144,0.022567416156855757

0.021874455777582794,0.018527153710577005,0.9395801320568542,0.020018258454986
0.017260320649462806,0.012066577781687801,0.018018986040557478,0.9526541155282919
0.9875957658329052,0.0020798030977538322,0.00676895283254179,0.0035554782367990586
0.0008326948933307519,0.9762733306296719,0.0027088321574857944,0.020185142319511507

Transition Gammas
10.23398019508617,453.76601980491387,1.0,1.0
1.0,1.0,25.42110791929229,1384.578892080706
1.181010644186196,7.857026793018733,316.7733012451942,6.551456380185752
2.3740576129235293,7.0976258445462825,416.36473625011104,9.831908468306866

2.473802228600483,2.0952527735944324,106.25797726190697,2.2638831741539724
5.842014045565003,4.084113981087408,6.098795710324927,322.44005407018903
557.8142652740139,1.1747152803047365,3.8232428505547054,2.0082067471048415
1.089363977492871,1277.1988961297932,3.54380001255418,26.4069914437539

Iteration: ,7500
Error:,0.02315723503645724
Absolute Error:,0.024274142957679233
Transition Probabilities
0.02308488915387473,0.9740782314135011,0.0014184397163120566,0.0014184397163120566
0.0004789272030651345,0.0004789272030651345,0.017492282347723223,0.9815498632461465
0.0023129818824254456,0.02187830558515985,0.9576140914714335,0.018194621060981204
0.003920433167612569,0.016103860736673498,0.9596328715142103,0.02034283458150364

0.01394698301759179,0.01730715856393039,0.9485347651647091,0.020211093253768575
0.015043553136298377,0.013692361000310349,0.013287588261516374,0.957976497601875
0.9854895880170563,0.0013577973117646443,0.00863092095009621,0.004521693721082734
0.0005685190457465625,0.9776356376613613,0.0019279448362485168,0.019867898456643638

Transition Gammas
16.274846853481687,686.7251531465184,1.0,1.0
1.0,1.0,36.52388554204606,2049.476114457952
1.2105498777818293,11.450491831962049,501.1883708216928,9.522554616191396
2.6118515930538866,10.72863444449749,639.3218649707534,13.552702631910474

2.473802228600483,3.069802793348899,168.24336940898195,3.5848790717361916
7.588130740793009,6.906574828375672,6.7024030855401024,483.2136958967582
855.3054474563436,1.1784309559582884,7.490767832500534,3.9243735483324778
1.091017558884463,1876.133534768572,3.699826214521294,38.12752842056003

Iteration: ,10000
Error:,0.021609788273739765
Absolute Error:,0.022136034543912532
Transition Probabilities
0.02167631750655979,0.9761892107751905,0.001067235859124866,0.001067235859124866
0.0003625815808556928,0.0003625815808556928,0.016538384423673346,0.9827364524146153
0.0030199367583305286,0.02050798629434698,0.957923319031274,0.018548757916048455
0.0030432811585669964,0.015201271207123068,0.9611952695686367,0.020560178065673233

0.010719256137869022,0.013301791895170513,0.9584253811690662,0.01755357079789422
0.013682773661911453,0.012855712369203185,0.010505963264987267,0.9629555507038982
0.9834923147065696,0.0010232687421660492,0.011358747929878546,0.004125668621385753
0.00042810060487997694,0.9778068940386295,0.0018131090969150322,0.01995189625957542

Transition Gammas
20.310709503646535,914.6892904963539,1.0,1.0
1.0,1.0,45.61286424049105,2710.3871357595067
2.1926450159205015,14.889958808185185,695.5065483785415,13.467448112596609
2.71377659135992,13.555387035034599,857.1239679706479,18.3340700519069

2.473802228600483,3.069802793348899,221.1865089693292,4.051033206149298
9.406001015370446,8.83745113278028,7.222154190344915,661.9681879918016
1134.2627493653397,1.1801369461388866,13.100056262397796,4.758138079461756
1.092375840446914,2495.0504986315027,4.626474597296556,50.910858794917644

Iteration: ,12500
Error:,0.02360333449594221
Absolute Error:,0.024402746398496315
Transition Probabilities
0.023388997919563486,0.9749001380941235,0.0008554319931565437,0.0008554319931565437
0.00028860028860028876,0.00028860028860028876,0.01809835286625695,0.9813244465565425
0.002471246658498366,0.02444049740793994,0.9527817197754352,0.020306536158126345
0.0034032361165976686,0.014693148189633458,0.9569881915694011,0.02491542412436774

0.012192739706606706,0.014566041752214223,0.9538211422240889,0.01942007631709023
0.01603549565523134,0.012996542056012942,0.009992585279091653,0.9609753770096641
0.985277239346564,0.0008282814049046144,0.01047379873966918,0.003420680508862327
0.00034142987355318815,0.9779694884008164,0.0014779300015907199,0.02021115172403974

Transition Gammas
27.341738567969724,1139.6582614320307,1.0,1.0
1.0,1.0,62.710792681580294,3400.289207318418
2.2369081671493505,22.122902249763236,862.4332189370906,18.380948102617918
3.7949170019146745,16.384193152086162,1067.1286488487972,27.782958155135297

3.4344723845498897,4.102988282696891,268.67401844012267,5.470281283931386
13.696396011247495,11.100734932251019,8.53496568495231,820.7977853362049
1405.227041551657,1.1813156558435023,14.937993722978742,4.878660096471849
1.0934310247561796,3131.9525990914753,4.733078858448217,64.72632318647047

Iteration: ,15000
Error:,0.023001973342708367
Absolute Error:,0.023665775976348134
Transition Probabilities
0.02218749934147061,0.9763980735015281,0.000707213578500707,0.000707213578500707
0.0002403268445085316,0.0002403268445085316,0.018700216396176885,0.980819129914806
0.002061155167363338,0.02279829678503362,0.956395498118136,0.018745049929467045
0.002841764786556089,0.014948422303207783,0.9559705160046843,0.026239296905551983

0.010041459540810815,0.014838582114353478,0.9564739083577124,0.018646049987123388
0.014092901352801552,0.014298449069754065,0.009183929124714838,0.9624247204527295
0.9856138587244871,0.0006827522177918498,0.010658200576709022,0.003045188481012055
0.00028698083519802754,0.9778406390747184,0.0012578590398066869,0.02061452105027684

Transition Gammas
31.373124068839456,1380.626875931161,1.0,1.0
1.0,1.0,77.81160042449201,4081.188399575508
2.2369081671493505,24.74228873354234,1037.9465528071057,20.343424864264794
3.843360637337686,20.217077128355637,1292.9076569072624,35.487483466367664

3.4344723845498897,5.075228385923254,327.1420067417623,6.377493580633511
14.155112272330873,14.361567347687355,9.224470150401295,966.6731945843684
1707.175300877833,1.182590638835191,18.460999320673878,5.2745509971108
1.0940813521690984,3727.904714844583,4.795442588213927,78.59048514317043

Iteration: ,17500
Error:,0.023021407151641568
Absolute Error:,0.022593386690452383
Transition Probabilities
0.021970025244491615,0.9768229741520081,0.0006035003017501507,0.0006035003017501507
0.00020716801325875253,0.00020716801325875253,0.018005105109707268,0.9815805588637753
0.001762300268898882,0.020908520727604234,0.9605194550322025,0.016809723971294335
0.0025118770251413916,0.01576914865697826,0.9579519157821718,0.023767058535708672

0.00838932196976568,0.012397166211363919,0.9625973549103513,0.01661615690851917
0.014789433953205373,0.014670100616415646,0.009553666771025945,0.960986798659353
0.9834858215236056,0.0005788824631563329,0.013083708985224457,0.002851587028013632
0.00024756640729954767,0.9777779419444749,0.001289869119244293,0.020684622528981227

Transition Gammas
36.40433183012262,1618.595668169878,1.0,1.0
1.0,1.0,86.91064236455712,4738.08935763545
2.2369081671493505,26.539427817151974,1219.198482566117,21.336777564250628
3.9609443278842154,24.866153598783434,1510.581198532053,37.47794766832119

3.4344723845498897,5.075228385923254,394.0740437421441,6.8024248259065105
17.42877167450552,17.28814198667259,11.258624051019444,1132.485499380308
2011.1183772232264,1.1837498156327058,26.754719800293525,5.831176160125181
1.0947663815741924,4323.8435745865,5.703945716151875,91.46971758927397

Iteration: ,20000
Error:,0.022205868740703075
Absolute Error:,0.022235423624423604
Transition Probabilities
0.021754954714717598,0.9771951765188782,0.0005249343832020993,0.0005249343832020993
0.0001820830298616168,0.0001820830298616168,0.018573348365040685,0.981062485575236
0.0015318343894763762,0.020618161651299653,0.9619338270397133,0.01591617691951068
0.002184460510019638,0.015319720291254314,0.9596551266851333,0.022840692513592654

0.007884391117427348,0.014541399811246584,0.9620942181159223,0.015479990955403797
0.013407212883446602,0.014204107744167943,0.008559263074494823,0.9638294162978908
0.9819476852719321,0.0005034774708225846,0.014879370703888867,0.0026694665533563374
0.0002180617745546695,0.9780633993434602,0.0011472739654212263,0.02057126491656406

Transition Gammas
41.443188731537056,1861.5568112684646,1.0,1.0
1.0,1.0,102.0048292208035,5387.995170779199
2.243128701719816,30.19203021844832,1408.5996445905241,23.306718738707026
3.9609443278842154,27.778281600462982,1740.0820538222113,41.415585698021594

3.6716070425630685,6.771646048568849,448.0284976015054,7.208729623400359
18.17160883935864,19.251688779985404,11.600888409471013,1306.3364692640137
2310.086813682445,1.1844588910165292,35.004551234751055,6.280069271477582
1.0953165525146018,4912.7777341874835,5.762716400713731,103.32873340726938

Iteration: ,22500
Error:,0.02033465306042597
Absolute Error:,0.02109726405568541
Transition Probabilities
0.021810830035327144,0.977250643451299,0.0004692632566870011,0.0004692632566870011
0.00016121231662098959,0.00016121231662098959,0.01758745775734144,0.9820901176094166
0.001388328270617495,0.01922899631558517,0.9643503644055753,0.015032311008222079
0.001952698055964024,0.013694359725631287,0.9620031089787784,0.02234983323962635

0.007121753753177485,0.013134846704052287,0.9620394920557177,0.017703907487052466
0.012443239722917573,0.013228808276648402,0.008166693269685103,0.966161258730749
0.9827117537434994,0.00045084944225679495,0.014422908758896413,0.002414488055347289
0.00019223155550026505,0.9791492251847113,0.0011397102018016027,0.019518833057986764

Transition Gammas
46.47887880528217,2082.5211211947194,1.0,1.0
1.0,1.0,109.09500046878912,6091.904999531221
2.243128701719816,31.068382351365006,1558.1055480127816,24.287777602284297
3.9609443278842154,27.778281600462982,1951.3722289416132,45.33545006063501

3.6716070425630685,6.771646048568849,495.97768986039546,9.12721692762057
19.089014352707075,20.294144988387465,12.528419327327935,1482.1755865534708
2583.0537601234537,1.1850558850392499,37.91055572467382,6.346471817783767
1.0958313538766802,5581.718455584079,6.4970091420063065,111.26866866557215

Iteration: ,25000
Error:,0.02107791842597729
Absolute Error:,0.020961427048703386
Transition Probabilities
0.020114898413715915,0.9790383615354797,0.00042337002540220145,0.00042337002540220145
0.00014496955639315705,0.00014496955639315705,0.017857687169981106,0.9818523737172326
0.0018112049144705105,0.020007892015963907,0.9634613116478958,0.014719591421669767
0.001760112471371922,0.013637102713918277,0.9618628449565374,0.0227399398581723

0.006778979658708026,0.013087625350776724,0.9642204525810877,0.015912942409427706
0.012433748206228305,0.014480602418780918,0.008056675794117198,0.9650289735808736
0.9821176667002761,0.00040591190749575417,0.01495765886492008,0.002518762527308049
0.0001727874692848436,0.9792236669003082,0.001030806870493354,0.019572738759913624

Transition Gammas
47.511390053197,2312.4886099468035,1.0,1.0
1.0,1.0,123.18232609853,6772.817673901488
3.2301258060834686,35.682328272055194,1718.2491175089874,26.251105949566206
3.9609443278842154,30.68883694765616,2164.569163562344,51.17379557423924

3.894218066781726,7.5182504828431105,553.9011615086259,9.141267704919
21.259580755709063,24.75935103456415,13.775536292572081,1650.0343303690752
2868.952365413632,1.1857458292875813,43.69416439248194,7.3577840574992415
1.0962471320399299,6212.667740942763,6.539936490432276,124.17890498963507

Iteration: ,27500
Error:,0.021363960575741338
Absolute Error:,0.021061665538354576
Transition Probabilities
0.02092061289920833,0.9783122217766643,0.0003835826620636747,0.0003835826620636747
0.0001319261213720313,0.0001319261213720313,0.01903453184436222,0.9807016159128937
0.002046667826217061,0.019890224912750314,0.962812226893456,0.015250880367576644
0.0016076239776377978,0.013157431606837662,0.9633212352438979,0.021913709171626734

0.006232715624613735,0.013591660429819751,0.9648832565343953,0.01529236741117118
0.0116777641093381,0.015332804476287773,0.007793525985910213,0.9651959054284639
0.9816080804292535,0.0003687219744819226,0.015679110827558178,0.0023440867687063195
0.0001574471368635638,0.9793948275940716,0.001055073962622294,0.019392651306442476

Transition Gammas
54.540037828236116,2550.459962171764,1.0,1.0
1.0,1.0,144.281751380266,7433.718248619754
4.045537067992529,39.3159266708998,1903.1386058446851,30.145586428936912
3.9767823310966897,32.54756228105596,2382.969475932566,54.20798187556699

3.894218066781726,8.492107259690123,602.861743778707,9.55471371439918
22.013811204978307,28.903945980030322,14.691614599213226,1819.4956019816902
3157.9234996437385,1.1862125131878665,50.441141961884135,7.5411427836500495
1.0966401542688917,6821.614646150298,7.348729841545714,135.0723839380367

Iteration: ,30000
Error:,0.02171827542135667
Absolute Error:,0.0207773560126377
Transition Probabilities
0.02134446855285839,0.9779508098121874,0.00035236081747709667,0.00035236081747709667
0.00012068549360366855,0.00012068549360366855,0.01887325227729804,0.9808853767354947
0.0018790451404096453,0.02092904758985288,0.9622786269006832,0.014913280369054224
0.0018418767130954446,0.0128252612508902,0.9640512259571662,0.021281636078848122

0.0057712833734803685,0.014041067266048542,0.9660089847860861,0.014178664574384952
0.010854760141700618,0.01576912161005446,0.00750532151042429,0.9658707967378206
0.9805945485958533,0.00033914958210582883,0.01660289793370356,0.0024634038883373237
0.00014403764404509654,0.980494868004339,0.0013656421124463006,0.017995452239169638

Transition Gammas
60.57560175301209,2775.424398246987,1.0,1.0
1.0,1.0,156.38376836969192,8127.616231630329
4.045537067992529,45.05971463999584,2071.7617534270516,32.10791866619091
4.952691469805354,34.486326660028475,2592.2735486617953,57.224990533745434

3.894218066781726,9.474318671579907,651.8220294836899,9.567163518971459
22.357215465833157,32.479174568631116,15.458479778312194,1989.3743604582523
3430.894954990098,1.1866133580898113,58.09006264671371,8.618934282983485
1.0970065046904134,7467.556520707651,10.400880202981554,137.0553391933711

Iteration: ,32500
Error:,0.022135381622284206
Absolute Error:,0.020772747451740837
Transition Probabilities
0.020000354142099202,0.9793502952085501,0.00032467532467532484,0.00032467532467532484
0.00011128421989761828,0.00011128421989761828,0.019640577382136603,0.9801368541780681
0.001744869552827124,0.022256428947893418,0.9613769550343899,0.014621746464889515
0.0020485445038064313,0.013131496373330656,0.963530497645119,0.02128946147774395

0.005358515183732259,0.013036835530665359,0.9684261175637865,0.013178531721815892
0.011158823897360831,0.01693550498613355,0.007152288604009444,0.9647533825124961
0.9808053619240943,0.0003128798464586331,0.016581003685609753,0.0023007545438373522
0.00013314756654733554,0.9800830082601983,0.001276766290081379,0.01850707788317282

Transition Gammas
61.60109075766551,3016.398909242333,1.0,1.0
1.0,1.0,176.4902283558799,8807.50977164414
4.066873199915064,51.87440761250386,2240.739525261623,34.07979051366001
5.977035828973255,38.31375113676614,2811.2917713197435,62.11623608644104

3.894218066781726,9.474318671579907,703.7887090082778,9.57729418786616
24.832272814404377,37.68740182061994,15.916335224550307,2146.912561173744
3720.870673166781,1.1869688830299758,62.90317400429379,8.728347581140316
1.0973540892736646,8077.489696814033,10.522646006973565,152.52864263490588

Iteration: ,35000
Error:,0.02333122565164927
Absolute Error:,0.021036092093870005
Transition Probabilities
0.020177119535380372,0.9792171869455403,0.00030284675953967324,0.00030284675953967324
0.00010314595152140242,0.00010314595152140242,0.019040074693123306,0.9807536334038338
0.0016376260286856835,0.024261168123588823,0.9600698040842549,0.01403140176347062
0.0019232087462465657,0.012834991225037366,0.964459853535943,0.02078194649277304

0.006255711004516475,0.01218838144474948,0.9683820955140151,0.01317381203671901
0.011533048702962323,0.017735310475474355,0.006902901265355442,0.9638287395562078
0.9801487888126547,0.0002919877347521192,0.01737445477042254,0.002184768682170739
0.00012315158656214575,0.9800225640692908,0.0011892024600934617,0.01866508188405362

Transition Gammas
66.62484870582593,3233.375151294171,1.0,1.0
1.0,1.0,184.5935241498311,9508.406475850203
4.092153718386411,60.62460391462011,2399.053965847754,35.062127674315654
6.020435417761064,40.17880841519463,3019.1565385549775,65.05605122651909

4.862712891187869,9.474318671579907,752.7464257942485,10.240317298991165
27.710198317323854,42.61223403734299,16.58544656789437,2315.7697678133227
3985.815037655003,1.187380035836852,70.65392916405833,8.88445097987903
1.097708150630796,8735.403143491649,10.599922174255113,166.37067445312724

Iteration: ,37500
Error:,0.023247738033236563
Absolute Error:,0.02158671555926553
Transition Probabilities
0.01910513995508851,0.9803300478449679,0.00028240609997175973,0.00028240609997175973
9.646922631680459e-05,9.646922631680459e-05,0.019167696172107385,0.980639365375259
0.00221397234002941,0.024957378260250095,0.9587555071299387,0.014073142269781734
0.0018229780733266707,0.013616805027061508,0.9631739696780084,0.021386247221603483

0.006084115424684224,0.012287609045120516,0.9679383812559934,0.013689894274201963
0.01220069870040523,0.018031675379184032,0.006779571393824928,0.9629880545265859
0.978796534252805,0.0002718868117590473,0.018858166310386795,0.0020734126250492074
0.00011532476132444717,0.9795576125014609,0.0012048110301240806,0.01912225170709063

Transition Gammas
67.65130058096832,3471.3486994190275,1.0,1.0
1.0,1.0,198.69233852006587,10165.307661479972
5.9758275153356175,67.36352799974924,2587.818030242661,37.98542072204808
6.133486297140699,45.814312451882216,3240.6392765888486,71.95492705054754

5.0644403903234405,10.228251636406425,805.7155216826886,11.395519095551093
31.394526512668307,46.398646885757394,17.445020084046096,2477.936284764875
4275.789824439064,1.1877145274180687,82.38030356235946,9.057527579842352
1.0980014912197877,9326.32079104331,11.470947717746173,182.06203636351893

Iteration: ,40000
Error:,0.023823586916573845
Absolute Error:,0.02204734731494802
Transition Probabilities
0.020269891537008432,0.9792014275219395,0.00026434047052603784,0.00026434047052603784
9.046499004885084e-05,9.046499004885084e-05,0.020246036226537752,0.9795730337933645
0.002426760279202765,0.024127514496336346,0.9588596792661328,0.014586045958328079
0.001716554297661223,0.014401530668178357,0.9613473719853879,0.02253454304877259

0.006781772981603755,0.011495988820525375,0.9684864547521715,0.013235783445699294
0.011782099402664049,0.017629440000509113,0.006970536874723456,0.9636179237221034
0.9785042051031855,0.0002547235685029979,0.019117615575233227,0.0021234557530782814
0.00010807697776234171,0.9788872993039162,0.001137977568190523,0.019866646150131093

Transition Gammas
76.68099968450281,3704.3190003154928,1.0,1.0
1.0,1.0,223.79968444814895,10828.200315551881
6.966841773213159,69.26624657467345,2752.7332326189385,41.87421195218779
6.148410060057657,51.58387134103468,3443.385310431636,80.71495982891426

6.033902927339088,10.228251636406425,861.6851773524644,11.77618783395859
32.32598899024586,48.369060885006625,19.124732406982073,2643.8329306575865
4563.763406845433,1.1880358763225547,89.16494577474725,9.903840587922808
1.0982579742740508,9947.269109802148,11.563914579092822,201.88113146947046

Iteration: ,42500
Error:,0.023457400568023305
Absolute Error:,0.021811842742647258
Transition Probabilities
0.01975727183924601,0.9797469423402285,0.00024789291026276685,0.00024789291026276685
8.518613169775948e-05,8.518613169775948e-05,0.02086455574090004,0.9789650719957045
0.0022840345373381543,0.024503287051631933,0.9582654897396532,0.014947188671376664
0.0016159247926060222,0.013777277433340515,0.9621637495962776,0.02244304817777582

0.006421064371557063,0.010884540728733986,0.970154407335197,0.012539987564511954
0.011455524147393356,0.016991845597207584,0.006941051016008466,0.9646115792393906
0.9778667785008813,0.0002390619931673624,0.019692910559956523,0.0022012489459949003
0.00010200295381856209,0.9788775607688889,0.0010785805690876412,0.019941855708204878

Transition Gammas
79.70083459951829,3952.2991654004763,1.0,1.0
1.0,1.0,244.92901984242596,11492.070980157592
6.9936730490991,75.02862827418181,2934.1918521443768,45.76802533495566
6.161839633920603,52.53547351010618,3668.9199607010887,85.57976485080462

6.033902927339088,10.228251636406425,911.6584384858382,11.783882436916947
33.27279358810241,49.35314735165922,20.16041821994581,2801.7331687113465
4860.723792363148,1.1883155697545844,97.88838418910852,10.941841322306535
1.0985400769933327,10542.206776549401,11.615977156079506,214.76758157463067

Iteration: ,45000
Error:,0.023867223422300892
Absolute Error:,0.02192478495269439
Transition Probabilities
0.019662090173866695,0.9798682057397077,0.0002348520432127762,0.0002348520432127762
8.028259473346173e-05,8.028259473346173e-05,0.020797975732228025,0.9790414590783051
0.002175170015959665,0.02390076827093799,0.9588421680337672,0.015081893679335242
0.0017712142593743019,0.013524981863211544,0.9612773942459021,0.023426409631512088

0.006068258589664566,0.011255624458669686,0.9701228074994467,0.012553309452219084
0.011262090451852497,0.017270166812345163,0.006988212360864932,0.9644795303749374
0.9773871506975768,0.00022625284049120138,0.020115004017955844,0.0022715924439762726
9.60366504426061e-05,0.9787257843856579,0.0010200181703408587,0.02015816079355851

Transition Gammas
83.7211799603243,4172.278820039671,1.0,1.0
1.0,1.0,259.05958572063247,12194.940414279377
7.00180183675546,76.9357990186747,3086.4818860310693,48.548127314604464
7.132198088325728,54.46142344377576,3870.8026187714377,94.33178008019716

6.033902927339088,11.191900339558632,964.6304226420408,12.48223844325743
34.559172309273045,52.99572696821583,21.44422797396354,2959.629424172446
5134.693371830136,1.1886169770072803,105.67396730314977,11.933787606333533
1.0988086099563732,11198.144809433676,11.670593910939271,230.64070371846688

Iteration: ,45220
Error:,0.0232443691091805
Absolute Error:,0.02195905899772592
Transition Probabilities
0.019580089483902722,0.9799521836685763,0.00023386342376052416,0.00023386342376052416
7.988496564946472e-05,7.988496564946472e-05,0.02085555234438906,0.978984677724312
0.0021646727539231555,0.024070378777767798,0.958755083631071,0.015009864837238136
0.0017631128268163544,0.01346311937095102,0.9612092257654681,0.02356454203676457

0.006031880283358696,0.011188148666698868,0.9703005880766832,0.012479382973259172
0.011207411767528262,0.017503405414247063,0.006954560936541865,0.9643346218816828
0.9773061407929642,0.00022518700167168824,0.02020469989706268,0.0022639723083014243
9.554561071655595e-05,0.9786627324169227,0.0010156201135966111,0.020226101858764185


Model Num 3
Model States: 
"['diamond', 'x', 'diamond']","['diamond', 'x', 'square']","['square', 'y', 'diamond', 'x', 'diamond']","['square', 'x', 'square', 'y', 'diamond', 'x', 'diamond']","['square', 'x', 'square', 'y', 'diamond', 'x', 'square']"
Iteration: ,0
Error:,0.6473600266861386
Absolute Error:,1
Transition Probabilities
0.2,0.2,0.2,0.2,0.2
0.2,0.2,0.2,0.2,0.2
0.2,0.2,0.2,0.2,0.2
0.2,0.2,0.2,0.2,0.2
0.2,0.2,0.2,0.2,0.2

0.2,0.2,0.2,0.2,0.2
0.2,0.2,0.2,0.2,0.2
0.2,0.2,0.2,0.2,0.2
0.2,0.2,0.2,0.2,0.2
0.2,0.2,0.2,0.2,0.2

Transition Gammas
1.0,1.0,1.0,1.0,1.0
1.0,1.0,1.0,1.0,1.0
1.0,1.0,1.0,1.0,1.0
1.0,1.0,1.0,1.0,1.0
1.0,1.0,1.0,1.0,1.0

1.0,1.0,1.0,1.0,1.0
1.0,1.0,1.0,1.0,1.0
1.0,1.0,1.0,1.0,1.0
1.0,1.0,1.0,1.0,1.0
1.0,1.0,1.0,1.0,1.0

Iteration: ,2500
Error:,0.31756185822958627
Absolute Error:,1
Transition Probabilities
0.01781726745934151,0.9746639355481773,0.0025062656641604013,0.0025062656641604013,0.0025062656641604013
0.001988071570576541,0.001988071570576541,0.4314115308151094,0.5563014474454622,0.008310878598275345
0.2,0.2,0.2,0.2,0.2
0.007617321098499928,0.0077123723644747415,0.7631239862826313,0.2095741154152043,0.011972204839189938
0.08333333333333333,0.08333333333333333,0.6666666666666666,0.08333333333333333,0.08333333333333333

0.025803738372617714,0.01802818146943486,0.4155562912017624,0.5086434921665294,0.03196829678965553
0.02964815996941267,0.03660686563328656,0.3409465202944949,0.5661551914049773,0.02664326269782854
0.6489524459698159,0.32438088736351733,0.007999999999999998,0.010055014499939601,0.008611652166727064
0.2,0.2,0.2,0.2,0.2
0.2,0.2,0.2,0.2,0.2

Transition Gammas
7.1090897162772615,388.8909102837227,1.0,1.0,1.0
1.0,1.0,217.0,279.81962806506743,4.180371934932498
1.0,1.0,1.0,1.0,1.0
4.079011698636511,4.12991085607886,408.6465080446695,112.22518487219378,6.4110154956111005
1.0,1.0,8.0,1.0,1.0

2.3637963988886823,1.6515029652131226,38.06775787653485,46.595173061330065,2.928511510184187
3.2968677656953975,4.070674046350133,37.91316539524188,62.95631171883325,2.9627239616909558
486.71433447736206,243.28566552263806,6.0,7.541260874954702,6.458739125045298
1.0,1.0,1.0,1.0,1.0
1.0,1.0,1.0,1.0,1.0

Iteration: ,5000
Error:,0.309242296010454
Absolute Error:,1
Transition Probabilities
0.01945137189328125,0.9766975369642283,0.0012836970474967909,0.0012836970474967909,0.0012836970474967909
0.0009784735812133076,0.0009784735812133076,0.43052837573385533,0.5535823480493238,0.013932329054394248
0.2,0.2,0.2,0.2,0.2
0.006532552344197672,0.007139413073036683,0.7330914963894373,0.2447988885990749,0.008437649594253444
0.03333333333333333,0.03333333333333333,0.8666666666666667,0.03333333333333333,0.03333333333333333

0.01825718787069051,0.023548243912173118,0.48520625035762815,0.4478306500033243,0.025157667856183934
0.01722719377636733,0.03761665572112361,0.3653011735999067,0.5550637863389314,0.024791190563671087
0.6444122845899656,0.3316991951711492,0.007962840079628402,0.008554367438085053,0.007371312721171751
0.2,0.2,0.2,0.2,0.2
0.2,0.2,0.2,0.2,0.2

Transition Gammas
15.152618704866091,760.8473812951338,1.0,1.0,1.0
1.0,1.0,440.0,565.7611597064088,14.238840293590917
1.0,1.0,1.0,1.0,1.0
7.096325404268759,7.755559495326357,796.3588403700276,265.925549551143,9.165836569407958
1.0,1.0,26.0,1.0,1.0

3.424696782011556,4.417196981223395,91.0153467215658,84.00440400871672,4.719093913050154
3.439143100860631,7.509584188820315,72.92673590552306,110.80990996594286,4.9491782060368354
971.129312877078,499.87068712292177,12.0,12.891431729194172,11.108568270805828
1.0,1.0,1.0,1.0,1.0
1.0,1.0,1.0,1.0,1.0

Iteration: ,7500
Error:,0.30836661077888367
Absolute Error:,1
Transition Probabilities
0.0227453978620984,0.9746504354712349,0.0008680555555555557,0.0008680555555555557,0.0008680555555555557
0.0006675567423230976,0.0006675567423230976,0.4292389853137517,0.5545384772034665,0.014887423998135581
0.2,0.2,0.2,0.2,0.2
0.005536083187083942,0.00806915236833749,0.707877996154926,0.27170678231507267,0.006809985974579948
0.024390243902439025,0.024390243902439025,0.9024390243902439,0.024390243902439025,0.024390243902439025

0.014841579175082107,0.020076437592491576,0.4593366023985698,0.4867971972953478,0.0189481835385085
0.013403224105763148,0.037612164805621955,0.4095843726463456,0.5202331360488586,0.019167102393410834
0.6445885650000486,0.3314007635904361,0.008003557136505114,0.009074102314343318,0.006933011958666907
0.2,0.2,0.2,0.2,0.2
0.2,0.2,0.2,0.2,0.2

Transition Gammas
26.202698337137353,1122.7973016628623,1.0,1.0,1.0
1.0,1.0,643.0,830.6986388507927,22.301361149207096
1.0,1.0,1.0,1.0,1.0
9.299042971614005,13.55387772942681,1189.0334163081752,456.3900069857319,11.43883682265691
1.0,1.0,37.0,1.0,1.0

4.212929530867113,5.698896041333855,130.38725286740888,138.18221523705003,5.378629931759329
4.1700504649009185,11.70200722572216,127.43109345128686,161.85646182731531,5.963325213079055
1449.6796826851091,745.3203173148908,18.0,20.40765610495812,15.592343895041875
1.0,1.0,1.0,1.0,1.0
1.0,1.0,1.0,1.0,1.0

Iteration: ,10000
Error:,0.30676203225847315
Absolute Error:,1
Transition Probabilities
0.02231428032844122,0.9757313222774219,0.0006514657980456027,0.0006514657980456027,0.0006514657980456027
0.0005055611729019213,0.0005055611729019213,0.4226491405460062,0.5609760695023502,0.015363667605839702
0.2,0.2,0.2,0.2,0.2
0.004737632617808727,0.007825583045351804,0.7019224929712506,0.27939304447533464,0.00612124689025416
0.017857142857142856,0.017857142857142856,0.9285714285714286,0.017857142857142856,0.017857142857142856

0.013090910096363585,0.016843275912226847,0.45174763705015725,0.5012347889737531,0.01708338796749929
0.01303412238779279,0.037969273404268374,0.4096413529937699,0.519926049886937,0.019429201327231957
0.6497192977146927,0.32687715832007813,0.008024072216649948,0.008696544892380939,0.006682926856198127
0.2,0.2,0.2,0.2,0.2
0.2,0.2,0.2,0.2,0.2

Transition Gammas
34.25242030415727,1497.7475796958424,1.0,1.0,1.0
1.0,1.0,836.0,1109.6106654756484,30.38933452435092
1.0,1.0,1.0,1.0,1.0
10.769650988033026,17.78922195433731,1595.6197704175029,635.1200737205039,13.91490179542692
1.0,1.0,52.0,1.0,1.0

