0,1,2,3,4,5,6,7,8,9,10,11,12,13,14,15,16,17,18,19,20,21,22,23,24,25,26,27,28,29
github Code Version (SHA):,528ca1c557fe8e6666681dc5c9134b0f84d30530
Environment Observations,Environment Actions,alpha,epsilon,numActions,explore,patience,gainThresh,insertRandActions,useUpdatedPosterior,revisedSplitting,haveControl,confidence_factor
"['diamond', 'square']","['x', 'y']",0.85,0.99,75000,0.5,0,0.01,False,True,False,False,250

Model Num 0
Model States: 
['diamond'],['square']
Iteration: ,0
Error:,0.5060112645864235
Absolute Error:,1
Transition Probabilities
0.5,0.5
0.5,0.5

0.5,0.5
0.5,0.5

Transition Gammas
1.0,1.0
1.0,1.0

1.0,1.0
1.0,1.0

Iteration: ,2402
Error:,0.08126840450609389
Absolute Error:,1
Transition Probabilities
0.468,0.532
0.1150070126227209,0.884992987377279

0.1272365805168986,0.8727634194831014
0.9002890173410405,0.09971098265895954


Model Num 1
Model States: 
['square'],"['diamond', 'x', 'square']","['diamond', 'x', 'diamond']"
Iteration: ,0
Error:,0.5674027617887913
Absolute Error:,1
Transition Probabilities
0.3333333333333333,0.3333333333333333,0.3333333333333333
0.3333333333333333,0.3333333333333333,0.3333333333333333
0.3333333333333333,0.3333333333333333,0.3333333333333333

0.3333333333333333,0.3333333333333333,0.3333333333333333
0.3333333333333333,0.3333333333333333,0.3333333333333333
0.3333333333333333,0.3333333333333333,0.3333333333333333

Transition Gammas
1.0,1.0,1.0
1.0,1.0,1.0
1.0,1.0,1.0

1.0,1.0,1.0
1.0,1.0,1.0
1.0,1.0,1.0

Iteration: ,2500
Error:,0.06822472115150673
Absolute Error:,1
Transition Probabilities
0.9051490514905149,0.056440104570184245,0.03841084393930086
0.9954853273137697,0.002257336343115124,0.002257336343115124
0.0030120481927710845,0.8423815030821484,0.15460644872508045

0.13110181311018132,0.33045437985708487,0.5384438070327339
0.9243070020948557,0.05705641371634743,0.018636584188796674
0.8459036007694365,0.09154346830329835,0.0625529309272652

Transition Gammas
668.0,41.65279717279597,28.347202827204033
441.0,1.0,1.0
1.0,279.6706590232733,51.32934097672671

94.0,236.93579035752984,386.0642096424702
78.09298422765131,4.820590568218813,1.5745704314848818
93.84728695238933,10.156129056150252,6.939824884424528

Iteration: ,5000
Error:,0.07011153364603197
Absolute Error:,1
Transition Probabilities
0.8891242937853105,0.06828602327451322,0.04258968294017603
0.9977973568281938,0.0011013215859030838,0.0011013215859030838
0.001477104874446085,0.8433412689721659,0.15518162615338799

0.12699514226231778,0.3477537396801476,0.5252511180575347
0.9198185785792885,0.04838098958983133,0.03180043183088012
0.8524098004716951,0.08255873464466897,0.06503146488363586

Transition Gammas
1259.0,96.69300895671074,60.30699104328927
906.0,1.0,1.0
1.0,570.9420390941566,105.05796090584373

183.0,501.11313887909296,756.8868611209077
166.6937806963485,8.767826891490076,5.763021462181707
179.23853624475623,17.359850559837714,13.674343689085973

Iteration: ,7500
Error:,0.06700108471936846
Absolute Error:,1
Transition Probabilities
0.8944099378881988,0.06204510872063108,0.04354495339117016
0.9985294117647059,0.0007352941176470588,0.0007352941176470588
0.0009842519685039366,0.8405009894712712,0.15851475856022484

0.12442607897153342,0.35633939647452456,0.5192345245539421
0.902859059606241,0.06124374572742424,0.03589719466633461
0.8655475380506191,0.07880032216166298,0.05565213978771794

Transition Gammas
1872.0,129.86041255228085,91.13958744771915
1358.0,1.0,1.0
1.0,853.9490053028119,161.05099469718851

271.0,776.1072055215151,1130.8927944784868
247.5741910270313,16.79372947815902,9.843417790517147
271.32609253649923,24.701801533506224,17.44546309253493

Iteration: ,10000
Error:,0.06718128345165933
Absolute Error:,1
Transition Probabilities
0.8903818953323904,0.0622200289681469,0.04739807569946273
0.9988956377691883,0.0005521811154058532,0.0005521811154058532
0.0007352941176470586,0.8365197676879773,0.16274493819437563

0.12630480167014602,0.3620663562137904,0.5116288421160636
0.9034873069771601,0.05721324823159007,0.0392994447912499
0.8674411995963127,0.07663830190483402,0.05592049849885314

Transition Gammas
2518.0,175.95824192191944,134.0417580780806
1809.0,1.0,1.0
1.0,1137.6668840556495,221.33311594435094

363.0,1040.5787077584346,1470.4212922415684
333.8531256828347,21.14121759661547,14.521778424376308
348.8062940867858,30.816984580591555,22.48616027685566

Iteration: ,12500
Error:,0.06577084255466241
Absolute Error:,1
Transition Probabilities
0.889076102218478,0.06387466819849914,0.04704922958302291
0.999128160418483,0.00043591979075850045,0.00043591979075850045
0.0005865102639296189,0.8397721580217603,0.15964133171431014

0.12433492019042276,0.36428784377652557,0.5113772360330517
0.9044293913019477,0.057433036919054735,0.03813757177899765
0.8709024096772723,0.0763475772703026,0.052750013052425035

Transition Gammas
3166.0,227.45769345485544,167.54230654514458
2292.0,1.0,1.0
1.0,1431.811529427101,272.1884705728987

444.0,1300.8718901259738,1826.1281098740292
406.593612172072,25.819490347737162,17.145056560769618
421.14542577019034,36.919673867866656,25.508514455229193

Iteration: ,15000
Error:,0.06661357732946337
Absolute Error:,1
Transition Probabilities
0.8862946532804109,0.065518023341035,0.048187323378554074
0.9992777175875768,0.00036114120621162876,0.00036114120621162876
0.0004928536224741254,0.8427341720104037,0.15677297436712218

0.1202531645569619,0.37051591636066356,0.5092309190823746
0.8986946630389306,0.06052573616511215,0.04077960079595723
0.8668053334387406,0.08111433502467663,0.05208033153658283

Transition Gammas
3796.0,280.6136939696529,206.3863060303471
2767.0,1.0,1.0
1.0,1709.9076350091084,318.09236499089076

513.0,1580.6208991945923,2172.3791008054122
488.06437264401944,32.870402668635,22.146643457134047
499.9539015476994,46.78493163644142,30.03876873059461

Iteration: ,17500
Error:,0.06725416055225367
Absolute Error:,1
Transition Probabilities
0.8885108086469176,0.06597495124475314,0.04551424010832933
0.9993786890338614,0.00031065548306927616,0.00031065548306927616
0.0004269854824935952,0.8453467079849688,0.1542263065325375

0.11979166666666653,0.3729635472849602,0.5072447860483732
0.8956322373180277,0.06379034875832139,0.040577413923650864
0.8677422310624641,0.07999049075032152,0.05226727818721431

Transition Gammas
4439.0,329.6108564187867,227.38914358121332
3217.0,1.0,1.0
1.0,1979.801990100797,361.1980098992028

598.0,1861.8340280465231,2532.165971953482
573.7590213716768,40.865308942130156,25.994662019250597
587.1857668383659,54.128145398081585,35.36833949563114

Iteration: ,20000
Error:,0.06725744937648101
Absolute Error:,1
Transition Probabilities
0.8885383806519453,0.0646585076712827,0.04680311167677196
0.9994560783247213,0.0002719608376393799,0.0002719608376393799
0.0003710575139146565,0.8460001725859703,0.153628769900115

0.11759535946563537,0.3736311645977468,0.5087734759366178
0.890907338982948,0.06600356455030333,0.043089096466748605
0.8697415422690439,0.07751175980018732,0.05274669793076879

Transition Gammas
5070.0,368.9414447723391,267.0585552276608
3675.0,1.0,1.0
1.0,2279.970465119192,414.02953488081033

669.0,2125.5876953965826,2894.41230460342
654.6252890104167,48.498424728193875,31.661218842291877
668.1107169560927,59.54232941147945,40.518513212159675

Iteration: ,20405
Error:,0.06928398967549984
Absolute Error:,1
Transition Probabilities
0.8878600823045267,0.06490492339345363,0.0472349943020196
0.9994662396583934,0.0002668801708033093,0.0002668801708033093
0.0003633720930232556,0.8443238187844371,0.15531280912253967

0.1194827586206896,0.3732054935295492,0.5073117478497612
0.8924862446497788,0.0646256666850535,0.04288808866516783
0.8684869376215678,0.07769191315583639,0.05382114922259569


Model Num 2
Model States: 
"['diamond', 'x', 'square']","['diamond', 'x', 'diamond']","['square', 'y', 'diamond', 'x', 'diamond']","['square', 'y', 'diamond', 'x', 'square']"
Iteration: ,0
Error:,0.5083820272488009
Absolute Error:,0.6
Transition Probabilities
0.25,0.25,0.25,0.25
0.25,0.25,0.25,0.25
0.25,0.25,0.25,0.25
0.25,0.25,0.25,0.25

0.25,0.25,0.25,0.25
0.25,0.25,0.25,0.25
0.25,0.25,0.25,0.25
0.25,0.25,0.25,0.25

Transition Gammas
1.0,1.0,1.0,1.0
1.0,1.0,1.0,1.0
1.0,1.0,1.0,1.0
1.0,1.0,1.0,1.0

1.0,1.0,1.0,1.0
1.0,1.0,1.0,1.0
1.0,1.0,1.0,1.0
1.0,1.0,1.0,1.0

Iteration: ,2500
Error:,0.036283420928157645
Absolute Error:,0.13537729521254127
Transition Probabilities
0.0016420361247947463,0.0016420361247947463,0.17174015137282708,0.8249757763775835
0.8010473319424304,0.19323838234328394,0.0028571428571428563,0.0028571428571428563
0.05643166656065593,0.05470520615569221,0.7025555497706624,0.1863075775129895
0.08803316566428662,0.043103513828990685,0.8237117686804858,0.04515155182623692

0.039122730149989196,0.08263424446931393,0.13349822078058204,0.7447448046001148
0.04005164133055668,0.04044207548044049,0.48070657746851464,0.4387997057204881
0.004534665005363909,0.8887676004000651,0.07779705299243934,0.028900681602131675
0.9102806147094965,0.0026167088535035553,0.03631790341878978,0.05078477301821015

Transition Gammas
1.0,1.0,104.58975218605164,502.41024781394805
280.36656617985074,67.6334338201494,1.0,1.0
8.615048692358705,8.35148141957216,107.25450158122611,28.44234363173736
15.682650104537418,7.678666563394776,146.73996280524875,8.043513869171491

5.701671559855698,12.042956096226845,19.45577432346428,108.53767759712281
1.4484873418966095,1.4626075852914637,17.384990215079096,15.869407551075014
1.5090333310229893,295.76163420022885,25.889089024676807,9.617489224741464
457.3758028050854,1.314780621753998,18.24814234637709,25.517105334480526

Iteration: ,5000
Error:,0.03131247894010484
Absolute Error:,0.11352188791858088
Transition Probabilities
0.0008130081300813017,0.0008130081300813017,0.15116321943186994,0.8472107643079675
0.8004355950583342,0.19667840205566295,0.0014430014430014426,0.0014430014430014426
0.05151102297175968,0.04788402184524437,0.7459651496071927,0.15463980557580312
0.08337802242433978,0.032779665369050755,0.8419865747701832,0.041855737436426226

0.06686095815065661,0.0700078549756233,0.12407232420500103,0.7390588626687191
0.04221020645539108,0.051518722082018534,0.585609666274372,0.3206614051882184
0.002355546430459804,0.9104042940539008,0.0631619097326666,0.024078249782972978
0.9003929378111143,0.0012887326252637203,0.03459410487360976,0.06372422469001214

Transition Gammas
1.0,1.0,185.93075990119982,1042.069240098799
554.7018673754258,136.29813262457446,1.0,1.0
15.160565209476587,14.093077438489656,219.55015921188306,45.51311003274094
29.60154990812212,11.63770586276509,298.9289850049563,14.859967466725836

20.351041231737202,21.308889111999612,37.764953650886994,224.95366209023135
3.099811003044355,3.783404891454365,43.005695528281024,23.54856409206573
1.5327300782065878,592.3908044353279,41.09881155063036,15.667471969860495
945.4165269716992,1.3531748990989332,36.323961583719075,66.9107149339214

Iteration: ,7500
Error:,0.030169588419856636
Absolute Error:,0.103919621214833
Transition Probabilities
0.000540832882639265,0.000540832882639265,0.14431328133296492,0.8546050529017565
0.8156039748405131,0.182421691497098,0.000987166831194471,0.000987166831194471
0.05816110664287263,0.04254358624062047,0.7489592774428637,0.15033602967364326
0.08712736272624713,0.03121247579282871,0.8340136557335416,0.04764650574738239

0.06530586497980213,0.0631795569265792,0.11792666287772799,0.7535879152158906
0.03720179009813209,0.049803832495768835,0.6483863484959043,0.26460802891019475
0.0015833807911143655,0.9105638321067653,0.0651669387858948,0.022685848316225495
0.9005644279383483,0.0008660070892790304,0.03149243255360369,0.06707713241876895

Transition Gammas
1.0,1.0,266.8352571846519,1580.1647428153462
826.2068265134405,184.79317348656045,1.0,1.0
25.620464909146094,18.740813600399747,329.922967317813,66.22430684623035
47.6458148439214,17.06861995947334,456.08244040665164,26.055610083509773

30.408807882715305,29.418720803860683,54.910982908007576,350.8981948807104
4.237827033137467,5.673383650294204,73.86067144417329,30.142717733283153
1.545015062623595,888.5006335684419,63.58792690570475,22.1361643097203
1433.5485201172164,1.3785389948046687,50.130705457089704,106.77561863371277

Iteration: ,10000
Error:,0.034646768023889364
Absolute Error:,0.10261911914833377
Transition Probabilities
0.00040371417036738026,0.00040371417036738026,0.14580189451888323,0.853390677140382
0.8055804562322962,0.1929796589584886,0.0007199424046076307,0.0007199424046076307
0.0591468357222901,0.041605153069301154,0.7609158553345686,0.13833215587384007
0.09233316610942799,0.038383417135708926,0.8195556992583559,0.04972771749650723

0.07584991793677538,0.06001688553763811,0.11256750267410193,0.7515656938514846
0.03292365599736307,0.04543316229740856,0.6801623012479129,0.2414808804573156
0.0011944992329076351,0.918174785142176,0.06076909890989761,0.019861616715018713
0.8992741076088303,0.0006550542330825683,0.02923545156146365,0.07083538659662358

Transition Gammas
1.0,1.0,361.15129272327346,2113.8487072767243
1118.9512537066605,268.0487462933409,1.0,1.0
32.08369230605231,22.568357429789188,412.75226096584953,75.03708813650987
67.13005068035893,27.90634011782682,595.8510678750868,36.15411813998482

48.76214840918278,38.58346006494917,72.36702979719787,483.1641074863705
4.7711500399765425,6.583972148442538,98.56610064961887,34.994336975813674
1.5531889791920357,1193.8885500859224,79.01712458410772,25.825754710291037
1919.3391466435792,1.3980956663736765,62.397823063007024,151.18541645109912

Iteration: ,12500
Error:,0.0329005010624005
Absolute Error:,0.0997131165962747
Transition Probabilities
0.00032154340836012906,0.00032154340836012906,0.14331571178710456,0.8560412013961751
0.8083180435934156,0.19052655490456238,0.0005777007510109756,0.0005777007510109756
0.05902743006219665,0.046827461618262,0.7632280483318531,0.13091705998768827
0.08635423427005551,0.042083282502363935,0.8149985492052224,0.056563934022358285

0.07323299193516782,0.05719493551951411,0.11391307594060202,0.755658996604716
0.04319559026339965,0.04337374913201719,0.6845576850592329,0.22887297554535022
0.0009581126192344469,0.9161717551476904,0.06433832612865727,0.018531806104417885
0.894107206554323,0.0005270878308485839,0.028238166046076377,0.07712753956875204

Transition Gammas
1.0,1.0,445.71186365789464,2662.288136342101
1399.198533460204,329.8014665397979,1.0,1.0
40.89981240244711,32.44651500923627,528.8369147050234,90.71177905144093
79.4675248443856,38.72716058521717,750.0027995681351,52.052986981052356

56.86351051065539,44.4103774969261,88.45053602048581,586.7495258686662
7.962595979710798,7.995437459184824,126.19010963143108,42.19002504257994
1.561320941464662,1492.9749578222604,104.84443468004795,30.199056325037535
2388.813633953014,1.4082367163487541,75.44477390877391,206.06401192661835

Iteration: ,15000
Error:,0.034568346836005376
Absolute Error:,0.09719193160900233
Transition Probabilities
0.00026838432635534106,0.00026838432635534106,0.14095471362601816,0.8585085177212711
0.8134451929238474,0.18559002174088976,0.0004823926676314517,0.0004823926676314517
0.058839548046379316,0.052867699857988226,0.7660550628080703,0.12223768928756204
0.08718526600478371,0.04170713585047187,0.8134030928082607,0.057704505336483594

0.07709178590111465,0.05733626819149316,0.1129897426637635,0.7525822032436287
0.04080828152654256,0.05430115254040274,0.6957980324460552,0.20909253348699955
0.0007950351211872634,0.9155278034799227,0.06557677891961819,0.018100382479271884
0.8899754744193198,0.000444342183577723,0.02782423174909406,0.08175595164800861

Transition Gammas
1.0,1.0,525.1972629705433,3198.802737029454
1686.2718849311368,384.7281150688647,1.0,1.0
49.26949674971639,44.26894924932069,641.4588262536548,102.35614709853263
97.56185110235619,46.67102096730677,910.2124139003183,64.57235970656137

71.11251602415423,52.88924420252416,104.22621284255096,694.2116252995254
9.613112961029184,12.791597532609812,163.90754115963574,49.25544689773173
1.5691718906911698,1806.989975765537,129.4298018043113,35.72497697311463
2836.3043866289563,1.4160948483081324,88.67434309471011,260.5518589639439

Iteration: ,17500
Error:,0.03364289936446783
Absolute Error:,0.09330734483441855
Transition Probabilities
0.00023201856148491893,0.00023201856148491893,0.1395379551399134,0.8599980077371168
0.8143637185024422,0.1848015569566564,0.000417362270450751,0.000417362270450751
0.058875648722603965,0.05321094531374255,0.7713225594405442,0.11659084652310939
0.08895446928850814,0.04177203395267638,0.8100203496926975,0.05925314706611789

0.07651669343429474,0.055626227798410324,0.10762614236776255,0.7602309363995324
0.04360371774514893,0.04667258791917158,0.7194775813012113,0.19024611303446826
0.0006804356956971034,0.916059126056815,0.06576960881432348,0.017490829433164424
0.8904864747150855,0.0003863369139409445,0.0262213926645533,0.08290579570642019

Transition Gammas
1.0,1.0,601.4085866530264,3706.591413346971
1951.2154695318525,442.784530468149,1.0,1.0
59.08795037260335,53.40282042226764,774.1038969816813,117.01126531472737
117.9664115987999,55.39572086702412,1074.2034069736974,78.57818939546969

83.05072142926285,60.376345888672475,116.81671498215881,825.1497142259798
13.260096427470858,14.193354336091664,218.79652925968594,57.85474116067149
1.5782973535526519,2124.835165903512,152.5551939621468,40.570666677800155
3282.3953166896304,1.424064837581972,96.65388405449693,305.59655118877555

Iteration: ,20000
Error:,0.03495566251408653
Absolute Error:,0.09226656981654247
Transition Probabilities
0.00020370747606437167,0.00020370747606437167,0.13752412058136104,0.8620684644665102
0.8143590245755877,0.18490541087862328,0.0003677822728944464,0.0003677822728944464
0.06166448257119799,0.051049305288141,0.7722956606841869,0.11499055145647412
0.08550964199164462,0.03877116486500502,0.816295897034837,0.05942329610851347

0.07581774214543885,0.05486778135405855,0.10563452284491841,0.7636799536555842
0.05260342465015508,0.0478825302659591,0.7149889427258951,0.18452510235799086
0.0005984547818874403,0.9162955531222655,0.06642279145761289,0.016683200638234065
0.8905908309889096,0.0003400520200837746,0.02482958072248244,0.08423953626852422

Transition Gammas
1.0,1.0,675.105907933901,4231.894092066096
2214.242187821024,502.75781217897685,1.0,1.0
72.78911980714199,60.25890178190581,911.6223639300221,135.73552680005906
130.44454394582252,59.145223874964394,1245.2554300713828,90.64994987805028

94.6510193558134,68.49704683887053,131.87434739558495,953.3795656489341
18.304371201357522,16.661645394332094,248.7941250890089,64.20905087439397
1.583303042270786,2424.199088696634,175.73158570021548,44.13794178738482
3751.259765258018,1.4323339255789627,104.58473623521324,354.825551816223

Iteration: ,22500
Error:,0.033669820731660506
Absolute Error:,0.08959123355841879
Transition Probabilities
0.00018158707100054516,0.00018158707100054516,0.1357757288983745,0.8638610969596244
0.8150532727636873,0.18429077446491224,0.0003279763857002299,0.0003279763857002299
0.06202071011953254,0.05090169756585619,0.7744878198347925,0.11258977247981865
0.08322754119910748,0.03735817967264146,0.8210690530919722,0.058345226036278876

0.07472276014411408,0.05555385466770729,0.10043417616652237,0.7692892090216563
0.05246357754636673,0.044580067576301854,0.7294484573216301,0.17350789755570137
0.0005322372888207426,0.9158706892922538,0.06721957484308468,0.016377498575840657
0.8888097520216365,0.0003040907009063009,0.023751118770998503,0.0871350385064586

Transition Gammas
1.0,1.0,747.7169390433468,4757.283060956642
2485.0974286564806,561.9025713435169,1.0,1.0
83.45921143948529,68.49672523242539,1042.202557634713,151.50832051433386
144.16834507926472,64.71255621614236,1422.271580712491,101.06672094040137

104.88435641254051,77.97798531291622,140.9741009129355,1079.8102670154706
21.15833762436118,17.97895159289521,294.18345948558584,69.97499691537601
1.5891705178908995,2734.634961125149,200.70628046838908,48.90044053694992
4202.8667416495455,1.4379372980291956,112.31063445528874,412.0307574688182

Iteration: ,25000
Error:,0.03373093828827316
Absolute Error:,0.08863397837128084
Transition Probabilities
0.00016388069485414656,0.00016388069485414656,0.13504998672593121,0.8646222518843605
0.8147403451365162,0.18467003222197442,0.00029481132075471724,0.00029481132075471724
0.06319252355223738,0.04948339878166692,0.7777507928696491,0.10957328479644649
0.08253496861758203,0.03686811637108957,0.8228272031902023,0.057769711821126134

0.07255719537409408,0.054034276346111944,0.09861322733484897,0.774795300944945
0.05066446193512822,0.04548311734383057,0.7279343935737271,0.17591802714731408
0.0004803621255108455,0.9154112893278273,0.06745494705596154,0.016653401490700326
0.8882967820398021,0.00027462900760939237,0.022719728163088235,0.0887088607895003

Transition Gammas
1.0,1.0,824.0750190016303,5275.924980998355
2763.5992507030605,626.4007492969367,1.0,1.0
95.2890275490312,74.61681674776239,1172.7829901708822,165.227327010851
159.87164923845916,71.41417349864867,1593.8303995945741,111.90092223414864

114.50727151621653,85.27503744936158,155.62800545559156,1222.7553096197557
21.999386836937834,19.749557278984906,316.08172088445275,76.38665413559572
1.5915378748079316,3032.9446486702773,223.49202274962184,55.176121948927516
4671.769795424875,1.4443410452876992,119.4886010380972,466.541571242986

Iteration: ,27500
Error:,0.035433763366070715
Absolute Error:,0.08842214819669923
Transition Probabilities
0.0001485222040695087,0.0001485222040695087,0.1341753062488434,0.8655276493430176
0.8144338078274151,0.185029279420907,0.0002684563758389265,0.0002684563758389265
0.06643057001509069,0.04888894066543174,0.7747227085922771,0.10995778072720042
0.0818804979828885,0.038372678704839305,0.8211943592123385,0.05855246409993369

0.07470975575813778,0.05611653903871479,0.09520718997421213,0.7739665152289352
0.04792775706679611,0.04526850040713382,0.7386145100358108,0.16818923249025924
0.00044038105232057484,0.9173468176085624,0.06610228631426832,0.01611051502484871
0.8893957931685861,0.0002496008192983376,0.02159858262914381,0.0887560233829718

Transition Gammas
1.0,1.0,903.4023369734608,5827.597663026525
3033.765934157118,689.2340658428778,1.0,1.0
110.30578330811605,81.17848294812791,1286.4016551181749,182.58128947532185
174.86407992050334,81.94873408328662,1753.7435603967879,125.04470556655518

130.370054862113,97.92451064668707,166.1384976332713,1350.5874303550233
22.840393734817486,21.57310160879598,351.9932343997538,80.15205649370225
1.594280394631998,3321.00583956722,239.30543459093627,58.32375874528635
5164.636441251905,1.4494081229257356,125.42090684784957,515.3977523451288

Iteration: ,30000
Error:,0.03451158837548459
Absolute Error:,0.08741432708532673
Transition Probabilities
0.0001366493577480188,0.0001366493577480188,0.13388046062412018,0.8658462406603837
0.8172971729250108,0.1822132309917578,0.0002447980416156673,0.0002447980416156673
0.06645029232525987,0.04798787747230926,0.777826661587659,0.1077351686147718
0.08067632565620972,0.038699552220746496,0.823387572396912,0.05723654972613187

0.07388605699900068,0.05546051967378081,0.09562688551173049,0.775026537815488
0.04680550920528109,0.04436292664392754,0.7408365734959126,0.16799499065487875
0.00040266959728499016,0.918555486172658,0.06515237373557187,0.015889470494485077
0.888790837744319,0.00023077374018140785,0.021169190923460354,0.08980919759203924

Transition Gammas
1.0,1.0,979.7372108473099,6336.262789152679
3338.658951398666,744.3410486013298,1.0,1.0
121.9741264919054,88.08508182680318,1427.754856891799,197.75538412868133
189.2686280480314,90.79009356606778,1931.687330970649,134.2783419144731

141.4699107784882,106.1904652739079,183.09715676872827,1483.9462221837152
23.72138640573092,22.48346707209765,375.461583941306,85.1411330677692
1.595910097497386,3640.533045898296,258.2199694776869,62.97512048839443
5599.4491987249585,1.453891939103538,133.36749673844554,565.8047069557451

Iteration: ,32500
Error:,0.035424447527267935
Absolute Error:,0.0870461848548558
Transition Probabilities
0.00012610340479192954,0.00012610340479192954,0.13355437447333954,0.8661934187170767
0.8179635261313536,0.18158398518086355,0.000226244343891403,0.000226244343891403
0.0654116561445061,0.04568987864347,0.7847819511228679,0.10411651408915594
0.08159984204702495,0.038499301839637845,0.8227011573344685,0.05719969877886881

0.07604430734632027,0.05697059908735649,0.09441653078732229,0.772568562779001
0.04807204876609389,0.04271654652982623,0.7428663129072404,0.1663450917968396
0.0003720862094286005,0.918076740964291,0.06548836064150743,0.01606281218477297
0.888949959345814,0.00021392531251901347,0.020417715903107203,0.09041839943855985

Transition Gammas
1.0,1.0,1059.0861895735811,6868.913810426408
3615.3987855005785,802.601214499416,1.0,1.0
131.66120726529206,91.96502483769005,1579.6166190408628,209.5667156163787
207.52615361560828,97.91210163203554,2092.3080544486957,145.4712800633765

157.79184750347343,118.21392550048222,195.91418934163087,1603.0788509759586
26.328908209722204,23.395716668796947,406.86551679538013,91.10667769470805
1.5979793225768293,3942.8165071008257,281.2494618795169,68.98412540771088
6061.717643486192,1.4587489741707111,139.22766678636708,616.5597977819191

Iteration: ,35000
Error:,0.03507744949617849
Absolute Error:,0.08593806606491657
Transition Probabilities
0.00011726078799249539,0.00011726078799249539,0.1328946161819866,0.8668708622420284
0.8188592476216148,0.18071961108548137,0.00021057064645188493,0.00021057064645188493
0.06457064817330217,0.04763260661936455,0.7836645325936149,0.10413221261371843
0.0809000201015695,0.0375800917173638,0.8236987377370814,0.057821150443985295

0.07490819290597514,0.056028402357515696,0.09368036659515919,0.77538303814135
0.049519950047393915,0.04096693503899797,0.7480656963174058,0.16144741859620235
0.0003459868697093163,0.9172827072613212,0.06618655406484521,0.01618475180412451
0.8878891769136502,0.000199021860620517,0.019739212243137367,0.09217258898259197

Transition Gammas
1.0,1.0,1133.325286799981,7392.674713200013
3888.7625669550425,858.2374330449497,1.0,1.0
140.82882425185602,103.8868925127166,1709.1752654679149,227.11274370012708
222.29351315087828,103.26092134336754,2263.323123525002,158.87841128446883

167.6291084216036,125.38002545684247,209.63736701894058,1735.1475496414093
29.137153506825204,24.104625989990044,440.1560382417515,94.9944055762588
1.5999976232000659,4241.9244194257835,306.0761504635316,74.84551202893499
6528.1334640768055,1.4632921564781973,145.1309638066144,677.6915162987443

Iteration: ,37500
Error:,0.034784439589960886
Absolute Error:,0.08557789236380432
Transition Probabilities
0.00010975743606629351,0.00010975743606629351,0.13451361204200102,0.8652668730858665
0.8188704864512265,0.1807382006941463,0.00019565642731363762,0.00019565642731363762
0.06632385880853123,0.04617542801545597,0.7840637883406415,0.1034369248353713
0.07962361337032588,0.03831456667666785,0.8252643830253714,0.05679743692763474

0.07437986647717484,0.05631981824641543,0.09296101201000526,0.7763393032664044
0.05014210739532401,0.041849260006628135,0.7484155646229166,0.15959306797513123
0.00032275636722140953,0.9190955869756497,0.06474684940691233,0.015834807250216368
0.8870932074176194,0.00018679139829767014,0.01912889794175766,0.09359110324232527

Transition Gammas
1.0,1.0,1225.5535193146711,7883.4464806853275
4185.24705625221,923.75294374778,1.0,1.0
155.85374990854478,108.5071607581914,1842.4633876198718,243.06535995048674
234.5670466364534,112.87273169457605,2431.186187446494,167.32231146898266

179.64079058118827,136.02251730687948,224.51760781029813,1874.9994158812174
31.546861654005145,26.329424197170944,470.8649776268689,100.40783480949605
1.6019809869976167,4561.8733047591995,321.3669264244686,78.59507270453611
6969.036247059193,1.467439965147318,150.27731247145758,735.2550841830165

Iteration: ,40000
Error:,0.03613263927220694
Absolute Error:,0.08530969937062953
Transition Probabilities
0.00010274324463166551,0.00010274324463166551,0.13305640403907154,0.8667381094716651
0.8210007579889802,0.17862941952581263,0.00018491124260355062,0.00018491124260355062
0.06673811232026107,0.04507033867814045,0.7842672441660613,0.10392430483553723
0.07939742737973966,0.038761163953995474,0.8230228737370084,0.058818534929256365

0.07446731794944884,0.05602930747733924,0.09077370837530419,0.7787296661979077
0.04610712717662158,0.039527698289910373,0.7559453762332737,0.1584197983001944
0.0003035935681219817,0.9193829169063639,0.06480951832418891,0.0155039712013252
0.8877513621109808,0.00017491833142293983,0.01853236653772382,0.09354135301987243

Transition Gammas
1.0,1.0,1295.037980512283,8435.962019487713
4439.972099204398,966.027900795593,1.0,1.0
167.42708863590173,113.0687597590955,1967.5051756500125,260.71675077692544
250.47844003092328,122.28149200029503,2596.425253647675,185.55733302945734

191.8788196744863,144.36987502663635,233.8952509657065,2006.5410345111961
31.546861654005145,27.045164290464218,517.2238146753986,108.39208092682182
1.6046328127486835,4859.365121186606,342.54836268351363,81.94567846562931
7466.236034572471,1.4711118505881586,155.86236051594017,786.7088133538975

Iteration: ,42500
Error:,0.034712801968162024
Absolute Error:,0.08495128253192039
Transition Probabilities
9.692740137636899e-05,9.692740137636899e-05,0.13251351883772527,0.867292626359522
0.8217449367757652,0.17790541287458453,0.0001748251748251752,0.0001748251748251752
0.06581466861679364,0.0455199777864201,0.7831170951750506,0.10554825842173565
0.07981695114575281,0.038793491010808506,0.820354432727392,0.0610351251160468

0.07394282494620988,0.05545932349395474,0.08971462649710174,0.7808832250627336
0.047914736959417774,0.04066976421841464,0.7568928029136398,0.15452269590852777
0.0002866633802832482,0.919550765019886,0.06466697423125847,0.015495597368572195
0.8875287974307019,0.00016479439768648935,0.018008716816049708,0.09429769135556183

Transition Gammas
1.0,1.0,1367.141973848813,8947.858026151198
4700.381038357366,1017.6189616426212,1.0,1.0
176.2421837368676,121.89593076041572,2097.074556113556,282.6430026136045
268.67131864749894,130.58251706183376,2761.3897052608413,205.44993655293183

203.66739503272373,152.75661911088324,247.10909122407094,2150.857130343261
35.32068996065403,29.9800066511516,557.9489259808709,113.90750696789073
1.607248914851582,5155.688067896271,362.5713338663199,86.87988689384085
7941.2307518671905,1.4745102834204784,161.13434988845873,843.735694650897

Iteration: ,45000
Error:,0.035188740273318656
Absolute Error:,0.08432179893941986
Transition Probabilities
9.149967975112073e-05,9.149967975112073e-05,0.1327434170787754,0.8670735835617224
0.8225851408199301,0.1770829640589282,0.00016594756057085992,0.00016594756057085992
0.06653633225907545,0.04466102817533956,0.7829324118155304,0.1058702277500544
0.07892310393375704,0.03897224666183396,0.8200848414848549,0.062019807919553985

0.0725460208656067,0.05593455262804684,0.08918169892856209,0.7823377275777843
0.0487701666342714,0.04092455676224715,0.7602427551855733,0.15006252141790827
0.0002714056532231166,0.9176877962100716,0.0665592077542139,0.015481590382491356
0.8877767058038867,0.00015571051141730595,0.017491132339500136,0.09457645134519592

Transition Gammas
1.0,1.0,1450.7528052539385,9476.247194746078
4956.8980585808895,1067.1019414190994,1.0,1.0
192.05773563983468,128.91446900475367,2259.9416148583296,305.59538710635235
280.41685313604023,138.46990581776515,2913.793288550457,220.35878598363558

210.55741282394018,162.3443236210578,258.84076857127775,2270.655315175723
38.24664104233228,32.09394062644671,596.1991473324952,117.68234120702999
1.6092888489128028,5441.392689083627,394.66013164903296,91.79746431257088
8421.896053148044,1.4771481758485796,165.92967291447195,897.1997542823638

Iteration: ,47500
Error:,0.03453703699791579
Absolute Error:,0.08363092472493823
Transition Probabilities
8.655011251514613e-05,8.655011251514613e-05,0.132486512705728,0.8673403870692418
0.8239050255074567,0.175780756110768,0.00015710919088766714,0.00015710919088766714
0.0667299515892816,0.04445104219789824,0.7847939264859496,0.10402507972687071
0.07903411801123446,0.038999610292163964,0.8209558478137148,0.06101042388288678

0.07223739275029076,0.054923277884972706,0.08895367921897401,0.7838856501457625
0.050205993616385655,0.04285016021617469,0.7575930405152435,0.14935080565219613
0.0002572646410899169,0.9186979663620425,0.06572568190061885,0.0153190870962487
0.8869106892530925,0.00014762586908572382,0.017307002812900332,0.09563468206492169

Transition Gammas
1.0,1.0,1530.7491678019837,10021.250832198035
5244.155487354955,1118.8445126450367,1.0,1.0
202.69521472441065,135.02203026435348,2383.8466783637514,315.9808357383673
296.72326255535506,146.41893773817225,3082.1713926453444,229.05565950444344

220.9717221275231,168.00843492627402,272.1062726411431,2397.879484141058
41.19581905942051,35.160093840998904,621.6322707645079,122.54769446527845
1.6106520605458958,5751.6756530221155,411.4875815639824,95.90793003159447
8891.572724811605,1.47999811812467,173.5084220137397,958.7692886085288

Iteration: ,50000
Error:,0.03480950942683958
Absolute Error:,0.0838899761736033
Transition Probabilities
8.216251745953472e-05,8.216251745953472e-05,0.1331841334326089,0.8666515415324719
0.8243934775307526,0.1753079704465573,0.0001492760113449771,0.0001492760113449771
0.06622288155947251,0.04443327274624751,0.7862012584645675,0.10314258722971262
0.0799592215092172,0.03894074937730385,0.8180380917256429,0.06306193738783603

0.0727428641943889,0.0550826537457144,0.0880514299112665,0.7841230521486302
0.05136219421964351,0.04503813622692175,0.7545798835388474,0.14901978601458737
0.0002447869366621136,0.9193115016252015,0.06532956350688908,0.015114147931247284
0.8863508788864937,0.00014029607187668376,0.017170160854864648,0.09633866418676508

Transition Gammas
1.0,1.0,1620.9840880082877,10548.015911991746
5522.611905978503,1174.3880940214854,1.0,1.0
210.55789472865095,141.27709554516616,2499.753528040738,327.94534928913953
316.1121562914552,153.94902577741686,3234.045807638727,249.31014373730042

234.8786800964645,177.85580965619914,284.3083492409406,2531.846794342859
44.34502558493913,38.8849684797341,651.4882152097206,128.66051234531736
1.6123838476675267,6055.400816758011,430.3184410493139,99.55518185694292
9370.00418063095,1.4831313550025504,181.51330677790247,1018.438304388469

Iteration: ,52500
Error:,0.034797186755179774
Absolute Error:,0.08408182092793781
Transition Probabilities
7.825950853028629e-05,7.825950853028629e-05,0.1331115367650104,0.866731944217929
0.8250307663135142,0.17468522346211768,0.00014200511218403884,0.00014200511218403884
0.06552744015519608,0.04431674432423547,0.7857332359655691,0.10442257955499926
0.07990552904392971,0.03829927516476352,0.8184093963498893,0.06338579944141733

0.07282193871862222,0.055295681395711026,0.08830508211434644,0.7835772977713203
0.05173031696481926,0.04643935000930662,0.7532146744737365,0.14861565855213765
0.00023342739065021714,0.9197929156708369,0.06512400983598107,0.014849647102531754
0.8867715281459513,0.00013366258507848793,0.016667425884473196,0.09642738338449708

Transition Gammas
1.0,1.0,1700.8992167833057,11075.100783216716
5809.866656379759,1230.133343620231,1.0,1.0
217.4706012149294,147.07714827946887,2607.66907444094,346.55468155715454
331.617490894515,158.94656709218478,3396.4967604787125,263.05863962867545

248.53483165533024,188.71926659425017,301.37742971112203,2674.279965863263
46.18675504379655,41.46278254455057,672.4981346812626,132.68959905828933
1.6134627049149697,6357.658206031591,450.14066589264405,102.64156110533696
9861.144359834296,1.486364869791654,185.34638014063242,1072.2991408888686

Iteration: ,55000
Error:,0.033400554823513263
Absolute Error:,0.08331217872714501
Transition Probabilities
7.466587023071735e-05,7.466587023071735e-05,0.13240245833600467,0.8674482099235339
0.8257772987139953,0.17395147806929734,0.00013561160835367524,0.00013561160835367524
0.06455762889321577,0.044539848910347346,0.7855875845403316,0.10531493765610514
0.07936887047672822,0.03843304108535012,0.8189119967544225,0.06328609168349923

0.07181346515890875,0.055929065537322215,0.08809402644614649,0.7841634428576225
0.0507763418462547,0.04653296739144341,0.7578514419195386,0.14483924884276336
0.00022292330794006278,0.9191033937263441,0.06592133303708503,0.01475234992863087
0.8870445477039076,0.00012763564698207687,0.016181484169066732,0.09664633248004363

Transition Gammas
1.0,1.0,1773.2661244941153,11617.733875505919
6089.2818007169935,1282.718199282997,1.0,1.0
224.20830304710069,154.68665924334567,2728.3415181806376,365.7582204024833
345.31596027762174,167.21344790547724,3562.900427378932,275.3434361688804

256.7856029082261,199.98726955056753,315.0005036455295,2803.9571967069346
47.58381342899581,43.60723829527532,710.2020411077466,135.73257827431118
1.6148259397635019,6657.859221759893,477.5251163987533,106.8640042952642
10346.67651135936,1.4887693679646214,188.74427739214494,1127.3034040609205

Iteration: ,57500
Error:,0.03400870725864682
Absolute Error:,0.08270611739836164
Transition Probabilities
7.14745193338573e-05,7.14745193338573e-05,0.13260405868910458,0.8672529922722277
0.8262639498186483,0.1734768485224611,0.0001296008294453087,0.0001296008294453087
0.06479701255469113,0.04499564372168202,0.7844875845005717,0.1057197592230552
0.07960498867134652,0.038367695348806755,0.819321989736385,0.06270532624346185

0.07121103973301994,0.05580574878109783,0.08684574408571528,0.786137467400167
0.04930722175581136,0.04751559856265126,0.7606395811404618,0.1425375985410756
0.00021315999430051238,0.9184282038047209,0.06666253969162979,0.014696096509348867
0.887942565741652,0.0001226700542643975,0.01588025157244972,0.09605451263163388

Transition Gammas
1.0,1.0,1855.2633851192666,12133.736614880769
6375.452636800678,1338.5473631993073,1.0,1.0
236.9189301727561,164.5186923390593,2868.3414856018585,386.54578761801673
363.80061456411755,175.3431710785347,3744.361356831415,286.5679224953659

266.37344421853373,208.74810374552666,324.8569330621159,2940.641585991588
48.056574162849785,46.31039439874996,741.346422301057,138.92221932939023
1.6160441795846168,6962.941418700374,505.39318889786557,111.41650338508174
10792.797627548416,1.491034580069034,193.02187788784772,1167.5269956003503

Iteration: ,58502
Error:,0.03400997074963819
Absolute Error:,0.08225285986431083
Transition Probabilities
7.040270346381287e-05,7.040270346381287e-05,0.13289536205323618,0.8669638325398361
0.825923488258111,0.1738220588156804,0.00012722646310432597,0.00012722646310432597
0.06421836417552687,0.04485674533665263,0.7860249459718328,0.10489994451598766
0.07921417229991591,0.03817660082135289,0.8198605527621422,0.06274867411658903

0.07077042346242703,0.05611099491846673,0.08654196897469618,0.7865766126444101
0.049607314491738004,0.046288766578779623,0.7635858507290215,0.14051806820046084
0.00020927206305717427,0.9188739493798529,0.06627154941107867,0.01464522914601127
0.8877877348159217,0.00012085331838441466,0.015705630630883562,0.09638578123481052

*,*,*,*,*,*,*,*,*,*,*
Model Num 2
Model States: 
"['diamond', 'x', 'square']","['diamond', 'x', 'diamond']","['square', 'y', 'diamond', 'x', 'diamond']","['square', 'y', 'diamond', 'x', 'square']"
Iteration: ,58502
Error:,0.03287393257065979
Absolute Error:,0.08225285986431083
Transition Probabilities
7.040270346381287e-05,7.040270346381287e-05,0.13289536205323618,0.8669638325398361
0.825923488258111,0.1738220588156804,0.00012722646310432597,0.00012722646310432597
0.06421836417552687,0.04485674533665263,0.7860249459718328,0.10489994451598766
0.07921417229991591,0.03817660082135289,0.8198605527621422,0.06274867411658903

0.07077042346242703,0.05611099491846673,0.08654196897469618,0.7865766126444101
0.049607314491738004,0.046288766578779623,0.7635858507290215,0.14051806820046084
0.00020927206305717427,0.9188739493798529,0.06627154941107867,0.01464522914601127
0.8877877348159217,0.00012085331838441466,0.015705630630883562,0.09638578123481052

