0,1,2,3,4,5,6,7,8,9,10,11,12,13,14,15,16,17,18,19,20,21,22,23,24,25,26,27,28,29
github Code Version (SHA):,528ca1c557fe8e6666681dc5c9134b0f84d30530
Environment Observations,Environment Actions,alpha,epsilon,numActions,explore,patience,gainThresh,insertRandActions,useUpdatedPosterior,revisedSplitting,haveControl,confidence_factor
"['diamond', 'square']","['x', 'y']",0.75,0.99,75000,0.5,0,0.01,False,True,False,False,250

Model Num 0
Model States: 
['diamond'],['square']
Iteration: ,0
Error:,0.4015913587052046
Absolute Error:,1
Transition Probabilities
0.5,0.5
0.5,0.5

0.5,0.5
0.5,0.5

Transition Gammas
1.0,1.0
1.0,1.0

1.0,1.0
1.0,1.0

Iteration: ,2367
Error:,0.062094293197277634
Absolute Error:,1
Transition Probabilities
0.522,0.478
0.16138328530259366,0.8386167146974063

0.174,0.826
0.7938144329896907,0.20618556701030927


Model Num 1
Model States: 
['square'],"['diamond', 'x', 'diamond']","['diamond', 'x', 'square']"
Iteration: ,0
Error:,0.47468444565454554
Absolute Error:,1
Transition Probabilities
0.3333333333333333,0.3333333333333333,0.3333333333333333
0.3333333333333333,0.3333333333333333,0.3333333333333333
0.3333333333333333,0.3333333333333333,0.3333333333333333

0.3333333333333333,0.3333333333333333,0.3333333333333333
0.3333333333333333,0.3333333333333333,0.3333333333333333
0.3333333333333333,0.3333333333333333,0.3333333333333333

Transition Gammas
1.0,1.0,1.0
1.0,1.0,1.0
1.0,1.0,1.0

1.0,1.0,1.0
1.0,1.0,1.0
1.0,1.0,1.0

Iteration: ,2500
Error:,0.04932863874863802
Absolute Error:,1
Transition Probabilities
0.8470254957507082,0.08681244969666871,0.06616205455262306
0.0024813895781637713,0.2859534556571574,0.7115651547646789
0.9956043956043956,0.002197802197802198,0.002197802197802198

0.16981132075471697,0.4731202958101808,0.35706838343510233
0.8545909674521605,0.07677965431308494,0.06862937823475458
0.8779379410141498,0.08747261969944373,0.03458943928640643

Transition Gammas
598.0,61.28958948584811,46.71041051415188
1.0,115.23924262983445,286.7607573701656
453.0,1.0,1.0

117.0,325.97988381321454,246.02011618678551
86.77686481714485,7.7963586520198715,6.9687634252878805
55.042534461968536,5.484117338320727,2.168593376592104

Iteration: ,5000
Error:,0.036928404488560065
Absolute Error:,1
Transition Probabilities
0.8375451263537906,0.09369556670864723,0.06875930693756213
0.001342281879194631,0.25335702288216927,0.7453006952386361
0.9978563772775991,0.0010718113612004287,0.0010718113612004287

0.17484008528784642,0.45457443843388756,0.37058547627826594
0.8007449341397626,0.08863458210608265,0.11062048375415483
0.8727633045258789,0.0884165178185861,0.038820177655534964

Transition Gammas
1160.0,129.76835989147642,95.23164010852355
1.0,188.75098204721607,555.2490179527838
931.0,1.0,1.0

246.0,639.58623487648,521.4137651235203
177.12416488378562,19.605901537458926,24.469166108486647
102.55563324740805,10.389543106812605,4.561635304320037

Iteration: ,7500
Error:,0.035017656396920484
Absolute Error:,1
Transition Probabilities
0.8349753694581281,0.09118157589858486,0.07384305464328705
0.0008920606601248885,0.2647253921793476,0.7343825471605274
0.9985744832501782,0.0007127583749109052,0.0007127583749109052

0.1768292682926829,0.44550571040456133,0.3776650213027557
0.7985151635378013,0.08474777545638236,0.11673706100581638
0.8640459082739301,0.08668901388530821,0.04926507784076168

Transition Gammas
1695.0,185.09859907412726,149.9014009258727
1.0,296.75716463304866,823.2428353669512
1401.0,1.0,1.0

377.0,949.818174582525,805.1818254174754
255.68740528189744,27.136540167692733,37.37962357104163
166.25245118930445,16.67997141310111,9.479172195167534

Iteration: ,10000
Error:,0.0394617616793718
Absolute Error:,1
Transition Probabilities
0.836996336996337,0.08796019661756926,0.07504346638609373
0.0006591957811470005,0.2659317930471027,0.7334090111717504
0.99892530897367,0.0005373455131649651,0.0005373455131649651

0.18101310662415881,0.45025608064412065,0.3687308127317206
0.8047331405168736,0.07670200007833766,0.11856485940478868
0.8432149065877012,0.09685141553712145,0.05993367787517733

Transition Gammas
2285.0,240.1313367659641,204.86866323403586
1.0,403.4185300524549,1112.5814699475457
1859.0,1.0,1.0

511.0,1271.0729156583518,1040.9270843416466
328.99835578851855,31.35801253972936,48.47276921318047
218.908026061711,25.143711325398222,15.559453486617091

Iteration: ,12500
Error:,0.04072130516548571
Absolute Error:,1
Transition Probabilities
0.833628841607565,0.09056414566988306,0.07580701272255187
0.0005230125523012551,0.2647703944450359,0.7347065930026628
0.9991412623443539,0.00042936882782310007,0.00042936882782310007

0.18171493469619543,0.45031842432157154,0.3679666409822331
0.7927575117652337,0.07681801160213934,0.13042447663262707
0.8317343348080861,0.10220791110218136,0.06605775408973238

Transition Gammas
2821.0,306.4690689468843,256.5309310531155
1.0,506.24099417890875,1404.7590058210917
2327.0,1.0,1.0

640.0,1586.0214904605741,1295.9785095394243
398.03805071021344,38.56979106948531,65.4852255239486
284.61336564361613,34.97479466313904,22.60447709264665

Iteration: ,15000
Error:,0.04131682547922391
Absolute Error:,1
Transition Probabilities
0.8300145701796989,0.08949838656904793,0.08048704325125314
0.0004415011037527592,0.25954641497547015,0.7400120839207771
0.9992927864214993,0.0003536067892503536,0.0003536067892503536

0.17741165234001918,0.44865329432482126,0.37393505333515964
0.797324693504441,0.0771627147504803,0.12551259174507864
0.8253288352017601,0.10517538019937178,0.06949578459886815

Transition Gammas
3418.0,368.5543558913394,331.4456441086604
1.0,587.8726299194401,1676.127370080561
2826.0,1.0,1.0

743.0,1878.9599966323506,1566.0400033676478
471.92589218806984,45.67158561491501,74.28923539266164
331.2652979831243,42.21463273328631,27.893781014069653

Iteration: ,17500
Error:,0.040364028486517774
Absolute Error:,1
Transition Probabilities
0.8306451612903227,0.08977693041544908,0.07957790829422834
0.0003792188092529387,0.2606483832860161,0.7389723979047309
0.9993896856881294,0.0003051571559353067,0.0003051571559353067

0.17961861800287068,0.44645036043055203,0.37393102156657726
0.7909358706505333,0.07988097283858436,0.1291831565108823
0.8412473065409695,0.09403157511390367,0.06472111834512687

Transition Gammas
4017.0,434.1612354891117,384.83876451088815
1.0,687.3297867252248,1948.6702132747769
3275.0,1.0,1.0

876.0,2177.3384078198014,1823.6615921801967
541.3443804512813,54.67335261401439,88.4175044034935
399.9079789058748,44.70026455330567,30.76680475370666

Iteration: ,20000
Error:,0.041063375476825925
Absolute Error:,1
Transition Probabilities
0.827455919395466,0.08992123325354236,0.08262284735099162
0.0003331112591605595,0.2585005447575453,0.7411663439832942
0.9994653835872761,0.0002673082063619353,0.0002673082063619353

0.1801007556675063,0.4462947374308695,0.3736045069016241
0.801886895808594,0.07781808940370315,0.12029501478770283
0.8410294031445732,0.09550853557260776,0.0634620612828191

Transition Gammas
4599.0,499.7822144231884,459.2177855768114
1.0,776.0186353621513,2224.9813646378498
3739.0,1.0,1.0

1001.0,2480.506150640773,2076.4938493592267
623.1261990248521,60.47048594878158,93.4782395349081
457.3169309192977,51.93358306065471,34.50803858599731

Iteration: ,22500
Error:,0.038990600974654295
Absolute Error:,1
Transition Probabilities
0.8278347213324793,0.08978738323997343,0.08237789542754738
0.00029585798816568064,0.2563197453207048,0.7433843966911297
0.9995217599234816,0.00023912003825920613,0.00023912003825920613

0.18197795174948075,0.4475852818987044,0.3704367663518148
0.8017909660287157,0.08127578993165671,0.1169332440396276
0.8373598745395948,0.09525032278872467,0.0673898026716804

Transition Gammas
5169.0,560.632420950394,514.3675790496058
1.0,866.3607391839817,2512.6392608160168
4180.0,1.0,1.0

1139.0,2801.4362794039907,2318.563720596009
705.6868154125523,71.53392317587706,102.91740877413211
517.3806819664158,58.85244619471117,41.638228823690234

Iteration: ,25000
Error:,0.04129268560049923
Absolute Error:,1
Transition Probabilities
0.8267784846732216,0.09101863553046644,0.08220287979631201
0.00026652452025586353,0.2573834882229289,0.7423499872568152
0.9995710915719493,0.0002144542140253056,0.0002144542140253056

0.18034200316137378,0.44531995351064785,0.37433804332797843
0.7957671215001269,0.08437432347926892,0.11985855502060427
0.8477020263571216,0.08768927088941107,0.06460870275346728

Transition Gammas
5718.0,629.4848833287059,568.5151166712939
1.0,965.7028478124292,2785.2971521875706
4661.0,1.0,1.0

1255.0,3098.981556480598,2605.0184435194014
777.36770825997,82.42345368004024,117.08723282770588
583.5126627055505,60.36059647901856,44.4731698231718

Iteration: ,27129
Error:,0.04029078683909154
Absolute Error:,1
Transition Probabilities
0.8261043108036189,0.09146133325233852,0.08243435594404251
0.00024685262898049886,0.2552183781565408,0.7445347692144788
0.9996052112120016,0.00019739439399921041,0.00019739439399921041

0.18043420704262642,0.44335301115705417,0.3762127818003193
0.7948812996952407,0.0849231190219953,0.12019558128276395
0.850588149293083,0.08607363226867587,0.0633382184382411


Model Num 2
Model States: 
"['diamond', 'x', 'diamond']","['diamond', 'x', 'square']","['square', 'y', 'diamond', 'x', 'diamond']","['square', 'y', 'diamond', 'x', 'square']"
Iteration: ,0
Error:,0.40421714660768665
Absolute Error:,0.5
Transition Probabilities
0.25,0.25,0.25,0.25
0.25,0.25,0.25,0.25
0.25,0.25,0.25,0.25
0.25,0.25,0.25,0.25

0.25,0.25,0.25,0.25
0.25,0.25,0.25,0.25
0.25,0.25,0.25,0.25
0.25,0.25,0.25,0.25

Transition Gammas
1.0,1.0,1.0,1.0
1.0,1.0,1.0,1.0
1.0,1.0,1.0,1.0
1.0,1.0,1.0,1.0

1.0,1.0,1.0,1.0
1.0,1.0,1.0,1.0
1.0,1.0,1.0,1.0
1.0,1.0,1.0,1.0

Iteration: ,2500
Error:,0.06439972879757425
Absolute Error:,0.19058637271626605
Transition Probabilities
0.2847808359447665,0.7102316328831636,0.0024937655860349122,0.0024937655860349122
0.001814882032667877,0.001814882032667877,0.2010936019005497,0.7952766340341145
0.10142055420437644,0.1703376750844758,0.3371794412897983,0.3910623294213494
0.039446278297808814,0.08509046536302627,0.8097643171785565,0.0656989391606085

0.11706226829023526,0.08028348126929627,0.49481583383551886,0.30783841660494965
0.1266503278577343,0.10801032168045474,0.1552407594101924,0.6100985910516187
0.92875385239034,0.003988370507658806,0.028893221596180487,0.03836455550582066
0.0028315504733420318,0.7776519910265393,0.054859827161651206,0.16465663133846747

Transition Gammas
114.1971152138514,284.8028847861487,1.0,1.0
1.0,1.0,110.80257464720286,438.197425352797
11.350051792253884,19.06261950102308,37.73400916554347,43.76408438852955
9.691101723624026,20.90489625707987,198.94166721361543,16.14081556015921

5.1829632841651305,3.554572637462134,21.908103581544687,13.629628350983126
18.202166468465993,15.523227525700694,22.311179080795718,87.68327965935028
288.3077956563533,1.238087256773656,8.96915905798506,11.909291574674722
1.2591864195465252,345.82072099819953,24.396086169387015,73.2225669369633

Iteration: ,5000
Error:,0.05050509266238417
Absolute Error:,0.17157816093069916
Transition Probabilities
0.2836984994633907,0.7138262530118568,0.0012376237623762372,0.0012376237623762372
0.0009124087591240872,0.0009124087591240872,0.21159895925202662,0.7865762232297253
0.09361518964704431,0.13172406498894096,0.40251150093921373,0.37214924442480096
0.04879609309606527,0.09332478371950478,0.8081181602915763,0.04976096289285363

0.0933553336609315,0.09593875680795136,0.5603479688979393,0.25035794063317796
0.10174878563905153,0.08752475388832201,0.14809560415271203,0.6626308563199144
0.9385458472041474,0.0020191760655452152,0.02211629087582774,0.03731868585447956
0.0014731515777729632,0.7865572272393498,0.0389403746466043,0.17302924653627294

Transition Gammas
229.22838756641974,576.7716124335805,1.0,1.0
1.0,1.0,231.9124593402213,862.0875406597793
21.355672298592264,30.049140276789572,91.82167704708331,84.8953822565448
23.069041562205317,44.12060838909008,382.04926345717075,23.52519737370454

8.257526008879672,8.486036614454058,49.5642588992645,22.144821567631386
29.9611610745578,25.772722817171204,43.60854257458947,195.11967336496053
592.864265918191,1.2754809362005084,13.970504045156952,23.573611624893925
1.3333341361394293,711.9047468902294,35.24452715780052,156.60696729257646

Iteration: ,7500
Error:,0.044152182105521624
Absolute Error:,0.15949867874003507
Transition Probabilities
0.27431919390542464,0.7240099623184684,0.0008354218880534672,0.0008354218880534672
0.0006123698714023272,0.0006123698714023272,0.2157442662526012,0.7830309940045942
0.08756354277350584,0.12129445957335926,0.4528419145506722,0.33830008310246273
0.05149997267261693,0.09353665968935915,0.8082955878939952,0.04666777974402868

0.08189991727604523,0.09409933733212238,0.5782011974418294,0.24579954795000297
0.09052864835417257,0.08575188259876858,0.13802924231357133,0.6856902267334876
0.931103325170149,0.001340998537237578,0.02151702614910057,0.046038650143512785
0.0010126446193288083,0.7866288873922679,0.030394696374479852,0.1819637716139236

Transition Gammas
328.3600751047932,866.6399248952065,1.0,1.0
1.0,1.0,352.31038679049766,1278.6896132095019
30.68110570349008,42.499972220675616,158.66980945754764,118.53586870067396
36.9536200351594,67.11689350772133,579.9895899170523,33.48629739103341

10.279716501709018,11.81093391721691,72.57326488642454,30.851675474320746
40.41925396523608,38.28652237462664,61.62733124960222,306.14714700469426
896.6422688771341,1.2913668531576719,20.72065969938681,44.33471410187091
1.3762062872549288,1069.0459415891855,41.307060197968276,247.29276368809664

Iteration: ,10000
Error:,0.045832922411545456
Absolute Error:,0.15522853902398817
Transition Probabilities
0.26417457259044874,0.7345507301501504,0.0006373486297004466,0.0006373486297004466
0.00045392646391284586,0.00045392646391284586,0.21191410035651248,0.7871780467156618
0.08955157564735682,0.12301411390545643,0.4683178067934167,0.3191165036537701
0.05204921060733864,0.10313305786162091,0.7997122740491781,0.045105457481862316

0.07541868719701238,0.09283844379420723,0.5952562039644061,0.2364866650443741
0.10109660124340063,0.08454712125787005,0.13468219074902638,0.679674086749703
0.922908851930352,0.001020164610350956,0.025009265321342358,0.05106171813795471
0.0007602402365608031,0.7848089032906718,0.027765566370769726,0.18666529010199776

Transition Gammas
414.4899043944138,1152.5100956055853,1.0,1.0
1.0,1.0,466.8467630853973,1734.1532369146041
43.05853082086202,59.14811634199834,225.17835752193184,153.43881677895584
49.61569529226632,98.31116195065567,762.322426175566,42.996591270546915

11.940150129677132,14.69801448297205,94.23988543303993,37.44014102128727
59.93095734694192,50.120279570159134,79.84079118287367,402.91679642867473
1178.0504899525968,1.30219297013194,31.923171181573238,65.17792298169273
1.4029437447420472,1448.2826463782599,51.23844514637983,344.4712454233701

Iteration: ,12500
Error:,0.046035362748689336
Absolute Error:,0.1508271552027232
Transition Probabilities
0.2679127149772332,0.7310668768595016,0.0005102040816326534,0.0005102040816326534
0.0003642987249544622,0.0003642987249544622,0.20786038405029486,0.7914110184997962
0.08617423054460034,0.11848145444918118,0.4927314884993085,0.30261282650691007
0.050687453698877366,0.10885755113292879,0.7950950610813909,0.045359934086802896

0.08567987758014786,0.08972841389662198,0.5982921391731896,0.22629956935004056
0.09919420574576338,0.08167587418847823,0.13259706670974733,0.6865328533560111
0.9203136796726937,0.0008225634332131859,0.025467261037030037,0.05339649585706306
0.0006137366677407305,0.7894084859921252,0.02498707590782411,0.18499070143230992

Transition Gammas
525.1089213553767,1432.891078644622,1.0,1.0
1.0,1.0,570.57675421806,2172.423245781943
51.83659359947631,71.27043623764511,296.39396559258415,182.0314264077921
60.17702821952378,129.2375814605103,943.9507104093997,53.85210410831374

16.60095339313479,17.385379848895425,115.92243357960098,43.846801720185354
75.07794458247423,61.81869908575389,100.35984613605554,519.6218380982596
1466.115770462013,1.310393671501361,40.57089866374865,85.06387158266693
1.4273350655163786,1835.8857671328585,58.111127300321726,430.22313775189104

Iteration: ,15000
Error:,0.04992150698465022
Absolute Error:,0.150703856267494
Transition Probabilities
0.2601997906820427,0.7389241690201036,0.0004380201489268506,0.0004380201489268506
0.00029797377830750844,0.00029797377830750844,0.20225758934707938,0.7971464630963057
0.09197308440747241,0.11580288628028212,0.501085015351792,0.2911390139604534
0.051344636786316546,0.11493886579514442,0.7835808191368914,0.05013567828164769

0.08048451076736617,0.10395707431614322,0.5772273088567308,0.23833110605975985
0.09622876407893821,0.08467636092172827,0.128055511863317,0.6910393631360164
0.9198759113182505,0.0007031478342577821,0.025039010286065935,0.05438193056142585
0.0005017055770531494,0.7974770011978033,0.022030685546803274,0.17999060767834027

Transition Gammas
594.0361221271035,1686.9638778728965,1.0,1.0
1.0,1.0,678.7764698487995,2675.223530151206
65.38203264093981,82.3222156728855,356.2124402012,206.96555559103183
72.2159341205901,161.66084872119643,1102.1018816132387,70.51554098915089

17.859919138864537,23.06859945469242,128.08965306037064,52.8868752747561
88.76504056301579,78.1086682749039,118.12323283650038,637.4407661423425
1721.0674820005208,1.3155740439445842,46.84743437086855,101.7473891272485
1.4497400996904983,2304.408083338697,63.66038115117283,520.1050445793771

Iteration: ,17500
Error:,0.05228879840813023
Absolute Error:,0.148755899323536
Transition Probabilities
0.26226295459097976,0.7369913332539121,0.00037285607755406405,0.00037285607755406405
0.00025673940949935784,0.00025673940949935784,0.20141644342179713,0.7980700777592041
0.08831971659818573,0.11373352785587809,0.5141506929412787,0.28379606260465745
0.053947542691029714,0.1177097817653991,0.7742409635116358,0.05410171203193545

0.09370048439270409,0.09946784582839797,0.5741602578703615,0.23267141190853638
0.09909580942968822,0.08570212190844978,0.12755777760466067,0.6876442910572013
0.9178708325056166,0.0006034621288442966,0.025529975228773982,0.055995730136765114
0.0004345999249328575,0.7941634782660293,0.021800683839236747,0.18360123796980113

Transition Gammas
703.3892442130078,1976.6107557869925,1.0,1.0
1.0,1.0,784.5170471279007,3108.482952872104
72.30459989689375,93.11009526779225,420.9191511444851,232.33499324164598
88.73931292996119,193.62300186351294,1273.5633120074983,88.99290893645946

24.486846998163028,25.9940376810528,150.04590934635652,60.80426692750929
107.74475621630458,93.18208595690149,138.69084606710194,747.6609447956637
2009.4710073851259,1.3211441185653985,55.892118176843624,122.5900118647713
1.464633022969653,2676.388073662388,73.46987342255048,618.7493848054042

Iteration: ,20000
Error:,0.05271189599719214
Absolute Error:,0.14750173471616831
Transition Probabilities
0.2651569271658571,0.7341960330411956,0.00032351989647363293,0.00032351989647363293
0.0002259887005649716,0.0002259887005649716,0.1974048791476146,0.8021431434512555
0.09118346189191696,0.11748311156190137,0.5190676715904158,0.2722657549557659
0.054716963346006904,0.11380720603218633,0.7776063828016571,0.053869447820149644

0.09402573778759948,0.09218815368656114,0.5787046505538695,0.23508145797196991
0.10083249200892848,0.08424147116368697,0.1254986014447646,0.6894274353826201
0.9157243184828681,0.0005279729288967306,0.02664218848205901,0.057105520106176325
0.0003848275030487232,0.7919692357776938,0.02091106098880474,0.18673487573045264

Transition Gammas
819.6000618696647,2269.399938130337,1.0,1.0
1.0,1.0,873.5165902281951,3549.4834097718076
85.41106986877746,110.04581359182241,486.2079618931717,255.0299027576598
103.88403687871617,216.07105485275594,1476.3408860478658,102.27496852478191

28.02289175064453,27.475228721799947,172.47381578328248,70.06232978690876
125.92701670348922,105.20693216048628,156.73186455611977,861.0075823930191
2298.4913631956874,1.3252254991773158,66.8725716753911,143.33630996313832
1.4782222654947461,3042.1592756202294,80.32480969754407,717.2970976926266

Iteration: ,22500
Error:,0.04955440710933376
Absolute Error:,0.14644069295079412
Transition Probabilities
0.26945113665787435,0.7299787379145316,0.0002850627137970353,0.0002850627137970353
0.00020112630732099736,0.00020112630732099736,0.19726015199266836,0.8023375953926898
0.08943222568242425,0.11306709409418594,0.5314690165365555,0.2660316636868344
0.053483987202608274,0.11321398911146756,0.7800662815509732,0.05323574213495098

0.09437899459819782,0.09906389337966276,0.5762606929638368,0.2302964190583027
0.09917427631313533,0.08091443439273663,0.12376225669851568,0.6961490325956123
0.914761975572232,0.00046771872735105704,0.027652943997312652,0.05711736170310416
0.00034711844155595694,0.7954054036537678,0.02042529174125513,0.18382218616342125

Transition Gammas
945.2345873958234,2560.765412604177,1.0,1.0
1.0,1.0,980.7774757075481,3989.222524292458
96.08031415545392,121.47211856037502,570.9766214926901,285.80755569133055
114.58281328779056,242.54693889562165,1671.1953196843426,114.05097900009548

31.572433411193224,33.13966407989974,192.77544154338995,77.04064221609491
138.79259333394253,113.23827715221397,173.20302403631467,974.2478914168115
2600.0538389479,1.3294101690619695,78.5987449395755,162.34629284173295
1.4883085243823357,3410.388215881755,87.57568648684331,788.157855892867

Iteration: ,25000
Error:,0.052139384098885626
Absolute Error:,0.14596416888177494
Transition Probabilities
0.27028444272003366,0.7292002261797345,0.0002576655501159495,0.0002576655501159495
0.00017998560115190735,0.00017998560115190735,0.19547828373780327,0.8041617450598929
0.09042158410278768,0.11252300298992463,0.5396610463491534,0.2573943665581344
0.0525739174265828,0.11445825771084718,0.777704150758779,0.05526367410379109

0.09702030625719356,0.10415350257505399,0.5732586451012183,0.22556754606653423
0.09762350723171828,0.08489469604433164,0.12201342991536547,0.6954683668085846
0.9169547096703962,0.0004239236018124985,0.027058159646313286,0.05556320708147804
0.0003122869336174046,0.7970044890571129,0.019294560077645722,0.18338866393162387

Transition Gammas
1048.9739221964505,2830.0260778035495,1.0,1.0
1.0,1.0,1086.077344447238,4467.9226555527775
108.17343567252642,134.61387506519972,645.6090109620042,307.92684323795913
124.43068473961111,270.89705462698475,1840.6515006017592,130.79673622503344

36.20231255713163,38.86400486251349,213.90664951125473,84.16863562353873
151.86498917529738,132.06380780001058,189.80641792920085,1081.883851462693
2882.9831118385864,1.3328516357962017,85.07314099056646,174.69541948595437
1.4993028472230434,3826.4524418330593,92.63400336746602,880.456773506804

Iteration: ,27500
Error:,0.05186667712675143
Absolute Error:,0.14423413677290983
Transition Probabilities
0.2690673527227863,0.7304630534758518,0.0002347969006809109,0.0002347969006809109
0.00016307893020221738,0.00016307893020221738,0.1953099771803802,0.8043638649592153
0.09155760567402195,0.10949330379768038,0.5503990224098074,0.24855006811849029
0.05282158579498242,0.1148903894214695,0.7752729581326465,0.05701506665090161

0.09537444402226022,0.1030778991735434,0.5717384404650103,0.22980921633918616
0.09451874515956965,0.08847441335325787,0.12068208528235784,0.6963247562048147
0.9159576407879582,0.00038584150037288673,0.026657181611880916,0.05699933609978816
0.0002853255555475628,0.7982675617000864,0.01890821105266392,0.18253890169170192

Transition Gammas
1145.9578552463474,3111.042144753654,1.0,1.0
1.0,1.0,1197.640780070095,4932.359219929923
121.43935540396387,145.2287457317536,730.0333162314632,329.66960893872465
137.94519993437302,300.03979435218054,2024.649233902394,148.89660448583743

38.763015446014904,41.89392912082677,232.37153543619112,93.40131199625468
160.89987002091388,150.61056496976258,205.43789280107947,1185.3581273910486
3171.864159275366,1.336128191627922,92.31099253594546,197.38265529602367
1.5073180222739246,4217.088371345082,99.8883091069225,964.31662336718

Iteration: ,30000
Error:,0.052971713863426376
Absolute Error:,0.14300731324879362
Transition Probabilities
0.2721343714891203,0.727435520983998,0.00021505376344086016,0.00021505376344086016
0.0001499475183685705,0.0001499475183685705,0.1951261492004271,0.8045739557628359
0.09305905220071675,0.10845116775867822,0.5563414645820709,0.24214831545853402
0.051542697608618036,0.11504276460025863,0.7731724890944492,0.060242048696674086

0.10105587427535127,0.09972780352444859,0.5743391359810064,0.22487718621919384
0.09465837459650919,0.0887169686718479,0.11927770889111,0.697346947840533
0.9139932993396622,0.0003539584724237359,0.0267661233103631,0.058886618877551006
0.00026237471172919804,0.797902311330689,0.01836126704773153,0.18347404690985028

Transition Gammas
1265.4248274244096,3382.5751725755913,1.0,1.0
1.0,1.0,1301.2962890176525,5365.70371098237
133.52418472259487,155.6092976958059,798.2570070182088,347.4423566426721
146.8004284192552,327.6570283164561,2202.097637630618,171.5773323444897

45.615041992300995,45.015571615090586,259.24770819567885,101.50604669006374
176.68671165102347,165.59664719674723,222.64048212397117,1301.6485822730929
3459.2412528003542,1.3396463086447166,101.3032349357961,222.87146022440973
1.5156856186141245,4609.320198476705,106.06932436577154,1059.8924433586965

Iteration: ,32500
Error:,0.05199293116366246
Absolute Error:,0.14232287079739797
Transition Probabilities
0.2718436316069722,0.7277601718795571,0.0001980982567353408,0.0001980982567353408
0.0001379120121362567,0.0001379120121362567,0.19529809697742015,0.8044260789983074
0.09145170338213338,0.10898281614952184,0.5633175238135998,0.2362479566547449
0.051263538577703334,0.11389001880184335,0.774074184878565,0.06077225774188833

0.0991689900574633,0.09905303045940586,0.5718058527100313,0.2299721267730996
0.09543159088552348,0.08848735567273515,0.1188606057642731,0.6972204476774683
0.9129421812778676,0.00032661678073172727,0.026136081567363592,0.06059512037403708
0.0002432159284902091,0.7999891645365922,0.017970852698868944,0.18179676683604853

Transition Gammas
1372.2666523519954,3673.733347648003,1.0,1.0
1.0,1.0,1416.1065011832775,5832.893498816743
142.34009486059048,169.6264127971167,876.7761212846448,367.70836755597014
158.1071787360182,351.2599804568202,2387.4022141102055,187.43400248158557

47.52197049029583,47.46640242820546,274.01046277590405,110.20308481279459
191.766799083052,177.81257547135863,238.8466721866719,1401.0426973469102
3750.618944079043,1.3418320572633018,107.37425070373996,248.9415113621973
1.5224428675970139,5007.63994062444,112.49097329219931,1137.9813515498483

Iteration: ,35000
Error:,0.050308011183655875
Absolute Error:,0.1397748474397235
Transition Probabilities
0.26928654748156267,0.730344856867866,0.00018429782528566163,0.00018429782528566163
0.0001281886937572103,0.0001281886937572103,0.19508463831361172,0.8046589842988738
0.09112260378281273,0.10728510994199394,0.5722190696044219,0.22937321667077146
0.05155802730926607,0.11436893466585094,0.7725558629449694,0.06151717507991369

0.09400906127075136,0.09770638202623876,0.5798145110340777,0.2284700456689323
0.09469386360494958,0.08932978960902585,0.11853469354534969,0.6974416532406749
0.9126425471789966,0.0003027270187748981,0.025593150347498112,0.06146157545473023
0.0002265913444773011,0.7984123258485981,0.017363576809092195,0.18399750599783238

Transition Gammas
1461.148806634959,3962.851193365041,1.0,1.0
1.0,1.0,1521.855263484489,6277.14473651553
152.09755801805142,179.07525198432998,955.1211173205071,382.85896892852
171.26715942000325,379.91450775681466,2566.3016031661614,204.3497856945025

48.56287838189481,50.472827654449176,299.51859111017666,118.02227244639347
205.69079124150986,194.03913206850842,257.4770315279275,1514.9590484378837
4051.874431249214,1.3440222251458707,113.62633906197428,272.87198789831626
1.5307702480081633,5393.7887030564225,117.30212749157097,1243.0214778896843

Iteration: ,37500
Error:,0.0488446995566717
Absolute Error:,0.1390613947162418
Transition Probabilities
0.2717984511770694,0.7278592589033688,0.00017114495978093444,0.00017114495978093444
0.00011980352222355298,0.00011980352222355298,0.1957536392093409,0.8040067537462121
0.0886050312075651,0.10602848174486633,0.5760218459552171,0.22934464109235145
0.05234826894468659,0.11404760517665583,0.7707390223594321,0.06286510351922543

0.0916992730763699,0.09443969302788152,0.582579883807975,0.23128115008777367
0.09620682711580915,0.08807241433130189,0.11775848366652286,0.6979622748863662
0.9128941521869313,0.0002823761106270118,0.02551421333371823,0.06130925836872359
0.0002123430322211117,0.7989989653036951,0.016638785110594644,0.1841499065534893

Transition Gammas
1588.1183502276165,4252.881649772384,1.0,1.0
1.0,1.0,1633.955626480374,6711.044373519654
157.18359416116775,188.09245498789366,1021.8515001759981,406.85291226917326
186.19362013583472,405.6473481119624,2741.383653100201,223.60015795033593

51.26202134810059,52.793979686965,325.67567265082414,129.29152931603645
224.25957218003404,205.2981326889105,274.49681025063535,1626.9606415291387
4352.792745550607,1.3464043809564985,121.6549393392304,292.3301616328267
1.5373075666788825,5784.541843835678,120.46041719996664,1333.1967702764216

Iteration: ,40000
Error:,0.04838716738886618
Absolute Error:,0.1361279232983436
Transition Probabilities
0.27017505122285396,0.7295040760032009,0.00016043638697256529,0.00016043638697256529
0.00011247328759419604,0.00011247328759419604,0.1963555517711185,0.8034195016536931
0.08761358874447177,0.10446364647746842,0.5847306791586162,0.22319208561944373
0.05207299888660185,0.11353758017369145,0.7714059938991825,0.06298342704052412

0.08873502687056029,0.09198715114150716,0.5934391880029091,0.22583863398502352
0.09484660910961627,0.08670323046993468,0.11860715136078,0.699843009059669
0.9119740898368842,0.00026363379449462535,0.025510069075783303,0.06225220729283789
0.00020025149745808008,0.7984131864155695,0.01629792111868941,0.18508864096828304

Transition Gammas
1684.0010942720498,4546.998905727954,1.0,1.0
1.0,1.0,1745.79721079702,7143.202789203007
168.05896008323373,200.38046660443018,1121.6208727023593,428.1234263489583
197.4959687096776,430.61115858117546,2925.692341348322,238.8756784127543

53.242105407058,55.193419891733626,356.07079768420533,135.50595271872137
234.6316344238808,214.4865363766456,293.41048709477707,1731.2723206163475
4665.03093160162,1.3485688021607116,130.4919324266201,318.43938969089265
1.5426499251528845,6150.625877456362,125.55205385745974,1425.8419125986418

Iteration: ,42500
Error:,0.04750343334952052
Absolute Error:,0.13590188434338304
Transition Probabilities
0.2706492618259526,0.7290495333547703,0.0001506024096385541,0.0001506024096385541
0.00010578652279699536,0.00010578652279699536,0.1966942070998272,0.8030942198545789
0.088838980194434,0.10188540238415725,0.5896799668561955,0.21959565056521327
0.05276968369931737,0.1131910598993342,0.7702979157463876,0.06374134065496079

0.0905984867129426,0.09600021196553976,0.5905714561529923,0.22282984516852541
0.09468914508854905,0.08742063003183748,0.11823144352192645,0.699658781357687
0.9125891676334031,0.0002484777791328969,0.02484780076879494,0.062314553818668836
0.0001892853751951864,0.798905549987543,0.01586793423701607,0.1850372304002457

Transition Gammas
1797.111098524327,4840.888901475679,1.0,1.0
1.0,1.0,1859.350339714672,7591.649660285356
181.99095153078153,208.71717895013674,1207.9879578978148,449.8523205795202
212.49139660211046,455.794401534262,3101.8127917784373,256.67173929334564

57.842272765873474,61.290984513752996,377.0481880428637,142.26490035593412
248.56554708151805,229.48519294111247,310.3657067954586,1836.6526342161803
4960.166145955162,1.3505431707822158,135.054441304004,338.69626247396695
1.547724497116167,6532.388935609798,129.74689942069364,1512.9888089540661

Iteration: ,45000
Error:,0.04747582932846508
Absolute Error:,0.1340242032643896
Transition Probabilities
0.2699506327011705,0.7297641419708204,0.00014261266400456343,0.00014261266400456343
9.991008092716533e-05,9.991008092716533e-05,0.19629133528302564,0.80350884455512
0.08656716098106124,0.10000932016585516,0.5992996322929253,0.21412388656015843
0.05304473874953995,0.11249435168057355,0.7685754177969397,0.06588549177294677

0.09135159158972896,0.09613869819856015,0.5920189267898897,0.2204907834218213
0.0942911817736054,0.08808774838935396,0.11730886514466422,0.7003122046923765
0.9117503532097918,0.0002350732605342248,0.02445798042506478,0.06355659310460914
0.00017904025325224493,0.7988967395448727,0.015234171749727497,0.18569004845214748

Transition Gammas
1892.8938365006097,5117.106163499399,1.0,1.0
1.0,1.0,1964.679974847808,8042.320025152213
188.86613973545678,218.19329666390178,1307.5097625161359,467.1604269038858
226.27341864430423,479.8681666267754,3278.5190646715414,281.0483341791394

61.58475514841115,64.81198724413916,399.1100758629779,148.64405395910964
262.32662160843097,245.06810716992416,326.36390486658456,1948.3320844275231
5245.34317975255,1.352387656933181,140.7079255428767,365.6441053144954
1.5540036132493564,6934.13015963937,132.22701327719977,1611.7213922420938

Iteration: ,47500
Error:,0.04721505637785168
Absolute Error:,0.13365243763930795
Transition Probabilities
0.2710759997733958,0.7286541311131242,0.00013493455673998093,0.00013493455673998093
9.478672985781965e-05,9.478672985781965e-05,0.19648161880717865,0.8033288077331057
0.08683399390568683,0.10012609330325298,0.6010474786284223,0.2119924341626379
0.053113928535112986,0.11099686251429282,0.7685280989407143,0.06736111000988

0.0915461506592495,0.09640099103351266,0.5932124861742534,0.21884037213298455
0.0933276444233729,0.08942731186848984,0.11662527042735675,0.7006197732807806
0.9124940837032307,0.00022276336840432057,0.023750176691065154,0.06353297623729996
0.00017039724769100622,0.7989449528516037,0.01530250169297362,0.18558214820773156

Transition Gammas
2008.944234320639,5400.055765679371,1.0,1.0
1.0,1.0,2072.8810784157404,8475.118921584288
200.97368330716765,231.73769696885992,1391.0995013501185,490.6477107708776
239.10677746278506,499.68252841111195,3459.738004614607,303.24433505480107

66.06499296719562,69.5685263530655,428.09641306523906,157.92785979301408
274.1824106346549,262.72382739512295,342.62728888379627,2058.31422793653
5548.206432894606,1.3544604569689296,144.40738351417838,386.297373052743
1.5590282464714027,7309.846642183507,140.00831999519167,1697.9605892540878

Iteration: ,50000
Error:,0.04869269971728351
Absolute Error:,0.13260970285130616
Transition Probabilities
0.27131961954879913,0.7284240030636865,0.00012818869375721045,0.00012818869375721045
8.997660608241826e-05,8.997660608241826e-05,0.19575138454193777,0.8040686622458973
0.08747927909493884,0.09960513527784602,0.6061278091380384,0.20678777648917657
0.05283219842746968,0.11175629801021437,0.7679113010367233,0.06750020252559265

0.09255199771695032,0.09767106678504855,0.5969141831274698,0.21286275237053132
0.09212823511279075,0.09089283460029304,0.11569338293161363,0.7012855473553027
0.9129011775272468,0.00021176492023866256,0.02347239911056467,0.06341465844194981
0.00016241386744686044,0.7987893465403292,0.015007533278778492,0.1860407063134455

Transition Gammas
2116.564352100185,5682.435647899825,1.0,1.0
1.0,1.0,2175.580887799104,8936.419112200934
213.99740224122445,243.66044644940376,1482.748576847947,505.85747209801775
250.43190857706827,529.7402689881973,3640.0054977938694,319.9602714058858

70.2566060080245,74.14251260666053,453.12003651011315,161.58499974054246
285.14720917315526,281.3235061800552,358.0839817713019,2170.5573369229787
5845.7139844128715,1.356025368485494,150.30425538502806,406.07238198003927
1.5639042423120388,7691.64645486207,144.50948881566381,1791.410145082102

Iteration: ,52500
Error:,0.04742082500386456
Absolute Error:,0.13127295220090257
Transition Probabilities
0.2712730222431491,0.7284828371318509,0.00012207031249999986,0.00012207031249999986
8.575593859874775e-05,8.575593859874775e-05,0.19559656741609938,0.8042319207067032
0.08512446432782994,0.09896663150541966,0.6121038171811883,0.20380508698556216
0.052720875531997884,0.11184574517813096,0.7678654771828155,0.06756790210705574

0.09193361164519903,0.09802393842872087,0.5997775452724782,0.21026490465360204
0.09111813919568011,0.09061171255061307,0.11604111503532018,0.7022290332183866
0.9118931005857219,0.00020130273550802213,0.02382486643052879,0.06408073024824129
0.0001555605964249563,0.7983268349656664,0.014922926103588082,0.18659467833432047

Transition Gammas
2222.2685982158796,5967.731401784129,1.0,1.0
1.0,1.0,2280.8515726391406,9378.14842736089
221.63906466716742,257.67999614830137,1593.7382818265532,530.6484946551701
263.211808966338,558.3959032633371,3833.6097276954706,337.33638833187683

72.85998796474757,77.6867442316646,475.34067190496046,166.6408851813044
294.8664482767477,293.22760635721573,375.51942726855606,2272.4759606563252
6148.5412694772185,1.3573062194841996,160.64182785657357,432.07149418772326
1.5678710334879005,8046.211885042247,150.40584897720692,1880.6587136254966

Iteration: ,55000
Error:,0.047600560484920354
Absolute Error:,0.13056459070086662
Transition Probabilities
0.2694779818239271,0.7302885097113911,0.00011675423234092226,0.00011675423234092226
8.19873739444124e-05,8.19873739444124e-05,0.19566397661105708,0.8041720486410541
0.08292837946433623,0.09705752133261805,0.6155405022547353,0.20447359694831044
0.05328955676816383,0.11080722123603433,0.7672863872916813,0.06861683470412044

0.09531451745988032,0.09928901165739941,0.5979231698198693,0.20747330106285106
0.09093940246271123,0.09108586961994806,0.11620649523887198,0.7017682326784688
0.9101178200050011,0.0001918308815359276,0.024075947291537145,0.06561440182192586
0.00014901064514902392,0.7984566043397553,0.014699415139263372,0.18669496987583242

Transition Gammas
2308.0789143219376,6254.92108567807,1.0,1.0
1.0,1.0,2386.513522725068,9808.486477274955
226.38563853135,264.9566901353018,1680.3599750164428,558.1911295861311
279.27587837879224,580.7101037833032,4021.1364622757014,359.60191725621513

78.95866709542616,82.25114312717763,495.32031187506266,171.87114561752043
309.3988137375914,309.89713199649105,395.36384451451266,2387.5927576990034
6446.179025831415,1.3586990364136067,170.5250276902353,464.73343507838234
1.5730805452370153,8429.17329326861,155.1792756739778,1970.9076805322884

Iteration: ,57500
Error:,0.04821689460046578
Absolute Error:,0.13053488103952188
Transition Probabilities
0.26874203969073507,0.7310341715658386,0.00011189437171310274,0.00011189437171310274
7.847445656438815e-05,7.847445656438815e-05,0.19449136942498496,0.8053516816618863
0.08421308001281325,0.09777565643905547,0.6155283568187278,0.20248290672940344
0.05344638128948619,0.11168865285515941,0.7660962761559947,0.06876868969935955

0.09704103228278123,0.09979053982739831,0.5980208477615822,0.20514758012823822
0.09043666009754962,0.09153188483145265,0.11652520284451895,0.7015062522264788
0.9111341496495226,0.00018377502866593213,0.02402272386705982,0.06465935145475175
0.0001427691576294208,0.7975523869945527,0.0146935618243565,0.18761128202346147

Transition Gammas
2401.7476087161012,6533.252391283905,1.0,1.0
1.0,1.0,2478.4035205825876,10262.596479417434
240.51378808996262,279.2487047090772,1757.9579888627425,578.2941428284724
292.76268185366905,611.7957615389056,4196.437531490249,376.693529818225

84.67618970837378,87.07535856484434,521.8218063371465,179.00794132663827
323.0636419369884,326.97607402915685,416.2588088479907,2505.965660843709
6745.100486445679,1.360481368992662,177.83954920774747,478.6713604341048
1.5776272993475713,8813.110893659405,162.36675094018457,2073.141602152422

Iteration: ,60000
Error:,0.04849875352964995
Absolute Error:,0.13002528390850016
Transition Probabilities
0.2682926822986233,0.7314928174868764,0.00010725010725010725,0.00010725010725010725
7.512583577492287e-05,7.512583577492287e-05,0.19330279718827892,0.8065469511401712
