0,1,2,3,4,5,6,7,8,9,10,11,12,13,14,15,16,17,18,19,20,21,22,23,24,25,26,27,28,29
github Code Version (SHA):,528ca1c557fe8e6666681dc5c9134b0f84d30530
Environment Observations,Environment Actions,alpha,epsilon,numActions,explore,patience,gainThresh,insertRandActions,useUpdatedPosterior,revisedSplitting,haveControl,confidence_factor
"['diamond', 'square']","['x', 'y']",0.95,0.99,75000,0.5,0,0.01,False,True,False,False,250

Model Num 0
Model States: 
['diamond'],['square']
Iteration: ,0
Error:,0.6233840223712636
Absolute Error:,1
Transition Probabilities
0.5,0.5
0.5,0.5

0.5,0.5
0.5,0.5

Transition Gammas
1.0,1.0
1.0,1.0

1.0,1.0
1.0,1.0

Iteration: ,2500
Error:,0.12611990882614643
Absolute Error:,1
Transition Probabilities
0.5020833333333333,0.4979166666666667
0.05483028720626632,0.9451697127937336

0.04752851711026616,0.9524714828897338
0.952316076294278,0.047683923705722074

Transition Gammas
241.0,239.0
42.0,724.0

25.0,501.0
699.0,35.0

Iteration: ,2593
Error:,0.12512658758179443
Absolute Error:,1
Transition Probabilities
0.508,0.492
0.05548549810844893,0.9445145018915511

0.04936014625228519,0.9506398537477148
0.9525691699604744,0.04743083003952569


Model Num 1
Model States: 
['square'],"['diamond', 'x', 'diamond']","['diamond', 'x', 'square']"
Iteration: ,0
Error:,0.6742479810197015
Absolute Error:,1
Transition Probabilities
0.3333333333333333,0.3333333333333333,0.3333333333333333
0.3333333333333333,0.3333333333333333,0.3333333333333333
0.3333333333333333,0.3333333333333333,0.3333333333333333

0.3333333333333333,0.3333333333333333,0.3333333333333333
0.3333333333333333,0.3333333333333333,0.3333333333333333
0.3333333333333333,0.3333333333333333,0.3333333333333333

Transition Gammas
1.0,1.0,1.0
1.0,1.0,1.0
1.0,1.0,1.0

1.0,1.0,1.0
1.0,1.0,1.0
1.0,1.0,1.0

Iteration: ,2500
Error:,0.14594397182755375
Absolute Error:,1
Transition Probabilities
0.9324712643678161,0.025237353171982727,0.042291382460201185
0.0031152647975077885,0.07382108700924443,0.9230636481932478
0.9960238568588469,0.0019880715705765406,0.0019880715705765406

0.05313351498637602,0.472013028484602,0.47485345652902206
0.601219824442215,0.2629529323011794,0.13582724325660553
0.9652736748182511,0.022349277782633882,0.012377047399114993

Transition Gammas
649.0,17.565197807699978,29.434802192300022
1.0,23.69656892996746,296.3034310700325
501.0,1.0,1.0

39.0,346.4575629076979,348.5424370923022
4.426356672102867,1.9359366059164387,1.0
174.33038856851272,4.036325015085271,2.23531992916401

Iteration: ,5000
Error:,0.11317729781556654
Absolute Error:,1
Transition Probabilities
0.9406077348066298,0.020432081748485924,0.03896018344488424
0.0016129032258064523,0.057986151592948926,0.9404009451812445
0.9979381443298969,0.0010309278350515464,0.0010309278350515464

0.05386740331491712,0.4953410648148364,0.45079153187024645
0.8729477824958416,0.07593342607960704,0.051118791424551266
0.9595121202230992,0.02399298813457441,0.016494891642326412

Transition Gammas
1362.0,29.585654371807617,56.41434562819238
1.0,35.95141398762832,583.0485860123714
968.0,1.0,1.0

78.0,717.2538618518832,652.746138148117
83.34679021196607,7.249926582593718,4.880689624492654
244.83224679716963,6.1221292243810765,4.208890431240859

Iteration: ,7500
Error:,0.10802467155797826
Absolute Error:,1
Transition Probabilities
0.9415823367065317,0.018463606262309105,0.03995405703115915
0.0010775862068965526,0.06822875316115327,0.9306936606319502
0.9986159169550173,0.0006920415224913495,0.0006920415224913495

0.05064456721915286,0.4992734034706496,0.4500820293101976
0.9295734326790164,0.041497914961823396,0.028928652359160263
0.9510787610143892,0.030399768008034834,0.018521470977575925

Transition Gammas
2047.0,40.139880014259994,86.86011998574
1.0,63.316282933550184,863.683717066449
1443.0,1.0,1.0

110.0,1084.4218323382509,977.5781676617491
176.4794528756417,7.878376328846016,5.49210267989352
312.55308992342856,9.99027821179883,6.086712500859724

Iteration: ,10000
Error:,0.09853965441017658
Absolute Error:,1
Transition Probabilities
0.9468814256339959,0.015978025023657538,0.03714054934234657
0.0008006405124099284,0.06464786274226267,0.9345514967453274
0.9989479221462388,0.0005260389268805891,0.0005260389268805891

0.048873483535528596,0.5126937922402226,0.4384327242242487
0.9332323306242085,0.03735558271376942,0.029412086662022125
0.9547006073158141,0.027633858477892216,0.017665534206293722

Transition Gammas
2763.0,46.62387701903269,108.3761229809673
1.0,80.74518056508603,1167.2548194349133
1899.0,1.0,1.0

141.0,1479.1215906130421,1264.8784093869576
266.4714286352481,10.666363740937136,8.398209636319102
388.9794777226908,11.259031109673847,7.197576095165681

Iteration: ,12500
Error:,0.09945387115025041
Absolute Error:,1
Transition Probabilities
0.9499036608863198,0.014535298956112537,0.03556104015756762
0.0006325110689437067,0.06524039600172887,0.9341270929293274
0.9991582491582491,0.00042087542087542086,0.00042087542087542086

0.0501246192190529,0.5192852996684773,0.4305900811124699
0.9407534933698373,0.02988353050411906,0.029362976126043595
0.9475044844314459,0.033027293786141984,0.0194682217824122

Transition Gammas
3451.0,52.806741107556846,129.19325889244317
1.0,103.14506607873331,1476.854933921266
2374.0,1.0,1.0

181.0,1875.1392171028713,1554.8607828971285
353.32224739892274,11.223467393257664,11.027960872100728
460.2195823167277,16.041937110652125,9.456057511461218

Iteration: ,15000
Error:,0.10330093845047386
Absolute Error:,1
Transition Probabilities
0.9503091367071216,0.014886183955333058,0.034804679337545344
0.0005279831045406551,0.06471287615763453,0.9347591407378247
0.9992942836979535,0.00035285815102328866,0.00035285815102328866

0.048521256931608164,0.521303248481183,0.43017549458720883
0.9487378279720259,0.026366297867012965,0.024895874160961146
0.9403205758275536,0.039586765466077055,0.020092658706369303

Transition Gammas
4150.0,65.00796533293946,151.99203466706052
1.0,122.56618744255972,1770.4338125574388
2832.0,1.0,1.0

210.0,2256.2004594265586,1861.7995405734387
450.6968928162173,12.525281667255271,11.826758454728319
540.4202727200388,22.75127349037713,11.547636387952558

Iteration: ,17500
Error:,0.09753176688002003
Absolute Error:,1
Transition Probabilities
0.9524651345511688,0.014729524626062153,0.03280534082276912
0.000448430493273543,0.06453876547500356,0.9350128040317228
0.9993944898577051,0.0003027550711474417,0.0003027550711474417

0.047968285431119924,0.5281883237541042,0.42384339081477584
0.9498537049894197,0.023637069699364757,0.026509225311215565
0.941761455813181,0.03511340819785492,0.023125135988964023

Transition Gammas
4849.0,74.98800987128242,167.01199012871757
1.0,143.92144700925783,2085.0785529907403
3301.0,1.0,1.0

242.0,2664.710093339456,2138.289906660544
542.6473873171607,13.503757524783023,15.144607826837193
610.2020152293371,22.75127349037713,14.983629342457974

Iteration: ,20000
Error:,0.09606449315583053
Absolute Error:,1
Transition Probabilities
0.9532726335681154,0.014780726182585567,0.03194664024929898
0.0003915426781519192,0.06474583950854626,0.9348626178133018
0.9994670929922729,0.0002664535038635758,0.0002664535038635758

0.048073585560569246,0.5314618355936691,0.42046457884576166
0.9473363214478939,0.02390652690221737,0.02875715164988871
0.9426400138402745,0.03278524518420031,0.024574740975525117

Transition Gammas
5549.0,86.03860710883059,185.96139289116937
1.0,165.36087410482688,2387.639125895169
3751.0,1.0,1.0

277.0,3062.2830966907213,2422.7169033092787
637.611912856456,16.090469670348806,19.355219531501152
693.9552490802137,24.135929574291048,18.091498604303826

Iteration: ,21756
Error:,0.10121100921655919
Absolute Error:,1
Transition Probabilities
0.9528391167192429,0.014812995961168042,0.032347887319589055
0.00036443148688046706,0.06252899902392209,0.9371065694891975
0.9995106435037925,0.00024467824810374357,0.00024467824810374357

0.04903677758318739,0.5286520827327031,0.42231113968410944
0.9470823789537435,0.02402478281972741,0.028892838226529067
0.942338909774834,0.03144235173780678,0.026218738487359148


Model Num 2
Model States: 
"['diamond', 'x', 'diamond']","['diamond', 'x', 'square']","['square', 'y', 'diamond', 'x', 'diamond']","['square', 'y', 'diamond', 'x', 'square']"
Iteration: ,0
Error:,0.6230038498818447
Absolute Error:,0.7
Transition Probabilities
0.25,0.25,0.25,0.25
0.25,0.25,0.25,0.25
0.25,0.25,0.25,0.25
0.25,0.25,0.25,0.25

0.25,0.25,0.25,0.25
0.25,0.25,0.25,0.25
0.25,0.25,0.25,0.25
0.25,0.25,0.25,0.25

Transition Gammas
1.0,1.0,1.0,1.0
1.0,1.0,1.0,1.0
1.0,1.0,1.0,1.0
1.0,1.0,1.0,1.0

1.0,1.0,1.0,1.0
1.0,1.0,1.0,1.0
1.0,1.0,1.0,1.0
1.0,1.0,1.0,1.0

Iteration: ,2500
Error:,0.030321123260377288
Absolute Error:,0.06854062582392495
Transition Probabilities
0.06945623564952148,0.9235015108293518,0.003521126760563381,0.003521126760563381
0.0014326647564469907,0.0014326647564469907,0.0761761998525577,0.9209584706345483
0.02716954190876008,0.012139525752701372,0.9273662507165373,0.033324681622001244
0.01853901943272622,0.01887045553127576,0.8943218238516278,0.06826870118437019

0.036216733026037395,0.03470903001308391,0.7247661704218222,0.20430806653905642
0.041296945260852695,0.03799897895107456,0.05776276348385264,0.86294131230422
0.968245326584153,0.0034235380007130215,0.012831150817569347,0.01549998459756474
0.0018860108572574994,0.942131661590666,0.025662940924207064,0.030319386627869337

Transition Gammas
19.725570924464098,262.27442907553586,1.0,1.0
1.0,1.0,53.17098749708531,642.829012502915
4.304020572864877,1.9230640236743737,146.9072770924277,5.279077423054391
3.7038136288617722,3.7700295117114098,178.67187484160684,13.639046379389823

1.925162594233632,1.8450180532651066,38.526189533962885,10.860345882617635
5.2988667754414225,4.875700267724584,7.411618131775298,110.72516429585032
302.0561609537265,1.0680152198851793,4.002836936219816,4.835412796568125
1.1136680441763462,556.3180725512848,15.15367587460963,17.903254308718772

Iteration: ,5000
Error:,0.029461912054453226
Absolute Error:,0.05501985732880072
Transition Probabilities
0.06518613945776437,0.9312989220536593,0.0017574692442882257,0.0017574692442882257
0.0007385524372230425,0.0007385524372230425,0.06412853923329233,0.9343943558922616
0.015872271635868195,0.01969703950700927,0.932200286281319,0.03223040257580343
0.024822270511759316,0.023659735757281312,0.9033205786342215,0.04819741509673784

0.03334525058584806,0.057222202362016396,0.7818014578063357,0.12763108924579994
0.03496080829335195,0.028703359253174014,0.05036072110584635,0.8859751113476276
0.9715759159360656,0.0016971495630884285,0.011531198182895825,0.015195736317949975
0.0009660346948926427,0.9405959955964517,0.022953692677328514,0.03548427703132723

Transition Gammas
37.09091335146791,529.9090866485319,1.0,1.0
1.0,1.0,86.83004212187785,1265.169957878123
4.84148676525893,6.0081479372156315,284.34715913017595,9.831174206790486
10.481756175079358,9.990850001297977,381.44721888716634,20.352431219930676

3.7693380400858065,6.468382162711245,88.37462375990157,14.427383550566438
10.095768382069439,8.288780521772967,14.542861010890938,255.84647361098655
616.6657530361302,1.0771922154210076,7.318928860040044,9.644835803097171
1.1273142018720343,1097.6285113421147,26.785812018308725,41.40837762045628

Iteration: ,7500
Error:,0.031427935343941574
Absolute Error:,0.05313403163174741
Transition Probabilities
0.06418215715046287,0.9334593522834994,0.0011792452830188677,0.0011792452830188677
0.0004985044865403785,0.0004985044865403785,0.062360768922373064,0.9366422221045462
0.018503218003876044,0.02439600981157364,0.9253611688337893,0.031739603350760995
0.02344985871729852,0.021123832392390365,0.9126599961662452,0.04276631272406591

0.03595408962376671,0.06028956744980606,0.7878737338257098,0.11588260910071739
0.03603268166693206,0.03221938370867299,0.04900548497973264,0.8827424496446624
0.9639260259124628,0.0011367033599133003,0.015212615161821036,0.019724655565802836
0.0006554794583436663,0.9424951932350384,0.019901019313881135,0.03694830799273663

Transition Gammas
54.42646926359253,791.5735307364077,1.0,1.0
1.0,1.0,125.09570245828046,1878.904297541721
9.084862965386714,11.978154610400658,454.34147782207435,15.583772885180794
15.205932913626242,13.69763383693327,591.8093939055112,27.731582099707545

6.002039472380912,10.064511920427183,131.52465544693234,19.34500362165271
15.982891440840962,14.29144011168918,21.737192742876896,391.55500202030686
917.2951885850291,1.0817142548982253,14.476690449896982,18.770456612456865
1.1347013313071903,1631.55463821372,34.45068006691293,63.961263370247394

Iteration: ,10000
Error:,0.028935129551797934
Absolute Error:,0.04966797128489335
Transition Probabilities
0.06639666064362376,0.9318271404220957,0.0008880994671403195,0.0008880994671403195
0.0003721622627465575,0.0003721622627465575,0.06038578345560796,0.9388698920188989
0.017519269993868273,0.027187242332356695,0.9186895929889752,0.03660389468479993
0.020883836303314137,0.022211340413639983,0.9204996455717896,0.03640517771125616

0.03182301403316202,0.0545782213287235,0.8021859332007839,0.11141283143733047
0.028469907794547607,0.033702144539735995,0.0434053516887391,0.8944225959769774
0.9671704888607147,0.0008583355886686658,0.013456906432380344,0.01851426911823643
0.0004929506880117249,0.9454993800391646,0.017743466268595975,0.036264203004227925

Transition Gammas
74.76263988472037,1049.23736011528,1.0,1.0
1.0,1.0,162.25660014521858,2522.7433998547813
11.60515299473291,18.009432292687283,608.5603615354686,24.247231657989822
18.347111800046317,19.513366216784114,808.6881004008123,31.983101948705407

6.958779978639171,11.934690832750162,175.41504413398675,24.362789142526754
16.719387979950536,19.79209888498943,25.490455414443392,525.2633239310164
1222.8638720677513,1.085256005618341,17.014543863242228,23.40893470509057
1.1388947622327499,2184.4462697966746,40.99383830594589,83.78345311707524

Iteration: ,12500
Error:,0.027106046018052655
Absolute Error:,0.04584124280271244
Transition Probabilities
0.06838784777673396,0.930219394563099,0.0006963788300835652,0.0006963788300835652
0.00030312215822976617,0.00030312215822976617,0.0607466148947398,0.9386471407888007
0.016529770837191673,0.027690972548968667,0.9210397578100296,0.03473949880381012
0.021548280106165604,0.02618342301680665,0.9186683274413278,0.033599969435700025

0.025400221650420406,0.04356277873587492,0.8375836003828159,0.0934533992308887
0.028395048483377736,0.030817584618970877,0.04548795531659206,0.8952994115810593
0.9686174637196411,0.0006772209610473272,0.012377621659233283,0.018327693660078286
0.00040429091283461873,0.943242251563444,0.01658226710079061,0.039771190422930904

Transition Gammas
98.20494940738999,1335.7950505926106,1.0,1.0
1.0,1.0,200.40308253774688,3096.596917462258
14.312483521882296,23.9765325372982,797.4923842860806,30.079576364680893
24.01146369738475,29.176449727949787,1023.6812908322552,37.4407814620761

6.958779978639171,11.934690832750162,229.4688632641905,25.60299088936958
21.26344619647667,23.07754652486173,34.0633575966,670.439104164069
1555.5826596673762,1.0876049867230326,19.878243312986225,29.433954597338914
1.142135674453041,2664.691663754286,46.8454724503524,112.3549749832639

Iteration: ,15000
Error:,0.026968933865719653
Absolute Error:,0.04365649670443397
Transition Probabilities
0.0647828774239499,0.9340343904648732,0.0005913660555884091,0.0005913660555884091
0.0002514458134272064,0.0002514458134272064,0.05770718753008448,0.9417899208430611
0.017313512292724865,0.026836577883761176,0.9229817904553813,0.03286811936813266
0.019018294728843654,0.026598434346957515,0.9193607457002364,0.035022525223962465

0.026987991788366035,0.0422159118479941,0.8470908723907546,0.08370522397288521
0.029493200048760097,0.03433169319847983,0.04262207011762957,0.8935530366351305
0.9683027952992895,0.0005717125466639035,0.012001907622345412,0.01912358453170117
0.00033336755065687697,0.9457940814647097,0.014883910286017071,0.03898864069861647

Transition Gammas
109.54784572389931,1579.452154276101,1.0,1.0
1.0,1.0,229.50148480714603,3745.4985151928545
17.931264277785402,27.794116075875518,955.9140934790796,34.04086500411794
25.23823725477523,35.29746521574136,1220.0381240027416,46.476659104622975

8.874484105572783,13.88189390433959,278.5496061343909,27.52485940880577
26.980022079432487,31.40621699198181,38.99015335547183,817.4114920626688
1845.3183056717264,1.0895265748097096,22.872328724042944,36.444282488621184
1.1456389731053798,3250.2820329193423,51.14951248934175,133.98696485223184

Iteration: ,17500
Error:,0.02524870954295419
Absolute Error:,0.040664495100766695
Transition Probabilities
0.06423475136904262,0.9347443195855261,0.0005104645227156711,0.0005104645227156711
0.000214868929952729,0.000214868929952729,0.05663233821634665,0.9429379239237478
0.015478994370237111,0.027331117914685964,0.9253950729030214,0.03179481481205556
0.017631802865636467,0.027169008924997243,0.9195527199457002,0.035646468263666034

0.024333751698284046,0.038710467973578924,0.8614412448058796,0.07551453552225744
0.027731317243125574,0.03255029210397736,0.03969977465289674,0.9000186160000003
0.9684840021958927,0.0004933033309465992,0.01189969073802285,0.019123003735137763
0.0002849336743004342,0.9473288166360533,0.013657736375093743,0.038728513314552515

Transition Gammas
125.83587793195453,1831.1641220680463,1.0,1.0
1.0,1.0,263.56690205887713,4388.433097941119
18.971139145797785,33.497165808567416,1134.1692020145092,38.967896846979656
27.336847596895115,42.12360256073692,1425.7006361759009,55.26729613059458

9.157161774400297,14.5673393068197,324.17347458938997,28.41727106736163
29.585034222955212,34.72613642621255,42.35353053922154,960.1809146753565
2141.2085128345234,1.0906378311232408,26.30886937789494,42.27879685756674
1.147924269978426,3816.543421680119,55.023496595935306,156.02718942613132

Iteration: ,20000
Error:,0.0257762416586672
Absolute Error:,0.03977569332821093
Transition Probabilities
0.06455455707721158,0.9345501877750714,0.0004476275738585495,0.0004476275738585495
0.00018867924528301908,0.00018867924528301908,0.05613643101640093,0.9434862104930329
0.01762709414824333,0.029274486232744763,0.9232683264348184,0.02983009318419363
0.018234431989338808,0.0285877756125139,0.9171714854698862,0.036006306928260935

0.023690116344333188,0.03410671348046867,0.8704061410123619,0.07179702916283633
0.02823602035487166,0.03226013390794968,0.037718465308863365,0.9017853804283154
0.9658048133169321,0.00043262634539430607,0.0121610327380607,0.021601527599612817
0.0002497180895821141,0.9471622143432539,0.013181849939585407,0.03940621762757875

Transition Gammas
144.21488051049073,2087.78511948951,1.0,1.0
1.0,1.0,297.5230843869246,5000.47691561307
24.77996409144044,41.153732517794275,1297.9198830738148,41.93479831287484
32.44988914513894,50.874639258001935,1632.193042699731,64.07661445286854

10.118300117176654,14.5673393068197,371.75970056826475,30.665273147340905
34.950915574475424,39.9320160018048,46.68841005355819,1116.2417472973773
2437.097065955611,1.091682690412905,30.686963655866744,54.508963723604786
1.1500779078046175,4362.16030503182,60.709075681630736,181.48553194307814

Iteration: ,22500
Error:,0.02464652400250597
Absolute Error:,0.03943218008863322
Transition Probabilities
0.0632742646897666,0.9359273321166207,0.0003992015968063873,0.0003992015968063873
0.00016694490818030066,0.00016694490818030066,0.05633427004997301,0.9433318401336664
0.01624688647554258,0.029155405615787663,0.9245440381876916,0.030053669720978192
0.01819540549318418,0.029374725882564963,0.9161239398167513,0.03630592880749962

0.02165359253967419,0.03518900585146478,0.8764184312052786,0.0667389704035823
0.029162784283879896,0.032219702311519466,0.039072950211207616,0.899544563193393
0.9670407682623723,0.0003873971793679546,0.012147020680957304,0.02042481387730235
0.00022001438677033834,0.9461037932027869,0.012415009702133805,0.041261182708308815

Transition Gammas
158.5020330478653,2344.4979669521344,1.0,1.0
1.0,1.0,337.442277599338,5650.5577224006565
25.291167175467766,45.38557209761215,1439.2171611518613,46.78387987099966
36.043342320200615,58.18849714253131,1814.7531135217112,71.91854123568312

10.118300117176654,16.44313392236591,409.5331848011942,31.185815047435852
40.90586553601647,45.19372353256482,54.806592946566255,1261.767346610434
2726.997299775153,1.0924369444890845,34.25387396728267,57.596757158330874
1.1522942851705782,4955.085029161166,65.02186034333789,216.09961844810232

Iteration: ,25000
Error:,0.025145657009329483
Absolute Error:,0.03882943993644142
Transition Probabilities
0.062200458717410576,0.9370754283209674,0.00036205648081100665,0.00036205648081100665
0.000149611011370437,0.000149611011370437,0.05526325775946991,0.9444375202177892
0.016103567540782023,0.028384965046625073,0.9254484889738098,0.03006297843878304
0.018594196396550775,0.030017964053330775,0.9160469982852943,0.03534084126482419

0.02411137684149275,0.03546355066002438,0.8764450995143216,0.06397997298416119
0.028399061845470207,0.031287081235768024,0.037700970688269206,0.9026128862304926
0.9662528681762331,0.00035173946478252416,0.012037932916084997,0.021357459442899233
0.00019652127712251944,0.9460636033391262,0.011521359443532341,0.042218515940218984

Transition Gammas
171.79766697748795,2588.202333022511,1.0,1.0
1.0,1.0,369.3796148642965,6312.620385135697
27.671192705358482,48.774647962378424,1590.2229994952736,51.65802345162858
40.81338910291962,65.88802338418378,2010.6802025880802,77.5714892434582

12.30501195950224,18.09848594987979,447.28542472994553,32.65157099547837
44.396614321622366,48.911491739830836,58.93840663841704,1411.0661968255624
3002.904225029877,1.0931299245701631,37.41128311739693,66.37434910598267
1.1539478982615508,5555.164930127736,67.6519545855146,247.90174606164751

Iteration: ,27500
Error:,0.025932881206473503
Absolute Error:,0.0394242517771983
Transition Probabilities
0.06270011953488862,0.9366402498582511,0.00032981530343007904,0.00032981530343007904
0.00013601741022850958,0.00013601741022850958,0.05526590413599651,0.9444620610435465
0.01614528377403569,0.028961708049924994,0.9233719214983546,0.03152108667768468
0.01848631258412074,0.03195890062223143,0.9142647719420702,0.035290014851577574

0.025713118923095326,0.03619710864673436,0.8765046153689953,0.06158515706117522
0.0270951932554602,0.03318287429003612,0.03779092606567849,0.9019310063888252
0.967785104140039,0.00032176180955554906,0.011536701442477709,0.02035643260792778
0.0001783461166127375,0.9472069208324184,0.011110680279953369,0.041504052771015494

Transition Gammas
190.10676242978235,2839.8932375702184,1.0,1.0
1.0,1.0,406.31492720784536,6943.685072792136
30.4274752474357,54.58136674127212,1740.1909237886039,59.40478334607721
44.55669420519165,77.02904274062959,2203.6095992985533,85.05787149726494

14.229504705753968,20.03128945049,485.05304184650004,34.08090184732434
47.365280902114904,58.00719511643994,66.06255994469436,1576.6713700528765
3289.809016599014,1.0937706085212586,39.216913202026426,69.19798130067166
1.155974253978156,6139.4485872085415,72.01536311383641,269.01407975831467

Iteration: ,30000
Error:,0.02545878039152783
Absolute Error:,0.0397702311630933
Transition Probabilities
0.06412742025629475,0.9352687150094057,0.0003019323671497586,0.0003019323671497586
0.00012468827930174582,0.00012468827930174582,0.056645687021160546,0.943104936420236
0.015939045908667803,0.028545390388003966,0.9214825700074305,0.03403299369589772
0.017879437243907642,0.03310618989425019,0.9128275390934167,0.036186833768425554

0.02539600893175798,0.03510922925099392,0.8790188444318391,0.06047591738540903
0.026572321313488186,0.034028688396131226,0.03757749320521974,0.9018214970851609
0.9666732560420379,0.000294882565465428,0.012200699833593098,0.020831161558903553
0.00016378927229285803,0.9481314977334026,0.010730892041439911,0.040973820952864726

Transition Gammas
212.39001588884813,3097.6099841111504,1.0,1.0
1.0,1.0,454.29840990970695,7563.7015900902825
32.817656835469734,58.773456790070085,1897.2841245111972,70.07214325095235
47.06766559628635,87.15213201918223,2403.0208988691747,95.261935125001

15.187989934129197,20.996945696940177,525.6939937694568,36.167400435830594
50.83063161583658,65.09403916306847,71.88260640185624,1725.109212732177
3587.6896443298965,1.0944206015850941,45.281406279699446,77.31231017007804
1.1573843999484985,6699.783137288503,75.82771980381776,289.53337732850036

Iteration: ,32500
Error:,0.025054909596419993
Absolute Error:,0.039066913328727165
Transition Probabilities
0.06420712590850786,0.9352363910642244,0.0002782415136338343,0.0002782415136338343
0.00011508804235239972,0.00011508804235239972,0.0579195567599964,0.9418502671552988
0.015508570825509422,0.030321653547661843,0.9210711682983125,0.03309860732851613
0.01716098469530508,0.032507467658391034,0.9140586010655548,0.036272946580749116

0.023563881631368248,0.032576367588390345,0.8848783263691422,0.05898142441109918
0.0262745496746,0.03361125924456034,0.03727287370997109,0.9028413173708687
0.967432595535537,0.00027215857119551644,0.011820608190254078,0.020474637703013512
0.00015111847987840546,0.9489117808118736,0.01007772605609768,0.040859374652150456

Transition Gammas
230.7604105151771,3361.239589484821,1.0,1.0
1.0,1.0,503.26302868760814,8183.736971312382
34.21849947702686,66.90245656657243,2032.2745174480021,73.02959700826874
48.79484310327686,92.4304060774549,2598.996900125234,103.13701507964261

15.187989934129197,20.996945696940177,570.3441955816364,38.01620184103602
55.0011140834815,70.35921555628637,78.02415662800614,1889.938320960085
3892.5644669777425,1.0950579797579132,47.561431805983545,82.38180888754806
1.158934205863563,7277.245787640673,77.28652017365262,313.3523242999381

Iteration: ,35000
Error:,0.02528943078708148
Absolute Error:,0.03965573265203234
Transition Probabilities
0.065781703764958,0.9337026994317422,0.00025779840164991,0.00025779840164991
0.00010727311735679038,0.00010727311735679038,0.058066987218696145,0.9417184665465902
0.01510247454897559,0.030850744675389973,0.9191356770329902,0.03491110374264417
0.017392170446114765,0.032426651377801145,0.9136095954920133,0.0365715826840708

0.023842585318843867,0.03120737239049899,0.8840894520815553,0.060860590209101804
0.024866112189260242,0.03283524753092071,0.03805127957423387,0.9042473607055852
0.9664759349123393,0.0002523000759816993,0.011853740587071226,0.021418024424607763
0.00014060616929740952,0.9482577483217363,0.00991387475218915,0.041687770756777244

Transition Gammas
255.16722890427187,3621.832771095725,1.0,1.0
1.0,1.0,541.3004548526854,8778.699545147314
35.75938007664688,73.04786383961765,2176.3136835915598,82.66191236277513
53.48152340382115,99.71307031186726,2809.380986383835,112.45887690054475

16.504159803827463,21.60216495412014,611.9786677034645,42.12852310828931
56.50914306374328,74.61929255911645,86.47291481889044,2054.9349686113655
4197.3909022290145,1.0957355535741578,51.48062264175094,93.01816798130777
1.1600712180778512,7823.600675874639,81.79442493249982,343.94495805139456

Iteration: ,37500
Error:,0.02407440875969573
Absolute Error:,0.03894746055576062
Transition Probabilities
0.06684116991835765,0.9326770184699825,0.00024090580582992072,0.00024090580582992072
9.997000899730088e-05,9.997000899730088e-05,0.05831640570501069,0.9414836542769947
0.014610722906940609,0.029738167374353464,0.9211471356150557,0.03450397410365038
0.017286621460998186,0.032334956318507836,0.9143792383852222,0.03599918383527173

0.02297137536882219,0.03159350670909843,0.888481243400728,0.056953874521351255
0.023922145722165902,0.03312107878725041,0.0377631502704574,0.9051936252201263
0.9669310653221042,0.00023558217485815188,0.011725495546877294,0.021107856956160513
0.00013111449763448355,0.9481521464717921,0.009521586958048453,0.042195152072524895

Transition Gammas
277.45769633110234,3871.542303668894,1.0,1.0
1.0,1.0,583.3390062672215,9417.66099373277
37.08826630514519,75.4881930231575,2338.265566290624,87.58584967305892
56.66814143256671,105.99884320989013,2997.4724743480538,118.01073134138909

17.208876237332838,23.6680972789352,665.6007100744474,42.66667372493382
57.98180725736567,80.27791606582112,91.5292351214034,2193.9822170499474
4500.222051229166,1.0964298657836749,54.571970551043094,98.23869222431219
1.1613074199153401,8397.973853173324,84.33460664721063,373.73093037265875

Iteration: ,40000
Error:,0.024956125228174315
Absolute Error:,0.03867465934444879
Transition Probabilities
0.06683513226160046,0.9327129924559774,0.00022593764121102598,0.00022593764121102598
9.38086303939963e-05,9.38086303939963e-05,0.05763394758641392,0.9421784351527981
0.014258648400121959,0.028799655827450626,0.9235270908388648,0.03341460493356254
0.016597469905327265,0.03324940711002412,0.9144509530472087,0.035702169937439805

0.023640868384227475,0.03268681831809802,0.8889390206474412,0.05473329265023321
0.024150354021495523,0.03299209028473472,0.03762463306031169,0.9052329226334581
0.9666959855235,0.00022030382605243336,0.011513669550921353,0.02157004109952629
0.00012299268219478272,0.9475032127502357,0.009372187477264224,0.04300160709030536

Transition Gammas
295.8122953898433,4128.187704610152,1.0,1.0
1.0,1.0,614.3778812711721,10043.622118728823
38.23166645310094,77.22042122518285,2476.2501119707904,89.5944688888729
58.13877296706393,116.46833778193603,3203.2024550719384,125.06004615547577

19.154835300641867,26.48424800684964,720.2561367913149,44.34723755226001
62.617422665359484,85.54241731339239,97.553748026618,2347.1023437869985
4814.0624951891505,1.0970940217273843,57.337079699442256,107.41694124309961
1.1623095687010674,8954.126626903648,88.56936030741035,406.37522898663764

Iteration: ,42500
Error:,0.02623054386997976
Absolute Error:,0.03914465269260269
Transition Probabilities
0.06881161267043824,0.930763849014979,0.000212269157291446,0.000212269157291446
8.819119851838799e-05,8.819119851838799e-05,0.05726773497225674,0.9425558826307064
0.014838212893415933,0.029826195464836527,0.9217083924785785,0.033627199163169
0.01668339982734248,0.03321966663657417,0.9152464345236222,0.03485049901246115

0.023071744612396913,0.03460112152888075,0.8890549656994661,0.05327216815925622
0.02524653959728809,0.033677003478161785,0.03735197752308985,0.9037244794014603
0.9671916235665935,0.0002078276701998977,0.011112852519771902,0.021487696243434603
0.00011574142210929277,0.9477432398325634,0.009169979660685704,0.04297103908464164

Transition Gammas
324.17150729043385,4384.8284927095565,1.0,1.0
1.0,1.0,649.3588468504182,10687.641153149565
42.11675075797066,84.65860743974315,2616.175068816755,95.44736795576375
62.04385214361029,123.54053168957368,3403.707580362865,129.60542996256927

19.798708533641367,29.69248886880094,762.9306076321714,45.71479738786298
69.5344702103066,92.75380438181605,102.87548352386169,2489.0540998345678
5107.940311338801,1.0975811913166256,58.689287599891564,113.4809971108955
1.1632461550924806,9525.18691803429,92.16184999434577,431.8755989393082

Iteration: ,45000
Error:,0.02597081167256007
Absolute Error:,0.03887386328782844
Transition Probabilities
0.06931373564838846,0.93028384986469,0.00020120724346076502,0.00020120724346076502
8.331944675887358e-05,8.331944675887358e-05,0.05710438474920684,0.9427289763572754
0.014923997164895491,0.02911677652084788,0.9199475234646347,0.03601170284962193
0.01668364079066495,0.03376582138759788,0.9151393265490572,0.034411211272679994

0.023187039267811457,0.03553908545965953,0.8901211903538261,0.05115268491870296
0.024644589815556377,0.03296893835392456,0.036274261546357656,0.9061122102841613
0.9656072316485577,0.0001968255006943409,0.011393499780042992,0.022802443070705024
0.00010930169402892284,0.9484883490983959,0.008994990205230707,0.04240735900234455

Transition Gammas
344.48926617248986,4623.510733827499,1.0,1.0
1.0,1.0,685.36682575998,11314.63317424001
45.17983425752981,88.14603237929889,2784.982882033955,109.0192358052975
65.79875853245727,133.16932173316607,3609.226087200899,135.71468061140143

21.063414654282827,32.28417758838158,808.5979200895237,46.467778860332984
72.05515001890411,96.39364326350038,106.05765310396413,2649.2650814895314
5386.833076548264,1.0980304234448228,63.56091738045202,127.207989473808
1.164360469663048,10103.981913893314,95.82112256380513,451.75377091660977

Iteration: ,47500
Error:,0.025707379150929962
Absolute Error:,0.0386365328635513
Transition Probabilities
0.06973837726125931,0.9298804525462498,0.00019058509624547397,0.00019058509624547397
7.901390644753485e-05,7.901390644753485e-05,0.05675626155472224,0.9430857106323827
0.01531590541917281,0.02925969726083238,0.9191694969871139,0.036254900332880875
0.016446711876241023,0.03329664607620489,0.915723228115832,0.03453341393172232

0.024017592342208956,0.033966066488590296,0.8921358861542272,0.049880455014973596
0.0250090952634735,0.03301472954138814,0.0362900638983745,0.9056861112967638
0.9661391741344684,0.0001864503641611275,0.011573815902214079,0.0221005595991564
0.00010379751444237663,0.9489428697298605,0.008784769214208812,0.04216856354148821

Transition Gammas
365.9172654898269,4879.082734510163,1.0,1.0
1.0,1.0,718.3072462365639,11935.692753763422
49.3758217934946,94.32818747195482,2963.242984279474,116.8795085229715
68.48077810017668,138.64049231133316,3812.8861049951283,143.79014323927768

23.293080191495545,32.9414497188371,865.223809356659,48.3757664838942
77.05926654082016,101.72662452202484,111.81874743036319,2790.645032036354
5692.672812056532,1.0986004369494318,68.1950891571151,130.22063293734334
1.1651356272427507,10651.96167441985,98.60975615424988,473.34559016934276

Iteration: ,48709
Error:,0.025074058479202178
Absolute Error:,0.038231114617215546
Transition Probabilities
0.06891688532310189,0.9307106751983134,0.0001862197392923654,0.0001862197392923654
7.709505820676903e-05,7.709505820676903e-05,0.05618763064390258,0.9436581792396839
0.015573863357076957,0.029040281183604553,0.9194448306372763,0.03594102482204218
0.0163982326128015,0.033653018061694344,0.9154645163492052,0.034484232976299004

0.02328736486856404,0.03389690612242009,0.8937671167444037,0.049048612264612164
0.02527899722406959,0.03309858705999637,0.03580848607385028,0.9058139296420837
0.9657693497332408,0.0001818265896703836,0.011913997312085279,0.022134826365003513
0.0001012212963274387,0.9484809367181206,0.008781794436895479,0.04263604754865646

*,*,*,*,*,*,*,*,*,*,*
Model Num 2
Model States: 
"['diamond', 'x', 'diamond']","['diamond', 'x', 'square']","['square', 'y', 'diamond', 'x', 'diamond']","['square', 'y', 'diamond', 'x', 'square']"
Iteration: ,48709
Error:,0.025096150702501797
Absolute Error:,0.038231114617215546
Transition Probabilities
0.06891688532310189,0.9307106751983134,0.0001862197392923654,0.0001862197392923654
7.709505820676903e-05,7.709505820676903e-05,0.05618763064390258,0.9436581792396839
0.015573863357076957,0.029040281183604553,0.9194448306372763,0.03594102482204218
0.0163982326128015,0.033653018061694344,0.9154645163492052,0.034484232976299004

0.02328736486856404,0.03389690612242009,0.8937671167444037,0.049048612264612164
0.02527899722406959,0.03309858705999637,0.03580848607385028,0.9058139296420837
0.9657693497332408,0.0001818265896703836,0.011913997312085279,0.022134826365003513
0.0001012212963274387,0.9484809367181206,0.008781794436895479,0.04263604754865646

Transition Gammas
370.08367418505634,4997.916325814932,1.0,1.0
1.0,1.0,728.8097570820596,12240.190242917928
51.50439877321816,96.03925424753949,3040.7004428735668,118.86073688398072
70.0753927063366,143.81113575530523,3912.100590755513,147.36320828285395

23.293080191495545,33.90522530176743,893.9864703606924,49.060650065368776
79.97082740373949,104.70832247104836,113.28116515137945,2865.5681546709875
5836.600536735645,1.0988640001425856,72.00191549420278,133.77121512317046
1.165550175729876,10921.635689115034,101.12123061570135,490.9485900280146

