0,1,2,3,4,5,6,7,8,9,10,11,12,13,14,15,16,17,18,19,20,21,22,23,24,25,26,27,28,29
github Code Version (SHA):,528ca1c557fe8e6666681dc5c9134b0f84d30530
Environment Observations,Environment Actions,alpha,epsilon,numActions,explore,patience,gainThresh,insertRandActions,useUpdatedPosterior,revisedSplitting,haveControl,confidence_factor
"['diamond', 'square']","['x', 'y']",0.95,0.99,75000,0.5,0,0.01,False,True,False,False,250

Model Num 0
Model States: 
['diamond'],['square']
Iteration: ,0
Error:,0.6250199064296603
Absolute Error:,1
Transition Probabilities
0.5,0.5
0.5,0.5

0.5,0.5
0.5,0.5

Transition Gammas
1.0,1.0
1.0,1.0

1.0,1.0
1.0,1.0

Iteration: ,2490
Error:,0.12216142539296924
Absolute Error:,1
Transition Probabilities
0.5057251908396947,0.49427480916030536
0.03908355795148248,0.9609164420485176

0.064,0.936
0.9547945205479452,0.045205479452054796


Model Num 1
Model States: 
['square'],"['diamond', 'x', 'diamond']","['diamond', 'x', 'square']"
Iteration: ,0
Error:,0.6784345243068429
Absolute Error:,1
Transition Probabilities
0.3333333333333333,0.3333333333333333,0.3333333333333333
0.3333333333333333,0.3333333333333333,0.3333333333333333
0.3333333333333333,0.3333333333333333,0.3333333333333333

0.3333333333333333,0.3333333333333333,0.3333333333333333
0.3333333333333333,0.3333333333333333,0.3333333333333333
0.3333333333333333,0.3333333333333333,0.3333333333333333

Transition Gammas
1.0,1.0,1.0
1.0,1.0,1.0
1.0,1.0,1.0

1.0,1.0,1.0
1.0,1.0,1.0
1.0,1.0,1.0

Iteration: ,2500
Error:,0.10833275543910072
Absolute Error:,1
Transition Probabilities
0.9451137884872824,0.013106802518440548,0.04177940899427698
0.003246753246753246,0.09143096132306598,0.9053222854301807
0.9956989247311828,0.002150537634408602,0.002150537634408602

0.0554016620498615,0.4948526354798418,0.44974570247029666
0.8965118558125429,0.03246544118887175,0.07102270299858547
0.9741797267652414,0.009752829287414203,0.016067443947344405

Transition Gammas
706.0,9.79078148127509,31.209218518724903
1.0,28.160736087504326,278.8392639124957
463.0,1.0,1.0

40.0,357.28360281644575,324.71639718355414
33.12488410296055,1.1995535471844594,2.6241915154316215
150.22623867059713,1.5039636116321522,2.4777272642236676

Iteration: ,5000
Error:,0.10586929902999317
Absolute Error:,1
Transition Probabilities
0.9512195121951219,0.011299543946792978,0.03748094385808507
0.0016233766233766235,0.07919984214018137,0.9191767812364421
0.9978213507625272,0.0010893246187363835,0.0010893246187363835

0.05983493810178817,0.5015824271952056,0.43858263470300624
0.9289916890603361,0.01664484535129698,0.054363465588366876
0.9599951266032178,0.01630772756672885,0.02369714583005321

Transition Gammas
1404.0,16.678126865466435,55.32187313453356
1.0,48.78710275835172,566.2128972416483
916.0,1.0,1.0

87.0,729.300849141829,637.699150858171
116.77728972102287,2.0923114284435607,6.833665194220331
240.4449633936827,4.084511315896429,5.935300298661751

Iteration: ,7500
Error:,0.10311394621000992
Absolute Error:,1
Transition Probabilities
0.9544626593806922,0.012960626488704335,0.0325767141306035
0.0010718113612004291,0.07863250895910004,0.9202956796796995
0.9985744832501782,0.0007127583749109052,0.0007127583749109052

0.05593764328289776,0.5040499298576311,0.44001242685947106
0.9438328909045477,0.012345440640467303,0.04382166845498495
0.9392310543021491,0.02452060478402837,0.03624834091382235

Transition Gammas
2096.0,28.46153576919472,71.53846423080529
1.0,73.36413085884031,858.6358691411593
1401.0,1.0,1.0

122.0,1099.3328970194932,959.6671029805062
200.51769529403472,2.62279406499955,9.309931924613908
309.2840689873528,8.0745120030873,11.936396609242799

Iteration: ,10000
Error:,0.09943055747349852
Absolute Error:,1
Transition Probabilities
0.9558370421088668,0.012668599017998215,0.03149435887313497
0.000801282051282051,0.07520645189949236,0.9239922660492255
0.9989440337909187,0.0005279831045406547,0.0005279831045406547

0.05199724517906339,0.5087008394142877,0.439301915406649
0.9507664924840581,0.013927151444543751,0.03530635607139825
0.9358959107733402,0.024826894199188113,0.0392771950274716

Transition Gammas
2792.0,37.00497773157279,91.99502226842723
1.0,93.85765197056651,1153.1423480294338
1892.0,1.0,1.0

151.0,1477.2672376590906,1275.732762340908
288.7689190507867,4.229985490538241,10.72332518968195
371.7069872085308,9.860423513229907,15.599606389560515

Iteration: ,12500
Error:,0.10093339277437836
Absolute Error:,1
Transition Probabilities
0.9569980827170638,0.011515075679487764,0.03148684160344842
0.000641025641025641,0.06944309606866679,0.9299158782903076
0.9991529013130029,0.00042354934349851756,0.00042354934349851756

0.05128205128205131,0.5151397782259582,0.43357817049199054
0.9509566836410126,0.013810268962836722,0.03523304739615059
0.9305525074724934,0.025171179162663187,0.04427631336484346

Transition Gammas
3494.0,42.04154130580983,114.95845869419017
1.0,108.33122986712019,1450.66877013288
2359.0,1.0,1.0

186.0,1868.4119756255498,1572.5880243744489
379.2405492476139,5.507521085682389,14.050903133698842
446.56605954108494,12.079484179999838,21.247913074834067

Iteration: ,15000
Error:,0.10310085915882605
Absolute Error:,1
Transition Probabilities
0.9582671807666138,0.011596552629130698,0.030136266604255554
0.0005350454788657034,0.06783861897447362,0.9316263355466607
0.9992857142857143,0.00035714285714285714,0.00035714285714285714

0.05071461502996775,0.5197362040065389,0.42954918096349326
0.9565765494695636,0.011624960422454226,0.03179849010798225
0.9208547681865179,0.02992299816077908,0.04922223365270301

Transition Gammas
4225.0,51.12920054183725,132.87079945816274
1.0,126.79037886329124,1741.2096211367095
2798.0,1.0,1.0

220.0,2254.6156529803648,1863.384347019633
478.68086744465256,5.817251261402786,15.912295609545943
524.2831265380782,17.036479120395686,28.024382830148845

Iteration: ,17500
Error:,0.09990068440101867
Absolute Error:,1
Transition Probabilities
0.9577877662692984,0.011334447159113642,0.030877786571587934
0.0004570383912248626,0.06726871472422173,0.9322742468845534
0.9993896856881294,0.0003051571559353067,0.0003051571559353067

0.05128205128205127,0.5224497789037342,0.4262681698142145
0.9560556384090809,0.010933685556693646,0.03301067603422545
0.9208028112575888,0.031172404026182123,0.0480247847162291

Transition Gammas
4901.0,57.9983661131845,158.00163388681545
1.0,147.18394781659725,2039.816052183404
3275.0,1.0,1.0

260.0,2648.820379041933,2161.179620958068
571.3411261743416,6.533996525131677,19.72725860657565
596.8947367669399,20.206979896367393,31.13124860287103

Iteration: ,20000
Error:,0.09656577434821746
Absolute Error:,1
Transition Probabilities
0.9563348805226062,0.011430286983029784,0.032234832494364055
0.000397614314115308,0.06706746875947599,0.9325349169264087
0.9994670929922729,0.0002664535038635758,0.0002664535038635758

0.05056955471177079,0.5244129263627736,0.4250175189254556
0.9568346852252274,0.010210742319085366,0.03295457245568724
0.9170519719550795,0.03279748556431191,0.050150542480608434

Transition Gammas
5563.0,66.48997938028425,187.5100206197157
1.0,168.67468393008218,2345.3253160699187
3751.0,1.0,1.0

293.0,3038.448495345911,2462.55150465409
655.8273199851112,6.9985796643733105,22.587505729666564
687.4576392134895,24.58626412428106,37.59478698409436

Iteration: ,21850
Error:,0.0995004743698702
Absolute Error:,1
Transition Probabilities
0.957149584052739,0.011433440279295931,0.03141697566796509
0.0003645643456069995,0.06853856857405936,0.9310968670803336
0.9995127892813642,0.000243605359317905,0.000243605359317905

0.050426809990515326,0.5234287146731832,0.4261444753363015
0.9578415369274814,0.009766397581149954,0.03239206549136863
0.917846167623935,0.03137939996732741,0.0507744324087375


Model Num 2
Model States: 
"['diamond', 'x', 'diamond']","['diamond', 'x', 'square']","['square', 'y', 'diamond', 'x', 'diamond']","['square', 'y', 'diamond', 'x', 'square']"
Iteration: ,0
Error:,0.6229039762222461
Absolute Error:,0.7
Transition Probabilities
0.25,0.25,0.25,0.25
0.25,0.25,0.25,0.25
0.25,0.25,0.25,0.25
0.25,0.25,0.25,0.25

0.25,0.25,0.25,0.25
0.25,0.25,0.25,0.25
0.25,0.25,0.25,0.25
0.25,0.25,0.25,0.25

Transition Gammas
1.0,1.0,1.0,1.0
1.0,1.0,1.0,1.0
1.0,1.0,1.0,1.0
1.0,1.0,1.0,1.0

1.0,1.0,1.0,1.0
1.0,1.0,1.0,1.0
1.0,1.0,1.0,1.0
1.0,1.0,1.0,1.0

Iteration: ,2500
Error:,0.032327481863830124
Absolute Error:,0.06092119245734617
Transition Probabilities
0.07133865350857763,0.9208792453241073,0.0038910505836575893,0.0038910505836575893
0.0014771048744460853,0.0014771048744460853,0.051352403605877533,0.9456933866452303
0.014218449780804842,0.02324610340502897,0.9172030305106045,0.0453324163035618
0.021758943973715417,0.03324807874862085,0.8936928899851676,0.05130008729249604

0.018295601756394924,0.06978722048333186,0.7537044273806007,0.15821275037967245
0.020121228952107016,0.03172170183552223,0.06701279932379384,0.881144269888577
0.9581508746350511,0.004039423590086449,0.011069234938770368,0.026740466836091912
0.0017952338916328984,0.9417878908227746,0.018688459021351682,0.03772841626424094

Transition Gammas
18.33403395170444,236.66596604829547,1.0,1.0
1.0,1.0,34.765577241179095,640.234422758821
2.076754956546583,3.395339239581687,133.9672024121762,6.6212788104193745
4.4318095265948045,6.771888944477657,182.02522459135727,10.448678752639292

1.0,3.814426079696389,41.19593536283418,8.647583855741274
3.216109276000716,5.070289680942615,10.711099507341942,140.83912402312686
289.78196436741734,1.2216782699208895,3.3477657115567414,8.087353686146727
1.1185962220680579,586.8206820146324,11.644632911059405,23.508281619730536

Iteration: ,5000
Error:,0.027514116893448556
Absolute Error:,0.04790917477671803
Transition Probabilities
0.0740008773421136,0.9222816505389272,0.0018587360594795542,0.0018587360594795542
0.0007541478129713426,0.0007541478129713426,0.05167669526239703,0.9468150091116603
0.013937419847211047,0.02477284404943912,0.9178564844104595,0.04343325169289024
0.019693548536415823,0.029010155089508313,0.9121094459374799,0.03918685043659599

0.01924332687614835,0.03829176575294337,0.8355308816706245,0.10693402570028389
0.02009327656391918,0.03676821180160915,0.05043199365027795,0.8927065179841938
0.9609243670448423,0.0020201066468064186,0.008457560611218856,0.028597965697132372
0.0009288681660523783,0.9440515373568505,0.014805351759869382,0.040214242717227754

Transition Gammas
39.81247201005711,496.18752798994274,1.0,1.0
1.0,1.0,68.52329791793844,1255.4767020820611
4.324530530005559,7.686567641736321,284.79434734047146,13.476556279597542
8.409761520954072,12.388244075846913,389.49927724603924,16.734011461656312

1.9169199030958897,3.814426079696389,83.23123059926186,10.652210166274022
6.903800756808015,12.633101806712762,17.327807877552804,306.7228938426866
585.3770739654303,1.2306110226367846,5.1521870537075625,17.42134350556008
1.1310480675394818,1149.5362915956923,18.027923777827326,48.96738113675359

Iteration: ,7500
Error:,0.026781246767129157
Absolute Error:,0.04352952316677234
Transition Probabilities
0.0654583180945342,0.9320816573052199,0.0012300123001230015,0.0012300123001230015
0.0005017561465127947,0.0005017561465127947,0.04778236775951391,0.9512141199474605
0.0252713532528766,0.022119998937342907,0.907644171668268,0.04496447614151245
0.02347090517279896,0.028611072325864708,0.9148592126602167,0.03305880984111952

0.01881839233211611,0.03769822774793988,0.857518714865604,0.08596466505433997
0.0200285211904289,0.031641644949152795,0.04562246486232728,0.902707368998091
0.9600811669372837,0.001343197451690151,0.0074515611554769375,0.031124074455549308
0.0006309450127550427,0.945951414408744,0.011445367579817171,0.041972272998683835

Transition Gammas
53.217612610856285,757.7823873891435,1.0,1.0
1.0,1.0,95.23025894471124,1895.769741055289
11.970953331478661,10.478167604306984,429.9479300497157,21.299518077970795
15.656960252543387,19.085860510734076,610.2838481872658,22.052855135670658

2.8609626153928005,5.731266430732956,130.36868091240913,13.069219124818549
9.99385452745752,15.788584370493023,22.764749962469764,450.43396069311336
883.1363185281843,1.2355480905080265,6.854362435968298,28.62966328144469
1.136596546849792,1704.0551702119178,20.61790648260067,75.60966421690688

Iteration: ,10000
Error:,0.023990212554973352
Absolute Error:,0.04020377780185075
Transition Probabilities
0.06801421344122385,0.930187225407697,0.0008992805755395682,0.0008992805755395682
0.00037893141341417203,0.00037893141341417203,0.04733759731349026,0.9519045398596814
0.0263705731872565,0.02006103592829001,0.9085207521541956,0.045047638730257786
0.019812617069776148,0.02931721062142117,0.9209158845305763,0.029954287778226327

0.017219846780905917,0.034651375660500125,0.8760189298645239,0.07210984769407017
0.016692062372030164,0.030930597231376707,0.043140544890902535,0.9092367955056906
0.9646745381881139,0.0009908800279189456,0.006439796115470445,0.02789478566849676
0.0004830204341939584,0.9465690193318559,0.00978438356849717,0.04316357666545306

Transition Gammas
75.63180534664095,1034.3681946533593,1.0,1.0
1.0,1.0,124.92391931030079,2512.076080689699
16.527166390805128,12.572805164469854,569.3950424865207,28.23259909904537
18.11346650417517,26.802936266155818,841.9371842124798,27.385377025987033

3.5151418774426606,7.073495092318894,178.82451946168203,14.720011660411707
11.15471377130327,20.669822050845198,28.829297391221594,607.6107300675891
1205.9301927042998,1.2386894187748545,8.050326056176365,34.87099837820713
1.140240726007119,2234.515290476094,23.09747545627726,101.89396661077271

Iteration: ,12500
Error:,0.02646090148651393
Absolute Error:,0.04287229793068314
Transition Probabilities
0.0721319630644373,0.9264103109880408,0.0007288629737609328,0.0007288629737609328
0.000300480769230769,0.000300480769230769,0.04614585836437152,0.9532531800971669
0.02622144930899303,0.020356278335405136,0.9075737454311913,0.04584852692441057
0.019696190423192053,0.02941751875035783,0.919208291230125,0.03167799959632494

0.020151059845538555,0.041532542922557134,0.8617414822161134,0.07657491501579099
0.01622302587716509,0.030688533017378825,0.04208889068570322,0.9109995504197529
0.9640389470628983,0.0008086089397588629,0.006152141583430547,0.02900030241391226
0.00038326212308208553,0.9463405634770634,0.009121946782827968,0.04415422761702671

Transition Gammas
98.96505332440799,1271.0349466755922,1.0,1.0
1.0,1.0,153.57341663662854,3172.426583363374
21.243616719503017,16.491879212967746,735.2815843787712,37.1447253604685
22.43957706071312,33.51494196341376,1047.2403466214037,36.090274200129834

5.030149936439181,10.367440707507605,215.10972103812637,19.1147913237326
13.213114525791571,24.994788546686358,34.28000035902671,741.9788073927594
1478.8528203002052,1.2404204360473132,9.437494158572445,44.48697756977119
1.1429073178667153,2822.0361211128557,27.202113392906103,131.67017249822058

Iteration: ,15000
Error:,0.027768776136120568
Absolute Error:,0.042765178864830264
Transition Probabilities
0.06944782156634666,0.9293378493504717,0.0006071645415907711,0.0006071645415907711
0.0002507522567703106,0.0002507522567703106,0.04945997360635164,0.9500385218801077
0.0243226554161676,0.021133727282467436,0.9103855206876859,0.04415809661367909
0.02150324004479571,0.031392823721494954,0.9173697902410708,0.02973414599263851

0.01677792232496412,0.05166193623048312,0.8642425576107625,0.06731758383379022
0.01817784593915148,0.03566711031648834,0.041885050623052915,0.9042699931213073
0.966208460197902,0.0006716766999126328,0.006153037815560311,0.026966825286625085
0.00032182576273415706,0.9483262604537986,0.008417557074664923,0.04293435670880233

Transition Gammas
114.38056211977293,1530.6194378802268,1.0,1.0
1.0,1.0,197.2463747421306,3788.7536252578743
23.774030163957004,20.657031943816765,889.8507362511084,43.16206034719003
29.205730727207804,42.63777711948031,1245.9729331599135,40.38495870647458

5.171853820401429,15.924974325659273,266.4058210999188,20.75088299896072
17.9852090394385,35.289133653241855,41.441180302919555,894.6871322828191
1788.4985735105683,1.2433060453724212,11.389570480093067,49.916897381915945
1.1458975160013019,3376.624347847699,29.97167678780731,152.8726982133203

Iteration: ,17500
Error:,0.0268997568540044
Absolute Error:,0.04366031748200275
Transition Probabilities
0.07126929903938974,0.9276879480930399,0.0005213764337851929,0.0005213764337851929
0.0002135383301302582,0.0002135383301302582,0.051254494609339576,0.9483184287304
0.025029750376712033,0.020079403775811494,0.90636207135483,0.04852877449264634
0.019819822411980024,0.031011503303865255,0.9158437014735071,0.03332497281064777

0.01447815755857271,0.05002397565291952,0.8707263127519876,0.06477155403652021
0.016837654099495055,0.03668367784515428,0.04293969729544671,0.903538970759904
0.9679121608295483,0.0005786097389675405,0.005831672561495809,0.025677556869988575
0.0002746271088772882,0.9477383768806654,0.007868753603899775,0.04411824240655743

Transition Gammas
136.6945155575495,1779.3054844424503,1.0,1.0
1.0,1.0,240.02479825553746,4440.975201744467
28.368221941848002,22.757597427027456,1027.2527697195703,55.00154914266175
31.207600300702424,48.829630241588816,1442.0555128801348,52.47233854516536

5.171853820401429,17.869448411896187,311.0388313507454,23.137544113737263
19.111586246277366,41.63782370308611,48.73872116636385,1025.5622822818555
2082.3646520579855,1.2448200534332226,12.546250885026177,55.24265417994795
1.1482563766637781,3962.6336930505463,32.900417365975585,184.46486720713318

Iteration: ,20000
Error:,0.025506225125855257
Absolute Error:,0.04211332622088385
Transition Probabilities
0.07166328459309573,0.9274184417613579,0.0004591368227731865,0.0004591368227731865
0.0001862197392923651,0.0001862197392923651,0.048750464667099445,0.9508770958543158
0.024178137165228087,0.019585653167842075,0.9069690052139319,0.04926720445299811
0.01870039046069547,0.030763076885370447,0.9173009940771689,0.03323553857676512

0.012978638548651254,0.04636720674684679,0.8775160871439194,0.06313806756058267
0.01609784111821251,0.034926986589200834,0.04098126784307496,0.9079939044495118
0.9708033610844281,0.0005129199112956476,0.005575205533318218,0.023108513470958048
0.0002385320194978798,0.9486951768161207,0.0071725971824787085,0.043893693981902654

Transition Gammas
156.08263384376247,2019.917366156237,1.0,1.0
1.0,1.0,261.7899952623239,5106.210004737673
31.37134455144655,25.412556376640442,1176.8002210264806,63.92462890831586
33.5175927791386,55.13811520911052,1644.1218829092911,59.56962503818951

5.171853820401429,18.476854444794064,349.68112493052087,25.15986978926209
21.016192241919185,45.5981804764566,53.50221790506023,1185.4120257661389
2358.242299535226,1.2459674941175418,13.54309847319374,56.13441004748801
1.150297568502432,4574.990634124356,34.589155435905695,211.6730892827629

Iteration: ,22500
Error:,0.025607083663651
Absolute Error:,0.0415357869646968
Transition Probabilities
0.07081271374986531,0.9283709597195225,0.00040816326530612274,0.00040816326530612274
0.00016545334215751172,0.00016545334215751172,0.04939427695907964,0.9502748163566054
0.02372068509685228,0.02030786433278766,0.906783771559829,0.049187679010531095
0.01802475419256089,0.03210961744146111,0.9165509367788296,0.03331469158714841

0.01595223592519801,0.046092080655646864,0.8792947885732056,0.05866089484594949
0.016496485992651817,0.03573582348136866,0.04089256646010286,0.9068751240658767
0.9707462777117566,0.0004553083164941597,0.006460448415484622,0.022337965556264557
0.00021210097328306672,0.9489431451590213,0.006837832254768411,0.04400692161292703

Transition Gammas
173.49114868716987,2274.5088513128285,1.0,1.0
1.0,1.0,298.5390099406771,5743.460990059318
34.17721582878222,29.259958533635032,1306.5113652535254,70.87054673150493
36.2410741180554,64.56049348393717,1842.8429080316546,66.98344921276647

7.235745571057784,20.906822719323287,398.83771791657404,26.607888202392964
24.350806873982982,52.75039402119785,60.36236983409875,1338.6572761486427
2659.666465359071,1.2474611426098956,17.700441810963742,61.201921921748415
1.1520624890934796,5154.345993316464,37.140848179507586,239.03107499213888

Iteration: ,25000
Error:,0.02593310701907361
Absolute Error:,0.04093192714548095
Transition Probabilities
0.06940649398729735,0.9298546807448785,0.00036941263391208006,0.00036941263391208006
0.0001492537313432835,0.0001492537313432835,0.04810109069696832,0.9516004018403451
0.023209579125941807,0.02105342165305488,0.9099123593904777,0.04582463983052567
0.01656676331371757,0.031249270729049587,0.9182961676119659,0.03388779834526704

0.014518024579127877,0.0468925531720293,0.8791393895249238,0.05945003272391908
0.01678421312136244,0.03686622682021083,0.038931124661847505,0.9074184353965793
0.9709227608019705,0.0004107732713472895,0.006592752561737585,0.022073713364944635
0.0001909737763435637,0.9488581119493557,0.006415484651853721,0.04453542962244707

Transition Gammas
187.88337922361382,2517.1166207763845,1.0,1.0
1.0,1.0,322.27730766968796,6375.722692330316
37.47617274361644,33.9946563629065,1469.2223662063248,73.99238516493779
37.08723752649413,69.95627957685326,2055.7466442279883,75.86302783961409

7.340500133231051,23.70947858165858,444.5041934433776,30.058701908929624
27.7801472055377,61.01860126374901,64.43628701346425,1501.9004781493995
2951.4891184863063,1.2487016367245587,20.04117962047647,67.10144970482148
1.1536167276871294,5731.774336268943,38.75406640796589,269.02550481465283

Iteration: ,27500
Error:,0.026201176266215726
Absolute Error:,0.04090328338959805
Transition Probabilities
0.06872869448649538,0.9306017373849476,0.0003347840642785406,0.0003347840642785406
0.00013579576317218912,0.00013579576317218912,0.04969660895552953,0.950031799518126
0.022011743238875375,0.02323255626102566,0.9100461844942848,0.04470951600581432
0.01640558794010348,0.031913239847253534,0.9196599240290327,0.03202124818361015

0.014860094296860728,0.044202007745437935,0.8793861210217546,0.061551776935946836
0.019407320661409655,0.03545914531176171,0.03869640050786512,0.9064371335189635
0.9707135311967678,0.00037246848310883564,0.006465881825669846,0.02244811849445341
0.0001742745860595211,0.9478688356319185,0.0062209966822766045,0.04573589309974538

Transition Gammas
205.29261043116153,2779.7073895688363,1.0,1.0
1.0,1.0,365.9658283485192,6996.034171651476
39.391493114319836,41.57622002277173,1628.5887774171224,80.01068215156909
40.337932876515715,78.46802757271617,2261.2527158518083,78.73359763567058

8.297375749913787,24.68091115962691,491.01956754864614,34.368437447958854
35.1650582207305,64.25013174667012,70.11587021889001,1642.417061568311
3257.290471573298,1.249841484640685,21.696674234166146,75.32607728933539
1.1548366227838205,6281.08589860222,41.22365148786518,303.0704907786882

Iteration: ,30000
Error:,0.02607617212195558
Absolute Error:,0.040566266329702796
Transition Probabilities
0.0689997399566049,0.9303916173166756,0.00030432136335970813,0.00030432136335970813
0.00012475049900199594,0.00012475049900199594,0.05161245418661813,0.9481380448153779
0.02213312813779984,0.02384234082738727,0.9113644557644608,0.04266007527035218
0.016212870339071404,0.030230331849769986,0.9202312896604741,0.03332550815068445

0.01540037127109883,0.044643007401948764,0.8796231693385556,0.060333451988396826
0.018080402391934747,0.034568026886637813,0.037882692548226286,0.9094688781732012
0.9714200466991837,0.00033880674600669347,0.006492878730372032,0.021748267824437704
0.00016079715387851758,0.9472695136296161,0.006185699365532006,0.04638398985097334

Transition Gammas
226.73314549740348,3057.2668545025936,1.0,1.0
1.0,1.0,413.72543275993115,7600.274567240072
43.10031751190783,46.42870422516179,1774.7196495659925,83.07288413036947
43.65820489062755,81.40458747938854,2478.0094672036016,89.73931404488069

9.448579305496935,27.389793950279408,539.67460447172,37.016341739538106
35.64671015906292,68.15315325882044,74.68823602697552,1793.0780961705718
3586.161511101251,1.2507624444844418,23.969560725277653,80.28741147574031
1.1557658082942122,6808.713268144892,44.46110925862741,333.3953880957521

Iteration: ,32500
Error:,0.026905521950774572
Absolute Error:,0.04097065101506177
Transition Probabilities
0.0676930276015397,0.9317431156180825,0.0002819283901888922,0.0002819283901888922
0.00011524720525527242,0.00011524720525527242,0.05157936542888527,0.9481901401606041
0.02226487971097313,0.024482015376434938,0.9098226092769874,0.04343049563560443
0.01626937034748611,0.03152505498637245,0.9190090903352128,0.03319648433092852

0.015578964651264633,0.045405634601573715,0.8804665993436745,0.058548801403487005
0.01824077728580256,0.03674810037493581,0.0377821914025317,0.90722893093673
0.9704235182196014,0.00031294059654164664,0.007053418108065498,0.022210123075791437
0.00014855622751293706,0.9462615474692206,0.006021824283900962,0.04756807201936544

Transition Gammas
240.10716890266116,3304.8928310973365,1.0,1.0
1.0,1.0,447.55415382643804,8227.445846173572
47.148525530431854,51.84357346621467,1926.6573670514244,91.9692295155502
47.49605441286708,92.0328012099579,2682.9130340145766,96.91229546208572

10.392899905735765,30.290601855384633,587.3690224067335,39.0585540315638
39.03469461806412,78.63978894397614,80.85271149859247,1941.4416235075435
3881.0465941321368,1.251553588274428,28.208966303208257,88.82567343040185
1.1569916995370007,7369.7129655341005,46.899418686012446,370.47160802862516

Iteration: ,35000
Error:,0.02605832061304388
Absolute Error:,0.040878300387475155
Transition Probabilities
0.0690638720731843,0.9304137983368443,0.0002611647949856361,0.0002611647949856361
0.00010690613641222994,0.00010690613641222994,0.053707626965596104,0.9460785607615795
0.021368204623867203,0.02559393324849286,0.9103185909062502,0.0427192712213896
0.015686323015116254,0.03202012435216317,0.918709912561231,0.03358364007148954

0.016882432184213075,0.04153846485947664,0.8844713327062689,0.057107770250041295
0.019094083639940078,0.03676638880140113,0.03709471408856481,0.907044813470094
0.9703143407058747,0.0002898404951788319,0.006907130077642966,0.02248868872130352
0.00013813836718455872,0.9462128622096677,0.005966152130344447,0.04768284729280332

Transition Gammas
264.4455661682225,3562.5544338317745,1.0,1.0
1.0,1.0,502.38114263618655,8849.618857363825
48.511276515203214,58.10475867226077,2066.6554658063305,96.98364533789916
49.11630446862684,100.2599637460343,2876.622886078478,105.15557338239809

12.31097570342355,30.290601855384633,644.9725352667879,41.644021687964106
43.87658049911618,84.48603495860371,85.24049854867614,2084.3118488953733
4192.893961397892,1.2524502741243895,29.84688855785722,97.17746423361659
1.1580029134694365,7932.026949016453,50.01377741717677,399.7215054222582

Iteration: ,37500
Error:,0.026552310873407925
Absolute Error:,0.04089771914799596
Transition Probabilities
0.07073958047002236,0.9287739198948523,0.00024324981756263694,0.00024324981756263694
9.983028850953363e-05,9.983028850953363e-05,0.054133724031527296,0.9456666153914536
0.021780339467456444,0.02583646206627243,0.9106032614173838,0.041779937048887314
0.016322802722387363,0.03279831073198482,0.9177248835995719,0.03315400294605585

0.018119430133130453,0.03979006046568845,0.8841912095980138,0.05789929980316729
0.018229232950299004,0.035873325749826136,0.03643268634792004,0.9094647549519548
0.9705409320938257,0.000270539704227521,0.006549587251445669,0.02263894095050107
0.00012926094418718072,0.9468126725138188,0.005622578614590977,0.047435487927402924

Transition Gammas
290.8104153122618,3818.189584687736,1.0,1.0
1.0,1.0,542.2575136238098,9472.742486376206
53.17009383355139,63.07188712293854,2222.961718619827,101.99304636956762
54.84497225087945,110.20303758889848,3083.5755740603895,111.39817116628491

14.234224913043747,31.25819442503445,694.6011243776305,45.48441367364603
44.80380812022109,88.16945879793772,89.54425525675418,2235.2824435381917
4495.7623056368075,1.2532003177034858,30.339150579670996,104.86862944072188
1.158995895989898,8489.432044730274,50.41387853205685,425.3220969245455

Iteration: ,40000
Error:,0.026962259668380402
Absolute Error:,0.03967933991978434
Transition Probabilities
0.06924371892425424,0.930298090926834,0.0002290950744558993,0.0002290950744558993
9.376465072667586e-05,9.376465072667586e-05,0.05373679119106134,0.9460756795074853
0.021631227944348592,0.025717465300684975,0.9113275166206867,0.041323790134279725
0.016115515593332363,0.03353917253667342,0.9186554796350831,0.03168983223491114

0.01791157735134998,0.037971150819123556,0.8888076171421792,0.05530965468734734
0.017837845935768117,0.0353858148160873,0.035839751067660505,0.9109365881804841
0.9700351595787715,0.0002537587489245248,0.006632621895373886,0.023078459776930123
0.00012135272804356956,0.9473877419961809,0.005307598216752484,0.04718330705902305

Transition Gammas
302.2488331043696,4060.751166895629,1.0,1.0
1.0,1.0,573.1028780526702,10089.89712194735
57.05101973983172,67.8282168863715,2403.569703668264,108.9889290030526
57.69089884534298,120.064728861066,3288.635727626055,113.44439433551564

15.198383902225784,32.21939173965934,754.1736339335428,46.93150965704817
46.95991177128859,93.15669322979053,94.35172576905711,2398.13158854666
4793.604892526286,1.2539949385898237,32.7763055328299,114.04639987142623
1.1599769013564258,9055.81534969064,50.73385190733402,451.01208024284324

Iteration: ,42500
Error:,0.02533209427265039
Absolute Error:,0.03894238836785281
Transition Probabilities
0.06943180330571933,0.9301391962652803,0.00021450021450021466,0.00021450021450021466
8.853474988933134e-05,8.853474988933134e-05,0.05462385295258639,0.945199077547635
0.021737725929503883,0.02421339904001301,0.9144008455776984,0.03964802945278454
0.016724286135836163,0.03319621798632781,0.9188495070624754,0.031229988815360602

0.017708826276765188,0.03529719804648125,0.8915334077296099,0.055460567947143664
0.017498806246001097,0.03519251884305633,0.035201580836533096,0.9121070940744095
0.9700628723638953,0.00023756707068536807,0.006513015808599081,0.02318654475682024
0.00011477473212121051,0.947039870511409,0.005053800081808344,0.047791554674661424

Transition Gammas
323.6910670112632,4336.308932988733,1.0,1.0
1.0,1.0,616.9764190994649,10676.023580900564
60.89319333177349,67.8282168863715,2561.481714006077,111.06475123119557
63.763238267342025,126.56434719215098,3503.2179893832654,119.06787540864472

16.16467149345159,32.21939173965934,813.7944568520015,50.62457825802271
49.10655456425322,98.76007097426931,98.78550146769106,2559.628134281625
5123.458258060374,1.2547279200368902,34.39897101527983,122.46143790735037
1.1609068422387687,9578.981760450019,51.11744532831655,483.3950974893158

Iteration: ,45000
Error:,0.025440201570154496
Absolute Error:,0.038872640490019435
Transition Probabilities
0.06965211530755684,0.9299417933218848,0.000203045685279188,0.000203045685279188
8.359806052499568e-05,8.359806052499568e-05,0.05416354268528686,0.9456692611936631
0.022027310025159848,0.023818713833606987,0.9141485481489424,0.040005427992290794
0.01678677568629672,0.03401599191926448,0.9185911345875946,0.03060609780684425

0.016882897272027516,0.03465154097245827,0.8925229166318307,0.055942645123683445
0.017860188418962985,0.03532040444191442,0.034270467837078204,0.9125489393020444
0.9688495658552546,0.0002250252958348082,0.00630495933813727,0.024620449510773225
0.00010830717818242849,0.9467794732976513,0.004938563625803425,0.04817365589836283

Transition Gammas
343.03666788971714,4579.963332110278,1.0,1.0
1.0,1.0,647.9042976014025,11312.095702398618
65.51561936986757,70.8437747332732,2718.943359839897,118.98776519138536
67.85736281708105,137.50320778591637,3713.230763615193,123.7193563615352

16.16467149345159,33.17740832846981,854.5535470167675,53.562754444840905
53.10429496829324,105.01933864770196,101.89752706020313,2713.312251188033
5404.3507780126065,1.2552161609773065,35.16976536426571,137.33560932249628
1.1618041629359255,10156.04276575965,52.975655682932555,516.7557211424138

Iteration: ,47499
Error:,0.02548435184672028
Absolute Error:,0.03902168161376177
Transition Probabilities
0.06882036366122174,0.9307956117612053,0.0001920122887864826,0.0001920122887864826
7.935878104912286e-05,7.935878104912286e-05,0.054268200277322695,0.9455730821605791
0.021191632616879633,0.023785541554999106,0.9157559271824519,0.03926689864566929
0.016377731399564614,0.03355428626454408,0.9189551076726026,0.031112874663288593

0.017641248502213908,0.03746439873139277,0.8908624721355558,0.05403188063083754
0.018040779778907914,0.036781217948405776,0.0342794051950971,0.9108985970775891
0.9686816675879357,0.0002130464952055779,0.0060601452104020155,0.02504514070645669
0.00010296232352561292,0.9468220500779324,0.004867071453620227,0.04820791614492168

*,*,*,*,*,*,*,*,*,*,*
Model Num 2
Model States: 
"['diamond', 'x', 'diamond']","['diamond', 'x', 'square']","['square', 'y', 'diamond', 'x', 'diamond']","['square', 'y', 'diamond', 'x', 'square']"
Iteration: ,47499
Error:,0.025723510540791462
Absolute Error:,0.03902168161376177
Transition Probabilities
0.06882036366122174,0.9307956117612053,0.0001920122887864826,0.0001920122887864826
7.935878104912286e-05,7.935878104912286e-05,0.054268200277322695,0.9455730821605791
0.021191632616879633,0.023785541554999106,0.9157559271824519,0.03926689864566929
0.016377731399564614,0.03355428626454408,0.9189551076726026,0.031112874663288593

0.017641248502213908,0.03746439873139277,0.8908624721355558,0.05403188063083754
0.018040779778907914,0.036781217948405776,0.0342794051950971,0.9108985970775891
0.9686816675879357,0.0002130464952055779,0.0060601452104020155,0.02504514070645669
0.00010296232352561292,0.9468220500779324,0.004867071453620227,0.04820791614492168

Transition Gammas
358.4164539476423,4847.58354605235,1.0,1.0
1.0,1.0,683.8335916945452,11915.166408305491
66.9164917728076,75.10723805720794,2891.6683803962346,123.99248079044422
70.06296963025969,143.54325896322175,3931.235787769067,133.0990440288949

17.649327584721714,37.48155613203923,891.2704563785411,54.05662536597427
56.914365319141716,116.03598629622316,108.14336265429111,2873.668220449054
5709.239739154505,1.2556586517674113,35.717432277237954,147.61166374714975
1.162865210760504,10693.488502546039,54.96911761410083,544.4642918751123

