0,1,2,3,4,5,6,7,8,9,10,11,12,13,14,15,16,17,18,19,20,21,22,23,24,25,26,27,28,29
github Code Version (SHA):,528ca1c557fe8e6666681dc5c9134b0f84d30530
Environment Observations,Environment Actions,alpha,epsilon,numActions,explore,patience,gainThresh,insertRandActions,useUpdatedPosterior,revisedSplitting,haveControl,confidence_factor
"['diamond', 'square']","['x', 'y']",0.9,0.99,75000,0.5,0,0.01,False,True,False,False,250

Model Num 0
Model States: 
['diamond'],['square']
Iteration: ,0
Error:,0.5632029785150523
Absolute Error:,1
Transition Probabilities
0.5,0.5
0.5,0.5

0.5,0.5
0.5,0.5

Transition Gammas
1.0,1.0
1.0,1.0

1.0,1.0
1.0,1.0

Iteration: ,2484
Error:,0.09362625445101205
Absolute Error:,1
Transition Probabilities
0.46808510638297873,0.5319148936170213
0.07397260273972603,0.9260273972602739

0.066,0.934
0.9246298788694481,0.07537012113055182


Model Num 1
Model States: 
['square'],"['diamond', 'x', 'square']","['diamond', 'x', 'diamond']"
Iteration: ,0
Error:,0.620994678783645
Absolute Error:,1
Transition Probabilities
0.3333333333333333,0.3333333333333333,0.3333333333333333
0.3333333333333333,0.3333333333333333,0.3333333333333333
0.3333333333333333,0.3333333333333333,0.3333333333333333

0.3333333333333333,0.3333333333333333,0.3333333333333333
0.3333333333333333,0.3333333333333333,0.3333333333333333
0.3333333333333333,0.3333333333333333,0.3333333333333333

Transition Gammas
1.0,1.0,1.0
1.0,1.0,1.0
1.0,1.0,1.0

1.0,1.0,1.0
1.0,1.0,1.0
1.0,1.0,1.0

Iteration: ,2500
Error:,0.07983210524664375
Absolute Error:,1
Transition Probabilities
0.9219178082191781,0.03739166801781057,0.040690523763011355
0.9956616052060737,0.0021691973969631237,0.0021691973969631237
0.0029940119760479035,0.8846007522311687,0.11240523579278336

0.08251748251748253,0.36907967118575125,0.5484028462967662
0.9162959203582838,0.0430098337718913,0.04069424586982493
0.91429439838003,0.05817483733021416,0.027530764289755805

Transition Gammas
673.0,27.295917653001712,29.704082346998288
459.0,1.0,1.0
1.0,295.4566512452104,37.54334875478965

59.0,263.8919648978121,392.1080351021878
74.70713955331392,3.5066637124228786,3.31786995627476
102.14481266459548,6.499282803675364,3.0757322432171037

Iteration: ,5000
Error:,0.0760706171704907
Absolute Error:,1
Transition Probabilities
0.9212376933895922,0.04127030465282607,0.03749200195758181
0.9978700745473909,0.0010649627263045794,0.0010649627263045794
0.0014598540145985407,0.8879159252281383,0.11062422075726315

0.0855354659248957,0.3668751657720044,0.5475893683030999
0.9266951104880301,0.04452139072769797,0.0287834987842721
0.919002643542065,0.04455078749671827,0.03644656896121668

Transition Gammas
1310.0,58.68637321631867,53.31362678368133
937.0,1.0,1.0
1.0,608.2224087812746,75.77759121872523

123.0,527.5664883801422,787.4335116198575
152.09122974515714,7.306948088000821,4.724010817498238
188.17588334278375,9.122262976850598,7.462835234789734

Iteration: ,7500
Error:,0.07378029468137222
Absolute Error:,1
Transition Probabilities
0.9232515894641236,0.04102570769623806,0.035722702839638416
0.9985601151907847,0.0007199424046076314,0.0007199424046076314
0.0009803921568627455,0.8862480475816383,0.11277156026149891

0.07910942681193753,0.3694484545127916,0.5514421186752708
0.9170638984830641,0.048566269475360385,0.03436983204157547
0.9126459708402517,0.04929435267966952,0.03805967648007875

Transition Gammas
2033.0,90.3386083471162,78.6613916528838
1387.0,1.0,1.0
1.0,903.9730085332708,115.02699146672886

167.0,779.9056874765026,1164.094312523496
229.7507883803957,12.167242347142572,8.610627919292776
271.9972178073946,14.691268258317333,11.342981226005953

Iteration: ,10000
Error:,0.08171851763237822
Absolute Error:,1
Transition Probabilities
0.9214018373596461,0.04163053362467961,0.03696762901567425
0.9989165763813651,0.0005417118093174431,0.0005417118093174431
0.0007468259895444363,0.8913666339731422,0.10788654003731347

0.08359900814736099,0.3740764829979381,0.542324508854701
0.8981998201505239,0.06206601734502148,0.039734162504454607
0.9200538519691916,0.04245823340901805,0.03748791462179024

Transition Gammas
2708.0,122.35213832293338,108.64786167706662
1844.0,1.0,1.0
1.0,1193.5399228900371,144.46007710996273

236.0,1056.017911503179,1530.9820884968203
311.78512918995017,21.544494668213414,13.792611300712279
359.1713840996599,16.57488029347882,14.634563132255815

Iteration: ,12500
Error:,0.08072370341425376
Absolute Error:,1
Transition Probabilities
0.9220994475138121,0.041541098583244916,0.03635945390294292
0.9991364421416234,0.0004317789291882556,0.0004317789291882556
0.0005917159763313611,0.8853118475102687,0.11409643651339992

0.0829337094499295,0.3735132656013059,0.5435530249487647
0.8844635244432546,0.0743207667668061,0.041215708789939215
0.9226082151038295,0.04269828202217153,0.034693502873998965

Transition Gammas
3338.0,150.3787768713466,131.62122312865338
2314.0,1.0,1.0
1.0,1496.177022292354,192.82297770764583

294.0,1324.104526556629,1926.8954734433703
382.9819230741914,32.181666506390805,17.846831414752707
455.14931426358095,21.064297352302745,17.115308300961885

Iteration: ,15000
Error:,0.07793825928418628
Absolute Error:,1
Transition Probabilities
0.9178777393310266,0.04459342171357254,0.03752883895540093
0.9992854590925331,0.0003572704537334762,0.0003572704537334762
0.0004928536224741253,0.8841889076271382,0.1153182387503877

0.08170473275253126,0.3744132149628564,0.5438820522846123
0.8890873075115424,0.07157958441718,0.03933310807127763
0.9240720956005689,0.04012739801694367,0.035800506382487524

Transition Gammas
3979.0,193.31248312833696,162.687516871663
2797.0,1.0,1.0
1.0,1794.019293575463,233.98070642453658

347.0,1590.1329239472498,2309.8670760527466
449.11964646393506,36.158201085400066,19.868995364182073
551.2643764671182,23.938397396018832,21.357147263842688

Iteration: ,17500
Error:,0.08169312194828877
Absolute Error:,1
Transition Probabilities
0.9164044059795436,0.04484673466619166,0.03874885935426467
0.999384236453202,0.0003078817733990148,0.0003078817733990148
0.0004198152812762382,0.8804603808652679,0.11911980385345589

0.08037345240511475,0.3757443155572763,0.543882232037609
0.8953541540319598,0.06713290372666733,0.03751294224137294
0.9278393524162404,0.03810013716998559,0.034060510413774066

Transition Gammas
4659.0,228.00079904291837,196.99920095708157
3246.0,1.0,1.0
1.0,2097.2566272210693,283.7433727789321

396.0,1851.2922427506985,2679.707757249297
544.1263954823697,40.79814089046214,22.79743937504308
633.151380910586,25.99927929251827,23.242664957937578

Iteration: ,20000
Error:,0.08037738016968925
Absolute Error:,1
Transition Probabilities
0.9164081351258186,0.04423634410744265,0.039355520766738664
0.9994610617084344,0.00026946914578280785,0.00026946914578280785
0.0003654970760233916,0.8800207866689082,0.11961371625506854

0.08034127266263785,0.37518861650530766,0.5444701108320545
0.8924369244835548,0.06925550450345343,0.0383075710129918
0.928864737872208,0.03575748225688218,0.03537777987090988

Transition Gammas
5317.0,256.65926851138227,228.3407314886177
3709.0,1.0,1.0
1.0,2407.7368723261343,327.26312767386776

452.0,2110.811156458858,3063.188843541135
619.375622323669,48.06521337739266,26.586501504977967
723.229510315542,27.84136950015158,27.545726916817586

Iteration: ,21365
Error:,0.08202989875591087
Absolute Error:,1
Transition Probabilities
0.916343669250646,0.044944159030381944,0.038712171718972066
0.9994937990382182,0.0002531004808909137,0.0002531004808909137
0.00034036759700476485,0.8804327539736764,0.11922687842931877

0.07932011331444769,0.37246219727880686,0.5482176894067455
0.8948940948285331,0.06623510120295456,0.03887080396851249
0.927950613177503,0.03569685747541893,0.036352529347078104


Model Num 2
Model States: 
"['diamond', 'x', 'square']","['diamond', 'x', 'diamond']","['square', 'y', 'diamond', 'x', 'diamond']","['square', 'y', 'diamond', 'x', 'square']"
Iteration: ,0
Error:,0.5616240234405727
Absolute Error:,0.65
Transition Probabilities
0.25,0.25,0.25,0.25
0.25,0.25,0.25,0.25
0.25,0.25,0.25,0.25
0.25,0.25,0.25,0.25

0.25,0.25,0.25,0.25
0.25,0.25,0.25,0.25
0.25,0.25,0.25,0.25
0.25,0.25,0.25,0.25

Transition Gammas
1.0,1.0,1.0,1.0
1.0,1.0,1.0,1.0
1.0,1.0,1.0,1.0
1.0,1.0,1.0,1.0

1.0,1.0,1.0,1.0
1.0,1.0,1.0,1.0
1.0,1.0,1.0,1.0
1.0,1.0,1.0,1.0

Iteration: ,2500
Error:,0.04413830404765385
Absolute Error:,0.1187951233171268
Transition Probabilities
0.0015105740181268882,0.0015105740181268882,0.0920383903126554,0.9049404616510908
0.8356349612916698,0.15776437864232357,0.003300330033003301,0.003300330033003301
0.05115898640123435,0.06917621528754819,0.7877617324508098,0.09190306586040764
0.05619993101613546,0.019865572025841303,0.7183682205014457,0.2055662764565776

0.06733613581400956,0.0386111234185519,0.2654246380548515,0.6286281027125871
0.020569365313213517,0.05968305527097433,0.8132402944595405,0.1065072849562717
0.004120836713148794,0.9379130402309461,0.021785243483688956,0.0361808795722161
0.929721948735119,0.002004727142441475,0.04690184152276785,0.021371482599671775

Transition Gammas
1.0,1.0,60.929414386977875,599.0705856130221
253.19739327137592,47.802606728624035,1.0,1.0
7.796393891820443,10.542136587641307,120.05125963444027,14.00560393621024
9.361086671067921,3.308960316176388,119.65685815386759,34.240677804501985

8.62896618741244,4.947923940229648,34.01353819006917,80.55720122917384
1.0,2.9015506488493665,39.53647971515799,5.177956798105612
1.264661985742083,287.8403223615024,6.685770682455589,11.103711743708159
516.1818099388528,1.1130249062387187,26.039911695776286,11.865451368964301

Iteration: ,5000
Error:,0.03287146197129795
Absolute Error:,0.09095476301986138
Transition Probabilities
0.0007593014426727412,0.0007593014426727412,0.08986571075769534,0.9086156863569592
0.8532076127268071,0.1434140088948145,0.0016891891891891888,0.0016891891891891888
0.04423862003125206,0.054769175963137046,0.8331500312721831,0.06784217273342778
0.06679606108305583,0.017047680609936597,0.7747268484994139,0.14142940980759375

0.03747596190460031,0.032721444772919064,0.20469031015755737,0.7251122831649233
0.02196359748074882,0.06576406090498817,0.8354159743251098,0.07685636728915321
0.0020741312140447345,0.939160162253441,0.019992972634609335,0.03877273389790479
0.9289189519022693,0.001010156288607973,0.05236204355437481,0.01770884825474806

Transition Gammas
1.0,1.0,118.35314106788475,1196.646858932115
505.0989067342699,84.90109326573021,1.0,1.0
14.36671713832957,17.786568803591113,270.5697154346593,22.032091078390412
22.336391847259765,5.700690549956241,259.06621112221876,47.293547927340995

10.142561706960633,8.855790642414348,55.3977535486578,196.24569197708985
2.4437571559780964,7.317170813370093,92.95170189058648,8.551344911049863
1.3015114391733564,589.3203313811158,12.545533479668617,24.329780273515166
1046.286564779766,1.1377881255775162,58.97791466431321,19.946336511622675

Iteration: ,7500
Error:,0.033758685786709805
Absolute Error:,0.08286470428666454
Transition Probabilities
0.000512032770097286,0.000512032770097286,0.09534288655922842,0.903633047900577
0.8535422952370043,0.14429320259849354,0.001082251082251082,0.001082251082251082
0.045668978212800436,0.05007653272141399,0.8444038464387368,0.059850642627048825
0.056362191001704365,0.01778498549589317,0.8063504848090357,0.11950233869336664

0.0387411987510315,0.036211602645306026,0.17858617857454653,0.746461020029116
0.028070922363115466,0.060458691609029405,0.8367051506975043,0.0747652353303508
0.0013653000006867099,0.9459578463610794,0.016915179610884217,0.03576167402734967
0.9251018160019754,0.0006912099693900574,0.059270237344680836,0.0149367366839536

Transition Gammas
1.0,1.0,186.2046574501732,1764.7953425498276
788.673080798992,133.32691920100805,1.0,1.0
23.178713603177215,25.415712275876036,428.56651687772757,30.37643842072304
28.657080868507812,9.04268905347624,409.98496759705904,60.76038072771266

16.25884231405918,15.197225597819763,74.9487525043777,313.27352816933745
4.580533300982099,9.865477402796344,136.53116760099954,12.199978531393956
1.3138477199528,910.3087665625484,16.27771929478814,34.41397045257176
1536.6439911838027,1.1481370242032947,98.45105965238658,24.810724912946192

Iteration: ,10000
Error:,0.030310448247672407
Absolute Error:,0.07174983036644253
Transition Probabilities
0.00039154267815191823,0.00039154267815191823,0.09360682420543993,0.9056100904382562
0.8676159686184204,0.13074064600770938,0.0008216926869350862,0.0008216926869350862
0.04125004472654387,0.049508587581542966,0.8566654856476077,0.05257588204430553
0.05284242823569836,0.0179024372943216,0.8287743520681454,0.10048078240183465

0.03894957560676473,0.036859569175724465,0.15018294606947669,0.7740079091480342
0.026563968496723416,0.054556917639284865,0.8535781605960379,0.06530095326795383
0.0010122467951145296,0.9454312018298717,0.01700785620472973,0.036548695170284064
0.9219717063083533,0.0005278963272069615,0.06424845888916217,0.013251938475277551

Transition Gammas
1.0,1.0,239.0718290206938,2312.9281709793086
1055.8886338086177,159.1113661913823,1.0,1.0
29.555567509875097,35.47279553961966,613.7989610019793,37.67050536436827
36.25984564516698,12.284439505106763,568.6951013421209,68.94871757113499

22.736394901645202,21.516376176849228,87.66767586384324,451.8187735100763
6.404034389122962,13.152567048467358,205.7803936537421,15.742736271580437
1.3253970317792512,1237.9112630482812,22.269432948045633,47.85545612778975
2021.3144398198292,1.1573505581682264,140.8571833606794,29.053315207401603

Iteration: ,12500
Error:,0.032361987707339834
Absolute Error:,0.07021286719995279
Transition Probabilities
0.0003113325031133247,0.0003113325031133247,0.09182937077341093,0.9075479642203624
0.8662424214913503,0.13245038896616596,0.0006535947712418299,0.0006535947712418299
0.04586144189808392,0.04662050168109868,0.8552828402208532,0.052235216199964275
0.054992371176874326,0.016048093678542735,0.8387144206486864,0.09024511449589658

0.039083298433316566,0.04303623368650595,0.14065648674618017,0.7772239811339974
0.027082285063708647,0.05035788179188164,0.8574466479315082,0.06511318521290169
0.0008118803078240985,0.94178867134743,0.01884632266115059,0.03855312568359515
0.9202060352808628,0.00042145405165950353,0.06779231667175793,0.011580193995719641

Transition Gammas
1.0,1.0,294.9559389241962,2915.044061075807
1325.3509048817664,202.649095118234,1.0,1.0
40.35325114615075,41.02114401630965,752.5590523107205,45.961502969637465
47.304103627274806,13.80447269582798,721.4570497505551,77.62829928243535

28.746893841085097,31.65439179134127,103.45690498593143,571.6706668073451
7.93479279756406,14.754270431864597,251.22184004404994,19.07740177161534
1.3303995877220205,1543.275835128834,30.88280336010225,63.175645499167494
2541.588004343849,1.1640464428740351,187.2408267644436,31.984230725581504

Iteration: ,15000
Error:,0.03201126054712595
Absolute Error:,0.06958343863925694
Transition Probabilities
0.0002611647949856357,0.0002611647949856357,0.09078831479992835,0.9086893556101004
0.8649669518084299,0.13394253565067593,0.0005452562704471101,0.0005452562704471101
0.04954410430477466,0.0432453510742667,0.8496677011361179,0.05754284348484061
0.055805740028339,0.017428551568165796,0.8406468476308192,0.08611886077267601

0.04583346892615874,0.04294576371561324,0.1291790889995859,0.7820416783586421
0.02282686951186144,0.04244519226693388,0.8678956361560929,0.06683230206511187
0.0006815362628650781,0.9431911228874388,0.018069920029502973,0.038057420820193096
0.9164177889435202,0.00035347180095810497,0.07275492143056472,0.010473817824956912

Transition Gammas
1.0,1.0,347.62845736892604,3479.3715426310782
1586.3493896166608,245.65061038333974,1.0,1.0
54.24303381492181,47.34688564010528,930.253044048506,63.000400325214
58.23006015099022,18.18568494286726,877.1663359078277,89.86004737830073

41.18181941236897,38.58718808109372,116.06867295176681,702.6720849560335
7.93479279756406,14.754270431864597,301.68709902293875,23.231414574623003
1.3358840474115783,1848.7555884828696,35.4189780070364,74.5966196216766
3030.735202585718,1.1689858525336034,240.61176485363958,34.63853361485006

Iteration: ,17500
Error:,0.03221915030981683
Absolute Error:,0.0677877759128302
Transition Probabilities
0.0002239140170174651,0.0002239140170174651,0.08871297562077027,0.9108391963451947
0.8639335682572272,0.13512922461999854,0.00046860356138706644,0.00046860356138706644
0.047910644034188224,0.045210226328569296,0.8501879893257858,0.05669114031145668
0.05624569311479051,0.01870528996146223,0.8451121139244635,0.07993690299928374

0.04905506087950245,0.040721969108993394,0.12178233442188051,0.7884406355896235
0.02127990255514772,0.037659936213291854,0.8736102967907924,0.06744986444076817
0.0005868234085371138,0.9418033204831644,0.017910830334733386,0.03969902577356514
0.9189518296310246,0.00030347891361414287,0.07116952964286558,0.009575161812495646

Transition Gammas
1.0,1.0,396.1921491223603,4067.807850877643
1843.6342346609233,288.365765339077,1.0,1.0
60.70129194582087,57.27994692262585,1077.1616702140075,71.82590691812922
69.03506772692047,22.958574920675332,1037.2771458704703,98.11328133468552

52.27888598601354,43.398155909018286,129.7856869853025,840.2557729156374
8.621086602744757,15.25709860311805,353.924084293378,27.32583578239134
1.340075036803515,2150.71024945033,40.90132784551547,90.65704034744444
3558.4778438974113,1.1751682246713542,275.5913707646935,37.078114502671205

Iteration: ,20000
Error:,0.030175196202593013
Absolute Error:,0.06595518677023154
Transition Probabilities
0.00019681165124975353,0.00019681165124975353,0.08908476660467336,0.9105216100928272
0.8636681884696008,0.13551448419079976,0.00040866366979975475,0.00040866366979975475
0.04762508335625094,0.04249925685463834,0.8520875180172062,0.057788141771904604
0.052596652973036694,0.01743827569629499,0.8530472164295144,0.07691785490115391

0.05011630712725711,0.03982940055105617,0.11622454840147138,0.7938297439202153
0.020249476869105467,0.036892098160774,0.876624903929942,0.06623352104017854
0.0005133728197566703,0.9397113585096639,0.017698424159451328,0.04207684451112818
0.9210284833287223,0.00026706637248138796,0.06964774845298276,0.009056701845813529

Transition Gammas
1.0,1.0,452.6396991183464,4626.360300881665
2113.3960571851135,331.6039428148871,1.0,1.0
69.45593407066222,61.98048116928837,1242.6757142057452,84.2776344337605
74.58954926471489,24.729959999684333,1209.7425174110572,109.08047952075928

62.25749120461869,49.478477099202976,144.38112491991595,986.143056681806
9.073389527210503,16.530618506964714,392.79825716115994,29.677928967790685
1.3424188218237538,2457.251662335502,46.27961745136589,110.02676000934905
4069.1508916886546,1.1799128771730185,307.7073107416719,40.012971432173664

Iteration: ,22500
Error:,0.030383821546507664
Absolute Error:,0.06502479815305252
Transition Probabilities
0.0001751620248730073,0.0001751620248730073,0.0886650681124473,0.9109846078378068
0.8658135999322993,0.1334599198642863,0.0003632401017072286,0.0003632401017072286
0.04705151552664427,0.04206514147159876,0.8500743928221971,0.0608089501795597
0.05359411145795502,0.018508644501171,0.8529565044298715,0.07494073961100263

0.052175688899695476,0.038108400999024995,0.11256037569760016,0.7971555344036794
0.025258200825096857,0.035127627877120454,0.8757307406656023,0.0638834306321804
0.0004582259257572397,0.9416048981224191,0.01718153516794791,0.040755340783875674
0.9205161310668799,0.0002385219255864887,0.07056310375098998,0.008682243256543746

Transition Gammas
1.0,1.0,506.1888738539623,5200.811126146045
2383.5848406136192,367.41515938638,1.0,1.0
78.23797194019724,69.94655371412416,1413.5165626076623,101.11404244071869
86.16686520501918,29.75759523714053,1371.3556609780105,120.48727803784172

73.46544376543345,53.65814327754471,158.4894828494803,1122.4266764857102
12.48811496457034,17.36773962642068,432.9772434374663,31.585132749167776
1.344538552529782,2762.8818353835095,50.41451198287473,119.58539188906734
4570.134004527553,1.1842021298255807,350.32828761365306,43.10518175963148

Iteration: ,25000
Error:,0.030268914561317705
Absolute Error:,0.06365212757394789
Transition Probabilities
0.00015807777426493804,0.00015807777426493804,0.0894237774012969,0.9102600670501733
0.8662013260778864,0.13314507915087176,0.000326797385620915,0.000326797385620915
0.04737988552102741,0.04245242354267092,0.8473726800090763,0.06279501092722543
0.05321020899891504,0.017433039809485438,0.8569384822351184,0.07241826895648105

0.05183619451684547,0.03897728399036262,0.10625366417712385,0.802932857315668
0.02608535749926755,0.03354109340044844,0.8804811948246788,0.059892354275605145
0.0004139211900504387,0.942650835539407,0.016718546437187683,0.04021669683335487
0.9222279081296567,0.00021515265074209297,0.0692029348467839,0.008354004372817431

Transition Gammas
1.0,1.0,565.6948158406053,5758.305184159408
2650.5760577983324,407.4239422016676,1.0,1.0
87.32403817865912,78.24242320238547,1561.7598786266697,115.73506080348677
95.52076063838669,31.295070141056556,1538.3404272114806,130.00227334155713

83.1474105878141,62.52118361989931,170.43529379696204,1287.9376772146472
14.220713157795725,18.285287761917985,480.0037918892463,32.650961004555
1.3468317570465644,3067.2314238279137,54.399411807156405,130.85854447817954
5093.256560847954,1.1882395233499377,382.19218788677324,46.13728039037273

Iteration: ,27500
Error:,0.030727788998622458
Absolute Error:,0.06413339912675448
Transition Probabilities
0.00014312294260769974,0.00014312294260769974,0.08907308291872014,0.9106406711960644
0.8661427326045836,0.1332625602886665,0.0002973535533749628,0.0002973535533749628
0.04663446496281898,0.04292169354875411,0.8482105058029378,0.062233335685489125
0.05273536877627341,0.019564393491882475,0.8548501813378929,0.07285005639395119

0.05751177105925654,0.03932933077429223,0.1004923085475955,0.8026665896188557
0.025946580561351858,0.03150484129801706,0.8785099063227229,0.06403867181790816
0.00037930075423577784,0.9426520594678792,0.016738700081593536,0.040229939696291434
0.9216698275606782,0.00019470166846238633,0.07012538365272995,0.00801008711812956

Transition Gammas
1.0,1.0,622.3536303530988,6362.646369646914
2912.838009749215,448.1619902507855,1.0,1.0
93.44332574186568,86.0038985086776,1699.593008188454,124.69940124966556
104.12264324610673,38.62865494548807,1687.8475020802725,143.837819064971

102.5534058239602,70.13097919598127,179.19511624932753,1431.292950823983
15.059294776767148,18.285287761917985,509.8837441157867,37.167796879369774
1.3485264036200908,3351.40697038821,59.511031207376064,143.029338303846
5641.510265951509,1.1917624170637457,429.235133830633,49.029476019294805

Iteration: ,30000
Error:,0.031366564836763776
Absolute Error:,0.06384028136666847
Transition Probabilities
0.00013073604392731052,0.00013073604392731052,0.09048321413851836,0.909255313773627
0.8683049028132782,0.13115058316548578,0.0002722570106180235,0.0002722570106180235
0.047173093511167156,0.043450875001853954,0.8459173265023946,0.06345870498458438
0.05341802910813086,0.021021835058648217,0.8549047681232068,0.07065536771001407

0.05731045320067911,0.04061243107775522,0.0968563604980733,0.8052207552234925
0.026200228792920964,0.03020582523162343,0.8788559788774511,0.06473796709800429
0.00034865887910727597,0.9423606959242101,0.016369126762004443,0.04092151843467815
0.921576790485729,0.00017853985303861787,0.07063418615417026,0.0076104835070620385

Transition Gammas
1.0,1.0,692.1061049455282,6954.893895054485
3189.28390803317,481.7160919668292,1.0,1.0
102.98281042506012,94.85689595615831,1846.7083073499791,138.5356629982348
115.37513371142725,45.404090552302556,1846.4693209307925,152.60526517127008

111.40880577518543,78.94864188486511,188.28417596064872,1565.310998513953
16.24553135759606,18.729213582859607,544.9373162543544,40.14097292164907
1.3500633544399732,3648.9724440385744,63.38389615130176,158.4547124919208
6164.714099696386,1.194308668304003,472.49406430438484,50.90889382833114

Iteration: ,32500
Error:,0.029705983857318072
Absolute Error:,0.062057000436392146
Transition Probabilities
0.00012135922330097067,0.00012135922330097067,0.09123021607451615,0.908527065478882
0.8691248293452285,0.13037441952808146,0.00025037556334501766,0.00025037556334501766
0.04461689188407905,0.0404520987437929,0.8508357178695352,0.06409529150259298
0.05089777368561409,0.020712432963251065,0.8611088508663093,0.06728094248482555

0.05787710909571367,0.039888585853375784,0.09489404642333976,0.8073402586275709
0.02467289044792089,0.02985679913757447,0.8817787915974727,0.0636915188170318
0.000320179828293783,0.9421069593205015,0.016045685995911857,0.04152717485529269
0.922114252470311,0.00016580478974279636,0.07021499060652013,0.007504952133426076

Transition Gammas
1.0,1.0,751.7369804540144,7486.263019546001
3471.2845684048407,520.715431595157,1.0,1.0
106.13875606203118,96.23116401563426,2024.046070767258,152.4757602388268
119.30590334624729,48.550562160987056,2018.4648933100864,157.7085408631105

123.51112023615195,85.12318601191558,202.5061403482592,1722.8832143280072
16.585594218426976,20.070317914398192,592.7487603740793,42.81467096383967
1.3517707440563211,3977.491749457724,67.74345845949416,175.32403696958926
6656.98833121119,1.1969889280203458,506.9007141918753,54.18024788649981

Iteration: ,35000
Error:,0.02884199407108997
Absolute Error:,0.06078710136564999
Transition Probabilities
0.00011230907457322533,0.00011230907457322533,0.0922396703810598,0.9075357114697936
0.8709930503514236,0.12854074918237587,0.0002331002331002332,0.0002331002331002332
0.04357120378687102,0.03930762949473902,0.8538791052239403,0.06324206149444968
0.051831432559972544,0.020256065092606194,0.8622951065860636,0.06561739576135764

0.056798112728906475,0.040837371073838245,0.09130623884146125,0.811058277355794
0.02415084518191234,0.029208543689493795,0.8839886032858684,0.06265200784272536
0.0002975545309129326,0.9408966623631733,0.01620319439789877,0.04260258870801514
0.923618684952072,0.0001535675301175024,0.06903262361772218,0.007195123900088307

Transition Gammas
1.0,1.0,821.3020250729578,8080.697974927056
3736.560186007606,551.4398139923923,1.0,1.0
110.3321730708652,99.53583567791613,2162.215615616087,160.14324755164188
130.61277124089617,51.04433093027126,2172.94309526083,165.35274984122674

131.17179091219165,94.31142766078005,210.86621183093268,1873.089820478703
17.340787120176916,20.972315229333624,634.7213967370133,44.985387570039805
1.353224536238861,4279.0289419174105,73.68921641828605,193.74891778693146
7213.378406458924,1.1993485230761702,539.1385478208718,56.193267003240344

Iteration: ,37500
Error:,0.029088126653027974
Absolute Error:,0.06087619797584291
Transition Probabilities
0.00010501995379122011,0.00010501995379122011,0.09201269697120375,0.9077772631212138
0.8719984692218944,0.12756608553534488,0.00021772262138036163,0.00021772262138036163
0.043563714349687685,0.04043512101731368,0.8514567027008973,0.06454446193210123
0.05205203110230498,0.019774437093467476,0.8639815436698436,0.06419198813438398

0.05756003950472474,0.04134835683809546,0.09019485949247807,0.8108967441647017
0.023993414747181727,0.028273870072541684,0.8855021532608175,0.062230561919459144
0.0002778245246274355,0.9408706350608615,0.015821726287862204,0.043029814126648795
0.923621682370169,0.00014406149223476365,0.06934360566408597,0.006890650473510444

Transition Gammas
1.0,1.0,876.1449005598039,8643.855099440216
4005.0889691361567,585.9110308638384,1.0,1.0
119.9681181846956,111.35242826355402,2344.7876257480966,177.74603825289793
141.29360000691864,53.677087058426885,2345.2507051015195,174.24713124608277

142.05427615629208,102.04494214090288,222.59479994225404,2001.2382031175523
18.57094674383662,21.88402696706615,685.3802805076289,48.166568344801746
1.3546567583271563,4587.632305700688,77.14584762809103,209.81095385439514
7702.425544643311,1.2013824913042297,578.2821796193674,57.46370320170125

Iteration: ,40000
Error:,0.029268153517864562
Absolute Error:,0.060964641065870795
Transition Probabilities
9.871668311944699e-05,9.871668311944699e-05,0.09189012078370913,0.907912445850052
0.8713353166371728,0.12825459519387086,0.00020504408447816303,0.00020504408447816303
0.04522489817493417,0.040790267883664084,0.8473366035462927,0.06664823039510909
0.051941876226730466,0.019130047316430056,0.8665605671325728,0.062367509324266754

0.056523591978803835,0.040621056929497384,0.08755930180408426,0.8152960492876146
0.024299534835549964,0.027319319991317793,0.8842492020618836,0.06413194311124856
0.00026107574521233617,0.9403954926454752,0.015753073165818185,0.04359035844349424
0.9239221115307623,0.00013529763456495794,0.06927666158459736,0.0066659292500754735

Transition Gammas
1.0,1.0,930.8469235389754,9197.153076461045
4249.502339239487,625.4976607605075,1.0,1.0
133.94386168039557,120.80969155932736,2509.580815044168,197.39395141929742
150.89457036207054,55.57404700243142,2517.415503040494,181.18172094820457

149.7793374988401,107.63992135680867,232.01947641605403,2160.4165243693847
20.262777449923494,22.78090114949271,737.3534066767193,53.47803155446588
1.356227283743428,4885.134096228836,81.83352158168836,226.44169178236314
8221.319668168315,1.2039165317329918,616.4432838249346,59.31531951266574

Iteration: ,42500
Error:,0.029360439353755752
Absolute Error:,0.06041061449668997
Transition Probabilities
9.287638153617526e-05,9.287638153617526e-05,0.09247571321899464,0.907338534017933
0.8729804087494546,0.1266340862389803,0.0001927525057825754,0.0001927525057825754
0.045528966038310026,0.041168480153306056,0.8449563212574202,0.06834623255096368
0.051365530338822414,0.02003023106948264,0.8671935735875698,0.06141066500412518

0.056084578941658955,0.03977582780828187,0.08645982850479891,0.8176797647452604
0.0249541755355145,0.027925730636795914,0.8845004117056788,0.06261968212201087
0.0002459052396309368,0.9416741847218947,0.015678087050141017,0.042401822988333254
0.9236797142624399,0.00012752363393937782,0.06965440239599931,0.006538359707621299

Transition Gammas
1.0,1.0,995.6860042289163,9769.313995771094
4529.022360592165,656.9776394078289,1.0,1.0
143.35490309454403,129.62524731971516,2660.4740255040506,215.19855153258496
158.58146390757597,61.83959056692161,2677.29789770748,189.59393763976038

158.05976019543576,112.097798068376,243.6644799316878,2304.417185100708
21.972830795377526,24.58936594584453,778.8266880302657,55.138334575272246
1.357323979340993,5197.762168743171,86.53838989071573,234.04548514791492
8733.986021672317,1.205818011439979,658.6271923925209,61.824398012929336

Iteration: ,45000
Error:,0.030586863978283297
Absolute Error:,0.06036916128725014
Transition Probabilities
8.773469029654318e-05,8.773469029654318e-05,0.09173401656925582,0.9080905140501512
0.8745400808063019,0.12509595195075007,0.0001819836214740676,0.0001819836214740676
0.04749593744028211,0.04040845988372508,0.8432377988576142,0.06885780381837868
0.05264912859490703,0.020764804082027615,0.8672681119074234,0.05931795541564206

0.0562598886130901,0.04139937809587651,0.08503652699166059,0.8173042062993728
0.023880855649031613,0.027692506206626496,0.8858294994222417,0.06259713872210017
0.00023253091600876683,0.9412169732404191,0.015888581161321646,0.0426619146822505
0.923478237854534,0.00012096534515942909,0.06998679770831151,0.006413999091995008

Transition Gammas
1.0,1.0,1045.5843208563788,10350.41567914363
4805.5977440306215,687.4022559693707,1.0,1.0
159.4361040150565,135.6445995241222,2830.611556559506,231.14440020557194
173.5401791343798,68.44420631937976,2858.6582060260093,195.52172815470803

167.7157626577722,123.41525093762591,253.50149688807284,2436.4569796004007
21.972830795377526,25.479939333866387,815.0537815904505,57.59577284959036
1.3583669807916403,5498.271284332066,92.81571840689656,249.21647941013714
9219.28556201119,1.2076235415389323,698.6935340703396,64.03235809970109

Iteration: ,47500
Error:,0.03008005067469534
Absolute Error:,0.05963321652970178
Transition Probabilities
8.301510874979231e-05,8.301510874979231e-05,0.09076487252309721,0.9090690972594032
0.875462258776165,0.12419172046258938,0.0001730103806228376,0.0001730103806228376
0.04718026219027813,0.04013815486330904,0.8437937644801977,0.06888781846621513
0.052895289184588724,0.020211047938591506,0.8687184599152176,0.058175202961602196

0.05615392184384899,0.041797399758665005,0.08360567331377187,0.8184430050837143
0.024298069495037614,0.02890413063067015,0.8868913066576489,0.05990649321664326
0.00022094287203677933,0.9411903001822445,0.0156181955338321,0.04297056141188668
0.9223775261701564,0.00011448726837750573,0.07109477176264789,0.006413214798818217

Transition Gammas
1.0,1.0,1093.353654413231,10950.64634558679
5060.171855726227,717.8281442737656,1.0,1.0
168.83535410884892,143.63505574199627,3019.530040895117,246.51620581553556
183.63841557338975,70.16739822649724,3015.9600981001095,201.96887590968302

175.95288281264055,130.9681094414078,261.9702908722375,2564.511995489314
23.67514894133395,28.163126203941633,864.1544047020851,58.37069277239079
1.3594077944069785,5790.915173199165,96.09496132434319,264.3874209421814
9740.81954860524,1.2090492127540136,750.800320845496,67.7271142339267

Iteration: ,48647
Error:,0.029898743075880384
Absolute Error:,0.05955483739223566
Transition Probabilities
8.114907084313875e-05,8.114907084313875e-05,0.09037106143049972,0.9094666404278141
0.8758218621261731,0.12384001445878046,0.0001690617075232462,0.0001690617075232462
0.046294225092391415,0.03985225243921372,0.8441419262845549,0.06971159618384003
0.0538703881324484,0.019866810544578065,0.8681432581000641,0.058119543222909464

0.05725520389321713,0.04164879233167871,0.08316605933170686,0.8179299444433973
0.0252486818973386,0.02905114123506652,0.8869950383729103,0.05870513849468462
0.00021546137058372754,0.9402212695213513,0.0158442323245463,0.043719036783518565
0.9219638850132644,0.00011197664417262163,0.07156692571389975,0.006357212628663314

*,*,*,*,*,*,*,*,*,*,*
Model Num 2
Model States: 
"['diamond', 'x', 'square']","['diamond', 'x', 'diamond']","['square', 'y', 'diamond', 'x', 'diamond']","['square', 'y', 'diamond', 'x', 'square']"
Iteration: ,48647
Error:,0.029960318435290463
Absolute Error:,0.05955483739223566
Transition Probabilities
8.114907084313875e-05,8.114907084313875e-05,0.09037106143049972,0.9094666404278141
0.8758218621261731,0.12384001445878046,0.0001690617075232462,0.0001690617075232462
0.046294225092391415,0.03985225243921372,0.8441419262845549,0.06971159618384003
0.0538703881324484,0.019866810544578065,0.8681432581000641,0.058119543222909464

0.05725520389321713,0.04164879233167871,0.08316605933170686,0.8179299444433973
0.0252486818973386,0.02905114123506652,0.8869950383729103,0.05870513849468462
0.00021546137058372754,0.9402212695213513,0.0158442323245463,0.043719036783518565
0.9219638850132644,0.00011197664417262163,0.07156692571389975,0.006357212628663314

Transition Gammas
1.0,1.0,1113.6425900080494,11207.357409991966
5180.486314476307,732.5136855236854,1.0,1.0
169.92061718820403,146.27568162760446,3098.3803449014913,255.8728961353708
192.19628720515084,70.87989074606475,3097.321492445535,207.35622683910287

183.9009358821489,133.77389944225405,267.12534590315363,2627.1512813002914
25.268618883405527,29.074080737428936,887.695431676346,58.75149352949334
1.3599878125711553,5934.657633546998,100.00847392064392,275.9536757881635
9959.989579512929,1.209685354532182,773.1385642486009,68.67706269787742

