0,1,2,3,4,5,6,7,8,9,10,11,12,13,14,15,16,17,18,19,20,21,22,23,24,25,26,27,28,29
github Code Version (SHA):,ddb97f21bb9c22f159e8ea0ce9d830001061547e
Environment Observations,Environment Actions,alpha,epsilon,numActions,explore,patience,gainThresh,insertRandActions,useBudd,revisedSplitting,haveControl,confidence_factor
"['square', 'diamond']","['x', 'y']",0.99,0.99,75000,0.5,0,0.01,False,True,False,False,250

Model Num 0
Model States: 
['square'],['diamond']
Iteration: ,0
Error:,0.6757996053723115
Absolute Error:,1
Transition Probabilities
0.5,0.5
0.5,0.5

0.5,0.5
0.5,0.5

Transition Gammas
1.0,1.0
1.0,1.0

1.0,1.0
1.0,1.0

Iteration: ,2500
Error:,0.26667549235070653
Absolute Error:,1
Transition Probabilities
0.9727979274611399,0.027202072538860103
0.9938900203665988,0.006109979633401222

0.22443890274314215,0.7755610972568578
0.3492063492063492,0.6507936507936508

Transition Gammas
751.0,21.0
488.0,3.0

180.0,622.0
154.0,287.0

Iteration: ,2785
Error:,0.2632877214710022
Absolute Error:,1
Transition Probabilities
0.9734717416378316,0.0265282583621684
0.9925512104283054,0.0074487895716946

0.22435174746335965,0.7756482525366404
0.354,0.646


Model Num 1
Model States: 
['diamond'],"['square', 'y', 'diamond']","['square', 'y', 'square']"
Iteration: ,0
Error:,0.6165066561987768
Absolute Error:,1
Transition Probabilities
0.3333333333333333,0.3333333333333333,0.3333333333333333
0.3333333333333333,0.3333333333333333,0.3333333333333333
0.3333333333333333,0.3333333333333333,0.3333333333333333

0.3333333333333333,0.3333333333333333,0.3333333333333333
0.3333333333333333,0.3333333333333333,0.3333333333333333
0.3333333333333333,0.3333333333333333,0.3333333333333333

Transition Gammas
1.0,1.0,1.0
1.0,1.0,1.0
1.0,1.0,1.0

1.0,1.0,1.0
1.0,1.0,1.0
1.0,1.0,1.0

Iteration: ,2500
Error:,0.1310952794193018
Absolute Error:,1
Transition Probabilities
0.016359918200408996,0.9690227815463919,0.014617300253199114
0.026290156341257167,0.9556119449573025,0.01809789870144026
0.017722213126008798,0.9506038318016592,0.031673955072332026

0.6594059405940594,0.007912706755803455,0.3326813526501372
0.9969088098918083,0.0015455950540958269,0.0015455950540958269
0.0019685039370078744,0.01785990303955697,0.9801715930234352

Transition Gammas
8.0,473.8521401761857,7.147859823814367
4.75929566357221,172.99401824232794,3.2762547963385362
2.95492616052305,158.49962478793302,5.281180052682501

333.0,3.9959169116807445,168.00408308831928
645.0,1.0,1.0
1.0,9.072830744094938,497.927169255905

Iteration: ,5000
Error:,0.1239906496914976
Absolute Error:,1
Transition Probabilities
0.01611278952668681,0.9685931095700828,0.015294100903230419
0.018041950887303856,0.9601346737234819,0.021823375389214132
0.00910639812508575,0.971474390052731,0.019419211822183403

0.6596173212487412,0.00706418807564017,0.3333184906756186
0.998468606431853,0.0007656967840735069,0.0007656967840735069
0.0010010010010010012,0.024190150290551566,0.9748088487084474

Transition Gammas
16.0,961.8129578030921,15.187042196907804
6.730603139428111,358.1810797292754,8.141274733816376
2.95492616052305,315.23276821569414,6.3013209220487365

655.0,7.014738759110689,330.98526124088926
1304.0,1.0,1.0
1.0,24.16596014026101,973.8340398597388

Iteration: ,7500
Error:,0.12945047337596088
Absolute Error:,1
Transition Probabilities
0.0202429149797571,0.9661180944489692,0.01363899057127367
0.020995928331190405,0.9556748373964643,0.023329234272345217
0.011845914472217655,0.9733228355283688,0.014831249999413527

0.6620370370370371,0.007298311718659386,0.3306646512443035
0.998972250770812,0.0005138746145940391,0.0005138746145940391
0.0006920415224913497,0.023698010855947322,0.9756099476215613

Transition Gammas
30.0,1431.7870159733716,20.212984026627566
12.683733092922362,577.3273927188852,14.09329352363563
5.821464311530348,478.3222235746202,7.288554443767383

1001.0,11.035047318612992,499.9649526813869
1944.0,1.0,1.0
1.0,34.24362568684387,1409.7563743131557

Iteration: ,10000
Error:,0.12791793940462812
Absolute Error:,1
Transition Probabilities
0.019085886489201412,0.9677389999075018,0.01317511360329681
0.022446595602103516,0.9545148219843435,0.023038582413552916
0.018002374525203636,0.9706839989385893,0.011313626536207072

0.6636636636636637,0.006534345416634158,0.3298019909197022
0.9992295839753467,0.0003852080123266564,0.0003852080123266564
0.0005104645227156716,0.02363944065281058,0.9758500948244737

Transition Gammas
38.0,1926.7683488158355,26.23165118416394
17.622523000771086,749.3768633413472,18.08728395543196
11.607838646463078,625.8920577731525,7.294968291809225

1326.0,13.055622142435048,658.944377857565
2594.0,1.0,1.0
1.0,46.309664238855895,1911.6903357611427

Iteration: ,11590
Error:,0.12763926880072785
Absolute Error:,1
Transition Probabilities
0.017543859649122803,0.9678752020369428,0.014580938313934354
0.02469686095535198,0.9544058353838548,0.02089730366079313
0.01676986155469069,0.9709618979531622,0.01226824049214716

0.6610535405872193,0.007801870298658372,0.3311445891141223
0.9993311036789297,0.00033444816053511704,0.00033444816053511704
0.00043308791684711995,0.02440981496461194,0.9751570971185409


Model Num 2
Model States: 
"['square', 'y', 'diamond']","['square', 'y', 'square']","['diamond', 'y', 'diamond']","['diamond', 'y', 'square', 'y', 'square']"
Iteration: ,0
Error:,0.6756969603240213
Absolute Error:,0.74
Transition Probabilities
0.25,0.25,0.25,0.25
0.25,0.25,0.25,0.25
0.25,0.25,0.25,0.25
0.25,0.25,0.25,0.25

0.25,0.25,0.25,0.25
0.25,0.25,0.25,0.25
0.25,0.25,0.25,0.25
0.25,0.25,0.25,0.25

Transition Gammas
1.0,1.0,1.0,1.0
1.0,1.0,1.0,1.0
1.0,1.0,1.0,1.0
1.0,1.0,1.0,1.0

1.0,1.0,1.0,1.0
1.0,1.0,1.0,1.0
1.0,1.0,1.0,1.0
1.0,1.0,1.0,1.0

Iteration: ,2500
Error:,0.03053265023949257
Absolute Error:,0.03292388131284459
Transition Probabilities
0.9639188430872772,0.0110320839821898,0.01749865642670689,0.007550416503826229
0.9625235879445878,0.0112441797331144,0.020984685495474182,0.005247546826823673
0.9500748346865836,0.02601211596620247,0.011956524673607036,0.011956524673607036
0.9123669651801535,0.03820155004165535,0.02471574238909563,0.02471574238909563

0.002202643171806167,0.002202643171806167,0.9572192197774774,0.03837549387891024
0.016597542898174656,0.9808961914376649,0.0012531328320801998,0.0012531328320801998
0.0030211480362537773,0.0030211480362537773,0.03053322810708464,0.9634244758204077
0.019600557735827025,0.973230983482811,0.0035842293906810027,0.0035842293906810027

Transition Gammas
186.81113787681744,2.138059834233248,3.3913061683893395,1.463299435050018
252.096993715571,2.9449916272377945,5.496152191732409,1.3743982963044958
114.94109317975251,3.146974254991313,1.4465134391949634,1.4465134391949634
55.102216110870316,2.3071747953411204,1.4927022025568737,1.4927022025568737

1.0,1.0,434.5775257789748,17.42247422102525
13.244839232743384,782.755160767257,1.0,1.0
1.0,1.0,10.106498503445012,318.89350149655485
5.468555608295741,271.5314443917043,1.0,1.0

Iteration: ,5000
Error:,0.027761920307361288
Absolute Error:,0.028291828321100915
Transition Probabilities
0.9594917091087888,0.0130231207586111,0.020615701251723666,0.006869468880876518
0.9711007479942694,0.011566553345716232,0.01463655629169787,0.0026961423683165508
0.9495098949019313,0.023991707378854157,0.016007422290824063,0.010490975428390564
0.9450967122859092,0.025017107069987252,0.018580706074068566,0.01130547457003489

0.0010905125408942203,0.0010905125408942203,0.9611618497133655,0.036657125204846056
0.019261406795113015,0.9794679451743914,0.0006353240152477757,0.0006353240152477757
0.0015128593040847202,0.0015128593040847202,0.029017475018752244,0.9679568063730783
0.01929382620931121,0.9770297032024535,0.0018382352941176475,0.0018382352941176475

Transition Gammas
375.9254941112841,5.102413141848955,8.077159610585163,2.6914338694226245
495.0329141619877,5.896220985686837,7.461200219792159,1.3743982963044958
239.4582677597028,6.050503233704017,4.036934879393416,2.645734201065355
124.78449580503393,3.3030980339338254,2.4532770128320616,1.4927022025568737

1.0,1.0,881.3854161871561,33.61458381284383
30.31745429550792,1541.6825457044936,1.0,1.0
1.0,1.0,19.180550987395232,639.8194490126048
10.495841457865296,531.5041585421346,1.0,1.0

Iteration: ,7500
Error:,0.023367446658765327
Absolute Error:,0.025094533170220666
Transition Probabilities
0.9690806452683886,0.01117403022791658,0.014810303488123426,0.004935021015571541
0.9734015938206144,0.011424179416134335,0.01207454885052277,0.0030996779127283724
0.9523274573884194,0.019100668382713633,0.02080040171247268,0.007771472516394422
0.9631560106416199,0.01682189851793398,0.012448047119999837,0.0075740437204461246

0.0007204610951008642,0.0007204610951008642,0.956898387440921,0.041660690368877165
0.020499267420966583,0.9786536338920364,0.0004235493434985177,0.0004235493434985177
0.001,0.001,0.026240118185426625,0.9717598818145734
0.023421574418265683,0.9741803440469622,0.001199040767386091,0.001199040767386091

Transition Gammas
528.5117252079638,6.094029451642346,8.077159610585163,2.6914338694226245
752.5997243045915,8.832771934595128,9.33561460520932,2.39656145763648
350.21107580802834,7.024123447313594,7.649187266888935,2.8578990655615972
189.82001577434178,3.31528122832505,2.4532770128320616,1.4927022025568737

1.0,1.0,1328.174961767999,57.82503823200153
48.398770380902086,2310.601229619097,1.0,1.0
1.0,1.0,26.240118185426624,971.7598818145734
19.533593064833582,812.4664069351666,1.0,1.0

Iteration: ,10000
Error:,0.02287856197635054
Absolute Error:,0.023863220343776165
Transition Probabilities
0.9679602637466125,0.010878232466656859,0.014861120294306614,0.006300383492424
0.9704678580955535,0.011481919539150554,0.0137208753226307,0.004329347042665342
0.9529910480718519,0.014830207282669797,0.025763236854716518,0.0064155077907618145
0.9688216957925301,0.0162423807236912,0.009285897301555218,0.005650026182223581

0.0005485463521667578,0.0005485463521667578,0.9599483906077467,0.03895451668791982
0.020244945866355807,0.9791271106485578,0.0003139717425431714,0.0003139717425431714
0.000751314800901578,0.000751314800901578,0.025765804526142196,0.9727315658720547
0.01951469470967279,0.9786753505391961,0.0009049773755656109,0.0009049773755656109

Transition Gammas
718.8992064228679,8.079208393631191,11.03727909736645,4.67926304674116
995.5123613002357,11.778229167847032,14.074964850812515,4.441072892192177
452.2270815585022,7.037444236143291,12.225543396112226,3.0443794522541046
255.95673941200297,4.29113719106333,2.4532770128320616,1.4927022025568737

1.0,1.0,1749.9859160779233,71.01408392207787
64.48015258434319,3118.519847415654,1.0,1.0
1.0,1.0,34.29428582429525,1294.7057141757043
21.56373765418843,1081.4362623458117,1.0,1.0

Iteration: ,12500
Error:,0.021600395250033134
Absolute Error:,0.022251038904347244
Transition Probabilities
0.9702398015443495,0.01078663586143141,0.0139543691656766,0.005019193428542435
0.9703106787760601,0.012224639347607653,0.014007545604433281,0.0034571362718990063
0.9559677058995665,0.011813717233303546,0.027040704431232552,0.005177872435897537
0.9749063117110887,0.013078961540034819,0.007469743589506448,0.004544983159370042

0.0004385964912280702,0.0004385964912280702,0.9617482083335311,0.03737459868401267
0.01878643911085121,0.9807096556233388,0.0002519526329050139,0.0002519526329050139
0.0005998800239952009,0.0005998800239952009,0.02660046078473984,0.9721997791672697
0.020004643919572296,0.9785450297570049,0.0007251631617113849,0.0007251631617113849

Transition Gammas
904.5292464774288,10.05609911306136,13.009294203769445,4.67926304674116
1246.4711002409792,15.703897721585735,17.994237477894718,4.441072892192177
570.2499967977575,7.047070913469458,16.130211847281256,3.0886835630198313
320.18706071057136,4.295504298562154,2.4532770128320616,1.4927022025568737

1.0,1.0,2192.785915000451,85.21408499954889
74.56337683096845,3892.4366231690315,1.0,1.0
1.0,1.0,44.34296812816131,1620.6570318718386
27.586403965090206,1349.4135960349101,1.0,1.0

Iteration: ,15000
Error:,0.021112124541513077
Absolute Error:,0.022477026200476334
Transition Probabilities
0.9700745824694688,0.01192264679468979,0.013718974855932925,0.0042837958799085704
0.9701148967258153,0.012763372648369575,0.013604398898526476,0.0035173317272886337
0.9616470558701242,0.010294692855101775,0.023548987986259342,0.004509263288514729
0.9713884037670266,0.013598711975476336,0.00866703636228446,0.006345847895212533

0.00037037037037036997,0.00037037037037036997,0.9606087333135217,0.03865052594573763
0.019006758889807532,0.9805829005275087,0.00020517029134181378,0.00020517029134181378
0.0005017561465127947,0.0005017561465127947,0.027794038062191464,0.9712024496447829
0.020923158871842283,0.9778676512853525,0.0006045949214026601,0.0006045949214026601

Transition Gammas
1059.628953756108,13.023309730371558,14.985469401942696,4.67926304674116
1492.6842236700882,19.6385861688589,20.932645892648946,5.412003873415308
658.6937299619967,7.051495238452562,16.130211847281256,3.0886835630198313
376.57872074730693,5.271820766726134,3.3599551459770716,2.460098631164289

1.0,1.0,2593.643579946511,104.35642005349172
92.63894282892187,4779.361057171076,1.0,1.0
1.0,1.0,55.393517857947586,1935.6064821420523
34.60690477402714,1617.3930952259732,1.0,1.0

Iteration: ,17500
Error:,0.021475786119624262
Absolute Error:,0.022611859380678605
Transition Probabilities
0.9705359662619909,0.011743294779011624,0.014056208076390513,0.0036645308826069823
0.9706818816719511,0.01307980885420562,0.013205905015107967,0.0030324044587353165
0.9588014041373739,0.012361841541926006,0.02376709107608942,0.00506966324461074
0.9716303759017879,0.013655786764823478,0.009336636842411115,0.005377200490977649

0.0003164556962025314,0.0003164556962025314,0.9608999422495585,0.038467146358036476
0.018730882554442913,0.9809147588346429,0.00017717930545712264,0.00017717930545712264
0.0004280821917808217,0.0004280821917808217,0.02887803217003266,0.9702658034464057
0.019500846394755925,0.9794628841751923,0.0005181347150259069,0.0005181347150259069

Transition Gammas
1239.2836158150124,14.99508861208602,17.94846247341964,4.67926304674116
1750.4374465315175,23.58691106136632,23.814301152883377,5.468356232689345
768.840684965577,9.912675010192801,19.058280999306643,4.065245779482476
444.5262105744995,6.24759712493177,4.271562415095587,2.460098631164289

1.0,1.0,3036.4438175086075,121.55618249139538
105.71710113727579,5536.282898862723,1.0,1.0
1.0,1.0,67.45908314919633,2266.540916850805
37.636633541878915,1890.3633664581203,1.0,1.0

Iteration: ,20000
Error:,0.02115820448427389
Absolute Error:,0.02230518907090761
Transition Probabilities
0.9712784190356512,0.01036117259563804,0.014446763305898128,0.003913645062812688
0.969817169069247,0.013467985597815991,0.01353799292433933,0.003176852408597746
0.9619679683227421,0.011813608650354048,0.02174958472592489,0.004468838300978911
0.9708793816766801,0.015050161447536143,0.009143982921866906,0.0049264739539166364

0.00027601435274634254,0.00027601435274634254,0.9617045085469222,0.037743462747585076
0.019060463380003567,0.9806290740307385,0.00015523129462899718,0.00015523129462899718
0.0003729951510630362,0.0003729951510630362,0.02929559534338162,0.9699584143544923
0.019461781609208806,0.979625809631667,0.0004562043795620439,0.0004562043795620439

Transition Gammas
1406.159118716757,15.00028935103913,20.91516455055267,5.665942519302365
1982.8248214793057,27.535763430858154,27.67889583678277,6.4951848769488585
884.5298084417919,10.862616366242808,19.998749069424758,4.109098032873419
528.9660137623982,8.199807368074152,4.981933170460656,2.684099939178013

1.0,1.0,3484.2554344655023,136.74456553450085
122.78750509398299,6317.212494906018,1.0,1.0
1.0,1.0,78.54149111560612,2600.4585088843937
42.66022528738569,2147.3397747126137,1.0,1.0

Iteration: ,22500
Error:,0.022173381468546517
Absolute Error:,0.022794974356960894
Transition Probabilities
0.9680922169256367,0.014199337794571514,0.014194887348425589,0.0035135579313659874
0.970487565421151,0.013309933829964636,0.013366982537112486,0.0028355182117717845
0.9626602045670012,0.01043126855975435,0.022892238636308578,0.004016288236935805
0.969051777959506,0.013560963599972544,0.010814594759977914,0.006572663680543419

0.00024618414574101397,0.00024618414574101397,0.9613629330237166,0.038144698684801394
0.01896263462332777,0.98076425326415,0.0001365560562610952,0.0001365560562610952
0.00033411293017039764,0.00033411293017039764,0.028933581836637145,0.970398192303022
0.019446162795987775,0.9797381765188572,0.000407830342577488,0.000407830342577488

Transition Gammas
1561.139722649217,22.89776725694167,22.890590494087427,5.665942519302365
2223.0490821822696,30.488423797340868,30.619102520678943,6.4951848769488585
1003.0694277772833,10.869137973694762,23.85317747687665,4.184878448802066
586.2449552129145,8.203943978153537,6.54247973628299,3.9762487543681493

1.0,1.0,3905.056233942342,154.94376605766348
138.86337334662923,7182.136626653369,1.0,1.0
1.0,1.0,86.59821043705496,2904.4017895629445
47.681991175762,2402.3180088242366,1.0,1.0

Iteration: ,25000
Error:,0.02074199287664631
Absolute Error:,0.02252362794865862
Transition Probabilities
0.9681692992141361,0.01434932432141706,0.014307379838835226,0.003173996625611593
0.9710960151006736,0.013152168406788949,0.013197280658340329,0.002554535834197231
0.9636797219246203,0.010280283179659946,0.021587571805500635,0.00445242309021913
0.9702512412521392,0.0138661644009239,0.009878717923634197,0.00600387642330265

0.00022227161591464742,0.00022227161591464742,0.9610750002852805,0.038480456482890335
0.019331887770509763,0.9804233141878745,0.00012239902080783357,0.00012239902080783357
0.0003018412315122247,0.0003018412315122247,0.028267007507604802,0.9711293100293706
0.019701148446308776,0.9795651758383574,0.00036683785766691146,0.00036683785766691146

Transition Gammas
1745.6998552131952,25.87317467165891,25.797544844076548,5.723012962996076
2469.11711588079,33.44081699355194,33.5555197940056,6.4951848769488585
1108.6072672588489,11.826332320959004,24.834121172804156,5.122021852727254
642.578230704282,9.18328677003456,6.54247973628299,3.9762487543681493

1.0,1.0,4323.876426283482,173.12357371652382
157.94152308506472,8010.058476914933,1.0,1.0
1.0,1.0,93.64859587269466,3217.3514041273033
53.705330664637685,2670.2946693353606,1.0,1.0

Iteration: ,27500
Error:,0.020930871067577253
Absolute Error:,0.02294542306442269
Transition Probabilities
0.9705791152538527,0.013041733219197296,0.01349553451789927,0.0028836170090508237
0.9702772320673615,0.013684815808070721,0.013355467200999671,0.0026824849235679037
0.9627965031945767,0.011728829788961444,0.020578957273678866,0.004895709742782947
0.9689601046604103,0.015295411829411255,0.009943211916217179,0.005801271593961271

0.00020206102242877313,0.00020206102242877313,0.9607416624978051,0.03885421545733728
0.019732375540116347,0.9800446838735499,0.00011147029316687114,0.00011147029316687114
0.0002735978112175106,0.0002735978112175106,0.02864822696482778,0.9708045774127372
0.02117429032858674,0.9781612578441707,0.00033222591362126253,0.00033222591362126253

Transition Gammas
1926.2741344556832,25.883467894361825,26.784111324798076,5.723012962996076
2719.0556817129223,38.34963343089784,37.42668360612178,7.517259636192502
1205.0182061079552,14.679585338277409,25.756240384360016,6.127379308399192
705.6965985731625,11.139695070907138,7.241671555327655,4.225083789896977

1.0,1.0,4754.710487701646,192.28951229836255
177.01914097038357,8791.980859029607,1.0,1.0
1.0,1.0,104.7092695564454,3548.29073044355
63.73461388904608,2944.2653861109534,1.0,1.0

Iteration: ,30000
Error:,0.020977000956927172
Absolute Error:,0.02244053524312268
Transition Probabilities
0.9721415963801344,0.011946438471166873,0.01327114476362221,0.0026408203850764255
0.9703485475084673,0.013755866823745265,0.013131481745029615,0.002764103922757852
0.9635997067512034,0.010797432013455475,0.02106066410876761,0.004542197126573381
0.9693722150665673,0.015137488075646926,0.010216173957631752,0.00527412290015405

0.00018484288354898295,0.00018484288354898295,0.9605401329082333,0.039090181324668745
0.019027815172349406,0.9807665927223875,0.00010279605263157908,0.00010279605263157908
0.0002497502497502499,0.0002497502497502499,0.02866545030626214,0.9708350491942374
0.02027449182257469,0.9791181592554696,0.0003036744609778318,0.0003036744609778318

Transition Gammas
2106.761591735516,25.889538954821578,28.760355662662523,5.723012962996076
2982.7152846610766,42.28360451952878,40.36433239552611,8.49646762492788
1310.4962747353243,14.684515085676328,28.64251790927336,6.17739126712377
776.561128701542,12.126595587354723,8.184145838144346,4.225083789896977

1.0,1.0,5196.522119033553,211.47788096645837
185.10258599661478,9540.897414003373,1.0,1.0
1.0,1.0,114.77646302627353,3887.2235369737236
66.76390157173844,3224.236098428261,1.0,1.0

Iteration: ,32500
Error:,0.021263323696573445
Absolute Error:,0.022988722032451586
Transition Probabilities
0.9705478993724206,0.012871908176556465,0.014097042511021575,0.002483149940001269
0.969865740660768,0.013794658299521735,0.013189062700431619,0.0031505383392785935
0.9614093202798507,0.011367237365566258,0.02226567210699855,0.004957770247584587
0.9703401396637753,0.01523704229069259,0.009512149409736267,0.004910668635795877

0.00017070672584499786,0.00017070672584499786,0.9594327046026347,0.04022588194567532
0.01955846499554834,0.9802518176832603,9.485866059571246e-05,9.485866059571246e-05
0.0002302025782688767,0.0002302025782688767,0.028045175168821723,0.9714944196746406
0.020543709072328574,0.9788994980546202,0.00027839643652561257,0.00027839643652561257

Transition Gammas
2249.839539828206,29.838535519350227,32.67853514127825,5.756221740265863
3249.3528337655866,46.216409299951756,44.187475094399986,10.555286418971173
1401.9522551809591,16.576003293991445,32.468386321073,7.229550445014491
834.8696885990012,13.109778965557549,8.184145838144346,4.225083789896977

1.0,1.0,5620.356783562248,235.64321643776663
206.18533798307047,10333.814662016923,1.0,1.0
1.0,1.0,121.82824093336151,4220.171759066637
73.79300298780421,3516.2069970121947,1.0,1.0

Iteration: ,35000
Error:,0.021226162726282555
Absolute Error:,0.022614192899357212
Transition Probabilities
0.9686710845600869,0.013941533948967747,0.015068700521943696,0.002318680969001648
0.9714714507639852,0.012812489630937065,0.012500624177768259,0.0032154354273094105
0.9621163660152889,0.011641064465589868,0.0216884497693288,0.0045541197497925194
0.97170476520788,0.014023905172457697,0.009753596697468453,0.004517732922193842

0.00015782828282828254,0.00015782828282828254,0.9596153178547856,0.04006902557955778
0.01995076366226769,0.9798721041085232,8.856611460455231e-05,8.856611460455231e-05
0.0002134016218523262,0.0002134016218523262,0.027719068217724317,0.971854128538571
0.019339135345526625,0.9801439352153418,0.0002584647195657794,0.0002584647195657794

Transition Gammas
2416.558661467407,34.78015928783521,37.592119083330275,5.784449095396739
3505.1306782997,46.22827612224382,45.10304576519714,11.601495187007862
1527.3355081184347,18.47989675534593,34.4298679648617,7.229550445014491
908.7597967282638,13.115466415493662,9.121779443228995,4.225083789896977

1.0,1.0,6080.122653927933,253.87734607207855
225.26407251066445,11063.735927489333,1.0,1.0
1.0,1.0,129.89155366825608,4554.108446331741
74.82311465184249,3792.1768853481562,1.0,1.0

Iteration: ,37500
Error:,0.021141926804883273
Absolute Error:,0.022735434881533206
Transition Probabilities
0.9701204059759817,0.013339073038430115,0.01438389301664192,0.0021566279689461732
0.9702569397342448,0.013515440746085858,0.012947177098672146,0.003280442420997233
0.9621988380796764,0.012041911391058724,0.02149015438807324,0.004269096141191675
0.972572502309218,0.013128963858882525,0.009909122614159934,0.004389411217739521

0.00014762326542663105,0.00014762326542663105,0.9577683822398361,0.04193637122931056
0.02027758934284024,0.9795577880544765,8.231130134167422e-05,8.231130134167422e-05
0.00020004000800160054,0.00020004000800160054,0.02739484418269983,0.9722050758012969
0.019527097453145913,0.9799898107594144,0.0002415458937198068,0.0002415458937198068

Transition Gammas
2602.0306634137614,35.77770022535765,38.58008805712306,5.784449095396739
3741.2309117075883,52.11442725517466,49.92324939636316,12.649116009284402
1629.446798096606,20.39251470962479,36.39275155240629,7.229550445014491
971.9266577054958,13.120245464685084,9.902542381475191,4.386496393865966

1.0,1.0,6487.923021292658,284.07697870735007
246.35243292616605,11900.647567073833,1.0,1.0
1.0,1.0,136.9468260693163,4860.053173930678
80.84218345602406,4057.1578165439746,1.0,1.0

Iteration: ,37560
Error:,0.021783071475443914
Absolute Error:,0.02271339651056741
Transition Probabilities
0.9702077078909548,0.01330029078280208,0.014341699570025016,0.0021503017562181604
0.9703096108012175,0.013491587127692632,0.01292418514906187,0.0032746169220279854
0.962220198859518,0.012035106716148516,0.021478010675199753,0.004266683749133816
0.9725990013114617,0.013116371541714057,0.009899485049274811,0.004385142097549405

0.00014744913005013255,0.00014744913005013255,0.9576704652693341,0.04203463647056571
0.020239448775237857,0.9795962396900925,8.215576733486691e-05,8.215576733486691e-05
0.00019980019980020002,0.00019980019980020002,0.027362161460693674,0.9722382381397059
0.019499029586106865,0.9800185777462617,0.00024119633381572606,0.00024119633381572606

*,*,*,*,*,*,*,*,*,*,*
Model Num 2
Model States: 
"['square', 'y', 'diamond']","['square', 'y', 'square']","['diamond', 'y', 'diamond']","['diamond', 'y', 'square', 'y', 'square']"
Iteration: ,37560
Error:,0.021233421693355386
Absolute Error:,0.02271339651056741
Transition Probabilities
0.9702077078909548,0.01330029078280208,0.014341699570025016,0.0021503017562181604
0.9703096108012175,0.013491587127692632,0.01292418514906187,0.0032746169220279854
0.962220198859518,0.012035106716148516,0.021478010675199753,0.004266683749133816
0.9725990013114617,0.013116371541714057,0.009899485049274811,0.004385142097549405

0.00014744913005013255,0.00014744913005013255,0.9576704652693341,0.04203463647056571
0.020239448775237857,0.9795962396900925,8.215576733486691e-05,8.215576733486691e-05
0.00019980019980020002,0.00019980019980020002,0.027362161460693674,0.9722382381397059
0.019499029586106865,0.9800185777462617,0.00024119633381572606,0.00024119633381572606

Transition Gammas
2609.920715559047,35.77863188950844,38.58008805712306,5.784449095396739
3748.089967221914,52.11499689614496,49.92324939636316,12.649116009284402
1630.4042848919821,20.39251470962479,36.39275155240629,7.229550445014491
972.8993763542004,13.12042236909215,9.902542381475191,4.386496393865966

1.0,1.0,6494.921095456631,285.07890454337695
246.35457049219514,11923.645429507804,1.0,1.0
1.0,1.0,136.94761811077169,4866.0523818892225
80.84297666399905,4063.157023336,1.0,1.0

