0,1,2,3,4,5,6,7,8,9,10,11,12,13,14,15,16,17,18,19,20,21,22,23,24,25,26,27,28,29
github Code Version (SHA):,528ca1c557fe8e6666681dc5c9134b0f84d30530
Environment Observations,Environment Actions,alpha,epsilon,numActions,explore,patience,gainThresh,insertRandActions,useUpdatedPosterior,revisedSplitting,haveControl,confidence_factor
"['diamond', 'square']","['x', 'y']",0.8,0.99,75000,0.5,0,0.01,False,True,False,False,250

Model Num 0
Model States: 
['diamond'],['square']
Iteration: ,0
Error:,0.4534135088814359
Absolute Error:,1
Transition Probabilities
0.5,0.5
0.5,0.5

0.5,0.5
0.5,0.5

Transition Gammas
1.0,1.0
1.0,1.0

1.0,1.0
1.0,1.0

Iteration: ,2500
Error:,0.06954611759606262
Absolute Error:,1
Transition Probabilities
0.44165170556552963,0.5583482944344704
0.1587516960651289,0.841248303934871

0.1462925851703407,0.8537074148296593
0.8681626928471248,0.13183730715287517

Transition Gammas
246.0,311.0
117.0,620.0

73.0,426.0
619.0,94.0

Iteration: ,2505
Error:,0.06840843777057581
Absolute Error:,1
Transition Probabilities
0.4418604651162791,0.5581395348837209
0.15989159891598917,0.8401084010840109

0.146,0.854
0.8683473389355743,0.13165266106442577


Model Num 1
Model States: 
['square'],"['diamond', 'x', 'square']","['diamond', 'x', 'diamond']"
Iteration: ,0
Error:,0.5189786778547224
Absolute Error:,1
Transition Probabilities
0.3333333333333333,0.3333333333333333,0.3333333333333333
0.3333333333333333,0.3333333333333333,0.3333333333333333
0.3333333333333333,0.3333333333333333,0.3333333333333333

0.3333333333333333,0.3333333333333333,0.3333333333333333
0.3333333333333333,0.3333333333333333,0.3333333333333333
0.3333333333333333,0.3333333333333333,0.3333333333333333

Transition Gammas
1.0,1.0,1.0
1.0,1.0,1.0
1.0,1.0,1.0

1.0,1.0,1.0
1.0,1.0,1.0
1.0,1.0,1.0

Iteration: ,2500
Error:,0.05621297840382184
Absolute Error:,1
Transition Probabilities
0.8719424460431655,0.07115465658312992,0.05690289737370461
0.9958071278825996,0.0020964360587002098,0.0020964360587002098
0.002890173410404624,0.8095345826051561,0.18757524398443925

0.14424410540915394,0.3915388142321955,0.46421708035865045
0.7742412431855872,0.10148275924312716,0.12427599757128577
0.8990580647342847,0.055791193960134995,0.04515074130558017

Transition Gammas
606.0,49.452486325275295,39.547513674724705
475.0,1.0,1.0
1.0,280.098965581384,64.90103441861598

104.0,282.29948506141295,334.700514938587
57.40296232392587,7.524025691776414,9.213937476387875
89.49963762744919,5.553914522429176,4.4946763106501155

Iteration: ,5000
Error:,0.056074406207551976
Absolute Error:,1
Transition Probabilities
0.8729121278140886,0.0697184192507617,0.0573694529351497
0.9978632478632479,0.0010683760683760685,0.0010683760683760685
0.0013947001394700148,0.7979600329259133,0.20064526693461668

0.13883016208597604,0.38248371509649837,0.47868612281752554
0.762687481283256,0.11187095540645935,0.12544156331028478
0.8847383780214054,0.06808119578165031,0.04718042619694426

Transition Gammas
1202.0,96.00226330829886,78.99773669170114
934.0,1.0,1.0
1.0,572.1373436078795,143.86265639212007

197.0,542.7443917219312,679.2556082780687
121.3993013174887,17.80684245821547,19.966917663863356
171.70357557127628,13.212702235230298,9.15643321939861

Iteration: ,7500
Error:,0.048573377147815
Absolute Error:,1
Transition Probabilities
0.8683953033268101,0.07317634234456283,0.058428354328626975
0.9985865724381625,0.0007067137809187279,0.0007067137809187279
0.0009319664492078287,0.7890895668199989,0.20997846673079323

0.13336452971455312,0.39429411665001923,0.4723413536354276
0.778175660504767,0.1055870253599856,0.11623731413524735
0.902715325639418,0.05707593642983267,0.04020873793074939

Transition Gammas
1775.0,149.57244375228643,119.42755624771354
1413.0,1.0,1.0
1.0,846.6931051978586,225.3068948021411

285.0,842.6065272810911,1009.3934727189088
192.19706820070124,26.078323628188066,28.708776342127205
256.4180702231535,16.21253241175505,11.421371381956147

Iteration: ,10000
Error:,0.05028848402826455
Absolute Error:,1
Transition Probabilities
0.864511442063204,0.074620066166405,0.060868491770391234
0.9989350372736954,0.0005324813631522897,0.0005324813631522897
0.0006954102920723227,0.791042240000712,0.20826234970721574

0.13496280552603612,0.3888379938343698,0.47619920063959403
0.7828870608288132,0.10642113070735881,0.11069180846382808
0.9006147379275806,0.062239114635795935,0.037146147436623436

Transition Gammas
2380.0,205.42904215611293,167.57095784388704
1876.0,1.0,1.0
1.0,1137.5187411210236,299.4812588789762

381.0,1097.689656594426,1344.310343405574
262.35698241494197,35.66328799458069,37.09445499824495
331.9855357234838,22.942646777985022,13.692851268665972

Iteration: ,12500
Error:,0.04783637466054164
Absolute Error:,1
Transition Probabilities
0.8626132709733996,0.07378200893429278,0.06360472009230762
0.9991489361702127,0.000425531914893617,0.000425531914893617
0.0005512679162072766,0.7892678681808214,0.21018086390297128

0.13333333333333333,0.3888410819493087,0.4778255847173579
0.7815471506899877,0.11117319878221711,0.1072796505277952
0.9043800642436792,0.058476681593891446,0.03714325416242934

Transition Gammas
2951.0,252.4082525642156,217.59174743578438
2348.0,1.0,1.0
1.0,1431.7319128800104,381.26808711999

470.0,1370.6648138713133,1684.3351861286867
331.43464420209415,47.14577943334936,45.494622776647674
412.00801094508057,26.640195005090643,16.921335257747035

Iteration: ,15000
Error:,0.04717616482217552
Absolute Error:,1
Transition Probabilities
0.8583856935717739,0.07493462559484115,0.06667968083338502
0.9992922859164898,0.00035385704175513094,0.00035385704175513094
0.00046061722708429286,0.7898098624284802,0.20972952034443543

0.13423616060822047,0.391784214524488,0.47397962486729156
0.7902202806387788,0.10321812325286624,0.10656159610835496
0.9058142674747153,0.05687299422502875,0.03731273830025593

Transition Gammas
3552.0,310.0794807114527,275.9205192885472
2824.0,1.0,1.0
1.0,1714.6772113322309,455.32278866776943

565.0,1649.0197589335698,1994.9802410664302
403.6011186805023,52.71814838678089,54.425810690337975
485.0688481403397,30.455821672953448,19.98119000567884

Iteration: ,17500
Error:,0.048341677422724987
Absolute Error:,1
Transition Probabilities
0.8586398191904664,0.0746439513175365,0.06671622949199707
0.9993853718500307,0.00030731407498463427,0.00030731407498463427
0.000395882818685669,0.7907398664090926,0.2088642507722217

0.13593622240392478,0.38772831271054453,0.4763354648855307
0.7865953183152421,0.10599700043171494,0.10740768125304295
0.9082499583012823,0.05483303866882792,0.036917003029889935

Transition Gammas
4179.0,363.29211106245015,324.70788893754974
3252.0,1.0,1.0
1.0,1997.408902549368,527.591097450632

665.0,1896.766905779984,2330.233094220016
479.51414751768704,64.61653167515529,65.47649282125958
570.4615854709714,34.44001498630897,23.187154468639996

Iteration: ,20000
Error:,0.04803934795061175
Absolute Error:,1
Transition Probabilities
0.8600499821492325,0.07251474728832723,0.06743527056244034
0.9994612068965517,0.00026939655172413793,0.00026939655172413793
0.00035001750087504407,0.7946980460682871,0.20495193643083778

0.13798033958891875,0.38871705635909676,0.4733026040519845
0.7889730316633665,0.10613112973182193,0.1048958386048115
0.9090612005019423,0.05450140411057312,0.03643739538748461

Transition Gammas
4818.0,406.2276143092091,377.77238569079077
3710.0,1.0,1.0
1.0,2270.452317617094,585.547682382903

772.0,2174.871930329145,2648.1280696708513
546.1429224017593,73.46609202514367,72.6109987848841
648.842294889799,38.90036897218234,26.007185467786307

Iteration: ,21554
Error:,0.04773080547157932
Absolute Error:,1
Transition Probabilities
0.8617940199335549,0.07197537029594155,0.06623060977050362
0.9994987468671679,0.0002506265664160401,0.0002506265664160401
0.0003205128205128208,0.7915276378650862,0.20815184931440103

0.13932658815724008,0.38366905328429873,0.4770043585584612
0.792785231596462,0.10628485460516668,0.10092991379837125
0.9085493069999395,0.05396723920038901,0.03748345379967148


Model Num 2
Model States: 
"['diamond', 'x', 'square']","['diamond', 'x', 'diamond']","['square', 'y', 'diamond', 'x', 'diamond']","['square', 'y', 'diamond', 'x', 'square']"
Iteration: ,0
Error:,0.4535742921371753
Absolute Error:,0.55
Transition Probabilities
0.25,0.25,0.25,0.25
0.25,0.25,0.25,0.25
0.25,0.25,0.25,0.25
0.25,0.25,0.25,0.25

0.25,0.25,0.25,0.25
0.25,0.25,0.25,0.25
0.25,0.25,0.25,0.25
0.25,0.25,0.25,0.25

Transition Gammas
1.0,1.0,1.0,1.0
1.0,1.0,1.0,1.0
1.0,1.0,1.0,1.0
1.0,1.0,1.0,1.0

1.0,1.0,1.0,1.0
1.0,1.0,1.0,1.0
1.0,1.0,1.0,1.0
1.0,1.0,1.0,1.0

Iteration: ,2500
Error:,0.04512816326634195
Absolute Error:,0.13141939203088743
Transition Probabilities
0.0017421602787456442,0.0017421602787456442,0.15126031596202927,0.8452553634804795
0.773518833884887,0.22104638350641734,0.002717391304347826,0.002717391304347826
0.026689012316816894,0.11178608215776308,0.7509133093206365,0.1106115962047835
0.09538081641072352,0.06513157419303121,0.7592935663536168,0.08019404304262848

0.03005363793494377,0.07681984474307224,0.24971584494327576,0.6434106723787082
0.11191097093400267,0.0386386662593652,0.5646645729268316,0.2847857898798005
0.0034217862408371753,0.8977223354566108,0.07191314404339114,0.02694273425916075
0.8289039339858458,0.0030113317661617472,0.11404867149627546,0.0540360627517169

Transition Gammas
1.0,1.0,86.82342136220481,485.17657863779533
284.6549308696384,81.34506913036158,1.0,1.0
4.678798427398635,19.596998914614606,131.64114014621305,19.391102084691827
13.38478619399023,9.139911230134139,106.5516361314442,11.25362688798031

4.111439314693677,10.509214575254466,34.1619721587178,88.02075607743771
6.796316815289614,2.3465136172730623,34.29189560194351,17.294948264339904
1.1716277945001026,307.3822752023158,24.62323255192954,9.225256663063707
406.4301011730211,1.4765231822479807,55.92060936662341,26.49508773057293

Iteration: ,5000
Error:,0.050858443745747564
Absolute Error:,0.12210935256668048
Transition Probabilities
0.0008718395815170009,0.0008718395815170009,0.135589430779688,0.8626668900572779
0.7803622339072025,0.21683271700443854,0.0014025245441795233,0.0014025245441795233
0.039283279616225866,0.09810891849043679,0.744022087052057,0.11858571484128029
0.09600657537058345,0.06830176188365215,0.7654507869027434,0.0702408758430211

0.03559924172326784,0.05974150536117411,0.22730311964432362,0.6773561332712346
0.08118037740693965,0.024896303672238336,0.6274847267745217,0.26643859214630045
0.0017701512455962514,0.9057572661496306,0.07034356587746286,0.022129016727310425
0.8434021144183255,0.0015400106427079418,0.11611690062008333,0.038940974318883256

Transition Gammas
1.0,1.0,155.52107710430212,989.4789228956978
556.3982727758353,154.60172722416465,1.0,1.0
14.789778845946827,36.93706893782991,280.1171957000906,44.646386806936135
28.547543118669616,20.3095203107526,227.60669527038516,20.886115602829445

10.160034961298201,17.050244716684247,64.87238296677077,193.31765684175858
9.856678469399396,3.022834682618799,76.18731759858359,32.35017646519376
1.2027563171840714,615.4306172464326,47.79601090181077,15.035898614911531
837.4051281121149,1.5290604416379487,115.29125476144269,38.664085648878086

Iteration: ,7500
Error:,0.04410721093255356
Absolute Error:,0.11750390881393893
Transition Probabilities
0.0005875440658049347,0.0005875440658049347,0.14722282639970385,0.8516020854686863
0.7764963075828724,0.221700265906758,0.0009017132551848516,0.0009017132551848516
0.046506942679494186,0.08889724544822099,0.7511658468925321,0.11342996497975262
0.08810449969406405,0.07105527208268442,0.7773527729326076,0.06348745529064392

0.04181886864926858,0.07232554864008417,0.21964633275789594,0.6662092499527513
0.08532510240044523,0.03363703939327524,0.6466354657133992,0.2344023924928803
0.001166966047411843,0.9033297741898924,0.0774408016324817,0.018062458130213874
0.8385660555943979,0.001069997319643427,0.12698310282356357,0.03338084426239516

Transition Gammas
1.0,1.0,250.57325053229624,1449.4267494677056
861.1344051094051,245.86559489059454,1.0,1.0
27.651747064778935,52.85585343311827,446.6225213968132,67.44233270293667
37.58027024930756,30.3080584621408,331.57361300837414,27.08006668839839

18.222212805115664,31.51523656987809,95.70900281750284,290.2949581728547
15.164399668646857,5.978141187990917,114.92325665170733,41.659153790016624
1.2149305110338584,940.4582992133143,80.62376185741614,18.804858577795247
1221.3116747922645,1.5583748110942233,184.94183606064962,48.616819796250695

Iteration: ,10000
Error:,0.03796339536196809
Absolute Error:,0.11425989201240619
Transition Probabilities
0.0004450378282153976,0.0004450378282153976,0.15175799816580543,0.8473519261777638
0.7743991341538294,0.22424676970534452,0.0006770480704129997,0.0006770480704129997
0.04737861529589764,0.07741610911432548,0.7552163829552273,0.11998889263454951
0.09010096986513554,0.06721741916059161,0.7776649102138701,0.06501670076040272

0.053727535699081876,0.06982634430482665,0.2056355375164239,0.6708105824796675
0.09537515556722886,0.032056782029578214,0.6568890682661043,0.2156789941370887
0.0008749613292071876,0.8985441104389298,0.0796222130714625,0.020958715160400394
0.8424973896925672,0.0008230633743388268,0.12881930654720591,0.027860240385888184

Transition Gammas
1.0,1.0,341.00022187856536,1903.9997781214383
1143.7875211452053,331.21247885479363,1.0,1.0
38.90661012124269,63.572950699457095,620.1723960336661,98.53308365929144
52.29470528820169,39.01306645753243,451.3575975206733,37.73576699746599

32.11801387952374,41.74178968675739,122.92774947034637,401.0067336660211
21.79692693362022,7.326219616314782,150.12466233302686,49.291026036744405
1.223300072965621,1256.271607864955,111.32133022182961,29.302778224741743
1617.1307230242228,1.5798281228206472,247.26208162161618,53.47630892399606

Iteration: ,12500
Error:,0.036657317827745096
Absolute Error:,0.11378993330011818
Transition Probabilities
0.0003537318712415986,0.0003537318712415986,0.15421759467420115,0.8450749415833156
0.7729773744230699,0.22594037449467896,0.0005411255411255416,0.0005411255411255416
0.052364021564367286,0.08051488366111773,0.746526689201251,0.12059440557326404
0.08639564164721694,0.06743159713064957,0.7868733431663425,0.05929941805579099

0.04895508161584769,0.0715647240994631,0.19598778758024396,0.6834924067044453
0.10419947880462059,0.035094873680709356,0.6564433333592897,0.20426231415538038
0.0007042062114798681,0.8946850402803271,0.0843623887091763,0.02024836479901661
0.8502107853407195,0.0006672406017837867,0.12487750866657041,0.024244465390926454

Transition Gammas
1.0,1.0,435.97314014396704,2389.026859856035
1428.4621879338322,417.5378120661664,1.0,1.0
54.288432984538986,83.47385734156337,773.962024441802,125.02632742267234
63.594894284778995,49.63566690653318,579.208929062756,43.64965813675882

36.51841293659335,53.384246539822946,146.1985706314864,509.8563238627896
29.55903190187024,9.95562072498767,186.21810449666904,57.94459175549151
1.2294851377522762,1562.0452391102003,147.2896736954981,35.35195114490833
2034.6773435831674,1.5968032381807615,298.8499346137528,58.02051125290719

Iteration: ,15000
Error:,0.03744812809877935
Absolute Error:,0.1105501130036585
Transition Probabilities
0.00029472443265546696,0.00029472443265546696,0.15138574443765407,0.8480248066970351
0.7765380141434228,0.2225537206431349,0.00045413260672116283,0.00045413260672116283
0.05299773532308865,0.07714975677598353,0.7493326066038397,0.12051990129708816
0.08922576076054937,0.06115882153070064,0.7901929088697388,0.059422508839011026

0.048305487614079906,0.07608412036609648,0.18667956535438718,0.6889308266654365
0.09223219607871902,0.03436878418155887,0.6772223553041448,0.19617666443557746
0.0005904146688665405,0.8962095871429925,0.08325504192079511,0.0199449562673458
0.851540228739845,0.0005589826444779939,0.12669714271274352,0.0212036459029336

Transition Gammas
1.0,1.0,513.6518308769606,2877.3481691230418
1709.936707143816,490.0632928561827,1.0,1.0
67.00756473127171,97.5441174920624,947.4169572748663,152.3790599416969
79.06627628362787,54.19511404676637,700.219424496994,52.65650257597912

43.58223766866081,68.64471057817667,168.4262717759167,621.5680351863045
31.277802164413153,11.655149481041615,229.65979073557304,66.5274726219625
1.2349095049887764,1874.5092152768304,174.13598954715167,41.71680916806337
2453.9160797702884,1.610841688157209,365.1080069626834,61.103358214753825

Iteration: ,17500
Error:,0.035563418380984466
Absolute Error:,0.1087042676985803
Transition Probabilities
0.0002513826043237805,0.0002513826043237805,0.1537011928493242,0.8457960419420283
0.7815562864923188,0.21766154690619516,0.0003910833007430586,0.0003910833007430586
0.05462176041603706,0.07490521953835186,0.7472112924375527,0.12326172760805842
0.08905253955544021,0.06138670445137991,0.7890305257940317,0.06053023019914817

0.048813680235297176,0.07415006558789651,0.17842863837530443,0.6986076158015019
0.09689754458856767,0.03872488875231492,0.6749771976607075,0.18940036899840995
0.0005080918023617293,0.8954629936558183,0.08399509030591068,0.02003382423590931
0.8530039578151931,0.00047944117348731777,0.12725054719547696,0.01926605381584254

Transition Gammas
1.0,1.0,611.4233451546124,3364.5766548453926
1998.4394245608573,556.5605754391405,1.0,1.0
80.36357512772047,110.20610086491013,1099.3525360353635,181.35177320455733
92.07387098888977,63.46940283012033,815.8003713417672,62.583870534253606

51.939697353474074,78.89861913322198,189.8551682998167,743.3462906024463
37.28014005251169,14.898925275497275,259.6891858084492,72.86946549821226
1.2383893449464778,2182.542259061585,204.72407619873837,48.82911780304159
2888.208654171235,1.6233525457241669,430.8609922506688,65.23344100907532

Iteration: ,20000
Error:,0.03502333520050248
Absolute Error:,0.10833771575171822
Transition Probabilities
0.00022060445621001514,0.00022060445621001514,0.15223499661184273,0.8473237944757372
0.7795036530862882,0.21981328680442225,0.00034153005464480907,0.00034153005464480907
0.05356513649701298,0.0758873421286219,0.7511315986601417,0.11941592271422351
0.088306444229259,0.06196718350362601,0.7899233734338467,0.05980299883326816

0.04975579156467851,0.07330050543202156,0.17380427645107513,0.7031394265522248
0.10599421498466774,0.042175307801002815,0.6681636152206403,0.18366686199368912
0.0004448933421343633,0.8904613479250219,0.08777856748757602,0.021315191245267835
0.8516426945678243,0.0004233221732706179,0.13040480354109685,0.017529179717808274

Transition Gammas
1.0,1.0,690.081239641484,3840.9187603585224
2282.3866962366496,643.6133037633477,1.0,1.0
91.27202872346457,129.30783198689704,1279.886682484854,203.47812478027433
104.26853953421603,73.16824699902274,932.7083341512038,70.61286865908292

60.45039954184746,89.05586064739947,211.16211044279237,854.2736017666276
46.583880654974905,18.53581825642978,293.65427267834633,80.72058631336992
1.2431102929653237,2488.1057149177586,245.2687653675922,59.55839551654684
3285.356709438689,1.6330373654112667,503.05873459548246,67.62179557717276

Iteration: ,22500
Error:,0.03488304021944309
Absolute Error:,0.1076103109748815
Transition Probabilities
0.0001961168856638554,0.0001961168856638554,0.15464712683146156,0.8449606393972108
0.7784199060008536,0.22097568179001978,0.00030220610456331245,0.00030220610456331245
0.05460548332939905,0.0745620173313247,0.7479621635670957,0.1228703357721805
0.08921871510202647,0.06218300172926304,0.7899583863588202,0.05863989680989016

0.05238250680368651,0.07475751825447342,0.17097266508520725,0.7018873098566328
0.10448734739864061,0.042506748213312094,0.6780494467109418,0.1749564576771055
0.000396483192581065,0.8920489331834456,0.08675675379917396,0.020797829824799396
0.8545667376768601,0.000379691619241115,0.12843489183325502,0.016618678870643833

Transition Gammas
1.0,1.0,788.5456997136235,4308.454300286383
2575.7914689568224,731.2085310431748,1.0,1.0
105.05637014404253,143.4510678019919,1439.0164708447508,236.39222084598376
118.90236500859997,82.87169301293042,1052.7827069581688,78.14977391887847

72.02886431678714,102.79575124557128,235.0969368734983,965.1341429078029
51.35991400675018,20.89384970807187,333.28974409251373,85.99843756143312
1.2461980411239533,2803.8253674337784,272.6877170630587,65.37027362640372
3694.8521818858844,1.6416557606847821,555.3082274304738,71.85344242649184

Iteration: ,25000
Error:,0.035427523961925333
Absolute Error:,0.10629846322052613
Transition Probabilities
0.00017565431231336703,0.00017565431231336703,0.15674930021667308,0.8428993911587003
0.7795524696619582,0.21990537799323287,0.0002710761724044457,0.0002710761724044457
0.0550743420903092,0.07434426364081,0.7492162683193383,0.12136512594954267
0.086977470355221,0.06026571898867862,0.7930100903587709,0.05974672029732944

0.0531697102481618,0.07714601034536227,0.1699843423571074,0.6996999370493685
0.10215253736291442,0.04344930965941412,0.685336832861223,0.1690613201164484
0.00035642706910137846,0.8936494474245473,0.08533227885645102,0.020661846649900374
0.8544967662817748,0.0003427861848643295,0.12965740703875706,0.01550304049460386

Transition Gammas
1.0,1.0,892.373766133521,4798.626233866487
2875.7690605829634,811.230939417036,1.0,1.0
117.11212320692941,158.08839893092406,1593.1612542946607,258.07530410296636
126.9275317060895,87.94667086183675,1157.2515615386574,87.18928825939265

80.39147232089107,116.64312869865188,257.01271437827165,1057.9314399062052
56.32415988974423,23.956780003041807,377.8762852974438,93.21586199646408
1.2503538083356724,3134.9414417975545,299.3474656992949,72.48220150923063
4112.712094536455,1.6498375932608904,624.0440070883689,74.61648148966859

Iteration: ,27500
Error:,0.03305864556822998
Absolute Error:,0.10604724651585633
Transition Probabilities
0.00015931177314003496,0.00015931177314003496,0.15477633247492628,0.8449050439787937
0.779102242562279,0.2204022172989698,0.0002477700693756195,0.0002477700693756195
0.05432597130454748,0.074084972788089,0.7451725827246489,0.1264164731827147
0.08587732247709674,0.06078639278263954,0.7926327035510775,0.060703581189186104

0.055339642269600454,0.07701214710875968,0.1675508005939304,0.7000974100277094
0.09462557013519701,0.04426078108059066,0.6891942941239735,0.17191935466023886
0.00032688369597938093,0.8934577301220482,0.08560085506527686,0.020614531116695485
0.8570612298129927,0.00031095567383448855,0.12802125576115003,0.014606558752022759

Transition Gammas
1.0,1.0,971.5310389451129,5303.468961054891
3144.456650981357,889.543349018642,1.0,1.0
126.5523271404134,172.58091272602897,1735.8792157875814,294.487120726676
138.42887850148378,97.98386743247183,1277.6743970497873,97.85038031761985

92.3610554830924,128.53214983450565,279.6398414449723,1168.452362162431
57.08920733844643,26.703278030042235,415.8025774376047,103.72185519904818
1.2538710010717207,3427.1539151774173,328.35051473495406,79.07388189084088
4570.919940564072,1.658403671429327,682.7690839572531,77.90039770811875

Iteration: ,30000
Error:,0.03451779763445607
Absolute Error:,0.10561513067005415
Transition Probabilities
0.0001464772227918557,0.0001464772227918557,0.15585600641734362,0.8438510391370726
0.7811852797521343,0.21836141109102072,0.00022665457842248432,0.00022665457842248432
0.054913136312213506,0.07554373448872911,0.7440167538435858,0.12552637535547168
0.08223463377037021,0.05861629601566595,0.7987957762558279,0.0603532939581359

0.055641070641097884,0.07805981843410781,0.1646023933522487,0.7016967175725456
0.0990510906608034,0.044334861924122934,0.6871855100660076,0.16942853734906604
0.0002990051771521267,0.8942693724516799,0.08566102149421707,0.019770600876950886
0.8555315581907504,0.00028781955835487474,0.1302773865008852,0.013903235750009561

Transition Gammas
1.0,1.0,1064.028955811206,5760.971044188801
3446.5894542664137,963.4105457335827,1.0,1.0
140.98949080439468,193.95855662790458,1910.263196003518,322.2889991798372
144.74423868103634,103.172723609147,1405.9901673379427,106.23007831781389

101.18306925272024,141.95147439595084,299.32880826743644,1276.0327353605435
65.99038666990829,29.537026415476088,457.82067840631066,112.87765352195447
1.2569182357592545,3759.210768928007,360.09042062528414,83.10902510398466
4948.735448388124,1.6648630170724916,753.57631700191,80.42185579790015

Iteration: ,32500
Error:,0.0322777294760189
Absolute Error:,0.1052550539290964
Transition Probabilities
0.00013484358144552313,0.00013484358144552313,0.1555710481736013,0.8441592646635078
0.7814533761969485,0.21812592544377513,0.00021034917963819953,0.00021034917963819953
0.05499523004025428,0.07567690596336223,0.7459064467156787,0.1234214172807047
0.08145023959221646,0.05982686930623151,0.79581161543089,0.06291127567066203

0.05648872569002265,0.07623846011659338,0.16215119785072243,0.7051216163426615
0.0966453909850251,0.043372297371200755,0.6834416088623501,0.17654070278142422
0.00027751879895473975,0.8928499472755606,0.0862280308611268,0.020644503064357948
0.8563320569436901,0.00026571410383423,0.12998317683479452,0.013419052117681282

Transition Gammas
1.0,1.0,1153.7148932554278,6260.285106744576
3715.029350440291,1036.9706495597063,1.0,1.0
154.4203546244554,212.49214972262578,2094.420514909987,346.55331036508176
155.81518097216747,114.44944194908783,1522.3961463947207,120.34994436960339

110.35450669430897,148.9369348401925,316.7732185516149,1377.5022746659697
69.24675936922415,31.0764021826901,489.68829397295934,126.4920286397642
1.2596937653834652,4052.7615291006223,391.4001980628683,93.70807274159759
5381.500213942416,1.6698434854056325,816.861272766014,84.3301745586232

Iteration: ,35000
Error:,0.03236818522680506
Absolute Error:,0.10511831833186286
Transition Probabilities
0.00012510947078693847,0.00012510947078693847,0.15560037355009457,0.8441494075083316
0.7806830356087961,0.21892748045741617,0.00019474196689386574,0.00019474196689386574
0.05367986873437243,0.07626136151257006,0.7460013996069812,0.12405737014607637
0.07877281666068907,0.059930176888517955,0.7971538449822394,0.06414316146855366

0.05710530386996647,0.08165796394715504,0.15821779249417217,0.7030189396887064
0.09440332373435661,0.04334331414584179,0.686002577245148,0.17625078487465354
0.0002582584694663683,0.8915133785252409,0.08741098907520829,0.020817373930084454
0.8573295861118042,0.0002478295243332467,0.12972725139046784,0.01269533297339483

Transition Gammas
1.0,1.0,1243.7137857859068,6747.286214214099
4008.807387851166,1124.1926121488314,1.0,1.0
162.87627224478496,231.39338028086073,2263.5287664102334,376.41675492671305
162.78194092442365,123.8441245014591,1647.2973241584345,132.55014564041275

119.68663059789613,171.14638928415886,331.60763013160175,1473.4527694563203
72.80888263189021,33.42867758980445,529.081807250381,135.9340137835311
1.2621737237449056,4357.048824252169,427.19936273628514,101.7397122588713
5793.85952943338,1.6748394952112025,876.7007273184703,85.79544800363527

Iteration: ,37500
Error:,0.03128709569307142
Absolute Error:,0.10470850365532515
Transition Probabilities
0.00011665888940737276,0.00011665888940737276,0.15690780534091878,0.8428588768802665
0.7792723695390424,0.22036359696987626,0.00018201674554058986,0.00018201674554058986
0.05467219871895362,0.07518096207346273,0.7455472720517786,0.12459956715580509
0.07785792907061233,0.05972313374876227,0.7979485205770716,0.0644704166035537

0.057010526965019924,0.08066798336024501,0.15603332385314048,0.7062881658215945
0.09417043635740334,0.04380834047330915,0.685820786791406,0.17620043637788152
0.00024137100806478188,0.8918872545232034,0.08664789535571028,0.021223479113021616
0.8588082513309003,0.00023116358291939745,0.1288170439265084,0.012143541159671915

Transition Gammas
1.0,1.0,1345.0137073823566,7224.986292617649
4281.3223982474965,1210.6776017524994,1.0,1.0
176.18698005172217,242.27865305359308,2402.6054452985545,401.53536838317245
171.29074615770037,131.39342729529358,1755.520588803721,141.83765092319652

128.73303828315784,182.15293109834406,352.3321906033127,1594.8391697105387
78.79761131774306,36.65686088561682,573.8641752292299,147.4366482388026
1.2654242038364218,4675.854519628,454.26476391552853,111.26731571683291
6242.154382988176,1.680187364375465,936.2926754643106,88.26400835969235

Iteration: ,40000
Error:,0.03221763215769514
Absolute Error:,0.10413458590730523
Transition Probabilities
0.00010922992900054612,0.00010922992900054612,0.1550572150047778,0.8447243251372212
0.7809455670879347,0.21871249411910917,0.00017096939647803056,0.00017096939647803056
0.05388177350835612,0.07547579181708962,0.7454196892606226,0.12522274541393158
0.07913586487227593,0.060122130798049275,0.7956785204605986,0.06506348386907614

0.057166450045873285,0.08096932239736084,0.15343201293579573,0.7084322146209702
0.0925323217414805,0.04716410483812776,0.6859311352313101,0.17437243818908169
0.0002271954653069666,0.890625589627437,0.08827100868022031,0.020876206227035687
0.8577623565915674,0.00021674959347376676,0.13011653406442647,0.011904359750532396

Transition Gammas
1.0,1.0,1419.548803368741,7733.451196631261
4567.750621897327,1279.2493781026685,1.0,1.0
185.8952050997344,260.3958052295148,2571.7406276353163,432.0256447806897
186.12399857057105,141.40455032337832,1871.4001299393817,153.02639072927872

137.71056215492214,195.0502592988736,369.6085507670069,1706.5708723530015
81.52219774867703,41.55219937088837,604.3143908625619,153.62442139606296
1.2670145994979938,4966.805227471545,492.26623673647697,116.42159334495345
6669.177099182154,1.685246984720031,1011.6673954492801,92.55743484028865

Iteration: ,42500
Error:,0.033322740059613824
Absolute Error:,0.10408800637860566
Transition Probabilities
0.00010287007509515482,0.00010287007509515482,0.15548119851658604,0.8443130613332237
0.7826259063475066,0.2170524468207146,0.00016082341588935352,0.00016082341588935352
0.054573348653162615,0.07597435598455204,0.7422296473694358,0.1272226479928496
0.07819785070183309,0.059339313895313765,0.7971719355712032,0.06529089983164994

0.05549415635248081,0.08186510325608364,0.15238218996182565,0.71025855042961
0.09397459423019949,0.04825856167319286,0.6851915319453256,0.17257531215128216
0.00021421392420446436,0.8907346103824736,0.08810782833697038,0.020943347356351696
0.8570880023948294,0.00020469935834381293,0.13106818229875533,0.01163911594807157

Transition Gammas
1.0,1.0,1511.432730779733,8207.567269220268
4866.367885668796,1349.6321143312032,1.0,1.0
200.72904830586572,279.4451971300539,2730.033146540864,467.94418310038833
196.249708252091,148.9212674685647,2000.627362242016,163.85770105542596

142.21577283828162,209.79702536786456,390.51230501753696,1820.1910850353713
86.9536278211446,44.65310060967589,633.9999650227516,159.68198199570546
1.2690585771433953,5276.941736921882,521.9735163330707,124.07379536776938
7073.805278521834,1.6894454216096397,1081.745161757722,96.06112744636062

Iteration: ,45000
Error:,0.03199843857292781
Absolute Error:,0.10353821847584915
Transition Probabilities
9.699321047526672e-05,9.699321047526672e-05,0.15684949535174722,0.8429565182273022
0.7830952052095845,0.21660167263218572,0.00015156107911488325,0.00015156107911488325
0.05353285831577101,0.0749934301633996,0.7436269187293886,0.12784679279144084
0.07838491148404209,0.0600973326510486,0.796523740993986,0.06499401487092324

0.05526257516899413,0.08175239757625014,0.15057011671736864,0.7124149105373873
0.09180557731210355,0.04687919516694377,0.6884215750575149,0.17289365246343777
0.00020190660031489278,0.8893907589591822,0.08911466342730973,0.021292671013193275
0.8578318556762708,0.00019407128733697792,0.13064723835808603,0.011326834678306023

Transition Gammas
1.0,1.0,1617.1182970765142,8690.881702923487
5166.862163972841,1429.137836027162,1.0,1.0
208.42116168167095,291.97428130872436,2895.18608076417,497.7499410491585
209.10222751626682,160.3176668468736,2124.833534389337,173.38022110929103

149.09830140605862,220.5677816717194,406.2378305104285,1922.0937991516153
88.96181580345839,45.4270693302007,667.0970887442925,167.53811385282467
1.2706792760531356,5597.293025389241,560.8343453504248,134.00332503288817
7481.752142985151,1.6926315574753799,1139.4660259965683,98.78925463877339

Iteration: ,45993
Error:,0.031989589856581895
Absolute Error:,0.10335494603820933
Transition Probabilities
9.498480243161089e-05,9.498480243161089e-05,0.1577021273561033,0.8421079030390335
0.7817341634865695,0.21796949631488252,0.0001481700992739664,0.0001481700992739664
0.052743490244329165,0.07438459098545673,0.7447979503115297,0.12807396845868446
0.07768483740320205,0.059767192136105846,0.7971789029289252,0.06536906753176705

0.05490005395379466,0.08081569494707484,0.15004596289798625,0.7142382882011442
0.09381538370392123,0.04557743476818297,0.6901163109221135,0.17049087060578236
0.0001972999440897057,0.889292230695333,0.08918642069197706,0.021324048668600118
0.857458025869484,0.00019028697606653566,0.13114538867008665,0.011206298484362597

*,*,*,*,*,*,*,*,*,*,*
Model Num 2
Model States: 
"['diamond', 'x', 'square']","['diamond', 'x', 'diamond']","['square', 'y', 'diamond', 'x', 'diamond']","['square', 'y', 'diamond', 'x', 'square']"
Iteration: ,45993
Error:,0.03213906577533728
Absolute Error:,0.10335494603820933
Transition Probabilities
9.498480243161089e-05,9.498480243161089e-05,0.1577021273561033,0.8421079030390335
0.7817341634865695,0.21796949631488252,0.0001481700992739664,0.0001481700992739664
0.052743490244329165,0.07438459098545673,0.7447979503115297,0.12807396845868446
0.07768483740320205,0.059767192136105846,0.7971789029289252,0.06536906753176705

0.05490005395379466,0.08081569494707484,0.15004596289798625,0.7142382882011442
0.09381538370392123,0.04557743476818297,0.6901163109221135,0.17049087060578236
0.0001972999440897057,0.889292230695333,0.08918642069197706,0.021324048668600118
0.857458025869484,0.00019028697606653566,0.13114538867008665,0.011206298484362597

Transition Gammas
1.0,1.0,1660.2879968050565,8865.712003194949
5275.923869370862,1471.0761306291433,1.0,1.0
210.4725578999192,296.8312309353026,2972.111420660845,511.0783457261084
211.1792417465382,162.47173500683996,2167.059131283302,177.69992931037288

150.75859069350844,221.92437709426633,412.0345295978954,1961.3379221662096
93.87779540168025,45.60775564916301,690.5754182552112,170.60429149974257
1.2721532530939728,5733.9904957899635,575.0574118942492,137.49348996551103
7634.2863994428735,1.6941998669879905,1167.6390293955772,99.77408750768258

