0,1,2,3,4,5,6,7,8,9,10,11,12,13,14,15,16,17,18,19,20,21,22,23,24,25,26,27,28,29
github Code Version (SHA):,528ca1c557fe8e6666681dc5c9134b0f84d30530
Environment Observations,Environment Actions,alpha,epsilon,numActions,explore,patience,gainThresh,insertRandActions,useUpdatedPosterior,revisedSplitting,haveControl,confidence_factor
"['diamond', 'square']","['x', 'y']",0.85,0.99,75000,0.5,0,0.01,False,True,False,False,250

Model Num 0
Model States: 
['diamond'],['square']
Iteration: ,0
Error:,0.5076754536663887
Absolute Error:,1
Transition Probabilities
0.5,0.5
0.5,0.5

0.5,0.5
0.5,0.5

Transition Gammas
1.0,1.0
1.0,1.0

1.0,1.0
1.0,1.0

Iteration: ,2500
Error:,0.08077794395867656
Absolute Error:,1
Transition Probabilities
0.47378640776699027,0.5262135922330097
0.10894941634241245,0.8910505836575876

0.09879032258064516,0.9012096774193549
0.8756906077348067,0.12430939226519337

Transition Gammas
244.0,271.0
84.0,687.0

49.0,447.0
634.0,90.0

Iteration: ,2511
Error:,0.08186892988749375
Absolute Error:,1
Transition Probabilities
0.4758220502901354,0.5241779497098646
0.10866752910737387,0.8913324708926261

0.1,0.9
0.8762035763411279,0.12379642365887207


Model Num 1
Model States: 
['square'],"['diamond', 'y', 'square']","['diamond', 'y', 'diamond']"
Iteration: ,0
Error:,0.5655112353500825
Absolute Error:,1
Transition Probabilities
0.3333333333333333,0.3333333333333333,0.3333333333333333
0.3333333333333333,0.3333333333333333,0.3333333333333333
0.3333333333333333,0.3333333333333333,0.3333333333333333

0.3333333333333333,0.3333333333333333,0.3333333333333333
0.3333333333333333,0.3333333333333333,0.3333333333333333
0.3333333333333333,0.3333333333333333,0.3333333333333333

Transition Gammas
1.0,1.0,1.0
1.0,1.0,1.0
1.0,1.0,1.0

1.0,1.0,1.0
1.0,1.0,1.0
1.0,1.0,1.0

Iteration: ,2500
Error:,0.09288218333369122
Absolute Error:,1
Transition Probabilities
0.8820301783264746,0.10147997632247036,0.01648984535105504
0.5045316133609574,0.45785635077161985,0.037612035867422684
0.3333333333333333,0.3333333333333333,0.3333333333333333

0.12278481012658228,0.8115221120872019,0.06569307778621586
0.9969183359013868,0.0015408320493066256,0.0015408320493066256
0.011904761904761904,0.8320025520170214,0.15609268607821652

Transition Gammas
643.0,73.9789027390809,12.021097260919124
116.75219018421771,105.95120370405053,8.7036915993355
1.0,1.0,1.0

97.0,641.1024685488895,51.897531451110524
647.0,1.0,1.0
1.0,69.8882143694298,13.11178563057019

Iteration: ,5000
Error:,0.0886688218808717
Absolute Error:,1
Transition Probabilities
0.8797634691195795,0.10205006295714945,0.018186467923271055
0.4902390920322025,0.47116258960835294,0.03859831835944461
0.3333333333333333,0.3333333333333333,0.3333333333333333

0.11947194719471946,0.8011977563610709,0.07933029644420969
0.9984350547730829,0.000782472613458529,0.000782472613458529
0.005076142131979694,0.8515362874801988,0.14338757038782152

Transition Gammas
1339.0,155.32019582078146,27.679804179218543
218.13421327561468,209.64603288382446,17.1745051464523
1.0,1.0,1.0

181.0,1213.8146008870226,120.18539911297769
1276.0,1.0,1.0
1.0,167.75264863359922,28.247351366400846

Iteration: ,7500
Error:,0.09070322391018555
Absolute Error:,1
Transition Probabilities
0.883528900478053,0.09988115433828428,0.01658994518366267
0.4895050470062105,0.4758788523683581,0.03461610062543148
0.3333333333333333,0.3333333333333333,0.3333333333333333

0.12019443216968623,0.8011309739964965,0.07867459383381752
0.9989440337909187,0.0005279831045406547,0.0005279831045406547
0.0034129692832764497,0.8352496849518629,0.1613373457648607

Transition Gammas
2033.0,229.8265361323921,38.17346386760781
333.23838210369985,323.9621323834586,23.565463599829453
1.0,1.0,1.0

272.0,1812.9593941540718,178.04060584592906
1892.0,1.0,1.0
1.0,244.72815769089587,47.271842309104194

Iteration: ,10000
Error:,0.0892762923620394
Absolute Error:,1
Transition Probabilities
0.886482939632546,0.0978400427796123,0.015677017587841773
0.47327644840319893,0.4945524312638128,0.03217112033298829
0.3333333333333333,0.3333333333333333,0.3333333333333333

0.11614824619457305,0.8058631099902859,0.07798864381514099
0.9992147624656459,0.00039261876717707107,0.00039261876717707107
0.002631578947368421,0.8446323467294021,0.15273607432322941

Transition Gammas
2702.0,298.21645039225825,47.783549607741726
430.7033107051616,450.065432542177,29.27719746727744
1.0,1.0,1.0

351.0,2435.318318390646,235.68168160935627
2545.0,1.0,1.0
1.0,320.9602917571728,58.039708242827174

Iteration: ,12500
Error:,0.08863302543304402
Absolute Error:,1
Transition Probabilities
0.8884807137234322,0.0964687378658762,0.015050548410691623
0.45604407409898257,0.5144874190459191,0.029468506855098293
0.3333333333333333,0.3333333333333333,0.3333333333333333

0.12032648762506584,0.8077568601411874,0.07191665223374677
0.9993751952514839,0.00031240237425804435,0.00031240237425804435
0.0022779043280182236,0.8505380154569544,0.14718408021502735

Transition Gammas
3386.0,367.64236000685423,57.357639993145774
518.5992167155554,585.0591810766753,33.51067460535399
1.0,1.0,1.0

457.0,3067.8605548162295,273.1394451837702
3199.0,1.0,1.0
1.0,373.38618878560294,64.613811214397

Iteration: ,15000
Error:,0.09176022890209783
Absolute Error:,1
Transition Probabilities
0.8861985472154964,0.09948477964123416,0.014316673143269515
0.45472235588725796,0.516479208142166,0.028798435970575992
0.3333333333333333,0.3333333333333333,0.3333333333333333

0.1198338071287995,0.8089958230156654,0.07117036985553525
0.999482936918304,0.0002585315408479835,0.0002585315408479835
0.0019342359767891683,0.8567986482922895,0.14126711573092127

Transition Gammas
4026.0,451.95935391012677,65.0406460898734
619.6806269608163,703.8408280790923,39.2455585846808
1.0,1.0,1.0

548.0,3699.537898650637,325.4621013493626
3866.0,1.0,1.0
1.0,442.9649011671137,73.03509883288629

Iteration: ,17500
Error:,0.0907381556812125
Absolute Error:,1
Transition Probabilities
0.8845274390243902,0.10126615153092645,0.014206409444683316
0.44819179086795535,0.5228111296736134,0.028997079458431316
0.3333333333333333,0.3333333333333333,0.3333333333333333

0.1148155085221952,0.8131212903900734,0.07206320108773136
0.9995615957913196,0.00021920210434020167,0.00021920210434020167
0.0016366612111292965,0.8566119325593612,0.14175140622950952

Transition Gammas
4642.0,531.4447632343021,74.55523676569804
708.5327497631577,826.4961894930433,45.840599632571404
1.0,1.0,1.0

613.0,4341.2545693926,384.74543060739757
4560.0,1.0,1.0
1.0,523.3898907937696,86.6101092062303

Iteration: ,20000
Error:,0.09128799021195205
Absolute Error:,1
Transition Probabilities
0.8834192582737402,0.10175780607165673,0.014822935654603039
0.4438910598908569,0.5272670374794026,0.028841902629740443
0.3333333333333333,0.3333333333333333,0.3333333333333333

0.11515051817733192,0.8118103505544103,0.0730391312682577
0.999616122840691,0.00019193857965451057,0.00019193857965451057
0.001402524544179523,0.8537317967665015,0.14486567868931916

Transition Gammas
5312.0,611.8696879088719,89.13031209112808
799.9860172162474,950.247246309196,51.97923747186538
1.0,1.0,1.0

700.0,4934.995121020255,444.0048789797381
5208.0,1.0,1.0
1.0,608.7107710945155,103.28922890548455

Iteration: ,22500
Error:,0.09164316927189747
Absolute Error:,1
Transition Probabilities
0.8830332308593177,0.10163809100518614,0.015328678135496043
0.4550893035125328,0.5170995105466166,0.02781118594085061
0.3333333333333333,0.3333333333333333,0.3333333333333333

0.11469639190378425,0.8131019502809295,0.07220165781528622
0.9996572995202193,0.00017135023989033586,0.00017135023989033586
0.0012674271229404308,0.8606181351617139,0.13811443771534554

Transition Gammas
6032.0,694.2897996564267,104.71020034357349
920.2100612421725,1045.59735549859,56.23540900724071
1.0,1.0,1.0

782.0,5543.72909701537,492.27090298462076
5834.0,1.0,1.0
1.0,679.0277086425924,108.97229135740766

Iteration: ,25000
Error:,0.09048234491640021
Absolute Error:,1
Transition Probabilities
0.8839450752574596,0.10072183950326283,0.015333085239277485
0.4584594155230476,0.5144260941409969,0.027114490335955317
0.3333333333333333,0.3333333333333333,0.3333333333333333

0.11238622872971929,0.8152244077019246,0.0723893635683561
0.9996916435399321,0.0001541782300339192,0.0001541782300339192
0.0011402508551881412,0.8605134244873123,0.13834632465749955

Transition Gammas
6695.0,762.8672123977127,116.13278760228768
1034.665866914227,1160.9732565977517,61.1928487004283
1.0,1.0,1.0

852.0,6180.216234788277,548.7837652117063
6484.0,1.0,1.0
1.0,754.670273275373,121.32972672462711

Iteration: ,27500
Error:,0.08953938967216661
Absolute Error:,1
Transition Probabilities
0.8833433553818401,0.10141967328009574,0.015236971338064273
0.46071586191853997,0.5116212905089469,0.027662847572513208
0.3333333333333333,0.3333333333333333,0.3333333333333333

0.11306743322553629,0.8139811378766462,0.07295142889781764
0.9997198487183079,0.00014007564084605686,0.00014007564084605686
0.00102880658436214,0.8632570164242802,0.13571417699135765

Transition Gammas
7345.0,843.3045833239961,126.69541667600443
1140.500506881442,1266.51671754241,68.47928253838525
1.0,1.0,1.0

944.0,6795.928520132101,609.0714798678779
7137.0,1.0,1.0
1.0,839.0858199644003,131.91418003559963

Iteration: ,30000
Error:,0.09001470590147381
Absolute Error:,1
Transition Probabilities
0.883434232250963,0.10124785932477673,0.015317908424260186
0.4610526740312515,0.512634578129528,0.02631274783922071
0.3333333333333333,0.3333333333333333,0.3333333333333333

0.11373366999670682,0.8135560861635425,0.07271024383975074
0.9997430956968529,0.00012845215157353886,0.00012845215157353886
0.0009469696969696972,0.8595449692688608,0.1395080610341696

Transition Gammas
8026.0,919.8368019655968,139.16319803440382
1243.4564690008024,1382.5725742682741,70.96533294512051
1.0,1.0,1.0

1036.0,7410.682388863691,662.3176111362878
7783.0,1.0,1.0
1.0,907.6794875479168,147.32051245208308

Iteration: ,32500
Error:,0.09046156035018002
Absolute Error:,1
Transition Probabilities
0.8821968150265415,0.10271448793856289,0.015088697034895711
0.46366883000641135,0.5102666675166706,0.026064502476917956
0.3333333333333333,0.3333333333333333,0.3333333333333333

0.11517478278440106,0.8123245091350899,0.072500708080509
0.9997630050953904,0.00011849745230477545,0.00011849745230477545
0.0008741258741258741,0.8575015934371016,0.14162428068877242

Transition Gammas
8642.0,1006.191123846162,147.80887615383838
1359.1287566990582,1495.7186175256047,76.40154470798304
1.0,1.0,1.0

1140.0,8040.387991419108,717.612008580877
8437.0,1.0,1.0
1.0,980.9818228920443,162.01817710795564

Iteration: ,35000
Error:,0.09221315047159745
Absolute Error:,1
Transition Probabilities
0.8815701929474384,0.1034780303940492,0.014951776658512316
0.4615741541612658,0.5123343188678583,0.02609152697087591
0.3333333333333333,0.3333333333333333,0.3333333333333333

0.115348575712144,0.8125975513754277,0.07205387291242824
0.9997803645947727,0.00010981770261366133,0.00010981770261366133
0.0008183306055646479,0.8612345719980946,0.1379470973963408

Transition Gammas
9275.0,1088.6923577757916,157.30764222420808
1460.2957477198313,1620.887176001358,82.54653243382309
1.0,1.0,1.0

1231.0,8672.041068278559,768.9589317214336
9104.0,1.0,1.0
1.0,1052.4286469816718,168.5713530183285

Iteration: ,37500
Error:,0.09079454849313984
Absolute Error:,1
Transition Probabilities
0.881425026586317,0.10396904370300135,0.014605929710681682
0.46124421948268296,0.5130004464388719,0.025755334078445064
0.3333333333333333,0.3333333333333333,0.3333333333333333

0.11592300962379706,0.8113445570676057,0.07273243330859733
0.9997948507539235,0.00010257462303826033,0.00010257462303826033
0.0007656967840735066,0.865957418899224,0.13327688431670248

Transition Gammas
9946.0,1173.186689144667,164.81331085533208
1565.2474990730148,1740.883965358684,87.4015771932935
1.0,1.0,1.0

1325.0,9273.66828728273,831.3317127172671
9747.0,1.0,1.0
1.0,1130.940389082387,174.0596109176135

Iteration: ,40000
Error:,0.08964639813892979
Absolute Error:,1
Transition Probabilities
0.8812086092715233,0.10434242261696298,0.014448968111513772
0.4649700143226037,0.5103832753744535,0.02464671030294293
0.3333333333333333,0.3333333333333333,0.3333333333333333

0.11548254620123218,0.8110384376854246,0.07347901611334313
0.9998073403333012,9.632983334938831e-05,9.632983334938831e-05
0.0007215007215007214,0.8697793586590206,0.12949914061947876

Transition Gammas
10645.0,1260.4564652129127,174.54353478708634
1684.014502099742,1848.4908937878643,89.264718800576
1.0,1.0,1.0

1406.0,9874.392978820033,894.6070211799515
10379.0,1.0,1.0
1.0,1205.5141911014027,179.48580889859758

Iteration: ,42500
Error:,0.08942503727745817
Absolute Error:,1
Transition Probabilities
0.8817664927175015,0.10397807005319605,0.01425543722930253
0.46255676724223205,0.5124119303484869,0.0250313024092811
0.3333333333333333,0.3333333333333333,0.3333333333333333

0.11498877969511738,0.8113455019602502,0.07366571834463237
0.9998185941043084,9.070294784580499e-05,9.070294784580499e-05
0.0006775067750677509,0.8706633790138611,0.1286591142110712

Transition Gammas
11321.0,1334.9744414129839,183.02555858701515
1783.4356890574045,1975.657451799253,96.5107879114057
1.0,1.0,1.0

1486.0,10485.017921832301,951.982078167683
11023.0,1.0,1.0
1.0,1285.0991474244586,189.90085257554102

Iteration: ,45000
Error:,0.09176726513039926
Absolute Error:,1
Transition Probabilities
0.881455399061033,0.1040545454695639,0.014490055469403178
0.46430122700546644,0.5107880208908123,0.02491075210372125
0.3333333333333333,0.3333333333333333,0.3333333333333333

0.11612761598126761,0.8101688235846882,0.07370356043404414
0.9998282967032966,8.585164835164836e-05,8.585164835164836e-05
0.0006345177664974621,0.8651473647754524,0.13421811745805023

Transition Gammas
12016.0,1418.4715638410948,197.5284361589041
1891.8877552896943,2081.307448839904,101.50381721806727
1.0,1.0,1.0

1587.0,11071.767143108327,1007.2328568916452
11646.0,1.0,1.0
1.0,1363.4722468861125,211.52775311388712

Iteration: ,47500
Error:,0.08812320603296646
Absolute Error:,1
Transition Probabilities
0.8825975466075265,0.10313182326705671,0.014270630125416744
0.4649361346994094,0.5102967417836722,0.024767123516918288
0.3333333333333333,0.3333333333333333,0.3333333333333333

0.11601443241743013,0.8100521877682046,0.07393337981436521
0.9998370406583558,8.147967082212988e-05,8.147967082212988e-05
0.0006016847172081834,0.8656920044480723,0.13370631083471962

Transition Gammas
12735.0,1488.0890779203612,205.9109220796382
1998.4621621347333,2193.438310779252,106.45797458930308
1.0,1.0,1.0

1672.0,11674.472130115344,1065.5278698846294
12271.0,1.0,1.0
1.0,1438.780111392695,222.21988860730386

Iteration: ,50000
Error:,0.09284353058509427
Absolute Error:,1
Transition Probabilities
0.8815165876777252,0.10391860260514903,0.014564809717125794
0.4645716716059727,0.5103674989367943,0.02506082945723306
0.3333333333333333,0.3333333333333333,0.3333333333333333

0.116351164171229,0.8099775702881615,0.07367126554060942
0.9998453089952819,7.734550235903782e-05,7.734550235903782e-05
0.0005698005698005702,0.865148785747552,0.13428141368264732

Transition Gammas
13392.0,1578.731410777424,221.26858922257503
2097.1120895317185,2303.83795986638,113.12650262720065
1.0,1.0,1.0

1764.0,12280.069943138798,1116.9300568611777
12927.0,1.0,1.0
1.0,1518.336118986953,235.66388101304588

Iteration: ,52500
Error:,0.08901628469864926
Absolute Error:,1
Transition Probabilities
0.8814122663990971,0.10399783309627245,0.014589900504630509
0.4641873142626386,0.5109325519902997,0.02488013374706171
0.3333333333333333,0.3333333333333333,0.3333333333333333

0.11632435148545964,0.8099119019635211,0.07376374655101918
0.9998527245949926,7.363770250368188e-05,7.363770250368188e-05
0.0005434782608695654,0.8667251384178596,0.13273138332127082

Transition Gammas
14055.0,1658.3494465531603,232.65055344683807
2201.1416810674264,2422.8041177438913,117.97974166567548
1.0,1.0,1.0

1852.0,12894.6073911612,1174.3926088387745
13578.0,1.0,1.0
1.0,1594.774254688861,244.22574531113824

Iteration: ,55000
Error:,0.08920463386099466
Absolute Error:,1
Transition Probabilities
0.8811661877394638,0.10409354788618984,0.014740264374346479
0.4645038381128137,0.5105940742689751,0.02490208761821138
0.3333333333333333,0.3333333333333333,0.3333333333333333

0.11599592154981127,0.8103068269125818,0.07369725153760696
0.9998594518622628,7.02740688685875e-05,7.02740688685875e-05
0.0005181347150259068,0.8674638638912883,0.13201800139368589

Transition Gammas
14719.0,1738.7786238909148,246.22137610908354
2307.822933246343,2536.8158828677742,123.72257057014978
1.0,1.0,1.0

1934.0,13510.245725113453,1228.7542748865187
14228.0,1.0,1.0
1.0,1674.205257310186,254.7947426898137

Iteration: ,57500
Error:,0.09030594713689342
Absolute Error:,1
Transition Probabilities
0.8812735795129759,0.10372436392070718,0.015002056566316853
0.46350002514432515,0.5120201903299892,0.024479784525685607
0.3333333333333333,0.3333333333333333,0.3333333333333333

0.11632442354020896,0.8108249151731386,0.07285066128665253
0.9998657357679914,6.713211600429645e-05,6.713211600429645e-05
0.0004997501249375313,0.8674749493934424,0.13202530048162

Transition Gammas
15417.0,1814.5540224288513,262.445977571147
2393.3898017633405,2643.9349198549335,126.40704089475778
1.0,1.0,1.0

2028.0,14135.921571128478,1270.0784288714983
14894.0,1.0,1.0
1.0,1735.817373736278,264.18262626372155

Iteration: ,60000
Error:,0.09057680880027663
Absolute Error:,1
Transition Probabilities
0.8821465767691717,0.10279480828808472,0.015058614942743444
0.4615756475701055,0.5135661847359996,0.024858167693894945
0.3333333333333333,0.3333333333333333,0.3333333333333333

0.11597867311603376,0.811381134867212,0.07264019201675435
0.9998713412672885,6.43293663557414e-05,6.43293663557414e-05
0.0004780114722753347,0.8673163467540292,0.13220564177369554

Transition Gammas
16093.0,1875.2856875995296,274.71431240046866
2488.3996615272263,2768.685754971053,134.01282411953974
1.0,1.0,1.0

2110.0,14761.456986639172,1321.5430133608106
15543.0,1.0,1.0
1.0,1814.4257974094287,276.574202590571

Iteration: ,62500
Error:,0.08994974537406786
Absolute Error:,1
Transition Probabilities
0.8812204103103631,0.10355886623349501,0.015220723456141921
0.4622203986480752,0.5131542564225733,0.024625344929351495
0.3333333333333333,0.3333333333333333,0.3333333333333333

0.11614401858304317,0.8111190780417863,0.07273690337517062
0.9998765355886166,6.173220569170936e-05,6.173220569170936e-05
0.0004578754578754579,0.8662651615823144,0.1332769629598103

Transition Gammas
16752.0,1968.65404709874,289.3459529012579
2592.385910486581,2878.050964749729,138.11246198229384
1.0,1.0,1.0

2200.0,15364.217576267489,1377.7824237324796
16197.0,1.0,1.0
1.0,1891.9231128957745,291.0768871042257

Iteration: ,65000
Error:,0.08942775118057417
Absolute Error:,1
Transition Probabilities
0.8812907794244097,0.10354303404362891,0.015166186531961534
0.463058179824976,0.5122002124868302,0.024741607688193917
0.3333333333333333,0.3333333333333333,0.3333333333333333

0.11550182852499008,0.8118502225974733,0.0726479488775368
0.9998811928240465,5.940358797671379e-05,5.940358797671379e-05
0.00044014084507042244,0.8659874486879087,0.1335724104670209

Transition Gammas
17424.0,2047.149326076587,299.8506739234114
2710.4894116288565,2998.1400028487787,144.82384414604743
1.0,1.0,1.0

2274.0,15983.707182499022,1430.2928175009415
16832.0,1.0,1.0
1.0,1967.523483418929,303.4765165810715

Iteration: ,67500
Error:,0.09267884788875647
Absolute Error:,1
Transition Probabilities
0.8815962578570384,0.1030414838968995,0.015362258246062035
0.4624509060230234,0.5122608512543502,0.02528824272262648
0.3333333333333333,0.3333333333333333,0.3333333333333333

0.1155464240289602,0.8114846797762643,0.07296889619477541
0.9998855704313995,5.721478430026319e-05,5.721478430026319e-05
0.00042069835927639884,0.8674370108641043,0.13214229077661943

Transition Gammas
18093.0,2114.7203740160685,315.27962598393117
2807.966979895527,3110.409205996403,153.54830019769344
1.0,1.0,1.0

2362.0,16588.369823986362,1491.630176013596
17476.0,1.0,1.0
1.0,2061.897774823976,314.1022251760244

Iteration: ,70000
Error:,0.093107277056974
Absolute Error:,1
Transition Probabilities
0.8819496619083396,0.1027026823730274,0.015347655718633012
0.4642458432140728,0.5105895447066984,0.02516461207922864
0.3333333333333333,0.3333333333333333,0.3333333333333333

0.11500542478418806,0.8123912359225416,0.07260333929327036
0.9998895820681278,5.520896593606802e-05,5.520896593606802e-05
0.00040766408479412964,0.8681810309565943,0.13141130495861164

Transition Gammas
18782.0,2187.1563238159915,326.84367618400864
2928.766469712868,3221.1328548899482,158.7548346598575
1.0,1.0,1.0

2438.0,17221.881810321942,1539.1181896780367
18111.0,1.0,1.0
1.0,2129.6480689365258,322.35193106347435

Iteration: ,72500
Error:,0.08799040673514442
Absolute Error:,1
Transition Probabilities
0.8828326763626478,0.10197533809123539,0.015191985546116766
0.46446222213580873,0.5104910116702558,0.025046766193935505
0.3333333333333333,0.3333333333333333,0.3333333333333333

0.11513936964838768,0.8117379059636562,0.07312272438795607
0.9998932536293766,5.33731853116994e-05,5.33731853116994e-05
0.0003927729772191674,0.8696372565237159,0.129969970499065

Transition Gammas
19485.0,2250.6976870116564,335.30231298834315
3036.4339765691047,3337.3483971220785,163.7438918599721
1.0,1.0,1.0

2528.0,17822.517463338037,1605.4825366619634
18734.0,1.0,1.0
1.0,2214.0964551093803,330.90354489061946

Iteration: ,74999
Error:,0.08879039250781323
Absolute Error:,1
Transition Probabilities
0.8830588647512263,0.1018415427898363,0.015099592458937371
0.4634952668355522,0.5118387228029487,0.02466601036149914
0.3333333333333333,0.3333333333333333,0.3333333333333333

0.11464799894333652,0.8123166365564042,0.07303536450025924
0.999896859367748,5.157031612603785e-05,5.157031612603785e-05
0.0003819709702062643,0.8714641289463286,0.12815390008346517

Transition Gammas
20162.0,2325.2461049775425,344.75389502245804
3138.3762426500057,3465.714976293437,167.01620590001238
1.0,1.0,1.0

2604.0,18450.14776610559,1658.8522338943867
19389.0,1.0,1.0
1.0,2281.493089581488,335.50691041851184


Model Num 2
Model States: 
['square'],"['diamond', 'y', 'square']","['diamond', 'x', 'square']","['diamond', 'x', 'diamond', 'y', 'square']"
Iteration: ,0
Error:,0.5985956604996241
Absolute Error:,1
Transition Probabilities
0.25,0.25,0.25,0.25
0.25,0.25,0.25,0.25
0.25,0.25,0.25,0.25
0.25,0.25,0.25,0.25

0.25,0.25,0.25,0.25
0.25,0.25,0.25,0.25
0.25,0.25,0.25,0.25
0.25,0.25,0.25,0.25

Transition Gammas
1.0,1.0,1.0,1.0
1.0,1.0,1.0,1.0
1.0,1.0,1.0,1.0
1.0,1.0,1.0,1.0

1.0,1.0,1.0,1.0
1.0,1.0,1.0,1.0
1.0,1.0,1.0,1.0
1.0,1.0,1.0,1.0

Iteration: ,2500
Error:,0.1938612018456557
Absolute Error:,1
Transition Probabilities
0.9127988748241913,0.03375527426160337,0.03234880450070324,0.02109704641350211
0.25,0.25,0.25,0.25
0.9904458598726115,0.0031847133757961785,0.0031847133757961785,0.0031847133757961785
0.003676470588235294,0.5955882352941176,0.3161764705882353,0.08455882352941177

0.11036339165545088,0.35397039030955585,0.2503364737550471,0.2853297442799462
0.8592436974789915,0.05672268907563025,0.037815126050420166,0.046218487394957986
0.25,0.25,0.25,0.25
0.25,0.25,0.25,0.25

Transition Gammas
649.0,24.0,23.0,15.0
1.0,1.0,1.0,1.0
311.0,1.0,1.0,1.0
1.0,162.0,86.0,23.0

82.0,263.0,186.0,212.0
409.0,27.0,18.0,22.0
1.0,1.0,1.0,1.0
1.0,1.0,1.0,1.0

Iteration: ,5000
Error:,0.19023988059210198
Absolute Error:,1
Transition Probabilities
0.9012168933428776,0.04151753758052971,0.031496062992125984,0.025769506084466716
0.25,0.25,0.25,0.25
0.9952305246422893,0.001589825119236884,0.001589825119236884,0.001589825119236884
0.001834862385321101,0.5834862385321101,0.3247706422018349,0.08990825688073395

0.11882510013351134,0.35113484646194926,0.24966622162883845,0.2803738317757009
0.8753959873284055,0.04751847940865892,0.03484688489968321,0.042238648363252376
0.25,0.25,0.25,0.25
0.25,0.25,0.25,0.25

Transition Gammas
1259.0,58.0,44.0,36.0
1.0,1.0,1.0,1.0
626.0,1.0,1.0,1.0
1.0,318.0,177.0,49.0

178.0,526.0,374.0,420.0
829.0,45.0,33.0,40.0
1.0,1.0,1.0,1.0
1.0,1.0,1.0,1.0

Iteration: ,7500
Error:,0.19183904496803608
Absolute Error:,1
Transition Probabilities
0.8968440885539332,0.04333490343853038,0.03344324069712671,0.0263777673104098
0.25,0.25,0.25,0.25
0.9967177242888403,0.0010940919037199124,0.0010940919037199124,0.0010940919037199124
0.0012330456226880395,0.5980271270036991,0.31689272503082616,0.08384710234278668

0.11515969410706253,0.35852451641925326,0.2420152946468736,0.28430049482681063
0.8795847750865052,0.04913494809688582,0.03321799307958478,0.03806228373702422
0.25,0.25,0.25,0.25
0.25,0.25,0.25,0.25

Transition Gammas
1904.0,92.0,71.0,56.0
1.0,1.0,1.0,1.0
911.0,1.0,1.0,1.0
1.0,485.0,257.0,68.0

256.0,797.0,538.0,632.0
1271.0,71.0,48.0,55.0
1.0,1.0,1.0,1.0
1.0,1.0,1.0,1.0

Iteration: ,10000
Error:,0.19123370851008026
Absolute Error:,1
Transition Probabilities
0.8938848920863309,0.0420863309352518,0.034892086330935254,0.029136690647482016
0.25,0.25,0.25,0.25
0.9975490196078431,0.0008169934640522876,0.0008169934640522876,0.0008169934640522876
0.0009174311926605505,0.6027522935779817,0.3155963302752294,0.08073394495412844

0.11507402422611036,0.35969044414535667,0.2395693135935397,0.28566621803499326
0.8723076923076923,0.054871794871794874,0.035897435897435895,0.036923076923076927
0.25,0.25,0.25,0.25
0.25,0.25,0.25,0.25

Transition Gammas
2485.0,117.0,97.0,81.0
1.0,1.0,1.0,1.0
1221.0,1.0,1.0,1.0
1.0,657.0,344.0,88.0

342.0,1069.0,712.0,849.0
1701.0,107.0,70.0,72.0
1.0,1.0,1.0,1.0
1.0,1.0,1.0,1.0

Iteration: ,12500
Error:,0.1947599885684602
Absolute Error:,1
Transition Probabilities
0.8920011550678603,0.04273751082876119,0.036673404562518046,0.028587929540860525
0.25,0.25,0.25,0.25
0.9980392156862745,0.00065359477124183,0.00065359477124183,0.00065359477124183
0.0007272727272727272,0.6021818181818182,0.3170909090909091,0.08

0.11506332524925895,0.35785502559956883,0.23713284828887093,0.2899488008623013
0.8732047599507591,0.05457529749692244,0.03528929011079196,0.03693065244152647
0.25,0.25,0.25,0.25
0.25,0.25,0.25,0.25

Transition Gammas
3089.0,148.0,127.0,99.0
1.0,1.0,1.0,1.0
1527.0,1.0,1.0,1.0
1.0,828.0,436.0,110.0

427.0,1328.0,880.0,1076.0
2128.0,133.0,86.0,90.0
1.0,1.0,1.0,1.0
1.0,1.0,1.0,1.0

Iteration: ,15000
Error:,0.19267493268911037
Absolute Error:,1
Transition Probabilities
0.8933973589435774,0.04225690276110444,0.03481392557022809,0.029531812725090038
0.25,0.25,0.25,0.25
0.9983870967741936,0.0005376344086021505,0.0005376344086021505,0.0005376344086021505
0.0006146281499692685,0.5906576521204672,0.33005531653349723,0.07867240319606637

0.11422172452407615,0.3612541993281075,0.2412094064949608,0.28331466965285557
0.8754743014832701,0.05139703345981373,0.03449465332873405,0.03863401172818213
0.25,0.25,0.25,0.25
0.25,0.25,0.25,0.25

Transition Gammas
3721.0,176.0,145.0,123.0
1.0,1.0,1.0,1.0
1857.0,1.0,1.0,1.0
1.0,961.0,537.0,128.0

510.0,1613.0,1077.0,1265.0
2538.0,149.0,100.0,112.0
1.0,1.0,1.0,1.0
1.0,1.0,1.0,1.0

Iteration: ,17500
Error:,0.18753468993458566
Absolute Error:,1
Transition Probabilities
0.8923013073251712,0.04274745797883378,0.03444698070139033,0.03050425399460469
0.25,0.25,0.25,0.25
0.9986244841815681,0.0004585052728106373,0.0004585052728106373,0.0004585052728106373
0.0005271481286241434,0.5861887190300474,0.3315761729045862,0.08170795993674222

0.11366245694603903,0.36414083429008803,0.24186758515116724,0.2803291236127057
0.8753315649867374,0.05069260241674035,0.03566165635131152,0.038314176245210725
0.25,0.25,0.25,0.25
0.25,0.25,0.25,0.25

Transition Gammas
4300.0,206.0,166.0,147.0
1.0,1.0,1.0,1.0
2178.0,1.0,1.0,1.0
1.0,1112.0,629.0,155.0

594.0,1903.0,1264.0,1465.0
2970.0,172.0,121.0,130.0
1.0,1.0,1.0,1.0
1.0,1.0,1.0,1.0

Iteration: ,20000
Error:,0.19169350925493991
Absolute Error:,1
Transition Probabilities
0.8901459854014598,0.044343065693430654,0.035036496350364967,0.030474452554744527
0.25,0.25,0.25,0.25
0.9987946966653274,0.0004017677782241864,0.0004017677782241864,0.0004017677782241864
0.00046816479400749064,0.5842696629213483,0.33239700374531833,0.08286516853932584

0.11569835192275678,0.36823705676710505,0.2413850507740969,0.27467954053604127
0.8773053278688525,0.051485655737704916,0.03483606557377049,0.03637295081967213
0.25,0.25,0.25,0.25
0.25,0.25,0.25,0.25

Transition Gammas
4878.0,243.0,192.0,167.0
1.0,1.0,1.0,1.0
2486.0,1.0,1.0,1.0
1.0,1248.0,710.0,177.0

695.0,2212.0,1450.0,1650.0
3425.0,201.0,136.0,142.0
1.0,1.0,1.0,1.0
1.0,1.0,1.0,1.0

Iteration: ,22500
Error:,0.18936227107627526
Absolute Error:,1
Transition Probabilities
0.890228013029316,0.04478827361563518,0.034364820846905536,0.03061889250814332
0.25,0.25,0.25,0.25
0.9989346590909091,0.0003551136363636364,0.0003551136363636364,0.0003551136363636364
0.00041718815185648727,0.5798915310805173,0.33875677930746767,0.08093450146015853

0.11586715867158671,0.36870848708487086,0.24162361623616235,0.2738007380073801
0.8769371011850501,0.051276207839562445,0.035323609845031904,0.03646308113035551
0.25,0.25,0.25,0.25
0.25,0.25,0.25,0.25

Transition Gammas
5466.0,275.0,211.0,188.0
1.0,1.0,1.0,1.0
2813.0,1.0,1.0,1.0
1.0,1390.0,812.0,194.0

785.0,2498.0,1637.0,1855.0
3848.0,225.0,155.0,160.0
1.0,1.0,1.0,1.0
1.0,1.0,1.0,1.0

Iteration: ,25000
Error:,0.19249655891778722
Absolute Error:,1
Transition Probabilities
0.8895068052100102,0.04478267232547929,0.03424557295477828,0.03146494950973218
0.25,0.25,0.25,0.25
0.999047921294827,0.00031735956839098697,0.00031735956839098697,0.00031735956839098697
0.000375234521575985,0.5782363977485929,0.34108818011257036,0.0803001876172608

0.11362728120420941,0.3665911815638737,0.24470494205408286,0.275076595177834
0.8759259259259259,0.053703703703703705,0.03497942386831276,0.03539094650205761
0.25,0.25,0.25,0.25
0.25,0.25,0.25,0.25

Transition Gammas
6078.0,306.0,234.0,215.0
1.0,1.0,1.0,1.0
3148.0,1.0,1.0,1.0
1.0,1541.0,909.0,214.0

853.0,2752.0,1837.0,2065.0
4257.0,261.0,170.0,172.0
1.0,1.0,1.0,1.0
1.0,1.0,1.0,1.0

Iteration: ,27500
Error:,0.19372264247565218
Absolute Error:,1
Transition Probabilities
0.8902033763126412,0.04439718197527582,0.034161903495945764,0.03123753821613718
0.25,0.25,0.25,0.25
0.999127145766657,0.0002909514111143439,0.0002909514111143439,0.0002909514111143439
0.00034071550255536625,0.5829642248722317,0.33594548551959114,0.08074957410562181

0.11447607510599636,0.3676559660811629,0.24239854633555422,0.2754694124772865
0.8756988445769661,0.05329854640327991,0.035780842340663435,0.03522176667909057
0.25,0.25,0.25,0.25
0.25,0.25,0.25,0.25

Transition Gammas
6697.0,334.0,257.0,235.0
1.0,1.0,1.0,1.0
3434.0,1.0,1.0,1.0
1.0,1711.0,986.0,237.0

945.0,3035.0,2001.0,2274.0
4699.0,286.0,192.0,189.0
1.0,1.0,1.0,1.0
1.0,1.0,1.0,1.0

Iteration: ,30000
Error:,0.19204498095780922
Absolute Error:,1
Transition Probabilities
0.8905064839735748,0.04428676290677759,0.0342549547345241,0.030951798385123564
0.25,0.25,0.25,0.25
0.9991980753809142,0.0002673082063619353,0.0002673082063619353,0.0002673082063619353
0.0003118178983473651,0.5868412846897412,0.3327096975366386,0.08013719987527285

0.11443779108449767,0.36826347305389223,0.24151696606786427,0.27578176979374586
0.8747447243022465,0.05292716133424098,0.03658951667801225,0.03573859768550034
0.25,0.25,0.25,0.25
0.25,0.25,0.25,0.25

Transition Gammas
7279.0,362.0,280.0,253.0
1.0,1.0,1.0,1.0
3738.0,1.0,1.0,1.0
1.0,1882.0,1067.0,257.0

1032.0,3321.0,2178.0,2487.0
5140.0,311.0,215.0,210.0
1.0,1.0,1.0,1.0
1.0,1.0,1.0,1.0

Iteration: ,32500
Error:,0.1933711227700996
Absolute Error:,1
Transition Probabilities
0.8901111363120889,0.044681333635745064,0.034928555227942845,0.03027897482422318
0.25,0.25,0.25,0.25
0.9992570579494799,0.00024764735017335313,0.00024764735017335313,0.00024764735017335313
0.00028851702250432774,0.588863242931333,0.3315060588574726,0.07934218118869013

0.11513728692456875,0.3701132999897928,0.2398693477595182,0.27488006532612025
0.8754103486009067,0.0525246209160544,0.035954353603251527,0.0361106768797874
0.25,0.25,0.25,0.25
0.25,0.25,0.25,0.25

Transition Gammas
7849.0,394.0,308.0,267.0
1.0,1.0,1.0,1.0
4035.0,1.0,1.0,1.0
1.0,2041.0,1149.0,275.0

1128.0,3626.0,2350.0,2693.0
5600.0,336.0,230.0,231.0
1.0,1.0,1.0,1.0
1.0,1.0,1.0,1.0

Iteration: ,35000
Error:,0.1911914977367456
Absolute Error:,1
Transition Probabilities
0.8905294241721156,0.04503269352457288,0.03438093229276524,0.0300569500105463
0.25,0.25,0.25,0.25
0.9993120843843155,0.00022930520522815867,0.00022930520522815867,0.00022930520522815867
0.00026838432635534085,0.5869565217391305,0.3352120236178207,0.0775630703166935

0.11404755138770484,0.3706545420100407,0.2403144832812352,0.2749834233210192
0.8751814223512336,0.052685050798258345,0.035994194484760524,0.03613933236574746
0.25,0.25,0.25,0.25
0.25,0.25,0.25,0.25

Transition Gammas
8444.0,427.0,326.0,285.0
1.0,1.0,1.0,1.0
4358.0,1.0,1.0,1.0
1.0,2187.0,1249.0,289.0

1204.0,3913.0,2537.0,2903.0
6030.0,363.0,248.0,249.0
1.0,1.0,1.0,1.0
1.0,1.0,1.0,1.0

Iteration: ,37500
Error:,0.19001877412495627
Absolute Error:,1
Transition Probabilities
0.8905482413047751,0.04598152878758106,0.03379838868146984,0.0296718412261741
0.25,0.25,0.25,0.25
0.9993578767123288,0.00021404109589041095,0.00021404109589041095,0.00021404109589041095
0.0002512562814070352,0.5839195979899497,0.33768844221105526,0.07814070351758794

0.11384343210968598,0.37116320212295445,0.2407784166298098,0.27421494913754973
0.8752201598699363,0.05324481777536919,0.03536106218669557,0.03617396016799892
0.25,0.25,0.25,0.25
0.25,0.25,0.25,0.25

Transition Gammas
9064.0,468.0,344.0,302.0
1.0,1.0,1.0,1.0
4669.0,1.0,1.0,1.0
1.0,2324.0,1344.0,311.0

1287.0,4196.0,2722.0,3100.0
6460.0,393.0,261.0,267.0
1.0,1.0,1.0,1.0
1.0,1.0,1.0,1.0

Iteration: ,40000
Error:,0.1896850380356759
Absolute Error:,1
Transition Probabilities
0.8919863832919311,0.04499033949765388,0.03394976538780017,0.029073511822614775
0.25,0.25,0.25,0.25
0.9993972272453285,0.00020092425155716296,0.00020092425155716296,0.00020092425155716296
0.00023618327822390176,0.5862068965517241,0.3346717052432688,0.07888521492678319

0.11461697722567288,0.37026915113871633,0.24149068322981365,0.2736231884057971
0.8760971886528431,0.05330110672942374,0.03498282661239028,0.03561887800534283
0.25,0.25,0.25,0.25
0.25,0.25,0.25,0.25

Transition Gammas
9695.0,489.0,369.0,316.0
1.0,1.0,1.0,1.0
4974.0,1.0,1.0,1.0
1.0,2482.0,1417.0,334.0

1384.0,4471.0,2916.0,3304.0
6887.0,419.0,275.0,280.0
1.0,1.0,1.0,1.0
1.0,1.0,1.0,1.0

Iteration: ,42500
Error:,0.1909066299092011
Absolute Error:,1
Transition Probabilities
0.891887201735358,0.04494577006507592,0.03383947939262473,0.029327548806941432
0.25,0.25,0.25,0.25
0.9994342824816141,0.00018857250612860644,0.00018857250612860644,0.00018857250612860644
0.00022187708009762592,0.586642999778123,0.3345906367872199,0.07854448635455957

0.11399610136452241,0.37005847953216375,0.2421832358674464,0.27376218323586743
0.8742221158449018,0.05373384394447104,0.03566299664911441,0.036381043561512685
0.25,0.25,0.25,0.25
0.25,0.25,0.25,0.25

Transition Gammas
10279.0,518.0,390.0,338.0
1.0,1.0,1.0,1.0
5300.0,1.0,1.0,1.0
1.0,2644.0,1508.0,354.0

1462.0,4746.0,3106.0,3511.0
7305.0,449.0,298.0,304.0
1.0,1.0,1.0,1.0
1.0,1.0,1.0,1.0

Iteration: ,45000
Error:,0.18998400086973097
Absolute Error:,1
Transition Probabilities
0.8913560016386727,0.045555100368701355,0.033838590741499384,0.029250307251126588
0.25,0.25,0.25,0.25
0.9994652406417113,0.00017825311942959,0.00017825311942959,0.00017825311942959
0.000209819555182543,0.585396558959295,0.33655056651279897,0.07784305497272345

0.11287230905337658,0.3718667059864347,0.2412267767620171,0.27403420819817165
0.8734077330627888,0.05422162101228723,0.036185322962461956,0.036185322962461956
0.25,0.25,0.25,0.25
0.25,0.25,0.25,0.25

Transition Gammas
10879.0,556.0,413.0,357.0
1.0,1.0,1.0,1.0
5607.0,1.0,1.0,1.0
1.0,2790.0,1604.0,371.0

1531.0,5044.0,3272.0,3717.0
7748.0,481.0,321.0,321.0
1.0,1.0,1.0,1.0
1.0,1.0,1.0,1.0

Iteration: ,47500
Error:,0.19001912335668564
Absolute Error:,1
Transition Probabilities
0.8920410383957718,0.04515778019586507,0.03326597233017255,0.02953520907819058
0.25,0.25,0.25,0.25
0.9994934143870314,0.00016886187098953058,0.00016886187098953058,0.00016886187098953058
0.00019876764062810574,0.5837805605247466,0.33790498906777977,0.07811568276684555

0.11292460068354607,0.3723931087396247,0.24112436353490968,0.2735579270419195
0.8743589743589744,0.05384615384615385,0.035897435897435895,0.035897435897435895
0.25,0.25,0.25,0.25
0.25,0.25,0.25,0.25

Transition Gammas
11477.0,581.0,428.0,380.0
1.0,1.0,1.0,1.0
5919.0,1.0,1.0,1.0
1.0,2937.0,1700.0,393.0

1619.0,5339.0,3457.0,3922.0
8184.0,504.0,336.0,336.0
1.0,1.0,1.0,1.0
1.0,1.0,1.0,1.0

Iteration: ,50000
Error:,0.19223039639916875
Absolute Error:,1
Transition Probabilities
0.8917681801402731,0.04525655223329642,0.0333702473237357,0.029605020302694723
0.25,0.25,0.25,0.25
0.9995176848874598,0.0001607717041800643,0.0001607717041800643,0.0001607717041800643
0.00018907165815844205,0.5855549253166951,0.3354131215730762,0.07884288145207033

0.11312007417709782,0.372673686999139,0.24120802702165706,0.2729982118021061
0.8756970495792356,0.05333062962587448,0.035587549427151983,0.03538477136773801
0.25,0.25,0.25,0.25
0.25,0.25,0.25,0.25

Transition Gammas
12079.0,613.0,452.0,401.0
1.0,1.0,1.0,1.0
6217.0,1.0,1.0,1.0
1.0,3097.0,1774.0,417.0

1708.0,5627.0,3642.0,4122.0
8637.0,526.0,351.0,349.0
1.0,1.0,1.0,1.0
1.0,1.0,1.0,1.0

Iteration: ,52500
Error:,0.1907357384565483
Absolute Error:,1
Transition Probabilities
0.8913211797001478,0.045752094038150205,0.03322305905539523,0.02970366720630675
0.25,0.25,0.25,0.25
0.9995401594114041,0.00015328019619865113,0.00015328019619865113,0.00015328019619865113
0.0001798237727027513,0.5851465563747528,0.33609063118144217,0.07858298867110232

0.11339556004036327,0.37285570131180623,0.24003531786074672,0.27371342078708377
0.8755787037037037,0.05324074074074074,0.036265432098765434,0.034915123456790126
0.25,0.25,0.25,0.25
0.25,0.25,0.25,0.25

Transition Gammas
12663.0,650.0,472.0,422.0
1.0,1.0,1.0,1.0
6521.0,1.0,1.0,1.0
1.0,3254.0,1869.0,437.0

1798.0,5912.0,3806.0,4340.0
9078.0,552.0,376.0,362.0
1.0,1.0,1.0,1.0
1.0,1.0,1.0,1.0

Iteration: ,55000
Error:,0.19193742524665913
Absolute Error:,1
Transition Probabilities
0.8920137253582722,0.04534750723272556,0.03337145932853394,0.029267308080468277
0.25,0.25,0.25,0.25
0.999562618457501,0.0001457938474996355,0.0001457938474996355,0.0001457938474996355
0.00017137960582690659,0.58337617823479,0.3369323050556984,0.07952013710368466

0.11323591316375008,0.3719405857237356,0.2404834926934873,0.274340008419027
0.8763619575253925,0.05235457063711911,0.036657433056325024,0.03462603878116344
0.25,0.25,0.25,0.25
0.25,0.25,0.25,0.25

Transition Gammas
13258.0,674.0,496.0,435.0
1.0,1.0,1.0,1.0
6856.0,1.0,1.0,1.0
1.0,3404.0,1966.0,464.0

1883.0,6185.0,3999.0,4562.0
9491.0,567.0,397.0,375.0
1.0,1.0,1.0,1.0
1.0,1.0,1.0,1.0

Iteration: ,57500
Error:,0.19082173336796987
Absolute Error:,1
Transition Probabilities
0.8922710599137653,0.04511229808868009,0.03352854109016024,0.029088100907394297
0.25,0.25,0.25,0.25
0.9995801847187238,0.0001399384270920795,0.0001399384270920795,0.0001399384270920795
0.0001638001638001638,0.5868959868959869,0.3338247338247338,0.07911547911547911

0.11338546458141674,0.3714351425942962,0.23999540018399265,0.27518399264029436
0.8777130757014293,0.052055761425798486,0.03635080289394742,0.03388035997882478
0.25,0.25,0.25,0.25
0.25,0.25,0.25,0.25

Transition Gammas
13865.0,701.0,521.0,452.0
1.0,1.0,1.0,1.0
7143.0,1.0,1.0,1.0
1.0,3583.0,2038.0,483.0

1972.0,6460.0,4174.0,4786.0
9948.0,590.0,412.0,384.0
1.0,1.0,1.0,1.0
1.0,1.0,1.0,1.0

Iteration: ,60000
Error:,0.19118436461614172
Absolute Error:,1
Transition Probabilities
0.8922849396105497,0.045353709637663296,0.033214197683017005,0.029147153068770026
0.25,0.25,0.25,0.25
0.9995965030262273,0.00013449899125756557,0.00013449899125756557,0.00013449899125756557
