0,1,2,3,4,5,6,7,8,9,10,11,12,13,14,15,16,17,18,19,20,21,22,23,24,25,26,27,28,29
github Code Version (SHA):,528ca1c557fe8e6666681dc5c9134b0f84d30530
Environment Observations,Environment Actions,alpha,epsilon,numActions,explore,patience,gainThresh,insertRandActions,useUpdatedPosterior,revisedSplitting,haveControl,confidence_factor
"['diamond', 'square']","['x', 'y']",0.85,0.99,75000,0.5,0,0.01,False,True,False,False,250

Model Num 0
Model States: 
['diamond'],['square']
Iteration: ,0
Error:,0.5061972033902629
Absolute Error:,1
Transition Probabilities
0.5,0.5
0.5,0.5

0.5,0.5
0.5,0.5

Transition Gammas
1.0,1.0
1.0,1.0

1.0,1.0
1.0,1.0

Iteration: ,2461
Error:,0.07085648283146811
Absolute Error:,1
Transition Probabilities
0.48,0.52
0.09295774647887324,0.9070422535211268

0.1076923076923077,0.8923076923076924
0.8941655359565808,0.10583446404341927


Model Num 1
Model States: 
['square'],"['diamond', 'x', 'square']","['diamond', 'x', 'diamond']"
Iteration: ,0
Error:,0.566546934675928
Absolute Error:,1
Transition Probabilities
0.3333333333333333,0.3333333333333333,0.3333333333333333
0.3333333333333333,0.3333333333333333,0.3333333333333333
0.3333333333333333,0.3333333333333333,0.3333333333333333

0.3333333333333333,0.3333333333333333,0.3333333333333333
0.3333333333333333,0.3333333333333333,0.3333333333333333
0.3333333333333333,0.3333333333333333,0.3333333333333333

Transition Gammas
1.0,1.0,1.0
1.0,1.0,1.0
1.0,1.0,1.0

1.0,1.0,1.0
1.0,1.0,1.0
1.0,1.0,1.0

Iteration: ,2500
Error:,0.07191632833586756
Absolute Error:,1
Transition Probabilities
0.8859259259259259,0.07066603444645286,0.04340803962762121
0.9957264957264957,0.002136752136752137,0.002136752136752137
0.0029411764705882357,0.8049641324383044,0.19209469109110733

0.10382513661202186,0.4135506917327263,0.48262417165525184
0.7976921680102678,0.08095848228007599,0.12134934970965644
0.9258684699535574,0.05390980151318084,0.020221728533261825

Transition Gammas
598.0,47.69957325135569,29.300426748644316
466.0,1.0,1.0
1.0,273.6878050290235,65.31219497097648

76.0,302.71910634835564,353.28089365164436
64.62608997799805,6.558958919409881,9.831278665640433
98.14132891468208,5.714396519297927,2.1434873047419027

Iteration: ,5000
Error:,0.06929892944724689
Absolute Error:,1
Transition Probabilities
0.8859289617486339,0.07157067492783871,0.042500363323527385
0.9977997799779978,0.0011001100110011,0.0011001100110011
0.0015384615384615382,0.8473908173601004,0.15107072110143807

0.11048158640226628,0.3928920343974525,0.49662637920028113
0.8214519529460974,0.07591092397576614,0.10263712307813652
0.9330227150352606,0.052971484206725934,0.014005800758013397

Transition Gammas
1297.0,104.77946809435588,62.220531905644094
907.0,1.0,1.0
1.0,550.8040312840653,98.19596871593477

156.0,554.763552569203,701.2364474307969
133.08763524614983,12.298717320047453,16.62876562645844
190.5770380127948,10.819831496683179,2.8607921119676876

Iteration: ,7500
Error:,0.06749645104485787
Absolute Error:,1
Transition Probabilities
0.8824343015214384,0.07245855969925741,0.04510713877930413
0.9985315712187959,0.0007342143906020558,0.0007342143906020558
0.0009746588693957111,0.8254561786449021,0.17356916248570212

0.11148165793234874,0.3829036073717562,0.5056147346958949
0.8378787249339007,0.08185313115406719,0.08026814391203209
0.9311829877502676,0.05301945010113369,0.01579756214859867

Transition Gammas
1914.0,157.16261598768932,97.83738401231066
1360.0,1.0,1.0
1.0,846.9180392896699,178.08196071033046

234.0,803.7146718733163,1061.2853281266835
210.9264208476843,20.60559300018686,20.206590523929833
275.4276922468395,15.682228925629893,4.67264344704874

Iteration: ,10000
Error:,0.06483309475259603
Absolute Error:,1
Transition Probabilities
0.887419464225161,0.06890503697712226,0.04367549879771665
0.9988801791713325,0.0005599104143337066,0.0005599104143337066
0.0007267441860465113,0.828693131444553,0.17058012436940045

0.11495495495495496,0.3733203823480245,0.5117246626970204
0.8434987010051683,0.07823015182565554,0.07827114716917612
0.9372069101131797,0.04652600407774272,0.016267085809077615

Transition Gammas
2617.0,203.20095404553354,128.7990459544664
1784.0,1.0,1.0
1.0,1140.2817488677056,234.71825113229514

319.0,1035.964061015768,1420.0359389842317
289.6009031933394,26.858989348370198,26.873064400881994
358.73336175416057,17.808692692823666,6.226529398432514

Iteration: ,12500
Error:,0.06399884145680783
Absolute Error:,1
Transition Probabilities
0.8890112916551914,0.0678106787112983,0.04317802963351028
0.999113475177305,0.0004432624113475177,0.0004432624113475177
0.000582072176949942,0.8287120443516778,0.17070588347137228

0.1151653363740023,0.37695778724206114,0.5078768763839365
0.8509481718361621,0.07118058297110233,0.07787124519273561
0.939880066478811,0.04500988217023782,0.015110051350951243

Transition Gammas
3228.0,246.22057440072413,156.7794255992758
2254.0,1.0,1.0
1.0,1423.727292196182,293.27270780381747

404.0,1322.3679176451503,1781.6320823548492
363.75585175925323,30.427650524829758,33.28771605621474
450.59400472225116,21.578479832162007,7.244007818243771

Iteration: ,15000
Error:,0.06413824529846006
Absolute Error:,1
Transition Probabilities
0.8881231334711693,0.06798370876594523,0.043893157762885444
0.9992721979621543,0.000363901018922853,0.000363901018922853
0.0004918839153959667,0.8377173427983095,0.16179077328629457

0.11579445891546297,0.3807968923667745,0.5034086487177625
0.8512681330399082,0.07001181505112532,0.07872005190896655
0.9351496658375701,0.05028230268113643,0.0145680314812934

Transition Gammas
3866.0,295.93308425815957,191.06691574184035
2746.0,1.0,1.0
1.0,1703.0793579089623,328.9206420910367

489.0,1608.1052764648884,2125.8947235351106
429.011892943505,35.283713953011016,39.672386609230045
531.4630414041612,28.57637283951405,8.279284697583972

Iteration: ,17500
Error:,0.06587979766836748
Absolute Error:,1
Transition Probabilities
0.8896713615023474,0.06677143902061507,0.043557199477037505
0.9993794601303134,0.00031026993484331366,0.00031026993484331366
0.0004255319148936172,0.8403182795909041,0.15925618849420226

0.12115072933549431,0.38142848053668144,0.4974207901278243
0.85035706923694,0.07411148400490172,0.07553144675815837
0.9331848501001403,0.051568707122211746,0.01524644277764799

Transition Gammas
4548.0,341.3355962733842,222.66440372661572
3221.0,1.0,1.0
1.0,1974.747957038624,374.25204296137514

598.0,1882.73097992906,2455.269020070941
488.8244225201127,42.60269559858315,43.41895561213676
605.6619149090051,33.46946952864566,9.895348951785843

Iteration: ,20000
Error:,0.0633275033954564
Absolute Error:,1
Transition Probabilities
0.8903991741225051,0.06699017886289041,0.042610647014604396
0.9994616419919247,0.00026917900403768504,0.00026917900403768504
0.0003723008190618021,0.8443105886024864,0.1553171105784518

0.11684397163120569,0.38447029177768505,0.49868573659110926
0.8498441725364035,0.0750197608106349,0.07513606665296145
0.9276755545944262,0.054608276013367194,0.017716169392206618

Transition Gammas
5175.0,389.3469195511191,247.65308044888076
3713.0,1.0,1.0
1.0,2267.8182409862775,417.1817590137213

659.0,2168.4124456261434,2812.5875543738557
562.9975236381262,49.69845169880575,49.775501001878645
681.7700727866128,40.132876335909955,13.020019807792874

Iteration: ,22260
Error:,0.06283596267328183
Absolute Error:,1
Transition Probabilities
0.891483730344076,0.06612620369363893,0.04239006596228506
0.9995164410058027,0.00024177949709864604,0.00024177949709864604
0.0003336670003336672,0.845092913524279,0.15457341947538739

0.11541514526115258,0.3850572203133941,0.4995276344254533
0.8524770009690257,0.07631411273336035,0.07120888629761393
0.9274794219728997,0.05551486756610485,0.01700571046099548


Model Num 2
Model States: 
"['diamond', 'x', 'square']","['diamond', 'x', 'diamond']","['square', 'y', 'diamond', 'x', 'diamond']","['square', 'y', 'diamond', 'x', 'square']"
Iteration: ,0
Error:,0.5065349399646744
Absolute Error:,0.6
Transition Probabilities
0.25,0.25,0.25,0.25
0.25,0.25,0.25,0.25
0.25,0.25,0.25,0.25
0.25,0.25,0.25,0.25

0.25,0.25,0.25,0.25
0.25,0.25,0.25,0.25
0.25,0.25,0.25,0.25
0.25,0.25,0.25,0.25

Transition Gammas
1.0,1.0,1.0,1.0
1.0,1.0,1.0,1.0
1.0,1.0,1.0,1.0
1.0,1.0,1.0,1.0

1.0,1.0,1.0,1.0
1.0,1.0,1.0,1.0
1.0,1.0,1.0,1.0
1.0,1.0,1.0,1.0

Iteration: ,2500
Error:,0.032015053407710686
Absolute Error:,0.09435244232319573
Transition Probabilities
0.0016583747927031512,0.0016583747927031512,0.12332718378908052,0.8733560666255131
0.842694739767218,0.15115141407893593,0.0030769230769230774,0.0030769230769230774
0.06819844880024829,0.03754809226568565,0.7585382163628427,0.13571524257122344
0.08819425910692577,0.05233025180940047,0.8002157352622229,0.05925975382145086

0.05690381802349723,0.04881921661053839,0.1532988121488761,0.7409781532170883
0.04343735794006268,0.05049678439938166,0.7217795447021507,0.18428631295840503
0.003382727129460811,0.9111518505471995,0.01949652024817924,0.06596890207516048
0.8839674563176073,0.002465402407569923,0.016354159762162562,0.09721298151266025

Transition Gammas
1.0,1.0,74.36629182481553,526.6337081751843
273.8757904243458,49.12420957565416,1.0,1.0
8.213835543565391,4.52230014422027,91.3585026099762,16.345572411773908
19.615621381709182,11.63897079806743,177.9790322583157,13.180187757182383

9.993234463046722,8.573447175195222,26.921760716964325,130.1277958894793
1.968655620786902,2.288600945220463,32.71228787919345,8.35217202529364
1.12449135940714,302.8865006949185,6.481063271892824,21.929483973753996
475.3553959436672,1.325775433513013,8.79448449545136,52.27648935212793

Iteration: ,5000
Error:,0.03587819668199019
Absolute Error:,0.09341369149083507
Transition Probabilities
0.0008312551953449712,0.0008312551953449712,0.1222906368377883,0.8760468527715218
0.8317584050915623,0.16517411024586096,0.0015337423312883447,0.0015337423312883447
0.04824914635457124,0.031665416752495006,0.7916572670467661,0.12842816984616767
0.08990650985715905,0.05489439257813451,0.7895426722529493,0.06565642531175722

0.060885162762180985,0.05407746338185154,0.13175893302846833,0.7532784408274993
0.022286284413055975,0.025908244710054838,0.776336629199663,0.17546884167722612
0.0017467732696960882,0.9101577743352574,0.01439975300658451,0.07369569938846209
0.8859761259725965,0.00127114927779398,0.009860290817361344,0.1028924339322482

Transition Gammas
1.0,1.0,147.11563611585927,1053.8843638841404
542.3064801196982,107.69351988030127,1.0,1.0
12.995765693887234,8.528986890059842,213.23055700918448,34.5917499047612
41.103568460386754,25.096685735121216,360.96408739374107,30.016885061534733

20.812748243641753,18.48563065220777,45.039963392784635,257.49778492904096
1.968655620786902,2.288600945220463,68.577580738462,15.5000140462387
1.144326806315356,596.2525058156893,9.433407103041898,48.278712402696556
949.6471142799868,1.362500871173,10.56890411170998,110.28683516470505

Iteration: ,7500
Error:,0.037070999387835736
Absolute Error:,0.09268826528869528
Transition Probabilities
0.000564652738565782,0.000564652738565782,0.12527909147684158,0.8735916030460269
0.8281779067138487,0.16980799459531545,0.0010070493454179261,0.0010070493454179261
0.04910394509037043,0.03876097589487644,0.7779130052659305,0.1342220737488226
0.08863748293344051,0.05570760079905484,0.7904091122966862,0.06524580397081854

0.07775593403169746,0.06058216254641465,0.11669553736764805,0.7449663660542398
0.03828113815425818,0.03063940519109042,0.7828123787605552,0.14826707789409613
0.0011785207960949592,0.9186387626311829,0.014164588080100002,0.06601812849262216
0.8861768678721196,0.0008849747475990197,0.00805815647682038,0.10488000090346104

Transition Gammas
1.0,1.0,221.8692710054864,1547.1307289945137
822.3806613668513,168.61933863314815,1.0,1.0
21.304471975265045,16.817021996227748,337.5090492094146,58.2342295182413
61.97225900219125,38.94882560803443,552.6266834734562,45.6176070063051

41.30818636191106,32.18454375012352,61.995024112514386,395.7667008382845
5.288130591352166,4.23250675669414,108.13717373636611,20.481514085153975
1.1567951773491643,901.7039782912162,13.903468852217756,64.80110738048386
1386.5496090677116,1.3846687211150377,12.608130631496104,164.09966173107136

Iteration: ,10000
Error:,0.035516869223435193
Absolute Error:,0.08945342026320573
Transition Probabilities
0.000419639110365086,0.000419639110365086,0.12598025521822034,0.8731804665610495
0.8265580243513453,0.17193595155226912,0.0007530120481927716,0.0007530120481927716
0.056666093899979154,0.04528660241126716,0.7665657620637237,0.13148154162503006
0.07739257474375001,0.05387209433041088,0.8078980523220272,0.0608372786038119

0.07356082107747688,0.06131857072402578,0.1081175944194226,0.7570030137790749
0.040297440068893596,0.032891854088662645,0.7833823520012413,0.14342835384120234
0.0008964055511452964,0.919364222343353,0.013353210366717976,0.06638616173878376
0.8850700328480049,0.0006600150539218311,0.007234603519217695,0.10703534857885573

Transition Gammas
1.0,1.0,300.2109481850191,2080.789051814981
1097.6690563385857,228.33094366141324,1.0,1.0
32.63925665515028,26.084752581501654,441.53628614690774,75.73240869732437
71.12220471768306,49.5073608059181,742.4419055512157,55.908223723703614

51.69389199962876,43.090812828759006,75.97820643261639,531.9738342299538
7.008568673326449,5.720582195278757,136.24659536899057,24.94519418304656
1.1621912574314628,1191.9572120426699,17.31245899472054,86.0697668467918
1876.7684816889691,1.399545125999608,15.340792658738218,226.9657328618269

Iteration: ,12500
Error:,0.03733509096422723
Absolute Error:,0.08806680822274665
Transition Probabilities
0.0003356831151393086,0.0003356831151393086,0.12685970154027393,0.8724689322294474
0.8245073510109155,0.1742936082216984,0.0005995203836930462,0.0005995203836930462
0.0565508858000637,0.04431818245834515,0.7743762566495983,0.12475467509199288
0.07760236496770022,0.05403079577801463,0.8072320004693307,0.061134838784954425

0.06679990593288987,0.06731815026695499,0.10333161735535573,0.7625503264447994
0.05386515986596144,0.030150615074942492,0.7812586249064636,0.13472560015263252
0.0007188158856966206,0.9255437990030544,0.012031822706905889,0.061705562404343176
0.8834487874576631,0.0005348324265447648,0.005916299186819687,0.11010008092897251

Transition Gammas
1.0,1.0,377.9150508884759,2599.084949111523
1375.2782614862058,290.7217385137927,1.0,1.0
41.13595207908872,32.23770245234148,563.2927607419741,90.74839878495274
89.1065437896829,62.04060239644723,926.9002771783105,70.1977857444695

57.76445465495002,58.21260051559487,89.3548342888792,659.4066733909898
12.36227041541629,6.919687190664075,179.3019905538825,30.92006605216757
1.1690980274662257,1505.324870080504,19.56882210503038,100.35928911156347
2331.4738716891434,1.4114545697771745,15.613465281740345,290.5606590909052

Iteration: ,15000
Error:,0.040335051998030426
Absolute Error:,0.08545919862083805
Transition Probabilities
0.0002760905577029265,0.0002760905577029265,0.12740353931133053,0.8720442795732637
0.8328700078686301,0.16613248589695595,0.0004987531172069828,0.0004987531172069828
0.060280460591176324,0.04981276445013961,0.774952897146364,0.11495387781232022
0.08051576912275375,0.05385014032624209,0.8035786081762973,0.06205548237470694

0.065078758020708,0.06854137578263486,0.10346381228810089,0.7629160539085563
0.04625251386620878,0.03150677260295855,0.7938689291942533,0.1283717843365794
0.0005999306942170622,0.9288323823824058,0.012090554627663426,0.058477132295713524
0.8859121789316536,0.00044741993839285936,0.005880271209794546,0.10776012992015892

Transition Gammas
1.0,1.0,461.4556193856393,3158.544380614362
1669.9043657766022,333.0956342233965,1.0,1.0
51.75224181506187,42.76547003819163,665.3159138978432,98.69070049861375
110.38221550588125,73.82526254516519,1101.6573283725277,85.07428673211987

66.3533136056091,69.8837461037274,105.49013214726287,777.8576254273373
12.36227041541629,8.42106104678909,212.18354542813876,34.31092883445853
1.1726705759751084,1815.5670568817686,23.63312595229662,114.30389055202421
2810.899267228728,1.4196129220039049,18.657436287477477,341.91071918023107

Iteration: ,17500
Error:,0.03979508056027829
Absolute Error:,0.08244185100525461
Transition Probabilities
0.00023702299123014954,0.00023702299123014954,0.1287248064519522,0.8708011475655875
0.8380851418262276,0.16105648907505993,0.00042918454935622326,0.00042918454935622326
0.0641455391234427,0.04621183508395113,0.7809764953450288,0.10866613044757728
0.07862096089603718,0.048908690042348435,0.8084385876224952,0.06403176143911926

0.06283629946551633,0.06615272092440544,0.10144993530030424,0.7695610443097741
0.04927724988099366,0.03415200715827599,0.7944809067004869,0.12208983626024354
0.0005093780339839427,0.9293704225170347,0.012149515002031815,0.057970684446949486
0.8831571568134662,0.00038729387070851265,0.005994632000484203,0.1104609173153411

Transition Gammas
1.0,1.0,543.0899584207858,3673.9100415792104
1952.73838045511,375.2616195448896,1.0,1.0
64.53161962655221,46.48997583672415,785.6770528952469,109.32017241039293
126.4168506905116,78.64165606838463,1299.911105882609,102.95846722101821

73.8115616791874,77.70724377932942,119.16962361663873,903.9759338333279
16.01016969491253,11.095981032755645,258.12670484577524,39.66696601923209
1.177009307896118,2147.4770500613704,28.073633509421718,133.95166384681434
3253.825856600675,1.4269111685186564,22.0860901748896,406.9724013801999

Iteration: ,20000
Error:,0.03961541331462601
Absolute Error:,0.08214355074434111
Transition Probabilities
0.00020673971469919387,0.00020673971469919387,0.12985101317188885,0.8697355073987129
0.8324088152751926,0.16684324156848726,0.00037397157816006004,0.00037397157816006004
0.0658752990371999,0.04713535727464098,0.7823218649598193,0.10466747872833988
0.07964051663051276,0.047859857107215985,0.8066094275503581,0.06589019871191316

0.06241840217770095,0.06520079320994124,0.09694033709721396,0.775440467515144
0.047736541582068345,0.03566399075009546,0.7965860006360869,0.12001346703174944
0.0004476219961129793,0.9271677673874887,0.013519662491988717,0.058864948124409566
0.8817823406440957,0.0003387477915780348,0.005621816529251464,0.11225709503507485

Transition Gammas
1.0,1.0,628.0893507124259,4206.910649287571
2225.861172045864,446.13882795413474,1.0,1.0
74.61795273445351,53.39093579301405,886.1478702318558,118.55844443568023
146.3270175727457,87.93501660025082,1482.0189128994564,121.06295479625076

83.59368666431048,87.31999679100218,129.8271003696432,1038.5066776259948
17.466917388871668,13.049541494715246,291.4727670902073,43.91322129173843
1.1793862907911448,2442.88476351873,35.62136074106211,155.09629425927022
3733.5215249218845,1.4342793148392292,23.80312244152054,475.3035543130889

Iteration: ,22500
Error:,0.03953993788938165
Absolute Error:,0.08171578655355777
Transition Probabilities
0.0001839587932303167,0.0001839587932303167,0.13058639920371445,0.8690456832098249
0.8293171176404397,0.17002216217455868,0.00033036009250082615,0.00033036009250082615
0.06733686941833261,0.047156087361597744,0.7806625592859401,0.10484448393412948
0.07555212631810017,0.047410483509802266,0.8067877056914573,0.07024968448064024

0.06230925158389966,0.06705439813085626,0.09413862217571108,0.776497728109533
0.05244161731347162,0.034535817267152644,0.8024415773886878,0.11058098803068789
0.0003987719969625756,0.9287198807938991,0.013813910193326378,0.05706743701581193
0.881158791919389,0.0003024292547933699,0.005920882100382621,0.11261789672543523

Transition Gammas
1.0,1.0,709.8676660713905,4724.1323339286
2510.342915097609,514.6570849023888,1.0,1.0
85.71358914433529,60.02532539277731,993.7110300049535,133.45730351897254
155.63169218297006,97.66202667515957,1661.9219337457146,144.70906119848692

93.77659793138452,100.9181329129157,141.68040053729803,1168.6437148986197
21.784819347864154,14.34655486878923,333.34297636425197,45.93654755453212
1.1820810934610435,2753.007283786007,40.9486177331363,169.16518427195652
4197.331728315819,1.4405983556607906,28.2036637748565,536.4466375830102

Iteration: ,25000
Error:,0.03950495460986792
Absolute Error:,0.08020654955482164
Transition Probabilities
0.00016592002654720455,0.00016592002654720455,0.12885303630760644,0.8708151236392991
0.8305763966305225,0.16882712260598212,0.0002982403817476888,0.0002982403817476888
0.06558479220789469,0.04503644452306768,0.7872607319375386,0.10211803133149895
0.07718938491795178,0.04743696726626428,0.8033999854596622,0.0719736623561218

0.0603788935693196,0.06716584624784717,0.09323292190774614,0.7792223382750871
0.051967023320782825,0.03689155932442652,0.8075549487903089,0.10358646856448182
0.00035985821248792516,0.9278021043347674,0.013040587900925035,0.05879744955181972
0.8788949592092589,0.0002722995989669085,0.006367164825579567,0.11446557636619473

Transition Gammas
1.0,1.0,776.5972498259426,5248.402750174047
2784.92265790214,566.0773420978577,1.0,1.0
91.712548588615,62.978122938736945,1100.8907049802153,142.79994789914795
176.82481094031652,108.66821619779971,1840.4221084202338,164.87667640221844

101.5071093116354,112.91712209435157,156.74027521997536,1310.004248066395
24.154033607863056,17.14702722663563,375.34782881197776,48.146514522907516
1.1850954478313043,3055.4646585211162,42.945640316458814,193.6334572614218
4671.252318579798,1.4472493210871524,33.8409421315008,608.3748500267052

Iteration: ,27500
Error:,0.0391085033163984
Absolute Error:,0.07968630092786974
Transition Probabilities
0.0001500375093773445,0.0001500375093773445,0.12638693201815632,0.8733129929630891
0.8303748782586755,0.1690816434804549,0.0002717391304347828,0.0002717391304347828
0.06648012300478306,0.04629576474153639,0.786301378340404,0.1009227339132765
0.07427339068387481,0.04697697322411746,0.8072316930558496,0.07151794303615813

0.06009501942311415,0.06636015525656384,0.09236749286634345,0.7811773324539786
0.0523462466994829,0.03721113457224834,0.8069974292477773,0.1034451894804916
0.0003302580305073532,0.9286779905195837,0.01234857466629988,0.058643176783609
0.8792808869019936,0.0002465529832345323,0.006174069722788725,0.11429849039198303

Transition Gammas
1.0,1.0,842.368901901011,5820.631098098982
3055.779551991924,622.2204480080736,1.0,1.0
103.28769246516207,71.92800637145734,1221.647182348226,156.79989494646244
186.75955256752368,118.12303732913426,2029.7744377269366,179.8310124123948

110.19356511677894,121.68166612841064,169.37016474157565,1432.4101411041431
25.849385975426724,18.375433594384038,398.5078080107887,51.0828339906325
1.1863668649697763,3336.036354624296,44.35907218122046,210.66049986963014
5176.437106844052,1.4514884040241713,36.347524538934074,672.8895802636353

Iteration: ,30000
Error:,0.037524034271106683
Absolute Error:,0.07841951335888274
Transition Probabilities
0.000137381508448963,0.000137381508448963,0.12568219841482425,0.8740430385682778
0.8282189375684894,0.17128404453886634,0.00024850894632206784,0.00024850894632206784
0.06445185953589837,0.045107548961106685,0.7883031783125337,0.10213741319046125
0.07296002690929423,0.04611001372923906,0.8101453155585916,0.070784643802875

0.06013558575231253,0.06393634442693145,0.09082833883414028,0.7850997309866158
0.05131182657160271,0.03893053721370907,0.8104596823417756,0.09929795387291263
0.0003033634515445379,0.9282761648915339,0.012679416906306659,0.058741054750614995
0.8793699962183552,0.0002268062241176797,0.006287580965366036,0.11411561659216089

Transition Gammas
1.0,1.0,914.8407222615042,6362.159277738484
3332.7530047755986,689.2469952243976,1.0,1.0
110.98720694913246,77.67597254080826,1357.4715860804765,175.8823763448576
200.50247505640007,126.71557658676379,2226.3717244346776,194.52427417696245

119.16770138751825,126.69947594524075,179.99000465867957,1555.7931153607517
27.215600492190802,20.648611022961276,429.86477783756436,52.667262556441294
1.1877740116601514,3634.525842477248,49.644351709600556,229.99177354772158
5642.355316325454,1.4552706027376519,40.34338906185582,732.2069876428385

Iteration: ,32500
Error:,0.038233981563580134
Absolute Error:,0.07755903272137679
Transition Probabilities
0.00012680699974638605,0.00012680699974638605,0.12583657873168855,0.8739098072688187
0.8319815330926487,0.16755795573995547,0.0002302555836979049,0.0002302555836979049
0.06377122172422453,0.04573287967236339,0.7878952915756444,0.10260060702776773
0.07197913624677392,0.04623246229037185,0.8123141483495482,0.06947425311330602

0.06321320079660336,0.06346822887987204,0.08943839933986171,0.7838801709836628
0.05169325691643546,0.03861305639934341,0.8126196882366808,0.09707399844754021
0.00027984625125597126,0.927462605604921,0.012746740402503391,0.059510807741319685
0.8806226858681669,0.00021052513085108787,0.006307270677222995,0.11285951832375894

Transition Gammas
1.0,1.0,992.3472598780955,6891.652740121902
3613.2957982213693,727.7042017786258,1.0,1.0
120.09386131678708,86.12408482216368,1483.7631351618202,193.21729674076968
214.46870051293513,137.75403020863192,2420.3674688109018,207.00516234640557

135.62975210965638,136.17693838212543,191.8983341878443,1681.8871997366412
29.923444445327192,22.35176727010746,470.39752467982373,56.19279134078303
1.1897332410041375,3942.997580722247,54.19125931916572,253.00316102534762
6104.853404311424,1.4594503212261962,43.724700128293975,782.3904899389479

Iteration: ,35000
Error:,0.03745793634711987
Absolute Error:,0.07763138673531654
Transition Probabilities
0.0001172195522213106,0.0001172195522213106,0.12715550788133723,0.8726100530142202
0.8328869506902885,0.1666842328431591,0.00021440823327615805,0.00021440823327615805
0.06374581290655822,0.04578670609626411,0.7884658579338658,0.10200162306331183
0.07295886402936017,0.04568905970564285,0.8086081131900867,0.07274396307491025

0.0628164809342236,0.06317066474091183,0.08761731750196455,0.7863955368229
0.052763656775618485,0.037828397695634335,0.8136923793055093,0.09571556622323778
0.0002609174572762749,0.9278799372060011,0.012388192193128783,0.05947095314359366
0.881809256518163,0.00019546495676093313,0.006088074499114967,0.11190720402596116

Transition Gammas
1.0,1.0,1084.763637735687,7444.236362264308
3884.584738019501,777.4152619804931,1.0,1.0
129.40087852708734,92.94477117113634,1600.5470799284317,207.05829973380781
234.13574549883597,146.62292509127667,2594.94258740076,233.44609666934912

144.30499179691967,145.11863959378155,201.27864686702978,1806.545030900264
32.433084486443256,23.252588873184717,500.16536564587403,58.83502463044814
1.1909961882671771,4235.444726152563,56.547729061742565,271.4639305703385
6600.602173439333,1.4631128091371606,45.57103191407826,837.658403625596

Iteration: ,37500
Error:,0.0378891421261213
Absolute Error:,0.077616581221931
Transition Probabilities
0.00010945709281961475,0.00010945709281961475,0.12589849920545104,0.8738825866089097
0.8280349936709666,0.17156675861895787,0.00019912385503783377,0.00019912385503783377
0.062004264037945234,0.045262516943991644,0.7943546423657978,0.09837857665226551
0.07290591762602175,0.04539643992668721,0.8092701870494255,0.07242745539786544

0.06090163547445329,0.06396533150139397,0.0859571484996594,0.7891758845244933
0.05461648848062762,0.03793765510473104,0.8098527033285977,0.09759315308604362
0.0002439077595615821,0.9276653687077272,0.012468490465630264,0.05962223306708091
0.8822740023668508,0.00018310234736152521,0.006269664841592924,0.11127323044419471

Transition Gammas
1.0,1.0,1150.2086887410003,7983.791311258996
4158.391738215589,861.6082617844053,1.0,1.0
135.26921981701517,98.74523065415741,1732.973278500451,214.6238410686792
251.07944332641748,156.3400233745297,2787.0317620487926,249.4316754385701

149.37678225982276,156.8912775728193,210.83181354784685,1935.654984450588
35.97735923047122,24.990560250843583,533.4718954287188,64.28725142694518
1.1923454905257493,4534.901313036317,60.95233873280679,291.4638749517117
7065.0362455237555,1.4662391924496099,50.20595555837524,891.0490438750013

Iteration: ,40000
Error:,0.03876627669456736
Absolute Error:,0.07787946057656074
Transition Probabilities
0.00010225994477962988,0.00010225994477962988,0.1249806651988321,0.8748148149116087
0.827390575970543,0.17223642887839397,0.0001864975755315182,0.0001864975755315182
0.062352204431900135,0.04485454719871966,0.7970010947003541,0.09579215366902617
0.0734875415293267,0.045752184003041346,0.809146173924449,0.07161410054318297

0.061891658286244385,0.06457166256770505,0.08398669883563452,0.789549980310416
0.058212713560053114,0.03691796784260253,0.8070016697535579,0.0978676488437864
0.00022934290319194357,0.9274757404914852,0.01221784254738471,0.06007707405793817
0.8837115448387558,0.00017200703245555632,0.006153414160176081,0.10996303396861257

Transition Gammas
1.0,1.0,1222.1859249793783,8554.814075020617
4436.468268354049,923.5317316459478,1.0,1.0
144.42955176389364,103.89884696954041,1846.1337800594708,221.8881905294307
270.5774019244487,168.45722175876514,2979.2351868270675,263.67948720121285

161.63914417297025,168.63836846959046,219.34358357178104,2062.025588471356
40.43549704913634,25.643820541361183,560.5564771053822,67.98045966275731
1.193446352652751,4826.364907123735,63.57876970476101,312.6269176617547
7551.837640366554,1.4699017905697211,52.58456217188068,939.6991403168727

Iteration: ,42500
Error:,0.03808021465001193
Absolute Error:,0.07709852228431865
Transition Probabilities
9.633911368015423e-05,9.633911368015423e-05,0.12432145767872449,0.8754858640939153
0.8264183434586686,0.17323084089495358,0.00017540782318891437,0.00017540782318891437
0.060595129756899284,0.04417020215671684,0.7988148388384492,0.09641982924793471
0.07390593763890178,0.045494578731262676,0.8091251869020027,0.07147429672783275

0.0605035655712188,0.06491776872377138,0.08258095048653186,0.7919977152184781
0.058220046028844806,0.03780426481168733,0.8101787186271343,0.09379697053233364
0.0002160904756330838,0.9283765967088843,0.0120910266621864,0.05931628615329631
0.8833358210381527,0.00016192874037830363,0.006195433229115228,0.11030681699235387

Transition Gammas
1.0,1.0,1290.456730705159,9087.543269294832
4711.410976057866,987.5890239421295,1.0,1.0
148.73231962020594,108.41690827659164,1960.7117668389185,236.66497487443186
288.8130206343579,177.78580619681364,3161.9366016608365,279.31054249714435

168.54493420708368,180.84159098920216,230.04596068189323,2206.2700196822466
43.4292992076469,28.20012761615577,604.3535926696678,69.96794018337508
1.1947164643451105,5132.7889484777115,66.84861321087394,327.94663190745126
8033.69038128923,1.4726962646013555,56.345719436767794,1003.209417705511

Iteration: ,45000
Error:,0.03732932531942147
Absolute Error:,0.07710084047079423
Transition Probabilities
9.097525473071329e-05,9.097525473071329e-05,0.12479370145538478,0.8750243480351537
0.824561069519572,0.17510851581001677,0.00016520733520568328,0.00016520733520568328
0.060616748256070545,0.04410331393116702,0.7999113795878354,0.0953685582249272
0.07433295634115976,0.045360712692105544,0.808061138271326,0.07224519269540865

0.060316486493238286,0.0667083619190151,0.0816623894355582,0.7913127621521884
0.057368561540947244,0.04019681941624265,0.8100418403301438,0.09239277871266627
0.00020441411809391216,0.9283606425762114,0.012818732108850024,0.058616211196844764
0.8844430113165515,0.0001534464137105723,0.0059552825125381405,0.10944825975719996

Transition Gammas
1.0,1.0,1371.7323663975887,9618.267633602405
4991.068153801964,1059.9318461980306,1.0,1.0
158.11963749456646,115.04411258825338,2086.5800460607916,248.7702209165397
307.0259029880643,187.35853462570034,3337.6272498654944,298.4025742505329

177.96456738323664,196.82387784793738,240.9459279265167,2334.7784589050184
45.215877855595544,31.681716049494813,638.4464230316632,72.82073116003053
1.1956977114353822,5430.342610705008,74.9817516959055,342.8690260468249
8506.026968229029,1.4757528936287845,57.27423136021809,1052.6058063760029

Iteration: ,47500
Error:,0.038019072693450326
Absolute Error:,0.07795785618777624
Transition Probabilities
8.590327291469806e-05,8.590327291469806e-05,0.12449193971258321,0.8753362537415874
0.8246863471875362,0.17500007488834965,0.0001567889620570714,0.0001567889620570714
0.06011888801471228,0.0434212676516316,0.7987043243960087,0.09775551993764749
0.07582882836563781,0.04511714796232754,0.8067798303845568,0.07227419328747792

0.05957890470016766,0.06700386606780155,0.0815325820626418,0.791884647169389
0.06028980749916533,0.04044523924462153,0.8053488147507197,0.09391613850549348
0.0001941202308878979,0.9284587672533945,0.01303519803845511,0.05831191447726239
0.8846166029677466,0.00014508270874634445,0.00608974630296613,0.10914856802054099

Transition Gammas
1.0,1.0,1449.210670194181,10189.789329805817
5259.849522362099,1116.1504776378927,1.0,1.0
164.307005856001,118.67183033335027,2182.8866174908803,267.16922613273886
330.1643095075948,196.44338868202908,3512.778864776426,314.6871662966631

184.75294155071876,207.77759197815348,252.83083742652374,2455.6177840071296
49.842753462864515,33.43686390845007,665.7974886681466,77.64229364604215
1.1965357763801476,5722.917837214228,80.34752861085865,359.42823446133536
9012.321434113077,1.4780776229694368,62.04128540026234,1111.9867926672139

Iteration: ,50000
Error:,0.038598694450817934
Absolute Error:,0.07789300972060126
Transition Probabilities
8.168599901976806e-05,8.168599901976806e-05,0.12513347981747713,0.8747031481844832
0.8225805466335262,0.1771231570701775,0.00014814814814814828,0.00014814814814814828
0.061570700598249546,0.042998703137780474,0.7992549845568403,0.0961756117071297
0.0759255614459107,0.0447016329484329,0.8050606730922221,0.07431213251343437

0.0600944768355544,0.0668454957231564,0.0814092924921438,0.7916507349491453
0.05899559382817402,0.03872925662251297,0.8119442247012538,0.09033092484805924
0.00018397166035546514,0.9280009845578019,0.012934288674596095,0.05888075510724659
0.8836499064858881,0.00013867732029684124,0.00621855964389166,0.10999285654992338

Transition Gammas
1.0,1.0,1531.884059925554,10708.115940074438
5552.418689776297,1195.581310223697,1.0,1.0
177.6498200191304,124.06407267192746,2306.0888178354144,277.49530123889974
349.77571173439725,205.93256319041708,3708.772968650483,342.34292832861615

194.7684283726393,216.64873098764275,263.8505364979283,2565.7693948816523
51.357873067184,33.715267811331394,706.8278446572045,78.63645183231394
1.1975763475562782,6040.887098958816,84.19665376304344,383.288379886589
9431.181164298836,1.4801007972719031,66.37058653214095,1173.9519794965631

Iteration: ,52500
Error:,0.03757303504797453
Absolute Error:,0.07783393264622122
Transition Probabilities
7.773027594247959e-05,7.773027594247959e-05,0.12616351514792148,0.8736810243001936
0.8220396213940722,0.17767841046832733,0.00014098406880022567,0.00014098406880022567
0.06267128448651202,0.042240567264053674,0.7992618350364257,0.09582631321300854
0.07485950429628617,0.04457309700127397,0.8058441743894006,0.07472322431303915

0.06069634798404696,0.0678873647243052,0.07963430446474647,0.7917819828269014
0.05760089381392049,0.038000570436850616,0.8136160253919769,0.09078251035725209
0.0001751787714912835,0.9266437507457341,0.013001558847301687,0.06017951163547293
0.88347994775702,0.00013224869847009796,0.006224250082526733,0.11016355346198316

Transition Gammas
1.0,1.0,1623.0936223780097,11239.90637762199
5830.72703454815,1260.272965451845,1.0,1.0
189.24419941377136,127.55095735096668,2413.4764004398708,289.3601762809247
362.4414558570277,215.80610666693553,3901.5932379622864,361.78163963199995

206.26730530930226,230.70488178156387,270.62506950897745,2690.750620335293
52.49442011819776,34.631717967562366,741.4867829968089,82.73439737712069
1.19844035297041,6339.394061664599,88.94680925936906,411.7025970215328
9902.537738327555,1.4823174320703658,69.76487863871795,1234.7747657602513

Iteration: ,55000
Error:,0.03777645707339971
Absolute Error:,0.07771418273954478
Transition Probabilities
7.422802850356298e-05,7.422802850356298e-05,0.12673290439370985,0.873118639549283
0.8218672338761612,0.17786340585447855,0.00013468013468013478,0.00013468013468013478
0.061663960536309126,0.04215990976880228,0.8014295457500317,0.09474658394485691
0.07526590934678595,0.04512431483447506,0.804237024415512,0.07537275140322693

0.06131824455743454,0.06938216658600684,0.07832835745524445,0.7909712314013141
0.05802788808558622,0.03824793626206036,0.8142872851302569,0.08943689052209654
0.0001673152609066761,0.9263399641182974,0.013171322784609314,0.06032139783618662
0.8839751911483222,0.00012654566811117328,0.006079056605033427,0.10981920657853313

Transition Gammas
1.0,1.0,1707.3456879920584,11762.654312007937
6102.364211530493,1320.6357884695021,1.0,1.0
195.59023259245285,133.72586655217182,2542.0324918541933,300.5241024082966
381.16610257158305,228.52124376019918,4072.8650567126665,381.70717847962396

218.303458698128,247.01240302970407,278.8623756279721,2815.993132091199
56.41386987069828,37.18408803588009,791.6382700840185,86.94924578526424
1.1997136622406706,6642.207679143688,94.4433628399949,432.52722266555844
10372.166028645692,1.4848297701091824,71.32890723215134,1288.5690177424462

Iteration: ,56398
Error:,0.038337837075069714
Absolute Error:,0.07770490528388008
Transition Probabilities
7.241653993772179e-05,7.241653993772179e-05,0.12661949395870892,0.8732356729614156
0.8218840538673742,0.17785358223389833,0.00013118194936376766,0.00013118194936376766
0.06235942944060439,0.042583802956182894,0.8011837520647909,0.09387301553842188
0.07425389492827608,0.04485607452649872,0.8063896676443986,0.07450036290082664

0.061392726561166656,0.07018910136793731,0.07852421696490502,0.789893955105991
0.05913056286829666,0.04009077641039581,0.8114295576729759,0.0893491030483316
0.00016306592300464545,0.9259103139511047,0.0134078869210142,0.060518733204876426
0.884177387267951,0.000123727208564333,0.005947240449165133,0.10975164507431946

*,*,*,*,*,*,*,*,*,*,*
Model Num 2
Model States: 
"['diamond', 'x', 'square']","['diamond', 'x', 'diamond']","['square', 'y', 'diamond', 'x', 'diamond']","['square', 'y', 'diamond', 'x', 'square']"
Iteration: ,56398
Error:,0.037913871500073436
Absolute Error:,0.07770490528388008
Transition Probabilities
7.241653993772179e-05,7.241653993772179e-05,0.12661949395870892,0.8732356729614156
0.8218840538673742,0.17785358223389833,0.00013118194936376766,0.00013118194936376766
0.06235942944060439,0.042583802956182894,0.8011837520647909,0.09387301553842188
0.07425389492827608,0.04485607452649872,0.8063896676443986,0.07450036290082664

0.061392726561166656,0.07018910136793731,0.07852421696490502,0.789893955105991
0.05913056286829666,0.04009077641039581,0.8114295576729759,0.0893491030483316
0.00016306592300464545,0.9259103139511047,0.0134078869210142,0.060518733204876426
0.884177387267951,0.000123727208564333,0.005947240449165133,0.10975164507431946

Transition Gammas
1.0,1.0,1748.488592075811,12058.511407924185
6265.222142630988,1355.777857369006,1.0,1.0
203.65538999586028,139.07152577155205,2616.5311477153923,306.5734526608182
385.5733664497568,232.92121817460642,4187.287133210722,386.8531846463667

223.55019602298992,255.58055894205785,285.9313322330919,2876.2519339385976
59.13262720865766,40.092176042055534,811.4578859469641,89.35222236515685
1.2003009134766023,6815.470548075564,98.69320715540216,445.46824627602024
10619.070731456395,1.4859778117715423,71.42703251188678,1318.1297087217883

