0,1,2,3,4,5,6,7,8,9,10,11,12,13,14,15,16,17,18,19,20,21,22,23,24,25,26,27,28,29
github Code Version (SHA):,528ca1c557fe8e6666681dc5c9134b0f84d30530
Environment Observations,Environment Actions,alpha,epsilon,numActions,explore,patience,gainThresh,insertRandActions,useUpdatedPosterior,revisedSplitting,haveControl,confidence_factor
"['diamond', 'square']","['x', 'y']",0.8,0.99,75000,0.5,0,0.01,False,True,False,False,250

Model Num 0
Model States: 
['diamond'],['square']
Iteration: ,0
Error:,0.4527909328365271
Absolute Error:,1
Transition Probabilities
0.5,0.5
0.5,0.5

0.5,0.5
0.5,0.5

Transition Gammas
1.0,1.0
1.0,1.0

1.0,1.0
1.0,1.0

Iteration: ,2429
Error:,0.06122050343796577
Absolute Error:,1
Transition Probabilities
0.4891089108910891,0.5108910891089109
0.14267015706806283,0.8573298429319371

0.148,0.852
0.8633633633633634,0.13663663663663664


Model Num 1
Model States: 
['square'],"['diamond', 'x', 'square']","['diamond', 'x', 'diamond']"
Iteration: ,0
Error:,0.5201432074941981
Absolute Error:,1
Transition Probabilities
0.3333333333333333,0.3333333333333333,0.3333333333333333
0.3333333333333333,0.3333333333333333,0.3333333333333333
0.3333333333333333,0.3333333333333333,0.3333333333333333

0.3333333333333333,0.3333333333333333,0.3333333333333333
0.3333333333333333,0.3333333333333333,0.3333333333333333
0.3333333333333333,0.3333333333333333,0.3333333333333333

Transition Gammas
1.0,1.0,1.0
1.0,1.0,1.0
1.0,1.0,1.0

1.0,1.0,1.0
1.0,1.0,1.0
1.0,1.0,1.0

Iteration: ,2500
Error:,0.07321813425556871
Absolute Error:,1
Transition Probabilities
0.8728813559322034,0.069959763747052,0.057158880320744614
0.9957627118644068,0.00211864406779661,0.00211864406779661
0.002976190476190476,0.8230768476722419,0.17394696185156763

0.1484593837535014,0.4054531963011364,0.4460874199453622
0.8571384437938319,0.05749205426006307,0.08536950194610506
0.6819667131510956,0.19473022252850472,0.12330306432039972

Transition Gammas
618.0,49.531512732912816,40.468487267087184
470.0,1.0,1.0
1.0,276.55382081787326,58.44617918212673

106.0,289.4935821590114,318.5064178409886
96.25345555716339,6.456143613297151,9.58667718266883
39.32945466511764,11.230215949214898,7.1109662462144385

Iteration: ,5000
Error:,0.061550255848409834
Absolute Error:,1
Transition Probabilities
0.8689801699716714,0.07412250643129657,0.056897323597032035
0.9978835978835979,0.0010582010582010583,0.0010582010582010583
0.0014471780028943565,0.8188937981303402,0.17965902386676544

0.144774011299435,0.39962270274592065,0.45560328595464433
0.8562561283935489,0.0763064204783357,0.06743745112811539
0.7623606573021301,0.1486949172166399,0.08894442548123005

Transition Gammas
1227.0,104.66097908099076,80.33902091900923
943.0,1.0,1.0
1.0,565.855614508065,124.14438549193488

205.0,565.8657470882238,645.1342529117765
184.1055907121528,16.406818183772486,14.499880776744885
94.87251011577305,18.504443930412528,11.068751811080693

Iteration: ,7500
Error:,0.05559469259534754
Absolute Error:,1
Transition Probabilities
0.8596408317580341,0.07713803905775571,0.06322112918421027
0.9985925404644617,0.0007037297677691766,0.0007037297677691766
0.0009425070688030164,0.8006193725940697,0.19843812033712735

0.14129400570884867,0.403227572979089,0.4554784213120622
0.8681556903241355,0.06514334517320305,0.0667009645026615
0.785853463279593,0.14140712735247113,0.07273940936793594

Transition Gammas
1819.0,163.22409064621107,133.77590935378893
1419.0,1.0,1.0
1.0,849.4571543223076,210.54284567769201

297.0,847.5843584020453,957.415641597955
265.2386125541452,19.902571259338313,20.378454553588018
157.01630090310567,28.253644089775893,14.533591213259719

Iteration: ,10000
Error:,0.05415126778808773
Absolute Error:,1
Transition Probabilities
0.8580028328611898,0.075388117692915,0.0666090494458952
0.9989350372736954,0.0005324813631522897,0.0005324813631522897
0.000706713780918728,0.8040021907910946,0.19529109542798664

0.144793152639087,0.39708073253888543,0.4581261148220275
0.8706982176357797,0.06456189330214966,0.0647398890620706
0.7974096397734006,0.13173878895178803,0.0708515712748114

Transition Gammas
2423.0,212.89604436479195,188.10395563520805
1876.0,1.0,1.0
1.0,1137.6630999693987,276.33690003060104

406.0,1113.4143740390348,1284.585625960965
341.08926407196503,25.291620250834917,25.361348707296234
225.97172402960447,37.33243213546711,20.078076452305258

Iteration: ,12500
Error:,0.05829680878798459
Absolute Error:,1
Transition Probabilities
0.8560411311053985,0.07779142681137441,0.06616744208322714
0.9991474850809889,0.00042625745950554135,0.00042625745950554135
0.0005707762557077624,0.8078358945395989,0.19159332920469332

0.14848398979880986,0.39760460632926137,0.4539114038719287
0.867774485679017,0.06394420628097294,0.06828130804001001
0.7987042551239956,0.12631495776701332,0.07498078710899114

Transition Gammas
2997.0,272.3477852666218,231.6522147333782
2344.0,1.0,1.0
1.0,1415.3284872333777,335.6715127666228

524.0,1403.1466557359633,1601.8533442640364
428.14420107065587,31.548912261279643,33.68875965046863
290.76583923352274,45.984573723312295,27.29652602983975

Iteration: ,15000
Error:,0.05526082007352666
Absolute Error:,1
Transition Probabilities
0.854210898796886,0.07831113154709406,0.06747796965601988
0.9992920353982301,0.00035398230088495576,0.00035398230088495576
0.0004775549188156635,0.8092861479210195,0.19023629716016494

0.14567490494296578,0.4016876034020868,0.4526374916549474
0.864563223733854,0.06356303043106361,0.07187374583508259
0.8092819416427144,0.11570629171342148,0.07501176664386411

Transition Gammas
3621.0,331.96088662813173,286.03911337186827
2823.0,1.0,1.0
1.0,1694.6451937466159,398.3548062533856

613.0,1690.3014351159813,1904.6985648840187
500.9001059414327,36.826374061313835,41.64133508677111
356.3578748905556,50.949917580967416,33.030557556658074

Iteration: ,17500
Error:,0.05402435714766181
Absolute Error:,1
Transition Probabilities
0.8527320739386552,0.07890430169157452,0.0683636243697702
0.9993896856881294,0.0003051571559353067,0.0003051571559353067
0.0004078303425774877,0.8042455101844503,0.19534665947297217

0.14407988587731801,0.40362597883633977,0.4522941352863422
0.8634587451935958,0.06423210627553992,0.07230914853086418
0.815445697550802,0.10967121501996409,0.07488308742923375

Transition Gammas
4198.0,388.44587722762134,336.55412277237866
3275.0,1.0,1.0
1.0,1972.0099909722726,478.99000902772787

707.0,1980.5926781499209,2219.407321850083
594.3823890714567,44.215699934323034,49.77572431194902
426.28013479609734,57.33142067261875,39.14567542530081

Iteration: ,20000
Error:,0.05634566331150431
Absolute Error:,1
Transition Probabilities
0.8538966802769394,0.07965210076867561,0.06645121895438492
0.9994686503719448,0.00026567481402763017,0.00026567481402763017
0.00035714285714285703,0.802761087303673,0.1968817698391841

0.14738341046635808,0.4021033654528476,0.45051322408079436
0.8584084345826334,0.0671320242324789,0.07445954118488779
0.8174205990117153,0.10695049862070245,0.07562890236758224

Transition Gammas
4810.0,448.6802836299497,374.3197163700503
3762.0,1.0,1.0
1.0,2247.731044450285,551.2689555497157

828.0,2259.0167071140986,2530.9832928859037
655.5326389087253,51.266077111413914,56.86181258062152
487.5584583325482,63.79166403250828,45.10959362695572

Iteration: ,22500
Error:,0.057302641723093004
Absolute Error:,1
Transition Probabilities
0.8557025834908633,0.07906372287578697,0.06523369363334977
0.9995251661918328,0.00023741690408357076,0.00023741690408357076
0.00031877590054191907,0.8058957863453539,0.1937854377541042

0.14843503003477707,0.40009305343328083,0.4514719165319422
0.8591811672118079,0.0666318827292748,0.07418695005891716
0.8132392039154551,0.11040898765836368,0.07635180842618114

Transition Gammas
5432.0,501.89651281549567,414.10348718450433
4210.0,1.0,1.0
1.0,2528.0950817653747,607.9049182346248

939.0,2530.988656018935,2856.011343981067
742.2246554031889,57.56158082246427,64.08821043131522
552.5606113501156,75.0180972896078,51.87772765815106

Iteration: ,24427
Error:,0.056693507122445634
Absolute Error:,1
Transition Probabilities
0.8552134766192274,0.0789168098907623,0.06586971349001026
0.9995629370629371,0.00021853146853146853,0.00021853146853146853
0.00029498525073746323,0.8069529692988726,0.19275204545038993

0.1475767719400378,0.4021656345368926,0.45025759352306965
0.8561399494298699,0.06751058210557416,0.07634946846455593
0.8150430244543899,0.10906507104941447,0.07589190449619557


Model Num 2
Model States: 
"['diamond', 'x', 'square']","['diamond', 'x', 'diamond']","['square', 'y', 'diamond', 'x', 'diamond']","['square', 'y', 'diamond', 'x', 'square']"
Iteration: ,0
Error:,0.45112013042349464
Absolute Error:,0.55
Transition Probabilities
0.25,0.25,0.25,0.25
0.25,0.25,0.25,0.25
0.25,0.25,0.25,0.25
0.25,0.25,0.25,0.25

0.25,0.25,0.25,0.25
0.25,0.25,0.25,0.25
0.25,0.25,0.25,0.25
0.25,0.25,0.25,0.25

Transition Gammas
1.0,1.0,1.0,1.0
1.0,1.0,1.0,1.0
1.0,1.0,1.0,1.0
1.0,1.0,1.0,1.0

1.0,1.0,1.0,1.0
1.0,1.0,1.0,1.0
1.0,1.0,1.0,1.0
1.0,1.0,1.0,1.0

Iteration: ,2500
Error:,0.045400525038656735
Absolute Error:,0.11418734661337189
Transition Probabilities
0.0017761989342806401,0.0017761989342806401,0.2152815089458572,0.7811660931855815
0.7576145988605089,0.23713605730747025,0.0026246719160105004,0.0026246719160105004
0.07954154639174034,0.06860227240804614,0.750339089162817,0.10151709203739641
0.05084806883137417,0.07933036341762298,0.77885369665665,0.09096787109435286

0.02165014209297494,0.05576420290884148,0.11622733780876852,0.8063583171894151
0.0958229002070173,0.12534645347111095,0.5354991114496843,0.24333153487218728
0.0034258897364038052,0.9234861435104781,0.03153523533878825,0.04155273141432988
0.8501060899535766,0.002783959087821787,0.07499635440231618,0.0721135965562854

Transition Gammas
1.0,1.0,121.20348953651757,439.7965104634822
288.6511621658537,90.34883783414611,1.0,1.0
11.600640421922911,10.005215267164916,109.43229497980778,14.805637240255852
8.50117833486945,13.263071386638359,130.2148601554188,15.208721052535795

3.0889464515971117,7.956189662020737,16.582802143338796,115.04763580310535
5.230033726946971,6.8414353749552985,29.227652341782125,13.281085538654102
1.1536710042576546,310.98466926145824,10.619514760271054,13.992914270130536
398.6215240433061,1.3054206146462675,35.16638857530797,33.814640435148966

Iteration: ,5000
Error:,0.04259750954959038
Absolute Error:,0.10113074693261619
Transition Probabilities
0.0008650519031141867,0.0008650519031141867,0.1964440059265847,0.8018258902671869
0.7689294191721883,0.22846641416114508,0.0013020833333333335,0.0013020833333333335
0.06908325196766098,0.08194062220689798,0.7510157100052114,0.09796041582022957
0.03788327196166073,0.06642724228888647,0.8163739955529149,0.07931549019653789

0.02743235938785451,0.07746018181114375,0.10125937183747441,0.7938480869635273
0.07513016050193462,0.0904246219974642,0.5947945015177307,0.23965071598287038
0.0017075522751682376,0.9217969906605958,0.029550490383730293,0.04694496668050555
0.851092209258956,0.0014194867630453077,0.0740523106411283,0.07343599333687048

Transition Gammas
1.0,1.0,227.08927085113197,926.9107291488682
590.5377939242405,175.46220607575938,1.0,1.0
18.759222018942552,22.250578549328505,203.934673635465,26.60067580923751
13.476899702327723,23.631361164778863,290.4234478159593,28.216330081031337

7.27736094661439,20.548932523815097,26.86247244249065,210.59504885936636
8.491733974622,10.220420529228686,67.22781693413808,27.086992938100074
1.172077618241109,632.7288698724285,20.283694321104704,32.22340278271948
815.4155099728598,1.359983689424347,70.94813228131879,70.35765021193872

Iteration: ,7500
Error:,0.04321169735933071
Absolute Error:,0.1031173841460181
Transition Probabilities
0.0005643340857787803,0.0005643340857787803,0.1920894749472302,0.8067818568812122
0.7673583706769745,0.2309219388673076,0.0008598452278589854,0.0008598452278589854
0.06738514739101302,0.08819445518285107,0.7220017906399206,0.12241860678621529
0.04575422322873249,0.07688840403938552,0.7917515593064421,0.08560581342543994

0.03368974687350726,0.08054777699609414,0.09637756375877309,0.7893849123716256
0.08043390064144361,0.09628290546513292,0.6173474305707113,0.20593576332271224
0.0011686480299294248,0.929362198672217,0.025072838892744455,0.04439631440510905
0.8566827781614148,0.0009533998755495617,0.06858680261670246,0.07377701934633316

Transition Gammas
1.0,1.0,340.3825496064923,1429.6174503935097
892.4377850973214,268.56221490267876,1.0,1.0
25.938810198482273,33.94901283322895,277.92277876461134,47.1230401525213
25.549423588984443,42.934930707109366,442.1186622452823,47.80278266231484

13.147084281339328,31.432958425547568,37.61037321901479,308.0495087224445
13.607725067344148,16.289043497904654,104.44220706995164,34.84000187086821
1.1779754572508532,936.7797941683746,25.272954818604592,44.75065838665663
1247.1399354279567,1.387938557352286,99.8471578595076,107.40296115339513

Iteration: ,10000
Error:,0.04386758001079222
Absolute Error:,0.09857531659276779
Transition Probabilities
0.00042194092827004155,0.00042194092827004155,0.18839819641647007,0.8107579217269898
0.7730604263291602,0.22564171513741996,0.0006489292667099285,0.0006489292667099285
0.07223688394624775,0.08924403294107656,0.7286340846235861,0.1098849984890895
0.049758930833672624,0.0783887612358634,0.7916127085077569,0.08023959942270702

0.04440278063029537,0.0739490058504899,0.09793358752906348,0.7837146259901513
0.09367640672418837,0.08058288130398812,0.6324601806608237,0.1932805313109998
0.0008715167017599782,0.9284562034872959,0.025174863073419936,0.045497416737524374
0.8588360276948303,0.0007348594464141218,0.0673869439232924,0.07304216893546324

Transition Gammas
1.0,1.0,446.50372550703474,1921.4962744929687
1191.286116973236,347.7138830267642,1.0,1.0
36.76301504789818,45.418345126698114,370.8186781334692,55.92300819618207
37.854320731898724,59.63458739733511,602.2227741079449,61.04262051166827

22.864158976311668,38.07828703304691,50.42857862953945,403.5552626736535
22.089752753911867,19.00217980653279,149.13989024607383,45.57731554942602
1.1869674704505229,1264.5165709984558,34.287057816391886,61.9654833325795
1650.0710122408543,1.4118763436763575,129.46969990275608,140.335013605686

Iteration: ,12500
Error:,0.03923776494823704
Absolute Error:,0.09613146312182798
Transition Probabilities
0.00033944331296673405,0.00033944331296673405,0.1911097126231407,0.8082114007509258
0.7675015480208728,0.23147123061292285,0.0005136106831022089,0.0005136106831022089
0.06725064473766307,0.07895857069965981,0.7477594073046332,0.10603137725804383
0.0554399489796806,0.08145781569004107,0.7788738229451753,0.08422841238510306

0.043607517914833145,0.0782776315744022,0.0981631806394029,0.7799516698713617
0.07988090189542302,0.07712184057725949,0.6505750513526117,0.1924222061747059
0.0006992635372567441,0.928391797410687,0.024946278334783047,0.04596266071727328
0.8557478048402306,0.0005916847214236226,0.06766002951446687,0.07600048092387886

Transition Gammas
1.0,1.0,563.0092133877733,2380.990786612231
1494.3255139966384,450.6744860033605,1.0,1.0
41.81162686924147,49.090775398527725,464.90316112429474,65.9227045278014
52.50272592700163,77.14215922806713,737.6088833125423,79.76596898280573

28.75159427468735,51.61052064935624,64.72159107906785,514.2428424796551
22.919645276879354,22.12800791163961,186.66476027662117,55.21030189033833
1.1916901346891071,1582.1722242817166,42.513633565673025,78.32990914372013
2065.480179857667,1.4281229328461649,163.3079852969155,183.43895960940316

Iteration: ,15000
Error:,0.03878079324811693
Absolute Error:,0.09513897395040126
Transition Probabilities
0.00028563267637817706,0.00028563267637817706,0.1903715403463909,0.8090571943008528
0.7725081300906343,0.22662606904356486,0.00043290043290043306,0.00043290043290043306
0.06733737997996929,0.07753961115651889,0.7462717151634849,0.10885129370002689
0.052396708103941175,0.07766350217404364,0.7861761947321386,0.08376359498987668

0.04709442226049651,0.07480705446566192,0.09645393674555831,0.7816445865282832
0.08714501965745285,0.08493232638440308,0.6436166436978871,0.18430601026025697
0.0005813534359743091,0.9260933757562279,0.025372271353345608,0.047952999454452215
0.8535798989776175,0.0005027840242615824,0.06724059609308572,0.07867672090503515

Transition Gammas
1.0,1.0,666.4907627527159,2832.5092372472914
1784.4937805093646,523.5062194906346,1.0,1.0
52.19590481865491,60.10406352021863,578.4651470715771,84.37500489392586
60.92375542178103,90.30247095417232,914.1186143082261,97.39529369457692

37.102561333695974,58.935500071597964,75.98963809734141,615.8057540742682
31.17360494536182,30.382078060286247,230.23519950725859,65.93013319055102
1.196793228452445,1906.4861621781117,52.23218900435615,98.7176156186137
2448.2954017530524,1.442119028516164,192.86401006281523,225.66587409980323

Iteration: ,17500
Error:,0.03952301805622964
Absolute Error:,0.09471265472637015
Transition Probabilities
0.0002452783909737547,0.0002452783909737547,0.18715803778762857,0.812351405430424
0.7702157921712587,0.22904291798441226,0.00037064492216456655,0.00037064492216456655
0.0691479909815542,0.07738791128955928,0.7447113959546199,0.10875270177426663
0.05556385795797277,0.07844122990074341,0.7788457426283905,0.08714916951289331

0.04795424463197719,0.07080562044285364,0.09326476184672285,0.7879753730784463
0.08119775916440687,0.08896455035542271,0.6483112332025167,0.1815264572776537
0.0005018516874361002,0.926278159859505,0.02480835030217728,0.0484116381508816
0.8509087370998859,0.00043410246375184634,0.06819159326784675,0.08046556716851536

Transition Gammas
1.0,1.0,763.0433200601633,3311.9566799398453
2078.042207278055,617.957792721944,1.0,1.0
62.24003536834379,69.65677913953127,670.3139594581813,97.88819470747784
76.64249367945024,108.19859685451138,1074.3076902941714,120.20996955635

44.3667785568798,65.50863863833624,86.28760744266732,729.0267869704686
33.69114530345188,36.913796928951285,269.0018565101078,75.32023434512666
1.2003059994895424,2215.4298975373335,59.33548187766753,115.78875028694385
2851.412532708142,1.4546862097576438,228.51141984037392,269.6417567150213

Iteration: ,20000
Error:,0.03652130301629277
Absolute Error:,0.09348210499438893
Transition Probabilities
0.00021598272138228917,0.00021598272138228917,0.1834799184377655,0.81608811611947
0.7695764496247548,0.22977080886088488,0.0003263707571801567,0.0003263707571801567
0.06713813992766997,0.07729474561967245,0.7510445872336378,0.1045225272190198
0.053921969488196775,0.0770127001943547,0.7816792861787949,0.0873860441386537

0.049315920180793824,0.06921949824884883,0.09483979487751996,0.7866247866928373
0.08331500585865727,0.08655346256280902,0.6488890738289625,0.18124245774957112
0.00044158463426800337,0.9237090297647546,0.024915147265223325,0.050934238335754216
0.8484915458873404,0.00038207629120698297,0.06781183536662878,0.08331454245482384

Transition Gammas
1.0,1.0,849.5120223668554,3778.4879776331504
2357.9822416502484,704.0177583497511,1.0,1.0
71.25053138962532,82.02925646973173,797.0480861601025,110.9248128495209
85.46579510475188,122.06437779901859,1238.9540356979958,138.5060266577206

52.24961576423802,73.33721389840812,100.48160560206752,833.4193644699191
39.52936100948502,41.0658684231576,307.869755155639,85.99169463881974
1.2034753344569014,2517.4359505958637,67.90264620000218,138.81393227832908
3256.0406574606445,1.4661972113354336,260.2242698598293,319.71507424619216

Iteration: ,22500
Error:,0.03760696872559847
Absolute Error:,0.09226595699533943
Transition Probabilities
0.00019312475859405148,0.00019312475859405148,0.18319178065483788,0.8164219698279739
0.7694344719403422,0.22998413271082052,0.0002906976744186047,0.0002906976744186047
0.06603588314603916,0.07596614458579448,0.7538632951288198,0.10413467713934663
0.055388785622225475,0.07737939494657915,0.7816813922309875,0.08555042720020783

0.04888446316621383,0.06767894034764224,0.09254047995424187,0.7908961165319021
0.08678808831517636,0.08953541209193717,0.6488295140335567,0.1748469855593297
0.00039198098330943566,0.9211186656600819,0.025312701881880933,0.05317665147472787
0.8462838454735231,0.00034277636458767514,0.06805207066814753,0.08532130749374178

Transition Gammas
1.0,1.0,948.5670402307519,4227.432959769255
2646.8545834747765,791.1454165252223,1.0,1.0
79.04792369017505,90.9348934877517,902.4082875423945,124.65389451683019
99.38394133572972,138.8416294304756,1402.5687105431546,153.5028894856362

58.65283405202823,81.2029303365842,111.03244389523245,948.937467465127
47.35315354728468,48.85214318020083,354.01313936613667,95.3996834727259
1.2068563747963927,2835.9996554176137,77.93438184564421,163.7237099636014
3644.6915713083145,1.476235347677438,293.0799278526875,367.4533691487966

Iteration: ,25000
Error:,0.03745501088541358
Absolute Error:,0.0916239722291733
Transition Probabilities
0.0001736412571627018,0.0001736412571627018,0.18054890588079758,0.8191038116048769
0.7727365221755201,0.22673688488082538,0.0002632964718272776,0.0002632964718272776
0.06395513587839653,0.07426347356081249,0.7563839302894148,0.10539746027137625
0.05533729247985196,0.08048829677833375,0.7787949335173956,0.08537947722441858

0.051208015713175806,0.0692718076870462,0.09087751738390552,0.7886426592158725
0.08796558709335751,0.08537218950239298,0.6527659215113051,0.17389630189294436
0.00035477879980385464,0.9206652794221274,0.025021500664214213,0.05395844111385446
0.8464748412612236,0.00030854868316193963,0.06735377967217657,0.0858628303834378

Transition Gammas
1.0,1.0,1039.7811489675137,4717.218851032488
2934.8533112226246,861.1466887773746,1.0,1.0
84.34677706782757,97.94185506268688,997.551578455157,139.0026924800566
110.41090001289449,160.59306282533467,1553.8788705003158,170.3521169997745

69.0814418058651,93.450142226239,122.59701613476986,1063.9071092580173
53.10384870564391,51.538243360931084,394.06754256465547,104.9792675901008
1.2092298711493947,3138.0002351404446,85.28341051066239,183.91222596051952
4080.2992516122217,1.4873105491425682,324.668334359657,413.8883112377477

Iteration: ,27500
Error:,0.037755503450187806
Absolute Error:,0.09093641796422672
Transition Probabilities
0.00015782828282828295,0.00015782828282828295,0.1796968540794638,0.8199874893548796
0.7742668062916913,0.22525461031515248,0.00023929169657812885,0.00023929169657812885
0.0658112750369513,0.07136685994834562,0.7589170098103845,0.1039048552043186
0.05513824991560695,0.08091368892242334,0.7792925126753071,0.08465554848666253

0.05206147693204232,0.07070696184349244,0.09116348178275711,0.7860680794417082
0.09102860994709293,0.08738269388068079,0.6533532131784258,0.16823548299380053
0.00032217404917876604,0.9201419005966263,0.024332631847231324,0.055203293506963555
0.8416547747016345,0.00028102697521568287,0.06820929287092047,0.08985490545222931

Transition Gammas
1.0,1.0,1138.559267447482,5195.4407325525135
3235.660983492977,941.3390165070218,1.0,1.0
94.26584777148855,102.22347997425365,1087.0470945565357,148.82980549927655
121.16735213293786,177.809369231779,1712.5101076369822,186.03217674101475

76.98285484275847,104.55377182393947,134.80265060868948,1162.3520580328081
60.49986077153303,58.07669497200218,434.2346703404851,111.81345407638618
1.2119082611413268,3461.2582037499164,91.53101445053865,207.65585438626277
4474.263695953398,1.493948386661108,362.60278203400026,477.67155067914325

Iteration: ,30000
Error:,0.037526023309749724
Absolute Error:,0.08880565553500654
Transition Probabilities
0.00014492753623188395,0.00014492753623188395,0.17896984445781502,0.8207403004697212
0.7786060307850973,0.22095207792016122,0.00022094564737074689,0.00022094564737074689
0.06524424545473467,0.0727223786349724,0.7578207454944829,0.10421263041581003
0.053960344047241905,0.08166600892550675,0.7808419486553584,0.08353169837189298

0.05175842826684808,0.06911849058078892,0.08897949639718113,0.7901435847551819
0.08945608371746706,0.08637481787746001,0.6616213953715496,0.16254770303352328
0.0002954622754730049,0.9180984310261319,0.024814038382653926,0.05679206831574134
0.8398530835332217,0.00025805088171308206,0.0680537130410891,0.0918351525439763

Transition Gammas
1.0,1.0,1234.8919267589247,5663.108073241081
3523.970895333349,1000.0291046666492,1.0,1.0
102.79305984909283,114.57494476780145,1193.955309063131,164.18819898523898
129.84034375245494,196.50620949517153,1878.875845213048,200.99546476830383

83.79508398495575,111.90041732469481,144.05469066989713,1279.214811226076
65.22022255718478,62.97374768938469,482.37182829301514,118.50951805009048
1.2139936123313404,3772.277286407695,101.95577098450552,233.34690716782998
4882.868242384616,1.5002962779338478,395.66124206716114,533.9254670650867

Iteration: ,32500
Error:,0.03869521218264098
Absolute Error:,0.08891628162021219
Transition Probabilities
0.0001336183858898985,0.0001336183858898985,0.17809400692683658,0.8216387563013837
0.779141600167958,0.22044973616224223,0.00020433183489987743,0.00020433183489987743
0.06504090414554599,0.07308102118459534,0.7585190350448585,0.10335903962500018
0.05451905277890087,0.08463793320537918,0.7770751730230976,0.08376784099262242

0.051328475267162735,0.0687844607397983,0.0908964467648804,0.7889906172281586
0.08499284577043609,0.09135235017979129,0.6625569222129836,0.16109788183678916
0.0002734042322461317,0.9156493566920945,0.024893647755061577,0.05918359132059788
0.8415193528193777,0.00023858514531237222,0.06623283827483943,0.09200922376047062

Transition Gammas
1.0,1.0,1332.8555478404446,6149.144452159554
3813.1189912219857,1078.8810087780132,1.0,1.0
110.29613142220494,123.93053299209183,1286.2938526859477,175.27588781117194
142.10845062840062,220.61582032586776,2025.5111420946264,218.3478525245902

89.86027429613537,120.42030232182452,159.1315463068443,1381.2783822658548
67.83823257248535,72.91416026095027,528.8291052519237,128.58253510532847
1.2164654777236013,4074.0255663380144,110.76003783797493,263.32729050220513
5314.553868306312,1.5067670193111378,418.288641471097,581.077517014663

Iteration: ,35000
Error:,0.037383726622118724
Absolute Error:,0.08849517446743768
Transition Probabilities
0.00012410027302060063,0.00012410027302060063,0.17626183776405127,0.8234899616899075
0.7792384341821689,0.2203803956253402,0.00019058509624547365,0.00019058509624547365
0.0628316782382231,0.07140161932517428,0.7597268047493414,0.1060398976872612
0.0543595718494759,0.08425925798618786,0.7765705944563078,0.08481057570802836

0.05235660198563285,0.06865828622916136,0.0882885137246465,0.7906965980605594
0.08792926552257298,0.09242028689399148,0.6651970968820895,0.15445335070134603
0.00025510731270892854,0.9153250093125762,0.024903269583582785,0.05951661379113212
0.8422043567015753,0.00022161758132104874,0.06553524484942272,0.09203878086768093

Transition Gammas
1.0,1.0,1420.3178887027254,6635.682111297277
4088.6640641538393,1156.3359358461598,1.0,1.0
115.252882483044,130.97282568169837,1393.5757662721091,194.5102249270996
152.79764332162287,236.84174856947968,2182.838323936129,238.39143054364862

99.63865703685258,130.66202111822892,168.01986006879267,1504.7566909705333
76.10052253338681,79.98738626461879,575.7110145247765,133.67541086064716
1.2187358708454152,4372.824167545345,118.97153249179935,284.33145004065966
5752.048544549492,1.513593554748151,447.58959835966317,628.6022285677205

Iteration: ,37500
Error:,0.038751737723535164
Absolute Error:,0.08804525556535925
Transition Probabilities
0.0001158480074142725,0.0001158480074142725,0.17533229911512588,0.8244360048700455
0.7798602366861961,0.21978249286007057,0.0001786352268667382,0.0001786352268667382
0.06444798743822405,0.07214946108039506,0.7572355304223197,0.10616702105906116
0.05427415378804706,0.08448775340315011,0.7771532052502699,0.08408488755853286

0.05413694909899914,0.06947503313161467,0.0873157026403503,0.7890723151290359
0.08716892898524943,0.09074401087700774,0.6685866806665449,0.15350037947119788
0.00023929576748821097,0.9150271403529812,0.024369537901319207,0.06036402597821161
0.8414259320053593,0.00020696718140467062,0.06510210370050365,0.09326499711273234

Transition Gammas
1.0,1.0,1513.4684059617662,7116.531594038232
4365.657604969324,1230.3423950306747,1.0,1.0
127.74187701810625,143.0069106981635,1500.9109181829551,210.4328635631171
163.2859271243051,254.1847303406743,2338.0959956092915,252.9726925961166

110.69764333335321,142.060507032129,178.54058400312252,1613.4718922679772
81.26368534158348,84.59657394425753,623.2933944898393,143.10152347141852
1.2207232047815535,4667.842122568343,124.31670111929368,307.93594061069086
6177.930321796198,1.5195975985304726,477.99365953163925,684.7716854313851

Iteration: ,40000
Error:,0.03760531077780336
Absolute Error:,0.0884117166556504
Transition Probabilities
0.00010827197921177999,0.00010827197921177999,0.17505943520838588,0.8247240208331906
0.7808161703628957,0.21884882126189484,0.0001675041876046902,0.0001675041876046902
0.06383441363120276,0.07142632287560831,0.7567215761797429,0.10801768731344608
0.053807342469099205,0.08539684684270567,0.7763451585061365,0.08445065218205856

0.055059891714634226,0.06965606377541908,0.08729355405663919,0.7879904904533074
0.08756318498373943,0.09046252530889289,0.6674983401358011,0.15447594957156657
0.0002246237376875241,0.9142833332815212,0.02411939615822955,0.06137264682256154
0.8422015758830246,0.00019430368380889034,0.06417036056605642,0.09343375986711

Transition Gammas
1.0,1.0,1616.848943584652,7617.151056415349
4661.4725370664855,1306.5274629335115,1.0,1.0
133.87350532547396,149.79525418860814,1586.996170183056,226.53464824392927
173.33484703044402,275.09720244710775,2500.9164756606833,272.04913318298316

119.52866501395705,151.21526857253113,189.50422268884577,1710.6363349883463
86.09962157853951,88.9505012589608,656.3415264151049,151.89398151251942
1.2222040831119463,4974.722772231476,131.23646133869866,333.9357643592816
6607.87782370693,1.5244984574615172,503.4779257912674,733.0773148507939

Iteration: ,40635
Error:,0.03776112900243556
Absolute Error:,0.0888671374944908
Transition Probabilities
0.00010657572205051691,0.00010657572205051691,0.1751595265638045,0.8246273219920944
0.7798705659028324,0.2198001617889687,0.0001646361540994403,0.0001646361540994403
0.06323224609436791,0.0702744720302369,0.7578938737035386,0.10859940817185648
0.053634376933333304,0.08529519406669134,0.7764418273242343,0.0846286016757411

0.05487805690086526,0.070125784584746,0.08793697874972739,0.7870591797646614
0.08721065965082773,0.09112657677816881,0.6661695881951916,0.15549317537581184
0.00022115277592161538,0.9149461254786626,0.023842062110755857,0.06099065963465987
0.8420661498752562,0.00019136923485049028,0.06409551771656113,0.09364696317333218

*,*,*,*,*,*,*,*,*,*,*
Model Num 2
Model States: 
"['diamond', 'x', 'square']","['diamond', 'x', 'diamond']","['square', 'y', 'diamond', 'x', 'diamond']","['square', 'y', 'diamond', 'x', 'square']"
Iteration: ,40635
Error:,0.03744875843560569
Absolute Error:,0.0888671374944908
Transition Probabilities
0.00010657572205051691,0.00010657572205051691,0.1751595265638045,0.8246273219920944
0.7798705659028324,0.2198001617889687,0.0001646361540994403,0.0001646361540994403
0.06323224609436791,0.0702744720302369,0.7578938737035386,0.10859940817185648
0.053634376933333304,0.08529519406669134,0.7764418273242343,0.0846286016757411

0.05487805690086526,0.070125784584746,0.08793697874972739,0.7870591797646614
0.08721065965082773,0.09112657677816881,0.6661695881951916,0.15549317537581184
0.00022115277592161538,0.9149461254786626,0.023842062110755857,0.06099065963465987
0.8420661498752562,0.00019136923485049028,0.06409551771656113,0.09364696317333218

Transition Gammas
1.0,1.0,1643.5218377481774,7737.47816225182
4736.933817293802,1335.0661827061951,1.0,1.0
134.7842268035398,149.79525418860814,1615.5070565391443,231.48770075193423
175.19704368411095,278.6173103030793,2536.252316475651,276.4398818902916

120.76315002560516,154.31688224255308,193.51170863676015,1731.980889495578
87.25004936951908,91.16773516682184,666.470471513639,155.56340569468568
1.2226785227369372,5058.426114807794,131.81465689995912,337.19662487658894
6713.185478628834,1.5256487493826199,510.98728863968455,746.5796284365949

