0,1,2,3,4,5,6,7,8,9,10,11,12,13,14,15,16,17,18,19,20,21,22,23,24,25,26,27,28,29
github Code Version (SHA):,3130f818d955eaa9876b4af7408e9fb46046852d
Environment Observations,Environment Actions,alpha,epsilon,numActions,explore,patience,gainThresh,insertRandActions,useBudd,revisedSplitting,haveControl,confidence_factor
"['diamond', 'square']","['x', 'y']",0.75,0.99,75000,0.5,0,0.01,False,True,False,False,250

Model Num 0
Model States: 
['diamond'],['square']
Iteration: ,0
Error:,0.40331021747330026
Absolute Error:,1
Transition Probabilities
0.5,0.5
0.5,0.5

0.5,0.5
0.5,0.5

Transition Gammas
1.0,1.0
1.0,1.0

1.0,1.0
1.0,1.0

Iteration: ,2280
Error:,0.07561568915999016
Absolute Error:,1
Transition Probabilities
0.5108910891089109,0.4891089108910891
0.18711656441717792,0.8128834355828221

0.226,0.774
0.8124006359300477,0.1875993640699523


Model Num 1
Model States: 
['square'],"['diamond', 'x', 'diamond']","['diamond', 'x', 'square']"
Iteration: ,0
Error:,0.473031126745801
Absolute Error:,1
Transition Probabilities
0.3333333333333333,0.3333333333333333,0.3333333333333333
0.3333333333333333,0.3333333333333333,0.3333333333333333
0.3333333333333333,0.3333333333333333,0.3333333333333333

0.3333333333333333,0.3333333333333333,0.3333333333333333
0.3333333333333333,0.3333333333333333,0.3333333333333333
0.3333333333333333,0.3333333333333333,0.3333333333333333

Transition Gammas
1.0,1.0,1.0
1.0,1.0,1.0
1.0,1.0,1.0

1.0,1.0,1.0
1.0,1.0,1.0
1.0,1.0,1.0

Iteration: ,2500
Error:,0.04752964681972032
Absolute Error:,1
Transition Probabilities
0.8361823361823362,0.057445015554769954,0.10637264826289387
0.0025000000000000005,0.29794177889803586,0.6995582211019642
0.9955156950672646,0.002242152466367713,0.002242152466367713

0.15727002967359052,0.4602332722153722,0.38249669811103726
0.7253836679661738,0.16916540379022713,0.10545092824359904
0.8872377800081312,0.06387344609123008,0.04888877390063871

Transition Gammas
587.0,40.32640091944851,74.6735990805515
1.0,119.17671155921433,279.82328844078563
444.0,1.0,1.0

106.0,310.1972254731608,257.8027745268391
43.62186569257203,10.172975833129891,6.34142514112109
112.62946933097247,8.108347615145277,6.206134121813852

Iteration: ,5000
Error:,0.042230538557846004
Absolute Error:,1
Transition Probabilities
0.8402730375426621,0.06603022789769374,0.09369673455964417
0.00130718954248366,0.2796792251176123,0.719013585339904
0.9977653631284916,0.0011173184357541898,0.0011173184357541898

0.17115097159940212,0.4540606669689377,0.3747883614316602
0.731382992398504,0.14103908901162376,0.1275779185898722
0.8845433774023654,0.066430688787666,0.049025933809968565

Transition Gammas
1231.0,96.73428387012133,137.2657161298787
1.0,213.95460721497338,550.0453927850266
893.0,1.0,1.0

229.0,607.5331724044386,501.46682759556126
103.15900526715585,19.89306871699512,17.994417852985237
179.05325283106635,13.447199107601431,9.924050245601839

Iteration: ,7500
Error:,0.03689411759776385
Absolute Error:,1
Transition Probabilities
0.8313308687615527,0.0726093210550682,0.0960598101833791
0.0008718395815170012,0.2797372632561228,0.7193908971623602
0.9985272459499264,0.0007363770250368188,0.0007363770250368188

0.1721756290083868,0.4504290235696115,0.37739534742200165
0.779636998183515,0.12180176474185518,0.09856123707462998
0.8916251313773126,0.0624259842654902,0.04594888435719714

Transition Gammas
1799.0,157.1265707631676,207.87342923683238
1.0,320.85864095477274,825.1413590452267
1356.0,1.0,1.0

349.0,913.0196307756025,764.9803692243974
169.55695126770982,26.489681655403615,21.435287076530628
255.01941801978992,17.854855831739687,13.142134889502515

Iteration: ,10000
Error:,0.042174261119179386
Absolute Error:,1
Transition Probabilities
0.824832922968695,0.07779111529662332,0.09737596173468166
0.0006574621959237354,0.27731337189019556,0.7220291659138807
0.9989023051591658,0.0005488474204171241,0.0005488474204171241

0.1780872114327593,0.44255940722085835,0.37935338134638236
0.7809880696234539,0.12362946118496522,0.0953824691915809
0.8880227058760589,0.06243069870429522,0.04954659541964587

Transition Gammas
2345.0,221.16014078830008,276.83985921169995
1.0,421.79363864498686,1098.2063613550108
1820.0,1.0,1.0

486.0,1207.7446223057223,1035.2553776942773
231.1331603557197,36.58809806215464,28.22841014384696
335.1101153101275,23.559260932465573,18.69723059380772

Iteration: ,12500
Error:,0.04165140672256319
Absolute Error:,1
Transition Probabilities
0.8179730117714614,0.08211585718440316,0.09991113104413547
0.0005254860746190231,0.2727738341844415,0.7267006797409394
0.9991311902693311,0.0004344048653344917,0.0004344048653344917

0.1735705950991832,0.4414492201682119,0.38498018473260487
0.7788435466246081,0.12484342028761765,0.09631303308777435
0.8815752696561204,0.06411332570319676,0.05431140464068286

Transition Gammas
2849.0,286.0095305732762,347.99046942672385
1.0,519.0886064529917,1382.9113935470064
2300.0,1.0,1.0

595.0,1513.2879267366302,1319.7120732633693
293.0528338728442,46.97441259444459,36.23938004954062
422.06823977095377,30.695278618654516,26.002452365891273

Iteration: ,15000
Error:,0.03887649530227074
Absolute Error:,1
Transition Probabilities
0.821247892074199,0.0802840981055637,0.09846800982023733
0.0004376367614879653,0.27417532399908834,0.7253870392394237
0.9992784992784993,0.00036075036075036075,0.00036075036075036075

0.1707435214337612,0.4437390863638318,0.3855173922024069
0.7848435207860576,0.12118653869261982,0.09396994052132264
0.8737493980392018,0.06444612106445559,0.06180448089634257

Transition Gammas
3409.0,333.2592912361949,408.7407087638052
1.0,626.4906153379164,1657.509384662082
2770.0,1.0,1.0

705.0,1832.1986875962616,1591.801312403738
362.6746062064326,56.00005483111746,43.423319771665255
487.8160788690437,35.98040141318862,34.505568295725304

Iteration: ,17500
Error:,0.03921755385376224
Absolute Error:,1
Transition Probabilities
0.822974358974359,0.080293477016266,0.09673216400937504
0.0003808073115003811,0.26702383587238404,0.7325953568161155
0.9993827160493827,0.00030864197530864197,0.00030864197530864197

0.173327811141023,0.43947319742852164,0.3871989914304554
0.7869621238490618,0.12216447101349873,0.09087340513743954
0.8701286470001007,0.0639177152473483,0.06595363775255095

Transition Gammas
4012.0,391.43070045429675,471.5692995457033
1.0,701.20459300088,1923.795406999118
3238.0,1.0,1.0

837.0,2122.216070382331,1869.783929617669
423.66688892920115,65.768147924102,48.92237081586171
558.6478111853935,41.0370257800491,42.34414703757323

Iteration: ,20000
Error:,0.03969581558921772
Absolute Error:,1
Transition Probabilities
0.8205956225331899,0.08332268124779112,0.09608169621901909
0.0003343363423604148,0.2653567920770503,0.7343088715805892
0.9994579945799458,0.00027100271002710027,0.00027100271002710027

0.17488220369699184,0.438678090889367,0.38643970541364125
0.7880708242718837,0.11782240740771951,0.0941067683203968
0.8699678092192712,0.06475573237432321,0.06527645840640554

Transition Gammas
4574.0,464.4406252751877,535.5593747248124
1.0,793.682165102457,2196.317834897541
3688.0,1.0,1.0

965.0,2420.6257055275246,2132.3742944724704
497.7074467350261,74.41093839915965,59.43328688066035
630.4911686548795,46.93037713479256,47.307762551859014

Iteration: ,22500
Error:,0.04060907423079677
Absolute Error:,1
Transition Probabilities
0.8195728402932738,0.08392431642947071,0.09650284327725545
0.00030084235860409174,0.263927665263449,0.7357714923779469
0.9995200383969283,0.00023998080153587713,0.00023998080153587713

0.17760308037863004,0.4320311810855919,0.39036573853577816
0.7947364272699756,0.11299415204846885,0.09226942068155553
0.8629018405006259,0.06891887234984702,0.06817928714952695

Transition Gammas
5142.0,526.5411612784992,605.4588387215007
1.0,877.2955593357037,2445.704440664293
4165.0,1.0,1.0

1107.0,2692.850351706492,2433.149648293503
567.1245817000365,80.63272176307247,65.84353606073694
694.6912365578412,55.48410538458286,54.888691939813576

Iteration: ,23383
Error:,0.04045032826136558
Absolute Error:,1
Transition Probabilities
0.8196042337781868,0.08421523992651493,0.09618052629529822
0.00028977108084613174,0.2627724988377912,0.7369377300813627
0.9995379995379995,0.000231000231000231,0.000231000231000231

0.1765523632993514,0.432607130955625,0.3908405057450237
0.7930323124607958,0.11449324385362238,0.09247444368558183
0.8629915374038304,0.06943775695913232,0.06757070563703724


Model Num 2
Model States: 
"['diamond', 'x', 'diamond']","['diamond', 'x', 'square']","['square', 'y', 'diamond', 'x', 'diamond']","['square', 'y', 'diamond', 'x', 'square']"
Iteration: ,0
Error:,0.4061504337992128
Absolute Error:,0.5
Transition Probabilities
0.25,0.25,0.25,0.25
0.25,0.25,0.25,0.25
0.25,0.25,0.25,0.25
0.25,0.25,0.25,0.25

0.25,0.25,0.25,0.25
0.25,0.25,0.25,0.25
0.25,0.25,0.25,0.25
0.25,0.25,0.25,0.25

Transition Gammas
1.0,1.0,1.0,1.0
1.0,1.0,1.0,1.0
1.0,1.0,1.0,1.0
1.0,1.0,1.0,1.0

1.0,1.0,1.0,1.0
1.0,1.0,1.0,1.0
1.0,1.0,1.0,1.0
1.0,1.0,1.0,1.0

Iteration: ,2500
Error:,0.06562240125390834
Absolute Error:,0.22316791433600014
Transition Probabilities
0.2764608475322115,0.7186491769176663,0.0024449877750611256,0.0024449877750611256
0.0017271157167530235,0.0017271157167530235,0.22987508362724957,0.7666706849392444
0.09124312252435378,0.133572034846908,0.631755464372993,0.14342937825574506
0.07191045424086802,0.02535741266707848,0.45694604127463995,0.4457860918174137

0.14128958352640902,0.0754478638802837,0.4225362216058734,0.36072633098743384
0.12861559111116697,0.09541142911050265,0.30297138278115515,0.47300159699717526
0.9753069965705946,0.003920207702823668,0.010017081014364606,0.010755714712217136
0.0028279081884393983,0.8018055996833846,0.1421791573742283,0.05318733475394779

Transition Gammas
113.07248664067447,293.9275133593254,1.0,1.0
1.0,1.0,133.09767342017741,443.9023265798223
12.339160317397695,18.063462826550193,85.43473459284266,19.396509496372563
9.654541466008714,3.4044311727608507,61.34858345405007,59.85027286860366

7.138516499653227,3.8119287192344693,21.34822479019392,18.225341184701378
15.237038772036371,11.303354687345555,35.892901213382665,56.03631418567049
297.8575704006711,1.1972266639476898,3.0592043571271232,3.284782189985921
1.3478638520649866,382.1640280312386,67.76674982773687,25.350641225056272

Iteration: ,5000
Error:,0.056067500001826684
Absolute Error:,0.19213882750165623
Transition Probabilities
0.26644868757549917,0.7309773098504982,0.0012870012870012867,0.0012870012870012867
0.0008802816901408454,0.0008802816901408454,0.21352611904316193,0.7847133175765564
0.09807167554699217,0.1446651197472841,0.6453765108713998,0.11188669383432402
0.07668954483540932,0.036518740208427096,0.5199880957607219,0.36680361919544163

0.10400231002176225,0.07168118641117513,0.4999360883817603,0.3243804151853023
0.0961926573149719,0.08140047625153839,0.26386551723252033,0.5585413492009694
0.9693896768486617,0.002048599323326079,0.015186439296290422,0.013375284531721914
0.0014858067862390547,0.7985977648490451,0.1612337127083936,0.03868271565632227

Transition Gammas
207.0306302461629,567.9693697538372,1.0,1.0
1.0,1.0,242.56567123303185,891.4343287669677
32.642839741817326,48.151316818062035,214.81148252039267,37.24112385869841
19.805309783393795,9.431076482191214,134.28851797622184,94.72815783986076

11.439750044766296,7.884583095169286,54.99054673159482,35.68027352816383
23.960612387269475,20.276030562456192,65.72621608812493,139.12696814940736
594.2919947261698,1.255909988862203,9.310166507569804,8.199823780079358
1.4143317827049953,760.1810752811098,153.4775358673842,36.82187664020688

Iteration: ,7500
Error:,0.06417578757489514
Absolute Error:,0.17989471667418608
Transition Probabilities
0.2533313590705772,0.7449563121622995,0.0008561643835616435,0.0008561643835616435
0.0005920663114268804,0.0005920663114268804,0.210123673631122,0.7886921937460243
0.08924296003949335,0.12950004495818274,0.6812988889605794,0.0999581060417444
0.07889491325046175,0.034374596245065045,0.5724678462279137,0.3142626442765595

0.1208737456507139,0.08199490409683867,0.4813565196915412,0.3157748305609062
0.10350833440395855,0.09095159423723008,0.24334957703406762,0.5621904943247438
0.9633786117079719,0.0013608875787693372,0.019801118806224562,0.015459381907034307
0.0010346556872078436,0.8007540381864753,0.16545601984846148,0.03275528627785544

Transition Gammas
295.8910273944343,870.1089726055661,1.0,1.0
1.0,1.0,354.89888476296466,1332.1011152370336
47.487884120054986,68.90944816033252,362.5321557662879,53.18961803227829
30.988028619421392,13.501516489935382,224.85163202211,123.4348250557215

19.59358267686938,13.291339023660806,78.0276867805545,51.18696551150513
40.3753795085888,35.47738600360382,94.92309563846375,219.29301340989005
902.4170377746574,1.2747720601769186,18.548125067939335,14.481128662011368
1.4551579786319646,1126.1945804727811,232.70025997239037,46.06761143721486

Iteration: ,10000
Error:,0.0610015919075911
Absolute Error:,0.1703097310145353
Transition Probabilities
0.2550669948752852,0.7436525953936008,0.0006402048655569781,0.0006402048655569781
0.0004464285714285719,0.0004464285714285719,0.20705075365085365,0.7920563892062892
0.0779176163059634,0.12728142833869965,0.7012365024128291,0.09356445294250787
0.08079312832637287,0.033968584799657864,0.6040503876128627,0.2811878992611065

0.11271276661042477,0.08904198527409107,0.49935205713497366,0.2988931909805105
0.0981310688035491,0.09532893691357788,0.23926366416178316,0.5672763301210898
0.9536872907094264,0.0010121934449136248,0.025655538127946128,0.01964497771771386
0.0007978461142793846,0.8002805742046493,0.16893045218352823,0.02999112749754322

Transition Gammas
398.41464599519566,1161.585354004805,1.0,1.0
1.0,1.0,463.7936881779117,1774.206311822086
58.22922394173706,95.11968083385865,524.0465413466706,69.92238394436656
42.414056569421355,17.832524957516473,317.1089898573686,147.6155177172943

23.940322134880056,18.91262077133529,106.0629551206546,63.485259843970745
51.36473343023026,49.89801387525571,125.23775068437497,296.92938060504696
1212.6391314468733,1.2870312856777433,32.62170920735667,24.979119412591597
1.4845959981262995,1489.1259311521826,314.33815216340196,55.80613487397008

Iteration: ,12500
Error:,0.0631084236032347
Absolute Error:,0.16821720929069958
Transition Probabilities
0.257689826078481,0.7412829525553146,0.0005136106831022083,0.0005136106831022083
0.00035561877667140865,0.00035561877667140865,0.2057080599030478,0.7935807025436094
0.07788712510354753,0.12319601775269419,0.7039162260171579,0.09500063112660041
0.08230234743242423,0.03520195907701822,0.619222269225053,0.26327342426550465

0.12419535172333153,0.09231373583956048,0.48234792993642156,0.30114298250068644
0.09856811178605066,0.0988066065152483,0.22100240528705875,0.5816228764116422
0.949547866974847,0.0008213518829767716,0.02963263160763428,0.019998149534541796
0.000638480616680901,0.8004575138742517,0.17125443815462427,0.02764956735444326

Transition Gammas
501.72209137480274,1443.2779086251983,1.0,1.0
1.0,1.0,578.4510644473697,2231.548935552627
74.61104844548645,118.01416519889774,674.3082065374373,91.00472872654184
53.61677778397358,22.93270697950278,403.39922060166674,171.5123945505861

32.26883141559399,23.98524854445774,125.3251737589395,78.24392780779309
65.32674005356036,65.48480418704256,146.47096733207843,385.47483327081994
1497.246521325087,1.2951071687293432,46.724716188966504,31.53307049061568
1.5041807831674692,1885.7781718899184,403.4541193175633,65.13893576542813

Iteration: ,15000
Error:,0.0595864776827687
Absolute Error:,0.16535712592971671
Transition Probabilities
0.26055614159581214,0.738584382684377,0.00042973785990545725,0.00042973785990545725
0.0002961208172934561,0.0002961208172934561,0.20345422496634158,0.7959535333990715
0.07778741403547655,0.1216792973001828,0.7037607851735763,0.09677250349076424
0.08058954169994124,0.0423367189604851,0.6260086748594611,0.2510650644801126

0.12476460640706898,0.08836793184411462,0.4840495463495104,0.30281791539930597
0.09766432808821954,0.0926936508323594,0.2200451894154086,0.5895968316640126
0.9421647942728374,0.0006882386700670932,0.034449660977454125,0.02269730607964144
0.0005370447068521988,0.8015958259028748,0.17326200004325948,0.024605129347013498

Transition Gammas
606.3141414934554,1718.685858506547,1.0,1.0
1.0,1.0,687.0649177113347,2687.9350822886613
91.70134949378708,143.44423074398102,829.6433879623669,114.08232647955175
63.15362286961401,33.1769746590985,490.568812419615,196.74598047656988

38.99870323887731,27.621894133805434,151.30336362707578,94.65429626365479
77.16537056817832,73.23799851810091,173.85947269966564,465.8451953929456
1783.3578425103933,1.3027188420157028,65.2073537977859,42.9621431909137
1.5231120294363645,2273.4052297710446,491.38820873384043,69.78258609778632

Iteration: ,17500
Error:,0.05966348805864791
Absolute Error:,0.16535232541536665
Transition Probabilities
0.25671391356538037,0.7425398177779032,0.0003731343283582086,0.0003731343283582086
0.0002523340903356047,0.0002523340903356047,0.20078751125527408,0.7987078205640548
0.0783218812961728,0.12006762098652768,0.6999788573632912,0.10163164035400821
0.08735902538985212,0.04369782085037048,0.6276767830245105,0.24126637073526686

0.11896461796153368,0.09694327367809621,0.4757138912673137,0.3083782170930564
0.09969635947017898,0.09393819076763546,0.21668197816095452,0.5896834716012311
0.9387311085002951,0.0005969456694481101,0.03758211434164101,0.02308983148861582
0.0004612573274951156,0.8070247505035811,0.1692595376705711,0.023254454498352697

Transition Gammas
687.9932883552201,1990.0067116447826,1.0,1.0
1.0,1.0,795.72090710465,3165.279092895344
108.81476037713833,166.81327351288357,972.5000264615908,141.19965466658553
81.29913806587685,40.66660719528702,584.1363409919961,224.53029778578545

43.31491230479379,35.296960305156496,173.20700755815093,112.2802364179693
92.16591013137607,86.84267804968032,200.31515526146097,545.142411803047
2058.562971645991,1.309054573863545,82.41460017604564,50.63417169581871
1.5373751486778235,2689.8213249636983,564.1436815856099,77.50732250905051

Iteration: ,20000
Error:,0.06169432321936368
Absolute Error:,0.16281575861229036
Transition Probabilities
0.25753174525704925,0.7418178482388856,0.00032520325203251984,0.00032520325203251984
0.00022070183182520468,0.00022070183182520468,0.19706410026226095,0.8024944960740886
0.07706913439114313,0.12043553092761322,0.7002025229845182,0.10229281169672537
0.09101230330741336,0.04690597101821654,0.6371060613085223,0.22497566436584768

0.12587520905282945,0.09565161751618068,0.4817402706611032,0.29673290276988673
0.1005748498199165,0.09600003097508715,0.20947083028825123,0.5939542889167452
0.9384862116854545,0.0005249941297484357,0.03885356793335982,0.02213522625143731
0.00040796371212620117,0.8064008364892313,0.17086026174382019,0.022330938054822332

Transition Gammas
791.9101166654276,2281.089883334577,1.0,1.0
1.0,1.0,892.8974382883023,3636.1025617116866
123.14447373874197,192.43722136875724,1118.814579723333,163.4479816487612
97.71611670961863,50.360986062646894,684.0342237350894,241.5469939458887

52.71937818376889,40.06105599084517,201.7636968108217,124.2784360670068
106.81835043894235,101.9595353033826,222.47439192333476,630.8258723907918
2349.6940047244407,1.3144312018926847,97.27792960454029,55.42010928728854
1.552606302520625,3068.956830905045,650.2507731661105,84.98588020100547

Iteration: ,22500
Error:,0.05914644540166558
Absolute Error:,0.1574093459339722
Transition Probabilities
0.25696664357195337,0.7424556556770356,0.00028885037550548787,0.00028885037550548787
0.00019638648860958405,0.00019638648860958405,0.1953385004331662,0.8042687265896146
0.07754859227167633,0.11444104291749231,0.7063457378098945,0.10166462700093695
0.09079966733438656,0.04616999979634973,0.648997361899903,0.2140329709693607

0.1220229179265659,0.0912265319735032,0.4990620471542597,0.28768850294567117
0.09895547712569622,0.09923911903376757,0.20458206469155119,0.597223339148985
0.9334247395064436,0.0004649632189725619,0.041776604300087436,0.024333692974496335
0.0003660288043712459,0.8079230213415964,0.17003354744340501,0.021677402410627367

Transition Gammas
889.6185200461035,2570.3814799539,1.0,1.0
1.0,1.0,994.6636442056803,4095.3363557943094
141.6010698743136,208.96541948663867,1289.763092341436,185.6361222041628
109.90508612786381,55.8847620603516,785.5547608306348,259.06826312437045

57.18016098171804,42.748918585834744,233.8613817882943,134.8113550351475
118.45135954446337,118.79088364773419,244.8881497518938,714.8863158329568
2649.291458302355,1.3196812044001671,118.57238858659483,69.06506997058239
1.5623019402725113,3448.4163234120647,725.7454547561227,92.52454299154499

Iteration: ,25000
Error:,0.054750607872704554
Absolute Error:,0.15519811109032255
Transition Probabilities
0.2650320399993075,0.734452097220192,0.00025793139025019314,0.00025793139025019314
0.00017758835020422685,0.00017758835020422685,0.19603254359848526,0.8036122797011063
0.07613378221478313,0.11279934476379827,0.706370466417545,0.10469640660387357
0.0899382196555572,0.04779849188783305,0.6537219894171151,0.20854129903949456

0.11623730355793865,0.08430911972836787,0.511007317773509,0.2884462589401844
0.09538703682632885,0.101618778499181,0.20314825181943144,0.5998459328550587
0.9264034587006372,0.0004162396348689097,0.04631806112592936,0.026862240538564425
0.00033295284296815813,0.8060729232600687,0.17264295736215257,0.020951166534810325

Transition Gammas
1027.5292190773164,2847.470780922688,1.0,1.0
1.0,1.0,1103.8592530030692,4525.140746996924
156.4443862964206,231.78704318704192,1451.493553871432,215.1366266340978
121.48416918677914,64.56387615424191,883.0158420704246,281.6874355748854

59.99399295884882,43.514780371941924,263.7481125768107,148.87684330390528
126.04271031981455,134.27722138749053,268.43643652200876,792.6255984765025
2945.47577224279,1.3234231245996917,147.26707416986426,85.40779716590797
1.5715866074040334,3804.783282501344,814.9002640561099,98.8926012526897

Iteration: ,27500
Error:,0.053201607488384615
Absolute Error:,0.1530134341297192
Transition Probabilities
0.2650587814276495,0.7344705195843534,0.00023534949399858765,0.00023534949399858765
0.00016168148746968454,0.00016168148746968454,0.19559711214493125,0.8040795248801293
0.0761646918327671,0.11112574515429323,0.7071178608166736,0.1055917021962662
0.09244813998527021,0.04788784679730874,0.6571610169594005,0.20250299625802057

0.11320344287151644,0.07988632736613092,0.517989315855339,0.28892091390701347
0.09303257592236594,0.10036202907129169,0.19964091433729422,0.6069644806690482
0.9225976758126508,0.0003785751800482511,0.04883177718547838,0.028191971821822537
0.0003044153008232712,0.8077246674709451,0.17222125159811588,0.01974966563011578

Transition Gammas
1126.2347622860839,3120.7652377139207,1.0,1.0
1.0,1.0,1209.768138616401,4973.231861383605
173.77877778960908,253.5465674340806,1613.3732658662038,240.91999207035812
137.7956812865412,71.37773108071234,979.5107836815845,301.83450241817525

65.23301531793933,46.03416543331962,298.489198902468,166.48948057136744
135.30493321511352,145.96476025941968,290.354215322955,882.7584070057757
3237.0620290017064,1.3282835764541105,171.33306952735376,98.91544700318487
1.5810834159453582,4195.190165982167,894.489087896459,102.57654169745665

Iteration: ,30000
Error:,0.05226959933583504
Absolute Error:,0.1501824606144156
Transition Probabilities
0.2641552876232661,0.7354111550387761,0.0002167786689789723,0.0002167786689789723
0.0001482140210463907,0.0001482140210463907,0.19255330882787602,0.8071502631300312
0.07691434223559938,0.11220989023348268,0.7075943498967083,0.10328141763420967
0.09109144609258805,0.04790471304957703,0.6646332766540491,0.19637056420378582

0.11097137515283817,0.07979665948291742,0.5213505723076514,0.28788139305659294
0.09176346037319105,0.09740766147425453,0.19693854522852974,0.6138903329240247
0.9189569402380477,0.00034754542381430103,0.05182650709744312,0.02886900724069486
0.00028043702832718275,0.8081692945976393,0.17255883704899172,0.018991431325041785

Transition Gammas
1218.5483418061276,3392.4516581938765,1.0,1.0
1.0,1.0,1299.157174661682,5445.842825338331
194.26100145469044,283.4062544942125,1787.1567647755753,260.85579149626255
149.1490132924311,78.43701016821198,1088.240462375674,321.5282789659851

69.62067194185639,50.062433165893154,327.0823409310681,180.60960312110785
145.1133604228149,154.03901542041962,311.4356627209509,970.7969684163293
3523.009627753182,1.3323865575923188,198.6875287429829,110.67525147184624
1.5888256551435467,4578.711009082285,977.6380421679069,107.59660911083196

Iteration: ,32500
Error:,0.05015040237543079
Absolute Error:,0.1480902148151086
Transition Probabilities
0.2641040051651979,0.735495674578597,0.00020016012810248184,0.00020016012810248184
0.0001370426202548989,0.0001370426202548989,0.1928909479436408,0.8068349668158493
0.07589485650150987,0.11227639623732366,0.7062958992244465,0.10553284803672001
0.08931940677318045,0.047392903683921524,0.6734645341977338,0.18982315534516428

0.10920137021481206,0.080399805146754,0.5272058912726437,0.28319293336579027
0.0901603177039681,0.09769568274648027,0.19635260039382862,0.615791399155723
0.9159600569312721,0.0003189089487881698,0.05507287677419543,0.028648157345744253
0.0002607744657503052,0.8070590810855027,0.17431794976213777,0.01836219468660901

Transition Gammas
1319.4636098053297,3674.5363901946735,1.0,1.0
1.0,1.0,1407.525247144751,5887.474752855269
209.77479059993547,310.33404101016237,1952.2149614770506,291.6947487459487
158.01745999258475,83.84411106562737,1191.444938268098,335.8214517880931

74.92895533030593,55.16664668727113,361.74442316369266,194.3139597267197
153.66843855702578,166.51164729373457,334.66161474942675,1049.5493493690456
3838.1757707618203,1.336334036681382,230.773579766185,120.04526023743229
1.5954183723966195,4937.588049001064,1066.4773442784824,112.3399205372749

Iteration: ,35000
Error:,0.05311591994760255
Absolute Error:,0.14679462472044394
Transition Probabilities
0.2641022598444077,0.7355253700196772,0.00018618506795754978,0.00018618506795754978
0.00012712941774726635,0.00012712941774726635,0.19186659739388137,0.8078791437706241
0.07387131088665314,0.11395927884348694,0.7073287841319543,0.10484062613790548
0.0884030633885916,0.04642838789112137,0.6784302638019676,0.18673828491831942

0.11205260974676295,0.08305527870250128,0.5288885183989154,0.27600359315182027
0.09092648967660706,0.09682982581925322,0.1942367255832843,0.6180069589208554
0.9146555704789695,0.0002960944315221071,0.05628525181362944,0.02876308327587891
0.0002430858766767367,0.8085872105117835,0.17327571849785392,0.017893985113685874

Transition Gammas
1418.4932376243141,3950.506762375687,1.0,1.0
1.0,1.0,1509.222655100275,6354.777344899747
220.77225985226698,340.5794105916823,2113.9272101313445,313.3273483166789
168.61156689295316,88.5530764496792,1293.9731432656606,356.1667844085577

83.78538411485833,62.10313570190374,395.46716286339404,206.37687173523767
166.90414089976795,177.74027073206693,356.5398150744025,1134.4100153390257
4138.678530311324,1.339782652877264,254.68227688401836,130.14861447473558
1.6019328734118494,5328.579558991605,1141.8848080380226,117.92113709705664

Iteration: ,37500
Error:,0.051675741581184695
Absolute Error:,0.14555497119517047
Transition Probabilities
0.2630217973929128,0.7366309200927618,0.00017364125716270182,0.00017364125716270182
0.0001186802753382384,0.0001186802753382384,0.1928506988307412,0.8069119406185824
0.07399587051456459,0.11366140319492231,0.7053383893441495,0.10700433694636349
0.08931700880052044,0.047993615235795525,0.683427998868738,0.17926137709494613

0.10794255235319829,0.08219670753992456,0.5319934697285001,0.27786727037837705
0.09338522490553643,0.09517737647795962,0.19124564143917333,0.6201917571773307
0.9140363241128698,0.0002762716562019297,0.05750086746999361,0.02818653676093475
0.00022800747174910266,0.8102675428449811,0.17248927417027926,0.017015175512990574

Transition Gammas
1514.742531185785,4242.257468814216,1.0,1.0
1.0,1.0,1624.9599883478306,6799.040011652197
236.92472519170133,363.92837234828755,2258.3977038235835,342.6133505699803
182.4912768309889,98.05989073902454,1396.3706332144532,366.2643659014641

86.82674010829889,66.11731896031472,427.9244628595261,223.5106428723511
184.70250382188135,188.24712110999863,378.25629112708674,1226.6498315576039
4442.075424327642,1.3426375977387788,279.4453387986345,136.98221716098317
1.6082542344014574,5715.234666574622,1216.6557676602863,120.01680408948604

Iteration: ,40000
Error:,0.05115836090527759
Absolute Error:,0.14432466361109245
Transition Probabilities
0.26333720736086963,0.7363378535652066,0.0001624695369618197,0.0001624695369618197
0.00011161960040183024,0.00011161960040183024,0.1931795657394978,0.8065971950596986
0.07665102654945773,0.11289929178460736,0.7036289933517027,0.10682068831423228
0.08958524471446894,0.04813660185832322,0.6852179538082676,0.17706019961894032

0.10742605901019488,0.08345512407689346,0.5334223807128247,0.27569643620008694
0.09065554563737259,0.0966449410070027,0.19005843034640946,0.6226410830092152
0.911519460982238,0.00025882968046641783,0.059172616674885874,0.029049092662409792
0.00021511698511194274,0.8093081861572464,0.1736870662123136,0.016789630645328058

Transition Gammas
1620.8405113061522,4532.159488693846,1.0,1.0
1.0,1.0,1730.6957294601657,7226.30427053986
262.89746381493757,387.221656549176,2413.3046372113963,366.3732803716283
196.15662510705133,105.4003189336097,1500.3591463101798,387.6925414305717

91.806284797576,71.32072943393759,455.86264126542267,235.61010962023568
192.69015709536583,205.42073553451328,403.97295657168013,1323.4359492908304
4737.414439709512,1.3452082134875019,307.53617522211374,150.97603170322375
1.6144270202695536,6073.760297345592,1303.5004772802517,126.00415239204898

Iteration: ,42500
Error:,0.05109775516007831
Absolute Error:,0.14332194863248202
Transition Probabilities
0.2604600167229085,0.739233657652953,0.00015316281206922958,0.00015316281206922958
0.00010500892575868925,0.00010500892575868925,0.19241579859327193,0.8073741835552107
0.07602574538754231,0.1127150123352112,0.7048385839258283,0.10642065835141827
0.08900640420640167,0.04802483469159626,0.6902227561765361,0.17274600492546593

0.10778436062084852,0.08068301572267925,0.5350580979778451,0.2764745256786271
0.09132984447288822,0.09541102445213925,0.18998792598354503,0.6232712050914275
0.9107679210418322,0.00024293049756919747,0.0597440520953514,0.0292450963652472
0.0002033919723418215,0.809457674431052,0.17422423368903556,0.01611469990757066

Transition Gammas
1700.5434491838698,4826.45655081613,1.0,1.0
1.0,1.0,1832.3756500037327,7688.624349996289
278.1562171615878,412.391635079207,2578.800552562088,389.3624140609452
207.1669255333861,111.78024144459843,1606.5285144952354,402.07509850184465

98.49826459958317,73.73181958466422,488.960493036291,252.6550311054142
205.65310065967358,214.84294787694668,427.80764920732156,1403.4586023738786
5055.0516037415255,1.3483415181445486,331.5984889028078,162.31958533806124
1.6201416593078513,6447.82625731262,1387.8027525403613,128.36345676230633

Iteration: ,45000
Error:,0.049121389123792984
Absolute Error:,0.14197251593073867
Transition Probabilities
0.2613307509726511,0.7383805237494507,0.00014436263894903998,0.00014436263894903998
9.916699722332381e-05,9.916699722332381e-05,0.19151431788562887,0.8082873481199244
0.07481647894149152,0.11052414402021288,0.7085065700916188,0.10615280694667692
0.0910181057811517,0.04956887597264227,0.6911427686019039,0.16827024964430212

0.10720904115044153,0.07992893426626008,0.5380810069066259,0.2747810176766726
0.08980007494529677,0.09580059975423057,0.18785092980072324,0.6265483954997494
0.9090695036904319,0.00022913865071220546,0.06096635811197668,0.029734999546879026
0.00019285557258387462,0.8102370885684016,0.17393414848916305,0.015635907369851546

Transition Gammas
1810.2381119875542,5114.7618880124455,1.0,1.0
1.0,1.0,1931.2303815586868,8150.76961844134
289.74047209687257,428.02492338034654,2743.8210272180595,411.0961225960788
225.03309785667273,122.55405253343359,1708.7808732658943,416.031241581985

103.88155218110475,77.44814865109343,521.3803761027466,266.2525316880775
214.1114955423083,228.41862548248022,447.89543375267056,1493.887550448098
5359.035610046016,1.3507902133110896,359.40143499540386,175.29014095130296
1.6249443900003573,6826.819645394741,1465.5180300482882,131.74356137495363

Iteration: ,46313
Error:,0.0499403288813709
Absolute Error:,0.14075970670809013
Transition Probabilities
0.2602837889177175,0.7394355487191054,0.00014033118158854902,0.00014033118158854902
9.634839579920974e-05,9.634839579920974e-05,0.1916976053711157,0.8081096978372859
0.07490755985004777,0.11030924778678583,0.7082607748167364,0.10652241754642994
0.09065932568448297,0.04972930083689892,0.6927555287062038,0.16685584477241433

0.10434104853797266,0.0785609622984532,0.5449964397213384,0.27210154944223586
0.08953915336861477,0.0953473074014272,0.18735007521806574,0.6277634640118922
0.9086433322890266,0.00022219247580462646,0.06157871323350546,0.029555762001663325
0.00018772582336409072,0.8100147670980269,0.17430249239311912,0.01549501468548984

*,*,*,*,*,*,*,*,*,*,*
Model Num 2
Model States: 
"['diamond', 'x', 'diamond']","['diamond', 'x', 'square']","['square', 'y', 'diamond', 'x', 'diamond']","['square', 'y', 'diamond', 'x', 'square']"
Iteration: ,46313
Error:,0.049228331461898915
Absolute Error:,0.14075970670809013
Transition Probabilities
0.2602837889177175,0.7394355487191054,0.00014033118158854902,0.00014033118158854902
9.634839579920974e-05,9.634839579920974e-05,0.1916976053711157,0.8081096978372859
0.07490755985004777,0.11030924778678583,0.7082607748167364,0.10652241754642994
0.09065932568448297,0.04972930083689892,0.6927555287062038,0.16685584477241433

0.10434104853797266,0.0785609622984532,0.5449964397213384,0.27210154944223586
0.08953915336861477,0.0953473074014272,0.18735007521806574,0.6277634640118922
0.9086433322890266,0.00022219247580462646,0.06157871323350546,0.029555762001663325
0.00018772582336409072,0.8100147670980269,0.17430249239311912,0.01549501468548984

Transition Gammas
1854.782279827654,5269.217720172344,1.0,1.0
1.0,1.0,1989.629446146814,8387.370553853209
299.13379070278916,440.5059183090378,2828.349111907292,425.38369450661753
230.47280583489086,126.42109799024418,1761.1129274688542,424.17847722014693

104.42995893893527,78.62790514363098,545.4608384662023,272.33341080650666
219.45726205821498,233.6928398328445,459.188332778776,1538.6257949644717
5528.925610728,1.3519998731432905,374.6950124145155,179.84131250258147
1.6271674475294997,7021.035451706634,1510.816874113623,134.30748654286367

