0,1,2,3,4,5,6,7,8,9,10,11,12,13,14,15,16,17,18,19,20,21,22,23,24,25,26,27,28,29
github Code Version (SHA):,528ca1c557fe8e6666681dc5c9134b0f84d30530
Environment Observations,Environment Actions,alpha,epsilon,numActions,explore,patience,gainThresh,insertRandActions,useUpdatedPosterior,revisedSplitting,haveControl,confidence_factor
"['diamond', 'square']","['x', 'y']",0.8,0.99,75000,0.5,0,0.01,False,True,False,False,250

Model Num 0
Model States: 
['diamond'],['square']
Iteration: ,0
Error:,0.45175352999838025
Absolute Error:,1
Transition Probabilities
0.5,0.5
0.5,0.5

0.5,0.5
0.5,0.5

Transition Gammas
1.0,1.0
1.0,1.0

1.0,1.0
1.0,1.0

Iteration: ,2500
Error:,0.06732722837756536
Absolute Error:,1
Transition Probabilities
0.49796747967479676,0.5020325203252033
0.14985590778097982,0.8501440922190202

0.15292096219931273,0.8470790378006873
0.8617886178861789,0.13821138211382114

Transition Gammas
245.0,247.0
104.0,590.0

89.0,493.0
636.0,102.0

Iteration: ,2530
Error:,0.06621779592761759
Absolute Error:,1
Transition Probabilities
0.5,0.5
0.14857142857142858,0.8514285714285714

0.15449915110356535,0.8455008488964346
0.8607764390896921,0.1392235609103079


Model Num 1
Model States: 
['square'],"['diamond', 'x', 'diamond']","['diamond', 'x', 'square']"
Iteration: ,0
Error:,0.520560081981021
Absolute Error:,1
Transition Probabilities
0.3333333333333333,0.3333333333333333,0.3333333333333333
0.3333333333333333,0.3333333333333333,0.3333333333333333
0.3333333333333333,0.3333333333333333,0.3333333333333333

0.3333333333333333,0.3333333333333333,0.3333333333333333
0.3333333333333333,0.3333333333333333,0.3333333333333333
0.3333333333333333,0.3333333333333333,0.3333333333333333

Transition Gammas
1.0,1.0,1.0
1.0,1.0,1.0
1.0,1.0,1.0

1.0,1.0,1.0
1.0,1.0,1.0
1.0,1.0,1.0

Iteration: ,2500
Error:,0.06823466832325296
Absolute Error:,1
Transition Probabilities
0.8478260869565217,0.08346393264495988,0.06870998039851837
0.0026737967914438492,0.24409815585876082,0.7532280473497952
0.9956709956709957,0.0021645021645021645,0.0021645021645021645

0.14407988587731815,0.4507641958530619,0.40515591826961994
0.6645571885757952,0.16231611385686673,0.1731266975673382
0.9314728803503347,0.02514375664394522,0.04338336300572014

Transition Gammas
585.0,57.59011352502232,47.40988647497768
1.0,91.29271029117658,281.7072897088235
460.0,1.0,1.0

101.0,315.98570129299634,284.01429870700355
47.91402290063764,11.702857376575347,12.482291508621778
97.59993392448112,2.63456836890335,4.545718347900308

Iteration: ,5000
Error:,0.059449684674756864
Absolute Error:,1
Transition Probabilities
0.849532037437005,0.07572305518020432,0.07474490738279062
0.0013850415512465374,0.2138842792252978,0.7847306792234557
0.9978991596638656,0.0010504201680672268,0.0010504201680672268

0.14356787491115847,0.4512322706394225,0.40519985444941903
0.7382120451257814,0.14139526955063786,0.12039268532358059
0.9103500874444769,0.02944008676180322,0.06020982579372

Transition Gammas
1180.0,105.17932364530381,103.82067635469618
1.0,154.424449600665,566.575550399335
950.0,1.0,1.0

202.0,634.8838047896676,570.1161952103326
114.72418710183345,21.973980872227074,18.710007575670545
157.90600745314373,5.106570124775245,10.44377688502777

Iteration: ,7500
Error:,0.05780923717738221
Absolute Error:,1
Transition Probabilities
0.8508522727272727,0.07084668178244859,0.07830104549027868
0.0009416195856873823,0.21617427303887962,0.7828841073754329
0.9986168741355463,0.0006915629322268327,0.0006915629322268327

0.1438095238095238,0.44197245071279584,0.41421802547768044
0.7434505660427375,0.14220883088280825,0.11434060307445426
0.9024829051985015,0.04154354411989382,0.05597355068160477

Transition Gammas
1797.0,149.62819192453142,165.37180807546858
1.0,229.57707796729017,831.4229220327097
1444.0,1.0,1.0

302.0,928.1421464968713,869.8578535031289
172.47441063189268,32.9912779859971,26.526078568387312
220.33614273873843,10.142623438458013,13.665628657933894

Iteration: ,10000
Error:,0.06181535051945516
Absolute Error:,1
Transition Probabilities
0.8503909026297086,0.06979181024568729,0.07981728712460412
0.0007002801120448175,0.21015472778742775,0.7891449921005275
0.9989528795811519,0.0005235602094240838,0.0005235602094240838

0.1484263233190272,0.44677516372481985,0.40479851295615304
0.7477644896970078,0.14266833978503513,0.10956717051795697
0.8946648502440888,0.046597928456269165,0.05873722129964207

Transition Gammas
2393.0,196.39415403136402,224.60584596863598
1.0,300.100951280447,1126.899048719554
1908.0,1.0,1.0

415.0,1249.1833577745963,1131.816642225404
228.30752360732677,43.55951078485716,33.45305870268388
301.64074219759243,15.710725329808733,19.80354880670057

Iteration: ,12500
Error:,0.058958190465176315
Absolute Error:,1
Transition Probabilities
0.8531587933978372,0.07030531815806595,0.07653588844409684
0.0005602240896358539,0.21181412145717415,0.78762565445319
0.9991529013130029,0.00042354934349851756,0.00042354934349851756

0.1534301167093652,0.4438872276134534,0.4026826556771815
0.7555098608216868,0.1418981834531828,0.10259195572513032
0.9005298912547159,0.044233919996842605,0.05523618874844156

Transition Gammas
2998.0,247.05288800744376,268.9471119925563
1.0,378.0882068010562,1405.9117931989451
2359.0,1.0,1.0

539.0,1559.3758306060618,1414.6241693939385
292.8147537214687,54.995816462512046,39.76180829299316
381.62908005554937,18.745574532929098,23.4081468061786

Iteration: ,15000
Error:,0.061081545742686295
Absolute Error:,1
Transition Probabilities
0.8550106609808102,0.06865824915885195,0.07633108986033782
0.00046816479400749053,0.21407530039905454,0.7854565348069379
0.9992932862190813,0.00035335689045936394,0.00035335689045936394

0.1547026770907368,0.4417515776582,0.40354574525106324
0.7609288671164601,0.14186780890330944,0.09720332398023036
0.8914022407490023,0.04628460182793856,0.06231315742305911

Transition Gammas
3609.0,289.8064696995141,322.1935303004859
1.0,457.2648416523806,1677.7351583476197
2828.0,1.0,1.0

653.0,1864.6334092952623,1703.366590704738
352.7046497179948,65.75836192825493,45.05554437143563
453.1655559978292,23.529879511938386,31.67837743584048

Iteration: ,17500
Error:,0.05783627970974695
Absolute Error:,1
Transition Probabilities
0.8578669910786699,0.06782888597310181,0.07430412294822827
0.00040322580645161285,0.21401001782087434,0.785586756372674
0.9993943064809206,0.0003028467595396729,0.0003028467595396729

0.15412695193672676,0.44094347709457365,0.4049295709686995
0.7699954966575606,0.13378510083814904,0.09621940250429041
0.8833810947504847,0.04927366250123573,0.06734524274827958

Transition Gammas
4231.0,334.53206561933814,366.46793438066186
1.0,530.7448441957685,1948.2551558042321
3300.0,1.0,1.0

760.0,2174.2922855533434,1996.7077144466582
420.64686193386797,73.08650905798892,52.56444991727225
513.4147627171667,28.637499592883174,39.14057254700943

Iteration: ,20000
Error:,0.05817946857300708
Absolute Error:,1
Transition Probabilities
0.8596211718888299,0.06634707276601684,0.07403175534515327
0.00035248501938667573,0.21318707037707094,0.7864604446035424
0.999468791500664,0.0002656042496679947,0.0002656042496679947

0.15320433161725544,0.44323544067030707,0.4035602277124375
0.7766610299507316,0.13197189729196848,0.09136707275729997
0.8863787742932918,0.04640602215698402,0.06721520354972413

Transition Gammas
4856.0,374.79461405522915,418.20538594477085
1.0,604.8117186597508,2231.1882813402517
3763.0,1.0,1.0

863.0,2496.74523729584,2273.254762704161
482.71909516685855,82.024657336385,56.78749028034302
589.7842828898009,30.87793085010042,44.72407482509147

Iteration: ,22500
Error:,0.05399319323421304
Absolute Error:,1
Transition Probabilities
0.8579356270810211,0.06828125316935363,0.07378311974962529
0.00031220730565095187,0.21716285337583974,0.7825249393185094
0.9995288574793875,0.00023557126030624264,0.00023557126030624264

0.14951945801165903,0.442871840184349,0.40760870180399195
0.7854000181515235,0.1283914068918953,0.08620857495658119
0.8901618442160515,0.0440328504053534,0.06580530537859502

Transition Gammas
5411.0,430.64986373911336,465.35013626088664
1.0,695.5726193628154,2506.4273806371884
4243.0,1.0,1.0

949.0,2810.9075696500636,2587.0924303499373
558.8340962263737,91.35407967335013,61.339814055785034
662.5338722936813,32.7729783934735,48.97788427265708

Iteration: ,23585
Error:,0.053551941929456316
Absolute Error:,1
Transition Probabilities
0.8572297400030409,0.06771946823856552,0.07505079175839359
0.0002974419988102316,0.21663694036622252,0.7830656176349673
0.9995517705064993,0.00022411474675033618,0.00022411474675033618

0.14873180249137025,0.44446827003495176,0.40679992747367805
0.7843641681438771,0.12652246195207445,0.08911336990404856
0.888274871679356,0.044333399957157536,0.06739172836348642


Model Num 2
Model States: 
"['diamond', 'x', 'diamond']","['diamond', 'x', 'square']","['square', 'y', 'diamond', 'x', 'diamond']","['square', 'y', 'diamond', 'x', 'square']"
Iteration: ,0
Error:,0.4512280964730363
Absolute Error:,0.55
Transition Probabilities
0.25,0.25,0.25,0.25
0.25,0.25,0.25,0.25
0.25,0.25,0.25,0.25
0.25,0.25,0.25,0.25

0.25,0.25,0.25,0.25
0.25,0.25,0.25,0.25
0.25,0.25,0.25,0.25
0.25,0.25,0.25,0.25

Transition Gammas
1.0,1.0,1.0,1.0
1.0,1.0,1.0,1.0
1.0,1.0,1.0,1.0
1.0,1.0,1.0,1.0

1.0,1.0,1.0,1.0
1.0,1.0,1.0,1.0
1.0,1.0,1.0,1.0
1.0,1.0,1.0,1.0

Iteration: ,2500
Error:,0.04461388359012885
Absolute Error:,0.19174543965149887
Transition Probabilities
0.18196709245282097,0.8123349018491733,0.0028490028490028496,0.0028490028490028496
0.0018181818181818182,0.0018181818181818182,0.16636057324456158,0.8300030631190748
0.07481952983719929,0.04256849031563164,0.6759471177676896,0.2066648620794795
0.11920699348999271,0.01838538795527522,0.7518166638886083,0.11059095466612381

0.08314169341768213,0.11556867380106939,0.32043944847207706,0.4808501843091715
0.07151360103109741,0.0588205001090423,0.445053572945306,0.4246123259145543
0.8688535210734262,0.003858117977698219,0.0636465627581353,0.06364179819074037
0.0038618379236719787,0.8864347832507598,0.08059951664505269,0.02910386218051559

Transition Gammas
63.87044945094015,285.1295505490598,1.0,1.0
1.0,1.0,91.49831528450886,456.50168471549114
12.960480917190443,7.373851554665182,117.08974568431952,35.79915574266528
16.23522705770078,2.5039717826862917,102.39260203319647,15.06177789546501

5.444867936878832,7.568479070131913,20.985265117605664,31.49040683877227
11.109062174541082,9.13729113661617,69.13548949522378,65.96010633851449
300.24260896164174,1.3332182919335067,21.993822422834473,21.992175970227063
1.7659674291439844,405.35490774628227,36.85709343922259,13.308811423193099

Iteration: ,5000
Error:,0.054641702840833806
Absolute Error:,0.17825359430540355
Transition Probabilities
0.19856599708331085,0.7986715719774626,0.0013812154696132605,0.0013812154696132605
0.0008912655971479499,0.0008912655971479499,0.1723004839782735,0.8259169848274305
0.06934793716492063,0.05608174275615967,0.6944209800508497,0.18014934002806984
0.13886100052857078,0.03899733870439255,0.737953033775649,0.08418862699138778

0.11431372614004917,0.09619200848568456,0.3769343283685021,0.41255993700576415
0.09999244511579891,0.056882614252690596,0.36126169789210394,0.4818632427394065
0.8995813707528819,0.0020426708519790944,0.05203481164823164,0.04634114674690739
0.0019849552342790515,0.8683314097086383,0.10446578874034368,0.025217846316739005

Transition Gammas
143.76178188831696,578.2382181116826,1.0,1.0
1.0,1.0,193.3211430236229,926.6788569763772
25.571510716531204,20.679705042709102,256.0623179161688,66.42866345322362
39.92498735157315,11.212422844364706,212.1745157200263,24.20571546354292

15.969752440102164,13.438128684131863,52.658137508757505,57.63507395966126
28.972003821027833,16.481278316281696,104.67266081552519,139.61598492457674
601.1995611386182,1.3651381183368558,34.77540436466103,30.970269052575055
1.839517763913138,804.7088546573348,96.81159090666115,23.370137253559555

Iteration: ,7500
Error:,0.043246338259237516
Absolute Error:,0.16245369258813885
Transition Probabilities
0.1978199514416997,0.8003126349261808,0.0009337068160597573,0.0009337068160597573
0.0005941770647652996,0.0005941770647652996,0.17485678512464742,0.823954860745822
0.06388881061494832,0.05890651267425017,0.706454863661435,0.17074981304936662
0.11249435298837782,0.0414351582979987,0.7659988428648079,0.08007164584881563

0.09883159388563409,0.0807200370212006,0.40812179510780366,0.41232657398536166
0.08313791781684637,0.06069932773510358,0.323818639095221,0.5323441153528291
0.897952079024705,0.0013675780360313057,0.05416719773424874,0.04651314520501503
0.0013374501054905603,0.8632819698030411,0.11263401928152449,0.022746560809943892

Transition Gammas
211.86516799406039,857.1348320059396,1.0,1.0
1.0,1.0,294.28396936478185,1386.7160306352196
36.03459744173811,33.22447938037836,398.4550092225626,96.30639101373954
49.63023893522046,18.280355875826192,337.9432352431988,35.325994681916505

19.256322425066365,15.727471327055788,79.51834596927505,80.33760400821815
36.42445991168031,26.593644486309454,141.87171567566884,233.23108634504368
906.2517159093248,1.3802183554598986,54.667857048652195,46.94305925564289
1.8955959113191037,1223.547529404039,159.63854318676252,32.239174748194245

Iteration: ,10000
Error:,0.040994502740268994
Absolute Error:,0.15596713958920758
Transition Probabilities
0.20262036744839243,0.795985904328611,0.0006968641114982575,0.0006968641114982575
0.00044483985765124526,0.00044483985765124526,0.1758498050178035,0.8232605152668939
0.05703654296462698,0.06278647763972399,0.7189033907198709,0.1612735886757781
0.10383944888016206,0.03957639140164573,0.7706480391142869,0.08593612060390529

0.09927454916830938,0.07426973596997072,0.4244936363133782,0.4019620785483416
0.07302298355997461,0.06766582971625466,0.2982609505260968,0.5610502361976739
0.9004509413446867,0.0010321965369008612,0.05443322310109708,0.04408363901731546
0.0010248728206042092,0.8635578170449214,0.11649238494216925,0.018924925192305115

Transition Gammas
290.7602272884433,1142.2397727115574,1.0,1.0
1.0,1.0,395.31036168002254,1850.6896383199787
44.136362195861516,48.58581137759077,556.3061642134131,124.7977025331813
62.94418126198916,23.98995353832747,467.1424048021246,52.091751358262165

24.890616971870184,18.621283764243884,106.4311910453433,100.78196494653446
42.344940705869575,39.23840697079931,172.95708349866086,325.34467679333045
1216.3238998117033,1.3942850848270687,73.52808149967022,59.54792345195309
1.9284294488662956,1624.8946129787528,219.1953393385025,35.609670121720214

Iteration: ,12500
Error:,0.043368594447167313
Absolute Error:,0.15436948754759333
Transition Probabilities
0.20614481056341757,0.792748994746317,0.0005530973451327428,0.0005530973451327428
0.00035587188612099614,0.00035587188612099614,0.17619869117399772,0.8230895650537603
0.053543085372274486,0.0673937910082714,0.722536131319594,0.15652699229986
0.10741373292358547,0.0385266216400175,0.7750789254197689,0.07898072001662813

0.11263819523392642,0.06930786254445095,0.427716361759701,0.39033758046192163
0.07502332216609167,0.06593160417501744,0.28630845940375355,0.5727366142551373
0.9036943607149192,0.0008310477634765812,0.053342202088747334,0.042132389432857055
0.000829091107725728,0.8614408689396217,0.12045694787654086,0.017273092076111607

Transition Gammas
372.70981749865933,1433.2901825013425,1.0,1.0
1.0,1.0,495.11832219893404,2312.8816778010682
51.94201472978497,65.37855002021115,700.9305144607498,151.84644820371685
81.0293415154497,29.063199810087074,584.6937187626215,59.58042385433421

35.888953176313414,22.082976635433255,136.27963807532277,124.36995389583397
54.614834381845526,47.996323524252674,208.424375793967,416.9358864529312
1527.78826391429,1.4049717194066569,90.1804790040526,71.22913775323593
1.9574606788426996,2033.8375510055785,284.3954503486667,40.78128232947234

Iteration: ,15000
Error:,0.04171729008504125
Absolute Error:,0.15142763867165396
Transition Probabilities
0.20758332270130672,0.7915046845946349,0.00045599635202918327,0.00045599635202918327
0.0002943773918163086,0.0002943773918163086,0.1735260292223522,0.8258852159940151
0.05716800731028537,0.07325756618374137,0.7208578097346485,0.14871661677132475
0.10247064849316448,0.03947527270967291,0.7818173893471991,0.0762366894499635

0.1081187428412804,0.07090042279396698,0.4361468241674146,0.3848340101973381
0.0792829707763174,0.06614634589440348,0.275876160665558,0.5786945226637211
0.902130693108857,0.0006950845978091115,0.053535782816630864,0.043638439476703
0.0006950697253395069,0.8552783183012342,0.12732370187281147,0.01670291010061477

Transition Gammas
455.2302266839661,1735.769773316036,1.0,1.0
1.0,1.0,589.4679212683302,2805.5320787316687
67.22502495945578,86.14506516628163,847.6713905490941,174.87890071234708
93.14318669286263,35.88200865142374,710.6519196133546,69.29719195402011

39.26575237109515,25.74908264074751,158.396525386333,139.76112329170357
68.0873220502755,56.805736607267455,236.91933858311302,496.9763361226738
1829.4843616342844,1.4096032996309775,108.56839058801116,88.49698075744202
1.9743151024643428,2429.380591720695,361.6573968696077,47.44388435367464

Iteration: ,17500
Error:,0.040543459350726035
Absolute Error:,0.1483904461975685
Transition Probabilities
0.20962815580898864,0.7895951451618852,0.0003883495145631064,0.0003883495145631064
0.0002516356316054353,0.0002516356316054353,0.17158940546169577,0.8279073232750933
0.0599071903125293,0.07322011301676158,0.719216901858414,0.14765579481229493
0.10468014849248823,0.040067125491132366,0.7822641115069043,0.07298861450947516

0.10175625670530823,0.06593001359772742,0.45776975844780227,0.3745439712491621
0.08044391866903107,0.0652279824770294,0.26936311360839377,0.5849649852455457
0.9029874635346486,0.000598086175501242,0.05452038754122255,0.041894062748627385
0.0006005267704652624,0.8535270081760555,0.1301656155944841,0.01570684945899495

Transition Gammas
539.7925012081463,2033.2074987918566,1.0,1.0
1.0,1.0,681.896297304779,3290.103702695221
82.85035621844928,101.26184209518956,994.6615123566672,204.20478967711406
111.19165623672741,42.559454759691185,830.9239471440607,77.52878698213688

42.90715710834076,27.800447296182444,193.0259581192163,157.93247057928892
79.79459424831957,64.70147752007506,267.18887781035386,580.2432852529855
2138.847281609249,1.4166475641107488,129.13887223679282,99.23172341144107
1.9898883664648315,2828.222733046855,431.3130686655707,52.045768064683514

Iteration: ,20000
Error:,0.04298050988774867
Absolute Error:,0.14725854496790047
Transition Probabilities
0.20860028874091396,0.790714545106294,0.0003425830763960257,0.0003425830763960257
0.00021929824561403496,0.00021929824561403496,0.16881292663377778,0.8307484768749942
0.06013729493749752,0.07441984438202458,0.7192026119389527,0.1462402487415252
0.10406466074066723,0.04289169683948975,0.7780504381337549,0.07499320428608812

0.10124593347830053,0.07027655644949873,0.46334186677669653,0.3651356432955041
0.08321950409366718,0.0641590225396247,0.2612451436887561,0.5913763296779521
0.9044784338045472,0.0005293821197433543,0.05452117682382947,0.04047100725187999
0.0005247707103167193,0.8548557257916981,0.12973176874124082,0.014887734756744259

Transition Gammas
608.9042428347284,2308.0957571652743,1.0,1.0
1.0,1.0,769.7869454500271,3788.213054549976
94.51130726484344,116.95765142581655,1130.2932583397117,229.8300430317388
125.70790523369966,51.812260985002105,939.8684437908778,90.59020180789378

48.941879455678844,33.971406417510465,223.9776059293728,176.5051101333406
95.25940646844786,73.4413221189275,299.04116350591255,676.9345573269015
2431.5624280140087,1.4231690047222463,146.57247772983374,108.80058272215173
2.0079442801045695,3270.957450887656,496.39615525532105,56.9653398347568

Iteration: ,22500
Error:,0.04487475317051962
Absolute Error:,0.1456669837648984
Transition Probabilities
0.20739283212748802,0.79199796896907,0.00030459945172098653,0.00030459945172098653
0.0001945903872348703,0.0001945903872348703,0.16749089249705748,0.8321199267284728
0.058177411354901336,0.0781346140818019,0.7163599383950086,0.1473280361682883
0.10531026441652724,0.04563498015867716,0.7784030662951672,0.07065168912962833

0.10284079193348666,0.07047004543014411,0.4721648920514706,0.35452427058489877
0.0847782091431524,0.06632164802006395,0.25419973025752096,0.5947004125792628
0.9044409954769171,0.00047097461524536353,0.055678707887394645,0.039409322020442936
0.00047133689179653163,0.8539185638160224,0.13173500832778093,0.013875090964400243

Transition Gammas
680.870667874544,2600.12933212546,1.0,1.0
1.0,1.0,860.7356965423797,4276.264303457629
104.00931345975755,139.68871042603823,1280.705064857821,263.39239815535416
144.62366385648298,62.67098527510693,1068.9888970315837,97.02668772306791

56.11498608067211,38.45191722147019,257.63635078176543,193.4458509615402
108.48476708770741,84.86719182969065,325.2816827515236,760.9966806055826
2742.1751594696275,1.4279481990813434,168.81230554976088,119.48514545054816
2.019822543278066,3659.3018610217,564.5247469282303,59.45900269573518

Iteration: ,25000
Error:,0.04410797535853226
Absolute Error:,0.14477948892493392
Transition Probabilities
0.20933323682880914,0.7901201657401988,0.0002732987154960371,0.0002732987154960371
0.00017470300489168378,0.00017470300489168378,0.16690978521105093,0.8327408087791657
0.057473876455856464,0.07417631511636906,0.7211933007201259,0.14715650770764852
0.10461127889331194,0.04550040932078539,0.7800018763487128,0.06988643543718984

0.10187610264090095,0.07786758164634279,0.470728500373686,0.34952781533907035
0.08559154284628105,0.06510174913411039,0.24666716136960545,0.6026395466500031
0.9053136835311447,0.000425203995889371,0.056210599443962075,0.03805051302900385
0.0004240789341664271,0.8532764336365672,0.13330122241601353,0.012998265013252826

Transition Gammas
765.950313556613,2891.0496864433885,1.0,1.0
1.0,1.0,955.3916105480574,4766.608389451954
114.61684938858674,147.92556309340262,1438.2343601302962,293.4657677637695
158.45505602247025,68.91962304870852,1181.4714658112161,105.85721883492474

60.91222718155003,46.5574133714032,281.4509056815912,208.9844148165976
121.76788083592773,92.61781908768637,350.9241276995598,857.3527017182813
3047.7831964684606,1.4314702376839603,189.23575724660228,128.09893005755342
2.0305894840178067,4085.6878602290167,638.2775437236153,62.23874406369252

Iteration: ,27500
Error:,0.042116159827121954
Absolute Error:,0.14218881658819096
Transition Probabilities
0.20916526873371474,0.7903390683170908,0.00024783147459727387,0.00024783147459727387
0.0001589319771137949,0.0001589319771137949,0.16750883555642446,0.832173300489348
0.05707268402165332,0.07537807436680269,0.7263605003637149,0.14118874124782912
0.10173366566470744,0.04424526072461036,0.7838137089502544,0.07020736466042786

0.10142134335548125,0.07361009773428007,0.47842625458237176,0.3465423043278669
0.08409103335238176,0.06427793896065237,0.24141263751817713,0.6102183901687886
0.9057771844437431,0.00038626231119287036,0.05598682433309543,0.03784972891196864
0.00038787369243189373,0.8538068676769107,0.13349381357743248,0.012311445053224993

Transition Gammas
843.981859340539,3189.018140659461,1.0,1.0
1.0,1.0,1053.9655933210254,5236.034406678991
126.41897237388906,166.96636691133028,1608.9263997839337,312.74042714622664
169.2325359154368,73.6013749798762,1303.8631881024644,116.78897328424692

65.83178367155422,47.77972633531674,310.5426594880185,224.9378410577038
132.13332798395803,101.00075658756492,379.33479874115716,958.8440464530418
3365.242526738966,1.4350840123015498,208.00837713582152,140.62345524669072
2.0404851534270474,4491.6174295442715,702.2702235133876,64.76675613350469

Iteration: ,30000
Error:,0.0441500891201612
Absolute Error:,0.14123218085591221
Transition Probabilities
0.21120707546502518,0.7883393069346118,0.00022680880018144704,0.00022680880018144704
0.00014581510644502723,0.00014581510644502723,0.16674789111584243,0.8329604786712675
0.05979678736757596,0.0772815703479974,0.726530800627315,0.13639084165711168
0.10053221683911501,0.04504255615954297,0.7842334889740096,0.07019173802733256

0.09893116020726805,0.08004661171886596,0.47893392433643833,0.3420883037374276
0.08378678137918003,0.06514734302176037,0.23530826591041562,0.6157576096886439
0.9064711970054798,0.0003550759803727795,0.056170989288749355,0.037002737725398076
0.0003571740382643507,0.8518653888441458,0.136047925920823,0.01172951119676676

Transition Gammas
931.211995725296,3475.788004274704,1.0,1.0
1.0,1.0,1143.557037272451,5712.442962727571
144.8695295164766,187.22987018997648,1760.164381726966,330.43375624450397
182.05735560990408,81.5691618283942,1420.1962283575751,127.11270687853064

70.78059786678105,57.26959051931927,342.65472508555854,244.7481118288682
143.96577168573387,111.93874925160335,404.3159974425596,1058.0191527946254
3672.738196765703,1.438656981244659,227.58730624031045,149.92353720440522
2.0502027785111294,4889.764092632956,780.9241597988422,67.32817581884372

Iteration: ,32500
Error:,0.04327978592863682
Absolute Error:,0.13992754490672696
Transition Probabilities
0.2123044725805149,0.7872756239972721,0.0002099517111064455,0.0002099517111064455
0.00013453518094981795,0.00013453518094981795,0.16490317447693387,0.8348277551611665
0.05922136367653196,0.07633491448669419,0.7303125975442618,0.13413112429251203
0.10084597809758117,0.045065711421265656,0.7848516648067497,0.06923664567440341

0.09616959203026627,0.07863611142206163,0.48204984994036837,0.3431444466073037
0.08283011337411324,0.0644752938155101,0.2313123932871593,0.6213821995232174
0.9065817681063061,0.00032959977149626534,0.05669672326265315,0.036391908859544436
0.00032980918675847644,0.8513790553966823,0.13678281426011699,0.011508321156442295

Transition Gammas
1011.2062029009925,3749.7937970990074,1.0,1.0
1.0,1.0,1225.7252958870533,6205.2747041129705
157.53620511897608,203.06038226338214,1942.72249109483,356.80550054198727
197.15283103404812,88.10299386127988,1534.3767850484846,135.35691718713488

74.02343458617212,60.527604693695444,371.0422887424216,264.12434492859154
153.76437864466612,119.690811561446,429.4042948603107,1153.5230837967733
3965.8704159726685,1.4418445515607516,248.02159648502803,159.19754820165022
2.058912221128988,5314.936067118,853.8992218152129,71.84342954954802

Iteration: ,35000
Error:,0.04284237638076237
Absolute Error:,0.1387625113740757
Transition Probabilities
0.21336564147797174,0.7862437335220283,0.00019531249999999996,0.00019531249999999996
0.00012437810945273596,0.00012437810945273596,0.163165979775958,0.8365852640051366
0.0605074454624618,0.07647239661824946,0.730230397869253,0.13278976005003573
0.10053049623488236,0.04553691855386329,0.7872103251254464,0.06672226008580787

0.09555784003737333,0.0764909037626738,0.4847477858792555,0.34320347032069737
0.08190994421066823,0.06601821099221553,0.22799711310306048,0.6240747316940557
0.9068500287847079,0.000308090471245926,0.056910858675879694,0.0359310220681664
0.0003067471653814005,0.8518720111510709,0.1365869813743116,0.011234260309235989

Transition Gammas
1092.4320843672156,4025.567915632785,1.0,1.0
1.0,1.0,1311.8544773987062,6726.145522601318
176.034609401115,222.48152050993872,2124.4628967435633,386.32590360103376
212.60559595705655,96.30315247397306,1664.8213883855365,141.10669299792806

78.36810940339552,62.731090532114884,397.5473650511729,281.4652057769214
161.54404980469826,130.20212951328705,449.6594076504224,1230.809769316235
4250.953263245689,1.4442059354322383,266.7755336861545,168.43038061885156
2.0652159530900813,5735.341238549544,919.5899579639605,75.63614673652553

Iteration: ,37500
Error:,0.04448209560880903
Absolute Error:,0.1378049979328128
Transition Probabilities
0.21230677297007944,0.7873283966760352,0.0001824151769427216,0.0001824151769427216
0.00011611704598234987,0.00011611704598234987,0.16240119929010124,0.8373665666179342
0.06051549381874674,0.07840321158009705,0.7316936229677015,0.12938767163345472
0.10051029234965035,0.04486783310209303,0.7889923294392868,0.06562954510896984

0.09754567447324301,0.07832638918373877,0.4864290810499926,0.3376988552930257
0.08096317359611808,0.06639606641378638,0.22551823816429567,0.6271225218257999
0.9063469365303534,0.00028760118683772364,0.05774229299459928,0.0356231692882097
0.0002882532848439482,0.8508628560971994,0.13813547901654502,0.010713411601411706

Transition Gammas
1163.8657294219756,4316.134270578025,1.0,1.0
1.0,1.0,1398.599128286356,7211.40087171367
190.5476469798359,246.871446294332,2303.91407833899,407.4083316877252
228.3164684313903,101.92055918415153,1792.2536893074778,149.082304048146

86.45674029203246,69.42229190827621,431.1321128069807,299.3094505384182
170.04307588808757,139.4484783438789,473.64515474178233,1317.1153974510983
4563.094771743295,1.4479570891807532,290.70937921496625,179.34842716436123
2.0719319115244557,6115.905686323838,992.902152851582,77.00678724365025

Iteration: ,40000
Error:,0.04348781915688699
Absolute Error:,0.136398604166681
Transition Probabilities
0.210508658405025,0.789147462640367,0.00017193947730398894,0.00017193947730398894
0.00010862480990658236,0.00010862480990658236,0.1615282602284993,0.8382544901516875
0.06024489070355061,0.07802120529793273,0.7319819182742359,0.1297519857242809
0.09984999838292304,0.04584333189844131,0.7891959691899516,0.06511070052868406

0.09600990355273263,0.07957786363795566,0.4917785511929833,0.33263368161632834
0.08019763381151579,0.06509857829262106,0.22382589085024243,0.6308778970456207
0.9048876929329474,0.0002701298147208331,0.05934450435224793,0.035497672900083876
0.0002702613096027625,0.8509537448178703,0.13852115725684028,0.010254836615686633

Transition Gammas
1224.3183572836258,4589.681642716376,1.0,1.0
1.0,1.0,1487.0291636635689,7716.970836336456
204.27887586583952,264.5549510644269,2482.010369227362,439.96411107364526
241.57686807565733,110.91325710098751,1909.3790047316402,157.5286866967206

90.55634269769789,75.05767659470041,463.84451358967794,313.7394013597863
178.6852126175608,145.04359730433382,498.6977170659071,1405.634378618405
4859.108564025589,1.4505558052781575,318.67091527260885,190.61707628347423
2.077721460286349,6541.982868054046,1064.92631727148,78.83738201172605

Iteration: ,42500
Error:,0.04383004551773552
Absolute Error:,0.13534350703742123
Transition Probabilities
0.20971704273943415,0.7899590706208898,0.00016194331983805668,0.00016194331983805668
0.00010209290454313401,0.00010209290454313401,0.1619759210482176,0.8378198931426962
0.059971806128092386,0.07891688576646219,0.7316278952591819,0.12948341284626358
0.1003090252702415,0.0457356748869454,0.7889503378613455,0.06500496198146749

0.09561718155991891,0.0814010255168357,0.49621684832337115,0.3267649445998743
0.07823098252411301,0.06452467478014565,0.22062151770607172,0.6366228249896696
0.9058342841483845,0.0002544716498795893,0.05902606927506801,0.03488517492666784
0.0002543572066449124,0.8510543599518342,0.13833491281235563,0.010356370029165228

Transition Gammas
1295.002738916006,4877.997261083994,1.0,1.0
1.0,1.0,1586.554146667295,8206.445853332729
215.16400004393677,283.1342577252898,2624.8998429605786,464.55444393048043
257.1659360970588,117.25423124833581,2022.660988117438,166.65561103679897

95.581249254657,81.37043554911456,496.0303733093708,326.64214849203364
186.1237397106004,153.51429045377617,524.8930872551135,1514.6252437221049
5171.835625296984,1.452898800041193,337.00769913455576,199.17593497808392
2.0842960912229347,6973.8510626992875,1133.5669307651026,84.86388829226902

Iteration: ,42531
Error:,0.04438203304430886
Absolute Error:,0.1353699812337417
Transition Probabilities
0.20974115506344362,0.7899352203410871,0.00016181229773462783,0.00016181229773462783
0.00010203040506070785,0.00010203040506070785,0.1619898282648182,0.8378061109250603
0.059941802419609384,0.07887740389343229,0.7317621609902892,0.12941863269666917
0.10045845267324406,0.04574797132622193,0.7886658825100421,0.06512769349049204

0.09595500834085219,0.08163464848307557,0.49587229271478317,0.3265380504612891
0.07814586203800267,0.06445446766390875,0.22043183923189613,0.6369678310661925
0.9059002095354305,0.0002542934943602602,0.05898474514316321,0.034860751827045976
0.0002541735907552965,0.851049733971298,0.13834624762475503,0.010349844813191556

*,*,*,*,*,*,*,*,*,*,*
Model Num 2
Model States: 
"['diamond', 'x', 'diamond']","['diamond', 'x', 'square']","['square', 'y', 'diamond', 'x', 'diamond']","['square', 'y', 'diamond', 'x', 'square']"
Iteration: ,42531
Error:,0.04402226318136503
Absolute Error:,0.1353699812337417
Transition Probabilities
0.20974115506344362,0.7899352203410871,0.00016181229773462783,0.00016181229773462783
0.00010203040506070785,0.00010203040506070785,0.1619898282648182,0.8378061109250603
0.059941802419609384,0.07887740389343229,0.7317621609902892,0.12941863269666917
0.10045845267324406,0.04574797132622193,0.7886658825100421,0.06512769349049204

0.09595500834085219,0.08163464848307557,0.49587229271478317,0.3265380504612891
0.07814586203800267,0.06445446766390875,0.22043183923189613,0.6369678310661925
0.9059002095354305,0.0002542934943602602,0.05898474514316321,0.034860751827045976
0.0002541735907552965,0.851049733971298,0.13834624762475503,0.010349844813191556

Transition Gammas
1296.2003382920816,4881.799661707918,1.0,1.0
1.0,1.0,1587.662306823487,8211.337693176536
215.16400004393677,283.1342577252898,2626.6956828771963,464.55444393048043
257.85692954092883,117.42597168279781,2024.3489471134342,167.1698759502574

95.98559812171924,81.6606730340754,496.0303733093708,326.64214849203364
186.1237397106004,153.51429045377617,525.0130614615839,1517.096768805698
5175.835625296984,1.452898800041193,337.00769913455576,199.17593497808392
2.0842960912229347,6978.8510626992875,1134.4787721760129,84.8716856255437

