0,1,2,3,4,5,6,7,8,9,10,11,12,13,14,15,16,17,18,19,20,21,22,23,24,25,26,27,28,29
github Code Version (SHA):,ddb97f21bb9c22f159e8ea0ce9d830001061547e
Environment Observations,Environment Actions,alpha,epsilon,numActions,explore,patience,gainThresh,insertRandActions,useBudd,revisedSplitting,haveControl,confidence_factor
"['square', 'diamond']","['x', 'y']",0.99,0.99,75000,0.5,0,0.01,False,True,False,False,250

Model Num 0
Model States: 
['square'],['diamond']
Iteration: ,0
Error:,0.675687722450308
Absolute Error:,1
Transition Probabilities
0.5,0.5
0.5,0.5

0.5,0.5
0.5,0.5

Transition Gammas
1.0,1.0
1.0,1.0

1.0,1.0
1.0,1.0

Iteration: ,2500
Error:,0.2637111845668316
Absolute Error:,1
Transition Probabilities
0.9802890932982917,0.01971090670170828
0.978448275862069,0.021551724137931036

0.22122762148337596,0.7787723785166241
0.3406813627254509,0.6593186372745491

Transition Gammas
746.0,15.0
454.0,10.0

173.0,609.0
170.0,329.0

Iteration: ,2683
Error:,0.2611840324598345
Absolute Error:,1
Transition Probabilities
0.9782345828295043,0.02176541717049577
0.978,0.022

0.22129186602870812,0.7787081339712919
0.34220532319391633,0.6577946768060836


Model Num 1
Model States: 
['diamond'],"['square', 'y', 'diamond']","['square', 'y', 'square']"
Iteration: ,0
Error:,0.6161533769454429
Absolute Error:,1
Transition Probabilities
0.3333333333333333,0.3333333333333333,0.3333333333333333
0.3333333333333333,0.3333333333333333,0.3333333333333333
0.3333333333333333,0.3333333333333333,0.3333333333333333

0.3333333333333333,0.3333333333333333,0.3333333333333333
0.3333333333333333,0.3333333333333333,0.3333333333333333
0.3333333333333333,0.3333333333333333,0.3333333333333333

Transition Gammas
1.0,1.0,1.0
1.0,1.0,1.0
1.0,1.0,1.0

1.0,1.0,1.0
1.0,1.0,1.0
1.0,1.0,1.0

Iteration: ,2500
Error:,0.1281961974071358
Absolute Error:,1
Transition Probabilities
0.02479338842975206,0.9594011944795245,0.015805417090723483
0.023620738397199255,0.9597824551031139,0.016596806499686815
0.029829757341824623,0.9434526934144628,0.02671754924371255

0.6613545816733067,0.006190996602171354,0.33245442172452183
0.9968354430379747,0.0015822784810126582,0.0015822784810126582
0.0020964360587002098,0.02614587303231971,0.9717576909089801

Transition Gammas
12.0,464.35017812808996,7.649821871910168
5.684569728615768,230.98136047188956,3.994189437828912
4.824251351014536,152.58095728594427,4.320925965229243

332.0,3.1078802942900197,166.89211970570997
630.0,1.0,1.0
1.0,12.471581436416502,463.5284185635835

Iteration: ,5000
Error:,0.1226187145259208
Absolute Error:,1
Transition Probabilities
0.020429009193054133,0.9686679468132416,0.010903043993704202
0.01591340337758233,0.9716758122106051,0.012410784411812542
0.024981637532876178,0.9515389698187904,0.023479392648333475

0.6597077244258872,0.0063878993636859675,0.33390437621042673
0.9984239558707644,0.0007880220646178094,0.0007880220646178094
0.0010070493454179257,0.02068628429036923,0.9783066663642128

Transition Gammas
20.0,948.3259199301638,10.674080069836416
7.634000706235924,466.1337151233002,5.9537193092325715
7.774759572758064,296.13698080100374,7.307232462841642

632.0,6.119607590411157,319.8803924095888
1267.0,1.0,1.0
1.0,20.54148030033664,971.4585196996632

Iteration: ,7500
Error:,0.12925575403328732
Absolute Error:,1
Transition Probabilities
0.020093770931011383,0.9693980233732225,0.010508205695766219
0.017481918685826155,0.9687631498770198,0.013754931437153955
0.025812083596581076,0.9515454147107383,0.022642501692680693

0.6626760563380282,0.007841320046607871,0.329482623615364
0.9989567031820553,0.0005216484089723526,0.0005216484089723526
0.0006743088334457183,0.02333047208512822,0.9759952190814261

Transition Gammas
30.0,1447.3112488962213,15.688751103778968
12.52804952908006,694.2437464514131,9.857182464387007
11.717880697749768,431.9719330813006,10.278989394276277

941.0,11.134674466183176,467.86532553381693
1915.0,1.0,1.0
1.0,34.599090102245135,1447.4009098977544

Iteration: ,10000
Error:,0.12185886756635866
Absolute Error:,1
Transition Probabilities
0.01952929394091136,0.9696025599768595,0.010868146082229174
0.016978210405758545,0.9668140485215548,0.016207741072686674
0.025403068113236844,0.9562913256511965,0.018305606235566655

0.6612819176654506,0.0073770803861820744,0.3313410019483673
0.9992239037640668,0.00038804811796662784,0.00038804811796662784
0.0005112474437627813,0.024886351847968197,0.9746024007082691

Transition Gammas
39.0,1936.296312273789,21.703687726211665
15.481470218575065,881.5830727371481,14.77892279165474
15.647157261780725,589.0328165810845,11.275437213463759

1269.0,14.156617261083404,635.843382738917
2575.0,1.0,1.0
1.0,48.677704214625784,1906.3222957853739

Iteration: ,12125
Error:,0.12394065819885787
Absolute Error:,1
Transition Probabilities
0.018272425249169433,0.9714636296716814,0.010263945079149154
0.016809200181867344,0.9678822577791474,0.015308542038985238
0.02740529736349486,0.9549555226555505,0.017639179980954635

0.6594017094017093,0.007339480228418508,0.3332588103698722
0.9993591797500802,0.0003204101249599487,0.0003204101249599487
0.00041999160016799666,0.02593473809564963,0.9736452703041824


Model Num 2
Model States: 
"['square', 'y', 'diamond']","['square', 'y', 'square']","['diamond', 'y', 'diamond']","['diamond', 'y', 'square', 'y', 'square']"
Iteration: ,0
Error:,0.6758043438108735
Absolute Error:,0.74
Transition Probabilities
0.25,0.25,0.25,0.25
0.25,0.25,0.25,0.25
0.25,0.25,0.25,0.25
0.25,0.25,0.25,0.25

0.25,0.25,0.25,0.25
0.25,0.25,0.25,0.25
0.25,0.25,0.25,0.25
0.25,0.25,0.25,0.25

Transition Gammas
1.0,1.0,1.0,1.0
1.0,1.0,1.0,1.0
1.0,1.0,1.0,1.0
1.0,1.0,1.0,1.0

1.0,1.0,1.0,1.0
1.0,1.0,1.0,1.0
1.0,1.0,1.0,1.0
1.0,1.0,1.0,1.0

Iteration: ,2500
Error:,0.030650060675352257
Absolute Error:,0.032028109872601476
Transition Probabilities
0.9637725909336926,0.018725413503657636,0.011588427821688192,0.005913567740961542
0.9603382105449796,0.012453509743637011,0.022456958110847795,0.004751321600535542
0.9349783251124164,0.02256272780084025,0.030454449400108923,0.012004497686634325
0.9405945193470207,0.03193817095676956,0.013733654848104892,0.013733654848104892

0.0021739130434782613,0.0021739130434782613,0.9560015944263163,0.03965057948672713
0.023412036832429498,0.9741004009785158,0.0012437810945273634,0.0012437810945273634
0.0029239766081871348,0.0029239766081871348,0.023915707453510595,0.9702363393301151
0.021761742364891985,0.9710697988537461,0.0035842293906810044,0.0035842293906810044

Transition Gammas
162.97650304365735,3.166517121965512,1.9596339011082202,1.0
243.4161228517639,3.1565806966823837,5.692146385891424,1.2043135113491659
106.72922206822018,2.575570279269466,3.4764225070124413,1.3703319798993014
68.48828878765752,2.32554052872362,1.0,1.0

1.0,1.0,439.76073343610545,18.23926656389448
18.823277613273312,783.1767223867266,1.0,1.0
1.0,1.0,8.179171949100622,331.8208280508993
6.0715261198048625,270.9284738801951,1.0,1.0

Iteration: ,5000
Error:,0.031206984404831713
Absolute Error:,0.030235623915211833
Transition Probabilities
0.9526753196887856,0.01828801826912248,0.02541599506839365,0.003620666973698432
0.9682473541347799,0.012082804360223897,0.01726039144102664,0.0024094500639696777
0.9403421724152574,0.020305719606071686,0.027601970589890442,0.011750137388780491
0.9445279558763615,0.022454876951020542,0.016421306400729602,0.0165958607718884

0.0011135857461024503,0.0011135857461024503,0.9605772870470674,0.03719554146072772
0.02166823920123167,0.9771254881811567,0.0006031363088057903,0.0006031363088057903
0.0014858841010401188,0.0014858841010401188,0.022630012534172003,0.9743982192637477
0.018593450304717245,0.9777233084429808,0.001841620626151013,0.001841620626151013

Transition Gammas
320.7070817924456,6.156448949231915,8.555999552815608,1.2188554854726739
483.95830581831507,6.039338504501739,8.627247741900277,1.2043135113491659
207.9584728796729,4.490648791338826,6.104228674121865,2.5985653937235784
139.57203799208386,3.3181367681251106,2.4265615290504945,2.4523552699043116

1.0,1.0,862.5984037682663,33.401596231733485
35.925940595642096,1620.0740594043575,1.0,1.0
1.0,1.0,15.229998435497757,655.7700015645022
10.096243515461465,530.9037564845386,1.0,1.0

Iteration: ,7500
Error:,0.02712341849542306
Absolute Error:,0.029088340577646404
Transition Probabilities
0.9591910507407668,0.017056416223631035,0.021478747731934332,0.002273785303667838
0.9698607599946588,0.011902588914747965,0.014040020261728871,0.004196630828864207
0.9538985218525834,0.019562999135826115,0.018614360317759187,0.007924118693831356
0.9479382114223793,0.026961298470584105,0.014536997998521518,0.010563492108515071

0.0007352941176470591,0.0007352941176470591,0.960610262156475,0.037919149608230895
0.020342577009355586,0.9788275474719722,0.00041493775933610006,0.00041493775933610006
0.0009727626459143965,0.0009727626459143965,0.03045481217906082,0.9675996625291103
0.027152515138580233,0.9703934971313585,0.0012269938650306745,0.0012269938650306745

Transition Gammas
514.1713564274447,9.143038458003318,11.51361540244008,1.2188554854726739
729.3316097231175,8.950701679191015,10.558041937987362,3.1558504520236994
312.8130437949939,6.415316897180733,6.104228674121865,2.5985653937235784
220.06749704024952,6.25916900477473,3.3748199254606197,2.4523552699043116

1.0,1.0,1306.4299565328054,51.57004346719399
49.02561059254691,2358.9743894074504,1.0,1.0
1.0,1.0,31.307546920074536,994.6924530799258
22.129299837942895,790.8707001620573,1.0,1.0

Iteration: ,10000
Error:,0.026292240016243723
Absolute Error:,0.02773025761541283
Transition Probabilities
0.9603161059778544,0.015902211069907628,0.020667988052950927,0.0031136948992870894
0.9661807886394611,0.0126559176947168,0.017027545223799474,0.004135748442022595
0.9555086563690215,0.01953238248909984,0.018588675096837787,0.006370286045040744
0.9590052302362307,0.021246633508835315,0.01143717178383005,0.00831096447110384

0.0005571030640668528,0.0005571030640668528,0.9594751168240893,0.03941067704777701
0.019110984098039574,0.9802736312865757,0.0003076923076923082,0.0003076923076923082
0.0007320644216691065,0.0007320644216691065,0.0317542131587669,0.966781657997895
0.025690662740574157,0.9724861832029081,0.0009115770282588879,0.0009115770282588879

Transition Gammas
672.3815423099317,11.134201685011762,14.47104093847912,2.180106077189442
981.6816667477923,12.858962342097056,17.30072588118957,4.202100136488376
407.45731201781985,8.329188870518097,7.926763968535901,2.7164794493441935
282.9781715964014,6.269343808925881,3.3748199254606197,2.4523552699043116

1.0,1.0,1722.2578346992389,70.74216530075968
62.110698318628515,3185.889301681366,1.0,1.0
1.0,1.0,43.3762551748756,1320.6237448251252
28.18265702640985,1066.8173429735903,1.0,1.0

Iteration: ,12500
Error:,0.026675219612657803
Absolute Error:,0.028424889038032603
Transition Probabilities
0.9604204734649767,0.013840603503669752,0.02092674347872717,0.004812179552626347
0.9656807714378814,0.013040265948270279,0.01797125433870652,0.0033077082751417665
0.9562237972367762,0.023329665751034748,0.01522795885672201,0.005218578155466985
0.9551368333504223,0.020363541520348243,0.014211036537280779,0.010288588591948644

0.0004482294935006727,0.0004482294935006727,0.9565554719951054,0.04254806901789334
0.019176882138644106,0.9803325610794085,0.00024527839097375563,0.00024527839097375563
0.0005885815185403177,0.0005885815185403177,0.030274851037534026,0.9685479859253854
0.026168893875387948,0.9723870628033123,0.0007220216606498191,0.0007220216606498191

Transition Gammas
841.5188417050285,12.127114061705246,18.33597827141586,4.216423821738135
1241.003983385916,16.758148722500607,23.095000833006484,4.250762018609315
497.7528776581345,12.144027680482996,7.926763968535901,2.7164794493441935
340.17275153185096,7.25249169337449,5.061272094438103,3.664289103400469

1.0,1.0,2134.0752580210783,94.92474197891997
78.18414847925187,3996.815851520741,1.0,1.0
1.0,1.0,51.436971912770325,1645.5630280872301
36.24391801741233,1346.7560819825883,1.0,1.0

Iteration: ,15000
Error:,0.02550473651915
Absolute Error:,0.027407526136285526
Transition Probabilities
0.9622513726606241,0.014034717537439043,0.01975636232244211,0.003957547479494761
0.9669498408442865,0.011511721153509126,0.018726035665051436,0.002812402337152961
0.955007388940663,0.024188404528022584,0.014971886987545435,0.005832319543769048
0.9583555143428907,0.016861062671059232,0.012984221781734903,0.011799201204315045

0.0003702332469455763,0.0003702332469455763,0.9592139288397981,0.04004560466631082
0.018749917448414376,0.9808346276284449,0.0002077274615704197,0.0002077274615704197
0.0004897159647404502,0.0004897159647404502,0.029143405267660516,0.9698771628028586
0.02669780083351585,0.9720966536571412,0.0006027727546714885,0.0006027727546714885

Transition Gammas
1035.1049518865816,15.0973082856347,21.252147881775777,4.257179682710696
1490.5900645605743,17.74575727985021,28.86689829387707,4.335425483546076
618.716753267859,15.670843272645687,9.699775535247689,3.7785611440600846
412.9015667599456,7.2644849327042795,5.59417192951922,5.083613117328394

1.0,1.0,2590.83682179629,108.16317820370533
90.26210259666678,4721.737897403332,1.0,1.0
1.0,1.0,59.51083355656281,1980.4891664434383
44.29165158280282,1612.708348417198,1.0,1.0

Iteration: ,17500
Error:,0.02532864350914498
Absolute Error:,0.027311636233073505
Transition Probabilities
0.9628024476882742,0.014439723345354313,0.01932844947702212,0.0034293794893494644
0.9694081556558016,0.011529328318658603,0.01664454539673355,0.002417970628806146
0.956210113288716,0.02275971427178824,0.014652054679362083,0.006378117760133675
0.9595778152400621,0.01477543688743169,0.014579712473591513,0.011067035398914776

0.00031525851197982383,0.00031525851197982383,0.9579476933572297,0.04142178961881054
0.019885745917076574,0.9797570474388798,0.00017860332202178966,0.00017860332202178966
0.00042176296921130334,0.00042176296921130334,0.028075208898893533,0.9710812651626839
0.02952684793146739,0.9694432859511278,0.0005149330587023682,0.0005149330587023682

Transition Gammas
1204.2247811605444,18.060478270832167,24.17505054907753,4.289295041775176
1738.1504853359868,20.67210544470568,29.8436984367619,4.335425483546076
741.463631840288,17.648318260896698,11.361483763351554,4.945714642641361
472.1350432077047,7.269865374612746,7.1735643210477305,5.44524389086739

1.0,1.0,3038.6100833291293,131.38991667086688
111.3402913897117,5485.6597086102865,1.0,1.0
1.0,1.0,66.56632029927655,2302.433679700723
57.34113868290972,1882.6588613170918,1.0,1.0

Iteration: ,20000
Error:,0.024244672506673635
Absolute Error:,0.026415386848590426
Transition Probabilities
0.9629815645852595,0.014149818686950089,0.01914656726150067,0.003722049466289798
0.9698154095656856,0.010596996087638746,0.016962945723268015,0.002624648623407586
0.9600972824605124,0.01966444947063001,0.013708130592757758,0.006530137476099822
0.9603189514493592,0.01432841384210479,0.015353438216576644,0.009999196491959279

0.0002741228070175443,0.0002741228070175443,0.96035855056956,0.03909320381640494
0.020223765504489472,0.9794612738655892,0.00015748031496062991,0.00015748031496062991
0.0003663003663003663,0.0003663003663003663,0.028807351186464,0.9704600480809352
0.02903663096558932,0.9700616557792258,0.00045085662759242526,0.00045085662759242526

Transition Gammas
1364.6759976779367,20.052219734748494,27.133292827832506,5.274650892204019
1980.52902980175,21.640879463508476,34.64123801758206,5.359981642296076
862.6698151928556,17.668966781390036,12.317075260110673,5.8674809236559495
551.6916638184108,8.231501065868937,8.820365215382312,5.744417874051643

1.0,1.0,3503.38799247775,142.612007522245
128.42091095350816,6219.579089046491,1.0,1.0
1.0,1.0,78.64406873904672,2649.355931260953
64.40324748167717,2151.5967525183246,1.0,1.0

Iteration: ,22500
Error:,0.023601406495738428
Absolute Error:,0.02599360519182048
Transition Probabilities
0.9642665177553864,0.013956970827636408,0.018414161870233366,0.003362349546743725
0.9701118471962258,0.010725261732938588,0.016813786397717415,0.002349104673118187
0.9630977810039058,0.01728170801273082,0.012968250390373743,0.006652260592989748
0.9588945033716715,0.014165757440279673,0.017339644818576777,0.00960009436947222

0.00024313153415998087,0.00024313153415998087,0.9604135791113542,0.039100157820325936
0.02006186539362751,0.979658531642581,0.00013980148189570812,0.00013980148189570812
0.00032594524119947837,0.00032594524119947837,0.029567971269132843,0.9697801382484682
0.02793860105178509,0.9712568937189309,0.00040225261464199493,0.00040225261464199493

Transition Gammas
1522.3094885062958,22.034187364687003,29.070856264095877,5.30821772241736
2222.0507595379977,24.566317841389548,38.51214367058499,5.380647435883447
985.7644995961844,17.688436820588915,13.273461022181456,6.808823012546596
622.5188484927174,9.196476753952128,11.256979456841492,6.232426686451504

1.0,1.0,3950.1810508849944,160.81894911500035
143.50252316061756,7007.49747683938,1.0,1.0
1.0,1.0,90.7145358536996,2975.285464146302
69.45536221473778,2414.5446377852636,1.0,1.0

Iteration: ,25000
Error:,0.023020121150064132
Absolute Error:,0.025892559255646288
Transition Probabilities
0.9650882053158585,0.01455743091138397,0.017365061453282572,0.002989302319475003
0.9679361434941609,0.011874359424565944,0.01807004351357956,0.002119453567693363
0.9658302277150363,0.015620909852976428,0.012541398605098519,0.006007463826888716
0.9575279836350513,0.015462213525564279,0.018035431011471793,0.008974371827912539

0.00021862702229995636,0.00021862702229995636,0.9610844804393629,0.03847826551603732
0.020262510775724957,0.9794835532161491,0.00012696800406297615,0.00012696800406297615
0.0002921413964358748,0.0002921413964358748,0.030027262421439615,0.9693884547856886
0.026530418045910678,0.9727478208570124,0.00036088054853843337,0.00036088054853843337

Transition Gammas
1723.3074351063644,25.994441531305057,31.00788026284777,5.337840504688347
2480.158520753969,30.425864250734097,46.301166344316485,5.4307103424006025
1094.666113717588,17.704644347221304,14.214345003578563,6.808823012546596
689.432124731582,11.132987135805896,12.985735910803408,6.461659965237285

1.0,1.0,4396.000413529644,175.99958647035464
159.58753486960975,7714.412465130389,1.0,1.0
1.0,1.0,102.78331926858786,3318.216680731414
73.51578840521857,2695.4842115947845,1.0,1.0

Iteration: ,27500
Error:,0.02389501367204158
Absolute Error:,0.025714116916352954
Transition Probabilities
0.9652602762511843,0.013736454436994476,0.017768893735017378,0.0032343755768038528
0.966751713654613,0.012158464435357555,0.018811915934055328,0.0022779059759741108
0.964589419221505,0.014878227019795456,0.01422446429790774,0.006307889460791601
0.9598007881729531,0.01542404793961723,0.016543281035657834,0.008231882851771769

0.00019880715705765392,0.00019880715705765392,0.9619893724528972,0.03761301323298766
0.01972636547809947,0.9800424740965653,0.00011558021266759138,0.00011558021266759138
0.0002655337227827933,0.0002655337227827933,0.030230716207584243,0.9692382163468501
0.026723985931852517,0.97262070607339,0.0003276539973787678,0.0003276539973787678

Transition Gammas
1896.8444045980027,26.993669354158726,34.917863592258094,6.355909764624274
2730.6469649865558,34.34229651768424,53.135360843293704,6.434079145620932
1210.514142003172,18.671471878606916,17.8510305544648,7.916103210673453
753.4007030002268,12.107187974847594,12.985735910803408,6.461659965237285

1.0,1.0,4838.806543438076,189.19345656192806
170.6725141165165,8479.327485883477,1.0,1.0
1.0,1.0,113.84887723776231,3650.1511227622395
81.56160506401393,2968.438394935988,1.0,1.0

Iteration: ,30000
Error:,0.02258245932410884
Absolute Error:,0.02541484803885247
Transition Probabilities
0.9666734778724556,0.013092024340236503,0.01633452964467857,0.0038999681426293833
0.9664140241991627,0.01334212738327003,0.01815568371737523,0.0020881647001920033
0.9662121199585336,0.015012774367357404,0.013007072812470653,0.005768032861638299
0.958939043245449,0.015149456677241628,0.01778700656099738,0.008124493516311957

0.0001815211472136503,0.0001815211472136503,0.962538673825203,0.03709828388036968
0.020219292413683244,0.9795676015660716,0.00010655301012253613,0.00010655301012253613
0.0002425418384671354,0.0002425418384671354,0.03005728858921882,0.9694576277338468
0.026270749403340843,0.9731295504467341,0.00029985007496251856,0.00029985007496251856

Transition Gammas
2066.430645561961,27.98645140099451,34.917863592258094,8.336851968238273
2983.954289190591,41.19590282770065,56.05851006409323,6.447534760102162
1326.0387117182447,20.60367446256176,17.8510305544648,7.916103210673453
828.0572349981475,13.081767080235586,15.359328182055748,7.015613436813292

1.0,1.0,5302.625554103046,204.37444589695667
189.75805930241694,9193.241940697568,1.0,1.0
1.0,1.0,123.92620085334929,3997.073799146653
87.61294926014178,3245.3870507398606,1.0,1.0

Iteration: ,32500
Error:,0.0223819065422244
Absolute Error:,0.025004583369363773
Transition Probabilities
0.9668259773689527,0.013476729300354363,0.01561164324200682,0.004085650088685927
0.9660064606714811,0.014396131440012994,0.01766644673920041,0.00193096114930548
0.9664140853850802,0.01536870838878841,0.012819544896548367,0.005397661329582873
0.9622391168757825,0.013936244157742078,0.016354476133984514,0.007470162832490979

0.00016815200941651244,0.00016815200941651244,0.9620780356853665,0.03758566029580044
0.020376882675110102,0.9794279763355251,9.757049468240832e-05,9.757049468240832e-05
0.00022426553038797933,0.00022426553038797933,0.030051598362752913,0.969499870576471
0.02543912707184882,0.9740057799500773,0.0002775464890369136,0.0002775464890369136

Transition Gammas
2220.196047992207,30.947638802519805,35.850204111076295,9.382189135075258
3225.5233285780123,48.069096524219724,58.988773274623895,6.447534760102162
1417.3237587598119,22.53944336107389,18.800890666992135,7.916103210673453
903.6881563570988,13.088242380275336,15.359328182055748,7.015613436813292

1.0,1.0,5721.478078220878,223.52192177912534
208.84267053720285,10038.157329462769,1.0,1.0
1.0,1.0,134.00007709951527,4322.999922900485
91.65717483987133,3509.3428251601295,1.0,1.0

Iteration: ,34472
Error:,0.02054195924454595
Absolute Error:,0.02441025940176376
Transition Probabilities
0.9679990963160567,0.013479756707590754,0.014679455404008982,0.003841691572343465
0.9655232150889463,0.015207312827079749,0.017452431809661998,0.001817040274311846
0.9682821410684354,0.014516628807086518,0.012104597111070649,0.005096633013407388
0.9625971861086742,0.014057280268724508,0.016331803217860593,0.007013730404740749

0.0001583531274742674,0.0001583531274742674,0.9623659419470054,0.03731735179804601
0.02055631336788206,0.979259252843848,9.221689413500567e-05,9.221689413500567e-05
0.00021123785382340512,0.00021123785382340512,0.029374510912858327,0.9702030133794948
0.024252577991748188,0.9752241357706798,0.0002616431187859758,0.0002616431187859758

*,*,*,*,*,*,*,*,*,*,*
Model Num 2
Model States: 
"['square', 'y', 'diamond']","['square', 'y', 'square']","['diamond', 'y', 'diamond']","['diamond', 'y', 'square', 'y', 'square']"
Iteration: ,34472
Error:,0.021348247242114322
Absolute Error:,0.02441025940176376
Transition Probabilities
0.9679990963160567,0.013479756707590754,0.014679455404008982,0.003841691572343465
0.9655232150889463,0.015207312827079749,0.017452431809661998,0.001817040274311846
0.9682821410684354,0.014516628807086518,0.012104597111070649,0.005096633013407388
0.9625971861086742,0.014057280268724508,0.016331803217860593,0.007013730404740749

0.0001583531274742674,0.0001583531274742674,0.9623659419470054,0.03731735179804601
0.02055631336788206,0.979259252843848,9.221689413500567e-05,9.221689413500567e-05
0.00021123785382340512,0.00021123785382340512,0.029374510912858327,0.9702030133794948
0.024252577991748188,0.9752241357706798,0.0002616431187859758,0.0002616431187859758

Transition Gammas
2364.049906973429,32.92029683899591,35.850204111076295,9.382189135075258
3426.0355034393597,53.96120242710513,61.92771967243501,6.447534760102162
1503.9382560183797,22.54726436171339,18.800890666992135,7.916103210673453
962.8556222431965,14.061054338737359,16.336187947168256,7.015613436813292

1.0,1.0,6077.340923395347,235.65907660466084
222.91266216131274,10619.087337838671,1.0,1.0
1.0,1.0,139.05893466147134,4592.941065338529
92.69335308446162,3727.30664691554,1.0,1.0

