0,1,2,3,4,5,6,7,8,9,10,11,12,13,14,15,16,17,18,19,20,21,22,23,24,25,26,27,28,29
github Code Version (SHA):,528ca1c557fe8e6666681dc5c9134b0f84d30530
Environment Observations,Environment Actions,alpha,epsilon,numActions,explore,patience,gainThresh,insertRandActions,useUpdatedPosterior,revisedSplitting,haveControl,confidence_factor
"['diamond', 'square']","['x', 'y']",0.95,0.99,75000,0.5,0,0.01,False,True,False,False,250

Model Num 0
Model States: 
['diamond'],['square']
Iteration: ,0
Error:,0.623366649620822
Absolute Error:,1
Transition Probabilities
0.5,0.5
0.5,0.5

0.5,0.5
0.5,0.5

Transition Gammas
1.0,1.0
1.0,1.0

1.0,1.0
1.0,1.0

Iteration: ,2500
Error:,0.12728122031949973
Absolute Error:,1
Transition Probabilities
0.4928131416837782,0.5071868583162218
0.05100671140939597,0.9489932885906041

0.06355140186915888,0.9364485981308411
0.9607577807848444,0.03924221921515562

Transition Gammas
240.0,247.0
38.0,707.0

34.0,501.0
710.0,29.0

Iteration: ,2612
Error:,0.1314091717871769
Absolute Error:,1
Transition Probabilities
0.49,0.51
0.053367217280813214,0.9466327827191868

0.062388591800356503,0.9376114081996435
0.9584415584415584,0.04155844155844156


Model Num 1
Model States: 
['square'],"['diamond', 'x', 'square']","['diamond', 'x', 'diamond']"
Iteration: ,0
Error:,0.6771852185639027
Absolute Error:,1
Transition Probabilities
0.3333333333333333,0.3333333333333333,0.3333333333333333
0.3333333333333333,0.3333333333333333,0.3333333333333333
0.3333333333333333,0.3333333333333333,0.3333333333333333

0.3333333333333333,0.3333333333333333,0.3333333333333333
0.3333333333333333,0.3333333333333333,0.3333333333333333
0.3333333333333333,0.3333333333333333,0.3333333333333333

Transition Gammas
1.0,1.0,1.0
1.0,1.0,1.0
1.0,1.0,1.0

1.0,1.0,1.0
1.0,1.0,1.0
1.0,1.0,1.0

Iteration: ,2500
Error:,0.10766105972120324
Absolute Error:,1
Transition Probabilities
0.9694767441860465,0.01603275249890449,0.014490503315048996
0.996078431372549,0.00196078431372549,0.00196078431372549
0.0028818443804034576,0.9376728333259066,0.05944532229369001

0.04365620736698499,0.4199294337477933,0.5364143588852217
0.9044088760069756,0.07314415485437553,0.02244696913864893
0.8648818394382769,0.05523360923516263,0.07988455132656054

Transition Gammas
667.0,11.030533719246291,9.969466280753709
508.0,1.0,1.0
1.0,325.3724731640896,20.627526835910437

32.0,307.80827493713247,393.19172506286753
77.36561055366035,6.256951196370828,1.920175175809919
64.23217468688317,4.10203414524719,5.932785522382461

Iteration: ,5000
Error:,0.10401470166814344
Absolute Error:,1
Transition Probabilities
0.9574022346368715,0.029177626533543555,0.013420138829584937
0.9979274611398964,0.0010362694300518134,0.0010362694300518134
0.0014727540500736372,0.94261524838442,0.055911997565506376

0.04947735191637629,0.3916547359282813,0.5588679121553424
0.9264172100249471,0.051198961307175814,0.022383828667877186
0.8913781007006889,0.032299751799000596,0.0763221475003106

Transition Gammas
1371.0,41.78236119603437,19.21763880396563
963.0,1.0,1.0
1.0,640.0357536530214,37.96424634697884

71.0,562.0245460570839,801.9754539429166
155.32649952212603,8.584205207930282,3.7529546248290777
155.22819531377627,5.6248096928795075,13.291048108128487

Iteration: ,7500
Error:,0.10148046101399413
Absolute Error:,1
Transition Probabilities
0.957753017641597,0.026474950247743764,0.015772032110659206
0.9986111111111111,0.0006944444444444445,0.0006944444444444445
0.0010040160642570278,0.943551392226584,0.05544459170915888

0.0531423290203327,0.3935925874068541,0.5532650835728132
0.9152746428684181,0.0514606760783008,0.03326468105328108
0.9208403309577078,0.02389343891556845,0.05526623012672367

Transition Gammas
2063.0,57.02704283364007,33.972957166359926
1438.0,1.0,1.0
1.0,939.777186657678,55.22281334232226

115.0,851.7343591484324,1197.2656408515682
219.14537939354096,12.321295548716087,7.964605167013693
255.38360451414806,6.626547892564818,15.327401052245314

Iteration: ,10000
Error:,0.09913438308947174
Absolute Error:,1
Transition Probabilities
0.9570488396259093,0.02854049273802313,0.014410667636067616
0.9989406779661016,0.0005296610169491525,0.0005296610169491525
0.0007593014426727408,0.941895148835687,0.05734554972164026

0.049704553354188344,0.3889887784763695,0.5613066681694421
0.9261189653562659,0.04449636578627164,0.029384668857462538
0.9269426584084126,0.02249888891849574,0.05055845267309166

Transition Gammas
2763.0,82.39640253467277,41.603597465327205
1886.0,1.0,1.0
1.0,1240.4759110166003,75.52408898340025

143.0,1119.120715676516,1614.8792843234864
297.1223038232376,14.275555526597625,9.427342311960507
363.47544889602165,8.822329704141003,19.825127384247995

Iteration: ,12500
Error:,0.09841853733818148
Absolute Error:,1
Transition Probabilities
0.9595903681151398,0.027014625375341775,0.013395006509518444
0.9991518235793045,0.00042408821034775233,0.00042408821034775233
0.0006119951040391671,0.9407364171605276,0.05865158773543325

0.04723534315087521,0.3927055695949058,0.5600590872542189
0.9222478599711766,0.04816980353379193,0.029582336495031326
0.9332178801470349,0.021956913151735376,0.044825206701229754

Transition Gammas
3467.0,97.60384148110984,48.39615851889014
2356.0,1.0,1.0
1.0,1537.1633056403036,95.83669435969801

170.0,1413.347344972067,2015.6526550279355
374.8074953691756,19.576519717259178,12.022452889418878
459.66587009037664,10.815098813581539,22.079107225265936

Iteration: ,15000
Error:,0.09610287026695441
Absolute Error:,1
Transition Probabilities
0.9587962962962963,0.027924851093965333,0.013278852609738368
0.9993006993006993,0.00034965034965034965,0.00034965034965034965
0.0005136106831022082,0.9403421185838439,0.05914427073305394

0.04838709677419355,0.39812940705114774,0.5534834961746589
0.9293214656267506,0.04262978762090586,0.02804874675234353
0.9407953217462789,0.02130636001115585,0.03789831824256528

Transition Gammas
4142.0,120.63535672593024,57.36464327406975
2858.0,1.0,1.0
1.0,1830.846104882745,115.1538951172561

210.0,1727.8816266019812,2402.1183733980192
447.88369021369493,20.54529815449881,13.518009285233276
548.096109513767,12.412830676430193,22.079107225265936

Iteration: ,17500
Error:,0.09681694008736187
Absolute Error:,1
Transition Probabilities
0.9577967109173766,0.028981258513149935,0.013222030569473398
0.9993955877908733,0.0003022061045633122,0.0003022061045633122
0.00044189129474149323,0.9410163736474767,0.05854173505778176

0.05069033530571994,0.39460370079428936,0.5547059638999908
0.9340343045273023,0.038116368819341016,0.02784932665335674
0.9471879716142261,0.019097291484573686,0.03371473690120019

Transition Gammas
4834.0,146.26841171586773,66.73158828413224
3307.0,1.0,1.0
1.0,2129.5200535642416,132.47994643576024

257.0,2000.6407630270462,2812.3592369729527
527.1478659570607,21.512017689025402,15.717530975575613
655.9181498959302,13.224682400935949,23.347116427983934

Iteration: ,20000
Error:,0.09767763959473533
Absolute Error:,1
Transition Probabilities
0.9597420704078076,0.02766732321128618,0.012590606380906212
0.9994710394075641,0.0002644802962179318,0.0002644802962179318
0.0003886513797123977,0.9437210184205364,0.05589033019975128

0.05133928571428571,0.395499909675967,0.5531608046097473
0.9304562674592094,0.039953672717927234,0.029590059822863397
0.9507069308636854,0.018548577629324135,0.03074449150699048

Transition Gammas
5507.0,158.7551005863601,72.24489941363984
3779.0,1.0,1.0
1.0,2428.1941803960417,143.80581960396015

299.0,2303.391473952832,3221.608526047168
604.7488436310379,25.96783773724076,19.232020984408447
758.9603226672183,14.80754373987863,24.54368263959854

Iteration: ,22500
Error:,0.09354548633338358
Absolute Error:,1
Transition Probabilities
0.9591394520971988,0.027786545390485754,0.013074002512315667
0.9995300751879699,0.00023496240601503758,0.00023496240601503758
0.00034626038781163397,0.9438747006198521,0.05577903899233615

0.04980901451489687,0.39675398814585205,0.553436997339251
0.9290079115001302,0.04344311734979851,0.027548971150071395
0.9528109439198525,0.01826576798413601,0.02892328809601142

Transition Gammas
6197.0,179.52886976792843,84.47113023207152
4254.0,1.0,1.0
1.0,2725.910135390136,161.08986460986696

326.0,2596.754852414602,3622.245147585398
680.2295796694635,31.809517538624835,20.171652828530963
859.1299824984453,16.469866376609808,26.079532518272575

Iteration: ,23043
Error:,0.09791728333844148
Absolute Error:,1
Transition Probabilities
0.9586279524597563,0.02815886262996911,0.013213184910274598
0.9995402298850574,0.00022988505747126436,0.00022988505747126436
0.00033806626098715315,0.9428159267933882,0.056846006945624604

0.04938641125411553,0.39653137573717057,0.5540822130087139
0.9269101805907324,0.04326257584897488,0.02982724356029279
0.9523409688925397,0.01844551988530113,0.029213511222159066


Model Num 2
Model States: 
"['diamond', 'x', 'square']","['diamond', 'x', 'diamond']","['square', 'y', 'diamond', 'x', 'diamond']","['square', 'y', 'diamond', 'x', 'square']"
Iteration: ,0
Error:,0.6234734940903244
Absolute Error:,0.7
Transition Probabilities
0.25,0.25,0.25,0.25
0.25,0.25,0.25,0.25
0.25,0.25,0.25,0.25
0.25,0.25,0.25,0.25

0.25,0.25,0.25,0.25
0.25,0.25,0.25,0.25
0.25,0.25,0.25,0.25
0.25,0.25,0.25,0.25

Transition Gammas
1.0,1.0,1.0,1.0
1.0,1.0,1.0,1.0
1.0,1.0,1.0,1.0
1.0,1.0,1.0,1.0

1.0,1.0,1.0,1.0
1.0,1.0,1.0,1.0
1.0,1.0,1.0,1.0
1.0,1.0,1.0,1.0

Iteration: ,2500
Error:,0.04973206281603921
Absolute Error:,0.07947620073274153
Transition Probabilities
0.0014577259475218663,0.0014577259475218663,0.06372137461707557,0.9333631734878808
0.9009098016486303,0.09181747107864237,0.0036363636363636372,0.0036363636363636372
0.03094200372715809,0.020132246108475107,0.8597748563137542,0.08915089385061253
0.0723441348848342,0.017052685704178457,0.8299153982746268,0.08068778113636046

0.0432292992433926,0.018374476242790226,0.08475256203950486,0.8536436624743124
0.04143319202471486,0.022959219827788348,0.7891198593968941,0.1464877287506027
0.004742996220067294,0.946972044951946,0.018851404695598026,0.029433554132388615
0.9336660280269818,0.0018943941752027202,0.036103581133428105,0.028335996664387318

Transition Gammas
1.0,1.0,43.71286298731383,640.287137012686
247.7501954533733,25.249804546626645,1.0,1.0
4.405121412879838,2.866168241844365,122.40359943073618,12.692148670837895
14.526003956197089,3.4240146820058213,166.63900090639314,16.20132758335387

6.419992575643277,2.7287974388823177,12.586621309701945,126.7748048487664
1.8046428552666594,1.0,34.37049975199047,6.380344360538919
1.4305793421937207,285.6250737479982,5.685948054260439,8.877728877578225
562.5146708838777,1.14133371462638,21.751668636713838,17.07185798707657

Iteration: ,5000
Error:,0.029036690593713048
Absolute Error:,0.05637754327757581
Transition Probabilities
0.0007380073800738012,0.0007380073800738012,0.05299088241276986,0.9455331028270826
0.9171727494621748,0.07913039286684548,0.0018484288354898336,0.0018484288354898336
0.022134446724923457,0.013550384448401379,0.89789176418127,0.06642340464540501
0.0626249976037701,0.011738098501979155,0.8655327793850958,0.06010412450915493

0.035483050594217476,0.02672408563137135,0.06168832594907963,0.8761045378253315
0.036398179434214285,0.013013006257349208,0.8536377826400783,0.09695103166835817
0.0024133998944560744,0.9617907504240475,0.012933474242454881,0.02286237543904148
0.9509213726600989,0.0009523683492589006,0.027477878719085667,0.02064838027155644

Transition Gammas
1.0,1.0,71.80264566930313,1281.1973543306963
496.19045745903657,42.809542540963406,1.0,1.0
6.485709719085835,3.9704566012661555,263.0951391741972,19.463008334352857
25.471201685409067,4.774187397798956,352.0345043130706,24.44589758204573

11.818618936174685,8.901201537230586,20.547016251232986,291.8110339277998
3.3837598899294328,1.209755248902039,79.35851007730902,9.013061019702901
1.4498229140907206,577.7850043536052,7.769639568886828,13.73431558450353
1154.0106474599438,1.1557666563684106,33.34635809344915,25.05827650031725

Iteration: ,7500
Error:,0.023562435773907892
Absolute Error:,0.046811778729681536
Transition Probabilities
0.000504795557799092,0.000504795557799092,0.056891395911467565,0.9420990129729342
0.9160389175705993,0.08150709469933937,0.0012269938650306745,0.0012269938650306745
0.027776339334959887,0.008927719046992222,0.908952710667311,0.05434323095073689
0.05436103150091899,0.009376184387954265,0.8866221037489609,0.04964068036216589

0.035249141600237587,0.018118331461358,0.04685738213493194,0.8997751448034725
0.02313961482974759,0.00827283004954657,0.8950926072009336,0.07349494791977229
0.0015910400349312185,0.9618600982655494,0.01130819797381875,0.025240663725700614
0.9537817682350535,0.0006523895261002227,0.027307947899867395,0.018257894338978883

Transition Gammas
1.0,1.0,112.70185530061711,1866.2981446993804
746.5717178200387,66.4282821799616,1.0,1.0
13.850118784379887,4.451629416795921,453.2311785333581,27.09717053490132
33.31899304573594,5.7468560436073535,543.4289028990921,30.425792853924133

18.39784481605606,9.456634556731558,24.45661953365993,469.62628682359406
3.3837598899294328,1.209755248902039,130.89148131044837,10.74733778903142
1.46003619561968,882.661986975529,10.3770979903232,23.16238550375681
1699.906971974695,1.1627413532062079,48.670432347650156,32.540695276488776

Iteration: ,10000
Error:,0.023263713875610152
Absolute Error:,0.044320605137941144
Transition Probabilities
0.0003797949107481962,0.0003797949107481962,0.05840109373444151,0.940839316444062
0.9205476259105928,0.07760394525391731,0.0009242144177449168,0.0009242144177449168
0.02617444036333698,0.006626615431436787,0.917355376714328,0.04984356749089816
0.052829791711901254,0.011915993515408412,0.8900575612798364,0.045196653492854025

0.03705887382467897,0.017025290781307496,0.042645809148421594,0.9032700262455919
0.02679067352394027,0.007462511791399908,0.8994720377971137,0.06627477688754602
0.0012078355536039424,0.9639089174903834,0.01024823164438328,0.024635015311629146
0.9539416066549216,0.0004906745783937556,0.028083146072064986,0.017484572694619657

Transition Gammas
1.0,1.0,153.7700798027844,2477.229920197214
996.0325312352614,83.96746876473853,1.0,1.0
18.49022517929025,4.681193171772738,648.0408845202932,35.210639610724456
42.49194870677773,9.58424723701808,715.8892551806616,36.35247877579119

26.15092698207186,12.014049271352093,30.093398045708316,637.4006024357982
5.032326280058127,1.4017487902850656,168.95569161182183,12.448970390317177
1.4656828942651543,1169.6830812603807,12.4360123137796,29.894069962155438
2271.864513657108,1.1685685524456677,66.88156020020713,41.64047355126389

Iteration: ,12500
Error:,0.022729359355284227
Absolute Error:,0.0431849449881118
Transition Probabilities
0.0003022974607013302,0.0003022974607013302,0.056763866861379846,0.9426315382172175
0.921358382662414,0.07714908002415315,0.0007462686567164185,0.0007462686567164185
0.027267978897034296,0.010644232312367061,0.9136234513585606,0.04846433743203802
0.04885264791131247,0.01082198644334137,0.8991757388485137,0.04114962679683239

0.03488640144530227,0.018670634261503078,0.03938849673331181,0.907054467559883
0.03220732976554965,0.0057653992062988635,0.8979720589627547,0.0640552120653969
0.0009747285521760752,0.9661732009382457,0.00881769118142302,0.024034379328155202
0.9562107389308049,0.0003905847522851064,0.026872295180541468,0.016526381136368513

Transition Gammas
1.0,1.0,187.7748715774445,3118.2251284225545
1234.620232767634,103.37976723236515,1.0,1.0
24.044318756206426,9.385855680763399,805.6135575930015,42.73481294394752
48.90481193272354,10.833541975265977,900.1358633146176,41.193565664121316

30.70181264631988,16.431110442370297,34.663886128305826,798.2541955980656
7.830608761288806,1.4017487902850656,218.3250807655489,15.573824606286768
1.4700491377733753,1457.1462770923765,13.298511969783016,36.24775177601493
2870.168016476074,1.1723815871231977,80.66004596720552,49.60568694170553

Iteration: ,15000
Error:,0.02136216594899516
Absolute Error:,0.04119960591569542
Transition Probabilities
0.0002547770700636943,0.0002547770700636943,0.05470106046624898,0.9447893853936236
0.9191018858229194,0.0796620202339409,0.0006180469715698394,0.0006180469715698394
0.025627288580006593,0.011262464026145698,0.915024462529081,0.04808578486476691
0.04669575062237864,0.010688239673194154,0.9019391223638482,0.040676887340578984

0.029622808389159327,0.018423757798076548,0.03740119948054515,0.9145522343322189
0.031183207235082017,0.0085341570997501,0.9013385536120436,0.05894408205312428
0.0008085064392770661,0.968515518849938,0.007696788586725522,0.022979186124059414
0.9566799542944727,0.00033005001562752914,0.02706500765985162,0.015924988030048038

Transition Gammas
1.0,1.0,214.70166233002723,3708.298337669972
1487.1068512614834,128.89314873851635,1.0,1.0
28.048417886877985,12.326481455697705,1001.4710850743065,52.628672912269046
56.84063500268766,13.010312972549613,1097.8898886006698,49.51414369733329

31.390892643148213,19.523408973419027,39.63354933114369,969.1387334828161
9.595864913533656,2.6261769054962554,277.3647667674949,18.138591215777375
1.4744327888089366,1766.2333508926883,14.036248704395954,41.90599336691963
3408.0150366535254,1.1757489127446736,96.41463966906291,56.73015141720597

Iteration: ,17500
Error:,0.020623386519588983
Absolute Error:,0.04080380267887465
Transition Probabilities
0.00021786492374727668,0.00021786492374727668,0.05371664220515996,0.9458476279473454
0.9190189487329512,0.07991153255047125,0.0005347593582887703,0.0005347593582887703
0.024542547687160583,0.011218447768305231,0.9160124348195974,0.048226569724936844
0.046118704381983115,0.011427853810766886,0.9026732433229101,0.03978019848433984

0.031277426343602664,0.01711811243010032,0.035311418374559575,0.9162930428517374
0.0341257923134009,0.007575386281909721,0.9020902759448693,0.056208545459819986
0.0006977400173218022,0.9675943215161639,0.007346512582967856,0.024361425883546395
0.9580475951463858,0.000280607864993697,0.026756255596032685,0.01491554139258777

Transition Gammas
1.0,1.0,246.55938772168423,4341.440612278316
1718.5654341306179,149.43456586938115,1.0,1.0
30.669600830635357,14.019136048098666,1144.695167344532,60.26634486966492
65.00289886265836,16.10720932933941,1272.2902416285056,56.06896927104929

39.284153823253035,21.500188489944115,44.35080993891203,1150.8554587301153
12.331446053464234,2.737386033754864,325.9727267577753,20.311107789555262
1.4768538261155182,2048.0341393400886,15.549810742412834,51.56399824084005
4026.3283330779664,1.1792935998508582,112.44688733540598,62.684638233445156

Iteration: ,20000
Error:,0.02028699943226986
Absolute Error:,0.03940444887267352
Transition Probabilities
0.00019011406844106463,0.00019011406844106463,0.05312724655962523,0.9464925253034927
0.9219999855079207,0.0770649981292928,0.00046750818139317446,0.00046750818139317446
0.023490173596354018,0.012025594727205092,0.9158426603774328,0.04864157129900795
0.04690134477199179,0.01023060197335348,0.9042180889371983,0.03864996431745641

0.0313601999852503,0.017547845307804632,0.034265895745570825,0.9168260589613743
0.029805326526513062,0.007622575842972453,0.9076111314359158,0.054960966194598664
0.0006079395604371942,0.9659204390529762,0.007585941058668983,0.025885680327917517
0.9562118426114461,0.0002462920537770197,0.02806876322224928,0.015473102112527629

Transition Gammas
1.0,1.0,279.4493169036287,4978.550683096371
1972.157969001442,164.84203099855725,1.0,1.0
33.58032776045166,17.191163394236682,1309.240929460465,69.53545491284025
75.93924402398673,16.56464614274165,1464.0441215602436,62.57920931884311

44.17741593043089,24.719818789751184,48.270697549532294,1291.541704505846
12.331446053464234,3.153710888301791,375.5086425531942,22.73916338652019
1.47939263937544,2350.5224544519383,18.460034673282664,62.99159889316503
4585.687425703109,1.1811382412618883,134.60884798475476,74.20406925755931

Iteration: ,22500
Error:,0.01998309391954867
Absolute Error:,0.03867991992608202
Transition Probabilities
0.00016917611233293863,0.00016917611233293863,0.05300678025140719,0.9466548675239269
0.9235871046548897,0.0755792146448186,0.000416840350145894,0.000416840350145894
0.024235364105801797,0.011549952221461015,0.9172661250100315,0.046948558662705676
0.04577266275591799,0.00973360398321272,0.9054332104753315,0.0390605227855377

0.031012910018697493,0.01757325355770243,0.032457345545738266,0.9189564908778618
0.02950809372476747,0.006692199000542698,0.9091279041463294,0.05467180312836032
0.0005380610565750307,0.9656034481448431,0.007625860258665252,0.02623263053991654
0.9553759738116235,0.0002190411631140249,0.029067464397484654,0.01533752062777779

Transition Gammas
1.0,1.0,313.32307806606786,5595.676921933931
2215.685464067081,181.31453593291982,1.0,1.0
38.484242919326554,18.34060198381392,1456.5612557933362,74.55137576642747
83.32387734964895,17.718908528265835,1648.2372061300096,71.105197159947

49.349441950331574,27.96352408727353,51.64790691700899,1462.2939277261055
14.176402622638882,3.215094419429916,436.7670553329102,26.265657838911835
1.4824926766358681,2660.47881168195,21.011150776237717,72.27745288214825
5160.691514180949,1.18320316056196,157.01485170950488,82.84928103912623

Iteration: ,25000
Error:,0.021177899259294294
Absolute Error:,0.03917565774571076
Transition Probabilities
0.00015260186174271336,0.00015260186174271336,0.052973624188238436,0.9467211720882761
0.9256824640409114,0.07356622115818712,0.00037565740045078896,0.00037565740045078896
0.024724371538923578,0.01301588250935819,0.912166448508219,0.050093297443499274
0.04558309042882383,0.009781861205552468,0.9067182962371932,0.037916752128430556

0.033118380807178244,0.02001670065797747,0.03191363652763657,0.9149512820072077
0.02693836826271187,0.0074919936277244616,0.9091101125658091,0.056459525543754455
0.0004858081303749951,0.9638985901219117,0.007790379339254149,0.0278252224084591
0.9556972540882175,0.00019755007823873743,0.029346893328403224,0.014758302505140654

Transition Gammas
1.0,1.0,347.13615930552623,6203.863840694469
2464.1667192769055,195.83328072309408,1.0,1.0
43.99077986642007,23.158478319052623,1622.97000652524,89.12838157082716
92.49580604464656,19.849052100519888,1839.8848975991166,76.93950800002277

59.10675118928969,35.72403350000522,56.956630360853666,1632.9239672309136
14.176402622638882,3.942685654790837,478.42210999412805,29.71200624275869
1.4839345123007364,2944.2948662383033,23.79625214693373,84.99406506944196
5732.639861986928,1.1849813823421183,176.03395824380308,88.52597710657575

Iteration: ,27500
Error:,0.022081996350192992
Absolute Error:,0.03932832665292024
Transition Probabilities
0.00013846579894766,0.00013846579894766,0.053027736602350196,0.9466953317997545
0.9250637416997751,0.07425598619138131,0.0003401360544217686,0.0003401360544217686
0.025237140339972073,0.013094110917812882,0.9100913998690586,0.05157734887315641
0.04685452623948469,0.010258862278714042,0.9069956788607131,0.03589093262108814

0.033609486518907286,0.019554930039794822,0.0330859206188705,0.9137496628224274
0.026089723887642163,0.006801224581395294,0.9125350762548515,0.05457397527611091
0.00044149554140319823,0.9656419104519361,0.007455909618425514,0.02646068438823507
0.9553996090247321,0.00017980827013015747,0.030033368816366847,0.014387213888771025

Transition Gammas
1.0,1.0,382.96631374217293,6837.033686257823
2719.6874005973395,218.31259940266114,1.0,1.0
49.12306741286967,25.48715443439289,1771.4559013182618,100.39321220797093
104.34838578201018,22.84722106189283,2019.9443382828836,79.9316775518981

65.695821065573,38.22364807987928,64.67241680542453,1786.08900536876
15.124273412562092,3.942685654790837,528.9986989233279,31.63665996776861
1.485481265196229,3249.0542538789377,25.08658188928934,89.03113901912849
6304.47928777626,1.1865166199551078,198.1838278521095,94.93817153971209

Iteration: ,30000
Error:,0.020280561560907767
Absolute Error:,0.03888412124274755
Transition Probabilities
0.0001268391679350584,0.0001268391679350584,0.053381461151273436,0.9463648605128564
0.923826944965503,0.07555058382379057,0.00031123560535325254,0.00031123560535325254
0.024781055311649758,0.012860810870955175,0.9111895607794185,0.05116857303797667
0.04492956647418784,0.0102177034696851,0.9088071988586186,0.03604553119750851

0.03333909506351879,0.019737520514325077,0.03213454471758017,0.9147888397045759
0.026465595497757365,0.007511460426746786,0.9139271200737564,0.05209582400173948
0.0004047624850280745,0.9670263832305603,0.007168860849413265,0.025399993434998287
0.9556303729142333,0.00016515324570683684,0.030053536237547706,0.014150937602512209

Transition Gammas
1.0,1.0,420.8594397166396,7461.140560283357
2968.2559741741597,242.74402582583897,1.0,1.0
52.84123184988407,27.423411975928875,1942.9511065940912,109.10796159905146
109.02772625545981,24.79465225849202,2205.3447266862327,87.46940192250393

70.66811651130294,41.83717034589902,68.11485872106176,1939.0569595340262
17.02192415116322,4.831159369128211,587.8121321284749,33.50656382642517
1.487855550941259,3554.666317696026,26.351823114202844,93.36715388411676
6873.570620484574,1.1878991393988123,216.16632285777746,101.78356790849716

Iteration: ,32500
Error:,0.020302228631814235
Absolute Error:,0.039450397311417314
Transition Probabilities
0.00011641443538998848,0.00011641443538998848,0.05386963758377341,0.9458975335454467
0.9242829825217813,0.07514164348512324,0.00028768699654775615,0.00028768699654775615
0.02406213958662346,0.012495576245948853,0.9119189434200689,0.0515233407473589
0.04558170423963476,0.011303149793790757,0.9079434531032158,0.035171692863358806

0.033603374686428995,0.021313942057558256,0.031410038389593435,0.9136726448664193
0.027631633251424995,0.007054223298838928,0.9105607506106971,0.05475339283903895
0.00037568002551258275,0.9671236918942687,0.007163817723936459,0.02533681035628225
0.955383951717066,0.00015171049160818913,0.030362851460471206,0.014101486330854616

Transition Gammas
1.0,1.0,462.7401868446131,8125.259813155379
3212.8076472457105,261.19235275428827,1.0,1.0
55.00575859919195,28.56473540385233,2084.635619505744,117.78173063831139
119.24916007623018,29.57088028212266,2375.3279081023265,92.01487531849874

76.85814271555905,48.74956803527681,71.84151103203104,2089.7657806614816
18.923816019392014,4.831159369128211,623.6071520726227,37.49843967222003
1.4887554614756648,3832.545199243969,28.388980082118735,100.40543077269625
7488.027682085855,1.1890636835413377,237.97539390781046,110.52343909924238

Iteration: ,35000
Error:,0.021481643972868336
Absolute Error:,0.03965418527002687
Transition Probabilities
0.00010783996549121098,0.00010783996549121098,0.05365414266734234,0.9461301774016752
0.9213535361174929,0.07811454898889011,0.00026595744680851064,0.00026595744680851064
0.023184540796154823,0.012110832151702722,0.9129061656287764,0.051798461423365964
0.04650343517718536,0.011362071187061935,0.9082761674857156,0.033858326150037144

0.03487733407688057,0.021253508581152943,0.031709234745526046,0.9121599225964403
0.026650787455773678,0.006596313615568987,0.9134450674929002,0.053307831435757055
0.0003498642435594199,0.9691924449750641,0.006682567331301742,0.02377512345007481
0.9551172150353153,0.00014085758325606534,0.030903213868361337,0.01383871351306716

Transition Gammas
1.0,1.0,497.53486495426586,8773.465135045739
3464.2892958017733,293.71070419822684,1.0,1.0
57.07803590668576,29.815665468318393,2247.4842766709485,127.52266551357822
130.40829053780416,31.862340380405147,2547.0536076902677,94.94796280907823

85.36175990120975,52.01764826874474,77.6078835908775,2232.4979349782784
19.51911461694495,4.831159369128211,669.0098368862376,39.04281153050517
1.490543929001842,4129.098476011262,28.470071889830503,101.29033352835235
8069.4400629397,1.1900547991414128,261.09008207304504,116.918287602805

Iteration: ,37500
Error:,0.02118581084279267
Absolute Error:,0.03944302117402764
Transition Probabilities
0.00010073536818777064,0.00010073536818777064,0.054338165595518205,0.9454603636681063
0.9220567967342971,0.07744864342396209,0.0002472799208704253,0.0002472799208704253
0.0235824592981494,0.012293145202235024,0.9141968783466808,0.0499275171529347
0.04503264755429819,0.011585386005063689,0.9101559253787699,0.03322604106186822

0.03569696354673559,0.020778426509160498,0.0322869279965067,0.9112376819475972
0.02915126056158974,0.0061556414516573356,0.9134979840161839,0.05119511397056898
0.0003248935995316346,0.9691948566954812,0.006360542532606793,0.024119707172380357
0.9547976044769918,0.00013195524738121104,0.03143450104274222,0.01363593923288482

Transition Gammas
1.0,1.0,539.4149698667097,9385.5850301333
3728.7976859934975,313.20231400650266,1.0,1.0
62.08640644183841,32.36461472592867,2406.839687044261,131.4460075346008
135.06874266527058,34.748645837644474,2729.87761428037,99.65657880896342

93.38889573546419,54.35964614386499,84.4677040481764,2383.941725413572
23.155175755623752,4.889495581180299,725.6017738105387,40.66485767616037
1.4916956337381122,4449.899099453678,29.203387009694755,110.74167643791438
8619.452614798296,1.1912283783947673,283.77552576303447,123.0986876433371

Iteration: ,40000
Error:,0.021859723692250133
Absolute Error:,0.03896452298282256
Transition Probabilities
9.411764705882332e-05,9.411764705882332e-05,0.05348211663236436,0.9463296480735179
0.9209844306235112,0.07855023666359899,0.00023266635644485817,0.00023266635644485817
0.025670413640074212,0.013094863777208655,0.9134831026417134,0.047751619941003846
0.045366579811020026,0.011549794351010851,0.9104068725186926,0.03267675331927657

0.035070254099609025,0.02030464614795849,0.03182433724388877,0.9128007625085437
0.0285292290520761,0.006844154174333435,0.9156059018643414,0.04902071490924898
0.0003061009637394556,0.9685264229651518,0.006313092774061786,0.024854383297046867
0.9552070562742901,0.00012350570044741344,0.0315480865326389,0.013121351492623449

Transition Gammas
1.0,1.0,568.2474892188726,10054.75251078115
3958.3910828198495,337.6089171801483,1.0,1.0
72.67004131531922,37.0700801728678,2585.9674776018683,135.1794420861595
144.7698124589246,36.85668104362644,2905.2097985978594,104.27516179319952

96.92839374626601,56.11869053238097,87.95721531780968,2522.830643571138
24.093128913008318,5.779934975520122,773.2354416890038,41.39832876522885
1.4926037203513574,4722.7101950807755,30.78378338432294,121.1944729706481
9219.748040283346,1.1920885971102835,304.50508826691936,126.64851449259558

Iteration: ,42500
Error:,0.022942409897059035
Absolute Error:,0.03828018538995338
Transition Probabilities
8.851907586084785e-05,8.851907586084785e-05,0.05250302028238793,0.9473199415658904
0.9224518170156246,0.07711016283544843,0.00021901007446342537,0.00021901007446342537
0.025514138107962388,0.012730210873890072,0.9146264964047458,0.04712915461340181
0.04553876602148626,0.011790088015159883,0.910902536759882,0.03176860920347186

0.03504156155792586,0.02045847086322328,0.031513817670127814,0.912986149908723
0.02687363375041244,0.00796143852728306,0.9163207993072675,0.04884412841503685
0.00028822046345277876,0.9688421608095877,0.006186562468229698,0.024683056258729887
0.9548920467364908,0.0001163594703328315,0.032195422660600485,0.01279617113257596

Transition Gammas
1.0,1.0,593.1266201301376,10701.873379869885
4211.914996493341,352.0850035066575,1.0,1.0
76.95197512222882,38.39498188506708,2758.561355263048,142.14399553674775
154.70110638667984,40.052461225694834,3094.454298140156,107.92209410822231

102.56518187572833,59.88108667808999,92.23962338528038,2672.272191997365
24.093128913008318,7.137701084725023,821.5128385100505,43.790426463222694
1.4937159035183558,5021.069379542757,32.0621465811309,127.9210824915758
9789.307297562666,1.19288731743312,330.0591800682412,131.18305035328723

Iteration: ,45000
Error:,0.02299763362565886
Absolute Error:,0.03862069227660703
Transition Probabilities
8.362602441879891e-05,8.362602441879891e-05,0.05267775014735013,0.9471549978038123
0.9239301509695776,0.07565594174565421,0.00020695364238410604,0.00020695364238410604
0.026043743057136085,0.012707760063914848,0.914152525262093,0.04709597161685603
0.0446117133816701,0.011734473430678224,0.912001564199555,0.03165224898809671

0.03521787978793749,0.022527486936917474,0.031579246647026604,0.9106753866281185
0.027296065791748682,0.007704854020461287,0.9148047429253211,0.05019433726246903
0.00027255695860621966,0.969177217645243,0.005931337465403265,0.02461888793074746
0.9548359822803136,0.00010996306154914491,0.032447731660356464,0.012606322997780757

Transition Gammas
1.0,1.0,629.9205362620145,11326.079463738017
4464.430489484997,365.569510515001,1.0,1.0
83.54905313707347,40.76684824082098,2932.626763401624,151.0851887352134
160.11507083311588,42.11598035852041,3273.2478531461766,113.60249819140205

109.26505765340715,69.89254247473876,97.97603451188915,2825.411388267098
25.840865750828947,7.294095049868347,866.0349345032989,47.518391131786565
1.4946344527954714,5314.726388805468,32.52597685372758,135.00384755895234
10366.501949907735,1.1938514185909495,352.27984676892856,136.86483790186267

Iteration: ,47243
Error:,0.021706844932253024
Absolute Error:,0.03855176508368558
Transition Probabilities
7.973845785822489e-05,7.973845785822489e-05,0.05244191100552917,0.9473986120787544
0.9234100364938864,0.07619517471811506,0.0001973943939992104,0.0001973943939992104
0.026786106313376218,0.012191717723902753,0.9146781120909446,0.04634406387177638
0.043462082187447806,0.011730155544540087,0.91296195515331,0.03184580711470203

0.03443978392366832,0.022005032353063874,0.03170805778186516,0.9118471259414026
0.027728185618987974,0.0072921094239177,0.9143646212591313,0.05061508369796303
0.0002595268973858447,0.9684770304239111,0.005750855703748653,0.025512586974954364
0.9548760432203075,0.00010481749179274784,0.032643838130483306,0.012375301157416372

*,*,*,*,*,*,*,*,*,*,*
Model Num 2
Model States: 
"['diamond', 'x', 'square']","['diamond', 'x', 'diamond']","['square', 'y', 'diamond', 'x', 'diamond']","['square', 'y', 'diamond', 'x', 'square']"
Iteration: ,47243
Error:,0.021519508220057437
Absolute Error:,0.03855176508368558
Transition Probabilities
7.973845785822489e-05,7.973845785822489e-05,0.05244191100552917,0.9473986120787544
0.9234100364938864,0.07619517471811506,0.0001973943939992104,0.0001973943939992104
0.026786106313376218,0.012191717723902753,0.9146781120909446,0.04634406387177638
0.043462082187447806,0.011730155544540087,0.91296195515331,0.03184580711470203

0.03443978392366832,0.022005032353063874,0.03170805778186516,0.9118471259414026
0.027728185618987974,0.0072921094239177,0.9143646212591313,0.05061508369796303
0.0002595268973858447,0.9684770304239111,0.005750855703748653,0.025512586974954364
0.9548760432203075,0.00010481749179274784,0.032643838130483306,0.012375301157416372

Transition Gammas
1.0,1.0,657.6740059203424,11881.32599407968
4677.99524487803,386.00475512197096,1.0,1.0
90.64334173568126,41.256389527612114,3095.2419781521075,156.82685530341212
163.7649112664029,44.19916822226037,3440.0361430098146,119.9948441000454

112.10119344483161,71.62618656487331,103.20944890487455,2968.0543665380565
27.735735945200695,7.294095049868347,914.6136008087759,50.628866078045704
1.495440796404061,5580.539343954596,33.1374679088958,147.00812813028517
10882.736281836873,1.1946064926470197,372.0423023735416,141.04148895627964

