0,1,2,3,4,5,6,7,8,9,10,11,12,13,14,15,16,17,18,19,20,21,22,23,24,25,26,27,28,29
github Code Version (SHA):,528ca1c557fe8e6666681dc5c9134b0f84d30530
Environment Observations,Environment Actions,alpha,epsilon,numActions,explore,patience,gainThresh,insertRandActions,useUpdatedPosterior,revisedSplitting,haveControl,confidence_factor
"['diamond', 'square']","['x', 'y']",0.85,0.99,75000,0.5,0,0.01,False,True,False,False,250

Model Num 0
Model States: 
['diamond'],['square']
Iteration: ,0
Error:,0.5050931935506688
Absolute Error:,1
Transition Probabilities
0.5,0.5
0.5,0.5

0.5,0.5
0.5,0.5

Transition Gammas
1.0,1.0
1.0,1.0

1.0,1.0
1.0,1.0

Iteration: ,2441
Error:,0.0795701786212376
Absolute Error:,1
Transition Probabilities
0.46511627906976744,0.5348837209302325
0.10848400556328233,0.8915159944367177

0.122,0.878
0.8946629213483146,0.10533707865168539


Model Num 1
Model States: 
['square'],"['diamond', 'x', 'square']","['diamond', 'x', 'diamond']"
Iteration: ,0
Error:,0.5678734351395478
Absolute Error:,1
Transition Probabilities
0.3333333333333333,0.3333333333333333,0.3333333333333333
0.3333333333333333,0.3333333333333333,0.3333333333333333
0.3333333333333333,0.3333333333333333,0.3333333333333333

0.3333333333333333,0.3333333333333333,0.3333333333333333
0.3333333333333333,0.3333333333333333,0.3333333333333333
0.3333333333333333,0.3333333333333333,0.3333333333333333

Transition Gammas
1.0,1.0,1.0
1.0,1.0,1.0
1.0,1.0,1.0

1.0,1.0,1.0
1.0,1.0,1.0
1.0,1.0,1.0

Iteration: ,2500
Error:,0.06854680935206098
Absolute Error:,1
Transition Probabilities
0.8847150259067358,0.05217606724872926,0.063108906844535
0.9957081545064378,0.002145922746781116,0.002145922746781116
0.00303030303030303,0.8424193075565586,0.15455038941313837

0.1255411255411255,0.3847963505456717,0.4896625239132028
0.9377858016559276,0.032158386464993687,0.030055811879078735
0.8835936902682467,0.06931946433039382,0.0470868454013593

Transition Gammas
683.0,40.27992391601899,48.72007608398102
464.0,1.0,1.0
1.0,277.99837149366437,51.00162850633567

87.0,266.6638709281506,339.33612907184965
59.856123124725165,2.0525756908904365,1.9183745086255568
87.97026438048482,6.901420495665884,4.687949092917432

Iteration: ,5000
Error:,0.06525804853723453
Absolute Error:,1
Transition Probabilities
0.8880597014925373,0.05576043672307126,0.056179861784391424
0.9978902953586498,0.0010548523206751054,0.0010548523206751054
0.0015015015015015013,0.8458927928597169,0.15260570563878162

0.1166429587482219,0.39912575346869983,0.4842312877830782
0.8658806946169659,0.06296611965172863,0.0711531857313055
0.8849557726170852,0.059006036774605516,0.05603819060830924

Transition Gammas
1309.0,82.19088372980704,82.80911627019296
946.0,1.0,1.0
1.0,563.3646000445715,101.63539995542858

164.0,561.170809376992,680.829190623008
119.98167648004876,8.724967127947927,9.859416619416384
173.51704550590037,11.569564813237523,10.98764658158532

Iteration: ,7500
Error:,0.06279366058384875
Absolute Error:,1
Transition Probabilities
0.8931777378815081,0.0548069201940675,0.05201534192442442
0.9985704074338814,0.0007147962830593281,0.0007147962830593281
0.0010288065843621402,0.8607846439302147,0.13818654948542314

0.11500236630383341,0.4031010938319373,0.48189653986422926
0.8717886284037536,0.06063354459446436,0.06757782700178211
0.8909258233684659,0.06028903164181833,0.048785144989715847

Transition Gammas
1990.0,122.10981819238239,115.89018180761761
1397.0,1.0,1.0
1.0,836.6826739001684,134.31732609983123

243.0,851.7526112668836,1018.2473887331164
199.54643329080028,13.878602183372953,15.468100762497047
256.8720336948858,17.382553924384695,14.065749447275172

Iteration: ,10000
Error:,0.06112566926857327
Absolute Error:,1
Transition Probabilities
0.8949536560247168,0.05570991633958589,0.049336427635697316
0.998936735778841,0.000531632110579479,0.000531632110579479
0.0007547169811320758,0.8563143242290029,0.142930958789865

0.11553363860514265,0.3984706686238495,0.4859956927710079
0.878838304545432,0.05960956166286523,0.061552133791702865
0.891923010747655,0.06219121700612012,0.0458857722462248

Transition Gammas
2607.0,162.2829862972137,143.7170137027863
1879.0,1.0,1.0
1.0,1134.6164796034284,189.38352039657107

328.0,1131.2582282231087,1379.7417717768915
271.0649535056911,18.38570642297703,18.984864676618674
332.1938479091384,23.162918138077206,17.090007840450642

Iteration: ,12500
Error:,0.05732346757695648
Absolute Error:,1
Transition Probabilities
0.8976989187690602,0.055727090609328254,0.046573990621611584
0.9991460290350128,0.0004269854824935952,0.0004269854824935952
0.000595238095238095,0.844711049791561,0.15469371211320093

0.11584852734922861,0.3958399256341517,0.4883115470166197
0.8848394149640542,0.06090497123369572,0.05425561380225003
0.9006566637669874,0.058853956622043076,0.04048937961096958

Transition Gammas
3238.0,201.00761582784702,167.99238417215298
2340.0,1.0,1.0
1.0,1419.1145636498231,259.8854363501777

413.0,1411.169334885751,1740.8306651142493
344.6778583431864,23.724751285109086,21.134579283195997
416.07224253729066,27.188493350515145,18.704693643435025

Iteration: ,15000
Error:,0.06250222171271456
Absolute Error:,1
Transition Probabilities
0.8951258951258951,0.05756803221981796,0.047306072654286914
0.9992945326278659,0.0003527336860670194,0.0003527336860670194
0.0004887585532746823,0.8420572717816545,0.1574539696650708

0.11854460093896714,0.39216213030714353,0.4892932687538892
0.8788510364341647,0.06311030297784762,0.058038660587987706
0.9004721991472364,0.05727025834614914,0.0422575425066144

Transition Gammas
3875.0,249.21201147959195,204.78798852040805
2833.0,1.0,1.0
1.0,1722.849178065265,322.15082193473484

505.0,1670.6106751084315,2084.389324891568
403.9981551712958,29.011112143419457,26.67973391861215
482.0513862319795,30.65858940650174,22.621805496450996

Iteration: ,17500
Error:,0.06347606963555402
Absolute Error:,1
Transition Probabilities
0.895236212690255,0.05620672488966565,0.048557062420079344
0.999390801096558,0.0003045994517209869,0.0003045994517209869
0.0004149377593360996,0.8391190881958315,0.16046597404483234

0.11784920153628461,0.3915766430451886,0.4905741554185267
0.870942415168859,0.06603509287834519,0.06302249195279591
0.9019575340943687,0.056408291917550916,0.04163417398808037

Transition Gammas
4529.0,284.34982121681855,245.65017878318142
3281.0,1.0,1.0
1.0,2022.277002551954,386.72299744804593

583.0,1937.1296531445478,2426.8703468554518
488.2168927412967,37.01673875958608,35.32799029892458
554.0411658527304,34.64965326681468,25.57442609405383

Iteration: ,20000
Error:,0.06416331032195777
Absolute Error:,1
Transition Probabilities
0.8930490552955451,0.057181996083636104,0.04976894862081874
0.999468085106383,0.00026595744680851064,0.00026595744680851064
0.00036536353671903554,0.8416417356625578,0.15799290080072315

0.11987994350282485,0.39198755604907787,0.4881325004480972
0.865067228575048,0.0710993830024633,0.06383338842248872
0.9019378077981391,0.05793801579088461,0.04012417641097629

Transition Gammas
5152.0,329.8829354064967,287.1170645935033
3758.0,1.0,1.0
1.0,2303.57343050842,432.4265694915791

679.0,2220.217517461977,2764.7824825380226
559.7592129644873,46.006291022347774,41.30468255407836
630.6817215709798,40.51326735332927,28.05690640385686

Iteration: ,22500
Error:,0.06383314865004587
Absolute Error:,1
Transition Probabilities
0.8932775712515489,0.05837103777104595,0.0483513909774051
0.9995308468214872,0.0002345765892563922,0.0002345765892563922
0.0003246753246753247,0.8434442418547153,0.1562310828206093

0.11671627761240796,0.3943711919619995,0.4889125304255925
0.8659033660686413,0.06941929021801202,0.06467734371334684
0.9035596905618842,0.057476963211174396,0.038963346226941316

Transition Gammas
5767.0,376.84341984987265,312.15658015012735
4261.0,1.0,1.0
1.0,2597.808264912523,481.1917350874767

745.0,2517.2713182934426,3120.728681706557
630.5345012222696,50.549817968196216,47.09682195119641
704.6259032405369,44.82244785954522,30.384913487408326

Iteration: ,23056
Error:,0.06338785898652771
Absolute Error:,1
Transition Probabilities
0.8931378476420798,0.05880048154994283,0.04806167080797736
0.9995422293430991,0.00022888532845044633,0.00022888532845044633
0.0003165558721114276,0.8430342373642604,0.15664920676362823

0.1160085705540251,0.3941653111473385,0.4898261182986363
0.8654637979182462,0.0708530887423038,0.06368311333944997
0.9019610192247722,0.058946573231947304,0.03909240754328036


Model Num 2
Model States: 
"['diamond', 'x', 'square']","['diamond', 'x', 'diamond']","['square', 'y', 'diamond', 'x', 'diamond']","['square', 'y', 'diamond', 'x', 'square']"
Iteration: ,0
Error:,0.5055907600083231
Absolute Error:,0.6
Transition Probabilities
0.25,0.25,0.25,0.25
0.25,0.25,0.25,0.25
0.25,0.25,0.25,0.25
0.25,0.25,0.25,0.25

0.25,0.25,0.25,0.25
0.25,0.25,0.25,0.25
0.25,0.25,0.25,0.25
0.25,0.25,0.25,0.25

Transition Gammas
1.0,1.0,1.0,1.0
1.0,1.0,1.0,1.0
1.0,1.0,1.0,1.0
1.0,1.0,1.0,1.0

1.0,1.0,1.0,1.0
1.0,1.0,1.0,1.0
1.0,1.0,1.0,1.0
1.0,1.0,1.0,1.0

Iteration: ,2500
Error:,0.052113731930077505
Absolute Error:,0.1395429822608045
Transition Probabilities
0.0016835016835016839,0.0016835016835016839,0.14868331138050986,0.8479496852524868
0.8126482000708967,0.18187234787430873,0.002739726027397261,0.002739726027397261
0.08379716799678576,0.0809876298167493,0.7337703748560223,0.10144482733044262
0.048085225576610775,0.03674201203888878,0.7927409730234004,0.12243178936110005

0.025903849526464993,0.054150608436802146,0.32562260233981033,0.5943229396969224
0.0732497785206697,0.1115240167494812,0.5747302749189527,0.2404959298108964
0.004010338670707113,0.9217479096325,0.056005417675947244,0.018236334020845613
0.9023277485757318,0.0029317599266732684,0.0620027725847008,0.03273771891289402

Transition Gammas
1.0,1.0,88.31788696002285,503.6821130399771
296.6165930258772,66.38340697412266,1.0,1.0
14.784485929153249,14.2887940259166,129.4604345424237,17.89809438798503
6.627040709925242,5.063734372179302,109.25448799822622,16.873383509292665

3.7268735433305658,7.790829302501414,46.84841380547883,85.50723080320395
3.6474211742511464,5.553259932585503,28.618289591565645,11.975325583625548
1.3746575138422066,315.9552830537495,19.197448032621455,6.251021583239877
421.5263441741816,1.3695844396203098,28.964865701565575,15.293568209263567

Iteration: ,5000
Error:,0.04004913165355363
Absolute Error:,0.12191923200165855
Transition Probabilities
0.0008340283569641371,0.0008340283569641371,0.142055140295243,0.8562768029908288
0.8184461193057047,0.1787409411724951,0.001406469760900141,0.001406469760900141
0.06857680769145327,0.06051102344311957,0.7601535126477886,0.11075865621763856
0.056118685537432475,0.031370384995859625,0.8146748286078875,0.09783610085882034

0.04500671269286432,0.061763357619271514,0.2894060291542485,0.6038239005336158
0.06294869136843374,0.08236431669522576,0.6424599815438786,0.21222701039246197
0.0020511221902365945,0.9244967602002818,0.04977148643982144,0.02368063116966
0.8984289641673862,0.001435336884087354,0.07284456820892808,0.027291130739598397

Transition Gammas
1.0,1.0,170.32411321399627,1026.6758867860033
581.9151908263558,127.08480917364396,1.0,1.0
23.725733759981487,20.935189025055486,262.9927006655324,38.31952051277121
15.730973390175693,8.79362527620622,228.3665044493656,27.425038282161136

13.658053105210351,18.743142252507898,87.82518603682587,183.24064136750258
6.387811334919853,8.358040561944447,65.19457455149474,21.536049012147288
1.4088036059892948,634.9862410417114,34.18531080480372,16.264929872398923
886.7510750950735,1.4166802004960086,71.89772564152183,26.936397299175123

Iteration: ,7500
Error:,0.03972279757158779
Absolute Error:,0.11465859469061722
Transition Probabilities
0.0005571030640668533,0.0005571030640668533,0.1361365040682752,0.8627492898035911
0.8239583363726104,0.17414052294297908,0.0009505703422053238,0.0009505703422053238
0.07431956634695001,0.05944695505819948,0.7591567081881085,0.10707677040674204
0.06457106619673665,0.03273810752829376,0.8169620281890679,0.08572879808590159

0.06028509037878025,0.06639448946819881,0.2537621521544785,0.6195582679985424
0.04965645787650456,0.06900244321455448,0.6793862404086792,0.20195485850026165
0.0013814881456914088,0.9155911151982209,0.06062426569606994,0.022403130960017698
0.8890223246434874,0.0009675294761473306,0.08646254536151061,0.023547600518854572

Transition Gammas
1.0,1.0,244.36502480255362,1548.6349751974435
866.8041698639855,183.19583013601388,1.0,1.0
40.2571813637216,32.201033576094815,411.2175405106998,58.000997287609906
27.826951945446375,14.108513280530708,352.0704309017671,36.944893203541724

27.803504061169033,30.621160986400106,117.03519035415586,285.74048263335885
7.549228851601226,10.490382468314682,103.28650948542284,30.703024535155166
1.4267144129980323,945.5651462086715,62.60894377976497,23.13655020249405
1323.751328057493,1.4406482193778527,128.7424467045068,35.062300006809394

Iteration: ,10000
Error:,0.04375432215705136
Absolute Error:,0.11133179210206723
Transition Probabilities
0.0004116920543433521,0.0004116920543433521,0.1333102132082922,0.8658664026830211
0.823316669339119,0.17522560471335924,0.0007288629737609331,0.0007288629737609331
0.08222601856847293,0.058641606476797545,0.7552674061185843,0.1038649688361452
0.07847719799700191,0.03472416533248389,0.8057146593578519,0.08108397731266223

0.05705279050385152,0.06769682047524356,0.2293004080772539,0.645949980943651
0.06144169667401744,0.06595885957766483,0.6978530249841601,0.17474641876415759
0.0010666587633604981,0.9119198271707742,0.06546946526556895,0.021544048800296325
0.8956310483275276,0.0007233326903167961,0.08274101218472593,0.020904606797429726

Transition Gammas
1.0,1.0,323.810507882941,2103.1894921170533
1129.5904703332708,240.4095296667288,1.0,1.0
61.694191796647424,43.99880451745748,566.6772272578696,77.9298988311572
47.20673960364322,20.887782344969118,484.6651395555342,48.774807214355334

34.85040617230408,41.35225760739118,140.06698509212978,394.57525221940904
12.064038967386448,12.950981096943224,137.02300787011998,34.311350752029675
1.4362753805130892,1227.9165950324384,88.1558229925811,29.009452649085222
1799.7153440998259,1.453492422000188,166.26296005846618,42.00651784678807

Iteration: ,12500
Error:,0.03995321401693561
Absolute Error:,0.10678763817804887
Transition Probabilities
0.00033036009250082663,0.00033036009250082663,0.1301896354034192,0.8691496444115792
0.8213617599943889,0.17746521947775187,0.0005865102639296192,0.0005865102639296192
0.07709134222258415,0.05378617296545746,0.7673062114081337,0.10181627340382475
0.086019937191662,0.03656337854494744,0.8010608681666977,0.07635581609669286

0.06222953178764531,0.06541747661940654,0.21714564080390025,0.6552073507890479
0.056298415805972904,0.05316238192561454,0.7194476091093736,0.17109159315903896
0.0008584415732879391,0.9090692856889796,0.06835103564704437,0.021721237090688014
0.8971092341017421,0.0005831982653380483,0.08255246871207507,0.01975509892084483

Transition Gammas
1.0,1.0,394.0840263661491,2630.9159736338443
1400.4218007904321,302.5781992095667,1.0,1.0
73.70859036887622,51.426047028391395,733.636976521702,97.34859677938633
66.19354575639368,28.136031596148616,616.4275511211199,58.75686929765782

48.267313815495136,50.73999084199423,168.42544829221234,508.2008156942753
13.714955810505217,12.950981096943224,175.26589382044108,41.679923069455285
1.444870250733446,1530.0833599154453,115.04379690626902,36.55970337184037
2256.5334817649245,1.466941106185605,207.64741078344787,49.690762792225186

Iteration: ,15000
Error:,0.0392200231511694
Absolute Error:,0.10233954362964309
Transition Probabilities
0.0002737476047084593,0.0002737476047084593,0.12797560905341132,0.8714768957371718
0.8208867381058204,0.17812169025312852,0.0004957858205255335,0.0004957858205255335
0.07848538208380991,0.05285557082212795,0.7631164177823472,0.10554262931171504
0.08503144143139306,0.0354501101085617,0.8088120119378767,0.07070643652216853

0.06026967963608448,0.06279413937576642,0.20696109893651884,0.6699750820516303
0.05487930535711339,0.04689316540589305,0.7441575710332773,0.1540699582037161
0.0007243516304508724,0.9128393548439522,0.06466406148750496,0.021772232038091897
0.8995565059803232,0.0004812938687552758,0.08248659000123897,0.017475610149682522

Transition Gammas
1.0,1.0,467.4948998721107,3183.5051001278825
1655.728550759438,359.27144924055983,1.0,1.0
89.7691456969023,60.45456251914338,872.8288895688879,120.71638585896505
77.93797645685027,32.49280266832902,741.3395619700622,64.8079874014464

56.523737172896354,58.891294121778955,194.097842097997,628.334108940624
16.680383534780546,14.253022683874255,226.18423492010956,46.82905472841375
1.4530442254278715,1831.1492616834364,129.71564801841708,43.67494281462899
2762.8612883993883,1.4782264254526043,253.345959716154,53.673878686586264

Iteration: ,17500
Error:,0.03754868678872231
Absolute Error:,0.09813535411817859
Transition Probabilities
0.0002357934449422309,0.0002357934449422309,0.12450552069064257,0.8750228924194731
0.8187675144563696,0.180380696787242,0.00042589437819420833,0.00042589437819420833
0.07480307114788326,0.05293335036671055,0.769494192196482,0.10276938628892407
0.0822891704674299,0.03712310383102377,0.8127528430923288,0.06783488260921752

0.05828035274561925,0.058625727062404646,0.19818315022766136,0.6849107699643148
0.05089989588118598,0.04365603419693413,0.7589799859868076,0.1464640839350724
0.000626717715602,0.9148378623435021,0.06382658200009113,0.020708837940804893
0.8996985015612423,0.0004147794761505106,0.08372770641112681,0.016159012551480452

Transition Gammas
1.0,1.0,528.0279132490144,3710.9720867509805
1922.4661239435536,423.5338760564437,1.0,1.0
102.92514981378505,72.83354724658824,1058.7841354278619,141.40535031171078
88.7241853245867,40.02613132953239,876.3101324754516,73.13957185258008

64.1603725052431,64.54059231817759,218.17823921501733,754.0127686867244
18.080276012013496,15.50716625654673,269.59912975593846,52.02586405233958
1.4590928915254497,2129.87983044576,148.5978611554698,48.21328243794187
3226.892652137563,1.4876637468273501,300.30095651993827,57.95652518892356

Iteration: ,20000
Error:,0.03477347790298271
Absolute Error:,0.09679715661019492
Transition Probabilities
0.00020550760378134007,0.00020550760378134007,0.12604143748282676,0.8735475473096107
0.8207027084792086,0.17854878852677944,0.0003742514970059885,0.0003742514970059885
0.07118110667885187,0.053315506741838284,0.7691084877236694,0.10639489885564049
0.07793340970932251,0.03826954223708429,0.8153937238809229,0.0684033241726702

0.05931177620780325,0.057262211538416305,0.18861335673855983,0.6948126555152206
0.054630491008901036,0.045243336282951796,0.7541031929501459,0.14602297975800124
0.0005503745130242747,0.9131520595888903,0.06567499557547697,0.020622570322608277
0.8976172680175137,0.00036199992778917904,0.08672609497045632,0.015294637084240666

Transition Gammas
1.0,1.0,613.3176347914346,4250.682365208562
2192.917637056443,477.0823629435541,1.0,1.0
113.1439381785069,84.74617325030353,1222.5148954227438,169.1170370944456
95.91976111904945,47.10181888881723,1003.5794854138715,84.1902149394416

73.92014604557478,71.36577776700348,235.0684428571563,865.9435992955742
22.08989665998365,18.294190745612315,304.9224214462636,59.044545880277276
1.4642531575235083,2429.410801028779,174.72614985987397,54.86566509993517
3702.61243711484,1.493225991326112,357.739461239675,63.08937618183434

Iteration: ,22500
Error:,0.03599690776426265
Absolute Error:,0.09643685003957127
Transition Probabilities
0.0001827819411442151,0.0001827819411442151,0.12405301255502044,0.8755814235626911
0.8191682146134941,0.1801675542340649,0.0003321155762205252,0.0003321155762205252
0.07188229578454605,0.04959992580181751,0.7727498632946936,0.10576791511894287
0.0757901600771893,0.039125137099518044,0.8176320708146851,0.06745263200860753

0.06104982155866151,0.05985080496442568,0.1862414959126484,0.6928578775642643
0.054505378432691,0.04475094693988906,0.7567494492728882,0.14399422535453155
0.0004907334487511461,0.9125069489059314,0.06706174632734814,0.019940571317969218
0.8978032114317973,0.0003234370391445754,0.08778617408747277,0.014087177441585304

Transition Gammas
1.0,1.0,678.6940316885162,4790.305968311479
2466.5154942012273,542.4845057987687,1.0,1.0
130.47566569538375,90.03028168203141,1402.6409664432042,191.98244830299092
105.20197705911099,54.30839269089869,1134.929788630021,93.6289122218377

85.54798426564005,83.86782451874599,260.9767589023208,970.888911628327
24.36476836306419,20.004382825534332,338.27900237734406,64.36770181707024
1.4681429629019904,2729.976240757077,200.63077257312113,59.65684534287292
4162.792554730084,1.4996619318478146,407.03310842114473,65.31720606954823

Iteration: ,25000
Error:,0.035988874677906395
Absolute Error:,0.09527342433360916
Transition Probabilities
0.0001654533421575119,0.0001654533421575119,0.12379404947282101,0.875875043842864
0.8215944653617214,0.1778092317163943,0.0002981514609421589,0.0002981514609421589
0.07081317196388298,0.04900813690590101,0.7763029571674075,0.10387573396280858
0.07427539787532854,0.03792333220116153,0.8230637160095055,0.06473755391400449

0.060898990697516885,0.06070239763730361,0.18254772365626118,0.6958508880089183
0.06353157668379082,0.04445127857727994,0.7542587149274844,0.13775842981144482
0.0004393697505294676,0.9124992249239154,0.0673556273609086,0.01970577796464646
0.8969295675737947,0.0002952559042291246,0.08878367357583336,0.013991502946142773

Transition Gammas
1.0,1.0,748.2112350137287,5293.78876498626
2755.6278368232106,596.3721631767858,1.0,1.0
145.26982335449554,100.53784054306027,1592.548255214438,213.0960823403331
116.5036297654714,59.48410887886556,1291.0050055109232,101.54317888379352

94.92472028563267,94.61828595828014,284.5415237326111,1084.6395013809147
31.818995001581328,22.262866509737236,377.7610368404407,68.9945853447456
1.4723961302480795,3057.9263274571636,225.71914647542874,66.03711608208988
4571.292220364436,1.504801566158892,452.4949683735237,71.30910930043156

Iteration: ,27500
Error:,0.03674859890500119
Absolute Error:,0.09374889913163133
Transition Probabilities
0.00015057973196807737,0.00015057973196807737,0.12386692772946446,0.8758319128065994
0.8217545111801533,0.17770392369664068,0.0002707825616030331,0.0002707825616030331
0.07018672109450917,0.04913736277450308,0.7787097323583692,0.10196618377261867
0.07519165395698604,0.03824806520377366,0.8215241060174497,0.06503617482179044

0.05981287885724649,0.05913236214220391,0.17934546471372959,0.70170929428682
0.06287973894837594,0.04683352310532231,0.7572853021622212,0.13300143578408044
0.0003998529555018475,0.9127332115497097,0.06711086750731056,0.019756067987478004
0.8969635311878879,0.00026944675416756294,0.08922820448389748,0.013538817574047209

Transition Gammas
1.0,1.0,822.600267051372,5816.3997329486165
3034.7394097883025,656.2605902116932,1.0,1.0
159.15346133312838,111.42252044818174,1765.7805827935172,231.21568913997456
130.33965240275506,66.30043710156468,1424.0565379776433,112.73581539682836

103.0002469834444,101.82836910254458,308.8402951639027,1208.3723773707723
34.4291748441424,25.643229162960303,414.644025422051,72.82361160709547
1.475649158211238,3368.423258505953,247.67128460935234,72.90936504069734
5026.163639009496,1.5098534459395452,499.9930781546201,75.8651943359832

Iteration: ,30000
Error:,0.035399231677306395
Absolute Error:,0.09271725861598323
Transition Probabilities
0.00013758943313153563,0.00013758943313153563,0.12229696427258749,0.8774278568611494
0.8208559248670617,0.17864557064639797,0.00024925224327018974,0.00024925224327018974
0.0710822563846794,0.04736264364948862,0.7808057333684522,0.10074936659737976
0.07544885431293388,0.037817909327977135,0.8231407788029156,0.06359245755617333

0.0605684605826024,0.05897077819325889,0.17533507888999023,0.7051256823341485
0.058782870807962864,0.0455328491367395,0.7628578757189659,0.13282640433633178
0.0003677036443080392,0.912767884234772,0.0665035280057614,0.02036088411515853
0.8974738820634609,0.00024656557218241275,0.08926585518242408,0.013013697181932536

Transition Gammas
1.0,1.0,888.854336333165,6377.145663666828
3293.2739705666477,716.7260294333478,1.0,1.0
175.8128913375099,117.14545577086498,1931.223353596298,249.19070303634635
142.98926327406377,71.67179730714348,1560.0010709730702,120.5192409950964

113.15003865441037,110.16535285634312,327.54953259576587,1317.269705138316
35.32318564928071,27.361121719490217,458.40854653166576,79.81664854080421
1.479641825679728,3672.9838269417246,267.61062370693594,81.93232841436885
5508.895720153841,1.513474712166532,547.9338144522808,79.88098834040156

Iteration: ,32500
Error:,0.03437180590907283
Absolute Error:,0.09203978838558338
Transition Probabilities
0.00012724265173686235,0.00012724265173686235,0.12269055097368951,0.8770549637228368
0.8226112017053648,0.17692828712723932,0.00023025558369790477,0.00023025558369790477
0.07056156153412775,0.04795712312548538,0.77894344555897,0.10253786978141687
0.07495440659868866,0.038173877026094385,0.8261238630081412,0.060747853367075715

0.059797245738626735,0.058668726832705596,0.17044170608813836,0.7110923213405294
0.05935016103969572,0.04648604783655493,0.7576665712661098,0.1364972198576395
0.00033930189766258453,0.911224103208834,0.06812355000218684,0.020313044891316648
0.8948359573421495,0.00022844662042170825,0.09190414386961636,0.013031452167812601

Transition Gammas
1.0,1.0,964.2250401022246,6892.774959897765
3572.600449006398,768.3995509936001,1.0,1.0
190.8790721373437,129.73084729908615,2107.1529442251544,277.3795394727806
154.68090699125148,78.7781558112166,1704.8442408648366,125.36331728834226

120.91959389288033,118.63754818795125,344.6603874143697,1437.9423944153225
38.52541815467876,30.175055971016796,491.8170560704219,88.6031710756356
1.482591349725787,3981.625161502978,297.6682023932922,88.75855057081395
5943.55991856794,1.5173576402804367,610.433433493435,86.55577164712801

Iteration: ,35000
Error:,0.03562059277319057
Absolute Error:,0.0924081903204042
Transition Probabilities
0.00011782726522917408,0.00011782726522917408,0.12140136178354222,0.8783629836859994
0.8216143475014784,0.17795857583826102,0.00021353833013025854,0.00021353833013025854
0.07050544133199976,0.04692035565978396,0.7816756141642283,0.10089858884398797
0.0751021839043233,0.0384441568346346,0.8253097545934679,0.06114390466757435

0.061636509959268344,0.06020793604111194,0.1685376737755626,0.7096178802240573
0.06073629204230823,0.044444557497212794,0.7592067407597078,0.135612409700771
0.00031677516037057515,0.9128482307456252,0.0672694606751563,0.019565533418848032
0.8958923613732743,0.00021209532740004694,0.09115160819446773,0.01274393510485786

Transition Gammas
1.0,1.0,1030.3333574569224,7454.666642543074
3847.6199893494204,833.3800106505757,1.0,1.0
205.24753987216624,136.58928143928807,2275.526452345688,293.7246650125231
167.26057010195515,85.61923575274088,1838.052808688852,136.17399416755657

134.54263263712647,131.42428450235192,367.8907573333757,1548.9822158135553
41.68952925989211,30.50684554355606,521.1212368901521,93.0846670436602
1.4846477198374426,4278.296450860306,315.27551367737306,91.6988710343156
6424.794927203027,1.5210186427692172,653.6838745187277,91.39174876855677

Iteration: ,37500
Error:,0.034939907207202456
Absolute Error:,0.09171784923074913
Transition Probabilities
0.00011022927689594365,0.00011022927689594365,0.1220737283984531,0.877705813047755
0.8215341333394937,0.1780675396340175,0.00019916351324437374,0.00019916351324437374
0.06951731115065223,0.04622317141173075,0.7822883458562118,0.10197117158140526
0.07570064241135019,0.03868597513325411,0.823333352410695,0.06228003004470054

0.060594287596721114,0.059359807792614745,0.1657076663597791,0.714338238250885
0.06152271671919807,0.04162876022906422,0.7652779427136654,0.13157058033807226
0.0002952867367672827,0.91188580281625,0.0681589810679381,0.01965992937904461
0.8947494165318253,0.0001987866280604045,0.09287729835526057,0.012174498484853828

Transition Gammas
1.0,1.0,1107.4528640307656,7962.5471359692265
4124.922883497596,894.0771165024014,1.0,1.0
218.5437192826868,145.3132123517988,2459.3040470799815,320.56992320544083
180.85484949291498,92.42386837607991,1967.0087966176552,148.79194021819453

141.8402881452475,138.9505937851242,387.8917316558972,1672.136855886672
45.08575336005676,30.50684554355606,560.8193918769734,96.41899855685016
1.4867684701019563,4591.344246623902,343.1804120818015,98.98772781058166
6865.14689538451,1.525230838107286,712.6199633935594,93.4113159862394

Iteration: ,40000
Error:,0.036520471235479156
Absolute Error:,0.09144759411136305
Transition Probabilities
0.00010326311441553093,0.00010326311441553093,0.12140622672654938,0.8783872470446195
0.820802335554818,0.17882383266948107,0.00018691588785046742,0.00018691588785046742
0.07034386732654425,0.04676178535559283,0.7807826919194997,0.10211165539836331
0.0754780054731011,0.03890691519559217,0.8224300911362438,0.06318498819506296

0.05885038096241078,0.05937592776480902,0.16060555451584044,0.7211681367569397
0.06357960891138247,0.040947068691141814,0.7648386743598949,0.13063464803758068
0.0002786188958993856,0.9129973625787116,0.06748326023691285,0.01924075828847619
0.8947932495813339,0.00018619003071255962,0.09352493746820119,0.011495622919752362

Transition Gammas
1.0,1.0,1175.6978996199025,8506.302100380082
4391.292495218273,956.7075047817231,1.0,1.0
236.55128716510603,157.24982058002107,2625.604161232963,343.37952172737363
193.3024944240276,99.64232242904642,2106.279665308232,161.81953605823853

147.6913543975963,149.01027056731658,403.0568958486787,1809.8489274700567
49.16108839946922,31.66113315402888,591.3893200247129,101.00945240415463
1.4886458341743074,4878.095995706391,360.55944412491846,102.80234073872094
7345.426886057837,1.5284483406103915,767.7534341226146,94.36845629561975

Iteration: ,42500
Error:,0.035673666902111156
Absolute Error:,0.09062540626654325
Transition Probabilities
9.704027171276101e-05,9.704027171276101e-05,0.12262848310217689,0.8771774363543977
0.8222638602134086,0.17738427490270692,0.00017593244194229427,0.00017593244194229427
0.0682330622416987,0.04667370989006905,0.7842755045317004,0.10081772333653183
0.07604198948917089,0.03891969002910548,0.823401085955908,0.06163723452581566

0.059667271135391116,0.06010737360288843,0.15677041131503508,0.7234549439466853
0.06426347540890907,0.04170803645027531,0.7629654828009796,0.13106300533983595
0.00026210178054225213,0.9115701510757955,0.06898101687286903,0.019186730270793196
0.8951345196461045,0.0001751980518970608,0.09352582178301871,0.011164460518979609

Transition Gammas
1.0,1.0,1263.6865183679301,9039.313481632049
4673.747781453011,1008.2522185469855,1.0,1.0
243.46187007404743,166.53610903286463,2798.367458728337,359.7269513300522
205.91287404279709,105.38999945404088,2229.674489556676,166.9064709448202

159.71797486782492,160.89604575166848,419.64467517908076,1936.5517536923796
52.224544189493066,33.89457508786431,620.0337644059903,106.51004587637229
1.4903233135852032,5183.231664073496,392.22937527461187,109.09666990768295
7824.25648543444,1.5313837905983199,817.4972605577522,97.58712316953054

Iteration: ,45000
Error:,0.0352390105613703
Absolute Error:,0.09060092821598095
Transition Probabilities
9.181050312155737e-05,9.181050312155737e-05,0.12418488687442258,0.8756314921193342
0.8215217277790047,0.17814796668837757,0.00016515276630883578,0.00016515276630883578
0.06807567821043968,0.04643828482191753,0.7853848004344528,0.10010123653318993
0.07565321084575637,0.039427625078747384,0.8230784461587026,0.06184071791679369

0.06020733577307975,0.05932151859267287,0.15521080918971167,0.7252603364445357
0.06515862608684123,0.041128570696888654,0.7625947473816361,0.1311180558346339
0.00024724207686791617,0.9133906094180541,0.06783397699940434,0.018528171505673655
0.8943402194361029,0.00016612386430842887,0.0945910852090329,0.010902571490555806

Transition Gammas
1.0,1.0,1352.621787836207,9537.378212163761
4974.31406170187,1078.6859382981254,1.0,1.0
256.84550581095715,175.20890085307408,2963.210380368854,377.6760423919892
216.6050669560311,112.88646277699152,2356.5815640496676,177.05808775633082

171.64911025165682,169.1236749552746,442.50085071470517,2067.693078476737
55.546394849628776,35.06126455897774,650.0964107477972,111.775458426633
1.4918653176072736,5511.423414983431,409.31203508229856,111.79948339764502
8260.949660066295,1.5344729562234154,873.7303502861096,100.70618797122128

Iteration: ,47500
Error:,0.03500889332916056
Absolute Error:,0.08965454831469859
Transition Probabilities
8.71763577717725e-05,8.71763577717725e-05,0.1235188332696507,0.8763068140148057
0.8225474789249381,0.17713918878616966,0.0001566661444461853,0.0001566661444461853
0.06828244594559982,0.04469011556993351,0.7876017596847793,0.0994256787996873
0.07552395641762268,0.0384000203373957,0.8253304250354457,0.060745598209535935

0.05907648373544924,0.06069423216407675,0.1526032240093088,0.7276260600911653
0.06460323609330311,0.04160251625307063,0.7649064328346942,0.1288878148189321
0.0002339928015481405,0.9126519717775639,0.06876650934929475,0.01834752607159315
0.8932004818184015,0.0001577698068448919,0.09580991730818683,0.010831831066566768

Transition Gammas
1.0,1.0,1416.8845364361598,10052.115463563812
5250.320557977875,1130.67944202212,1.0,1.0
273.26664375896354,178.85003564057158,3151.9856459035163,397.9019962274524
227.93188989851373,115.89156107295308,2490.853664085549,183.33068948814392

178.45648977321054,183.34333624162616,460.9792926527008,2197.9912198711886
58.37211035937336,37.58986107823781,691.1295070039037,116.4562985625588
1.4938528174495975,5826.537014688257,439.0179657577351,117.13396024980062
8707.46651302416,1.5380369108975596,934.0138788083033,105.59533744859851

Iteration: ,50000
Error:,0.03441758362863753
Absolute Error:,0.08900674124739058
Transition Probabilities
8.282259400364431e-05,8.282259400364431e-05,0.12366548337743657,0.8761688714345561
0.8222425748501426,0.17745980610223833,0.00014880952380952396,0.00014880952380952396
0.06750229115268926,0.04441189636852489,0.7896625023422686,0.09842331013651713
0.07597168874158301,0.037303588259972834,0.8253405357334643,0.061384187264979795

0.0582679187537584,0.06034535194794233,0.150195766935837,0.7311909623624623
0.06243207992826514,0.04215569541001375,0.7661206061699657,0.12929161849175547
0.00022256229505916513,0.9132692283261524,0.0683409128294388,0.018167296549349708
0.8930659470393425,0.0001500220314918832,0.09626946751663241,0.01051456341253321

Transition Gammas
1.0,1.0,1493.137046299167,10578.862953700815
5525.470102992953,1192.5298970070405,1.0,1.0
285.4430193591734,187.8020075825738,3339.1999752043603,416.1969370364479
241.4424932786674,118.55299660857581,2622.980745225521,195.08255597100114

185.30380257791785,191.91046158886874,477.6530094018862,2325.335598633029
59.30450515257433,40.0438790206262,727.7413068458478,122.81467258241405
1.4954783600678399,6136.5936557876685,459.20786455108777,122.07278345716723
9171.338796282007,1.540650925365466,988.6390867994945,107.97928604379425

Iteration: ,52268
Error:,0.0344454591976624
Absolute Error:,0.08859026258646233
Transition Probabilities
7.907013520993125e-05,7.907013520993125e-05,0.12333431617293257,0.8765075435566476
0.8226734708362383,0.17704101881401146,0.00014275517487508934,0.00014275517487508934
0.06768118388326376,0.04391740475339087,0.7889195783541074,0.09948183300923791
0.07521732469953726,0.03777765224725466,0.8258836619695915,0.06112136108361654

0.05754618160712421,0.06040962705373456,0.14848649932610083,0.7335576920130404
0.06338178492225044,0.042881874775850065,0.7668410355472538,0.12689530475464575
0.00021351913823054877,0.9139779839186972,0.06802015718513013,0.017788339757942074
0.893480795058256,0.00014336582893407858,0.09613918564651247,0.010236653466297476

*,*,*,*,*,*,*,*,*,*,*
Model Num 2
Model States: 
"['diamond', 'x', 'square']","['diamond', 'x', 'diamond']","['square', 'y', 'diamond', 'x', 'diamond']","['square', 'y', 'diamond', 'x', 'square']"
Iteration: ,52268
Error:,0.03528525440858602
Absolute Error:,0.08859026258646233
Transition Probabilities
7.907013520993125e-05,7.907013520993125e-05,0.12333431617293257,0.8765075435566476
0.8226734708362383,0.17704101881401146,0.00014275517487508934,0.00014275517487508934
0.06768118388326376,0.04391740475339087,0.7889195783541074,0.09948183300923791
0.07521732469953726,0.03777765224725466,0.8258836619695915,0.06112136108361654

0.05754618160712421,0.06040962705373456,0.14848649932610083,0.7335576920130404
0.06338178492225044,0.042881874775850065,0.7668410355472538,0.12689530475464575
0.00021351913823054877,0.9139779839186972,0.06802015718513013,0.017788339757942074
0.893480795058256,0.00014336582893407858,0.09613918564651247,0.010236653466297476

Transition Gammas
1.0,1.0,1559.8090966390773,11085.190903360915
5762.827663207845,1240.1723367921493,1.0,1.0
299.1796753659285,194.13364458423183,3487.3607374969747,439.75209647405575
249.73743393471233,125.42979918515155,2742.1085141327558,202.93585203401005

190.8171508636875,200.31203803980105,492.36578260861876,2432.400984303393
63.39527171086212,42.890999460190905,767.004208972519,126.92230636328047
1.4971255057686494,6408.5110251719725,476.93482219984537,124.72594905351383
9618.833612867373,1.5434154398335957,1034.993516956429,110.20345035897215

