0,1,2,3,4,5,6,7,8,9,10,11,12,13,14,15,16,17,18,19,20,21,22,23,24,25,26,27,28,29
github Code Version (SHA):,528ca1c557fe8e6666681dc5c9134b0f84d30530
Environment Observations,Environment Actions,alpha,epsilon,numActions,explore,patience,gainThresh,insertRandActions,useUpdatedPosterior,revisedSplitting,haveControl,confidence_factor
"['diamond', 'square']","['x', 'y']",0.99,0.99,75000,0.5,0,0.01,False,True,False,False,250

Model Num 0
Model States: 
['diamond'],['square']
Iteration: ,0
Error:,0.675674535649174
Absolute Error:,1
Transition Probabilities
0.5,0.5
0.5,0.5

0.5,0.5
0.5,0.5

Transition Gammas
1.0,1.0
1.0,1.0

1.0,1.0
1.0,1.0

Iteration: ,2500
Error:,0.1408728967631261
Absolute Error:,1
Transition Probabilities
0.4797794117647059,0.5202205882352942
0.02247191011235955,0.9775280898876404

0.022494887525562373,0.9775051124744376
0.9776609724047306,0.022339027595269383

Transition Gammas
261.0,283.0
16.0,696.0

11.0,478.0
744.0,17.0

Iteration: ,2561
Error:,0.14606734393322043
Absolute Error:,1
Transition Probabilities
0.48035714285714287,0.5196428571428572
0.023415977961432508,0.9765840220385675

0.024,0.976
0.9743918053777209,0.02560819462227913


Model Num 1
Model States: 
['square'],"['diamond', 'x', 'square']","['diamond', 'x', 'diamond']"
Iteration: ,0
Error:,0.722775351100216
Absolute Error:,1
Transition Probabilities
0.3333333333333333,0.3333333333333333,0.3333333333333333
0.3333333333333333,0.3333333333333333,0.3333333333333333
0.3333333333333333,0.3333333333333333,0.3333333333333333

0.3333333333333333,0.3333333333333333,0.3333333333333333
0.3333333333333333,0.3333333333333333,0.3333333333333333
0.3333333333333333,0.3333333333333333,0.3333333333333333

Transition Gammas
1.0,1.0,1.0
1.0,1.0,1.0
1.0,1.0,1.0

1.0,1.0,1.0
1.0,1.0,1.0
1.0,1.0,1.0

Iteration: ,2500
Error:,0.12329005431254696
Absolute Error:,1
Transition Probabilities
0.9824324324324324,0.016060918259015088,0.001506649308552481
0.9957894736842106,0.002105263157894737,0.002105263157894737
0.0032258064516129037,0.9735707057697625,0.02320348777862466

0.022068965517241385,0.3827278869416017,0.5952031475411569
0.8733448130921202,0.06103062097324101,0.0656245659346388
0.976523989582027,0.012907766761487879,0.010568243656485125

Transition Gammas
727.0,11.885079511671165,1.114920488328836
473.0,1.0,1.0
1.0,301.8069187886263,7.193081211373643

16.0,277.47771803266113,431.52228196733864
69.01097602076065,4.822588578278085,5.18559826336369
116.93674421107482,1.5456785867292144,1.2655254949217074

Iteration: ,5000
Error:,0.11455589254209035
Absolute Error:,1
Transition Probabilities
0.9826629680998613,0.015845186636084262,0.0014918452640544342
0.997867803837953,0.0010660980810234541,0.0010660980810234541
0.0016207455429497568,0.980173534085637,0.0182057203714132

0.025118805159538342,0.39048692471991886,0.5843942701205428
0.9207841701266606,0.04457701632772185,0.03463881354561752
0.9869616896947904,0.007166279286827555,0.00587203101838203

Transition Gammas
1417.0,22.848759129233507,2.151240870766494
936.0,1.0,1.0
1.0,604.767070530838,11.232929469161945

37.0,575.1872401124408,860.8127598875601
161.16353766714775,7.802251475537012,6.062782042437286
229.99085331363818,1.6699520411688982,1.3683544545882727

Iteration: ,7500
Error:,0.11480889383631807
Absolute Error:,1
Transition Probabilities
0.9838262476894639,0.015165858024014264,0.0010078942865217805
0.9985590778097982,0.0007204610951008645,0.0007204610951008645
0.0011025358324145533,0.9820694239222505,0.016828040245334977

0.027452745274527443,0.39214065046034713,0.5804066042651255
0.9303270078744289,0.04600364595641202,0.0236693461691592
0.9915512739345865,0.004643694557450504,0.003805031507962959

Transition Gammas
2129.0,32.81891676396687,2.181083236033133
1386.0,1.0,1.0
1.0,890.7369674974814,15.26303250251883

61.0,871.3365253228917,1289.6634746771092
238.2985079784255,11.783598777840051,6.062782042437286
356.5788088223831,1.6699520411688982,1.3683544545882727

Iteration: ,10000
Error:,0.11287673381182026
Absolute Error:,1
Transition Probabilities
0.9848589125946318,0.014045155758132422,0.0010959316472357824
0.9989148128052089,0.0005425935973955507,0.0005425935973955507
0.0008190008190008188,0.9825651612758951,0.016615837905104045

0.025484199796126386,0.38770533994923634,0.5868104602546372
0.9322084775857835,0.04887446333668431,0.018917059077532168
0.9930802128157282,0.004028478177741671,0.0028913090065300876

Transition Gammas
2862.0,40.81522263313282,3.1847773668671837
1841.0,1.0,1.0
1.0,1199.7120619178681,20.287938082132044

75.0,1141.0168154706032,1726.9831845293984
313.5316205652634,16.438050138626924,6.362413914393626
469.9897969745873,1.9065364674874297,1.3683544545882727

Iteration: ,12500
Error:,0.11109775745305983
Absolute Error:,1
Transition Probabilities
0.984781405644715,0.013773297397397166,0.0014452969578878407
0.9991394148020654,0.0004302925989672978,0.0004302925989672978
0.0006570302233902755,0.983371970476733,0.015970999299876727

0.02360282148670645,0.39294291889573246,0.5834542596175611
0.9395599339547832,0.04209028571809471,0.018349780327122006
0.9937832372129394,0.0035695946737750476,0.0026471681132856704

Transition Gammas
3559.0,49.776696794193356,5.223303205806656
2322.0,1.0,1.0
1.0,1496.6921390655884,24.307860934412393

87.0,1448.3875990496704,2150.612400950331
385.3510163420278,17.262905529957074,7.525977048580397
585.1808954222298,2.1019257814735326,1.5587626645927832

Iteration: ,15000
Error:,0.11054372494096543
Absolute Error:,1
Transition Probabilities
0.9846654275092936,0.013155990183711504,0.0021785823069948185
0.9992912827781715,0.00035435861091424523,0.00035435861091424523
0.0005422993492407808,0.9808372985543011,0.01862040209645812

0.02124773960216998,0.39843580298982156,0.5803164574080084
0.9359600036231663,0.04214604242696097,0.021893953949872678
0.9943209712192275,0.0031907891743415155,0.0024882396064308987

Transition Gammas
4238.0,56.623381750694314,9.376618249305698
2820.0,1.0,1.0
1.0,1808.6639785341315,34.336021465868775

94.0,1762.679992426971,2567.3200075730297
463.1005530714578,20.853300869848894,10.832837027071557
684.5208821448995,2.1966365827328875,1.7129800332919096

Iteration: ,17500
Error:,0.11545699563062342
Absolute Error:,1
Transition Probabilities
0.9846491228070176,0.013062361322926397,0.002288515870056063
0.9993898718730934,0.0003050640634533252,0.0003050640634533252
0.00045955882352941165,0.9786913406908094,0.020849100485661156

0.021350931677018632,0.3935057380878383,0.5851433302351429
0.9414862011112125,0.0379786629026986,0.020535135986088842
0.9947431530363304,0.0030815526357011523,0.002175294327968484

Transition Gammas
4939.0,65.5208043957988,11.47919560420121
3276.0,1.0,1.0
1.0,2129.632357343202,45.36764265679869

110.0,2027.341562628543,3014.6584373714563
541.6720989209444,21.85054016132702,11.814629038729615
797.8886807823612,2.471729470824718,1.7448149468114376

Iteration: ,20000
Error:,0.11298764123848375
Absolute Error:,1
Transition Probabilities
0.983763966480447,0.014038962561842535,0.002197070957710541
0.9994675186368477,0.00026624068157614486,0.00026624068157614486
0.00040192926045016077,0.9781345409359784,0.021463529803571493

0.02224108658743634,0.3935440976757841,0.5842148157367795
0.9420542647515968,0.0347164486073331,0.0232292866410702
0.9953884859691106,0.002703259827548856,0.0019082542033406194

Transition Gammas
5635.0,80.41517755423403,12.584822445765978
3754.0,1.0,1.0
1.0,2433.5987378487143,53.40126215128588

131.0,2317.9747353103676,3441.02526468963
611.5244599416342,22.535811661856695,15.07904321388063
910.1348788659797,2.471729470824718,1.7448149468114376

Iteration: ,22500
Error:,0.11453369959972436
Absolute Error:,1
Transition Probabilities
0.9829192546583851,0.01510208057159196,0.0019786647700229423
0.9995275218521144,0.00023623907394283014,0.00023623907394283014
0.00035714285714285714,0.9777002367997057,0.021942620343151288

0.022202084277299507,0.3936554376311409,0.5841424780915595
0.9375948284382155,0.03546591435272108,0.026939257209063497
0.9953963653388709,0.0027967913838235136,0.0018068432773056917

Transition Gammas
6330.0,97.25739888105223,12.742601118947748
4231.0,1.0,1.0
1.0,2737.5606630391762,61.4393369608236

147.0,2606.392652555783,3867.6073474442146
683.9147426017554,25.870089029907135,19.650444521658578
1020.3385109985942,2.8668719873943704,1.8521182549689947

Iteration: ,23030
Error:,0.11666171015410502
Absolute Error:,1
Transition Probabilities
0.9828787878787879,0.01518554512526419,0.0019356669959479291
0.9995376791493297,0.0002311604253351826,0.0002311604253351826
0.00034891835310537326,0.9782103129214003,0.0214407687254944

0.022002362669816897,0.3934199553709675,0.5845776819592156
0.9380536571542072,0.034454740133570104,0.02749160271222268
0.9954984646845692,0.0027347641832825616,0.0017667711321483026


Model Num 2
Model States: 
"['diamond', 'x', 'square']","['diamond', 'x', 'diamond']","['square', 'y', 'diamond', 'x', 'diamond']","['square', 'y', 'diamond', 'x', 'square']"
Iteration: ,0
Error:,0.674518779208693
Absolute Error:,0.74
Transition Probabilities
0.25,0.25,0.25,0.25
0.25,0.25,0.25,0.25
0.25,0.25,0.25,0.25
0.25,0.25,0.25,0.25

0.25,0.25,0.25,0.25
0.25,0.25,0.25,0.25
0.25,0.25,0.25,0.25
0.25,0.25,0.25,0.25

Transition Gammas
1.0,1.0,1.0,1.0
1.0,1.0,1.0,1.0
1.0,1.0,1.0,1.0
1.0,1.0,1.0,1.0

1.0,1.0,1.0,1.0
1.0,1.0,1.0,1.0
1.0,1.0,1.0,1.0
1.0,1.0,1.0,1.0

Iteration: ,2500
Error:,0.03161774083608571
Absolute Error:,0.034868370522995955
Transition Probabilities
0.001477104874446085,0.001477104874446085,0.02670585755278987,0.970339932698318
0.9640871121049811,0.028100387895018897,0.003906250000000001,0.003906250000000001
0.008653640685378152,0.008653640685378152,0.9757472645404149,0.006945454088828927
0.024197313670059624,0.009145906989031808,0.9470975630560262,0.019559216284882285

0.019017131657680663,0.006705243122519427,0.01720896816670764,0.9570686570530923
0.04954533731349419,0.016656528249931468,0.878944411607964,0.05485372282861036
0.003706753912635776,0.977588946754572,0.00633941402597479,0.012364885306817565
0.9752174659534466,0.002007472298325135,0.010732320006551796,0.012042741741676482

Transition Gammas
1.0,1.0,18.07986556323875,656.9201344367616
246.80630069887513,7.193699301124837,1.0,1.0
1.491363173941373,1.491363173941373,168.1596902756098,1.1969753345412164
5.532528973807222,2.091141029062825,216.54654645045008,4.472063811569652

3.212524237708434,1.1327026829580547,2.90707496465025,161.67560456954317
2.9745296600867617,1.0,52.76876419980138,3.293226655971124
1.1499023149010779,303.2658275648647,1.966601246102483,3.835811756838614
587.2700616978839,1.2088876805970503,6.462938218858745,7.2520662647603125

Iteration: ,5000
Error:,0.021290751924892937
Absolute Error:,0.024772830803158084
Transition Probabilities
0.0007485029940119761,0.0007485029940119761,0.025676854151581323,0.9728261398603947
0.966523084947923,0.02959341990644599,0.0019417475728155343,0.0019417475728155343
0.004115243370168305,0.004115243370168305,0.980329813789239,0.011439699470424272
0.019108639409250307,0.00518851405465505,0.9642348279017166,0.011468018634378177

0.010760069796184383,0.008130785016829338,0.00959239584440852,0.9715167493425777
0.03272597874801011,0.009318677446105001,0.9194637964769949,0.038491547328889916
0.001854084326223606,0.9825720507257807,0.0042539475285882965,0.01131991741940752
0.9761001312305625,0.001016173839667555,0.009789100899158527,0.013094594030611407

Transition Gammas
1.0,1.0,34.304277146512646,1299.6957228534873
497.75938874818024,15.240611251819681,1.0,1.0
1.491363173941373,1.491363173941373,355.2712807219178,4.1457442431769564
8.791145128399728,2.38703442345212,443.60711029159006,5.2759913456322

3.6979503132456255,2.7943349410780773,3.2966517773133113,333.88451335406137
3.867671802716305,1.101314227281902,108.66548030954732,4.549067069718114
1.1533507924551438,611.218291056403,2.646208526638612,7.04166231359743
1167.0141133586428,1.2149257792054975,11.703736677104635,15.65574632508242

Iteration: ,7500
Error:,0.02059581073595981
Absolute Error:,0.023224442104891288
Transition Probabilities
0.00048216007714561214,0.00048216007714561214,0.022403073529025097,0.9766326063166836
0.973651779272622,0.02361598029021959,0.0013661202185792352,0.0013661202185792352
0.0037957224132014055,0.0037540024639906877,0.9787607924008933,0.013689482721914505
0.015889132636771556,0.005448754180350801,0.967550490564184,0.011111622618693678

0.02070021184332301,0.0092813821143543,0.00754627538709848,0.9624721306552242
0.029792222671807898,0.006750043556363908,0.9291504894912743,0.03430724428055382
0.001307828253153788,0.9844133660944943,0.004427015651591714,0.009851790000760275
0.9759237889889568,0.0006446305319335997,0.008861042577412999,0.014570537901696599

Transition Gammas
1.0,1.0,46.46397449919807,2025.5360255008027
712.7131024275592,17.286897572440736,1.0,1.0
1.9775145694275982,1.9557791002813205,509.91972443127304,7.132015617464723
10.533426318662551,3.6121575670156516,641.4209028853843,7.366258486880857

10.476319568870244,4.697281641691793,3.8191489588761907,487.10446507473563
4.860798069944128,1.101314227281902,151.59704449579948,5.597453691893277
1.154746203323193,869.1872149550139,3.9088309213386845,8.69863231038302
1843.517323910352,1.2177052824711743,16.738484791206318,27.523705583914214

Iteration: ,10000
Error:,0.020627264033161785
Absolute Error:,0.022780608405675452
Transition Probabilities
0.0003650967506389193,0.0003650967506389193,0.02176648289107068,0.9775033236076516
0.9729976117328669,0.02495110621585097,0.001025641025641026,0.001025641025641026
0.0050264126456033365,0.0031614954003537877,0.9789896821338256,0.012822409820217252
0.017143767805550585,0.00419273426895586,0.9640211295287131,0.014642368396780412

0.02030603924551693,0.011007419473940587,0.007372631354603815,0.9613139099259388
0.026022105579039775,0.005162210143047731,0.9403591288298716,0.028456555448040953
0.0009790867773598008,0.9842534747472336,0.0038055098059869208,0.010961928669419776
0.9742420707185035,0.00048607713305148987,0.008771298990319124,0.01650055315812573

Transition Gammas
1.0,1.0,59.61839663864259,2677.3816033613575
948.672671439545,24.32732856045469,1.0,1.0
3.5772132553154132,2.2499830495724815,696.7304745282769,9.1254931912702
15.20121931396413,3.717658444191943,854.7885610371376,12.98325174488491

13.895282292401536,7.532301058417893,5.0450406734365,657.8204635836225
5.797817934978191,1.1501588317125289,209.51536784332265,6.340222048643353
1.1560535983450773,1162.1541598524122,4.4933435998512605,12.943262411588877
2444.4044616207343,1.2195830465898505,22.0074692220313,41.40041471334356

Iteration: ,12500
Error:,0.020409243359957644
Absolute Error:,0.023174904614573427
Transition Probabilities
0.0002913752913752912,0.0002913752913752912,0.02558047357715924,0.9738367758400902
0.976904995633213,0.021466339871672985,0.0008143322475570034,0.0008143322475570034
0.0047735052304782605,0.0028102970535224367,0.9789568867920413,0.013459310923958056
0.02205704487893683,0.004365805180646182,0.9580940409290494,0.015483109011367475

0.020980672186763052,0.011460700245539487,0.007531395097107841,0.9600272324705897
0.02001896842737414,0.00727587301826679,0.9441010034131372,0.028604155141221783
0.000771237707176153,0.9843457675808537,0.0033025349277834445,0.011580459784186883
0.9755110746653455,0.000394167659412717,0.008023882964348843,0.016070874710893

Transition Gammas
1.0,1.0,87.79218531681056,3342.2078146831914
1199.6393346375853,26.36066536241442,1.0,1.0
4.259347154494794,2.5075977044664532,873.5126555445288,12.009597752064833
24.690870756175176,4.887124819014774,1072.4997961731044,17.331942950730955

17.408111915361644,9.509187824241241,6.2489594023577775,796.5551034721802
5.797817934978191,2.1072108301169012,273.42696252693844,8.284227246489918
1.1573201034496448,1477.1102799654689,4.955787338592127,17.377649965406178
3021.2752118137573,1.2207846836498812,24.850931303879175,49.77343328761542

Iteration: ,15000
Error:,0.019137109335496966
Absolute Error:,0.021801136249476393
Transition Probabilities
0.00024271844660194163,0.00024271844660194163,0.02353350853578838,0.9759810545710078
0.9783953264088928,0.020228211099710108,0.0006882312456985548,0.0006882312456985548
0.005356866871707677,0.0024911629814083945,0.9794474447331427,0.012704525413741143
0.02147192007405252,0.0036941562459482337,0.9579812580149653,0.01685266566503386

0.02215409018729539,0.011174138686155535,0.007145658181810796,0.9595261129447383
0.017040834480431033,0.006193473367757427,0.9504000443956042,0.02636564775620722
0.0006529568356308071,0.98565350724668,0.002875564241503353,0.010817971676185825
0.9766647911027394,0.0003264538099412865,0.007204592397593082,0.015804162689726196

Transition Gammas
1.0,1.0,96.95805516744817,4021.041944832554
1421.608409272121,29.391590727878782,1.0,1.0
5.900052539082132,2.743766613158439,1078.763299815421,13.992762788462167
28.626068150797586,4.9249982345081476,1277.1674207311567,22.467741784902

22.28736543246121,11.241360407306075,7.188645248217076,965.2984591284265
5.797817934978191,2.1072108301169012,323.3554336278916,8.97040726519569
1.1580382331901322,1748.0856065575877,5.099898112619058,19.18599227847652
3656.0257085862745,1.2220400824152668,26.969514274949123,59.16095841960256

Iteration: ,17500
Error:,0.0199531666581602
Absolute Error:,0.02249404599792573
Transition Probabilities
0.00020785699438786122,0.00020785699438786122,0.023096001529635448,0.9764882844815888
0.9754720559369109,0.02334381144023539,0.00059206631142688,0.00059206631142688
0.006708966971420388,0.0023997783728275826,0.9774347082229699,0.01345654643278211
0.022749887798430145,0.003262350956476538,0.9572685113037405,0.016719249941352887

0.022498908940999932,0.01257387498884042,0.006772686663942067,0.9581545294062176
0.014732268934564844,0.005354427648343634,0.9510602131066895,0.028853090310402042
0.0005635430275073605,0.9847863607048647,0.002645806272367591,0.0120042899952603
0.9786332779570732,0.00027836565573052205,0.00653425909496925,0.014554097292226956

Transition Gammas
1.0,1.0,111.1148633590761,4697.885136640922
1647.572302477442,39.42769752255756,1.0,1.0
8.449649008898831,3.0224153786892813,1231.0360520154695,16.94792875167275
35.35894895899887,5.070499774700208,1487.8318843217096,25.98584707524736

26.88572399071524,15.025516718620786,8.093218422273045,1144.9745534604717
5.797817934978191,2.1072108301169012,374.28545360430036,11.35500344340786
1.158827261227321,2025.0401931460924,5.440635917202891,24.684714066494827
4299.904083121269,1.2230788045293755,28.710128702432083,63.947572377296524

Iteration: ,20000
Error:,0.020989676427213486
Absolute Error:,0.022994078959822643
Transition Probabilities
0.00018188432157148073,0.00018188432157148073,0.02260194631189406,0.977034285044963
0.9774909125628145,0.021473354656242994,0.0005178663904712584,0.0005178663904712584
0.010266291671160518,0.002938826410484703,0.9743730085405415,0.012421873377813216
0.021390340667206107,0.0028648089276167507,0.9578118097838163,0.01793304062136081

0.02184612926687555,0.013864640874890885,0.007310796762548386,0.9569784330956852
0.016648512691414378,0.00515891085487279,0.9499453550887925,0.02824722136492033
0.0004921131296735862,0.9834471160640152,0.003208714328473664,0.012852056477837655
0.9778182819265391,0.00024420199391742003,0.0065991959772948895,0.01533832010224883

Transition Gammas
1.0,1.0,124.26550082279341,5371.7344991772015
1887.5349521587948,41.46504784120522,1.0,1.0
14.823838867176004,4.2434688749401035,1406.9294870810668,17.936354750025426
38.15529421047094,5.1101396275367525,1708.5090868418847,31.988290960011167

29.602074900105936,18.786949973050724,9.906320277640704,1296.7307346861662
7.487566554518519,2.320188541202741,427.23210182319264,12.704014699110648
1.159423930177109,2317.0121902347714,7.559766145646533,30.279586001447232
4899.84383902471,1.2236952995154924,33.068546937123294,76.86026600557977

Iteration: ,22500
Error:,0.022533264571418146
Absolute Error:,0.023417683172705796
Transition Probabilities
0.00016069419893941831,0.00016069419893941831,0.02320699527039754,0.9764716163317236
0.976260579873704,0.02281733621666029,0.0004610419548178885,0.0004610419548178885
0.010934549512768444,0.003283131288980768,0.972842828727051,0.012939490471199862
0.020346992359799164,0.0025555063408603325,0.9581047417688251,0.018992759530515387

0.023508924781643296,0.013437214335512303,0.006766688680063985,0.9562871722027804
0.016824855077415272,0.006525820134810794,0.9501223370057614,0.026526987782012602
0.0004389175465882628,0.9834071104382502,0.003300682008991208,0.012853290006170378
0.9781238867942389,0.00021655198308390684,0.00614506844470671,0.015514492777970486

Transition Gammas
1.0,1.0,144.41713156768387,6076.582868432315
2117.5091977460634,49.49080225393616,1.0,1.0
17.64303114534176,5.2973730210005,1569.6939601134175,20.87802822801727
40.816335918873605,5.126379535948104,1921.970790275955,38.09972694320882

35.31621367951089,20.186016040209893,10.165238331719342,1436.5796150260128
8.467074593614472,3.284105902351865,478.14716165287587,13.34965343004343
1.1599817181292293,2598.9716712254285,8.723120817449322,33.96898014413869
5529.779062325094,1.2242668215445314,34.740865938224566,87.71048175440632

Iteration: ,25000
Error:,0.021592726652439994
Absolute Error:,0.022828591454213207
Transition Probabilities
0.00014505366985784744,0.00014505366985784744,0.023291642476170167,0.9764182501841141
0.9773973096664736,0.021773502937174782,0.00041459369817578774,0.00041459369817578774
0.009830032342628013,0.002951496695688188,0.9755788422689476,0.011639628692736192
0.02073764755075637,0.002312784077665257,0.9585591925279815,0.018390375843596964

0.024143228668554305,0.012868396286758762,0.006347901921570887,0.9566404731231161
0.016330615541575638,0.0076940709744300955,0.9508172467075888,0.025158066776405395
0.00039306230045410947,0.9834976680620696,0.003050498924322668,0.0130587707131536
0.9784394958828649,0.00019565320894051987,0.005705247414528092,0.015659603493666494

Transition Gammas
1.0,1.0,160.5725832307171,6731.427416769282
2357.4823109155345,52.51768908446557,1.0,1.0
17.64303114534176,5.2973730210005,1750.977748490897,20.890911076214895
46.347352387464966,5.168928557654081,2142.3201726040447,41.101346123033316

40.48998685867997,21.581255916354962,10.645902787615244,1604.3570939493475
9.31008692459461,4.386391278000363,542.061087269787,14.342618497556717
1.1605790484765075,2903.933515016925,9.007083953049706,38.55810051239992
6125.697062466849,1.2249222280093204,35.7187311784532,98.03977407309439

Iteration: ,27500
Error:,0.02207461270413493
Absolute Error:,0.02346862896445285
Transition Probabilities
0.00013210039630118893,0.00013210039630118893,0.0237447124686134,0.9759910867387842
0.9772852998410609,0.02196451261205224,0.0003750937734433608,0.0003750937734433608
0.009883866213957955,0.0027234980840999293,0.9743396319497452,0.013053003752196972
0.020243376623106317,0.0020951859752138635,0.9593147218087016,0.018346715592978225

0.025243914337995534,0.012794006986668017,0.005981972287957089,0.9559801063873794
0.018016156093655186,0.00735473557901282,0.9484713197169429,0.026157788610389258
0.0003571493468666225,0.9838061063395813,0.003103214113489886,0.012733530200062048
0.9775909839694874,0.00017827567353477224,0.005464392722430596,0.016766347634547114

Transition Gammas
1.0,1.0,179.7474733874034,7388.252526612596
2605.442609376269,58.55739062373129,1.0,1.0
19.513682562393832,5.376992759914331,1923.635334013015,25.770499740921608
50.04815696861604,5.179975580074728,2371.73544084459,45.35899909147817

46.79690369182645,23.71739599379415,11.0893175003909,1772.1858968035338
11.112356673081099,4.536397473763712,585.0166674896,16.134111810902425
1.1609322726075637,3197.912214759105,10.087156660843842,41.39099310461768
6719.630510333129,1.225406816120794,37.56039147271125,115.24621540031606

Iteration: ,30000
Error:,0.021649577327820996
Absolute Error:,0.023478672663793682
Transition Probabilities
0.00012067093037287312,0.00012067093037287312,0.024726212153183966,0.9750324459860703
0.9767585717636508,0.02255367032713323,0.00034387895460797794,0.00034387895460797794
0.010035023116893582,0.003441104265096566,0.973086678180345,0.013437194437664945
0.020803682160818023,0.0019252383889171167,0.9584372766540327,0.01883380279623216

0.0245920936187411,0.011884391773300126,0.00605188099913647,0.9574716336088224
0.017846225804950468,0.00698610499711579,0.950157032918473,0.0250106362794607
0.00032801324129463146,0.9840286950331502,0.002908623180301099,0.012734668545254105
0.9776108835686145,0.0001630930626838449,0.005165971696662085,0.017060051672039497

Transition Gammas
1.0,1.0,204.90612011343563,8080.093879886568
2840.413926688697,65.58607331130345,1.0,1.0
21.4348758235058,7.350221495146284,2078.519587781497,28.701936291783163
55.97362185847878,5.179975580074728,2578.7360758444493,50.67353691160253

49.38345651609221,23.86508255278082,12.152800277795937,1922.7016421114918
11.944856765836448,4.675947982149494,635.9602185530459,16.740148379032565
1.1613080621095078,3483.8851394497005,10.297778027467535,45.086208079667536
7349.20892475711,1.2260552864006231,38.83529319923632,128.24927188545396

Iteration: ,32500
Error:,0.0222412894683689
Absolute Error:,0.023074468443077874
Transition Probabilities
0.0001111852346008449,0.0001111852346008449,0.024914776981524226,0.9748628525492741
0.9765557107227837,0.022807346602057,0.00031847133757961787,0.00031847133757961787
0.0100915025507175,0.003225950667277688,0.9729642415705341,0.01371830521147079
0.02028930773367398,0.001789136013775641,0.9586129296367658,0.019308626615784575

0.023898579559546197,0.012816525730467761,0.005767622793878018,0.9575172719161081
0.016284414022508117,0.0063747162801329445,0.9528095881602933,0.024531281537065575
0.0003034656041948619,0.9849738613749988,0.002702617701991325,0.012020055318814928
0.9780771532144082,0.00015016017861040415,0.004849946888171798,0.016922739718809563

Transition Gammas
1.0,1.0,224.0835041718291,8767.91649582818
3066.3849316695405,71.61506833045897,1.0,1.0
23.27803250141113,7.441288757886686,2244.3331034365556,31.64396510549266
58.83718205758022,5.188334799298197,2779.891961034171,55.99329431970905

51.90278455690713,27.83484985369384,12.526086855090142,2079.529980012039
11.944856765836448,4.675947982149494,698.899821630634,17.994055164505408
1.1617771607188874,3770.8396610107156,10.346607578999055,46.01716157264985
7989.125294309568,1.226537678742244,39.61531381549145,138.22824456356705

Iteration: ,35000
Error:,0.021737865924445907
Absolute Error:,0.023126568567984326
Transition Probabilities
0.00010333781130515652,0.00010333781130515652,0.024724859282657434,0.9750684650947323
0.9769941533953523,0.022413254012055055,0.00029629629629629656,0.00029629629629629656
0.00974881399906112,0.0033911273199668697,0.9725536782600581,0.014306380420914002
0.020101718067291836,0.0016742575039499646,0.9596632734726643,0.018560750956093868

0.023968186859493684,0.012728834119930766,0.0058128179293762995,0.9574901610911993
0.01860949281536482,0.00624454119500774,0.9515325740420914,0.02361339194753617
0.0002823211142818357,0.984602260622644,0.0025778147145761625,0.012537603548497983
0.9782765685735642,0.00013932202247525757,0.004693594392434603,0.016890515011525834

Transition Gammas
1.0,1.0,239.26246327827607,9435.737536721728
3297.355267709311,75.64473229068574,1.0,1.0
24.23784793996943,8.431141299274852,2417.9975296887856,35.56903160188146
62.66616100161977,5.2194190541064325,2991.705136917258,57.86226848033029

56.42408140351516,29.965252556028627,13.684093584284968,2254.0504673625505
14.645748378505754,4.9144799371311665,748.8601001455701,18.583837843292073
1.1620888256641164,4052.8151346518653,10.610788647748793,51.607223998738974
8616.771408560306,1.2271642380212242,41.341713849980856,148.77357947905307

Iteration: ,37500
Error:,0.02126677983120967
Absolute Error:,0.02302619839036131
Transition Probabilities
9.661835748792272e-05,9.661835748792272e-05,0.025067422135380393,0.9747393411496437
0.9771983540956212,0.022250073924235392,0.0002757859900717045,0.0002757859900717045
0.01007409756828145,0.003225031071825299,0.9733944753192962,0.01330639604059715
0.01929666190879903,0.0018474318884588994,0.9590643660362077,0.01979154016653436

0.023170899555886238,0.013324665530208763,0.006056011031828,0.9574484238820771
0.018300079972353788,0.0059218158625176185,0.9531521594412411,0.02262594472388751
0.00026281201731709336,0.9845648997420636,0.00244178283776119,0.012730505402858095
0.9775761748371444,0.00013035186333282934,0.004516205959899631,0.01777726733962326

Transition Gammas
1.0,1.0,259.447819101187,10088.55218089881
3543.3212319507206,80.6787680492775,1.0,1.0
26.94253274840538,8.62514033424244,2603.2815694558417,35.58710928270259
64.52208043933418,6.1772419228106195,3206.8151716784946,66.17680056161173

58.32090697665314,33.53804098144774,15.242915156787799,2409.8874680929084
15.49027142635681,5.012575638242122,806.8044337876137,19.151939531425104
1.162431721270541,4354.783631255536,10.800137132401197,56.30771172169596
9206.558002568903,1.22761992508313,42.532452397676295,167.4216773098842

Iteration: ,40000
Error:,0.02136169403219327
Absolute Error:,0.02322802068468808
Transition Probabilities
9.025270758122749e-05,9.025270758122749e-05,0.025055939889947813,0.9747635546948897
0.9768623395188408,0.02261601207218675,0.0002608242044861764,0.0002608242044861764
0.010483094812728666,0.0030663434470323964,0.9725493990682158,0.013901162672023112
0.01926934370568473,0.001747979322787724,0.9587154127826296,0.020267264188898015

0.02279493305466267,0.013179520403157825,0.005889929452785302,0.9581356170893943
0.018288766093902994,0.005565274692697439,0.952333779130304,0.023812180083095488
0.00024834326223690655,0.9845931906530692,0.002534284899777463,0.012624181184916528
0.9778021037722955,0.00012133305688712675,0.00426822282073365,0.01780834035008376

Transition Gammas
1.0,1.0,277.61981398062164,10800.380186019373
3745.2902097152346,86.70979028476397,1.0,1.0
29.75092073537051,8.702252766932485,2760.0856998620775,39.45136395052802
68.20398245505208,6.186985549904142,3393.3801893587083,71.73612927687336

61.25463103364993,35.41605748786177,15.82744088694716,2574.7056841215126
16.472470531615972,5.012575638242122,857.7555222938822,21.447342740256694
1.1627163008307901,4609.7588561401735,11.86524787255805,59.105051275123515
9896.459850959394,1.2280273497522045,43.19922775516535,180.24048486590868

Iteration: ,42500
Error:,0.021447665741979236
Absolute Error:,0.023560932099810084
Transition Probabilities
8.487523340689187e-05,8.487523340689187e-05,0.02476714533639333,0.9750631041967929
0.976008898671451,0.02350018331185775,0.0002454590083456064,0.0002454590083456064
0.009937653304987887,0.0035626757572328038,0.9723395763834546,0.014160094554324654
0.020181046985341178,0.0016471654381201304,0.9573928165957796,0.02077897098075909

0.022444793693086072,0.01269283489003389,0.006005563773830724,0.9588568076430494
0.019333938049792814,0.005363052314489561,0.9514493721433226,0.023853637492395142
0.00023442652060240288,0.9850650128212634,0.0024069566884294138,0.012293603969704876
0.9769404647309534,0.00011393955146223056,0.004474112984984597,0.018471482732599666

Transition Gammas
1.0,1.0,291.8065063533862,11488.193493646613
3976.2602531874895,95.73974681250843,1.0,1.0
29.75092073537051,10.66578605696171,2910.948568745945,42.39188445823709
75.90208902233354,6.195084814455751,3600.809950414324,78.15091587268302

64.19487283986311,36.30307023022895,17.176651657596203,2742.4485018654336
18.34385781944685,5.088413383858241,902.7261781872791,22.632105963627634
1.1629499172910087,4886.739231734399,11.940500906377975,60.98646895000735
10533.252074806007,1.228482246533339,48.239336564878734,199.15725762416992

Iteration: ,44683
Error:,0.02171840401725515
Absolute Error:,0.02363312525243202
Transition Probabilities
8.063215610385426e-05,8.063215610385426e-05,0.024669978616104656,0.9751687570716876
0.9764500173130372,0.023082583761980233,0.00023369946249123636,0.00023369946249123636
0.009494120300201182,0.004035827524991219,0.9716946640473884,0.014775388127419254
0.02090948561288869,0.0018122418091622557,0.9563115536044664,0.020966718973482668

0.02334815073408787,0.013035215359685631,0.006058048757800463,0.9575585851484261
0.018326185416675966,0.00604868816252338,0.9527275241438428,0.022897602276957932
0.0002231579158261795,0.9852239096149541,0.002303984702662569,0.012248947766557263
0.9773902787758015,0.00010832726276536384,0.004285374344922482,0.01821601961651072

*,*,*,*,*,*,*,*,*,*,*
Model Num 2
Model States: 
"['diamond', 'x', 'square']","['diamond', 'x', 'diamond']","['square', 'y', 'diamond', 'x', 'diamond']","['square', 'y', 'diamond', 'x', 'square']"
Iteration: ,44683
Error:,0.021982697934128815
Absolute Error:,0.02363312525243202
Transition Probabilities
8.063215610385426e-05,8.063215610385426e-05,0.024669978616104656,0.9751687570716876
0.9764500173130372,0.023082583761980233,0.00023369946249123636,0.00023369946249123636
0.009494120300201182,0.004035827524991219,0.9716946640473884,0.014775388127419254
0.02090948561288869,0.0018122418091622557,0.9563115536044664,0.020966718973482668

0.02334815073408787,0.013035215359685631,0.006058048757800463,0.9575585851484261
0.018326185416675966,0.00604868816252338,0.9527275241438428,0.022897602276957932
0.0002231579158261795,0.9852239096149541,0.002303984702662569,0.012248947766557263
0.9773902787758015,0.00010832726276536384,0.004285374344922482,0.01821601961651072

Transition Gammas
1.0,1.0,305.95707479692976,12094.042925203063
4178.229624082484,98.77037591751338,1.0,1.0
29.75092073537051,12.646730924095834,3044.9172766900524,46.300382459222675
82.64169322534359,7.162621520952767,3779.6819828086486,82.86789973831239

70.09665233239116,39.13478928383426,18.187690426729752,2874.8165966330357
18.34385781944685,6.054521065062188,953.6462633224967,22.91968301229512
1.1632596848807486,5135.696174579619,12.010026663257216,63.850332471041035
11086.951737214476,1.2288020048740789,48.61081552556666,206.6320227630718

