0,1,2,3,4,5,6,7,8,9,10,11,12,13,14,15,16,17,18,19,20,21,22,23,24,25,26,27,28,29
github Code Version (SHA):,ddb97f21bb9c22f159e8ea0ce9d830001061547e
Environment Observations,Environment Actions,alpha,epsilon,numActions,explore,patience,gainThresh,insertRandActions,useBudd,revisedSplitting,haveControl,confidence_factor
"['square', 'diamond']","['x', 'y']",0.99,0.99,75000,0.5,0,0.01,False,True,False,False,250

Model Num 0
Model States: 
['square'],['diamond']
Iteration: ,0
Error:,0.6755797727655902
Absolute Error:,1
Transition Probabilities
0.5,0.5
0.5,0.5

0.5,0.5
0.5,0.5

Transition Gammas
1.0,1.0
1.0,1.0

1.0,1.0
1.0,1.0

Iteration: ,2500
Error:,0.2587297288894187
Absolute Error:,1
Transition Probabilities
0.9795361527967258,0.020463847203274217
0.9798792756539235,0.02012072434607646

0.22166874221668742,0.7783312577833126
0.32346723044397463,0.6765327695560254

Transition Gammas
718.0,15.0
487.0,10.0

178.0,625.0
153.0,320.0

Iteration: ,2628
Error:,0.25841007766704804
Absolute Error:,1
Transition Probabilities
0.9803664921465969,0.01963350785340314
0.9809160305343512,0.019083969465648856

0.2186761229314421,0.7813238770685579
0.324,0.676


Model Num 1
Model States: 
['diamond'],"['square', 'y', 'diamond']","['square', 'y', 'square']"
Iteration: ,0
Error:,0.6188673748934963
Absolute Error:,1
Transition Probabilities
0.3333333333333333,0.3333333333333333,0.3333333333333333
0.3333333333333333,0.3333333333333333,0.3333333333333333
0.3333333333333333,0.3333333333333333,0.3333333333333333

0.3333333333333333,0.3333333333333333,0.3333333333333333
0.3333333333333333,0.3333333333333333,0.3333333333333333
0.3333333333333333,0.3333333333333333,0.3333333333333333

Transition Gammas
1.0,1.0,1.0
1.0,1.0,1.0
1.0,1.0,1.0

1.0,1.0,1.0
1.0,1.0,1.0
1.0,1.0,1.0

Iteration: ,2500
Error:,0.13780942377553285
Absolute Error:,1
Transition Probabilities
0.016129032258064523,0.963509354142196,0.02036161359973959
0.050547137948204285,0.9334836468761893,0.015969215175606264
0.01267503660040057,0.9608606648851965,0.02646429851440304

0.6626262626262627,0.012310758681038597,0.32506297869269885
0.9968944099378882,0.0015527950310559005,0.0015527950310559005
0.0019342359767891674,0.031675782646926345,0.9663899813762845

Transition Gammas
8.0,477.900639654529,10.099360345470833
9.864422301692107,182.17207300532218,3.116439203346957
1.9722146393455962,149.50832328153112,4.117800886544827

328.0,6.093825547114106,160.90617445288592
642.0,1.0,1.0
1.0,16.376379628460928,499.6236203715393

Iteration: ,5000
Error:,0.1309556682759492
Absolute Error:,1
Transition Probabilities
0.016343207354443307,0.9651197724869944,0.018537020158562234
0.030487153070371264,0.9620941195177354,0.0074187274118933215
0.01834710575420732,0.968260640766507,0.013392253479285802

0.6580844490216272,0.012498236561437972,0.3294173144169349
0.9984338292873923,0.0007830853563038371,0.0007830853563038371
0.0009643201542912249,0.023610391596447157,0.9754252882492617

Transition Gammas
16.0,944.8522572647677,18.14774273523243
12.840077072630569,405.1989576467834,3.1244974409277417
5.665230950986333,298.98013475146445,4.135268523042438

639.0,12.135787701156271,319.86421229884377
1275.0,1.0,1.0
1.0,24.483976085515696,1011.5160239144841

Iteration: ,7500
Error:,0.12517907961642005
Absolute Error:,1
Transition Probabilities
0.019607843137254895,0.9634580242892966,0.016934132573448384
0.02586783782195804,0.9690184180111997,0.005113744166842297
0.021114513813167837,0.9665674430091662,0.012318043177665975

0.6490993995997331,0.009473568871374842,0.34142703152889203
0.9989479221462388,0.0005260389268805891,0.0005260389268805891
0.0006451612903225809,0.0210002365745565,0.9783546021351208

Transition Gammas
28.0,1375.818058685116,24.1819413148843
15.815129036086343,592.4403664763411,3.1264508619848406
10.492444181051328,480.31676375472375,6.121210348724073

973.0,14.20087973819089,511.79912026180926
1899.0,1.0,1.0
1.0,32.55036669056257,1516.4496333094369

Iteration: ,10000
Error:,0.1293914088645439
Absolute Error:,1
Transition Probabilities
0.02193211488250652,0.9638563805160176,0.014211504601475876
0.022080863351930803,0.9707929271316,0.007126209516469084
0.01918259360517188,0.9698525472607382,0.010964859134089929

0.6530303030303031,0.00920738357280364,0.33776231339689333
0.9992091735863978,0.00039541320680110717,0.00039541320680110717
0.00048614487117160923,0.020222876271297395,0.9792909788575309

Transition Gammas
42.0,1845.7849686881746,27.215031311826316
18.776938664654352,825.5347156630255,6.059926048612389
12.440702423706334,628.989342301,7.111162985191588

1293.0,18.230619474151208,668.7693805258488
2527.0,1.0,1.0
1.0,41.59845649005873,2014.4015435099407

Iteration: ,11695
Error:,0.12662983778122344
Absolute Error:,1
Transition Probabilities
0.021257750221434894,0.9644669482136361,0.014275301564928943
0.018936151778129535,0.974950820662896,0.006113027558974389
0.02048589553624138,0.9660800810609496,0.013434023402808975

0.6542622241453916,0.008760523144852001,0.3369772527097563
0.999327731092437,0.0003361344537815126,0.0003361344537815126
0.0004192872117400419,0.023330186921737668,0.9762505258665223


Model Num 2
Model States: 
"['square', 'y', 'diamond']","['square', 'y', 'square']","['diamond', 'y', 'diamond']","['diamond', 'y', 'square', 'y', 'square']"
Iteration: ,0
Error:,0.6759049351939129
Absolute Error:,0.74
Transition Probabilities
0.25,0.25,0.25,0.25
0.25,0.25,0.25,0.25
0.25,0.25,0.25,0.25
0.25,0.25,0.25,0.25

0.25,0.25,0.25,0.25
0.25,0.25,0.25,0.25
0.25,0.25,0.25,0.25
0.25,0.25,0.25,0.25

Transition Gammas
1.0,1.0,1.0,1.0
1.0,1.0,1.0,1.0
1.0,1.0,1.0,1.0
1.0,1.0,1.0,1.0

1.0,1.0,1.0,1.0
1.0,1.0,1.0,1.0
1.0,1.0,1.0,1.0
1.0,1.0,1.0,1.0

Iteration: ,2500
Error:,0.034736049682505855
Absolute Error:,0.03538920222771652
Transition Probabilities
0.9474191296522986,0.024923850402648887,0.01600338117159651,0.011653638773455974
0.9508750572278615,0.018435558193624118,0.025301658682702784,0.00538772589581163
0.9238438808493509,0.027183174488055545,0.024474542597647038,0.024498402064946533
0.9380522044283774,0.03398946840156512,0.013979163585028737,0.013979163585028737

0.002202643171806167,0.002202643171806167,0.9682082306514325,0.027386483004955234
0.014317801382079533,0.9832312182257636,0.0012254901960784316,0.0012254901960784316
0.0029585798816568047,0.0029585798816568047,0.027631272256537772,0.9664515679801486
0.02661539215957756,0.9660316666639519,0.003676470588235294,0.003676470588235294

Transition Gammas
159.95810342109723,4.208033926676155,2.7019409049434575,1.9675494169520298
242.61663833609813,4.703849491884156,6.455741295623957,1.374683177544874
111.52446246215369,3.2814948343958115,2.954514570903743,2.9573948348967924
67.10360020631013,2.4314379179285677,1.0,1.0

1.0,1.0,439.5665367157504,12.433463284249678
11.683325927776897,802.316674072223,1.0,1.0
1.0,1.0,9.339370022709767,326.6606299772902
7.239386667405097,262.7606133325949,1.0,1.0

Iteration: ,5000
Error:,0.025286762666528836
Absolute Error:,0.027737362677327026
Transition Probabilities
0.9638050851407272,0.018978794700342354,0.011188241791293725,0.006027878367636987
0.9548263467650822,0.018571551756369917,0.02390675570862858,0.0026953457699194086
0.954100369856474,0.01486212466340526,0.013310130667837013,0.0177273748122837
0.9646671956523917,0.019429018032772607,0.007951893157417872,0.007951893157417872

0.0011210762331838563,0.0011210762331838563,0.960132277116983,0.03762557041664923
0.019624058108785668,0.9791776195425026,0.0005991611743559019,0.0005991611743559019
0.0014880952380952387,0.0014880952380952387,0.03630253743254729,0.9607212720912622
0.018441078645228287,0.9779682570818812,0.0017953321364452424,0.0017953321364452424

Transition Gammas
314.5939612028749,6.1948357564071665,3.651934772168913,1.9675494169520298
494.50971657907206,9.618306854005954,12.381437765989562,1.395934116482206
211.78630887954262,3.299018241701038,2.954514570903743,3.9350317809671522
121.3128970115133,2.443319804246662,1.0,1.0

1.0,1.0,856.437991188349,33.56200881165112
32.75255298356328,1634.2474470164366,1.0,1.0
1.0,1.0,24.39530515467177,645.604694845328
10.271680805392156,544.7283191946078,1.0,1.0

Iteration: ,7500
Error:,0.02431427969829432
Absolute Error:,0.025835332093214758
Transition Probabilities
0.9657821578720995,0.013481518548348179,0.012143302442440131,0.008593021137112194
0.9651386448949422,0.014783369344683371,0.018298528677782765,0.0017794570825917272
0.9507376786822112,0.01309299655075697,0.01959289731243746,0.016576427454594405
0.9660504115560826,0.013192462936239461,0.014236834548659684,0.006520290959018173

0.0007490636704119852,0.0007490636704119852,0.961251310320919,0.03725056233825699
0.016949442334315393,0.9822591053506867,0.0003957261574990102,0.0003957261574990102
0.00099304865938431,0.00099304865938431,0.03026108445385697,0.9677528182273745
0.02170991770721602,0.9759176030519773,0.0011862396204033218,0.0011862396204033218

Transition Gammas
444.4636638663048,6.204344405867474,5.58848250716841,3.954603662068566
757.1241670982002,11.597138153365348,14.354681949137866,1.395934116482206
309.04019123325816,4.255918586786973,6.368731215788045,5.388218459620345
179.25376557197916,2.447903991553144,2.641690508222866,1.209860989703731

1.0,1.0,1283.2704992784268,49.729500721573075
42.83124077881505,2482.1687592211883,1.0,1.0
1.0,1.0,30.47291204503396,974.5270879549659
18.3014606271831,822.6985393728166,1.0,1.0

Iteration: ,10000
Error:,0.023599307036410933
Absolute Error:,0.024517953840171726
Transition Probabilities
0.9667402349243616,0.013166783593521027,0.013725337031733599,0.006367644450383771
0.9615320152179521,0.014907883017481596,0.021323719548142495,0.002236382216423905
0.9587961390368411,0.011388880859043557,0.01733980561307132,0.01247517449104401
0.9680436592080588,0.009524692013131397,0.017333829418974107,0.005097819359835663

0.0005537098560354377,0.0005537098560354377,0.9595955592173804,0.03929702107054879
0.01717772705413351,0.982218408211567,0.0003019323671497582,0.0003019323671497582
0.0007468259895444359,0.0007468259895444359,0.028783628886175788,0.9697227191347353
0.018233684314153238,0.9799725937127526,0.0008968609865470858,0.0008968609865470858

Transition Gammas
600.3906944067038,8.177185617432581,8.524073307131289,3.954603662068566
1002.5334519857992,15.543581687114745,22.233000908379147,2.3317455351529834
439.79268387202535,5.223995253390404,7.953640339074023,5.722270092471929
249.11603673211977,2.4510811086211555,4.460681959094748,1.3118711566557413

1.0,1.0,1733.0295799465878,70.97042005341108
56.89263200329023,3253.1073679967126,1.0,1.0
1.0,1.0,38.54127907858939,1298.458720921411
20.330558010280846,1092.6694419897185,1.0,1.0

Iteration: ,12500
Error:,0.024715270738361956
Absolute Error:,0.02479838419616854
Transition Probabilities
0.9610718985295267,0.01621863996993325,0.01756390481833086,0.005145556682209246
0.9646768026852978,0.014198031874153106,0.019327869486750797,0.0017972959537982422
0.9530252333250833,0.0188245434378594,0.01629798957845383,0.011852233658603573
0.9730275299403599,0.007199314664246738,0.015689223029776985,0.004083932365616376

0.00043668122270742375,0.00043668122270742375,0.9623648966145766,0.03676174094000845
0.019150672909515096,0.9803516908625676,0.0002488181139586956,0.0002488181139586956
0.0005896226415094339,0.0005896226415094339,0.02925996392064761,0.9695607907963336
0.016813456233243096,0.9817466589575417,0.000719942404607632,0.000719942404607632

Transition Gammas
776.7014145639125,13.107282219180348,14.194473627348893,4.158441381862887
1256.5766646549073,18.494189439846554,25.17625561943744,2.3411365845378542
561.682047340972,11.094573080237916,9.605504485992117,6.9853206758243545
331.500128402851,2.4527299199402948,5.345151384597332,1.3913523121728817

1.0,1.0,2203.8156132473796,84.18438675261932
76.96655442334135,3940.033445576668,1.0,1.0
1.0,1.0,49.62489880941835,1644.3751011905817
23.353890707974642,1363.6461092920242,1.0,1.0

Iteration: ,15000
Error:,0.02436364192092445
Absolute Error:,0.025698234689725687
Transition Probabilities
0.965028171763895,0.013324491331537071,0.016299333115360845,0.005348003789207215
0.964591226256109,0.012597166726976321,0.019425075198386592,0.0033865318185282
0.9549003211988236,0.020056770110353755,0.015067669499904705,0.009975239190917919
0.964743784310085,0.010192314401476842,0.021621268917910733,0.003442632370527378

0.00036443148688046674,0.00036443148688046674,0.9605111990156775,0.0387599380105617
0.01948667566578897,0.9800989024527358,0.00020721094073767056,0.00020721094073767056
0.0004911591355599214,0.0004911591355599214,0.0298179115521099,0.9691997701767703
0.020118189151590984,0.978676265339066,0.0006027727546714892,0.0006027727546714892

Transition Gammas
950.08081254325,13.118107762443108,16.04687210514294,5.2651683486578085
1491.8779601886943,19.483315718868536,30.04365038230872,5.23775465089968
668.6842119128837,14.045073833384217,10.551376391054443,6.9853206758243545
408.11381010482097,4.31163624147899,9.146406103771616,1.456330516325497

1.0,1.0,2635.642730099017,106.35726990098122
94.04269676309775,4729.957303236912,1.0,1.0
1.0,1.0,60.709267920095755,1973.2907320799043
33.376075802489424,1623.6239241975097,1.0,1.0

Iteration: ,17500
Error:,0.025225427945629698
Absolute Error:,0.025793856232861664
Transition Probabilities
0.9617285989990717,0.014739584960571577,0.017084359913512155,0.006447456126844563
0.9648620760359209,0.012937151245452238,0.01871889459560491,0.003481878123022017
0.9562564502818937,0.019775167828371975,0.015002824720927047,0.008965557168807379
0.9637671450066666,0.009259918633225136,0.023791082251640738,0.0031818541084676086

0.0003155569580309247,0.0003155569580309247,0.9607000154556207,0.03866887062831747
0.0191173746590735,0.98053223991696,0.00017519271198318127,0.00017519271198318127
0.00042625745950554145,0.00042625745950554145,0.028026214137407465,0.9711212709435815
0.02033451487011527,0.9786334933858187,0.0005159958720330245,0.0005159958720330245

Transition Gammas
1113.527138585855,17.066070284454767,19.780942803264228,7.465117892464791
1745.6582159584357,23.406292903028177,33.866801231040554,6.299521251152415
774.9013638913547,16.02478552366219,12.15752252969606,7.2652294017015295
448.89325011788594,4.31298679627313,11.08115823525722,1.4820102963160187

1.0,1.0,3044.4583489788606,122.541651021138
109.12197455399168,5596.878025446015,1.0,1.0
1.0,1.0,65.7494983663579,2278.2505016336418
39.40828981828334,1896.5917101817142,1.0,1.0

Iteration: ,20000
Error:,0.02519463987937232
Absolute Error:,0.02567462209647034
Transition Probabilities
0.9640053873542659,0.01420815219058999,0.016042113926696824,0.005744346528447275
0.9653111520744356,0.01232177630129996,0.019280265759665304,0.0030868058645990414
0.9540993475139647,0.02063126900809915,0.015812317298460214,0.009457066179475825
0.9649701205005725,0.008024861868277179,0.024248934745792667,0.00275608288535775

0.00027693159789532,0.00027693159789532,0.9610307247399006,0.03841541206430875
0.01870468676940346,0.9809891751623278,0.00015306903413439435,0.00015306903413439435
0.000372995151063036,0.000372995151063036,0.029022945402380384,0.9702310642954936
0.020149495395532457,0.9789434751260095,0.0004535147392290254,0.0004535147392290254

Transition Gammas
1292.83399540017,19.054646794275353,21.514184997904394,7.703781089561898
1987.918921659622,25.374918962836663,39.70492315964596,6.356830927043044
878.3002775487082,18.992203844610977,14.55609702292829,8.705743140767156
518.8870268803711,4.315156114674263,13.039219959197709,1.4820102963160187

1.0,1.0,3470.2819470357795,138.71805296421883
122.197718664513,6408.802281335498,1.0,1.0
1.0,1.0,77.81051662378185,2601.1894833762194
44.429637347149026,2158.570362652849,1.0,1.0

Iteration: ,22500
Error:,0.023363887450855533
Absolute Error:,0.025707161621971137
Transition Probabilities
0.9646786828223565,0.01500031346209171,0.01529955715447696,0.005021446561074829
0.9642247465654245,0.013016188681496217,0.01957564941003862,0.003183415343040835
0.9549225991000455,0.02008447142689505,0.01622206823318121,0.008770861239878167
0.9641381007770338,0.010222839886215545,0.023188052683618194,0.0024510066531325007

0.00024527839097375536,0.00024527839097375536,0.961756556923324,0.03775288629472856
0.018724522608672214,0.9810006766218856,0.00013740038472107708,0.00013740038472107708
0.0003307972213033408,0.0003307972213033408,0.028736902102170298,0.970601503455223
0.020708199897898245,0.9784869711282587,0.0004024144869215295,0.0004024144869215295

Transition Gammas
1479.9865544401248,23.01311579865299,23.47220818777417,7.703781089561898
2242.7409637717255,30.275036657330514,45.532030764311564,7.404472888679036
997.4346750000725,20.978609417258635,16.944256394435698,9.161330079017286
582.9696914922619,6.181278190166744,14.0207423691488,1.4820102963160187

1.0,1.0,3921.0814825763896,153.91851742360825
136.27707554591652,7139.72292445409,1.0,1.0
1.0,1.0,86.87165505486088,2934.128344945141
51.459876746277104,2431.540123253721,1.0,1.0

Iteration: ,25000
Error:,0.023735186628996388
Absolute Error:,0.025435590868311334
Transition Probabilities
0.9668144147124196,0.014767911189406445,0.0138665521379681,0.004551121960205857
0.962505024196708,0.013605649146357143,0.019865515761564184,0.004023810895370535
0.9563141256668772,0.02005021431929112,0.015451581260764059,0.008184078753067744
0.9671914810758513,0.009354136411117537,0.02121222351532739,0.0022421589977036633

0.00022163120567375891,0.00022163120567375891,0.9607533622604513,0.03880337532820125
0.01894863626644638,0.9808058444602907,0.00012275963663147552,0.00012275963663147552
0.0002985965959988053,0.0002985965959988053,0.028941050369303636,0.9704617564386987
0.02185886963209927,0.9774183258865129,0.00036140224069389253,0.00036140224069389253

Transition Gammas
1636.547354762714,24.997957854799594,23.47220818777417,7.703781089561898
2488.8416119966637,35.181432722329426,51.36817058427323,10.404753994465427
1094.881837923354,22.95544415320034,17.690479765537322,9.36993289795828
639.2890668911411,6.182847197107189,14.0207423691488,1.4820102963160187

1.0,1.0,4334.919170519155,175.08082948084402
154.35559102647227,7989.644408973531,1.0,1.0
1.0,1.0,96.92357768679798,3250.0764223132055
60.48349227201864,2704.5165077279794,1.0,1.0

Iteration: ,27500
Error:,0.02241158077114105
Absolute Error:,0.02490711860703361
Transition Probabilities
0.9670099179693135,0.015097025889698629,0.013137551108719524,0.0047555050322684615
0.9630350241523727,0.014137892883799012,0.019144545902854148,0.003682537060974118
0.9586319534870723,0.01907077001359009,0.014837134166293633,0.007460142333044023
0.9685275269318586,0.008587208333863075,0.020827413751076402,0.002057850983201931

0.00020181634712411714,0.00020181634712411714,0.9611978918660496,0.038398475439702116
0.01947472693992393,0.980303248193291,0.00011101243339253998,0.00011101243339253998
0.00027196083763937975,0.00027196083763937975,0.029094487628687247,0.970361590696034
0.021551532371774585,0.9777905728913833,0.0003289473684210529,0.0003289473684210529

Transition Gammas
1791.1807376300615,27.96403787245194,24.334526511356433,8.808564269319518
2730.8642283305485,40.090614538466696,54.28790673501461,10.44251608415498
1204.0409789805449,23.952872125272307,18.635428833627742,9.36993289795828
697.5081183697431,6.184282181401764,14.999357036388592,1.4820102963160187

1.0,1.0,4762.735554196274,190.2644458037239
175.42834027483474,8830.571659725163,1.0,1.0
1.0,1.0,106.98043101068308,3568.0195689893194
65.5166584101947,2972.483341589803,1.0,1.0

Iteration: ,30000
Error:,0.023464437988349886
Absolute Error:,0.02545995253097904
Transition Probabilities
0.9660004596901225,0.014279978384376698,0.014296796511272372,0.005422765414228342
0.9636553810910307,0.013567131856038207,0.01876749848239878,0.00400998857053242
0.957513980638532,0.02051111844284174,0.01508595504579872,0.006888945872827449
0.9660955844197013,0.009119844458039523,0.021722163007546435,0.003062408114712874

0.00018552875695732854,0.00018552875695732854,0.9613295420308989,0.03829940045518644
0.019171000662820955,0.9806256026118664,0.00010169836265636132,0.00010169836265636132
0.0002490660024906599,0.0002490660024906599,0.030396481966879576,0.9691053860281391
0.022140551117044747,0.9772574019232924,0.0003010234798314271,0.0003010234798314271

Transition Gammas
1959.5654385842304,28.96743145932954,29.00154761308071,11.000267733496205
2987.514285129582,42.060679599237304,58.18280156214651,12.43172442425275
1302.3533517411179,27.897998767788472,20.519015403837493,9.36993289795828
753.7251735509933,7.115089291110652,16.947123397319217,2.389219167306713

1.0,1.0,5181.566231546541,206.43376845345475
188.50844951751827,9642.491550482473,1.0,1.0
1.0,1.0,122.04187509702156,3890.9581249029807
73.55091081082259,3246.4490891891746,1.0,1.0

Iteration: ,32500
Error:,0.022163991845433006
Absolute Error:,0.025233807082209448
Transition Probabilities
0.967560378477923,0.014148787221453763,0.013260960715321462,0.005029873585301948
0.9643663165728501,0.013414586557742624,0.018209260756669763,0.0040098361127373925
0.958208605845101,0.020896906550166766,0.014438599433725855,0.006455888171006363
0.9632407400773899,0.012831055724728422,0.02109038659934633,0.0028378175985353457

0.00017114495978093455,0.00017114495978093455,0.9620711369475262,0.03758657313291188
0.01889436586505031,0.9809181751416045,9.372949667260298e-05,9.372949667260298e-05
0.00023009664058904736,0.00023009664058904736,0.02970790799086624,0.9698318987279557
0.02189546824064657,0.9775472734701364,0.0002786291446085263,0.0002786291446085263

Transition Gammas
2116.041890730965,30.943212568018843,29.00154761308071,11.000267733496205
3235.4326040674796,45.00570993940055,61.09176039813008,13.452932016770323
1414.3390691441393,30.844339299257648,21.31172185082847,9.529047026484168
817.7366273277953,10.892836854628287,17.904539217686292,2.4091458089815774

1.0,1.0,5621.381653184392,219.61834681560399
201.5839894142215,10465.416010585766,1.0,1.0
1.0,1.0,129.1105681283047,4214.889431871697
78.58283551568047,3508.4171644843163,1.0,1.0

Iteration: ,35000
Error:,0.022022159098073132
Absolute Error:,0.024684371751723166
Transition Probabilities
0.9686252631267154,0.013979244521327759,0.012725230280657996,0.0046702620712989465
0.9647775368232803,0.013256765815617815,0.01796376708567063,0.004001930275431424
0.9592807460911215,0.020683060849932496,0.014029673374893869,0.006006519684052063
0.9649225801738653,0.012922484944787491,0.019527422027446496,0.002627512853900552

0.0001587049674654818,0.0001587049674654818,0.9619426981077897,0.0377398919572793
0.01871442302770208,0.9811112090559945,8.71839581517002e-05,8.71839581517002e-05
0.0002135383301302583,0.0002135383301302583,0.02886470778902473,0.9707082155507146
0.02238959030866217,0.9770934802522063,0.00025846471956577944,0.00025846471956577944

Transition Gammas
2281.4859348692935,32.92651035402079,29.972823349225436,11.000267733496205
3490.151619437393,47.95729680049111,64.98520994973545,14.477268487886587
1521.8515582948155,32.81265522427813,22.25738437360588,9.529047026484168
884.7299021074713,11.848524508698988,17.904539217686292,2.4091458089815774

1.0,1.0,6061.200940777178,237.7990592228167
214.65443212774258,11253.345567872242,1.0,1.0
1.0,1.0,135.17342657600287,4545.8265734239985
86.62532490421388,3780.374675095784,1.0,1.0

Iteration: ,37500
Error:,0.02123746994805529
Absolute Error:,0.024278713255475096
Transition Probabilities
0.9692777697397791,0.013389207772268152,0.012505036685361218,0.004827985802591575
0.9660530500967465,0.012649992009753988,0.01729097501944882,0.004005982874050643
0.9604088421515434,0.020960277918412082,0.013045649906466837,0.0055852300235776356
0.9645924679843926,0.012925575851022133,0.020050167711362796,0.0024317884532225357

0.0001478415138971024,0.0001478415138971024,0.9620065745911439,0.037697742381061855
0.018653108613502327,0.9811837858572203,8.155276463872131e-05,8.155276463872131e-05
0.00019924287706714474,0.00019924287706714474,0.028739074798594465,0.9708624394472712
0.02190369867632625,0.9776130928192039,0.00024160425223483943,0.00024160425223483943

Transition Gammas
2455.7477777786085,33.922698177418205,31.682575428672273,12.232113204292286
3738.1320433459355,48.949010072475616,66.90724466365766,15.501108293259955
1638.568328050895,35.76065321026614,22.25738437360588,9.529047026484168
955.6110436087913,12.805224421926242,19.863478439992036,2.4091458089815774

1.0,1.0,6507.012470534493,254.98752946550223
228.72441781876535,12031.275582181226,1.0,1.0
1.0,1.0,144.2414164141457,4872.758583585857
90.65940882131432,4046.3405911786836,1.0,1.0

Iteration: ,37860
Error:,0.021333487255256852
Absolute Error:,0.024291300200730864
Transition Probabilities
0.9689389468064094,0.01358902884519189,0.012710620555997906,0.004761403792400807
0.9663760705868458,0.012530077185167736,0.017126073768938842,0.00396777845904747
0.9603220905680504,0.02071838099638365,0.013439583155261302,0.0055199452803045045
0.9649353350382677,0.012800970254496532,0.01985551477312427,0.0024081799341114448

0.00014634860237084749,0.00014634860237084749,0.962092786605072,0.03761451619018626
0.018670896469569116,0.9811672650452391,8.091924259588936e-05,8.091924259588936e-05
0.0001972775695403431,0.0001972775695403431,0.028851897447233505,0.9707535474136857
0.02217371443254284,0.9773477021743008,0.0002392916965781288,0.0002392916965781288

*,*,*,*,*,*,*,*,*,*,*
Model Num 2
Model States: 
"['square', 'y', 'diamond']","['square', 'y', 'square']","['diamond', 'y', 'diamond']","['diamond', 'y', 'square', 'y', 'square']"
Iteration: ,37860
Error:,0.020727601988840494
Absolute Error:,0.024291300200730864
Transition Probabilities
0.9689389468064094,0.01358902884519189,0.012710620555997906,0.004761403792400807
0.9663760705868458,0.012530077185167736,0.017126073768938842,0.00396777845904747
0.9603220905680504,0.02071838099638365,0.013439583155261302,0.0055199452803045045
0.9649353350382677,0.012800970254496532,0.01985551477312427,0.0024081799341114448

0.00014634860237084749,0.00014634860237084749,0.962092786605072,0.03761451619018626
0.018670896469569116,0.9811672650452391,8.091924259588936e-05,8.091924259588936e-05
0.0001972775695403431,0.0001972775695403431,0.028851897447233505,0.9707535474136857
0.02217371443254284,0.9773477021743008,0.0002392916965781288,0.0002392916965781288

Transition Gammas
2489.217760589805,34.91040592609923,32.653762696184934,12.232113204292286
3775.387229098949,48.95184682685612,66.90724466365766,15.501108293259955
1657.7980209777975,35.76601158195989,23.200668376148236,9.529047026484168
965.3223521287329,12.80610447860786,19.863478439992036,2.4091458089815774

1.0,1.0,6573.980010872451,257.0199891275425
230.73493857093501,12125.265061429058,1.0,1.0
1.0,1.0,146.25026816002676,4920.749731839977
92.6639526135965,4084.3360473864022,1.0,1.0

