0,1,2,3,4,5,6,7,8,9,10,11,12,13,14,15,16,17,18,19,20,21,22,23,24,25,26,27,28,29
github Code Version (SHA):,528ca1c557fe8e6666681dc5c9134b0f84d30530
Environment Observations,Environment Actions,alpha,epsilon,numActions,explore,patience,gainThresh,insertRandActions,useUpdatedPosterior,revisedSplitting,haveControl,confidence_factor
"['diamond', 'square']","['x', 'y']",0.65,0.99,75000,0.5,0,0.01,False,True,False,False,250

Model Num 0
Model States: 
['diamond'],['square']
Iteration: ,0
Error:,0.3112497353268478
Absolute Error:,1
Transition Probabilities
0.5,0.5
0.5,0.5

0.5,0.5
0.5,0.5

Transition Gammas
1.0,1.0
1.0,1.0

1.0,1.0
1.0,1.0

Iteration: ,2375
Error:,0.034377634452851226
Absolute Error:,1
Transition Probabilities
0.4839319470699433,0.5160680529300568
0.23850574712643677,0.7614942528735632

0.236,0.764
0.7454268292682927,0.2545731707317073


Model Num 1
Model States: 
['square'],"['diamond', 'x', 'square']","['diamond', 'x', 'diamond']"
Iteration: ,0
Error:,0.3961843470817601
Absolute Error:,1
Transition Probabilities
0.3333333333333333,0.3333333333333333,0.3333333333333333
0.3333333333333333,0.3333333333333333,0.3333333333333333
0.3333333333333333,0.3333333333333333,0.3333333333333333

0.3333333333333333,0.3333333333333333,0.3333333333333333
0.3333333333333333,0.3333333333333333,0.3333333333333333
0.3333333333333333,0.3333333333333333,0.3333333333333333

Transition Gammas
1.0,1.0,1.0
1.0,1.0,1.0
1.0,1.0,1.0

1.0,1.0,1.0
1.0,1.0,1.0
1.0,1.0,1.0

Iteration: ,2500
Error:,0.04671783744909892
Absolute Error:,1
Transition Probabilities
0.7755681818181817,0.12806207561101302,0.09636974257080518
0.9956236323851203,0.002188183807439825,0.002188183807439825
0.002652519893899204,0.686918279020332,0.31042920108576877

0.26262626262626265,0.3476227907269213,0.3897509466468161
0.850033832665199,0.05121160457771571,0.0987545627570852
0.5891241507883512,0.20914838651492698,0.20172746269672184

Transition Gammas
546.0,90.15570123015317,67.84429876984686
455.0,1.0,1.0
1.0,258.96819119066515,117.03180880933482

182.0,240.90259397375647,270.09740602624356
85.91929317945865,5.1763408688184605,9.981864137962129
44.239561038505244,15.705743515947118,15.148478274353707

Iteration: ,5000
Error:,0.03340130013360715
Absolute Error:,1
Transition Probabilities
0.7676258992805756,0.12772115567195547,0.10465294504746903
0.9978046103183315,0.0010976948408342481,0.0010976948408342481
0.0013020833333333337,0.6752062418902488,0.32349167477641794

0.25670775924583034,0.35428280630646347,0.3890094344477063
0.8684552683729905,0.04514149974008547,0.08640323188692417
0.6328936488052171,0.1928000315793224,0.17430631961546045

Transition Gammas
1067.0,177.5324063840181,145.46759361598194
909.0,1.0,1.0
1.0,518.5583937717109,248.4416062282889

354.0,488.55598989661314,536.444010103387
165.86699992737218,8.621612887601769,16.502225709290073
95.09112283136676,28.96785505655023,26.189208376680092

Iteration: ,7500
Error:,0.03358086983482627
Absolute Error:,1
Transition Probabilities
0.7598828696925329,0.1286475419079213,0.11146958839954575
0.9985642498205313,0.0007178750897343862,0.0007178750897343862
0.0008695652173913042,0.6785970754477224,0.32053335933488625

0.24561403508771928,0.36691984039381426,0.38746612451846657
0.8396951262174609,0.050578779671382024,0.10972609411115702
0.6206249838588268,0.2100797891766426,0.16929522696453062

Transition Gammas
1557.0,263.59881336933074,228.40118663066926
1391.0,1.0,1.0
1.0,780.3866367648809,368.61336323511927

504.0,752.9195124881069,795.0804875118934
222.59353375912414,13.407853575371822,29.08712730513497
152.7950197787066,51.720678956187804,41.67970711016387

Iteration: ,10000
Error:,0.03229538437663851
Absolute Error:,1
Transition Probabilities
0.7619744058500915,0.12606744913695814,0.11195814501295046
0.9989264626945786,0.0005367686527106817,0.0005367686527106817
0.0006455777921239508,0.677992222134579,0.3213622000732971

0.24606371292566825,0.3654267373686995,0.38850954970563223
0.8322838558633732,0.0561139819485193,0.11160216218810766
0.6353469760841378,0.20316942596389626,0.16148359795196604

Transition Gammas
2084.0,344.7944733895805,306.2055266104195
1861.0,1.0,1.0
1.0,1050.209952086463,497.7900479135373

672.0,997.9804197539185,1061.0195802460817
291.1858276236921,19.63223984200746,39.04553444404707
197.4669830929668,63.14542307116853,50.1893927364022

Iteration: ,12500
Error:,0.035071965190329187
Absolute Error:,1
Transition Probabilities
0.7572304995617879,0.12852607155873189,0.1142434288794802
0.9991379310344828,0.0004310344827586207,0.0004310344827586207
0.0005175983436853005,0.6758461911859559,0.3236362104703588

0.2502927400468384,0.3661555082837577,0.383551751669404
0.8472633218173071,0.05484485063967336,0.09789182754301957
0.6364156836099434,0.18948555413908091,0.17409876225097579

Transition Gammas
2592.0,439.94474294553925,391.05525705446075
2318.0,1.0,1.0
1.0,1305.7348413712662,625.2651586287329

855.0,1250.7872162973163,1310.212783702684
375.2065192030527,24.28778040407179,43.3509287196098
243.68849307255613,72.55548588188412,66.66376412674983

Iteration: ,15000
Error:,0.03243318933252502
Absolute Error:,1
Transition Probabilities
0.7600389389145777,0.12494932435091892,0.11501173673450332
0.9992803166606693,0.0003598416696653472,0.0003598416696653472
0.00042881646655231577,0.6768416314799817,0.322729552053466

0.24896164182751038,0.3651881130155879,0.3858502451569018
0.8440403155662262,0.05799001580157274,0.09796966863220112
0.6423328193696028,0.18703769931392053,0.17062948131647654

Transition Gammas
3123.0,513.4167737579259,472.58322624207415
2777.0,1.0,1.0
1.0,1578.3946846113165,752.6053153886824

1019.0,1494.7149465728012,1579.285053427199
444.4451960021395,30.535726154036887,51.58775922722713
292.2247195361824,85.09146283128528,77.62666147317097

Iteration: ,17500
Error:,0.0321775911508443
Absolute Error:,1
Transition Probabilities
0.7609243697478991,0.12288538539957673,0.11619024485252404
0.9993840468124423,0.0003079765937788728,0.0003079765937788728
0.0003691399040236252,0.6797895927371912,0.3198412673587852

0.2507784928378659,0.36603364792556775,0.3831878592365664
0.849307879304337,0.05816688132908873,0.09252523936657407
0.6452279528135925,0.18516579888923618,0.16960624829717122

Transition Gammas
3622.0,584.9344345019853,553.0655654980144
3245.0,1.0,1.0
1.0,1841.5500067250496,866.4499932749485

1208.0,1763.1840820574598,1845.8159179425404
521.7721580489782,35.73481412054817,56.84286581426644
339.9052692342083,97.5451085929568,89.34835702617052

Iteration: ,20000
Error:,0.032314823573007044
Absolute Error:,1
Transition Probabilities
0.7623040466642362,0.12329983485591356,0.11439611847985014
0.9994623655913979,0.00026881720430107527,0.00026881720430107527
0.00032456994482310964,0.6799588498366893,0.31971658021848753

0.2512315270935961,0.3671787461132821,0.3815897267931218
0.8444141905209062,0.060286474705010425,0.09529933477408341
0.6406488966766414,0.18810844514065078,0.17124265818270798

Transition Gammas
4182.0,676.4228940195418,627.5771059804579
3718.0,1.0,1.0
1.0,2094.953216346838,985.0467836531592

1377.0,2012.5067074468993,2091.4932925531007
585.8217459308647,41.82441302403922,66.11497451145843
382.6002794321947,112.33976058916824,102.26738734943132

Iteration: ,22500
Error:,0.031730636012114025
Absolute Error:,1
Transition Probabilities
0.7614352674963634,0.12368309991884241,0.1148816325847942
0.9995211874551113,0.00023940627244433804,0.00023940627244433804
0.0002882675122513694,0.6786934918404982,0.3210182406472503

0.2533614126032722,0.36562093101694504,0.3810176563797827
0.8487356275096553,0.05975344818839335,0.09151092430195137
0.6535048252024318,0.18532552490394819,0.16116964989362

Transition Gammas
4711.0,765.227339197878,710.7726608021217
4175.0,1.0,1.0
1.0,2354.387723194687,1113.6122768053108

1564.0,2256.9780071676023,2352.021992832399
665.7781289054492,46.87270999480302,71.7843931389204
428.1491926172975,121.41757918072526,105.59165413199636

Iteration: ,25000
Error:,0.03109319897960644
Absolute Error:,1
Transition Probabilities
0.7603077816492451,0.12349157567886404,0.11620064267189086
0.9995680345572354,0.00021598272138228941,0.00021598272138228941
0.0002579979360165121,0.679329270228067,0.3204127318359165

0.2502200058668231,0.3653545763543984,0.3844254177787786
0.849543148680482,0.057984213538122796,0.09247263778139529
0.6507565017373187,0.18989921562951056,0.15934428263317085

Transition Gammas
5237.0,850.6099732760155,800.3900267239842
4628.0,1.0,1.0
1.0,2633.080251403985,1241.9197485960112

1706.0,2490.9875015842886,2621.012498415713
747.7436165423161,51.036048728897235,81.39177475948814
475.05878620022,138.62833584679913,116.32292769041716

Iteration: ,25854
Error:,0.03056508473352211
Absolute Error:,1
Transition Probabilities
0.7595559302979202,0.1234530673968602,0.11699100230521961
0.9995828118481435,0.00020859407592824363,0.00020859407592824363
0.0002489419965148124,0.6780217295804714,0.3217293284230139

0.25070901871809415,0.36514501711396535,0.38414596416794056
0.8492661994067326,0.06004071141087041,0.09069308918239695
0.6545734232519854,0.18782466630955613,0.15760191043845856

*,*,*,*,*,*,*,*,*,*,*
Model Num 1
Model States: 
['square'],"['diamond', 'x', 'square']","['diamond', 'x', 'diamond']"
Iteration: ,25854
Error:,0.030612472977084564
Absolute Error:,1
Transition Probabilities
0.7595559302979202,0.1234530673968602,0.11699100230521961
0.9995828118481435,0.00020859407592824363,0.00020859407592824363
0.0002489419965148124,0.6780217295804714,0.3217293284230139

0.25070901871809415,0.36514501711396535,0.38414596416794056
0.8492661994067326,0.06004071141087041,0.09069308918239695
0.6545734232519854,0.18782466630955613,0.15760191043845856

Transition Gammas
5405.0,878.492027596057,832.5079724039426
4792.0,1.0,1.0
1.0,2723.6132877247496,1292.386712275245

1768.0,2575.002660687684,2708.9973393123173
770.3896617048084,54.46436392340637,82.26986820268938
491.1569328827119,140.9335969768012,118.25605531437894

