0,1,2,3,4,5,6,7,8,9,10,11,12,13,14,15,16,17,18,19,20,21,22,23,24,25,26,27,28,29
github Code Version (SHA):,528ca1c557fe8e6666681dc5c9134b0f84d30530
Environment Observations,Environment Actions,alpha,epsilon,numActions,explore,patience,gainThresh,insertRandActions,useUpdatedPosterior,revisedSplitting,haveControl,confidence_factor
"['diamond', 'square']","['x', 'y']",0.75,0.99,75000,0.5,0,0.01,False,True,False,False,250

Model Num 0
Model States: 
['diamond'],['square']
Iteration: ,0
Error:,0.403208266413116
Absolute Error:,1
Transition Probabilities
0.5,0.5
0.5,0.5

0.5,0.5
0.5,0.5

Transition Gammas
1.0,1.0
1.0,1.0

1.0,1.0
1.0,1.0

Iteration: ,2426
Error:,0.04775689948029871
Absolute Error:,1
Transition Probabilities
0.448,0.552
0.17507002801120447,0.8249299719887955

0.17115384615384616,0.8288461538461539
0.832378223495702,0.167621776504298


Model Num 1
Model States: 
['square'],"['diamond', 'x', 'square']","['diamond', 'x', 'diamond']"
Iteration: ,0
Error:,0.47567180303927625
Absolute Error:,1
Transition Probabilities
0.3333333333333333,0.3333333333333333,0.3333333333333333
0.3333333333333333,0.3333333333333333,0.3333333333333333
0.3333333333333333,0.3333333333333333,0.3333333333333333

0.3333333333333333,0.3333333333333333,0.3333333333333333
0.3333333333333333,0.3333333333333333,0.3333333333333333
0.3333333333333333,0.3333333333333333,0.3333333333333333

Transition Gammas
1.0,1.0,1.0
1.0,1.0,1.0
1.0,1.0,1.0

1.0,1.0,1.0
1.0,1.0,1.0
1.0,1.0,1.0

Iteration: ,2500
Error:,0.06805912532712659
Absolute Error:,1
Transition Probabilities
0.8450502152080345,0.06902546354584811,0.08592432124611746
0.9958071278825996,0.0020964360587002098,0.0020964360587002098
0.00273972602739726,0.7034955538753016,0.2937647200973012

0.16063675832127353,0.4782610609214148,0.36110218075731176
0.7949008027724382,0.08780498889301805,0.11729420833454388
0.6656149566033271,0.1728994498574885,0.16148559353918432

Transition Gammas
589.0,48.11074809145613,59.88925190854387
475.0,1.0,1.0
1.0,256.7758771644851,107.22412283551495

111.0,330.47839309669763,249.52160690330243
117.54833292833617,12.984425265601478,17.345231761983385
20.329892971273903,5.280871884748915,4.932258207969852

Iteration: ,5000
Error:,0.06039693122205133
Absolute Error:,1
Transition Probabilities
0.822429906542056,0.08598061737616494,0.09158947608177898
0.9978947368421053,0.0010526315789473684,0.0010526315789473684
0.0013422818791946312,0.7162647729611937,0.2823929451596116

0.1587068332108743,0.45359253556379525,0.3877006312253303
0.8413080183956017,0.06679161609617677,0.0919003655082215
0.64064741307465,0.2048733505715465,0.15447923635380348

Transition Gammas
1144.0,119.59903877024543,127.40096122975456
948.0,1.0,1.0
1.0,533.6172558560892,210.38274414391057

216.0,617.3394409023256,527.6605590976748
257.6390105224241,20.454013875951144,28.1432230746359
30.460783715057985,9.741087989083875,7.345005241583994

Iteration: ,7500
Error:,0.05163729775336522
Absolute Error:,1
Transition Probabilities
0.8326996197718631,0.08140215801722789,0.08589822221090897
0.9985855728429985,0.0007072135785007072,0.0007072135785007072
0.0009157509157509163,0.7245650673792372,0.2745191817050118

0.17539644401729934,0.4380512460057831,0.38655230997691753
0.8548259520587185,0.06469572333887035,0.08047832460241107
0.6674384825179402,0.19297218917702208,0.13958932830503767

Transition Gammas
1752.0,171.2701404682475,180.72985953175248
1412.0,1.0,1.0
1.0,791.2250535781266,299.7749464218727

365.0,911.5846429380348,804.4153570619656
380.00904089275116,28.760193483431046,35.776278049542654
41.34757594924177,11.954558295751106,8.647509103793773

Iteration: ,10000
Error:,0.05042093901450301
Absolute Error:,1
Transition Probabilities
0.8312522297538352,0.0828060454452884,0.08594172480087642
0.9989270386266095,0.000536480686695279,0.000536480686695279
0.0006821282401091411,0.722602408226869,0.27671546353302184

0.182439726520331,0.4251964250983746,0.3923638483812944
0.8615360781793515,0.06428988759498355,0.07417403422566493
0.6825870181465987,0.17380108991595475,0.14361189193744664

Transition Gammas
2330.0,232.10534538314337,240.8946546168566
1862.0,1.0,1.0
1.0,1059.3351304605892,405.6648695394097

507.0,1181.6208653483834,1090.3791346516175
511.36217297798123,38.15907128411291,44.02577707521504
53.23048682874175,13.553607645091851,11.19935000080111

Iteration: ,12500
Error:,0.050264875219924815
Absolute Error:,1
Transition Probabilities
0.8362691308114352,0.07925952898963408,0.08447134019893075
0.999137187230371,0.0004314063848144953,0.0004314063848144953
0.0005455537370430991,0.7277138640907154,0.2717405821722415

0.17640320733104234,0.4238008661076044,0.39979592656135327
0.8659392171189333,0.06325499224599641,0.07080579063507038
0.6668871651153037,0.1865793747515098,0.14653346013318663

Transition Gammas
2896.0,274.4757488911028,292.5242511088972
2316.0,1.0,1.0
1.0,1333.8995128782803,498.10048712171834

616.0,1479.912624447755,1396.087375552246
662.1110608402543,48.36578502447758,54.13924698663975
58.218225886370185,16.288093028665553,12.792146150346586

Iteration: ,15000
Error:,0.0471376674565689
Absolute Error:,1
Transition Probabilities
0.8357638058809467,0.08261049335815272,0.0816257007609006
0.9992816091954023,0.00035919540229885057,0.00035919540229885057
0.00046061722708429286,0.7317054965116946,0.2678338862612212

0.17776187067525645,0.42112758130500005,0.4011105480197435
0.866974831640237,0.06288380397494592,0.07014136438481701
0.6866502257958151,0.18543543538464002,0.1279143388195449

Transition Gammas
3496.0,345.5596937171528,341.4403062828472
2782.0,1.0,1.0
1.0,1588.5326329268892,581.4673670731113

745.0,1764.9456932492556,1681.0543067507454
788.2429760061567,57.17319001524135,63.77167570045805
70.22751420823558,18.965507013548446,13.08250650682506

Iteration: ,17500
Error:,0.04908619728300647
Absolute Error:,1
Transition Probabilities
0.831662916751892,0.08635001598048965,0.08198706726761835
0.999388379204893,0.0003058103975535168,0.0003058103975535168
0.00039246467817896375,0.7341340148823988,0.26547352043942224

0.17916581056092046,0.41617405442253996,0.4046601350165396
0.8649058760144549,0.0624108435067341,0.07268328047881105
0.6866502257958151,0.18543543538464002,0.1279143388195449

Transition Gammas
4066.0,422.1652281286139,400.8347718713861
3268.0,1.0,1.0
1.0,1870.5734699203529,676.4265300796482

872.0,2025.5191228745025,1969.4808771254984
913.621602090774,65.9261272396605,76.77715806749198
70.22751420823558,18.965507013548446,13.08250650682506

Iteration: ,20000
Error:,0.046728431506464135
Absolute Error:,1
Transition Probabilities
0.8306393678160919,0.08650829574958491,0.08285233643432313
0.9994669509594882,0.00026652452025586353,0.00026652452025586353
0.00034234851078397807,0.7372402508725769,0.26241740061663915

0.17871882289610616,0.41525481402790815,0.4060263630759858
0.8688020624692147,0.05978755058173289,0.0714103869490524
0.6866502257958151,0.18543543538464002,0.1279143388195449

Transition Gammas
4625.0,481.6781907336888,461.3218092663112
3750.0,1.0,1.0
1.0,2153.4787727987973,766.5212272012029

996.0,2314.215078577533,2262.7849214224693
1055.1880622500491,72.61390409884181,86.73021288087332
70.22751420823558,18.965507013548446,13.08250650682506

Iteration: ,22500
Error:,0.04732963983215631
Absolute Error:,1
Transition Probabilities
0.8301856594110115,0.08655559736199324,0.08325874322699524
0.9995274102079396,0.00023629489603024575,0.00023629489603024575
0.00030284675953967275,0.7352010161814363,0.2644961370590241

0.1779904306220095,0.4163872088678184,0.40562236051017214
0.8708726203890448,0.05840979572291968,0.07071758388803569
0.6866502257958151,0.18543543538464002,0.1279143388195449

Transition Gammas
5187.0,540.7993723177337,520.2006276822663
4230.0,1.0,1.0
1.0,2427.633755431104,873.366244568898

1116.0,2610.747799601222,2543.25220039878
1194.5158404272963,80.11668364999365,96.99842683453298
70.22751420823558,18.965507013548446,13.08250650682506

Iteration: ,25000
Error:,0.046493196219473384
Absolute Error:,1
Transition Probabilities
0.8297627606038821,0.08701520685017289,0.08322203254594501
0.9995740149094782,0.00021299254526091586,0.00021299254526091586
0.00027419797093501485,0.7411428472252263,0.2585829548038388

0.1773314203730272,0.41483654693476074,0.40783203269221213
0.8741943558446034,0.057605729565775345,0.06819991458962124
0.6866502257958151,0.18543543538464002,0.1279143388195449

Transition Gammas
5771.0,605.1907636429524,578.8092363570476
4693.0,1.0,1.0
1.0,2702.9479638304024,943.0520361696009

1236.0,2891.410732135283,2842.589267864719
1348.1387505668145,88.8366708879771,105.17449240996838
70.22751420823558,18.965507013548446,13.08250650682506

Iteration: ,27500
Error:,0.04588015257237422
Absolute Error:,1
Transition Probabilities
0.8301344823083954,0.08796993764556174,0.08189558004604292
0.9996121776226489,0.00019391118867558658,0.00019391118867558658
0.00025252525252525225,0.7435183433637061,0.2562291313837685

0.1755367599219258,0.41759788472077686,0.4068653553572974
0.8772955998556718,0.056427483347785495,0.06627691679654268
0.6866502257958151,0.18543543538464002,0.1279143388195449

Transition Gammas
6358.0,673.7617524273574,627.2382475726426
5155.0,1.0,1.0
1.0,2944.3326397202795,1014.6673602797244

1349.0,3209.239744079171,3126.7602559208312
1511.4665113249553,97.21723374944037,114.18652986328101
70.22751420823558,18.965507013548446,13.08250650682506

Iteration: ,30000
Error:,0.04581108343426478
Absolute Error:,1
Transition Probabilities
0.8284143864260963,0.08897959998449217,0.08260601358941151
0.9996442547136251,0.00017787264318747776,0.00017787264318747776
0.00023180343069077397,0.7435594322948608,0.25620876427444844

0.1765197659142481,0.4170572413156037,0.4064229927701481
0.877665137253967,0.05632545098058562,0.06600941176544733
0.6866502257958151,0.18543543538464002,0.1279143388195449

Transition Gammas
6933.0,744.670272270215,691.329727729785
5620.0,1.0,1.0
1.0,3207.715390920033,1105.2846090799717

1478.0,3492.020281535551,3402.9797184644513
1658.2588359747463,106.42119962865867,124.71805666114106
70.22751420823558,18.965507013548446,13.08250650682506

Iteration: ,32500
Error:,0.0466576597925135
Absolute Error:,1
Transition Probabilities
0.827357970215113,0.08898365415236245,0.08365837563252448
0.9996714309183505,0.0001642845408247084,0.0001642845408247084
0.00021312872975277037,0.7474143328014831,0.2523725384687641

0.17579505300353349,0.41458778290444637,0.40961716409202
0.879291568549864,0.05481852915861188,0.0658899022915241
0.6866502257958151,0.18543543538464002,0.1279143388195449

Transition Gammas
7500.0,806.6368248911656,758.3631751088344
6085.0,1.0,1.0
1.0,3506.8680495045633,1184.1319504954429

1592.0,3754.5069619826677,3709.4930380173346
1808.9262580638965,112.7756484541236,135.55227715076546
70.22751420823558,18.965507013548446,13.08250650682506

Iteration: ,35000
Error:,0.04495686635172768
Absolute Error:,1
Transition Probabilities
0.8278654910805823,0.08838678968954501,0.08374771922987266
0.9996955396559598,0.00015223017202009437,0.00015223017202009437
0.0001976675232259339,0.748410409559357,0.251391922917417

0.1732881634329124,0.4152407293698496,0.411471107197238
0.8794817824322654,0.05503254121216471,0.06548567635556969
0.6866502257958151,0.18543543538464002,0.1279143388195449

Transition Gammas
8075.0,862.1247466318221,816.8752533681779
6567.0,1.0,1.0
1.0,3786.2082619607886,1271.7917380392132

1688.0,4044.859944791706,4008.1400552082964
1950.7313252619685,122.06472515490447,145.25026302362926
70.22751420823558,18.965507013548446,13.08250650682506

Iteration: ,37500
Error:,0.045298691932227485
Absolute Error:,1
Transition Probabilities
0.8281160526818095,0.08748919262253743,0.08439475469565307
0.9997157071783938,0.00014214641080312722,0.00014214641080312722
0.0001849112426035502,0.7506361187519299,0.24917897000546652

0.1743796109993293,0.41443695967442984,0.4111834293262409
0.8805941176963171,0.055028984314474484,0.06437689798920855
0.6866502257958151,0.18543543538464002,0.1279143388195449

Transition Gammas
8677.0,916.7117602989472,884.2882397010528
7033.0,1.0,1.0
1.0,4059.440130210439,1347.5598697895637

1820.0,4325.478548122024,4291.521451877977
2091.40109777371,130.69321710408414,152.89440665140611
70.22751420823558,18.965507013548446,13.08250650682506

Iteration: ,40000
Error:,0.04437672339542626
Absolute Error:,1
Transition Probabilities
0.829414394278051,0.08720392203455621,0.08338168368739282
0.9997337947557567,0.0001331026221216558,0.0001331026221216558
0.00017376194613379653,0.7531341613808096,0.24669207667305662

0.17274523895077254,0.4147006674771586,0.4125540935720689
0.8808899338681008,0.055269243526451475,0.06384082260544786
0.6866502257958151,0.18543543538464002,0.1279143388195449

Transition Gammas
9277.0,975.3758679565112,932.6241320434888
7511.0,1.0,1.0
1.0,4334.287098746563,1419.7129012534422

1923.0,4616.44783035573,4592.552169644271
2234.333959792569,140.1877158488302,161.92910428898557
70.22751420823558,18.965507013548446,13.08250650682506

Iteration: ,42500
Error:,0.04388175186927346
Absolute Error:,1
Transition Probabilities
0.8299194089993284,0.08714931381253788,0.0829312771881337
0.9997495930887692,0.000125203455615375,0.000125203455615375
0.0001635590448151781,0.7525476466471448,0.24728879430804002

0.17214225232853514,0.4146732045407692,0.41318454313069575
0.8813496509713673,0.05550184579976877,0.06314850322886388
0.6866502257958151,0.18543543538464002,0.1279143388195449

Transition Gammas
9886.0,1038.1226261349511,987.8773738650486
7985.0,1.0,1.0
1.0,4601.076311600648,1511.9236883993583

2033.0,4897.290545626484,4879.709454373517
2371.19621988314,149.32299208594588,169.89567305385464
70.22751420823558,18.965507013548446,13.08250650682506

Iteration: ,45000
Error:,0.040950060615037434
Absolute Error:,1
Transition Probabilities
0.8301632588365827,0.0872926528456621,0.08254408831775524
0.9997623009270263,0.0001188495364868077,0.0001188495364868077
0.0001543924656476763,0.7504550650644886,0.24939054246986378

0.17255717255717257,0.41359514884772036,0.4138476785951072
0.8820541656790107,0.05456325266692691,0.06338258165406233
0.7109779712329319,0.17680037619096522,0.11222165257610281

Transition Gammas
10475.0,1101.4586936065643,1041.5413063934357
8412.0,1.0,1.0
1.0,4860.697456422695,1615.3025435773086

2158.0,5172.420931489591,5175.57906851041
2517.8277310246863,155.75105929457132,180.92587503363134
84.37470619150389,20.981634311104074,13.317809197398546

Iteration: ,47500
Error:,0.039732651270949784
Absolute Error:,1
Transition Probabilities
0.8293949428055388,0.08764124948419431,0.08296380771026686
0.9997743936830231,0.00011280315848843768,0.00011280315848843768
0.0001460493646852636,0.7517638515502422,0.2480900990850726

0.1737650351766397,0.4116490445312064,0.414585920292154
0.882163846982346,0.054886337533781984,0.06294981548387202
0.7330192251897759,0.1444191082979856,0.1225616665122384

Transition Gammas
11021.0,1164.576923145974,1102.423076854026
8863.0,1.0,1.0
1.0,5147.327091564508,1698.672908435492

2297.0,5441.588719658017,5480.411280341984
2603.3327459227253,161.97376518460032,185.76970316744007
143.36317364870902,28.245346083188384,23.970489279213893

Iteration: ,50000
Error:,0.03817210425946336
Absolute Error:,1
Transition Probabilities
0.8295056163697503,0.08747636710526487,0.08301801652498482
0.9997854767778612,0.00010726161106939826,0.00010726161106939826
0.00013846579894765984,0.7515374481530138,0.2483240860480385

0.17355371900826447,0.41065362387411897,0.41579265711761665
0.8817817923565401,0.05530077632372184,0.06291743131973808
0.7488532969185457,0.13322985282279312,0.11791685025866115

Transition Gammas
11594.0,1222.6571830302871,1160.3428169697129
9321.0,1.0,1.0
1.0,5427.60345056107,1793.3965494389352

2415.0,5714.245176208366,5785.754823791635
2676.019337598388,167.82604053435256,190.94096106665748
205.10800171507253,36.491137841980645,32.29696607414436

Iteration: ,52500
Error:,0.039218548147990875
Absolute Error:,1
Transition Probabilities
0.8296205463587438,0.08832399194115216,0.08205546170010405
0.999795793342863,0.00010210332856851133,0.00010210332856851133
0.00013194352816994323,0.75158455674583,0.24828349972600003

0.17425227568270482,0.40970669904021045,0.4160410252770848
0.8801935634952289,0.05586017568169642,0.06394626082307464
0.7416936858382894,0.13215552642337908,0.12615078773833147

Transition Gammas
12178.0,1296.5078777041726,1204.4921222958274
9792.0,1.0,1.0
1.0,5696.259355576647,1881.7406444233548

2546.0,5986.224579676515,6078.775420323486
2738.4016821331093,173.78859082265674,198.94549956565243
263.8548010295178,47.01384250019691,44.8776787964615

Iteration: ,55000
Error:,0.03575894263687481
Absolute Error:,1
Transition Probabilities
0.8291777879044333,0.0886520293418447,0.082170182753722
0.9998054663943197,9.726680284019065e-05,9.726680284019065e-05
0.00012583364791745317,0.7511904113662791,0.24868375498580347

0.17345872518286312,0.41027488462532213,0.4162663901918148
0.880468051064514,0.05583786883494759,0.06369408010053842
0.7543696836459719,0.13159184420159506,0.11403847215243292

Transition Gammas
12737.0,1361.7838227200764,1262.2161772799236
10279.0,1.0,1.0
1.0,5969.710199127819,1976.2898008721797

2656.0,6282.129033382933,6373.870966617068
2814.8077503369964,178.5105839659759,203.62645765603625
320.65329614528434,55.934589504103926,48.47333181036309

Iteration: ,57500
Error:,0.03856070463956404
Absolute Error:,1
Transition Probabilities
0.8282200968823749,0.08867720587332986,0.08310269724429528
0.9998142127264282,9.289363678588016e-05,9.289363678588016e-05
0.00012049644535486206,0.7523441300746874,0.24753537347995774

0.1735728592889334,0.41073132367324605,0.4156958170378206
0.8784871020409197,0.056672588002622044,0.06484030995645818
0.7544588129378949,0.13700767086295934,0.10853351619914584

Transition Gammas
13336.0,1427.8803689723575,1338.1196310276425
10763.0,1.0,1.0
1.0,6243.703935489829,2054.296064510169

2773.0,6561.843627003779,6641.156372996222
2885.4660166998083,186.1459620523582,212.97354333032365
369.3419055030819,67.07148668330284,53.132092828030764

Iteration: ,60000
Error:,0.03754084641810854
Absolute Error:,1
Transition Probabilities
0.8279269091125528,0.08859494073301234,0.08347815015443484
0.999821889749755,8.905512512245079e-05,8.905512512245079e-05
0.00011556685542586389,0.7518176121452186,0.24806682099935562

0.17411383674203804,0.41133382106937116,0.4145523421885908
0.8771635411868246,0.05691337470717423,0.06592308410600106
0.7529902444576954,0.13762850778756064,0.10938124775474399

Transition Gammas
13910.0,1488.4835992553403,1402.5164007446597
11227.0,1.0,1.0
1.0,6505.477797892575,2146.5222021074237

2903.0,6858.168798689626,6911.831201310375
2963.6426641483686,192.29128608631885,222.73208522146513
423.6259419941301,77.4286342829604,61.53696473181871

Iteration: ,62500
Error:,0.03953176901705656
Absolute Error:,1
Transition Probabilities
0.8275586506079115,0.08850259389498286,0.08393875549710574
0.9998289282353947,8.553588230262595e-05,8.553588230262595e-05
0.00011108642523883584,0.7518142884842897,0.24807462509047148

0.17542748575047498,0.41082368194839575,0.41374883230112935
0.8773499029191618,0.057041555172612834,0.06560854190822532
0.7473266153142816,0.14411818717204025,0.1085551975136781

Transition Gammas
14498.0,1550.4769424462047,1470.5230575537953
11689.0,1.0,1.0
1.0,6767.832224935574,2233.167775064424

3047.0,7135.596531761686,7186.403468238315
3044.2529528988043,197.92436540357895,227.65033286599993
473.2310363957546,91.26023037493525,68.7406116319567

Iteration: ,65000
Error:,0.039034723546741125
Absolute Error:,1
Transition Probabilities
0.8278643546971027,0.08857389123732776,0.08356175406556952
0.9998355668831703,8.221655841486475e-05,8.221655841486475e-05
0.00010694043417816274,0.7523360282678174,0.24755703129800447

0.1753415565020189,0.4106971735467917,0.4139612699511894
0.8773388682198797,0.05688648447365488,0.0657746473064655
0.7579120594856164,0.138626792977756,0.10346114753662762

Transition Gammas
15087.0,1614.170593909061,1522.829406090939
12161.0,1.0,1.0
1.0,7035.094200332362,2314.90579966764

3170.0,7424.994200552447,7484.005799447554
3110.6667800079053,201.6950392756167,233.20864691438797
536.7537152711403,98.17556698785565,73.27123857112129

Iteration: ,66374
Error:,0.039060567802276555
Absolute Error:,1
Transition Probabilities
0.8275232314551216,0.08867516174817441,0.08380160679670393
0.999838865613922,8.056719303899453e-05,8.056719303899453e-05
0.00010478885046631032,0.7524167835491428,0.2474784276003909

0.17551750298038366,0.41070533071597104,0.41377716630364536
0.8769270665786886,0.05661345153818889,0.06645948188312253
0.7563027391555655,0.1406149925434397,0.10308226830099482


Model Num 2
Model States: 
"['diamond', 'x', 'square']","['diamond', 'x', 'diamond']","['square', 'y', 'diamond', 'x', 'diamond']","['square', 'y', 'diamond', 'x', 'square']"
Iteration: ,0
Error:,0.4032807659587506
Absolute Error:,0.5
Transition Probabilities
0.25,0.25,0.25,0.25
0.25,0.25,0.25,0.25
0.25,0.25,0.25,0.25
0.25,0.25,0.25,0.25

0.25,0.25,0.25,0.25
0.25,0.25,0.25,0.25
0.25,0.25,0.25,0.25
0.25,0.25,0.25,0.25

Transition Gammas
1.0,1.0,1.0,1.0
1.0,1.0,1.0,1.0
1.0,1.0,1.0,1.0
1.0,1.0,1.0,1.0

1.0,1.0,1.0,1.0
1.0,1.0,1.0,1.0
1.0,1.0,1.0,1.0
1.0,1.0,1.0,1.0

Iteration: ,2500
Error:,0.050629401956232986
Absolute Error:,0.19738485335203404
Transition Probabilities
0.001890359168241966,0.001890359168241966,0.2744768253911822,0.7217424562723338
0.6574378366730672,0.3379855042880313,0.0022883295194508014,0.0022883295194508014
0.07508362576370431,0.050549707689606864,0.7616382063436603,0.1127284602030285
0.11704894567570254,0.1355853671631967,0.5558215923393047,0.19154409482179593

0.08423798273450017,0.06272956017796565,0.4344900465888723,0.4185424104986618
0.07986639739374303,0.08367944267211015,0.44587135250081844,0.39058280743332846
0.0035189636302486176,0.8889249681824725,0.031081765860686592,0.07647430232659225
0.8386377141531296,0.00388691457916843,0.06329024343577379,0.09418512783192827

Transition Gammas
1.0,1.0,145.19824063193536,381.8017593680646
287.3003346261303,147.69966537386964,1.0,1.0
11.181117263273704,7.52763606649006,113.41975045422711,16.787017403835087
17.544634219585117,20.32308500238146,83.312895068347,28.710818890080247

10.36770953585975,7.720529838507433,53.47548045462259,51.51270246066215
4.314098974929546,4.520066130874561,24.084386018955787,21.097895287126544
1.2468575241448732,314.9685252360085,11.013053188153663,27.096773163553436
327.97748551628763,1.5201086817084013,24.751778449101067,36.83426213491936

Iteration: ,5000
Error:,0.0498278155665198
Absolute Error:,0.18091317675399404
Transition Probabilities
0.0009208103130755058,0.0009208103130755058,0.2330050820209072,0.7651532973529418
0.684166856008229,0.3133393784057361,0.001246882793017457,0.001246882793017457
0.09972976987479737,0.06382884512251112,0.7361152486230452,0.10032613637964626
0.11022267436647644,0.12593047501836227,0.5975985225272477,0.16624832808791354

0.08891618796849536,0.08746498900188546,0.38193680393784996,0.44168201909176924
0.07485277765292235,0.07274290376741825,0.46584233876007947,0.38656197981957985
0.0019465914697955197,0.8821596975949427,0.029284823198124373,0.08660888773713757
0.8429088613072343,0.0019139030160961485,0.04505103718529015,0.11012619849137938

Transition Gammas
1.0,1.0,253.04351907470536,830.9564809252953
548.7018185185995,251.29818148140023,1.0,1.0
30.39285044608874,19.451970523851394,224.3326209473127,30.574594352804695
38.034899018978486,43.45524120391128,206.21527819803723,57.36785472899913

22.088662214267643,21.728153689200212,94.88118240482073,109.72315782690313
8.256612499702912,8.023883512989487,51.384595170693,42.63959968576584
1.3015963169125613,589.8596758152295,19.581416341107378,57.91138563984024
704.6867295074298,1.6000568020076946,37.66346459543058,92.06745142959163

Iteration: ,7500
Error:,0.05480353057683693
Absolute Error:,0.17611998364328105
Transition Probabilities
0.0005973715651135008,0.0005973715651135008,0.22167152446179986,0.7771337324079731
0.7086288104847032,0.28968057244006423,0.0008453085376162302,0.0008453085376162302
0.09723706268402596,0.06343955940143384,0.7345838309706008,0.10473954694393942
0.11215351456569717,0.13554890998308244,0.5995649088480487,0.15273266660317175

0.08392690291642264,0.10145631112457035,0.3649995306111929,0.4496172553478141
0.09236216375991992,0.08194234403937183,0.4665375242695741,0.3591579679311341
0.001337772489771914,0.8846999080785252,0.030115524979728022,0.08384679445197493
0.845779559251592,0.0012582825790200067,0.034462290571558876,0.11849986759782907

Transition Gammas
1.0,1.0,371.0781319490529,1300.9218680509466
838.3078828034036,342.69211719659586,1.0,1.0
41.26041696276565,26.919186990901448,311.7045530102375,44.44393176952739
60.96838623601731,73.68648525837074,325.9327634783793,83.02784129751318

32.20707126141699,38.93400719866349,140.0691016143542,172.54127675568242
14.480273221155635,12.846683985839384,73.14240533499189,56.30774868718152
1.3190710858271628,872.3322368359496,29.694524696077277,82.6746573475662
1109.2540192837655,1.6502586198793354,45.19786971921283,155.41455569557564

Iteration: ,10000
Error:,0.04733082972410357
Absolute Error:,0.16911057048015082
Transition Probabilities
0.00045433893684688776,0.00045433893684688776,0.21418258508893973,0.7849087370373665
0.7181687243893385,0.2805565783512606,0.0006373486297004464,0.0006373486297004464
0.09102755405162608,0.06566292770045398,0.7451474243597652,0.09816209388815486
0.10207166897827828,0.12368864605067383,0.6193046296201633,0.15493505535088456

0.08223552128146804,0.10056941481993027,0.36209435344182805,0.45510071045677364
0.08510064119907255,0.07529226139076589,0.489103405767667,0.3505036916424946
0.001006841206432637,0.8848600324807864,0.027478665390008837,0.08665446092277206
0.8379063779310058,0.0009619683863969568,0.03213564774313153,0.12899600593946567

Transition Gammas
1.0,1.0,471.41586978075634,1727.5841302192437
1126.8067285668717,440.1932714331276,1.0,1.0
51.640517782472706,37.25100186303359,422.72693382918385,55.68798819004919
77.58931066219472,94.02135656128324,470.761571581239,117.77317116899845

42.970403041940486,52.550384811367,189.20461698480815,237.80308859558454
18.055540672516127,15.974526968446678,103.77156166480813,74.36528763060697
1.3367535190889526,1174.8026945686936,36.48261754215331,115.04858446714924
1468.4784055414068,1.6859041050929446,56.319543569293394,226.07280969854858

Iteration: ,12500
Error:,0.04776697358972646
Absolute Error:,0.1651379678983619
Transition Probabilities
0.0003611412062116289,0.0003611412062116289,0.21130571171218512,0.7879720058753916
0.7242852486844994,0.2746959026145327,0.0005094243504839532,0.0005094243504839532
0.0903675128829469,0.0648114662618488,0.7421784317646124,0.10264258909059197
0.09669515775103978,0.12579897351416228,0.6350719247310053,0.1424339440037926

0.0803565387574691,0.09559429401009994,0.3545470384501014,0.46950212878232955
0.08498210585489378,0.0858977006724755,0.4892445795638346,0.33987561390879617
0.0008076058850488265,0.8848480432474998,0.025908535557090526,0.0884358153103608
0.8385735639334571,0.0007733374471942802,0.027548661598114116,0.13310443702123456

Transition Gammas
1.0,1.0,585.1055157310403,2181.8944842689584
1421.7719431676721,539.2280568323276,1.0,1.0
62.22469246232038,44.62747095186052,511.04454682225884,70.67698707135347
94.44872457047597,122.8763970919728,620.3178597194623,139.1249020073722

52.45676802405649,62.40397835509265,231.44839283989808,306.4911037379163
22.265938604048653,22.50583120013552,128.18568875584793,89.04991793482144
1.3457413667196223,1474.4526223791465,43.17228080649138,147.3636301641534
1854.0389632502875,1.7098055799818686,60.908540627872135,294.2864204558273

Iteration: ,15000
Error:,0.048253823280648395
Absolute Error:,0.16129836945427686
Transition Probabilities
0.0003004807692307692,0.0003004807692307692,0.20621690558883551,0.7931821328727029
0.7293339105509322,0.2698084565159632,0.00042881646655231577,0.00042881646655231577
0.09013244364312668,0.06606393405619507,0.7467665554692519,0.09703706683142634
0.09640320137604728,0.12465054992681719,0.6388526954507477,0.1400935532463877

0.084582767571659,0.097241888886766,0.34007650179758725,0.47809884174398776
0.08570428013546197,0.08642556193122908,0.49713612529976786,0.33073403263354106
0.0006815920484250832,0.886462196095081,0.02498236700254696,0.08787384485394706
0.8391503951119508,0.0006479834852360373,0.02559044478712842,0.13461117661568492

Transition Gammas
1.0,1.0,686.2898617996447,2639.7101382003557
1700.8066794047734,629.1933205952259,1.0,1.0
76.0718151387036,55.757984314248844,630.2712437748871,81.89931961492104
115.22537699188945,148.98785935061812,763.5850430781138,167.44602105049123

66.59107214487825,76.55745755631416,267.7384473946786,376.40190049331306
27.56851291850501,27.80052777789195,159.9138767739479,106.38728237184425
1.3545500658310847,1761.6951794726524,49.648271199918184,174.6345524522761
2239.4303635720416,1.729265576687508,68.29290602426971,359.2351954372934

Iteration: ,17500
Error:,0.04624815287712641
Absolute Error:,0.15890825067685418
Transition Probabilities
0.0002570033410434333,0.0002570033410434333,0.20430373736669877,0.7951822559512144
0.7334736610367119,0.26577951297374375,0.000373412994772218,0.000373412994772218
0.09041190466884799,0.06567159154363952,0.7490666803275629,0.09484982345994959
0.09337096723336509,0.11730941529168828,0.6472988559544438,0.1420207615205028

0.0829060517204577,0.09437358865335539,0.3338569778643752,0.48886338176181177
0.09276832180244553,0.08175639520172318,0.4934893609418081,0.3319859220540233
0.000585988260895381,0.8830378901891826,0.026297853522675132,0.09007826802724678
0.8371111420164011,0.0005527330520855207,0.024177275256387066,0.1381588496751263

Transition Gammas
1.0,1.0,794.9458420938256,3094.0541579061783
1964.2424642563146,711.7575357436859,1.0,1.0
88.69370631744754,64.42356098021523,734.8313300167614,93.04728638370477
131.91125949143876,165.7306674638498,914.4813413243331,200.64199912677296

76.29267048586905,86.84544677120037,307.2253457141746,449.86695329694817
34.99108102057395,30.837516437406816,186.1381760066599,125.22104604867441
1.3622207715009953,2052.7587945193955,61.133447041653966,209.40093165015955
2644.8677780482726,1.7463700647943698,76.38853800535017,436.5153817900052

Iteration: ,20000
Error:,0.04801824275666153
Absolute Error:,0.16034927092479762
Transition Probabilities
0.00022527596305474182,0.00022527596305474182,0.20152740239447178,0.7980220456794187
0.728121894796115,0.2712310654109377,0.0003235198964736329,0.0003235198964736329
0.09852760418927306,0.06443679187034605,0.741708922792397,0.09532668114798382
0.09319229721718121,0.11639069880568799,0.6525180398372133,0.13789896413991748

0.08755366422702207,0.0966562765397435,0.32573925429632317,0.49005080493691133
0.09481913332849483,0.08633533965381027,0.49040385654730495,0.3284416704703899
0.0005154696733202246,0.8838566511067077,0.026049368922402304,0.0895785102975698
0.835359525875762,0.0004896338379971495,0.02181345766855497,0.14233738261768583

Transition Gammas
1.0,1.0,894.5801392290612,3542.419860770943
2250.624776814793,838.375223185209,1.0,1.0
109.03391390520785,71.30789056458174,820.7996885331282,105.4916663272532
154.28630692119597,192.69286856249056,1080.2888390155576,228.3012924965628

92.7402421153731,102.38208266216336,345.03567128374414,519.0808482993907
40.645818576718845,37.009097522236104,210.2198731714713,140.7920541176482
1.3661069297839166,2342.4126743192137,69.03650252045846,237.4025670394927
3003.5408675972963,1.7604818009840604,78.43043568866003,511.77502911798274

Iteration: ,22500
Error:,0.0487916800814004
Absolute Error:,0.1589460781747302
Transition Probabilities
0.000200360649168503,0.000200360649168503,0.20198799112532803,0.797611287576335
0.7307712131733818,0.26865539233120544,0.0002866972477064219,0.0002866972477064219
0.09456433096868946,0.06315222969587912,0.7428250399695997,0.09945839936583166
0.09091432463265554,0.11326405032042364,0.660326208199733,0.13549541684718788

0.08868118767546622,0.09960845941726486,0.319550316640706,0.4921600362665628
0.09990274190678604,0.08544054394564823,0.4904469384337706,0.3242097757137951
0.0004579765801342582,0.8858248392741831,0.025950865685990254,0.08776631845969257
0.8323801926117688,0.000438473690362018,0.020928277112995216,0.14625305658487409

Transition Gammas
1.0,1.0,1008.1220637065137,3980.877936293494
2548.9299915487563,937.0700084512448,1.0,1.0
117.25466053223666,78.30535233518358,921.0629103411043,123.32304088929179
170.8703078166708,212.87583910470033,1241.060117978107,254.65891847049028

106.19870769114553,119.28448346825583,382.67226182997695,589.378211983464
47.74155240264438,40.83035288358315,234.37493070810183,154.93346530099936
1.3703138249676763,2650.4805625679246,77.64770418820736,262.60600381918107
3369.7614407913024,1.7750923768948206,84.72486715029179,592.0826985697414

Iteration: ,25000
Error:,0.045646961722692225
Absolute Error:,0.1566099841452242
Transition Probabilities
0.00017988846914912746,0.00017988846914912746,0.20022533403602402,0.7994148890256777
0.7337512127101996,0.2657301150906303,0.0002593360995850622,0.0002593360995850622
0.09438729266580417,0.062430177839459276,0.7420343938720637,0.10114813562267291
0.08788394980507562,0.10926465963380505,0.6678361343812524,0.13501525617986693

0.08704494426687717,0.09960133398825387,0.3149462684617323,0.4984074532831367
0.0989430231473704,0.0818502724322951,0.49757185759497974,0.32163484682535476
0.0004135823348930203,0.8855490588167029,0.025118317819099057,0.0889190410293051
0.830993311516633,0.00039462885213400914,0.01976697991455887,0.14884507971667404

Transition Gammas
1.0,1.0,1113.052631906258,4443.947368093744
2829.3446762105305,1024.6553237894707,1.0,1.0
130.68330679496003,86.43729312954186,1027.3788516229704,140.04398755368592
185.47115915849037,230.59322120009372,1409.4080005091284,284.93753550337374

115.37071029042153,132.0131426917462,417.4346368049138,660.5969178751764
51.94639904505689,42.972478285626565,261.2318225785481,168.86255916296682
1.3748560250675568,2943.7970539094104,83.49986853786419,295.5901860121554
3761.963124515279,1.7865115988580613,89.48645974765613,673.8317786670381

Iteration: ,27500
Error:,0.04751126911960933
Absolute Error:,0.15766909491396897
Transition Probabilities
0.00016350555918901233,0.00016350555918901233,0.19939249697153533,0.8002804919100867
0.7342079597500019,0.26532244644863634,0.00023479690068091077,0.00023479690068091077
0.09428657671558803,0.06425662789149826,0.7379389938700694,0.10351780152284427
0.08874422082891528,0.11442437425491533,0.6637326561520622,0.1330987487641072

0.09017586066890039,0.1023486709856529,0.3109927285432247,0.4964827398022222
0.09863674509754143,0.08236404330027684,0.49868707655974215,0.3203121350424396
0.00037805877798568425,0.8871412159392147,0.023864322260514093,0.08861640302228536
0.8293585803435658,0.00036123733626862594,0.018910253401200398,0.15136992891896514

Transition Gammas
1.0,1.0,1219.4845114779107,4894.515488522093
3126.9917005752613,1130.0082994247434,1.0,1.0
141.72963251623594,96.58923438556583,1109.2546369149782,155.60581876864111
208.96284300641017,269.4309818735365,1562.8675482216893,313.40286367449437

131.5173333710629,149.2708157400222,453.56854985806143,724.0971754436126
57.44223252989927,47.965639201481736,290.41610186014134,186.53742198266158
1.3793394066518148,3236.7158486035787,87.06847195123626,323.31506073112706
4121.790250320775,1.7952964688290405,93.98118009205905,752.2862993127526

Iteration: ,30000
Error:,0.047529650978586316
Absolute Error:,0.15735385977689914
Transition Probabilities
0.00014956625785222832,0.00014956625785222832,0.19759858325448823,0.8021022842298073
0.735096244011008,0.26447475555999145,0.00021450021450021418,0.00021450021450021418
0.09451333678800714,0.06582565900874199,0.7371187423417943,0.10254226186145655
0.08766726957022804,0.1137366940929601,0.6656138112636787,0.13298222507313334

0.0903677630524296,0.10355543177141077,0.31047901103687897,0.49559779413928057
0.10214348915963892,0.08138371556345628,0.5012453680948683,0.3152274271820365
0.00034739289524813856,0.888844270679036,0.022865572772575494,0.08794276365314034
0.8296308716416461,0.00033278617067443504,0.018347235912109048,0.15168910627557047

Transition Gammas
1.0,1.0,1321.14412763951,5362.855872360499
3427.018689579325,1232.9813104206821,1.0,1.0
155.19404605901042,108.08792391894158,1210.3735190996674,168.37780837234527
226.59121904700675,293.972155072712,1720.3940039211707,343.7155581395887

143.77205054486734,164.7531848519575,493.9615916133321,788.4793061390459
64.4732691829581,51.36963935539171,316.3875427574595,198.9724742493867
1.3817612698253143,3535.3935124469167,90.94821253310116,349.7938686699777
4496.940937252285,1.8038380747524851,99.44957339319768,822.2174162782002

Iteration: ,32500
Error:,0.04804513217038511
Absolute Error:,0.1569408746849401
Transition Probabilities
0.0001384849743802795,0.0001384849743802795,0.19840856332224732,0.8013144667289921
0.7321220545124061,0.26748401206234274,0.0001969667126255661,0.0001969667126255661
0.09421619674935217,0.0640408720719157,0.7400174339655317,0.10172549721320054
0.0864830566978983,0.11200489258854136,0.6694876446747257,0.13202440603883467

0.08996724319129784,0.10097275972803822,0.3113047717732721,0.4977552253073918
0.10394037067483212,0.08054112200954029,0.5024267720767297,0.31309173523889783
0.00032021751176773027,0.8903022048180653,0.021935042973985967,0.08744253469618092
0.8279892982328446,0.0003087172190462332,0.01818033015675985,0.15352165439134915

Transition Gammas
1.0,1.0,1432.7082357499503,5786.2917642500615
3716.983670759489,1358.0163292405152,1.0,1.0
166.89056201250955,113.43927584220519,1310.835394705231,180.19221733262913
242.04449801014817,313.4737489214219,1873.7288790028215,369.50337216207924

156.0882334547415,175.1822011427823,540.0967081852467,863.5780207902671
71.2561250807412,55.21481429010028,344.4377260016955,214.63944859041405
1.3858665724552057,3853.131136486659,94.93248091024302,378.4417822036298
4861.985492870184,1.8127995658947662,106.75560863698415,901.4851497298747

Iteration: ,35000
Error:,0.04888813424714294
Absolute Error:,0.15590520813057868
Transition Probabilities
0.0001283532280836862,0.0001283532280836862,0.19897414672014418,0.8007691468236884
0.7314279614345144,0.26820780618522705,0.0001821161901293024,0.0001821161901293024
0.09518279423211484,0.06251423658781059,0.7394534082392583,0.10284956094081622
0.08558983764088299,0.10944832517249639,0.6742679448932561,0.1306938922933645

0.08914419000442558,0.10209117679175733,0.30961643262716865,0.49914820057664844
0.10354339978087188,0.08301510108470475,0.5061320676271955,0.30730943150722784
0.00029749149053830945,0.8933050009145066,0.021177720873899818,0.08521978672105508
0.8284829349361935,0.00028745835886339645,0.017749138285588346,0.15348046841935478

Transition Gammas
1.0,1.0,1550.2075770966446,6238.7924229033615
4016.2709362369205,1472.7290637630824,1.0,1.0
180.54199856970854,118.57652744570146,1402.5895882730279,195.08426322293124
256.8201435864444,328.4097196682846,2023.2026978458505,392.15898884496227

167.1247303213193,191.39733490944874,580.4591729791433,935.7873845463486
76.40401098699706,61.25631096511641,373.4716084047648,226.76165966131995
1.389847439942899,4173.422461135354,98.93997669363462,398.1374465280238
5247.343816111219,1.8206685716314643,112.41731977419407,972.0958065553643

Iteration: ,37500
Error:,0.047843830906598356
Absolute Error:,0.15534920774583028
Transition Probabilities
0.0001199328376109379,0.0001199328376109379,0.19906155523974556,0.8006985790850326
0.7324728311330599,0.26718651139802513,0.00017032873445750284,0.00017032873445750284
0.09647018401988512,0.06125268056899598,0.7349312899610737,0.10734584545004516
0.0828704753751498,0.1060196110075226,0.6795330858081808,0.13157682780914665

