0,1,2,3,4,5,6,7,8,9,10,11,12,13,14,15,16,17,18,19,20,21,22,23,24,25,26,27,28,29
github Code Version (SHA):,ddb97f21bb9c22f159e8ea0ce9d830001061547e
Environment Observations,Environment Actions,alpha,epsilon,numActions,explore,patience,gainThresh,insertRandActions,useBudd,revisedSplitting,haveControl,confidence_factor
"['diamond', 'square']","['x', 'y']",0.99,0.99,75000,0.5,0,0.01,False,True,False,False,250

Model Num 0
Model States: 
['diamond'],['square']
Iteration: ,0
Error:,0.674777343121142
Absolute Error:,1
Transition Probabilities
0.5,0.5
0.5,0.5

0.5,0.5
0.5,0.5

Transition Gammas
1.0,1.0
1.0,1.0

1.0,1.0
1.0,1.0

Iteration: ,2500
Error:,0.15281277813719024
Absolute Error:,1
Transition Probabilities
0.48906560636182905,0.510934393638171
0.020075282308657464,0.9799247176913425

0.037267080745341616,0.9627329192546584
0.9764868603042877,0.02351313969571231

Transition Gammas
246.0,257.0
16.0,781.0

18.0,465.0
706.0,17.0

Iteration: ,2580
Error:,0.14878261111122534
Absolute Error:,1
Transition Probabilities
0.48846153846153845,0.5115384615384615
0.019583843329253364,0.9804161566707467

0.04,0.96
0.9746328437917223,0.025367156208277702


Model Num 1
Model States: 
['square'],"['diamond', 'x', 'square']","['diamond', 'x', 'diamond']"
Iteration: ,0
Error:,0.7245419700499209
Absolute Error:,1
Transition Probabilities
0.3333333333333333,0.3333333333333333,0.3333333333333333
0.3333333333333333,0.3333333333333333,0.3333333333333333
0.3333333333333333,0.3333333333333333,0.3333333333333333

0.3333333333333333,0.3333333333333333,0.3333333333333333
0.3333333333333333,0.3333333333333333,0.3333333333333333
0.3333333333333333,0.3333333333333333,0.3333333333333333

Transition Gammas
1.0,1.0,1.0
1.0,1.0,1.0
1.0,1.0,1.0

1.0,1.0,1.0
1.0,1.0,1.0
1.0,1.0,1.0

Iteration: ,2500
Error:,0.11425118055095447
Absolute Error:,1
Transition Probabilities
0.9807162534435262,0.015677039335237196,0.0036067072212366317
0.9959266802443992,0.002036659877800407,0.002036659877800407
0.00305810397553517,0.9576935434310906,0.03924835259337421

0.012465373961218839,0.41085480180651235,0.5766798242322688
0.9383663043539284,0.03485176677294746,0.026781928873124073
0.9617905682379468,0.02702418127348242,0.011185250488570695

Transition Gammas
712.0,11.381530557382204,2.6184694426177946
489.0,1.0,1.0
1.0,313.16578870196645,12.83421129803336

9.0,296.63716690430186,416.362833095698
68.76299399774233,2.5539193151963366,1.96256579739247
92.63232978527469,2.6027629658382643,1.0772779919087858

Iteration: ,5000
Error:,0.11661608339268935
Absolute Error:,1
Transition Probabilities
0.9752577319587629,0.021306814836460946,0.003435453204776165
0.9979101358411703,0.0010449320794148381,0.0010449320794148381
0.0016129032258064523,0.9727185778443037,0.025668518929889837

0.016517549896765318,0.40957850183437994,0.5739039482688546
0.9372940406510395,0.03899768733108454,0.0237082720178759
0.9773661328632871,0.015636161223801463,0.006997705912911453

Transition Gammas
1419.0,31.001415587050676,4.99858441294932
955.0,1.0,1.0
1.0,603.0855182634681,15.914481736531693

24.0,595.1175631653539,833.8824368346455
138.2030769615324,5.750170330535831,3.495761202146948
209.20813337903903,3.34696690713222,1.4978798044565034

Iteration: ,7500
Error:,0.11694629287775937
Absolute Error:,1
Transition Probabilities
0.9744623655913979,0.02235649467640873,0.003181139732193417
0.9985994397759104,0.0007002801120448179,0.0007002801120448179
0.0010660980810234541,0.9776534393336573,0.02128046258531918

0.02137546468401487,0.39872696237849464,0.5798975729374906
0.9332654943042576,0.03441950566438673,0.032315000031355685
0.9807654551870503,0.014144063024202106,0.005090481788747742

Transition Gammas
2175.0,49.899696117744284,7.100303882255707
1426.0,1.0,1.0
1.0,917.0389260949706,19.96107390502939

46.0,858.0604230385204,1247.9395769614796
208.80592829388553,7.700913486603053,7.230057920864653
301.70274624425696,4.350992008216451,1.5659323309655753

Iteration: ,10000
Error:,0.11090203914609603
Absolute Error:,1
Transition Probabilities
0.978523489932886,0.01908216354885685,0.002394346518257239
0.9989401165871754,0.0005299417064122947,0.0005299417064122947
0.0008051529790660233,0.9782623246111679,0.020932522409765973

0.018815331010452966,0.39947928732821875,0.5817053816613283
0.9239145218701236,0.039920415305726625,0.03616506282414984
0.9830152919201037,0.012974800553643105,0.004009907526253277

Transition Gammas
2916.0,56.86484737559341,7.135152624406572
1885.0,1.0,1.0
1.0,1215.0018071670695,25.998192832929316

54.0,1146.5055546319875,1669.4944453680118
282.5727934299666,12.209379764905652,11.060831478333231
411.8212880364569,5.4356215207807,1.6798978570751724

Iteration: ,12500
Error:,0.1152103297784137
Absolute Error:,1
Transition Probabilities
0.978763440860215,0.018492791574586165,0.0027437675651987826
0.9991539763113367,0.00042301184433164127,0.00042301184433164127
0.0006402048655569792,0.979492369164636,0.01986742596980711

0.0200836820083682,0.39720710707837315,0.5827092109132587
0.9155647008593265,0.04250007714214036,0.04193522199853314
0.9846637939654537,0.012017255821303955,0.003318950213242458

Transition Gammas
3641.0,68.79318465746053,10.206815342539471
2362.0,1.0,1.0
1.0,1529.9670806351592,31.032919364838662

72.0,1423.9874788759678,2089.0125211240324
354.1811547522974,16.44092043428157,16.222409337422103
510.36828617493904,6.2287516771027835,1.7202693372230673

Iteration: ,15000
Error:,0.11247262140524893
Absolute Error:,1
Transition Probabilities
0.9802336028751123,0.016786527835608626,0.0029798692892790634
0.9992957746478873,0.00035211267605633805,0.00035211267605633805
0.0005324813631522902,0.9807952875080757,0.018672231128772015

0.019717003015541624,0.39837907185284316,0.5819039251316153
0.9283499364418671,0.03499583435282408,0.03665422920530878
0.986504839330945,0.010550130003190283,0.0029450306658648367

Transition Gammas
4364.0,74.73362192412961,13.26637807587039
2838.0,1.0,1.0
1.0,1841.9335499401643,35.06645005983381

85.0,1717.412178757608,2508.587821242395
436.13554934372945,16.44092043428157,17.220028528788905
609.8469906700617,6.521980204361781,1.8205872058638777

Iteration: ,17500
Error:,0.1179629563213058
Absolute Error:,1
Transition Probabilities
0.9797179833880626,0.016881151557497254,0.003400865054440161
0.9993979530403372,0.00030102347983142685,0.00030102347983142685
0.0004572473708276182,0.9825827292513991,0.016960023377773224

0.021230158730158724,0.39983449887754524,0.578935342392296
0.9253814817367786,0.03387926873063366,0.04073924953258766
0.9867718736574254,0.010424454288010572,0.002803672054564152

Transition Gammas
5072.0,87.39372161316328,17.606278386836713
3320.0,1.0,1.0
1.0,2148.9084288728077,37.09157112719

107.0,2015.1658743428288,2917.834125657173
514.5188837826977,18.837121635440308,22.65132122193699
707.7553496054555,7.476868246873439,2.0109145265788

Iteration: ,20000
Error:,0.11333532350002079
Absolute Error:,1
Transition Probabilities
0.9797825348284064,0.016874353034252398,0.0033431121373412153
0.9994750656167979,0.00026246719160104987,0.00026246719160104987
0.0004046944556859577,0.9841721625409988,0.015423143003315314

0.022597895463170602,0.40376843145091273,0.5736336730859166
0.9305970705198049,0.03011197740701979,0.03929095207317525
0.9883548505934072,0.009180229656757303,0.0024649197498353296

Transition Gammas
5767.0,99.3224419596096,19.677558040390394
3808.0,1.0,1.0
1.0,2431.8894136388044,38.110586361192084

131.0,2340.6455971209416,3325.3544028790593
582.152741881355,18.837121635440308,24.579204260498578
822.4780643570207,7.639500644843629,2.0512292962621057

Iteration: ,22500
Error:,0.11780738971791356
Absolute Error:,1
Transition Probabilities
0.980344723314182,0.016501612667388064,0.003153664018429899
0.999530626613471,0.0002346866932644919,0.0002346866932644919
0.0003571428571428573,0.9835236069935928,0.016119250149264353

0.02346265910136482,0.40012138877917136,0.5764159521194638
0.9325585630708318,0.028128265238006715,0.0393131716911616
0.9894898807496371,0.008156805202410477,0.002353314047952357

Transition Gammas
6484.0,109.14166618210466,20.858333817895353
4259.0,1.0,1.0
1.0,2753.8660995820583,45.13390041794017

153.0,2609.191576228977,3758.808423771024
668.5037980959023,20.16372256937626,28.181613071244385
926.7364359540205,7.639500644843629,2.204066879216234

Iteration: ,23320
Error:,0.11605405873988099
Absolute Error:,1
Transition Probabilities
0.9804208065458796,0.016526363120870805,0.0030528303332495927
0.9995462794918331,0.00022686025408348456,0.00022686025408348456
0.00034352456200618356,0.9831181538809579,0.01653832155703587

0.02293577981651376,0.39888515167385197,0.5781790685096343
0.9342234068365141,0.028207012846280983,0.03756958031720488
0.989581071871625,0.008154068020574369,0.0022648601078004765


Model Num 2
Model States: 
"['diamond', 'x', 'square']","['diamond', 'x', 'diamond']","['square', 'y', 'diamond', 'x', 'diamond']","['square', 'y', 'diamond', 'x', 'square']"
Iteration: ,0
Error:,0.6753887911931135
Absolute Error:,0.74
Transition Probabilities
0.25,0.25,0.25,0.25
0.25,0.25,0.25,0.25
0.25,0.25,0.25,0.25
0.25,0.25,0.25,0.25

0.25,0.25,0.25,0.25
0.25,0.25,0.25,0.25
0.25,0.25,0.25,0.25
0.25,0.25,0.25,0.25

Transition Gammas
1.0,1.0,1.0,1.0
1.0,1.0,1.0,1.0
1.0,1.0,1.0,1.0
1.0,1.0,1.0,1.0

1.0,1.0,1.0,1.0
1.0,1.0,1.0,1.0
1.0,1.0,1.0,1.0
1.0,1.0,1.0,1.0

Iteration: ,2500
Error:,0.03129703380435917
Absolute Error:,0.04041446973021984
Transition Probabilities
0.0014450867052023123,0.0014450867052023123,0.026591754242412113,0.9705180723471833
0.9577729945757719,0.033716367126355784,0.004255319148936169,0.004255319148936169
0.007661647504786112,0.012670665431507858,0.9570641691731581,0.022603517890548007
0.015949569561196565,0.00835446905692705,0.9181691840632812,0.057526777318595256

0.006780015166358827,0.006780015166358827,0.04036413119266016,0.9460758384746222
0.020970861068685655,0.020970861068685655,0.9038902902602489,0.05416798760237968
0.004205649336838471,0.9749925796197996,0.008460107158169208,0.012341663885192802
0.9734363032125787,0.0018746370211928786,0.0041812014080510876,0.020507858358177408

Transition Gammas
1.0,1.0,18.40149393574918,671.5985060642507
225.07665372530644,7.923346274693611,1.0,1.0
1.4042173707230965,2.3222640413082667,175.40954871782955,4.142745074284631
3.3238298030397826,1.7410396646406128,191.3429755275038,11.988362205684192

1.11181631283059,1.11181631283059,6.619085416786001,155.1416220438723
1.0,1.0,43.10220201734902,2.5830120863880506
1.1611123283136793,269.17981351767327,2.335699896365934,3.4073354531677276
621.6200147972469,1.1971116024824313,2.6700447400258835,13.095972663027094

Iteration: ,5000
Error:,0.023537597581776894
Absolute Error:,0.02717739609086927
Transition Probabilities
0.000724112961622013,0.000724112961622013,0.0228638736728146,0.9756879004039414
0.9736069072787837,0.02198780637760396,0.0022026431718061676,0.0022026431718061676
0.009472887070590623,0.006658308253070005,0.9586199730315931,0.02524883164474627
0.015493631106540898,0.004351588723186143,0.9392311783502394,0.040923601820033496

0.008214323592923758,0.004752737139602305,0.01973385204658698,0.9672990872208869
0.01488170706662519,0.014843969716403227,0.9437513353907636,0.026522987826208048
0.0021314185088245233,0.9786387578050396,0.007989857118183596,0.011239966567952373
0.9779516564043088,0.0009179246596037642,0.0022245132855379804,0.018905905650549403

Transition Gammas
1.0,1.0,31.57500954215696,1347.424990457843
442.0175359045678,9.982464095432197,1.0,1.0
3.3039240863117962,2.3222640413082667,334.3444923302747,8.806208962555228
6.513873194652915,1.8295063915746328,394.8740456105906,17.205208455726556

2.942742308893914,1.7026454467666063,7.069558519093426,346.5302915229077
1.4952544960958825,1.4914627978493364,94.8243653178927,2.664923897472439
1.1695597695112598,537.0022430012966,4.384223657100669,6.167635616422679
1282.3197105944487,1.2036105017485408,2.9168489197233503,24.78999376255021

Iteration: ,7500
Error:,0.020713997829906048
Absolute Error:,0.02494930348670954
Transition Probabilities
0.00048146364949446283,0.00048146364949446283,0.021530848061722112,0.9775062246392888
0.9762797788030605,0.020757258233976547,0.0014814814814814808,0.0014814814814814808
0.008322724346090023,0.0045626967417995825,0.966099750642237,0.021014828269873453
0.01756533379907936,0.003128338264511282,0.9439706000239079,0.03533572791250152

0.01135387811147681,0.008506598377709937,0.015530044521914367,0.9646094789888988
0.011489132049781619,0.017582711986360966,0.9484849687511681,0.022443187212689335
0.0014299816393705006,0.9833653523751904,0.006091109342678629,0.009113556642760519
0.976120385690465,0.0006062049849223362,0.0015452837080178288,0.02172812561659484

Transition Gammas
1.0,1.0,44.71957142419686,2030.2804285758043
658.9888506920662,14.011149307934177,1.0,1.0
4.235995633368063,2.3222640413082667,491.7133086404667,10.69586316756775
11.035849401282706,1.9654548190382857,593.0725541719182,22.200532946746918

6.205721414168491,4.649475641360317,8.488300553025617,527.2293432514842
1.8011644047861706,2.756461918291075,148.69507607598604,3.5184441925024736
1.1733849656996356,806.9097452012894,4.998117409589962,7.478215142241106
1943.1649853327986,1.2067735884872908,3.0761996551290838,43.25422715684212

Iteration: ,10000
Error:,0.02140765477503972
Absolute Error:,0.023869958130782097
Transition Probabilities
0.0003556187766714077,0.0003556187766714077,0.021286512180607658,0.9780022502660496
0.9778357960765975,0.019951814542871496,0.0011061946902654865,0.0011061946902654865
0.008974691577311952,0.00373094547475613,0.9711769100807098,0.016117452867222052
0.01606747143423321,0.002364200486083128,0.9515707713153724,0.029997556764311213

0.015177887491000292,0.007064847578807509,0.01568033400207256,0.9620769309281197
0.018354589608827836,0.01350234688125399,0.9483374918822584,0.019805571627659755
0.0010673882963511975,0.9806122359731199,0.006803900084609967,0.011516475645919054
0.9781077025692613,0.00045483342036924747,0.001176863392243924,0.020260600618125537

Transition Gammas
1.0,1.0,59.85767225186882,2750.1423277481354
883.9635596532443,18.036440346755835,1.0,1.0
5.971001727152918,2.482255984149891,646.1390853945986,10.723191775278039
13.521181884041853,1.9895342533214027,800.7707701337619,25.24369952965649

10.612707008946101,4.939894136203338,10.964028470041328,672.7049857274511
3.747032106902609,2.756461918291075,193.6001352246658,4.043245551440026
1.1754082614123418,1079.8504418167172,7.492456490869517,12.681945888709109
2598.772336783245,1.2084645766465636,3.126854046750367,53.831176540877664

Iteration: ,12500
Error:,0.021282885383605486
Absolute Error:,0.022509105853022644
Transition Probabilities
0.00028628685943315167,0.00028628685943315167,0.021180192655319792,0.9782472336258139
0.9816566061983705,0.016601233522883868,0.0008710801393728218,0.0008710801393728218
0.008934665385369947,0.004227887371877923,0.9733223468456933,0.013515100397058834
0.01439076313176305,0.0018926649659682983,0.958264473357678,0.02545209854459065

0.014051998057489395,0.009244941855269844,0.013597963261237684,0.9631050968260031
0.02839526439953826,0.011477396149038581,0.9446160999692299,0.015511239482193295
0.0008393624941995144,0.9813254005026625,0.0059276994596926475,0.011907537543445297
0.9796677517052259,0.000370893010100951,0.0009711563439278234,0.01899019894074552

Transition Gammas
1.0,1.0,73.98241294503212,3417.0175870549724
1126.94178391573,19.058216084270693,1.0,1.0
7.730636070544232,3.658140199940415,842.1581019825205,11.69381483470112
15.43932986421909,2.0305718650554674,1028.0873339285383,27.30663701212645

12.13259803674694,7.982150505870946,11.740581068406815,831.5519941809496
7.440687166838584,3.0075336870701106,247.5269394830659,4.06456086948049
1.1767796104887864,1375.8104877769074,8.310587987284576,16.694273915133273
3194.7078472799276,1.2094863874087252,3.1669520482648665,61.927257962515064

Iteration: ,15000
Error:,0.020091317327508875
Absolute Error:,0.02273775638688586
Transition Probabilities
0.00023832221163012368,0.00023832221163012368,0.02075943078738693,0.9787639247893528
0.9803929896497943,0.018158784426961633,0.0007241129616220128,0.0007241129616220128
0.009423665318718532,0.004538843212316463,0.9746114177843059,0.01142607368465912
0.013982246520538229,0.003070757237875882,0.9557163157054499,0.027230680536136056

0.01299435157183631,0.009199067919958762,0.013345211284356426,0.9644613692238485
0.029583724269360772,0.009443946447814926,0.9434863270796744,0.017486002203149706
0.0006982755054054897,0.982199231514347,0.005217021848585779,0.011885471131661732
0.9783106747540388,0.0003089258717976277,0.0008195361091847753,0.02056086326497877

Transition Gammas
1.0,1.0,87.10657158387565,4106.893428416129
1353.9227187063664,25.077281293634023,1.0,1.0
9.654296980700103,4.649925356909503,998.4637346342399,11.70571162538505
18.102827693981776,3.9757122781135643,1237.3668109863122,35.25558764905532

13.392458907961759,9.480899329876072,13.754067892943292,994.0095266963455
9.421278257002644,3.0075336870701106,300.46410445695676,5.568619111592142
1.1778479852026282,1656.7692507485858,8.800049014387984,20.048359304086382
3833.602604757999,1.2105551512031396,3.2114295018337375,80.56968098453252

Iteration: ,17500
Error:,0.019913829491896476
Absolute Error:,0.022232337223257632
Transition Probabilities
0.00020350020350020376,0.00020350020350020376,0.022637241009647282,0.9769557585833524
0.9802116323636212,0.018555322013690752,0.0006165228113440194,0.0006165228113440194
0.010492181398865584,0.004097592523019493,0.9746866455104454,0.010723580567669524
0.013708220669920095,0.002686161226866948,0.9569729283879892,0.02663268971522377

0.013359037271075663,0.00881048109626319,0.012869212184303454,0.9649612694483578
0.025435402486076897,0.00811968691872611,0.9460241532394166,0.020420757355780424
0.0005960226151249822,0.9838361450688327,0.0046010439049517194,0.010966788411090717
0.9792647162599314,0.000265412984388357,0.00070707716259041,0.01976279359308993

Transition Gammas
1.0,1.0,111.2394023214066,4800.760597678587
1589.9032676937945,30.096732306206416,1.0,1.0
12.377197014876446,4.833762209789892,1149.797947694287,12.650169144549565
20.742268689764913,4.064501094147295,1448.0208691862656,40.29862221407689

15.920647667773352,10.499900739171261,15.336898070620764,1149.9936763555122
9.421278257002644,3.0075336870701106,350.40753887785394,7.563852680249633
1.1787495741888172,1945.7255608132803,9.099450937190735,21.688937368729384
4470.1313983038035,1.2115528062352765,3.2276541501368525,90.21287369167233

Iteration: ,20000
Error:,0.019478687752099454
Absolute Error:,0.020999655789689084
Transition Probabilities
0.0001779676098949994,0.0001779676098949994,0.021246664064007548,0.9783974007162025
0.9810291817905079,0.017890321180858936,0.0005402485143165853,0.0005402485143165853
0.009826199199207429,0.0035599875191612436,0.975903571112348,0.010710242169283311
0.014590853967507464,0.0029595297385574537,0.9586189168758092,0.023830699418125857

0.014721034010008337,0.00850788998204718,0.01165176967346078,0.9651193063344836
0.024061129159651497,0.007226104381256182,0.949595872653594,0.01911689380549822
0.0005206319552726928,0.9837411984500349,0.004308658493838233,0.011429511100854106
0.9803333045701558,0.00023288844535896186,0.0007811854584055369,0.01865262152607971

Transition Gammas
1.0,1.0,119.38500537565822,5497.614994624333
1815.885015494231,33.114984505769904,1.0,1.0
13.342044065982371,4.833762209789892,1325.084927138535,14.542400381161258
25.331366057058435,5.13807699885822,1664.2704221890208,41.37277857078016

19.948471460098308,11.529040716646533,15.789311717685496,1307.83305879968
10.321807992779913,3.099873720148898,407.3601950777546,8.200816593828316
1.1795031110305383,2228.6872564573555,9.761360297580076,25.893808024047306
5103.0529666278735,1.212283686009726,4.066403489934324,97.09485046596846

Iteration: ,22500
Error:,0.019054568648150458
Absolute Error:,0.020719114024503226
Transition Probabilities
0.00015893197711379565,0.00015893197711379565,0.02074226482342997,0.9789398712223424
0.9808597644948298,0.01818649206215643,0.00047687172150691435,0.00047687172150691435
0.008516771280178146,0.0030855877075472555,0.9791081985624428,0.009289442449831868
0.016058931033513926,0.0026406895027482045,0.9582363961693318,0.023063983294406013

0.01668003852484013,0.00845520989799914,0.011953705387645923,0.9629110461895148
0.023901088282609267,0.006548474154348453,0.9512823939808388,0.018268043582203474
0.00046158670854829273,0.9832984803513871,0.0043954277465937655,0.011844505193470797
0.981240717289852,0.00020865323057772184,0.0007020949967717021,0.017848534482798523

Transition Gammas
1.0,1.0,130.5103302690211,6159.489669730965
2056.8629261456595,38.13707385434206,1.0,1.0
13.342044065982371,4.833762209789892,1533.8329868019518,14.552480797801998
31.627196386338493,5.200695197237244,1887.1947717402488,45.4232680606883

25.55851307620638,12.955761008480756,18.316440636769762,1475.4507028630594
11.314140317866295,3.099873720148898,450.3118167738927,8.647606585024631
1.1799807752811846,2513.6627240133125,11.23628593299391,30.27879304620714
5703.979206271016,1.2129069529684362,4.081297475581349,103.75402055622267

Iteration: ,25000
Error:,0.019550864019300937
Absolute Error:,0.020992454035501346
Transition Probabilities
0.00014369880729989977,0.00014369880729989977,0.02107126753967488,0.9786413348457254
0.9797592755343421,0.019382355366945485,0.000429184549356223,0.000429184549356223
0.008144498465102776,0.0027486314108235645,0.9797617878664642,0.009345082257609463
0.01652038581749676,0.002846096914830283,0.9566354318353776,0.023998085432295542

0.018224123058887702,0.0081861251335552,0.012552100181518696,0.9610376516260384
0.02061720304901604,0.0073647603183438545,0.9534362315800587,0.018581805052581318
0.00041295723387675453,0.9840392515813358,0.004048377052389694,0.011499414132397735
0.9807696866081372,0.0001885398668591028,0.0006377240988079378,0.018404049426195664

Transition Gammas
1.0,1.0,146.63495080859713,6810.365049191386
2282.839111995018,45.16088800498299,1.0,1.0
14.322971331579774,4.833762209789892,1723.0158565953668,16.43432629283528
36.073600465810095,6.214683127062659,2088.8909460527425,52.4017632150059

31.082405960752507,13.9619593120884,21.408408637348824,1639.1111020752703
11.314140317866295,4.0415730228340925,523.2189488840135,10.197171227557734
1.1807459287688238,2813.609363724446,11.575302066646605,32.8796429901203
6312.730319269214,1.213538050945063,4.1047152138196035,118.4577810636329

Iteration: ,27500
Error:,0.019610483171955143
Absolute Error:,0.021066132705984442
Transition Probabilities
0.00013029315960912097,0.00013029315960912097,0.02120691514728106,0.9785324985335007
0.9802985188372605,0.018916243628385458,0.000392618767177071,0.000392618767177071
0.010328327367006885,0.0025980938599389483,0.9770872836098407,0.00998629516321347
0.01659061577348514,0.0030375397139863988,0.9543571075364597,0.02601473697606871

0.017023526136287572,0.008410701479946785,0.01232104137177678,0.9622447310119889
0.020126564157471435,0.006617839071533587,0.9565283784422381,0.016727218328756704
0.00037666417886913464,0.9841983526965051,0.0038204097545609028,0.011604573370064906
0.9804144111336209,0.0001708716681113009,0.0005806632762314925,0.018834053922036124

Transition Gammas
1.0,1.0,162.76307375538155,7510.236926244592
2496.820327478503,48.17967252149777,1.0,1.0
19.94176092004755,5.016355965657248,1886.5437079394956,19.281370888570276
39.77413199382571,7.282159213985779,2287.9636345424806,62.367400728095824

31.75171100508465,15.687358811759447,22.98079386058749,1794.7466565185393
12.291471258506457,4.0415730228340925,584.16036535496,10.215460607882806
1.1812682487844954,3086.5750707616708,11.981305878245724,36.393463545973155
6965.663289746835,1.2140116386543773,4.125505317973727,133.81247410485003

Iteration: ,30000
Error:,0.02015221605014853
Absolute Error:,0.021201615170694646
Transition Probabilities
0.0001194457716196851,0.0001194457716196851,0.021606341494321807,0.9781547669624389
0.9798184086190584,0.019463458526363487,0.00035906642728904855,0.00035906642728904855
0.010460444805873156,0.0024339435378140668,0.976935611228467,0.010170000427845778
0.016523586368402853,0.003163652486582092,0.9546358735030079,0.025676887642007103

0.017842310083744515,0.007763961105902925,0.011718546085336394,0.9626751827250162
0.021350772229944737,0.006057344054509408,0.9563724731089751,0.016219410606570877
0.0003443480426675672,0.9832903994909676,0.003687624130287034,0.012677628336077856
0.9808720078741234,0.0001568118016557288,0.0005765748558514288,0.01839460546836944

Transition Gammas
1.0,1.0,180.88829099046148,8189.111709009508
2728.7942680040774,54.2057319959223,1.0,1.0
21.801630112737346,5.072818385018978,2036.1264970305585,21.196286743923654
43.37277135173701,8.30427322964648,2505.824252826166,67.39927712367822

36.42670103111759,15.850833703401104,23.92447910424033,1965.3890615402436
14.245633776899394,4.0415730228340925,638.109566224963,10.821893517008608
1.1817618345844447,3374.536580576774,12.655490717201411,43.50812394507099
7596.592874783379,1.2144657055935952,4.465418940064512,142.46132799560857

Iteration: ,32500
Error:,0.02129321893951696
Absolute Error:,0.021311593320058997
Transition Probabilities
0.0001101685578935775,0.0001101685578935775,0.022255816527230285,0.9775238463569825
0.9789992881106383,0.020336480736920768,0.00033211557622052465,0.00033211557622052465
0.009611843397033481,0.0022364903746306453,0.9779788434018735,0.01017282282646244
0.01726872652384084,0.0029493919998198046,0.953547318863948,0.026234562612391377

0.018938439252381756,0.007365345068053991,0.011004863713053915,0.9626913519665103
0.021067461543282588,0.005593534706963432,0.9578068402472455,0.01553216350250846
0.000318504178723472,0.9832334653059296,0.0035050513654617116,0.012942979149885214
0.980659391242,0.00014459119763079073,0.0005333619253674128,0.01866265563500176

Transition Gammas
1.0,1.0,202.01604661766868,8872.983953382303
2947.7668565011327,61.23314349886845,1.0,1.0
21.801630112737346,5.072818385018978,2218.2563865440034,23.07404639295257
48.97974400977292,8.365438235193961,2704.571383111675,74.40978112597345

41.84123099009112,16.27246576168722,24.313357531532183,2126.9013086560503
15.222160707598205,4.0415730228340925,692.0572570704061,11.222666218525148
1.1822025529830555,3649.5003535643896,13.009815724217416,48.04088616835828
8239.525518207938,1.214858974713221,4.481320664190566,156.8041143697951

Iteration: ,35000
Error:,0.019829391925905826
Absolute Error:,0.021244958374745403
Transition Probabilities
0.00010201999591920045,0.00010201999591920045,0.022256619726940808,0.9775393402812208
0.9786370790250012,0.020746017828792783,0.00030845157310302267,0.00030845157310302267
0.010518257895181439,0.0021437022362559535,0.9770694208825209,0.010268618986041672
0.017345975959864576,0.0030875864186943776,0.9541412027661852,0.025425234855255833

0.018662334953735607,0.008567146226874708,0.01076737445733676,0.962003144362053
0.01981681331608705,0.005261480261265343,0.9594620918753795,0.015459614547268193
0.0002970074459076534,0.9836435841520318,0.003298668596503663,0.012760739805556854
0.9806010183609288,0.00013388547883124688,0.0004949913158115502,0.018770104844428346

Transition Gammas
1.0,1.0,218.1593865634732,9581.8406134365
3172.7414101990553,67.25858980094623,1.0,1.0
25.521399237823857,5.201458374924191,2370.751793872232,24.91567780287316
52.84909092836401,9.407146404925312,2907.04283807173,77.46468413478165

44.33882812059699,20.35421746416481,25.581620229059173,2285.57102715622
15.222160707598205,4.0415730228340925,737.0047808604598,11.875205834683946
1.1825623135042491,3916.4669053452303,13.133950750103624,50.80805277581164
8901.263924846811,1.2153260709166152,4.493212081209645,170.38291210075647

Iteration: ,37500
Error:,0.019488172480866005
Absolute Error:,0.0210588778102768
Transition Probabilities
9.527439024390275e-05,9.527439024390275e-05,0.02213230649756228,0.9776771447219499
0.9797347343070123,0.019688564424244926,0.0002883506343713955,0.0002883506343713955
0.010509843891530804,0.0023748468219341634,0.976467251979773,0.010648057306762144
0.01762366879871881,0.0035128281774136514,0.954202739185901,0.024660763837966504

0.01873351358063914,0.008466706644671905,0.01081799047726799,0.9619817892974208
0.0206466476561607,0.004855073087856728,0.9597542279060313,0.014744051349951371
0.00027682734874540923,0.9833928922583629,0.0033784942537504227,0.012951786139141249
0.980942267151919,0.00012515354409899624,0.0004985196120728323,0.0184340596919092

Transition Gammas
1.0,1.0,232.30068899841294,10261.699311001552
3397.72005857672,68.27994142328143,1.0,1.0
27.42257270397768,6.196515410450523,2547.825113943571,27.78320293473693
57.54931196403637,11.470985239618894,3115.906894388501,80.52863496196284

47.657741200618695,21.539158276766024,27.520784515789998,2447.2653758569745
17.187163338036708,4.0415730228340925,798.9409687276875,12.273586639155969
1.1829929508920993,4202.427486920507,14.43764463637552,55.34811417118044
9529.090814092811,1.2157692938316482,4.84273011279331,179.0725456112964

Iteration: ,40000
Error:,0.020281564403163647
Absolute Error:,0.02107501055278225
Transition Probabilities
8.947745168217639e-05,8.947745168217639e-05,0.022230235942401623,0.9775908091542339
0.9794877380527106,0.019974627538687246,0.0002688172043010752,0.0002688172043010752
0.011523107044765344,0.0022500548602732914,0.9752418250011275,0.010985013093833786
0.01721074561331182,0.003578499078080529,0.9553514900559137,0.023859265252694016

0.018808177701423224,0.008375969335074911,0.010515235801817856,0.9623006171616839
0.01948380747998838,0.005665759650519881,0.9600751724222315,0.014775260447260274
0.0002588515850241057,0.9836266133731361,0.0034162379182159754,0.012698297123623907
0.9805788455888389,0.00011775280604292431,0.0004702228712255999,0.0188331787338925

Transition Gammas
1.0,1.0,248.4451168922797,10925.554883107683
3643.694385556084,74.30561444391657,1.0,1.0
32.16505289530208,6.2806961105945165,2722.2436418415655,30.66304303571147
60.28538431248511,12.534680195208914,3346.3821397127394,83.57365842765483

51.09073390961712,22.7525721697665,28.56369834845313,2614.0036293227713
17.187163338036708,4.9979110421594575,846.9067877088512,13.033633951162766
1.183275297143362,4496.403114969636,15.616477439815492,58.047090191746406
10127.020315499469,1.2161031867740062,4.856270957848963,194.50142586854597

Iteration: ,42500
Error:,0.0205957619427412
Absolute Error:,0.020903577710885444
Transition Probabilities
8.46525014814191e-05,8.46525014814191e-05,0.0223139212914373,0.9775167737055998
0.9802597175952729,0.01923625014666264,0.000252016129032258,0.000252016129032258
0.012370340038757859,0.0024442151870967222,0.9749032248837517,0.010282219890393771
0.017002477198791506,0.00336204702184336,0.9552020323929282,0.024433443386436913

0.018859892832369378,0.008189365965669016,0.01019731209412144,0.9627534291078402
0.019939867787356392,0.00529485980169559,0.9611325791738947,0.013632693237053338
0.0002416589370284585,0.9833205583945568,0.003471015986699117,0.01296676668171571
0.9804007881165222,0.0001115691481216674,0.0004781610759424485,0.01900948165941366

Transition Gammas
1.0,1.0,263.5943522157478,11547.405647784206
3889.6705594180435,76.32944058195737,1.0,1.0
36.90373089066204,7.291687958526314,2908.373265635886,30.67436097995946
63.71540663452763,12.598998993886497,3579.542274955588,91.56235074728936

54.72525109057809,23.762866137536168,29.589270191503857,2793.5961044176593
19.08353388194873,5.067467723627395,919.8559556819172,13.047226093268517
1.1836608842442522,4816.366801728447,17.001257650812153,63.51205010250073
10689.868516566807,1.2165020044682395,5.2136627117412955,207.27121190672537

Iteration: ,44851
Error:,0.021055361791372858
Absolute Error:,0.020593700116768542
Transition Probabilities
8.023106546854967e-05,8.023106546854967e-05,0.021960743934902337,0.9778787939341606
0.9807948625137484,0.018727126013976213,0.00023900573613766705,0.00023900573613766705
0.012836316742981446,0.002320517207992235,0.974266713811294,0.01057645223773224
0.016551763426036963,0.003443448258416186,0.956341983448051,0.023662804867495824

0.018729424283584307,0.008375094773063767,0.009980000286754439,0.9629154806565975
0.019076018742974044,0.0050654721433313985,0.9624501381138421,0.013408370999852566
0.00022952581783494122,0.9830290977905253,0.003354608249749794,0.013386768141889844
0.9804618512365989,0.00010572777708124707,0.00048389982157959535,0.018948521164740183


Model Num 3
Model States: 
"['diamond', 'x', 'square']","['diamond', 'x', 'diamond']","['square', 'y', 'diamond', 'x', 'diamond']","['square', 'x', 'square', 'y', 'diamond', 'x', 'diamond']","['square', 'x', 'square', 'y', 'diamond', 'x', 'square']"
Iteration: ,0
Error:,0.6488703503151984
Absolute Error:,1
Transition Probabilities
0.2,0.2,0.2,0.2,0.2
0.2,0.2,0.2,0.2,0.2
0.2,0.2,0.2,0.2,0.2
0.2,0.2,0.2,0.2,0.2
0.2,0.2,0.2,0.2,0.2

0.2,0.2,0.2,0.2,0.2
0.2,0.2,0.2,0.2,0.2
0.2,0.2,0.2,0.2,0.2
0.2,0.2,0.2,0.2,0.2
0.2,0.2,0.2,0.2,0.2

Transition Gammas
1.0,1.0,1.0,1.0,1.0
1.0,1.0,1.0,1.0,1.0
1.0,1.0,1.0,1.0,1.0
1.0,1.0,1.0,1.0,1.0
1.0,1.0,1.0,1.0,1.0

1.0,1.0,1.0,1.0,1.0
1.0,1.0,1.0,1.0,1.0
1.0,1.0,1.0,1.0,1.0
1.0,1.0,1.0,1.0,1.0
1.0,1.0,1.0,1.0,1.0

Iteration: ,2500
Error:,0.3159349020751547
Absolute Error:,1
Transition Probabilities
0.0020661157024793385,0.0020661157024793385,0.4400826446280991,0.5414752156438587,0.01430990832308357
0.9671786287535551,0.02508941248355826,0.002577319587628865,0.002577319587628865,0.002577319587628865
0.2,0.2,0.2,0.2,0.2
0.01114459317620529,0.006482220192028885,0.6955939082582424,0.2725455530400472,0.01423372533347616
0.06729464637966755,0.06692393933173192,0.7065512843275826,0.09540987079712486,0.06382025916389311

0.028401291035751383,0.03263367763956818,0.43086935645690794,0.492540131871063,0.015555542996709444
0.01730688777735621,0.013740583418054965,0.33434709355369985,0.6075271222980421,0.02707831295284694
0.3126169872132142,0.6633188416637912,0.009358288770053477,0.006950324315358992,0.007755558037582186
0.2,0.2,0.2,0.2,0.2
0.2,0.2,0.2,0.2,0.2

Transition Gammas
1.0,1.0,213.0,262.07400437162767,6.9259956283724495
375.26530795637956,9.73469204362061,1.0,1.0,1.0
1.0,1.0,1.0,1.0,1.0
6.219895881915788,3.6177843408547172,388.2171037610116,152.11008030402274,7.943967822444448
1.4286573644200042,1.4207872977420752,15.0,2.0255402455589353,1.3548965357404348

2.97591839892192,3.4193925054262424,45.146963347465196,51.608894778671704,1.6299268420881472
1.804770730892229,1.4328747662381225,34.86587861245041,63.35322575912505,2.8237397322919175
233.8375064354842,496.1624935645157,7.0,5.198842587888525,5.801157412111474
1.0,1.0,1.0,1.0,1.0
1.0,1.0,1.0,1.0,1.0

Iteration: ,5000
Error:,0.3147474690110537
Absolute Error:,1
Transition Probabilities
0.0010570824524312893,0.0010570824524312893,0.43657505285412246,0.550774989596021,0.010535792644993932
0.9784765726085873,0.017677273545258713,0.0012820512820512814,0.0012820512820512814,0.0012820512820512814
0.2,0.2,0.2,0.2,0.2
0.013138308732646884,0.005207785299324982,0.696079549649992,0.27710812695387127,0.008466229364164787
0.05477734697625245,0.054475594167020844,0.7284948921054423,0.10782427924799312,0.054427887503291326

0.030861945738681652,0.04554243223838613,0.37049876586957936,0.5459790286740115,0.007117827479341385
0.015935208286350738,0.007863036867639677,0.356664384896246,0.6054793127956039,0.014058057154159694
0.3020168240648652,0.6743185376660341,0.008113590263691687,0.007895979024133146,0.007655068981275917
0.2,0.2,0.2,0.2,0.2
0.2,0.2,0.2,0.2,0.2

Transition Gammas
1.0,1.0,413.0,521.0331401578361,9.966859842164263
763.2117266346986,13.788273365301805,1.0,1.0,1.0
1.0,1.0,1.0,1.0,1.0
15.07961492739773,5.977283571000563,798.9317180129644,318.05340647334384,9.717192775459466
1.4286573644200042,1.4207872977420752,19.0,2.812183486683042,1.4195430520779209

7.112019838903098,10.49508298452275,85.38005333380264,125.81882284524055,1.6402766912883575
3.230106746460827,1.5938573238222502,72.2967667051119,122.73217757553562,2.8496034968478012
446.68288279193547,997.3171172080641,12.0,11.67815297669292,11.321847023307079
1.0,1.0,1.0,1.0,1.0
1.0,1.0,1.0,1.0,1.0

Iteration: ,7500
Error:,0.3127161999460979
Absolute Error:,1
Transition Probabilities
0.0006915629322268325,0.0006915629322268325,0.4349930843706776,0.5525493246216283,0.011074465143240439
0.9751542713005592,0.022259521802889027,0.0008620689655172414,0.0008620689655172414,0.0008620689655172414
0.2,0.2,0.2,0.2,0.2
0.011367643353182248,0.0043558633618648555,0.6972697570406894,0.2800627217071964,0.0069440145370669865
0.03751610886341057,0.037309443300620894,0.8140505930460615,0.07384708500286037,0.0372767697870467

0.02532941320767048,0.05254081293385932,0.37973102907634815,0.5332830326107462,0.009115712171375925
0.013183030933446093,0.005731005629605364,0.387392728478933,0.5815116666239865,0.012181568334029108
0.3139290329511094,0.6605218859193522,0.007171671896010759,0.00967695192710255,0.008700457306425017
0.2,0.2,0.2,0.2,0.2
0.2,0.2,0.2,0.2,0.2

Transition Gammas
1.0,1.0,629.0,798.9863234028747,16.01367659712568
1131.1789547086487,25.821045291351272,1.0,1.0,1.0
1.0,1.0,1.0,1.0,1.0
19.53327375477576,7.484776645625997,1198.1340918290693,481.2379876505212,11.932054225795286
1.4286573644200042,1.4207872977420752,31.0,2.812183486683042,1.4195430520779209

8.348631333485782,17.317569639299773,125.16019781633007,175.7712821520139,3.004559151727224
3.9242868896774414,1.7059893411817204,115.31795785059674,173.10272736578193,3.626174371453452
700.375672513925,1473.6243274860747,16.0,21.589279749365787,19.41072025063421
1.0,1.0,1.0,1.0,1.0
1.0,1.0,1.0,1.0,1.0

Iteration: ,10000
Error:,0.31202168542954545
Absolute Error:,1
Transition Probabilities
0.0005146680391147708,0.0005146680391147708,0.444673185795162,0.5424301052181273,0.011867372908481172
0.9791446946322279,0.018891954582431852,0.0006544502617801048,0.0006544502617801048,0.0006544502617801048
0.2,0.2,0.2,0.2,0.2
0.011329063429157852,0.003822010495820534,0.6931065234613336,0.2853170133432379,0.006425389270450137
0.028526836137443865,0.02836968991883099,0.8586061182053082,0.056152510399581294,0.028344845338835797

0.021855048709410307,0.04527065987001076,0.3854585428180104,0.5382930449103815,0.0091227036921869
0.013664157176451253,0.005281959051880854,0.40204827167401214,0.5682712099946101,0.010734402103045795
0.3216762557662973,0.653582854899032,0.006352390504847876,0.0096638904823348,0.008724608347487997
0.2,0.2,0.2,0.2,0.2
0.2,0.2,0.2,0.2,0.2

Transition Gammas
1.0,1.0,864.0,1053.9416944388215,23.058305561178923
1496.1330933980441,28.86690660195587,1.0,1.0,1.0
1.0,1.0,1.0,1.0,1.0
25.91454409556681,8.742616735002514,1585.4390504104465,652.6453285157736,14.697687467413145
1.4286573644200042,1.4207872977420752,43.0,2.812183486683042,1.4195430520779209

9.537985118197009,19.757031241261956,168.22190121667714,234.92196791002738,3.981332332438774
5.41687999366011,2.0939263172978326,159.3839423239271,225.2796794300552,4.255437583527069
962.1336809969955,1954.866319003005,19.0,28.904696432663393,26.095303567336604
1.0,1.0,1.0,1.0,1.0
1.0,1.0,1.0,1.0,1.0

Iteration: ,12500
Error:,0.31076542908222393
Absolute Error:,1
Transition Probabilities
0.0004125412541254124,0.0004125412541254124,0.4447194719471946,0.5416218535258422,0.012833592018712366
0.979456743669845,0.01895930701653301,0.0005279831045406547,0.0005279831045406547,0.0005279831045406547
0.2,0.2,0.2,0.2,0.2
0.012668695931348404,0.0043541494686767735,0.6877182092529123,0.28981923114421554,0.0054397142028469805
0.02195193076672446,0.02183100382990533,0.8911947792232939,0.043210400716377356,0.021811885463699027

0.022731377377853215,0.045939037928215236,0.3936281830820678,0.5232739799455896,0.01442742166627412
0.010897916524341768,0.004212652715353101,0.40470262645068494,0.5690574832934668,0.011129321016153344
