0,1,2,3,4,5,6,7,8,9,10,11,12,13,14,15,16,17,18,19,20,21,22,23,24,25,26,27,28,29
github Code Version (SHA):,528ca1c557fe8e6666681dc5c9134b0f84d30530
Environment Observations,Environment Actions,alpha,epsilon,numActions,explore,patience,gainThresh,insertRandActions,useUpdatedPosterior,revisedSplitting,haveControl,confidence_factor
"['diamond', 'square']","['x', 'y']",0.75,0.99,75000,0.5,0,0.01,False,True,False,False,250

Model Num 0
Model States: 
['diamond'],['square']
Iteration: ,0
Error:,0.40318822232883633
Absolute Error:,1
Transition Probabilities
0.5,0.5
0.5,0.5

0.5,0.5
0.5,0.5

Transition Gammas
1.0,1.0
1.0,1.0

1.0,1.0
1.0,1.0

Iteration: ,2385
Error:,0.06340170191469974
Absolute Error:,1
Transition Probabilities
0.506,0.494
0.15574963609898107,0.8442503639010189

0.21333333333333335,0.7866666666666666
0.8159057437407953,0.18409425625920472


Model Num 1
Model States: 
['square'],"['diamond', 'x', 'diamond']","['diamond', 'x', 'square']"
Iteration: ,0
Error:,0.4752297038734889
Absolute Error:,1
Transition Probabilities
0.3333333333333333,0.3333333333333333,0.3333333333333333
0.3333333333333333,0.3333333333333333,0.3333333333333333
0.3333333333333333,0.3333333333333333,0.3333333333333333

0.3333333333333333,0.3333333333333333,0.3333333333333333
0.3333333333333333,0.3333333333333333,0.3333333333333333
0.3333333333333333,0.3333333333333333,0.3333333333333333

Transition Gammas
1.0,1.0,1.0
1.0,1.0,1.0
1.0,1.0,1.0

1.0,1.0,1.0
1.0,1.0,1.0
1.0,1.0,1.0

Iteration: ,2500
Error:,0.05701385082501688
Absolute Error:,1
Transition Probabilities
0.8226950354609929,0.07205628509785912,0.10524867944114795
0.002652519893899204,0.27680324099264764,0.7205442391134532
0.9957081545064378,0.002145922746781116,0.002145922746781116

0.18550724637681162,0.42461826689668725,0.3898744867265011
0.7221445592994663,0.1969877506863382,0.0808676900141953
0.8534252870756888,0.06557889250387741,0.08099582042043386

Transition Gammas
580.0,50.799680993990684,74.20031900600931
1.0,104.35482185422816,271.64517814577187
464.0,1.0,1.0

128.0,292.98660415871416,269.0133958412857
32.18805572133825,8.780309446163859,3.604505051949577
103.76670117562578,7.973639221771522,9.848160373640786

Iteration: ,5000
Error:,0.05233496810788744
Absolute Error:,1
Transition Probabilities
0.8250871080139373,0.06676665476459444,0.10814623722146824
0.0013679890560875513,0.264892192598641,0.7337398183452715
0.9977802441731409,0.0011098779134295228,0.0011098779134295228

0.19202898550724637,0.43253602798552326,0.3754349865072303
0.7679142379246626,0.16685191465895055,0.06523384741638681
0.8625395781042979,0.06155185511135351,0.0759085667843485

Transition Gammas
1184.0,95.81014958719302,155.18985041280692
1.0,193.63619278960655,536.3638072103935
899.0,1.0,1.0

265.0,596.8997186200221,518.1002813799778
97.40072175854847,21.16316655164283,8.274132067943828
186.4392410123155,13.304527051479981,16.40775210421162

Iteration: ,7500
Error:,0.04970470308013338
Absolute Error:,1
Transition Probabilities
0.8260665729020159,0.06869953385938027,0.10523389323860373
0.0009066183136899363,0.26593262892739583,0.7331607527589142
0.9985063480209111,0.0007468259895444362,0.0007468259895444362

0.19063706563706564,0.4376153461598695,0.3717475882030648
0.7793075454628915,0.15093760915772578,0.06975484537938273
0.8522558073176182,0.0672283490359818,0.08051584364640008

Transition Gammas
1762.0,146.53610572205812,224.46389427794176
1.0,293.32368970691766,808.6763102930826
1337.0,1.0,1.0

395.0,906.7389972432496,770.2610027567503
168.48221204544828,32.63192101731789,15.08063243943817
263.32207225178666,20.77158997360014,24.8770364672558

Iteration: ,10000
Error:,0.05339030445921488
Absolute Error:,1
Transition Probabilities
0.8200568990042674,0.07520657822402553,0.104736522771707
0.0006622516556291391,0.2679495082006259,0.7313882401437449
0.9988801791713325,0.0005599104143337066,0.0005599104143337066

0.19075354932653799,0.44257797117226594,0.36666847950119597
0.7905080310803059,0.14379336924042077,0.06569859967927325
0.836879343152335,0.0766106361788854,0.0865100206687796

Transition Gammas
2306.0,211.4808979659598,294.5191020340401
1.0,404.6037573829451,1104.396242617055
1784.0,1.0,1.0

524.0,1215.761686810215,1007.2383131897857
235.26194116618169,42.79413471371841,19.55246434539452
340.83649860834515,31.201273164435204,35.233003156961885

Iteration: ,12500
Error:,0.051241187716070564
Absolute Error:,1
Transition Probabilities
0.8240502713510427,0.07427410415885294,0.1016756244901045
0.000535331905781585,0.26687442043940557,0.7325902476548128
0.9991039426523297,0.00044802867383512545,0.00044802867383512545

0.19422799422799417,0.4413872232604074,0.3643847825115983
0.7933510915173871,0.1351972808603016,0.07145162762231132
0.8308550960750093,0.07403610169295993,0.0951088022320308

Transition Gammas
2885.0,260.0336386601441,355.96636133985584
1.0,498.5214173808092,1368.4785826191892
2230.0,1.0,1.0

673.0,1529.4067285973122,1262.5932714026883
310.05789210713135,52.837872627093034,27.9247628005715
406.8311522061345,36.25204045673711,46.57036320748433

Iteration: ,15000
Error:,0.05029524568296043
Absolute Error:,1
Transition Probabilities
0.8231678486997636,0.07310868317782818,0.10372346812240822
0.0004531037607612147,0.2661260961397714,0.7334208000994675
0.999256229081443,0.0003718854592785422,0.0003718854592785422

0.19355614330367876,0.4382300941759529,0.36821376252036847
0.8023565059859309,0.1303106080077316,0.06733288600633745
0.8332688366194166,0.0739479121612117,0.09278325121937166

Transition Gammas
3482.0,309.2497298422132,438.75027015778676
1.0,587.340294180475,1618.6597058195234
2687.0,1.0,1.0

805.0,1822.598961677788,1531.4010383222126
383.9792142654488,62.362010527698075,32.223118364533875
476.6856012810075,42.303160064225715,53.07823592173248

Iteration: ,17500
Error:,0.04817608780570145
Absolute Error:,1
Transition Probabilities
0.8253743423715095,0.07419968609709254,0.10042597153139794
0.00038550501156515055,0.26298366657253636,0.7366308284158984
0.9993634627625716,0.00031826861871419476,0.00031826861871419476

0.18805722579307488,0.4445492679185345,0.3673935062883907
0.7965057553959922,0.13556471541154858,0.0679295291924592
0.8295434393483317,0.07385827997207124,0.09659828067959703

Transition Gammas
4079.0,366.69484869183134,496.3051513081686
1.0,682.179631089159,1910.8203689108395
3140.0,1.0,1.0

907.0,2144.0611191710914,1771.938880828908
453.63767775698574,77.20881144732904,38.6882249942718
542.3488097787275,48.287947725347074,63.155176773391304

Iteration: ,20000
Error:,0.047515564942110476
Absolute Error:,1
Transition Probabilities
0.8248937677053825,0.07529003809747145,0.09981619419714614
0.00033602150537634433,0.26250959537668217,0.7371543831179416
0.9994444444444445,0.0002777777777777778,0.0002777777777777778

0.18743189248093,0.44627737227265835,0.36629073524641176
0.7982742003438428,0.13059597783401108,0.07112982182214617
0.8341999568008623,0.07308578751317595,0.09271425568596166

Transition Gammas
4659.0,425.2381351745188,563.7618648254814
1.0,781.2285558410055,2193.7714441589924
3598.0,1.0,1.0

1032.0,2457.203211733255,2016.7967882667417
518.3366978554699,84.79879203728493,46.18613121463579
616.7404378951824,54.03376040398254,68.54547304242534

Iteration: ,22500
Error:,0.04562409976031458
Absolute Error:,1
Transition Probabilities
0.8247308423052565,0.07676582082386996,0.09850333687087356
0.00029700029700029714,0.2632807642471419,0.7364222354558578
0.9995067817509248,0.0002466091245376079,0.0002466091245376079

0.18501775912173088,0.44796884858658864,0.36701339229168056
0.7934503703396217,0.13140461924990063,0.07514501041047754
0.8341707068578568,0.07352359772576278,0.0923056954163805

Transition Gammas
5209.0,484.8529243235626,622.1470756764375
1.0,886.4663332201264,2479.533666779872
4053.0,1.0,1.0

1146.0,2774.7190481453276,2273.2809518546674
586.5053617539595,97.13211642502114,55.545946113728036
694.2342229631324,61.189630991557394,76.82093389954302

Iteration: ,22904
Error:,0.0464888997505623
Absolute Error:,1
Transition Probabilities
0.8251672110748173,0.0761762727033774,0.09865651622180538
0.0002923976608187135,0.26134975544910805,0.7383578468900733
0.9995169082125603,0.00024154589371980676,0.00024154589371980676

0.18478605388272598,0.44800275517936394,0.3672111909379101
0.7917814289157793,0.13207476619347838,0.07614380489074239
0.8330939537676398,0.07359127109530283,0.0933147751370573

*,*,*,*,*,*,*,*,*,*,*
Model Num 1
Model States: 
['square'],"['diamond', 'x', 'diamond']","['diamond', 'x', 'square']"
Iteration: ,22904
Error:,0.04701439730764905
Absolute Error:,1
Transition Probabilities
0.8251672110748173,0.0761762727033774,0.09865651622180538
0.0002923976608187135,0.26134975544910805,0.7383578468900733
0.9995169082125603,0.00024154589371980676,0.00024154589371980676

0.18478605388272598,0.44800275517936394,0.3672111909379101
0.7917814289157793,0.13207476619347838,0.07614380489074239
0.8330939537676398,0.07359127109530283,0.0933147751370573

Transition Gammas
5305.0,489.7372572100133,634.2627427899868
1.0,893.8161636359492,2525.18383636405
4138.0,1.0,1.0

1166.0,2826.897385181784,2317.102614818211
593.9926146982293,99.08218713130023,57.122908050593885
703.0852339367019,62.10696383012212,78.75251069855635

