0,1,2,3,4,5,6,7,8,9,10,11,12,13,14,15,16,17,18,19,20,21,22,23,24,25,26,27,28,29
github Code Version (SHA):,0223d720dafbf5413b6775610c21cd8ff219e6c5
Environment Observations,Environment Actions,alpha,epsilon,numActions,explore,patience,gainThresh,insertRandActions,useBudd,revisedSplitting,haveControl,confidence_factor
"['diamond', 'square']","['x', 'y']",0.7,0.99,100000,0.5,0,0.0001,False,False,False,False,

Model Num 0
Model States: 
['diamond'],['square']
Iteration: ,0
Error:,0.3559412698647503
Absolute Error:,1
Transition Probabilities
0.5,0.5
0.5,0.5

0.5,0.5
0.5,0.5

Transition Gammas
1.0,1.0
1.0,1.0

1.0,1.0
1.0,1.0

Iteration: ,10000
Error:,0.0408119927655226
Absolute Error:,1
Transition Probabilities
0.48124428179322964,0.5187557182067704
0.2133142448103078,0.7866857551896922

0.20735632183908045,0.7926436781609195
0.7937565766397755,0.20624342336022447

Transition Gammas
1052.0,1134.0
596.0,2198.0

451.0,1724.0
2263.0,588.0

Iteration: ,20000
Error:,0.04172800766491055
Absolute Error:,1
Transition Probabilities
0.48047229791099,0.51952770208901
0.20896051000531254,0.7910394899946874

0.21173171301706006,0.7882682869829399
0.7894644115574349,0.21053558844256517

Transition Gammas
2116.0,2288.0
1180.0,4467.0

906.0,3373.0
4481.0,1195.0

Iteration: ,30000
Error:,0.04435578004284148
Absolute Error:,1
Transition Probabilities
0.47863767675231866,0.5213623232476813
0.20784453134257613,0.7921554686574238

0.21882754342431762,0.7811724565756824
0.7858815265745727,0.2141184734254273

Transition Gammas
3148.0,3429.0
1754.0,6685.0

1411.0,5037.0
6713.0,1829.0

Iteration: ,40000
Error:,0.042609823891225244
Absolute Error:,1
Transition Probabilities
0.4774171190943745,0.5225828809056255
0.20812048617227408,0.7918795138277259

0.21343370005790388,0.7865662999420961
0.7881161971830986,0.21188380281690142

Transition Gammas
4133.0,4524.0
2363.0,8991.0

1843.0,6792.0
8953.0,2407.0

Iteration: ,50000
Error:,0.04033404451168935
Absolute Error:,1
Transition Probabilities
0.4770334482437343,0.5229665517562657
0.20500595947556616,0.7949940405244339

0.21188247288905365,0.7881175271109463
0.787005133253639,0.212994866746361

Transition Gammas
5120.0,5613.0
2924.0,11339.0

2286.0,8503.0
11192.0,3029.0

Iteration: ,60000
Error:,0.0450912776278002
Absolute Error:,1
Transition Probabilities
0.47769171185127807,0.5223082881487219
0.20808637990728243,0.7919136200927176

0.21491733948481354,0.7850826605151865
0.7863343108504399,0.2136656891495601

Transition Gammas
6167.0,6743.0
3546.0,13495.0

2795.0,10210.0
13407.0,3643.0

Iteration: ,70000
Error:,0.04310422447286615
Absolute Error:,1
Transition Probabilities
0.47592124517759743,0.5240787548224025
0.2061623246492986,0.7938376753507014

0.21332186797195396,0.786678132028046
0.7870212124258571,0.21297878757414296

Transition Gammas
7155.0,7879.0
4115.0,15845.0

3225.0,11893.0
15657.0,4237.0

Iteration: ,80000
Error:,0.04339103779198529
Absolute Error:,1
Transition Probabilities
0.47550700215003777,0.5244929978499623
0.20780812324929973,0.7921918767507002

0.2136113524471474,0.7863886475528525
0.7871627578910245,0.21283724210897548

Transition Gammas
8183.0,9026.0
4748.0,18100.0

3688.0,13577.0
17856.0,4828.0

Iteration: ,90000
Error:,0.043589774477188106
Absolute Error:,1
Transition Probabilities
0.47799001184163104,0.522009988158369
0.20859444941808417,0.7914055505819159

0.21481901034962153,0.7851809896503784
0.7863845157237643,0.21361548427623572

Transition Gammas
9284.0,10139.0
5359.0,20332.0

4172.0,15249.0
20030.0,5441.0

Iteration: ,99999
Error:,0.043408389220859454
Absolute Error:,1
Transition Probabilities
0.4786912673699865,0.5213087326300134
0.208177004803815,0.791822995196185

0.215344135161335,0.784655864838665
0.7870416166183848,0.2129583833816152

Transition Gammas
10300.0,11217.0
5937.0,22582.0

4665.0,16998.0
22278.0,6028.0


Model Num 1
Model States: 
['square'],"['diamond', 'x', 'square']","['diamond', 'x', 'diamond']"
Iteration: ,0
Error:,0.4310442076047023
Absolute Error:,1
Transition Probabilities
0.3333333333333333,0.3333333333333333,0.3333333333333333
0.3333333333333333,0.3333333333333333,0.3333333333333333
0.3333333333333333,0.3333333333333333,0.3333333333333333

0.3333333333333333,0.3333333333333333,0.3333333333333333
0.3333333333333333,0.3333333333333333,0.3333333333333333
0.3333333333333333,0.3333333333333333,0.3333333333333333

Transition Gammas
1.0,1.0,1.0
1.0,1.0,1.0
1.0,1.0,1.0

1.0,1.0,1.0
1.0,1.0,1.0
1.0,1.0,1.0

Iteration: ,10000
Error:,0.036660413810077966
Absolute Error:,1
Transition Probabilities
0.7962764052989617,0.10374534331232904,0.09997825138870925
0.998914223669924,0.0005428881650380022,0.0005428881650380022
0.0006839945280437756,0.7119918150030398,0.2873241904689164

0.22931526390870186,0.3960756893572799,0.37460904673401824
0.8109924965658605,0.11168932708540132,0.07731817634873825
0.7795023393245053,0.11938276887745228,0.10111489179804241

Transition Gammas
2224.0,289.760743871335,279.2392561286649
1840.0,1.0,1.0
1.0,1040.9320335344441,420.06796646555574

643.0,1110.5962329578128,1050.4037670421872
531.4148980216979,73.18609310755878,50.663885268452226
357.58510197830174,54.76506923698178,46.38495238700724

Iteration: ,20000
Error:,0.0397840728702842
Absolute Error:,1
Transition Probabilities
0.795080484716947,0.10495799163260638,0.09996152365044661
0.999458141425088,0.000270929287455974,0.000270929287455974
0.0003331112591605599,0.7108408148355606,0.2888260739052788

0.22190149738408804,0.38847228381217414,0.3896262188037378
0.792384897821414,0.12394651775605937,0.08366858442252677
0.7635866965355742,0.1279861519359952,0.10842715152843062

Transition Gammas
4396.0,580.3127357366807,552.6872642633193
3689.0,1.0,1.0
1.0,2133.9441261363513,867.0558738636464

1230.0,2153.301869170881,2159.698130829119
1043.6452479719223,163.24919191977443,110.19937504763972
712.354752028076,119.39907274320352,101.15236028938253

Iteration: ,30000
Error:,0.03893955095983236
Absolute Error:,1
Transition Probabilities
0.7920935277811257,0.10626681510268664,0.10163965711618765
0.999639379733141,0.00018031013342949875,0.00018031013342949875
0.00022321428571428595,0.7130379306437417,0.2867388550705441

0.21856540084388185,0.3897413245983895,0.3916932745577287
0.795312601840115,0.12195018948766208,0.08273720867222298
0.7673544421983441,0.12489134708232172,0.10775421071933411

Transition Gammas
6572.0,881.695764906991,843.304235093009
5544.0,1.0,1.0
1.0,3194.409929283959,1284.5900707160363

1813.0,3232.9042875436407,3249.0957124563593
1573.0065775937296,241.1988063046664,163.64153309281468
1088.9934224062692,177.2399402529975,152.91972034952164

Iteration: ,40000
Error:,0.03711168120207568
Absolute Error:,1
Transition Probabilities
0.7942821067821068,0.10518998317027824,0.10052791004761497
0.9997288503253796,0.00013557483731019523,0.00013557483731019523
0.0001664447403462052,0.7104980575891225,0.2893354976705312

0.21695284818751712,0.3888671046500355,0.39418004716244737
0.7889874254747276,0.12040633543863596,0.09060623908663634
0.7607665420111406,0.12382727050860012,0.11540618748025921

Transition Gammas
8807.0,1166.346533392045,1114.6534666079547
7374.0,1.0,1.0
1.0,4268.672329995445,1738.3276700045499

2388.0,4280.260220882939,4338.739779117057
2073.4165619434402,316.4213801141016,238.10832805681574
1451.5834380565577,236.26908535549265,220.20120647359013

Iteration: ,50000
Error:,0.03405176526138363
Absolute Error:,1
Transition Probabilities
0.795144157814871,0.1058820998699993,0.09897374231512966
0.999783221331021,0.00010838933448948623,0.00010838933448948623
0.00013292569453675406,0.7092858735328216,0.29058120077264166

0.21242091484255696,0.38888269990406393,0.3986963852533791
0.7937247547678632,0.1158431750333468,0.09043207019878989
0.7665962451828162,0.11931960826178604,0.11408414655539763

Transition Gammas
11004.0,1465.3023801009203,1369.6976198990794
9224.0,1.0,1.0
1.0,5335.957626587413,2186.0423734125816

2921.0,5347.526006380782,5482.4739936192145
2598.0981255683755,379.1893022185649,296.0111684351572
1841.9018744316147,286.6893902688217,274.11013907745684

Iteration: ,60000
Error:,0.03548279464617038
Absolute Error:,1
Transition Probabilities
0.7939510784431859,0.10592528856820231,0.10012363298861175
0.9998190045248869,9.049773755656108e-05,9.049773755656108e-05
0.00011101243339254001,0.7117316665600079,0.2881573210065997

0.21411280561607363,0.3869140052696548,0.3989731891142716
0.7951660867193437,0.11601330667335949,0.08882060660729676
0.7685671405077827,0.12032173753475633,0.11111112195746091

Transition Gammas
13178.0,1758.147939655022,1661.8520603449779
11048.0,1.0,1.0
1.0,6411.2788523725485,2595.7211476274488

3538.0,6393.367023075774,6592.632976924222
3134.2621694815525,457.28323218984536,350.09927084316286
2223.7378305184325,348.1335403084903,321.48395665850234

Iteration: ,70000
Error:,0.03492653533111038
Absolute Error:,1
Transition Probabilities
0.7938852450550018,0.1066348836206398,0.0994798713243584
0.99984502130957,7.748934521503293e-05,7.748934521503293e-05
9.501187648456059e-05,0.7128774590273116,0.2870275290962039

0.21292834890965737,0.385729014129741,0.4013426369606017
0.7957007906935671,0.11464728842181175,0.08965192088462122
0.7692278306554988,0.11919215133790123,0.11158001800659992

Transition Gammas
15372.0,2064.7712515464486,1926.2287484535516
12903.0,1.0,1.0
1.0,7503.035256262453,3020.964743737545

4101.0,7429.140812138809,7729.859187861187
3649.1745260585967,525.7855330593559,411.15392837453084
2596.8254739413883,402.3791165022982,376.68142206381594

Iteration: ,80000
Error:,0.034188346255078744
Absolute Error:,1
Transition Probabilities
0.7932655367231638,0.10665089090645483,0.1000835723703813
0.9998648374670541,6.75812664729337e-05,6.75812664729337e-05
8.296689620841289e-05,0.7129384091116481,0.2869786239921435

0.21129516701556378,0.38643564259440066,0.40226919039003556
0.7955510998068236,0.11351409433718498,0.09093480585599145
0.7689615177233586,0.11894141604553657,0.11209706623110481

Transition Gammas
17551.0,2359.650961305313,2214.3490386946864
14795.0,1.0,1.0
1.0,8593.046645022689,3458.953354977304

4643.0,8491.536810369364,8839.463189630644
4146.710885492147,591.6780590952432,473.98633400760525
2963.2891145078347,458.3555812719956,431.9800256251578

Iteration: ,90000
Error:,0.034207835755732455
Absolute Error:,1
Transition Probabilities
0.7925501894702894,0.10696103163494934,0.1004887788947612
0.9998803326751631,5.983366241847663e-05,5.983366241847663e-05
7.361059992638944e-05,0.7129783376595984,0.28694805174047516

0.21070707070707065,0.3870147374374937,0.4022781918554356
0.7958042625555306,0.11280940369722797,0.09138633374724132
0.7687037302086183,0.11865595196952045,0.11264031782186129

Transition Gammas
19660.0,2653.2753507365533,2492.7246492634463
16711.0,1.0,1.0
1.0,9685.810717105638,3898.1892828943523

5215.0,9578.614751577972,9956.385248422035
4645.567280448333,658.533384905262,533.4746016225207
3323.432719551641,513.0000774655159,486.99193600670344

Iteration: ,99999
Error:,0.033430904429275765
Absolute Error:,1
Transition Probabilities
0.7935932743875924,0.10616260296905089,0.10024412264335668
0.9998920203001835,5.398984990821726e-05,5.398984990821726e-05
6.642311524410504e-05,0.7136668485414217,0.2862667283433342

0.21071571371451414,0.387074464425361,0.4022098218601249
0.7963639763004295,0.11162029302325294,0.09201573067631745
0.7686618251874822,0.1172336429672776,0.11410453184524011

Transition Gammas
21900.0,2929.6631915339285,2766.336808466071
18520.0,1.0,1.0
1.0,10744.254404791089,4309.74559520889

5797.0,10648.805590806109,11065.194409193899
5176.295081188207,725.5219860912974,598.0940728942211
3712.7049188117862,566.248912893098,551.1350281213862


Model Num 2
Model States: 
"['diamond', 'x', 'square']","['diamond', 'x', 'diamond']","['square', 'y', 'diamond', 'x', 'diamond']","['square', 'y', 'diamond', 'x', 'square']"
Iteration: ,0
Error:,0.3574840072548233
Absolute Error:,0.4499999999999999
Transition Probabilities
0.25,0.25,0.25,0.25
0.25,0.25,0.25,0.25
0.25,0.25,0.25,0.25
0.25,0.25,0.25,0.25

0.25,0.25,0.25,0.25
0.25,0.25,0.25,0.25
0.25,0.25,0.25,0.25
0.25,0.25,0.25,0.25

Transition Gammas
1.0,1.0,1.0,1.0
1.0,1.0,1.0,1.0
1.0,1.0,1.0,1.0
1.0,1.0,1.0,1.0

1.0,1.0,1.0,1.0
1.0,1.0,1.0,1.0
1.0,1.0,1.0,1.0
1.0,1.0,1.0,1.0

Iteration: ,10000
Error:,0.0379303442424127
Absolute Error:,0.19394546538500662
Transition Probabilities
0.0004686035613870668,0.0004686035613870668,0.25926021739745264,0.7398025754797731
0.7036618584002555,0.29512528532321336,0.0006064281382656162,0.0006064281382656162
0.11697508071601552,0.10678116203271568,0.6208122841585012,0.15543147309276747
0.0998957015298834,0.09712593035002043,0.6066238066318016,0.1963545614882946

0.07484882372903563,0.12193372080789627,0.37926188032307706,0.42395557513999116
0.10469751398820978,0.11735784953543005,0.38398139373018425,0.3939632427461759
0.0016566388969044277,0.7891074779396843,0.19021370533460658,0.019022177828804727
0.7814031757953903,0.0014292610895930479,0.20023294267909508,0.01693462043592149

Transition Gammas
1.0,1.0,553.2613039261636,1578.738696073835
1160.33840450202,486.6615954979783,1.0,1.0
130.85758486281557,119.45386048819401,694.489763639264,173.87794952642858
66.26290079936663,64.42565384962374,402.38621387880806,130.24607295549956

47.823328844129286,77.90738901247666,242.3226540792962,270.8788979586411
49.63371280407497,55.635569339319105,182.03318772839827,186.76526023366483
2.6131622452554826,1244.7286325667615,300.04080807189985,30.00535422514355
1385.1246797681347,2.5335254198480626,354.9353255764551,30.01851212650144

Iteration: ,20000
Error:,0.037414046987038624
Absolute Error:,0.1872220860526051
Transition Probabilities
0.00023234200743494423,0.00023234200743494423,0.23666884920769896,0.7628664667774311
0.7100001067848818,0.2893671820477661,0.0003163555836760518,0.0003163555836760518
0.11967111977566851,0.10267918405526966,0.6333719932503387,0.14427770291872327
0.10384054045581986,0.09548248642124468,0.6381676896898603,0.16250928343307516

0.08106831593410357,0.1114754998723043,0.3614731358125661,0.445983048381026
0.11515027027056815,0.11286021925634238,0.3661274279590176,0.4058620825140718
0.0009195832241735576,0.7880493499502105,0.18725460128751686,0.02377646553809919
0.7905610225418958,0.0007535776931046815,0.19321007145903044,0.015475328305968995

Transition Gammas
1.0,1.0,1018.6227269899363,3283.3772730100636
2244.310337547012,914.6896624529891,1.0,1.0
271.49361759918,232.94461674256925,1436.9085377982733,327.3176985201745
138.869644137415,127.69212152083573,853.444325098948,217.32943858260353

104.55866988491313,143.77663896309758,466.21358596387125,575.2110894698156
109.4203946318715,107.24429652011789,347.9089328986787,385.66639166763474
2.8462395388725934,2439.1236806510137,579.5793529175593,73.59150812042998
2863.3007274952884,2.729352314832227,699.7796784735118,56.04946048849912

Iteration: ,30000
Error:,0.042251404822143096
Absolute Error:,0.185047254415164
Transition Probabilities
0.00015434480629726796,0.00015434480629726796,0.23676462398744738,0.762926686399958
0.7138770981862016,0.2857070149350294,0.00020794343938448714,0.00020794343938448714
0.11519758509097794,0.10327401117264819,0.6401185454248239,0.14140985831154995
0.10623999798331092,0.09594183814968438,0.6502936753727803,0.14752448849422442

0.0886545725000985,0.1137790169568353,0.3450435085199394,0.4525229020231268
0.12262074843248925,0.1132692111479786,0.35297826970119367,0.4111317707183385
0.0006389365478488825,0.7876093699185172,0.1879018531935617,0.023849840340072342
0.7925856381326626,0.0005286275089410621,0.19351555373964197,0.013370180618754364

Transition Gammas
1.0,1.0,1533.9979988146729,4943.002001185332
3433.034965177448,1373.9650348225584,1.0,1.0
393.93083348948545,353.15685886048954,2188.955887678819,483.56658956266335
215.9210914839046,194.99121616612035,1321.6502526066292,299.82727015188294

170.27291953353526,218.52776289541563,662.7020344801623,869.130531120435
168.52587974734638,155.67343782370287,485.1215980453804,565.0458363540242
2.9663471026718873,3656.5802666332957,872.3591093418386,110.72602597260305
4240.6250344236305,2.828351840416837,1035.3794747935124,71.53538989204509

Iteration: ,40000
Error:,0.04186064662614974
Absolute Error:,0.184027768294655
Transition Probabilities
0.00011568718186025004,0.00011568718186025004,0.2332694020973196,0.7664992235389599
0.7122900651802859,0.28739689678559294,0.00015651901706057253,0.00015651901706057253
0.11455635917137197,0.10089163875952334,0.6395737667546569,0.1449782353144477
0.10457733467830334,0.09177327587203758,0.6592763267312756,0.14437306271838357

0.09339643905405773,0.1129654751680988,0.33843437188739267,0.45520371389045083
0.12598412514330126,0.11071992757816136,0.35053947101713595,0.41275647626140133
0.0004952741348767428,0.7876291715848377,0.1878694231588167,0.02400613112146886
0.792132802735411,0.00040557808018247543,0.19489815459563106,0.012563464588775412

Transition Gammas
1.0,1.0,2016.380711729228,6625.619288270761
4550.821226436857,1836.1787735631572,1.0,1.0
522.1552852633018,459.87060690670154,2915.2185443246817,660.8201619286756
281.201697419017,246.77241041098003,1772.7514543691266,388.20983937750447

239.03796598066984,289.122772599423,866.1857421253919,1165.0440956559437
230.37575846590155,202.46350295400583,640.9997800592141,754.7703821594481
3.064681989664326,4873.731064698155,1162.507785121343,148.54633526904306
5681.295386430503,2.9088668816909133,1397.8388253892706,90.10705422034401

Iteration: ,50000
Error:,0.04355855829215407
Absolute Error:,0.1820618727380322
Transition Probabilities
9.260974254491597e-05,9.260974254491597e-05,0.2283351951896633,0.7714795853252469
0.7123326381936698,0.28741698624298523,0.00012518778167250856,0.00012518778167250856
0.11204751728063446,0.10059415085321152,0.6446969550385719,0.14266137682758206
0.10507081659862282,0.09108118561540464,0.6679443176166497,0.13590368016932292

0.09614492010832211,0.11576627031822906,0.3324052746554123,0.4556835349180365
0.12776485835451912,0.11160655576493778,0.3505045138729759,0.41012407200756734
0.0004063534498821728,0.7860974003061821,0.18902855966837434,0.024467686575561438
0.7911620326878388,0.00033235360072540255,0.19669801146025795,0.011807602251177872

Transition Gammas
1.0,1.0,2465.563437657978,8330.436562341993
5690.113113891043,2295.8868861089695,1.0,1.0
643.1054114315388,577.3679269486314,3700.288150787962,818.8160315083462
353.8178297350801,306.7088318847506,2249.250710078708,457.6451076249706

306.1720330612329,368.6559238211948,1058.5395320612038,1451.117273395167
290.98641174004234,254.18563137753037,798.2793712147345,934.0638233288944
3.1417890481506046,6077.842340892541,1461.505639304863,189.17597411556508
7074.0441854238325,2.9716846354833266,1758.742668082354,105.57571849722322

Iteration: ,60000
Error:,0.04076642303961617
Absolute Error:,0.17977415038492553
Transition Probabilities
7.72678102302582e-05,7.72678102302582e-05,0.2249546423909442,0.7748908219885953
0.7103510213427098,0.2894411000583921,0.00010393929944912155,0.00010393929944912155
0.11078631891117575,0.0988343344546146,0.6491745164593449,0.14120483017486468
0.10552265721303646,0.09145865697039819,0.6742148021100546,0.12880388370651075

0.09430525375543153,0.1133739195293136,0.32869280328180395,0.463628023433451
0.12476487361286391,0.10938456308004103,0.35175954917880403,0.414091014128291
0.0003456895618223028,0.7881367871557563,0.18584982494766764,0.02566769833475381
0.7903994581894223,0.00028110155017044237,0.1975446833680156,0.011774756892391696

Transition Gammas
1.0,1.0,2911.362981823595,10028.637018176383
6834.287176338221,2784.7128236617946,1.0,1.0
761.8602763956883,679.6683390604178,4464.272135761541,971.0436451244567
425.0616829655627,368.40970157833357,2715.8421331887066,518.8420859252795

360.4247828599394,433.30322226061134,1256.2293990290623,1771.937649488167
338.50019573131925,296.7717991481304,954.3605728071605,1123.4723786756174
3.204853499698326,7306.737661507716,1722.9952179118015,237.96267496101586
8500.034490926568,3.0229940660321946,2124.4151988334092,126.6269082937792

Iteration: ,70000
Error:,0.03989042250924752
Absolute Error:,0.17911456613291438
Transition Probabilities
6.605456106744187e-05,6.605456106744187e-05,0.22191702455111156,0.7779508663267536
0.7089991129470125,0.2908228877649847,8.899964400142382e-05,8.899964400142382e-05
0.11019239374505511,0.09855191483716884,0.6506786955852448,0.14057699583253125
0.10707703712496193,0.09308910451056895,0.675403459216475,0.12443039914799409

0.09632620369420655,0.11327466131218177,0.3258666101034578,0.4645325248901538
0.1263754443884207,0.10843027525808382,0.35021366017268996,0.4149806201808056
0.00030238580252323,0.789687791656134,0.18413647517395854,0.02587334736738425
0.7914984878713308,0.00024333745173787786,0.19669944567853737,0.011558728998393912

Transition Gammas
1.0,1.0,3359.60183467927,11777.398165320694
7966.314033072647,3267.685966927375,1.0,1.0
877.3745435945042,784.6906520669505,5180.83784336875,1119.3030060115964
500.1347777181083,434.80002662043876,3154.670394466177,581.1887561534883

430.8684646766216,506.6791541093349,1457.6059327571809,2077.860520976942
399.59737673520834,342.855004478836,1107.370665077283,1312.1628811886
3.2596880853510903,8512.753787145688,1984.972406755071,278.91204361399645
9976.91923135133,3.0672934176803204,2479.4165907558504,145.69895887508187

Iteration: ,80000
Error:,0.043286454564663714
Absolute Error:,0.17850276400037152
Transition Probabilities
5.784693700468576e-05,5.784693700468576e-05,0.22031710540285626,0.7795672007231343
0.7099901199976983,0.28985334873518104,7.826563356030356e-05,7.826563356030356e-05
0.11211657673232804,0.09806266858897414,0.6505899262259431,0.13923082845275467
0.10853867286632075,0.0923231643267099,0.6776650292945798,0.1214731335123895

0.09685571184895975,0.11185619757380008,0.32486661236889314,0.46642147820834706
0.1272243407094565,0.10747540745803058,0.35151506011896233,0.41378519171355066
0.00026762136119951724,0.7871488556935337,0.18615813712096052,0.02642538582430633
0.7891462796878881,0.00021555593453221846,0.19927410325419595,0.011364061123383676

Transition Gammas
1.0,1.0,3808.6218010991656,13476.378198900786
9071.543763210604,3703.456236789413,1.0,1.0
1028.6045553738436,899.6681004946328,5968.785181463526,1277.3620865796822
580.7448605236027,493.982483607921,3625.90100400538,649.9517279514065

493.06231701382984,569.4251262548224,1653.7949239878571,2374.406737199497
459.9555451452999,388.5570115860486,1270.8362267958878,1495.9621120167615
3.3030290977989623,9715.127234244066,2297.595905448563,326.14667942435335
11356.46770846279,3.1020281953946967,2867.7191757581436,163.53823936893718

Iteration: ,90000
Error:,0.0421611020082963
Absolute Error:,0.17805799624456856
Transition Probabilities
5.140066820868683e-05,5.140066820868683e-05,0.21885253936261898,0.7810446593009637
0.7112663816751444,0.2885941969236705,6.971070059254079e-05,6.971070059254079e-05
0.11191559507520467,0.09799520428247731,0.6511464121004694,0.1389427885418486
0.10856369363908515,0.09096525768342711,0.6818053493060184,0.11866569937146935

0.09597839857336822,0.11218721537362043,0.3215986250429005,0.4702357610101109
0.12650563242687052,0.10867893987309765,0.3487519534274986,0.41606347427253315
0.00024074376893312772,0.7865196874329834,0.18652906807053737,0.02671050072754601
0.7885798453597246,0.00019384313805743999,0.1999559282142756,0.011270383287942495

Transition Gammas
1.0,1.0,4257.776153299743,15195.223846700213
10203.116245129972,4139.883754870063,1.0,1.0
1159.2207461828245,1015.0334611931108,6744.568790454557,1439.168177607169
658.2226325608568,551.5231600632068,4133.791849476206,719.4711824620817

546.3889151679772,638.6629889104798,1830.8069989559206,2676.973268470383
513.1280763733171,440.8200195482278,1414.5964536174918,1687.623278956208
3.3433790955071943,10922.955525792786,2590.4611764415104,370.9476268430987
12751.566594910566,3.1345002011537995,3233.345804708435,182.24539200695358

Iteration: ,99999
Error:,0.04111186607076449
Absolute Error:,0.17740093822921646
Transition Probabilities
4.608719697668002e-05,4.608719697668002e-05,0.21806107304601685,0.7818467525600297
0.7107907650080931,0.28908366994921486,6.278252134605718e-05,6.278252134605718e-05
0.11227120399278848,0.09798502116890899,0.6500389717477758,0.13970480309052674
0.1096914744515796,0.0909958848312773,0.6830983862997231,0.11621425441742012

0.09493640465266225,0.10902392704254298,0.32011507993522686,0.47592458836956786
0.12670321368798274,0.10521599171272505,0.34905301444314485,0.41902778015614733
0.00021966926854789453,0.7873975110569786,0.18525020085959037,0.027132618814883127
0.7886787485184561,0.00017550417888675406,0.20013105634841225,0.01101469095424496

Transition Gammas
1.0,1.0,4731.489162952459,16964.510837047474
11321.47530504892,4604.524694951099,1.0,1.0
1297.7633163347443,1132.6267244044288,7513.918990094802,1614.8732900227926
741.4943682490774,615.1155910117509,4617.62054830309,785.5871715793274

594.7649910162187,683.0215998304354,2005.4819153770454,2981.6094738540937
562.8311355182981,467.3822736350494,1550.5360815781212,1861.3725291907474
3.3757628852855768,12100.314765753632,2846.8285832032802,416.95995157335125
14202.149076185326,3.1603951757612876,3603.8641872547973,198.34727796857354


Model Num 3
Model States: 
"['diamond', 'x', 'square']","['diamond', 'x', 'diamond']","['square', 'y', 'diamond', 'x', 'diamond']","['square', 'y', 'diamond', 'x', 'square']","['square', 'y', 'square', 'y', 'diamond', 'x', 'diamond']"
Iteration: ,0
Error:,0.3345016360904089
Absolute Error:,1
Transition Probabilities
0.2,0.2,0.2,0.2,0.2
0.2,0.2,0.2,0.2,0.2
0.2,0.2,0.2,0.2,0.2
0.2,0.2,0.2,0.2,0.2
0.2,0.2,0.2,0.2,0.2

0.2,0.2,0.2,0.2,0.2
0.2,0.2,0.2,0.2,0.2
0.2,0.2,0.2,0.2,0.2
0.2,0.2,0.2,0.2,0.2
0.2,0.2,0.2,0.2,0.2

Transition Gammas
1.0,1.0,1.0,1.0,1.0
1.0,1.0,1.0,1.0,1.0
1.0,1.0,1.0,1.0,1.0
1.0,1.0,1.0,1.0,1.0
1.0,1.0,1.0,1.0,1.0

1.0,1.0,1.0,1.0,1.0
1.0,1.0,1.0,1.0,1.0
1.0,1.0,1.0,1.0,1.0
1.0,1.0,1.0,1.0,1.0
1.0,1.0,1.0,1.0,1.0

Iteration: ,10000
Error:,0.06866457628633894
Absolute Error:,1
Transition Probabilities
0.0005408328826392643,0.0005408328826392643,0.1937952056659775,0.6465483812441605,0.15857474732458354
0.7173597755351814,0.28041964711470757,0.0007401924500370096,0.0007401924500370096,0.0007401924500370096
0.12536061746125707,0.08495090746753568,0.5851665318517683,0.08141618482303085,0.12310575839640812
0.1402957989591647,0.07541884292235534,0.544338380070457,0.13054692358231737,0.10940005446570555
0.1636118899810579,0.10859312562193844,0.4799335791516404,0.1331710288327611,0.114690376412602

0.11916157068554144,0.09152114423792936,0.10656826591873532,0.6009841826381331,0.08176483651966067
0.10719158232257398,0.101201147891772,0.19633369713640314,0.45270568914846604,0.1425678835007848
0.005996521000219026,0.9914129855859094,0.0008634978046238467,0.0008634978046238467,0.0008634978046238467
0.9934104368472981,0.004526175136175884,0.0006877960055087022,0.0006877960055087022,0.0006877960055087022
0.001531393568147014,0.001531393568147014,0.4620850039904984,0.3923718247453045,0.14248038412790306

Transition Gammas
1.0,1.0,358.3273352763925,1195.467956920453,293.20470780315503
969.15305674803,378.84694325196995,1.0,1.0,1.0
101.41735690352506,68.72570250841365,473.40260610274794,65.8660944811677,99.59316481530718
125.6348593361581,67.53755844538036,487.4549082637136,116.90474342575622,97.96772644751462
55.70907617104452,36.975446635478434,163.4151180644401,45.34410665312629,39.05153174622658

110.16842393827899,84.61402581146052,98.52553831372936,555.6277903368684,75.59402852042999
65.43726595693028,61.7802842933301,119.85586999881974,276.36332946253145,87.03344336762174
6.9444542511966265,1148.1360812698124,1.0,1.0,1.0
1444.338770348862,6.580694130126956,1.0,1.0,1.0
1.0,1.0,301.7415076057954,256.2188015586838,93.03969083552069

Iteration: ,20000
Error:,0.06594859802860639
Absolute Error:,1
Transition Probabilities
0.00027563395810363843,0.00027563395810363843,0.18802080772557042,0.6441561294077056,0.16727179495051672
0.7100719481852308,0.28885815167211576,0.00035663338088445063,0.00035663338088445063,0.00035663338088445063
0.11849456791986109,0.08082281449448418,0.593480062534417,0.07965939026238039,0.12754316478885722
0.13003373999799733,0.07663678842799508,0.5562360561811392,0.12144561228601014,0.11564780310685822
0.15511899626174147,0.10763820628687538,0.4900231415444225,0.1281445414405246,0.11907511446643604

0.11747987346003871,0.09257522593205902,0.09874942339483588,0.6133516723542748,0.07784380485879153
0.10590226883881669,0.10630999737711629,0.18982798596933542,0.462340688453628,0.13561905936110358
0.0033881564965908776,0.9953292907616745,0.00042751758057819027,0.00042751758057819027,0.00042751758057819027
0.9963265434523475,0.0026069472148538635,0.00035550311093287315,0.00035550311093287315,0.00035550311093287315
0.0007407407407407406,0.0007407407407407406,0.4950736028593474,0.3817304593318296,0.12171445632734147

Transition Gammas
1.0,1.0,682.1394904283693,2336.9984374911555,606.8620720804745
1991.0417427113882,809.958257288613,1.0,1.0,1.0
192.65550477514046,131.40653109358706,964.915126732875,129.51496689247386,207.3672508737649
237.59795576488682,140.03092018393227,1016.3558309819962,221.9057085969798,211.31193801941578
98.18074853074445,68.12833965170904,310.1543975506267,81.10758386761663,75.36719648425294

214.68809322886483,169.17620142266847,180.45921221815541,1120.8668952241082,142.25532887127684
126.82371414840924,127.31199120005729,227.32931497987948,553.6780652061885,162.4111835003905
7.925186356099349,2328.1599072851113,1.0,1.0,1.0
2802.581785678033,7.333120680752954,1.0,1.0,1.0
1.0,1.0,668.3493638601191,515.33612009797,164.31451604191102

Iteration: ,30000
Error:,0.0665646666952369
Absolute Error:,1
Transition Probabilities
0.0001843317972350228,0.0001843317972350228,0.18280179193742124,0.6525672678792661,0.16426227658884246
0.7132335430011691,0.28604720502088793,0.000239750659314313,0.000239750659314313,0.000239750659314313
0.1123057468193309,0.08072048030510062,0.5926539322544196,0.08515282918900784,0.129167011432141
0.12818258778934075,0.07782105238160576,0.5553018333026766,0.12232245435257949,0.11637207217379746
0.1497463843042801,0.10734638937782426,0.4903853336611282,0.13189792239145606,0.12062397026531153

0.11541821730222387,0.09684680580501098,0.09143634294817421,0.6199659594843943,0.07633267446019669
0.1058239697858383,0.11133157912059188,0.18333685329253854,0.4699353132848546,0.12957228451617664
0.002474686346492902,0.9966606393988265,0.0002882247515601978,0.0002882247515601978,0.0002882247515601978
0.9974660469351676,0.0018321141861951716,0.0002339462928790784,0.0002339462928790784,0.0002339462928790784
0.000493583415597236,0.000493583415597236,0.4981807551454398,0.3787822197862527,0.12204985823711306

Transition Gammas
1.0,1.0,991.6997212605115,3540.1774282450233,891.1228504944715
2974.897107857878,1193.1028921421241,1.0,1.0,1.0
270.7779850026234,194.62342421907874,1428.9352248188818,205.31016584721453,311.43181960823483
356.6257259521859,216.5113825409998,1544.9439962126798,340.32183962016535,323.766865962678
137.72947209791954,98.73201018719269,451.03268064535735,121.31332122767235,110.94408605711924

319.36578085236675,267.9781102318144,253.00719198827724,1715.4650052700595,211.2148736424862
190.37404512455737,200.28206379126144,329.81732260037427,845.39907846933,233.09652802947144
8.585960550220289,3457.9286962822375,1.0,1.0,1.0
4263.653997931634,7.831345235900576,1.0,1.0,1.0
1.0,1.0,1009.3142099246608,767.4127772869479,247.27301278839101

Iteration: ,40000
Error:,0.06426186848812987
Absolute Error:,1
Transition Probabilities
0.00013910140492418967,0.00013910140492418967,0.18245206307958056,0.6520630835896888,0.16520665052088226
0.7138894649526226,0.28557634701318935,0.00017806267806267788,0.00017806267806267788,0.00017806267806267788
0.11330458424071597,0.08158260585178734,0.5910147375724296,0.08462255153026439,0.1294755208048027
0.12542804350660855,0.0785609322912399,0.5591046460193421,0.11981188345673988,0.11709449472606956
0.1487313367439189,0.10841330742149898,0.49249342635217963,0.12998895264539528,0.12037297683700716

0.11157340183065916,0.10033468956549378,0.08903733032529296,0.6206155746766474,0.07843900360190668
0.10423397083635798,0.11244667730899038,0.1801785942837574,0.47227897741731717,0.13086178015357708
0.0019591006540051314,0.9973931927758547,0.00021590219004671816,0.00021590219004671816,0.00021590219004671816
0.9980240394568269,0.001446325055504275,0.00017654516255626918,0.00017654516255626918,0.00017654516255626918
0.0003656307129798904,0.0003656307129798904,0.509380872542052,0.36688735946138806,0.12300050657060016

Transition Gammas
1.0,1.0,1311.647881479105,4687.681507926274,1187.670610594623
4009.2032351739326,1603.796764826073,1.0,1.0,1.0
363.05501582076766,261.41020203820256,1893.7527226948625,271.15091583005596,414.87056829336933
464.81024809906773,291.130479343412,2071.925559581095,443.9979267619659,433.9278491718779
179.0678462416832,130.5262084568675,592.9465778749387,156.5026059404041,144.92527385143805

413.05748307711656,371.4504860230795,329.6263711658675,2297.5897752357687,290.39015456439495
249.41998138865335,269.0720495111501,431.1467871011287,1130.1096256096096,313.1372863232243
9.074019367664636,4619.652966744029,1.0,1.0,1.0
5653.080633907104,8.192379981203374,1.0,1.0,1.0
1.0,1.0,1393.156686402512,1003.4369281268962,336.4063854705914

Iteration: ,50000
Error:,0.06569964766664202
Absolute Error:,1
Transition Probabilities
0.00011183180496533206,0.00011183180496533206,0.1785886346187342,0.655800592855464,0.16538710891587102
0.7178961806623314,0.28167241295285417,0.0001438021282714981,0.0001438021282714981,0.0001438021282714981
0.11334661239032302,0.08393086360142718,0.5867756829179939,0.08384102325398489,0.13210581783627093
0.12653548927681194,0.07997985009170021,0.560227122068973,0.11639311101369587,0.116864427548819
0.14967349860463297,0.11073887664595458,0.4910813180219925,0.1273791763524187,0.12112713037500121

0.1096900432910708,0.10019093954402218,0.08744966396996354,0.6244027770920603,0.07826657610288315
0.10515531016850962,0.11124370359531906,0.17935478948325712,0.474593695372629,0.12965250138028522
0.0016398806025953122,0.9978408509964205,0.00017308946699472362,0.00017308946699472362,0.00017308946699472362
0.9983770891672333,0.0011990407855831493,0.00014129001572783326,0.00014129001572783326,0.00014129001572783326
0.0002901073397156947,0.0002901073397156947,0.5124298222261848,0.36340253666749534,0.1235874264268885

Transition Gammas
1.0,1.0,1596.9395707607225,5864.168901313564,1478.8915279257199
4992.250040325863,1958.749959674152,1.0,1.0,1.0
452.6503279617293,335.17837131708313,2343.291958282413,334.81959338912964,527.5653194055735
591.5383394954376,373.8962720003351,2618.9950615674234,544.1239292727576,546.3272779313585
224.00338599431709,165.73330323109712,734.958954397511,190.63740123748138,181.28050451635195

511.20944697047366,466.93896053846424,407.5583618579717,2910.023451417894,364.76066455417657
317.7277281291571,336.12386436190394,541.9221311817674,1433.9891763290477,391.74621465913054
9.474179053571767,5764.88487902524,1.0,1.0,1.0
7066.154561766103,8.486380155076631,1.0,1.0,1.0
1.0,1.0,1766.3455972136596,1252.6485438928569,426.0058588934848

Iteration: ,60000
Error:,0.06473494925329006
Absolute Error:,1
Transition Probabilities
9.388789784996712e-05,9.388789784996712e-05,0.17624489622584777,0.6587104988154553,0.1648568291629971
0.7148134506937099,0.2848286394995614,0.00011930326890956792,0.00011930326890956792,0.00011930326890956792
0.1113366155690062,0.08339430474555465,0.5894645953241114,0.08448778954354198,0.13131669481778566
0.12381005807394398,0.08022675398469069,0.5646939601311249,0.11524982303824534,0.11601940477199514
0.14681903198131166,0.11073249168396085,0.4947450004184624,0.12703339085319387,0.12067008506307123

0.1070730832411848,0.09943038255075139,0.08709196067670301,0.6282996234179642,0.0781049501133967
0.1035402939680349,0.10992595982768791,0.18069484807272027,0.4786562248203326,0.12718267331122446
0.001411842675363668,0.9981561920606759,0.0001439884213201266,0.0001439884213201266,0.0001439884213201266
0.9986200341595259,0.0010269830172314899,0.0001176609410809055,0.0001176609410809055,0.0001176609410809055
0.00024378352023403206,0.00024378352023403206,0.5181001466913799,0.3596173362276503,0.12179495004050163

Transition Gammas
1.0,1.0,1877.1843897015049,7015.925522883415,1755.8900874150825
5991.566343714687,2387.4336562853277,1.0,1.0,1.0
533.2748884381651,399.43812134293137,2823.389813882768,404.6756434346111,628.9745329614415
696.328879679136,451.2089453111244,3175.9351278620647,648.1846580793193,652.5129169850981
262.08319963508325,197.66596559355978,883.1576598981798,226.76431717338264,215.40532972314475

602.687324323964,559.6684937243937,490.2186353608287,3536.539786181065,439.63302424258154
376.7057578327548,399.93842411888653,657.4135254118833,1741.4723196360171,462.72270916761613
9.805251439105275,6932.197623317885,1.0,1.0,1.0
8487.268799531861,8.728325711123798,1.0,1.0,1.0
1.0,1.0,2125.2468017280416,1475.1503132058222,499.6028850661379

Iteration: ,70000
Error:,0.06626970017474236
Absolute Error:,1
Transition Probabilities
8.041170794467677e-05,8.041170794467677e-05,0.17361171717086782,0.6614636525161286,0.1647638068971143
0.7146188366057422,0.2850759130890074,0.00010175010175010169,0.00010175010175010169,0.00010175010175010169
0.11007672826148958,0.08445591330281242,0.5895647029255113,0.08633142811434259,0.129571227395844
0.12234052687654721,0.08276331031558479,0.5654434461702831,0.11397035438802552,0.11548236224955946
0.1451572705529325,0.11254727038372864,0.49556089332105413,0.12738944243006523,0.11934512331221947

0.10698839751632507,0.0992272050926812,0.08719781628857733,0.6295224083098916,0.07706417279252484
0.10227067864159714,0.11012013040314823,0.1835212791007742,0.47955271064552735,0.12453520120895312
0.0012441754879617527,0.998385828145667,0.00012333212212375642,0.00012333212212375642,0.00012333212212375642
0.9987940817685808,0.0009027596912387077,0.0001010528467268738,0.0001010528467268738,0.0001010528467268738
0.00021043771043771043,0.00021043771043771043,0.5235501190076517,0.3552482627273124,0.12078074284416049

Transition Gammas
1.0,1.0,2159.0353147369115,8225.961982690573,2049.002702572513
7023.273926161239,2801.7260738387668,1.0,1.0,1.0
614.0348319585624,471.11567859836373,3288.735675624334,481.5777575529453,722.7799017760807
806.092594835701,545.321270659587,3725.6646378202063,750.9421534181704,760.9046602965801
301.03162395412005,233.40399999366628,1027.7094624081687,264.1841540782381,247.50159702528478

700.3388325245344,649.5345905024625,570.7910229136096,4120.811216155566,504.4568762210925
433.4300354351625,466.69654153784023,777.7755614833836,2032.3767391485567,527.7885840777744
10.088008432331172,8095.0997270917505,1.0,1.0,1.0
9883.878724051456,8.93354042443447,1.0,1.0,1.0
1.0,1.0,2487.9101655243608,1688.1397444801885,573.9500899954506

Iteration: ,80000
Error:,0.06522552413243554
Absolute Error:,1
Transition Probabilities
7.007708479327265e-05,7.007708479327265e-05,0.17304950760322899,0.6620846535127526,0.16472568471443197
0.7153564887480569,0.2843768208794655,8.889679082585116e-05,8.889679082585116e-05,8.889679082585116e-05
0.10857104832422348,0.08500073668706555,0.5918264965464702,0.08629129381644281,0.12831042462579803
0.12340197231038157,0.08253677145748925,0.5677186094838527,0.11258813804485006,0.11375450870342635
0.14484301797570948,0.11273411415434129,0.4978937250968087,0.12657790448970663,0.117951238283434

0.10669865583049819,0.09985012201308238,0.08685853505861886,0.630250606291386,0.07634208080641458
0.10028154156285668,0.11133930173632445,0.1832776164931947,0.4828769700442241,0.1222245701634001
0.001113612633624929,0.9985632195502139,0.00010772260538703633,0.00010772260538703633,0.00010772260538703633
