0,1,2,3,4,5,6,7,8,9,10,11,12,13,14,15,16,17,18,19,20,21,22,23,24,25,26,27,28,29
github Code Version (SHA):,0223d720dafbf5413b6775610c21cd8ff219e6c5
Environment Observations,Environment Actions,alpha,epsilon,numActions,explore,patience,gainThresh,insertRandActions,useBudd,revisedSplitting,haveControl,confidence_factor
"['diamond', 'square']","['x', 'y']",0.7,0.99,100000,0.5,0,0.0001,False,False,False,False,

Model Num 0
Model States: 
['diamond'],['square']
Iteration: ,0
Error:,0.35606386797315576
Absolute Error:,1
Transition Probabilities
0.5,0.5
0.5,0.5

0.5,0.5
0.5,0.5

Transition Gammas
1.0,1.0
1.0,1.0

1.0,1.0
1.0,1.0

Iteration: ,10000
Error:,0.042709177323293844
Absolute Error:,1
Transition Probabilities
0.4709976798143852,0.5290023201856149
0.19454042847270214,0.8054595715272979

0.2170074349442379,0.7829925650557621
0.8067736185383244,0.1932263814616756

Transition Gammas
1015.0,1140.0
563.0,2331.0

467.0,1685.0
2263.0,542.0

Iteration: ,20000
Error:,0.03340473520172306
Absolute Error:,1
Transition Probabilities
0.4673507462686567,0.5326492537313433
0.2005925409550366,0.7994074590449634

0.20925366193908393,0.7907463380609161
0.7983799964782532,0.20162000352174678

Transition Gammas
2004.0,2284.0
1151.0,4587.0

900.0,3401.0
4534.0,1145.0

Iteration: ,30000
Error:,0.03798926888696605
Absolute Error:,1
Transition Probabilities
0.4702576112412178,0.5297423887587822
0.20259469477586006,0.7974053052241399

0.20977722772277227,0.7902227722772277
0.7939793038570084,0.20602069614299154

Transition Gammas
3012.0,3393.0
1749.0,6884.0

1356.0,5108.0
6752.0,1752.0

Iteration: ,40000
Error:,0.03889770237828271
Absolute Error:,1
Transition Probabilities
0.47416201117318435,0.5258379888268156
0.20353596934331997,0.79646403065668

0.20891008491334187,0.7910899150866582
0.7925011027790031,0.2074988972209969

Transition Gammas
4074.0,4518.0
2337.0,9145.0

1796.0,6801.0
8983.0,2352.0

Iteration: ,50000
Error:,0.04023630414906999
Absolute Error:,1
Transition Probabilities
0.4743982901217359,0.5256017098782642
0.20686281361380948,0.7931371863861905

0.21010119766038438,0.7898988023396156
0.7910342393222732,0.2089657606777268

Transition Gammas
5105.0,5656.0
2960.0,11349.0

2263.0,8508.0
11205.0,2960.0

Iteration: ,60000
Error:,0.040439816388117916
Absolute Error:,1
Transition Probabilities
0.4746943197647423,0.5253056802352577
0.20755265914116142,0.7924473408588386

0.20875029090062835,0.7912497090993716
0.7891456459105074,0.21085435408949257

Transition Gammas
6134.0,6788.0
3567.0,13619.0

2691.0,10200.0
13421.0,3586.0

Iteration: ,70000
Error:,0.03913475855261903
Absolute Error:,1
Transition Probabilities
0.4746234989716712,0.5253765010283288
0.20730311924779862,0.7926968807522013

0.20987572273542898,0.790124277264571
0.7905989385898408,0.2094010614101592

Transition Gammas
7154.0,7919.0
4167.0,15934.0

3158.0,11889.0
15642.0,4143.0

Iteration: ,80000
Error:,0.03945345117990561
Absolute Error:,1
Transition Probabilities
0.4767401392111369,0.5232598607888631
0.2058067047386547,0.7941932952613453

0.2093266658913827,0.7906733341086173
0.7909761810066729,0.20902381899332714

Transition Gammas
8219.0,9021.0
4721.0,18218.0

3600.0,13598.0
17899.0,4730.0

Iteration: ,90000
Error:,0.039095224235997386
Absolute Error:,1
Transition Probabilities
0.47477300866694183,0.5252269913330582
0.20613967172499226,0.7938603282750077

0.20999740999740998,0.79000259000259
0.7889739062193447,0.2110260937806553

Transition Gammas
9203.0,10181.0
5325.0,20507.0

4054.0,15251.0
20107.0,5378.0

Iteration: ,99999
Error:,0.04083526888796581
Absolute Error:,1
Transition Probabilities
0.4755209058424985,0.5244790941575015
0.20639737686619228,0.7936026231338077

0.21129969774471052,0.7887003022552894
0.7900859173355019,0.2099140826644981

Transition Gammas
10247.0,11302.0
5917.0,22751.0

4544.0,16961.0
22346.0,5937.0


Model Num 1
Model States: 
['square'],"['diamond', 'x', 'square']","['diamond', 'x', 'diamond']"
Iteration: ,0
Error:,0.4317269356680112
Absolute Error:,1
Transition Probabilities
0.3333333333333333,0.3333333333333333,0.3333333333333333
0.3333333333333333,0.3333333333333333,0.3333333333333333
0.3333333333333333,0.3333333333333333,0.3333333333333333

0.3333333333333333,0.3333333333333333,0.3333333333333333
0.3333333333333333,0.3333333333333333,0.3333333333333333
0.3333333333333333,0.3333333333333333,0.3333333333333333

Transition Gammas
1.0,1.0,1.0
1.0,1.0,1.0
1.0,1.0,1.0

1.0,1.0,1.0
1.0,1.0,1.0
1.0,1.0,1.0

Iteration: ,10000
Error:,0.033335778223590386
Absolute Error:,1
Transition Probabilities
0.8005050505050505,0.10392115579621064,0.09557379369873885
0.9989053092501369,0.0005473453749315818,0.0005473453749315818
0.0006574621959237339,0.7331684917329678,0.2661740460711084

0.20939548434085944,0.3876287708325333,0.40297574482660725
0.792484495439608,0.11489129776852673,0.09262420679186535
0.7628710772557065,0.10987708800081797,0.12725183474347557

Transition Gammas
2219.0,288.0694438670959,264.9305561329041
1825.0,1.0,1.0
1.0,1115.149275925845,404.8507240741562

575.0,1064.4286047061364,1106.5713952938636
547.5602293949372,79.38313711326185,63.997885397548266
349.43977060506285,50.330161373896715,58.28881611529316

Iteration: ,20000
Error:,0.03969429185663605
Absolute Error:,1
Transition Probabilities
0.7954461990451707,0.10930745346721495,0.09524634748761426
0.9994620763851533,0.00026896180742334586,0.00026896180742334586
0.0003302509907529721,0.725674290006436,0.27399545900281097

0.21455593586741115,0.3848326077956438,0.40061145633694495
0.7853057807657763,0.11865580462064675,0.09603841461357694
0.7561437280140566,0.11149719434936442,0.13235907763657892

Transition Gammas
4332.0,595.2883915824527,518.7116084175474
3716.0,1.0,1.0
1.0,2197.3417501394892,829.658249860512

1191.0,2136.20580587362,2223.794194126383
1051.3483600713125,158.85351751672167,128.5739035428646
705.6516399286901,104.05188210278227,123.52069683763145

Iteration: ,30000
Error:,0.04000378587308298
Absolute Error:,1
Transition Probabilities
0.7949526813880127,0.11064905248714499,0.09439826612484241
0.9996389891696751,0.00018050541516245486,0.00018050541516245486
0.0002228163992869873,0.723429231553962,0.27634795204675106

0.21987518002880452,0.3819396573541212,0.39818516261707426
0.7889720613628907,0.11580158106394231,0.09522635757316698
0.7595529505162633,0.107882781682846,0.13256426780089073

Transition Gammas
6552.0,911.969490599049,778.0305094009511
5538.0,1.0,1.0
1.0,3246.7503912141847,1240.24960878582

1832.0,3182.3212250745396,3317.678774925464
1572.7831507106735,230.84565910788683,189.82980263700276
1078.2168492893297,153.1440736022211,188.18046465288919

Iteration: ,40000
Error:,0.03658091631737108
Absolute Error:,1
Transition Probabilities
0.7934920923468461,0.10782863048783078,0.09867927716532314
0.9997275204359674,0.00013623978201634878,0.00013623978201634878
0.00016597510373443988,0.7230914158590336,0.276742609037232

0.21604994119243637,0.3817951516465419,0.40215490716102187
0.7939160630883008,0.11240018206578377,0.09368375484591548
0.7678670347690854,0.10364216639097731,0.12849079883993725

Transition Gammas
8730.0,1186.3305926271141,1085.669407372885
7338.0,1.0,1.0
1.0,4356.625780550676,1667.3742194493225

2388.0,4219.981811149229,4445.018188850776
2122.8057865359337,300.54028125943125,250.49551978797066
1475.1942134640722,199.11301984311436,246.85117910948355

Iteration: ,50000
Error:,0.034987932961649836
Absolute Error:,1
Transition Probabilities
0.7930033386558282,0.10707716818435228,0.09991949315981952
0.9997812055573788,0.0001093972213105787,0.0001093972213105787
0.0001319957761351635,0.719318517323734,0.2805494869001308

0.21601800755155381,0.37957737997903257,0.40440461246941367
0.7951409610017013,0.11234313121159903,0.09251590778669962
0.7696691131872966,0.10382521875834412,0.12650566805435923

Transition Gammas
10926.0,1475.3092232440058,1376.6907767559933
9139.0,1.0,1.0
1.0,5449.557087244616,2125.442912755394

2975.0,5227.539677071238,5569.460322928767
2651.5867331354702,374.63490235027143,308.51630807970963
1857.4132668645343,250.55746093052892,305.29132863948996

Iteration: ,60000
Error:,0.03704937431773312
Absolute Error:,1
Transition Probabilities
0.7925467346443311,0.10722761436319886,0.10022565099246994
0.9998188241688559,9.058791557206268e-05,9.058791557206268e-05
0.00011012003083360857,0.7174548279730276,0.2824350519961388

0.21428139548944913,0.38115792126561837,0.40456068324493255
0.7919395412397587,0.1166986153544547,0.09136184340578665
0.7666255902655014,0.10767486306190946,0.12569954667258917

Transition Gammas
13058.0,1766.6821742480645,1651.3178257519346
11037.0,1.0,1.0
1.0,6515.207292823067,2564.7927071769377

3544.0,6303.970859812063,6691.029140187941
3147.740178251667,463.84465122488837,363.138005203438
2227.259821748333,312.8253209327242,365.19202263894977

Iteration: ,70000
Error:,0.0369498524375826
Absolute Error:,1
Transition Probabilities
0.7932629827935749,0.106808596944961,0.09992842026146408
0.999844768705371,7.76156473144986e-05,7.76156473144986e-05
9.439305267132339e-05,0.7183452110005183,0.2815603959468105

0.21535192287757848,0.37900879465928666,0.4056392824631349
0.788968344331417,0.11888906405220519,0.09214259161637772
0.7640756898895055,0.10911230357753263,0.12681200653296187

Transition Gammas
15260.0,2054.676979430215,1922.3230205697844
12882.0,1.0,1.0
1.0,7610.1491653394905,2982.8508346605104

4155.0,7312.595684156278,7826.404315843726
3638.883788979772,548.3407426607952,424.9805271864932
2593.116211020228,370.3047839011564,430.37394625155594

Iteration: ,80000
Error:,0.0360069285574124
Absolute Error:,1
Transition Probabilities
0.7935857136349141,0.10635592085937909,0.1000583655057067
0.9998640750305832,6.796248470844094e-05,6.796248470844094e-05
8.246062505153795e-05,0.7165670038231022,0.2833505355518462

0.2156836096765424,0.37871731678141846,0.4055990735420392
0.7894047951958415,0.11911162701962442,0.09148357778453413
0.7658968207444738,0.10857372913058316,0.12552945012494296

Transition Gammas
17420.0,2334.6188187842304,2196.381181215768
14712.0,1.0,1.0
1.0,8689.808055362755,3436.1919446372367

4761.0,8359.806050633037,8953.19394936698
4157.5762999096405,627.3279318218614,481.81865266420016
2973.423700090357,421.51330395948264,487.34011155445694

Iteration: ,90000
Error:,0.03744475718254499
Absolute Error:,1
Transition Probabilities
0.7932847896440129,0.10669109271058168,0.1000241176454053
0.9998795906080674,6.020469596628537e-05,6.020469596628537e-05
7.330303474563845e-05,0.7163290891841273,0.2835976077811271

0.21516946761778089,0.3791024779536747,0.40572805442854454
0.7890648090849421,0.11998603460968241,0.09094915630537537
0.7664845253180872,0.10912558834763582,0.12438988633427704

Transition Gammas
19610.0,2637.403811805579,2472.596188194419
16608.0,1.0,1.0
1.0,9772.161434649866,3868.838565350136

5339.0,9406.669785464535,10067.330214535481
4642.889357041092,706.0026966972356,535.148526433191
3331.110642958889,474.2553786237311,540.5933982458431

Iteration: ,99999
Error:,0.035152430330177314
Absolute Error:,1
Transition Probabilities
0.7934786564285454,0.10636853602398587,0.10015280754746862
0.9998917338818817,5.413305905916743e-05,5.413305905916743e-05
6.599788806758176e-05,0.7184416199454978,0.2814923821664345

0.214402321784872,0.37847968106388313,0.4071179971512449
0.790635370295026,0.11973306769652527,0.08963156200844881
0.7672551053413068,0.10928314722437045,0.12346174743432281

Transition Gammas
21804.0,2922.901001403108,2752.0989985968904
18471.0,1.0,1.0
1.0,10885.827425414196,4265.172574585821

5910.0,10432.792408525944,11222.207591474073
5156.684237988953,780.9233512109931,584.5952260684046
3700.3157620110164,527.0504547723049,595.4309679482983


Model Num 2
Model States: 
"['diamond', 'x', 'square']","['diamond', 'x', 'diamond']","['square', 'y', 'diamond', 'x', 'diamond']","['square', 'y', 'diamond', 'x', 'square']"
Iteration: ,0
Error:,0.3562423619022598
Absolute Error:,0.4499999999999999
Transition Probabilities
0.25,0.25,0.25,0.25
0.25,0.25,0.25,0.25
0.25,0.25,0.25,0.25
0.25,0.25,0.25,0.25

0.25,0.25,0.25,0.25
0.25,0.25,0.25,0.25
0.25,0.25,0.25,0.25
0.25,0.25,0.25,0.25

Transition Gammas
1.0,1.0,1.0,1.0
1.0,1.0,1.0,1.0
1.0,1.0,1.0,1.0
1.0,1.0,1.0,1.0

1.0,1.0,1.0,1.0
1.0,1.0,1.0,1.0
1.0,1.0,1.0,1.0
1.0,1.0,1.0,1.0

Iteration: ,10000
Error:,0.04428146859173631
Absolute Error:,0.17606559752886292
Transition Probabilities
0.0004633920296570897,0.0004633920296570897,0.3062836784238835,0.6927895375168022
0.6915215433005598,0.3072567096010896,0.0006108735491753212,0.0006108735491753212
0.13013262609725518,0.08646264888063387,0.6398285204224274,0.14357620459968357
0.11629569212092379,0.09261934265441243,0.649694508558209,0.14139045666645472

0.13385896522113014,0.09001189396962707,0.2672467888649038,0.5088823519443391
0.09346280834029887,0.10185147727410074,0.3237183431438169,0.4809673712417835
0.00153912996759349,0.7515111463148465,0.17872219696238625,0.06822752675517375
0.8085100093007668,0.0014226644436226017,0.1409214575416955,0.049145868713915054

Transition Gammas
1.0,1.0,660.9601780387409,1495.0398219612598
1132.0207663830156,502.9792336169833,1.0,1.0
142.16059570525013,94.45426592666027,698.9669411918494,156.84674464139172
94.84744654660746,75.53769182148208,529.8722940487337,115.31402011802616

80.92394512745908,54.41635946000083,161.56306334705826,307.6429543366549
40.511798005967066,44.14789740657305,140.31690638396998,208.47707593231732
2.4960751096745395,1218.7588484762107,289.8416876916963,110.64759631346628
1346.3759762087175,2.3691002053967964,234.6702734460206,81.84044254881694

Iteration: ,20000
Error:,0.04280139855044621
Absolute Error:,0.1740255173686063
Transition Probabilities
0.00023408239700374556,0.00023408239700374556,0.27403403954742567,0.7254977956585669
0.6966229238591319,0.3027599826512044,0.0003085467448318422,0.0003085467448318422
0.12115602164513593,0.08335317209211814,0.6578720506624051,0.13761875560034095
0.11492764597506565,0.08915263158672278,0.6726506919399308,0.12326903049828063

0.1334356465645068,0.08498392515795829,0.2622731931635883,0.5193072351139466
0.0894237852609771,0.09543277657184943,0.3222862431376881,0.49285719502948533
0.0008355011109684479,0.756033779974744,0.18643337096921508,0.05669734794507252
0.8044901944016991,0.0007534492149706773,0.15741748726959162,0.03733886911373857

Transition Gammas
1.0,1.0,1170.6734169466013,3099.326583053394
2257.7548962274454,981.245103772553,1.0,1.0
266.62601417926396,183.43392051295498,1447.7679303618659,302.85527523759094
182.42659010281116,141.5134752049699,1067.709784010722,195.66701038982038

165.01926730855843,105.09924014788676,324.3520849551131,642.2249350371969
77.82592026509049,83.05557227846424,280.487158844468,428.9358211632224
2.706677928821371,2449.236654310458,603.9669891201352,183.67595002686824
2719.509697690622,2.5469700701001057,532.1362350900026,126.22082576299258

Iteration: ,30000
Error:,0.045130160870196466
Absolute Error:,0.1719537851144011
Transition Probabilities
0.00015530361857431295,0.00015530361857431295,0.2609146268047471,0.7387747659581042
0.6980331704831426,0.30156295229553265,0.00020193861066235866,0.00020193861066235866
0.12003463992918632,0.08626293533611404,0.6574556943583645,0.13624673037633522
0.11576606664839663,0.09276451596568737,0.6798106608834161,0.11165875650249978

0.1259378461699286,0.09312050872604885,0.261070877912571,0.5198707671914515
0.08450680201825866,0.1019920584755597,0.33037708922328735,0.48312405028289435
0.0005832504473558598,0.7600910019563117,0.18960866530689977,0.049717082289432536
0.8028495969952303,0.0005198819271891071,0.1659976453010113,0.030632875776569302

Transition Gammas
1.0,1.0,1680.0292819957647,4756.970718004228
3456.660260232522,1493.3397397674776,1.0,1.0
390.48283038211554,280.62062057241974,2138.7589493778346,443.22213103689506
267.52559416031556,214.37095488514908,1570.9849719755643,258.0339476096986

233.33702686068588,172.5332241792707,483.7108486819135,963.214020704781
108.35503390495028,130.77471505509308,423.611115901339,619.4640147119676
2.8262242127131207,3683.1306402472865,918.7761505541081,240.9112970060257
4088.3957118510048,2.6474236889993845,845.3190532398694,155.99349919999338

Iteration: ,40000
Error:,0.044600627668080685
Absolute Error:,0.17229634320156037
Transition Probabilities
0.00011674060238150839,0.00011674060238150839,0.25454003443617096,0.7452264843590659
0.6990705487780166,0.30062665031358077,0.0001514004542013627,0.0001514004542013627
0.121327584615707,0.09173841775700907,0.651055624963577,0.13587837266370678
0.1196807307494512,0.09498915559941905,0.6780320844399325,0.10729802921119722

0.12148524266438254,0.09248461357432051,0.26284732482965345,0.5231828189316434
0.08164709232638144,0.10223229258103776,0.3372285612035604,0.47889205388902034
0.0004539450496214536,0.7648659172071829,0.1903505514604154,0.04432958628278007
0.8001967906387665,0.00039842202490459857,0.17292268599314398,0.026482101343184888

Transition Gammas
1.0,1.0,2180.3899349802386,6383.610065019753
4617.360974678796,1985.6390253211996,1.0,1.0
527.2808901894956,398.6885153339596,2829.440564410868,590.5175605576514
360.72639568252276,286.3041987940225,2043.6378391535375,323.40403587793685

304.54412190385625,231.84417146385306,658.9163093345279,1311.535859766078
141.9156722388299,177.69603439346042,586.1570399840558,832.390790915338
2.9145847017113455,4910.873029701425,1222.1585095189134,284.6210882148096
5466.490592312519,2.721793284340096,1181.3097068589243,180.9106954073475

Iteration: ,50000
Error:,0.04733268904628804
Absolute Error:,0.17256827566111516
Transition Probabilities
9.285051067780897e-05,9.285051067780897e-05,0.24748917813788263,0.7523251208407618
0.6999927257576967,0.29976322299154057,0.00012202562538133013,0.00012202562538133013
0.12271457103386195,0.09164759242203821,0.6500351522199803,0.13560268432411943
0.11795598796056014,0.09420201824052955,0.6837205820671458,0.1041214117317645

0.1227344944577744,0.09456957973141993,0.26211338465893425,0.5205825411518713
0.08092137253433207,0.10572892200416313,0.33475230712401666,0.47859739833748827
0.0003763803500511775,0.7666025948743624,0.1897544763495753,0.043266548426011096
0.7984621265935247,0.0003201607425778108,0.17658063099260773,0.024637081671289786

Transition Gammas
1.0,1.0,2665.458448544989,8102.541551454984
5736.440387584322,2456.5596124156737,1.0,1.0
674.5788443647236,503.79939777329383,3573.3324745926184,745.4265725206938
435.12344549722894,347.4983123647552,2522.1513597588673,384.08959312781474

383.81229093949224,295.7356626615582,819.6745266788968,1627.9529127106441
174.04767927981663,227.40436711913244,719.9934994155055,1029.379061194953
2.9821744824425815,6074.022451750572,1503.4816701297327,342.81384945274687
6927.217755259291,2.777618507697916,1531.9605545543745,213.7439258631405

Iteration: ,60000
Error:,0.04609584066473745
Absolute Error:,0.17306735415569294
Transition Probabilities
7.71128932757559e-05,7.71128932757559e-05,0.2442780638806787,0.7555677103327698
0.7004500259302481,0.29934580910445996,0.00010208248264597793,0.00010208248264597793
0.1224492500783319,0.09059642574130966,0.6497547515640684,0.13719957261629004
0.11797149037016794,0.09296905518057674,0.6847339056402595,0.10432554880899585

0.12248820119194283,0.0963260709950626,0.25675102742679556,0.524434700386199
0.08020696042454722,0.10845387431720054,0.3318377719515368,0.47950139330671543
0.0003224749579956571,0.7706343742507729,0.18784566381748233,0.04119748697374894
0.7990250251017328,0.0002696618670483396,0.17825180271095872,0.022453510320260224

Transition Gammas
1.0,1.0,3167.7979324046332,9798.202067595334
6861.608454012711,2932.3915459872906,1.0,1.0
814.1973494511022,602.3995219336242,4320.390661260069,912.2761331616736
520.341138974662,410.0619896406132,3020.1807168617374,460.1524887165187

458.1937508526838,360.3286140594648,960.4330469970371,1961.7620318442737
206.39517215004392,279.0824629378067,853.9123500666068,1233.892571092082
3.0380428867036793,7260.16151298617,1769.6976729787448,388.12233057908026
8364.97735931543,2.823084811696465,1866.1146360772434,235.06536036492506

Iteration: ,70000
Error:,0.045243204962193743
Absolute Error:,0.17245644449150394
Transition Probabilities
6.63966536086583e-05,6.63966536086583e-05,0.24158082991422303,0.7582863767785596
0.7032985952985913,0.2965261812915611,8.761170492377778e-05,8.761170492377778e-05
0.12135112179130685,0.0904408704858167,0.6528427520275342,0.1353652556953423
0.1184207253530892,0.09282849218654747,0.6873802157841595,0.10137056667620385

0.12160646769734097,0.09657334659101212,0.25586354667572025,0.5259566390359266
0.0809625947048716,0.10731265782044459,0.3322013091552503,0.47952343831943345
0.0002808450681634941,0.7722335748374295,0.18799930072371412,0.03948627937069296
0.7966776098347806,0.00023466227026870123,0.18223530722429088,0.020852420670659906

Transition Gammas
1.0,1.0,3638.4488793381033,11420.551120661856
8027.450166738124,3384.5498332618795,1.0,1.0
947.4258975665633,706.0999653887371,5096.946127726859,1056.838593524022
605.68523057407,474.7889064706319,3515.7363142973,518.4789644517997

536.239211209777,425.8524746293991,1128.2629044715216,2319.2728033933154
244.213352802419,323.6949613584036,1002.0429287115603,1446.421363423601
3.0889838001947676,8493.711562172213,2067.78348710552,434.3052135600581
9724.335140367053,2.8643136605351343,2224.3843431526448,254.52695618176998

Iteration: ,80000
Error:,0.04655734186535419
Absolute Error:,0.17225724255614439
Transition Probabilities
5.803493703209348e-05,5.803493703209348e-05,0.23934252167635792,0.7605414084495778
0.7053299435918196,0.29451636394679565,7.684623069238447e-05,7.684623069238447e-05
0.12045257279253294,0.09240383079792067,0.6511350764000021,0.13600852000954422
0.11858476661174042,0.09377772926093954,0.6878674755094556,0.09977002861786437

0.12116718831654817,0.09713055686360611,0.25256288602648763,0.5291393687933581
0.08033259525743978,0.10865638858863717,0.332142437428432,0.4788685787254911
0.00025043868786930987,0.7742557575763129,0.18767068259394248,0.037823121141875436
0.7962921090922662,0.00020681950585837782,0.183808252451101,0.019692818950774325

Transition Gammas
1.0,1.0,4124.110991005312,13104.88900899464
9178.458555960357,3832.5414440396557,1.0,1.0
1076.4468544969636,825.7840467817515,5818.989902778341,1215.465474541837
687.8288489272237,543.940249794064,3989.8471567030233,578.6974659767781

613.43047254285,491.74074452839847,1278.6445957404053,2678.862302160104
277.4946418788892,375.33414104986093,1147.326890555652,1654.1662115438273
3.1328455775879864,9685.499260045584,2347.6535235409256,473.14573801686186
11164.46816730034,2.8997270764931042,2577.096218769189,276.1045196730107

Iteration: ,90000
Error:,0.044263806634568276
Absolute Error:,0.17197164574272453
Transition Probabilities
5.154107823935692e-05,5.154107823935692e-05,0.23765206562016408,0.7622448522233572
0.702901217750056,0.2969627925851584,6.799483239273808e-05,6.799483239273808e-05
0.12007522160957738,0.09281938078373281,0.6511809873469612,0.13592441025972862
0.1170530235629582,0.09452483849173952,0.6890881509541777,0.09933398699112457

0.12028237275350141,0.09812540317102555,0.25031864479151567,0.5312735792839574
0.0789872781053997,0.11058136374309548,0.33205513206126736,0.4783762260902375
0.0002260817649360563,0.7760050609578167,0.1865005518746998,0.03726830540254749
0.7970883734895484,0.00018538266039411458,0.18380698863038145,0.018919255219676048

Transition Gammas
1.0,1.0,4610.92537716241,14789.074622837532
10337.568209450084,4367.431790549929,1.0,1.0
1201.6140258731741,928.8599956554256,6516.483561631333,1360.219665949816
759.887481426504,613.6384970449006,4473.438135733223,644.8586366856182

685.3112460746952,559.0714647484357,1426.1955301576716,3026.9419391300926
306.5085387159707,429.1087504608969,1288.533239054354,1856.3292916578664
3.1720943885238126,10887.924994864508,2616.7406921369957,522.9018911394684
12602.971777243281,2.9311335036903996,2906.2201472433703,299.13726948015295

Iteration: ,99999
Error:,0.04341766251876751
Absolute Error:,0.1716932046479208
Transition Probabilities
4.636068613815498e-05,4.636068613815498e-05,0.23599285960549707,0.7639144190222267
0.702126925888735,0.2977506675992385,6.120325601321982e-05,6.120325601321982e-05
0.11909533046644485,0.09218803575450117,0.6524534564429202,0.13626317733613386
0.11656287533888512,0.0937020086270626,0.691387126593277,0.09834798944077529

0.12051520580281024,0.0978249736896168,0.2482526478492783,0.5334071726582946
0.07956174668125408,0.11003890134344921,0.33216947310607714,0.4782298788692195
0.00020604257234331188,0.7780184991990419,0.18517328444133685,0.03660217378727794
0.7976130428728193,0.00016796024150901755,0.1839979215482496,0.018221075337421906

Transition Gammas
1.0,1.0,5090.365981690557,16477.63401830938
11472.051842096058,4864.948157903965,1.0,1.0
1322.1269803794057,1023.41786921317,7243.15818954824,1512.7144152732797
837.3390367477214,673.1161136597071,4966.636494838259,706.4909003402206

763.964368124231,620.1275076760058,1573.711599179119,3381.349854553576
343.2171760174707,474.69094818229047,1432.928175589445,2063.0103706778427
3.206814135127418,12108.957349187809,2882.007826057527,569.6704663629346
14050.87702260147,2.9588140755942383,3241.336373809729,320.9853337697926


Model Num 3
Model States: 
"['diamond', 'x', 'square']","['diamond', 'x', 'diamond']","['square', 'y', 'diamond', 'x', 'square']","['square', 'x', 'square', 'y', 'diamond', 'x', 'diamond']","['square', 'x', 'square', 'y', 'diamond', 'x', 'square']"
Iteration: ,0
Error:,0.33050731255592253
Absolute Error:,1
Transition Probabilities
0.2,0.2,0.2,0.2,0.2
0.2,0.2,0.2,0.2,0.2
0.2,0.2,0.2,0.2,0.2
0.2,0.2,0.2,0.2,0.2
0.2,0.2,0.2,0.2,0.2

0.2,0.2,0.2,0.2,0.2
0.2,0.2,0.2,0.2,0.2
0.2,0.2,0.2,0.2,0.2
0.2,0.2,0.2,0.2,0.2
0.2,0.2,0.2,0.2,0.2

Transition Gammas
1.0,1.0,1.0,1.0,1.0
1.0,1.0,1.0,1.0,1.0
1.0,1.0,1.0,1.0,1.0
1.0,1.0,1.0,1.0,1.0
1.0,1.0,1.0,1.0,1.0

1.0,1.0,1.0,1.0,1.0
1.0,1.0,1.0,1.0,1.0
1.0,1.0,1.0,1.0,1.0
1.0,1.0,1.0,1.0,1.0
1.0,1.0,1.0,1.0,1.0

Iteration: ,10000
Error:,0.1536954498014736
Absolute Error:,1
Transition Probabilities
0.0005875440658049352,0.0005875440658049352,0.42303172737955336,0.4258792543336846,0.14991393015515203
0.7164264227209562,0.28155609241018026,0.0006724949562878283,0.0006724949562878283,0.0006724949562878283
0.2,0.2,0.2,0.2,0.2
0.08714521435562744,0.12763803821607675,0.517250199426472,0.15346570497357997,0.11450084302824386
0.09894153888360735,0.12499052784924178,0.486456448600953,0.14115063307575065,0.14846085159044714

0.09743643135883445,0.10545638392860704,0.32294365170795764,0.40865938107079924,0.06550415193380162
0.0956767013217059,0.12819913043209188,0.2215285320141364,0.4832166918132684,0.0713789444187975
0.36127689822572046,0.44384937391902124,0.04711647191858274,0.09226415778720382,0.05549309814947158
0.2,0.2,0.2,0.2,0.2
0.2,0.2,0.2,0.2,0.2

Transition Gammas
1.0,1.0,720.0,724.8464908759314,255.15350912406882
1065.3260905860614,418.6739094139378,1.0,1.0,1.0
1.0,1.0,1.0,1.0,1.0
158.49021462168344,232.134147816808,940.7182680814218,279.10669218246045,208.2416495282645
101.34671149987253,128.0289260616364,498.28173191857957,144.58186773485232,152.0697905544227

70.17847869969994,75.95484040282545,232.5997972886076,294.33645372634373,47.17929081678547
59.77412813278813,80.09255276468649,138.40020271139244,301.8901786259169,44.59407683095372
958.4676109928364,1177.5323890071634,125.0,244.77681060945173,147.2231893905481
1.0,1.0,1.0,1.0,1.0
1.0,1.0,1.0,1.0,1.0

Iteration: ,20000
Error:,0.15497067128675887
Absolute Error:,1
Transition Probabilities
0.00029594554601953236,0.00029594554601953236,0.4326723882805563,0.43453859247591076,0.1321971281514938
0.7243477337058779,0.27464012054513415,0.00033738191632928506,0.00033738191632928506,0.00033738191632928506
0.2,0.2,0.2,0.2,0.2
0.08887318501182306,0.12623497434125713,0.5079802389275037,0.1692091349336509,0.10770246678576527
0.09523505867094768,0.11514342959736407,0.49413624329474015,0.15413622695010187,0.14134904148684632

0.09439823735894962,0.10232146207602767,0.3322318083366801,0.40391410383292864,0.06713438839541395
0.09374530369546456,0.12524128013697794,0.2219450308459009,0.49105357762153057,0.06801480770012598
0.35138406311875175,0.43973036659937415,0.05338809034907595,0.10019392008199199,0.05530355985080618
0.2,0.2,0.2,0.2,0.2
0.2,0.2,0.2,0.2,0.2

Transition Gammas
1.0,1.0,1462.0,1468.3059039761026,446.69409602389754
2146.96668270422,814.0333172957769,1.0,1.0,1.0
1.0,1.0,1.0,1.0,1.0
330.3446073489638,469.2196304984624,1888.1795734811906,628.9560257357554,400.3336787820226
189.4193398129172,229.01642233965745,982.8204265188102,306.5717893976464,281.13850608457494

134.05321331763108,145.3048400733641,471.79632501513976,573.5910440491075,95.3363191973404
112.8616827532933,150.78026385571133,267.2036749848606,591.1883679253808,81.88426882817011
1882.364426127154,2355.6355738728485,286.0,536.7388298792314,296.26117012076884
1.0,1.0,1.0,1.0,1.0
1.0,1.0,1.0,1.0,1.0

Iteration: ,30000
Error:,0.15440360422415075
Absolute Error:,1
Transition Probabilities
0.00019817677368212452,0.00019817677368212452,0.4290527150217996,0.4452452671588879,0.12530566427194817
0.7174294422728349,0.2819087443585351,0.0002206044562100157,0.0002206044562100157,0.0002206044562100157
0.2,0.2,0.2,0.2,0.2
0.0902210504417332,0.12387144715340984,0.5104535949099664,0.1743825164109461,0.10107139108394436
0.09335429406989962,0.10939683237349075,0.5047506294704056,0.1587338819567468,0.1337643621294572

0.09918950595456999,0.10635694027674487,0.3310340211955263,0.3971883630717111,0.06623116950144772
0.09701891013784689,0.12837791379848149,0.22053013116340492,0.4891386756976789,0.0649343692025878
0.3470652489971896,0.4464347510028105,0.05049999999999998,0.10214055234785342,0.05385944765214651
0.2,0.2,0.2,0.2,0.2
0.2,0.2,0.2,0.2,0.2

Transition Gammas
1.0,1.0,2165.0,2246.7076180837475,632.2923819162502
3252.1076618227567,1277.892338177238,1.0,1.0,1.0
1.0,1.0,1.0,1.0,1.0
507.4572321173958,696.7272205663543,2871.0967909276956,980.8317313343074,568.4860474866351
269.27121707535264,315.5443302408967,1455.9032090723047,457.85216428914214,385.83005688991415

212.4377927521581,227.78854898837,708.9876707406733,850.672844327334,141.84971812165128
174.65959546130054,231.11406279817137,397.01232925932624,880.5784676456154,116.89896990539842
2776.5219919775177,3571.478008022485,404.0,817.1244187828277,430.8755812171722
1.0,1.0,1.0,1.0,1.0
1.0,1.0,1.0,1.0,1.0

Iteration: ,40000
Error:,0.15077587624199615
Absolute Error:,1
Transition Probabilities
0.00014880952380952399,0.00014880952380952399,0.42946428571428624,0.4506379785902553,0.11960011664783954
0.7145795774337655,0.2849281350703369,0.00016409583196586822,0.00016409583196586822,0.00016409583196586822
0.2,0.2,0.2,0.2,0.2
0.0898501014852416,0.12200480809121363,0.5143620115376663,0.1758975939180508,0.09788548496782773
0.09220166583970747,0.10684873463013964,0.5114280439524236,0.1608810379074805,0.12864051767024876

0.09879269039847581,0.10235299213294857,0.3415198111670712,0.3917750061639859,0.06555950013751845
0.0948453963500811,0.12615084460680437,0.22702786428301092,0.48767061268555134,0.06430528207455229
0.3457958476816905,0.447850509687417,0.052170672629029226,0.10303058018132337,0.0511523898205398
0.2,0.2,0.2,0.2,0.2
0.2,0.2,0.2,0.2,0.2

Transition Gammas
1.0,1.0,2886.0,3028.287216126512,803.7127838734807
4354.647944881363,1736.3520551186314,1.0,1.0,1.0
1.0,1.0,1.0,1.0,1.0
674.1741915216711,915.441290516083,3859.423501428382,1319.816185068945,734.4662565654587
344.8045943107937,399.57992365145145,1912.5764985716191,601.6433705701932,481.07418779540495

282.68002184617296,292.8672752555128,977.2061808643487,1121.003657806334,187.58838185647605
225.50958176403896,299.94312113427526,539.7938191356508,1159.5122181724878,152.89574216470064
3711.772629015268,4807.227370984737,560.0,1105.9302476663256,549.0697523336745
1.0,1.0,1.0,1.0,1.0
1.0,1.0,1.0,1.0,1.0

Iteration: ,50000
Error:,0.15148464418480023
Absolute Error:,1
Transition Probabilities
0.00011877895236964026,0.00011877895236964026,0.4274854495783353,0.45329606359752167,0.11898092891940379
0.7216016942655676,0.2780002693804453,0.00013267878466233273,0.00013267878466233273,0.00013267878466233273
0.2,0.2,0.2,0.2,0.2
0.0924549033663658,0.12022812537766293,0.5139854692162145,0.17788668307907254,0.09544481896068431
0.092487978809841,0.10290998805396692,0.5169179012866022,0.16249626982920093,0.12518786202038898

0.09791029295329522,0.10009026901412348,0.34235622905533514,0.39495183704166253,0.06469137193558365
0.0944231037211508,0.12466479749403912,0.22679568833294952,0.49123471782630707,0.0628816926255535
0.3444831606356679,0.4488794407483638,0.05089664409554277,0.10547430311905104,0.050266451401374576
0.2,0.2,0.2,0.2,0.2
0.2,0.2,0.2,0.2,0.2

Transition Gammas
1.0,1.0,3599.0,3816.29955942753,1001.7004405724592
5438.711969679574,2095.288030320413,1.0,1.0,1.0
1.0,1.0,1.0,1.0,1.0
874.7689074227939,1137.5473019678625,4863.111538344075,1683.0880108707613,903.0582149932549
430.1085037865325,478.57528682281014,2403.8884616559303,755.6768824068373,582.1768917291463

348.74382143110444,356.50861468368134,1219.4286832381683,1406.7674477988437,230.42231395628826
279.59900192485094,369.14856196036277,671.5713167618317,1454.60942716613,186.20081107873733
4629.509195782745,6032.4908042172665,684.0,1417.4691596169282,675.5308403830736
1.0,1.0,1.0,1.0,1.0
1.0,1.0,1.0,1.0,1.0

Iteration: ,60000
Error:,0.14946160364836716
Absolute Error:,1
Transition Probabilities
9.908838684106242e-05,9.908838684106242e-05,0.4260800634165684,0.4572803295988655,0.11644143021088393
0.7214754029616683,0.27819314195049605,0.00011048502927853298,0.00011048502927853298,0.00011048502927853298
0.2,0.2,0.2,0.2,0.2
0.0924541662637142,0.1195451765594168,0.5155143342583455,0.18064960769374502,0.0918367152247784
0.09187650033067966,0.10079371300014592,0.5213330290373223,0.16466750060541732,0.1213292570264349

0.10020583116352584,0.09801817997167349,0.34039099327099887,0.39649798500945505,0.06488701058434679
0.09623619511716737,0.1228253748454336,0.22451469759291912,0.4932889663327581,0.06313476611172177
0.3434673718101765,0.45216484062312795,0.05006824668072958,0.10495357941780903,0.04934596146815694
0.2,0.2,0.2,0.2,0.2
0.2,0.2,0.2,0.2,0.2

Transition Gammas
1.0,1.0,4300.0,4614.873086311742,1175.1269136882383
6530.073872206047,2517.9261277939345,1.0,1.0,1.0
1.0,1.0,1.0,1.0,1.0
1056.250659821972,1365.754262055096,5889.538327076653,2063.8471475566907,1049.1965367506177
504.991196943795,554.0038811791396,2865.461672923345,905.0806019948631,666.8757136978278

428.9312069949552,419.56696286555035,1457.044145022627,1697.2102052986863,277.7489437996794
343.3224851924856,438.1793449470082,800.9558549773758,1759.807665226195,225.233185675438
5536.00709883643,7287.992901163582,807.0,1691.6417930562473,795.3582069437541
1.0,1.0,1.0,1.0,1.0
1.0,1.0,1.0,1.0,1.0

Iteration: ,70000
Error:,0.1481180579324698
Absolute Error:,1
Transition Probabilities
8.484642796538284e-05,8.484642796538284e-05,0.4230442898353988,0.46239311288207496,0.11439290442659533
0.721364524685265,0.2783507642964187,9.490367277213647e-05,9.490367277213647e-05,9.490367277213647e-05
0.2,0.2,0.2,0.2,0.2
0.09330117807687387,0.11894242872410055,0.5167271975634662,0.1824474552052243,0.08858174043033502
0.09203239491868115,0.09911331182924493,0.5230040564647889,0.1672672319997589,0.11858300478752616

0.10028466332144985,0.09657157694887247,0.3393412131889719,0.3976045620193426,0.0661979845213632
0.09715248427785587,0.12213016567404364,0.22289856217089965,0.49444374831711524,0.06337503956008561
0.34314216979382545,0.452772941104531,0.05026328386787931,0.10537790359985919,0.048443701633904955
0.2,0.2,0.2,0.2,0.2
0.2,0.2,0.2,0.2,0.2

Transition Gammas
1.0,1.0,4986.0,5449.765228428124,1348.2347715718497
7601.017996608622,2932.9820033913575,1.0,1.0,1.0
1.0,1.0,1.0,1.0,1.0
1252.573689162287,1596.8089558538707,6937.092387078754,2449.367593798082,1189.2149669516639
583.8482129566886,628.7691420271575,3317.9076129212376,1061.1336864107604,752.2837528394914

498.97962891351796,480.5046757257735,1688.437165006461,1978.334176331611,329.37684245311254
404.28719174213876,508.22850361856916,927.5628349935423,2057.5621505455038,263.72683066977385
6451.41593429372,8512.584065706296,945.0,1981.2099655809548,910.7900344190481
1.0,1.0,1.0,1.0,1.0
1.0,1.0,1.0,1.0,1.0

Iteration: ,80000
Error:,0.14990870222948424
Absolute Error:,1
Transition Probabilities
7.42170105388157e-05,7.42170105388157e-05,0.4205877987234686,0.4662676885182917,0.11299607873716208
0.7224242346588231,0.27732611900681714,8.321544478655251e-05,8.321544478655251e-05,8.321544478655251e-05
0.2,0.2,0.2,0.2,0.2
0.09384208645225173,0.11952612691771627,0.5140445319481397,0.1853824874270019,0.08720476725489032
0.09105965534530557,0.09748272523834649,0.5256834657096175,0.1690245432073481,0.11674961049938219

0.10231138402102136,0.09777071528602646,0.3388005778723531,0.3941932736025648,0.06692404921803422
0.09946518833185174,0.12363853622166374,0.22202153411704637,0.49039278172373496,0.06448195960570313
0.34220960203096895,0.4520588043064032,0.05065237651444543,0.10692078992442469,0.04815842722375784
0.2,0.2,0.2,0.2,0.2
0.2,0.2,0.2,0.2,0.2

Transition Gammas
1.0,1.0,5667.0,6282.490835095446,1522.5091649045178
8681.372027895064,3332.627972104917,1.0,1.0,1.0
1.0,1.0,1.0,1.0,1.0
1446.130308280311,1841.9278737479638,7921.556367293817,2856.7910606824366,1343.8475392167854
659.7041512958937,706.2376666758331,3808.4436327061694,1224.5400271057385,845.8213729950355

580.5526707949261,554.7872353400145,1922.4799100581595,2236.798573190482,379.75183197558886
472.4228204390818,587.2372734259775,1054.5200899418453,2329.184159305566,306.26543552836296
7343.818059584601,9701.181940415423,1087.0,2294.520151778156,1033.4798482218443
1.0,1.0,1.0,1.0,1.0
1.0,1.0,1.0,1.0,1.0

Iteration: ,90000
Error:,0.15023472591096368
Absolute Error:,1
Transition Probabilities
6.593696426216548e-05,6.593696426216548e-05,0.4190294078860616,0.4690333520360365,0.11180536614937762
0.7219900528866159,0.27778784005778334,7.403568520026647e-05,7.403568520026647e-05,7.403568520026647e-05
0.2,0.2,0.2,0.2,0.2
0.09497833545819272,0.11986329649453266,0.5117678468448476,0.1874872523081278,0.08590326889429932
0.090796461382477,0.0965261806459063,0.5260496759805122,0.1715487037399992,0.11507897825110527

0.10288221714496779,0.09743136724289134,0.3413243772712696,0.3929277852230161,0.06543425311785522
0.10076185773646314,0.12313138798063997,0.22267692829184332,0.4906693371740317,0.06276048881702184
0.3415655049831528,0.45066597534682296,0.050532686647597684,0.10821871784072672,0.049017115181699975
0.2,0.2,0.2,0.2,0.2
0.2,0.2,0.2,0.2,0.2

Transition Gammas
1.0,1.0,6355.0,7113.359816978519,1695.6401830214584
9751.919644339529,3752.0803556604824,1.0,1.0,1.0
1.0,1.0,1.0,1.0,1.0
1653.7508802627585,2087.0447048030555,8910.837646574477,3264.5045530313837,1495.7369579711012
739.2761615009235,785.9282534332573,4283.162353425499,1396.7710335883348,936.987455409184

654.7954218917635,620.103405522505,2172.364144353164,2500.794812144905,416.4572903411049
535.5981358883892,654.5030366973428,1183.6358556468408,2608.1454652746215,333.6024322393651
8239.584676708602,10871.41532329142,1219.0,2610.560130471853,1182.4398695281495
1.0,1.0,1.0,1.0,1.0
1.0,1.0,1.0,1.0,1.0

Iteration: ,99999
Error:,0.1506150366214048
Absolute Error:,1
Transition Probabilities
5.935774915415215e-05,5.935774915415215e-05,0.4181753427910019,0.4709539306963472,0.11075201101434264
0.7209375213366723,0.27886282473014523,6.655131106082786e-05,6.655131106082786e-05,6.655131106082786e-05
0.2,0.2,0.2,0.2,0.2
0.09589475294531279,0.12046841887004088,0.5108254372834317,0.18882547934006416,0.08398591156115055
0.09081756578281949,0.09603158512525245,0.5282792599685568,0.1720184215143441,0.11285316760902711

0.10366910713950767,0.09694984322518396,0.34253703962903,0.39073793960178843,0.06610607040448999
