0,1,2,3,4,5,6,7,8,9,10,11,12,13,14,15,16,17,18,19,20,21,22,23,24,25,26,27,28,29
github Code Version (SHA):,0223d720dafbf5413b6775610c21cd8ff219e6c5
Environment Observations,Environment Actions,alpha,epsilon,numActions,explore,patience,gainThresh,insertRandActions,useBudd,revisedSplitting,haveControl,confidence_factor
"['diamond', 'square']","['x', 'y']",0.7,0.99,100000,0.5,0,0.0001,False,False,False,False,

Model Num 0
Model States: 
['diamond'],['square']
Iteration: ,0
Error:,0.35497458735276965
Absolute Error:,1
Transition Probabilities
0.5,0.5
0.5,0.5

0.5,0.5
0.5,0.5

Transition Gammas
1.0,1.0
1.0,1.0

1.0,1.0
1.0,1.0

Iteration: ,10000
Error:,0.04490129404273092
Absolute Error:,1
Transition Probabilities
0.4908929364726788,0.5091070635273212
0.2143859649122807,0.7856140350877193

0.21940928270042195,0.7805907172995781
0.7936507936507936,0.20634920634920634

Transition Gammas
1105.0,1146.0
611.0,2239.0

468.0,1665.0
2200.0,572.0

Iteration: ,20000
Error:,0.04146504644409568
Absolute Error:,1
Transition Probabilities
0.49108553373956215,0.5089144662604378
0.21408300815892162,0.7859169918410784

0.2120932379413801,0.7879067620586199
0.7962169878658102,0.20378301213418987

Transition Gammas
2176.0,2255.0
1207.0,4431.0

919.0,3414.0
4462.0,1142.0

Iteration: ,30000
Error:,0.04260289064974549
Absolute Error:,1
Transition Probabilities
0.4853008377760853,0.5146991622239147
0.21219281663516068,0.7878071833648393

0.21603802514566084,0.7839619748543392
0.7919574216439976,0.20804257835600237

Transition Gammas
3186.0,3379.0
1796.0,6668.0

1409.0,5113.0
6696.0,1759.0

Iteration: ,40000
Error:,0.042349831445921936
Absolute Error:,1
Transition Probabilities
0.4818765771966047,0.5181234228033953
0.20779105799026118,0.7922089420097388

0.21544668587896254,0.7845533141210375
0.7929846262590564,0.20701537374094364

Transition Gammas
4201.0,4517.0
2347.0,8948.0

1869.0,6806.0
8975.0,2343.0

Iteration: ,50000
Error:,0.04008604409151584
Absolute Error:,1
Transition Probabilities
0.4818967101635729,0.5181032898364272
0.20558054540342985,0.7944194545965702

0.21081533879374534,0.7891846612062546
0.7908422837761447,0.2091577162238553

Transition Gammas
5244.0,5638.0
2925.0,11303.0

2265.0,8479.0
11192.0,2960.0

Iteration: ,60000
Error:,0.040836315516152376
Absolute Error:,1
Transition Probabilities
0.48229174634743366,0.5177082536525663
0.2073399882560188,0.7926600117439813

0.21091753774680605,0.789082462253194
0.7903814457263951,0.2096185542736049

Transition Gammas
6305.0,6768.0
3531.0,13499.0

2724.0,10191.0
13427.0,3561.0

Iteration: ,70000
Error:,0.04259539415002283
Absolute Error:,1
Transition Probabilities
0.48000787866850503,0.519992121331495
0.20825374484769277,0.7917462551523072

0.2136604774535809,0.7863395225464191
0.7895560830261098,0.2104439169738902

Transition Gammas
7311.0,7920.0
4143.0,15751.0

3222.0,11858.0
15634.0,4167.0

Iteration: ,80000
Error:,0.04234892188319461
Absolute Error:,1
Transition Probabilities
0.47895734052936784,0.5210426594706321
0.2076136764187522,0.7923863235812478

0.2135595189682217,0.7864404810317783
0.7891975308641975,0.21080246913580247

Transition Gammas
8342.0,9075.0
4712.0,17984.0

3676.0,13537.0
17899.0,4781.0

Iteration: ,90000
Error:,0.042440701974046056
Absolute Error:,1
Transition Probabilities
0.47952410130718953,0.5204758986928104
0.20882260842335995,0.79117739157664

0.212282149118284,0.787717850881716
0.7901883830455259,0.2098116169544741

Transition Gammas
9391.0,10193.0
5335.0,20213.0

4117.0,15277.0
20134.0,5346.0

Iteration: ,99999
Error:,0.041967230981098454
Absolute Error:,1
Transition Probabilities
0.4783049753308434,0.5216950246691566
0.20811610539664646,0.7918838946033535

0.21192605291201408,0.788073947087986
0.7907009560094542,0.20929904399054575

Transition Gammas
10373.0,11314.0
5908.0,22480.0

4574.0,17009.0
22414.0,5933.0


Model Num 1
Model States: 
['square'],"['diamond', 'x', 'square']","['diamond', 'x', 'diamond']"
Iteration: ,0
Error:,0.43231452937175036
Absolute Error:,1
Transition Probabilities
0.3333333333333333,0.3333333333333333,0.3333333333333333
0.3333333333333333,0.3333333333333333,0.3333333333333333
0.3333333333333333,0.3333333333333333,0.3333333333333333

0.3333333333333333,0.3333333333333333,0.3333333333333333
0.3333333333333333,0.3333333333333333,0.3333333333333333
0.3333333333333333,0.3333333333333333,0.3333333333333333

Transition Gammas
1.0,1.0,1.0
1.0,1.0,1.0
1.0,1.0,1.0

1.0,1.0,1.0
1.0,1.0,1.0
1.0,1.0,1.0

Iteration: ,10000
Error:,0.036125296660137085
Absolute Error:,1
Transition Probabilities
0.7899821109123435,0.11725089620153523,0.09276699288612131
0.9989517819706499,0.0005241090146750524,0.0005241090146750524
0.0006816632583503747,0.7080726340994308,0.29124570264221883

0.20285087719298248,0.4138733931993311,0.3832757296076864
0.7872939112221345,0.10799777385643017,0.10470831492143537
0.7610172885001972,0.1268588213522812,0.11212389014752164

Transition Gammas
2208.0,327.71625488329096,259.28374511670904
1906.0,1.0,1.0
1.0,1038.7425542238652,427.25744577613517

555.0,1132.3576037933697,1048.6423962066299
510.3035453959649,70.00136303385972,67.86922085285832
350.696454604035,58.459826807837544,51.66958930544446

Iteration: ,20000
Error:,0.036675225703481265
Absolute Error:,1
Transition Probabilities
0.7914572864321608,0.11502321503078909,0.09351949853705012
0.9994662396583934,0.0002668801708033093,0.0002668801708033093
0.0003355704697986579,0.7150994099823796,0.28456501954782176

0.20986301369863014,0.3978130484678928,0.3923239378334771
0.7898540203230622,0.10693402499487012,0.10321195468206772
0.759468594689645,0.13077087922293051,0.10976052608742445

Transition Gammas
4410.0,640.9093541515568,521.0906458484433
3745.0,1.0,1.0
1.0,2130.99624174749,848.0037582525083

1149.0,2178.026440361713,2147.973559638287
1040.5827890657579,140.87882458289798,135.97523201067733
701.4172109342417,120.77516571103203,101.37077769539273

Iteration: ,30000
Error:,0.03546396955880528
Absolute Error:,1
Transition Probabilities
0.7899987979324438,0.11476871462222799,0.09523248744532822
0.9996449494052903,0.00017752529735487306,0.00017752529735487306
0.00022075055187637988,0.7139388609228743,0.2858403885252494

0.2093533065400073,0.39340031780021,0.39724637565978266
0.7961383869350386,0.10149889850736088,0.10236271455760054
0.7679753681167206,0.12406811854635454,0.10795651333692485

Transition Gammas
6572.0,954.7609369423146,792.2390630576855
5631.0,1.0,1.0
1.0,3234.143039980618,1294.8569600193787

1719.0,3230.2100094575244,3261.7899905424756
1548.7366716123045,197.44691227836955,199.1273030452107
1057.2633283876958,170.80322808111438,148.62255659530544

Iteration: ,40000
Error:,0.031067621820452467
Absolute Error:,1
Transition Probabilities
0.7920639244529192,0.11206090605009902,0.09587516949698183
0.9997326203208556,0.00013368983957219252,0.00013368983957219252
0.00016315875346712357,0.7066155777450011,0.2932212635015319

0.20581246572838607,0.3924297985422706,0.4017577357293433
0.7980727531104197,0.10110487505221848,0.10082237183736166
0.7704311491443179,0.12239141062029121,0.1071774402353909

Transition Gammas
8723.0,1234.1267583297408,1055.873241670261
7478.0,1.0,1.0
1.0,4330.84687599911,1797.1531240008883

2252.0,4293.966855649524,4396.033144350474
2073.337233151441,262.663398896774,261.9294752894778
1427.6627668485587,226.79983814093134,198.60728767281662

Iteration: ,50000
Error:,0.033139136781807306
Absolute Error:,1
Transition Probabilities
0.7939213695052951,0.11064946259128759,0.0954291679034173
0.9997851772287862,0.00010741138560687433,0.00010741138560687433
0.00013168290755859877,0.7087446704176718,0.29112364667476964

0.20819062887123807,0.3908603642797957,0.40094900684896606
0.7964790285013873,0.10287892814467454,0.10064204335393825
0.7692470369733366,0.12388028338134775,0.10687267964531558

Transition Gammas
10945.0,1525.4134912834909,1315.586508716511
9308.0,1.0,1.0
1.0,5382.207027151804,2210.7929728482027

2857.0,5363.776779011637,5502.223220988361
2593.6496773968784,335.01434343529235,327.73016480879
1804.350322603122,290.5743129837349,250.68117877218327

Iteration: ,60000
Error:,0.032266354149882326
Absolute Error:,1
Transition Probabilities
0.7948438634713143,0.11035433335892497,0.09480180316976064
0.9998208045874025,8.959770629871875e-05,8.959770629871875e-05
0.00010968520346605236,0.7083815728807189,0.291508741915815

0.2070222330215041,0.3907368518346862,0.4022409151438098
0.7939104013561156,0.10302149054583487,0.10306810809804953
0.767206321971352,0.1242406044858026,0.10855307354284546

Transition Gammas
13134.0,1823.4950044228767,1566.504995577125
11159.0,1.0,1.0
1.0,6458.314799953519,2657.685200046487

3408.0,6432.310054902603,6621.689945097395
3109.4569202532407,403.4975309120031,403.68011482838904
2174.5430797467634,352.1432748546159,307.6790794049928

Iteration: ,70000
Error:,0.03319187797317045
Absolute Error:,1
Transition Probabilities
0.793788690631015,0.11016083960365998,0.09605046976532522
0.9998464019660548,7.679901697258276e-05,7.679901697258276e-05
9.366804046459344e-05,0.7047819625774677,0.29512436938206765

0.20978475616096495,0.390238275019331,0.3999769688197039
0.7927452710463582,0.10252846662031494,0.10472626233332695
0.7656205501571045,0.12309865580606356,0.11128079403683198

Transition Gammas
15259.0,2117.621819701156,1846.3781802988467
13019.0,1.0,1.0
1.0,7524.25223247705,3150.7477675229557

4035.0,7505.842981721813,7693.157018278185
3608.1417593027577,466.6533569374065,476.65651782674024
2533.8582406972464,407.40095517151883,368.28917006433517

Iteration: ,80000
Error:,0.03368335874875319
Absolute Error:,1
Transition Probabilities
0.7908413592585861,0.11184579990401523,0.09731284083739876
0.9998652563497945,6.737182510274203e-05,6.737182510274203e-05
8.17795224075892e-05,0.7043873005620757,0.2955309199155167

0.211004151649254,0.38730798946504985,0.4016878588856962
0.7939974026311107,0.10246692132877575,0.10353567604011368
0.7673504518995572,0.12236803507899732,0.11028151302144552

Transition Gammas
17408.0,2461.9497474871837,2142.0502525128218
14841.0,1.0,1.0
1.0,8613.247911273054,3613.752088726936

4625.0,8489.40382108443,8804.596178915577
4137.911304541733,534.0055656390082,539.5753725265026
2917.0886954582747,465.18303459748137,419.2360272370081

Iteration: ,90000
Error:,0.03393426828983143
Absolute Error:,1
Transition Probabilities
0.7912835675807037,0.11134291567043292,0.09737351674886328
0.9998799303596085,6.003482019571351e-05,6.003482019571351e-05
7.259001161440191e-05,0.7033838035044582,0.2965436064839274

0.2107670512042096,0.386671776040733,0.4025611727550574
0.7956460571371251,0.10103902046657806,0.10331492239629696
0.7698674600771573,0.12024534931427944,0.10988719060856317

Transition Gammas
19536.0,2748.9452449873193,2404.054755012686
16655.0,1.0,1.0
1.0,9689.815277077409,4085.184722922581

5207.0,9552.726227086312,9945.273772913695
4678.774315333699,594.1571249740102,607.5405024161132
3316.2256846663086,517.9602159282343,473.34215668164194

Iteration: ,99999
Error:,0.034349505386472017
Absolute Error:,1
Transition Probabilities
0.7910388003203026,0.11076057557891839,0.09820062410077893
0.9998920902125823,5.395489370885939e-05,5.395489370885939e-05
6.54921736852447e-05,0.706686319423475,0.2932481884028398

0.21047257876312714,0.3867128066047249,0.40281461463214796
0.7941352648672666,0.10178114908719685,0.10408358604553661
0.7682289814719658,0.12129368304808523,0.11047733547994883

Transition Gammas
21733.0,3043.0360534552046,2697.963946544801
18532.0,1.0,1.0
1.0,10790.393411277028,4477.606588722955

5772.0,10605.212008327979,11046.787991672029
5181.335124707872,664.0710545536168,679.093303296928
3678.664875292132,580.814864038152,529.0207781113028


Model Num 2
Model States: 
"['diamond', 'x', 'square']","['diamond', 'x', 'diamond']","['square', 'y', 'diamond', 'x', 'diamond']","['square', 'y', 'diamond', 'x', 'square']"
Iteration: ,0
Error:,0.35550172218185294
Absolute Error:,0.4499999999999999
Transition Probabilities
0.25,0.25,0.25,0.25
0.25,0.25,0.25,0.25
0.25,0.25,0.25,0.25
0.25,0.25,0.25,0.25

0.25,0.25,0.25,0.25
0.25,0.25,0.25,0.25
0.25,0.25,0.25,0.25
0.25,0.25,0.25,0.25

Transition Gammas
1.0,1.0,1.0,1.0
1.0,1.0,1.0,1.0
1.0,1.0,1.0,1.0
1.0,1.0,1.0,1.0

1.0,1.0,1.0,1.0
1.0,1.0,1.0,1.0
1.0,1.0,1.0,1.0
1.0,1.0,1.0,1.0

Iteration: ,10000
Error:,0.04482574679622665
Absolute Error:,0.17526662079503194
Transition Probabilities
0.00045024763619990957,0.00045024763619990957,0.19994707844486462,0.7991524262827355
0.7148470891324065,0.2838989923722957,0.0006269592476489029,0.0006269592476489029
0.12207659115236742,0.11071169424014808,0.5970787872018761,0.17013292740560823
0.07985802454486339,0.12661121058164976,0.6788141693679561,0.11471659550553072

0.12733322215205498,0.08863322730689006,0.26367035502581143,0.5203631955152435
0.09842193282572737,0.10827810243523966,0.3509161516971654,0.44238381304186764
0.0014708695607374039,0.8158200688387298,0.13709262377024645,0.04561643783028651
0.7655681313027466,0.0008428945789363408,0.19989204467595242,0.03369692944236454

Transition Gammas
1.0,1.0,444.0824612260447,1774.9175387739572
1140.1811071661882,452.8188928338116,1.0,1.0
123.41027083357265,111.92121308144338,603.601838337666,171.9916197744148
64.85070991187143,102.81780617311264,551.2480559423109,93.15848594560791

80.04709579958956,55.71862800101871,165.75443400826794,327.12250470068716
40.58500617067952,44.649270028712166,144.7028499962332,182.42021129481154
2.111946987992964,1171.3946519257472,196.84434403719035,65.49832904988745
1463.881659603521,1.6117414827396888,382.2237187483676,64.43360816455446

Iteration: ,20000
Error:,0.04726225377884598
Absolute Error:,0.1743314163934615
Transition Probabilities
0.00022763487366264475,0.00022763487366264475,0.20644299568565072,0.793101734567024
0.7181225537395387,0.28125419914297917,0.00031162355874104087,0.00031162355874104087
0.11777732672992099,0.10810287001168718,0.60703129790239,0.1670885053560018
0.07397517282394128,0.11613815276979712,0.6991744078594108,0.1107122665468508

0.1208937944214327,0.10473473573171825,0.24999943548773568,0.5243720343591133
0.0956704061278774,0.1344015098252094,0.3396773754091974,0.4302507086377158
0.0007903530628306588,0.822097055947449,0.1385060837134974,0.03860650727622304
0.7706351200052051,0.0004552936271360325,0.20439228282827826,0.024517303539380732

Transition Gammas
1.0,1.0,906.9040800470651,3484.0959199529425
2304.4552749501795,902.5447250498199,1.0,1.0
244.88671083008387,224.77124420696168,1262.1605706429061,347.41622713152566
115.30992855272412,181.0321164102306,1089.8487686948597,172.57443353070292

154.09517141940785,133.49830843992663,318.6574302726008,668.3816891414069
82.50303945896133,115.90348068170414,292.9266953172826,371.0341852687094
2.280829702555086,2372.4376759830225,399.7059093905388,111.41206714901442
2901.5672393596606,1.7142549547679864,769.5703666197574,92.31165684068915

Iteration: ,30000
Error:,0.04827773483120333
Absolute Error:,0.17256815791467026
Transition Probabilities
0.00015297537096527468,0.00015297537096527468,0.20595361138728596,0.7937404378707835
0.7194413493482027,0.28014111411735054,0.00020876826722338208,0.00020876826722338208
0.11625269725533471,0.10893117078609854,0.6117377506605427,0.163078381298024
0.07628700989672614,0.12262899282503935,0.6990297715695981,0.10205422570863633

0.12091914571223619,0.10113400155909412,0.2402902991283238,0.5376565536003459
0.09436322126711043,0.12919606535754083,0.34226560881991414,0.4341751045554348
0.0005482587685149968,0.8202107330392863,0.14272061417118698,0.03652039402101181
0.769807603216982,0.0003163377708162226,0.20986971598052162,0.020006343031680175

Transition Gammas
1.0,1.0,1346.3187576386877,5188.681242361309
3446.1240633778903,1341.8759366221088,1.0,1.0
368.8264388089848,345.5979667128659,1940.8156661138712,517.3868653453873
175.87001767416777,282.7055768039822,1611.524405624798,235.27306291593987

233.54963690647693,195.33556248599382,464.1093995745111,1038.4583196823046
124.98852931620257,171.12627129132656,453.34691320914186,575.0853675340414
2.383975073705873,3566.4946099228587,620.5872230911635,158.800395046719
4325.3439972793285,1.7774177241102214,1179.2020661183326,112.41031574378715

Iteration: ,40000
Error:,0.05105977978709043
Absolute Error:,0.17225479541130503
Transition Probabilities
0.00011460004584001828,0.00011460004584001828,0.2040878851822541,0.7956829147260659
0.7202247511829074,0.27946265113031554,0.00015629884338855883,0.00015629884338855883
0.11647738760604898,0.1075699789303722,0.6164370263381849,0.15951560712539387
0.08078477696719029,0.12364336749209336,0.7003543724370018,0.0952174831037146

0.11994732616568088,0.10555707842719422,0.2376649187870807,0.5368306766200442
0.09531767745308922,0.13088820016409203,0.34349773832085445,0.43029638406196435
0.00042081900936859646,0.8185385213404217,0.14624036200796775,0.034800297642241865
0.7694018821839114,0.00024419723050572993,0.21248477433967397,0.017869146245908886

Transition Gammas
1.0,1.0,1780.87088610035,6943.129113899654
4607.997958068244,1788.00204193176,1.0,1.0
496.5046339519746,458.53529264999077,2627.6674503694785,679.962349372846
246.1778965026426,376.782176895393,2134.211081414414,290.1591188432495

306.5626918418193,269.7839388341234,607.4266062346055,1372.037731467107
168.82562482462794,231.82774449942957,608.3994265009792,762.1362357973064
2.45003949901455,4765.5920101090705,851.4222392360524,202.60991519580853
5728.1399201312215,1.8180302606941126,1581.93337773019,133.03446783794985

Iteration: ,50000
Error:,0.047680467090765975
Absolute Error:,0.17131526496212712
Transition Probabilities
9.179364787956661e-05,9.179364787956661e-05,0.20587892780968534,0.7939374848945555
0.7179521754221345,0.2817990064639067,0.00012440905697934796,0.00012440905697934796
0.11776656467204417,0.10576446956712843,0.6233075789334902,0.15316138682733718
0.08047479990024449,0.12143057622677611,0.7058843812261151,0.09221024264686437

0.11932725680021296,0.10325203767737372,0.23530945640175774,0.5421112491206556
0.09455320348595998,0.1267016279026967,0.3451725710216156,0.43357259758972777
0.0003422080595841083,0.8192712174215339,0.14659956956870718,0.03378700495017488
0.7693008362846988,0.00020020145569764282,0.2136125469406252,0.01688641531897841

Transition Gammas
1.0,1.0,2242.845039558715,8649.1549604413
5770.899586043124,2265.1004139568845,1.0,1.0
632.6856384169404,568.2059346492288,3348.639357918425,822.8397429740171
303.36016571127345,457.74826122255826,2660.922464264536,347.5984348430113

378.9836104759046,327.92868182230256,747.3433124803172,1721.7464306192107
208.5841744366511,279.5035332651419,761.4499891102132,956.4602677902545
2.5050048178749424,5997.165435791849,1073.126765378667,247.32500539178713
7117.477319989061,1.8522394012183774,1976.31717841048,156.2310508190659

Iteration: ,60000
Error:,0.04638388131408062
Absolute Error:,0.1703929501286785
Transition Probabilities
7.655795437145901e-05,7.655795437145901e-05,0.2053933895994002,0.7944534944918569
0.7152369932953967,0.2845555163010344,0.00010374520178441743,0.00010374520178441743
0.11736614798842215,0.1033960897417639,0.6274738834271454,0.15176387884266862
0.08191449501085214,0.12015108373024834,0.7072202761242162,0.09071414513468319

0.11941813409591172,0.10027153380404191,0.2319018030343434,0.5484085290657029
0.094293361969727,0.12401988174587028,0.34532103030698647,0.43636572597741613
0.00029025395635252276,0.8192768070798385,0.1482402666089642,0.032192672354844874
0.7683428927164502,0.0001692671410540366,0.21576968585158396,0.015718154290911786

Transition Gammas
1.0,1.0,2682.848454947372,10377.151545052659
6894.169378374331,2742.8306216256715,1.0,1.0
767.2660403595869,675.9385881238395,4102.029505251306,992.136765029668
367.60187162371795,539.193499892857,3173.7422921189054,407.0914376001136

452.07542319818697,379.59306953151804,877.8993788579259,2076.0835005490217
248.49588208354163,326.83562518675336,910.0413033918729,1149.9758172011755
2.548132503891946,7192.41139049095,1301.3977362401126,282.61869655583394
8530.1612691353,1.8792078698764692,2395.4802403357567,174.50332686829307

Iteration: ,70000
Error:,0.0472681587769749
Absolute Error:,0.1704554031663624
Transition Probabilities
6.591523301034852e-05,6.591523301034852e-05,0.20641577932826163,0.7934523902057177
0.7131917587317934,0.286631312747329,8.846426043878275e-05,8.846426043878275e-05
0.11592026450349176,0.10156526442668738,0.6289789223228739,0.153535548746947
0.08175441688816704,0.12052349431750997,0.70705599802056,0.09066609077376316

0.12087182734267102,0.10135013757843764,0.2338285971545764,0.5439494379243149
0.09395702033487095,0.1251159284693524,0.349435438517944,0.43149161267783265
0.0002510563299543512,0.818213661450246,0.14954522217820324,0.03199006004159636
0.7661904598797187,0.00014773421397606875,0.21874396757156347,0.014917838334741801

Transition Gammas
1.0,1.0,3131.533788189065,12037.466211810974
8061.919640704192,3240.0803592958064,1.0,1.0
885.6624176051253,775.9863042249548,4805.5704095668525,1173.0534421568252
423.71085863942363,624.6404195304975,3664.4785129744805,469.89763530184746

534.0828564994731,447.82454418472616,1033.1923314564913,2403.488687022949
291.68126202845025,388.41133728735053,1084.7914220897353,1339.5275594308184
2.589185788638765,8438.373908685227,1542.2848095207714,329.9188228094568
9879.1320452024,1.9048603237540807,2820.448247385114,192.34812028465143

Iteration: ,80000
Error:,0.04737356118898244
Absolute Error:,0.1701219685028133
Transition Probabilities
5.774672287347682e-05,5.774672287347682e-05,0.20780404142527362,0.7920804651289794
0.7135432965555099,0.2863018567427249,7.742335088262623e-05,7.742335088262623e-05
0.11607648009166276,0.10121394423068672,0.6303318971734312,0.15237767850421924
0.08177245316201247,0.12157053207624399,0.7075413120044861,0.08911570275725739

0.12098383996957797,0.10070378714426274,0.23168320996794656,0.5466291629182127
0.09479083296346953,0.12350762060785876,0.34975582246932185,0.4319457239593498
0.00022179115471420674,0.8164902692069692,0.1515359596096892,0.03175198002862734
0.7665559570460498,0.00013100078555362097,0.21905977375101568,0.014253268417380994

Transition Gammas
1.0,1.0,3598.54258536147,13716.457414638564
9216.125218310963,3697.8747816890336,1.0,1.0
1015.684923521884,885.6357215872972,5515.4894795951395,1333.3253266793056
482.037535198141,716.6418196926816,4170.860196816769,525.3249969087918

611.8678757992923,509.30283201788063,1171.722715836223,2764.5413209633207
337.3193647126423,439.5099274701856,1244.6289177073297,1537.1070454931173
2.62348476312054,9657.95855682726,1792.4622900906165,375.58231711877966
11272.491542948774,1.9264154608665147,3221.355759238139,209.59963355245844

Iteration: ,90000
Error:,0.04610193505466616
Absolute Error:,0.1699281157290744
Transition Probabilities
5.1198033995494455e-05,5.1198033995494455e-05,0.2081765643770044,0.7917210395550046
0.715959179292828,0.28390310811335534,6.885629690835228e-05,6.885629690835228e-05
0.11503227269961869,0.10136804037118398,0.6331288366010676,0.1504708503281298
0.08093855523619363,0.12163724134553108,0.7103908394326327,0.08703336398564272

0.12142520628549378,0.1004564011515254,0.2310917279611086,0.5470266646018723
0.09624689537436501,0.12227017690384351,0.3498729875765043,0.43160994014528725
0.00019920578923650803,0.8165580130728706,0.15141773546247472,0.03182504567541828
0.7681099594527739,0.00011771413339243077,0.21782662988192905,0.013945696531904497

Transition Gammas
1.0,1.0,4066.104655411659,15463.895344588385
10397.875160869738,4123.124839130259,1.0,1.0
1136.0103768302347,1001.0681614655509,6252.514284642583,1485.9868745668205
535.3616230088763,804.5598386953412,4698.823591049532,575.6752497410554

687.8123478928256,569.0346778117748,1309.0176978066963,3098.6292389337655
382.82260744745435,486.3303668479467,1391.6219204629263,1716.7311427966013
2.6530288933199606,10874.94500063074,2016.5861076762435,423.8469475797661
12691.45698350902,1.9449869669251854,3599.1426344462293,230.4243102977483

Iteration: ,99999
Error:,0.04617458705746588
Absolute Error:,0.16974948992840597
Transition Probabilities
4.612546125461259e-05,4.612546125461259e-05,0.20708014238400616,0.7928276066934846
0.7165669240281418,0.28330858947864274,6.224324660774309e-05,6.224324660774309e-05
0.1151719980797606,0.10193906608646625,0.6338482697415927,0.14904066609218036
0.08147450684139067,0.1229588536541257,0.7102134217550331,0.08535321774945055

0.12137620736325905,0.0985331051488199,0.22998196674263352,0.5501087207452875
0.09580728429722184,0.12020036358535353,0.35103702263828435,0.43295532947914017
0.00018118975594304482,0.8153019943968807,0.15282409281223014,0.03169272303494621
0.7676718091952088,0.00010681101420108577,0.21857688760070043,0.013644492189889623

Transition Gammas
1.0,1.0,4489.497486885249,17188.50251311473
11512.364201436121,4551.635798563872,1.0,1.0
1273.859812739517,1127.4969767027687,7010.678391106112,1648.464194111448
598.0636684185063,902.5795421392144,5213.322066517769,626.5353482646334

763.2234508144427,619.584168634262,1446.1452874127117,3459.1283192246838
424.99333109175194,533.1990494595454,1557.1717190600014,1920.5546743025925
2.679726481172227,12058.001475671823,2260.209283568912,468.72312805531135
14099.357065489896,1.96173235712147,4014.467572772451,250.60001560331182


Model Num 3
Model States: 
"['diamond', 'x', 'square']","['diamond', 'x', 'diamond']","['square', 'y', 'diamond', 'x', 'square']","['square', 'x', 'square', 'y', 'diamond', 'x', 'diamond']","['square', 'x', 'square', 'y', 'diamond', 'x', 'square']"
Iteration: ,0
Error:,0.3346840834240568
Absolute Error:,1
Transition Probabilities
0.2,0.2,0.2,0.2,0.2
0.2,0.2,0.2,0.2,0.2
0.2,0.2,0.2,0.2,0.2
0.2,0.2,0.2,0.2,0.2
0.2,0.2,0.2,0.2,0.2

0.2,0.2,0.2,0.2,0.2
0.2,0.2,0.2,0.2,0.2
0.2,0.2,0.2,0.2,0.2
0.2,0.2,0.2,0.2,0.2
0.2,0.2,0.2,0.2,0.2

Transition Gammas
1.0,1.0,1.0,1.0,1.0
1.0,1.0,1.0,1.0,1.0
1.0,1.0,1.0,1.0,1.0
1.0,1.0,1.0,1.0,1.0
1.0,1.0,1.0,1.0,1.0

1.0,1.0,1.0,1.0,1.0
1.0,1.0,1.0,1.0,1.0
1.0,1.0,1.0,1.0,1.0
1.0,1.0,1.0,1.0,1.0
1.0,1.0,1.0,1.0,1.0

Iteration: ,10000
Error:,0.14782138516153395
Absolute Error:,1
Transition Probabilities
0.0005910165484633567,0.0005910165484633567,0.4219858156028367,0.4696775568807999,0.10715459441943667
0.7128499698705074,0.2851994449539399,0.0006501950585175548,0.0006501950585175548,0.0006501950585175548
0.2,0.2,0.2,0.2,0.2
0.09984220085603161,0.09649791713100069,0.5444773654605088,0.212228676092766,0.04695384045969295
0.11935378888727852,0.12243565071883497,0.4841351821657363,0.1999604871320117,0.07411489109613863

0.09037518003998576,0.10724755425850166,0.3215841964032407,0.42131612033450655,0.059476948963765354
0.1054613849630203,0.10270442270019245,0.259257487843467,0.47036532807991926,0.06221137641340097
0.30994897621724116,0.47677209203201676,0.047477744807121657,0.0963570599917364,0.06944412695188379
0.2,0.2,0.2,0.2,0.2
0.2,0.2,0.2,0.2,0.2

Transition Gammas
1.0,1.0,714.0,794.6944262423137,181.30557375768691
1096.363253660841,438.6367463391598,1.0,1.0,1.0
1.0,1.0,1.0,1.0,1.0
193.05104322288645,186.58466471344738,1052.780512771019,410.35721338513963,90.78814175115511
105.32236938277994,108.04192268088623,427.21948722898065,176.45281715830885,65.4018277053962

61.0116963634697,72.40212648261824,217.09939983039638,284.4277731508907,40.152501485444425
64.6379686262312,62.94820852768085,158.90060016960365,288.28996821877166,38.129757144893354
835.6224398816823,1285.3775601183174,128.0,259.77863373772135,187.22136626227874
1.0,1.0,1.0,1.0,1.0
1.0,1.0,1.0,1.0,1.0

Iteration: ,20000
Error:,0.1485467167186212
Absolute Error:,1
Transition Probabilities
0.0002960331557134398,0.0002960331557134398,0.4200710479573711,0.4759037618715807,0.10343312385962129
0.7153240151728271,0.2836981491035746,0.0003259452411994787,0.0003259452411994787,0.0003259452411994787
0.2,0.2,0.2,0.2,0.2
0.10708279255692475,0.10159987938797449,0.5236197892637827,0.2184022852054413,0.04929525358587682
0.11215050094081513,0.11133536903555989,0.5060160786434648,0.1958814690604491,0.074616582319711

0.08934591605866023,0.11077487016115313,0.32176029691533653,0.42130445126499705,0.05681446559985302
0.10805308838621677,0.10627325468996873,0.25761408951426923,0.4689994434931778,0.05906012391636746
0.32315013905543033,0.47172645032377686,0.047681376215407634,0.09478999245850625,0.062652041946879
0.2,0.2,0.2,0.2,0.2
0.2,0.2,0.2,0.2,0.2

Transition Gammas
1.0,1.0,1419.0,1607.6029076022,349.3970923978008
2194.614078550232,870.3859214497663,1.0,1.0,1.0
1.0,1.0,1.0,1.0,1.0
417.873403878624,396.4772156174502,2043.3421509954358,852.2798495860293,192.3668118763326
192.52434265171718,191.1250378522092,868.657849004563,336.26199394702,128.09134459061553

125.1110772277256,155.11803949185597,450.5609112537453,589.952580529734,79.55729043785641
131.46820355925587,129.30267972116252,313.4390887462548,570.6316702948027,71.8584587376062
1728.2069436684412,2522.793056331558,255.0,506.93687966809136,335.0631203319088
1.0,1.0,1.0,1.0,1.0
1.0,1.0,1.0,1.0,1.0

Iteration: ,30000
Error:,0.1506141896773289
Absolute Error:,1
Transition Probabilities
0.00019688915140775735,0.00019688915140775735,0.4248867887379404,0.472738724006967,0.10198070895227727
0.7146802525356296,0.28466672177869345,0.00021767522855898998,0.00021767522855898998,0.00021767522855898998
0.2,0.2,0.2,0.2,0.2
0.10997978237109429,0.10235056557813325,0.5120258840331953,0.22690984187455962,0.0487339261430175
0.10774307745514676,0.10394220647143954,0.5177271756141919,0.19834196386630687,0.07224557659291497

0.08985298323506566,0.11655660599138912,0.3189584380456282,0.4162253793385675,0.058406593389349594
0.10873778664152085,0.1097032730578566,0.25733717086926605,0.46588023615078666,0.05834153328056995
0.3284929092413509,0.4648212980681164,0.04877136085817638,0.0964001503656669,0.061514281466689455
0.2,0.2,0.2,0.2,0.2
0.2,0.2,0.2,0.2,0.2

Transition Gammas
1.0,1.0,2158.0,2401.039979231386,517.9600207686165
3283.2410801486826,1307.7589198513176,1.0,1.0,1.0
1.0,1.0,1.0,1.0,1.0
647.8060037028765,602.8681766270346,3015.9492460966617,1336.5507250198382,287.0539408137327
274.5047859936614,264.8210336764286,1319.0507539033326,505.33008366452856,184.06525050189623

189.37032211059545,245.64974056524423,672.2232248491563,877.2188893244121,123.0952496545189
195.1237136972776,196.8562236268826,461.77677515084446,835.9953298993759,104.69053112169273
2633.52765338791,3726.472346612089,391.0,772.8400054815515,493.15999451844937
1.0,1.0,1.0,1.0,1.0
1.0,1.0,1.0,1.0,1.0

Iteration: ,40000
Error:,0.15214444603215244
Absolute Error:,1
Transition Probabilities
0.00014786337424220028,0.00014786337424220028,0.42362856720390374,0.47754716637905237,0.09852853966855943
0.7178221794421268,0.2816911236078408,0.00016223231667748212,0.00016223231667748212,0.00016223231667748212
0.2,0.2,0.2,0.2,0.2
0.11036453218028634,0.10167681606031019,0.5104517965542563,0.22896819314818329,0.04853866205696387
0.10426457045896405,0.10130620703185224,0.521607035128162,0.20131132715629185,0.07151086022472991

0.09186399147155082,0.1179189278613979,0.31985607361188934,0.4131835272493166,0.05717747980584529
0.1124046358084658,0.1103167200449628,0.25747312004518796,0.4632657847439283,0.05653973935745513
0.32762421873008873,0.46721159378745253,0.05173542894564505,0.09486950556969881,0.05855925296711479
0.2,0.2,0.2,0.2,0.2
0.2,0.2,0.2,0.2,0.2

Transition Gammas
1.0,1.0,2865.0,3229.65148622153,666.3485137784671
4424.655914081271,1736.3440859187315,1.0,1.0,1.0
1.0,1.0,1.0,1.0,1.0
870.1899385629437,801.6900046861367,4024.7533216313054,1805.3428396996887,382.71222211388607
345.46101841392493,335.6590383369937,1728.2466783686891,667.0071702356715,236.9377679507537

260.6767033334747,334.61116682532173,907.6355759716581,1172.4650543668618,162.2489585086222
267.3389752409351,262.37315460026855,612.364424028343,1101.8139889591785,134.47199816533907
3501.9752740059193,4994.024725994081,553.0,1014.0601450345108,625.9398549654901
1.0,1.0,1.0,1.0,1.0
1.0,1.0,1.0,1.0,1.0

Iteration: ,50000
Error:,0.15089207224616977
Absolute Error:,1
Transition Probabilities
0.00011868027533823891,0.00011868027533823891,0.42523142653691004,0.4771244592494367,0.09740675366297678
0.7136929345761316,0.2859191176674996,0.00012931591878960304,0.00012931591878960304,0.00012931591878960304
0.2,0.2,0.2,0.2,0.2
0.11111543912502829,0.10221004983433811,0.5094481735641498,0.23057484752007826,0.04665148995640546
0.10287805565972213,0.09957336823456436,0.5263485646556021,0.20115054054673084,0.07004947090338047

0.09484098411308581,0.11532782219780484,0.32032964385586804,0.4113385033047444,0.0581630465284969
0.1132724469416079,0.10843318032146171,0.25895261259001057,0.46268837095714455,0.056653389189775326
0.3265410890779699,0.46722246435058007,0.05226949824272787,0.09664365699113737,0.05732329133758478
0.2,0.2,0.2,0.2,0.2
0.2,0.2,0.2,0.2,0.2

Transition Gammas
1.0,1.0,3583.0,4020.250693635749,820.7493063642415
5518.987463077224,2211.0125369227735,1.0,1.0,1.0
1.0,1.0,1.0,1.0,1.0
1097.1814471755429,1009.2474212061472,5030.417813523703,2276.7533195787582,460.6484001351978
420.53993646132255,407.03119515698546,2151.582186476298,822.2534436350306,286.3448366510123

337.60839620374054,410.53602990290824,1140.2873802927295,1464.2544433319608,207.04480283961993
337.12926643161126,322.72630746174025,770.712619707271,1377.0850308162783,168.61572301214042
4366.833984239693,6248.166015760309,699.0,1292.4156249424805,766.5843750575215
1.0,1.0,1.0,1.0,1.0
1.0,1.0,1.0,1.0,1.0

Iteration: ,60000
Error:,0.1518815767933438
Absolute Error:,1
Transition Probabilities
9.854158454867966e-05,9.854158454867966e-05,0.4282617264485618,0.47472955184453397,0.09681163853780686
0.7154048940478417,0.28426965574603996,0.000108483402039488,0.000108483402039488,0.000108483402039488
0.2,0.2,0.2,0.2,0.2
0.11236750644173532,0.10253548673972168,0.5071542419856161,0.23103278760496607,0.04690997722796085
0.10103287713603572,0.09642695094952822,0.5319302108774866,0.19974190849270837,0.07086805254424107

0.09612844430786263,0.11415930375252545,0.31843668103900535,0.4112309284210583,0.06004464247954826
0.11403722082621796,0.10756571988730472,0.25826419911169973,0.46256119712200205,0.05757166305277562
0.32975818785870287,0.46508012059900844,0.05223880597014924,0.09732609213998533,0.055596793432154144
0.2,0.2,0.2,0.2,0.2
0.2,0.2,0.2,0.2,0.2

Transition Gammas
1.0,1.0,4346.0,4817.555492118325,982.4445078816628
6594.602313333002,2620.3976866669955,1.0,1.0,1.0
1.0,1.0,1.0,1.0,1.0
1331.7555022054814,1215.228520780128,6010.682924439592,2738.1508749802274,555.9669539704873
494.27457961145535,471.7413974029345,2602.317075560408,977.1804055237561,346.7017655255275

410.9032796949691,487.97660939333565,1361.16502827255,1757.8162053580522,256.66222625991463
406.5970482032264,383.5230627084696,920.8349717274504,1649.2511480069038,205.27042037513024
5302.511660767944,7478.488339232058,840.0,1565.0035616109647,893.996438389039
1.0,1.0,1.0,1.0,1.0
1.0,1.0,1.0,1.0,1.0

Iteration: ,70000
Error:,0.15254601667787246
Absolute Error:,1
Transition Probabilities
8.454514710855605e-05,8.454514710855605e-05,0.4271220831924252,0.47738519483264935,0.09532363168070832
0.7178490499613527,0.28187128191149147,9.322270905192505e-05,9.322270905192505e-05,9.322270905192505e-05
0.2,0.2,0.2,0.2,0.2
0.11298663525544361,0.10345485250014844,0.5061507898281395,0.2301733773741886,0.047234345042079816
0.09882034578064113,0.094699507546656,0.5364733371508327,0.1991358998997332,0.070870909622137

0.0957534157706299,0.11477289036649667,0.31673465703186116,0.4118954464407387,0.06084359039027361
0.11357981255967965,0.108569732717051,0.2567528113208955,0.4627990243629604,0.05829861903941346
0.33008789381017617,0.46431658260868885,0.053024247268851556,0.09782607249388586,0.05474520381839768
0.2,0.2,0.2,0.2,0.2
0.2,0.2,0.2,0.2,0.2

Transition Gammas
1.0,1.0,5052.0,5646.5120844805715,1127.487915519417
7700.36675893543,3023.633241064569,1.0,1.0,1.0
1.0,1.0,1.0,1.0,1.0
1566.9142393666245,1434.726161616945,7019.368955056699,3192.0761399375097,655.0524109888062
561.3847563657001,537.9748426507313,3047.631044943308,1131.2635851024938,402.60786397119625

478.7323847680097,573.8228664707699,1583.558523517965,2059.3279912019757,304.1959066521145
472.646753137774,451.79799562344726,1068.4414764820337,1925.8744251364851,242.60167700942807
6194.09932734796,8712.900672652051,995.0,1835.7062503477694,1027.2937496522331
1.0,1.0,1.0,1.0,1.0
1.0,1.0,1.0,1.0,1.0

Iteration: ,80000
Error:,0.15236903740214683
Absolute Error:,1
Transition Probabilities
7.393168712110016e-05,7.393168712110016e-05,0.42806446843116996,0.4754367963805516,0.09635087181403625
0.716076686250628,0.2836788946520931,8.147303242626686e-05,8.147303242626686e-05,8.147303242626686e-05
0.2,0.2,0.2,0.2,0.2
0.11410619504912976,0.10399049753318766,0.5071671696084139,0.22788257356042857,0.04685356424884009
0.0978585848471978,0.09318438650034719,0.5431117909937523,0.19632149198860874,0.06952374567009391

0.09611327923834792,0.11387742359871669,0.315769443995028,0.4134106107096784,0.060829242458228946
0.11357782899988338,0.10710010016034335,0.2555391357163854,0.46548108992787846,0.05830184519550939
0.3299653275284404,0.46373722033126463,0.05212166379430799,0.09964117824614728,0.05453461009983983
0.2,0.2,0.2,0.2,0.2
0.2,0.2,0.2,0.2,0.2

Transition Gammas
1.0,1.0,5790.0,6430.758107843336,1303.2418921566532
8789.125247040214,3481.874752959793,1.0,1.0,1.0
1.0,1.0,1.0,1.0,1.0
1806.9085563231963,1646.7232097969782,8031.156396522485,3608.594360945952,741.9413652257563
633.3090658300425,603.0591680497861,3514.8436034775123,1270.5291098150012,449.9351640132925

548.2942893287992,649.6328242824216,1801.3596483130452,2358.3700274957364,347.01059550090474
539.4188876190228,508.6539987697569,1213.6403516869536,2210.7245220970403,276.8948549063254
7084.025616708097,9955.974383291936,1119.0,2139.196455766539,1170.803544233463
1.0,1.0,1.0,1.0,1.0
1.0,1.0,1.0,1.0,1.0

Iteration: ,90000
Error:,0.15154927639135402
Absolute Error:,1
Transition Probabilities
6.58718134510244e-05,6.58718134510244e-05,0.42862789012581576,0.47547446061931237,0.09576590562796987
0.7163757568288441,0.283406662666369,7.252683492892366e-05,7.252683492892366e-05,7.252683492892366e-05
0.2,0.2,0.2,0.2,0.2
0.11556546794976838,0.10521764079656318,0.5055968866568716,0.22737622052356787,0.046243784073229106
0.09751951523388881,0.0929439494946872,0.5448890803111217,0.19611157242276678,0.06853588253753529

0.09568088208917563,0.11177297582724659,0.31622294120665084,0.41427302555391726,0.06205017532300968
0.11320303189043343,0.10545900112665674,0.25471165310657357,0.46827848988570103,0.0583478239906352
0.3290523515702968,0.4629247969642292,0.052450736876966296,0.10133254586700159,0.054239568721506135
0.2,0.2,0.2,0.2,0.2
0.2,0.2,0.2,0.2,0.2

Transition Gammas
1.0,1.0,6507.0,7218.17778666177,1453.8222133382085
9877.388935156108,3907.611064843898,1.0,1.0,1.0
1.0,1.0,1.0,1.0,1.0
2064.911699309084,1880.0178055693973,9033.952312171774,4062.7345368244023,826.2790991738051
707.1242003289594,673.9462947925591,3951.0476878282084,1422.025514504537,496.96084949725764

615.9294068825534,719.5195236871913,2035.6314068942243,2666.8121504048268,399.4374513399627
605.4856674631575,564.0654019670988,1362.3685931057746,2504.6671389641833,312.08325929102745
7948.588604532102,11182.41139546794,1267.0,2447.7889779632947,1310.2110220367044
1.0,1.0,1.0,1.0,1.0
1.0,1.0,1.0,1.0,1.0

Iteration: ,99999
Error:,0.1531564450253916
Absolute Error:,1
Transition Probabilities
5.919261276192737e-05,5.919261276192737e-05,0.42731147152835375,0.47718764724269064,0.09538249600343189
0.7169275848893981,0.28287677144293527,6.521455588887443e-05,6.521455588887443e-05,6.521455588887443e-05
0.2,0.2,0.2,0.2,0.2
0.11630224452036883,0.10569833737488865,0.5037190338389391,0.2275702255475019,0.04671015871830149
0.09706267300746621,0.0909727817132976,0.5470485978731889,0.19570362757604368,0.06921231983000352

0.09627218539777553,0.11155107992556229,0.3154383942217362,0.4145646775988113,0.06217366285611464
