0,1,2,3,4,5,6,7,8,9,10,11,12,13,14,15,16,17,18,19,20,21,22,23,24,25,26,27,28,29
github Code Version (SHA):,0223d720dafbf5413b6775610c21cd8ff219e6c5
Environment Observations,Environment Actions,alpha,epsilon,numActions,explore,patience,gainThresh,insertRandActions,useBudd,revisedSplitting,haveControl,confidence_factor
"['diamond', 'square']","['x', 'y']",0.7,0.99,100000,0.5,0,0.0001,False,False,False,False,

Model Num 0
Model States: 
['diamond'],['square']
Iteration: ,0
Error:,0.35509647956126456
Absolute Error:,1
Transition Probabilities
0.5,0.5
0.5,0.5

0.5,0.5
0.5,0.5

Transition Gammas
1.0,1.0
1.0,1.0

1.0,1.0
1.0,1.0

Iteration: ,10000
Error:,0.043355362111544525
Absolute Error:,1
Transition Probabilities
0.46150234741784035,0.5384976525821596
0.19670406732117812,0.8032959326788219

0.21568627450980393,0.7843137254901961
0.7862595419847328,0.21374045801526717

Transition Gammas
983.0,1147.0
561.0,2291.0

462.0,1680.0
2266.0,616.0

Iteration: ,20000
Error:,0.03945092201839868
Absolute Error:,1
Transition Probabilities
0.4658746797111577,0.5341253202888423
0.20077152375942486,0.7992284762405751

0.21263697831662393,0.7873630216833761
0.7909456388743227,0.20905436112567732

Transition Gammas
2000.0,2293.0
1145.0,4558.0

912.0,3377.0
4525.0,1196.0

Iteration: ,30000
Error:,0.04089761530098094
Absolute Error:,1
Transition Probabilities
0.4674721189591078,0.5325278810408922
0.20477299185098952,0.7952270081490105

0.2114036454276367,0.7885963545723633
0.7892518440463646,0.2107481559536354

Transition Gammas
3018.0,3438.0
1759.0,6831.0

1357.0,5062.0
6741.0,1800.0

Iteration: ,40000
Error:,0.042562157547260844
Absolute Error:,1
Transition Probabilities
0.46866295264623953,0.5313370473537604
0.20601912784065982,0.7939808721593402

0.21304802884056287,0.7869519711594372
0.7897138845006143,0.21028611549938564

Transition Gammas
4038.0,4578.0
2348.0,9049.0

1832.0,6767.0
8998.0,2396.0

Iteration: ,50000
Error:,0.04051863516925369
Absolute Error:,1
Transition Probabilities
0.47186027169392847,0.5281397283060715
0.2062944448355981,0.7937055551644019

0.2127580435186907,0.7872419564813092
0.7908349732921001,0.2091650267078999

Transition Gammas
5106.0,5715.0
2930.0,11273.0

2288.0,8466.0
11252.0,2976.0

Iteration: ,60000
Error:,0.040896700786034225
Absolute Error:,1
Transition Probabilities
0.4743945704149314,0.5256054295850686
0.2060759196145258,0.7939240803854742

0.21155631188118812,0.7884436881188119
0.7898092898092898,0.2101907101907102

Transition Gammas
6151.0,6815.0
3507.0,13511.0

2735.0,10193.0
13501.0,3593.0

Iteration: ,70000
Error:,0.04234449698560204
Absolute Error:,1
Transition Probabilities
0.4737746069493989,0.5262253930506011
0.20696452036793692,0.7930354796320631

0.2138368939744692,0.7861631060255307
0.7893102239142413,0.21068977608575865

Transition Gammas
7172.0,7966.0
4095.0,15691.0

3233.0,11886.0
15757.0,4206.0

Iteration: ,80000
Error:,0.042917592985949465
Absolute Error:,1
Transition Probabilities
0.47198238396013215,0.5280176160398679
0.2090644563971431,0.7909355436028569

0.213017066820943,0.786982933179057
0.7889561934860855,0.2110438065139145

Transition Gammas
8145.0,9112.0
4742.0,17940.0

3682.0,13603.0
17974.0,4808.0

Iteration: ,90000
Error:,0.04373681840121341
Absolute Error:,1
Transition Probabilities
0.47257101687937425,0.5274289831206258
0.20975590612981712,0.7902440938701829

0.2125854711840008,0.7874145288159992
0.7886197886197887,0.21138021138021137

Transition Gammas
9183.0,10249.0
5345.0,20137.0

4135.0,15316.0
20221.0,5420.0

Iteration: ,99999
Error:,0.044506103917620166
Absolute Error:,1
Transition Probabilities
0.4733401335311573,0.5266598664688428
0.2105616389968209,0.7894383610031791

0.213167736275913,0.786832263724087
0.788288604749192,0.21171139525080793

Transition Gammas
10209.0,11359.0
5961.0,22349.0

4617.0,17042.0
22441.0,6027.0


Model Num 1
Model States: 
['square'],"['diamond', 'x', 'square']","['diamond', 'x', 'diamond']"
Iteration: ,0
Error:,0.4305516914087667
Absolute Error:,1
Transition Probabilities
0.3333333333333333,0.3333333333333333,0.3333333333333333
0.3333333333333333,0.3333333333333333,0.3333333333333333
0.3333333333333333,0.3333333333333333,0.3333333333333333

0.3333333333333333,0.3333333333333333,0.3333333333333333
0.3333333333333333,0.3333333333333333,0.3333333333333333
0.3333333333333333,0.3333333333333333,0.3333333333333333

Transition Gammas
1.0,1.0,1.0
1.0,1.0,1.0
1.0,1.0,1.0

1.0,1.0,1.0
1.0,1.0,1.0
1.0,1.0,1.0

Iteration: ,10000
Error:,0.033981211258347216
Absolute Error:,1
Transition Probabilities
0.7998522895125554,0.1040401649408934,0.09610754554655121
0.9989270386266095,0.000536480686695279,0.000536480686695279
0.0006765899864682003,0.7149438849431374,0.2843795250703944

0.21256210078069554,0.4047410253362958,0.3826968738830086
0.8099252410858643,0.11823657951833559,0.07183817939580014
0.7436656921569748,0.13175883757138993,0.1245754702716353

Transition Gammas
2166.0,281.7407666599393,260.2592333400607
1862.0,1.0,1.0
1.0,1056.687061945957,420.3129380540429

599.0,1140.5602093976815,1078.4397906023182
550.2474838849962,80.32763653088219,48.80546432461087
347.7525161150039,61.61299058040622,58.253908564100676

Iteration: ,20000
Error:,0.03312804659410927
Absolute Error:,1
Transition Probabilities
0.802724795640327,0.10016709261530667,0.09710811174436633
0.9994614970382337,0.00026925148088314486,0.00026925148088314486
0.00033624747814391413,0.7153439702636127,0.28431978225824334

0.21315883829329504,0.4003039679536458,0.38653719375305917
0.8133632760024273,0.11348399911024545,0.07315272488732721
0.7461014066696795,0.12502901468689884,0.1288695786434217

Transition Gammas
4419.0,551.4198448472632,534.5801551527367
3712.0,1.0,1.0
1.0,2127.432967563983,845.5670324360152

1189.0,2232.8955332454366,2156.1044667545643
1073.1893925498032,149.73607447317707,96.52111264605371
689.8106074501986,115.59600316938315,119.14680971138617

Iteration: ,30000
Error:,0.034934732388736546
Absolute Error:,1
Transition Probabilities
0.7967410983705492,0.10605484097891525,0.09720406065053555
0.9996409980254891,0.0001795009872554299,0.0001795009872554299
0.00022421524663677136,0.7170653351537534,0.28271044959960995

0.21631673665266946,0.3930494618974524,0.39063380144987825
0.8131866680030712,0.11395436389989386,0.07285896809703493
0.7496548094635762,0.12275105156000579,0.12759413897641794

Transition Gammas
6601.0,878.6643575103128,805.3356424896871
5569.0,1.0,1.0
1.0,3198.1113947857393,1260.88860521426

1803.0,3276.0672649152657,3255.932735084735
1602.0220182299597,224.49630229344803,143.5361347027437
1044.9779817700414,171.1082814383752,177.85928156543324

Iteration: ,40000
Error:,0.03449385937776112
Absolute Error:,1
Transition Probabilities
0.796883493386483,0.10543793134289749,0.09767857527061942
0.9997293640054127,0.00013531799729364006,0.00013531799729364006
0.00016832183134152506,0.7179847109302551,0.28184696723840336

0.2156227501799856,0.39149643290468084,0.39288081691533344
0.8137881525418751,0.11113469709503472,0.07507715036309025
0.7505597028442007,0.11963638046645442,0.12980391668934482

Transition Gammas
8796.0,1163.8238861629025,1078.176113837097
7388.0,1.0,1.0
1.0,4265.547167636644,1674.452832363354

2396.0,4350.308362436814,4365.691637563185
2148.905251592288,293.4645011428198,198.25022296761287
1421.0947484077108,226.5171329544139,245.7681429351536

Iteration: ,50000
Error:,0.03216069690162624
Absolute Error:,1
Transition Probabilities
0.7973160236306616,0.10408628163438725,0.09859769473495121
0.9997839472831371,0.00010802635843145727,0.00010802635843145727
0.0001335113484646196,0.7162727018195176,0.2835937868320177

0.21387491013659238,0.3915666911759502,0.3945583986874573
0.8162307880374574,0.10903986358367623,0.07472934837886634
0.7525442980091447,0.11807458954712878,0.1293811124437265

Transition Gammas
10932.0,1427.1270074890836,1351.872992510916
9255.0,1.0,1.0
1.0,5364.8825366281835,2124.117463371811

2975.0,5446.692674257468,5488.307325742531
2683.52549756822,358.49083184145644,245.68800237677794
1775.4745024317751,278.57286764463277,305.24829813713296

Iteration: ,60000
Error:,0.03326567987114856
Absolute Error:,1
Transition Probabilities
0.7946564420911691,0.10624868124459395,0.09909487666423689
0.9998201277093264,8.993614533681087e-05,8.993614533681087e-05
0.00011095084877399312,0.7137246297066112,0.2861644194446146

0.2146628269738421,0.38925121847333677,0.3960859545528211
0.8149342294476752,0.11096431186720117,0.07410145868512348
0.7507771934534573,0.12068455387809152,0.12853825266845129

Transition Gammas
13057.0,1745.7720815299233,1628.2279184700762
11117.0,1.0,1.0
1.0,6432.800087545687,2579.1999124543117

3578.0,6488.039309513577,6601.960690486422
3210.190484385557,437.11083077699124,291.9006086065336
2135.8095156144436,343.3231867031814,365.665373913294

Iteration: ,70000
Error:,0.03397391205825589
Absolute Error:,1
Transition Probabilities
0.7931933079689373,0.10832515176267059,0.09848154026839204
0.9998460235583956,7.698822080221726e-05,7.698822080221726e-05
9.555661729574777e-05,0.7138652112740351,0.28603923210866905

0.21422327351262405,0.38938283001449686,0.39639389647287904
0.8163967490670818,0.11075308908937789,0.07285016184354008
0.7534881797011782,0.11988913141689309,0.12662268888192874

Transition Gammas
15219.0,2078.4346868703606,1889.565313129638
12987.0,1.0,1.0
1.0,7470.599435982775,2993.400564017221

4166.0,7572.327895291921,7708.672104708078
3751.788492662326,508.9708718795874,334.78624113277016
2510.2115073376744,399.40517369065395,421.83771329698897

Iteration: ,80000
Error:,0.034445960879673776
Absolute Error:,1
Transition Probabilities
0.7929790924860769,0.10817087638357728,0.09885003113034584
0.9998650836481382,6.745817593092283e-05,6.745817593092283e-05
8.329862557267813e-05,0.7130261255044422,0.28689057586998495

0.21370640713706407,0.3881046420357422,0.3981889508271937
0.8153118576084655,0.11155626746457196,0.07313187492696259
0.7512659766996246,0.12158992126950537,0.12714410203087012

Transition Gammas
17371.0,2369.591218058644,2165.4087819413558
14822.0,1.0,1.0
1.0,8559.878636680822,3444.1213633191664

4743.0,8613.594425341262,8837.405574658736
4290.017092209638,586.9880214546686,384.80612111086435
2872.9829077903632,464.98281088341406,486.223046551053

Iteration: ,90000
Error:,0.03465695778632378
Absolute Error:,1
Transition Probabilities
0.7932346038682528,0.10802362263521113,0.09874177349653604
0.9998802681992337,5.986590038314176e-05,5.986590038314176e-05
7.43107676302296e-05,0.7144793383996941,0.28544635083267567

0.21377900685343273,0.38817898127574385,0.3980420118708234
0.8144305650402711,0.11244812326519504,0.0731213116945339
0.7506271438557743,0.12232373372169139,0.1270491224225342

Transition Gammas
19604.0,2669.695809806608,2440.3041901933916
16702.0,1.0,1.0
1.0,9614.748456844687,3841.2515431553174

5334.0,9685.453761811084,9931.546238188914
4797.734854134052,662.4214554677377,430.75085925774204
3226.265145865954,525.7587629875381,546.0689222869828

Iteration: ,99999
Error:,0.032990683690201125
Absolute Error:,1
Transition Probabilities
0.7936461672981638,0.10721282881078767,0.09914100389104852
0.9998920902125823,5.395489370885939e-05,5.395489370885939e-05
6.640547181087708e-05,0.7130574213623613,0.28687617316582786

0.2114570901594879,0.3875938516023245,0.40094905823818755
0.8162630718042824,0.1111190760890498,0.07261785210666775
0.752220558361308,0.1215391568893746,0.1262402847493175

Transition Gammas
21784.0,2942.7777251985,2721.2222748014997
18532.0,1.0,1.0
1.0,10737.931708295819,4320.06829170421

5847.0,10717.357590655874,11086.642409344124
5344.9984249816835,727.6223893953145,475.51128863117054
3591.001575018324,580.2118793016398,602.6544426718751


Model Num 2
Model States: 
"['diamond', 'x', 'square']","['diamond', 'x', 'diamond']","['square', 'y', 'diamond', 'x', 'diamond']","['square', 'y', 'diamond', 'x', 'square']"
Iteration: ,0
Error:,0.3545254306357518
Absolute Error:,0.4499999999999999
Transition Probabilities
0.25,0.25,0.25,0.25
0.25,0.25,0.25,0.25
0.25,0.25,0.25,0.25
0.25,0.25,0.25,0.25

0.25,0.25,0.25,0.25
0.25,0.25,0.25,0.25
0.25,0.25,0.25,0.25
0.25,0.25,0.25,0.25

Transition Gammas
1.0,1.0,1.0,1.0
1.0,1.0,1.0,1.0
1.0,1.0,1.0,1.0
1.0,1.0,1.0,1.0

1.0,1.0,1.0,1.0
1.0,1.0,1.0,1.0
1.0,1.0,1.0,1.0
1.0,1.0,1.0,1.0

Iteration: ,10000
Error:,0.03940182668971021
Absolute Error:,0.18018016420302752
Transition Probabilities
0.0004789272030651344,0.0004789272030651344,0.42803330317882926,0.5710088424150404
0.6980506542977267,0.30072983350715127,0.0006097560975609758,0.0006097560975609758
0.08532393291149139,0.10246700268455207,0.6984883404878499,0.11372072391610664
0.0916694034913662,0.13592940643070703,0.652466675563258,0.11993451451466859

0.11850413026744763,0.11640041819877911,0.44959554339185853,0.3154999081419146
0.07933049124123479,0.10759282168648265,0.5083440704541768,0.3047326166181057
0.0011884938802520686,0.7417744226525917,0.09767292052535487,0.1593641629418013
0.8426624136351385,0.0019764772842060583,0.062465167480778516,0.09289594159987688

Transition Gammas
1.0,1.0,893.733537037395,1192.2664629626036
1144.8030730482715,493.19692695172796,1.0,1.0
97.49466435058302,117.08304684107273,798.121745973657,129.9420154414017
70.2516290666643,104.17065974168001,500.0234006578509,91.91283792709004

66.73338642069784,65.54872028223072,253.18132846914088,177.6678773829419
44.01800554939011,59.69988774768134,282.0642071433519,169.08658700456522
2.1332847496758243,1331.4465390505397,175.31781633477678,286.05039041218583
1245.498840057285,2.9213361424995297,92.32676381716506,137.30502943587237

Iteration: ,20000
Error:,0.037817379292451665
Absolute Error:,0.17315612243441156
Transition Probabilities
0.00023546032493524876,0.00023546032493524876,0.3780120609829057,0.6215170183672237
0.6967633790450434,0.30262406352769783,0.00030627871362940275,0.00030627871362940275
0.08874561739737573,0.10282758949713762,0.6914213639817618,0.11700542912372476
0.09450194360897392,0.12680117219524692,0.6524119193126701,0.12628496488310903

0.1168628131095469,0.10978155266944416,0.4397588710923328,0.3335967631286761
0.08522924044085414,0.10320751218226058,0.5072532840686654,0.30430996330821997
0.0006633056056991059,0.7342908496408879,0.08829861293722728,0.1767472318161859
0.8467349054465927,0.001040761678505246,0.05227357348716077,0.0999507593877413

Transition Gammas
1.0,1.0,1605.4172229943981,2639.5827770055953
2274.9324325820667,988.0675674179333,1.0,1.0
191.34161620084956,221.70331044428147,1490.7517141683475,252.27170162736937
151.57465905530307,203.38041429956587,1046.4241311545188,202.5524530497644

132.20260175601615,124.19183229921745,497.48303465189736,377.3857470096581
88.01937169978835,106.58619424497817,523.859125406172,314.2720929322732
2.33134037751884,2580.834372424971,310.3458192585314,621.2188689607998
2605.631582924461,3.2027042730456925,160.85987852199148,307.5754332586789

Iteration: ,30000
Error:,0.040186901797081336
Absolute Error:,0.17003590910170302
Transition Probabilities
0.00015656802880851766,0.00015656802880851766,0.3575793829293637,0.6421074810130192
0.6991487327460708,0.30044352005719127,0.0002038735983690113,0.0002038735983690113
0.09174778202231122,0.10229177579919434,0.6895440220297512,0.11641642014874327
0.0977218990254918,0.12197205419946618,0.6563616424739218,0.1239444043011204

0.12406235247191622,0.10850171906627204,0.4265943059830919,0.3408416224787198
0.09348918587533488,0.10225882081032646,0.5008136956245277,0.30343829768981107
0.0004722475273735749,0.7361872154291169,0.0795463272116719,0.18379420983183753
0.8471043575744177,0.0007227516058965799,0.04647445429792996,0.10569843652175553

Transition Gammas
1.0,1.0,2283.8595187698406,4101.140481230144
3429.324534119476,1473.6754658805226,1.0,1.0
289.3215349992851,322.5714337685969,2174.4387766748855,367.11271525196514
241.13421325178274,300.9728179803356,1619.6088066740322,305.8397013991218

217.10698970180388,189.8761480383953,746.5327212530874,596.4669954020467
140.42236011337494,153.59450214642598,752.2307575816791,455.76952576319013
2.455886875719737,3828.4848848235497,413.6745449941009,955.8076254409344
3949.6893432445336,3.3698850561889775,216.6907243863557,492.8271051786102

Iteration: ,40000
Error:,0.042200531454957634
Absolute Error:,0.16914152470783106
Transition Probabilities
0.00011667250029168155,0.00011667250029168155,0.3394079083513264,0.6603587466480904
0.7009400778692554,0.29875425194887095,0.00015283509093687924,0.00015283509093687924
0.09587641095560501,0.10536290786705746,0.6846217216181857,0.11413895955915189
0.1026001654681228,0.12098016897641821,0.6533920037746797,0.12302766178077924

0.12126480705396636,0.11181354141081358,0.4222987843715185,0.3446228671637016
0.09031350558953641,0.10440601744719577,0.5006898662941212,0.3045906106691466
0.0003723414678809284,0.7371606701897813,0.07378184220797851,0.18868514613435933
0.8497787657195237,0.0005517821222695306,0.041747699312845325,0.10792175284536148

Transition Gammas
1.0,1.0,2909.065182479211,5659.934817520768
4586.250929498534,1954.7490705014611,1.0,1.0
390.32824960613027,428.94930036757125,2787.2048565240907,464.6780146705536
342.6680934251145,404.0543566011844,2182.2244746988044,410.8926541065624

288.81733719096087,266.30718406034146,1005.7923099393774,820.7909718195438
177.58274132349808,205.29273742519962,984.5025772059855,598.9141410350943
2.5453738067885903,5039.324445849347,504.3820921736682,1289.8757461365094
5369.643539552621,3.4866407912375856,263.79838253147705,681.9437791583499

Iteration: ,50000
Error:,0.04301457966443271
Absolute Error:,0.16848710118603238
Transition Probabilities
9.295408068414219e-05,9.295408068414219e-05,0.3277413608815507,0.6720727309570809
0.7040712816417155,0.2956828670982968,0.00012292562999385352,0.00012292562999385352
0.10114580424403692,0.1038831406160628,0.6812062818758154,0.11376477326408482
0.1077912670732263,0.1194641168459108,0.6522450422725901,0.12049957380827275

0.12183651592798793,0.11023084554869306,0.42037398000947573,0.34755865851384327
0.09193811041975093,0.10274382489267861,0.499891919263636,0.30542614542393454
0.00030748312541495446,0.7376578171533218,0.06761660852906777,0.1944180911921955
0.8471377073061266,0.0004478072755949443,0.03838678885759042,0.11402769656068792

Transition Gammas
1.0,1.0,3525.841560363717,7230.158439636264
5727.619876155364,2405.380123844648,1.0,1.0
501.7114195142832,515.2893719282425,3378.973287288992,564.3050278915506
458.1905910717371,507.8086174857374,2772.511628789626,512.210056029842

366.67637279633436,331.74821446763633,1265.147850246631,1046.004535398409
223.17268630013734,249.40272643589236,1213.4491558772593,741.3984584776996
2.614645974021042,6272.585005184416,574.9697419294072,1653.2109810140719
6763.22522588751,3.575122954059755,306.46552089866526,910.353756157861

Iteration: ,60000
Error:,0.04289754836047504
Absolute Error:,0.16791710587248798
Transition Probabilities
7.713668620796057e-05,7.713668620796057e-05,0.3181707563807373,0.6816749702468469
0.7016979463588756,0.298097992831003,0.00010203040506070786,0.00010203040506070786
0.10049259789915217,0.10473905814446216,0.6789482557146526,0.1158200882417331
0.10809697050604225,0.11834443488018032,0.6525254766795948,0.1210331179341826

0.12040283839567044,0.11009352662137202,0.41797551264551214,0.3515281223374454
0.09040931630223295,0.10035306378386614,0.5024117870572524,0.30682583285664844
0.0002634053924172219,0.7393098107777553,0.06277601932135368,0.19765076450847385
0.8456959024481678,0.00037760821261397903,0.035389857573148754,0.11853663176606934

Transition Gammas
1.0,1.0,4124.765685719874,8837.234314280115
6877.341572263355,2921.6584277366674,1.0,1.0
586.2987293335086,611.0736311475606,3961.152442373681,675.7231078409194
561.2126724722143,614.4149670467174,3387.750506875596,628.3739429098109

431.3392200200023,394.406448675728,1497.3835668184615,1259.3379701386011
258.89004214595303,287.3642891583171,1438.672628505025,878.6058345379056
2.6702576081045795,7494.712347607144,636.3884264519899,2003.6737017154999
8163.9721330351695,3.6452617495976174,341.6379459601058,1144.2999258724126

Iteration: ,70000
Error:,0.04285435881546162
Absolute Error:,0.1666433428483218
Transition Probabilities
6.60763843002512e-05,6.60763843002512e-05,0.3090379899249954,0.6908298573064041
0.7032346100676096,0.2965885865377652,8.840169731258821e-05,8.840169731258821e-05
0.10169069948803762,0.10270612376341721,0.6790632873240465,0.11653988942449856
0.10664304434088862,0.11590363224458247,0.6560757245583335,0.12137759885619545

0.1206470902110397,0.10743554759635325,0.4139950574697138,0.35792230472289327
0.0905446453081725,0.09933273815648619,0.4996653334942294,0.31045728304111175
0.0002313371450092052,0.7388182824094617,0.05929307565266334,0.20165730479286564
0.8442953102105829,0.00032630425435191564,0.03325969312760953,0.12211869240745558

Transition Gammas
1.0,1.0,4676.980939524873,10455.019060475102
7954.989909084817,3355.010090915207,1.0,1.0
690.3300553260273,697.2232903979784,4609.839435350011,791.1341815833122
660.0642475680701,717.3824067079249,4060.7630076088685,751.2633754578176

503.48593893844816,448.35136481365873,1727.6893281172768,1493.6858182422159
300.49844155782347,329.6642546900702,1658.283087911481,1030.341765729019
2.719140144866959,8684.080766109926,696.931667905624,2370.2828741408316
9589.49393473885,3.7061590063869057,377.7631139973246,1387.0223439562294

Iteration: ,80000
Error:,0.0412139602269407
Absolute Error:,0.16610420371910956
Transition Probabilities
5.7720057720057795e-05,5.7720057720057795e-05,0.3031143628025668,0.6967701970819932
0.7035495915527443,0.29629559770339,7.74053719328119e-05,7.74053719328119e-05
0.10188699853475938,0.10039555733854029,0.6810166689772623,0.11670077514943802
0.10821629796644854,0.11389784421038261,0.6561175747306922,0.12176828309247675

0.11966470255081953,0.10975258919329306,0.4089686141916295,0.361614094064258
0.09045074063495212,0.09973416107292157,0.49788389695721,0.31193120133491625
0.00020696568241787325,0.7423547816845529,0.05588419602500859,0.20155405660802053
0.843750478489539,0.0002880169204541795,0.030929607240647725,0.12503189734935916

Transition Gammas
1.0,1.0,5251.456335554463,12071.543664445517
9089.157173269932,3827.842826730107,1.0,1.0
780.6941722929264,769.2662230260863,5218.190273055385,894.2025613812885
771.7604118802211,812.2791928007674,4679.198782728686,868.4083828346595

573.7802986669602,526.2527049700054,1960.963664257058,1733.903469206018
341.46057857020674,376.5064177928278,1879.5614311432566,1177.5714353936592
2.764587721980378,9916.160451445476,746.4849262862202,2692.300789697256
11021.312800510197,3.762160322383191,404.01147600691996,1633.2028080096122

Iteration: ,90000
Error:,0.04073334613251614
Absolute Error:,0.16593376007274716
Transition Probabilities
5.1289942042365566e-05,5.1289942042365566e-05,0.2981083893958447,0.7017890307200706
0.7046579644281377,0.2952043608971189,6.883733737179026e-05,6.883733737179026e-05
0.10303720972162514,0.10004748881165496,0.6803006625159013,0.11661463895081868
0.10919457967265377,0.11263983258064478,0.6568796292724698,0.12128595847423164

0.1190260996253317,0.11051324983422602,0.40480700930514446,0.3656536412352978
0.09036854297571592,0.10081841048134992,0.4959577279609723,0.3128553185819618
0.00018730367018447505,0.745028086985723,0.053344882762136656,0.20143972658195589
0.8437695380028326,0.00025800470707023926,0.029339269759445927,0.1266331875306513

Transition Gammas
1.0,1.0,5812.219268050776,13682.780731949197
10236.566249247586,4288.433750752459,1.0,1.0
873.9064074577219,848.5491965356474,5769.945727146408,989.0628876482536
881.3679569422283,909.1764390644023,5302.027431622007,978.9639535833521

649.6818560906929,603.2160467403397,2209.56386869554,1995.8524816981424
383.8571719547978,428.2449252141695,2106.6725720628738,1328.9110775434385
2.8046587959808034,11155.945718304747,798.7787666522314,3016.3301149497656
12463.438599059236,3.811023840051685,433.37448286366345,1870.5166355343442

Iteration: ,99999
Error:,0.040845060998405694
Absolute Error:,0.165507324002254
Transition Probabilities
4.621499214345137e-05,4.621499214345137e-05,0.2946723334447944,0.7052352365709188
0.7052742862559077,0.294602264574288,6.172458490216634e-05,6.172458490216634e-05
0.10233909503252694,0.09913970754371808,0.6820572180430354,0.11646397938071958
0.10809064267266132,0.1108527793027198,0.6599992565485558,0.12105732147606298

0.11859051854749611,0.11056962274747459,0.40215271568183697,0.3686871430231923
0.09046148743367852,0.10139515189769213,0.4951102639904659,0.3130330966781635
0.00017073129303297576,0.7459041132320804,0.05142082700999379,0.20250432846489286
0.8421018370391591,0.00023474773365579385,0.028444146208548,0.1292192690186371

Transition Gammas
1.0,1.0,6376.119951078456,15259.88004892153
11426.148711631995,4772.851288368054,1.0,1.0
956.9661724113586,927.048909626759,6377.87235766283,1089.0470404916052
978.9840327643915,1004.0008851974915,5977.656509584494,1096.424092261099

720.671038426556,671.9282942669745,2443.8700392427636,2240.5007539504863
422.18646430969414,473.21420299677567,2310.694393023581,1460.9348137831569
2.838549605631559,12401.275646901697,854.9139741024223,3366.8027195909685
13819.03355348527,3.8522500074337067,466.7732494661298,2120.510056840487


Model Num 3
Model States: 
"['diamond', 'x', 'square']","['diamond', 'x', 'diamond']","['square', 'y', 'diamond', 'x', 'diamond']","['square', 'y', 'diamond', 'x', 'square']","['square', 'y', 'square', 'y', 'diamond', 'x', 'square']"
Iteration: ,0
Error:,0.33274616278508823
Absolute Error:,1
Transition Probabilities
0.2,0.2,0.2,0.2,0.2
0.2,0.2,0.2,0.2,0.2
0.2,0.2,0.2,0.2,0.2
0.2,0.2,0.2,0.2,0.2
0.2,0.2,0.2,0.2,0.2

0.2,0.2,0.2,0.2,0.2
0.2,0.2,0.2,0.2,0.2
0.2,0.2,0.2,0.2,0.2
0.2,0.2,0.2,0.2,0.2
0.2,0.2,0.2,0.2,0.2

Transition Gammas
1.0,1.0,1.0,1.0,1.0
1.0,1.0,1.0,1.0,1.0
1.0,1.0,1.0,1.0,1.0
1.0,1.0,1.0,1.0,1.0
1.0,1.0,1.0,1.0,1.0

1.0,1.0,1.0,1.0,1.0
1.0,1.0,1.0,1.0,1.0
1.0,1.0,1.0,1.0,1.0
1.0,1.0,1.0,1.0,1.0
1.0,1.0,1.0,1.0,1.0

Iteration: ,10000
Error:,0.07101523241639099
Absolute Error:,1
Transition Probabilities
0.0005549389567147619,0.0005549389567147619,0.23630795397286153,0.5929793361406123,0.16960283197309664
0.6753718814954504,0.3225719156258656,0.0006854009595613433,0.0006854009595613433,0.0006854009595613433
0.11363725142504848,0.06966500224900565,0.5776980610952358,0.1094995262068811,0.12950015902382897
0.12456150695736705,0.08787871731817566,0.5621146098729168,0.1012873389969098,0.12415782685463075
0.11556458733779068,0.09207374711723738,0.5375289819588821,0.123550473346647,0.13128221023944295

0.10832847338708097,0.11205429803008186,0.10645592886711418,0.6035153742495318,0.06964592546619124
0.11881260651217274,0.11120246263896169,0.12259033700267795,0.5469891659010292,0.10040542794515832
0.0040830746283123725,0.9935305943964959,0.0007954436583972372,0.0007954436583972372,0.0007954436583972372
0.9912231273984082,0.00652096200861603,0.0007519701976585935,0.0007519701976585935,0.0007519701976585935
0.0015128593040847215,0.0015128593040847215,0.7340041655164576,0.14547415595816693,0.11749595991720592

Transition Gammas
1.0,1.0,425.82693305909606,1068.5487637253823,305.62430321551983
985.3675751018621,470.632424898138,1.0,1.0,1.0
98.93763614883441,60.65344381693287,502.96957956806875,95.33514887476555,112.74858775659904
103.87627233189222,73.28518894239576,468.7673722258306,84.46711561555507,103.53962913198976
35.75799757102583,28.48946118891894,166.32223135154365,38.22899062422209,40.621344851424006

90.90375527089623,94.03027815947613,89.3324109746586,506.4394629375945,58.44332488256738
81.13127957816329,75.93468699146437,83.71090574405108,373.51197190001955,68.56192356110951
5.13307835848422,1249.0269850141115,1.0,1.0,1.0
1318.1681009231158,8.671835704287647,1.0,1.0,1.0
1.0,1.0,485.1767534063781,96.15841708834826,77.66482950527305

Iteration: ,20000
Error:,0.06883665376692795
Absolute Error:,1
Transition Probabilities
0.0002771618625277163,0.0002771618625277163,0.21717456326931858,0.6058554024761873,0.17641571052943866
0.6935802327420845,0.30537337730325903,0.0003487966515521448,0.0003487966515521448,0.0003487966515521448
0.12381278799039384,0.07044200441040847,0.5732725043059099,0.11075818740759794,0.12171451588568989
0.12146738721337921,0.08369597777568084,0.578580211735455,0.09977784470408528,0.11647857857139969
0.1201977026210925,0.09058195585693121,0.5434694602723034,0.1227325452219174,0.1230183360277555

0.09803499886353138,0.1084432495005385,0.09984479687901322,0.6215786073788941,0.07209834737802266
0.10726403640344521,0.10531564628283935,0.12319117741425961,0.5603268872552519,0.10390225264420379
0.0023624449541153393,0.996420976647459,0.0004055261328085613,0.0004055261328085613,0.0004055261328085613
0.9952176750137907,0.0036595989305096134,0.00037424201856656576,0.00037424201856656576,0.00037424201856656576
0.0007418397626112761,0.0007418397626112761,0.735677212552302,0.15118281198915506,0.11165629593332035

Transition Gammas
1.0,1.0,783.5658242757012,2185.926292134083,636.5078835902144
1988.494527271558,875.5054727284443,1.0,1.0,1.0
222.3094523892839,126.48066229553302,1029.3274109292176,198.86953835595037,218.54194395876027
208.35066764260628,143.56209719017562,992.4274833385456,171.14701350673857,199.79346035311625
72.02129389172872,54.275826590672516,325.64161265909377,73.54014691422607,73.71138998435117

164.08126892445705,181.5015677116406,167.1103295489244,1040.3366942146768,120.67107117132804
139.47532661133124,136.94183675257122,160.1853732304301,728.5925295137101,135.10400232092996
5.825629381154063,2457.1066967904735,1.0,1.0,1.0
2659.288977826986,9.778696001391642,1.0,1.0,1.0
1.0,1.0,991.692882520503,203.79443056138098,150.5126869181158

Iteration: ,30000
Error:,0.07124404759798773
Absolute Error:,1
Transition Probabilities
0.00018433179723502301,0.00018433179723502301,0.20802306514624694,0.6178860633822136,0.17372220787706943
0.6984800561088845,0.30082774269129997,0.0002307337332718044,0.0002307337332718044,0.0002307337332718044
0.1212691106072003,0.08072102441397253,0.5774719269864252,0.1041145718115564,0.11642336618084571
0.12430222497249997,0.08695502714523792,0.5822734747977444,0.09428048512835946,0.11218878795615828
0.12063943714073366,0.09693093176828439,0.548448502553761,0.11583622124124328,0.11814490729597762

0.10051989637971072,0.10871802571076074,0.09844274592655379,0.6161653133116509,0.07615401867132379
0.10767859771044247,0.10438678164869805,0.1248743650228371,0.552056711925109,0.11100354369291346
0.0017086415560457011,0.9974709653859783,0.0002734643526586438,0.0002734643526586438,0.0002734643526586438
0.9966570268429765,0.0025963732204838563,0.000248866645513199,0.000248866645513199,0.000248866645513199
0.0004921259842519682,0.0004921259842519682,0.7274996073296411,0.15170718352401702,0.11980895717783778

Transition Gammas
1.0,1.0,1128.5251284183898,3352.0318938485098,942.4429777331018
3027.212563175905,1303.787436824094,1.0,1.0,1.0
325.2119755728951,216.4726341975599,1548.6283792534996,279.2079979413317,312.21695886892536
318.64913066407826,222.90947577834112,1492.6598183910344,241.68830953255852,287.5962981386323
105.77171488126082,84.9850689058642,480.8571725305554,101.56045200839637,103.58461333506798

255.0949401296423,275.89978957934176,249.82363972472788,1563.6770367873537,193.26029505850263
206.6615347499778,200.34373554103846,239.66441312641436,1059.5316969326138,213.04291837038863
6.248132670434527,3647.535613649386,1.0,1.0,1.0
4004.7834646050123,10.432789075168188,1.0,1.0,1.0
1.0,1.0,1478.279202093832,308.2689969208028,243.45180098536656

Iteration: ,40000
Error:,0.07202424598760009
Absolute Error:,1
Transition Probabilities
0.00013833171946327268,0.00013833171946327268,0.19975907432296816,0.6303114522981322,0.16965280993997311
0.7044460794058168,0.29503109033973907,0.00017427675148135233,0.00017427675148135233,0.00017427675148135233
0.11862939819656985,0.08426498075813425,0.5762040675396196,0.10319144949227767,0.11771010401339858
0.12093751662268636,0.0903970867331593,0.5767002515541528,0.0949177514787144,0.11704739361128723
0.11758746615581094,0.09996279693594919,0.5462370648140475,0.11525829057804682,0.12095438151614546

0.10120887932764235,0.10943744964709425,0.09789777634583183,0.6175218023616008,0.07393409231783069
0.11083744073362103,0.10709152585725905,0.12402283793806246,0.5502874597269133,0.10776073574414431
0.0013691331557899459,0.9980068632224218,0.0002080012072627575,0.0002080012072627575,0.0002080012072627575
0.9974349090196877,0.002012842330243509,0.00018408288335627785,0.00018408288335627785,0.00018408288335627785
0.0003700962250185046,0.0003700962250185046,0.7259157030396044,0.15300473881517304,0.12033936569518554

Transition Gammas
1.0,1.0,1444.0583482807394,4556.521488663206,1226.4201630560678
4042.111603630578,1692.8883963694234,1.0,1.0,1.0
421.5590362671822,299.4423357067899,2047.587150385257,366.6990531882848,418.29225100319934
416.1616645728733,311.0680881994642,1984.5002886502955,326.62428133145715,402.7752472474045
136.08286966535556,115.68600558833398,632.1550223642012,133.38733665542907,139.97936917447475

348.64026198079733,376.9857088522517,337.2343080892742,2127.214177100383,254.68517669833392
281.4429037167002,271.93112545025105,314.92379655682504,1397.3121313459749,273.6304102092123
6.5823327364652675,4798.082070560724,1.0,1.0,1.0
5418.401161661682,10.934435041132055,1.0,1.0,1.0
1.0,1.0,1961.4242296130124,413.41880427859786,325.15696610839154

Iteration: ,50000
Error:,0.0724294809292404
Absolute Error:,1
Transition Probabilities
0.00011085245538188659,0.00011085245538188659,0.1962165720540898,0.6365112951140293,0.16705042792111707
0.7069739295275779,0.29260660738517386,0.00013982102908277394,0.00013982102908277394,0.00013982102908277394
0.11865395669605208,0.08600598959759162,0.5742843387556265,0.10434915940758287,0.116706555543147
0.11922285723034093,0.08787489628994519,0.5790393426507783,0.09535780311011403,0.11850510071882153
0.11702580588057729,0.09916597125837918,0.546817905764186,0.11618680100666459,0.12080351609019302

0.10202705745680629,0.10892487943194379,0.09871073435687658,0.6148591728323017,0.07547815592207172
0.10699283265815959,0.10752676583747617,0.12634413806686767,0.5518385037567833,0.10729775968071319
0.0011391169324407012,0.9983619322661276,0.0001663169338105786,0.0001663169338105786,0.0001663169338105786
0.9979005964541877,0.0016598033742546152,0.00014653339051925229,0.00014653339051925229,0.00014653339051925229
0.0002971768202080236,0.0002971768202080236,0.7248299156159962,0.15454361331343336,0.12003211743015439

Transition Gammas
1.0,1.0,1770.0696964999458,5741.968393223664,1506.9619102763986
5056.277543981241,2092.722456018765,1.0,1.0,1.0
522.6381359270803,378.83279524335273,2529.565002777046,459.62942725997976,514.0603679638614
514.9816258302707,379.5745045233302,2501.153126383065,411.8968260119171,511.88128564518024
167.7900677184632,142.18287075750183,784.0203513015824,166.58711351916813,173.20649913820492

442.44203167867875,472.354551405416,428.06074139539265,2666.347029947079,327.31227858511295
339.7539604929512,341.4494564229542,401.20370894781496,1752.3539899433906,340.7222511812154
6.849073671223775,6002.767784326641,1.0,1.0,1.0
6810.0560078358285,11.327134166301448,1.0,1.0,1.0
1.0,1.0,2439.052666047829,520.0392587997036,403.9080751524698

Iteration: ,60000
Error:,0.07141596626405944
Absolute Error:,1
Transition Probabilities
9.241290084095737e-05,9.241290084095737e-05,0.190841603257128,0.6389271470397864,0.1700464239014035
0.7071900882778256,0.29245763365735516,0.00011742602160638793,0.00011742602160638793,0.00011742602160638793
0.11843953286985873,0.08483863307119505,0.5774724785945434,0.104002652738464,0.11524670272593879
0.12098897757637932,0.08658927192257886,0.5818736630713771,0.09311220319776269,0.1174358842319021
0.11759710049996065,0.09811744770689618,0.5497560935760135,0.11479502084478896,0.11973433737234071

0.1047173020176314,0.10541640398221876,0.09927550856270634,0.6141716975784445,0.07641908785899895
0.10946810845830156,0.10336938239313802,0.1296834170352383,0.5491341128212363,0.10834497929208584
0.0009813560777250144,0.9986022215925546,0.00013880744324014192,0.00013880744324014192,0.00013880744324014192
0.9982146132828382,0.0014197459944145278,0.00012188024091571902,0.00012188024091571902,0.00012188024091571902
0.0002450980392156861,0.0002450980392156861,0.7237965150064947,0.1552037292761786,0.1205095596388954

Transition Gammas
1.0,1.0,2065.096988845383,6913.830658117531,1840.0723530370879
6022.430791773965,2490.5692082260375,1.0,1.0,1.0
629.305100386864,450.77334575624286,3068.2861313874055,552.5975849127587,612.3406270767107
626.7704600139475,448.56646351049903,3014.334287129709,482.3578114322994,608.3640399036146
201.47960013697337,168.10503019547198,941.8993957814189,196.6787854393684,205.14133693672784

545.7610515015449,549.4046005230405,517.3997505437139,3200.913173034807,398.2776574753045
416.0054968453574,392.8288511300574,492.8285972612579,2086.843489452922,411.73733223199827
7.069909615921913,7194.154710168795,1.0,1.0,1.0
8190.126683234161,11.648696981131597,1.0,1.0,1.0
1.0,1.0,2953.0897812265002,633.2312154468091,491.67900332669353

Iteration: ,70000
Error:,0.0718821497947537
Absolute Error:,1
Transition Probabilities
7.923930269413619e-05,7.923930269413619e-05,0.18717638006486476,0.6417149462343973,0.1709501950953497
0.7075357897373394,0.29216108810443076,0.00010104071940992224,0.00010104071940992224,0.00010104071940992224
0.11858460479596522,0.08470222533976786,0.579070346152139,0.1041990029503025,0.11344382076182538
0.12109497438414574,0.08632510936131249,0.583863112246615,0.09288196703935386,0.11583483696857294
0.11804098566582592,0.09786605156894945,0.5521537257179782,0.11461395395564548,0.11732528309160105

0.1060763062926216,0.10420986300200874,0.10046185349612062,0.6129412570680378,0.07631072014121125
0.10850967061107898,0.10190732673334017,0.1329142399380007,0.5478991852691337,0.10876957744844636
0.0008656596402179682,0.9987764688898991,0.00011929048996097067,0.00011929048996097067,0.00011929048996097067
0.9984451450200171,0.0012421954611426904,0.00010421983961340267,0.00010421983961340267,0.00010421983961340267
0.00021097046413502097,0.00021097046413502097,0.7272293263715796,0.1551713092303342,0.11717742346981626

Transition Gammas
1.0,1.0,2362.165916418596,8098.442621478104,2157.391462103316
7002.481711030446,2891.51828896955,1.0,1.0,1.0
740.0432898886772,528.595711131186,3613.7669369539008,650.2679928742785,707.9615307448337
732.5029498029861,522.1801942715928,3531.7853129484733,561.8425965721831,700.6844024778662
236.0074971884893,195.67035771706745,1103.9590878960817,229.15559594297616,234.57654358943722

646.3989500549103,635.0253735649726,612.186065767823,3735.0903218778035,465.01590318519715
480.40306186785637,451.1726145122602,588.4490061804228,2425.7049598980293,481.5537430907236
7.256736396180398,8372.641182182064,1.0,1.0,1.0
9580.183089166998,11.918992254742868,1.0,1.0,1.0
1.0,1.0,3447.0670070012893,735.5120057517845,555.4209872469294

Iteration: ,80000
Error:,0.07070805191362667
Absolute Error:,1
Transition Probabilities
6.929526713325468e-05,6.929526713325468e-05,0.1858482355588833,0.6420499492477644,0.17196322465908578
0.7088700447078218,0.2908643980645956,8.851907586084806e-05,8.851907586084806e-05,8.851907586084806e-05
0.11932275548297104,0.0859965993541123,0.5766869867492294,0.1056310983638688,0.1123625600498185
0.12159354698920896,0.08574804322925574,0.584842408392621,0.09168651456184117,0.11612948682707297
0.1188284748443444,0.09837216954829126,0.551735445100287,0.114378211129658,0.11668569937741936

0.10753098981261364,0.10299163099641953,0.10061490417352567,0.612790060531638,0.07607241448580317
0.10777853389937904,0.10066354021440478,0.13537707170932348,0.5495559770746704,0.10662487710222215
0.000775503997460187,0.9989108964218636,0.00010453319355876743,0.00010453319355876743,0.00010453319355876743
