0,1,2,3,4,5,6,7,8,9,10,11,12,13,14,15,16,17,18,19,20,21,22,23,24,25,26,27,28,29
github Code Version (SHA):,5357b32b3ee30307de908fca3f99e3dc33d9bcd5
Environment Observations,Environment Actions,alpha,epsilon,numActions,explore,patience,gainThresh,insertRandActions,useBudd,revisedSplitting,haveControl,confidence_factor
"['rose', 'volcano', 'nothing']","['b', 'f', 't']",0.99,0.99,25000,0.5,0,0.01,False,False,False,False,

Model Num 0
Model States: 
['rose'],['volcano'],['nothing']
Iteration: ,0
Error:,0.7892653154094339
Absolute Error:,1
Transition Probabilities
0.3333333333333333,0.3333333333333333,0.3333333333333333
0.3333333333333333,0.3333333333333333,0.3333333333333333
0.3333333333333333,0.3333333333333333,0.3333333333333333

0.3333333333333333,0.3333333333333333,0.3333333333333333
0.3333333333333333,0.3333333333333333,0.3333333333333333
0.3333333333333333,0.3333333333333333,0.3333333333333333

0.3333333333333333,0.3333333333333333,0.3333333333333333
0.3333333333333333,0.3333333333333333,0.3333333333333333
0.3333333333333333,0.3333333333333333,0.3333333333333333

Transition Gammas
1.0,1.0,1.0
1.0,1.0,1.0
1.0,1.0,1.0

1.0,1.0,1.0
1.0,1.0,1.0
1.0,1.0,1.0

1.0,1.0,1.0
1.0,1.0,1.0
1.0,1.0,1.0

Iteration: ,2500
Error:,0.2455708310728789
Absolute Error:,1
Transition Probabilities
0.022727272727272728,0.013636363636363636,0.9636363636363636
0.01,0.01,0.98
0.5130641330166271,0.47030878859857483,0.0166270783847981

0.018604651162790697,0.013953488372093023,0.9674418604651163
0.009852216748768473,0.019704433497536946,0.9704433497536946
0.5207823960880196,0.46943765281173594,0.009779951100244499

0.9411764705882353,0.027450980392156862,0.03137254901960784
0.02040816326530612,0.9438775510204082,0.03571428571428571
0.009852216748768473,0.012315270935960592,0.9778325123152709

Transition Gammas
5.0,3.0,212.0
2.0,2.0,196.0
216.0,198.0,7.0

4.0,3.0,208.0
2.0,4.0,197.0
213.0,192.0,4.0

240.0,7.0,8.0
4.0,185.0,7.0
4.0,5.0,397.0

Iteration: ,5000
Error:,0.24333746575018161
Absolute Error:,1
Transition Probabilities
0.023923444976076555,0.01674641148325359,0.9593301435406698
0.018823529411764704,0.007058823529411765,0.9741176470588235
0.49038461538461536,0.49038461538461536,0.019230769230769232

0.018433179723502304,0.02304147465437788,0.9585253456221198
0.009779951100244499,0.014669926650366748,0.9755501222493888
0.5036057692307693,0.48677884615384615,0.009615384615384616

0.9541666666666667,0.01875,0.027083333333333334
0.016826923076923076,0.9495192307692307,0.03365384615384615
0.012836970474967908,0.008985879332477536,0.9781771501925546

Transition Gammas
10.0,7.0,401.0
8.0,3.0,414.0
408.0,408.0,16.0

8.0,10.0,416.0
4.0,6.0,399.0
419.0,405.0,8.0

458.0,9.0,13.0
7.0,395.0,14.0
10.0,7.0,762.0

Iteration: ,7500
Error:,0.2407119179657027
Absolute Error:,1
Transition Probabilities
0.022653721682847898,0.01779935275080906,0.959546925566343
0.01848998459167951,0.007704160246533128,0.9738058551617874
0.4813614262560778,0.5,0.018638573743922204

0.0202808112324493,0.0234009360374415,0.9563182527301092
0.006430868167202572,0.022508038585209004,0.9710610932475884
0.4992063492063492,0.4880952380952381,0.012698412698412698

0.9550724637681159,0.017391304347826087,0.02753623188405797
0.01938610662358643,0.9547657512116317,0.025848142164781908
0.010906040268456376,0.008389261744966443,0.9807046979865772

Transition Gammas
14.0,11.0,593.0
12.0,5.0,632.0
594.0,617.0,23.0

13.0,15.0,613.0
4.0,14.0,604.0
629.0,615.0,16.0

659.0,12.0,19.0
12.0,591.0,16.0
13.0,10.0,1169.0

Iteration: ,10000
Error:,0.24109788492990192
Absolute Error:,1
Transition Probabilities
0.018404907975460124,0.020858895705521473,0.9607361963190184
0.01629802095459837,0.010477299185098952,0.9732246798603027
0.48689823278488725,0.49055453991468617,0.02254722730042657

0.01647058823529412,0.023529411764705882,0.96
0.010714285714285714,0.02023809523809524,0.969047619047619
0.49049881235154397,0.49524940617577196,0.014251781472684086

0.9527027027027027,0.019144144144144143,0.028153153153153154
0.0173053152039555,0.9530284301606922,0.029666254635352288
0.009762050030506406,0.010982306284319707,0.9792556436851739

Transition Gammas
15.0,17.0,783.0
14.0,9.0,836.0
799.0,805.0,37.0

14.0,20.0,816.0
9.0,17.0,814.0
826.0,834.0,24.0

846.0,17.0,25.0
14.0,771.0,24.0
16.0,18.0,1605.0

Iteration: ,12500
Error:,0.2375664212884582
Absolute Error:,1
Transition Probabilities
0.01678183613030602,0.018756169792694965,0.9644619940769991
0.014828544949026877,0.011121408711770158,0.974050046339203
0.48314065510597304,0.49421965317919075,0.022639691714836225

0.013257575757575758,0.021780303030303032,0.9649621212121212
0.012229539040451553,0.01881467544684854,0.9689557855126999
0.48564593301435405,0.4995215311004785,0.014832535885167464

0.9580615097856477,0.016775396085740912,0.02516309412861137
0.018682399213372666,0.9557522123893806,0.025565388397246803
0.008746355685131196,0.012147716229348883,0.9791059280855199

Transition Gammas
17.0,19.0,977.0
16.0,12.0,1051.0
1003.0,1026.0,47.0

14.0,23.0,1019.0
13.0,20.0,1030.0
1015.0,1044.0,31.0

1028.0,18.0,27.0
19.0,972.0,26.0
18.0,25.0,2015.0

Iteration: ,15000
Error:,0.24023030613295968
Absolute Error:,1
Transition Probabilities
0.014669926650366748,0.017929910350448247,0.967400162999185
0.01751592356687898,0.010350318471337579,0.9721337579617835
0.48167330677290837,0.4968127490039841,0.02151394422310757

0.013343799058084773,0.02119309262166405,0.9654631083202512
0.013188518231186967,0.018619084561675717,0.9681923972071373
0.49435483870967745,0.4915322580645161,0.014112903225806451

0.9618320610687023,0.01450381679389313,0.02366412213740458
0.017770597738287562,0.9555735056542811,0.02665589660743134
0.008603031544448997,0.01188037689471528,0.9795165915608357

Transition Gammas
18.0,22.0,1187.0
22.0,13.0,1221.0
1209.0,1247.0,54.0

17.0,27.0,1230.0
17.0,24.0,1248.0
1226.0,1219.0,35.0

1260.0,19.0,31.0
22.0,1183.0,33.0
21.0,29.0,2391.0

Iteration: ,17500
Error:,0.23602547092902496
Absolute Error:,1
Transition Probabilities
0.012526096033402923,0.016005567153792623,0.9714683368128044
0.018582243633860976,0.01032346868547832,0.9710942876806608
0.47917383820998277,0.4998278829604131,0.02099827882960413

0.011502029769959404,0.018944519621109608,0.969553450608931
0.011310711909514305,0.017298735861610112,0.9713905522288756
0.4996565934065934,0.48592032967032966,0.014423076923076924

0.963254593175853,0.014435695538057743,0.02230971128608924
0.015667574931880108,0.9591280653950953,0.025204359673024524
0.00773286467486819,0.012302284710017574,0.9799648506151142

Transition Gammas
18.0,23.0,1396.0
27.0,15.0,1411.0
1392.0,1452.0,61.0

17.0,28.0,1433.0
17.0,26.0,1460.0
1455.0,1415.0,42.0

1468.0,22.0,34.0
23.0,1408.0,37.0
22.0,35.0,2788.0

Iteration: ,20000
Error:,0.2371121719944936
Absolute Error:,1
Transition Probabilities
0.011557177615571776,0.014598540145985401,0.9738442822384428
0.016918429003021148,0.013293051359516616,0.9697885196374623
0.48453917742419694,0.4956469528670069,0.01981386970879616

0.010582010582010581,0.017048794826572605,0.9723691945914168
0.011143695014662757,0.017008797653958945,0.9718475073313783
0.4998493522145224,0.4847845736667671,0.015366074118710455

0.9652421652421652,0.013105413105413105,0.021652421652421653
0.014492753623188406,0.9601449275362319,0.025362318840579712
0.007977907333537895,0.011966861000306842,0.9800552316661553

Transition Gammas
19.0,24.0,1601.0
28.0,22.0,1605.0
1614.0,1651.0,66.0

18.0,29.0,1654.0
19.0,29.0,1657.0
1659.0,1609.0,51.0

1694.0,23.0,38.0
24.0,1590.0,42.0
26.0,39.0,3194.0

Iteration: ,22500
Error:,0.23483189398446985
Absolute Error:,1
Transition Probabilities
0.0106951871657754,0.014438502673796792,0.9748663101604278
0.016657710908113917,0.013433637829124127,0.9699086512627619
0.4841738197424893,0.4959763948497854,0.01984978540772532

0.011572856391372961,0.016833245660178853,0.9715938979484482
0.01158504476040021,0.01579778830963665,0.9726171669299631
0.5022733351163413,0.48248194704466435,0.015244717838994384

0.9658634538152611,0.012550200803212851,0.021586345381526106
0.016630901287553648,0.9592274678111588,0.024141630901287552
0.008172160174339417,0.011985834922364479,0.9798420049032961

Transition Gammas
20.0,27.0,1823.0
31.0,25.0,1805.0
1805.0,1849.0,74.0

22.0,32.0,1847.0
22.0,30.0,1847.0
1878.0,1804.0,57.0

1924.0,25.0,43.0
31.0,1788.0,45.0
30.0,44.0,3597.0

Iteration: ,24999
Error:,0.24050494210380358
Absolute Error:,1
Transition Probabilities
0.011068334937439845,0.014436958614051972,0.9744947064485082
0.015392015392015393,0.01443001443001443,0.9701779701779701
0.4843636363636364,0.49696969696969695,0.018666666666666668

0.011374407582938388,0.016113744075829384,0.9725118483412323
0.011466794075489728,0.015289058767319636,0.9732441471571907
0.5016786570743406,0.48201438848920863,0.01630695443645084

0.9651268115942029,0.012228260869565218,0.022644927536231884
0.017797017797017797,0.9571909571909571,0.025012025012025013
0.00857422831945125,0.011758941695247428,0.9796668299853013

Transition Gammas
23.0,30.0,2025.0
32.0,30.0,2017.0
1998.0,2050.0,77.0

24.0,34.0,2052.0
24.0,32.0,2037.0
2092.0,2010.0,68.0

2131.0,27.0,50.0
37.0,1990.0,52.0
35.0,48.0,3999.0


Model Num 1
Model States: 
['rose'],['volcano'],"['nothing', 'f', 'rose']","['nothing', 'f', 'volcano']"
Iteration: ,0
Error:,0.7495058490888455
Absolute Error:,0.7399999999999999
Transition Probabilities
0.25,0.25,0.25,0.25
0.25,0.25,0.25,0.25
0.25,0.25,0.25,0.25
0.25,0.25,0.25,0.25

0.25,0.25,0.25,0.25
0.25,0.25,0.25,0.25
0.25,0.25,0.25,0.25
0.25,0.25,0.25,0.25

0.25,0.25,0.25,0.25
0.25,0.25,0.25,0.25
0.25,0.25,0.25,0.25
0.25,0.25,0.25,0.25

Transition Gammas
1.0,1.0,1.0,1.0
1.0,1.0,1.0,1.0
1.0,1.0,1.0,1.0
1.0,1.0,1.0,1.0

1.0,1.0,1.0,1.0
1.0,1.0,1.0,1.0
1.0,1.0,1.0,1.0
1.0,1.0,1.0,1.0

1.0,1.0,1.0,1.0
1.0,1.0,1.0,1.0
1.0,1.0,1.0,1.0
1.0,1.0,1.0,1.0

Iteration: ,2500
Error:,0.05910186709386709
Absolute Error:,0.05011407841749707
Transition Probabilities
0.017316017316017316,0.017316017316017316,0.946481510714608,0.018886454653357383
0.008968609865470855,0.02242152466367714,0.026685387900260392,0.9419244775705916
0.04459897726543949,0.9081211555543454,0.017092979142251656,0.030186888037963672
0.9196138450992268,0.04121332361686992,0.018356194403757548,0.020816636880145834

0.02024291497975709,0.008097165991902834,0.00858191319233506,0.963078005836005
0.03361344537815125,0.016806722689075626,0.9433590092427007,0.006220822690072556
0.9833434218568199,0.0026794098688196727,0.007276623169553649,0.00670054510480675
0.0026897375133553584,0.9763747173479952,0.007140662687281869,0.013794882451367665

0.96484375,0.015625,0.0078125,0.01171875
0.014285714285714285,0.9571428571428572,0.005589002958065078,0.022982425613363496
0.013018284846980532,0.010063801754493444,0.05755097880787263,0.9193669345906533
0.015620109681847773,0.018420343067235216,0.8562788933187239,0.10968065393219319

Transition Gammas
4.0,4.0,218.63722897507444,4.362771024925555
2.0,5.0,5.950841501758065,210.04915849824184
3.927098772710557,79.96330171933191,1.5050976844601451,2.658062992348081
90.0729012272894,4.0366982806681095,1.7979238723403235,2.03891545085145

5.0,2.0,2.1197325585067595,237.8802674414932
8.0,4.0,224.5194441997628,1.4805558002372687
367.0,1.0,2.7157559036531915,2.5007540588623933
1.0,363.0,2.6547804950580955,5.128709542426319

247.0,4.0,2.0,3.0
3.0,201.0,1.1736906211936664,4.826309378806334
1.3239462485656048,1.023478341101125,5.852875658319473,93.49867654715449
1.6760537514343952,1.976521658898875,91.87960140182362,11.768846392702402

Iteration: ,5000
Error:,0.046062273777180314
Absolute Error:,0.03793126810107184
Transition Probabilities
0.011037527593818985,0.011037527593818985,0.9638229574256647,0.01410198738669737
0.008510638297872342,0.021276595744680854,0.01487433045652031,0.9553384355009266
0.022646472600326543,0.9481976962322313,0.00929132138276666,0.019864509784675556
0.9445879446033861,0.026816359860436075,0.011603716215533308,0.016991979320644463

0.01698513800424628,0.00424628450106157,0.017289519129231188,0.961479058365461
0.021598272138228937,0.019438444924406044,0.9514383150045278,0.007524967932837154
0.9766977131596183,0.0013641029513402488,0.007208801712796029,0.014729382176245505
0.0013496779306649124,0.971768110078737,0.009604322750450962,0.017277889240147174

0.9572649572649573,0.017094017094017096,0.014078186290805133,0.011562839350220509
0.008676789587852495,0.9739696312364425,0.00508097305985849,0.0122726061158465
0.017222647169272746,0.020103707062573032,0.03611832051875544,0.9265553252493988
0.022200456496158726,0.014744473159254893,0.8976575244504481,0.06539754589413835

Transition Gammas
5.0,5.0,436.6117997138261,6.388200286173909
4.0,10.0,6.9909353145645445,449.0090646854354
4.246802676682882,177.8117318953027,1.7423644385874641,3.7251122862876684
182.75319732331704,5.188268104697325,2.2450172599985248,3.2875060151263424

8.0,2.0,8.143363509867891,452.85663649013225
10.0,9.0,440.5159398470965,3.4840601529036035
716.0,1.0,5.284646371971622,10.797852289501826
1.0,720.0,7.116010814312892,12.801490524213657

448.0,8.0,6.588591184096802,5.411408815903198
4.0,449.0,2.3423285805947636,5.657671419405236
3.3525745481357974,3.9134040173225157,7.030821737359182,180.36401549309508
4.647425451864202,3.0865959826774843,187.91489386311753,13.690268906428294

Iteration: ,7500
Error:,0.040903801319009635
Absolute Error:,0.03324378252868133
Transition Probabilities
0.009104704097116844,0.019726858877086494,0.9584156845638131,0.01275275246198359
0.006821282401091401,0.019099590723055924,0.010919579916297452,0.9631595469595552
0.018184636742435905,0.95593215649745,0.008018744884705538,0.017864461875408577
0.9537835583254773,0.019767945484744847,0.011242578282005835,0.015205917907772072

0.01547116736990154,0.0070323488045006995,0.012883823182757508,0.9646126606428402
0.02449567723342939,0.017291066282420747,0.9474175791549596,0.010795677329190232
0.9782470473315834,0.0009352266226879383,0.00636188874125307,0.014455837304475572
0.0008697615206260769,0.9732631415805801,0.009980413503670474,0.0158866833951234

0.9614814814814815,0.014814814814814815,0.012047984335905334,0.01165571936779837
0.012949640287769784,0.9669064748201439,0.00416879138470169,0.01597509350738464
0.014395881615557271,0.01512612702723045,0.025548573088585377,0.9449294182686269
0.022914110912604164,0.012256022183273855,0.9177875385526654,0.04704232835145656

Transition Gammas
6.0,13.0,631.5959361275528,8.404063872447185
5.0,14.0,8.004052078646037,705.9959479213544
4.985775589266826,262.09284674562866,2.1985406180496327,4.897991595617043
285.01422441073316,5.907153254371327,3.3595617175960846,4.54390606873724

11.0,5.0,9.160398282940593,685.8396017170597
17.0,12.0,657.5077999335421,7.492200066458023
1046.0,1.0,6.802510308109432,15.457042126247432
1.0,1119.0,11.474885088600278,18.26556247704285

649.0,10.0,8.1323894267361,7.8676105732638995
9.0,672.0,2.897310012367674,11.102689987632326
4.10278172047032,4.310899403463233,7.281264284548675,269.3019606536339
6.897218279529679,3.6891005965367674,276.25688868198705,14.159886379830251

Iteration: ,10000
Error:,0.03674001249047249
Absolute Error:,0.029571583703507348
Transition Probabilities
0.014317180616740087,0.014317180616740087,0.957682049862623,0.013683588903896867
0.008230452674897117,0.014403292181069956,0.011331312821707564,0.9660349423223253
0.016481249586673862,0.9580405796352137,0.009090605865771132,0.016387564912341168
0.9605413665282623,0.015995204367561966,0.008448793653344442,0.015014635450831322

0.018046709129511677,0.006369426751592357,0.013986022644193368,0.9615978414747025
0.019736842105263157,0.015350877192982454,0.9544915156022605,0.010420765099493865
0.9813520988141496,0.0006979744657284137,0.005272812581935757,0.012677114138186157
0.0006560462265429155,0.9722605077366007,0.010681285198863225,0.016402160837993205

0.9616228070175439,0.015350877192982455,0.012983485421873723,0.010042830367599962
0.013230429988974642,0.9669239250275634,0.0033841110048087957,0.01646153397865317
0.010965886393689027,0.012173256036160146,0.019711653548098892,0.9571492040220518
0.018015009322531656,0.011611288019532342,0.9327568034890101,0.03761689916892595

Transition Gammas
13.0,13.0,869.5753012752617,12.424698724738358
8.0,14.0,11.014036062699756,938.9859639373004
6.098043839850044,354.47393865660825,3.3635139622600567,6.063380615547879
391.9019561601502,6.526061343391889,3.4471172979323486,6.125988124259716

17.0,6.0,13.174833330830152,905.8251666691698
18.0,14.0,870.4962622292617,9.503737770738406
1406.0,1.0,7.554449110732143,18.16271906875015
1.0,1482.0,16.281299650405817,25.00153217011188

877.0,14.0,11.840938704748835,9.159061295251165
12.0,877.0,3.069388681361578,14.930611318638423
4.10278172047032,4.5545075473795,7.374927019481712,358.10823831664015
6.897218279529679,4.4454924526205,357.11484574885475,14.401988915023217

Iteration: ,12500
Error:,0.03317308141730096
Absolute Error:,0.026830953325392103
Transition Probabilities
0.01226993865030675,0.014899211218229626,0.9601746373728501,0.012656212758613379
0.009075907590759064,0.014026402640264009,0.01074611279629663,0.9661515769726803
0.01508856058181895,0.9636097172502623,0.008109698619280743,0.013192023548638012
0.9631119411840486,0.014305947232553172,0.010240665855660674,0.01234144572773747

0.016536118363794594,0.006092254134029587,0.012348235768055812,0.9650233917341199
0.01938325991189427,0.015859030837004403,0.9546148092925539,0.010142899958547356
0.981616061918314,0.0005593253914064467,0.005556984693084343,0.012267627997195267
0.0005282252000318745,0.9745754940588084,0.009959051170589187,0.01493722957057051

0.9637742207245156,0.014321819713563605,0.012760024103513025,0.009143935458407783
0.012511170688114389,0.966934763181412,0.003698424754873038,0.0168556413756006
0.008522780657109062,0.0156302763778533,0.015440774708825045,0.9604061682562126
0.014261944228593048,0.00925485618612411,0.9436148942247451,0.03286830536053768

Transition Gammas
14.0,17.0,1095.5592612424218,14.440738757577863
11.0,17.0,13.024288709111532,1170.97571129089
6.935075988229746,442.8988819635662,3.7274182557958633,6.063380615547879
478.06492401177053,7.101118036433919,5.083213004396542,6.125988124259716

19.0,7.0,14.188122897496136,1108.8118771025045
22.0,18.0,1083.4878085470489,11.512191452951251
1755.0,1.0,9.935155418406943,21.932900214574225
1.0,1845.0,18.85379790662814,28.27814646039068

1144.0,17.0,15.146148610869961,10.853851389130039
14.0,1082.0,4.13853730070293,18.86146269929707
4.10278172047032,7.524259368973097,7.433035152961013,462.32996364417744
6.897218279529679,4.475740631026903,456.3415613584564,15.895439844405276

Iteration: ,15000
Error:,0.031403043883564796
Absolute Error:,0.025180452392715085
Transition Probabilities
0.011210762331838571,0.013452914798206286,0.9637883116235645,0.011548011246390663
0.008825526137135088,0.013577732518669365,0.01020684985647244,0.967389891487723
0.013001410363198327,0.9661244989156703,0.007415530536493288,0.01345856018463804
0.9654407752891188,0.014194521601958289,0.008769356097352861,0.011595347011570256

0.015239477503628448,0.005805515239477504,0.011029034795174768,0.9679259724617193
0.016260162601626004,0.014781966001478186,0.9582257143692776,0.010732157027618162
0.9823880105906475,0.00046824976672576145,0.005014088696851408,0.01212965094577531
0.00043489840184467784,0.9750422169357676,0.009958142051952638,0.014564742610435158

0.9643620812544548,0.014255167498218105,0.01295056535562581,0.008432185891701345
0.010877447425670777,0.9666424945612763,0.004602105326695511,0.017877952686357425
0.010430050244556722,0.01627813454075939,0.013836621855891178,0.9594551933587928
0.011784634661619662,0.012801042109551682,0.9468129289375028,0.028601394291326

Transition Gammas
15.0,18.0,1289.5487609523286,15.4512390476707
13.0,20.0,15.034689838583922,1424.9653101614178
6.967724042763687,517.7660508626351,3.9741358026224165,7.212720063426714
560.032275957237,8.23394913736503,5.086922553493011,6.7262215804578585

21.0,8.0,15.19800994775083,1333.8019900522493
22.0,20.0,1296.4793915416335,14.520608458367382
2098.0,1.0,10.708149908781472,25.904232757214054
1.0,2242.0,22.89762852591293,33.48998880809154

1353.0,20.0,18.169643193943013,11.830356806056987
15.0,1333.0,6.34630324551311,24.653696754486887
6.067628365957256,9.469721484412462,8.049383971629904,558.158149825503
6.9323716340427435,7.530278515587539,556.9675496761791,16.82491652668762

Iteration: ,17500
Error:,0.03046347979128009
Absolute Error:,0.024692118712556343
Transition Probabilities
0.012618296529968463,0.014511041009463732,0.9618542637466774,0.011016398713890476
0.011137162954278997,0.014654161781946048,0.009403678573009052,0.9648049966907658
0.011894885215442986,0.9691233001802995,0.006434339103766115,0.012547475500491411
0.9656852587894164,0.013254568692972509,0.008414268177627313,0.01264590433998369

0.015009380863039398,0.007504690431519699,0.01138554093955181,0.9661003877658891
0.01569365976145636,0.01318267419962334,0.9607472965355323,0.01037636950338804
0.9835792050771676,0.0003983714884881197,0.004504087472795355,0.011518335961549055
0.0003744224259753516,0.9749959972398154,0.00997060412077133,0.014658976213437784

0.9646182495344506,0.0148975791433892,0.012313417816770995,0.008170753505389155
0.010423053341508276,0.9693439607602697,0.004504171211228148,0.0157288146869938
0.010894527849772772,0.014116764356316156,0.01411103695954016,0.9608776708343709
0.012949909489028737,0.011219359730385594,0.9478578610468722,0.027972869733713396

Transition Gammas
20.0,23.0,1524.5390080384825,17.46099196151639
19.0,25.0,16.04267564555347,1645.9573243544492
7.526275634514172,613.1954154141297,4.0712128569349275,7.939190452330487
641.4737243654863,8.804584585870076,5.589328299863389,8.400268390871195

24.0,12.0,18.205479962343347,1544.7945200376569
25.0,21.0,1530.4704433811041,16.52955661889716
2469.0,1.0,11.306249575965015,28.91355504698112
1.0,2604.0,26.629292021700913,39.15090335535295

1554.0,24.0,19.836916102818073,13.163083897181929
17.0,1581.0,7.34630324551311,25.653696754486887
7.308200508097551,9.469721484412462,9.465879467153377,644.5700794970941
8.691799491902449,7.530278515587539,636.1890391606786,18.775001875073258

Iteration: ,20000
Error:,0.029600591903277882
Absolute Error:,0.024029494029268388
Transition Probabilities
0.01153212520593082,0.014827018121911055,0.963497819575113,0.010143037097045038
0.011006289308176077,0.014150943396226384,0.009983938192355189,0.9648588291032423
0.012030114724568278,0.9675358280631343,0.008318605778557754,0.012115451433739636
0.967384254451551,0.012366159900688472,0.008299933123637204,0.011949652524123323

0.015667206915180983,0.008103727714748784,0.012004709019444587,0.9642243563506256
0.015864332603938717,0.012035010940919027,0.9619593803321064,0.010141276123035862
0.9842320580204275,0.0003453445817615535,0.0042250291635968105,0.011197568234214068
0.0003301047522138053,0.9744692285351533,0.010196986049009605,0.015003680663623202

0.9666307857911733,0.013455328310010764,0.01196465734625032,0.007949228552565614
0.010804970286331712,0.9708265802269044,0.003968829414107569,0.014399620072656341
0.009581925043016838,0.013606849882785627,0.013541040784349341,0.9632701842898482
0.013981666819172747,0.012570363757526083,0.9487479842421911,0.02469998518111002

Transition Gammas
21.0,27.0,1754.529529446279,18.470470553718993
21.0,27.0,19.04935407101374,1840.9506459289903
8.599184386078825,691.599305255248,5.94617977988452,8.660183479925124
735.4008156139215,9.400694744751943,6.3095688818341165,9.084067858356239

29.0,15.0,22.220716394991932,1784.7792836050082
29.0,22.0,1758.461747247092,18.53825275290957
2850.0,1.0,12.234241933217943,32.42433449251431
1.0,2952.0,30.890152233873707,45.45127134039403

1796.0,25.0,22.230333349333094,14.76966665066691
20.0,1797.0,7.34630324551311,26.653696754486887
7.326218664300757,10.403625276348079,10.353308472252843,736.5041963098892
10.673781335699243,9.596374723651921,724.2862140442385,18.856281173618964

Iteration: ,22500
Error:,0.029361834311727994
Absolute Error:,0.023707745766846477
Transition Probabilities
0.01055155875299761,0.013908872901678667,0.9657168582386841,0.009822710106639484
0.01169317118802617,0.013564078578110357,0.011721989502401078,0.9630207607314624
0.011326364338335537,0.9702958764871253,0.007680951381077235,0.010696807793461872
0.9691242021826583,0.010976480076273977,0.009341303878556402,0.010558013862511303

0.015873015873015872,0.010101010101010102,0.011655756592601199,0.9623702174333727
0.015609756097560965,0.012195121951219504,0.9621727431432376,0.010022378807981822
0.984629972633574,0.00030474465262568057,0.003851203913902143,0.01121407879989826
0.00029563370516477543,0.9761824944540884,0.009276904387256778,0.014244967453490041

0.9668269230769231,0.012980769230769231,0.012133328687254908,0.008058979005052785
0.01014983083615273,0.9700338327694539,0.004706463105033458,0.015109873289359966
0.01138849687164077,0.012117385194972888,0.012746008815284074,0.9637481091181023
0.016710715182483838,0.012445810113294329,0.9474513488380362,0.023392125866185692

Transition Gammas
22.0,29.0,2013.5196494276552,20.480350572343312
25.0,29.0,25.06161355613355,2058.9383864438705
9.169875277222452,785.5558856848243,6.218532626263575,8.660183479925124
833.830124722778,9.44411431517585,8.037216035455062,9.084067858356239

33.0,21.0,24.23231795601789,2000.767682043982
32.0,25.0,1972.4541234436385,20.54587655636275
3231.0,1.0,12.637478232087624,36.79827916020095
1.0,3302.0,31.379725062425376,48.184517545286035

2011.0,27.0,25.23732366949021,16.762676330509795
21.0,2007.0,9.737672164314224,31.26232783568577
9.790288221335402,10.416887749527506,10.957293256501064,828.5001846493764
14.209711778664598,10.583112250472494,805.6513706491404,19.89115144498186

Iteration: ,24999
Error:,0.029090902176079805
Absolute Error:,0.023119460319798835
Transition Probabilities
0.012063765618268002,0.012925463162430002,0.9648909439157025,0.010119827303599492
0.011002962336013517,0.012695725772323288,0.011879202411870968,0.9644221094797921
0.010236804614657128,0.9695687111646407,0.007638221964219733,0.012556262256482481
0.9682833975642711,0.01058389492244026,0.009605024429142036,0.01152768308414663

0.016471608149111402,0.009102730819245775,0.01050847436369845,0.9639171866679445
0.014423076923076915,0.012237762237762231,0.9639186138272776,0.009420547011883221
0.9848680329160148,0.0002734984817872854,0.004015147883757581,0.010843320718440505
0.00026541584504197034,0.9761994780643669,0.009681069432728368,0.013854036657862796

0.9699828473413379,0.011578044596912522,0.011119728643444272,0.0073193794183053
0.010118785745710514,0.970523537175539,0.004358456232909096,0.01499922084584145
0.010444964845540895,0.012166846443478329,0.012079199131843636,0.9653089895791371
0.018069544547639975,0.013130962802658146,0.9468103808062273,0.02198911184347464

Transition Gammas
28.0,30.0,2239.511880828343,23.488119171654393
26.0,30.0,28.07055529925116,2278.929444700754
9.186015582062469,870.0442788452037,6.854172627473204,11.267385193165007
910.8139844179381,9.955721154796244,9.03494843838609,10.843493740975697

38.0,21.0,24.24305035705232,2223.7569496429473
33.0,28.0,2205.4457884368126,21.554211563188822
3601.0,1.0,14.680695327882587,39.64673093459416
1.0,3678.0,36.47509978613935,52.19747395138391

2262.0,27.0,25.931207196512045,17.06879280348796
23.0,2206.0,9.906771017402374,34.093228982597616
9.994835128660476,11.642511586835083,11.558641469298681,923.7086329856077
17.005164871339524,12.357488413164917,891.0388740046316,20.693851540461146

*,*,*,*,*,*,*,*,*,*,*
Model Num 1
Model States: 
['rose'],['volcano'],"['nothing', 'f', 'rose']","['nothing', 'f', 'volcano']"
Iteration: ,24999
Error:,0.029055144450602945
Absolute Error:,0.023155026265898788
Transition Probabilities
0.012063765618268002,0.012925463162430002,0.9648909439157025,0.010119827303599492
0.011002962336013517,0.012695725772323288,0.011879202411870968,0.9644221094797921
0.010236804614657128,0.9695687111646407,0.007638221964219733,0.012556262256482481
0.9682833975642711,0.01058389492244026,0.009605024429142036,0.01152768308414663

0.016471608149111402,0.009102730819245775,0.01050847436369845,0.9639171866679445
0.014423076923076915,0.012237762237762231,0.9639186138272776,0.009420547011883221
0.9848680329160148,0.0002734984817872854,0.004015147883757581,0.010843320718440505
0.00026541584504197034,0.9761994780643669,0.009681069432728368,0.013854036657862796

0.9699828473413379,0.011578044596912522,0.011119728643444272,0.0073193794183053
0.010554089709762533,0.9700967458223395,0.004356539585489171,0.014992624882408802
0.010444964845540895,0.012166846443478329,0.012079199131843636,0.9653089895791371
0.018069544547639975,0.013130962802658146,0.9468103808062273,0.02198911184347464

Transition Gammas
28.0,30.0,2239.511880828343,23.488119171654393
26.0,30.0,28.07055529925116,2278.929444700754
9.186015582062469,870.0442788452037,6.854172627473204,11.267385193165007
910.8139844179381,9.955721154796244,9.03494843838609,10.843493740975697

38.0,21.0,24.24305035705232,2223.7569496429473
33.0,28.0,2205.4457884368126,21.554211563188822
3601.0,1.0,14.680695327882587,39.64673093459416
1.0,3678.0,36.47509978613935,52.19747395138391

2262.0,27.0,25.931207196512045,17.06879280348796
24.0,2206.0,9.906771017402374,34.093228982597616
9.994835128660476,11.642511586835083,11.558641469298681,923.7086329856077
17.005164871339524,12.357488413164917,891.0388740046316,20.693851540461146

