0,1,2,3,4,5,6,7,8,9,10,11,12,13,14,15,16,17,18,19,20,21,22,23,24,25,26,27,28,29
github Code Version (SHA):,528ca1c557fe8e6666681dc5c9134b0f84d30530
Environment Observations,Environment Actions,alpha,epsilon,numActions,explore,patience,gainThresh,insertRandActions,useUpdatedPosterior,revisedSplitting,haveControl,confidence_factor
"['diamond', 'square']","['x', 'y']",0.9,0.99,75000,0.5,0,0.01,False,False,False,False,250

Model Num 0
Model States: 
['diamond'],['square']
Iteration: ,0
Error:,0.5639935370137462
Absolute Error:,1
Transition Probabilities
0.5,0.5
0.5,0.5

0.5,0.5
0.5,0.5

Transition Gammas
1.0,1.0
1.0,1.0

1.0,1.0
1.0,1.0

Iteration: ,2429
Error:,0.09664952271028017
Absolute Error:,1
Transition Probabilities
0.48,0.52
0.07162921348314606,0.9283707865168539

0.10019646365422397,0.899803536345776
0.9341736694677871,0.06582633053221289


Model Num 1
Model States: 
['square'],"['diamond', 'x', 'square']","['diamond', 'x', 'diamond']"
Iteration: ,0
Error:,0.617283283985551
Absolute Error:,1
Transition Probabilities
0.3333333333333333,0.3333333333333333,0.3333333333333333
0.3333333333333333,0.3333333333333333,0.3333333333333333
0.3333333333333333,0.3333333333333333,0.3333333333333333

0.3333333333333333,0.3333333333333333,0.3333333333333333
0.3333333333333333,0.3333333333333333,0.3333333333333333
0.3333333333333333,0.3333333333333333,0.3333333333333333

Transition Gammas
1.0,1.0,1.0
1.0,1.0,1.0
1.0,1.0,1.0

1.0,1.0,1.0
1.0,1.0,1.0
1.0,1.0,1.0

Iteration: ,2500
Error:,0.0847319267466157
Absolute Error:,1
Transition Probabilities
0.9224137931034483,0.02680533252809525,0.05078087436845646
0.99581589958159,0.0020920502092050207,0.0020920502092050207
0.0029498525073746312,0.8857324104358585,0.11131773705676687

0.07977991746905089,0.4068781398907687,0.5133419426401805
0.8917455483772966,0.043183961750329854,0.06507048987237346
0.8981239106717479,0.04080956688315013,0.061066522445102016

Transition Gammas
642.0,18.656511439554293,35.3434885604457
476.0,1.0,1.0
1.0,300.26328713775604,37.73671286224397

58.0,295.80040770058883,373.1995922994112
137.58153702744747,6.662568535784961,10.039296555010447
108.41846297255263,4.92639207516191,7.371742834042682

Iteration: ,5000
Error:,0.07877040513236327
Absolute Error:,1
Transition Probabilities
0.9242315939957112,0.03232503182638316,0.04344337417790562
0.9979057591623036,0.0010471204188481676,0.0010471204188481676
0.0015015015015015013,0.8855820620678918,0.11291643643060668

0.08230452674897114,0.4131218343365953,0.5045736389144336
0.9115353409714653,0.033457053183735784,0.0550076058447989
0.9137444584543858,0.033395564995685315,0.052859976549928966

Transition Gammas
1293.0,45.22271952511004,60.77728047488996
953.0,1.0,1.0
1.0,589.797653337216,75.20234666278407

120.0,602.3316344627563,735.6683655372447
280.90390765028263,10.310315525186985,16.95145622749282
209.0960923497175,7.6420514267418636,12.09617682057834

Iteration: ,7500
Error:,0.07977577517889017
Absolute Error:,1
Transition Probabilities
0.9204980842911877,0.03657497167027196,0.0429269440385403
0.9986149584487535,0.0006925207756232687,0.0006925207756232687
0.0009910802775024772,0.8905490152985507,0.10845990442394679

0.08042279411764702,0.4073153011200762,0.5122619047622768
0.903712491127181,0.044223770199965394,0.05206373867285363
0.9121129602314332,0.0385114651497656,0.04937557461880126

Transition Gammas
1922.0,76.36854084752785,89.63145915247215
1442.0,1.0,1.0
1.0,898.5639564362381,109.43604356376235

175.0,886.3180952372861,1114.6819047627148
415.9149939972797,20.353076114189903,23.961259549026682
308.08500600272004,13.00804339939275,16.677620937390675

Iteration: ,10000
Error:,0.07786523986568013
Absolute Error:,1
Transition Probabilities
0.9230213227322009,0.03611523628770178,0.04086344098009728
0.9989572471324296,0.0005213764337851929,0.0005213764337851929
0.0007462686567164174,0.8951520609767488,0.10410167036653473

0.0767113863089095,0.4055484005219803,0.5177402131691102
0.8997489256674636,0.046059930734395044,0.054191143598141416
0.9118270240711567,0.040342882197837236,0.04783009373100603

Transition Gammas
2554.0,99.93085880807082,113.06914119192918
1916.0,1.0,1.0
1.0,1199.5037617088442,139.49623829115663

223.0,1178.929200317397,1505.0707996826038
559.3525489507617,28.63436557222561,33.689347591819285
420.6474510492378,18.611129212568283,22.065157623386835

Iteration: ,12500
Error:,0.07822145310909549
Absolute Error:,1
Transition Probabilities
0.9233439398322245,0.03799097890580187,0.038665081261973655
0.9991666666666666,0.0004166666666666667,0.0004166666666666667
0.0005899705014749256,0.8882606945720359,0.11114933492648914

0.08094713656387663,0.39681163485301807,0.5222412285831053
0.9008541074789802,0.04909360894447423,0.050052283576545516
0.9095425911401512,0.04431594198659708,0.0461414668732516

Transition Gammas
3192.0,131.33481407735707,133.66518592264293
2398.0,1.0,1.0
1.0,1505.6018772996026,188.39812270039928

294.0,1441.219857786162,1896.7801422138389
684.4356602860245,37.29950984823492,38.02787540637995
519.5643397139754,25.314903734421424,26.357711010963722

Iteration: ,15000
Error:,0.08025803767748833
Absolute Error:,1
Transition Probabilities
0.9215165418980923,0.03931142805034805,0.039172030051559704
0.9993045897079277,0.0003477051460361613,0.0003477051460361613
0.00048685491723466365,0.891081645174919,0.1084314999078465

0.08118675252989876,0.39203219166608855,0.5267810558040126
0.8999004633122031,0.048309009583752935,0.05179052710404396
0.9113186900151311,0.04368027982787544,0.04500103015699331

Transition Gammas
3816.0,162.78862355649127,162.21137644350873
2874.0,1.0,1.0
1.0,1830.281699189285,222.71830081071693

353.0,1704.5559693641537,2290.444030635848
824.7449422933241,44.274464727747706,47.465222020834524
619.2550577066758,29.681421550792113,30.578891700625668

Iteration: ,16565
Error:,0.07833835019832412
Absolute Error:,1
Transition Probabilities
0.9220243266724587,0.0400508382150854,0.03792483511245587
0.9993694829760403,0.00031525851197982345,0.00031525851197982345
0.0004436557231588284,0.8889126593870913,0.11064368488974982

0.08116002503651155,0.393407669183076,0.5254323057804126
0.901038470241363,0.048535695806245685,0.05042583395239136
0.9128634600045717,0.042737018351964084,0.04439952164346414


Model Num 2
Model States: 
"['diamond', 'x', 'square']","['diamond', 'x', 'diamond']","['square', 'y', 'diamond', 'x', 'diamond']","['square', 'y', 'diamond', 'x', 'square']"
Iteration: ,0
Error:,0.5627071175991493
Absolute Error:,0.65
Transition Probabilities
0.25,0.25,0.25,0.25
0.25,0.25,0.25,0.25
0.25,0.25,0.25,0.25
0.25,0.25,0.25,0.25

0.25,0.25,0.25,0.25
0.25,0.25,0.25,0.25
0.25,0.25,0.25,0.25
0.25,0.25,0.25,0.25

Transition Gammas
1.0,1.0,1.0,1.0
1.0,1.0,1.0,1.0
1.0,1.0,1.0,1.0
1.0,1.0,1.0,1.0

1.0,1.0,1.0,1.0
1.0,1.0,1.0,1.0
1.0,1.0,1.0,1.0
1.0,1.0,1.0,1.0

Iteration: ,2500
Error:,0.05822471565137465
Absolute Error:,0.12113305231732288
Transition Probabilities
0.001579778830963665,0.001579778830963665,0.13860469071941484,0.8582357516186578
0.8456250278235186,0.14816379205225774,0.0031055900621118006,0.0031055900621118006
0.03397516640910739,0.04516252022765126,0.8330843443907227,0.08777796897251863
0.085197524347068,0.029225040220778927,0.8349232833186494,0.05065415211350354

0.05225984091088329,0.047403255651685426,0.14759066439111165,0.7527462390463197
0.08854718585724944,0.08253355643532316,0.5015493954536959,0.3273698622537315
0.006523131471230244,0.8962299601684942,0.053357621145226505,0.043889287215049096
0.9263854802380224,0.004962431745701103,0.04352518293211239,0.025126905084164056

Transition Gammas
1.0,1.0,87.7367692253896,543.2632307746104
272.29125895917304,47.708741040827,1.0,1.0
7.566744024333681,10.058323951720928,185.53951756347138,19.549379514235692
17.404664436098127,5.970267587847266,170.5631670334617,10.347935888831259

8.757398047304651,7.943559935206405,24.73237908135208,126.14080580883156
7.918407991495342,7.3806340259936025,44.85148458012859,29.27533052968783
2.2739954269993103,312.4301326673345,18.60072681578551,15.300019455603305
500.6141979789965,2.6816739266696743,23.520796698853783,13.578457029757399

Iteration: ,5000
Error:,0.04695297786594567
Absolute Error:,0.10530983474488881
Transition Probabilities
0.0007949125596184421,0.0007949125596184421,0.1174099822158315,0.8810001926649317
0.8538401605338509,0.14302504322790444,0.0015673981191222568,0.0015673981191222568
0.03857947813398006,0.04965543032497216,0.8250819498467732,0.08668314169427448
0.07421968455779131,0.026454354152552647,0.8377459051998761,0.06158005608978001

0.044432201109244306,0.036722836086898344,0.11364350535790418,0.8052014574459531
0.06746910856280468,0.06171555441825581,0.5614271818820139,0.3093881551369256
0.0035158893690201694,0.9088447790049782,0.051659158915821436,0.03598017271018042
0.9216434011312178,0.0025449473944386845,0.05316032261367895,0.022651328860664455

Transition Gammas
1.0,1.0,147.701757627516,1108.2982423724839
544.750022420597,91.24997757940305,1.0,1.0
17.01380789376125,21.89837689087388,363.8666583967797,38.22784526250726
31.765528576536582,11.322286638828283,358.5496442090389,26.355852131673956

14.871529025728217,12.29119217908259,38.03666364311512,269.50222016965967
10.882658922074674,9.954619873114524,90.55730333706896,49.90381285015636
2.3902070838112306,617.8599497480631,35.11944621247784,24.46040095755112
1001.9830527194986,2.766790448627272,57.79430772317089,24.625845106800153

Iteration: ,7500
Error:,0.04499038205752147
Absolute Error:,0.09833981486278832
Transition Probabilities
0.000532197977647685,0.000532197977647685,0.11251226008569049,0.8864233439590141
0.8664211779474974,0.13142828441809395,0.0010752688172043006,0.0010752688172043006
0.04085154717923792,0.04852612764974071,0.8232471503204107,0.08737517485061067
0.0776703651484293,0.026122485862404853,0.8418456452474073,0.054361503741758486

0.03778382272759652,0.03010411273447374,0.09972439797167756,0.8323876665662522
0.06347008577947938,0.054166807559226836,0.5786506972134202,0.3037124094478737
0.002443880962969191,0.9096139309423635,0.05237351488765809,0.03556867320700909
0.9195055587367552,0.0017164609121632978,0.058074054569105145,0.020703925781976367

Transition Gammas
1.0,1.0,211.4105367010124,1665.5894632989873
805.7716954911729,122.22830450882743,1.0,1.0
27.582925925250077,32.764795382885595,555.855695399508,58.995635221253984
50.62561764077489,17.026661051089437,548.7157897017886,35.43287967744893

19.204893983232207,15.30142404311496,50.68826689124033,423.08892365406774
14.834005759035998,12.659676214616837,135.24021071528603,70.9825987394059
2.4636535294595796,916.9732918124978,52.797250258219435,35.856446616032265
1509.7447814240911,2.8182732339510195,95.35233364146023,33.99396948428808

Iteration: ,10000
Error:,0.038068602746354235
Absolute Error:,0.09455406164304879
Transition Probabilities
0.00039714058776807004,0.00039714058776807004,0.11390700385634574,0.8852987149681182
0.8684213830039805,0.1299721912932082,0.0008032128514056225,0.0008032128514056225
0.03727168653010488,0.046131737346740476,0.827066090752366,0.08953048537078852
0.06644797619464415,0.02375540144860828,0.8554130717863562,0.05438355057039146

0.03817103603840098,0.02587662095285564,0.09895660158328855,0.8369957414254547
0.06656790155424298,0.05183112383458173,0.5987656373589966,0.2828353372521787
0.0018613360732119338,0.91635862704291,0.05058246601739172,0.03119757086648627
0.9199221688127839,0.0013000823804993466,0.06022926651305482,0.018548482293661916

Transition Gammas
1.0,1.0,286.8178357102785,2229.1821642897207
1081.1846218399558,161.8153781600442,1.0,1.0
33.580488691189046,41.56308523967302,745.1576811514252,80.66384248756908
56.61599491368411,20.24043115545384,728.8417931569571,46.33668320404825

25.25858442913295,17.123109113958307,65.48168284971369,553.8578408076452
20.588039566216548,16.030266890692186,185.18550750458726,87.47496883805407
2.509643433141355,1235.5283088626934,68.200447785653,42.06375193703377
2017.111359866245,2.8506878379195544,132.0645830686782,40.67121720863503

Iteration: ,12500
Error:,0.03851872781432246
Absolute Error:,0.09136961749390027
Transition Probabilities
0.00031786395422759065,0.00031786395422759065,0.10997436115022104,0.8893899109413237
0.8724584111100224,0.126236105861257,0.0006527415143603135,0.0006527415143603135
0.03522136306139213,0.04330590776627087,0.8337761513014154,0.08769657787092167
0.063525508248225,0.020459267446994684,0.8622705352203969,0.053744689084383394

0.04046385251113543,0.024141269887833532,0.09272730537947858,0.8426675722215524
0.06846180553753621,0.0537432545803971,0.6063959677378078,0.2713989721442589
0.0015243501351842649,0.9166065740909539,0.052727521362475833,0.029141554411385953
0.9193111710584067,0.0010387908667627407,0.06247863691055502,0.01717140116427557

Transition Gammas
1.0,1.0,345.97934017859535,2798.020659821404
1336.606285820554,193.39371417944568,1.0,1.0
39.82476318696832,48.96595053355276,942.7499361294821,99.15844085674462
66.72089907642663,21.488387203052326,905.643527198761,56.44809581501094

33.86910899919367,20.20675863685928,77.61473557750845,705.3307602335567
26.287870746251716,20.63626161769532,232.84309690312898,104.2114072858062
2.5531095870046276,1535.2096462668642,88.31247964776509,48.808721979699726
2549.3565565286867,2.8806876174416236,173.26051033135883,47.61828804117624

Iteration: ,15000
Error:,0.03581405791176464
Absolute Error:,0.08825337534490585
Transition Probabilities
0.0002630194634402948,0.0002630194634402948,0.10625563175443703,0.8932183293186824
0.8724515811101611,0.12645252847888006,0.0005479452054794522,0.0005479452054794522
0.03587764671300218,0.042363229312572435,0.8333542814185303,0.08840484255589519
0.061933139800598676,0.02056055910319418,0.8647511009897926,0.052755200106414636

0.03943114229626134,0.02435294660345723,0.08786272959869194,0.8483531815015894
0.06472606987369993,0.05014880416642417,0.6228772379647828,0.26224788799509313
0.0012929354594105754,0.9156684845034485,0.05463712216631466,0.02840145787082613
0.922579579872504,0.0008653100912520823,0.061349630231675466,0.01520547980456832

Transition Gammas
1.0,1.0,403.9839119303693,3396.016088069628
1592.2241355260435,230.77586447395606,1.0,1.0
47.737734085212665,56.367258200955874,1108.8365244065462,117.6288651130785
78.00043061263628,25.894577101195225,1089.0931489525924,66.44146152778065

39.47139601004703,24.377807575910133,87.95242522919442,849.2192321450319
29.384285474693254,22.766510939349573,282.77327221875055,119.05507040702241
2.5866467921877296,1831.8864494814025,109.30703134268988,56.81995907863679
3095.6234423212386,2.903461405169249,205.85254396066267,51.02046561801071

Iteration: ,17500
Error:,0.03815811019207572
Absolute Error:,0.08725387354741498
Transition Probabilities
0.0002259376412110258,0.0002259376412110258,0.10479053665919096,0.8947575880583871
0.8733886121807237,0.12567768100321652,0.0004668534080298787,0.0004668534080298787
0.03554023196928705,0.04423156794847946,0.8360744095502339,0.08415379053199955
0.062478471734703576,0.02190218347581807,0.8620453133432551,0.05357403144622342

0.04205844025784865,0.023796857535138154,0.08790875644537348,0.8462359457616397
0.06800759290398432,0.049243272653201206,0.6332728956236826,0.24947623881913178
0.0011117846192532975,0.9144444477450351,0.05796197217768977,0.026481795458021953
0.9202053277082962,0.0007503871067115001,0.06494529504232555,0.01409899014266678

Transition Gammas
1.0,1.0,463.8029152535791,3960.1970847464204
1870.7984072911097,269.20159270888973,1.0,1.0
55.26761605250979,68.78326840662147,1300.1558205439617,130.86519492909161
91.77638278039865,32.172732760470076,1266.2825843016697,78.6964002252742

48.887101787377304,27.660545407955723,102.18173327397098,983.6318837065434
36.22347831082181,26.22887449384515,337.30567455669876,132.8807084627867
2.611835722598892,2148.2386368654693,136.16589658134384,62.21177931232087
3581.2291919922873,2.9203354196420483,252.75227113427124,54.87005297206406

Iteration: ,20000
Error:,0.03802109978885617
Absolute Error:,0.0866031089361344
Transition Probabilities
0.00019794140934283438,0.00019794140934283438,0.10304728402517288,0.8965568331561414
0.8729812507289468,0.12620441702349622,0.000407166123778502,0.000407166123778502
0.04003318087980362,0.041957239723984546,0.8311013293382723,0.08690825005793962
0.06308030134489567,0.021528167217874122,0.862547980064541,0.05284355137268925

0.04354479638064688,0.026639429191825485,0.0861356393348852,0.8436801350926425
0.06336594560324527,0.04745816173524252,0.6441614751347527,0.24501441752675954
0.0009811412373943841,0.9177661941831167,0.05598721146166628,0.025265453117822727
0.9179996636933766,0.000662985894983743,0.06814528380882125,0.013192066602818419

Transition Gammas
1.0,1.0,520.5948788951738,4529.40512110483
2144.0419517902915,309.9580482097064,1.0,1.0
71.73569943576052,75.18343213922181,1489.2555088508816,155.7314199779085
106.67471531225661,36.40615311276103,1458.64966169811,89.36340947309652

57.50509854457436,35.179932579222644,113.75040968968486,1114.160895012583
38.48870754325744,28.826261332945556,391.26604031653613,148.82265498119622
2.632540836763465,2462.496624037904,150.22161427111945,67.79078745954853
4062.9365534107933,2.934281714535506,301.60137904134416,58.38621922798796

Iteration: ,22500
Error:,0.0396692355043972
Absolute Error:,0.08591676258671027
Transition Probabilities
0.00017618040873854817,0.00017618040873854817,0.0997332404253652,0.8999143987571577
0.8737119899875359,0.12556389705084223,0.000362056480811007,0.000362056480811007
0.0432933370443586,0.041767599980586066,0.8287661538263118,0.08617290914874362
0.06263164905880876,0.022076708271772702,0.8634366472155796,0.051854995453839016

0.04363283659648674,0.028724246703910133,0.0848939937798943,0.8427489229197088
0.06353542002684903,0.05348483530188689,0.6467754797780344,0.23620426489322963
0.0008805320588463163,0.9175352995810412,0.056578150923910935,0.025006017436201476
0.9184306068449007,0.0005917117571823102,0.068687731249606,0.012289950148311052

Transition Gammas
1.0,1.0,566.0858726543732,5107.914127345631
2413.1925163455708,346.80748365442577,1.0,1.0
86.64255485659955,83.58911138770704,1658.602035519137,172.4570457671774
119.6082397050219,42.1600940506715,1648.9129541087275,99.02796460495372

65.37944375971513,43.04041218511306,127.2051630105825,1262.7750132116337
43.75048818674157,36.829655868430244,445.3695745702989,162.65024920748485
2.6516276068690026,2763.0588871841937,170.37901735458297,75.302932477615
4574.342401172338,2.947084036593222,342.1066318497196,61.21141831808242

Iteration: ,25000
Error:,0.040789825321820926
Absolute Error:,0.08490042808134793
Transition Probabilities
0.00015782828282828276,0.00015782828282828276,0.09870000842306567,0.9009843350112778
0.8742325957865519,0.12511273972899647,0.0003273322422258597,0.0003273322422258597
0.045938613034278486,0.04029498554576309,0.8267640295192383,0.08700237190072019
0.06122742583547817,0.023224651505232383,0.8637994883989323,0.051748434260357225

0.04417182628093289,0.029233469109440007,0.08212989406570706,0.8444648105439201
0.06580952222314612,0.05261765740064437,0.653603119141915,0.22796970123429441
0.000801503366183785,0.9178396651347928,0.05634430088771541,0.025014530611308046
0.9183504284990343,0.0005307307612180123,0.06962818185124588,0.011490658888501966

Transition Gammas
1.0,1.0,625.3632533685444,5708.636746631459
2670.7805801279123,382.21941987208373,1.0,1.0
101.26473626561518,88.82421158587692,1822.4764718231963,191.78359256156358
128.98481711454136,48.926235033966485,1819.724045465426,109.01589014980863

73.53394350353263,48.66568686189327,136.72368789482783,1405.8016816946185
49.90171546672598,39.89865416784814,495.6109051968315,172.86372521372243
2.6683104297170064,3055.6093144661318,187.57760984790457,83.27667199007568
5118.764151848079,2.958223256067943,388.09830121279373,64.04741694922637

Iteration: ,27500
Error:,0.03952543499440044
Absolute Error:,0.08302325939998317
Transition Probabilities
0.00014341029685931435,0.00014341029685931435,0.09832261197278062,0.9013905674335008
0.8742300183732695,0.12517615739870205,0.00029691211401425207,0.00029691211401425207
0.04415690941572423,0.040260769543415266,0.8307296619797854,0.08485265906107506
0.06163738940387134,0.022823591696978996,0.8645811796145413,0.05095783928460825

0.04420552780287978,0.03017338406869472,0.08056751273123396,0.8450535753971916
0.06444579920259035,0.05360183608272411,0.6633069757747025,0.2186453889399829
0.0007336176578772655,0.9182254896631954,0.05571928202593059,0.025321610652996762
0.920189609976564,0.00048522511156301023,0.06849739192775321,0.010827772984119724

Transition Gammas
1.0,1.0,685.6035732862,6285.396426713807
2944.406701881169,421.59329811882816,1.0,1.0
107.2758408306053,97.81046641183416,2018.194302341084,206.14305819709534
142.97262964100932,52.94106311655115,2005.4620415161994,118.20059794561605

80.87070569027247,55.19994860326051,147.39223653971268,1545.9622899018239
53.4626122258728,44.466733480594215,550.2627645454656,181.38270901299646
2.6848904173217125,3360.5172826274884,203.92116351770687,92.67191031101986
5630.828635146177,2.9691918090126905,419.1495662610737,66.25735991019972

Iteration: ,30000
Error:,0.03834503935196818
Absolute Error:,0.08250655622786181
Transition Probabilities
0.0001314751511964237,0.0001314751511964237,0.10052146287098049,0.8992155868266266
0.8714156297203225,0.1280422179348686,0.00027107617240444573,0.00027107617240444573
0.04365512962482536,0.03931514340120468,0.830503379836389,0.08652634713758094
0.06150714020264126,0.022007347277244235,0.8668389672504333,0.049646545269681285

0.04443292590668396,0.02920606755021388,0.07822014302242801,0.8481408635206742
0.06390572040715704,0.05259350625116938,0.6691922196368809,0.21430855370479268
0.0006753804882295824,0.9187895851436971,0.0562779808347811,0.024257053533292192
0.920215098641555,0.0004450759757782628,0.06876161613551425,0.010578209247152592

Transition Gammas
1.0,1.0,764.5662465966786,6839.433753403331
3214.6522580382684,472.34774196173015,1.0,1.0
114.65550598088366,103.2569986188457,2181.2278660564425,227.25215105295007
153.98973617961772,55.097759220652904,2170.22452088212,124.29546200848033

89.41040786995582,58.77007553871863,157.39892767740326,1706.6762764581445
57.49880846972856,47.32070812159695,602.10189355794,192.82290230651043
2.6998780943011966,3672.9220305196527,224.97494419127753,96.9691730930856
6159.399004728713,2.9790866573306807,460.2513375555894,70.80454516004771

Iteration: ,32500
Error:,0.0388037216739474
Absolute Error:,0.0811957477615211
Transition Probabilities
0.00012125621438098697,0.00012125621438098697,0.09964734399967906,0.9001101435715588
0.8725474767684678,0.12695264820029006,0.0002499375156210947,0.0002499375156210947
0.0425816263676856,0.03890107596751423,0.8338422288341498,0.08467506883065035
0.06078994274219164,0.022547500874252866,0.8694647302480044,0.047197826135551076

0.04569480867103069,0.02877442495461329,0.07804799664310975,0.8474827697312463
0.0642434308473929,0.0512807491161267,0.6733497875731679,0.21112603246331255
0.0006236688929347034,0.918475897705754,0.05719655195263427,0.023703881448677196
0.9205986691413093,0.00041315138389100026,0.06871283640304451,0.010275343071755247

Transition Gammas
1.0,1.0,821.7916459653536,7423.208354034649
3491.0624545506403,507.93754544936064,1.0,1.0
121.0554221221979,110.59197531799387,2370.5323541008447,240.72298488578534
165.11139713483638,61.24120542497186,2361.550774599989,128.1938864133725

98.90420727861418,62.28085361999195,168.93112067158143,1834.3355396450684
62.73681181724813,50.07812728414571,657.5585760746487,206.17476360869944
2.7124956153866457,3994.68672173459,248.7624413279793,103.09424636305125
6656.613390720628,2.9873919293939855,496.8449360691973,74.29837623977203

Iteration: ,33259
Error:,0.03936836451736561
Absolute Error:,0.08112427691407582
Transition Probabilities
0.0001185536455245998,0.0001185536455245998,0.09979865677538816,0.8999642359335627
0.872538736934907,0.12697322011731352,0.0002440214738897022,0.0002440214738897022
0.04296946921127664,0.04029732454147947,0.8320910258805417,0.08464218036670224
0.06088655886940243,0.022306686937658658,0.8698426865661786,0.046964067626760246

0.04531206130595075,0.02970816691094214,0.0775286534971874,0.8474511182859197
0.06448025798386149,0.05118457545047354,0.6748153925489625,0.2095197740167025
0.0006106844237374176,0.9184972091607517,0.057121989406333486,0.023770117009177347
0.9203162471854234,0.00040439492118710173,0.06916863646426619,0.010110721429123224

*,*,*,*,*,*,*,*,*,*,*
Model Num 2
Model States: 
"['diamond', 'x', 'square']","['diamond', 'x', 'diamond']","['square', 'y', 'diamond', 'x', 'diamond']","['square', 'y', 'diamond', 'x', 'square']"
Iteration: ,33259
Error:,0.03881608542411513
Absolute Error:,0.08112427691407582
Transition Probabilities
0.0001185536455245998,0.0001185536455245998,0.09979865677538816,0.8999642359335627
0.872538736934907,0.12697322011731352,0.0002440214738897022,0.0002440214738897022
0.04296946921127664,0.04029732454147947,0.8320910258805417,0.08464218036670224
0.06088655886940243,0.022306686937658658,0.8698426865661786,0.046964067626760246

0.04531206130595075,0.02970816691094214,0.0775286534971874,0.8474511182859197
0.06448025798386149,0.05118457545047354,0.6748153925489625,0.2095197740167025
0.0006106844237374176,0.9184972091607517,0.057121989406333486,0.023770117009177347
0.9203162471854234,0.00040439492118710173,0.06916863646426619,0.010110721429123224

Transition Gammas
1.0,1.0,841.8016699003996,7591.198330099606
3575.6637439592505,520.336256040751,1.0,1.0
125.29857443682236,117.50662531666262,2426.3697285128123,246.8158143873216
169.20431074603422,61.990489500480805,2417.300878402449,130.51357869740778

100.43975995198427,65.85180782222862,171.85180109286753,1878.4796903622664
64.50456322199774,51.20386900378932,675.0697579830775,209.59875056178709
2.716452455584911,4085.6683129442918,254.0905946824175,105.73446809719921
6804.625223406315,2.990011193807321,511.4183844877168,74.75655273266628

