0,1,2,3,4,5,6,7,8,9,10,11,12,13,14,15,16,17,18,19,20,21,22,23,24,25,26,27,28,29
github Code Version (SHA):,528ca1c557fe8e6666681dc5c9134b0f84d30530
Environment Observations,Environment Actions,alpha,epsilon,numActions,explore,patience,gainThresh,insertRandActions,useUpdatedPosterior,revisedSplitting,haveControl,confidence_factor
"['diamond', 'square']","['x', 'y']",0.75,0.99,75000,0.5,0,0.01,False,False,False,False,250

Model Num 0
Model States: 
['diamond'],['square']
Iteration: ,0
Error:,0.40397915287156083
Absolute Error:,1
Transition Probabilities
0.5,0.5
0.5,0.5

0.5,0.5
0.5,0.5

Transition Gammas
1.0,1.0
1.0,1.0

1.0,1.0
1.0,1.0

Iteration: ,2423
Error:,0.05517449527442302
Absolute Error:,1
Transition Probabilities
0.47184466019417476,0.5281553398058253
0.1563845050215208,0.8436154949784792

0.164,0.836
0.810320781032078,0.1896792189679219


Model Num 1
Model States: 
['square'],"['diamond', 'x', 'square']","['diamond', 'x', 'diamond']"
Iteration: ,0
Error:,0.4774422171185759
Absolute Error:,1
Transition Probabilities
0.3333333333333333,0.3333333333333333,0.3333333333333333
0.3333333333333333,0.3333333333333333,0.3333333333333333
0.3333333333333333,0.3333333333333333,0.3333333333333333

0.3333333333333333,0.3333333333333333,0.3333333333333333
0.3333333333333333,0.3333333333333333,0.3333333333333333
0.3333333333333333,0.3333333333333333,0.3333333333333333

Transition Gammas
1.0,1.0,1.0
1.0,1.0,1.0
1.0,1.0,1.0

1.0,1.0,1.0
1.0,1.0,1.0
1.0,1.0,1.0

Iteration: ,2500
Error:,0.0508082279858011
Absolute Error:,1
Transition Probabilities
0.855944055944056,0.06608888646933601,0.07796705758660803
0.9956331877729258,0.002183406113537118,0.002183406113537118
0.002645502645502645,0.7487189289235735,0.2486355684309239

0.15988372093023262,0.3540086313009901,0.48610764776877735
0.7900312054533386,0.1310006838022858,0.07896811074437561
0.8358085095695631,0.10383946767385041,0.060352022756586424

Transition Gammas
612.0,47.25355382557525,55.74644617442474
456.0,1.0,1.0
1.0,283.0157551331108,93.98424486688926

110.0,243.5579383350811,334.4420616649187
115.33872689019496,19.125133269679477,11.528761516393237
108.66127310980507,13.499896958809247,7.846208255118036

Iteration: ,5000
Error:,0.05441152317366581
Absolute Error:,1
Transition Probabilities
0.8527131782945736,0.0682335669445654,0.07905325476086095
0.9978378378378379,0.001081081081081081,0.001081081081081081
0.0013422818791946308,0.754874156626213,0.24378356149459227

0.17328519855595667,0.3556823207870479,0.4710324806569953
0.7665776974964688,0.1376976837145536,0.09572461878897759
0.8232547414662772,0.11260634766492551,0.06413891086879717

Transition Gammas
1210.0,96.8234314943383,112.17656850566169
923.0,1.0,1.0
1.0,562.3812466865287,181.61875331347125

240.0,492.62001429006136,652.3799857099385
221.556500982229,39.797423140261245,27.66635615151236
207.443499017771,28.37451592397615,16.161704784250237

Iteration: ,7500
Error:,0.04546370337011222
Absolute Error:,1
Transition Probabilities
0.8444976076555024,0.07178090445188412,0.08372148789261348
0.9985744832501782,0.0007127583749109052,0.0007127583749109052
0.0008960573476702512,0.7623769593225299,0.2367269833297999

0.17523809523809525,0.3610191256917899,0.4637427790701147
0.7874466296240042,0.11990828618635078,0.09264508418964505
0.839373046884984,0.09582496489627122,0.06480198821874462

Transition Gammas
1765.0,150.0220903044378,174.97790969556218
1401.0,1.0,1.0
1.0,850.812686603943,264.1873133960566

368.0,758.1401639527588,973.8598360472408
341.7307689603693,52.036988034030145,40.205487800033694
312.269231039631,35.64945075804716,24.108073407888956

Iteration: ,10000
Error:,0.04413669190743265
Absolute Error:,1
Transition Probabilities
0.839546783625731,0.07823551032833966,0.08221770604592933
0.9989429175475687,0.0005285412262156448,0.0005285412262156448
0.0006715916722632644,0.7575801064213308,0.24174830190640598

0.17253646389185348,0.36737563599190814,0.4600879001162383
0.7802710320056375,0.1274551442497468,0.09227382374461576
0.8304913438951891,0.10285455131999902,0.06665410478481197

Transition Gammas
2297.0,214.0523562583373,224.94764374166266
1890.0,1.0,1.0
1.0,1128.0367784613609,359.96322153863827

485.0,1032.6929127732535,1293.3070872267454
462.13278178371235,75.48812905866566,54.65121362164212
410.867218216288,50.885013663749554,32.97564365594263

Iteration: ,12500
Error:,0.04119771757574238
Absolute Error:,1
Transition Probabilities
0.8343504795117698,0.07918965717760741,0.08645986331062276
0.9991539763113367,0.00042301184433164127,0.00042301184433164127
0.0005364806866952792,0.7611412973190876,0.23832222199421704

0.17424892703862666,0.36551820091366555,0.4602328720477077
0.787394879268368,0.12391017387127513,0.08869494686035681
0.8349796096583664,0.09998206376462852,0.06503832657700499

Transition Gammas
2871.0,272.49161034814716,297.50838965185295
2362.0,1.0,1.0
1.0,1418.767378202779,444.2326217972204

609.0,1277.4861121932609,1608.513887806738
580.1032908949129,91.28926480303974,65.34488845958818
512.8967091050869,61.415238026464415,39.95060871090761

Iteration: ,15000
Error:,0.041971256739860484
Absolute Error:,1
Transition Probabilities
0.8311154125332688,0.08357859692993087,0.08530599053680034
0.9992972593113141,0.00035137034434293746,0.00035137034434293746
0.0004526935264825715,0.7618713845336456,0.23767592193987191

0.17298070050035744,0.3695615140627078,0.45745778543693466
0.7900972466271695,0.12516574600202615,0.08473700737080428
0.8376999175253178,0.10038733866148437,0.06191274381319781

Transition Gammas
3435.0,345.4303411114043,352.5696588885958
2844.0,1.0,1.0
1.0,1682.9738884348224,525.0261115651768

726.0,1551.0496745211844,1919.9503254788144
704.5888679778519,111.6196666443848,75.5663335799464
618.4111320221479,74.10845631420635,45.705543461462405

Iteration: ,15232
Error:,0.03987341123011937
Absolute Error:,1
Transition Probabilities
0.8316216861714831,0.08369117243248017,0.08468714139603668
0.9993081978554134,0.0003459010722933241,0.0003459010722933241
0.0004452359750667855,0.7610633154472961,0.23849144857763704

0.17248652449027424,0.3696685227698939,0.4578449527398318
0.7907699432983828,0.12456333852114412,0.0846667181804731
0.8380702060042893,0.1003844666599803,0.06154532733573051


Model Num 2
Model States: 
"['diamond', 'x', 'square']","['diamond', 'x', 'diamond']","['square', 'y', 'diamond', 'x', 'diamond']","['square', 'y', 'diamond', 'x', 'square']"
Iteration: ,0
Error:,0.40308720521812075
Absolute Error:,0.5
Transition Probabilities
0.25,0.25,0.25,0.25
0.25,0.25,0.25,0.25
0.25,0.25,0.25,0.25
0.25,0.25,0.25,0.25

0.25,0.25,0.25,0.25
0.25,0.25,0.25,0.25
0.25,0.25,0.25,0.25
0.25,0.25,0.25,0.25

Transition Gammas
1.0,1.0,1.0,1.0
1.0,1.0,1.0,1.0
1.0,1.0,1.0,1.0
1.0,1.0,1.0,1.0

1.0,1.0,1.0,1.0
1.0,1.0,1.0,1.0
1.0,1.0,1.0,1.0
1.0,1.0,1.0,1.0

Iteration: ,2500
Error:,0.05863774597630429
Absolute Error:,0.25192217893863483
Transition Probabilities
0.0017730496453900709,0.0017730496453900709,0.23279157129909236,0.7636623294101276
0.6980035587243594,0.2968150941253815,0.002590673575129533,0.002590673575129533
0.12228480124713959,0.0546670205459071,0.45505525771703703,0.3679929204899163
0.12051436037565169,0.04798307958078489,0.41666657789530875,0.4148359821482546

0.120891144447764,0.12041735598768975,0.24135116869870007,0.5173403308658463
0.1022778122646583,0.11661199704305467,0.22326410609730307,0.5578460845949839
0.008792412404327989,0.8251327511463247,0.09680218660911827,0.0692726498402289
0.8269011107690591,0.003678950752829767,0.10491542751882892,0.06450451095928218

Transition Gammas
1.0,1.0,131.2944462126881,430.70555378731194
269.4293736676028,114.5706263323973,1.0,1.0
23.687896967790483,10.589596883838608,88.14915630984567,71.28423398934342
33.41732043569414,13.305185712676774,115.53710698849444,115.02950271231653

21.70016098488745,21.615115170296495,43.32293517922264,92.86344764991962
9.66508358172274,11.01964026309332,21.098087634542512,52.71552953631518
2.9617533831679417,277.94871360530584,32.60813875683115,23.33472266659304
410.2642338405732,1.8252991709530313,52.05344016170973,32.00369841486611

Iteration: ,5000
Error:,0.047663204572568334
Absolute Error:,0.23208500343666624
Transition Probabilities
0.0009009009009009009,0.0009009009009009009,0.22167971062426803,0.7765184875739302
0.71184868621898,0.28563242209336265,0.001259445843828715,0.001259445843828715
0.11419298113057152,0.06571102482707855,0.5034181222522467,0.3166778717901031
0.11710377209084306,0.06308009838804074,0.457512914628052,0.3623032148930641

0.09640277304071684,0.10442890565067416,0.24835347361507593,0.5508148476935333
0.089491541653778,0.10230922248487942,0.2428906378215672,0.5653085980397754
0.0048566741612593315,0.84454763605124,0.09362405457376019,0.05697163521374062
0.8044451067482831,0.002015734774537182,0.13032692210567096,0.06321223637150877

Transition Gammas
1.0,1.0,246.0644787929375,861.9355212070625
565.2078568578703,226.79214314213,1.0,1.0
45.516162917834976,26.191747355358995,200.6573525042112,126.22458457749039
62.58144471838497,33.71064500842106,244.49954654348394,193.6185163748145

33.665971346453674,36.46887360690561,86.7305022749293,192.35667496638897
16.267591472504535,18.597563574136192,44.15216897104942,102.76065378763217
3.3108445900951535,575.7367859269469,63.82447829440778,38.838148076908986
786.9803968281947,1.971972654763182,127.49749114728772,61.83988248139566

Iteration: ,7500
Error:,0.042069964568040984
Absolute Error:,0.22355164061035004
Transition Probabilities
0.0006024096385542174,0.0006024096385542174,0.2169739103629167,0.781821270359975
0.7150833498863607,0.28324720103183637,0.0008347245409015026,0.0008347245409015026
0.10692701208386535,0.07110286846663573,0.5313238783757682,0.2906462410737308
0.10815605927941267,0.06527046289963957,0.48285630395594153,0.34371717386500633

0.09490262918646354,0.10220209666590187,0.2472992000097531,0.5555960741378814
0.08869009281005755,0.10064330698614429,0.2582169995035504,0.5524496007002477
0.003408533537309289,0.8506983118609639,0.09477770164912636,0.05111545295260044
0.7964688697715532,0.001403174699788822,0.14545911385251242,0.05666884167614567

Transition Gammas
1.0,1.0,360.1766912024414,1297.8233087975573
856.6698531638599,339.33014683613993,1.0,1.0
65.13763298256566,43.31433619930189,323.67106412147155,177.05543070795025
83.90980003663992,50.638230781492496,374.61031939693004,266.66318577364774

48.78181698299292,52.533886759222675,127.11665017429304,285.58730392823867
24.21065188107062,27.473644376713796,70.48816487478189,150.80788102268633
3.510413015718382,876.1252878162327,97.61056296709009,52.64327001188816
1169.304283705397,2.0600154626516765,213.55004744946106,83.19611957156084

Iteration: ,10000
Error:,0.04519422868025192
Absolute Error:,0.22039240186585524
Transition Probabilities
0.00044228217602830614,0.00044228217602830614,0.21022335496443853,0.7888920806835049
0.7094002986309013,0.289348919630512,0.0006253908692933083,0.0006253908692933083
0.11093944678983482,0.07775013567695509,0.5452925442746469,0.26601787325856313
0.1066534796312357,0.06972485648319623,0.49159813678754216,0.33202352709802596

0.09928676518663655,0.09751569073002057,0.24949087090543529,0.5537066731779076
0.09571354161563221,0.09753738425453383,0.2655759403779675,0.5411731337518664
0.0026673362768859146,0.8476180432345587,0.1011298797630981,0.048584740725457244
0.7888389891529959,0.0010602568484438318,0.15740290094261583,0.05269785305594437

Transition Gammas
1.0,1.0,475.31500557459543,1783.6849944254043
1134.3310775108112,462.66892248918873,1.0,1.0
92.16363931555742,64.59141151876669,453.0051918069963,220.99601207620537
106.57282243412395,69.67212673155196,491.2263633774693,331.7724327393282

64.16142300502713,63.016913390168305,161.22681884101505,357.8181645025104
33.09551067590309,33.72615292890146,91.829967021161,187.12504963531356
3.621922579621322,1150.9635872646284,137.32224097967415,65.9722476627598
1568.3065723086165,2.1079178471326543,312.93585566023364,104.76965569733261

Iteration: ,12500
Error:,0.03956011774304872
Absolute Error:,0.2141420503294562
Transition Probabilities
0.00035423308537017357,0.00035423308537017357,0.20586247688449677,0.7934290569447628
0.7209970995107894,0.2779835324973655,0.0005096839959225282,0.0005096839959225282
0.10639876673255233,0.07471938261774498,0.5648791409582099,0.25400270969149286
0.10302188843377194,0.07096721421157623,0.5077984692733036,0.3182124280813482

0.09432073535130045,0.09396276821654033,0.24178151871382694,0.5699349777183322
0.09358531508771664,0.09317052638078127,0.26170115103482466,0.5515430074966775
0.00220610746688478,0.8516026127207321,0.1010918911482134,0.04509938866416961
0.788758833425119,0.0008601221472125575,0.16107500149561815,0.049306042932050285

Transition Gammas
1.0,1.0,581.1497722449344,2239.8502277550656
1414.5963092401685,545.403690759831,1.0,1.0
113.53416085489782,79.73027005496586,602.761490782436,271.0368304567104
127.74067681298288,87.99489227715348,629.6382364536854,394.56344230716786

76.31301353537548,76.02338951263621,195.620573159129,461.1229493378133
40.42137626058548,40.24222069140284,113.03398063993262,238.22249686312475
3.7306510892129343,1440.1076386407558,170.95204086101523,76.26558813130075
1975.0080125103411,2.1536977596887623,403.32279663675206,123.45957437093219

Iteration: ,15000
Error:,0.041987252844562103
Absolute Error:,0.21333876296483154
Transition Probabilities
0.00029429075927015917,0.00029429075927015917,0.20217713097331919,0.7972342875081404
0.7208470252377298,0.2783004598432591,0.00042625745950554145,0.00042625745950554145
0.11056095279343119,0.07674935705314216,0.5668645756675887,0.245825114485838
0.1054268149237758,0.0691559872359595,0.5181269361074179,0.30729026173284685

0.10146162453989942,0.094977053967994,0.2393811650596623,0.5641801564324442
0.09637491612316969,0.0938451584164795,0.26934693189839154,0.5404329935619594
0.0018912882797203511,0.8554262474861124,0.10080618230330766,0.041876281930859544
0.791367867926797,0.0007321759421604207,0.16248853873932698,0.04541141739171545

Transition Gammas
1.0,1.0,686.997891047338,2709.002108952659
1691.1071212077138,652.8928787922856,1.0,1.0
142.51203103011068,98.92920129165427,730.6831205438892,316.8662666017445
156.1381018617863,102.4206658164488,767.3508526817012,455.09976017266416

98.7160696308966,92.40697175270375,232.9035028318718,548.9134227774362
50.602616640687174,49.27434197571248,141.42330895292835,283.7597654377638
3.8229208430804933,1729.1001410511212,203.76272595295143,84.64585369707315
2369.8843139789847,2.1926241268103546,486.5992855743773,135.99213477559834

Iteration: ,17500
Error:,0.038998043655101476
Absolute Error:,0.20929208224199286
Transition Probabilities
0.0002535496957403654,0.0002535496957403654,0.19837476689241257,0.8011181337161067
0.7193711339807741,0.27990291320615873,0.0003629764065335754,0.0003629764065335754
0.10940630054101678,0.07616456715387102,0.5805603011131482,0.2338688311919641
0.10497194119791124,0.06663518000052364,0.5342892444573434,0.2941036343442218

0.09734005087884307,0.09396889719104701,0.24272699351434915,0.5659640584157609
0.09228939151771452,0.093739054784984,0.2809097124326113,0.5330618412646903
0.0016412098250225197,0.8589549765801139,0.09998219553353607,0.039421618061327476
0.7924775496492273,0.000640049173826057,0.16471585259831242,0.04216654857863416

Transition Gammas
1.0,1.0,782.3900806236744,3159.6099193763216
1981.8674741170323,771.1325258829672,1.0,1.0
165.4091128303848,115.15162673203562,877.7370578915146,353.5814271650565
178.8848658274341,113.55439461014541,910.4934015423811,501.1881134010478

111.19028661025119,107.33946116513401,277.2639189442947,646.4934556555406
57.285213783200504,58.18503844141428,174.3642759567955,330.87834944336936
3.8978830967105753,2040.0231786335505,237.458309108547,93.62657738422949
2753.854771197846,2.224167071890306,572.3866080125063,146.52850549471796

Iteration: ,20000
Error:,0.040670500376729674
Absolute Error:,0.20689017416761069
Transition Probabilities
0.0002224199288256231,0.0002224199288256231,0.19856442868003474,0.8009907314623139
0.7196829401600057,0.2796827433160488,0.0003171582619727244,0.0003171582619727244
0.10683037350857305,0.07778844301407825,0.5927181536817766,0.2226630297955721
0.10398214470559344,0.0676989023336375,0.5452218785412016,0.28309707441956744

0.10263277560551932,0.09235686740713225,0.23823356251274086,0.5667767944746075
0.09811831141949749,0.09239398451738176,0.2771455744123915,0.5323421296507292
0.0014531850909714375,0.8587615443494935,0.10146819177724706,0.03831707878228797
0.7908569253247513,0.0005687328461271722,0.16881324155535565,0.03976110027376594

Transition Gammas
1.0,1.0,892.745671345435,3601.2543286545583
2269.160310324498,881.839689675502,1.0,1.0
185.83575371477193,135.31614149659174,1031.057191062256,387.33134227181415
199.17359433670265,129.67451045193377,1044.3504658181832,542.2610008477459

134.76274717736547,121.26988770448396,312.81439252375696,744.2105838914058
70.5414131874372,66.42595193071334,199.2517012865065,382.723322298331
3.9668854113625454,2344.235887970676,276.98652579034047,104.5974540833457
3133.5437858011755,2.253440816783654,668.874061916471,157.54195820984276

Iteration: ,22500
Error:,0.04111151077029412
Absolute Error:,0.2038851823915265
Transition Probabilities
0.00019755037534571334,0.00019755037534571334,0.19937774178410891,0.8002271574651997
0.7244909080785862,0.2749452351410359,0.00028192839018889197,0.00028192839018889197
0.1087049520718897,0.07829695690144664,0.6005117995536268,0.21248629147303685
0.10373073618591522,0.068334559315069,0.5557772436648413,0.2721574608341747

0.1017322035759805,0.09231705206737911,0.2359743159644632,0.5699764283921772
0.0985695120167771,0.09176894979898069,0.2774775741349646,0.5321839640492776
0.0013002715143059119,0.8603680016569686,0.10142808307687405,0.03690364375185149
0.7891810866422282,0.0005131459007400451,0.17259538199458868,0.037710385462442986

Transition Gammas
1.0,1.0,1009.2501289111584,4050.749871088837
2569.769250954746,975.2307490452547,1.0,1.0
214.69289942432422,154.63693578702956,1186.0142240753166,419.6616357836117
221.04960805835236,145.62055673029406,1184.3581410593129,579.965999081759

149.6128142412178,135.76638937087432,347.03643742191883,838.2377900545706
80.07260488610174,74.5481915018062,225.40795529840236,432.31781722510846
4.0214999026612945,2660.9594971888096,313.69834817807646,114.13616165785066
3501.7420798750777,2.2769230334474986,765.8375525623304,167.32793760174235

Iteration: ,25000
Error:,0.041897881903333524
Absolute Error:,0.20294455292413988
Transition Probabilities
0.00017790428749332865,0.00017790428749332865,0.19952196442763662,0.8001222269973767
0.7227428636600683,0.2767518306299772,0.00025265285497726105,0.00025265285497726105
0.10946841692010248,0.07793273540330654,0.6029949126326586,0.2096039350439323
0.10583631673749833,0.06853381397798637,0.5604162814458225,0.265213587838693

0.1008759851513599,0.0904963321209236,0.23742628837951724,0.5712013943481993
0.09769695297458156,0.08968488193237197,0.28285413227399686,0.5297640328190496
0.0011854027826679187,0.8634857296128047,0.10035018453591386,0.034978683068613535
0.7906043825891211,0.0004675554317805247,0.1733200413489255,0.03560802063017287

Transition Gammas
1.0,1.0,1121.512962047745,4497.487037952253
2860.6162543665523,1095.3837456334506,1.0,1.0
240.7790928712228,171.41540787126615,1326.3055423156645,461.03019265320967
248.1300445547402,160.675454702771,1313.8790272648016,621.7852377663241

165.60582358030317,148.56578192912113,389.77736839653016,937.7284117653631
88.54495783186908,81.28343665870656,256.3570966362397,480.1371232018668
4.0750569468035645,2968.4032907405076,344.9736432082046,120.24615389208626
3889.2216060097135,2.3000463029725675,852.6136009532582,175.1666019464506

Iteration: ,27321
Error:,0.044019636915146466
Absolute Error:,0.20146139967042132
Transition Probabilities
0.00016371971185330712,0.00016371971185330712,0.19875716601829252,0.8009153945580009
0.7228477002317877,0.27668997891754193,0.00023116042533518228,0.00023116042533518228
0.11206786990252532,0.07836583024642255,0.6062242052921756,0.20334209455887645
0.10759145873411709,0.0682760330307646,0.5652490590229636,0.2588834492121548

0.10034384144126107,0.089863146031272,0.23738669218873282,0.5724063203387342
0.09726970735016635,0.08902672201807535,0.28685339265256865,0.5268501779791896
0.0010923997542949281,0.8623659138229073,0.10225897744562856,0.034282708977169174
0.7871739742285745,0.0004329021028037943,0.17757129962272075,0.03482182404590101

*,*,*,*,*,*,*,*,*,*,*
Model Num 2
Model States: 
"['diamond', 'x', 'square']","['diamond', 'x', 'diamond']","['square', 'y', 'diamond', 'x', 'diamond']","['square', 'y', 'diamond', 'x', 'square']"
Iteration: ,27321
Error:,0.04223863974433415
Absolute Error:,0.20146139967042132
Transition Probabilities
0.00016371971185330712,0.00016371971185330712,0.19875716601829252,0.8009153945580009
0.7228477002317877,0.27668997891754193,0.00023116042533518228,0.00023116042533518228
0.11206786990252532,0.07836583024642255,0.6062242052921756,0.20334209455887645
0.10759145873411709,0.0682760330307646,0.5652490590229636,0.2588834492121548

0.10034384144126107,0.089863146031272,0.23738669218873282,0.5724063203387342
0.09726970735016635,0.08902672201807535,0.28685339265256865,0.5268501779791896
0.0010923997542949281,0.8623659138229073,0.10225897744562856,0.034282708977169174
0.7871739742285745,0.0004329021028037943,0.17757129962272075,0.03482182404590101

Transition Gammas
1.0,1.0,1214.008770039731,4891.99122996027
3127.039151202718,1196.9608487972882,1.0,1.0
272.94453253162055,190.86224197592375,1476.476553598682,495.2455417565
274.19372643325335,173.99949905920258,1440.5209082572833,659.7569963875359

181.3096275499068,162.37223235000806,428.93008806363474,1034.2715134000578
97.28104302922323,89.03709707086182,286.8868221557929,526.9115763805145
4.117122081630238,3250.1524577302025,385.40167409508587,129.20736899937043
4215.412176883247,2.3182433049134152,950.915862567943,186.47509433760007

