0,1,2,3,4,5,6,7,8,9,10,11,12,13,14,15,16,17,18,19,20,21,22,23,24,25,26,27,28,29
github Code Version (SHA):,528ca1c557fe8e6666681dc5c9134b0f84d30530
Environment Observations,Environment Actions,alpha,epsilon,numActions,explore,patience,gainThresh,insertRandActions,useUpdatedPosterior,revisedSplitting,haveControl,confidence_factor
"['diamond', 'square']","['x', 'y']",0.8,0.99,75000,0.5,0,0.01,False,False,False,False,250

Model Num 0
Model States: 
['diamond'],['square']
Iteration: ,0
Error:,0.453997513070352
Absolute Error:,1
Transition Probabilities
0.5,0.5
0.5,0.5

0.5,0.5
0.5,0.5

Transition Gammas
1.0,1.0
1.0,1.0

1.0,1.0
1.0,1.0

Iteration: ,2500
Error:,0.06304572265508866
Absolute Error:,1
Transition Probabilities
0.46680497925311204,0.533195020746888
0.1444582814445828,0.8555417185554172

0.15456238361266295,0.845437616387337
0.868421052631579,0.13157894736842105

Transition Gammas
225.0,257.0
116.0,687.0

83.0,454.0
594.0,90.0

Iteration: ,2557
Error:,0.06598155007812959
Absolute Error:,1
Transition Probabilities
0.47,0.53
0.14390243902439023,0.8560975609756097

0.1575091575091575,0.8424908424908425
0.8694404591104734,0.13055954088952654


Model Num 1
Model States: 
['square'],"['diamond', 'x', 'square']","['diamond', 'x', 'diamond']"
Iteration: ,0
Error:,0.5217777710520772
Absolute Error:,1
Transition Probabilities
0.3333333333333333,0.3333333333333333,0.3333333333333333
0.3333333333333333,0.3333333333333333,0.3333333333333333
0.3333333333333333,0.3333333333333333,0.3333333333333333

0.3333333333333333,0.3333333333333333,0.3333333333333333
0.3333333333333333,0.3333333333333333,0.3333333333333333
0.3333333333333333,0.3333333333333333,0.3333333333333333

Transition Gammas
1.0,1.0,1.0
1.0,1.0,1.0
1.0,1.0,1.0

1.0,1.0,1.0
1.0,1.0,1.0
1.0,1.0,1.0

Iteration: ,2500
Error:,0.05507077524699306
Absolute Error:,1
Transition Probabilities
0.8608562691131498,0.0900072491242965,0.049136481762553655
0.9959183673469387,0.0020408163265306124,0.0020408163265306124
0.002873563218390804,0.8268170272364075,0.17030940954520174

0.1485943775100402,0.40383682372849966,0.4475687987614602
0.8661913688515809,0.05610380861727254,0.07770482253114672
0.8478428974379625,0.05134150614088324,0.1008155964211543

Transition Gammas
563.0,58.864740927289915,32.13525907271009
488.0,1.0,1.0
1.0,287.73232547826984,59.267674521730214

111.0,301.66610732518916,334.33389267481067
141.40443561441958,9.158862208316675,12.685195177023477
95.5955643855804,5.7888321890466745,11.367110425613175

Iteration: ,5000
Error:,0.05663780141500132
Absolute Error:,1
Transition Probabilities
0.8513207547169811,0.09456859109471695,0.05411065418830194
0.9979381443298969,0.0010309278350515464,0.0010309278350515464
0.0014184397163120562,0.8231246615378524,0.17545689874583564

0.14579055441478445,0.3965885238668455,0.45762092171837004
0.8616238247553817,0.0690359023290155,0.06934027291560288
0.8556338747244824,0.05448512373283535,0.08988100154268229

Transition Gammas
1128.0,125.30338320049995,71.69661679950006
968.0,1.0,1.0
1.0,580.3028863841861,123.69711361581416

213.0,579.4158333694611,668.5841666305384
284.6451132544194,22.806625899234593,22.907177436461495
191.35488674558087,12.185112101332923,20.101084562970993

Iteration: ,7500
Error:,0.054398680513323146
Absolute Error:,1
Transition Probabilities
0.8472425573450464,0.09136275980418816,0.06139468285076549
0.9986004198740378,0.0006997900629811056,0.0006997900629811056
0.0009132420091324197,0.8083887517569983,0.19069800623386918

0.14150943396226418,0.3901611798675954,0.4683293861701404
0.8557071584871124,0.07604506994694171,0.06824777156594583
0.8606306135502592,0.05549983756550428,0.08386954888423662

Transition Gammas
1736.0,187.20229483878154,125.79770516121849
1427.0,1.0,1.0
1.0,885.1856831739135,208.81431682608684

300.0,827.1417013193021,992.8582986806974
423.7930056297814,37.661679508582445,33.80003071448247
281.2069943702188,18.13431019546158,27.403979581473507

Iteration: ,10000
Error:,0.051498017229300856
Absolute Error:,1
Transition Probabilities
0.8524052478134111,0.08796733569439016,0.05962741649219876
0.9989389920424403,0.0005305039787798408,0.0005305039787798408
0.0007042253521126761,0.8065074430972787,0.19278833155060862

0.14325842696629218,0.3973160066300025,0.4594255664037054
0.8568445944010409,0.07304851182375274,0.07010689377520633
0.863599829554257,0.05363405167034274,0.0827661187754003

Transition Gammas
2339.0,241.3823691454066,163.61763085459341
1883.0,1.0,1.0
1.0,1145.2405691981357,273.75943080186426

408.0,1131.5559868822468,1308.4440131177525
571.371708375853,48.71111198901508,46.74954586515793
389.62829162414675,24.197948181605042,37.34139396422195

Iteration: ,12500
Error:,0.05208627119778254
Absolute Error:,1
Transition Probabilities
0.8529667149059335,0.08583755330275668,0.06119573179130989
0.9991492981709911,0.0004253509145044662,0.0004253509145044662
0.0005624296962879638,0.808967820724445,0.19046974957926704

0.1431394692264258,0.3947902397304093,0.46207029104316505
0.8526945873548055,0.07834647989584731,0.06895893274934715
0.868039696989299,0.0528246941330249,0.0791356088776763

Transition Gammas
2947.0,296.5687466610243,211.43125333897567
2349.0,1.0,1.0
1.0,1438.3447852480635,338.6552147519369

507.0,1398.3470291251092,1636.6529708748901
706.1082654270131,64.87797371059192,57.10423533986696
486.8917345729846,29.62987412202754,44.387916827513585

Iteration: ,15000
Error:,0.049188398074604414
Absolute Error:,1
Transition Probabilities
0.8538516918646508,0.08536312209771978,0.06078518603762938
0.9992887624466572,0.00035561877667140827,0.00035561877667140827
0.0004743833017077797,0.8070652894758147,0.19246032722247758

0.1456720619282196,0.39581047931639485,0.45851745875538563
0.8582154335931658,0.07607664319000769,0.0657079232168265
0.8745127272249897,0.04987267744193084,0.07561459533307935

Transition Gammas
3558.0,355.7081297811983,253.29187021880162
2810.0,1.0,1.0
1.0,1701.293630215018,405.70636978498294

621.0,1687.3400733257909,1954.6599266742085
845.913910731688,74.98617274541533,64.76607634715673
594.0860892683096,33.88019748647276,51.3675534209552

Iteration: ,16637
Error:,0.05035972884468197
Absolute Error:,1
Transition Probabilities
0.8539544962080173,0.0845042318258278,0.06154127196615486
0.9993579454253612,0.00032102728731942215,0.00032102728731942215
0.00042194092827004204,0.7992224093441235,0.2003556497276064

0.14585541657833367,0.39313633084357147,0.4610082525780949
0.8590478898888372,0.07643819729759886,0.064513912813564
0.8758987820687972,0.05040609061264021,0.07369512731856258


Model Num 2
Model States: 
"['diamond', 'x', 'square']","['diamond', 'x', 'diamond']","['square', 'y', 'diamond', 'x', 'diamond']","['square', 'y', 'diamond', 'x', 'square']"
Iteration: ,0
Error:,0.4527555149019656
Absolute Error:,0.55
Transition Probabilities
0.25,0.25,0.25,0.25
0.25,0.25,0.25,0.25
0.25,0.25,0.25,0.25
0.25,0.25,0.25,0.25

0.25,0.25,0.25,0.25
0.25,0.25,0.25,0.25
0.25,0.25,0.25,0.25
0.25,0.25,0.25,0.25

Transition Gammas
1.0,1.0,1.0,1.0
1.0,1.0,1.0,1.0
1.0,1.0,1.0,1.0
1.0,1.0,1.0,1.0

1.0,1.0,1.0,1.0
1.0,1.0,1.0,1.0
1.0,1.0,1.0,1.0
1.0,1.0,1.0,1.0

Iteration: ,2500
Error:,0.06503874996819992
Absolute Error:,0.14368503578624872
Transition Probabilities
0.0016694490818030046,0.0016694490818030046,0.13810562001082646,0.8585554818255676
0.7947832268081617,0.19933442025066178,0.0029411764705882353,0.0029411764705882353
0.07383591772651185,0.09986665797625034,0.6426490101070466,0.18364841419019123
0.07359502744835549,0.07732653155442272,0.7686037296518885,0.08047471134533328

0.07953252844828636,0.09983037337991686,0.21680911414505663,0.6038279840267402
0.06530636385533796,0.15383866298250284,0.4475151985314336,0.3333397746307256
0.00528457702295229,0.830167902438412,0.09588574434469449,0.06866177619394129
0.8345637569622446,0.00330453866023743,0.1187745371027549,0.04335716727476299

Transition Gammas
1.0,1.0,82.72526638648507,514.2747336135151
270.226297114775,67.773702885225,1.0,1.0
16.175851845651476,21.878623757718,140.79049189515996,40.23339359893552
16.55311418876117,17.39241020786935,172.87561053990376,18.100503966000794

12.826878059163796,16.100481789380048,34.966624644182126,97.38440448121554
6.577762177763598,15.494877973692562,45.07445175473242,33.57451911986996
1.832472540494581,287.86786125193134,33.24920665805244,23.8090615219552
447.5276357765724,1.7720304310018615,63.691823826058375,23.24990799393397

Iteration: ,5000
Error:,0.05117903951048106
Absolute Error:,0.14140985677334242
Transition Probabilities
0.0008453085376162294,0.0008453085376162294,0.15958879727252068,0.8387205856522469
0.7762164088200622,0.22102497049028272,0.001379310344827586,0.001379310344827586
0.0858606658419534,0.08246039600624379,0.6614008303949178,0.17027810775688498
0.08412614585516433,0.07255137732022728,0.7759333377925157,0.06738913903209261

0.07168322376838013,0.08660754007745336,0.21398508412681688,0.6277241520273497
0.061497791979521516,0.13038667691605743,0.48125651692491733,0.3268590141795039
0.0027772776902769713,0.8587130687611194,0.0921269277055194,0.04638272584308417
0.8460047308081192,0.0018211952210084805,0.12291240261615287,0.029261671354719406

Transition Gammas
1.0,1.0,188.79354717339206,992.2064528266087
562.756896394545,160.24310360545496,1.0,1.0
38.496674469770994,36.97212210704363,296.54711167297063,76.3462619275706
35.72314400728023,30.80805941590513,329.4906486472547,28.615977752204266

23.41196328183205,28.28629129145758,69.8881923701461,205.01665558275394
11.954979962308748,25.346765464401624,93.55477377925614,63.54037826784368
1.961849669542289,606.5889471832538,65.0778218209051,32.764435362835634
862.5922998499083,1.8569032972957111,125.32233945248721,29.83540336377201

Iteration: ,7500
Error:,0.047000729017043934
Absolute Error:,0.13779744214100062
Transition Probabilities
0.0005627462014631395,0.0005627462014631395,0.16184748466070564,0.8370270229363681
0.7757446437721629,0.2224388258009524,0.0009082652134423257,0.0009082652134423257
0.08821649778295715,0.08401734876790687,0.673227881130618,0.1545382723185179
0.07998902207503442,0.06624522354744826,0.7951711852979066,0.05859456907961074

0.07358406331390484,0.0830806052410595,0.2060389709091044,0.6372963605359313
0.0607367635772595,0.11733084845325417,0.4906674638727285,0.33126492409675773
0.0019037165045312663,0.865175846096466,0.0895071853852028,0.04341325201379978
0.8503322456330136,0.0012681801792952605,0.1246570403234661,0.02374253386422511

Transition Gammas
1.0,1.0,287.60298024207424,1487.3970197579276
854.0948527931508,244.90514720684843,1.0,1.0
60.55884513454893,57.67621409284766,462.1573517230027,106.08740469071205
50.194725879212854,41.570214893390556,498.98596879501883,36.769274791267

35.14263952672018,39.67804481240949,98.40110693842031,304.3631360022057
17.45666132035032,33.72265434052,141.02522481043806,95.2105322489358
2.0336103954642732,924.2083001006387,95.61441645058069,46.375413768822284
1277.8523085833986,1.905780920498636,187.33064349445212,35.67952628614472

Iteration: ,10000
Error:,0.043663499596421386
Absolute Error:,0.1353288957401337
Transition Probabilities
0.0004251700680272104,0.0004251700680272104,0.1534334350633065,0.8457162248006391
0.7678298782171088,0.23080865139487222,0.0006807351940095305,0.0006807351940095305
0.08005288720903136,0.08091583103138017,0.6900157853765566,0.14901549638303185
0.0790059381035123,0.06218272169135839,0.8038250473055575,0.054986292899571805

0.08090759547793572,0.08047150327394915,0.19179956672447376,0.6468213345236413
0.06695534272462843,0.11142097569178308,0.4936605384719653,0.32796314311162317
0.0014805238115614032,0.8638669143587507,0.09190421890646149,0.04274834292322619
0.8511815843658298,0.0009686597173351655,0.12672014332763645,0.021129612589198512

Transition Gammas
1.0,1.0,360.8754392688973,1989.1245607311055
1127.9420911009324,339.0579088990672,1.0,1.0
74.95177567106433,75.75973118702879,646.046759312914,139.51996543546582
65.63195261493922,51.65654052696774,667.7549647766828,45.678310474936694

52.09323549927182,51.81245278971937,123.492237521273,416.46295265915154
25.18452379422095,41.9097879167879,185.68504127516036,123.35976854441532
2.091815233092946,1220.5477255478024,129.85042428415653,60.39864689645142
1708.4162512693092,1.944207949797564,254.3414427667699,42.409486052621965

Iteration: ,12500
Error:,0.043311165102068235
Absolute Error:,0.13409712773300025
Transition Probabilities
0.0003388681802778717,0.0003388681802778717,0.15235936275146159,0.8469629008879828
0.7680158674451565,0.23089242949807492,0.0005458515283842796,0.0005458515283842796
0.08365321153483708,0.0790477229271625,0.6907262825516022,0.14657278298639811
0.0790231035801306,0.060125396482005454,0.8075927703219656,0.05325872961589829

0.07846754518913508,0.08110593579762104,0.18898987879154536,0.6514366402216984
0.0645624857926378,0.10889600897907414,0.5062658107280518,0.3202756945002363
0.0012169229254939814,0.8672907515657057,0.08857745938824768,0.04291486612055258
0.8519096512202962,0.0007815075273241948,0.12782647861079385,0.01948236264158576

Transition Gammas
1.0,1.0,449.61247947956343,2499.3875205204386
1407.0050691595266,422.9949308404732,1.0,1.0
98.41357000361556,92.99545673364881,812.6028650187629,172.43511126945205
80.41019587818975,61.18077738454587,821.7684437760707,54.19357993571289

62.83517599753709,64.94794424885508,151.3391589732597,521.6568944639603
30.229500446868947,50.98737930673893,237.04419623482462,149.95975032795576
2.137121055772181,1523.1082329188287,155.55689646374864,75.36571303778165
2151.780689276101,1.9739567493000054,322.8682147911764,49.209175707293134

Iteration: ,15000
Error:,0.04562949118910456
Absolute Error:,0.13452277748273495
Transition Probabilities
0.00028344671201814076,0.00028344671201814076,0.1531800064681705,0.8462531001077932
0.7693680360675534,0.22971955517332235,0.0004562043795620438,0.0004562043795620438
0.08422579267708351,0.08273775607389444,0.6864138787875417,0.14662257246148042
0.07901635357338421,0.06015345067248772,0.8068652616557687,0.053964934098359466

0.07878818930921914,0.0814134658473678,0.1803850586091453,0.6594132862342678
0.06520971899938952,0.11053703964614581,0.5022607407032491,0.32199250065121554
0.001037627113147181,0.868956065978124,0.08999789039485451,0.04000841651387436
0.8512741331910667,0.0006588742769737797,0.13088414471051016,0.017182847821449306

Transition Gammas
1.0,1.0,540.4190628197052,2985.580937180293
1686.4547350600772,503.5452649399226,1.0,1.0
119.89999211606775,117.78169116193102,977.1474513813455,208.72519834357493
95.56598645123854,72.75233027076268,975.8596945600323,65.26765571504367

76.92376805062413,79.48692079293069,176.11647798871917,643.8091181497588
36.95198162347182,62.63732953297338,284.6129372345794,182.46146662694323
2.176280249158976,1822.5159113655848,188.75820499547274,83.91215452647901
2583.3083638302633,1.9994445549973678,397.18592700095866,52.143713477089385

Iteration: ,17500
Error:,0.044702217293682116
Absolute Error:,0.13401770492296788
Transition Probabilities
0.0002444390124663896,0.0002444390124663896,0.15425587042723302,0.8452552515478342
0.7719576613391492,0.2272623074596027,0.0003900156006240251,0.0003900156006240251
0.08214499222697369,0.0847307091270138,0.6860353831656629,0.14708891548034964
0.07972867163811331,0.05835456312145623,0.807113016876221,0.054803748364209585

0.07321379729138928,0.07895138996676555,0.17712558996574795,0.6707092227760972
0.06519321472422974,0.10950040097331253,0.49897861943658944,0.32632776486586834
0.0008998055022940439,0.8704366840754241,0.09170193844718755,0.0369615719750944
0.8515936370973246,0.0005724331955667776,0.13237736858404864,0.01545656112305998

Transition Gammas
1.0,1.0,631.0607659178104,3457.93923408219
1979.299443673578,582.7005563264212,1.0,1.0
136.30188931693695,140.59232856538662,1138.3276853369002,244.06231632666282
112.07585187633997,82.0299302413365,1134.5715044328285,77.03849390360556

84.87632328130559,91.5278806214268,205.34065150986137,777.5492451720229
43.13873478487668,72.45706131239093,330.1770961633349,215.93300715478128
2.2098841721462006,2137.755599504112,225.21607371027332,90.77605402185189
3007.0132304455606,2.0212858781832472,467.4300997604921,54.57777250738205

Iteration: ,20000
Error:,0.043723746479270624
Absolute Error:,0.13276225620971627
Transition Probabilities
0.00021335609131640696,0.00021335609131640696,0.1555641765864615,0.8440091112309057
0.7783465873159126,0.22096494452573986,0.00034423407917383834,0.00034423407917383834
0.08280410521526978,0.08497760115959586,0.6850696428075999,0.1471486508175344
0.07914525282080836,0.05884853869434054,0.8058031143080784,0.05620309417677267

0.0752509275415601,0.07659135754611067,0.1734059865278964,0.6747517283844329
0.06467753429225553,0.10638635519571396,0.50056766680145,0.32836844371058055
0.0007939695463799808,0.8687319891371036,0.09483245208980723,0.035641589226709236
0.8503864429607835,0.0005041757113420654,0.134393804970447,0.014715576357427445

Transition Gammas
1.0,1.0,729.1292956607455,3955.8707043392574
2261.0968361527252,641.9031638472741,1.0,1.0
158.7922532423596,162.96033545900102,1313.748296978114,282.1848719232409
126.89471106573562,94.35270023290367,1291.9556097382263,90.1112213604153

98.83956590774606,100.60017569832074,227.76293919773804,886.2637326587836
48.607339315055256,79.95291907887795,376.19341393595795,246.77991420752087
2.23250116883314,2442.7198624859293,266.6519907458576,100.21781058289882
3434.0116851627417,2.0359511824951952,542.7060843951867,59.42411427605606

Iteration: ,22500
Error:,0.042418694811025934
Absolute Error:,0.13226186481589008
Transition Probabilities
0.0001891431813883107,0.0001891431813883107,0.15880526054869953,0.8408164530885239
0.7765468107000556,0.22283931575789398,0.000306936771025169,0.000306936771025169
0.08305337279839817,0.08405747734754473,0.6830197464878548,0.1498694033662024
0.07852108768912765,0.05965938307662425,0.8050038403661408,0.05681568886810724

0.07669407429690156,0.07400945056044157,0.16966123258932395,0.679635242553333
0.06487077627927855,0.10221844749751134,0.5034604519518378,0.32945032427137233
0.000712760853541283,0.8676229531827317,0.09653841984225824,0.03512586612146873
0.850815604650572,0.0004490212337424255,0.13478486734014342,0.013950506775542094

Transition Gammas
1.0,1.0,839.6034125209756,4445.396587479032
2529.98950926078,726.0104907392182,1.0,1.0
179.13234437371105,181.29803127870332,1473.1602621232375,323.24343576080463
139.5450015499734,106.02462279761218,1430.6253957710003,100.97090634495405

113.01529059052629,109.05926746248514,250.01036493120512,1001.5007696081004
54.712940846586456,86.21250110040211,424.62574839011813,277.863117070576
2.255550685257618,2745.615919945022,305.4983981612303,111.15673792536259
3886.077636831583,2.050892538137692,615.6262953933008,63.71856852010448

Iteration: ,25000
Error:,0.04065891609988273
Absolute Error:,0.13116964135828596
Transition Probabilities
0.00017132088401576153,0.00017132088401576153,0.16255314751678632,0.8371042107151822
0.7766273043471906,0.22282445003877438,0.0002741228070175441,0.0002741228070175441
0.0817740080538346,0.08580646026875961,0.6835124593659142,0.1489070723114917
0.07599576102704782,0.06061149107239835,0.8076057933692319,0.055786954531321965

0.07262143964814921,0.07241409117899883,0.167004489978222,0.6879599791946299
0.061569024338984375,0.10066652195836212,0.5074919521126575,0.33027250158999594
0.0006459504071017157,0.8697256309607715,0.09486913544607126,0.034759283186055576
0.8503513415226802,0.0004088295795225751,0.13552774194859485,0.013712086949202352

Transition Gammas
1.0,1.0,948.8227220554818,4886.177277944518
2833.1364062585485,812.8635937414481,1.0,1.0
196.40721540348935,206.09247762348048,1641.6803093382762,357.6493817856183
148.81266617225765,118.68764080077241,1581.4299337651553,109.24037511094623

120.28104817454195,119.93762216525833,276.60530005683063,1139.4506608596962
57.98111214881818,94.80021751138152,477.91804573773834,311.0259933457339
2.2800617529012466,3069.938690137397,334.86701902075555,122.69256475336338
4298.714523962277,2.0667241474237277,685.1227772170188,69.31763900886091

Iteration: ,26561
Error:,0.04106426814323588
Absolute Error:,0.13136254121514232
Transition Probabilities
0.0001613163413453782,0.0001613163413453782,0.1614422255334625,0.8382351417838467
0.775887443934796,0.22359802043361146,0.0002572678157962441,0.0002572678157962441
0.0818793264273586,0.08512312746476648,0.6847399325568717,0.14825761355100328
0.07510748731002075,0.06010502181089198,0.8090900559294741,0.055697434949613

0.07191917608492675,0.07353740380549736,0.16792201197926773,0.6866214081303081
0.06088323651804822,0.1024007432591742,0.5095055355783293,0.32721048464444824
0.0006108302784103413,0.8699801051307954,0.09554244239879946,0.0338666221919949
0.8496820252803282,0.00038598108808898595,0.13663960537102382,0.01329238826055888

*,*,*,*,*,*,*,*,*,*,*
Model Num 2
Model States: 
"['diamond', 'x', 'square']","['diamond', 'x', 'diamond']","['square', 'y', 'diamond', 'x', 'diamond']","['square', 'y', 'diamond', 'x', 'square']"
Iteration: ,26561
Error:,0.04070674483556662
Absolute Error:,0.13136254121514232
Transition Probabilities
0.0001613163413453782,0.0001613163413453782,0.1614422255334625,0.8382351417838467
0.775887443934796,0.22359802043361146,0.0002572678157962441,0.0002572678157962441
0.0818793264273586,0.08512312746476648,0.6847399325568717,0.14825761355100328
0.07510748731002075,0.06010502181089198,0.8090900559294741,0.055697434949613

0.07191917608492675,0.07353740380549736,0.16792201197926773,0.6866214081303081
0.06088323651804822,0.1024007432591742,0.5095055355783293,0.32721048464444824
0.0006108302784103413,0.8699801051307954,0.09554244239879946,0.0338666221919949
0.8496820252803282,0.00038598108808898595,0.13663960537102382,0.01329238826055888

Transition Gammas
1.0,1.0,1000.7803560819344,5196.219643918068
3015.8744945745498,869.125505425447,1.0,1.0
209.09784602136452,217.38164413547824,1748.6421936980648,378.61019383550286
155.26731426277772,124.25319558037943,1672.6060807006827,115.14153176574683

126.42038581340303,129.26492580822867,295.17531618985225,1206.9513035170644
60.89468674745379,102.42000163091451,509.6013576075023,327.27202268558005
2.2911649388512516,3263.2107228888453,358.37040489549935,127.03040452669671
4565.424198228978,2.0739139433234812,734.1778950678869,71.42129550991608

