0,1,2,3,4,5,6,7,8,9,10,11,12,13,14,15,16,17,18,19,20,21,22,23,24,25,26,27,28,29
github Code Version (SHA):,528ca1c557fe8e6666681dc5c9134b0f84d30530
Environment Observations,Environment Actions,alpha,epsilon,numActions,explore,patience,gainThresh,insertRandActions,useUpdatedPosterior,revisedSplitting,haveControl,confidence_factor
"['diamond', 'square']","['x', 'y']",0.95,0.99,75000,0.5,0,0.01,False,False,False,False,250

Model Num 0
Model States: 
['diamond'],['square']
Iteration: ,0
Error:,0.6223645691651387
Absolute Error:,1
Transition Probabilities
0.5,0.5
0.5,0.5

0.5,0.5
0.5,0.5

Transition Gammas
1.0,1.0
1.0,1.0

1.0,1.0
1.0,1.0

Iteration: ,2500
Error:,0.1262897319001097
Absolute Error:,1
Transition Probabilities
0.4716599190283401,0.52834008097166
0.046753246753246755,0.9532467532467532

0.05,0.95
0.9433962264150944,0.05660377358490566

Transition Gammas
233.0,261.0
36.0,734.0

25.0,475.0
700.0,42.0

Iteration: ,2534
Error:,0.12512704049701792
Absolute Error:,1
Transition Probabilities
0.474,0.526
0.04603580562659847,0.9539641943734015

0.04930966469428008,0.9506903353057199
0.9440745672436751,0.0559254327563249


Model Num 1
Model States: 
['square'],"['diamond', 'x', 'square']","['diamond', 'x', 'diamond']"
Iteration: ,0
Error:,0.6731863692453026
Absolute Error:,1
Transition Probabilities
0.3333333333333333,0.3333333333333333,0.3333333333333333
0.3333333333333333,0.3333333333333333,0.3333333333333333
0.3333333333333333,0.3333333333333333,0.3333333333333333

0.3333333333333333,0.3333333333333333,0.3333333333333333
0.3333333333333333,0.3333333333333333,0.3333333333333333
0.3333333333333333,0.3333333333333333,0.3333333333333333

Transition Gammas
1.0,1.0,1.0
1.0,1.0,1.0
1.0,1.0,1.0

1.0,1.0,1.0
1.0,1.0,1.0
1.0,1.0,1.0

Iteration: ,2500
Error:,0.09629118342410947
Absolute Error:,1
Transition Probabilities
0.9626038781163435,0.020344658366770494,0.017051463516886016
0.9958847736625515,0.00205761316872428,0.00205761316872428
0.0033222591362126247,0.9527295582296716,0.043948182634115776

0.051006711409395965,0.45389646466776695,0.4950968239228371
0.9540830041545352,0.021316424045355248,0.024600571800109543
0.9439888618848323,0.02387080240393867,0.03214033571122903

Transition Gammas
695.0,14.688843340808297,12.311156659191703
484.0,1.0,1.0
1.0,286.7715970271312,13.22840297286885

38.0,338.15286617748643,368.8471338225137
153.0166366383426,3.418746061268938,3.9454604471951233
94.98336336165748,2.4018600112934916,3.233933480242448

Iteration: ,5000
Error:,0.09539658415275354
Absolute Error:,1
Transition Probabilities
0.9605442176870749,0.02289918663560587,0.0165565956773193
0.9978835978835979,0.0010582010582010583,0.0010582010582010583
0.001652892561983471,0.9528909340977924,0.04545617334022421

0.045236463331048665,0.44329975972633273,0.5114637769426186
0.9473507536980567,0.02911047446733541,0.023538771834607914
0.9387384214225047,0.029357082989349463,0.0319044955881459

Transition Gammas
1412.0,33.661804354340624,24.338195645659376
943.0,1.0,1.0
1.0,576.4990151291644,27.500984870835648

66.0,646.7743494407194,746.2256505592804
311.9807639934534,9.586637292554308,7.751768805547555
194.01923600654666,6.067546275929835,6.59404762596831

Iteration: ,7500
Error:,0.09502285697650073
Absolute Error:,1
Transition Probabilities
0.9574861367837338,0.027264505463090304,0.01524935775317587
0.998587570621469,0.0007062146892655367,0.0007062146892655367
0.0010822510822510818,0.94723279522203,0.051684953695719

0.048658481127785376,0.43413574806009875,0.517205770812116
0.9482995802044869,0.02675549326518753,0.02494492653032556
0.9418445682601679,0.028604030146387634,0.029551401593444344

Transition Gammas
2072.0,59.00038982212742,32.99961017787258
1414.0,1.0,1.0
1.0,875.2431027851561,47.75689721484438

107.0,954.6645099841568,1137.3354900158427
473.37184808038444,13.355797637823498,12.451999577331197
294.62815191961573,8.947922856370077,9.244279928475235

Iteration: ,10000
Error:,0.09212204663142692
Absolute Error:,1
Transition Probabilities
0.9572173913043478,0.026997837833225027,0.015784770862427154
0.9989440337909187,0.0005279831045406547,0.0005279831045406547
0.0008006405124099279,0.9487449558780813,0.05045440360950887

0.04587470044505307,0.42856022759671086,0.5255650719582361
0.944742405515318,0.03148583187943507,0.023771762605247083
0.9434382710848332,0.027870314510665475,0.028691414404501354

Transition Gammas
2752.0,77.61878377052196,45.38121622947807
1892.0,1.0,1.0
1.0,1184.9824498917235,63.01755010827658

134.0,1251.8244248099923,1535.1755751900073
623.306567936267,20.77320303695289,15.68374159640917
392.6934320637341,11.600641815499126,11.942413551138824

Iteration: ,12500
Error:,0.09502125673773164
Absolute Error:,1
Transition Probabilities
0.9579124579124579,0.0286720016254187,0.013415540462123395
0.9991589571068125,0.00042052144659377626,0.00042052144659377626
0.0006361323155216287,0.9457699948798869,0.053593872804591415

0.048773841961852867,0.42365260154682793,0.5275735564913192
0.9480818719595692,0.03132471700311065,0.0205934110373201
0.9502181345376749,0.024671617992893254,0.025110247469431916

Transition Gammas
3414.0,102.18701379299225,47.81298620700778
2376.0,1.0,1.0
1.0,1486.7504319511818,84.24956804881768

179.0,1554.8050476768583,1936.1949523231413
772.3685485765637,25.51913175626666,16.77671882941963
490.63145142343666,12.738834699999991,12.96531471431373

Iteration: ,15000
Error:,0.09377442463275244
Absolute Error:,1
Transition Probabilities
0.9557339449541284,0.029858523367383087,0.014407531678488484
0.9992922859164898,0.00035385704175513094,0.00035385704175513094
0.0005333333333333335,0.9490598458287326,0.050406820837934116

0.05154639175257735,0.41981789380477735,0.5286357144426453
0.9465032029908605,0.03257987645263828,0.02091692055650113
0.9514095058597841,0.023126663958029446,0.025463830182186526

Transition Gammas
4167.0,130.18316188179026,62.81683811820979
2824.0,1.0,1.0
1.0,1779.487210928873,94.51278907112645

225.0,1832.505106457852,2307.4948935421453
924.0095987334093,31.80561721572646,20.41983091983032
582.9904012665909,14.171209156319089,15.603342708124137

Iteration: ,17500
Error:,0.09737724794492468
Absolute Error:,1
Transition Probabilities
0.9552821714508885,0.02963835073773975,0.015079477811371764
0.9993896856881294,0.0003051571559353067,0.0003051571559353067
0.00045372050816696924,0.9465678103067289,0.05297846918510419

0.050967996839193994,0.4153831788675763,0.5336488242932296
0.9463519047376929,0.031861040541038776,0.02178705472126849
0.952351924939291,0.02253244602968825,0.025115629031020714

Transition Gammas
4892.0,151.77799412796526,77.2220058720348
3275.0,1.0,1.0
1.0,2086.23545391603,116.7645460839696

258.0,2102.6696514276714,2701.330348572328
1073.066872144862,36.12718159650087,24.704305603400925
682.9331278551373,16.15805401586499,18.01045878423322

Iteration: ,18381
Error:,0.09512978617989716
Absolute Error:,1
Transition Probabilities
0.9548662704309064,0.02974581170519799,0.01538791786389563
0.9994186046511628,0.00029069767441860465,0.00029069767441860465
0.0004304778303917349,0.9471100559911075,0.052459466178500835

0.05105501130369254,0.4135593746024142,0.5353856140938932
0.9464611778555125,0.032087813056511504,0.02145100908797588
0.951685967174765,0.022947708791118127,0.02536632403411688


Model Num 2
Model States: 
"['diamond', 'x', 'square']","['diamond', 'x', 'diamond']","['square', 'y', 'diamond', 'x', 'diamond']","['square', 'y', 'diamond', 'x', 'square']"
Iteration: ,0
Error:,0.6230541013889433
Absolute Error:,0.7
Transition Probabilities
0.25,0.25,0.25,0.25
0.25,0.25,0.25,0.25
0.25,0.25,0.25,0.25
0.25,0.25,0.25,0.25

0.25,0.25,0.25,0.25
0.25,0.25,0.25,0.25
0.25,0.25,0.25,0.25
0.25,0.25,0.25,0.25

Transition Gammas
1.0,1.0,1.0,1.0
1.0,1.0,1.0,1.0
1.0,1.0,1.0,1.0
1.0,1.0,1.0,1.0

1.0,1.0,1.0,1.0
1.0,1.0,1.0,1.0
1.0,1.0,1.0,1.0
1.0,1.0,1.0,1.0

Iteration: ,2500
Error:,0.04182842360849726
Absolute Error:,0.061096744878964736
Transition Probabilities
0.0015360983102918587,0.0015360983102918587,0.05370005106386672,0.9432277523155495
0.8995787031193124,0.09314856960796036,0.0036363636363636385,0.0036363636363636385
0.031273028924137296,0.016409041590826404,0.9173576737380396,0.03496025574699671
0.049160321351240995,0.01245790464160198,0.9129734149793365,0.025408359027820602

0.01620058251435132,0.011492371971320477,0.0711492082150019,0.9011578372993264
0.0488261080827009,0.01745249378478379,0.7632803214695535,0.1704410766629618
0.004313758534964098,0.9286877698900277,0.03731613652009491,0.029682335054913373
0.9400320140894872,0.0024627127569760636,0.014582591497631305,0.042922681655905466

Transition Gammas
1.0,1.0,34.95873324257724,614.0412667574227
247.38414335781076,25.615856642189083,1.0,1.0
6.568619897735347,3.446572359771594,192.68277094851712,7.343088898958451
11.157374812058615,2.827432930434439,207.2074857198313,5.766654432693031

2.647024569378478,1.8777467379073398,11.625119162851044,147.2408127365908
4.0334904538642355,1.4417382388499462,63.05405061274272,14.080017487815505
1.4325822947417888,308.41356689399464,12.392542617664239,9.857387084049279
551.708475037628,1.4453757736357624,8.558580129898601,25.19149016838788

Iteration: ,5000
Error:,0.045531674909671145
Absolute Error:,0.06156276031313104
Transition Probabilities
0.0007621951219512198,0.0007621951219512198,0.05708867385899838,0.9413869358970992
0.9107597329248699,0.08554340940415034,0.0018484288354898345,0.0018484288354898345
0.04150469559047144,0.017898259429826563,0.8852748394375406,0.05532220554216142
0.05504052451491288,0.01825003502108869,0.9008858282944983,0.025823612169500118

0.01856026173704232,0.032085196181438846,0.05115581992705353,0.8981987221544653
0.03766516702975088,0.025871249402982695,0.7953530648396293,0.1411105187276372
0.0023442102536668295,0.9317412731805418,0.03885794272333126,0.02705657384246037
0.9408819649580555,0.0012447658911190177,0.010871998415250345,0.04700127073557511

Transition Gammas
1.0,1.0,74.90034010300585,1235.0996598969937
492.7210155123544,46.27898448764531,1.0,1.0
17.738729071397923,7.649553149551968,378.3584075752875,23.64420704171808
25.242085585352722,8.36963219369739,413.1544417655355,11.842943617458909

6.109506419607537,10.561527354630154,16.83903032578813,295.66128629177746
5.530325612245493,3.798640613516813,116.78061647214325,20.71906691029111
1.47970272832505,588.1298837686301,24.527750347850713,17.078538954086007
1111.919368934574,1.4710445684715012,12.848355125482472,55.545355572580846

Iteration: ,7500
Error:,0.038806927373098
Absolute Error:,0.052784527288512656
Transition Probabilities
0.0005030181086519116,0.0005030181086519116,0.059303975235649294,0.9396899885470469
0.917752806376941,0.07978716902281296,0.0012300123001230013,0.0012300123001230013
0.03618595344365687,0.02071373364751672,0.8972810521816755,0.045819260727150674
0.045890031357968486,0.015334647623530517,0.914873141851607,0.02390217916689415

0.019766826150729132,0.02880741051204652,0.04081887466334308,0.9106068886738813
0.03936493935838416,0.02792557723201576,0.8115635507295513,0.12114593268004879
0.0015989219954879949,0.941203613120832,0.03567950636184757,0.021517958521832505
0.9479647085130833,0.0008302266547407872,0.008891507939304419,0.0423135568928714

Transition Gammas
1.0,1.0,117.89630276847078,1868.1036972315287
746.1330315844531,64.86696841554694,1.0,1.0
22.711702655482576,13.000739643899854,563.1682605041601,28.757938550642
30.94646389485871,10.341093805758867,616.9550949276156,16.118706017582447

9.827536611832393,14.322273051851557,20.294051364083288,452.7293592400646
8.102358702488292,5.747831633827758,167.04151219466763,24.935077201184473
1.499506605256377,882.682856792592,33.46107916011783,20.18004694798937
1691.3363657063783,1.4812708957745626,15.86401960817826,75.49485428371456

Iteration: ,10000
Error:,0.03303532855292438
Absolute Error:,0.047326072600343924
Transition Probabilities
0.00038109756097561015,0.00038109756097561015,0.05753663344223614,0.9417011714358128
0.9176660106869986,0.08051249568822913,0.0009107468123861564,0.0009107468123861564
0.030496879746729117,0.017476403165803622,0.9055869637668998,0.0464397533205675
0.04060557095507196,0.012825134823705687,0.9237471388256708,0.022822155395551536

0.019158815044092593,0.02623140473770988,0.03695522368936957,0.9176545565288279
0.038009240955206906,0.03309162144686863,0.8279153247292224,0.10098381286870199
0.001212918116112938,0.9502850418883206,0.03023016821184981,0.018271871783716555
0.9453226391490135,0.000627047355066477,0.007882158366527335,0.04616815512939279

Transition Gammas
1.0,1.0,150.97612615242747,2471.02387384757
1007.5972797343247,88.4027202656756,1.0,1.0
25.381264147769834,14.544871763536966,753.6817578398249,38.64984404225859
36.53454826930748,11.539315819385733,831.1343403938929,20.53405772402434

13.021646447846626,17.82866411825131,25.11730794292703,623.7010571307926
10.237079204391138,8.912610229510925,222.98353086741147,27.19810405886828
1.5155015482680836,1187.3501047977206,37.771607267507534,22.830106674241453
2245.644822170325,1.4895714836875553,18.724324786353115,109.67396127189794

Iteration: ,12500
Error:,0.029860571872529443
Absolute Error:,0.045554581963270654
Transition Probabilities
0.0003025718608169441,0.0003025718608169441,0.05929921550370178,0.9400956407746643
0.9231126857245763,0.07540692937534978,0.0007401924500370094,0.0007401924500370094
0.03160669761620859,0.016063082288537103,0.9006075216474991,0.05172269844775507
0.040531477100825004,0.012471334974164255,0.9221904119835461,0.024806775941464587

0.022291691982287448,0.024193849757175742,0.03397772062088969,0.9195367376396472
0.03275284392098529,0.02984545698804502,0.843129026657452,0.09427267243351775
0.000979818640149924,0.9518291105421799,0.029484889043746226,0.01770618177392408
0.9476592726035157,0.0005020065277322548,0.0071302762106425265,0.04470844465810965

Transition Gammas
1.0,1.0,195.98390723973432,3107.0160927602647
1247.125238413903,101.87476158609758,1.0,1.0
32.82784031194574,16.68368858679247,935.403004242359,53.72103424924359
45.49108829909892,13.997382802162885,1035.0337185039823,27.84224300441689

18.577112320747744,20.162303730352775,28.31583770665772,766.3095861794149
11.124017387616611,10.136566561282873,286.3562619224188,32.01831419150821
1.527206034592037,1483.5798197286426,45.95697472135845,27.59795185217419
2823.397327088518,1.4956471482480147,21.243503204715303,133.20157022175212

Iteration: ,15000
Error:,0.030467662848877773
Absolute Error:,0.04661979184326098
Transition Probabilities
0.00025087807325639743,0.00025087807325639743,0.05721364615116352,0.9422845977023238
0.9236480648686781,0.07511354503844259,0.0006191950464396282,0.0006191950464396282
0.03191571237160307,0.017042572559219954,0.8982893503622837,0.05275236470689316
0.039796197182861225,0.012138875911372096,0.9195453172951861,0.028519609610580608

0.02336070204230182,0.023112910284345756,0.03374788874868509,0.9197784989246673
0.03857978008115452,0.02985997512414514,0.8358356342315095,0.09572461056319084
0.0008258854822534618,0.9516169130994775,0.02968799488738332,0.017869206530885685
0.9490554703318153,0.00041753743173659764,0.00681561980602726,0.04371137243042088

Transition Gammas
1.0,1.0,228.05359355853773,3755.9464064414615
1491.6916247629158,121.30837523708483,1.0,1.0
38.90780832352767,20.776260255557524,1095.0866286807068,64.30935555287223
53.88086518807629,16.435066232838537,1244.9907474286606,38.61326833776074

23.27344738226285,23.026581152382175,33.62183686229626,916.3430302435679
15.614591317312291,12.08538014804269,338.2920226480714,38.74311024606469
1.5361129980188442,1769.9682834454486,55.218448334015804,33.23598853134055
3409.995374375671,1.500229180864103,24.48880253957169,157.05676059507206

Iteration: ,17500
Error:,0.03084470251104924
Absolute Error:,0.04672346421345297
Transition Probabilities
0.00021510002151000252,0.00021510002151000252,0.05766792792345981,0.9419018720335203
0.9216277558781859,0.07731905823450493,0.0005265929436545549,0.0005265929436545549
0.031121062465618847,0.01796563313379689,0.8962139512649898,0.054699353135594445
0.03807969417407797,0.012357798238841713,0.9202218329834119,0.029340674603668487

0.024310549825390576,0.024108817809662984,0.03282132254215996,0.9187593098227864
0.03748839801638923,0.03151954765991001,0.8403826940664035,0.09060936025729714
0.0007105566859396284,0.9496530645147389,0.030532359520342157,0.01910401927897927
0.9497858788844704,0.0003602186504267256,0.006087300671665118,0.04376660179343792

Transition Gammas
1.0,1.0,268.09819691616417,4378.901803083828
1750.1711084126755,146.82889158732488,1.0,1.0
44.18259338442762,25.505821484124056,1272.3555514191498,77.65670856035563
60.63427133537678,19.677313796071545,1465.2686036495718,46.71913637092412

28.094111161029677,27.860982675030964,37.92945410837234,1061.7499960216376
17.408317040862066,14.636589123077306,390.24469297316824,42.07585689682245
1.5436931695240343,2063.133002781321,66.33192787240746,41.50371765542913
3965.8192155199336,1.5040885292259991,25.417448828246258,182.74690564391722

Iteration: ,20000
Error:,0.0300986278140262
Absolute Error:,0.04540893223628048
Transition Probabilities
0.00018744142455482722,0.00018744142455482722,0.056633552710764826,0.9429915644401256
0.9237103938504365,0.07536581862069505,0.00046189376443417997,0.00046189376443417997
0.03262816593064529,0.017446287746427327,0.8964069403139419,0.05351860600898556
0.034958861069941685,0.011518426044365808,0.9227883243404036,0.030734388545289027

0.024987537458157707,0.023911571848025337,0.032542967561245056,0.9185579231325719
0.035763922189592595,0.028925138238339535,0.8473152690955142,0.0879956704765536
0.0006241646775292131,0.9506517714766316,0.029878266383768462,0.018845797462070768
0.9489067911907291,0.0003152479698988329,0.005628160009594769,0.04514980082977739

Transition Gammas
1.0,1.0,302.14000371192935,5030.8599962880535
1999.8330026861959,163.16699731380484,1.0,1.0
52.326137373012905,27.978797558193417,1437.5773618625167,85.8283587251252
63.70516002295168,20.989905045841994,1681.5873306571343,56.00694875522375

32.55993465414675,31.15790093975279,42.40501486072725,1196.9241068003337
18.953199384871496,15.328965021228981,449.03730502150125,46.633573317439584
1.5513723567505797,2362.861809167003,74.26296008754683,46.841563254287856
4539.078835393663,1.5079830825881348,26.922203760080127,215.97327289808536

Iteration: ,22500
Error:,0.028755327208174787
Absolute Error:,0.04437472512987109
Transition Probabilities
0.00016677785190126793,0.00016677785190126793,0.05689121207954536,0.9427752322166522
0.9223856290232492,0.07679604037118613,0.0004091653027823239,0.0004091653027823239
0.03247828780009854,0.01666913776049531,0.8985498195664834,0.05230275487292281
0.03472731125829667,0.010825192978726915,0.9252163496122443,0.029231146150731965

0.0253445326439434,0.023307553062642938,0.030885940222619895,0.9204619740707938
0.033578202221701936,0.0265891442852226,0.8519535901414225,0.08787906335165294
0.0005558265445459187,0.9520407425919247,0.029218078566549816,0.01818535229697952
0.9485276807983619,0.0002802393844386369,0.005652111648078562,0.04553996816912091

Transition Gammas
1.0,1.0,341.1197076289531,5652.880292371032
2254.310477332822,187.68952266717898,1.0,1.0
57.4038415186514,29.46191462264022,1588.14441686334,92.44265184770683
71.00162613362399,22.132617725084398,1891.648474000144,59.764457288807435

37.609671737846845,34.58692381561539,45.832767540303614,1365.9069266856573
19.98116959658288,15.822234849954896,506.9666642852983,52.29364148874401
1.5582598526017875,2669.0464530335685,81.91289035613525,50.9826395803985
5115.883816061914,1.5114710519213046,30.48466280145072,245.6198072620157

Iteration: ,25000
Error:,0.028240014839858902
Absolute Error:,0.044268885151851275
Transition Probabilities
0.00014970059880239542,0.00014970059880239542,0.05674970687779813,0.9429508919245971
0.9213260589919263,0.07793566120002642,0.00036913990402362467,0.00036913990402362467
0.03230074834364846,0.018844748059784044,0.8966327674736317,0.05222173612293573
0.03316322760394609,0.010347344878489977,0.9268974425105734,0.029591985006990496

0.026581682380990818,0.02262986847851581,0.029893975029160295,0.9208944741113331
0.03404131734097942,0.026206785033673827,0.8537964195902544,0.08595547803509236
0.0005032684346683411,0.9526349370689017,0.02902258969551359,0.017839204800916407
0.9491318351200762,0.0002519071782229201,0.005412160899097527,0.045204096802603504

Transition Gammas
1.0,1.0,379.08804194369094,6298.911958056299
2495.8722938091305,211.12770619087172,1.0,1.0
62.88449524323813,36.68777135185273,1745.6034888496413,101.66753667371715
75.02041777926922,23.4073156256399,2096.7872670935467,66.9417073830938

43.6250864870973,37.139484078437434,49.06112515372077,1511.345313016242
22.733778621141173,17.501650813324108,570.1900016402053,57.40356018983401
1.564428376977874,2961.3006216717376,90.21778392075915,55.453822037667244
5706.620367276135,1.5145826751539841,32.540419017615335,271.7879750239585

Iteration: ,27500
Error:,0.028045636283728637
Absolute Error:,0.043291791579847624
Transition Probabilities
0.00013636983499249982,0.00013636983499249982,0.05619639958516503,0.94353086074485
0.9232786305314429,0.07605022852895969,0.00033557046979865743,0.00033557046979865743
0.030889373149641505,0.018709044553673164,0.8987727060063976,0.05162887629028787
0.03412008145012105,0.011110437061823552,0.9252449109840889,0.02952457050396655

0.024718776075282712,0.021641872029728285,0.02981491316180938,0.9238244387331797
0.0330345693555822,0.02849064036310715,0.854933458569413,0.08354133171189757
0.0004586944289104917,0.9529284519616716,0.028773307511651115,0.01783954609776674
0.9496574667970544,0.00023007159743206366,0.0050134446303772345,0.045099016975136165

Transition Gammas
1.0,1.0,412.0881981580146,6918.911801841977
2751.3703189837024,226.62968101630008,1.0,1.0
66.52334064811264,40.29179025470644,1935.5965107237366,111.18792563707127
85.38210658578339,27.802762511397553,2315.3332656337157,73.8822980054816

44.6582222182599,39.09932787041097,53.86516765001185,1669.0291198057917
24.291909873137037,20.950540038192113,628.6737477807663,61.43196476343152
1.5697662802987007,3261.1578801594146,98.46940589999855,61.051358279245854
6262.755088527449,1.517265032836537,33.062421944454115,297.4168138763018

Iteration: ,30000
Error:,0.027663439726681793
Absolute Error:,0.04266432156787635
Transition Probabilities
0.00012462612163509484,0.00012462612163509484,0.055706818446246885,0.944043929310483
0.9238371549291765,0.07554632225947949,0.00030826140567200954,0.00030826140567200954
0.030423570620201325,0.018561121555513174,0.9015927377802677,0.04942257004401787
0.0344207678477713,0.01146590399538562,0.9246101543403936,0.029503173816449426

0.026681359541261843,0.02124767242260597,0.02993741165220978,0.9221335563839225
0.03156820194297459,0.02913112425142569,0.8582287694036762,0.08107190440192358
0.0004221349147783724,0.953826825115383,0.02837299848100875,0.01737804148882996
0.9499567558975297,0.00021065972442737977,0.004651229055667817,0.045181355322375175

Transition Gammas
1.0,1.0,446.9915112126846,7575.008488787308
2996.9277305902515,245.07226940975173,1.0,1.0
70.96580765385126,43.29554208452025,2103.0489027786653,115.28274058581077
93.56965650016208,31.168993761466446,2513.466722207193,80.20163442834102

52.26612677589964,41.62207472281563,58.64440866804089,1806.3678234888753
25.54181850233225,23.569979998952498,694.392525148777,65.59524269430862
1.573957680934635,3556.405796142334,105.7905833583478,64.79516600825372
6851.500876713179,1.5193694635485486,33.54668489366415,325.8675657397345

Iteration: ,32500
Error:,0.02897145214983111
Absolute Error:,0.04333228977325275
Transition Probabilities
0.0001145081873353945,0.0001145081873353945,0.0550676342267927,0.9447033493985364
0.9225913516735467,0.07683836033101565,0.00028514399771884766,0.00028514399771884766
0.030395377556899663,0.01941390105652981,0.9024433787150001,0.047747342671570374
0.03503233076614713,0.011103091742085403,0.9234547145610813,0.030409862930686184

0.02793771569188294,0.022013796341757,0.030468549439925073,0.9195799385264349
0.03142473456936356,0.030737040011379297,0.8577551429683709,0.08008308245088631
0.0003926458800638781,0.9543085281950028,0.027840645488313515,0.01745818043661987
0.949330059776147,0.00019349051917714736,0.00432854701675883,0.04614790268791695

Transition Gammas
1.0,1.0,480.90564970258055,8250.094350297417
3235.527870319132,269.47212968087223,1.0,1.0
75.54094611715003,48.24893031480371,2242.822169840556,118.66539355328537
102.67004211183261,32.540081456213706,2706.3895652634005,89.12287134276755

59.0352749664957,46.5174223413565,64.3831877256467,1943.1672626103107
27.52482609543435,26.922476596713455,751.3050298183314,70.14451984571271
1.5782547554983144,3835.8787123688444,111.90651263404348,70.17380722792858
7465.021527392782,1.5215054828711572,34.037368067809666,362.8823120702188

Iteration: ,35000
Error:,0.02880874288622759
Absolute Error:,0.043351355875878524
Transition Probabilities
0.00010648493238206804,0.00010648493238206804,0.054931317207540915,0.944855712927695
0.9234253082533698,0.076044750040218,0.000264970853206147,0.000264970853206147
0.030574588581737346,0.018645197661446677,0.9031737857986201,0.04760642795819593
0.033516142581233206,0.011208560648311378,0.9246918897842054,0.030583406986250113

0.030858377066290476,0.02123260093246397,0.03007233832866022,0.9178366836725853
0.0338375907438441,0.02994071710185631,0.8569126033346269,0.07930908881967265
0.00036610801622615115,0.9557958558595294,0.026900786299999962,0.01693724982424474
0.9488313965941275,0.00017964022841944122,0.0042978854969418735,0.04669107768051122

Transition Gammas
1.0,1.0,515.8599998960162,8873.140000103975
3485.007113348221,286.99288665178307,1.0,1.0
81.42128133060316,49.65286385453269,2405.185819830146,126.7777112868384
105.6081025091523,35.31775230571192,2913.6693057390307,96.36716314399287

71.01643857065928,48.86399879606218,69.20747526694565,2112.2786957949156
31.896442925475384,28.223119707803175,807.7544335616127,74.75939537652687
1.5826960043754543,4131.934333645,116.29291112071178,73.22024220683049
8047.959267355242,1.5237029953768315,36.4545350620822,396.03231161037604

Iteration: ,37279
Error:,0.029160470159391924
Absolute Error:,0.043697845912970754
Transition Probabilities
0.0001000400160064026,0.0001000400160064026,0.05599507843375984,0.9438048415342274
0.9243416324021334,0.0751629502087163,0.0002477086945751793,0.0002477086945751793
0.030686068470357618,0.018404038936502994,0.9032948437259235,0.04761504886721593
0.03533705082934332,0.010726550376003166,0.9228603014447408,0.031076097349912738

0.02985126480013806,0.021873634955735504,0.030966788880763537,0.9173083113633629
0.03469324474449621,0.030059535167492168,0.857751951826286,0.07749526826172547
0.00034352530163201175,0.9557669525702622,0.02694865083325747,0.016940871294848264
0.948355583407512,0.0001690756931733291,0.004098451533409438,0.04737688936590526

*,*,*,*,*,*,*,*,*,*,*
Model Num 2
Model States: 
"['diamond', 'x', 'square']","['diamond', 'x', 'diamond']","['square', 'y', 'diamond', 'x', 'diamond']","['square', 'y', 'diamond', 'x', 'square']"
Iteration: ,37279
Error:,0.02926187802974965
Absolute Error:,0.043697845912970754
Transition Probabilities
0.0001000400160064026,0.0001000400160064026,0.05599507843375984,0.9438048415342274
0.9243416324021334,0.0751629502087163,0.0002477086945751793,0.0002477086945751793
0.030686068470357618,0.018404038936502994,0.9032948437259235,0.04761504886721593
0.03533705082934332,0.010726550376003166,0.9228603014447408,0.031076097349912738

0.02985126480013806,0.021873634955735504,0.030966788880763537,0.9173083113633629
0.03469324474449621,0.030059535167492168,0.857751951826286,0.07749526826172547
0.00034352530163201175,0.9557669525702622,0.02694865083325747,0.016940871294848264
0.948355583407512,0.0001690756931733291,0.004098451533409438,0.04737688936590526

Transition Gammas
1.0,1.0,559.7268040238631,9434.273195976133
3731.5671700074167,303.43282999258804,1.0,1.0
86.29595200935981,51.75619230521592,2540.2631347112424,133.90395631613154
118.8660918594892,36.08176382593513,3104.299730466358,104.53317850627778

73.42502238777462,53.80248197454806,76.16887197479944,2256.299146762959
34.70380803610426,30.06868760157307,858.0131174814804,77.51886378076445
1.585919280922036,4412.394752142552,124.41117072966159,78.20924483431092
8555.49402930191,1.5252992746107144,36.973766208534514,427.4058182274935

