0,1,2,3,4,5,6,7,8,9,10,11,12,13,14,15,16,17,18,19,20,21,22,23,24,25,26,27,28,29
github Code Version (SHA):,528ca1c557fe8e6666681dc5c9134b0f84d30530
Environment Observations,Environment Actions,alpha,epsilon,numActions,explore,patience,gainThresh,insertRandActions,useUpdatedPosterior,revisedSplitting,haveControl,confidence_factor
"['diamond', 'square']","['x', 'y']",0.9,0.99,75000,0.5,0,0.01,False,False,False,False,250

Model Num 0
Model States: 
['diamond'],['square']
Iteration: ,0
Error:,0.5627134551052938
Absolute Error:,1
Transition Probabilities
0.5,0.5
0.5,0.5

0.5,0.5
0.5,0.5

Transition Gammas
1.0,1.0
1.0,1.0

1.0,1.0
1.0,1.0

Iteration: ,2499
Error:,0.10749071735341315
Absolute Error:,1
Transition Probabilities
0.472,0.528
0.08638743455497382,0.9136125654450262

0.09826589595375723,0.9017341040462428
0.9224376731301939,0.07756232686980609


Model Num 1
Model States: 
['square'],"['diamond', 'x', 'square']","['diamond', 'x', 'diamond']"
Iteration: ,0
Error:,0.620021563767346
Absolute Error:,1
Transition Probabilities
0.3333333333333333,0.3333333333333333,0.3333333333333333
0.3333333333333333,0.3333333333333333,0.3333333333333333
0.3333333333333333,0.3333333333333333,0.3333333333333333

0.3333333333333333,0.3333333333333333,0.3333333333333333
0.3333333333333333,0.3333333333333333,0.3333333333333333
0.3333333333333333,0.3333333333333333,0.3333333333333333

Transition Gammas
1.0,1.0,1.0
1.0,1.0,1.0
1.0,1.0,1.0

1.0,1.0,1.0
1.0,1.0,1.0
1.0,1.0,1.0

Iteration: ,2500
Error:,0.09115587955882107
Absolute Error:,1
Transition Probabilities
0.9198250728862973,0.051057882641771524,0.029117044471931107
0.9958932238193019,0.002053388090349076,0.002053388090349076
0.002881844380403458,0.8789339097417446,0.11818424587785188

0.07212205270457697,0.41326876371718874,0.5146091835782343
0.8762422156659907,0.07765360484507265,0.046104179488936796
0.8563976030290579,0.08709409706611884,0.0565082999048233

Transition Gammas
631.0,35.025707492255265,19.97429250774474
485.0,1.0,1.0
1.0,304.9900666803854,41.0099333196146

52.0,297.9667786400931,371.0332213599069
147.78985580599334,13.097309006216035,7.776080536755249
90.21014419400667,9.174209534207222,5.952400922821498

Iteration: ,5000
Error:,0.0862812219190893
Absolute Error:,1
Transition Probabilities
0.9188243526941917,0.048969616111796545,0.03220603119401173
0.9978308026030369,0.0010845986984815619,0.0010845986984815619
0.0014705882352941168,0.8914559547185381,0.10707345704616775

0.08092892329345532,0.3951924687046633,0.5238786080018815
0.8912946969026894,0.061697245532040694,0.04700805756527001
0.8876392699460675,0.06380415329099606,0.04855657676293646

Transition Gammas
1313.0,69.97758142375726,46.022418576242764
920.0,1.0,1.0
1.0,606.1900492086063,72.80995079139412

115.0,561.5684980293265,744.4315019706736
307.00138798706894,21.25126524272752,16.191658010829105
193.9986120129312,13.944760668222361,10.612316078221022

Iteration: ,7500
Error:,0.08474921017006963
Absolute Error:,1
Transition Probabilities
0.9168601950766373,0.05160171124058495,0.031538093682777824
0.9985642498205313,0.0007178750897343862,0.0007178750897343862
0.0009871668311944707,0.886602105034335,0.11241072813447052

0.08528584817244607,0.3896756765531019,0.525038475274452
0.9026015310725074,0.05515776689222629,0.042240702035266274
0.8937100538444291,0.060610024333121154,0.04567992182244968

Transition Gammas
1974.0,111.0984843009794,67.90151569902065
1391.0,1.0,1.0
1.0,898.1279323997825,113.87206760021877

182.0,831.5678937643198,1120.432106235681
443.6463850640113,27.111126058984983,20.762134912672224
295.35361493598884,20.030422295396633,15.096316732946168

Iteration: ,10000
Error:,0.08615967000331029
Absolute Error:,1
Transition Probabilities
0.9203478260869565,0.04812108788505583,0.031531086027987675
0.9989177489177489,0.0005411255411255411,0.0005411255411255411
0.000741839762611275,0.8833174631549936,0.11594069708239521

0.08590462833099574,0.390343602872122,0.5237517687968822
0.9097045569084701,0.04915701483068723,0.04113842826084269
0.9020405367148694,0.05536654343606834,0.042592919849062286

Transition Gammas
2646.0,138.3481276695355,90.65187233046456
1846.0,1.0,1.0
1.0,1190.711940332933,156.28805966706895

245.0,1113.2599553912926,1493.740044608709
590.1353176288035,31.888694346410954,26.68694934426365
399.86468237119624,24.543381814838078,18.88097449448733

Iteration: ,12500
Error:,0.07976634657772232
Absolute Error:,1
Transition Probabilities
0.9238465814341301,0.04500205185798292,0.031151366707887013
0.9991315675206253,0.0004342162396873643,0.0004342162396873643
0.0005813953488372089,0.8797371205099257,0.11968148414123707

0.08471714044469458,0.38565328007783456,0.5296295794774708
0.915325449832086,0.04473576815117485,0.0399387820167391
0.9107772642619038,0.05023822334407794,0.038984512394018254

Transition Gammas
3324.0,161.91738258502255,112.08261741497748
2301.0,1.0,1.0
1.0,1513.1478472770734,205.8521527229279

301.0,1370.2261041165468,1881.7738958834548
734.0998250422473,35.87851684767697,32.03128777449281
490.9001749577518,27.07791860522625,21.012276772603986

Iteration: ,15000
Error:,0.08009628180574446
Absolute Error:,1
Transition Probabilities
0.9207529630490355,0.04765639713737441,0.03159063981359004
0.9992831541218637,0.00035842293906810036,0.00035842293906810036
0.0004923682914820282,0.8812134050183779,0.11829422669014021

0.08165652784277021,0.39258814637083567,0.5257553257863941
0.9151968716016854,0.044428184310234924,0.040374944088079706
0.9108372570882366,0.0514996490113832,0.037663093900380085

Transition Gammas
3962.0,205.06547688212208,135.93452311787794
2788.0,1.0,1.0
1.0,1789.744425592327,240.25557440767497

349.0,1677.9217375889523,2247.0782624110493
876.6839919915215,42.55857858196825,38.675904887683416
600.3160080084778,33.94246718363689,24.82304934671147

Iteration: ,17034
Error:,0.08078243888706985
Absolute Error:,1
Transition Probabilities
0.9211550276469384,0.047218140318023086,0.03162683203503856
0.9993742177722152,0.00031289111389236547,0.00031289111389236547
0.00043687199650502376,0.8828571440204455,0.11670598398304942

0.08021390374331548,0.39572788772793616,0.5240582085287483
0.9159821484736225,0.04449384093352529,0.03952401059285232
0.9117553170817668,0.050580143195067755,0.037664539723165476


Model Num 2
Model States: 
"['diamond', 'x', 'square']","['diamond', 'x', 'diamond']","['square', 'y', 'diamond', 'x', 'diamond']","['square', 'y', 'diamond', 'x', 'square']"
Iteration: ,0
Error:,0.5634588733810412
Absolute Error:,0.65
Transition Probabilities
0.25,0.25,0.25,0.25
0.25,0.25,0.25,0.25
0.25,0.25,0.25,0.25
0.25,0.25,0.25,0.25

0.25,0.25,0.25,0.25
0.25,0.25,0.25,0.25
0.25,0.25,0.25,0.25
0.25,0.25,0.25,0.25

Transition Gammas
1.0,1.0,1.0,1.0
1.0,1.0,1.0,1.0
1.0,1.0,1.0,1.0
1.0,1.0,1.0,1.0

1.0,1.0,1.0,1.0
1.0,1.0,1.0,1.0
1.0,1.0,1.0,1.0
1.0,1.0,1.0,1.0

Iteration: ,2500
Error:,0.05875149070332608
Absolute Error:,0.13184176367290443
Transition Probabilities
0.0015797788309636648,0.0015797788309636648,0.12342438973655945,0.8734160526015132
0.8405282650789638,0.1531824267449356,0.0031446540880503146,0.0031446540880503146
0.0442646251806783,0.05130488434391992,0.7854689858357023,0.11896150463969936
0.047291704386622,0.037419166082318246,0.8443752068780258,0.07091392265303399

0.047914612770117715,0.03439927122878473,0.10223907299797264,0.8154470430031249
0.07928189256717373,0.06637285696739213,0.3846672887361268,0.46967796172930715
0.00519341527087429,0.8949149729444031,0.0473165911857957,0.052575020598926894
0.889173783445689,0.0026320109843134677,0.04856810866562584,0.05962609690437163

Transition Gammas
1.0,1.0,78.12763870324214,552.872361296758
267.2879882951105,48.71201170488952,1.0,1.0
9.112816247354363,10.562203604109353,161.7055268558101,24.490760463133366
10.788594703403591,8.53638544513269,192.6262122028009,16.177500478255485

7.421962222142626,5.328439003654099,15.836808304356687,126.31255471820518
6.667625855735619,5.581972918467655,32.35060966865299,39.50002730878516
1.7561782361453306,302.61978230386546,16.000331826938897,17.778494906528877
503.13472864467195,1.4893108153173955,27.48203177962587,33.739141486906355

Iteration: ,5000
Error:,0.056445669687378554
Absolute Error:,0.1191151755975019
Transition Probabilities
0.0007892659826361485,0.0007892659826361485,0.11135129679624178,0.8870701712384859
0.8685360759515408,0.1282012813078393,0.001631321370309952,0.001631321370309952
0.04422464869779208,0.0488074022290073,0.7908836641664062,0.11608428490679444
0.06747297880871099,0.033760037620936524,0.8299498953011808,0.06881708826917168

0.05982386570950665,0.03176956284228735,0.09424155928672502,0.8141650121614811
0.08026174657293321,0.055729388589176566,0.4528214047407067,0.41118746009718354
0.002785542521263665,0.906878005187801,0.04491093644223441,0.045425515848700915
0.8962300262841293,0.001359398639944479,0.04502811879418783,0.05738245628173863

Transition Gammas
1.0,1.0,141.08209304083832,1123.9179069591614
532.4126145582942,78.58738544170545,1.0,1.0
17.595348301380955,19.418656047975695,314.6632917759067,46.185633699646836
31.31671070026106,15.669284950382298,385.21051279721286,31.94056172723391

19.537631189962973,10.37549136147392,30.77796471815876,265.8948155009476
13.0356391117024,9.051238336860706,73.54457965713637,66.78264012375737
1.8529652483580077,603.2625297534164,29.875115480528883,30.217417832916087
1014.3459485312169,1.5385564670083705,50.96246335133035,64.94500333522465

Iteration: ,7500
Error:,0.05255195687601948
Absolute Error:,0.10932404772296227
Transition Probabilities
0.0005186721991701239,0.0005186721991701239,0.10060773054917355,0.8983549250524863
0.8783721228601586,0.11941548775931028,0.0011061946902654867,0.0011061946902654867
0.04059139001357939,0.04024979905973914,0.8037257716173011,0.11543303930938051
0.0689343471166648,0.02816391972524427,0.838388029644757,0.06451370351333391

0.06578109236475972,0.029580542449495276,0.09253326497195753,0.8121051002137876
0.07623814982354774,0.050785786136134596,0.49729959013164465,0.37567647390867304
0.001922451914543702,0.9064621699147418,0.04718824856933201,0.044427129601382405
0.9043417484493048,0.0009120974946789512,0.040585025641118586,0.05416112841489761

Transition Gammas
1.0,1.0,193.9717044988068,1732.028295501195
794.0483990655835,107.95160093441649,1.0,1.0
23.670028125763206,23.470836438013656,468.6760323609986,67.31238536500733
48.17619664430875,19.6829387919144,585.9248439974859,45.086738276507816

31.816160760028268,14.30713994111429,44.7553108068373,392.78864934573073
17.331427426832306,11.545271872025127,113.05247800095381,85.40356184647817
1.9028505451073856,897.2198581886973,46.7071159666059,43.97414943905751
1549.314689463113,1.5626018030813258,69.5301046378121,92.78862995652446

Iteration: ,10000
Error:,0.0477721091614132
Absolute Error:,0.10361288349557765
Transition Probabilities
0.0003944773175542404,0.0003944773175542404,0.10224989654343462,0.8969611488214569
0.8778815488449144,0.12046419143630974,0.0008271298593879242,0.0008271298593879242
0.036528149435582295,0.04105016516806558,0.8107061700658936,0.11171551533045843
0.06374261606894098,0.02859237126956476,0.8494542847472274,0.0582107279142668

0.06968671669385205,0.02442458367695723,0.08769229323196776,0.818196406397223
0.07518763794728425,0.04367831973034934,0.5269283768137671,0.3542056655085993
0.0014833884371971663,0.9135191756183311,0.04402291231027694,0.040974523634194744
0.9031394995005806,0.0006921052739593882,0.040383757722428984,0.055784637503030934

Transition Gammas
1.0,1.0,259.2034877376069,2273.7965122623946
1061.3587925535012,145.6412074464984,1.0,1.0
28.714575512277847,32.26930697895363,637.2916202524722,87.8189464951291
57.99976018116743,26.016357327601128,772.9231688093602,52.96626444303944

47.42094394185049,16.62062539746844,59.67351482140251,556.7724777684818
22.745195668217313,13.213234992463763,159.40238795862018,107.15161945149549
1.95029106583902,1201.0531038299112,57.87930552645657,53.871423941912624
2068.411513855058,1.5850912491913298,92.4887345664716,127.76053596515924

Iteration: ,12500
Error:,0.043929347662142224
Absolute Error:,0.09624174010155563
Transition Probabilities
0.0003156565656565653,0.0003156565656565653,0.10054979129404275,0.8988188955746441
0.8801678327080126,0.1185085405547273,0.0006618133686300467,0.0006618133686300467
0.03395838548721864,0.038530839014378024,0.8263260345629859,0.10118474093541743
0.0619440957704647,0.027332530875726846,0.8570470388979049,0.0536763344559035

0.06794280213062187,0.02266601861457057,0.08710775186314303,0.8222834273916645
0.07393668613527424,0.03999992961643821,0.5583787766871298,0.3276846075611578
0.0011975408058487607,0.918008410215485,0.04235797956545268,0.03843606941321354
0.90595052132762,0.000559709867160357,0.03807655278634546,0.05541321601887417

Transition Gammas
1.0,1.0,318.5417388195278,2847.458261180476
1329.9335952218064,179.06640477819286,1.0,1.0
32.97722377034279,37.41756511700021,802.4509457111855,98.26120400297995
69.80437171834038,30.800839394316647,965.800361426173,60.48748885966249

58.074578755401625,19.373935749258884,74.45595172916929,702.8524312481386
28.261788298249215,15.28969719709027,213.43643598111206,125.25518104158085
1.9820620975207655,1519.4051561389558,70.10712738488998,63.61593357782332
2590.012632977668,1.6001487858555317,108.85666536441249,158.42027367287415

Iteration: ,15000
Error:,0.04119481863732488
Absolute Error:,0.09188176816366858
Transition Probabilities
0.00026427061310782215,0.00026427061310782215,0.09696346280880773,0.9025079959649766
0.8813311755409595,0.11756810899398817,0.000550357732526142,0.000550357732526142
0.03540008757996614,0.0364383837628214,0.8299984671761474,0.09816306148106503
0.06283773812686658,0.026650380881351365,0.859484080603286,0.05102780038849598

0.06450380121162683,0.023597800051885512,0.08680977928586898,0.8250886194506188
0.06399492197670124,0.04245919378955162,0.5823538154286056,0.3111920688051415
0.0010081286212595454,0.920632064439107,0.040974035717015946,0.03738577122261764
0.9042983696684556,0.00047079691193636827,0.037067238029154126,0.05816359539045396

Transition Gammas
1.0,1.0,366.9097432685288,3415.0902567314747
1601.3787459579237,213.62125404207654,1.0,1.0
41.13724707250438,42.343816025535084,964.513207400877,114.07198087909002
85.32948528954313,36.18945161241738,1167.1224394545482,69.29237226548518

66.55456649593513,24.348043420856655,89.56971712447559,851.3206098986826
29.514910015631525,19.58248006757668,268.5856928756425,143.52398010120078
2.006557757374924,1832.4064723808572,81.55384886921946,74.41184356859398
3095.975139536717,1.6118303250508421,126.90418481195043,199.130122750236

Iteration: ,17500
Error:,0.03947014910647766
Absolute Error:,0.08924926283302914
Transition Probabilities
0.00022609088853719177,0.00022609088853719177,0.0956070085579474,0.9039408096649783
0.8766066093431761,0.12245088358802082,0.0004712535344015079,0.0004712535344015079
0.03520925946924123,0.035248001948042396,0.8338016569761199,0.09574108160659645
0.05934720693278518,0.026809934082687236,0.8611467014794418,0.05269615750508565

0.05862971197305127,0.024405639051114855,0.08488261328251635,0.8320820356933176
0.058922709684315934,0.04419418161437928,0.5951461372305553,0.3017369714707495
0.0008731355256898531,0.9182016942061492,0.042459860804924025,0.038465309463236785
0.9074977606387951,0.00040602577445347966,0.0348262736474991,0.05726993993925244

Transition Gammas
1.0,1.0,422.8697988518017,3998.130201148202
1860.1592250262202,259.84077497378024,1.0,1.0
47.5795958031353,47.63194997103199,1126.7475208777287,129.37852239057668
94.22332964250107,42.56512458333163,1367.2102482589737,83.66370847272194

69.70981109023042,29.017923345275225,100.92410038597963,989.3325340983558
31.58349341639164,23.6887721481027,319.00763233255543,161.73573318310994
2.0287346540012,2133.4461164283325,98.65569374348698,89.37433421151155
3625.902874916852,1.6222740008139662,139.14820643989336,228.82176560510808

Iteration: ,20000
Error:,0.03879126179798815
Absolute Error:,0.08803019070411941
Transition Probabilities
0.000197745699031046,0.000197745699031046,0.09489989990693837,0.9047046086949995
0.8753999944466521,0.12378066921578136,0.00040966816878328544,0.00040966816878328544
0.036623858217629826,0.034135761545165615,0.8384742025694342,0.09076617766777041
0.05781206045872723,0.025598375800086507,0.8664745205004986,0.05011504324068771

0.06396042250604947,0.025345781569234407,0.08477198027296436,0.8259218156517518
0.05828086169535865,0.04294171377065097,0.6028694991744222,0.2959079253595682
0.0007706376208676041,0.9206081710459191,0.04107332885866951,0.03754786247454379
0.9099905873553114,0.0003591876684565585,0.03332963163001217,0.05632059334621992

Transition Gammas
1.0,1.0,479.9087938293875,4575.091206170614
2136.851386444278,302.14861355572236,1.0,1.0
56.72049266853993,52.86710102884671,1298.570717945437,140.57236363147285
104.94445994991547,46.46794635269789,1572.88461772097,90.97230070212275

86.98490480969558,34.46975974742299,115.28821020336072,1123.2372723604753
35.43592095367604,26.109414489205342,366.5566241932968,179.91789324286862
2.0474567784427946,2445.903741340469,109.12504568647402,99.75846423509881
4132.417671307793,1.6311305732947852,151.35536635200734,255.76112372641992

Iteration: ,22500
Error:,0.036018898546333195
Absolute Error:,0.08563906669863157
Transition Probabilities
0.00017636684303350985,0.00017636684303350985,0.09522253394909887,0.904424732364834
0.876227623570869,0.1230458962257164,0.0003632401017072282,0.0003632401017072282
0.036142232337702196,0.032083441580660836,0.8411824987847927,0.09059182729684426
0.056735061189016375,0.023922501375987365,0.8675444988669875,0.05179793856800891

0.061456505562993195,0.024088042103621313,0.08509681002533317,0.8293586423080523
0.05507628732966961,0.040191056591436805,0.6191112897922199,0.2856213662866736
0.0006866108544682514,0.9230150058789387,0.04000772799557654,0.036290655271016395
0.9098205667525163,0.0003225517337629592,0.032613884883377055,0.05724299663034366

Transition Gammas
1.0,1.0,539.9117674913902,5128.088232508605
2412.254647690604,338.7453523093975,1.0,1.0
63.439512249580204,56.31522331402359,1476.5055721287818,159.01345782437596
116.23460827294959,49.01065616344666,1777.3611744104105,106.11979563643095

93.71717499005294,36.73269796765342,129.76710216732053,1264.71800338579
37.8960668250336,27.65406021725998,425.9888229150803,196.5260715318102
2.064236421305819,2774.9651496883102,120.27978981795175,109.10473068693666
4623.3315394857,1.6390744046872354,165.73026387464438,290.8852156204673

Iteration: ,25000
Error:,0.03436785416922478
Absolute Error:,0.08422050509600054
Transition Probabilities
0.0001587301587301588,0.0001587301587301588,0.09425082647106177,0.905431713211478
0.875887388653089,0.12345644336790837,0.00032808398950131217,0.00032808398950131217
0.036519914109270524,0.031850025823605424,0.8430122410237209,0.08861781904340321
0.056600637805133046,0.023430736943253483,0.8694047050294856,0.0505639202221278

0.05929897390649841,0.023686189468245234,0.08493133391077336,0.8320835027144831
0.05380232187099214,0.03957376433795807,0.6266318514703427,0.27999206232070717
0.0006228451796615855,0.9223887040283077,0.03947246879662549,0.037515981995405186
0.9094764519643486,0.0002904952875144604,0.031695682675464736,0.05853737007267219

Transition Gammas
1.0,1.0,593.7802067676888,5704.219793232308
2669.7047606146166,376.2952393853849,1.0,1.0
71.19066917185751,62.08734896635011,1643.3391759623908,172.7485398616801
128.51934767992512,53.202634181867275,1974.100114294367,114.812169881561

100.50709137109908,40.146226018545015,143.95192320020846,1410.3160160507248
41.10921048500688,30.23747212534895,478.79607762044805,213.93598312861917
2.077986253267804,3077.3474849428035,131.6912295708804,125.16384072628077
5151.928954496145,1.6455743077876832,179.54715040236107,331.5977793004781

Iteration: ,27500
Error:,0.036118368219475096
Absolute Error:,0.08300984938669528
Transition Probabilities
0.00014436263894904023,0.00014436263894904023,0.09381380083543328,0.9058974738866686
0.8788124350500437,0.12058876255474672,0.0002994011976047903,0.0002994011976047903
0.036813791946798326,0.03148498546431803,0.8418379925392773,0.08986323004960624
0.057405174570146385,0.02428338279030771,0.8699327137358819,0.04837872890366401

0.057925170967817956,0.02460634223142467,0.08188914256828847,0.8355793442324689
0.0530167889537977,0.039185776141756286,0.6296752739208512,0.27812216098359477
0.0005706363401231277,0.9226360010242146,0.03882410446453623,0.03796925817112601
0.9082008512103771,0.0002649136578917702,0.03131899060407506,0.06021524452765603

Transition Gammas
1.0,1.0,649.8481983870453,6275.151801612944
2935.233533067147,402.7664669328542,1.0,1.0
79.27070173131123,67.79624591141,1812.7197684255561,193.5014278390322
144.01304204519667,60.920010312082084,2182.4105129520926,121.36829078331589

108.04611570991776,45.89748559242788,152.74540628002475,1558.581545869185
44.307691690133055,32.74870700752123,526.2381681791134,232.43487967167712
2.0906297048363265,3380.2442902189173,142.23914663358892,139.1072622294393
5662.013523912595,1.651556163654055,195.25256788653658,375.4010232504358

Iteration: ,30000
Error:,0.034136257469251474
Absolute Error:,0.08145656972866873
Transition Probabilities
0.00013243279035889303,0.00013243279035889303,0.09411746362377994,0.9056176707955023
0.8796175705458454,0.11983418384011955,0.0002741228070175436,0.0002741228070175436
0.035839085228116435,0.034011302071421896,0.8427344466950274,0.08741516600543434
0.05620024585371923,0.02418562768746739,0.8700293105485966,0.04958481591021674

0.05638966120598686,0.02598637875562647,0.08056178889368919,0.8370621711446975
0.05204599973269897,0.0437607929583191,0.6366236784414923,0.2675695288674896
0.0005268676726079131,0.924065960509891,0.03852935014944524,0.03687782166805597
0.9092263607245669,0.00024396872430415808,0.030524310760232244,0.06000535979089677

Transition Gammas
1.0,1.0,710.6809678231615,6838.31903217683
3208.8448973512473,437.15510264875655,1.0,1.0
84.50814207850703,80.19825086026061,1987.157928346999,206.12393484887426
153.31493069706625,65.9786763641661,2373.450176683649,135.26796012047294

115.02549240713373,53.00787322210162,164.3325964106399,1707.4670489611117
47.78691886401558,40.179715506749,584.5268459601,245.67350866814706
2.1030286602428374,3688.473026420295,153.7925590001325,147.20036913891536
6176.766560220655,1.6573846988122185,207.36479948440603,407.64227237654677

Iteration: ,32500
Error:,0.034084973939731
Absolute Error:,0.08165249668213578
Transition Probabilities
0.00012232415902140695,0.00012232415902140695,0.09488348937268051,0.9048718623092766
0.8797920825134772,0.11970120352655332,0.00025335697998479827,0.00025335697998479827
0.03582310098812609,0.03416284680102286,0.8420103342519188,0.08800371795893239
0.05656795961727961,0.024445213101992103,0.8681312016592323,0.050855625621495856

0.058190455729075254,0.026015154234305532,0.0795144510484101,0.8362799389882092
0.053621309982937466,0.04405339432066124,0.6391913819429108,0.2631339137534905
0.0004899131676407711,0.9253492293933555,0.03746001546074974,0.03670084197825384
0.9107139729252218,0.00022661323413283442,0.029446831171081815,0.059612582669563464

Transition Gammas
1.0,1.0,775.6725256216619,7397.327474378323
3472.5393496806983,472.4606503193065,1.0,1.0
92.02290948259173,87.7580240716795,2162.968549203879,226.06524696314384
167.7344806268779,72.4845858188509,2574.1698518293047,150.79635200366764

128.86931166626337,57.61348621628863,176.09369862710034,1852.0360211557309
53.53484467334889,43.98235744409901,638.160674547966,262.7096056692011
2.115831088513806,3996.387108170917,161.7818636509457,158.50315435726546
6684.8336715503465,1.6633891902243594,216.1459847822814,437.56899720950815

Iteration: ,32550
Error:,0.0348345792010277
Absolute Error:,0.08162177429134275
Transition Probabilities
0.00012210012210012234,0.00012210012210012234,0.09483978371500672,0.9049160160407931
0.8799349381530687,0.11955898897243747,0.0002530364372469633,0.0002530364372469633
0.035809112775671594,0.03414950688499322,0.8420119752395641,0.08802940509977115
0.056510851264484754,0.02442053436400298,0.8679780911903158,0.051090523181196355

0.05807572204223598,0.025963860349052407,0.07957476135929044,0.8363856562494211
0.053534185083736446,0.04398181554832481,0.6394780244219642,0.26300597494597444
0.0004893894820571455,0.9254360273084605,0.03741643675786874,0.03665814645161347
0.9108956831620301,0.0002261647904773503,0.02938689831064009,0.05949125373685255

*,*,*,*,*,*,*,*,*,*,*
Model Num 2
Model States: 
"['diamond', 'x', 'square']","['diamond', 'x', 'diamond']","['square', 'y', 'diamond', 'x', 'diamond']","['square', 'y', 'diamond', 'x', 'square']"
Iteration: ,32550
Error:,0.03480689329317778
Absolute Error:,0.08162177429134275
Transition Probabilities
0.00012210012210012234,0.00012210012210012234,0.09483978371500672,0.9049160160407931
0.8799349381530687,0.11955898897243747,0.0002530364372469633,0.0002530364372469633
0.035809112775671594,0.03414950688499322,0.8420119752395641,0.08802940509977115
0.056510851264484754,0.02442053436400298,0.8679780911903158,0.051090523181196355

0.05807572204223598,0.025963860349052407,0.07957476135929044,0.8363856562494211
0.053534185083736446,0.04398181554832481,0.6394780244219642,0.26300597494597444
0.0004893894820571455,0.9254360273084605,0.03741643675786874,0.03665814645161347
0.9108956831620301,0.0002261647904773503,0.02938689831064009,0.05949125373685255

Transition Gammas
1.0,1.0,776.7378286259036,7411.262171374081
3477.5028755809312,472.49712441907343,1.0,1.0
92.02290948259173,87.7580240716795,2163.8176926117785,226.21956673571094
167.7344806268779,72.4845858188509,2576.3167792309478,151.64596142155764

128.86931166626337,57.61348621628863,176.57541502318463,1855.929466189191
53.53484467334889,43.98235744409901,639.4859033699978,263.0092154176247
2.1160310633193995,4001.4169750197852,161.7818636509457,158.50315435726546
6699.803510726392,1.6634831905041711,216.1459847822814,437.56899720950815

