0,1,2,3,4,5,6,7,8,9,10,11,12,13,14,15,16,17,18,19,20,21,22,23,24,25,26,27,28,29
github Code Version (SHA):,528ca1c557fe8e6666681dc5c9134b0f84d30530
Environment Observations,Environment Actions,alpha,epsilon,numActions,explore,patience,gainThresh,insertRandActions,useUpdatedPosterior,revisedSplitting,haveControl,confidence_factor
"['diamond', 'square']","['x', 'y']",0.99,0.99,75000,0.5,0,0.01,False,False,False,False,250

Model Num 0
Model States: 
['diamond'],['square']
Iteration: ,0
Error:,0.6757922436433883
Absolute Error:,1
Transition Probabilities
0.5,0.5
0.5,0.5

0.5,0.5
0.5,0.5

Transition Gammas
1.0,1.0
1.0,1.0

1.0,1.0
1.0,1.0

Iteration: ,2479
Error:,0.14294442926966494
Absolute Error:,1
Transition Probabilities
0.504,0.496
0.017266187050359712,0.9827338129496402

0.024714828897338403,0.9752851711026616
0.9790575916230366,0.020942408376963352


Model Num 1
Model States: 
['square'],"['diamond', 'x', 'diamond']","['diamond', 'x', 'square']"
Iteration: ,0
Error:,0.724798829686092
Absolute Error:,1
Transition Probabilities
0.3333333333333333,0.3333333333333333,0.3333333333333333
0.3333333333333333,0.3333333333333333,0.3333333333333333
0.3333333333333333,0.3333333333333333,0.3333333333333333

0.3333333333333333,0.3333333333333333,0.3333333333333333
0.3333333333333333,0.3333333333333333,0.3333333333333333
0.3333333333333333,0.3333333333333333,0.3333333333333333

Transition Gammas
1.0,1.0,1.0
1.0,1.0,1.0
1.0,1.0,1.0

1.0,1.0,1.0
1.0,1.0,1.0
1.0,1.0,1.0

Iteration: ,2500
Error:,0.12014126733837006
Absolute Error:,1
Transition Probabilities
0.9735744089012517,0.007192257130337035,0.019233333968411225
0.0031545741324921126,0.01317244953184068,0.9836729763356671
0.9960707269155207,0.0019646365422396855,0.0019646365422396855

0.02452316076294278,0.5631207797629058,0.41235605947415144
0.9481503818390273,0.02863171513473369,0.023217903026239054
0.9719537306029569,0.01570899804002309,0.012337271357020051

Transition Gammas
700.0,5.171232876712328,13.82876712328767
1.0,4.175666501593497,311.8243334984066
507.0,1.0,1.0

18.0,413.3306523459728,302.66934765402715
94.84473525053738,2.8640682888884372,2.3225175117528516
132.1552647494626,2.1359317111115628,1.6774824882471482

Iteration: ,5000
Error:,0.11510379578574641
Absolute Error:,1
Transition Probabilities
0.9789687924016283,0.005069680442201804,0.015961527156169972
0.001533742331288343,0.020244245251636046,0.9782220124170755
0.9979674796747967,0.0010162601626016261,0.0010162601626016261

0.020905923344947737,0.5865716900510899,0.39252238660396244
0.9537147362979347,0.01782542834337893,0.028459835358686375
0.9710285878025938,0.01368012390831731,0.015291288289088835

Transition Gammas
1443.0,7.472708971805458,23.52729102819454
1.0,13.199247904066707,637.8007520959335
982.0,1.0,1.0

30.0,841.730375223314,563.2696247766861
186.37291803637143,3.4834075317946493,5.56156087429491
266.6270819636284,3.756317336474786,4.198714257435655

Iteration: ,7500
Error:,0.11508048837564022
Absolute Error:,1
Transition Probabilities
0.9796860572483841,0.005005384937636092,0.01530855781397979
0.0010482180293501047,0.019118555659640886,0.979833226311009
0.9986366734832992,0.0006816632583503749,0.0006816632583503749

0.02058554437328454,0.576417612810348,0.40299684281636744
0.9618434163084186,0.01241548368334623,0.02574110000823524
0.9740754687781314,0.010973607833737749,0.014950923388130753

Transition Gammas
2122.0,10.841663774919775,33.15833622508023
1.0,18.23910209929741,934.7608979007028
1465.0,1.0,1.0

45.0,1260.0489016034207,880.9510983965793
295.9745753211676,3.820442546343729,7.920947437034971
423.0254246788319,4.765662685201262,6.492947331420039

Iteration: ,10000
Error:,0.11417159885523422
Absolute Error:,1
Transition Probabilities
0.9826268241834607,0.004177379117985024,0.013195796698554241
0.0007898894154818324,0.018384632362287094,0.9808254782222311
0.9989653388515262,0.0005173305742369374,0.0005173305742369374

0.020177838577291385,0.5756493170331437,0.4041728443895649
0.9630034031169317,0.011407364822303938,0.025589232060764473
0.9722127077013644,0.010184552541031403,0.01760273975760413

Transition Gammas
2828.0,12.0224971015609,37.977502898439106
1.0,23.274944570655464,1241.7250554293448
1931.0,1.0,1.0

59.0,1683.198603004912,1181.8013969950875
399.8371668928554,4.736316006257563,10.62460009697135
582.1628331071441,6.098529585396701,10.540554311374388

Iteration: ,12500
Error:,0.1097858189087395
Absolute Error:,1
Transition Probabilities
0.981262055662717,0.0036336427355793646,0.015104301601703637
0.0006277463904582552,0.017768216955544848,0.9816040366539969
0.9991610738255033,0.00041946308724832214,0.00041946308724832214

0.02121212121212121,0.5837043859639758,0.39508349282390304
0.9617484468612162,0.009585405070510353,0.028666148068273438
0.9708514685693509,0.008294306392278744,0.02085422503837029

Transition Gammas
3561.0,13.186489487417514,54.813510512582496
1.0,28.304769610182927,1563.695230389816
2382.0,1.0,1.0

77.0,2118.846921049232,1434.1530789507683
498.5727029910975,4.969096992946378,14.860599955618673
738.4272970089017,6.308629536132322,15.861673515302627

Iteration: ,15000
Error:,0.11249312945408663
Absolute Error:,1
Transition Probabilities
0.9811494252873563,0.00306863648843643,0.015781938224207252
0.0005252100840336135,0.01960380066522562,0.9798709892507407
0.9993021632937893,0.0003489183531053733,0.0003489183531053733

0.022232408892963556,0.5836267671491054,0.39414082395793104
0.9662929521846678,0.009164177873255389,0.024542869942076804
0.9692230946187823,0.008469061348694533,0.022307844032523182

Transition Gammas
4268.0,13.348568724698472,68.65143127530155
1.0,37.32563646658957,1865.6743635334099
2864.0,1.0,1.0

97.0,2546.363585071547,1719.6364149284532
610.0148170386599,5.7852893121332265,15.493763339027653
872.9851829613394,7.628135474742155,20.092811874096963

Iteration: ,17500
Error:,0.11250306048814691
Absolute Error:,1
Transition Probabilities
0.9805271439811172,0.003446225913724166,0.016026630105158608
0.0004500450045004503,0.02086551314251096,0.9786844418529886
0.9993999399939995,0.00030003000300030005,0.00030003000300030005

0.022226593233674274,0.5840735334590067,0.39369987330731904
0.9689684562738543,0.009186752590167118,0.02184479113597862
0.97049577304283,0.009140002503551929,0.02036422445361815

Transition Gammas
4985.0,17.52061254537366,81.47938745462636
1.0,46.363170202659326,2174.6368297973395
3331.0,1.0,1.0

113.0,2969.42984410559,2001.57015589441
715.901596936483,6.7874354499133895,16.1395562030258
1022.0984030635163,9.625989336961993,21.447019010098817

Iteration: ,17640
Error:,0.10942132212077388
Absolute Error:,1
Transition Probabilities
0.9806602852119555,0.0034226631266602186,0.015917051661384324
0.00044682752457551406,0.02071715564364187,0.9788360168317827
0.9994036970781157,0.0002981514609421586,0.0002981514609421586

0.022226554883992982,0.5846185100701932,0.39315493504581384
0.9694414118767938,0.009046736155642228,0.021511851967564048
0.9708162472190599,0.009040724024664219,0.0201430287562759


Model Num 2
Model States: 
"['diamond', 'x', 'diamond']","['diamond', 'x', 'square']","['square', 'y', 'diamond', 'x', 'diamond']","['square', 'y', 'diamond', 'x', 'square']"
Iteration: ,0
Error:,0.6752944686479494
Absolute Error:,0.74
Transition Probabilities
0.25,0.25,0.25,0.25
0.25,0.25,0.25,0.25
0.25,0.25,0.25,0.25
0.25,0.25,0.25,0.25

0.25,0.25,0.25,0.25
0.25,0.25,0.25,0.25
0.25,0.25,0.25,0.25
0.25,0.25,0.25,0.25

Transition Gammas
1.0,1.0,1.0,1.0
1.0,1.0,1.0,1.0
1.0,1.0,1.0,1.0
1.0,1.0,1.0,1.0

1.0,1.0,1.0,1.0
1.0,1.0,1.0,1.0
1.0,1.0,1.0,1.0
1.0,1.0,1.0,1.0

Iteration: ,2500
Error:,0.05425590213137217
Absolute Error:,0.07695388647854777
Transition Probabilities
0.03471332911170174,0.9574741708882982,0.00390625,0.00390625
0.001406469760900141,0.001406469760900141,0.031152424567455067,0.9660346359107447
0.006319959558895561,0.019007734434125036,0.9496211162390636,0.025051189767915708
0.008800928456032472,0.010660593821673964,0.9613657032218934,0.019172774500400246

0.06565349933881726,0.04607461199133127,0.6802240754563328,0.20804781321351878
0.014121634262077047,0.031694655417391596,0.09345857481720306,0.8607251355033282
0.9632372052075332,0.007422333417838816,0.015058761604458558,0.01428169977016933
0.0026149266459094774,0.9702589995767139,0.012947984054427973,0.014178089722948773

Transition Gammas
8.886612252595645,245.11338774740435,1.0,1.0
1.0,1.0,22.149373867460547,686.8506261325392
1.1626407519145325,3.4967259598326934,174.69545466696675,4.608500076100641
1.962929850947289,2.377703437305485,214.4198133138675,4.276231943065096

3.9050513334069716,2.7405047225956185,40.459533149450095,12.374624332042377
2.2668087770673306,5.087635166930079,15.001997202034874,138.16384531647253
288.9410657792036,2.2264681188855038,4.517157979139464,4.284063707695186
1.6579451953601276,615.1745209065509,8.209426442695534,8.989351870469816

Iteration: ,5000
Error:,0.04316002601141989
Absolute Error:,0.05579375324979903
Transition Probabilities
0.030794218818210678,0.9650820698415832,0.002061855670103093,0.002061855670103093
0.0006973500697350078,0.0006973500697350078,0.029616316237181813,0.9689889836233481
0.003380830588504295,0.020437476619385626,0.9493254762762927,0.0268562165158174
0.004716444080549723,0.017379852024415443,0.9559380418012943,0.021965662093740658

0.03668020383722773,0.024747841803958826,0.801215941314133,0.13735601304468048
0.008836741259035769,0.02802464942113825,0.059114362585863785,0.9040242467339621
0.9699756829783993,0.0038823653369261264,0.012495200421389172,0.013646751263285371
0.0012863289760280388,0.9689614576435575,0.012470059945050644,0.017282153435363812

Transition Gammas
14.935196126832176,468.06480387316776,1.0,1.0
1.0,1.0,42.469797484118665,1389.5302025158794
1.19803723510132,7.242261136890895,336.4046908107441,9.51681740259178
2.0405138463503563,7.519187781657428,413.5753074212712,9.503184365393102

4.372412274662528,2.9500317870429336,95.50782302091972,16.373330968944213
2.7994478358117747,8.878108102482763,18.727217370676563,286.3916286394593
567.6161456290065,2.271905664380188,7.31201578195523,7.985887160221024
1.6732747994910586,1260.4386739071222,16.22122912804638,22.480867929777364

Iteration: ,7500
Error:,0.0329084993998215
Absolute Error:,0.043146975437770616
Transition Probabilities
0.02450102205663455,0.9727741823030385,0.0013623978201634881,0.0013623978201634881
0.00046598322460391484,0.00046598322460391484,0.029695944510545816,0.9693720890402463
0.004070942415882464,0.015440502751795116,0.9578312602456067,0.022657294586715726
0.0031733331608244995,0.011553450048123949,0.9652486374778425,0.02002457931320913

0.025617643233463678,0.01849924335443154,0.855450658551334,0.10043245486077072
0.008201817500969126,0.02830855419111294,0.046674175945096416,0.9168154523628215
0.9762710580955832,0.002588325934755574,0.010297276819515777,0.010843339150145407
0.0008716149290028478,0.9741041556405778,0.010631634738731499,0.014392594691687693

Transition Gammas
17.983750189569754,714.01624981043,1.0,1.0
1.0,1.0,63.72749691963124,2080.272503080366
2.168567603227437,8.225066980670777,510.2312015575071,12.069410470126062
2.0699834782242394,7.536381937877546,629.6372396771781,13.062148295190049

4.517234376859119,3.2620259898600423,150.84413063677374,17.709550153184995
3.868527137851794,13.352212495429042,22.014671291959363,432.4316479180819
865.5604501057284,2.294805876431113,9.129550123251454,9.613688163364582
1.6808235415069053,1878.4639204763325,20.502060438554206,27.754701274829763

Iteration: ,10000
Error:,0.035191613776055765
Absolute Error:,0.042391992459892475
Transition Probabilities
0.02243144558360413,0.9755318945385955,0.001018329938900204,0.001018329938900204
0.0003544842254519672,0.0003544842254519672,0.027998534509094338,0.9712924970400016
0.005317964863312267,0.016564354814908495,0.9509786739772377,0.02713900634454157
0.0030857253654819764,0.015268776180970636,0.960499317899577,0.02114618055397048

0.024284619423870304,0.016963312527650033,0.8782652725055092,0.08048679554297039
0.009953156786966457,0.037889429020284617,0.04111855647926844,0.9110388577134805
0.9749988931821622,0.0019508069539572925,0.010746646683230318,0.012303653180650282
0.0006615565831659397,0.9731482695663203,0.010886998164321397,0.015303175686192437

Transition Gammas
22.027679563099248,957.9723204369004,1.0,1.0
1.0,1.0,78.98386585015517,2740.016134149846
3.8304360535298825,11.931011865875343,684.9731227204155,19.54774637122384
2.729995795689465,13.508556284905309,849.7707310445869,18.708399863774893

5.6417615367680565,3.9408879539862784,204.03709636191664,18.698555632529484
6.536055904449234,24.881294604796427,27.0018035092827,598.2625444962708
1153.7552377445554,2.3084679959079835,12.71693740953877,14.559405554028203
1.6854212124480654,2479.2508730470877,27.73636921307435,38.98728782335868

Iteration: ,12500
Error:,0.032184966899927926
Absolute Error:,0.03965095777389633
Transition Probabilities
0.02274653891019595,0.9756327155468542,0.0008103727714748784,0.0008103727714748784
0.00028506271379703536,0.00028506271379703536,0.027428282081983904,0.9720015924904221
0.004352839145419524,0.014827716326811588,0.9546010392338365,0.02621840529393226
0.0024563127239868297,0.014414331928155735,0.9617163643334428,0.021412991014414597

0.023877803369257697,0.015034421663642447,0.8886654022388774,0.07242237272822247
0.010734502030637099,0.03693378432493081,0.037451080312389425,0.9148806333320427
0.9765881798899643,0.0015646732828729975,0.010030478777223288,0.011816668049939576
0.0005332335126263117,0.9752946535866928,0.009780142749877327,0.014391970150803648

Transition Gammas
28.069229015181804,1203.930770984818,1.0,1.0
1.0,1.0,96.21841354359954,3409.7815864564004
3.9066517326353085,13.307802504055175,856.7497394942,23.530889850652503
2.7351162944205503,16.050429468888964,1070.8758998853737,23.84347076977492

6.903368149154389,4.346637169622213,256.92415412758527,20.938203294775725
8.951368535478432,30.79862614574496,31.229992874490318,762.9076497031488
1448.5930048928096,2.3209115358818657,14.878412100020087,17.52790278519603
1.6896462434444135,3090.3964373278636,30.99014046639825,45.60354464838564

Iteration: ,15000
Error:,0.03147047862122166
Absolute Error:,0.03818605117366266
Transition Probabilities
0.025857788953802932,0.9727853589430764,0.00067842605156038,0.00067842605156038
0.0002371354043158642,0.0002371354043158642,0.027846856392904264,0.9716788727984641
0.004879789755777333,0.016168428202147072,0.9537248835803327,0.025226898461742968
0.0028133805698034456,0.013718472353165525,0.9638512325817084,0.019616914495322567

0.02196701202930559,0.013106443205302546,0.8961649027727041,0.06876164199268787
0.010324332671321356,0.03476202135288748,0.03469124226581507,0.9202224037099761
0.9762151522885639,0.0013241564702335207,0.010471808058964183,0.011988883182238404
0.0004405333289904131,0.9767929239884265,0.009225630800411739,0.013540911882171157

Transition Gammas
38.114380917905514,1433.8856190820943,1.0,1.0
1.0,1.0,117.43019340887736,4097.569806591126
5.135878192882904,17.016937608487655,1003.7757929613404,26.550790949619138
3.7179403794443178,18.129243819185117,1273.7492594693904,25.924156619650585

7.376953545177335,4.401400724824859,300.9497535556083,23.091508212107463
10.584303332139562,35.637342397858234,35.56478106619684,943.3939571660875
1717.7351325568823,2.3299680245592884,18.426053480224997,21.095478587863454
1.6927111520761655,3753.2421882664817,35.44868710974228,52.029780822169265

Iteration: ,17500
Error:,0.030958981358067166
Absolute Error:,0.0362488048401024
Transition Probabilities
0.02746188949958476,0.9713739661465154,0.0005820721769499419,0.0005820721769499419
0.00020437359493153442,0.00020437359493153442,0.028336065567541913,0.971255187242595
0.006306541520539864,0.015433589516561676,0.9531584680525204,0.025101400910378227
0.0027468768839743144,0.014806014930965172,0.9626709014570173,0.019776206728043193

0.020611440205645922,0.01380844628885487,0.9071082418388586,0.05847187166664071
0.009544372058409393,0.03201635279323555,0.03158628222046067,0.9268529929278945
0.9773339922572637,0.0011331364541238877,0.00972130695202516,0.011811564336587229
0.0003799919077975333,0.9777562479001908,0.008653588428693602,0.013210171763318033

Transition Gammas
47.179526160286606,1668.8204738397133,1.0,1.0
1.0,1.0,138.64836882198287,4752.351631178027
7.809916809546696,19.112702232192778,1180.375696815822,31.08516011107652
4.23737767069856,22.840003287561963,1485.0320397917633,30.507103281339653

8.40746143247977,5.632502069613509,370.0118711867441,23.85083240265416
11.473264195700413,38.4867723022063,37.96978561371118,1114.1675107968897
2017.0528896368521,2.3386029517551115,20.063141601512672,24.377081084859597
1.6955878394263069,4362.912919571965,38.613767835580006,58.94600947804771

Iteration: ,20000
Error:,0.029783084016419877
Absolute Error:,0.03406871363592796
Transition Probabilities
0.02641573637917527,0.9725726298322562,0.0005058168942842691,0.0005058168942842691
0.00017985611510791348,0.00017985611510791348,0.027856274231613375,0.9717840135381708
0.006384444835056467,0.0158832274224403,0.9543683292992517,0.02336399844325137
0.002420482015892229,0.014185275375234317,0.963344309868919,0.020049932739954424

0.01947970866467693,0.012144903196441636,0.9171080439220137,0.05126734421686773
0.009448111529508287,0.03033306135681839,0.029781223921532686,0.9304376031921407
0.9787672344331412,0.0009845998553038176,0.009444347823124644,0.010803817888430444
0.000336932037048785,0.9772881002329871,0.008755821642857412,0.013619146087106727

Transition Gammas
52.2239108216295,1922.7760891783703,1.0,1.0
1.0,1.0,154.8808847277705,5403.119115272235
9.299602790995195,23.135559924754343,1390.1359645329674,34.03207494857243
4.309418430233583,25.255418854016874,1715.135124472089,35.696836046374656

9.264187157020213,5.775890089144429,436.15952930080226,24.381795438741875
12.815594194738287,41.14432855909706,40.395805998795026,1262.0628692616606
2331.86907054315,2.3457650283664746,22.500735420460437,25.739611923566773
1.697984101018913,4925.087180327466,44.12535557957799,68.63429707639477

Iteration: ,22500
Error:,0.028579455992311056
Absolute Error:,0.03263977410130301
Transition Probabilities
0.026805192831155827,0.972290239100097,0.00045228403437358607,0.00045228403437358607
0.00016007683688170303,0.00016007683688170303,0.026268130707551223,0.9734117156186853
0.006353117292141371,0.01617800591263791,0.9534597805520805,0.024009096243140286
0.002159000130163786,0.013379825961384886,0.9657150225823484,0.01874615132610291

0.020363830839772917,0.011090474337745954,0.9226827416751548,0.04586295314732643
0.009763748576264492,0.03002445314078348,0.02763196167065165,0.9325798366123005
0.9799660722387264,0.0008752851101337592,0.008931212902176213,0.010227429748963535
0.00029996614244927756,0.9775507590182588,0.008379658023541623,0.013769616815750172

Transition Gammas
59.266281349685606,2149.7337186503173,1.0,1.0
1.0,1.0,164.09701253007267,6080.9029874699345
10.407159508786687,26.501492153337423,1561.8801865491275,39.329746764356145
4.319903235479967,26.77144510239592,1932.2812408948841,37.508825791634216

11.33804679794214,6.174885169795596,513.7255454083866,25.535289168706008
14.84310672249782,45.643961309764435,42.0068330135523,1417.7323324093527
2632.9110572348436,2.3516608482571923,23.995819723572854,27.478413422642298
1.6999870349850768,5540.037294881922,47.4897262781523,78.03604057563253

Iteration: ,25000
Error:,0.029006458933170602
Absolute Error:,0.03257946092185751
Transition Probabilities
0.024726963957316297,0.9744530278426018,0.000410004100041,0.000410004100041
0.00014388489208633077,0.00014388489208633077,0.026084481496085502,0.9736277487197418
0.00637488662146132,0.017129860737723865,0.952415994870015,0.02407925777079972
0.0019458328892310555,0.01403822742617693,0.9658308985668786,0.018185041117713345

0.02223008104886463,0.010206723967269418,0.9226034064825764,0.04495978850128957
0.009728491159005431,0.03156481038529224,0.025213787328283416,0.933492911127419
0.9787681459755857,0.0007903302467745194,0.009264510708056414,0.01117701306958335
0.0002695824566325886,0.977391988796762,0.008113083288555256,0.014225345458050067

Transition Gammas
60.3090650918945,2376.690934908108,1.0,1.0
1.0,1.0,181.28714639779446,6766.712853602214
11.51463553220119,30.940801746688777,1720.300878614389,43.493146400951154
4.32704693371314,31.21751578739689,2147.7669800209474,40.43899496371667

13.833801230013105,6.351654331014119,574.1370043302117,27.978520460771545
16.447950465184586,53.36659397378818,42.628925517541596,1578.2555496914722
2919.441498115251,2.3573743476800404,27.633916297790574,33.3384733805304
1.701935712435422,6170.499191824648,51.219750569948715,89.8078597517303

Iteration: ,27500
Error:,0.02853822522351763
Absolute Error:,0.03236459149229176
Transition Probabilities
0.024841582960561485,0.9744096338121827,0.0003743916136278543,0.0003743916136278543
0.0001310959622443627,0.0001310959622443627,0.025757944968886122,0.9739798631066251
0.005807315393852782,0.01733874665779028,0.9536278705539775,0.02322606739437953
0.0017860925776954583,0.014383338800876588,0.9656657684820695,0.01816480013935839

0.02129902964662294,0.0115592119477372,0.9227855784715039,0.04435617993413604
0.009334998995074026,0.03208156781057454,0.023306288508427097,0.9352771446859244
0.9781378711347899,0.000724565693487789,0.009516050692860524,0.011621512478861812
0.0002447041909510699,0.9767665335340475,0.008041123884658502,0.01494763839034297

Transition Gammas
66.3518680876598,2602.6481319123427,1.0,1.0
1.0,1.0,196.48160422266358,7429.518395777345
11.664932572948285,34.827678013949324,1915.5158718383875,46.653314262383255
4.3640282297359265,35.143361183366466,2359.4480637632096,44.382750136027674

14.276365436449362,7.7479367211188,618.5269637311064,29.731168255593865
17.575166585271436,60.40053125716038,43.87915876971719,1760.862709243579
3189.8900073740083,2.3629438482545124,31.033615925333372,37.89991944988817
1.7038296475403423,6801.043219130211,55.988846047044056,104.07761857773446

Iteration: ,30000
Error:,0.028882371088656156
Absolute Error:,0.031776968939626005
Transition Probabilities
0.022933495935995897,0.9763756577773028,0.00034542314335060453,0.00034542314335060453
0.00011964584828906437,0.00011964584828906437,0.02532475752585546,0.9744359507775664
0.00626838865417157,0.017575270886308603,0.9525610246428965,0.02359531581662333
0.001658725988461812,0.014835716996871378,0.9656339930760864,0.017871563938580474

0.020713748314078156,0.011142227745371954,0.9250366019294439,0.04310742201110589
0.009348483869937965,0.03315827273962548,0.021789199422104437,0.9357040439683321
0.9786424800901607,0.00067138424382544,0.009057896156889744,0.011628239509124047
0.0002232228885088481,0.9772443584504609,0.007637503811372981,0.014894914849657326

Transition Gammas
66.39247073470811,2826.6075292652913,1.0,1.0
1.0,1.0,211.66432340109992,8144.3356765989
13.690797017950413,38.38617538174088,2080.4899560460162,51.534564501651445
4.417018958284381,39.506008642024334,2571.3853185215944,47.590160930741824

14.729388376978616,7.923153132781232,657.7864694570477,30.65335887567739
19.21027083473994,68.1371876555002,44.774792147506034,1922.7853795197648
3449.030718294116,2.366160194189889,31.922752919281375,40.98141668953019
1.7049092216047665,7463.898212290105,58.33295485527781,113.76287553591068

Iteration: ,32500
Error:,0.028077739506959198
Absolute Error:,0.03144408014753111
Transition Probabilities
0.023102435741195988,0.9762596057261087,0.0003189792663476873,0.0003189792663476873
0.00011007154650522826,0.00011007154650522826,0.025188164365415135,0.9745916925415745
0.006119257969586096,0.01654575540099051,0.9537008390360178,0.023634147593405548
0.0016283269026455547,0.01438930589946168,0.9666040724098073,0.017378294788085464

0.02269546007920926,0.01075458477004684,0.9239321032770771,0.04261785187366686
0.009765554123338507,0.03229015202455667,0.021184659582391335,0.9367596342697134
0.9793838046028229,0.0006233293109912444,0.008604491056964344,0.011388375029221473
0.000205798104098261,0.9772333843465218,0.007344840382168988,0.015215977167210945

Transition Gammas
72.42613604864944,3060.5738639513515,1.0,1.0
1.0,1.0,228.83447325979677,8854.165526740215
14.540395436555523,39.31552281709071,2266.155046360377,56.158745639102065
4.6909334627510395,41.45314828360274,2784.622289990863,50.06391800966701

17.213324468735642,8.15679243898319,700.7543810649116,32.32342106754508
21.509141556084966,71.1207415361962,46.6603160476214,2063.261881819916
3722.447399567188,2.369153504344845,32.70399735942675,43.2849990101819
1.7059005024268425,8100.4775464260565,60.8828101361159,126.12819349427551

Iteration: ,35000
Error:,0.02888189583874492
Absolute Error:,0.03163086264373091
Transition Probabilities
0.02320689464705063,0.9762015643887376,0.0002957704821058858,0.0002957704821058858
0.000102385584109757,0.000102385584109757,0.02539403601232748,0.974401192819453
0.0057864552289643096,0.017449087522103366,0.9528782107850919,0.023886246463840383
0.002107314024874271,0.014603352478258046,0.9641220347653267,0.019167298731540935

0.0222131055124127,0.011054370220139777,0.9252506228817675,0.04148190138568
0.010357631166018419,0.03222570959274307,0.02048353150181729,0.9369331277394213
0.9799778044572018,0.0005778531713253196,0.008417768856217724,0.01102657351525504
0.000191919333069841,0.9768484756847854,0.007186998469134063,0.015772606513010805

Transition Gammas
78.46251080167819,3300.5374891983224,1.0,1.0
1.0,1.0,248.02354973240332,9516.97645026763
14.927789467798922,45.0148311234368,2458.2174675528818,61.621293914683285
6.564743884136949,45.49263552462734,3003.4509126683056,59.71032586413721

18.39142785956185,9.15250919431244,766.0648833291573,34.34510300173369
24.434129165223386,76.02193378090233,48.32159462458655,2210.2684190445184
4022.472274348405,2.3718887812850555,34.55204973215089,45.26029675819549
1.7068045514347363,8687.449032318886,63.91644605084426,140.2712074588094

Iteration: ,37500
Error:,0.027593967905890276
Absolute Error:,0.030757052797842847
Transition Probabilities
0.022543762659570556,0.9769029869946481,0.0002766251728907331,0.0002766251728907331
9.549274255156582e-05,9.549274255156582e-05,0.025229960006027955,0.9745790545088688
0.005859979247783045,0.0173995843200725,0.9534203859015493,0.02332005053059511
0.001976445438489643,0.014515067484305786,0.9642408763572351,0.019267610719969457

0.021425472808115433,0.01031699713207047,0.9285210128102316,0.0397365172495825
0.01020650448236913,0.030877494312005507,0.019894388374964,0.9390216128306613
0.9802163778831156,0.0005402628373673767,0.008047113463245999,0.011196245816270938
0.0001789431870700667,0.9769347163704689,0.006881307019133334,0.016005033423327618

Transition Gammas
81.49570201434754,3531.5042979856516,1.0,1.0
1.0,1.0,264.20814118312546,10205.791858816903
16.118424921838777,47.85919568578565,2622.4725821202487,64.14399569641618
6.5942240274747075,48.42815536490088,3217.0988539947334,64.28456818860859

19.040907569838797,9.168758633678195,825.1805194644772,35.314009584424056
25.78464945494644,78.00568434153658,50.25910988969045,2372.2463610614
4308.534557514691,2.3747217017178324,35.37103360740973,49.213023881534106
1.7077454981543647,9323.38297528545,65.67179938927531,152.7441431217809

Iteration: ,40000
Error:,0.026809927466343766
Absolute Error:,0.030137651042855824
Transition Probabilities
0.022481268304932144,0.9769991162105265,0.00025980774227071974,0.00025980774227071974
8.945343948474792e-05,8.945343948474792e-05,0.02436546194742963,0.9754556311736008
0.00584423959789239,0.01680851334179208,0.9531467072180918,0.024200539842223676
0.0021213775649265034,0.01481532532001224,0.963888491948254,0.019174805166807182

0.020326027648276148,0.009935761853523059,0.931850077784498,0.03788813271370272
0.009698063955200757,0.030667202171547312,0.019570098901925133,0.9400646349713268
0.9802878396758797,0.0005086044682158214,0.007991620918231416,0.011211934937672873
0.00016764470024862145,0.977043476911407,0.006703484710829476,0.0160853936775149

Transition Gammas
86.5304017056838,3760.4695982943153,1.0,1.0
1.0,1.0,272.3814991103166,10904.618500889716
17.18679198347639,49.43062609223765,2803.022345730058,71.16916361644853
7.563116356042765,52.81946556824322,3436.446646454377,68.3618441991193

19.082893388867056,9.328093391825771,874.8583833731612,35.57090493971429
26.08934106184778,82.49967215745941,52.64669187839443,2528.9240198087227
4581.559060811151,2.377058365320217,37.35033910101045,52.401080604962424
1.7085195226840968,9957.355361300866,68.3173072663876,163.9312730276395

Iteration: ,42500
Error:,0.028758253368233268
Absolute Error:,0.030141352261561043
Transition Probabilities
0.022451768980919436,0.9770577945306058,0.0002452182442373713,0.0002452182442373713
8.405480373203308e-05,8.405480373203308e-05,0.024337692183009334,0.9754941982095267
0.005608476413836301,0.017114147099137535,0.9533530488707104,0.023924327616315803
0.0020089609473670097,0.015539007597749762,0.9628180122837302,0.019634019171153035

0.020374250921107433,0.009477412296805187,0.9328322068106196,0.03731612997146767
0.009881145378311584,0.03016743623472627,0.018998237784833866,0.9409531806021283
0.9794291809593894,0.0004800501732293833,0.008236181836435182,0.011854587030946181
0.0001575008001871507,0.9769598349574123,0.006557122092575419,0.01632554214982515

Transition Gammas
91.55831390418945,3984.44168609581,1.0,1.0
1.0,1.0,289.54552390126275,11605.454476098766
17.42477294859701,53.17132593723087,2961.9381790467314,74.32962999250648
7.6021816285005634,58.801719485671576,3643.4343903827157,74.2978005780515

20.27449128745573,9.431007489955777,928.2647260443193,37.13341682683881
28.19976481150443,86.09473641108409,54.219001629231784,2685.3828554996035
4856.484315258748,2.380321295453021,40.838979156293846,58.78078486824973
1.7095948925527606,10604.425768553267,71.17438404116976,177.20585193428664

Iteration: ,42879
Error:,0.02848678332833546
Absolute Error:,0.03019706792507621
Transition Probabilities
0.022256582573112367,0.977257272555716,0.00024307243558580461,0.00024307243558580461
8.325701440346328e-05,8.325701440346328e-05,0.02427555072140947,0.9755579352497836
0.00559365997488199,0.017277350465186567,0.9527701300479167,0.024358859512014754
0.0019990853563888744,0.01589791649873513,0.9626401374292594,0.019462860715616606

0.020875370541909785,0.00942525223911365,0.932566636827714,0.037132740391262554
0.010278713102588523,0.02991073307170825,0.01888396262401024,0.940926591201693
0.9795815269529237,0.00047653478537190404,0.008175168943435736,0.011766769318268677
0.00015605498270610064,0.9771722256432719,0.006496674967970213,0.01617504440605195


Model Num 3
Model States: 
"['diamond', 'x', 'diamond']","['diamond', 'x', 'square']","['square', 'y', 'diamond', 'x', 'diamond']","['square', 'x', 'square', 'y', 'diamond', 'x', 'diamond']","['square', 'x', 'square', 'y', 'diamond', 'x', 'square']"
Iteration: ,0
Error:,0.6478507449978578
Absolute Error:,1
Transition Probabilities
0.2,0.2,0.2,0.2,0.2
0.2,0.2,0.2,0.2,0.2
0.2,0.2,0.2,0.2,0.2
0.2,0.2,0.2,0.2,0.2
0.2,0.2,0.2,0.2,0.2

0.2,0.2,0.2,0.2,0.2
0.2,0.2,0.2,0.2,0.2
0.2,0.2,0.2,0.2,0.2
0.2,0.2,0.2,0.2,0.2
0.2,0.2,0.2,0.2,0.2

Transition Gammas
1.0,1.0,1.0,1.0,1.0
1.0,1.0,1.0,1.0,1.0
1.0,1.0,1.0,1.0,1.0
1.0,1.0,1.0,1.0,1.0
1.0,1.0,1.0,1.0,1.0

1.0,1.0,1.0,1.0,1.0
1.0,1.0,1.0,1.0,1.0
1.0,1.0,1.0,1.0,1.0
1.0,1.0,1.0,1.0,1.0
1.0,1.0,1.0,1.0,1.0

Iteration: ,2500
Error:,0.3137697668318803
Absolute Error:,1
Transition Probabilities
0.03656453792242428,0.9557824008530859,0.002551020408163265,0.002551020408163265,0.002551020408163265
0.0020080321285140556,0.0020080321285140556,0.43373493975903604,0.5556811872824018,0.0065678087015340674
0.2,0.2,0.2,0.2,0.2
0.007385360396689569,0.007482427733715003,0.7618796251554605,0.21034698419533795,0.012905602518797165
0.04186568936784593,0.08230820278992398,0.2008930379279745,0.6048692720734242,0.07006379784083136

0.019652552125100548,0.01787458543948793,0.4903316642647138,0.4318526025038385,0.04028859566685929
0.01899150924573017,0.02371751239851638,0.3287858775569817,0.5971327412636119,0.03137235953515987
0.6582024444039368,0.3217440796602343,0.004010695187165774,0.007512186263164981,0.008530594485498116
0.2,0.2,0.2,0.2,0.2
0.2,0.2,0.2,0.2,0.2

Transition Gammas
14.333298865590319,374.6667011344097,1.0,1.0,1.0
1.0,1.0,216.0,276.72923126663613,3.2707687333639663
1.0,1.0,1.0,1.0,1.0
3.9263861007859995,3.9779914148757234,405.0490984872362,111.82981340450658,6.861192363041278
3.7409303695014007,7.354692114836877,17.9509015127636,54.0484072672539,6.260586965198191

2.177472850594309,1.9804768491315823,54.32800177435863,47.848610777099935,4.463915052595684
3.042468699465311,3.7995816008087973,52.67199822564136,95.6615744021985,5.025899768105883
492.3354284141449,240.6645715858553,3.0,5.6191153248474075,6.3808846751525925
1.0,1.0,1.0,1.0,1.0
1.0,1.0,1.0,1.0,1.0

Iteration: ,5000
Error:,0.3075696933699048
Absolute Error:,1
Transition Probabilities
0.02637996017836523,0.9697490720796992,0.0012903225806451613,0.0012903225806451613,0.0012903225806451613
0.0010298661174047376,0.0010298661174047376,0.44387229660144184,0.5486259668020468,0.005442004361701789
0.2,0.2,0.2,0.2,0.2
0.006834113748321697,0.005946718649912466,0.7515693467691331,0.22787077031034128,0.007779050522291367
0.029355135272980944,0.061580906519862595,0.16078325993551465,0.7015008362149444,0.04677986205669738

0.02305513593976892,0.014887348372050862,0.5090986997420376,0.42613731996600596,0.02682149598013656
0.017511465315894297,0.02048470238523767,0.34167793782733896,0.6030889137264264,0.017236980745102597
0.6621008329602116,0.31986309489549986,0.004008016032064129,0.006560784662595305,0.007467271449629145
0.2,0.2,0.2,0.2,0.2
0.2,0.2,0.2,0.2,0.2

Transition Gammas
20.444469138233053,751.5555308617669,1.0,1.0,1.0
1.0,1.0,431.0,532.7158137647874,5.284186235212436
1.0,1.0,1.0,1.0,1.0
7.364005678484863,6.40780524278828,809.8432571073635,245.5390279300168,8.382209358666609
4.5930129227204475,9.63517615600641,25.156742892636267,109.75941265717945,7.319350054136964

5.102361268575868,3.294737880695822,112.66927656520006,94.30898877237607,5.935899168490603
5.808355802172351,6.794545048555959,113.33072343479994,200.03779969739304,5.717312361740345
991.1649469414366,478.83505305856323,6.0,9.82149463990517,11.178505360094828
1.0,1.0,1.0,1.0,1.0
1.0,1.0,1.0,1.0,1.0

Iteration: ,7500
Error:,0.3087692718389202
Absolute Error:,1
Transition Probabilities
0.025264051878671517,0.9721696521418588,0.0008554319931565436,0.0008554319931565436,0.0008554319931565436
0.0006934812760055478,0.0006934812760055478,0.4403606102635228,0.5504162763413063,0.007836150843159804
0.2,0.2,0.2,0.2,0.2
0.005953246378362084,0.006068431124427777,0.748304587634623,0.23284402937886703,0.0068297054837201405
0.02620494829600326,0.07278240653899955,0.1716719608250467,0.6927428457664149,0.03659783857353562

0.021513586156911388,0.011732210763905838,0.5142848702358054,0.43354629384153065,0.018923039001846678
0.013866079450178407,0.023890100845191678,0.33944480572332436,0.6058913552865326,0.016907658694772974
0.6662667217593654,0.3171710580078682,0.003133393017009847,0.0068909888548017335,0.006537838360954754
0.2,0.2,0.2,0.2,0.2
0.2,0.2,0.2,0.2,0.2

Transition Gammas
29.53367664616702,1136.4663233538336,1.0,1.0,1.0
1.0,1.0,635.0,793.7002704841639,11.29972951583644
1.0,1.0,1.0,1.0,1.0
9.67439197555102,9.861574281174057,1216.0410367346806,378.3858866593123,11.098691995552457
5.946909519336235,16.517124223938687,38.95896326531949,157.20996574409168,8.305455601043281

6.920481151658905,3.774012517797569,165.43493609534048,139.4629855300997,6.087155055844354
7.090009702015987,12.21549662852754,173.56506390465952,309.8046281058818,8.64523130817435
1488.4398564104226,708.5601435895777,7.0,15.394469101627076,14.605530898372923
1.0,1.0,1.0,1.0,1.0
1.0,1.0,1.0,1.0,1.0

Iteration: ,10000
Error:,0.31060399306957615
Absolute Error:,1
Transition Probabilities
0.025796681958216945,0.9722973459960397,0.0006353240152477756,0.0006353240152477756,0.0006353240152477756
0.0005125576627370578,0.0005125576627370578,0.42593541773449506,0.5646739762707708,0.00836549066926013
0.2,0.2,0.2,0.2,0.2
0.006150666882633231,0.006850120682943236,0.7467790985846969,0.23466189071411667,0.005558223135609939
0.024153965190273817,0.07869884978273828,0.17109748055474028,0.6931866852355079,0.03286301923673962

0.027287538137099908,0.011352396700020796,0.5078223612818255,0.4385293889101956,0.015008314970858251
0.014685965116028734,0.029568408023239366,0.3499605211633491,0.5896512028856945,0.01613390281168818
0.667663776713107,0.31545573712889174,0.0037137069547602958,0.007489295814909944,0.005677483388331104
0.2,0.2,0.2,0.2,0.2
0.2,0.2,0.2,0.2,0.2

Transition Gammas
40.60397740223352,1530.3960225977683,1.0,1.0,1.0
1.0,1.0,831.0,1101.678927704274,16.321072295726516
1.0,1.0,1.0,1.0,1.0
13.448187139444624,14.97751489876844,1632.8026311991105,513.0788386101457,12.152832581704041
6.945231043829231,22.629066917957704,49.19736880088959,199.3188964023738,9.449432405776095

11.217077283912799,4.666625127630643,208.7503330046731,180.26609883083813,6.169461975044792
9.662342958656952,19.4539546297996,230.2496669953269,387.94945400270996,10.614985191407415
1977.6201066242234,934.3798933757776,11.0,22.18329420376326,16.816705796236736
1.0,1.0,1.0,1.0,1.0
1.0,1.0,1.0,1.0,1.0

Iteration: ,12500
Error:,0.3147044129849279
Absolute Error:,1
Transition Probabilities
0.02552955961812826,0.9729288165380896,0.0005138746145940385,0.0005138746145940385,0.0005138746145940385
0.0004120313143798928,0.0004120313143798928,0.42604037906880915,0.5626897790372086,0.010445779265222435
0.2,0.2,0.2,0.2,0.2
0.005748827780056331,0.006996057737043755,0.7401845403031787,0.2418868679662164,0.005183706213504776
0.02052136941356028,0.08338019110031739,0.16986700493779083,0.6972165637435918,0.029014870804739783

0.030502200106387323,0.012557785125943766,0.5008545172119441,0.44393681668732243,0.012148680868402354
0.014066730551287635,0.028352411923332887,0.3575020492886023,0.5859853286393456,0.014093479597431713
0.6621881697808187,0.31808210048945157,0.005405405405405403,0.008682542205477171,0.005641782118847145
0.2,0.2,0.2,0.2,0.2
0.2,0.2,0.2,0.2,0.2

Transition Gammas
49.68052301687764,1893.319476983124,1.0,1.0,1.0
1.0,1.0,1034.0,1365.6480937233057,25.351906276694855
1.0,1.0,1.0,1.0,1.0
15.783792577133,19.208146148024476,2032.226342468627,664.1166333693346,14.232213380716926
7.704396657458477,31.30366461738405,63.77365753137359,261.75801697138695,10.89313627856203

15.613040820253204,6.427903924945777,256.37042557467106,227.23618677922838,6.218497342782679
11.592870150335619,23.3661851044654,294.6295744253291,482.93040093071517,11.614914947274254
2450.0962281890306,1176.9037718109714,20.0,32.12540616026555,20.874593839734448
1.0,1.0,1.0,1.0,1.0
1.0,1.0,1.0,1.0,1.0

Iteration: ,15000
Error:,0.30989455925897125
Absolute Error:,1
Transition Probabilities
0.023990380237404442,0.9747187419656937,0.00043029259896729724,0.00043029259896729724,0.00043029259896729724
0.00034590107229332407,0.00034590107229332407,0.422691110342442,0.565066157959776,0.011550929553195408
0.2,0.2,0.2,0.2,0.2
0.005807127853361426,0.007664445110570897,0.7339449630192706,0.2477059160253306,0.004877547991466442
0.018556007122158668,0.085239587205717,0.1722375387840735,0.6977583072737874,0.026208559614263514

0.03270254779593241,0.011333311823198165,0.4903231694541272,0.4544003013618933,0.011240669564848994
0.013958607515732675,0.026337990144970538,0.35623044937692905,0.5893899857592617,0.014082967203105935
0.6622877792303878,0.3175764741632774,0.005656108597285067,0.008621800373644196,0.0058578376354055765
0.2,0.2,0.2,0.2,0.2
0.2,0.2,0.2,0.2,0.2

Transition Gammas
55.75364367172799,2265.246356328275,1.0,1.0,1.0
1.0,1.0,1222.0,1633.6062626617127,33.39373733828793
1.0,1.0,1.0,1.0,1.0
19.30575140792784,25.480388192028403,2439.994324379989,823.4963923327363,16.21537038296515
