0,1,2,3,4,5,6,7,8,9,10,11,12,13,14,15,16,17,18,19,20,21,22,23,24,25,26,27,28,29
github Code Version (SHA):,528ca1c557fe8e6666681dc5c9134b0f84d30530
Environment Observations,Environment Actions,alpha,epsilon,numActions,explore,patience,gainThresh,insertRandActions,useUpdatedPosterior,revisedSplitting,haveControl,confidence_factor
"['diamond', 'square']","['x', 'y']",0.99,0.99,75000,0.5,0,0.01,False,False,False,False,250

Model Num 0
Model States: 
['diamond'],['square']
Iteration: ,0
Error:,0.6740458213797549
Absolute Error:,1
Transition Probabilities
0.5,0.5
0.5,0.5

0.5,0.5
0.5,0.5

Transition Gammas
1.0,1.0
1.0,1.0

1.0,1.0
1.0,1.0

Iteration: ,2500
Error:,0.14896282476709166
Absolute Error:,1
Transition Probabilities
0.4563106796116505,0.5436893203883495
0.01662049861495845,0.9833795013850416

0.036072144288577156,0.9639278557114228
0.974025974025974,0.025974025974025976

Transition Gammas
235.0,280.0
12.0,710.0

18.0,481.0
750.0,20.0

Iteration: ,2501
Error:,0.14903606761569482
Absolute Error:,1
Transition Probabilities
0.4563106796116505,0.5436893203883495
0.01662049861495845,0.9833795013850416

0.036,0.964
0.974025974025974,0.025974025974025976


Model Num 1
Model States: 
['square'],"['diamond', 'x', 'square']","['diamond', 'x', 'diamond']"
Iteration: ,0
Error:,0.7205326171585528
Absolute Error:,1
Transition Probabilities
0.3333333333333333,0.3333333333333333,0.3333333333333333
0.3333333333333333,0.3333333333333333,0.3333333333333333
0.3333333333333333,0.3333333333333333,0.3333333333333333

0.3333333333333333,0.3333333333333333,0.3333333333333333
0.3333333333333333,0.3333333333333333,0.3333333333333333
0.3333333333333333,0.3333333333333333,0.3333333333333333

Transition Gammas
1.0,1.0,1.0
1.0,1.0,1.0
1.0,1.0,1.0

1.0,1.0,1.0
1.0,1.0,1.0
1.0,1.0,1.0

Iteration: ,2500
Error:,0.12388874197439534
Absolute Error:,1
Transition Probabilities
0.9783783783783784,0.01311521246156749,0.008506409160054127
0.9956140350877193,0.0021929824561403508,0.0021929824561403508
0.003215434083601286,0.976503416008512,0.020281149907886764

0.03429355281207133,0.4111762162337673,0.5545302309541613
0.9529015116428156,0.023517327095254906,0.02358116126192961
0.9542174599015274,0.015890976981723114,0.029891563116749394

Transition Gammas
724.0,9.705257221559943,6.294742778440055
454.0,1.0,1.0
1.0,303.6925623786472,6.307437621352784

25.0,299.74746163441637,404.25253836558363
164.13672416243304,4.050845741462593,4.06184113907673
101.863275837567,1.6963711519015126,3.190941967559164

Iteration: ,5000
Error:,0.11678863894328272
Absolute Error:,1
Transition Probabilities
0.9801641586867305,0.013394200404284401,0.0064416409089850905
0.9978609625668449,0.0010695187165775401,0.0010695187165775401
0.0016260162601626018,0.9815492991785129,0.016824684561324525

0.02261823166552434,0.4177551751370515,0.5596265931974242
0.9571588388557084,0.024233719482297626,0.018607441661994087
0.9632328711274973,0.014412709448765966,0.022354419423736747

Transition Gammas
1433.0,19.582320991063796,9.417679008936203
933.0,1.0,1.0
1.0,603.6528189947853,10.34718100521458

33.0,609.504800524958,816.4951994750417
314.9565156534039,7.974191471283149,6.122844770562804
207.04348434659562,3.097960703578009,4.805003054576039

Iteration: ,7500
Error:,0.1101119622530175
Absolute Error:,1
Transition Probabilities
0.9825847846012832,0.012417429342027837,0.004997786056688936
0.9985611510791367,0.0007194244604316547,0.0007194244604316547
0.001059322033898305,0.9805315193372761,0.01840915862882561

0.01881597062872879,0.40576233385594523,0.5754216955153261
0.9568896241185769,0.025680714682914305,0.017429661198508778
0.9671954256277824,0.012137103985773914,0.020667470386443662

Transition Gammas
2144.0,27.09483082430474,10.905169175695258
1388.0,1.0,1.0
1.0,925.6217542543886,17.378245745611377

41.0,884.1561254721039,1253.8438745278945
473.5561186877301,12.709156065486699,8.625783475090882
314.4438813122695,3.9458810329879417,6.71917942643448

Iteration: ,10000
Error:,0.10925853987902104
Absolute Error:,1
Transition Probabilities
0.9818803418803419,0.013632521206186543,0.004487136913471577
0.9989148128052089,0.0005425935973955507,0.0005425935973955507
0.0007968127490039841,0.9789588772676862,0.02024430998330994

0.01863354037267082,0.3984764080749793,0.58289005155235
0.9602506487105879,0.023507267536445404,0.01624208375296666
0.9725285125393814,0.010962102535539316,0.016509384925079185

Transition Gammas
2872.0,39.87512452809564,13.124875471904364
1841.0,1.0,1.0
1.0,1228.593390970946,25.40660902905397

54.0,1154.7846306012893,1689.215369398709
621.4710326420586,15.213825525746593,10.511822695219278
434.5289673579407,4.897903797598814,7.376447981435316

Iteration: ,12500
Error:,0.11043363304801965
Absolute Error:,1
Transition Probabilities
0.9828918322295805,0.013439852157001577,0.00366831561341785
0.99913307325531,0.00043346337234503684,0.00043346337234503684
0.000634115409004439,0.9781555479414327,0.021210336649562823

0.0192360538609508,0.3964506264575487,0.5843133196815005
0.9638652667472561,0.021247214683274594,0.014887518569469304
0.9771677628994822,0.008799991831792786,0.01403224526872503

Transition Gammas
3562.0,48.70602421697372,13.293975783026289
2305.0,1.0,1.0
1.0,1542.551299103639,33.44870089636056

70.0,1442.6838296790204,2126.316170320981
780.0409088407613,17.195034641934267,12.048233208467364
545.959091159238,4.916694681411142,7.84003746818723

Iteration: ,15000
Error:,0.1056166781110808
Absolute Error:,1
Transition Probabilities
0.9823637196518552,0.014077044655890774,0.0035592356922539816
0.9992808342322905,0.0003595828838547285,0.0003595828838547285
0.0005252100840336134,0.9787383813115645,0.020736408604401787

0.019076074465640067,0.3927594566479429,0.5881644688864172
0.9639218493417032,0.021535748305562295,0.0145424023527346
0.979316118242224,0.008424398447556559,0.012259483310219374

Transition Gammas
4289.0,61.46037696761912,15.539623032380884
2779.0,1.0,1.0
1.0,1863.517878017219,39.482121982781

83.0,1708.8963958752008,2559.103604124803
916.4986384556233,20.476228455294667,13.826942469721322
648.501361544376,5.578621409028499,8.118207665955513

Iteration: ,16920
Error:,0.10783631409910499
Absolute Error:,1
Transition Probabilities
0.9816289038579302,0.014768320747394884,0.0036027753946749255
0.9993632601082458,0.0003183699458771092,0.0003183699458771092
0.00046533271288971606,0.9792872365755252,0.020247430711585114

0.021138211382113803,0.3906672307088904,0.5881945579089958
0.959869224136822,0.025043639418021162,0.015087136445156874
0.9789021986222274,0.008636012711525693,0.012461788666246887


Model Num 2
Model States: 
"['diamond', 'x', 'square']","['diamond', 'x', 'diamond']","['square', 'y', 'diamond', 'x', 'diamond']","['square', 'y', 'diamond', 'x', 'square']"
Iteration: ,0
Error:,0.6747308310003965
Absolute Error:,0.74
Transition Probabilities
0.25,0.25,0.25,0.25
0.25,0.25,0.25,0.25
0.25,0.25,0.25,0.25
0.25,0.25,0.25,0.25

0.25,0.25,0.25,0.25
0.25,0.25,0.25,0.25
0.25,0.25,0.25,0.25
0.25,0.25,0.25,0.25

Transition Gammas
1.0,1.0,1.0,1.0
1.0,1.0,1.0,1.0
1.0,1.0,1.0,1.0
1.0,1.0,1.0,1.0

1.0,1.0,1.0,1.0
1.0,1.0,1.0,1.0
1.0,1.0,1.0,1.0
1.0,1.0,1.0,1.0

Iteration: ,2500
Error:,0.06135872912673097
Absolute Error:,0.08231452091996952
Transition Probabilities
0.0014124293785310747,0.0014124293785310747,0.02156917325724656,0.9756059679856913
0.945146659204813,0.04615768862127388,0.004347826086956523,0.004347826086956523
0.025969667692769923,0.005988473028844721,0.9332296326429587,0.034812226635426595
0.029741973552601105,0.014915691961384247,0.9272525922856787,0.028089742200335964

0.03424214191054416,0.01619464189548364,0.08591608739165212,0.86364712880232
0.045872222240716964,0.031008890962023295,0.6931095773163091,0.23000930948095075
0.008437833154698818,0.9481976235846322,0.017281250932160788,0.026083292328507916
0.9800319327766396,0.0024378592841388974,0.007420604043640711,0.010109603895580781

Transition Gammas
1.0,1.0,15.27097466613055,690.7290253338688
217.38373161710695,10.61626838289299,1.0,1.0
4.723063151014443,1.0891142939520453,169.72502465242667,6.331245619762869
6.785082594510184,3.402739960523327,211.535573236423,6.4081564913875555

5.664548881674326,2.679018762255934,14.21277553324884,142.86989962248774
3.3749917413782327,2.2814406146915074,50.99467575469567,16.92264908956776
2.450929214254635,275.42204425270444,5.0196682005867235,7.576388629619179
637.5411235689312,1.5859029641099367,4.827332744290372,6.576610425503727

Iteration: ,5000
Error:,0.05118119133779643
Absolute Error:,0.06352138819162595
Transition Probabilities
0.0007072135785007077,0.0007072135785007077,0.02078269974748577,0.9778028730955128
0.9568359827747259,0.03878764961039439,0.002188183807439826,0.002188183807439826
0.018707180702960235,0.003043383174907273,0.9484482755966921,0.029801160525440393
0.02347940809558917,0.00833275193583156,0.9451901418489916,0.022997698119587656

0.036071843222746675,0.014956689277877867,0.04964927468182505,0.8993221928175504
0.0401193507255003,0.027148860145713702,0.7582056760221539,0.1745261131066321
0.004440253502367018,0.9545307849010712,0.012437663908402079,0.028591297688159552
0.9814442750453634,0.0012145144181424981,0.00585892269984813,0.011482287836646001

Transition Gammas
1.0,1.0,29.38673744294486,1382.6132625570542
437.2740441280495,17.725955871950227,1.0,1.0
6.709697312762004,1.0915690736418195,340.1795784790741,10.688770791800565
10.479573239443921,3.7191603741522568,421.8670792884119,10.264571440713443

12.474483736905874,5.172371591956456,17.169875843135223,311.00656540519384
4.981888716556079,3.3712559545815903,94.15148136489287,21.672077386777747
2.5050434325851225,538.5145403617332,7.016916550785775,16.130259784633843
1293.3798887351516,1.6005274705298744,7.721083083690282,15.131740580890101

Iteration: ,7500
Error:,0.04509417528964849
Absolute Error:,0.05319107196830198
Transition Probabilities
0.00046794571829667766,0.00046794571829667766,0.020830604475177456,0.9782335040882292
0.9640653574007068,0.03303609187465548,0.0014492753623188408,0.0014492753623188408
0.019721289527738356,0.002042799037417462,0.9541688210315707,0.0240670904032733
0.025750775881401584,0.005988539181708316,0.9486363612708475,0.019624323666042637

0.035359621003674964,0.014559716811987382,0.03763825533935528,0.9124424068449825
0.034734809092854105,0.026225574923335142,0.8067871356647794,0.1322524803190314
0.0029711652315344236,0.9621090252744032,0.010374743449247664,0.024545066044814726
0.9816947621981195,0.0008189773830957307,0.004927415675170063,0.012558844743614662

Transition Gammas
1.0,1.0,44.515001763454215,2090.4849982365454
665.2050966064876,22.794903393512275,1.0,1.0
10.559482885571429,1.0937875763109512,510.89607104329167,12.886379912501045
17.319052003609983,4.027677534507639,638.0189299550891,13.198619089118008

17.658988780255633,7.271284830792242,18.796964160814774,455.6839063244023
6.3074542432060205,4.762272145746105,146.50355292321856,24.01557659156411
2.527215005949202,818.3511102736398,8.824553764137606,20.877552877944453
1925.5153164553947,1.6063582650175494,9.66472952533446,24.63316383258348

Iteration: ,10000
Error:,0.03963341604772737
Absolute Error:,0.047395344914139034
Transition Probabilities
0.0003528581510232885,0.0003528581510232885,0.0203361624670931,0.9789581212308603
0.9681858427325641,0.029609085602606753,0.001102535832414554,0.001102535832414554
0.01868501405208846,0.0015726217787908636,0.9560979279401658,0.023644436228954964
0.027565749752113893,0.004566330909316227,0.9426255984070541,0.02524232093151579

0.029244636503372046,0.013212324034492271,0.034629963622537105,0.9229130758395985
0.028572857980506693,0.02400455565216606,0.8414820330474909,0.10594055331983637
0.0022296562123483043,0.9649522810043891,0.008437683628895068,0.024380379154367762
0.9816268565908425,0.000615771269240996,0.004130777021012761,0.013626595118903791

Transition Gammas
1.0,1.0,57.63268443174188,2774.3673155682595
878.1445593584353,26.855440641564314,1.0,1.0
13.13451088611919,1.1054644013483095,672.0829113490813,16.620704923186732
24.672900969090158,4.087123743442347,843.7030826140725,22.593301113659024

19.626086477987787,8.86679559331307,23.24018151865616,619.3673098315011
7.340356545473867,6.166761383225277,216.17642006245225,27.21608858739002
2.5485198461163754,1102.9503225992353,9.644358652423115,27.867022631846893
2569.889074667255,1.6120828873939625,10.814332009064023,35.674286706665974

Iteration: ,12500
Error:,0.03598681622605407
Absolute Error:,0.041817637033607434
Transition Probabilities
0.0002827254735651684,0.0002827254735651684,0.020003833267644162,0.9794307157852254
0.970456081760827,0.027801757960427293,0.0008710801393728226,0.0008710801393728226
0.017341921088576916,0.00234105150632277,0.959681790974111,0.020635236430989235
0.023794231032136393,0.0037258508338626666,0.9489682382990392,0.023511679834961708

0.025268995364001,0.012420969613471205,0.028892610040983382,0.9334174249815443
0.024623578848657707,0.021403801596222658,0.8606593302735812,0.0933132892815384
0.0017971885824414355,0.9670283627697105,0.007439771263277138,0.02373467738457092
0.982211035764331,0.0004934051414637594,0.004001571194213264,0.013293987899991984

Transition Gammas
1.0,1.0,70.75355826765735,3464.24644173234
1114.083581861429,31.91641813857052,1.0,1.0
15.091272954755024,2.037228003899104,835.1335347061558,17.957179246484394
26.691911167812005,4.179587873533871,1064.534335383342,26.374950664017636

21.56591441937281,10.600720916327585,24.658501318332608,796.6284379228291
7.400528604088844,6.43283606021076,258.6680852207962,28.044975538041516
2.559095565778594,1376.9940557847622,10.593816272967533,33.79684705515327
3214.8319058993216,1.6149427501373075,13.097367348223418,43.51196932365579

Iteration: ,15000
Error:,0.034904051974057826
Absolute Error:,0.03915608139605427
Transition Probabilities
0.00023736055067647758,0.00023736055067647758,0.019904888995199717,0.9796203899034472
0.9717608741109477,0.026789850526733425,0.0007246376811594204,0.0007246376811594204
0.018636239169675533,0.0038723679637098817,0.957953602573066,0.019537790293548518
0.021253852726038316,0.003891991481215253,0.9514508364462767,0.023403319346469834

0.02430340055986961,0.012736670366487401,0.02565064403462779,0.9373092850390151
0.02381468267194806,0.01952775356503964,0.875585973816072,0.0810715899469404
0.0014949103173862869,0.9689041776353742,0.00664456822653,0.02295634382070954
0.9803328558104302,0.0004144467158786058,0.004094434610058808,0.015158262863632461

Transition Gammas
1.0,1.0,83.85929733677641,4127.140702663223
1341.0300062731076,36.96999372689212,1.0,1.0
19.982846554486137,4.152175453255344,1027.1729007257668,20.9495414764258
28.623467515573374,5.241510476685151,1281.3593121552346,31.51824564256941

24.92168318265085,13.060693415866554,26.303200759382804,961.1545918586729
8.800950098406105,7.216673303076487,323.58140431980854,29.96080306213457
2.568596110429866,1664.7978631954152,11.416880266096015,39.44422268130512
3826.0160494745114,1.6174912196456834,15.979646544293901,59.15925050830498

Iteration: ,17500
Error:,0.03213063284828811
Absolute Error:,0.03720793085802801
Transition Probabilities
0.0002030869212022745,0.0002030869212022745,0.020304306452232253,0.9792895197053633
0.9722325972389028,0.026533596468685097,0.0006169031462060457,0.0006169031462060457
0.01631487845223823,0.0033352471258168135,0.9602343664992523,0.020115507922692673
0.022679440063220233,0.004038723008739003,0.9484645322894069,0.024817304638633957

0.024053388056728287,0.01183370413462045,0.024287938608317267,0.9398249692003341
0.021534301206811764,0.01796745184632158,0.8865247924201676,0.07397345452669912
0.001288477799551083,0.9714549894146128,0.006301530157210392,0.020955002628625742
0.9810258086211999,0.00035651981216852153,0.003641738142469794,0.014975933424161593

Transition Gammas
1.0,1.0,99.97840497079166,4822.02159502921
1575.9890401242615,43.01095987573854,1.0,1.0
20.619744401782516,4.215289954654101,1213.60310841334,25.423213117536346
35.791300790605305,6.373664852958077,1496.8085309761773,39.16514749294526

28.4928525121181,14.017816774276287,28.770693382489434,1113.285752987324
8.989125465087417,7.500205248518193,370.06460114223125,30.87895248795429
2.5741699705561567,1940.8097387237156,12.589436701894764,41.86470152479731
4454.997077099194,1.6190142065385762,16.53772269566057,68.00813907764736

Iteration: ,20000
Error:,0.03143720149006142
Absolute Error:,0.036433969305218555
Transition Probabilities
0.00017784101013693736,0.00017784101013693736,0.021892452730339712,0.9777518652493865
0.9715780483029447,0.027350714417998023,0.0005356186395286557,0.0005356186395286557
0.016043022755969676,0.0029654551886703767,0.9605816571554912,0.020409864899868742
0.02337243115838823,0.004160100134566209,0.9461977517106797,0.026269716996365905

0.022663458898703765,0.011593708741915794,0.02403115900050855,0.941711673358872
0.018921713327391367,0.01662797903490909,0.8987003284351942,0.06574997920250522
0.0011216407588812525,0.9707435978943088,0.005869170864812854,0.0222655904819971
0.9787696005688965,0.00031304096892865145,0.0035320178147796523,0.017385340647395317

Transition Gammas
1.0,1.0,123.10126170270036,5497.898738297307
1813.9362161815973,51.0637838184023,1.0,1.0
22.97164555768036,4.246168976228111,1375.43539599944,29.224429179685963
42.26021539174955,7.5219700743419775,1710.8413121213346,47.49886269953974

30.439288807341338,15.57150875868984,32.276246642716025,1264.812830501124
9.04268916986418,7.946513264104642,429.4889995574567,31.421923298700424
2.5799111482542565,2232.829192835277,13.499811972099375,51.21358567984215
5066.970321268359,1.6205747481129655,18.28482354915544,90.00177879890305

Iteration: ,22500
Error:,0.03120189549377903
Absolute Error:,0.03502264100094642
Transition Probabilities
0.00015782828282828268,0.00015782828282828268,0.021977073602282203,0.9777072698320612
0.9728307934238367,0.026217731790245058,0.0004757373929590867,0.0004757373929590867
0.016007340652628755,0.0026455790952160598,0.959933437180186,0.021413643071969222
0.022246119514881587,0.0036932013666188604,0.94841592331746,0.02564475580103946

0.021440168850031454,0.010490054506221305,0.022310197575919122,0.9457595790678281
0.01922896861230944,0.015204537205489258,0.9034065003323775,0.06215999384982376
0.001002276391562291,0.9722008900897054,0.005329656081435296,0.021467177437297053
0.9777885860140244,0.00027811742461896394,0.0032494551386436925,0.018683841422712854

Transition Gammas
1.0,1.0,139.24673834406016,6194.753261655946
2044.8903277769043,55.1096722230951,1.0,1.0
25.8842386207016,4.277962347185172,1552.2344833638408,34.6263541859691
45.31483293419565,7.522966097917574,1931.9013857006323,52.23777674955701

32.223282610317725,15.765920190087968,33.530883390398884,1421.4196917424485
10.057908592469023,7.952888607125281,472.5360046803933,32.51342018675625
2.584440953346497,2506.889133955616,13.742897228820476,55.354643677904406
5701.904603107924,1.6218219831179812,18.948966553347987,108.95349253992715

Iteration: ,25000
Error:,0.03128132594237222
Absolute Error:,0.03485077794815622
Transition Probabilities
0.00014253135689851743,0.00014253135689851743,0.022290023124571286,0.9774249141616317
0.9738639811751513,0.02528131797014781,0.0004273504273504276,0.0004273504273504276
0.01658066313769859,0.002423575880307394,0.9591312642883996,0.021864496693594426
0.020860726605050277,0.0033269892919026607,0.9494749218283395,0.026337362274707572

0.024951306739763493,0.011374224125984277,0.02128544983540072,0.9423890192988514
0.01852705200914782,0.015350281820765239,0.9073317091892846,0.058790956980802174
0.0008934494083065566,0.9730987816189616,0.00486010376062747,0.02114766521210445
0.9772868969041214,0.00025215477791555927,0.003156355023078858,0.019304593294883984

Transition Gammas
1.0,1.0,156.3868022419924,6857.61319775802
2278.8417159498526,59.15828405014584,1.0,1.0
29.74481364832056,4.347764158986097,1720.6296565829884,39.22372550869863
47.35497670923693,7.552445483456421,2155.359382271009,59.78723563730375

41.42495596564747,18.883849991368024,35.338783308502215,1564.5843335632312
11.315731931278942,9.375462111705565,554.1692433780423,35.90763975022217
2.5900827494780763,2820.9838681146844,14.089293466469643,61.30644035170201
6291.802669031476,1.6233801043725673,20.320709324486916,124.28355685734147

Iteration: ,27500
Error:,0.03133557889281317
Absolute Error:,0.03368197213435284
Transition Probabilities
0.00012958403524685738,0.00012958403524685738,0.02196799691739041,0.9777728350121159
0.9742321192010004,0.024989367758906256,0.00038925652004671136,0.00038925652004671136
0.016584447294375245,0.0022050072339595416,0.9609405436939201,0.02027000177774515
0.021237349031297276,0.0030529686521812765,0.95053217102664,0.025177511289881438

0.024670055621551047,0.011938919018915802,0.02028548085966199,0.9431055444998712
0.01701952740197303,0.014761275201356833,0.9129841849825051,0.055235012414165084
0.0008153894757406462,0.972969289350079,0.004933301321362258,0.02128201985281822
0.977515728757742,0.00022936853493764266,0.0031513913938976405,0.019103511313422923

Transition Gammas
1.0,1.0,169.52703221150207,7545.472967788511
2502.8023142273664,64.19768577263008,1.0,1.0
33.1355172506958,4.405576739573088,1919.9471286126084,40.49920878616842
52.86002866287668,7.5988773468544535,2365.886520554368,62.6671420468592

44.97597570372174,21.765841956772153,36.98245793517625,1719.3756149628264
11.384363741822403,9.873818597683714,610.6952212531581,36.946705848837745
2.5937214690768355,3094.976584346332,15.692635153304769,67.69725810777032
6922.805297091093,1.6243970935079035,22.318279279870957,135.291827459054

Iteration: ,30000
Error:,0.029625865557237733
Absolute Error:,0.03273317427926806
Transition Probabilities
0.00011918951132300324,0.00011918951132300324,0.02236892718939452,0.9773926937879595
0.9754394135420034,0.023851115014222372,0.00035473572188719446,0.00035473572188719446
0.01654813305250117,0.00290129575458317,0.9604161506222165,0.02013442057069914
0.021401216664134637,0.0028057927674970673,0.9494641792299704,0.02632881133839789

0.02449198739088365,0.011462485363879936,0.019786620878000614,0.9442589063672358
0.01570021758094221,0.013760663021090191,0.9190750812538186,0.05146403814414898
0.0007439760804004818,0.9737720748587505,0.004578717362616724,0.020905231698232295
0.9776311296364426,0.00021184529567145285,0.003074216102885746,0.019082808965000263

Transition Gammas
1.0,1.0,187.67529911902056,8200.324700881003
2749.763706774904,67.2362932250928,1.0,1.0
36.38820284748185,6.379749190036485,2111.8888515074336,44.27420166484426
58.55520536552634,7.676842596955342,2597.7995024550564,72.03744437267139

48.639546694021035,22.76377507418991,39.294984712862835,1875.2388050219938
11.509246849915785,10.087431381873271,673.7398338094753,37.726376455666056
2.597784799352891,3400.1769152856077,15.987775250430191,72.99602038735506
7501.599759799818,1.6255401152320805,23.58920259378041,146.42700176843428

Iteration: ,32500
Error:,0.030728664708684465
Absolute Error:,0.03290612563160952
Transition Probabilities
0.00010970927043335113,0.00010970927043335113,0.022251561221339197,0.9775290202377941
0.9744613332741824,0.024886138177693612,0.0003262642740619907,0.0003262642740619907
0.01717468380149355,0.0027279760992107347,0.9610651923824581,0.019032147716837602
0.02168145452514284,0.003265823174304381,0.9489303744854457,0.026122347815106996

0.026606375902440717,0.011640510388799772,0.01954581478384661,0.9422072989249128
0.016391689633229834,0.013130465275275258,0.9209725010903574,0.04950534400113749
0.0006882729508946824,0.9736214294980802,0.004325926655120792,0.02136437089590438
0.9772129617899904,0.00019553664123463593,0.0030013273092675164,0.019590174259507483

Transition Gammas
1.0,1.0,202.82298053250767,8910.177019467532
2986.7239864853645,76.2760135146308,1.0,1.0
40.49429399321088,6.43199417495451,2265.9896913847497,44.87380343507796
64.37679629573546,9.696915536099171,2817.5737631552206,77.56274202495712

56.956837865997585,24.919089519121943,41.84214369083785,2017.0033137095852
12.839259956941396,10.284812657939087,721.378065304648,38.77647729492618
2.6010402317294843,3679.395660263254,16.34803351614187,80.737719176096
8128.376841845853,1.6264576591704145,24.964793089484676,162.94945421827745

Iteration: ,35000
Error:,0.03059006485632675
Absolute Error:,0.03288489194716478
Transition Probabilities
0.00010192640913260575,0.00010192640913260575,0.022521702942977295,0.9772744442387575
0.9735708018372349,0.025823871286251868,0.0003026634382566591,0.0003026634382566591
0.01851843780987674,0.002939835605095776,0.9593506024786149,0.01919112410641257
0.02089485020828643,0.0030626260795028923,0.9507190958221388,0.025323427890071873

0.026724611911496957,0.012858759336746062,0.019436274655270872,0.9409803540964861
0.015733302316417314,0.013068177417720284,0.9226346274695705,0.04856389279629195
0.0006432257604974515,0.9742654856867552,0.004362884572939855,0.02072840397980744
0.9775957345445669,0.00018135611355190532,0.0028934949951304424,0.019329414346750742

Transition Gammas
1.0,1.0,220.96042757355136,9588.039572426498
3216.6779292702186,85.32207072977603,1.0,1.0
47.216101284552074,7.495641755272795,2446.0376020415424,48.931236472306736
66.5358772637739,9.752379696401224,3027.393278314177,80.63788317198133

62.14917502254953,29.903569310522855,45.19984946225214,2188.288193414868
13.081599158592386,10.865656508335238,767.1330610484658,40.37889607441348
2.6042433043742133,3944.5316459658115,17.66411365124607,83.92357798765617
8772.23675219263,1.6273585371932873,25.964130408561594,173.44817795253616

Iteration: ,37500
Error:,0.02980191374056871
Absolute Error:,0.03234530554339532
Transition Probabilities
9.476876421531429e-05,9.476876421531429e-05,0.02237534721947997,0.9774351152520895
0.9727733277292218,0.02666154087772936,0.0002825656965244423,0.0002825656965244423
0.01819828579694552,0.002774941033104853,0.9602571216935513,0.01876965147639835
0.020042251961323313,0.0031503198020741384,0.9525348094025894,0.024272618834013167

0.026718925500457916,0.012195475562418505,0.01887200866160071,0.9422135902755229
0.016640112634943024,0.012674488682772813,0.9226155705732306,0.048069828109053574
0.0006018099348530426,0.974728245567289,0.004106309173084512,0.020563635324773483
0.9785231176940411,0.00016912222539525765,0.0027057955483952584,0.018601964532168495

Transition Gammas
1.0,1.0,236.1046638599535,10313.895336140085
3442.644806833711,94.35519316628407,1.0,1.0
49.455806522142005,7.541201867849602,2609.6024071649767,51.008554446408255
68.27176734427617,10.73122426573221,3244.7069830452456,82.68205534337712

65.90479345048436,30.081310640947983,46.54962014910483,2324.0602266091655
14.766503330565458,11.24739257800221,818.7327931357966,42.65736010593291
2.6070395888248985,4222.521060840065,17.788524180479524,89.08163238437369
9420.243759612466,1.628139958661245,26.048698460619768,179.08114497452698

Iteration: ,40000
Error:,0.029251701634248412
Absolute Error:,0.03185432279298818
Transition Probabilities
8.890469416785169e-05,8.890469416785169e-05,0.022603638610470857,0.9772185520011933
0.9733634102015765,0.02610594506507254,0.00026532236667551115,0.00026532236667551115
0.01816874242879608,0.002602966498039438,0.9599645488663734,0.019263742206790977
0.020555461656242467,0.002972353009950424,0.9526092408113449,0.023862944522462303

0.026212645761378706,0.012123971919079518,0.018428515529239464,0.9432348667903022
0.01564094299634332,0.012096011750939021,0.9263815394166767,0.04588150583604101
0.0005641286204830472,0.9745071267894524,0.003956284102424847,0.020972460487639694
0.9781419842620066,0.00015874448600669382,0.002737501781002062,0.01896176947098463

Transition Gammas
1.0,1.0,254.24572709057725,10991.75427290947
3668.6066930497364,98.39330695025826,1.0,1.0
52.97872317174193,7.5900597999774595,2799.1863657262343,56.17166238252443
74.63838570584538,10.792831322435237,3458.993873827059,86.64809806418694

68.7798415959597,31.812312106883365,48.354919624988916,2474.9712530434344
14.891455185090129,11.516391112066824,881.99088646659,43.68294086498433
2.609956993915162,4508.584742618521,18.3038601271417,97.0296807179446
10037.176348327437,1.628952060140777,28.090797217449932,194.57566193746374

Iteration: ,42180
Error:,0.029351543772098962
Absolute Error:,0.031502124995663586
Transition Probabilities
8.411843876177632e-05,8.411843876177632e-05,0.022406303497950437,0.9774254596245261
0.9733444070613727,0.026149903937362978,0.0002528445006321116,0.0002528445006321116
0.01831378123014738,0.0024911756465067774,0.9603887219353258,0.018806321188020076
0.020380542024418313,0.0028440892905861074,0.9527590559502416,0.024016312734753912

0.02594181247938459,0.012421431040323786,0.017930843643304325,0.9437059128369873
0.015030299002407873,0.011636984505507032,0.9280645742600016,0.04526814223208353
0.0005380185277926999,0.9749230471452397,0.003989779266380023,0.02054915506058741
0.9780696949946311,0.00014985359362156413,0.0026050632890703253,0.019175388122676912


Model Num 3
Model States: 
"['diamond', 'x', 'square']","['diamond', 'x', 'diamond']","['square', 'y', 'diamond', 'x', 'diamond']","['square', 'x', 'square', 'y', 'diamond', 'x', 'diamond']","['square', 'x', 'square', 'y', 'diamond', 'x', 'square']"
Iteration: ,0
Error:,0.649347585050828
Absolute Error:,1
Transition Probabilities
0.2,0.2,0.2,0.2,0.2
0.2,0.2,0.2,0.2,0.2
0.2,0.2,0.2,0.2,0.2
0.2,0.2,0.2,0.2,0.2
0.2,0.2,0.2,0.2,0.2

0.2,0.2,0.2,0.2,0.2
0.2,0.2,0.2,0.2,0.2
0.2,0.2,0.2,0.2,0.2
0.2,0.2,0.2,0.2,0.2
0.2,0.2,0.2,0.2,0.2

Transition Gammas
1.0,1.0,1.0,1.0,1.0
1.0,1.0,1.0,1.0,1.0
1.0,1.0,1.0,1.0,1.0
1.0,1.0,1.0,1.0,1.0
1.0,1.0,1.0,1.0,1.0

1.0,1.0,1.0,1.0,1.0
1.0,1.0,1.0,1.0,1.0
1.0,1.0,1.0,1.0,1.0
1.0,1.0,1.0,1.0,1.0
1.0,1.0,1.0,1.0,1.0

Iteration: ,2500
Error:,0.30876095201720655
Absolute Error:,1
Transition Probabilities
0.0019841269841269836,0.0019841269841269836,0.4265873015873015,0.561163139151613,0.008281305292831529
0.9614832624178609,0.030940980006381572,0.0025252525252525246,0.0025252525252525246,0.0025252525252525246
0.2,0.2,0.2,0.2,0.2
0.006648131086679674,0.008060612300453842,0.7568802296667476,0.21799130465012678,0.010419722295992057
0.02961589800271618,0.01766842315584016,0.11696114623654885,0.785289801639293,0.05046473096560183

0.02880844693936115,0.011276369989027077,0.48389392064321374,0.4639273515345826,0.012093910893815372
0.022982806588919925,0.023748787250136762,0.3238681292070425,0.6026347843533143,0.02676549260058663
0.3298271214267794,0.6540654960228851,0.004026845637583895,0.008648853323147361,0.0034316835896043246
0.2,0.2,0.2,0.2,0.2
0.2,0.2,0.2,0.2,0.2

Transition Gammas
1.0,1.0,215.0,282.826222132413,4.173777867587091
380.747371917473,12.252628082527107,1.0,1.0,1.0
1.0,1.0,1.0,1.0,1.0
3.601512792592537,4.366700646799692,410.0270879235314,118.09310949725514,5.6447086639832404
2.5252552351822164,1.5065313254255552,9.972912076468846,66.9592116552723,4.302970183489303

4.580168942673287,1.7927963877590498,76.9328492974154,73.75842410484651,1.9227747746314177
2.2755963183524757,2.3514383512151884,32.06715070258461,59.66866976319043,2.6501313573316594
245.72120546295048,487.2787945370491,3.0,6.44339572574478,2.5566042742552204
1.0,1.0,1.0,1.0,1.0
1.0,1.0,1.0,1.0,1.0

Iteration: ,5000
Error:,0.3131975360088564
Absolute Error:,1
Transition Probabilities
0.001007049345417925,0.001007049345417925,0.43303121852970783,0.5556974266612714,0.009257256118184936
0.9672549991126751,0.028869031895076856,0.0012919896640826876,0.0012919896640826876,0.0012919896640826876
0.2,0.2,0.2,0.2,0.2
0.0086411028280147,0.010321868466253301,0.747784721977175,0.22685132588939633,0.006400980839160496
0.06157422118677578,0.026237202105173385,0.14467790915196072,0.7316876184119543,0.03582304914413582

0.022856159241809657,0.009595084809291589,0.47783326489138417,0.47602217759766535,0.01369331345984933
0.02052491282546213,0.028688036812138745,0.3462146512608809,0.5847683921478801,0.01980400695363811
0.33463889945804537,0.6519472843112369,0.002012072434607647,0.007615423925211158,0.0037863198708988424
0.2,0.2,0.2,0.2,0.2
0.2,0.2,0.2,0.2,0.2

Transition Gammas
1.0,1.0,430.0,551.8075446746427,9.192455325357644
748.6553693132104,22.344630686789483,1.0,1.0,1.0
1.0,1.0,1.0,1.0,1.0
9.321742461192985,11.134898111475017,806.6859905991349,244.7198788174768,6.9051712575666615
9.496734909055982,4.046624518276013,22.314009400864997,112.84987799064831,5.525071934308239

7.53491962030248,3.163182056228674,157.52582071082102,156.9287651408476,4.514232472918383
4.296543218462539,6.0053551050063065,72.47417928917896,122.4113686143097,4.145633771924338
498.9465990919454,972.0534009080538,3.0,11.354597072489831,5.645402927510172
1.0,1.0,1.0,1.0,1.0
1.0,1.0,1.0,1.0,1.0

Iteration: ,7500
Error:,0.3122784042666754
Absolute Error:,1
Transition Probabilities
0.0006779661016949154,0.0006779661016949154,0.4189830508474577,0.5693284229832672,0.010332593965885335
0.9754035278601537,0.021999069542443656,0.0008658008658008655,0.0008658008658008655,0.0008658008658008655
0.2,0.2,0.2,0.2,0.2
0.009193627741494658,0.008145878635993758,0.735895854384829,0.24043577778047778,0.0063288614572049135
0.05707628476752387,0.01782153985881863,0.15727180389160778,0.7416843067864712,0.026146064695578473

0.023739806775295042,0.009418968227318351,0.4746905002178074,0.4800805770908661,0.012070147688713048
0.017219549884532524,0.03252073824152872,0.3548661441955739,0.5792083509216053,0.01618521675675961
0.3262042587994402,0.6553022815704291,0.0036084799278304,0.008633077005543822,0.006251902696756583
0.2,0.2,0.2,0.2,0.2
0.2,0.2,0.2,0.2,0.2

Transition Gammas
1.0,1.0,618.0,839.759423900319,15.240576099680865
1126.591074678478,25.40892532152243,1.0,1.0,1.0
1.0,1.0,1.0,1.0,1.0
15.210973926385924,13.477459717056261,1217.5490424809507,397.8040496769762,10.471181704992759
13.954426328407793,4.357140028150022,38.45095751904961,181.33238805124526,6.392380566785481

11.44845193172424,4.542269699899521,228.91809632777273,231.51744503240195,5.820793190568265
5.196049868872274,9.81322849950397,107.08190367222711,174.7778249743511,4.883936802678697
723.1948417583592,1452.805158241642,8.0,19.13953172129066,13.86046827870935
1.0,1.0,1.0,1.0,1.0
1.0,1.0,1.0,1.0,1.0

Iteration: ,10000
Error:,0.3093225265666718
Absolute Error:,1
Transition Probabilities
0.0005109862033725091,0.0005109862033725091,0.4195196729688299,0.5670440854191695,0.012414269205255532
0.9744208112668765,0.02363492431316241,0.000648088139987038,0.000648088139987038,0.000648088139987038
0.2,0.2,0.2,0.2,0.2
0.008666857314186474,0.007044536796740953,0.7340841872368924,0.24510469731501322,0.005099721337166919
0.0589162906650339,0.01969204842209843,0.1587513507707991,0.7414936118513566,0.02114669829071192

0.023012834089303096,0.008747641373481451,0.46184577484668776,0.496870831211775,0.009522918478752819
0.017930901437425636,0.03582444221705522,0.37643068347336844,0.5558501717362767,0.013963801135873886
0.3249742108870646,0.6553913950709584,0.004400812457684495,0.009178088963445605,0.006055492620846879
0.2,0.2,0.2,0.2,0.2
0.2,0.2,0.2,0.2,0.2

Transition Gammas
1.0,1.0,821.0,1109.7052751653146,24.29472483468507
1503.531311784791,36.46868821520961,1.0,1.0,1.0
1.0,1.0,1.0,1.0,1.0
19.136785193538138,15.55463330941672,1620.8887369278302,541.2014727376268,11.260399039513556
18.968569506942952,6.340011990102185,51.111263072170054,238.72978010993634,6.808348112923242

14.886593516113402,5.658693790013669,298.75982639065205,321.4169130824809,6.160206775495477
7.156541332055139,14.298171361817792,150.24017360934752,221.8496790215882,5.57320112043555
959.9738189603888,1936.0261810396116,13.0,27.112074798018323,17.887925201981684
1.0,1.0,1.0,1.0,1.0
1.0,1.0,1.0,1.0,1.0

Iteration: ,12500
Error:,0.31105449897463616
Absolute Error:,1
Transition Probabilities
0.0004076640847941296,0.0004076640847941296,0.4272319608642478,0.5599928164955313,0.011959894470632572
0.9758176781102414,0.022623070330507013,0.0005197505197505195,0.0005197505197505195,0.0005197505197505195
0.2,0.2,0.2,0.2,0.2
0.007906588621075957,0.006269573932657365,0.735198785401439,0.2458266270727916,0.00479842497203607
0.06148648854551037,0.01764865461235116,0.1621804880311354,0.7386705010111682,0.0200138677998348

0.02177448913479467,0.007461880998894465,0.44425146945753813,0.5188759581431162,0.007636202265656542
0.01658990343043359,0.03296904324760308,0.39030267190532153,0.548780502465496,0.011357878951145753
0.3268267645784375,0.652137636716061,0.005933117583603021,0.008831618174038009,0.00627086294786059
0.2,0.2,0.2,0.2,0.2
0.2,0.2,0.2,0.2,0.2

Transition Gammas
1.0,1.0,1048.0,1373.6623788635386,29.337621136461703
1877.4732126841054,43.52678731589551,1.0,1.0,1.0
1.0,1.0,1.0,1.0,1.0
21.772674984728358,17.26476513076734,2024.544967603773,676.9421694181373,13.21360606472635
24.057315216837697,6.90524466766659,63.455032396226954,289.0135622406212,7.830662276515716

17.60020391675933,6.031398779100349,359.0861032086566,419.4046810599876,6.1723017331511825
8.157343630737184,16.21105367340314,191.91389679134303,269.8382878014539,5.5847294054074705
1211.8736430568463,2418.126356943154,22.0,32.74764018933294,23.252359810667066
1.0,1.0,1.0,1.0,1.0
1.0,1.0,1.0,1.0,1.0

Iteration: ,15000
Error:,0.3116293990743595
Absolute Error:,1
Transition Probabilities
0.00034071550255536614,0.00034071550255536614,0.4211243611584326,0.5664808220476321,0.011713385788824627
0.9789913598047001,0.01971106234062858,0.00043252595155709273,0.00043252595155709273,0.00043252595155709273
0.2,0.2,0.2,0.2,0.2
0.007876362579091396,0.005654330285402516,0.7359176111217757,0.24639525711160443,0.004156438902125893
0.05767791231945905,0.017024620919167018,0.15863523989708858,0.7488788596531495,0.017783367211135714

0.01938244386879971,0.006857817505638871,0.4500693688398504,0.517007285050094,0.006683084735617221
0.014083463356406681,0.030804902650925694,0.40269875570283936,0.5417713713316288,0.010641506958199355
0.3231361771433424,0.6561943103875495,0.006740058413839585,0.00811219049468669,0.005817263560581789
0.2,0.2,0.2,0.2,0.2
0.2,0.2,0.2,0.2,0.2

Transition Gammas
1.0,1.0,1236.0,1662.6212127098006,34.37878729020029
2263.42802386847,45.57197613153335,1.0,1.0,1.0
1.0,1.0,1.0,1.0,1.0
26.10927985525104,18.743486010597824,2439.4863322052365,816.7733085334344,13.778140024297384
26.36511897193905,7.782115162212073,72.51366779476493,342.3196061772874,8.128945264981297

18.735686629780442,6.628984488209905,435.0513646950495,499.75568321416137,6.4600822359841725
8.35667928376696,18.27864959824269,238.94863530495016,321.4699027342223,6.314331815632026
1438.2791244650173,2920.7208755349834,30.0,36.107359891850464,25.892640108149546
1.0,1.0,1.0,1.0,1.0
1.0,1.0,1.0,1.0,1.0

Iteration: ,17500
Error:,0.3085959715087687
Absolute Error:,1
Transition Probabilities
0.00029437739181630837,0.00029437739181630837,0.4265528407418308,0.5621373840263031,0.010721020448233514
0.9796495161865635,0.019232749089144418,0.0003725782414307003,0.0003725782414307003,0.0003725782414307003
0.2,0.2,0.2,0.2,0.2
0.009296359466926087,0.006432306738385323,0.7302290333440429,0.25008823364608923,0.003954066804556422
0.0540603414960665,0.016333570116901674,0.15520901002736232,0.7585819138560818,0.015815164503587564

0.01987842119191577,0.007596362102464778,0.4379535719613484,0.5278367079245273,0.006734936819743647
0.015294278254816327,0.03288795186987895,0.3966428796386106,0.5450106964212951,0.010164193815398955
0.3238229972871362,0.6545637259857314,0.006561173292165186,0.008733818868061276,0.006318284566905916
0.2,0.2,0.2,0.2,0.2
0.2,0.2,0.2,0.2,0.2

Transition Gammas
1.0,1.0,1449.0,1909.5806935373525,36.41930646264927
2629.379301444738,51.620698555263644,1.0,1.0,1.0
1.0,1.0,1.0,1.0,1.0
36.13652229881198,25.003464712334136,2838.5238157536846,972.1352819858918,15.37012674286054
29.07531609375575,8.784696895098117,83.47618424631702,407.98870887592517,8.505882395323233

22.800766419476382,8.713110375511146,502.33753478002865,605.4344743387869,7.725046159066046
