0,1,2,3,4,5,6,7,8,9,10,11,12,13,14,15,16,17,18,19,20,21,22,23,24,25,26,27,28,29
github Code Version (SHA):,528ca1c557fe8e6666681dc5c9134b0f84d30530
Environment Observations,Environment Actions,alpha,epsilon,numActions,explore,patience,gainThresh,insertRandActions,useUpdatedPosterior,revisedSplitting,haveControl,confidence_factor
"['diamond', 'square']","['x', 'y']",0.75,0.99,75000,0.5,0,0.01,False,False,False,False,250

Model Num 0
Model States: 
['diamond'],['square']
Iteration: ,0
Error:,0.40074512515144
Absolute Error:,1
Transition Probabilities
0.5,0.5
0.5,0.5

0.5,0.5
0.5,0.5

Transition Gammas
1.0,1.0
1.0,1.0

1.0,1.0
1.0,1.0

Iteration: ,2328
Error:,0.06055284253544577
Absolute Error:,1
Transition Probabilities
0.486,0.514
0.1933028919330289,0.806697108066971

0.188715953307393,0.811284046692607
0.8250377073906485,0.17496229260935142


Model Num 1
Model States: 
['square'],"['diamond', 'x', 'square']","['diamond', 'x', 'diamond']"
Iteration: ,0
Error:,0.47363373893650734
Absolute Error:,1
Transition Probabilities
0.3333333333333333,0.3333333333333333,0.3333333333333333
0.3333333333333333,0.3333333333333333,0.3333333333333333
0.3333333333333333,0.3333333333333333,0.3333333333333333

0.3333333333333333,0.3333333333333333,0.3333333333333333
0.3333333333333333,0.3333333333333333,0.3333333333333333
0.3333333333333333,0.3333333333333333,0.3333333333333333

Transition Gammas
1.0,1.0,1.0
1.0,1.0,1.0
1.0,1.0,1.0

1.0,1.0,1.0
1.0,1.0,1.0
1.0,1.0,1.0

Iteration: ,2500
Error:,0.04768365504488973
Absolute Error:,1
Transition Probabilities
0.8306569343065694,0.0635746294886718,0.10576843620475884
0.9957356076759062,0.0021321961620469083,0.0021321961620469083
0.002680965147453083,0.7716480056072229,0.22567102924532403

0.1649928263988522,0.3835229116213712,0.45148426197977654
0.826312601144459,0.09848143105197614,0.07520596780356475
0.7550966450128367,0.13645366952277155,0.10844968546439197

Transition Gammas
569.0,43.54862119974018,72.4513788002598
467.0,1.0,1.0
1.0,287.82470609149414,84.17529390850586

115.0,267.3154694000957,314.68453059990424
130.72859467145219,15.580470471861549,11.898124835866698
100.27140532854789,18.120066213581104,14.401338478690645

Iteration: ,5000
Error:,0.042992950419661176
Absolute Error:,1
Transition Probabilities
0.8291788856304986,0.0716282182999494,0.09919289606955202
0.9978655282817502,0.0010672358591248667,0.0010672358591248667
0.0013140604467805515,0.7580714236604856,0.24061451589273394

0.16028880866425987,0.3842224921787397,0.45548869915700035
0.8381196548161689,0.09133275945051898,0.07054758573331217
0.7744628659946123,0.1186597093642161,0.10687742464117161

Transition Gammas
1131.0,97.70088976113098,135.29911023886896
935.0,1.0,1.0
1.0,576.8923534056297,183.10764659437058

222.0,532.1481516675547,630.8518483324457
264.70818235517675,28.84615413169411,22.28145239370038
195.29181764482334,29.921732003488255,26.950661471117247

Iteration: ,7500
Error:,0.03857147375155362
Absolute Error:,1
Transition Probabilities
0.8284742468415938,0.0720322695569673,0.09949348360143886
0.9985734664764622,0.0007132667617689016,0.0007132667617689016
0.0008952551477170997,0.756344853775316,0.24275989107696697

0.16905444126074495,0.3883270641295272,0.4426184946097278
0.8435091770017822,0.08982685590995326,0.0666639670882646
0.7904342819624224,0.10857799077791472,0.10098772725966282

Transition Gammas
1705.0,148.2424107482387,204.75758925176117
1400.0,1.0,1.0
1.0,844.8372016670277,271.162798332972

354.0,813.1568722872302,926.8431277127702
395.30924817254447,42.097214640490016,31.241963251106927
296.6907518274554,40.754919733283415,37.90590237511964

Iteration: ,10000
Error:,0.03961717627349076
Absolute Error:,1
Transition Probabilities
0.8351409978308026,0.07293818316745306,0.0919208190017443
0.9989310529128808,0.0005344735435595938,0.0005344735435595938
0.0006830601092896176,0.7529359774513811,0.24638096243932933

0.17515129939480242,0.3902494575398152,0.4345992430653824
0.8416997676638981,0.09054447141048295,0.06775576092561901
0.7886017540352988,0.10818797444292245,0.10321027152177874

Transition Gammas
2310.0,201.74701464117516,254.25298535882473
1869.0,1.0,1.0
1.0,1102.2982709888217,360.7017290111781

492.0,1096.210726229341,1220.789273770659
516.690814996773,55.582166615514296,41.59295354274598
387.30918500322673,53.134799655495854,50.690080186243875

Iteration: ,12500
Error:,0.040334388486448894
Absolute Error:,1
Transition Probabilities
0.8321315258148255,0.07509377789488075,0.09277469629029376
0.9991434689507495,0.00042826552462526765,0.00042826552462526765
0.0005434782608695655,0.7507897395107608,0.2486667822283696

0.1757454128440367,0.3882730181958125,0.4359815689601508
0.8338172482249574,0.09419951517065936,0.07198323660438323
0.783856954950316,0.10686030761031465,0.1092827374393692

Transition Gammas
2885.0,260.35012796155155,321.6498720384485
2333.0,1.0,1.0
1.0,1381.453120699799,457.5468793001998

613.0,1354.296287466994,1520.703712533006
640.1815881379634,72.32375601746863,55.2667180090189
483.8184118620362,65.95716730278691,67.45235867072557

Iteration: ,15000
Error:,0.04118887457746788
Absolute Error:,1
Transition Probabilities
0.8307582600427859,0.07528456780506212,0.09395717215215205
0.9992818671454219,0.0003590664272890485,0.0003590664272890485
0.0004580852038479159,0.7619122065133938,0.23762970828275828

0.1754259659227262,0.38776017672155505,0.43681385735571876
0.8360460201191845,0.09141801279342651,0.0725359670873891
0.7892005404332232,0.10368268584744035,0.10711677371933653

Transition Gammas
3495.0,316.7221767558964,395.2778232441037
2783.0,1.0,1.0
1.0,1663.2543468187378,518.7456531812611

731.0,1615.79665639872,1820.20334360128
779.3288992463132,85.21624117226227,67.61514800097137
584.6711007536868,76.81225107910444,79.35635974766194

Iteration: ,15208
Error:,0.040426905791359664
Absolute Error:,1
Transition Probabilities
0.8311173314672265,0.07494449902188512,0.0939381695108884
0.999290780141844,0.0003546099290780142,0.0003546099290780142
0.00045351473922902513,0.7632201050407913,0.2363263802199796

0.17614983404457088,0.3877778896893044,0.4360722762661247
0.8366108164518533,0.09109396554358967,0.072295218004557
0.7894520131963312,0.10354312551037258,0.10700486129329638

*,*,*,*,*,*,*,*,*,*,*
Model Num 1
Model States: 
['square'],"['diamond', 'x', 'square']","['diamond', 'x', 'diamond']"
Iteration: ,15208
Error:,0.04028470548907668
Absolute Error:,1
Transition Probabilities
0.8311173314672265,0.07494449902188512,0.0939381695108884
0.999290780141844,0.0003546099290780142,0.0003546099290780142
0.00045351473922902513,0.7632201050407913,0.2363263802199796

0.17614983404457088,0.3877778896893044,0.4360722762661247
0.8366108164518533,0.09109396554358967,0.072295218004557
0.7894520131963312,0.10354312551037258,0.10700486129329638

Transition Gammas
3563.0,321.2870673068215,402.7129326931786
2818.0,1.0,1.0
1.0,1682.9003316149442,521.0996683850548

743.0,1635.647138709486,1839.352861290514
788.6932020960721,85.87647919842269,68.154446324361
592.3067979039279,77.68590882136509,80.28316565585126

