0,1,2,3,4,5,6,7,8,9,10,11,12,13,14,15,16,17,18,19,20,21,22,23,24,25,26,27,28,29
github Code Version (SHA):,528ca1c557fe8e6666681dc5c9134b0f84d30530
Environment Observations,Environment Actions,alpha,epsilon,numActions,explore,patience,gainThresh,insertRandActions,useUpdatedPosterior,revisedSplitting,haveControl,confidence_factor
"['diamond', 'square']","['x', 'y']",0.99,0.99,75000,0.5,0,0.01,False,False,False,False,250

Model Num 0
Model States: 
['diamond'],['square']
Iteration: ,0
Error:,0.6741057390500423
Absolute Error:,1
Transition Probabilities
0.5,0.5
0.5,0.5

0.5,0.5
0.5,0.5

Transition Gammas
1.0,1.0
1.0,1.0

1.0,1.0
1.0,1.0

Iteration: ,2495
Error:,0.14745365969572144
Absolute Error:,1
Transition Probabilities
0.48,0.52
0.01349527665317139,0.9865047233468286

0.037698412698412696,0.9623015873015873
0.9735449735449735,0.026455026455026454


Model Num 1
Model States: 
['square'],"['diamond', 'x', 'square']","['diamond', 'x', 'diamond']"
Iteration: ,0
Error:,0.7267593565471769
Absolute Error:,1
Transition Probabilities
0.3333333333333333,0.3333333333333333,0.3333333333333333
0.3333333333333333,0.3333333333333333,0.3333333333333333
0.3333333333333333,0.3333333333333333,0.3333333333333333

0.3333333333333333,0.3333333333333333,0.3333333333333333
0.3333333333333333,0.3333333333333333,0.3333333333333333
0.3333333333333333,0.3333333333333333,0.3333333333333333

Transition Gammas
1.0,1.0,1.0
1.0,1.0,1.0
1.0,1.0,1.0

1.0,1.0,1.0
1.0,1.0,1.0
1.0,1.0,1.0

Iteration: ,2500
Error:,0.11488492611470963
Absolute Error:,1
Transition Probabilities
0.9804941482444733,0.016310404252418413,0.003195447503108245
0.9955849889624724,0.002207505518763797,0.002207505518763797
0.0032362459546925572,0.9800384739507617,0.016725280094545773

0.023842917251051893,0.38950236782616,0.5866547149227881
0.9577203156579165,0.010098170398908837,0.03218151394317457
0.9617603591621443,0.021247659014957634,0.016991981822898072

Transition Gammas
754.0,12.542700870109758,2.4572991298902402
451.0,1.0,1.0
1.0,302.8318884507853,5.168111549214643

17.0,277.71518826005206,418.2848117399479
151.01885644500754,1.592337680319972,5.074566504343857
108.98114355499236,2.407662319680028,1.9254334956561434

Iteration: ,5000
Error:,0.11694725408110042
Absolute Error:,1
Transition Probabilities
0.9813705921490352,0.013497950424308928,0.00513145742665581
0.9978494623655914,0.001075268817204301,0.001075268817204301
0.0016,0.9821003677570217,0.016299632242978337

0.02505219206680585,0.39427717515412614,0.580670632779068
0.9562986865875439,0.010738146104796441,0.032963167307659684
0.9689167999119631,0.019644082659554415,0.01143911742848251

Transition Gammas
1475.0,20.28741948773632,7.712580512263683
928.0,1.0,1.0
1.0,613.8127298481386,10.18727015186146

36.0,566.5763006964792,834.4236993035206
290.7776669515251,3.2651023320750694,10.022969830960461
209.2223330484747,4.241830469863355,2.470097367101116

Iteration: ,7500
Error:,0.11367253421214761
Absolute Error:,1
Transition Probabilities
0.982070820259973,0.013476717422347014,0.004452462317679881
0.998567335243553,0.0007163323782234957,0.0007163323782234957
0.001060445387062566,0.98811863822947,0.010820916383467473

0.024537037037037038,0.38913651767830665,0.5863264452846563
0.9523256572756575,0.019887371009921113,0.027786971714421335
0.9691990966838643,0.02171749577113769,0.009083407544997955

Transition Gammas
2191.0,30.06655656925619,9.933443430743813
1394.0,1.0,1.0
1.0,931.7958758503904,10.204124149609829

53.0,840.5348781851424,1266.4651218148576
441.4284375506976,9.218328882385045,12.880005294881988
311.5715624493026,6.981593475531913,2.9200723472010575

Iteration: ,10000
Error:,0.11349692209165493
Absolute Error:,1
Transition Probabilities
0.9839206294902497,0.012277770351644603,0.0038016001581056558
0.9989356040447046,0.0005321979776476849,0.0005321979776476849
0.0007936507936507932,0.9903078262938775,0.008898522912471745

0.02375215146299483,0.3904884688096366,0.5857593797273685
0.9529817165054965,0.021921038028071972,0.025097245466431488
0.9699003791237591,0.021608079774157088,0.008491541102083633

Transition Gammas
2876.0,35.887922737857174,11.112077262142831
1877.0,1.0,1.0
1.0,1247.7878611302863,11.212138869714405

69.0,1134.3690018919947,1701.630998108006
588.9350303592025,13.547025061412434,15.509895693387037
417.06496964079764,9.29164822385829,3.651431021342242

Iteration: ,12500
Error:,0.10899193634268545
Absolute Error:,1
Transition Probabilities
0.9836020011117287,0.013246799942574964,0.0031511989456963012
0.9991485738612176,0.0004257130693912303,0.0004257130693912303
0.0006349206349206346,0.9884302158549854,0.010934863510093998

0.022689994532531423,0.3904439114937846,0.5868660939736839
0.9550358265395913,0.02285032664210198,0.02211384681830684
0.9750453035748065,0.018011776163653303,0.006942920261540059

Transition Gammas
3539.0,47.66198619338472,11.338013806615292
2347.0,1.0,1.0
1.0,1556.7775899716028,17.222410028398055

83.0,1428.243828244265,2146.7561717557373
748.65502932566,17.912429551808643,17.33510113253991
537.3449706743397,9.92624373346208,3.826225582189367

Iteration: ,15000
Error:,0.1088846941509651
Absolute Error:,1
Transition Probabilities
0.9827546562428144,0.014625989484936408,0.0026193542722491555
0.9992892679459844,0.00035536602700781805,0.00035536602700781805
0.0005361930294906164,0.9870053433405231,0.012458463629986267

0.021679598356914624,0.3949710007650379,0.5833494008780473
0.9571579437871067,0.02180004755642545,0.021042008656467808
0.9763437717061503,0.016823338673662754,0.006832889620187051

Transition Gammas
4274.0,63.60842826998844,11.391571730011577
2812.0,1.0,1.0
1.0,1840.7649653300766,23.2350346699244

95.0,1730.7629253523983,2556.2370746476067
899.5825596032728,20.48872154023954,19.776280528461843
649.417440396727,11.190084739604952,4.544913191693674

Iteration: ,16903
Error:,0.10839646626607657
Absolute Error:,1
Transition Probabilities
0.9825451593261619,0.014725087322193362,0.0027297533516446744
0.9993682880606444,0.0003158559696778269,0.0003158559696778269
0.0004734848484848483,0.9875745284901771,0.01195198666133794

0.021350142334282212,0.3900973558401208,0.5885525018255969
0.9581755856256233,0.022305566819017585,0.019518847555359077
0.9782739458166347,0.01551036250418893,0.006215691679176275


Model Num 2
Model States: 
"['diamond', 'x', 'square']","['diamond', 'x', 'diamond']","['square', 'y', 'diamond', 'x', 'diamond']","['square', 'y', 'diamond', 'x', 'square']"
Iteration: ,0
Error:,0.6744942250032263
Absolute Error:,0.74
Transition Probabilities
0.25,0.25,0.25,0.25
0.25,0.25,0.25,0.25
0.25,0.25,0.25,0.25
0.25,0.25,0.25,0.25

0.25,0.25,0.25,0.25
0.25,0.25,0.25,0.25
0.25,0.25,0.25,0.25
0.25,0.25,0.25,0.25

Transition Gammas
1.0,1.0,1.0,1.0
1.0,1.0,1.0,1.0
1.0,1.0,1.0,1.0
1.0,1.0,1.0,1.0

1.0,1.0,1.0,1.0
1.0,1.0,1.0,1.0
1.0,1.0,1.0,1.0
1.0,1.0,1.0,1.0

Iteration: ,2500
Error:,0.044755274716060146
Absolute Error:,0.05782420193714562
Transition Probabilities
0.001394700139470014,0.001394700139470014,0.020011747413153327,0.9771988523079067
0.9637341605504222,0.02764514979440544,0.004310344827586207,0.004310344827586207
0.020080296701963988,0.011275327755288079,0.9387276847966665,0.02991669074608152
0.01354460568162899,0.009392440566023522,0.954679688813166,0.022383264939181385

0.007671658917692687,0.017918875924063004,0.02318419765161808,0.9512252675066263
0.028149144283102966,0.05640383826998035,0.7264740473219026,0.18897297012501402
0.006563738292329449,0.971560138435621,0.010007132012202113,0.011868991259847365
0.9788429960363072,0.0021741484552765325,0.009078257545085275,0.009904597963330944

Transition Gammas
1.0,1.0,14.348422895230936,700.6515771047691
223.58632524769794,6.413674752302063,1.0,1.0
3.1171683976771405,1.7503274913661164,145.72355759995307,4.644122760777956
3.030806303116018,2.1016978078407247,213.62373230519853,5.008587334070532

1.3611973629430227,3.179381006953527,4.113617281987264,168.77774932207416
1.8175354970073871,3.6418861330960635,46.90701626247203,12.201617133466492
1.8476232439436409,273.4839530028989,2.816902333318852,3.3409961148946463
662.1975894395873,1.4708343135700594,6.14153678067921,6.700564771107294

Iteration: ,5000
Error:,0.03667023123248021
Absolute Error:,0.04541013514507581
Transition Probabilities
0.0006997900629811055,0.0006997900629811055,0.022728895202525783,0.975871524671512
0.9748191194633298,0.02078527614106582,0.0021978021978021982,0.0021978021978021982
0.015103105215348276,0.005643663726450384,0.9462938020342619,0.03295942902393935
0.02180375570259413,0.007823550707127586,0.952653582667595,0.017719110922683322

0.013673377900832938,0.012578353320235084,0.016532924317776903,0.9572153444611551
0.03159830050776668,0.040404928852000234,0.8068218295351139,0.12117494110511907
0.003341312816883538,0.9706799712746947,0.011536579783848313,0.014442136124573221
0.9821266869683692,0.0011085399084617463,0.008770867030232287,0.007993906092936837

Transition Gammas
1.0,1.0,32.47959124440935,1394.5204087555908
443.542699355815,9.457300644184947,1.0,1.0
5.036040720333862,1.8818461457443987,315.53604722300145,10.990125826232926
9.627577846635804,3.454535287285938,420.6498482698349,7.823978680930278

4.755944517821189,4.375067444961485,5.750566637077574,332.9435566603502
3.8921163910513816,4.976871646165946,99.38016972209714,14.925706980474997
1.8786245849814651,545.7565209014382,6.486343421371735,8.119967650493066
1311.8841128601057,1.480741653473874,11.715760569024038,10.677928359111158

Iteration: ,7500
Error:,0.029951305509125406
Absolute Error:,0.03640332362722788
Transition Probabilities
0.00047326076668244174,0.00047326076668244174,0.021115488062761208,0.9779379904038739
0.9818548149437417,0.015238208312072255,0.0014534883720930235,0.0014534883720930235
0.012951961413519694,0.006622198422597503,0.9519840315036662,0.02844180866021664
0.02013280652945457,0.006374202491116263,0.9585499387777366,0.014943052201692448

0.01656695967364534,0.011864718029719902,0.013315437037684168,0.9582528852589505
0.026941098751444587,0.031170606495141362,0.8543735945756402,0.08751470017777381
0.0022028922100443523,0.9763759640554038,0.009283087921676439,0.012138055812875375
0.9826298397905107,0.0007579611850579189,0.008433075150925265,0.008179123873506184

Transition Gammas
1.0,1.0,44.61702627661446,2066.382973723387
675.5161126812942,10.48388731870571,1.0,1.0
6.817757352346316,3.485845930426625,501.1129915292608,14.971427409041691
13.440902785369593,4.25549393185747,639.9394204272709,9.976160634425593

8.58239951475096,6.146435572177571,6.897970576503016,496.4163165398421
5.225411398243483,6.045753514827987,165.71163487585753,16.974078007797647
1.8950801055071258,839.9460747738914,7.985953719309905,10.441994386122106
1926.6726872063198,1.4861579142812937,16.534991005270026,16.037060889297962

Iteration: ,10000
Error:,0.030608646678021562
Absolute Error:,0.03540668515729623
Transition Probabilities
0.00035701535166012135,0.00035701535166012135,0.020973927623563565,0.9783120416731161
0.9811560308164438,0.016691116653954563,0.0010764262648008615,0.0010764262648008615
0.013272191401104867,0.006181497578030918,0.9556477897678718,0.02489852125299245
0.018657386241532178,0.004784534372772756,0.9585751825519429,0.01798289683375216

0.01974040985730322,0.014445939376037583,0.01256481543243514,0.953248835334224
0.02661511114303646,0.03127529566486288,0.8662830923333384,0.07582650085876223
0.001663587194931864,0.9782570621717152,0.00943872370595517,0.010640626927397931
0.9801623516625236,0.0005736620026003716,0.009388668174805805,0.009875318160069979

Transition Gammas
1.0,1.0,58.74797127360156,2740.2520287263987
911.493952628476,15.506047371523787,1.0,1.0
9.59130925680182,4.467133810030074,690.6104060162781,17.993216806278365
16.66735088091409,4.274206052254021,856.3315732706543,16.0648039067884

13.720045208253401,10.04026475375319,8.732839744084254,662.5301708546772
6.546696661870221,7.69299337612319,213.08543850650452,18.651550894734434
1.904470687740147,1119.9063719994117,10.805428583745448,12.181364550138806
2544.699814665456,1.489342647390723,24.374882511922618,25.638324354193124

Iteration: ,12500
Error:,0.02970782792471283
Absolute Error:,0.03432183621413699
Transition Probabilities
0.0002871912693854109,0.0002871912693854109,0.0217927148935882,0.977632902567641
0.9781825736762031,0.020108024614395287,0.0008547008547008556,0.0008547008547008556
0.011547294232363753,0.0048882806541452415,0.9586171228243562,0.024947302289134776
0.01929227547474892,0.004882602427259754,0.957649502890251,0.018175619207740207

0.024490960242491686,0.014159126081634135,0.013309476900708285,0.9480404367751659
0.02632471299136559,0.028994971835807334,0.8816554322694149,0.06302488290341221
0.0013242539251630487,0.979887083688875,0.008917587537388208,0.009871074848573856
0.9796883000838799,0.00046391733778159517,0.009693775977865046,0.010154006600473503

Transition Gammas
1.0,1.0,75.88223325947406,3404.117766740523
1144.4736112011565,23.52638879884246,1.0,1.0
10.628274937578219,4.499235034532004,882.3232643273395,22.961810996091923
21.445050618742393,5.427439409147388,1064.5111351107846,20.20378956578465

21.13864290209134,12.221027966313045,11.487678581486366,818.2728668581619
8.39441878443926,9.245910347156354,281.1420935329015,20.097361027450408
1.9134640275087933,1415.8754979172927,12.885355777104548,14.263085256301812
3151.718586939708,1.492451115487093,31.185484122297954,32.66607484429567

Iteration: ,15000
Error:,0.030316185945168796
Absolute Error:,0.03497618716254364
Transition Probabilities
0.0002395209580838326,0.0002395209580838326,0.02204488867222386,0.9774760694116085
0.9782696035640046,0.02030792132930979,0.0007112375533428174,0.0007112375533428174
0.012045924382263139,0.004201438847732837,0.9555035235781809,0.028249113191823043
0.02113745334179721,0.004192379960496093,0.9553722124529238,0.019297954244782964

0.025021164925351384,0.014156510946253135,0.012742713818740365,0.9480796103096553
0.02810982822519498,0.02897177050660319,0.8822337754802045,0.06068462578799734
0.0011119379164301242,0.9814899050019127,0.008090571241782377,0.009307585839874852
0.9783648426112618,0.0003875053506155026,0.010056924334663904,0.011190727703458738

Transition Gammas
1.0,1.0,92.0374102065345,4080.962589793461
1375.4470626109887,28.55293738900953,1.0,1.0
13.40706352724789,4.676183890075066,1063.4714310497018,31.441144999121462
28.30313830595594,5.613614276721104,1279.2473826188539,25.84004133232361

25.913082948763773,14.661141617897238,13.196947510737862,981.8753706025026
10.551121209001023,10.874654224337968,331.1494977910583,22.778184095701207
1.9199733907236631,1694.729960209958,13.96991798773005,16.071326357687948
3773.855338591795,1.4947278075222676,38.79266295882762,43.166092695754365

Iteration: ,17500
Error:,0.027486616000438925
Absolute Error:,0.03246990767294088
Transition Probabilities
0.00020567667626491135,0.00020567667626491135,0.020806437490900206,0.9787822091565699
0.9733551701717872,0.02542233594068218,0.0006112469437652817,0.0006112469437652817
0.011617326902169671,0.0036308984603347703,0.9586889401776683,0.02606283445982716
0.01955606131786252,0.0036737907848158687,0.9572811132181744,0.019489034679147275

0.024357127256708654,0.013051621746043225,0.011962676942584356,0.9506285740546638
0.023909460510449617,0.0253397107503603,0.8975669934790448,0.05318383526014533
0.0009571247708314923,0.982659574303178,0.007768869979317314,0.008614430946673288
0.9783550693253447,0.00033212271914996795,0.009929646348190541,0.011383161607314748

Transition Gammas
1.0,1.0,101.16089908075689,4758.839100919247
1592.4090584010426,41.59094159895601,1.0,1.0
15.259315212948684,4.769171478002463,1259.2343189212158,34.23343508489276
30.282634467868974,5.688878841179881,1482.3534025280492,30.17884346584498

29.336810251648796,15.719955255992001,14.40838157421502,1144.9794469976284
10.652989383073944,11.290245109285264,399.91582612041356,23.69634530774394
1.9254853675786763,1976.8547312678163,15.62893984532591,17.32998794235216
4408.723151756047,1.4966316085532683,44.74557664857337,51.295495563748524

Iteration: ,20000
Error:,0.028134266609674188
Absolute Error:,0.03200341783977848
Transition Probabilities
0.00018089725036179424,0.00018089725036179424,0.021399079066414892,0.9782391264328615
0.9736142083984017,0.02532252738043938,0.0005316321105794795,0.0005316321105794795
0.011235259691073885,0.003189986595552241,0.9596924000531789,0.02588235366019505
0.02099910127128666,0.003290988404958391,0.9557821949265057,0.019927715397249208

0.023289906141998815,0.01222980522395296,0.011622694256323536,0.9528575943777247
0.02395534024687893,0.02510851169071575,0.9024649368922618,0.048471211170143476
0.0008375175375958413,0.980826349034209,0.00883110009910263,0.00950503332909237
0.978127040467425,0.0002919221058813883,0.010104834157346221,0.011476203269347446

Transition Gammas
1.0,1.0,118.29410907914169,5407.705890920866
1831.368325997392,47.63167400260643,1.0,1.0
16.958626637943112,4.815001445582335,1448.5704422750018,39.067114094671595
37.369765758916394,5.856606157558166,1700.899304189984,35.463139440344506

32.54592276598999,17.090249047595076,16.241856334357767,1331.5480742827472
11.895596673991632,12.46823151242331,448.140531132232,24.069538250663232
1.9297269980052008,2259.9253163335593,20.347767680476295,21.900579520688325
5019.646842603027,1.4981140654012401,51.85696415131406,58.89468864752128

Iteration: ,22500
Error:,0.028564439333105634
Absolute Error:,0.03189108613536551
Transition Probabilities
0.00016144656118824638,0.00016144656118824638,0.021864919249803157,0.9778121876278203
0.9735507131540077,0.025516015730733352,0.00046663555762949176,0.00046663555762949176
0.012351923844037398,0.0029227681685603125,0.9592847943700844,0.02544051361731792
0.022177993302841655,0.0029303173569463236,0.9559879307734984,0.018903758566713537

0.024154472241077658,0.011493052837470966,0.011238108445826839,0.9531143664756245
0.02385733650520369,0.022996187606426566,0.9055375147641771,0.047608961124192835
0.0007372443832678068,0.9794037342941598,0.009698197136470528,0.010160824186101848
0.9787377183466884,0.00026252363127191844,0.009781578885301326,0.011218179136738235

Transition Gammas
1.0,1.0,135.431309833281,6056.56869016673
2086.3191782890367,54.680821710961524,1.0,1.0
20.98202133716844,4.96486092779245,1629.522192497207,43.21540565559471
45.09485797585894,5.958259759180174,1943.8250961750675,38.43730567213438

37.95953941004021,18.061706659180114,17.661053248689694,1497.850252963871
13.228116481395004,12.750637449384696,502.091074624393,26.39761916304715
1.933036658545013,2567.9725269860346,25.4284346033246,26.641431360530163
5589.595157446912,1.4992789085023401,55.86283735117916,64.06729668496604

Iteration: ,25000
Error:,0.02889167348278657
Absolute Error:,0.03191835262947091
Transition Probabilities
0.00014480162177816372,0.00014480162177816372,0.021658262740982235,0.9780521340154614
0.9733949365407667,0.025769990390339743,0.00041753653444676455,0.00041753653444676455
0.013021163365422618,0.003508178124609773,0.9568128538860009,0.02665780462396667
0.021719742497899177,0.002839687124079397,0.9558314315424766,0.01960913883554489

0.02347698064888754,0.011005911011357367,0.01173644904665998,0.9537806592930951
0.022223993061175378,0.02187489552958709,0.907839770853967,0.04806134055527033
0.0006601938064537856,0.9791469755579698,0.009641194388723377,0.01055163624685298
0.9782656629696843,0.00023753039516093223,0.009918868575308805,0.011577938059845945

Transition Gammas
1.0,1.0,149.57196248922352,6754.428037510786
2331.2808730151337,61.719126984863614,1.0,1.0
24.47489532663736,6.594056919294045,1798.4487091396677,50.106657869149444
49.464013356764745,6.467034397303847,2176.7872570867576,44.65737590442722

39.926310833497425,18.71728867596475,19.959683901713966,1622.0545409751699
13.786480206392344,13.569920284145509,563.1712985601534,29.814476562965265
1.9360461581111534,2871.3897672529324,28.273208826592246,30.94311794174052
6179.1738358574885,1.5003507314605673,62.65211537303702,73.13155785863017

Iteration: ,27500
Error:,0.027220428994388084
Absolute Error:,0.031177845402389916
Transition Probabilities
0.00013113034356149997,0.00013113034356149997,0.02212312223769815,0.9776146170751788
0.9723990106034763,0.026842264055097185,0.0003793626707132022,0.0003793626707132022
0.012930416501065597,0.0032707362188503395,0.9571602762553764,0.02663857102470781
0.020513178717973223,0.002607066709691761,0.9576139263349933,0.019265828237341596

0.02366799278753917,0.010618207261962848,0.011148473308040197,0.9545653266424577
0.021411593696653488,0.020763005776111038,0.9119212770386796,0.04590412348855575
0.0006032927100312633,0.9804134141710887,0.008985894152445233,0.00999739896643486
0.9778386360791966,0.00021533757997680108,0.009982282254853295,0.011963744085973171

Transition Gammas
1.0,1.0,168.71093018468633,7455.289069815323
2563.243791950761,70.75620804923611,1.0,1.0
26.61801894800687,6.73300188281762,1970.3704337401257,54.83705712225627
51.14841087244657,6.500568296728942,2387.754293704046,48.03821543358024

43.983879446837555,19.732554101402,20.717984427276384,1773.9352309283142
14.359264598315296,13.924301853445176,611.5620861925186,30.784698451892144
1.9385864518758305,3150.404654899456,28.874760745936833,32.12507273513004
6817.155498917961,1.501259730694095,69.5930472110255,83.40711930790765

Iteration: ,30000
Error:,0.027501343764077296
Absolute Error:,0.030378218127130003
Transition Probabilities
0.00012036591237361559,0.00012036591237361559,0.022731210030750525,0.9770280581445022
0.9726164050974417,0.02668866786989676,0.0003474635163307855,0.0003474635163307855
0.012065994106899496,0.00345773566809784,0.9589960150558847,0.025480255169118126
0.020166931453972647,0.0027592928818112776,0.9583122599161972,0.018761515748018806

0.023832745571173198,0.00977869453557751,0.011146138904870812,0.9552424209883784
0.022657801296169178,0.01891234075574868,0.9156973846241963,0.04273247332388585
0.0005518064704721457,0.9799221222961846,0.008855959900365643,0.010670111332977609
0.9780484753527853,0.00019768863103063772,0.009785093542601611,0.011968742473582424

Transition Gammas
1.0,1.0,188.85089293547568,8117.149107064539
2799.1900138704355,76.80998612956283,1.0,1.0
27.01955874440859,7.7429585311486235,2147.493935011919,57.05831158750809
54.74687107604485,7.490611648397938,2601.5161435921045,50.93160980847374

48.48438049713715,19.89338346319941,22.67525737325687,1943.3068199337608
16.69064634334284,13.93158969632062,674.5394667606378,31.47845593234588
1.9412845114964856,3447.418144369827,31.15573794251404,37.53801916988965
7432.138345725731,1.502225392935524,74.35640540030576,90.9498374872906

Iteration: ,32500
Error:,0.025744932653797816
Absolute Error:,0.029648618471171572
Transition Probabilities
0.00011077877478675076,0.00011077877478675076,0.022709860255069183,0.9770685821953572
0.9743152561403382,0.025041450196104393,0.0003216468317787072,0.0003216468317787072
0.011836862952263565,0.0032406169407967404,0.958955951575084,0.02596656853185582
0.019752468693659573,0.0025608831347622932,0.9581715539459182,0.019515094225659828

0.022548022650489264,0.009363632770787556,0.011068603272011004,0.9570197413067121
0.02125332893218046,0.018165514098747296,0.9185473797930651,0.04203377717600714
0.000511805288733263,0.9798010615709808,0.008842492423412509,0.010844640716873436
0.9782380204908364,0.0001820153015786993,0.009479126386252062,0.012100837821332791

Transition Gammas
1.0,1.0,205.00190852250967,8819.998091477497
3029.1461313403092,77.8538686596885,1.0,1.0
28.607892705835773,7.832076971483267,2317.650299992406,62.75723639733513
58.03576515360831,7.524265169072652,2815.2541408418056,57.33832276845885

49.46250031971969,20.540545665487322,24.28065650665004,2099.3676471818762
16.712526520760303,14.284427494032707,722.2984923610055,33.05320395046825
1.944013878863092,3721.6240319303774,33.586851041343,41.1917042066228
8078.928752901706,1.5032012890425206,78.28481934882882,99.93662540320544

Iteration: ,35000
Error:,0.02657869327001617
Absolute Error:,0.02949073489328606
Transition Probabilities
0.00010299721907508482,0.00010299721907508482,0.022366141505578037,0.9774278640562718
0.9735669311187287,0.025838361774521295,0.00029735355337496313,0.00029735355337496313
0.012698882713523155,0.0030362549959986594,0.9584894293164612,0.025775432974017045
0.01962553303913221,0.0026824418588064724,0.9585330946743095,0.019158930427751953

0.023297254660337392,0.009516499336668687,0.011152797749761178,0.9560334482532328
0.021424606466469417,0.01722906215410201,0.9219070438225924,0.039439287556836206
0.00047450098881667463,0.9795949492019886,0.00881154819562784,0.011119001613566838
0.9780244338076841,0.00016969388058726598,0.009401672971345143,0.012404199340383594

Transition Gammas
1.0,1.0,217.15286787765748,9489.847132122357
3274.105589352281,86.89441064771502,1.0,1.0
33.159674542261776,7.928353207594832,2502.8341662283297,67.30552505175157
62.38510042405558,8.52687182608782,3046.958431743146,60.901876976771774

54.929055178729264,22.437507113752112,26.29548639637729,2254.085934048511
18.08776722837479,14.545670479143853,778.3218814758513,33.296698079259905
1.9460882298655666,4017.6485310008165,36.13912433179297,45.60276728185873
8667.90144100949,1.5039397598139013,83.32386378012212,109.93424460622629

Iteration: ,37500
Error:,0.026365005783191026
Absolute Error:,0.02883920964378514
Transition Probabilities
9.592326139088719e-05,9.592326139088719e-05,0.021994371047653206,0.9778137824295651
0.97462857748034,0.024813386805374236,0.0002790178571428575,0.0002790178571428575
0.013719467960691987,0.002885895183583121,0.9578303063400223,0.02556433051570255
0.019523166448610886,0.0028083470871897074,0.9584940458544029,0.019174440609796534

0.023845045759360493,0.008987816997338052,0.011614966413262512,0.955552170830039
0.020364783268427996,0.016165762829519644,0.9264633425821295,0.037006111319922756
0.00044511089415353526,0.9798811396215653,0.008698176678390951,0.01097557280589024
0.9782425388755538,0.0001578501007737407,0.009260637971944092,0.012338973051728352

Transition Gammas
1.0,1.0,229.29131817178492,10193.708681828226
3493.068821689534,88.93117831046115,1.0,1.0
38.30238315937874,8.056920530454088,2674.096655950076,71.37119204847427
66.12833930780317,9.512357002364,3246.5850073863853,64.9471446150665

60.206504316257394,22.693395026576688,29.326700923556068,2412.6796181510363
18.452403482799465,14.647697174366474,839.462673577874,33.53100734753453
1.9481333823939198,4288.682177741767,38.0696329290216,48.03719714546972
9324.865020222966,1.5046686528635769,88.27483538876801,117.61833453674076

Iteration: ,40000
Error:,0.025396090609137282
Absolute Error:,0.028213779964917706
Transition Probabilities
8.979885057471263e-05,8.979885057471263e-05,0.021589458849079812,0.9782309434497707
0.974320176349656,0.02515557725453805,0.0002621231979030147,0.0002621231979030147
0.013310353104067403,0.003183396218724869,0.9592031469916108,0.024303103685596912
0.019059559781073605,0.002794536505414279,0.9598514167663256,0.01829448694718662

0.023600640765536755,0.00884285423739048,0.011336276547789336,0.9562202284492834
0.019041638770916924,0.01509354297578669,0.9270918434244988,0.03877297482879763
0.0004176016067643722,0.9800622769042975,0.008483793926654578,0.011036327562283687
0.9787289921526535,0.00014802403136985844,0.008993510650493674,0.012129473165482981

Transition Gammas
1.0,1.0,240.42021374335283,10893.579786256649
3717.0314727739333,95.96852722606255,1.0,1.0
39.66721712718658,9.48708633217524,2858.595801577182,72.42756696413329
68.76350533999532,10.082191200642848,3462.973372971337,66.00325848735213

63.13005349908648,23.65401289893275,30.323742141248754,2557.8218311370088
18.52885429997038,14.687079302010414,902.1255941342653,37.7288325874809
1.9504172445123198,4577.401845699107,39.623741157615875,51.545404148098136
9954.142261814255,1.5054752421117723,91.4683075355274,123.36254715875869

Iteration: ,41136
Error:,0.025460158063283056
Absolute Error:,0.027845694621341188
Transition Probabilities
8.740494712000701e-05,8.740494712000701e-05,0.02163106328330469,0.9781941268224553
0.9750733256439121,0.024417897963312396,0.0002543881963876879,0.0002543881963876879
0.013441839669668566,0.0034256927553959087,0.9593435401852638,0.02378892738967184
0.019025649883122015,0.002721008340724583,0.9602421593082143,0.018011182467938976

0.023294491199428367,0.009189040822509566,0.011075119232940203,0.9564413487451218
0.018602317034532623,0.015294220151648887,0.9283000739294476,0.03780338888437084
0.0004055167979033015,0.9802533850250149,0.008379873774266683,0.010961224402815037
0.9787653215883464,0.00014438368918416752,0.008944646448243266,0.012145648274226241


Model Num 3
Model States: 
"['diamond', 'x', 'square']","['diamond', 'x', 'diamond']","['square', 'y', 'diamond', 'x', 'diamond']","['square', 'x', 'square', 'y', 'diamond', 'x', 'diamond']","['square', 'x', 'diamond', 'x', 'square']"
Iteration: ,0
Error:,0.6469120441414264
Absolute Error:,1
Transition Probabilities
0.2,0.2,0.2,0.2,0.2
0.2,0.2,0.2,0.2,0.2
0.2,0.2,0.2,0.2,0.2
0.2,0.2,0.2,0.2,0.2
0.2,0.2,0.2,0.2,0.2

0.2,0.2,0.2,0.2,0.2
0.2,0.2,0.2,0.2,0.2
0.2,0.2,0.2,0.2,0.2
0.2,0.2,0.2,0.2,0.2
0.2,0.2,0.2,0.2,0.2

Transition Gammas
1.0,1.0,1.0,1.0,1.0
1.0,1.0,1.0,1.0,1.0
1.0,1.0,1.0,1.0,1.0
1.0,1.0,1.0,1.0,1.0
1.0,1.0,1.0,1.0,1.0

1.0,1.0,1.0,1.0,1.0
1.0,1.0,1.0,1.0,1.0
1.0,1.0,1.0,1.0,1.0
1.0,1.0,1.0,1.0,1.0
1.0,1.0,1.0,1.0,1.0

Iteration: ,2500
Error:,0.34070539649306836
Absolute Error:,1
Transition Probabilities
0.0024271844660194173,0.0024271844660194173,0.42475728155339804,0.558252427184466,0.012135922330097087
0.9757454331137858,0.015508211201082958,0.0029154518950437313,0.0029154518950437313,0.0029154518950437313
0.2,0.2,0.2,0.2,0.2
0.0012437810945273632,0.0012437810945273632,0.48880597014925375,0.5,0.008706467661691543
0.5173397060311423,0.3247655571267524,0.05263157894736842,0.05263157894736842,0.05263157894736842

0.02945033080782413,0.015311814740224862,0.39858656532774517,0.5410473590984576,0.015603930025748398
0.035412380904751566,0.030837067516667108,0.25936723143495755,0.6533585438536577,0.02102477628996615
0.2903552075197271,0.690241807405646,0.007462686567164176,0.008955223880597012,0.002985074626865671
0.2,0.2,0.2,0.2,0.2
0.2,0.2,0.2,0.2,0.2

Transition Gammas
1.0,1.0,175.0,230.0,5.0
334.6806835580286,5.319316441971456,1.0,1.0,1.0
1.0,1.0,1.0,1.0,1.0
1.0,1.0,393.0,402.0,7.0
9.829454414591705,6.170545585408296,1.0,1.0,1.0

5.046992774407243,2.6240322684744317,68.30699214592481,92.72093172062351,2.674092953529267
3.917563979882894,3.4114109772354326,28.693007854075216,72.27906827937652,2.325907046470733
194.53798903821723,462.462010961783,5.0,6.0,2.0
1.0,1.0,1.0,1.0,1.0
1.0,1.0,1.0,1.0,1.0

Iteration: ,5000
Error:,0.3382590635307639
Absolute Error:,1
Transition Probabilities
0.0011750881316098707,0.0011750881316098707,0.4218566392479436,0.5675675675675675,0.008225616921269096
0.977227474697254,0.018321486727078305,0.001483679525222552,0.001483679525222552,0.001483679525222552
0.2,0.2,0.2,0.2,0.2
0.0006165228113440197,0.0006165228113440197,0.4716399506781751,0.5184956843403206,0.008631319358816275
0.5490755301156474,0.35092446988435266,0.03333333333333333,0.03333333333333333,0.03333333333333333

0.030084515907435046,0.0127532951624076,0.4456745263598925,0.49965347477376154,0.011834187796503342
0.0244812412213653,0.027486942039295085,0.32060234854747494,0.6161079408636762,0.011321527328188499
0.3067718393287318,0.6730336954506251,0.006731488406881077,0.011219147344801795,0.002243829468960359
0.2,0.2,0.2,0.2,0.2
0.2,0.2,0.2,0.2,0.2

Transition Gammas
1.0,1.0,359.0,483.0,7.0
658.6513179459492,12.348682054050778,1.0,1.0,1.0
1.0,1.0,1.0,1.0,1.0
1.0,1.0,765.0,841.0,14.0
16.47226590346942,10.52773409653058,1.0,1.0,1.0

9.277325898656997,3.932803036201771,137.43507917800616,154.0808612688024,3.6493728957406217
5.082906881086063,5.706964184055169,66.56492082199384,127.91913873119776,2.3506271042593783
410.1539491825144,899.8460508174857,9.0,15.0,3.0
1.0,1.0,1.0,1.0,1.0
1.0,1.0,1.0,1.0,1.0

Iteration: ,7500
Error:,0.3384088480301877
Absolute Error:,1
Transition Probabilities
0.0007782101167315176,0.0007782101167315176,0.4171206225680934,0.5727626459143969,0.008560311284046693
0.9799827639006711,0.017070281285969467,0.0009823182711198423,0.0009823182711198423,0.0009823182711198423
0.2,0.2,0.2,0.2,0.2
0.00041152263374485596,0.00041152263374485596,0.4740740740740741,0.5181069958847737,0.0069958847736625515
0.5576525982039419,0.3741655836142399,0.022727272727272728,0.022727272727272728,0.022727272727272728

0.024006309319604173,0.011205784481973397,0.4432099775312524,0.5095925858310658,0.011985342836104201
0.01901425853457043,0.027662515533820247,0.3355230499853987,0.6058969480333223,0.011903227912888417
0.3060432405843677,0.6739567594156324,0.005499999999999999,0.010999999999999998,0.003499999999999999
0.2,0.2,0.2,0.2,0.2
0.2,0.2,0.2,0.2,0.2

Transition Gammas
1.0,1.0,536.0,736.0,11.0
997.6224536508836,17.377546349116926,1.0,1.0,1.0
1.0,1.0,1.0,1.0,1.0
1.0,1.0,1152.0,1259.0,17.0
24.53671432097344,16.463285679026555,1.0,1.0,1.0

10.778768880617568,5.031367356354369,199.00009825716285,228.80571239927258,5.381386978957028
5.780385288949565,8.409478474078497,101.99990174283724,184.1942876007276,3.618613021042973
612.0864811687355,1347.913518831265,11.0,22.0,7.0
1.0,1.0,1.0,1.0,1.0
1.0,1.0,1.0,1.0,1.0

Iteration: ,10000
Error:,0.34199782868467565
Absolute Error:,1
Transition Probabilities
0.0005865102639296188,0.0005865102639296188,0.41759530791788857,0.5724340175953079,0.008797653958944282
0.9820649497607643,0.015730788666862446,0.0007347538574577518,0.0007347538574577518,0.0007347538574577518
0.2,0.2,0.2,0.2,0.2
0.00031318509238960227,0.00031318509238960227,0.47886000626370184,0.5120576260569997,0.00845599749451926
0.5459116660117415,0.4064692863692109,0.015873015873015872,0.015873015873015872,0.015873015873015872

0.019502559529261543,0.010549759547979088,0.4538104923190389,0.5029532423121821,0.013183946291538495
0.018218879167293634,0.028948407453472044,0.3459028687187933,0.5951534150405017,0.011776429619939396
0.30802373017889045,0.6740524460720431,0.005601194921583267,0.009335324869305444,0.002987303958177742
0.2,0.2,0.2,0.2,0.2
0.2,0.2,0.2,0.2,0.2

Transition Gammas
1.0,1.0,712.0,976.0,15.0
1336.5903966244,21.409603375599787,1.0,1.0,1.0
1.0,1.0,1.0,1.0,1.0
1.0,1.0,1529.0,1635.0,27.0
34.39243495873971,25.607565041260287,1.0,1.0,1.0

12.058570194368919,6.5229907824225215,280.59423012449355,310.9795392654562,8.15172703648332
7.500583975198212,11.917855048010342,142.40576987550622,245.02046073454432,4.8482729635166795
824.8875494190694,1805.1124505809328,15.0,25.0,8.0
1.0,1.0,1.0,1.0,1.0
1.0,1.0,1.0,1.0,1.0

Iteration: ,12500
Error:,0.3369550258374274
Absolute Error:,1
Transition Probabilities
0.0004761904761904762,0.0004761904761904762,0.4185714285714286,0.5714285714285714,0.009047619047619047
0.9808427785289772,0.017385219108353025,0.0005906674542232725,0.0005906674542232725,0.0005906674542232725
0.2,0.2,0.2,0.2,0.2
0.00024850894632206757,0.00024850894632206757,0.474155069582505,0.5166500994035785,0.008697813121272366
0.6184817511453925,0.3466345279243749,0.011627906976744186,0.011627906976744186,0.011627906976744186

0.02101467332065314,0.009547271281237248,0.44062166690311566,0.516091965301539,0.01272442319345485
0.016109441705539882,0.026443563910814816,0.34153279793693625,0.6023133195617852,0.013600876884923858
0.3027737307312408,0.6785908619949389,0.005710850616170725,0.008415990381725278,0.004508566275924256
0.2,0.2,0.2,0.2,0.2
0.2,0.2,0.2,0.2,0.2

Transition Gammas
1.0,1.0,879.0,1200.0,19.0
1660.566824049558,29.43317595044166,1.0,1.0,1.0
1.0,1.0,1.0,1.0,1.0
1.0,1.0,1908.0,2079.0,35.0
53.189430598503755,29.81056940149624,1.0,1.0,1.0

16.331648417535856,7.419705057168965,342.4311213031326,401.0832050449351,9.888843035556864
8.422748735018931,13.825897790276239,178.56887869686727,314.91679495506526,7.111156964443135
1007.3282021428382,2257.671797857162,19.0,28.0,15.0
1.0,1.0,1.0,1.0,1.0
1.0,1.0,1.0,1.0,1.0

Iteration: ,15000
Error:,0.33642581325737725
Absolute Error:,1
Transition Probabilities
0.0003968253968253968,0.0003968253968253968,0.4218253968253968,0.5674603174603174,0.00992063492063492
0.978619332555137,0.019905015698675158,0.0004918839153959666,0.0004918839153959666,0.0004918839153959666
0.2,0.2,0.2,0.2,0.2
0.00020755500207555002,0.00020755500207555002,0.47530095475300954,0.5157741801577418,0.008509755085097551
0.6332781729270209,0.336721827072979,0.01,0.01,0.01

0.022363423060012502,0.009154522935400793,0.43083107192093917,0.5259306311818588,0.011720350901788692
0.014238790703731163,0.0266926745015992,0.34378251835828555,0.6039605106345479,0.011325505801836121
0.3022211180098735,0.6767893767427502,0.008245877061469266,0.008745627186406797,0.003998000999500251
0.2,0.2,0.2,0.2,0.2
0.2,0.2,0.2,0.2,0.2

Transition Gammas
1.0,1.0,1063.0,1430.0,25.0
1989.533103084593,40.466896915406586,1.0,1.0,1.0
1.0,1.0,1.0,1.0,1.0
1.0,1.0,2290.0,2485.0,41.0
63.32781729270209,33.6721827072979,1.0,1.0,1.0

20.740298498113933,8.490092852893357,399.5615970741143,487.7588842612148,10.869694480733953
8.964449775481864,16.80515887351084,216.4384029258858,380.24111573878554,7.130305519266045
1209.4889142755137,2708.511085724486,33.0,35.0,16.0
1.0,1.0,1.0,1.0,1.0
1.0,1.0,1.0,1.0,1.0

Iteration: ,17500
Error:,0.3357773452981776
Absolute Error:,1
Transition Probabilities
0.00033783783783783786,0.00033783783783783786,0.4226351351351351,0.5662162162162162,0.010472972972972974
0.9795692226149018,0.019167087410372072,0.0004212299915754006,0.0004212299915754006,0.0004212299915754006
0.2,0.2,0.2,0.2,0.2
0.00017908309455587392,0.00017908309455587392,0.4779727793696275,0.5134312320916905,0.0082378223495702
0.6611919865218253,0.31316698783714914,0.008547008547008548,0.008547008547008548,0.008547008547008548

0.02394031814034797,0.008535005815832783,0.4323243090350267,0.5251281611140517,0.010072205894741072
0.014851823698321701,0.026077989400590116,0.3531530671277102,0.5961739072632032,0.009743212510174796
0.3031930493806218,0.6758846619771921,0.008326216908625108,0.007899231426131513,0.004696840307429549
0.2,0.2,0.2,0.2,0.2
0.2,0.2,0.2,0.2,0.2

Transition Gammas
1.0,1.0,1251.0,1676.0,31.0
2325.4973344877744,45.50266551222325,1.0,1.0,1.0
1.0,1.0,1.0,1.0,1.0
1.0,1.0,2669.0,2867.0,46.0
77.35946242305356,36.64053757694645,1.0,1.0,1.0

25.83584436980425,9.210783276166808,466.55451694635497,566.7063138095345,10.869694480733953
10.868903903791546,19.084468450237388,258.4454830536452,436.2936861904656,7.130305519266045
1420.1562432988324,3165.843756701167,39.0,37.0,22.0
1.0,1.0,1.0,1.0,1.0
1.0,1.0,1.0,1.0,1.0

Iteration: ,20000
Error:,0.33998492689975385
Absolute Error:,1
Transition Probabilities
0.0002932551319648094,0.0002932551319648094,0.42932551319648093,0.5598240469208211,0.010263929618768328
0.9809203330659731,0.017968967193190008,0.0003702332469455762,0.0003702332469455762,0.0003702332469455762
0.2,0.2,0.2,0.2,0.2
0.00015755475027572083,0.00015755475027572083,0.4786513313376398,0.5122104931463684,0.008823066015440365
0.6501122092050704,0.32814866036014695,0.007246376811594203,0.007246376811594203,0.007246376811594203

0.0221259827854029,0.011387484360714384,0.4274271152615866,0.5287834005109908,0.010276017081305195
0.014594013534057258,0.032915432149070285,0.35642860616891836,0.5860729801496376,0.0099889679983165
0.3094880628062037,0.6694573443113667,0.007825600894354393,0.008384572386808278,0.004844419601267005
0.2,0.2,0.2,0.2,0.2
0.2,0.2,0.2,0.2,0.2

Transition Gammas
1.0,1.0,1464.0,1909.0,35.0
2649.46581961119,48.53418038880615,1.0,1.0,1.0
1.0,1.0,1.0,1.0,1.0
1.0,1.0,3038.0,3251.0,56.0
89.71548487029972,45.28451512970028,1.0,1.0,1.0

27.194360931231873,13.99600473377961,525.3374440789693,649.9113186252158,12.629934686059586
12.228775434376878,27.580858900611627,298.66255592103107,491.0886813747844,8.370065313940414
1661.0224330808942,3592.9775669191026,42.0,45.0,26.0
1.0,1.0,1.0,1.0,1.0
1.0,1.0,1.0,1.0,1.0

