0,1,2,3,4,5,6,7,8,9,10,11,12,13,14,15,16,17,18,19,20,21,22,23,24,25,26,27,28,29
github Code Version (SHA):,528ca1c557fe8e6666681dc5c9134b0f84d30530
Environment Observations,Environment Actions,alpha,epsilon,numActions,explore,patience,gainThresh,insertRandActions,useUpdatedPosterior,revisedSplitting,haveControl,confidence_factor
"['diamond', 'square']","['x', 'y']",0.75,0.99,75000,0.5,0,0.01,False,False,False,False,250

Model Num 0
Model States: 
['diamond'],['square']
Iteration: ,0
Error:,0.40268945431717723
Absolute Error:,1
Transition Probabilities
0.5,0.5
0.5,0.5

0.5,0.5
0.5,0.5

Transition Gammas
1.0,1.0
1.0,1.0

1.0,1.0
1.0,1.0

Iteration: ,2467
Error:,0.05971013806619401
Absolute Error:,1
Transition Probabilities
0.484,0.516
0.16332378223495703,0.836676217765043

0.21390374331550802,0.786096256684492
0.8207282913165266,0.1792717086834734


Model Num 1
Model States: 
['square'],"['diamond', 'x', 'square']","['diamond', 'x', 'diamond']"
Iteration: ,0
Error:,0.4743139526749354
Absolute Error:,1
Transition Probabilities
0.3333333333333333,0.3333333333333333,0.3333333333333333
0.3333333333333333,0.3333333333333333,0.3333333333333333
0.3333333333333333,0.3333333333333333,0.3333333333333333

0.3333333333333333,0.3333333333333333,0.3333333333333333
0.3333333333333333,0.3333333333333333,0.3333333333333333
0.3333333333333333,0.3333333333333333,0.3333333333333333

Transition Gammas
1.0,1.0,1.0
1.0,1.0,1.0
1.0,1.0,1.0

1.0,1.0,1.0
1.0,1.0,1.0
1.0,1.0,1.0

Iteration: ,2500
Error:,0.06572865033681619
Absolute Error:,1
Transition Probabilities
0.7986013986013986,0.13308720376211305,0.06831139763648836
0.9957716701902748,0.0021141649048625794,0.0021141649048625794
0.0028328611898017003,0.7360994349516925,0.26106770385850575

0.19247467438494936,0.4210521940657356,0.3864731315493151
0.8170088848314492,0.07878843671151327,0.10420267845703764
0.8056765255748507,0.10071009208841722,0.09361338233673208

Transition Gammas
571.0,95.15735068991083,48.84264931008917
471.0,1.0,1.0
1.0,259.8431005379474,92.15689946205252

133.0,290.9470660994233,267.05293390057676
143.72493147538754,13.860146294187842,18.330917935952762
86.27506852461256,10.784439933692736,10.024495836166665

Iteration: ,5000
Error:,0.06081884947125243
Absolute Error:,1
Transition Probabilities
0.8042857142857143,0.11507390012202905,0.08064038559225666
0.9978835978835979,0.0010582010582010583,0.0010582010582010583
0.0013404825737265411,0.7451315901413378,0.2535279272849357

0.18818380743982493,0.4060234926952366,0.4057926998649386
0.8066998092945429,0.08036534534687531,0.11293484535858178
0.7876152564265039,0.1068572120771951,0.10552753149630108

Transition Gammas
1126.0,161.10346017084066,112.89653982915932
943.0,1.0,1.0
1.0,555.8681662454381,189.13183375456208

258.0,556.6582084851693,556.3417915148308
272.5877874365471,27.155840899275816,38.161233294086834
169.41221256345312,22.984466817586384,22.69845898905096

Iteration: ,7500
Error:,0.05351904951823289
Absolute Error:,1
Transition Probabilities
0.8125298900047824,0.11134805596291263,0.07612205403230493
0.998587570621469,0.0007062146892655367,0.0007062146892655367
0.0009149130832570907,0.7613893250540293,0.23769576186271352

0.18851674641148322,0.39861148154402987,0.41287177204448683
0.8210291499225852,0.0737015335436427,0.10526931653377193
0.8077833283734561,0.09488054336590576,0.0973361282606382

Transition Gammas
1699.0,232.8287850184503,159.1712149815496
1414.0,1.0,1.0
1.0,832.198532284054,259.8014677159458

394.0,833.0979964270226,862.9020035729776
407.77756665281447,36.605073047456564,52.2837291993761
265.2224333471856,31.152473324102342,31.95872442906502

Iteration: ,10000
Error:,0.05463867931874289
Absolute Error:,1
Transition Probabilities
0.8120085775553967,0.10966520689888284,0.07832621554572043
0.9989423585404548,0.0005288207297726071,0.0005288207297726071
0.000687757909215956,0.7665180877449839,0.2327941543458001

0.19131371141421394,0.393628316371117,0.4150579722146691
0.8225918429797859,0.07301881249327956,0.10438934452693453
0.8104065565652271,0.09081572596918373,0.09877771746558921

Transition Gammas
2272.0,306.8432489030742,219.15675109692577
1889.0,1.0,1.0
1.0,1114.5172995812065,338.48270041879334

533.0,1096.648489409932,1156.351510590068
533.2024743050777,47.33065593162212,67.66497536763745
354.79752569492206,39.759296870226,43.245071830514476

Iteration: ,12500
Error:,0.04930898053555067
Absolute Error:,1
Transition Probabilities
0.8204104903078678,0.10391937718446229,0.07567013250766998
0.9991474850809889,0.00042625745950554135,0.00042625745950554135
0.0005537098560354376,0.768584517984735,0.23086177215922948

0.18518518518518517,0.39507826157851383,0.419736553236301
0.822383297749758,0.07439311459092496,0.10322358765931709
0.811060545413367,0.08845005219226167,0.10048940239437129

Transition Gammas
2878.0,364.54917516309365,265.45082483690624
2344.0,1.0,1.0
1.0,1388.063639480431,416.93636051956827

645.0,1376.0575850779637,1461.9424149220363
670.0163989905756,60.609945367679316,84.09885838346479
451.98360100942404,49.2909849029269,56.000211345928975

Iteration: ,15000
Error:,0.049691899982101446
Absolute Error:,1
Transition Probabilities
0.8180522565320665,0.10479082116361794,0.07715692230431552
0.9992902767920511,0.00035486160397445,0.00035486160397445
0.0004587155963302754,0.7608457469764714,0.23869553742719812

0.18404613166746756,0.3975663060885029,0.4183875622440295
0.8220291692380849,0.0754127863422081,0.10255804441970699
0.8111869463494182,0.08864044511845626,0.10017260853212548

Transition Gammas
3444.0,441.16935709883154,324.83064290116835
2816.0,1.0,1.0
1.0,1658.6437284087071,520.3562715912917

766.0,1654.670965940349,1741.329034059651
803.4728879358031,73.71043692503117,100.2429247216701
541.5271120641971,59.17403438640405,66.87260396689464

Iteration: ,16850
Error:,0.049680223825033606
Absolute Error:,1
Transition Probabilities
0.8160034231921267,0.10485423460628171,0.07914234220159161
0.9993702770780857,0.00031486146095717883,0.00031486146095717883
0.00040290088638195024,0.7557300817502665,0.2438670173633516

0.1819735155916275,0.3991674337633033,0.4188590506450692
0.8223127612826177,0.07404651563939722,0.10364072307798516
0.811518697945823,0.08610648180750721,0.1023748202466698


Model Num 2
Model States: 
"['diamond', 'x', 'square']","['diamond', 'x', 'diamond']","['square', 'y', 'diamond', 'x', 'diamond']","['square', 'y', 'diamond', 'x', 'square']"
Iteration: ,0
Error:,0.4044280062278514
Absolute Error:,0.5
Transition Probabilities
0.25,0.25,0.25,0.25
0.25,0.25,0.25,0.25
0.25,0.25,0.25,0.25
0.25,0.25,0.25,0.25

0.25,0.25,0.25,0.25
0.25,0.25,0.25,0.25
0.25,0.25,0.25,0.25
0.25,0.25,0.25,0.25

Transition Gammas
1.0,1.0,1.0,1.0
1.0,1.0,1.0,1.0
1.0,1.0,1.0,1.0
1.0,1.0,1.0,1.0

1.0,1.0,1.0,1.0
1.0,1.0,1.0,1.0
1.0,1.0,1.0,1.0
1.0,1.0,1.0,1.0

Iteration: ,2500
Error:,0.050174647493551536
Absolute Error:,0.15880207436483032
Transition Probabilities
0.001834862385321101,0.001834862385321101,0.23897430259053748,0.7573559726388203
0.7677122646979478,0.22686768110151026,0.002710027100271002,0.002710027100271002
0.10517643619862158,0.06841550466873769,0.7219258846324328,0.10448217450020784
0.08357244383773657,0.08642716898134095,0.7073382879486314,0.12266209923229106

0.08814311788390783,0.12102161451193462,0.21616856367658474,0.5746667039275728
0.07134812731441477,0.07434358629823828,0.3466461195221373,0.5076621668652096
0.004312648888612328,0.787447418280838,0.16928673832735977,0.03895319450319003
0.8183667307379922,0.004149263718064325,0.15242303418913533,0.025060971354808132

Transition Gammas
1.0,1.0,130.24099491184293,412.75900508815704
283.28582567354283,83.71417432645731,1.0,1.0
28.990425607898565,18.857784787272255,198.988855387051,28.79906200167913
14.822732249623428,15.329057355205762,125.45625771727538,21.75582489399454

14.927380461604185,20.495481975990586,36.60898855528242,97.32204548789906
8.607873553877639,8.969264008527599,41.82150362040498,61.247462336413506
1.7403521717253803,317.77124916041157,68.31498466528897,15.719405497691996
382.54880871050995,1.9395899573530397,71.250758320188,11.714851516831088

Iteration: ,5000
Error:,0.03768033717644312
Absolute Error:,0.16647290528081285
Transition Probabilities
0.0009000900090008994,0.0009000900090008994,0.21324584855182904,0.7849539714301692
0.7411063465264199,0.25632295938617644,0.001285347043701798,0.001285347043701798
0.10611997448061275,0.06836925527602879,0.6942632226106928,0.1312475476326657
0.07470914377369159,0.09619656407949231,0.7177212471619994,0.11137304498481679

0.09031897952209612,0.09794032084244729,0.22261962053085424,0.5891210791046024
0.05892598627802495,0.06268176368833107,0.3542980889309586,0.5240941611026855
0.0024300075953204397,0.8212202168205377,0.14787598844062974,0.028473787143512036
0.8329977342531926,0.0021343503835219014,0.1452563101882975,0.019611605174988028

Transition Gammas
1.0,1.0,236.91613774108225,872.0838622589187
576.5807375975553,199.41926240244547,1.0,1.0
54.036940663954454,34.81404333794361,353.52308318010057,66.83205474207479
26.730474278521065,34.418541719580915,256.79626839958223,39.8485936782422

30.664791139078364,33.252362887838224,75.58305245653749,200.0163746530319
12.638646996815302,13.444198976268114,75.99106541072132,112.40950747970926
1.8533047013800836,626.3236755443866,112.78123785539296,21.716229891951382
795.7840202959188,2.038999458314175,138.76706471311917,18.735467539536593

Iteration: ,7500
Error:,0.043059631993724874
Absolute Error:,0.16473784361169735
Transition Probabilities
0.0005970149253731335,0.0005970149253731335,0.21167243842934805,0.7871335317199057
0.7564055088226601,0.24184776628651022,0.0008733624454148466,0.0008733624454148466
0.1102979781742702,0.07247136956077427,0.6865621811982306,0.13066847106672486
0.07661955147572358,0.10293972313011977,0.718212050171044,0.10222867522311264

0.1056712366162144,0.08779337933456413,0.23797375790880712,0.5685616261404144
0.06724906677176576,0.06441004852794477,0.3712129100219063,0.4971279746783833
0.0016808832575428746,0.8195766740377578,0.14643468214716365,0.032307760557535745
0.8227336049035067,0.0014732768618108464,0.1573973464145303,0.018395771820152316

Transition Gammas
1.0,1.0,354.55133436915844,1318.4486656308438
866.0843076019463,276.9156923980544,1.0,1.0
84.89450172638969,55.77999624408514,528.4353824230261,100.57332805350104
40.249536951456825,54.07596507806837,377.28884985055305,53.70243967291891

53.20348787774929,44.20232167943054,119.81532865094654,286.2601267171451
21.756333016957598,20.837857425862556,120.09433109369606,160.83021353821212
1.9371608444376665,944.5342707983398,168.76099589321137,37.23359635041727
1179.4165759195932,2.1119924376278583,225.6344438353501,26.370963921021325

Iteration: ,10000
Error:,0.05005108884485126
Absolute Error:,0.16349218347415295
Transition Probabilities
0.0004472271914132375,0.0004472271914132375,0.2065930203208815,0.792512525296292
0.7599588924447781,0.23873732659042404,0.0006518904823989567,0.0006518904823989567
0.11666082737058484,0.07762951195284469,0.6815207920570323,0.12418886861953804
0.0809373905310134,0.11014292593706712,0.7141979738290797,0.09472170970283976

0.11484754014908843,0.08493656827606456,0.24141006643298163,0.5588058251418653
0.08210465722989252,0.06260241250281288,0.3831062246775141,0.4721867055897806
0.0012978172479910799,0.8217505375070466,0.1457059634864074,0.031245681758554775
0.8165075416966243,0.0011434817534218373,0.16707644837282457,0.015272528177129369

Transition Gammas
1.0,1.0,461.94199343749153,1772.0580065625106
1165.77694101029,366.22305898971064,1.0,1.0
120.99091841071657,80.51088063274459,706.8167473649382,128.79837739308158
56.97045942645052,77.52774153008835,502.7118668335613,66.67300840841787

77.08404663597626,57.00822483087297,162.031026482214,375.0625762621755
35.12553215599239,26.78219637715833,163.89825459464356,202.0081426609673
1.9882777342749662,1258.935569998663,223.22397348281834,47.86890714308254
1539.9195648086798,2.156587458380486,315.1033867163649,28.803732657734237

Iteration: ,12500
Error:,0.050542383284817416
Absolute Error:,0.16049030273415482
Transition Probabilities
0.00036166365280289336,0.00036166365280289336,0.2056788030368199,0.7935978696575743
0.7583071977275604,0.2406581411239657,0.0005173305742369371,0.0005173305742369371
0.11414313449511063,0.07569082579025012,0.6854612428125395,0.12470479690209979
0.07625669911616301,0.10554612724644045,0.731603875018795,0.08659329861860159

0.11489746539716662,0.07973802716208278,0.23720218800177986,0.5681623194389707
0.08277262307357658,0.0637075626133488,0.3887159472464324,0.46480386706664223
0.0010486665858954385,0.8185495373595404,0.1501000407616368,0.03030175529292725
0.8106262114432219,0.000942728623165185,0.17518040970174462,0.013250650231868354

Transition Gammas
1.0,1.0,568.7018903968069,2194.2981096031926
1465.8078132073751,465.19218679262593,1.0,1.0
151.6531371267362,100.56453446436939,910.7192325769354,165.6855994765592
67.43970864467911,93.34261976421524,647.0140033130292,76.58116463347419

95.62974722704601,66.36636722607238,197.42459245643056,472.8844000524036
43.513145233142474,33.490740313739124,204.34598830989665,244.3450191812694
2.028028174877507,1583.00221121341,290.2801670322447,58.600907389288636
1884.777832955841,2.191927655869014,407.3099886396862,30.808936938780345

Iteration: ,15000
Error:,0.048442294843841015
Absolute Error:,0.15886815591794728
Transition Probabilities
0.00030102347983142696,0.00030102347983142696,0.20623615907530995,0.7931617939650272
0.7598931214778895,0.23924592286132698,0.0004304778303917347,0.0004304778303917347
0.11220198948139679,0.07317454030382556,0.6901554810784173,0.12446798913636042
0.07454752120480002,0.10474796412415494,0.7375839685978598,0.08312054607318527

0.11188791303618602,0.07681714002189365,0.23680313787967303,0.5744918090622473
0.08042061818649525,0.06532829809761174,0.3901640675896574,0.46408701612623565
0.0008811889398118415,0.8156796270516087,0.15117620154468658,0.032262982463892864
0.8042844218566583,0.000793963455500437,0.18040532306039775,0.014516291627443428

Transition Gammas
1.0,1.0,685.1165204481794,2634.883479551819
1765.2317211931377,555.7682788068627,1.0,1.0
181.17030404039474,118.15346391035453,1114.3802255204469,200.97596788931952
78.44785039471282,110.22838165453788,776.174390334763,87.46941625546924

109.31339614365388,75.0495940979795,231.35434844270617,561.272875694764
49.459467150376405,40.17754260799021,239.95471956529212,285.4180562972377
2.0550343155668886,1902.2590370435016,352.560350947805,75.24099893944407
2245.4692743134237,2.216654327505654,503.67083937740017,40.52781073535047

Iteration: ,17500
Error:,0.047302474123223366
Absolute Error:,0.158931859955934
Transition Probabilities
0.0002559508574353729,0.0002559508574353729,0.2056194060244592,0.7938686922606701
0.7603097109583762,0.23894596451613065,0.00037216226274655736,0.00037216226274655736
0.11180974654591606,0.07180631827554497,0.6895457375326038,0.12683819764593518
0.0703545326745816,0.10060833393828023,0.7445137785349885,0.08452335485214968

0.11307099248074651,0.07568225937796998,0.23412896115724555,0.5771177869840379
0.08174495824676303,0.06670246312144602,0.3840043539042713,0.4675482247275197
0.0007711267378068842,0.8175999562358297,0.14793513776094375,0.033693779265419714
0.8085235552769994,0.0006838118309055139,0.1767913119329371,0.01400132095915813

Transition Gammas
1.0,1.0,803.3550193375605,3101.6449806624323
2042.9521933451574,642.0478066548433,1.0,1.0
211.29797708009414,135.6995276521914,1303.1030294394538,239.69873295495972
86.83161578792719,124.17087947978722,918.8794511021531,104.31878650343319

126.78045487279365,84.85846864193404,262.51627887200675,647.0913002861909
58.01877000449576,47.342306480776536,272.54843317238027,331.8439876694222
2.082641274845649,2208.1550693099753,399.53980168961033,90.99938046925179
2650.5206016700877,2.2416877450897035,579.5613639407135,45.899453900424334

Iteration: ,20000
Error:,0.0418112089232476
Absolute Error:,0.1582044048211712
Transition Probabilities
0.0002242152466367715,0.0002242152466367715,0.20630475873048806,0.7932468107762385
0.7563691557148269,0.24298401375477213,0.0003234152652005174,0.0003234152652005174
0.109627142055027,0.07119792824420476,0.690226952859356,0.12894797684141218
0.0688700267589526,0.09627407604454523,0.7478876572637184,0.08696823993278381

0.11087557845556978,0.07311100585126032,0.23776884321461964,0.5782445724785503
0.08404346309476975,0.06559896211981907,0.3923396774088865,0.4580178973765247
0.0006849249593339729,0.824062086827378,0.1439163154014013,0.03133667281188667
0.8124879867153738,0.0006079827173367248,0.17374089363363918,0.013163136933650286

Transition Gammas
1.0,1.0,920.119223937976,3537.8807760620207
2338.6934294702455,751.3065705297556,1.0,1.0
235.996355746632,153.26908361716286,1485.8641980390926,277.5886705155508
97.05726784455928,135.6772927916458,1053.9843831155295,122.56274832982896

142.21022255489518,93.7729710919734,304.96490373415,741.6627763190169
68.52812594406765,53.48868040906377,319.90950677524205,373.4628131715915
2.1126646876467423,2541.835930408518,443.9127431133908,96.65859182937348
3031.7827295112133,2.2686753926227645,648.3106819311511,49.11798312608454

Iteration: ,22500
Error:,0.0404068726498572
Absolute Error:,0.15763958706542713
Transition Probabilities
0.00019884668920262488,0.00019884668920262488,0.2053574446506452,0.7942448619709496
0.7558350073683638,0.24359126916634646,0.0002868617326448654,0.0002868617326448654
0.10619760258808716,0.07226188884766847,0.6890609634896825,0.1324795450745618
0.06776039582532231,0.0981418541349181,0.7489265156351882,0.08517123440457137

0.10924631411192534,0.07268315500648787,0.23366382957738355,0.5844067013042032
0.08770398813013237,0.06616558695936925,0.39197510412717984,0.4541553207833185
0.0006179125554390421,0.8251964654324433,0.14304726169748483,0.031138360314632903
0.8140212136167111,0.0005443105323965755,0.17306348381557463,0.01237099203531777

Transition Gammas
1.0,1.0,1032.742589148094,3994.2574108519034
2634.840835686114,849.1591643138831,1.0,1.0
255.57729911162463,173.90692379399593,1658.3080566801984,318.82795366880896
107.62924171559969,155.88653537877977,1189.579724214046,135.2842654369487

157.3156700834194,104.66439372872645,336.4780058992525,841.5508803594105
79.8098442415165,60.21009194633764,356.69383655079656,413.27727719054076
2.1374570538375455,2854.484813934793,494.82305523017925,107.71250286726554
3426.086811888545,2.2909171228233167,728.3968889282698,52.067552974285704

Iteration: ,24657
Error:,0.04050180895512907
Absolute Error:,0.15681022180068566
Transition Probabilities
0.00018191740949608878,0.00018191740949608878,0.202380872212016,0.7972552929689919
0.7551236993585738,0.24435053828601094,0.0002628811777076764,0.0002628811777076764
0.10371276462638247,0.07034306178634717,0.693607148211442,0.1323370253758285
0.06660203804242652,0.09586987786982723,0.7540584596718305,0.08346962441591568

0.1099637872259847,0.07058862590985816,0.23103058822941674,0.5884169986347404
0.0894978521546107,0.06459915490297595,0.39652352790594425,0.44937946503646914
0.0005686451106088709,0.825141039943795,0.14367687571271728,0.03061343923287898
0.8128460687651847,0.0004990784383713503,0.17438794255193016,0.012266910244513905

*,*,*,*,*,*,*,*,*,*,*
Model Num 2
Model States: 
"['diamond', 'x', 'square']","['diamond', 'x', 'diamond']","['square', 'y', 'diamond', 'x', 'diamond']","['square', 'y', 'diamond', 'x', 'square']"
Iteration: ,24657
Error:,0.03940345202675491
Absolute Error:,0.15681022180068566
Transition Probabilities
0.00018191740949608878,0.00018191740949608878,0.202380872212016,0.7972552929689919
0.7551236993585738,0.24435053828601094,0.0002628811777076764,0.0002628811777076764
0.10371276462638247,0.07034306178634717,0.693607148211442,0.1323370253758285
0.06660203804242652,0.09586987786982723,0.7540584596718305,0.08346962441591568

0.1099637872259847,0.07058862590985816,0.23103058822941674,0.5884169986347404
0.0894978521546107,0.06459915490297595,0.39652352790594425,0.44937946503646914
0.0005686451106088709,0.825141039943795,0.14367687571271728,0.03061343923287898
0.8128460687651847,0.0004990784383713503,0.17438794255193016,0.012266910244513905

Transition Gammas
1.0,1.0,1112.487654549452,4382.512345450548
2872.490552360012,929.5094476399847,1.0,1.0
275.2947784471996,186.71836277367944,1841.108246262002,351.27491020456927
115.59474380799675,166.39211497112413,1308.7466543665275,144.87018916690127

173.48663178029548,111.36559825766702,364.4901617272665,928.3281864931032
89.52733469294306,64.6204352690944,396.65415137711955,449.52750040251146
2.1563442760989533,3128.995792387954,544.833328856315,116.08842357026309
3758.540161513366,2.3077018225771564,806.356960993632,56.721286579789414

