0,1,2,3,4,5,6,7,8,9,10,11,12,13,14,15,16,17,18,19,20,21,22,23,24,25,26,27,28,29
github Code Version (SHA):,528ca1c557fe8e6666681dc5c9134b0f84d30530
Environment Observations,Environment Actions,alpha,epsilon,numActions,explore,patience,gainThresh,insertRandActions,useUpdatedPosterior,revisedSplitting,haveControl,confidence_factor
"['diamond', 'square']","['x', 'y']",0.95,0.99,75000,0.5,0,0.01,False,False,False,False,250

Model Num 0
Model States: 
['diamond'],['square']
Iteration: ,0
Error:,0.6231745012144914
Absolute Error:,1
Transition Probabilities
0.5,0.5
0.5,0.5

0.5,0.5
0.5,0.5

Transition Gammas
1.0,1.0
1.0,1.0

1.0,1.0
1.0,1.0

Iteration: ,2500
Error:,0.13431957258745444
Absolute Error:,1
Transition Probabilities
0.47925311203319504,0.520746887966805
0.055198973042362,0.944801026957638

0.0547945205479452,0.9452054794520548
0.94141689373297,0.05858310626702997

Transition Gammas
231.0,251.0
43.0,736.0

28.0,483.0
691.0,43.0

Iteration: ,2560
Error:,0.13911131816384137
Absolute Error:,1
Transition Probabilities
0.48,0.52
0.05520702634880803,0.944792973651192

0.055876685934489405,0.9441233140655106
0.9413333333333334,0.058666666666666666


Model Num 1
Model States: 
['square'],"['diamond', 'x', 'square']","['diamond', 'x', 'diamond']"
Iteration: ,0
Error:,0.6766629355839481
Absolute Error:,1
Transition Probabilities
0.3333333333333333,0.3333333333333333,0.3333333333333333
0.3333333333333333,0.3333333333333333,0.3333333333333333
0.3333333333333333,0.3333333333333333,0.3333333333333333

0.3333333333333333,0.3333333333333333,0.3333333333333333
0.3333333333333333,0.3333333333333333,0.3333333333333333
0.3333333333333333,0.3333333333333333,0.3333333333333333

Transition Gammas
1.0,1.0,1.0
1.0,1.0,1.0
1.0,1.0,1.0

1.0,1.0,1.0
1.0,1.0,1.0
1.0,1.0,1.0

Iteration: ,2500
Error:,0.11119551009688673
Absolute Error:,1
Transition Probabilities
0.9598445595854922,0.023710477838065087,0.016444962576442686
0.9957081545064378,0.002145922746781116,0.002145922746781116
0.0034013605442176882,0.9271655863386669,0.0694330531171155

0.07829670329670332,0.4095783929276741,0.5121249037756226
0.9282042525922454,0.031724715043338486,0.040071032364416136
0.9308626243075903,0.030949411685286622,0.038187964007123015

Transition Gammas
741.0,18.304488890986246,12.695511109013754
464.0,1.0,1.0
1.0,272.58668238356796,20.41331761643195

57.0,298.17307005134666,372.8269299486531
129.17944519713222,4.415171635866106,5.576739941511072
107.82055480286779,3.5848283641338945,4.423260058488929

Iteration: ,5000
Error:,0.10050089433277591
Absolute Error:,1
Transition Probabilities
0.955700325732899,0.027978691414618197,0.016320982852482784
0.9977997799779978,0.0011001100110011,0.0011001100110011
0.0016366612111292957,0.9331594506985394,0.06520388809033137

0.06153846153846154,0.403305619097877,0.5351559193636616
0.9418883073644254,0.018377461102485487,0.039734231533089
0.9541916810078257,0.01901409123823045,0.026794227753943817

Transition Gammas
1467.0,42.94729132143893,25.05270867856107
907.0,1.0,1.0
1.0,570.1604243768078,39.83957562319248

88.0,576.7270353099641,765.272964690036
284.90746418543876,5.5589137267523885,12.019025036128244
217.09253581456113,4.325983306369889,6.096077930749482

Iteration: ,7500
Error:,0.09959083741074862
Absolute Error:,1
Transition Probabilities
0.9533423059668013,0.029813132517602293,0.016844561515596455
0.9985825655563431,0.0007087172218284905,0.0007087172218284905
0.0010752688172043006,0.9351916028940576,0.06373312828873812

0.05855232826187182,0.4122984702009751,0.5291492015371532
0.9448741762963425,0.017487994706646293,0.037637828997011215
0.9534184121646935,0.02196498183878404,0.02461660599652242

Transition Gammas
2125.0,66.45347238173551,37.5465276182645
1409.0,1.0,1.0
1.0,869.728190691474,59.27180930852647

127.0,894.2753818659152,1147.7246181340854
426.05392749563214,7.885524883318075,16.971301860996462
309.9460725043682,7.140579379103581,8.002593876581889

Iteration: ,10000
Error:,0.1019567518865985
Absolute Error:,1
Transition Probabilities
0.9521694567816877,0.031556717932295315,0.016273825286016945
0.9989451476793249,0.0005274261603375527,0.0005274261603375527
0.0007861635220125783,0.9389414989964285,0.06027233748155893

0.058701657458563546,0.40536916954064245,0.535929173000794
0.9462864099105305,0.01958599074345719,0.03412759934601252
0.9534690919424136,0.024298470941960644,0.022232437115625812

Transition Gammas
2787.0,92.36651338782839,47.6334866121716
1894.0,1.0,1.0
1.0,1194.3335867234575,76.66641327654298

170.0,1173.9491149897003,1552.0508850102992
573.4027733538251,11.868141921474425,20.679637695274483
398.5972266461753,10.15796234094723,9.294258042303865

Iteration: ,12500
Error:,0.1019450693587336
Absolute Error:,1
Transition Probabilities
0.9532403609515997,0.029696051897581413,0.01706358715081892
0.9991452991452991,0.00042735042735042735,0.00042735042735042735
0.0006257822277847306,0.9380341001393803,0.061340117632834965

0.05729310822031553,0.4007647894265511,0.5419421023531334
0.9448375748977698,0.022464133348429022,0.03269829175380121
0.9525125302129466,0.02613980635060492,0.02134766343644845

Transition Gammas
3486.0,108.59846178945523,62.40153821054479
2338.0,1.0,1.0
1.0,1498.9784920227303,98.02150797727032

207.0,1447.9631841981288,1958.0368158018707
730.4993596901369,17.368101632491484,25.28062158376535
508.50064030986357,13.954785732726073,11.396491051017097

Iteration: ,15000
Error:,0.09978671250428739
Absolute Error:,1
Transition Probabilities
0.9524779361846571,0.030220721704262685,0.01730134211108016
0.9992922859164898,0.00035385704175513094,0.00035385704175513094
0.0005271481286241431,0.9413322464312143,0.058140605440161613

0.05731453663045991,0.40406545973730756,0.5386200036322325
0.9441012796612214,0.022992780706826255,0.03290593963195231
0.9510811990775676,0.02758190428320759,0.021336896639224782

Transition Gammas
4209.0,133.5453692111368,76.45463078886323
2824.0,1.0,1.0
1.0,1785.7072714800142,110.29272851998664

248.0,1748.3912442833293,2330.6087557166697
861.8112660835011,20.988677675387482,30.03778313493679
602.1887339164994,17.463821212552666,13.509717977123072

Iteration: ,17500
Error:,0.10153656992440294
Absolute Error:,1
Transition Probabilities
0.9530580444098169,0.029551968755827544,0.017389986834355557
0.9993932038834952,0.00030339805825242716,0.00030339805825242716
0.00045578851412944355,0.9436667376135506,0.05587747387231998

0.056838365896980464,0.4070357451178285,0.5361258889851911
0.9430568900523973,0.024777062401208135,0.03216604754639442
0.9495580985646693,0.029094328684875072,0.021347572750455766

Transition Gammas
4893.0,151.71980759241862,89.28019240758142
3294.0,1.0,1.0
1.0,2070.4048223241316,122.59517767587013

288.0,2062.450120512037,2716.549879487963
1014.5364920008421,26.65505574028626,34.60409375455401
710.4635079991583,21.76850352978073,15.972346975379015

Iteration: ,17598
Error:,0.10014670069034207
Absolute Error:,1
Transition Probabilities
0.9532945736434109,0.029403063486902834,0.01730236286968632
0.9993972272453285,0.0003013863773357444,0.0003013863773357444
0.00045310376076121406,0.943992245242061,0.05555465099717772

0.05689621345889739,0.40720968833496135,0.5358940982061413
0.9433237222396899,0.02466095849045795,0.03201531926985221
0.9496882244843954,0.029019273499182076,0.02129250201642253


Model Num 2
Model States: 
"['diamond', 'x', 'square']","['diamond', 'x', 'diamond']","['square', 'y', 'diamond', 'x', 'diamond']","['square', 'y', 'diamond', 'x', 'square']"
Iteration: ,0
Error:,0.6228209832152651
Absolute Error:,0.7
Transition Probabilities
0.25,0.25,0.25,0.25
0.25,0.25,0.25,0.25
0.25,0.25,0.25,0.25
0.25,0.25,0.25,0.25

0.25,0.25,0.25,0.25
0.25,0.25,0.25,0.25
0.25,0.25,0.25,0.25
0.25,0.25,0.25,0.25

Transition Gammas
1.0,1.0,1.0,1.0
1.0,1.0,1.0,1.0
1.0,1.0,1.0,1.0
1.0,1.0,1.0,1.0

1.0,1.0,1.0,1.0
1.0,1.0,1.0,1.0
1.0,1.0,1.0,1.0
1.0,1.0,1.0,1.0

Iteration: ,2500
Error:,0.044157771637207056
Absolute Error:,0.08329301641712554
Transition Probabilities
0.0015337423312883423,0.0015337423312883423,0.06147716240774464,0.9354553529296786
0.9463226642146608,0.04680448355166208,0.003436426116838488,0.003436426116838488
0.03899877840358227,0.01400941489360297,0.9047491911284541,0.04224261557436066
0.03738816708150068,0.006767032021800127,0.940896698000616,0.01494810289608315

0.04834692145836773,0.01799712602015199,0.05537294428473772,0.8782830082367427
0.06194481391654719,0.029142418158308894,0.539687924070032,0.36922484385511195
0.004322452541408271,0.9574849246813083,0.01536532860150296,0.02282729417578038
0.9437384520866158,0.0028835879165116825,0.009619655562366108,0.04375830443450668

Transition Gammas
1.0,1.0,40.08310988984954,609.916890110151
275.3798952864663,13.620104713533665,1.0,1.0
7.312651473807516,2.62690198674214,169.64930125411104,7.920902594450445
9.365371046012612,1.695075493437731,235.6854422292304,3.744353922208249

8.433970591285934,3.139542849948265,9.659638495339257,153.2137484425656
4.3703986272498465,2.056087931515954,38.0766558710886,26.049957191006538
1.4650525539687562,324.5300488212895,5.2079262165518,7.737085673479077
531.3812659390813,1.623632685660649,5.416442171372793,24.63854593859633

Iteration: ,5000
Error:,0.043252126877917074
Absolute Error:,0.07610201474948125
Transition Probabilities
0.0007722007722007721,0.0007722007722007721,0.05961630603039501,0.9388392924252035
0.9319834398364008,0.06452005666709565,0.0017482517482517483,0.0017482517482517483
0.043439849519069665,0.008047764559810607,0.9100258071301642,0.03848657879095546
0.032653669765957995,0.00950455095770942,0.9367365784551203,0.021105200821212342

0.037831549835763,0.01684870303740843,0.05225311773090073,0.8930666293959278
0.06153877963760922,0.018735500689052283,0.6049895042136915,0.314736215459647
0.0023055766669823194,0.9541007754658877,0.01787027657245332,0.025723371294676643
0.9401021824909009,0.001436404798563898,0.009105246032769437,0.04935616667776574

Transition Gammas
1.0,1.0,77.20311630936155,1215.7968836906387
533.0945275864212,36.905472413578714,1.0,1.0
16.451126441136644,3.0477728124684837,344.6363139730413,14.575270885752737
15.87913726244132,4.621963483953552,455.52517725114865,10.263237890057958

13.441574141823653,5.9863550939381485,18.56556654883279,317.30715143121245
8.10461744940221,2.467453314835988,79.67672614617298,41.45055587378183
1.5129920296576116,626.1109810151911,11.727038362722274,16.880486475302977
1083.7201847470772,1.6558422080743571,10.496240830603531,56.89623433137123

Iteration: ,7500
Error:,0.0419140702974223
Absolute Error:,0.07012961864599636
Transition Probabilities
0.0005042864346949063,0.0005042864346949063,0.06066795081668209,0.938323476313928
0.9341847346262322,0.06343431299281538,0.0011904761904761904,0.0011904761904761904
0.041769883856881886,0.012950564372135003,0.9059909365007022,0.039288615270281026
0.04586993525977343,0.0087153653369758,0.9176525515325034,0.027762147870747416

0.039382235361922695,0.013697777561071118,0.05405865368192096,0.8928613333950852
0.058288427035248766,0.013288745433096393,0.6774147504800684,0.25100807705158656
0.001587421449039843,0.9519051485870776,0.019129237238784038,0.0273781927250985
0.9436869736015815,0.0009491431045250076,0.00760308520807607,0.04776079808581737

Transition Gammas
1.0,1.0,120.30454646948067,1860.6954535305206
784.7151770860352,53.28482291396493,1.0,1.0
23.56027628089841,7.304757553229102,511.0236084228332,22.16071832120351
32.88647941473278,6.248486751139705,657.9115835883075,19.90408966765592

20.14531103510843,7.006864565242763,27.65278259482576,456.7279918766777
11.276890023461533,2.570934376187274,131.05743335318954,48.56179217530707
1.5296967090861269,917.2902218478501,18.433624712073097,26.382616499002438
1656.5139899581761,1.6660914848887298,13.346180848459444,83.83757794046502

Iteration: ,10000
Error:,0.04248234021960412
Absolute Error:,0.06707174850190768
Transition Probabilities
0.0003748125937031482,0.0003748125937031482,0.05747667900906364,0.9417736958035301
0.9361726752806874,0.06202063998579878,0.0009033423667570005,0.0009033423667570005
0.04004811278858915,0.015716616767713177,0.9018997688292555,0.0423355016144422
0.04823636453708648,0.007982688784468455,0.9128194076408107,0.03096153903763434

0.0374643296884562,0.023722865274807315,0.05737017892520764,0.8814426261115288
0.05557375808859366,0.01900073602072756,0.7079296476218889,0.21749585826878998
0.0012318049383256416,0.9552755967499145,0.016964038634502028,0.026528559677257823
0.9465817576164766,0.0007037513685407615,0.006615261300592231,0.046099229714390455

Transition Gammas
1.0,1.0,153.3477795961819,2512.65222040382
1036.3431515357213,68.65684846427928,1.0,1.0
29.58023605623704,11.60856783560679,666.1589324288069,31.269741421403985
45.31239778340199,7.498798324754186,857.486597515628,29.084728634160772

25.67509669646927,16.25778079877584,39.31699575696178,604.0712551378328
14.20903575921654,4.858086745538352,181.00265348320147,55.609095622004105
1.544711028931196,1197.9370304962397,21.27328504588502,33.267409019175666
2252.8433460067827,1.6749124680496852,15.744173478117716,109.71513245682158

Iteration: ,12500
Error:,0.041276232553092006
Absolute Error:,0.06460916457859328
Transition Probabilities
0.00030138637733574414,0.00030138637733574414,0.06220680111922367,0.9371904261261048
0.935719502820554,0.06285192575087449,0.0007142857142857139,0.0007142857142857139
0.043369291291704595,0.01595245771476745,0.9017635867809396,0.03891466421258834
0.04489747065432903,0.0072330393952544205,0.91777093158253,0.030098558367886642

0.04027947843511111,0.026071380719748787,0.05459507587355824,0.8790540649715819
0.04945024610375403,0.02217453479036821,0.7324774884679157,0.195897730637962
0.0009839874196342138,0.9579165065880864,0.01516142790236651,0.025938078089912837
0.9479589153148835,0.0005700505705861173,0.005926126787558966,0.045544907326971376

Transition Gammas
1.0,1.0,206.40216611358434,3109.597833886419
1310.0073039487766,87.99269605122434,1.0,1.0
39.6138811630044,14.571111156052572,823.6785637928442,35.54498673374805
52.37700571317836,8.438001967764672,1070.6637284087687,35.11272106463813

35.06835951416177,22.698420824480422,47.531890253275535,765.3272877519998
16.040376189562657,7.192843471795157,237.59668335643465,63.544138638290384
1.5579377213889314,1516.6598980599385,24.00494149406516,41.06750703340181
2798.099540411043,1.6826238076343607,17.492206015255743,134.4353454572772

Iteration: ,15000
Error:,0.036953358583645915
Absolute Error:,0.06165111728676721
Transition Probabilities
0.0002501250625312654,0.0002501250625312654,0.061180844987738466,0.938318904887199
0.9375941030337063,0.06119743775179221,0.0006042296072507549,0.0006042296072507549
0.04108396327407795,0.013987143997684694,0.9029397341132863,0.04198915861495108
0.045662960859283966,0.007400582601853969,0.9152299187731691,0.031706537765692905

0.0405479821434915,0.024987924372429436,0.0515616696616065,0.8829024238224724
0.04389361252384812,0.01980153922933013,0.7547778547668916,0.18152699347993007
0.0008327072923689022,0.9589215778109774,0.01422468702402834,0.026021027872625238
0.9480365895951466,0.0004723156078105643,0.005032053517346756,0.04645904127969608

Transition Gammas
1.0,1.0,244.60101826097863,3751.3989817390257
1551.718240520785,101.28175947921618,1.0,1.0
44.820678728945886,15.259318660993992,985.0649379736528,45.808204428196326
63.61064425283594,10.30935835722418,1274.9581647155787,44.16869288257155

42.20400151007455,26.0084557158886,53.66749883038756,918.9610249010422
17.081595192017048,7.705947582019824,293.7286095561672,70.64286671240339
1.5693072584395427,1807.1687447963373,26.807624720487087,49.038825871694065
3390.572751085811,1.6891968594154252,17.99671418294884,166.15683522486992

Iteration: ,17500
Error:,0.037072579841400256
Absolute Error:,0.05980083332310381
Transition Probabilities
0.00021344717182497316,0.00021344717182497316,0.0609815977660476,0.9385915078903025
0.9362356549417492,0.06271502711491403,0.0005246589716684152,0.0005246589716684152
0.038177825642090116,0.013250791924093144,0.9077879058166768,0.04078347661713998
0.04580821114468592,0.007085705894520971,0.9149271506069689,0.032178932353824116

0.044220808941255046,0.023539807504620865,0.048471860624648574,0.8837675229294755
0.04615088474872356,0.0184983196714889,0.7677697155562654,0.1675810800235223
0.0007249651594941822,0.9614305110182606,0.012573741951343033,0.025270781870902155
0.9491471137152817,0.0004025231988435389,0.004519488209834331,0.04593087487604026

Transition Gammas
1.0,1.0,285.69878553393323,4397.301214466071
1784.465158318975,119.53484168102622,1.0,1.0
48.420845016673766,16.805947727870134,1151.3452313297773,51.72558592081099
73.41692948343572,11.356277772020336,1466.3559309581324,51.573251791278864

53.68374371567603,28.577156851046702,58.8444898566288,1072.8874107258084
21.229739217748286,8.509360215529002,353.17959621554394,77.08850320201897
1.5803085239634542,2095.7653093574486,27.408753818856766,55.08627756080226
3997.958890262692,1.6954918558981587,19.03680452360803,193.46816409673283

Iteration: ,20000
Error:,0.03533700346719253
Absolute Error:,0.05932186996027573
Transition Probabilities
0.00018632383081796159,0.00018632383081796159,0.06052186008098608,0.9391054922573779
0.9305743139297331,0.06851119132861165,0.00045724737082761756,0.00045724737082761756
0.037314077075944946,0.012806488733397675,0.9089973460672224,0.04088208812343494
0.04350148213852658,0.006732833171898044,0.9122569804036096,0.037508704285965755

0.04486230299770014,0.02342806560600999,0.049199289296738884,0.8825103420995509
0.04311797165941636,0.01639740495991178,0.7831965647868798,0.15728805859379205
0.0006352358380979424,0.9607613390750851,0.012209154454496045,0.026394270632320818
0.9473304643475927,0.00035261380016560147,0.004365996397902473,0.04795092545433932

Transition Gammas
1.0,1.0,324.82082305465235,5040.179176945348
2035.1660245643272,149.83397543567375,1.0,1.0
52.83241443920795,18.132505834107626,1287.0350354323336,57.884305123814684
79.6997501032405,12.335329623443892,1671.3603719656405,68.7202874782112

61.24949636225415,31.985812658425566,67.17068651068985,1204.8715820685609
23.013028283041262,8.751662696279036,418.0095677734668,83.94816364728284
1.590051074728717,2404.869983923359,30.560585529979438,66.06717673748683
4569.838986988443,1.7009780134714108,21.06118330093638,231.31105443159728

Iteration: ,22500
Error:,0.03652639051127754
Absolute Error:,0.058388416325450096
Transition Probabilities
0.00016528925619834696,0.00016528925619834696,0.0601552883463739,0.9395141331412294
0.9293626199919889,0.06982171932285615,0.0004078303425774875,0.0004078303425774875
0.03824797702038977,0.012323067036690153,0.9089103228400323,0.04051863310288783
0.04478040472844312,0.006912097378851638,0.9116629096601698,0.036644588232535504

0.04478472927289691,0.022898114125154814,0.04768715800276164,0.8846299985991866
0.042269657757645164,0.015044763239617323,0.7912996425091537,0.1513859364935838
0.0005678929071083422,0.9604989136845434,0.011869234575908973,0.027063958832439092
0.9485836102505849,0.00031406990877923404,0.004085401492879354,0.04701691834775633

Transition Gammas
1.0,1.0,363.9394944955624,5684.060505504443
2278.797144220358,171.2028557796434,1.0,1.0
60.74264114503828,19.570594241281842,1443.4649326384256,64.34873114842462
92.4210727631723,14.26569185050753,1881.556556269144,75.62977994400538

68.51753701450721,35.03253023083909,72.95805214453452,1353.422687984075
25.406989060966946,9.04294369368676,475.62583724825373,90.9934226231359
1.5977006714686415,2702.252026975797,33.392711573576214,76.14130174536287
5150.444993269554,1.7052790831809905,22.18216237041869,255.28382431064222

Iteration: ,25000
Error:,0.03523709051367033
Absolute Error:,0.056601183152462126
Transition Probabilities
0.00014872099940511598,0.00014872099940511598,0.058747857662103796,0.9409547003390859
0.9303448912513693,0.06891655631140768,0.00036927621861152106,0.00036927621861152106
0.0391524892307414,0.013268396689488867,0.9061759573748686,0.04140315670490114
0.044176507258096936,0.007372929674349835,0.9119037646998551,0.03654679836769816

0.04311542786948937,0.022161055131414118,0.047600039120720396,0.8871234778783761
0.04147329309900839,0.015610756438248117,0.8011629667450303,0.14175298371771322
0.0005164819474046609,0.9612608201156252,0.011438815523165903,0.026783882413804146
0.9493717657865504,0.0002819601883036021,0.003961009141506195,0.046385264883639796

Transition Gammas
1.0,1.0,395.02059491998597,6326.979405080015
2519.3739655087106,186.6260344912922,1.0,1.0
68.92306472638249,23.357354329515342,1595.2095356072716,72.88508356725042
100.88257469838517,16.83700624571694,2082.446199800242,83.45918102523524

73.81544351870033,37.940667510464316,81.49328843121314,1518.7930680790857
27.785345107624238,10.458543863211133,536.7451642992629,94.96847919043768
1.605023890443467,2987.2226686444983,35.5473647923501,83.23383105451082
5755.462954525657,1.7093529394019507,24.01318661250559,281.2056175406336

Iteration: ,27500
Error:,0.03534226876312734
Absolute Error:,0.055949578353435676
Transition Probabilities
0.000135611608353675,0.000135611608353675,0.058189908843276926,0.9415388679400157
0.9325259754540859,0.06679926071325558,0.00033738191632928446,0.00033738191632928446
0.04039583576674458,0.012880687169260939,0.9057413519019853,0.04098212516200916
0.04275456698905918,0.0077489764206225085,0.9117111662100895,0.037785290380228785

0.043535282617991,0.022699956090602928,0.04589721539691464,0.8878675458944915
0.04032612102223752,0.017648159108302232,0.8040619794443227,0.13796374042513773
0.00047247349338501476,0.9606992139500258,0.010897980389948714,0.027930332166640422
0.948646909309966,0.0002570035558883777,0.0037731356057531433,0.04732295152839255

Transition Gammas
1.0,1.0,429.09238781032434,6942.907612189681
2764.0069912459126,197.9930087540897,1.0,1.0
79.26418214001534,25.274316386674823,1777.2338689426335,80.41459154561224
107.90453372865696,19.556967744652827,2300.9885308927223,95.36300861902878

82.44178741197081,42.98639727927688,86.91452649465954,1681.3348407751694
29.612375908963408,12.959439399788945,590.4407611205787,101.30987160959393
1.611560672673732,3276.8506448440976,37.17194055095731,95.26761929434288
6322.824840536577,1.7129539466472952,25.148319464954767,315.41212068974517

Iteration: ,30000
Error:,0.03548938564924225
Absolute Error:,0.05512128300989246
Transition Probabilities
0.00012440905697934796,0.00012440905697934796,0.05698892803817382,0.9427622538478675
0.9311743626503841,0.06820644230317627,0.00030959752321981393,0.00030959752321981393
0.03894732726198648,0.012896729568622301,0.9080439772030766,0.04011196596631454
0.043080097728695754,0.008125231614778771,0.9093687509816833,0.039425919674842144

0.04180935292218202,0.02332018904208743,0.045752428752073554,0.8891180292836569
0.03752085866277189,0.017874036230101455,0.8113345749518083,0.1332705301553185
0.0004358439807198068,0.9593844291856573,0.010685021501517098,0.029494705332105745
0.9469179768865886,0.00023557737882551466,0.003730059577599578,0.04911638615698625

Transition Gammas
1.0,1.0,458.0770035708416,7577.922996429166
3007.6931913607436,220.30680863925954,1.0,1.0
83.96526335439333,27.803635596239673,1957.6221795749043,86.47606967657887
118.8206328041789,22.410468245188046,2508.1598264809845,108.74192426752643

85.95713221030046,47.94469257610535,94.06382286050193,1827.9650521247156
29.869203699640696,14.228971513953542,645.8785473329746,106.09257768180936
1.6169913975763215,3559.338748695901,39.641680544347146,109.42604901253388
6897.328319808075,1.715940098446335,27.16966642004122,357.7626040230778

Iteration: ,32500
Error:,0.035052628565375145
Absolute Error:,0.05478643696078794
Transition Probabilities
0.0001149954001839926,0.0001149954001839926,0.05831478876165958,0.9414552204379724
0.927832384072213,0.07160088314229537,0.0002833663927458201,0.0002833663927458201
0.03884602500222531,0.012547823432821388,0.9087281787665905,0.03987797279836281
0.042957052216534175,0.008203443268673049,0.9106310364853332,0.038208468029459715

0.04158960767711305,0.023855706091292866,0.04535396669244903,0.889200719539145
0.03851761041257951,0.018488428596201114,0.8165271401344395,0.12646682085677982
0.0004015976483192745,0.9587447808796352,0.011346473663817247,0.029507147808228346
0.9463952385617626,0.00021846183998039235,0.004090729543435919,0.049295570054821096

Transition Gammas
1.0,1.0,507.10540307139195,8186.8945969286115
3274.3204833908426,252.6795166091606,1.0,1.0
90.29459260308896,29.166448944446593,2112.268647409248,92.69327575881863
128.07976039233054,24.459198060133847,2715.1165860018878,113.92149083003476

92.62039404033494,53.12685119417166,101.0036521373228,1980.2572234887184
33.278902600326,15.97385216516743,705.4728181731192,109.26630620084197
1.62198227858121,3872.2015698475857,45.826411793300096,119.17418101605386
7445.457770161083,1.718677712746702,32.18248869371799,387.81691849692794

Iteration: ,35000
Error:,0.034925537619323044
Absolute Error:,0.0540326972779426
Transition Probabilities
0.0001065643648763854,0.0001065643648763854,0.0580953155736249,0.9416915556966223
0.9275925437032786,0.07188100196663448,0.0002632271650434323,0.0002632271650434323
0.04021088241570552,0.012348974932330418,0.9071902462159573,0.040249896436006696
0.04478096209413492,0.00793875267893899,0.9102621027240814,0.03701818250284469

0.040897274521196486,0.022716071774684772,0.04514545906698034,0.8912411946371384
0.03905998755480726,0.017604995618663015,0.8221169576011228,0.12121805922540692
0.000374065434301004,0.9589029376511876,0.01103497221064632,0.02968802470386509
0.9476508355270309,0.00020309039178037353,0.0040202136300572875,0.04812586045113147

Transition Gammas
1.0,1.0,545.1664413428957,8836.8335586571
3523.924073528758,273.0759264712446,1.0,1.0
99.8458322460443,30.66318383061616,2252.6032680035837,99.94270620384418
143.9683306148158,25.522653308523616,2926.4426046862845,119.01142110627288

97.97408315910569,54.418939431958705,108.15109350604551,2135.069877894766
36.262745840734574,16.344231568201092,763.2418787388573,112.53714986033185
1.6264878686341901,4169.441633124341,47.98157430629906,129.08760766623743
8031.210715821598,1.721163185425607,34.070758527482106,407.8600594999814

Iteration: ,37500
Error:,0.0359694941770278
Absolute Error:,0.05312736941597461
Transition Probabilities
9.948269001193788e-05,9.948269001193788e-05,0.057916120282412845,0.9418849143375633
0.9280029025039356,0.0715047292045824,0.0002461841457410142,0.0002461841457410142
0.03950954592518781,0.012997619188101326,0.9074911006896954,0.040001734197015415
0.044130717811884684,0.007972497380694244,0.9108542685150525,0.03704251629236861

0.0400117893950903,0.021760367549072613,0.044805180652135325,0.8934226624037018
0.03947239312611809,0.016656961507635605,0.8262381842176244,0.11763246114862184
0.000349888541561059,0.957781017236865,0.011115663936758027,0.03075343028481588
0.9465993076016681,0.0001898941205078023,0.0038471793895313747,0.04936361888829285

Transition Gammas
1.0,1.0,582.1728410788141,9467.827158921189
3769.547789970988,290.4522100290138,1.0,1.0
106.24482513293086,34.95180077237721,2440.3275472979085,107.56836494206509
152.29102339403696,27.512350700654814,3143.273791880799,127.83029587920913

101.81073181371569,55.369654249413855,114.00760376388905,2273.330347216126
39.2545711569487,16.5650427799218,821.6787234391965,116.98332558078923
1.630418084956596,4463.088402277953,51.79700777833973,143.30549004865196
8590.557856562862,1.723323074233486,34.913840380974335,447.9836617920338

Iteration: ,37763
Error:,0.03485908865036957
Absolute Error:,0.052993390571648605
Transition Probabilities
9.878494517435542e-05,9.878494517435542e-05,0.058210353811376084,0.9415920762982751
0.9282543530343055,0.07125676894076174,0.0002444390124663895,0.0002444390124663895
0.039090651636101405,0.012853533042683735,0.9080661512604671,0.039989664060747734
0.04412598887862496,0.007922322817728415,0.9105990521529106,0.037352636150736064

0.03979080087957619,0.021640183188552587,0.045064992497641884,0.8935040234342293
0.03924083601937232,0.016559246687012488,0.8271111733748246,0.11708874391879048
0.00034754050768854585,0.9580613615463388,0.011039971535034153,0.030551126410938538
0.9468385629794098,0.0001886806213949556,0.003823073098898471,0.049149683300296836

*,*,*,*,*,*,*,*,*,*,*
Model Num 2
Model States: 
"['diamond', 'x', 'square']","['diamond', 'x', 'diamond']","['square', 'y', 'diamond', 'x', 'diamond']","['square', 'y', 'diamond', 'x', 'square']"
Iteration: ,37763
Error:,0.034272103613483956
Absolute Error:,0.052993390571648605
Transition Probabilities
9.878494517435542e-05,9.878494517435542e-05,0.058210353811376084,0.9415920762982751
0.9282543530343055,0.07125676894076174,0.0002444390124663895,0.0002444390124663895
0.039090651636101405,0.012853533042683735,0.9080661512604671,0.039989664060747734
0.04412598887862496,0.007922322817728415,0.9105990521529106,0.037352636150736064

0.03979080087957619,0.021640183188552587,0.045064992497641884,0.8935040234342293
0.03924083601937232,0.016559246687012488,0.8271111733748246,0.11708874391879048
0.00034754050768854585,0.9580613615463388,0.011039971535034153,0.030551126410938538
0.9468385629794098,0.0001886806213949556,0.003823073098898471,0.049149683300296836

Transition Gammas
1.0,1.0,589.2634116325602,9531.736588367441
3797.4885582633456,291.5114417366564,1.0,1.0
106.2967406323441,34.95180077237721,2469.2469456917806,108.74136835094755
153.23910789462371,27.512350700654814,3162.294827781098,129.7168581761568

101.81073181371569,55.369654249413855,115.30554208371076,2286.1640503202448
39.2545711569487,16.5650427799218,827.4006800956207,117.12972750042407
1.6306169621172963,4495.105095163959,51.798177329163515,143.34209634668136
8648.54085567903,1.7234321948974805,34.9204238006832,448.9393025234717

