0,1,2,3,4,5,6,7,8,9,10,11,12,13,14,15,16,17,18,19,20,21,22,23,24,25,26,27,28,29
github Code Version (SHA):,528ca1c557fe8e6666681dc5c9134b0f84d30530
Environment Observations,Environment Actions,alpha,epsilon,numActions,explore,patience,gainThresh,insertRandActions,useUpdatedPosterior,revisedSplitting,haveControl,confidence_factor
"['diamond', 'square']","['x', 'y']",0.85,0.99,75000,0.5,0,0.01,False,False,False,False,250

Model Num 0
Model States: 
['diamond'],['square']
Iteration: ,0
Error:,0.5068389818568878
Absolute Error:,1
Transition Probabilities
0.5,0.5
0.5,0.5

0.5,0.5
0.5,0.5

Transition Gammas
1.0,1.0
1.0,1.0

1.0,1.0
1.0,1.0

Iteration: ,2500
Error:,0.09183250384128439
Absolute Error:,1
Transition Probabilities
0.45790554414784396,0.5420944558521561
0.1221476510067114,0.8778523489932886

0.12867647058823528,0.8713235294117647
0.8863013698630137,0.1136986301369863

Transition Gammas
223.0,264.0
91.0,654.0

70.0,474.0
647.0,83.0

Iteration: ,2569
Error:,0.09242738116592103
Absolute Error:,1
Transition Probabilities
0.46,0.54
0.11932555123216602,0.880674448767834

0.12567324955116696,0.874326750448833
0.8888888888888888,0.1111111111111111


Model Num 1
Model States: 
['square'],"['diamond', 'x', 'square']","['diamond', 'x', 'diamond']"
Iteration: ,0
Error:,0.567661356010147
Absolute Error:,1
Transition Probabilities
0.3333333333333333,0.3333333333333333,0.3333333333333333
0.3333333333333333,0.3333333333333333,0.3333333333333333
0.3333333333333333,0.3333333333333333,0.3333333333333333

0.3333333333333333,0.3333333333333333,0.3333333333333333
0.3333333333333333,0.3333333333333333,0.3333333333333333
0.3333333333333333,0.3333333333333333,0.3333333333333333

Transition Gammas
1.0,1.0,1.0
1.0,1.0,1.0
1.0,1.0,1.0

1.0,1.0,1.0
1.0,1.0,1.0
1.0,1.0,1.0

Iteration: ,2500
Error:,0.07664628584211108
Absolute Error:,1
Transition Probabilities
0.8843441466854727,0.05068048011929624,0.06497537319523126
0.9956331877729258,0.002183406113537118,0.002183406113537118
0.0027472527472527483,0.8398871586720926,0.1573655885806546

0.10159651669085625,0.334506989386535,0.5638964939226087
0.8557925703054844,0.05407646609399752,0.090130963600518
0.7968422563701149,0.09591866001706248,0.10723908361282262

Transition Gammas
627.0,35.93246040458103,46.06753959541896
456.0,1.0,1.0
1.0,305.71892575664157,57.281074243358255

70.0,230.47531568732276,388.5246843126776
129.6607302948807,8.193099973993942,13.655699953614777
114.33926970511932,13.76341358627762,15.387786486113658

Iteration: ,5000
Error:,0.0661740819214703
Absolute Error:,1
Transition Probabilities
0.887509130752374,0.05177563651956443,0.06071523272806157
0.9979296066252588,0.0010351966873706005,0.0010351966873706005
0.0014471780028943565,0.858769317323302,0.13978350467380357

0.10647181628392484,0.37390358669106105,0.5196245970250142
0.8874849572925785,0.046366177588584925,0.06614886511883648
0.8259253407346524,0.08650423768981334,0.08757042157553419

Transition Gammas
1215.0,70.88084639528371,83.11915360471629
964.0,1.0,1.0
1.0,593.4095982704015,96.59040172959824

153.0,537.2994540750548,746.7005459249453
260.7862810234552,13.624639966279297,19.437756534927335
213.21371897654492,22.33118335934632,22.60642013944705

Iteration: ,7500
Error:,0.06330947808730139
Absolute Error:,1
Transition Probabilities
0.8900144717800289,0.053459676075467706,0.056525852144503355
0.9986062717770035,0.0006968641114982578,0.0006968641114982578
0.000966183574879227,0.8611467394329644,0.1378870769921565

0.10915002322340919,0.37293287907220496,0.5179170977043858
0.8954329531318722,0.04754958330644092,0.05701746356168689
0.8381347887721811,0.08161523920740166,0.0802499720204174

Transition Gammas
1845.0,110.82190850444455,117.17809149555545
1433.0,1.0,1.0
1.0,891.2868753131181,142.71312468688197

235.0,802.9244886424573,1115.0755113575426
399.5604220108217,21.21759256894608,25.442353582154936
312.4395779891782,30.42449882411179,29.915555024787192

Iteration: ,10000
Error:,0.0629603571874069
Absolute Error:,1
Transition Probabilities
0.8901651112706389,0.05478111735805896,0.05505377137130213
0.9989556135770234,0.0005221932114882506,0.0005221932114882506
0.0007189072609633358,0.861296973445138,0.1379841192938987

0.10779494382022468,0.3726695626055674,0.5195354935742079
0.8970065679278878,0.05020262868580114,0.052790803386311196
0.8339409233829346,0.08814813972047313,0.07791093689659238

Transition Gammas
2480.0,152.62019295955227,153.37980704044773
1913.0,1.0,1.0
1.0,1198.064090062187,191.9359099378131

307.0,1061.3629143006563,1479.6370856993447
533.5688350405484,29.862164962441565,31.401695897006125
400.43116495945145,42.32585461101004,37.410284529542274

Iteration: ,12500
Error:,0.06389893299839702
Absolute Error:,1
Transition Probabilities
0.8874248066456603,0.05774968955336031,0.054825503800979426
0.9991659716430359,0.0004170141784820684,0.0004170141784820684
0.0005717552887364209,0.8542061892519246,0.14522205545933897

0.10697149308495622,0.37440238677590154,0.5186261201391422
0.8977274836829624,0.04935744240850258,0.052915073908535025
0.8344875596482128,0.08557612665165516,0.07993631370013202

Transition Gammas
3098.0,201.60416623078083,191.39583376921917
2396.0,1.0,1.0
1.0,1494.0066250016157,253.9933749983838

379.0,1326.5076563470195,1837.4923436529814
664.2622887106406,36.521425772405365,39.15385096329459
495.73771128935954,50.83756213835458,47.48716112594548

Iteration: ,15000
Error:,0.06392479409869634
Absolute Error:,1
Transition Probabilities
0.8893899833847615,0.05783073365891378,0.052779282956324766
0.9992982456140351,0.0003508771929824561,0.0003508771929824561
0.0004743833017077797,0.8550268999680708,0.1444987167302214

0.11090181304450204,0.36891964920473597,0.5201785377507621
0.8992695780711566,0.04831152639653751,0.05241889553230585
0.8393918239695393,0.08190164324060513,0.07870653278985561

Transition Gammas
3747.0,243.64088090500377,222.35911909499623
2848.0,1.0,1.0
1.0,1802.396705132694,304.6032948673069

471.0,1566.801750172513,2209.1982498274856
803.3544501309152,43.15867084764716,46.82795240015707
590.6455498690854,57.63082237120331,55.38255438099246

Iteration: ,16072
Error:,0.06349469298830657
Absolute Error:,1
Transition Probabilities
0.890401932791566,0.057727110804398504,0.051870956404035495
0.9993423216047352,0.0003288391976323578,0.0003288391976323578
0.00044306601683650863,0.853502543308996,0.14605439067416748

0.11015452538631351,0.3684842222799656,0.5213612523337208
0.9005082541779504,0.048053380841030675,0.051438364981018864
0.8401724077073396,0.08245084629549894,0.07737674599716149


Model Num 2
Model States: 
"['diamond', 'x', 'square']","['diamond', 'x', 'diamond']","['square', 'y', 'diamond', 'x', 'diamond']","['square', 'y', 'diamond', 'x', 'square']"
Iteration: ,0
Error:,0.5073887307093861
Absolute Error:,0.6
Transition Probabilities
0.25,0.25,0.25,0.25
0.25,0.25,0.25,0.25
0.25,0.25,0.25,0.25
0.25,0.25,0.25,0.25

0.25,0.25,0.25,0.25
0.25,0.25,0.25,0.25
0.25,0.25,0.25,0.25
0.25,0.25,0.25,0.25

Transition Gammas
1.0,1.0,1.0,1.0
1.0,1.0,1.0,1.0
1.0,1.0,1.0,1.0
1.0,1.0,1.0,1.0

1.0,1.0,1.0,1.0
1.0,1.0,1.0,1.0
1.0,1.0,1.0,1.0
1.0,1.0,1.0,1.0

Iteration: ,2500
Error:,0.046737156124707
Absolute Error:,0.10939423931202613
Transition Probabilities
0.0016000000000000005,0.0016000000000000005,0.13580882600445698,0.860991173995543
0.8272677784166258,0.16701793586908847,0.0028571428571428567,0.0028571428571428567
0.0599102427585545,0.06558203496705688,0.771302572439778,0.10320514983461065
0.05724011851016256,0.07388927649279882,0.7858042363510267,0.08306636864601188

0.0603336151365503,0.05133994212155951,0.15079765916875698,0.7375287835731331
0.07985283572428986,0.09079519083722028,0.5677798748827931,0.26157209855569674
0.004587389651900074,0.8842804823940369,0.037502145463867605,0.07362998249019541
0.8767742821349448,0.0022849145933841186,0.03187410441699646,0.08906669885467455

Transition Gammas
1.0,1.0,84.88051625278558,538.1194837472142
289.54372244581907,58.45627755418097,1.0,1.0
11.417950094596884,12.498904492404872,146.9981404589466,19.66927850828509
13.131783369850705,16.951362043147533,180.27584972663155,19.05673130613665

10.034822702472221,8.538974758582519,25.081006173448944,122.6674477300278
6.2826413369450425,7.143561202000217,44.671642276306194,20.579903820217123
1.5879999188301106,306.1081444614485,12.981980706153887,25.488222080603787
475.06581199917656,1.2380436205446628,17.270462427040492,48.25933478620185

Iteration: ,5000
Error:,0.03807870621595123
Absolute Error:,0.09975076275468797
Transition Probabilities
0.0008025682182985554,0.0008025682182985554,0.1297411234772987,0.8686537400861043
0.835101500141297,0.1619957422389642,0.0014513788098693761,0.0014513788098693761
0.07178135897578003,0.0598228517309337,0.7794700494669473,0.08892573982633897
0.05257443405120376,0.05755656063621108,0.82150227385334,0.06836673145924518

0.05265995182501002,0.04855635040791699,0.13926052366430738,0.7595231741027657
0.06300349373584688,0.07801444007662679,0.5973495141463561,0.26163255204117025
0.002419026798439478,0.9035255116195253,0.028358997876654652,0.06569646370538056
0.8810223611261494,0.0011975759291399468,0.024007541183303296,0.09377252176140748

Transition Gammas
1.0,1.0,161.65743985271416,1082.342560147286
575.3849335973536,111.61506640264632,1.0,1.0
27.673715391163647,23.063377404825047,300.50743831922756,34.28335225212318
24.47193309857805,26.790974105433257,382.3864022290579,31.822807199591576

16.9743668514778,15.651615245144212,44.889126075580286,244.82409388183547
9.99618458951291,12.377833313865075,94.77595056709382,41.5108294754906
1.6732799986663796,624.9832237712535,19.61637794167487,45.44330752029714
942.0629476768854,1.2805485531949203,25.670875123654845,100.26943941437314

Iteration: ,7500
Error:,0.03473093487079286
Absolute Error:,0.10035171453489626
Transition Probabilities
0.0005473453749315817,0.0005473453749315817,0.12344867626356527,0.8754566329865716
0.8249139974744821,0.17312713866655607,0.000979431929480901,0.000979431929480901
0.06551983169445037,0.05595699479822522,0.7924135604075834,0.0861096130997411
0.05618006160206606,0.05711741381243625,0.8120949665721673,0.07460755801333038

0.05635294064609788,0.04395142673034106,0.13364398003543204,0.766051652588129
0.05749617014990666,0.06865890730374255,0.6079993300027624,0.2658455925435883
0.0016732603332829477,0.8987116651702964,0.024724418872713875,0.0748906556237067
0.8806262029151183,0.000820129860472209,0.019489986270070602,0.09906368095433887

Transition Gammas
1.0,1.0,225.5407315335338,1599.4592684664667
842.2371914214465,176.7628085785538,1.0,1.0
38.50518425516827,32.8852248143619,465.6915221040216,50.605540838524846
40.46720219510149,41.14238873536831,584.9621783378662,53.74075871958769

28.032643664796794,21.863538441208036,66.48089748867258,381.07067279227624
14.175809979601631,16.92800791439353,149.90360135940736,65.54482835964382
1.7280777943053875,928.1542394642954,25.53441229746584,77.34413851213617
1404.8093794947074,1.308303246691032,31.09118877883006,158.03026041156798

Iteration: ,10000
Error:,0.033332553192075225
Absolute Error:,0.09849766436418762
Transition Probabilities
0.0004105090311986862,0.0004105090311986862,0.11397796114279726,0.8852010207948054
0.8209108368612416,0.17761314837861084,0.0007380073800738009,0.0007380073800738009
0.06436128039695423,0.054093922524834845,0.798056499646915,0.08348829743129581
0.05760437105086235,0.05480332060508607,0.8142332034415887,0.07335910490246286

0.05945485259459084,0.03931361591206416,0.13060865163926305,0.7706228798540821
0.051485632363952975,0.0684638716121327,0.6233748006581553,0.256675695365759
0.001287997987775652,0.900168311509288,0.023982860702433294,0.07456082980050312
0.8837559149320129,0.0006201768648167913,0.017318780334881555,0.09830512786828888

Transition Gammas
1.0,1.0,277.65031334385424,2156.349686656147
1112.334183946982,240.6658160530176,1.0,1.0
49.33307591972946,41.463121464561915,611.7122226669987,63.99398038983048
55.96250820001178,53.24129441569679,791.0256026246402,71.2681943185307

39.6061607057553,26.18897065231665,87.00563571588587,513.3544578968404
16.827809927232384,22.377058714695647,203.74679647998806,83.89310990728535
1.7628623493162854,1232.0460431369434,32.82495979223609,102.05022122439945
1888.8655806313843,1.3255138823556705,37.01570481210306,210.1091141712615

Iteration: ,12500
Error:,0.0334591231132875
Absolute Error:,0.09765904975306686
Transition Probabilities
0.00032765399737876824,0.00032765399737876824,0.11836385529348749,0.880980836711755
0.8208149635538758,0.17801544580284934,0.0005847953216374273,0.0005847953216374273
0.06606869470912123,0.055249387209812206,0.7894725214424608,0.08920939663860569
0.05956218410648846,0.05944602616085267,0.812784591764113,0.06820719796854575

0.05661999692627335,0.038451850284339895,0.13162570997880962,0.7733024428105773
0.050557063553497546,0.06521229386427416,0.6405320116726229,0.24369863090960542
0.0010477738933572824,0.901351718772972,0.02362029556075295,0.0739802117729177
0.8858490571466102,0.0005011621347829093,0.016375090220549924,0.09727469049805694

Transition Gammas
1.0,1.0,361.24648635572356,2688.7535136442743
1403.5935876771266,304.40641232287214,1.0,1.0
61.65288251963139,51.55670161072391,736.7067993587822,83.24693676516424
71.46489321673118,71.32552265291346,975.2087659307172,81.83749794533756

47.50192776705968,32.25957460038186,110.42874085356985,648.7700242780033
20.629290688404414,26.60920694415402,261.36251070121455,99.43872416721156
1.7932393506769748,1542.6413858479875,40.42555721487089,126.61532012171885
2369.2250043946547,1.3403704066786186,43.79557994305612,260.1635427203542

Iteration: ,15000
Error:,0.0323476093784479
Absolute Error:,0.09647172814421627
Transition Probabilities
0.0002735229759299784,0.0002735229759299784,0.12259312310856588,0.8768598309395741
0.8215449980165277,0.17748034311407662,0.00048732943469785594,0.00048732943469785594
0.06207124885852286,0.05160857022732017,0.7936218594780015,0.09269832143615542
0.06503579220265293,0.05796845833374296,0.8067344985003564,0.07026125096324772

0.05694089506272551,0.03789486574021453,0.12630244139723948,0.7788617977998205
0.05052491051680017,0.060851882982557615,0.6487374540755111,0.23988575242513113
0.0008792897682491027,0.9017987248698456,0.02302624530215334,0.07429574005975201
0.886255173618486,0.00042347030097281124,0.014979991043207196,0.09834136503733394

Transition Gammas
1.0,1.0,448.2004580849165,3205.79954191508
1685.8103359299141,364.1896640700851,1.0,1.0
69.11729389023432,57.466939706445146,883.7101928508006,103.22101204113963
94.33341253561045,84.08235386771001,1170.1559353133946,101.91285979466757

57.21164133582239,38.075050713727286,126.90299246433581,782.5651805580217
24.820116484055294,29.893191466395006,318.6891181602316,117.84270881741051
1.8174718203910851,1863.9973184030396,47.59472187355231,153.56759376670723
2829.8330594105755,1.3521503659929797,47.83145435491743,314.0062300048233

Iteration: ,17500
Error:,0.03387130531068368
Absolute Error:,0.0966335445381859
Transition Probabilities
0.0002341920374707263,0.0002341920374707263,0.12331005156269628,0.8762215643623622
0.8225788636016824,0.17658606332942403,0.0004175365344467641,0.0004175365344467641
0.05996510751037321,0.05269295412446649,0.7946463550306542,0.09269558333450614
0.06349279430619215,0.05766075649127,0.8090890519862456,0.0697573972162923

0.06345127679280572,0.04127179201614481,0.12006408033706076,0.7752128508539886
0.05520275183983057,0.0676556613129885,0.6459365952704276,0.23120499157675345
0.0007646294522514517,0.9037781865984608,0.0215177733683835,0.07393941058090432
0.8827761419173964,0.00036388422192298837,0.014246390748976547,0.10261358311170393

Transition Gammas
1.0,1.0,526.5339201727124,3741.4660798272816
1970.0763783260295,422.92362167397056,1.0,1.0
76.63245916416928,67.33900467841406,1015.5189722841467,118.46039804650692
106.92498728735319,97.10354887006339,1362.545743077004,117.47488659234327

74.77136412574981,48.63492659159966,141.48423046900018,913.5154606177483
31.71917099511943,38.87453828753105,371.1513037762146,132.84900513703627
1.8382696763042174,2172.801517960376,51.73155463501275,177.7600587506346
3304.9978776511957,1.362334712120898,53.33661497385926,384.1717716404937

Iteration: ,20000
Error:,0.036318312573495035
Absolute Error:,0.09710755232134814
Transition Probabilities
0.00020487604998975647,0.00020487604998975647,0.12368790916485972,0.8759023387351608
0.8181848805426826,0.1810857248548374,0.00036469730123997056,0.00036469730123997056
0.05998101151580651,0.05119643589085461,0.7940655837514338,0.09475696884190515
0.06505119860720476,0.05630353287792314,0.8126817380217809,0.0659635304930912

0.0641576127579906,0.0431418988744113,0.11686475150445762,0.7758357368631403
0.05606332811480206,0.0723771183003535,0.6436209887279296,0.22793856485691477
0.0006766482147786458,0.9021395338038375,0.020267849576687227,0.0769159684046965
0.8834791225834957,0.0003207947006656983,0.013204315453245139,0.10299576726259359

Transition Gammas
1.0,1.0,603.7206846336795,4275.279315366314
2243.462942448037,496.5370575519645,1.0,1.0
87.68498578483505,74.84299847362192,1160.8278630833456,138.5232302013937
125.68678185987316,108.78523388166978,1570.1993893304411,127.4495173848188

86.08736687001007,57.88825855911788,156.81036597927024,1041.0246397748542
36.676033233188605,47.34834133768336,421.05000837313554,149.11498587274045
1.8554043594844067,2473.713204771311,55.57549054387372,210.9075587212242
3775.0606516849953,1.37073918420488,56.42135781796123,440.0955929169413

Iteration: ,22500
Error:,0.0358870505641434
Absolute Error:,0.09762015150223
Transition Probabilities
0.00018198362147406764,0.00018198362147406764,0.1238425046770155,0.8757935280800363
0.819034073379609,0.18031530853320815,0.0003253090435914118,0.0003253090435914118
0.05915024010681992,0.05078839482817597,0.7940839603257558,0.09597740473924832
0.06551474633252151,0.05482638517525395,0.8096169912283707,0.07004187726385382

0.0659830617938954,0.04517145266165143,0.11385632313804234,0.7749891624064108
0.06238201681786881,0.07275098408725761,0.6410995072779273,0.22376749181694638
0.0006085520160302278,0.9019222941887975,0.02032553563795036,0.07714361815722183
0.8842221164556214,0.0002866834832581668,0.012808284235065212,0.10268291582605517

Transition Gammas
1.0,1.0,680.5145632001991,4812.485436799791
2517.7107415689184,554.289258431082,1.0,1.0
97.50178073003487,83.71832349664965,1308.948197692821,158.20676053088482
143.05963386893075,119.72026190438471,1767.8998519101533,152.94518986614017

99.71956139422964,68.26717834086371,172.06995699517054,1171.2336054038433
45.70790869488569,53.30535157002088,469.73982627958276,163.9566113214034
1.871275089200937,2773.3779152029347,62.5002752633608,237.21379133721885
4251.372424986715,1.3783847211472475,61.5827012183553,493.7032321810656

Iteration: ,25000
Error:,0.03594791503112725
Absolute Error:,0.09661023279926134
Transition Probabilities
0.00016474464579901174,0.00016474464579901174,0.12582291117923142,0.8738475995291706
0.8181699160149373,0.181246993606054,0.00029154518950437323,0.00029154518950437323
0.05750429728821067,0.049981587059308295,0.7972306220218652,0.0952834936306158
0.06451604714879491,0.05537737696650349,0.8105327622649061,0.06957381361979545

0.06605941129965565,0.04655175551500862,0.1117586816394682,0.7756301515458677
0.06107475579563117,0.07027343058906221,0.6448966163464093,0.22375519726889728
0.000549716629909923,0.9016345861493792,0.01997102480498044,0.07784467241573033
0.8840047368301277,0.0002613974553316882,0.012430008276777836,0.1033038574377627

Transition Gammas
1.0,1.0,763.7450708579338,5304.254929142059
2806.3228119312344,621.6771880687652,1.0,1.0
106.88442305945219,92.90180644508456,1481.8289953715343,177.10539427607807
157.2436314495656,134.97013904589764,1975.4947889699083,169.5708213824788

111.0630903553368,78.26563584574211,187.89547640098752,1304.0364712410224
50.06537916110866,57.60589463781239,528.6471177246782,183.42093463331278
1.885928823129854,3093.2639862623473,68.51517537922317,267.0639806912584
4685.46460758115,1.385477333368355,65.88241151469633,547.5384324148225

Iteration: ,27500
Error:,0.036517172701027834
Absolute Error:,0.09626594493945023
Transition Probabilities
0.00014976785981728357,0.00014976785981728357,0.12482628202753025,0.8748741822528352
0.8185528237474935,0.18091341591089988,0.0002668801708033094,0.0002668801708033094
0.058674744149007155,0.049659329289618144,0.7949624615373635,0.09670346502401121
0.06311320122567113,0.05593979253884437,0.8111433120207908,0.06980369421469358

0.0668547905070065,0.045363232693099664,0.10838751080501603,0.7793944659948778
0.06151347669023911,0.06932303257910188,0.6469025967683232,0.22226089396233586
0.0005056974003928804,0.8997849864664182,0.020682015378103397,0.07902730075508536
0.8835110022621073,0.00023812102939477014,0.011635088563699195,0.1046157881447987

Transition Gammas
1.0,1.0,833.4650850978176,5841.534914902167
3067.117430581857,677.8825694181415,1.0,1.0
121.34886851845641,102.70353127364378,1644.111050185778,199.99841895648817
170.14297443778239,150.80462577011738,2186.7110703045155,188.1794605532164

123.3833269113758,83.7197533143559,200.03370853976477,1438.4052580448217
54.95970497724225,61.937214797026,577.9802700217161,198.58076339369754
1.8992333038876952,3379.2968113094935,77.67485529309526,296.8005795438146
5164.412059742153,1.3918956444639052,68.01091502051264,611.5136501425778

Iteration: ,30000
Error:,0.03730014790966434
Absolute Error:,0.09599277182517522
Transition Probabilities
0.0001381215469613263,0.0001381215469613263,0.12539887484014225,0.8743248820659351
0.8180354008790549,0.18147667523707087,0.00024396194193705782,0.00024396194193705782
0.05955851456756358,0.050175919594494245,0.7961824302984356,0.09408313553950658
0.06530152293962897,0.0559427146432075,0.8077882768686871,0.07096748554847643

0.06713340772233127,0.04552194801748039,0.10689570322205989,0.7804489410381285
0.06145624583927939,0.06885847986093444,0.6501441251534343,0.21954114914635176
0.00046493085159515215,0.8983598161328878,0.020960950102379236,0.0802143029131376
0.8830829189134128,0.00022057056942824792,0.011526084642177747,0.10517042587498107

Transition Gammas
1.0,1.0,907.8878538426278,6330.112146157355
3353.1271082032463,743.8728917967535,1.0,1.0
135.09489922636166,113.81262360931849,1805.9581567459995,213.4061234887127
193.40536179274494,165.6871153715747,2392.449316751174,210.1864030141173

136.47232945967144,92.53941514756592,217.30321940877081,1586.5377406184873
60.359085634365805,67.62916975839683,638.5372941172178,215.62174585552427
1.9104460635005929,3691.4478108943968,86.13058151105993,329.6083680209054
5594.244449925668,1.39729311643713,73.01662579796614,666.2444246700687

Iteration: ,30589
Error:,0.03744296449802734
Absolute Error:,0.09570133035257841
Transition Probabilities
0.0001354829968838914,0.0001354829968838914,0.12614640839054267,0.8735826256156894
0.8194435454736622,0.18007821444981947,0.00023912003825920613,0.00023912003825920613
0.05997842206613074,0.049942892663069886,0.7969506291093187,0.09312805616148061
0.0654252089007073,0.05506250360837823,0.8087279787932836,0.07078430869763097

0.067670558565036,0.046306388985013956,0.10671902372699255,0.7793040287229575
0.06128039876338444,0.0702169527704406,0.6501228795200582,0.21837976894611677
0.00045598500896957325,0.8985730756809004,0.020815886441016274,0.08015505286911377
0.8828546627944499,0.00021673270124438425,0.011353203690492291,0.10557540081381342

*,*,*,*,*,*,*,*,*,*,*
Model Num 2
Model States: 
"['diamond', 'x', 'square']","['diamond', 'x', 'diamond']","['square', 'y', 'diamond', 'x', 'diamond']","['square', 'y', 'diamond', 'x', 'square']"
Iteration: ,30589
Error:,0.037686801023985125
Absolute Error:,0.09570133035257841
Transition Probabilities
0.0001354829968838914,0.0001354829968838914,0.12614640839054267,0.8735826256156894
0.8194435454736622,0.18007821444981947,0.00023912003825920613,0.00023912003825920613
0.05997842206613074,0.049942892663069886,0.7969506291093187,0.09312805616148061
0.0654252089007073,0.05506250360837823,0.8087279787932836,0.07078430869763097

0.067670558565036,0.046306388985013956,0.10671902372699255,0.7793040287229575
0.06128039876338444,0.0702169527704406,0.6501228795200582,0.21837976894611677
0.00045598500896957325,0.8985730756809004,0.020815886441016274,0.08015505286911377
0.8828546627944499,0.00021673270124438425,0.011353203690492291,0.10557540081381342

Transition Gammas
1.0,1.0,931.0866403305931,6447.913359669388
3426.9129071708553,753.087092829145,1.0,1.0
138.73238934552245,115.51982515203945,1843.3773540232376,215.40876370740577
197.51619777719765,166.23158772524025,2441.5187676314877,213.69511463787387

140.41454619449595,96.08448242654286,221.43903648355138,1617.034407001548
61.28208568369741,70.21888569526377,650.1407760336828,218.3857804812179
1.9127555773334297,3769.3139650233197,87.31800849586702,336.23259846484063
5696.374871750524,1.3984076488278874,73.25339825660845,681.1959947826842

