0,1,2,3,4,5,6,7,8,9,10,11,12,13,14,15,16,17,18,19,20,21,22,23,24,25,26,27,28,29
github Code Version (SHA):,528ca1c557fe8e6666681dc5c9134b0f84d30530
Environment Observations,Environment Actions,alpha,epsilon,numActions,explore,patience,gainThresh,insertRandActions,useUpdatedPosterior,revisedSplitting,haveControl,confidence_factor
"['diamond', 'square']","['x', 'y']",0.85,0.99,75000,0.5,0,0.01,False,False,False,False,250

Model Num 0
Model States: 
['diamond'],['square']
Iteration: ,0
Error:,0.5068661647443026
Absolute Error:,1
Transition Probabilities
0.5,0.5
0.5,0.5

0.5,0.5
0.5,0.5

Transition Gammas
1.0,1.0
1.0,1.0

1.0,1.0
1.0,1.0

Iteration: ,2416
Error:,0.08533197132142212
Absolute Error:,1
Transition Probabilities
0.4752475247524752,0.5247524752475248
0.09598853868194843,0.9040114613180515

0.134,0.866
0.8789986091794159,0.12100139082058414


Model Num 1
Model States: 
['square'],"['diamond', 'x', 'square']","['diamond', 'x', 'diamond']"
Iteration: ,0
Error:,0.5704223211412238
Absolute Error:,1
Transition Probabilities
0.3333333333333333,0.3333333333333333,0.3333333333333333
0.3333333333333333,0.3333333333333333,0.3333333333333333
0.3333333333333333,0.3333333333333333,0.3333333333333333

0.3333333333333333,0.3333333333333333,0.3333333333333333
0.3333333333333333,0.3333333333333333,0.3333333333333333
0.3333333333333333,0.3333333333333333,0.3333333333333333

Transition Gammas
1.0,1.0,1.0
1.0,1.0,1.0
1.0,1.0,1.0

1.0,1.0,1.0
1.0,1.0,1.0
1.0,1.0,1.0

Iteration: ,2500
Error:,0.06615348289804171
Absolute Error:,1
Transition Probabilities
0.903899721448468,0.058553724658091506,0.037546553893440526
0.9959016393442623,0.0020491803278688526,0.0020491803278688526
0.00303030303030303,0.7973567924381542,0.19961290453154282

0.10292072322670376,0.4525345238074988,0.44454475296579743
0.8733086035770288,0.06833362562203364,0.05835777080093764
0.872755502071279,0.09496236776849552,0.03228213016022535

Transition Gammas
649.0,42.0415743045097,26.9584256954903
486.0,1.0,1.0
1.0,263.1277415045909,65.87225849540914

74.0,325.37232261759164,319.62767738240836
131.95033630740645,10.324694895939436,8.817418552610276
95.04966369259346,10.342118839040786,3.5157677124095024

Iteration: ,5000
Error:,0.06825857703751032
Absolute Error:,1
Transition Probabilities
0.8857758620689655,0.06302572218251294,0.05119841574852152
0.9979381443298969,0.0010309278350515464,0.0010309278350515464
0.0014513788098693763,0.7947756801425141,0.20377294104761662

0.1158113730929265,0.44494520482980604,0.4392434220772674
0.8971260569493795,0.048436462163944656,0.054437480886675875
0.8813575020807878,0.08454322833950242,0.034099269579709914

Transition Gammas
1233.0,87.73180527805802,71.26819472194195
968.0,1.0,1.0
1.0,547.600443618192,140.3995563818078

167.0,641.6109853645803,633.3890146354196
280.56299659576393,15.147792067732173,17.02452252543613
184.43700340423587,17.691912369549,7.135773037282697

Iteration: ,7500
Error:,0.06305539399816416
Absolute Error:,1
Transition Probabilities
0.8894662257912139,0.062292448828133055,0.04824132538065295
0.9986263736263736,0.0006868131868131869,0.0006868131868131869
0.00098135426889107,0.8122201259799704,0.18679851975113856

0.11707542804257288,0.43837687816340615,0.4445476937940209
0.9042224941741642,0.043175814171830106,0.052601691654005654
0.8943762651344026,0.07345324570020934,0.03217048916538792

Transition Gammas
1883.0,131.87311416915767,102.1268858308423
1454.0,1.0,1.0
1.0,827.6523083735896,190.34769162641012

253.0,947.3324337111206,960.6675662888792
411.90352654972736,19.668024444885187,23.961826247813956
274.0964734502717,22.510968140325343,9.859181166975516

Iteration: ,10000
Error:,0.06090544211713078
Absolute Error:,1
Transition Probabilities
0.890652557319224,0.060367060593225066,0.04898038208755096
0.9989539748953975,0.0005230125523012552,0.0005230125523012552
0.00073909830007391,0.8206129721397268,0.1786479295601992

0.1152105812739297,0.4362856316263988,0.4485037870996715
0.9025122887477809,0.040684670319261464,0.05680304093295775
0.9015086928236066,0.06420756906196667,0.03428373811442672

Transition Gammas
2525.0,171.14061678179306,138.85938321820697
1910.0,1.0,1.0
1.0,1110.28935130505,241.71064869494944

331.0,1253.4486196626435,1288.551380337356
564.6948420045131,25.456078287662592,35.54121603099484
375.3051579954854,26.730115908069738,14.27258977327283

Iteration: ,12500
Error:,0.06094360884478276
Absolute Error:,1
Transition Probabilities
0.889866590973602,0.060306076151424054,0.04982733287497391
0.9991621281943862,0.00041893590280687055,0.00041893590280687055
0.0005871990604815035,0.8223731939908904,0.1770396069486282

0.11436541143654116,0.43419493439981544,0.45143965416364346
0.8924539785754706,0.041356683885744476,0.06618933753878485
0.8936659549205412,0.06814061505142349,0.03819343002803533

Transition Gammas
3135.0,212.45830628146695,175.54169371853308
2385.0,1.0,1.0
1.0,1400.5015493664855,301.49845063351364

410.0,1556.588839823338,1618.4111601766615
705.481430937675,32.6922992411589,52.322416259730865
470.51856906232297,35.87629640862066,20.108988090489557

Iteration: ,15000
Error:,0.06041768952768499
Absolute Error:,1
Transition Probabilities
0.891370797084411,0.05899996240892709,0.04962924050666191
0.9992950299612267,0.00035248501938667606,0.00035248501938667606
0.00048709206039941594,0.82678125653402,0.17273165140558044

0.11487275274340418,0.4274947190899212,0.45763252816667466
0.8910083076344638,0.04155446620187672,0.06743722616365941
0.8928815058894676,0.06847000285471606,0.038648491255816375

Transition Gammas
3791.0,250.9268401251669,211.07315987483312
2835.0,1.0,1.0
1.0,1697.3819196643417,354.6180803356563

492.0,1830.959881862132,1960.0401181378672
850.8218564253881,39.680267595385175,64.39565766684456
566.1781435746097,43.41698069803044,24.50709403973978

Iteration: ,17500
Error:,0.060488858198633616
Absolute Error:,1
Transition Probabilities
0.8912695234281137,0.06007713212041601,0.04865334445147024
0.9993963175369756,0.00030184123151222455,0.00030184123151222455
0.0004205214465937766,0.8264683813039676,0.17311109724943863

0.11334002006018058,0.42700706991206067,0.4596529100277588
0.893433339549424,0.04526331200445214,0.06130334844612387
0.8956111028453619,0.07015957080348074,0.0342293263511573

Transition Gammas
4451.0,300.02519780935756,242.97480219064235
3311.0,1.0,1.0
1.0,1965.3418107408334,411.65818925916477

565.0,2128.6302435116218,2291.369756488377
985.625929658394,49.93399283297973,67.62918634070158
664.3740703416038,52.04513374168901,25.391687084629652

Iteration: ,17638
Error:,0.06023059763976476
Absolute Error:,1
Transition Probabilities
0.891295707472178,0.06033996555190518,0.04836432697591674
0.9993995797057941,0.0003002101471029721,0.0003002101471029721
0.0004177109440267338,0.8270182536443512,0.1725640354116219

0.11435958631662693,0.4260652092521234,0.4595752044312498
0.893341555808502,0.04590054923301707,0.0607578949584811
0.8949921805137717,0.07097320475672421,0.03403461472950405


Model Num 2
Model States: 
"['diamond', 'x', 'square']","['diamond', 'x', 'diamond']","['square', 'y', 'diamond', 'x', 'diamond']","['square', 'y', 'diamond', 'x', 'square']"
Iteration: ,0
Error:,0.5067145993152196
Absolute Error:,0.6
Transition Probabilities
0.25,0.25,0.25,0.25
0.25,0.25,0.25,0.25
0.25,0.25,0.25,0.25
0.25,0.25,0.25,0.25

0.25,0.25,0.25,0.25
0.25,0.25,0.25,0.25
0.25,0.25,0.25,0.25
0.25,0.25,0.25,0.25

Transition Gammas
1.0,1.0,1.0,1.0
1.0,1.0,1.0,1.0
1.0,1.0,1.0,1.0
1.0,1.0,1.0,1.0

1.0,1.0,1.0,1.0
1.0,1.0,1.0,1.0
1.0,1.0,1.0,1.0
1.0,1.0,1.0,1.0

Iteration: ,2500
Error:,0.0344319737471523
Absolute Error:,0.10157554454733778
Transition Probabilities
0.0016556291390728477,0.0016556291390728477,0.1458669570013277,0.8508217847205266
0.832014120375967,0.16239928744526205,0.002793296089385475,0.002793296089385475
0.045551660406441874,0.05493205873128463,0.8074708346032726,0.09204544625900091
0.07441660688821813,0.04061885456516906,0.7868759844461949,0.09808855410041797

0.03785338712943498,0.03221692773982659,0.22444414594793588,0.7054855391828024
0.03477350626280279,0.05694241026929668,0.670343523665054,0.2379405598028465
0.006253765988757845,0.8685120470859192,0.05651645332338784,0.06871773360193513
0.8727987829549864,0.004366706651245572,0.024672982147411367,0.09816152824635671

Transition Gammas
1.0,1.0,88.10364202880193,513.8963579711981
297.86105509459617,58.13894490540382,1.0,1.0
9.738636756003116,11.744102442591892,172.63180044598047,19.678693557213297
17.800955929824145,9.716304871580848,188.22606011053372,23.463445886272396

5.893052531274595,5.015562990912451,34.94168534735272,109.8306824761257
2.688653309863255,4.4027311679497,51.83030207038361,18.39733010613797
2.3601528603601625,327.7738879056199,21.32914298494554,25.93387021670261
438.67123960664486,2.1947196273751772,12.40071351469307,49.33627328365877

Iteration: ,5000
Error:,0.03443162265289288
Absolute Error:,0.09962016714736967
Transition Probabilities
0.0008467400508044036,0.0008467400508044036,0.14324924606117567,0.8550572738372155
0.8312897963454897,0.16590515456615115,0.0014025245441795235,0.0014025245441795235
0.03837264327054961,0.047175774496234675,0.8241362983933103,0.09031528383990542
0.05722337552420691,0.03127782086237094,0.8204444069552022,0.09105439665821999

0.05178024843430123,0.04058919721797025,0.18494074415535514,0.7226898101923734
0.05048524594296628,0.08607054554902956,0.6248983073360315,0.23854590117197266
0.003394089652917208,0.8838420968050672,0.04428098374264675,0.06848282979936891
0.880044728632099,0.00229083458859197,0.017700170577386376,0.09996426620192267

Transition Gammas
1.0,1.0,169.17735959824836,1009.822640401751
592.709624794334,118.29037520566574,1.0,1.0
16.511806651731725,20.299807381926197,354.6271002964273,38.86280374136524
27.27829624321674,14.91008972312534,391.1046033023138,43.40549265989345

17.155135995218988,13.447467311682098,61.2720817874719,239.43187510850868
7.910706845806906,13.486689847292006,97.91746529987967,37.378577804139866
2.5060817733597522,652.5993111076123,32.695590750971085,50.565420804599746
880.6023210678048,2.292286051223918,17.711385326936657,100.02760311749253

Iteration: ,7500
Error:,0.035810285373217815
Absolute Error:,0.09609064180273075
Transition Probabilities
0.0005627462014631402,0.0005627462014631402,0.13960056036020072,0.859273947236873
0.8416447868717631,0.15645407244382623,0.0009505703422053236,0.0009505703422053236
0.04484516035556597,0.04627112109285934,0.8292606515543641,0.07962306699721057
0.05794524489764462,0.03201918680844655,0.824930961957638,0.08510460633627084

0.0599429957594618,0.04080713216800469,0.1720608786388199,0.7271889934337136
0.05348962387100809,0.08470074930361673,0.6318660010251727,0.2299436258002025
0.0023452737919618604,0.8848558157869478,0.040297273882068566,0.07250163653902167
0.8774065690122445,0.0015434015034829008,0.015228288045775529,0.10582174143849703

Transition Gammas
1.0,1.0,248.07019576007661,1526.9298042399232
885.4103157890944,164.58968421090512,1.0,1.0
27.53211810373796,28.407568634389964,509.1140719835498,48.883573321350774
41.26064567723694,22.79966758463513,587.402541651867,60.59981304323283

30.34246540970886,20.6561080338007,87.09526763414104,368.09483076428694
12.773928119310645,20.227498437179797,150.89675892274514,54.91314267882687
2.5920934333155117,977.979184090796,44.538211004715514,80.13180235993624
1336.0784943948067,2.3502280810839675,23.189008246559258,161.14097838878905

Iteration: ,10000
Error:,0.03162265116586865
Absolute Error:,0.09631233342206001
Transition Probabilities
0.00041946308724832214,0.00041946308724832214,0.14172546753563248,0.8574356062898709
0.8395534395476127,0.15900459938533598,0.0007209805335255947,0.0007209805335255947
0.050101572674777446,0.044589668485441894,0.825640016606083,0.0796687422336978
0.06389403348865895,0.03421727484545325,0.8176069582509473,0.08428173341494054

0.061801899642877065,0.033570907443624995,0.16191926073274898,0.7427079321807489
0.05876629920297249,0.07070006825089827,0.6364728021391233,0.2340608304070059
0.0018202740373100329,0.8874366866794748,0.03659833261706395,0.0741447066661511
0.8789680329401326,0.0011619216078166126,0.013280917620745982,0.1065891278313048

Transition Gammas
1.0,1.0,337.87351460494784,2044.1264853950522
1164.460620652539,220.53937934746105,1.0,1.0
40.6373488506192,36.16664740523362,669.6760119217447,64.6192583944715
60.69298927254599,32.50301447160117,776.6454492983554,80.05928038542946

42.003689145220314,22.816482482468604,110.04849905493374,504.78178323447503
18.23809428261456,21.94173408969652,197.5290452379901,72.64067247260157
2.645424459466285,1289.7215853492637,53.18876295348349,107.75532504130383
1804.2479266016837,2.385063589587456,27.26159221109101,218.79431979412172

Iteration: ,12500
Error:,0.032844465536884096
Absolute Error:,0.09811997054216655
Transition Probabilities
0.00033344448149383137,0.00033344448149383137,0.1387804436254319,0.8605526674115804
0.8344555427903761,0.16439766821879812,0.0005733944954128441,0.0005733944954128441
0.049400430239857296,0.04816045906475665,0.8234581563187664,0.07898095437661964
0.06909664436023684,0.035406261209396515,0.8128751270993273,0.0826219673310394

0.062134009494509965,0.03615271966947855,0.1506825418659846,0.751030728970027
0.06309483383840404,0.07530832747995633,0.6235810717283599,0.23801576695327986
0.0014999175319207788,0.8917432887130258,0.034428049353709266,0.07232874440134415
0.8776666428447126,0.0009337930716822287,0.011844300661196287,0.10955526342240879

Transition Gammas
1.0,1.0,416.2025504326702,2580.797449567329
1455.290466626416,286.7095333735839,1.0,1.0
48.50605737707054,47.288535329725725,808.5498118959335,77.55103925384698
82.78500442222153,42.42040287098212,973.9093933533685,98.98975549685139

52.811612576801195,30.728476084436522,128.07459373464607,638.3483733677641
23.915273015209085,28.544638323553187,236.36026391154735,90.21676898604304
2.6883283305445906,1598.2870361881,61.705992811778415,129.63606901630766
2267.6120105946525,2.412624886703533,30.601913215442753,283.0560249564711

Iteration: ,15000
Error:,0.032622605860330056
Absolute Error:,0.0964768691473497
Transition Probabilities
0.000276319425255596,0.000276319425255596,0.13953173655949105,0.8599156245899978
0.8405149552832293,0.15852072456247934,0.00048216007714561236,0.00048216007714561236
0.04837084140950158,0.04834203334373555,0.8199472943240137,0.08333983092274924
0.07410706909141829,0.03588265624896213,0.809849654953411,0.08016061970620865

0.060816985324477386,0.037326189933437455,0.14535348424267955,0.7565033404994056
0.05822178786990703,0.07424087964106985,0.6329484576564876,0.2345888748325356
0.001268481668043052,0.8919446836097138,0.03408855621697305,0.07269827850527019
0.8764951867443644,0.0007833630663120137,0.010842263212888047,0.1118791869764354

Transition Gammas
1.0,1.0,504.9653546087971,3112.0346453911957
1743.2280172574176,328.77198274258217,1.0,1.0
57.24610341757685,57.21200954068641,970.3942755607002,98.63133327405626
107.49351004731162,52.048376994425,1174.700107410229,116.27428375501492

60.84587199974908,37.34391901885634,145.4225238189842,756.8626622616134
26.288594101285145,33.52161488010941,285.79206683837,105.92274708103295
2.719710390106999,1912.3896580677322,73.08816742308771,155.87002033597003
2721.4583421423063,2.4322893998535853,33.66449481373211,347.3773174272102

Iteration: ,17500
Error:,0.03706911761441462
Absolute Error:,0.09658263015089952
Transition Probabilities
0.00023696682464455007,0.00023696682464455007,0.1374596659622886,0.8620664003884224
0.838237640669614,0.16093931406289613,0.0004115226337448561,0.0004115226337448561
0.0503672218017755,0.04962086948280808,0.8163151228010662,0.08369678591435016
0.0759322580854455,0.04014758305263232,0.8067165187338834,0.0772036401280388

0.06564154471988487,0.039657203930183585,0.13838143018972646,0.7563198211602051
0.057881843949106775,0.0807699794062711,0.6324539513316759,0.22889422531294623
0.0011068467036253523,0.8924782036524836,0.03376215671518497,0.07265279292870605
0.8733418765964097,0.000675219085929954,0.011029046209216107,0.11495385810844427

Transition Gammas
1.0,1.0,580.0797903608571,3637.9202096391377
2036.9174668271614,391.0825331728375,1.0,1.0
68.40957353820964,67.39586577305325,1108.7323744674682,113.67832542865588
128.99249454909415,68.20206613964278,1370.437002259922,131.1522978439532

77.27217835164264,46.68382726362482,162.90041009556975,890.3276173796346
30.49307958655512,42.5509147981774,333.18683989654863,120.58513262824721
2.7511395656158815,2218.312698114356,83.91803928713601,180.58324836129796
3171.4841481833364,2.4520141366899098,40.05126303851189,417.44744931305434

Iteration: ,20000
Error:,0.03744617535759254
Absolute Error:,0.09654917437022284
Transition Probabilities
0.00020665426741062234,0.00020665426741062234,0.1352859173743033,0.8643007740908756
0.8367288868082531,0.16254357590546104,0.0003637686431429611,0.0003637686431429611
0.05194425929813198,0.0503445344263332,0.8146481334479315,0.08306307282760327
0.07904857439650985,0.039058880469042274,0.8055461126620621,0.07634643247238575

0.0671743585360944,0.04213851387852943,0.13522077558993997,0.7554663519954362
0.060713530544861644,0.0845547012985772,0.6363236116689576,0.21840815648760362
0.0009870356335431702,0.8915669883192634,0.03460107748231721,0.07284489856487628
0.8783525990983693,0.0005915957905856489,0.010375559380451847,0.11068024573059315

Transition Gammas
1.0,1.0,654.6485541742527,4182.3514458257405
2300.1677098358878,446.83229016411235,1.0,1.0
79.99317553482099,77.52962952980903,1254.5426967010035,127.91555900382312
152.2490514068525,75.22814352851734,1551.4970694106714,147.0446748845006

91.09594487219209,57.14453879320665,183.37449865036578,1024.4968862217527
37.514169942854956,52.24534639174626,393.1768074195909,134.951807708291
2.784232287474674,2514.9341229092297,97.6027955159604,205.48105019683203
3670.809248977324,2.4723958259667476,43.361514927117135,462.5546393600905

Iteration: ,22500
Error:,0.039026455538822884
Absolute Error:,0.09650264440167663
Transition Probabilities
0.00018355359765051402,0.00018355359765051402,0.135305424875287,0.864327467929412
0.8344242538231046,0.16493245251333802,0.0003216468317787069,0.0003216468317787069
0.054605873568538,0.049652454345231155,0.812893679687681,0.08284799239854988
0.07881208286463662,0.0379365468042346,0.8097825518551539,0.07346881847597492

0.06881762323187542,0.04424199722367971,0.13384099513295442,0.7530993844114904
0.0631351791093944,0.08843058535989892,0.6406071981072214,0.20782703742348535
0.0008843533342349223,0.8945939711998582,0.03322165774868319,0.07130001771722368
0.8794144021025415,0.0005318617160893752,0.009692504870924256,0.11036123131044498

Transition Gammas
1.0,1.0,737.1439547205632,4708.8560452794345
2594.2250051360325,512.774994863968,1.0,1.0
94.73781579360805,86.14393958105823,1410.3202943796734,143.7361464948028
170.8694665328659,82.24877809246759,1755.658620021055,159.2849391044663

104.23657951656497,67.01240532587427,202.72608783283886,1140.7035026854
44.46745929518748,62.28355586237326,451.1933744050832,146.37703507667908
2.807109124667258,2839.6148939721766,105.45198959823027,226.3200946668089
4111.09164660807,2.486350295080463,45.3105790788704,515.9173366560904

Iteration: ,25000
Error:,0.04168036281695142
Absolute Error:,0.09714063973952294
Transition Probabilities
0.00016528925619834726,0.00016528925619834726,0.1355385983992646,0.8641308230883387
0.835059900562016,0.1643575186048935,0.0002912904165452956,0.0002912904165452956
0.05646041563943117,0.05052812760799285,0.8103037163686863,0.08270774038388973
0.08125257222194954,0.0368001099956732,0.808936888386426,0.07301042939595133

0.0679990018345882,0.044747899690982404,0.12955262682298652,0.7577004716514428
0.06491414361962677,0.08937714931900155,0.6349264146222668,0.21078229243910487
0.0008027672622746688,0.8928306081804055,0.03266245810972839,0.0737041664475915
0.8780045499576015,0.00048206400476118064,0.009539032084071544,0.11197435395356589

Transition Gammas
1.0,1.0,820.0085203155501,5227.991479684444
2866.7606386294015,564.2393613705996,1.0,1.0
109.61513568146958,98.09788859599948,1573.1650361943289,160.57303300750502
197.732108282719,89.55486743981177,1968.5874801770394,177.6744506211237

113.84877459810855,74.92012247547544,216.90623997160895,1268.596124686748
51.00490816200096,70.22619476441506,498.8799306542166,165.61770468742702
2.829185290381671,3146.594713278496,115.11200116695018,259.7549169637433
4553.076257694691,2.4998437364286343,49.466646278167204,580.6664355911389

Iteration: ,27500
Error:,0.041598294510501045
Absolute Error:,0.09616268087918531
Transition Probabilities
0.0001499250374812594,0.0001499250374812594,0.13381236364239477,0.8658877862826427
0.8343743371263532,0.16509572116723453,0.0002649708532061473,0.0002649708532061473
0.05587264942061128,0.05133137869579263,0.8104427164695229,0.08235325541407307
0.08016250868325495,0.03774286898134999,0.8096946252186712,0.0723999971167239

0.06656071896230997,0.044001062668117354,0.1300936409532092,0.7593445774163634
0.06279994301035303,0.08990546048002339,0.6413294930001932,0.20596510350943045
0.0007363226075797072,0.891780848192966,0.03266162332647252,0.07482120587298174
0.8764117777370016,0.0004372852462294061,0.00910384912428981,0.11404708789247915

Transition Gammas
1.0,1.0,892.528465494773,5775.471534505226
3148.9287483148573,623.0712516851432,1.0,1.0
117.932315940904,108.34690018836366,1710.6292162946904,173.82583852684917
213.97503718282084,100.74574668791139,2161.29011409153,193.25483108693155

121.98430683235502,80.63974087324121,238.41963942667954,1391.6334343607878
54.02822774073847,77.34772455366532,551.7504354893202,177.1964907232123
2.8480683366968687,3449.375003382771,126.33393877041391,289.4056289548999
5033.26558277421,2.511345506315064,52.28374564565422,654.9766866290316

Iteration: ,30000
Error:,0.04168026841291526
Absolute Error:,0.0971648828441216
Transition Probabilities
0.00013723068478111697,0.00013723068478111697,0.13321033460492937,0.8665152040255084
0.8326564167642239,0.16685577835772725,0.00024390243902439014,0.00024390243902439014
0.056946084686804906,0.052166004406138694,0.8063683380062279,0.08451957290082855
0.08178556897074529,0.03715258260650843,0.8091307148649628,0.0719311335577834

0.0684766680692033,0.04402296651778986,0.12723465169863843,0.7602657137143684
0.06401713195581403,0.08995489583687526,0.6407911405464142,0.2052368316608965
0.0006837591572689148,0.8909790059540336,0.0318284230096641,0.07650881187903354
0.8766816035880116,0.0004003341310292803,0.008618281680958373,0.1142997806000006

Transition Gammas
1.0,1.0,970.703708266121,6314.296291733884
3413.8913087333194,684.1086912666821,1.0,1.0
130.27153045301048,119.33647886385475,1844.6718168362922,193.34944931827755
238.18989675931033,108.20209392382428,2356.4886062895866,209.49012755584255

137.78358712527145,88.5796931092909,256.0119703831974,1529.7493315249606
59.7200087233046,83.91671104213304,597.7783029964787,191.46039509536294
2.8674979349062033,3736.521013952822,133.47965622292676,320.8569241566627
5525.088472363569,2.5230157486947977,54.31478038567613,720.3486392347337

Iteration: ,32226
Error:,0.042251944229722393
Absolute Error:,0.09694529722801842
Transition Probabilities
0.00012805736970162624,0.00012805736970162624,0.1352221724695694,0.8645217127910273
0.8316145857519277,0.16793313021369877,0.00022614201718679323,0.00022614201718679323
0.05690171503773172,0.05202254998689534,0.8057076473685688,0.08536808760680423
0.08185298425996829,0.03662689551411455,0.8101456294161996,0.07137449080971756

0.06704644647220503,0.044252894645389,0.12451758290665695,0.764183075975749
0.06441329900274333,0.08984083895234107,0.6412430069065864,0.2045028551383292
0.0006394600731072217,0.892745379389742,0.030485033794787456,0.07613012674236327
0.8763350891979108,0.0003747467181276245,0.008456247237518475,0.1148339168464432

*,*,*,*,*,*,*,*,*,*,*
Model Num 2
Model States: 
"['diamond', 'x', 'square']","['diamond', 'x', 'diamond']","['square', 'y', 'diamond', 'x', 'diamond']","['square', 'y', 'diamond', 'x', 'square']"
Iteration: ,32226
Error:,0.0423875319490157
Absolute Error:,0.09694529722801842
Transition Probabilities
0.00012805736970162624,0.00012805736970162624,0.1352221724695694,0.8645217127910273
0.8316145857519277,0.16793313021369877,0.00022614201718679323,0.00022614201718679323
0.05690171503773172,0.05202254998689534,0.8057076473685688,0.08536808760680423
0.08185298425996829,0.03662689551411455,0.8101456294161996,0.07137449080971756

0.06704644647220503,0.044252894645389,0.12451758290665695,0.764183075975749
0.06441329900274333,0.08984083895234107,0.6412430069065864,0.2045028551383292
0.0006394600731072217,0.892745379389742,0.030485033794787456,0.07613012674236327
0.8763350891979108,0.0003747467181276245,0.008456247237518475,0.1148339168464432

Transition Gammas
1.0,1.0,1055.949944814868,6751.050055185136
3677.399698195026,742.6003018049762,1.0,1.0
140.1727943381628,128.15336401415013,1984.795928846602,210.29741158444784
256.08365052212906,114.59019112555788,2534.6058193374015,223.30084023154842

145.6191172651133,96.11348242533742,270.44148438754104,1659.7399386209079
64.41883708434649,89.84856322520271,641.2981392496691,204.52043774188112
2.880885222595998,4021.982105196304,137.3406832783083,342.9802208927904
5918.606039160751,2.5309704203398886,57.111938784081026,775.5671570448197

