0,1,2,3,4,5,6,7,8,9,10,11,12,13,14,15,16,17,18,19,20,21,22,23,24,25,26,27,28,29
github Code Version (SHA):,528ca1c557fe8e6666681dc5c9134b0f84d30530
Environment Observations,Environment Actions,alpha,epsilon,numActions,explore,patience,gainThresh,insertRandActions,useUpdatedPosterior,revisedSplitting,haveControl,confidence_factor
"['diamond', 'square']","['x', 'y']",0.75,0.99,75000,0.5,0,0.01,False,False,False,False,250

Model Num 0
Model States: 
['diamond'],['square']
Iteration: ,0
Error:,0.4032641372768369
Absolute Error:,1
Transition Probabilities
0.5,0.5
0.5,0.5

0.5,0.5
0.5,0.5

Transition Gammas
1.0,1.0
1.0,1.0

1.0,1.0
1.0,1.0

Iteration: ,2494
Error:,0.04471897386973439
Absolute Error:,1
Transition Probabilities
0.453551912568306,0.546448087431694
0.16395663956639567,0.8360433604336044

0.172,0.828
0.8316970546984572,0.16830294530154277


Model Num 1
Model States: 
['square'],"['diamond', 'x', 'square']","['diamond', 'x', 'diamond']"
Iteration: ,0
Error:,0.4794085187604162
Absolute Error:,1
Transition Probabilities
0.3333333333333333,0.3333333333333333,0.3333333333333333
0.3333333333333333,0.3333333333333333,0.3333333333333333
0.3333333333333333,0.3333333333333333,0.3333333333333333

0.3333333333333333,0.3333333333333333,0.3333333333333333
0.3333333333333333,0.3333333333333333,0.3333333333333333
0.3333333333333333,0.3333333333333333,0.3333333333333333

Transition Gammas
1.0,1.0,1.0
1.0,1.0,1.0
1.0,1.0,1.0

1.0,1.0,1.0
1.0,1.0,1.0
1.0,1.0,1.0

Iteration: ,2500
Error:,0.052903883635323494
Absolute Error:,1
Transition Probabilities
0.8141470180305131,0.08978583572623727,0.09606714624324954
0.995850622406639,0.002074688796680498,0.002074688796680498
0.0027548209366391185,0.7600932660831025,0.2371519129802584

0.18658892128279883,0.4043502369477682,0.409060841769433
0.8206554866725245,0.08571508161907683,0.0936294317083985
0.7765930985100711,0.11544707841121644,0.1079598230787126

Transition Gammas
587.0,64.73558755861707,69.26441244138292
480.0,1.0,1.0
1.0,275.9138555881662,86.0861444118338

128.0,277.384262546169,280.61573745383106
125.82978554699945,13.142555571039344,14.356050138072698
85.17021445300063,12.661266814139955,11.840127476748

Iteration: ,5000
Error:,0.03650392552033639
Absolute Error:,1
Transition Probabilities
0.8256227758007118,0.08448644555745945,0.0898907786418288
0.9979013641133263,0.001049317943336831,0.001049317943336831
0.0013586956521739137,0.7453768647774248,0.2532644395704013

0.17613227893601727,0.4079767392087822,0.4158909818552006
0.8457041133127627,0.07519687493153795,0.07909901175569939
0.8041717045437157,0.10237230936434209,0.09345598609194218

Transition Gammas
1160.0,118.70345600823053,126.29654399176947
951.0,1.0,1.0
1.0,548.5973724761844,186.40262752381526

245.0,567.495644239416,578.5043557605841
260.4160785134813,23.15523240088313,24.356810060935686
178.58392148651888,22.73401110063735,20.75394643754384

Iteration: ,7500
Error:,0.03920176692576221
Absolute Error:,1
Transition Probabilities
0.8359412043622569,0.08034656738075253,0.08371222825699046
0.998587570621469,0.0007062146892655367,0.0007062146892655367
0.0009199632014719413,0.7458274311783241,0.253252605620204

0.18397344713134187,0.40810578417793153,0.40792076869072663
0.8379103525309666,0.07876889998492048,0.08332074748411301
0.7978311251645529,0.1034753131240469,0.09869356171140005

Transition Gammas
1763.0,169.45091060600708,176.5490893939929
1414.0,1.0,1.0
1.0,810.7144176908381,275.2855823091617

388.0,860.6950988312576,860.3049011687425
387.22922442936147,36.40200882848915,38.50558514964209
264.7707755706382,34.3396466296271,32.75275939224165

Iteration: ,10000
Error:,0.03901110686074485
Absolute Error:,1
Transition Probabilities
0.8316510454217736,0.08293386605730833,0.08541508852091804
0.9989412387506618,0.0005293806246691371,0.0005293806246691371
0.000674763832658569,0.7414271975499679,0.25789803861737354

0.18077884958913898,0.40378756393750415,0.4154335864733569
0.8333113478289861,0.0802388915426866,0.08644976062832732
0.7876730336399099,0.11097628242432163,0.10135068393576839

Transition Gammas
2307.0,230.05854444297333,236.94145555702664
1887.0,1.0,1.0
1.0,1098.795106769053,382.2048932309478

506.0,1130.201391461074,1162.798608538926
518.5962743654278,49.93522567724413,53.800447933938635
353.40372563457174,49.79151245611785,45.47281393269939

Iteration: ,12500
Error:,0.039668581828736504
Absolute Error:,1
Transition Probabilities
0.828710323134115,0.08425928138860642,0.08703039547727862
0.9991478483170004,0.00042607584149978694,0.00042607584149978694
0.0005376344086021502,0.7372159595599653,0.2622464060314325

0.17835497835497835,0.40436539621476075,0.41727962543026087
0.834228637017853,0.0775233658889117,0.08824799709323536
0.7937300840522614,0.10716267835313455,0.09910723759460405

Transition Gammas
2898.0,294.65470701595666,304.34529298404334
2345.0,1.0,1.0
1.0,1371.2216847815364,487.7783152184648

618.0,1401.126097884146,1445.873902115854
651.7372575052539,60.564770417890124,68.94333885669042
448.262742494746,60.520619108215065,55.9712716172044

Iteration: ,15000
Error:,0.038923649316341485
Absolute Error:,1
Transition Probabilities
0.8279646862324027,0.0858576691481942,0.08617764461940303
0.9992897727272727,0.0003551136363636364,0.0003551136363636364
0.0004539264639128463,0.7434570853884794,0.2560889881476079

0.17747358309317965,0.40436704872442686,0.4181593681823935
0.8297645509675526,0.08288764723797201,0.08734780179447543
0.7868940941628685,0.1126171439559812,0.10048876188115027

Transition Gammas
3470.0,359.8294914000819,361.1705085999181
2814.0,1.0,1.0
1.0,1637.8359591108194,564.1640408891799

739.0,1683.7843908885134,1741.2156091114866
787.8864623852131,78.70432049863865,82.93937174434099
544.1135376147877,77.87135911745698,69.48494863956343

Iteration: ,16128
Error:,0.040035767420881926
Absolute Error:,1
Transition Probabilities
0.8277236492471214,0.08609329591246417,0.08618305484041448
0.9993344425956738,0.00033277870216306157,0.00033277870216306157
0.0004192872117400422,0.7452197254520915,0.2543609873361684

0.1753480017961383,0.3999292542272499,0.4247227439766118
0.8306921125078491,0.08229055281036156,0.08701733468178927
0.7865523878584734,0.11295264258185088,0.10049496955967566


Model Num 2
Model States: 
"['diamond', 'x', 'square']","['diamond', 'x', 'diamond']","['square', 'y', 'diamond', 'x', 'diamond']","['square', 'y', 'diamond', 'x', 'square']"
Iteration: ,0
Error:,0.40365362075212957
Absolute Error:,0.5
Transition Probabilities
0.25,0.25,0.25,0.25
0.25,0.25,0.25,0.25
0.25,0.25,0.25,0.25
0.25,0.25,0.25,0.25

0.25,0.25,0.25,0.25
0.25,0.25,0.25,0.25
0.25,0.25,0.25,0.25
0.25,0.25,0.25,0.25

Transition Gammas
1.0,1.0,1.0,1.0
1.0,1.0,1.0,1.0
1.0,1.0,1.0,1.0
1.0,1.0,1.0,1.0

1.0,1.0,1.0,1.0
1.0,1.0,1.0,1.0
1.0,1.0,1.0,1.0
1.0,1.0,1.0,1.0

Iteration: ,2500
Error:,0.051641633958188514
Absolute Error:,0.19752315330860673
Transition Probabilities
0.0018115942028985507,0.0018115942028985507,0.27689210125185343,0.7194847103423494
0.7584079910527106,0.23646380381908416,0.002564102564102565,0.002564102564102565
0.0772150692911201,0.06232203919877092,0.6831441377636011,0.17731875374650785
0.14175971067661278,0.07352406624726941,0.6030477093750134,0.1816685137011045

0.08133123560892498,0.0940980291368256,0.47308375026541943,0.35148698498882996
0.0891750286218619,0.14417457774531692,0.4301890484718771,0.33646134516094417
0.005869250862502212,0.7768018355383688,0.17763984064190097,0.03968907295722803
0.8279668088342267,0.0059905840022141995,0.138273136276116,0.027769470887443116

Transition Gammas
1.0,1.0,152.8444398910231,397.1555601089769
295.77911651055706,92.2208834894428,1.0,1.0
19.576183286417624,15.800382921870268,173.1961775684109,44.955271753670345
23.457260643499833,12.166173148212275,99.78750120014868,30.061049477770084

14.001663982068683,16.199544682733922,81.44422812465437,60.510609743447205
10.24121283747604,16.557578497721355,49.404611064758456,38.64055106713992
2.5042535592167443,331.4407250644804,75.79420501997807,16.93427398889169
375.3393306438174,2.715690732485422,62.68288277035255,12.58863822077768

Iteration: ,5000
Error:,0.05366165029423705
Absolute Error:,0.18460609786620968
Transition Probabilities
0.0009041591320072335,0.0009041591320072335,0.2439289388078047,0.7542627429281807
0.7717717360037546,0.22562748376217517,0.0013003901170351103,0.0013003901170351103
0.07681865131334129,0.0689977193954889,0.7086608784585265,0.14552275083264335
0.12702866931179893,0.06318705745134322,0.6653135863847286,0.14447068685212938

0.07789858353942038,0.09717844498808427,0.45728854236711175,0.36763442910538363
0.06488915938665038,0.1330991909174673,0.4508631463386059,0.3511485033572764
0.0032114912554036235,0.7753078581713273,0.1905739943639472,0.03090665620932188
0.827663075278454,0.003293920105818424,0.14864283165418926,0.02040017296153839

Transition Gammas
1.0,1.0,269.78540632143194,834.2145936785678
593.4924649868874,173.50753501311274,1.0,1.0
43.66547188287028,39.21987596419375,402.8189916612975,82.718447618686
44.15227083435501,21.962381318580995,231.24784204211218,50.214718677904216

24.316591666437382,30.33493624898557,142.74584020971722,114.7596771198743
13.55164377787526,27.796828306701784,94.15959167148382,73.33489099892451
2.689971522239877,649.4042466846291,159.6263470610297,25.887669758043682
727.0124294976968,2.893352295433377,130.5666392474649,17.91934393346174

Iteration: ,7500
Error:,0.050045367574645096
Absolute Error:,0.1786861540935048
Transition Probabilities
0.0006042296072507549,0.0006042296072507549,0.24069370572740936,0.7580978350580891
0.7471836075924496,0.25115388201686034,0.0008312551953449709,0.0008312551953449709
0.07654360317364024,0.08116104681059122,0.7081111707884996,0.13418417922726897
0.11951071417976623,0.07107917190965907,0.678249671403721,0.13116044250685363

0.08182645294681859,0.08763362150885402,0.443076705594226,0.3874632199501013
0.07318863589362237,0.12246319028400628,0.44030815205952833,0.3640400217628431
0.0022339404879999744,0.7718106259614619,0.19675285181170232,0.029202581738835783
0.8208311086830802,0.0023041846214600444,0.1547470150922837,0.022117691603176233

Transition Gammas
1.0,1.0,398.34808297886275,1254.6519170211384
898.8618799337169,302.138120066283,1.0,1.0
66.09265756524553,70.07965462927869,611.4286130858093,115.86322880859034
61.970589272641945,36.85709853283388,351.69676710023805,68.01139100536244

36.741683111188735,39.34921575369782,198.950135617793,173.9785892210172
21.662399992407472,36.24670114270596,130.32257253290908,107.7487026282807
2.786493505255599,962.7137822522408,245.41859850737086,36.425681341589346
1063.5142948928205,2.9854293496825806,200.4988126079671,28.656907543072627

Iteration: ,10000
Error:,0.047016257946993975
Absolute Error:,0.17679707557350482
Transition Probabilities
0.0004533091568449676,0.0004533091568449676,0.23420084442447506,0.764892537261835
0.7447541318087837,0.25398958678418115,0.0006281407035175882,0.0006281407035175882
0.08273906502221706,0.0840432633240211,0.7001837127608102,0.13303395889295183
0.11668350131230194,0.07221241621779742,0.6837383296400528,0.12736575282984786

0.0880140334627906,0.0842664426416449,0.4195232487237984,0.408196275171766
0.07809516329447393,0.11556422420952779,0.42905598494319375,0.37728462755280445
0.0017536932122705848,0.7830329919403987,0.1871757002916177,0.028037614555713082
0.8243195678043735,0.0017616745482631107,0.15431965646480172,0.019599101182561585

Transition Gammas
1.0,1.0,516.6470628003927,1687.3529371996106
1185.6485778395831,404.35142216041623,1.0,1.0
92.1725208497991,93.62541671142174,780.0148315164774,148.2017635381704
79.80981918111165,49.39224325766753,467.66708096729616,87.11632397805514

54.522927872558554,52.20137054813968,259.88623553651036,252.86940267822607
32.37201203729143,47.90368954201032,177.85231406559876,156.39204771966502
2.888839184567597,1289.8814764743497,308.3324344405775,46.18604839410733
1443.1455009760293,3.0841833650529513,270.1691511855476,34.312365979767854

Iteration: ,12500
Error:,0.047365956828186805
Absolute Error:,0.1759774931765133
Transition Probabilities
0.0003586800573888086,0.0003586800573888086,0.22591602037520006,0.7733666195100223
0.7457478414905807,0.25324358564002947,0.0005042864346949065,0.0005042864346949065
0.08592434639181828,0.08612171398300464,0.6947229193515863,0.1332310202735907
0.11225825943179582,0.07177373492030861,0.6945309181712433,0.12143708747665236

0.0899326409792104,0.08112448973128611,0.41535623566525054,0.413586633624253
0.07791893880651767,0.11638669316401935,0.42982594295662074,0.37586842507284224
0.0014556235165669705,0.7864006353047126,0.18536814289021,0.026775598288510363
0.825013597025875,0.0014183759927642351,0.15532825556120575,0.018239771420154854

Transition Gammas
1.0,1.0,629.8538648060588,2156.1461351939456
1478.817969675822,502.18203032417864,1.0,1.0
119.57193076536947,119.84658661018726,966.7732639480757,185.40368359985854
94.90364162343526,60.67784100100796,587.1595879728195,102.6634644792444

68.73289899415418,62.001085456188974,317.444677279869,316.09222196420836
39.40587606608869,58.86013948356811,217.37549429666413,190.08760645925835
2.955941561909118,1596.9474907160766,376.4279647771618,54.37333412464762
1830.9487725918618,3.1477951301498255,344.71926268107933,40.47943841711162

Iteration: ,15000
Error:,0.04438138511970576
Absolute Error:,0.17478649604395
Transition Probabilities
0.0002999400119975998,0.0002999400119975998,0.21885264070365537,0.7805474792723495
0.7464140565631744,0.2527452540715462,0.0004203446826397644,0.0004203446826397644
0.08554879750736323,0.08449515783729365,0.6974951077247618,0.13246093693058134
0.10920324447647672,0.06798777401217475,0.7033302203948597,0.11947876111648882

0.08565089251589895,0.08045317276705934,0.4152933198590751,0.4186026148579667
0.07485382283599666,0.11671616501962631,0.43462405108517504,0.37380596105920205
0.0012393038992969038,0.7916345961363721,0.18295426057869782,0.024171839385633123
0.8260956349542129,0.001201814841633171,0.1561421996460933,0.016560350558060568

Transition Gammas
1.0,1.0,729.6547041059886,2602.345295894019
1775.7190405637928,601.2809594362087,1.0,1.0
142.86027006415614,141.10076844400194,1164.7661026376286,221.20013108571464
110.95843849638356,69.08052299545841,714.6346555586221,121.39911071803122

78.98909484467394,74.19564592479355,382.9924297008209,386.0443327091629
45.64425157020569,71.17100766032682,265.0244005527753,227.93883703724072
3.014600140181855,1925.6469424807171,445.03526528102805,58.79787067701752
2201.1362153382042,3.2022420408943844,416.04172185540415,44.12514218655049

Iteration: ,17500
Error:,0.04479307360930598
Absolute Error:,0.17267943398512428
Transition Probabilities
0.0002575991756826371,0.0002575991756826371,0.21809765517090782,0.7813871464777269
0.7510296055657737,0.24824523127251497,0.0003625815808556922,0.0003625815808556922
0.08212464135073447,0.08107985301398692,0.7049120512332053,0.13188345440207322
0.10778518957183279,0.06808811752293328,0.7071682782527142,0.11695841465251977

0.08780429647036064,0.0846238741607625,0.4017913378370858,0.4257804915317911
0.07380563672658118,0.12013028897267812,0.43121921122990275,0.374844863070838
0.001078953193383807,0.7915716048400259,0.18262621659444764,0.024723225372142554
0.8264648623739307,0.0010447694988093305,0.15619143044751585,0.016298937679744097

Transition Gammas
1.0,1.0,846.6550973734664,3033.344902626544
2071.3396521504055,684.6603478495969,1.0,1.0
161.2845997660916,159.23273974014697,1384.376920051236,259.0059427859862
128.38291748938127,81.09974300438019,842.307993135928,139.3091440268454

94.48951745239572,91.06694496552197,432.382823562561,458.1984572823667
52.68705839355984,85.75647918852249,307.831119276994,267.587599878078
3.0608215138653034,2245.5648796595874,518.0820226269691,70.13592487165086
2567.1290814121444,3.245217414400295,485.15500370754523,50.627048793835165

Iteration: ,20000
Error:,0.04455829895101146
Absolute Error:,0.17370192021161446
Transition Probabilities
0.00022639800769753184,0.00022639800769753184,0.21431503629606055,0.7852321676885444
0.7485288009973258,0.25083647986589225,0.00031735956839098675,0.00031735956839098675
0.07831538364478408,0.08297648579056136,0.705613971171351,0.13309415939330355
0.10856344967283865,0.06659669650263914,0.7074968607519472,0.1173429930725751

0.08492349985466979,0.08890046652458004,0.3964650201649422,0.4297110134558078
0.07081407032684887,0.12435292887228692,0.4290281006060435,0.3758049001948207
0.0009641228979501543,0.7928154637082856,0.18277109738130864,0.023449316012455604
0.8282416132188922,0.0009255157625217752,0.15595608578391504,0.014876785234670953

Transition Gammas
1.0,1.0,946.6295153197012,3468.370484680307
2358.6142519425753,790.385748057427,1.0,1.0
176.21133984914624,186.69892244219722,1587.6469920691204,299.46479301135156
148.18671526468393,90.90302244397274,965.7176164800586,160.17059843946646

105.0856061577326,110.00676406916831,490.59173297930994,531.7308212559975
58.74629588123737,103.16133389186172,355.91530924909966,311.7621365155924
3.108478353155102,2556.1572204368945,589.2817202040711,75.60414898970701
2943.445158468502,3.2891427414442598,554.2442909265455,52.869839879676654

Iteration: ,22500
Error:,0.04320392127357406
Absolute Error:,0.17170774067925634
Transition Probabilities
0.0002021835826930851,0.0002021835826930851,0.21162258817626084,0.7879730446583529
0.7495916361777533,0.24984466596429866,0.0002818489289740696,0.0002818489289740696
0.08007220267878587,0.08245816178800418,0.7096316508066277,0.12783798472658203
0.1071007023386309,0.0658379980791997,0.7138015592980638,0.11325974028410554

0.08272077527422987,0.08911964620633173,0.39433151752934203,0.4338280609900964
0.06679203759630616,0.1242352856256995,0.43378783978327506,0.3751848369947193
0.000866487962506425,0.7967323171644121,0.17869755539415574,0.023703639478925762
0.8275629706801821,0.0008349215552084644,0.15682573635764377,0.014776371406965583

Transition Gammas
1.0,1.0,1046.6853211197872,3897.314678880218
2659.5511251586713,886.4488748413326,1.0,1.0
202.64886902005279,208.68731805524192,1795.954733925357,323.535785902742
164.52523860449355,101.13857432021194,1096.522891964396,173.98658820750026

116.0356326241154,125.01157650550468,553.1440795671465,608.5474095255669
63.269512481859735,117.68327838852018,410.9104338084265,355.39807709885895
3.1483351198132383,2894.8819184551553,649.2874844386779,86.12583655868178
3296.6437892990466,3.325957125978738,624.724169739917,58.862509262723385

Iteration: ,23616
Error:,0.0438035284711303
Absolute Error:,0.17139607637717108
Transition Probabilities
0.00019264110961279116,0.00019264110961279116,0.21068009198937293,0.7889346257914015
0.7531961221794724,0.2462642124130802,0.000269832703723691,0.000269832703723691
0.08008530715536592,0.08079704701960433,0.7112103007150413,0.12790734510998847
0.10758195236881501,0.06528346988966656,0.7154629690190318,0.11167160872248666

0.08320188477207437,0.09103631334556665,0.39136589437139335,0.4343959075109656
0.06605594638197648,0.1245935928494767,0.4350193161908675,0.3743311445776794
0.0008289135864397649,0.7976054687835279,0.17793458951018987,0.0236310281198426
0.828434510341878,0.0007992354999960807,0.15629780532970625,0.014468448828419588


Model Num 3
Model States: 
"['diamond', 'x', 'square']","['diamond', 'x', 'diamond']","['square', 'y', 'diamond', 'x', 'diamond']","['square', 'y', 'diamond', 'x', 'square']","['square', 'y', 'square', 'y', 'diamond', 'x', 'diamond']"
Iteration: ,0
Error:,0.37967774942984794
Absolute Error:,1
Transition Probabilities
0.2,0.2,0.2,0.2,0.2
0.2,0.2,0.2,0.2,0.2
0.2,0.2,0.2,0.2,0.2
0.2,0.2,0.2,0.2,0.2
0.2,0.2,0.2,0.2,0.2

0.2,0.2,0.2,0.2,0.2
0.2,0.2,0.2,0.2,0.2
0.2,0.2,0.2,0.2,0.2
0.2,0.2,0.2,0.2,0.2
0.2,0.2,0.2,0.2,0.2

Transition Gammas
1.0,1.0,1.0,1.0,1.0
1.0,1.0,1.0,1.0,1.0
1.0,1.0,1.0,1.0,1.0
1.0,1.0,1.0,1.0,1.0
1.0,1.0,1.0,1.0,1.0

1.0,1.0,1.0,1.0,1.0
1.0,1.0,1.0,1.0,1.0
1.0,1.0,1.0,1.0,1.0
1.0,1.0,1.0,1.0,1.0
1.0,1.0,1.0,1.0,1.0

Iteration: ,2500
Error:,0.08196134267805134
Absolute Error:,1
Transition Probabilities
0.0021276595744680856,0.0021276595744680856,0.14003292900953562,0.7448813436528873,0.11083040818864102
0.67347339407672,0.31800387865055274,0.0028409090909090906,0.0028409090909090906,0.0028409090909090906
0.08849091120147252,0.10068449933264405,0.5213073416235483,0.12385870718149156,0.1656585406608435
0.1096150827238336,0.10769276506948153,0.49872320786096774,0.09549161698613275,0.18847732735958436
0.09525311291878019,0.11238627457727463,0.4792304139685524,0.13269617691233587,0.18043402162305677

0.09677936650117265,0.09199694162887409,0.09059566448849966,0.6747076717459913,0.04592035563546221
0.11788899351443538,0.09713578574487523,0.12711771147205844,0.5611014536598423,0.09675605560878853
0.016818319629351975,0.9721021159102271,0.0036931881534736483,0.0036931881534736483,0.0036931881534736483
0.9876913473624112,0.004923696112665857,0.002461652174974339,0.002461652174974339,0.002461652174974339
0.007407407407407408,0.007407407407407408,0.4863126202218874,0.3320220811213061,0.16685048384199166

Transition Gammas
1.0,1.0,65.81547663448174,350.09423151685695,52.09029184866127
237.0626347150055,111.93736528499458,1.0,1.0,1.0
14.712655452491076,16.739982987802136,86.67348090358118,20.592967784039992,27.5426820496444
28.053842217074248,27.561862511123035,127.63847671012729,24.4392166608271,48.23709540559391
9.602250785809188,11.329406045700308,48.31013368599234,13.376801345241214,18.18914545495251

23.706295152518287,22.534830824261082,22.191585247428435,165.27096411490862,11.248280946225075
16.86378989773003,13.895084125490602,18.183939947562347,80.26446527149149,13.840764472383897
4.553875657142844,263.21489063477884,1.0,1.0,1.0
401.23107456182635,2.00015914625192,1.0,1.0,1.0
1.0,1.0,65.6522037299548,44.82298095137632,22.524815318668875

Iteration: ,5000
Error:,0.07044396290597611
Absolute Error:,1
Transition Probabilities
0.0010845986984815616,0.0010845986984815616,0.13696991508370354,0.7417601309152365,0.11910075660409679
0.6994428460770842,0.2962714396372015,0.0014285714285714286,0.0014285714285714286,0.0014285714285714286
0.07778519106648114,0.09487565938494981,0.578884637187338,0.10302199404220176,0.14543251831902942
0.09854522402400268,0.09770330398858845,0.5415394364984615,0.08966615816739301,0.17254587732155427
0.0866321612683776,0.10841514684516146,0.5207171379713748,0.11876844590036255,0.16546710801472353

0.094639319289329,0.08651393057949362,0.08297399034742463,0.6849411097719916,0.0509316500117612
0.11586581849482097,0.09511885022257521,0.15026018601183244,0.5464299713182631,0.0923251739525083
0.009128634007693506,0.9855110553826484,0.0017867702032193485,0.0017867702032193485,0.0017867702032193485
0.9933327453788717,0.0027929421729592442,0.0012914374827229802,0.0012914374827229802,0.0012914374827229802
0.00348432055749129,0.00348432055749129,0.5119414955756527,0.34263097514720814,0.13845888816215665

Transition Gammas
1.0,1.0,126.2862617071747,683.9028407038483,109.81089758897727
489.6099922539589,207.39000774604105,1.0,1.0,1.0
27.830660351478617,33.94543634543986,207.11836661145776,36.8601026186343,52.034107853997725
51.25756186797947,50.81964345305329,281.67769108231573,46.63918211408921,89.74844868910299
15.166588429107822,18.98010955294091,91.16132396984922,20.792649184351706,28.96812787620112

44.50189428037967,40.68112303997562,39.016550142057916,322.0773044887695,23.949399904488313
32.300346186295386,26.516636493349328,41.88859224617888,152.33032027419094,25.737832944314434
5.109014013803123,551.5600459460228,1.0,1.0,1.0
769.1682785019077,2.1626615382653753,1.0,1.0,1.0
1.0,1.0,146.9272092302123,98.33508986724871,39.737700902538954

Iteration: ,7500
Error:,0.0618849889203816
Absolute Error:,1
Transition Probabilities
0.0007347538574577514,0.0007347538574577514,0.143567743733225,0.7293520356256066,0.12561071292625287
0.7192922204475127,0.27786417765675253,0.0009478672985781982,0.0009478672985781982,0.0009478672985781982
0.07161680254095334,0.09515771755059901,0.5998043257586702,0.1005186757818633,0.13290247836791422
0.08438467318171654,0.09138765955076751,0.5753209024985552,0.08546597819848296,0.1634407865704778
0.07971711874532061,0.10698774301066358,0.5415091713011522,0.1154008067757591,0.15638516016710458

0.09571983088181933,0.08287559558556679,0.07311621123239785,0.6963696406934241,0.0519187216067919
0.10404891206855361,0.09598546377652588,0.1487976961494946,0.5576832278566038,0.09348470014882199
0.006246799000061849,0.9903092054003573,0.0011479985331935966,0.0011479985331935966,0.0011479985331935966
0.9953514753225715,0.0020004971765635957,0.0008826758336216009,0.0008826758336216009,0.0008826758336216009
0.0022779043280182236,0.0022779043280182236,0.5362203547535958,0.3288355746329743,0.13038826195739348

Transition Gammas
1.0,1.0,195.3956992209193,992.6481204864508,170.9561802926302
758.8532925721266,293.14670742787416,1.0,1.0,1.0
39.157769308436386,52.029186162464256,327.9537564502329,54.96038607985749,72.66681007539108
65.47401405634642,70.90762670987023,446.39112100349865,66.31299792862505,126.81360197072343
19.39778415232534,26.03361961055733,131.76690511059027,28.08079338632368,38.05362799475726

67.14334466462934,58.13366600656054,51.287877612424616,488.4733536229371,36.418750297373165
43.548944615081766,40.17404471372835,62.27823529953593,233.41441558452686,39.127367583202144
5.4414694962057055,862.639782862295,1.0,1.0,1.0
1127.652346885566,2.2664007559327835,1.0,1.0,1.0
1.0,1.0,235.40073573682852,144.3588172638757,57.24044699929573

Iteration: ,10000
Error:,0.05912130245461722
Absolute Error:,1
Transition Probabilities
0.00055005500550055,0.00055005500550055,0.13827800649387753,0.7293363329176075,0.13128555057751395
0.71874897362566,0.2791081692314828,0.000714285714285714,0.000714285714285714,0.000714285714285714
0.06927341558544209,0.09682840444875036,0.602216847716427,0.10439482860463199,0.12728650364474867
0.08533817077084675,0.088404620337593,0.5884027032499938,0.0875410442404832,0.15031346140108337
0.07853182590053231,0.10710997061227058,0.5467450029917584,0.11728830398792707,0.15032489650751163

0.09240402088780933,0.08134404547194529,0.0732896352289509,0.7015692950272594,0.05139300338403515
0.10096038308874655,0.09452284719952346,0.15973485830021028,0.5545533196694238,0.09022859174209578
0.00486380195055165,0.9925780800091623,0.0008527060134286718,0.0008527060134286718,0.0008527060134286718
0.9964840677090884,0.0015438865305085448,0.0006573485868010273,0.0006573485868010273,0.0006573485868010273
0.0017271157167530224,0.0017271157167530224,0.5524221442183741,0.326472700699448,0.11765092364867169

Transition Gammas
1.0,1.0,251.38941580586936,1325.9334532442103,238.67713094992038
1006.2485630759246,390.7514369240761,1.0,1.0,1.0
49.857957007312905,69.69003022722389,433.4318071193097,75.13579101546945,91.61155073266994
87.81815700521854,90.97371971612095,605.5020925519453,90.08504750066434,154.68167449667985
23.96886920349704,32.6912668406265,166.87323023628088,35.79781808393644,45.88098826304447

85.98311224774439,75.69166498708746,68.1969342020104,652.8191183059009,47.82184082750431
57.49565894341502,53.82956382175318,90.9669778702267,315.811089044944,51.38403974941355
5.703961123710902,1164.033165449455,1.0,1.0,1.0
1515.9142161671884,2.3486572596464157,1.0,1.0,1.0
1.0,1.0,319.85242150243863,189.0276937049804,68.1198847925809

Iteration: ,12500
Error:,0.061358461769646454
Absolute Error:,1
Transition Probabilities
0.00043763676148796473,0.00043763676148796473,0.13862072536627668,0.7290715934990978,0.13143240761164957
0.7301859108234392,0.26807495874177817,0.0005797101449275358,0.0005797101449275358,0.0005797101449275358
0.073419306024718,0.09694719405376188,0.6038956278764999,0.10735185338154647,0.1183860186634739
0.08476119439684936,0.09147686012191716,0.594156042163304,0.0900284871416641,0.13957741617626546
0.08030083861932621,0.10832823716234384,0.5499086929842497,0.11997066055348735,0.14149157068059276

0.09330261598540542,0.07684107968081476,0.07178970959354197,0.7054068373223142,0.052659757417923565
0.10079854161988243,0.08689935236564122,0.16150658298712378,0.5608960771004191,0.08989944592693347
0.00400673869448651,0.9939577833099743,0.0006784926651797269,0.0006784926651797269,0.0006784926651797269
0.9971577586763507,0.0012667308199476454,0.0005251701679005633,0.0005251701679005633,0.0005251701679005633
0.0013966480446927381,0.0013966480446927381,0.5625220039270007,0.31734424173512665,0.11734045824848716

Transition Gammas
1.0,1.0,316.74835746194236,1665.9285911454394,300.32305139261945
1259.5706961704336,462.4293038295677,1.0,1.0,1.0
66.50119163908299,87.81210664767175,546.9920795205952,97.23636140245554,107.23080536714964
109.76563375501875,118.46241191682255,769.4312825758494,116.5867708381141,180.75256788789744
29.56908051626073,39.889575525143,202.4922117753522,44.17665098507807,52.1012696475093

108.27136294202734,89.16886562194696,83.30709295568901,818.5768308731956,61.108079849840074
71.72499325365119,61.834778182374514,114.92287873425704,399.1155695261726,63.969548060846286
5.905352998068387,1464.9499313993076,1.0,1.0,1.0
1898.7326768057292,2.412038796894287,1.0,1.0,1.0
1.0,1.0,402.76575481173234,227.21847708235057,84.01576810591676

Iteration: ,15000
Error:,0.06072464417357894
Absolute Error:,1
Transition Probabilities
0.00036337209302325565,0.00036337209302325565,0.13647496148965077,0.7304334525129238,0.13236484181137886
0.7354625725564977,0.2630574077099059,0.000493339911198816,0.000493339911198816,0.000493339911198816
0.07519858914601008,0.09322498017025545,0.6061464250389869,0.10824210753194709,0.11718789811280049
0.08370010286174794,0.08981947724302089,0.6010212554206638,0.08946750754818839,0.1359916569263791
0.08071286602055587,0.10560127203301352,0.5536705757185991,0.1206958724515356,0.1393194137762959

0.09265604989684288,0.07806728503107106,0.06947826734989032,0.7053851431919316,0.054413254530264014
0.10297386852896634,0.08465875801604074,0.1574035878922446,0.5680113007383175,0.08695248482443084
0.0034384182584017544,0.9948641524358156,0.0005658097685941886,0.0005658097685941886,0.0005658097685941886
0.9976169218925763,0.0010751029452064774,0.0004359917207390673,0.0004359917207390673,0.0004359917207390673
0.001157407407407408,0.001157407407407408,0.5669282051931279,0.31923065678858886,0.11152632320346834

Transition Gammas
1.0,1.0,375.5790940195191,2010.1528613155674,364.2680446649148
1490.782634572021,533.2173654279792,1.0,1.0,1.0
83.02574064604241,102.92843407366975,669.2380329250223,119.50864037460872,129.38556621955527
130.88550089547272,140.45463347327595,939.8431468417031,139.90424311253443,212.65608435170685
34.9623903247027,45.74330058683626,239.83347059744526,52.28182830425599,60.34898727317022

127.65855462650957,107.55861901924068,95.72494400220945,971.8571850963801,74.9688491317237
88.78734897020186,72.99547738404789,135.71838648966846,489.7574335908804,74.97320168913751
6.076986381738956,1758.3014780880433,1.0,1.0,1.0
2288.1556562621768,2.4658792680375368,1.0,1.0,1.0
1.0,1.0,489.8259692868623,275.81528746534065,96.3587432477966

Iteration: ,17500
Error:,0.05916239467792548
Absolute Error:,1
Transition Probabilities
0.00031162355874104054,0.00031162355874104054,0.13854711690982802,0.724614829478582,0.1362148064941078
0.7386726844731877,0.2600819855143589,0.0004151100041510999,0.0004151100041510999,0.0004151100041510999
0.07501809790168519,0.09224993125833868,0.6133338244430954,0.10713580547289907,0.11226234092398177
0.08381651244907902,0.08959652254156633,0.6082446484760071,0.08708088653592796,0.13126142999741952
0.08099666855962065,0.10490443585637127,0.5604976370968998,0.11877012166520177,0.13483113682190648

0.08761648995218053,0.08010914081031384,0.0709373778748083,0.7074803228575146,0.053856668505182635
0.09746169424529127,0.08808966598764027,0.16328626118488884,0.5638713270403716,0.08729105154180797
0.0029687117307347403,0.9955948676967954,0.00047880685748998795,0.00047880685748998795,0.00047880685748998795
0.9979271141789173,0.0009431445194948312,0.00037658043386261706,0.00037658043386261706,0.00037658043386261706
0.0009861932938856023,0.0009861932938856023,0.5696503970854144,0.31026658250919575,0.11811063381761869

Transition Gammas
1.0,1.0,444.5976981636385,2325.288987796772,437.1133140395923
1779.46249689591,626.5375031040908,1.0,1.0,1.0
95.75785935685954,117.75366465160027,782.8982038013974,136.75493886825507,143.2987739486391
151.08568054599363,161.50459124591922,1096.4075451037925,156.96996475273525,236.6087767329711
39.60413113924767,51.29407306037948,274.0609251908229,58.07383880721776,65.92703279417002

140.66768136246296,128.6146831478434,113.88947985736816,1135.8548679620612,86.46651661879639
97.02377653933543,87.69385895035816,162.55257862923546,561.3377240704671,86.89883286207258
6.200228096768261,2079.3245796769183,1.0,1.0,1.0
2649.9706953521068,2.504496874202727,1.0,1.0,1.0
1.0,1.0,577.6255026446098,314.6103146643243,119.76418269106527

Iteration: ,20000
Error:,0.05982826601779723
Absolute Error:,1
Transition Probabilities
0.000271444082519001,0.000271444082519001,0.14289300082784032,0.7203908356602177,0.13617327534690402
0.739062870751571,0.2598505664088782,0.0003621876131836292,0.0003621876131836292,0.0003621876131836292
0.0749506992947375,0.0907066566892012,0.6160047153226987,0.1091865537090059,0.10915137498435662
0.0833316496920623,0.08894169676553254,0.6110955811078851,0.0874717262828036,0.12915934615171662
0.08108368807298692,0.10418045080745456,0.5629950668841557,0.11958772069372879,0.132153073541674

0.08734915817115174,0.08098673082182398,0.07053536415761136,0.7039352732942774,0.05719347355513539
0.10108814452183856,0.08701438656500424,0.16184261673201675,0.5629000844900064,0.08715476769113414
0.0026404962871040736,0.9961063373093137,0.0004177221345273889,0.0004177221345273889,0.0004177221345273889
0.9981731523904727,0.0008380748388083817,0.0003295909235730047,0.0003295909235730047,0.0003295909235730047
0.0008658008658008665,0.0008658008658008665,0.5773113408380287,0.3091659625641238,0.11179109486624576

Transition Gammas
1.0,1.0,526.4178150497639,2653.919838572243,501.6623463779946
2040.552586145087,717.4474138549126,1.0,1.0,1.0
110.09050639338639,133.23347029620513,904.8117187527203,160.37746281597575,160.32579093502792
170.3637735815415,181.8329907749881,1249.3278316373116,178.82777343659865,264.0542181157248
44.41395203960246,57.065306914276384,308.38306067945183,65.50470776114251,72.3874358660478

159.22201941928884,147.62444306962863,128.57345573547755,1283.1491235985427,104.25355604697612
114.55080099540781,98.60273651567465,183.3963959823221,637.8656554011919,98.76181323549064
6.321178766577771,2384.614687551353,1.0,1.0,1.0
3028.5213608722947,2.5427728097698883,1.0,1.0,1.0
1.0,1.0,666.7945986679226,357.08668676156276,129.11871457051376

Iteration: ,22500
Error:,0.059256469230374795
Absolute Error:,1
Transition Probabilities
0.00024330900243308993,0.00024330900243308993,0.14131689063060898,0.7215952392253208,0.13660125213920415
0.7413754769464546,0.2576564688425097,0.0003226847370119393,0.0003226847370119393,0.0003226847370119393
0.07158586114181872,0.08680011861826618,0.6240472152589743,0.10805246986411662,0.10951433511682412
0.08299409096290253,0.08800849873511253,0.6142910793719424,0.08592874062419878,0.12877759030584382
0.07941454805810885,0.10171362567919283,0.5688940452869085,0.11800890226927419,0.13196887870651564

0.0896680821433975,0.08229968080004822,0.07004782003868529,0.6993415576902834,0.058642859327585596
0.10020777973311372,0.0861473900143593,0.16759045861828542,0.5599922691784526,0.08606210245578892
0.002372981491549362,0.9965219047583491,0.00036837125003386,0.00036837125003386,0.00036837125003386
0.9983542934930812,0.0007611023321792349,0.00029486805824653167,0.00029486805824653167,0.00029486805824653167
0.0007621951219512201,0.0007621951219512201,0.5786507901585884,0.30578366684549496,0.11404115275201404

Transition Gammas
1.0,1.0,580.8124204918032,2965.7564332160696,561.4311462921294
2297.522603057063,798.4773969429376,1.0,1.0,1.0
118.82170067466929,144.0750666189916,1035.823977467611,179.35075483575582,181.7772300183312
190.83556002815084,202.36562565471385,1412.4931159814955,197.58345623500517,296.1095576801533
48.185885248799565,61.71616177467488,345.1844007833689,71.60354824311597,80.0739587551629

184.86876214747943,169.67732275467083,144.4176508757266,1441.8330915312486,120.90403355947973
129.29801192390516,111.15590317394441,216.2418244818095,722.5575428411943,111.04585671054244
6.441820558285269,2705.2108563487263,1.0,1.0,1.0
3385.7661607361442,2.5811623568358724,1.0,1.0,1.0
1.0,1.0,759.1898366880675,401.1881709012891,149.62199241064232

Iteration: ,25000
Error:,0.05715928612516714
Absolute Error:,1
Transition Probabilities
0.00022021581149526536,0.00022021581149526536,0.14174829367665073,0.720557393544554,0.1372538811558048
0.7355037545401912,0.26363194122471806,0.00028810141169691714,0.00028810141169691714,0.00028810141169691714
0.0753771101566905,0.08524849656495138,0.6249847776416038,0.10486114402497346,0.10952847161178082
0.08555720530911642,0.08592518398481544,0.6175316192055318,0.08353684752794609,0.12744914397259036
0.08224755075540985,0.09985576454923144,0.5719242700837279,0.11497089444625376,0.13100152016537692

0.09020221258394433,0.08232629316766615,0.07040938743297362,0.6972636406320971,0.059798466183318986
0.09912731507018718,0.08562088821098417,0.1693219797380039,0.5581234536783576,0.0878063633024672
0.0021637579525682804,0.9968431869783372,0.0003310183563648336,0.0003310183563648336,0.0003310183563648336
0.9984951405273639,0.0007003584501341147,0.0002681670075006756,0.0002681670075006756,0.0002681670075006756
0.0006816632583503754,0.0006816632583503754,0.5845502106385732,0.3006197929253887,0.11346666991933743

Transition Gammas
1.0,1.0,643.679001585671,3272.0511240858195,623.2698743285097
2552.933532009005,915.0664679909969,1.0,1.0,1.0
140.9345141915972,159.3912982863148,1168.550052276641,196.06156776259732,204.78818973911456
218.40688578396427,219.34624648776423,1576.4091093966329,213.24940022140353,325.34688960813406
55.066038545655694,66.85501670470379,382.91236167363996,76.97483568882444,87.70759363301347

206.70480794390983,188.65657649051346,161.34813647987724,1597.8293968011071,137.03245312591685
141.99280403816826,122.64581152740818,242.54165132254184,799.4720136537949,125.77634861676167
6.536670583257575,3011.443830261973,1.0,1.0,1.0
3723.407848837812,2.61165031694792,1.0,1.0,1.0
1.0,1.0,857.5351590067862,441.009236221545,166.4556047716679

Iteration: ,27500
Error:,0.05855469733871979
Absolute Error:,1
Transition Probabilities
0.0002010454362685967,0.0002010454362685967,0.1412793996752061,0.7209589279464966,0.13735958150575994
0.7351683378222713,0.26404714334927676,0.0002615062761506276,0.0002615062761506276,0.0002615062761506276
0.0737473997642811,0.08587297475748595,0.6282361133601373,0.10449912434898628,0.10764438776910941
0.08544077236871307,0.08671241544531579,0.6185806189229008,0.08456079501036219,0.12470539825270797
0.08129861372124945,0.10074636998853732,0.5738907366692821,0.11542156283327609,0.12864271678765501

0.08704065114887204,0.0833744926968669,0.07001570293312898,0.6984283044708994,0.06114084875023259
0.09537825562754153,0.08677639271994429,0.1726450329781886,0.556025578962817,0.0891747397115087
0.00199568098234108,0.9971009131928792,0.00030113527492656026,0.00030113527492656026,0.00030113527492656026
0.9986249591636892,0.0006437318645410165,0.00024376965725662555,0.00024376965725662555,0.00024376965725662555
0.0006211180124223604,0.0006211180124223604,0.5884252207757817,0.29734431261508937,0.1129882305842841

Transition Gammas
1.0,1.0,702.7237339844752,3586.049707605874,683.22655840965
2811.2837238323655,1009.7162761676343,1.0,1.0,1.0
152.8554782390482,177.98803301974542,1302.1385413132307,216.59426202118888,223.11341721591293
239.26701117301883,242.82810068312497,1732.2635523533238,236.802736253734,349.22305931766783
