0,1,2,3,4,5,6,7,8,9,10,11,12,13,14,15,16,17,18,19,20,21,22,23,24,25,26,27,28,29
github Code Version (SHA):,528ca1c557fe8e6666681dc5c9134b0f84d30530
Environment Observations,Environment Actions,alpha,epsilon,numActions,explore,patience,gainThresh,insertRandActions,useUpdatedPosterior,revisedSplitting,haveControl,confidence_factor
"['diamond', 'square']","['x', 'y']",0.85,0.99,75000,0.5,0,0.01,False,False,False,False,250

Model Num 0
Model States: 
['diamond'],['square']
Iteration: ,0
Error:,0.5057273722108612
Absolute Error:,1
Transition Probabilities
0.5,0.5
0.5,0.5

0.5,0.5
0.5,0.5

Transition Gammas
1.0,1.0
1.0,1.0

1.0,1.0
1.0,1.0

Iteration: ,2487
Error:,0.08943498908729587
Absolute Error:,1
Transition Probabilities
0.44163424124513617,0.5583657587548638
0.10747051114023591,0.8925294888597641

0.142,0.858
0.8840782122905028,0.11592178770949721


Model Num 1
Model States: 
['square'],"['diamond', 'x', 'square']","['diamond', 'x', 'diamond']"
Iteration: ,0
Error:,0.5692258184884127
Absolute Error:,1
Transition Probabilities
0.3333333333333333,0.3333333333333333,0.3333333333333333
0.3333333333333333,0.3333333333333333,0.3333333333333333
0.3333333333333333,0.3333333333333333,0.3333333333333333

0.3333333333333333,0.3333333333333333,0.3333333333333333
0.3333333333333333,0.3333333333333333,0.3333333333333333
0.3333333333333333,0.3333333333333333,0.3333333333333333

Transition Gammas
1.0,1.0,1.0
1.0,1.0,1.0
1.0,1.0,1.0

1.0,1.0,1.0
1.0,1.0,1.0
1.0,1.0,1.0

Iteration: ,2500
Error:,0.06514013886137243
Absolute Error:,1
Transition Probabilities
0.9026425591098748,0.06170380039456429,0.03565364049556089
0.9957446808510638,0.002127659574468085,0.002127659574468085
0.003012048192771086,0.851424517170374,0.14556343463685492

0.09971910112359549,0.43761360872308014,0.4626672901533244
0.8822824849304609,0.06668994147494742,0.051027573594591695
0.8275433028690585,0.07881837892809028,0.09363831820285125

Transition Gammas
649.0,44.36503248369172,25.634967516308283
468.0,1.0,1.0
1.0,282.67293970056403,48.32706029943581

71.0,311.5808894108331,329.419110589167
155.26064392555594,11.735836802397902,8.979634152977022
87.73935607444425,8.356630752743119,9.927898291881958

Iteration: ,5000
Error:,0.07008742377079588
Absolute Error:,1
Transition Probabilities
0.8898245614035086,0.06172197902580998,0.04845345957068124
0.9978902953586498,0.0010548523206751054,0.0010548523206751054
0.0014880952380952389,0.8483799604586675,0.15013194430323723

0.11492641906096707,0.42249484877934823,0.4625787321596847
0.8901652759411453,0.07428817807411332,0.03554654598474134
0.8450456924974906,0.08883338518593452,0.06612092231657488

Transition Gammas
1268.0,87.95382011177924,69.04617988822078
946.0,1.0,1.0
1.0,570.1113334282243,100.88866657177537

164.0,602.90014920813,660.09985079187
298.70112858089476,24.92791308613487,11.927889898388853
175.29887141910547,18.427870002401374,13.716327013074904

Iteration: ,7500
Error:,0.06714618573178742
Absolute Error:,1
Transition Probabilities
0.8942398489140698,0.05951836172891907,0.04624178935701106
0.9985825655563431,0.0007087172218284905,0.0007087172218284905
0.0009900990099009903,0.8490168899911678,0.14999301099893123

0.12257169287696577,0.4117767145522725,0.4656515925707617
0.8929742555539348,0.06861548803987227,0.038410256406192916
0.8461446422887343,0.08550624438568977,0.06834911332557608

Transition Gammas
1894.0,126.05989014185059,97.94010985814943
1409.0,1.0,1.0
1.0,857.5070588910793,151.4929411089205

265.0,890.2612568620132,1006.7387431379868
443.12065652469,34.049066833544096,19.060323329742253
268.8793434753101,27.17131528632713,21.719294550386532

Iteration: ,10000
Error:,0.06684820097618784
Absolute Error:,1
Transition Probabilities
0.8959860383944154,0.05379312854508102,0.05022083306050364
0.9989206691851052,0.0005396654074473826,0.0005396654074473826
0.0007283321194464673,0.8433263361751555,0.15594533170539804

0.12064720365810763,0.4043036834030389,0.47504911293885355
0.8929733270571819,0.06824802971515068,0.038778643227667366
0.8476615744815882,0.08496007746353573,0.06737834805487596

Transition Gammas
2567.0,154.11731328165712,143.88268671834294
1851.0,1.0,1.0
1.0,1157.887059568489,214.11294043151156

343.0,1149.4353719148396,1350.5646280851606
584.8707282172926,44.70041112027476,25.398847442161102
361.12927178270655,36.195542924985354,28.705198512578807

Iteration: ,12500
Error:,0.06691562447286677
Absolute Error:,1
Transition Probabilities
0.8955767077267637,0.05368665834267069,0.050736633930565614
0.9991289198606271,0.00043554006968641115,0.00043554006968641115
0.0005854800936768146,0.8494723891854853,0.14994213072083792

0.1186393027832443,0.401047554890098,0.4803131423266577
0.8959808665910668,0.06588800919012021,0.03813112421881305
0.8500042016817129,0.08293344890157071,0.06706234941671659

Transition Gammas
3199.0,191.7687436000197,181.23125639998037
2294.0,1.0,1.0
1.0,1450.8988407288098,256.10115927119136

422.0,1426.5261527440787,1708.4738472559216
746.2669278941485,54.87845113305757,31.75960334531489
466.7330721058503,45.538343586515495,36.823601935112066

Iteration: ,15000
Error:,0.062372692888808874
Absolute Error:,1
Transition Probabilities
0.8942803563056727,0.05501957884248232,0.05070006485184493
0.9992790194664743,0.0003604902667627974,0.0003604902667627974
0.00048449612403100753,0.8494806708020444,0.15003483307392457

0.11779859484777518,0.3984321915423411,0.4837692136098836
0.8975887169816718,0.062392626728747486,0.040018656289580797
0.8565182615632155,0.07758072598149757,0.0659010124552869

Transition Gammas
3815.0,234.7135233420296,216.28647665797047
2772.0,1.0,1.0
1.0,1753.3281045354204,309.6718954645804

503.0,1701.3054578857966,2065.694542114203
884.1059640248948,61.455422019516185,39.417532805955716
561.8940359751043,50.894591734755416,43.232453439772705

Iteration: ,17237
Error:,0.06419272714022253
Absolute Error:,1
Transition Probabilities
0.8954461915458444,0.054299128095846284,0.05025468035830932
0.9993736298152208,0.00031318509238960227,0.00031318509238960227
0.00041999160016799666,0.8495276346470902,0.15005237375274172

0.11566707466340276,0.3987867534931781,0.48554617184341914
0.8966993774690658,0.06118882215701518,0.04211180037391885
0.858175856682971,0.0761542224047113,0.06566992091231766


Model Num 2
Model States: 
"['diamond', 'x', 'square']","['diamond', 'x', 'diamond']","['square', 'y', 'diamond', 'x', 'diamond']","['square', 'y', 'diamond', 'x', 'square']"
Iteration: ,0
Error:,0.5070071853438246
Absolute Error:,0.6
Transition Probabilities
0.25,0.25,0.25,0.25
0.25,0.25,0.25,0.25
0.25,0.25,0.25,0.25
0.25,0.25,0.25,0.25

0.25,0.25,0.25,0.25
0.25,0.25,0.25,0.25
0.25,0.25,0.25,0.25
0.25,0.25,0.25,0.25

Transition Gammas
1.0,1.0,1.0,1.0
1.0,1.0,1.0,1.0
1.0,1.0,1.0,1.0
1.0,1.0,1.0,1.0

1.0,1.0,1.0,1.0
1.0,1.0,1.0,1.0
1.0,1.0,1.0,1.0
1.0,1.0,1.0,1.0

Iteration: ,2500
Error:,0.03966629105339236
Absolute Error:,0.1348303166513235
Transition Probabilities
0.0015923566878980884,0.0015923566878980884,0.1489602174078968,0.847855069216307
0.8204374547904718,0.17379885644872126,0.002881844380403459,0.002881844380403459
0.05267656433485706,0.047220351847823916,0.7947495539354912,0.10535352988182788
0.056222753240235894,0.04298151553899085,0.8388409012396445,0.061954829981128674

0.05576420026702632,0.028424708569890975,0.2735117153069557,0.642299375856127
0.09181016459767241,0.11209621856332593,0.45834561269226526,0.3377480041467365
0.003902456098945703,0.8721085260813547,0.020028051727064018,0.10396096609263555
0.9113527895866571,0.002531727545711697,0.014792285594074844,0.07132319727355628

Transition Gammas
1.0,1.0,93.54701653215925,532.4529834678411
284.69179681229366,60.30820318770626,1.0,1.0
10.932786598216301,9.800373968264584,164.94673450931126,21.86565646622204
12.619447069326577,9.647392364192534,188.2815718317441,13.906037192722515

8.63111235653853,4.39954042546651,42.333797209314874,99.4142846665526
7.6405580690872945,9.328789148907664,38.144101852263,28.10781627186953
1.4384292073417386,321.4556023387642,7.382257183660086,38.319582913824796
468.8036373525064,1.3023311013877368,7.60921277741914,36.68894712509594

Iteration: ,5000
Error:,0.04735583289860702
Absolute Error:,0.1283834251399812
Transition Probabilities
0.0008271298593879243,0.0008271298593879243,0.1390161149616169,0.8593296253196073
0.8176841212843435,0.179522582626271,0.0013966480446927375,0.0013966480446927375
0.056117987423772504,0.031160653378887307,0.8119132316594759,0.10080812753786428
0.0473435953005378,0.04853100210730527,0.8376946060919839,0.06643079650017299

0.05209228852761961,0.03831029578855011,0.2389672493825275,0.6706301663013028
0.07901336092526452,0.13664229542256215,0.481094893809206,0.30324944984296726
0.002047734469584555,0.8755845668725811,0.018158315923836005,0.10420938273399828
0.8983564225352897,0.0013578737661534804,0.012558553190822434,0.08772715050773437

Transition Gammas
1.0,1.0,168.07048298859473,1038.9295170114046
585.46183083959,128.53816916041004,1.0,1.0
22.980946873571554,12.760637947301632,332.4875979927275,41.28206177241678
22.842752373379742,23.415662805747072,404.17822791032745,32.052112324528

16.344333176293286,12.02013303981485,74.97770692219714,210.4150765096428
13.056385073850073,22.57914871004179,79.49744343336164,50.10977313479859
1.512030080201712,646.5243529061291,13.407949268059175,76.94734042594189
892.6144223321701,1.3491946814990177,12.478283029488159,87.16642727651072

Iteration: ,7500
Error:,0.04496365320480122
Absolute Error:,0.12684170664783295
Transition Probabilities
0.0005488474204171241,0.0005488474204171241,0.13402620303958912,0.8648761021195767
0.8157199492189933,0.18242819892915482,0.0009259259259259257,0.0009259259259259257
0.049638351397836074,0.033555472735315166,0.8145112347319814,0.10229494113486741
0.05869745116887804,0.053560726571631564,0.8205363572401216,0.06720546501936873

0.05610220015866911,0.038699543764851706,0.2277683343086211,0.6774299217678581
0.08050548386963878,0.12353109552056246,0.5025630250887901,0.2934003955210086
0.0014309058021141777,0.8826972139485064,0.018291032358973357,0.09758084789040608
0.8979861700588969,0.0009151109674848486,0.009025895050330392,0.09207282392328785

Transition Gammas
1.0,1.0,244.19574193813136,1575.8042580618685
880.977545156513,197.02245484348725,1.0,1.0
29.15096688844619,19.70602260324008,478.33558861857153,60.07444562327001
42.950860643059045,39.192149865254684,600.4135108181634,49.17645493999497

26.753135119521627,18.45442995955186,108.61458207473387,323.0421298951853
19.251737086686788,29.540697834239737,120.18077233305344,70.1625156970281
1.5548902486296015,959.1807430182834,19.87590504582131,106.03598686483899
1350.8877172844134,1.3766494486729766,13.578127556452008,138.50998053288754

Iteration: ,10000
Error:,0.04329535846148997
Absolute Error:,0.12689191306325193
Transition Probabilities
0.0004073319755600816,0.0004073319755600816,0.12964258175869076,0.869542754290189
0.8123237259772369,0.18628545343861844,0.0006954102920723224,0.0006954102920723224
0.05503730902744471,0.03203616876462399,0.8075900141054518,0.10533650810247952
0.05514985417370592,0.0483746627615901,0.8300759205259762,0.06639956253872772

0.06272979770940593,0.039084625219159695,0.21884793478405834,0.679337642287376
0.07843042486487654,0.12276035371580439,0.5060413771501939,0.2927678442691251
0.001111514491778876,0.888449944688304,0.017195962935317527,0.0932425778845996
0.9029714763614242,0.0006806789409422937,0.008806917799072313,0.08754092689856137

Transition Gammas
1.0,1.0,318.2725382175857,2134.7274617824132
1168.121517955267,267.8784820447334,1.0,1.0
40.81110908186213,23.75536887833769,598.8418536713909,78.10882832823587
52.970488564562494,46.463033475237694,797.2736775957512,63.77564040462233

40.73961521142996,25.383352892157717,142.1299123937999,441.1931036926956
24.121592128870777,37.75543976754155,155.6350577085231,90.04192620498192
1.5851426563369853,1267.0279296959775,24.523345909721407,132.9742335209303
1850.9916111370912,1.3953165105932583,18.053206986941326,179.44921358240686

Iteration: ,12500
Error:,0.041136938096836106
Absolute Error:,0.12475271637940237
Transition Probabilities
0.00032786885245901656,0.00032786885245901656,0.1364682881717873,0.8628759741232946
0.818725005689007,0.18015954534278336,0.000557724484104852,0.000557724484104852
0.060922233311520094,0.03682114906896942,0.8063039122579805,0.09595270536152996
0.05538091979636741,0.05007469368598003,0.8344913912057835,0.0600529953118691

0.06283815181907453,0.039150004189251325,0.21162359459072447,0.6863882494009498
0.07993678793280226,0.11863495579688939,0.5006920616993623,0.3007361945709459
0.0009031550757467203,0.8898433602319352,0.017906583564692755,0.09134690112762514
0.9024462349623067,0.0005553172587355535,0.0082702528811743,0.08872819489778327

Transition Gammas
1.0,1.0,416.22827892395105,2631.7717210760475
1467.9739352003899,323.02606479961065,1.0,1.0
57.296073193566194,34.629512699232386,758.3117929502463,90.24149199197728
66.20905976914821,59.86535433805321,997.6520902927912,71.79462476498483

51.95788481139482,32.37128001293759,174.98150459257283,567.5418605714609
31.26707236077218,46.40376281489541,195.84443318861491,117.63220164735223
1.6139360351246457,1590.1480302342602,31.999023486784978,163.2367014102757
2295.8253053422577,1.4127283883583692,21.039542424344788,225.72473267859436

Iteration: ,15000
Error:,0.03793372236108928
Absolute Error:,0.12391074986918098
Transition Probabilities
0.00027218290691344597,0.00027218290691344597,0.13356090256661055,0.8658947316195625
0.8222902739458229,0.17675870370515182,0.00047551117451260106,0.00047551117451260106
0.06111371199046247,0.03689824832397868,0.7976052031240992,0.10438283656145976
0.05638527737346749,0.05031377149967445,0.8305080247704693,0.06279292635638889

0.06266821066703532,0.036229272417208795,0.20209296102847543,0.6990095558872804
0.07911976664488318,0.10888633484887082,0.5093406706981276,0.3026532278081184
0.0007748433720011263,0.8932666276091491,0.016730964897353838,0.08922756412149592
0.9005304132950689,0.000458993867251583,0.007372561580106609,0.09163803125757279

Transition Gammas
1.0,1.0,490.70275602972686,3181.297243970271
1729.2764461080656,371.7235538919343,1.0,1.0
69.34228542852752,41.86636327201526,904.997681419538,118.43732299902975
81.27127741288672,72.52007388657051,1197.058012638426,90.50698294300534

62.23238154238481,35.97731417687846,200.68749568383618,694.1482598709742
36.945334928962076,50.84496935177465,237.83894303360518,141.3253014115851
1.634876357181185,1884.7428304969035,35.30140404101226,188.26519044017817
2796.1970916227556,1.425201523161689,22.892214348066652,284.54119117074276

Iteration: ,17500
Error:,0.03914217332995475
Absolute Error:,0.1232721440627148
Transition Probabilities
0.0002318034306907742,0.0002318034306907742,0.13059294030603055,0.8689434528325878
0.8264521998438773,0.17271792463745048,0.0004149377593360997,0.0004149377593360997
0.06361020246403502,0.03721350269812542,0.7959037886167644,0.10327250622107514
0.061022406948272524,0.049331250868031175,0.8211770740446628,0.06846926813903356

0.06119179734382876,0.03548511712447977,0.1927265002412158,0.7105965852904756
0.07561025974418452,0.10819516956571482,0.5113006914430126,0.3048938792470881
0.0006764644739814977,0.8925533095294856,0.016786995018640664,0.08998323097789233
0.8974289459832077,0.0003909169286808376,0.007214778767495697,0.09496535832061576

Transition Gammas
1.0,1.0,563.3779444802158,3748.6220555197838
1991.749801623744,416.2501983762556,1.0,1.0
83.40501050668065,48.7939428471779,1043.5804521990087,135.40979485625795
103.84859116159934,83.95245548454211,1397.4880129856415,116.52173995909064

70.15858094816522,40.68495403467691,220.96781521312133,814.7243620001216
40.7890349235656,58.367430093592276,275.8284633629546,164.47935942380354
1.6491653162234938,2175.9723053790117,40.925327216985465,219.3717915399743
3290.9450051025315,1.4335242022339416,26.457181099498477,348.2457001435414

Iteration: ,20000
Error:,0.039551313454385846
Absolute Error:,0.12298411365279298
Transition Probabilities
0.000201775625504439,0.000201775625504439,0.13218383956438634,0.8674126091846048
0.8246481872131216,0.17462506860083182,0.0003633720930232558,0.0003633720930232558
0.06320619110289243,0.03691549214050767,0.7954172358274615,0.10446108092913835
0.06248427567634576,0.05140092355460961,0.818477214477886,0.06763758629115865

0.06102505364909657,0.03473892892324237,0.18497248107003567,0.7192635363576254
0.07289815353287286,0.11409050513049473,0.5108887410143723,0.30212260032226
0.000602712152113105,0.8945086377158095,0.016285312895334532,0.08860333723674282
0.897291253109313,0.0003416251219055875,0.007417809217030565,0.09494931255175088

Transition Gammas
1.0,1.0,655.1031088810989,4298.896891118903
2269.4318112105107,480.56818878948917,1.0,1.0
94.08419645332802,54.9497502398918,1184.0009684514812,155.4932624221094
120.68661781400934,99.27943549277086,1580.8656770676428,130.6400920587663

79.66116125481031,45.347660563912875,241.46021610979116,938.9154966410777
44.43984179495976,69.5513363863171,311.4456776366327,184.17860961250022
1.6649761480260914,2471.0561099167053,44.98773990006656,244.76434168031295
3788.836392691418,1.4425212438528536,31.321898456200987,400.9260199634191

Iteration: ,22500
Error:,0.03822939072397128
Absolute Error:,0.1203296290516003
Transition Probabilities
0.00018089725036179438,0.00018089725036179438,0.13120154030683176,0.8684366651924447
0.8269257968426235,0.17242904186705393,0.00032258064516129016,0.00032258064516129016
0.06577778556905503,0.036344134610395394,0.7960559833697703,0.10182209645077926
0.06280649137167363,0.05005389522877112,0.8211560307504017,0.06598358264915362

0.05775227913783551,0.034464940345710245,0.18296846837299605,0.7248143121434583
0.06856814738289901,0.11316111650016973,0.5201575957757535,0.2981131403411778
0.0005359870753430375,0.8956623122575202,0.017867469823620166,0.08593423084351663
0.8956134609410675,0.00030871242812041325,0.007725048630955058,0.09635277799985695

Transition Gammas
1.0,1.0,725.2821148161664,4800.717885183837
2563.469970212134,534.5300297878674,1.0,1.0
111.01752391549132,61.34040236215529,1343.556390767277,171.85189391915017
137.81212553851964,109.82994818383374,1801.8083087431555,144.78340657041755

85.15738503907272,50.81953888544524,269.7922323387736,1068.7594045200904
48.30430147124809,79.71877460423401,366.4361701156012,210.01219302553534
1.6811503923281776,2809.2898446881413,56.04221684761024,269.53703278112977
4211.5773002374635,1.4517046820700639,36.32665304424409,453.09409732701545

Iteration: ,25000
Error:,0.040222809510975614
Absolute Error:,0.12041061471847966
Transition Probabilities
0.00016223231667748198,0.00016223231667748198,0.131419492357525,0.8682560430091201
0.826590711591587,0.1728272162314631,0.00029103608847497073,0.00029103608847497073
0.06400904887754794,0.03732387635225247,0.7962619125058867,0.10240516226431302
0.06408428926774908,0.05007860172539793,0.8185560679724924,0.06728104103436065

0.059889910623974335,0.03536123935385813,0.17946042521225306,0.7252884248099144
0.07025226648695582,0.11427478001835208,0.5188649482262397,0.2966080052684526
0.000489743775122635,0.8964269396389362,0.0185911866934989,0.08449212989244241
0.8965648060162751,0.0002774241667448867,0.008203009994260822,0.09495475982271928

Transition Gammas
1.0,1.0,810.0697508917849,5351.930249108222
2840.1656850286945,593.8343149713075,1.0,1.0
118.82881687021771,69.2894543150156,1478.2107005355022,190.10881252977526
154.86367206760286,121.01805674716375,1978.0916653347947,162.5888215999268

98.6348370917381,58.23769056742498,295.5597966469294,1194.5034627754449
54.87153122937228,89.2559411114647,405.2668423973071,231.6698981803193
1.6961514399814284,3104.635365964559,64.38768532228009,292.62535853217935
4719.2082173713425,1.4602652241249148,43.177818170337815,499.80913797520236

Iteration: ,27500
Error:,0.03820123313955258
Absolute Error:,0.1199400506299828
Transition Probabilities
0.00014762326542663108,0.00014762326542663108,0.1319515534441034,0.8677532000250433
0.825152530138439,0.1743161202335057,0.0002656748140276301,0.0002656748140276301
0.06362091847339839,0.037216822512813344,0.7955172460450134,0.10364501296877485
0.06406022690385307,0.04852504164647832,0.8202453117636919,0.06716941968597664

0.05993825618870163,0.03610662338165618,0.17555944549382335,0.7283956749358189
0.07233797852023222,0.11296965892329137,0.5213176964088202,0.29337466614765617
0.0004504693158165367,0.8978976047126918,0.018442618137473808,0.0832093078340179
0.8972005815387862,0.00025234081354230713,0.00803062370166506,0.09451645394600645

Transition Gammas
1.0,1.0,893.8398230303573,5878.16017696965
3105.8741234410854,656.1258765589156,1.0,1.0
129.3579309949755,75.67151298637324,1617.4941746908567,210.73736056159063
168.9741601834302,127.99639583522095,2163.5930654396298,177.17539930792216

109.67342757561755,66.06693948487973,321.23400570688995,1332.7990398980785
62.95043218234057,98.30920075716224,453.6645198629487,255.30243453208334
1.7111611650656366,3410.7706284162655,70.05647406144998,316.0804324251742
5222.049490665311,1.468719753360647,46.74129205208488,550.1218014612903

Iteration: ,30000
Error:,0.03908108414631273
Absolute Error:,0.11911884521965911
Transition Probabilities
0.00013495276653171376,0.00013495276653171376,0.1327725391087483,0.8669575553581882
0.8252598503585353,0.17425305758106527,0.0002435460301997077,0.0002435460301997077
0.06274461267144647,0.03801583406805669,0.7965987596312897,0.10264079362920701
0.06441095209952583,0.04809223611856952,0.8178191446493145,0.0696776671325901

0.05829185209862927,0.036854383720179046,0.17402650042154025,0.7308272637596515
0.07231128637670035,0.11337663027204944,0.525858573293696,0.2884535100575542
0.0004162667139266948,0.897365653607061,0.01850371331654869,0.0837143663624638
0.8959822877605802,0.00023132084621270427,0.007814894173283946,0.09597149721992315

Transition Gammas
1.0,1.0,983.8445147958262,6424.155485204182
3388.5169455721466,715.4830544278542,1.0,1.0
138.74440844981294,84.06274554785895,1761.4838783951025,226.96508255575398
185.03616877425603,138.15667722807208,2349.384946869343,200.1660921798001

115.49633274296895,73.02128877258558,344.8067246992359,1448.0217353533544
67.94758359071456,106.534794893731,494.12506893640665,271.0464710110035
1.7209033274990795,3709.8319121132695,76.4968726832799,346.08659979959606
5709.973008332558,1.4741762266757386,49.80325549063822,611.6132720264852

Iteration: ,31671
Error:,0.03824276452905213
Absolute Error:,0.11880851492262966
Transition Probabilities
0.00012835322808368627,0.00012835322808368627,0.1325783940695055,0.8671648994743271
0.8239219590228261,0.1756177417826975,0.00023014959723820474,0.00023014959723820474
0.06335918057870214,0.03818757263238529,0.796195065124746,0.10225818166416668
0.0644898432688008,0.047147016649471754,0.8198188313113294,0.06854430877039794

0.05756354726576251,0.03678489726152316,0.17270278300482578,0.7329487724678886
0.07263964588477761,0.11371754698432848,0.5272002079913902,0.28644259913950376
0.0003955517006719515,0.8980701328010251,0.01808735554249542,0.08344695995580766
0.8953818471357057,0.00022050187061659459,0.007907143392974443,0.09649050760070325

*,*,*,*,*,*,*,*,*,*,*
Model Num 2
Model States: 
"['diamond', 'x', 'square']","['diamond', 'x', 'diamond']","['square', 'y', 'diamond', 'x', 'diamond']","['square', 'y', 'diamond', 'x', 'square']"
Iteration: ,31671
Error:,0.039204417832947376
Absolute Error:,0.11880851492262966
Transition Probabilities
0.00012835322808368627,0.00012835322808368627,0.1325783940695055,0.8671648994743271
0.8239219590228261,0.1756177417826975,0.00023014959723820474,0.00023014959723820474
0.06335918057870214,0.03818757263238529,0.796195065124746,0.10225818166416668
0.0644898432688008,0.047147016649471754,0.8198188313113294,0.06854430877039794

0.05756354726576251,0.03678489726152316,0.17270278300482578,0.7329487724678886
0.07263964588477761,0.11371754698432848,0.5272002079913902,0.28644259913950376
0.0003955517006719515,0.8980701328010251,0.01808735554249542,0.08344695995580766
0.8953818471357057,0.00022050187061659459,0.007907143392974443,0.09649050760070325

Transition Gammas
1.0,1.0,1032.9182681955176,6756.081731804484
3579.9409119541806,763.059088045821,1.0,1.0
148.2319534255986,89.34172500619724,1862.7379447349592,239.2381006727289
196.0781617761736,143.34815979203069,2492.61839206212,208.40556253018786

121.14666004129953,77.4164841270375,363.46553217570903,1542.5438490769995
72.67069748681764,113.7661583448454,527.4255726783263,286.56504606896567
1.7291689842128486,3925.9470169118235,79.06954807015755,364.79149182600395
6004.845026517035,1.4787875869333778,53.02896281530631,647.1099972885318

