0,1,2,3,4,5,6,7,8,9,10,11,12,13,14,15,16,17,18,19,20,21,22,23,24,25,26,27,28,29
github Code Version (SHA):,528ca1c557fe8e6666681dc5c9134b0f84d30530
Environment Observations,Environment Actions,alpha,epsilon,numActions,explore,patience,gainThresh,insertRandActions,useUpdatedPosterior,revisedSplitting,haveControl,confidence_factor
"['diamond', 'square']","['x', 'y']",0.99,0.99,75000,0.5,0,0.01,False,False,False,False,250

Model Num 0
Model States: 
['diamond'],['square']
Iteration: ,0
Error:,0.6756137293381566
Absolute Error:,1
Transition Probabilities
0.5,0.5
0.5,0.5

0.5,0.5
0.5,0.5

Transition Gammas
1.0,1.0
1.0,1.0

1.0,1.0
1.0,1.0

Iteration: ,2500
Error:,0.15335378182129264
Absolute Error:,1
Transition Probabilities
0.47291666666666665,0.5270833333333333
0.024804177545691905,0.9751958224543081

0.03718199608610567,0.9628180039138943
0.9706275033377837,0.029372496662216287

Transition Gammas
227.0,253.0
19.0,747.0

19.0,492.0
727.0,22.0

Iteration: ,2597
Error:,0.15093182247705664
Absolute Error:,1
Transition Probabilities
0.476,0.524
0.024875621890547265,0.9751243781094527

0.03795066413662239,0.9620493358633776
0.9702072538860104,0.029792746113989636


Model Num 1
Model States: 
['square'],"['diamond', 'x', 'square']","['diamond', 'x', 'diamond']"
Iteration: ,0
Error:,0.7233265753352238
Absolute Error:,1
Transition Probabilities
0.3333333333333333,0.3333333333333333,0.3333333333333333
0.3333333333333333,0.3333333333333333,0.3333333333333333
0.3333333333333333,0.3333333333333333,0.3333333333333333

0.3333333333333333,0.3333333333333333,0.3333333333333333
0.3333333333333333,0.3333333333333333,0.3333333333333333
0.3333333333333333,0.3333333333333333,0.3333333333333333

Transition Gammas
1.0,1.0,1.0
1.0,1.0,1.0
1.0,1.0,1.0

1.0,1.0,1.0
1.0,1.0,1.0
1.0,1.0,1.0

Iteration: ,2500
Error:,0.12140107638207291
Absolute Error:,1
Transition Probabilities
0.9807427785419532,0.015130674002751032,0.0041265474552957355
0.99581589958159,0.0020920502092050207,0.0020920502092050207
0.0032258064516129032,0.9569467597302443,0.03982743381814281

0.021828103683492497,0.43950357631338477,0.5386683200031228
0.9503721334645471,0.03281734948745808,0.016810517047994987
0.9433555183282254,0.029100781668444424,0.027543700003330288

Transition Gammas
713.0,11.0,3.0
476.0,1.0,1.0
1.0,296.65349551637576,12.346504483624273

16.0,322.156121437711,394.84387856228904
152.25162871447452,5.257408896600407,2.6930804365647516
100.74837128552562,3.107901845347943,2.9416088214868985

Iteration: ,5000
Error:,0.12027587833400441
Absolute Error:,1
Transition Probabilities
0.9773049645390071,0.019069552054926768,0.003625483406066136
0.9979144942648592,0.0010427528675703858,0.0010427528675703858
0.0015847860538827252,0.9659632646799795,0.0324519492661377

0.023696682464454975,0.42151069045628936,0.5547926270792557
0.9608429590114738,0.0256794495930318,0.013477591395494355
0.9565014459826666,0.02627700971921026,0.0172215442981231

Transition Gammas
1378.0,26.888068397446744,5.111931602553252
957.0,1.0,1.0
1.0,609.5228200130673,20.4771799869329

35.0,622.5712898039394,819.4287101960607
310.3330994644483,8.293949713640417,4.3529930378864305
205.66690053555186,5.6500815205150055,3.702975727958146

Iteration: ,7500
Error:,0.11753158816896632
Absolute Error:,1
Transition Probabilities
0.9777356702984368,0.018863953759418732,0.003400375942144509
0.9986282578875172,0.0006858710562414266,0.0006858710562414266
0.0010582010582010578,0.9719251426659598,0.027016656275839233

0.02389540126239855,0.4162676493781899,0.5598369493594115
0.9624141258730743,0.02548382899534923,0.012102045131576466
0.9637508854050876,0.023207645605997994,0.013041468988914399

Transition Gammas
2064.0,39.82180638613294,7.178193613867058
1456.0,1.0,1.0
1.0,918.4692598193321,25.530740180668083

53.0,923.2816463208254,1241.718353679175
444.1748166310734,11.761335132938074,5.585354093075599
309.82518336892673,7.460758962018628,4.1925518119677

Iteration: ,10000
Error:,0.11642926485578264
Absolute Error:,1
Transition Probabilities
0.9795414462081129,0.017880221353860994,0.0025783324380261297
0.9989567031820553,0.0005216484089723526,0.0005216484089723526
0.0007849293563579275,0.9744179486503503,0.024797121993291826

0.023137121469887723,0.4078990248339333,0.5689638536961791
0.9614488704076669,0.02329845065527958,0.01525267893705343
0.9696342335345701,0.019168770354780113,0.011196996110649785

Transition Gammas
2777.0,50.69042753819592,7.309572461804078
1915.0,1.0,1.0
1.0,1241.4084665805467,31.591533419453796

68.0,1198.8152339869296,1672.1847660130697
600.9164979259169,14.561797102048729,9.533098111557628
412.08350207408336,8.146509008306412,4.758595778087232

Iteration: ,12500
Error:,0.11690107489645361
Absolute Error:,1
Transition Probabilities
0.9781063406312198,0.01948616906882496,0.00240749029995525
0.9991649269311065,0.0004175365344467641,0.0004175365344467641
0.0006293266205160479,0.9775756763981375,0.021794996981346428

0.02387411828540423,0.4035944728325435,0.5725314088820522
0.9604644755964118,0.02201263697715972,0.017522887426428307
0.9687411623556454,0.01980203205432443,0.01145680559003012

Transition Gammas
3440.0,68.53285661505738,8.467143384942613
2393.0,1.0,1.0
1.0,1553.3677497966405,34.632250203359476

88.0,1487.6492268607553,2110.3507731392447
752.9276974415202,17.256155219626585,13.736548948689633
527.0723025584807,10.773881647426,6.2334141842577795

Iteration: ,15000
Error:,0.11429471968637708
Absolute Error:,1
Transition Probabilities
0.9782201405152224,0.01930873721293872,0.002471122271838797
0.999302649930265,0.0003486750348675035,0.0003486750348675035
0.0005238344683080148,0.9786984179676415,0.020777747564050576

0.022080582745276578,0.4004584987766333,0.57746091847809
0.9614754999629714,0.021298285625476705,0.017226214411551782
0.971768191700176,0.01838738398703243,0.009844424312791554

Transition Gammas
4177.0,82.44830789924833,10.551692100751664
2866.0,1.0,1.0
1.0,1868.3352799002269,39.66472009977254

97.0,1759.2141851257502,2536.7858148742494
890.687764889517,19.73021925204018,15.957950475413615
630.3122351104839,11.926499753427805,6.3853305191184

Iteration: ,17472
Error:,0.11410048320282017
Absolute Error:,1
Transition Probabilities
0.9781529294935452,0.01954080249685337,0.0023062680096014444
0.9993999399939995,0.00030003000300030005,0.00030003000300030005
0.00045413260672116256,0.9806103581374314,0.018935509255847544

0.0215940321947389,0.401631120348539,0.576774847456722
0.9618272411147801,0.02153290606369327,0.01663985282152678
0.9732714194638,0.017950119928512413,0.008778460607687551


Model Num 2
Model States: 
"['diamond', 'x', 'square']","['diamond', 'x', 'diamond']","['square', 'y', 'diamond', 'x', 'diamond']","['square', 'y', 'diamond', 'x', 'square']"
Iteration: ,0
Error:,0.6748696706969023
Absolute Error:,0.74
Transition Probabilities
0.25,0.25,0.25,0.25
0.25,0.25,0.25,0.25
0.25,0.25,0.25,0.25
0.25,0.25,0.25,0.25

0.25,0.25,0.25,0.25
0.25,0.25,0.25,0.25
0.25,0.25,0.25,0.25
0.25,0.25,0.25,0.25

Transition Gammas
1.0,1.0,1.0,1.0
1.0,1.0,1.0,1.0
1.0,1.0,1.0,1.0
1.0,1.0,1.0,1.0

1.0,1.0,1.0,1.0
1.0,1.0,1.0,1.0
1.0,1.0,1.0,1.0
1.0,1.0,1.0,1.0

Iteration: ,2500
Error:,0.04990493087187072
Absolute Error:,0.05131126741694412
Transition Probabilities
0.0014265335235378025,0.0014265335235378025,0.022379032984977832,0.9747678999679467
0.9655222223255469,0.02610957683763303,0.0041841004184100415,0.0041841004184100415
0.029432534604942655,0.009989489008578581,0.9338604449951775,0.02671753139130119
0.02359159467319159,0.007626738502392395,0.9371024845782708,0.03167918224614524

0.0156576370854319,0.021106513072671335,0.029020062888380545,0.9342157869535161
0.0196206484607905,0.05276314730241566,0.841354226197434,0.08626197803935973
0.006070861737241543,0.9556532650083617,0.008332277114364996,0.029943596140031763
0.9719839813191994,0.0021964822719182132,0.007709129854909188,0.01811040655397323

Transition Gammas
1.0,1.0,15.687702122469467,683.3122978775309
230.75981113580573,6.2401888641942955,1.0,1.0
5.091015095103892,1.7279055309938387,161.53204900649263,4.621394570421553
5.426718747355082,1.7543606265471852,215.55946902702325,7.287087396062714

2.801044186365203,3.7758108336572436,5.191490772070651,167.12481484779275
1.198955813634797,3.2241891663427564,51.41249754519979,5.271196834936854
1.7547991208848381,276.234179246747,2.4084673952565097,8.655278024258477
637.5702450688535,1.4407765635145713,5.0567827302988695,11.879471850186144

Iteration: ,5000
Error:,0.03760261687166685
Absolute Error:,0.038242771925321606
Transition Probabilities
0.0007022471910112358,0.0007022471910112358,0.02163089067034433,0.9769646149476331
0.9734092917083235,0.022261703962672186,0.0021645021645021636,0.0021645021645021636
0.021819392241113195,0.005346138255925776,0.956853565151791,0.015980904351170083
0.031825765104818354,0.0043356149652646345,0.9372199536261875,0.026618666303729405

0.020234465964035855,0.0213364387285754,0.02659608118233986,0.9318330141250488
0.01777235328024635,0.034851044704109636,0.8976188886559695,0.04975771335967454
0.0031838642058692277,0.96998108841272,0.006219331179740169,0.020615716201670527
0.9801736978342024,0.001086347218655212,0.00441522582129904,0.014324729125843335

Transition Gammas
1.0,1.0,30.80238831457033,1391.1976116854298
449.71509276924564,10.284907230754555,1.0,1.0
7.337292450956229,1.7977668412349523,321.7648943965546,5.373961270761387
13.962793327855291,1.9021473799535262,411.18284107624964,11.678303256434493

7.219586126050239,7.612766123797416,9.489388010170588,332.4747345707047
2.082982454998635,4.08466529515371,105.20409800900832,5.831779410116283
1.779822809949891,542.2324429523393,3.476689576122196,11.524461964033215
1307.538561623873,1.4491726138368595,5.88985200519271,19.108996454651876

Iteration: ,7500
Error:,0.03580378376915075
Absolute Error:,0.03610574394918274
Transition Probabilities
0.0004780114722753344,0.0004780114722753344,0.023881521943537102,0.9751624551119124
0.9723394115827831,0.02479935808817542,0.0014306151645207441,0.0014306151645207441
0.02228386485601926,0.007564812005046334,0.9547243228980599,0.015427000240874561
0.027154312629762357,0.0030120843206491313,0.9352672017116899,0.03456640133789865

0.019857294061607005,0.021466824184826552,0.020592907218262308,0.9380829745353042
0.01149666248703389,0.025581562798077682,0.9218782085739621,0.041043566140926406
0.002097437911963047,0.9719729652932239,0.006674293322080949,0.01925530347273208
0.9753908918981031,0.0007421746286286798,0.004228265924948784,0.01963866754831944

Transition Gammas
1.0,1.0,49.96014390587964,2040.0398560941214
679.6652486963653,17.334751303634615,1.0,1.0
11.888882070531615,4.035976631290873,509.3642847926887,8.230609355732039
18.07065868003602,2.0044826181414916,622.4018485461569,23.00325730542248

10.60048724265544,11.459708216315015,10.993182131418294,500.78004451473606
2.1517909749105124,4.7880135661190355,172.54478953464601,7.681983819199144
1.796635831119595,832.5783787759315,5.71710583729743,16.49382227758717
1912.17001581803,1.4549695749187905,8.289151957179433,38.49991992793596

Iteration: ,10000
Error:,0.03174012800106621
Absolute Error:,0.03266058709507458
Transition Probabilities
0.0003593244699964067,0.0003593244699964067,0.026283761624403858,0.9729975894356034
0.9713238356945377,0.026581923467765944,0.001047120418848167,0.001047120418848167
0.01893536569754822,0.008739305085874421,0.9562762948035576,0.016049034413019858
0.02641440185897749,0.0033041407917041733,0.9422000638559679,0.028081393493350423

0.018764279786583824,0.020475208058787185,0.017157310728661015,0.943603201425968
0.013036900231883686,0.020232710208439766,0.9339992730176667,0.03273111654200984
0.0015587767206061628,0.9761123763228755,0.005479843874879627,0.016849003081638815
0.9772944723549724,0.0005657223715881233,0.003627425866490942,0.018512379406948602

Transition Gammas
1.0,1.0,73.14770860071594,2707.8522913992847
927.614263088284,25.38573691171649,1.0,1.0
13.25553201087208,6.117871720512123,669.4325971559136,11.23498182202618
23.66622153189049,2.9603747367253086,844.1726433036056,25.15977771845504

13.287778087075452,14.499358572045436,12.149815507251734,668.2052327831404
3.218260706273993,4.994602634605123,230.5650197958844,8.079931913723398
1.8080138579862655,1132.1856940854072,6.356031325339995,19.5430369610665
2520.5472334013953,1.459058655211338,9.355520255957666,47.74541145763583

Iteration: ,12500
Error:,0.030527589930144438
Absolute Error:,0.031101223737399892
Transition Probabilities
0.0002888503755054882,0.0002888503755054882,0.027539764062041203,0.9718825351869479
0.9719482877232466,0.026373859927760115,0.000838926174496644,0.000838926174496644
0.018124742393198306,0.008140847924214378,0.9585960894652692,0.01513832021731817
0.026463325153650675,0.0027076036566726137,0.9438923243308797,0.02693674685879695

0.019961700146384036,0.021899403092149085,0.016002633661828997,0.9421362630996378
0.011623081498972284,0.016696469055118294,0.9438850652427663,0.02779538420314331
0.0012468524961031287,0.9785954382797561,0.004555541633902652,0.015602167590238053
0.9772014019934508,0.0004560668514646406,0.0030533953412684345,0.019289135813816097

Transition Gammas
1.0,1.0,95.34266318278664,3364.657336817213
1158.5623589661104,31.43764103389007,1.0,1.0
16.247334464286627,7.2975977356368125,859.3022148300527,13.570253660021189
29.442635085834475,3.0124327142420877,1050.1581756728112,29.96935583711589

17.630174900528218,19.341554271452935,14.133527117339844,832.0948104004813
3.705437606731357,5.3228332212874925,300.9104958518855,8.861166630293411
1.8166282605886779,1425.7854352606028,6.637293264680912,22.731909876629775
3132.9357730486927,1.4621634301184037,9.789273198345464,61.84152366034384

Iteration: ,15000
Error:,0.027986201390920062
Absolute Error:,0.029398600919197566
Transition Probabilities
0.00024148756339048517,0.00024148756339048517,0.028148253450536842,0.9713687714226822
0.9740023578745087,0.024610679573480124,0.0006934812760055473,0.0006934812760055473
0.017560596875548378,0.007732992775164027,0.9593280694460667,0.01537834090322102
0.02479183250338568,0.002257057686046325,0.9477571043626881,0.02519400544787989

0.019841248970204374,0.01962741684191948,0.015386362379327185,0.945144971808549
0.01004779450258646,0.01446516586795798,0.9469099104809264,0.028577129148529078
0.0010374438484289379,0.9802521053610322,0.004035245945223859,0.014675204845315083
0.978362912204441,0.00038357465115850556,0.0028036424877658805,0.018449870656634546

Transition Gammas
1.0,1.0,116.56191753867317,4022.4380824613304
1404.5114000550427,35.48859994495837,1.0,1.0
19.18974969149956,8.450407282465346,1048.3280070242286,16.805038843199632
33.32584560171882,3.0339974243162713,1274.0004968817732,33.86645725080012

21.02557753804643,20.79898172242358,16.304777774868676,1001.5608855721475
3.7609877235488582,5.414453015981135,354.4376378028804,10.696698850103026
1.8223489530926955,1721.8873105053153,7.0882161332261715,25.77811245088571
3734.826073457881,1.4642670837106933,10.702692153741678,70.43097926214644

Iteration: ,17500
Error:,0.02585361474272566
Absolute Error:,0.028130202149880663
Transition Probabilities
0.00020542317173377123,0.00020542317173377123,0.028100049519012314,0.9714891041375202
0.9759252904013651,0.022886355469104246,0.0005941770647652997,0.0005941770647652997
0.01676585542252051,0.007416034388769539,0.9618314266826986,0.013986683506011274
0.025603276929809664,0.0019424554221797422,0.9495248349161781,0.022929432731832417

0.01917736899540893,0.018531908161992423,0.014607508835180572,0.9476832140074182
0.01336344002089771,0.013600375823325652,0.9476866867561718,0.0253494973996048
0.000892140532545283,0.9814190873722038,0.004463649438161818,0.013225122657088856
0.9788368655792483,0.0003292204618313191,0.002465522725262506,0.01836839123365788

Transition Gammas
1.0,1.0,136.79104105855217,4729.208958941456
1642.4822637454986,38.51773625450247,1.0,1.0
21.356888492808498,9.446784283194871,1225.211956733738,17.816689485515045
40.15023140914193,3.046095814854701,1489.0141584269172,35.957195353831956

23.095958413691168,22.318607955981197,17.592320232547248,1141.3271604310492
5.7418151914927495,5.843618438834889,407.1887033789733,10.891815957428834
1.827110649656946,2009.9538143373593,9.141588266965936,27.08515258335706
4358.753058820203,1.4660161927843556,10.978953795297777,81.7943053543792

Iteration: ,20000
Error:,0.025577872442049676
Absolute Error:,0.02736546971165317
Transition Probabilities
0.0001799532121648369,0.0001799532121648369,0.02699382771622396,0.9726462658594464
0.9766708315920418,0.02228204798910994,0.0005235602094240834,0.0005235602094240834
0.01631000542841842,0.0066615710213481305,0.9629841100661386,0.014044313484094817
0.02453810433865879,0.0017228259889923417,0.9487373883363962,0.0250016813359527

0.01833010747506602,0.018410275799145826,0.014189702368282568,0.9490699143575057
0.013810824564205819,0.01214154038299725,0.9503805960497694,0.02366703900302757
0.0007868491638128823,0.982131949867874,0.004131799516102702,0.012949401452210392
0.978574013414132,0.00028662676983389325,0.002344510664320312,0.01879484915171388

Transition Gammas
1.0,1.0,150.00470061905676,5404.995299380951
1865.4412883408013,42.558711659200014,1.0,1.0
23.52286502887731,9.607552658592066,1388.8496448057826,20.25520420330352
43.79474324575847,3.074839066772161,1693.2730318692152,44.62211912169934

25.578237951087907,25.69010660609948,19.800624962224337,1324.3531787621157
6.775284645168772,5.956370797643846,466.23567112501536,11.610525150642516
1.8315052812273347,2286.0542220425773,9.617361220853025,30.141605582358196
5010.6466417744705,1.4676309017242095,12.004727619728301,96.23630557706049

Iteration: ,22500
Error:,0.024750766878516333
Absolute Error:,0.026612172985415725
Transition Probabilities
0.0001590583744234133,0.0001590583744234133,0.02707287834755385,0.9726090049035994
0.9763483304524089,0.022716653184804873,0.0004675081813931741,0.0004675081813931741
0.016336950813799926,0.006134331685486785,0.9635711152555768,0.013957602245136489
0.022950236033421702,0.0015449001636890737,0.9511759407494542,0.024328923053434995

0.01810409986933394,0.017361484276564216,0.013274766497805951,0.9512596493562959
0.015961756191528533,0.0112287962696778,0.9505076288350258,0.022301818703767767
0.0007038620109479438,0.983915421523323,0.003693651464847057,0.011687065000881982
0.9785195783892184,0.00025369820791126477,0.0021070198242569183,0.019119703578613274

Transition Gammas
1.0,1.0,170.20718617107116,6114.7928138289335
2088.409078837704,48.590921162297654,1.0,1.0
26.282885574282698,9.868912479564768,1550.1931574375396,22.454989727360655
45.76736195509222,3.0808399910603157,1896.8351131491704,48.51673968592893

28.103272170301892,26.950498584641956,20.606623835353993,1476.654957906475
8.773932325672787,6.172296919383374,522.4794509053078,12.258967352861424
1.834999124647388,2565.1106454669757,9.62951132370201,30.468690897855044
5665.585453908429,1.4689014999482968,12.199552396342959,110.70224538210002

Iteration: ,25000
Error:,0.02424579787962229
Absolute Error:,0.025808906259133964
Transition Probabilities
0.0001435544071202986,0.0001435544071202986,0.027049225346259125,0.9726636658395003
0.9771144813584749,0.022047646835911275,0.00041893590280687006,0.00041893590280687006
0.01709425299751488,0.005715374233726985,0.9639825233601312,0.013207849408626805
0.02173214295676587,0.0022025222287619666,0.9534065337037482,0.022658801110723943

0.01911173289186101,0.016536272096687284,0.012133459024096849,0.9522185359873548
0.014547059993351817,0.010423194766801622,0.9528582174210145,0.02217152781883189
0.0006304466216497101,0.9833342071836982,0.00347381754623686,0.012561528648415218
0.9784996450289122,0.0002295120896201089,0.001930145150874273,0.019340697730593524

Transition Gammas
1.0,1.0,188.42490376204105,6775.575096237959
2332.3722670026823,52.62773299732027,1.0,1.0
30.418266259499312,10.170188497822245,1715.3529358279268,23.502628636968666
48.49649359028867,4.915051652389781,2127.580052399215,50.56438313589031

33.103006422280025,28.64210820204205,21.016093845168758,1649.3164952942209
8.887123294625471,6.367762081052464,582.1223301744584,13.545080686147426
1.8382400341701766,2867.1805741206895,10.12886779880858,36.62658194831658
6267.5111091019635,1.4700767431803565,12.363015394784686,123.88153485809018

Iteration: ,27500
Error:,0.024159929906564424
Absolute Error:,0.025365346130958248
Transition Probabilities
0.00013007284079084294,0.00013007284079084294,0.025835541339326727,0.9739043129790916
0.9776883256440938,0.0215509288252862,0.00038037276531000333,0.00038037276531000333
0.01766452584110427,0.005766215649332802,0.9627550163626226,0.013814242146940282
0.022072216301400095,0.0019952776376212763,0.9527555213105846,0.02317698475039402

0.01826385345281954,0.0158522621098198,0.011961514912588045,0.9539223695247726
0.013198498229324618,0.009523790524644946,0.9570535784277249,0.020224132818305544
0.0005712413610236478,0.9820587408980221,0.0036051588614204057,0.013764858879533718
0.9778924045542873,0.00020911640350749683,0.0019171013034469768,0.019981377738758344

Transition Gammas
1.0,1.0,198.62364181674377,7487.376358183253
2570.3426081183256,56.65739188167749,1.0,1.0
34.230855029426365,11.173947930231096,1865.6559304453856,26.769658270303363
54.654551193894946,4.940645846447619,2359.184266032783,57.39014525152967

34.08320934463004,29.582802417390468,22.322059137071896,1780.1684569484491
8.90692037227545,6.4270678657040445,645.8613599020975,13.648124012377723
1.8405521212783331,3164.214677208846,11.615900462883355,44.35067545603353
6878.473850447443,1.4709202224364764,13.484848765574682,140.5485753155085

Iteration: ,30000
Error:,0.02446329715072185
Absolute Error:,0.024900441852721264
Transition Probabilities
0.0001187084520417853,0.0001187084520417853,0.024786915497424913,0.9749756675984915
0.9779300094367894,0.0213657652110979,0.0003521126760563377,0.0003521126760563377
0.016163345002495177,0.005297235867093636,0.96537298550293,0.013166433627480923
0.021453421511605245,0.0021910327481368176,0.9531345403060079,0.023221005434250097

0.01848659862702273,0.01486215420723348,0.011643266676486764,0.955007980489257
0.01629243017826377,0.009227457940045751,0.9549007819931292,0.01957932988856123
0.0005286464477403249,0.9824212628267781,0.00338656557342624,0.013663525152055421
0.9781062652577077,0.0001906804867634281,0.0017616364949686878,0.01994141776056011

Transition Gammas
1.0,1.0,208.8049761503076,8213.195023849697
2777.321226800484,60.67877319951809,1.0,1.0
34.30652141093055,11.243324674759029,2048.9935091763255,27.945610087332852
57.57049335740435,5.879660556906093,2557.747056417849,62.31382431849289

37.29683840542429,29.98449714883845,23.49036967294862,1926.735092962573
11.950386776724036,6.768277669013234,700.4132319952168,14.361305369259185
1.8435316380805342,3425.9658561705414,11.809860457271714,47.64836879769673
7550.718609862921,1.4720023284617143,13.599362297172382,153.94240844785926

Iteration: ,32500
Error:,0.024390697072935792
Absolute Error:,0.024501444013100317
Transition Probabilities
0.00010948105977665862,0.00010948105977665862,0.024192022155418887,0.9755890157250277
0.9785760972919925,0.02077179967572849,0.0003260515161395499,0.0003260515161395499
0.01668586816525356,0.005013922145840027,0.9651933679636758,0.01310684172523064
0.020826626378212164,0.002358334887892675,0.9539691942728317,0.022845844461063445

0.018526524160343692,0.014470338592271537,0.011137071309735548,0.9558660659376492
0.015125499397696094,0.008729040163165051,0.9560029588065707,0.02014250163256824
0.0004894694315499996,0.9827950059611845,0.0031768622150513837,0.013538662392214127
0.9772882527271096,0.00017564514603010298,0.0016371123767992136,0.02089898975006111

Transition Gammas
1.0,1.0,220.96993036759616,8911.030069632405
3001.2928903945426,63.707109605459316,1.0,1.0
38.1933628303485,11.476690683554711,2209.2935254545414,30.001097732158524
60.48125866748716,6.8486878186096565,2770.3602375077703,66.34513930553217

40.45047388802703,31.594272531190807,24.316477732388382,2087.020479719856
12.018998559490427,6.936255021291748,759.6574422207136,16.005600327037577
1.8457437848856304,3706.028726503205,11.979652478604502,51.053038975205986
8194.652728855855,1.4728008560518142,13.727339266122778,175.2399692800668

Iteration: ,35000
Error:,0.024151988652601947
Absolute Error:,0.024466673505850512
Transition Probabilities
0.00010195758564437205,0.00010195758564437205,0.02346314268507054,0.9763329421436406
0.9792225003293408,0.020172904749256548,0.00030229746070133004,0.00030229746070133004
0.016136421515640886,0.004622062122783897,0.9667173560265929,0.012524160334982356
0.021087776546305538,0.00249947240411999,0.952828721943559,0.02358402910601541

0.01816332114131541,0.015836063744691615,0.011073376978570294,0.9549272381354227
0.014121542604195719,0.008446671612959698,0.9582613946928482,0.019170391089996276
0.00045402026297219363,0.9816291944514993,0.003045822742070659,0.014870962543457749
0.975833011144959,0.00016368746459238264,0.0015427401188864759,0.022460561271562107

Transition Gammas
1.0,1.0,230.12650345517162,9575.873496544817
3239.26803108946,66.73196891054067,1.0,1.0
40.2484031330595,11.528616765714336,2411.242779160779,31.238490738287027
66.35778603368254,7.865194067543649,2998.305882018416,74.21284808252052

42.590108143537066,37.133058552832324,25.96531324652378,2239.1529624439277
12.062036462072811,7.2147968415578045,818.5071707072325,16.37455360231168
1.8477905037378826,3995.0752237911383,12.396015768159074,60.52246036191977
8784.603445202833,1.4735405022910812,13.887991089296706,202.1935327806245

Iteration: ,37500
Error:,0.02374806913830011
Absolute Error:,0.024210386660143017
Transition Probabilities
9.507510933637582e-05,9.507510933637582e-05,0.023415290776634498,0.9763945590046927
0.9794068861442633,0.020027022715063025,0.0002830455703368242,0.0002830455703368242
0.01651228522848359,0.004708754386889653,0.9659703338512526,0.01280862653337407
0.020613187599710977,0.002345100016207764,0.9537761506503276,0.02326556173375364

0.018831500346240742,0.014991306072817921,0.010888382468833911,0.9552888111121074
0.013159209779393714,0.0078259511162111,0.9595867278829624,0.019428111221432707
0.00042410339611734184,0.9814029564528611,0.0031199179150852765,0.01505302223593627
0.9761476163702991,0.00015273832199139335,0.001544764241341202,0.022154881066368308

Transition Gammas
1.0,1.0,246.28202838864144,10269.71797161135
3460.2445287476826,70.75547125231768,1.0,1.0
44.150977945684765,12.590390016312941,2582.8366162476377,34.248038945814976
69.36696249036221,7.891669547640108,3209.6226819034528,78.29266290309819

47.12526634295074,37.51529503868071,27.24785144324123,2390.581675935642
12.139764629765807,7.219673988602751,885.2474589004543,17.9230137206591
1.8496045784450927,4280.10579064669,13.606621670433332,65.64941262418019
9421.570406784393,1.4741979904708626,14.909737848663609,213.83422785672295

Iteration: ,40000
Error:,0.02352886710149869
Absolute Error:,0.023895851578669282
Transition Probabilities
8.923790826343031e-05,8.923790826343031e-05,0.02270607707197457,0.9771154471114986
0.979070145522045,0.020398504849899732,0.0002656748140276301,0.0002656748140276301
0.01596649127024247,0.004465514188875695,0.9670817422821749,0.012486252258706936
0.02065112685415179,0.002205558188221439,0.9536817506635618,0.02346156429406493

0.01953091555432879,0.014932800273900771,0.010368019988488835,0.9551682641832817
0.013087102569138817,0.007548611719132931,0.9611002371017928,0.018264048609935433
0.0003981194396568099,0.9813812692118721,0.00297799078098335,0.015242620567487623
0.9762536945360692,0.0001431073572886122,0.0015460355476172654,0.022057162559024943

Transition Gammas
1.0,1.0,254.444299668547,10949.555700331452
3685.220027744979,76.77997225502261,1.0,1.0
45.285360009685235,12.665426251069025,2742.9097675119233,35.414445111126916
74.13186636957073,7.917347369675039,3423.4552234652497,84.22056391169993

52.490742111302865,40.132976152425734,27.864800393342538,2567.0834983991867
12.92257129242253,7.4537104438488795,949.0172685281699,18.034432679294895
1.851551670045427,4564.15323383082,13.849873316065015,70.88952901151742
10061.520313466306,1.4749010328202692,15.933837848454255,227.32675982396336

Iteration: ,40336
Error:,0.023430076801087607
Absolute Error:,0.02378458605772237
Transition Probabilities
8.857395925597879e-05,8.857395925597879e-05,0.022539085225971298,0.9772837668555167
0.9792457896356093,0.020227339974506625,0.0002634351949420442,0.0002634351949420442
0.01579348873964741,0.00441562847947939,0.9674436553232181,0.012347227457655095
0.020726198707436947,0.002188105127816129,0.9538396844024823,0.02324601176226452

0.019371833891825948,0.014805659806856965,0.010312109114509992,0.9555103971868071
0.013898182178526272,0.007451109800850267,0.9606060568325256,0.01804465118809787
0.00039444808537417224,0.9815508678941265,0.0029501251597918447,0.01510455886070763
0.976328799718646,0.0001420980467236171,0.001535498961187593,0.021993603273442696


Model Num 3
Model States: 
"['diamond', 'x', 'square']","['diamond', 'x', 'diamond']","['square', 'y', 'diamond', 'x', 'diamond']","['square', 'x', 'square', 'y', 'diamond', 'x', 'diamond']","['square', 'x', 'square', 'y', 'diamond', 'x', 'square']"
Iteration: ,0
Error:,0.6479009325380283
Absolute Error:,1
Transition Probabilities
0.2,0.2,0.2,0.2,0.2
0.2,0.2,0.2,0.2,0.2
0.2,0.2,0.2,0.2,0.2
0.2,0.2,0.2,0.2,0.2
0.2,0.2,0.2,0.2,0.2

0.2,0.2,0.2,0.2,0.2
0.2,0.2,0.2,0.2,0.2
0.2,0.2,0.2,0.2,0.2
0.2,0.2,0.2,0.2,0.2
0.2,0.2,0.2,0.2,0.2

Transition Gammas
1.0,1.0,1.0,1.0,1.0
1.0,1.0,1.0,1.0,1.0
1.0,1.0,1.0,1.0,1.0
1.0,1.0,1.0,1.0,1.0
1.0,1.0,1.0,1.0,1.0

1.0,1.0,1.0,1.0,1.0
1.0,1.0,1.0,1.0,1.0
1.0,1.0,1.0,1.0,1.0
1.0,1.0,1.0,1.0,1.0
1.0,1.0,1.0,1.0,1.0

Iteration: ,2500
Error:,0.31904000687055806
Absolute Error:,1
Transition Probabilities
0.001915708812260536,0.001915708812260536,0.4310344827586206,0.5552027959101965,0.009931303706661678
0.9735602994277007,0.018958403814194485,0.002493765586034912,0.002493765586034912,0.002493765586034912
0.2,0.2,0.2,0.2,0.2
0.009238418882214333,0.006826857404383428,0.7712007090089033,0.2048880099970858,0.007846004707413342
0.08010615811615822,0.025439286758615294,0.10990559164691065,0.736526258313798,0.048022705164517884

0.03371371142208121,0.014220375361226728,0.3801363688476119,0.5632999805146386,0.008629563854441441
0.03447765163597773,0.026773883583436294,0.4635364460995783,0.4607919763665844,0.01442004231442322
0.3229588730361433,0.6530411269638566,0.008,0.010191524048618058,0.005808475951381942
0.2,0.2,0.2,0.2,0.2
0.2,0.2,0.2,0.2,0.2

Transition Gammas
1.0,1.0,225.0,289.8158594651226,5.184140534877397
390.39768007050816,7.602319929491992,1.0,1.0,1.0
1.0,1.0,1.0,1.0,1.0
4.913843825150149,3.631152855202589,410.1957153307284,108.97835393778635,4.173229453564367
6.417120450815284,2.0378828688319794,8.804284669271665,59.00142792935386,3.8469886792953063

5.079863050454067,2.142675971111569,57.27760643338732,84.87605299556674,1.3002722250567604
3.2520537851234073,2.5254071933109574,43.72239356661268,43.46352549527264,1.360149284103928
242.21915477710746,489.7808452228925,6.0,7.643643036463543,4.356356963536457
1.0,1.0,1.0,1.0,1.0
1.0,1.0,1.0,1.0,1.0

Iteration: ,5000
Error:,0.31322133333239727
Absolute Error:,1
Transition Probabilities
0.0009861932938856016,0.0009861932938856016,0.43392504930966475,0.5550213574743221,0.009081206628241955
0.9747073087251196,0.02143168741387659,0.0012870012870012865,0.0012870012870012865,0.0012870012870012865
0.2,0.2,0.2,0.2,0.2
0.008656495398013511,0.005488148681601103,0.7623372937482982,0.21849198667933284,0.0050260754927542615
0.07537802753294148,0.017687232021961926,0.13615604718973595,0.73565306362773,0.035125629627630627

0.02989888700552647,0.010454269238533811,0.4014840638020193,0.5413799268406145,0.016782853113306
0.01821782346828134,0.022995451410740945,0.463580417866134,0.488011583774616,0.007194723480227651
0.3257355267030879,0.654982558403295,0.005984042553191489,0.008480295961532616,0.0048175763788929175
0.2,0.2,0.2,0.2,0.2
0.2,0.2,0.2,0.2,0.2

Transition Gammas
1.0,1.0,440.0,562.7916564789625,9.20834352103734
757.3475788794182,16.652421120582115,1.0,1.0,1.0
1.0,1.0,1.0,1.0,1.0
9.26261381956443,5.87242290149986,815.7153244559854,233.79055867626272,5.377995848994855
11.229900274078954,2.6350630048567587,20.28467554401467,109.59839108617871,5.233054388563569

9.248252169144113,3.2336895398218672,124.18608971121593,167.45834324232004,5.191231957258812
3.76530335660308,4.75275493443094,95.81391028878404,100.86340213181882,1.4870226686024561
489.9062321614442,985.0937678385557,9.0,12.754365126145055,7.245634873854948
1.0,1.0,1.0,1.0,1.0
1.0,1.0,1.0,1.0,1.0

Iteration: ,7500
Error:,0.3095303294015146
Absolute Error:,1
Transition Probabilities
0.0006600660066006603,0.0006600660066006603,0.43432343234323445,0.5549537962004446,0.009402639443119748
0.979595328460204,0.017820692211630566,0.0008613264427217918,0.0008613264427217918,0.0008613264427217918
0.2,0.2,0.2,0.2,0.2
0.010568255354022683,0.0047952196719712225,0.7506349214341369,0.22936859321706599,0.0046330103228031695
0.06475491376875776,0.012881953112410617,0.133658168793032,0.7552756589292111,0.0334293053965886

0.024050833940439685,0.009972102904894238,0.42023926332388706,0.5345950986005975,0.0111427012301815
0.014582131531905077,0.028127455930738936,0.4780193964834211,0.47441036487931304,0.004860651174621821
0.32799703250336504,0.6559958532236247,0.005335704757670073,0.007153120526644336,0.003518288988695812
0.2,0.2,0.2,0.2,0.2
0.2,0.2,0.2,0.2,0.2

Transition Gammas
1.0,1.0,658.0,840.7550012436733,14.244998756326414
1137.3101763422967,20.689823657703084,1.0,1.0,1.0
1.0,1.0,1.0,1.0,1.0
16.996722648493332,7.712059944886822,1207.2317655565823,368.88911486242955,7.451181755777531
14.422159691687714,2.8690577149321332,29.768234443417402,168.2143567238775,7.445346657915063

11.233275691650528,4.657609022356344,196.27857865817708,249.6900581849772,5.2043532119632605
4.475782950009914,8.633332335983216,146.72142134182283,145.61367916542213,1.491909437637325
737.6653261000685,1475.334673899933,12.0,16.08736806442312,7.9126319355768855
1.0,1.0,1.0,1.0,1.0
1.0,1.0,1.0,1.0,1.0

Iteration: ,10000
Error:,0.3071221879483027
Absolute Error:,1
Transition Probabilities
0.0005045408678102924,0.0005045408678102924,0.42633703329969713,0.5649496526941298,0.007704232270552413
0.9813127137669818,0.016735431971469667,0.0006506180871828237,0.0006506180871828237,0.0006506180871828237
0.2,0.2,0.2,0.2,0.2
0.00959404125205844,0.004201466470156763,0.7418393839347414,0.24018945103340905,0.004175657309634291
0.06894809082898586,0.012375829851380728,0.11648534276654272,0.775090661754818,0.027100074798272793

0.020025258178994924,0.008366176499331641,0.4066585083504084,0.5549646526551593,0.009985404316105855
0.013755154378344403,0.02580341399764512,0.45531728293100476,0.5014866552038882,0.0036374934891175536
0.32086350842694505,0.6626437281937213,0.005721979131605517,0.007478288378208941,0.0032924958695190907
0.2,0.2,0.2,0.2,0.2
0.2,0.2,0.2,0.2,0.2

Transition Gammas
1.0,1.0,845.0,1119.7302116397657,15.269788360234887
1508.2776410598508,25.722358940148876,1.0,1.0,1.0
1.0,1.0,1.0,1.0,1.0
21.128757782836413,9.252802343496764,1633.737467364213,528.9642393176605,9.195963365329908
20.872019133815524,3.746420739851301,35.26253263578728,234.63604181172153,8.203755505287882

12.450619798355751,5.201634946628447,252.83821212094523,345.04693172863483,6.208383011166472
5.6843755715152255,10.663369683500578,188.16178787905469,207.24147573143918,1.5032095287595177
953.2854835364544,1968.7145164635472,17.0,22.217994771658777,9.782005228341225
1.0,1.0,1.0,1.0,1.0
1.0,1.0,1.0,1.0,1.0

Iteration: ,12500
Error:,0.30812803726192745
Absolute Error:,1
Transition Probabilities
0.0004093327875562831,0.0004093327875562831,0.42447810069586556,0.5676271175775434,0.007076116151478604
0.9830300495742649,0.015415546280657472,0.0005181347150259068,0.0005181347150259068,0.0005181347150259068
0.2,0.2,0.2,0.2,0.2
0.010422410975227817,0.004046802212128059,0.7365585223271888,0.24514242389180516,0.0038298405936501604
0.07160183801596907,0.010658528226099613,0.11283588043133552,0.7818481305947702,0.02305562273182559

0.019670549679329602,0.008201017008442769,0.4038914205956078,0.5578867737453804,0.010350238971239344
0.015344827875995013,0.028686552780187075,0.4417509994413241,0.5113021879982386,0.0029154319042552818
0.3136159257905381,0.6709452876439148,0.004875406283856985,0.007153746483607789,0.003409633798082345
0.2,0.2,0.2,0.2,0.2
0.2,0.2,0.2,0.2,0.2

Transition Gammas
1.0,1.0,1037.0,1386.713048241939,17.286951758062237
1897.2479956783309,29.752004321668917,1.0,1.0,1.0
1.0,1.0,1.0,1.0,1.0
28.947438839074678,11.239679552825207,2045.73421899624,680.8640859909515,10.637085470108337
26.820436845807727,3.992444762292388,42.2657810037614,292.8627112191327,8.636117319806601

15.596883896823345,6.5026301858238025,320.2476644855729,442.3514024533658,8.206759758647383
7.980763024951603,14.91972289240125,229.75233551442685,265.925537225265,1.5163005627220865
1157.8699980186673,2477.1300019813348,18.0,26.41163201747997,12.588367982520024
1.0,1.0,1.0,1.0,1.0
1.0,1.0,1.0,1.0,1.0

Iteration: ,15000
Error:,0.31041317392522455
Absolute Error:,1
Transition Probabilities
0.0003409478349812477,0.0003409478349812477,0.4268666893965221,0.5655297538227358,0.006921661110779461
0.9803351999114214,0.018376140294764184,0.0004295532646048115,0.0004295532646048115,0.0004295532646048115
0.2,0.2,0.2,0.2,0.2
0.011123637891318896,0.00410764401954173,0.7409419901372375,0.23982531811277455,0.004001409839127319
0.07044061316241833,0.010788120539107948,0.11572853906176186,0.7807448428199213,0.022297884416790606

0.01909088350752263,0.0078993232214882,0.39725315508167724,0.5660561142629082,0.009700523926403724
0.014061279172909858,0.0296269683540001,0.43384437657140135,0.52003799848985,0.002429377411838736
0.31168446277557726,0.6723065180586956,0.005411499436302141,0.007425706511756206,0.003171813217668821
0.2,0.2,0.2,0.2,0.2
0.2,0.2,0.2,0.2,0.2

Transition Gammas
1.0,1.0,1252.0,1658.698767962085,20.30123203791617
2282.2203453937864,42.77965460621097,1.0,1.0,1.0
1.0,1.0,1.0,1.0,1.0
36.95509254646888,13.646467673006551,2461.5669877617615,796.7507493893343,13.293535115585145
30.697115287988765,4.7013244925357895,50.4330122382406,340.2385836035358,9.717131891544287

18.124379656171598,7.499408449936294,377.14163409332184,537.3986970040202,9.209420739309337
8.811169591997116,18.56504230189499,271.85836590667793,325.8695700889476,1.5223121677235296
1382.3205924096853,2981.6794075903153,24.0,32.93300837963878,14.066991620361224
1.0,1.0,1.0,1.0,1.0
1.0,1.0,1.0,1.0,1.0

Iteration: ,17500
Error:,0.31027167762178504
Absolute Error:,1
Transition Probabilities
0.0002921413964358748,0.0002921413964358748,0.42272860064271084,0.5687069167933843,0.007980199771033203
0.9802006566190015,0.018695590621616704,0.00036791758646063347,0.00036791758646063347,0.00036791758646063347
0.2,0.2,0.2,0.2,0.2
0.011159345685813105,0.004116655785312898,0.741418247558524,0.23941786305911728,0.0038878879112325933
0.07596434304295852,0.011817243960470345,0.12661794765910403,0.7645634123378415,0.021037052999625622

0.0212085225590437,0.007307203823543354,0.4009823072360284,0.5603523971551986,0.010149569226186001
0.014082069589040843,0.027901458476365805,0.4351088236779709,0.5207986382843592,0.002109009972263036
0.31033076772047224,0.6724578611714249,0.005414813382324502,0.008029444450813777,0.0037671132749646013
0.2,0.2,0.2,0.2,0.2
0.2,0.2,0.2,0.2,0.2

Transition Gammas
1.0,1.0,1447.0,1946.6837761837553,27.316223816246666
2664.185384690441,50.81461530955411,1.0,1.0,1.0
1.0,1.0,1.0,1.0,1.0
43.263808522495275,15.959914914655013,2874.413787381369,928.2021433768246,15.07300184833687
38.7484499781695,6.027826584680189,64.58621261863279,389.99412028559067,10.730734489247379

23.41954234122653,8.068990608139861,442.7853046459597,618.7699616816537,11.207676799556884
