0,1,2,3,4,5,6,7,8,9,10,11,12,13,14,15,16,17,18,19,20,21,22,23,24,25,26,27,28,29
github Code Version (SHA):,528ca1c557fe8e6666681dc5c9134b0f84d30530
Environment Observations,Environment Actions,alpha,epsilon,numActions,explore,patience,gainThresh,insertRandActions,useUpdatedPosterior,revisedSplitting,haveControl,confidence_factor
"['diamond', 'square']","['x', 'y']",0.95,0.99,75000,0.5,0,0.01,False,False,False,False,250

Model Num 0
Model States: 
['diamond'],['square']
Iteration: ,0
Error:,0.6247793693592427
Absolute Error:,1
Transition Probabilities
0.5,0.5
0.5,0.5

0.5,0.5
0.5,0.5

Transition Gammas
1.0,1.0
1.0,1.0

1.0,1.0
1.0,1.0

Iteration: ,2500
Error:,0.10953992993119747
Absolute Error:,1
Transition Probabilities
0.4897119341563786,0.5102880658436214
0.03026481715006305,0.969735182849937

0.03807615230460922,0.9619238476953907
0.9656593406593407,0.034340659340659344

Transition Gammas
238.0,248.0
24.0,769.0

19.0,480.0
703.0,25.0

Iteration: ,2566
Error:,0.11308439442344945
Absolute Error:,1
Transition Probabilities
0.49,0.51
0.03078817733990148,0.9692118226600985

0.03718199608610567,0.9628180039138943
0.9626168224299065,0.037383177570093455


Model Num 1
Model States: 
['square'],"['diamond', 'x', 'square']","['diamond', 'x', 'diamond']"
Iteration: ,0
Error:,0.6747436309529762
Absolute Error:,1
Transition Probabilities
0.3333333333333333,0.3333333333333333,0.3333333333333333
0.3333333333333333,0.3333333333333333,0.3333333333333333
0.3333333333333333,0.3333333333333333,0.3333333333333333

0.3333333333333333,0.3333333333333333,0.3333333333333333
0.3333333333333333,0.3333333333333333,0.3333333333333333
0.3333333333333333,0.3333333333333333,0.3333333333333333

Transition Gammas
1.0,1.0,1.0
1.0,1.0,1.0
1.0,1.0,1.0

1.0,1.0,1.0
1.0,1.0,1.0
1.0,1.0,1.0

Iteration: ,2500
Error:,0.09515808598113723
Absolute Error:,1
Transition Probabilities
0.9575342465753425,0.02421511740183837,0.018250636022819167
0.9957537154989384,0.0021231422505307855,0.0021231422505307855
0.0031446540880503146,0.9434121521363832,0.053443193775566535

0.044137931034482755,0.4289460465064632,0.5269160224590541
0.932321835575885,0.03242628768983518,0.03525187673427984
0.9355858667828547,0.025930977922566448,0.03848315529457888

Transition Gammas
699.0,17.67703570334201,13.322964296657993
469.0,1.0,1.0
1.0,300.00506437936986,16.99493562063016

32.0,310.9858837171858,382.01411628281426
155.3197618009774,5.402043680511044,5.8727714920714265
97.68023819902267,2.707334719494831,4.017850107922699

Iteration: ,5000
Error:,0.09774361106491203
Absolute Error:,1
Transition Probabilities
0.9539106145251397,0.03134953063113793,0.014739854843722417
0.9979274611398964,0.0010362694300518134,0.0010362694300518134
0.0016025641025641023,0.941838225947505,0.056559209949930925

0.04449007529089663,0.4332357180579231,0.5222742066511802
0.9282201719301361,0.03456629944157611,0.037213528628287806
0.943730645259373,0.02874697069078544,0.027522384049841617

Transition Gammas
1366.0,44.89252786378951,21.1074721362105
963.0,1.0,1.0
1.0,587.7070529912432,35.292947008756904

65.0,632.9573840826258,763.0426159173745
299.7284027801259,11.161685594592923,12.016493322242424
198.27159721987437,6.039549338284388,5.782271744880264

Iteration: ,7500
Error:,0.09914808753691298
Absolute Error:,1
Transition Probabilities
0.9549675023212628,0.0302835507974409,0.014748946881296339
0.9986178299930891,0.000691085003455425,0.000691085003455425
0.001036269430051813,0.9351379391750936,0.06382579139485459

0.04869085898024807,0.4202562442607717,0.5310528967589804
0.9277347940990656,0.03633090280768063,0.03593430309325372
0.9435498930852738,0.027731068083824802,0.028719038830901246

Transition Gammas
2057.0,65.2307684176877,31.76923158231231
1445.0,1.0,1.0
1.0,902.4081113039657,61.5918886960347

106.0,914.8978437556996,1156.1021562442997
435.29744869534113,17.04662733528247,16.86054091819278
285.7025513046589,8.396839382860186,8.695992363664562

Iteration: ,10000
Error:,0.10184613553647938
Absolute Error:,1
Transition Probabilities
0.9542936288088641,0.029623215737396177,0.01608315545373956
0.9989417989417989,0.0005291005291005291,0.0005291005291005291
0.0007716049382716046,0.934368483921176,0.06485991114055246

0.04788341429562806,0.4131238587624299,0.5389927269419419
0.92600612269616,0.03738646879070246,0.03660740851313755
0.9414036398039989,0.031186841453140313,0.027409518742860867

Transition Gammas
2756.0,85.55184704960017,46.448152950399866
1888.0,1.0,1.0
1.0,1210.9415551618447,84.05844483815603

138.0,1190.6229609533223,1553.3770390466757
598.1794175104154,24.150829649893915,23.64757398924836
388.82058248958447,12.880857208439302,11.320739152418428

Iteration: ,12500
Error:,0.0979514694874151
Absolute Error:,1
Transition Probabilities
0.9563525159855435,0.027686494607992666,0.01596098940646384
0.9991518235793045,0.00042408821034775233,0.00042408821034775233
0.00062111801242236,0.9363814626742551,0.06299741931332244

0.04889502762430942,0.4116746844987906,0.5394302878769
0.9269531342870598,0.03891316835693659,0.03413369735600363
0.9462489640204318,0.02847256459601433,0.02527847138355374

Transition Gammas
3440.0,99.58832110494961,57.41167889505043
2356.0,1.0,1.0
1.0,1507.5741549055517,101.42584509444919

177.0,1490.2623578856212,1952.7376421143767
745.1394155787937,31.28069203855511,27.438672311042012
497.8605844212058,14.98058987511467,13.300045775288211

Iteration: ,15000
Error:,0.09876580378384311
Absolute Error:,1
Transition Probabilities
0.9559777571825765,0.027415810588050978,0.016606432229372577
0.9992927864214993,0.0003536067892503536,0.0003536067892503536
0.000516262261228704,0.9397061445430125,0.0597775931957588

0.04884792626728111,0.40863496729879695,0.5425171064339218
0.9274809384192059,0.03877705161461957,0.0337420099661746
0.9458123088967025,0.027331657828541977,0.026856033274755338

Transition Gammas
4126.0,118.32663849802802,71.67336150197204
2826.0,1.0,1.0
1.0,1820.2108019798159,115.78919802018484

212.0,1773.4757580767787,2354.524241923221
891.7328339867319,37.28245907553677,32.44148415904777
598.2671660132677,17.28845492675017,16.987601838665295

Iteration: ,17500
Error:,0.09516364006359342
Absolute Error:,1
Transition Probabilities
0.9555865365465047,0.027526881017681557,0.01688658243581377
0.9993924665856622,0.00030376670716889426,0.00030376670716889426
0.00044091710758377444,0.9412959869909503,0.05826309590146602

0.048380726698262225,0.4062063576338208,0.5454129156679168
0.9286433322480104,0.03790566639637854,0.033451001355610986
0.9481170121716881,0.02574670990781704,0.026136277920494767

Transition Gammas
4798.0,138.2124695897791,84.78753041022095
3290.0,1.0,1.0
1.0,2134.8592984954744,132.14070150452488

245.0,2057.0289950576694,2761.971004942332
1048.105853710075,42.781926558016,37.75420456463913
702.894146289925,19.087529754346722,19.37633912299814

Iteration: ,17694
Error:,0.09718141136390769
Absolute Error:,1
Transition Probabilities
0.9556874381800198,0.027485467698521008,0.01682709412145922
0.999400479616307,0.00029976019184652276,0.00029976019184652276
0.00043610989969472324,0.9414865439463915,0.058077346153913766

0.04891833950496977,0.40687390155486636,0.5442077589401638
0.9263100471851308,0.039279298019531596,0.034410654795337586
0.9457272624608937,0.026671135350885007,0.027601602188221355


Model Num 2
Model States: 
"['diamond', 'x', 'square']","['diamond', 'x', 'diamond']","['square', 'y', 'diamond', 'x', 'diamond']","['square', 'y', 'diamond', 'x', 'square']"
Iteration: ,0
Error:,0.6245151043482491
Absolute Error:,0.7
Transition Probabilities
0.25,0.25,0.25,0.25
0.25,0.25,0.25,0.25
0.25,0.25,0.25,0.25
0.25,0.25,0.25,0.25

0.25,0.25,0.25,0.25
0.25,0.25,0.25,0.25
0.25,0.25,0.25,0.25
0.25,0.25,0.25,0.25

Transition Gammas
1.0,1.0,1.0,1.0
1.0,1.0,1.0,1.0
1.0,1.0,1.0,1.0
1.0,1.0,1.0,1.0

1.0,1.0,1.0,1.0
1.0,1.0,1.0,1.0
1.0,1.0,1.0,1.0
1.0,1.0,1.0,1.0

Iteration: ,2500
Error:,0.04153468064403716
Absolute Error:,0.08557532534689455
Transition Probabilities
0.0014556040756914118,0.0014556040756914118,0.04750069391388946,0.9495880979347276
0.8621775267681504,0.1304150658244423,0.003703703703703704,0.003703703703703704
0.016925513312560637,0.012026089085776591,0.9180561721541731,0.05299222544748971
0.04191516706022437,0.023065973641045602,0.8774152195952174,0.05760363970351259

0.02187705243822533,0.010448980292864058,0.09177152360993002,0.8759024436589806
0.04846627275655595,0.04266322709550163,0.640011325611587,0.2688591745363554
0.00809083101087011,0.9320345737851139,0.03437882130850856,0.025495773895507563
0.9506459895017748,0.002660855101925765,0.021363346412864487,0.02532980898343495

Transition Gammas
1.0,1.0,32.632976718842066,652.367023281158
232.7879322274006,35.21206777259942,1.0,1.0
2.9490436482372453,2.0953846998085046,159.95897277792318,9.233184422590066
9.001844395156358,4.953727256797892,188.43668845192985,12.37115434755696

3.6385012590851322,1.7378313673240748,15.263061838232638,145.67648695307844
3.5227283162786245,3.1009390573121687,46.51865908475461,19.54179212393429
2.43579501222095,280.59480700970806,10.349958039760724,7.6756613509731135
610.2612785996671,1.7081193784036188,13.714067319544458,16.2603132897217

Iteration: ,5000
Error:,0.03533320025270331
Absolute Error:,0.07110808347091155
Transition Probabilities
0.0007358351729212649,0.0007358351729212649,0.049654870501492664,0.9488734591526649
0.898500428613065,0.09784993635043858,0.0018248175182481736,0.0018248175182481736
0.020933447604122243,0.013589743439322998,0.9077766721920449,0.0577001367645097
0.03777563401613525,0.025524522787495948,0.8898426143864486,0.04685722880992019

0.028157328689699692,0.013975029970482309,0.06892447230903975,0.8889431690307783
0.039012726881197675,0.03343584595420432,0.703722002171363,0.223829424993235
0.004145720460696766,0.9401350704618637,0.03448856554231808,0.02123064353512148
0.9484507872410675,0.001392663063903838,0.024537227832016742,0.025619321863011982

Transition Gammas
1.0,1.0,67.4809690115286,1289.5190309884729
492.37823487996,53.621765120040386,1.0,1.0
7.8414344313007245,5.090565306436477,340.04294886698705,21.61382337359899
16.75014026839195,11.317859993870846,394.56620639111435,20.77702136829939

9.321824072947278,4.626602623943411,22.818279825693484,294.29538305544173
4.874168576400011,4.1774047267093,87.92155646925794,27.964780649606737
2.50476523924833,568.0116802413119,20.837333568654866,12.82714993396034
1178.7527263041195,1.7308282153204126,30.495334699515222,31.840181797869576

Iteration: ,7500
Error:,0.029191926406764053
Absolute Error:,0.060987419708079846
Transition Probabilities
0.0004933399111988153,0.0004933399111988153,0.048458441436205556,0.9505548787413969
0.9083202969102369,0.08921967848951705,0.0012300123001230008,0.0012300123001230008
0.021167330712939015,0.015764885359858212,0.907138024716856,0.055929759210346715
0.03377271483994044,0.024865336448328935,0.8986722214383569,0.042689727273373855

0.029408781909008877,0.013056495376665542,0.06141277057280207,0.8961219521415235
0.029690680082263388,0.02457737836406406,0.7508334032607021,0.19489853829297046
0.0028364928101284443,0.9506956548014664,0.02809159446173745,0.018376257926667524
0.9483143791612737,0.0009291200704494706,0.023642587014529006,0.027113913753747824

Transition Gammas
1.0,1.0,98.22526079118879,1926.774739208814
738.4644013880228,72.53559861197738,1.0,1.0
11.712704692259953,8.723322238003318,501.95463673337645,30.94810403937986
22.211005259649713,16.352967810087005,591.0218805822137,28.07537864502902

15.189736918253297,6.743724730237354,31.71990704368992,462.85006777283604
5.507519124276424,4.559019227232925,139.27701609213634,36.15300909133731
2.5459029041466907,853.2998285333541,25.213697586989447,16.493667199083426
1780.409894962997,1.7443735995018934,44.38770178769222,50.904933426234905

Iteration: ,10000
Error:,0.030469482878929494
Absolute Error:,0.05630217739804504
Transition Probabilities
0.00036995930447650727,0.00036995930447650727,0.045828944266063695,0.9534311371249833
0.9138435408633783,0.08428730025811705,0.000934579439252336,0.000934579439252336
0.02175825230827616,0.016745056339377395,0.9095770115989116,0.05191967975343483
0.034073020423773824,0.022646690853024377,0.9063846343676848,0.03689565435551711

0.03612218951464839,0.01347076733327418,0.056676222123153305,0.893730821028924
0.030678267122523303,0.031435786635018385,0.7749107021613659,0.16297524408109232
0.002148958812503295,0.9488722905701361,0.030673171081207845,0.018305579536152795
0.9507886763534029,0.0007014432586702844,0.02205946012141566,0.0264504202665112

Transition Gammas
1.0,1.0,123.87563635117027,2577.124363648832
977.8125887238151,90.18741127618529,1.0,1.0
16.043817732358818,12.347252344567337,670.692093320648,38.28385969996798
29.801387285303495,19.80754263777034,792.7538909756526,32.27015600373001

24.9130881324902,9.290644290818435,39.088984796951976,616.3965974982549
7.801811135177324,7.994456441514044,197.06807169861298,41.44634600617972
2.57557973018442,1137.2466628521556,36.76254623289422,21.93968508296925
2377.4238157164036,1.753941701254136,55.15914015261837,66.13862853151815

Iteration: ,12500
Error:,0.028896024138911014
Absolute Error:,0.053470032535940806
Transition Probabilities
0.0002952465308532628,0.0002952465308532628,0.042947715356829404,0.9564617915814642
0.9186348173935551,0.07985346680901469,0.0007558578987150416,0.0007558578987150416
0.01968586858572177,0.01911191929135232,0.9100617417795875,0.051140470343338344
0.03033834689070745,0.01965765550176575,0.9122481763458408,0.03775582126168598

0.03680534664781981,0.015551448496175117,0.055612001260544185,0.892031203595461
0.029883459813677477,0.032754312213271804,0.7864236897170779,0.15093853825597298
0.001744328919574436,0.9495480497676333,0.031548686646571344,0.017158934666220902
0.9518972044704592,0.0005607415050983028,0.021078663179818085,0.02646339084462431

Transition Gammas
1.0,1.0,145.46391191358103,3239.5360880864155
1215.3538634116735,105.64613658832643,1.0,1.0
18.092757664465324,17.56525614988907,836.4135157166396,47.00184463488188
32.97555701930179,21.36642916634382,991.5468322389162,41.037807409560564

31.682286972539814,13.386790207658011,47.87118023674898,767.8663877615069
9.508718331788888,10.422204488013293,250.23479214221555,48.0276398595283
2.6004994160366324,1415.6155534713537,47.03375623741155,25.58106964723406
2991.022002470296,1.7619446423107785,66.23272456038917,83.15244955496524

Iteration: ,15000
Error:,0.027804112399093958
Absolute Error:,0.0518559988296721
Transition Probabilities
0.00024570024570024586,0.00024570024570024586,0.04472058660329309,0.9547880129053065
0.9186094627634775,0.08013029779102786,0.0006301197227473217,0.0006301197227473217
0.020243340625277897,0.01774935221366492,0.9122418010786291,0.04976550608242807
0.0272619249294874,0.01842956793808162,0.9127492765030114,0.04155923062941966

0.03629799641949636,0.015084638004657827,0.055214177198661334,0.8934031883771845
0.029827894266417538,0.031093657166500612,0.796699531922413,0.14237891664466887
0.0014572616301905806,0.9496826301682848,0.032523322069930735,0.01633678613159385
0.9522765268518942,0.0004691261796187321,0.020691273337831627,0.02656307363065544

Transition Gammas
1.0,1.0,182.01278747540275,3885.9872125245947
1457.8332174056395,127.16678259436127,1.0,1.0
22.168928021628528,19.437706401280735,999.0160814258033,54.49930141093594
35.43717598296096,23.956189594129782,1186.462688288449,54.021928874811024

37.20603417909792,15.461998251759313,56.595425826885524,915.7527368266183
11.423600438773947,11.908367130368816,305.12301811015396,54.528819236341825
2.6207348488900037,1707.9063310972153,58.48984271904135,29.3800261030215
3589.7045145692196,1.7684194846712695,77.99788739783969,100.13224378009748

Iteration: ,17500
Error:,0.028339659469237756
Absolute Error:,0.051701750811578184
Transition Probabilities
0.00021079258010118056,0.00021079258010118056,0.0469267714893389,0.9526516433504587
0.9189408450467529,0.0799838861360428,0.0005376344086021501,0.0005376344086021501
0.02049409405676526,0.016406778070504627,0.9116404808850963,0.05145864698763389
0.027996960521356005,0.019503236181096482,0.9127578250238556,0.03974197827369194

0.03695101535979208,0.016404439152255496,0.05366402646071312,0.8929805190272393
0.029130656885102215,0.03085000063890238,0.7994481536415693,0.14057118883442613
0.0012522360656927482,0.948095764787444,0.03409541460063631,0.01655658454622689
0.9528471301901084,0.0004055132833305952,0.020315114499738468,0.02643224202682251

Transition Gammas
1.0,1.0,222.62060394542362,4519.379396054574
1709.2299717869616,148.77002821303972,1.0,1.0
26.514577480528448,21.226543957068788,1179.450142946661,66.57548651907256
42.589907218733615,29.668971343669146,1388.5175517994503,60.45681873481769

43.996480009327634,19.53228002529513,63.89616751825244,1063.2454662356
12.85622133178518,13.615018633592051,352.8201388331637,62.03822741298306
2.635347279016918,1995.2800134356676,71.75424870472243,34.843550053459595
4166.3115377902905,1.7731014950219774,88.82757081390837,115.57463042790961

Iteration: ,20000
Error:,0.029006827730792564
Absolute Error:,0.05124481015463342
Transition Probabilities
0.0001850823616509349,0.0001850823616509349,0.04687977379462865,0.9527500614820694
0.9209820046307172,0.07807902823313247,0.00046948356807511676,0.00046948356807511676
0.022088951955379063,0.017477655219144045,0.9097698523344392,0.050663540491037815
0.028325774532881726,0.02086667382375652,0.9129733830152772,0.03783416862808457

0.037804541757472936,0.01601948473406183,0.05232496261262972,0.8938510108958356
0.028516365041295868,0.029834282267256776,0.8036573523954353,0.13799200029601202
0.0010963115627556578,0.9466917732336717,0.034637717593074824,0.017574197610497933
0.952590469143976,0.0003578807679533262,0.020056081077500943,0.026995569010569518

Transition Gammas
1.0,1.0,253.29141781237826,5147.708582187614
1961.6916698634302,166.30833013657238,1.0,1.0
32.78092137522146,25.93756565360586,1350.1362155690515,75.18679658419126
49.682233034199946,36.599279936972735,1601.3174261601498,66.35956168660799

51.563309727937046,21.849693571834077,71.36836285456154,1219.1634756779156
14.45936998638362,15.127626713845235,407.49860593154403,69.96955553597881
2.6506670791338167,2288.9156720101005,83.74723102392439,42.4909748568632
4732.655639305974,1.7780216047883524,99.64253085495287,134.11926326425953

Iteration: ,22500
Error:,0.028513830613438148
Absolute Error:,0.04963775733134902
Transition Probabilities
0.0001650982334489023,0.0001650982334489023,0.04737636149584808,0.9522934420372542
0.9189038047152553,0.08026803793484803,0.00041407867494823984,0.00041407867494823984
0.020989482877576838,0.017732287648079353,0.9114687739177246,0.04980945555661924
0.027532670650851954,0.02276764721508633,0.9133247516990123,0.03637493043504946

0.038083048343417636,0.016453635538641643,0.05184413769328127,0.8936191784246595
0.026461492671215753,0.029373608355035108,0.8165557591493265,0.1276091398244226
0.0009694437349661652,0.9467900736970756,0.03456084958742575,0.017679632980532507
0.9522095811484483,0.00032083332241839783,0.019786825604381678,0.027682759924751527

Transition Gammas
1.0,1.0,286.95862158035146,5768.041378419642
2219.1526883873435,193.84731161265813,1.0,1.0
35.06781714254288,29.62591429187258,1522.8207612980775,83.21829030362424
54.35684906144061,44.94941950414394,1803.1471157210365,71.81383267725987

58.06146508540906,25.085234163509593,79.04163982403135,1362.4129628457958
15.569907837030005,17.283392914051316,480.4603455942141,75.08505173595901
2.661380487446923,2599.1901716026605,94.87870972189339,48.535287343163326
5287.366945667518,1.7815022423716456,109.87098820630878,153.71501472863451

Iteration: ,25000
Error:,0.02858686490089861
Absolute Error:,0.04852611523425652
Transition Probabilities
0.00014918693122482484,0.00014918693122482484,0.0473877481651251,0.9523138779724253
0.9192889000337334,0.07996483130955022,0.0003731343283582087,0.0003731343283582087
0.02342756566273178,0.01628197630760812,0.9106374664462233,0.04965299158343679
0.028796157598584348,0.021040119030500376,0.9145217215818561,0.035642001789059026

0.03904423602985965,0.015823079018556296,0.05206919671832452,0.8930634882332595
0.02676996966422889,0.02919392466510435,0.8251700394857352,0.11886606618493152
0.0008724842612630651,0.9481291363733572,0.03354376918444101,0.0174546101809388
0.9522645969862332,0.00029147719852269454,0.019274268402234052,0.028169657413009974

Transition Gammas
1.0,1.0,317.64007595083325,6383.35992404916
2463.694252090407,214.30574790959474,1.0,1.0
44.369935262839306,30.83676064000481,1724.6745144507472,94.03879403774563
63.44023875583546,46.35306534132043,2014.7645103665786,78.52218114492398

65.90343792899178,26.708047383676913,87.88849322891713,1507.417231020183
17.88455603322485,19.503958654106434,551.2819025656559,79.41237318524459
2.6744180135637494,2906.2915562863122,102.82140839976128,53.50345669279764
5834.248229677821,1.7857960222972207,118.08783678397619,172.58729812346485

Iteration: ,27500
Error:,0.028455218385668262
Absolute Error:,0.04741990604926098
Transition Probabilities
0.00013555645926528412,0.00013555645926528412,0.04721858381003991,0.9525103032714295
0.9193743387881336,0.07994746521322289,0.000339097999321804,0.000339097999321804
0.023470949904412147,0.015151483383420261,0.9147211202918061,0.04665644642036152
0.030137320156195364,0.021057022558008343,0.9131203297784347,0.03568532750736154

0.0377681955708062,0.015292237220882675,0.049878252750265965,0.8970613144580452
0.029431092489487314,0.03128912727225844,0.8272443567653351,0.11203542347291907
0.0007931445134960457,0.9501392284082227,0.03213757039798259,0.0169300566802985
0.9525325981274964,0.00026645082251749985,0.018883679659788943,0.02831727139019725

Transition Gammas
1.0,1.0,348.3314927666641,7026.6685072333285
2711.234925086206,235.76507491379434,1.0,1.0
48.901870507622995,31.56821012493983,1905.8271589889487,97.20899710009049
73.30884332186943,51.22107604556773,2221.159507308752,86.80433660220383

69.440230631008,28.11615602581224,91.70566192279027,1649.3280556477528
22.02652086253203,23.417092480647703,619.1178628252463,83.84841960421058
2.684325513032721,3215.659855613604,108.76668586653459,57.29823797645408
6395.866710606504,1.7891082668493563,126.79618350828892,190.1388926487223

Iteration: ,30000
Error:,0.02901279472000631
Absolute Error:,0.04750015255509514
Transition Probabilities
0.0001240694789081887,0.0001240694789081887,0.047023344753906224,0.9527285162882774
0.9224065769782778,0.07697095181101574,0.00031123560535325226,0.00031123560535325226
0.02334551248109474,0.016105129194072674,0.9123974681232084,0.04815189020162416
0.030376332459324022,0.02141401875042448,0.911186089096812,0.03702355969343948

0.039407437806360274,0.015408370256338613,0.050315021602639246,0.8948691703346618
0.02917410328979923,0.031270331590487734,0.8293267295735853,0.11022883554612774
0.0007297995770283854,0.9508743715884338,0.03194154794359264,0.016454280890945115
0.9524690285852273,0.0002445553657856737,0.018561790545142353,0.02872462550384458

Transition Gammas
1.0,1.0,379.0081587164839,7678.9918412835095
2963.692331831208,247.30766816879367,1.0,1.0
52.80695458336544,36.42939201267634,2063.8198326199495,108.91834912767479
80.80181807730287,56.96183532665537,2423.778206416434,98.48361183593764

78.91793000754026,30.857034943381596,100.76162202364978,1792.0785131323194
23.758949187134395,25.466085861943707,675.3911656424646,89.76869920156732
2.6923734130066865,3507.961579805855,117.83861920525932,60.70306121758894
6978.5542374592715,1.7918093218548201,135.9986080135768,210.45971156357484

Iteration: ,32500
Error:,0.027966550190383924
Absolute Error:,0.04658845364989895
Transition Probabilities
0.00011429877700308607,0.00011429877700308607,0.04716183189845839,0.9526095705475355
0.9228261578089384,0.07659747331498096,0.0002881844380403458,0.0002881844380403458
0.022755453437669267,0.015996309520530265,0.9137998404337409,0.04744839660805951
0.031118915095240684,0.02158442922009414,0.9111501951063276,0.036146460578337494

0.03792356022404884,0.016072381431877693,0.049508160116935374,0.8964958982271382
0.027676879661929995,0.030483333371517297,0.8332584633310103,0.1085813236355424
0.0006776186935000134,0.9495737259706978,0.033337116920215175,0.016411538415586978
0.9530954133080418,0.00022527543137326685,0.018134072465179025,0.02854523879540572

Transition Gammas
1.0,1.0,412.61886727961246,8334.381132720388
3202.2067675970166,265.79323240298396,1.0,1.0
55.73390482042309,39.17903876261221,2238.1286961016235,116.21321577611843
89.20999875260942,61.877057664355306,2612.035397767026,103.62269035522729

82.32344608804347,34.88949398465501,107.47098442830799,1946.0892202587227
24.168194590050586,26.618865337250902,727.62366753688,94.81612777609097
2.699774819246937,3783.300636457619,132.82205711092317,65.38700685875429
7591.205317101864,1.7942716212615417,144.43408854585033,227.35684748447204

Iteration: ,35000
Error:,0.028196362094134855
Absolute Error:,0.046051643832353314
Transition Probabilities
0.00010647359454855185,0.00010647359454855185,0.04805547161279305,0.9517315811981097
0.9233335009037156,0.07613259626659943,0.0002669514148424987,0.0002669514148424987
0.023285226787918726,0.015561144761045675,0.9137586894157618,0.04739493903527385
0.031556143031101117,0.020961853512037,0.910638921078396,0.036843082378465876

0.03720258591489769,0.01631227365181045,0.04913526102976218,0.8973498794035297
0.027944502761281097,0.029257677197890825,0.8372700080809264,0.10552781195990164
0.000628909733978456,0.9495032182831838,0.033594735384175844,0.016273136598661864
0.9518940311061098,0.00021031741138153895,0.018269661071507685,0.029625990411001082

Transition Gammas
1.0,1.0,451.33698938735273,8938.663010612656
3458.8072943853176,285.1927056146814,1.0,1.0
62.08282560785651,41.48895972788412,2436.2537620675143,126.36388563535633
97.5971726191346,64.83104204512479,2816.4336777975836,113.94867449954829

87.00179384648153,38.14780705482872,114.90749219646507,2098.5382412561703
26.307085278629085,27.543313820060614,788.2098920128942,99.34437453447094
2.70827706712257,4088.850358489622,144.66917349403172,70.07708782230209
8133.644266288114,1.7970981551341643,156.1086834935001,253.1450551901658

Iteration: ,37246
Error:,0.028343065666244
Absolute Error:,0.0456132611712161
Transition Probabilities
9.992006394884088e-05,9.992006394884088e-05,0.04795349585114832,0.9518466640209541
0.9254401225818836,0.07405711220946885,0.0002513826043237808,0.0002513826043237808
0.022836182143747625,0.015495122989066011,0.9133704385664766,0.04829825630070988
0.0328652245463988,0.02099290970192618,0.9103845611194291,0.03575730463224584

0.0374040725229011,0.017580462084378662,0.04759761716548391,0.8974178482272362
0.027802435251648615,0.03061532029881037,0.8389903787427482,0.10259186570679274
0.0005931524253976276,0.9503709285066753,0.0332005942929686,0.01583532477495844
0.9513834290073312,0.00019768919986331806,0.018125553541733692,0.030293328251071682

*,*,*,*,*,*,*,*,*,*,*
Model Num 2
Model States: 
"['diamond', 'x', 'square']","['diamond', 'x', 'diamond']","['square', 'y', 'diamond', 'x', 'diamond']","['square', 'y', 'diamond', 'x', 'square']"
Iteration: ,37246
Error:,0.02849246941143024
Absolute Error:,0.0456132611712161
Transition Probabilities
9.992006394884088e-05,9.992006394884088e-05,0.04795349585114832,0.9518466640209541
0.9254401225818836,0.07405711220946885,0.0002513826043237808,0.0002513826043237808
0.022836182143747625,0.015495122989066011,0.9133704385664766,0.04829825630070988
0.0328652245463988,0.02099290970192618,0.9103845611194291,0.03575730463224584

0.0374040725229011,0.017580462084378662,0.04759761716548391,0.8974178482272362
0.027802435251648615,0.03061532029881037,0.8389903787427482,0.10259186570679274
0.0005931524253976276,0.9503709285066753,0.0332005942929686,0.01583532477495844
0.9513834290073312,0.00019768919986331806,0.018125553541733692,0.030293328251071682

Transition Gammas
1.0,1.0,479.9185864782925,9526.081413521712
3681.4008076307323,294.5991923692671,1.0,1.0
64.77600120744455,43.95271062085352,2590.8220673228884,137.0004797106082
108.17420196046892,69.09708621123303,2996.4841176482064,117.69333531830105

92.90452032948255,43.666485677992526,118.22332418156296,2229.0132892246133
27.8077839004442,30.621210092080652,839.1517842037501,102.61160239007184
2.7140828827660926,4348.604774918285,151.91569790480386,72.4575708949439
8657.882109616947,1.7990325820021418,164.9481176055579,275.6786135946941

