0,1,2,3,4,5,6,7,8,9,10,11,12,13,14,15,16,17,18,19,20,21,22,23,24,25,26,27,28,29
github Code Version (SHA):,528ca1c557fe8e6666681dc5c9134b0f84d30530
Environment Observations,Environment Actions,alpha,epsilon,numActions,explore,patience,gainThresh,insertRandActions,useUpdatedPosterior,revisedSplitting,haveControl,confidence_factor
"['diamond', 'square']","['x', 'y']",0.99,0.99,75000,0.5,0,0.01,False,False,False,False,250

Model Num 0
Model States: 
['diamond'],['square']
Iteration: ,0
Error:,0.6750443129445587
Absolute Error:,1
Transition Probabilities
0.5,0.5
0.5,0.5

0.5,0.5
0.5,0.5

Transition Gammas
1.0,1.0
1.0,1.0

1.0,1.0
1.0,1.0

Iteration: ,2500
Error:,0.15078032436306213
Absolute Error:,1
Transition Probabilities
0.4696132596685083,0.5303867403314917
0.02929427430093209,0.9707057256990679

0.036016949152542374,0.9639830508474576
0.9756756756756757,0.024324324324324326

Transition Gammas
255.0,288.0
22.0,729.0

17.0,455.0
722.0,18.0

Iteration: ,2649
Error:,0.1562109065852822
Absolute Error:,1
Transition Probabilities
0.4631217838765009,0.5368782161234992
0.029449423815621,0.970550576184379

0.038,0.962
0.9747155499367889,0.025284450063211124


Model Num 1
Model States: 
['square'],"['diamond', 'x', 'square']","['diamond', 'x', 'diamond']"
Iteration: ,0
Error:,0.7240989343510906
Absolute Error:,1
Transition Probabilities
0.3333333333333333,0.3333333333333333,0.3333333333333333
0.3333333333333333,0.3333333333333333,0.3333333333333333
0.3333333333333333,0.3333333333333333,0.3333333333333333

0.3333333333333333,0.3333333333333333,0.3333333333333333
0.3333333333333333,0.3333333333333333,0.3333333333333333
0.3333333333333333,0.3333333333333333,0.3333333333333333

Transition Gammas
1.0,1.0,1.0
1.0,1.0,1.0
1.0,1.0,1.0

1.0,1.0,1.0
1.0,1.0,1.0
1.0,1.0,1.0

Iteration: ,2500
Error:,0.11607312445898349
Absolute Error:,1
Transition Probabilities
0.9712041884816754,0.021784733712332693,0.0070110778059919165
0.9956331877729258,0.002183406113537118,0.002183406113537118
0.003115264797507788,0.9821577106429672,0.014727024559524954

0.02266288951841359,0.36853233109426325,0.6088047793873231
0.9704231746649773,0.013988117866091897,0.015588707468930903
0.9425524894677263,0.039130783115974545,0.018316727416299222

Transition Gammas
742.0,16.643536556222177,5.356463443777824
456.0,1.0,1.0
1.0,315.2726251163925,4.72737488360751

16.0,260.18382575255,429.81617424745036
149.06050084066416,2.148625372284353,2.394481710084519
105.93949915933577,4.398158841381831,2.058734076249296

Iteration: ,5000
Error:,0.11714821137857595
Absolute Error:,1
Transition Probabilities
0.9694960212201591,0.0246618762654855,0.005842102514355351
0.9978517722878625,0.0010741138560687433,0.0010741138560687433
0.0015898251192368845,0.9797145511128977,0.018695623767865308

0.023893183415319756,0.3785103666323442,0.597596449952336
0.9727255959627463,0.014209024165695371,0.013065379871558255
0.9515649636010579,0.033578794260029354,0.014856242138912755

Transition Gammas
1462.0,37.190109408352136,8.80989059164787
929.0,1.0,1.0
1.0,616.2404526500125,11.759547349987274

34.0,538.6202517178257,850.3797482821739
293.2780734276261,4.284039866841663,3.939229576392725
211.72192657237386,7.471236630872188,3.3054939258934226

Iteration: ,7500
Error:,0.11724202332202306
Absolute Error:,1
Transition Probabilities
0.9743816254416962,0.020764480766089242,0.004853893792214649
0.9985683607730852,0.0007158196134574087,0.0007158196134574087
0.0010845986984815623,0.9796194849788863,0.01929591632263208

0.026499302649930265,0.3913848952105013,0.5821158021395684
0.9727028348480183,0.014987918145995826,0.012309247005985879
0.9583810912986,0.02976234410020105,0.011856564601198782

Transition Gammas
2206.0,47.010784454426044,10.989215545573964
1395.0,1.0,1.0
1.0,903.2091651505327,17.79083484946677

57.0,841.8689095977883,1252.1310904022116
441.7630349797062,6.8069177666548635,5.590371612856272
313.23696502029367,9.72751489201907,3.875195728469794

Iteration: ,10000
Error:,0.11571952018739125
Absolute Error:,1
Transition Probabilities
0.9758421231711466,0.020064114495594858,0.004093762333258496
0.998952331063384,0.0005238344683080147,0.0005238344683080147
0.0008058017727639007,0.9759655155428199,0.02322868268441635

0.028875902371949133,0.396239159626282,0.5748849380017689
0.9725206923359652,0.01799667242644582,0.009482635237588926
0.9677166559743563,0.023217757785514652,0.00906558624012899

Transition Gammas
2868.0,58.96843250255329,12.03156749744672
1907.0,1.0,1.0
1.0,1211.1732047886385,28.82679521136067

84.0,1152.659715352854,1672.3402846471452
573.3376783068867,10.609718093960632,5.590371612856272
413.66232169311314,9.9247145647133,3.875195728469794

Iteration: ,12500
Error:,0.11252999261712411
Absolute Error:,1
Transition Probabilities
0.9774314884470715,0.019292391339483884,0.003276120213444646
0.9991514637250742,0.00042426813746287653,0.00042426813746287653
0.0006523157208088718,0.9798705442368485,0.019477140042342547

0.028721347694007186,0.3931937600943224,0.5780848922116705
0.9700327644586839,0.016883852119908272,0.01308338342140783
0.9707989387009889,0.021806563935499634,0.007394497363511658

Transition Gammas
3638.0,71.80628056555902,12.193719434440972
2355.0,1.0,1.0
1.0,1502.1415443150881,29.85845568491111

104.0,1423.754605301541,2093.2453946984583
714.3684673867863,12.433901208702661,9.635093684902932
529.6315326132127,11.89684435959604,4.034160746798364

Iteration: ,15000
Error:,0.11511609710047101
Absolute Error:,1
Transition Probabilities
0.9776523702031603,0.01889947810395062,0.0034481516928891094
0.9992972593113141,0.00035137034434293746,0.00035137034434293746
0.0005382131324004304,0.9790664798767849,0.020395306990814665

0.02916188289322617,0.394257054387688,0.5765810627190857
0.9688762647664925,0.018169899194255316,0.012953836039252214
0.9727686522652794,0.02067162807531271,0.0065597196594079

Transition Gammas
4331.0,83.72468800050125,15.275311999498754
2844.0,1.0,1.0
1.0,1819.105519611067,37.89448038893366

127.0,1716.9894718583816,2511.010528141619
857.5053820951575,16.08129636136303,11.4648118922741
623.4946179048413,13.24944920693567,4.204442539427198

Iteration: ,17500
Error:,0.11326789859587057
Absolute Error:,1
Transition Probabilities
0.9774087661710755,0.01904265578814745,0.0035485780407770525
0.9993955877908733,0.0003022061045633122,0.0003022061045633122
0.00045998160073597045,0.9807159034136119,0.018824114985651993

0.028216258879242305,0.39183943931087944,0.5799443018098781
0.9687842595682742,0.01616256472567605,0.015053175706049735
0.973747439845831,0.019155100874794242,0.007097459279374786

Transition Gammas
5062.0,98.62191432681564,18.378085673184355
3307.0,1.0,1.0
1.0,2132.076374021193,40.92362597880744

143.0,1985.8422784275372,2939.1577215724624
1003.1384180248486,16.73570709887889,15.586977920911014
729.8615819751502,14.357493180761933,5.319821799448164

Iteration: ,17501
Error:,0.11580296273101938
Absolute Error:,1
Transition Probabilities
0.9774087661710755,0.01904265578814745,0.0035485780407770525
0.9993955877908733,0.0003022061045633122,0.0003022061045633122
0.00045998160073597045,0.9807159034136119,0.018824114985651993

0.028216258879242305,0.39183943931087944,0.5799443018098781
0.968796374017886,0.01615629223067005,0.01504733375144394
0.9737683678612317,0.019139830811845927,0.007091801326922457


Model Num 2
Model States: 
"['diamond', 'x', 'square']","['diamond', 'x', 'diamond']","['square', 'y', 'diamond', 'x', 'diamond']","['square', 'y', 'diamond', 'x', 'square']"
Iteration: ,0
Error:,0.6747191651120046
Absolute Error:,0.74
Transition Probabilities
0.25,0.25,0.25,0.25
0.25,0.25,0.25,0.25
0.25,0.25,0.25,0.25
0.25,0.25,0.25,0.25

0.25,0.25,0.25,0.25
0.25,0.25,0.25,0.25
0.25,0.25,0.25,0.25
0.25,0.25,0.25,0.25

Transition Gammas
1.0,1.0,1.0,1.0
1.0,1.0,1.0,1.0
1.0,1.0,1.0,1.0
1.0,1.0,1.0,1.0

1.0,1.0,1.0,1.0
1.0,1.0,1.0,1.0
1.0,1.0,1.0,1.0
1.0,1.0,1.0,1.0

Iteration: ,2500
Error:,0.04833145632751267
Absolute Error:,0.06164492540565837
Transition Probabilities
0.0014224751066856335,0.0014224751066856335,0.036180613748725714,0.9609744360379031
0.96275198560769,0.0291179330914969,0.004065040650406503,0.004065040650406503
0.022902187224678086,0.011911796067542396,0.9185870915702142,0.04659892513756529
0.01760085235962524,0.009285376281733773,0.9308207636993366,0.04229300765930438

0.04612454838334071,0.008964412594670764,0.06465902966554059,0.880252009356448
0.026592584599667006,0.0236260746192552,0.8299743789383072,0.11980696184277065
0.006115954465959525,0.9741931236691449,0.013194962722080445,0.006495959142815195
0.9740868690021875,0.0023549886601301187,0.012405551362380396,0.011152590975301859

Transition Gammas
1.0,1.0,25.43497146535417,675.5650285346456
236.83698845949183,7.16301154050824,1.0,1.0
3.908784389189805,2.033021652440739,156.77799017256913,7.953177106790499
3.9659477292105865,2.0922462291588695,209.73907505545657,9.529757665183638

8.02237530830821,1.5591671847988975,11.246050557220244,153.1009458620609
1.8101960877952539,1.6082614190976399,56.49756863961364,8.155434941105138
1.847510655374661,294.28475741424546,3.9859410925961583,1.9623026626550666
622.3630837809914,1.5046481493885677,7.926148526982353,7.125607717766424

Iteration: ,5000
Error:,0.03555029847529348
Absolute Error:,0.042923907018605954
Transition Probabilities
0.0007158196134574089,0.0007158196134574089,0.02554371794089772,0.9730246428321875
0.971248943585124,0.024702473418924488,0.0020242914979757072,0.0020242914979757072
0.020634559438156598,0.006376344785789211,0.9443366471826027,0.028652448593451493
0.011743709997627543,0.004746466439871433,0.9601290948781824,0.023380728684318633

0.041962012281090824,0.006546435278587884,0.04842032929660516,0.9030712231437161
0.017151120284504825,0.01737913813055786,0.880315815363444,0.08515392622149333
0.0031093899808588496,0.9767045257705526,0.014956402300986046,0.005229681947602584
0.9779685112185567,0.001219727673061248,0.011211402861822603,0.009600358246559521

Transition Gammas
1.0,1.0,35.684573963434104,1359.3154260365654
479.79697813105156,12.203021868948705,1.0,1.0
7.974354270020192,2.464178235647451,364.94479067346055,11.072917571732551
5.3850049298438325,2.176462564488525,440.2612045299152,10.721087224891646

13.600227787263771,2.1217526554010226,15.69342060044392,292.6926921569971
2.124884995801646,2.1531345615335606,109.06400495148063,10.549882291078314
1.8729958570015892,588.3351852113627,9.009252527937427,3.150191092656091
1214.2773655637009,1.5144533679356489,13.920440765893824,11.920115613512658

Iteration: ,7500
Error:,0.02734539215306109
Absolute Error:,0.035149150788168326
Transition Probabilities
0.00047709923664122146,0.00047709923664122146,0.027623849449840324,0.9714219520768772
0.9764825482025086,0.02078893883705478,0.0013642564802182795,0.0013642564802182795
0.01581629349271092,0.004292413963996504,0.9540032553831055,0.025888037160186988
0.0132993699786515,0.0036141970623749446,0.9593260813682581,0.023760351590715514

0.029710460629444897,0.009371240647309148,0.037859747164558796,0.9230585515586871
0.01672668659281204,0.014428925005706326,0.903607269530715,0.06523711887076669
0.0021153267123096282,0.9831127561732089,0.01107690845824739,0.003695008656234057
0.9811860716090235,0.0008102696462407666,0.009947563480056092,0.008056095264679689

Transition Gammas
1.0,1.0,57.89958844686531,2036.100411553134
715.7617078324396,15.23829216756117,1.0,1.0
9.1137825546611,2.4734067764033276,549.7228683830014,14.917397780564997
8.974049720812998,2.438760948122574,647.3269009352249,16.032832901209318

14.647589713388015,4.620126554724971,18.665279210429517,455.07820000832083
3.0775230696774,2.654760662209612,166.253621270336,12.002899510913757
1.8904222448925485,878.5868455649809,9.899196200877086,3.3021502154570936
1842.001595654995,1.521136535131156,18.674773657451667,15.123879926214157

Iteration: ,10000
Error:,0.032655895411340084
Absolute Error:,0.03737002315071973
Transition Probabilities
0.0003615328994938539,0.0003615328994938539,0.030061774557896593,0.9692151596431157
0.9774125166305251,0.02055908580355193,0.0010141987829614591,0.0010141987829614591
0.021107240462143618,0.004522340031987498,0.9492022883591299,0.025168131146738954
0.0156811910126791,0.003977507014673132,0.9579601526423229,0.022381149330324954

0.038547708735776495,0.010847522113053782,0.031423759126258166,0.9191810100249115
0.02259488455635498,0.014150485101322118,0.9033903302518228,0.05986430009050006
0.0015820971657038326,0.9802949864037969,0.014735133218231701,0.0033877832122674043
0.9794312240374341,0.0006185862705686346,0.011766916524355837,0.008183273167641458

Transition Gammas
1.0,1.0,83.15086842714199,2680.8491315728584
963.728741397699,20.27125860230223,1.0,1.0
16.60814969489489,3.5583855860822604,746.8761122080001,19.803445664793273
14.225253691153835,3.6082110278690163,869.0172950724939,20.30314705471316

25.754044904678683,7.247319769872557,20.994474902741768,614.1124799394025
5.533299249332022,3.465336076116729,221.23277610773584,14.660269050119366
1.9024284492424255,1178.7778343908717,17.718593551281764,4.073716395298759
2415.79397715743,1.5257600024551274,29.023422341053124,20.184267712366356

Iteration: ,12500
Error:,0.030711240428505142
Absolute Error:,0.03440462997538891
Transition Probabilities
0.0002916302128900553,0.0002916302128900553,0.028409784900421994,0.9710069546737978
0.9735436048992488,0.024867832749678912,0.0007942811755361391,0.0007942811755361391
0.01981027509195791,0.003729618568066468,0.9523832041397411,0.024076902200234507
0.014823581853531838,0.004058055232810183,0.9625006887597692,0.01861767415388866

0.03291467192081731,0.012574166259389959,0.02678850120560988,0.9277226606141828
0.021883132262400906,0.013753633345162834,0.9115238143453716,0.05283942004706468
0.0012602699646560482,0.9815972738284522,0.014343644342086355,0.0027988118648053684
0.9810846310149095,0.000502556648435005,0.011098370333549459,0.007314442003106039

Transition Gammas
1.0,1.0,97.41715242354707,3329.5828475764547
1225.6913985681554,31.30860143184578,1.0,1.0
19.5340184645306,3.677608596351205,939.1021078009595,23.74114695353255
17.105599913893304,4.682773025224894,1110.6729710436778,21.48377420183194

27.73877132507012,10.596852470889507,22.575953692365594,781.8363433112856
6.548572828940583,4.1158033750997784,272.77539668352176,15.812306312826818
1.9103100784995148,1487.899591206957,21.742014899623758,4.242423181624348
2984.6612180338843,1.5288806806578688,33.763525052528784,22.252036866223122

Iteration: ,15000
Error:,0.030803113337819786
Absolute Error:,0.03366574696560538
Transition Probabilities
0.00024177949709864587,0.00024177949709864587,0.026995446162283516,0.9725209948435192
0.9750519935241391,0.023612001131839627,0.0006680026720106874,0.0006680026720106874
0.021383281094366182,0.003142081224375449,0.9492036342433209,0.026271003437937392
0.013981556347973708,0.004109828592254632,0.9636216775378499,0.018286937521921738

0.03357387669406361,0.013237562554988798,0.02590621287426392,0.9272823478766837
0.020922549277256237,0.01385807616584957,0.9192082561569508,0.046011118399943436
0.0010582125327845253,0.9802340657864538,0.015665702545433233,0.0030420191353284936
0.9807382895304987,0.00041755421170037223,0.011531470304638487,0.0073126859531622975

Transition Gammas
1.0,1.0,111.65316532720469,4022.3468346727977
1459.6528343056375,35.34716569436395,1.0,1.0
25.364171476583845,3.7270373342943546,1125.9153185563916,31.161833075155517
19.25024915014726,5.658542038974544,1326.7448141976586,25.17803417079444

33.32550812175226,13.139635391479375,25.714567174120138,920.4226159794622
7.540438079722088,4.994418407046269,331.2805168276206,16.582300018797373
1.9168038613347205,1775.5567847672569,28.376227080389288,5.510191803822712
3596.9949728455435,1.5314385258637502,42.29328166147062,26.82029945431739

Iteration: ,17500
Error:,0.028684044993706498
Absolute Error:,0.0318420309965728
Transition Probabilities
0.0002082465639316947,0.0002082465639316947,0.02641906895357519,0.9731644379185614
0.9751493944147354,0.023705130212985166,0.0005727376861397474,0.0005727376861397474
0.02121891486373138,0.002730520109689487,0.9486047308045972,0.027445834221982
0.012037675622862273,0.0035295592261056193,0.965975472228748,0.018457292922284114

0.030162345659828015,0.011255120123221574,0.024331746477243503,0.9342507877397069
0.01778638675450801,0.014003148909795472,0.926010217589565,0.042200246746131556
0.0009063454133258034,0.980365490719846,0.01582604991055007,0.002902113956278118
0.9799505830197339,0.000358356279154282,0.012391160817346876,0.007299899883765129

Transition Gammas
1.0,1.0,126.86436911506833,4673.135630884942
1702.6108426481298,41.38915735187215,1.0,1.0
29.27071685326209,3.7666526071731594,1308.5655255870854,37.8605243233411
19.302853207007317,5.659777332557437,1548.9770057093049,29.596944380269885

35.28750974050791,13.167582039474329,28.466179338394163,1092.9980096458478
7.578436460966438,5.966471759051316,394.5550995302386,17.980711485518917
1.922523684848657,2079.5337495018152,33.56993409276766,6.155912232844174
4194.010027202222,1.5336996111095444,53.031911626079975,31.24224204830822

Iteration: ,20000
Error:,0.029440924384897392
Absolute Error:,0.03159646287195295
Transition Probabilities
0.00018112660749864125,0.00018112660749864125,0.025367652942241036,0.9742700938427616
0.9763176784784793,0.022661913358255438,0.0005102040816326525,0.0005102040816326525
0.024045993618616184,0.0024080966323838117,0.9461339374726083,0.027411972276391625
0.012279081599408447,0.0032426768683222846,0.9655995237520164,0.018878717780252786

0.028536302429135012,0.011846127074487487,0.022970375408356166,0.9366471950880213
0.01816136045518547,0.013583827286730571,0.9287806828243542,0.03947412943372971
0.0008067674551966969,0.9783522334334158,0.017523820234984992,0.0033171788764024043
0.9796595182274674,0.00031005269468394227,0.012921765875895578,0.007108663201953037

Transition Gammas
1.0,1.0,140.054811894113,5378.945188105896
1913.5826498178217,44.41735018218071,1.0,1.0
38.09399686814251,3.8149401113204084,1498.8785168362303,43.426426980253275
22.222511435183335,5.868551585353746,1747.5286147964455,34.16644138707228

38.0257474644601,15.785431125318325,30.608930383012925,1248.1192961898253
8.689495326444172,6.4993260837773885,444.38495797761163,18.88681544955018
1.9275047038529158,2337.449930362084,41.86738782636106,7.925304679312184
4852.086926685802,1.535638248257547,63.99930803466137,35.20799945966542

Iteration: ,22500
Error:,0.029629414204143827
Absolute Error:,0.031578575992628685
Transition Probabilities
0.00016053941242575025,0.00016053941242575025,0.024280560078264513,0.9753983610968839
0.9751142976850133,0.023971625532536914,0.00045703839122486224,0.00045703839122486224
0.02309773418057134,0.0021368123558604016,0.9461733311649527,0.028592122298615467
0.012807556342814198,0.002949961460637621,0.9651612171722845,0.01908126502426368

0.026318636019491845,0.01238548478983994,0.020713262165913526,0.9405826170247547
0.016129854402042683,0.016536734434835186,0.9283209271227272,0.03901248404039472
0.0007226982187774759,0.9780672675437294,0.017267024324228192,0.003943009913264979
0.9779011926388915,0.0002742196338230232,0.014291786605555152,0.007532801121730375

Transition Gammas
1.0,1.0,151.24360872750992,6075.756391272501
2133.5500833348124,52.44991666519084,1.0,1.0
41.268075540077774,3.8177828624763115,1690.5014231814334,51.08474509430078
25.939502130995557,5.974639466450359,1954.7680119042627,38.64581982000649

39.00655068807597,18.35638594239784,30.698889942158633,1394.0267839156666
8.708692102828307,8.928371266697875,501.21104167562305,21.06328446655261
1.931079856040071,2613.436631130543,46.13821091558252,10.535887342510247
5481.095299430759,1.5369895826622808,80.10486639533364,42.22103534657359

Iteration: ,25000
Error:,0.028357491499403437
Absolute Error:,0.030615946991171768
Transition Probabilities
0.00014436263894903974,0.00014436263894903974,0.023878472496793184,0.9758328022253088
0.9754206759541333,0.023752877764874922,0.00041322314049586716,0.00041322314049586716
0.022230003032736485,0.0019329614506549595,0.9454411951788393,0.030395840337769223
0.011640528133619443,0.0026671982751613203,0.9667034963870748,0.018988777204144373

0.026041767937969088,0.012461424260277533,0.01900793482487533,0.9424888729768781
0.015528075715096562,0.015297587220134252,0.9320298745321808,0.0371444625325884
0.0006557491106021487,0.9790403663141529,0.016685901406288076,0.0036179831689568077
0.9781647888238959,0.00024593794952031757,0.014427685124747503,0.007161588101836304

Transition Gammas
1.0,1.0,165.40617898528666,6759.593821014725
2360.518035809006,57.4819641909974,1.0,1.0
44.09770247714931,3.83441958263595,1875.4736323355644,60.29629063855692
26.08989190060657,5.977986039608168,2166.6705695109263,42.55950751495562

43.09098116610642,20.619759740642156,31.452187251506462,1559.5243138426788
9.21300542894228,9.076253664309137,552.9852153962128,22.03828350960304
1.9355471973495735,2889.792462503493,49.25107663895376,10.679049455822978
6119.733318409585,1.5386718895805485,90.26453044951673,44.80534345570651

Iteration: ,27500
Error:,0.028771282595132237
Absolute Error:,0.029978283172657227
Transition Probabilities
0.0001308215593929878,0.0001308215593929878,0.023491418079043147,0.9762469388021708
0.976760561167185,0.022483866486762944,0.0003777861730260668,0.0003777861730260668
0.022769624034442753,0.002050633022362013,0.9467211058867372,0.028458637056458052
0.01262396139569207,0.0030276197612822404,0.9666112258907158,0.017737192952309945

0.02627697940469683,0.011726397878582701,0.01861473397494386,0.9433818887417766
0.014316620195889002,0.01582960573216316,0.9318769723505393,0.03797680172140847
0.0006000708587116565,0.9791707386476585,0.0166930812749244,0.003536109218705576
0.9791527684172128,0.00022266227421881,0.013883709186257547,0.0067408601223108615

Transition Gammas
1.0,1.0,179.56839979620602,7462.431600203803
2585.485205409542,59.514794590461584,1.0,1.0
49.13089331354798,4.424729723007576,2042.7765333607003,61.40629546429145
31.007750961422737,7.436626002021705,2374.2499861543424,43.567185020671374

48.017837196591344,21.428500421003193,34.01605837948574,1723.9103951087532
9.286149398457349,10.2675129839481,604.4407596084774,24.632786903284384
1.938883313432146,3163.789373543353,53.93685806240739,11.42548927195328
6771.73183102886,1.5399121143620373,96.01847480991637,46.61917785572296

Iteration: ,30000
Error:,0.02767774178403571
Absolute Error:,0.029181306407600395
Transition Probabilities
0.00012004801920768297,0.00012004801920768297,0.022895851608724673,0.97686405235286
0.9775811901813376,0.021724124163921193,0.00034734282737061456,0.00034734282737061456
0.023309019139779893,0.0018828907034589139,0.9464878276125042,0.028320262544256892
0.011622464659021843,0.002774739299811447,0.9690712265144017,0.016531569526765034

0.025109263679392955,0.010756628308319771,0.017348040503813354,0.9467860675084739
0.014445291693279304,0.01442310653003935,0.9326420963710366,0.038489505405644865
0.0005497100451262793,0.9786615393413352,0.017307581215544456,0.003481169397994169
0.9787758281653101,0.00020426561705111048,0.014181401240651467,0.0068385049769874124

Transition Gammas
1.0,1.0,190.7224439006767,8137.277556099331
2814.456246532073,62.54375346792916,1.0,1.0
54.95958532542328,4.439607332021506,2231.693157451118,66.77543471072774
31.161364417102757,7.439442925452439,2598.208084212446,44.32332362570947

50.020680449541196,21.428500421003193,34.55938818226328,1886.1119920368794
10.283306145507492,10.2675129839481,663.9287322687526,27.399887512105966
1.9416702252887943,3456.800523151885,61.13334732726311,12.296087781548641
7383.716861865603,1.5409447572349864,106.98205702705074,51.58850786413751

Iteration: ,32500
Error:,0.028489778779035902
Absolute Error:,0.02884053130307942
Transition Probabilities
0.00011080332409972277,0.00011080332409972277,0.023032564220247444,0.9767458291315531
0.9767531018197495,0.022606283189859695,0.00032030749519538717,0.00032030749519538717
0.024223582417809742,0.0017455107514030652,0.9454162879001501,0.028614618930637034
0.012177885335791252,0.002581969943462293,0.9696292425912862,0.015610902129460293

0.025248829294307218,0.010947283074963872,0.017546656914839934,0.946257230715889
0.013447798630629353,0.013414182265172802,0.9372770976641829,0.03586092144001487
0.000508662023967111,0.9789441877744229,0.017267674411105206,0.0032794757905048565
0.9790863490868004,0.00018858274340300812,0.013975938694902242,0.006749129474894454

Transition Gammas
1.0,1.0,207.8688920877336,8815.131107912284
3049.423183881262,70.57681611874206,1.0,1.0
61.78040402453754,4.4517923728560564,2411.212314942595,72.97940858009474
35.28634925494474,7.481454347661639,2809.5744998785194,45.23377659879281

54.60570239229895,23.675714807518194,37.94819610458354,2046.4727344282421
10.372255511968616,10.346327288214217,722.9196249523478,27.659444514827644
1.9443649779838776,3742.022609166774,66.00583451134973,12.535824521501779
8005.491080681891,1.5419451733663807,114.27414208210737,55.184198885041134

Iteration: ,35000
Error:,0.028380299143771437
Absolute Error:,0.02926566041293512
Transition Probabilities
0.00010277492291880768,0.00010277492291880768,0.02353868403223279,0.9762557661219297
0.975813647357447,0.023593584414929907,0.00029638411381149925,0.00029638411381149925
0.024738640031770207,0.0016332270844946935,0.9452011105486714,0.028427022335063622
0.011968198673693248,0.0024220651634650966,0.9690736056472217,0.01653613051562001

0.0251750534951004,0.011261119311271996,0.017560744523697523,0.94600308266993
0.014245623481734351,0.01414817387592661,0.9367947771855426,0.03481142545679649
0.00047176315816853295,0.9791177328535785,0.017110494759311336,0.0033000092289416244
0.978814194031103,0.00017541757256446094,0.014324950968628387,0.006685437427704129

Transition Gammas
1.0,1.0,229.03139563362535,9498.968604366388
3292.3952461840317,79.60475381597364,1.0,1.0
67.60922377734198,4.463511951061613,2583.1781098560464,77.68935203821262
37.365431986003486,7.56183228559288,3025.5057497360613,51.626788369682515

58.27469804895283,26.067008266152246,40.64925164240227,2189.7885542407216
11.869745346491062,11.788548338403846,780.5566012166893,29.00559290018696
1.9465776806376975,4040.0117993285194,70.60090773609151,13.616417898960583
8608.498856261496,1.5427667293730982,125.98542683732369,58.79724752762425

Iteration: ,37500
Error:,0.027187056170216873
Absolute Error:,0.0285373118664459
Transition Probabilities
9.596008060646766e-05,9.596008060646766e-05,0.02400790562596691,0.9758001742128203
0.9760526370055697,0.023394571396862594,0.00027639579878385804,0.00027639579878385804
0.023719171068367715,0.0015194243203936523,0.9470556244184501,0.027705780192788423
0.011755175169033816,0.002275574902821985,0.9700857366552034,0.015883513272940696

0.024663761695528964,0.011018423343957359,0.017302165241235637,0.947015649719278
0.01324657388983893,0.013339566465148566,0.939693380620578,0.03372047902443463
0.00043928740184975986,0.9786159680106583,0.017804893001167124,0.003139851586324827
0.9790994209673989,0.00016406348830524866,0.014125469641637974,0.006611045902657882

Transition Gammas
1.0,1.0,250.1863845282013,10168.813615471805
3531.358440686157,84.641559313849,1.0,1.0
69.68762775648001,4.4641136968292106,2782.477500116765,81.40040354752436
39.25018140585371,7.598077140837024,3239.0875163859864,53.03457994973023

60.89413608547682,27.204178293531147,42.718560849710364,2338.1550860319876
11.909041344197039,11.992644276794978,844.8106969956154,30.315656122686985
1.9486256867057445,4341.021856434143,78.9803479567748,13.928001185084936
9211.485988701836,1.5435291773414974,132.89412995385055,62.19752090428973

Iteration: ,40000
Error:,0.026910201722075925
Absolute Error:,0.028132736505837107
Transition Probabilities
8.973438621679814e-05,8.973438621679814e-05,0.02336171843687009,0.9764588127906964
0.9760835476693203,0.02339466782767955,0.00026089225150013006,0.00026089225150013006
0.023631412042355113,0.0017411036645123119,0.9470526180344246,0.027574866258708
0.012226245877133052,0.0021775523790341883,0.9698721683397977,0.01572403340403494

0.024070087056296083,0.011065852510284455,0.017320189373849507,0.9475438710595699
0.012631626271644953,0.01270132308083118,0.9415968680364947,0.03307018261102916
0.00041460563502984156,0.9786417125775257,0.017838000827295444,0.003105680960148773
0.9793953237157368,0.0001529898155778996,0.014058758958365046,0.006392927510320235

Transition Gammas
1.0,1.0,260.34299026048063,10881.657009739536
3741.3282382165103,89.67176178349585,1.0,1.0
73.62041313800667,5.424168935303251,2950.412141185644,85.9057022302695
43.252026810153374,7.7033911165366815,3431.0562251911115,55.625931392976625

63.47665741615554,29.182417461564444,45.676100991882464,2498.824268867502
12.136978800720726,12.203946321559274,904.7244575179897,31.77517262262664
1.950889981985277,4604.911635807825,83.93512816127308,14.613505848661628
9886.593104925207,1.5443692849969626,141.91739128817736,64.53397470188794

Iteration: ,41736
Error:,0.02728462711034521
Absolute Error:,0.02821337805960737
Transition Probabilities
8.594018563080084e-05,8.594018563080084e-05,0.023243049597433736,0.9765850700313047
0.975289240990173,0.02421000788313698,0.0002503755633450172,0.0002503755633450172
0.02331101935744935,0.0016740915429771961,0.9471704539487479,0.02784443515082549
0.012554343075016404,0.0020957786842756587,0.9695236645897617,0.015826213650946264

0.024710366202917295,0.010651259102764744,0.016909591845226023,0.9477287828490919
0.012371049123565797,0.012208024180148273,0.9418037498346415,0.03361717686164434
0.0003982250542166352,0.9786665237405485,0.017926720564179884,0.0030085306410547862
0.9795297630098556,0.00014646910854020345,0.014083117176893149,0.006240650704711154

*,*,*,*,*,*,*,*,*,*,*
Model Num 2
Model States: 
"['diamond', 'x', 'square']","['diamond', 'x', 'diamond']","['square', 'y', 'diamond', 'x', 'diamond']","['square', 'y', 'diamond', 'x', 'square']"
Iteration: ,41736
Error:,0.027342228987759922
Absolute Error:,0.02821337805960737
Transition Probabilities
8.594018563080084e-05,8.594018563080084e-05,0.023243049597433736,0.9765850700313047
0.975289240990173,0.02421000788313698,0.0002503755633450172,0.0002503755633450172
0.02331101935744935,0.0016740915429771961,0.9471704539487479,0.02784443515082549
0.012554343075016404,0.0020957786842756587,0.9695236645897617,0.015826213650946264

0.024710366202917295,0.010651259102764744,0.016909591845226023,0.9477287828490919
0.012371049123565797,0.012208024180148273,0.9418037498346415,0.03361717686164434
0.0003982250542166352,0.9786665237405485,0.017926720564179884,0.0030085306410547862
0.9795297630098556,0.00014646910854020345,0.014083117176893149,0.006240650704711154

Transition Gammas
1.0,1.0,270.4561251157393,11363.543874884277
3895.3052285147564,96.69477148524922,1.0,1.0
75.53659297191534,5.424695056897361,3069.1934984854,90.22658907658055
46.30818368372827,7.730528287459019,3576.2030460112605,58.37686642675963

68.07625445478133,29.34387208142686,46.585375049852516,2610.961943888069
12.37145185720453,12.208421606587267,941.8344098091801,33.61827125289816
1.9522913177268089,4797.895403660759,87.8854319741619,14.749268503962885
10331.607419520684,1.544885500849575,148.54192635012814,65.82337317174712

