0,1,2,3,4,5,6,7,8,9,10,11,12,13,14,15,16,17,18,19,20,21,22,23,24,25,26,27,28,29
github Code Version (SHA):,528ca1c557fe8e6666681dc5c9134b0f84d30530
Environment Observations,Environment Actions,alpha,epsilon,numActions,explore,patience,gainThresh,insertRandActions,useUpdatedPosterior,revisedSplitting,haveControl,confidence_factor
"['diamond', 'square']","['x', 'y']",0.7,0.99,75000,0.5,0,0.01,False,False,False,False,250

Model Num 0
Model States: 
['diamond'],['square']
Iteration: ,0
Error:,0.3544623137156404
Absolute Error:,1
Transition Probabilities
0.5,0.5
0.5,0.5

0.5,0.5
0.5,0.5

Transition Gammas
1.0,1.0
1.0,1.0

1.0,1.0
1.0,1.0

Iteration: ,2325
Error:,0.053501087795714476
Absolute Error:,1
Transition Probabilities
0.484,0.516
0.2186046511627907,0.7813953488372093

0.23238095238095238,0.7676190476190476
0.7851739788199698,0.21482602118003025


Model Num 1
Model States: 
['square'],"['diamond', 'y', 'square']","['diamond', 'y', 'diamond']"
Iteration: ,0
Error:,0.4346792331297165
Absolute Error:,1
Transition Probabilities
0.3333333333333333,0.3333333333333333,0.3333333333333333
0.3333333333333333,0.3333333333333333,0.3333333333333333
0.3333333333333333,0.3333333333333333,0.3333333333333333

0.3333333333333333,0.3333333333333333,0.3333333333333333
0.3333333333333333,0.3333333333333333,0.3333333333333333
0.3333333333333333,0.3333333333333333,0.3333333333333333

Transition Gammas
1.0,1.0,1.0
1.0,1.0,1.0
1.0,1.0,1.0

1.0,1.0,1.0
1.0,1.0,1.0
1.0,1.0,1.0

Iteration: ,2500
Error:,0.05094252407437393
Absolute Error:,1
Transition Probabilities
0.8045212765957448,0.16106124464194552,0.03441747876230982
0.49995434324446475,0.4220072812580489,0.07803837549748639
0.39310890605136795,0.45050261853029916,0.156388475418333

0.22752043596730243,0.63172287841878,0.14075668561391738
0.9965457685664939,0.0017271157167530224,0.0017271157167530224
0.006024096385542169,0.8255412983618795,0.16843460525257825

Transition Gammas
605.0,121.118055970743,25.88194402925698
113.97232858784974,96.20308969391074,17.790055221727478
22.027671412150212,25.243700914784075,8.763154169577692

167.0,463.68459275938466,103.31540724061537
577.0,1.0,1.0
1.0,137.039855528072,27.96014447192799

Iteration: ,5000
Error:,0.046940429482702356
Absolute Error:,1
Transition Probabilities
0.7986254295532647,0.1596108755873381,0.0417636948593973
0.49281909660079537,0.43314044407283314,0.07404045932637136
0.3914697904169481,0.4598300528599042,0.14870015672314763

0.21259309410968188,0.656133623455415,0.13127328243490313
0.9983235540653814,0.0008382229673093043,0.0008382229673093043
0.003003003003003003,0.8202047779011468,0.17679221909585027

Transition Gammas
1162.0,232.23382397957695,60.766176020423075
223.44199662730415,196.38395977595079,33.56961647224532
40.558003372695914,47.64042920117884,15.405994550625048

314.0,969.1093618436475,193.89063815635183
1191.0,1.0,1.0
1.0,273.1281910410819,58.87180895891814

Iteration: ,7500
Error:,0.04545583693352349
Absolute Error:,1
Transition Probabilities
0.7958904109589041,0.16101477149655055,0.043094817544545354
0.5065594876180927,0.42196168303289205,0.0714788293490153
0.40410902355145406,0.4500692584152812,0.14582171803326466

0.2118605703938434,0.6606437577146692,0.12749567189148747
0.9988789237668162,0.0005605381165919282,0.0005605381165919282
0.0019920318725099606,0.805170870665447,0.192837097462043

Transition Gammas
1743.0,352.62234957744573,94.37765042255432
344.08069382075746,286.6176080255226,48.55201767427378
60.91930617924278,67.84779689972504,21.982577400478576

468.0,1459.362060791704,281.6379392082958
1782.0,1.0,1.0
1.0,404.1957770740544,96.80422292594558

Iteration: ,10000
Error:,0.0464586668807929
Absolute Error:,1
Transition Probabilities
0.7897845726198749,0.16517583428302457,0.04503959309710049
0.5221155694819332,0.40615984596705873,0.07172458455100814
0.41705712543620455,0.435840924565559,0.14710194999823645

0.21004720161834117,0.6622842544524109,0.12766854392924792
0.9991645781119465,0.0004177109440267335,0.0004177109440267335
0.0014792899408284021,0.8098434636231732,0.1886772464359984

Transition Gammas
2273.0,475.37605106654473,129.6239489334552
471.23345024893337,366.5780466143623,64.73475494933015
82.7665497510667,86.49426509348584,29.19293334282174

623.0,1964.335098705851,378.6649012941494
2392.0,1.0,1.0
1.0,547.4541814092652,127.54581859073494

Iteration: ,12500
Error:,0.04691024194981908
Absolute Error:,1
Transition Probabilities
0.7941012799109626,0.1634968789573864,0.04240184113165092
0.533007338587293,0.3945162563018993,0.07247640511080777
0.4268316639631516,0.42470647852763077,0.14846185750921764

0.21178045515394925,0.6629826767703345,0.1252368680757162
0.999326825984517,0.0003365870077415012,0.0003365870077415012
0.0012077294685990335,0.8122634412046456,0.18652882932675544

Transition Gammas
2854.0,587.6077829728468,152.39221702715344
607.3483124430996,449.5412448380129,82.58502116060913
105.65168755690047,105.12565013608366,36.74808386529414

791.0,2476.240297737198,467.7597022627998
2969.0,1.0,1.0
1.0,672.5541293174467,154.44587068255353

Iteration: ,15000
Error:,0.04767488545137168
Absolute Error:,1
Transition Probabilities
0.7872290841295734,0.17008955278439536,0.04268136308603115
0.5285668451400998,0.3942781013652107,0.07715505349468961
0.4218117217575273,0.4224118585186824,0.15577641972379036

0.2120940649496081,0.6610253379926081,0.12688059705778376
0.9994408722393067,0.0002795638803466592,0.0002795638803466592
0.0009960159362549794,0.8200007991924035,0.17900318487134156

Transition Gammas
3378.0,729.8542709978407,183.1457290021597
728.8175088047251,543.6526832043053,106.38570011857321
126.18249119527513,126.36201857129231,46.599598105829294

947.0,2951.4781341369944,566.5218658630043
3575.0,1.0,1.0
1.0,823.2808023891737,179.71919761082705

Iteration: ,17500
Error:,0.047351200972256965
Absolute Error:,1
Transition Probabilities
0.7866375024855835,0.1703839611893845,0.04297853632503189
0.5257747256148946,0.3966173220457904,0.07760795233931503
0.42020652830844524,0.4237266107969846,0.15606686089457028

0.21200461716044636,0.6623839406740485,0.12561144216550515
0.9995229007633588,0.00023854961832061068,0.00023854961832061068
0.0008568980291345325,0.8186858727168947,0.18045722925397079

Transition Gammas
3956.0,856.8609408214148,216.1390591785854
833.8311316489519,628.9991784718256,123.0791888072753
144.16886835104802,145.37657521585558,53.54505750504407

1102.0,3443.0717236237033,652.9282763762957
4190.0,1.0,1.0
1.0,955.4064134606167,210.59358653938403

Iteration: ,20000
Error:,0.04705227881045316
Absolute Error:,1
Transition Probabilities
0.7860481218625585,0.17042509358562272,0.04352678455181888
0.5234900735466672,0.4001422753855601,0.07636765106777277
0.4191144375124737,0.42758545025182604,0.15330011223570028

0.20875591615956726,0.665976183810194,0.1252679000302388
0.9995844587575317,0.00020777062123415748,0.00020777062123415748
0.0007570022710068125,0.8239733654726205,0.17526963225637265

Transition Gammas
4541.0,984.5457656441424,251.4542343558577
942.7910286469473,720.6450828379495,137.53601060234473
162.20897135305185,165.4874894373353,59.33141712237068

1235.0,3939.9151034211072,741.0848965788927
4811.0,1.0,1.0
1.0,1088.4688157893324,231.53118421066844

Iteration: ,22500
Error:,0.04864204389178438
Absolute Error:,1
Transition Probabilities
0.7890385793018984,0.16850779409604874,0.04245362660205291
0.5246696367149114,0.3993476331253781,0.07598273015971053
0.42079942574642365,0.4266571019444249,0.1525434723091514

0.21012430732364834,0.6664459379052496,0.12342975477110206
0.9996314043494287,0.00018429782528566163,0.00018429782528566163
0.0006854009595613434,0.8272026230156084,0.1721119760248303

Transition Gammas
5154.0,1100.6929110353904,277.3070889646096
1046.8347264643755,796.7889525769459,151.60275147764506
179.16527353562344,181.65931723931052,64.94897870609842

1403.0,4449.8595273933515,824.1404726066485
5424.0,1.0,1.0
1.0,1206.8886269797727,251.1113730202274

Iteration: ,25000
Error:,0.04752702752473652
Absolute Error:,1
Transition Probabilities
0.7885730057963014,0.16996469230128777,0.04146230190241081
0.5283362708979654,0.39487925690874986,0.07678447219328463
0.42406632729612176,0.42193377795594117,0.15399989474793693

0.21039870689655155,0.6658171397818556,0.1237841533215929
0.9996682149966821,0.00016589250165892502,0.00016589250165892502
0.0006108735491753207,0.8191314187139775,0.18025770773684707

Transition Gammas
5714.0,1231.5641604151313,300.43583958486875
1167.9558961315786,872.9318461947884,169.74204113807207
199.04410386842025,198.04314872284692,72.28296394429258

1562.0,4943.0264457405,918.9735542595065
6026.0,1.0,1.0
1.0,1340.9181324347812,295.08186756521866

Iteration: ,27500
Error:,0.048099091126423535
Absolute Error:,1
Transition Probabilities
0.7905261842269716,0.16893195187042753,0.04054186390260078
0.5292537077504044,0.3940470243607033,0.07669926788889243
0.4250262345344399,0.421224326074353,0.15374943939120708

0.2111505073969921,0.664703463362398,0.12414602924060988
0.9996992028876522,0.00015039855617386073,0.00015039855617386073
0.0005580357142857141,0.8212057337288405,0.1782362305568738

Transition Gammas
6325.0,1351.6245469152907,324.37545308470885
1264.2583520099656,941.2824782091722,183.21589173884806
214.74164799003447,212.8207592968445,77.68087075513549

1727.0,5436.609626841059,1015.3903731589493
6647.0,1.0,1.0
1.0,1471.6006748420825,319.39932515791793

Iteration: ,30000
Error:,0.04665639146337987
Absolute Error:,1
Transition Probabilities
0.7911581855860005,0.16893918972760935,0.03990262468639006
0.5269766620455612,0.3974690029837227,0.07555433497071627
0.42380442103293514,0.4248924891864636,0.1513030897806013

0.21020248349927276,0.6641086245734037,0.12568889192732347
0.9997247453894853,0.00013762730525736306,0.00013762730525736306
0.0005094243504839531,0.8205543267081244,0.1789362489413915

Transition Gammas
6872.0,1467.4058019740148,346.59419802598404
1375.79051366679,1037.6817858668753,197.2515005040725
233.20948633321072,233.80822434203432,83.25848928701848

1879.0,5936.466995061658,1123.533004938345
7264.0,1.0,1.0
1.0,1610.7481433280484,351.25185667195154

Iteration: ,32500
Error:,0.04849749353119941
Absolute Error:,1
Transition Probabilities
0.7908448475899167,0.1693846008315841,0.03977055157849909
0.5287171796647787,0.39654134603950825,0.07474147429571297
0.425952890273982,0.424592492629031,0.14945461709698707

0.21121804822518883,0.664195321598236,0.12458663017657513
0.9997458057956279,0.00012709710218607016,0.00012709710218607016
0.00047596382674916705,0.8232410850344909,0.17628295113876005

Transition Gammas
7498.0,1605.935400484249,377.0645995157499
1486.418727437665,1114.8237765418883,210.12581278309753
251.58127256233627,250.77777861142673,88.27263206358711

2041.0,6418.119392603756,1203.8806073962458
7866.0,1.0,1.0
1.0,1729.6295196574654,370.37048034253485

Iteration: ,35000
Error:,0.04806847543090058
Absolute Error:,1
Transition Probabilities
0.7915567282321901,0.1692644354727085,0.03917883629510141
0.5290588789395273,0.39751200287534,0.0734291181851328
0.42736214165898007,0.4255457656570788,0.14709209268394116

0.2135726626991745,0.6622701137347119,0.12415722356611357
0.9997634255973503,0.00011828720132481665,0.00011828720132481665
0.00044444444444444436,0.8222591677607729,0.17729638779478263

Transition Gammas
8100.0,1732.0829681922257,400.9170318077727
1601.5576659965125,1203.3412931406408,222.28332576610143
270.44233400348656,269.2928990922068,93.08248200105005

2225.0,6899.530044888228,1293.4699551117712
8452.0,1.0,1.0
1.0,1850.0831274617394,398.916872538261

Iteration: ,37500
Error:,0.04911009251083103
Absolute Error:,1
Transition Probabilities
0.7914584279872785,0.16911081002985925,0.0394307619828621
0.5267357908682913,0.4010657821183574,0.07219842701335132
0.42622335823910096,0.4292386641030435,0.1445379776578554

0.2146385271665918,0.6621722459331085,0.12318922690029971
0.9997786876175722,0.00011065619121389841,0.00011065619121389841
0.00041597337770382686,0.8187691177834707,0.1808149088388255

Transition Gammas
8710.0,1861.064464378601,433.9355356213974
1714.888378325833,1305.7458039165406,235.055687433932
289.1116216741661,291.15693418770275,98.04157446182272

2390.0,7373.287958465165,1371.7120415348375
9035.0,1.0,1.0
1.0,1968.320959151464,434.6790408485366

Iteration: ,40000
Error:,0.04973881829605519
Absolute Error:,1
Transition Probabilities
0.7921156148452199,0.16851126253606433,0.039373122618715825
0.5241404438595928,0.4038772354099389,0.07198232073046827
0.42410178713821955,0.4317148983336082,0.1441833145281721

0.21413564165055884,0.6618416273756468,0.12402273097379436
0.999792917788362,0.00010354110581901015,0.00010354110581901015
0.0003885003885003883,0.8195390568843989,0.18007244272710068

Transition Gammas
9263.0,1970.5707040967359,460.42929590326276
1818.1353299688221,1400.9670104100016,249.69185642211204
305.86467003117633,311.35529000569034,103.98584316219302

2548.0,7875.253524142822,1475.7464758571793
9656.0,1.0,1.0
1.0,2109.493532420444,463.5064675795574

Iteration: ,41508
Error:,0.04981420562308687
Absolute Error:,1
Transition Probabilities
0.79122691292876,0.16924331935619552,0.03952976771504448
0.5255792996304042,0.40224200576508334,0.0721786946045125
0.4253929118903111,0.4298896720396243,0.14471741607006464

0.21342303639458532,0.6623557588227742,0.12422120478264052
0.999800339422981,9.98302885095338e-05,9.98302885095338e-05
0.000373692077727952,0.8200248436917752,0.1796014642304969

*,*,*,*,*,*,*,*,*,*,*
Model Num 1
Model States: 
['square'],"['diamond', 'y', 'square']","['diamond', 'y', 'diamond']"
Iteration: ,41508
Error:,0.048370582109059805
Absolute Error:,1
Transition Probabilities
0.79122691292876,0.16924331935619552,0.03952976771504448
0.5255792996304042,0.40224200576508334,0.0721786946045125
0.4253929118903111,0.4298896720396243,0.14471741607006464

0.21342303639458532,0.6623557588227742,0.12422120478264052
0.999800339422981,9.98302885095338e-05,9.98302885095338e-05
0.000373692077727952,0.8200248436917752,0.1796014642304969

Transition Gammas
9596.0,2052.582977151939,479.4170228480594
1899.8964999348927,1454.049235609704,260.9160013444523
319.1035000651061,322.4766919131385,108.55807113270255

2633.0,8171.482996596567,1532.5170034034365
10015.0,1.0,1.0
1.0,2194.386481719191,480.61351828080984

