0,1,2,3,4,5,6,7,8,9,10,11,12,13,14,15,16,17,18,19,20,21,22,23,24,25,26,27,28,29
github Code Version (SHA):,528ca1c557fe8e6666681dc5c9134b0f84d30530
Environment Observations,Environment Actions,alpha,epsilon,numActions,explore,patience,gainThresh,insertRandActions,useUpdatedPosterior,revisedSplitting,haveControl,confidence_factor
"['diamond', 'square']","['x', 'y']",0.85,0.99,75000,0.5,0,0.01,False,False,False,False,250

Model Num 0
Model States: 
['diamond'],['square']
Iteration: ,0
Error:,0.5054515452920536
Absolute Error:,1
Transition Probabilities
0.5,0.5
0.5,0.5

0.5,0.5
0.5,0.5

Transition Gammas
1.0,1.0
1.0,1.0

1.0,1.0
1.0,1.0

Iteration: ,2482
Error:,0.07912861049864918
Absolute Error:,1
Transition Probabilities
0.4634615384615385,0.5365384615384615
0.10405405405405406,0.8959459459459459

0.116,0.884
0.8832417582417582,0.11675824175824176


Model Num 1
Model States: 
['square'],"['diamond', 'x', 'square']","['diamond', 'x', 'diamond']"
Iteration: ,0
Error:,0.5702126605077739
Absolute Error:,1
Transition Probabilities
0.3333333333333333,0.3333333333333333,0.3333333333333333
0.3333333333333333,0.3333333333333333,0.3333333333333333
0.3333333333333333,0.3333333333333333,0.3333333333333333

0.3333333333333333,0.3333333333333333,0.3333333333333333
0.3333333333333333,0.3333333333333333,0.3333333333333333
0.3333333333333333,0.3333333333333333,0.3333333333333333

Transition Gammas
1.0,1.0,1.0
1.0,1.0,1.0
1.0,1.0,1.0

1.0,1.0,1.0
1.0,1.0,1.0
1.0,1.0,1.0

Iteration: ,2500
Error:,0.08308703894705269
Absolute Error:,1
Transition Probabilities
0.8767123287671232,0.0797747892467718,0.0435128819861049
0.9957627118644068,0.00211864406779661,0.00211864406779661
0.0030120481927710836,0.8383774325829547,0.1586105192242741

0.1400560224089636,0.3918628839623767,0.46808109362865974
0.8649618245921146,0.07638616537293455,0.05865201003495087
0.883320713916223,0.06067288369166482,0.05600640239211214

Transition Gammas
640.0,58.235596150143415,31.764403849856578
470.0,1.0,1.0
1.0,278.341307617541,52.658692382459016

100.0,279.79009914913695,334.20990085086305
134.11632739694664,11.844027877860164,9.094265153315742
98.88367260305336,6.792048994583792,6.269657974240299

Iteration: ,5000
Error:,0.07915138941437445
Absolute Error:,1
Transition Probabilities
0.8788694481830417,0.08082581696085772,0.040304734856100546
0.997872340425532,0.0010638297872340426,0.0010638297872340426
0.0014836795252225511,0.8218536126277702,0.17666270784700724

0.1277817659727207,0.40092604935068354,0.4712921846765958
0.8705267142685846,0.0696741768694218,0.059799108861993536
0.8779902054796361,0.05755977277493118,0.0644500217454327

Transition Gammas
1306.0,120.10716400383457,59.89283599616542
938.0,1.0,1.0
1.0,553.9293349111174,119.07066508888295

178.0,558.4899867455024,656.5100132544982
269.5372764472895,21.572902432832798,18.515329480932827
186.46272355271034,12.22422748192918,13.687540604305202

Iteration: ,7500
Error:,0.07587327785560381
Absolute Error:,1
Transition Probabilities
0.8817977528089888,0.07909545016735907,0.039106797023652155
0.9985683607730852,0.0007158196134574087,0.0007158196134574087
0.0009775171065493642,0.8145017744658757,0.18452070842757498

0.12391930835734867,0.3964898274629548,0.4795908641796966
0.8755491132571767,0.06896801463480352,0.05548287210801986
0.8757578906316319,0.06379536905700159,0.060446740311366556

Transition Gammas
1962.0,175.98737662237392,87.01262337762604
1395.0,1.0,1.0
1.0,833.2353152785912,188.76468472140928

258.0,825.491820777872,998.5081792221285
407.7021005019788,32.11516522409102,25.83576770030717
282.2978994980215,20.56424369696925,19.484823378632562

Iteration: ,10000
Error:,0.07420753620056096
Absolute Error:,1
Transition Probabilities
0.8833789329685362,0.07451549532559287,0.042105571705870884
0.9989136338946225,0.0005431830526887561,0.0005431830526887561
0.0007342143906020553,0.8216809133375695,0.17758487227182834

0.1187230989956958,0.39500887320360595,0.4862680278006982
0.8705316212914885,0.07370731420679046,0.05576106450172108
0.8714454797915038,0.06746186150545859,0.0610926587030377

Transition Gammas
2583.0,217.88330833203358,123.11669166796646
1839.0,1.0,1.0
1.0,1119.1294039657705,241.87059603423035

331.0,1101.2847384916538,1355.715261508347
562.054007032694,47.58872657156795,36.00182804744634
395.9459929673066,30.651663656104425,27.75778172488131

Iteration: ,12500
Error:,0.07086889760413458
Absolute Error:,1
Transition Probabilities
0.8856749311294765,0.07243521164692399,0.04188985722359943
0.9991304347826087,0.0004347826086956522,0.0004347826086956522
0.0005793742757821549,0.8262506991810751,0.17316992654314284

0.1194285714285714,0.38754445094272577,0.49302697762870284
0.8805839071480959,0.06691516690724807,0.05250092594465605
0.8810941158998128,0.061773727729089574,0.05713215637109765

Transition Gammas
3215.0,262.9398182783341,152.06018172166597
2298.0,1.0,1.0
1.0,1426.1087067865365,298.89129321346473

418.0,1356.4055782995406,1725.5944217004603
702.2864260268874,53.36642315719783,41.87072616871467
494.71357397311294,34.68449178245884,32.07835889162868

Iteration: ,15000
Error:,0.07058895690707713
Absolute Error:,1
Transition Probabilities
0.886477843764276,0.07156974044896451,0.041952415786759595
0.9992743105950653,0.000362844702467344,0.000362844702467344
0.0004901960784313719,0.8319583062798128,0.1675514976417558

0.12075112907059662,0.3903142207120247,0.4889346502173788
0.8786146863603512,0.06887242626194519,0.05251288737770359
0.8850673164103754,0.05893492548709895,0.05599775810252568

Transition Gammas
3881.0,313.3323236855666,183.66767631443352
2754.0,1.0,1.0
1.0,1697.1949448108205,341.8050551891823

508.0,1642.0519265354878,2056.9480734645126
844.2149376171145,66.17591527080485,50.45688927111833
595.7850623828863,39.67217815732958,37.695017300747246

Iteration: ,16581
Error:,0.07008295865362506
Absolute Error:,1
Transition Probabilities
0.8887043189368771,0.06999407702577452,0.04130160403734843
0.9993446920052425,0.000327653997378768,0.000327653997378768
0.0004442470013327404,0.8348044365538779,0.16475131644478927

0.11907316026603731,0.3911573655702455,0.4897694741637172
0.8728156014299767,0.07154505906701993,0.05563933950300329
0.8807680363436079,0.06139953587933342,0.057832427777058715


Model Num 2
Model States: 
"['diamond', 'x', 'square']","['diamond', 'x', 'diamond']","['square', 'y', 'diamond', 'x', 'diamond']","['square', 'y', 'diamond', 'x', 'square']"
Iteration: ,0
Error:,0.5072221766193246
Absolute Error:,0.6
Transition Probabilities
0.25,0.25,0.25,0.25
0.25,0.25,0.25,0.25
0.25,0.25,0.25,0.25
0.25,0.25,0.25,0.25

0.25,0.25,0.25,0.25
0.25,0.25,0.25,0.25
0.25,0.25,0.25,0.25
0.25,0.25,0.25,0.25

Transition Gammas
1.0,1.0,1.0,1.0
1.0,1.0,1.0,1.0
1.0,1.0,1.0,1.0
1.0,1.0,1.0,1.0

1.0,1.0,1.0,1.0
1.0,1.0,1.0,1.0
1.0,1.0,1.0,1.0
1.0,1.0,1.0,1.0

Iteration: ,2500
Error:,0.0812345528072825
Absolute Error:,0.16699591587023688
Transition Probabilities
0.0016181229773462788,0.0016181229773462788,0.13775177896476906,0.8590119750805385
0.7872411300931454,0.2070117434700729,0.002873563218390804,0.002873563218390804
0.05498604867974939,0.10350606154211829,0.6976762526002288,0.14383163717790334
0.04350894341414977,0.09033954426498447,0.7080227738223401,0.15812873849852552

0.03694696137116106,0.07798463763643187,0.15892974984115735,0.7261386511512498
0.06530961936540741,0.13930582310827033,0.31123271486529536,0.4841518426610268
0.011140341910680298,0.8296405563677149,0.07364204328249187,0.08557705843911295
0.854443566056394,0.003500975050664942,0.07312605680616381,0.06892940208677717

Transition Gammas
1.0,1.0,85.13059940022725,530.8694005997726
273.95991327241467,72.04008672758538,1.0,1.0
10.656237799507682,20.059364729175453,135.20891632126845,27.87441843270186
10.494403389201828,21.789994082115037,170.77584547403205,38.14081977199777

5.971020642088096,12.603144177814748,25.684732430639567,117.35170401391703
4.923652935605081,10.502182244492074,23.463647240524555,36.49991631491885
3.615715646229896,269.26860633691626,23.901303052608466,27.774938295204944
483.1360886564134,1.9795893604403498,41.34835636630551,38.97540228588105

Iteration: ,5000
Error:,0.06039448005311795
Absolute Error:,0.14939059708050062
Transition Probabilities
0.0008319467554076543,0.0008319467554076543,0.13109597221703986,0.8672401342721447
0.7931990362106903,0.2039397334602681,0.001430615164520744,0.001430615164520744
0.05522542418537536,0.09119437311914617,0.7144139694939515,0.13916623320152688
0.032447457328523985,0.08959906352700107,0.7542984135183457,0.12365506562612918

0.044446324000843467,0.06943154560833642,0.1643344717038298,0.7217876586869902
0.06014782000857287,0.121816606028851,0.3819495654793606,0.43608600848321544
0.00592661876219747,0.8755711692811362,0.057501519693518785,0.0610006922631474
0.8736609087868223,0.0018810560352346439,0.06593179945936149,0.058526235718581385

Transition Gammas
1.0,1.0,157.57735860488185,1042.4226413951176
554.4461263112726,142.5538736887274,1.0,1.0
20.928980352722196,34.56026407117863,270.7440667374488,52.74033478964965
15.024027864987008,41.48672771111216,349.2600442763455,57.25555419655659

15.479832453223413,24.18172294664889,57.23465653123516,251.38528943511687
10.689380268018148,21.649064332109557,67.879503330815,77.50055070283305
3.9024538484857105,576.5304326606281,37.862571531182375,40.16664405698117
961.4969400360321,2.0701734548543653,72.56044398194959,64.41034042988682

Iteration: ,7500
Error:,0.054334907583675644
Absolute Error:,0.1427881521243914
Transition Probabilities
0.0005530973451327432,0.0005530973451327432,0.1366332509304172,0.8622605543793174
0.7921223990759371,0.2060119292822718,0.0009328358208955226,0.0009328358208955226
0.0644985652567429,0.08252606610211505,0.7285593655057465,0.12441600313539561
0.03175088591520058,0.08488252072312029,0.773949005957075,0.10941758740460411

0.048420045602057135,0.06525713532797006,0.16845777373416948,0.7178650453358033
0.06104337980431711,0.1160698551240526,0.40673272370460106,0.41615404136702916
0.004018883617030157,0.8935276931690721,0.05028795022007724,0.05216547299382056
0.8758308400582424,0.0013045619593615358,0.06467818460591616,0.05818641337647994

Transition Gammas
1.0,1.0,247.03291768219432,1558.967082317806
849.1552118094044,220.84478819059532,1.0,1.0
37.15774377908482,47.54342064992876,419.72440973770307,71.6762915286637
21.587368096263706,57.71146747472272,526.2064851971304,74.392813536503

24.760997894125435,33.37113318133423,86.14577968310745,367.10115934031484
16.15335592812551,30.71451299641483,107.62999156792597,110.12306940865152
4.019398215884053,893.6421051228992,50.294389351939216,52.172152533507095
1415.2304915778184,2.1080050833996355,104.51166459050997,94.02179352404374

Iteration: ,10000
Error:,0.050259999044470906
Absolute Error:,0.1344204142655715
Transition Probabilities
0.00041684035014589413,0.00041684035014589413,0.13199036883899248,0.8671759504607158
0.7988347723028045,0.19974275259050983,0.0007112375533428164,0.0007112375533428164
0.06115318897226719,0.07695755755115756,0.7500139524823954,0.11187530099417971
0.03140391158385087,0.08398054610137849,0.7866039568753314,0.09801158543943934

0.04258921170972795,0.06400104763603956,0.16484181635818843,0.7285679242960441
0.05879916170182802,0.1051349597637794,0.4304249099158586,0.40564096861853416
0.0030690425603593203,0.8924590002869021,0.049872476165504755,0.054599480987233905
0.874252651684624,0.0010003721765735644,0.06611472279493062,0.058632253343871725

Transition Gammas
1.0,1.0,316.64489484474296,2080.355105155257
1123.1616898577433,280.8383101422569,1.0,1.0
48.125656582070306,60.563202808303394,590.2376395333678,88.04238022817263
28.39011338816285,75.92102722146343,711.1144567975442,88.60552344091415

28.59975350690286,42.97835327523069,110.69552889605366,489.2521418315734
21.313180420947948,38.108712796918496,156.01793456218198,147.03439471019058
4.142245784039454,1204.540001860929,67.31221547868778,73.69219079960652
1878.1686394570568,2.149112897976825,142.03514135251348,125.96045236919215

Iteration: ,12500
Error:,0.04589868509367105
Absolute Error:,0.1292185399435643
Transition Probabilities
0.00032981530343007904,0.00032981530343007904,0.13742357783135978,0.86191679156178
0.8067023557862139,0.19215282452288748,0.0005724098454493417,0.0005724098454493417
0.06298729870894346,0.07610052205488269,0.7524118052936948,0.10850037394247909
0.03232021466986241,0.08219719238528768,0.7929131651829885,0.09256942776186138

0.04549975987961609,0.05630674547613928,0.16089369897981076,0.7372997956644338
0.061268728669448116,0.09107192704016101,0.4472298582844853,0.4004294860059056
0.002490822495448471,0.8970857647796605,0.04676965283046627,0.05365375989442462
0.8779859222248574,0.0008098000665172097,0.06419091875542128,0.05701335895320418

Transition Gammas
1.0,1.0,416.66828798468293,2613.331712015318
1409.3090155585155,335.69098444148443,1.0,1.0
62.469097584342094,75.47443748037479,746.2216582059746,107.60773341098925
36.14133905930004,91.91512587598305,886.6569680981379,103.51364028489778

37.555539413886564,46.475634258109196,132.8017921296614,608.5678607796598
26.933682479502913,40.03514384850132,196.60187603001415,176.0284710606639
4.21282802101559,1517.2771460125662,79.10339028068069,90.74675675569455
2355.33760781802,2.1724181484006,172.20240233682682,152.94745062679795

Iteration: ,15000
Error:,0.04533238147906656
Absolute Error:,0.12671623995310413
Transition Probabilities
0.0002767017155506363,0.0002767017155506363,0.13871562065582027,0.8607309759130786
0.8130074262219449,0.18602639020317605,0.0004830917874396135,0.0004830917874396135
0.06488006147086886,0.07258289209752085,0.7562788994628703,0.10625814696873988
0.03303561220943726,0.08149541139961329,0.7938953740255581,0.09157360236539129

0.04812853816240751,0.054593932577043855,0.15287163332307224,0.7444058959374763
0.06687387378210884,0.08972708888384608,0.4467156611313011,0.3966833762027441
0.0021061654643746773,0.8968566145806511,0.04649110282563767,0.05454611712933644
0.8786114054540468,0.000685817928178626,0.06346361286260581,0.05723916375516878

Transition Gammas
1.0,1.0,501.3182530501346,3110.681746949867
1682.9253722794258,385.0746277205744,1.0,1.0
78.89162127629633,88.25796253394354,919.6056101529454,129.2057574874952
44.66543769989176,110.18497848986836,1073.37754614522,123.81108621433715

48.38490088792169,54.884734040922936,153.68592334867535,748.3710677805808
35.75567972364478,47.97468534751057,238.84696972975848,212.0960391409845
4.283940138835936,1824.2061770409287,94.56289397121529,110.94679147508874
2813.3138936788473,2.195989141390543,203.21050091212672,183.27981364156935

Iteration: ,17500
Error:,0.044751083832557756
Absolute Error:,0.1239426412020072
Transition Probabilities
0.0002390057361376674,0.0002390057361376674,0.13834963007532028,0.8611723584524044
0.8133837243114571,0.18579255245954787,0.0004118616144975285,0.0004118616144975285
0.0635904862224959,0.06867375466856947,0.7637545201464957,0.10398123896243903
0.03360956831153586,0.07943096203352967,0.7998388612049506,0.08712060844998377

0.05079302919165817,0.05802300364283176,0.14974731056135304,0.7414366566041571
0.06756146790529463,0.09095665537532599,0.4572979278976881,0.3841839488216913
0.0018191684512079346,0.8989886786414871,0.04541803302627337,0.05377411988103153
0.8772696169343487,0.0005986757289062099,0.06435587163181232,0.05777583570493281

Transition Gammas
1.0,1.0,578.8548522351398,3603.1451477648584
1974.8956826282192,451.10431737178254,1.0,1.0
91.41423233753488,98.72166321858766,1097.9320540061424,149.4777867242427
52.88311856135589,124.9809858825216,1258.5098664466718,137.08029282294046

59.99906074472556,68.53943888681164,176.88840625802797,875.8190583613583
42.817352946112095,57.64414742235066,289.8144073448494,243.47812803576304
4.344367895130664,2146.880653621012,108.46309719603475,128.41832203331143
3247.5587446589393,2.2162338249198994,238.23858669401628,213.8799940766377

Iteration: ,20000
Error:,0.0433281121671535
Absolute Error:,0.12060481425285177
Transition Probabilities
0.00020738282870178364,0.00020738282870178364,0.1378201688859733,0.8617650654566231
0.8164139950104218,0.1828647644558601,0.0003606202668589975,0.0003606202668589975
0.06638092349284354,0.06564325841955795,0.7672889400848261,0.10068687800277246
0.033828647589367336,0.0750455991123228,0.8063024500108052,0.08482330328750459

0.05176183973602038,0.05647329800922078,0.14825444537200294,0.743510416882756
0.06865670973607113,0.08569247881350496,0.46883675723538515,0.3768140542150388
0.0015989254661084738,0.8986393848999726,0.045719143109060105,0.05404254652485895
0.8775307985933478,0.0005262043973341074,0.06459960941937404,0.05734338758994395

Transition Gammas
1.0,1.0,664.5688543681626,4155.431145631834
2263.9160081638997,507.0839918361001,1.0,1.0
107.90140206414944,106.70233625618658,1247.219051304605,163.6653233233849
60.40145239369727,133.99480928596674,1439.6626090531793,151.45301631882862

68.75710852241679,75.01550755617154,196.93169797208662,987.6315579560078
48.58589062626697,60.64149329514468,331.77895498019274,266.65778909171144
4.389489280151901,2467.011771562541,125.51159689974895,148.36162389753656
3721.3672507416572,2.2314884156480046,273.9492121408298,243.1775670618846

Iteration: ,22500
Error:,0.04114464962437422
Absolute Error:,0.1175670509660519
Transition Probabilities
0.00018480872297172452,0.00018480872297172452,0.1360505530492619,0.8635798295047946
0.8180959062042968,0.1812591405548131,0.0003224766204450179,0.0003224766204450179
0.06687095935322523,0.06515665337667956,0.7691569908112591,0.09881539645883616
0.033589024192681186,0.07300467573369296,0.8104697984864186,0.08293650158720717

0.05059689334343876,0.05364628039317631,0.14494791566744042,0.7508089105959445
0.06672835859844287,0.08257617254373041,0.4772241696808572,0.37347129917696953
0.0014304091369924008,0.8967386903389177,0.04720231473909641,0.05462858578499333
0.8779723579730918,0.00047149773720491596,0.06502671826014889,0.05652942602955432

Transition Gammas
1.0,1.0,736.1695425495551,4672.830457450437
2536.9154051395235,562.0845948604751,1.0,1.0
123.22582030845246,120.06679937825048,1417.3566830117104,182.09112603612957
67.657013469575,147.05036684372195,1632.4965488228536,167.05564212930466

75.62951086826051,80.18757038101052,216.66033700711296,1122.2687187229508
53.266170024235194,65.91674872649374,380.94603697457336,298.1249072953623
4.435165740995141,2780.452539878559,146.35678968514767,169.38288905372374
4183.865431975238,2.2468624052132764,309.8765424819538,269.38377877917446

Iteration: ,25000
Error:,0.04043909830249206
Absolute Error:,0.11635517066206684
Transition Probabilities
0.00016636167027116977,0.00016636167027116977,0.13566438666156835,0.8640028899978893
0.8177361366545219,0.1816800921837735,0.000291885580852306,0.000291885580852306
0.06826943642916022,0.06292541557704452,0.7704428696970548,0.09836227829674048
0.034251484781642146,0.07172453190434103,0.8107106800511202,0.08331330326289657

0.047815134887826606,0.052370827875675145,0.14384413457655948,0.7559699026599387
0.06153260559181671,0.08495981075311736,0.48341678241180897,0.37009080124325694
0.0013007923295552664,0.8992216573697452,0.04617090641838785,0.05330664388231163
0.8790635816734825,0.0004274503093618698,0.06445260976670886,0.056056358250446865

Transition Gammas
1.0,1.0,815.4786282226862,5193.521371777305
2801.564004178391,622.4359958216078,1.0,1.0
141.42704256274146,130.3563628553941,1596.0503297529033,203.7674081823742
76.66848437367572,160.54811020818852,1814.6938592976037,186.48840276711798

78.74734293629928,86.25017062607199,236.89870208353994,1245.0162759958887
55.446262255517965,76.55622418211072,435.60082396199505,333.4841979585762
4.478235026698951,3095.7485151963183,158.9524827594543,183.51867117109478
4650.511908509504,2.2613412674873095,340.97377653159265,296.555069537858

Iteration: ,27500
Error:,0.03863626274726152
Absolute Error:,0.11488124010845778
Transition Probabilities
0.00015195259079167327,0.00015195259079167327,0.1361155568683664,0.8635805379500502
0.8201787837925347,0.17929127450105295,0.0002649708532061473,0.0002649708532061473
0.06692042115968178,0.06124522749886864,0.7741164553430951,0.0977178959983545
0.033815557294144365,0.0700130575619368,0.8147446648762418,0.08142672026767708

0.04882198756752667,0.05309117601963859,0.14387713844214822,0.7542096979706865
0.06202403564501017,0.08362283200186581,0.48692589878397197,0.36742723356915213
0.0011871190054310342,0.8988791821764,0.04572401117156705,0.05420968764660192
0.8795386387733507,0.00039205643914294055,0.06405580348974588,0.05601350129776058

Transition Gammas
1.0,1.0,895.7764797507176,5683.22352024927
3095.3547300330265,676.645269966974,1.0,1.0
153.18848952432944,140.1973228581251,1772.0410071385252,223.68742796409836
83.25003871580604,172.3641489017393,2005.808282396364,200.4632825010122

89.48760850290326,97.312760322036,263.717674738682,1382.4185688414177
61.407726843009286,82.79190433205144,482.08750485777966,363.77625156211917
4.512818193276498,3417.078075849927,173.81926204584985,206.07745604628317
5099.136153894126,2.2729520626733075,371.36431424642643,324.73896766144054

Iteration: ,27691
Error:,0.039135872220001464
Absolute Error:,0.11524056244514408
Transition Probabilities
0.00015096618357487946,0.00015096618357487946,0.13591618284914495,0.8637818847837053
0.8190156172214345,0.1804582054568081,0.0002630886608787161,0.0002630886608787161
0.0676036376934543,0.061528504389350286,0.7733471480328766,0.09752070988431882
0.03385463824999049,0.07041166567857375,0.8147842222165906,0.08094947385484515

0.04859646354938402,0.053220325119184946,0.1434068587349927,0.7547763525964384
0.06252090688425016,0.08540698325950952,0.48551525114219524,0.3665568587140451
0.0011802537672835102,0.8985436305775221,0.04578804233574239,0.05448807331945206
0.879307605181006,0.00038940163800439665,0.064254929889832,0.05604806329115762

*,*,*,*,*,*,*,*,*,*,*
Model Num 2
Model States: 
"['diamond', 'x', 'square']","['diamond', 'x', 'diamond']","['square', 'y', 'diamond', 'x', 'diamond']","['square', 'y', 'diamond', 'x', 'square']"
Iteration: ,27691
Error:,0.03995425461764076
Absolute Error:,0.11524056244514408
Transition Probabilities
0.00015096618357487946,0.00015096618357487946,0.13591618284914495,0.8637818847837053
0.8190156172214345,0.1804582054568081,0.0002630886608787161,0.0002630886608787161
0.0676036376934543,0.061528504389350286,0.7733471480328766,0.09752070988431882
0.03385463824999049,0.07041166567857375,0.8147842222165906,0.08094947385484515

0.04859646354938402,0.053220325119184946,0.1434068587349927,0.7547763525964384
0.06252090688425016,0.08540698325950952,0.48551525114219524,0.3665568587140451
0.0011802537672835102,0.8985436305775221,0.04578804233574239,0.05448807331945206
0.879307605181006,0.00038940163800439665,0.064254929889832,0.05604806329115762

Transition Gammas
1.0,1.0,900.3087951927348,5721.691204807255
3113.0783610586727,685.9216389413277,1.0,1.0
155.7679629656266,141.77003072689226,1781.8968627189988,224.7009605388885
83.92105018800221,174.54095611947884,2019.7394253666273,200.66275137548516

89.74027758583584,98.27889522353169,264.82114891988095,1393.8018211633353
62.54328043514069,85.43754675549177,485.6889962255746,366.6880336912074
4.514784160380213,3437.168059271658,175.1514242127991,208.4313536388869
5134.043543837019,2.2736127309447016,375.1674681497662,327.24975399854776

