0,1,2,3,4,5,6,7,8,9,10,11,12,13,14,15,16,17,18,19,20,21,22,23,24,25,26,27,28,29
github Code Version (SHA):,d58c6110342554eb50cd378383e20e81b82ec445
Environment Observations,Environment Actions,alpha,epsilon,numActions,explore,gainSplitThresh,surpiseThresh,splitWithEntropy,entropyThresh,earlyTermination,budd,conservativeness_factor,confidence_factor,have_control
"['diamond', 'square']","['x', 'y']",0.99,0.99,50000,0.05,0.05,0,True,0.55,False,True,0,100,False

Model Num 0
Model States: 
['diamond'],['square']
Iteration: ,0
Error:,0.6614573681487042
Transition Probabilities
0.5,0.5
0.5,0.5

0.3333333333333333,0.6666666666666666
0.5,0.5

Iteration: ,5000
Error:,0.3064039249853937
Transition Probabilities
0.4955312810327706,0.5044687189672294
0.01795212765957447,0.9820478723404256

0.04146100691016782,0.9585389930898321
0.9777777777777777,0.022222222222222223

Iteration: ,10000
Error:,0.3149786429408199
Transition Probabilities
0.4984848484848485,0.5015151515151515
0.01890547263681592,0.981094527363184

0.03812316715542522,0.9618768328445748
0.9780997304582211,0.021900269541778976

Iteration: ,15000
Error:,0.3085014178113912
Transition Probabilities
0.5016823687752355,0.49831763122476447
0.01894273127753304,0.981057268722467

0.03599476439790576,0.9640052356020943
0.9772573744652105,0.02274262553478946

Iteration: ,20000
Error:,0.30662189307395515
Transition Probabilities
0.4941772151898734,0.5058227848101265
0.019698725376593278,0.9803012746234068

0.03460122699386503,0.965398773006135
0.977957260642773,0.02204273935722699

Iteration: ,25000
Error:,0.3027209835473332
Transition Probabilities
0.4984930681133213,0.5015069318866787
0.0194005887075194,0.9805994112924806

0.03389498432601881,0.9661050156739812
0.976790984706198,0.023209015293801986

Iteration: ,30000
Error:,0.30912879100201707
Transition Probabilities
0.49640167364016735,0.5035983263598326
0.019839500668747213,0.9801604993312528

0.03320248609748119,0.9667975139025188
0.9768663388466696,0.02313366115333035

Iteration: ,35000
Error:,0.30639104239701553
Transition Probabilities
0.4938928006897543,0.5061071993102457
0.01959847036328872,0.9804015296367112

0.03269716531013191,0.9673028346898681
0.9756307339449541,0.02436926605504587

Iteration: ,40000
Error:,0.30464524577291313
Transition Probabilities
0.4950370649579093,0.5049629350420907
0.019390581717451522,0.9806094182825484

0.03330884153808474,0.9666911584619152
0.9758583242836856,0.024141675716314426

Iteration: ,45000
Error:,0.311442779293725
Transition Probabilities
0.4961866307761328,0.5038133692238672
0.020187723480333732,0.9798122765196663

0.03383214053350683,0.9661678594664932
0.9764259686175355,0.02357403138246449

Iteration: ,49999
Error:,0.3122421295588007
Transition Probabilities
0.49496170898831116,0.5050382910116888
0.020128393740805137,0.9798716062591949

0.033228778670848856,0.9667712213291512
0.9762191854233655,0.023780814576634512


Model Num 1
Model States: 
['square'],"['diamond', 'x', 'square']","['diamond', 'x', 'diamond']"
Iteration: ,0
Error:,0.674736733683755
Transition Probabilities
0.3333333333333333,0.3333333333333333,0.3333333333333333
0.4811480107380931,0.25942599463095345,0.25942599463095345
0.3333333333333333,0.3333333333333333,0.3333333333333333

0.3333333333333333,0.3333333333333333,0.3333333333333333
0.3333333333333333,0.3333333333333333,0.3333333333333333
0.3333333333333333,0.3333333333333333,0.3333333333333333

Iteration: ,5000
Error:,0.3260957049216097
Transition Probabilities
0.9868421052631579,0.011584159080866343,0.0015737356559757632
0.9912876073178042,0.007428107827581463,0.0012842848546143516
0.002212071747674688,0.8812207860226462,0.1165671422296791

0.028776978417266206,0.6012132323490559,0.37000978923367783
0.9663353286719005,0.024294777084165192,0.00936989424393435
0.3333333333333333,0.3333333333333333,0.3333333333333333

Iteration: ,10000
Error:,0.31920597328607137
Transition Probabilities
0.9831081081081081,0.015446208349841796,0.001445683542050094
0.9910026590493448,0.007988978454184295,0.0010083624964708675
0.0011052101060833694,0.9092568172910612,0.08963797260285546

0.02597864768683273,0.6037835997771097,0.3702377525360575
0.9770835036907695,0.017185649665711605,0.0057308466435190076
0.3333333333333333,0.3333333333333333,0.3333333333333333

Iteration: ,15000
Error:,0.31817858141439137
Transition Probabilities
0.9813105156496285,0.01746792751850325,0.0012215568318682802
0.9904049450052834,0.008742677244708487,0.000852377750008143
0.0007397739755925937,0.9221198612287498,0.07714036479565768

0.027283511269276393,0.602800978316678,0.3699155104140456
0.9758750548869998,0.018802607502300468,0.005322337610699706
0.3333333333333333,0.3333333333333333,0.3333333333333333

Iteration: ,20000
Error:,0.3223274634742057
Transition Probabilities
0.9805541214937188,0.01842361300274621,0.0010222655035349677
0.990016707887924,0.009267251827883276,0.0007160402841927493
0.0005543350612032167,0.9303377442287744,0.06910792071002234

0.024381625441696083,0.6065875582541086,0.3690308163041953
0.9715285654200332,0.022638400083372257,0.005833034496594663
0.3333333333333333,0.3333333333333333,0.3333333333333333

Iteration: ,25000
Error:,0.3199978639438479
Transition Probabilities
0.9806335592751418,0.018408011277640177,0.0009584294472180233
0.9899285281699934,0.00942691775065673,0.000644554079349806
0.00044456002608898035,0.9359790127676896,0.06357642720622132

0.024383368569415056,0.6073032823468124,0.36831334908377245
0.9700676153083829,0.02377891814181946,0.00615346654979754
0.3333333333333333,0.3333333333333333,0.3333333333333333

Iteration: ,30000
Error:,0.31740796705058777
Transition Probabilities
0.9804601688056422,0.018680781421787137,0.0008590497725705881
0.9901695108764555,0.009213544366684857,0.0006169447568594966
0.00037105551122463767,0.9403141102991327,0.059314834189642604

0.024281524926686275,0.6080441952901433,0.36767427978317047
0.9675232915436413,0.02531094080828233,0.007165767648076429
0.3333333333333333,0.3333333333333333,0.3333333333333333

Iteration: ,35000
Error:,0.3208564547156251
Transition Probabilities
0.9807022779269869,0.01849745112395328,0.0008002709490597506
0.9898327968456516,0.00959242368309519,0.0005747794712531588
0.00031829987154029856,0.9434878480955925,0.05619385203286712

0.023988758406102605,0.6093415657575268,0.3666696758363706
0.9662603806046529,0.026460680936985538,0.007278938458361502
0.3333333333333333,0.3333333333333333,0.3333333333333333

Iteration: ,40000
Error:,0.31805613210964934
Transition Probabilities
0.9808278867102397,0.018424533487991647,0.0007475798017687079
0.9899324722981346,0.009539653399126121,0.000527874302739203
0.00027946535504580673,0.9463804589768826,0.053340075668071515

0.02376776004209789,0.6107778503761166,0.36545438958178544
0.967355046958193,0.02535660207669152,0.0072883509651154145
0.3333333333333333,0.3333333333333333,0.3333333333333333

Iteration: ,45000
Error:,0.32398873930281896
Transition Probabilities
0.9807707218733038,0.018502747002927245,0.0007265311237688865
0.990167761254622,0.009333576658058607,0.0004986620873194123
0.00025188179425812105,0.9486733023742246,0.05107481583151731

0.023201494861413898,0.6130281188901489,0.3637703862484373
0.9680898369272096,0.024249123843923893,0.007661039228866522
0.3333333333333333,0.3333333333333333,0.3333333333333333

Iteration: ,49999
Error:,0.2534435369866048
Transition Probabilities
0.9816411682892907,0.017679939151935588,0.0006788925587737346
0.9646085759738086,0.034105002933668464,0.001286421092523027
0.013928245347936262,0.937580591986559,0.0484911626655048

0.023299880693382,0.6125767256098613,0.3641233936967566
0.9688239899732278,0.024154142608758897,0.007021867418013263
0.9193028578967608,0.05041389563189741,0.030283246471341688


Model Num 2
Model States: 
"['diamond', 'x', 'square']","['diamond', 'x', 'diamond']","['square', 'y', 'diamond', 'x', 'square']","['square', 'y', 'diamond', 'x', 'diamond']"
Iteration: ,0
Error:,0.6568253022072081
Transition Probabilities
0.25,0.25,0.25,0.25
0.3936860725688239,0.2047155659524909,0.20079918073934258,0.20079918073934258
0.25,0.25,0.25,0.25
0.25,0.25,0.25,0.25

0.25,0.25,0.25,0.25
0.25,0.25,0.25,0.25
0.25,0.25,0.25,0.25
0.25,0.25,0.25,0.25

Iteration: ,5000
Error:,0.1547067641937569
Transition Probabilities
0.0006717662182612975,0.0006717662182612975,0.9692541555412195,0.029402312022257807
0.953234864920492,0.04362363107383794,0.0015707520028349934,0.0015707520028349934
0.01831072127391716,0.010450848205348102,0.01821717073621777,0.953021259784517
0.02232029496464962,0.02232029496464962,0.04048667522762681,0.9148727348430739

0.03556263561913958,0.0061957982458270945,0.9145034326108027,0.043738133524230595
0.04514073322583695,0.04514073322583695,0.06641557017742028,0.8433029633709058
0.9806089599871216,0.0035608947575038355,0.009117206738656392,0.006712938516718074
0.007300930740848568,0.964335517981515,0.015524209339594993,0.012839341938041447

Iteration: ,10000
Error:,0.1177218037542996
Transition Probabilities
0.0003404053520041683,0.0003404053520041683,0.9704087325899112,0.028910456706080556
0.9647519381804925,0.033690832642770945,0.0007786145883682519,0.0007786145883682519
0.018460383403996687,0.010013076292754112,0.016847742492567697,0.9546787978106815
0.018094610604061326,0.0094004179959661,0.028819652795750775,0.9436853186042218

0.03069177211002153,0.010177184258188,0.9249891139122633,0.03414192971952699
0.04707858425722123,0.024538465413173085,0.061007917656932635,0.8673750326726731
0.9755681874886547,0.002633684119862036,0.013060902944188001,0.008737225447295275
0.009998993725256923,0.966909303531391,0.012649406823491144,0.010442295919860959

Iteration: ,15000
Error:,0.09638323464098716
Transition Probabilities
0.00022718554339817704,0.00022718554339817704,0.9712693005823183,0.028276328330885343
0.9667712093183076,0.03217897749715558,0.0005249065922684274,0.0005249065922684274
0.020889750760870497,0.008133947740858545,0.017446639200645285,0.9535296622976257
0.01318143810378203,0.006847952170669763,0.02367258606925683,0.9562980236562914

0.028639172312537087,0.006921116216386852,0.9322574790785377,0.03218223239253831
0.026982365566258368,0.01406384356410771,0.060882620992184305,0.8980711698774497
0.9760055169022657,0.002165293080374985,0.013830548467910935,0.007998641549448363
0.012213078931451795,0.9668426704173562,0.011161362228066142,0.00978288842312592

Iteration: ,20000
Error:,0.09280122974226053
Transition Probabilities
0.00017010424502583518,0.00017010424502583518,0.9720838001851203,0.02757599132482802
0.9686155201916731,0.030597805512202227,0.00039333714806232494,0.00039333714806232494
0.02040473872627575,0.007381875945291567,0.018295155557747442,0.9539182297706853
0.019464136020758974,0.007413358047522663,0.01968581826735289,0.9534366876643654

0.025350003961215298,0.007579546887797981,0.9370311080646903,0.030039341086296526
0.020640366206455547,0.010758244332605398,0.06068606223535478,0.9079153272255843
0.9752822476238289,0.0020314709884599737,0.014561155167142696,0.008125126220568454
0.014319859456122857,0.9684951781567747,0.009167638190086086,0.008017324197016286

Iteration: ,25000
Error:,0.08779307638844489
Transition Probabilities
0.00013648097157867894,0.00013648097157867894,0.9729000790487145,0.026826959008128228
0.9711361667594774,0.028237021987430454,0.0003134056265460182,0.0003134056265460182
0.018716546562398,0.006313545459537744,0.016950869859645935,0.9580190381184183
0.015452802956573235,0.005885550791091688,0.01649007728955008,0.962171568962785

0.028048225527178658,0.007793956747784875,0.9318261569478071,0.03233166077722932
0.02553928925204336,0.00901873179595736,0.06870528667679007,0.8967366922752092
0.9758037150526647,0.0018314988447783486,0.014439880189996337,0.007924905912560704
0.01398386259324501,0.9690174350359604,0.009077872378486495,0.007920829992308186

Iteration: ,30000
Error:,0.08134241004085375
Transition Probabilities
0.00011376304002240434,0.00011376304002240434,0.9731318767982107,0.02664059712174449
0.9727726960366562,0.026703397196999636,0.00026195338317211165,0.00026195338317211165
0.018551368612353042,0.005366376687685465,0.016896736428904692,0.9591855182710568
0.013090068532284616,0.004985649750543171,0.014624658325349874,0.9672996233918223

0.029353188875750287,0.006580838664797473,0.9327903709860101,0.031275601473442195
0.027824435739696892,0.00743723092248165,0.06049253629664337,0.9042457970411781
0.9756110366356092,0.0017700733326965873,0.014562692327212553,0.00805619770448155
0.01465973607588793,0.9681710696151224,0.009177292520127793,0.007991901788861814

Iteration: ,35000
Error:,0.07987836828565449
Transition Probabilities
9.769236283249068e-05,9.769236283249068e-05,0.9734814936694745,0.026323121604860555
0.9735840220833255,0.02596616335234999,0.00022490728216225585,0.00022490728216225585
0.01820847155632466,0.006025125302085817,0.017682877555062978,0.9580835255865264
0.014012767304304095,0.004216582797961379,0.014173199916149865,0.9675974499815846

0.028938388089142127,0.006131558258662491,0.9330709814381613,0.03185907221403418
0.02400525222104199,0.006416396213404386,0.06194178248837914,0.9076365690771746
0.9751742259559619,0.001702256095943367,0.015148223384828146,0.007975294563266606
0.016176646260212806,0.9658986628809545,0.009592663032558691,0.008332027826274076

Iteration: ,40000
Error:,0.07566014528235677
Transition Probabilities
8.542950978373303e-05,8.542950978373303e-05,0.9733756160333151,0.026453524947117373
0.9748821886336092,0.024725253986092707,0.00019627869014906884,0.00019627869014906884
0.017838226738705255,0.005487891197010863,0.016909332116454234,0.9597645499478297
0.012137950320480933,0.0036524314871145616,0.012697762353912241,0.9715118558384923

0.02981851798358847,0.006390340192235926,0.929689052176061,0.03410208964811469
0.0301915105236162,0.006705959697193311,0.059838372442041966,0.9032641573371485
0.9748340090577039,0.0016439648260196246,0.015592945634247214,0.007929080482029326
0.015718599281000674,0.9672986726926324,0.009092413127577631,0.007890314898789386

Iteration: ,45000
Error:,0.0723965514187098
Transition Probabilities
7.582165713316568e-05,7.582165713316568e-05,0.9738221719305107,0.026026184755222982
0.9759026750779431,0.023748125376547843,0.00017459977275451045,0.00017459977275451045
0.01766490445389215,0.005629819926660041,0.016550314553817714,0.96015496106563
0.01072459794979492,0.0032271395255573264,0.0116441353789168,0.974404127145731

0.028637701818778373,0.006622733956104678,0.9328848283113798,0.031854735913737206
0.03173559749535925,0.006036016712647373,0.05854667027093641,0.9036817155210569
0.9750690369164549,0.0015484078039550504,0.015508706320799984,0.00787384895879017
0.015704846969347857,0.9670402580293601,0.009246634174271648,0.008008260827020493

Iteration: ,49999
Error:,0.08522245280320638
Transition Probabilities
0.00041442081617755055,8.907864993902964e-05,0.9735105052386153,0.02598599529526816
0.9761497550022608,0.023382727884490126,0.000295558973668747,0.00017195813958047388
0.01779916521586337,0.005733470601082433,0.01664770515662616,0.959819659026428
0.017736935601910392,0.003408747809695132,0.01425126236958562,0.9646030542188089

0.029915429543063463,0.006471049792474346,0.9318637155003664,0.0317498051640958
0.02870344457010124,0.005923177199673712,0.10241494588065474,0.8629584323495703
0.973486531613222,0.0031730776847781143,0.015545299794321085,0.007795090907678877
0.016837309241342437,0.9657267118619415,0.0094132809492373,0.008022697947478879

