0,1,2,3,4,5,6,7,8,9,10,11,12,13,14,15,16,17,18,19,20,21,22,23,24,25,26,27,28,29
github Code Version (SHA):,d58c6110342554eb50cd378383e20e81b82ec445
Environment Observations,Environment Actions,alpha,epsilon,numActions,explore,gainSplitThresh,surpiseThresh,splitWithEntropy,entropyThresh,earlyTermination,budd,conservativeness_factor,confidence_factor,have_control
"['diamond', 'square']","['x', 'y']",0.99,0.99,50000,0.05,0.05,0,True,0.55,False,True,0,100,False

Model Num 0
Model States: 
['diamond'],['square']
Iteration: ,0
Error:,0.6583957136587363
Transition Probabilities
0.5,0.5
0.5,0.5

0.3333333333333333,0.6666666666666666
0.5,0.5

Iteration: ,5000
Error:,0.29625535107665185
Transition Probabilities
0.49853658536585366,0.5014634146341463
0.013831258644536652,0.9861687413554634

0.026470588235294117,0.9735294117647059
0.9795783926218709,0.020421607378129116

Iteration: ,10000
Error:,0.30177391994546515
Transition Probabilities
0.48745696015740286,0.5125430398425972
0.019727891156462583,0.9802721088435374

0.03160493827160494,0.9683950617283951
0.9780803719694454,0.021919628030554632

Iteration: ,15000
Error:,0.3021576691763993
Transition Probabilities
0.48823334438183624,0.5117666556181637
0.017590737029614785,0.9824092629703852

0.028903654485049834,0.9710963455149502
0.9768425740369628,0.023157425963037187

Iteration: ,20000
Error:,0.3025921438029418
Transition Probabilities
0.4885057471264368,0.5114942528735632
0.01763140385894877,0.9823685961410512

0.02691253426364316,0.9730874657363568
0.9772651287194918,0.02273487128050819

Iteration: ,25000
Error:,0.30017174167136024
Transition Probabilities
0.4861386138613861,0.5138613861386139
0.01762173796072101,0.982378262039279

0.027711323763955343,0.9722886762360446
0.9774936742575576,0.022506325742442403

Iteration: ,30000
Error:,0.3042134332482603
Transition Probabilities
0.48742970559047305,0.512570294409527
0.01890380313199105,0.981096196868009

0.02820640451302472,0.9717935954869753
0.9766562916851934,0.02334370831480658

Iteration: ,35000
Error:,0.2994748325668776
Transition Probabilities
0.48681972789115646,0.5131802721088435
0.01837952270977675,0.9816204772902233

0.028664680005676173,0.9713353199943239
0.9771732927525204,0.022826707247479552

Iteration: ,40000
Error:,0.3015066285726404
Transition Probabilities
0.4876084262701363,0.5123915737298637
0.018948964123294592,0.9810510358767054

0.030160109221794712,0.9698398907782053
0.9762658227848101,0.023734177215189875

Iteration: ,45000
Error:,0.30641687684934354
Transition Probabilities
0.48847214561500274,0.5115278543849973
0.01882123575284943,0.9811787642471506

0.02949917446340121,0.9705008255365988
0.9763366116985875,0.02366338830141241

Iteration: ,49999
Error:,0.30467921354042243
Transition Probabilities
0.4882522058094577,0.5117477941905423
0.01907908042877368,0.9809209195712263

0.028997020854021848,0.9710029791459781
0.975895591956319,0.024104408043680917


Model Num 1
Model States: 
['square'],"['diamond', 'x', 'square']","['diamond', 'x', 'diamond']"
Iteration: ,0
Error:,0.6655966520622494
Transition Probabilities
0.5,0.25,0.25
0.3333333333333333,0.3333333333333333,0.3333333333333333
0.3333333333333333,0.3333333333333333,0.3333333333333333

0.3333333333333333,0.3333333333333333,0.3333333333333333
0.3333333333333333,0.3333333333333333,0.3333333333333333
0.3333333333333333,0.3333333333333333,0.3333333333333333

Iteration: ,5000
Error:,0.32073253948204455
Transition Probabilities
0.978442280945758,0.017507235029358616,0.004050484024883385
0.9913196672336055,0.007101728965009824,0.001578603801384687
0.0024284221247667095,0.9000473384296371,0.09752423944559625

0.01952580195258022,0.6499628236689371,0.3305113743784827
0.9681842842524622,0.023135166864500276,0.008680548883037532
0.3333333333333333,0.3333333333333333,0.3333333333333333

Iteration: ,10000
Error:,0.3154258151572686
Transition Probabilities
0.9793080054274084,0.017569240833610257,0.0031227537389813317
0.9916926565863586,0.007242386814376462,0.0010649565992649304
0.0011802538435578228,0.9247866570157476,0.07403308914069456

0.01957295373665482,0.6366378563499322,0.34378918991341295
0.9731270760073837,0.0192880469596536,0.007584877032962709
0.3333333333333333,0.3333333333333333,0.3333333333333333

Iteration: ,15000
Error:,0.31698234592819485
Transition Probabilities
0.9798026164792288,0.01744432567051404,0.0027530578502571344
0.9895106884908501,0.009604343460596862,0.0008849680485529217
0.0007799235346775151,0.9355729470415042,0.06364712942381828

0.02260951483749414,0.6316445956831566,0.3457458894793493
0.9752891877576503,0.01739042577042401,0.007320386471925594
0.3333333333333333,0.3333333333333333,0.3333333333333333

Iteration: ,20000
Error:,0.3138606503412911
Transition Probabilities
0.9790729851262538,0.018214831036274283,0.0027121838374718262
0.9879909520971243,0.011185875932291606,0.0008231719705841477
0.000583814510845811,0.9422970472619825,0.057119138227171753

0.024850193866760725,0.6289010265236432,0.34624877960959616
0.9729644940129041,0.01962998564693677,0.007405520340159142
0.3333333333333333,0.3333333333333333,0.3333333333333333

Iteration: ,25000
Error:,0.3192194794280296
Transition Probabilities
0.9794814917510052,0.01814903205031018,0.002369476198684696
0.9880540428053113,0.01120243345871982,0.0007435237359689927
0.0004666695120201524,0.9468713898323511,0.05266194065562874

0.023940290099985943,0.6292612208897433,0.34679848901027077
0.974264891274657,0.01877802471037622,0.006957084014966718
0.3333333333333333,0.3333333333333333,0.3333333333333333

Iteration: ,30000
Error:,0.3148020718618923
Transition Probabilities
0.979979169077653,0.01775029368841638,0.0022705372339305815
0.9877276004809402,0.011549304179261883,0.0007230953397979436
0.0003862171505882767,0.9506747695201858,0.04893901332922599

0.024759446139403875,0.6265551041395137,0.34868544972108245
0.9755478782644048,0.01811270854842712,0.006339413187168188
0.3333333333333333,0.3333333333333333,0.3333333333333333

Iteration: ,35000
Error:,0.31197578260200887
Transition Probabilities
0.9793886288957483,0.018345703600616946,0.0022656675036347882
0.9881951211956111,0.011151462794651023,0.0006534160097379085
0.0003323101610156596,0.9534951232317387,0.04617256660724571

0.024174942321195655,0.6282976861925849,0.34752737148621954
0.974940317807033,0.0188026414613811,0.006257040731585895
0.3333333333333333,0.3333333333333333,0.3333333333333333

Iteration: ,40000
Error:,0.31498416378699684
Transition Probabilities
0.97991129663449,0.017985401563869248,0.0021033018016408107
0.9883891665981568,0.01100841720669918,0.0006024161951440326
0.00029049239515957433,0.955781613205787,0.04392789439905343

0.023631731529473777,0.6282145151467438,0.3481537533237824
0.9748075241101655,0.019043646858174005,0.006148829031660547
0.3333333333333333,0.3333333333333333,0.3333333333333333

Iteration: ,45000
Error:,0.3120666280423418
Transition Probabilities
0.9801880974406414,0.017833455954776166,0.001978446604582463
0.9883103458486914,0.011122211919541571,0.0005674422317669485
0.0002578392203955252,0.9576921896179181,0.042049971161686336

0.0234649980445835,0.6273434688631659,0.34919153309225054
0.9748438493997569,0.019036851434025975,0.006119299166217141
0.3425608836687816,0.32871955816560916,0.32871955816560916

Iteration: ,49999
Error:,0.2500840451026149
Transition Probabilities
0.9799695037427225,0.01808857023200349,0.0019419260252740327
0.9613444542588061,0.03740893797142582,0.0012466077697679313
0.013738892233174711,0.946378906093268,0.03988220167355714

0.023191879317637117,0.6267076695398718,0.3501004511424911
0.9749329856160299,0.019188685557809042,0.005878328826161119
0.8862131711213849,0.06792935678880502,0.04585747208981008


Model Num 2
Model States: 
"['diamond', 'x', 'square']","['diamond', 'x', 'diamond']","['square', 'y', 'diamond', 'x', 'square']","['square', 'y', 'diamond', 'x', 'diamond']"
Iteration: ,0
Error:,0.6378939530368901
Transition Probabilities
0.20079918073934258,0.20079918073934258,0.3936860725688239,0.2047155659524909
0.25,0.25,0.25,0.25
0.25,0.25,0.25,0.25
0.25,0.25,0.25,0.25

0.25,0.25,0.25,0.25
0.25,0.25,0.25,0.25
0.25,0.25,0.25,0.25
0.25,0.25,0.25,0.25

Iteration: ,5000
Error:,0.18289969509427498
Transition Probabilities
0.0006922674567176032,0.0006922674567176032,0.962503652430789,0.03611181265577588
0.9250043180218649,0.07184177465866241,0.001576953659736317,0.001576953659736317
0.018020833428577805,0.006678316357721839,0.021756699939856378,0.9535441502738439
0.061898406912734225,0.0308313816318883,0.06730557898005074,0.8399646324753267

0.022410600728660746,0.005172203349255779,0.9376744883021241,0.03474270761995958
0.03427934001782039,0.03427934001782039,0.20106235155069976,0.7303789684136595
0.9819292766024247,0.0032335375944036716,0.007826515147973754,0.007010670655197814
0.004683942116166363,0.9781417568199314,0.00848793961205294,0.008686361451849376

Iteration: ,10000
Error:,0.14566358388979117
Transition Probabilities
0.00034019214351407065,0.00034019214351407065,0.968633337718285,0.03068627799468693
0.9427593745880287,0.05565027876712465,0.0007951733224233085,0.0007951733224233085
0.013940628011431156,0.004911791980505788,0.02038418613109484,0.9607633938769682
0.05548436994030058,0.018737535633807766,0.04458874782504618,0.8811893466008456

0.022213459686628263,0.00550476633054404,0.9445940900981062,0.027687683884721346
0.03600876757098689,0.01876181977740352,0.13473103247832305,0.8104983801732866
0.9816415065614402,0.002280179010576942,0.009115830758704944,0.006962483669277869
0.003202162835459284,0.982046485908014,0.007297327870534374,0.007454023385992341

Iteration: ,15000
Error:,0.1419873535173507
Transition Probabilities
0.00022682691502332435,0.00022682691502332435,0.9691754173436445,0.03037092882630876
0.9496266149217546,0.04931055295546727,0.0005314160613890879,0.0005314160613890879
0.014659873452757212,0.006012534819447294,0.018648267664014145,0.9606793240637813
0.06064814123642876,0.015603460441096348,0.03820799591811787,0.885540402404357

0.024742048301517657,0.005993958152657534,0.9430875796191791,0.02617641392664562
0.031129591741067338,0.01615971196397967,0.13302047159966357,0.8196902246952895
0.9795961124330363,0.002040734230610857,0.010269593533317174,0.008093559803035597
0.0027224182067181898,0.980270782463424,0.008427069975927685,0.008579729353930008

Iteration: ,20000
Error:,0.13950056187359103
Transition Probabilities
0.00017071136690103355,0.00017071136690103355,0.9704017532074918,0.029256824058706055
0.9532131070345298,0.04599143443142004,0.00039772926702508064,0.00039772926702508064
0.015098327976547563,0.004912918103819711,0.017419402529645252,0.9625693513899876
0.06816529453888,0.014818432047695033,0.032779432273958506,0.8842368411394664

0.0238148098042388,0.0044262578417010486,0.9439625717805823,0.027796360573477858
0.024772772861120253,0.012859817671706802,0.12507788207289278,0.8372895273942802
0.9784250583520266,0.0018783013453803072,0.011362352544905332,0.008334287757687641
0.004349085646061056,0.9791032604010323,0.008206980283879525,0.008340673669027094

Iteration: ,25000
Error:,0.1425356867407014
Transition Probabilities
0.00013611331752835074,0.00013611331752835074,0.9702179028826791,0.029509870482264163
0.9560349522044064,0.04332925334402113,0.00031789722578626765,0.00031789722578626765
0.014955554751991828,0.004015013338792247,0.01842308114564929,0.9626063507635667
0.06538562566746826,0.02028271030749119,0.02835029069737315,0.8859813733276675

0.022765773086021925,0.004028772610184744,0.9464422199619587,0.026763234341834675
0.02089290441632801,0.01084573547469349,0.11488466091955207,0.8533766991894264
0.9773105073057459,0.001757641828488594,0.01286450015986519,0.008067350705900327
0.007411525600373143,0.976298792363817,0.00808709629671676,0.008202585739093167

Iteration: ,30000
Error:,0.13522324967681262
Transition Probabilities
0.00011345575335132544,0.00011345575335132544,0.9710040573183152,0.028769031174982133
0.9581118081667116,0.04135795371289062,0.00026511906019890914,0.00026511906019890914
0.014960605202346763,0.003654333527680878,0.017913547825481053,0.9634715134444912
0.060244309912603,0.01865035717943815,0.031167573016887124,0.8899377598910717

0.02276835839861133,0.004584161123136547,0.9438450221892497,0.02880245828900246
0.01761114722645097,0.00914213937985071,0.11043508113444302,0.8628116322592553
0.977173945055853,0.0016753889509819612,0.013370501420469968,0.007780164572695159
0.008598581911352548,0.9762847125430625,0.007509884562300298,0.0076068209832847195

Iteration: ,35000
Error:,0.12588974013086512
Transition Probabilities
9.793098077805932e-05,9.793098077805932e-05,0.9711767982974194,0.02862733974102446
0.9596949036985781,0.03985236326722376,0.00022636651709902577,0.00022636651709902577
0.015719770689517777,0.004169916638860051,0.01725499826606213,0.9628553144055602
0.05354243894132921,0.015853501737485683,0.027151293474323865,0.9034527658468613

0.022566168417118896,0.004373950926662388,0.9441992997139506,0.028860580942268187
0.01495211578808161,0.007761807041905885,0.10289015166420869,0.8743959255058038
0.9769591514129383,0.0017441469740862173,0.013146567393658805,0.008150134219316662
0.008933656285260487,0.9738490493012798,0.008568673640287678,0.00864862077317222

Iteration: ,40000
Error:,0.11713594636266557
Transition Probabilities
8.574479347186118e-05,8.574479347186118e-05,0.9714882778412144,0.02834023257184189
0.9609175492606179,0.03868708959735876,0.00019768057101163619,0.00019768057101163619
0.016226964557126338,0.004561392966246109,0.016682789438254027,0.9625288530383735
0.04838517194500949,0.014326474898524833,0.025112396632515434,0.9121759565239502

0.024236437770776074,0.005184209775239886,0.9411694235877548,0.02940992886622921
0.013191216793876701,0.006847705090916495,0.09627069421140283,0.8836903839038039
0.9766810934010771,0.0017466129622351098,0.013375815312382905,0.008196478324304944
0.009246828226548575,0.9738221422570776,0.008434561450391434,0.008496468065982326

Iteration: ,45000
Error:,0.1172339326994579
Transition Probabilities
7.62206053911821e-05,7.620405564327954e-05,0.9716620867388801,0.028185488600085462
0.9625155685933133,0.03713340432868765,0.00017551353899953101,0.00017551353899953101
0.015584831473277895,0.004413603027698892,0.01656862169720093,0.9634329438018223
0.05325031379429783,0.013455286317623561,0.02320273444644915,0.9100916654416294

0.02511073950715212,0.005504418762859856,0.9406537573991078,0.02873108433088012
0.011795146328046489,0.006122989624138528,0.09041181118228613,0.8916700528655289
0.9767239060612831,0.0016696047399068139,0.013490910411823596,0.008115578786986483
0.009922315906104965,0.973041416166438,0.00840524584669795,0.008631022080758935

Iteration: ,49999
Error:,0.11905080615866184
Transition Probabilities
0.0003454005318087925,8.720399783451145e-05,0.9715607710204629,0.028006624449893817
0.9632432572045813,0.03629602438015856,0.0002909600208041081,0.00016975839445594439
0.015236270905272666,0.004160191745129621,0.01658265665836977,0.964020880691228
0.05231653323669036,0.012052711724945037,0.02504460974521134,0.9105861452931532

0.025340756974007506,0.005202475892573142,0.940909766160231,0.028547000973188363
0.01171357930232965,0.005468634805500505,0.14008245346075018,0.8427353324314196
0.9754038596908688,0.003001945802634027,0.013569668343663995,0.008024526162833077
0.011308161772597495,0.9704827636040011,0.009186292880748887,0.009022781742652485

