0,1,2,3,4,5,6,7,8,9,10,11,12,13,14,15,16,17,18,19,20,21,22,23,24,25,26,27,28,29
github Code Version (SHA):,528ca1c557fe8e6666681dc5c9134b0f84d30530
Environment Observations,Environment Actions,alpha,epsilon,numActions,explore,patience,gainThresh,insertRandActions,useUpdatedPosterior,revisedSplitting,haveControl,confidence_factor
"['diamond', 'square']","['x', 'y']",0.85,0.99,75000,0.5,0,0.01,False,True,False,False,250

Model Num 0
Model States: 
['diamond'],['square']
Iteration: ,0
Error:,0.5075286594592653
Absolute Error:,1
Transition Probabilities
0.5,0.5
0.5,0.5

0.5,0.5
0.5,0.5

Transition Gammas
1.0,1.0
1.0,1.0

1.0,1.0
1.0,1.0

Iteration: ,2500
Error:,0.08091509423653652
Absolute Error:,1
Transition Probabilities
0.46218487394957986,0.5378151260504201
0.10666666666666667,0.8933333333333333

0.10467289719626169,0.8953271028037383
0.8791946308724832,0.12080536912751678

Transition Gammas
220.0,256.0
80.0,670.0

56.0,479.0
655.0,90.0

Iteration: ,2614
Error:,0.07981573446876847
Absolute Error:,1
Transition Probabilities
0.46,0.54
0.10800508259212198,0.8919949174078781

0.10951526032315978,0.8904847396768402
0.8775773195876289,0.12242268041237113


Model Num 1
Model States: 
['square'],"['diamond', 'x', 'square']","['diamond', 'x', 'diamond']"
Iteration: ,0
Error:,0.5705333771015226
Absolute Error:,1
Transition Probabilities
0.3333333333333333,0.3333333333333333,0.3333333333333333
0.3333333333333333,0.3333333333333333,0.3333333333333333
0.3333333333333333,0.3333333333333333,0.3333333333333333

0.3333333333333333,0.3333333333333333,0.3333333333333333
0.3333333333333333,0.3333333333333333,0.3333333333333333
0.3333333333333333,0.3333333333333333,0.3333333333333333

Transition Gammas
1.0,1.0,1.0
1.0,1.0,1.0
1.0,1.0,1.0

1.0,1.0,1.0
1.0,1.0,1.0
1.0,1.0,1.0

Iteration: ,2500
Error:,0.09407451061195768
Absolute Error:,1
Transition Probabilities
0.8534246575342466,0.07450080996957882,0.07207453249617463
0.9959266802443992,0.002036659877800407,0.002036659877800407
0.0030211480362537743,0.8159573484002904,0.18102150356345567

0.11654676258992806,0.4554648883368507,0.4279883490732213
0.9188744379855434,0.057111919094940844,0.024013642919515847
0.7424390336424886,0.16601529419310776,0.09154567216440375

Transition Gammas
623.0,54.385591277792535,52.61440872220748
489.0,1.0,1.0
1.0,270.08188232049633,59.918117679503865

81.0,316.54809739411127,297.4519026058888
115.19852772326966,7.1600740244895,3.0105705363457584
29.0340569587021,6.492246890590384,3.5800141688453624

Iteration: ,5000
Error:,0.0820148581890033
Absolute Error:,1
Transition Probabilities
0.8710134656272147,0.06735788840073012,0.061628645972055154
0.9979529170931423,0.0010235414534288639,0.0010235414534288639
0.0015060240963855414,0.8491375512358721,0.14935642466774235

0.11064129668780831,0.4444170601399495,0.44494164317224216
0.9201717269593025,0.04854089666332521,0.0312873763773723
0.7458807319619541,0.1723009107014388,0.08181835733660707

Transition Gammas
1229.0,95.04198053343019,86.95801946656982
975.0,1.0,1.0
1.0,563.8273340206193,99.17266597938097

157.0,630.6278083385884,631.3721916614116
252.92836384690727,13.342476423707431,8.599987028878958
45.52333428825718,10.516040460518076,4.993619317867605

Iteration: ,7500
Error:,0.07801784707637167
Absolute Error:,1
Transition Probabilities
0.875176636834668,0.061752308923065845,0.06307105424226624
0.9986072423398329,0.0006963788300835655,0.0006963788300835655
0.0009671179883945837,0.8394326261848724,0.15960025582673312

0.10761904761904761,0.4310757309499316,0.46130522143102076
0.9196053378056873,0.047346669266369865,0.033047992927942714
0.7498562032075438,0.16618578974298148,0.0839580070494748

Transition Gammas
1858.0,131.10015184366878,133.89984815633122
1434.0,1.0,1.0
1.0,867.9733354751584,165.02666452484212

226.0,905.2590349948564,968.7409650051436
338.7280979226401,17.4397065395879,12.17292171373656
104.18346859291913,23.0895096049306,11.66495169760175

Iteration: ,10000
Error:,0.07420064698298977
Absolute Error:,1
Transition Probabilities
0.8843061866480252,0.058405175475264644,0.05728863787671019
0.9989406779661016,0.0005296610169491525,0.0005296610169491525
0.0007220216606498192,0.8327934603329501,0.16648451800640013

0.10724533715925394,0.42590301508666106,0.466851647754085
0.915368408360845,0.04881168847703489,0.03581990316212018
0.754927545377504,0.15666899651349378,0.08840345810900227

Transition Gammas
2530.0,167.09720703473215,163.90279296526785
1886.0,1.0,1.0
1.0,1153.4189425611362,230.58105743886426

299.0,1187.417606061611,1301.582393938389
417.78605648589945,22.27828997917483,16.348670053631185
166.96879340467876,34.650786650921674,19.552364758236603

Iteration: ,12500
Error:,0.07207474279645609
Absolute Error:,1
Transition Probabilities
0.8842281879194631,0.05992340333188366,0.05584840874865325
0.999154334038055,0.00042283298097251583,0.00042283298097251583
0.0005720823798627004,0.8351728111744301,0.16425510644570715

0.1074712643678161,0.4183086478457113,0.4742200877864726
0.9141279379164916,0.047107296305911664,0.0387647657775968
0.7752959436599814,0.1479078946365541,0.07679616170346448

Transition Gammas
3162.0,214.28609031481597,199.71390968518403
2363.0,1.0,1.0
1.0,1459.8820739329033,287.117926067096

374.0,1455.7140945030753,1650.2859054969247
498.61012673775696,25.69462545352093,21.14420091063087
225.98998317850535,43.113475433765956,22.385211006793433

Iteration: ,15000
Error:,0.0691010178473437
Absolute Error:,1
Transition Probabilities
0.8812323612417686,0.061750491659597166,0.05701714709863425
0.9992970123022847,0.000351493848857645,0.000351493848857645
0.00048285852245292106,0.8394546410402937,0.16006250043725334

0.10717680608365018,0.4211786698674102,0.47164452404893964
0.9130867465057318,0.04807959617567391,0.03883365731859424
0.7991732920104352,0.1341676740452225,0.06665903394434233

Transition Gammas
3747.0,262.56309053660715,242.43690946339282
2843.0,1.0,1.0
1.0,1738.510561594449,331.4894384055518

451.0,1772.319842802062,1984.680157197938
587.4375912881576,30.932178432805557,24.98377093243849
298.7355909576448,50.15265123848615,24.91753177578511

Iteration: ,17500
Error:,0.0711404740076013
Absolute Error:,1
Transition Probabilities
0.8804020100502512,0.06314385296707438,0.056454136982674354
0.9993961352657005,0.00030193236714975844,0.00030193236714975844
0.00041928721174004175,0.8439524274665204,0.15562828532173958

0.11029859841560025,0.41875680536550625,0.4709445962188935
0.9124984603849624,0.04774239556425253,0.03975914405078499
0.8016490758006027,0.1318067326915034,0.06654419150789377

Transition Gammas
4380.0,314.14066851119503,280.8593314888049
3310.0,1.0,1.0
1.0,2012.826539507652,371.1734604923491

543.0,2061.539752814387,2318.460247185613
661.3400155778928,34.60165468429213,28.815734039503866
372.93501213805575,61.317784726555196,30.957010513520775

Iteration: ,20000
Error:,0.07440291715601796
Absolute Error:,1
Transition Probabilities
0.8787293787293787,0.06418300902702116,0.0570876122436001
0.9994722955145119,0.0002638522427440633,0.0002638522427440633
0.00036456434560699945,0.8404939803489802,0.15914145530541288

0.11025869759143622,0.41794049063593613,0.47180081177262767
0.9079223999902744,0.05307519182210986,0.039002408187615675
0.8091154644756532,0.12699434535469645,0.06389019016965042

Transition Gammas
5007.0,365.7147854359666,325.28521456403337
3788.0,1.0,1.0
1.0,2305.4749880972536,436.52501190274774

618.0,2342.556450014422,2644.443549985578
745.8319513427751,43.5997326258283,32.03934852356152
432.93658864003305,67.95136302340556,34.18597492452667

Iteration: ,22500
Error:,0.07391945977781546
Absolute Error:,1
Transition Probabilities
0.8817541111981206,0.06265323031835522,0.05559265848352418
0.9995297437103221,0.00023512814483893723,0.00023512814483893723
0.00032393909944930326,0.8392696592626908,0.1604064016378599

0.11151476859895751,0.4147702132538242,0.47371501814721834
0.9029563963935574,0.05663737269595574,0.04040623091048684
0.8139469368174092,0.12437281345087406,0.06168024973171677

Transition Gammas
5630.0,400.04087558269805,354.9591244173019
4251.0,1.0,1.0
1.0,2590.8254381439287,495.174561856074

706.0,2625.910220109961,2999.089779890039
809.2054548801307,50.75690378704689,36.21098714678244
513.704637720872,78.49515513373,38.92812775591586

Iteration: ,25000
Error:,0.07347444882510407
Absolute Error:,1
Transition Probabilities
0.8817128321085359,0.06324210445540546,0.055045063436058646
0.9995788587070963,0.0002105706464518846,0.0002105706464518846
0.00029265437518290866,0.8425309567167244,0.15717638890809257

0.11262218444538886,0.41398381386860555,0.47339400168600554
0.9031734560421346,0.058328294967784675,0.03849824899008064
0.8184003073108942,0.12244938684134805,0.05915030584775784

Transition Gammas
6239.0,447.50113112644897,389.498868873551
4747.0,1.0,1.0
1.0,2878.9282791010505,537.0717208989529

795.0,2922.311742098487,3341.688257901513
882.866901426723,57.01686724649444,37.63267129790551
581.8539479903353,87.0572243511739,42.05379528197005

Iteration: ,26193
Error:,0.07229452716683567
Absolute Error:,1
Transition Probabilities
0.8821625994337334,0.0629684350406777,0.05486896552558899
0.9995978282726724,0.00020108586366378444,0.00020108586366378444
0.0002785515320334259,0.8408511314140837,0.15887031705388283

0.11229874171289406,0.41317106020274164,0.4745301980843643
0.9027318284227474,0.05891545570170928,0.03835271587554333
0.8216504437833392,0.1197653710530114,0.05858418516364949


Model Num 2
Model States: 
"['diamond', 'x', 'square']","['diamond', 'x', 'diamond']","['square', 'y', 'diamond', 'x', 'diamond']","['square', 'y', 'diamond', 'x', 'square']"
Iteration: ,0
Error:,0.5073556378262136
Absolute Error:,0.6
Transition Probabilities
0.25,0.25,0.25,0.25
0.25,0.25,0.25,0.25
0.25,0.25,0.25,0.25
0.25,0.25,0.25,0.25

0.25,0.25,0.25,0.25
0.25,0.25,0.25,0.25
0.25,0.25,0.25,0.25
0.25,0.25,0.25,0.25

Transition Gammas
1.0,1.0,1.0,1.0
1.0,1.0,1.0,1.0
1.0,1.0,1.0,1.0
1.0,1.0,1.0,1.0

1.0,1.0,1.0,1.0
1.0,1.0,1.0,1.0
1.0,1.0,1.0,1.0
1.0,1.0,1.0,1.0

Iteration: ,2500
Error:,0.05473597854490245
Absolute Error:,0.14168635804802082
Transition Probabilities
0.0016891891891891902,0.0016891891891891902,0.14452069172873536,0.8521009298928862
0.7913278150682478,0.2030855927529813,0.002793296089385476,0.002793296089385476
0.05293787721626029,0.09153501933926961,0.7129983758924205,0.1425287275520496
0.0825038129910198,0.061750178357512994,0.76751367569918,0.0882323329522871

0.06356596077769018,0.041290042624475595,0.2712395536231073,0.6239044429747269
0.07289323075020736,0.09014229695295385,0.5548511124248978,0.2821133598719411
0.0036680563396549095,0.9369901577365152,0.039333432020809696,0.020008353903020075
0.8653331656425072,0.002648858111250643,0.07637595536916136,0.055642020877080915

Transition Gammas
1.0,1.0,85.55624950341128,504.44375049658834
283.2953577944326,72.70464220556728,1.0,1.0
7.870823031425113,13.60946030106724,106.0088604500943,21.191223570857723
12.182838899133131,9.118275236614846,113.33410087291824,13.028734783074691

9.185745963139802,5.966712965797935,39.19609810431368,90.15875239396223
4.0870708614436,5.054213559589905,31.110101592319882,15.81789256546682
1.210579075120081,309.2375289568219,12.981324534816197,6.6034139936007845
439.8186978887822,1.3463222856105082,38.819236999352334,28.280900515222346

Iteration: ,5000
Error:,0.05229758659599486
Absolute Error:,0.12713757434290057
Transition Probabilities
0.0008084074373484236,0.0008084074373484236,0.12727724055312273,0.8711059445721804
0.8077224817470103,0.18937054150880356,0.0014534883720930235,0.0014534883720930235
0.06173577266022928,0.08614647107664615,0.7197477919986747,0.13236996426444997
0.07406425364460757,0.044443857635860326,0.8041433764880507,0.0773485122314815

0.07888029417216723,0.044739925618566066,0.24700386350251347,0.6293759167067533
0.044261233386932795,0.09628061103126034,0.6242689216941733,0.23518923388763366
0.0018970127071324795,0.936601593440865,0.04278261391061332,0.01871877994138919
0.8775059451503042,0.0013153108496794898,0.07622035304693965,0.04495839095307683

Transition Gammas
1.0,1.0,157.4419465642128,1077.558053435787
555.713067441943,130.28693255805683,1.0,1.0
19.922213231781345,27.79957700375617,232.26353809836888,42.715957700461296
22.46861084737903,13.482776003767446,243.9501338730212,23.464944766636798

21.6558667838907,12.282939348604936,67.81266245586808,172.78942925139023
4.825053684890233,10.49584662448691,68.05348225727916,25.63870440969374
1.2336829076937206,609.0994397677512,27.822786494543656,12.17337067893409
921.8066875907933,1.3817141002817992,80.06832495837469,47.228107881102794

Iteration: ,7500
Error:,0.046878499522446354
Absolute Error:,0.11454009878859092
Transition Probabilities
0.0005405405405405408,0.0005405405405405408,0.1320331746925793,0.8668857442263396
0.8187309370964547,0.17932542830684953,0.000971817298347911,0.000971817298347911
0.0709469043416333,0.0688110539624697,0.7367176484738326,0.12352439322206439
0.0771595886313139,0.0410940033371614,0.8070666895982761,0.07467971843324858

0.08225014607132008,0.046732743593576286,0.2148637165154136,0.65615339381969
0.03800111084374228,0.08544499434625867,0.6801581653882012,0.19639572942179784
0.0012510234379338344,0.9340251512797265,0.04676434186226175,0.01795948342007782
0.876729616996459,0.0009044165810879589,0.08324542986125327,0.03912053656119972

Transition Gammas
1.0,1.0,244.26137318127158,1603.7386268187274
842.4741342722515,184.52586572774808,1.0,1.0
35.53792077777696,34.468054766394715,369.0282707893899,61.87444175591262
35.58220423898274,18.950531562928784,372.1794308803657,34.43861017065049

34.59949331200861,19.65867936593933,90.3849546494678,276.01865826998585
6.244212050733547,14.040028081432434,111.76125430083835,32.271071901313604
1.2536344875952077,935.9745840249602,46.86194516471104,17.996967212691555
1359.4545621264472,1.4023858934239648,129.08013737320226,60.66019770514065

Iteration: ,10000
Error:,0.04091907813020421
Absolute Error:,0.10737663104275559
Transition Probabilities
0.00040551500405515005,0.00040551500405515005,0.12885541757146762,0.8703335524204221
0.8228386532641015,0.17569828894511574,0.0007315288953913684,0.0007315288953913684
0.06885405084949328,0.06097329636587553,0.744504689942416,0.12566796284221524
0.07178758278615296,0.04549903162595273,0.8047423031433456,0.07797108244454865

0.08290193593852936,0.04856117945903278,0.20106121303479116,0.6674756715676466
0.03415297575817218,0.06849600513027013,0.7166106336172123,0.18074038549434532
0.0009505217294180088,0.9334399895576341,0.04877300436333243,0.016836484349615405
0.8817199620329133,0.0006857384936409339,0.08051232292827018,0.03708197654517545

Transition Gammas
1.0,1.0,317.7574597312392,2146.242540268761
1124.820439012026,240.17956098797305,1.0,1.0
47.626462799905724,42.1753316664646,514.9751464500621,86.92474129848158
45.75141900420948,28.997288659317675,512.875637715797,49.69226605329296

47.77155235538497,27.982976521640715,115.85985485611236,384.6273145404332
7.0005358385099665,14.040028081432434,146.8878863855439,37.04741733424248
1.2613703741006137,1238.7024014166407,64.7232155307547,22.342511386474726
1823.7493479507077,1.4183813279659763,166.53166851738857,76.70035096978184

Iteration: ,12500
Error:,0.044309876924994954
Absolute Error:,0.1040407734951663
Transition Probabilities
0.00032509752925877753,0.00032509752925877753,0.12865691186865122,0.8706928930728312
0.8275447955911496,0.17129106005495054,0.000582072176949942,0.000582072176949942
0.07228541987981493,0.058598112939253884,0.7520292851913928,0.11708718198953837
0.07446327900301994,0.04476662139219773,0.8085347001724438,0.07223539943233852

0.08073877324705858,0.04799709407868457,0.1932163849484366,0.6780477477258203
0.04435507292711887,0.06813388753672905,0.712393461924588,0.1751175776115641
0.0007597199711859477,0.9335451955667428,0.05045003375020171,0.015245050711869537
0.8849944505958275,0.0005540364640387046,0.08081962646437166,0.033631886475762186

Transition Gammas
1.0,1.0,395.74866090797127,2678.2513390920294
1421.7219588255946,294.27804117440496,1.0,1.0
61.467504433308534,49.8285791638999,639.4839166506358,99.56443346378441
59.220365566467386,35.602725524806274,643.024604321337,57.44854132799318

61.13712425629346,36.34442519519517,146.30757515720305,513.4322424935236
10.723453489863404,16.472311414845795,172.23099075912882,42.33710091877717
1.2680338916167493,1558.1622074337697,84.20517434680794,25.445218916504096
2289.2684198878164,1.4331594731878856,209.06099292199107,86.99762530531005

Iteration: ,15000
Error:,0.03923835161238375
Absolute Error:,0.10092063693540557
Transition Probabilities
0.00026983270372369104,0.00026983270372369104,0.12782591683048825,0.8716344177620644
0.8235767873752382,0.17544665012476182,0.0004882812500000001,0.0004882812500000001
0.07110189687112349,0.05377116802904463,0.7610722697185149,0.11405466538131684
0.07275434354492256,0.04237358382899261,0.8062478070896019,0.07862426553648293

0.08076574983897149,0.04532633679052735,0.18572321795460717,0.688184695415894
0.042805065145787614,0.06052499543523439,0.7322361180505937,0.1644338213683842
0.0006376996475421082,0.9292696861238933,0.05276442932311343,0.017328184905451245
0.8866152905430015,0.0004606911739797723,0.0820545808158343,0.030869437467184502

Transition Gammas
1.0,1.0,473.72284777378985,3230.2771522262137
1686.6852605444874,359.31473945551215,1.0,1.0
73.92582551826892,55.9067783076694,791.2995052717616,118.58453379670779
69.17705114898934,40.29009723789583,766.6050310159146,74.75835219667209

73.29358296596611,41.13290141827951,168.540750392364,624.5162357798679
12.087913470167399,17.091923703692526,206.77942679402491,46.43520100951404
1.2736807257903828,1856.0350359910265,105.3866610954036,34.609671201908185
2777.1122543500933,1.443005910654442,257.016526039894,96.69119627128077

Iteration: ,17500
Error:,0.03597044773514259
Absolute Error:,0.09805687622379475
Transition Probabilities
0.0002315350775642507,0.0002315350775642507,0.12813386058949977,0.8714030692553717
0.8243731980941624,0.17478256383070032,0.00042211903756859444,0.00042211903756859444
0.06870177787658024,0.05207911234862424,0.764144525604347,0.1150745841704486
0.07457409575565238,0.042228779576055225,0.8057607861783644,0.07743633848992793

0.07984780710089245,0.04313373521398564,0.17746293669052632,0.6995555209945955
0.0436830484031387,0.05444087776663246,0.7423771022202119,0.15949897161001697
0.0005511656229138906,0.9245144562758297,0.05680290050640399,0.01813147759485253
0.8878999457605022,0.00039429277440210806,0.08180171176274871,0.029904049702346943

Transition Gammas
1.0,1.0,553.4101438860502,3763.589856113955
1952.9401062850704,414.059893714929,1.0,1.0
85.04433493061313,64.46752340852075,945.9167576075743,142.44815462816084
82.39873752114157,46.659608659911655,890.304747947378,85.56129933826544

86.3664234102351,46.65508764754059,191.9506582124587,756.6658436698827
13.714461652357341,17.091923703692526,233.07215664133273,50.07531776511364
1.2769631289792163,2141.9530242671626,131.60329046335505,42.00775120939773
3271.0438630933304,1.4525836679327258,301.35939137025645,110.16720828461983

Iteration: ,20000
Error:,0.03573078605187536
Absolute Error:,0.09626107170201188
Transition Probabilities
0.00020271639975674014,0.00020271639975674014,0.1281811820747239,0.8714133851257626
0.8251386820683234,0.1741216729612624,0.0003698224852071008,0.0003698224852071008
0.06556629596411714,0.05125669658884131,0.7641420075623798,0.1190349998846618
0.07498688386962413,0.03964563878459616,0.8086161115782237,0.07675136576755603

0.08144482924914673,0.048807282556900894,0.16675181338978792,0.7029960748041646
0.03981737446290308,0.05252216071385861,0.7523815760173572,0.15527888880588112
0.00048695255911633496,0.9268761998535869,0.05482303527072037,0.0178138123165763
0.8878110509830652,0.0003458009527411329,0.08326811311349894,0.028575034950694578

Transition Gammas
1.0,1.0,632.3177711746135,4298.682228825391
2231.1749963127454,470.82500368725334,1.0,1.0
93.7756793470376,73.3094873368191,1092.9080989413826,170.24887278012042
94.78346251437371,50.11210926075527,1022.0912104248689,97.01376860524553

102.17545006527871,61.23048089964314,209.1961115196451,881.9337089836478
14.056997706336531,18.54225454705482,265.6183696446253,54.819159053803965
1.2809780719055905,2438.241806426108,144.21755200247756,46.86103918621033
3752.2757976853018,1.4615052880343364,351.9272768780437,120.77053100969802

Iteration: ,22500
Error:,0.03539339783392384
Absolute Error:,0.09367589546829455
Transition Probabilities
0.0001813565469713454,0.0001813565469713454,0.12766515174328713,0.8719721351627702
0.8240479459840332,0.17529350939956903,0.0003292723081988808,0.0003292723081988808
0.0654522128840895,0.04960874126033808,0.7685847280909838,0.1163543177645887
0.07470551796696988,0.0392807023407273,0.8150389066425104,0.07097487304979236

0.07974366621503307,0.05046149911004128,0.16097661559800872,0.7088182190769169
0.042217674116040424,0.04646038643462271,0.7592347663123575,0.15208717313697945
0.00043219717885445685,0.9251178476682407,0.05590077788636858,0.018549177266536127
0.8882047954141192,0.0003109465995197059,0.0844970707464986,0.02698718723986233

Transition Gammas
1.0,1.0,703.9456467124862,4808.054353287522
2502.6336119535067,532.3663880464907,1.0,1.0
107.93012668985833,81.8043805277398,1267.3894956256702,191.8672525172452
106.53467346581263,56.016702798679525,1162.2957198353618,101.2145438571253

113.08459067239318,71.55951365700555,228.28113562825172,1005.1759841252067
17.286654968829076,19.023896669585554,310.87997433270846,62.27435646921692
1.2860621082257975,2752.8153068536876,166.34044778023627,55.19562641404661
4194.7090270300605,1.4685019881270471,399.05281670167057,127.45191031807106

Iteration: ,25000
Error:,0.034933592518921364
Absolute Error:,0.09294067788095904
Transition Probabilities
0.00016268098259313466,0.00016268098259313466,0.12534900136767424,0.8743256366671395
0.8250139148455232,0.17438566486027074,0.0003002101471029724,0.0003002101471029724
0.06498634340159382,0.0476763954503459,0.7682143597808411,0.11912290136721929
0.07487775363738287,0.039699625026020584,0.816901035655913,0.06852158568068356

0.08221785152476678,0.05067447936349354,0.15287456738166524,0.7142331017300745
0.040632004381544296,0.04519640987491621,0.7637147382283112,0.15045684751522825
0.00039228125792201943,0.9231525639735442,0.05796980091491392,0.018485353853619865
0.8911932679102088,0.00027828388190903716,0.08341715748188763,0.0251112907259946

Transition Gammas
1.0,1.0,770.5203114070946,5374.479688592914
2748.121350350435,580.8786496495612,1.0,1.0
118.83498994465685,87.18176277325965,1404.7681549914425,217.8299015636672
118.49496622748258,62.82514496206049,1292.7559378987035,108.43625224665519

131.00887019295791,80.7465309042747,243.59581261833506,1138.0846127301484
18.57669467169315,20.663511910930374,349.16553402380254,68.78791632601367
1.2897283978010237,3035.108237305045,190.5910541096986,60.775490357873366
4723.224623014312,1.4748734427751558,442.10160285906807,133.08703167250437

Iteration: ,27500
Error:,0.03604166296698862
Absolute Error:,0.09296225698601988
Transition Probabilities
0.00014718869590815413,0.00014718869590815413,0.12750580504262493,0.8721998175655588
0.8224003466221724,0.1770566178089979,0.0002715177844148795,0.0002715177844148795
0.06600360654025017,0.05036046735109124,0.7653257944599962,0.11831013164866233
0.07287699368544048,0.039559165313950415,0.8155684898183372,0.07199535118227181

0.08100922126787075,0.05338359807716686,0.14780701454995596,0.7178001661050064
0.04757491212996419,0.043480565737698096,0.7613716725544274,0.14757284957791023
0.00035816702391457296,0.9240926353011919,0.05741971277454863,0.018129484900344797
0.8931951579080748,0.0002533287785166583,0.08290907560654226,0.023642437706866345

Transition Gammas
1.0,1.0,866.2744394595946,5925.725560540412
3028.900476609457,652.0995233905385,1.0,1.0
131.41357736581617,100.26799321012079,1523.76825710261,235.55618326841287
126.98899362106097,68.93229725406972,1421.1374058336085,125.45272149251801

141.86368342659446,93.48557780539213,258.84025537054924,1257.014620485736
23.846828318395772,21.794545484416187,381.6360083292694,73.97059186840622
1.2925500757099087,3334.8575551902613,207.21576565821948,65.42552919699112
5218.468041240814,1.4800663918867878,484.393984395163,138.1302893303486

Iteration: ,30000
Error:,0.03610752309586894
Absolute Error:,0.09099848475841402
Transition Probabilities
0.00013542795232936058,0.00013542795232936058,0.12748338589969554,0.8722457581956456
0.8244029367336418,0.1751015231276069,0.00024777006937561953,0.00024777006937561953
0.06506589972574364,0.05253175442341722,0.7645066588711806,0.11789568697965856
0.07030503361283394,0.04043585431666961,0.8198903445152003,0.06936876755529617

0.07969188532729032,0.05293936465153993,0.14552370407109078,0.721845045950079
0.04910070407866707,0.04511861500224608,0.7637858213567225,0.14199485956236435
0.0003277815866445685,0.9248593899863615,0.05626644046760862,0.018546387959385267
0.8921389317016317,0.00023425301052534277,0.08457549277952738,0.023051322508315618

Transition Gammas
1.0,1.0,941.3373214833532,6440.662678516657
3327.290252656977,706.7097473430211,1.0,1.0
143.14165056350592,115.56717215714721,1681.8755366309697,259.36447970010585
134.51762455744785,77.36764766493886,1568.731225549678,132.72622670808025

152.5717308262553,101.35348737899359,278.60808305875014,1381.986981442971
26.874777835447947,24.69522132484641,418.0505075841732,77.71946199386899
1.2952054079001185,3654.515483069127,222.33280009093627,73.28472056014891
5654.40397487824,1.4847027820154366,536.0420732202542,146.0999906915974

Iteration: ,32500
Error:,0.03577088866866229
Absolute Error:,0.08976404034612678
Transition Probabilities
0.00012510947078693842,0.00012510947078693842,0.12684125305961194,0.8729085279988141
0.8238946509468856,0.17564652822264867,0.00022941041523285167,0.00022941041523285167
0.06737461802564555,0.05214880633344433,0.7649153306149441,0.11556124502596594
0.06956815919640058,0.03938040986261442,0.8236191848481789,0.06743224609280608

0.07852383051385435,0.053416831758910245,0.14166395272255783,0.7263953850046775
0.04784876297040964,0.04677233954190469,0.7670095748929824,0.13836932259470328
0.00030292517624749794,0.9228267199156264,0.05817441043017659,0.018695944477949488
0.8912127424562336,0.00021709364142042883,0.0864431284216146,0.02212703548073124

Transition Gammas
1.0,1.0,1013.8421357054794,6977.15786429453
3591.356783477473,765.6432165225252,1.0,1.0
163.7096377905455,126.71332983005324,1858.6229560179834,280.7955001485011
144.10185068012225,81.5716558738281,1706.025431220796,139.67757045371928

161.86742196479997,110.11236703253692,292.02318152956065,1497.3766247571211
28.618425520510378,27.97461485948552,458.7497153514233,82.7589243100988
1.2979750934654386,3954.131884555709,249.26596313576934,80.10846302640907
6109.993624840434,1.4883548022624409,592.638478340951,151.69895950015018

Iteration: ,35000
Error:,0.036031687216521446
Absolute Error:,0.08867082957893044
Transition Probabilities
0.00011617100371747192,0.00011617100371747192,0.12517047833888553,0.8745971796536794
0.8276172430747732,0.1719551323795779,0.00021381227282446012,0.00021381227282446012
0.06696533212706329,0.052246900484003,0.7656683738894385,0.11511939349949506
0.0688458248462212,0.03921867468479077,0.8267394887467389,0.06519601172224916

0.0772167765163911,0.05519732685459792,0.1387542896947642,0.7288316069342469
0.04615333818975473,0.046369974752556664,0.7691574051515919,0.1383192819060967
0.0002820908487038529,0.9223019721293394,0.059081344848698966,0.01833459217325782
0.8910142379494379,0.0002019707949768839,0.08738515368094289,0.021398637574642446

Transition Gammas
1.0,1.0,1077.4674775411286,7528.532522458885
3870.7658458607143,804.2341541392859,1.0,1.0
177.25806827283319,138.2981963781603,2026.73372299147,304.7224685415075
154.00309571698762,87.72931873306973,1849.3560198148423,145.83872959695506

171.59548503219872,122.66261946437201,308.347624889743,1619.6507901638586
29.5210144058683,29.659581437900087,491.97539611340284,88.47302652239507
1.300143026189398,4250.845011861993,272.30305001339707,84.50324518365808
6583.830384203461,1.492390805954769,645.701275500301,158.11756338340751

Iteration: ,37500
Error:,0.03515886488167001
Absolute Error:,0.08835030910735917
Transition Probabilities
0.00010851871947910998,0.00010851871947910998,0.12574749500465648,0.8740354675563852
0.827320625882084,0.17228088836378178,0.00019924287706714493,0.00019924287706714493
0.06660373991811461,0.05301146052757922,0.766423117647739,0.11396168190656723
0.06859992893028731,0.03880536307077549,0.8283092557775908,0.06428545222134638

0.07844714374483269,0.05454502085527705,0.13709622930354823,0.7299116060963421
0.04580589294462219,0.04587459621037013,0.7707312054056061,0.1375883054394017
0.0002636631509248481,0.9213853679612078,0.059973736929772425,0.018377231958094955
0.891512070956189,0.00018911850002249764,0.08772848323992641,0.02057032730386221

Transition Gammas
1.0,1.0,1158.7631664679113,8054.2368335321025
4152.322221302178,864.6777786978204,1.0,1.0
190.31461636914202,151.4758148097661,2189.989958385211,325.6359747890338
163.96085525710072,92.74879168041748,1979.7439459839625,153.64881409006574

187.75349479157575,130.5467324899541,328.1227963916013,1746.9527683415154
30.793292159646985,30.83947835095333,518.1287746819947,92.49458125984773
1.3017096924916849,4548.896043258544,296.0914120255018,90.72872290689791
7055.689163871287,1.4967395223994695,694.3090606669206,162.79963018277368

Iteration: ,40000
Error:,0.03410031440967005
Absolute Error:,0.08708888437040573
Transition Probabilities
0.00010175010175010168,0.00010175010175010168,0.1248846595657151,0.8749118402307847
0.8288987296252313,0.17072624693580374,0.00018751171948246773,0.00018751171948246773
0.06639603518250368,0.0517938889755188,0.7678840559958179,0.11392601984615966
0.06840201538805996,0.038516823732784505,0.829867295486491,0.0632138653926647

0.07782633728314405,0.053734141267780186,0.13424345645588895,0.7341960649931867
0.04823555100415695,0.04610647460626639,0.7704479954762532,0.1352099789133235
0.0002473263462276141,0.9205870584532992,0.060732013636151674,0.018433601564321514
0.891702707272365,0.0001776188778590221,0.08842081016408286,0.019698863685693006

Transition Gammas
1.0,1.0,1227.3664342118489,8598.63356578816
4420.516925091357,910.483074908641,1.0,1.0
203.59374116482306,158.8183932521937,2354.604266825317,349.3374948179081
174.87262777634905,98.46987901655025,2121.590626300559,161.60890421724773

198.88176840335464,137.31522530852007,343.0532252776133,1876.2056247025068
34.500901255449406,32.978060673352616,551.0696915661723,96.71012425747872
1.3035018900056385,4851.836405266184,320.0803139901526,97.15194052392152
7532.397734017367,1.500383504718186,746.9089245643455,166.4003876838173

Iteration: ,42500
Error:,0.03582144410065143
Absolute Error:,0.08648461959697114
Transition Probabilities
9.560229445506676e-05,9.560229445506676e-05,0.12453213629553331,0.8752766591155565
0.8284468102552229,0.17120082892730007,0.00017618040873854844,0.00017618040873854844
0.0671670501833885,0.05141646293776238,0.7695361020805593,0.11188038479828968
0.070579536911487,0.03796823577575629,0.8301784819074766,0.06127374540528014

0.07568264885466469,0.054753611372546446,0.133384280027064,0.736179459745725
0.04653536443576744,0.0457815559714817,0.7752339507304927,0.132449128862258
0.00023289824258382848,0.9211652591891654,0.06056659380821219,0.018035248760038564
0.8910528573405236,0.00016714400174911044,0.08949577274673713,0.019284225910990112

Transition Gammas
1.0,1.0,1302.6061456512807,9155.393854348737
4702.264095008641,971.7359049913542,1.0,1.0
218.33243743775392,167.13376048195042,2501.4451640329667,363.6770864254158
190.52606994109567,102.49342885351818,2241.026938244955,165.40553272940616

205.23244457011947,148.4781212218023,361.70485932314807,1996.3348594743682
35.320541471958016,34.74839761002549,588.4058981646323,100.52945766356592
1.3052623294986707,5162.607921481946,339.44134763254795,101.07732264721916
8014.596970990387,1.5033808590613114,804.9719421957159,173.4524470696479

Iteration: ,45000
Error:,0.03625140178658863
Absolute Error:,0.08627669393044402
Transition Probabilities
9.027715085311908e-05,9.027715085311908e-05,0.12325102078537407,0.8765684249129196
0.8286882668401863,0.17097923108167581,0.0001662510390689944,0.0001662510390689944
0.06608020129148136,0.05141685571270368,0.7703386485793282,0.1121642944164867
0.0706832733134081,0.03832696143758544,0.8296408161362988,0.06134894911270764

0.07699261003783546,0.054735344449218085,0.13201505075312547,0.736256994759821
0.04449057792130416,0.04573409604567861,0.7789503258909567,0.13082500014206055
0.00022035415491766772,0.9223691450672006,0.05990025044440973,0.017510250333472022
0.8915391210211124,0.00015790073145271395,0.08934477890183296,0.018958199345602

Transition Gammas
1.0,1.0,1365.2515572395887,9709.74844276041
4984.559925043714,1028.4400749562787,1.0,1.0
225.82932831952218,175.7172914574419,2632.635134083113,383.32188423242144
202.3842118155374,109.73985100317678,2375.4729343001927,175.65766453449766

222.41445270108903,158.11818398020222,381.36199366580615,2126.882001485371
35.78340967764186,36.783561183085816,626.5034066132374,105.22148272475582
1.3069021124358862,5470.4944619011385,355.26338893172834,103.85183414692645
8507.615008570794,1.5067859627212072,852.582869332857,180.91080636303465

Iteration: ,47500
Error:,0.035660437227393434
Absolute Error:,0.08567948024910599
Transition Probabilities
8.544087491455912e-05,8.544087491455912e-05,0.12393159573275897,0.8758975225174118
0.830892940771397,0.16879110346241022,0.00015797788309636669,0.00015797788309636669
0.06653772767633748,0.052722234348286545,0.7697845460980961,0.11095549187727984
0.07186853453525338,0.038054045004498264,0.8302169930994443,0.059860427360803894

0.07698874080641695,0.0541819617756382,0.12940572019215332,0.7394235772257916
0.04639994649915743,0.04814543139363368,0.7753609249423151,0.13009369716489375
0.00020895957382619548,0.9226237338647189,0.06009869871702673,0.017068607844428308
0.8912586615896924,0.000149896653610076,0.09021999037176552,0.018371451384932024

Transition Gammas
1.0,1.0,1450.4953964562112,10251.50460354379
5259.552315082937,1068.4476849170555,1.0,1.0
241.57835882405604,191.41848229851385,2794.8547957496944,402.8458224575273
217.0521099316091,114.92805318866151,2507.3608529601725,180.7860998431377

234.39209143794474,164.95689117367792,393.9754967046321,2251.173832811073
39.751522504828685,41.24690530803668,664.2632068071224,111.45320028936993
1.3088534120082198,5779.008829109782,376.4383006373335,106.91209407802516
8974.440473050605,1.5093694489697078,908.4612222746139,184.9895030063878

Iteration: ,50000
Error:,0.036472212063258555
Absolute Error:,0.08586057950036718
Transition Probabilities
8.141333550435564e-05,8.141333550435564e-05,0.12423012146958297,0.8756070518594083
0.8299754726699629,0.16972597530734726,0.00014927601134497704,0.00014927601134497704
0.06669270023324265,0.05292368652895029,0.769427821062428,0.11095579217537904
0.06984137286588586,0.038955453947985275,0.8319527654247953,0.059250407761333605

0.07721950116251192,0.056930901201646386,0.12846697829330508,0.7373826193425367
0.045353345377681105,0.047134512992632195,0.7767405117277437,0.13077162990194302
0.0001983107884891136,0.9212474161564095,0.061153190165164406,0.01740108288993697
0.8904076415485337,0.0001432869363934634,0.09146026937229366,0.017988802142779117

Transition Gammas
1.0,1.0,1525.9185820108871,10755.08141798911
5560.005691416074,1136.994308583918,1.0,1.0
257.2301460902275,204.12380320282296,2967.6415878438447,427.9505032936642
222.5445170523852,124.12875534474725,2650.9577173889224,188.7971676290392

247.67174294448512,182.59863526361804,412.0415173072997,2365.0611024433483
40.57225081079834,42.165649899841725,694.857470695741,116.98584356093657
1.3101145114316335,6086.101607082587,404.0006217821995,114.95799791034874
9396.257517880598,1.512072550230661,965.1582079666555,189.83149906237824

Iteration: ,52500
Error:,0.034980258219334745
Absolute Error:,0.08530066969428182
Transition Probabilities
7.757951900698216e-05,7.757951900698216e-05,0.1240855563864735,0.8757592845755124
0.8311532311622989,0.1685620713288043,0.00014234875444839868,0.00014234875444839868
0.06698381557530955,0.05252754681552468,0.7696263540486588,0.11086228356050697
0.06800266220123181,0.03888156727635605,0.8333683036779995,0.05974746684441267

0.07720246145713293,0.05624080636075406,0.1269550193201919,0.7396017128619211
0.045235972982348736,0.04896059273183098,0.7749023625794731,0.1309010717063472
0.00018890667656765444,0.92090825772838,0.0616326554907711,0.017270180104281222
0.8898734389769928,0.0001367154215992773,0.09216095922590868,0.017828886375499377

Transition Gammas
1.0,1.0,1599.4628218216433,11288.537178178354
5838.851448915145,1184.1485510848493,1.0,1.0
272.43101586213623,213.63567925763348,3130.16043751669,450.88987946989675
227.9129876257029,130.31275356986757,2793.0591793857207,200.24544967492542

260.0006425797556,189.40647120583017,427.5561423686376,2490.813336359246
42.45404480607996,45.949607370674975,727.2473089972666,122.85089933963893
1.311565295892473,6393.798956622773,427.9110378951692,119.90560254484049
9860.147393371279,1.5148605957555974,1021.1796442948272,197.55106717668644

Iteration: ,55000
Error:,0.03568492159848564
Absolute Error:,0.08482940758235125
Transition Probabilities
7.396449704142017e-05,7.396449704142017e-05,0.12432942801823851,0.8755226429876787
0.8323256346623602,0.16740188577360704,0.00013623978201634883,0.00013623978201634883
0.06714797615644473,0.05261264988603233,0.7688673181163934,0.11137205584112965
0.06878938612832837,0.04011241840290018,0.8306053389500656,0.06049285651870584

0.07618924660424602,0.05558620000085646,0.12493616458281206,0.7432883888120855
0.04410791295728091,0.04869088931085323,0.7783128117933816,0.1288883859384843
0.00018089999308507274,0.9197227436622445,0.06306772519927165,0.017028631145398775
0.88952630533713,0.00013035763492081072,0.09304960802359992,0.01729372900434924

Transition Gammas
1.0,1.0,1680.9338668065834,11837.066133193406
6109.270158421721,1228.729841578275,1.0,1.0
287.2179521701111,225.04472098015546,3288.743894312008,476.3815030424319
240.7904727267134,140.40957091007502,2907.4522026117475,211.74928775429083

269.4333092630716,196.57332869275353,441.8204112850072,2628.5422058930817
42.85691620673373,47.30990934092983,756.238160485219,125.23282979941972
1.3125127665278848,6673.012099868118,457.5853932785303,123.55056179753123
10358.450993685929,1.5180025198560658,1083.5540207311196,201.3838638776894

Iteration: ,56558
Error:,0.035784365463002184
Absolute Error:,0.08453381610906713
Transition Probabilities
7.189072609633363e-05,7.189072609633363e-05,0.12389701407640133,0.875959204471406
0.8328529764717216,0.16688166595895365,0.0001326787846623326,0.0001326787846623326
0.06688651779167279,0.05153915613215725,0.7691051136910481,0.11246921238512175
0.06911986010076668,0.04024896385748976,0.8309541271860735,0.0596770488556701

0.07539464186975028,0.05578434429513182,0.1236765547265538,0.745144459108564
0.04495592703394107,0.04862163386173823,0.7771381799511569,0.1292842591531639
0.00017603311330032374,0.9200518387184643,0.06289944525154718,0.016872682916688204
0.8890691816425823,0.00012671727352609678,0.09368058344319392,0.017123517640697798

*,*,*,*,*,*,*,*,*,*,*
Model Num 2
Model States: 
"['diamond', 'x', 'square']","['diamond', 'x', 'diamond']","['square', 'y', 'diamond', 'x', 'diamond']","['square', 'y', 'diamond', 'x', 'square']"
Iteration: ,56558
Error:,0.03553442145588235
Absolute Error:,0.08453381610906713
Transition Probabilities
7.189072609633363e-05,7.189072609633363e-05,0.12389701407640133,0.875959204471406
0.8328529764717216,0.16688166595895365,0.0001326787846623326,0.0001326787846623326
