0,1,2,3,4,5,6,7,8,9,10,11,12,13,14,15,16,17,18,19,20,21,22,23,24,25,26,27,28,29
github Code Version (SHA):,528ca1c557fe8e6666681dc5c9134b0f84d30530
Environment Observations,Environment Actions,alpha,epsilon,numActions,explore,patience,gainThresh,insertRandActions,useUpdatedPosterior,revisedSplitting,haveControl,confidence_factor
"['diamond', 'square']","['x', 'y']",0.65,0.99,75000,0.5,0,0.01,False,True,False,False,250

Model Num 0
Model States: 
['diamond'],['square']
Iteration: ,0
Error:,0.31119468769426983
Absolute Error:,1
Transition Probabilities
0.5,0.5
0.5,0.5

0.5,0.5
0.5,0.5

Transition Gammas
1.0,1.0
1.0,1.0

1.0,1.0
1.0,1.0

Iteration: ,2320
Error:,0.037105674806131334
Absolute Error:,1
Transition Probabilities
0.456,0.544
0.24300441826215022,0.7569955817378498

0.25393700787401574,0.7460629921259843
0.7621283255086072,0.2378716744913928


Model Num 1
Model States: 
['diamond'],"['square', 'y', 'diamond']","['square', 'y', 'square']"
Iteration: ,0
Error:,0.2851071571621809
Absolute Error:,1
Transition Probabilities
0.3333333333333333,0.3333333333333333,0.3333333333333333
0.3333333333333333,0.3333333333333333,0.3333333333333333
0.3333333333333333,0.3333333333333333,0.3333333333333333

0.3333333333333333,0.3333333333333333,0.3333333333333333
0.3333333333333333,0.3333333333333333,0.3333333333333333
0.3333333333333333,0.3333333333333333,0.3333333333333333

Transition Gammas
1.0,1.0,1.0
1.0,1.0,1.0
1.0,1.0,1.0

1.0,1.0,1.0
1.0,1.0,1.0
1.0,1.0,1.0

Iteration: ,2500
Error:,0.059642252471477
Absolute Error:,1
Transition Probabilities
0.460093896713615,0.45560050570607064,0.08430559758031425
0.2387629119134366,0.6244986703549639,0.13673841773159962
0.3333333333333333,0.3333333333333333,0.3333333333333333

0.252818035426731,0.6419116877741728,0.10527027679909619
0.9972565157750343,0.0013717421124828531,0.0013717421124828531
0.004830917874396136,0.7238755757987507,0.2712935063268532

Transition Gammas
294.0,291.12872314617914,53.8712768538208
60.39936195049795,157.97814210797233,34.590435838307826
1.0,1.0,1.0

157.0,398.6271581077615,65.37284189223875
727.0,1.0,1.0
1.0,149.84224419034138,56.1577558096586

Iteration: ,5000
Error:,0.04697816937661212
Absolute Error:,1
Transition Probabilities
0.45534290271132366,0.45330834389980285,0.0913487533888735
0.22917468551762413,0.6482022740516344,0.12262304043074139
0.3333333333333333,0.3333333333333333,0.3333333333333333

0.233682514101531,0.6421597219069807,0.12415776399148828
0.9986504723346828,0.0006747638326585695,0.0006747638326585695
0.0023696682464454982,0.7724272462383854,0.225203085515169

Transition Gammas
571.0,568.4486632503529,114.55133674964739
114.13631285717192,322.8254350116611,61.07019051641474
1.0,1.0,1.0

290.0,796.920214886563,154.07978511343697
1480.0,1.0,1.0
1.0,325.96429791259857,95.03570208740129

Iteration: ,7500
Error:,0.04644447146525557
Absolute Error:,1
Transition Probabilities
0.4696485623003194,0.44111383123188413,0.0892376064677964
0.22699443836443403,0.656016736366829,0.11698882526873705
0.3333333333333333,0.3333333333333333,0.3333333333333333

0.23863028357410376,0.6296278680961082,0.13174184832978802
0.9990871748060246,0.00045641259698767686,0.00045641259698767686
0.001557632398753894,0.7799795411343556,0.21846282646689055

Transition Gammas
882.0,828.4117750534786,167.58822494652165
172.48617636699282,498.48718454943906,88.8962535543442
1.0,1.0,1.0

446.0,1176.7744854716263,246.22551452837385
2189.0,1.0,1.0
1.0,500.7468654082563,140.25313459174373

Iteration: ,10000
Error:,0.046177882699046914
Absolute Error:,1
Transition Probabilities
0.4667740636327023,0.44528899716357634,0.08793693920372148
0.22687124875174516,0.6589425144655708,0.114186236782684
0.3333333333333333,0.3333333333333333,0.3333333333333333

0.2397590361445784,0.6210453970141224,0.13919556684129936
0.9993117687543015,0.00034411562284927734,0.00034411562284927734
0.001149425287356322,0.7843136651208336,0.21453690959181013

Transition Gammas
1159.0,1105.6525799571602,218.34742004284047
233.51402463729852,678.2363098192852,117.52960260949314
1.0,1.0,1.0

597.0,1546.4030385651643,346.5969614348353
2904.0,1.0,1.0
1.0,682.3528886551251,186.6471113448748

Iteration: ,12500
Error:,0.0441596063880318
Absolute Error:,1
Transition Probabilities
0.46193715581470685,0.44579812556028914,0.09226471862500406
0.21962628056557046,0.6674331507632764,0.11294056867115321
0.3333333333333333,0.3333333333333333,0.3333333333333333

0.2378029079159936,0.6205130751710051,0.14168401691300123
0.99945085118067,0.0002745744096650192,0.0002745744096650192
0.0009025270758122742,0.7852229486460162,0.2138745242781716

Transition Gammas
1426.0,1376.1788136046125,284.82118639538754
283.0360975813999,860.1323753333636,145.54841858173543
1.0,1.0,1.0

736.0,1920.4879676542603,438.5120323457387
3640.0,1.0,1.0
1.0,870.0270270997861,236.9729729002142

Iteration: ,15000
Error:,0.048776529020131396
Absolute Error:,1
Transition Probabilities
0.4556181281844999,0.4488555701092771,0.095526301706223
0.22485802708161123,0.6650275328639957,0.11011444005439303
0.3333333333333333,0.3333333333333333,0.3333333333333333

0.24535416105575006,0.6161789769568032,0.13846686198744668
0.9995426480676881,0.000228675966155957,0.000228675966155957
0.0007547169811320758,0.7856741550690876,0.21357112794978028

Transition Gammas
1699.0,1673.7824209374942,356.21757906250554
343.07054665771096,1014.646273487374,168.00388064713098
1.0,1.0,1.0

911.0,2287.8725414406103,514.1274585593895
4371.0,1.0,1.0
1.0,1041.0182554665407,282.98174453345877

Iteration: ,17500
Error:,0.0502171512269306
Absolute Error:,1
Transition Probabilities
0.45565537894494346,0.44860980642260695,0.09573481463244944
0.23005603848247488,0.6558300709239925,0.11411389059353265
0.3333333333333333,0.3333333333333333,0.3333333333333333

0.24758620689655184,0.6164678649434024,0.13594592816004575
0.9996071498723237,0.00019642506383814575,0.00019642506383814575
0.0006443298969072165,0.784736856701062,0.21461881340203073

Transition Gammas
1978.0,1947.4151696805372,415.5848303194631
406.8847189964526,1159.9227556796343,201.82560133616525
1.0,1.0,1.0

1077.0,2681.6352125037997,591.3647874961988
5089.0,1.0,1.0
1.0,1217.9116016000482,333.0883983999517

Iteration: ,20000
Error:,0.047635645424562785
Absolute Error:,1
Transition Probabilities
0.4570154095701542,0.44577205794039165,0.09721253248945409
0.23063972657844126,0.6538593522613484,0.11550092116021039
0.3333333333333333,0.3333333333333333,0.3333333333333333

0.2434064827863902,0.6198914391988549,0.1367020780147548
0.999655706662076,0.00017214666896195557,0.00017214666896195557
0.0005549389567147614,0.7807930307051301,0.21865203033815525

Transition Gammas
2254.0,2198.5477897620112,479.4522102379875
468.0278011550314,1326.850146084665,234.381313939031
1.0,1.0,1.0

1209.0,3079.000778500712,678.999221499287
5807.0,1.0,1.0
1.0,1406.9890413306443,394.0109586693558

Iteration: ,22500
Error:,0.04848336312962377
Absolute Error:,1
Transition Probabilities
0.4613706598800219,0.44292522671921064,0.0957041134007674
0.23069026986371363,0.6535422604463437,0.1157674696899428
0.3333333333333333,0.3333333333333333,0.3333333333333333

0.2454706927175843,0.6148545675615985,0.13967473972081718
0.9996924969249692,0.00015375153751537516,0.00015375153751537516
0.00048590864917395527,0.774804328341299,0.22470976300952722

Transition Gammas
2538.0,2436.5316721823774,526.4683278176213
526.9493766938422,1492.8401054311446,264.439397598252
1.0,1.0,1.0

1382.0,3461.631215371801,786.368784628201
6502.0,1.0,1.0
1.0,1594.5473077263932,462.452692273607

Iteration: ,25000
Error:,0.048147602355016264
Absolute Error:,1
Transition Probabilities
0.46333116036505867,0.44151229444244505,0.09515654519249628
0.23052162674762222,0.6548394967132705,0.11463887653910738
0.3333333333333333,0.3333333333333333,0.3333333333333333

0.24426991505048876,0.6163309301034581,0.1393991548460533
0.9997230300512394,0.00013848497438027975,0.00013848497438027975
0.0004399472063352398,0.7762532689136836,0.2233067838799812

Transition Gammas
2843.0,2709.1194386988427,583.8805613011572
587.0945206174067,1667.7510298204024,291.96330606989153
1.0,1.0,1.0

1524.0,3845.2886729154766,869.7113270845269
7219.0,1.0,1.0
1.0,1764.423680240803,507.5763197591973

Iteration: ,27500
Error:,0.048266072411678296
Absolute Error:,1
Transition Probabilities
0.4614353782013104,0.4417839095500482,0.09678071224864135
0.23094121946147295,0.6564309014638909,0.11262787907463609
0.3333333333333333,0.3333333333333333,0.3333333333333333

0.24436691379560974,0.6149947120075904,0.14063837419679995
0.9997482059675186,0.0001258970162407151,0.0001258970162407151
0.00039984006397441024,0.7805237526982515,0.2190764072377742

Transition Gammas
3099.0,2967.020736538123,649.9792634618751
649.9738810848897,1847.4958332837443,316.98620043319465
1.0,1.0,1.0

1681.0,4230.548623900216,967.4513760997872
7941.0,1.0,1.0
1.0,1952.089905498327,547.9100945016733

Iteration: ,30000
Error:,0.04855866781956445
Absolute Error:,1
Transition Probabilities
0.4625068418171867,0.43981644150757604,0.09767671667523714
0.23130666143452788,0.6581921525543,0.11050118601117205
0.3333333333333333,0.3333333333333333,0.3333333333333333

0.24411647387315497,0.6141747713359159,0.14170875479092912
0.9997688929974579,0.00011555350127108852,0.00011555350127108852
0.0003676470588235293,0.7855921302621598,0.2140402226790167

Transition Gammas
3380.0,3214.1785545373655,713.8214454626329
714.26709591683,2032.4749596253089,341.22390050537285
1.0,1.0,1.0

1836.0,4619.208455217427,1065.7915447825787
8652.0,1.0,1.0
1.0,2136.8105943130754,582.1894056869256

Iteration: ,32500
Error:,0.04934380942424609
Absolute Error:,1
Transition Probabilities
0.4634177215189876,0.43940044088689295,0.09718183759411946
0.23299103236316798,0.6560599631378358,0.11094900449899629
0.3333333333333333,0.3333333333333333,0.3333333333333333

0.24418889160753585,0.6157065766568637,0.14010453173560045
0.9997865528281751,0.00010672358591248666,0.00010672358591248666
0.0003405994550408718,0.7848730162934892,0.21478638425146993

Transition Gammas
3661.0,3471.2634830064526,767.7365169935433
779.8241747022179,2195.84167733834,371.3478368240405
1.0,1.0,1.0

1996.0,5032.785557593209,1145.2144424067992
9368.0,1.0,1.0
1.0,2304.387175837685,630.6128241623159

Iteration: ,35000
Error:,0.04873136240340715
Absolute Error:,1
Transition Probabilities
0.4630565018207449,0.43854751919098595,0.09839597898826917
0.23223529968218196,0.6570267353717233,0.11073796494609472
0.3333333333333333,0.3333333333333333,0.3333333333333333

0.24406856623907347,0.6167564240783012,0.13917500968262522
0.9998022347473549,9.888262632255513e-05,9.888262632255513e-05
0.0003165558721114277,0.7853952304316381,0.2142882136962505

Transition Gammas
3942.0,3733.355030872862,837.6449691271351
831.091379775463,2351.2758688999106,396.29362205713767
1.0,1.0,1.0

2150.0,5433.00733970576,1225.9926602942467
10111.0,1.0,1.0
1.0,2481.063532933544,676.9364670664553

Iteration: ,37500
Error:,0.048173942811109524
Absolute Error:,1
Transition Probabilities
0.463825136612022,0.4372935997578964,0.0988812636300816
0.23259349285620562,0.659210663395931,0.10819584374786334
0.3333333333333333,0.3333333333333333,0.3333333333333333

0.24431938840518147,0.6149166314802268,0.14076398011459162
0.999815293683044,9.235315847801995e-05,9.235315847801995e-05
0.0002943773918163086,0.7839488501054511,0.21575677250273256

Transition Gammas
4244.0,4001.2364377847503,904.7635622152462
889.8801574346519,2522.0760981823028,413.9468103161719
1.0,1.0,1.0

2301.0,5791.284835280779,1325.7151647192245
10826.0,1.0,1.0
1.0,2663.0742438082166,732.9257561917823

Iteration: ,40000
Error:,0.05010973799008281
Absolute Error:,1
Transition Probabilities
0.46343964721567044,0.4377987330344613,0.09876161974986823
0.23352372151503933,0.6588135559830308,0.10766272250192985
0.3333333333333333,0.3333333333333333,0.3333333333333333

0.24559482329517154,0.6130064185238007,0.1413987581810277
0.9998264039579897,8.679802100512108e-05,8.679802100512108e-05
0.00027563395810363826,0.7841119695757056,0.21561239646619076

Transition Gammas
4519.0,4268.97544581903,963.0245541809646
959.0283672671418,2705.596180245763,442.1461096401359
1.0,1.0,1.0

2467.0,6157.6494740715825,1420.3505259284243
11519.0,1.0,1.0
1.0,2844.758225620661,782.2417743793404

Iteration: ,42500
Error:,0.049736096155813814
Absolute Error:,1
Transition Probabilities
0.46419277108433765,0.4366077853585618,0.09919944355710057
0.23376932897266434,0.6583754851106977,0.10785518591663805
0.3333333333333333,0.3333333333333333,0.3333333333333333

0.24575555763999607,0.6111547103644235,0.1430897319955803
0.9998365879565324,8.170602173380178e-05,8.170602173380178e-05
0.00025733401955738556,0.7837794534235084,0.2159632125569342

Transition Gammas
4816.0,4529.805773095076,1029.1942269049177
1013.3501297814453,2853.94532385325,467.53381688924395
1.0,1.0,1.0

2620.0,6515.520367195123,1525.4796328048828
12237.0,1.0,1.0
1.0,3045.766956003753,839.2330439962461

Iteration: ,45000
Error:,0.04957046752472245
Absolute Error:,1
Transition Probabilities
0.46568850815638424,0.4355613769711368,0.09875011487247902
0.23379910343630686,0.6585931534951925,0.10760774306850056
0.3333333333333333,0.3333333333333333,0.3333333333333333

0.24573348660358993,0.6108943058745205,0.14337220752188956
0.999845619451949,7.719027402547279e-05,7.719027402547279e-05
0.00024242424242424253,0.7812134705010758,0.21854410525650006

Transition Gammas
5110.0,4779.41498950428,1083.5850104957115
1069.7909981523783,3013.5146657903447,492.37911169978906
1.0,1.0,1.0

2779.0,6908.603705134956,1621.3962948650499
12953.0,1.0,1.0
1.0,3222.5055658169363,901.4944341830624

Iteration: ,47500
Error:,0.04832382291838564
Absolute Error:,1
Transition Probabilities
0.4656171611452299,0.4343598822247632,0.10002295663000701
0.23292327189146148,0.657851364638833,0.10922536346970546
0.3333333333333333,0.3333333333333333,0.3333333333333333

0.24512021445924415,0.6103044767536413,0.14457530878711441
0.9998538332237082,7.308338814587444e-05,7.308338814587444e-05
0.00022794620469569182,0.7842361109065082,0.21553594288879602

Transition Gammas
5383.0,5021.634598400485,1156.3654015995105
1119.9510616926032,3163.107439974945,525.181793937102
1.0,1.0,1.0

2926.0,7285.204539008223,1725.7954609917863
13681.0,1.0,1.0
1.0,3440.4438185468516,945.5561814531482

Iteration: ,50000
Error:,0.049323687255520755
Absolute Error:,1
Transition Probabilities
0.46539379474940346,0.4328354093979955,0.10177079585260092
0.23138540563234491,0.661333050829388,0.10728154353826712
0.3333333333333333,0.3333333333333333,0.3333333333333333

0.2466428287644019,0.6099329614355978,0.14342420980000034
0.9998611014653795,6.944926731022988e-05,6.944926731022988e-05
0.00021673168617251847,0.7834338286498084,0.2163494396640192

Transition Gammas
5655.0,5259.383059595041,1236.6169404049533
1173.248944993422,3353.315659881004,543.9753532836598
1.0,1.0,1.0

3104.0,7676.006319667003,1804.9936803330052
14397.0,1.0,1.0
1.0,3614.763685390215,998.2363146097844

Iteration: ,52500
Error:,0.04845261969845388
Absolute Error:,1
Transition Probabilities
0.4646211646837821,0.4324976489429627,0.10288118637325523
0.22989059563224043,0.662958414816083,0.10715098955167655
0.3333333333333333,0.3333333333333333,0.3333333333333333

0.2465077436987548,0.6101355476738176,0.14335670862742747
0.9998676723567553,6.616382162233691e-05,6.616382162233691e-05
0.000206058108386565,0.7843539344833287,0.21544000740828465

Transition Gammas
5936.0,5525.589962895292,1314.4100371047089
1227.6763424756189,3540.372583212794,572.2145117927438
1.0,1.0,1.0

3247.0,8036.705433959531,1888.2945660404757
15112.0,1.0,1.0
1.0,3806.469644047594,1045.5303559524054

Iteration: ,55000
Error:,0.04794584247409455
Absolute Error:,1
Transition Probabilities
0.46477926346455506,0.4324601170731287,0.10276061946231628
0.23020844853319278,0.6625584512481304,0.10723310021867667
0.3333333333333333,0.3333333333333333,0.3333333333333333

0.24631792788217355,0.609504782145767,0.14417728997205947
0.999873545776429,6.322711178553364e-05,6.322711178553364e-05
0.00019615535504119257,0.7843264275414208,0.21547741710353802

Transition Gammas
6222.0,5789.343587257976,1375.6564127420284
1290.2914190821537,3713.562598301255,601.0289801930762
1.0,1.0,1.0

3395.0,8400.80441231511,1987.195587684897
15814.0,1.0,1.0
1.0,3998.4961276061645,1098.5038723938371

Iteration: ,57500
Error:,0.04812708116030127
Absolute Error:,1
Transition Probabilities
0.46484374999999983,0.43149314440689196,0.10366310559310832
0.23095022637268064,0.6604855404242921,0.10856423320302735
0.3333333333333333,0.3333333333333333,0.3333333333333333

0.24691358024691343,0.6095832812641693,0.14350313848891727
0.9998788979715411,6.0551014229488346e-05,6.0551014229488346e-05
0.00018691588785046723,0.783827768873959,0.21598531523819064

Transition Gammas
6545.0,6075.423473249041,1459.5765267509657
1349.2411625872987,3858.6421517341614,634.2463245127109
1.0,1.0,1.0

3540.0,8739.595503484401,2057.404496515608
16513.0,1.0,1.0
1.0,4193.478563475682,1155.5214365243203

Iteration: ,60000
Error:,0.048501729270709296
Absolute Error:,1
Transition Probabilities
0.46282287194166133,0.4328991092479214,0.10427801881041719
0.23007681423296175,0.6614380013286904,0.10848518443834776
0.3333333333333333,0.3333333333333333,0.3333333333333333

0.24762732255046083,0.6091970981535197,0.1431755792960194
0.9998840646919019,5.796765404904064e-05,5.796765404904064e-05
0.0001789869339538214,0.7835139165128032,0.21630709655324296

Transition Gammas
6791.0,6351.928629994754,1530.0713700052522
1401.3374565904983,4028.6451703722278,660.754769859838
1.0,1.0,1.0

3705.0,9114.806982572974,2142.193017427045
17249.0,1.0,1.0
1.0,4377.492251557031,1208.5077484429682

Iteration: ,62500
Error:,0.04811183322790958
Absolute Error:,1
Transition Probabilities
0.46236981725289805,0.432518593786074,0.10511158896102796
0.22856764313669417,0.6628134622516206,0.1086188946116852
0.3333333333333333,0.3333333333333333,0.3333333333333333

0.2469817621371689,0.6093390513180551,0.14367918654477607
0.9998887714810077,5.561425949613481e-05,5.561425949613481e-05
0.00017123287671232888,0.7840324064302614,0.21579636069302627

Transition Gammas
7059.0,6603.261371331996,1604.738628668015
1449.6389605361933,4203.745575104028,688.8909528865653
1.0,1.0,1.0

3846.0,9488.627707124768,2237.3722928752563
17979.0,1.0,1.0
1.0,4578.7492535527235,1260.2507464472726

Iteration: ,65000
Error:,0.0478792060114713
Absolute Error:,1
Transition Probabilities
0.4616834170854269,0.43274250904393896,0.10557407387063418
0.22836156176333336,0.6625888260509815,0.10904961218568526
0.3333333333333333,0.3333333333333333,0.3333333333333333

0.24678297451125925,0.6095703331381411,0.14364669235059965
0.999893185216834,5.3407391582995086e-05,5.3407391582995086e-05
0.00016463615409944025,0.7854023787423113,0.2144329851035892

Transition Gammas
7350.0,6889.260743979512,1680.7392560204971
1498.94122855785,4349.163236056616,715.7901636387118
1.0,1.0,1.0

3989.0,9853.094864844927,2321.905135155096
18722.0,1.0,1.0
1.0,4770.534048480798,1302.4659515192006

Iteration: ,67500
Error:,0.04730489408864819
Absolute Error:,1
Transition Probabilities
0.46162678269277235,0.4326407724005152,0.10573244490671256
0.2294575426143732,0.6627039003855822,0.10783855700004448
0.3333333333333333,0.3333333333333333,0.3333333333333333

0.24663249493384162,0.608571228482717,0.1447962765834412
0.9998971457958344,5.142710208279763e-05,5.142710208279763e-05
0.00015827793605571383,0.7852020497794802,0.21463967228446412

Transition Gammas
7639.0,7159.3395016837285,1749.6604983162802
1560.5834502904597,4507.1725583794105,733.4300953458048
1.0,1.0,1.0

4138.0,10210.60807148304,2429.39192851698
19443.0,1.0,1.0
1.0,4960.906550506756,1356.0934494932444

Iteration: ,70000
Error:,0.047467241326174255
Absolute Error:,1
Transition Probabilities
0.4625596832421099,0.4314101220107567,0.10603019474713347
0.22940429627345582,0.6615700182524632,0.10902568547408088
0.3333333333333333,0.3333333333333333,0.3333333333333333

0.2469654259909104,0.6076270920064604,0.1454074820026293
0.9999007099240431,4.964503797845405e-05,4.964503797845405e-05
0.00015172204521316955,0.7847067496177792,0.21514152833700767

Transition Gammas
7944.0,7409.03743541274,1820.9625645872713
1613.8659460129072,4654.1644629361235,766.998891849841
1.0,1.0,1.0

4293.0,10562.381740348312,2527.6182596517074
20141.0,1.0,1.0
1.0,5172.0021867307805,1417.997813269217

Iteration: ,72500
Error:,0.04767854165387579
Absolute Error:,1
Transition Probabilities
0.46127415084774387,0.43199245144197174,0.1067333977102845
0.2278738160611711,0.6626021266938189,0.10952405724501002
0.3333333333333333,0.3333333333333333,0.3333333333333333

0.24743069829453895,0.6071350568326229,0.14543424487283813
0.9999041319144857,4.793404275716614e-05,4.793404275716614e-05
0.0001463914507392769,0.7868951787298574,0.2129584298194033

Transition Gammas
8189.0,7669.161990449327,1894.8380095506816
1665.7393415685483,4843.5684683693335,800.6120850332566
1.0,1.0,1.0

4454.0,10929.038158044057,2617.9618419559615
20860.0,1.0,1.0
1.0,5375.280965903653,1454.7190340963432

Iteration: ,74999
Error:,0.04755858307622757
Absolute Error:,1
Transition Probabilities
0.46115630288802717,0.4322154554384691,0.10662824167350368
0.22719259549745308,0.6634140162742658,0.10939338822828125
0.3333333333333333,0.3333333333333333,0.3333333333333333

0.2473066409390575,0.6076936068198057,0.14499975224113684
0.9999073645206114,4.631773969430292e-05,4.631773969430292e-05
0.0001416831963729102,0.7864046525645114,0.21345366423911574

Transition Gammas
8447.0,7916.890497266445,1953.1095027335684
1719.9807623619856,5022.431928182405,828.1718991336984
1.0,1.0,1.0

4614.0,11337.739622437126,2705.2603775628927
21588.0,1.0,1.0
1.0,5550.44403780032,1506.5559621996786

*,*,*,*,*,*,*,*,*,*,*
Model Num 1
Model States: 
['diamond'],"['square', 'y', 'diamond']","['square', 'y', 'square']"
Iteration: ,74999
Error:,0.046773003787783825
Absolute Error:,1
Transition Probabilities
0.46115630288802717,0.4322154554384691,0.10662824167350368
0.22719259549745308,0.6634140162742658,0.10939338822828125
0.3333333333333333,0.3333333333333333,0.3333333333333333

0.2473066409390575,0.6076936068198057,0.14499975224113684
0.9999073688110787,4.63155944606549e-05,4.63155944606549e-05
0.0001416831963729102,0.7864046525645114,0.21345366423911574

Transition Gammas
8447.0,7916.890497266445,1953.1095027335684
1719.9807623619856,5022.431928182405,828.1718991336984
1.0,1.0,1.0

4614.0,11337.739622437126,2705.2603775628927
21589.0,1.0,1.0
1.0,5550.44403780032,1506.5559621996786

