0,1,2,3,4,5,6,7,8,9,10,11,12,13,14,15,16,17,18,19,20,21,22,23,24,25,26,27,28,29
github Code Version (SHA):,528ca1c557fe8e6666681dc5c9134b0f84d30530
Environment Observations,Environment Actions,alpha,epsilon,numActions,explore,patience,gainThresh,insertRandActions,useUpdatedPosterior,revisedSplitting,haveControl,confidence_factor
"['diamond', 'square']","['x', 'y']",0.8,0.99,75000,0.5,0,0.01,False,True,False,False,250

Model Num 0
Model States: 
['diamond'],['square']
Iteration: ,0
Error:,0.4525633011540608
Absolute Error:,1
Transition Probabilities
0.5,0.5
0.5,0.5

0.5,0.5
0.5,0.5

Transition Gammas
1.0,1.0
1.0,1.0

1.0,1.0
1.0,1.0

Iteration: ,2337
Error:,0.07965614968007342
Absolute Error:,1
Transition Probabilities
0.492,0.508
0.14961832061068703,0.850381679389313

0.17125984251968504,0.8287401574803149
0.8485294117647059,0.1514705882352941


Model Num 1
Model States: 
['square'],"['diamond', 'x', 'square']","['diamond', 'x', 'diamond']"
Iteration: ,0
Error:,0.5182033291751634
Absolute Error:,1
Transition Probabilities
0.3333333333333333,0.3333333333333333,0.3333333333333333
0.3333333333333333,0.3333333333333333,0.3333333333333333
0.3333333333333333,0.3333333333333333,0.3333333333333333

0.3333333333333333,0.3333333333333333,0.3333333333333333
0.3333333333333333,0.3333333333333333,0.3333333333333333
0.3333333333333333,0.3333333333333333,0.3333333333333333

Transition Gammas
1.0,1.0,1.0
1.0,1.0,1.0
1.0,1.0,1.0

1.0,1.0,1.0
1.0,1.0,1.0
1.0,1.0,1.0

Iteration: ,2500
Error:,0.06457037607956642
Absolute Error:,1
Transition Probabilities
0.8696296296296296,0.04996604981634431,0.08040432055402606
0.9957716701902748,0.0021141649048625794,0.0021141649048625794
0.0027624309392265184,0.8217860588437609,0.1754515102170127

0.17208672086720864,0.35522565024964664,0.4726876288831447
0.8197816762457387,0.14012584262713218,0.04009248112712909
0.8801855764861121,0.034612360631594036,0.08520206288229393

Transition Gammas
587.0,33.72708362603241,54.2729163739676
471.0,1.0,1.0
1.0,297.4865533014415,63.51344669855861

127.0,262.15652988423926,348.84347011576085
64.40044906583796,11.008012806828287,3.1495870956461474
88.46854818983024,3.478931462072505,8.56376542327276

Iteration: ,5000
Error:,0.059972552517849886
Absolute Error:,1
Transition Probabilities
0.8612303290414879,0.05389015479506512,0.08487951616344704
0.9978813559322034,0.001059322033898305,0.001059322033898305
0.0014005602240896359,0.8184405653189244,0.18015887445698603

0.16608513607815764,0.3725729079725236,0.46134195594931876
0.8261253217665533,0.12472917143858883,0.04914550679485795
0.876953106215559,0.03842574173657324,0.08462115204786774

Transition Gammas
1204.0,75.33843640350103,118.66156359649895
942.0,1.0,1.0
1.0,584.366563637712,128.63343636228802

238.0,533.8969771246266,661.1030228753741
130.0428043596019,19.63398386656297,7.73613803727853
166.3366787102455,7.2884287793014195,16.050574746259198

Iteration: ,7500
Error:,0.05619889841003882
Absolute Error:,1
Transition Probabilities
0.8581661891117478,0.06597298180816502,0.07586082908008716
0.9986072423398329,0.0006963788300835655,0.0006963788300835655
0.000973709834469328,0.8190142860683173,0.18001200409721335

0.165209387942936,0.3911399252638671,0.443650686793197
0.8431692089558007,0.1120276202468871,0.044803170797312164
0.8819464308851372,0.03192704338887023,0.08612652572599262

Transition Gammas
1797.0,138.14742390629755,158.8525760937025
1434.0,1.0,1.0
1.0,841.127671792162,184.87232820783817

359.0,849.9470575983834,964.0529424016173
197.7429219307274,26.27310002460802,10.507392598211403
246.47947040932766,8.922719646732432,24.06996582301804

Iteration: ,10000
Error:,0.05570714719564604
Absolute Error:,1
Transition Probabilities
0.8591902543891079,0.06866443446892134,0.07214531114197083
0.9989512323020451,0.0005243838489774515,0.0005243838489774515
0.0007230657989877077,0.8094996843720426,0.18977724982896965

0.1604166666666666,0.39251486273331815,0.44706847060001526
0.8320915173343787,0.12112959031700277,0.0467788923486185
0.8859994519677827,0.03179017630683727,0.08221037172537998

Transition Gammas
2398.0,191.64243660275946,201.3575633972406
1905.0,1.0,1.0
1.0,1119.5380634865353,262.4619365134651

462.0,1130.4428046719568,1287.5571953280446
261.8204601781138,38.11384254893156,14.719139501113284
326.5847379563463,11.71805058761145,30.303238503812675

Iteration: ,12500
Error:,0.05326044023615857
Absolute Error:,1
Transition Probabilities
0.8571428571428571,0.07003865723656205,0.07281848562058083
0.999154334038055,0.00042283298097251583,0.00042283298097251583
0.000564971751412429,0.7995298173920702,0.19990521085651736

0.1523755974135507,0.3927312465974132,0.45489315598903607
0.8294240100568361,0.12095655665709042,0.049619433286073475
0.8780576121365696,0.030317011807529725,0.09162537605590063

Transition Gammas
2982.0,243.66448852599936,253.3355114740007
2363.0,1.0,1.0
1.0,1415.1677767839653,353.83222321603597

542.0,1396.9450441469994,1618.054955853002
334.6916094443156,48.80874453782697,20.022579265691586
405.0625921466432,13.98574218725451,42.26831112061644

Iteration: ,15000
Error:,0.05805927318867295
Absolute Error:,1
Transition Probabilities
0.8546455938697318,0.0716065000742752,0.07374790605599302
0.9992952783650458,0.00035236081747709656,0.00035236081747709656
0.0004705882352941172,0.8008897417120105,0.19863967005269528

0.15143664625529907,0.392060515246819,0.45650283849788204
0.8147378297341064,0.13546202894800127,0.04980014131789232
0.870776876731709,0.03142654663480689,0.09779657663348411

Transition Gammas
3569.0,299.02874431017324,307.9712556898268
2836.0,1.0,1.0
1.0,1701.8907011380238,422.10929886197783

643.0,1664.6889477379939,1938.3110522620075
397.41436001880317,66.07592476562391,24.29160715067707
484.690421327569,17.492593724429078,54.43537282568635

Iteration: ,17500
Error:,0.05820462687578528
Absolute Error:,1
Transition Probabilities
0.8540309446254072,0.07145131701612124,0.0745177383584716
0.9993977717554954,0.00030111412225233364,0.00030111412225233364
0.000411353352529823,0.8064833578142274,0.1931052888332428

0.1509090909090909,0.39741865479861205,0.4516722542922971
0.8137145655357667,0.14046292216231054,0.04582251230192278
0.871235877311091,0.03198289741882709,0.09678122527008204

Transition Gammas
4195.0,350.96886918318756,366.0311308168125
3319.0,1.0,1.0
1.0,1960.5610428463876,469.4389571536134

747.0,1967.2223412531296,2235.7776587468707
453.36262064736013,78.25918472205619,25.5301000396465
568.6713947600759,20.875814870900406,63.17085394920529

Iteration: ,20000
Error:,0.05631384743827264
Absolute Error:,1
Transition Probabilities
0.855423818793134,0.07193038802307292,0.07264579318379313
0.9994699178372648,0.00026504108136761196,0.00026504108136761196
0.00036101083032490956,0.8083170166364829,0.1913219725331921

0.15154200638071605,0.395092873419597,0.4533651201996869
0.8199343977446439,0.1348049435871424,0.045260658668213556
0.8668990067039168,0.0323160625058462,0.10078493079023705

Transition Gammas
4834.0,406.47862271838505,410.521377281615
3771.0,1.0,1.0
1.0,2239.038136083059,529.9618639169424

855.0,2229.113991833366,2557.8860081666335
517.2797799766812,85.04567164194381,28.554020445895013
650.3959568487517,24.24531142905385,75.61447295514044

Iteration: ,22500
Error:,0.05659921327454974
Absolute Error:,1
Transition Probabilities
0.8537318153067679,0.07335234459240962,0.07291584010082251
0.999532273152479,0.00023386342376052386,0.00023386342376052386
0.00032082130253448823,0.8058421227505632,0.19383705594690231

0.14951211835064526,0.39952511476815483,0.4509627668811998
0.8161621810856262,0.13779650785180242,0.04604131106257135
0.8680273856654315,0.031702671209877735,0.1002699431246908

Transition Gammas
5399.0,463.8802272023985,461.11977279760157
4274.0,1.0,1.0
1.0,2511.8098966135058,604.1901033864946

950.0,2538.582579236856,2865.4174207631436
576.9280167954664,97.40547631174891,32.54564215001981
726.7325235837465,26.542206655194654,83.94830625158609

Iteration: ,23790
Error:,0.05699526921339045
Absolute Error:,1
Transition Probabilities
0.853182292442987,0.0742185446512424,0.07259916290577058
0.9995580110497237,0.00022099447513812155,0.00022099447513812155
0.00030450669914738117,0.8061398813770434,0.19355561192380918

0.14900908955446282,0.4008578028225156,0.4501331076230215
0.8163487703184614,0.13840796598087768,0.04524326370066096
0.8724740653635867,0.030962847827540628,0.09656308680887266


Model Num 2
Model States: 
"['diamond', 'x', 'square']","['diamond', 'x', 'diamond']","['square', 'y', 'diamond', 'x', 'diamond']","['square', 'y', 'diamond', 'x', 'square']"
Iteration: ,0
Error:,0.45416769030913756
Absolute Error:,0.55
Transition Probabilities
0.25,0.25,0.25,0.25
0.25,0.25,0.25,0.25
0.25,0.25,0.25,0.25
0.25,0.25,0.25,0.25

0.25,0.25,0.25,0.25
0.25,0.25,0.25,0.25
0.25,0.25,0.25,0.25
0.25,0.25,0.25,0.25

Transition Gammas
1.0,1.0,1.0,1.0
1.0,1.0,1.0,1.0
1.0,1.0,1.0,1.0
1.0,1.0,1.0,1.0

1.0,1.0,1.0,1.0
1.0,1.0,1.0,1.0
1.0,1.0,1.0,1.0
1.0,1.0,1.0,1.0

Iteration: ,2500
Error:,0.04844648103298069
Absolute Error:,0.14651943880556523
Transition Probabilities
0.0018315018315018315,0.0018315018315018315,0.19727573986744956,0.7990612564695467
0.7614771014521958,0.23331456521447078,0.0026041666666666665,0.0026041666666666665
0.12740832186817283,0.06154806252626481,0.625788010559144,0.18525560504641844
0.040554694859224166,0.03335660227059065,0.8370986467072714,0.08899005616291374

0.0675446194758816,0.030432272921027962,0.375178766262879,0.5268443413402114
0.1093065472820972,0.08487115330705085,0.6699674152899945,0.13585488412085756
0.0036133765120530347,0.8720006457552784,0.08578371593897455,0.038602261793694144
0.8933613991002424,0.004498468484762809,0.07891084433456355,0.023229288080431135

Transition Gammas
1.0,1.0,107.71255396762746,436.28744603237254
292.4072069576432,89.59279304235677,1.0,1.0
26.82344970457088,12.95779848113248,131.74801285213252,39.00211800602783
5.1659384182839405,4.249030938864722,106.63130554747606,11.335731943565072

10.132095974118654,4.5650225338308195,56.27905370884916,79.02979499035332
5.276603042932008,4.09702251999027,32.34163176942177,6.55818258625668
1.3230490842348144,319.28575723297183,31.409975250775613,14.134338601354695
361.4358944617032,1.8199890684056614,31.925726400890632,9.398098600986362

Iteration: ,5000
Error:,0.04989627633070113
Absolute Error:,0.13440258076534312
Transition Probabilities
0.0008733624454148472,0.0008733624454148472,0.18868707155720352,0.8095662035519667
0.7694116438517526,0.22789656610787062,0.0013458950201884262,0.0013458950201884262
0.12804159962607123,0.06289935178226949,0.6447137105917493,0.16434533799991
0.05453825465354841,0.038534975995162916,0.8392790778253238,0.06764769152596484

0.06458148719503902,0.03482423674662349,0.31694189973136766,0.5836523763269699
0.08346868511354788,0.05821032565697918,0.6845996789094283,0.17372131032004476
0.0019056448108312157,0.8824022083995408,0.08130751702997269,0.034384629759655234
0.8930510912065066,0.0021349674633458025,0.08553105279412042,0.019282888536027127

Transition Gammas
1.0,1.0,216.04669693299803,926.9533030670019
571.6728513818518,169.32714861814776,1.0,1.0
50.96414767078795,25.035706067324938,256.61413827955107,65.41405370827269
14.264297724227328,10.07869382477926,219.51063003143727,17.693027003024387

19.55402007843844,10.54410256151671,95.96385187490172,176.71860437432875
7.4613113456721925,5.203452799919525,61.19673916681085,15.529042801054068
1.363269800752013,631.2573444907958,58.166181814722925,24.59824994403363
793.0208625955164,1.8958307716846496,75.9507601898352,17.12302134866034

Iteration: ,7500
Error:,0.05024222485186573
Absolute Error:,0.13260255123141984
Transition Probabilities
0.000578368999421631,0.000578368999421631,0.18631315731850615,0.8125301046826505
0.7589144333619531,0.2392870054869677,0.0008992805755395687,0.0008992805755395687
0.13272474296816975,0.05706052647621695,0.6430847720132636,0.1671299585423496
0.05261522960369097,0.03858623364859418,0.8458908653232691,0.06290767142444574

0.0625607869123323,0.03484529879796205,0.29196981368697106,0.6106241006027346
0.08793659056902661,0.07077947623498729,0.696716470577481,0.14456746261850523
0.0013034241799339832,0.8822268404284945,0.08343904599463701,0.03303068939693447
0.884167315263569,0.001423942441292064,0.09852469739992212,0.015884044895217022

Transition Gammas
1.0,1.0,322.13544900369715,1404.8645509963028
843.9128498984915,266.087150101508,1.0,1.0
82.99083302830535,35.67910940637943,402.11146575735233,104.5039091674272
21.16004012509169,15.518059284932578,340.1882836302073,25.299307093092622

27.571642574052866,15.356937968024459,128.67624821712562,269.1128145896502
12.056045855316404,9.703817325445005,95.51934710094241,19.820099315168747
1.382798916151539,935.9518854453871,88.52024087196719,35.042162176347304
1198.2402700010566,1.929753730843515,133.52253354792094,21.526358094655503

Iteration: ,10000
Error:,0.04862231054303512
Absolute Error:,0.12841492050262426
Transition Probabilities
0.0004314063848144953,0.0004314063848144953,0.182115861137056,0.8170213260933151
0.7576374473666029,0.24101211374075696,0.0006752194463200543,0.0006752194463200543
0.1282143325667104,0.05281600373412406,0.6538660462753159,0.1651036174238497
0.05438076197233417,0.038144866572109914,0.8509372993747198,0.05653707208083602

0.06833452052956253,0.03828149757177983,0.2734316236384195,0.6199523582602382
0.07968614917590322,0.05852698178291758,0.7241803917276913,0.13760647731348785
0.0009887242720605601,0.8832123253386864,0.08341162121530936,0.032387329173943755
0.8884332162902749,0.0010675689144815181,0.09546554684960909,0.015033667945634457

Transition Gammas
1.0,1.0,422.1445661156958,1893.8554338843044
1122.0610595499384,356.9389404500609,1.0,1.0
104.6010567440928,43.08886294529399,533.4433213532793,134.69642986926942
29.61607786880524,20.773915217839736,463.4253806994023,30.790416840281434

41.07162871875794,23.00862642895082,164.34273686292912,372.6147909498754
14.112608650538277,10.365269221081503,128.25408890428508,24.37043805213362
1.3944764172797797,1245.6645335194087,117.642038330276,45.6784242361309
1633.5392404139184,1.9629114284284779,175.53003875471694,27.642017504805896

Iteration: ,12500
Error:,0.04486335408430507
Absolute Error:,0.12283721605742204
Transition Probabilities
0.00034447123665173884,0.00034447123665173884,0.175921142257386,0.8233899152693106
0.7650624887088189,0.23385055476944194,0.0005434782608695654,0.0005434782608695654
0.11992333502957568,0.05203436285803944,0.6677658218192557,0.16027648029312924
0.06085867899733026,0.03764828554611112,0.8453264043647641,0.05616663109179444

0.06844928413354372,0.0490889333211084,0.26051794380730736,0.6219438387380405
0.08126951352927106,0.05969552654550407,0.7327256536812246,0.1263093062440003
0.0007995138268165753,0.8827049174419257,0.08578772591177998,0.030707842819477676
0.8845328650248506,0.0008582169948814137,0.10110500704975668,0.013503910930511266

Transition Gammas
1.0,1.0,510.6990759731927,2390.300924026814
1407.7149792242262,430.28502077577303,1.0,1.0
123.57177455931102,53.61740944617046,688.0813277241801,165.15258756819867
41.49880916855636,25.671918009753735,576.4180182322746,38.299357523375285

51.597047781119564,37.00322173058632,196.3783400311326,468.82106030402724
17.958430429585597,13.191145287695075,161.91314681448821,27.91104302568657
1.4058842380624403,1552.1694418131897,150.8511893519286,53.99740536908439
2048.9037218928747,1.9879464794729194,234.1964142173868,31.28002865654639

Iteration: ,15000
Error:,0.04182602736471485
Absolute Error:,0.1201661562060311
Transition Probabilities
0.0002878526194588365,0.0002878526194588365,0.17823139193223755,0.8211929028288447
0.7673781166558735,0.2317205764491286,0.0004506534474988734,0.0004506534474988734
0.11018173772702512,0.05248417903042431,0.6790525581935082,0.15828152504904233
0.062235964023844875,0.04035332745219186,0.8459744092801976,0.051436299243765624

0.07262315483186094,0.05422185744300292,0.25146061344050186,0.6216943742846343
0.07543100858631775,0.052877002895010704,0.7443283509327642,0.12736363758590746
0.0006647833862166196,0.8808645807027011,0.08755326962615055,0.03091736628493179
0.8802716385307477,0.000725762845404465,0.10684546974425214,0.012157128879595604

Transition Gammas
1.0,1.0,619.1758555725945,2852.824144427412
1702.8120408593834,514.1879591406164,1.0,1.0
140.20754316986097,66.78672844472672,864.1022807554464,201.41508215532315
51.00147552467727,33.06897024369583,693.2638355674304,42.15130589052651

64.69050521091839,48.29918721629809,223.9934930088837,553.7865058654079
20.289763063790698,14.223087830456846,200.2126998581217,34.258829067669495
1.4145330879221427,1874.3129284169904,186.29676885698098,65.78629747403753
2429.5454251410474,2.003101910374881,294.8929749088204,33.553616360479744

Iteration: ,17500
Error:,0.04266100785555329
Absolute Error:,0.1165296346382532
Transition Probabilities
0.00024727992087042493,0.00024727992087042493,0.173231229877632,0.8262742102806271
0.7678993805676713,0.23132512505466307,0.0003877471888328811,0.0003877471888328811
0.10924544153197517,0.05578905597112577,0.6805255491403409,0.1544399533565581
0.06938746131159991,0.03948663831671914,0.8343415874995731,0.05678431287210789

0.07064090861773341,0.05691776871516844,0.24492525802918116,0.6275160646379171
0.0729674973419075,0.051785475347230575,0.7542187852222847,0.12102824208857729
0.0005772364141169761,0.8840129926676141,0.08597027161381068,0.029439499304458158
0.8750580944758516,0.0006221625068947292,0.11272213669205468,0.011597606325198927

Transition Gammas
1.0,1.0,700.5470936251448,3341.452906374861
1980.4125024840234,596.5874975159759,1.0,1.0
163.3236029488898,83.40549041265608,1017.3960856008882,230.89008811474125
66.34839362596921,37.7571822413105,797.7986659195342,54.29724435802295

74.17760456018652,59.7674042253477,257.18764512507187,658.9331792115529
23.095226162186126,16.390822059532333,238.7207188819639,38.30711926366359
1.4216541622816548,2177.2028233171977,211.7329944598586,72.5054513161559
2840.9585474591026,2.019909195777334,365.96303690552685,37.652721605158405

Iteration: ,20000
Error:,0.0412277569938633
Absolute Error:,0.11360920255184656
Transition Probabilities
0.00021696680407897557,0.00021696680407897557,0.1716482090220398,0.8279178573698023
0.7727433207378656,0.22657571228903262,0.0003404834865509024,0.0003404834865509024
0.103057475403604,0.05438047653307179,0.693264593059546,0.14929745500377814
0.07290027191876786,0.04201340176690548,0.8307304247425337,0.05435590157179302

0.0696267667112782,0.054914605151512724,0.2359984629031013,0.6394601652341076
0.06981730050363123,0.05423599137068889,0.7517210928019274,0.12422561532375247
0.0005068383625285174,0.8861715602028032,0.08572698187679804,0.027594619557870084
0.8742508947926051,0.0005460898425195834,0.11426196568457779,0.010941049680297589

Transition Gammas
1.0,1.0,791.1265953825828,3815.8734046174245
2269.54713300711,665.4528669928885,1.0,1.0
176.23794622790547,92.99571391158126,1185.5474587830463,255.31264708235653
79.92704514951569,46.063025164707135,910.8035734003759,59.59520430750077

84.96392495882692,67.01101618841902,287.98343854806154,780.3183755236649
25.14746069282084,19.535236270838517,270.76206752247026,44.74476606601352
1.4283948347541482,2497.4488375048522,241.59966404474957,77.76840696672733
3255.956860294979,2.033792564216752,425.54378068980543,40.747554251967856

Iteration: ,22500
Error:,0.041860320189606184
Absolute Error:,0.11200232596755477
Transition Probabilities
0.000192307692307692,0.000192307692307692,0.1719224866652435,0.8276928979501411
0.7779894737379348,0.22139834383170093,0.00030609121518212443,0.00030609121518212443
0.10479814167091656,0.05655273579128638,0.6911350531387918,0.14751406939900527
0.07259149764851808,0.04300958640318061,0.8300843813131508,0.0543145346351506

0.07217188547932611,0.05326066292137333,0.23112975678922973,0.6434376948100707
0.07224219848892828,0.05554136519148716,0.7570764854484643,0.11513995087112025
0.00045278174496702305,0.8870287386135012,0.08683087144122306,0.025687608200308784
0.871390488603838,0.0004859714159935717,0.11741623230792869,0.010707307672239685

Transition Gammas
1.0,1.0,893.9969306592676,4304.003069340741
2541.6916107018315,723.3083892981665,1.0,1.0
205.29627939861678,110.78503933993034,1353.9119368825188,288.97544482861315
89.24011082764022,52.873688814838225,1020.4614119321863,66.77138848769148

98.20218665887252,72.47023584104971,314.49154151774945,875.5069676985695
30.436962758961467,23.400595486781295,318.9702040534092,48.5105723529446
1.4345069279017486,2810.2919009724906,275.0982963044424,81.38369608353469
3665.230424796129,2.044086139079588,493.8745059169503,45.03692702777231

Iteration: ,25000
Error:,0.03984520158471643
Absolute Error:,0.11177639600249141
Transition Probabilities
0.0001725625539257979,0.0001725625539257979,0.17244512343755591,0.8272097514545925
0.7788937924887427,0.2205575106662641,0.0002743484224965709,0.0002743484224965709
0.10271716397180819,0.056233231557248145,0.6942766844403252,0.1467729200306186
0.07286870396074192,0.04109071979815783,0.8301514574079029,0.055889118833197374

0.07190528793694048,0.055356469106872336,0.2297916349310173,0.6429466080251699
0.0725390564617309,0.061795544293628324,0.7496551473601206,0.1160102518845202
0.00040725485495618876,0.8885316181552634,0.08668805881836705,0.024373068171413347
0.869234951345676,0.0004389633448317013,0.12012101089026525,0.01020507441922707

Transition Gammas
1.0,1.0,999.3194903206376,4793.680509679369
2839.067873621465,803.9321263785321,1.0,1.0
223.97774777466643,122.61818830726835,1513.8903967022118,320.04259844821803
99.28198337550887,55.98518895143612,1131.0628392393148,76.14767747013522

107.13475572148039,82.47796463271887,342.376358978831,957.953577115762
34.17507129765957,29.113518084241644,353.182400755455,54.655503156489786
1.4388825514264376,3139.293801400705,306.2797993266295,86.11311096671017
4064.901368119662,2.052773761798691,561.7354211906023,47.72313964625927

Iteration: ,27500
Error:,0.04088804950794752
Absolute Error:,0.11093099152237802
Transition Probabilities
0.00015678896205707104,0.00015678896205707104,0.17416936188470866,0.8255170601911772
0.7800203965121025,0.2194818434082558,0.00024888003982080663,0.00024888003982080663
0.10382528565325774,0.05604659332431021,0.6935668033210663,0.14656131770136566
0.0753321367421771,0.04075690986704365,0.8261014612275144,0.05780949216326492

0.07140258709880554,0.05414974912621448,0.22579945532150378,0.6486482084534761
0.0721305929994846,0.06049702657955708,0.753141344063904,0.1142310363570543
0.00037130649384971157,0.8911276983451903,0.08551972443166472,0.022981270729295362
0.8682683125542955,0.0004002450965360215,0.12131339159590228,0.010018050753266325

Transition Gammas
1.0,1.0,1110.8521901006727,5265.147809899333
3134.121953185625,881.8780468143709,1.0,1.0
248.47349106593833,134.13006877874466,1659.836174052665,350.74887620441405
113.14749102650227,61.216132886714796,1240.7892794960069,86.82879948269785

118.1765624695131,89.62183963260902,373.7147983231845,1073.5607579731843
36.58769235731698,30.686654649311958,382.0251941971867,57.94282068247043
1.4418379735445095,3460.3805105317315,332.08572490667234,89.23966956316328
4475.478343201943,2.0630584297727905,625.308385642469,51.63791945308109

Iteration: ,30000
Error:,0.04157284697782042
Absolute Error:,0.11159486481459721
Transition Probabilities
0.0001440299582313121,0.0001440299582313121,0.17402848627875617,0.8256834538047811
0.7789872624689688,0.22055715666542752,0.0002277904328018226,0.0002277904328018226
0.10478489175098638,0.05596042680599401,0.6931302159049669,0.14612446553805258
0.08000610557926538,0.0400111936632862,0.8217513233014015,0.05823137745604684

0.07205690693923006,0.05588051217366156,0.22525427073378843,0.64680831015332
0.06992201854122092,0.0633136236002264,0.7478367924084185,0.11892756545013412
0.00034152819446494834,0.8923829952715059,0.08499385089759588,0.02228162563643329
0.8674505465818696,0.00036883995423697084,0.12216821451609534,0.010012398947798077

Transition Gammas
1.0,1.0,1208.2797802334042,5732.7202197665965
3419.7540822387687,968.2459177612257,1.0,1.0
273.62853354406116,146.13146291941243,1809.9957099146334,381.58004032781423
131.89758033428882,65.96221116206637,1354.7342467828437,95.99989563766187

130.8468582946501,101.47243017225313,409.0352319428006,1174.5277295042588
38.808794882336926,35.140939618471265,415.0716081649368,66.00832741533385
1.446048841091745,3778.397851293007,359.868560143157,94.34160766633661
4871.741286390871,2.0714642929297877,686.1162712824992,56.23123706822263

Iteration: ,32500
Error:,0.04296132696713661
Absolute Error:,0.1106053135923239
Transition Probabilities
0.00013320900492873306,0.00013320900492873306,0.17532819323540136,0.8244053887547412
0.7822460136819014,0.21733434720773362,0.00020981955518254333,0.00020981955518254333
0.1064749674853702,0.05716073326740041,0.6931690315771719,0.14319526767005747
0.0794258534863196,0.04016264200441158,0.8235260295730716,0.056885474936197264

0.07044091848515113,0.05377286947966571,0.22426962798599936,0.6515165840491838
0.06869150571773551,0.061620752560216825,0.7524003150470158,0.1172874266750319
0.00031393919114936983,0.8930791519901103,0.0846022653450027,0.022004643473737633
0.8682623242031349,0.0003434318530412464,0.12185257425706378,0.009541669686760226

Transition Gammas
1.0,1.0,1316.1887466181593,6188.8112533818485
3728.184501207936,1035.8154987920568,1.0,1.0
300.12219192513027,161.11960365347912,1953.8433684907675,403.62611627327664
143.26433464553105,72.44334095018237,1485.4345721369348,102.60714062245539

139.32833476468412,106.35983347803524,443.59321936114935,1288.664638100699
41.548938913350206,37.27210311038614,455.0989878826094,70.94280545035039
1.4491720169564817,4122.535040155309,390.5317939446794,101.57544666053606
5256.545906685606,2.079170373983732,737.7075252204751,57.766211128552044

Iteration: ,35000
Error:,0.04312354947893481
Absolute Error:,0.10962542912508033
Transition Probabilities
0.00012351778656126468,0.00012351778656126468,0.17605682714580043,0.823696137281077
0.7838762353486073,0.21573382509202443,0.00019496977968414916,0.00019496977968414916
0.10531712028367264,0.05741375881144886,0.695039823095393,0.14222929780948554
0.07800077345268167,0.04016582696961457,0.8237642725290303,0.05806912704867339

0.07254495760493462,0.053892327836974556,0.2200088941876514,0.6535538203704395
0.06722602203672012,0.06367713943988738,0.7525023753238869,0.11659446319950569
0.000291818839845967,0.8932864104242251,0.08510074508850964,0.02132102564741927
0.8679655260331965,0.0003190112586984136,0.12281149416546099,0.008903968542644145

Transition Gammas
1.0,1.0,1425.356072572402,6668.643927427607
4020.5012111030023,1106.4987888969922,1.0,1.0
319.0284474773694,173.91875402708197,2105.4266875111734,430.84345587629144
150.5232590036625,77.51065673356767,1589.672479684724,112.0598407420477

154.95495682277095,115.11321542889658,469.9357450193637,1395.9812971200884
44.07734801218254,41.75049111159823,493.3849731437003,76.446211973261
1.4522787050524046,4445.5691485051775,423.51617853518644,106.10717092140854
5679.743468229357,2.087527739914686,803.6468740845895,58.265283187605014

Iteration: ,37500
Error:,0.04234183310667717
Absolute Error:,0.1080133568808175
Transition Probabilities
0.00011503508570113877,0.00011503508570113877,0.17528839064913643,0.8244815391794613
0.7845671505724141,0.21506835152344878,0.00018224895206852586,0.00018224895206852586
0.10365873867547552,0.0587079395817225,0.6991871916751268,0.13844613006767514
0.08028834263852871,0.04218231278424254,0.8191448225693706,0.05838452200785818

0.07454932959891064,0.05681105914097849,0.2153958780066719,0.6532437332534391
0.06584714665452207,0.06222846926379219,0.7570100489475303,0.11491433513415546
0.0002737687963692094,0.8927193024452418,0.085889365092937,0.02111756366545201
0.8687027051613393,0.00029790629864070225,0.12222629097085408,0.008773097569165911

Transition Gammas
1.0,1.0,1523.7819799129438,7167.218020087062
4304.9199551908305,1180.0800448091618,1.0,1.0
336.11935021808495,190.36382997702566,2267.154197991915,448.91944348503785
165.56076623229953,86.98318829984626,1689.1399177385142,120.39339562962846

171.202915194069,130.46688672489825,494.6577311148233,1500.1775611792998
46.410084242598046,43.85958462214069,533.5523546445941,80.99339523760581
1.4552100034720652,4745.223255680821,456.542399764751,112.2497899778187
6111.254746323804,2.095747222508789,859.852279016972,61.71804673909638

Iteration: ,40000
Error:,0.04129230407620819
Absolute Error:,0.10745967663567008
Transition Probabilities
0.00010809642200843146,0.00010809642200843146,0.17495333525754939,0.8248304718984338
0.7864948106008047,0.21316325060623917,0.00017096939647803065,0.00017096939647803065
0.10253375692979053,0.060599900107871994,0.6978931438246238,0.13897319913771367
0.07917627848899553,0.042562488534878526,0.8181480824331525,0.06011315054297325

0.07500828363677295,0.056839776058400265,0.21437385723475452,0.6537780830700722
0.06738124860571622,0.06176026303834047,0.7555784141851919,0.11528007417075145
0.00025678923466834064,0.892191956570906,0.08600487546256054,0.021546378731865202
0.8657824544691883,0.00028010432382540956,0.12520962151616916,0.008727819690817082

Transition Gammas
1.0,1.0,1618.4933044675904,7630.5066955324155
4600.208147204101,1246.7918527958914,1.0,1.0
356.617312798543,210.76935225466724,2427.3057481126366,483.35543640953654
174.48509017247986,93.79728110112688,1802.997623304954,132.47463373136887

183.81658238074368,139.29252706190118,525.3482399289488,1602.1597487461836
50.77960599950363,46.543539759317895,569.4161946829656,86.87694079755754
1.4576471333432024,5064.468724972535,488.2009961728222,122.30659604166968
6497.442049148787,2.10210036294559,939.66129204587,65.49971342543743

Iteration: ,42500
Error:,0.041275755450516226
Absolute Error:,0.10746888531763218
Transition Probabilities
0.0001013171225937183,0.0001013171225937183,0.17307409883600988,0.8267232669188028
0.7859806943592382,0.2136965167446998,0.00016139444803098797,0.00016139444803098797
0.10054654422376996,0.0600545951492297,0.6991233806355143,0.1402754799914861
0.07987742496343074,0.042929915892957395,0.8166867832177472,0.060505875925864705

0.07657705629867546,0.05801069668575103,0.21287058603511483,0.6525416609804587
0.06742881745159102,0.06198114050209948,0.7549176438767037,0.11567239816960585
0.00024296450344406506,0.8920564098648605,0.08664588950333818,0.021054736128357232
0.8669183443637297,0.00026272477565897877,0.12403479929152886,0.008784131569082419

Transition Gammas
1.0,1.0,1708.241355511418,8159.7586444885865
4869.936382249833,1324.063617750158,1.0,1.0
370.3692910220409,221.21474188645098,2575.2633551148338,516.7132343862389
187.0517898041477,100.53050167297621,1912.4643111643745,141.68874861429418

198.74480320329104,150.55847082352284,552.4751769551881,1693.5786025474724
53.969194438002134,49.608940949445746,604.2267779100571,92.58276184966905
1.4600399482813624,5360.610196390248,520.6787750308994,126.52365021296832
6955.867481169513,2.1080171337764395,995.2144080634932,70.48098073935657

Iteration: ,45000
Error:,0.04091504879541028
Absolute Error:,0.10750130884768296
Transition Probabilities
9.580379383023549e-05,9.580379383023549e-05,0.17402809709288014,0.8257802953194594
0.7831085613740119,0.21658854600142352,0.00015144631228229628,0.00015144631228229628
0.10065719842423981,0.06047470488600622,0.7004016304805976,0.13846646620915642
0.07811955083626981,0.04255185955077581,0.81822343254938,0.061105157063574334

0.0762912496934981,0.05875478738234656,0.21168668668381566,0.6532672762403398
0.06770997754990081,0.061537231072512064,0.754966506195888,0.11578628518169913
0.000229969606108374,0.893247151683984,0.08571892153934589,0.020803957170561646
0.8668159039882727,0.00024905044604599095,0.12422404136147153,0.008711004204209699

Transition Gammas
1.0,1.0,1816.5052774554863,8619.494722544534
5170.865830752588,1430.1341692473961,1.0,1.0
393.9431897972373,236.68052079524966,2741.1696010830665,541.9177389428561
193.30087890867364,105.29133568116352,2024.631567415951,151.20005734540743

210.10114443640066,161.8068667080762,582.9713802421809,1799.0556310502143
56.53910166871359,51.38474254338278,630.4111978005719,96.68372057731311
1.4616847520868397,5677.4708778089125,544.828695842288,132.22976502793747
7355.7898057009625,2.1134392247551133,1054.1637882569923,73.92148162940354

Iteration: ,47500
Error:,0.04004933555218128
Absolute Error:,0.10653738610954107
Transition Probabilities
9.072763563781518e-05,9.072763563781518e-05,0.17396613217060622,0.8258524125581181
0.7832304447018752,0.21648380019025226,0.0001428775539362769,0.0001428775539362769
0.09981849386054387,0.06012601326128587,0.7025304754601281,0.13752501741804202
0.07782977997271907,0.044454543904598694,0.8158504489133516,0.06186522720933071

0.07531365214899981,0.059362062599325846,0.21029726841261412,0.6550270168390602
0.06927681809906445,0.060401844057305254,0.7574470265126466,0.11287431133098365
0.0002181529144526793,0.8937117270677056,0.08573557760413787,0.020334542413703815
0.8656476831322987,0.0002367470391338816,0.12544929933022445,0.008666270498342902

Transition Gammas
1.0,1.0,1917.4547087844237,9102.545291215587
5481.829882468413,1515.1701175315727,1.0,1.0
412.80532194794915,248.65470617547282,2905.3565915924737,568.7428941821827
203.55787989526607,116.2674841442828,2133.7949015224613,161.80380433279453

218.5156476935393,172.2335750184222,610.1582183858379,1900.5007559343935
60.33603923087213,52.60645815815559,659.6918675107519,98.30689491086592
1.463393266242801,5995.114604058143,575.123496553367,136.40630250116433
7750.870453061724,2.11979500000834,1123.252896625991,77.59639545362313

Iteration: ,50000
Error:,0.041159661699032006
Absolute Error:,0.10657316021124003
Transition Probabilities
8.631851532153642e-05,8.631851532153642e-05,0.17365532428259237,0.8261720386867645
0.7832745072925006,0.21645456342004343,0.00013546464372798735,0.00013546464372798735
0.09947560889975081,0.060789048902163266,0.704696709124557,0.13503863307352898
0.07909908633465766,0.044926015827610445,0.8153265972075323,0.060648300630199686

0.0778533706468371,0.059723839887144206,0.20917185876110234,0.6532509307049164
0.06981613995466475,0.061445526974284945,0.7560641963956843,0.11267413667536601
0.00020724790694102158,0.8942318382052643,0.08568822559430249,0.019872688293492282
0.8646202074207903,0.00022583043379236192,0.1266409858600563,0.008512976285361054

Transition Gammas
1.0,1.0,2011.796931813834,9571.203068186172
5782.132412833224,1597.8675871667565,1.0,1.0
432.25285256193376,264.1475642432864,3062.1291598935877,586.7853939041676
217.3474187336122,123.44710952543768,2240.343593580443,166.6485948621932

238.96568935828694,183.31831301815558,642.0389638612488,2005.1098325334337
64.35246979475123,56.636924086649486,696.8961388160402,103.85648621879585
1.4658849079852183,6324.990081747916,606.0812798773715,140.56148638844857
8136.501407284042,2.1251754545968704,1191.7539641410533,80.1112938739192

Iteration: ,52500
Error:,0.04194961341572441
Absolute Error:,0.10613768171825017
Transition Probabilities
8.200754469411178e-05,8.200754469411178e-05,0.17302641112111766,0.826809573789494
0.7848179784491077,0.21492288706009147,0.0001295672454003631,0.0001295672454003631
0.09894901435420599,0.06074691154139664,0.7046268929477549,0.1356771811566423
0.0801864130867647,0.04618446007328792,0.8131204018750444,0.060508724964903095

0.07753113660938249,0.0600837279748012,0.20727480013267674,0.6551103352831396
0.07127661319177853,0.06284774779519396,0.7534483498481869,0.1124272891648406
0.0001983235101339307,0.8945249391926571,0.08527460607007872,0.020002131227130255
0.8652977764525208,0.0002146962928561871,0.12613574382203882,0.00835178343258397

Transition Gammas
1.0,1.0,2109.8840572109107,10082.1159427891
6057.225157670199,1658.7748423297821,1.0,1.0
450.68053970932567,276.68240111163453,3209.3460503874235,617.9653797361585
231.59854458070373,133.39234570382087,2348.4963897732973,174.76442824724265

250.25698058534277,193.93978990713265,669.046887497284,2114.5818522460563
68.87546189823139,60.73054631553161,728.066343060193,108.63986270446982
1.467707632193727,6619.997193242855,631.080954934929,148.02723410035532
8588.365507376297,2.1309314392174588,1251.9388133986406,82.89420209947428

Iteration: ,55000
Error:,0.04052111254848541
Absolute Error:,0.10600321316591522
Transition Probabilities
7.812499999999995e-05,7.812499999999995e-05,0.17147499711510483,0.8283687528848952
0.7846416976352554,0.21511050159656228,0.000123900384091191,0.000123900384091191
0.09780034061178862,0.06114733502008536,0.7041693382558729,0.1368829861122531
0.08042434493630768,0.04529184715052138,0.8139016527376807,0.06038215517549017

0.07802117171918448,0.06131217529707112,0.20486408771723125,0.6558025652665131
0.0708838881678112,0.06361998544336692,0.7535478217424677,0.11194830464635422
0.0001903085974520013,0.8944151194625565,0.08579558518203075,0.019598986757960853
0.8650701517620261,0.0002043636019021056,0.1263971540088683,0.008328330627203387

Transition Gammas
1.0,1.0,2194.8799630733433,10603.120036926666
6332.843141614129,1736.1568583858498,1.0,1.0
468.03996440051554,292.6308469577808,3369.9206970807486,655.0765319041514
243.21611767440712,136.9698097631556,2461.369132747211,182.60532143876193

263.84578596070816,207.34063234067943,692.7930592150472,2217.740895901536
70.60538639138079,63.3700234361967,750.5871431961144,111.50846136859028
1.4688115538550526,6903.141944181433,662.1747439282433,151.26598892204882
9039.890949455832,2.1355778736211106,1320.8367971480632,87.03016802461892

Iteration: ,55189
Error:,0.04142582033673051
Absolute Error:,0.10598034377874421
Transition Probabilities
7.785736530675796e-05,7.785736530675796e-05,0.17150304040277087,0.8283412448666155
0.7847874507790982,0.21496554415729807,0.00012350253180190226,0.00012350253180190226
0.09765725566558472,0.06110147444729092,0.7039407882909516,0.13730048159617284
0.08048947997634236,0.045427065888562615,0.8134827729521509,0.06060068118294416

0.07783607822925684,0.06139647497749066,0.20504019472286888,0.6557272520703836
0.0713913200926757,0.06332534582269372,0.753755335141202,0.11152799894342857
0.00018970030668167377,0.8944240825138017,0.0857243441875733,0.019661872991943472
0.8650083758022308,0.0002037123653284788,0.12648386945451612,0.008304042377924568

*,*,*,*,*,*,*,*,*,*,*
Model Num 2
Model States: 
"['diamond', 'x', 'square']","['diamond', 'x', 'diamond']","['square', 'y', 'diamond', 'x', 'diamond']","['square', 'y', 'diamond', 'x', 'square']"
Iteration: ,55189
Error:,0.040694761848075356
Absolute Error:,0.10598034377874421
Transition Probabilities
7.785736530675796e-05,7.785736530675796e-05,0.17150304040277087,0.8283412448666155
0.7847874507790982,0.21496554415729807,0.00012350253180190226,0.00012350253180190226
0.09765725566558472,0.06110147444729092,0.7039407882909516,0.13730048159617284
0.08048947997634236,0.045427065888562615,0.8134827729521509,0.06060068118294416

0.07783607822925684,0.06139647497749066,0.20504019472286888,0.6557272520703836
0.0713913200926757,0.06332534582269372,0.753755335141202,0.11152799894342857
0.00018970030668167377,0.8944240825138017,0.0857243441875733,0.019661872991943472
0.8650083758022308,0.0002037123653284788,0.12648386945451612,0.008304042377924568

Transition Gammas
1.0,1.0,2202.7850509331906,10639.214949066818
6354.4239889583405,1740.5760110416377,1.0,1.0
469.58697987669956,293.8077325249695,3384.914172865334,660.2122704445868
244.41869279595554,137.94627652336305,2470.265630184646,184.02329449305958

263.84578596070816,208.11944234831782,695.037475691541,2222.759369874507
71.4416884525343,63.3700234361967,754.2871283608322,111.60668473293072
1.4689577829705833,6926.036337356645,663.8125408816225,152.25310841358117
9068.758850703074,2.135723037776319,1326.0585014833068,87.05968626208372

