0,1,2,3,4,5,6,7,8,9,10,11,12,13,14,15,16,17,18,19,20,21,22,23,24,25,26,27,28,29
github Code Version (SHA):,528ca1c557fe8e6666681dc5c9134b0f84d30530
Environment Observations,Environment Actions,alpha,epsilon,numActions,explore,patience,gainThresh,insertRandActions,useUpdatedPosterior,revisedSplitting,haveControl,confidence_factor
"['diamond', 'square']","['x', 'y']",0.9,0.99,75000,0.5,0,0.01,False,True,False,False,250

Model Num 0
Model States: 
['diamond'],['square']
Iteration: ,0
Error:,0.5646144090597578
Absolute Error:,1
Transition Probabilities
0.5,0.5
0.5,0.5

0.5,0.5
0.5,0.5

Transition Gammas
1.0,1.0
1.0,1.0

1.0,1.0
1.0,1.0

Iteration: ,2476
Error:,0.09524301792996796
Absolute Error:,1
Transition Probabilities
0.46548323471400394,0.534516765285996
0.0758988015978695,0.9241011984021305

0.084,0.916
0.9281767955801105,0.0718232044198895


Model Num 1
Model States: 
['square'],"['diamond', 'x', 'square']","['diamond', 'x', 'diamond']"
Iteration: ,0
Error:,0.6188438708617082
Absolute Error:,1
Transition Probabilities
0.3333333333333333,0.3333333333333333,0.3333333333333333
0.3333333333333333,0.3333333333333333,0.3333333333333333
0.3333333333333333,0.3333333333333333,0.3333333333333333

0.3333333333333333,0.3333333333333333,0.3333333333333333
0.3333333333333333,0.3333333333333333,0.3333333333333333
0.3333333333333333,0.3333333333333333,0.3333333333333333

Transition Gammas
1.0,1.0,1.0
1.0,1.0,1.0
1.0,1.0,1.0

1.0,1.0,1.0
1.0,1.0,1.0
1.0,1.0,1.0

Iteration: ,2500
Error:,0.08379596176091439
Absolute Error:,1
Transition Probabilities
0.9298245614035088,0.040054050047862895,0.030121388548628333
0.9957627118644068,0.00211864406779661,0.00211864406779661
0.0029940119760479035,0.8888239970111711,0.10818199101278093

0.09090909090909088,0.4012362480918313,0.5078546609990778
0.8836895903626172,0.062314722612264464,0.05399568702511842
0.9149436933881885,0.03272218847577988,0.05233411813603168

Transition Gammas
689.0,29.680051085466406,22.319948914533594
470.0,1.0,1.0
1.0,296.8672150017312,36.13278499826884

65.0,286.88391738565946,363.11608261434077
73.28553569648062,5.167841602098592,4.477933079772431
73.48185567013522,2.6280165087361866,4.2031090473499635

Iteration: ,5000
Error:,0.08546654562128239
Absolute Error:,1
Transition Probabilities
0.9232895646164478,0.047669144595217275,0.029041290788334888
0.9978609625668449,0.0010695187165775401,0.0010695187165775401
0.0014970059880239522,0.8856713160501598,0.11283167796181634

0.09059233449477351,0.38864402144760546,0.520763644057621
0.8674749257364767,0.06803445492322109,0.06449061934030209
0.9393818694021289,0.030646145898796672,0.029971984699074496

Transition Gammas
1336.0,68.9772522292794,42.022747770720585
933.0,1.0,1.0
1.0,591.6284391215067,75.37156087849331

130.0,557.704170777314,747.2958292226863
145.18041549026083,11.386231625105435,10.793136070302452
167.60276574005132,5.467828344590587,5.347545757382489

Iteration: ,7500
Error:,0.08758974229288939
Absolute Error:,1
Transition Probabilities
0.9178966789667896,0.05219924952381713,0.029904071509393202
0.9985734664764622,0.0007132667617689016,0.0007132667617689016
0.0010000000000000002,0.8862307431806515,0.11276925681934843

0.08874357776739841,0.38876636356493627,0.5224900586676654
0.8602720593764536,0.07248031282645022,0.06724762779709624
0.9445753248783577,0.02650844096621283,0.02891623415542955

Transition Gammas
1990.0,113.16797296763554,64.83202703236446
1400.0,1.0,1.0
1.0,886.2307431806513,112.76925681934841

190.0,832.3487843925285,1118.6512156074716
222.79280284545544,18.7709130730397,17.41575507227628
258.56464979756237,7.256325223179901,7.915425864872983

Iteration: ,10000
Error:,0.08305682532093597
Absolute Error:,1
Transition Probabilities
0.9202108963093146,0.04983287262482908,0.02995623106585633
0.9989373007438895,0.0005313496280552603,0.0005313496280552603
0.0007479431563201197,0.8907001091403259,0.10855194770335404

0.08844953173777312,0.39034494613531157,0.5212055221269154
0.878114154982856,0.06436647269912615,0.05751937231801781
0.9474615321276207,0.02573338054156291,0.026805087330816296

Transition Gammas
2618.0,141.77452261763872,85.22547738236126
1880.0,1.0,1.0
1.0,1190.8660459206158,145.13395407938435

255.0,1125.3644797081035,1502.6355202918976
307.6218557985658,22.548929055015044,20.150245792567535
343.16380522838506,9.320446781836548,9.708611332500068

Iteration: ,12500
Error:,0.08129240014843951
Absolute Error:,1
Transition Probabilities
0.9225788288288288,0.048410755328330946,0.029010415842840215
0.9991503823279524,0.0004248088360237893,0.0004248088360237893
0.000596302921884317,0.8883073882370923,0.11109630884102338

0.08525409608442097,0.3914201017162456,0.5233258021993334
0.880393095849623,0.06093784772184035,0.05866905642853665
0.9504581832290311,0.024220814844391328,0.02532100192657771

Transition Gammas
3277.0,171.95500292623151,103.04499707376844
2352.0,1.0,1.0
1.0,1489.6914900736044,186.30850992639628

307.0,1409.5037862802008,1884.4962137198004
382.54675509752644,26.47859918315283,25.492768249972617
433.21499326782475,11.039749380773939,11.541210200211033

Iteration: ,15000
Error:,0.0766415191519808
Absolute Error:,1
Transition Probabilities
0.9236355118294682,0.04607455537792177,0.030289932792609955
0.9992915338292596,0.00035423308537017357,0.00035423308537017357
0.0004955401387512386,0.8876954339697112,0.11180902589153768

0.082385704339754,0.39195733837186897,0.5256569572883771
0.8876843205619368,0.05828288753627229,0.05403279190179091
0.9484338774530151,0.026927418979718617,0.024638703567266284

Transition Gammas
3943.0,196.69227690834805,129.3077230916519
2821.0,1.0,1.0
1.0,1791.3693857508779,225.63061424912314

355.0,1688.9441710443834,2265.055828955617
460.2001866125164,30.215466353545178,28.012098828847638
520.763390013315,14.785231027222379,13.528549644050841

Iteration: ,17500
Error:,0.07683493403046032
Absolute Error:,1
Transition Probabilities
0.9244942920088124,0.04520454556790984,0.030301162423277805
0.9993904297470283,0.00030478512648582747,0.00030478512648582747
0.0004210526315789473,0.8851000457284584,0.11447890163996274

0.08336657359393698,0.3870150376462037,0.5296183887598594
0.8897112986743725,0.057702840331469565,0.05258586099415783
0.9483372662482565,0.028494353341528215,0.02316838041021528

Transition Gammas
4616.0,225.70629602057386,151.29370397942608
3279.0,1.0,1.0
1.0,2102.112608605089,271.88739139491156

418.0,1940.4933987580655,2655.506601241935
534.5139679163037,34.6662722970578,31.592132479560377
606.3256359764215,18.21805124234801,14.81285560182769

Iteration: ,20000
Error:,0.07508118356718446
Absolute Error:,1
Transition Probabilities
0.9246514910887594,0.0461459371526255,0.029202571758615008
0.9994692144373672,0.0002653927813163482,0.0002653927813163482
0.00036737692872887596,0.8867520313727063,0.11288059169856478

0.08317382982425614,0.38637341124536606,0.5304527589303779
0.8913710207171371,0.05902828391735381,0.049600695365509095
0.9470718494183996,0.026415214026708572,0.0265129365548917

Transition Gammas
5240.0,261.5090258439287,165.49097415607125
3766.0,1.0,1.0
1.0,2413.739029396506,307.2609706034932

478.0,2220.487994427119,3048.5120055728817
611.6099685974215,40.501975085533935,34.033280227690994
690.7034494511165,19.26472575173837,19.335995199084547

Iteration: ,21741
Error:,0.07709658903431686
Absolute Error:,1
Transition Probabilities
0.9250243427458618,0.04610575500627203,0.028869902247866237
0.9995110024449878,0.00024449877750611245,0.00024449877750611245
0.0003376097231600271,0.8837788662569428,0.11588352401989722

0.08344010249839846,0.387327124236972,0.5292327732646296
0.886153631298259,0.058772316765404654,0.05507405193633632
0.947734259600255,0.025304100257532044,0.026961640142212882


Model Num 2
Model States: 
"['diamond', 'x', 'square']","['diamond', 'x', 'diamond']","['square', 'y', 'diamond', 'x', 'diamond']","['square', 'y', 'diamond', 'x', 'square']"
Iteration: ,0
Error:,0.5640988106338318
Absolute Error:,0.65
Transition Probabilities
0.25,0.25,0.25,0.25
0.25,0.25,0.25,0.25
0.25,0.25,0.25,0.25
0.25,0.25,0.25,0.25

0.25,0.25,0.25,0.25
0.25,0.25,0.25,0.25
0.25,0.25,0.25,0.25
0.25,0.25,0.25,0.25

Transition Gammas
1.0,1.0,1.0,1.0
1.0,1.0,1.0,1.0
1.0,1.0,1.0,1.0
1.0,1.0,1.0,1.0

1.0,1.0,1.0,1.0
1.0,1.0,1.0,1.0
1.0,1.0,1.0,1.0
1.0,1.0,1.0,1.0

Iteration: ,2500
Error:,0.030124458254948343
Absolute Error:,0.10100531838137583
Transition Probabilities
0.001533742331288344,0.001533742331288344,0.09227773106831584,0.9046547842691074
0.8645888832488856,0.12893862484172927,0.003236245954692557,0.003236245954692557
0.04112573894215019,0.038459150065750666,0.8170348418665405,0.10338026912555869
0.036343014724004766,0.03106282121284194,0.8087494532478084,0.12384471081534487

0.060811910694862206,0.03269594949205501,0.2676313206000901,0.6388608192129926
0.07386766524991469,0.04712293153866827,0.7651663577718255,0.11384304543959144
0.004209789874178593,0.9309328655922676,0.04171713418415999,0.02314021034939372
0.9364249832328239,0.0021860789299270834,0.032626723078112256,0.028762214759136775

Transition Gammas
1.0,1.0,60.16508065654191,589.8349193434578
267.15796492390564,39.84203507609434,1.0,1.0
7.1417472274604155,6.678677038214901,141.88331849421226,17.952643998448934
5.917417338363594,5.05768930341243,131.681647034077,20.16455829569091

9.186410760473805,4.939138053807253,40.42910698427042,96.50803332774059
2.630463232526949,1.6780703492113502,27.247943522726583,4.054005826427361
1.30561633329913,288.7177723471016,12.938073727467975,7.17666142280818
511.93008347334063,1.1950979406949842,17.8365607153892,15.72388954392318

Iteration: ,5000
Error:,0.02561927708879081
Absolute Error:,0.07633086411126756
Transition Probabilities
0.0007824726134585289,0.0007824726134585289,0.09549889086976483,0.9029361639033181
0.8887789030137538,0.10796906446592097,0.0016260162601626018,0.0016260162601626018
0.04913175490334622,0.03766192870344549,0.8222114105228358,0.09099490587037246
0.04147246270348333,0.03659588909741147,0.8362239083905865,0.08570773980851878

0.044121581709267894,0.020186084868995684,0.19952933505950732,0.7361629983622291
0.036954900937352105,0.05916585539756512,0.8273451835489265,0.07653406011615636
0.0020722341627662064,0.9338345007202872,0.043656379217031575,0.020436885899915054
0.924054249994781,0.0011231745362023078,0.04482724941261031,0.029995326056406466

Transition Gammas
1.0,1.0,122.04758253155947,1153.9524174684407
546.5990253534585,66.40097464654139,1.0,1.0
18.171622628151553,13.929450661668703,304.0989580358667,33.654916129363905
14.02857119418267,12.379010122645308,282.8630341296256,28.99169838050882

13.806627656944109,6.31667648440524,62.43718219253233,230.3618324515298
2.9664752797353886,4.7494119315545245,66.41335716111607,6.1436072519107565
1.3300047841348226,599.3552156722458,28.01961007106842,13.116836170397194
1003.3110592562595,1.2195100381315922,48.67211540011271,32.568047123380495

Iteration: ,7500
Error:,0.0275410216533516
Absolute Error:,0.07037503385818639
Transition Probabilities
0.0005257623554153518,0.0005257623554153518,0.09569347279904361,0.9032550024901257
0.8754551250357435,0.12239433732984795,0.001075268817204301,0.001075268817204301
0.04956039515711342,0.0411701001537215,0.8261446954547362,0.08312480923442876
0.04668887890231262,0.0347772785203841,0.8386332815638462,0.07990056101345697

0.052401288812413974,0.022960074855386346,0.16549190069067218,0.7591467356415275
0.03145422402444121,0.04034738313346213,0.8644323739382485,0.06376601890384813
0.0013844002251104713,0.9373348508325088,0.043208027693270104,0.018072721249110715
0.9260471801835377,0.0007582939934191293,0.04450545168200998,0.028689074141033073

Transition Gammas
1.0,1.0,182.0089852637811,1717.9910147362207
814.1732662832414,113.8267337167586,1.0,1.0
26.918888862643676,22.36167300499965,448.7231623337187,45.149508885400344
24.07373441354044,17.931871280892587,432.416356215482,41.198352381846775

25.601727243493517,11.217616727750022,80.85447130235814,370.8967489951996
4.079361416919865,5.232733063147081,112.1099687927457,8.269942918471408
1.344141174048828,910.0766844893817,41.95151663409467,17.547157474709614
1507.4143899735705,1.2343466963356773,72.4457238608931,46.69991348242182

Iteration: ,10000
Error:,0.0245375943524506
Absolute Error:,0.06466996539172615
Transition Probabilities
0.00039077764751856175,0.00039077764751856175,0.09302388146855864,0.9061945632364041
0.8865462980947892,0.11179670107671037,0.0008285004142502071,0.0008285004142502071
0.04827943208309084,0.038960449368167345,0.8281901315019463,0.08456998704679568
0.04434262032708363,0.032313638990890674,0.8482764746088658,0.07506726607316005

0.04898393579762278,0.03093255739177546,0.14958881334944094,0.7704946934611607
0.030747834214118117,0.037243862215026347,0.8685865568494469,0.0634217467214086
0.0010449622031864835,0.9326160726235105,0.04546611789427504,0.020872847279027797
0.922836768414095,0.0005601634276666972,0.04830083877179252,0.028302229386445787

Transition Gammas
1.0,1.0,238.0481126780417,2318.9518873219595
1070.0613818004106,134.93861819958943,1.0,1.0
34.58033315972312,27.905575129488955,593.1944397697798,60.57358591871075
30.021766888489452,21.877654724675732,574.3178546925518,50.82360822118886

31.358848311828016,19.802601798948874,95.76472022076932,493.2602050831847
5.746255330424467,6.9602541853313316,162.32428266246652,11.852462440928285
1.3570188450097778,1211.122834730183,59.043646367137406,27.10609725431088
2048.0507711215278,1.2431701675242168,107.19400600215113,62.811111025605435

Iteration: ,12500
Error:,0.023181264597092344
Absolute Error:,0.0620330859031417
Transition Probabilities
0.00031308703819661826,0.00031308703819661826,0.09417273018243519,0.9052010957411716
0.8776833893518478,0.12100856617464018,0.0006540222367560501,0.0006540222367560501
0.04419884612601442,0.0331939348918024,0.8400045827837042,0.0826026361984791
0.042959444588344796,0.02920554546192718,0.8603254211557285,0.06750958879399938

0.046466686410819726,0.0313484478524469,0.13828201615696054,0.7839028495797729
0.029813629263798408,0.04434208950548612,0.8651225855697264,0.060721695660989
0.0008354477893913874,0.9323200018227924,0.045265345772897404,0.021579204614918652
0.9198811117815358,0.0004530490601670747,0.05133283230856791,0.028333006849729225

Transition Gammas
1.0,1.0,300.7877002026984,2891.2122997973056
1341.9779023189744,185.02209768102472,1.0,1.0
41.03164283758174,30.815322123369544,779.8114892964699,76.68349205939606
36.37453662765443,24.728862146968183,728.453052487125,57.16158655764952

36.32869757736255,24.508919604951306,108.11198158051656,612.8728289475183
6.950012288021785,10.336818245536435,201.6732866419477,14.155154585819975
1.362941555782485,1520.9779592536504,73.84545338935925,35.204108603640535
2538.9748194794465,1.2504661102620982,141.68436222328683,78.20226986972375

Iteration: ,15000
Error:,0.02463982686795639
Absolute Error:,0.06337037413805942
Transition Probabilities
0.00026062027625749256,0.00026062027625749256,0.09219987915458626,0.9072788802928987
0.8807201135695774,0.1181821915895885,0.0005488474204171245,0.0005488474204171245
0.04844293308557626,0.03810957297469962,0.8278910631060252,0.08555643083369889
0.04082412702042304,0.027623574752895706,0.863361608075424,0.0681906901512574

0.04503611018004962,0.029513840827555732,0.13420012932829098,0.7912499196641036
0.035552977935244166,0.04328501324622336,0.8562647998445893,0.06489720897394326
0.0007045964230909387,0.9331152100317659,0.04572571908665422,0.020454474458488928
0.9207998242850306,0.00037781874790459734,0.052232761601211236,0.026589595365853536

Transition Gammas
1.0,1.0,353.77093631614787,3481.229063683856
1604.6720469237687,215.32795307623007,1.0,1.0
54.411904615560424,42.80530342735394,929.9009512537673,96.09839985426306
42.051413983293365,28.454016348012797,889.3166626759461,70.24069222404883

42.411731944049095,27.793987997927193,126.37991800742874,745.1416065770752
9.704279934925394,11.814759548226306,233.71975566292852,17.713865882784106
1.3683986415503735,1812.2056030543606,88.80404417553494,39.72469082348797
3063.726912482238,1.2570956634298251,173.79121195549217,88.47010692864966

Iteration: ,17500
Error:,0.024146993572710856
Absolute Error:,0.062234310288098844
Transition Probabilities
0.00022346368715083794,0.00022346368715083794,0.09352767547491643,0.9060253971507819
0.8756922072275629,0.12337928766565903,0.00046425255338904386,0.00046425255338904386
0.047440896530504435,0.03633258213885796,0.8328348761062252,0.08339164522441249
0.03893288971143793,0.025833696117316042,0.8687242935881901,0.066509120583056

0.04704170105829703,0.03208077346761889,0.12893938018326145,0.7919381452908226
0.03871296245982305,0.036810227870582614,0.8619555753745476,0.06252123429504673
0.0006022089750097934,0.9360470692132116,0.043962422115327485,0.01938829969645117
0.9229967845656081,0.00032673531339697117,0.051969872730673376,0.024706607390321697

Transition Gammas
1.0,1.0,418.5363477502511,4054.46365224975
1886.2410143681698,265.75898563182943,1.0,1.0
61.6035156454575,47.1790154891326,1081.4626213335384,108.28670824083838
46.99539079739183,31.183522563383125,1048.625929771944,80.28230466728778

51.80895987444397,35.33187507962882,142.00624177836866,872.194046332795
12.425468934079753,11.814759548226306,276.65674605730584,20.06706811083389
1.3728491670408502,2133.896193193548,100.22064945336307,44.19929325725923
3565.99512562273,1.2623408384794808,200.7854371064082,95.4538986460566

Iteration: ,20000
Error:,0.02595708737197736
Absolute Error:,0.06303805501580642
Transition Probabilities
0.00019527436047646953,0.00019527436047646953,0.09187932342818032,0.9077301278508667
0.8762863295734076,0.12289767695454021,0.000407996736026112,0.000407996736026112
0.0500788151656699,0.03887922827935716,0.8268319167060544,0.08421003984891862
0.036417080445820496,0.027051513108503462,0.870419178491232,0.06611222795444419

0.04803958664790165,0.03558960905450645,0.12245440668789397,0.7939163976096979
0.0402376395501391,0.04319657267424061,0.8543235674731425,0.06224222030247778
0.0005326218959740479,0.9339244332778628,0.04496177692341354,0.02058116790274982
0.9227604408350718,0.0002849986188307982,0.05269323424514628,0.024261326300951305

Transition Gammas
1.0,1.0,470.5140152757112,4648.485984724286
2147.7777937844207,301.2222062155779,1.0,1.0
73.96336136989726,57.422253331986454,1221.180406229298,124.37310243291773
50.515013899391136,37.523808716863925,1207.3795142693116,91.7058718918185

61.24085170864978,45.36962373241091,156.1048436159175,1012.0844030452258
14.602265826978654,15.676064601594728,310.03458388633123,22.58774263797505
1.3764556375301202,2413.5424415129064,116.19479369398611,53.18794589712904
4101.075394271137,1.2666351648435579,234.18746279562149,107.82595776989764

Iteration: ,22500
Error:,0.026038247136427196
Absolute Error:,0.06189109723070531
Transition Probabilities
0.00017391304347826096,0.00017391304347826096,0.08942438780470888,0.9102277861083347
0.8735480802089316,0.12572464706379569,0.0003636363636363637,0.0003636363636363637
0.053513778397516885,0.03747945168912282,0.8240524623103762,0.08495430760298404
0.03477053666598685,0.02589948089735481,0.875157445554594,0.06417253688206444

0.045914772087591274,0.03615346160580541,0.11684588258219411,0.8010858837244093
0.03653920791384547,0.0415104405517724,0.8612307663249086,0.06071958520947357
0.0004768939260902402,0.9355581851909226,0.04451867211258106,0.01944624877040615
0.9241358652775963,0.00025439592142757197,0.05296527309934615,0.022644465701630128

Transition Gammas
1.0,1.0,514.1902298770758,5233.809770122922
2402.2572205745614,345.7427794254381,1.0,1.0
90.7728617395537,63.574600563224124,1397.8007621100712,144.10392704737538
54.76250856471335,40.79087297638546,1378.3456254368944,101.0697400037871

65.82943972140812,51.834344662745444,167.52558347595627,1148.5417981320852
15.031498373694173,17.07656392323881,354.29308960150985,24.97882133842708
1.379957573059549,2707.1651200853553,128.82084539840912,56.27037122977335
4616.1308731054,1.2707275099004638,264.56567864391695,113.11087596288885

Iteration: ,25000
Error:,0.02711332286906998
Absolute Error:,0.06220013270404189
Transition Probabilities
0.00015656802880851736,0.00015656802880851736,0.08874114416657702,0.9109457197758059
0.876094623897325,0.12324683148627728,0.00032927230819888045,0.00032927230819888045
0.05435082850121662,0.038011227015101276,0.8226160310893187,0.08502191339436352
0.03528256045816901,0.026478629755395007,0.8755082576905908,0.06273055209584519

0.04795855343738754,0.03938403761899171,0.11190572713233188,0.8007516818112889
0.04188111266554238,0.04051628813338915,0.8585009432764281,0.059101655924640374
0.00043130416685701337,0.9330856120520353,0.047109461083973764,0.019373622697133927
0.924448565995033,0.00022956643278266314,0.053879270695654125,0.02144259687653004

Transition Gammas
1.0,1.0,566.7896877919272,5818.21031220807
2660.699372776176,374.3006272238241,1.0,1.0
103.92825660627784,72.68409082405242,1572.9852207418478,162.57671641948104
61.99687937033214,46.527020531380735,1538.4025177006677,110.22721765704516

76.755373140186,63.03227029479604,179.09976900741694,1281.5648038738052
19.081783010727968,18.45994457538732,391.14836429797435,26.92777011286425
1.382625025980414,2991.1779614990232,151.0180630291617,62.10571945120999
5130.201139034544,1.2739724180090766,299.0014870061256,118.99508416828895

Iteration: ,27500
Error:,0.028166286949223178
Absolute Error:,0.06167263941327731
Transition Probabilities
0.0001428163381890888,0.0001428163381890888,0.09060856010565888,0.909105807217963
0.877440884982055,0.12196245630672779,0.00029832935560859184,0.00029832935560859184
0.055103639326385234,0.03780186962173671,0.8222451830119699,0.0848493080399082
0.03666085182188573,0.026980577411305273,0.8749079282497972,0.061450642517011725

0.049493864923183584,0.03772099186027819,0.10777546367109743,0.8050096795454408
0.043369785874258965,0.03897247084561882,0.8598599339812995,0.057797809298822736
0.0003908680532849719,0.9358000590712358,0.04587257258388152,0.017936500291597678
0.924373051637202,0.00021027657488464707,0.054661910583362186,0.020754761204551223

Transition Gammas
1.0,1.0,634.4411378598236,6365.5588621401785
2941.1818464598487,408.8181535401516,1.0,1.0
116.36015070944603,79.82469579242328,1736.3022585257106,179.1728893374273
71.17123434040505,52.378515559562224,1698.4951001758177,119.29668465411392

87.88709999814351,66.98180852917285,191.3787288123296,1429.4694163709046
22.04246218937606,19.80755029623009,437.01922204304714,29.37542808700428
1.3852007979693934,3316.3902183128876,162.56822120423902,63.56532417497173
5613.808836497602,1.2770304068310134,331.9671815499415,126.04571459882456

Iteration: ,30000
Error:,0.02784998781160339
Absolute Error:,0.06063855482338269
Transition Probabilities
0.00013126804935678646,0.00013126804935678646,0.09073624912812535,0.9090012147731611
0.8770447962607901,0.1224102446111444,0.00027247956403269756,0.00027247956403269756
0.05627385757636516,0.03560656446583789,0.8232206906583673,0.08489888729942949
0.03809624758004396,0.027879306014402555,0.8746103222899072,0.05941412411564614

0.050743787998988536,0.03610626267475272,0.10535366224812062,0.8077962870781382
0.04200140021880178,0.036553262389722486,0.8657107518763123,0.055734585515163505
0.0003561157718398869,0.936252031747893,0.046342300990810326,0.01704955148945686
0.9228948985904162,0.00019436367551592648,0.056688856662638856,0.020221881071428974

Transition Gammas
1.0,1.0,691.2287458580594,6924.771254141946
3218.7544022771,449.24559772289996,1.0,1.0
130.22915431179777,82.4008336738249,1905.100147274069,196.47329632616027
81.21145766044053,59.43155097451479,1864.445547000225,126.65571891068615

97.8502435114204,69.62441580203443,203.15553710739974,1557.6894535306003
23.833191001006085,20.74171050740749,491.23718717969325,31.625922350802377
1.3880346206929766,3649.2352670763084,180.6286698437501,66.45414105751487
6075.834242459737,1.2795839233629744,373.2083653326304,133.12978286952733

Iteration: ,32500
Error:,0.02861450576015656
Absolute Error:,0.060226592603862386
Transition Probabilities
0.0001211093617536635,0.0001211093617536635,0.09070798520765687,0.9090497960688358
0.87427853016253,0.12521920966670155,0.00025113008538422916,0.00025113008538422916
0.0561053174804981,0.03543862843673701,0.825109766350855,0.08334628773190995
0.038448228635335355,0.028410704752173464,0.8741780331747635,0.0589630334377277

0.0513362200312746,0.036640896762170534,0.1020992285632432,0.8099236546433117
0.04133369663297555,0.03496545523100956,0.8684895943933046,0.0552112537427103
0.00032946617682041665,0.9366688697031719,0.046286411082747274,0.016715253037260437
0.9225744345353853,0.00017937663861298115,0.05741778788080852,0.019828400945193156

Transition Gammas
1.0,1.0,748.9758338596231,7506.024166140381
3481.377107107193,498.6228928928054,1.0,1.0
140.13038542328331,88.5126202777241,2060.8198075957853,208.16827972735538
88.53625873995803,65.42245497914199,2013.0043769771555,135.77651220419932

107.51611869713362,76.73893798668789,213.83173070405124,1696.265282780784
25.59241824834077,21.64941990215629,537.7391996028982,34.18492931676101
1.3904681747979526,3953.08637206829,195.34564111343104,70.54450203753107
6595.029887568162,1.2822751731462054,410.4514638352004,141.74346476670985

Iteration: ,35000
Error:,0.02902888187941356
Absolute Error:,0.05978869360845793
Transition Probabilities
0.00011279043537108057,0.00011279043537108057,0.09130911366445109,0.9084653054648067
0.8759451822017443,0.123587746336322,0.00023353573096683797,0.00023353573096683797
0.05672330817614039,0.03499497354304189,0.8266771595756462,0.08160455870517148
0.03798336059593646,0.028306070505655444,0.8756679504870022,0.05804261841140602

0.0526217851099344,0.03554596807874272,0.10064721098178103,0.8111850358295419
0.04311928434674867,0.0328200417225791,0.8673724071721495,0.056688266758522655
0.0003052502479458255,0.9377597486335821,0.045305729472739406,0.016629271645732698
0.92157602283757,0.00016725079915111437,0.05900121441743303,0.019255511945845825

Transition Gammas
1.0,1.0,809.546601749023,8054.453398250974
3750.7972701878684,529.2027298121307,1.0,1.0
153.65040461576643,94.79334011531013,2239.278422566314,221.04799361499127
93.96245829240479,70.02297657659234,2166.2094134038525,143.58463880226455

119.18539632953869,80.50962704004253,227.96029639180034,1837.2886778727436
29.302154635864778,22.303198030304547,589.431869913607,38.52309665530511
1.3926488787808933,4278.358727925385,206.69917150651693,75.86803505719888
7081.139890941514,1.2851097210778273,453.3493088707627,147.95412465311276

Iteration: ,37500
Error:,0.02975745426958423
Absolute Error:,0.0600683096493695
Transition Probabilities
0.00010542962572482861,0.00010542962572482861,0.09101238575201036,0.9087767549965399
0.8753013643494635,0.12426243063417892,0.00021810250817884413,0.00021810250817884413
0.055814166292481544,0.034532474735725606,0.8286617355543072,0.08099162341748566
0.039018291719778976,0.02779876647453331,0.8753397108834579,0.05784323092222989

0.05253694806882336,0.034944933773365335,0.09884944532505048,0.8136686728327609
0.04517400750401071,0.03128298277447675,0.8643366108963945,0.05920639882511816
0.00028510940696384844,0.9366616111227721,0.04663325497485999,0.016420024495403956
0.9213521774929425,0.0001564348308776339,0.059603008304249194,0.01888837937193066

Transition Gammas
1.0,1.0,863.2524788578188,8619.747521142186
4013.2567555422884,569.7432444577101,1.0,1.0
163.15356913447377,100.9438441605571,2422.308326749381,236.75122837654953
103.68087602187128,73.86793048517826,2325.9856862242596,153.70321430325706

127.69205312599183,84.93432724769941,240.25545997430197,1977.6372099538125
32.64164660265309,22.604327683584295,624.5487561870639,42.781113605952704
1.3942772229062663,4580.578255437089,228.05170104286333,80.29923108221973
7581.706564580044,1.287285158885958,490.4666536510209,155.43041344745933

Iteration: ,40000
Error:,0.02895349068345796
Absolute Error:,0.059348475236856095
Transition Probabilities
9.88435306909163e-05,9.88435306909163e-05,0.09043386467014507,0.9093684482684731
0.8779155713206748,0.1216741722690689,0.00020512820512820512,0.00020512820512820512
0.05526380868840678,0.03390719282246436,0.8313827323339832,0.07944626615514581
0.03948988615741703,0.027027055250805395,0.876129317994162,0.05735374059761545

0.0535649324175145,0.03544984508875242,0.0985232823595037,0.8124619401342293
0.044219595577497814,0.030101896707854382,0.868483807957594,0.057194699757053796
0.0002672091467419933,0.9375238006238925,0.04638905602179089,0.015819934207574726
0.921594285692285,0.00014683453259378888,0.0600575913944884,0.018201288380632945

Transition Gammas
1.0,1.0,914.9194088678574,9200.08059113214
4279.838410188289,593.1615898117109,1.0,1.0
173.17907149276297,106.2542794150973,2605.2871319909436,248.95914582885618
111.51122822829517,76.31878487563694,2474.0070393441183,161.95503912147663

138.98300459609075,91.98043870377016,255.63481903163074,2108.065789753572
34.496544348249984,23.483059968946414,677.5206739383175,44.61866896082755
1.3959723162182271,4897.876017434146,242.34888203300974,82.64758324119676
8093.063473099506,1.2894407124408016,527.4011642031368,159.83625814910377

Iteration: ,42500
Error:,0.028951332431410595
Absolute Error:,0.0590778461901008
Transition Probabilities
9.298865538404318e-05,9.298865538404318e-05,0.09127095711009148,0.9085430655791406
0.8771007503861968,0.12251426405076175,0.00019249278152069297,0.00019249278152069297
0.05437483045174353,0.03356850573770903,0.8317184812778626,0.08033818253268472
0.039834877529523124,0.028363465984999132,0.8740703520644537,0.057731304421024025

0.0524868987811951,0.03550641257161896,0.0977078019220696,0.8142988867251164
0.04474590683653142,0.029300137754296903,0.8712737880362715,0.05468016737290005
0.00025109301230210153,0.9361813623999425,0.047652621821560236,0.015914922766195144
0.9213389179919885,0.00013857874706630727,0.06081335907698833,0.017709144183956797

Transition Gammas
1.0,1.0,981.5278727619234,9770.472127238074
4556.538398256293,636.4616017437073,1.0,1.0
181.33093287140312,111.94533224190764,2773.641533105057,267.9143541748307
119.68599219049206,85.21953069543007,2626.1905099016185,173.456751434986

143.82756606862003,97.29667819188931,267.74444028308665,2231.387825337119
37.24794924161903,24.390388328290197,725.2766594023477,45.51755105265167
1.3976211537847576,5210.925082594355,265.2415998378634,88.58483362381804
8583.458995536063,1.2910395619549364,566.5547865445526,164.9834930237375

Iteration: ,45000
Error:,0.029360248718361334
Absolute Error:,0.05929787416121829
Transition Probabilities
8.761938140716724e-05,8.761938140716724e-05,0.0918383431028627,0.9079864181343229
0.8771232954379181,0.12251359635583634,0.0001815541031227304,0.0001815541031227304
0.05523083366467049,0.03385462173906525,0.8312689799765232,0.07964556461974122
0.039439932806850354,0.028548589848517106,0.8747720062528773,0.057239471091755215

0.05110775009190544,0.03643663720710337,0.09663732127546439,0.8158182914255268
0.04627711873375636,0.029787900219243345,0.8678837492863913,0.056051231760609
0.0002377046133268654,0.9360326534902109,0.04794888289035707,0.015780759006105153
0.9221012143594973,0.0001309127995048643,0.06070806863240462,0.017059804208593234

Transition Gammas
1.0,1.0,1048.151009832972,10362.84899016703
4831.195111272057,674.8048887279471,1.0,1.0
194.48149262262024,119.21053750451111,2927.1046853694406,280.45182844898557
125.51378007780075,90.85313216242942,2783.8774915957674,182.1590929569825

148.15583486592396,105.62586682876072,280.141132940238,2364.968910736377
40.13411188986734,25.833737127010533,752.6774452327767,48.610770691828854
1.3986175021535112,5507.472629310731,282.1238758498385,92.85156663263977
9108.009892392385,1.2930848093062204,599.6409949812818,168.50738625485258

Iteration: ,47500
Error:,0.028825583787125447
Absolute Error:,0.059504489201470785
Transition Probabilities
8.313934153641513e-05,8.313934153641513e-05,0.09144396600822757,0.9083897553086997
0.8752110590062588,0.12444588782049941,0.00017152658662092615,0.00017152658662092615
0.05583645891800718,0.03303908242229482,0.8328455796416879,0.07827887901801005
0.040821002840826286,0.028252415762918703,0.8738932230120198,0.05703335838423527

0.05019196564283699,0.0374336618605923,0.09550185905186818,0.8168725134447026
0.04589618543654237,0.029765222437029087,0.8677642433674837,0.05657434875894483
0.0002251617773918006,0.9347675749359207,0.04932533859971194,0.01568192468697554
0.9226860216932216,0.00012423510819748026,0.06074298266695547,0.01644676053162569

Transition Gammas
1.0,1.0,1099.88802314696,10926.111976853026
5102.480474006492,725.519525993512,1.0,1.0
206.4218272318778,122.14219697723838,3078.947155371747,289.38921904572373
137.3343012633781,95.04974174525574,2940.043281864848,191.87760900790823

154.8903857516239,115.51877380021388,294.7148930926981,2520.8356974440458
41.67791310217722,27.029530720209937,788.0089027932773,51.374657152012865
1.3997033839430684,5810.921165191113,306.6277240831046,97.48565367249286
9620.129314911248,1.2953028204746355,633.3198233101801,171.47757677662446

Iteration: ,50000
Error:,0.028788729706156396
Absolute Error:,0.05912032607704582
Transition Probabilities
7.886435331230295e-05,7.886435331230295e-05,0.09145791238605272,0.9083843589073227
0.8769506265472288,0.12272257606715033,0.00016339869281045756,0.00016339869281045756
0.056360636570547254,0.033057141426841186,0.8321745051577982,0.07840771684481332
0.04189265584267051,0.028585806262168438,0.8719600470090181,0.05756149088614295

0.05028342171850682,0.037149361419117136,0.09362803154032102,0.8189391853220551
0.044246876058408366,0.03010240078296755,0.8695190407530203,0.056131682405603726
0.00021429203487210397,0.9355045369196824,0.04867965385487846,0.01560151719056701
0.9228871074394523,0.00011792209688090265,0.060997923089029744,0.01599704737463691

Transition Gammas
1.0,1.0,1159.6863290551469,11518.313670944835
5366.9378344690385,751.0621655309598,1.0,1.0
218.25399128025384,128.01227054440736,3222.557768044672,303.63030281129306
148.63183749520886,101.42018512706689,3093.6454469747805,204.2236279194507

163.7113260836321,120.94982825811535,304.8314668773749,2666.2787739756905
42.44288288793145,28.87509322444641,834.0678055280194,53.843132778429634
1.4008352286689876,6115.4289410658575,318.2207592551212,101.98771463566018
10150.05978102263,1.2969260521642187,670.8648987303052,175.9380815524811

Iteration: ,52028
Error:,0.029087371856967366
Absolute Error:,0.05916956945511097
Transition Probabilities
7.559721802237685e-05,7.559721802237685e-05,0.09123316964898029,0.908615635914975
0.8760193553661095,0.12366603082234418,0.00015730690577316352,0.00015730690577316352
0.05693606667674647,0.033798251541937475,0.8305173889433595,0.07874829283795663
0.04186903801690922,0.028101582214739074,0.873200287375584,0.05682909239276781

0.05122080445301025,0.03705284810905565,0.0921266243194297,0.8195997231185044
0.043951440032005,0.030059901635825278,0.8704883479167255,0.05550031041544435
0.0002064959473749235,0.9354208885167681,0.049040564534896566,0.015332051000960413
0.9230453642078669,0.00011313479037543542,0.06096879986646092,0.015872701135296746

*,*,*,*,*,*,*,*,*,*,*
Model Num 2
Model States: 
"['diamond', 'x', 'square']","['diamond', 'x', 'diamond']","['square', 'y', 'diamond', 'x', 'diamond']","['square', 'y', 'diamond', 'x', 'square']"
Iteration: ,52028
Error:,0.0294727438994984
Absolute Error:,0.05916956945511097
Transition Probabilities
7.559721802237685e-05,7.559721802237685e-05,0.09123316964898029,0.908615635914975
0.8760193553661095,0.12366603082234418,0.00015730690577316352,0.00015730690577316352
0.05693606667674647,0.033798251541937475,0.8305173889433595,0.07874829283795663
0.04186903801690922,0.028101582214739074,0.873200287375584,0.05682909239276781

0.05122080445301025,0.03705284810905565,0.0921266243194297,0.8195997231185044
0.043951440032005,0.030059901635825278,0.8704883479167255,0.05550031041544435
0.0002064959473749235,0.9354208885167681,0.049040564534896566,0.015332051000960413
0.9230453642078669,0.00011313479037543542,0.06096879986646092,0.015872701135296746

Transition Gammas
1.0,1.0,1206.83236811671,12019.167631883278
5568.855042062356,786.1449579376416,1.0,1.0
229.23153560370534,136.07587516829423,3343.7641116649247,317.05021345964536
154.38825409053655,103.6220181023283,3219.846316622467,209.5520884078075

172.67903551209983,124.91506415752977,310.5834982943097,2763.0899437341777
43.9863846325576,30.083801450132835,871.1804496449396,55.54443721030252
1.4019224672684891,6350.669718388684,332.94149402445254,104.09088914721707
10590.006715828042,1.297984082177624,699.4889147142679,182.10590523400336

