0,1,2,3,4,5,6,7,8,9,10,11,12,13,14,15,16,17,18,19,20,21,22,23,24,25,26,27,28,29
github Code Version (SHA):,528ca1c557fe8e6666681dc5c9134b0f84d30530
Environment Observations,Environment Actions,alpha,epsilon,numActions,explore,patience,gainThresh,insertRandActions,useUpdatedPosterior,revisedSplitting,haveControl,confidence_factor
"['diamond', 'square']","['x', 'y']",0.7,0.99,75000,0.5,0,0.01,False,True,False,False,250

Model Num 0
Model States: 
['diamond'],['square']
Iteration: ,0
Error:,0.3575561629895004
Absolute Error:,1
Transition Probabilities
0.5,0.5
0.5,0.5

0.5,0.5
0.5,0.5

Transition Gammas
1.0,1.0
1.0,1.0

1.0,1.0
1.0,1.0

Iteration: ,2296
Error:,0.04754221014205863
Absolute Error:,1
Transition Probabilities
0.4951644100580271,0.504835589941973
0.18341307814992025,0.8165869218500797

0.238,0.762
0.8024316109422492,0.19756838905775076


Model Num 1
Model States: 
['square'],"['diamond', 'y', 'square']","['diamond', 'y', 'diamond']"
Iteration: ,0
Error:,0.43228695505393616
Absolute Error:,1
Transition Probabilities
0.3333333333333333,0.3333333333333333,0.3333333333333333
0.3333333333333333,0.3333333333333333,0.3333333333333333
0.3333333333333333,0.3333333333333333,0.3333333333333333

0.3333333333333333,0.3333333333333333,0.3333333333333333
0.3333333333333333,0.3333333333333333,0.3333333333333333
0.3333333333333333,0.3333333333333333,0.3333333333333333

Transition Gammas
1.0,1.0,1.0
1.0,1.0,1.0
1.0,1.0,1.0

1.0,1.0,1.0
1.0,1.0,1.0
1.0,1.0,1.0

Iteration: ,2500
Error:,0.05338347649068899
Absolute Error:,1
Transition Probabilities
0.7880055788005579,0.16954390315142115,0.042450518048020996
0.501259985628578,0.4107944499807971,0.08794556439062495
0.35368970346973855,0.3898622177057273,0.25644807882453413

0.21208053691275172,0.6624611957012133,0.12545826738603508
0.9967213114754099,0.001639344262295082,0.001639344262295082
0.0060606060606060615,0.7549277800818561,0.23901161385753775

Transition Gammas
565.0,121.56297855956896,30.437021440431057
105.01533168918309,86.0625556749995,18.424835175088717
1.3791864033098826,1.5202384026143445,1.0

158.0,493.5335907974038,93.46640920259611
608.0,1.0,1.0
1.0,124.56308371350624,39.43691628649372

Iteration: ,5000
Error:,0.05533091625388371
Absolute Error:,1
Transition Probabilities
0.7860082304526749,0.17667396220981546,0.0373178073375096
0.5082724607178585,0.40327302345241617,0.08845451582972537
0.35368970346973855,0.3898622177057273,0.25644807882453413

0.21414004078857923,0.6639516973348601,0.12190826187656076
0.9983402489626556,0.0008298755186721991,0.0008298755186721991
0.0030303030303030307,0.7674224710196437,0.22954722595005334

Transition Gammas
1146.0,257.59063690191095,54.409363098088996
219.33930304404666,174.02796873076892,38.17155827366444
1.3791864033098826,1.5202384026143445,1.0

315.0,976.6729467795791,179.32705322042085
1203.0,1.0,1.0
1.0,253.24941543648237,75.75058456351759

Iteration: ,7500
Error:,0.04788955164811562
Absolute Error:,1
Transition Probabilities
0.792134831460674,0.16758559441823992,0.0402795741210859
0.5135297985086146,0.4108526556720155,0.07561754581937001
0.35368970346973855,0.3898622177057273,0.25644807882453413

0.20737122557726456,0.6734103015948036,0.11921847282793178
0.9989100817438692,0.0005449591280653951,0.0005449591280653951
0.002079002079002079,0.790834115578993,0.207086882342005

Transition Gammas
1692.0,357.96282967736056,86.0371703226395
333.11223233168243,266.508478549389,49.05095977777241
1.3791864033098826,1.5202384026143445,1.0

467.0,1516.5199991914983,268.4800008085025
1833.0,1.0,1.0
1.0,380.3912095934956,99.60879040650441

Iteration: ,10000
Error:,0.04551912070522717
Absolute Error:,1
Transition Probabilities
0.7938250428816467,0.1659214672538154,0.040253489864537965
0.51038512862838,0.41746400788340676,0.0721508634882133
0.35368970346973855,0.3898622177057273,0.25644807882453413

0.2073047007101792,0.6699800313683657,0.12271526792145515
0.9991783073130649,0.0004108463434675431,0.0004108463434675431
0.0015360983102918585,0.7941049104751005,0.2043589912146076

Transition Gammas
2314.0,483.6610770448719,117.33892295512817
435.6474494698097,356.3331297849612,61.58553196907693
1.3791864033098826,1.5202384026143445,1.0

613.0,1981.1309527562576,362.86904724374295
2432.0,1.0,1.0
1.0,516.9622967192905,133.03770328070956

Iteration: ,12500
Error:,0.0459143645268111
Absolute Error:,1
Transition Probabilities
0.7946453215567209,0.16368523894035078,0.04166943950292834
0.5080915585637111,0.42302075775264214,0.06888768368364671
0.35368970346973855,0.3898622177057273,0.25644807882453413

0.20814235643030485,0.669212627274265,0.12264501629543009
0.9993440472285995,0.00032797638570022957,0.00032797638570022957
0.0012165450121654504,0.7936878621802513,0.20509559280758316

Transition Gammas
2879.0,593.0316206808909,150.9683793191094
541.0879723915311,450.49251504776737,73.36137839507056
1.3791864033098826,1.5202384026143445,1.0

772.0,2482.109634560247,454.8903654397498
3047.0,1.0,1.0
1.0,652.4114227121665,168.58857728783335

Iteration: ,15000
Error:,0.04873536796187329
Absolute Error:,1
Transition Probabilities
0.7918781725888325,0.16444939885550613,0.04367242855566144
0.5149236998927313,0.417327940836831,0.06774835927043764
0.35368970346973855,0.3898622177057273,0.25644807882453413

0.20913569189431275,0.6693475737020188,0.12151673440366839
0.9994547437295529,0.0002726281352235551,0.0002726281352235551
0.0010193679918450564,0.8062617735713741,0.1927188584367809

Transition Gammas
3432.0,712.7236946397636,189.27630536023668
656.9031458574651,532.3973964434769,86.42855308602677
1.3791864033098826,1.5202384026143445,1.0

934.0,2989.3062641532133,542.6937358467826
3666.0,1.0,1.0
1.0,790.9427998735177,189.05720012648203

Iteration: ,17500
Error:,0.04536247591853584
Absolute Error:,1
Transition Probabilities
0.797532798120227,0.16080949150752366,0.041657710372249225
0.5183911525630744,0.41703028923701324,0.06457855819991247
0.35368970346973855,0.3898622177057273,0.25644807882453413

0.21067793355098932,0.6677888385491207,0.12153322789989003
0.9995288574793875,0.00023557126030624264,0.00023557126030624264
0.0008841732979664014,0.8059358840406319,0.1931799426614017

Transition Gammas
4073.0,821.2540731289234,212.74592687107682
774.0800551798777,622.724419018686,96.43099356087653
1.3791864033098826,1.5202384026143445,1.0

1097.0,3477.1764823252674,632.8235176747266
4243.0,1.0,1.0
1.0,911.5134848499547,218.48651515004534

Iteration: ,20000
Error:,0.04317317613135192
Absolute Error:,1
Transition Probabilities
0.7983062564811613,0.15975755803687935,0.04193618548195928
0.5227480156588592,0.4147100389817057,0.06254194535943515
0.35368970346973855,0.3898622177057273,0.25644807882453413

0.2076768354006036,0.6663028767294747,0.12602028786992173
0.9995882231830348,0.00020588840848260242,0.00020588840848260242
0.000757002271006813,0.8091753714033829,0.19006762632561022

Transition Gammas
4619.0,924.3572308013842,242.64276919861643
893.8089360177182,709.0826317741622,106.9359384707358
1.3791864033098826,1.5202384026143445,1.0

1239.0,3975.1629625680425,751.8370374319524
4855.0,1.0,1.0
1.0,1068.920665623869,251.0793343761311

Iteration: ,22500
Error:,0.04141647041214326
Absolute Error:,1
Transition Probabilities
0.7984031936127743,0.1599152388369003,0.04168156755032536
0.5234749468460381,0.415207227669873,0.06131782548408884
0.35368970346973855,0.3898622177057273,0.25644807882453413

0.2071226344807033,0.6673964218962902,0.12548094362300644
0.9996341686482532,0.00018291567587342235,0.00018291567587342235
0.0006761325219743071,0.8095723230371445,0.18975154444088116

Transition Gammas
5200.0,1041.5279505447318,271.4720494552691
1008.2084008709301,799.685672755254,118.09762272038303
1.3791864033098826,1.5202384026143445,1.0

1390.0,4478.897387346004,842.1026126539962
5465.0,1.0,1.0
1.0,1197.3574657719366,280.6425342280632

Iteration: ,25000
Error:,0.04488052589646669
Absolute Error:,1
Transition Probabilities
0.7969201154956688,0.16103505356347972,0.04204483094085152
0.5185032340312244,0.42065017179460673,0.06084659417416869
0.35368970346973855,0.3898622177057273,0.25644807882453413

0.21004443247610066,0.6647103637424863,0.12524520378141304
0.9996696399074991,0.00016518004625041294,0.00016518004625041294
0.0006086427267194158,0.8107087694900987,0.18868258778318192

Transition Gammas
5796.0,1171.2079445671882,305.79205543281313
1115.464636674395,904.951715343855,130.90029069958732
1.3791864033098826,1.5202384026143445,1.0

1560.0,4936.803871515447,930.196128484555
6052.0,1.0,1.0
1.0,1331.9945082722318,310.00549172776783

Iteration: ,27500
Error:,0.04731978333811271
Absolute Error:,1
Transition Probabilities
0.7955399649210724,0.1622290894678367,0.04223094561109095
0.5159669298533668,0.42269101857080876,0.061342051575824605
0.35368970346973855,0.3898622177057273,0.25644807882453413

0.20887472419710706,0.6650959609758086,0.12602931482708438
0.9997004194128221,0.00014979029358897544,0.00014979029358897544
0.0005491488193300386,0.8109325123503135,0.18851833883035657

Transition Gammas
6350.0,1294.9125921322725,337.08740786772796
1220.2852570407924,999.6834843506358,145.07674202276442
1.3791864033098826,1.5202384026143445,1.0

1704.0,5425.852849640648,1028.1471503593548
6674.0,1.0,1.0
1.0,1476.7081049899205,343.2918950100792

Iteration: ,30000
Error:,0.04468660454362565
Absolute Error:,1
Transition Probabilities
0.7944813373024958,0.16372862007498146,0.04179004262252265
0.5186047504399397,0.4223093146926565,0.059085934867403676
0.35368970346973855,0.3898622177057273,0.25644807882453413

0.20818805533685736,0.6652731607917238,0.1265387838714188
0.9997256139388119,0.00013719303059404582,0.00013719303059404582
0.0005083884087442806,0.8148895392351511,0.18460207235610462

Transition Gammas
6939.0,1430.0057677348884,364.9942322651129
1337.9977954495484,1089.556028125938,152.4414316058553
1.3791864033098826,1.5202384026143445,1.0

1851.0,5914.94367259922,1125.0563274007852
7287.0,1.0,1.0
1.0,1602.887723675542,363.11227632445775

Iteration: ,32500
Error:,0.046505863983628964
Absolute Error:,1
Transition Probabilities
0.7928624377846022,0.164768470755803,0.04236909145959475
0.5196735014237762,0.4228073683712547,0.05751913020496909
0.35368970346973855,0.3898622177057273,0.25644807882453413

0.20956530760452322,0.6636588978244474,0.12677579457102925
0.9997465466987707,0.00012672665061462426,0.00012672665061462426
0.0004683840749414519,0.8158851551900735,0.183646460734985

Transition Gammas
7487.0,1555.908669347048,400.0913306529533
1459.7400372946088,1187.6473246831843,161.5687100468224
1.3791864033098826,1.5202384026143445,1.0

2020.0,6397.008116129851,1221.9918838701515
7889.0,1.0,1.0
1.0,1741.9148063308073,392.0851936691931

Iteration: ,35000
Error:,0.04599627112594798
Absolute Error:,1
Transition Probabilities
0.793154322809088,0.1648340169467091,0.04201166024420282
0.521424644370211,0.4215218159125115,0.057053539717277536
0.35368970346973855,0.3898622177057273,0.25644807882453413

0.20954396767365768,0.6633803430157031,0.12707568931063926
0.999764899494534,0.00011755025273304338,0.00011755025273304338
0.00043572984749455336,0.817847450877987,0.18171681927451844

Transition Gammas
8064.0,1675.8674502971917,427.13254970281014
1570.94113434884,1269.9552404972871,171.8901347870335
1.3791864033098826,1.5202384026143445,1.0

2178.0,6895.175285305225,1320.8247146947856
8505.0,1.0,1.0
1.0,1876.9598997649803,417.0401002350198

Iteration: ,37500
Error:,0.04601924999941972
Absolute Error:,1
Transition Probabilities
0.7922424912474663,0.16538301285430687,0.042374495898226866
0.5219845902822686,0.42164043350541563,0.05637497621231568
0.35368970346973855,0.3898622177057273,0.25644807882453413

0.20852400179452635,0.6632224755995241,0.12825352260594952
0.9997811576758945,0.000109421162052741,0.000109421162052741
0.0004037141703673799,0.8179157768183825,0.18168050901125007

Transition Gammas
8599.0,1795.067221520647,459.9327784793545
1680.2536382635617,1357.2486345878358,181.46945456099007
1.3791864033098826,1.5202384026143445,1.0

2324.0,7391.614490556708,1429.3855094433097
9137.0,1.0,1.0
1.0,2025.9773791791333,450.02262082086645

Iteration: ,40000
Error:,0.047286308884795784
Absolute Error:,1
Transition Probabilities
0.7909106618282356,0.16687173200913233,0.04221760616263213
0.5176184101542086,0.42603888248415706,0.05634270736163426
0.35368970346973855,0.3898622177057273,0.25644807882453413

0.2084808632608326,0.6633722254261278,0.12814691131303957
0.9997947454844006,0.00010262725779967159,0.00010262725779967159
0.00037878787878787873,0.81754614924787,0.18207506287334216

Transition Gammas
9154.0,1931.373426273698,488.6265737263043
1792.0043973570662,1474.9543986065894,195.0594827586814
1.3791864033098826,1.5202384026143445,1.0

2473.0,7868.92133800474,1520.0786619952778
9742.0,1.0,1.0
1.0,2158.321834014377,480.67816598562337

Iteration: ,42500
Error:,0.046979341135324336
Absolute Error:,1
Transition Probabilities
0.7903199610199773,0.1673490478604518,0.04233099111957109
0.5177069557457299,0.42669515074625125,0.05559789350801885
0.35368970346973855,0.3898622177057273,0.25644807882453413

0.20864796121135015,0.6626053388562239,0.12874669993242605
0.9998064828253508,9.675858732462506e-05,9.675858732462506e-05
0.0003559985760056961,0.8188853537285213,0.180758647695473

Transition Gammas
9732.0,2060.7361753536034,521.2638246463983
1913.4139122267627,1577.0397300177804,205.48648564226428
1.3791864033098826,1.5202384026143445,1.0

2625.0,8336.237768150164,1619.7622318498545
10333.0,1.0,1.0
1.0,2300.2489586234155,507.7510413765835

Iteration: ,45000
Error:,0.048446877989976794
Absolute Error:,1
Transition Probabilities
0.7898461538461539,0.16851918841478636,0.04163465773905989
0.5174310379025762,0.4275270454023903,0.055041916695033555
0.35368970346973855,0.3898622177057273,0.25644807882453413

0.20882992279439266,0.6613259803228154,0.12984409688279186
0.9998174349612049,9.128251939753537e-05,9.128251939753537e-05
0.00033568311513930844,0.8194944126698577,0.18016990421500292

Transition Gammas
10268.0,2190.7494493922227,541.2505506077786
2026.1462210338145,1674.1019459194147,215.53204841008827
1.3791864033098826,1.5202384026143445,1.0

2786.0,8822.749903486705,1732.2500965133308
10953.0,1.0,1.0
1.0,2441.2738553435065,536.7261446564938

Iteration: ,47500
Error:,0.047018413228634544
Absolute Error:,1
Transition Probabilities
0.7903061224489795,0.1679741515073882,0.04171972604363225
0.5141653794086853,0.43056023341291855,0.05527438717839614
0.35368970346973855,0.3898622177057273,0.25644807882453413

0.20791868069377253,0.661771971977458,0.13030934732876948
0.9998274076630997,8.629616845012081e-05,8.629616845012081e-05
0.00031625553447185337,0.81792755495023,0.1817561895152982

Transition Gammas
10843.0,2304.6053586813664,572.3946413186345
2113.4488656638873,1769.7944539809675,227.20236632189417
1.3791864033098826,1.5202384026143445,1.0

2925.0,9309.808101778905,1833.1918982211341
11586.0,1.0,1.0
1.0,2586.2869287526264,574.7130712473728

Iteration: ,50000
Error:,0.04661133426960134
Absolute Error:,1
Transition Probabilities
0.7896742896742895,0.16932421040161713,0.04100149992409331
0.5145677782050195,0.43001438668963565,0.05541783510534468
0.35368970346973855,0.3898622177057273,0.25644807882453413

0.20838113233011624,0.661029733467556,0.1305891342023278
0.9998361998361999,8.19000819000819e-05,8.19000819000819e-05
0.0003004807692307694,0.8174020673470407,0.18229745188372853

Transition Gammas
11395.0,2443.3483560953355,591.6516439046666
2221.689418305829,1856.6230788104078,239.27113794114467
1.3791864033098826,1.5202384026143445,1.0

3088.0,9795.799620255737,1935.2003797443
12208.0,1.0,1.0
1.0,2720.31408013095,606.6859198690482

Iteration: ,52500
Error:,0.047623620151337
Absolute Error:,1
Transition Probabilities
0.7888954674034601,0.17026101063494978,0.04084352196159006
0.5167713869344779,0.4281387163199464,0.05508989674557564
0.35368970346973855,0.3898622177057273,0.25644807882453413

0.20871131699157128,0.6611134289109659,0.13017525409746278
0.9998439694180059,7.801529099703542e-05,7.801529099703542e-05
0.000287604256542997,0.8187000487318492,0.18101234701160784

Transition Gammas
11992.0,2588.1376226618722,620.8623773381306
2337.798157323292,1936.8369213104977,249.21863391648358
1.3791864033098826,1.5202384026143445,1.0

3244.0,10275.686025563167,2023.3139744368686
12816.0,1.0,1.0
1.0,2846.6200694406384,629.3799305593602

Iteration: ,55000
Error:,0.04860446766893706
Absolute Error:,1
Transition Probabilities
0.7897416556666036,0.1695618083794104,0.04069653595398595
0.5172190877616184,0.42754652724832143,0.05523438499006019
0.35368970346973855,0.3898622177057273,0.25644807882453413

0.20786240786240742,0.6616734908288777,0.13046410130871489
0.9998507796761918,7.461016190405133e-05,7.461016190405133e-05
0.00027404768429706777,0.8192777248532493,0.1804482274624535

Transition Gammas
12564.0,2697.5588095080407,647.4411904919626
2467.383622535298,2039.6024125284284,263.4945618791553
1.3791864033098826,1.5202384026143445,1.0

3384.0,10772.044430694152,2123.955569305883
13401.0,1.0,1.0
1.0,2989.544417989506,658.4555820104927

Iteration: ,57500
Error:,0.04607997429046416
Absolute Error:,1
Transition Probabilities
0.7901812507502098,0.1689239908187874,0.04089475843100268
0.5161665582636301,0.4274788000861668,0.056354641650202944
0.35368970346973855,0.3898622177057273,0.25644807882453413

0.20840197693574897,0.6609734085119382,0.13062461455231275
0.9998571122383367,7.144388083160678e-05,7.144388083160678e-05
0.0002608242044861762,0.8195193015017068,0.180219874293807

Transition Gammas
13166.0,2814.6115350226364,681.3884649773669
2567.8985920217356,2126.6821557621156,280.3610629759822
1.3791864033098826,1.5202384026143445,1.0

3542.0,11233.904051068936,2220.095948931114
13995.0,1.0,1.0
1.0,3142.0370019575453,690.9629980424564

Iteration: ,60000
Error:,0.047680537797374654
Absolute Error:,1
Transition Probabilities
0.7905575952271683,0.16875434846489917,0.040688056307932596
0.5176056457000963,0.42662661595824775,0.055767738341655826
0.35368970346973855,0.3898622177057273,0.25644807882453413

0.20831687637533097,0.6611461858326723,0.1305369377919967
0.9998630324613067,6.848376934666484e-05,6.848376934666484e-05
0.00025050100200400783,0.818960105691759,0.18078939330623695

Transition Gammas
13781.0,2941.725802440123,709.2741975598811
2678.957410478502,2208.0797298546568,288.63556094704546
1.3791864033098826,1.5202384026143445,1.0

3692.0,11717.49385151248,2313.506148487563
14600.0,1.0,1.0
1.0,3269.2887419215044,721.7112580784984

Iteration: ,62500
Error:,0.04639197525648774
Absolute Error:,1
Transition Probabilities
0.7907758430681066,0.16861793907309286,0.040606217858800545
0.5179421014357675,0.4264169986630912,0.05564089990114123
0.35368970346973855,0.3898622177057273,0.25644807882453413

0.2089552238805965,0.6610479685566908,0.12999680756271262
0.9998686457375542,6.567713122290818e-05,6.567713122290818e-05
0.00024125452352231588,0.8196800518373423,0.1800786936391354

Transition Gammas
14351.0,3060.07835829849,736.9216417015124
2782.9928112519056,2291.212547860751,298.968212870153
1.3791864033098826,1.5202384026143445,1.0

3864.0,12224.099034550354,2403.9009654496876
15224.0,1.0,1.0
1.0,3397.573814865786,746.4261851342167

Iteration: ,65000
Error:,0.04791602829414461
Absolute Error:,1
Transition Probabilities
0.7910906298003072,0.1681367515200422,0.04077261867965069
0.5171423726064361,0.4273234403620943,0.05553418703146957
0.35368970346973855,0.3898622177057273,0.25644807882453413

0.20889004419027765,0.661307493139284,0.12980246267043846
0.9998738249952684,6.308750236578134e-05,6.308750236578134e-05
0.00023218017181332696,0.820453695515914,0.17931412431227264

Transition Gammas
14935.0,3174.253731946877,769.7462680531255
2881.024742268753,2380.6392008251337,309.3835959970864
1.3791864033098826,1.5202384026143445,1.0

4018.0,12720.249630534157,2496.7503694658894
15849.0,1.0,1.0
1.0,3533.6940665870443,772.3059334129589

Iteration: ,67500
Error:,0.04783615127615665
Absolute Error:,1
Transition Probabilities
0.7916666666666666,0.16803239893591965,0.040300934397413765
0.5174158008747395,0.4276243805817771,0.054959818543483356
0.35368970346973855,0.3898622177057273,0.25644807882453413

0.2099513955003252,0.6606185055069885,0.12943009899268623
0.9998782788631246,6.0860568437709206e-05,6.0860568437709206e-05
0.0002244668911335576,0.8190497645860018,0.18072576852286473

Transition Gammas
15580.0,3306.8776110588988,793.1223889411029
2990.3193944520376,2471.384670959815,317.6312185060805
1.3791864033098826,1.5202384026143445,1.0

4190.0,13183.963514403002,2583.036485597045
16429.0,1.0,1.0
1.0,3648.866701230641,805.133298769363

Iteration: ,70000
Error:,0.04655173935015481
Absolute Error:,1
Transition Probabilities
0.7916830322073842,0.1680355204895093,0.040281447303106614
0.5183423982792594,0.42679244215511647,0.054865159565624065
0.35368970346973855,0.3898622177057273,0.25644807882453413

0.2098509334748414,0.6609333764357207,0.12921569008943773
0.9998827048266964,5.864758665180928e-05,5.864758665180928e-05
0.0002167786689789723,0.8200684421352519,0.1797147791957691

Transition Gammas
16125.0,3422.5474813303244,820.4525186696754
3108.3811378321275,2559.3769318664595,329.0138481514984
1.3791864033098826,1.5202384026143445,1.0

4350.0,13700.487960136094,2678.5120398639624
17049.0,1.0,1.0
1.0,3782.97572356992,829.0242764300834

Iteration: ,72500
Error:,0.04711809067567429
Absolute Error:,1
Transition Probabilities
0.7919924188580905,0.1678627434950325,0.040144837646876985
0.5199178388673628,0.4250946714639369,0.054987489668700325
0.35368970346973855,0.3898622177057273,0.25644807882453413

0.2108495394063455,0.6603742583375743,0.1287762022560802
0.9998866662888877,5.6666855556185186e-05,5.6666855556185186e-05
0.00020999580008399825,0.8217664765714315,0.17802352762848447

Transition Gammas
16715.0,3542.743201462661,847.2567985373388
3226.682168512298,2638.1964491358835,341.25998213828035
1.3791864033098826,1.5202384026143445,1.0

4532.0,14194.084308707854,2767.915691292194
17645.0,1.0,1.0
1.0,3913.2519614331586,847.7480385668434

Iteration: ,74999
Error:,0.04671560263995118
Absolute Error:,1
Transition Probabilities
0.7920937042459737,0.16758211086405808,0.040324184889968286
0.5195174247259324,0.425786631809742,0.054695943464325505
0.35368970346973855,0.3898622177057273,0.25644807882453413

0.2100999189846067,0.6615506942382247,0.12834938677716873
0.9998904589768869,5.477051155657794e-05,5.477051155657794e-05
0.0002039151712887438,0.8239618712680822,0.17583421356062917

Transition Gammas
17312.0,3662.6746150448535,881.3253849551469
3341.522135156941,2738.6481902830233,351.80284065689244
1.3791864033098826,1.5202384026143445,1.0

4668.0,14698.3333245849,2851.66667541514
18256.0,1.0,1.0
1.0,4040.7090166986764,862.2909833013258

*,*,*,*,*,*,*,*,*,*,*
Model Num 1
Model States: 
['square'],"['diamond', 'y', 'square']","['diamond', 'y', 'diamond']"
Iteration: ,74999
Error:,0.04541228325228381
Absolute Error:,1
Transition Probabilities
0.7921032163608912,0.16757444365854662,0.04032233998056215
0.5195174247259324,0.425786631809742,0.054695943464325505
0.35368970346973855,0.3898622177057273,0.25644807882453413

0.2100999189846067,0.6615506942382247,0.12834938677716873
0.9998904589768869,5.477051155657794e-05,5.477051155657794e-05
0.0002039151712887438,0.8239618712680822,0.17583421356062917

Transition Gammas
17313.0,3662.6746150448535,881.3253849551469
3341.522135156941,2738.6481902830233,351.80284065689244
1.3791864033098826,1.5202384026143445,1.0

4668.0,14698.3333245849,2851.66667541514
18256.0,1.0,1.0
1.0,4040.7090166986764,862.2909833013258

