0,1,2,3,4,5,6,7,8,9,10,11,12,13,14,15,16,17,18,19,20,21,22,23,24,25,26,27,28,29
github Code Version (SHA):,528ca1c557fe8e6666681dc5c9134b0f84d30530
Environment Observations,Environment Actions,alpha,epsilon,numActions,explore,patience,gainThresh,insertRandActions,useUpdatedPosterior,revisedSplitting,haveControl,confidence_factor
"['diamond', 'square']","['x', 'y']",0.8,0.99,75000,0.5,0,0.01,False,True,False,False,250

Model Num 0
Model States: 
['diamond'],['square']
Iteration: ,0
Error:,0.4542145724455429
Absolute Error:,1
Transition Probabilities
0.5,0.5
0.5,0.5

0.5,0.5
0.5,0.5

Transition Gammas
1.0,1.0
1.0,1.0

1.0,1.0
1.0,1.0

Iteration: ,2352
Error:,0.0766869764485532
Absolute Error:,1
Transition Probabilities
0.486,0.514
0.15151515151515152,0.8484848484848485

0.15139442231075698,0.848605577689243
0.8376436781609196,0.16235632183908047


Model Num 1
Model States: 
['square'],"['diamond', 'x', 'square']","['diamond', 'x', 'diamond']"
Iteration: ,0
Error:,0.5208275721404966
Absolute Error:,1
Transition Probabilities
0.3333333333333333,0.3333333333333333,0.3333333333333333
0.3333333333333333,0.3333333333333333,0.3333333333333333
0.3333333333333333,0.3333333333333333,0.3333333333333333

0.3333333333333333,0.3333333333333333,0.3333333333333333
0.3333333333333333,0.3333333333333333,0.3333333333333333
0.3333333333333333,0.3333333333333333,0.3333333333333333

Transition Gammas
1.0,1.0,1.0
1.0,1.0,1.0
1.0,1.0,1.0

1.0,1.0,1.0
1.0,1.0,1.0
1.0,1.0,1.0

Iteration: ,2500
Error:,0.06953055236809731
Absolute Error:,1
Transition Probabilities
0.8453188602442334,0.09491322599995722,0.0597679137558094
0.9958419958419958,0.002079002079002079,0.002079002079002079
0.002785515320334262,0.791195233228061,0.20601925145160482

0.1394658753709199,0.38821785991942376,0.47231626470965626
0.8126874210642576,0.113826385823338,0.07348619311240435
0.7912295854783851,0.09490266931181737,0.11386774520979764

Transition Gammas
623.0,69.95104756196847,44.04895243803153
479.0,1.0,1.0
1.0,284.0390887288739,73.96091127112614

94.0,261.65883758569163,318.3411624143083
71.4527654756677,10.007796159225602,6.461022511316914
63.722929555817515,7.643136988563971,9.170519454598848

Iteration: ,5000
Error:,0.05811231811537099
Absolute Error:,1
Transition Probabilities
0.8545830461750517,0.08361435310353155,0.06180260072141676
0.9978655282817502,0.0010672358591248667,0.0010672358591248667
0.0014064697609001402,0.8038979679240803,0.1946955623150195

0.14710144927536228,0.3807273015385572,0.4721712491860805
0.8406663838971933,0.09568916887873244,0.06364444722407418
0.8357577849967317,0.08111178970400755,0.08313042529926071

Transition Gammas
1240.0,121.32442635322428,89.67557364677572
935.0,1.0,1.0
1.0,571.5714551940213,138.4285448059789

203.0,525.403676123209,651.5963238767912
154.3913255493667,17.573650983184073,11.688525625622237
133.16610968012702,12.92400941753418,13.245650273183214

Iteration: ,7500
Error:,0.05862275508291308
Absolute Error:,1
Transition Probabilities
0.854089219330855,0.08351477953497503,0.062396001134169946
0.9985785358919688,0.0007107320540156361,0.0007107320540156361
0.0009337068160597574,0.8028482720480873,0.19621802113585293

0.1482194417709336,0.38375591090352323,0.4680246473255433
0.8299312151303421,0.09053192844867501,0.07953685642098288
0.8419070311625814,0.06558228233287396,0.09251068650454465

Transition Gammas
1838.0,179.72380555926628,134.27619444073372
1405.0,1.0,1.0
1.0,859.8504993635013,210.14950063649846

308.0,797.4447828575213,972.5552171424789
224.45476959068642,24.48434613627169,21.510730596071706
204.74798557009416,15.949314710203504,22.49818092070813

Iteration: ,10000
Error:,0.060253306147453396
Absolute Error:,1
Transition Probabilities
0.8493679775280899,0.08326423715127626,0.06736778532063385
0.99893219434063,0.0005339028296849973,0.0005339028296849973
0.0006988120195667367,0.7987258257007648,0.20057536227966838

0.1506849315068493,0.38677553623247457,0.462539532260676
0.8308571652603197,0.08519833897214628,0.08394449576753399
0.8421889879806049,0.06457030640893292,0.09324070561046208

Transition Gammas
2419.0,237.13654740683478,191.86345259316522
1871.0,1.0,1.0
1.0,1142.976656577794,287.02334342220536

418.0,1072.9153375088845,1283.0846624911153
299.00991277866655,30.661284478382022,30.210049822264228
278.82682256519615,21.377545450022563,30.86956734193337

Iteration: ,12500
Error:,0.06460600416467341
Absolute Error:,1
Transition Probabilities
0.8500711237553343,0.08471799912116644,0.06521087712349931
0.9991471215351813,0.00042643923240938164,0.00042643923240938164
0.000554938956714762,0.7882727589235032,0.211172302119782

0.15608919382504288,0.38855976548241894,0.4553510406925382
0.8317875472295069,0.0807464588077152,0.08746599396277792
0.8413460025936965,0.06227819266084419,0.09637580474545936

Transition Gammas
2988.0,297.78376691090006,229.21623308910006
2343.0,1.0,1.0
1.0,1420.467511580151,380.5324884198467

546.0,1359.1820596575014,1592.8179403424986
377.5217255785097,36.64823134822872,39.69801312877369
342.05808429853965,25.3198555760314,39.18259912370673

Iteration: ,15000
Error:,0.06369466158892416
Absolute Error:,1
Transition Probabilities
0.8494190182594261,0.08543478907321833,0.06514619266735555
0.9992874955468471,0.0003562522265764161,0.0003562522265764161
0.000464252553389044,0.7854336742521035,0.21410207319450753

0.15850760456273763,0.3881996986770299,0.4532926967602324
0.8316327631740381,0.08403267212497333,0.08433456470098859
0.8474423052278964,0.06071403265311849,0.09184366211898501

Transition Gammas
3582.0,360.2785055217617,274.72149447823836
2805.0,1.0,1.0
1.0,1691.8241343390296,461.17586566096884

667.0,1633.5443320329418,1907.4556679670582
448.6216622232043,45.33115903933394,45.49401403406491
415.86045132800245,29.79384539255333,45.06990805721742

Iteration: ,17500
Error:,0.05987464605187255
Absolute Error:,1
Transition Probabilities
0.8522057328725351,0.0834278463942358,0.06436642073322915
0.9993885661877102,0.0003057169061449098,0.0003057169061449098
0.00040080160320641326,0.7881523689314681,0.2114468294653254

0.15675126903553294,0.39061401206373614,0.4526347189007308
0.8368074486076243,0.07946503463039259,0.08372751676198317
0.8523867744474681,0.060940157475808415,0.08667306807672347

Transition Gammas
4192.0,410.38157641324585,316.6184235867542
3269.0,1.0,1.0
1.0,1966.440160484011,527.5598395159863

772.0,1923.7740094139012,2229.2259905861
523.8146612144496,49.742566539738554,52.41074383357942
491.19484833116707,35.11726402372979,49.94606416311409

Iteration: ,20000
Error:,0.05913762214801791
Absolute Error:,1
Transition Probabilities
0.8540849090260435,0.0822046896423709,0.06371040133158559
0.9994652406417113,0.00026737967914438503,0.00026737967914438503
0.00034650034650034694,0.787456472309233,0.2121970273442666

0.15324305060584467,0.38847249339783124,0.45828445599632417
0.8377723519648546,0.07497450680143776,0.08725314123370766
0.8501215947224148,0.06236888901213875,0.08750951626544652

Transition Gammas
4788.0,460.83949013513126,357.1605098648688
3738.0,1.0,1.0
1.0,2272.5993790844436,612.4006209155526

860.0,2180.107632948628,2571.8923670513705
592.6274870506729,53.03583181563816,61.721552048519804
561.6024854872929,41.20178019679084,57.81003816814307

Iteration: ,22500
Error:,0.06016550756609489
Absolute Error:,1
Transition Probabilities
0.8511546978804176,0.08402448676832157,0.06482081535126087
0.9995234691446271,0.0002382654276864427,0.0002382654276864427
0.0003092145949288813,0.7891831665997016,0.21050761880536956

0.15288140974757902,0.39037741882501037,0.45674117142741066
0.8381158108616359,0.07449223947376811,0.08739194966459604
0.8513844515570482,0.059433082779270036,0.08918246566368164

Transition Gammas
5381.0,531.202805349329,409.7971946506712
4195.0,1.0,1.0
1.0,2552.2183607834295,680.7816392165637

963.0,2458.98736117874,2877.012638821259
681.8254752677672,60.60106005009764,71.09525538407605
630.8055019569406,44.03500151648437,66.07683510763145

Iteration: ,22749
Error:,0.05927501377589666
Absolute Error:,1
Transition Probabilities
0.8516723976242576,0.08343706286366116,0.06489053951208128
0.9995286353994814,0.00023568230025925054,0.00023568230025925054
0.0003052503052503059,0.7896479348134634,0.2100468148812863

0.1525157232704403,0.3895133468859011,0.45797092984365867
0.8374340167040056,0.0747104483022106,0.08785553499378367
0.8497389024306536,0.059993982942521944,0.09026711462682435


Model Num 2
Model States: 
"['diamond', 'x', 'square']","['diamond', 'x', 'diamond']","['square', 'y', 'diamond', 'x', 'diamond']","['square', 'y', 'diamond', 'x', 'square']"
Iteration: ,0
Error:,0.4530342134378878
Absolute Error:,0.55
Transition Probabilities
0.25,0.25,0.25,0.25
0.25,0.25,0.25,0.25
0.25,0.25,0.25,0.25
0.25,0.25,0.25,0.25

0.25,0.25,0.25,0.25
0.25,0.25,0.25,0.25
0.25,0.25,0.25,0.25
0.25,0.25,0.25,0.25

Transition Gammas
1.0,1.0,1.0,1.0
1.0,1.0,1.0,1.0
1.0,1.0,1.0,1.0
1.0,1.0,1.0,1.0

1.0,1.0,1.0,1.0
1.0,1.0,1.0,1.0
1.0,1.0,1.0,1.0
1.0,1.0,1.0,1.0

Iteration: ,2500
Error:,0.04969893028526441
Absolute Error:,0.1732814371537335
Transition Probabilities
0.0016638935108153079,0.0016638935108153079,0.17903736123305286,0.8176348517453165
0.7896576558228086,0.20486289212239692,0.0027397260273972607,0.0027397260273972607
0.059781000214541656,0.06321574761577417,0.6847776458181286,0.1922256063515555
0.1385377393481373,0.0387486059983662,0.5656295026752447,0.25708415197825174

0.08187841833316042,0.05857195420293385,0.3748387446969204,0.4847108827669854
0.09152132989444971,0.07836258319178585,0.6403669490443525,0.1897491378694118
0.0040212284300894146,0.9380152725613852,0.04221529333155895,0.01574820567696648
0.8549602411972267,0.003323352030444585,0.1208765000401506,0.020839906732178108

Transition Gammas
1.0,1.0,107.60145410106477,491.3985458989352
288.22504437532507,74.77495562467486,1.0,1.0
10.549020429236249,11.155119697813795,120.83660944606574,33.92033992652445
16.461168698641664,4.604141392645588,67.20856503272499,30.546951432682913

10.799963923734612,7.725784220212901,49.44214852163536,63.93455264395236
4.86170151671338,4.16269617144394,34.01691136932279,10.079657632146368
1.371145199816811,319.84135213596966,14.394431407404182,5.36977120178679
403.1926427868635,1.5672671353578582,57.00442330951848,9.82793896826403

Iteration: ,5000
Error:,0.04663862218468289
Absolute Error:,0.15190360142705137
Transition Probabilities
0.0008665511265164641,0.0008665511265164641,0.18090498669028837,0.8173619110566787
0.7931264184456456,0.20418901779596516,0.0013422818791946306,0.0013422818791946306
0.057920708865852606,0.06359106115331953,0.7263609017899724,0.15212732819085556
0.09940033635082918,0.029867671704162654,0.6785265279333987,0.19220546401160946

0.08535901358918337,0.06361224405907383,0.31899356693033065,0.5320351754214121
0.11022182069086137,0.0769790236187907,0.5989029510053394,0.21389620468500847
0.002006694224408981,0.9160458452612239,0.06693680857278445,0.015010651941582551
0.854467040587424,0.0017838368410312301,0.12614044338457767,0.017608679186967128

Transition Gammas
1.0,1.0,208.76435464059287,943.2356453594075
590.879181742006,152.12081825799407,1.0,1.0
22.506374217780582,24.70971518213154,282.243615331296,59.11244257980849
26.94417277808094,8.096146717608613,183.92629918899016,52.100600675450565

24.417683367113046,18.19683204379029,91.2508660296635,152.19325888804207
10.197952648979797,7.122259756812498,55.41174966449367,19.7901228041959
1.412410347965509,644.7582373636565,47.11342661876255,10.565237032186113
773.691332838005,1.6152046100621726,114.21595349060814,15.944070189431189

Iteration: ,7500
Error:,0.04552119155355513
Absolute Error:,0.14658850223396025
Transition Probabilities
0.0005740528128587827,0.0005740528128587827,0.16672471305712772,0.8321271813171547
0.773070848214288,0.22515137400793425,0.0008888888888888887,0.0008888888888888887
0.06292686994061544,0.06194191949539749,0.7439260773595973,0.13120513320438978
0.11039803920585504,0.034556263793967625,0.6937029204961361,0.1613427765040411

0.06745932191370928,0.06667085828021843,0.3080916192964697,0.5577782005096026
0.11142514270419464,0.0928856373482085,0.596664029400648,0.1990251905469488
0.0013779272057394649,0.9086924139834259,0.07409892962406305,0.015830729186771506
0.8595220588304785,0.001189200569177235,0.12455429471412904,0.014734445886215211

Transition Gammas
1.0,1.0,290.4344501455166,1449.5655498544843
869.7047042410742,253.29529575892607,1.0,1.0
37.12724111704758,36.54611428359058,438.9209708579862,77.41183727826909
45.73568089341544,14.315963083389333,287.3871278409351,66.84105799095673

28.84689589835475,28.50973377294763,131.74586724084259,238.51662347056967
15.64790500503962,13.04432369825101,83.79205828590811,27.949950968932654
1.438762783538255,948.8112445107561,77.3704022963314,16.529656933492774
1189.0539016734879,1.6451277336343595,172.30711949562004,20.383479621034958

Iteration: ,10000
Error:,0.04627685942999889
Absolute Error:,0.14109244925110084
Transition Probabilities
0.0004275331338178704,0.0004275331338178704,0.16847277731140928,0.8306721564209549
0.7602790175336084,0.23839910540095857,0.0006609385327164576,0.0006609385327164576
0.06443918112745435,0.06164683820553684,0.7481039154411054,0.12581006522590338
0.11520875188712021,0.03899975802951907,0.6994772483307504,0.14631424175261032

0.0737460998612822,0.06201542704712888,0.2874535065922452,0.5767849664993439
0.10159865794248213,0.08550699365079684,0.6241323568802285,0.18876199152649253
0.0010512589183038976,0.909286640864496,0.07167287624804843,0.0179892239691516
0.8641919256925866,0.0008873806625300333,0.12164380363142004,0.01327689001346328

Transition Gammas
1.0,1.0,394.0578261313868,1942.9421738686158
1150.3021535283492,360.6978464716502,1.0,1.0
49.85363940278293,47.693331734644694,578.7736930182843,97.33347809940683
62.75567730341841,21.243665864984635,381.0141830226269,79.69923456264499

43.277400809908784,36.39333466806595,168.6901496134261,338.4823634507512
18.4669758545651,15.542090999269542,113.44477769662163,34.31012978294265
1.4525483902291885,1256.3820610203074,99.03204548805833,24.856120469372108
1627.136160539743,1.6707968695832933,229.03596493990847,24.998275496616827

Iteration: ,12500
Error:,0.04460644701380958
Absolute Error:,0.1370892126738356
Transition Probabilities
0.0003427004797806717,0.0003427004797806717,0.16551352089546292,0.8338010781449758
0.7615148468380609,0.23741962306071376,0.0005327650506126793,0.0005327650506126793
0.0698434838891376,0.06172783806062835,0.7424812790491008,0.1259473990011333
0.11210273576491377,0.04166067390859856,0.7189395244049578,0.12729706592153003

0.07667181808237962,0.06605933955879552,0.2720142388564067,0.5852546035024181
0.08879073949300151,0.08184735052379398,0.6238584376939017,0.2055034722893029
0.0008560932359078706,0.912063698892172,0.068401534362367,0.01867867350955312
0.8672082859401982,0.0007160875538231548,0.11895432293986236,0.013121303566116235

Transition Gammas
1.0,1.0,482.9684539729608,2433.0315460270394
1429.3633675150415,445.6366324849601,1.0,1.0
68.48848145554474,60.530283669937575,728.0767292759882,123.5039494100145
78.55823274107952,29.1945499343133,503.81124153298794,89.20596329505457

57.40890415539749,49.462689005561764,203.67378468360153,438.2161044215152
20.238991259621756,18.656312824208772,142.20250377263005,46.84253113820445
1.4647411551120215,1560.504370104416,117.03227902170947,31.958460439567666
2046.509422645992,1.689882292521895,280.7181927430177,30.96473110418029

Iteration: ,15000
Error:,0.04456813223271731
Absolute Error:,0.13246311195784188
Transition Probabilities
0.00028506271379703525,0.00028506271379703525,0.16239993133906155,0.8370299432333443
0.7600256446039193,0.23908546650719184,0.0004444444444444442,0.0004444444444444442
0.0702603665931112,0.06270180836738606,0.7426757018062929,0.12436212323320987
0.10597634552903688,0.04758394412152775,0.7268370169288887,0.1196026934205467

0.08197180674872374,0.06687941527853788,0.25996128722220585,0.5911874907505326
0.08476036552581007,0.07768970975744438,0.6405463149719132,0.1970036097448323
0.0007221352826827009,0.9101065739335511,0.06932936915471292,0.019841921629053433
0.8666262103954139,0.0006025102845245477,0.11999301137933395,0.01277826794072767

Transition Gammas
1.0,1.0,569.6989591374281,2936.301040862573
1710.0577003588194,537.942299641182,1.0,1.0
85.5876271388859,76.3801735701146,904.6899999741767,151.4916524009105
91.70114467574969,41.1743028347343,628.9307874541131,103.4919994477617

72.39240536292245,59.063743173557945,229.58165288396603,522.1000509003402
22.887575264759818,20.978308297047185,172.96470943155597,53.196265937423554
1.4726180898959325,1855.939512509106,141.38027268107209,40.46274074947844
2447.4140114665847,1.7015318654224494,338.86879234111535,36.08673684833738

Iteration: ,17500
Error:,0.04461543868663556
Absolute Error:,0.12856354036632872
Transition Probabilities
0.00024685262898049875,0.00024685262898049875,0.16145016328241577,0.8380561314596232
0.7578905097056627,0.2413487447637173,0.0003803727653100036,0.0003803727653100036
0.06835573160990764,0.06081818175712344,0.7491062738007036,0.12171981283226527
0.09996679474595146,0.04852263232037327,0.7354274901464939,0.11608308278718146

0.08349062579157653,0.06550621145147223,0.25175624317019224,0.599246919586759
0.08378745226403775,0.08358912168206771,0.653523584182291,0.17909984187160363
0.0006176260661617351,0.908963639653221,0.07070373525042616,0.01971499903019111
0.8643795209488983,0.000523428967050122,0.12242434748421097,0.012672702599840664

Transition Gammas
1.0,1.0,654.034611457066,3394.9653885429325
1992.4941500161883,634.505849983813,1.0,1.0
98.87251867840862,87.96989908738632,1083.5378731830858,176.06050267255432
100.85075419706732,48.95169518611401,741.9305303027527,117.10955101000651

86.5002129952874,67.8675143388177,260.831302324627,620.8479777169691
27.954780249825205,27.888609389081992,218.04109911735958,59.7547316097119
1.4826009890411893,2181.951936593697,169.72312788323615,47.325523747330365
2830.1141426070008,1.7137885458837723,400.83651777652733,41.49241621723001

Iteration: ,20000
Error:,0.04050023493170455
Absolute Error:,0.12444657693330988
Transition Probabilities
0.00021772262138036158,0.00021772262138036158,0.16000654215541832,0.8395580126018208
0.7619280703075063,0.23740415005977247,0.0003338898163606009,0.0003338898163606009
0.06822894852720782,0.06144607820402112,0.7520543546392815,0.11827061862948957
0.09523124261511678,0.04690078730332052,0.7435348317294861,0.11433313835207659

0.08114548778115288,0.06342086350240901,0.24634154372701889,0.6090921049894192
0.0755205710739584,0.08138209994267429,0.6664158065466759,0.17668152243669158
0.0005373786588634362,0.9067519334832943,0.07373009544111486,0.018980592416727286
0.8615835600054453,0.00046275353725658497,0.1260698153008926,0.011883871156405462

Transition Gammas
1.0,1.0,734.9100481198358,3856.0899518801602
2281.974570570982,711.0254294290188,1.0,1.0
114.52777092914238,103.14217822421851,1262.3836467309025,198.52673403935958
110.2879464605236,54.316119132986444,861.0927197992798,132.40998116762836

96.48069140727401,75.40639569339015,292.8961684871189,724.2008031128034
29.67038365411704,31.973250381172992,261.8202215929208,69.41431295794037
1.4899987465981375,2514.1661695740886,204.43266211236033,52.62780433154645
3211.75186997888,1.7250207729286116,469.95437684300146,44.29987662361163

Iteration: ,22500
Error:,0.04211491939608137
Absolute Error:,0.12273192477103002
Transition Probabilities
0.0001932740626207964,0.0001932740626207964,0.16018621088518445,0.839427240989574
0.7642593627144884,0.23514716547542264,0.00029673590504451005,0.00029673590504451005
0.06994231355480238,0.06345594682458058,0.7511431926874034,0.11545854693321371
0.0929115187182498,0.047927602494152795,0.7486108728537751,0.11055000593382232

0.08229840969182668,0.06614880612836102,0.23872238764629963,0.6128303965335126
0.07885494486864898,0.07914806666633961,0.6654515271953381,0.17654546126967327
0.0004806101648538812,0.9068176403705284,0.07418589164811938,0.018515857816498307
0.8623294401723969,0.0004118070250061223,0.1259968200108045,0.011261932791792374

Transition Gammas
1.0,1.0,828.8034551199437,4343.196544880053
2575.5540523478285,792.4459476521752,1.0,1.0
132.08340795917854,119.83415025726626,1418.5054470317555,218.03908938477664
120.8640825921527,62.34669055258196,973.8315293323255,143.80913402424002

111.83723936481312,89.89116426886238,324.4054521698781,832.7896007200542
33.91051246423685,34.036565565798014,286.168512892774,75.9210100883591
1.4941397462264658,2819.1502763343233,230.63201202663882,57.56282559591538
3630.8695087461747,1.7339284743465087,530.5141987089655,47.41877811233345

Iteration: ,25000
Error:,0.04245555012795732
Absolute Error:,0.12268176855091566
Transition Probabilities
0.00017322016282695336,0.00017322016282695336,0.16094295247279808,0.838710607201548
0.7636497136351839,0.2358176631957083,0.0002663115845539279,0.0002663115845539279
0.07135520617807249,0.06472239410584156,0.748710739773779,0.11521165994230699
0.09197877346014637,0.04689115112011381,0.7494056789966818,0.11172439642305813

0.08373072267910629,0.06627477629103518,0.23368752737682502,0.6163069736530336
0.07951833714568665,0.08532141613062047,0.6643339231984416,0.17082632352525123
0.00043462901083898576,0.9060418819310314,0.0743391125768741,0.01918437648125565
0.861867025240305,0.00036983496749433165,0.12704720959465343,0.010715930197547264

Transition Gammas
1.0,1.0,929.1236646254617,4841.876335374528
2867.5046747001174,885.4953252998853,1.0,1.0
148.66858733143872,134.8491219605081,1559.9389864316545,240.04351812799388
132.5585823678625,67.57890200365368,1080.0334760853145,161.01571100165555

127.01543370627047,100.53561207936936,354.49261264909694,934.9077023346026
36.87899608617349,39.57034672119791,308.1046338866578,79.22579297855545
1.4974066751370882,3121.543035837313,256.11701156694585,66.095020546195
4060.7312261913175,1.7424966463045186,598.5895226211239,50.488661355542625

Iteration: ,27500
Error:,0.04319020230960592
Absolute Error:,0.12075585968977195
Transition Probabilities
0.0001579529300268522,0.0001579529300268522,0.15944164518207934,0.840242448957867
0.7676453835910132,0.23186621592058632,0.00024420024420024393,0.00024420024420024393
0.07057711906459624,0.06639825680325329,0.7457481931539947,0.11727643097815588
0.09288690459319893,0.04668163026451698,0.7513660516173283,0.1090654135249558

0.08324635318192504,0.06741347591266865,0.22898905301924066,0.6203511178861656
0.07946784501800938,0.08137232547820833,0.6711250635234467,0.16803476598033562
0.0003983186502867012,0.907327755830568,0.07305249664394754,0.019221428875197687
0.8619810717093022,0.00033708852854095887,0.12713888985586402,0.010542949906292913

Transition Gammas
1.0,1.0,1009.4250556477431,5319.574944352249
3143.5078458052026,949.492154194802,1.0,1.0
164.65341647521183,154.90430858544815,1739.7988110089468,273.60092461268
148.13897147156672,74.44933948749372,1198.3023287589763,173.94096889618

140.43420087937733,113.72459280717587,386.2979390893576,1046.514473908363
40.388922478729576,41.356860059669366,341.0941640362596,85.40238048953255
1.5014603033267424,3420.167763938673,275.37104700181146,72.45508692237927
4476.061822406371,1.7504202155870188,660.2018880744992,54.74702069445833

Iteration: ,30000
Error:,0.043434789481284236
Absolute Error:,0.12056453058467377
Transition Probabilities
0.00014488554042306598,0.00014488554042306598,0.16061089567317013,0.8390993332459837
0.7647594071656528,0.23479476135864497,0.00022291573785109212,0.00022291573785109212
0.07218465366123614,0.06746068148246986,0.7447216558536021,0.11563300900269206
0.0913577309478006,0.04531671613313147,0.7564989433141354,0.10682660960493262

0.08381214598031043,0.06820016137557822,0.2255773604086467,0.6224103322354647
0.07876305660041952,0.08336814921096074,0.6711787457865305,0.16669004840208929
0.00036598086188015976,0.9058468287793525,0.07491356803594039,0.018873622322827004
0.8615160753662959,0.00031058570444726197,0.1278611755408664,0.010312163388390347

Transition Gammas
1.0,1.0,1108.5364019362187,5791.463598063771
3430.710700545121,1053.2892994548822,1.0,1.0
185.62945933163948,173.4813314822293,1915.1200610789226,297.3608911777211
158.08860206503644,78.41762518990528,1309.072140600139,184.85648888806782

154.09994506197074,125.39520374127062,414.7544301557815,1144.385421487961
43.43716486206034,45.976834798232794,370.14944684720535,91.92816309858402
1.504990668658629,3725.033646686545,308.06042772512967,77.61232468200187
4875.324209062124,1.7576062097698482,723.5670956557465,58.35658933450288

Iteration: ,32500
Error:,0.042954895096749934
Absolute Error:,0.11925357881878616
Transition Probabilities
0.00013338668800853696,0.00013338668800853696,0.1620475437343252,0.8376856828896577
0.7637743834795522,0.23581443230992152,0.00020559210526315775,0.00020559210526315775
0.07220815576520956,0.06568980858133328,0.7461864860473204,0.11591554960613683
0.09009595257057178,0.04552456609093482,0.7597260754035625,0.10465340593493089

0.08365991008613848,0.06741045274577669,0.22155861421952014,0.6273710229485647
0.07778565048210007,0.08230985448801224,0.6755124690676836,0.16439202596220404
0.00033809309760515386,0.9073531856957617,0.07430430156720215,0.018004419639430978
0.8636956660668831,0.00028672068415236477,0.12647157975927042,0.009546033489693977

Transition Gammas
1.0,1.0,1214.8704353762344,6280.129564623755
3714.9986012445447,1147.0013987554591,1.0,1.0
199.79088392876795,181.75543721474597,2064.6041439951014,320.72374472769945
167.50933409853053,84.64075836307725,1412.507502914269,194.5750262818074

166.9181952363482,134.49728909348318,442.0535951629734,1251.7302347843056
46.55507401333589,49.262831177302026,404.29735818194615,98.38939301065315
1.5085520404909272,4048.5579546668005,331.54153853020654,80.33468940155166
5314.902632418705,1.7643859739505605,778.2650285252745,58.74318989531981

Iteration: ,35000
Error:,0.04358768510733652
Absolute Error:,0.11862726491621796
Transition Probabilities
0.0001234720335843933,0.0001234720335843933,0.16228800844020994,0.8374650474926213
0.765353635301293,0.23426292911588506,0.00019171779141104287,0.00019171779141104287
0.07317010293028516,0.0654939548542017,0.7432152101130185,0.11812073210249459
0.09002615505396043,0.0475692569697729,0.7598522247554773,0.10255236322078941

0.08370896227719336,0.06900615001205328,0.21844697401470403,0.6288379136960492
0.07633708116562055,0.08068014999983969,0.67835833060595,0.1646244382285898
0.0003155652036445514,0.9072695154431388,0.07391933328933438,0.01849558606388244
0.8659190467729007,0.0002655268934424733,0.12455446310345654,0.009260963230200243

Transition Gammas
1.0,1.0,1314.3705803572584,6782.629419642731
3992.0845617315454,1221.915438268457,1.0,1.0
216.43588136912382,193.72996996771488,2198.417558616967,349.3990542138211
179.86212399195819,95.03802078600737,1518.0992121969182,204.8880778950307

181.0514022266641,149.25116596923453,472.47188212138803,1360.0931483411644
49.06899979518706,51.86069736185745,436.0445052038192,105.81956242465655
1.5120694847839857,4347.293468774088,354.19357683135803,88.6238754064083
5775.735818272175,1.7710814826001204,830.7862918055952,61.77122127029194

Iteration: ,37500
Error:,0.042159441336853856
Absolute Error:,0.11724930733988523
Transition Probabilities
0.0001152737752161385,0.0001152737752161385,0.16370659508607943,0.8360628573634883
0.7686051114636019,0.2310367223472864,0.0001790830945558738,0.0001790830945558738
0.07314213159823266,0.06679399730929375,0.7410640789179249,0.11899979217454872
0.08923119188470911,0.04722926137426104,0.7645184293596027,0.0990211173814272

0.08286133746227681,0.06834800932865666,0.21609117152552484,0.6326994816835417
0.07651543965806329,0.07693968776722712,0.6788925670948559,0.1676523054798538
0.00029450993508368587,0.9080292470215361,0.07282021396023867,0.018856029083141348
0.8655078184785011,0.00024889895533826813,0.12523482289213786,0.009008459674022811

Transition Gammas
1.0,1.0,1420.1547123717369,7252.84528762825
4291.890942412756,1290.1090575872481,1.0,1.0
232.6783169047153,212.48375640230978,2357.458537690913,378.5598088291694
191.5252376046407,101.372572925893,1640.9572789906476,212.53826866796297

192.29979572224883,158.61810386426134,501.49188287791924,1468.3323345668657
52.45389440052406,52.74473067640706,465.40357322434306,114.931265728118
1.5153089444735302,4671.981063947196,374.67368128369253,97.01781204365172
6179.0621235726785,1.776947677065615,894.080601196052,64.31349408413104

Iteration: ,40000
Error:,0.041288148201542293
Absolute Error:,0.11619026401708685
Transition Probabilities
0.00010814318157240213,0.00010814318157240213,0.16346925836838944,0.8363144552684657
0.7690892656908237,0.23057499484300195,0.00016786973308712417,0.00016786973308712417
0.07345458704808774,0.06667057389771601,0.7394947511630549,0.12038008789114137
0.08868067371808522,0.04792300285556211,0.7665084795840426,0.09688784384231029

0.08117626421312485,0.06730695080479837,0.21500391872585797,0.636512866256219
0.0741747935578067,0.07573939596470658,0.6824127898413554,0.1676730206361313
0.00027676529359473885,0.9083919113451774,0.07274949290817412,0.018581830453053765
0.8659924583082453,0.00023341255544830002,0.12488143079547442,0.008892698340831907

Transition Gammas
1.0,1.0,1511.6002321324934,7733.399767867482
4581.464755720243,1373.5352442797646,1.0,1.0
248.57683291298136,225.6191311392931,2502.5157799817875,407.3768868127517
202.51242374929805,109.43763792860327,1750.4094580789958,221.25443194900228

202.68254048466054,168.05335788274581,536.8261385754755,1589.2582152496325
53.36128606103283,54.48685975799633,490.9272051030808,120.62383445542314
1.5173350042131348,4980.157832384782,398.84102047116704,101.8728230789558
6617.0182499698285,1.7834972168126446,954.2146686476872,67.94879868551493

Iteration: ,42500
Error:,0.042495181380425184
Absolute Error:,0.115639940927186
Transition Probabilities
0.00010200958890135688,0.00010200958890135688,0.1631071767842693,0.8366888040379279
0.7701203262087545,0.22956361816545529,0.00015802781289506952,0.00015802781289506952
0.07456656208050678,0.06745307559502745,0.7392939695477462,0.11868639277671965
0.08689335941252815,0.046264276508307334,0.770379180569004,0.09646318351016055

0.08199560762365403,0.06641315177438512,0.2136268988682084,0.6379643417337525
0.07397646054768275,0.07770318115589335,0.6825489213854949,0.16577143691092902
0.0002599184203439766,0.907576723174972,0.07322996499331225,0.018933393411371888
0.8640533926313089,0.0002210031662971283,0.1270970224822657,0.00862858172012829

Transition Gammas
1.0,1.0,1598.9396540161897,8202.060345983795
4873.321424248999,1452.6785757510013,1.0,1.0
269.89172150582283,244.14464319206593,2675.8551899535087,429.5822949600497
211.40013242803846,112.55490922052502,1874.231378475287,234.68225772771746

216.7621103026915,175.56861090100335,564.7402191179583,1686.5110341859684
57.3056083545305,60.19249953639799,528.7341524877754,128.4142681287423
1.5207628113242408,5310.162039310031,428.4629280565188,110.77783773108803
6990.429877623164,1.7879764721807851,1028.2499101257274,69.80760213696114

Iteration: ,45000
Error:,0.04258487401172934
Absolute Error:,0.11606919969280777
Transition Probabilities
9.609840476648112e-05,9.609840476648112e-05,0.1626283149225079,0.8371794882679592
0.7710892538177362,0.22861152415952304,0.00014961101137043683,0.00014961101137043683
0.07516101898646044,0.06647558565137962,0.739196710962993,0.11916668439916699
0.08903325711349792,0.04771349106584771,0.7658725482551243,0.09738070356553005

0.08400250727220175,0.0674399544858187,0.21145288668871873,0.6371046515532608
0.07419863583143856,0.08009725632149142,0.6817356432773647,0.1639684645697052
0.0002460368521893038,0.906313332962211,0.07379986144723817,0.019640768738361732
0.8640460777689591,0.00020879845988780468,0.12740696211336736,0.008338161657785658

Transition Gammas
1.0,1.0,1692.3102450836132,8711.689754916362
5153.96057251775,1528.0394274822524,1.0,1.0
287.5136921382935,254.28927555022224,2827.6515998770356,455.8487081934756
230.40489002016844,123.47545195938102,1981.964784521352,252.00684578460744

234.8972183468072,188.5831533911414,591.2882425477247,1781.5433765653397
60.74907284283037,65.57848408209475,558.1613164303308,134.2468373771846
1.5227070633137405,5609.117908138204,456.74283871434756,121.5555191049355
7416.105675737573,1.792116743886504,1093.5336889638384,71.56642404440888

Iteration: ,47500
Error:,0.04184516055656065
Absolute Error:,0.11529927007667262
Transition Probabilities
9.114939385653107e-05,9.114939385653107e-05,0.16308614166924776,0.8367315595430391
0.7721796320322953,0.22753595386076494,0.0001422070534698521,0.0001422070534698521
0.07569451067441849,0.06817836991194039,0.7372209316350339,0.11890618777860733
0.0886696175653896,0.04688652630971429,0.7698919762857764,0.09455187983911972

0.08355001248655931,0.06798502478873969,0.20752004969814808,0.6409449130265529
0.0740707693178887,0.07901925333981104,0.6815496326172066,0.1653603447250937
0.00023356693221847393,0.9054223013131963,0.07465313783011743,0.01969099392446774
0.8650346046504904,0.00019881207564141108,0.12642444162080893,0.008342141653059276

Transition Gammas
1.0,1.0,1789.218060253313,9179.781939746661
5429.967172451101,1600.0328275488991,1.0,1.0
308.2557868279902,277.64730724334544,3002.233799022669,484.22957154802884
243.90071526498838,128.96928640519693,2117.717532213327,260.08086823430756

246.57671497101848,200.64059334913253,612.4429024283329,1891.586684764371
64.896285386379,69.23184493671098,597.1321733339428,144.87863730447313
1.5258330463048035,5914.892382594512,487.68986101591184,128.63622842139455
7815.74144430953,1.796302449481316,1142.2673065763427,75.37273295379863

Iteration: ,50000
Error:,0.04309665655944759
Absolute Error:,0.11502789506494962
Transition Probabilities
8.661008141347674e-05,8.661008141347674e-05,0.16337025165615934,0.8364565281810137
0.7719071089934344,0.22782327655523105,0.0001348072256672957,0.0001348072256672957
0.07587608028035682,0.06950414286840999,0.7368519997455141,0.11776777710571913
0.08846844590435658,0.04647497764081133,0.7719848377220216,0.09307173873281052

0.08405800507789939,0.06715620052788301,0.20497153095141468,0.643814263442803
0.07286723745814806,0.07954612023762794,0.6801482644987673,0.16743837780545665
0.0002218757374117932,0.9045895998508919,0.0756256882250943,0.019562836186602015
0.8636807520719444,0.0001893096207714452,0.1279514070291795,0.008178531278104723

Transition Gammas
1.0,1.0,1886.2729256220114,9657.72707437796
5726.006934513299,1689.9930654867048,1.0,1.0
325.19206328268024,297.8830158669095,3158.0232037005517,504.7327996348562
255.7518320162728,134.35367325659658,2231.7170208872117,269.059408092123

261.16231430593683,208.64959540262498,636.8321415728768,2000.2856702115819
67.05882155880376,73.20531515654102,625.9320744628114,154.09147774815412
1.5278075833942844,6228.88679327195,520.7486916664085,134.70715557834603
8217.070219383892,1.8010942623789328,1217.3313967058948,77.8106558961684

Iteration: ,52500
Error:,0.04121117796055062
Absolute Error:,0.11424453594752632
Transition Probabilities
8.229775327133581e-05,8.229775327133581e-05,0.16322682639740732,0.8366085780960499
0.7737352707902455,0.22600746139395828,0.0001286339078981219,0.0001286339078981219
0.07665888126696453,0.06889316360257072,0.7358975639532505,0.11855039117721412
0.08900461366407335,0.04527991523787169,0.7730613360771682,0.09265413502088683

0.08255536697202981,0.06626957189715633,0.2043636888540798,0.646811372276734
0.07257777075794056,0.07747044789103663,0.6834662009958927,0.16648558035513
0.0002114169377533862,0.905072036389599,0.07541702493017571,0.019299521742471938
0.8634703120981412,0.00018007906240434244,0.12827334204628577,0.008076266793168578

Transition Gammas
1.0,1.0,1983.3691675548935,10165.630832445087
6015.01799512337,1756.9820048766323,1.0,1.0
344.05417693292526,309.2007124007225,3302.7957946731703,532.0682559860139
269.96496562587765,137.34109118063495,2344.816391299153,281.0345368209353

268.9405452302856,215.88632516450707,665.755406602577,2107.1168296083106
69.43043865570726,74.11094504222291,653.8277167503504,159.26593987652916
1.5294360649016328,6547.487767526538,545.5831451420634,139.61693373272317
8656.400676222478,1.805315707708181,1285.9567135929278,80.96561091933819

Iteration: ,55000
Error:,0.040871634235361255
Absolute Error:,0.11431721871610953
Transition Probabilities
7.840062720501778e-05,7.840062720501778e-05,0.1635071851368796,0.8363360136087103
0.7743803311397591,0.22537402896832245,0.00012281994595922372,0.00012281994595922372
0.07586350522617807,0.06932205860369342,0.7366031423304982,0.11821129383963036
0.08932711393551292,0.04698218215610237,0.7718952882773132,0.09179541563107137

0.08323442273815175,0.0655378749002691,0.20263405166582582,0.6485936506957533
0.07267354073878085,0.07758910513177454,0.6798560129691276,0.16988134116031703
0.0002021879033480442,0.9042836284023069,0.07602883826114543,0.019485345433199568
0.8642032125826669,0.00017207262679870685,0.1276063274312417,0.008018387359292688

Transition Gammas
1.0,1.0,2085.5341464208955,10667.465853579082
6305.004656139921,1834.9953438600821,1.0,1.0
357.01470646358945,326.23056804537504,3466.464591310962,556.3039862844854
285.0420137264802,149.91971889641044,2463.1108927955083,292.9183421422218

283.3330404750786,223.09333988156783,689.7737747623798,2207.8366742877165
72.20756974348554,77.09161633220883,675.4968861149755,168.79208946268596
1.5309259061747391,6847.052718419587,575.6749844227644,147.53909418160757
9081.53220685081,1.8082357013228472,1340.9588803789811,84.26171297466256

Iteration: ,55351
Error:,0.041908114357163795
Absolute Error:,0.1143085807290342
Transition Probabilities
7.78573653067581e-05,7.78573653067581e-05,0.16354436702690647,0.8362999182424801
0.7744689983011613,0.22528683126787785,0.0001220852154804053,0.0001220852154804053
0.07619993166789651,0.06969713604255175,0.73636553256741,0.1177373997221417
0.08922110042403415,0.046855451919140145,0.7725387903895465,0.09138465726727914

0.08356192113449278,0.06593569410518015,0.202146552700717,0.6483558320596101
0.07219123829951173,0.07797579043169152,0.6795578809498831,0.17027509031891366
0.00020104838613606128,0.9044499180973294,0.07596446544515663,0.019384568071377874
0.8647072696857698,0.00017088798493374572,0.12715839139085672,0.007963450938439712

*,*,*,*,*,*,*,*,*,*,*
Model Num 2
Model States: 
"['diamond', 'x', 'square']","['diamond', 'x', 'diamond']","['square', 'y', 'diamond', 'x', 'diamond']","['square', 'y', 'diamond', 'x', 'square']"
Iteration: ,55351
Error:,0.04212534717159079
Absolute Error:,0.1143085807290342
Transition Probabilities
7.78573653067581e-05,7.78573653067581e-05,0.16354436702690647,0.8362999182424801
0.7744689983011613,0.22528683126787785,0.0001220852154804053,0.0001220852154804053
0.07619993166789651,0.06969713604255175,0.73636553256741,0.1177373997221417
0.08922110042403415,0.046855451919140145,0.7725387903895465,0.09138465726727914

0.08356192113449278,0.06593569410518015,0.202146552700717,0.6483558320596101
0.07219123829951173,0.07797579043169152,0.6795578809498831,0.17027509031891366
0.00020104838613606128,0.9044499180973294,0.07596446544515663,0.019384568071377874
0.8647072696857698,0.00017088798493374572,0.12715839139085672,0.007963450938439712

Transition Gammas
1.0,1.0,2100.5638500935843,10741.436149906402
6343.675565084814,1845.3244349151878,1.0,1.0
360.1353277932678,329.401882462728,3480.2031529715277,556.4492790788743
286.15383441930976,150.27686462494898,2477.7203605087375,293.09288901218406

286.67292576504525,226.20325244866422,693.4970248321853,2224.2914091719795
72.20756974348554,77.99343048445617,679.7116137534908,170.31361075661752
1.5313767077916483,6889.155215605497,578.6179896208114,147.65140176265882
9152.649541561457,1.8087945965003702,1345.9308525209337,84.29057802121176

