0,1,2,3,4,5,6,7,8,9,10,11,12,13,14,15,16,17,18,19,20,21,22,23,24,25,26,27,28,29
github Code Version (SHA):,528ca1c557fe8e6666681dc5c9134b0f84d30530
Environment Observations,Environment Actions,alpha,epsilon,numActions,explore,patience,gainThresh,insertRandActions,useUpdatedPosterior,revisedSplitting,haveControl,confidence_factor
"['diamond', 'square']","['x', 'y']",0.65,0.99,75000,0.5,0,0.01,False,True,False,False,250

Model Num 0
Model States: 
['diamond'],['square']
Iteration: ,0
Error:,0.31097432088193844
Absolute Error:,1
Transition Probabilities
0.5,0.5
0.5,0.5

0.5,0.5
0.5,0.5

Transition Gammas
1.0,1.0
1.0,1.0

1.0,1.0
1.0,1.0

Iteration: ,2274
Error:,0.03745307010182894
Absolute Error:,1
Transition Probabilities
0.496,0.504
0.23491027732463296,0.765089722675367

0.24404761904761904,0.7559523809523809
0.7375565610859729,0.26244343891402716


Model Num 1
Model States: 
['square'],"['diamond', 'x', 'square']","['diamond', 'x', 'diamond']"
Iteration: ,0
Error:,0.39304899025912543
Absolute Error:,1
Transition Probabilities
0.3333333333333333,0.3333333333333333,0.3333333333333333
0.3333333333333333,0.3333333333333333,0.3333333333333333
0.3333333333333333,0.3333333333333333,0.3333333333333333

0.3333333333333333,0.3333333333333333,0.3333333333333333
0.3333333333333333,0.3333333333333333,0.3333333333333333
0.3333333333333333,0.3333333333333333,0.3333333333333333

Transition Gammas
1.0,1.0,1.0
1.0,1.0,1.0
1.0,1.0,1.0

1.0,1.0,1.0
1.0,1.0,1.0
1.0,1.0,1.0

Iteration: ,2500
Error:,0.039329199221944236
Absolute Error:,1
Transition Probabilities
0.7796610169491526,0.09042440994403173,0.12991457310681576
0.9957356076759062,0.0021321961620469083,0.0021321961620469083
0.002710027100271003,0.7343626040933389,0.26292736880639006

0.23133235724743778,0.38769256919400974,0.3809750735585525
0.7939433982781252,0.13601482473944415,0.0700417769824306
0.6768469046247215,0.09104148952636781,0.23211160584891066

Transition Gammas
552.0,64.02048224037446,91.97951775962555
467.0,1.0,1.0
1.0,270.979800910442,97.02019908955792

158.0,264.79402475950866,260.20597524049134
82.30997344587405,14.10097575825805,7.261395227958199
48.63593887053678,6.54193479948333,16.678758218550065

Iteration: ,5000
Error:,0.039306475114938885
Absolute Error:,1
Transition Probabilities
0.7613382899628254,0.10111267917256707,0.13754903086460762
0.9979274611398964,0.0010362694300518134,0.0010362694300518134
0.0012987012987012987,0.7145519501995908,0.2841493485017078

0.22448979591836732,0.40230107040612867,0.373209133675504
0.8053436177564577,0.1242406421103591,0.07041574013318315
0.6627076906784264,0.08098969201846581,0.25630261730310777

Transition Gammas
1024.0,135.9965534871027,185.00344651289723
963.0,1.0,1.0
1.0,550.2050016536849,218.79499834631503

308.0,551.9570685972086,512.0429314027916
189.39040438439406,29.217324048345958,16.559472509389025
70.10714829799288,8.567814179332553,27.113983816964385

Iteration: ,7500
Error:,0.03597402880547164
Absolute Error:,1
Transition Probabilities
0.7629310344827587,0.10919319776893475,0.12787576774830658
0.9986168741355463,0.0006915629322268327,0.0006915629322268327
0.0008795074758135446,0.7147972071873503,0.2843232853368362

0.2272277227722772,0.39627181844315895,0.37650045878456384
0.7941861051985204,0.13702397649954676,0.06878991830193293
0.6657903929884784,0.08253407440571531,0.2516755326058064

Transition Gammas
1593.0,227.99539694153577,267.00460305846417
1444.0,1.0,1.0
1.0,812.7244245720171,323.2755754279827

459.0,800.4690732551812,760.530926744819
280.96296681720605,48.47561888882503,24.3361340707328
94.8039743855682,11.752284740509042,35.83686547283658

Iteration: ,10000
Error:,0.030405209707850128
Absolute Error:,1
Transition Probabilities
0.7653651482284888,0.11321005522279615,0.12142479654871505
0.9989512323020451,0.0005243838489774515,0.0005243838489774515
0.0006657789613848204,0.7101946563215863,0.2891395647170289

0.23367571533382242,0.39000614415937795,0.3763181405067996
0.8075639265911384,0.12736503525483522,0.06507103815402646
0.6538537933972913,0.09667466101270926,0.2494715455899994

Transition Gammas
2117.0,313.13901274625414,335.8609872537458
1905.0,1.0,1.0
1.0,1066.7123737950224,434.28762620497724

637.0,1063.1567489784645,1025.843251021536
399.29030681929015,62.97411552249852,32.17359509759963
111.14179100854719,16.432717954070355,42.40506771166777

Iteration: ,12500
Error:,0.029005768055682404
Absolute Error:,1
Transition Probabilities
0.7678726483357453,0.11223458658587245,0.11989276507838224
0.9991431019708654,0.0004284490145672665,0.0004284490145672665
0.000526592943654555,0.7030020954701893,0.29647131158615614

0.23689604685212293,0.38176481238643145,0.3813391407614455
0.8194499281502609,0.12142201860614112,0.0591280532435981
0.6589172089906817,0.09842517034334207,0.24265762066597613

Transition Gammas
2653.0,387.7704966541893,414.22950334581066
2332.0,1.0,1.0
1.0,1335.0009792978897,562.9990207021106

809.0,1303.7268342996638,1302.2731657003367
529.7976291653721,78.50278018965348,38.227964088463494
128.27002103148467,19.160219975597098,47.23764637131364

Iteration: ,15000
Error:,0.028724898945475554
Absolute Error:,1
Transition Probabilities
0.7649334945586457,0.1127819592876033,0.12228454615375098
0.9992877492877493,0.00035612535612535614,0.00035612535612535614
0.0004321521175453757,0.7000912565739542,0.2994765913085004

0.2407724272793938,0.3770615705587989,0.38216600216180746
0.8194197672455246,0.12115855961844606,0.05942167313602938
0.6718720388514223,0.09857506810390705,0.22955289304467055

Transition Gammas
3163.0,466.35340165423963,505.6465983457603
2806.0,1.0,1.0
1.0,1620.011167712131,692.9888322878703

985.0,1542.5588851560462,1563.4411148439542
607.9355315180119,89.8887191691665,44.085519883263345
164.33464492895698,24.11069054666469,56.14684194240288

Iteration: ,17500
Error:,0.02570758768183672
Absolute Error:,1
Transition Probabilities
0.7631031613976705,0.11646903125942282,0.12042780734290656
0.9993932038834952,0.00030339805825242716,0.00030339805825242716
0.000372856077554064,0.6989351572600004,0.30069198666244545

0.23775638342402675,0.379480158359127,0.38276345821684615
0.8158565134669042,0.12372697986473342,0.06041650666836238
0.6868945538959135,0.1037748335609037,0.2093306125431828

Transition Gammas
3669.0,559.9831022953049,579.0168977046948
3294.0,1.0,1.0
1.0,1874.5440917713217,806.455908228679

1136.0,1813.1561966399092,1828.8438033600912
656.9011094711396,99.62093701903598,48.645404682949454
232.8131869539089,35.17301103916816,70.94964832197111

Iteration: ,20000
Error:,0.025485870215525598
Absolute Error:,1
Transition Probabilities
0.7629602491298773,0.11730244641135419,0.11973730445876848
0.9994672349493873,0.0002663825253063399,0.0002663825253063399
0.00032320620555914667,0.6917414640277287,0.3079353297667121

0.23860933211344923,0.3780518904675066,0.3833387774190441
0.8105934231562325,0.12642991084626395,0.0629766659975035
0.6888262526349769,0.10257735785974886,0.2085963895052743

Transition Gammas
4165.0,640.3540549595825,653.6459450404171
3752.0,1.0,1.0
1.0,2140.248089701793,952.7519102982075

1304.0,2066.0535814049235,2094.946418595076
708.0750558153069,110.43991182486847,55.01180371981577
299.2902124173002,44.56914803350044,90.63367937226229

Iteration: ,22500
Error:,0.024314227214367403
Absolute Error:,1
Transition Probabilities
0.7645721708069492,0.11747213686685315,0.11795569232619761
0.9995249406175772,0.00023752969121140142,0.00023752969121140142
0.0002892681515765114,0.6879557815134685,0.311754950334955

0.24023342519046847,0.378799306278483,0.38096726853104845
0.814373484761788,0.12522452251681124,0.06040199272140077
0.6997323483008445,0.10025793988513763,0.20000971181401775

Transition Gammas
4709.0,723.5108909629486,726.4891090370511
4208.0,1.0,1.0
1.0,2378.2631366920605,1077.7368633079393

1482.0,2336.8129204319616,2350.187079568038
762.2427515835151,117.20848774548023,56.535461915923506
369.25588085613674,52.90713512817515,105.54716027493686

Iteration: ,25000
Error:,0.024828829818082206
Absolute Error:,1
Transition Probabilities
0.7629392039655928,0.12000840642499,0.11705238960941733
0.9995717344753747,0.00021413276231263382,0.00021413276231263382
0.00026150627615062754,0.6877221869083504,0.3120163068154989

0.24141959982474076,0.37832406742501085,0.38025633275024834
0.8104576671536182,0.1272798333759789,0.062262499470402785
0.7054909029000173,0.09817002198494915,0.19633907511503357

Transition Gammas
5233.0,823.1376596690063,802.8623403309933
4668.0,1.0,1.0
1.0,2629.849642737533,1193.1503572624683

1653.0,2590.3848896590493,2603.61511034095
827.2454540076858,129.91630262062378,63.552202329013035
428.4955896160194,59.62574610125046,119.25090374695203

Iteration: ,27500
Error:,0.0243780284099544
Absolute Error:,1
Transition Probabilities
0.7634152788791964,0.11921856815406723,0.11736615296673632
0.9996100604406317,0.00019496977968414895,0.00019496977968414895
0.00023843586075345723,0.6874318122475155,0.31232975189173096

0.24092540885520544,0.380329254939256,0.37874533620553863
0.8133044348471733,0.12514945421478196,0.061546110938044865
0.6979735999065318,0.10081571126058442,0.2012106888328836

Transition Gammas
5776.0,902.0076866536726,887.992313346327
5127.0,1.0,1.0
1.0,2883.089020566081,1309.9109794339201

1812.0,2860.456326398144,2848.5436736018555
937.0637382545264,144.19325701704042,70.91148937540133
447.80520930395,64.68124394420968,129.0925539863792

Iteration: ,30000
Error:,0.02284398624865686
Absolute Error:,1
Transition Probabilities
0.7647918188458729,0.11837070213398801,0.11683747902013905
0.9996422182468694,0.00017889087656529517,0.00017889087656529517
0.0002176278563656147,0.6880339613274616,0.31174841081617266

0.24048169322466853,0.3787029602544231,0.38081534652090826
0.8095376990110689,0.12749396866888363,0.06296833232004766
0.7027250354482982,0.1020474715403002,0.19522749301140155

Transition Gammas
6282.0,972.2969473285775,959.7030526714221
5588.0,1.0,1.0
1.0,3161.5160522996875,1432.483947700314

1977.0,3113.3170362516125,3130.682963748387
1018.1519290101304,160.34859191357575,79.19498881463562
490.4080554210102,71.21548195132073,136.24267015243444

Iteration: ,31667
Error:,0.023675267059004017
Absolute Error:,1
Transition Probabilities
0.7639193083573487,0.11919611270986037,0.11688457893279089
0.9996606142881385,0.00016969285593076533,0.00016969285593076533
0.0002063983488132095,0.6896789000489254,0.31011470160226146

0.2404566947295583,0.3777515426064846,0.38179176266395703
0.8069141620065949,0.12871541810789883,0.0643704198855062
0.707809483288249,0.10005654500291095,0.19213397170884

*,*,*,*,*,*,*,*,*,*,*
Model Num 1
Model States: 
['square'],"['diamond', 'x', 'square']","['diamond', 'x', 'diamond']"
Iteration: ,31667
Error:,0.024345634471876924
Absolute Error:,1
Transition Probabilities
0.7639193083573487,0.11919611270986037,0.11688457893279089
0.9996606142881385,0.00016969285593076533,0.00016969285593076533
0.0002063983488132095,0.6896789000489254,0.31011470160226146

0.2404566947295583,0.3777515426064846,0.38179176266395703
0.8069141620065949,0.12871541810789883,0.0643704198855062
0.707809483288249,0.10005654500291095,0.19213397170884

Transition Gammas
6627.0,1034.0262777580388,1013.973722241961
5891.0,1.0,1.0
1.0,3341.4942707370437,1502.5057292629567

2085.0,3275.483625940828,3310.5163740591715
1063.426441106152,169.6331350209398,84.83331902507005
530.9094384061453,75.04980559114891,144.11468259057153

