0,1,2,3,4,5,6,7,8,9,10,11,12,13,14,15,16,17,18,19,20,21,22,23,24,25,26,27,28,29
github Code Version (SHA):,528ca1c557fe8e6666681dc5c9134b0f84d30530
Environment Observations,Environment Actions,alpha,epsilon,numActions,explore,patience,gainThresh,insertRandActions,useUpdatedPosterior,revisedSplitting,haveControl,confidence_factor
"['diamond', 'square']","['x', 'y']",0.7,0.99,75000,0.5,0,0.01,False,True,False,False,250

Model Num 0
Model States: 
['diamond'],['square']
Iteration: ,0
Error:,0.35749926805049653
Absolute Error:,1
Transition Probabilities
0.5,0.5
0.5,0.5

0.5,0.5
0.5,0.5

Transition Gammas
1.0,1.0
1.0,1.0

1.0,1.0
1.0,1.0

Iteration: ,2323
Error:,0.04010799960507773
Absolute Error:,1
Transition Probabilities
0.5,0.5
0.22005988023952097,0.7799401197604791

0.20194174757281552,0.7980582524271844
0.7956656346749226,0.2043343653250774


Model Num 1
Model States: 
['square'],"['diamond', 'x', 'diamond']","['diamond', 'x', 'square']"
Iteration: ,0
Error:,0.4321180602823243
Absolute Error:,1
Transition Probabilities
0.3333333333333333,0.3333333333333333,0.3333333333333333
0.3333333333333333,0.3333333333333333,0.3333333333333333
0.3333333333333333,0.3333333333333333,0.3333333333333333

0.3333333333333333,0.3333333333333333,0.3333333333333333
0.3333333333333333,0.3333333333333333,0.3333333333333333
0.3333333333333333,0.3333333333333333,0.3333333333333333

Transition Gammas
1.0,1.0,1.0
1.0,1.0,1.0
1.0,1.0,1.0

1.0,1.0,1.0
1.0,1.0,1.0
1.0,1.0,1.0

Iteration: ,2500
Error:,0.04657219640434071
Absolute Error:,1
Transition Probabilities
0.7655786350148368,0.1343506276932684,0.1000707372918948
0.002506265664160401,0.31429943115338616,0.6831943031824533
0.9957264957264957,0.002136752136752137,0.002136752136752137

0.18005952380952375,0.39427118522826754,0.4256692909622086
0.7540310639270849,0.14956798450498543,0.09640095156792983
0.837758452930684,0.06601409143149221,0.0962274556378238

Transition Gammas
516.0,90.5523230652629,67.4476769347371
1.0,125.40547303020108,272.5945269697989
466.0,1.0,1.0

121.0,264.9502364733959,286.0497635266043
20.226829396570594,4.012150494192108,2.585948635691932
126.35607446663226,9.956666415701159,14.513638755625239

Iteration: ,5000
Error:,0.04482164160502581
Absolute Error:,1
Transition Probabilities
0.7823228634039445,0.12056521803259787,0.09711191856345765
0.0013245033112582786,0.2997359802450749,0.6989395164436668
0.9978494623655914,0.001075268817204301,0.001075268817204301

0.18984547461368648,0.38951471563613815,0.42063980975017534
0.6760666878922315,0.17839548964282692,0.1455378224649416
0.8377603074922123,0.058820981101580704,0.10341871140620705

Transition Gammas
1071.0,165.0537834866265,132.9462165133735
1.0,226.3006650850315,527.6993349149683
928.0,1.0,1.0

258.0,529.3504985495119,571.6495014504885
31.23661081459066,8.24248640089719,6.724348944500935
257.88537861814166,18.10669572956905,31.835088519561964

Iteration: ,7500
Error:,0.03947840379167415
Absolute Error:,1
Transition Probabilities
0.7761972498814604,0.12300234257340918,0.10080040754513041
0.0008880994671403197,0.2903945073212152,0.7087173932116445
0.9985611510791367,0.0007194244604316547,0.0007194244604316547

0.19681116093672144,0.39215351785627756,0.411035321207001
0.7165063823048949,0.17122823407790047,0.11226538361720474
0.8367353732343891,0.056799339680249736,0.10646528708536106

Transition Gammas
1637.0,259.41194048731995,212.58805951268002
1.0,326.9842152436883,798.0157847563117
1388.0,1.0,1.0

395.0,787.0521103375493,824.9478896624512
55.65461564467938,13.300148875809448,8.720210914686964
369.85452512953617,25.106495407151023,47.05988232041151

Iteration: ,10000
Error:,0.041026443049174514
Absolute Error:,1
Transition Probabilities
0.774768353528154,0.12532646109578033,0.09990518537606569
0.0006578947368421054,0.29352257453699987,0.705819530726158
0.9989130434782608,0.0005434782608695652,0.0005434782608695652

0.2032125513634665,0.39150184345412775,0.40528560518240575
0.7073167730127687,0.18175547342731133,0.11092775355991996
0.843800828265856,0.05518894140985694,0.10101023032428703

Transition Gammas
2174.0,351.6660498347596,280.3339501652403
1.0,446.1543132962397,1072.84568670376
1838.0,1.0,1.0

544.0,1048.0504349267003,1084.9495650733006
73.39395041323512,18.85965767111442,11.510296878088255
495.00267619793505,32.37573699773964,59.256085866436614

Iteration: ,12500
Error:,0.03835496005921879
Absolute Error:,1
Transition Probabilities
0.786689419795222,0.11668760058788812,0.09662297961689004
0.0005296610169491525,0.2945153582763896,0.7049549807066613
0.9991323210412147,0.0004338394793926247,0.0004338394793926247

0.2068047337278106,0.3892583813108433,0.4039368849613461
0.6927231654689172,0.18975548620218904,0.11752134832889376
0.8472385784574171,0.05509387079339719,0.09766755074918566

Transition Gammas
2766.0,410.2736036670146,339.7263963329853
1.0,556.0449964258236,1330.9550035741765
2303.0,1.0,1.0

699.0,1315.6933288306507,1365.3066711693502
87.24638978311232,23.899130183517777,14.801458757624948
604.4169699267642,39.30377026399235,69.67568118943754

Iteration: ,15000
Error:,0.037664831425840754
Absolute Error:,1
Transition Probabilities
0.7884615384615384,0.11335116183230567,0.09818729970615583
0.00044365572315882855,0.296495359233197,0.7030609850436441
0.9992813510600072,0.00035932446999640676,0.00035932446999640676

0.21078431372549014,0.38642394829592225,0.4027917379785876
0.702399566156358,0.18526385466461423,0.11233657917902777
0.8441574090076168,0.05615289090606584,0.09968970008631743

Transition Gammas
3321.0,477.4350936376715,413.5649063623284
1.0,668.3005397116262,1584.6994602883744
2781.0,1.0,1.0

860.0,1576.6097090473631,1643.3902909526378
107.83471771267259,28.442323191402842,17.246285288680202
703.6764455569925,46.80817375870884,83.09977862760131

Iteration: ,17500
Error:,0.03943972039522273
Absolute Error:,1
Transition Probabilities
0.7866040432918114,0.11355722457369255,0.09983873213449616
0.0003832886163280949,0.291319103827122,0.7082976075565498
0.9993853718500307,0.00030731407498463427,0.00030731407498463427

0.2118803597573729,0.3861874198153997,0.40193222042722737
0.7022331667222167,0.18405386531559936,0.11371296796218396
0.8468389039988907,0.054704129162036805,0.09845696683907253

Transition Gammas
3852.0,556.0897287373723,488.9102712626276
1.0,760.0515418849616,1847.948458115039
3252.0,1.0,1.0

1013.0,1846.3620541374264,1921.6379458625745
125.38888276173587,32.86416767755877,20.304284508309905
825.7579596658121,53.3423415821219,96.00600972392684

Iteration: ,20000
Error:,0.03958848850721327
Absolute Error:,1
Transition Probabilities
0.7851121076233184,0.11374373926113701,0.10114415311554457
0.00033512064343163534,0.2870682934205471,0.7125965859360212
0.9994635193133047,0.0002682403433476395,0.0002682403433476395

0.21266885724717047,0.3888869402758604,0.39844420247696916
0.7011012528588335,0.18225994619024818,0.11663880095091825
0.8507147904531844,0.05406504239517433,0.09522016715164111

Transition Gammas
4377.0,634.1213463808389,563.878653619161
1.0,856.6117875669128,2126.3882124330876
3726.0,1.0,1.0

1165.0,2130.3226588311636,2182.6773411688373
143.7074298782117,37.35852464952805,23.907905228216404
941.2011157523793,59.815673591886465,105.34826544805983

Iteration: ,22500
Error:,0.04114206744830082
Absolute Error:,1
Transition Probabilities
0.7838658146964856,0.1137452859860995,0.10238889931741486
0.00029735355337496286,0.28547835973073005,0.714224286715895
0.9995243757431629,0.00023781212841854935,0.00023781212841854935

0.21505027570548163,0.3887533515651159,0.3961963727294024
0.7002032808872604,0.1777929197898566,0.12200379932288306
0.847244819237329,0.05667731099616597,0.09607786976650498

Transition Gammas
4907.0,712.0454902729829,640.954509727017
1.0,960.0637237744451,2401.9362762255546
4203.0,1.0,1.0

1326.0,2397.0531657505053,2442.9468342494956
159.9062649256313,40.60278280586329,27.86215430430076
1048.25870703285,70.12434115138228,118.87291754296945

Iteration: ,25000
Error:,0.041504736958652526
Absolute Error:,1
Transition Probabilities
0.7832056655586067,0.11467961102845226,0.10211472341294099
0.0002666666666666665,0.2879984359360316,0.7117348973973018
0.9995729233397395,0.00021353833013025838,0.00021353833013025838

0.21469173589855706,0.38751867214454183,0.3977895919569012
0.6954280767252531,0.18165234954992474,0.12291957372482208
0.8469534700805496,0.056259349432866736,0.0967871804865836

Transition Gammas
5419.0,793.4682287058612,706.5317712941387
1.0,1079.9941347601189,2669.005865239883
4681.0,1.0,1.0

1473.0,2658.7656095837015,2729.2343904162994
179.94847860091397,47.00423383783603,31.806582193536276
1160.5003649269352,77.0868741362905,132.61833411491548

Iteration: ,27500
Error:,0.040366525253140495
Absolute Error:,1
Transition Probabilities
0.7831515310816138,0.11422121920037688,0.10262724971800923
0.00024224806201550376,0.2856724861007128,0.7140852658372718
0.999613601236476,0.00019319938176197836,0.00019319938176197836

0.2124105011933174,0.3894799353809296,0.398109563425753
0.6971889022737764,0.18526437528170384,0.11754672244451982
0.8492072975660355,0.05519690035195916,0.09559580208200531

Transition Gammas
5959.0,869.1092568956677,780.8907431043322
1.0,1179.2560226237429,2947.7439773762594
5174.0,1.0,1.0

1602.0,2937.4576726429714,3002.5423273570295
196.64834516430255,52.25546863730637,33.15510096734919
1269.8552489613817,82.53823752955117,142.94840776856154

Iteration: ,30000
Error:,0.03956928742281387
Absolute Error:,1
Transition Probabilities
0.7834989096195784,0.11324713739382547,0.10325395298659613
0.00022187708009762573,0.28776003430481223,0.7120180886150901
0.9996457669146298,0.00017711654268508679,0.00017711654268508679

0.2113358362601429,0.3906320089878504,0.3980321547520068
0.6986958250369523,0.1816024701858679,0.11970170477717966
0.851045886650032,0.05312059411380624,0.09583351923616178

Transition Gammas
6467.0,934.7418720486354,852.2581279513645
1.0,1296.9344746117897,3209.0655253882137
5644.0,1.0,1.0

1745.0,3225.4484982126805,3286.5515017873204
211.83911021644698,55.060448794364106,36.292620798254326
1399.1872874194632,87.33449177079584,157.5579459666038

Iteration: ,32500
Error:,0.039004900217743665
Absolute Error:,1
Transition Probabilities
0.7858978656833165,0.11093463065433597,0.10316750366234745
0.00020631318341241992,0.28349584140420553,0.7162978454123821
0.9996716466918404,0.00016417665407978985,0.00016417665407978985

0.21346688925987758,0.3910629162453388,0.3954701944947837
0.7061136110886921,0.17691607400425233,0.11697031490705566
0.8527237794570187,0.05267639176164527,0.09459982878133602

Transition Gammas
7033.0,992.7540097256525,923.2459902743474
1.0,1374.104343286185,3471.895656713818
6089.0,1.0,1.0

1918.0,3513.700302464369,3553.299697535632
226.01344643514892,56.627447747150875,37.43995808548109
1530.4592030102822,94.54300500957073,169.78672584196454

Iteration: ,35000
Error:,0.03950146381181563
Absolute Error:,1
Transition Probabilities
0.7870457148807665,0.11103804769055613,0.10191623742867742
0.00019131432944327528,0.2813559246866112,0.7184527609839455
0.9996952613134238,0.00015236934328813042,0.00015236934328813042

0.21212434162966018,0.39200301787012837,0.3958726405002113
0.7021434439899434,0.18033596139981992,0.11752059461023658
0.8491774972861557,0.053610286637804976,0.09721221607603936

Transition Gammas
7558.0,1066.2983719724105,978.7016280275893
1.0,1470.647418336917,3755.3525816630836
6561.0,1.0,1.0

2054.0,3795.765222036454,3833.234777963547
239.711717102212,61.566683179125725,40.12152184859858
1649.689246531101,104.14820653217834,188.8532703758853

Iteration: ,37500
Error:,0.03747366132728877
Absolute Error:,1
Transition Probabilities
0.7873602333495382,0.11110615591652538,0.10153361073393641
0.0001778093883357042,0.2847300368963434,0.7150921537153209
0.9997146932952924,0.0001426533523537803,0.0001426533523537803

0.21314952279957583,0.3918103553555246,0.39504012184489967
0.7029564361488491,0.18234002729232812,0.11470353655882268
0.8499110784347649,0.05322743543375211,0.09686148613148296

Transition Gammas
8098.0,1142.7268136014636,1044.273186398536
1.0,1601.321727505035,4021.6782724949635
7008.0,1.0,1.0

2211.0,4064.248816102857,4097.751183897144
255.8880642604972,66.37486225556121,41.75403257514987
1771.8835031314843,110.96786140586892,201.93555975438082

Iteration: ,40000
Error:,0.0384760074617806
Absolute Error:,1
Transition Probabilities
0.7862546714064351,0.11053150926904626,0.10321381932451855
0.00016669444907484589,0.28599687901796894,0.7138364265329562
0.9997329416477501,0.00013352917612498332,0.00013352917612498332

0.2130643264272143,0.39197998682562885,0.39495568674715686
0.7019208186061935,0.1836075809755633,0.11447160041824328
0.8488646820798822,0.05318012823598996,0.09795518968412777

Transition Gammas
8626.0,1212.6411881907065,1132.358811809293
1.0,1715.695277228795,4282.304722771202
7487.0,1.0,1.0

2355.0,4332.554794383676,4365.445205616325
272.50284918685605,71.28095879461054,44.440678261819194
1885.4643051795956,118.12157538249045,217.5741523419149

Iteration: ,42500
Error:,0.03787013773326501
Absolute Error:,1
Transition Probabilities
0.788112367249058,0.10939850001960726,0.10248913273133484
0.00015698587127158562,0.2849507450045431,0.7148922691241854
0.9997483643683945,0.00012581781580271766,0.00012581781580271766

0.2127768313458262,0.39324010320780967,0.39398306544636413
0.704302403412348,0.18238933224517043,0.11330826434248159
0.84762755463989,0.05324242694737397,0.09913001841273603

Transition Gammas
9202.0,1277.3368862289342,1196.6631137710654
1.0,1815.1362456789386,4553.863754321059
7946.0,1.0,1.0

2498.0,4616.638811659686,4625.3611883403155
291.8596587235809,75.58129577009473,46.9544207166313
1994.9776427358731,125.31146589510645,233.31257859051314

Iteration: ,45000
Error:,0.037561376080112424
Absolute Error:,1
Transition Probabilities
0.7868694182959208,0.10955214675077671,0.10357843495330242
0.000149164677804296,0.2825062534721985,0.7173445818499973
0.9997626112759644,0.00011869436201780416,0.00011869436201780416

0.21369311316955292,0.3922143533026429,0.39409253352780416
0.7108875228253133,0.1782593432333702,0.11085313394131657
0.8490233996170984,0.052222057834430985,0.09875454254847045

Transition Gammas
9780.0,1361.6236319654038,1287.3763680345958
1.0,1893.921923277618,4809.07807672238
8423.0,1.0,1.0

2653.0,4869.341196252312,4892.6588037476895
311.2131733593571,78.03858431517904,48.52941496792092
2107.3450404770615,129.61938932487124,245.1167960246511

Iteration: ,47500
Error:,0.037032022552052846
Absolute Error:,1
Transition Probabilities
0.7876085962505716,0.10973286776696062,0.1026585359824678
0.00014088475626937175,0.28326136111132,0.7165977541324107
0.9997744700045106,0.00011276499774470004,0.00011276499774470004

0.2134779951100244,0.3931882775886771,0.3933337273012985
0.7131781196287017,0.17724037219509617,0.10958150817620223
0.8473633503547798,0.05297308238966456,0.0996635672555555

Transition Gammas
10335.0,1439.9146908380571,1347.0853091619424
1.0,2010.589141168148,5086.410858831848
8866.0,1.0,1.0

2794.0,5146.048177080606,5147.951822919395
331.55966829192744,82.39983448109537,50.94492876582713
2222.507963101909,138.94051163740997,261.4027049480891

Iteration: ,50000
Error:,0.036869032930792967
Absolute Error:,1
Transition Probabilities
0.7878084179970973,0.10946764353486943,0.10272393846803332
0.00013336889837289962,0.2842065606359949,0.7156600704656322
0.9997861877271755,0.00010690613641223006,0.00010690613641223006

0.2119825708061002,0.3941540466174671,0.3938633825764327
0.711772785635007,0.17328720011463095,0.11494001425036204
0.8461449077801649,0.05370882223766665,0.10014626998216826

Transition Gammas
10856.0,1508.4641279105006,1415.535872089499
1.0,2130.980791648687,5366.019208351303
9352.0,1.0,1.0

2919.0,5427.501221922523,5423.498778077479
354.9100480177878,86.40590052720732,57.31234292747997
2323.794927703087,147.5022629589856,275.03491668286307

Iteration: ,52500
Error:,0.036091459536179864
Absolute Error:,1
Transition Probabilities
0.7887868535524408,0.10910934181804674,0.10210380462951243
0.00012682308180088792,0.28495193226497056,0.7149212446532286
0.9997958558742472,0.00010207206287639073,0.00010207206287639073

0.2116702429570153,0.3954199609390587,0.3929097961039261
0.7109425261409245,0.17361174607620952,0.11544572778286591
0.8460383678757645,0.05313199813745842,0.10082963398677708

Transition Gammas
11424.0,1580.2305975507709,1478.7694024492287
1.0,2246.84598590929,5637.1540140907
9795.0,1.0,1.0

3058.0,5712.632175686581,5676.367824313421
407.00355228499166,99.39002770726188,66.09088579748112
2402.8578168676668,150.90171072375955,286.3691333589853

Iteration: ,55000
Error:,0.035696852431120564
Absolute Error:,1
Transition Probabilities
0.789136747624076,0.10930762940421522,0.10155562297170873
0.00012075836251660438,0.2852890659607357,0.7145901756767478
0.9998051631758402,9.74184120798831e-05,9.74184120798831e-05

0.21157275909901577,0.3957749445647049,0.3926522963362793
0.7134082718877858,0.1699337769090835,0.1166579512031307
0.8453031775960304,0.053621193150409065,0.10107562925356058

Transition Gammas
11957.0,1656.229200732669,1538.7707992673306
1.0,2362.4787552208504,5917.521244779143
10263.0,1.0,1.0

3203.0,5991.636885765069,5944.363114234933
469.4189081036412,111.81553557755359,76.7603211699164
2462.050130035414,156.17836187965924,294.3952805842484

Iteration: ,57500
Error:,0.034936215002675526
Absolute Error:,1
Transition Probabilities
0.7888214466363177,0.10936236195923042,0.10181619140445189
0.00011538017768547378,0.28641963448481,0.7134649853375044
0.9998142127264282,9.289363678588016e-05,9.289363678588016e-05

0.21045313783732542,0.39554012841279024,0.3940067337498845
0.7086785177952964,0.17036105738004118,0.12096042482466232
0.8450510104540528,0.05364522392691398,0.10130376561903312

Transition Gammas
12476.0,1729.6751167471884,1610.324883252811
1.0,2482.3989720798454,6183.601027920143
10763.0,1.0,1.0

3330.0,6258.63145187558,6234.368548124422
528.9599618961748,127.15805002906599,90.28525643087183
2515.8535849720315,159.7105112750968,301.5977009090488

Iteration: ,57618
Error:,0.035834775009922375
Absolute Error:,1
Transition Probabilities
0.7890353920888272,0.10924705802455292,0.10171754988661984
0.00011516756881262251,0.28638452302240686,0.7135003094087804
0.9998146431881372,9.267840593141798e-05,9.267840593141798e-05

0.21021759697256384,0.39556265011346314,0.39421975291397304
0.7085105394732021,0.17045570654249217,0.12103375398430577
0.8451288165034178,0.053618286526720016,0.10125289696986216

*,*,*,*,*,*,*,*,*,*,*
Model Num 1
Model States: 
['square'],"['diamond', 'x', 'diamond']","['diamond', 'x', 'square']"
Iteration: ,57618
Error:,0.03541916941700624
Absolute Error:,1
Transition Probabilities
0.7890353920888272,0.10924705802455292,0.10171754988661984
0.00011516756881262251,0.28638452302240686,0.7135003094087804
0.9998146431881372,9.267840593141798e-05,9.267840593141798e-05

0.21021759697256384,0.39556265011346314,0.39421975291397304
0.7085105394732021,0.17045570654249217,0.12103375398430577
0.8451288165034178,0.053618286526720016,0.10125289696986216

Transition Gammas
12507.0,1731.6751167471884,1612.324883252811
1.0,2486.6768134035556,6195.323186596433
10788.0,1.0,1.0

3333.0,6271.645817548959,6250.354182451043
531.7022949521104,127.91861984680398,90.82987644470822
2517.349287352081,159.7105112750968,301.5977009090488

