0,1,2,3,4,5,6,7,8,9,10,11,12,13,14,15,16,17,18,19,20,21,22,23,24,25,26,27,28,29
github Code Version (SHA):,0223d720dafbf5413b6775610c21cd8ff219e6c5
Environment Observations,Environment Actions,alpha,epsilon,numActions,explore,patience,gainThresh,insertRandActions,useBudd,revisedSplitting,haveControl,confidence_factor
"['diamond', 'square']","['x', 'y']",0.7,0.99,100000,0.5,0,0.0001,False,True,False,False,

Model Num 0
Model States: 
['diamond'],['square']
Iteration: ,0
Error:,0.354942529090558
Absolute Error:,1
Transition Probabilities
0.5,0.5
0.5,0.5

0.5,0.5
0.5,0.5

Transition Gammas
1.0,1.0
1.0,1.0

1.0,1.0
1.0,1.0

Iteration: ,10000
Error:,0.04239781078024158
Absolute Error:,1
Transition Probabilities
0.47681498829039815,0.5231850117096019
0.21294658648744252,0.7870534135125575

0.20692798541476753,0.7930720145852325
0.7912280701754386,0.20877192982456141

Transition Gammas
1018.0,1117.0
602.0,2225.0

454.0,1740.0
2255.0,595.0

Iteration: ,20000
Error:,0.04446301056727343
Absolute Error:,1
Transition Probabilities
0.46942072467112855,0.5305792753288715
0.2126944837340877,0.7873055162659123

0.21001390820584145,0.7899860917941586
0.7895844292477643,0.21041557075223566

Transition Gammas
2034.0,2299.0
1203.0,4453.0

906.0,3408.0
4503.0,1200.0

Iteration: ,30000
Error:,0.04452796744735191
Absolute Error:,1
Transition Probabilities
0.46931800528196366,0.5306819947180363
0.21441903873075127,0.7855809612692487

0.20680061823802165,0.7931993817619784
0.7869121613697666,0.21308783863023337

Transition Gammas
3021.0,3416.0
1838.0,6734.0

1338.0,5132.0
6710.0,1817.0

Iteration: ,40000
Error:,0.04474341879423882
Absolute Error:,1
Transition Probabilities
0.4665812761993479,0.533418723800652
0.21510962402042794,0.7848903759795721

0.2086123297160009,0.791387670283999
0.7889288534081937,0.21107114659180629

Transition Gammas
4007.0,4581.0
2443.0,8914.0

1807.0,6855.0
8993.0,2406.0

Iteration: ,50000
Error:,0.045468442548610544
Absolute Error:,1
Transition Probabilities
0.4691254540374406,0.5308745459625593
0.21437623204731063,0.7856237679526894

0.21238367271722106,0.787616327282779
0.7882071488882635,0.21179285111173657

Transition Gammas
5037.0,5700.0
3045.0,11159.0

2305.0,8548.0
11202.0,3010.0

Iteration: ,60000
Error:,0.04371472478145694
Absolute Error:,1
Transition Probabilities
0.471207044338814,0.528792955661186
0.21239301207644506,0.7876069879235549

0.21274644658413572,0.7872535534158643
0.790709965353221,0.20929003464677903

Transition Gammas
6047.0,6786.0
3623.0,13435.0

2784.0,10302.0
13465.0,3564.0

Iteration: ,70000
Error:,0.042765439224769636
Absolute Error:,1
Transition Probabilities
0.47208291541290537,0.5279170845870946
0.2113044352811023,0.7886955647188977

0.2102157235591109,0.7897842764408891
0.7902982826152456,0.20970171738475443

Transition Gammas
7060.0,7895.0
4202.0,15684.0

3206.0,12045.0
15738.0,4176.0

Iteration: ,80000
Error:,0.04151600958147286
Absolute Error:,1
Transition Probabilities
0.4712757875051137,0.5287242124948863
0.20979297613291722,0.7902070238670827

0.21173425366695428,0.7882657463330457
0.7898853200931499,0.21011467990685004

Transition Gammas
8064.0,9047.0
4773.0,17978.0

3681.0,13704.0
17977.0,4782.0

Iteration: ,90000
Error:,0.04214103373588356
Absolute Error:,1
Transition Probabilities
0.47282157676348546,0.5271784232365145
0.20912354639818934,0.7908764536018107

0.21084707569394653,0.7891529243060534
0.7904121373269727,0.2095878626730273

Transition Gammas
9116.0,10164.0
5359.0,20267.0

4117.0,15409.0
20214.0,5360.0

Iteration: ,99999
Error:,0.04162140459088351
Absolute Error:,1
Transition Probabilities
0.4730321378667909,0.5269678621332091
0.20954786207864184,0.7904521379213582

0.21046307422127739,0.7895369257787226
0.789876003945329,0.210123996054671

Transition Gammas
10156.0,11314.0
5974.0,22535.0

4554.0,17084.0
22423.0,5965.0


Model Num 1
Model States: 
['square'],"['diamond', 'x', 'square']","['diamond', 'x', 'diamond']"
Iteration: ,0
Error:,0.4323562607200565
Absolute Error:,1
Transition Probabilities
0.3333333333333333,0.3333333333333333,0.3333333333333333
0.3333333333333333,0.3333333333333333,0.3333333333333333
0.3333333333333333,0.3333333333333333,0.3333333333333333

0.3333333333333333,0.3333333333333333,0.3333333333333333
0.3333333333333333,0.3333333333333333,0.3333333333333333
0.3333333333333333,0.3333333333333333,0.3333333333333333

Transition Gammas
1.0,1.0,1.0
1.0,1.0,1.0
1.0,1.0,1.0

1.0,1.0,1.0
1.0,1.0,1.0
1.0,1.0,1.0

Iteration: ,10000
Error:,0.04232285658953599
Absolute Error:,1
Transition Probabilities
0.7696354753851935,0.12402198230363641,0.10634254231117003
0.998952331063384,0.0005238344683080147,0.0005238344683080147
0.0006480881399870379,0.7179913356201707,0.28136057623984223

0.2111913357400722,0.39139453414878994,0.39741413011113785
0.8488250475267048,0.0823753069055629,0.06879964556773237
0.7507043037119738,0.09151073404616744,0.15778496224185884

Transition Gammas
2048.0,330.0224949099765,282.97750509002344
1907.0,1.0,1.0
1.0,1107.860630861924,434.13936913807675

585.0,1084.1628595921482,1100.8371404078518
414.09859433217395,40.186725046190205,33.56384993958775
139.57979901254728,17.014755080657448,29.337241318614996

Iteration: ,20000
Error:,0.0412877694294574
Absolute Error:,1
Transition Probabilities
0.7768842341499906,0.12015045127322609,0.10296531457678322
0.9994773974392475,0.0002613012803762738,0.0002613012803762738
0.0003347840642785403,0.7247329548419694,0.274932261093752

0.21025273346477863,0.39672791482228187,0.3930193517129394
0.8313211693695804,0.09513097150474989,0.0735478591256697
0.7348099794204421,0.10965266904500577,0.1555373515345522

Transition Gammas
4154.0,642.4444629579399,550.5555370420599
3825.0,1.0,1.0
1.0,2164.777336112963,821.2226638870374

1173.0,2213.3450367935106,2192.654963206489
727.1753398920634,83.21320217394191,64.33396793997181
336.100665001187,50.154918982250614,71.14248410795615

Iteration: ,30000
Error:,0.037215019184400414
Absolute Error:,1
Transition Probabilities
0.7802019698291984,0.11874955663351985,0.10104847353728179
0.9996491843536222,0.00017540782318891423,0.00017540782318891423
0.0002211410880141529,0.7155401750785162,0.2842386838334696

0.20740474478792237,0.39726557797629175,0.3953296772357858
0.8255633012392353,0.09974925610408672,0.07468744265667801
0.7424856704482471,0.10978036621343719,0.14773396333831576

Transition Gammas
6258.0,952.4901937574626,810.5098062425371
5699.0,1.0,1.0
1.0,3235.6726717050524,1285.3273282949503

1731.0,3315.5785137901307,3299.4214862098684
1243.6078919893532,150.25978253260797,112.5072940874722
366.450640990277,54.18163227685545,72.91346852347553

Iteration: ,40000
Error:,0.03378034356908288
Absolute Error:,1
Transition Probabilities
0.7843155281787259,0.11600544974603595,0.09967902207523827
0.999734431018457,0.0001327844907714779,0.0001327844907714779
0.00016542597187758478,0.7167401694604344,0.2830944045676881

0.20866889874219532,0.3919404660535631,0.3993906352042416
0.8276718874821052,0.0953514154904494,0.07697669702744538
0.7568499502964039,0.10610913733721966,0.13704091236637655

Transition Gammas
8531.0,1261.7912768876329,1084.2087231123664
7529.0,1.0,1.0
1.0,4332.694324388326,1711.3056756116744

2306.0,4331.334090357925,4413.6659096420735
1565.7835931441616,180.38510696818332,145.6239496386288
557.048300885482,78.09726966220205,100.86333143787618

Iteration: ,50000
Error:,0.036730890328217816
Absolute Error:,1
Transition Probabilities
0.7849769382824512,0.11634591388091238,0.09867714783663643
0.9997866439086835,0.00010667804565820355,0.00010667804565820355
0.00013239772275916854,0.7174894519563747,0.28237815032086616

0.21125126866753663,0.38713531788845335,0.40161341344401
0.8224243989089915,0.1013850228355951,0.0761905782554133
0.7582119035705452,0.10223226186853925,0.13955583456091558

Transition Gammas
10722.0,1589.1688376993823,1347.831162300617
9372.0,1.0,1.0
1.0,5419.197830626498,2132.8021693735022

2914.0,5340.144574953325,5539.855425046673
1856.1853921115833,228.82273266208838,171.9596823268401
776.9602259971626,104.76016125773081,143.00663475350353

Iteration: ,60000
Error:,0.035781399554371825
Absolute Error:,1
Transition Probabilities
0.7832512315270936,0.11542136997361573,0.10132739849929064
0.9998221273568125,8.893632159373888e-05,8.893632159373888e-05
0.0001097453906935908,0.71649587404055,0.28339438056875643

0.2102483152206909,0.3876205840121197,0.4021311007671893
0.8267264783907595,0.09925859235903908,0.0740149292502014
0.7514402138032876,0.10417327525564589,0.14438651094106644

Transition Gammas
12879.0,1897.8735864761634,1666.126413523836
11242.0,1.0,1.0
1.0,6528.710404257496,2582.2895957425103

3463.0,6384.498639263624,6623.501360736374
2181.410311447443,261.9049014774925,195.29667197997767
976.0865082411038,135.31632540887833,187.55148142560702

Iteration: ,70000
Error:,0.03526299125988693
Absolute Error:,1
Transition Probabilities
0.7859400093249754,0.11386633260758382,0.1001936580674407
0.9998471532288881,7.642338555598012e-05,7.642338555598012e-05
9.475080538184555e-05,0.7194574044956632,0.2804478446989549

0.2112082422728692,0.38664988682479423,0.40214187090233644
0.8248633918097331,0.10077725450270293,0.07435935368756401
0.7530073297776542,0.10270320452097095,0.14428946570137488

Transition Gammas
15171.0,2197.9618183241905,1934.038181675808
13083.0,1.0,1.0
1.0,7593.153447047245,2959.846552952776

4059.0,7430.637524998896,7728.362475001102
2462.284590500293,300.82833509014466,221.96874362765183
1201.251664342568,163.83956767135393,230.18097429683215

Iteration: ,80000
Error:,0.03372648458853358
Absolute Error:,1
Transition Probabilities
0.7872888246454061,0.11296142939036571,0.09974974596422823
0.9998660415271265,6.697923643670462e-05,6.697923643670462e-05
8.30082178135633e-05,0.7204633611325576,0.27945363064962886

0.21107818554821042,0.38567812214819686,0.40324369230359264
0.8233511967391212,0.10161109121218034,0.07503771204869851
0.754283715661503,0.10246472899831839,0.14325155534017855

Transition Gammas
17429.0,2500.740123843916,2208.2598761560844
14928.0,1.0,1.0
1.0,8679.422111563947,3366.5778884360884

4630.0,8459.849609320707,8845.150390679313
2746.442492862623,338.942871227398,250.3023761354097
1427.2265489721049,193.87980745597807,271.05506683747745

Iteration: ,90000
Error:,0.034928953988797126
Absolute Error:,1
Transition Probabilities
0.7874376709023645,0.11311664124492038,0.09944568785271515
0.999881340848413,5.932957579353308e-05,5.932957579353308e-05
7.352941176470569e-05,0.7177647853032295,0.2821616852850057

0.21111696309200645,0.38543083985579146,0.403452197052202
0.8229608600930144,0.1025050365753547,0.07453410333163095
0.7532011474988666,0.10480254369273438,0.141996308808399

Transition Gammas
19582.0,2812.98463447868,2473.0153655213203
16853.0,1.0,1.0
1.0,9761.601080123948,3837.3989198760873

5211.0,9513.58942016051,9958.41057983951
3008.464047544557,374.7234311900809,272.4712450648491
1643.3499448404064,228.66037175925638,309.81050284203786

Iteration: ,99999
Error:,0.035375198605183185
Absolute Error:,1
Transition Probabilities
0.7877240630092341,0.11267075328716353,0.09960518370360237
0.9998929851784473,5.350741077639253e-05,5.350741077639253e-05
6.615944426066802e-05,0.7164932083211919,0.28344063223454746

0.21089477138481716,0.3859327952675626,0.40317243334762015
0.8216348102866702,0.10272669271181552,0.07563849700151432
0.7531063258944967,0.10435008858644024,0.1425435855190631

Transition Gammas
21753.0,3111.402852025021,2750.5971479749796
18687.0,1.0,1.0
1.0,10829.794843774847,4284.205156225197

5784.0,10584.59284300818,11057.40715699184
3312.8853249660933,414.2007477124003,304.97936988743226
1870.2684480490227,259.1435917133434,353.9935349121324


Model Num 2
Model States: 
"['diamond', 'x', 'square']","['diamond', 'x', 'diamond']","['square', 'y', 'diamond', 'x', 'diamond']","['square', 'y', 'diamond', 'x', 'square']"
Iteration: ,0
Error:,0.35571158106375284
Absolute Error:,0.4499999999999999
Transition Probabilities
0.25,0.25,0.25,0.25
0.25,0.25,0.25,0.25
0.25,0.25,0.25,0.25
0.25,0.25,0.25,0.25

0.25,0.25,0.25,0.25
0.25,0.25,0.25,0.25
0.25,0.25,0.25,0.25
0.25,0.25,0.25,0.25

Transition Gammas
1.0,1.0,1.0,1.0
1.0,1.0,1.0,1.0
1.0,1.0,1.0,1.0
1.0,1.0,1.0,1.0

1.0,1.0,1.0,1.0
1.0,1.0,1.0,1.0
1.0,1.0,1.0,1.0
1.0,1.0,1.0,1.0

Iteration: ,10000
Error:,0.061633157242310915
Absolute Error:,0.15685621602669214
Transition Probabilities
0.00045248868778280534,0.00045248868778280534,0.19689049922863094,0.8022045233958034
0.7364007740851881,0.26230136738139204,0.0006489292667099281,0.0006489292667099281
0.14259382078214267,0.10621398022859124,0.5827137000519718,0.1684784989372943
0.08944244466304521,0.08071165036114364,0.5827683534587932,0.24707755151701793

0.1260699062891041,0.11977459156711566,0.14750496138819844,0.6066505407555819
0.10010702630652833,0.12115705101012092,0.5833774510221846,0.1953584716611663
0.0010678467464643366,0.9527966527834225,0.016508642581727895,0.029626857888385136
0.7431485366535594,0.0007860311903998062,0.06929391715778001,0.18677151499826075

Transition Gammas
1.0,1.0,435.1280032952745,1772.871996704726
1134.7935928652757,404.2064071347254,1.0,1.0
50.26483344985718,37.440809124494365,205.40867003495316,59.38927537332369
76.7384481680661,69.24773602880659,499.9945971329653,211.9837841196125

75.19696233019813,71.44199369461805,87.98233735170416,361.84906615366054
15.573865054186724,18.848662600537065,90.75728281105114,30.392336952723507
1.222316897090779,1090.624148123121,18.896712325519335,33.91255264351721
1464.509208076147,1.549017268282954,136.55625320640732,368.06720329828016

Iteration: ,20000
Error:,0.05982877523495097
Absolute Error:,0.14362639348381034
Transition Probabilities
0.00022899015342340285,0.00022899015342340285,0.20217397936694537,0.7973680403262078
0.7259655976226855,0.273402490844929,0.0003159557661927329,0.0003159557661927329
0.13428243391601874,0.10661154763561471,0.6307788815717343,0.12832713687663216
0.09538999635923569,0.08385685468259022,0.6094055631557306,0.21134758580244356

0.12631805394572546,0.11148314455217359,0.14307876247161083,0.6191200390304901
0.07202099400447716,0.10655139220523673,0.6382746755154367,0.1831529382748495
0.0005280973149468352,0.9500617983446217,0.015385886761169273,0.03402421757926214
0.7424464976648852,0.00042380226087350366,0.05068995205433845,0.20643974801990278

Transition Gammas
1.0,1.0,882.8937678954502,3482.106232104549
2297.6811164758005,865.3188835242007,1.0,1.0
109.52824643085593,86.95832746903749,514.4984550054911,104.67077384358649
168.6373733996615,148.2482467236193,1077.351477388686,373.6356337603832

150.82320170171394,133.110385031409,170.83541407912597,739.2266078164075
22.345160795912516,33.05852723591049,198.03045561221643,56.824845485205856
1.2577332259757883,2262.6971519986537,36.64351331263964,81.03315000110466
2854.1640667085385,1.6292099002142029,194.8658120843798,793.6099268997051

Iteration: ,30000
Error:,0.05877698407479887
Absolute Error:,0.13836400587804837
Transition Probabilities
0.00015297537096527466,0.00015297537096527466,0.2047277972914365,0.794966251966633
0.721301503258027,0.27828165639182717,0.00020842017507294682,0.00020842017507294682
0.12584549098132342,0.1015237449381196,0.6516355716633824,0.1209951924171748
0.0980650725362073,0.09168211448818032,0.6212479463440623,0.18900486663155

0.13209789896171548,0.11278138827126007,0.13299527768247613,0.6221254350845483
0.07852176959085086,0.10176213976965541,0.6306681740440686,0.18904791659542508
0.00035258510931120477,0.9444439733369078,0.015700408925138964,0.03950303262864215
0.748813430076266,0.00029464251901187467,0.0425684089501324,0.2083235184545898

Transition Gammas
1.0,1.0,1338.3056108941198,5196.694389105877
3460.8046126320173,1335.1953873679884,1.0,1.0
158.17546958092217,127.60541441714483,819.0421582826918,152.07911883359392
265.20050459084234,247.9388674825443,1680.060643259499,511.13189135005445

242.32578576020916,206.8907889283012,243.9719739686669,1141.2523293952424
35.889651220514374,46.51204020001751,288.2571409210521,86.40742339262374
1.2732115742975665,3410.458826458216,56.69536754896781,142.64844723844743
4277.176312400068,1.6829799684750886,243.14813691245016,1189.9311399356961

Iteration: ,40000
Error:,0.05712262907991979
Absolute Error:,0.13615581026130313
Transition Probabilities
0.00011523392486748101,0.00011523392486748101,0.2060803605997555,0.7936891715505096
0.7229071910065072,0.27677720223950814,0.0001578033769922675,0.0001578033769922675
0.12388909449205518,0.09596605646303696,0.6528098232813613,0.12733502576354655
0.10383273510396002,0.09507358017694825,0.6237573379117497,0.17733634680734206

0.122743404952138,0.11240890524758741,0.12855182274973276,0.6362958670505419
0.08053215556567991,0.10595319506048677,0.6278643763502868,0.18565027302354659
0.0002665402932389663,0.9380701864572524,0.01691743892968372,0.044745834319825005
0.75192001520237,0.00022532091752824673,0.03575311204597472,0.21210155183412707

Transition Gammas
1.0,1.0,1788.3653692846779,6887.634630715321
4581.062869408241,1753.9371305917646,1.0,1.0
213.21250478899952,165.1570976210405,1123.4824028971254,219.14293507213097
381.7096065793683,349.5092260557324,2293.0549582162316,651.9233756510313

306.4489202815222,280.6471570230876,320.9505822104134,1588.616362021796
48.44503095355658,63.73734539052835,377.69893197653096,111.68002594723558
1.2832871576985168,4516.4406802132835,81.45084503282979,215.43367363093424
5754.394108735327,1.7243660684446889,273.61620008338156,1623.1991377426423

Iteration: ,50000
Error:,0.05913429214584921
Absolute Error:,0.13389265096484643
Transition Probabilities
9.181893306399778e-05,9.181893306399778e-05,0.2064411429418198,0.7933752191920521
0.725278509031122,0.2744704869528137,0.0001255020080321284,0.0001255020080321284
0.12599114531532882,0.09894376074744951,0.6502757822747649,0.12478931166245674
0.10540412297218471,0.0986994222510579,0.626671151738778,0.16922530303797942

0.11692993786216745,0.11184840618927357,0.125293666674068,0.6459279892744911
0.0820413963230062,0.10810457018346895,0.6291911426418766,0.18066289085164824
0.00021319485648609355,0.9361010648192116,0.016662703181741137,0.04702303714256124
0.7517624493862154,0.0001832077831343734,0.032591362183689174,0.21546298064696104

Transition Gammas
1.0,1.0,2248.35048777936,8640.649512220642
5779.019159959986,2186.9808400400216,1.0,1.0
270.3498201419738,212.31196728385459,1395.3515569738606,267.77094437192386
492.81433913795814,461.46667870657404,2929.9852870315835,791.2086693619207

362.9495255317138,347.1764947461741,388.91046812225454,2004.9549458512372
60.74603210306274,80.04402637173662,465.8729258995827,133.76849077870753
1.2901981911711293,5665.033014818045,100.83821842346434,284.57083095089916
7183.727988783697,1.7507057988064825,311.4381157275285,2058.931575904163

Iteration: ,60000
Error:,0.058438042954478644
Absolute Error:,0.13294655835347835
Transition Probabilities
7.64818355640535e-05,7.64818355640535e-05,0.209273823452405,0.790573212876467
0.7236634599897678,0.2761273787468982,0.00010458063166701509,0.00010458063166701509
0.1258590232681456,0.09856319228023884,0.6508852997669233,0.12469248468469235
0.10603243598633355,0.09681667455410485,0.629896372139926,0.16725451731963575

0.11742482529408685,0.10827898708086907,0.12465167066158407,0.64964451696346
0.08206681665537649,0.10425279731082092,0.629965548793981,0.18371483723982152
0.0001769263787095915,0.9323064041788176,0.016975172250574665,0.050541497191898106
0.7525245217537899,0.00015496477736390564,0.030378426485154427,0.2169420869836917

Transition Gammas
1.0,1.0,2736.255241640197,10336.744758359811
6919.670004422172,2640.3299955778452,1.0,1.0
328.89404868362806,257.5647460028814,1700.88958193259,325.8456570173413
601.693390630453,549.397480498635,3574.4202269156895,949.1052118927304

431.8466049891178,398.2114756860408,458.42436338832204,2389.1607111004405
73.89893008972012,93.87680056462126,567.2667948697468,165.43020025549447
1.296759660945455,6833.222639822554,124.4173919835762,370.4375528412282
8602.48790467396,1.7714806420084312,347.27113714849776,2479.9745727123677

Iteration: ,70000
Error:,0.05759312062682639
Absolute Error:,0.13203331779193747
Transition Probabilities
6.565126050420162e-05,6.565126050420162e-05,0.21079865011851764,0.7890700473604739
0.7250493235817943,0.274771673464657,8.950147677436662e-05,8.950147677436662e-05
0.12265163980724696,0.09855001423790981,0.6534537569837848,0.12534458897105852
0.1064537156004989,0.09828741337634135,0.6325713473654409,0.16268752365771885

0.11701003321697931,0.10822746423347922,0.12369536937744044,0.6510671331721011
0.08585634452102488,0.10573911988422129,0.6250892017998659,0.18331533379488782
0.00015152468331181817,0.929818505708971,0.016995906573188984,0.053034063034528116
0.7546602578901244,0.0001348723967889266,0.028231574045656457,0.2169732956674302

Transition Gammas
1.0,1.0,3210.8850386052636,12019.11496139475
8100.976092379402,3070.023907620618,1.0,1.0
377.645670172458,303.4365152465066,2011.9908903840933,385.93728855853266
709.172910701931,654.7706732101818,4214.061116676416,1083.7910545105767

505.29271887076527,467.3663288139949,534.162479798192,2811.5493419088048
89.087381859558,109.71840698752773,648.6132239580029,190.2140515486107
1.301209373928389,7984.7621472391165,145.95135570047253,455.4269208801226
10026.762953432957,1.7919766377320137,375.09766520566086,2882.806905672771

Iteration: ,80000
Error:,0.056232326692949995
Absolute Error:,0.13099803617148348
Transition Probabilities
5.7560582513094975e-05,5.7560582513094975e-05,0.21010795146622344,0.7897769273687503
0.7263845631409055,0.27345809282636696,7.867201636377918e-05,7.867201636377918e-05
0.122884456013797,0.09751704732307963,0.6538450771615422,0.12575341950158114
0.10735834537193943,0.09909268134425887,0.6342805849302492,0.15926838835355256

0.11835693129955528,0.10762968864370602,0.12291614369079566,0.6510972363659431
0.08798552354996941,0.10303658116874362,0.6279142650586212,0.1810636302226659
0.00013271199282059476,0.9269352589222473,0.017454555856448454,0.05547747322848359
0.7529327831785758,0.00011937720645486655,0.026826711412507098,0.22012112820246207

Transition Gammas
1.0,1.0,3650.2054408227036,13720.794559177313
9233.074182084076,3475.9258179159606,1.0,1.0
440.78833965481414,349.795073941281,2345.351847601874,451.0793536148603
825.7494106107143,762.1738480820899,4878.585054132814,1225.0168103488586

583.4376904135652,530.5580017386858,605.9122199442255,3209.5684101386323
104.96176217743734,122.91682417582938,749.0662679238699,215.99868850722453
1.306136599930796,9122.793213431381,171.7857878184605,546.0030907181022
11412.082023346667,1.809381265123921,406.6081832215436,3336.340807891632

Iteration: ,90000
Error:,0.057630143214400235
Absolute Error:,0.13016529773646468
Transition Probabilities
5.123738279448682e-05,5.123738279448682e-05,0.20977581014435231,0.7901217150900588
0.7233959141723755,0.2764645963590794,6.974473427256224e-05,6.974473427256224e-05
0.12204173358691162,0.09565752908584128,0.657593624503329,0.12470711282391818
0.10573951559893578,0.0986998912703072,0.6386342538716265,0.15692633925913055

0.11876443389180676,0.10600144974342227,0.12153905078456961,0.6536950655802013
0.08871814756725625,0.1090861681673323,0.6253522022022946,0.17684348206311676
0.00011807356392680021,0.9252861415826134,0.016699142417381234,0.05789664243607866
0.7540374851525898,0.00010729270615244528,0.025263788669753182,0.22059143347150453

Transition Gammas
1.0,1.0,4094.1944865873274,15420.805513412688
10372.050617403547,3963.9493825964905,1.0,1.0
497.62850720623715,390.04619160153817,2681.3559926767957,508.4966639577594
921.4713798808467,860.124282656113,5565.404606035338,1367.541070693313

656.8901926550366,586.2976857794251,672.2366946801403,3615.610023096727
119.35651808448596,146.75853318241394,841.3144714811323,237.91549805510263
1.3102699997995768,10267.960347987924,185.3114668872024,642.4827975900394
12821.786627910493,1.8244241328922317,429.589926382303,3750.975710901406

Iteration: ,99999
Error:,0.056515333186937036
Absolute Error:,0.1287227842072894
Transition Probabilities
4.61552663158866e-05,4.61552663158866e-05,0.2097253859535007,0.7901823035138675
0.7224797280933505,0.2773946516566652,6.28101249921486e-05,6.28101249921486e-05
0.12265550042417955,0.09454991101578507,0.6589168983649876,0.12387769019504788
0.10692786334533207,0.09888700238051074,0.6401307597122292,0.154054374561928

0.11847951139328664,0.1052953751257307,0.12096157059224087,0.6552635428887418
0.08961504571887971,0.10499970822110347,0.6313911839529958,0.17399406210702106
0.00010627894809148042,0.9228778230327911,0.016866048490495385,0.06014984952862201
0.7528350173762908,9.743927980508425e-05,0.024025835277925015,0.22304170806597912

Transition Gammas
1.0,1.0,4543.91021206855,17120.08978793147
11502.599750974257,4416.400249025776,1.0,1.0
561.9252667025403,433.1642998520819,3018.7154474775193,567.5245207969854
1042.9562390709539,964.5270453286421,6243.726833921108,1502.620234602776

724.8040960408327,644.149509799633,739.9882122889674,4008.6061656302472
134.27230647772083,157.3235039857269,946.0280902496592,260.69934847576155
1.3138409745207638,11408.79468747961,208.50136346845585,743.5841089990715
14200.153454113124,1.8379229097400884,453.1810289574402,4207.065835277591


Model Num 3
Model States: 
"['diamond', 'x', 'square']","['diamond', 'x', 'diamond']","['square', 'y', 'diamond', 'x', 'diamond']","['square', 'x', 'square', 'y', 'diamond', 'x', 'diamond']","['square', 'x', 'square', 'y', 'diamond', 'x', 'square']"
Iteration: ,0
Error:,0.3303097581075046
Absolute Error:,1
Transition Probabilities
0.2,0.2,0.2,0.2,0.2
0.2,0.2,0.2,0.2,0.2
0.2,0.2,0.2,0.2,0.2
0.2,0.2,0.2,0.2,0.2
0.2,0.2,0.2,0.2,0.2

0.2,0.2,0.2,0.2,0.2
0.2,0.2,0.2,0.2,0.2
0.2,0.2,0.2,0.2,0.2
0.2,0.2,0.2,0.2,0.2
0.2,0.2,0.2,0.2,0.2

Transition Gammas
1.0,1.0,1.0,1.0,1.0
1.0,1.0,1.0,1.0,1.0
1.0,1.0,1.0,1.0,1.0
1.0,1.0,1.0,1.0,1.0
1.0,1.0,1.0,1.0,1.0

1.0,1.0,1.0,1.0,1.0
1.0,1.0,1.0,1.0,1.0
1.0,1.0,1.0,1.0,1.0
1.0,1.0,1.0,1.0,1.0
1.0,1.0,1.0,1.0,1.0

Iteration: ,10000
Error:,0.1474300309727704
Absolute Error:,1
Transition Probabilities
0.0005672149744753263,0.0005672149744753263,0.41179807146908687,0.4790907884637837,0.1079767101181787
0.7364600253826186,0.26147528088028577,0.0006882312456985545,0.0006882312456985545,0.0006882312456985545
0.2,0.2,0.2,0.2,0.2
0.1407168600014452,0.12705044694225376,0.41399985189135297,0.24804058894661513,0.07019225221833296
0.004522886752595539,0.0032013005539682114,0.9846516995965772,0.00416660039689496,0.0034575126999641047

0.16321627248426446,0.11815695963653085,0.23807615228255,0.38323646542542544,0.0973141501712293
0.07683146046733876,0.06969439382734992,0.3512387068213098,0.3071618667469942,0.19507357213700735
0.362789674870986,0.43312869247595265,0.05677179962894251,0.10470939081349277,0.042600442210625915
0.2,0.2,0.2,0.2,0.2
0.2,0.2,0.2,0.2,0.2

Transition Gammas
1.0,1.0,726.0,844.6370600616505,190.362939938349
1070.076416880945,379.92358311905537,1.0,1.0,1.0
1.0,1.0,1.0,1.0,1.0
304.3321833142412,274.7754598033892,895.3687483971285,536.4441331614304,151.8066944439335
1.5601331823606241,1.1042627185146958,339.64763515841656,1.437235087326114,1.1926410247949997

81.19932385220531,58.78252875701223,118.44176010416774,190.65832955506147,48.41332959566025
19.47644113930783,17.667225780449055,89.03748487457057,77.86419757673212,49.45030229089622
977.718173777307,1167.281826222692,153.0,282.1918082423629,114.8081917576368
1.0,1.0,1.0,1.0,1.0
1.0,1.0,1.0,1.0,1.0

Iteration: ,20000
Error:,0.14540429827589868
Absolute Error:,1
Transition Probabilities
0.00028563267637817744,0.00028563267637817744,0.4170237075121391,0.47848464585328515,0.10392038128181946
0.7409673389564291,0.2580208566590852,0.00033726812816188876,0.00033726812816188876,0.00033726812816188876
0.2,0.2,0.2,0.2,0.2
0.13950303186624632,0.1260116120045874,0.4108780706516272,0.2517931902610254,0.0718140952165137
0.002284430294843575,0.0016169204245911574,0.992247844278697,0.0021044763430594095,0.0017463286588088325

0.14714070033537172,0.12526218953294432,0.2216321142985219,0.4209748434810209,0.08499015235214114
0.07676513882341557,0.06364510648790828,0.399229648050601,0.31627362515085133,0.14408648148722383
0.3561342074748113,0.4406016975696992,0.055267062314540066,0.10724568408558927,0.0407513485553602
0.2,0.2,0.2,0.2,0.2
0.2,0.2,0.2,0.2,0.2

Transition Gammas
1.0,1.0,1460.0,1675.1747451323527,363.82525486765024
2196.968160005812,765.0318399941875,1.0,1.0,1.0
1.0,1.0,1.0,1.0,1.0
610.4839081978877,551.44365212531,1798.0573397480705,1101.8806458310219,314.26807665016935
1.5601331823606241,1.1042627185146958,677.6476351584165,1.437235087326114,1.1926410247949997

150.3615716718096,128.00414600648654,226.48358314807328,430.18987238627267,86.85056449484924
38.104258533307046,31.591808849245176,198.1674228255428,156.99016721296238,71.52085733047662
1920.2756467041822,2375.7243532958178,298.0,578.2687285894972,219.73127141050216
1.0,1.0,1.0,1.0,1.0
1.0,1.0,1.0,1.0,1.0

Iteration: ,30000
Error:,0.14598228489476278
Absolute Error:,1
Transition Probabilities
0.00019402405898331375,0.00019402405898331375,0.41540551028327477,0.4811872404140609,0.1030192011846977
0.7332762203943323,0.26604749466427896,0.00022542831379621298,0.00022542831379621298,0.00022542831379621298
0.2,0.2,0.2,0.2,0.2
0.14106479270998298,0.12483867511134876,0.40130512856048584,0.2626394118725903,0.07015199174559213
0.0015251434821696036,0.0010794969985814219,0.9948244646388221,0.0014050016694499138,0.001165893210976985

0.13838443960791177,0.12152250970763864,0.21147905510271114,0.44664993560164723,0.0819640599800912
0.08228308968338649,0.06622799031375626,0.4062313417325812,0.3146120164110834,0.13064556185919274
0.3521135925480154,0.44183184161169575,0.0526971471284415,0.11253025478078234,0.04082716393106506
0.2,0.2,0.2,0.2,0.2
0.2,0.2,0.2,0.2,0.2

Transition Gammas
1.0,1.0,2141.0,2480.0390370940722,530.9609629059324
3252.8133136692554,1180.1866863307405,1.0,1.0,1.0
1.0,1.0,1.0,1.0,1.0
946.3088528688332,837.4587391282153,2692.0862999402257,1761.8712351441839,470.60254766558154
1.5601331823606241,1.1042627185146958,1017.6476351584165,1.437235087326114,1.1926410247949997

216.55359388849146,190.16687345846418,330.9371309692836,698.9488777686971,128.2630605628137
60.912561859454115,49.02728582916255,300.72511651845514,232.90112203014436,96.71435405539934
2826.4158073829203,3546.5841926170824,423.0,903.2803551253401,327.7196448746593
1.0,1.0,1.0,1.0,1.0
1.0,1.0,1.0,1.0,1.0

Iteration: ,40000
Error:,0.14793830821813492
Absolute Error:,1
Transition Probabilities
0.00014617745943575503,0.00014617745943575503,0.4225990352287678,0.4789909835779194,0.0981176262744413
0.7322144998848608,0.26727857209891764,0.00016897600540723235,0.00016897600540723235,0.00016897600540723235
0.2,0.2,0.2,0.2,0.2
0.14042817664805363,0.12169885386963362,0.40410953123432275,0.26453816094363575,0.06922527730435425
0.001171322243080264,0.0008290622230362663,0.9960251479554093,0.0010790523817801542,0.0008954151966940958

0.14078195246101577,0.1215622452910513,0.21104477857063494,0.4472760285968778,0.07933499508042016
0.08440773001348269,0.06563102582164233,0.41434800807984623,0.31919666539868835,0.11641657068634036
0.349959403949721,0.44432790531711946,0.05238183848157795,0.1132366498795747,0.04009420237200695
0.2,0.2,0.2,0.2,0.2
0.2,0.2,0.2,0.2,0.2

Transition Gammas
1.0,1.0,2891.0,3276.7773186565464,671.2226813434529
4333.245410318601,1581.7545896813929,1.0,1.0,1.0
1.0,1.0,1.0,1.0,1.0
1257.2206737227593,1089.541420428242,3617.898268304871,2368.348381824177,619.7577427024962
1.5601331823606241,1.1042627185146958,1326.6476351584165,1.437235087326114,1.1926410247949997

296.6982080034963,256.19264194196944,444.7772354041003,942.6350029089284,167.1986391781643
84.48610889106452,65.69196912787297,414.7327611326339,319.49306332761995,116.52467216165385
3761.3636736516028,4775.636326348402,563.0,1217.0675129056692,430.93248709433084
1.0,1.0,1.0,1.0,1.0
1.0,1.0,1.0,1.0,1.0

Iteration: ,50000
Error:,0.14525309839918424
Absolute Error:,1
Transition Probabilities
0.00011652295502213934,0.00011652295502213934,0.4260079235609414,0.4745752078195123,0.09918382270950193
0.7324875789081257,0.2671060271606903,0.000135464643727987,0.000135464643727987,0.000135464643727987
0.2,0.2,0.2,0.2,0.2
0.14101215966030517,0.12038058240200919,0.4031686969780572,0.2663071379075438,0.06913142305208468
0.0009231874632731846,0.0006534323539931536,0.9968671869781265,0.0008504641971579521,0.0007057290074492654

0.13701472366820017,0.12149809374715921,0.210683365735669,0.45404057910680956,0.07676323774216223
0.08344603948971317,0.06733508009481523,0.42625687209214036,0.31081939375800377,0.11214261456532754
0.35156477624731,0.4428166632308607,0.052701801200800515,0.11321351333028769,0.03970324599074113
0.2,0.2,0.2,0.2,0.2
0.2,0.2,0.2,0.2,0.2

Transition Gammas
1.0,1.0,3656.0,4072.8044335070554,851.1955664929458
5407.223307499784,1971.7766925002159,1.0,1.0,1.0
1.0,1.0,1.0,1.0,1.0
1573.1804308190951,1343.0074182372575,4497.889443950246,2971.01454904902,771.2540688846035
1.5601331823606241,1.1042627185146958,1684.6476351584165,1.437235087326114,1.1926410247949997

358.79721679340594,318.1641849510412,551.7115476850726,1188.9853275133748,201.01807540506454
104.94927577083286,84.68667815915983,536.0991401386452,390.9145415397826,141.04068034444748
4742.9603963524605,5974.039603647544,711.0,1527.3635083389117,535.6364916610888
1.0,1.0,1.0,1.0,1.0
1.0,1.0,1.0,1.0,1.0

Iteration: ,60000
Error:,0.14388215633775656
Absolute Error:,1
Transition Probabilities
9.691800736576858e-05,9.691800736576858e-05,0.42915293661562326,0.4721935747173083,0.09845965265233683
0.7335745702792774,0.2660862933879168,0.00011304544426859591,0.00011304544426859591,0.00011304544426859591
0.2,0.2,0.2,0.2,0.2
0.14005242331900591,0.11972586345031677,0.4041705517631111,0.26676736333479056,0.06928379813277553
0.0007640438627961697,0.0005407904674645562,0.9974072367120717,0.0007038569913661426,0.0005840719663014793

0.1342703604363272,0.124822364346818,0.21174080344288004,0.4527660415394812,0.07640043023449358
0.08005426830856224,0.07031832558517684,0.43606488711728636,0.3057558246484793,0.1078066943404951
0.3521439830243138,0.44078996474834375,0.052657450076804904,0.11487021483169012,0.03953838731884754
0.2,0.2,0.2,0.2,0.2
0.2,0.2,0.2,0.2,0.2

Transition Gammas
1.0,1.0,4428.0,4872.093303933186,1015.9066960668113
6489.200648690492,2353.7993513095134,1.0,1.0,1.0
1.0,1.0,1.0,1.0,1.0
1865.3435158098287,1594.6161999145802,5383.105126966333,3553.046492403729,922.783630121676
1.5601331823606241,1.1042627185146958,2036.6476351584165,1.437235087326114,1.1926410247949997

415.5061469462746,386.26886450539627,655.2421927219051,1401.1064897483398,236.42483932130298
123.00343311671746,108.04415105834852,670.0139706522464,469.7940150078609,165.6450529999685
5731.143323720708,7173.856676279296,857.0,1869.512746385757,643.4872536142439
1.0,1.0,1.0,1.0,1.0
1.0,1.0,1.0,1.0,1.0

Iteration: ,70000
Error:,0.1451156646415289
Absolute Error:,1
Transition Probabilities
8.350033400133596e-05,8.350033400133596e-05,0.4275217100868401,0.4757093831999129,0.09660190604524432
0.7309675476503045,0.26874321208745106,9.641342074816806e-05,9.641342074816806e-05,9.641342074816806e-05
0.2,0.2,0.2,0.2,0.2
0.14074718098263914,0.11881926806306467,0.40397014320734226,0.26769111678674407,0.06877229096020984
0.000665318478717682,0.0004709126120086758,0.9977422587754498,0.0006129086110537294,0.0005086015227701838

0.13175522778339582,0.1259379744009325,0.2066580284632982,0.46062478568138027,0.07502398367099315
0.08193806064449467,0.07102138132890957,0.4393920604029257,0.30436425929750216,0.10328423832616779
0.34967740958812604,0.4424912651106691,0.052367364193616574,0.11628580400637942,0.03917815710120886
0.2,0.2,0.2,0.2,0.2
0.2,0.2,0.2,0.2,0.2

Transition Gammas
1.0,1.0,5120.0,5697.09557320216,1156.9044267978468
7581.595404228965,2787.4045957710446,1.0,1.0,1.0
1.0,1.0,1.0,1.0,1.0
2201.3872892349596,1858.4189367351926,6318.384015071408,4186.881881549993,1075.6481665522554
1.5601331823606241,1.1042627185146958,2339.6476351584165,1.437235087326114,1.1926410247949997

479.90621295749395,458.71740635331327,752.7327263258842,1677.7831150208576,273.2679111884817
146.30892957143004,126.81606322122869,784.5802245510745,543.474041579122,184.42475001533242
6617.295299045697,8373.704700954302,991.0,2200.592555016724,741.4074449832765
1.0,1.0,1.0,1.0,1.0
1.0,1.0,1.0,1.0,1.0

Iteration: ,80000
Error:,0.14543880245167226
Absolute Error:,1
Transition Probabilities
7.326007326007319e-05,7.326007326007319e-05,0.4289377289377285,0.4747493906682901,0.09616636024746135
0.729720850557028,0.27002730256587343,8.394895903290789e-05,8.394895903290789e-05,8.394895903290789e-05
0.2,0.2,0.2,0.2,0.2
0.14075173239283695,0.1184584617274763,0.4047549572756991,0.26744112636663897,0.06859372223734844
0.0005889646647730987,0.00041686936037561015,0.9980013634883184,0.0005425695004617218,0.0004502329860712283

0.13240167537794326,0.12814411608252782,0.20611858742446526,0.4610922068710492,0.07224341424401448
0.07952575329899687,0.07091445942910393,0.4465462289156947,0.3039229586955067,0.0990905996606977
0.34710144139966015,0.44353610995992626,0.053598633488758596,0.11737050888147958,0.03839330627017549
0.2,0.2,0.2,0.2,0.2
0.2,0.2,0.2,0.2,0.2

Transition Gammas
1.0,1.0,5855.0,6480.329182622166,1312.6708173778486
8692.434771835327,3216.565228164688,1.0,1.0,1.0
1.0,1.0,1.0,1.0,1.0
2512.935109427714,2114.918391575858,7226.3618043026045,4774.805856569501,1224.6497429635733
1.5601331823606241,1.1042627185146958,2643.6476351584165,1.437235087326114,1.1926410247949997

551.468448987698,533.7352170296148,858.5080014285151,1920.5029199037788,300.90226191623674
163.49693896251821,145.7929860940585,918.0540705911545,624.8349920097392,203.72029251420844
7518.5643221580385,9607.435677841962,1161.0,2542.362592881729,831.6374071182712
1.0,1.0,1.0,1.0,1.0
1.0,1.0,1.0,1.0,1.0

Iteration: ,90000
Error:,0.14605702979456286
Absolute Error:,1
Transition Probabilities
6.520605112154406e-05,6.520605112154406e-05,0.42716484089723517,0.47626230574740125,0.09644244125312047
0.7292891068426575,0.27048747939505474,7.447125409591889e-05,7.447125409591889e-05,7.447125409591889e-05
0.2,0.2,0.2,0.2,0.2
0.14023387644362478,0.11855214753183688,0.40426021844199544,0.2686458732784839,0.06830788430405901
0.0005263710393870407,0.0003725655741912061,0.9982137733535915,0.00048490663189067516,0.00040238340093958733

0.1338749269049493,0.12713902003636607,0.20274393672058272,0.46588897416099595,0.07035314217710585
0.08023823585880308,0.07077833651514263,0.4528397626904795,0.30111339292546624,0.09503027201010852
0.34520206838622886,0.44503962842403066,0.053271950016441985,0.11847576305050667,0.03801059012279174
0.2,0.2,0.2,0.2,0.2
0.2,0.2,0.2,0.2,0.2

Transition Gammas
1.0,1.0,6551.0,7303.958720942147,1479.041279057856
9792.894126683215,3632.105873316799,1.0,1.0,1.0
1.0,1.0,1.0,1.0,1.0
2826.495557488993,2389.487667512525,8148.100448147998,5414.714237501959,1376.7852420774484
1.5601331823606241,1.1042627185146958,2958.6476351584165,1.437235087326114,1.1926410247949997

626.1892623192055,594.6825967276438,948.318547093525,2179.1584114899724,329.07119518353534
186.38240957422607,164.4083617262183,1051.8846185725613,699.4450853490674,220.7422794153437
8398.075919700172,10826.924080299814,1296.0,2882.278363492725,924.721636507277
1.0,1.0,1.0,1.0,1.0
1.0,1.0,1.0,1.0,1.0

Iteration: ,99999
Error:,0.14572655885209868
Absolute Error:,1
Transition Probabilities
5.877167205406994e-05,5.877167205406994e-05,0.42821040258595355,0.47547892245506396,0.09619313161487433
0.7285907064273927,0.27120932023571903,6.665777896280495e-05,6.665777896280495e-05,6.665777896280495e-05
0.2,0.2,0.2,0.2,0.2
0.13892404881584863,0.11845962717264537,0.40563244731242587,0.268773299741195,0.06821057695788509
0.0004749347861996192,0.00033615897928178303,0.9983883209619512,0.0004375222235097861,0.0003630630490576788

