0,1,2,3,4,5,6,7,8,9,10,11,12,13,14,15,16,17,18,19,20,21,22,23,24,25,26,27,28,29
github Code Version (SHA):,0223d720dafbf5413b6775610c21cd8ff219e6c5
Environment Observations,Environment Actions,alpha,epsilon,numActions,explore,patience,gainThresh,insertRandActions,useBudd,revisedSplitting,haveControl,confidence_factor
"['diamond', 'square']","['x', 'y']",0.7,0.99,100000,0.5,0,0.0001,False,True,False,False,

Model Num 0
Model States: 
['diamond'],['square']
Iteration: ,0
Error:,0.3564011328715006
Absolute Error:,1
Transition Probabilities
0.5,0.5
0.5,0.5

0.5,0.5
0.5,0.5

Transition Gammas
1.0,1.0
1.0,1.0

1.0,1.0
1.0,1.0

Iteration: ,10000
Error:,0.0449865957025013
Absolute Error:,1
Transition Probabilities
0.4876226062587576,0.5123773937412424
0.20753375977256575,0.7924662402274343

0.22342342342342342,0.7765765765765765
0.7898269162839986,0.2101730837160014

Transition Gammas
1044.0,1097.0
584.0,2230.0

496.0,1724.0
2236.0,595.0

Iteration: ,20000
Error:,0.04080657531628381
Absolute Error:,1
Transition Probabilities
0.4795158286778399,0.5204841713221602
0.2093869068236924,0.7906130931763076

0.2131979695431472,0.7868020304568528
0.7918600499821492,0.20813995001785077

Transition Gammas
2060.0,2236.0
1209.0,4565.0

924.0,3410.0
4436.0,1166.0

Iteration: ,30000
Error:,0.04229059419453733
Absolute Error:,1
Transition Probabilities
0.47763055339049104,0.522369446609509
0.20773113099334709,0.7922688690066529

0.21342406433652955,0.7865759356634705
0.7881527298679671,0.21184727013203283

Transition Gammas
3064.0,3351.0
1811.0,6907.0

1380.0,5086.0
6626.0,1781.0

Iteration: ,40000
Error:,0.042270703469361494
Absolute Error:,1
Transition Probabilities
0.48182349503214494,0.5181765049678551
0.20667644268092814,0.7933235573190719

0.21398035817446562,0.7860196418255344
0.7890743550834598,0.2109256449165402

Transition Gammas
4122.0,4433.0
2396.0,9197.0

1852.0,6803.0
8840.0,2363.0

Iteration: ,50000
Error:,0.041814943246671246
Absolute Error:,1
Transition Probabilities
0.4805412972468502,0.5194587027531498
0.20601006271969122,0.7939899372803088

0.21240007436326455,0.7875999256367354
0.7878636622932116,0.21213633770678836

Transition Gammas
5149.0,5566.0
2989.0,11520.0

2285.0,8473.0
11049.0,2975.0

Iteration: ,60000
Error:,0.041650141696861966
Absolute Error:,1
Transition Probabilities
0.47720720018701784,0.5227927998129821
0.20435684647302904,0.7956431535269709

0.21338912133891214,0.7866108786610879
0.787171149866982,0.21282885013301803

Transition Gammas
6124.0,6709.0
3546.0,13806.0

2754.0,10152.0
13315.0,3600.0

Iteration: ,70000
Error:,0.04291212632136677
Absolute Error:,1
Transition Probabilities
0.4767217905293219,0.523278209470678
0.2069239556946307,0.7930760443053693

0.21310931066542702,0.786890689334573
0.7875797145460067,0.21242028545399333

Transition Gammas
7178.0,7879.0
4166.0,15967.0

3209.0,11849.0
15561.0,4197.0

Iteration: ,80000
Error:,0.041920624963612686
Absolute Error:,1
Transition Probabilities
0.47808972503617947,0.5219102749638206
0.20703635888046037,0.7929636411195397

0.21335116590102926,0.7866488340989708
0.7875287661533015,0.21247123384669853

Transition Gammas
8259.0,9016.0
4749.0,18189.0

3669.0,13528.0
17795.0,4801.0

Iteration: ,90000
Error:,0.04245179379722873
Absolute Error:,1
Transition Probabilities
0.4778239245244321,0.5221760754755679
0.20649230054940804,0.793507699450592

0.2139781040834328,0.7860218959165672
0.7877009139615506,0.2122990860384494

Transition Gammas
9319.0,10184.0
5337.0,20509.0

4124.0,15149.0
19995.0,5389.0

Iteration: ,99999
Error:,0.04239390682773443
Absolute Error:,1
Transition Probabilities
0.4793582199337992,0.5206417800662008
0.20712912807967848,0.7928708719203215

0.21456564337034617,0.7854343566296538
0.7882924407885407,0.21170755921145937

Transition Gammas
10427.0,11325.0
5927.0,22688.0

4599.0,16835.0
22233.0,5971.0


Model Num 1
Model States: 
['square'],"['diamond', 'x', 'square']","['diamond', 'x', 'diamond']"
Iteration: ,0
Error:,0.4348321261794429
Absolute Error:,1
Transition Probabilities
0.3333333333333333,0.3333333333333333,0.3333333333333333
0.3333333333333333,0.3333333333333333,0.3333333333333333
0.3333333333333333,0.3333333333333333,0.3333333333333333

0.3333333333333333,0.3333333333333333,0.3333333333333333
0.3333333333333333,0.3333333333333333,0.3333333333333333
0.3333333333333333,0.3333333333333333,0.3333333333333333

Transition Gammas
1.0,1.0,1.0
1.0,1.0,1.0
1.0,1.0,1.0

1.0,1.0,1.0
1.0,1.0,1.0
1.0,1.0,1.0

Iteration: ,10000
Error:,0.034267105344136246
Absolute Error:,1
Transition Probabilities
0.7912885662431942,0.10069565716174259,0.10801577659506321
0.9989406779661016,0.0005296610169491525,0.0005296610169491525
0.0006570302233902763,0.7014679292713113,0.2978750405052984

0.21459537572254336,0.37980682574808033,0.40559779852937633
0.7462555898943739,0.14769408833168865,0.10605032177393744
0.8613955179566269,0.07243787599826886,0.06616660604510427

Transition Gammas
2180.0,277.4165354806008,297.5834645193992
1886.0,1.0,1.0
1.0,1067.6341883509353,453.36581164906397

594.0,1051.3052936706863,1122.6947063293137
213.01608643791033,42.15876854052701,30.271698886654566
308.9377584108409,25.979697558717103,23.730519287722803

Iteration: ,20000
Error:,0.03048739173451157
Absolute Error:,1
Transition Probabilities
0.7950568284322569,0.09963810590109295,0.10530506566665013
0.9994672349493873,0.0002663825253063399,0.0002663825253063399
0.0003336670003336673,0.7098600443665227,0.2898062886331436

0.20858229223248237,0.3869956622725788,0.40442204549493876
0.7505368857188642,0.14786771780716507,0.10159539647397071
0.8601600598630871,0.0717007042894159,0.06813923584749695

Transition Gammas
4407.0,552.2940210097582,583.7059789902416
3752.0,1.0,1.0
1.0,2127.4505529664666,868.5494470335306

1152.0,2137.3770427314525,2233.6229572685465
434.1545053150788,85.53535089105063,58.76872934259496
613.6674608495639,51.153722656472674,48.61284986124416

Iteration: ,30000
Error:,0.03137261088824753
Absolute Error:,1
Transition Probabilities
0.7919463087248322,0.10037430846852241,0.10767938280664535
0.9996467055290584,0.0001766472354707649,0.0001766472354707649
0.00022114108801415304,0.7147180834828768,0.28506077542910896

0.20701289311965296,0.38639958544695074,0.40658752143339616
0.7406394262975338,0.1554210356847225,0.10393953801774358
0.8510317873870363,0.07702648095984223,0.07194173165312136

Transition Gammas
6490.0,822.5674578995412,882.4325421004587
5659.0,1.0,1.0
1.0,3231.955173509569,1289.0448264904308

1718.0,3206.730159624244,3374.269840375755
655.0507618400743,137.46050266348055,91.92823274908477
908.566711640571,82.23393949808056,76.8054302160612

Iteration: ,40000
Error:,0.03316661146954573
Absolute Error:,1
Transition Probabilities
0.7903328773369813,0.10273710021741427,0.10693002244560441
0.9997357293868921,0.0001321353065539112,0.0001321353065539112
0.00016644474034620502,0.7174687400414843,0.28236481521816953

0.20734028092433174,0.38779841281177074,0.4048613062638976
0.7460176809360646,0.1475354883670087,0.10644683069692655
0.8432781143071799,0.07772105912419167,0.07900082656862836

Transition Gammas
8666.0,1126.5123038839474,1172.4876961160523
7566.0,1.0,1.0
1.0,4310.552190169239,1696.447809830763

2288.0,4279.355485377889,4467.6445146221085
876.4530100177647,173.33090913000447,125.05822255326454
1192.350462828259,109.89344943971278,111.70297263116939

Iteration: ,50000
Error:,0.03163677463713119
Absolute Error:,1
Transition Probabilities
0.7941563184806428,0.10198786928713796,0.10385581223221922
0.9997870754817417,0.00010646225912913872,0.00010646225912913872
0.00013260840737302747,0.7146119715708072,0.2852554200218197

0.20836045418384322,0.3845272896335051,0.4071122561826516
0.7503877388998079,0.14809632960547728,0.10151593149471479
0.8420789974548185,0.07686673894370885,0.08105426360147268

Transition Gammas
10872.0,1396.2139305409187,1421.786069459081
9391.0,1.0,1.0
1.0,5388.888877615456,2151.111122384542

2881.0,5316.858833762474,5629.141166237523
1107.587415492605,218.59316517107013,149.83955942618118
1487.909302709205,135.81948521332268,143.21862105739802

Iteration: ,60000
Error:,0.029042021458131007
Absolute Error:,1
Transition Probabilities
0.7935707340787554,0.1034554688217223,0.10297379709952223
0.9998230558258869,8.847208705653367e-05,8.847208705653367e-05
0.00011052166224580029,0.7157699741116476,0.28411950422610666

0.20512820512820518,0.385967677688329,0.40890411718346587
0.7521693317890856,0.14478574417258225,0.10304492403833214
0.8401299333537571,0.07857488092377919,0.08129518572246375

Transition Gammas
13059.0,1702.463194930262,1694.5368050697377
11301.0,1.0,1.0
1.0,6476.28672576218,2570.7132742378103

3392.0,6382.361518254207,6761.63848174579
1361.715369388697,262.1178034994248,186.55088803837847
1744.05814159714,163.11662679734474,168.76381248067383

Iteration: ,70000
Error:,0.028689829964322202
Absolute Error:,1
Transition Probabilities
0.7923112986404126,0.10501595189571,0.10267274946387742
0.9998482434175583,7.58782912208817e-05,7.58782912208817e-05
9.478672985782004e-05,0.7159063284484767,0.28399888482166546

0.20475177672874414,0.386236925591601,0.4090112976796549
0.7519476002274337,0.13901229295058987,0.10904010682197658
0.8399862148513536,0.07882257780738247,0.08119120734126395

Transition Gammas
15210.0,2015.991228541945,1971.0087714580548
13177.0,1.0,1.0
1.0,7552.811765131419,2996.1882348685667

3947.0,7445.489214629291,7884.510785370706
1636.645568038218,302.566100472426,237.33037716275032
1990.1923578765902,186.7555552779471,192.3675859441955

Iteration: ,80000
Error:,0.029263591450602502
Absolute Error:,1
Transition Probabilities
0.7921407356636967,0.1050262698251654,0.10283299451113798
0.9998669859005055,6.650704974727321e-05,6.650704974727321e-05
8.256956485839331e-05,0.7161194336796995,0.28379799675544204

0.2037979284026894,0.38504952410143384,0.41115254749587676
0.7500287413394714,0.1380127929430961,0.11195846571743244
0.8388719479076907,0.07942768507504794,0.08170036701726131

Transition Gammas
17336.0,2298.4999151237444,2250.5000848762543
15034.0,1.0,1.0
1.0,8672.92246129483,3437.077538705154

4486.0,8475.710124520763,9050.28987547924
1916.9873193466851,352.7448474935017,286.1529795385372
2234.148686630436,211.53795729505208,217.59073971195016

Iteration: ,90000
Error:,0.02782518534123344
Absolute Error:,1
Transition Probabilities
0.7929420384239662,0.10524124950998112,0.1018167120660527
0.9998812704066489,5.936479667557139e-05,5.936479667557139e-05
7.29341404711546e-05,0.7135631343187421,0.28636393154078676

0.20366927988361752,0.3827950217091041,0.4135356984072784
0.751394416626846,0.1368960347442699,0.1117095486288842
0.8357612465876311,0.08034941671433252,0.08388933669803655

Transition Gammas
19481.0,2585.567017961216,2501.4329820387825
16843.0,1.0,1.0
1.0,9783.664134644267,3926.3358653557248

5040.0,9472.645607213492,10233.354392786512
2223.455403813686,405.0898189784845,330.5603476154525
2461.4795285484524,236.64466997082872,247.07042326839257

Iteration: ,99999
Error:,0.029382169563567744
Absolute Error:,1
Transition Probabilities
0.7924549054113507,0.10627382988656765,0.10127126470208166
0.999893105291288,5.344735435595938e-05,5.344735435595938e-05
6.560818790185008e-05,0.7132163493936181,0.2867180424184801

0.20433470308011198,0.38099595038370676,0.41466934653618126
0.7523814222500433,0.13632432998247776,0.11129424776747891
0.8331520448406177,0.08237131351203478,0.08447664164734765

Transition Gammas
21615.0,2898.724983986019,2762.2750160139794
18708.0,1.0,1.0
1.0,10870.843597457537,4370.156402542478

5619.0,10477.007639601554,11402.99236039845
2493.9852156685993,451.8863085367835,368.91688219915295
2706.2810414998576,267.5621160645479,274.4007353226012


Model Num 2
Model States: 
"['diamond', 'x', 'square']","['diamond', 'x', 'diamond']","['square', 'y', 'diamond', 'x', 'diamond']","['square', 'y', 'diamond', 'x', 'square']"
Iteration: ,0
Error:,0.3558708806544627
Absolute Error:,0.4499999999999999
Transition Probabilities
0.25,0.25,0.25,0.25
0.25,0.25,0.25,0.25
0.25,0.25,0.25,0.25
0.25,0.25,0.25,0.25

0.25,0.25,0.25,0.25
0.25,0.25,0.25,0.25
0.25,0.25,0.25,0.25
0.25,0.25,0.25,0.25

Transition Gammas
1.0,1.0,1.0,1.0
1.0,1.0,1.0,1.0
1.0,1.0,1.0,1.0
1.0,1.0,1.0,1.0

1.0,1.0,1.0,1.0
1.0,1.0,1.0,1.0
1.0,1.0,1.0,1.0
1.0,1.0,1.0,1.0

Iteration: ,10000
Error:,0.05072113606165232
Absolute Error:,0.17348958520353105
Transition Probabilities
0.00045724737082761756,0.00045724737082761756,0.18191613387252273,0.817169371385822
0.6648517373899266,0.3338935574657823,0.0006273525721455456,0.0006273525721455456
0.11032015056971921,0.09560709581131548,0.6672622270958255,0.12681052652313982
0.09948510202734577,0.09537581376166743,0.6165597284582054,0.18857935575278129

0.1707247996643389,0.07520454540707153,0.20257684354190794,0.5514938113866817
0.07278411380731045,0.12335291767561224,0.43898281419328344,0.3648801543237939
0.0010512342798624323,0.9147645162997101,0.0382712112367282,0.045913038183699295
0.770686368336827,0.0007798389058866567,0.04629180654099527,0.182241986216291

Transition Gammas
1.0,1.0,397.8505847792074,1787.1494152207936
1059.7736693995435,532.2263306004571,1.0,1.0
45.858234805460974,39.7422649093713,277.3697074283559,52.71300728897368
92.54467014538511,88.72206033416964,573.5463454559133,175.42339424422855

96.08485208060777,42.32552994898721,114.0113567855978,310.3837368363803
10.596754762259279,17.95914725675112,63.91220533601426,53.123481357771325
1.2735812866804255,1108.2467457501868,46.36597130001232,55.62412429421093
1469.2136753448729,1.4866618019561382,88.24932945579845,347.42072699275496

Iteration: ,20000
Error:,0.0543176383676207
Absolute Error:,0.164493986496282
Transition Probabilities
0.00023100023100023134,0.00023100023100023134,0.19216074399450078,0.8073772555434987
0.682541443439208,0.3168374385483696,0.00031055900621118003,0.00031055900621118003
0.09829593711095123,0.10382585139102946,0.6861263260838973,0.11175188541412204
0.11284690381558497,0.10399345499489074,0.6205042130963581,0.1626554280931662

0.14743823445733825,0.07720925282263146,0.19560818340539493,0.5797443293146352
0.10427484767793593,0.12187285362822578,0.4188652539745639,0.35498704471927434
0.0005272883685012946,0.9145764314923831,0.03406201442416079,0.050834265714954904
0.763463220620137,0.00041527456341092255,0.03383939064204801,0.20228211417440403

Transition Gammas
1.0,1.0,831.8638607521926,3495.1361392478007
2197.78344787425,1020.2165521257505,1.0,1.0
84.5680551779204,89.32566886686628,590.3028213444062,96.14476335141634
214.56573693961158,197.7318965200835,1179.8191997782255,309.2710620848972

174.45150859665708,91.3553440334104,231.44703824296445,685.9636730020643
29.527345241234585,34.510545013977655,118.60941769835222,100.52112526662073
1.296034125825514,2247.9583027004296,83.72180333419377,124.94670291158096
2881.6248899875336,1.5674173762183423,127.72380869497616,763.4960784761714

Iteration: ,30000
Error:,0.055261520945625774
Absolute Error:,0.16127634361473786
Transition Probabilities
0.00015477480266212673,0.00015477480266212673,0.19551502959105918,0.8041754208036165
0.6872480387863494,0.3123402691593072,0.00020584602717167548,0.00020584602717167548
0.096546795235945,0.10414706462474815,0.6846988249460245,0.11460731519328239
0.11644866013323449,0.103616430501738,0.630256964581732,0.1496779447832956

0.1418356902567003,0.07392171190093952,0.19930918752890406,0.5849334103134562
0.10795888595034701,0.11376913452932819,0.43696343096611356,0.3413085485542112
0.0003507983692859413,0.9136199031035721,0.031267994320585926,0.05476130420655598
0.7571003662567563,0.00028618811456640204,0.027832547680874946,0.21478089794780247

Transition Gammas
1.0,1.0,1263.2226061878323,5195.777393812162
3338.6509724240873,1517.3490275759152,1.0,1.0
129.06543824420777,139.22561080138766,915.3173203832215,153.2090560361339
337.32946488520696,300.1569534117031,1825.7337126874604,433.5883380804703

252.72773943891937,131.71626344799327,355.13600506631343,1042.2545851701402
45.607632586216226,48.06219369151176,184.59682533479227,144.18706476977286
1.3082857141890656,3407.301664093294,116.61248700852163,204.22966084372266
4260.264244583466,1.6104033838210008,156.61596930238954,1208.589271288558

Iteration: ,40000
Error:,0.05028998464530439
Absolute Error:,0.15603076463640697
Transition Probabilities
0.00011574074074074091,0.00011574074074074091,0.19895004523553297,0.8008184732829855
0.6874341388378491,0.3122560718189043,0.00015489467162329594,0.00015489467162329594
0.09966044027170874,0.0988708505570239,0.686012141934117,0.11545656723715045
0.11521305191122559,0.09991774643559302,0.6389741615176465,0.14589504013553486

0.13852852846207042,0.07546026161209349,0.1936980020660456,0.5923132078597906
0.10036233742608672,0.10422878870972326,0.45667534571915674,0.3387335281450332
0.00026374768246878254,0.9083741188525929,0.0315979301795031,0.05976420328543526
0.7617288537877985,0.00021862029187346517,0.02404981589975656,0.21400271002057142

Transition Gammas
1.0,1.0,1718.9283908350023,6919.071609164985
4438.07480033716,2015.9251996628489,1.0,1.0
182.43400823138526,180.98862011032634,1255.783582806092,211.34970185044568
445.51842700374914,386.37286733837146,2470.855155844063,564.1628939654821

329.1156184798445,179.27823926834657,460.1870708944367,1407.2157547817362
55.91092036624234,58.06488424715099,254.40956779762337,188.7052833085029
1.317877289393693,4538.904798340864,157.88648524084581,298.6258893020052
5726.973016711963,1.643672162658838,180.8158454677175,1608.9553910117077

Iteration: ,50000
Error:,0.04772219699657054
Absolute Error:,0.1545976911252981
Transition Probabilities
9.285051067780889e-05,9.285051067780889e-05,0.20053545320782185,0.7992788457708226
0.6884478686727199,0.3113034988061464,0.00012431626056688206,0.00012431626056688206
0.09856377734985189,0.0977463162398095,0.686736056765093,0.11695384964524577
0.11672968557738099,0.10017954229387152,0.6403425042007055,0.14274826792804185

0.13512469436268398,0.07856354376163134,0.1893332004891138,0.5969785613865708
0.09637535972597384,0.10173022937798824,0.4608567113949372,0.3410376995011007
0.00021161031880785827,0.9034240573108548,0.03159725392717826,0.06476707844315914
0.7634419133860236,0.00017801229071524508,0.021419482977972592,0.21496059134528853

Transition Gammas
1.0,1.0,2159.7668310482377,8608.233168951745
5537.874655603363,2504.1253443966434,1.0,1.0
228.51123671802677,226.61602679154805,1592.135669407644,271.1469623014547
571.2032435720762,490.2170276119858,3133.442136739415,698.5221732713478

405.0545507624818,235.50485035150072,567.5518810995341,1789.5239958747914
66.6067872806367,70.30763638606561,318.50656672011905,235.6974393655679
1.3255205484124286,5659.020593334107,197.92422973432403,405.6989934172293
7150.652566895001,1.667322714699056,200.62204897644733,2013.3928689702914

Iteration: ,60000
Error:,0.04830160536931206
Absolute Error:,0.15398296821662005
Transition Probabilities
7.688759034291882e-05,7.688759034291882e-05,0.20065373961283955,0.7991924852064746
0.692395291119646,0.30739715387827843,0.00010377750103777487,0.00010377750103777487
0.09784030850545186,0.0973449924125261,0.683761015284061,0.12105368379796107
0.1163073487795897,0.09969826074424924,0.6407774436865888,0.14321694678957225

0.13558003325680376,0.0786900699273087,0.1887639420610498,0.5969659547548377
0.0909423054968295,0.10081968851743416,0.4738466273576328,0.33439137862810364
0.00017691346915732652,0.904934890430466,0.03056540188451352,0.06432279421586305
0.7655917389613767,0.00014922301711215865,0.02029832220850047,0.21396071581301082

Transition Gammas
1.0,1.0,2609.7025374045857,10394.297462595387
6671.921025228919,2962.0789747710946,1.0,1.0
269.73546891517566,268.3699343964541,1885.057405284916,333.7323099439427
681.0388185068359,583.7841410444494,3752.078589643908,838.6082328861659

489.13844163638066,283.8938540721302,681.0125225592427,2153.702059252904
74.39812330509615,82.47861737091053,387.6446678722714,273.55905354963835
1.3317935723724972,6812.293468843518,230.09444086237073,484.21798691621905
8663.833919650604,1.68868519793961,229.70636112215885,2421.2906341548246

Iteration: ,70000
Error:,0.04936459567915518
Absolute Error:,0.15454872475290277
Transition Probabilities
6.573325445342818e-05,6.573325445342818e-05,0.20239740490532185,0.7974711285857712
0.6928281546248904,0.30699444604922704,8.869966294128074e-05,8.869966294128074e-05
0.09827666829506214,0.09650943714652094,0.6848593638319611,0.12035453072645584
0.11747974443192546,0.10082252945828231,0.6392942257631603,0.14240350034663193

0.1353101667768506,0.08145482115988818,0.18601089582436162,0.5972241162388997
0.08703133625547924,0.10486877197847438,0.471672377319287,0.33642751444675933
0.00015243148968665236,0.9046881236905997,0.030362728321087502,0.06479671649862623
0.7669539064598339,0.00012906160425221993,0.018709897593186867,0.214207134342727

Transition Gammas
1.0,1.0,3079.0717208246524,12131.928279175303
7810.944615241023,3461.055384758989,1.0,1.0
316.7048582996962,311.0098067661912,2207.01710324992,387.85263339420504
802.7860061101716,688.9606045801389,4368.552729760908,973.0999829134325

573.4609323458003,345.21543206316875,788.3367841962151,2531.1083910093125
80.86373005370396,97.43708913577558,438.24660673223167,312.5860739515947
1.3361296628267216,7929.992944075433,266.1427900334059,567.9719797107593
10139.968733405856,1.7063354404718025,247.36529144998366,2832.0523911712708

Iteration: ,80000
Error:,0.04807559983309956
Absolute Error:,0.15293859381588182
Transition Probabilities
5.758046870501544e-05,5.758046870501544e-05,0.20217088392693927,0.7977139551356507
0.6925550383055153,0.30728967013458097,7.764577995185955e-05,7.764577995185955e-05
0.10117251187150558,0.09533550190436985,0.6847092983992523,0.11878268782487225
0.1145433724597202,0.09988741449515234,0.6447688214366023,0.14080039160852517

0.1345873628453895,0.08392030539372398,0.18229995310633104,0.5991923786545554
0.09003081289500753,0.10495673261438426,0.4702228848736065,0.3347895696170018
0.00013355709967792406,0.9023713916159606,0.030295193775802656,0.0671998575085587
0.767174338773499,0.00011391909076413805,0.017855813143042784,0.21485592899269404

Transition Gammas
1.0,1.0,3511.1017411591433,13853.898258840802
8919.41633833674,3957.5836616632714,1.0,1.0
372.4187886877049,350.9325950437277,2520.4336908914497,437.2423289538557
897.3933652420687,782.5708385760682,5051.4599845192,1103.1047413712947

653.7580026295562,407.642813369404,885.5218699779989,2910.5764789377786
96.67638924054816,112.7040577482892,504.93213585518015,359.50188280221187
1.3408348247773427,9059.278688136004,304.1459490804464,674.6470939009479
11599.779457792647,1.7224720146516868,269.9823026275686,3248.650620273458

Iteration: ,90000
Error:,0.05022473193029013
Absolute Error:,0.15241405593714474
Transition Probabilities
5.132416341613651e-05,5.132416341613651e-05,0.20357771102641023,0.7963196406467575
0.6913765542740112,0.3084862715147405,6.858710562414258e-05,6.858710562414258e-05
0.1014492126235657,0.09660125907728868,0.6831034724556652,0.11884605584348051
0.11519017210138825,0.09963705218516875,0.6471416272431436,0.13803114847029935

0.1352309087877413,0.08651169124858657,0.17966063621517034,0.5985967637485017
0.09011315000670002,0.10759890582124661,0.47206083463336174,0.33022710953869155
0.000118614028544744,0.9024374317256755,0.029341771251783687,0.06810218299399606
0.7658695763715415,0.00010263015865370482,0.017640126659355816,0.21638766681044894

Transition Gammas
1.0,1.0,3966.508121638562,15515.491878361365
10080.270161315095,4497.729838684922,1.0,1.0
418.9673498441456,398.9461570036662,2821.0968239452086,490.81324308480646
1018.982022334422,881.3978057582917,5724.669666129094,1221.035234582425

741.4269553018023,474.31537963799883,985.0206560815002,3281.9107700901277
110.09540750262474,131.45856495246156,576.7385775674799,403.45374887430967
1.3456633950730257,10238.055591871771,332.87923869171163,772.6119406273724
12946.944372129545,1.734952002255459,298.2044797470892,3658.0106736746548

Iteration: ,99999
Error:,0.04940174813405022
Absolute Error:,0.15183753282573487
Transition Probabilities
4.617231507987837e-05,4.617231507987837e-05,0.2037813009783611,0.796126354391479
0.692657595946114,0.3072191298921504,6.163708086785006e-05,6.163708086785006e-05
0.10150079094037706,0.09467312544248327,0.684266002998367,0.11956008061877267
0.11517021051677227,0.0994089058377277,0.6476617722809579,0.13775911136454208

0.13605690057529138,0.08664923405055144,0.17764507449768127,0.5996487908764759
0.09193922654864145,0.10592303785898016,0.4730174397559211,0.3291202958364573
0.00010665099010782939,0.9022877026745013,0.029018799951339776,0.06858684638405091
0.7659045996937061,9.328575920672011e-05,0.01735644178028045,0.21664567276680666

Transition Gammas
1.0,1.0,4413.49541658932,17242.504583410555
11237.67683662976,4984.323163370252,1.0,1.0
465.9796776224887,434.6345685041605,3141.3947470863272,548.8880166064988
1139.0518824271803,983.1700473274732,6405.478965286032,1362.4597403894272

829.5066962502591,528.279856192325,1083.0599420435694,3655.91664463317
122.69013901694693,141.35111559960845,631.2275795619234,439.2011589102314
1.3486054818342452,11409.459403875999,366.94373536580235,867.2830596484453
14339.201807540861,1.746488175641929,324.94585023748925,4056.0221518137314


Model Num 3
Model States: 
"['diamond', 'x', 'square']","['diamond', 'x', 'diamond']","['square', 'y', 'diamond', 'x', 'diamond']","['square', 'x', 'square', 'y', 'diamond', 'x', 'diamond']","['square', 'x', 'square', 'y', 'diamond', 'x', 'square']"
Iteration: ,0
Error:,0.3327465090286279
Absolute Error:,1
Transition Probabilities
0.2,0.2,0.2,0.2,0.2
0.2,0.2,0.2,0.2,0.2
0.2,0.2,0.2,0.2,0.2
0.2,0.2,0.2,0.2,0.2
0.2,0.2,0.2,0.2,0.2

0.2,0.2,0.2,0.2,0.2
0.2,0.2,0.2,0.2,0.2
0.2,0.2,0.2,0.2,0.2
0.2,0.2,0.2,0.2,0.2
0.2,0.2,0.2,0.2,0.2

Transition Gammas
1.0,1.0,1.0,1.0,1.0
1.0,1.0,1.0,1.0,1.0
1.0,1.0,1.0,1.0,1.0
1.0,1.0,1.0,1.0,1.0
1.0,1.0,1.0,1.0,1.0

1.0,1.0,1.0,1.0,1.0
1.0,1.0,1.0,1.0,1.0
1.0,1.0,1.0,1.0,1.0
1.0,1.0,1.0,1.0,1.0
1.0,1.0,1.0,1.0,1.0

Iteration: ,10000
Error:,0.15366961013926045
Absolute Error:,1
Transition Probabilities
0.0005797101449275361,0.0005797101449275361,0.4440579710144926,0.45239745076851146,0.10238515792714081
0.7360246617647432,0.2619592092029987,0.0006720430107526876,0.0006720430107526876,0.0006720430107526876
0.2,0.2,0.2,0.2,0.2
0.16544129810711486,0.10769254473426253,0.4379408504240804,0.17750439111002994,0.11142091562451222
0.006315410315020087,0.007789352004205313,0.9529550548468317,0.020810985960601866,0.012129196873340933

0.10373155411889748,0.11911627340007401,0.25974072449969654,0.41776240613333065,0.09964904184800126
0.1351551281888733,0.07791347080220176,0.3476797294790726,0.41047184357500366,0.028779827954848704
0.3279220405784476,0.45771290944006404,0.04776008885597925,0.13202209426036393,0.03458286686514506
0.2,0.2,0.2,0.2,0.2
0.2,0.2,0.2,0.2,0.2

Transition Gammas
1.0,1.0,766.0,780.3856025756825,176.61439742431796
1095.2046967059389,389.7953032940624,1.0,1.0,1.0
1.0,1.0,1.0,1.0,1.0
347.20175114323166,226.00789853932335,919.080253262699,372.51784248642247,233.83240739422862
2.0578327455433696,2.5381064445955297,310.51380972522776,6.781115753463699,3.9522148614383164

54.482868483604754,62.56337633267031,136.42348129222833,219.42112430580102,52.338612755179106
38.2109359773164,22.027626213583346,98.29569962872662,116.04822950866568,8.136607009717878
885.7174316023873,1236.2825683976134,129.0,356.5916765972431,93.40832340275682
1.0,1.0,1.0,1.0,1.0
1.0,1.0,1.0,1.0,1.0

Iteration: ,20000
Error:,0.1496529576711573
Absolute Error:,1
Transition Probabilities
0.00029850746268656706,0.00029850746268656706,0.4307462686567163,0.46908236212264787,0.09957435429526268
0.7312917249915164,0.26769407622552216,0.00033806626098715294,0.00033806626098715294,0.00033806626098715294
0.2,0.2,0.2,0.2,0.2
0.15539819826615706,0.1067774219970826,0.41869141201042426,0.20715558860726485,0.11197737911907113
0.0031813477034302487,0.003923836437175271,0.9763014086566825,0.010483401566865462,0.006110005635846607

0.10197275650503525,0.12674295023141738,0.2507138695832695,0.42718496601003453,0.09338545767024323
0.1279857412207925,0.0666662058086947,0.383564880675206,0.3893303025896836,0.03245286970562319
0.3279104862308664,0.4525411983304071,0.052758237689744546,0.1349770996361059,0.03181297811287593
0.2,0.2,0.2,0.2,0.2
0.2,0.2,0.2,0.2,0.2

Transition Gammas
1.0,1.0,1443.0,1571.4259131108709,333.57408688913006
2163.160922524909,791.8390774750958,1.0,1.0,1.0
1.0,1.0,1.0,1.0,1.0
680.7143335240493,467.733361526301,1834.0575930666307,907.4350926067764,490.511523603737
2.0578327455433696,2.5381064445955297,631.5138097252277,6.781115753463699,3.9522148614383164

107.33003115569494,133.4015600179545,263.88545682011085,449.6276974609145,98.29158713328607
71.731748305235,37.36418955674563,214.9753497294392,218.20667682648934,18.188753366598924
1771.37244661914,2444.627553380859,285.0,729.146292234244,171.85370776575576
1.0,1.0,1.0,1.0,1.0
1.0,1.0,1.0,1.0,1.0

Iteration: ,30000
Error:,0.14795421094716074
Absolute Error:,1
Transition Probabilities
0.00020024028834601524,0.00020024028834601524,0.4243091710052063,0.4731622725721607,0.1021280758459411
0.7253206022282483,0.2740105014506815,0.00022296544035674439,0.00022296544035674439,0.00022296544035674439
0.2,0.2,0.2,0.2,0.2
0.15137013188120815,0.10875406084826854,0.411064634645377,0.2187447727527304,0.11006639987241588
0.002091626996579447,0.002579787872073397,0.984418989040041,0.0068924769554727285,0.004017119135833413

0.09686745591696878,0.12682015752190626,0.23980228954163826,0.4431716038150496,0.09333849320443714
0.12697976864826918,0.06684551267584703,0.39475979171967596,0.3800545411229464,0.03136038583326137
0.3318733062618284,0.45537660053573586,0.05194482415807134,0.13145541054488694,0.029349858499477376
0.2,0.2,0.2,0.2,0.2
0.2,0.2,0.2,0.2,0.2

Transition Gammas
1.0,1.0,2119.0,2362.97238922537,510.02761077462975
3253.0629009936983,1228.9370990063082,1.0,1.0,1.0
1.0,1.0,1.0,1.0,1.0
1007.2487115236675,723.6724068414725,2735.3105824366703,1455.5737500488897,732.4049868737869
2.0578327455433696,2.5381064445955297,968.5138097252277,6.781115753463699,3.9522148614383164

152.8860703979114,200.16047027587823,378.48036136996234,699.4584959194125,147.31630254768334
107.84910147157089,56.77462288867441,335.2856072056786,322.7958375309157,26.635655978296835
2670.5844954889326,3664.4155045110656,418.0,1057.821688654705,236.1783113452944
1.0,1.0,1.0,1.0,1.0
1.0,1.0,1.0,1.0,1.0

Iteration: ,40000
Error:,0.1498696820158904
Absolute Error:,1
Transition Probabilities
0.0001485663348685188,0.0001485663348685188,0.4214826920219878,0.4772724466482298,0.10094772866004532
0.729110426900008,0.2703857947624605,0.00016792611251049494,0.00016792611251049494,0.00016792611251049494
0.2,0.2,0.2,0.2,0.2
0.15443979650894776,0.10889892421799263,0.40899110748996254,0.22168053368103077,0.10598963810206637
0.0015544385715817151,0.0019172260548403599,0.9884206292708951,0.005122295729996793,0.002985410372686057

0.09946837993038904,0.12600660154063975,0.22977564033414272,0.4512057378606182,0.09354364033421032
0.1270792458921479,0.0680544517002578,0.40449404412624634,0.3708060447420703,0.0295662135392777
0.334546049235861,0.4533129585970372,0.05193957478552777,0.1300789099472015,0.030122507434372472
0.2,0.2,0.2,0.2,0.2
0.2,0.2,0.2,0.2,0.2

Transition Gammas
1.0,1.0,2837.0,3212.520838389235,679.4791616107651
4341.852592189559,1610.1474078104563,1.0,1.0,1.0
1.0,1.0,1.0,1.0,1.0
1378.2293994944246,971.8201028700347,3649.859564803251,1978.2895064686863,945.8574705230138
2.0578327455433696,2.5381064445955297,1308.5138097252277,6.781115753463699,3.9522148614383164

210.14540977499018,266.2123273108795,485.44367695665073,953.2558461483284,197.62829799413666
140.08339556263618,75.01853359608728,445.8863348477624,408.7510079081258,32.59175451849232
3587.6718320053747,4861.3281679946285,557.0,1394.9662302737893,323.0337697262105
1.0,1.0,1.0,1.0,1.0
1.0,1.0,1.0,1.0,1.0

Iteration: ,50000
Error:,0.14677372883920442
Absolute Error:,1
Transition Probabilities
0.00011873664212776052,0.00011873664212776052,0.4261458085965325,0.4750586790379655,0.09855803908124636
0.7279272995806986,0.271670878828088,0.00013394053040450025,0.00013394053040450025,0.00013394053040450025
0.2,0.2,0.2,0.2,0.2
0.15351966529653036,0.10949909476807211,0.40899131137867206,0.22538525615820915,0.10260467239851631
0.001260275877909444,0.0015544092855056743,0.9906119148880793,0.004152950052870035,0.002420449895635579

0.10101914054505744,0.13114183546545904,0.22478194988027791,0.45126193524002867,0.09179513886917677
0.12896196114898187,0.06793926252473026,0.415059674918569,0.3586750675082786,0.02936403389944029
0.3360474391229826,0.4524155307318741,0.05165612206922217,0.12969770946478806,0.030183198611132906
0.2,0.2,0.2,0.2,0.2
0.2,0.2,0.2,0.2,0.2

Transition Gammas
1.0,1.0,3589.0,4000.944194857749,830.0558051422576
5434.705218669502,2028.2947813305075,1.0,1.0,1.0
1.0,1.0,1.0,1.0,1.0
1707.4186439854527,1217.8296216671188,4548.729238870917,2506.6950719352612,1141.1510719155126
2.0578327455433696,2.5381064445955297,1617.5138097252277,6.781115753463699,3.9522148614383164

267.54172247325556,347.31945212980565,595.3183696414744,1195.1338606655668,243.11263623132106
179.26310533835328,94.43872492378665,576.9521924428142,498.57497386146986,40.81736858819396
4514.797344617273,6078.202655382731,694.0,1742.4887266594283,405.5112733405707
1.0,1.0,1.0,1.0,1.0
1.0,1.0,1.0,1.0,1.0

Iteration: ,60000
Error:,0.14780688561396652
Absolute Error:,1
Transition Probabilities
9.869719699960518e-05,9.869719699960518e-05,0.42656928543229355,0.4746078985441572,0.09862542162954997
0.7277187029422894,0.27194673700418104,0.00011152001784320283,0.00011152001784320283,0.00011152001784320283
0.2,0.2,0.2,0.2,0.2
0.1522708817410124,0.10894376479472095,0.4077853533348051,0.2292073652263214,0.1017926349031401
0.0010505347605673644,0.00129571708480302,0.9921743247505477,0.003461796314531644,0.002017627089550256

0.10046018945422448,0.129655702730989,0.21959404728987772,0.4593587153360089,0.09093134518889985
0.12750558135885287,0.06588281544604134,0.42045338145015365,0.35821134548515277,0.027946876259799507
0.33589947684146215,0.4524881796215446,0.05242285289379105,0.1296600188931962,0.02952947175000601
0.2,0.2,0.2,0.2,0.2
0.2,0.2,0.2,0.2,0.2

Transition Gammas
1.0,1.0,4322.0,4808.727228049403,999.2727719506007
6525.45360928351,2438.5463907164917,1.0,1.0,1.0
1.0,1.0,1.0,1.0,1.0
2040.844232290922,1460.1429471165998,5465.433554010229,3072.0024995740646,1364.298344217284
2.0578327455433696,2.5381064445955297,1943.5138097252277,6.781115753463699,3.9522148614383164

315.86256612572845,407.6578314249104,690.4380696446974,1444.2957293482227,285.9023876887834
211.2792965375228,109.16914187603597,696.6996559123049,593.5633583980979,46.30853248669708
5420.745757267517,7302.254242732487,846.0,2092.4533848984006,476.54661510159707
1.0,1.0,1.0,1.0,1.0
1.0,1.0,1.0,1.0,1.0

Iteration: ,70000
Error:,0.1492781814425365
Absolute Error:,1
Transition Probabilities
8.455944529003878e-05,8.455944529003878e-05,0.4284627092846265,0.4746619728104867,0.09670619901430673
0.7292232804165316,0.27048875644275044,9.598771357266274e-05,9.598771357266274e-05,9.598771357266274e-05
0.2,0.2,0.2,0.2,0.2
0.15242657142860802,0.10937257432649514,0.4055923398562288,0.23243756832534185,0.10017094606332626
0.000913032838990836,0.0011261238493695425,0.9931986082153351,0.0030086902744253944,0.0017535448218790866

0.10110550374863965,0.12939490483140684,0.21669142654123444,0.4628412048636296,0.0899669600150894
0.12924373804368744,0.06662837050055723,0.4241679770739124,0.35271737549049115,0.027242538891351767
0.33635966671958917,0.4518069557266833,0.0530644733351022,0.12971953877824746,0.029049365440378012
0.2,0.2,0.2,0.2,0.2
0.2,0.2,0.2,0.2,0.2

Transition Gammas
1.0,1.0,5067.0,5613.352490456824,1143.6475095431929
7597.048135379424,2817.9518646205734,1.0,1.0,1.0
1.0,1.0,1.0,1.0,1.0
2389.44026716725,1714.5254319511728,6358.069067773873,3643.693354469639,1570.2806268003997
2.0578327455433696,2.5381064445955297,2238.5138097252275,6.781115753463699,3.9522148614383164

369.9367467801779,473.4453453915501,792.8561593354281,1693.4980120246196,329.1817287061617
252.70571513685252,130.27609902504562,829.3606607724581,689.6558236685247,53.2663738830851
6338.6979193306515,8514.302080669338,1000.0,2444.564708276071,547.4352917239231
1.0,1.0,1.0,1.0,1.0
1.0,1.0,1.0,1.0,1.0

Iteration: ,80000
Error:,0.14910995333693183
Absolute Error:,1
Transition Probabilities
7.39973360959005e-05,7.39973360959005e-05,0.4280745893147844,0.47459230462046414,0.09718511139255974
0.7281843148572339,0.2715641550010709,8.384338056510442e-05,8.384338056510442e-05,8.384338056510442e-05
0.2,0.2,0.2,0.2,0.2
0.15256116448078383,0.10992895019263864,0.40413820549006696,0.2344838438022843,0.09888783603422625
0.0007961151536971946,0.0009819189662595566,0.9940695549658564,0.002623414863039191,0.0015289960511477294

0.10123078215666143,0.12854808781221141,0.21000551979821164,0.4692934930094186,0.0909221172234969
0.12726860044829297,0.06662234751225393,0.42897774269156363,0.35069517204313394,0.026436137304755473
0.33623358063287295,0.45151981345304876,0.05328249953505677,0.13010831043858373,0.02885579594043792
0.2,0.2,0.2,0.2,0.2
0.2,0.2,0.2,0.2,0.2

Transition Gammas
1.0,1.0,5785.0,6413.640404640956,1313.359595359053
8685.054323302225,3238.9456766977714,1.0,1.0,1.0
1.0,1.0,1.0,1.0,1.0
2740.468664695671,1974.6627155809551,7259.567610939215,4212.0524479773085,1776.3302796859207
2.0578327455433696,2.5381064445955297,2569.5138097252275,6.781115753463699,3.9522148614383164

423.9209166247318,538.3167259478022,879.4334149403078,1965.2453876598202,380.75164938661663
282.8701002262734,148.07635231093371,953.4557356848085,779.4631049236312,58.75756300180172
7231.711852251825,9711.288147748164,1146.0,2798.3695409130564,620.6304590869382
1.0,1.0,1.0,1.0,1.0
1.0,1.0,1.0,1.0,1.0

Iteration: ,90000
Error:,0.14854683509753153
Absolute Error:,1
Transition Probabilities
6.596741209842335e-05,6.596741209842335e-05,0.426017547331618,0.47745284990340303,0.09639766794078215
0.7260508532514842,0.2737268751326012,7.409053863821592e-05,7.409053863821592e-05,7.409053863821592e-05
0.2,0.2,0.2,0.2,0.2
0.15139581165530405,0.10995397740186413,0.40472401357676935,0.23626804894287934,0.09765814842318297
0.0007081706373064094,0.0008734492452379144,0.9947246739120136,0.0023336138834309907,0.0013600923220111372

0.10129142583914562,0.13036797223709898,0.20998887459075088,0.46869774979358814,0.08965397753941656
0.1287916006072391,0.06754934951487379,0.4326824317725451,0.3444025308779742,0.026574087227367784
0.33457075915193735,0.45156310367589436,0.052866716306775884,0.1315369630414036,0.02946245782398889
0.2,0.2,0.2,0.2,0.2
0.2,0.2,0.2,0.2,0.2

Transition Gammas
1.0,1.0,6458.0,7237.707751685689,1461.2922483143172
9799.50836633528,3694.4916336647175,1.0,1.0,1.0
1.0,1.0,1.0,1.0,1.0
3063.606629318017,2225.000351100749,8189.89083965551,4781.05935113615,1976.185124575105
2.0578327455433696,2.5381064445955297,2890.5138097252275,6.781115753463699,3.9522148614383164

478.688866528064,616.1004877238227,992.3775435936562,2214.998878081143,423.691941667684
319.1297955634614,167.37900608026763,1072.134016072725,853.3872453825909,65.8473299824709
8087.913531738932,10916.086468261068,1278.0,3179.7745445628907,712.2254554371073
1.0,1.0,1.0,1.0,1.0
1.0,1.0,1.0,1.0,1.0

Iteration: ,99999
Error:,0.15017459508241557
Absolute Error:,1
Transition Probabilities
5.940358797671378e-05,5.940358797671378e-05,0.4263989544968515,0.47691872685237896,0.09656351147481608
0.7232074053857411,0.27659320607245375,6.646284726837701e-05,6.646284726837701e-05,6.646284726837701e-05
0.2,0.2,0.2,0.2,0.2
0.150498909035528,0.11028761992084056,0.40371323386221347,0.23880820221027355,0.09669203497114454
0.0006355566638028396,0.0007838880335620671,0.9952655921153335,0.002094331191135882,0.0012206319961656962

