0,1,2,3,4,5,6,7,8,9,10,11,12,13,14,15,16,17,18,19,20,21,22,23,24,25,26,27,28,29
github Code Version (SHA):,0223d720dafbf5413b6775610c21cd8ff219e6c5
Environment Observations,Environment Actions,alpha,epsilon,numActions,explore,patience,gainThresh,insertRandActions,useBudd,revisedSplitting,haveControl,confidence_factor
"['diamond', 'square']","['x', 'y']",0.7,0.99,100000,0.5,0,0.0001,False,True,False,False,

Model Num 0
Model States: 
['diamond'],['square']
Iteration: ,0
Error:,0.356103818834909
Absolute Error:,1
Transition Probabilities
0.5,0.5
0.5,0.5

0.5,0.5
0.5,0.5

Transition Gammas
1.0,1.0
1.0,1.0

1.0,1.0
1.0,1.0

Iteration: ,10000
Error:,0.041032294743303444
Absolute Error:,1
Transition Probabilities
0.4627906976744186,0.5372093023255814
0.2118491921005386,0.7881508078994613

0.2125912408759124,0.7874087591240876
0.7957624175060785,0.2042375824939215

Transition Gammas
995.0,1155.0
590.0,2195.0

466.0,1726.0
2291.0,588.0

Iteration: ,20000
Error:,0.04131155956985374
Absolute Error:,1
Transition Probabilities
0.47231873986564743,0.5276812601343526
0.20637193484875604,0.793628065151244

0.21804170444242973,0.7819582955575702
0.8040421792618629,0.19595782073813708

Transition Gammas
2039.0,2278.0
1153.0,4434.0

962.0,3450.0
4575.0,1115.0

Iteration: ,30000
Error:,0.04217499692388842
Absolute Error:,1
Transition Probabilities
0.4735866543095459,0.5264133456904542
0.20725699867836117,0.7927430013216389

0.22121896162528218,0.7787810383747178
0.8006772536198038,0.19932274638019618

Transition Gammas
3066.0,3408.0
1725.0,6598.0

1470.0,5175.0
6857.0,1707.0

Iteration: ,40000
Error:,0.0409309799787808
Absolute Error:,1
Transition Probabilities
0.47189709120407924,0.5281029087959207
0.21022369957775583,0.7897763004222442

0.21714480099784556,0.7828551990021544
0.7981972521221667,0.2018027478778332

Transition Gammas
4072.0,4557.0
2340.0,8791.0

1915.0,6904.0
9121.0,2306.0

Iteration: ,50000
Error:,0.04232750724500142
Absolute Error:,1
Transition Probabilities
0.4715439606350385,0.5284560393649614
0.2068373623229867,0.7931626376770133

0.21876709830384825,0.7812329016961518
0.795548400643942,0.20445159935605794

Transition Gammas
5079.0,5692.0
2892.0,11090.0

2399.0,8567.0
11366.0,2921.0

Iteration: ,60000
Error:,0.04218674003837748
Absolute Error:,1
Transition Probabilities
0.47150820687519357,0.5284917931248064
0.2071959559916741,0.7928040440083259

0.21857589864916432,0.7814241013508357
0.7908805031446541,0.20911949685534592

Transition Gammas
6090.0,6826.0
3484.0,13331.0

2864.0,10239.0
13581.0,3591.0

Iteration: ,70000
Error:,0.04446522590816474
Absolute Error:,1
Transition Probabilities
0.4730459119077764,0.5269540880922237
0.20904527708766416,0.7909547229123358

0.2161738789896221,0.783826121010378
0.7914307191180155,0.20856928088198445

Transition Gammas
7099.0,7908.0
4123.0,15600.0

3312.0,12009.0
15793.0,4162.0

Iteration: ,80000
Error:,0.04374326349993606
Absolute Error:,1
Transition Probabilities
0.47167502039864784,0.5283249796013522
0.20876632027711164,0.7912336797228884

0.21645888139082695,0.7835411186091731
0.7907546839432674,0.20924531605673263

Transition Gammas
8093.0,9065.0
4701.0,17817.0

3785.0,13701.0
18064.0,4780.0

Iteration: ,90000
Error:,0.04381924841045649
Absolute Error:,1
Transition Probabilities
0.47110904007455734,0.5288909599254427
0.20841556801136812,0.7915844319886319

0.21602485737571311,0.7839751426242869
0.7900567519241235,0.20994324807587655

Transition Gammas
9099.0,10215.0
5280.0,20054.0

4241.0,15391.0
20325.0,5401.0

Iteration: ,99999
Error:,0.044200279207055077
Absolute Error:,1
Transition Probabilities
0.4709250896224219,0.5290749103775781
0.2086348800908188,0.7913651199091812

0.2166590178981184,0.7833409821018816
0.7899327448507777,0.21006725514922236

Transition Gammas
10115.0,11364.0
5881.0,22307.0

4721.0,17069.0
22551.0,5997.0


Model Num 1
Model States: 
['square'],"['diamond', 'x', 'square']","['diamond', 'x', 'diamond']"
Iteration: ,0
Error:,0.43166368058829
Absolute Error:,1
Transition Probabilities
0.3333333333333333,0.3333333333333333,0.3333333333333333
0.3333333333333333,0.3333333333333333,0.3333333333333333
0.3333333333333333,0.3333333333333333,0.3333333333333333

0.3333333333333333,0.3333333333333333,0.3333333333333333
0.3333333333333333,0.3333333333333333,0.3333333333333333
0.3333333333333333,0.3333333333333333,0.3333333333333333

Transition Gammas
1.0,1.0,1.0
1.0,1.0,1.0
1.0,1.0,1.0

1.0,1.0,1.0
1.0,1.0,1.0
1.0,1.0,1.0

Iteration: ,10000
Error:,0.0384296931649734
Absolute Error:,1
Transition Probabilities
0.785399853264857,0.10873406964206771,0.10586607709307534
0.9989356040447046,0.0005321979776476849,0.0005321979776476849
0.0006548788474132287,0.7283556112491234,0.2709895099034634

0.2096481682988756,0.38849735007814135,0.401854481622983
0.7799692375406696,0.14091801973475923,0.07911274272457117
0.7798526551108308,0.05479545535741434,0.1653518895317548

Transition Gammas
2141.0,296.4090738442766,288.59092615572337
1877.0,1.0,1.0
1.0,1112.1990183774112,413.8009816225885

578.0,1071.0871941654357,1107.912805834564
363.92121258406695,65.75010160467389,36.912744602540855
161.2925903672923,11.33303948769224,34.198812313991304

Iteration: ,20000
Error:,0.03628854245551569
Absolute Error:,1
Transition Probabilities
0.7859093391589296,0.10308140064236335,0.1110092601987071
0.9994643813604713,0.0002678093197643278,0.0002678093197643278
0.00032258064516129016,0.715023050425162,0.2846543689296767

0.20770642201834855,0.38790087483888663,0.40439270314276476
0.7778723173315937,0.14594726370605635,0.07618041896235003
0.7907743791803508,0.053220984064685624,0.15600463675496357

Transition Gammas
4317.0,566.2261337285018,609.7738662714982
3732.0,1.0,1.0
1.0,2216.571456318003,882.4285436819982

1132.0,2114.0597678719328,2203.9402321280686
599.61336469707,112.50166371689272,58.72274449197951
439.6030186551143,29.586321796214417,86.72525444332285

Iteration: ,30000
Error:,0.035579729450183666
Absolute Error:,1
Transition Probabilities
0.7846191287417863,0.10551153811024899,0.10986933314796468
0.9996415128159168,0.0001792435920415845,0.0001792435920415845
0.0002164502164502161,0.7134886201665107,0.2862949296170391

0.2109175094431583,0.38506423863194544,0.40401825192489643
0.7781346799354857,0.1437477689182928,0.07811755114622147
0.7959686855889907,0.054361305041420824,0.1496700093695885

Transition Gammas
6448.0,867.0938201900262,902.9061798099738
5577.0,1.0,1.0
1.0,3296.317425169285,1322.6825748307228

1731.0,3160.222206452376,3315.777793547625
835.8566579494037,154.41096871005558,83.91230581534528
736.4327586405528,50.29525226275791,138.4751685353587

Iteration: ,40000
Error:,0.0371400448151926
Absolute Error:,1
Transition Probabilities
0.7846828733321148,0.10609189089164715,0.10922523577623809
0.999729070712544,0.000135464643727987,0.000135464643727987
0.00016186468112657784,0.7079671378632282,0.2918709974556453

0.21429874156483678,0.38108172365707477,0.4046195347780884
0.7879998271041061,0.13632754221409588,0.07567263068179807
0.7933477751130394,0.05447325139201065,0.15217897349494997

Transition Gammas
8586.0,1160.8574701364032,1195.1425298635972
7380.0,1.0,1.0
1.0,4373.820977719033,1803.1790222809807

2350.0,4178.942181623482,4437.057818376517
1068.4829218536581,184.8523890790154,102.60778080673143
1041.0178393474316,71.4789002316928,199.68673405462113

Iteration: ,50000
Error:,0.03501581085646322
Absolute Error:,1
Transition Probabilities
0.7828726049436887,0.10756297802389848,0.1095644170324128
0.9997839005942734,0.00010804970286331713,0.00010804970286331713
0.00012951690195570493,0.7094952405203295,0.29037524257771474

0.21229825458263346,0.38055812571143005,0.40714361970593643
0.7919195095183976,0.13507585286221682,0.07300463761938548
0.795007984872423,0.05255380297865222,0.1524382121489248

Transition Gammas
10705.0,1470.8161614987878,1498.1838385012127
9253.0,1.0,1.0
1.0,5478.012752057476,2241.9872479425403

2907.0,5210.982415366611,5575.017584633388
1293.7567522793504,220.67305402876323,119.2674782380681
1343.7316933939112,88.82704578385663,257.6528297155224

Iteration: ,60000
Error:,0.03502937327019803
Absolute Error:,1
Transition Probabilities
0.7849933114435121,0.10650955608060822,0.1084971324758797
0.9998201762272972,8.991188635137565e-05,8.991188635137565e-05
0.00010802635843145697,0.7104840047254442,0.28940796891612436

0.21242545941341123,0.3789242233827949,0.4086503172037938
0.7951382714552991,0.1325326955795743,0.07232903296512652
0.7934132973266467,0.054616466924702387,0.15197023574865093

Transition Gammas
12910.0,1751.6561593016827,1784.3438406983178
11120.0,1.0,1.0
1.0,6576.950431743455,2679.0495682565706

3491.0,6227.240687072852,6715.759312927147
1502.227644433503,250.38950612518602,136.6487775974993
1633.5247054324543,112.44750793255893,312.88501897090435

Iteration: ,70000
Error:,0.03289209457105811
Absolute Error:,1
Transition Probabilities
0.7872074232393265,0.10509695319730676,0.10769562356336675
0.9998455479187582,7.722604062089736e-05,7.722604062089736e-05
9.248127254230997e-05,0.7108840211214852,0.28902349760597246

0.210839288508685,0.3781720014006243,0.41098871009069066
0.7943174860728718,0.13225464794473546,0.07342786598239286
0.7943491534354697,0.055236754584553564,0.15041409197997682

Transition Gammas
15101.0,2016.0748531839356,2065.925146816064
12947.0,1.0,1.0
1.0,7686.788920386637,3125.2110796133875

4042.0,7249.935438851368,7879.064561148631
1729.4597998943632,287.9567691508905,159.87378426782988
1935.4526178672807,134.58580625509734,366.4878936771293

Iteration: ,80000
Error:,0.03292610278879806
Absolute Error:,1
Transition Probabilities
0.7868015677695744,0.10536057662955013,0.10783785560087554
0.999864314789688,6.7842605156038e-05,6.7842605156038e-05
8.086689309396718e-05,0.7111793102747684,0.2887398228321376

0.21143301041857068,0.37554971907881335,0.413017270502616
0.794692996025989,0.13240619919825983,0.07290080477575113
0.7928081561019819,0.05598588275110549,0.15120596114691268

Transition Gammas
17264.0,2311.8217724055885,2366.1782275944106
14738.0,1.0,1.0
1.0,8794.443350857802,3570.55664914222

4627.0,8218.53005232075,9038.469947679247
1965.1287194547865,327.41602855380205,180.2701997533525
2246.269572274412,158.62524109118047,428.41303669323827

Iteration: ,90000
Error:,0.03292123089367508
Absolute Error:,1
Transition Probabilities
0.7881156837329877,0.10461830944689882,0.10726600682011346
0.9998797354179194,6.0132291040288637e-05,6.0132291040288637e-05
7.205130052597442e-05,0.7117927341030046,0.28813521459646935

0.21125903076548425,0.37605257636425427,0.4126883928702615
0.7898738992415493,0.13659693516656152,0.07352916559188917
0.7914256052947374,0.05754015858477759,0.15103423612048503

Transition Gammas
19457.0,2582.816823625038,2648.183176374961
16628.0,1.0,1.0
1.0,9878.971356615612,3999.0286433844026

5205.0,9265.183376462495,10167.816623537501
2166.0744290178927,374.59033477446485,201.63933195988233
2534.6391517276274,184.2795302172208,483.70596751123577

Iteration: ,99999
Error:,0.0343827901399845
Absolute Error:,1
Transition Probabilities
0.7886238263982757,0.10432170235551042,0.10705447124621388
0.9998917338818817,5.413305905916743e-05,5.413305905916743e-05
6.475006475006463e-05,0.7112047556167299,0.28873049431852

0.21083193338689654,0.3756573092763709,0.41351075733673254
0.7879313856709991,0.13870916065236744,0.07335945367663346
0.7876658768539296,0.05838877684779419,0.15394534629827625

Transition Gammas
21587.0,2855.5979585773866,2930.4020414226125
18471.0,1.0,1.0
1.0,10983.846245744797,4459.1537542552305

5773.0,10286.248442605587,11322.75155739441
2387.913477164259,420.3734997126181,222.3239628443802
2832.6381952192837,209.98025220009515,553.6249324935845


Model Num 2
Model States: 
"['diamond', 'x', 'square']","['diamond', 'x', 'diamond']","['square', 'y', 'diamond', 'x', 'diamond']","['square', 'y', 'diamond', 'x', 'square']"
Iteration: ,0
Error:,0.35535342339366005
Absolute Error:,0.4499999999999999
Transition Probabilities
0.25,0.25,0.25,0.25
0.25,0.25,0.25,0.25
0.25,0.25,0.25,0.25
0.25,0.25,0.25,0.25

0.25,0.25,0.25,0.25
0.25,0.25,0.25,0.25
0.25,0.25,0.25,0.25
0.25,0.25,0.25,0.25

Transition Gammas
1.0,1.0,1.0,1.0
1.0,1.0,1.0,1.0
1.0,1.0,1.0,1.0
1.0,1.0,1.0,1.0

1.0,1.0,1.0,1.0
1.0,1.0,1.0,1.0
1.0,1.0,1.0,1.0
1.0,1.0,1.0,1.0

Iteration: ,10000
Error:,0.0547255672815697
Absolute Error:,0.16117021625032354
Transition Probabilities
0.0004631773969430293,0.0004631773969430293,0.3190703710748034,0.6800032741313105
0.6948086287545631,0.3039829120309353,0.0006042296072507556,0.0006042296072507556
0.09176530505622273,0.10730479518130664,0.6373931830527265,0.16353671670974404
0.17147254095325032,0.05298443653906291,0.6829967119693463,0.09254631053834043

0.08884654221063158,0.0753725247877679,0.24781996777180235,0.5879609652297982
0.12253821514472728,0.08193651665912556,0.46931313131147795,0.3262121368846692
0.0010407884941689499,0.8781542777798411,0.08531785005999165,0.03548708366599834
0.818303191313923,0.0010203996425950732,0.1309666051575857,0.04970980388589615

Transition Gammas
1.0,1.0,688.8729311505004,1468.127068849499
1149.9082805888013,503.0917194111977,1.0,1.0
69.6295973716585,81.42063800632465,483.6406382151684,124.08824591174056
80.60592604461812,24.906959151832126,321.0635484122679,43.50423118177003

50.23921079187336,42.62018607039556,140.1324045882003,332.468705417311
19.4418084980929,12.999977713124567,74.46082035568716,51.75653886891386
1.435402098132552,1211.1053301139239,117.66600194985519,48.94196528512996
1320.2384663094494,1.646297941230464,211.29961579811848,80.20107453996484

Iteration: ,20000
Error:,0.053856602251600647
Absolute Error:,0.15859715326664786
Transition Probabilities
0.00023266635644485827,0.00023266635644485827,0.28897053774653,0.7105641295405803
0.7020275186320838,0.29736011149651387,0.00030618493570116356,0.00030618493570116356
0.09667282631401142,0.11257260299028307,0.6316072420154952,0.15914732868021036
0.16914274571320703,0.04990589528345934,0.7056238515127043,0.07532750749062918

0.10310628062419046,0.0862140788675846,0.2306686168685052,0.5800110236397197
0.14517344771662266,0.07561545487253277,0.472880622619277,0.3063304747915676
0.0005339169189522258,0.8771015301148045,0.09164436839638557,0.030720184569857506
0.7982293448474024,0.0005236830256620513,0.162758704857977,0.038488267268958445

Transition Gammas
1.0,1.0,1241.9953712345848,3054.004628765412
2292.8218758523853,971.1781241476142,1.0,1.0
157.42972825765833,183.32219066868137,1028.5595266770108,259.1681826460311
159.4802552931091,47.05495873841552,665.3142084553863,71.02432962492172

120.9093109199815,101.10038694417737,270.4974260306382,680.1596640837245
46.635473752970796,24.290685497188022,151.90802596007137,98.4055076294883
1.470350706264796,2415.4448163977963,252.37889456893924,84.60013810297811
2657.0033689599777,1.7431425848134212,541.7621262945165,128.11287440028198

Iteration: ,30000
Error:,0.054078894660829886
Absolute Error:,0.1559284567114969
Transition Probabilities
0.0001545833977430824,0.0001545833977430824,0.27576620659665607,0.7239246266078577
0.7050243898223496,0.2945689407998545,0.000203334688897926,0.000203334688897926
0.0950864598609902,0.11567571279888073,0.6353490535996299,0.15388877374049914
0.16263524446961822,0.05154405643396518,0.7122443428731663,0.07357635622325039

0.09869970707891763,0.09166079818327953,0.2196685582846702,0.5899709364531326
0.14390124589480366,0.07960390806362443,0.4860903790884787,0.2904044669530932
0.00036043738874019527,0.8804813266620519,0.09230235581877745,0.026855880130430308
0.7961268687565928,0.0003545103323552675,0.17311694943188113,0.030401671479170864

Transition Gammas
1.0,1.0,1783.9315904737682,4683.068409526231
3467.309949146315,1448.6900508536842,1.0,1.0
236.49467835569078,287.7033231853425,1580.2110026422463,382.7450943227494
230.34671221628253,73.00388038628608,1008.7797587203124,104.20909568618015

174.4765192126739,162.0334800232659,388.3193432309824,1042.921792530542
72.25128624564982,39.96827624398636,244.0608133890127,145.8089965682567
1.4904993052005713,3641.011855675765,381.69346886326895,111.05582252403073
4039.828000469184,1.798910228141432,878.456345485488,154.26878368574444

Iteration: ,40000
Error:,0.053179932130318915
Absolute Error:,0.15418246834817573
Transition Probabilities
0.00011547344110854488,0.00011547344110854488,0.26682634017213996,0.7329427129456431
0.705488701935195,0.29420609434131967,0.0001526018617427132,0.0001526018617427132
0.09628653986796679,0.11466589203277473,0.6379637231842035,0.1510838449150551
0.16478195367945378,0.0503551959603358,0.7084622984341119,0.07640055192609853

0.09450778006120802,0.09499371134834379,0.21728248827863006,0.593216020311818
0.13838553669365827,0.07963113532127705,0.4936261640213995,0.2883571639636652
0.0002732521144282697,0.877057699233206,0.09699344885916873,0.025675599793197064
0.7954797398257843,0.00026937798713795125,0.17843928033476897,0.025811601852308762

Transition Gammas
1.0,1.0,2310.716105890735,6347.283894109277
4623.0674637813345,1927.9325362186685,1.0,1.0
327.12808862128,389.5709010020711,2167.4457682365437,513.2988419397807
315.06098691005707,96.27849033865944,1354.5708492291653,146.07687767274598

221.48035173530212,222.61913874653354,509.2046591159504,1390.2103376947966
90.37223454782901,52.002859623220644,322.3609962408113,188.31072869239628
1.502911296758355,4823.896520780617,533.4727246557671,141.2181166867859
5433.265453033143,1.8398986649801738,1218.771426559934,176.29774538608524

Iteration: ,50000
Error:,0.052424139492955976
Absolute Error:,0.15246233468430836
Transition Probabilities
9.274717121127793e-05,9.274717121127793e-05,0.2596445871897231,0.7401699184678544
0.7074649618597146,0.2922908080755644,0.0001221150323604836,0.0001221150323604836
0.09450729026885733,0.11276778624338843,0.6450139337083372,0.14771098977941707
0.1603465668459742,0.051506322517806624,0.7131363209888945,0.0750107896473246

0.09371203097168483,0.09556487775664442,0.21307337846064064,0.59764971281103
0.13629991863432384,0.08266771829561229,0.49538219938374306,0.28565016368632073
0.0002195898574708748,0.8734655619968617,0.10126377554121717,0.025051072604450424
0.792446721644207,0.00021903936853548414,0.1839672180603648,0.023367020926892763

Transition Gammas
1.0,1.0,2799.4879390795986,7980.512060920417
5793.430572669202,2393.5694273307963,1.0,1.0
413.3780747821822,493.2500999883358,2821.312698369659,646.0928506729927
387.9971934938526,124.63197046990555,1725.6053345252474,181.50669788194713

274.5832362601326,280.01221545557985,624.3208818756739,1751.1582087381692
109.79912397339258,66.59463292923525,399.06503297537586,230.11119925728198
1.5111767499878566,6011.0283070783735,696.8785579460248,172.39684436301576
6772.697384058695,1.872034192037706,1572.287779706908,199.70776227889553

Iteration: ,60000
Error:,0.05107881981688673
Absolute Error:,0.15124687567735373
Transition Probabilities
7.713668620796036e-05,7.713668620796036e-05,0.2547942175545261,0.7450515090730581
0.7092818354435395,0.2905134562657747,0.00010235414534288637,0.00010235414534288637
0.09566649133553672,0.11237697810034822,0.6446829116898731,0.14727361887424187
0.16204219289374677,0.05089625975608649,0.71312041596191,0.0739411313882568

0.09307853291255117,0.09673564358608551,0.20941990102423313,0.6007659224771302
0.13135824547753597,0.08510224105432143,0.502200436383861,0.2813390770842816
0.00018423393805957233,0.8723166417982542,0.10244465842337346,0.025054465840312668
0.7905021896280799,0.00018391077341946334,0.1881400678159263,0.021173831782574377

Transition Gammas
1.0,1.0,3303.1522363768827,9658.847763623144
6929.683532283382,2838.316467716619,1.0,1.0
510.9784336612348,600.233283855875,3443.4111654420844,786.6248886252162
473.9429606297552,148.86199453988976,2085.7431955893558,216.26391309973747

324.5394831075581,337.2908315712373,730.190134117121,2094.707080659972
130.0605785712308,84.26152975015374,497.23927932624173,278.5597737489218
1.519814556382696,7196.065740890641,845.1042448278521,206.6836451934691
8150.074298760438,1.8961193117204738,1939.7233194193286,218.30211792155475

Iteration: ,70000
Error:,0.0493519414246638
Absolute Error:,0.1513750269798848
Transition Probabilities
6.615944426066806e-05,6.615944426066806e-05,0.24931043555742965,0.7505572455540491
0.7071803697911706,0.29264386783955265,8.788118463836888e-05,8.788118463836888e-05
0.09389536967661077,0.11494811421486932,0.6436820268782668,0.14747448923025316
0.15949603005479757,0.0501769912406725,0.716770248576895,0.07355673012763495

0.09241595081172922,0.09815012481227356,0.20463924068678283,0.6047946836892144
0.13190540445488497,0.09065136458805835,0.49575052897540445,0.2816927019816523
0.00015943804317817498,0.8696855157150742,0.10488385664638497,0.02527118959536258
0.790273498213689,0.00015842455786630195,0.18953919732159316,0.02002887990685159

Transition Gammas
1.0,1.0,3768.3272334505573,11344.672766549476
8047.005427853734,3329.9945721462714,1.0,1.0
592.0905522023689,724.8460989557884,4058.9652934933715,929.9526916485828
548.4939799704983,172.55462483351917,2464.9150592106475,252.9556606986456

376.01959592115855,399.3506526455421,832.6307733328073,2460.7727408375085
153.99425878727922,105.83182512865167,578.7688197346014,328.86490911209967
1.5267663698539633,8328.041233289769,1004.3596990796788,241.9949569832937
9566.12347340874,1.9177017642561014,2294.339072140906,242.44611347350227

Iteration: ,80000
Error:,0.05000561571660655
Absolute Error:,0.15131472421979392
Transition Probabilities
5.7706734375901595e-05,5.7706734375901595e-05,0.2448395734182797,0.7550450131129686
0.7082413752525133,0.29160475492135957,7.693491306354822e-05,7.693491306354822e-05
0.09375220029309637,0.11311047767389255,0.6449516688498241,0.1481856531831868
0.15640397470781467,0.05073803190353043,0.7196098663508951,0.07324812703775983

0.09264653555105841,0.10023866210243632,0.2034873795943665,0.6036274227521388
0.13323989472440206,0.08859653415090013,0.49693621268028654,0.2812273584444113
0.0001400549604158294,0.8694843120695481,0.1049662737744219,0.025409359195613993
0.7905844232534102,0.00013933693355782043,0.19024880117444434,0.019027438638587652

Transition Gammas
1.0,1.0,4242.824967765374,13084.175032234649
9205.72139553217,3790.2786044678323,1.0,1.0
677.9361902261311,817.9187909101605,4663.742033713441,1071.5526339767198
619.24490948093,200.8853549408702,2849.1267397936476,290.00880496727507

428.5095640745637,463.6247340005556,941.1716024351771,2791.902819122915
177.2233690128288,117.84290506653375,660.978530325623,374.0625885752001
1.532385174441126,9513.300102107109,1148.4688672981333,278.0117548696791
10984.977227324935,1.93605261758026,2643.4605678503995,264.3816068106504

Iteration: ,90000
Error:,0.05003384164346434
Absolute Error:,0.15088951896299932
Transition Probabilities
5.113258679756608e-05,5.113258679756608e-05,0.24288794407758799,0.7570097907488168
0.7100713548553631,0.28979131080418513,6.866717022591504e-05,6.866717022591504e-05
0.09496581187830645,0.11424031815232866,0.6415982523593772,0.14919561760998776
0.1566460387029241,0.05090612676676348,0.718854672442042,0.07359316208827038

0.09446302823283156,0.10147893630792486,0.19943232542640033,0.6046257100328433
0.1303734874696847,0.08947264158348388,0.49879697996538147,0.28135689098145
0.00012524673801989886,0.8694117294054593,0.10475464285603375,0.025708381000487
0.7897839183998909,0.0001241245214370911,0.19182717346391503,0.018264783614756946

Transition Gammas
1.0,1.0,4750.159522325389,14804.840477674614
10340.769140758644,4220.230859241345,1.0,1.0
774.4548359555847,931.6401882347944,5232.29212126473,1216.7038355813797
698.8321632355329,227.10334065853093,3206.9675681193285,328.3151561784701

491.23559883306876,527.7203894342276,1037.1068939907154,3144.2319634913324
197.10315838388664,135.2678415475756,754.0985675203453,425.3651023825664
1.5377717283173198,10674.583616978281,1286.1710471724484,315.6459170783199
12424.38886444663,1.9526496881225617,3017.705656392696,287.3302037023913

Iteration: ,99999
Error:,0.05198353825192861
Absolute Error:,0.15062610884110222
Transition Probabilities
4.597278411180581e-05,4.597278411180581e-05,0.24095775225643293,0.7589503021753433
0.711423726235107,0.28845221967731083,6.202704379109299e-05,6.202704379109299e-05
0.09608606435590208,0.11574303167934842,0.640724428678468,0.1474464752862816
0.15662715284099993,0.05121906288310602,0.7178225072677907,0.07433127700810337

0.0943811102128231,0.10271473403192681,0.19719224543416927,0.6057119103210808
0.13264479432354498,0.08737050899857232,0.5014767819679412,0.2785079147099415
0.00011329552344492814,0.8687201339246327,0.10541190568429175,0.025754664867630797
0.7906787308489118,0.00011229676401877758,0.19171524435278442,0.017493728034284832

Transition Gammas
1.0,1.0,5241.313027081929,16508.68697291807
11469.573314362382,4650.4266856376,1.0,1.0
876.6515767243071,1055.9940392679812,5845.718465127851,1345.2438281100292
780.5046519752524,255.2349073896504,3577.0541445250046,370.40772586207106

545.8847120103736,594.0850121364908,1140.5272926624814,3503.3373837337294
225.61860172247438,148.6105216006937,852.9734688865194,473.72056028244316
1.542668829954273,11828.77691730393,1435.3229170990364,350.6839238579911
13844.190430697172,1.9662319538529403,3356.789866394875,306.3020324189592


Model Num 3
Model States: 
"['diamond', 'x', 'square']","['diamond', 'x', 'diamond']","['square', 'y', 'diamond', 'x', 'square']","['square', 'x', 'square', 'y', 'diamond', 'x', 'diamond']","['square', 'x', 'square', 'y', 'diamond', 'x', 'square']"
Iteration: ,0
Error:,0.3326980174003653
Absolute Error:,1
Transition Probabilities
0.2,0.2,0.2,0.2,0.2
0.2,0.2,0.2,0.2,0.2
0.2,0.2,0.2,0.2,0.2
0.2,0.2,0.2,0.2,0.2
0.2,0.2,0.2,0.2,0.2

0.2,0.2,0.2,0.2,0.2
0.2,0.2,0.2,0.2,0.2
0.2,0.2,0.2,0.2,0.2
0.2,0.2,0.2,0.2,0.2
0.2,0.2,0.2,0.2,0.2

Transition Gammas
1.0,1.0,1.0,1.0,1.0
1.0,1.0,1.0,1.0,1.0
1.0,1.0,1.0,1.0,1.0
1.0,1.0,1.0,1.0,1.0
1.0,1.0,1.0,1.0,1.0

1.0,1.0,1.0,1.0,1.0
1.0,1.0,1.0,1.0,1.0
1.0,1.0,1.0,1.0,1.0
1.0,1.0,1.0,1.0,1.0
1.0,1.0,1.0,1.0,1.0

Iteration: ,10000
Error:,0.14540046768373324
Absolute Error:,1
Transition Probabilities
0.000590318772136954,0.000590318772136954,0.4144037780401417,0.49478949908459563,0.0896260853309887
0.7229624332579359,0.2750831693479273,0.0006514657980456025,0.0006514657980456025,0.0006514657980456025
0.2,0.2,0.2,0.2,0.2
0.14702235964658547,0.10031984312626874,0.42390182846132296,0.2612282187249948,0.067527750040828
0.0031746031746031746,0.0031746031746031746,0.9873015873015873,0.0031746031746031746,0.0031746031746031746

0.108985620646386,0.13126366858896413,0.2136848715979821,0.4356773013415431,0.11038853782512466
0.10000267775609221,0.08296910610773128,0.3765810053341336,0.3900291447123803,0.050418066089662636
0.3185642779195842,0.48912802977272346,0.046380090497737565,0.10095488311918735,0.04497271869076744
0.2,0.2,0.2,0.2,0.2
0.2,0.2,0.2,0.2,0.2

Transition Gammas
1.0,1.0,702.0,838.1734114493049,151.82658855069485
1109.7473350509317,422.2526649490685,1.0,1.0,1.0
1.0,1.0,1.0,1.0,1.0
327.3752799431145,223.3825984446054,943.9039075043623,581.6779259951327,150.3643127935483
1.0,1.0,311.0,1.0,1.0

53.32194518334677,64.2216294182093,104.54675527175544,213.15803903285442,54.008331813599526
32.56497937972384,27.01814881539798,122.6302429962146,127.00950954562036,16.41819318658589
844.8324650427371,1297.1675349572624,123.0,267.7323500320848,119.26764996791523
1.0,1.0,1.0,1.0,1.0
1.0,1.0,1.0,1.0,1.0

Iteration: ,20000
Error:,0.1435747294680085
Absolute Error:,1
Transition Probabilities
0.00029498525073746356,0.00029498525073746356,0.42566371681415993,0.4805358920087716,0.09321042067559368
0.7274305574760558,0.2715809746491501,0.0003294892915980228,0.0003294892915980228,0.0003294892915980228
0.2,0.2,0.2,0.2,0.2
0.14349070399388847,0.10282624418740771,0.40665284709361976,0.27813950387158093,0.06889070085350325
0.0015151515151515152,0.0015151515151515152,0.9939393939393939,0.0015151515151515152,0.0015151515151515152

0.10353024673927459,0.1422144679663924,0.21044382346500043,0.44374685729144203,0.1000646045378906
0.09490960649020476,0.08073919367167104,0.41078654029483636,0.363226551396714,0.050338108146573954
0.32926602194166843,0.4708462745209932,0.04959760434212989,0.10639227448635295,0.04389782470885563
0.2,0.2,0.2,0.2,0.2
0.2,0.2,0.2,0.2,0.2

Transition Gammas
1.0,1.0,1443.0,1629.0166739097333,315.9833260902621
2207.7517419398314,824.2482580601713,1.0,1.0,1.0
1.0,1.0,1.0,1.0,1.0
647.6243276396935,464.0912296201514,1835.368210981734,1255.3420129051888,310.9281129652661
1.0,1.0,656.0,1.0,1.0

101.59532863152035,139.55656500644108,206.51075484484232,435.45349514390904,98.19445720062764
58.36400180836896,49.65000509138128,252.61032330900915,223.3636392197384,30.955069181534608
1759.2683552343344,2515.7316447656667,265.0,568.4539225805838,234.54607741941564
1.0,1.0,1.0,1.0,1.0
1.0,1.0,1.0,1.0,1.0

Iteration: ,30000
Error:,0.14457276910558337
Absolute Error:,1
Transition Probabilities
0.00019600156801254424,0.00019600156801254424,0.42277538220305794,0.4816379141435903,0.09519470051732669
0.7286224103473404,0.2707109229859929,0.000222222222222222,0.000222222222222222,0.000222222222222222
0.2,0.2,0.2,0.2,0.2
0.14495590294450963,0.10571337835333039,0.40667230929792625,0.2754123016637888,0.06724610774044491
0.0009861932938856016,0.0009861932938856016,0.9960552268244576,0.0009861932938856016,0.0009861932938856016

0.10649106926535411,0.1366084695374589,0.20133163836579895,0.45764325050994464,0.09792557232144343
0.09122728777041827,0.07794872377635494,0.4286568571664826,0.35015595844960223,0.052011172837142
0.33490251438931323,0.46415244706306186,0.04911713504103454,0.10851238361958561,0.0433155198870047
0.2,0.2,0.2,0.2,0.2
0.2,0.2,0.2,0.2,0.2

Transition Gammas
1.0,1.0,2157.0,2457.316637960596,485.68336203940044
3278.800846563035,1218.1991534369695,1.0,1.0,1.0
1.0,1.0,1.0,1.0,1.0
982.214307756466,716.3088265516308,2755.5922363071677,1866.1806641283754,455.6564294513923
1.0,1.0,1010.0,1.0,1.0

154.87190586319986,198.67219082571756,292.8002766746201,665.558932789905,142.4149473077049
84.71715684121577,72.3861732506244,398.0671911569319,325.16824708758054,48.29956907004008
2693.2860207188583,3732.713979281145,395.0,872.6565890687078,348.343410931292
1.0,1.0,1.0,1.0,1.0
1.0,1.0,1.0,1.0,1.0

Iteration: ,40000
Error:,0.1429732280733621
Absolute Error:,1
Transition Probabilities
0.00014734050390452331,0.00014734050390452331,0.4243406512450271,0.48161286206167986,0.09375180568548389
0.7284664017284495,0.2710338481466129,0.0001665833749791771,0.0001665833749791771,0.0001665833749791771
0.2,0.2,0.2,0.2,0.2
0.1458673712424793,0.10507433135951386,0.4091758637506657,0.27436726385515703,0.06551516979218394
0.00076103500761035,0.00076103500761035,0.9969558599695586,0.00076103500761035,0.00076103500761035

0.1058646897097711,0.13332316157907934,0.19780441116719097,0.46637694488062853,0.09663079266333002
0.09251109985630665,0.07328663755314722,0.4473901681575622,0.33966995134578626,0.047142143087197476
0.33272567875943243,0.4640230439530618,0.05006967022758943,0.11179334431381366,0.04138826274610291
0.2,0.2,0.2,0.2,0.2
0.2,0.2,0.2,0.2,0.2

Transition Gammas
1.0,1.0,2880.0,3268.706494812622,636.2935051873793
4372.983809575882,1627.0161904241174,1.0,1.0,1.0
1.0,1.0,1.0,1.0,1.0
1320.6418960306473,951.3132581247872,3704.562465963531,2484.043555868888,593.1558052780123
1.0,1.0,1310.0,1.0,1.0

204.9238545328144,258.0756269553821,382.8929408956003,902.7727892292235,187.04966267239823
115.17966557874469,91.2445146352535,557.0169420928515,422.90137576922393,58.693673341713875
3581.7919318452887,4995.208068154709,539.0,1203.4553515382036,445.5446484617977
1.0,1.0,1.0,1.0,1.0
1.0,1.0,1.0,1.0,1.0

Iteration: ,50000
Error:,0.14417736772641754
Absolute Error:,1
Transition Probabilities
0.00011862396204033214,0.00011862396204033214,0.4221826809015421,0.480973363969004,0.09660670720537311
0.7288316925097685,0.2707679338081282,0.00013345789403443223,0.00013345789403443223,0.00013345789403443223
0.2,0.2,0.2,0.2,0.2
0.14777630290119548,0.1070461786958536,0.4066130943272208,0.2738429540108265,0.06472147006490349
0.0006071645415907711,0.0006071645415907711,0.9975713418336369,0.0006071645415907711,0.0006071645415907711

0.10376214591838784,0.13606411168215832,0.19255098766329584,0.47417633941209525,0.09344641532406277
0.0930261137890237,0.07305396152547537,0.45600589442114625,0.33333280225561834,0.04458122800873618
0.3326325933559557,0.4634224866589307,0.05083736509117976,0.11272080802078485,0.04038674687314893
0.2,0.2,0.2,0.2,0.2
0.2,0.2,0.2,0.2,0.2

Transition Gammas
1.0,1.0,3559.0,4054.6054582587035,814.3945417412953
5461.135871975692,2028.864128024303,1.0,1.0,1.0
1.0,1.0,1.0,1.0,1.0
1673.4496693747915,1212.2132495504588,4604.5714698946085,3101.054714817382,732.9194231769283
1.0,1.0,1643.0,1.0,1.0

254.7485954967037,334.0538212827568,472.7359215113837,1164.1601608548956,229.42223146319935
146.08025195188876,114.71769238826576,716.0726513811142,523.4373204900584,70.00654713589888
4468.918891737264,6226.081108262733,683.0,1514.4040557592443,542.5959442407558
1.0,1.0,1.0,1.0,1.0
1.0,1.0,1.0,1.0,1.0

Iteration: ,60000
Error:,0.1444173312585214
Absolute Error:,1
Transition Probabilities
9.88533017002767e-05,9.88533017002767e-05,0.4234875444839854,0.4809125117561398,0.09540223715647426
0.7312661983106533,0.26839953985090653,0.0001114206128133706,0.0001114206128133706,0.0001114206128133706
0.2,0.2,0.2,0.2,0.2
0.14814764718582343,0.107879148488182,0.40550610067423104,0.27434402048042833,0.06412308317133514
0.0005122950819672131,0.0005122950819672131,0.9979508196721312,0.0005122950819672131,0.0005122950819672131

0.10674112213377078,0.13390516378461978,0.18971266102603465,0.4791555974550872,0.0904854556004876
0.09132136796451028,0.07352035796677578,0.4557892136077198,0.3353631220491199,0.044005938411874314
0.33093125382536787,0.4619817410858895,0.05051508005461092,0.11610075346503233,0.04047117156909944
0.2,0.2,0.2,0.2,0.2
0.2,0.2,0.2,0.2,0.2

Transition Gammas
1.0,1.0,4284.0,4864.9109689251145,965.0890310748945
6563.114129838105,2408.8858701618833,1.0,1.0,1.0
1.0,1.0,1.0,1.0,1.0
2023.8524907872843,1473.7424962136763,5539.6393224496305,3747.8275202405234,875.9886779064915
1.0,1.0,1948.0,1.0,1.0

314.2534984494304,394.22638003584757,558.5276436654622,1410.6683515391749,266.39565345404446
169.79608209352529,136.69822315543288,847.4601777883556,623.5489619989363,81.82133160871008
5332.626224141976,7444.373775858021,814.0,1870.8475413355304,652.1524586644682
1.0,1.0,1.0,1.0,1.0
1.0,1.0,1.0,1.0,1.0

Iteration: ,70000
Error:,0.14396388306769814
Absolute Error:,1
Transition Probabilities
8.461668641056011e-05,8.461668641056011e-05,0.4223218818751055,0.4829194572236016,0.09458942752847194
0.7302435490485106,0.26947117137750676,9.5093191327501e-05,9.5093191327501e-05,9.5093191327501e-05
0.2,0.2,0.2,0.2,0.2
0.14731072027731765,0.10763251127656853,0.4052089018860841,0.27549987345290117,0.06434799310712848
0.0004393673110720562,0.0004393673110720562,0.9982425307557118,0.0004393673110720562,0.0004393673110720562

0.108181605384006,0.13272212004407394,0.18890670285489672,0.4795420650355708,0.0906475066814525
0.09166188280477085,0.07273375311455384,0.45750788036212875,0.3335419547482517,0.044554528970294785
0.3303471829100839,0.46313802041118507,0.05077709176069834,0.11598075954923945,0.039756945368793234
0.2,0.2,0.2,0.2,0.2
0.2,0.2,0.2,0.2,0.2

Transition Gammas
1.0,1.0,4991.0,5707.142145468527,1117.857854531482
7679.241161794134,2833.75883820586,1.0,1.0,1.0
1.0,1.0,1.0,1.0,1.0
2349.2776751579313,1716.4986729221837,6462.178890878829,4393.6089715216285,1026.2070768726678
1.0,1.0,2272.0,1.0,1.0

369.1989853961439,452.95012849884915,644.6952121018345,1636.5669860181206,309.3591315888378
197.70699385398606,156.8806055470637,986.8061283833642,719.4220234152428,96.10038235914172
6206.562872514654,8701.437127485342,954.0,2179.04651041111,746.953489588887
1.0,1.0,1.0,1.0,1.0
1.0,1.0,1.0,1.0,1.0

Iteration: ,80000
Error:,0.14479211626562208
Absolute Error:,1
Transition Probabilities
7.409053863821583e-05,7.409053863821583e-05,0.42305697562421246,0.48284468711470097,0.09395015618381024
0.729193570141982,0.2705574465399003,8.29944393725621e-05,8.29944393725621e-05,8.29944393725621e-05
0.2,0.2,0.2,0.2,0.2
0.1470119413318412,0.10870276433073076,0.40498095562021635,0.2752086476670069,0.06409569105020467
0.00038491147036181676,0.00038491147036181676,0.9984603541185527,0.00038491147036181676,0.00038491147036181676

0.10893238204795735,0.1295278890213972,0.18568535954501894,0.4855344337114332,0.09031993567419332
0.09239250509670925,0.07406493780189123,0.45899108369134634,0.3307744361059219,0.043777037304131246
0.33112401961010374,0.4630950946090104,0.0510955710955711,0.11531289797406381,0.03937241671125086
0.2,0.2,0.2,0.2,0.2
0.2,0.2,0.2,0.2,0.2

Transition Gammas
1.0,1.0,5710.0,6516.954741987124,1268.0452580128879
8786.053326640735,3259.9466733592567,1.0,1.0,1.0
1.0,1.0,1.0,1.0,1.0
2680.244521141202,1981.8117214893284,7383.400134942078,5017.459557351024,1168.5589837787002
1.0,1.0,2594.0,1.0,1.0

429.7934773944698,511.0531946098683,732.6228884351527,1915.6795136245219,356.35793968377914
225.13410309891893,180.4750647863957,1118.4299619226642,806.0026722168587,106.67211609293767
7102.610220636725,9933.389779363273,1096.0,2473.461661543669,844.5383384563308
1.0,1.0,1.0,1.0,1.0
1.0,1.0,1.0,1.0,1.0

Iteration: ,90000
Error:,0.1463782364712998
Absolute Error:,1
Transition Probabilities
6.594566077552088e-05,6.594566077552088e-05,0.42178844632023155,0.4837247158582919,0.09435494649992548
0.7275477849651559,0.27223118799586965,7.367567965814487e-05,7.367567965814487e-05,7.367567965814487e-05
0.2,0.2,0.2,0.2,0.2
0.14699951027863553,0.11000855846093793,0.4047884644882614,0.2745689927867108,0.06363447398545431
0.00034518467380048324,0.00034518467380048324,0.9986192613047981,0.00034518467380048324,0.00034518467380048324

0.10910040874407138,0.12956654019339273,0.18507505684229558,0.4886244517371487,0.08763354248309158
0.09310079094729444,0.07495818371977317,0.45978584752193763,0.32997746744149314,0.04217771036950158
0.33039072646130246,0.46137261460598283,0.052411335764003975,0.1168294115645248,0.03899591160418582
0.2,0.2,0.2,0.2,0.2
0.2,0.2,0.2,0.2,0.2

Transition Gammas
1.0,1.0,6396.0,7335.2015912751485,1430.798408724872
9875.00608533206,3694.9939146679376,1.0,1.0,1.0
1.0,1.0,1.0,1.0,1.0
3017.9028427608364,2258.4778730078356,8310.315152617643,5636.90683250816,1306.4170048885119
1.0,1.0,2893.0,1.0,1.0

484.8975598649199,575.8594298880686,822.5674357023632,2171.694928233281,389.48791669562854
253.3755595837402,204.00011162236282,1251.3158612208408,898.0399050567189,114.78743475856528
7974.310573869997,11135.689426130002,1265.0,2819.7946775213704,941.2053224786289
1.0,1.0,1.0,1.0,1.0
1.0,1.0,1.0,1.0,1.0

Iteration: ,99999
Error:,0.14497290293262347
Absolute Error:,1
Transition Probabilities
5.927330922885422e-05,5.927330922885422e-05,0.42279651472941715,0.48231768990839674,0.09476724874372851
0.7278441906332724,0.2719567251541057,6.636140420731308e-05,6.636140420731308e-05,6.636140420731308e-05
0.2,0.2,0.2,0.2,0.2
0.14693454680424806,0.10925041444157307,0.4055063483916038,0.2747555582570304,0.06355313210554468
0.0003098853424233034,0.0003098853424233034,0.9987604586303068,0.0003098853424233034,0.0003098853424233034

0.11007386537457295,0.12914774681234295,0.18362128948908438,0.4909352562516195,0.0862218420723802
0.09249401136037684,0.07544685740461926,0.4638192485352674,0.3257580367499008,0.04248184594983573
0.3312671986461686,0.4609251276535597,0.0532916527111012,0.11618806632267668,0.038327954666493746
0.2,0.2,0.2,0.2,0.2
0.2,0.2,0.2,0.2,0.2

Transition Gammas
1.0,1.0,7133.0,8137.181746444565,1598.8182535554442
10967.884108652772,4098.1158913472145,1.0,1.0,1.0
1.0,1.0,1.0,1.0,1.0
3343.7043048169476,2486.1483498362836,9227.872901489809,6252.45296560751,1446.2417860723697
1.0,1.0,3223.0,1.0,1.0

545.2274462966774,639.7058552440863,909.5289459777892,2431.743222173676,427.08152937253624
