0,1,2,3,4,5,6,7,8,9,10,11,12,13,14,15,16,17,18,19,20,21,22,23,24,25,26,27,28,29
github Code Version (SHA):,0223d720dafbf5413b6775610c21cd8ff219e6c5
Environment Observations,Environment Actions,alpha,epsilon,numActions,explore,patience,gainThresh,insertRandActions,useBudd,revisedSplitting,haveControl,confidence_factor
"['diamond', 'square']","['x', 'y']",0.7,0.99,100000,0.5,0,0.0001,False,True,False,False,

Model Num 0
Model States: 
['diamond'],['square']
Iteration: ,0
Error:,0.35482931572300197
Absolute Error:,1
Transition Probabilities
0.5,0.5
0.5,0.5

0.5,0.5
0.5,0.5

Transition Gammas
1.0,1.0
1.0,1.0

1.0,1.0
1.0,1.0

Iteration: ,10000
Error:,0.043911887937689784
Absolute Error:,1
Transition Probabilities
0.4722727272727273,0.5277272727272727
0.1921146953405018,0.8078853046594983

0.22065727699530516,0.7793427230046949
0.7917532917532918,0.20824670824670824

Transition Gammas
1039.0,1161.0
536.0,2254.0

470.0,1660.0
2285.0,601.0

Iteration: ,20000
Error:,0.03881118182837967
Absolute Error:,1
Transition Probabilities
0.47458791208791207,0.5254120879120879
0.20227111426543648,0.7977288857345636

0.21788617886178863,0.7821138211382114
0.7939266280498508,0.20607337195014921

Transition Gammas
2073.0,2295.0
1140.0,4496.0

938.0,3367.0
4523.0,1174.0

Iteration: ,30000
Error:,0.039303067609236825
Absolute Error:,1
Transition Probabilities
0.47573415765069554,0.5242658423493045
0.20514339890969424,0.7948566010903058

0.21205151793928242,0.7879484820607175
0.792910447761194,0.20708955223880596

Transition Gammas
3078.0,3392.0
1731.0,6707.0

1383.0,5139.0
6800.0,1776.0

Iteration: ,40000
Error:,0.04176256248506242
Absolute Error:,1
Transition Probabilities
0.47495340167753963,0.5250465983224604
0.20625166978359605,0.793748330216404

0.2140816093267802,0.7859183906732198
0.7922929045788186,0.2077070954211814

Transition Gammas
4077.0,4507.0
2316.0,8913.0

1873.0,6876.0
9067.0,2377.0

Iteration: ,50000
Error:,0.04122889462081462
Absolute Error:,1
Transition Probabilities
0.4736011877145773,0.5263988122854226
0.20717444016545428,0.7928255598345457

0.21442316503253,0.78557683496747
0.7934797817265986,0.20652021827340142

Transition Gammas
5104.0,5673.0
2905.0,11117.0

2340.0,8573.0
11342.0,2952.0

Iteration: ,60000
Error:,0.04057904035941836
Absolute Error:,1
Transition Probabilities
0.47298439781723156,0.5270156021827684
0.20831110320706622,0.7916888967929337

0.214488527357839,0.785511472642161
0.7943843229014331,0.20561567709856685

Transition Gammas
6154.0,6857.0
3514.0,13355.0

2795.0,10236.0
13580.0,3515.0

Iteration: ,70000
Error:,0.040843949322399924
Absolute Error:,1
Transition Probabilities
0.47294194817973106,0.527058051820269
0.208284625158831,0.791715374841169

0.2143942898684819,0.785605710131518
0.7929842144825858,0.20701578551741417

Transition Gammas
7210.0,8035.0
4098.0,15577.0

3244.0,11887.0
15824.0,4131.0

Iteration: ,80000
Error:,0.041390725815569795
Absolute Error:,1
Transition Probabilities
0.47291858325666974,0.5270814167433303
0.20891352549889136,0.7910864745011087

0.21467783877492055,0.7853221612250795
0.7929610264071356,0.20703897359286436

Transition Gammas
8225.0,9167.0
4711.0,17839.0

3715.0,13590.0
18047.0,4712.0

Iteration: ,90000
Error:,0.04327639981708238
Absolute Error:,1
Transition Probabilities
0.4735468686041752,0.5264531313958248
0.20931517663311625,0.7906848233668837

0.21506975789905622,0.7849302421009438
0.7915805079786197,0.20841949202138035

Transition Gammas
9255.0,10289.0
5303.0,20032.0

4193.0,15303.0
20289.0,5342.0

Iteration: ,99999
Error:,0.04143536982251113
Absolute Error:,1
Transition Probabilities
0.47398737385373946,0.5260126261462605
0.20924867799978705,0.7907513220002129

0.21351688455675152,0.7864831154432484
0.7916081460674157,0.20839185393258428

Transition Gammas
10286.0,11415.0
5896.0,22281.0

4622.0,17025.0
22545.0,5935.0


Model Num 1
Model States: 
['square'],"['diamond', 'x', 'square']","['diamond', 'x', 'diamond']"
Iteration: ,0
Error:,0.433212550806829
Absolute Error:,1
Transition Probabilities
0.3333333333333333,0.3333333333333333,0.3333333333333333
0.3333333333333333,0.3333333333333333,0.3333333333333333
0.3333333333333333,0.3333333333333333,0.3333333333333333

0.3333333333333333,0.3333333333333333,0.3333333333333333
0.3333333333333333,0.3333333333333333,0.3333333333333333
0.3333333333333333,0.3333333333333333,0.3333333333333333

Transition Gammas
1.0,1.0,1.0
1.0,1.0,1.0
1.0,1.0,1.0

1.0,1.0,1.0
1.0,1.0,1.0
1.0,1.0,1.0

Iteration: ,10000
Error:,0.0437849429296551
Absolute Error:,1
Transition Probabilities
0.7947192264782447,0.1206184876543209,0.08466228586743438
0.9989423585404548,0.0005288207297726071,0.0005288207297726071
0.0006605019815059444,0.7091389060527481,0.290200591965746

0.21728307254623036,0.3923244096261093,0.3903925178276602
0.9288038749498095,0.037098190240979545,0.03409793480921093
0.7025457122803991,0.10660221389995861,0.19085207381964228

Transition Gammas
2137.0,324.3431133024689,227.65688669753104
1889.0,1.0,1.0
1.0,1073.6363037638607,439.3636962361395

611.0,1103.2162398686198,1097.7837601313809
629.9837800717119,25.162748296129486,23.127752201622005
6.5903482355414,1.0,1.790319983398735

Iteration: ,20000
Error:,0.03964885423823533
Absolute Error:,1
Transition Probabilities
0.7906250000000001,0.11860682999613002,0.09076817000386998
0.9994739610731194,0.0002630194634402946,0.0002630194634402946
0.00033377837116154894,0.7136554788797699,0.28601074274906857

0.21521933751119068,0.39471748507821375,0.39006317741059565
0.9236077912063331,0.040678603168677906,0.03571360562498907
0.6509494254353636,0.1546905404368727,0.19436003412776376

Transition Gammas
4301.0,645.2211551789472,493.7788448210526
3800.0,1.0,1.0
1.0,2138.1118147237894,856.8881852762089

1202.0,2204.497154161824,2178.5028458381767
1033.0453414366298,45.498578400541206,39.945282259488806
126.6417243739171,30.094929067886454,37.81259942713852

Iteration: ,30000
Error:,0.0399996756294579
Absolute Error:,1
Transition Probabilities
0.7913138156302928,0.1184884560306537,0.09019772833905353
0.9996431757359501,0.0001784121320249777,0.0001784121320249777
0.00022084805653710266,0.7146013825202394,0.28517776942322354

0.2158802944370701,0.3844426256846464,0.3996770798782836
0.9111276864915538,0.049213376082007224,0.039658937426438945
0.6800444131719422,0.12710165652961802,0.19285393029843975

Transition Gammas
6541.0,979.4255775493834,745.5744224506165
5603.0,1.0,1.0
1.0,3235.7150600516416,1291.284939948355

1789.0,3185.8760390486646,3312.1239609513364
1363.1717454562893,73.62994755634448,59.3351993974795
316.00665194636076,59.06227322627177,89.61638923559238

Iteration: ,40000
Error:,0.03701212732389086
Absolute Error:,1
Transition Probabilities
0.7901882693700218,0.1161217287613918,0.09369000186858642
0.9997308209959623,0.00013458950201884252,0.00013458950201884252
0.0001651527663088358,0.7137857002945959,0.2860491469390953

0.21634877384196186,0.3835691816113083,0.40008204454672974
0.9003219112558554,0.05575635935871651,0.043921729385428106
0.6921490450802503,0.13142794861464605,0.17642300630510374

Transition Gammas
8730.0,1282.9128593558564,1035.0871406441427
7428.0,1.0,1.0
1.0,4321.972415283774,1732.0275847162202

2382.0,4223.0966895405045,4404.903310459495
1678.830043294063,103.96886938533298,81.90083782680883
522.6523418563443,99.24325637241287,133.21971338125323

Iteration: ,50000
Error:,0.038242687638361215
Absolute Error:,1
Transition Probabilities
0.7905979800915498,0.11634725331570189,0.09305476659274822
0.9997860047078965,0.00010699764605178686,0.00010699764605178686
0.00013192612137203177,0.7119453521144641,0.28792272176416395

0.2145966337782937,0.38459756881763296,0.4008057974040734
0.8963901642311123,0.05903961786813307,0.04457021790075454
0.690569306306837,0.12837917376101785,0.1810515199321451

Transition Gammas
10881.0,1601.2872473840052,1280.7127526159938
9344.0,1.0,1.0
1.0,5396.5457690276335,2182.454230972361

2958.0,5301.292888582252,5524.707111417747
1958.4675051242912,128.99201455303168,97.37871625332934
727.8874669344368,135.31674625938706,190.83549040548206

Iteration: ,60000
Error:,0.037985040644429015
Absolute Error:,1
Transition Probabilities
0.7897562741312741,0.11568133504694915,0.09456239082177666
0.9998213168944876,8.93415527561869e-05,8.93415527561869e-05
0.00010969723562966227,0.7116609692144421,0.28822933354992825

0.21599030890369472,0.38172654489667207,0.4022831461996331
0.8945409144525049,0.06073309192687348,0.04472599362062168
0.6979867778439366,0.13038875453292506,0.17162446762313832

Transition Gammas
13091.0,1917.5338097382291,1567.46619026177
11191.0,1.0,1.0
1.0,6487.501395358847,2627.4986046411427

3566.0,6302.305256244056,6641.694743755943
2255.1596066751245,153.10961576955808,112.7553279587757
936.368861646157,174.92017546606576,230.23904245767483

Iteration: ,70000
Error:,0.03740665404863847
Absolute Error:,1
Transition Probabilities
0.7895390346112061,0.1149398288522637,0.09552113653653027
0.9998467315503103,7.66342248448157e-05,7.66342248448157e-05
9.433072351664944e-05,0.7144867396157694,0.28541892966071397

0.21590791247537072,0.3809491896053722,0.403142897919257
0.8906794867865696,0.06268297869062191,0.046637534522808576
0.7038537668668493,0.13008898242302191,0.16605725071012867

Transition Gammas
15261.0,2221.6719518854047,1846.3280481145932
13047.0,1.0,1.0
1.0,7574.273926666766,3025.726073333227

4164.0,7346.986070729208,7775.013929270791
2541.3306320419124,178.85016576370302,133.0685132463666
1166.1818411914367,215.5382498215701,275.1323634145726

Iteration: ,80000
Error:,0.03635555934353201
Absolute Error:,1
Transition Probabilities
0.7893329708174734,0.11505765597324431,0.09560937320928227
0.9998660684390277,6.696578048617156e-05,6.696578048617156e-05
8.28431778643029e-05,0.7151838979873966,0.28473325883473904

0.21356578588940342,0.3825527152133327,0.4038814988972639
0.8871132234997186,0.06488643533519083,0.04800034116509071
0.6970762754628159,0.1340937696646295,0.16882995487255448

Transition Gammas
17419.0,2539.092352017555,2109.9076479824407
14931.0,1.0,1.0
1.0,8632.984832605862,3437.0151673941336

4704.0,8426.106105288865,8895.893894711135
2825.8337048955323,206.69095117007333,152.90154437748706
1392.2614681924047,267.82375932214603,337.2018947132546

Iteration: ,90000
Error:,0.03606748660511082
Absolute Error:,1
Transition Probabilities
0.7905634484985472,0.11369820406967111,0.0957383474317818
0.9998809240295309,5.953798523457966e-05,5.953798523457966e-05
7.348618459729567e-05,0.7152826177612701,0.2846438960541327

0.21265618702136235,0.38239901825644657,0.4049447947221911
0.8862768850469972,0.06513232748079632,0.04859078747220651
0.6976617075687652,0.13322840721887122,0.1691098852123635

Transition Gammas
19587.0,2816.9867040301706,2372.0132959698253
16794.0,1.0,1.0
1.0,9733.565862495368,3873.4341375046397

5276.0,9487.319642942439,10046.680357057561
3119.228237164807,229.23151721326002,171.01400127494392
1609.5265752481018,307.36194873589716,390.14159933613223

Iteration: ,99999
Error:,0.036651394555763654
Absolute Error:,1
Transition Probabilities
0.7902763153117172,0.11380528789210503,0.09591839679617777
0.9998929851784473,5.350741077639253e-05,5.350741077639253e-05
6.596306068601583e-05,0.7144982920652049,0.2854357448741091

0.21277291386638572,0.3817540473859308,0.4054730387476835
0.8807600501846624,0.06913162208963322,0.050108327725704394
0.6992884009732098,0.1333910423072432,0.16732055671954707

Transition Gammas
21765.0,3134.3114338364644,2641.6885661635315
18687.0,1.0,1.0
1.0,10831.794107708507,4327.205892291495

5857.0,10508.543662392516,11161.456337607484
3410.1102746067113,267.6625202728704,194.00848526787613
1802.1394536343478,343.7626875674446,431.20260002698296


Model Num 2
Model States: 
"['diamond', 'x', 'square']","['diamond', 'x', 'diamond']","['square', 'y', 'diamond', 'x', 'diamond']","['square', 'y', 'diamond', 'x', 'square']"
Iteration: ,0
Error:,0.3569423029737093
Absolute Error:,0.4499999999999999
Transition Probabilities
0.25,0.25,0.25,0.25
0.25,0.25,0.25,0.25
0.25,0.25,0.25,0.25
0.25,0.25,0.25,0.25

0.25,0.25,0.25,0.25
0.25,0.25,0.25,0.25
0.25,0.25,0.25,0.25
0.25,0.25,0.25,0.25

Transition Gammas
1.0,1.0,1.0,1.0
1.0,1.0,1.0,1.0
1.0,1.0,1.0,1.0
1.0,1.0,1.0,1.0

1.0,1.0,1.0,1.0
1.0,1.0,1.0,1.0
1.0,1.0,1.0,1.0
1.0,1.0,1.0,1.0

Iteration: ,10000
Error:,0.048743398122599084
Absolute Error:,0.16189450708401482
Transition Probabilities
0.0004646840148698882,0.0004646840148698882,0.2021230968212539,0.7969475351490063
0.708166074140216,0.29059168983493916,0.00062111801242236,0.00062111801242236
0.10024375760000408,0.0982624616813579,0.6730512143399584,0.1284425663786796
0.06626587784695279,0.1524943712911532,0.6943789986953431,0.08686075216655084

0.0782619380309564,0.0896907742667036,0.37832919838003826,0.4537180893223017
0.12909667127051896,0.09954296469452398,0.4825875914455326,0.28877277258942446
0.00091095796810973,0.8299528511169374,0.14577964505657318,0.02335654585837973
0.8442158270433737,0.0007853502433628018,0.07602914066224832,0.07896968205101512

Transition Gammas
1.0,1.0,434.9689043593387,1715.0310956406627
1140.1473793657485,467.8526206342523,1.0,1.0
86.36455401074367,84.657577511918,579.8642164313441,110.6591096230969
28.438686438618433,65.44453570538168,297.99992477375395,37.2771896328342

40.05236913542011,45.90134220226838,193.6187767574978,232.2007971456858
36.13129479111358,27.85986785222862,135.0655625543917,80.8210937694285
1.3513768872775103,1231.2083979646372,216.259421248338,34.64868560856545
1385.5315447459038,1.2889210329826344,124.77943356782907,129.60546587172

Iteration: ,20000
Error:,0.04797768099590162
Absolute Error:,0.158224073840053
Transition Probabilities
0.00023315458148752662,0.00023315458148752662,0.20396999875005395,0.7955636920869711
0.721882328456572,0.2774938412252747,0.0003119151590767315,0.0003119151590767315
0.09695968721531299,0.1004011799208055,0.6580019154648605,0.1446372173990209
0.06474047319588275,0.14430326757886147,0.7043306280244908,0.0866256312007649

0.08191570414275885,0.10291390777444967,0.3478093211377022,0.46736106694508933
0.13641914851135453,0.10350626593974974,0.4878250436745436,0.27224954187435196
0.0004784396440708548,0.8340794250721106,0.1452671173928296,0.02017501789098903
0.8309657095758254,0.0004051555798335933,0.09472057527529962,0.07390855956904141

Transition Gammas
1.0,1.0,874.8273246389799,3412.1726753610133
2314.354745031767,889.6452549682297,1.0,1.0
170.22919682154674,176.27132170817362,1155.2341059835062,253.93519776588414
60.37657624597347,134.5763601566064,656.8545110356017,80.78654308293159

84.26022286430954,105.8594184797552,357.7640114314712,480.7374614062425
73.18762555270727,55.53016505836659,261.71367451918917,146.05938935279116
1.3905418975177473,2424.1770112355484,422.2058426170957,58.636879297643816
2742.216206241614,1.3370277308266196,312.5812456413447,243.90085835630407

Iteration: ,30000
Error:,0.050602403132372076
Absolute Error:,0.15767382032701685
Transition Probabilities
0.00015479876160990737,0.00015479876160990737,0.20342853131328392,0.7962618711634963
0.7154331667911692,0.2841501665421641,0.00020833333333333362,0.00020833333333333362
0.10085455413707513,0.10130627152232452,0.6504375898907815,0.14740158444981874
0.06571676248033732,0.14403198403221779,0.7097538138446742,0.08049743964277066

0.0850881077387089,0.10747442407092814,0.3364021033606345,0.47103536482972846
0.1485070560942264,0.10166945984700897,0.49669791413472153,0.2531255699240431
0.00032897641845028406,0.83360662377646,0.14687760945378972,0.019186790351299842
0.8279260327977291,0.00027343353683907277,0.10317973949509071,0.06862079417034114

Transition Gammas
1.0,1.0,1314.148312283812,5143.851687716177
3434.0792005976077,1363.9207994023857,1.0,1.0
268.75536132752853,269.959089509457,1733.2741291435887,392.793031787331
91.90422135542728,201.42725909114753,992.5834620193973,112.57484745521151

129.77567456480372,163.91909813177512,513.07769145258,718.419222605972
121.70688497139746,83.32178672273268,407.06184265595857,207.44552772306045
1.4149607798145787,3585.4262259700263,631.7354228277087,82.52432185110203
4143.89035074175,1.3685746672896868,516.4296204588755,343.4570668853261

Iteration: ,40000
Error:,0.05275713851259086
Absolute Error:,0.1579145141311846
Transition Probabilities
0.0001163061177017915,0.0001163061177017915,0.20429296406091804,0.7954744237036785
0.7144713331297426,0.28521767324562675,0.0001554968123153476,0.0001554968123153476
0.10452094228779356,0.10281316509727863,0.6431521558555398,0.149513736759388
0.06513462542039576,0.14628572746923937,0.7090658488294641,0.07951379828090077

0.08417629655590954,0.10846987867854367,0.32830530387205376,0.479048520893493
0.14158757303042058,0.10984205804879599,0.5030583316125985,0.24551203730818483
0.00025099605558069214,0.8354880453450042,0.14593468609351595,0.01832627250589912
0.8246366835844935,0.00020804346168128368,0.11188403250533459,0.06327124044849056

Transition Gammas
1.0,1.0,1756.5109049957673,6839.4890950042045
4594.765143357373,1834.2348566426247,1.0,1.0
371.98411461162266,365.9062323015068,2288.942101169893,532.1109222071312
122.8301000393013,275.86388074540434,1337.1479237662586,149.94617278154485

171.6824582091086,221.23063350508954,669.5977836754278,977.0473522056906
155.37969562466733,120.5418327408014,552.0615176490418,269.4274985626146
1.4319956540590855,4766.669528668084,832.5941050304987,104.55599600095387
5511.743862521046,1.390530273374574,747.815543197573,422.895170877187

Iteration: ,50000
Error:,0.05136676683587817
Absolute Error:,0.1572506075032744
Transition Probabilities
9.294544102611809e-05,9.294544102611809e-05,0.20450707874319804,0.7953070303747497
0.713005949270759,0.28674600409647405,0.00012402331638348009,0.00012402331638348009
0.10638081210361545,0.10231725992457197,0.6394135308220859,0.15188839714972674
0.06676543464817786,0.13896910351739447,0.7172835544966198,0.0769819073378078

0.08247294593763778,0.10851559267381027,0.32280830309205727,0.48620315829649463
0.1385960836999748,0.10879933106229826,0.5118916043125049,0.240712980925222
0.00020273346656485622,0.8369502600753169,0.14384847396192846,0.01899853249618979
0.8238178668287383,0.00016802531814034987,0.11755077802973961,0.058463329823381864

Transition Gammas
1.0,1.0,2200.291660198058,8556.708339801893
5748.9669689701295,2312.0330310298705,1.0,1.0
473.6962543535449,455.60192504246356,2847.203255398941,676.3340435821316
159.78463465959794,332.5841814931514,1716.6201539243352,184.23494139128388

210.5533140057275,277.0401541863587,824.1291399484203,1241.2759735390923
186.76567666172224,146.61294997469372,689.8014670013141,324.37368765108545
1.4440697285287911,5961.5935905304395,1024.6321451669605,135.32647632916317
6900.02696911927,1.4073246931706571,984.5665787372087,489.6695844176337

Iteration: ,60000
Error:,0.05059872120081248
Absolute Error:,0.1574335353083921
Transition Probabilities
7.723797018614395e-05,7.723797018614395e-05,0.2048953028371116,0.7949502212225161
0.7145060220535113,0.28528674553533967,0.00010361620557455174,0.00010361620557455174
0.10853092473622564,0.10294971982270011,0.6371094249356338,0.15140993050544033
0.06425532743322875,0.13715122868147767,0.7233856977459837,0.07520774613930976

0.08263260309649932,0.10721255031850561,0.3165435349641806,0.4936113116208145
0.13953679224435267,0.10638134833646953,0.5139141769856935,0.24016768243348424
0.0001702138068352001,0.8376591542194212,0.1430011077419836,0.019169524231759924
0.8242962803999251,0.0001406492668102182,0.12160403866850802,0.0539590316647566

Transition Gammas
1.0,1.0,2652.7794858320685,10292.220514167857
6895.697618838445,2753.3023811615662,1.0,1.0
579.295997329442,549.5056894099373,3400.64309433535,808.1675053530082
184.3473460600733,393.48433859561385,2075.3801884499335,215.7696327724528

253.80087459961604,329.29664586646464,972.2436787927679,1516.0962853284927
224.2678605968922,170.97940274457153,825.9788056555291,386.0049486414306
1.4535606858996968,7153.288193220441,1221.174663316846,163.70039134172953
8339.003408304245,1.4228800289343257,1230.2087453655113,545.8772041806278

Iteration: ,70000
Error:,0.0530222233299917
Absolute Error:,0.15639315440660556
Transition Probabilities
6.597611664577453e-05,6.597611664577453e-05,0.20595515021206923,0.7939128975546392
0.7121853938435145,0.2876373483349841,8.862891075068677e-05,8.862891075068677e-05
0.10996341799509801,0.10228650537412745,0.6354952735391299,0.15225480309164455
0.06769104829060599,0.13986181674233086,0.7190361244315039,0.07341101053555928

0.08473664699356016,0.10899190179240481,0.3077314316996835,0.4985400195143515
0.1350566508634715,0.10475708155891858,0.5191745684176838,0.2410116991599262
0.0001473623419418586,0.8404991533189105,0.1404572732642471,0.018896211074900676
0.8243706300697264,0.00012122257130921067,0.12517595594564418,0.05033219141332014

Transition Gammas
1.0,1.0,3121.662211764319,12033.337788235613
8035.587798736384,3245.4122012636294,1.0,1.0
681.4096933604302,633.8382121316131,3937.9699846507597,943.4764813508715
227.05321920210739,469.13257419900907,2411.8324490099053,246.2394465427673

302.60994648669725,389.2298638083893,1098.9647972027158,1780.3768968835911
254.23578390323547,197.1987205315056,977.3139829872208,453.68960265212087
1.4629207756820826,8343.947694714047,1394.3715907758396,187.58971524796195
9759.544474298616,1.4351276389856473,1481.9308992861972,595.8718599007594

Iteration: ,80000
Error:,0.05151420244214835
Absolute Error:,0.15608903024729948
Transition Probabilities
5.755726948313591e-05,5.755726948313591e-05,0.208399352685847,0.7914855327751867
0.7114060068221648,0.2884396721901809,7.716049382716042e-05,7.716049382716042e-05
0.10862101646351816,0.1016361076418491,0.6360033821797227,0.15373949371490994
0.06760737680114659,0.1392093275607666,0.7199926987262987,0.07319059691178807

0.08491413544007789,0.11051111320499202,0.30200408813898594,0.5025706632159441
0.13505990688579908,0.10599460004231116,0.5198036252480223,0.23914186782386757
0.00012973220375688227,0.842806260082491,0.13821230131495968,0.018851706398792502
0.823537258742703,0.00010654312407827134,0.12851563716156456,0.04784056097165411

Transition Gammas
1.0,1.0,3620.7303535638935,13751.269646436049
9219.821848415264,3738.178151584748,1.0,1.0
768.461671463906,719.0455006078215,4499.536443674126,1087.661597696927
258.79914417931326,532.8894055521628,2756.1118780541137,280.1715543328491

345.4960131285309,449.6442061247166,1228.7849114847136,2044.8440010203208
286.98976313104174,225.22868452022337,1104.534444931356,508.1542671247236
1.4695704196779389,9547.07554076306,1565.6306126481254,213.54690109200502
11176.735835709205,1.4459629364578264,1744.1655639303974,649.2739782394883

Iteration: ,90000
Error:,0.052302375111277284
Absolute Error:,0.15605855075932432
Transition Probabilities
5.1374261494991174e-05,5.1374261494991174e-05,0.20801517845906403,0.791882073017946
0.711928524473116,0.28793389555852744,6.878998417830359e-05,6.878998417830359e-05
0.1094110537313808,0.10179595325189678,0.6359091687614713,0.15288382425525113
0.06758789680295725,0.1376790135565143,0.7212980416033927,0.0734350480371358

0.08543896790584117,0.11129281971437041,0.3002043744987939,0.5030638378809944
0.13532417584223463,0.10760584434188533,0.5201285102531883,0.23694146956269185
0.00011588761742584463,0.8404981216656411,0.13975477102137077,0.019631219695562353
0.8224343825906384,9.582847553140419e-05,0.13158488892987902,0.04588490000395118

Transition Gammas
1.0,1.0,4049.0154487056684,15413.98455129427
10349.304960265696,4185.695039734316,1.0,1.0
884.0881630775933,822.5548904789457,5138.418374754038,1235.3667635990948
295.05806366083294,601.0440488354009,3148.8596856077347,320.5840705747407

390.3635593889144,508.48766438762436,1371.6088928253548,2298.4569590247484
325.9197436354683,259.1618902040988,1252.6967163417225,570.6585873208185
1.4774856500286826,10715.760158169423,1781.7750791127264,250.28424983638774
12486.220572188491,1.4548704527802414,1997.7252677228903,696.62576676019

Iteration: ,99999
Error:,0.05175239584783291
Absolute Error:,0.15556045400861435
Transition Probabilities
4.6170183295627916e-05,4.6170183295627916e-05,0.2090738822730594,0.7908337773603493
0.711433026262799,0.2884431653925185,6.19041723412158e-05,6.19041723412158e-05
0.11020931350853147,0.10115450617099413,0.6346989602225769,0.15393722009789762
0.06881678199361954,0.13619822015761052,0.7215330805635977,0.07345191728517231

0.08778038733480137,0.110972866106885,0.29697020303811167,0.5042765435202019
0.1320992592495694,0.1071724956730012,0.5227935150272152,0.23793473005021426
0.00010485464556106131,0.8419322679189158,0.1384638798335729,0.019498997601950216
0.8223136081126904,8.673746056281614e-05,0.1338081302985964,0.043791524128150405

Transition Gammas
1.0,1.0,4528.331216152171,17128.66878384772
11492.489106249257,4659.510893750745,1.0,1.0
992.6984043673276,911.1382121324757,5716.981850338626,1386.5727668478362
334.9106169963608,662.8358465093692,3511.4848761344906,357.46842884666603

444.04551029783335,561.3668890716839,1502.2522610700423,2550.931271749808
353.2807762026839,286.6176742702671,1398.1372782235803,636.3227666470792
1.483390931887,11910.91424525087,1958.8646992221477,275.85459918201974
13877.71606543469,1.463818472723904,2258.2032222384573,739.0444861029474


Model Num 3
Model States: 
"['diamond', 'x', 'square']","['diamond', 'x', 'diamond']","['square', 'y', 'diamond', 'x', 'square']","['square', 'x', 'square', 'y', 'diamond', 'x', 'diamond']","['square', 'x', 'square', 'y', 'diamond', 'x', 'square']"
Iteration: ,0
Error:,0.33357986846679144
Absolute Error:,1
Transition Probabilities
0.2,0.2,0.2,0.2,0.2
0.2,0.2,0.2,0.2,0.2
0.2,0.2,0.2,0.2,0.2
0.2,0.2,0.2,0.2,0.2
0.2,0.2,0.2,0.2,0.2

0.2,0.2,0.2,0.2,0.2
0.2,0.2,0.2,0.2,0.2
0.2,0.2,0.2,0.2,0.2
0.2,0.2,0.2,0.2,0.2
0.2,0.2,0.2,0.2,0.2

Transition Gammas
1.0,1.0,1.0,1.0,1.0
1.0,1.0,1.0,1.0,1.0
1.0,1.0,1.0,1.0,1.0
1.0,1.0,1.0,1.0,1.0
1.0,1.0,1.0,1.0,1.0

1.0,1.0,1.0,1.0,1.0
1.0,1.0,1.0,1.0,1.0
1.0,1.0,1.0,1.0,1.0
1.0,1.0,1.0,1.0,1.0
1.0,1.0,1.0,1.0,1.0

Iteration: ,10000
Error:,0.14844350101692474
Absolute Error:,1
Transition Probabilities
0.0005966587112171834,0.0005966587112171834,0.42183770883054866,0.472550876650103,0.10441809709691395
0.7043807499592989,0.2936112179121871,0.0006693440428380187,0.0006693440428380187,0.0006693440428380187
0.2,0.2,0.2,0.2,0.2
0.09498311063369741,0.11953538881220148,0.5625459377213067,0.09291322893610263,0.13002233389669174
0.08023291453950274,0.03470606692080185,0.6493017363642154,0.184958185440742,0.05080109673473806

0.17185758122323525,0.08843199883735538,0.3248460925614419,0.27947485686384377,0.13538947051412367
0.05661264957140433,0.11112637008034085,0.2147157835577365,0.5746032586767542,0.0429419381137642
0.34221387977052453,0.4408470414776181,0.06092124814264487,0.07454447979266056,0.08147335081655192
0.2,0.2,0.2,0.2,0.2
0.2,0.2,0.2,0.2,0.2

Transition Gammas
1.0,1.0,707.0,791.9952692655731,175.0047307344279
1052.3448404391925,438.65515956080753,1.0,1.0,1.0
1.0,1.0,1.0,1.0,1.0
151.96724068187663,191.24940297734275,900.0395264163606,148.65555497246166,208.02788177257145
49.14865142495293,21.26005761116592,397.74579913171993,113.30070005051537,31.11946524380155

70.27448940844828,36.16083457843659,132.83320484670273,114.28039850679833,55.36227057275637
19.49959271169548,38.27623282960287,73.9564454206937,197.91565312408977,14.790869351788643
921.239764342252,1186.760235657748,164.0,200.67373960184221,219.32626039815779
1.0,1.0,1.0,1.0,1.0
1.0,1.0,1.0,1.0,1.0

Iteration: ,20000
Error:,0.14631837030390724
Absolute Error:,1
Transition Probabilities
0.00030075187969924805,0.00030075187969924805,0.4093233082706766,0.4872981073063178,0.1027770806636071
0.7063029993134522,0.2927062477142888,0.00033025099075297253,0.00033025099075297253,0.00033025099075297253
0.2,0.2,0.2,0.2,0.2
0.0994536431679632,0.12219480147783933,0.5552763060608386,0.0998139653135622,0.12326128397979672
0.07157438320039561,0.030872788624271327,0.6718790698824241,0.1843587956670289,0.04131496262588004

0.16283679601600418,0.09519598838085526,0.3471070102669723,0.278624814632308,0.11623539070386021
0.055313953881137676,0.1140314033895345,0.2245687581719567,0.5700910056152894,0.035994878942081796
0.3360387998048321,0.44574204768443426,0.055814821728579427,0.08058171314987199,0.08182261763228217
0.2,0.2,0.2,0.2,0.2
0.2,0.2,0.2,0.2,0.2

Transition Gammas
1.0,1.0,1361.0,1620.266206793507,341.7337932064937
2138.6854819211317,886.314518078866,1.0,1.0,1.0
1.0,1.0,1.0,1.0,1.0
328.73669961016356,403.905925090172,1835.4249719930249,329.92771794963875,407.4311045277252
83.29208378093146,35.92708426762359,781.8748171760964,214.5408394433069,48.07878426009031

131.98448407442672,77.15942415845267,281.34144609551544,225.834414022514,94.21253947867294
39.62722020103068,81.69272335258889,160.88229110280164,408.4163258820623,25.786928864503377
1800.1598505544855,2387.8401494455143,299.0,431.6762373438643,438.32376265613556
1.0,1.0,1.0,1.0,1.0
1.0,1.0,1.0,1.0,1.0

Iteration: ,30000
Error:,0.1485311179787851
Absolute Error:,1
Transition Probabilities
0.00019940179461615148,0.00019940179461615148,0.4129611166500497,0.4882057062062658,0.09843437355445202
0.7119917822729905,0.2873422909789517,0.00022197558268590472,0.00022197558268590472,0.00022197558268590472
0.2,0.2,0.2,0.2,0.2
0.10435992339360063,0.12398813009907765,0.5463624135697399,0.10477730689756837,0.1205122260400135
0.061201021115505426,0.02705241605512581,0.7004614768324832,0.17400271927811425,0.03728236671877136

0.16287892735846698,0.0977874935183477,0.35040765079597136,0.2787768292882772,0.11014909903893667
0.05789659262224322,0.11122644817004856,0.2329837593863196,0.56441634792292,0.033476851898468704
0.33714758755408336,0.44590618649623753,0.059570794277257026,0.07871867068468062,0.07865676098774163
0.2,0.2,0.2,0.2,0.2
0.2,0.2,0.2,0.2,0.2

Transition Gammas
1.0,1.0,2071.0,2448.351616624424,493.64838337557705
3207.5229791398197,1294.4770208601763,1.0,1.0,1.0
1.0,1.0,1.0,1.0,1.0
526.2472071917546,625.2247516844055,2755.096831292355,528.3519126778109,607.697096009055
99.93170851609231,44.172370110863675,1143.7441868407163,284.1192631588717,60.876281732273384

195.60225747362338,117.43357348357326,420.80659937596363,334.7847264497062,132.27869792686064
64.22680649573185,123.38756462639772,258.4574005656487,626.1276859174947,37.13709549365042
2733.592639888508,3615.407360111494,483.0,638.2509819113906,637.7490180886092
1.0,1.0,1.0,1.0,1.0
1.0,1.0,1.0,1.0,1.0

Iteration: ,40000
Error:,0.1464923186946785
Absolute Error:,1
Transition Probabilities
0.0001486104919007282,0.0001486104919007282,0.4153663248625353,0.48741001412605006,0.09692644002761318
0.7173245332283371,0.2821749662711623,0.0001668335001668337,0.0001668335001668337,0.0001668335001668337
0.2,0.2,0.2,0.2,0.2
0.10703862264095904,0.12722165496555402,0.5254609403552515,0.1143597923935264,0.12591898964470907
0.050602335228696046,0.022367525917321947,0.752335034825243,0.14386923242666413,0.030825871602074964

0.16194085117507218,0.09619511061086101,0.3489751393310279,0.2849103860115229,0.10797851287151596
0.05691051034712909,0.11244221064202024,0.23692622973767344,0.5603005577098261,0.033420491563351154
0.340556685169115,0.44845369288870573,0.0568013343217198,0.07862670913745105,0.07556157848300855
0.2,0.2,0.2,0.2,0.2
0.2,0.2,0.2,0.2,0.2

Transition Gammas
1.0,1.0,2795.0,3279.781985054191,652.218014945809
4299.643252170647,1691.3567478293448,1.0,1.0,1.0
1.0,1.0,1.0,1.0,1.0
752.5869871899212,894.4935916916813,3694.508171264697,804.0620244320603,885.3345709107437
99.93170851609231,44.172370110863675,1485.7441868407163,284.1192631588717,60.876281732273384

254.47167736301304,151.15970413668208,548.3748443902687,447.7043519310343,169.67598410281798
85.33162767571639,168.59586735411116,355.24722409392837,840.1147395333984,50.110690018916074
3675.2877463450886,4839.712253654911,613.0,848.5394450113716,815.4605549886281
1.0,1.0,1.0,1.0,1.0
1.0,1.0,1.0,1.0,1.0

Iteration: ,50000
Error:,0.1467817919550241
Absolute Error:,1
Transition Probabilities
0.00011856770215793225,0.00011856770215793225,0.41854398861750086,0.4861354015939882,0.09508347438419512
0.7152503579505499,0.2843534455359794,0.00013206550449022737,0.00013206550449022737,0.00013206550449022737
0.2,0.2,0.2,0.2,0.2
0.10723503656039803,0.1307932462295917,0.5117281824898658,0.12285982366101614,0.12738371105912832
0.04387118557542827,0.019392185675762126,0.7852795607434315,0.12473167030452181,0.02672539770085634

0.16659348026286827,0.09673920941421736,0.3361429654860154,0.28949720740146884,0.11102713743543006
0.05407113081889056,0.11097331612478606,0.2432736377469293,0.5610937961748786,0.03058811913451542
0.34065222657462496,0.4502494310482102,0.05560098119378576,0.08032544444947402,0.0731719167339051
0.2,0.2,0.2,0.2,0.2
0.2,0.2,0.2,0.2,0.2

Transition Gammas
1.0,1.0,3530.0,4100.065977043694,801.9340229563012
5415.875710401555,2153.1242895984324,1.0,1.0,1.0
1.0,1.0,1.0,1.0,1.0
972.5011320753164,1186.147588567684,4640.798872726113,1114.2003717191483,1155.2269406201383
99.93170851609231,44.172370110863675,1788.7441868407163,284.1192631588717,60.876281732273384

322.8166994428459,187.4565093455732,651.3614007457177,560.9735317600728,215.14295756915885
102.21496966977085,209.7817073558596,459.87955360219354,1060.6803388301796,57.823160385939616
4582.794404108431,6057.2055958915735,748.0,1080.6182041787742,984.3817958212258
1.0,1.0,1.0,1.0,1.0
1.0,1.0,1.0,1.0,1.0

Iteration: ,60000
Error:,0.14553352411520307
Absolute Error:,1
Transition Probabilities
9.860960457548573e-05,9.860960457548573e-05,0.41889360023666344,0.48511098623179716,0.09579819432238841
0.7154234966858923,0.28424639768030485,0.00011003521126760579,0.00011003521126760579,0.00011003521126760579
0.2,0.2,0.2,0.2,0.2
0.10858178913821212,0.13076688165175882,0.49807748508117283,0.13251492439418278,0.13005891973467357
0.03854135297963166,0.01703626340097623,0.8113655664239893,0.1095782407038059,0.023478576491597025

0.15973671332292175,0.09694838340853612,0.3425627383476929,0.29388564130083733,0.10686652362001199
0.055044450205205146,0.11280144039251365,0.24057813019571653,0.5609970403632968,0.030578938843267855
0.3399572593656536,0.4494249200817232,0.054889785780813403,0.08258109446190205,0.07314694030990788
0.2,0.2,0.2,0.2,0.2
0.2,0.2,0.2,0.2,0.2

Transition Gammas
1.0,1.0,4248.0,4919.51051137665,971.48948862334
6501.768737881381,2583.231262118607,1.0,1.0,1.0
1.0,1.0,1.0,1.0,1.0
1215.075251738609,1463.335637616295,5573.693621864964,1482.896960856208,1455.4132501565643
99.93170851609231,44.172370110863675,2103.7441868407163,284.1192631588717,60.876281732273384

359.72988730002226,218.32946422885712,771.4573105675603,661.8356320536273,240.66529039104506
125.76323609742511,257.7239690346081,549.6627557344536,1281.7423550266356,69.86546856255018
5475.011662083852,7237.988337916153,884.0,1329.9685263089327,1178.0314736910666
1.0,1.0,1.0,1.0,1.0
1.0,1.0,1.0,1.0,1.0

Iteration: ,70000
Error:,0.1464024195069283
Absolute Error:,1
Transition Probabilities
8.4609527032744e-05,8.4609527032744e-05,0.41949403502834476,0.48567143215835523,0.0946653137592345
0.716357735785423,0.2833587639310767,9.450009450009462e-05,9.450009450009462e-05,9.450009450009462e-05
0.2,0.2,0.2,0.2,0.2
0.11104395139839512,0.13268147183720783,0.48943015038662885,0.13728823106882598,0.1295561953089422
0.034449186184805775,0.015227421053531252,0.8313940165370013,0.09794366113207861,0.020985715092583127

0.16122608755016563,0.09638982527700321,0.3428676735337787,0.29332589483864807,0.1061905188004044
0.05654685888547151,0.11451143126192374,0.23834287709748067,0.5606742831460719,0.029924549609052057
0.33936217164926546,0.4496291428922171,0.05440400703362285,0.08410613073954534,0.07249854768534938
0.2,0.2,0.2,0.2,0.2
0.2,0.2,0.2,0.2,0.2

Transition Gammas
1.0,1.0,4958.0,5740.150656679592,1118.849343320391
7580.497560081338,2998.50243991865,1.0,1.0,1.0
1.0,1.0,1.0,1.0,1.0
1475.4448032776404,1762.9432819000551,6503.075249587905,1824.153450330179,1721.4176251275262
99.93170851609231,44.172370110863675,2411.7441868407163,284.1192631588717,60.876281732273384

415.97253389483654,248.69126622997558,884.6182222594473,756.7975976284704,273.9776164776512
155.75833494643913,315.4217620083131,656.5155061616615,1544.3774333601048,82.4271783260026
6368.809875341765,8438.190124658238,1021.0,1578.4197555890473,1360.580244410952
1.0,1.0,1.0,1.0,1.0
1.0,1.0,1.0,1.0,1.0

Iteration: ,80000
Error:,0.14414980634195418
Absolute Error:,1
Transition Probabilities
7.379529186037939e-05,7.379529186037939e-05,0.4205593683123022,0.4838587034223655,0.09543433768161155
0.7155373673154845,0.2842147807347468,8.261731658955738e-05,8.261731658955738e-05,8.261731658955738e-05
0.2,0.2,0.2,0.2,0.2
0.11368589125904631,0.13447699907391164,0.4805765865232944,0.14178147353740228,0.12947904960634538
0.030778107711023094,0.013604710509921963,0.8493615178045631,0.08750629218825064,0.01874937178624117

0.15704035705616293,0.0938726713593633,0.34815708409301604,0.29360633240399664,0.10732355508746112
0.05679522843119725,0.11586373838558157,0.2347156296562225,0.5633060149194761,0.029319388607522544
0.3410165476024125,0.4496496207615976,0.052882369429132,0.08476903991130855,0.07168242229554926
0.2,0.2,0.2,0.2,0.2
0.2,0.2,0.2,0.2,0.2

Transition Gammas
1.0,1.0,5699.0,6556.769290076467,1293.2307099235165
8660.864293986602,3440.135706013367,1.0,1.0,1.0
1.0,1.0,1.0,1.0,1.0
1749.7608463741042,2069.760681043995,7396.644257874568,2182.185215680683,1992.8363046446686
99.93170851609231,44.172370110863675,2757.7441868407163,284.1192631588717,60.876281732273384

452.73275488907933,270.62618749728495,1003.7045175541026,846.439770094267,309.4038352310872
182.53570052622834,372.37756121397393,754.3588267393856,1810.4242360522728,94.23036558358339
7299.800217977245,9625.19978202276,1132.0,1814.5660683414712,1534.433931658528
1.0,1.0,1.0,1.0,1.0
1.0,1.0,1.0,1.0,1.0

Iteration: ,90000
Error:,0.14337740255227246
Absolute Error:,1
Transition Probabilities
6.579813133307016e-05,6.579813133307016e-05,0.4208448480063168,0.4842474383605362,0.0947761173704809
0.7169904903055729,0.2827883196922152,7.373000073730029e-05,7.373000073730029e-05,7.373000073730029e-05
0.2,0.2,0.2,0.2,0.2
0.11307265339931115,0.13411418428388233,0.47545964049024586,0.14681187048456268,0.1305416513419979
0.02802470153790515,0.012387634585267709,0.8628376200614113,0.07967798879286356,0.01707205502255233

0.15427679069948555,0.09266312628054103,0.3529658088704253,0.29356535953509305,0.10652891461445507
0.05627634317507781,0.11476914070102089,0.2321593794050815,0.5684134996587441,0.0283816370600757
0.3405777854994093,0.44920366019378527,0.05250279931986898,0.08607746733297336,0.07163828765396323
0.2,0.2,0.2,0.2,0.2
0.2,0.2,0.2,0.2,0.2

Transition Gammas
1.0,1.0,6396.0,7359.592568203427,1440.4074317965683
9724.542020014449,3835.4579799855,1.0,1.0,1.0
1.0,1.0,1.0,1.0,1.0
1985.6584940180487,2355.166887710227,8349.503132009955,2578.149790302219,2292.4299644317
99.93170851609231,44.172370110863675,3076.7441868407163,284.1192631588717,60.876281732273384

491.43817461216673,295.1720568382139,1124.3484650239561,935.1323926637245,339.340578088119
207.16610418647363,422.4914843150142,854.6318305024387,2092.460235466226,104.47930424118559
8212.352141747251,10831.647858252738,1266.0,2075.5859697999854,1727.4140302000142
1.0,1.0,1.0,1.0,1.0
1.0,1.0,1.0,1.0,1.0

Iteration: ,99999
Error:,0.14374457644354438
Absolute Error:,1
Transition Probabilities
5.9252236771938164e-05,5.9252236771938164e-05,0.4203946198969013,0.4837199024786669,0.09576697315088796
0.7184936865823589,0.28130730844251667,6.63349917081263e-05,6.63349917081263e-05,6.63349917081263e-05
0.2,0.2,0.2,0.2,0.2
0.1133173890457269,0.1340484424401321,0.47126165904934963,0.15065229234929292,0.13072021711549855
0.025552467283760854,0.011294843837501884,0.8749375717274614,0.07264909491049297,0.015566022240782872

0.15261779971541728,0.09441833119184179,0.352465969557361,0.29462162569569683,0.10587627383968308
