0,1,2,3,4,5,6,7,8,9,10,11,12,13,14,15,16,17,18,19,20,21,22,23,24,25,26,27,28,29
github Code Version (SHA):,0223d720dafbf5413b6775610c21cd8ff219e6c5
Environment Observations,Environment Actions,alpha,epsilon,numActions,explore,patience,gainThresh,insertRandActions,useBudd,revisedSplitting,haveControl,confidence_factor
"['diamond', 'square']","['x', 'y']",0.7,0.99,100000,0.5,0,0.0001,False,True,False,False,

Model Num 0
Model States: 
['diamond'],['square']
Iteration: ,0
Error:,0.35428269850090355
Absolute Error:,1
Transition Probabilities
0.5,0.5
0.5,0.5

0.5,0.5
0.5,0.5

Transition Gammas
1.0,1.0
1.0,1.0

1.0,1.0
1.0,1.0

Iteration: ,10000
Error:,0.04851568175342216
Absolute Error:,1
Transition Probabilities
0.473633748801534,0.5263662511984659
0.19576535925026034,0.8042346407497397

0.22908093278463648,0.7709190672153635
0.7784011220196353,0.22159887798036465

Transition Gammas
988.0,1098.0
564.0,2317.0

501.0,1686.0
2220.0,632.0

Iteration: ,20000
Error:,0.04519195822494445
Absolute Error:,1
Transition Probabilities
0.46948582412301776,0.5305141758769822
0.19886850677181553,0.8011314932281844

0.21742144177449169,0.7825785582255084
0.7803976772831251,0.21960232271687488

Transition Gammas
1954.0,2208.0
1160.0,4673.0

941.0,3387.0
4435.0,1248.0

Iteration: ,30000
Error:,0.042017384477684334
Absolute Error:,1
Transition Probabilities
0.46840089371209703,0.531599106287903
0.20166320166320167,0.7983367983367984

0.21371830125267338,0.7862816987473266
0.7885426429240863,0.2114573570759138

Transition Gammas
2935.0,3331.0
1746.0,6912.0

1399.0,5147.0
6731.0,1805.0

Iteration: ,40000
Error:,0.041590823016438135
Absolute Error:,1
Transition Probabilities
0.46932698034544373,0.5306730196545563
0.20505277729711022,0.7949472227028898

0.2136801099908341,0.7863198900091659
0.7900220750551876,0.20997792494481235

Transition Gammas
3940.0,4455.0
2370.0,9188.0

1865.0,6863.0
8947.0,2378.0

Iteration: ,50000
Error:,0.03951956364872332
Absolute Error:,1
Transition Probabilities
0.46946746689530344,0.5305325331046966
0.2036524626452684,0.7963475373547316

0.21101507907318867,0.7889849209268113
0.7904352119630387,0.20956478803696127

Transition Gammas
4928.0,5569.0
2944.0,11512.0

2295.0,8581.0
11206.0,2971.0

Iteration: ,60000
Error:,0.039132383444704606
Absolute Error:,1
Transition Probabilities
0.47021023403411344,0.5297897659658866
0.20337130364745137,0.7966286963525486

0.2100414555504376,0.7899585444495624
0.7905019713999882,0.20949802860001177

Transition Gammas
5927.0,6678.0
3535.0,13847.0

2736.0,10290.0
13433.0,3560.0

Iteration: ,70000
Error:,0.03910521015203184
Absolute Error:,1
Transition Probabilities
0.46952045516120294,0.5304795448387971
0.20388636811994476,0.7961136318800552

0.2094420600858369,0.7905579399141631
0.7906261036274658,0.20937389637253417

Transition Gammas
6932.0,7832.0
4134.0,16142.0

3172.0,11973.0
15671.0,4150.0

Iteration: ,80000
Error:,0.041337177401139
Absolute Error:,1
Transition Probabilities
0.47084513692162416,0.5291548630783758
0.20520693681615707,0.7947930631838429

0.21145298158517578,0.7885470184148242
0.7906349487088786,0.20936505129112132

Transition Gammas
7978.0,8966.0
4745.0,18378.0

3663.0,13660.0
17881.0,4735.0

Iteration: ,90000
Error:,0.041598276795800804
Absolute Error:,1
Transition Probabilities
0.47107006834663745,0.5289299316533626
0.20572554473806212,0.7942744552619379

0.2127670501232539,0.7872329498767461
0.7904092924694894,0.20959070753051054

Transition Gammas
9029.0,10138.0
5325.0,20559.0

4143.0,15329.0
20142.0,5341.0

Iteration: ,99999
Error:,0.041615136412212574
Absolute Error:,1
Transition Probabilities
0.47271790548452064,0.5272820945154794
0.20608343797962886,0.7939165620203712

0.2131979695431472,0.7868020304568528
0.791072185336912,0.20892781466308802

Transition Gammas
10093.0,11258.0
5908.0,22760.0

4620.0,17050.0
22400.0,5916.0


Model Num 1
Model States: 
['square'],"['diamond', 'x', 'square']","['diamond', 'x', 'diamond']"
Iteration: ,0
Error:,0.4310771198884836
Absolute Error:,1
Transition Probabilities
0.3333333333333333,0.3333333333333333,0.3333333333333333
0.3333333333333333,0.3333333333333333,0.3333333333333333
0.3333333333333333,0.3333333333333333,0.3333333333333333

0.3333333333333333,0.3333333333333333,0.3333333333333333
0.3333333333333333,0.3333333333333333,0.3333333333333333
0.3333333333333333,0.3333333333333333,0.3333333333333333

Transition Gammas
1.0,1.0,1.0
1.0,1.0,1.0
1.0,1.0,1.0

1.0,1.0,1.0
1.0,1.0,1.0
1.0,1.0,1.0

Iteration: ,10000
Error:,0.041389154325028835
Absolute Error:,1
Transition Probabilities
0.7956231454005934,0.12292132457110828,0.08145553002829825
0.9989200863930886,0.0005399568034557236,0.0005399568034557236
0.0006578947368421055,0.6956064250457613,0.30373568021739655

0.2166607079013228,0.37481271018132756,0.40852658191734964
0.8388985074580473,0.0974876343428984,0.06361385819905432
0.6972745108796784,0.11158694639677659,0.19113854272354514

Transition Gammas
2145.0,331.39589104370793,219.6041089562921
1850.0,1.0,1.0
1.0,1057.3217660695568,461.6782339304426

606.0,1048.3511503771733,1142.6488496228271
319.440526977901,37.12189378270141,24.22324536942821
203.05860729681908,32.49608235248433,55.662907048217164

Iteration: ,20000
Error:,0.037019646553470606
Absolute Error:,1
Transition Probabilities
0.7916287534121929,0.11697088767945413,0.09140035890835306
0.9994614970382337,0.00026925148088314486,0.00026925148088314486
0.0003262642740619902,0.7009247732179744,0.2987489625079636

0.2106895293688435,0.37711826048220043,0.4121922101489562
0.8183809559923354,0.11229507318366512,0.06932397082399938
0.7306205873933621,0.103752759930381,0.16562665267625695

Transition Gammas
4350.0,642.7550277986004,502.24497220140006
3712.0,1.0,1.0
1.0,2148.3344299130918,915.6655700869085

1155.0,2067.3623039634226,2259.637696036578
604.7581026092054,82.98257051762481,51.22826081653154
424.6021428429786,60.29619881022413,96.25437997736798

Iteration: ,30000
Error:,0.03805320141000557
Absolute Error:,1
Transition Probabilities
0.7946624421155253,0.11449841689721313,0.0908391409872617
0.9996436843042936,0.00017815784785319794,0.00017815784785319794
0.00022070183182520438,0.7101110739755371,0.28966822419263777

0.21420830824804335,0.37696812289423715,0.40882356885771953
0.8147074718626106,0.11390091455280031,0.0713916135845891
0.72486561217121,0.11041845039890184,0.16471593742988816

Transition Gammas
6521.0,939.5740090585309,745.4259909414695
5611.0,1.0,1.0
1.0,3217.513276183155,1312.4867238168404

1779.0,3130.7202606366395,3395.279739363361
869.1086387516967,121.50651886527845,76.15870756522628
649.1618786713543,98.88653496229107,147.51328466088648

Iteration: ,40000
Error:,0.03757799364193231
Absolute Error:,1
Transition Probabilities
0.7941933112826167,0.1124342292232315,0.09337245949415188
0.999732118939191,0.0001339405304045004,0.0001339405304045004
0.0001640958319658682,0.7105141768705822,0.289321727297452

0.21342124277456648,0.37556453837151244,0.4110142188539211
0.8186712623340764,0.1115284879486905,0.06980024971723313
0.7212558022374723,0.10927583072379489,0.1694683670387329

Transition Gammas
8644.0,1223.7341508656516,1016.265849134349
7464.0,1.0,1.0
1.0,4329.873393849324,1763.126606150671

2363.0,4158.250568849386,4550.749431150614
1161.96561524852,158.29585583297828,99.06966793478124
874.6008641566237,132.50879325473596,205.49877006117646

Iteration: ,50000
Error:,0.03599902876549922
Absolute Error:,1
Transition Probabilities
0.7950669691868549,0.11253578526592806,0.09239724554721697
0.9997851772287862,0.00010741138560687433,0.00010741138560687433
0.00013173494928204438,0.7118317433298966,0.28803652172082145

0.21185581933989578,0.37448782784814477,0.41365635281195945
0.8210337902961481,0.10885179191749761,0.07011441778635424
0.7256339254603267,0.11151602288808249,0.16285005165159097

Transition Gammas
10863.0,1537.5764340883752,1262.4235659116257
9308.0,1.0,1.0
1.0,5403.514763617251,2186.485236382758

2927.0,5173.923829549968,5715.076170450032
1443.9970567646628,191.4436031868194,123.31406346107173
1114.7235434354673,171.31163775835682,250.1713057455932

Iteration: ,60000
Error:,0.03688981703520144
Absolute Error:,1
Transition Probabilities
0.7927321668909825,0.11304663693484311,0.09422119617417442
0.999821889749755,8.905512512245079e-05,8.905512512245079e-05
0.0001094690749863162,0.7146704107066966,0.28522012021831705

0.21164404223227753,0.37430274602897357,0.41405321173874887
0.8185172558229963,0.10902797439891969,0.07245476977808399
0.7280416457934886,0.1133421833594613,0.15861617084705004

Transition Gammas
12958.0,1847.8603273369456,1540.1396726630553
11227.0,1.0,1.0
1.0,6528.514201805682,2605.48579819433

3508.0,6204.068015430237,6862.931984569763
1727.4947687087028,230.10541815354182,152.91703976818835
1332.1379854384124,207.38844910596228,290.2287630261193

Iteration: ,70000
Error:,0.03633556628871079
Absolute Error:,1
Transition Probabilities
0.7931088652667957,0.1123771236892339,0.09451401104397032
0.9998467550379281,7.662248103593594e-05,7.662248103593594e-05
9.394964299135649e-05,0.7128258100537381,0.28708024030327056

0.21043640316819381,0.3760640857063262,0.41349951112547995
0.8169894593283894,0.11117403278572141,0.0718365078858891
0.7314915273086954,0.11051002750200047,0.1579984451893041

Transition Gammas
15146.0,2146.0659310933,1804.9340689067017
13049.0,1.0,1.0
1.0,7587.317922212,3055.6820777880166

4065.0,7264.4299435891035,7987.5700564108965
2044.4805022745463,278.2081700007319,179.76772900463843
1559.8896148209876,235.66020630230082,336.92821394040607

Iteration: ,80000
Error:,0.03500446222532865
Absolute Error:,1
Transition Probabilities
0.7929218935994871,0.11221676757389681,0.09486133882661603
0.9998660594695955,6.69702652022502e-05,6.69702652022502e-05
8.23451910408431e-05,0.7120487471906134,0.28786890761834566

0.2110382266455553,0.37683569401547135,0.4121260793389733
0.8181820771600615,0.11054991014887608,0.07126801269106231
0.7378373579993569,0.10792526383591117,0.1542373781647319

Transition Gammas
17319.0,2451.0386373490546,2071.9613626509476
14930.0,1.0,1.0
1.0,8647.119985882822,3495.880014117195

4665.0,8329.953016211994,9110.046983788005
2316.489077204514,312.99592901704847,201.77852529593062
1799.007102882396,263.14514183413036,376.0640957523226

Iteration: ,90000
Error:,0.034118731943203084
Absolute Error:,1
Transition Probabilities
0.7944737911418122,0.11155786312640147,0.09396834573178632
0.9998809169395654,5.9541530217326585e-05,5.9541530217326585e-05
7.337833871441143e-05,0.7120741035390837,0.28785251812220175

0.2109852137576342,0.37770770103684204,0.4113070852055238
0.8175425511095625,0.10997946842426129,0.07247798046617612
0.7400031185983521,0.10880245253097669,0.1511944288706713

Transition Gammas
19552.0,2745.4390115407405,2312.560988459262
16793.0,1.0,1.0
1.0,9704.145883030644,3922.85411696937

5251.0,9400.389263404924,10236.610736595076
2606.8195894486707,350.68099187793143,231.1035909097112
2019.6559428705596,296.9494510635274,412.6478917764002

Iteration: ,99999
Error:,0.03402270698558413
Absolute Error:,1
Transition Probabilities
0.793362119437939,0.11180402684288332,0.09483385371917763
0.9998926750737859,5.366246310705661e-05,5.366246310705661e-05
6.606765327695551e-05,0.7119441036146746,0.28798982873204837

0.21135772122614227,0.37776550532265635,0.4108767734512013
0.8176062393442278,0.10978151169508074,0.0726122489606916
0.7442711809800386,0.10693003627508456,0.14879878274487676

Transition Gammas
21681.0,3055.380445562316,2591.6195544376865
18633.0,1.0,1.0
1.0,10775.98595231173,4359.014047688291

5847.0,10450.504939245966,11366.495060754034
2905.6473852577556,390.14668315435364,258.0528146403856
2262.7158206822196,325.086193001804,452.3745758525065


Model Num 2
Model States: 
"['diamond', 'x', 'square']","['diamond', 'x', 'diamond']","['square', 'y', 'diamond', 'x', 'diamond']","['square', 'y', 'diamond', 'x', 'square']"
Iteration: ,0
Error:,0.3556268183472238
Absolute Error:,0.4499999999999999
Transition Probabilities
0.25,0.25,0.25,0.25
0.25,0.25,0.25,0.25
0.25,0.25,0.25,0.25
0.25,0.25,0.25,0.25

0.25,0.25,0.25,0.25
0.25,0.25,0.25,0.25
0.25,0.25,0.25,0.25
0.25,0.25,0.25,0.25

Transition Gammas
1.0,1.0,1.0,1.0
1.0,1.0,1.0,1.0
1.0,1.0,1.0,1.0
1.0,1.0,1.0,1.0

1.0,1.0,1.0,1.0
1.0,1.0,1.0,1.0
1.0,1.0,1.0,1.0
1.0,1.0,1.0,1.0

Iteration: ,10000
Error:,0.05563926301762559
Absolute Error:,0.18857766028689638
Transition Probabilities
0.0004701457451810058,0.0004701457451810058,0.23010162585759375,0.7689580826520442
0.6954509317579011,0.3033376812039403,0.000605693519079346,0.000605693519079346
0.09562139112873058,0.0844248579955643,0.683245002542217,0.13670874833348817
0.10977159185537495,0.11641946806125326,0.609949998295405,0.16385894178796676

0.13277292001775198,0.07574382421769256,0.30986690282419366,0.48161635294036187
0.07895045089663504,0.1695307100746265,0.3690627625694638,0.3824560764592747
0.0010938314493257161,0.9142020666490251,0.030107466844942605,0.054596635056706484
0.7751517522721902,0.0009602332149499474,0.02840330026641224,0.19548471424644764

Transition Gammas
1.0,1.0,489.42615819910225,1635.5738418008991
1148.1894883322943,500.81051166770527,1.0,1.0
40.151533585595644,35.45009627296189,286.8953729174678,57.404162764868396
96.7756155457294,102.63644256865628,537.7373648268189,144.45950619988082

75.3553712336896,42.988464754864324,175.86519519363418,273.34172558067024
14.200114568963366,30.491979192990428,66.38003269273129,68.7889687980159
1.3529925194641224,1130.8036153259761,37.240817537594396,67.5321950792075
1392.4480034365354,1.7249200805792584,51.022420617693875,351.1600138384843

Iteration: ,20000
Error:,0.05428869793026086
Absolute Error:,0.18115090492083102
Transition Probabilities
0.00023255813953488344,0.00023255813953488344,0.21869289753400123,0.780841986186929
0.6961011866579025,0.3032881263191967,0.0003053435114503815,0.0003053435114503815
0.09484437575115647,0.08767175485333678,0.6857747575681237,0.131709111827383
0.11680596196766767,0.10457886225166949,0.6280345067744144,0.15058066900624853

0.13183892180664053,0.07290332695872331,0.29352227695121497,0.5017354742834211
0.07742117065470132,0.15784632813285612,0.3968694463119777,0.36786305490046484
0.0005513532622372177,0.9136417536749456,0.028233201615683625,0.057573691447133604
0.7685998157532087,0.0004958617210780885,0.02150684947149138,0.2093974730542219

Transition Gammas
1.0,1.0,940.3794593962065,3357.620540603799
2279.731386304632,993.2686136953698,1.0,1.0
80.28504239989661,74.21347338656146,580.5031142024708,111.49076098363412
216.97937341003114,194.26624823810178,1166.6402250726774,279.71944803368075

152.31200819843525,84.2243851911642,339.10295109198177,579.6492919183829
25.066547281268488,51.10569129681061,128.493881664988,119.10252170973119
1.3729747975118831,2275.142250288448,70.30605770629785,143.3694742929264
2831.395452421487,1.8266731182006928,79.22770021720491,771.3858900333722

Iteration: ,30000
Error:,0.050914133305425005
Absolute Error:,0.1750231574579274
Transition Probabilities
0.0001549666821633351,0.0001549666821633351,0.21856429942924682,0.7811257672064266
0.7044317081050019,0.29515736113683094,0.0002054653790836244,0.0002054653790836244
0.10464788764274897,0.09173710347998036,0.6781921807738753,0.12542282810339536
0.11307963654603256,0.10279735126949031,0.6376102693201698,0.1465127428643073

0.12469685860007228,0.07098543171727256,0.28493651135013004,0.519381198332525
0.07981687791907542,0.15153505676854964,0.41605306943195025,0.35259499588042464
0.00036842524353087794,0.9128571371824417,0.027230271704376783,0.059544165869650625
0.7657956445993701,0.0003371656252543583,0.01783771679642535,0.21602947297895025

Transition Gammas
1.0,1.0,1410.3954242169277,5040.604575783063
3428.4691233470444,1436.530876652956,1.0,1.0
132.99342766599852,116.58555285514502,861.891288673764,159.39559022899837
318.73430101098137,289.7519208891628,1797.21362498771,412.9712308285189

223.5543104125595,127.2614195341365,510.82911006229494,931.137375375783
36.57075262657234,69.43081738870926,190.6285271787818,161.55310390346162
1.3870669090804328,3436.772995164056,102.51797201633588,224.17503566002756
4285.378011408124,1.8867724919271331,99.8195274055355,1208.8968641293318

Iteration: ,40000
Error:,0.049142803934444666
Absolute Error:,0.1722429484598426
Transition Probabilities
0.0001161170459823503,0.0001161170459823503,0.21515801279397334,0.7846097531140619
0.7003047052075958,0.29938741301900523,0.00015394088669950734,0.00015394088669950734
0.10859269508070145,0.08878143055598475,0.6728371790853871,0.1297886952779266
0.11110167689321628,0.09794785251993976,0.6527625567800238,0.1381879138068201

0.12391740179718301,0.06994320760227811,0.27864929096775576,0.527490099632783
0.08173194369658578,0.13856653376799014,0.4226769944892582,0.35702452804616586
0.0002763543520069739,0.9097910052286936,0.027711395709865836,0.062221244709433556
0.7622604362132691,0.00025743926159591733,0.01687859806075256,0.22060352646438242

Transition Gammas
1.0,1.0,1852.9408061816969,6757.059193818295
4549.1793650285435,1944.8206349714585,1.0,1.0
187.0646609403649,152.93725045145607,1159.0471963159466,223.5774538795142
422.12873384646093,372.15102528975984,2480.1590696130593,525.04238207154

295.07516142744566,166.55048423122062,663.5265372052286,1256.0723840488174
48.59038296856787,82.37906304306932,251.28531275947438,212.25432508171323
1.3970555835497016,4599.271169378825,140.089561909437,314.54737986008945
5707.434444702562,1.92757965551847,126.37871175472678,1651.771633092338

Iteration: ,50000
Error:,0.04786371228046731
Absolute Error:,0.17064332151964692
Transition Probabilities
9.285051067780875e-05,9.285051067780875e-05,0.21433387879193433,0.78548042018671
0.6995736756831566,0.30017922770206695,0.00012354830738818884,0.00012354830738818884
0.11032943372719012,0.09016766560379637,0.6708745651028306,0.12862833556618294
0.11297338628541119,0.09591479424603432,0.656173086176618,0.1349387332919365

0.12541512487248638,0.07123447752994441,0.2707361538971401,0.5326142437004291
0.07714083791770165,0.13204592536932308,0.43342279516213433,0.3573904415508409
0.00022286305077421178,0.9082957692833353,0.027175598449658982,0.06430576921623155
0.7635837310948375,0.0002103805156574835,0.015389877851725027,0.22081601053778013

Transition Gammas
1.0,1.0,2308.3758745891323,8459.624125410866
5662.349330979468,2429.6506690205288,1.0,1.0
248.08502325461527,202.74958968287905,1508.5179580999593,289.2316451024683
543.1366764194091,461.12490984940763,3154.651559097839,648.7384111446413

374.0035059619803,212.43007467127146,807.3688947098143,1588.3219402108139
56.000949610624005,95.85969523412196,314.64641514349864,259.45017773801766
1.4051107806454959,5726.638727241135,171.33717868196456,405.43611545087794
7112.821587670313,1.9597052850356076,143.35750089699508,2056.9124546490443

Iteration: ,60000
Error:,0.04805518121899241
Absolute Error:,0.16891966537472725
Transition Probabilities
7.707129094412327e-05,7.707129094412327e-05,0.21505823765439513,0.7847876197637166
0.7021143488276269,0.29767961429177153,0.0001030184403008139,0.0001030184403008139
0.11023563586674454,0.08733382167178191,0.6701804065249852,0.1322501359364884
0.11353701307468678,0.09762985374441661,0.6561867254974588,0.13264640768343772

0.12479249475122942,0.070998650052367,0.26546681821253465,0.5387420369838689
0.07917223471175251,0.13188133884168407,0.44259414990113916,0.3463522765454242
0.00018652868581959901,0.9092603464027639,0.025872854745833597,0.06468027016558296
0.7644403617984117,0.00017751390634811802,0.014527450948337614,0.22085467334690262

Transition Gammas
1.0,1.0,2790.3806335657787,10182.61936643423
6815.42398406977,2889.5760159302245,1.0,1.0
301.9186275565099,239.19404438582174,1835.5221246047945,362.2129923972435
658.401798350064,566.156088990057,3805.230632910576,769.217288691581

447.5380584836803,254.61946299527392,952.0324491590261,1932.0678357776678
67.0283810223219,111.65268558855193,374.7067317959697,293.22694306605376
1.4107270321152,6876.787579693714,195.67786813894122,489.1805523969156
8552.093502907726,1.9859175431082856,162.52427929996165,2470.7876655980863

Iteration: ,70000
Error:,0.04713857227981485
Absolute Error:,0.16738573071744886
Transition Probabilities
6.611133148221599e-05,6.611133148221599e-05,0.2135201663182656,0.7863476110187699
0.7034528296654012,0.2963706010753067,8.828462964597868e-05,8.828462964597868e-05
0.10785012958952177,0.08888701207070257,0.671271070227811,0.13199178811196466
0.11320425738061544,0.09912552228582333,0.6557446329567468,0.13192558737681437

0.125380158017091,0.07168813909004194,0.26328118400341755,0.5396505188894495
0.07965402152805695,0.13365434811192808,0.447086722415672,0.33960490794434306
0.00015985068834623432,0.9070028331369042,0.0265445068617034,0.06629280931304622
0.763690265719645,0.00015369967982535156,0.0143468563309274,0.22180917826960223

Transition Gammas
1.0,1.0,3229.7060357300884,11894.293964269926
7968.010201619996,3356.989798379998,1.0,1.0
341.3889805799978,281.36309667046794,2124.842568387429,417.80702684341105
769.0347831159594,673.3931770430727,4454.694931567993,896.2151055384841

527.6185445023536,301.674461118595,1107.9267827992685,2270.9304711322725
78.48437746596667,131.69176026460138,440.52167623117145,334.61813067417216
1.4159793016881839,8034.3553823967795,235.1348791709937,587.2307889892577
9979.256871720803,2.008417096469181,187.47255406363556,2898.4142731894626

Iteration: ,80000
Error:,0.045559389309364165
Absolute Error:,0.1649491738434548
Transition Probabilities
5.7934071027171034e-05,5.7934071027171034e-05,0.21341510330306074,0.786469028554885
0.702942590588238,0.2969031241382913,7.714263673532366e-05,7.714263673532366e-05
0.10597429185653082,0.09086885966532948,0.6716991702440109,0.13145767823412868
0.11216103563626072,0.09962417684534755,0.6569122017145638,0.13130258580382798

0.12563142169778338,0.0734598289175637,0.25892698037759415,0.5419817690070587
0.0799336414576675,0.12420756959414661,0.45642850587154676,0.3394302830766391
0.00014004461077067658,0.904966359153158,0.027037967909288127,0.06785562832678324
0.7634557350022119,0.00013604805462494492,0.014058613212281166,0.222349603730882

Transition Gammas
1.0,1.0,3683.7580981141346,13575.241901885882
9112.244801795325,3848.7551982046675,1.0,1.0
384.11576766630077,329.3644258039774,2434.6493654177248,476.48317441830653
874.4045629197662,776.6675326822242,5121.270710085914,1023.6315980744537

606.2276482110021,354.4764416485382,1249.438175986627,2615.3037891171534
89.41528155160763,138.94093404944195,510.5695501473887,379.69312763653994
1.4209014795784614,9181.845924760844,274.3289327285325,688.4674972972304
11383.926277809884,2.0286192808353687,209.62867791724574,3315.465953982609

Iteration: ,90000
Error:,0.048059127717757284
Absolute Error:,0.1645487710036136
Transition Probabilities
5.146415521589206e-05,5.146415521589206e-05,0.2131379971822346,0.7867590745073336
0.702120200771016,0.29774247431824524,6.866245536940405e-05,6.866245536940405e-05
0.10956610118794355,0.0909512901307642,0.6671920318019304,0.1322905768793619
0.11251974226340161,0.0992046338159125,0.6578640455521655,0.13041157836852033

0.12497464026654907,0.07585008042023657,0.25471798713769334,0.5444572921755209
0.08127124416980495,0.124810788760724,0.45759403067926807,0.3363239363902031
0.00012519815471826438,0.9043673970949432,0.02635491379706333,0.06915249095327528
0.763410183567586,0.00012202082366368626,0.013230306275597003,0.2232374893331532

Transition Gammas
1.0,1.0,4141.484423248006,15287.51557675202
10225.67860402907,4336.321395970921,1.0,1.0
450.03007587253177,373.5718945410135,2740.4140280425627,543.3682289024566
992.3568927477429,874.9255924287472,5801.967787718167,1150.1521962711367

678.3804756116604,411.72523898382735,1382.6461823996465,2955.393158392049
102.44416920209449,157.32671122070715,576.8072186372665,423.9436297331034
1.4253039020246407,10295.665961243167,300.03446581946673,787.2585295863639
12804.381127207138,2.0466076629265353,221.90676471035917,3744.2753015744534

Iteration: ,99999
Error:,0.047874926325866915
Absolute Error:,0.1641787243809097
Transition Probabilities
4.630272723063383e-05,4.630272723063383e-05,0.21229823329971442,0.7876091612458243
0.7016388452473532,0.2982376064452587,6.177415369409434e-05,6.177415369409434e-05
0.10793425894437952,0.09215680529551595,0.6670957748382039,0.13281316092190074
0.11143652610548124,0.09878161320009596,0.6586894690429224,0.1310923916515005

0.1270764960074254,0.07653688720632604,0.253424129795327,0.5429624869909216
0.08488862143042894,0.12602839771622162,0.45553845009177846,0.333544530761571
0.00011298330701650856,0.9033374137631827,0.025936296186458502,0.07061330674334236
0.7639889076004759,0.00011067995436562936,0.012930676903496996,0.22296973554166155

Transition Gammas
1.0,1.0,4585.004944573938,17009.995055426087
11358.129626864164,4827.870373135852,1.0,1.0
494.8236977567759,422.49209487117196,3058.2949407515316,608.8808135701092
1095.4412575025299,971.0411690293988,6475.036915535734,1288.6619798593163

767.2780700050824,462.123814748835,1530.1553262116545,3278.365568713909
117.35594035338234,174.2304313109696,629.7680687565014,461.1151812534981
1.4288879443771507,11424.412812084223,328.01359706359625,893.0390283533202
14231.235695682142,2.061695532087898,240.86673103192638,4153.378181187777


Model Num 3
Model States: 
"['diamond', 'x', 'square']","['diamond', 'x', 'diamond']","['square', 'y', 'diamond', 'x', 'diamond']","['square', 'y', 'diamond', 'x', 'square']","['square', 'y', 'square', 'y', 'diamond', 'x', 'square']"
Iteration: ,0
Error:,0.3318449633195774
Absolute Error:,1
Transition Probabilities
0.2,0.2,0.2,0.2,0.2
0.2,0.2,0.2,0.2,0.2
0.2,0.2,0.2,0.2,0.2
0.2,0.2,0.2,0.2,0.2
0.2,0.2,0.2,0.2,0.2

0.2,0.2,0.2,0.2,0.2
0.2,0.2,0.2,0.2,0.2
0.2,0.2,0.2,0.2,0.2
0.2,0.2,0.2,0.2,0.2
0.2,0.2,0.2,0.2,0.2

Transition Gammas
1.0,1.0,1.0,1.0,1.0
1.0,1.0,1.0,1.0,1.0
1.0,1.0,1.0,1.0,1.0
1.0,1.0,1.0,1.0,1.0
1.0,1.0,1.0,1.0,1.0

1.0,1.0,1.0,1.0,1.0
1.0,1.0,1.0,1.0,1.0
1.0,1.0,1.0,1.0,1.0
1.0,1.0,1.0,1.0,1.0
1.0,1.0,1.0,1.0,1.0

Iteration: ,10000
Error:,0.05747809598694445
Absolute Error:,1
Transition Probabilities
0.0005534034311012735,0.0005534034311012735,0.16336313887890602,0.6659688366128657,0.16956121764602577
0.7031067295420907,0.2947082740995698,0.0007283321194464677,0.0007283321194464677,0.0007283321194464677
0.08372235717707344,0.1126337405727736,0.5908598437824708,0.09355156374168934,0.11923249472599297
0.10445715956457262,0.07475793527157708,0.5624208371711251,0.11791188527129275,0.1404521827214324
0.17061879335817026,0.13220570453891742,0.27662902959513375,0.2281023169584951,0.19244415554928343

0.11379829440602986,0.08163266844409528,0.10589917513046775,0.6124913163067611,0.0861785457126459
0.11975207455462852,0.1121160425640774,0.13861197130386893,0.5314518721049223,0.09806803947250285
0.001869418041137554,0.9952441723191071,0.0009621365465851119,0.0009621365465851119,0.0009621365465851119
0.996208973573703,0.0016669507429121562,0.0007080252277949491,0.0007080252277949491,0.0007080252277949491
0.0014492753623188406,0.0014492753623188406,0.2805722511623244,0.5430729968820824,0.17345620123095537

Transition Gammas
1.0,1.0,295.19719195418276,1203.4056877594467,306.39712028636814
965.3655396612904,404.6344603387093,1.0,1.0,1.0
33.14046285053516,44.58467751062068,233.8845842733648,37.031233081907615,47.19671298415685
94.63505180742766,67.72844587132984,509.536400234626,106.82462952156295,127.24546257733994
1.5042308931966033,1.1655685819251458,2.4388516885034672,2.011024373255311,1.696650399963121

94.85240516945073,68.04192437802018,88.26838327423562,510.5197296702256,71.83097407140743
29.146744654682482,27.28819251325757,33.73710016049063,129.35134585437908,23.86901534625552
1.9429862089457413,1034.4105271247656,1.0,1.0,1.0
1407.0246856545834,2.354366309945839,1.0,1.0,1.0
1.0,1.0,193.59485330200386,374.7203678486369,119.6847788493592

Iteration: ,20000
Error:,0.06269252652993633
Absolute Error:,1
Transition Probabilities
0.0002783964365256124,0.0002783964365256124,0.16379055716627766,0.6635408642621766,0.17211178569849453
0.7023885912897477,0.29653959734905194,0.00035727045373347606,0.00035727045373347606,0.00035727045373347606
0.07966132300215463,0.09919235392435954,0.6247986475543527,0.09140145105865508,0.10494622446047812
0.10316116954927025,0.08370294326450886,0.5810010357291635,0.10411747744819506,0.1280173740088623
0.17061879335817026,0.13220570453891742,0.27662902959513375,0.2281023169584951,0.19244415554928343

0.11166707633336556,0.09044937791173978,0.10386247066041296,0.613959070331653,0.08006200476282872
0.11621586247744099,0.11727020266205458,0.12165686772060033,0.5495529830836416,0.09530408405626248
0.0009579801868797656,0.9976300536279218,0.0004706553950661248,0.0004706553950661248,0.0004706553950661248
0.9980448238616016,0.0008932343831077325,0.000353980585096864,0.000353980585096864,0.000353980585096864
0.0007352941176470594,0.0007352941176470594,0.25135278785838155,0.5916949001865222,0.15548172371980232

Transition Gammas
1.0,1.0,588.3356813412695,2383.438784429739,618.2255342289925
1965.9856670200047,830.0143329799968,1.0,1.0,1.0
64.74254388089999,80.61585076140291,507.7878741095042,74.28400926485811,85.29215039629095
193.39709334233746,156.918596428118,1089.207422035306,195.18989162875127,239.99522435433656
1.5042308931966033,1.1655685819251458,2.4388516885034672,2.011024373255311,1.696650399963121

186.53960325070148,151.09548511468742,173.50202679070287,1025.617264751614,133.7434013166817
61.82429322441159,62.385179108165055,64.71878883299463,292.35014949106704,50.69968515977821
2.0354174135094616,2119.66135751564,1.0,1.0,1.0
2819.4902937642596,2.5233993634518286,1.0,1.0,1.0
1.0,1.0,341.83979148739866,804.7050642536695,211.455144258931

Iteration: ,30000
Error:,0.06504916419974037
Absolute Error:,1
Transition Probabilities
0.00018392495861688398,0.00018392495861688398,0.1633556357457014,0.6618734084107806,0.17440310592628439
0.7068105068663749,0.2924812778361746,0.00023607176581680835,0.00023607176581680835,0.00023607176581680835
0.08720133845466489,0.10142318656301776,0.622824288502956,0.09033763648324224,0.09821354999611906
0.10590576412663356,0.08323015752333499,0.5872964002543084,0.10071282476323312,0.12285485333249001
0.17061879335817026,0.13220570453891742,0.27662902959513375,0.2281023169584951,0.19244415554928343

0.10750358443277015,0.09343999118032625,0.10685351177848887,0.6100739693705272,0.08212894323788764
0.11740626249143563,0.10972588533875019,0.12412755976527616,0.5526868236414897,0.0960534687630484
0.0006466286392742016,0.9984207591044298,0.00031087075209864956,0.00031087075209864956,0.00031087075209864956
0.9986668517699252,0.0006220950046623635,0.0002370177418041332,0.0002370177418041332,0.0002370177418041332
0.0004885197850512951,0.0004885197850512951,0.24237715032845172,0.6116003869337958,0.14504542316764982

Transition Gammas
1.0,1.0,888.1645915493801,3598.6057215294204,948.2296869212099
2994.0493070859634,1238.9506929140355,1.0,1.0,1.0
107.94526334697113,125.55028141828087,770.9850907425487,111.82764087269426,121.57711918703747
302.6857553493604,237.87735545417192,1678.5323819804282,287.84398741862884,351.127385614395
1.5042308931966033,1.1655685819251458,2.4388516885034672,2.011024373255311,1.696650399963121

267.09588657382,232.1544664528546,265.48076152614084,1515.7471128465852,204.0518278831243
91.67687242823165,85.6796373448066,96.92520841687661,431.56641177843056,75.00350846038967
2.080056212779403,3211.6908791329392,1.0,1.0,1.0
4213.468764693589,2.6246769542528616,1.0,1.0,1.0
1.0,1.0,496.14602672234014,1251.9459920534787,296.90798122417885

Iteration: ,40000
Error:,0.06867641804248974
Absolute Error:,1
Transition Probabilities
0.000137950062077528,0.000137950062077528,0.16203775379567176,0.665847698969399,0.17183864711077423
0.7044860107686804,0.2949884110953701,0.0001751927119831818,0.0001751927119831818,0.0001751927119831818
0.08953773521839713,0.10490146118870985,0.6235417047081788,0.08630887850588305,0.09571022037883115
0.10371834069984719,0.0839813954584903,0.5951593600282332,0.0972987138076936,0.11984219000573558
0.17061879335817026,0.13220570453891742,0.27662902959513375,0.2281023169584951,0.19244415554928343

0.1103642650816316,0.09280032752737372,0.10493315180481745,0.6086760700301527,0.08322618555602465
0.11828248825628468,0.11264144648660566,0.1317038043159444,0.5496097277202627,0.08776253322090262
0.0004897489286282711,0.9988143953194685,0.00023195191730105723,0.00023195191730105723,0.00023195191730105723
0.9989896326997099,0.0004789285377521177,0.00017714625417932742,0.00017714625417932742,0.00017714625417932742
0.00037355248412402,0.00037355248412402,0.23977164922578986,0.6254169788536914,0.13406426695227072

Transition Gammas
1.0,1.0,1174.611677264824,4826.729969829171,1245.6583529060017
4021.2061494676213,1683.7938505323698,1.0,1.0,1.0
147.97379150291377,173.36452511811737,1030.4909989157443,142.63764838063193,158.17469763435705
397.27346505057864,321.6748334812738,2279.6452355513766,372.6842997923507,459.032816776431
1.5042308931966033,1.1655685819251458,2.4388516885034672,2.011024373255311,1.696650399963121

370.9169195111454,311.88729060642004,352.6638028464174,2045.664443184971,279.7101067657223
122.30510086906793,116.47221560584673,136.18285605219924,568.3011422772983,90.74720726918004
2.1114243603885003,4306.126920361162,1.0,1.0,1.0
5639.349459167338,2.703576996142928,1.0,1.0,1.0
1.0,1.0,641.8687049774385,1674.2412523913292,358.89004263122814

Iteration: ,50000
Error:,0.06954055934614758
Absolute Error:,1
Transition Probabilities
0.0001111975981318804,0.0001111975981318804,0.15873106963316272,0.6684174505001813,0.1726290846703922
0.7072461316226888,0.2923307968782278,0.00014102383302778184,0.00014102383302778184,0.00014102383302778184
0.0864244996883813,0.09906718101935319,0.6358879657905528,0.08306589454476382,0.09555445895694872
0.10399178264496503,0.0855507428676863,0.5994514001205967,0.09220576642442312,0.11880030794232882
0.17061879335817026,0.13220570453891742,0.27662902959513375,0.2281023169584951,0.19244415554928343

0.10860194805538818,0.09200710697027996,0.10174270099953699,0.6127312309925951,0.08491701298219986
0.11720580698018439,0.11501532521421715,0.13258805566509366,0.5533604805360313,0.08183033160447359
0.0003959959486874188,0.9990482109059878,0.00018526438177493196,0.00018526438177493196,0.00018526438177493196
0.9991839190479095,0.00039153053417069315,0.00014151680597330283,0.00014151680597330283,0.00014151680597330283
0.0002976190476190479,0.0002976190476190479,0.23500439038326945,0.6353442789185415,0.129056092602951

Transition Gammas
1.0,1.0,1427.4685092110317,6011.078132348128,1552.4533584408364
5015.082319336481,2072.9176806635114,1.0,1.0,1.0
182.44156810495102,209.13018782957047,1342.35544360915,175.351574049373,201.71485394053803
502.77766207675876,413.61924369346144,2898.21720347118,445.7948358394808,574.3736626303044
1.5042308931966033,1.1655685819251458,2.4388516885034672,2.011024373255311,1.696650399963121

461.65973111036897,391.116154219252,432.5015234711392,2604.680122300369,360.97663146948577
153.75265766828025,150.87914481282667,173.93136448456508,725.9080989510682,107.3464812557591
2.1374640116657373,5392.554150639055,1.0,1.0,1.0
7060.531872351653,2.766671643540029,1.0,1.0,1.0
1.0,1.0,789.6147516877846,2134.7567771662975,433.62847114591494

Iteration: ,60000
Error:,0.06974145838418735
Absolute Error:,1
Transition Probabilities
9.234463015975627e-05,9.234463015975627e-05,0.15673783423117743,0.6708098638709453,0.17226761263755772
0.7073729841102425,0.2922734924393687,0.00011784115012962542,0.00011784115012962542,0.00011784115012962542
0.08814777706080548,0.10165184782432174,0.6303455370032821,0.08578473025309412,0.09407010785849658
0.10440677600960648,0.0860962879509933,0.5978694089934977,0.09348805900206691,0.11813946804383556
0.17061879335817026,0.13220570453891742,0.27662902959513375,0.2281023169584951,0.19244415554928343

0.10959609090061413,0.09314702955890722,0.10078830118326997,0.6121173128897559,0.08435126546745275
0.11767300578158041,0.11939144788269235,0.12925616676633336,0.55124854784251,0.08243083172688383
0.0003355232638725387,0.9991976139461104,0.0001556209300056911,0.0001556209300056911,0.0001556209300056911
0.9993204095740816,0.0003291422499999434,0.0001168160586395032,0.0001168160586395032,0.0001168160586395032
0.0002475860361475615,0.0002475860361475615,0.2288883448712241,0.6421776585623484,0.12843882449413244

Transition Gammas
1.0,1.0,1697.3140068894193,7264.2000158584615,1865.4859772521113
6002.76714315951,2480.2328568404796,1.0,1.0,1.0
221.53760135308204,255.47673793945324,1584.2173557592773,215.59866858448467,236.42191271166485
609.200860402186,502.3613859348895,3488.4954050632987,545.4914724706109,689.3294509270083
1.5042308931966033,1.1655685819251458,2.4388516885034672,2.011024373255311,1.696650399963121

561.9752711742841,477.6295100061148,516.8116163926625,3138.750571073216,432.52751896007777
184.40083458035878,187.09373900239123,202.55235997465135,863.8403651560438,129.1741811525123
2.1560291656158883,6420.714835141838,1.0,1.0,1.0
8554.649259807724,2.8176113270152636,1.0,1.0,1.0
1.0,1.0,924.4800249348732,2593.755562933323,518.7644121318004

Iteration: ,70000
Error:,0.06966796692288815
Absolute Error:,1
Transition Probabilities
7.952286282306173e-05,7.952286282306173e-05,0.15728667661851756,0.6700994110483163,0.17245486660752019
0.7069033009821104,0.2927946146356522,0.00010069479407914628,0.00010069479407914628,0.00010069479407914628
0.08763065201765068,0.10049090125397285,0.6328276664296499,0.08622398596618723,0.09282679433253929
0.10506730301791337,0.08617676221685185,0.601576517301189,0.09125914349668444,0.11592027396736142
0.17061879335817026,0.13220570453891742,0.27662902959513375,0.2281023169584951,0.19244415554928343

0.10875733117600109,0.09261313589062682,0.10083883696805043,0.6117750842112007,0.08601561175412104
0.1143292326682098,0.1175814374140898,0.12593031222795156,0.5603129461103806,0.08184607157936809
0.000288205332389955,0.9993137943082105,0.00013266678646652372,0.00013266678646652372,0.00013266678646652372
0.999411697767821,0.00028710030900327684,0.00010040064105856578,0.00010040064105856578,0.00010040064105856578
0.00021258503401360535,0.00021258503401360535,0.22582387419928793,0.6483888710764668,0.12536208465621795

Transition Gammas
1.0,1.0,1977.879958477856,8426.500093932567,2168.6199475895637
7020.256682053327,2907.743317946657,1.0,1.0,1.0
258.5697200549094,296.5161573837382,1867.2698283559225,254.41910336128504,273.90185593192643
719.2743967914294,589.9526958486458,4118.299168028791,624.7458867302313,793.572146032487
1.5042308931966033,1.1655685819251458,2.4388516885034672,2.011024373255311,1.696650399963121

653.4244657946637,556.4285937374593,605.849393918773,3675.603320389308,516.7900366135514
209.50469835689364,215.4642605649054,230.76330927429058,1026.7557301025993,149.98033431829498
2.172400041231713,7532.509235537795,1.0,1.0,1.0
9954.236220313009,2.8595465723750233,1.0,1.0,1.0
1.0,1.0,1062.2755042334509,3050.021249543701,589.7032462228494

Iteration: ,80000
Error:,0.07126698852490039
Absolute Error:,1
Transition Probabilities
6.938662225922879e-05,6.938662225922879e-05,0.15572166240603322,0.671732388738228,0.17240717561122038
0.7071727186767649,0.29256238066098356,8.830022075055198e-05,8.830022075055198e-05,8.830022075055198e-05
0.08689958118653965,0.09959235756334045,0.6370787305814188,0.08551804310095695,0.09091128756774404
0.10590687267072481,0.0857888080836723,0.601317308894156,0.09163988440909064,0.11534712594235617
0.17061879335817026,0.13220570453891742,0.27662902959513375,0.2281023169584951,0.19244415554928343

0.10801857461656826,0.0917399644629663,0.09915164045258744,0.6153987988559447,0.08569102161193325
0.11650677789691594,0.1194581317497315,0.12738723917329958,0.5534059556810219,0.08324189549903122
0.00025398598121471715,0.9993975979804016,0.00011613867946119874,0.00011613867946119874,0.00011613867946119874
