0,1,2,3,4,5,6,7,8,9,10,11,12,13,14,15,16,17,18,19,20,21,22,23,24,25,26,27,28,29
github Code Version (SHA):,3fc5bf639a8736e2c83a190891e489c261aeccbf
Environment Observations,Environment Actions,alpha,epsilon,numActions,explore,gainThresh,insertRandActions,useBudd,revisedSplitting,haveControl,confidence_factor
"['rose', 'volcano', 'nothing']","['b', 'f', 't']",0.99,0.99,50000,0.5,0.0275,False,True,False,False,250

Model Num 0
Model States: 
['rose'],['volcano'],['nothing']
Iteration: ,0
Error:,0.7887095224942459
Transition Probabilities
0.3333333333333333,0.3333333333333333,0.3333333333333333
0.3333333333333333,0.3333333333333333,0.3333333333333333
0.3333333333333333,0.3333333333333333,0.3333333333333333

0.3333333333333333,0.3333333333333333,0.3333333333333333
0.3333333333333333,0.3333333333333333,0.3333333333333333
0.3333333333333333,0.3333333333333333,0.3333333333333333

0.3333333333333333,0.3333333333333333,0.3333333333333333
0.3333333333333333,0.3333333333333333,0.3333333333333333
0.3333333333333333,0.3333333333333333,0.3333333333333333

Transition Gammas
1.0,1.0,1.0
1.0,1.0,1.0
1.0,1.0,1.0

1.0,1.0,1.0
1.0,1.0,1.0
1.0,1.0,1.0

1.0,1.0,1.0
1.0,1.0,1.0
1.0,1.0,1.0

Iteration: ,2500
Error:,0.24444881266407636
Transition Probabilities
0.009009009009009009,0.018018018018018018,0.972972972972973
0.024630541871921183,0.029556650246305417,0.9458128078817734
0.505938242280285,0.47743467933491684,0.0166270783847981

0.02358490566037736,0.014150943396226415,0.9622641509433962
0.019230769230769232,0.019230769230769232,0.9615384615384616
0.51,0.4675,0.0225

0.9528301886792453,0.02358490566037736,0.02358490566037736
0.020618556701030927,0.9639175257731959,0.015463917525773196
0.01545253863134658,0.01545253863134658,0.9690949227373068

Transition Gammas
2.0,4.0,216.0
5.0,6.0,192.0
213.0,201.0,7.0

5.0,3.0,204.0
4.0,4.0,200.0
204.0,187.0,9.0

202.0,5.0,5.0
4.0,187.0,3.0
7.0,7.0,439.0

Iteration: ,5000
Error:,0.24640583636678678
Transition Probabilities
0.013157894736842105,0.021929824561403508,0.9649122807017544
0.018691588785046728,0.028037383177570093,0.9532710280373832
0.49095295536791317,0.49939686369119424,0.009650180940892641

0.022167487684729065,0.007389162561576354,0.9704433497536946
0.02736318407960199,0.01990049751243781,0.9527363184079602
0.5123456790123457,0.4679012345679012,0.019753086419753086

0.9616306954436451,0.016786570743405275,0.02158273381294964
0.023316062176165803,0.961139896373057,0.015544041450777202
0.014590347923681257,0.012345679012345678,0.9730639730639731

Transition Gammas
6.0,10.0,440.0
8.0,12.0,408.0
407.0,414.0,8.0

9.0,3.0,394.0
11.0,8.0,383.0
415.0,379.0,16.0

401.0,7.0,9.0
9.0,371.0,6.0
13.0,11.0,867.0

Iteration: ,7500
Error:,0.24129331234430207
Transition Probabilities
0.010479041916167664,0.019461077844311378,0.9700598802395209
0.016717325227963525,0.0243161094224924,0.958966565349544
0.49477071600965405,0.49477071600965405,0.010458567980691875

0.01824212271973466,0.008291873963515755,0.9734660033167496
0.019704433497536946,0.019704433497536946,0.9605911330049262
0.49634443541835904,0.48578391551584077,0.017871649065800164

0.9648562300319489,0.01437699680511182,0.020766773162939296
0.015817223198594025,0.9701230228471002,0.014059753954305799
0.012898330804248861,0.011380880121396054,0.9757207890743551

Transition Gammas
7.0,13.0,648.0
11.0,16.0,631.0
615.0,615.0,13.0

11.0,5.0,587.0
12.0,12.0,585.0
611.0,598.0,22.0

604.0,9.0,13.0
9.0,552.0,8.0
17.0,15.0,1286.0

Iteration: ,9528
Error:,0.23931439547370678
Transition Probabilities
0.010676156583629894,0.020166073546856466,0.9691577698695136
0.01566265060240964,0.021686746987951807,0.9626506024096385
0.48721227621483376,0.5006393861892583,0.012148337595907928

0.01456953642384106,0.010596026490066225,0.9748344370860927
0.0195822454308094,0.0195822454308094,0.9608355091383812
0.5054452274183215,0.4791800128122998,0.015374759769378604

0.9614906832298137,0.014906832298136646,0.02360248447204969
0.014666666666666666,0.9693333333333334,0.016
0.011316259678379988,0.01072066706372841,0.9779630732578916


Model Num 1
Model States: 
['rose'],['volcano'],"['nothing', 'b', 'volcano']","['nothing', 'b', 'rose']"
Iteration: ,0
Error:,0.7487014264529136
Transition Probabilities
0.25,0.25,0.25,0.25
0.25,0.25,0.25,0.25
0.25,0.25,0.25,0.25
0.25,0.25,0.25,0.25

0.25,0.25,0.25,0.25
0.25,0.25,0.25,0.25
0.25,0.25,0.25,0.25
0.25,0.25,0.25,0.25

0.25,0.25,0.25,0.25
0.25,0.25,0.25,0.25
0.25,0.25,0.25,0.25
0.25,0.25,0.25,0.25

Transition Gammas
1.0,1.0,1.0,1.0
1.0,1.0,1.0,1.0
1.0,1.0,1.0,1.0
1.0,1.0,1.0,1.0

1.0,1.0,1.0,1.0
1.0,1.0,1.0,1.0
1.0,1.0,1.0,1.0
1.0,1.0,1.0,1.0

1.0,1.0,1.0,1.0
1.0,1.0,1.0,1.0
1.0,1.0,1.0,1.0
1.0,1.0,1.0,1.0

Iteration: ,2500
Error:,0.04754746355488685
Transition Probabilities
0.016806722689075633,0.012605042016806725,0.9608031642380752,0.009785071056042488
0.014018691588785041,0.03738317757009344,0.015764214898261623,0.9328339159428598
0.0028934984814427646,0.9808959852090972,0.004810626837307807,0.011399889472152345
0.9773585588270659,0.0025060475867360664,0.011922243721310694,0.008213149864887359

0.019455252918287938,0.011673151750972763,0.028830241808342594,0.9400413535223968
0.013043478260869561,0.0217391304347826,0.9472515655825726,0.017965825721775186
0.9513138207157,0.010782230317876638,0.015372695787367417,0.022531253179055855
0.011670852773057664,0.965968154752524,0.011180496237209174,0.011180496237209174

0.9518072289156626,0.020080321285140562,0.008835341365461848,0.019277108433734938
0.017316017316017316,0.935064935064935,0.031105362960036822,0.0165136846590108
0.009902911336391823,0.01949839341128924,0.01103154087922319,0.9595671543730958
0.012853312619967928,0.025003613805691726,0.9210877695321834,0.04105530404215704

Transition Gammas
4.0,3.0,228.67115308866187,2.3288469113381116
3.0,8.0,3.373541988227989,199.6264580117721
1.0,339.0,1.662564147920036,3.9398290841570094
390.0,1.0,4.757389198997013,3.2773319662234957

5.0,3.0,7.409372144744046,241.59062785525597
3.0,5.0,217.8678600839918,4.1321399160082946
92.33878623484881,1.0465716346980911,1.4921428021461458,2.186984489869885
1.0438582085665,86.39761011123461,1.0,1.0

237.0,5.0,2.2,4.8
4.0,216.0,7.1853388437685055,3.814661156231495
1.0,1.9689556685855965,1.1139694686232129,96.89748012251911
1.0,1.9453050388619673,71.66150834153459,3.19414187268554

Iteration: ,5000
Error:,0.033924130454881365
Transition Probabilities
0.013100436681222708,0.01091703056768559,0.9665064035755803,0.009476129175511478
0.008733624454148475,0.024017467248908304,0.01615601942506124,0.951092888871882
0.0013624699815816587,0.986428266665121,0.0041278231994298685,0.008081440153867529
0.9801014788334491,0.0012998693353228768,0.012582623345649134,0.006016028485578835

0.018181818181818184,0.008080808080808083,0.017093843695979938,0.9566435300413938
0.011086474501108645,0.01995565410199556,0.9530919956986722,0.01586587569822352
0.9685259110078627,0.0058547399010751905,0.009935807266923705,0.01568354182413834
0.013284397622999147,0.9682206248478973,0.012263748835485498,0.006231228693618012

0.9619450317124736,0.021141649048625793,0.005018184244769945,0.01189513499413069
0.013422818791946308,0.9485458612975392,0.022019331494110526,0.01601198841640402
0.00535163094079211,0.010537124077050692,0.009703720024965145,0.9744075249571921
0.009893098187813287,0.019588471115395748,0.9451195647212067,0.025398865975584124

Transition Gammas
6.0,5.0,442.6599328376157,4.340067162384257
4.0,11.0,7.399456896678046,435.60054310332185
1.0,724.0,3.0296617578597784,5.931462904221918
754.0,1.0,9.679913975756428,4.6281794039587085

9.0,4.0,8.461452629510068,473.5385473704899
5.0,9.0,429.8444900601013,7.155509939898809
176.3151054568226,1.0658249524848893,1.80876204359193,2.855107229688758
2.1319066072161577,155.38197560290848,1.9681108555758766,1.0

455.0,10.0,2.373601147776184,5.626398852223816
6.0,424.0,9.842641177867405,7.157358822132597
1.0,1.9689556685855965,1.8132266840375342,182.0767417891054
1.9746416942989973,3.909817840449603,188.64388719957955,5.069560494717607

Iteration: ,7500
Error:,0.03220552109250075
Transition Probabilities
0.011611030478955009,0.013062409288824385,0.967567449500824,0.007759110731396632
0.010510510510510516,0.022522522522522535,0.01563630098168884,0.9513306659852782
0.0009009790210357136,0.9802651748868564,0.007934446836714808,0.010899399255393127
0.9810761156281611,0.0008767436243325837,0.012297090520725066,0.005750050226781148

0.014025245441795222,0.012622720897615701,0.017509964487177513,0.9558420691734115
0.011428571428571423,0.02142857142857142,0.9525982244159229,0.01454463272693417
0.9664353920446853,0.0055596104512774264,0.00878161057246205,0.01922338693157506
0.008809294430615955,0.9713049410541068,0.009951218725696084,0.009934545789581199

0.9633286318758815,0.015514809590973202,0.008914866747420947,0.012241691785724328
0.013177159590043924,0.9472913616398243,0.021521927378224684,0.018009551391907092
0.006601278111034007,0.006556947094320099,0.008293781334597792,0.9785479934600482
0.0105143417020917,0.01742309649914258,0.9532058509062746,0.01885671089249114

Transition Gammas
8.0,9.0,666.6539727060676,5.346027293932279
7.0,15.0,10.413776453804761,633.5862235461949
1.0,1088.0,8.806472350037435,12.097284177453773
1119.0,1.0,14.025868200736742,6.558416927363849

10.0,9.0,12.484604679357574,681.5153953206428
8.0,15.0,666.8187570911464,10.181242908853923
252.26879332277423,1.4512260534262307,2.2922652882760812,5.017883931739331
2.170957039352253,239.36778543927025,2.452372152257978,2.448263284253807

683.0,11.0,6.320640523921451,8.679359476078549
9.0,647.0,14.699476399327459,12.300523600672543
1.9822676269402129,1.9689556685855965,2.4905016828504745,293.84370363079887
2.9582445300187796,4.902045356232266,268.1875931295266,5.30539746875072

Iteration: ,10000
Error:,0.029147846245221733
Transition Probabilities
0.014008620689655171,0.011853448275862068,0.967294334662044,0.0068435963724388085
0.007751937984496126,0.018826135105204877,0.011550880588217157,0.9618710463220819
0.0006759305438609054,0.9828030107737563,0.007247033212011607,0.009274025470371096
0.9796148137712501,0.0006596732752668351,0.013942552057232783,0.005782960896250242

0.0138004246284501,0.009554140127388531,0.021786319972559923,0.9548591152716015
0.009846827133479213,0.018599562363238516,0.9582094606598612,0.01334414984342108
0.9670811549760967,0.007098334136994423,0.006978981858745283,0.0188415290281636
0.008421134251309829,0.9736614289657751,0.008953581115354154,0.008963855667560729

0.9661375661375662,0.013756613756613757,0.008470989132848326,0.01163483097297178
0.01553829078801332,0.9522752497225305,0.016967403533624515,0.015219055955831645
0.006391919472735489,0.007391365691197445,0.007972462432927596,0.9782442524031395
0.011992350950539639,0.012836631780127335,0.9573855695553833,0.017785447713949586

Transition Gammas
13.0,11.0,897.6491425663769,6.350857433623215
7.0,17.0,10.43044517116009,868.5695548288397
1.0,1454.0,10.72156492679952,13.720382300521589
1485.0,1.0,21.13554175980993,8.76640166135434

13.0,9.0,20.522713414151458,899.477286585849
9.0,17.0,875.803447043113,12.196552956886867
339.2491554758374,2.4900742288998345,2.448205809282932,6.609551616002658
2.762097402377307,319.3569445022256,2.93673778408741,2.9401077949569028

913.0,13.0,8.005084730541668,10.994915269458332
14.0,858.0,15.28763058379569,13.712369416204313
2.5337820069528503,2.9299664169814412,3.160315449815027,387.77986733355226
4.579631892098824,4.902045356232266,365.60583537406694,6.791896259706649

Iteration: ,12500
Error:,0.028115827990551828
Transition Probabilities
0.011187607573149747,0.01462994836488813,0.9678533707554233,0.00632907330653877
0.007233273056057866,0.0189873417721519,0.010342552324537764,0.9634368328472526
0.0005516807273831785,0.9825433754694409,0.006713979001452795,0.010190964801723166
0.9814962723458204,0.0005271193729032333,0.011771425489154323,0.00620518279212203

0.010833333333333328,0.010833333333333328,0.02213325163911394,0.9562000816942194
0.012367491166077747,0.01943462897526503,0.9556434139020344,0.012554465956622761
0.9723838382293363,0.006908798515370262,0.006304264045685678,0.01440309920960783
0.010035463148216928,0.9715553702742933,0.010166977013956639,0.008242189563533099

0.9690117252931323,0.01340033500837521,0.0069625029159642885,0.010625436782528174
0.014084507042253521,0.9533450704225352,0.017069836645401487,0.015500585889809782
0.005145872016637426,0.011949683566368444,0.007541411121323301,0.9753630332956709
0.01171187703643197,0.010311800007473481,0.9614514255102706,0.016524897445823986

Transition Gammas
13.0,17.0,1124.6456168178015,7.354383182198048
8.0,21.0,11.438862870938767,1065.5611371290613
1.0,1781.0,12.170044498925364,18.47257715538225
1862.0,1.0,22.331612333503212,11.771873907698618

13.0,13.0,26.559901966936735,1147.4400980330638
14.0,22.0,1081.7883445371024,14.211655462896957
446.22487673044174,3.170432955251832,2.8930133719466187,6.609551616002658
4.073325070195943,394.347603929464,4.126705638534847,3.345447727383853

1157.0,16.0,8.31322848166136,12.68677151833864
16.0,1083.0,19.39133442917609,17.608665570823913
2.5337820069528503,5.8839188210183355,3.7133243392884507,480.2601572719321
5.56761694346236,4.902045356232266,457.0568176506244,7.855640792859337

Iteration: ,15000
Error:,0.027982445770183027
Transition Probabilities
0.010838150289017339,0.015173410404624275,0.9679500766148651,0.006038362691493235
0.009097801364670205,0.017437452615617893,0.01095391955284784,0.9625108264668641
0.000454223491843189,0.982939636348661,0.006497554985259121,0.01010858517423668
0.9816089788667022,0.000442764537152324,0.01219336775442031,0.005754888841725191

0.012456747404844282,0.011764705882352934,0.022562500370501105,0.9532160463423017
0.012247838616714706,0.01729106628242076,0.9580487277275052,0.012412367373359504
0.9726050076228686,0.006530817069427795,0.005902703591698006,0.01496147171600558
0.009380751270233077,0.9711781579030432,0.010569726106241914,0.00887136472048176

0.9694819020581973,0.0127750177430802,0.007812403727726953,0.009930676470995546
0.013284132841328414,0.955719557195572,0.017059281024269395,0.013937028938830238
0.005020632794671021,0.011027690112515143,0.007318946659835455,0.9766327304329784
0.013170481080163296,0.008546637206148186,0.9635727269860166,0.014710154727672096

Transition Gammas
15.0,21.0,1339.6429060349735,8.357093965026639
12.0,23.0,14.4482198902063,1269.5517801097938
1.0,2164.0,14.304753281017582,22.254650751807556
2217.0,1.0,27.539169764685635,12.997628217332457

18.0,17.0,32.60281303537412,1377.3971869646268
17.0,24.0,1329.7716340857762,17.22836591422298
544.1962330735795,3.65415150057847,3.3027066839835735,8.37130848111387
4.543068511485975,470.3385455078423,5.118885307264501,4.296374198025919

1366.0,18.0,11.007676852367277,13.992323147632723
18.0,1295.0,23.11532578788503,18.884674212114973
2.9416260752999124,6.461205611319194,4.288225253428817,572.2163765655852
7.554116790158741,4.902045356232266,552.6708455947961,8.437218514478364

Iteration: ,17500
Error:,0.026951046775829768
Transition Probabilities
0.01173563928350834,0.014206300185299567,0.9676588875848502,0.006399172946341969
0.008905852417302797,0.017811704834605594,0.009834500751089045,0.9634479419970026
0.00038914520854792294,0.9833699420006012,0.00666240705480824,0.009578505736042534
0.9816366739060786,0.00038121812578876835,0.012384361532742326,0.005597746435390307

0.01264298615291993,0.01264298615291993,0.020251513424180138,0.9544625142699801
0.012422360248447215,0.016149068322981377,0.959477887142971,0.011950684285600331
0.973113871791939,0.005690622254472713,0.005334155472827787,0.015861350480760643
0.008459523716392005,0.9738826560024664,0.008695187194568884,0.008962633086572682

0.9689024390243902,0.01402439024390244,0.006925572061463135,0.01014759867024418
0.013232514177693762,0.9558916194076874,0.017135678470728576,0.013740187943890203
0.005796833639305788,0.009543711310943188,0.007145992409609295,0.9775134626401418
0.011418394002664764,0.008900376350032243,0.9650836557365895,0.014597573910713561

Transition Gammas
19.0,23.0,1566.6397389998724,10.360261000127649
14.0,28.0,15.459835180711982,1514.5401648192885
1.0,2527.0,17.120619523156147,24.614219899518428
2575.0,1.0,32.486287232849094,14.683841236059164

21.0,21.0,33.6377637975632,1585.3622362024366
20.0,26.0,1544.7593983001823,19.24060169981652
627.1713821531581,3.6676030710332506,3.4378604164308126,10.22263210112911
4.980149442365358,573.3279235120509,5.118885307264501,5.276331583742781

1589.0,23.0,11.357938180799541,16.642061819200457
21.0,1517.0,27.19432173304625,21.805678266953752
3.924525042497839,6.461205611319194,4.837921511987654,661.7881937300918
7.554116790158741,5.888260854268955,638.4746091268321,9.657380726989265

Iteration: ,20000
Error:,0.026213324356414547
Transition Probabilities
0.010253642741500271,0.014570966001079332,0.9679627535161643,0.007212637741256098
0.010514665190924187,0.017155506364139463,0.011881837602268365,0.9604479908426681
0.00034003643945160444,0.9830453464545884,0.006785125815108668,0.009829491290851335
0.9810984775658032,0.00033587760272708086,0.013029852661637231,0.005535792169832668

0.012240553485896756,0.012772751463544441,0.018984570764287546,0.9560021242862713
0.011375947995666318,0.015167930660888422,0.9614018777510384,0.012054243592406958
0.9753902545839561,0.005528786950218871,0.004719811982071042,0.014361146483753978
0.00729527306182855,0.9746001337054303,0.008878554097767706,0.009226039134973291

0.9682203389830508,0.013771186440677966,0.0069914234934139756,0.011017051082857207
0.012770682953914493,0.9572459744586341,0.016690755801758238,0.01329258678569318
0.006524473814702595,0.00843420663910031,0.006331622871765335,0.9787096966744318
0.010035073004285982,0.009875511929167484,0.9671996582635289,0.012889756803017698

Transition Gammas
19.0,27.0,1793.6349822654522,13.365017734547548
19.0,31.0,21.470480547298926,1735.5295194527005
1.0,2891.0,19.95411381807025,28.90717038063303
2921.0,1.0,38.79345498432865,16.48157580287009

23.0,24.0,35.67200846609629,1796.3279915339033
21.0,28.0,1774.747866328415,22.252133671583223
730.1508053591045,4.1387006127953345,3.53312379702077,10.750366452518703
4.980149442365358,665.3149609708702,6.0609830316516895,6.298195182533941

1828.0,26.0,13.199807555565586,20.80019244443441
23.0,1724.0,30.060051198966587,23.939948801033417
4.998213658535451,6.461205611319194,4.850476041000941,749.7616378865359
7.554116790158741,7.434003762969639,728.0803213692398,9.703041347596752

Iteration: ,22500
Error:,0.02596680379979378
Transition Probabilities
0.010096153846153847,0.014423076923076924,0.9685724777299275,0.006908291500841684
0.011159631246967502,0.016011644832605545,0.012365493710244776,0.9604632302101822
0.0003024369281362989,0.9838273272273802,0.006629214827137584,0.00924102101734581
0.9808495253759291,0.0002983118994452339,0.013593323252953784,0.005258839471671934

0.011820330969267137,0.013238770685579193,0.01735309033197146,0.9575878080131821
0.010684798445847502,0.015055852355512388,0.9615041947498179,0.012755154448822388
0.9749273117101379,0.005367759228392065,0.004455384379074407,0.015249544682395645
0.006407246082096734,0.9768225932687461,0.008688966080794286,0.008081194568362902

0.968809980806142,0.013435700575815739,0.006588920066931797,0.011165398551110428
0.012701514411333659,0.95847581827064,0.016275164792735743,0.012547502525290641
0.008809514551769166,0.008678014131821052,0.006063726547158251,0.9764487447692515
0.009981482764773801,0.009840866599219147,0.9688022703683176,0.011375380267689436

Transition Gammas
21.0,30.0,2014.6307536782492,14.369246321750701
23.0,33.0,25.485282536814463,1979.5147174631838
1.0,3253.0,21.9193299839033,30.55520063072844
3288.0,1.0,45.567485836914585,17.62866141596

25.0,28.0,36.701786052119644,2025.2982139478806
22.0,31.0,1979.7371369898744,26.26286301012529
814.1403223769547,4.482497490996843,3.7205933520624814,12.734558848340718
4.99357936084765,761.3007333347565,6.771870649606894,6.298195182533941

2019.0,28.0,13.731309419485864,23.268690580514132
26.0,1962.0,33.315262330730064,25.684737669269943
7.565655539321573,7.452722315276468,5.207558949003162,838.5791079990325
8.54153779325188,8.421207144917142,829.0412758857015,9.73434937061507

Iteration: ,25000
Error:,0.025890581128853243
Transition Probabilities
0.010394110004330881,0.013858813339107842,0.9686560832742447,0.007090993382316613
0.012227074235807872,0.015720524017467263,0.013319097273515497,0.9587333044732095
0.00027187816202109703,0.9844708246783923,0.0062217411860019415,0.00903555597358457
0.9805495256559476,0.0002701982710542705,0.013539012753964623,0.005641263319033608

0.01200171453064724,0.01328761251607373,0.017027674796943913,0.9576829981563351
0.010376134889753566,0.015131863380890618,0.9605372162644275,0.01395478546492841
0.9740930231557671,0.006483701809316681,0.004093575206363308,0.015329699828552942
0.005693275391189613,0.979426681970095,0.007709656959968914,0.0071703856787465655

0.9687228496959166,0.013900955690703735,0.006399352484572487,0.010976842128807182
0.013175230566534914,0.958717610891524,0.015420675729180792,0.012686482812760363
0.010959175524476675,0.007750140945091369,0.0067603660893247285,0.9745303174411073
0.010014509778091549,0.011970657302016198,0.9677640061582017,0.0102508267616905

Transition Gammas
24.0,32.0,2236.6268962802305,16.373103719769055
28.0,36.0,30.50073275635046,2195.4992672436474
1.0,3621.0,22.884299127780448,33.233842344731734
3629.0,1.0,50.10769573446032,20.878236181979627

28.0,31.0,39.72556530127014,2234.274434698729
24.0,35.0,2221.7225812196207,32.27741878037941
906.1267402208034,6.031308556144304,3.8079504415026837,14.260086669349683
5.000757455475893,860.2912990180429,6.771870649606894,6.298195182533941

2230.0,32.0,14.731309419485864,25.268690580514132
30.0,2183.0,35.112878635344664,28.887121364655346
10.538607306236042,7.452722315276468,6.500930959876205,937.1318399450315
9.520283513354094,11.379893163189319,920.0038660705387,9.744938012948722

Iteration: ,27500
Error:,0.026089996652680646
Transition Probabilities
0.011792452830188684,0.01454402515723271,0.9660463316533682,0.0076171903592105105
0.013438735177865634,0.016205533596837973,0.013642206405745785,0.9567135248195505
0.00024694484077645066,0.9845690801757089,0.006068030245706166,0.009115944737808548
0.9811107306607468,0.00024632456205391586,0.012948491640107605,0.005694453137091614

0.012485368708544681,0.012485368708544681,0.015899542567254704,0.959129720015656
0.01062992125984252,0.015354330708661417,0.9605153561041214,0.01350039192737459
0.9750379355087465,0.006340464335534262,0.00466322843263935,0.013958371723079843
0.006188290531132581,0.9803562596546507,0.006971546038435488,0.00648390377578119

0.9679207920792079,0.013861386138613862,0.006521888720483627,0.011695933061694589
0.013121272365805169,0.9590457256461232,0.015787823594645433,0.012045178393426144
0.010998918272244161,0.007112112048282507,0.006512997378941656,0.9753759723005316
0.009103318945654222,0.010881482351515053,0.9695598574898185,0.010455341213012295

Transition Gammas
30.0,37.0,2457.6218677261677,19.378132273831532
34.0,41.0,34.51478220653678,2420.485217793459
1.0,3987.0,24.572411501398047,36.914902571545724
3983.0,1.0,52.5667904659602,23.117682985447484

32.0,32.0,40.750527599873784,2458.249472400125
27.0,39.0,2439.7090045044683,34.29099549553146
996.1137116923433,6.47751562591926,4.7640256992482755,14.260086669349683
6.0110487383973945,952.2774065196555,6.771870649606894,6.298195182533941

2444.0,35.0,16.46776901922116,29.532230980778838
33.0,2412.0,39.70637634053326,30.293623659466753
11.52567382163944,7.452722315276468,6.8249150991789245,1022.0882664951945
9.520283513354094,11.379893163189319,1013.9691668033612,10.934233236357196

Iteration: ,28514
Error:,0.025740562469678763
Transition Probabilities
0.01172022684310019,0.01512287334593573,0.9658298491062272,0.007327050704736866
0.012967200610221222,0.01563691838291383,0.01354717833003475,0.9578487026768302
0.00023795824736131484,0.9841953110863982,0.00606447796457262,0.009502252701667855
0.9813984499691268,0.0002374542584004662,0.012799267469936924,0.005564828302535844

0.012820512820512825,0.012066365007541482,0.015369256409045866,0.9597438657628998
0.011398176291793313,0.014817629179331307,0.9596131636761057,0.014171030852769521
0.9738942068973463,0.006413565287576025,0.005428503518033286,0.014263724297044419
0.006008912241963247,0.9809256673963054,0.006769463735584891,0.006295956626146418

0.9686184462303865,0.013394565633371604,0.006684947959900941,0.011302040176340926
0.012648524338827136,0.95975469528555,0.015602290663293699,0.011994489712329151
0.010590507437910497,0.007729861301452997,0.0066952859889782045,0.9749843452716582
0.00963280124491788,0.011674014973845522,0.9686585925279589,0.010034591253277755

