0,1,2,3,4,5,6,7,8,9,10,11,12,13,14,15,16,17,18,19,20,21,22,23,24,25,26,27,28,29
github Code Version (SHA):,83e837b3de1a08bfde9277c8a2759251ab95ca79
Environment Observations,Environment Actions,alpha,epsilon,numActions,explore,gainThresh,insertRandActions,useBudd,revisedSplitting,haveControl,confidence_factor
"['square', 'diamond']","['x', 'y']",0.99,0.99,50000,0.5,0.0275,False,True,False,False,250

Model Num 0
Model States: 
['square'],['diamond']
Iteration: ,0
Error:,0.6763359984963454
Transition Probabilities
0.5,0.5
0.5,0.5

0.5,0.5
0.5,0.5

Transition Gammas
1.0,1.0
1.0,1.0

1.0,1.0
1.0,1.0

Iteration: ,2500
Error:,0.2621870048550538
Transition Probabilities
0.9883313885647608,0.011668611435239206
0.9760869565217392,0.02391304347826087

0.2254259501965924,0.7745740498034076
0.3591549295774648,0.6408450704225352

Transition Gammas
847.0,10.0
449.0,11.0

172.0,591.0
153.0,273.0

Iteration: ,2886
Error:,0.2567523818474158
Transition Probabilities
0.9877300613496932,0.012269938650306749
0.9793233082706767,0.020676691729323307

0.2233560090702948,0.7766439909297053
0.352,0.648


Model Num 1
Model States: 
['diamond'],"['square', 'y', 'diamond']","['square', 'y', 'square']"
Iteration: ,0
Error:,0.6177114163784
Transition Probabilities
0.3333333333333333,0.3333333333333333,0.3333333333333333
0.3333333333333333,0.3333333333333333,0.3333333333333333
0.3333333333333333,0.3333333333333333,0.3333333333333333

0.3333333333333333,0.3333333333333333,0.3333333333333333
0.3333333333333333,0.3333333333333333,0.3333333333333333
0.3333333333333333,0.3333333333333333,0.3333333333333333

Transition Gammas
1.0,1.0,1.0
1.0,1.0,1.0
1.0,1.0,1.0

1.0,1.0,1.0
1.0,1.0,1.0
1.0,1.0,1.0

Iteration: ,2500
Error:,0.12716775847611284
Transition Probabilities
0.020120724346076462,0.9655603309372011,0.014318944716722539
0.014067960105266262,0.9762826275431074,0.009649412351626491
0.025137816194262204,0.9301863671924527,0.04467581661328506

0.6555772994129159,0.010486567819496426,0.33393613276758766
0.9969512195121951,0.001524390243902439,0.001524390243902439
0.0021276595744680847,0.04003044613234104,0.9578418942931909

Transition Gammas
10.0,479.8834844757888,7.1165155242111
2.8931216669566693,200.77569183331806,1.9844329767070752
3.908145772261457,144.6149454775709,6.945694982819994

335.0,5.358636155762673,170.64136384423728
654.0,1.0,1.0
1.0,18.81430968220029,450.18569031779975

Iteration: ,5000
Error:,0.12664018096581342
Transition Probabilities
0.016898608349900597,0.96805094123956,0.015050450410539356
0.009191628781102147,0.9860811050328481,0.004727266186049811
0.012733645071600519,0.9580127034174711,0.029253651510928375

0.6606965174129353,0.009346299837004211,0.3299571827500604
0.9984871406959153,0.0007564296520423601,0.0007564296520423601
0.0010799136069114467,0.035616458015154374,0.9633036283779342

Transition Gammas
17.0,973.8592468869974,15.140753113002592
3.864377261595747,414.571725112818,1.987454062161426
3.908145772261457,294.0284007902822,8.978382374629406

664.0,9.393031336189232,331.60696866381073
1320.0,1.0,1.0
1.0,32.98084012203296,892.0191598779672

Iteration: ,7500
Error:,0.12272728640160589
Transition Probabilities
0.01915184678522572,0.9670582257599203,0.013789927454853959
0.009314922414927228,0.9843625197601725,0.006322557824900253
0.014407734778950599,0.9519317480848144,0.03366051713623502

0.6545454545454545,0.008364901211585838,0.3370896442429596
0.9989658738366081,0.000517063081695967,0.000517063081695967
0.000666222518321119,0.02872643417191772,0.9706073433097613

Transition Gammas
28.0,1413.8391260610033,20.160873938996485
5.7873994060091,611.5884607936533,3.928231043733473
6.839415677058512,451.8862278651137,15.978796953967155

972.0,12.42187829920497,500.578121700795
1932.0,1.0,1.0
1.0,43.11837769204851,1456.881622307952

Iteration: ,10000
Error:,0.12009812177998525
Transition Probabilities
0.018887187340479835,0.9657041814847503,0.015408631174769875
0.014136427128633236,0.9799452266576028,0.005918346213763876
0.013903821044988522,0.9544565979910905,0.031639580963920846

0.6524640657084188,0.008958374601299954,0.3385775596902813
0.9992242048099301,0.0003878975950349108,0.0003878975950349108
0.0004935834155972359,0.027749640048700237,0.9717567765357025

Transition Gammas
37.0,1891.814491528626,30.185508471374185
11.692140844231918,810.5059012051253,4.89502311061991
8.789619815643139,603.381660316871,20.00168780217163

1271.0,17.450913723332313,659.5490862766682
2576.0,1.0,1.0
1.0,56.22077073866669,1968.7792292613335

Iteration: ,11838
Error:,0.12590270811972182
Transition Probabilities
0.017060367454068238,0.9675376278900997,0.01540200465583205
0.018208670261675466,0.9747287769128231,0.007062552825501499
0.015566379104207348,0.956434699706039,0.02799892118975352

0.6514038876889847,0.008841438910891803,0.33975467340012333
0.9993386243386243,0.00033068783068783067,0.00033068783068783067
0.0004066693777958518,0.02818413087342563,0.9714091997487785


Model Num 2
Model States: 
"['square', 'y', 'diamond']","['square', 'y', 'square']","['diamond', 'y', 'diamond']","['diamond', 'y', 'square', 'y', 'square']"
Iteration: ,0
Error:,0.6757126466479714
Transition Probabilities
0.25,0.25,0.25,0.25
0.25,0.25,0.25,0.25
0.25,0.25,0.25,0.25
0.25,0.25,0.25,0.25

0.25,0.25,0.25,0.25
0.25,0.25,0.25,0.25
0.25,0.25,0.25,0.25
0.25,0.25,0.25,0.25

Transition Gammas
1.0,1.0,1.0,1.0
1.0,1.0,1.0,1.0
1.0,1.0,1.0,1.0
1.0,1.0,1.0,1.0

1.0,1.0,1.0,1.0
1.0,1.0,1.0,1.0
1.0,1.0,1.0,1.0
1.0,1.0,1.0,1.0

Iteration: ,2500
Error:,0.025347772461946378
Transition Probabilities
0.9690648287749171,0.019675515203937333,0.005629828010572814,0.005629828010572814
0.9428798060901905,0.026296915190734925,0.021575627938827693,0.009247650780246898
0.9540285163966168,0.0207491611635544,0.016695115870022884,0.008527206569805912
0.9495387769828996,0.02589372963262363,0.012283746692238445,0.012283746692238445

0.002155172413793103,0.002155172413793103,0.9669635241200149,0.028726131052398917
0.028777191764427668,0.9686782789734859,0.0012722646310432577,0.0012722646310432577
0.0028328611898017003,0.0028328611898017003,0.046432124468684215,0.9479021531517124
0.012450302349731676,0.9800870110831041,0.0037313432835820886,0.0037313432835820886

Transition Gammas
172.13044998088998,3.494869677543741,1.0,1.0
229.06763902364273,6.3886958204409945,5.2416841685196225,2.246667620903185
111.8805447700479,2.4332893772065236,1.9578645988404715,1.0
77.30041987782693,2.107966753253283,1.0,1.0

1.0,1.0,448.67107519168695,13.328924808313099
22.618872726840134,761.3811272731594,1.0,1.0
1.0,1.0,16.390539937445524,334.60946006255443
3.3366810297280898,262.663318970272,1.0,1.0

Iteration: ,5000
Error:,0.02418271409624353
Transition Probabilities
0.9640348370370857,0.013182004768047552,0.019724491820193972,0.0030586663746728143
0.9621231999992168,0.016856389235688326,0.016184409583811572,0.004836001181283157
0.9628051587291815,0.01525618416448663,0.0165587896745281,0.005379867431803788
0.9727325170964038,0.014010217156612034,0.00662863287349204,0.00662863287349204

0.0010964912280701754,0.0010964912280701754,0.9666176599804106,0.031189357563449004
0.022904353884580404,0.9758495401964165,0.0006230529595015578,0.0006230529595015578
0.0014265335235378032,0.0014265335235378032,0.04504636986442233,0.9521005630885021
0.015382489491959936,0.9809342692557381,0.0018416206261510132,0.0018416206261510132

Transition Gammas
328.2331571206962,4.488189509306987,6.715765835435837,1.0414102086013628
477.8432157332386,8.371808556366808,8.038066559748962,2.4018237537105076
215.6353348635127,3.416862021585661,3.7086009812351883,1.204905794968457
146.74707977664136,2.113590754533867,1.0,1.0

1.0,1.0,881.5553059021345,28.44469409786549
36.76148798475154,1566.238512015248,1.0,1.0
1.0,1.0,31.57750527496005,667.42249472504
8.352691794134243,532.6473082058657,1.0,1.0

Iteration: ,7500
Error:,0.025023697634652824
Transition Probabilities
0.9612131590295981,0.016233779977263038,0.01851534573227856,0.004037715260860338
0.9648309478757715,0.017544314816398395,0.014454042683062388,0.003170694624767719
0.9613289369727301,0.012774512638695704,0.0220826911972689,0.003813859191305255
0.9685086617175432,0.018412543673219196,0.008528648065208595,0.0045501465440289735

0.0007256894049346878,0.0007256894049346878,0.9603746193210326,0.03817400186909801
0.025182846499074648,0.9739761106077378,0.0004205214465937761,0.0004205214465937761
0.0009643201542912249,0.0009643201542912249,0.036371817319947396,0.9616995423714703
0.017403235088375643,0.980175457405571,0.0012106537530266342,0.0012106537530266342

Transition Gammas
498.50688683599304,8.41920550298738,9.602477112369682,2.0940504670719835
730.866312643659,13.289943389514487,10.94904024567426,2.4018237537105076
327.9805867424987,4.358333541672774,7.534043486240254,1.301190182890596
212.85219109887555,4.04658256499045,1.874367777539054,1.0

1.0,1.0,1323.3962254243831,52.60377457561706
59.88480897479953,2316.1151910252015,1.0,1.0
1.0,1.0,37.717574560785444,997.2824254392144
14.375072182998283,809.6249278170018,1.0,1.0

Iteration: ,10000
Error:,0.021742721728294136
Transition Probabilities
0.966784371879184,0.013543768853762336,0.01665754970593344,0.003014309561120396
0.9661464110765291,0.015003847393859683,0.015498370178072117,0.0033513713515390805
0.9677850355642662,0.012097620527957952,0.017154605017225773,0.0029627388905501375
0.9708829477417227,0.016606200581288325,0.009206797646507899,0.0033040540304811942

0.0005467468562055766,0.0005467468562055766,0.9640484819032658,0.03485802438432313
0.02150100988111538,0.9778666790218248,0.00031615554852987645,0.00031615554852987645
0.0007168458781362007,0.0007168458781362007,0.035005660709251346,0.9635606475344761
0.016737206397489265,0.98144295738777,0.0009099181073703365,0.0009099181073703365

Transition Gammas
671.6281869666399,9.40889942424968,11.572052914505377,2.0940504670719835
983.0644903997949,15.266578049848619,15.769760365985563,3.410056832038751
425.03657390841516,5.313092259841941,7.534043486240254,1.301190182890596
293.8459658301428,5.026007573753216,2.786515462995332,1.0

1.0,1.0,1763.2446734010737,63.75532659892703
68.007694253968,3092.992305746034,1.0,1.0
1.0,1.0,48.83289668940563,1344.1671033105943
18.394189830840705,1078.6058101691594,1.0,1.0

Iteration: ,12500
Error:,0.021083749228818647
Transition Probabilities
0.9670978432470252,0.01453423010415796,0.015908905682431383,0.0024590209663855013
0.9706070618186751,0.012011381828883871,0.014666685306500626,0.0027148710459404817
0.9682292619364268,0.01103406063752791,0.01844345327639802,0.0022932241496471293
0.9679807180554545,0.01643618763331437,0.010192290193446977,0.005390804117784197

0.0004351610095735422,0.0004351610095735422,0.964349342014991,0.034780335965862025
0.022012525796014544,0.977482040794837,0.0002527167045741722,0.0002527167045741722
0.0005767012687427911,0.0005767012687427911,0.03397810175333824,0.9648684957091762
0.01841685053492021,0.980133874102761,0.0007246376811594203,0.0007246376811594203

Transition Gammas
823.5601558666245,12.377044260375085,13.547689031650544,2.0940504670719835
1234.6986082678625,15.279547214202498,18.657329673562657,3.4535577103349415
549.379532137295,6.2607972191380075,10.464934422369167,1.301190182890596
353.66158573278716,6.005128070605405,3.723856730642737,1.9695850310947782

1.0,1.0,2216.0747879504493,79.92521204955094
87.10356457482959,3867.896435425172,1.0,1.0
1.0,1.0,58.918028440288516,1673.0819715597117
25.415253738189893,1352.58474626181,1.0,1.0

Iteration: ,15000
Error:,0.021569258713072262
Transition Probabilities
0.9641701873981159,0.014905419021836553,0.01790107728046718,0.003023316299580473
0.9700424749259418,0.011176284797543751,0.014587415194416347,0.004193825082098095
0.9706743572582401,0.010603254146987552,0.01678707110555461,0.0019353174892177444
0.9701796808443535,0.014162619689981872,0.010543654972837085,0.0051140444928276

0.00036284470246734414,0.00036284470246734414,0.9647787652893769,0.034495545305688456
0.022056302627327763,0.977520416949392,0.00021164021164021157,0.00021164021164021157
0.000481000481000481,0.000481000481000481,0.032705017686691776,0.9663329813513073
0.018790756052452402,0.9800137866851447,0.0005977286312014345,0.0005977286312014345

Transition Gammas
993.3117163950996,15.355927351501062,18.44212778116118,3.1146944201268396
1495.9126277778857,17.235065466142714,22.495405263189518,6.467341442426146
660.5748362824909,7.215852381216785,11.424136904714894,1.3170452315292172
411.60747224633525,6.008619028081701,4.473240635002764,2.169679460629482

1.0,1.0,2658.9302771375214,95.06972286247733
104.21602991412372,4618.7839700858785,1.0,1.0
1.0,1.0,67.9937317706322,2009.0062682293678
31.436934875752875,1639.5630651242473,1.0,1.0

Iteration: ,17500
Error:,0.020229630405166354
Transition Probabilities
0.9680894897449455,0.013766687196074582,0.015522264838854312,0.002621558220125642
0.9687860896357849,0.011236262800747668,0.014667528735844617,0.005310118827622788
0.9707305446978552,0.012435882247366302,0.014082042076869552,0.002751530977908939
0.9690793471583774,0.013902183250668826,0.012442152846089728,0.004576316744864057

0.00030883261272390345,0.00030883261272390345,0.9650269723002387,0.03435536247431349
0.02264384928370762,0.976991851991338,0.00018214936247723114,0.00018214936247723114
0.0004127115146512588,0.0004127115146512588,0.03181398473430517,0.9673605922363923
0.019231843902682434,0.9797414620521431,0.0005133470225872691,0.0005133470225872691

Transition Gammas
1150.19491413298,16.35631185455422,18.44212778116118,3.1146944201268396
1737.5466978288732,20.152571898215825,26.306649520389172,9.523856228657902
787.510687702903,10.088680359660469,11.424136904714894,2.232195189987924
487.0278049099738,6.986785769280142,6.253021908633376,2.299908160626237

1.0,1.0,3124.7573363081747,111.24266369182715
124.31473256755496,5363.685267432451,1.0,1.0
1.0,1.0,77.08528501122143,2343.9147149887785
37.46363192242537,1908.536368077574,1.0,1.0

Iteration: ,20000
Error:,0.019669809293914053
Transition Probabilities
0.9685209773148514,0.014196345155010814,0.014975057174576591,0.002307620355561316
0.969428391952291,0.012182556388007356,0.013753015671209744,0.004636035988491887
0.9700022464809552,0.015151925785288432,0.01241920358395734,0.00242662414979893
0.9680332744451313,0.013797505217215563,0.014030926587372464,0.004138293750280691

0.0002700513097488521,0.0002700513097488521,0.9637062909589701,0.03575360642153218
0.02337743336183306,0.9763032818361236,0.00015964240102171116,0.00015964240102171116
0.0003611412062116288,0.0003611412062116288,0.030757344419231916,0.9685203731683449
0.019053293366541078,0.9800498456469119,0.00044843049327354277,0.00044843049327354277

Transition Gammas
1318.9026371475636,19.332154389376786,20.392580916256165,3.142447756705443
1991.5066776554638,25.026750401616955,28.252960996898846,9.523856228657902
892.2825354110485,13.937904582288663,11.424136904714894,2.232195189987924
558.672890380002,7.962837975950056,8.09755048530751,2.3882986171482625

1.0,1.0,3568.604395421069,132.39560457893376
146.43624257852247,6115.563757421486,1.0,1.0
1.0,1.0,85.16708669685316,2681.8329133031466
42.488844207386585,2185.5111557926125,1.0,1.0

Iteration: ,22500
Error:,0.02001721843907617
Transition Probabilities
0.9678378927294328,0.015050791297191644,0.015053684209145917,0.002057631764229796
0.9695695276041866,0.012465994134573583,0.013824120342420367,0.004140357918819489
0.9683895637081442,0.01736927295859738,0.012066253392135146,0.0021749099411232605
0.9681034545971517,0.013969040420466969,0.014070191955224272,0.003857313027156962

0.00024113817217265467,0.00024113817217265467,0.9641808840771322,0.035336839578522454
0.022718104273875498,0.9769988902075168,0.00014150275930380608,0.00014150275930380608
0.000321646831778707,0.000321646831778707,0.03127452796226995,0.9680821783741727
0.018953772529043296,0.9802484612164692,0.0003988831272437179,0.0003988831272437179

Transition Gammas
1498.2513831411761,23.299220920967354,23.303699263228342,3.18529545072725
2249.600012816366,28.923661239850606,32.07479238371802,9.606478918800176
993.89610818893,17.826764602374425,12.384068082004816,2.232195189987924
618.7318813926368,8.927858504752356,8.99250622304005,2.465276345291306

1.0,1.0,3998.4581262678716,146.54187373213279
160.54884290347852,6904.451157096538,1.0,1.0
1.0,1.0,97.23250743469727,3009.7674925653027
47.51710773031151,2457.4828922696865,1.0,1.0

Iteration: ,25000
Error:,0.02068498499424787
Transition Probabilities
0.9677220629496647,0.014646566270159601,0.015786284706427647,0.0018450860737480568
0.9684551425573535,0.013861332847194744,0.01354349046343366,0.0041400341320180995
0.9692058474315968,0.015544522822562011,0.013277705004024361,0.001971924741816905
0.9678090789896079,0.015665424336809595,0.012969842182793425,0.0035556544907891794

0.00021772262138036128,0.00021772262138036128,0.9652286904961775,0.034335864261061694
0.02239355155658303,0.9773529308873261,0.0001267587780453795,0.0001267587780453795
0.0002907822041291074,0.0002907822041291074,0.031489108656607555,0.9679293269351342
0.019244227655602998,0.9800368650834336,0.000359453630481668,0.000359453630481668

Transition Gammas
1670.6432987271378,25.285346614937943,27.252918752523918,3.18529545072725
2497.026540254223,35.739513872934104,34.92000160747872,10.674500708323029
1112.258453979147,17.838859483033218,15.237464445043612,2.2629764053825463
671.020436707755,10.861460289949544,8.99250622304005,2.465276345291306

1.0,1.0,4433.295375448946,157.70462455105644
176.66272822988375,7710.337271770126,1.0,1.0
1.0,1.0,108.29104467007336,3328.7089553299256
53.53744133788752,2726.4625586621114,1.0,1.0

Iteration: ,27500
Error:,0.019617522278514946
Transition Probabilities
0.9686984767654323,0.014819740410299402,0.014811140692745767,0.0016706421315225623
0.9677793559639518,0.013677575822805307,0.014361026512209218,0.004182041701033527
0.968861652622964,0.015622607795052743,0.013693583818172908,0.0018221557638103455
0.9680848443435761,0.015571633171126267,0.013100336850329719,0.0032431856349680026

0.00019888623707239452,0.00019888623707239452,0.9654255269552715,0.03417670057058372
0.021945814444820525,0.977825300226729,0.00011444266422522301,0.00011444266422522301
0.00026525198938992067,0.00026525198938992067,0.031131396086665205,0.968338099934555
0.01984986961758983,0.9794946076029936,0.00032776138970829253,0.00032776138970829253

Transition Gammas
1846.9490221435115,28.25575317369994,28.239356699144277,3.18529545072725
2736.694364234697,38.67756058237131,40.61022802190457,11.826011666484902
1213.321292237619,19.56444723216989,17.14869895887538,2.28191546235648
735.8803767699779,11.836627080617225,9.958094968185346,2.465276345291306

1.0,1.0,4854.159549531107,171.84045046889503
191.76252661884197,8544.237473381168,1.0,1.0
1.0,1.0,117.36536324672772,3650.634636753269
60.56195220326654,2988.438047796732,1.0,1.0

Iteration: ,30000
Error:,0.01974028432474024
Transition Probabilities
0.968646733292807,0.01467716128318674,0.014663104364404402,0.0020130010596017497
0.9680875701224386,0.0124767535855502,0.015556447669569208,0.0038792286224418144
0.969201928823018,0.015807080916175522,0.013301196079628173,0.0016897941811782901
0.9679460128220537,0.01566894159826717,0.013301241459555743,0.0030838041201232897

0.00018251505749224313,0.00018251505749224313,0.9655088271227802,0.03412614276223534
0.021777585453363342,0.9780128807593135,0.00010476689366160283,0.00010476689366160283
0.00024313153415998076,0.00024313153415998076,0.03049530384894363,0.9690184330827364
0.018722559415816104,0.980679175552775,0.0002991325157044572,0.0002991325157044572

Transition Gammas
1995.710668528255,30.239473638643137,30.21051205562599,4.1474023008876495
3001.890286094109,38.68848908546158,48.238145583777026,12.028889822202256
1318.7344853394688,21.507739612142835,18.098133572401156,2.2992008100436814
791.0743329642564,12.805773626740308,10.870720655728322,2.5203040820494973

1.0,1.0,5290.0228638057115,186.97713619428743
207.8670531523533,9335.132946847656,1.0,1.0
1.0,1.0,125.42718473070504,3985.5728152692914
62.5895161270732,3278.4104838729254,1.0,1.0

Iteration: ,32500
Error:,0.020863692560775016
Transition Probabilities
0.9664202641126636,0.015225377903069754,0.015631707123787614,0.0027226508604791364
0.9686453374651065,0.012449126175809165,0.015291920939670023,0.003613615419414361
0.9664885850691297,0.01844379511352177,0.01350518902476031,0.0015624307925880885
0.9691192139239375,0.014552842709597606,0.012348375802538223,0.003979567563926633

0.0001688048615800136,0.0001688048615800136,0.9645272207306808,0.03513516954615922
0.02261053812195869,0.9771970061428604,9.622786759045408e-05,9.622786759045408e-05
0.00022593764121102604,0.00022593764121102604,0.02948236471270723,0.9700657600048708
0.018728831275596013,0.9807171521039054,0.00027700831024930777,0.00027700831024930777

Transition Gammas
2171.0407821565404,34.20345948732712,35.11626868837417,6.116372217320052
3238.5484922158944,41.62214718503669,51.12668753648649,12.08168595393054
1432.2115576472966,27.331328001742726,20.012950083719453,2.3153211261244526
853.1506025675584,12.811392394639451,10.870720655728322,3.5033568794651835

1.0,1.0,5713.85925560855,208.14074439144713
234.968712163395,10155.031287836619,1.0,1.0
1.0,1.0,130.48894621844204,4293.511053781553
67.61108090490153,3540.3889190950945,1.0,1.0

Iteration: ,35000
Error:,0.019673872927088634
Transition Probabilities
0.9676644204262923,0.015114145829924213,0.014666838729270442,0.0025545950145131097
0.96877467188302,0.012077584721669261,0.015225558482506384,0.0039221849128044
0.9681133112574644,0.01782827646073409,0.012600630859768622,0.0014577814220329015
0.9689631870754188,0.013653371843609135,0.01346830799332529,0.003915133087646701

0.00015686274509803925,0.00015686274509803925,0.9640341235274854,0.035652150982318484
0.022644983303580835,0.9771767635769896,8.912655971479498e-05,8.912655971479498e-05
0.00020977554017201607,0.00020977554017201607,0.03032236757730627,0.9692580813423496
0.018377276376492186,0.9811096399908757,0.0002565418163160599,0.0002565418163160599

Transition Gammas
2316.8430781238853,36.18723951056148,35.11626868837417,6.116372217320052
3495.8629806813046,43.58245787171443,54.942049791346534,14.153364490226158
1537.6058222164088,28.31575742978106,20.012950083719453,2.3153211261244526
909.4034491966079,12.814133305949392,12.640444866579783,3.674479672149351

1.0,1.0,6145.717537487718,227.28246251228026
254.07671266617706,10963.923287333826,1.0,1.0
1.0,1.0,144.54672624101892,4620.453273758978
71.63462331556644,3824.365376684428,1.0,1.0

Iteration: ,37500
Error:,0.020446649756598944
Transition Probabilities
0.9684379086694642,0.015189239714791459,0.013989405737434192,0.0023834458783102814
0.9690725240985764,0.012034470527636877,0.014958900508762748,0.003934104865023978
0.9683682536847295,0.017018593983728555,0.01274057677607351,0.0018725755554685286
0.9698652650128282,0.013798125288052092,0.01265724605212549,0.0036793636469941715

0.00014609203798392987,0.00014609203798392987,0.9642846038476283,0.03542321207640391
0.022524465758946725,0.9773087981009949,8.336807002917879e-05,8.336807002917879e-05
0.00019627085377821394,0.00019627085377821394,0.029559420108681154,0.9700480381837625
0.018600613366688577,0.9809203447171438,0.0002395209580838327,0.0002395209580838327

Transition Gammas
2497.0710858144416,39.1647321607022,36.07101731763821,6.145601833688184
3745.378438050643,46.5121498202565,57.81480955161785,15.204962650444614
1667.4393762573363,29.304423837756275,21.93807914687293,3.2243996065795613
968.5778691445081,13.779809703272214,12.640444866579783,3.674479672149351

1.0,1.0,6600.528113337015,242.47188666298476
270.1809667785661,11722.81903322144,1.0,1.0
1.0,1.0,150.60524545373048,4942.39475454627
77.65756080592469,4095.3424391940694,1.0,1.0

Iteration: ,37720
Error:,0.019775137908373347
Transition Probabilities
0.9686178461364042,0.015102741568550978,0.013909568663247357,0.002369843631797567
0.9692819884051054,0.011953224185556999,0.014857381468478622,0.0039074059408590375
0.968491456918507,0.016952465147292824,0.012690816072511185,0.0018652618616890825
0.9699237254942182,0.013771357339139915,0.012632691374687859,0.0036722257919540127

0.00014532771399505885,0.00014532771399505885,0.9643247607967169,0.03538458377529293
0.022462780368177185,0.9773715607235149,8.282945415389708e-05,8.282945415389708e-05
0.00019519812609798947,0.00019519812609798947,0.029398220983829396,0.9702113827639746
0.018481434943945593,0.9810426012293052,0.00023798191337458385,0.00023798191337458385

