0,1,2,3,4,5,6,7,8,9,10,11,12,13,14,15,16,17,18,19,20,21,22,23,24,25,26,27,28,29
github Code Version (SHA):,83e837b3de1a08bfde9277c8a2759251ab95ca79
Environment Observations,Environment Actions,alpha,epsilon,numActions,explore,gainThresh,insertRandActions,useBudd,revisedSplitting,haveControl,confidence_factor
"['square', 'diamond']","['x', 'y']",0.99,0.99,50000,0.5,0.0275,False,True,False,False,250

Model Num 0
Model States: 
['square'],['diamond']
Iteration: ,0
Error:,0.6720405660532343
Transition Probabilities
0.5,0.5
0.5,0.5

0.5,0.5
0.5,0.5

Transition Gammas
1.0,1.0
1.0,1.0

1.0,1.0
1.0,1.0

Iteration: ,2387
Error:,0.2621752333833454
Transition Probabilities
0.978386167146974,0.021613832853025938
0.65,0.35

0.025110782865583457,0.9748892171344166
0.6704980842911877,0.32950191570881227


Model Num 1
Model States: 
['square'],"['diamond', 'x', 'square']","['diamond', 'x', 'diamond']"
Iteration: ,0
Error:,0.7065413542768327
Transition Probabilities
0.3333333333333333,0.3333333333333333,0.3333333333333333
0.3333333333333333,0.3333333333333333,0.3333333333333333
0.3333333333333333,0.3333333333333333,0.3333333333333333

0.3333333333333333,0.3333333333333333,0.3333333333333333
0.3333333333333333,0.3333333333333333,0.3333333333333333
0.3333333333333333,0.3333333333333333,0.3333333333333333

Transition Gammas
1.0,1.0,1.0
1.0,1.0,1.0
1.0,1.0,1.0

1.0,1.0,1.0
1.0,1.0,1.0
1.0,1.0,1.0

Iteration: ,2500
Error:,0.23012080994001327
Transition Probabilities
0.9848066298342542,0.013479214045874623,0.0017141561198712335
0.996219281663516,0.001890359168241966,0.001890359168241966
0.0037313432835820903,0.9803277880692043,0.01594086864721364

0.0223463687150838,0.5109223831138116,0.4667312481711048
0.8209717589735019,0.16448745065236256,0.014540790374135444
0.40081321717017876,0.44555867095162954,0.15362811187819173

Transition Gammas
713.0,9.758950969213227,1.241049030786773
527.0,1.0,1.0
1.0,262.7278472025467,4.272152797453255

16.0,365.82042630948905,334.179573690511
145.50548558697014,29.15304469189092,2.5771468276233462
2.608983553009976,2.9002417949711115,1.0

Iteration: ,5000
Error:,0.2303762171094188
Transition Probabilities
0.978708303761533,0.01896857167520691,0.002323124563260088
0.9981634527089073,0.0009182736455463728,0.0009182736455463728
0.001869158878504673,0.9845083823799962,0.013622458741499156

0.02213001383125865,0.5152528234913359,0.46261716267740544
0.8355618833710737,0.15335012378812515,0.011087992840801263
0.40081321717017876,0.44555867095162954,0.15362811187819173

Transition Gammas
1379.0,26.726717490366536,3.2732825096334643
1087.0,1.0,1.0
1.0,526.711984573298,7.2880154267020485

32.0,745.0555827684716,668.9444172315282
287.5104299577095,52.76660041804652,3.8152932206111907
2.608983553009976,2.9002417949711115,1.0

Iteration: ,7500
Error:,0.23300064844048837
Transition Probabilities
0.973659454374412,0.022809067249128984,0.00353147837645898
0.9987677141096735,0.0006161429451632779,0.0006161429451632779
0.0012578616352201255,0.9832662387253004,0.015475899639479443

0.024062933826931976,0.5189021156312552,0.4570349505418129
0.8396716095788069,0.14982050659927457,0.010507883821918572
0.40081321717017876,0.44555867095162954,0.15362811187819173

Transition Gammas
2070.0,48.49207697164822,7.507923028351792
1621.0,1.0,1.0
1.0,781.696659786614,12.303340213386159

52.0,1121.3474718791424,987.6525281208577
443.4576221342876,79.12503512747746,5.549551896447699
2.608983553009976,2.9002417949711115,1.0

Iteration: ,10000
Error:,0.23536270234981865
Transition Probabilities
0.9745222929936306,0.021703467888620934,0.003774239117748494
0.99907019990702,0.00046490004649000463,0.00046490004649000463
0.0009276437847866417,0.9848628126593123,0.014209543555901025

0.02573018080667594,0.5089664686036565,0.46530335058966754
0.8396860922275673,0.15113432407555413,0.009179583696878569
0.40081321717017876,0.44555867095162954,0.15362811187819173

Transition Gammas
2754.0,61.33400025324276,10.665999746757244
2149.0,1.0,1.0
1.0,1061.682112046739,15.317887953261307

74.0,1463.787563704116,1338.212436295884
593.472425173234,106.81855358362681,6.4879362050821765
2.608983553009976,2.9002417949711115,1.0

Iteration: ,12500
Error:,0.23298508380863023
Transition Probabilities
0.9751271905031091,0.021553881319307504,0.0033189281775833947
0.9992509363295881,0.0003745318352059925,0.0003745318352059925
0.0007401924500370093,0.9842071851017659,0.015052622448197148

0.02482566248256625,0.5067566996985443,0.4684176378188894
0.8416592769936502,0.14923036419447674,0.009110358811873038
0.40081321717017876,0.44555867095162954,0.15362811187819173

Transition Gammas
3450.0,76.25763210770995,11.74236789229005
2668.0,1.0,1.0
1.0,1329.6639070724864,20.336092927514358

89.0,1816.7227684192815,1679.2772315807185
752.3148476249237,133.38915374519974,8.143269359359007
2.608983553009976,2.9002417949711115,1.0

Iteration: ,15000
Error:,0.23244677500239477
Transition Probabilities
0.9771081523008642,0.019904709599771423,0.002987138099364289
0.9993763642033052,0.0003118178983473651,0.0003118178983473651
0.0006123698714023273,0.9844749016457776,0.014912728482820155

0.023141654978962128,0.5037856560141063,0.4730726890069316
0.8420299148009391,0.14948881589386273,0.008481269305198264
0.40081321717017876,0.44555867095162954,0.15362811187819173

Transition Gammas
4183.0,85.21206179662147,12.78793820337852
3205.0,1.0,1.0
1.0,1607.6475143875539,24.3524856124453

99.0,2155.195036428347,2023.8049635716538
884.5689398122465,157.04093294628728,8.90973974402674
2.608983553009976,2.9002417949711115,1.0

Iteration: ,17500
Error:,0.23128814807951698
Transition Probabilities
0.9785528161956304,0.018264171090042663,0.003183012714326947
0.9994673768308922,0.0002663115845539281,0.0002663115845539281
0.0005254860746190227,0.9824627749511761,0.017011738974204917

0.022631684358101343,0.50530364411145,0.47206467153044857
0.840422672736815,0.15169102923170816,0.007886298031476875
0.40081321717017876,0.44555867095162954,0.15362811187819173

Transition Gammas
4882.0,91.11994956822285,15.880050431777137
3753.0,1.0,1.0
1.0,1869.6266607320877,32.37333926791195

113.0,2522.98109504847,2357.0189049515297
1020.7394321089076,184.2370750538734,9.578341512226404
2.608983553009976,2.9002417949711115,1.0

Iteration: ,20000
Error:,0.22913389875561802
Transition Probabilities
0.9785527462946818,0.01814968355819717,0.0032975701471210503
0.9995326010750175,0.00023369946249123628,0.00023369946249123628
0.00046232085067036553,0.9817852188499749,0.017752460299354678

0.023529411764705882,0.5051104750768167,0.47136011315847737
0.839989265519299,0.15297609390965852,0.007034640571042552
0.40081321717017876,0.44555867095162954,0.15362811187819173

Transition Gammas
5612.0,104.08843520626077,18.911564793739224
4277.0,1.0,1.0
1.0,2123.6014283724944,38.39857162750415

134.0,2876.604155562471,2684.3958444375285
1165.440686084465,212.2462407068675,9.760191790552211
2.608983553009976,2.9002417949711115,1.0

Iteration: ,22500
Error:,0.233081624750468
Transition Probabilities
0.9788392718220009,0.017741374959306576,0.0034193532186924877
0.9995859213250518,0.00020703933747412008,0.00020703933747412008
0.00041169205434335134,0.9813022658060103,0.018286042139646283

0.02385035074045207,0.5044364888151489,0.47171316044439904
0.8379811501213278,0.15538054652758151,0.006638303351090646
0.40081321717017876,0.44555867095162954,0.15362811187819173

Transition Gammas
6291.0,114.02381686346337,21.97618313653662
4828.0,1.0,1.0
1.0,2383.5832036427983,44.4167963572008

153.0,3235.96007574918,3026.0399242508192
1299.4709037761502,240.95112306069703,10.294124222165433
2.608983553009976,2.9002417949711115,1.0

Iteration: ,25000
Error:,0.23066289869713916
Transition Probabilities
0.978506629448709,0.017857470150287148,0.003635900401003846
0.999626307922272,0.0001868460388639761,0.0001868460388639761
0.00037119524870081656,0.9820196602813429,0.017609144469956248

0.024170882518268693,0.5021166267757496,0.47371249070598165
0.838607052569505,0.15538715135412906,0.006005796076365888
0.40081321717017876,0.44555867095162954,0.15362811187819173

Transition Gammas
7011.0,127.94877362680742,26.051226373192556
5350.0,1.0,1.0
1.0,2645.560964797938,47.439035202062136

172.0,3573.0619161362342,3370.938083863765
1445.8294226380883,267.900579466087,10.35449993768625
2.608983553009976,2.9002417949711115,1.0

Iteration: ,27500
Error:,0.23049268724724797
Transition Probabilities
0.9789633759979723,0.017721390762508747,0.0033152332395188773
0.9996602683879735,0.00016986580601324953,0.00016986580601324953
0.00033568311513930876,0.9807119324153653,0.01895238446949553

0.024798670586731436,0.49909729346709364,0.47610403594617495
0.8381886940920978,0.15628343089510024,0.0055278750128018184
0.40081321717017876,0.44555867095162954,0.15362811187819173

Transition Gammas
7725.0,139.83949450695653,26.16050549304346
5885.0,1.0,1.0
1.0,2921.5408466653707,56.45915333462713

194.0,3904.438126793073,3724.561873206926
1577.8537321831966,294.1967559981592,10.405984095787883
2.608983553009976,2.9002417949711115,1.0

Iteration: ,30000
Error:,0.23338045843133573
Transition Probabilities
0.9793537851393911,0.017458303871235675,0.0031879109893732122
0.9996890547263682,0.0001554726368159204,0.0001554726368159204
0.0003063725490196079,0.9796305706006911,0.02006305685028924

0.02423603793466807,0.49784605647213603,0.47791790559319597
0.8379496797090727,0.15688088839383715,0.00516943189709015
0.40081321717017876,0.44555867095162954,0.15362811187819173

Transition Gammas
8396.0,149.67003908810344,27.32996091189655
6430.0,1.0,1.0
1.0,3197.5141824406555,65.48581755934407

207.0,4252.103168328514,4081.896831671487
1720.822229356495,322.17223378262884,10.615999429399782
2.608983553009976,2.9002417949711115,1.0

Iteration: ,32500
Error:,0.23241272986117512
Transition Probabilities
0.9794446835987947,0.01738806234714056,0.003167254054064778
0.999713672154617,0.00014316392269148176,0.00014316392269148176
0.0002821670428893906,0.9792561888402903,0.02046164411682039

0.023570115688182507,0.4987996153754952,0.47763026893632216
0.838860157484721,0.1561325238604219,0.005007318654857016
0.40081321717017876,0.44555867095162954,0.15362811187819173

Transition Gammas
9101.0,161.56987532963007,29.430124670369914
6983.0,1.0,1.0
1.0,3470.483933249988,72.51606675001145

218.0,4613.397642607955,4417.602357392044
1853.4371981635477,344.9702849563867,11.063525398319197
2.608983553009976,2.9002417949711115,1.0

Iteration: ,35000
Error:,0.23217030794653762
Transition Probabilities
0.9796589889320969,0.01709731834857216,0.003243692719330921
0.9997337593184239,0.00013312034078807243,0.00013312034078807243
0.00026226068712300037,0.9796629495362358,0.02007478977664119

0.02382388419782871,0.49775130315334953,0.4784248126488217
0.8385900724529688,0.1566419237337137,0.004768003813317695
0.40081321717017876,0.44555867095162954,0.15362811187819173

Transition Gammas
9825.0,171.46900571783019,32.53099428216981
7510.0,1.0,1.0
1.0,3735.454826581665,76.54517341833282

237.0,4951.629963769521,4759.370036230478
1993.1890258650285,372.3117809672558,11.332751469604872
2.608983553009976,2.9002417949711115,1.0

Iteration: ,37500
Error:,0.23127936747543504
Transition Probabilities
0.9796013412816692,0.017085858370804164,0.0033128003475266835
0.9997509339975094,0.00012453300124533,0.00012453300124533
0.0002442598925256475,0.9803179314797238,0.019437808627750516

0.023454357819682897,0.4964317448064384,0.4801138973738786
0.8410010267007156,0.1545232018787693,0.004475771420515113
0.40081321717017876,0.44555867095162954,0.15362811187819173

Transition Gammas
10517.0,183.4337754689535,35.56622453104647
8028.0,1.0,1.0
1.0,4013.4216114779856,79.57838852201054

250.0,5291.465967891827,5117.534032108172
2155.2465201293844,395.9990327657284,11.470129610665243
2.608983553009976,2.9002417949711115,1.0

Iteration: ,40000
Error:,0.22869926556402806
Transition Probabilities
0.979654476892046,0.01721425598940368,0.003131267118550368
0.9997672524147562,0.00011637379262190155,0.00011637379262190155
0.00022909507445589958,0.9806175830530413,0.019153321872502925

0.02309043020193152,0.4971598039535956,0.4797497658444728
0.8410988901627786,0.15455536736892625,0.004345742468295111
0.40081321717017876,0.44555867095162954,0.15362811187819173

Transition Gammas
11171.0,196.29416104717015,35.70583895282984
8591.0,1.0,1.0
1.0,4280.395750026518,83.60424997347513

263.0,5662.650167031454,5464.349832968545
2295.0451783154617,421.7239551869833,11.85791042493376
2.608983553009976,2.9002417949711115,1.0

Iteration: ,42500
Error:,0.23051645001079957
Transition Probabilities
0.9799239920687376,0.017040997691569203,0.003035010239693188
0.9997810378804467,0.00010948105977665864,0.00010948105977665864
0.00021570319240724794,0.980665783630737,0.019118513176855867

0.0232001321003963,0.4974633488325421,0.4793365190670615
0.8415857354242771,0.15424441369257638,0.004169850883146585
0.40081321717017876,0.44555867095162954,0.15362811187819173

Transition Gammas
11861.0,206.26423605875365,36.73576394124635
9132.0,1.0,1.0
1.0,4546.36657291209,88.63342708790368

281.0,6025.27608105975,5805.723918940249
2440.7732896310195,447.340810530541,12.09343294322537
2.608983553009976,2.9002417949711115,1.0

Iteration: ,45000
Error:,0.23185831225001158
Transition Probabilities
0.9802575107296138,0.01671249552066904,0.003029993749717229
0.9997932816537468,0.00010335917312661498,0.00010335917312661498
0.000204248366013072,0.9810741726758374,0.018721578958149517

0.023138049236522282,0.498792867981513,0.47806908278196464
0.8420869925553536,0.15388130635589536,0.004031701088751203
0.40081321717017876,0.44555867095162954,0.15362811187819173

Transition Gammas
12562.0,214.17063009737373,38.82936990262629
9673.0,1.0,1.0
1.0,4803.339149420897,91.66085057909999

297.0,6402.505253410701,6136.494746589298
2588.339262527584,472.9879816826857,12.392318507525204
2.608983553009976,2.9002417949711115,1.0

Iteration: ,47500
Error:,0.22880051135067425
Transition Probabilities
0.9802009456264775,0.016780370262752115,0.0030186841107703467
0.9998042478222571,9.78760888714887e-05,9.78760888714887e-05
0.00019338619222587525,0.9816892300852873,0.018117383722486714

0.023551125876707272,0.4978550298834204,0.4785938442398722
0.8413119769823098,0.1548212548891817,0.003866768128508664
0.40081321717017876,0.44555867095162954,0.15362811187819173

Transition Gammas
13268.0,227.1390918766126,40.86090812338741
10215.0,1.0,1.0
1.0,5076.315008771016,93.68499122897872

319.0,6743.4463797709295,6482.55362022907
2721.4026896831906,500.8023075896437,12.50788467679925
2.608983553009976,2.9002417949711115,1.0

Iteration: ,49999
Error:,0.23207350201226576
Transition Probabilities
0.9798107255520505,0.017174096891531408,0.0030151775564181216
0.9998138669148441,9.306654257794323e-05,9.306654257794323e-05
0.00018294914013904166,0.9815745003060414,0.018242550553819566

0.023379905918696903,0.4972638245271288,0.4793562695541742
0.8429724874182225,0.15303541033746437,0.003992102244313147
0.40081321717017876,0.44555867095162954,0.15362811187819173

Transition Gammas
13977.0,244.98849215769553,43.0115078423045
10743.0,1.0,1.0
1.0,5365.286218672813,99.71378132717759

333.0,7082.528652739896,6827.471347260103
2870.4822183134515,521.1147821578335,13.593870116789288
2.608983553009976,2.9002417949711115,1.0


Model Num 2
Model States: 
"['diamond', 'x', 'square']","['diamond', 'x', 'diamond']","['square', 'y', 'diamond', 'x', 'square']","['square', 'y', 'diamond', 'x', 'diamond']"
Iteration: ,0
Error:,0.671749007689247
Transition Probabilities
0.25,0.25,0.25,0.25
0.25,0.25,0.25,0.25
0.25,0.25,0.25,0.25
0.25,0.25,0.25,0.25

0.25,0.25,0.25,0.25
0.25,0.25,0.25,0.25
0.25,0.25,0.25,0.25
0.25,0.25,0.25,0.25

Transition Gammas
1.0,1.0,1.0,1.0
1.0,1.0,1.0,1.0
1.0,1.0,1.0,1.0
1.0,1.0,1.0,1.0

1.0,1.0,1.0,1.0
1.0,1.0,1.0,1.0
1.0,1.0,1.0,1.0
1.0,1.0,1.0,1.0

Iteration: ,2500
Error:,0.03591741300852934
Transition Probabilities
0.0013831258644536651,0.0013831258644536651,0.9696941241772625,0.02753962409383021
0.9719050870253082,0.01900400388378264,0.004545454545454545,0.004545454545454545
0.01675263851361929,0.008341120225859769,0.022447069796688205,0.9524591714638326
0.012529735362636194,0.010429762129186773,0.018984088046340494,0.9580564144618366

0.018703448765359905,0.021459680680848747,0.9396113655272125,0.020225505026578928
0.9057877223233332,0.02662660747149424,0.046297033484920376,0.021288636720252253
0.9795433383887321,0.0016377434202142975,0.006953891600044189,0.011865026591009391
0.00529214259649193,0.9808889403425055,0.008139324893805198,0.005679592167197406

Transition Gammas
1.0,1.0,701.0888517801609,19.911148219839244
213.8191191455678,4.18088085443218,1.0,1.0
3.8625922128148327,1.9231803995750216,5.175535598569251,219.6048924310881
2.45196846139845,2.0410205850727072,3.715033383454051,187.48393677220182

3.151904053977809,3.6163840895647184,158.34325045196323,3.4084008830013213
42.54794396776199,1.2507427235189692,2.1747298379551565,1.0
621.5825066771441,1.0392522929157135,4.412686200313121,7.529113497277218
1.3598819843015717,252.05163584530905,2.091500953659133,1.4594419794114952

Iteration: ,5000
Error:,0.02993882718720736
Transition Probabilities
0.0006849315068493149,0.0006849315068493149,0.9752486033585946,0.023381533627706726
0.980338699603235,0.014865137327220541,0.002398081534772183,0.002398081534772183
0.019421375361434384,0.0045266695621998445,0.02003084853496072,0.956021106541405
0.01221084479061367,0.005693478144432105,0.018748150041924795,0.9633475270230295

0.016768453294994465,0.014701071665573415,0.9581889928252829,0.01034148221414936
0.9371929042171689,0.013758938395570783,0.0380899649113023,0.010958192475958048
0.9779535532472909,0.0008025499529488528,0.005326618723546424,0.015917278076213754
0.0027207325608226106,0.9811141755147004,0.01180985152428453,0.004355240400192571

Transition Gammas
1.0,1.0,1423.8629609035486,34.13703909645183
408.8012377345489,6.198762265450964,1.0,1.0
8.869502571149878,2.067274154043854,9.147841451843828,436.60304714466355
4.800546538056371,2.238322349061613,7.3706093494781335,378.72847580131724

5.549888492300681,4.865643063550092,317.13372552480087,3.4227410318620355
85.52440617130449,1.2555846619556545,3.475935013449578,1.0
1270.4616058062934,1.0425944039750736,6.919822065745334,20.678170857525693
1.3644276249553333,492.02163549025573,5.922554792185347,2.1841214388038135

Iteration: ,7500
Error:,0.029078587964418597
Transition Probabilities
0.00045024763619990995,0.00045024763619990995,0.978709986095557,0.02038951863204317
0.9829322678650071,0.013723250529641776,0.0016722408026755857,0.0016722408026755857
0.01878463944057744,0.004977522975004533,0.013778894799371668,0.9624589427850464
0.011587100288847981,0.006126127304434581,0.022434284019966447,0.959852488386751

0.020051838429183944,0.013249582634373532,0.9579269928208474,0.008771586115595264
0.9444200166116035,0.00916878749075449,0.03881424874483171,0.007596947152810511
0.978897002638526,0.0005194257678233365,0.003994240533233016,0.016589331060417725
0.0018753456012590632,0.9783076771442707,0.014873880861597251,0.004943096392872986

Transition Gammas
1.0,1.0,2173.714879118232,45.28512088176788
587.7934961832741,8.20650381672578,1.0,1.0
12.524481174461314,3.3187164966939915,9.186948148008128,641.7104224031198
6.519416754615656,3.4468310443362933,12.622523622958727,540.0555996542831

10.067543098985203,6.652294984632493,480.951974551575,4.404001237945813
129.50308197776175,1.2572650062119264,5.322382783818497,1.0417272533474338
1968.943646140726,1.0447677972665965,8.033975482475725,33.36761466946283
1.3667684465671313,712.9992803766208,10.840215811944924,3.6025723331116857

Iteration: ,10000
Error:,0.026296161754483627
Transition Probabilities
0.0003390979993218046,0.0003390979993218046,0.9795163945511685,0.01980540945018783
0.985188716568817,0.012387041006940549,0.0012121212121212126,0.0012121212121212126
0.016054287930911668,0.0036734242605048597,0.011247263565777772,0.9690250242428057
0.01107414275303094,0.0048531922843641365,0.024908892056735122,0.9591637729058697

0.021065545025313798,0.010238047206556843,0.9606605405432197,0.008035867224909718
0.9484111513919319,0.007253048172420082,0.03821474268114944,0.006121057754498752
0.9766476147775387,0.0003929265636458118,0.0037071090864230225,0.019252349572392344
0.0013792489103646903,0.9831135893283747,0.011874556318561207,0.003632605442699339

Transition Gammas
1.0,1.0,2888.5938475313906,58.40615246860381
812.7806911692738,10.21930883072595,1.0,1.0
14.504077509323487,3.3187164966939915,10.161221925746739,875.455462152883
8.137592252864401,3.566262492335468,18.303756015141285,704.8205772397802

14.161829461586153,6.882778413029298,645.8276170542892,5.402308892476698
164.48865630001342,1.2579398146148755,6.627812911359782,1.0616119008033442
2598.9055898232677,1.0455962080875536,9.86479297242123,51.23141465135208
1.3678457634149204,974.9855504782566,11.77638164563138,3.6025723331116857

Iteration: ,12500
Error:,0.02815803304124273
Transition Probabilities
0.0002701242571582931,0.0002701242571582931,0.9798697232601746,0.019590028225508857
0.9831402398754997,0.014902812962073783,0.0009784735812133074,0.0009784735812133074
0.017853381856952615,0.0038992683558187234,0.013371160313611208,0.9648761894736174
0.01222955213975456,0.004176578794186426,0.023732848328121614,0.9598610207379374

0.0232240022760654,0.008189943800521073,0.9540638795939581,0.014522174329455429
0.9450741028380967,0.010169770453644329,0.03980200846717787,0.004954118241081222
0.9773555797976697,0.00031170372131390556,0.003068154092676734,0.01926456238833972
0.0011116074620127526,0.9832965071467397,0.011816544502861823,0.00377534088838573

Transition Gammas
1.0,1.0,3627.4777155091624,72.52228449083371
1004.7693251527605,15.230674847239404,1.0,1.0
20.009895995311325,4.370261885557357,14.986265871404127,1081.4238083526268
10.898850339023932,3.7221238101604306,21.150468888073522,855.4182108826988

19.733459496469038,6.959003979796423,810.6690957576475,12.339507011946527
206.46752691912033,2.221759488058679,8.695426348001329,1.082311469787647
3280.856535425502,1.0463491612754536,10.299397286640389,64.66864948679283
1.36898540229051,1210.9657504185498,14.552508401341068,4.649470916210219

Iteration: ,15000
Error:,0.028361480307992026
Transition Probabilities
0.00022497187851518565,0.00022497187851518565,0.9796062796265491,0.019943776616420605
0.9826732564115648,0.01569542221812524,0.0008156606851549748,0.0008156606851549748
0.019063132540241338,0.0033356047691045065,0.01188005450919182,0.9657212081814623
0.012124481074398051,0.0035099075199876042,0.022718013263932257,0.9616475981416821

0.023902530895060413,0.009295894440888387,0.9509171335263245,0.015884441137726777
0.9447732827552594,0.012259841618532647,0.03877250661654614,0.004194369009661802
0.978944610935999,0.00025961670616719563,0.0026095752231164136,0.018186197134717336
0.0009272426405419781,0.9821621544933081,0.01355447133369443,0.0033561315324554864

Transition Gammas
1.0,1.0,4354.34991294001,88.65008705998957
1204.7574123605796,19.242587639421565,1.0,1.0
25.63821371663224,4.486091032729944,15.97761416330395,1298.8089273247624
12.857552353121797,3.7221238101604306,24.091591475755283,1019.7908069211423

24.570781915139666,9.555782858978727,977.5022406549224,16.328527750992837
247.44693935782496,3.2109928814566686,10.15496338498883,1.0985532644946572
3948.6883235944774,1.0471945448193343,10.526028845706483,73.3561669110006
1.3698167304015259,1450.9493981055043,20.024037714432463,4.958017374932736

Iteration: ,17500
Error:,0.027397162977543212
Transition Probabilities
0.00019436345966958215,0.00019436345966958215,0.9802185674409382,0.01939270563972269
0.982227020349287,0.016365520115174625,0.0007037297677691757,0.0007037297677691757
0.019787631651950754,0.003492227512833386,0.011263616865367495,0.9654565239698484
0.010226097724587931,0.0029603458559104793,0.025230397391701954,0.9615831590277997

0.02350838412671138,0.008764583702515273,0.9534708669278327,0.014256165242940664
0.9484115146844654,0.009977319941098552,0.038178373301160085,0.0034327920732759687
0.9776260632179545,0.00022371372587824724,0.002326584531436582,0.019823638524730597
0.0007909075552396086,0.9813694139660043,0.01481853108973268,0.0030211473890233895

Transition Gammas
1.0,1.0,5043.224529483626,99.77547051637323
1395.7445959163388,23.255404083663176,1.0,1.0
31.27815090437479,5.520136065805716,17.804308986583226,1526.0893966239275
12.857552353121797,3.7221238101604306,31.72286869250973,1209.0248051661738

28.60771163093329,10.665755748045544,1160.293258037007,17.348545184336043
305.41676173767456,3.212994254129081,12.294573570136134,1.1054613134758446
4579.506455292607,1.047945109426353,10.898450114379148,92.86012720709523
1.37081360832216,1700.9251442138338,25.68371478888772,5.236300913025875

Iteration: ,20000
Error:,0.028199027597652734
Transition Probabilities
0.00016989466530750922,0.00016989466530750922,0.9811609326916148,0.018499277977770158
0.9804797205593703,0.01827183998994301,0.0006242197253433201,0.0006242197253433201
0.01946008529937464,0.0031183749878716947,0.011517695607417904,0.9659038441053357
0.011387743370140766,0.0033501620296301285,0.026632659739246514,0.9586294348609826

0.024334117709559806,0.009593737235634722,0.9529391126432339,0.013133032411571603
0.9526798014325385,0.011297860699914732,0.033050606728082965,0.002971731139463638
0.9777663977022581,0.00019474370233625823,0.0020615297279436904,0.01997732886746203
0.0007001219607414228,0.9805048891419569,0.016052154122650465,0.0027428347746511973

Transition Gammas
1.0,1.0,5775.113249822849,108.88675017715524
1570.7285123361132,29.271487663888742,1.0,1.0
34.95954920473162,5.602081499139585,20.69124775756183,1735.2217344147532
16.467376698321942,4.8445401647343385,38.51246257922861,1386.237071283785

34.01698577902125,13.411212479836257,1332.1262200652193,18.358840131867588
354.38961843755555,4.202717992533148,12.294573570136134,1.1054613134758446
5264.3457388345205,1.0485103414966452,11.099384540402058,107.55898990174175
1.3716041181169103,1920.9003847796366,31.44766474109554,5.373468742848514

Iteration: ,22500
Error:,0.029376362531070573
Transition Probabilities
0.00015064778547755356,0.00015064778547755356,0.9807178956792854,0.018980808749759544
0.9792260472556698,0.01965974661619651,0.0005571030640668517,0.0005571030640668517
0.01919024711620907,0.003326368244303646,0.011726672772713774,0.9657567118667735
0.010814892228805557,0.0030029773650862217,0.028115103399867496,0.9580670270062407

0.02544388786163545,0.008686145494839453,0.9529298171305629,0.012940149512962155
0.9574750754318311,0.010155550722882604,0.029699000906842455,0.002670372938443837
0.9780362378885139,0.0001724181494685516,0.0018503936243911927,0.019940950337626374
0.0006243220476722387,0.9777517252697374,0.017820088208534555,0.0038038644740559227

Transition Gammas
1.0,1.0,6510.005391519093,125.99460848090379
1757.7107548239292,35.289245176072775,1.0,1.0
38.59312328546138,6.689592842023501,23.583277761094745,1942.214064213624
17.447077819788188,4.8445401647343385,45.35656819791125,1545.597461639904

40.023671525834374,13.663455679477849,1498.9749284941067,20.35507688205529
396.3684769529118,4.204120061121748,12.294573570136134,1.1054613134758446
5950.196296449251,1.0489609634743962,11.257461497127913,121.31714986633048
1.3721229104581398,2148.8838140262196,39.16464489518055,8.36005970410649

Iteration: ,25000
Error:,0.02929591789368527
Transition Probabilities
0.00013599891200870396,0.00013599891200870396,0.9794481816397596,0.02027982053622304
0.9799941254980405,0.01901331867069397,0.0004962779156327539,0.0004962779156327539
0.019800629625306126,0.0034901971957402383,0.010974634570452425,0.9657345386085012
0.011263311086252453,0.0027307173301166607,0.030243286581165554,0.9557626850024653

0.0258954243953625,0.009724909039158415,0.9506223745782957,0.013757291987183416
0.9586284287843723,0.011522134218767778,0.027386951032034586,0.0024624859648252418
0.978162952343441,0.00015559666073991163,0.00179553107773347,0.01988591991808578
0.0005609852302302302,0.9787948271461784,0.017208707642559693,0.003435479981031487

Transition Gammas
1.0,1.0,7201.88247959715,149.11752040284796
1974.6881628785534,38.311837121448384,1.0,1.0
44.29007673146701,7.806878090872639,24.548078340091347,2160.1564004072484
20.195910019765982,4.896368489348105,54.228342786405165,1713.7498057848713

45.84161987881152,17.21561217621734,1682.8482467935773,24.35397621640151
430.3482972722098,5.17252638572011,12.294573570136134,1.1054613134758446
6597.138962570704,1.0494087826102378,12.109810541324855,134.1189387554136
1.3725891718434395,2394.8637304512376,42.10536124436458,8.405751823650448

Iteration: ,27500
Error:,0.031221671100359356
Transition Probabilities
0.00012294074256208516,0.00012294074256208516,0.9798083663858869,0.019945752128988886
0.9807701551132331,0.01832116701307319,0.0004543389368468875,0.0004543389368468875
0.02222210554226645,0.0032141066303706155,0.009978060287628746,0.9645857275397343
0.011315581801499046,0.0025344818238238853,0.03080788607916372,0.9553420502955134

0.025838093815842057,0.009498127975358138,0.950912848468045,0.01375092974075478
0.9591941525895208,0.012413697648519578,0.02615754870297147,0.002234601058988209
0.9782680650235073,0.00014107331768245437,0.0017234561917973041,0.01986740546701302
0.0005109105480267335,0.9766250601784272,0.01964652527415275,0.0032175039993933376

Transition Gammas
1.0,1.0,7969.7612521828,162.2387478171955
2158.675111404227,40.32488859577412,1.0,1.0
54.706463456032594,7.912499856673296,24.564026547755248,2374.620791603041
22.10224073899916,4.950494671988687,60.17572288604121,1866.0286633183298

49.52734226735357,18.206336678221312,1822.7422830868816,26.3582526102264
476.3185076592878,6.164418248916099,12.989366676796635,1.1096625628478172
7279.099327771079,1.0496986752645492,12.823896900746938,147.82943750291477
1.3731541132554574,2624.836624868811,52.80319049112397,8.647558497758137

Iteration: ,30000
Error:,0.029773160853342414
Transition Probabilities
0.00011303266644060135,0.00011303266644060135,0.9804048164843918,0.019369118182726894
0.9811446531919036,0.018023745976495684,0.00041580041580041566,0.00041580041580041566
0.02134258326094362,0.0029359856479858793,0.00979440362885755,0.965927027462213
0.010848703599681238,0.0023558553728519104,0.03165095601412509,0.9551444850133418

0.025191194848583058,0.009106328410965139,0.9498732408505935,0.015829235889858153
0.9614160808675063,0.012973850659926537,0.023594430818872063,0.0020156376536952085
0.9782351017557824,0.0001296966491783768,0.0016707319519543734,0.019964469643084955
0.0004659059292715338,0.9760242580709667,0.020509450984640347,0.0030003850151213186

Transition Gammas
1.0,1.0,8673.641411437413,171.3585885625848
2359.652890926529,43.34710907347213,1.0,1.0
57.656661838815936,7.931520266307931,26.459431411722356,2609.437072468948
22.999889916408993,4.994551997546202,67.101888938635,2024.9625042956745

53.08440033114109,19.189402718692705,2001.630001444235,33.35631755317714
529.2853258137551,7.142452586607556,12.989366676796635,1.1096625628478172
7919.96445767257,1.0500470182764026,13.526541476611184,161.63587843629654
1.3737229396320954,2877.8060735261897,60.472085729650146,8.846630755365183

Iteration: ,32500
Error:,0.029193402911758017
Transition Probabilities
0.00010446046171524086,0.00010446046171524086,0.9798944840653373,0.019896595011232174
0.978541327178412,0.020697348116601202,0.0003806623524933385,0.0003806623524933385
0.02147063664229907,0.0027044012547558158,0.009606500193144962,0.9662184619098002
0.01126393355953732,0.002171985119489823,0.03007405521196127,0.9564900261090117

0.025271134808840228,0.008826854249648415,0.949898450097656,0.016003560843855315
0.9626961338292792,0.013382356270733017,0.0220904357115352,0.0018310741884524347
0.9793170128319637,0.00012055419985188672,0.0015564895491623715,0.01900594341902202
0.0004268618598766924,0.976512978012271,0.01999856720154458,0.0030615929263075998

Transition Gammas
1.0,1.0,9380.529895957467,190.47010404252546
2570.628066497688,54.37193350231135,1.0,1.0
63.39177439215131,7.984709399328468,28.363066409603903,2852.7473950282842
25.901789729217533,4.994551997546202,69.15628987757424,2199.480616910445

57.425554189421646,20.057943613121598,2158.527716826104,36.36612908024355
584.2546806597956,8.121674134425547,13.406556865395618,1.1112682679874437
8531.90718698855,1.0502801755313236,13.560291710412292,165.58166878295154
1.3742353414025414,3143.7773478060494,64.3832124840463,9.856465512133848

Iteration: ,35000
Error:,0.029498557254444797
Transition Probabilities
9.70591089973795e-05,9.70591089973795e-05,0.9788797794995007,0.02092610228250455
0.9800806078532682,0.019212927999787213,0.0003532320734722713,0.0003532320734722713
0.02211710556127524,0.002532147573145951,0.009478207712722606,0.9658725391528562
0.010404540324970261,0.003188663436211623,0.03136075389321682,0.9550460423456012

0.025457626676685163,0.0085555787735981,0.9482717650881831,0.017715029461533607
0.9645831121457125,0.012337067062731341,0.021387085030396755,0.00169273576115945
0.97916892495375,0.00011217067682679488,0.0014604999239403941,0.019258404445482834
0.0003956681960802651,0.977400743890328,0.019084466995940286,0.003119120917651451

Transition Gammas
1.0,1.0,10085.398368183345,215.60163181664416
2774.608200832602,54.391799167397586,1.0,1.0
70.26126257326395,8.044085380799828,30.110216681949076,3068.368231896755
25.901789729217533,7.938081574231754,78.07165215577787,2377.558354134002

62.3218027866278,20.944571928299936,2321.4263718493785,43.367458659141384
635.2257664383808,8.124569860125613,14.084455045139043,1.1147503597364812
9170.796327709912,1.0505791236874629,13.67889339393182,180.37225269840792
1.3746573892090943,3395.752218949497,66.30455476326547,10.836662283607986

Iteration: ,37500
Error:,0.029427752196504786
Transition Probabilities
9.073586788857653e-05,9.073586788857653e-05,0.9787003776499293,0.0211181506142935
0.980094820967421,0.01924620044938301,0.00032948929159802316,0.00032948929159802316
0.021459773910959,0.0023682837693027744,0.009918584178197631,0.9662533581415407
0.010409365987882365,0.0033873497216543647,0.031138921562247224,0.9550643627282162

0.024498393013921652,0.008274799444104848,0.9503692092712442,0.016857598270729263
0.963017545132924,0.012837217675904077,0.022571476080372518,0.0015737611107992605
0.9789016001980435,0.00010478032909221902,0.0014343235528379665,0.019559295920026303
0.00036875060073584723,0.9778840418158439,0.01882292035576732,0.0029242872276528833

Transition Gammas
1.0,1.0,10786.25686207985,232.74313792012822
2974.5877816361217,58.41221836387742,1.0,1.0
73.12783095241186,8.07032990410357,33.799263220573685,3292.672724538372
27.757092971639455,9.032536780901951,83.03348559807141,2546.726701799801

64.50405317416562,21.787474102680022,2502.3137629919534,44.385907868565816
684.1942318360477,9.120446798780803,16.036336841697505,1.1181086780180332
9817.684060724028,1.0508718819112959,14.385241049528839,196.16577167120514
1.3751399724937818,3646.7125251628727,70.1941912192965,10.9052141197165

Iteration: ,40000
Error:,0.0299250133488399
Transition Probabilities
8.510638297872354e-05,8.510638297872354e-05,0.9781375695794741,0.02169221765456845
0.9798534823265284,0.01953075412667364,0.00030788177339901473,0.00030788177339901473
0.021438701556138716,0.0022218064269556572,0.009813504618464529,0.9665259873984411
0.011455209820107498,0.0032113862657195684,0.030992890406135516,0.9543405135080374

0.024299004488000445,0.008472516295928068,0.9503712764177489,0.016857202798322642
0.9630973847501896,0.012098657783036369,0.023318109900982043,0.001485847565791967
0.9788078233320814,9.834585334194155e-05,0.0013555370482212518,0.019738293766355473
0.0003448945143137489,0.9773258796419135,0.019573994468298613,0.0027552313754739917

Transition Gammas
1.0,1.0,11493.116442558801,254.88355744117888
3182.5641105965647,63.43588940343599,1.0,1.0
77.98632585333822,8.082136856184325,35.6980186945918,3515.8757353656674
32.53003718513507,9.119563611686798,88.01234488229943,2710.097229053289

68.32224014046089,23.822428332412724,2672.1874388753185,47.397902998544765
726.1709386201862,9.12233157047851,17.58174616789858,1.1203221383240904
10461.583326943188,1.0511290521704333,14.488098117615888,210.96460412980747
1.375477331662675,3897.6833127355626,78.06324706209469,10.98816636150589

Iteration: ,42500
Error:,0.028444333832935757
Transition Probabilities
7.981482959533891e-05,7.981482959533891e-05,0.9782884619646471,0.02155190837616216
0.9799968121595997,0.019418734304456422,0.0002922267679719461,0.0002922267679719461
0.020764543895026424,0.0021037412435755344,0.01048125850391154,0.9666504563574865
0.011166801961088822,0.0034021427458312404,0.030424434401858384,0.9550066208912215

0.02452214440475838,0.008305898784220821,0.9512621791390313,0.015909777671989436
0.9631191710863501,0.0137329429176188,0.0217612431546012,0.0013866428414298516
0.9794067009831378,9.211643084723858e-05,0.0013248294098595315,0.019176353176155524
0.00032657022694667547,0.9775918863097105,0.019467960246118524,0.0026135832172242313

Transition Gammas
1.0,1.0,12256.97613995505,270.02386004493536
3353.5490912101513,66.4509087898499,1.0,1.0
79.87875006196387,8.092844313852977,40.320164632622564,3718.590236848769
33.40832168735003,10.178373331511288,91.02241583532629,2857.1446431536915

73.08407548516034,24.754316902248792,2835.0749330423455,47.41638305115639
778.1410590918705,11.095373311187062,17.58174616789858,1.1203221383240904
11178.527242601924,1.051377360072648,15.121033616626214,218.87065524284287
1.3758603216147962,4118.654354016538,82.01970613133194,11.011185800487352

Iteration: ,45000
Error:,0.029414772922363552
Transition Probabilities
7.526153383005953e-05,7.526153383005953e-05,0.9781622559520954,0.021687220980244434
0.9788281030054198,0.02061818713854475,0.0002768549280177185,0.0002768549280177185
0.019919149669952962,0.001995120286456912,0.010406561475530441,0.9676791685680597
0.01109725809058698,0.0032650662412106284,0.03098723556593812,0.9546504401022643

0.02494652638879621,0.008096827005733555,0.9515792576038438,0.015377389001626494
0.9633721505631083,0.014082218857788688,0.021238450890018926,0.0013071796890840952
0.9793698767290374,8.679105368332501e-05,0.0012554572864680992,0.01928787493081113
0.0003093266499795314,0.9776610772503286,0.019545439440143086,0.0024841566595488716

Transition Gammas
1.0,1.0,12996.84189483548,288.1581051645075
3535.5271080555794,74.47289194442371,1.0,1.0
80.7984251563805,8.092844313852977,42.21233297846416,3925.2153918435574
35.077804181347716,10.32068942736984,97.94889624359246,3017.595961650143

78.56827443641345,25.500693617061735,2996.967958352501,48.43058710321619
827.1127222025426,12.090428779064624,18.23448282238653,1.122292096999324
11866.453904742468,1.0515966054795747,15.211644112440416,233.69993730186172
1.3761971449559078,4349.623232707076,86.95784199716843,11.052036100738755

Iteration: ,47500
Error:,0.02920381136054223
Transition Probabilities
7.130124777183602e-05,7.130124777183602e-05,0.9778752005155584,0.02198219698889789
0.9783540226739249,0.021121180684773592,0.00026239832065074766,0.00026239832065074766
0.02020365658527008,0.00189384175474009,0.009848262653416241,0.9680542390065735
0.010516694791222884,0.0030942512872674157,0.03146287163050676,0.9549261822910029

0.02516663717594191,0.007956066662127175,0.9522639657313728,0.014613330430558045
0.9624623292886265,0.016332691036352143,0.01998700648053389,0.0012179731944874316
0.9794130972566265,8.236114034674974e-05,0.0011962872348937844,0.019308254368133007
0.0002924749780924014,0.9778519145357953,0.019291794567411168,0.002563815918701183

Transition Gammas
1.0,1.0,13714.699687230705,308.3003127692929
3728.50718041033,80.49281958967221,1.0,1.0
86.63332327392531,8.120797553432723,42.22937162582589,4151.018677267283
35.077804181347716,10.32068942736984,104.94251967442176,3185.098958847958

