0,1,2,3,4,5,6,7,8,9,10,11,12,13,14,15,16,17,18,19,20,21,22,23,24,25,26,27,28,29
github Code Version (SHA):,83e837b3de1a08bfde9277c8a2759251ab95ca79
Environment Observations,Environment Actions,alpha,epsilon,numActions,explore,gainThresh,insertRandActions,useBudd,revisedSplitting,haveControl,confidence_factor
"['square', 'diamond']","['x', 'y']",0.99,0.99,50000,0.5,0.0275,False,True,False,False,250

Model Num 0
Model States: 
['square'],['diamond']
Iteration: ,0
Error:,0.6716354451928438
Transition Probabilities
0.5,0.5
0.5,0.5

0.5,0.5
0.5,0.5

Transition Gammas
1.0,1.0
1.0,1.0

1.0,1.0
1.0,1.0

Iteration: ,2458
Error:,0.26273229025657513
Transition Probabilities
0.9817671809256662,0.0182328190743338
0.666,0.334

0.022988505747126436,0.9770114942528736
0.6486486486486487,0.35135135135135137


Model Num 1
Model States: 
['square'],"['diamond', 'x', 'square']","['diamond', 'x', 'diamond']"
Iteration: ,0
Error:,0.7077341046302323
Transition Probabilities
0.3333333333333333,0.3333333333333333,0.3333333333333333
0.3333333333333333,0.3333333333333333,0.3333333333333333
0.3333333333333333,0.3333333333333333,0.3333333333333333

0.3333333333333333,0.3333333333333333,0.3333333333333333
0.3333333333333333,0.3333333333333333,0.3333333333333333
0.3333333333333333,0.3333333333333333,0.3333333333333333

Transition Gammas
1.0,1.0,1.0
1.0,1.0,1.0
1.0,1.0,1.0

1.0,1.0,1.0
1.0,1.0,1.0
1.0,1.0,1.0

Iteration: ,2500
Error:,0.21374552358973528
Transition Probabilities
0.983448275862069,0.013280269186909593,0.0032714549510214413
0.9962335216572504,0.0018832391713747645,0.0018832391713747645
0.00381679389312977,0.9539401667054125,0.04224303940145764

0.025387870239774322,0.4761761680065489,0.4984359617536767
0.9188549873854593,0.07025669446778243,0.01088831814675821
0.24311532516858222,0.739766178182676,0.017118496648741766

Transition Gammas
713.0,9.628195160509454,2.371804839490545
529.0,1.0,1.0
1.0,249.93232367681813,11.067676323181905

18.0,337.60890311664326,353.3910968833569
90.03298475899152,6.884024126846762,1.0668797527535148
25.16812294582684,76.5831035569456,1.7721648275545856

Iteration: ,5000
Error:,0.21266915166183134
Transition Probabilities
0.9837914023960536,0.013808401309675014,0.002400196294271428
0.9981132075471698,0.0009433962264150943,0.0009433962264150943
0.0019342359767891692,0.9687487907047814,0.029316973318429536

0.02379286214135759,0.48440285237649494,0.4918042854821475
0.939988594805753,0.05070476184298622,0.00930664335126068
0.19279012549460214,0.7845224356483687,0.02268743885702916

Transition Gammas
1396.0,19.594121458428845,3.4058785415711563
1058.0,1.0,1.0
1.0,500.84312479437176,15.156875205628063

34.0,692.2116760460113,702.7883239539889
180.2057759524505,9.720640232116583,1.7841821655008665
42.905666399195155,174.59637945801015,5.049115874345364

Iteration: ,7500
Error:,0.20863687942017278
Transition Probabilities
0.981698732989207,0.013727578730578381,0.004573688280214675
0.9987468671679198,0.0006265664160401002,0.0006265664160401002
0.0012562814070351757,0.9720786595985808,0.026665058994384025

0.02339728591483388,0.4860237161935218,0.49057899789164444
0.9388480204456383,0.04936888043967638,0.011783099114685225
0.18451551027246416,0.7923015877296161,0.023182901997919576

Transition Gammas
2092.0,29.25347027486253,9.74652972513747
1594.0,1.0,1.0
1.0,773.7746130404704,21.225386959529686

50.0,1038.632681505556,1048.3673184944441
271.7529206888661,14.289999188849881,3.4106602234323096
56.430534968825356,242.31026641723014,7.090046576250789

Iteration: ,10000
Error:,0.2104783902400036
Transition Probabilities
0.9827160493827161,0.013421844686928652,0.003862105930355298
0.9990627928772259,0.00046860356138706655,0.00046860356138706655
0.0009293680297397769,0.9755848600786902,0.02348577189157

0.025183630640083946,0.4829470184245435,0.49186935093537265
0.9431292327256663,0.047767878543510764,0.009102888730822932
0.17889721956490368,0.8030287894881593,0.018073990946937096

Transition Gammas
2786.0,38.050929687442725,10.94907031255727
2132.0,1.0,1.0
1.0,1049.7293094446707,25.27069055532932

72.0,1380.7455256757698,1406.2544743242304
358.12154501446895,18.13824221801161,3.456515250784667
70.36011854918982,315.8305141031033,7.108484686214538

Iteration: ,12500
Error:,0.21156102020596562
Transition Probabilities
0.9840826584752862,0.01284354784324374,0.0030737936814700237
0.9992432841468029,0.00037835792659856227,0.00037835792659856227
0.000742390497401633,0.9722956510118581,0.026961958490740214

0.025288002247822423,0.48219924952634974,0.4925127482258279
0.9455937699107837,0.045712664143861395,0.008693565945354994
0.17244264836942236,0.8116301700423714,0.015927181588206336

Transition Gammas
3524.0,45.99274482665584,11.007255173344154
2641.0,1.0,1.0
1.0,1309.6822419129733,36.31775808702708

90.0,1716.1471290642787,1752.8528709357215
450.6318340632494,21.78481112984613,4.143002726080515
84.36219069108849,397.0647622453032,7.791877143045048

Iteration: ,15000
Error:,0.20959639219710535
Transition Probabilities
0.9830508474576272,0.014141815844111304,0.0028073366982615763
0.999369284137496,0.000315357931251971,0.000315357931251971
0.0006180469715698393,0.9744314533297063,0.02495049969872389

0.026488513830285994,0.480368248030307,0.49314323813940714
0.9474286525862835,0.04406018114152014,0.008511166272196509
0.16588569361982342,0.8196731119266248,0.014441194453551751

Transition Gammas
4234.0,60.90880084058738,12.091199159412609
3169.0,1.0,1.0
1.0,1576.6300914874648,40.369908512535254

113.0,2049.2509460972888,2103.74905390271
540.1981262885811,25.121920507272232,4.852836211170426
97.06544372589038,479.6190230947774,8.450041211982846

Iteration: ,17500
Error:,0.20893275767956065
Transition Probabilities
0.9824771007566706,0.014296859212072799,0.00322604003125655
0.9994588744588745,0.00027056277056277056,0.00027056277056277056
0.0005274261603375529,0.9744634370878391,0.025009136751823407

0.025150905432595582,0.4799436818651217,0.49490541270228283
0.9475273370543771,0.04284460046417573,0.009628062481447264
0.16354254368714888,0.8213800220447474,0.015077434268103769

Transition Gammas
4934.0,71.7988269630296,16.201173036970395
3694.0,1.0,1.0
1.0,1847.5826767185422,47.417323281457165

125.0,2385.320098869654,2459.6799011303447
626.7911827373173,28.341786826259533,6.368982122432203
111.54570243233566,560.2298304601231,10.283703300654732

Iteration: ,19950
Error:,0.21549026636031282
Transition Probabilities
0.9815766164747565,0.015329225860791539,0.0030941576644520404
0.999529854254819,0.00023507287259050304,0.00023507287259050304
0.00046598322460391435,0.975091777731642,0.024442239043753988

0.024005607149115128,0.48672597486152275,0.4892684179893622
0.9461521209412996,0.04021319410363438,0.013634684955065925
0.1613313288202607,0.8232622360145536,0.015406435165185639


Model Num 2
Model States: 
"['diamond', 'x', 'square']","['diamond', 'x', 'diamond']","['square', 'y', 'diamond', 'x', 'diamond']","['square', 'y', 'diamond', 'x', 'square']"
Iteration: ,0
Error:,0.6714975138187664
Transition Probabilities
0.25,0.25,0.25,0.25
0.25,0.25,0.25,0.25
0.25,0.25,0.25,0.25
0.25,0.25,0.25,0.25

0.25,0.25,0.25,0.25
0.25,0.25,0.25,0.25
0.25,0.25,0.25,0.25
0.25,0.25,0.25,0.25

Transition Gammas
1.0,1.0,1.0,1.0
1.0,1.0,1.0,1.0
1.0,1.0,1.0,1.0
1.0,1.0,1.0,1.0

1.0,1.0,1.0,1.0
1.0,1.0,1.0,1.0
1.0,1.0,1.0,1.0
1.0,1.0,1.0,1.0

Iteration: ,2500
Error:,0.03909996385677023
Transition Probabilities
0.0013315579227696401,0.0013315579227696401,0.03085495368150701,0.9664819304729536
0.943920235590616,0.04627584284075645,0.0049019607843137246,0.0049019607843137246
0.01833769417683255,0.00805143203301898,0.9534333832051614,0.020177490584987037
0.009117066975680127,0.008859126764552949,0.9619017787995296,0.0201220274602373

0.03278221345055778,0.007681319277587135,0.019910283189097436,0.9396261840827577
0.9090982271861988,0.039411051412133406,0.01932168368819514,0.03216903771347265
0.006347401047190914,0.9700148764477078,0.00787827609622593,0.015759446408875336
0.9828763430022612,0.001649031763913439,0.010177454546900767,0.005297170686924401

Transition Gammas
1.0,1.0,23.17207021481177,725.8279297851884
192.55972806048572,9.440271939514318,1.0,1.0
2.7425389136866003,1.204151702418208,142.59307248953587,3.0176941864252615
1.963254723804393,1.9077102883729797,207.13440145844132,4.333045437662322

5.724592309995411,1.3413499772800312,3.476832161014398,164.08217327310962
47.0506733189937,2.039731736019059,1.0,1.6649189704480456
1.5845062282242723,242.14550203690035,1.9666596531922163,3.9340417916842787
668.7442377384734,1.1219931152237388,6.9246901011935895,3.6041689256424547

Iteration: ,5000
Error:,0.028361232952098095
Transition Probabilities
0.0006648936170212764,0.0006648936170212764,0.0295467739141331,0.9691234388518244
0.9550323902070257,0.04011324086093536,0.002427184466019417,0.002427184466019417
0.017702032257285262,0.0042906255616287975,0.955939386281498,0.022067955899587856
0.009799798343822894,0.004359172556198191,0.9714679636066186,0.014373065493360303

0.02583946259827237,0.004869455830253094,0.012650534783305464,0.9566405467881691
0.9491466388218169,0.022111776559171025,0.0107851626776404,0.01795642194137174
0.0032275159507276397,0.9807749261002007,0.004400982366081067,0.011596575582990648
0.9881321538351696,0.0008255210777367173,0.007449402725722252,0.003592922361371174

Transition Gammas
1.0,1.0,44.4383479668562,1457.5616520331444
393.4733447652947,16.526655234705373,1.0,1.0
5.394186536737008,1.307445060676163,291.2951062607026,6.724576527526807
4.288698344347312,1.9077102883729797,425.14477348733647,6.290103124767301

9.100686167868698,1.7150275146354959,4.455531785179905,336.9298165032089
88.00485140475166,2.0502033413935195,1.0,1.6649189704480456
1.5898221230432092,483.1138556847829,2.1678526878050945,5.712285452601637
1347.6327582927656,1.1258607896740145,10.159632093677766,4.900093427173382

Iteration: ,7500
Error:,0.026948590532856854
Transition Probabilities
0.00044483985765124564,0.00044483985765124564,0.032347119473536794,0.9667632008111608
0.96246951497734,0.03435083478418622,0.0015898251192368843,0.0015898251192368843
0.02060162385448746,0.003019787854895065,0.9574885943224757,0.01888999396814171
0.011050938991631537,0.0051395018525245756,0.9699609779310726,0.013848581224771372

0.022560046992148364,0.0037722385022045868,0.01205621376858674,0.9616115007370603
0.9502875405423492,0.022667327624940954,0.014682688688842137,0.012362443143867812
0.0021275502807152936,0.9811557224678112,0.0033449568473846534,0.01337177040408878
0.9877795496966402,0.0005546215283958628,0.008546965913316301,0.0031188628616477198

Transition Gammas
1.0,1.0,72.7163245765107,2173.283675423489
605.3933249207467,21.60667507925313,1.0,1.0
9.29775527956703,1.362865794916801,432.1258700705704,8.525276569886605
7.311129530904599,3.400214569692755,641.7111120554646,9.162006163478855

12.007567515954506,2.007771017377267,6.416910428576184,511.81697552479335
127.98050799644517,3.052735072908722,1.977399341760532,1.6649189704480456
1.5918280286837356,734.0983635896054,2.5026887085433858,10.004726616940797
2009.4028498966316,1.1282457509015416,17.386771845460448,6.344585615845544

Iteration: ,10000
Error:,0.027603073400921715
Transition Probabilities
0.0003327787021630616,0.0003327787021630616,0.030292002383013245,0.9690424402126606
0.9676069936676167,0.029962872675032143,0.0012150668286755773,0.0012150668286755773
0.020018667057166775,0.0037927047433705787,0.9457758607363588,0.030412767463103958
0.01008703658918117,0.004067077319555296,0.9752967527472675,0.010549133343996039

0.01961594143832481,0.004552953910498112,0.011865448126231377,0.9639656565249457
0.9497860139148149,0.02824139340321524,0.011462179770981061,0.010510412910988727
0.0016180400576381719,0.9798489059506337,0.0028002062419452472,0.01573284774978296
0.9849571424777922,0.000412138109016123,0.011724833353875976,0.0029058860593158286

Transition Gammas
1.0,1.0,91.02746716095479,2911.9725328390446
796.3405557884485,24.65944421155145,1.0,1.0
12.257845017835624,2.3223517734664965,579.1181745223124,18.62236826566032
8.780553379150758,3.5403053400034876,848.9753281151673,9.182798893590165

13.81198668564146,3.2058282285282718,8.354705383575661,678.7479894962008
169.9517527967883,5.053427024595628,2.0510067682727913,1.8807005690449514
1.593642088069656,965.0740407201506,2.757982721981055,15.495616576912246
2700.289815097282,1.1298890989206494,32.143985483000904,7.966574576091902

Iteration: ,12500
Error:,0.028585420753490503
Transition Probabilities
0.000264200792602378,0.000264200792602378,0.028084810379207178,0.9713867880355881
0.9680106581978064,0.030032394639766886,0.0009784735812133072,0.0009784735812133072
0.018616773636075706,0.003088079579209313,0.9475952581760003,0.030699888608714563
0.01530301057035184,0.003718401507367585,0.9712228279234589,0.009755759998821492

0.017541810088738903,0.005106514170279729,0.013208951790509117,0.9641427239504722
0.9592789032825951,0.022269409600202645,0.009272121019402694,0.009179566097799402
0.0013002527627232812,0.981457667250503,0.0022733546069942457,0.014968725379779462
0.984251797633065,0.0003296214022438525,0.01289255082815984,0.0025260301365313126

Transition Gammas
1.0,1.0,106.30100728529908,3676.698992714698
989.3068926781582,30.693107321841758,1.0,1.0
14.208930018194271,2.3569232504697952,723.2356675865835,23.431158230462078
16.718795677457166,4.062416003872503,1061.0772267774184,10.658331401443727

14.968311080051516,4.3573549279561945,11.271111615138794,822.6966398937001
217.92703284263163,5.059119241257509,2.1064216204502118,2.085395181350002
1.5951441201223449,1204.0477605174797,2.78894099536835,18.363563577647913
3377.1979535662854,1.1310080690597777,44.23735509329795,8.667399773366414

Iteration: ,15000
Error:,0.025085966482415796
Transition Probabilities
0.0002205558006175565,0.0002205558006175565,0.02636833072784132,0.9731905576709237
0.9676321529454596,0.030739182559426505,0.0008143322475570033,0.0008143322475570033
0.016690242447557627,0.0034541722405500553,0.9508858682435694,0.02896971706832298
0.016161931689734253,0.0038169251881255235,0.9683979565259924,0.011623186596147831

0.015498555166873882,0.004216204969234632,0.013714204283698824,0.9665710355801925
0.9652334604975447,0.01901754967441239,0.00791399391781463,0.007834995910228288
0.0010882267636412085,0.9817983961246719,0.0019344667340283341,0.015178910377658653
0.9847593144966431,0.000274241108717003,0.012782580107534748,0.0021838642871051537

Transition Gammas
1.0,1.0,119.5540115200324,4412.445988479963
1188.2522838170244,37.74771618297575,1.0,1.0
15.181479685816171,3.1419223457053223,864.9277886542563,26.350915665754524
21.30259081120331,5.03098249643389,1276.4183023606054,15.320197655412287

16.07686800522906,4.373528373680538,14.22593588188291,1002.6376516640603
256.91056261709235,5.061790319549554,2.1064216204502118,2.085395181350002
1.5961274319264183,1440.0264770483243,2.8373272221319303,22.26325987376785
4065.0906719856434,1.1320684724777892,52.76654548386694,9.015001139574395

Iteration: ,17500
Error:,0.02730615050873828
Transition Probabilities
0.00018986140117714084,0.00018986140117714084,0.025205240362220913,0.9744150368354249
0.9679874235707395,0.03061495239012701,0.0006988120195667364,0.0006988120195667364
0.017415891733381487,0.00388876195446959,0.9501171798341063,0.028578166478042618
0.017391325621942337,0.003330901378309134,0.968698524496334,0.010579248503414424

0.014762750393238995,0.003986181207792162,0.014999005638925722,0.9662520627600432
0.966936878874363,0.01954752887367021,0.00679169369245951,0.006723898559507326
0.0009326176905555809,0.9798568910812908,0.0017377641596579311,0.017472727068495616
0.9826617132513512,0.00023568072864547202,0.01476449655758896,0.0023381094624144415

Transition Gammas
1.0,1.0,132.75600098781743,5132.243999012178
1385.1900031297284,43.80999687027176,1.0,1.0
19.019124178901347,4.246744734435939,1037.5809005022934,31.208950157252477
26.744892098418177,5.122358116333218,1489.6930847447306,16.26907953176319

17.915189762226106,4.83739078843478,18.20189497948274,1172.5856362386537
299.8923154518792,6.062602247741045,2.1064216204502118,2.085395181350002
1.59710481987626,1678.0018000759042,2.9759155796675256,29.921989363994005
4723.009010599397,1.1327623636970525,70.96323112837077,11.237755485774683

Iteration: ,20000
Error:,0.026292009149467232
Transition Probabilities
0.00016622340425531917,0.00016622340425531917,0.02392548879011128,0.9757420644013781
0.9699134320326884,0.02885504087371549,0.0006157635467980297,0.0006157635467980297
0.015791042539952647,0.004153319575007637,0.9536527527708873,0.02640288511415239
0.018324350567135498,0.0029770004522762907,0.9673048061659093,0.011393842814678923

0.015076406579041647,0.004536524489561982,0.013887327188739432,0.9664997417426568
0.9695439525177216,0.016954219990245305,0.00598107081731602,0.007520756674717098
0.0008173116602718184,0.9798149154931508,0.0015440757252271305,0.017823697121350263
0.9819519141574276,0.00020628468646167805,0.015719889654523086,0.0021219115015877602

Transition Gammas
1.0,1.0,143.93574056130944,5870.06425943869
1575.1394136210859,46.86058637891395,1.0,1.0
19.852370504638017,5.221519657020984,1198.9244999420025,33.19349285212659
32.27248355434308,5.2430342775513274,1703.5980803060074,20.06661046514657

20.848606447398797,6.273392351553085,19.204272427010523,1336.5368359803217
346.87510271932075,6.065735117392531,2.1398561135268435,2.6907116869689585
1.5981732729770368,1915.9325463246444,3.019289550683685,34.85250211101379
5394.9409006199285,1.1333484625044936,86.36662796588041,11.65799158020315

Iteration: ,22500
Error:,0.02666903574072806
Transition Probabilities
0.00014736221632773348,0.00014736221632773348,0.023743326529613334,0.9759619490377311
0.9711693855924886,0.027719503296400383,0.0005555555555555554,0.0005555555555555554
0.014904666328014763,0.003735069046825312,0.9499988146651072,0.03136144996005265
0.019272831237702577,0.0026876581031245027,0.9668957770930098,0.011143733566163142

0.016992958528825028,0.0050788072687720795,0.012959057571203848,0.9649691766311991
0.9711237388163187,0.01714428233046269,0.005197059167713289,0.006534919685505244
0.0007323868621022484,0.9800964120615082,0.0013912812747979995,0.017779919801591416
0.9824427894348605,0.0001825152628228331,0.015465711762218472,0.0019089835400982586

Transition Gammas
1.0,1.0,161.12221382995617,6622.877786170047
1748.1048940664798,49.8951059335207,1.0,1.0
20.836297063695945,5.221519657020984,1328.0711608629306,43.84240970813668
38.08590279415477,5.311201244748942,1910.7259397573002,22.021629729968108

26.49389309702415,7.9184196566470755,20.204597412937723,1504.4931795851408
399.8540332977383,7.059049391776086,2.1398561135268435,2.6907116869689585
1.5990655129073015,2139.9050869824855,3.0376704176495593,38.81999807502442
6103.863429543123,1.1339573663302944,96.08762306817191,11.860410543303304

Iteration: ,25000
Error:,0.026842619129388883
Transition Probabilities
0.00013259082471492962,0.00013259082471492962,0.024037504557011428,0.9756973137935587
0.9720595369398759,0.026941462061123075,0.0004995004995004996,0.0004995004995004996
0.015133297029893895,0.003364872647236238,0.9521828805116086,0.02931894981126128
0.01866317545879666,0.002873646651218369,0.9675513334330875,0.010911844456897357

0.018700764431735878,0.005442676294022199,0.013424207973567484,0.9624323513006744
0.9696171275371651,0.019805988822541393,0.004685372414692365,0.005891511225601182
0.0006590580508559058,0.9796582894636289,0.0012635027554981663,0.018419149730017365
0.9824554821198173,0.00016451139578722228,0.01563147878950912,0.0017485276948863222

Transition Gammas
1.0,1.0,181.2908593689803,7358.709140631026
1946.0631929536312,53.936807046368386,1.0,1.0
23.69613132730388,5.268809829811528,1490.9540557912233,45.908415313192975
40.89508992168934,6.296786871247354,2120.116100925719,23.910232278611225

32.302676654846415,9.401381056083238,23.188241908531943,1662.452952643467
442.8337716836477,9.045591794039336,2.1398561135268435,2.6907116869689585
1.59970337693515,2377.8826036071273,3.0668461178986473,44.70801317898642
6774.764816617521,1.1344290264502683,107.79072890546935,12.057405270555055

Iteration: ,27500
Error:,0.027139659879976914
Transition Probabilities
0.00012062726176115786,0.00012062726176115786,0.02357883532919695,0.9761799101472807
0.9731831161531368,0.02590737952671767,0.00045475216007276017,0.00045475216007276017
0.0141183404579828,0.003028613208849976,0.9514424224353658,0.031410623897801464
0.01812837055237181,0.003046678922338562,0.9681352971699644,0.010689653355325162

0.01812974648494834,0.006087919154745502,0.012789945570725155,0.962992388789581
0.9658873301895168,0.02354002409747995,0.004189186243772005,0.006383459469231327
0.0005991933414382775,0.9815157141016044,0.0011481106900955189,0.01673698186686196
0.9817964049812998,0.00014980177942892903,0.016432142101121785,0.0016216511381494834

Transition Gammas
1.0,1.0,195.46854487904298,8092.531455120968
2140.0296724207487,56.97032757925218,1.0,1.0
24.561357247032454,5.268809829811528,1655.2028410820644,54.644351239586506
43.76369378133762,7.354986650459652,2337.1751234810945,25.805888881165437

34.290794695147646,11.514754827341408,24.191038638734668,1821.414012842851
493.80777176735836,12.034785511313936,2.141712247275915,3.2635296044828253
1.6005719560958145,2621.8357545286763,3.0668461178986473,44.70801317898642
7437.703104381236,1.134839315205682,124.48344045370075,12.28499069994813

Iteration: ,30000
Error:,0.027138056631091263
Transition Probabilities
0.00011087703736556155,0.00011087703736556155,0.023797763789054596,0.9759804821362142
0.9726672047404858,0.026504637909617546,0.0004140786749482398,0.0004140786749482398
0.014201504466224629,0.0027562087750142303,0.9526018904474285,0.030440396311332774
0.017270492307704548,0.0027780153171781236,0.9680524196288672,0.011899072746249958

0.017578167398078468,0.005594395038633468,0.012241000688298209,0.9645864368749898
0.9665164754674083,0.023435483889668502,0.0038744303632658153,0.006173610279657378
0.0005464437180835568,0.9814566258514971,0.0010542426648534736,0.016942687765565918
0.9814226589744728,0.0001379896121877356,0.01692550176971703,0.0015138496436225895

Transition Gammas
1.0,1.0,214.6320316134835,8802.36796838652
2348.9912994482756,64.00870055172643,1.0,1.0
27.33834083518804,5.305788205994661,1833.7884710196122,58.5987161780366
45.72481641284212,7.354986650459652,2562.985372790497,31.503613626729752

36.18054972969539,11.514754827341408,25.195239305356846,1985.375765152869
537.781989454927,13.039799599825662,2.155782049916982,3.4350748306778227
1.60115870625993,2875.80910767891,3.089082673071731,49.644512555511405
8073.649947921243,1.1351682326321364,139.23723406224224,12.453647757802605

Iteration: ,32500
Error:,0.027095429619623395
Transition Probabilities
0.0001025115325474117,0.0001025115325474117,0.023762443930388122,0.976032533004517
0.9713749190791392,0.027862304414377242,0.00038138825324179974,0.00038138825324179974
0.014036252206426625,0.003015795886282913,0.9520148513077464,0.030933100599544062
0.016907342213965015,0.00290707336678086,0.9688918506946312,0.011293733724622917

0.018318923885849568,0.006255435718369449,0.012148203029975274,0.9632774373658057
0.9660310060381638,0.023278391560177816,0.003591685833616593,0.007098916568041656
0.0005039912195104432,0.9807149398999079,0.0009798308659087565,0.017801238014672902
0.9815996147290628,0.00012758057642491935,0.016861318021627252,0.0014114866728850621

Transition Gammas
1.0,1.0,231.80264054093587,9521.197359459053
2546.9450378255056,73.0549621744972,1.0,1.0
29.284215816613205,6.291937213291679,1986.2145504590121,64.53657148019208
48.595526955849046,8.35558660670772,2784.814399086537,32.460746029839015

41.007660698782146,14.003048817735746,27.194249567134978,2156.3359592755564
582.7579354306072,14.042683227518033,2.166683479133667,4.2824194431939935
1.6017199812838108,3116.7819088338006,3.1139722587412133,56.57360191192722
8736.58937492281,1.1355129848417174,150.07179064103767,12.562738701335467

Iteration: ,35000
Error:,0.027766463722347815
Transition Probabilities
9.548362455838829e-05,9.548362455838829e-05,0.023869163714106568,0.9759398690367767
0.9711102628441459,0.02817723270270123,0.00035625222657641555,0.00035625222657641555
0.01468513410492529,0.0032627010578421887,0.9499432201168962,0.032108944720336284
0.016864751531289975,0.00270871401276242,0.9693672741633145,0.011059260292633117

0.01774011701598419,0.0059998760048554775,0.012405882375868097,0.9638541246032922
0.9643466474275664,0.025450565076094275,0.003235799884903309,0.006966987611435951
0.000467730954848687,0.9803732483815715,0.0009158731687619433,0.018243147494817865
0.981660542331406,0.00011864158134678326,0.016807379243121513,0.001413436844125776

Transition Gammas
1.0,1.0,249.98175157783797,10221.018248422157
2725.906507803522,79.09349219648249,1.0,1.0
33.12903692826411,7.360514589709301,2143.0314353378444,72.43641139176532
52.34536691748337,8.407395069504014,3008.753823009818,34.326093496235174

43.16592393050215,14.59912530366522,30.186462380432637,2345.2863239424496
645.7240940292828,17.041634478776647,2.166683479133667,4.665077413301865
1.6024392981466562,3358.7441749852637,3.1377678610495803,62.50075211942952
9398.518854715217,1.1358866850171636,160.9155750924522,13.532389514114303

Iteration: ,37500
Error:,0.027576936305959754
Transition Probabilities
8.897588753447824e-05,8.897588753447824e-05,0.02377028566102353,0.9760517625639075
0.9718906890919532,0.02744108504770604,0.00033411293017039705,0.00033411293017039705
0.014965133065149948,0.0030813638671310585,0.9493272042261867,0.03262629884153237
0.01777345042776751,0.002541724380193254,0.9687897182386394,0.010895106953399836

0.01806604188232666,0.006177584706264971,0.012366255984483763,0.9633901174269245
0.9626361018120428,0.0262395416070031,0.004192297864628704,0.006932058716325455
0.0004372607155430126,0.9805704086592255,0.0008580399199818729,0.01813429070524964
0.9817547642772569,0.00011062146292835854,0.016724133354016894,0.0014104809057977985

Transition Gammas
1.0,1.0,267.1542405442432,10969.845759455746
2908.868832452221,82.13116754778432,1.0,1.0
35.941657354269,7.400490447636396,2279.992629724196,78.35835796416224
59.110372379839006,8.453185565218941,3221.969827163059,36.234597876813666

47.017308400463534,16.07731273935476,32.18347854879825,2507.245945517922
698.694637274481,19.045023317578973,3.0428279495851016,5.031384384245858
1.602972329268254,3594.7140369745484,3.145524398253865,66.47925408831341
10083.460029825588,1.136176915525437,171.77113505820236,14.486843714901203

Iteration: ,40000
Error:,0.026917712288751842
Transition Probabilities
8.357011532675914e-05,8.357011532675914e-05,0.023677439010706316,0.9761554207586401
0.9713994272228473,0.027973220205007143,0.00031367628607277255,0.00031367628607277255
0.01544267521551113,0.0029182728543941205,0.9492473996561884,0.032391652273906155
0.017730231367471466,0.0032129392219647323,0.9678064795223797,0.011250349888184102

0.018878418408239155,0.005984412601602468,0.01261693073217374,0.9625202382579847
0.9630300153179879,0.02565536498200653,0.003893280967990173,0.0074213387320153975
0.0004100419586876233,0.9810726953262974,0.0010095980937437192,0.017507664621271193
0.9818689563667135,0.00010388334373401859,0.01669414495403119,0.001333015335521391

Transition Gammas
1.0,1.0,283.3242352021118,11680.67576479789
3096.821373986441,89.17862601356288,1.0,1.0
39.7290223181564,7.507774769894787,2442.107381013414,83.33327342268949
63.02324745471001,11.420599057399901,3440.1303617003596,39.990092078319684

52.62696818975138,16.682620588673345,35.17195126921315,2683.1973349360455
752.6645703178385,20.051175927422403,3.0428279495851016,5.800212495008377
1.6035442071695416,3836.664526815358,3.9482183237386304,68.46693024870176
10741.399697262164,1.1364576807319025,182.629751549359,14.582852862971627

Iteration: ,42500
Error:,0.028756962620162405
Transition Probabilities
7.8610172156277e-05,7.8610172156277e-05,0.023779313945982046,0.9760634657097055
0.9716573301349656,0.027753568245005012,0.00029455081001472714,0.00029455081001472714
0.01521365494053649,0.002740531166356068,0.9472950314582583,0.034750782434849095
0.017968876182489636,0.003559869753527443,0.9674662943769485,0.011004959687034434

0.018982386979457488,0.00584639768528999,0.012936489673688746,0.9622347256615639
0.9612408882400701,0.02562339699976358,0.004898252710290452,0.00823746204987575
0.00038597272054547967,0.9812320977323782,0.0009524836550021123,0.017429445892074225
0.9810589331946361,9.775132242102458e-05,0.017574730083926488,0.0012685853990164594

Transition Gammas
1.0,1.0,302.4966527068377,12416.503347293168
3298.7766358082126,94.22336419179214,1.0,1.0
41.67830533097639,7.507774769894787,2595.145723624642,95.20090513890001
67.78192935879667,13.428488109637696,3649.4620674373905,41.51274640257561

55.98935214310071,17.244196903400468,38.156722682957636,2838.1519646442766
789.6422897980163,21.049164810645944,4.023827464564836,6.766928534529434
1.603959076009318,4077.635659342046,3.958167823446346,72.43029478585048
11408.324914890842,1.136709334482007,204.36920179306145,14.751850194299154

Iteration: ,45000
Error:,0.02929649334951218
Transition Probabilities
7.436049970255798e-05,7.436049970255798e-05,0.023473674146572837,0.976377604854022
0.9724057079758384,0.027038273119518966,0.00027800945232137855,0.00027800945232137855
0.014496182282550812,0.0025633624143038022,0.9481924003472306,0.03474805495591475
0.018378532722580547,0.00338359065711558,0.967157922729884,0.011079953890419917

0.018729309125838044,0.006077355290742012,0.013225885103859447,0.9619674504795604
0.961483372095901,0.025219724573544763,0.0046796125184107,0.00861729081214345
0.00036371685836833836,0.9810609224093392,0.0010333976051380635,0.017541963127154305
0.9802067928092638,9.256767288807729e-05,0.018487274402432412,0.0012133651154157736

Transition Gammas
1.0,1.0,315.6739699231116,13130.326030076892
3497.7433315890953,97.25666841090985,1.0,1.0
42.63289757575707,7.538782634521986,2788.6093523240042,102.19313188931672
73.50909198708695,13.533434938196388,3868.3665220260564,44.31677773399519

58.25572916376094,18.90303382098589,41.13785379827676,2992.1079780877058
840.6123558741325,22.04927584140235,4.0913241121417325,7.533984820827359
1.604408068825952,4327.602704434868,4.558467439279006,77.38015584570903
12039.26483791014,1.136950628687853,227.06758848722927,14.903002179474226

Iteration: ,47500
Error:,0.028612140442197426
Transition Probabilities
7.041757622702627e-05,7.041757622702627e-05,0.023648691394907665,0.9762104734526383
0.973378220411464,0.02609615540982378,0.00026281208935611,0.00026281208935611
0.013997740517599845,0.0027351068718305675,0.9488693750684926,0.03439777754207697
0.01786213469686741,0.003211757616480267,0.9677691250477536,0.011156982638898777

0.018576686909411635,0.006219431689202728,0.012563065053878325,0.9626408163475073
0.9615626016299006,0.025259823581238596,0.004495451779145475,0.008682123009715352
0.00034465240418472977,0.9814169149163015,0.000982629399943363,0.017255803279570436
0.9806252459239977,8.774947411968126e-05,0.01813360753091112,0.0011533970709714202

Transition Gammas
1.0,1.0,335.8350664990837,13863.164933500915
3703.7041286656263,99.29587133437963,1.0,1.0
43.61790391967725,8.522777557960524,2956.7409955930757,107.18579573569689
75.44021087501201,13.564765688906723,4087.344996045315,47.12119448718429

60.84661646768692,20.371306061479096,41.149425875539286,3153.0615138247476
877.5886824960618,23.053865925283098,4.102860903073392,7.923907273899439
1.6047363989087984,4569.576265096446,4.575221717826306,80.34476266207743
12708.207532535609,1.1371709351955634,234.99868963625437,14.947207820977853

Iteration: ,49999
Error:,0.027935017892293346
Transition Probabilities
6.695681285570804e-05,6.695681285570804e-05,0.023769934040902857,0.9760961523333856
0.9735557102316015,0.025946901059122212,0.0002486943546381494,0.0002486943546381494
0.01384749242351131,0.0026159157543005095,0.9490953056439956,0.0344412861781926
0.01765785605500349,0.0032917365716681707,0.9675864347169355,0.011463972656392771

0.018449723879960293,0.006060347154843468,0.013895143828285385,0.9615947851369109
0.9627575503223459,0.02432959917097765,0.004341287734949261,0.008571562771727236
0.0003272993588178217,0.9817844907181437,0.0011002897183583521,0.016787920204680142
0.9802085917599698,8.336998605721732e-05,0.01860521605616241,0.0011028221978105423

Transition Gammas
1.0,1.0,355.00396490088434,14577.996035099122
3914.6675108412746,104.33248915873054,1.0,1.0
45.48598210680021,8.59271076335697,3117.570370854487,113.13208766784159
78.34104876193831,14.60415661274122,4292.805186962121,50.8611939117892

63.814732607853706,20.96180060543731,48.0611468073423,3326.0071798294343
912.565117498834,23.061199072112256,4.11495890176481,8.124692644904144
1.6050356162082975,4814.549838212948,5.39568483266088,82.32588645421853
13373.115232381333,1.1374277269528457,253.83341906407097,15.045948848160988

