0,1,2,3,4,5,6,7,8,9,10,11,12,13,14,15,16,17,18,19,20,21,22,23,24,25,26,27,28,29
github Code Version (SHA):,83e837b3de1a08bfde9277c8a2759251ab95ca79
Environment Observations,Environment Actions,alpha,epsilon,numActions,explore,gainThresh,insertRandActions,useBudd,revisedSplitting,haveControl,confidence_factor
"['square', 'diamond']","['x', 'y']",0.99,0.99,50000,0.5,0.0275,False,True,False,False,250

Model Num 0
Model States: 
['square'],['diamond']
Iteration: ,0
Error:,0.6755097776220901
Transition Probabilities
0.5,0.5
0.5,0.5

0.5,0.5
0.5,0.5

Transition Gammas
1.0,1.0
1.0,1.0

1.0,1.0
1.0,1.0

Iteration: ,2500
Error:,0.2546404304845365
Transition Probabilities
0.983957219251337,0.016042780748663103
0.9822485207100592,0.01775147928994083

0.20901126408010012,0.7909887359198998
0.3252212389380531,0.6747787610619469

Transition Gammas
736.0,12.0
498.0,9.0

167.0,632.0
147.0,305.0

Iteration: ,2746
Error:,0.26375990353536194
Transition Probabilities
0.9842233009708737,0.015776699029126214
0.9800362976406534,0.019963702359346643

0.21322690992018245,0.7867730900798175
0.326,0.674


Model Num 1
Model States: 
['diamond'],"['square', 'y', 'diamond']","['square', 'y', 'square']"
Iteration: ,0
Error:,0.6141546754549873
Transition Probabilities
0.3333333333333333,0.3333333333333333,0.3333333333333333
0.3333333333333333,0.3333333333333333,0.3333333333333333
0.3333333333333333,0.3333333333333333,0.3333333333333333

0.3333333333333333,0.3333333333333333,0.3333333333333333
0.3333333333333333,0.3333333333333333,0.3333333333333333
0.3333333333333333,0.3333333333333333,0.3333333333333333

Transition Gammas
1.0,1.0,1.0
1.0,1.0,1.0
1.0,1.0,1.0

1.0,1.0,1.0
1.0,1.0,1.0
1.0,1.0,1.0

Iteration: ,2500
Error:,0.13282162545406823
Transition Probabilities
0.025193798449612403,0.9557622269469894,0.019043974603398184
0.017414436479155394,0.976413622630546,0.006171940890298578
0.05091195807206488,0.9202420166323105,0.028846025295624484

0.6693548387096774,0.012322245383207657,0.318322915907115
0.9969558599695586,0.0015220700152207,0.0015220700152207
0.0021691973969631237,0.02966052038352585,0.968170282219511

Transition Gammas
13.0,493.17330910464653,9.826690895353464
3.7565735690876005,210.62809650265993,1.3313867518032447
7.767998600151513,140.40785245151872,4.4012427060686035

332.0,6.111833710070998,157.88816628992902
655.0,1.0,1.0
1.0,13.673499896805415,446.3265001031945

Iteration: ,5000
Error:,0.12219913839977208
Transition Probabilities
0.019487179487179488,0.9673307747022188,0.013182045810601702
0.015118730024814987,0.9753787158438758,0.009502554131309283
0.02748762093592426,0.9554875793178541,0.01702479974622151

0.6593406593406594,0.011163087907065265,0.3294962527522753
0.9984411535463756,0.000779423226812159,0.000779423226812159
0.001026694045174538,0.022347730680337137,0.9766255752744883

Transition Gammas
19.0,943.1475053346634,12.852494665336659
6.623770993897064,427.3298905044964,4.163229472289845
8.752937168231355,304.2577881254327,5.4212404495743005

660.0,11.17425099497233,329.82574900502755
1281.0,1.0,1.0
1.0,21.766689682648373,951.2333103173517

Iteration: ,7500
Error:,0.12947919663757293
Transition Probabilities
0.020041465100207326,0.9613747493123096,0.018583785587483116
0.012767367422339882,0.9751890854938768,0.01204354708378318
0.024143636343503444,0.9545170648300815,0.02133929882641507

0.6527967257844476,0.00901165324353152,0.33819162097202093
0.9989517819706499,0.0005241090146750524,0.0005241090146750524
0.0006644518272425245,0.026478598949863815,0.9728569492228937

Transition Gammas
29.0,1391.109262254912,26.89073774508807
8.559895223345729,653.8165714704616,8.074609098679906
11.70786273823031,462.8695784401231,10.347968219666004

957.0,13.211083655017205,495.7889163449826
1906.0,1.0,1.0
1.0,39.850291419545066,1464.1497085804558

Iteration: ,10000
Error:,0.12319140859880048
Transition Probabilities
0.01854714064914993,0.9634566687386368,0.017996190612213272
0.01194672501546914,0.9732929861175857,0.014760288866945189
0.021130015190698997,0.9613517324410085,0.01751825236829255

0.65504869297796,0.007292128914058911,0.337659178107981
0.9992172211350293,0.0003913894324853229,0.0003913894324853229
0.0004997501249375308,0.024963498029547202,0.9745367518455152

Transition Gammas
36.0,1870.0693940216936,34.930605978305955
10.486900831477225,854.3619286600484,12.956662632745218
13.681481655868136,622.4660026755811,11.342899958025749

1278.0,14.226943511328935,658.7730564886709
2553.0,1.0,1.0
1.0,49.95195955712399,1950.0480404428777

Iteration: ,11584
Error:,0.1258720863079854
Transition Probabilities
0.01815766164747564,0.9628174516152521,0.019024886737272255
0.013270406180023725,0.971932034048673,0.014797559771303384
0.02741639759304956,0.9574670554482189,0.015116546958731632

0.6561125769569042,0.007139917113166069,0.33674750592992964
0.9993254637436763,0.0003372681281618887,0.0003372681281618887
0.00043554006968641055,0.026574349187409512,0.9729901107429041


Model Num 2
Model States: 
"['square', 'y', 'diamond']","['square', 'y', 'square']","['diamond', 'y', 'diamond']","['diamond', 'y', 'square', 'y', 'square']"
Iteration: ,0
Error:,0.6754846507269971
Transition Probabilities
0.25,0.25,0.25,0.25
0.25,0.25,0.25,0.25
0.25,0.25,0.25,0.25
0.25,0.25,0.25,0.25

0.25,0.25,0.25,0.25
0.25,0.25,0.25,0.25
0.25,0.25,0.25,0.25
0.25,0.25,0.25,0.25

Transition Gammas
1.0,1.0,1.0,1.0
1.0,1.0,1.0,1.0
1.0,1.0,1.0,1.0
1.0,1.0,1.0,1.0

1.0,1.0,1.0,1.0
1.0,1.0,1.0,1.0
1.0,1.0,1.0,1.0
1.0,1.0,1.0,1.0

Iteration: ,2500
Error:,0.046347011096632335
Transition Probabilities
0.9378159675086132,0.011273138746821194,0.03821210971128197,0.01269878403328361
0.9447921701869932,0.02499898561392952,0.018524193005384066,0.011684651193693182
0.9402203792508481,0.020610734453620723,0.019584443147765564,0.019584443147765564
0.9499000551393006,0.026212931972479803,0.011943506444109788,0.011943506444109788

0.002202643171806168,0.002202643171806168,0.9317355748580424,0.06385913879834534
0.027363903981704265,0.970148533829241,0.0012437810945273627,0.0012437810945273627
0.0028653295128939823,0.0028653295128939823,0.04454484311079386,0.9497244978634183
0.032451172298939124,0.9603545830967444,0.003597122302158274,0.003597122302158274

Transition Gammas
161.05712399092687,1.9360080952098182,6.562409582419823,2.1808432629014463
229.4638624346243,6.071561531658898,4.49901365573192,2.837878296107722
92.56828725482852,2.0292055240878075,1.9281632253841465,1.9281632253841465
79.53276197274255,2.19474340263008,1.0,1.0

1.0,1.0,423.00795098555113,28.992049014448778
22.000578801290235,779.99942119871,1.0,1.0
1.0,1.0,15.54615024566706,331.453849754333
9.021425899105076,266.9785741008949,1.0,1.0

Iteration: ,5000
Error:,0.0300680976285685
Transition Probabilities
0.965064962938682,0.005806424094678286,0.022598719883575244,0.006529893083064511
0.9546224093847964,0.016555269311995066,0.021016165301577613,0.0078061560016308654
0.9660250916477192,0.010094997588294088,0.014326693078035411,0.009553217685951283
0.9665719010660329,0.014401338712908041,0.009565391859175846,0.009461368361883233

0.0011160714285714287,0.0011160714285714287,0.9482441934752462,0.04952366366761096
0.021936977099859645,0.9768486938169588,0.0006071645415907716,0.0006071645415907716
0.0014388489208633092,0.0014388489208633092,0.051431251322699725,0.9456910508355737
0.025722270923030865,0.9706214219471703,0.0018281535648994524,0.0018281535648994524

Transition Gammas
322.31085500397404,1.9392202456223078,7.547484373995704,2.1808432629014463
466.1013608455511,8.083231107531116,10.26129614234927,3.811412658621336
194.97661602044863,2.0375127784133666,2.8916124014484597,1.9281632253841465
147.92389266199098,2.203976837737237,1.4638848874936885,1.447965160641639

1.0,1.0,849.6267973538205,44.373202646179415
36.13020128346881,1608.86979871653,1.0,1.0
1.0,1.0,35.744719669276314,657.2552803307238
14.070082194897878,530.9299178051019,1.0,1.0

Iteration: ,7500
Error:,0.025909396526114875
Transition Probabilities
0.9696827646592306,0.005614300023027272,0.020455598224744485,0.004247337092997571
0.958682525594991,0.01870465147374923,0.01754159870603462,0.005071224225225182
0.9741276808149781,0.009880050450494553,0.009594521857534092,0.006397746876993179
0.9635595576694811,0.014457191290457779,0.014191357599135522,0.007791893440925657

0.0007401924500370088,0.0007401924500370088,0.9506720078361216,0.0478476072638043
0.023941731907971848,0.9752362376769027,0.0004110152075626798,0.0004110152075626798
0.0009615384615384616,0.0009615384615384616,0.04222344777319127,0.9558534753037319
0.022896970488352188,0.9747078199308095,0.0011976047904191619,0.0011976047904191619

Transition Gammas
497.89458151207333,2.882725838105137,10.503158237805145,2.1808432629014463
720.5232013754179,14.057975399220775,13.183852338469068,3.811412658621336
293.5841644080395,2.977665467211634,2.8916124014484597,1.9281632253841465
210.80652012822176,3.162928707946923,3.1047698998541207,1.7047020377902682

1.0,1.0,1284.3578825866016,64.64211741339967
58.25023373209551,2372.7497662679043,1.0,1.0
1.0,1.0,43.912385684118924,994.0876143158812
19.118970357774074,813.8810296422258,1.0,1.0

Iteration: ,10000
Error:,0.02507958795626701
Transition Probabilities
0.9676342656095925,0.005776163445211904,0.021620388515534942,0.004969182429660573
0.9634567909895159,0.013928430149231117,0.016897470889154692,0.005717307972098311
0.9718427194690331,0.016450902930412317,0.0070232121299072725,0.004683165470647343
0.964323648396575,0.011377559744457913,0.0181715410095959,0.006127250849371293

0.0005592841163310959,0.0005592841163310959,0.9553095527317335,0.04357187903560433
0.02041256995818142,0.978981369435758,0.0003030303030303031,0.0003030303030303031
0.0007304601899196495,0.0007304601899196495,0.03946420745036893,0.9590748721697918
0.01999209460801491,0.9782028512403604,0.0009025270758122745,0.0009025270758122745

Transition Gammas
641.0417467293814,3.82661304576721,14.323150917185732,3.2920014283700314
973.4866716749685,14.073429378920466,17.073378743548524,5.776826901580597
400.1292297447885,6.7732020688990815,2.8916124014484597,1.9281632253841465
268.29071127056335,3.1654243898710384,5.055621803377948,1.7047020377902682

1.0,1.0,1708.0934802843406,77.9065197156606
67.36148086199869,3230.638519138001,1.0,1.0
1.0,1.0,54.02649999955506,1312.9735000004448
22.151240825680517,1083.8487591743192,1.0,1.0

Iteration: ,12500
Error:,0.026616347602818422
Transition Probabilities
0.9617876020396697,0.011464328989911458,0.020505009823147544,0.006243059147271279
0.9587521553092856,0.016460341211345517,0.019896996454366902,0.004890507025001946
0.9691246026338209,0.01672807502164848,0.009031020540510977,0.005116301804019403
0.9628691108598323,0.014709683738771556,0.017185217282320198,0.005235988119075841

0.0004476275738585494,0.0004476275738585494,0.9538262165749646,0.045278528277318306
0.021585045202758175,0.9779269118494623,0.00024402147388970208,0.00024402147388970208
0.0005858230814294081,0.0005858230814294081,0.04050339082019376,0.9583249630169475
0.019581921363429115,0.9789771564463692,0.0007204610951008649,0.0007204610951008649

Transition Gammas
810.5870387769869,9.662046451617915,17.28146126794494,5.261601227094504
1223.0804076381553,20.99846214389065,25.382604252223587,6.238821255913699
504.00262786035836,8.699597293312824,4.696669625668587,2.6607822638538403
331.7017697179722,5.067384624879182,5.920188861851764,1.8037618049340063

1.0,1.0,2130.847767828472,101.15223217152916
88.45551524090308,4007.5444847591,1.0,1.0
1.0,1.0,69.13928813007078,1635.86071186993
27.1797068524396,1358.8202931475598,1.0,1.0

Iteration: ,15000
Error:,0.027178107778142436
Transition Probabilities
0.9589144222084194,0.016158241996790224,0.018746418811902657,0.006180916982887766
0.9568508520536345,0.017498733041123104,0.02089135809470544,0.0047590568105369034
0.968452281813792,0.015388341424052304,0.011411521520050937,0.004747855242104734
0.9643464730812591,0.01693235935336626,0.014349243344858473,0.004371924220516071

0.00037313432835820885,0.00037313432835820885,0.9539538832741457,0.045299848069138
0.021516641512927502,0.9780756944022784,0.00020383204239706463,0.00020383204239706463
0.0004897159647404504,0.0004897159647404504,0.039307160811634365,0.9597134072588848
0.01996733124821977,0.9788300229309744,0.0006013229104028866,0.0006013229104028866

Transition Gammas
980.683728318055,16.525066927227282,19.172000615788637,6.3212363593852485
1471.4785177295628,26.910160243086487,32.127457039492214,7.3186430741319874
607.943147313485,9.65998727345825,7.163549964012828,2.9804525355323235
397.8685922102892,6.985926911929387,5.920188861851764,1.8037618049340063

1.0,1.0,2556.596407174711,121.40359282528988
105.56064326242243,4798.439356737582,1.0,1.0
1.0,1.0,80.26522237735739,1959.7347776226432
33.20567186578946,1627.7943281342098,1.0,1.0

Iteration: ,17500
Error:,0.024196451015866746
Transition Probabilities
0.9633921635723811,0.013758876592541991,0.01676876461521592,0.006080195219860818
0.9590171328529806,0.01595362467418128,0.02045133578641299,0.004577906686425059
0.9710524835068947,0.014806737852169623,0.0099860163016452,0.004154762339290394
0.9649588904256703,0.014722865737189332,0.014140812985093582,0.006177430852046686

0.00032071840923669,0.00032071840923669,0.9568313248474243,0.04252723833410242
0.020620616274072162,0.9790288754889843,0.0001752541184717838,0.0001752541184717838
0.000417362270450751,0.000417362270450751,0.03980695202844159,0.9593583234306569
0.0175454356862677,0.9814294489882581,0.0005125576627370582,0.0005125576627370582

Transition Gammas
1157.7998221081505,16.535348193182873,20.152616372212965,7.307147815935895
1736.7748822784254,28.89192869056183,37.03725938369567,8.29056444773273
696.5923921167993,10.621733752886245,7.163549964012828,2.9804525355323235
458.32654045523964,6.992919787428757,6.716462181952097,2.934094435951633

1.0,1.0,2983.4000708742706,132.59992912573142
117.66123645985594,5586.338763540153,1.0,1.0
1.0,1.0,95.3774570601461,2298.622542939855
34.23114502390826,1914.7688549760906,1.0,1.0

Iteration: ,20000
Error:,0.022883623736700585
Transition Probabilities
0.9647146326796552,0.012177341190039562,0.016924966944746034,0.00618305918555932
0.9602088769773747,0.015441200483408751,0.0193848097825699,0.004965112756646578
0.9727261307599705,0.012795639273374276,0.010723679775590514,0.003754550191064768
0.9687434499242714,0.013137090552816734,0.01261053320150193,0.005508926321409911

0.00028121484814398203,0.00028121484814398203,0.9587093456400221,0.04072822466368987
0.020031255589709238,0.9796646543996476,0.000152045005321575,0.000152045005321575
0.0003675119441381843,0.0003675119441381843,0.03839616972376878,0.9608688063879549
0.016764037391628052,0.9823358725993712,0.0004500450045004504,0.0004500450045004504

Transition Gammas
1310.560878038422,16.542868141081794,22.99249828756683,8.399660584272429
1980.8416137324004,31.85408218657993,39.98946355554903,10.242669278583307
808.1706972031927,10.631009475035064,8.909561989510612,3.119395428625471
515.9598441606925,6.9969104770577735,6.716462181952097,2.934094435951633

1.0,1.0,3409.1704330959183,144.82956690408116
131.7455680135178,6443.254431986489,1.0,1.0
1.0,1.0,104.4759778183749,2614.5240221816266
37.2496910841975,2182.750308915801,1.0,1.0

Iteration: ,22500
Error:,0.021515398506306425
Transition Probabilities
0.9653863642135639,0.012770905992319488,0.016266959526247286,0.005575770267869236
0.9616770284272994,0.014997561394065145,0.018408327527948114,0.0049170826506872885
0.973604065921186,0.012849224546989241,0.009305802204524838,0.0042409073272999965
0.9704912874495567,0.011722909711798525,0.012611438657869253,0.005174364180775717

0.00024857071836937596,0.00024857071836937596,0.9592197599121033,0.04028309865115796
0.020050465419979832,0.9796782745773076,0.00013563000135630003,0.00013563000135630003
0.0003280839895013121,0.0003280839895013121,0.035622146032894916,0.9637216859881025
0.01612594451145414,0.9830730943351618,0.00040048057669203065,0.00040048057669203065

Transition Gammas
1474.2598510021521,19.502693080544017,24.841582827782823,8.514864668745894
2232.8064628809752,34.82110003489012,42.74016271601059,11.416404464739145
932.1480929765048,12.302105729571279,8.909561989510612,4.0603298774152705
579.4789934817887,6.999733030394655,7.530272424211997,3.089605631869192

1.0,1.0,3858.9410941263936,162.05890587360855
147.8320815415113,7223.167918458488,1.0,1.0
1.0,1.0,108.57630110826378,2937.4236988917382
40.26648344510096,2454.7335165548975,1.0,1.0

Iteration: ,25000
Error:,0.021679931627876528
Transition Probabilities
0.9669299905582807,0.012723506017222722,0.015301882398176661,0.005044621026319837
0.962485283252048,0.015016255162216888,0.017674076205255896,0.004824385380479243
0.9727252022935161,0.01245035364501133,0.010723535896091528,0.0041009081653810035
0.9732515095105722,0.010628740156849826,0.011430085239546316,0.004689665093031836

0.00022336385972749595,0.00022336385972749595,0.9595144285122315,0.04003884376831346
0.020256200953793914,0.9794996286152453,0.00012208521548040546,0.00012208521548040546
0.0002952465308532624,0.0002952465308532624,0.034739901725602915,0.9646696052126905
0.017008623660994263,0.9822719518785741,0.0003597122302158277,0.0003597122302158277

Transition Gammas
1632.0904921894328,21.476128986375254,25.828195441787447,8.514864668745894
2484.7631262718955,38.766137800774665,45.62759930973305,12.454689031542161
1037.009216740439,13.273154073845806,11.432216965360704,4.371922876552545
641.1893568854136,7.002337010604637,7.530272424211997,3.089605631869192

1.0,1.0,4295.746096449263,179.25390355073947
165.9185420125258,8023.081457987466,1.0,1.0
1.0,1.0,117.66404714461711,3267.335952855384
47.28397377756399,2730.716026222433,1.0,1.0

Iteration: ,27500
Error:,0.02082841280452504
Transition Probabilities
0.9680130323991278,0.013385540518113859,0.014117713501750432,0.004483713581007925
0.9638717111298785,0.014671898628068378,0.01673221342338349,0.004724176818669804
0.9739506518831383,0.011969242642154187,0.010304626067369189,0.003775479407338136
0.9725624336657528,0.009824681572919627,0.013084363445188218,0.004528521316139427

0.00020255215718047387,0.00020255215718047387,0.9600005797475536,0.039594315938085545
0.020324400057646744,0.979452261025547,0.00011166945840312694,0.00011166945840312694
0.0002692514808831448,0.0002692514808831448,0.03385383827977002,0.9656076587584637
0.017087477391922238,0.9822591413601196,0.000326690623979092,0.000326690623979092

Transition Gammas
1838.3199148523709,25.420014898483508,26.81045917132572,8.514864668745894
2741.5824792711865,41.73192319256182,47.5921667077468,13.437182817474582
1159.391653686039,14.248196244260706,12.266635310283593,4.494333778685702
693.353177563256,7.004151046072699,9.328023227176827,3.2284453270249474

1.0,1.0,4739.522862213675,195.47713778632843
182.00500251622626,8770.994997483758,1.0,1.0
1.0,1.0,125.73315537106586,3586.266844628935
52.304768296673934,3006.695231703324,1.0,1.0

Iteration: ,30000
Error:,0.019812518095797385
Transition Probabilities
0.9664411437165629,0.014159269633051351,0.015257163520592134,0.0041424231297937045
0.9657023951688954,0.014363893175615351,0.015614333158990456,0.004319378496498866
0.9746090119228178,0.011730029978521257,0.010107972629836962,0.003552985468824013
0.9710890041760958,0.012742450460864592,0.012011384096177899,0.004157161266861864

0.00018552875695732824,0.00018552875695732824,0.9605452306203056,0.039083711865779754
0.020124442113259464,0.9796703033711411,0.00010262725779967164,0.00010262725779967164
0.0002462447672986949,0.0002462447672986949,0.03393699909756326,0.9655705113678393
0.018035615250896985,0.9813664774247383,0.0002989536621823619,0.0002989536621823619

Transition Gammas
2004.9987868659584,29.37511365462102,31.652827022826308,8.59395670799143
3004.209897714607,44.68472923312144,48.57473115643299,13.437182817474582
1263.6344549234973,15.208632237969523,13.105545227091715,4.606642049605928
754.1462927235054,9.89576829100966,9.328023227176827,3.2284453270249474

1.0,1.0,5177.338793043452,210.66120695655306
196.0925639516001,9545.907436048394,1.0,1.0
1.0,1.0,137.81815333520439,3921.181846664795
60.32913301425039,3282.6708669857476,1.0,1.0

Iteration: ,32500
Error:,0.020870919975400262
Transition Probabilities
0.9650408943028127,0.01503066766544169,0.01596493381842161,0.003963504213324086
0.9671893583851985,0.013837652823761752,0.014967768179726853,0.004005220611312891
0.9758070744359005,0.01086334791548012,0.00996511344150039,0.0033644642071188557
0.9709997905989037,0.01176649079249549,0.01339640151227223,0.003837317096328635

0.00017123287671232847,0.00017123287671232847,0.9601311031618388,0.039526431084736594
0.02032479750052821,0.9794862915709746,9.445546424860678e-05,9.445546424860678e-05
0.00022737608003638014,0.00022737608003638014,0.03294670747724219,0.966598540362685
0.01773706523303976,0.981711666850753,0.0002756339581036385,0.0002756339581036385

Transition Gammas
2140.1531620191677,33.333230872764,35.40513546589729,8.789789246133415
3261.03601441516,46.65589403154799,50.466261509534704,13.504251826111824
1366.4947756130894,15.212749078246263,13.954884949029498,4.711507922222136
816.9300732275896,9.8994873920789,11.270778196210149,3.2284453270249474

1.0,1.0,5607.165642465148,230.8343575348621
215.1786311380922,10369.821368861907,1.0,1.0
1.0,1.0,144.89961948491117,4251.1003805150895
64.35007266546822,3561.64992733453,1.0,1.0

Iteration: ,35000
Error:,0.02149650211901468
Transition Probabilities
0.9637702215873096,0.015219686270886993,0.01730234766928999,0.003707744472513421
0.9670370281762053,0.013419004688611446,0.015508775004886025,0.004035192130297309
0.9743336106799861,0.011379616633974922,0.010435542606529897,0.0038512300795090363
0.9679025018175014,0.01298556189299954,0.015348702656395595,0.0037632336331034164

0.00015941335883947058,0.00015941335883947058,0.960304107534064,0.03937706574825691
0.020124096884839522,0.9797011084988347,8.739730816290858e-05,8.739730816290858e-05
0.0002113718030014795,0.0002113718030014795,0.03254741027528595,0.967029846118711
0.018058372985769792,0.9814284117204144,0.00025660764690787797,0.00025660764690787797

Transition Gammas
2298.9581223474365,36.304733834179444,41.27267248876081,8.844379168132807
3504.113131242489,48.624519193695235,56.19691962219695,14.621745929965286
1466.0420730192914,17.122468708222396,15.701957058918572,5.794796841194153
882.7004243055325,11.8424748063702,13.997594098474998,3.4319654288150243

1.0,1.0,6023.987666561191,247.0123334388159
230.25991655633382,11209.740083443667,1.0,1.0
1.0,1.0,153.9817980123779,4575.018201987624
70.37347952554485,3824.626520474453,1.0,1.0

Iteration: ,37500
Error:,0.02213685415754861
Transition Probabilities
0.9641422524629927,0.014639099687693734,0.01697356969336878,0.00424507815594476
0.9669046864468873,0.013812065422839857,0.015494355081560196,0.0037888930487125576
0.9715553383537857,0.011718794005375894,0.013058747964847328,0.0036671196759910834
0.9671386931165128,0.013079709255712583,0.016228236856805932,0.003553360770968695

0.000148544266191325,0.000148544266191325,0.9610495545978541,0.03865335686976319
0.020948670415865275,0.9788878908328068,8.171937566396984e-05,8.171937566396984e-05
0.00019685039370078748,0.00019685039370078748,0.033280199778758304,0.9663260994338402
0.018053391207241108,0.9814676815896938,0.0002394636015325672,0.0002394636015325672

Transition Gammas
2456.7976641192317,37.302904032737665,43.25152877379371,10.817177725471561
3747.1642418827505,53.52759003496014,60.04717334240154,14.683561624492858
1578.7199573377452,19.04234709220438,21.21969301808408,5.958852563398599
947.4659070046671,12.813651942088214,15.898134633692981,3.4810810587381464

1.0,1.0,6469.785601552755,260.21439844724586
256.34887987894365,11978.651120121069,1.0,1.0
1.0,1.0,169.06341487609214,4908.936585123906
75.39096168143882,4098.609038318558,1.0,1.0

Iteration: ,38193
Error:,0.02198133925686937
Transition Probabilities
0.9640199321231225,0.01437872063580372,0.017409687485863277,0.004191659755210375
0.9672556605075813,0.013810449784778618,0.01521364078413293,0.003720248923507102
0.9714465228708116,0.0115242983875856,0.012840815051504703,0.004188363690098013
0.9668646920271323,0.012802518176491175,0.01680991277360932,0.0035228770227671027

0.00014590020426028595,0.00014590020426028595,0.9610069622502395,0.038701237341239904
0.020803333678928768,0.979036255669804,8.020532563362199e-05,8.020532563362199e-05
0.00019327406262079628,0.00019327406262079628,0.03326047228869481,0.9663529795860636
0.017971230973983218,0.981558291491319,0.00023523876734885929,0.00023523876734885929

