0,1,2,3,4,5,6,7,8,9,10,11,12,13,14,15,16,17,18,19,20,21,22,23,24,25,26,27,28,29
github Code Version (SHA):,83e837b3de1a08bfde9277c8a2759251ab95ca79
Environment Observations,Environment Actions,alpha,epsilon,numActions,explore,gainThresh,insertRandActions,useBudd,revisedSplitting,haveControl,confidence_factor
"['square', 'diamond']","['x', 'y']",0.99,0.99,50000,0.5,0.0275,False,True,False,False,250

Model Num 0
Model States: 
['square'],['diamond']
Iteration: ,0
Error:,0.6754982021486814
Transition Probabilities
0.5,0.5
0.5,0.5

0.5,0.5
0.5,0.5

Transition Gammas
1.0,1.0
1.0,1.0

1.0,1.0
1.0,1.0

Iteration: ,2500
Error:,0.258885998524684
Transition Probabilities
0.975609756097561,0.024390243902439025
0.9748953974895398,0.02510460251046025

0.22556390977443608,0.7744360902255639
0.3475609756097561,0.6524390243902439

Transition Gammas
720.0,18.0
466.0,12.0

180.0,618.0
171.0,321.0

Iteration: ,2634
Error:,0.2680620205783722
Transition Probabilities
0.9758576874205845,0.0241423125794155
0.976,0.024

0.22939068100358423,0.7706093189964157
0.3430232558139535,0.6569767441860465


Model Num 1
Model States: 
['diamond'],"['square', 'y', 'diamond']","['square', 'y', 'square']"
Iteration: ,0
Error:,0.6168561107613445
Transition Probabilities
0.3333333333333333,0.3333333333333333,0.3333333333333333
0.3333333333333333,0.3333333333333333,0.3333333333333333
0.3333333333333333,0.3333333333333333,0.3333333333333333

0.3333333333333333,0.3333333333333333,0.3333333333333333
0.3333333333333333,0.3333333333333333,0.3333333333333333
0.3333333333333333,0.3333333333333333,0.3333333333333333

Transition Gammas
1.0,1.0,1.0
1.0,1.0,1.0
1.0,1.0,1.0

1.0,1.0,1.0
1.0,1.0,1.0
1.0,1.0,1.0

Iteration: ,2500
Error:,0.13182996346788495
Transition Probabilities
0.01593625498007968,0.9459486014130709,0.03811514360684946
0.029048438326064623,0.956484521330065,0.014467040343870308
0.0438277975265634,0.9360963796857263,0.020075822787710206

0.6536082474226804,0.011182278494651032,0.3352094740826685
0.9969183359013868,0.0015408320493066256,0.0015408320493066256
0.0020618556701030924,0.057065239140768366,0.9408729051891286

Transition Gammas
8.0,474.8661979093616,19.133802090638426
6.429835099473152,211.7166395768861,3.20226109040243
6.438270901300377,137.51186284208003,2.9491234551642456

317.0,5.42340506990575,162.57659493009422
647.0,1.0,1.0
1.0,27.676640983272662,456.3233590167274

Iteration: ,5000
Error:,0.13235088138930634
Transition Probabilities
0.0198019801980198,0.9521941532948287,0.02800386650715155
0.024366828620624864,0.9611979288865934,0.014435242492781736
0.02397294211853799,0.9506972786648393,0.025329779216622734

0.6533742331288344,0.009671785367729563,0.33695398150343603
0.9984732824427481,0.0007633587786259542,0.0007633587786259542
0.00105708245243129,0.044445032736316635,0.9544978848112521

Transition Gammas
20.0,961.716094827777,28.28390517222307
10.322423916143919,407.188503837088,6.115145087724018
7.385665389169864,292.8940449567604,7.803684368422183

639.0,9.459006089639512,329.54099391036044
1308.0,1.0,1.0
1.0,42.04500096855553,902.9549990314442

Iteration: ,7500
Error:,0.12363412997480278
Transition Probabilities
0.01992287917737789,0.9554053738099506,0.024671747012671483
0.019627474935424476,0.9660106716889779,0.014361853375597654
0.022685407778231914,0.9513283181325805,0.025986274089187585

0.6632373113854595,0.007192222057747043,0.3295704665567934
0.9989964877069744,0.0005017561465127947,0.0005017561465127947
0.0007241129616220129,0.04438834497624552,0.9548875420621324

Transition Gammas
31.0,1486.6107616482832,38.38923835171683
12.257504727756322,603.2808812263363,8.969084725870989
10.252975031535723,429.9656231864498,11.744845938134153

967.0,10.486259760195189,480.51374023980475
1991.0,1.0,1.0
1.0,61.30030441219507,1318.699695587805

Iteration: ,10000
Error:,0.12563926752952
Transition Probabilities
0.01853658536585368,0.9597740905965996,0.0216893240375467
0.01812516153537829,0.9665451084204868,0.01532973004413491
0.02307972204022731,0.9513166408263372,0.02560363713343554

0.663422131147541,0.006920676816151865,0.32965719203630706
0.9992418498862775,0.0003790750568612585,0.0003790750568612585
0.0005364806866952788,0.038912820983954335,0.9605506983293505

Transition Gammas
38.0,1967.536885723027,44.463114276970686
15.181788073116275,809.5863295069257,12.840311094269222
14.120609973936375,582.0334934454748,15.664788910598025

1295.0,13.509161145128438,643.4908388548713
2636.0,1.0,1.0
1.0,72.5334983140909,1790.4665016859099

Iteration: ,12024
Error:,0.12786069621880064
Transition Probabilities
0.01771004942339376,0.961487620850585,0.020802329726021102
0.018882682608266275,0.9655281497653498,0.015589167626383876
0.022671398766166924,0.9525040451684004,0.0248245560654326

0.6574232081911264,0.005767860344591227,0.3368089314642824
0.9993650793650793,0.00031746031746031746,0.00031746031746031746
0.00043744531933508286,0.03793372324888509,0.9616288314317798


Model Num 2
Model States: 
"['square', 'y', 'diamond']","['square', 'y', 'square']","['diamond', 'y', 'diamond']","['diamond', 'y', 'square', 'y', 'square']"
Iteration: ,0
Error:,0.6754256842713297
Transition Probabilities
0.25,0.25,0.25,0.25
0.25,0.25,0.25,0.25
0.25,0.25,0.25,0.25
0.25,0.25,0.25,0.25

0.25,0.25,0.25,0.25
0.25,0.25,0.25,0.25
0.25,0.25,0.25,0.25
0.25,0.25,0.25,0.25

Transition Gammas
1.0,1.0,1.0,1.0
1.0,1.0,1.0,1.0
1.0,1.0,1.0,1.0
1.0,1.0,1.0,1.0

1.0,1.0,1.0,1.0
1.0,1.0,1.0,1.0
1.0,1.0,1.0,1.0
1.0,1.0,1.0,1.0

Iteration: ,2500
Error:,0.03268283392930799
Transition Probabilities
0.9539218151114226,0.023789379664671918,0.016573768373442092,0.005715036850463368
0.9549832528918791,0.026560784596419244,0.014642927904592234,0.003813034607109271
0.940168558168293,0.030043328421149307,0.015052401922852262,0.014735711487705397
0.9205348646801981,0.0249325108997351,0.03404118084753573,0.020491443572531135

0.0021321961620469087,0.0021321961620469087,0.9674834687277534,0.028252138948152837
0.01629211854870322,0.9810935023663294,0.0013071895424836598,0.0013071895424836598
0.002890173410404624,0.002890173410404624,0.03617638494184328,0.9580432682373475
0.018544523452759528,0.9741562064742477,0.0036496350364963502,0.0036496350364963502

Transition Gammas
166.91437694475755,4.1625942731660786,2.9000282600274594,1.0
250.452290968287,6.96578639671866,3.8402294795045924,1.0
122.02688955847326,3.899400684446507,1.9536898687701605,1.9125858045913053
67.03191657914088,1.8155466510442049,2.4788258243974246,1.4921550381660706

1.0,1.0,453.74974683331624,13.250253166683677
12.463470689757965,750.5365293102423,1.0,1.0
1.0,1.0,12.517029189877775,331.48297081012225
5.081199426056111,266.9188005739439,1.0,1.0

Iteration: ,5000
Error:,0.026676707495252788
Transition Probabilities
0.9544995358477268,0.024728971971227046,0.017713648360511997,0.003057843820534036
0.9584144399308593,0.019069677472819017,0.016484255650633207,0.00603162694568854
0.9614228942879299,0.019469621579383086,0.009704797546908967,0.00940268658577797
0.9405381238545423,0.02861842076419734,0.019253568918829164,0.011589886462431212

0.001081081081081081,0.001081081081081081,0.9606112254912615,0.03722661234657628
0.019705306048424617,0.9790454747135992,0.0006246096189881327,0.0006246096189881327
0.0014970059880239524,0.0014970059880239524,0.0278219822710277,0.9691840057529244
0.02362252195791282,0.9727738744384835,0.001801801801801801,0.001801801801801801

Transition Gammas
312.1479028582397,8.087061806481753,5.79285581610195,1.0
499.03991921920874,9.929452133732976,8.583240470452669,3.1406273719685993
241.4208668181663,4.888975440716578,2.4369511585272337,2.3610887149086697
121.09080659642817,3.6845158808135303,2.4788258243974246,1.4921550381660706

1.0,1.0,888.5653835794169,34.43461642058306
31.5481949835278,1567.4518050164716,1.0,1.0
1.0,1.0,18.5850841570465,647.4149158429534
13.11049968664162,539.8895003133586,1.0,1.0

Iteration: ,7500
Error:,0.026006513710782275
Transition Probabilities
0.9569106553094326,0.02187053540173401,0.01923972878359718,0.0019790805052362606
0.964185147957161,0.01801992107762627,0.012424840387606976,0.005370090577605628
0.9621313242545269,0.012885646026902443,0.017959255111759737,0.007023774606810895
0.9495373774336386,0.024522005635050147,0.01811816096471636,0.007822455966594852

0.0007246376811594202,0.0007246376811594202,0.9640283134340729,0.034522411203608265
0.020161593173823076,0.9790092194298253,0.00041459369817578736,0.00041459369817578736
0.001002004008016032,0.001002004008016032,0.029705405012229066,0.9682905869717389
0.022024702253253665,0.9755481132807269,0.0012135922330097084,0.0012135922330097084

Transition Gammas
483.51274886374443,11.050856872102393,9.721549342077097,1.0
741.6302505932989,13.860531468241629,9.556917060759487,4.130556905192367
366.13907579026636,4.903632600161006,6.834394539223826,2.6728974291419685
181.12687213774953,4.677640169600713,3.456089146587277,1.4921550381660706

1.0,1.0,1330.3590725390209,47.64092746097941
48.6297627352613,2361.370237264741,1.0,1.0
1.0,1.0,29.645994202204612,966.3540057977955
18.148354656681025,803.8516453433192,1.0,1.0

Iteration: ,10000
Error:,0.02484333484486432
Transition Probabilities
0.9632538527764589,0.01939946495880775,0.014469924181544684,0.0028767580831885126
0.9621213344657943,0.019035629987542185,0.013618726005060576,0.005224309541602785
0.9621693455986885,0.010277724110063655,0.021483377669509487,0.006069552621738396
0.9491721896580452,0.024996237518485374,0.015399300449751099,0.010432272373718288

0.0005443658138268912,0.0005443658138268912,0.9614704776390056,0.03744079073334052
0.0222078980983163,0.9771641584165974,0.000313971742543171,0.000313971742543171
0.0007385524372230432,0.0007385524372230432,0.030823491563715534,0.9676994035618384
0.020811061903413634,0.9773936059601411,0.0008976660682226208,0.0008976660682226208

Transition Gammas
647.1574931025353,13.033437732001484,9.721549342077097,1.9327361567385066
997.8004654333387,19.741543795962553,14.123760340480912,5.418046877708457
459.50684260766644,4.908371459360361,10.259897684977554,2.898659133149477
252.60436417146425,6.6522794850433575,4.098234799943023,2.7763534989115386

1.0,1.0,1766.2212674228551,68.77873257714661
70.73215544313743,3112.2678445568636,1.0,1.0
1.0,1.0,41.735007577270814,1310.2649924227285
23.183522960402797,1088.8164770395977,1.0,1.0

Iteration: ,12500
Error:,0.025094841126515915
Transition Probabilities
0.9609826150346445,0.01747591497988521,0.01815307095249731,0.0033883990329729836
0.9608307579567523,0.017750692417498784,0.015309851382425752,0.006108698243322996
0.9619186331482692,0.009696623772175414,0.0234497101157699,0.004935032963785379
0.9514051872278575,0.022593954664567335,0.01609668680156083,0.009904171306014231

0.0004389815627743633,0.0004389815627743633,0.9631444303917527,0.03597760648269866
0.021111268801749076,0.9783909711186093,0.0002488800398208062,0.0002488800398208062
0.000594883997620464,0.000594883997620464,0.031418875567669605,0.9673913564370895
0.01911478510545038,0.9794264256895897,0.0007293946024799415,0.0007293946024799415

Transition Gammas
826.0412711559239,15.021943996434112,15.604013611051604,2.9125994587109165
1228.7370525385584,22.700078344679426,19.578663054510503,7.811972932995987
577.2426492633774,5.818896320618437,14.072055915355977,2.961489053283026
322.26204619048985,7.653073747636423,5.452304964484177,3.3547625698753674

1.0,1.0,2194.0430124324134,81.95698756758757
84.82507804542784,3931.174921954575,1.0,1.0
1.0,1.0,52.815129829252605,1626.1848701707474
26.206370379572473,1342.7936296204277,1.0,1.0

Iteration: ,15000
Error:,0.025127110502316377
Transition Probabilities
0.9609426270309515,0.0178201839628522,0.017338032953169533,0.00389915605302693
0.9611490874504994,0.01664203367205467,0.01642972132682876,0.005779157550617088
0.9649834937682559,0.008218761051560447,0.02261711438387214,0.004180630796311494
0.9522673487012913,0.023707882659840897,0.01514021363963558,0.008884554999232273

0.0003668378576669111,0.0003668378576669111,0.964010427733897,0.03525589655076914
0.020627998931327694,0.9789591191529002,0.00020644095788604445,0.00020644095788604445
0.0004940711462450591,0.0004940711462450591,0.031072452541550378,0.9679394051659596
0.0177126153065105,0.9810752634813682,0.0006060606060606061,0.0006060606060606061

Transition Gammas
970.6074138021903,17.999412434334786,17.512412137536487,3.9383722463565207
1481.4308502257172,25.65057015002023,25.323330534222713,8.907486253260343
683.578194925723,5.8220331025690575,16.021586197897008,2.961489053283026
387.07164562283026,9.636631107737502,6.154098863693422,3.6113380647456363

1.0,1.0,2627.892426002604,96.10757399739671
99.92202682335142,4742.077973176652,1.0,1.0
1.0,1.0,62.89064394409799,1959.1093560559027
29.225815255742322,1618.7741847442576,1.0,1.0

Iteration: ,17500
Error:,0.024701479972752172
Transition Probabilities
0.9608410727451975,0.016052521980336715,0.018874155282896758,0.004232249991569166
0.9601894661306527,0.01698093448314707,0.017217198808634256,0.00561240057756586
0.9667767864560218,0.008096594067772116,0.020448251994177987,0.004678367482027948
0.9546186979100015,0.02050650327380833,0.015113177781465698,0.009761621034724444

0.00031466331025802394,0.00031466331025802394,0.9653003366238736,0.0340703367556103
0.019995123315495397,0.9796510196427495,0.00017692852087756544,0.00017692852087756544
0.0004246284501061571,0.0004246284501061571,0.029280754354996923,0.9698699887447907
0.01779096406780338,0.9811700748932356,0.0005194805194805197,0.0005194805194805197

Transition Gammas
1136.9199181599283,18.99422546956904,22.332936932286252,5.0078305877367315
1728.2803231352668,30.564608310000835,30.98986915611677,10.101966149293531
803.4346643693407,6.728631084763016,16.99341017289665,3.8879322097692364
449.0646078880175,9.646516323185676,7.109428370965796,4.591988960521312

1.0,1.0,3067.72446979067,108.27553020932953
113.01243697918001,5536.987563020821,1.0,1.0
1.0,1.0,68.95617650601775,2284.043823493982
34.24760583052149,1888.7523941694778,1.0,1.0

Iteration: ,20000
Error:,0.025536303629492642
Transition Probabilities
0.9577265437232695,0.018110200077711112,0.020467109489712514,0.0036961467093068767
0.9607562039655422,0.01730276291864672,0.01697667430388232,0.004964358811928862
0.9680607577236865,0.007042933163194453,0.0207374953692872,0.0041588137438318094
0.958831887950537,0.017813197217280387,0.01488545486011832,0.00846945997206432

0.00027464982147761626,0.00027464982147761626,0.96445106337996,0.03499963697708473
0.020721526549234495,0.978967092476143,0.00015569048731122536,0.00015569048731122536
0.00037133308577794275,0.00037133308577794275,0.029344207483798464,0.9699131263446455
0.019240144291620513,0.9798495234371004,0.00045516613563950854,0.00045516613563950854

Transition Gammas
1318.1803854937052,24.926228343842592,28.17019373004521,5.087243458006552
1970.3354502671743,35.48480564107883,34.81605746651918,10.180992966390967
925.3420829292281,6.732141956137297,19.82238925258515,3.9752932256866207
519.8614148939077,9.657995343639756,8.070626062991037,4.591988960521312

1.0,1.0,3511.5663217664314,127.4336782335654
133.0943650257331,6287.905634974264,1.0,1.0
1.0,1.0,79.02395075386927,2611.976049246131
42.27059700869026,2152.729402991309,1.0,1.0

Iteration: ,22500
Error:,0.024214840017653633
Transition Probabilities
0.9601655786689755,0.016509093321851992,0.01995698718854839,0.0033683408206241204
0.9611255540940752,0.016969228429445687,0.01667161346861856,0.005233604007860729
0.9689213832258832,0.00886828787072923,0.0185001957796885,0.0037101331236990337
0.9631693806738076,0.015942001286484795,0.013313539490705259,0.007575078549002398

0.0002431315341599807,0.0002431315341599807,0.9646005395078107,0.03491319742386932
0.020983811291772878,0.9787386036978177,0.00013879250520471906,0.00013879250520471906
0.00032829940906106366,0.00032829940906106366,0.02990342163760633,0.9694399795442715
0.0193896878921391,0.9798074217024012,0.00040144520272982745,0.00040144520272982745

Transition Gammas
1450.1489958435243,24.93387144346321,30.141264771909746,5.087243458006552
2231.8205591063443,39.40408484582005,38.71299596004207,12.152902368696825
1038.1693816745153,9.502096965404887,19.82238925258515,3.9752932256866207
583.8702707246176,9.66399139528336,8.070626062991037,4.591988960521312

1.0,1.0,3967.4020189956227,143.59798100437442
151.18836035722344,7051.81163964277,1.0,1.0
1.0,1.0,91.08582230814889,2952.9141776918514
48.29971253931849,2440.700287460681,1.0,1.0

Iteration: ,25000
Error:,0.022564365944577336
Transition Probabilities
0.9619217534787476,0.016567587028307695,0.018472573331137502,0.0030380861618071464
0.9617443172930279,0.01673262625137235,0.016801915148856168,0.004721141306743553
0.9691661724483172,0.009711411342102749,0.01773281302466812,0.0033896031849120593
0.9638518533557265,0.014407266511912563,0.014230280113602318,0.0075106000187584844

0.00021901007446342523,0.00021901007446342523,0.965016956770792,0.03454502308028101
0.021579233867886603,0.9781702651301094,0.0001252505010020041,0.0001252505010020041
0.00029403116730373417,0.00029403116730373417,0.030329546308531553,0.969082391356861
0.018815934954410075,0.9804648992778805,0.00035958288385472856,0.00035958288385472856

Transition Gammas
1619.4592426797724,27.8926345566705,31.099805684820122,5.114820095296659
2491.1855132419873,43.34216003816628,43.52163757136973,12.229070261035321
1136.6285401924952,11.389447558923882,20.796868436728097,3.9752932256866207
646.8845519121796,9.669367869543597,9.550584296563095,5.040703206422199

1.0,1.0,4406.267424615438,157.73257538456318
172.28860320120648,7809.711396798787,1.0,1.0
1.0,1.0,103.15078699531581,3295.8492130046843
52.32711510821441,2726.672884891785,1.0,1.0

Iteration: ,27500
Error:,0.023942980832229222
Transition Probabilities
0.9606513943303162,0.01663614339059911,0.019411433090051413,0.0033010291890333246
0.9640305894964762,0.015629702453265643,0.01600405746318292,0.004335650587075374
0.9707166011813427,0.008767652746807403,0.016747615709151994,0.0037681303626980033
0.9606206701988883,0.017051351153836852,0.015236976704105737,0.007091001943169154

0.00019884668920262474,0.00019884668920262474,0.9644261188453426,0.0351761877762522
0.021555453231032428,0.9782169118953049,0.00011381743683132263,0.00011381743683132263
0.0002677376171352076,0.0002677376171352076,0.0308494707455862,0.9686150540201435
0.020422011610739744,0.9789228950384578,0.0003275466754012447,0.0003275466754012447

Transition Gammas
1782.0551402214396,30.860856516369385,36.00915412328674,6.123569974557422
2734.8631909076307,44.339980898947545,45.40199049502206,12.299828790103806
1261.523464009817,11.394262394325112,21.764859236571098,4.896985239776816
710.8032935987325,12.617005792667783,11.274474474428242,5.2469280460893

1.0,1.0,4850.098951673229,176.90104832677233
189.3862120878508,8594.613787912143,1.0,1.0
1.0,1.0,115.2227732347644,3617.777226765234
62.34840144758843,2988.651598552411,1.0,1.0

Iteration: ,30000
Error:,0.023661797534008974
Transition Probabilities
0.9601969903905504,0.01761354591284747,0.019176422094947163,0.003013041601654958
0.9639943777859195,0.01648724641835194,0.015517112938227431,0.0040012628575010435
0.9712771349931841,0.009314036618122164,0.01593478665168512,0.003474041737008554
0.9621103718336584,0.017111897576864845,0.014179062151453703,0.006598668438023011

0.0001820498816675769,0.0001820498816675769,0.9639404849000809,0.03569541533658402
0.021806638623755675,0.9779841782364055,0.00010459156991946456,0.00010459156991946456
0.0002457002457002459,0.0002457002457002459,0.03127320902932518,0.9682353904792743
0.020184682941134926,0.9792161558845092,0.0002995805871779511,0.0002995805871779511

Transition Gammas
1951.4610939279396,35.79697699432987,38.97329611896457,6.123569974557422
2994.0680865414934,51.20770356515052,48.194568053719884,12.427513794243504
1382.5455341761042,13.257884148202322,22.682061926116333,4.945057096475639
765.0216010731805,13.606517157385712,11.274474474428242,5.2469280460893

1.0,1.0,5294.925083556144,196.074916443856
208.49327188172788,9350.506728118267,1.0,1.0
1.0,1.0,127.28196074935337,3940.7180392506434
67.37647165750833,3268.6235283424894,1.0,1.0

Iteration: ,32500
Error:,0.023134786906180604
Transition Probabilities
0.9608248898416828,0.01769137836561079,0.018688706906038088,0.0027950248866683066
0.9653766355818445,0.015484696896116949,0.015434397154012252,0.0037042703680261746
0.9721044908476372,0.008638095804471611,0.01603617443985006,0.0032212389080411184
0.9647143035359974,0.015446627999171953,0.0138858627541402,0.0059532057106904315

0.0001675603217158176,0.0001675603217158176,0.9642705196026577,0.035394359753910656
0.021106437807437588,0.978699556954421,9.700261907071489e-05,9.700261907071489e-05
0.00022568269013766669,0.00022568269013766669,0.03055115723783489,0.9689974773818897
0.019743009098372215,0.9797040464725429,0.00027647221454243866,0.00027647221454243866

Transition Gammas
2105.054045960702,38.75972406718872,40.94475330755789,6.123569974557422
3254.42665755941,52.20119122996744,52.03162339960947,12.487640355254635
1492.317815664663,13.260698190161538,24.61779472989327,4.945057096475639
850.2623261609891,13.614067714949496,12.238468863592352,5.2469280460893

1.0,1.0,5754.766460988665,211.2335390113389
217.58626735687415,10089.413732643128,1.0,1.0
1.0,1.0,135.37217772084625,4293.627822279149
71.41046390881226,3543.5895360911854,1.0,1.0

Iteration: ,35000
Error:,0.022306687740870083
Transition Probabilities
0.961865165987273,0.016887295973545564,0.018213070512744838,0.0030344675264366208
0.9654539600617483,0.015714397240671134,0.015108503019791853,0.003723139677788755
0.9716080063370965,0.008644389382273916,0.01610256722093589,0.00364503705969362
0.9641481371616892,0.015383335652675077,0.013908261997280897,0.006560265188354889

0.00015569048731122506,0.00015569048731122506,0.9645995689977235,0.03508905002765404
0.021484100039834933,0.9783358819583649,9.000900090009007e-05,9.000900090009007e-05
0.00020946795140343536,0.00020946795140343536,0.029627229389479447,0.9699538347077137
0.01907559247324799,0.9804118498640149,0.00025627883136852917,0.00025627883136852917

Transition Gammas
2264.6250001682383,39.75961912258057,42.88103600326728,7.144380798439241
3507.938542077972,57.09763699405027,54.89614445502873,13.52787985086271
1595.8438086355472,14.19821078579145,26.448096387703792,5.986889554243775
915.2053719962763,14.602435959681802,13.202241029594475,6.227248397510183

1.0,1.0,6195.623031672387,225.37696832762225
238.68835144256593,10869.311648557426,1.0,1.0
1.0,1.0,141.44039310537482,4630.559606894623
74.4329618306136,3825.567038169383,1.0,1.0

Iteration: ,36682
Error:,0.02167778164327675
Transition Probabilities
0.9631400171803505,0.016547308452486163,0.017411719412825984,0.0029009549543375654
0.9655465980065856,0.016001091723064197,0.014890608238209452,0.0035617020321408173
0.9725559908077496,0.00835641599357936,0.015564381795363912,0.003523211403307208
0.9650038140810974,0.015579387928357615,0.013193617261836684,0.006223180728708362

0.00014876524843796468,0.00014876524843796468,0.9651215941159027,0.03458087538722127
0.021253420965008974,0.9785750083049576,8.578536501672829e-05,8.578536501672829e-05
0.00019940179461615162,0.00019940179461615162,0.02940980689740519,0.9701913895133626
0.0189326143190482,0.980578507656019,0.00024443901246638984,0.00024443901246638984

