0,1,2,3,4,5,6,7,8,9,10,11,12,13,14,15,16,17,18,19,20,21,22,23,24,25,26,27,28,29
github Code Version (SHA):,83e837b3de1a08bfde9277c8a2759251ab95ca79
Environment Observations,Environment Actions,alpha,epsilon,numActions,explore,gainThresh,insertRandActions,useBudd,revisedSplitting,haveControl,confidence_factor
"['nothing', 'LRVForward', 'MRVForward', 'LRVDocked', 'MRVDocked']","['b', 'f', 't']",0.99,0.99,50000,0.5,0.0275,False,True,False,False,250

Model Num 0
Model States: 
['nothing'],['LRVForward'],['MRVForward'],['LRVDocked'],['MRVDocked']
Iteration: ,0
Error:,0.8679416848936371
Transition Probabilities
0.2,0.2,0.2,0.2,0.2
0.2,0.2,0.2,0.2,0.2
0.2,0.2,0.2,0.2,0.2
0.2,0.2,0.2,0.2,0.2
0.2,0.2,0.2,0.2,0.2

0.2,0.2,0.2,0.2,0.2
0.2,0.2,0.2,0.2,0.2
0.2,0.2,0.2,0.2,0.2
0.2,0.2,0.2,0.2,0.2
0.2,0.2,0.2,0.2,0.2

0.2,0.2,0.2,0.2,0.2
0.2,0.2,0.2,0.2,0.2
0.2,0.2,0.2,0.2,0.2
0.2,0.2,0.2,0.2,0.2
0.2,0.2,0.2,0.2,0.2

Transition Gammas
1.0,1.0,1.0,1.0,1.0
1.0,1.0,1.0,1.0,1.0
1.0,1.0,1.0,1.0,1.0
1.0,1.0,1.0,1.0,1.0
1.0,1.0,1.0,1.0,1.0

1.0,1.0,1.0,1.0,1.0
1.0,1.0,1.0,1.0,1.0
1.0,1.0,1.0,1.0,1.0
1.0,1.0,1.0,1.0,1.0
1.0,1.0,1.0,1.0,1.0

1.0,1.0,1.0,1.0,1.0
1.0,1.0,1.0,1.0,1.0
1.0,1.0,1.0,1.0,1.0
1.0,1.0,1.0,1.0,1.0
1.0,1.0,1.0,1.0,1.0

Iteration: ,2500
Error:,0.3354462415452201
Transition Probabilities
0.022099447513812154,0.011049723756906077,0.022099447513812154,0.24861878453038674,0.6961325966850829
0.35406698564593303,0.6172248803827751,0.009569377990430622,0.004784688995215311,0.014354066985645933
0.14958448753462603,0.00554016620498615,0.8282548476454293,0.00554016620498615,0.0110803324099723
0.047619047619047616,0.047619047619047616,0.047619047619047616,0.09523809523809523,0.7619047619047619
0.015151515151515152,0.045454545454545456,0.015151515151515152,0.045454545454545456,0.8787878787878788

0.0163265306122449,0.6816326530612244,0.2897959183673469,0.004081632653061225,0.00816326530612245
0.004878048780487805,0.9560975609756097,0.014634146341463415,0.00975609756097561,0.014634146341463415
0.014925373134328358,0.0029850746268656717,0.9761194029850746,0.0029850746268656717,0.0029850746268656717
0.8,0.08,0.04,0.04,0.04
0.8974358974358975,0.02564102564102564,0.05128205128205128,0.01282051282051282,0.01282051282051282

0.014492753623188406,0.2753623188405797,0.6908212560386473,0.00966183574879227,0.00966183574879227
0.5792079207920792,0.01485148514851485,0.37623762376237624,0.009900990099009901,0.019801980198019802
0.8203592814371258,0.1467065868263473,0.014970059880239521,0.014970059880239521,0.0029940119760479044
0.041666666666666664,0.041666666666666664,0.8333333333333334,0.041666666666666664,0.041666666666666664
0.0375,0.0125,0.925,0.0125,0.0125

Transition Gammas
4.0,2.0,4.0,45.0,126.0
74.0,129.0,2.0,1.0,3.0
54.0,2.0,299.0,2.0,4.0
1.0,1.0,1.0,2.0,16.0
1.0,3.0,1.0,3.0,58.0

4.0,167.0,71.0,1.0,2.0
1.0,196.0,3.0,2.0,3.0
5.0,1.0,327.0,1.0,1.0
20.0,2.0,1.0,1.0,1.0
70.0,2.0,4.0,1.0,1.0

3.0,57.0,143.0,2.0,2.0
117.0,3.0,76.0,2.0,4.0
274.0,49.0,5.0,5.0,1.0
1.0,1.0,20.0,1.0,1.0
3.0,1.0,74.0,1.0,1.0

Iteration: ,5000
Error:,0.3198233942583999
Transition Probabilities
0.013262599469496022,0.005305039787798408,0.01856763925729443,0.2572944297082228,0.7055702917771883
0.33495145631067963,0.6286407766990292,0.014563106796116505,0.0024271844660194173,0.019417475728155338
0.13213213213213212,0.003003003003003003,0.8543543543543544,0.003003003003003003,0.0075075075075075074
0.023809523809523808,0.07142857142857142,0.047619047619047616,0.047619047619047616,0.8095238095238095
0.014598540145985401,0.029197080291970802,0.029197080291970802,0.029197080291970802,0.8978102189781022

0.013100436681222707,0.7052401746724891,0.27074235807860264,0.002183406113537118,0.008733624454148471
0.0023584905660377358,0.9693396226415094,0.009433962264150943,0.009433962264150943,0.009433962264150943
0.009244992295839754,0.0061633281972265025,0.9768875192604006,0.0015408320493066256,0.0061633281972265025
0.8636363636363636,0.06818181818181818,0.022727272727272728,0.022727272727272728,0.022727272727272728
0.93125,0.01875,0.0375,0.00625,0.00625

0.009433962264150943,0.29245283018867924,0.6863207547169812,0.007075471698113208,0.0047169811320754715
0.6271604938271605,0.009876543209876543,0.34814814814814815,0.0049382716049382715,0.009876543209876543
0.8315946348733234,0.14456035767511177,0.011922503725782414,0.007451564828614009,0.004470938897168405
0.07317073170731707,0.024390243902439025,0.8536585365853658,0.024390243902439025,0.024390243902439025
0.03067484662576687,0.006134969325153374,0.9447852760736196,0.012269938650306749,0.006134969325153374

Transition Gammas
5.0,2.0,7.0,97.0,266.0
138.0,259.0,6.0,1.0,8.0
88.0,2.0,569.0,2.0,5.0
1.0,3.0,2.0,2.0,34.0
2.0,4.0,4.0,4.0,123.0

6.0,323.0,124.0,1.0,4.0
1.0,411.0,4.0,4.0,4.0
6.0,4.0,634.0,1.0,4.0
38.0,3.0,1.0,1.0,1.0
149.0,3.0,6.0,1.0,1.0

4.0,124.0,291.0,3.0,2.0
254.0,4.0,141.0,2.0,4.0
558.0,97.0,8.0,5.0,3.0
3.0,1.0,35.0,1.0,1.0
5.0,1.0,154.0,2.0,1.0

Iteration: ,7500
Error:,0.31825246597559614
Transition Probabilities
0.016474464579901153,0.006589785831960461,0.014827018121911038,0.2487644151565074,0.71334431630972
0.3562610229276896,0.6137566137566137,0.012345679012345678,0.001763668430335097,0.015873015873015872
0.13545816733067728,0.00398406374501992,0.8476095617529881,0.00398406374501992,0.008964143426294821
0.015151515151515152,0.045454545454545456,0.030303030303030304,0.045454545454545456,0.8636363636363636
0.00819672131147541,0.01639344262295082,0.020491803278688523,0.020491803278688523,0.9344262295081968

0.015037593984962405,0.7112781954887218,0.2646616541353383,0.0015037593984962407,0.007518796992481203
0.0016474464579901153,0.9752883031301482,0.009884678747940691,0.006589785831960461,0.006589785831960461
0.0102880658436214,0.00720164609053498,0.9763374485596708,0.00102880658436214,0.0051440329218107
0.8688524590163934,0.04918032786885246,0.04918032786885246,0.01639344262295082,0.01639344262295082
0.9398496240601504,0.015037593984962405,0.03383458646616541,0.0037593984962406013,0.007518796992481203

0.009538950715421303,0.27821939586645467,0.7011128775834659,0.0047694753577106515,0.006359300476947536
0.6335078534031413,0.006980802792321117,0.34554973821989526,0.005235602094240838,0.008726003490401396
0.8558467741935484,0.12399193548387097,0.010080645161290322,0.007056451612903226,0.0030241935483870967
0.04918032786885246,0.03278688524590164,0.8852459016393442,0.01639344262295082,0.01639344262295082
0.019305019305019305,0.003861003861003861,0.9575289575289575,0.007722007722007722,0.011583011583011582

Transition Gammas
10.0,4.0,9.0,151.0,433.0
202.0,348.0,7.0,1.0,9.0
136.0,4.0,851.0,4.0,9.0
1.0,3.0,2.0,3.0,57.0
2.0,4.0,5.0,5.0,228.0

10.0,473.0,176.0,1.0,5.0
1.0,592.0,6.0,4.0,4.0
10.0,7.0,949.0,1.0,5.0
53.0,3.0,3.0,1.0,1.0
250.0,4.0,9.0,1.0,2.0

6.0,175.0,441.0,3.0,4.0
363.0,4.0,198.0,3.0,5.0
849.0,123.0,10.0,7.0,3.0
3.0,2.0,54.0,1.0,1.0
5.0,1.0,248.0,2.0,3.0

Iteration: ,10000
Error:,0.307997752046592
Transition Probabilities
0.017587939698492462,0.007537688442211055,0.01256281407035176,0.23115577889447236,0.7311557788944724
0.3451443569553806,0.6259842519685039,0.011811023622047244,0.003937007874015748,0.013123359580052493
0.1218274111675127,0.0029006526468455403,0.8629441624365483,0.0036258158085569255,0.00870195794053662
0.02531645569620253,0.0379746835443038,0.0379746835443038,0.0379746835443038,0.8607594936708861
0.012903225806451613,0.012903225806451613,0.016129032258064516,0.016129032258064516,0.9419354838709677

0.013921113689095127,0.7088167053364269,0.2668213457076566,0.0034802784222737818,0.0069605568445475635
0.002551020408163265,0.9757653061224489,0.01020408163265306,0.00510204081632653,0.006377551020408163
0.009111617312072893,0.00683371298405467,0.976461655277145,0.0030372057706909645,0.004555808656036446
0.8701298701298701,0.06493506493506493,0.03896103896103896,0.012987012987012988,0.012987012987012988
0.9413489736070382,0.017595307917888565,0.02932551319648094,0.005865102639296188,0.005865102639296188

0.01056338028169014,0.2711267605633803,0.7089201877934272,0.004694835680751174,0.004694835680751174
0.6335570469798658,0.008053691275167786,0.34496644295302015,0.004026845637583893,0.009395973154362415
0.8610903659447349,0.12023898431665422,0.008215085884988798,0.006721433905899925,0.0037341299477221808
0.06493506493506493,0.03896103896103896,0.8701298701298701,0.012987012987012988,0.012987012987012988
0.014164305949008499,0.0028328611898017,0.9688385269121813,0.0056657223796034,0.0084985835694051

Transition Gammas
14.0,6.0,10.0,184.0,582.0
263.0,477.0,9.0,3.0,10.0
168.0,4.0,1190.0,5.0,12.0
2.0,3.0,3.0,3.0,68.0
4.0,4.0,5.0,5.0,292.0

12.0,611.0,230.0,3.0,6.0
2.0,765.0,8.0,4.0,5.0
12.0,9.0,1286.0,4.0,6.0
67.0,5.0,3.0,1.0,1.0
321.0,6.0,10.0,2.0,2.0

9.0,231.0,604.0,4.0,4.0
472.0,6.0,257.0,3.0,7.0
1153.0,161.0,11.0,9.0,5.0
5.0,3.0,67.0,1.0,1.0
5.0,1.0,342.0,2.0,3.0

Iteration: ,12500
Error:,0.31233531644081536
Transition Probabilities
0.014127144298688193,0.006054490413723511,0.012108980827447022,0.23713420787083753,0.7305751765893037
0.34810126582278483,0.6234177215189873,0.010548523206751054,0.004219409282700422,0.013713080168776372
0.12653061224489795,0.003498542274052478,0.8600583090379009,0.0029154518950437317,0.006997084548104956
0.02040816326530612,0.030612244897959183,0.030612244897959183,0.04081632653061224,0.8775510204081632
0.016587677725118485,0.011848341232227487,0.014218009478672985,0.011848341232227487,0.9454976303317536

0.0130475302889096,0.706430568499534,0.2721342031686859,0.0027958993476234857,0.005591798695246971
0.002072538860103627,0.9761658031088083,0.011398963730569948,0.0051813471502590676,0.0051813471502590676
0.009052504526252263,0.00724200362100181,0.9770669885334943,0.0024140012070006035,0.004224502112251056
0.875,0.0625,0.03125,0.010416666666666666,0.020833333333333332
0.9468599033816425,0.014492753623188406,0.026570048309178744,0.004830917874396135,0.007246376811594203

0.014177693761814745,0.28166351606805295,0.6956521739130435,0.004725897920604915,0.003780718336483932
0.6312433581296493,0.008501594048884165,0.34643995749202977,0.005313496280552604,0.008501594048884165
0.8581774290887145,0.1255280627640314,0.007845503922751962,0.005431502715751358,0.0030175015087507543
0.061855670103092786,0.030927835051546393,0.8865979381443299,0.010309278350515464,0.010309278350515464
0.015873015873015872,0.0045351473922902496,0.9659863945578231,0.006802721088435374,0.006802721088435374

Transition Gammas
14.0,6.0,12.0,235.0,724.0
330.0,591.0,10.0,4.0,13.0
217.0,6.0,1475.0,5.0,12.0
2.0,3.0,3.0,4.0,86.0
7.0,5.0,6.0,5.0,399.0

14.0,758.0,292.0,3.0,6.0
2.0,942.0,11.0,5.0,5.0
15.0,12.0,1619.0,4.0,7.0
84.0,6.0,3.0,1.0,2.0
392.0,6.0,11.0,2.0,3.0

15.0,298.0,736.0,5.0,4.0
594.0,8.0,326.0,5.0,8.0
1422.0,208.0,13.0,9.0,5.0
6.0,3.0,86.0,1.0,1.0
7.0,2.0,426.0,3.0,3.0

Iteration: ,15000
Error:,0.3148334667233331
Transition Probabilities
0.013311148086522463,0.005823627287853577,0.010815307820299502,0.2454242928452579,0.7246256239600666
0.3177892918825561,0.6519861830742659,0.012089810017271158,0.0051813471502590676,0.012953367875647668
0.13283950617283952,0.0034567901234567903,0.854320987654321,0.0024691358024691358,0.006913580246913581
0.01652892561983471,0.024793388429752067,0.03305785123966942,0.03305785123966942,0.8925619834710744
0.013861386138613862,0.009900990099009901,0.015841584158415842,0.009900990099009901,0.9504950495049505

0.011093502377179081,0.7068145800316957,0.27258320126782887,0.002377179080824089,0.0071315372424722665
0.0017123287671232876,0.976027397260274,0.011986301369863013,0.0059931506849315065,0.004280821917808219
0.0079960019990005,0.009495252373813094,0.9760119940029985,0.0029985007496251873,0.0034982508745627187
0.8728813559322034,0.06779661016949153,0.03389830508474576,0.00847457627118644,0.01694915254237288
0.9496981891348089,0.01609657947686117,0.02414486921529175,0.004024144869215292,0.006036217303822937

0.015103338632750398,0.2972972972972973,0.6796502384737679,0.00397456279809221,0.00397456279809221
0.6404199475065617,0.00699912510936133,0.33858267716535434,0.005249343832020997,0.008748906386701663
0.86152273888605,0.12161471640265713,0.008175779253960144,0.005620848237097598,0.0030659172202350538
0.05785123966942149,0.024793388429752067,0.9008264462809917,0.008264462809917356,0.008264462809917356
0.0148975791433892,0.00558659217877095,0.9683426443202979,0.00558659217877095,0.00558659217877095

Transition Gammas
16.0,7.0,13.0,295.0,871.0
368.0,755.0,14.0,6.0,15.0
269.0,7.0,1730.0,5.0,14.0
2.0,3.0,4.0,4.0,108.0
7.0,5.0,8.0,5.0,480.0

14.0,892.0,344.0,3.0,9.0
2.0,1140.0,14.0,7.0,5.0
16.0,19.0,1953.0,6.0,7.0
103.0,8.0,4.0,1.0,2.0
472.0,8.0,12.0,2.0,3.0

19.0,374.0,855.0,5.0,5.0
732.0,8.0,387.0,6.0,10.0
1686.0,238.0,16.0,11.0,6.0
7.0,3.0,109.0,1.0,1.0
8.0,3.0,520.0,3.0,3.0

Iteration: ,17500
Error:,0.3177732017246539
Transition Probabilities
0.012039660056657223,0.0056657223796034,0.0113314447592068,0.24504249291784702,0.7259206798866855
0.32680722891566266,0.6430722891566265,0.012048192771084338,0.004518072289156626,0.01355421686746988
0.12738589211618256,0.0037344398340248964,0.85850622406639,0.002904564315352697,0.007468879668049793
0.013986013986013986,0.02097902097902098,0.04195804195804196,0.027972027972027972,0.8951048951048951
0.011382113821138212,0.00975609756097561,0.016260162601626018,0.011382113821138212,0.9512195121951219

0.010921501706484642,0.7098976109215017,0.26825938566552904,0.004095563139931741,0.006825938566552901
0.002284843869002285,0.9763899466869764,0.012185833968012186,0.005331302361005331,0.003808073115003808
0.008875739644970414,0.008875739644970414,0.9763313609467456,0.00253592561284869,0.0033812341504649195
0.8686131386861314,0.072992700729927,0.0364963503649635,0.0072992700729927005,0.014598540145985401
0.9518072289156626,0.01549053356282272,0.024096385542168676,0.0034423407917383822,0.0051635111876075735

0.015267175572519083,0.2907702984038862,0.6842470506592644,0.004857737682165163,0.004857737682165163
0.6396327467482785,0.0076511094108645756,0.3404743687834736,0.0045906656465187455,0.0076511094108645756
0.8636163660360757,0.11834579850417949,0.007479102507699076,0.005279366476022877,0.005279366476022877
0.04895104895104895,0.027972027972027972,0.9090909090909091,0.006993006993006993,0.006993006993006993
0.017214397496087636,0.006259780907668232,0.9640062597809077,0.00782472613458529,0.004694835680751174

Transition Gammas
17.0,8.0,16.0,346.0,1025.0
434.0,854.0,16.0,6.0,18.0
307.0,9.0,2069.0,7.0,18.0
2.0,3.0,6.0,4.0,128.0
7.0,6.0,10.0,7.0,585.0

16.0,1040.0,393.0,6.0,10.0
3.0,1282.0,16.0,7.0,5.0
21.0,21.0,2310.0,6.0,8.0
119.0,10.0,5.0,1.0,2.0
553.0,9.0,14.0,2.0,3.0

22.0,419.0,986.0,7.0,7.0
836.0,10.0,445.0,6.0,10.0
1963.0,269.0,17.0,12.0,12.0
7.0,4.0,130.0,1.0,1.0
11.0,4.0,616.0,5.0,3.0

Iteration: ,20000
Error:,0.31164316086755006
Transition Probabilities
0.011015911872705019,0.004895960832313341,0.009791921664626682,0.2484700122399021,0.7258261933904528
0.3352675693101225,0.63571889103804,0.012250161186331399,0.004513217279174726,0.012250161186331399
0.12851255151742225,0.0033720494567253652,0.8572499063319595,0.0029973772948669914,0.007868115399025852
0.012269938650306749,0.018404907975460124,0.03680981595092025,0.024539877300613498,0.9079754601226994
0.011142061281337047,0.008356545961002786,0.013927576601671309,0.011142061281337047,0.9554317548746518

0.009982384028185555,0.714034057545508,0.26541397533763944,0.0035231943628890195,0.007046388725778039
0.002652519893899204,0.976790450928382,0.011273209549071617,0.005305039787798408,0.003978779840848806
0.008662900188323917,0.008286252354048965,0.9766478342749529,0.0030131826741996233,0.003389830508474576
0.8774193548387097,0.07096774193548387,0.03225806451612903,0.0064516129032258064,0.012903225806451613
0.9529411764705882,0.016176470588235296,0.020588235294117647,0.0029411764705882353,0.007352941176470588

0.017704517704517704,0.2851037851037851,0.688034188034188,0.004273504273504274,0.004884004884004884
0.6406984553391538,0.007387508394895903,0.34116856950973806,0.004029550033579583,0.006715916722632639
0.8626774069812044,0.12121212121212122,0.006904487917146145,0.004602991944764097,0.004602991944764097
0.05232558139534884,0.023255813953488372,0.9127906976744186,0.005813953488372093,0.005813953488372093
0.019151846785225718,0.006839945280437756,0.960328317373461,0.008207934336525308,0.005471956224350205

Transition Gammas
18.0,8.0,16.0,406.0,1186.0
520.0,986.0,19.0,7.0,19.0
343.0,9.0,2288.0,8.0,21.0
2.0,3.0,6.0,4.0,148.0
8.0,6.0,10.0,8.0,686.0

17.0,1216.0,452.0,6.0,12.0
4.0,1473.0,17.0,8.0,6.0
23.0,22.0,2593.0,8.0,9.0
136.0,11.0,5.0,1.0,2.0
648.0,11.0,14.0,2.0,5.0

29.0,467.0,1127.0,7.0,8.0
954.0,11.0,508.0,6.0,10.0
2249.0,316.0,18.0,12.0,12.0
9.0,4.0,157.0,1.0,1.0
14.0,5.0,702.0,6.0,4.0

Iteration: ,22500
Error:,0.3097243800630981
Transition Probabilities
0.010331702011963024,0.005437737901033171,0.008700380641653072,0.24687330070690594,0.7286568787384448
0.344,0.6285714285714286,0.011428571428571429,0.004571428571428572,0.011428571428571429
0.12996992983628466,0.0036752422318743734,0.8559973270965586,0.003341129301703976,0.0070163715335783495
0.011560693641618497,0.017341040462427744,0.04046242774566474,0.023121387283236993,0.9075144508670521
0.010012515644555695,0.008760951188986232,0.016270337922403004,0.010012515644555695,0.9549436795994993

0.009414225941422594,0.7154811715481172,0.26464435146443516,0.0031380753138075313,0.007322175732217573
0.0029691211401425177,0.9762470308788599,0.011876484560570071,0.004750593824228029,0.004156769596199525
0.00871313672922252,0.007372654155495978,0.9775469168900804,0.0030160857908847183,0.003351206434316354
0.8857142857142857,0.06857142857142857,0.02857142857142857,0.005714285714285714,0.011428571428571429
0.9470967741935484,0.01935483870967742,0.02064516129032258,0.0025806451612903226,0.01032258064516129

0.015991471215351813,0.2755863539445629,0.6988272921108742,0.0042643923240938165,0.005330490405117271
0.6406533575317604,0.006654567453115548,0.3430127041742287,0.003629764065335753,0.006049606775559589
0.8637132228610078,0.12106865065945215,0.006425431180250254,0.00439634764964491,0.00439634764964491
0.05612244897959184,0.02040816326530612,0.9132653061224489,0.00510204081632653,0.00510204081632653
0.01734820322180917,0.006195786864931847,0.9628252788104089,0.007434944237918215,0.006195786864931847

Transition Gammas
19.0,10.0,16.0,454.0,1340.0
602.0,1100.0,20.0,8.0,20.0
389.0,11.0,2562.0,10.0,21.0
2.0,3.0,7.0,4.0,157.0
8.0,7.0,13.0,8.0,763.0

18.0,1368.0,506.0,6.0,14.0
5.0,1644.0,20.0,8.0,7.0
26.0,22.0,2917.0,9.0,10.0
155.0,12.0,5.0,1.0,2.0
734.0,15.0,16.0,2.0,8.0

30.0,517.0,1311.0,8.0,10.0
1059.0,11.0,567.0,6.0,10.0
2554.0,358.0,19.0,13.0,13.0
11.0,4.0,179.0,1.0,1.0
14.0,5.0,777.0,6.0,5.0

Iteration: ,25000
Error:,0.3205297201349175
Transition Probabilities
0.01070559610705596,0.00583941605839416,0.009245742092457421,0.24184914841849148,0.732360097323601
0.34102564102564104,0.6317948717948718,0.011282051282051283,0.004615384615384616,0.011282051282051283
0.12738275340393343,0.0033282904689863843,0.8574886535552194,0.004236006051437216,0.007564296520423601
0.015384615384615385,0.020512820512820513,0.05128205128205128,0.02564102564102564,0.8871794871794871
0.010262257696693273,0.00798175598631699,0.014823261117445839,0.010262257696693273,0.9566704675028507

0.009887005649717515,0.7151600753295668,0.2645951035781544,0.003295668549905838,0.007062146892655367
0.00473186119873817,0.9758149316508938,0.011041009463722398,0.00473186119873817,0.003680336487907466
0.008469449485783424,0.007259528130671506,0.9782214156079855,0.0030248033877797943,0.0030248033877797943
0.8900523560209425,0.06282722513089005,0.031413612565445025,0.005235602094240838,0.010471204188481676
0.946590909090909,0.01818181818181818,0.022727272727272728,0.0022727272727272726,0.010227272727272727

0.014961389961389961,0.27944015444015446,0.696911196911197,0.003861003861003861,0.004826254826254826
0.6460032626427407,0.0065252854812398045,0.33713974986405654,0.004893964110929853,0.005437737901033171
0.8636085626911315,0.12140672782874617,0.005810397553516819,0.004281345565749235,0.004892966360856269
0.06046511627906977,0.018604651162790697,0.9116279069767442,0.004651162790697674,0.004651162790697674
0.01569506726457399,0.006726457399103139,0.9652466367713004,0.006726457399103139,0.005605381165919282

Transition Gammas
22.0,12.0,19.0,497.0,1505.0
665.0,1232.0,22.0,9.0,22.0
421.0,11.0,2834.0,14.0,25.0
3.0,4.0,10.0,5.0,173.0
9.0,7.0,13.0,9.0,839.0

21.0,1519.0,562.0,7.0,15.0
9.0,1856.0,21.0,9.0,7.0
28.0,24.0,3234.0,10.0,10.0
170.0,12.0,6.0,1.0,2.0
833.0,16.0,20.0,2.0,9.0

31.0,579.0,1444.0,8.0,10.0
1188.0,12.0,620.0,9.0,10.0
2824.0,397.0,19.0,14.0,16.0
13.0,4.0,196.0,1.0,1.0
14.0,6.0,861.0,6.0,5.0

Iteration: ,27500
Error:,0.308342529003336
Transition Probabilities
0.01064773735581189,0.005767524401064774,0.009760425909494233,0.2453416149068323,0.7284826974267968
0.3409306742640076,0.6320037986704653,0.010921177587844255,0.004748338081671415,0.011396011396011397
0.12829573253601523,0.0035335689045936395,0.856754552867627,0.004077194889915738,0.0073389508018483285
0.0136986301369863,0.0182648401826484,0.045662100456621,0.0228310502283105,0.8995433789954338
0.010427528675703858,0.009384775808133473,0.013555787278415016,0.009384775808133473,0.9572471324296142

0.00903225806451613,0.7135483870967742,0.2679569892473118,0.003010752688172043,0.0064516129032258064
0.004826254826254826,0.9763513513513513,0.010617760617760617,0.004343629343629344,0.003861003861003861
0.007702888583218707,0.007427785419532325,0.9785419532324622,0.003026134800550206,0.003301237964236589
0.893719806763285,0.06280193236714976,0.028985507246376812,0.004830917874396135,0.00966183574879227
0.9454354669464848,0.017838405036726127,0.025183630640083946,0.002098635886673662,0.00944386149003148

0.014397905759162303,0.2801047120418848,0.6967713787085514,0.0034904013961605585,0.005235602094240838
0.6482758620689655,0.005911330049261084,0.33645320197044337,0.004433497536945813,0.0049261083743842365
0.8629076838032061,0.12023217247097844,0.007462686567164179,0.004975124378109453,0.004422332780541736
0.0546218487394958,0.02100840336134454,0.9159663865546218,0.004201680672268907,0.004201680672268907
0.014198782961460446,0.006085192697768763,0.9685598377281948,0.006085192697768763,0.005070993914807302

Transition Gammas
24.0,13.0,22.0,553.0,1642.0
718.0,1331.0,23.0,10.0,24.0
472.0,13.0,3152.0,15.0,27.0
3.0,4.0,10.0,5.0,197.0
10.0,9.0,13.0,9.0,918.0

21.0,1659.0,623.0,7.0,15.0
10.0,2023.0,22.0,9.0,8.0
28.0,27.0,3557.0,11.0,12.0
185.0,13.0,6.0,1.0,2.0
901.0,17.0,24.0,2.0,9.0

33.0,642.0,1597.0,8.0,12.0
1316.0,12.0,683.0,9.0,10.0
3122.0,435.0,27.0,18.0,16.0
13.0,5.0,218.0,1.0,1.0
14.0,6.0,955.0,6.0,5.0

Iteration: ,30000
Error:,0.31755524280838515
Transition Probabilities
0.010509296685529508,0.005658852061438965,0.01131770412287793,0.2429264349232013,0.7295877122069523
0.34453057708871665,0.6274763135228252,0.010766580534022395,0.004737295434969853,0.012489233419465978
0.1245311327831958,0.004751187796949237,0.8594648662165542,0.004001000250062516,0.007251812953238309
0.01639344262295082,0.01639344262295082,0.040983606557377046,0.02459016393442623,0.9016393442622951
0.009337068160597572,0.008403361344537815,0.014005602240896359,0.008403361344537815,0.9598506069094305

0.009098101265822785,0.7203322784810127,0.26186708860759494,0.002768987341772152,0.005933544303797469
0.0062360801781737195,0.9746102449888642,0.011581291759465479,0.004008908685968819,0.0035634743875278397
0.007838179519595449,0.0073324905183312266,0.9782553729456385,0.0032869785082174463,0.0032869785082174463
0.8928571428571429,0.0625,0.03125,0.004464285714285714,0.008928571428571428
0.9477186311787072,0.017110266159695818,0.02376425855513308,0.0028517110266159697,0.008555133079847909

0.014050582095543959,0.2757928542753914,0.7017262143717382,0.003211561621838619,0.005218787635487756
0.6479708162334701,0.005927952576379389,0.3369813041495668,0.004103967168262654,0.005015959872321021
0.8629789393554935,0.12027404212128902,0.007358538442019792,0.0053285968028419185,0.0040598832783557475
0.05533596837944664,0.023715415019762844,0.9130434782608695,0.003952569169960474,0.003952569169960474
0.016651248843663275,0.0064754856614246065,0.9666975023126735,0.005550416281221091,0.004625346901017576

Transition Gammas
26.0,14.0,28.0,601.0,1805.0
800.0,1457.0,25.0,11.0,29.0
498.0,19.0,3437.0,16.0,29.0
4.0,4.0,10.0,6.0,220.0
10.0,9.0,15.0,9.0,1028.0

23.0,1821.0,662.0,7.0,15.0
14.0,2188.0,26.0,9.0,8.0
31.0,29.0,3869.0,13.0,13.0
200.0,14.0,7.0,1.0,2.0
997.0,18.0,25.0,3.0,9.0

35.0,687.0,1748.0,8.0,13.0
1421.0,13.0,739.0,9.0,11.0
3401.0,474.0,29.0,21.0,16.0
14.0,6.0,231.0,1.0,1.0
18.0,7.0,1045.0,6.0,5.0

Iteration: ,32500
Error:,0.3111649161810149
Transition Probabilities
0.009737827715355805,0.0052434456928838954,0.011610486891385767,0.2445692883895131,0.7288389513108614
0.34647550776583036,0.6260454002389486,0.009956192751891677,0.005177220230983672,0.012345679012345678
0.12531733210246943,0.004615739672282483,0.8589891530117701,0.003923378721440111,0.007154396492037849
0.025830258302583026,0.01845018450184502,0.05166051660516605,0.02214022140221402,0.8819188191881919
0.00864304235090752,0.007778738115816767,0.013828867761452032,0.00864304235090752,0.9611063094209161

0.008695652173913044,0.7170289855072464,0.26413043478260867,0.004347826086956522,0.005797101449275362
0.005749486652977412,0.9753593429158111,0.011498973305954825,0.003696098562628337,0.003696098562628337
0.008214034264257217,0.0077446608777282325,0.9772353907533443,0.0032856137057028865,0.0035203003989673787
0.8916666666666667,0.0625,0.03333333333333333,0.004166666666666667,0.008333333333333333
0.9476950354609929,0.018617021276595744,0.02304964539007092,0.0026595744680851063,0.007978723404255319

0.013353115727002967,0.27299703264094954,0.7043768545994066,0.0033382789317507417,0.005934718100890208
0.6496627318718381,0.0054806070826306915,0.33558178752107926,0.0042158516020236085,0.00505902192242833
0.8639439906651109,0.11901983663943991,0.007467911318553093,0.005367561260210035,0.004200700116686115
0.05415162454873646,0.02888086642599278,0.9097472924187726,0.0036101083032490976,0.0036101083032490976
0.016142735768903994,0.006796941376380629,0.9668649107901445,0.00594732370433305,0.004248088360237893

Transition Gammas
26.0,14.0,31.0,653.0,1946.0
870.0,1572.0,25.0,13.0,31.0
543.0,20.0,3722.0,17.0,31.0
7.0,5.0,14.0,6.0,239.0
10.0,9.0,16.0,10.0,1112.0

24.0,1979.0,729.0,12.0,16.0
14.0,2375.0,28.0,9.0,9.0
35.0,33.0,4164.0,14.0,15.0
214.0,15.0,8.0,1.0,2.0
1069.0,21.0,26.0,3.0,9.0

36.0,736.0,1899.0,9.0,16.0
1541.0,13.0,796.0,10.0,12.0
3702.0,510.0,32.0,23.0,18.0
15.0,8.0,252.0,1.0,1.0
19.0,8.0,1138.0,7.0,5.0

Iteration: ,35000
Error:,0.3189346382660783
Transition Probabilities
0.010108051585918439,0.005228302544440571,0.011850819100731963,0.24642732659463226,0.7263855001742767
0.34888059701492535,0.6246268656716418,0.010074626865671642,0.004850746268656716,0.011567164179104477
0.12260536398467432,0.004682843763303533,0.8616432524478501,0.0038314176245210726,0.007237122179650915
0.024305555555555556,0.017361111111111112,0.052083333333333336,0.020833333333333332,0.8854166666666666
0.008032128514056224,0.008032128514056224,0.01285140562248996,0.00963855421686747,0.9614457831325302

0.008771929824561403,0.7196356275303644,0.2614709851551957,0.004048582995951417,0.006072874493927126
0.006481128478841022,0.974837971788029,0.011437285550895921,0.003812428516965307,0.003431185665268776
0.008410610308389044,0.0077636402846668106,0.9762777657968514,0.003450506793185249,0.004097476816907484
0.8914728682170543,0.06201550387596899,0.03488372093023256,0.003875968992248062,0.007751937984496124
0.9489112227805695,0.018425460636515914,0.022613065326633167,0.002512562814070352,0.007537688442211055

0.014542936288088643,0.27008310249307477,0.7060249307479224,0.0031163434903047093,0.006232686980609419
0.6492537313432836,0.005106048703849175,0.33699921445404557,0.003927729772191673,0.004713275726630008
0.8644656820156386,0.11902693310165074,0.0069504778453518675,0.005212858384013901,0.004344048653344918
0.0625,0.029605263157894735,0.8980263157894737,0.006578947368421052,0.003289473684210526
0.018823529411764704,0.007058823529411765,0.9647058823529412,0.005490196078431373,0.00392156862745098

Transition Gammas
29.0,15.0,34.0,707.0,2084.0
935.0,1674.0,27.0,13.0,31.0
576.0,22.0,4048.0,18.0,34.0
7.0,5.0,15.0,6.0,255.0
10.0,10.0,16.0,12.0,1197.0

26.0,2133.0,775.0,12.0,18.0
17.0,2557.0,30.0,10.0,9.0
39.0,36.0,4527.0,16.0,19.0
230.0,16.0,9.0,1.0,2.0
1133.0,22.0,27.0,3.0,9.0

42.0,780.0,2039.0,9.0,18.0
1653.0,13.0,858.0,10.0,12.0
3980.0,548.0,32.0,24.0,20.0
19.0,9.0,273.0,2.0,1.0
24.0,9.0,1230.0,7.0,5.0

Iteration: ,37500
Error:,0.3027629406239736
Transition Probabilities
0.01001939237233355,0.005494505494505495,0.011312217194570135,0.24305106658047834,0.7301228183581124
0.3539978865797816,0.618879887284255,0.009862627685804861,0.0052835505459668895,0.011976047904191617
0.11985759493670886,0.00435126582278481,0.8649129746835443,0.003955696202531646,0.006922468354430379
0.025974025974025976,0.016233766233766232,0.05519480519480519,0.01948051948051948,0.8831168831168831
0.00744047619047619,0.00744047619047619,0.011904761904761904,0.008928571428571428,0.9642857142857143

0.008533501896333754,0.7221871049304678,0.2588495575221239,0.0041087231352718075,0.006321112515802781
0.006405693950177936,0.9743772241992883,0.01103202846975089,0.00498220640569395,0.003202846975088968
0.008274470232088799,0.007467204843592331,0.9763874873864783,0.0034308779011099897,0.004439959636730575
0.8853046594982079,0.06810035842293907,0.03225806451612903,0.007168458781362007,0.007168458781362007
0.9514263685427911,0.016962220508866616,0.02235929067077872,0.002313030069390902,0.006939090208172706

0.014881915237787124,0.2665803946942737,0.7094791329666774,0.003235198964736331,0.005823358136525397
0.6490384615384616,0.005547337278106509,0.3369082840236686,0.0036982248520710057,0.004807692307692308
0.8658833063209076,0.11790923824959482,0.006888168557536467,0.00526742301458671,0.004051863857374392
0.062111801242236024,0.031055900621118012,0.8975155279503105,0.006211180124223602,0.003105590062111801
0.018922852983988356,0.00727802037845706,0.9650655021834061,0.005094614264919942,0.00363901018922853

Transition Gammas
31.0,17.0,35.0,752.0,2259.0
1005.0,1757.0,28.0,15.0,34.0
606.0,22.0,4373.0,20.0,35.0
8.0,5.0,17.0,6.0,272.0
10.0,10.0,16.0,12.0,1296.0

27.0,2285.0,819.0,13.0,20.0
18.0,2738.0,31.0,14.0,9.0
41.0,37.0,4838.0,17.0,22.0
247.0,19.0,9.0,2.0,2.0
1234.0,22.0,29.0,3.0,9.0

46.0,824.0,2193.0,10.0,18.0
1755.0,15.0,911.0,10.0,13.0
4274.0,582.0,34.0,26.0,20.0
20.0,10.0,289.0,2.0,1.0
26.0,10.0,1326.0,7.0,5.0

Iteration: ,40000
Error:,0.3097519420723573
Transition Probabilities
0.009685230024213076,0.006053268765133172,0.011501210653753027,0.24667070217917675,0.726089588377724
0.3497357992073976,0.6241743725231176,0.009577278731836196,0.004953764861294584,0.011558784676354029
0.12111627906976744,0.004279069767441861,0.8638139534883721,0.0039069767441860465,0.006883720930232558
0.0243161094224924,0.015197568389057751,0.0547112462006079,0.0182370820668693,0.8875379939209727
0.008438818565400843,0.007032348804500703,0.011251758087201125,0.008438818565400843,0.9648382559774965

0.008564678086237449,0.7232722976963969,0.25694034258712345,0.004134672179562906,0.0070880094506792675
0.0062997347480106105,0.9744694960212201,0.010941644562334218,0.004641909814323607,0.003647214854111406
0.008349146110056925,0.007210626185958254,0.9770398481973435,0.0032258064516129032,0.004174573055028463
0.8926174496644296,0.06375838926174497,0.030201342281879196,0.006711409395973154,0.006711409395973154
0.9522776572668112,0.015907447577729574,0.023138105567606652,0.0021691973969631237,0.006507592190889371

0.01463860933211345,0.2711192436718512,0.7053979871912168,0.0030497102775236353,0.005794449527294907
0.6461327857631759,0.007186858316221766,0.337782340862423,0.0037645448323066393,0.00513347022587269
0.8662857142857143,0.11752380952380953,0.006666666666666667,0.005333333333333333,0.004190476190476191
0.05982905982905983,0.03418803418803419,0.8974358974358975,0.005698005698005698,0.002849002849002849
0.018493150684931507,0.00821917808219178,0.9643835616438357,0.005479452054794521,0.003424657534246575

Transition Gammas
32.0,20.0,38.0,815.0,2399.0
1059.0,1890.0,29.0,15.0,35.0
651.0,23.0,4643.0,21.0,37.0
8.0,5.0,18.0,6.0,292.0
12.0,10.0,16.0,12.0,1372.0

29.0,2449.0,870.0,14.0,24.0
19.0,2939.0,33.0,14.0,11.0
44.0,38.0,5149.0,17.0,22.0
266.0,19.0,9.0,2.0,2.0
1317.0,22.0,32.0,3.0,9.0

48.0,889.0,2313.0,10.0,19.0
1888.0,21.0,987.0,11.0,15.0
4548.0,617.0,35.0,28.0,22.0
21.0,12.0,315.0,2.0,1.0
27.0,12.0,1408.0,8.0,5.0

Iteration: ,42500
Error:,0.32301016741921995
Transition Probabilities
0.009393680614859094,0.0062624537432393965,0.010816965556504412,0.24679760888129804,0.726729291204099
0.35535378835316217,0.6180338134001252,0.010018785222291797,0.00469630557294928,0.011897307451471509
0.12423124231242312,0.004217185028993147,0.8611843261289756,0.003865752943243718,0.006501493586364435
0.02247191011235955,0.016853932584269662,0.056179775280898875,0.016853932584269662,0.8876404494382022
0.008592200925313946,0.006609385327164574,0.010575016523463317,0.009253139458030404,0.9649702577660277

0.00827357970215113,0.7214561500275786,0.2592388306674021,0.004136789851075565,0.006894649751792609
0.006612090680100755,0.9744962216624685,0.010705289672544081,0.004722921914357683,0.0034634760705289673
0.008233398961875783,0.007517451226060497,0.9767316985860032,0.003400751745122606,0.004116699480937892
0.8913738019169329,0.06389776357827476,0.03194888178913738,0.006389776357827476,0.006389776357827476
0.951864406779661,0.01694915254237288,0.022372881355932205,0.002711864406779661,0.006101694915254237

0.014938236139040505,0.2688882505027291,0.7072680264291871,0.002872737719046251,0.006032749209997127
0.640910548252645,0.007374158384097467,0.34305867265149087,0.003526771401090093,0.005129849310676499
0.863693131132917,0.11989295272078501,0.00695807314897413,0.0051739518287243534,0.004281891168599465
0.0646900269541779,0.03234501347708895,0.8921832884097035,0.008086253369272238,0.0026954177897574125
0.017385705086928525,0.0077269800386349004,0.9665164198325821,0.0051513200257566,0.003219575016097875

Transition Gammas
33.0,22.0,38.0,867.0,2553.0
1135.0,1974.0,32.0,15.0,38.0
707.0,24.0,4901.0,22.0,37.0
8.0,6.0,20.0,6.0,316.0
13.0,10.0,16.0,14.0,1460.0

30.0,2616.0,940.0,15.0,25.0
21.0,3095.0,34.0,15.0,11.0
46.0,42.0,5457.0,19.0,23.0
279.0,20.0,10.0,2.0,2.0
1404.0,25.0,33.0,4.0,9.0

52.0,936.0,2462.0,10.0,21.0
1999.0,23.0,1070.0,11.0,16.0
4841.0,672.0,39.0,29.0,24.0
24.0,12.0,331.0,3.0,1.0
27.0,12.0,1501.0,8.0,5.0

Iteration: ,45000
Error:,0.30982074658788045
Transition Probabilities
0.009137328675087342,0.005912389142703574,0.010212308519215264,0.24832034399355013,0.7264176296694437
0.3530106257378985,0.6213105076741441,0.009445100354191263,0.004722550177095631,0.011511216056670602
0.12346498506471955,0.00431463657484235,0.8617656820444739,0.00414868901427149,0.006306007301692665
0.021505376344086023,0.016129032258064516,0.053763440860215055,0.016129032258064516,0.8924731182795699
0.010031347962382446,0.006896551724137931,0.011912225705329153,0.00877742946708464,0.9623824451410659

0.007832898172323759,0.7211488250652741,0.2597911227154047,0.0039164490861618795,0.007310704960835509
0.006224066390041493,0.9748073503260225,0.011262596324836989,0.004445761707172495,0.003260225251926497
0.007820469228153689,0.007650459027541652,0.976878612716763,0.0032301938116286975,0.004420265215912955
0.8948948948948949,0.06006006006006006,0.03303303303303303,0.006006006006006006,0.006006006006006006
0.9533546325878595,0.017252396166134186,0.021086261980830672,0.0025559105431309905,0.005750798722044728

0.01405025668738179,0.2688462577681708,0.708727370980816,0.0027019724398811133,0.005674142123750338
0.6441958887545345,0.006952841596130592,0.3403869407496977,0.0036275695284159614,0.0048367593712212815
0.8624747814391392,0.12020847343644922,0.007901815736381977,0.0048755884330867515,0.004539340954942838
0.06297229219143577,0.030226700251889168,0.8967254408060453,0.007556675062972292,0.0025188916876574307
0.017146356399265157,0.007348438456827924,0.9675443968156767,0.004898958971218616,0.003061849357011635

Transition Gammas
34.0,22.0,38.0,924.0,2703.0
1196.0,2105.0,32.0,16.0,39.0
744.0,26.0,5193.0,25.0,38.0
8.0,6.0,20.0,6.0,332.0
16.0,11.0,19.0,14.0,1535.0

30.0,2762.0,995.0,15.0,28.0
21.0,3289.0,38.0,15.0,11.0
46.0,45.0,5746.0,19.0,26.0
298.0,20.0,11.0,2.0,2.0
1492.0,27.0,33.0,4.0,9.0

52.0,995.0,2623.0,10.0,21.0
2131.0,23.0,1126.0,12.0,16.0
5130.0,715.0,47.0,29.0,27.0
25.0,12.0,356.0,3.0,1.0
28.0,12.0,1580.0,8.0,5.0

Iteration: ,47500
Error:,0.3089974800488296
Transition Probabilities
0.009181331293037491,0.005865850548329507,0.010711553175210406,0.24687579699056364,0.727365467992859
0.3587292662355918,0.6159685127916784,0.009277481023334271,0.004779308405960078,0.011245431543435479
0.12109375,0.00421875,0.86453125,0.0040625,0.00609375
0.02040816326530612,0.015306122448979591,0.05357142857142857,0.015306122448979591,0.8954081632653061
0.01072066706372841,0.006551518761167362,0.011911852293031567,0.008338296605122097,0.9624776652769506

0.007696127110228402,0.7234359483614697,0.25794438927507446,0.003723932472691162,0.007199602780536246
0.00625177607274794,0.9749928957090083,0.010798522307473715,0.004830917874396135,0.00312588803637397
0.00782622584251717,0.007506788053026673,0.9771601980514295,0.0033540967896502154,0.004152691263376458
0.8933717579250721,0.06051873198847262,0.0345821325648415,0.005763688760806916,0.005763688760806916
0.9554878048780487,0.016463414634146342,0.020121951219512196,0.0024390243902439024,0.00548780487804878

0.01404135818228236,0.2627010467194281,0.7150880776104162,0.002808271636456472,0.005361245851416901
0.6428571428571429,0.006940427993059572,0.3418160786581839,0.0037593984962406013,0.004626951995373048
0.8623969562460367,0.12016487000634116,0.008084971464806594,0.004755865567533291,0.004597336715282181
0.06235011990407674,0.03117505995203837,0.894484412470024,0.009592326139088728,0.002398081534772182
0.0167727009832273,0.006940427993059572,0.9681897050318103,0.004626951995373048,0.003470213996529786

Transition Gammas
36.0,23.0,42.0,968.0,2852.0
1276.0,2191.0,33.0,17.0,40.0
775.0,27.0,5533.0,26.0,39.0
8.0,6.0,21.0,6.0,351.0
18.0,11.0,20.0,14.0,1616.0

31.0,2914.0,1039.0,15.0,29.0
22.0,3431.0,38.0,17.0,11.0
49.0,47.0,6118.0,21.0,26.0
310.0,21.0,12.0,2.0,2.0
1567.0,27.0,33.0,4.0,9.0

55.0,1029.0,2801.0,11.0,21.0
2223.0,24.0,1182.0,13.0,16.0
5440.0,758.0,51.0,30.0,29.0
26.0,13.0,373.0,4.0,1.0
29.0,12.0,1674.0,8.0,6.0

Iteration: ,49999
Error:,0.31463989753323357
Transition Probabilities
0.008976225133430374,0.005579815623483746,0.010431829209121786,0.25109170305676853,0.7239204269771955
0.35626338329764456,0.6185760171306209,0.009100642398286937,0.004817987152034261,0.011241970021413276
0.12128859857482185,0.004602137767220902,0.8632719714964371,0.00430522565320665,0.006532066508313539
0.019184652278177457,0.014388489208633094,0.05515587529976019,0.014388489208633094,0.8968824940047961
0.011945392491467578,0.006825938566552901,0.013083048919226393,0.007963594994311717,0.9601820250284414

0.0072992700729927005,0.7242759595008241,0.257829055804097,0.0035319048740287263,0.007063809748057453
0.006720430107526882,0.9744623655913979,0.01129032258064516,0.00456989247311828,0.002956989247311828
0.007888349514563107,0.00758495145631068,0.9769417475728155,0.003489077669902913,0.004095873786407767
0.8981233243967829,0.058981233243967826,0.032171581769437,0.005361930294906166,0.005361930294906166
0.9550496205487449,0.01634559252772913,0.020431990659661413,0.002335084646818447,0.005837711617046118

0.014111922141119221,0.26496350364963506,0.7126520681265207,0.00291970802919708,0.00535279805352798
