0,1,2,3,4,5,6,7,8,9,10,11,12,13,14,15,16,17,18,19,20,21,22,23,24,25,26,27,28,29
github Code Version (SHA):,8209b0a4e0cf9dc4260af93f9d3939001723c711
Environment Observations,Environment Actions,alpha,epsilon,numActions,explore,gainSplitThresh,surpiseThresh,splitWithEntropy,entropyThresh,earlyTermination,budd,conservativeness_factor,confidence_factor,have_control
"['square', 'diamond']","['x', 'y']",0.99,0.99,50000,0.05,0.05,0,True,0.55,False,True,0,100,False

Model Num 2
Model States: 
"['square', 'y', 'diamond']","['diamond', 'y', 'diamond']","['diamond', 'y', 'square']","['square', 'y', 'square']"
Iteration: ,0
Error:,0.6684129001416561
Transition Probabilities
0.25,0.25,0.25,0.25
0.25,0.25,0.25,0.25
0.25,0.25,0.25,0.25
0.25,0.25,0.25,0.25

0.20079918073934258,0.3936860725688239,0.2047155659524909,0.20079918073934258
0.25,0.25,0.25,0.25
0.25,0.25,0.25,0.25
0.25,0.25,0.25,0.25

Iteration: ,5000
Error:,0.07642625345272566
Transition Probabilities
0.8526407319639001,0.04272407452724438,0.04447154680245756,0.06016364670639792
0.9718372081766186,0.012392174376796529,0.0037279820971153187,0.012042635349469635
0.8699925499570298,0.05153092704723116,0.02687677018498749,0.05159975281075153
0.9634899265660453,0.014552481452023616,0.0033576334097470506,0.01859995857218398

0.0012258523508640324,0.9640173063571897,0.029765679529885562,0.004991161762060523
0.0015917500773494327,0.019734609848714432,0.9770818899965866,0.0015917500773494327
0.03751735082213143,0.0016640202064310253,0.0016640202064310253,0.9591546087650065
0.010328046400981384,0.0035861245889664013,0.0034576567367401176,0.9826281722733122

Iteration: ,10000
Error:,0.044444006449159384
Transition Probabilities
0.9128189306901292,0.02829506525008961,0.019883026829714826,0.03900297723006631
0.9766139923845353,0.011324911766092467,0.0034599596308123697,0.008601136218559773
0.9432155000554384,0.02061059423666033,0.010749781469427528,0.025424124238473747
0.9704634542781169,0.0124291355193571,0.002495803556008363,0.014611606646517788

0.0010010922232825258,0.9664780739259591,0.02529231163316292,0.007228522217595594
0.0007969440942981169,0.01891812427427816,0.9794879875371257,0.0007969440942981169
0.029059631271601414,0.0008989559821333394,0.009806192453849692,0.9602352202924155
0.008812988220412788,0.006089500777966784,0.003544343807912072,0.9815531671937084

Iteration: ,15000
Error:,0.03723853634425455
Transition Probabilities
0.9282743402590544,0.025023477325314333,0.01315985996341887,0.03354232245221231
0.9766913326146304,0.01102797756577359,0.004429279017836596,0.007851410801759483
0.9451374564664757,0.02028218397851655,0.010565098576366339,0.024015260978641345
0.9738990304565258,0.012703538833888375,0.002171877021747082,0.011225553687838742

0.0011832473051519572,0.9682550061499628,0.02296134863791049,0.007600397906974693
0.0005320851634144481,0.01593060616492762,0.9830052235082435,0.0005320851634144481
0.02726967575939255,0.0008840497748749659,0.010325774491153097,0.9615204999745793
0.008290859028364544,0.007582101726223961,0.004166401424015525,0.979960637821396

Iteration: ,20000
Error:,0.03142247299794501
Transition Probabilities
0.9434075036855741,0.02156073296199572,0.009096998575816183,0.02593476477661406
0.9783205362499409,0.010592109426713804,0.003668615492534963,0.0074187388308103635
0.9494991988532193,0.020721159220967886,0.007913260365014238,0.021866381560798502
0.9762055127395319,0.011553667604847502,0.0017035705309819114,0.010537249124638536

0.0012379052480922645,0.9679356793733389,0.021967021132103602,0.008859394246465424
0.0004001546480046361,0.015826882994738983,0.9833728077092517,0.0004001546480046361
0.025572026576624947,0.0012294393454855912,0.012879372465747836,0.9603191616121417
0.007891058953179068,0.008340968343874827,0.004012646684459161,0.979755326018487

Iteration: ,25000
Error:,0.026116869970908573
Transition Probabilities
0.9540355085071535,0.016199917222125885,0.006835139795932903,0.022929434474787718
0.9782336770938442,0.011589303719172184,0.0036163836479032644,0.006560635539080491
0.9506699304627569,0.020895936963642055,0.010400771628531267,0.018033360945069618
0.9781297762135838,0.010677330808683038,0.0016655248587160937,0.00952736811901704

0.0012267720670227132,0.9693788246570654,0.020886132063089813,0.008508271212822043
0.00031952196836850324,0.014804945307123651,0.9845560107561393,0.00031952196836850324
0.025658977004576727,0.001001037068169328,0.012917785752703553,0.9604222001745505
0.008138225023629255,0.009845067923807009,0.004227715109015397,0.9777889919435484

Iteration: ,30000
Error:,0.024264895077657382
Transition Probabilities
0.9582489070899741,0.013292567067716962,0.005608457926597752,0.022850067915711026
0.9781086638707662,0.012437127636522476,0.0032972647841883716,0.0061569437085228895
0.9576946819648163,0.017021996451994797,0.008472551293914788,0.01681077028927409
0.978138411906145,0.010850581023359228,0.0019141772272917466,0.009096829843204058

0.0013035208332780057,0.9693570244947213,0.020429271020399792,0.0089101836516008
0.00026678505493075386,0.01482463991739555,0.984641789972743,0.00026678505493075386
0.02361961698866541,0.000927493700811755,0.014000638812005951,0.9614522504985169
0.00797240785560335,0.00978284844954683,0.004769281255019922,0.9774754624398299

Iteration: ,35000
Error:,0.023052967620836737
Transition Probabilities
0.9593534127941746,0.013924506985890204,0.004889005408080295,0.02183307481185486
0.9778103641245227,0.012783332896992296,0.0035498157891721022,0.005856487189312905
0.9643019280779694,0.014229078252764095,0.007082400451772111,0.014386593217494468
0.9771772595159024,0.012570158570284257,0.0018459197282917198,0.008406662185521675

0.0014362874805111435,0.9703295758723215,0.01952789793178991,0.00870623871537756
0.0002885477162941168,0.014502173358433025,0.9843621254145836,0.0008471535106893218
0.0228363175508785,0.0009272098174155171,0.014454207770361318,0.9617822648613447
0.007583446477895739,0.009394133508356235,0.004979894119833249,0.9780425258939147

Iteration: ,40000
Error:,0.0233555934856507
Transition Probabilities
0.9612943485417446,0.014417258897929741,0.004342767149007009,0.019945625411318807
0.9788072018370619,0.012013848517877537,0.0031665333827142175,0.006012416262346507
0.9662123164473055,0.014924825478410779,0.006158010515068175,0.012704847559215523
0.9762818435422023,0.013095107756010277,0.0018014932794435706,0.008821555422344064

0.0017436123926234393,0.9690000067655913,0.019239485164505642,0.010016895677279626
0.000525053656648157,0.014602222660284808,0.9827995820163975,0.002073141666669452
0.022366435204571357,0.0009809132820818198,0.015359102127634345,0.9612935493857124
0.0074767535291975235,0.009907688285282937,0.005377548668700005,0.9772380095168195

Iteration: ,45000
Error:,0.02425230034671867
Transition Probabilities
0.9613600609364328,0.013014956286946565,0.007432453649799773,0.01819252912682097
0.9787022732199537,0.012154822253558913,0.003496956375141791,0.005645948151345595
0.9674373570270145,0.014467746284686436,0.005966765399205936,0.012128131289093099
0.9772019626951931,0.012266799198557669,0.0019319475881104072,0.008599290518138803

0.0017862433771638896,0.9695821986008358,0.018693287581343653,0.009938270440656625
0.0006119780297543711,0.01460378076275251,0.9821974346315097,0.0025868065759835665
0.021780717505809295,0.0009801992874007327,0.015852801160226533,0.9613862820465634
0.007550752750264411,0.010645830241333056,0.005333608575229,0.9764698084331735

Iteration: ,49999
Error:,0.02418708162673095
Transition Probabilities
0.962259529754418,0.01473241418979016,0.006593529647975166,0.016414526407816855
0.9791628860081927,0.011566298715320453,0.003907807048107682,0.005363008228379231
0.9688078455406605,0.012953154475237698,0.0073166756506268605,0.010922324333474974
0.9775393507319028,0.011959578533827642,0.002340837357589867,0.008160233376679786

0.0016767179848501802,0.9699065529090114,0.01864865590121325,0.009768073204925188
0.000730820357264895,0.014002319878221757,0.9806440644702246,0.0046227952942888
0.021474371603354456,0.0008917739821256132,0.015384577127711446,0.9622492772868085
0.007482112111097351,0.010839526124280291,0.005376683933132623,0.9763016778314897

