0,1,2,3,4,5,6,7,8,9,10,11,12,13,14,15,16,17,18,19,20,21,22,23,24,25,26,27,28,29
github Code Version (SHA):,8209b0a4e0cf9dc4260af93f9d3939001723c711
Environment Observations,Environment Actions,alpha,epsilon,numActions,explore,gainSplitThresh,surpiseThresh,splitWithEntropy,entropyThresh,earlyTermination,budd,conservativeness_factor,confidence_factor,have_control
"['square', 'diamond']","['x', 'y']",0.99,0.99,50000,0.05,0.05,0,True,0.55,False,True,0,100,False

Model Num 2
Model States: 
"['square', 'y', 'diamond']","['diamond', 'y', 'diamond']","['diamond', 'y', 'square']","['square', 'y', 'square']"
Iteration: ,0
Error:,0.6851041747035548
Transition Probabilities
0.25,0.25,0.25,0.25
0.25,0.25,0.25,0.25
0.25,0.25,0.25,0.25
0.25,0.25,0.25,0.25

0.25,0.25,0.25,0.25
0.25,0.25,0.25,0.25
0.2047155659524909,0.20079918073934258,0.20079918073934258,0.3936860725688239
0.25,0.25,0.25,0.25

Iteration: ,5000
Error:,0.050812023966524206
Transition Probabilities
0.9321200613550978,0.01828940343785146,0.01828940343785146,0.03130113176919916
0.9732515416724126,0.012044974523333108,0.00354574340497265,0.011157740399281647
0.8900504684455354,0.017197925382658692,0.04858974476903872,0.04416186140276713
0.9627245034959993,0.0218458841308178,0.006421577542988217,0.009008034830194694

0.00205569021949168,0.9495891434871964,0.040934687986825806,0.007420478306486203
0.00153188087492646,0.023689467523869,0.9732467707262781,0.00153188087492646
0.0327472579937899,0.0016403500458358256,0.0016403500458358256,0.9639720419145383
0.00870860841151945,0.008814206187567921,0.004306527947837698,0.978170657453075

Iteration: ,10000
Error:,0.03333180241691973
Transition Probabilities
0.9528286130137252,0.01634510017078478,0.008519893507316979,0.022306393308172884
0.9797022841986389,0.007444183764590567,0.0032989713335468446,0.009554560703223483
0.93071304598124,0.009194483882324878,0.034415112239965316,0.02567735789646978
0.9720171945532685,0.016300169930489477,0.004914513537051402,0.006768121979190793

0.0015658290008566077,0.9547819766178969,0.03488117188585357,0.00877102249539293
0.0007925298756928281,0.020630865923415342,0.977784074325199,0.0007925298756928281
0.027504611270964686,0.0011186604097386135,0.005250555221412696,0.966126173097884
0.007640703342588221,0.008785252884518717,0.0044669259565940055,0.979107117816299

Iteration: ,15000
Error:,0.031667073603603976
Transition Probabilities
0.9554611677244622,0.01633465529606238,0.005726060310238471,0.022478116669237002
0.9777785048599016,0.00820027249197783,0.004566544671011458,0.009454677977109105
0.941897824064866,0.012587970136804481,0.025482358157189675,0.020031847641139664
0.9742916072986234,0.014177559385101625,0.004312706530534535,0.00721812678574038

0.001986046697342781,0.9550744234144954,0.031702583516301674,0.011236946371860195
0.0005355639179529293,0.016701080223497693,0.9822277919405964,0.0005355639179529293
0.025393283603734752,0.0009181876115913505,0.006262948797903247,0.9674255799867707
0.0065478093835963196,0.008758602387268877,0.004884508301352802,0.979809079927782

Iteration: ,20000
Error:,0.030464887850965284
Transition Probabilities
0.9514726361124508,0.02276707292006119,0.004058592730173236,0.02170169823731463
0.9789659193516088,0.008048618810660888,0.004787952196167028,0.008197509641563494
0.9523390234567747,0.010039908544763122,0.020324209751265684,0.017296858247196487
0.9765133575497561,0.013050668071153331,0.003716345529716579,0.006719628849373959

0.0017545903732214293,0.957467247484018,0.029844691005607386,0.010933471137153221
0.0004029495192814672,0.015966390987866064,0.983227709973571,0.0004029495192814672
0.023381577313834546,0.000711255779676749,0.008543086960622325,0.9673640799458664
0.006007990851981306,0.008596533012014362,0.0044286181934856325,0.9809668579425186

Iteration: ,25000
Error:,0.027758835670853525
Transition Probabilities
0.9563058883404141,0.018511309279384273,0.003299935197251323,0.021882867182950187
0.9783147975666225,0.009463173738908199,0.004524593701733571,0.007697434992735685
0.9535137219751785,0.012344855274434774,0.016993753716585357,0.017147669033801438
0.9768444637451046,0.013729705579715283,0.00297485142962081,0.006450979245559411

0.001775791937620887,0.959216453342923,0.02777717225803763,0.011230582461418394
0.0003213227974065442,0.015939942480570415,0.9834174119246165,0.0003213227974065442
0.022047085814131753,0.0006763294310656206,0.010715849216395295,0.9665607355384074
0.006070616532253067,0.009443912573396676,0.005172960200406938,0.9793125106939434

Iteration: ,30000
Error:,0.026499634231546786
Transition Probabilities
0.9605827358213522,0.01766775776191409,0.0027040873071579458,0.019045419109575665
0.9787967959010748,0.009168951130899385,0.004527344391133479,0.007506908576892281
0.9583168967350715,0.010571491671399588,0.01455256638388767,0.016559045209641094
0.9763515128253943,0.014177072274691895,0.0027833630269236127,0.006688051872990259

0.001802301623450604,0.9597682789911913,0.02620536393240413,0.012224055452953972
0.0002681901304392123,0.015725746406874887,0.9837378733322467,0.0002681901304392123
0.02155900964042483,0.0005890052970358168,0.011826034480619274,0.9660259505819201
0.005809035105050213,0.009385376408601195,0.005194713902637004,0.9796108745837115

Iteration: ,35000
Error:,0.0243494432653006
Transition Probabilities
0.9630262168900721,0.015814622329169446,0.0024204610502408623,0.01873869973051759
0.9804074733881625,0.008212445772901963,0.00394033400239689,0.007439746836538603
0.9610234079039842,0.009450679919250587,0.013009672728575318,0.016516239448189685
0.976076827425379,0.014678867082122977,0.0028034130174388696,0.006440892475059134

0.0018760730405396905,0.960452078439474,0.02520701791413129,0.012464830605855086
0.00022876493003991537,0.014727674036065166,0.9848147961038549,0.00022876493003991537
0.020564761567561592,0.000509392927644235,0.01165726670992194,0.9672685787948723
0.005691993648742264,0.009677994817317962,0.005391728462693996,0.9792382830712458

Iteration: ,40000
Error:,0.024223827818249097
Transition Probabilities
0.9632924737655083,0.014032961002622584,0.0038760904941042844,0.018798474737764793
0.9811535363317783,0.007869229547416928,0.003879441415129113,0.007097792705675525
0.9618992276635323,0.008209968660188935,0.011301727102549853,0.01858907657372873
0.9756589875368525,0.014841075490361507,0.002628880438100232,0.006871056534685741

0.0019526006136697202,0.960519982298418,0.024241480798810524,0.013285936289101697
0.00019932635959707244,0.014403348904241336,0.9851979983765646,0.00019932635959707244
0.019695087142041413,0.000503412208864818,0.01222848722833786,0.967573013420756
0.005708768510629458,0.010150290122558437,0.0056613603422130355,0.9784795810245991

Iteration: ,45000
Error:,0.023602981118488985
Transition Probabilities
0.964466340994718,0.014064166599876603,0.003412467220126643,0.018057025185278776
0.9812596400321735,0.008151976057490356,0.003833806732494311,0.006754577177841703
0.9619768671513962,0.00968363066307757,0.010081633026706583,0.0182578691588198
0.9764664552253333,0.01400057309121952,0.002842808182890377,0.00669016350055678

0.0019616098295571543,0.9613796653392999,0.023668318991216165,0.012990405839926672
0.00017735287043300321,0.014505968900780904,0.985139325358353,0.00017735287043300321
0.01962175563969562,0.0006368574011301293,0.013289719767920406,0.9664516671912537
0.005665418514238707,0.010469452952127032,0.006004838295256535,0.9778602902383777

Iteration: ,49999
Error:,0.023913117251794264
Transition Probabilities
0.9667645785464326,0.013134592209616174,0.0031930101374658946,0.016907819106485256
0.9806797089725466,0.008685889047746252,0.0037839671038070936,0.006850434875899954
0.9608156426648593,0.010904803340738942,0.010916114748409296,0.01736343924599249
0.9755777190090031,0.014453352572242355,0.0030143691958370434,0.0069545592229173815

0.0020283684771381597,0.9609078347289066,0.023281184551000814,0.013782612242954404
0.00023970543119474186,0.014218929339426447,0.9836573317496055,0.0018840334797733964
0.019166455068625802,0.0005882834502956446,0.013565717466169485,0.966679544014909
0.0056941878123390145,0.01107407969665088,0.005943472243938692,0.9772882602470714

