0,1,2,3,4,5,6,7,8,9,10,11,12,13,14,15,16,17,18,19,20,21,22,23,24,25,26,27,28,29
github Code Version (SHA):,32a229dd34421fba547a58d2c923a1ee52132eb5
Environment Observations,Environment Actions,alpha,epsilon,numActions,explore,patience,gainThresh,insertRandActions,useBudd,revisedSplitting,haveControl,confidence_factor
"['square', 'diamond']","['x', 'y']",0.99,0.99,75000,0.5,0,0.01,False,True,False,False,250

Model Num 0
Model States: 
['square'],['diamond']
Iteration: ,0
Error:,0.6716420981581417
Absolute Error:,1
Transition Probabilities
0.5,0.5
0.5,0.5

0.5,0.5
0.5,0.5

Transition Gammas
1.0,1.0
1.0,1.0

1.0,1.0
1.0,1.0

Iteration: ,2378
Error:,0.2676864656103241
Absolute Error:,1
Transition Probabilities
0.9768115942028985,0.02318840579710145
0.686,0.314

0.037091988130563795,0.9629080118694362
0.6192307692307693,0.38076923076923075


Model Num 1
Model States: 
['square'],"['diamond', 'x', 'square']","['diamond', 'x', 'diamond']"
Iteration: ,0
Error:,0.7082150390050692
Absolute Error:,1
Transition Probabilities
0.3333333333333333,0.3333333333333333,0.3333333333333333
0.3333333333333333,0.3333333333333333,0.3333333333333333
0.3333333333333333,0.3333333333333333,0.3333333333333333

0.3333333333333333,0.3333333333333333,0.3333333333333333
0.3333333333333333,0.3333333333333333,0.3333333333333333
0.3333333333333333,0.3333333333333333,0.3333333333333333

Transition Gammas
1.0,1.0,1.0
1.0,1.0,1.0
1.0,1.0,1.0

1.0,1.0,1.0
1.0,1.0,1.0
1.0,1.0,1.0

Iteration: ,2500
Error:,0.22531290673143295
Absolute Error:,1
Transition Probabilities
0.9799196787148594,0.014056224899598393,0.006024096385542169
0.9962406015037594,0.0018796992481203006,0.0018796992481203006
0.003676470588235294,0.9688793936614808,0.02744413575028383

0.03541076487252125,0.481330601619049,0.4832586335084298
0.8467903314218105,0.14479003820847067,0.008419630369718713
0.31013712556344974,0.639365580535114,0.050497293901436216

Transition Gammas
732.0,10.5,4.5
530.0,1.0,1.0
1.0,263.5351950759228,7.464804924077201

25.0,339.8194047430486,341.18059525695145
108.8044564671472,18.604134724446574,1.0818419531235743
12.084101174995077,24.91207187452673,1.967563243064803

Iteration: ,5000
Error:,0.219925693918994
Absolute Error:,1
Transition Probabilities
0.9809394145677331,0.013785973560852103,0.005274611871414746
0.9981701738334858,0.0009149130832570906,0.0009149130832570906
0.0019120458891013384,0.9779915349702468,0.020096419140651876

0.02600140548137737,0.5082993906340574,0.4656992038845652
0.8483069473948099,0.1438614010632699,0.007831651541920092
0.3236366759952116,0.6391199093343142,0.037243414670474234

Transition Gammas
1441.0,20.25159516089174,7.748404839108262
1091.0,1.0,1.0
1.0,511.4895727894391,10.510427210560932

37.0,723.3100328722636,662.6899671277363
228.35452375609302,38.72584307788056,2.1081909839016086
17.193344454315444,33.9535335882584,1.978573210577168

Iteration: ,7500
Error:,0.221591549971605
Absolute Error:,1
Transition Probabilities
0.9767123287671233,0.017803233163552798,0.005484438069323915
0.9987737584304108,0.0006131207847946045,0.0006131207847946045
0.0012562814070351748,0.9830001178542978,0.015743600738667072

0.02673545966228893,0.49894809871926066,0.4743164416184505
0.8634770933628523,0.13167128605994877,0.004851620577198903
0.3236366759952116,0.6391199093343142,0.037243414670474234

Transition Gammas
2139.0,38.98908062818063,12.010919371819373
1629.0,1.0,1.0
1.0,782.4680938120217,12.531906187979

57.0,1063.7573464694638,1011.2426535305365
376.8526620595606,57.46611583550821,2.117422852179863
17.193344454315444,33.9535335882584,1.978573210577168

Iteration: ,10000
Error:,0.2201496312435435
Absolute Error:,1
Transition Probabilities
0.9761245674740484,0.018941382044897613,0.004934050481053945
0.9990842490842491,0.0004578754578754579,0.0004578754578754579
0.0009302325581395337,0.9855392156164647,0.013530551825395608

0.025325360534646495,0.49423003436986646,0.48044460509548703
0.8636125110425544,0.13139422669999368,0.004993262257452003
0.3236366759952116,0.6391199093343142,0.037243414670474234

Transition Gammas
2821.0,54.7405941097541,14.259405890245901
2182.0,1.0,1.0
1.0,1059.454656787701,14.545343212300297

72.0,1405.0959877135306,1365.9040122864699
513.3891469106309,78.10953302779085,2.9683296824402063
17.193344454315444,33.9535335882584,1.978573210577168

Iteration: ,12500
Error:,0.22152283597987135
Absolute Error:,1
Transition Probabilities
0.9748673554872941,0.02022926728536513,0.004903377227340816
0.9992719330178377,0.00036403349108117945,0.00036403349108117945
0.0007462686567164173,0.9854053434287947,0.01384838791448887

0.02387640449438202,0.4978905166999346,0.4782330788056834
0.8638162924811905,0.12997546929528708,0.006208238223522404
0.3236366759952116,0.6391199093343142,0.037243414670474234

Transition Gammas
3491.0,72.44100614889253,17.558993851107463
2745.0,1.0,1.0
1.0,1320.443160194586,18.556839805415102

85.0,1772.4902394517674,1702.509760548233
652.7762190535441,98.22099461979644,4.69149552955774
17.193344454315444,33.9535335882584,1.978573210577168

Iteration: ,15000
Error:,0.218043297081064
Absolute Error:,1
Transition Probabilities
0.9768035258640687,0.018646934179116333,0.004549539956815003
0.9993889398105713,0.00030553009471432935,0.00030553009471432935
0.0006188118811881182,0.9854136865890978,0.013967501529714184

0.022764609246655704,0.4951713144736043,0.48206407627973996
0.8699346424535784,0.12483976073939777,0.005225596807023947
0.3236366759952116,0.6391199093343142,0.037243414670474234

Transition Gammas
4211.0,80.38693324617051,19.61306675382948
3271.0,1.0,1.0
1.0,1592.4285175279838,22.571482472018147

97.0,2109.924970972029,2054.075029027973
804.5102758880081,115.45105281814921,4.8326002020578995
17.193344454315444,33.9535335882584,1.978573210577168

Iteration: ,17500
Error:,0.2187716281317931
Absolute Error:,1
Transition Probabilities
0.9780131920847491,0.018035080079457044,0.003951727835793805
0.9994760282944721,0.00026198585276395077,0.00026198585276395077
0.0005316321105794784,0.9848020073509476,0.014666360538472981

0.022271268057784902,0.49627237883519404,0.48145635310702106
0.8718216088558635,0.12343323374298337,0.004745157401152984
0.3236366759952116,0.6391199093343142,0.037243414670474234

Transition Gammas
4893.0,90.22950563752359,19.770494362476406
3815.0,1.0,1.0
1.0,1852.4125758271343,27.587424172867706

111.0,2473.421536114608,2399.578463885394
956.4113639651991,135.40952213571416,5.20556317504238
17.193344454315444,33.9535335882584,1.978573210577168

Iteration: ,20000
Error:,0.21891901369670194
Absolute Error:,1
Transition Probabilities
0.9787644787644788,0.01721427895543216,0.004021242280089077
0.9995422293430991,0.00022888532845044633,0.00022888532845044633
0.00045850527281063704,0.9832175675056288,0.01632392722156057

0.02332514907050157,0.4925960866628594,0.484078764266639
0.8737436515682925,0.12076938667430272,0.005486961757404788
0.3236366759952116,0.6391199093343142,0.037243414670474234

Transition Gammas
5577.0,98.08696148805244,22.913038511947562
4367.0,1.0,1.0
1.0,2144.397514729778,35.602485270223625

133.0,2808.7828861516255,2760.2171138483764
1088.9186182606118,150.51100334694047,6.838224008377862
17.193344454315444,33.9535335882584,1.978573210577168

Iteration: ,22500
Error:,0.21914456562016252
Absolute Error:,1
Transition Probabilities
0.9780476412891173,0.01804515873138744,0.003907199979495325
0.9995929995929996,0.0002035002035002035,0.0002035002035002035
0.00040849673202614386,0.9825890662797024,0.017002436988271415

0.023117775695095277,0.49351765898662736,0.4833645653182773
0.8741915866478713,0.12018747922453794,0.005620934127590709
0.3236366759952116,0.6391199093343142,0.037243414670474234

Transition Gammas
6282.0,115.90405453170152,25.095945468298474
4912.0,1.0,1.0
1.0,2405.378034252711,41.621965747288414

148.0,3159.5000528323894,3094.4999471676124
1230.216689035068,169.1352845456284,7.910127570827609
17.193344454315444,33.9535335882584,1.978573210577168

Iteration: ,25000
Error:,0.2176258911167964
Absolute Error:,1
Transition Probabilities
0.9780081243871691,0.018319044134457587,0.0036728314783733384
0.9996338337605273,0.0001830831197363603,0.0001830831197363603
0.0003672420124862284,0.9821351889083516,0.017497569079162126

0.02194401462934308,0.49461773631253336,0.48343824905812355
0.875854072076044,0.11809589920986573,0.006050028714090193
0.3236366759952116,0.6391199093343142,0.037243414670474234

Transition Gammas
6982.0,130.77965607589272,26.22034392410726
5460.0,1.0,1.0
1.0,2674.3541193974415,47.64588060255847

156.0,3516.2374874458005,3436.7625125542013
1373.941158069174,185.2555370771123,9.490603198414007
17.193344454315444,33.9535335882584,1.978573210577168

Iteration: ,27500
Error:,0.21561906317798216
Absolute Error:,1
Transition Probabilities
0.9784033937524104,0.01820747904202929,0.0033891272055603717
0.999667994687915,0.00016600265604249667,0.00016600265604249667
0.00033388981636060116,0.9814132412353954,0.018252868948244048

0.023016276703967442,0.4949691699584851,0.48201455333754745
0.877163933721726,0.11669625062434642,0.006139815653927662
0.3236366759952116,0.6391199093343142,0.037243414670474234

Transition Gammas
7611.0,141.63597946794584,26.36402053205413
6022.0,1.0,1.0
1.0,2939.332657500008,54.6673424999909

181.0,3892.437552553528,3790.562447446474
1525.6615172387412,202.97115731629518,10.679053374199896
17.193344454315444,33.9535335882584,1.978573210577168

Iteration: ,30000
Error:,0.21884131353965755
Absolute Error:,1
Transition Probabilities
0.9789856773890585,0.01768030562965122,0.0033340169812903133
0.9996940492580695,0.0001529753709652746,0.0001529753709652746
0.00030571690614491,0.9820582128042276,0.017636070289627527

0.023584354932866307,0.4922083722626595,0.4842072728044743
0.8782566657457034,0.11575504721102031,0.0059882870432762985
0.3236366759952116,0.6391199093343142,0.037243414670474234

Transition Gammas
8339.0,150.6008433533691,28.39915664663089
6535.0,1.0,1.0
1.0,3212.312414082626,57.6875859173716

202.0,4215.7647084296805,4147.235291570324
1677.4182464595874,221.0852884864727,11.437273798429281
17.193344454315444,33.9535335882584,1.978573210577168

Iteration: ,32500
Error:,0.21567570248183054
Absolute Error:,1
Transition Probabilities
0.9797399783315276,0.01717250260115129,0.0030875190673210805
0.999717394376148,0.00014130281192595732,0.00014130281192595732
0.00028224668360146785,0.9831477835587592,0.016569969757639334

0.022952586206896542,0.491563434174663,0.4854839796184405
0.8798371383148234,0.11464140987294123,0.005521451812235218
0.3236366759952116,0.6391199093343142,0.037243414670474234

Transition Gammas
9043.0,158.5021990086264,28.497800991373573
7075.0,1.0,1.0
1.0,3483.2925971486816,58.70740285131612

213.0,4561.708669140875,4505.29133085913
1823.710206547982,237.62660175811206,11.444763566383052
17.193344454315444,33.9535335882584,1.978573210577168

Iteration: ,35000
Error:,0.21861724747531971
Absolute Error:,1
Transition Probabilities
0.9800744691556807,0.01705768330568848,0.002867847538630731
0.9997376705141658,0.00013116474291710389,0.00013116474291710389
0.0002621231979030146,0.9835573473865934,0.016180529415503624

0.022613568140884523,0.49182400938875126,0.4855624224703643
0.8807974484061177,0.11396580340935929,0.005236748184522892
0.3236366759952116,0.6391199093343142,0.037243414670474234

Transition Gammas
9739.0,169.5021990086264,28.497800991373573
7622.0,1.0,1.0
1.0,3752.271280279851,61.72871972014628

226.0,4915.289149831182,4852.710850168823
1968.8751117924446,254.7514577093313,11.705873110655775
17.193344454315444,33.9535335882584,1.978573210577168

Iteration: ,37500
Error:,0.21665807271868479
Absolute Error:,1
Transition Probabilities
0.979934055581724,0.017182422477028586,0.0028835219412474368
0.999755231917758,0.00012238404112103782,0.00012238404112103782
0.00024360535931790516,0.9825213846571532,0.01723500998352894

0.023134328358208948,0.49045421254185567,0.4864114590999355
0.8815929167088731,0.11334397015385037,0.005063113137276517
0.3236366759952116,0.6391199093343142,0.037243414670474234

Transition Gammas
10402.0,182.39141459365845,30.60858540634154
8169.0,1.0,1.0
1.0,4033.250284017611,70.74971598238626

248.0,5257.669158448694,5214.33084155131
2116.0893686588424,272.0597746401266,12.153001321862732
17.193344454315444,33.9535335882584,1.978573210577168

Iteration: ,40000
Error:,0.21663940065400017
Absolute Error:,1
Transition Probabilities
0.980327868852459,0.016868766923994628,0.002803364223546357
0.9997708524289642,0.00011457378551787351,0.00011457378551787351
0.00022851919561243144,0.9819986023978359,0.017772878406551618

0.022518984027232253,0.49238586640830817,0.48509514956445965
0.8834615100481217,0.11149743069249334,0.005041059259384959
0.3236366759952116,0.6391199093343142,0.037243414670474234

Transition Gammas
11063.0,190.36403473727935,31.63596526272064
8726.0,1.0,1.0
1.0,4297.22588409293,77.77411590706988

258.0,5641.264871439988,5557.735128560016
2270.629302071339,286.5652100930279,12.956282461263143
17.193344454315444,33.9535335882584,1.978573210577168

Iteration: ,42500
Error:,0.21423857029485402
Absolute Error:,1
Transition Probabilities
0.9797912317327766,0.01746828977177167,0.0027404784954517176
0.9997842735411498,0.00010786322942508899,0.00010786322942508899
0.00021482277121374853,0.9824277912283863,0.017357386000399967

0.022021364009860305,0.49210348401803394,0.48587515197210585
0.8826864983278317,0.1120661083514152,0.005247393320753107
0.3236366759952116,0.6391199093343142,0.037243414670474234

Transition Gammas
11733.0,209.18277001696572,32.817229983034316
9269.0,1.0,1.0
1.0,4573.201368168141,80.7986318318619

268.0,5988.899400499475,5913.10059950053
2426.088117169217,308.016780956571,14.422604861079503
17.193344454315444,33.9535335882584,1.978573210577168

Iteration: ,45000
Error:,0.2153378158769397
Absolute Error:,1
Transition Probabilities
0.9799842395587076,0.017424323677735026,0.0025914367635573323
0.9997961056172903,0.00010194719135487817,0.00010194719135487817
0.00020279862096937712,0.9823934143516411,0.017403787027389463

0.022423960273122278,0.4912566429934329,0.48631939673344493
0.8837522073046871,0.11124657911934134,0.005001213575971661
0.3236366759952116,0.6391199093343142,0.037243414670474234

Transition Gammas
12436.0,221.1146674704575,32.885332529542545
9807.0,1.0,1.0
1.0,4844.181926167949,85.81807383205756

289.0,6331.315614899365,6267.68438510064
2571.2200592976264,323.66474832608196,14.550708401157674
17.193344454315444,33.9535335882584,1.978573210577168

Iteration: ,47500
Error:,0.2153523408269421
Absolute Error:,1
Transition Probabilities
0.9803351955307262,0.017137613500173194,0.0025271909691005536
0.9998061639852684,9.691800736576855e-05,9.691800736576855e-05
0.0001918281220026854,0.9819985414909346,0.017809630387062837

0.02202091618795109,0.48993546539299326,0.48804361841905575
0.883633837235274,0.11122267382381812,0.005143488940907898
0.3236366759952116,0.6391199093343142,0.037243414670474234

Transition Gammas
13161.0,230.07246123982512,33.92753876017493
10316.0,1.0,1.0
1.0,5119.158396792247,92.84160320775867

299.0,6652.343749106064,6626.6562508939405
2728.0458397317734,343.3781503413875,15.879511417141602
17.193344454315444,33.9535335882584,1.978573210577168

Iteration: ,50000
Error:,0.2174754783848447
Absolute Error:,1
Transition Probabilities
0.980400451212634,0.017054002364259635,0.002545546423106412
0.9998152254249815,9.238728750923873e-05,9.238728750923873e-05
0.00018234865061998522,0.9827013389275252,0.01711631242185472

0.021929517270370624,0.48960373370125165,0.4884667490283778
0.8847081249881994,0.11024748479498339,0.0050443902168172015
0.3236366759952116,0.6391199093343142,0.037243414670474234

Transition Gammas
13906.0,241.89396953465868,36.10603046534135
10822.0,1.0,1.0
1.0,5389.134142678554,93.86585732145137

313.0,6988.114091117966,6971.885908882038
2891.704877883198,360.34843645214573,16.487796804297634
17.193344454315444,33.9535335882584,1.978573210577168

Iteration: ,52500
Error:,0.2175086403759632
Absolute Error:,1
Transition Probabilities
0.9800697892900282,0.017302943031328587,0.002627267678643232
0.9998238195912614,8.809020436927414e-05,8.809020436927414e-05
0.00017370158068438416,0.9824748820205462,0.0173514163987694

0.02230235042735042,0.48916438904835247,0.4885332605242972
0.8846164370680145,0.11024589091600365,0.005137672015981775
0.3270303909877141,0.6359130665896899,0.03705654242259599

Transition Gammas
14605.0,257.8484570528586,39.151542947141444
11350.0,1.0,1.0
1.0,5656.107895792287,99.89210420771549

334.0,7325.725890388128,7316.274109611876
3043.8837360085163,379.3459631309015,17.67825651332616
17.461250520186518,33.9535335882584,1.978573210577168

Iteration: ,55000
Error:,0.21690870790058706
Absolute Error:,1
Transition Probabilities
0.9797843665768194,0.017634709211498487,0.0025809242116821077
0.9998323975530042,8.380122349786307e-05,8.380122349786307e-05
0.00016567263088137834,0.9824536252630334,0.017380702106085163

0.022097688339807676,0.4898423958819719,0.48805991577822044
0.8847790707258991,0.10991439201501667,0.005306537259084134
0.3270303909877141,0.6359130665896899,0.03705654242259599

Transition Gammas
15267.0,274.78403893356943,40.2159610664306
11931.0,1.0,1.0
1.0,5930.090082087671,104.90991791233007

347.0,7691.995142534607,7664.004857465397
3171.390342131928,393.9756859435429,19.020681625996826
17.461250520186518,33.9535335882584,1.978573210577168

Iteration: ,57500
Error:,0.21822984274672436
Absolute Error:,1
Transition Probabilities
0.9794642309814259,0.01800798202019381,0.0025277869983803348
0.9998396793587174,8.016032064128256e-05,8.016032064128256e-05
0.00015870496746548171,0.9828711395289639,0.01697015550357071

0.022181596587446673,0.4896588547660544,0.48815954864649896
0.8854480089907889,0.10943615091702119,0.005115840092189976
0.3270303909877141,0.6359130665896899,0.03705654242259599

Transition Gammas
15978.0,293.76421069542164,41.235789304578404
12473.0,1.0,1.0
1.0,6193.071050172,106.92894982799902

364.0,8035.301806710955,8010.698193289049
3314.625978748436,409.66821898129814,19.15086634168725
17.461250520186518,33.9535335882584,1.978573210577168

Iteration: ,60000
Error:,0.216908683627945
Absolute Error:,1
Transition Probabilities
0.9794850693628028,0.018030047480569158,0.002484883156628118
0.9998466610442382,7.666947788085564e-05,7.666947788085564e-05
0.00015209125475285177,0.9828221303134846,0.017025778431762464

0.022292250233426698,0.49026632711028995,0.4874414226562834
0.8865752930422971,0.10827291234102383,0.00515179461667905
0.3270303909877141,0.6359130665896899,0.03705654242259599

Transition Gammas
16663.0,306.7271677394425,42.27283226055754
13041.0,1.0,1.0
1.0,6462.05550681116,111.94449318883817

382.0,8401.20378136193,8352.796218638074
3445.828613045124,420.82144888356015,20.02334312494492
17.461250520186518,33.9535335882584,1.978573210577168

Iteration: ,62500
Error:,0.21582990133453173
Absolute Error:,1
Transition Probabilities
0.979812788992895,0.017686440541057995,0.0025007704660470003
0.9998525182508664,7.374087456677236e-05,7.374087456677236e-05
0.0001458363715910749,0.9817752625630607,0.01807890106534826

0.02209015474321596,0.489801030380332,0.488108814876452
0.8867591723829326,0.10809401570791043,0.005146811909157024
0.3270303909877141,0.6359130665896899,0.03705654242259599

Transition Gammas
17376.0,313.6513365551225,44.3486634448775
13559.0,1.0,1.0
1.0,6732.032975394904,123.96702460509294

394.0,8736.091177863604,8705.9088221364
3600.2716621172954,438.86529028153757,20.896227119919775
17.461250520186518,33.9535335882584,1.978573210577168

Iteration: ,65000
Error:,0.21765732611878774
Absolute Error:,1
Transition Probabilities
0.9803496995615222,0.01719543856196192,0.002454861876515861
0.9998579040852575,7.104795737122558e-05,7.104795737122558e-05
0.00013999720005599892,0.9813813792082936,0.018478623591650412

0.02179777705837919,0.48903164521241793,0.48917057772920286
0.8880864548230466,0.10691528621580887,0.004998258961144615
0.3123173392720774,0.6520865626798904,0.03559609804803211

Transition Gammas
18110.0,317.6513365551225,45.3486634448775
14073.0,1.0,1.0
1.0,7010.007191684839,131.99280831515887

404.0,9063.712512366956,9066.287487633048
3735.232535358818,449.6785796379043,21.022344604429424
24.85752707118689,51.899966304630226,2.833115103118737

Iteration: ,67500
Error:,0.21367869295477457
Absolute Error:,1
Transition Probabilities
0.9805486024196913,0.017084479359887834,0.002366918220420883
0.999863191736781,6.840413160954922e-05,6.840413160954922e-05
0.0001346619983840561,0.9814145224745728,0.01845081552704317

0.021613757988257907,0.4885434155187363,0.48984282649300576
0.8892093425378684,0.10576424336228474,0.005026414099846911
0.26629925387132736,0.711996010485767,0.02170473564290574

Transition Gammas
18803.0,327.61197620520915,45.388023794790854
14617.0,1.0,1.0
1.0,7287.984243896174,137.0157561038225

416.0,9402.99511848912,9428.004881510884
3817.5862158785553,454.0709350177439,21.5795856666407
44.99725436252793,120.307755741642,3.6675037439915745

Iteration: ,70000
Error:,0.21237158603613024
Absolute Error:,1
Transition Probabilities
0.9804887860806598,0.016976297673732738,0.0025349162456075013
0.9998680129347324,6.599353263380188e-05,6.599353263380188e-05
0.0001298701298701299,0.9810335074971654,0.018836622372964396

0.021492985971943882,0.48874156832677157,0.48976544570128455
0.8913669325839793,0.10371351026909918,0.0049195571469214374
0.24402595347932837,0.7390527355403861,0.01692131098028539

Transition Gammas
19498.0,337.59065553984925,50.40934446015077
15151.0,1.0,1.0
1.0,7553.958007728173,145.04199227182582

429.0,9755.281703802362,9775.718296197641
3909.9716717680203,454.93822163253077,21.5795856666407
64.54362982058734,195.47570863052448,4.475601125283988

Iteration: ,72500
Error:,0.21339495583147758
Absolute Error:,1
Transition Probabilities
0.9807216044286894,0.01678194801825131,0.0024964475530593294
0.9998724327082537,6.378364587319811e-05,6.378364587319811e-05
0.0001253604111821487,0.980811198206037,0.01906344138278074

0.02147209594738369,0.48851450723998563,0.4900133968126307
0.8935293973653471,0.10165785285119451,0.004812749783458405
0.23218966792884507,0.7553102157419797,0.012500116329175342

Transition Gammas
20196.0,345.59065553984925,51.40934446015077
15676.0,1.0,1.0
1.0,7823.930928089557,152.06907191044195

444.0,10101.502980708425,10132.497019291579
4006.440193998919,455.81724440132973,21.5795856666407
83.33773247399543,271.09664808027003,4.486553427751474

Iteration: ,74999
Error:,0.2134144945833265
Absolute Error:,1
Transition Probabilities
0.9805203971204065,0.016916249883793737,0.0025633529957997344
0.9998767790031421,6.161049842893228e-05,6.161049842893228e-05
0.00012122681537156022,0.9809558686864553,0.01892290449817315

0.02170868347338935,0.48880605678619543,0.48948525974041524
0.8946676967628686,0.1004603594695313,0.00487194376760016
0.22999602381780668,0.7584493619782319,0.011554614203961451

Transition Gammas
20839.0,359.5210587802683,54.47894121973175
16229.0,1.0,1.0
1.0,8091.904960794568,156.09503920543028

465.0,10470.225736360308,10484.774263639696
4093.9510496766306,459.7011779784745,22.293751493990445
103.35728815669812,340.8374977836411,5.192496678831104


Model Num 2
Model States: 
"['diamond', 'x', 'square']","['diamond', 'x', 'diamond']","['square', 'y', 'diamond', 'x', 'diamond']","['square', 'y', 'diamond', 'x', 'square']"
Iteration: ,0
Error:,0.6720792193018886
Absolute Error:,0.74
Transition Probabilities
0.25,0.25,0.25,0.25
0.25,0.25,0.25,0.25
0.25,0.25,0.25,0.25
0.25,0.25,0.25,0.25

0.25,0.25,0.25,0.25
0.25,0.25,0.25,0.25
0.25,0.25,0.25,0.25
0.25,0.25,0.25,0.25

Transition Gammas
1.0,1.0,1.0,1.0
1.0,1.0,1.0,1.0
1.0,1.0,1.0,1.0
1.0,1.0,1.0,1.0

1.0,1.0,1.0,1.0
1.0,1.0,1.0,1.0
1.0,1.0,1.0,1.0
1.0,1.0,1.0,1.0

Iteration: ,2500
Error:,0.04282174172179923
Absolute Error:,0.6231997488570857
Transition Probabilities
0.0013812154696132594,0.0013812154696132594,0.013129422476087506,0.9841081465846859
0.9740226206258082,0.015668101023676273,0.005154639175257731,0.005154639175257731
0.009416261753455049,0.01965076518415228,0.9504983969567935,0.020434576105599254
0.03091826377301919,0.011314797712271101,0.9402664184887971,0.017500520025912628

0.02966034068254389,0.00991067617678416,0.02808110686863898,0.932347876272033
0.9430562873294105,0.020276444557307694,0.017841995924970887,0.018825272188310926
0.005451512554179805,0.948962912230358,0.018932563018513815,0.02665301219694838
0.9783548850171766,0.0016917405881497181,0.011197741902158094,0.008755632492515564

Transition Gammas
1.0,1.0,9.505701872687355,712.4942981273127
188.96038840140682,3.0396115985931975,1.0,1.0
1.3269880547552608,2.7692869366766084,133.9491245942572,2.879745604583244
7.2123742830789785,2.6394288061362254,219.3381033856531,4.082386433534052

6.083233379159457,2.0326454363397084,5.759337981157586,191.22132758456286
52.85598602842127,1.1364448597889016,1.0,1.055110216787119
1.3635878795882765,237.36427504032315,4.735605614957773,6.666723047058144
665.254438094923,1.1503371134618052,7.614156796407647,5.9535895033342925

Iteration: ,5000
Error:,0.03148105094383718
Absolute Error:,0.6206224184304878
Transition Probabilities
0.0006666666666666666,0.0006666666666666666,0.019057411428965974,0.9796092552377007
0.970821704009537,0.023901251135581694,0.002638522427440633,0.002638522427440633
0.016594696702961962,0.01308783552512555,0.9465338136792509,0.02378365409266141
0.019364079231680594,0.006433140406227278,0.9605005627830221,0.013702217579070065

0.018900285137169556,0.005596142888253223,0.01856327210117895,0.9569402998733983
0.9574460736412559,0.018477270517556946,0.010743063257052201,0.013333592584135074
0.0028528026914497254,0.967874983350626,0.01173475601906167,0.01753745793886253
0.9808474500071248,0.0008263822365011727,0.010271378453179122,0.008054789303194797

Transition Gammas
1.0,1.0,28.58611714344896,1469.413882856551
367.94142581961455,9.058574180385461,1.0,1.0
4.993683775605787,3.93839749466172,284.8313911991345,7.15698814464893
8.555428439936183,2.842287088946327,424.3679099373003,6.0539073695989725

6.895240326274007,2.0415961894029784,6.772290547507311,349.11289949522643
100.81949685962714,1.9456647932500786,1.131249333122211,1.404033221997882
1.3686103261286475,464.3306389836963,5.62965967132015,8.41346164637025
1368.190502192841,1.1527259689094054,14.327612763805206,11.235678108471976

Iteration: ,7500
Error:,0.031227110197840965
Absolute Error:,0.6205026006181046
Transition Probabilities
0.0004430660168365088,0.0004430660168365088,0.021597690051260034,0.9775161779150671
0.9676219307414435,0.028988238750081847,0.0016949152542372874,0.0016949152542372874
0.01561061854659505,0.011714991116543621,0.9410764757027488,0.031597914634112614
0.021908277842157004,0.004642295965745484,0.9629317308345019,0.010517695357595624

0.019375369359317066,0.005498262153988878,0.014681477683748941,0.960444890802945
0.9632348950991914,0.013525662970538881,0.008262105328232662,0.014977336602037135
0.0018898509402153697,0.9709454303799915,0.010322426387782371,0.016842292292010713
0.9799813924598062,0.0005556579145092593,0.011236889509969296,0.008226060115715262

Transition Gammas
1.0,1.0,48.74598644569387,2206.2540135543054
570.8969391374519,17.103060862548297,1.0,1.0
7.039763680176256,5.282991748832374,424.3877956626839,14.24939384346524
14.588318397406244,3.091219315877631,641.1984906156428,7.003539474393475

10.26843414945884,2.9139337587671434,7.78079550467157,509.0104313625249
138.79854324296417,1.9489974109718857,1.1905384548600002,2.158178148029208
1.3719657682571704,704.8724663836534,7.493720985094205,12.226915886279894
2036.1021310914439,1.1544874959822602,23.346825617432295,17.091241385770633

Iteration: ,10000
Error:,0.028022726723668512
Absolute Error:,0.620906629544451
Transition Probabilities
0.0003336670003336676,0.0003336670003336676,0.021984095260401872,0.9773485707389308
0.9722407623827207,0.025252971953118812,0.0012531328320802002,0.0012531328320802002
0.011457978814118018,0.008598641983357896,0.9508077453368096,0.029135633865714466
0.022546374837751664,0.0035842926052773233,0.9638683289868996,0.010001003570071512

0.018439498608556232,0.006470802065830096,0.013756415557153085,0.9613332837684606
0.9695627706520865,0.010577648376421292,0.006456549017179763,0.013403031954312495
0.0014107506267096875,0.9746114991823326,0.008464704063913805,0.015513046127043876
0.9814313653426819,0.00041974480275149196,0.01065527885799654,0.007493610996569938

Transition Gammas
1.0,1.0,65.8863334954243,2929.11366650457
775.8481283814114,20.151871618588817,1.0,1.0
7.039763680176256,5.282991748832374,584.17474329809,17.900886396651824
20.12217852909103,3.1989078609270263,860.2327750683813,8.925691192275222

13.099153173430244,4.596764218736745,9.772358691840592,682.9172637566484
178.77998909177612,1.9504377834984192,1.1905384548600002,2.4714169924007465
1.3734580866227073,948.8480951374528,8.240943528457462,15.102965930295532
2702.6560783721434,1.1558891253952677,29.342402524764864,20.6358325441989

Iteration: ,12500
Error:,0.02722843262682918
Absolute Error:,0.6209173595249642
Transition Probabilities
0.00026795284030010745,0.00026795284030010745,0.02305662719687934,0.9764074671225205
0.9756430900669443,0.022342811242219828,0.0010070493454179255,0.0010070493454179255
0.01196378953781333,0.008875031677411457,0.9479609203161398,0.031200258468635347
0.020948208250555763,0.002948973511940081,0.9636593681259039,0.012443450111600344

0.01757990697063899,0.006873279872214644,0.014086879204726586,0.9614599339524198
0.9592047976846001,0.02169313699173586,0.005351576280352814,0.013750489043311137
0.0011405919546635473,0.9780621067677996,0.006837458322632355,0.013959842954904449
0.9807740319893494,0.0003342897316955164,0.011494182319089552,0.007397495959865543

Transition Gammas
1.0,1.0,86.04733269875359,3643.9526673012424
968.8135884364757,22.18641156352429,1.0,1.0
9.305001194380438,6.902677458297357,737.2895910520898,24.266428408660637
23.039899328321912,3.2434302745288397,1059.8813303197942,13.68593602083662

15.922919958634647,6.225441661400917,12.759126110191435,870.8379172499159
217.762908428113,4.9248717433992555,1.2149384764313105,3.1216967363052297
1.3747146152660525,1178.8232130816832,8.240943528457462,16.825298528944035
3394.584363760804,1.1570195163891914,39.782835089399065,25.6036796420972

Iteration: ,15000
Error:,0.027394460809838646
Absolute Error:,0.6204082175037307
Transition Probabilities
0.00022421524663677184,0.00022421524663677184,0.0215696724564995,0.977981897050227
0.9754722698365633,0.022848469038331598,0.0008396305625524771,0.0008396305625524771
0.011473489960775143,0.00867995747728019,0.9487548004473297,0.031091752114614787
0.02206971528674237,0.002476710189693613,0.9644300445613442,0.011023529962219782

0.017261715764230634,0.006361709323168728,0.012674319491584683,0.963702255421016
0.9622098093694191,0.017856411145394834,0.004616093970266586,0.015317685514919332
0.000947570188338656,0.978394207420921,0.006031832368463509,0.01462639002227687
0.9796671088613549,0.00028009446544320675,0.012664534398353036,0.00738826227484886

Transition Gammas
1.0,1.0,96.20073915598753,4361.799260844002
1161.7874733753467,27.212526624652927,1.0,1.0
10.893012942363711,8.240813341226122,900.7545529507091,29.51873051208753
29.336331121124342,3.2921852081871252,1281.9757193427981,14.65310815720311

18.749618755306997,6.910067693772626,13.766804047521108,1046.770212739561
265.73530960254556,4.931438962591238,1.2748354344330803,4.230314285996597
1.3760265429551537,1420.7880486881666,8.75920490514153,21.239905123602703
4049.5285447796555,1.157791787421932,52.34981667607716,30.53994434200541

Iteration: ,17500
Error:,0.027321443783131453
Absolute Error:,0.6206489050526498
Transition Probabilities
0.00019190174630589162,0.00019190174630589162,0.020404710962625604,0.9792114855447627
0.9728714593315825,0.025671876429524558,0.0007283321194464678,0.0007283321194464678
0.010657734764050287,0.007948292685237751,0.948193448070482,0.033200524480229955
0.021619483342651038,0.002130721786893347,0.9644113652019058,0.011838429668549755

0.01606808191372429,0.006193863781937494,0.013163004850432083,0.9645750494539062
0.9649550158320023,0.01485219981861191,0.003933759817510591,0.016259024531875402
0.0008151363155799888,0.9773573646887066,0.005654230948321376,0.016173268047392025
0.9804696975492448,0.0002390393448910975,0.012428516788345641,0.006862746317518564

Transition Gammas
1.0,1.0,106.3289488262419,5102.671051173752
1335.7525136622623,35.24748633773721,1.0,1.0
11.522946056062818,8.593547304135289,1025.1692498187238,35.89579409586419
33.60661029713595,3.31212062790032,1499.1383652785773,18.402358932237952

20.45085862075183,7.883320062764054,16.75338429725883,1227.675342421398
320.70308585195295,4.936133016948756,1.3073862426512324,5.40369162786222
1.3773937734274195,1651.5102109980203,9.55435594376268,27.32912063744802
4751.477321773122,1.1584142060693392,60.23012828515775,33.25771675991413

Iteration: ,20000
Error:,0.026306236635765735
Absolute Error:,0.6210423095775537
Transition Probabilities
0.0001675041876046902,0.0001675041876046902,0.02084699425603646,0.9788179973687541
0.9749162820070161,0.023806578784810257,0.0006385696040868456,0.0006385696040868456
0.010097776955538445,0.008582065169683701,0.9491867585685801,0.03213339930619757
0.021602472676559917,0.0018785644071639444,0.9655837619098347,0.010935201006441396

0.016078692382622644,0.005978002307617861,0.012900581807086777,0.9650427235026727
0.9645810297248706,0.0158843816797127,0.0035060361995885073,0.01602855239582814
0.0007158810386222137,0.976533639662864,0.005161631469166343,0.017588847829347443
0.981903041463211,0.00020876848564365728,0.011645515498780387,0.006242674552365098

Transition Gammas
1.0,1.0,124.45655570853759,5843.543444291458
1526.7188976229868,37.28110237701285,1.0,1.0
12.449972549173511,10.58118794346877,1170.2921484848414,39.61861516998208
38.29663889391742,3.330299443831082,1711.7768509812984,19.38581061743425

23.368859276174916,8.688461185460156,18.749776017632797,1402.598362128253
359.6882337759845,5.923219527372541,1.3073862426512324,5.976980184739577
1.3783681861222343,1880.2326489607885,9.9382833484165,33.86583380554053
5451.3122580475265,1.1590372540117322,64.65337075968566,34.65797219611143

Iteration: ,22500
Error:,0.02609277068806591
Absolute Error:,0.6215414492422322
Transition Probabilities
0.0001487873828299363,0.0001487873828299363,0.021216129259684417,0.9784862959746556
0.9749240808685586,0.023944057218594692,0.0005659309564233164,0.0005659309564233164
0.009064164650236675,0.007703601701601105,0.9498471186093191,0.03338511503884303
0.02123976136344915,0.0021574007175660243,0.9663741366749448,0.010228701244040116

0.01544826307834651,0.006928145387436817,0.013892129948968365,0.9637314615852483
0.9673859060008417,0.014236041550506921,0.003157458907352084,0.01522059354129916
0.0006358466834970414,0.9757206161451841,0.00515724905061156,0.018486288120707416
0.9814805088257833,0.00018532983553311058,0.011860633520913611,0.0064735278177700094

Transition Gammas
1.0,1.0,142.5936047543387,6576.406395245649
1722.6908508947429,42.309149105256814,1.0,1.0
12.449972549173511,10.58118794346877,1304.6508982257733,45.8557166405558
42.24311291097661,4.290788420212456,1921.9920163537092,20.34355161485984

25.286987945684917,11.340558353361422,22.73978121539418,1577.5149431616155
402.66990256245975,5.9256863558365325,1.31427764523099,6.335501561682255
1.3790647153470545,2116.2049102183796,11.185369647349258,40.094237064815374
6141.164724718513,1.1596165570067851,74.21248158925758,40.50513517230719

Iteration: ,25000
Error:,0.02675697658746841
Absolute Error:,0.6216337150974598
Transition Probabilities
0.00013397642015005362,0.00013397642015005362,0.020864571333921205,0.9788674758257787
0.9713121146812685,0.027669555379831207,0.000509164969450102,0.000509164969450102
0.00923285840517043,0.007652352420875885,0.9477619631277928,0.0353528260461608
0.021087230681174372,0.0023837780472409603,0.9653143293777453,0.011214661893839298

0.01670828062931397,0.0076128361258152154,0.013668681890346037,0.9620102013545249
0.9685758543956632,0.012685578553809647,0.002842607947098909,0.015895959103428114
0.0005734087915765435,0.9763017320208633,0.004949542729942938,0.018175316457617167
0.9810900393203844,0.0001671161743867066,0.012177587193306394,0.0065652573119224745

Transition Gammas
1.0,1.0,155.73316043638783,7306.26683956361
1907.6569932340108,54.34300676598847,1.0,1.0
14.177386548299939,11.750462696776689,1455.322622462581,54.28553741824398
46.695980208445576,5.27868520045477,2137.6111212077735,24.833968848581133

30.24536514232935,13.7807721513863,24.743077038252675,1741.4329131846798
452.64923588014983,5.9284127443609576,1.3284497123500911,7.428735404764251
1.3797355622205172,2349.1760833019184,11.909583915615098,43.73342515771095
6810.11614811352,1.1600164227436565,84.52922755962709,45.57192820693093

Iteration: ,27500
Error:,0.02642431989688476
Absolute Error:,0.6218101718864361
Transition Probabilities
0.00012212994626282372,0.00012212994626282372,0.021968508127877522,0.9777872319795968
0.971303760920331,0.027776275878197036,0.00045998160073597083,0.00045998160073597083
0.00878080573707038,0.0068341037585921555,0.9501133070874965,0.03427178341684109
0.021378705402370055,0.0021583954927152137,0.9641617511623681,0.012301147942546659

0.016156105907545674,0.008377825427660994,0.013016213629982452,0.9624498550348108
0.9680139758315552,0.011353717801608808,0.002587030988682999,0.018045275378153123
0.0005170704645571757,0.976507181846552,0.004542085263368146,0.018433662425522745
0.9815282222704474,0.00015314561180724585,0.012034979256351438,0.006283652861393963

Transition Gammas
1.0,1.0,179.87814455106104,8006.121855448934
2111.6143762407983,60.385623759200314,1.0,1.0
15.0975949306253,11.750462696776689,1633.6115702964735,58.92642646598629
52.51413227275038,5.301830221618066,2368.3434885282686,30.216240787431044

31.967217312724042,16.576752318083127,25.754481437519843,1904.3477335790406
505.6248993879932,5.93041274655839,1.3512896673240589,9.425628942670349
1.380504154387772,2607.1344502014113,12.126717740556325,49.21524106160198
7437.0549848512055,1.1603867416716438,91.1892296524994,47.61133788675528

Iteration: ,30000
Error:,0.027067804365687856
Absolute Error:,0.621746329390332
Transition Probabilities
0.00011204481792717087,0.00011204481792717087,0.02207511782017425,0.9777007925439714
0.9735807046226151,0.025572913659230034,0.00042319085907744394,0.00042319085907744394
0.00883867813767966,0.006411024208619603,0.9482941012245106,0.036456196429190194
0.021316298297095315,0.002348035944907636,0.9645146894658827,0.011820976292114357

0.015179104950027207,0.00852381335753243,0.012395096786713607,0.9639019849057268
0.968236196054033,0.010412780809628418,0.0023831080663760016,0.018967915069962718
0.0004738609789296311,0.975625326603813,0.004372686937808029,0.019528125479449363
0.9815329066899423,0.00014044786401405134,0.01223036018082072,0.006096285265222996

Transition Gammas
1.0,1.0,197.0204265450552,8725.979573454944
2300.5712050232396,60.42879497676057,1.0,1.0
16.668080384155253,12.08998282203426,1788.3038686121763,68.7495124403091
57.256771199073626,6.306956066715246,2590.7404805091737,31.75180443968053

32.77459484535053,18.4045456072831,26.76338799888965,2081.2490018298313
551.6064972763795,5.932186353612937,1.3576624159291328,10.806066985533459
1.3812700452735625,2843.8763666341124,12.746062142943696,56.92305542025321
8111.9507783608515,1.1607416848101657,101.07870975311319,50.3831972064052

Iteration: ,32500
Error:,0.02772360344053366
Absolute Error:,0.621689956175393
Transition Probabilities
0.00010363768266141565,0.00010363768266141565,0.02250728892952489,0.9772854357051524
0.9737694138962915,0.025452981127036707,0.00038880248833592557,0.00038880248833592557
0.009281280483119726,0.005967950534745187,0.9503552441750249,0.03439552480711018
