0,1,2,3,4,5,6,7,8,9,10,11,12,13,14,15,16,17,18,19,20,21,22,23,24,25,26,27,28,29
github Code Version (SHA):,32a229dd34421fba547a58d2c923a1ee52132eb5
Environment Observations,Environment Actions,alpha,epsilon,numActions,explore,patience,gainThresh,insertRandActions,useBudd,revisedSplitting,haveControl,confidence_factor
"['square', 'diamond']","['x', 'y']",0.99,0.99,75000,0.5,0,0.01,False,True,False,False,250

Model Num 0
Model States: 
['square'],['diamond']
Iteration: ,0
Error:,0.6732522659918417
Absolute Error:,1
Transition Probabilities
0.5,0.5
0.5,0.5

0.5,0.5
0.5,0.5

Transition Gammas
1.0,1.0
1.0,1.0

1.0,1.0
1.0,1.0

Iteration: ,2286
Error:,0.2644197653159819
Absolute Error:,1
Transition Probabilities
0.9745627980922098,0.025437201907790145
0.6335282651072125,0.3664717348927875

0.016923076923076923,0.9830769230769231
0.662,0.338


Model Num 1
Model States: 
['square'],"['diamond', 'x', 'square']","['diamond', 'x', 'diamond']"
Iteration: ,0
Error:,0.7077490166302385
Absolute Error:,1
Transition Probabilities
0.3333333333333333,0.3333333333333333,0.3333333333333333
0.3333333333333333,0.3333333333333333,0.3333333333333333
0.3333333333333333,0.3333333333333333,0.3333333333333333

0.3333333333333333,0.3333333333333333,0.3333333333333333
0.3333333333333333,0.3333333333333333,0.3333333333333333
0.3333333333333333,0.3333333333333333,0.3333333333333333

Transition Gammas
1.0,1.0,1.0
1.0,1.0,1.0
1.0,1.0,1.0

1.0,1.0,1.0
1.0,1.0,1.0
1.0,1.0,1.0

Iteration: ,2500
Error:,0.20577485343277244
Absolute Error:,1
Transition Probabilities
0.975254730713246,0.020087336244541485,0.004657933042212519
0.996309963099631,0.0018450184501845018,0.0018450184501845018
0.0035460992907801405,0.9667434869111594,0.029710413798060376

0.008368200836820083,0.46575026386668655,0.5258815352964934
0.9346600328876249,0.044590279910631095,0.02074968720174413
0.23848819774129515,0.744415326103608,0.017096476155096765

Transition Gammas
670.0,13.8,3.2
540.0,1.0,1.0
1.0,272.62166330894706,8.378336691053029

6.0,333.94293919241426,377.05706080758574
94.49744321142722,4.508235396156198,2.097866945207705
24.60575859290843,76.80423593471158,1.763910202038838

Iteration: ,5000
Error:,0.21192106055749801
Absolute Error:,1
Transition Probabilities
0.97505502567865,0.021799160021438266,0.003145814299911695
0.9981900452488688,0.0009049773755656109,0.0009049773755656109
0.0018018018018018018,0.9649847408429619,0.033213457355236224

0.01808066759388039,0.46448912678775217,0.5174302056183675
0.928669877128238,0.05365862590588091,0.017671496965881186
0.2039163976883104,0.7835123585491822,0.012571243762507312

Transition Gammas
1329.0,29.712255109220358,4.28774489077964
1103.0,1.0,1.0
1.0,535.5665311678439,18.433468832156105

26.0,667.9353643207876,744.0646356792124
155.9397954632519,9.010214883331214,2.9673511441014053
44.54704436765896,171.1640662280117,2.7462811230171713

Iteration: ,7500
Error:,0.20872518269861692
Absolute Error:,1
Transition Probabilities
0.9790141532454856,0.018877601209787247,0.0021082455447271483
0.9988009592326139,0.0005995203836930455,0.0005995203836930455
0.0011947431302270016,0.973130651351217,0.025674605518556038

0.017568192325473877,0.46900428719812653,0.5134275204763996
0.9451473866027615,0.038855789235138945,0.01599682416209948
0.19209726697611723,0.7979040180461519,0.009998714977730973

Transition Gammas
2006.0,38.68020487885407,4.319795121145927
1666.0,1.0,1.0
1.0,814.5103551809684,21.489644819031398

38.0,1014.4562732095479,1110.5437267904526
233.36438969396292,9.593802690951609,3.9497428237602215
59.988646462160936,249.17159313494653,3.122425359386237

Iteration: ,10000
Error:,0.20962228076384803
Absolute Error:,1
Transition Probabilities
0.9795185052102047,0.018174475478193144,0.0023070193116020376
0.9990921470721743,0.00045392646391284613,0.00045392646391284613
0.0008912655971479499,0.9736742743514321,0.025434460051420058

0.01996497373029772,0.46366943930628257,0.5163655869634197
0.9457383703579723,0.039281430376716144,0.014980199265311574
0.1741723835229337,0.8182619871118065,0.007565629365259747

Transition Gammas
2726.0,50.57956525581153,6.420434744188471
2201.0,1.0,1.0
1.0,1092.462535822307,28.537464177693312

57.0,1323.776249219437,1474.2237507805635
316.81959617099375,13.159164626322182,5.01832306962507
71.98186410651061,338.170851018123,3.126719023045614

Iteration: ,12500
Error:,0.21018042755406774
Absolute Error:,1
Transition Probabilities
0.9802148106274732,0.017385481252632694,0.0023997081198941584
0.9992703392922291,0.00036483035388544326,0.00036483035388544326
0.0007278020378457062,0.9748313384057272,0.024440859556427046

0.01916032685263454,0.472344395043936,0.5084952781034294
0.9450144669245252,0.03832730282074848,0.016658230254726167
0.16163493653291605,0.8322664547687224,0.006098608698361607

Transition Gammas
3468.0,61.50983267181447,8.490167328185532
2739.0,1.0,1.0
1.0,1339.4182589694688,33.58174103053075

68.0,1676.350258010929,1804.6497419890713
406.3623814567599,16.480990073877507,7.1631476068251665
83.00823132645175,427.41357706797027,3.131963500353893

Iteration: ,15000
Error:,0.20884098422512726
Absolute Error:,1
Transition Probabilities
0.9815721950081642,0.016204182506514005,0.002223622485321776
0.999388379204893,0.0003058103975535168,0.0003058103975535168
0.000609013398294763,0.9758687162858243,0.02352227031588105

0.019307746644690364,0.47442894242028233,0.5062633109350272
0.9444673509322925,0.03747842930144298,0.018054219766264413
0.15787439628960917,0.8356341246323159,0.006491479078074901

Transition Gammas
4208.0,69.46733040542554,9.532669594574454
3268.0,1.0,1.0
1.0,1602.376432141322,38.62356785867665

82.0,2014.8997184589396,2150.100281541061
487.9992406638496,19.36482507555636,9.328480786570786
95.42451750573592,505.0849601229163,3.9236651001188783

Iteration: ,17500
Error:,0.20840492540191358
Absolute Error:,1
Transition Probabilities
0.9826796735018913,0.015215623808347263,0.002104702689761435
0.9994720168954594,0.00026399155227032733,0.00026399155227032733
0.0005205622071837587,0.9772715984031252,0.02220783938969105

0.019397858153162254,0.4728409885978853,0.5077611532489524
0.9465501399691865,0.03648916743649544,0.016960692594318188
0.15703482132630642,0.8369040115293729,0.006061167144320829

Transition Gammas
4936.0,76.4280783893283,10.571921610671689
3786.0,1.0,1.0
1.0,1877.3387405324027,42.66125946759649

96.0,2340.0900525709344,2512.9099474290656
576.6103643552489,22.22812214814341,10.331952554405142
108.98113994678948,580.8059157337557,4.206410394950123

Iteration: ,20000
Error:,0.2098799464388045
Absolute Error:,1
Transition Probabilities
0.983347788378144,0.01462628929398415,0.002025922327871876
0.9995354239256679,0.00023228803716608595,0.00023228803716608595
0.0004545454545454548,0.976500715015712,0.023044739529742456

0.019145541570643503,0.4723513885255287,0.5085030699038278
0.9427610838887157,0.03688279757458173,0.020356118536702578
0.1531966208875612,0.8414693124184252,0.005334066694013629

Transition Gammas
5669.0,84.32055777981863,11.679442220181363
4303.0,1.0,1.0
1.0,2148.301573034565,50.69842696543337

108.0,2664.5341826725075,2868.4658173274925
667.1590577182429,26.10066632616248,14.405313386217832
120.96190823087942,664.4123947261505,4.211704424030514

Iteration: ,20992
Error:,0.20766908824791253
Absolute Error:,1
Transition Probabilities
0.9828212751899571,0.014911866570676656,0.002266858239366289
0.9995556542990447,0.00022217285047767163,0.00022217285047767163
0.00043459365493263817,0.9775260798715235,0.022039326473543733

0.02010135135135135,0.4715445615234478,0.5083540871252007
0.9424017706298939,0.037071461646112705,0.02052676772399328
0.1522738005435004,0.842412244197005,0.005313955259494717


Model Num 2
Model States: 
"['diamond', 'x', 'square']","['diamond', 'x', 'diamond']","['square', 'y', 'diamond', 'x', 'diamond']","['square', 'y', 'diamond', 'x', 'square']"
Iteration: ,0
Error:,0.6711435754015532
Absolute Error:,0.74
Transition Probabilities
0.25,0.25,0.25,0.25
0.25,0.25,0.25,0.25
0.25,0.25,0.25,0.25
0.25,0.25,0.25,0.25

0.25,0.25,0.25,0.25
0.25,0.25,0.25,0.25
0.25,0.25,0.25,0.25
0.25,0.25,0.25,0.25

Transition Gammas
1.0,1.0,1.0,1.0
1.0,1.0,1.0,1.0
1.0,1.0,1.0,1.0
1.0,1.0,1.0,1.0

1.0,1.0,1.0,1.0
1.0,1.0,1.0,1.0
1.0,1.0,1.0,1.0
1.0,1.0,1.0,1.0

Iteration: ,2500
Error:,0.035106931574762114
Absolute Error:,0.6190373216337968
Transition Probabilities
0.001353179972936402,0.001353179972936402,0.02510065732471031,0.9721929827294169
0.9572713083483007,0.032924770083071875,0.0049019607843137246,0.0049019607843137246
0.011291983002812618,0.006063478277465491,0.9452093913784597,0.03743514734126213
0.022253057977541638,0.0046211089685452116,0.9591985109046163,0.01392732214929686

0.010334557997697271,0.00614535854312139,0.02140142422111405,0.9621186592380674
0.9205083456683474,0.020765466052061664,0.02131415732541209,0.037412030954178985
0.006793857726643048,0.9706553358438674,0.008720409936118638,0.013830396493370626
0.9773881725341663,0.0016766558074725098,0.008590274274848432,0.012344897383512847

Transition Gammas
1.0,1.0,18.5493857629609,718.4506142370383
195.28334690305337,6.716653096946664,1.0,1.0
1.8622946246510872,1.0,155.88567289690255,6.173873415261886
5.355382581352221,1.1121081202257093,230.83906052560678,3.351725345725502

1.6816851165282989,1.0,3.482534675713762,156.56021572817488
55.72664193525969,1.2571202605032743,1.2903374738690048,2.2648864215789954
1.76418628922757,252.05367906746926,2.2644612626214147,3.5913904662000693
637.4009461734244,1.0934263664345563,5.602123193777663,8.050690087913722

Iteration: ,5000
Error:,0.030563055621978776
Absolute Error:,0.6190235422543557
Transition Probabilities
0.0006684491978609629,0.0006684491978609629,0.023880304615981528,0.9747827969882965
0.9701056803484137,0.02480526112741322,0.0025445292620865133,0.0025445292620865133
0.014578129281785066,0.0032833128786299765,0.9628827058844375,0.019255851955147514
0.018282281315204187,0.004840695250119712,0.9587926081391582,0.01808441529551779

0.009317655964523228,0.0051139451458515105,0.012991479972226857,0.9725769189173984
0.9244253102596843,0.02430163325248413,0.01574245664710007,0.03553059984073152
0.0036736638070910678,0.9718967571123399,0.00588168642485983,0.01854789265570922
0.9798969651403163,0.0007955157638119899,0.006114202807359299,0.013193316288512459

Transition Gammas
1.0,1.0,35.72493570550835,1458.275064294491
381.2515323769267,9.748467623073399,1.0,1.0
4.7181222511510725,1.062624102909459,311.6310901123821,6.2320385433793986
8.213334525006093,2.174687542400788,430.7386094207486,8.12444300305668

3.203370291240316,1.7581524810131357,4.4664152809171185,334.36778733496124
85.71171663043161,2.2532211957810495,1.4596235825953903,3.294358853504936
1.7690876741795027,468.0261079589443,2.832381922788857,8.931913752119314
1352.1019329257322,1.0976852058818842,8.436627245749914,18.204677726340165

Iteration: ,7500
Error:,0.02939302830312306
Absolute Error:,0.6212376089813793
Transition Probabilities
0.0004466279589102277,0.0004466279589102277,0.023635755806919668,0.9754709882752598
0.9766427649368664,0.019967404554659077,0.001694915254237288,0.001694915254237288
0.013456234327326,0.0022210544192179426,0.967686832021565,0.016635879231891068
0.015934306932213746,0.0033626068698966146,0.9592168296118763,0.02148625658601334

0.013073548974094922,0.007972601216638802,0.012659811178862465,0.9662940386304038
0.9312045431148157,0.023028040413447408,0.011333588275416131,0.034433828196320695
0.002436510255567166,0.9732484927576437,0.004288940793268729,0.02002605619352025
0.9810948478811463,0.0005366301144494033,0.004884197735173414,0.013484324269230883

Transition Gammas
1.0,1.0,52.92045725169314,2184.079542748307
576.2192313127512,11.780768687248855,1.0,1.0
6.6386722472013,1.09576364187142,477.4111062169878,8.207359286265802
10.868276902415458,2.2935257072347377,654.2508662615923,14.655082719728819

6.645908871384836,4.052853686375661,6.43558620466205,491.21337568130906
131.69136111318213,3.2566357286793663,1.6028011002754805,4.869647315446816
1.7724672033964306,708.0007277730001,3.120038947510325,14.568183218307869
2010.8375917270505,1.0998692015538676,10.010579948030282,27.637272989626013

Iteration: ,10000
Error:,0.027534771439068306
Absolute Error:,0.6207451978837977
Transition Probabilities
0.0003338898163606008,0.0003338898163606008,0.02239753607539522,0.9769346842918836
0.9737322555298341,0.023742491944913378,0.0012626262626262634,0.0012626262626262634
0.017501500103642424,0.001736195295465538,0.9682458099398645,0.012516494661027385
0.012750647300135044,0.0036240177375648844,0.9625424149229251,0.02108292003937498

0.01269969501713086,0.008646266803106317,0.011187480891338614,0.9674665572884243
0.9383614677882345,0.02209482073539589,0.008463836045775257,0.031079875430594265
0.0018269934668653615,0.9789483833052054,0.003256728955106139,0.015967894272823198
0.9801035405028886,0.0004038667708019106,0.004889325281672954,0.014603267444636546

Transition Gammas
1.0,1.0,67.08062054580873,2925.919379454193
771.1959463796281,18.804053620371384,1.0,1.0
11.499675573025012,1.1407983607708414,636.2033324750234,8.22418804450703
11.648223611421887,3.3106843899970415,879.3207921594312,19.260086270111664

8.428400293264781,5.738263600869583,7.424789894423408,642.0780502346139
180.6716505889926,4.2541258020121,1.6296227852462566,5.984103766943007
1.7747900967694914,950.9765236980021,3.1636732162495362,15.511637636171884
2671.7803297550463,1.100948266666377,13.328390903113311,39.80877641632922

Iteration: ,12500
Error:,0.027461082629176223
Absolute Error:,0.6216628903038747
Transition Probabilities
0.0002662406815761447,0.0002662406815761447,0.02242585907306791,0.9770416595637799
0.9765344640062162,0.021410037535407645,0.0010277492291880788,0.0010277492291880788
0.015910756839634787,0.0014543095117059328,0.9684576622523259,0.014177271396333367
0.012648502025882273,0.0030473123924155375,0.9625684048356885,0.021735780746013747

0.012805035560346907,0.009097636958080819,0.0108663364013745,0.9672309910801977
0.9502261869503349,0.017854131691103874,0.0068320079113892655,0.025087673447171964
0.0014787162135798393,0.9772680116366074,0.003573715231180472,0.017679556918632378
0.9796919142214915,0.0003186555859349571,0.004211308319680014,0.015778121872893538

Transition Gammas
1.0,1.0,84.23152667844312,3669.768473321559
950.1680334780477,20.831966521951625,1.0,1.0
12.480813179848758,1.1407983607708414,759.6834818727449,11.121021927559784
14.28356086254405,3.441235328514401,1086.9986316718378,24.545542748485637

10.907807108777018,7.749706638201484,9.256350822821469,823.9234503186492
226.65521841836548,4.258704057720227,1.6296227852462566,5.984103766943007
1.7763285662634076,1173.95688910651,4.292975484098026,21.237815413830212
3388.5816070679707,1.1021734912926318,14.566173004602069,54.57374180233998

Iteration: ,15000
Error:,0.027791066251334276
Absolute Error:,0.6217385786311298
Transition Probabilities
0.00022396416573348255,0.00022396416573348255,0.022260537867793438,0.9772915338007396
0.9774114766258349,0.020906437587789883,0.0008410428931875529,0.0008410428931875529
0.018276957730640423,0.003253689447746214,0.9667383636242591,0.011730989197354224
0.01402879524768222,0.003384090441985761,0.960356264874566,0.022230849435765927

0.012789835309590564,0.010885323660103348,0.01183104949824192,0.964493791532064
0.9559260559870162,0.014573314792865796,0.00569204247437295,0.023808586745745017
0.001210139608588844,0.9760445955220362,0.003010679088597331,0.019734585780777743
0.9801897182413479,0.00027017872198173735,0.0037222869920038332,0.015817816044666467

Transition Gammas
1.0,1.0,99.39330157969775,4363.606698420304
1162.1422457081173,24.857754291882163,1.0,1.0
17.3480514913466,3.088324266446425,917.6049514355442,11.134774596483178
19.53607545039331,4.71258187452065,1337.3630535342752,30.95800774305338

13.218323725591901,11.25000662746588,12.227416420600468,996.8065154235751
279.63725873647036,4.2631349714313,1.6650944329598092,6.96473110056122
1.777848762905081,1433.9334605472056,4.423069912907489,28.992612643852727
4001.490371046953,1.1029676544775742,15.195727194017769,64.57406909683586

Iteration: ,17500
Error:,0.025995594781796097
Absolute Error:,0.6223640843441819
Transition Probabilities
0.0001920122887864824,0.0001920122887864824,0.0231452406425429,0.9764707347798841
0.9764750687127053,0.022094316122774044,0.0007153075822603718,0.0007153075822603718
0.01549002951529209,0.003630389705043056,0.9700756435743546,0.010803937205310195
0.012632647558602265,0.002903107377649974,0.9636356994581983,0.020828545605549427

0.012488619352834691,0.009507523791545921,0.011942110546245414,0.9660617463093739
0.953573838501687,0.018221000318126478,0.004899945199732639,0.023305215980453705
0.0010306917052431387,0.9761868915126364,0.003139339197623731,0.01964307758449684
0.9791658913811667,0.00023238812663227607,0.0035584975551137123,0.01704322293708713

Transition Gammas
1.0,1.0,120.54041326636337,5085.459586733635
1365.1121460603622,30.887853939638116,1.0,1.0
17.3480514913466,4.065853294505742,1086.4357746132905,12.099864545898013
20.50643609333776,4.71258187452065,1564.2590990154083,33.810746116044484

14.875600732326257,11.324720842262497,14.224636316337637,1150.707569416807
326.62171102202234,6.241125815480051,1.678347727707704,7.982590557679295
1.778988566985858,1684.912481984879,5.418544179654299,33.90423175569521
4649.445777573844,1.1034657187707606,16.897076969044146,80.92759523038015

Iteration: ,20000
Error:,0.024534536773196863
Absolute Error:,0.6224185910518767
Transition Probabilities
0.00016837851490149853,0.00016837851490149853,0.022343585878877144,0.9773196570913198
0.9775378158303232,0.021211402431090223,0.0006253908692933085,0.0006253908692933085
0.014960345798973177,0.003908894686079636,0.9702619059437844,0.010868853571162814
0.012441259695356576,0.0030658829677412476,0.9639046275481901,0.020588229788712154

0.012630565722327484,0.008923414732297226,0.011896473154159044,0.9665495463912162
0.9566412546201084,0.015861697384190042,0.004263265541222663,0.023233782454478786
0.0008998706696402526,0.9767295317401954,0.002772795389197181,0.019597802200967237
0.9794146883745782,0.00020411615795911842,0.0031907947071079046,0.017190400760354597

Transition Gammas
1.0,1.0,132.69855653465137,5804.30144346535
1563.082967512686,33.91703248731325,1.0,1.0
19.31095934220468,5.0456391429818925,1252.4234712713965,14.029621522752981
23.249349256256057,5.729306006081256,1801.2770317746342,38.47383276666703

17.217953065496182,12.164374852430477,16.21724006005175,1317.5977300701538
376.60724165510044,6.244378518047416,1.678347727707704,9.146595634609799
1.7798747905842938,1931.8956928094676,5.484375454367701,38.762941459469765
5297.371194320068,1.1040053496261049,17.2580870687921,92.977913122631

Iteration: ,22500
Error:,0.02537046609672301
Absolute Error:,0.6225250014439736
Transition Probabilities
0.00014923145799134458,0.00014923145799134458,0.023405726145758893,0.9762958109382585
0.9788626020364077,0.020023191835458608,0.0005571030640668527,0.0005571030640668527
0.014081407522944766,0.00350129098238812,0.9720082174125448,0.010409084082122348
0.013179560608937794,0.0027626385330156824,0.9633731774216209,0.020684623436425704

0.012634217228666863,0.007980487588207841,0.01125105629646449,0.9681342388866608
0.957470528705092,0.01656486174938742,0.0038609977597940186,0.02210361178572653
0.0008021064893864048,0.9770433721006546,0.0024944151009160223,0.01966010630904283
0.9794365479610678,0.000180793114315886,0.0028853116825444097,0.017497347242071994

Transition Gammas
1.0,1.0,156.84177090273033,6542.15822909727
1757.0583706553507,35.94162934464818,1.0,1.0
20.292429661926885,5.0456391429818925,1400.7412505120187,15.00031912558256
27.565749644432685,5.778204935567326,2014.9460676979518,43.2629863814428

19.333710807267725,12.2122673956652,17.21710690699323,1481.5027364559564
418.59312773213685,7.241932866073855,1.6879758488490766,9.663399252692827
1.7805488163763157,2168.880869013988,5.53720474058854,43.642308697910494
5983.293918402977,1.1044496385470532,17.626121752147696,106.88979450441738

Iteration: ,25000
Error:,0.025331199497455055
Absolute Error:,0.6231544584351585
Transition Probabilities
0.0001351351351351351,0.0001351351351351351,0.024326234285546332,0.9754034954441835
0.9790989900355589,0.01990499402818615,0.0004980079681274902,0.0004980079681274902
0.01356164823919591,0.0031179539590047403,0.9717635823459206,0.011556815455878763
0.01340710564078232,0.0029065593287964844,0.9635128455730464,0.020173489457374762

0.012956763459864382,0.007532947596783993,0.01411362574756345,0.9653966631957881
0.9580058975550678,0.016767048795794322,0.0034536024183631857,0.021773451230774597
0.0007163121324132258,0.977127904463693,0.0022499245069026873,0.019905858896991088
0.9794899546112502,0.0001640953172124528,0.0026594483325379573,0.017686501738999334

Transition Gammas
1.0,1.0,180.0141337130429,7217.985866286959
1966.0307719914015,39.969228008597774,1.0,1.0
22.193815938242167,5.102572714580864,1590.303899767787,18.912880686486023
31.338733667971614,6.794000967534427,2252.1842716920096,47.15496619458356

22.203832061567418,12.909111437103473,24.18633147463455,1654.3873359112174
470.5769195896745,8.236051774912077,1.6964254517309794,10.69521976343048
1.7812821748179066,2429.8632397507245,5.594977716389893,49.50069951795217
6595.211036428512,1.1049048966871107,17.906894206512856,119.08872665381871

Iteration: ,27500
Error:,0.025777581518260047
Absolute Error:,0.6230772774427775
Transition Probabilities
0.00012277470841006745,0.00012277470841006745,0.024087340071639488,0.9756671105115403
0.9791795943090448,0.019915018637990025,0.0004526935264825712,0.0004526935264825712
0.013803082740675302,0.0028631108260788983,0.9718377518557745,0.011496054577471233
0.014372086684064238,0.003043757874703097,0.9631330897550774,0.019451065686155226

0.01345896526155076,0.007447451987273351,0.013453915746076588,0.9656396670050993
0.9618075096702909,0.015253204691034711,0.0031404052751898485,0.019798880363484494
0.0006511108647025401,0.977054272257233,0.0020658326559514226,0.02022878422211324
0.9798968521881117,0.00014956652155351694,0.0024475074378702503,0.017506073852464395

Transition Gammas
1.0,1.0,196.19138488350373,7946.808615116501
2163.0077238286804,43.99227617131997,1.0,1.0
25.04404869305314,5.194773391499607,1763.2837849693685,20.858221023900086
37.06069474780685,7.848810263973817,2483.590742637455,50.157644033238356

25.203820960320748,13.946409909686842,25.194365026564014,1808.2972060941356
519.5618387095066,8.239676854054885,1.6964254517309794,10.69521976343048
1.78185777144717,2673.84840666508,5.653445783304603,55.35895394644879
7241.158318056031,1.1052539450775218,18.08638205405308,129.36489387654515

Iteration: ,30000
Error:,0.025084162857280337
Absolute Error:,0.6229249860192907
Transition Probabilities
0.00011265067027148807,0.00011265067027148807,0.023586042776590578,0.9761886558828664
0.9796127399865258,0.019555313258066625,0.0004159733777038272,0.0004159733777038272
0.013585235955336282,0.002637023108422637,0.9718053028014,0.011972438134841081
0.013791184150916708,0.002780947174154251,0.9632473579809823,0.020180510693946864

0.01333912200649678,0.006857980621658302,0.012351485477675365,0.9674514118941695
0.9625475754313023,0.013857351198717078,0.0028665468146191176,0.02072852655536162
0.0005966237043338208,0.977992672815741,0.0018989453218573628,0.019511758158067757
0.9791692394516426,0.00013720952482747662,0.002283074069146671,0.018410476954383234

Transition Gammas
1.0,1.0,209.37330172779465,8665.626698272208
2354.9890269276066,47.01097307239214,1.0,1.0
26.970241519289033,5.235179599377399,1929.287339023681,23.76841662029251
38.923568459723676,7.848810263973817,2718.6225687174615,56.95649343467102

27.22013599113146,13.99456164020118,25.20474092905508,1974.204822757109
572.5464695652402,8.242686085200539,1.705091052583298,12.329826599213801
1.7824610852404048,2921.8314128010943,5.673251187680293,58.29293970176951
7890.095788200763,1.1056273525796014,18.396894399187417,148.35068425749932

Iteration: ,32500
Error:,0.024184483108829202
Absolute Error:,0.6227321780168478
Transition Probabilities
0.00010387451958034681,0.00010387451958034681,0.02259663840618029,0.977195612554659
0.9792212605818778,0.020009508648891398,0.00038461538461538467,0.00038461538461538467
0.012652400076391011,0.0024559508195620104,0.9737373578483166,0.011154291255730432
0.013330084022885316,0.002577905438769672,0.9645129857993853,0.019579024738959745

0.013809033179336185,0.006373041983735522,0.01187679927342814,0.9679411255635001
0.9582320919580771,0.01724491224763118,0.004046321782657586,0.020476674011634277
0.0005510990274574829,0.978769064168534,0.0020615805959682807,0.018618256208040307
0.9791457559901271,0.00012651231237896374,0.002124606360729023,0.01860312533676483

Transition Gammas
1.0,1.0,217.53783793629793,9407.462162063715
2545.975277512882,52.02472248711763,1.0,1.0
26.970241519289033,5.235179599377399,2075.64822159927,23.77682711005087
40.76659472205687,7.883853250563535,2949.7120894916675,59.877354502491144

30.474648833308102,14.06443260234135,26.21047269717765,2136.1137676897547
623.5303694321883,11.221421819236642,2.6329785207114282,13.324358700121063
1.7830827955852915,3166.8106678062913,6.670251096872264,60.23943188852193
8560.011231125294,1.1060118559615968,18.57400105990354,162.63458309708912

Iteration: ,35000
Error:,0.024601817818881818
Absolute Error:,0.6228965813773307
Transition Probabilities
9.637625289128747e-05,9.637625289128747e-05,0.023197026825457392,0.9766102206687599
0.9784937118563856,0.020789955765390934,0.0003581661891117478,0.0003581661891117478
0.011798026569384503,0.0022901088210418984,0.9750848704575863,0.010826994151987271
0.01392262724173299,0.002427067792114003,0.964475465485227,0.01917483948092594

0.014556347295509215,0.006170433790165776,0.010958062977365898,0.9683151559369592
0.9589284643939538,0.017502704590847525,0.0037854142356773344,0.01978341677952141
0.0005136342733846931,0.9787984940335953,0.001927327698255131,0.018760543994764834
0.9798641108922563,0.00011715016519929304,0.002079703327910382,0.01793903561463403

Transition Gammas
1.0,1.0,240.6923503409462,10133.307649659066
2731.954443503029,58.0455564969715,1.0,1.0
26.970241519289033,5.235179599377399,2229.0401113597195,24.750465299406468
45.59750268949099,7.94880364582109,3158.7193902303084,62.79883671533598

34.83087162490797,14.764802106745833,26.220787198450555,2317.0140286016795
669.5149985269512,12.220226714997937,2.64294126259476,13.812598903684032
1.7835512127052393,3398.794300707009,6.692481073841396,65.14438916308883
9253.934249896061,1.106377827361742,19.640925350605976,169.41803892909476

Iteration: ,37500
Error:,0.025556780455505818
Absolute Error:,0.6229244364015712
Transition Probabilities
9.024456276509325e-05,9.024456276509325e-05,0.022819275690325765,0.977000235184144
0.9780125020202873,0.021321940575386583,0.00033277870216306173,0.00033277870216306173
0.010950738641948503,0.0021256422006989068,0.9752829382669886,0.011640680890363951
0.014225582187343804,0.0022720655724339286,0.96381819900068,0.0196841532395422

0.014132944430226278,0.006026435629566397,0.010971251465200636,0.9688693684750066
0.959574161558758,0.01630281570761427,0.0035537362508987315,0.02056928648272904
0.00047747273768005295,0.9789770878381143,0.0017991146483066862,0.018746324775898868
0.9795051574486594,0.00010977098219813421,0.0020643142054661565,0.018320757363676273

Transition Gammas
1.0,1.0,252.86039392450027,10826.13960607552
2938.927568570962,64.07243142903666,1.0,1.0
26.970241519289033,5.235179599377399,2401.994719693378,28.6694793225588
50.26425022156668,8.028049112410365,3405.5266409954693,69.55140329597671

36.34968724357044,15.499887614342002,28.217867932579285,2491.9151630300603
719.4988693910055,12.224023884161385,2.664629079301131,15.423068858442797
1.783994446115973,3657.7788630694145,6.722081256617693,70.04240587176666
9874.870911928894,1.1066549990463286,20.811361885767123,184.70052209455218

Iteration: ,40000
Error:,0.02522955002399021
Absolute Error:,0.6228822622586836
Transition Probabilities
8.462384700008455e-05,8.462384700008455e-05,0.02284919605896374,0.9769815562470361
0.9781215263928452,0.021254253881811357,0.0003121098626716603,0.0003121098626716603
0.01090791258811456,0.002005298625215312,0.9762426485536018,0.010844140233068471
0.015069173272328356,0.0021494442536995543,0.9638184174347999,0.01896296503917219

0.013922064905030564,0.006288662513361044,0.010686110909523705,0.9691031616720848
0.9604382481313775,0.0163755369117101,0.003315168948591109,0.01987104600832128
0.0004469906808574658,0.9788449151294548,0.0019371634135932805,0.018770930776094378
0.9795828878931532,0.00010314798126332455,0.0019511683656160948,0.0183627957599675

Transition Gammas
1.0,1.0,270.00894982877475,11544.991050171237
3133.901370562677,68.09862943732361,1.0,1.0
28.84991177580816,5.303735976455145,2582.0260343157884,28.681242765862127
56.89201748459741,8.114991967621584,3638.791144393367,71.5926029299483

38.06719734439216,17.195132946255328,29.21910618947857,2649.825406942006
775.4811113084104,13.222005253613942,2.6767477299351614,16.044363988392174
1.7844829315884194,3907.7594198828865,7.73357296985139,74.93759269368157
10511.826003019269,1.1068727771825115,20.937832434031876,197.0496997685534

Iteration: ,42500
Error:,0.02329399500348939
Absolute Error:,0.6227755796626127
Transition Probabilities
7.96749263006931e-05,7.96749263006931e-05,0.022402451448077197,0.9774381986993215
0.978512203946012,0.020900079333447216,0.0002938583602703497,0.0002938583602703497
0.010589711551023057,0.0022524828258875464,0.9766147080118447,0.010543097611244718
0.016029595893881976,0.0022838777442240827,0.96295252619615,0.018734000165743857

0.013934949384343158,0.006438388858960653,0.010066882051912506,0.9695597797047836
0.9610635282866135,0.015378896184078308,0.003112679609211643,0.020444895920096604
0.00042035526385305726,0.9782491476794045,0.001834990857992141,0.01949550619875031
0.9800649983340424,9.726349870883952e-05,0.001846879464331658,0.017990858702917004

Transition Gammas
1.0,1.0,281.17316812481715,12267.826831875194
3329.877030028279,71.12296997172088,1.0,1.0
29.78916329074452,6.336298999898574,2747.245273767351,29.658036936925395
64.57074421465754,9.199962782351106,3878.984952053697,75.46468050896362

40.45464995407745,18.691332158703972,29.225236368399035,2814.735842641764
826.4662415147249,13.225076338668279,2.6767477299351614,17.58158102135664
1.7848706913645696,4153.744184242456,7.791555579275462,82.77987840216417
11155.755526242112,1.1071182167174534,21.022417722848406,204.78399059049025

Iteration: ,45000
Error:,0.025503988117379514
Absolute Error:,0.6226894033609016
Transition Probabilities
7.519927808693036e-05,7.519927808693036e-05,0.0222837930353283,0.9775658084084978
0.9796427081329205,0.019800653960038012,0.0002783189535207347,0.0002783189535207347
0.011327165097041899,0.0021619684130813155,0.976188006695717,0.010322859794159743
0.016750034609968597,0.0021767390419974147,0.9621989616020918,0.018874264745942147

0.01390568805329658,0.006834649659726754,0.010116947389095904,0.9691427148978807
0.9624394357483714,0.014607798500642727,0.0029562188285497965,0.01999654692243599
0.0003981223028752074,0.9783025193589096,0.0017413794746169874,0.01955797886359827
0.9802534459104048,9.169137957388517e-05,0.0018300415032453362,0.01782482120677604

Transition Gammas
1.0,1.0,296.3298797837957,12999.670120216204
3519.8562503215844,71.1437496784166,1.0,1.0
33.61297816395873,6.4155679234382,2896.8047937740903,30.632736247599468
71.35158573552816,9.272445460292763,4098.762975840594,80.40035442157648

42.911069224421674,21.09080281026995,31.219528878357714,2990.6431071900843
871.453611606728,13.226825801365747,2.6767477299351614,18.10613986496732
1.7851894943954663,4386.730829414433,7.808385316249342,87.69842369230022
11838.696202189256,1.107373191763371,22.10173857047526,215.27355400355253

Iteration: ,47500
Error:,0.0248104078958734
Absolute Error:,0.6226895542682379
Transition Probabilities
7.13266761768901e-05,7.13266761768901e-05,0.022359804287110024,0.9774975423605362
0.9784331483199444,0.021041917296853514,0.00026246719160104976,0.00026246719160104976
0.012576370218186252,0.002078342163123767,0.9743097996232685,0.011035487995421511
0.01687092939139102,0.0022783837198341603,0.9615359184131526,0.019314768475622336

0.014291648955871046,0.006938062861804657,0.010497600427306566,0.9682726877550177
0.9596625524294682,0.017968751233952147,0.0028060323632906206,0.01956266397328916
0.000376462224606123,0.9782378804694567,0.0016525670195710355,0.01973309028636593
0.9801039436888832,8.708897244951362e-05,0.0017483581277446582,0.018060609210922746

Transition Gammas
1.0,1.0,313.4844561052828,13704.515543894728
3727.83029509899,80.16970490101193,1.0,1.0
39.371962520337014,6.506520429290154,3050.2035363504665,34.54803033080766
76.17934938939766,10.287861765631595,4341.739508235323,87.21431178714931

46.57581944986991,22.61082427794396,34.21119170144831,3155.5556690742505
918.4391372893573,17.196882737269267,2.685495996923426,18.722327110945393
1.7855344954146868,4639.715132446665,7.838011961268981,93.59269298348023
12464.64829706805,1.1075696808754192,22.235059148558264,229.68904807957784

Iteration: ,49776
Error:,0.025866705274110422
Absolute Error:,0.6228807278867853
Transition Probabilities
6.79671039217018e-05,6.79671039217018e-05,0.022674904013462546,0.977189161778694
0.978376509724901,0.021121734128586162,0.00025087807325639727,0.00025087807325639727
0.012382124073721464,0.001996844672568005,0.9750164677821228,0.01060456347158776
0.01657384885397446,0.0021862087529922894,0.9616941938654114,0.0195457485276218

0.014755238605573812,0.006859447947702811,0.010585045913804337,0.967800267532919
0.9613928433065121,0.017200030651841763,0.002685408553723759,0.01872171748792243
0.0003599816010166941,0.9784018739931662,0.0015812753374122902,0.019656869068404657
0.9801967943831216,8.290275535769986e-05,0.0017432553124822508,0.017977047549038526


Model Num 3
Model States: 
"['diamond', 'x', 'square']","['diamond', 'x', 'diamond']","['square', 'y', 'diamond', 'x', 'diamond']","['square', 'x', 'square', 'y', 'diamond', 'x', 'diamond']","['square', 'x', 'square', 'y', 'diamond', 'x', 'square']"
Iteration: ,0
Error:,0.652965860289579
Absolute Error:,1
Transition Probabilities
0.2,0.2,0.2,0.2,0.2
0.2,0.2,0.2,0.2,0.2
0.2,0.2,0.2,0.2,0.2
0.2,0.2,0.2,0.2,0.2
0.2,0.2,0.2,0.2,0.2

0.2,0.2,0.2,0.2,0.2
0.2,0.2,0.2,0.2,0.2
0.2,0.2,0.2,0.2,0.2
0.2,0.2,0.2,0.2,0.2
0.2,0.2,0.2,0.2,0.2

Transition Gammas
1.0,1.0,1.0,1.0,1.0
1.0,1.0,1.0,1.0,1.0
1.0,1.0,1.0,1.0,1.0
1.0,1.0,1.0,1.0,1.0
1.0,1.0,1.0,1.0,1.0

1.0,1.0,1.0,1.0,1.0
1.0,1.0,1.0,1.0,1.0
1.0,1.0,1.0,1.0,1.0
1.0,1.0,1.0,1.0,1.0
1.0,1.0,1.0,1.0,1.0

Iteration: ,2500
Error:,0.4029518166861283
Absolute Error:,1
Transition Probabilities
0.0018903591682419656,0.0018903591682419656,0.4177693761814744,0.5559433415237791,0.02250656395826246
0.974951262930116,0.01698422094085182,0.002688172043010753,0.002688172043010753,0.002688172043010753
0.2,0.2,0.2,0.2,0.2
0.004159636222352373,0.004646582787525219,0.7401680516569529,0.23606484064192848,0.014960888691240976
0.07366564414446285,0.03833363049482212,0.7461794836618754,0.10017254847318088,0.041648693225658784

0.03627893182479075,0.050309447138312556,0.384421121968239,0.5104292247251093,0.018561274343548432
0.5173952592810528,0.01823300385246518,0.1867281544871017,0.2526705428011823,0.02497303957819798
0.33487676025252955,0.6393080223561661,0.006793478260869562,0.008827597165095024,0.01019414196533975
0.2,0.2,0.2,0.2,0.2
0.2,0.2,0.2,0.2,0.2

Transition Gammas
1.0,1.0,221.0,294.0940276660792,11.905972333920843
362.68186981000315,6.318130189996877,1.0,1.0,1.0
1.0,1.0,1.0,1.0,1.0
2.199737305678727,2.4572488927561817,391.42251597678575,124.83799273809773,7.911755552897451
1.9216975588683978,1.0,19.465400851157703,2.6131766592447225,1.0864792269358479

4.0553887590593565,5.623769944069472,42.97196798141877,57.057604403641506,2.074845634655819
53.65101911713275,1.8906613864430264,19.362674099517555,26.200534077176005,2.589565713618199
246.46929554586185,470.5307044541385,5.0,6.497111513509941,7.502888486490059
1.0,1.0,1.0,1.0,1.0
1.0,1.0,1.0,1.0,1.0

Iteration: ,5000
Error:,0.3989782052457977
Absolute Error:,1
Transition Probabilities
0.0009671179883945841,0.0009671179883945841,0.40425531914893614,0.5754119674045568,0.018398477469717883
0.9767849173677312,0.01920438744510297,0.0013368983957219242,0.0013368983957219242,0.0013368983957219242
0.2,0.2,0.2,0.2,0.2
0.005525507660945742,0.00450868767287924,0.7251599787832302,0.25372956772592403,0.011076258157020683
0.050455797412482406,0.026255847169933226,0.8261507558886835,0.0686111669931661,0.02852643253573482

0.037975711698660465,0.0403945097763607,0.3996336555017815,0.5093038617424105,0.012692261280786946
0.5578117236873463,0.011537556324790447,0.16410922350609305,0.24988624351975236,0.016655252962017805
0.328011910640245,0.6486043204464125,0.006877579092159561,0.009097690359204609,0.007408499461978337
0.2,0.2,0.2,0.2,0.2
0.2,0.2,0.2,0.2,0.2

Transition Gammas
1.0,1.0,418.0,594.9759742963117,19.02402570368829
730.6351181910635,14.364881808937033,1.0,1.0,1.0
1.0,1.0,1.0,1.0,1.0
6.077111361752643,4.958783656587816,797.5516851238237,279.05903555943706,12.181985515556189
1.9216975588683978,1.0,31.465400851157703,2.6131766592447225,1.0864792269358479

9.185756792931244,9.770827878610138,96.66540537379635,123.19298831814872,3.0700682110391986
109.26707229546687,2.260036760648128,32.146571374760036,48.949021823749824,3.2625178930805805
476.92931807091617,943.0706819290835,10.0,13.2280417822835,10.7719582177165
1.0,1.0,1.0,1.0,1.0
1.0,1.0,1.0,1.0,1.0

Iteration: ,7500
Error:,0.39477967296302996
Absolute Error:,1
Transition Probabilities
0.0006480881399870381,0.0006480881399870381,0.4011665586519766,0.5825519415331031,0.014985323534946275
0.9787256665943881,0.018547060678339184,0.0009090909090909088,0.0009090909090909088,0.0009090909090909088
0.2,0.2,0.2,0.2,0.2
0.0075525517087602035,0.005525632163430655,0.7023439432898254,0.27490132118425203,0.00967655165373181
0.0416973941475104,0.02169820841738704,0.8563284929441438,0.05670125178374319,0.02357465270721558

0.03629344924800586,0.04090184923490283,0.4020420473187803,0.5124253979013877,0.008337256296923397
0.5959941722545316,0.007707767918333789,0.15777132215366194,0.2274361842963144,0.011090553377158278
0.3307998451239456,0.6447536604111097,0.007841328413284127,0.009821878573098759,0.006783287478561751
0.2,0.2,0.2,0.2,0.2
0.2,0.2,0.2,0.2,0.2

Transition Gammas
1.0,1.0,619.0,898.8776457855781,23.122354214422106
1076.5982332538274,20.40176674617311,1.0,1.0,1.0
1.0,1.0,1.0,1.0,1.0
12.821426043154093,9.380469920242303,1192.3190032982827,466.68028166441053,16.427188606623815
1.9216975588683978,1.0,39.4654008511577,2.6131766592447225,1.0864792269358479

13.414920399099785,15.118294431393839,148.60428461945884,189.4045913451406,3.0816478424482083
176.6417692659553,2.2844414015585164,46.760533545535786,67.407924203731,3.287037125327963
717.1740642287145,1397.8259357712868,17.0,21.29383274647812,14.706167253521885
1.0,1.0,1.0,1.0,1.0
1.0,1.0,1.0,1.0,1.0

Iteration: ,10000
Error:,0.39997412342287736
Absolute Error:,1
Transition Probabilities
0.00048520135856380386,0.00048520135856380386,0.40902474526928667,0.5768162744500795,0.013188577563506332
0.9799229642567076,0.01803065102296498,0.0006821282401091406,0.0006821282401091406,0.0006821282401091406
0.2,0.2,0.2,0.2,0.2
0.007463705316446869,0.0051791799795017236,0.6911351982518372,0.28821663079331544,0.008005285658898829
0.036894169829436836,0.019198738979073364,0.8728783635203167,0.05016969658704637,0.020859031084126758

0.031930366902203064,0.03971449290618029,0.4055358711094858,0.5164205616813731,0.00639870740075776
0.5863947409581093,0.0060143954883896695,0.16402434366901208,0.2331654067232167,0.010401113161272188
