0,1,2,3,4,5,6,7,8,9,10,11,12,13,14,15,16,17,18,19,20,21,22,23,24,25,26,27,28,29
github Code Version (SHA):,cd93f48c3be2409aefa56252372b16f046dc3cc1
Environment Observations,Environment Actions,alpha,epsilon,numActions,explore,patience,gainThresh,insertRandActions,useBudd,revisedSplitting,haveControl,confidence_factor
"['diamond', 'square']","['x', 'y']",0.99,0.99,75000,0.5,0,0.01,False,True,False,False,250

Model Num 0
Model States: 
['diamond'],['square']
Iteration: ,0
Error:,0.674908349060682
Absolute Error:,1
Transition Probabilities
0.5,0.5
0.5,0.5

0.5,0.5
0.5,0.5

Transition Gammas
1.0,1.0
1.0,1.0

1.0,1.0
1.0,1.0

Iteration: ,2500
Error:,0.14177290207245088
Absolute Error:,1
Transition Probabilities
0.5102880658436214,0.4897119341563786
0.020434227330779056,0.979565772669221

0.025540275049115914,0.9744597249508841
0.9862637362637363,0.013736263736263736

Transition Gammas
248.0,238.0
16.0,767.0

13.0,496.0
718.0,10.0

Iteration: ,2565
Error:,0.1403224426059449
Absolute Error:,1
Transition Probabilities
0.51,0.49
0.02012578616352201,0.979874213836478

0.02666666666666667,0.9733333333333334
0.9866844207723036,0.013315579227696404


Model Num 1
Model States: 
['square'],"['diamond', 'x', 'diamond']","['diamond', 'x', 'square']"
Iteration: ,0
Error:,0.7226861637025759
Absolute Error:,1
Transition Probabilities
0.3333333333333333,0.3333333333333333,0.3333333333333333
0.3333333333333333,0.3333333333333333,0.3333333333333333
0.3333333333333333,0.3333333333333333,0.3333333333333333

0.3333333333333333,0.3333333333333333,0.3333333333333333
0.3333333333333333,0.3333333333333333,0.3333333333333333
0.3333333333333333,0.3333333333333333,0.3333333333333333

Transition Gammas
1.0,1.0,1.0
1.0,1.0,1.0
1.0,1.0,1.0

1.0,1.0,1.0
1.0,1.0,1.0
1.0,1.0,1.0

Iteration: ,2500
Error:,0.11230538258888062
Absolute Error:,1
Transition Probabilities
0.9701298701298702,0.011138662942667743,0.018731466927462127
0.0031249999999999984,0.020248372134841406,0.9766266278651585
0.9956043956043956,0.002197802197802198,0.002197802197802198

0.01991465149359887,0.6361829681251545,0.34390238038124665
0.9765920562442639,0.00820516679388024,0.015202776961855877
0.9467095917995065,0.01949328838086191,0.03379711981963148

Transition Gammas
747.0,8.576770465854162,14.423229534145838
1.0,6.479479083149253,312.5205209168509
453.0,1.0,1.0

14.0,447.23662659198345,241.76337340801632
119.02159709570408,1.0,1.8528297283602755
82.85300066720004,1.7059903577775457,2.957816013718375

Iteration: ,5000
Error:,0.11480342951757273
Absolute Error:,1
Transition Probabilities
0.9744451916610626,0.007683897632143342,0.01787091070679412
0.0015999999999999994,0.021609519358810857,0.9767904806411891
0.997828447339848,0.0010857763300760044,0.0010857763300760044

0.02081887578070785,0.6178795354322788,0.36130158878701324
0.9850360131457158,0.0040643178444795215,0.010899669009804745
0.960510071299998,0.0116543043254185,0.02783562437458353

Transition Gammas
1449.0,11.42595577899715,26.574044221002854
1.0,13.50594959925679,610.4940504007434
919.0,1.0,1.0

30.0,890.3644105579135,520.6355894420859
242.3619536753676,1.0,2.681795427148873
157.0317954320357,1.9053379942751367,4.550788381215589

Iteration: ,7500
Error:,0.11075075111907326
Absolute Error:,1
Transition Probabilities
0.9744758432087511,0.007825030696422585,0.017699126094826278
0.0010604453870625664,0.01966057932729398,0.9792789752856434
0.9985825655563431,0.0007087172218284905,0.0007087172218284905

0.018450184501845022,0.6107721542342031,0.370777661263952
0.9825077044841145,0.003580219886977668,0.013912075628907863
0.9508863249733682,0.019758284739397343,0.02935539028723447

Transition Gammas
2138.0,17.16811734795115,38.831882652048854
1.0,18.53992630563822,923.4600736943617
1409.0,1.0,1.0

40.0,1324.154030379752,803.8459696202477
350.515456586129,1.2772646999461839,4.963215574668545
228.54289756271874,4.748849075453458,7.055486843305856

Iteration: ,10000
Error:,0.11106775573692876
Absolute Error:,1
Transition Probabilities
0.9780971937029432,0.006664356098706815,0.015238450198349995
0.0007874015748031497,0.02013732118755525,0.9790752772376417
0.9989457037427517,0.0005271481286241434,0.0005271481286241434

0.019709543568464744,0.6057059538319902,0.37458450259954507
0.9848484317501628,0.003251319134197185,0.011900249115639968
0.950967151655146,0.018935577964540037,0.030097270380313925

Transition Gammas
2858.0,19.473248520421315,44.526751479578685
1.0,25.574397908195163,1243.4256020918046
1895.0,1.0,1.0

57.0,1751.7016184821146,1083.2983815178836
445.5686064891161,1.470973288043112,5.383952742764938
304.1521296040295,6.056251630956973,9.626146250696547

Iteration: ,12500
Error:,0.10876776876563292
Absolute Error:,1
Transition Probabilities
0.9794205253181695,0.005693250705205234,0.014886223976625257
0.0006337135614702154,0.018758038787691004,0.9806082476508388
0.9991474850809889,0.00042625745950554135,0.00042625745950554135

0.02108768035516095,0.6060781593176421,0.372834160327197
0.9872135989691241,0.0026016118397842194,0.010184789191091795
0.9535896495823606,0.01894126623475068,0.02746908418288861

Transition Gammas
3617.0,21.02517485432293,54.97482514567707
1.0,29.60018520697641,1547.3998147930238
2344.0,1.0,1.0

76.0,2184.30568618078,1343.6943138192169
558.1788995075186,1.470973288043112,5.758565753486435
377.6940615741796,7.50218270373851,10.879847508099639

Iteration: ,15000
Error:,0.11116045263930935
Absolute Error:,1
Transition Probabilities
0.9796472184531886,0.005085589334997603,0.015267192211813795
0.0005324813631522899,0.017907202486224925,0.9815603161506229
0.9992912827781715,0.00035435861091424523,0.00035435861091424523

0.022580645161290356,0.5996120010051302,0.3778073538335795
0.9876607822247643,0.0023074834291983825,0.010031734346037343
0.953982197258521,0.01824360515353469,0.0277741975879443

Transition Gammas
4332.0,22.4884760393594,67.5115239606406
1.0,33.629726269130394,1843.3702737308688
2820.0,1.0,1.0

98.0,2602.3160843622613,1639.6839156377325
662.9762496150402,1.5489191607798942,6.733892580901007
458.5844710457426,8.76980099140562,13.35120901227448

Iteration: ,17500
Error:,0.11292814088870826
Absolute Error:,1
Transition Probabilities
0.9794761532447225,0.005021367726024368,0.015502479029253193
0.0004549590536851686,0.017584667700946948,0.9819603732453679
0.9993992189846801,0.00030039050765995795,0.00030039050765995795

0.02088669950738919,0.5980360457859683,0.38107725470664255
0.9883129624723935,0.0022053404998749913,0.009481697027731386
0.9508387897296323,0.017677616190420745,0.03148359407994697

Transition Gammas
5011.0,25.689317286340668,79.31068271365933
1.0,38.65109960668137,2158.3489003933173
3327.0,1.0,1.0

106.0,3035.0329323637848,1933.9670676362082
768.6720817034297,1.7152296259102675,7.374501872519041
523.161801772103,9.726415915200436,17.322614498941558

Iteration: ,20000
Error:,0.11297685563116143
Absolute Error:,1
Transition Probabilities
0.9796928327645051,0.004926001568860339,0.015381165666634541
0.00039808917197452253,0.018582165253728147,0.9810197455742973
0.9994713190589479,0.0002643404705260375,0.0002643404705260375

0.021236187845303883,0.5996073349017381,0.379156477252958
0.9887136622865413,0.0020885163646264296,0.009197821348832267
0.9457556994266509,0.019413236273533054,0.03483106429981596

Transition Gammas
5741.0,28.86636919352159,90.13363080647841
1.0,46.67839911736508,2464.3216008826334
3781.0,1.0,1.0

123.0,3472.9256837508647,2196.074316249131
886.5997871990414,1.8728153914220607,8.24787475042105
591.1010167000921,12.133348713289426,21.76955162189247

Iteration: ,22500
Error:,0.11410636405265545
Absolute Error:,1
Transition Probabilities
0.980219111381619,0.004585888009952646,0.015195000608428363
0.00035561877667140843,0.017674553719328516,0.9819698275040001
0.99953216374269,0.00023391812865497077,0.00023391812865497077

0.021110601193207908,0.5960436566255003,0.3828457421812918
0.9899697926832617,0.0018560717084181724,0.008174135608320149
0.9482624321836004,0.018898791343613577,0.03283877647278605

Transition Gammas
6442.0,30.13845600140879,99.8615439985912
1.0,49.70084505875177,2761.299154941247
4273.0,1.0,1.0

138.0,3896.3373833608925,2502.662616639103
998.900342250358,1.8728153914220607,8.24787475042105
657.3577320392254,13.101084883551522,22.764609133976663

Iteration: ,23891
Error:,0.10866358008060872
Absolute Error:,1
Transition Probabilities
0.9803019410496046,0.0043907605886572346,0.015307298361738164
0.00033411293017039775,0.01727960945703619,0.9823862776127935
0.999559277214632,0.00022036139268400177,0.00022036139268400177

0.021013241220495128,0.5956876745298179,0.3832990842496871
0.989990532930793,0.0017559825236505555,0.008253484545556317
0.9456923632277379,0.02297905238755546,0.03132858438470672


Model Num 2
Model States: 
"['diamond', 'x', 'diamond']","['diamond', 'x', 'square']","['square', 'y', 'diamond', 'x', 'diamond']","['square', 'y', 'diamond', 'x', 'square']"
Iteration: ,0
Error:,0.6754573835005789
Absolute Error:,0.74
Transition Probabilities
0.25,0.25,0.25,0.25
0.25,0.25,0.25,0.25
0.25,0.25,0.25,0.25
0.25,0.25,0.25,0.25

0.25,0.25,0.25,0.25
0.25,0.25,0.25,0.25
0.25,0.25,0.25,0.25
0.25,0.25,0.25,0.25

Transition Gammas
1.0,1.0,1.0,1.0
1.0,1.0,1.0,1.0
1.0,1.0,1.0,1.0
1.0,1.0,1.0,1.0

1.0,1.0,1.0,1.0
1.0,1.0,1.0,1.0
1.0,1.0,1.0,1.0
1.0,1.0,1.0,1.0

Iteration: ,2500
Error:,0.03817061025438349
Absolute Error:,0.9761254345875001
Transition Probabilities
0.03890268653829929,0.9527985582749787,0.004149377593360997,0.004149377593360997
0.0014430014430014434,0.0014430014430014434,0.02213709432703609,0.9749769027869609
0.006118163156488112,0.02101069270897343,0.9466505390620892,0.026220605072449242
0.006813557005380838,0.015795952316508023,0.9620835516531501,0.01530693902496115

0.03255153592174249,0.03272766581035308,0.8758304560587683,0.05889034220913617
0.006351507390288769,0.01741321366998399,0.03792267439143672,0.9383126045482906
0.970956798989924,0.004371809275519787,0.0041429907779936504,0.02052840095656278
0.0016479702708583272,0.9750162101188946,0.012565620033757868,0.010770199576489154

Transition Gammas
9.375547455730128,229.62445254426984,1.0,1.0
1.0,1.0,15.341006368636005,675.6589936313637
1.1029560493381176,3.787717004501816,170.65807366717127,4.726937520666595
1.4271879029403305,3.3086671240497645,201.52088042308785,3.206236946460941

1.488059806652326,1.4961114023933588,40.03768369751519,2.6921111019797777
1.151916261616515,3.158079296912476,6.8776973135975625,170.17339054214364
271.146329657544,1.2208576532479671,1.1569585221779664,5.732696427792536
1.0711525321659188,633.7438853358149,8.167438427383889,7.000445792192592

Iteration: ,5000
Error:,0.03347610355095161
Absolute Error:,0.9765784630950713
Transition Probabilities
0.030374738105529476,0.9654235812222016,0.0021008403361344537,0.0021008403361344537
0.000738552437223044,0.000738552437223044,0.02698557038293374,0.9715373247426201
0.0032329772021505534,0.018752536129836316,0.9575743509385736,0.020440135729439562
0.006303159287246561,0.02661057925869285,0.9501990740282585,0.016887187425802013

0.015015452466702677,0.0248937297467013,0.9158233708895303,0.044267446897065715
0.008006514791092175,0.025301035677220366,0.024942210923000478,0.941750238608687
0.9723985402566975,0.0021627199775075137,0.0028699493646323166,0.022568790401162515
0.000844398842392288,0.9777398793957539,0.011751313978545695,0.009664407783308095

Transition Gammas
14.458375338232033,459.541624661768,1.0,1.0
1.0,1.0,36.53846229849223,1315.4615377015057
1.2126293892969673,7.033726195089257,359.16826125859217,7.66671329765324
2.664873616247816,11.250521738050438,401.72877237680393,7.139629219700425

1.488059806652326,2.4670158129351494,90.75983232843735,4.386987912399888
3.044509990313064,9.620822279659716,9.484377699527359,358.10437932542015
551.0737096259841,1.2256477889946953,1.6264459245168779,12.790092264902766
1.0778833502357692,1248.0944832615007,15.000666799804396,12.336710706523245

Iteration: ,7500
Error:,0.030789560326287154
Absolute Error:,0.9788225776173355
Transition Probabilities
0.031179627908512704,0.9660502889889943,0.0013850415512465363,0.0013850415512465363
0.0004909180166912131,0.0004909180166912131,0.028361824086286506,0.9706563398803311
0.0020710080063779447,0.01533211356066274,0.9587645806379178,0.023832297795041476
0.0075670868054888,0.02342058802095859,0.9547586675772656,0.01425365759628701

0.016058694294769853,0.016007829543767886,0.93526805193143,0.032665424230032165
0.007563549521778693,0.024779887974203368,0.022759795927549478,0.9448967665764685
0.9716367750420628,0.001420615208079988,0.002001013795367883,0.024941595954489443
0.0005725697518344401,0.9775880174759617,0.01233657656212287,0.00950283621008096

Transition Gammas
22.51169134994619,697.4883086500544,1.0,1.0
1.0,1.0,57.77303566376555,1977.2269643362322
1.2126293892969673,8.977353755485804,561.3817543524987,13.954434088011247
4.817832343655548,14.91148038541858,607.8782108991671,9.075055480131665

2.4748547360508515,2.4670158129351494,144.13703413940766,5.034168929109933
4.062200747569703,13.308682539019106,12.22373962981379,507.48135389486697
840.5632681174262,1.2289746464046074,1.7310776399026977,21.576982207844527
1.0805733271519944,1844.9377272262361,23.28201156049366,17.934079311749596

Iteration: ,10000
Error:,0.027380744479712508
Absolute Error:,0.980318977778943
Transition Probabilities
0.02994694587872558,0.9679566180625743,0.0010482180293501042,0.0010482180293501042
0.0003663003663003664,0.0003663003663003664,0.024906262053421342,0.974361137213978
0.0015459851375961974,0.011445257391436679,0.9632187167443205,0.02379004072664661
0.005889397743753823,0.02521510784819341,0.9559495490931972,0.012945945314855526

0.01132529987565219,0.011289427808619612,0.9519224673627745,0.02546280495295374
0.006869007365937283,0.027563414284676464,0.020964799631467624,0.9446027787179186
0.9737896585755969,0.0010604845870750494,0.0015258345957821326,0.023624022241545643
0.00043090684732030626,0.9793447384803777,0.01161310715364871,0.008611247518653324

Transition Gammas
28.56938636830422,923.4306136316962,1.0,1.0
1.0,1.0,67.99409540584024,2660.005904594159
1.2126293892969673,8.977353755485804,755.5229968518339,18.660271600384895
5.008034736244535,21.441604299154843,812.8893235362619,11.008552427806398

2.4748547360508515,2.4670158129351494,208.01831762272053,5.564245019810365
4.764225963098973,19.117512468818003,14.540826264171136,655.1603228000428
1130.507730783957,1.231155017418481,1.7713967192386268,27.42598418568662
1.0823067150772732,2459.815603823567,29.16858697760037,21.6288301580484

Iteration: ,12500
Error:,0.02706435196010166
Absolute Error:,0.9797179303196915
Transition Probabilities
0.030943026589849567,0.9673677842209613,0.0008445945945945938,0.0008445945945945938
0.00029180040852057185,0.00029180040852057185,0.02426846508921015,0.9751479340937488
0.002163283431603667,0.009099959240453663,0.961982475466826,0.026754281861116665
0.0048364968426041445,0.02300028920158053,0.959051981578903,0.013111232376912247

0.014412200479959647,0.021128884881112673,0.9405227289816429,0.023936185657284746
0.0072529179737698835,0.02544989333475614,0.017667510340000386,0.9496296783514736
0.9754995137101506,0.0008586323530669043,0.0012458603257992171,0.022395993610983246
0.0003425916868416529,0.9784391905223505,0.012495354731027208,0.00872286305978058

Transition Gammas
36.636543482381924,1145.3634565176192,1.0,1.0
1.0,1.0,83.16802986072321,3341.831970139278
2.1341371016865365,8.977353755485804,949.021502255993,26.393816323208885
5.106251375943772,24.283125205027222,1012.5428920784879,13.842508440236841

3.875572792234056,5.681750783952115,252.915181410881,6.436659690671715
6.238296541794188,21.88967008222191,15.195976165004167,816.7845768929801
1400.4485739469826,1.232671505723146,1.7885845067894692,32.15218139406117
1.083566402921581,3094.657211112764,39.52094314940671,27.58911471553785

Iteration: ,15000
Error:,0.028277255411652522
Absolute Error:,0.9785559509910446
Transition Probabilities
0.02792028318222585,0.970673247056874,0.0007032348804500699,0.0007032348804500699
0.00024301336573511538,0.00024301336573511538,0.026090673892594445,0.9734232993759353
0.002645631226437441,0.010414934240821504,0.9556386250357274,0.03130080949701354
0.004972098056548093,0.027435638761335257,0.9544459523513821,0.013146310830734512

0.01180516364463643,0.023220569311773784,0.9375773543624623,0.027396912681127636
0.00844739268028762,0.026014727288837407,0.017231995752213774,0.9483058842786612
0.9768378801165757,0.000712602710091853,0.0010426796502167129,0.021406837523115698
0.00028639005473912434,0.9766156652131747,0.014047219420454397,0.009050725311631754

Transition Gammas
39.702642685125184,1380.2973573148756,1.0,1.0
1.0,1.0,107.36312306802617,4005.6368769319747
3.095613931273476,12.186360369127794,1118.178607570793,36.624613805140775
6.320000856646463,34.873258431805944,1213.1899185977243,16.710188489256144

3.875572792234056,7.623190101713082,307.8016870043867,8.99426154303518
8.679949470234874,26.73091294500597,17.706392736962815,974.4127530703261
1692.0419038672699,1.2343436621652109,1.8060905462284076,37.08012031030918
1.084577249881896,3698.505289694272,53.19770835409064,34.27566916339927

Iteration: ,17500
Error:,0.027698041590761925
Absolute Error:,0.9792800377569736
Transition Probabilities
0.02689434826878688,0.97190372865429,0.0006009615384615382,0.0006009615384615382
0.00020842017507294717,0.00020842017507294717,0.02596199409276184,0.9736211655570923
0.0023199888908182506,0.010340760082177729,0.9582335796836701,0.029105671343333916
0.004943804153188058,0.025558341490999722,0.9569110944082955,0.012586759947516785

0.010289602678539688,0.02023948497284914,0.9416887076241315,0.02778220472447982
0.008198707308288882,0.025747949153403137,0.016764089206229627,0.9492892543320784
0.9771659980468685,0.0006102804927833349,0.0016590148404097432,0.020564706619938367
0.00024543203254426233,0.976499376774693,0.01440421778633278,0.008850973406430011

Transition Gammas
44.752195519261385,1617.2478044807392,1.0,1.0
1.0,1.0,124.56564765707122,4671.434352342926
3.1463643036171423,14.024118185909861,1299.5544683753253,39.47305338827695
7.3081600629299475,37.78152304815714,1414.5502587151686,18.60633097911258

3.875572792234056,7.623190101713082,354.6864974323856,10.46415105638961
9.889751012287228,31.05865310580696,20.22180594613576,1145.0871473960983
1977.9830069617897,1.2353320179155531,3.358183941302575,41.62715477073088
1.0856246543329637,4319.370162801367,63.71447847747463,39.15069620398036

Iteration: ,20000
Error:,0.025239023576425067
Absolute Error:,0.9797702782174547
Transition Probabilities
0.024086069314795032,0.9748618528314438,0.0005260389268805889,0.0005260389268805889
0.00018165304268846506,0.00018165304268846506,0.024116376673641714,0.9755203172409813
0.0020633180022622626,0.010460484436830361,0.9595372082454885,0.027938989315418838
0.0049507983774266,0.025535529084040866,0.9564299397034643,0.013083732835068172

0.008803203191030418,0.017315760798947016,0.9485513463310501,0.02532968967897242
0.009081767226936896,0.02357634283019694,0.015944878696586253,0.95139701124628
0.9780862294297765,0.0005319818794360088,0.0014584215959994706,0.019923367094787807
0.00021506969600567656,0.9775026341016931,0.013836690505978785,0.008445605696322469

Transition Gammas
45.787617767425374,1853.2123822325752,1.0,1.0
1.0,1.0,132.76065358839762,5370.239346411601
3.1463643036171423,15.951246872513012,1463.2032564567862,42.60430944953344
8.438161042888757,43.5228604155979,1630.1431086864875,22.299967861309565

3.875572792234056,7.623190101713082,417.5956989863939,11.151288232853659
12.341307317888893,32.03813586372913,21.667660403954326,1292.8632284568596
2272.935105124263,1.2362512145427371,3.3891670732867127,46.29910852381762
1.0862990333002287,4937.283988373098,69.88796562172331,42.65804747921275

Iteration: ,22500
Error:,0.02628265304164328
Absolute Error:,0.9800089031232199
Transition Probabilities
0.024086067886759484,0.9749845640835009,0.00046468401486988845,0.00046468401486988845
0.00016186468112657822,0.00016186468112657822,0.024591906524176053,0.9750843641135708
0.002411891630169558,0.010462171925283623,0.9594773574113813,0.02764857903316553
0.004406373430301772,0.025042905386080568,0.957080051805054,0.013470669378563836

0.00792806375149293,0.015594375426836574,0.9523324225873305,0.024145138234340047
0.009674796499457003,0.027452494818209956,0.014990936466637182,0.9478817722156958
0.9780880846727769,0.00047181143564271574,0.001644909140110005,0.019795194751470253
0.0001919395778485445,0.9785542835877937,0.013385681849348668,0.00786809498500898

Transition Gammas
51.83321809230641,2098.166781907694,1.0,1.0
1.0,1.0,151.9287985063596,6024.071201493639
4.114892155675033,17.849354692460476,1636.9499367939452,47.170826232825334
8.508659412762318,48.35757931247275,1848.1112235193398,26.011716804555235

3.875572792234056,7.623190101713082,465.5403566156724,11.803164522752134
14.986393301830015,42.52429335182765,23.221167480306153,1468.2819471042455
2563.9085787200233,1.2367816420003446,4.311878164791226,51.890080695245146
1.0870501374155834,5542.043909683348,75.80983274443568,44.56096981416661

Iteration: ,25000
Error:,0.025224818855634053
Absolute Error:,0.9800536719480912
Transition Probabilities
0.023140623186273017,0.9760158508753043,0.0004217629692113035,0.0004217629692113035
0.00014513788098693753,0.00014513788098693753,0.023670357808329292,0.9760393664296968
0.002200746873978072,0.013047836632542078,0.9589120745649033,0.0258393419285765
0.004468382543206798,0.02441457444310577,0.9584930085552693,0.012624034458418134

0.007186049188467684,0.014134844571548387,0.9557879609350841,0.022891145304899628
0.009777055968873271,0.026944272743734066,0.01356563093886465,0.949713040348528
0.9785460474807559,0.00042815437595126457,0.0014980180287447447,0.019527780114548168
0.00017190972808389538,0.9791018608803639,0.013235901977497898,0.007490327414054222

Transition Gammas
54.86641757465329,2314.133582425345,1.0,1.0
1.0,1.0,163.0887652993889,6724.911234700615
4.172869533372527,24.74020097637968,1818.2077314061878,48.99436821702673
9.552924937326868,52.195754230206774,2049.155745987195,26.988838225329857

3.875572792234056,7.623190101713082,515.4745979876529,12.34562937157723
16.831449212251886,46.385247224833705,23.353576874937986,1634.9550269253216
2827.8760476693005,1.2373127535229136,4.329085292787261,56.43284931991883
1.0876953027453318,6194.9053544489425,83.74528055501473,47.3922798616456

Iteration: ,27500
Error:,0.02581446031783896
Absolute Error:,0.9801680534313697
Transition Probabilities
0.02327296275111111,0.9759628033933291,0.00038211692777990076,0.00038211692777990076
0.00013185654008438807,0.00013185654008438807,0.024032025933399224,0.975704260986432
0.002018649217164513,0.011968212026293197,0.9599430954978504,0.026070043258691833
0.004490840245859172,0.025411942368234186,0.956622668200709,0.013474549185197544

0.0065202794385903476,0.012825286052236129,0.957985190426749,0.02266924408242441
0.009543171942122196,0.028537288518294606,0.013334824044377434,0.9485847154952057
0.9780922660548261,0.0003878177345844335,0.0013719757664575314,0.0201479404441318
0.00015653321521757817,0.9787403298304197,0.013796096846871282,0.007307040107491435

Transition Gammas
60.90534351965775,2554.094656480341,1.0,1.0
1.0,1.0,182.25888467889988,7399.741115321107
4.172869533372527,24.74020097637968,1984.3553119154142,53.890932769738974
10.5912992924101,59.932100116813004,2256.1205552034144,31.778681814014185

3.875572792234056,7.623190101713082,569.4144513818178,13.47431600344893
18.015350632867378,53.8719475962885,25.173132397070468,1790.7134397522582
3121.843464494697,1.2378241829996102,4.379028163913998,64.30754886984813
1.0881585658715909,6803.8254512858075,95.90514664028439,50.79572583417541

Iteration: ,30000
Error:,0.026008972925706513
Absolute Error:,0.9798758788409478
Transition Probabilities
0.022691973651447407,0.9766092143289858,0.0003494060097833683,0.0003494060097833683
0.00012080212611741964,0.00012080212611741964,0.024574486200418154,0.9751839095473469
0.0018816442869122522,0.013574833108314128,0.9579631251892576,0.026580397415516044
0.004913710295563006,0.02444713319606306,0.9567788989840527,0.01386025752432136

0.006143520853160501,0.014292778513786639,0.9573546391375247,0.02220906149552816
0.009737653918212522,0.028134778290056842,0.013392572360046612,0.948734995431684
0.9787616091854124,0.00035411839592130193,0.0012605018002064003,0.019623770618459924
0.00014367758361725255,0.9774184354405321,0.014736441579122286,0.007701445396728384

Transition Gammas
64.94442859044247,2795.055571409557,1.0,1.0
1.0,1.0,203.42759676706152,8072.57240323294
4.216615951139445,30.42012680967607,2146.719559255775,59.564567282698796
12.628087629556099,62.828396816573296,2458.892985488158,35.620444848649726

4.038715824197382,9.395991669122829,629.3595192184306,14.600111279254255
19.91543362363741,57.54120183953256,27.39046675169055,1940.3512372320968
3422.803625931448,1.2383789047235194,4.408070455307645,68.62581510855681
1.08860503473706,7405.6272598505575,111.65391352819744,58.35170680462612

Iteration: ,32500
Error:,0.025801993295188425
Absolute Error:,0.9795801458797352
Transition Probabilities
0.02214750417074714,0.97720081775822,0.000325839035516455,0.000325839035516455
0.00011109876680368843,0.00011109876680368843,0.023729862499715267,0.9760479399666773
0.0021393540589117886,0.014515708890315854,0.9574147189941611,0.025930218056611384
0.004630408395049891,0.024497344456101137,0.9565641680068807,0.014308079141968268

0.005885251284251413,0.014336506318435404,0.9592159575965021,0.02056228480081112
0.011119265051159519,0.027523223743909503,0.013162641882243455,0.9481948693226875
0.9789563659892891,0.00033002020066283155,0.00138205556834683,0.01933155824170117
0.0001317055454391408,0.9777694330075511,0.014701439026404396,0.007397422420605314

Transition Gammas
67.97069030002295,2999.0293096999762,1.0,1.0
1.0,1.0,213.5924923599372,8785.407507640066
5.190602707543186,35.21870424117996,2322.925189475474,62.913130012848384
12.773441922921478,67.57836026090712,2638.777361116965,39.4702588531668

4.186173413659714,10.197542754987484,682.2893612705567,14.625932827641956
24.662902071699353,61.04743153170226,29.19518027972239,2103.127958493497
3674.7708903497746,1.2388178561948628,5.187910051817684,72.56610198342791
1.0891174965869677,8085.504627506518,121.57114884780783,61.171776488703976

Iteration: ,35000
Error:,0.025680467303442686
Absolute Error:,0.9796214455508281
Transition Probabilities
0.023389610794529885,0.9760028557911323,0.0003037667071688945,0.0003037667071688945
0.00010256410256410264,0.00010256410256410264,0.02356427634701386,0.976230595447858
0.0020138040529109618,0.014420085209622307,0.9578560437654521,0.025710066972014684
0.004666805993467349,0.02448849677603143,0.9571596601634402,0.013685037067061007

0.005567074767338917,0.01485082621367775,0.9578458506405881,0.02173624837839526
0.010522473022892291,0.028651435473341008,0.012882546887136264,0.9479435446166304
0.9788801761153694,0.0003086294356146231,0.0015131839151582525,0.019298010533857667
0.00012151886886470768,0.9780791758626868,0.01467874594527886,0.007120559323169751

Transition Gammas
76.99859873559232,3213.0014012644056,1.0,1.0
1.0,1.0,229.75169438338497,9518.248305616607
5.190602707543186,37.16793261185197,2468.884779042296,66.2679882102494
13.795320959937891,72.3892686614039,2829.413680436536,40.4536805157582

4.186173413659714,11.167109561974708,720.2541733156135,16.3446170344568
25.040184080556642,68.1814262544385,30.65641933968358,2255.8081929538016
3930.5300205061326,1.2392500037227938,6.075937535765909,77.48794141524365
1.0895316952296252,8769.40571042429,131.60885303672742,63.842555010890194

Iteration: ,37500
Error:,0.026062780815457813
Absolute Error:,0.9796229491406168
Transition Probabilities
0.023479693359168902,0.9759546957811026,0.00028280542986425364,0.00028280542986425364
9.57946163425614e-05,9.57946163425614e-05,0.022886189807200814,0.9769222209601139
0.001873476839688882,0.014410103109137068,0.9575058256756691,0.026210594375504995
0.004346131483545602,0.023359730573353707,0.9595713722614412,0.012722765681659504

0.005060878673557016,0.01691004826373703,0.9576747108045573,0.020354362258148576
0.01043637848155917,0.029920024796741784,0.012404693522817591,0.9472389031988815
0.9797336328966679,0.0002862530064927358,0.0014043332854713918,0.018575780811368046
0.00011403857207548321,0.978094246919009,0.014889063839768794,0.006902650669146551

Transition Gammas
83.02419571802118,3450.9758042819763,1.0,1.0
1.0,1.0,238.90893539736967,10198.091064602646
5.208249139218472,40.05995992279036,2661.8577751941293,72.86522187127656
13.828865798872812,74.32784314504856,3053.2402854545307,40.48230475039373

4.186173413659714,13.98737235793192,792.1534326146157,16.836382698179364
26.293876406684817,75.3818420327106,31.25293691945913,2386.515848608251
4243.466262851905,1.2398318633815506,6.082511326143627,80.45625518245919
1.089830083917305,9347.333238206544,142.2900111657381,65.96642014272565

Iteration: ,40000
Error:,0.02635560451414288
Absolute Error:,0.9795581178911925
Transition Probabilities
0.023394455680697722,0.9760741946912471,0.00026567481402763033,0.00026567481402763033
8.962179602079205e-05,8.962179602079205e-05,0.023127485099324403,0.9766932713086339
0.0019326724835909657,0.014608541487070642,0.9561977770983322,0.027261008931006126
0.004414595026695848,0.023719249280010655,0.9593128037297748,0.012553351963518578

0.004753929867136744,0.015884432068236507,0.9597234882156345,0.01963814984899221
0.011332927736734957,0.030687737745869074,0.012459720531764563,0.9455196139856314
0.9798421576579099,0.0002691142161669839,0.0013949259231583768,0.018493802202764757
0.00010658034821130689,0.9780080521346143,0.015082217904417048,0.006803149612757313

Transition Gammas
88.05673118214618,3673.943268817852,1.0,1.0
1.0,1.0,258.0564787382623,10897.943521261763
5.680551577811354,42.937732129198544,2810.4766004135968,80.12613032500265
14.913848038789023,80.13085622057599,3240.851151685088,42.40905053106894

4.186173413659714,13.98737235793192,845.1048002634508,17.29278788053102
30.49316103379284,82.5705546338536,33.52498784401605,2544.080622381171
4515.435681995609,1.2401670255924295,6.428278511944829,85.22553730668098
1.0902186705564043,10004.120424505634,154.277179881189,69.58994646660152

Iteration: ,42500
Error:,0.026848682159511247
Absolute Error:,0.9795162015212404
Transition Probabilities
0.023945501498296086,0.9755561182375624,0.00024919013207077016,0.00024919013207077016
8.423890152472393e-05,8.423890152472393e-05,0.023099196189488174,0.9767323260074624
0.0018470542569734966,0.01448951767615821,0.9559319210948432,0.02773150697202521
0.0044579863709889615,0.024149614910180292,0.9590628656208008,0.012329533098029869

0.004542513182105456,0.01517801988603621,0.9615048830535919,0.018774583878266343
0.012463126163182462,0.031317335905945765,0.012301400724040552,0.9439181372068312
0.980058300216818,0.0002537633389892827,0.0013237298868371467,0.018364206557355656
0.00010024916879296059,0.9783250747091466,0.015034247918380662,0.006540428203679679

Transition Gammas
96.09329751266213,3914.906702487335,1.0,1.0
1.0,1.0,274.2105579654147,11594.789442034611
5.7134433533650455,44.82003609139206,2956.9585518283884,85.78112613092954
16.027667996464668,86.82440407214091,3448.090666660826,44.32800968900372

4.186173413659714,13.98737235793192,886.0791410356101,17.301802049431732
35.75926135847445,89.85585037405157,35.295237952880285,2708.294446147561
4790.41953762045,1.240367901335183,6.470249281123285,89.7622660466138
1.0905791917900165,10642.890929975754,163.55285676093942,71.15126230184242

Iteration: ,45000
Error:,0.026330139964406862
Absolute Error:,0.9794460072006566
Transition Probabilities
0.022858718358830295,0.9766705826531726,0.00023534949399858814,0.00023534949399858814
7.956082425013913e-05,7.956082425013913e-05,0.023022323364002745,0.976818554987497
0.001755167882861826,0.013768700062456545,0.9572978236502548,0.027178308404426785
0.004736286928287466,0.0242553983076548,0.958885833533304,0.012122481230753674

0.005274036232608549,0.01603937661384747,0.9605994904134287,0.018087096740115247
0.01251418145293952,0.03111258337786716,0.011857318315274848,0.9445159168539186
0.9796972131560939,0.0002390520960193831,0.001256127753185913,0.01880760699470059
9.476733884560027e-05,0.9784944893740403,0.015071743255738332,0.006339000031375865

Transition Gammas
97.12669430666982,4149.873305693326,1.0,1.0
1.0,1.0,289.36758236215087,12277.632417637866
5.7134433533650455,44.82003609139206,3116.2072535234233,88.47115254626728
18.069617301557443,92.53784062331724,3658.2876650373596,46.249013183041036

5.193961901303432,15.795854897222945,946.0149562057736,17.812485017169355
37.997369587834356,94.46853027398274,36.002906625607906,2867.875978085677
5085.194840199394,1.2408185599512702,6.520029130790766,97.62235184669369
1.0908878077773023,11263.666590601691,173.4941717253682,72.96963206906506

Iteration: ,45686
Error:,0.02612960666482703
Absolute Error:,0.9795058535803187
Transition Probabilities
0.022996264900272095,0.9765398056170093,0.00023196474135931357,0.00023196474135931357
7.836990595611275e-05,7.836990595611275e-05,0.022759683841348154,0.9770835763467396
0.0017338498092856675,0.013601466965357644,0.9575132199675287,0.02715146325782804
0.00467651657731822,0.0241471633673305,0.958492415680224,0.012683904375127241

0.005189750227941054,0.015783046374062634,0.9612271871436628,0.017800016254333403
0.012669520367733224,0.031168765149240524,0.011784560659189397,0.9443771538238368
0.9798024613383053,0.00023561763395615998,0.0012391112959426567,0.018722809731795974
9.325507826311115e-05,0.9782748077198817,0.015106661439091156,0.006525275762763952

*,*,*,*,*,*,*,*,*,*,*
Model Num 2
Model States: 
"['diamond', 'x', 'diamond']","['diamond', 'x', 'square']","['square', 'y', 'diamond', 'x', 'diamond']","['square', 'y', 'diamond', 'x', 'square']"
Iteration: ,45686
Error:,0.025662279624211335
Transition Probabilities
0.022996264900272095,0.9765398056170093,0.00023196474135931357,0.00023196474135931357
7.836990595611275e-05,7.836990595611275e-05,0.022759683841348154,0.9770835763467396
0.0017338498092856675,0.013601466965357644,0.9575132199675287,0.02715146325782804
0.00467651657731822,0.0241471633673305,0.958492415680224,0.012683904375127241

0.005189750227941054,0.015783046374062634,0.9612271871436628,0.017800016254333403
0.012669520367733224,0.031168765149240524,0.011784560659189397,0.9443771538238368
0.9798024613383053,0.00023561763395615998,0.0012391112959426567,0.018722809731795974
9.325507826311115e-05,0.9782748077198817,0.015106661439091156,0.006525275762763952

Transition Gammas
99.13689798507292,4209.863102014923,1.0,1.0
1.0,1.0,290.4135658156028,12467.586434184414
5.7134433533650455,44.82003609139206,3155.231504530674,89.47046419694479
18.105706557304355,93.48869973874689,3710.920752398957,49.10728890191546

5.193961901303432,15.795854897222945,962.0072583920806,17.814461622803094
39.11800617129832,96.23568312538129,36.385632858388014,2915.8287179835456
5160.1879686467455,1.2408942903459277,6.525853377020496,98.60479160800685
1.090972513892917,11444.641365750149,176.7298115415751,76.337896394894

