0,1,2,3,4,5,6,7,8,9,10,11,12,13,14,15,16,17,18,19,20,21,22,23,24,25,26,27,28,29
github Code Version (SHA):,cd93f48c3be2409aefa56252372b16f046dc3cc1
Environment Observations,Environment Actions,alpha,epsilon,numActions,explore,patience,gainThresh,insertRandActions,useBudd,revisedSplitting,haveControl,confidence_factor
"['square', 'diamond']","['x', 'y']",0.99,0.99,75000,0.5,0,0.01,False,True,False,False,250

Model Num 0
Model States: 
['square'],['diamond']
Iteration: ,0
Error:,0.6762984903863648
Absolute Error:,1
Transition Probabilities
0.5,0.5
0.5,0.5

0.5,0.5
0.5,0.5

Transition Gammas
1.0,1.0
1.0,1.0

1.0,1.0
1.0,1.0

Iteration: ,2500
Error:,0.26181766200326734
Absolute Error:,1
Transition Probabilities
0.9786163522012579,0.021383647798742137
0.9851380042462845,0.014861995753715499

0.22435897435897437,0.7756410256410257
0.34347826086956523,0.6565217391304348

Transition Gammas
778.0,17.0
464.0,7.0

175.0,605.0
158.0,302.0

Iteration: ,2744
Error:,0.26213832371516377
Absolute Error:,1
Transition Probabilities
0.9805045871559633,0.0194954128440367
0.9847328244274809,0.015267175572519083

0.2154566744730679,0.7845433255269321
0.342,0.658


Model Num 1
Model States: 
['diamond'],"['square', 'y', 'diamond']","['square', 'y', 'square']"
Iteration: ,0
Error:,0.6178715429703471
Absolute Error:,1
Transition Probabilities
0.3333333333333333,0.3333333333333333,0.3333333333333333
0.3333333333333333,0.3333333333333333,0.3333333333333333
0.3333333333333333,0.3333333333333333,0.3333333333333333

0.3333333333333333,0.3333333333333333,0.3333333333333333
0.3333333333333333,0.3333333333333333,0.3333333333333333
0.3333333333333333,0.3333333333333333,0.3333333333333333

Transition Gammas
1.0,1.0,1.0
1.0,1.0,1.0
1.0,1.0,1.0

1.0,1.0,1.0
1.0,1.0,1.0
1.0,1.0,1.0

Iteration: ,2500
Error:,0.13022572588519585
Absolute Error:,1
Transition Probabilities
0.02490421455938697,0.9612130563079462,0.013882729132666815
0.020809097089401866,0.9409759129196263,0.03821498999097174
0.013158441395867101,0.976771402587411,0.010070156016721869

0.6736842105263158,0.013410279763253083,0.3129055097104311
0.9969604863221885,0.001519756838905775,0.001519756838905775
0.0021186440677966097,0.013892861893027972,0.9839884940391754

Transition Gammas
13.0,501.7532153927479,7.246784607252078
4.5635253539081155,206.3601038323081,8.380713251223394
1.9727645214852898,146.4413535505122,1.5097568107002552

320.0,6.369882887545215,148.63011711245477
656.0,1.0,1.0
1.0,6.557430813509204,464.4425691864909

Iteration: ,5000
Error:,0.12891474185842966
Absolute Error:,1
Transition Probabilities
0.02066929133858267,0.9623220082844463,0.017008700376971008
0.01878656381758317,0.9427438679317954,0.03846956825062142
0.006354210061520043,0.988775533307361,0.004870256631118868

0.665249734325186,0.007888750331706358,0.32686151534310776
0.9984603541185527,0.0007698229407236335,0.0007698229407236335
0.001034126163391934,0.020261156977762554,0.9787047168588455

Transition Gammas
21.0,977.7191604169976,17.28083958300255
8.532221428738785,428.16235634593806,17.471575843746137
1.9727645214852898,306.98092649377,1.51204782331376

626.0,7.423314062135684,307.5766859378644
1297.0,1.0,1.0
1.0,19.59253879749639,946.4074612025037

Iteration: ,7500
Error:,0.12472479981496294
Absolute Error:,1
Transition Probabilities
0.01786896095301124,0.9620645161413679,0.02006652290562076
0.013240275724583693,0.9564856162550712,0.030274108020345098
0.008090112822405224,0.9850893606018115,0.006820526575783184

0.6596194503171247,0.006655670992476798,0.3337248786903986
0.9989769820971867,0.0005115089514066496,0.0005115089514066496
0.0006788866259334688,0.022174021717895055,0.9771470916561714

Transition Gammas
27.0,1453.6794838896078,30.320516110392987
8.532221428738785,616.3728944208631,19.50906450592538
3.8618508466043178,470.2367278099328,3.2558082821822243

936.0,9.444397138324577,473.55560286167565
1953.0,1.0,1.0
1.0,32.66233399045943,1439.3376660095412

Iteration: ,10000
Error:,0.12990170464163078
Absolute Error:,1
Transition Probabilities
0.017587939698492438,0.9636355047050941,0.01877655559641344
0.016198371167012116,0.9567203239561759,0.02708130487681201
0.007488954237393345,0.9833309747908132,0.009180070971793478

0.6529968454258673,0.008658650704890945,0.3383445038692417
0.9992295839753467,0.0003852080123266564,0.0003852080123266564
0.0004977600796416126,0.022264732167396797,0.9772375077529616

Transition Gammas
35.0,1917.6346543631398,37.3653456368628
13.47112256817915,795.6415255953784,22.521744534704023
4.817443422360988,632.5504451418122,5.905293465281822

1242.0,16.46875364070258,643.5312463592978
2594.0,1.0,1.0
1.0,44.729846924300176,1963.2701530757004

Iteration: ,11567
Error:,0.12655207092778573
Absolute Error:,1
Transition Probabilities
0.015803336259877072,0.9655895171497885,0.018607146590334463
0.01755343074797142,0.9573314592813442,0.02511510997068426
0.008942775187419538,0.9806919157182062,0.010365309094374336

0.6540710751237065,0.008766803789824747,0.33716212108646865
0.9993304318714429,0.00033478406427854036,0.00033478406427854036
0.0004239084357778718,0.021099422112823004,0.9784766694513991


Model Num 2
Model States: 
"['square', 'y', 'diamond']","['square', 'y', 'square']","['diamond', 'y', 'diamond']","['diamond', 'y', 'square', 'y', 'square']"
Iteration: ,0
Error:,0.6758811587766805
Absolute Error:,0.74
Transition Probabilities
0.25,0.25,0.25,0.25
0.25,0.25,0.25,0.25
0.25,0.25,0.25,0.25
0.25,0.25,0.25,0.25

0.25,0.25,0.25,0.25
0.25,0.25,0.25,0.25
0.25,0.25,0.25,0.25
0.25,0.25,0.25,0.25

Transition Gammas
1.0,1.0,1.0,1.0
1.0,1.0,1.0,1.0
1.0,1.0,1.0,1.0
1.0,1.0,1.0,1.0

1.0,1.0,1.0,1.0
1.0,1.0,1.0,1.0
1.0,1.0,1.0,1.0
1.0,1.0,1.0,1.0

Iteration: ,2500
Error:,0.029997839751308777
Absolute Error:,0.39340546882238564
Transition Probabilities
0.9557638114074217,0.019867821840355473,0.018155793196324856,0.006212573555897817
0.965147151556751,0.0075844590712752106,0.0193897921701823,0.007878597201791519
0.9388813737308164,0.03427089950892138,0.01771652702350663,0.00913119973675561
0.9456020226020005,0.01756600163391888,0.01841598788204019,0.01841598788204019

0.0021978021978021974,0.0021978021978021974,0.9638478639504281,0.03175653165396747
0.018196422398448993,0.9793822700954977,0.0012106537530266353,0.0012106537530266353
0.0028901734104046254,0.0028901734104046254,0.02982539214810291,0.9643942610310878
0.01887232126182286,0.9737202713307698,0.0037037037037037043,0.0037037037037037043

Transition Gammas
153.843460010237,3.1980018685644764,2.9224270800124232,1.0
241.43943450513024,1.897314317554941,4.850514710829093,1.9708953707484422
102.82125030641468,3.753165027260494,1.9402189782567894,1.0
76.60420400366182,1.4230400745026197,1.4918983451017271,1.4918983451017271

1.0,1.0,438.55077809744483,14.449221902555198
15.030244901118857,808.9697550988806,1.0,1.0
1.0,1.0,10.319585683243604,333.6804143167563
5.095526740692171,262.9044732593078,1.0,1.0

Iteration: ,5000
Error:,0.030602940681745485
Absolute Error:,0.3936838411916336
Transition Probabilities
0.9464575473786064,0.024307717100660438,0.022331669607859532,0.006903065912873506
0.9638360525109961,0.01893361028389733,0.01336333429746969,0.003867002907636858
0.9268848035160537,0.03651388503046008,0.019947585127486837,0.016653726325999395
0.9724981169682677,0.008896995035804038,0.009302443997964102,0.009302443997964102

0.0011098779134295226,0.0011098779134295226,0.9638413007533055,0.033938943419835416
0.021510863201226634,0.9772643970559687,0.0006123698714023272,0.0006123698714023272
0.0014513788098693772,0.0014513788098693772,0.029628782513693497,0.9674684598665677
0.01316671805997675,0.9831295782363196,0.001851851851851852,0.001851851851851852

Transition Gammas
318.15085475717933,8.171017278260685,7.506770687785875,2.3204594085690284
491.2383205874651,9.649893147582972,6.81089058728999,1.9708953707484422
196.864137441794,7.7553051402960635,4.23673376159893,3.537140166634293
155.96636019921604,1.4268736445174295,1.4918983451017271,1.4918983451017271

1.0,1.0,868.4210119787285,30.57898802127172
35.12723960760308,1595.8727603923962,1.0,1.0
1.0,1.0,20.414231151934803,666.5857688480646
7.110027752387445,530.8899722476126,1.0,1.0

Iteration: ,7500
Error:,0.026414999697685262
Absolute Error:,0.39004930446528957
Transition Probabilities
0.9540783421194411,0.0203437495060333,0.020638846740837474,0.004939061633688174
0.9592824095408283,0.019030757364321242,0.01755886132905464,0.004127971765795775
0.9473814865258694,0.02636435063097308,0.014435813322556569,0.011818349520600851
0.9798192780563013,0.006531816745837034,0.0068244525989308155,0.0068244525989308155

0.0007401924500370096,0.0007401924500370096,0.9639264799617441,0.034593135138181776
0.020746760028020342,0.9784431954195294,0.0004050222762251921,0.0004050222762251921
0.0009852216748768476,0.0009852216748768476,0.029036717207616736,0.9689928394426295
0.016121103613495096,0.9814218939295025,0.0012285012285012285,0.0012285012285012285

Transition Gammas
476.4350302433126,10.15899269827042,10.306354454409147,2.4664033077120413
733.3223155724411,14.548040200363298,13.42285099838444,3.1556231864607933
315.86507942972645,8.790099684872906,4.8130234616290695,3.940338673644667
214.19897614352,1.4279250170407418,1.4918983451017271,1.4918983451017271

1.0,1.0,1302.2646744283163,46.73532557168358
51.22375050918227,2415.7762494908197,1.0,1.0
1.0,1.0,29.472267965730975,983.5277320342685
13.122578341385008,798.877421658615,1.0,1.0

Iteration: ,10000
Error:,0.022272355599734405
Absolute Error:,0.38781013506024464
Transition Probabilities
0.9586288090376676,0.018024987327007105,0.019529761461342436,0.003816442173983043
0.9618867954099733,0.017124708346546707,0.01787403024827798,0.003114465995202
0.9537180184614313,0.02440947950859333,0.012962325329409278,0.00891017670056604
0.9814567308584287,0.008097471747093646,0.005222898697238906,0.005222898697238906

0.000558035714285714,0.000558035714285714,0.9682687423598277,0.030615186211600868
0.018568280575060145,0.9808260259058605,0.00030284675953967254,0.00030284675953967254
0.0007412898443291327,0.0007412898443291327,0.024854387260639002,0.9736630330507028
0.013977526716749237,0.9841757512149221,0.0009233610341643582,0.0009233610341643582

Transition Gammas
645.2251044746114,12.132093487673098,13.1449130888406,2.568735966637076
984.2940395158844,17.52363005125735,18.290407477740725,3.1870177758762592
421.761780735123,10.794580101328085,5.732316373994076,3.940338673644667
280.34885557529776,2.3130076609342307,1.4918983451017271,1.4918983451017271

1.0,1.0,1735.137586308812,54.86241369118878
61.31246245884867,3238.6875375411555,1.0,1.0
1.0,1.0,33.52856841460201,1313.471431585398
15.137661434239423,1065.8623385657606,1.0,1.0

Iteration: ,12500
Error:,0.0212641742814398
Absolute Error:,0.38662126751749176
Transition Probabilities
0.9628991219816497,0.016466832521639663,0.017593485881771797,0.0030405596149388984
0.9609242013166849,0.017609627128074082,0.017394587811088935,0.004071583744152035
0.9627247264039528,0.019680432873417544,0.010427250126816957,0.007167590595812704
0.9798722329483998,0.009100827122194044,0.005525720738782081,0.005501219190624004

0.0004458314757021843,0.0004458314757021843,0.9661241717135691,0.032984165335026454
0.01978320656482235,0.9797306485640062,0.00024307243558580434,0.00024307243558580434
0.0005938242280285037,0.0005938242280285037,0.025282629579647165,0.9735297219642958
0.016324201642115302,0.9822019590063741,0.0007369196757553426,0.0007369196757553426

Transition Gammas
824.9539557528201,14.107790024243794,15.073038745512148,2.6049682929235423
1224.7410245905344,22.444260163229007,22.17018290193122,5.18941623042286
529.2519739812722,10.819196455012117,5.732316373994076,3.940338673644667
349.59655281934107,3.2469720875245436,1.9714538867051308,1.9627122809255417

1.0,1.0,2167.016517153537,73.98348284646438
81.38811180767922,4030.611888192325,1.0,1.0
1.0,1.0,42.575948212125816,1639.4240517878736
22.151941628350468,1332.8480583716498,1.0,1.0

Iteration: ,15000
Error:,0.020843724700054172
Absolute Error:,0.3861512351118564
Transition Probabilities
0.9631110237224972,0.016694607962916292,0.01762286984812063,0.002571498466465813
0.95859910084921,0.020391584240843436,0.01760095676996694,0.003408358139979631
0.9672864513560113,0.016499317104724392,0.008730923061904894,0.007483308477359455
0.9825754863816282,0.007880720354999655,0.004782499650826018,0.00476129361254611

0.00037243947858472975,0.00037243947858472975,0.9619644757082932,0.037290645334537194
0.02084929067619066,0.9787477272565114,0.00020149103364900224,0.00020149103364900224
0.0004982561036372698,0.0004982561036372698,0.025720071738397646,0.9732834160543279
0.017779287455335652,0.981001943501398,0.0006093845216331502,0.0006093845216331502

Transition Gammas
984.1535774989783,17.059360496304546,18.00790353306561,2.6276819109846006
1471.6225143824793,31.304759670823646,27.020643180668404,5.23244448219216
635.0751145252833,10.832681141333646,5.732316373994076,4.9131908977167384
405.0397079012175,3.2486101219509544,1.9714538867051308,1.9627122809255417

1.0,1.0,2582.874617276769,100.12538272323243
103.47502962593443,4857.524970374075,1.0,1.0
1.0,1.0,51.62018397896405,1953.3798160210351
29.17581071420582,1609.8241892857948,1.0,1.0

Iteration: ,17500
Error:,0.02088978523631671
Absolute Error:,0.3856492476198348
Transition Probabilities
0.9614418532582334,0.01820636413513895,0.018160269486476005,0.002191513120151815
0.9601459396134238,0.01858269382843325,0.01776602489371579,0.0035053416644271165
0.9716928450364852,0.014284772747025408,0.007550671765129284,0.00647171045136008
0.9828360273141314,0.006848531362685395,0.004154543915175096,0.006160897408008146

0.0003204101249599486,0.0003204101249599486,0.9621019937080657,0.037257186042014376
0.0206151890727607,0.9790399833410324,0.00017241379310344818,0.00017241379310344818
0.00042789901583226375,0.00042789901583226375,0.02553110395517594,0.9736130980131595
0.018360085938175993,0.9805966172438793,0.0005216484089723525,0.0005216484089723525

Transition Gammas
1160.2166481826243,21.97046727358326,21.91484271491688,2.6446009169395497
1720.3798045940553,33.29628326112872,31.832984105905574,6.280835817636791
737.6894373583144,10.844708823752722,5.732316373994076,4.9131908977167384
466.3847453783894,3.249830558745959,1.9714538867051308,2.9235279223417057

1.0,1.0,3002.720322362874,116.27967763712691
119.5680966220121,5678.43190337799,1.0,1.0
1.0,1.0,59.66618994324615,2275.333810056753
35.19628474348339,1879.803715256517,1.0,1.0

Iteration: ,20000
Error:,0.021462801380832185
Absolute Error:,0.3865284346994746
Transition Probabilities
0.9607438221453953,0.018700089304835722,0.01864768248014433,0.001908406069624608
0.9604145461451447,0.018145683680068345,0.018349843334627195,0.003089926840159835
0.969257962039773,0.013776291283508437,0.010960333263224714,0.006005413413493835
0.9813825693683325,0.00776420870225623,0.003646216290220597,0.007207005639190595

0.00028089887640449435,0.00028089887640449435,0.9622364593434011,0.037201742903789935
0.021271050406230674,0.9784265149952512,0.00015121729925903526,0.00015121729925903526
0.00037257824143070056,0.00037257824143070056,0.027465527329591104,0.9717893161875475
0.017842199576507924,0.9812478823161218,0.0004549590536851684,0.0004549590536851684

Transition Gammas
1331.364447761112,25.913915339908712,25.8412918354886,2.6446009169395497
1971.034578713412,37.239929498532575,37.6589212144836,6.3413790139839135
832.279368701043,11.82938233321378,9.411384385094573,5.1567094419868456
530.6186815946713,4.197989972319163,1.9714538867051308,3.8967187209918617

1.0,1.0,3425.5617952625084,132.43820473749219
140.66545633640342,6470.3345436635955,1.0,1.0
1.0,1.0,73.7174753526225,2608.2825246473767
39.21715466916441,2156.7828453308352,1.0,1.0

Iteration: ,22500
Error:,0.022340001080240243
Absolute Error:,0.38707704450811714
Transition Probabilities
0.962425764644545,0.017959475763707877,0.017911907452194935,0.0017028521395521833
0.96116326375377,0.017754095385091255,0.01790292902928416,0.003179711831854543
0.9679481762268841,0.01411589937240589,0.012451872966770337,0.005484051433939748
0.9776196377492941,0.008330517893024924,0.006168812198068267,0.007881032159612797

0.0002478314745972738,0.0002478314745972738,0.9609357486639194,0.03856858838688606
0.021186441104097578,0.9785415240754455,0.00013601741022850925,0.00013601741022850925
0.0003291639236339698,0.0003291639236339698,0.02889527982622086,0.9704463923265112
0.018213359140476365,0.9809814878804577,0.0004025764895330115,0.0004025764895330115

Transition Gammas
1494.6876481798104,27.89182041662519,27.817944830294202,2.6446009169395497
2229.513607736259,41.182386746159295,41.52762115901141,7.375657253184199
945.2364004422052,13.784686246105185,12.159704280608874,5.355374558856622
604.483294865405,5.150938779732542,3.8143095524135506,4.873012061982183

1.0,1.0,3877.3757458589157,155.6242541410853
155.7627149973254,7194.237285002675,1.0,1.0
1.0,1.0,87.78386011205895,2948.2161398879402
45.24198410494326,2436.7580158950555,1.0,1.0

Iteration: ,25000
Error:,0.022152460375809913
Absolute Error:,0.3871422909446709
Transition Probabilities
0.9624309829767053,0.01746165137514719,0.018552355256395633,0.0015550103917519587
0.9630364931131113,0.017552516588642,0.016156772940947643,0.0032542173572991506
0.9641312430291757,0.016229692531977594,0.014471136733246277,0.005167927705600333
0.9797184256895932,0.007550681858784222,0.0055897049567620516,0.007141187494860625

0.00022321428571428557,0.00022321428571428557,0.961649754041249,0.0379038173873225
0.020818616130692247,0.9789376894620945,0.00012184720360667728,0.00012184720360667728
0.00029691211401425196,0.00029691211401425196,0.029348233946358684,0.9700579418256128
0.0189899030866988,0.9802833527272548,0.0003633720930232561,0.0003633720930232561

Transition Gammas
1646.2537243369873,29.868436405175363,31.734102991573607,2.659870363781026
2475.284810554409,45.115089624923286,41.52762115901141,8.364288219988566
1052.244856880352,17.71295206850391,15.793678828339704,5.640233514124249
668.541430842905,5.152443315698671,3.8143095524135506,4.873012061982183

1.0,1.0,4308.190898104798,169.8091018952049
170.8583825845912,8034.141617415406,1.0,1.0
1.0,1.0,98.84485193133598,3267.1551480686617
52.26021329459506,2697.7397867054033,1.0,1.0

Iteration: ,27500
Error:,0.02187259718443404
Absolute Error:,0.3868465713151739
Transition Probabilities
0.9629958431108133,0.01650406322336099,0.019074490217535375,0.0014256034482903722
0.9642756855783237,0.01737121137127547,0.015378517478951767,0.0029745855714489364
0.9652076830495597,0.016270839324814546,0.013765935660443464,0.004755541965182126
0.9799540505431934,0.006995855341673026,0.006434937475874806,0.0066151566392588556

0.00020300446609825413,0.00020300446609825413,0.9602099958543145,0.03938399521348896
0.020832487106372848,0.9789470057271442,0.00011025358324145522,0.00011025358324145522
0.00027144408251900126,0.00027144408251900126,0.02956014312108339,0.9698969687138785
0.01859904816302607,0.9807400133042575,0.0003304692663582288,0.0003304692663582288

Transition Gammas
1800.7203471279772,30.861194956552737,35.66767488305456,2.665757235233339
2723.085814181229,49.05578349400542,43.42847529641476,8.400141052838809
1168.0559112882609,19.690321978089017,16.65898728840645,5.754967559168467
721.8767701047657,5.1534512820961105,4.7402547888196835,4.873012061982183

1.0,1.0,4729.994439578354,194.00556042164666
188.95065805480195,8879.049341945209,1.0,1.0
1.0,1.0,108.89956725807113,3573.100432741926
56.280719741316865,2967.7192802586824,1.0,1.0

Iteration: ,30000
Error:,0.020879880627420237
Absolute Error:,0.3862485674295197
Transition Probabilities
0.9639363025137432,0.015499059806628565,0.01926574910628117,0.0012988885733472171
0.9659418999393569,0.01626355158866986,0.014732289213550513,0.0030622592584228603
0.9650248014893061,0.01720665301135702,0.013397670989858442,0.004370874509478312
0.9817335502502447,0.006375716984924031,0.0058632620737418895,0.006027470691089417

0.00018601190476190464,0.00018601190476190464,0.9607165927978468,0.0389113833926294
0.020558607308685452,0.979238881553202,0.00010125556905629797,0.00010125556905629797
0.00024863252113376466,0.00024863252113376466,0.0288336873913408,0.9706690475663917
0.018583056936495073,0.9808106987470454,0.00030312215822976665,0.00030312215822976665

Transition Gammas
1981.883685635441,31.86655974397976,39.610992703265104,2.670556204037601
2972.9188502404227,50.05499719273974,45.342168419143704,9.42484043218348
1270.6121885496111,22.655358708536127,17.64021404591881,5.754967559168467
793.6993271646029,5.154557751271955,4.7402547888196835,4.873012061982183

1.0,1.0,5164.812402881228,209.1875971187758
203.0368057805778,9670.963194219436,1.0,1.0
1.0,1.0,115.96909068797254,3904.0309093120222
61.30550483349723,3235.694495166502,1.0,1.0

Iteration: ,32500
Error:,0.021875509176137512
Absolute Error:,0.3863380511900912
Transition Probabilities
0.9640985042435313,0.015613117577766778,0.01908703580483707,0.0012013423738648692
0.9665715503007745,0.01586653894969896,0.01443131141751889,0.003130599332007676
0.9639299770703232,0.01780055179440878,0.013462477214131366,0.004806993921136686
0.9808565594856896,0.0069902877728231705,0.0059967364797629315,0.006156416261724343

0.00017137960582690653,0.00017137960582690653,0.9615450419575637,0.03811219883078232
0.020259258839388825,0.9795532645951819,9.373828271466062e-05,9.373828271466062e-05
0.0002296211251435134,0.0002296211251435134,0.02824897253136346,0.9712917852183496
0.018822701905772357,0.9806181703335344,0.0002795638803466593,0.0002795638803466593

Transition Gammas
2150.209759356237,34.82162625698918,42.569437131266014,2.6793300531456175
3229.632570292774,53.01531061391267,48.21974469614145,10.46035915710801
1387.6586911881004,25.625399140017844,19.380374047386084,6.920074125536866
852.9645819176069,6.078837756619872,5.214833682728384,5.353693128734258

1.0,1.0,5610.6153198223865,222.3846801776149
216.12577329860008,10449.874226701406,1.0,1.0
1.0,1.0,123.02427537408776,4229.975724625909
67.3288047169477,3507.671195283051,1.0,1.0

Iteration: ,35000
Error:,0.021238867187392797
Absolute Error:,0.3863799101415977
Transition Probabilities
0.9643922244304959,0.015653436433548523,0.018448318941552508,0.0015060201944031642
0.9664191372655925,0.015597846275056322,0.015045850262825724,0.002937166196525462
0.9641830798408565,0.017081000183251482,0.013622199644820317,0.0051137203310716375
0.9800963592369163,0.00652550537744566,0.007117264952574657,0.006260870433063411

0.0001592610288262461,0.0001592610288262461,0.9612073249065732,0.038474153035774256
0.020351759550225446,0.9794744483051795,8.689607229753209e-05,8.689607229753209e-05
0.0002139037433155081,0.0002139037433155081,0.028252405213299952,0.971319787300069
0.019077168417024122,0.9804026755361619,0.0002600780234070222,0.0002600780234070222

Transition Gammas
2328.469546881647,37.79432176684068,44.54240480000962,3.63619912191575
3467.7316834610842,55.968620276714795,53.98793302938625,10.539220392614277
1502.9553152520232,26.62562800778032,21.234097330339157,7.971196874316668
913.204790690125,6.08013968850696,6.631511677446186,5.833566076926521

1.0,1.0,6035.420793088378,241.57920691162673
234.2080489039946,11271.791951096015,1.0,1.0
1.0,1.0,132.07999437217723,4540.9200056278205
73.35171256345771,3769.6482874365406,1.0,1.0

Iteration: ,37410
Error:,0.02151034466691267
Absolute Error:,0.3867142573086296
Transition Probabilities
0.9647169157700526,0.015052266881961112,0.01881490891663326,0.0014159084313530553
0.9652866788877706,0.016886002555770642,0.01507275805849817,0.0027545604979604893
0.9622009340829561,0.01724900955762594,0.0150992479968098,0.005450808362608118
0.9805416500559095,0.007001850955503438,0.006626947711893236,0.005829551276693794

0.0001492314579913445,0.0001492314579913445,0.9609401478075124,0.03876138927650495
0.020237942175320423,0.9795996938045464,8.118201006656917e-05,8.118201006656917e-05
0.00020012007204322607,0.00020012007204322607,0.028245291858221375,0.9713544679976921
0.018844707981983636,0.9806681999576169,0.0002435460301997078,0.0002435460301997078

*,*,*,*,*,*,*,*,*,*,*
Model Num 2
Model States: 
"['square', 'y', 'diamond']","['square', 'y', 'square']","['diamond', 'y', 'diamond']","['diamond', 'y', 'square', 'y', 'square']"
Iteration: ,37410
Error:,0.021314759899640417
Transition Probabilities
0.9647169157700526,0.015052266881961112,0.01881490891663326,0.0014159084313530553
0.9652866788877706,0.016886002555770642,0.01507275805849817,0.0027545604979604893
0.9622009340829561,0.01724900955762594,0.0150992479968098,0.005450808362608118
0.9805416500559095,0.007001850955503438,0.006626947711893236,0.005829551276693794

0.0001492314579913445,0.0001492314579913445,0.9609401478075124,0.03876138927650495
0.020237942175320423,0.9795996938045464,8.118201006656917e-05,8.118201006656917e-05
0.00020012007204322607,0.00020012007204322607,0.028245291858221375,0.9713544679976921
0.018844707981983636,0.9806681999576169,0.0002435460301997078,0.0002435460301997078

Transition Gammas
2485.990267211016,38.788362012030184,48.48435813720188,3.648670943844748
3704.8364906207044,64.80963616054117,57.85027939447386,10.572192149408984
1595.6824881551581,28.60519202816705,25.04009792485196,9.03944191115656
981.2169471170371,7.006673116165797,6.631511677446186,5.833566076926521

1.0,1.0,6439.259930458144,259.74006954185984
249.29097171559718,12066.709028284413,1.0,1.0
1.0,1.0,141.1417234155321,4853.858276584464
77.3763709740248,4026.623629025974,1.0,1.0

