0,1,2,3,4,5,6,7,8,9,10,11,12,13,14,15,16,17,18,19,20,21,22,23,24,25,26,27,28,29
github Code Version (SHA):,cd93f48c3be2409aefa56252372b16f046dc3cc1
Environment Observations,Environment Actions,alpha,epsilon,numActions,explore,patience,gainThresh,insertRandActions,useBudd,revisedSplitting,haveControl,confidence_factor
"['square', 'diamond']","['x', 'y']",0.99,0.99,75000,0.5,0,0.01,False,True,False,False,250

Model Num 0
Model States: 
['square'],['diamond']
Iteration: ,0
Error:,0.6758309887591174
Absolute Error:,1
Transition Probabilities
0.5,0.5
0.5,0.5

0.5,0.5
0.5,0.5

Transition Gammas
1.0,1.0
1.0,1.0

1.0,1.0
1.0,1.0

Iteration: ,2500
Error:,0.254499319748084
Absolute Error:,1
Transition Probabilities
0.9811320754716981,0.018867924528301886
0.9815195071868583,0.018480492813141684

0.19160104986876642,0.8083989501312336
0.33116883116883117,0.6688311688311688

Transition Gammas
780.0,15.0
478.0,9.0

146.0,616.0
153.0,309.0

Iteration: ,2690
Error:,0.25114421705404977
Absolute Error:,1
Transition Probabilities
0.980209545983702,0.01979045401629802
0.980806142034549,0.019193857965451054

0.18872549019607843,0.8112745098039216
0.334,0.666


Model Num 1
Model States: 
['diamond'],"['square', 'y', 'diamond']","['square', 'y', 'square']"
Iteration: ,0
Error:,0.6168636856435228
Absolute Error:,1
Transition Probabilities
0.3333333333333333,0.3333333333333333,0.3333333333333333
0.3333333333333333,0.3333333333333333,0.3333333333333333
0.3333333333333333,0.3333333333333333,0.3333333333333333

0.3333333333333333,0.3333333333333333,0.3333333333333333
0.3333333333333333,0.3333333333333333,0.3333333333333333
0.3333333333333333,0.3333333333333333,0.3333333333333333

Transition Gammas
1.0,1.0,1.0
1.0,1.0,1.0
1.0,1.0,1.0

1.0,1.0,1.0
1.0,1.0,1.0
1.0,1.0,1.0

Iteration: ,2500
Error:,0.1255520792700474
Absolute Error:,1
Transition Probabilities
0.008113590263691685,0.971857052558811,0.02002935717749728
0.015480355281841704,0.9726425778766211,0.011877066841537113
0.020351015442657685,0.9585914833060836,0.02105750125125881

0.6864406779661016,0.005995680535340106,0.3075636414985582
0.9968354430379747,0.0015822784810126582,0.0015822784810126582
0.001968503937007875,0.021794570625302528,0.9762369254376896

Transition Gammas
4.0,479.1255269114938,9.874473088506157
3.8591121102418633,242.4709693596886,2.9608449966320767
2.9431013530022256,138.62855637075344,3.045271160942743

324.0,2.82996121268053,145.17003878731947
630.0,1.0,1.0
1.0,11.071641877653681,495.92835812234614

Iteration: ,5000
Error:,0.12826807074667987
Absolute Error:,1
Transition Probabilities
0.013065326633165831,0.9719482083950632,0.01498646497177087
0.02694774813647394,0.9584431360026183,0.01460911586090777
0.019125185372887866,0.9645396431422523,0.016335171484859693

0.6659707724425887,0.007154413139603206,0.326874814417808
0.9984423676012462,0.000778816199376947,0.000778816199376947
0.0010245901639344265,0.024724517369984517,0.9742508924660811

Transition Gammas
13.0,967.0884673530878,14.911532646912015
12.712312296117108,452.1353102021898,6.8916943357745755
5.869754334056534,296.02906535638385,5.013464797927534

638.0,6.853927787739871,313.1460722122601
1282.0,1.0,1.0
1.0,24.13112895310488,950.8688710468948

Iteration: ,7500
Error:,0.1244278311702796
Absolute Error:,1
Transition Probabilities
0.014502307185234023,0.973677675075965,0.011820017738800932
0.023341511813038396,0.9619816291909886,0.014676858995973102
0.017157038882864805,0.9696343287556525,0.013208632361482677

0.6701244813278008,0.006823604588105748,0.3230519140840934
0.9989743589743589,0.0005128205128205128,0.0005128205128205128
0.0006915629322268331,0.023651274093785393,0.9756571629739877

Transition Gammas
22.0,1477.069033090238,17.930966909761004
15.68329073698834,646.3607711055149,9.861462641466577
7.797557989097878,440.6809332491139,6.003079989414721

969.0,9.866932234400911,467.13306776559904
1948.0,1.0,1.0
1.0,34.19974233961366,1410.8002576603853

Iteration: ,10000
Error:,0.11874877336095167
Absolute Error:,1
Transition Probabilities
0.013923421183490796,0.9736670524003688,0.012409526416140414
0.02289938578587497,0.9639505680784667,0.013150046135658415
0.018855901544002407,0.9682810023228838,0.012863096133113958

0.6671802773497689,0.005589424766914996,0.32723029788331615
0.9992304732589458,0.00038476337052712584,0.00038476337052712584
0.0005260389268805896,0.024343389232309127,0.9751305718408102

Transition Gammas
28.0,1958.0444423771423,24.955557622858382
20.627270382068463,868.3057785317486,11.845276537688427
11.683458890148515,599.9644863626027,7.970207869433181

1299.0,10.882610021183497,637.1173899788165
2597.0,1.0,1.0
1.0,46.27678293061962,1853.723217069379

Iteration: ,11989
Error:,0.12302271478413113
Absolute Error:,1
Transition Probabilities
0.015461763476807357,0.9724310492408181,0.012107187282374445
0.026564735221083668,0.9596459816619783,0.013789283116937933
0.02069800236249684,0.9660801050084797,0.013221892629023553

0.664818763326226,0.0050701401315189016,0.3301110965422552
0.9993544222078761,0.00032278889606197545,0.00032278889606197545
0.00043459365493263806,0.025357841324413082,0.9742075650206543


Model Num 2
Model States: 
"['square', 'y', 'diamond']","['square', 'y', 'square']","['diamond', 'y', 'diamond']","['diamond', 'y', 'square', 'y', 'square']"
Iteration: ,0
Error:,0.6755543679396936
Absolute Error:,0.74
Transition Probabilities
0.25,0.25,0.25,0.25
0.25,0.25,0.25,0.25
0.25,0.25,0.25,0.25
0.25,0.25,0.25,0.25

0.25,0.25,0.25,0.25
0.25,0.25,0.25,0.25
0.25,0.25,0.25,0.25
0.25,0.25,0.25,0.25

Transition Gammas
1.0,1.0,1.0,1.0
1.0,1.0,1.0,1.0
1.0,1.0,1.0,1.0
1.0,1.0,1.0,1.0

1.0,1.0,1.0,1.0
1.0,1.0,1.0,1.0
1.0,1.0,1.0,1.0
1.0,1.0,1.0,1.0

Iteration: ,2500
Error:,0.03355800355235912
Absolute Error:,0.3907484518704041
Transition Probabilities
0.957151091479932,0.0128057788434498,0.015014989551539088,0.015028140125078953
0.9719949382897003,0.012361063354697475,0.005902044957401015,0.009741953398201235
0.9315794990522542,0.035693689401384364,0.02033459342577977,0.012392218120581618
0.955435500544733,0.015372354806390487,0.014596072324438308,0.014596072324438308

0.0021367521367521365,0.0021367521367521365,0.936974942348873,0.058751553377622744
0.021778939688050572,0.9757458127871969,0.001237623762376238,0.001237623762376238
0.003058103975535167,0.003058103975535167,0.019135491366204033,0.9747483006827256
0.03810299751750712,0.9547541453396357,0.003571428571428571,0.003571428571428571

Transition Gammas
157.42328333760926,2.1061750534225103,2.4695254234401496,2.4716883071090354
241.22156433447856,3.067665192273891,1.4647200940179832,2.417676415602166
108.54057721181195,4.15875795290347,2.3692325883588925,1.4438472606052455
65.45839725287196,1.053184340601851,1.0,1.0

1.0,1.0,438.5042730192726,27.495726980727447
17.597383267944856,788.4026167320549,1.0,1.0
1.0,1.0,6.257305676748722,318.7426943232514
10.668839304901995,267.33116069509805,1.0,1.0

Iteration: ,5000
Error:,0.022125642881654507
Absolute Error:,0.38500133787022256
Transition Probabilities
0.9759168287690422,0.009261563036929057,0.007407560216456148,0.007414047977572671
0.9669081432196744,0.0197279853662954,0.006677344912619993,0.006686526501410058
0.9565397704884084,0.018359522868210142,0.01762146705022114,0.007479239593160201
0.9729441875712145,0.0071568809491279394,0.013116524035919872,0.006782407443737675

0.0010604453870625664,0.0010604453870625664,0.9470342061768651,0.05084490304900988
0.024713979875841452,0.9740096959378152,0.0006381620931716656,0.0006381620931716656
0.0014771048744460864,0.0014771048744460864,0.02261524369251352,0.9744305465585944
0.029866127220567643,0.9665688103908405,0.001782531194295899,0.001782531194295899

Transition Gammas
325.3502299521272,3.087611131351951,2.4695254234401496,2.4716883071090354
487.13230129062964,9.939040206353903,3.3640738436276196,3.3686995658414336
218.10789576593135,4.186294207095215,4.018004496216607,1.7053982070818456
143.45115589738748,1.0552124755843182,1.9339038748004747,1.0

1.0,1.0,893.0532564247837,47.94674357521632
38.72680646544355,1526.2731935345562,1.0,1.0
1.0,1.0,15.310519979831644,659.689480020168
16.75489737073846,542.2451026292619,1.0,1.0

Iteration: ,7500
Error:,0.022852449388874665
Absolute Error:,0.3864770326249984
Transition Probabilities
0.9714979503925549,0.012485319550220012,0.009800963386136521,0.006215766671088373
0.9655435224197444,0.02322204347601861,0.006229689912797343,0.005004744191439742
0.9592575955472515,0.015309458714791281,0.017128300337351927,0.008304645400605286
0.9665882417245465,0.0127201198073469,0.016379028063537367,0.004312610404569294

0.0007037297677691771,0.0007037297677691771,0.9470053104292558,0.051587230035205794
0.02574308369782012,0.9733672365868774,0.00044483985765124526,0.00044483985765124526
0.0009718172983479103,0.0009718172983479103,0.02269810986211172,0.9753582555411924
0.026985399196830025,0.9706505346093166,0.001182033096926713,0.001182033096926713

Transition Gammas
539.606001758742,6.934809651890857,5.443818655551411,3.4524673983058425
743.669809298162,17.885814820698386,4.7981600019710795,3.8546964191802533
324.7403841224466,5.182757506248138,5.798495478936563,2.8113968030190355
224.13066589563195,2.949517488032234,3.7979382617505797,1.0

1.0,1.0,1345.6945461199716,73.30545388002739
57.87045215269967,2188.1295478473016,1.0,1.0
1.0,1.0,23.356355048112963,1003.6436449518872
22.82964772051822,821.1703522794825,1.0,1.0

Iteration: ,10000
Error:,0.020781619252655877
Absolute Error:,0.3847534655954793
Transition Probabilities
0.9721104647351188,0.011162938119569553,0.00991516635264575,0.006811430792665797
0.9659390985667926,0.021055501679523927,0.009292831245647946,0.0037125685080355232
0.9646039115467296,0.013835721814785698,0.013044289257706572,0.008516077380778052
0.9739381702534343,0.009927567978709749,0.012771512835365663,0.0033627489324902565

0.0005321979776476852,0.0005321979776476852,0.9512469024980179,0.04768870154668678
0.023270800502951796,0.9760736767176317,0.0003277613897082919,0.0003277613897082919
0.0007293946024799413,0.0007293946024799413,0.021437847000150622,0.9771033637948895
0.025488807802638475,0.9727459671311656,0.0008826125330979695,0.0008826125330979695

Transition Gammas
689.0662348573804,7.912684842965495,7.028220140047393,4.828182743174911
1002.9180542615296,21.86156747072426,9.648587830531358,3.8546964191802533
428.78928162097765,6.150305992598338,5.798495478936563,3.7855980663370743
289.6255979277621,2.9522180150862374,3.7979382617505797,1.0

1.0,1.0,1787.3929297937748,89.60707020622442
70.99921233450604,2978.0007876654986,1.0,1.0
1.0,1.0,29.391288237206517,1339.6087117627942
28.87881924038941,1102.1211807596112,1.0,1.0

Iteration: ,12500
Error:,0.01907049654835335
Absolute Error:,0.38430448431479114
Transition Probabilities
0.9731122156051565,0.012303653547884728,0.009098559467013222,0.00548557137994556
0.9702912478152005,0.01773254750156445,0.008786217408929292,0.0031899872743058715
0.9664390546538226,0.012831518170921439,0.013900037221829269,0.006829389953426722
0.9704317642656642,0.013578955602738075,0.013039638674329055,0.0029496414572685817

0.00042900042900042917,0.00042900042900042917,0.9502831189085329,0.0488588802334662
0.023709104831876514,0.975776094653323,0.00025740025740025706,0.00025740025740025706
0.0005899705014749256,0.0005899705014749256,0.020307693345527508,0.9785123656515227
0.02405524760698125,0.9745263126767066,0.0007092198581560284,0.0007092198581560284

Transition Gammas
856.4948445906737,10.829188725001943,8.008191811519172,4.828182743174911
1251.7764405958262,22.876827183782233,11.335132599841113,4.115414752805347
535.7066797297792,7.11263681050109,7.704927436830224,3.7855980663370743
350.3038345967282,4.901694681292058,4.707013514576983,1.0647535985681098

1.0,1.0,2215.1099501757894,113.89004982420967
92.10987227184037,3790.8901277281648,1.0,1.0
1.0,1.0,34.421540220669165,1658.578459779333
33.91789912584356,1374.0821008741564,1.0,1.0

Iteration: ,15000
Error:,0.01949234354710132
Absolute Error:,0.3845365906965634
Transition Probabilities
0.9702257873249498,0.013924757938391642,0.010032039790129704,0.005817414946528771
0.9678553601415226,0.0178637010744988,0.010197534874901392,0.004083403909077236
0.9685485854190079,0.012370718711253498,0.013276823007451177,0.00580387286228726
0.972616171331807,0.013824054126399157,0.011058319015934886,0.0025014555258588388

0.0003607503607503608,0.0003607503607503608,0.953411542112952,0.04586695716554724
0.02326665389689019,0.9763073610125881,0.0002129925452609156,0.0002129925452609156
0.0004914004914004911,0.0004914004914004911,0.020368208671949915,0.9786489903452491
0.021812086248225827,0.9770072762075003,0.0005903187721369538,0.0005903187721369538

Transition Gammas
1026.9301969143974,14.738584150689602,10.618357841771664,6.157411145546783
1507.5330980412298,27.82453012336866,15.883697064089906,6.360316633163808
631.7394848430145,8.068848154276342,8.659858114862187,3.7855980663370743
413.997593699181,5.884258674888973,4.707013514576983,1.0647535985681098

1.0,1.0,2642.8567947371025,127.14320526289693
109.23694004589956,4583.763059954106,1.0,1.0
1.0,1.0,41.4493046474181,1991.5506953525833
36.94967410449456,1655.050325895506,1.0,1.0

Iteration: ,17500
Error:,0.01914916996441919
Absolute Error:,0.38481727005289457
Transition Probabilities
0.9736947883749381,0.011934018675938667,0.009189134532078048,0.005182058417045029
0.9676028536643372,0.017474110978361213,0.011425429680813335,0.003497605676488142
0.9674360203360965,0.012822585935839282,0.014327118345880352,0.005414275382183745
0.9701202076257013,0.016077674776443132,0.01152328649632842,0.0022788311015270544

0.0003084515731030229,0.0003084515731030229,0.9548323951297252,0.04455070172406872
0.0235150407904263,0.9761185246181483,0.000183217295712715,0.000183217295712715
0.0004208754208754207,0.0004208754208754207,0.021665833051957212,0.9774924161062919
0.02174435553251454,0.9772440106789169,0.000505816894284269,0.000505816894284269

Transition Gammas
1203.2138747932993,14.747102505187192,11.35519497315112,6.403571901400624
1759.5638541613382,31.776274682003283,20.77688486395813,6.360316633163808
751.6882320705199,9.963022618627333,11.132029440394907,4.206838493115787
473.7330044099785,7.851114857623497,5.627097641789163,1.112807975530631

1.0,1.0,3095.5666250105687,144.43337498943077
128.34509263414694,5327.654907365862,1.0,1.0
1.0,1.0,51.478019331450355,2322.5219806685504
42.98859088778126,1932.011409112219,1.0,1.0

Iteration: ,20000
Error:,0.020989081787203396
Absolute Error:,0.3868287770532898
Transition Probabilities
0.9729620285279771,0.012072041890775488,0.010337074822723053,0.00462885475852446
0.9662939941714974,0.017037093295440855,0.012631684907451594,0.004037227625610323
0.961183221258035,0.015316033562061892,0.01857247166627103,0.004928273513632096
0.9655752350693992,0.015686703994630118,0.015153937861594342,0.0035841230743764766

0.00026888948642108106,0.00026888948642108106,0.9551760262820261,0.04428619474513163
0.0232068988525113,0.976469581251015,0.00016175994823681639,0.00016175994823681639
0.0003646973012399704,0.0003646973012399704,0.025720384924598664,0.9735502204729214
0.020715496616852645,0.9784034461144249,0.0004405286343612331,0.0004405286343612331

Transition Gammas
1345.9986610160092,16.700499859482182,14.300341084490173,6.403571901400624
2026.2552086430385,35.72566862492324,26.487815811798225,8.46580187211494
863.482259330376,13.759211533925342,16.68464392746186,4.427331495216235
543.969614971972,8.83731274603883,8.537171878986923,2.019163269696539

1.0,1.0,3552.299641742854,164.70035825714447
143.46504870622502,6036.534951293781,1.0,1.0
1.0,1.0,70.52529546324962,2669.4747045367535
47.02417732025554,2220.975822679746,1.0,1.0

Iteration: ,22500
Error:,0.021011261551680812
Absolute Error:,0.38669967198218735
Transition Probabilities
0.9728515760008748,0.012603078460274515,0.009804238232409907,0.004741107306440684
0.9661984838474629,0.016859200280147067,0.013312266730837517,0.003630049141552281
0.9608749307486986,0.01451291640138827,0.020186656469940122,0.0044254963799730505
0.9665765999998237,0.015377695354935028,0.014882751044193593,0.0031629536010478985

0.00023940627244433793,0.00023940627244433793,0.957877113507073,0.041644073948038214
0.02275335809069533,0.9769596566890435,0.00014349261013057817,0.00014349261013057817
0.0003240440699935188,0.0003240440699935188,0.024814499881925512,0.9745374119780874
0.02008598066410863,0.9791272372745224,0.00039339103068449996,0.00039339103068449996

Transition Gammas
1516.3709397815978,19.644252422869585,15.281737018339077,7.389901521695633
2273.5329666703847,39.67088364285223,31.32469961363204,8.54176086169017
974.9880506546712,14.726078929417339,20.48315364573693,4.490497098646543
617.0422378062107,9.816798331464895,9.500836259664892,2.019163269696539

1.0,1.0,4001.052703119046,173.9472968809557
158.56815253405586,6808.4318474659485,1.0,1.0
1.0,1.0,76.57754663562221,3007.422453364381
51.058562848164186,2488.9414371518387,1.0,1.0

Iteration: ,25000
Error:,0.019769491635196142
Absolute Error:,0.38694705363041737
Transition Probabilities
0.9729537430166753,0.012634049771658747,0.00893517981859699,0.0054770273930690345
0.9662262470624052,0.01591561693069704,0.0141817673319646,0.003676368674933079
0.9604716941868168,0.01597285604375053,0.019437581845001523,0.00411786792443103
0.9639427149844682,0.01682995395340168,0.01623011477783133,0.002997216284298883

0.00021724961981316507,0.00021724961981316507,0.959134293834262,0.040431206926111636
0.021878215232843962,0.9778669102928346,0.00012743723716069822,0.00012743723716069822
0.0002923121894182984,0.0002923121894182984,0.023565382893721044,0.9758499927274423
0.021269159334026656,0.9780228760642034,0.0003539823008849556,0.0003539823008849556

Transition Gammas
1664.0317860020577,21.60787247787162,15.281737018339077,9.367298024480345
2528.718424756199,41.65288812674528,37.115216500249204,9.621453808322578
1057.6550205121162,17.589036187987983,21.404333047406116,4.534525806892921
674.5975504626208,11.778133217746669,11.358346821500296,2.097546599153751

1.0,1.0,4414.895154519113,186.10484548089207
171.67835493212675,7673.321645067881,1.0,1.0
1.0,1.0,80.61717487941979,3338.382825120584
60.08537511862533,2762.914624881376,1.0,1.0

Iteration: ,27500
Error:,0.020029891548429886
Absolute Error:,0.3867625857347984
Transition Probabilities
0.9713793792948349,0.012993818486442961,0.010405890956317882,0.005220911262404244
0.9669163924011369,0.015832104575211243,0.013890149338542629,0.003361353685109375
0.9627795447439176,0.015192323439797073,0.01831518622461089,0.0037129455916745805
0.9651331762522382,0.016365818467002812,0.015811256828818284,0.0026897484519408463

0.00019681165124975377,0.00019681165124975377,0.959393723968741,0.040212652728759415
0.022255959350503323,0.9775107228706819,0.00011665888940737276,0.00011665888940737276
0.0002647603918453797,0.0002647603918453797,0.024269783106988962,0.9752006961093203
0.019999485618667115,0.9793565993781134,0.0003219575016097874,0.0003219575016097874

Transition Gammas
1836.318109756835,24.56381585830029,19.671537628390958,9.86973174944904
2784.9313219680607,45.599934255626735,40.0066771684983,9.681435991200244
1175.8181164246228,18.553997359641862,22.36787007592293,4.534525806892921
752.6398277569717,12.762556603781755,12.330092788306468,2.097546599153751

1.0,1.0,4874.679511485178,204.32048851482682
190.7780835525146,8379.22191644749,1.0,1.0
1.0,1.0,91.66697079509738,3683.333029204906
62.11840233158008,3041.881597668421,1.0,1.0

Iteration: ,30000
Error:,0.02229770044355809
Absolute Error:,0.38709335315280846
Transition Probabilities
0.970573920472838,0.013276526499546448,0.010816053098817011,0.005333499928798521
0.9665498362171187,0.01607894974555943,0.013982821671388054,0.0033883923659338657
0.9612350841773082,0.015498175332648708,0.019811074354349936,0.0034556661356931434
0.9658746441312286,0.014951735741523406,0.016685146100196602,0.0024884740270514722

0.00018083182640144652,0.00018083182640144652,0.9599459846920934,0.039692351655103805
0.022652380533412005,0.9771338071937636,0.00010690613641223,0.00010690613641223
0.0002421893921046257,0.0002421893921046257,0.024634404759063432,0.9748812164567274
0.019516204594473938,0.9798936508201026,0.00029507229271171414,0.00029507229271171414

Transition Gammas
2011.6242424584832,27.5171030240736,22.417493569885597,11.054281933203825
3037.2377236231714,50.52568516755118,43.93891744811744,10.64751421047195
1270.291309880229,20.481147398935665,26.180729361600925,4.5667316292095235
824.803631276203,12.767957010180274,14.248193774870813,2.125019459119073

1.0,1.0,5308.501295347281,219.49870465272423
211.89036750953602,9140.10963249047,1.0,1.0
1.0,1.0,101.71545725017296,4025.284542749829
66.14041737067222,3320.8595826293304,1.0,1.0

Iteration: ,32500
Error:,0.021838108551501863
Absolute Error:,0.38754267895650724
Transition Probabilities
0.9693867020119187,0.013984468781660556,0.011545686884862117,0.005083142321558884
0.966592640037406,0.01625458781644905,0.014015977550896204,0.003136794595248589
0.9628555094291108,0.01498580789028398,0.018967853202308496,0.0031908294782967105
0.9623268390608478,0.017958620929027145,0.017427219443229405,0.0022873205668955767

0.00016697278343629976,0.00016697278343629976,0.960145138698397,0.039520915734730454
0.02231895395373721,0.9774835346893597,9.875567845151097e-05,9.875567845151097e-05
0.000223463687150838,0.000223463687150838,0.0245284108259339,0.9750246617997644
0.018594293068409033,0.9808601531945479,0.0002727768685215493,0.0002727768685215493

Transition Gammas
2179.929922668478,31.447885437766427,25.963620365159997,11.430829435715207
3297.3520602319145,55.44952072334703,47.81291574061993,10.700594741510761
1378.0437780134139,21.447765650688815,27.14688946757016,4.5667316292095235
894.0431387858932,16.68433340103305,16.19063850130257,2.125019459119073

1.0,1.0,5750.309235664704,236.69076433530088
226.00172773554297,9897.998272264456,1.0,1.0
1.0,1.0,109.7646384460542,4363.235361553946
68.16667838878755,3595.8333216112137,1.0,1.0

Iteration: ,34824
Error:,0.021471529851141296
Absolute Error:,0.3875494343132491
Transition Probabilities
0.9699506944471428,0.012988671581832768,0.012279945834629363,0.004780688136395068
0.967679193809158,0.01628134467206088,0.013106262396555332,0.0029331991222257517
0.9613700259979866,0.014682903642059665,0.020300084296184177,0.0036469860637695466
0.9630482457961864,0.017667994421577973,0.01715920909330219,0.0021245506889334613

0.00015612802498048394,0.00015612802498048394,0.9606784525526952,0.03900929139734387
0.021822316328128515,0.9779936063594002,9.203865623561899e-05,9.203865623561899e-05
0.0002083767451552408,0.0002083767451552408,0.025174458357449074,0.9744087881522405
0.019430381986288794,0.980059544052987,0.0002550369803621524,0.0002550369803621524

*,*,*,*,*,*,*,*,*,*,*
Model Num 2
Model States: 
"['square', 'y', 'diamond']","['square', 'y', 'square']","['diamond', 'y', 'diamond']","['diamond', 'y', 'square', 'y', 'square']"
Iteration: ,34824
Error:,0.02063639197415735
Transition Probabilities
0.9699506944471428,0.012988671581832768,0.012279945834629363,0.004780688136395068
0.967679193809158,0.01628134467206088,0.013106262396555332,0.0029331991222257517
0.9613700259979866,0.014682903642059665,0.020300084296184177,0.0036469860637695466
0.9630482457961864,0.017667994421577973,0.01715920909330219,0.0021245506889334613

0.00015612802498048394,0.00015612802498048394,0.9606784525526952,0.03900929139734387
0.021822316328128515,0.9779936063594002,9.203865623561899e-05,9.203865623561899e-05
0.0002083767451552408,0.0002083767451552408,0.025174458357449074,0.9744087881522405
0.019430381986288794,0.980059544052987,0.0002550369803621524,0.0002550369803621524

Transition Gammas
2349.234473399906,31.45874859247709,29.74220468251541,11.578895134452914
3530.1875056086637,59.39592367339122,47.81291574061993,10.700594741510761
1466.9958655238038,22.405274092486675,30.976771614418166,5.565092870062148
963.2607369865763,17.671892765386634,17.16299517648369,2.125019459119073

1.0,1.0,6153.145488600016,249.85451139998756
237.09946690511623,10625.90053309488,1.0,1.0
1.0,1.0,120.81222565739803,4676.187774342599
76.18652776823839,3842.8134722317636,1.0,1.0

