0,1,2,3,4,5,6,7,8,9,10,11,12,13,14,15,16,17,18,19,20,21,22,23,24,25,26,27,28,29
github Code Version (SHA):,cd93f48c3be2409aefa56252372b16f046dc3cc1
Environment Observations,Environment Actions,alpha,epsilon,numActions,explore,patience,gainThresh,insertRandActions,useBudd,revisedSplitting,haveControl,confidence_factor
"['square', 'diamond']","['x', 'y']",0.99,0.99,75000,0.5,0,0.01,False,True,False,False,250

Model Num 0
Model States: 
['square'],['diamond']
Iteration: ,0
Error:,0.6763397822203838
Absolute Error:,1
Transition Probabilities
0.5,0.5
0.5,0.5

0.5,0.5
0.5,0.5

Transition Gammas
1.0,1.0
1.0,1.0

1.0,1.0
1.0,1.0

Iteration: ,2500
Error:,0.24753414328244175
Absolute Error:,1
Transition Probabilities
0.9869960988296489,0.013003901170351105
0.9880715705765407,0.011928429423459244

0.2002503128911139,0.799749687108886
0.35172413793103446,0.6482758620689655

Transition Gammas
759.0,10.0
497.0,6.0

160.0,639.0
153.0,282.0

Iteration: ,2796
Error:,0.2583179835101988
Absolute Error:,1
Transition Probabilities
0.9826989619377162,0.01730103806228374
0.9890710382513661,0.01092896174863388

0.2054176072234763,0.7945823927765236
0.354,0.646


Model Num 1
Model States: 
['diamond'],"['square', 'y', 'diamond']","['square', 'y', 'square']"
Iteration: ,0
Error:,0.6186796593152742
Absolute Error:,1
Transition Probabilities
0.3333333333333333,0.3333333333333333,0.3333333333333333
0.3333333333333333,0.3333333333333333,0.3333333333333333
0.3333333333333333,0.3333333333333333,0.3333333333333333

0.3333333333333333,0.3333333333333333,0.3333333333333333
0.3333333333333333,0.3333333333333333,0.3333333333333333
0.3333333333333333,0.3333333333333333,0.3333333333333333

Transition Gammas
1.0,1.0,1.0
1.0,1.0,1.0
1.0,1.0,1.0

1.0,1.0,1.0
1.0,1.0,1.0
1.0,1.0,1.0

Iteration: ,2500
Error:,0.12837946146258478
Absolute Error:,1
Transition Probabilities
0.01018329938900204,0.9605509946879759,0.029265705923022096
0.009039639965423521,0.9782266927674003,0.012733667267176278
0.01818589191024643,0.9264340559486611,0.05538005214109245

0.648936170212766,0.009870306092275558,0.3411935236949584
0.9969088098918083,0.0015455950540958269,0.0015455950540958269
0.0019455252918287942,0.029712828179202143,0.9683416465289689

Transition Gammas
5.0,471.630538391796,14.369461608203844
1.894745408305484,205.04030486750167,2.6690285982248967
2.9552388530412332,150.54713458279647,8.999354146529074

305.0,4.639043863369512,160.36095613663045
645.0,1.0,1.0
1.0,15.272393684109899,497.72760631588994

Iteration: ,5000
Error:,0.11599591214077916
Absolute Error:,1
Transition Probabilities
0.007337526205450732,0.9722837338727502,0.020378739921799113
0.006891925847923642,0.982194716196371,0.010913357955705354
0.012644029207571555,0.9550421285042385,0.032313842288189835

0.6587136929460581,0.011071671306745934,0.33021463574719606
0.9984239558707644,0.0007880220646178094,0.0007880220646178094
0.0009319664492078289,0.025496227989893077,0.9735718055608992

Transition Gammas
7.0,927.5586821146039,19.44131788539636
2.8512485313977916,406.3423350594066,4.514949308863784
3.935363999422848,297.25005761589864,10.057453169106834

635.0,10.67309113970308,318.326908860297
1267.0,1.0,1.0
1.0,27.357452633155262,1044.6425473668444

Iteration: ,7500
Error:,0.12060822446385677
Absolute Error:,1
Transition Probabilities
0.008965517241379312,0.9734588210807166,0.017575661677904118
0.007741399736086966,0.9786548361508768,0.013603764113036345
0.016972794396614165,0.959146430355818,0.02388077524756786

0.6572218382861091,0.012239252011880749,0.33053890970201016
0.9989583333333333,0.0005208333333333333,0.0005208333333333333
0.0006321112515802786,0.026834241891041808,0.972533646857378

Transition Gammas
13.0,1411.5152905670388,25.484709432960965
4.750809011044961,600.5893472487757,8.348475383730927
7.8717286236019355,444.83779356707817,11.075547000533069

951.0,17.710197661191444,478.28980233880867
1918.0,1.0,1.0
1.0,42.45177067162811,1538.5482293283708

Iteration: ,10000
Error:,0.11924578643887783
Absolute Error:,1
Transition Probabilities
0.010886469673405912,0.9732955275547781,0.01581800277181601
0.011784118178211499,0.9683155641119668,0.019900317709821626
0.0198906396448181,0.9552264722961471,0.024882888059034762

0.6552604698672114,0.009589082424806921,0.3351504477079816
0.9992190550566185,0.0003904724716907458,0.0003904724716907458
0.0004842615012106542,0.025929016271714782,0.9735867222270744

Transition Gammas
21.0,1877.4870726531667,30.51292734683308
9.5552173064748,785.1640230016635,16.13628252106466
12.800398207542893,614.7252899914944,16.013103720992568

1283.0,18.77542338777195,656.2245766122279
2559.0,1.0,1.0
1.0,53.54341860109098,2010.456581398907

Iteration: ,11784
Error:,0.12301458057549722
Absolute Error:,1
Transition Probabilities
0.010855405992184099,0.9741471317863853,0.014997462221430651
0.010888974773302062,0.9693566654547887,0.01975435977190932
0.019674419537874407,0.9563739923580165,0.023951588104109158

0.6575043630017452,0.009074052844526448,0.3334215841537283
0.9993414553836022,0.00032927230819888045,0.00032927230819888045
0.000417188151856488,0.025282674742819825,0.9743001371053237


Model Num 2
Model States: 
"['square', 'y', 'diamond']","['square', 'y', 'square']","['diamond', 'y', 'diamond']","['diamond', 'y', 'square', 'y', 'square']"
Iteration: ,0
Error:,0.6778542040495075
Absolute Error:,0.74
Transition Probabilities
0.25,0.25,0.25,0.25
0.25,0.25,0.25,0.25
0.25,0.25,0.25,0.25
0.25,0.25,0.25,0.25

0.25,0.25,0.25,0.25
0.25,0.25,0.25,0.25
0.25,0.25,0.25,0.25
0.25,0.25,0.25,0.25

Transition Gammas
1.0,1.0,1.0,1.0
1.0,1.0,1.0,1.0
1.0,1.0,1.0,1.0
1.0,1.0,1.0,1.0

1.0,1.0,1.0,1.0
1.0,1.0,1.0,1.0
1.0,1.0,1.0,1.0
1.0,1.0,1.0,1.0

Iteration: ,2500
Error:,0.038145840022826505
Absolute Error:,0.4032212093032641
Transition Probabilities
0.9502092023040865,0.022427711150188132,0.016217514424095622,0.011145572121629607
0.9614804778449936,0.0206519851129726,0.014122654742105108,0.003744882299928628
0.8948307143842834,0.06763199595833927,0.01864560332673,0.018891686330647334
0.9255641014722564,0.03796587097965959,0.017984894449043862,0.01848513309904022

0.0021645021645021654,0.0021645021645021654,0.9581840062407285,0.03748698943026721
0.024008386648269306,0.9733496054257069,0.0013210039630118893,0.0013210039630118893
0.0028089887640449437,0.0028089887640449437,0.03502541825802104,0.9593566042138891
0.009721004901595722,0.983211857289217,0.0035335689045936404,0.0035335689045936404

Transition Gammas
169.36954690741126,3.9976157528961065,2.8906824553088937,1.9866367276668107
256.74517937808565,5.514722081750392,3.771187880156945,1.0
92.7286975962778,7.008506525582079,1.9321895019821471,1.957690366097585
72.50675838285923,2.9741670290996036,1.4088990641315808,1.4480867150693812

1.0,1.0,442.68101088321635,17.31898911678344
18.174348692739862,736.82565130726,1.0,1.0
1.0,1.0,12.469048899855489,341.53095110014453
2.751044387151589,278.24895561284836,1.0,1.0

Iteration: ,5000
Error:,0.027276455964820666
Absolute Error:,0.39405251575539185
Transition Probabilities
0.9663248409710827,0.014263256164547069,0.013735983938575022,0.005675918925795201
0.9630732290184587,0.018268959953944834,0.014572340770348913,0.004085470257247401
0.9276631447963252,0.041400751903668924,0.019809989734626016,0.011126113565379927
0.9522206949756573,0.02467804539004345,0.014043722875848446,0.009057536758450816

0.0010787486515641857,0.0010787486515641857,0.9617074265293237,0.036135076167547846
0.022981834479108326,0.9757160821875583,0.0006510416666666675,0.0006510416666666675
0.0014224751066856329,0.0014224751066856329,0.032111586302482786,0.9650434634841459
0.014028266148060192,0.9823550973239108,0.0018083182640144665,0.0018083182640144665

Transition Gammas
338.2247782302469,4.99230325927169,4.807751932290228,1.9866367276668107
498.2973426492512,9.45242160587751,7.539778350442583,2.1138361147612317
203.8378948210523,9.097097539544267,4.352901833584647,2.4447705823269876
152.23765301552328,3.9454379966892144,2.2452603913153117,1.4480867150693812

1.0,1.0,891.502784392683,33.497215607316846
35.300097759910344,1498.6999022400876,1.0,1.0
1.0,1.0,22.5744451706454,678.4255548293547
7.757631179877286,543.2423688201227,1.0,1.0

Iteration: ,7500
Error:,0.023981166127895765
Absolute Error:,0.39120435300375467
Transition Probabilities
0.97177385331997,0.01334000359663928,0.010811273594695008,0.004074869488695768
0.9638833051416379,0.017300140339941653,0.01602721469318112,0.0027893398252393756
0.9410482318604493,0.03153607979539771,0.017724424090642163,0.009691264253510815
0.9576266708986223,0.017533740732670083,0.014193225842688147,0.010646362526019524

0.0007137758743754465,0.0007137758743754465,0.9609561402058383,0.03761630804541089
0.024048790619251123,0.9750831538251933,0.00043402777777777775,0.00043402777777777775
0.0009633911368015414,0.0009633911368015414,0.03145857124909533,0.9666146464773016
0.014170673853703946,0.9834225872774632,0.0012033694344163659,0.0012033694344163659

Transition Gammas
507.39185028156606,6.965210151042098,5.644885478624155,2.1276097956964413
746.7126472180588,13.402279634445467,12.41615436976455,2.1608791373237755
331.2934748278428,11.10219126304543,6.23983537454002,3.411783266063853
216.03541294217044,3.9555173583968997,3.2019152129809694,2.401761975240727

1.0,1.0,1346.2995524283785,52.70044757162063
55.408413586754584,2246.5915864132453,1.0,1.0
1.0,1.0,32.65399695656095,1003.346003043439
11.77582997242798,817.224170027572,1.0,1.0

Iteration: ,10000
Error:,0.021828895357595652
Absolute Error:,0.38985498961475523
Transition Probabilities
0.9706034339936654,0.014816194069102577,0.011391701254013382,0.003188670683218629
0.96316136224426,0.021684123663396383,0.01305054942161746,0.0021039646707263103
0.945526838375953,0.026739604072855444,0.01757507842808611,0.010158479123105486
0.9681318857574679,0.013200252606147433,0.010666729748994018,0.008001131887390536

0.0005425935973955508,0.0005425935973955508,0.9620959190331584,0.036818893772050575
0.022893827467093765,0.9764748594015932,0.0003156565656565657,0.0003156565656565657
0.0007262164124909225,0.0007262164124909225,0.031760733260876105,0.966786833914142
0.01437874334191621,0.9837997630333115,0.0009107468123861569,0.0009107468123861569

Transition Gammas
647.6257911391024,9.885962762558757,7.601002921136245,2.1276097956964413
989.2158944054376,22.270702111745347,13.40358056775301,2.1608791373237755
428.04650131306465,12.105202629194286,7.956358853193926,4.598813350212038
290.61167631730245,3.9624224696234833,3.2019152129809694,2.401761975240727

1.0,1.0,1773.1427787781104,67.85722122188919
72.52764541575304,3093.472354584247,1.0,1.0
1.0,1.0,43.73452970022638,1331.2654702997731
15.787860189423995,1080.2121398105758,1.0,1.0

Iteration: ,12500
Error:,0.020311033853467053
Absolute Error:,0.3878451444264752
Transition Probabilities
0.9713760050401671,0.014399486179490049,0.011636826253681615,0.0025876825266613044
0.9661820129826602,0.01951318118045743,0.012615808449837274,0.001688997387045161
0.9535935983146566,0.02283934815763109,0.01512917181949788,0.008437881708214317
0.9711826087220463,0.010861050593215082,0.010447039378694302,0.0075093013060442155

0.00043140638481449517,0.00043140638481449517,0.9646081926853118,0.03452899454505918
0.022548862389771978,0.9769423612174527,0.00025438819638768766,0.00025438819638768766
0.0005793742757821555,0.0005793742757821555,0.02885331765711112,0.9699879337913246
0.015730715848751253,0.9828262827082472,0.0007215007215007217,0.0007215007215007217

Transition Gammas
798.6718163199322,11.839353372303577,9.567875994469365,2.1276097956964413
1250.5508003203495,25.25634302245592,16.328920577737325,2.1861067642812886
547.4568556944205,13.112040339391081,8.685638041405927,4.844177013000692
354.62238276283125,3.965857302306696,3.8146832161303728,2.741983122553613

1.0,1.0,2235.9617906445533,80.0382093554472
88.63957805419362,3840.3604219458057,1.0,1.0
1.0,1.0,49.80082627617377,1674.1991737238257
21.802772166369227,1362.1972278336302,1.0,1.0

Iteration: ,15000
Error:,0.02117811436933057
Absolute Error:,0.3880058036452672
Transition Probabilities
0.9705555963140976,0.01429292357564162,0.011843399269006792,0.0033080808412539395
0.9682301877026835,0.019307507076880438,0.011064834671837664,0.0013974705485983955
0.9497378652575664,0.026247678501972148,0.016283014194251242,0.007731442046210166
0.9704111106979206,0.00943480582556688,0.013069053649036055,0.007085029827476463

0.0003610108303249098,0.0003610108303249098,0.9631054327283088,0.03617254561104133
0.022189375338149978,0.977390985551485,0.0002098195551825431,0.0002098195551825431
0.0004866180048661802,0.0004866180048661802,0.02668981109216706,0.9723369528981005
0.01721823100562089,0.9815870258641521,0.0005973715651135008,0.0005973715651135008

Transition Gammas
937.9786037368294,13.813177266414785,11.445871985107441,3.1970441057801517
1514.6326803388408,30.203335493910984,17.30906597353262,2.1861067642812886
650.4149695562585,17.97536313786207,11.151199261246546,5.294772196692406
408.11010917238127,3.9678437242160984,5.496240565147562,2.979636428834216

1.0,1.0,2667.802048657415,100.19795134258446
105.75456286162276,4658.245437138376,1.0,1.0
1.0,1.0,54.8475617944033,1998.1524382055961
28.823318703409363,1643.1766812965902,1.0,1.0

Iteration: ,17500
Error:,0.02034955852977315
Absolute Error:,0.3875289700463973
Transition Probabilities
0.9711733803485433,0.01403144642784337,0.011065075465180456,0.0037300977584326443
0.9678106923397712,0.019324185551497525,0.0116560287737272,0.0012090933350039192
0.9537446620504683,0.02288694856879714,0.016197985150737882,0.00717040422999664
0.9695660896786018,0.009738053004841422,0.014774921592260926,0.005920935724295845

0.0003102699348433138,0.0003102699348433138,0.9645228821765501,0.03485657795376325
0.021834647527563845,0.9778069937553603,0.00017917935853789652,0.00017917935853789652
0.0004158004158004161,0.0004158004158004161,0.025742854345291364,0.9734255448231078
0.01637099280068694,0.9826007295643516,0.0005141388174807201,0.0005141388174807201

Transition Gammas
1091.1788158462743,15.765276733851254,12.432358822491672,4.191016493446952
1760.2453164823023,35.146653556413355,21.199879501365487,2.1990880003456597
749.9210932490188,17.995807656680967,12.736334174135536,5.638026185788422
487.9219392830475,4.900552687995063,7.435293450125316,2.979636428834216

1.0,1.0,3108.65724925502,112.3427507449789
121.85916785133377,5457.140832148663,1.0,1.0
1.0,1.0,61.911564700425686,2341.0884352995727
31.841580997336088,1911.158419002663,1.0,1.0

Iteration: ,20000
Error:,0.01933431394789859
Absolute Error:,0.38684816022418334
Transition Probabilities
0.9730611442058664,0.012768017072016228,0.010974550613395518,0.0031962881087217506
0.966282659590757,0.019683950797749677,0.012959045207609605,0.001074344403883684
0.9590866532397091,0.019733129169546587,0.015006424380943285,0.006173793209800955
0.969162267053463,0.010463200999322492,0.015041751978225035,0.005332779968989465

0.0002702702702702703,0.0002702702702702703,0.9644546826357359,0.03500477682372367
0.02331351526948632,0.9763692258472649,0.00015862944162436552,0.00015862944162436552
0.0003635041802980736,0.0003635041802980736,0.025064370083471645,0.9742086215559322
0.01687295317178865,0.9822357812310635,0.000445632798573975,0.000445632798573975

Transition Gammas
1275.891022893445,16.741597852651715,14.389980209669824,4.191016493446952
2017.581451380543,41.09974822092614,27.05826186464783,2.2432125011828594
875.8562980083998,18.020671442125597,13.704154113956758,5.638026185788422
541.5095340810146,5.846206864166508,8.40442553573074,2.979636428834216

1.0,1.0,3568.4823257522226,129.51767424777756
146.9684002588417,6155.031599741156,1.0,1.0
1.0,1.0,68.95208209963046,2680.0479179003682
37.862906917493724,2204.1370930825065,1.0,1.0

Iteration: ,22500
Error:,0.018729861347990477
Absolute Error:,0.3865817693588964
Transition Probabilities
0.9729996157512395,0.013212598104961684,0.010928835789946918,0.0028589503538519194
0.966894980527947,0.018460745469547967,0.013280737581831906,0.0013635364206732196
0.9614118467698244,0.0172819677887774,0.014843302732268108,0.0064628827091302975
0.9685073317679938,0.0136658038752467,0.013160904647947004,0.004665959708812726

0.0002392344497607655,0.0002392344497607655,0.9639472197975553,0.03557431130292316
0.02408036011317256,0.9756364740932553,0.00014158289678606835,0.00014158289678606835
0.00032351989647363304,0.00032351989647363304,0.024913946450691372,0.9744390137563613
0.017447922681135444,0.9817568486906341,0.00039761431411530816,0.00039761431411530816

Transition Gammas
1448.9815462302013,19.67607234568553,16.275115760643686,4.257521007468556
2256.1225714341494,43.07572733142764,30.98885859072748,3.1816333289615866
1003.5400266741293,18.03924766893715,15.493722560128585,6.746080265292561
618.4793498920384,8.726849265132214,8.40442553573074,2.979636428834216

1.0,1.0,4029.299378753782,148.70062124621884
170.07958347933766,6890.9204165206565,1.0,1.0
1.0,1.0,77.00900847908706,3011.9909915209137
43.881525543055645,2469.1184744569446,1.0,1.0

Iteration: ,25000
Error:,0.019278593185368946
Absolute Error:,0.38667673338692565
Transition Probabilities
0.9736386126253083,0.013220237827164565,0.010539868379725292,0.0026012811678017876
0.9659336322873515,0.019127022208703395,0.012986058597891675,0.001953286906053388
0.9632019185609016,0.01572798407536036,0.01417605923856544,0.006894038125172688
0.9662040054421127,0.013666936857244554,0.013210909992414439,0.006918147708228171

0.00021510002151000197,0.00021510002151000197,0.9619593988933494,0.03761040106363062
0.023787709363887938,0.9759567975344259,0.0001277465508431273,0.0001277465508431273
0.00029061319383900025,0.00029061319383900025,0.02500969595032304,0.9744090776619989
0.018090352763334754,0.9811989151826496,0.00035536602700781794,0.00035536602700781794

Transition Gammas
1593.5558594143686,21.63758419104214,17.25061927102426,4.257521007468556
2523.82266397311,49.97570281338134,33.93039429368573,5.103611260605661
1105.295131639113,18.048203490880127,16.267336017794012,7.911058554028423
685.7286794400982,9.699618828242373,9.375970097697033,4.909907499259551

1.0,1.0,4472.149245455184,174.8507545448189
186.21018890051468,7639.789811099482,1.0,1.0
1.0,1.0,86.0583637650616,3352.941636234939
50.90625267602402,2761.093747323977,1.0,1.0

Iteration: ,27500
Error:,0.019562917035223868
Absolute Error:,0.3870390361713862
Transition Probabilities
0.9745633721269207,0.012484316823779028,0.010602430508078072,0.0023498805412222232
0.9663162910073835,0.018750943461275954,0.012812233761345375,0.002120531769995274
0.9619497271516977,0.015844727095799215,0.01441246635922542,0.0077930793932777485
0.9654145746929523,0.013718423908286106,0.014554656612838179,0.006312344785923302

0.00019580967299784595,0.00019580967299784595,0.961809942943799,0.03779843771020526
0.023510640983596738,0.9762569630136146,0.00011619800139437617,0.00011619800139437617
0.0002640612622128333,0.0002640612622128333,0.02696355223083176,0.9725083252447425
0.017423793609877808,0.9819300028360026,0.00032310177705977363,0.00032310177705977363

Transition Gammas
1765.7170043978747,22.61912476345998,19.209517176089975,4.257521007468556
2779.8597451492383,53.941958131772886,36.85771750932209,6.1002602983901095
1213.876923173973,19.99433861531408,18.186979865659886,9.834026632527634
750.9248022620592,10.670550280384173,11.320994032500252,4.909907499259551

1.0,1.0,4911.963378613985,193.0366213860184
202.33257630483328,8401.667423695157,1.0,1.0
1.0,1.0,102.11097229815991,3682.889027701841
53.926641222571845,3039.07335877743,1.0,1.0

Iteration: ,30000
Error:,0.01858370690940944
Absolute Error:,0.38692346010543816
Transition Probabilities
0.9740024605615173,0.012295118202733981,0.011050089758269356,0.002652331477479271
0.9661564498917862,0.01821666173296986,0.013357401682768591,0.002269486692475376
0.9634358968639621,0.015349268064958833,0.0138585941756545,0.0073562408954245045
0.9653450039342559,0.013530234972197377,0.015419006578154091,0.005705754515392568

0.00017985611510791348,0.00017985611510791348,0.9629142454005183,0.03672604236926588
0.023697536682834728,0.9760894027014201,0.00010653030787258982,0.00010653030787258982
0.00024142926122646058,0.00024142926122646058,0.02708257400563772,0.9724345674719095
0.017798953336963436,0.981607222435008,0.0002969121140142515,0.0002969121140142515

Transition Gammas
1946.8600681364933,24.57578459105862,22.08719112197756,5.301545375962346
3019.257413949142,56.927416880395725,41.74213613779931,7.092189389081518
1316.232739240969,20.96995681419726,18.933418853528895,10.049994126042217
830.6972656119325,11.64301793523009,13.268340904779073,4.909907499259551

1.0,1.0,5353.803204426887,204.1967955731185
222.44877684176947,9162.551223158225,1.0,1.0
1.0,1.0,112.17602153135147,4027.82397846865
59.946874838892896,3306.0531251611096,1.0,1.0

Iteration: ,32500
Error:,0.020218364889173196
Absolute Error:,0.3875458916846917
Transition Probabilities
0.9741436962690733,0.012069491489356989,0.011376613456137384,0.0024101987854324154
0.9652348902119675,0.018296037484773167,0.01379613548899054,0.00267293681426873
0.9628852849448554,0.01618097618500974,0.013994779516403124,0.006938959353731748
0.9635787839505032,0.013625015936497356,0.017364226910579025,0.005431973202420359

0.0001664447403462048,0.0001664447403462048,0.9621555533174404,0.03751155720186714
0.024156217078991436,0.9756470487089292,9.83671060397404e-05,9.83671060397404e-05
0.0002229654403567446,0.0002229654403567446,0.029037310181667365,0.9705167589376192
0.01780416853179241,0.9816477360996134,0.0002740476842970674,0.0002740476842970674

Transition Gammas
2142.7556265038997,26.548414671173063,25.02433941425924,5.301545375962346
3264.4446373204864,61.87758239682606,46.65881949510949,9.039928350828564
1421.52298611253,23.888234605276043,20.660717407560302,10.244096960724798
891.9034042974152,12.611525180688036,16.07259660807742,5.02791828959563

1.0,1.0,5780.630564331191,225.36943566881814
245.57210282502672,9918.427897174965,1.0,1.0
1.0,1.0,130.2323361647782,4352.767663835224
64.96741097251058,3582.0325890274935,1.0,1.0

Iteration: ,34854
Error:,0.019759212718216207
Absolute Error:,0.3873658660203484
Transition Probabilities
0.9746218608521634,0.01167769047830506,0.011016585258156335,0.002683863411375092
0.9655646272099926,0.01794134173633553,0.013983243498683105,0.00251078755498883
0.9632361658988647,0.015024778389637918,0.014440646013682664,0.00729840969781469
0.963387374000089,0.014544819597373835,0.016953697133301995,0.0051141092692351215

0.00015515903801396408,0.00015515903801396408,0.9619017429229123,0.0377879390010597
0.023868070609398235,0.9759488127452987,9.155832265152897e-05,9.155832265152897e-05
0.00020833333333333313,0.00020833333333333313,0.02860452899107892,0.9709788043422544
0.017944640080779038,0.9815425394064005,0.00025641025641025614,0.00025641025641025614

*,*,*,*,*,*,*,*,*,*,*
Model Num 2
Model States: 
"['square', 'y', 'diamond']","['square', 'y', 'square']","['diamond', 'y', 'diamond']","['diamond', 'y', 'square', 'y', 'square']"
Iteration: ,34854
Error:,0.020178941820159953
Transition Probabilities
0.9746218608521634,0.01167769047830506,0.011016585258156335,0.002683863411375092
0.9655646272099926,0.01794134173633553,0.013983243498683105,0.00251078755498883
0.9632361658988647,0.015024778389637918,0.014440646013682664,0.00729840969781469
0.963387374000089,0.014544819597373835,0.016953697133301995,0.0051141092692351215

0.00015515903801396408,0.00015515903801396408,0.9619017429229123,0.0377879390010597
0.023868070609398235,0.9759488127452987,9.155832265152897e-05,9.155832265152897e-05
0.00020833333333333313,0.00020833333333333313,0.02860452899107892,0.9709788043422544
0.017944640080779038,0.9815425394064005,0.00025641025641025614,0.00025641025641025614

Transition Gammas
2297.2575424646484,27.52520090858411,25.96692583354988,6.326069332505518
3490.0963799493306,64.85015096954295,50.54334649325362,9.075405529103522
1532.2254849700016,23.90000414191974,22.970821305227236,11.609623615313899
963.7311317216811,14.550009507664024,16.959746583872338,5.115934095465785

1.0,1.0,6199.4567331381795,243.54326686183015
260.6870671958477,10659.31293280416,1.0,1.0
1.0,1.0,137.30173915717896,4660.698260842825
69.98409631503831,3828.015903684966,1.0,1.0

