0,1,2,3,4,5,6,7,8,9,10,11,12,13,14,15,16,17,18,19,20,21,22,23,24,25,26,27,28,29
github Code Version (SHA):,cd93f48c3be2409aefa56252372b16f046dc3cc1
Environment Observations,Environment Actions,alpha,epsilon,numActions,explore,patience,gainThresh,insertRandActions,useBudd,revisedSplitting,haveControl,confidence_factor
"['diamond', 'square']","['x', 'y']",0.99,0.99,75000,0.5,0,0.01,False,True,False,False,250

Model Num 0
Model States: 
['diamond'],['square']
Iteration: ,0
Error:,0.6754754839046263
Absolute Error:,1
Transition Probabilities
0.5,0.5
0.5,0.5

0.5,0.5
0.5,0.5

Transition Gammas
1.0,1.0
1.0,1.0

1.0,1.0
1.0,1.0

Iteration: ,2464
Error:,0.14586326269049602
Absolute Error:,1
Transition Probabilities
0.51,0.49
0.013888888888888888,0.9861111111111112

0.04474708171206226,0.9552529182879378
0.9850543478260869,0.014945652173913044


Model Num 1
Model States: 
['square'],"['diamond', 'x', 'diamond']","['diamond', 'x', 'square']"
Iteration: ,0
Error:,0.7245967659490539
Absolute Error:,1
Transition Probabilities
0.3333333333333333,0.3333333333333333,0.3333333333333333
0.3333333333333333,0.3333333333333333,0.3333333333333333
0.3333333333333333,0.3333333333333333,0.3333333333333333

0.3333333333333333,0.3333333333333333,0.3333333333333333
0.3333333333333333,0.3333333333333333,0.3333333333333333
0.3333333333333333,0.3333333333333333,0.3333333333333333

Transition Gammas
1.0,1.0,1.0
1.0,1.0,1.0
1.0,1.0,1.0

1.0,1.0,1.0
1.0,1.0,1.0
1.0,1.0,1.0

Iteration: ,2500
Error:,0.11872671704386487
Absolute Error:,1
Transition Probabilities
0.9707927677329624,0.006364659144295886,0.02284257312274167
0.003236245954692557,0.006760219806407411,0.9900035342389
0.9958246346555324,0.0020876826722338203,0.0020876826722338203

0.025745257452574534,0.5574895822806024,0.416765160266823
0.9717016680731971,0.014259279584888386,0.01403905234191446
0.9484447248989201,0.02467853426160137,0.02687674083947859

Transition Gammas
698.0,4.576189924748742,16.42381007525126
1.0,2.08890792017989,305.9110920798201
477.0,1.0,1.0

19.0,411.4273117230845,307.57268827691524
100.7523642703471,1.4784950753641979,1.455660478969647
85.7204326994385,2.230445886572716,2.429119793519132

Iteration: ,5000
Error:,0.12187005619629675
Absolute Error:,1
Transition Probabilities
0.9748127978216474,0.004622444175002251,0.02056475800335037
0.0015974440894568696,0.011341629285265643,0.9870609266252776
0.9979253112033195,0.001037344398340249,0.001037344398340249

0.023464458247066944,0.5668421299947489,0.40969341175818413
0.9820563675637262,0.007537783840969301,0.0104058485953045
0.9308202144820734,0.027601486168633803,0.04157829934929289

Transition Gammas
1432.0,6.790370493078307,30.209629506921694
1.0,7.09985993257629,617.9001400674235
962.0,1.0,1.0

34.0,821.3542463623911,593.6457536376088
192.6249855138205,1.4784950753641979,2.0410502911376627
154.4275198813396,4.57921840087338,6.898038471336697

Iteration: ,7500
Error:,0.12106538776763054
Absolute Error:,1
Transition Probabilities
0.9762448606669712,0.004068737319204993,0.019686402013823785
0.0010822510822510825,0.015272110759861181,0.9836456381578877
0.9986338797814208,0.0006830601092896175,0.0006830601092896175

0.0278157774737802,0.5544757686256493,0.4177084539005705
0.9855497568687877,0.0061669834250039504,0.008283259706208336
0.9392458010407709,0.029146127415893938,0.03160807154333509

Transition Gammas
2137.0,8.906465991739731,43.093534008260264
1.0,14.111430342111728,908.8885696578881
1462.0,1.0,1.0

61.0,1215.9653605960493,916.0346394039515
289.4920466838334,1.811468818420456,2.4330966436261137
219.86545450921952,6.8227364385108125,7.399046137160884

Iteration: ,10000
Error:,0.11561441165972648
Absolute Error:,1
Transition Probabilities
0.9782533655505695,0.0030956372896701564,0.018650997159760284
0.0008038585209003216,0.01780012145875599,0.9813960200203437
0.9989706639217705,0.000514668039114771,0.000514668039114771

0.02562350529552443,0.5591148338634974,0.41526166084097826
0.9874033195322417,0.0054371455316630955,0.007159534936095233
0.9437978436922456,0.02271762578854042,0.033484530519214

Transition Gammas
2834.0,8.968061228174443,54.031938771825544
1.0,22.14335109469245,1220.8566489053073
1941.0,1.0,1.0

75.0,1636.5291187184569,1215.4708812815434
387.12912775469925,2.1317301304448004,2.8070236954974512
302.4304125901714,7.2796319531937135,10.729776983487378

Iteration: ,12500
Error:,0.11733512649285324
Absolute Error:,1
Transition Probabilities
0.9773418071290412,0.004192273325856651,0.018465919545102173
0.000639795265515035,0.018660927775531026,0.9806992769589539
0.9991735537190083,0.00041322314049586776,0.00041322314049586776

0.025753424657534246,0.5638674623553711,0.4103791129870946
0.988991566904304,0.004280526536888007,0.006727906558807997
0.9268372101147498,0.028606865164556048,0.04455592472069418

Transition Gammas
3537.0,15.171837166275221,66.82816283372476
1.0,29.167030113155004,1532.8329698868456
2418.0,1.0,1.0

94.0,2058.1162375971044,1497.8837624028954
492.5242499392263,2.1317301304448004,3.3505413417329404
364.87543238687624,11.261893871155815,17.5406879659564

Iteration: ,15000
Error:,0.1220959973700689
Absolute Error:,1
Transition Probabilities
0.9783894449499545,0.004400467553098282,0.017210087496947208
0.0005333333333333333,0.01877316051000776,0.9806935061566588
0.9993033786137234,0.00034831069313827936,0.00034831069313827936

0.027535566773749437,0.5655717072706439,0.40689272595560666
0.9904806582766479,0.0035923141904153745,0.005927027532936765
0.9278007372376235,0.025040537484359505,0.047158725278017045

Transition Gammas
4301.0,19.34445536342005,75.65554463657993
1.0,35.19967595626455,1838.8003240437356
2869.0,1.0,1.0

120.0,2464.761500285465,1773.238499714533
587.765254081795,2.1317301304448004,3.5171821021802843
446.6168326184462,12.05380109055017,22.70086632685782

Iteration: ,17500
Error:,0.1178722942757242
Absolute Error:,1
Transition Probabilities
0.9784967067028284,0.004754352456251107,0.016748940840920528
0.0004589261128958237,0.017543019755081553,0.9819980541320226
0.9994006592747977,0.00029967036260113877,0.00029967036260113877

0.026440410418310977,0.5667488768518817,0.40681071272980734
0.9915034819776973,0.0031094589454440293,0.005387059076858603
0.9257097365125173,0.028126613931978503,0.046163649555504116

Transition Gammas
5051.0,24.541967379168216,86.45803262083176
1.0,38.22624004632271,2139.7737599536777
3335.0,1.0,1.0

134.0,2872.283307885336,2061.716692114663
690.6945256503507,2.166090498309529,3.7526970720461517
517.427873846885,15.721444283565683,25.803292432145874

Iteration: ,20000
Error:,0.11558752094138422
Absolute Error:,1
Transition Probabilities
0.9788235294117648,0.004535508510060219,0.01664096207817507
0.00040032025620496405,0.017313754797253653,0.9822859249465414
0.9994727128921698,0.0002636435539151068,0.0002636435539151068

0.025177982288591774,0.5715972936974296,0.4032247240139786
0.9922309118832798,0.0028837653075366146,0.004885322809183453
0.92859261514596,0.026664295166223467,0.044743089687816553

Transition Gammas
5824.0,26.986275634858302,99.01372436514166
1.0,43.24975948353961,2453.75024051646
3791.0,1.0,1.0

145.0,3291.828814403497,2322.1711855965023
788.5797070174947,2.291884655163765,3.8826309313823844
591.5116061699684,16.98510175927236,28.501257079335353

Iteration: ,22500
Error:,0.11695864282477976
Absolute Error:,1
Transition Probabilities
0.9786882785532043,0.0045102323261088095,0.01680148912068692
0.00035486160397445,0.01748515903101015,0.9821599793650153
0.9995331465919701,0.00023342670401493932,0.00023342670401493932

0.025273539836646635,0.5724416639617851,0.4022847962015683
0.9929723035782512,0.0025553578580177305,0.004472338563731068
0.9235381079142281,0.02739961860735587,0.04906227347841597

Transition Gammas
6521.0,30.051677988863,111.94832201113695
1.0,49.2731781493866,2767.7268218506133
4282.0,1.0,1.0

164.0,3714.5739574480226,2610.4260425519765
890.5907164560507,2.291884655163765,4.011212791488896
656.8726612371429,19.48816214216049,34.89587042476939

Iteration: ,23769
Error:,0.11641344391346813
Absolute Error:,1
Transition Probabilities
0.9789683103595282,0.004279326300541376,0.01675236333993041
0.0003350083752093803,0.017181126149908247,0.9824838654748824
0.9995576199955762,0.00022119000221190003,0.00022119000221190003

0.024813895781637722,0.5747612476427671,0.40042485657559523
0.9932404290213176,0.0025360906308527272,0.004223480347829697
0.9236491189816891,0.02656749026547597,0.04978339075283484


Model Num 2
Model States: 
"['diamond', 'x', 'diamond']","['diamond', 'x', 'square']","['square', 'y', 'diamond', 'x', 'diamond']","['square', 'y', 'diamond', 'x', 'square']"
Iteration: ,0
Error:,0.6750519408423694
Absolute Error:,0.74
Transition Probabilities
0.25,0.25,0.25,0.25
0.25,0.25,0.25,0.25
0.25,0.25,0.25,0.25
0.25,0.25,0.25,0.25

0.25,0.25,0.25,0.25
0.25,0.25,0.25,0.25
0.25,0.25,0.25,0.25
0.25,0.25,0.25,0.25

Transition Gammas
1.0,1.0,1.0,1.0
1.0,1.0,1.0,1.0
1.0,1.0,1.0,1.0
1.0,1.0,1.0,1.0

1.0,1.0,1.0,1.0
1.0,1.0,1.0,1.0
1.0,1.0,1.0,1.0
1.0,1.0,1.0,1.0

Iteration: ,2500
Error:,0.036420595832248784
Absolute Error:,0.9755702918292299
Transition Probabilities
0.04154972078813433,0.9500114606464648,0.004219409282700422,0.004219409282700422
0.0014025245441795235,0.0014025245441795235,0.025547833773072834,0.9716471171385681
0.009000972141324688,0.014836474317011612,0.9508891461561192,0.025273407385544622
0.012630990907496269,0.024957156259347635,0.947370464246604,0.015041388586552025

0.016070806439600998,0.046274145762152365,0.8816096903275802,0.056045357470666454
0.006665352361507766,0.01794054641518953,0.049113451002552766,0.92628065022075
0.9829568305398458,0.004014580242331938,0.004157877719586166,0.00887071149823618
0.002029467644554505,0.973746009298862,0.011446565818957331,0.012777957237626059

Transition Gammas
9.847283826787837,225.15271617321218,1.0,1.0
1.0,1.0,18.215605480200924,692.7843945197989
1.4775756089507708,2.435516100865812,156.09542915100374,4.148815230358119
2.5354389987034294,5.009689876281314,190.16718790012493,3.019281978452166

1.0,2.879391643229899,54.85783763502714,3.4874016858644916
1.0,2.6916126023277798,7.368470313164785,138.96949478170072
282.7759779221348,1.1549101839485882,1.1961338501416243,2.55191687045017
1.3074985939766481,627.3426144362662,7.374529352219945,8.232287500083427

Iteration: ,5000
Error:,0.026502889364201157
Absolute Error:,0.9799505613788762
Transition Probabilities
0.027261867765131783,0.9685187229521678,0.0021097046413502117,0.0021097046413502117
0.0007288629737609337,0.0007288629737609337,0.021423390557656137,0.9771188834948219
0.008562339419654178,0.015730290442700492,0.9511469806867582,0.024560389450887055
0.006780629570702487,0.01938904696004334,0.9598539171365771,0.013976406332677181

0.007650462190611325,0.022028676898492555,0.9381854246515353,0.032135436259360786
0.008736628355403486,0.01090965888874381,0.027612004205409088,0.9527417085504437
0.9814240660477811,0.0019572011869969257,0.009427559790038025,0.007191172975184051
0.0010442397280608449,0.9722222334243085,0.011974450525220906,0.014759076322409918

Transition Gammas
12.922125320672462,459.0778746793274,1.0,1.0
1.0,1.0,29.39289184510419,1340.6071081548944
3.093885648287532,5.68392789152374,343.68410883174647,8.874564848951174
2.8336554845041633,8.102769615232571,401.1272534882155,5.840802840693497

1.0,2.879391643229899,122.63120858278079,4.20045684282938
2.8503119427036636,3.5592599062746277,9.008375101589927,310.8305583942637
581.7024607671789,1.1600579057301479,5.587833963537465,4.262299203964436
1.3145659939755576,1223.905059635975,15.074321570037952,18.579813920658864

Iteration: ,7500
Error:,0.02167330192405726
Absolute Error:,0.9816542060967015
Transition Probabilities
0.02374451545575269,0.9734582817470445,0.001398601398601399,0.001398601398601399
0.0004842615012106543,0.0004842615012106543,0.022057921903070873,0.9769735550945078
0.005682975547579375,0.012204774861472837,0.9566108733209061,0.025501376270041756
0.00630089863146045,0.020101816316531237,0.9580090505020195,0.015588234549988913

0.005273314561772059,0.015183937881289003,0.9572106339424736,0.0223321136144653
0.0105444761908099,0.015363516180431112,0.025406756075276107,0.9486852515534828
0.9864957497995626,0.0013111230558110671,0.006302358036681759,0.005890769107944613
0.000698966498217939,0.9748117540214685,0.010398094848021474,0.014091184632292085

Transition Gammas
16.977328550863167,696.0226714491366,1.0,1.0
1.0,1.0,45.5496087298413,2017.4503912701564
3.093885648287532,6.644437842174942,520.7913754307801,13.883280227568221
4.009036521298766,12.790067016001796,609.5469068524178,9.918236313379905

1.0,2.879391643229899,181.51972971261742,4.234929161320647
5.169208050259354,7.5316412198256835,12.45512870044288,465.0730250371898
874.6526972177006,1.1624756795784141,5.587833963537465,5.222908552821774
1.3174663581610104,1837.4009265645368,19.599136991776394,26.560159531268056

Iteration: ,10000
Error:,0.02237228835756918
Absolute Error:,0.9812296691656307
Transition Probabilities
0.02326598401751044,0.974619851077627,0.00105708245243129,0.00105708245243129
0.0003608805485384342,0.0003608805485384342,0.023709922888240427,0.9755683160146826
0.004376211902323415,0.013508917253076482,0.9610160343509149,0.02109883649368519
0.005051580243533939,0.022203458509252642,0.9564164111224035,0.016328550124809965

0.007930166481512095,0.015723258195898634,0.957013196355841,0.019333378966748204
0.010753811776379003,0.015178194462499559,0.0209769315296715,0.9530910622314499
0.9853550307858181,0.0009943373503956189,0.006717762204535726,0.006932869659250706
0.0005192722685080137,0.9741269368298924,0.010024128993587275,0.01532966190801218

Transition Gammas
22.00962088056487,921.9903791194349,1.0,1.0
1.0,1.0,65.70019632331415,2703.2998036766826
3.093885648287532,9.550507641324991,679.4172180908162,14.916413757003133
4.271990035282874,18.77688741493447,808.8164853217512,13.808630183216934

1.9426136458357912,3.851648764191906,234.4347875697178,4.73600218715187
7.100700424052437,10.022103240913426,13.85098695285252,629.3223510395324
1153.6070582196226,1.1641231331137518,7.864838208024465,8.116675840432917
1.3201389878294485,2476.5099667250365,25.484209933814157,38.97239575908248

Iteration: ,12500
Error:,0.021852878122860832
Absolute Error:,0.9811777932981982
Transition Probabilities
0.021887349449047914,0.9764319782820445,0.0008403361344537818,0.0008403361344537818
0.00028893383415197976,0.00028893383415197976,0.024815776979584238,0.9746063553521118
0.0035983620157408044,0.01223415220389052,0.9645195649941585,0.019647920786210252
0.005137802557498385,0.023927019082360303,0.9534693390005463,0.017465839359594948

0.006654819839953214,0.016541779786803695,0.9605423853703403,0.016261015002902716
0.011455333867743823,0.01620703470076468,0.018486797918729616,0.9538508335127619
0.9862458573404038,0.0007998258955553179,0.006348302252597783,0.006606014511443015
0.00041424405167801584,0.9731026613467565,0.009674077611061297,0.016809016990504154

Transition Gammas
26.045945844367008,1161.9540541556325,1.0,1.0
1.0,1.0,85.88740412634088,3373.1125958736525
3.093885648287532,10.518971620144134,829.2976711554168,16.893358665201312
5.466430489534337,25.457456796309636,1014.4558509633574,18.583002311222764

1.9426136458357912,4.828723829206087,280.39267630079115,4.746765562326843
9.728098760233639,13.763338196848643,15.699358743291166,810.0292159158947
1436.5839765931155,1.1650412086064905,9.2470546028405,9.622443050734272
1.3223855485881157,3106.4221476324415,30.88242396472829,53.65919212158586

Iteration: ,15000
Error:,0.020876455923364724
Absolute Error:,0.9821212129215671
Transition Probabilities
0.02097533059891211,0.9776299692616178,0.0006973500697350076,0.0006973500697350076
0.0002405580947798898,0.0002405580947798898,0.024072387517597417,0.9754464962928427
0.003043244589039352,0.011292104340762825,0.9661305422161723,0.019534108854025553
0.004279917660759621,0.022052721755162832,0.9567054778909301,0.016961882693147405

0.00577086161698323,0.014344538897228148,0.9635421130526773,0.01634248643311116
0.010778707958511324,0.02110054805596055,0.017128074699837795,0.9509926692856904
0.9874163288407872,0.0006686716275183301,0.005563606545329328,0.006351392986365149
0.0003450261101289319,0.9735552392400997,0.008944738700382971,0.017154995949388557

Transition Gammas
30.078624078839937,1401.9213759211586,1.0,1.0
1.0,1.0,100.06891491065227,4054.9310850893394
3.093885648287532,11.480010408851065,982.2074208890396,19.859165856476142
5.50699741519898,28.375378063284867,1230.9990545278304,21.82496289694797

1.9426136458357912,4.828723829206087,324.35192201543015,5.501282002399519
11.124493499579263,21.777462622571374,17.677550629636848,981.5009190653802
1721.5573076383334,1.1658269092187692,9.70013076062929,11.073633977874843
1.3237835618144167,3735.3011392173944,34.31884633852038,65.81966110421968

Iteration: ,17500
Error:,0.021797150213390116
Absolute Error:,0.9819914132114329
Transition Probabilities
0.021572837816931766,0.9772324190528412,0.0005973715651135015,0.0005973715651135015
0.00020458265139116242,0.00020458265139116242,0.024393236376200455,0.9751975983210172
0.002718151769951758,0.012117502094809007,0.9657699243465157,0.019394421788723488
0.003700701839134236,0.02168786001531728,0.9571199936061456,0.01749144453940281

0.0055143331181124475,0.015020994074681151,0.9636203483714975,0.015844324435708875
0.012343217209530785,0.02218403180579161,0.016272252983782976,0.9492004980008947
0.9877196621953378,0.0005778820504467862,0.005404492308649513,0.00629796344556594
0.0002947645509379517,0.9746900373333175,0.008073117330952666,0.016942080784791782

Transition Gammas
36.112930505543716,1635.8870694944535,1.0,1.0
1.0,1.0,119.2341394068676,4766.765860593123
3.200282023057812,14.266835482505417,1137.0726835282314,22.83449367477891
5.569829633264392,32.641831373171165,1440.5362914145228,26.325916098919883

2.0790951031367797,5.663436458406451,363.3183387128996,5.9738605994968825
14.672191699185301,26.369816052825623,19.342575853834436,1128.2999748945272
1993.5393200089507,1.1663538086632028,10.908022118373104,12.711337280467895
1.3246581227983787,4380.211497806663,36.28021217178839,76.1369196440617

Iteration: ,20000
Error:,0.022353948722798354
Absolute Error:,0.9824944277981473
Transition Probabilities
0.0229719086852471,0.9759875085884262,0.0005202913631633721,0.0005202913631633721
0.00017956545160711094,0.00017956545160711094,0.02718818400033685,0.9724526850964489
0.0023867789239425813,0.011899134398850958,0.9674214972869416,0.018292589390264846
0.0032741211708907287,0.021747956979457764,0.9581037610674268,0.01687416078222475

0.004726025234120257,0.012873650452008542,0.9643992610123759,0.01800106330149524
0.011155946502230575,0.02763766855294137,0.015695304923212063,0.9455110800216161
0.986897421233337,0.0005008926298932026,0.0056920314797233385,0.006909654657046256
0.00025978875586838183,0.9751858175753944,0.007636939515091804,0.01691745415364547

Transition Gammas
44.15200849304488,1875.8479915069531,1.0,1.0
1.0,1.0,151.4109966978758,5415.58900330212
3.240756456889914,16.156585030832467,1313.5600588796667,24.8375861647934
5.619186773858289,37.32477383668787,1644.33864880734,28.960156371256076

2.0790951031367797,5.663436458406451,424.2630290171953,7.919111876761007
15.154515461660148,37.543697016299284,21.320892950385698,1284.4057900863547
2299.5078090996744,1.1670985141702634,13.262645697166459,16.09975312551063
1.3258926651239686,4977.088859500953,38.97690665328753,86.34218328623024

Iteration: ,22500
Error:,0.02135613988072186
Absolute Error:,0.9826543583233639
Transition Probabilities
0.02096582691080063,0.9781060988432597,0.0004640371229698381,0.0004640371229698381
0.00015908367801463597,0.00015908367801463597,0.026666306126124566,0.9730155265178462
0.0021492546575608844,0.012000126308527896,0.9687136127097338,0.017137006324177414
0.0034348214004874538,0.02173656175830709,0.9579015210266266,0.01692709581457883

0.006155590385998753,0.013425451893431608,0.9633611469788593,0.01705781074171025
0.010703441415194602,0.026254853687419043,0.014921327980922529,0.9481203769164638
0.9879467969690218,0.0004468373549575199,0.005223098641850576,0.006383267034170254
0.000230149483935342,0.9755586102122977,0.0071104685717017346,0.017100771732065468

Transition Gammas
45.18135699277531,2107.8186430072224,1.0,1.0
1.0,1.0,167.62440030881874,6116.3755996911705
3.240756456889914,18.094406207773748,1460.6760926269124,25.84005748293603
6.636894137083845,42.00022140120475,1850.8941943540617,32.70718615928371

3.036535925810899,6.62273875262682,475.22342275818426,8.41457145210648
16.34692139048078,40.097947258116555,22.78872430688099,1448.0248612529688
2581.4882274203087,1.1675784312812918,13.647868180714443,16.679368516346692
1.326780686426378,5623.963609973898,40.9908908378261,98.58363907287685

Iteration: ,25000
Error:,0.021110874827782216
Absolute Error:,0.982363626461654
Transition Probabilities
0.021855007527889676,0.9773078221079412,0.0004185851820845547,0.0004185851820845547
0.00014341029685931478,0.00014341029685931478,0.026361132958722017,0.9733520464475593
0.0019172105942329629,0.013001511668134364,0.96919796868533,0.015883309052302615
0.0031106040381527196,0.02283242433896466,0.9578143913051897,0.016242580317692924

0.00540284051943051,0.013446916904300466,0.9646708086880742,0.016479433888194832
0.011492145852546919,0.025186019316357746,0.014838315884057523,0.9484835189470378
0.987529477840354,0.0004011807933042671,0.00520485322414147,0.00686448814220022
0.00020770323411272606,0.9760249536238692,0.0066928117829313715,0.017074531359086535

Transition Gammas
52.21161298412837,2334.788387015869,1.0,1.0
1.0,1.0,183.81618012116826,6787.183819878818
3.240756456889914,21.977102053670453,1638.2835482286685,26.8483475539219
6.678252498043904,49.01964152552255,2056.361488939287,34.87170056068253

3.036535925810899,7.5575146303978205,542.1699116654937,9.26186750442964
19.45639878700418,42.640359943538755,25.121521678545278,1605.7987624169216
2875.4608708089568,1.168147077279455,15.155346873343792,19.987825674019806
1.3276168284669607,6238.64697615385,42.77973614969934,109.13857585003886

Iteration: ,27500
Error:,0.02074032974517578
Absolute Error:,0.9825355008063317
Transition Probabilities
0.022476716290694438,0.9767645583678792,0.0003793626707132021,0.0003793626707132021
0.00013099292638197557,0.00013099292638197557,0.026724875934841102,0.973013138212395
0.002216536314843251,0.013104017352332064,0.9694975749002693,0.01518187143255534
0.0031712284651965587,0.021714144479208726,0.9593661654784662,0.015748461577128677

0.004937394519639962,0.012288486693356119,0.9660454661316584,0.016728652655345507
0.011424988758648355,0.024830912607300516,0.013812442471379388,0.9499316561626717
0.9865722700932091,0.0003642044826644295,0.00533654522590818,0.007726980198218242
0.00018982952049321117,0.9764083116602491,0.006494866090195283,0.016906992729062403

Transition Gammas
59.248624142270494,2574.751375857728,1.0,1.0
1.0,1.0,204.01770288657667,7427.982297113412
4.210546992937304,24.89247773148345,1841.6639832697783,28.83958303747765
7.517611127483976,51.47484514351332,2274.2422503089915,37.33279115405465

3.036535925810899,7.5575146303978205,594.1254546718751,10.28825113656761
21.433405689221335,46.58306758884167,25.91229534681219,1782.0823279284518
3165.437136968656,1.1685574689500668,17.122413586190266,24.79217267453766
1.3285939508562983,6833.7641746506515,45.456785523323006,118.33000583176971

Iteration: ,30000
Error:,0.02123439870498394
Absolute Error:,0.9825569768946101
Transition Probabilities
0.022722214687822772,0.9765816488694344,0.0003480682213713891,0.0003480682213713891
0.00011981787682722272,0.00011981787682722272,0.02614658032846587,0.9736137839178797
0.0020294810847779217,0.012937348096444083,0.9711250996056758,0.013908071213102212
0.0029315263524820013,0.022626997611732126,0.958862372821789,0.015579103213996914

0.004618162745241453,0.011493963307349971,0.9674273548802492,0.01646051906715928
0.011857166387682314,0.02596599330995531,0.01339670452649772,0.9487801357758646
0.986244378029764,0.00033535276349079947,0.005348451311784125,0.008071817894961123
0.00017380559241119092,0.9766373403395658,0.006150953555390307,0.01703790051263267

Transition Gammas
65.28092279811477,2805.719077201883,1.0,1.0
1.0,1.0,218.21935942137597,8125.780640578617
4.210546992937304,26.841005088759715,2014.7849115617935,28.854956009749387
7.587277441911152,58.56243059603426,2481.695190987654,40.32130848173573

3.036535925810899,7.5575146303978205,636.1031606634074,10.823126048649284
24.238122399406695,53.0790328389659,27.385207683284246,1939.4725779466942
3437.422554149934,1.1688270965079142,18.641309982042518,28.133239086806793
1.3292889797642942,7469.4561649565485,47.043335388648174,130.30819708137744

Iteration: ,32500
Error:,0.020467858693440956
Absolute Error:,0.9827880017666788
Transition Probabilities
0.021731692141206405,0.9776225216140406,0.0003228931223764937,0.0003228931223764937
0.00011038745998454573,0.00011038745998454573,0.025545362176967866,0.9742338629030631
0.002281474169471334,0.012229638902956674,0.970628587262812,0.014860299664759987
0.0027147066618356556,0.021215026823586877,0.9616316580417038,0.014438608472873763

0.00560997475086045,0.013323586396199913,0.9658548399700918,0.015211598882847795
0.011023471796022151,0.025038492199838353,0.012882888209029398,0.9510551477951101
0.9870025126244073,0.0003108371907203233,0.0050310316366595715,0.007655618548212882
0.00016014648188109336,0.9768735266024895,0.005914917730960927,0.017051409184668537

Transition Gammas
67.30305056131617,3027.696949438681,1.0,1.0
1.0,1.0,231.41543596115196,8825.58456403885
5.188868974421134,27.814469574569046,2207.548360410005,33.797510799318616
7.587277441911152,59.29343921795896,2687.644410742282,40.3541678734254

3.996476575268633,9.491558036480246,688.063033163966,10.836554763167053
24.238122399406695,55.05398388693372,28.326558732704033,2091.155264638315
3712.402580707846,1.1691487855910139,18.923168474916757,28.79500071355497
1.3298999859842036,8112.223722164484,49.11908719507956,141.59954417567994

Iteration: ,35000
Error:,0.019975983208771836
Absolute Error:,0.9830025928779323
Transition Probabilities
0.021407761793321295,0.9779919981106403,0.00030012004801920793,0.00030012004801920793
0.00010232272587741735,0.00010232272587741735,0.025335584302395284,0.9744597702458498
0.002548783304328086,0.011777631304835518,0.971403890808253,0.014269694582583531
0.002526649387863118,0.02030281814090164,0.9623638749803564,0.014806657490878911

0.005226397034200781,0.013682111136533528,0.9664654797830546,0.014626012046210947
0.010772081181916707,0.025212955499912766,0.012257304153136115,0.9517576591650344
0.987434732119706,0.0002890883415746837,0.004820175573249911,0.007456003965469424
0.00014846372106026108,0.9764762051445434,0.005670740944265399,0.01770459019013099

Transition Gammas
71.3306622953465,3258.669337704651,1.0,1.0
1.0,1.0,247.60466538730915,9523.395334612693
6.215496609394343,28.72108716248827,2368.8783504735216,34.79826556637077
7.6028485608116965,61.09246990280794,2895.814052008056,44.554173260330145

3.996476575268633,10.462319701231811,739.0285555198706,11.184093774310325
25.44302987175244,59.55153596654409,28.951040235282253,2247.9962918824194
3994.3854221291867,1.169424387994317,19.498644736307025,30.161136304245378
1.3303730914491003,8750.13544377848,50.81511568585281,158.6496028516191

Iteration: ,37500
Error:,0.020344449042737012
Absolute Error:,0.9829456816786802
Transition Probabilities
0.022223451144006923,0.9772164816479281,0.0002800336040324841,0.0002800336040324841
9.541984732824426e-05,9.541984732824426e-05,0.024597851277082965,0.9752113090282606
0.0023917486299841885,0.012459584064280728,0.9710824808570441,0.014066186448691037
0.0023514736890204555,0.019904568971796436,0.9620628032499842,0.015681154089199078

0.004997891751249204,0.013715340636916725,0.9667117331314757,0.01457503448035827
0.011274455114491762,0.024420108805960145,0.011886999976707054,0.952418436102841
0.9869523315781763,0.00026952141451452475,0.0049756275978803735,0.0078025194094287
0.0001388144957663988,0.9772121873600828,0.0053756132416364075,0.017273384902514583

Transition Gammas
79.35994403524866,3489.6400559647486,1.0,1.0
1.0,1.0,257.7854813838295,10220.214518616172
6.253549660539498,32.57726448291566,2539.026234776005,36.77794329577128
7.618032974948176,64.48452452914368,3116.779997730905,50.80199259491813

4.12047294367989,11.307505808552836,796.9979621328388,12.016273704708983
28.32374760011936,61.34833046595946,29.8625861421998,2392.6707871853837
4283.366003186834,1.1697209957610777,21.594187900847782,33.86287798126047
1.3307475744320012,9368.06160520304,51.53340969829594,165.59160435185407

Iteration: ,40000
Error:,0.020029771888083202
Absolute Error:,0.9829939964731198
Transition Probabilities
0.022382504859151674,0.9770932487450423,0.00026212319790301457,0.00026212319790301457
8.948545861297545e-05,8.948545861297545e-05,0.02424695746943439,0.9755740716133396
0.002583120040356799,0.011973337073702982,0.9716126108790695,0.013830932006870723
0.0022088489891577694,0.02049997760824088,0.9616314472143938,0.015659726188207587

0.0046774377045319645,0.012835942557095005,0.967122819662927,0.01536380007544587
0.011738876433611012,0.025485921372472787,0.011308052716292719,0.9514671494776236
0.9869454403839752,0.00025237702536245636,0.004894125562555452,0.00790805702810682
0.0001304945236397705,0.9773870890149832,0.00521377962273586,0.017268636838641306

Transition Gammas
85.38925603766359,3727.6107439623343,1.0,1.0
1.0,1.0,270.95974972092915,10902.040250279064
7.239068536484979,33.55469600050027,2722.897182933538,38.76051563882071
7.667241100535411,71.1584502378734,3337.964791545521,54.357222627128195

4.12047294367989,11.307505808552836,851.9629043429977,13.534359305660988
31.356282878605487,68.07668216772672,30.20548872658891,2541.5101059670455
4575.346703562983,1.1699860436032818,22.688509762758102,36.66069184235739
1.331128489005923,9969.980062656829,53.18392218803507,176.15125770080206

Iteration: ,42500
Error:,0.019557618175094795
Absolute Error:,0.9827879114804146
Transition Probabilities
0.022324352107298155,0.9771818207322079,0.0002469135802469137,0.0002469135802469137
8.403361344537832e-05,8.403361344537832e-05,0.023876605586406432,0.9759553271867027
0.0024553000167006015,0.011956468759737889,0.971851741683182,0.01373648954037964
0.002080941477322374,0.019815220152156136,0.9629402355816875,0.015163602788833996

0.00448712273679345,0.016163909939401214,0.9632601287120953,0.01608883861171003
0.011224702902975418,0.025370654220641685,0.011183304836798679,0.9522213380395842
0.9871186691965176,0.00023762079292681553,0.004712781705458576,0.007930928305097099
0.00012274688020444895,0.9780101076463248,0.005046974542777605,0.01682017093069323

Transition Gammas
90.41362603455748,3957.5863739654405,1.0,1.0
1.0,1.0,284.131606478236,11613.86839352174
7.28193133303617,35.46050743362996,2882.3189022490437,40.73969490882446
7.678711884775681,73.11852262063225,3553.266976447659,55.95396997923318

4.196810921270867,15.118123069794775,900.9382772294315,15.04790877292582
31.65501399199281,71.54830032316828,31.538266459751334,2685.378850528599
4861.327904793743,1.1702266682430398,23.209344457638032,39.05796160442337
1.3314891347809379,10608.90370385005,54.74674188078311,182.45575612246375

Iteration: ,45000
Error:,0.021391077022342712
Absolute Error:,0.9826967760869312
Transition Probabilities
0.022932932251468904,0.9766011930688201,0.00023293733985557905,0.00023293733985557905
7.935248373274095e-05,7.935248373274095e-05,0.023432519711745533,0.9764087753207891
0.00264303121979813,0.011917505777893711,0.9718179870357432,0.013621475966564996
0.00221896717112171,0.021078628527036538,0.9608798042000045,0.015822600101837288

0.004294230331474684,0.015469055875793608,0.9637735248555332,0.016463188937198423
0.010912455343982514,0.024952852270616034,0.011236673691290907,0.9528980186941106
0.986698294317478,0.00022483835061385795,0.00473771958258095,0.00833914774932714
0.00011594861035810258,0.9777874916420085,0.0048816330314480376,0.017214926716185217

Transition Gammas
98.45107815555592,4192.548921844441,1.0,1.0
1.0,1.0,295.29661340741677,12304.703386592566
8.288461304584388,37.37291665240994,3047.590100452944,42.71651262175533
8.70569189538996,82.69795422029361,3769.827527299206,62.07693528017763

4.196810921270867,15.118123069794775,941.9092462505155,16.089703112607104
32.58086097000635,74.50068614322944,33.54886611317561,2845.027712556665
5136.311626583107,1.1704082605702253,24.66245691884333,43.40988708234419
1.3319642362126842,11232.372388603215,56.07795205239318,197.75714986288864

Iteration: ,45849
Error:,0.02070332030289442
Absolute Error:,0.9826818886836273
Transition Probabilities
0.02320227522831867,0.9763403728393695,0.0002286759661559572,0.0002286759661559572
7.798487093503869e-05,7.798487093503869e-05,0.023033008624856025,0.9768110216332738
0.002593315474783549,0.012216303304944581,0.9712793544925279,0.013911026727743999
0.0023652573880867827,0.021156461614999456,0.9609602169398839,0.015518064057029901

0.004193396448130099,0.015105823152993901,0.9641080393296355,0.016592741069240427
0.011020770914199207,0.024769869823845596,0.01133453058802589,0.9528748286739293
0.9867711032924731,0.00022062076899631507,0.004690773169075718,0.00831750276945492
0.00011393777312267992,0.9777615901754584,0.00482157569521845,0.017302896356200543


Model Num 3
Model States: 
"['diamond', 'x', 'diamond']","['diamond', 'x', 'square']","['square', 'y', 'diamond', 'x', 'diamond']","['square', 'x', 'square', 'y', 'diamond', 'x', 'diamond']","['square', 'x', 'diamond', 'x', 'square']"
Iteration: ,0
Error:,0.6494768423125253
Absolute Error:,1
Transition Probabilities
0.2,0.2,0.2,0.2,0.2
0.2,0.2,0.2,0.2,0.2
0.2,0.2,0.2,0.2,0.2
0.2,0.2,0.2,0.2,0.2
0.2,0.2,0.2,0.2,0.2

0.2,0.2,0.2,0.2,0.2
0.2,0.2,0.2,0.2,0.2
0.2,0.2,0.2,0.2,0.2
0.2,0.2,0.2,0.2,0.2
0.2,0.2,0.2,0.2,0.2

Transition Gammas
1.0,1.0,1.0,1.0,1.0
1.0,1.0,1.0,1.0,1.0
1.0,1.0,1.0,1.0,1.0
1.0,1.0,1.0,1.0,1.0
1.0,1.0,1.0,1.0,1.0

1.0,1.0,1.0,1.0,1.0
1.0,1.0,1.0,1.0,1.0
1.0,1.0,1.0,1.0,1.0
1.0,1.0,1.0,1.0,1.0
1.0,1.0,1.0,1.0,1.0

Iteration: ,2500
Error:,0.3420409366054649
Absolute Error:,1
Transition Probabilities
0.01782801404797546,0.9736734023826193,0.0028328611898017003,0.0028328611898017003,0.0028328611898017003
0.0024096385542168677,0.0024096385542168677,0.40963855421686746,0.5783132530120482,0.007228915662650603
0.2,0.2,0.2,0.2,0.2
0.0012626262626262627,0.0012626262626262627,0.494949494949495,0.4962121212121212,0.006313131313131313
0.12898308333843786,0.694546328426268,0.058823529411764705,0.058823529411764705,0.058823529411764705

0.02618176832727424,0.028754350911014206,0.47229950055708136,0.46314378155750024,0.009620598647129984
0.04717260736141963,0.019386353176684832,0.31281156446133795,0.6105515766638463,0.010077898336711376
0.6827233014593174,0.29201666882300076,0.007429420505200594,0.007429420505200594,0.010401188707280832
0.2,0.2,0.2,0.2,0.2
0.2,0.2,0.2,0.2,0.2

Transition Gammas
6.293288958935336,343.7067110410646,1.0,1.0,1.0
1.0,1.0,170.0,240.0,3.0
1.0,1.0,1.0,1.0,1.0
1.0,1.0,392.0,393.0,5.0
2.1927124167534435,11.807287583246556,1.0,1.0,1.0

2.7214281862890912,2.98883177291594,49.09252717843891,48.14084845912008,1.0
4.68079809751415,1.9236504010032507,31.03936495586983,60.58322442485382,1.0
459.47278188212056,196.5272181178795,5.0,5.0,7.0
1.0,1.0,1.0,1.0,1.0
1.0,1.0,1.0,1.0,1.0

Iteration: ,5000
Error:,0.33862049356712726
Absolute Error:,1
Transition Probabilities
0.013998702996825098,0.9814967924986705,0.0015015015015015026,0.0015015015015015026,0.0015015015015015026
0.0012285012285012285,0.0012285012285012285,0.4213759213759214,0.5663390663390664,0.009828009828009828
0.2,0.2,0.2,0.2,0.2
0.0006097560975609756,0.0006097560975609756,0.4603658536585366,0.5317073170731708,0.006707317073170732
0.16651858081834323,0.7425723282725659,0.030303030303030304,0.030303030303030304,0.030303030303030304

0.013241520059469816,0.014542612615993171,0.5086416704246717,0.4523070814520722,0.011267115447793104
0.03233902536110026,0.024385332476485812,0.336042472450653,0.6022242848364788,0.005008884875282101
0.6685763520393144,0.30739962393666154,0.00825825825825826,0.00825825825825826,0.007507507507507509
0.2,0.2,0.2,0.2,0.2
0.2,0.2,0.2,0.2,0.2

Transition Gammas
9.323136195885509,653.6768638041141,1.0,1.0,1.0
1.0,1.0,343.0,461.0,8.0
1.0,1.0,1.0,1.0,1.0
1.0,1.0,755.0,872.0,11.0
5.495113167005327,24.504886832994675,1.0,1.0,1.0

2.7214281862890912,2.98883177291594,104.53722626994924,92.9592097277018,2.3156439306126844
6.456332330712416,4.868415442491564,67.08927851565505,120.23120910770812,1.0
890.5437009163667,409.4562990836331,11.0,11.0,10.0
1.0,1.0,1.0,1.0,1.0
1.0,1.0,1.0,1.0,1.0

Iteration: ,7500
Error:,0.3364553875886207
Absolute Error:,1
Transition Probabilities
0.015516305356925436,0.981450327605663,0.0010111223458038427,0.0010111223458038427,0.0010111223458038427
0.0008064516129032258,0.0008064516129032258,0.4258064516129032,0.5645161290322581,0.008064516129032258
0.2,0.2,0.2,0.2,0.2
0.0004079967360261118,0.0004079967360261118,0.46226030191758466,0.529579763361893,0.0073439412484700125
0.12398228403429969,0.8135177159657003,0.02083333333333333,0.02083333333333333,0.02083333333333333

0.008988562088997253,0.011488154146369303,0.4928414580885736,0.4737197433827264,0.012962082293333503
0.029651764462189048,0.021286575938455846,0.3671683273704039,0.5784216553105792,0.0034716769183720775
0.6608173851824303,0.31229018453868523,0.00946215139442232,0.0104581673306773,0.006972111553784867
0.2,0.2,0.2,0.2,0.2
0.2,0.2,0.2,0.2,0.2

Transition Gammas
15.34562599799925,970.6543740020003,1.0,1.0,1.0
1.0,1.0,528.0,700.0,10.0
1.0,1.0,1.0,1.0,1.0
1.0,1.0,1133.0,1298.0,18.0
5.951149633646386,39.04885036635362,1.0,1.0,1.0

2.7214281862890912,3.478218895615493,149.21548320346346,143.42608409207827,3.9244737653040778
8.541049515659774,6.131496806574227,105.7610877980474,166.61160266658973,1.0
1326.9213094463187,627.0786905536793,19.0,21.0,14.0
1.0,1.0,1.0,1.0,1.0
1.0,1.0,1.0,1.0,1.0

Iteration: ,10000
Error:,0.33835145612429385
Absolute Error:,1
Transition Probabilities
0.014084143204190434,0.9836152432988771,0.0007668711656441723,0.0007668711656441723,0.0007668711656441723
0.0005952380952380953,0.0005952380952380953,0.4357142857142857,0.5547619047619048,0.008333333333333333
0.2,0.2,0.2,0.2,0.2
0.0003077870113881194,0.0003077870113881194,0.463835026161896,0.5297014465989536,0.005847953216374269
0.10942909124777617,0.8388467708211894,0.017241379310344827,0.017241379310344827,0.017241379310344827

0.00831714556444816,0.00953377045520611,0.4872109559687353,0.47871679645898724,0.0162213315526232
0.024307285534325502,0.024716026541411997,0.3804436750663174,0.5678542307734266,0.0026787820845186115
0.6544093527678312,0.32219666282815845,0.00705532862978092,0.010397326401782408,0.00594132937244709
0.2,0.2,0.2,0.2,0.2
0.2,0.2,0.2,0.2,0.2

Transition Gammas
18.365722738264314,1282.6342772617347,1.0,1.0,1.0
1.0,1.0,732.0,932.0,14.0
1.0,1.0,1.0,1.0,1.0
1.0,1.0,1507.0,1721.0,19.0
6.346887292371018,48.653112707628985,1.0,1.0,1.0

3.354888860295307,3.8456391136765773,196.5263919126548,193.10010089778592,6.543202124257055
9.074006308614546,9.2265909512582,142.02113612189726,211.98224150266122,1.0
1762.324387003768,867.6756129962299,19.0,28.0,16.0
1.0,1.0,1.0,1.0,1.0
1.0,1.0,1.0,1.0,1.0

Iteration: ,12500
Error:,0.3396065921485622
Absolute Error:,1
Transition Probabilities
0.01679500846559564,0.9813656291800206,0.000613120784794605,0.000613120784794605,0.000613120784794605
0.000474158368895211,0.000474158368895211,0.44570886676149835,0.5419630156472262,0.011379800853485065
0.2,0.2,0.2,0.2,0.2
0.00025031289111389235,0.00025031289111389235,0.4700876095118899,0.5234042553191489,0.006007509386733416
0.13167779595380932,0.8308222040461907,0.0125,0.0125,0.0125

