0,1,2,3,4,5,6,7,8,9,10,11,12,13,14,15,16,17,18,19,20,21,22,23,24,25,26,27,28,29
github Code Version (SHA):,32a229dd34421fba547a58d2c923a1ee52132eb5
Environment Observations,Environment Actions,alpha,epsilon,numActions,explore,patience,gainThresh,insertRandActions,useBudd,revisedSplitting,haveControl,confidence_factor
"['square', 'diamond']","['x', 'y']",0.99,0.99,75000,0.5,0,0.01,False,True,False,False,250

Model Num 0
Model States: 
['square'],['diamond']
Iteration: ,0
Error:,0.6723371476456231
Absolute Error:,1
Transition Probabilities
0.5,0.5
0.5,0.5

0.5,0.5
0.5,0.5

Transition Gammas
1.0,1.0
1.0,1.0

1.0,1.0
1.0,1.0

Iteration: ,2331
Error:,0.2601767854859826
Absolute Error:,1
Transition Probabilities
0.9831804281345565,0.016819571865443424
0.678,0.322

0.022288261515601784,0.9777117384843982
0.6470588235294118,0.35294117647058826


Model Num 1
Model States: 
['square'],"['diamond', 'x', 'square']","['diamond', 'x', 'diamond']"
Iteration: ,0
Error:,0.708609373445858
Absolute Error:,1
Transition Probabilities
0.3333333333333333,0.3333333333333333,0.3333333333333333
0.3333333333333333,0.3333333333333333,0.3333333333333333
0.3333333333333333,0.3333333333333333,0.3333333333333333

0.3333333333333333,0.3333333333333333,0.3333333333333333
0.3333333333333333,0.3333333333333333,0.3333333333333333
0.3333333333333333,0.3333333333333333,0.3333333333333333

Transition Gammas
1.0,1.0,1.0
1.0,1.0,1.0
1.0,1.0,1.0

1.0,1.0,1.0
1.0,1.0,1.0
1.0,1.0,1.0

Iteration: ,2500
Error:,0.21093175801615388
Absolute Error:,1
Transition Probabilities
0.9816643159379408,0.013731021322492324,0.004604662739566913
0.9962121212121212,0.001893939393939394,0.001893939393939394
0.00357142857142857,0.9811664038390607,0.015262167589510666

0.019607843137254895,0.43606184175224716,0.5443303151104979
0.9540285531581888,0.024931150758147738,0.021040296083663472
0.24540454201239462,0.7400914462514618,0.014504011736143477

Transition Gammas
696.0,9.735294117647058,3.264705882352941
526.0,1.0,1.0
1.0,274.7265930749371,4.2734069250629885

14.0,311.34815501110455,388.6518449888956
93.05164317530415,2.431672025556465,2.052175605225488
27.247532697011096,82.1731566789682,1.6103961678037801

Iteration: ,5000
Error:,0.21044605710523565
Absolute Error:,1
Transition Probabilities
0.9815068493150685,0.013945736457108749,0.004547414227822758
0.9981024667931688,0.0009487666034155598,0.0009487666034155598
0.0018148820326678763,0.9813152804320365,0.016869837535295633

0.020655270655270654,0.44787314040268283,0.5314715889420466
0.9531290810894747,0.025240974137853586,0.021629944772671716
0.19866648931801842,0.7905235971921093,0.01080991348987229

Transition Gammas
1433.0,20.360775227378774,6.639224772621226
1052.0,1.0,1.0
1.0,540.7047195180522,9.295280481947895

29.0,628.8138891253667,746.1861108746334
182.28128879674435,4.827213215521782,4.136621458720218
42.676351870048435,169.8155703619568,2.322121226192787

Iteration: ,7500
Error:,0.20643019353093364
Absolute Error:,1
Transition Probabilities
0.9842300556586271,0.011711066029269301,0.004058878312103611
0.998745294855709,0.0006273525721455458,0.0006273525721455458
0.0012135922330097084,0.9801989266445584,0.01858748112243175

0.020216267042783256,0.4555032070921397,0.524280525865077
0.9482381274693201,0.03203190271321053,0.019729969817469314
0.1966725374844924,0.7959297747733965,0.007397687742111034

Transition Gammas
2122.0,25.249058359104612,8.750941640895386
1592.0,1.0,1.0
1.0,807.6839155551164,15.316084444883767

43.0,968.8553214849816,1115.1446785150192
259.82712867821624,8.777075153353541,5.406217339374792
61.900707780750466,250.51091033048462,2.3283479891734347

Iteration: ,10000
Error:,0.20804232179557153
Absolute Error:,1
Transition Probabilities
0.983304347826087,0.01317612228023189,0.0035195298936811542
0.9990588235294118,0.00047058823529411766,0.00047058823529411766
0.0009025270758122742,0.9771177302196702,0.02197974270451745

0.02120890774125132,0.45732922243319263,0.5214618698255561
0.947594969132636,0.03215944260755784,0.02024558825980624
0.18835238977443722,0.8020261340044716,0.009621476221091177

Transition Gammas
2827.0,37.88135155566668,10.118648444333319
2123.0,1.0,1.0
1.0,1082.6464450833948,24.35355491660534

60.0,1293.7843702635023,1475.2156297364986
347.2843120178806,11.786121987400481,7.4198105933801735
76.98865555482355,327.8265481567953,3.932758801741767

Iteration: ,12500
Error:,0.2076906448916152
Absolute Error:,1
Transition Probabilities
0.9842297944241059,0.012585712596321193,0.003184492979572923
0.9992553983618764,0.00037230081906180194,0.00037230081906180194
0.0007293946024799415,0.9785675399121114,0.02070306548540864

0.020202020202020197,0.466759448528909,0.5130385312690707
0.955005348885409,0.028350185801747432,0.016644465312843512
0.18033515423393007,0.810546363645004,0.009118482121065953

Transition Gammas
3495.0,44.691865429536556,11.30813457046345
2684.0,1.0,1.0
1.0,1341.616097219505,28.383902780495248

72.0,1663.5306745570322,1828.4693254429687
431.7780705141025,12.817717239470253,7.52531399526309
92.07828427523553,413.8611731418076,4.655854220264892

Iteration: ,15000
Error:,0.2042399457406495
Absolute Error:,1
Transition Probabilities
0.98380661816475,0.013031585222893757,0.003161796612356187
0.999379652605459,0.00031017369727047146,0.00031017369727047146
0.0006064281382656154,0.9760967548641423,0.023296816997592146

0.018505504802061368,0.4690893182683311,0.5124051769296075
0.9551309005483581,0.02563120984564606,0.019237889605995893
0.1740735710686021,0.8183153369090351,0.007611092022362858

Transition Gammas
4192.0,55.5275846347503,13.472415365249713
3222.0,1.0,1.0
1.0,1609.5835487709708,38.416451229029455

79.0,2002.5422996875059,2187.457700312495
518.3521891549433,13.910128681369892,10.440456052949383
106.62687974915961,501.2501926045161,4.662091946792102

Iteration: ,17500
Error:,0.2041101824490355
Absolute Error:,1
Transition Probabilities
0.9834108840784949,0.01278809668818602,0.0038010192333191406
0.9994692144373672,0.0002653927813163482,0.0002653927813163482
0.0005232862375719519,0.9751647992365702,0.024311914525857903

0.018429487179487173,0.473920861463281,0.507649651357232
0.9548238766424688,0.027048296851832406,0.0181278265056988
0.16665839899695253,0.8264995810622545,0.006842019940793007

Transition Gammas
4861.0,63.2115619297035,18.78843807029651
3766.0,1.0,1.0
1.0,1863.5399313410853,46.460068658914444

92.0,2365.8129404246997,2534.1870595753026
611.6948858628541,17.328122243597353,11.613344656123614
120.46644722871552,597.4224447482674,4.945648338734082

Iteration: ,20000
Error:,0.20526262520213523
Absolute Error:,1
Transition Probabilities
0.9838341240555263,0.012487231170977787,0.003678644773495945
0.9995343422584401,0.00023282887077997672,0.00023282887077997672
0.0004601932811780949,0.9772186721278517,0.022321134590970123

0.018811533052039375,0.4750987286782556,0.5060897382697052
0.95604613692454,0.026781305488149946,0.01717255758731013
0.15962468641480154,0.8336883847874872,0.006686928797711308

Transition Gammas
5599.0,71.06483259403458,20.935167405965423
4293.0,1.0,1.0
1.0,2123.4961745338214,48.503825466178064

107.0,2702.3615687219185,2878.6384312780838
703.3086782362353,19.701480751653566,12.632872318817808
131.66349681670064,687.6525834565981,5.515590653585318

Iteration: ,20503
Error:,0.20584541413712817
Absolute Error:,1
Transition Probabilities
0.983738445737761,0.012650880591700974,0.003610673670537986
0.999546176537327,0.0002269117313365101,0.0002269117313365101
0.00044984255510571307,0.9772789820772899,0.022271175367604503

0.019210977701543733,0.4756152816830928,0.5051737406153636
0.956916096623502,0.026251234754201467,0.016832668622296616
0.15789454876899672,0.8355863922045942,0.006519059026409126


Model Num 2
Model States: 
"['diamond', 'x', 'square']","['diamond', 'x', 'diamond']","['square', 'y', 'diamond', 'x', 'diamond']","['square', 'y', 'diamond', 'x', 'square']"
Iteration: ,0
Error:,0.6720710035260806
Absolute Error:,0.74
Transition Probabilities
0.25,0.25,0.25,0.25
0.25,0.25,0.25,0.25
0.25,0.25,0.25,0.25
0.25,0.25,0.25,0.25

0.25,0.25,0.25,0.25
0.25,0.25,0.25,0.25
0.25,0.25,0.25,0.25
0.25,0.25,0.25,0.25

Transition Gammas
1.0,1.0,1.0,1.0
1.0,1.0,1.0,1.0
1.0,1.0,1.0,1.0
1.0,1.0,1.0,1.0

1.0,1.0,1.0,1.0
1.0,1.0,1.0,1.0
1.0,1.0,1.0,1.0
1.0,1.0,1.0,1.0

Iteration: ,2500
Error:,0.04562449214094589
Absolute Error:,0.6187611064703501
Transition Probabilities
0.0014164305949008506,0.0014164305949008506,0.023673511115448582,0.9734936276947497
0.9664595308024628,0.02343945909652702,0.00505050505050505,0.00505050505050505
0.027427388242978676,0.005993984297985584,0.9452817058113242,0.021296921647711547
0.006740235530787347,0.006596214276968494,0.957715064256445,0.02894848593579924

0.02998634083041761,0.0074248545229482175,0.022292345118303462,0.9402964595283306
0.8413603666177251,0.05141905858633619,0.022145501565160906,0.08507507323077802
0.004555568400758874,0.9837720527631305,0.004044134295391988,0.007628244540718561
0.965242567226152,0.001589195343317983,0.016563321328437023,0.016604916102093012

Transition Gammas
1.0,1.0,16.713498847506692,687.286501152493
191.35898709888767,4.64101290111235,1.0,1.0
4.858208246090971,1.0617133387050806,167.43757507524063,3.772319823115211
1.4808109580739763,1.4491698900613872,210.4073300384805,6.359901667764784

5.702848612874198,1.4120703008229718,4.239592625008501,178.82703295602406
45.5444073227377,2.7834096319773955,1.1987773416337735,4.605272534776733
1.1264631854460496,243.25899708228553,1.0,1.8862490668053282
642.4259072157666,1.057703311933326,11.02386808479235,11.051551862019636

Iteration: ,5000
Error:,0.03245280774390343
Absolute Error:,0.6189290072933465
Transition Probabilities
0.0006887052341597806,0.0006887052341597806,0.02750619433797325,0.9711163951937072
0.9759367080917007,0.019088167530189836,0.002487562189054726,0.002487562189054726
0.0171898075372361,0.003281570137302731,0.9654025620265991,0.01412606029886214
0.010516221004003637,0.005032324132596758,0.9637874026455336,0.020664052217866123

0.020613931056880436,0.005317614385490401,0.011545098908816801,0.9625233556488124
0.893607662232855,0.031894707480590874,0.014052189745104797,0.060445440541449416
0.0023365419006522318,0.9877263465732493,0.0025119050663004938,0.007425206459797802
0.9677939739210544,0.0007746256032655307,0.013519781730497553,0.017911618745182566

Transition Gammas
1.0,1.0,39.938994178737104,1410.0610058212608
392.32655665286376,7.673443347136315,1.0,1.0
5.801707251830625,1.107558023656689,325.83163208272606,4.767666321928029
4.542951151030272,2.1739370731971306,416.35099609737046,8.926759885738903

7.6117899810464555,1.96355386029266,4.263081503563593,355.41622870643226
78.50322308157631,2.8019425552083055,1.2344815660915243,5.310117743655909
1.1289447124632215,477.23879294148975,1.2136747652665347,3.5876298941596207
1326.8517304061515,1.0620166583033714,18.535707255072726,24.556943902152682

Iteration: ,7500
Error:,0.03159867129886183
Absolute Error:,0.6197241774101218
Transition Probabilities
0.0004531037607612146,0.0004531037607612146,0.02681680843565665,0.9722769840428209
0.9753908700568262,0.021259046191079954,0.0016750418760469012,0.0016750418760469012
0.014049569427007438,0.002377489019390351,0.9715969491165691,0.011975992437033062
0.01545169518491313,0.006844719583643839,0.9525474285349699,0.025156156696473215

0.020667112288073306,0.007073270101718686,0.009587708145584883,0.9626719094646231
0.9185758483922835,0.028123137049431934,0.009289531988886086,0.044011482569398366
0.0015838637255978364,0.9916929689265612,0.0016994836052985757,0.005023683742542306
0.9690720037897741,0.0005117553605917022,0.011371340959613495,0.01904489989002076

Transition Gammas
1.0,1.0,59.18469621749419,2145.8153037825045
582.3083494239253,12.691650576074732,1.0,1.0
6.750889144469393,1.1423954944301942,466.85724645639385,5.754524916756457
10.065411902764499,4.458729035475812,620.5003470742168,16.38700971060567

11.316878201892122,3.873174690032997,5.250028344864057,527.1389924213595
124.46307640592295,3.8105641047323378,1.258691627622927,5.96336658247697
1.131105607247922,708.210851535083,1.2136747652665347,3.5876298941596207
2014.7497882882458,1.0639653197856493,23.641593918035447,39.59531167068378

Iteration: ,10000
Error:,0.030142058250187734
Absolute Error:,0.6208037276400311
Transition Probabilities
0.00033795201081446443,0.00033795201081446443,0.025815847942308467,0.9735082480360625
0.9774888121724733,0.019969891766535623,0.0012706480304955528,0.0012706480304955528
0.01462104983591999,0.0031312622856032478,0.9706453240231029,0.011602363855373714
0.015315691619513808,0.00539813231023125,0.9563078918157492,0.022978284254505852

0.021727055615683378,0.006087980631163163,0.01446560705932452,0.957719356693829
0.9219763961718733,0.029876767470635685,0.006658565162119107,0.041488271195371865
0.0011822498951712672,0.9928260722801115,0.0013704914811628463,0.004621186343554403
0.9712900517927407,0.0003874014765410616,0.009791995644541586,0.018530551086176517

Transition Gammas
1.0,1.0,76.38909406129073,2880.610905938708
769.2836951797365,15.716304820263534,1.0,1.0
9.675362676583019,2.072087749423323,642.3167724372944,7.677771395774414
13.425429550942813,4.731895028843525,838.28040871657,20.14230529866204

15.266874980134219,4.277820281840488,10.164498052236805,672.9573460540605
179.4248077114241,5.814284704809751,1.2958160087478987,8.073986614426634
1.1326651199823845,951.1859268280039,1.313011660467329,4.42736904072615
2670.6537843941874,1.065196969221151,26.92401736906355,50.95150135004914

Iteration: ,12500
Error:,0.0301851113176404
Absolute Error:,0.6213013731870036
Transition Probabilities
0.00027092928745597433,0.00027092928745597433,0.025631816786688813,0.9738263246383992
0.9770985903834398,0.020887310925724295,0.0010070493454179257,0.0010070493454179257
0.01561028054814577,0.002682519120930713,0.9709484426752146,0.010758757655709002
0.019048191949872298,0.004583747675241001,0.9538480759456115,0.022519984429275115

0.02332615358120396,0.006725096798146899,0.016990722066853675,0.9529580275537956
0.9320253951684209,0.02763359428717655,0.005242375643073128,0.03509863490132952
0.000935599317043056,0.9911953039536014,0.001221146299084162,0.006647950430271233
0.9734527592198321,0.0003125829278068709,0.008529342573405914,0.017705315278955094

Transition Gammas
1.0,1.0,94.60703575966829,3594.3929642403273
970.2589002507557,20.741099749244224,1.0,1.0
12.531715706271477,2.1534889713518974,779.4638803271298,8.63698073062703
21.306960913652766,5.127296743513838,1066.9571015044444,25.190444808272243

20.750217242711233,5.982435940585421,15.11441536086912,847.7216797055073
230.37903230277522,6.830501340338299,1.2958160087478987,8.675718049780752
1.133789633836429,1201.1626561268904,1.4798247391576784,8.05620220835741
3320.572945374788,1.0662606926024827,29.094687875540863,60.395114552602934

Iteration: ,15000
Error:,0.03126220019496256
Absolute Error:,0.6212680425355928
Transition Probabilities
0.0002266032177656924,0.0002266032177656924,0.02556259257455137,0.9739842009899172
0.9728608988016263,0.02548347205930083,0.0008278145695364242,0.0008278145695364242
0.01580027113828491,0.0032452640692312244,0.9720928210851352,0.00886164370734875
0.019507598143197358,0.004574623704492083,0.9518647496174014,0.024053028534909194

0.023352683726548924,0.005607164861793299,0.016838161455666217,0.9542019899559917
0.933629892706866,0.02735208962291127,0.004581461267439635,0.034436556402783106
0.0007778324556937578,0.989484187061511,0.0016603874049286778,0.008077593077866627
0.9753420102974116,0.00026194012554880134,0.0075750248622427725,0.01682102471479681

Transition Gammas
1.0,1.0,112.80772103149513,4298.192278968502
1175.2159657523641,30.784034247635393,1.0,1.0
15.412421778884456,3.1656025508103918,948.2308522216962,8.644116881065226
26.394160852415787,6.18955511638646,1287.891575719548,32.544216847091796

25.122327619139877,6.032070417343744,18.11414112170367,1026.5104982026924
267.35673810467614,7.8326170991874235,1.3119594282315423,9.861343840129685
1.1344553560255328,1443.1457925130005,2.421646680863474,11.781031588360994
3973.487037830864,1.067128948171293,30.860213938893082,68.52788351328857

Iteration: ,17500
Error:,0.030939175689385694
Absolute Error:,0.6213624143419754
Transition Probabilities
0.00019308746862328651,0.00019308746862328651,0.025294029327622924,0.9743197957351305
0.9742548062558019,0.02430737922227148,0.0007189072609633361,0.0007189072609633361
0.015176423858394442,0.0027698016660729135,0.972868756905624,0.00918501756990858
0.0212842198178505,0.005294823295443488,0.9485850530449207,0.0248359038417854

0.023269105071952567,0.004875818204527413,0.016205584486207646,0.9556494922373123
0.9390367407118372,0.026933389022351057,0.003995757392815868,0.03003411287299598
0.0006742830801097652,0.9880230206687034,0.0015170076132446204,0.009785688637942318
0.9751960948922471,0.00022296443344095397,0.006977262635282326,0.01760367803902964

Transition Gammas
1.0,1.0,130.997777887759,5046.002222112236
1355.1884355018196,33.811564498179614,1.0,1.0
17.345114152678267,3.1656025508103918,1111.8903769130402,10.497544067754726
33.41646370128242,8.312931926614565,1489.28916652468,38.992647431761824

28.88573902053207,6.052730078446449,20.117244848750733,1186.3215943420303
308.3215481619919,8.843258033040875,1.3119594282315423,9.861343840129685
1.1350137057914744,1663.128889299607,2.553563160063818,16.47214805221624
4670.388911383933,1.06781664019142,33.415361499408604,84.30716975147573

Iteration: ,20000
Error:,0.030220939262859525
Absolute Error:,0.6215286358666612
Transition Probabilities
0.00016911889058007784,0.00016911889058007784,0.02624834777910459,0.9734134144397353
0.9731726631467207,0.02557498870049296,0.0006261740763932374,0.0006261740763932374
0.013992067851336793,0.002419088304601232,0.9733745365495677,0.010214307294494131
0.021544427450876223,0.00468671079668812,0.9506734314966702,0.02309543025576548

0.02298033399466214,0.00428593472840755,0.015647356462370716,0.9570863748145596
0.9419982622503807,0.025623029026316864,0.0034243696788614814,0.028954339044440853
0.0005856617935264576,0.9891114285873468,0.0013291151630534406,0.00897379445607325
0.9756795169299094,0.00019619511604838659,0.006411517266151573,0.017712770687890598

Transition Gammas
1.0,1.0,155.2064804178454,5755.793519582153
1554.1567430453126,40.84325695468725,1.0,1.0
18.30992510569193,3.1656025508103918,1273.7513177730507,13.366373259177859
38.878626940753755,8.457541100087557,1715.5655572616315,41.67753443425039

32.49028858868644,6.059583652290692,22.122704014248015,1353.157553290902
362.28266425665765,9.8543485630257,1.3169767083157389,11.135535500619083
1.135726610283099,1918.10389955211,2.5774456785396564,17.40215474464431
5313.3087819688235,1.068429965978441,34.91553364078171,96.45935823794687

Iteration: ,22500
Error:,0.028406509390820678
Absolute Error:,0.6217234236092815
Transition Probabilities
0.00015044380923725,0.00015044380923725,0.025036290806124108,0.9746628215754014
0.971306809578058,0.02758699573167646,0.0005530973451327437,0.0005530973451327437
0.01313362748589876,0.0021571004931351793,0.9749548364137474,0.009754435607218621
0.019472365669975133,0.0041577546856935476,0.9528340091158806,0.023535870528450718

0.022025537618230874,0.0038356389845746203,0.01590060810973653,0.958238215287458
0.9460909424000794,0.022693543042671366,0.0030407622166443156,0.028174752340604955
0.0005181096303875459,0.989491943597637,0.0011941506811752325,0.008795796090800164
0.9748173294899183,0.00017490679167310146,0.006054858720955501,0.018952904997453075

Transition Gammas
1.0,1.0,166.41622498830682,6478.583775011689
1756.1227117171281,49.877288282871014,1.0,1.0
19.273948897173216,3.1656025508103918,1430.772245844958,14.314894618121022
39.81699203841807,8.5017551551643,1948.3500257701066,48.126025637118055

34.80006218920201,6.060259572871475,25.122753444481248,1514.0038832228943
411.24999701334,9.864505715322785,1.321768760771456,12.247096232135338
1.136280548201748,2170.082125806713,2.618924858868827,19.290303475828704
5958.123336170997,1.0690374551174642,37.00754382507779,115.84092951306623

Iteration: ,25000
Error:,0.029183810820426506
Absolute Error:,0.6220450286074529
Transition Probabilities
0.0001355013550135503,0.0001355013550135503,0.02582745100213726,0.9739015462878357
0.971268995248756,0.027738941259180586,0.0004960317460317461,0.0004960317460317461
0.01281341399817756,0.002533633416978107,0.9748434841845628,0.009809468400281452
0.020092306429634818,0.003818193883663967,0.953243064780906,0.022846434905795184

0.022376783171273444,0.005310824774254852,0.015453276486513927,0.9568591155679578
0.9440285893951743,0.02666669643063886,0.002741040374305742,0.026563673799881036
0.0004666097468796338,0.9893358703732199,0.001095822901768008,0.009101696978132337
0.9758204376413459,0.00015786446532160004,0.005712814709540308,0.018308883183792146

Transition Gammas
1.0,1.0,190.60658839577277,7187.393411604219
1958.0782944214916,55.921705578508046,1.0,1.0
21.179222383418345,4.187828909912026,1611.31349876838,16.214017024832334
45.57991914064628,8.661672023079777,2162.4566580376027,51.82773114201951

39.284616633420676,9.323668807396393,27.129728069327555,1679.8591307591414
455.2240493917308,12.859061335031098,1.321768760771456,12.809382353187326
1.1366821256058983,2410.066243995721,2.6694733952709244,22.172139216785418
6611.0503943883505,1.069510224900469,38.70354061231007,124.04018682534176

Iteration: ,27500
Error:,0.027221708592179147
Absolute Error:,0.6220896039009247
Transition Probabilities
0.00012338062924120924,0.00012338062924120924,0.02601062034237539,0.9737426183991422
0.9725257320947563,0.02657296101024603,0.00045065344749887376,0.00045065344749887376
0.012038101943716916,0.0038703240168758393,0.9742382533155083,0.009853320723898983
0.01968629135991163,0.0035016862194782966,0.9549585658246762,0.021853456595933907

0.021771472676023418,0.005105071468442312,0.01559851108076322,0.9575249447747711
0.9495516671801891,0.024044486592957954,0.0024697053216275904,0.02393414090522547
0.00042290342033916194,0.9889416080247413,0.0016852131794598696,0.008950275375459591
0.9761107929193713,0.00014401380580758436,0.005479700409604291,0.018265492865216747

Transition Gammas
1.0,1.0,210.81607787495233,7892.183922125039
2158.0345995182624,58.96540048173589,1.0,1.0
22.141829763359723,7.118734823095183,1791.928466357917,18.12333464963105
49.226169206328684,8.756072700342367,2387.902885662132,54.645231672494724

42.057374901207545,9.861799789142822,30.132662047559926,1849.7134382645784
508.1933133585743,12.868438582144439,1.321768760771456,12.809382353187326
1.137094995649325,2659.0481405245714,4.531170429951371,24.0653370241282
7251.97256907471,1.0699442899930338,40.711195230560534,135.7026827077848

Iteration: ,30000
Error:,0.02788051744739883
Absolute Error:,0.6222333656565626
Transition Probabilities
0.00011312217194570136,0.00011312217194570136,0.025793437127324074,0.9739803185287845
0.9730793503122424,0.026092492337861175,0.0004140786749482403,0.0004140786749482403
0.011014877280082252,0.004028729463183136,0.9745015330174389,0.010454860239295738
0.019419017144624906,0.00321621320631321,0.954715920981885,0.022648848667176966

0.021683368333902196,0.0046798671724003794,0.014306205114277076,0.9593305593794204
0.9501938295688136,0.02227471724789508,0.0023013059586184425,0.025230147224672875
0.0003882549822480463,0.9878602892994653,0.0015884697210388936,0.010162985997247779
0.975965053853434,0.00013185076841313147,0.005180850118035137,0.01872224526011767

Transition Gammas
1.0,1.0,228.0139842055448,8609.986015794455
2349.9866310040643,63.01336899593471,1.0,1.0
22.141829763359723,8.098450819577947,1958.9185153449193,21.016097568040806
53.04695130057831,8.785733286959777,2607.9985711445265,61.869885757552915

45.69297148523606,9.861799789142822,30.147208324942028,2021.58000637306
549.1706803288662,12.873817156559188,1.3300546894867389,14.58192706056467
1.1374301166156395,2894.031230589583,4.653574023906226,29.77343981803036
7922.8419301502645,1.070358812932423,42.05791630235665,151.98637408967446

Iteration: ,32500
Error:,0.028092225332020014
Absolute Error:,0.622205691962646
Transition Probabilities
0.00010417751849150943,0.00010417751849150943,0.025232677298537908,0.974558967664479
0.9726412117934709,0.02658866883802704,0.00038505968425105896,0.00038505968425105896
0.011872236626847677,0.0037604880939504696,0.9734083572676312,0.010958918011570779
0.01969770745224046,0.002997623898750285,0.9559270619731703,0.021377606675838972

0.021635897163867823,0.005557039351450437,0.01406028605956088,0.9587467774251208
0.9517347146524486,0.020802593463545845,0.00215288992298847,0.025309801961016936
0.00036146861725893433,0.9874711398803487,0.0017906215565497749,0.010376769945842532
0.9764260933081107,0.0001210996274290669,0.0049387905546672065,0.018514016509793115

Transition Gammas
1.0,1.0,242.2084693886656,9354.791530611343
2525.9492270276432,69.05077297235621,1.0,1.0
25.903813034693194,8.204939268528323,2123.861651817805,23.91106007711342
57.88501007379313,8.80901952662857,2809.1516612424175,62.82167510025523

49.476596980677,12.707741875231056,32.15281998861023,2192.4456172958417
589.1515684348451,12.877412558221177,1.3327017027632666,15.667506178498185
1.1377048441730468,3108.0172542840164,5.635894021494081,32.660377334493305
8633.693246907875,1.0707794913541664,43.66946249383734,163.70346963198466

Iteration: ,35000
Error:,0.02729211999384335
Absolute Error:,0.6221641016348478
Transition Probabilities
9.64227171921704e-05,9.64227171921704e-05,0.02539685841364888,0.9744102961519667
0.973746158271292,0.02553545092411023,0.0003591954022988505,0.0003591954022988505
0.011526860912113726,0.0035199793452825646,0.972628419881855,0.012324739860748713
0.01888270914176014,0.0031047390570743683,0.956707964008289,0.021304587792876487

0.021300060444097265,0.005585889935933128,0.013589023500157837,0.9595250261198117
0.9529684519445192,0.019028869057373814,0.0032708318299589333,0.02473184716814812
0.00033548208167279126,0.9875151385537886,0.0016769608536824974,0.01047241851085616
0.9768246259878786,0.00011234967083085479,0.004748889642908591,0.018314134698381963

Transition Gammas
1.0,1.0,263.3908186079527,10105.609181392054
2710.9093046272774,71.09069537272289,1.0,1.0
26.868678609554163,8.204939268528323,2267.160211229781,28.72850438550961
59.797861289194,9.83210375588988,3029.707744611384,67.46747916825306

51.97392796830655,13.630038371535766,33.15835325493423,2341.3212709994327
645.1252553825664,12.881857720715388,2.214235125318221,16.742568117420795
1.1380728326163012,3349.9975479511236,5.68883911599943,35.52611495542678
9312.548846865631,1.0710845833595857,45.27349699362444,174.59763956531862

Iteration: ,37500
Error:,0.026870039217076317
Absolute Error:,0.6220329359461396
Transition Probabilities
8.99280575539568e-05,8.99280575539568e-05,0.024512461162069128,0.9753076827228229
0.9728746255974678,0.026456701717811268,0.00033433634236041445,0.00033433634236041445
0.010872741833877219,0.004115027162853455,0.9722126361914004,0.0127995948118689
0.01927028645863541,0.0029252075046346773,0.9571165995431591,0.020687906493570787

0.02107609192196725,0.005458240785270453,0.01301011945225363,0.9604555478405086
0.9544082906553041,0.018134409405311185,0.003116435813359109,0.02434086412602564
0.000313902229510833,0.9872535303096197,0.002114644429094447,0.010317923031775027
0.9773569957594096,0.00010465685523603937,0.0044866809670885705,0.018051666418265663

Transition Gammas
1.0,1.0,272.5785681222088,10845.421431877796
2909.8680051620277,79.13199483797354,1.0,1.0
26.868678609554163,10.169039603588875,2402.5281995184664,31.63031042097177
65.42984205866067,9.932175394895982,3249.769435148598,70.2431931826368

55.34640637021404,14.333492835699168,34.1649372566527,2522.1831090944293
678.1093812376816,12.88454140785289,2.214235125318221,17.29424238336901
1.1382744938774143,3579.9857627423794,7.668138646256754,37.414925772148806
10005.476281121179,1.0714014298401704,45.93140499524616,184.79994614693473

Iteration: ,40000
Error:,0.025739705428640524
Absolute Error:,0.6220024361001832
Transition Probabilities
8.448800270361601e-05,8.448800270361601e-05,0.024481798541398595,0.9753492254531941
0.9736211857244879,0.025752051505220638,0.00031338138514572206,0.00031338138514572206
0.010230762268803434,0.0038720559428393557,0.9731126814491358,0.0127845003392215
0.019603993755780744,0.002753263630513129,0.9570544569552681,0.020588285658437972

0.020729983778928422,0.005629088901464564,0.012424906016630684,0.9612160213029763
0.9567650500290377,0.01691539504136365,0.002905707725672761,0.0234138472039261
0.00029388789871926687,0.9878170684020088,0.001989513134139754,0.009899530565132222
0.9778516095168507,9.822228378157362e-05,0.004260439900578375,0.01778972829878945

Transition Gammas
1.0,1.0,289.76656753599406,11544.233432464016
3106.8252036468434,82.17479635315912,1.0,1.0
26.868678609554163,10.169039603588875,2555.6504199560777,33.575467963488705
71.18807927903927,9.997939809956764,3475.356572994182,74.76234332303883

58.68321593510716,15.935036083257168,35.17289017314615,2721.046380930788
729.08323219626,12.89003072411529,2.214235125318221,17.842043244649997
1.1385704413645668,3826.967086631505,7.707703709848598,38.35242258685652
10669.404670224018,1.0717099436150503,46.48594626223432,194.10492179575402

Iteration: ,42500
Error:,0.02590465117242705
Absolute Error:,0.6220275187206399
Transition Probabilities
7.942811755361387e-05,7.942811755361387e-05,0.02414056248008645,0.9757005812848063
0.9742213603182462,0.025187448431384332,0.0002955956251847471,0.0002955956251847471
0.010030093792572178,0.003665269788974321,0.973497942794228,0.01280669362422544
0.01924151561133151,0.0026113143494221045,0.957586309387336,0.02056086065191029

0.020328989105656725,0.006086651375636489,0.012013207516381451,0.9615711520023253
0.9561693506674517,0.016051838920096494,0.002775439599865739,0.02500337081258617
0.0002774119465297182,0.9880304607449082,0.001886751629979799,0.009805375678582367
0.977956229944583,9.219536566349214e-05,0.004146219755333331,0.0178053549344202

Transition Gammas
1.0,1.0,303.92968162428883,12284.070318375729
3295.790861956629,85.20913804337326,1.0,1.0
27.82780719476582,10.169039603588875,2700.903263401263,35.53129296171711
74.09149410850384,10.055142518072715,3687.287521081406,79.17177194501475

61.22393914141601,18.33090526342461,36.17965861723449,2895.922339490566
768.0637571617218,12.893987557453034,2.229432019924365,20.084499586414513
1.138800368151991,4055.951686713489,7.745280899797833,40.25192704324276
11371.245315929233,1.0720072001696592,48.2104214156078,207.03284328783948

Iteration: ,45000
Error:,0.02544608213618211
Absolute Error:,0.6218422559832019
Transition Probabilities
7.496813854111992e-05,7.496813854111992e-05,0.02339775054876524,0.9764523131741525
0.9750516578085944,0.024389214430712316,0.00027956388034665905,0.00027956388034665905
0.009751246218962154,0.0034946904158440024,0.974012888305545,0.012741175059648809
0.019081466267980705,0.002469021857665352,0.9576867586148883,0.020762753259465645

0.019551038690265848,0.00674164048473822,0.011667921821572289,0.9620393990034236
0.9565869288653035,0.015249259488585774,0.003763393336936961,0.02440041830917384
0.00026256713717837576,0.9882229259762201,0.0018013042708996774,0.009713202615701792
0.9783216697601641,8.700493523802484e-05,0.003955579251285965,0.017635746053312043

Transition Gammas
1.0,1.0,312.10259456997994,13024.897405430038
3487.759779981344,87.240220018658,1.0,1.0
28.691688858574654,10.282641604665663,2865.89776403766,37.48913957204774
77.850443687097,10.073358325451643,3907.264673707737,84.70992379277854

62.30480749204923,21.484107276169926,37.18306911679774,3065.8053776200677
809.0441866417549,12.897233244098773,3.182932370722257,20.636929053672922
1.1390227700307092,4286.935625872332,7.814102718096252,42.136114473800745
12057.121415172662,1.0722741817027008,48.74971164830131,217.34807475343285

Iteration: ,47500
Error:,0.025960242691581044
Absolute Error:,0.6219794047492149
Transition Probabilities
7.103281716152847e-05,7.103281716152847e-05,0.02289153611666246,0.9769663982490144
0.9749672387699051,0.02450169378452942,0.00026553372278279323,0.00026553372278279323
0.009489169897059328,0.003920171348515189,0.972111368427298,0.01447929032712754
0.01952538022627979,0.0023348822451545992,0.9562022700443392,0.021937467484226314

0.019117118358036877,0.006648187456226975,0.011987702733201941,0.9622469914525342
0.958001840744523,0.014503614173407451,0.0035788315835811072,0.02391571349848835
0.00024913826033656414,0.9866997354192467,0.001763783521683872,0.011287342798732843
0.977823742829774,8.241999389719008e-05,0.0038882314109376674,0.018205605765391108

Transition Gammas
1.0,1.0,322.2670454503748,13753.732954549654
3671.726621207465,92.27337879253786,1.0,1.0
29.661076565432797,12.253601082003893,3038.6082283114442,45.259105239453305
84.38319072589384,10.090703050699224,4132.436735704873,94.80755208408394

64.0654467744768,22.279461352217673,40.173289562719646,3224.690157807509
852.0253046012455,12.89918845491224,3.182932370722257,21.270098043308117
1.1392437853792023,4511.91856318307,8.065318482669413,51.61405205097621
12723.995239857582,1.0724955470829718,50.5958648754639,236.90163262673715

Iteration: ,50000
Error:,0.02597510445717042
Absolute Error:,0.6220998805769304
Transition Probabilities
6.752194463200523e-05,6.752194463200523e-05,0.02291867708783888,0.9769462790228971
0.9747658053425425,0.024731050003369438,0.000251572327044025,0.000251572327044025
0.010047092992936232,0.004154903329259719,0.9717530480755635,0.014044955602240528
0.01999795544209301,0.002222966341676229,0.9551594711987351,0.022619607017495654

0.019004885800609123,0.00682385995516711,0.013634437215371937,0.9605368170288519
0.9587177322938483,0.013835505078846783,0.0034228283753779186,0.02402393425192699
0.00023642035889265595,0.9867811617948845,0.0018803050039252094,0.011102112842297548
0.9777616546350655,7.840718968531819e-05,0.0037458666233170803,0.018414071551932133

Transition Gammas
1.0,1.0,339.42560767089464,14468.574392329141
3874.6940762366094,98.30592376339358,1.0,1.0
33.07793764409906,13.679144140413438,3199.29224824591,46.24005828866927
91.13970388888754,10.131060383747444,4353.09257607827,103.08775272687541

67.10442314761492,24.09439292273579,48.14188592759566,3391.5630798845086
894.0064534865547,12.90163977476522,3.191795200703407,22.40237301960794
1.1394541417110202,4755.901255864818,9.062338516182205,53.50786420911745
13376.937836145587,1.0727032476220837,51.24789331333237,251.92631485683455

Iteration: ,52500
Error:,0.02638225089867528
Absolute Error:,0.6220056396829396
Transition Probabilities
6.43086816720256e-05,6.43086816720256e-05,0.02241663939301534,0.9774547432436407
0.9751526185269894,0.02436649664492698,0.0002404424140418368,0.0002404424140418368
0.010086815364274348,0.003993379167600013,0.9719861976252709,0.013933607842854788
0.020094324746384798,0.0021286104933245227,0.9550252343846873,0.022751830375603244

0.018977177800869553,0.006944852041411007,0.01320111366181556,0.9608768564959038
0.958381178197974,0.0142739596536786,0.0032902629458185797,0.024054599202528875
0.0002260074382883739,0.9867885980311919,0.0020004581587144063,0.010984936371805308
0.9779157404550486,7.452630595033231e-05,0.0036575104548967436,0.018352222784104474

Transition Gammas
1.0,1.0,348.5787425613892,15199.42125743864
4055.6597404537515,101.34025954625137,1.0,1.0
34.87897714811421,13.808618052413063,3361.009709301165,48.18071631042287
95.9924539506932,10.168569849363962,4562.244165478391,108.68760494263461

70.65371584597598,25.856300018631647,49.14891683575892,3577.4297471526806
932.9899027255886,13.895786490543506,3.2030909784068786,23.417298545312647
1.1396432769683205,4975.88486490576,10.08731707549545,55.39157905094791
14078.839719403002,1.0729389792475164,52.656380643357686,264.2129504449464

Iteration: ,54348
Error:,0.02611054563028684
Absolute Error:,0.6219164317077039
Transition Probabilities
6.208480784751958e-05,6.208480784751958e-05,0.022393284071305617,0.9774825463129992
0.9755602591359616,0.02397581138131972,0.00023196474135931324,0.00023196474135931324
0.01025717520422217,0.004123597097785438,0.9711064064400607,0.014512821257931699
0.021288116812570736,0.002063168322449099,0.9543394954252922,0.022309219439688135

0.01876771064975603,0.00716760888299594,0.013315540223206721,0.9607491402440413
0.9595021449498875,0.01389065221095232,0.003201504294248498,0.02340569854491166
0.00021828979404742022,0.9863145807555764,0.002140756425651621,0.011326373024724432
0.977863656731283,7.204883426564924e-05,0.0036264535732151806,0.0184378408612363


Model Num 3
Model States: 
"['diamond', 'x', 'square']","['diamond', 'x', 'diamond']","['square', 'y', 'diamond', 'x', 'diamond']","['square', 'x', 'square', 'y', 'diamond', 'x', 'diamond']","['square', 'x', 'square', 'y', 'diamond', 'x', 'square']"
Iteration: ,0
Error:,0.6529420725222551
Absolute Error:,1
Transition Probabilities
0.2,0.2,0.2,0.2,0.2
0.2,0.2,0.2,0.2,0.2
0.2,0.2,0.2,0.2,0.2
0.2,0.2,0.2,0.2,0.2
0.2,0.2,0.2,0.2,0.2

0.2,0.2,0.2,0.2,0.2
0.2,0.2,0.2,0.2,0.2
0.2,0.2,0.2,0.2,0.2
0.2,0.2,0.2,0.2,0.2
0.2,0.2,0.2,0.2,0.2

Transition Gammas
1.0,1.0,1.0,1.0,1.0
1.0,1.0,1.0,1.0,1.0
1.0,1.0,1.0,1.0,1.0
1.0,1.0,1.0,1.0,1.0
1.0,1.0,1.0,1.0,1.0

1.0,1.0,1.0,1.0,1.0
1.0,1.0,1.0,1.0,1.0
1.0,1.0,1.0,1.0,1.0
1.0,1.0,1.0,1.0,1.0
1.0,1.0,1.0,1.0,1.0

Iteration: ,2500
Error:,0.40060712354921885
Absolute Error:,1
Transition Probabilities
0.0018796992481203006,0.0018796992481203006,0.42857142857142855,0.5343363630982947,0.033332809834036234
0.9679001948800698,0.023197727968594827,0.0029673590504451035,0.0029673590504451035,0.0029673590504451035
0.2,0.2,0.2,0.2,0.2
0.006261445649581469,0.004982120319040772,0.6891907478476476,0.28697597506291533,0.012589711120814763
0.10523191139659832,0.03601806324737644,0.7816070905150613,0.04114846518282797,0.03599446965813601

0.03751938421015873,0.0109932018992606,0.3812189371967881,0.5442507137880903,0.026017762905702166
0.634072830559559,0.040278956888737796,0.16920540071421286,0.12735856642310137,0.029084245414388928
0.41467446882631376,0.5637039095520646,0.005405405405405407,0.006720428848769186,0.009495787367447033
0.2,0.2,0.2,0.2,0.2
0.2,0.2,0.2,0.2,0.2

Transition Gammas
1.0,1.0,228.0,284.26694516829275,17.733054831707275
326.1823656745836,7.817634325416458,1.0,1.0,1.0
1.0,1.0,1.0,1.0,1.0
3.440295252669691,2.737381403761103,378.6696859953773,157.67638016712573,6.917304058099897
3.500518009001908,1.1981335069704593,26.0,1.3687952780066437,1.1973486710500905

4.6808320342508845,1.3714865713364806,47.5599973416049,67.89946661953557,3.2459162278996225
55.6074815667395,3.5324196918221284,14.839125330295253,11.169204535209541,2.5506559543576683
306.8591069314721,417.14089306852776,4.0,4.973117348089197,7.026882651910803
1.0,1.0,1.0,1.0,1.0
1.0,1.0,1.0,1.0,1.0

Iteration: ,5000
Error:,0.39369593491429467
Absolute Error:,1
Transition Probabilities
0.0009319664492078289,0.0009319664492078289,0.43336439888164047,0.5470773130016291,0.0176943552183148
0.97983526715252,0.01579792062040584,0.0014556040756914124,0.0014556040756914124,0.0014556040756914124
0.2,0.2,0.2,0.2,0.2
0.004657294538318392,0.0032883841254768773,0.6790146843525314,0.3015131615319146,0.01152647545175867
0.13578272770343028,0.030812047476163524,0.77207208688841,0.03492058115511875,0.02641255677687736

0.038159806288330156,0.007008767739671979,0.3827355011603356,0.5537970395457198,0.018298885265942467
0.6465279468330938,0.021618315067657635,0.18983548251159002,0.12628595497081208,0.01573230061684655
0.4038761749173241,0.579174672540303,0.0047457627118644066,0.00544352116451509,0.006759868665993385
0.2,0.2,0.2,0.2,0.2
0.2,0.2,0.2,0.2,0.2

Transition Gammas
1.0,1.0,465.0,587.0139568507477,18.98604314925177
673.146828533781,10.853171466218809,1.0,1.0,1.0
1.0,1.0,1.0,1.0,1.0
