0,1,2,3,4,5,6,7,8,9,10,11,12,13,14,15,16,17,18,19,20,21,22,23,24,25,26,27,28,29
github Code Version (SHA):,cd93f48c3be2409aefa56252372b16f046dc3cc1
Environment Observations,Environment Actions,alpha,epsilon,numActions,explore,patience,gainThresh,insertRandActions,useBudd,revisedSplitting,haveControl,confidence_factor
"['diamond', 'square']","['x', 'y']",0.99,0.99,75000,0.5,0,0.01,False,True,False,False,250

Model Num 0
Model States: 
['diamond'],['square']
Iteration: ,0
Error:,0.6759881664883775
Absolute Error:,1
Transition Probabilities
0.5,0.5
0.5,0.5

0.5,0.5
0.5,0.5

Transition Gammas
1.0,1.0
1.0,1.0

1.0,1.0
1.0,1.0

Iteration: ,2484
Error:,0.15572137471395606
Absolute Error:,1
Transition Probabilities
0.478,0.522
0.029453015427769985,0.97054698457223

0.04054054054054054,0.9594594594594594
0.9710144927536232,0.028985507246376812


Model Num 1
Model States: 
['square'],"['diamond', 'x', 'square']","['diamond', 'x', 'diamond']"
Iteration: ,0
Error:,0.7242187429247701
Absolute Error:,1
Transition Probabilities
0.3333333333333333,0.3333333333333333,0.3333333333333333
0.3333333333333333,0.3333333333333333,0.3333333333333333
0.3333333333333333,0.3333333333333333,0.3333333333333333

0.3333333333333333,0.3333333333333333,0.3333333333333333
0.3333333333333333,0.3333333333333333,0.3333333333333333
0.3333333333333333,0.3333333333333333,0.3333333333333333

Transition Gammas
1.0,1.0,1.0
1.0,1.0,1.0
1.0,1.0,1.0

1.0,1.0,1.0
1.0,1.0,1.0
1.0,1.0,1.0

Iteration: ,2500
Error:,0.12245672378027068
Absolute Error:,1
Transition Probabilities
0.9762845849802372,0.01784270300525194,0.005872712014510908
0.9957894736842106,0.002105263157894737,0.002105263157894737
0.0031347962382445136,0.9773846905334098,0.019480513228345677

0.025245441795231426,0.3716625193804602,0.6030920388243085
0.9226655780736677,0.03342528530549579,0.04390913662083657
0.9664315169500995,0.019542792425343097,0.014025690624557345

Transition Gammas
741.0,13.542611580986222,4.457388419013779
473.0,1.0,1.0
1.0,311.78571628015777,6.214283719842272

18.0,264.99537631826803,430.0046236817318
68.11076270645762,2.467439698564866,3.2413529409768933
104.12050187592497,2.105483233623488,1.5110868399594737

Iteration: ,5000
Error:,0.11528177716309522
Absolute Error:,1
Transition Probabilities
0.9789335088874259,0.015901137528415727,0.0051653535841583356
0.9978517722878625,0.0010741138560687433,0.0010741138560687433
0.0016051364365971116,0.9803545548311227,0.01804030873228016

0.03205574912891986,0.37140413695105545,0.5965401139200246
0.9552922096180058,0.016816791477957893,0.027890998904036318
0.975900642826698,0.014004960340946004,0.010094396832356056

Transition Gammas
1487.0,24.153827905663487,7.846172094336511
929.0,1.0,1.0
1.0,610.7608876597891,11.239112340210534

46.0,532.9649365247645,856.0350634752353
140.16502046961511,2.467439698564866,4.092300128633414
216.41053060469497,3.1056654391609544,2.2384796963521003

Iteration: ,7500
Error:,0.11041394985657009
Absolute Error:,1
Transition Probabilities
0.9786381842456608,0.017707846857616644,0.0036539688967224737
0.9985825655563431,0.0007087172218284905,0.0007087172218284905
0.0010559662090813095,0.9849417445786706,0.014002289212248099

0.02968460111317253,0.3715330110213257,0.5987823878655016
0.9470200166818051,0.01656681258637409,0.03641317073182077
0.9793771916336436,0.012023918401183026,0.008598889965173311

Transition Gammas
2199.0,39.7895318890646,8.210468110935398
1409.0,1.0,1.0
1.0,932.7398321160009,13.260167883998948

64.0,801.0251717619785,1290.9748282380222
212.8709504614649,3.7238844789521837,8.18494448528926
317.69385125247464,3.900361348670508,2.789338462105067

Iteration: ,10000
Error:,0.11629277824921358
Absolute Error:,1
Transition Probabilities
0.97931502204137,0.01717782346541982,0.003507154493210223
0.9989276139410188,0.0005361930294906167,0.0005361930294906167
0.0007892659826361485,0.9855719529880287,0.013638781029335238

0.026998961578400822,0.37096983099946745,0.6020312074221318
0.9478839833047358,0.020661397160673056,0.03145461953459118
0.9764604901351875,0.0154297320800736,0.008109777784738885

Transition Gammas
2888.0,50.657401399523046,10.342598600476947
1863.0,1.0,1.0
1.0,1248.719664435832,17.280335564167743

78.0,1071.7318417574618,1739.2681582425391
305.1452354380255,6.651369800649138,10.125951543175935
432.3747772817661,6.832254903335115,3.59099359257806

Iteration: ,12500
Error:,0.11299247041079327
Absolute Error:,1
Transition Probabilities
0.9809368191721133,0.015942826829868067,0.0031203539980186445
0.999138302455838,0.00043084877208099956,0.00043084877208099956
0.0006246096189881324,0.9779426996869647,0.021432690694047116

0.026031570202160067,0.37079108404809813,0.6031773457497419
0.9475373702663338,0.020939068414355774,0.03152356131931047
0.9802088130581835,0.013275987817612335,0.006515199124203995

Transition Gammas
3602.0,58.54206011927554,11.457939880724462
2319.0,1.0,1.0
1.0,1565.6862621988307,34.31373780116944

94.0,1338.9266044976823,2178.073395502318
390.40479877685476,8.627324945066402,12.988352755032777
540.2633902629238,7.317349213638182,3.59099359257806

Iteration: ,15000
Error:,0.1117978523439637
Absolute Error:,1
Transition Probabilities
0.981417756366139,0.015680730226792356,0.0029015134070686224
0.9992867332382311,0.0003566333808844508,0.0003566333808844508
0.0005219206680584551,0.9778971463272276,0.021580933004713965

0.024552547039926577,0.3756169768330315,0.5998304761270419
0.9483876262861988,0.019466322247003252,0.03214605146679792
0.9829062261308786,0.01170332645285924,0.005390447416262123

Transition Gammas
4278.0,68.35230305858788,12.647696941412125
2802.0,1.0,1.0
1.0,1873.650932362968,41.34906763703196

107.0,1636.938785038351,2614.061214961648
468.37736825748743,9.61377450632418,15.875874556533804
654.7897952761388,7.79649017209209,3.59099359257806

Iteration: ,17500
Error:,0.11146269215602427
Absolute Error:,1
Transition Probabilities
0.9806979918112693,0.01641409574975178,0.0028879124389789646
0.9993800371977681,0.00030998140111593303,0.00030998140111593303
0.0004510599909788003,0.9786229980537946,0.020925941955226617

0.025822984427360526,0.3735636061234206,0.6006134094492189
0.9499769452716258,0.021384605493386846,0.028638449234987356
0.9848336241874687,0.01019576977923026,0.004970606033301125

Transition Gammas
5030.0,84.18789710047689,14.81210289952311
3224.0,1.0,1.0
1.0,2169.607186685262,46.3928133147374

131.0,1895.0881738641135,3046.9118261358885
558.748758801812,12.577801847054145,16.84430137352706
775.2541326712802,8.026038574418713,3.9128262627880828

Iteration: ,20000
Error:,0.11078382272763561
Absolute Error:,1
Transition Probabilities
0.981541616817638,0.015557015179862467,0.0029013680024995193
0.9994606256742179,0.00026968716289104636,0.00026968716289104636
0.0003951007506914267,0.9800763140560691,0.019528585193239464

0.025667527993109368,0.37639761615949957,0.597934855847391
0.9488845375987537,0.02123533133612083,0.029880131065125562
0.9851177527425341,0.010486988765635065,0.0043952584918308234

Transition Gammas
5743.0,91.0240958173753,16.97590418262469
3706.0,1.0,1.0
1.0,2480.573150875908,49.42684912408903

149.0,2184.9881618058967,3471.011838194108
635.9258135761112,14.231547486962299,20.02514099917373
876.9892878960463,9.33591622335915,3.9128262627880828

Iteration: ,22500
Error:,0.1135736810817458
Absolute Error:,1
Transition Probabilities
0.9820505019774871,0.01490551161828238,0.0030439864042305464
0.9995207284926911,0.00023963575365444525,0.00023963575365444525
0.00035161744022503544,0.9790923189223864,0.020556063637388666

0.024184907393234333,0.3780280822048299,0.5977870104019357
0.9489756260572687,0.0207441864824265,0.03028018746030474
0.9856116323880285,0.010506400015196076,0.0038819675967754065

Transition Gammas
6456.0,97.98883337858837,20.01116662141161
4171.0,1.0,1.0
1.0,2784.5385550152646,58.46144498473332

158.0,2469.6574610441558,3905.342538955849
711.1377333212156,15.54515558634077,22.691187511873053
993.4464891774915,10.589917839851239,3.9128262627880828

Iteration: ,22506
Error:,0.11476883745771442
Absolute Error:,1
Transition Probabilities
0.9820505019774871,0.01490551161828238,0.0030439864042305464
0.9995207284926911,0.00023963575365444525,0.00023963575365444525
0.0003514938488576453,0.9790995111648404,0.020548994986302013

0.02417750573833204,0.37799981291431917,0.5978226813473488
0.9490421590586325,0.02071713719439259,0.030240703746974816
0.9854558895328758,0.010498171615772607,0.004045938851351516


Model Num 2
Model States: 
"['diamond', 'x', 'square']","['diamond', 'x', 'diamond']","['square', 'y', 'diamond', 'x', 'diamond']","['square', 'y', 'diamond', 'x', 'square']"
Iteration: ,0
Error:,0.6749684256352795
Absolute Error:,0.74
Transition Probabilities
0.25,0.25,0.25,0.25
0.25,0.25,0.25,0.25
0.25,0.25,0.25,0.25
0.25,0.25,0.25,0.25

0.25,0.25,0.25,0.25
0.25,0.25,0.25,0.25
0.25,0.25,0.25,0.25
0.25,0.25,0.25,0.25

Transition Gammas
1.0,1.0,1.0,1.0
1.0,1.0,1.0,1.0
1.0,1.0,1.0,1.0
1.0,1.0,1.0,1.0

1.0,1.0,1.0,1.0
1.0,1.0,1.0,1.0
1.0,1.0,1.0,1.0
1.0,1.0,1.0,1.0

Iteration: ,2500
Error:,0.04620251756812838
Absolute Error:,0.8571795131351874
Transition Probabilities
0.001440922190201729,0.001440922190201729,0.032277973440287204,0.9648401821793093
0.9532983389056515,0.03863714496531616,0.004032258064516129,0.004032258064516129
0.03751297518634112,0.006695369042591976,0.9222227634559967,0.033568892315070195
0.012920443260814244,0.012848702696164997,0.9634206671414917,0.010810186901529177

0.03251136887284763,0.007418060328160631,0.03136603067380207,0.9287045401251897
0.030789772370146122,0.015929144411361073,0.8088056902181976,0.14447539300029522
0.004597568023608439,0.980692094511998,0.007355168732196756,0.007355168732196756
0.9639218277371994,0.00191915778299813,0.017079507239901204,0.017079507239901204

Transition Gammas
1.0,1.0,22.400913567559318,669.5990864324407
236.4179880486016,9.582011951398407,1.0,1.0
5.6028241233165454,1.0,137.74039303724132,5.01374787581159
2.747521740118436,2.7322661674539925,204.87062049013954,2.298777443400437

5.166508704787996,1.178832961724122,4.9844985347936746,147.58406849919453
1.9329206625929056,1.0,50.77521236114457,9.069877783093716
1.3858071743453597,295.60196465170355,2.2170081106486794,2.2170081106486794
602.3348133763488,1.1992420046920107,10.672630819094454,10.672630819094454

Iteration: ,5000
Error:,0.032708638175909646
Absolute Error:,0.8602595030655271
Transition Probabilities
0.0007112375533428171,0.0007112375533428171,0.02464024989333794,0.9739372749999764
0.9694367879539347,0.026387846701597654,0.0020876826722338203,0.0020876826722338203
0.03166448550543381,0.0031576767618524595,0.9469934148688958,0.018184422863817967
0.007087677689342945,0.011803609542608886,0.9669205292811653,0.014188183486882907

0.038288154969543166,0.007072010409519199,0.019271209413524643,0.935368625207413
0.017538310763609174,0.00907347678723787,0.8871395474386036,0.08624866501054934
0.0024083745842137174,0.983502208073879,0.004530371380877258,0.009559045961029949
0.9779705348560229,0.0009485533668489147,0.010290721409301592,0.010790190367826582

Transition Gammas
1.0,1.0,34.64419135003312,1369.3558086499656
464.3602214299347,12.639778570065276,1.0,1.0
10.531090350930302,1.050191681541604,314.954532010601,6.047841836101425
3.037122775581641,5.057934763291074,414.33266160971846,6.079742491244426

12.464324869018643,2.3022220655826136,6.2735489589439295,304.4998753830431
1.9329206625929056,1.0,97.77283485051652,9.505580609613812
1.3919696694071826,568.4353473945924,2.6184214011668363,5.524847394354568
1243.0504125532889,1.205659692154163,13.080031593371604,13.7148821055534

Iteration: ,7500
Error:,0.027234028665729465
Absolute Error:,0.8608894453570195
Transition Probabilities
0.0004761904761904762,0.0004761904761904762,0.028016183461450652,0.9710314355861684
0.9728539640372699,0.024387415273074985,0.0013793103448275855,0.0013793103448275855
0.029650456702103287,0.002056354156522378,0.9509616088845205,0.017331580256853833
0.006456014940449574,0.00888792297529254,0.970173714953193,0.014482347131065007

0.0331797464072301,0.006596002261905098,0.015377059113401727,0.944847192217463
0.014773381841092122,0.011565038980926768,0.912283573588562,0.061378005589419006
0.0015912821990332613,0.988229091022132,0.0031742054050092625,0.007005421373825462
0.9789514306948541,0.0006402622231703978,0.009824430140913684,0.010583876941061752

Transition Gammas
1.0,1.0,58.83398526904637,2039.1660147309537
705.319123927021,17.680876072979373,1.0,1.0
15.465212205511836,1.072562008734556,496.00662912051587,9.039879864990086
4.166557472831423,5.736052693842813,626.1268877580012,9.346560102426848

16.044480779211217,3.1895792756182453,7.435768988638422,456.8926606238736
2.5175768183343044,1.9708333782132466,155.46501141839806,10.459612138211103
1.3950183102236555,866.3439316477504,2.7827086000766976,6.141394086640195
1846.949156417406,1.2079575512047056,18.535365894672516,19.96818429903582

Iteration: ,10000
Error:,0.027834834600498688
Absolute Error:,0.8602639543223836
Transition Probabilities
0.0003584229390681004,0.0003584229390681004,0.028336774670511475,0.9709463794513522
0.9762382316754634,0.02166971811533155,0.0010460251046025095,0.0010460251046025095
0.031012534534157254,0.0015703240225577412,0.9514430011293564,0.015974140313928433
0.008055298990552996,0.01059072666269813,0.965671060380905,0.015682913965843932

0.034984051118723686,0.009586384847566373,0.013145184900869659,0.9422843791328404
0.01296049879957073,0.012084233254542411,0.9169186583945433,0.05803660955134353
0.0011931827794967058,0.9895349038956175,0.002649321125505315,0.006622592199380536
0.9773651746104922,0.0004799519183568886,0.0106808006392879,0.01147407283186313

Transition Gammas
1.0,1.0,79.059601330727,2708.9403986692723
933.2837494817438,20.71625051825698,1.0,1.0
21.426106392055377,1.0849138931313353,657.3380497398945,11.036299839049976
6.8852689567606244,9.052426434540891,825.4075959539663,13.404974887612456

22.841914277523333,6.259177365604317,8.582802078835208,615.2397542571072
3.1272392211425726,2.9158050762901233,221.24333603763904,14.003655604451774
1.3978023959115415,1159.2308263842237,3.1036547630468174,7.758304429555972
2465.328341930025,1.210641731285829,26.94149660185581,28.94246458191514

Iteration: ,12500
Error:,0.025139031620451644
Absolute Error:,0.860720697733475
Transition Probabilities
0.0002859593937660854,0.0002859593937660854,0.029258769678393918,0.9701693115340739
0.9762260002805192,0.02211974000070497,0.0008271298593879239,0.0008271298593879239
0.02808352682667382,0.0012511911468773027,0.9556769858098512,0.014988296216597703
0.00760816479650439,0.008990398066045574,0.9685607654030136,0.014840671734436605

0.030188121720328066,0.007928957079933689,0.013136816617712153,0.9487461045820261
0.012994486463319016,0.009576371682266027,0.9297838089352519,0.04764533291916299
0.0009432841544223619,0.9904334660274607,0.0022688971587402442,0.006354352659376712
0.9769412907839882,0.0003867705340979593,0.010912453618370864,0.011759485063542895

Transition Gammas
1.0,1.0,102.31791756534346,3392.682082434654
1180.2572343391478,26.74276566085231,1.0,1.0
24.409508895719018,1.0875044868274344,830.6508662723539,13.027457416182546
8.15342095486355,9.634715065312456,1037.9748404403604,15.904261689941537

23.830726573130313,6.259177365604317,10.370300204773745,748.9471923783888
3.9565496046581217,2.9158050762901233,283.0997417285147,14.507008311351914
1.3992472814257721,1469.1875489212348,3.3656328968507516,9.42590908812441
3061.22698006154,1.2119381228357538,34.19396615780197,36.84812310395818

Iteration: ,15000
Error:,0.023965767508213828
Absolute Error:,0.8610840094421608
Transition Probabilities
0.00023889154323936923,0.00023889154323936923,0.029520565386235847,0.9700016515272855
0.9773808337374704,0.021238904012702044,0.0006901311249137334,0.0006901311249137334
0.027220057853099854,0.0010484277444458572,0.9554805590399948,0.016250955362459425
0.010175143584708366,0.008428994437381106,0.9656397215194422,0.01575614045846825

0.029633550086478368,0.007419640300494192,0.011671443154526397,0.9512753664585011
0.011146757212842435,0.008214675541313715,0.935374650488169,0.045263916757674785
0.0007900320645994837,0.9903535940198362,0.002075138296881792,0.006781235618682468
0.9779665064753597,0.00032216143151406337,0.010374003578584446,0.011337328514541884

Transition Gammas
1.0,1.0,123.57308670678331,4060.4269132932186
1416.2248280855952,30.77517191440527,1.0,1.0
28.361754423833993,1.0924021682680332,995.5564796550891,16.93257257681669
13.16677188601441,10.907231535510789,1249.5507145892907,20.388656483671625

28.768838045489648,7.203133932242013,11.330868454499502,923.5169891708617
3.9565496046581217,2.9158050762901233,332.01191458017513,16.0664602747895
1.4001367703251353,1755.1572205031864,3.677670265759455,12.018065801885234
3683.090466907826,1.2132825504333578,39.06922520450829,42.69717448975186

Iteration: ,17500
Error:,0.024924238421931557
Absolute Error:,0.8609067383368846
Transition Probabilities
0.00020300446609825394,0.00020300446609825394,0.0285860031390611,0.9710079879287423
0.9768472979075828,0.021959384669982755,0.0005966587112171841,0.0005966587112171841
0.025004961480851285,0.000902423381581324,0.9568656317175717,0.017226983419995637
0.011213991261307654,0.008935610560376615,0.9656289315379385,0.014221466640377168

0.0305817266139617,0.007420496347934036,0.010123559273367983,0.9518742177647362
0.01421463826590963,0.007979247989204739,0.9334908644242969,0.044315249320588807
0.0006877156489069428,0.9893286704012767,0.0019926840531210225,0.007990929896695257
0.9782951101737669,0.0002737204465016453,0.010144992180414581,0.011286177199316781

Transition Gammas
1.0,1.0,140.81465146301514,4783.18534853699
1637.196071293108,36.80392870689108,1.0,1.0
30.32860329738869,1.094552405818632,1160.5855972020265,20.894667106599865
16.874808641264174,13.44630246141565,1453.07795043448,21.40045614111727

34.390533940830636,8.344683566523326,11.384400010751087,1070.4255847508234
5.633220163442865,3.162152973649568,369.93973828205264,17.562005543217648
1.400785413753915,2015.131069227982,4.058832687999025,16.27646260400196
4340.408339390972,1.2144173024094298,45.010353425058355,50.07345649213937

Iteration: ,20000
Error:,0.024615882067912837
Absolute Error:,0.8605142161815151
Transition Probabilities
0.00017733640716439085,0.00017733640716439085,0.027847235054701977,0.9717980921309692
0.9775276063156562,0.021423075741007047,0.0005246589716684158,0.0005246589716684158
0.023466217474765662,0.0013953961794456095,0.9603699130466963,0.014768473299092472
0.012112607995556244,0.00821938783652222,0.9634566546138804,0.016211349554041084

0.029947340827839113,0.009280738098213262,0.01009093586328472,0.9506809852106629
0.01621158994045618,0.009662412511328716,0.9336199137874988,0.04050608376071642
0.0006052356799543345,0.9897722974648502,0.0018028923730658846,0.007819574482129554
0.9779437131892527,0.00023928099394299,0.010464088498549226,0.01135291731825505

Transition Gammas
1.0,1.0,157.03055847346445,5479.969441526536
1863.16761763764,40.83238236235942,1.0,1.0
33.2493551791391,1.9771411066096458,1360.751061673497,20.925494903607657
20.716835782435865,14.058054888249682,1647.851008177053,27.7271308248353

38.04894266476951,11.791439975111087,12.820819127255083,1207.8670525945715
7.342148283435369,4.376058467705129,422.8318056756297,18.345003447827445
1.4015904453229195,2292.091231760689,4.175095434270112,18.108385284672295
4966.313845726063,1.2151461246811,53.14001909554786,57.65377874679596

Iteration: ,22500
Error:,0.023250863223671335
Absolute Error:,0.8607080019769668
Transition Probabilities
0.0001579279848389133,0.0001579279848389133,0.02751990812779022,0.972164235902532
0.9790452578653979,0.02002059921073476,0.00046707146193367604,0.00046707146193367604
0.02278148574986238,0.0012448497171066793,0.9609335928227963,0.015040071710234658
0.010802670089486209,0.007330488625410833,0.9657450401812926,0.01612180110381035

0.03212370951295313,0.009427592109802181,0.009991523895495867,0.9484571744817488
0.014485877549835753,0.00863385546940192,0.9405627564712703,0.036317510509492106
0.000538961474831586,0.990896219812461,0.0016047284512593493,0.006960090261448083
0.9776029574428822,0.00021227053755339822,0.010508721187831478,0.011676050831732876

Transition Gammas
1.0,1.0,174.25605826516784,6155.743941734839
2096.135897089816,42.8641029101831,1.0,1.0
36.18285109176341,1.9771411066096458,1526.2093736968181,23.88749711392952
20.716835782435865,14.058054888249682,1852.0589113065596,30.91760677851243

46.657888360507265,13.693049365615183,14.51212869047422,1377.5809093233024
7.342148283435369,4.376058467705129,476.7230155115509,18.40748318688755
1.4022407286733962,2578.0600324795396,4.175095434270112,18.108385284672295
5600.191365906053,1.215990216265515,60.19913218833146,66.88617148498247

Iteration: ,25000
Error:,0.022402050606243253
Absolute Error:,0.8610224232159396
Transition Probabilities
0.00014178363816815526,0.00014178363816815526,0.026579448223745764,0.9731369844999179
0.9801574053020287,0.01899621297981646,0.00042319085907744443,0.00042319085907744443
0.021637349140147186,0.001120843823904042,0.9614612189079532,0.01578058812799565
0.011132062540217232,0.007209960497411623,0.965426476549958,0.01623150041241331

0.03119243236587525,0.008437634596426049,0.009591924517187406,0.9507780085205113
0.013427057253406533,0.008002778658488047,0.9448444793868147,0.0337256847012906
0.0004896955459229206,0.9900983147802452,0.001541702248164826,0.007870287425666932
0.9780859630956023,0.00018996657503414602,0.010187119117416146,0.011536951211947486

Transition Gammas
1.0,1.0,187.46484832207904,6863.535151677927
2316.111948728691,44.88805127130624,1.0,1.0
38.16775496343581,1.9771411066096458,1695.9940874659035,27.836571705111613
23.689801446113385,15.34329617723017,2054.4945249510824,34.54175904540645

50.62076478169116,13.693049365615183,15.566293423127721,1542.973929201339
7.342148283435369,4.376058467705129,516.6573837825318,18.441790584786606
1.4026817463704813,2836.0332145496473,4.416045070950107,22.54361633995703
6265.909276110468,1.2169823201327803,65.26171173404413,73.90913717663668

Iteration: ,27500
Error:,0.022074871799728387
Absolute Error:,0.860973919197763
Transition Probabilities
0.00012904890953671432,0.00012904890953671432,0.026024628257118307,0.9737172739238082
0.981580232108429,0.017650832866580566,0.00038446751249519444,0.00038446751249519444
0.021851994740429204,0.0019392005403936574,0.9615882758861598,0.014620528833017331
0.010993330025295333,0.006761878134777446,0.9661485315881438,0.016096260251783394

0.030666119712712752,0.008253423613740712,0.009658425256088371,0.9514220314174581
0.012385711406237884,0.007382116947992093,0.9490724316372587,0.03115974000851115
0.000445521201498746,0.9894477168697996,0.0014573502836980209,0.008649411645003576
0.9771199733597183,0.00017311609027710877,0.010546358612344051,0.012160551937660522

Transition Gammas
1.0,1.0,201.6648443644099,7545.335155635596
2553.0901837140223,45.90981628597602,1.0,1.0
43.11207969655453,3.825873529539889,1897.1297987994267,28.84502818814225
25.791417247915117,15.864021179416376,2266.678053357258,37.76338591942017

54.51932053197437,14.673230643430866,17.17109263590681,1691.4719950867252
7.342148283435369,4.376058467705129,562.6023646321909,18.471238680772192
1.4030575671903391,3116.0180521673424,4.5895601302719395,27.23915813532987
6872.392828947066,1.2175800411745032,74.17586506779446,85.52899563096965

Iteration: ,30000
Error:,0.023754785126741708
Absolute Error:,0.8607735962848435
Transition Probabilities
0.0001182872013248166,0.0001182872013248166,0.025651363551393396,0.974112062045957
0.9805685791208012,0.018723957136715583,0.00035373187124159924,0.00035373187124159924
0.021648493448416455,0.001762776929432612,0.9624089745003681,0.014179755121782815
0.011660988161252188,0.006359774095734504,0.9665735288829554,0.015405708860057757

0.030276912975391927,0.007997444217506542,0.009348263610497152,0.9523773791966044
0.016319669273645625,0.006975529264907053,0.9461580580280976,0.030546743433349708
0.00041211837336883525,0.9893943515219562,0.0013732011094883185,0.0088203289951867
0.9772068935305963,0.0001581770057615425,0.010370841564655352,0.012264087898986895

Transition Gammas
1.0,1.0,216.85662746347987,8235.143372536524
2772.067373174502,52.93262682549489,1.0,1.0
47.072495171765574,3.832983052485164,2092.6625639506688,30.832466753281825
29.771017483165345,16.23678398218719,2467.7048830867916,39.33145471644869

59.292200476832626,15.661638497692497,18.3069892414189,1865.0696173292595
10.238051365416464,4.376058467705129,593.5668569912405,19.163325130728587
1.403312710711364,3369.006962847007,4.67591521231028,30.03428284553522
7526.026573309889,1.2182111654441448,79.87175460990453,94.45272238277933

Iteration: ,32500
Error:,0.022497532974397178
Absolute Error:,0.8609433307056676
Transition Probabilities
0.00010907504363001732,0.00010907504363001732,0.024764740049290145,0.9750171098634498
0.9806722331484374,0.01867202914664455,0.00032786885245901666,0.00032786885245901666
0.021313531792618218,0.0016323825196731827,0.9626635980693088,0.014390487618399958
0.01189790723667802,0.0060025367531116505,0.9642336639350211,0.017865892075189405

0.02857506773394627,0.008132337345033474,0.009502117248562446,0.9537904776724577
0.01504262604517897,0.006429681658356226,0.9483823246144364,0.03014536768202845
0.0003810027368147249,0.9881488660830631,0.0020586016953779555,0.009411529484744373
0.9765683752307853,0.00014570437882085693,0.0105386184996513,0.012747301890742633

Transition Gammas
1.0,1.0,227.04313677189234,8938.956863228119
2991.0503111027315,56.94968889726582,1.0,1.0
50.04611674355916,3.832983052485164,2260.4219367546248,33.790177543292884
32.9584560190113,16.627658935687414,2671.02879293633,49.49040251257991

60.21442985840964,17.1367592618412,20.02320966995415,2009.8622460726453
10.238051365416464,4.376058467705129,645.4715369706015,20.51701756269384
1.4038527440185735,3640.9594029350214,7.585178161864425,34.67797004039649
8168.5758238762155,1.2187546683433026,88.15102605894062,106.62571580793224

Iteration: ,35000
Error:,0.023075656461878535
Absolute Error:,0.8610305637832787
Transition Probabilities
0.00010126582278480983,0.00010126582278480983,0.025035239746132643,0.9747622286082979
0.9802091454710591,0.01918165562549897,0.000304599451720987,0.000304599451720987
0.02096468615458928,0.00185047102771783,0.9630419700957233,0.014142872721969495
0.012690769890318357,0.005705691600868252,0.9632069055408136,0.0183966329679999

0.028843773180179444,0.008507997795321938,0.00884389558533266,0.9538043334391659
0.014083437773536399,0.006019695049730321,0.9483660915997625,0.03153077557697077
0.0003544686093448572,0.9877457661358355,0.0019581850147911413,0.009941580240028506
0.9758846891632355,0.00013518892856081462,0.010876188690777678,0.013103933217426028

Transition Gammas
1.0,1.0,247.22299249306056,9625.77700750697
3218.0266245814855,62.97337541851309,1.0,1.0
53.009630378032824,4.678953192109088,2435.0709806419695,35.76053798024784
37.859311313407794,17.021312059275576,2873.4545194073366,54.88113492510403

65.56678688416203,19.340121515035552,20.103674143012395,2168.1589668986207
10.238051365416464,4.376058467705129,689.4212134243381,22.921512853561325
1.4042200823225024,3912.9344728169217,7.757309533712597,39.38336500055765
8801.09859774506,1.2192127848705534,98.08782748430096,118.17892989357284

Iteration: ,37500
Error:,0.022712633795494878
Absolute Error:,0.8609888779059283
Transition Probabilities
9.464319515426817e-05,9.464319515426817e-05,0.0239821999812284,0.9758285136284631
0.980024324639229,0.019404899105063277,0.0002853881278538814,0.0002853881278538814
0.01988473810163339,0.0020717823253410474,0.962730057460593,0.015313422112432551
0.012274716301397039,0.005396471970111922,0.9629917524394954,0.01933705928899564

0.029472231025169795,0.008009872230016573,0.008857081354552328,0.9536608153902613
0.016294190906524317,0.0059092462570479575,0.9478090689964314,0.029987493839996545
0.000330971371622263,0.9872289355720232,0.002099506341320048,0.010340586715034496
0.9761294597553778,0.0001261542586986822,0.010750945903458018,0.012993440082465222

Transition Gammas
1.0,1.0,253.3959250016599,10310.604074998366
3434.0052335358564,67.99476646414169,1.0,1.0
53.97773932545183,5.623917485096342,2613.3606495987246,41.568760058127
39.28558677943348,17.27156560518496,3082.0831316512567,61.88882106142261

71.93827052016971,19.551161729929046,21.619100161056288,2327.7745639086716
12.847731077752108,4.659354196738069,747.3335804998394,23.644700050602573
1.4046753379194261,4189.897548786021,8.910513211467567,43.88647594210581
9437.009080854217,1.219632163572079,103.93782618151005,125.6177762327636

Iteration: ,40000
Error:,0.023651967239870536
Absolute Error:,0.8613572698568686
Transition Probabilities
8.867606632969746e-05,8.867606632969746e-05,0.023459763505592503,0.9763628843617481
0.9786444511460096,0.020821788512383782,0.00026688017080330953,0.00026688017080330953
0.020732506710101514,0.0026319858896466162,0.962226142988126,0.014409364412125801
0.012713529009681883,0.005128402462715016,0.963428707524244,0.01872936100335917

0.03103309763152885,0.008183315988048471,0.00873468483640664,0.952048901544016
0.015190284314373735,0.006660335370361146,0.9473519311816244,0.03079744913364065
0.00030991047585704224,0.9874166549209663,0.0019926454955455715,0.01028078910763093
0.976636918085076,0.00011849310792143236,0.010473112521927147,0.012771476285075483

Transition Gammas
1.0,1.0,264.5557530525671,11010.444246947452
3666.9807584440955,78.01924155590197,1.0,1.0
59.83330025460154,7.595820621361297,2776.951505732989,41.58492937704548
43.544891589756,17.56520389401706,3299.823250621715,64.14961524967534

80.53204104023527,21.23600894823938,22.66683158964966,2470.602262197582
12.847731077752108,5.63321896780234,801.2570795856385,26.048053885032086
1.4051066182044623,4476.859560548586,9.03447799169571,46.61218623071051
10054.94303534183,1.219943080348337,107.8256902444162,131.4884417593423

Iteration: ,42500
Error:,0.022737832488348056
Absolute Error:,0.8615098249339492
Transition Probabilities
8.361204013377906e-05,8.361204013377906e-05,0.023303568277939127,0.9765292076417933
0.9788924785127615,0.02060526131647005,0.00025113008538422916,0.00025113008538422916
0.019933266840648053,0.0024894536519234206,0.9626624640219468,0.014914815485481757
0.013297554770949632,0.005174588678184226,0.9629775190297235,0.018550337521142622

0.030456652479547597,0.007929180054512474,0.008383302482297685,0.9532308649836422
0.01422815265788087,0.006238478914611997,0.9492330355877325,0.030300332839774655
0.0002910186667284452,0.9863654157302854,0.0019267702671259643,0.011416795335860281
0.976680898587611,0.00011162767134135376,0.01030239590207504,0.012905077838972575

Transition Gammas
1.0,1.0,278.71067660415264,11679.289323395877
3897.949849437814,82.0501505621837,1.0,1.0
60.820380890525385,7.595820621361297,2937.275570476584,45.50808284415737
48.57186377097403,18.901175492555588,3517.4596889802465,67.75865807681737

84.48675106635991,21.995544713123127,23.255280284381485,2644.262328327955
12.847731077752108,5.63321896780234,857.1380322233533,27.36058132439143
1.4055230502180114,4763.815817493331,9.305657445840936,55.139311799357706
10676.861600842678,1.2202892464258386,112.62353483375401,141.07548354233768

Iteration: ,45000
Error:,0.02359509997659535
Absolute Error:,0.8615827841729077
Transition Probabilities
7.900766374338294e-05,7.900766374338294e-05,0.023295840267865766,0.9765461444046475
0.979070399159808,0.020454315669089385,0.00023764258555133096,0.00023764258555133096
0.020139213202520788,0.0023362663727947756,0.9629721009550489,0.014552419469635541
0.013695486870389947,0.0049946017959568365,0.962600210223659,0.01870970110999418

0.030228866183320408,0.008483440056073216,0.008234775422674276,0.9530529183379322
0.013261192765207798,0.005814505469375228,0.950672716633327,0.030251585132089948
0.0002744198640972852,0.9856175960721597,0.0018576728952239092,0.012250311168519067
0.9766782537713786,0.00010562686454350206,0.010191153287499446,0.013024966076578447

Transition Gammas
1.0,1.0,294.8554502703776,12360.14454972965
4119.928239664469,86.07176033552808,1.0,1.0
65.73019113459092,7.625086128285131,3142.9400749941547,47.49606171755304
52.96519903243814,19.315857896411877,3722.7089628622484,72.35690505247844

88.20965696211566,24.755190375542302,24.029571959101872,2781.0659679892087
12.847731077752108,5.63321896780234,921.0323401908282,29.308391585447662
1.40597736464213,5049.765747931349,9.517700368323542,62.76389746572607
11285.800440786214,1.220549049618714,117.76173148122939,150.50726001183568

Iteration: ,46195
Error:,0.023075067136573823
Absolute Error:,0.8614396423531983
Transition Probabilities
7.696451935657645e-05,7.696451935657645e-05,0.023776249301096813,0.9760698216601901
0.9791852707879335,0.02035262200319407,0.00023105360443622934,0.00023105360443622934
0.02024238981870745,0.0022841011025195902,0.9629764714578253,0.014497037620947676
0.013579881738435745,0.005048985146548354,0.962584224493718,0.01878690862129782

0.029826151234893964,0.00858709458116181,0.00829276556126521,0.953293988622679
0.013794909015703703,0.005628939773244257,0.9512706928601696,0.029305458350882465
0.0002667498151076215,0.9860213189777883,0.0018055225204056517,0.011906408686698362
0.9767561065545822,0.0001030258953276371,0.010125950789066815,0.01301491676102338

*,*,*,*,*,*,*,*,*,*,*
Model Num 2
Model States: 
"['diamond', 'x', 'square']","['diamond', 'x', 'diamond']","['square', 'y', 'diamond', 'x', 'diamond']","['square', 'y', 'diamond', 'x', 'square']"
Iteration: ,46195
Error:,0.02302819276788922
Transition Probabilities
7.696451935657645e-05,7.696451935657645e-05,0.023776249301096813,0.9760698216601901
0.9791852707879335,0.02035262200319407,0.00023105360443622934,0.00023105360443622934
0.02024238981870745,0.0022841011025195902,0.9629764714578253,0.014497037620947676
0.013579881738435745,0.005048985146548354,0.962584224493718,0.01878690862129782

0.029826151234893964,0.00858709458116181,0.00829276556126521,0.953293988622679
0.013794909015703703,0.005628939773244257,0.9512706928601696,0.029305458350882465
0.0002667498151076215,0.9860213189777883,0.0018055225204056517,0.011906408686698362
0.9767561065545822,0.0001030258953276371,0.010125950789066815,0.01301491676102338

Transition Gammas
1.0,1.0,308.92480716915156,12682.075192830876
4237.913851970174,88.08614802982389,1.0,1.0
67.69165391780676,7.638158474852929,3220.245762517193,48.478883286977236
53.93125953498392,20.051583185447086,3822.815296580911,74.61049103598081

89.19988366596388,25.681082069085317,24.80084398112247,2850.9783986183147
13.805396088219531,5.63321896780234,951.9938614382914,29.327736748404728
1.406155162733521,5197.750437752105,9.517700368323542,62.76389746572607
11572.76979052434,1.2206680471086204,119.97395931867676,154.2029115635158

