0,1,2,3,4,5,6,7,8,9,10,11,12,13,14,15,16,17,18,19,20,21,22,23,24,25,26,27,28,29
github Code Version (SHA):,32a229dd34421fba547a58d2c923a1ee52132eb5
Environment Observations,Environment Actions,alpha,epsilon,numActions,explore,patience,gainThresh,insertRandActions,useBudd,revisedSplitting,haveControl,confidence_factor
"['square', 'diamond']","['x', 'y']",0.99,0.99,75000,0.5,0,0.01,False,True,False,False,250

Model Num 0
Model States: 
['square'],['diamond']
Iteration: ,0
Error:,0.6713922669843938
Absolute Error:,1
Transition Probabilities
0.5,0.5
0.5,0.5

0.5,0.5
0.5,0.5

Transition Gammas
1.0,1.0
1.0,1.0

1.0,1.0
1.0,1.0

Iteration: ,2326
Error:,0.2673482113157473
Absolute Error:,1
Transition Probabilities
0.9787556904400607,0.021244309559939303
0.682,0.318

0.03283582089552239,0.9671641791044776
0.6401590457256461,0.35984095427435386


Model Num 1
Model States: 
['square'],"['diamond', 'x', 'square']","['diamond', 'x', 'diamond']"
Iteration: ,0
Error:,0.7089349264155294
Absolute Error:,1
Transition Probabilities
0.3333333333333333,0.3333333333333333,0.3333333333333333
0.3333333333333333,0.3333333333333333,0.3333333333333333
0.3333333333333333,0.3333333333333333,0.3333333333333333

0.3333333333333333,0.3333333333333333,0.3333333333333333
0.3333333333333333,0.3333333333333333,0.3333333333333333
0.3333333333333333,0.3333333333333333,0.3333333333333333

Transition Gammas
1.0,1.0,1.0
1.0,1.0,1.0
1.0,1.0,1.0

1.0,1.0,1.0
1.0,1.0,1.0
1.0,1.0,1.0

Iteration: ,2500
Error:,0.2145063074128979
Absolute Error:,1
Transition Probabilities
0.9790209790209791,0.017428258735874405,0.003550762243146574
0.996309963099631,0.0018450184501845018,0.0018450184501845018
0.0035335689045936395,0.9778051250625235,0.018661306032882873

0.01969057665260197,0.43789065654634246,0.5424187668010556
0.924432700868478,0.020650669045049922,0.054916630086472115
0.3239855006219854,0.6646932457771026,0.011321253600911877

Transition Gammas
700.0,12.4612049961502,2.5387950038498004
540.0,1.0,1.0
1.0,276.71885039269415,5.281149607305853

14.0,311.3402568044495,385.6597431955505
84.34363800267127,1.8841312653829028,5.010498183359917
37.04893133977579,76.01011272890734,1.2946269093374072

Iteration: ,5000
Error:,0.2093263124092738
Absolute Error:,1
Transition Probabilities
0.9842249657064472,0.012450847942415477,0.0033241863511373343
0.9980842911877394,0.0009578544061302681,0.0009578544061302681
0.0018050541516245488,0.9777606372007714,0.020434308647604045

0.01854493580599145,0.44037323577223875,0.5410818284217698
0.9441753212573668,0.020521746624912535,0.03530293211772061
0.2712135980431536,0.7214780069127126,0.007308395044133819

Transition Gammas
1435.0,18.153336300041765,4.846663699958233
1042.0,1.0,1.0
1.0,541.6793930092274,11.32060699077264

26.0,617.4032765526784,758.5967234473209
178.09523979448872,3.8709181482294763,6.659021920400521
63.4582181969952,168.81052099650014,1.710009124640901

Iteration: ,7500
Error:,0.2083963595385499
Absolute Error:,1
Transition Probabilities
0.9801568989386248,0.01755558286617926,0.0022875181951959125
0.9987531172069826,0.0006234413965087282,0.0006234413965087282
0.0012135922330097082,0.9789450623859056,0.01984134538108463

0.019830028328611908,0.45258621656231407,0.527583755109074
0.953884497546952,0.017551017593672575,0.02856448485937541
0.251065974121118,0.7425444036083009,0.006389622270581149

Transition Gammas
2124.0,38.04294807101046,4.957051928989542
1602.0,1.0,1.0
1.0,806.6507314059866,16.34926859401374

42.0,958.5776066789808,1117.4223933210183
254.45134550480992,4.681782808267894,7.619655864846556
83.57911308923313,247.19081468608766,2.1270861741414473

Iteration: ,10000
Error:,0.2064385843962404
Absolute Error:,1
Transition Probabilities
0.98224043715847,0.015704377934849845,0.00205518490668021
0.9990489776509748,0.00047551117451260106,0.00047551117451260106
0.0009250693802035154,0.9783706421297191,0.02070428849007738

0.022009229676961315,0.4551741337663897,0.522816636556649
0.9569828097635081,0.01648258241013008,0.026534607826361845
0.2386922434942029,0.756492911497882,0.00481484500791509

Transition Gammas
2876.0,45.98241859324035,6.017581406759655
2101.0,1.0,1.0
1.0,1057.6186641422262,22.381335857773642

62.0,1282.2255348199194,1472.7744651800797
344.8098383377503,5.9388282822238825,9.560666860070821
105.80801442130267,335.3398154780222,2.134334918370274

Iteration: ,12500
Error:,0.2087782842733129
Absolute Error:,1
Transition Probabilities
0.9806147881473276,0.01688367042813221,0.002501541424540181
0.9992486851990984,0.0003756574004507889,0.0003756574004507889
0.0007401924500370099,0.9782320070466479,0.021027800503315045

0.023131170662905508,0.4602017240361044,0.5166671053009901
0.9615529657023377,0.014007536512711524,0.024439497784950765
0.22626318967505937,0.7695723923870589,0.004164417937881698

Transition Gammas
3541.0,60.96693391598541,9.033066084014594
2660.0,1.0,1.0
1.0,1321.591441520021,28.408558479978616

82.0,1631.4151117079896,1831.5848882920095
424.2028076175766,6.179624553659155,10.781833083492359
124.59372173677285,423.77148775758155,2.293171640040973

Iteration: ,15000
Error:,0.21046609141124678
Absolute Error:,1
Transition Probabilities
0.9807200929152149,0.016933676940587155,0.002346230144197981
0.9993738259236068,0.00031308703819661864,0.00031308703819661864
0.0006127450980392157,0.9764422392845243,0.022945015617436483

0.023692235514895625,0.46264596782888334,0.5136617966562211
0.9629133998273579,0.012832453704651522,0.024254146467990623
0.21680418605030832,0.7786396462558921,0.004556167693799511

Transition Gammas
4222.0,72.89947922922771,10.10052077077231
3192.0,1.0,1.0
1.0,1593.5537345123437,37.44626548765634

101.0,1972.2597608545288,2189.74023914547
523.5623398412689,6.977355895885026,13.187642500260939
141.01136472878386,506.4341291131851,2.9633718616797493

Iteration: ,17500
Error:,0.21093144350407161
Absolute Error:,1
Transition Probabilities
0.9795675461218012,0.01821415331576196,0.0022183005624368144
0.9994630872483221,0.00026845637583892615,0.00026845637583892615
0.0005216484089723526,0.9773158899411558,0.02216246164987183

0.023602985676820662,0.4613317877087729,0.5150652266144065
0.9642926069044221,0.011832778726457056,0.02387461436912091
0.2091973584964144,0.786604366530564,0.004198274973021583

Transition Gammas
4938.0,91.81754686475604,11.182453135243982
3723.0,1.0,1.0
1.0,1873.514561017196,42.485438982804304

117.0,2286.821671672387,2553.1783283276122
613.9911952869712,7.5342503943346335,15.201612984019263
155.92317832843926,586.2877705436052,3.129142652637689

Iteration: ,20000
Error:,0.20971984002358848
Absolute Error:,1
Transition Probabilities
0.9793438639125152,0.018360989417343168,0.0022951466701416475
0.9995319447694828,0.0002340276152586005,0.0002340276152586005
0.00045558086560364434,0.9774417014005826,0.022102717733813667

0.021911998586322676,0.46329177909268016,0.5147962223209972
0.9591226641116969,0.01447460837819902,0.026402727510104158
0.20756726060704905,0.7885027594123716,0.003929979980579413

Transition Gammas
5642.0,105.77766003331399,13.222339966686032
4271.0,1.0,1.0
1.0,2145.48453457428,48.515465425721025

124.0,2621.7681778854767,2913.2318221145224
683.3349732527224,10.31255594207122,18.810844297612
174.02802525088123,661.094518105066,3.2949640193522187

Iteration: ,21276
Error:,0.2096516070035313
Absolute Error:,1
Transition Probabilities
0.9794117647058823,0.018256718439693172,0.002331516854424481
0.9995610184372257,0.00021949078138718174,0.00021949078138718174
0.00042808219178082157,0.9766568354275491,0.02291508238067007

0.022067363530778168,0.4644745571511711,0.5134580793180508
0.9596512062983851,0.013902583122513856,0.02644621057910105
0.2062804360391512,0.7900018441917479,0.003717719769101018


Model Num 2
Model States: 
"['diamond', 'x', 'square']","['diamond', 'x', 'diamond']","['square', 'y', 'diamond', 'x', 'diamond']","['square', 'y', 'diamond', 'x', 'square']"
Iteration: ,0
Error:,0.671074764832892
Absolute Error:,0.74
Transition Probabilities
0.25,0.25,0.25,0.25
0.25,0.25,0.25,0.25
0.25,0.25,0.25,0.25
0.25,0.25,0.25,0.25

0.25,0.25,0.25,0.25
0.25,0.25,0.25,0.25
0.25,0.25,0.25,0.25
0.25,0.25,0.25,0.25

Transition Gammas
1.0,1.0,1.0,1.0
1.0,1.0,1.0,1.0
1.0,1.0,1.0,1.0
1.0,1.0,1.0,1.0

1.0,1.0,1.0,1.0
1.0,1.0,1.0,1.0
1.0,1.0,1.0,1.0
1.0,1.0,1.0,1.0

Iteration: ,2500
Error:,0.03491305029855164
Absolute Error:,0.6187793388270946
Transition Probabilities
0.0013123359580052498,0.0013123359580052498,0.014371602070771265,0.9830037260132182
0.9591155344369362,0.031175727698986116,0.004854368932038834,0.004854368932038834
0.012942011920783252,0.006579366068055178,0.9731536640262848,0.007324957984876743
0.018334389552954515,0.024407132000658496,0.9329051756552799,0.02435330279110715

0.02578985408917384,0.009686270173542151,0.019757328862327752,0.9447665468749563
0.9149523014378882,0.039999107817184174,0.02252429537246382,0.02252429537246382
0.004669102223972295,0.9827565490350796,0.004225885999169548,0.008348462741778586
0.9857306529149464,0.0016660263519937362,0.006292703413744283,0.006310617319315502

Transition Gammas
1.0,1.0,10.9511607779277,749.048839222072
197.57780009400892,6.422199905991142,1.0,1.0
1.9670606236094164,1.0,147.90994359642664,1.113322759230808
4.201033101782956,5.592505229487134,213.76034977509877,5.580171124197461

4.402506959645773,1.6535134981601076,3.372713064589294,161.2782020198991
40.620684745433884,1.7758206041856248,1.0,1.0
1.1048812544611581,232.55633238289116,1.0,1.9755532315398918
680.3185247624763,1.1498359989638938,4.343014687173067,4.355378269227563

Iteration: ,5000
Error:,0.031083200222987814
Absolute Error:,0.6188611328253403
Transition Probabilities
0.0006648936170212771,0.0006648936170212771,0.021348778859229187,0.9773214339067283
0.9689807149142929,0.0260441607075976,0.0024875621890547255,0.0024875621890547255
0.014820932015445163,0.010097326899426166,0.9600077001806631,0.01507404090446553
0.01256367879571258,0.015805818286987933,0.9423770058621982,0.029253497055101198

0.02573173734464399,0.008545066618660717,0.012361633726970982,0.9533615623097242
0.9289958557314051,0.03881916594060316,0.021329158124697576,0.01085582020329414
0.002360103402711282,0.9892391392184545,0.0021295594353016763,0.00627119794353261
0.9807146840153638,0.0008323313528941999,0.008848127223456374,0.009604857408285743

Transition Gammas
1.0,1.0,32.10856340428067,1469.8914365957182
389.5302473955459,10.46975260445424,1.0,1.0
4.607766291595777,3.139217052875856,298.46241221233885,4.6864567953856815
5.649142634510376,7.106940841946528,423.7311545576199,13.153565934755575

9.099996503633117,3.0219520474512453,4.37167619846096,337.1551157824367
85.57583290201383,3.5758851209440348,1.9647670765793779,1.0
1.1082589964796856,464.5276026674116,1.0,2.9448334897702555
1359.7454023996925,1.1540142600263894,12.267788489392988,13.316982925297534

Iteration: ,7500
Error:,0.027382660747398375
Absolute Error:,0.6194888878919137
Transition Probabilities
0.0004432624113475177,0.0004432624113475177,0.020941538500409803,0.9781719366768951
0.9708290720572794,0.02583759460938729,0.001666666666666667,0.001666666666666667
0.01675740645172623,0.009353511357795614,0.9603072172927254,0.013581864897752765
0.012329532717809809,0.01181152923330501,0.9490866154872919,0.026772322561593377

0.019393318833004894,0.006002679952100037,0.017530654540505872,0.957073346674389
0.9353480163738797,0.04008236288132682,0.014409867322920107,0.010159753421873214
0.0015781059555858257,0.9914568794792054,0.0014214403968508592,0.005543574168358058
0.984250416768997,0.0005569041950259286,0.007570498317458978,0.007622180718517927

Transition Gammas
1.0,1.0,47.244110856924515,2206.7558891430754
582.4974432343676,15.50255676563237,1.0,1.0
8.105584959367814,4.524308770419194,464.5021745628446,6.569570306271942
8.26816045005801,7.920788329670335,636.4556222407592,17.953466982590047

10.214554850736167,3.1616405706583115,9.233480556641714,504.09516184231296
127.5335120394999,5.465179184229946,1.9647670765793779,1.3852694533634353
1.1102160590637866,697.5015496082256,1.0,3.899969482110971
2042.685718446702,1.155783351819002,15.711599945634227,15.818860151715427

Iteration: ,10000
Error:,0.026247733002788418
Absolute Error:,0.6203809351375604
Transition Probabilities
0.00033602150537634444,0.00033602150537634444,0.02197675210465213,0.9773512048845951
0.9725983130874758,0.024857157650437712,0.0012722646310432569,0.0012722646310432569
0.014224029152056224,0.007372980121185367,0.9600619826957192,0.01834100803103923
0.014639573214225512,0.01103959098754122,0.9512113550593623,0.023109480738870897

0.01798902630473478,0.006364954330351571,0.015971680300136244,0.9596743390647774
0.9531107530198003,0.028136358216483335,0.01009531505096327,0.008657573712753042
0.001172775835398567,0.9864460880558482,0.0012853259301981142,0.01109581017855511
0.9814889980684801,0.00042260254222311743,0.008424692896391936,0.009663706492904938

Transition Gammas
1.0,1.0,65.40281426344467,2908.597185736552
764.4622740867561,19.537725913244046,1.0,1.0
9.603768969419358,4.978082999060062,648.213904764073,12.383467575423424
13.22032382195364,9.96934579864643,858.9951327805406,20.869106923704578

12.634267397904992,4.470310600632626,11.217420903579464,674.0099218967092
185.4960066539379,5.47594502989932,1.9647670765793779,1.6849514559977206
1.1121655934947883,935.4655560415763,1.2188989855057968,10.52236748069113
2687.581357043341,1.1571996386644434,23.06907933936786,26.46183244171005

Iteration: ,12500
Error:,0.02478083100752024
Absolute Error:,0.6206822796346038
Transition Probabilities
0.0002691790040376853,0.0002691790040376853,0.024374606860423278,0.9750870351315013
0.9749045185801251,0.02305258050056957,0.0010214504596527067,0.0010214504596527067
0.013748505858038886,0.006236466581457501,0.9650097103512346,0.015005317209268886
0.013837153420112307,0.009549217269465416,0.952481169395291,0.024132459915131257

0.017796404094428963,0.006122080120507438,0.014707402222545738,0.9613741135625179
0.9587501434254919,0.026389052259944812,0.008000074194249064,0.006860730120314168
0.0009370609703281701,0.9884408779692524,0.0017661385139812625,0.008855922546438235
0.9817987969143205,0.0003371161312811913,0.008432428244526922,0.009431658709871444

Transition Gammas
1.0,1.0,90.5516644864724,3622.4483355135244
954.4315236899425,22.568476310057612,1.0,1.0
11.366630555357668,5.156022940544709,797.8255217807227,12.40570421577716
15.464554024120003,10.672309677296983,1064.5033739136588,26.97070118121367

15.9557100551465,5.488869258018911,13.186205723481962,861.9385427041922
235.4629058093355,6.4809825263550565,1.9647670765793779,1.6849514559977206
1.1133904830244534,1174.4386986664113,2.098477981087005,10.52236748069113
3373.504101585158,1.1583459413088546,28.97419650404868,32.40759658954783

Iteration: ,15000
Error:,0.02524167973793181
Absolute Error:,0.6211576944582526
Transition Probabilities
0.00022492127755285683,0.00022492127755285683,0.0240045597501766,0.9755455976947177
0.9722753210554084,0.026023998672482843,0.0008503401360544216,0.0008503401360544216
0.015968511099456108,0.005351067000946353,0.964400342897714,0.014280079001883514
0.014260463258896013,0.010213829288062033,0.954406798133552,0.02111890931948985

0.01949309222385459,0.005905320905265217,0.01609791577918448,0.9585036710916957
0.9618743883964136,0.024295076276718303,0.006709321556078355,0.007121213770789577
0.0007729110027077825,0.9864640802234187,0.002171536501927619,0.010591472271945901
0.9822369591884491,0.0002842390724785931,0.007907590005387521,0.009571211733684831

Transition Gammas
1.0,1.0,106.72427264928501,4337.275727350709
1143.3957775611605,30.60422243883983,1.0,1.0
16.047944230459724,5.377685137317864,969.1976178784689,14.351113262938524
19.376396775060336,13.878035045934626,1296.7997231025627,28.695306667241752

20.70087067030339,6.271210484344657,17.095331452776488,1017.8918923904139
296.4266283722366,7.487160104928281,2.067652067178058,2.194587373838185
1.1144834305851221,1422.4119833005489,3.131203258629378,15.272159810420318
4005.4375706002,1.1590908377943459,32.24614773878108,39.030185858558696

Iteration: ,17500
Error:,0.025100008236297832
Absolute Error:,0.6211514440973767
Transition Probabilities
0.0001924927815206932,0.0001924927815206932,0.023464085037056694,0.976150929399902
0.9717971550537321,0.026742990931669333,0.0007299270072992696,0.0007299270072992696
0.015350933103635745,0.004581178436298369,0.9670023874502237,0.013065501009842127
0.01616684451899434,0.009762780241900386,0.95398970825769,0.020080666981415255

0.01868043299407186,0.005140826551613823,0.016460248820879736,0.9597184916334346
0.9667242681167211,0.020674633466625784,0.005869378386391962,0.006731720030261307
0.0006595770037282888,0.9849595035438946,0.0019193744498133506,0.012461545002563886
0.9813148538569012,0.00024435738893136666,0.007904218214620552,0.010536570539546958

Transition Gammas
1.0,1.0,121.89592176750938,5071.104078232484
1331.3621024236138,36.63789757638701,1.0,1.0
18.01992346364178,5.377685137317864,1135.1302812260228,15.337134662890794
25.80517100411932,15.583140749692085,1522.737942387965,32.05233060312916

22.789900921813416,6.271745831838402,20.081303248981975,1170.8448805281507
350.39996128464827,7.493750809000368,2.12742146565041,2.4399867840059803
1.1152279104256178,1665.3920964224778,3.245322297305946,21.070265814799615
4657.378540321032,1.1597346711963497,37.513888785134576,50.00718915707025

Iteration: ,20000
Error:,0.024708038678550304
Absolute Error:,0.621432575768366
Transition Probabilities
0.00016795431642593236,0.00016795431642593236,0.024027758573142335,0.9756363327940057
0.9714882290618678,0.027235446751788853,0.000638162093171665,0.000638162093171665
0.015461263464713876,0.004108274497932525,0.9690242520421198,0.011406209995233904
0.01600829847262216,0.008595788677403538,0.9552789326244706,0.020116980225503688

0.01867296964737938,0.0051881811374846765,0.01596728714568425,0.9601715620694516
0.9648808149388474,0.023277092923668714,0.005318438555380264,0.006523653582103771
0.0005787882581864735,0.9842432947826503,0.00172737025683126,0.01345054670233193
0.9816434788282071,0.0002134477038210936,0.007568364676214119,0.010574708791757531

Transition Gammas
1.0,1.0,143.0612745444893,5808.938725455503
1522.3220549399482,42.67794506005317,1.0,1.0
20.807407755358785,5.528819998735198,1304.0902370681567,15.350211375398285
29.021137864606537,15.583140749692085,1731.8068906737385,36.46968836459211

25.82241915215004,7.174616062646994,22.08079320990389,1327.7991129392578
393.38003652375136,9.490025630844254,2.1683170820402458,2.6596809104955925
1.11575936054355,1897.37551457403,3.329938895482999,25.929298280131835
5336.315699700342,1.160323842139867,41.14241485202885,57.48521307611162

Iteration: ,22500
Error:,0.025268020355525007
Absolute Error:,0.6211117307938905
Transition Probabilities
0.00014956625785222857,0.00014956625785222857,0.024565562697261546,0.975135304787034
0.9723972754885332,0.026469580035546142,0.0005665722379603395,0.0005665722379603395
0.01622176534781431,0.003765603198337984,0.9685854269725753,0.011427204481272409
0.017264567820753668,0.007679155505138895,0.9530930744251214,0.0219632022489861

0.01847237036355589,0.005715506043198648,0.016004468329412165,0.9598076552638333
0.9664567446439044,0.020841528597631616,0.006864505402434774,0.005837221356029201
0.0005142252535809208,0.9846457342976042,0.001556181453415415,0.013283858995399491
0.9811801997374721,0.00018992159739881145,0.007474015433382555,0.01115586323174659

Transition Gammas
1.0,1.0,164.24535219389065,6519.754647806108
1716.2811912372626,46.71880876273898,1.0,1.0
24.554514560563057,5.699907290013356,1466.1255701711762,17.297097621976196
35.28875686462249,15.696185062954218,1948.121153216068,44.89276025787978

28.940943923118056,8.954570346575327,25.074444228048407,1503.7452682722671
440.35790280491926,9.496267551925863,3.1277542627352606,2.6596809104955925
1.1162231030294258,2137.3596673221386,3.3779859676511337,28.835126639140856
5998.0676950772195,1.1610126236343445,45.689518128754784,68.197078252234

Iteration: ,25000
Error:,0.026295681883099466
Absolute Error:,0.6211154445283873
Transition Probabilities
0.00013390465988216395,0.00013390465988216395,0.02295401536191825,0.9767781753183173
0.973909963942926,0.025061758422112577,0.0005141388174807192,0.0005141388174807192
0.016391582143334735,0.0034341779502337307,0.9686652879847492,0.011508951921682397
0.017998354187625427,0.007624525502941781,0.951613523853135,0.022763596456297743

0.01821535004072072,0.006463081194966538,0.015359402928786082,0.9599621658355266
0.968119537750829,0.020259566396216188,0.0060399861513706675,0.005580909701584064
0.000462728038532872,0.9833377966781193,0.0014189665379115619,0.014780508745436386
0.9813776943919353,0.0001711120110368272,0.007219489916400585,0.01123170368062731

Transition Gammas
1.0,1.0,171.42058672280544,7294.579413277192
1894.254879868993,48.74512013100902,1.0,1.0
27.43152337135436,5.747140933648836,1621.073808130122,19.260378946873036
41.22398894269775,17.4634498104661,2179.6051447867917,52.13844770627099

30.92379516259856,10.972229385962434,26.075317187305842,1629.7064461445689
501.33227711959006,10.491240140104166,3.1277542627352606,2.890025518536804
1.116817017757433,2373.3344299087807,3.4247459527037107,35.67348922782699
6661.00038151096,1.1614052136202495,49.001546868512165,76.23403601814263

Iteration: ,27500
Error:,0.026765313253618802
Absolute Error:,0.6213120013094252
Transition Probabilities
0.00012172854534388325,0.00012172854534388325,0.023077437490715617,0.9766791054185966
0.9731720046495006,0.025899490243721266,0.00046425255338904315,0.00046425255338904315
0.016542008775270393,0.003155076154870737,0.9687372919467399,0.011565623123118872
0.017681004374131615,0.006970239646969745,0.9522170886816511,0.023131667297247478

0.01833944426754761,0.00637658855275343,0.016101867089667394,0.9591821000900315
0.9672445767880081,0.022100938945421315,0.005537691606083926,0.0051167926604866465
0.0004197790561684452,0.9841499204243926,0.001293901142746277,0.014136399376692666
0.9819198276139824,0.00015586960365055602,0.0068689040145235485,0.011055398767843547

Transition Gammas
1.0,1.0,189.5811489862286,8023.418851013764
2096.2124980150265,55.78750198497566,1.0,1.0
30.3252465585319,5.783968779561715,1775.914740938057,21.202405196155176
44.65916546428986,17.60562234661308,2405.13602177347,58.426599271932744

34.237294674776,11.904239742244734,30.060036733966932,1790.664958461378
546.3112725223879,12.482873896597704,3.1277542627352606,2.890025518536804
1.1172413235427403,2619.3135257758554,3.4437159358308653,37.62400557546468
7318.935624433936,1.161805233831096,51.1987484913863,82.40362360429127

Iteration: ,30000
Error:,0.02572476748818024
Absolute Error:,0.6216073036545019
Transition Probabilities
0.00011163206072784099,0.00011163206072784099,0.023415003346508506,0.9763617325320358
0.9735798857776811,0.025579071329131363,0.0004205214465937759,0.0004205214465937759
0.015873584764520842,0.002953319442415842,0.9699257527916301,0.011247343001433274
0.01717435972983745,0.006779863939347811,0.9530200993711857,0.023025676959629104

0.019100807744958703,0.006773864477845352,0.01525700401191731,0.9588683237652786
0.9639458558035294,0.024173408086433878,0.005527985097886753,0.006352751012149788
0.0003830522363810616,0.9838485444226647,0.0011889185310063964,0.014579484809947859
0.9810386055167635,0.00014301436382790764,0.007087762196819417,0.011730617922589259

Transition Gammas
1.0,1.0,209.75159997802328,8746.248400021981
2315.172968379328,60.82703162067444,1.0,1.0
31.276452812535748,5.819060883305884,1911.0892396942666,22.16115627750268
47.41072512957681,18.716171706005788,2630.8622088397883,63.56359470908425

38.89652253668261,13.794169117925707,31.069073534255487,1952.621264139522
577.2955360882748,14.477162276615275,3.310643540152292,3.80458588946082
1.1175241468277008,2870.299141446215,3.468574363546663,42.53447643943827
7972.741583239381,1.1622545321656068,57.60109345434793,95.3328286803311

Iteration: ,32500
Error:,0.027555016351605264
Absolute Error:,0.6217878643173651
Transition Probabilities
0.00010330578512396686,0.00010330578512396686,0.023441955118049966,0.976351433311702
0.9731078508486907,0.026111204207927733,0.0003904724716907454,0.0003904724716907454
0.01645715019351697,0.00277135977700888,0.968577027798474,0.012194462231000203
0.017976560822849763,0.006421040088314972,0.9521121363192003,0.02349026276963499

0.019908651169026736,0.006609676892187436,0.016144948513534936,0.9573367234252509
0.9644907476415292,0.02360748157485421,0.005050209090269761,0.006851561693346714
0.00035419853583277524,0.9835156522983838,0.0011034742208952562,0.015026674944888123
0.9810711001778504,0.00013196364758356733,0.0069941369574897235,0.01180279921707648

Transition Gammas
1.0,1.0,226.91812554272386,9451.081874457283
2492.1292060234996,66.870793976503,1.0,1.0
35.10391229869516,5.9114469647712875,2066.0225275067696,26.01138882814682
53.74627114290243,19.197607651813012,2846.622195498884,70.23112176329434

44.45244712298337,14.75822294817629,36.04877417400075,2137.5611896379182
632.2678934953803,15.47578624529397,3.310643540152292,4.491512738301606
1.1179582457882467,3104.2743606029353,3.4829000672296395,47.42875382564705
8643.668346714796,1.1626578372641172,61.62142603230557,103.98785773709965

Iteration: ,35000
Error:,0.02735613109904411
Absolute Error:,0.6213636223630083
Transition Probabilities
9.603380389897234e-05,9.603380389897234e-05,0.023247980469657863,0.9765599519225442
0.9738633082152814,0.025409683424122444,0.0003635041802980733,0.0003635041802980733
0.016424035336784677,0.0029730194780753835,0.9685366738986393,0.012066271286500813
0.01963270484178958,0.00606426568443865,0.9502437626403515,0.024059266833420342

0.019172181832545425,0.0064998897547648244,0.015754279803687342,0.9585736486090024
0.9648743974800622,0.022188281363986883,0.004923942209545423,0.008013378946405499
0.0003302433648718895,0.9840505412973234,0.0010318272901747847,0.014587388047629858
0.9806374647370765,0.0001224132140218571,0.006882950896739144,0.012357171152162493

Transition Gammas
1.0,1.0,242.0812206305476,10168.918779369464
2679.09796090024,69.90203909976087,1.0,1.0
38.01150008658828,6.88070427461798,2241.564335976971,27.925967196647196
63.155600085020126,19.507874307797486,3056.7981101033274,77.39521613119605

46.311780005486604,15.700949793392358,38.05559256561574,2315.503385122172
673.2440616793409,15.481941179274818,3.435695735410172,5.591359666857815
1.1182904934471773,3332.252764052481,3.494037344033987,49.39671500809013
9317.356375411086,1.1630878699978235,65.39716126037298,117.4095132572942

Iteration: ,37500
Error:,0.027797662174929644
Absolute Error:,0.6217033805228472
Transition Probabilities
8.95255147717098e-05,8.95255147717098e-05,0.023566332081900634,0.976254616888556
0.9746338508110481,0.024689101118538847,0.0003385240352064995,0.0003385240352064995
0.016003488180682056,0.0031373494605351805,0.9685144767761403,0.012344685582642304
0.019108670434810408,0.005684078864783191,0.9515508461855939,0.023656404514812403

0.019193031229287807,0.007563632852907245,0.01559670923830746,0.9576466266794975
0.9656768643823226,0.020972837406064978,0.004753118162614131,0.008597180048998138
0.00030821722585906307,0.9837604326106587,0.0009683563858917522,0.014962993777590519
0.9805443823586568,0.00011430326845228768,0.006795010753041561,0.01254630361984933

Transition Gammas
1.0,1.0,263.2359293548305,10904.764070645186
2879.0683952958375,72.93160470416379,1.0,1.0
39.95314387601277,7.832478330405522,2417.9227553245332,30.818843593286438
65.76091451340046,19.561288975579238,3274.683817727666,81.41156656085447

49.29200691613604,19.42510479156096,40.05584581504074,2459.4512238102448
713.2202359776524,15.489914479252196,3.510511831240443,6.349621710374965
1.1185726635464859,3570.2337023178757,3.5143298003872268,54.30324589347337
9980.123269668466,1.1633952830730492,69.16060726486586,127.69810215381379

Iteration: ,40000
Error:,0.02782738240266353
Absolute Error:,0.6220655342390631
Transition Probabilities
8.386447500838631e-05,8.386447500838631e-05,0.023348789110367318,0.976483481939616
0.9752045541491863,0.02415931353529204,0.000318066157760814,0.000318066157760814
0.015398973061303988,0.0029635660216255503,0.9689460813222127,0.012691379594857798
0.0189343469514006,0.005642228562217108,0.951989971970566,0.023433452515816335

0.019580311179966794,0.007694699941986551,0.014990788901059489,0.9577341999769872
0.9639254131717032,0.02352244891419536,0.004468948464930776,0.008083189449170605
0.0002893345551236948,0.9822139089665517,0.000912818437388913,0.01658393804093561
0.9809569398937147,0.00010703654094567149,0.006498583239416682,0.012437440325922904

Transition Gammas
1.0,1.0,278.41096135202037,11643.589038648
3066.043118245044,75.95688175495823,1.0,1.0
40.88755465108449,7.868899256393061,2572.7583064335386,33.69831707066215
69.49999708328649,20.710239947743112,3494.3534332129757,86.0143149209641

53.63384738824999,21.077109479706575,41.062354768473085,2623.399058776375
757.1963726874199,18.477687953000558,3.510511831240443,6.349621710374965
1.118854554006484,3798.213817170635,3.5298620492012858,64.12996398763926
10665.056623871278,1.1637113960706456,70.65321157810368,135.2210274860381

Iteration: ,42500
Error:,0.027512499067379917
Absolute Error:,0.6223210960611651
Transition Probabilities
7.925186241876667e-05,7.925186241876667e-05,0.023742283240633818,0.9760992130345286
0.974747797857402,0.024658025077832824,0.0002970885323826497,0.0002970885323826497
0.014459068097196309,0.002782679257027832,0.9708371096549271,0.01192114299084872
0.019653121430453033,0.0056182099424964315,0.9524988977107346,0.022229770916315922

0.01933865891795711,0.007694957873186091,0.015690782254017627,0.9572756009548392
0.9650928018807945,0.022073602706590822,0.004248647112890164,0.008584948299724438
0.00027040206940581003,0.9819505879129713,0.0008565685830949623,0.01692244143452795
0.9810698722370479,0.00010125557988607403,0.006314740022116277,0.012514132160949768

Transition Gammas
1.0,1.0,299.58012993031815,12316.419870069709
3281.001087588018,82.99891241198536,1.0,1.0
40.88755465108449,7.868899256393061,2745.346734068833,33.71077459938338
76.99283695674634,22.00983307522503,3731.4984590329636,87.08708862367622

56.753570608256524,22.582555327965828,46.04806994787407,2809.3369163207117
808.1685755660645,18.48443177923544,3.557816490409828,7.18903448992212
1.119165718998224,4064.1901822617347,3.5452472544951816,70.04020485825423
11277.991537250147,1.1639941306632815,72.5917557400585,143.8575177988141

Iteration: ,45000
Error:,0.026890294550929793
Absolute Error:,0.6221189535245493
Transition Probabilities
7.478872186074318e-05,7.478872186074318e-05,0.023464832131796655,0.9763855904244818
0.9742063501551251,0.02523311172828287,0.00028026905829596396,0.00028026905829596396
0.015329557856655199,0.0026622480304159058,0.9706996120095394,0.011308582103389423
0.019677512896726427,0.005331608067847837,0.9529591661878989,0.02203171284752677

0.019339384706653473,0.0077853631327918366,0.014842588633770958,0.9580326635267837
0.9666385146554343,0.020902321595884312,0.004021688132872846,0.008437475615808657
0.0002554074186606686,0.9822822646436422,0.0008101965208271117,0.016652131416870126
0.9812732960116662,9.565006031976507e-05,0.006118810065240058,0.012512243862773898

Transition Gammas
1.0,1.0,313.748270434254,13055.251729565784
3475.9682573534888,90.03174264651334,1.0,1.0
45.70853635621704,7.938093324374847,2894.359962720077,33.71908968565806
81.75370942643143,22.15110918956444,3959.23748985273,91.53464971698354

60.020318849305085,24.162091228632985,46.064387045442885,2973.2810430697896
855.143992791323,18.491395156631338,3.557816490409828,7.464275918856777
1.1194061985652943,4305.171954475323,3.5509501338128837,72.98338953941604
11943.933885422202,1.1642403815932818,74.4773787014523,152.29744258063903

Iteration: ,47500
Error:,0.02657653751865078
Absolute Error:,0.6221091807180177
Transition Probabilities
7.088679379031667e-05,7.088679379031667e-05,0.023741394125505893,0.9761168322869135
0.9730833862127087,0.026389187626953796,0.0002637130801687762,0.0002637130801687762
0.015178845631424541,0.002539125866451016,0.9715328104549406,0.01074921804718383
0.020060527907835125,0.005104333807826345,0.9524684419793639,0.022366696304974718

0.01887208045836656,0.007956639070475242,0.015031548244593042,0.9581397322265651
0.9674281711070012,0.020803999475420172,0.0037985326200851034,0.00796929679749366
0.0002408577806719063,0.9824769005858833,0.0009459503477960267,0.01633629128564863
0.9807085158745125,9.088293068320773e-05,0.006202499656965266,0.012998101537839158

Transition Gammas
1.0,1.0,334.9198469285126,13770.080153071527
3689.932200518594,100.06779948140887,1.0,1.0
47.626356322075516,7.966963773044549,3048.358810206303,33.72760362217449
88.28971994383328,22.465022080341754,4191.972035035659,98.43955063932799

61.59572975256332,25.969314353278193,49.060790381809795,3127.2289317342725
906.1214539140632,19.485632954356205,3.557816490409828,7.464275918856777
1.1196538363278905,4567.151734836308,4.397354044079098,75.94104354163319
12565.786946946151,1.1644800933138744,79.4724303565698,166.54426059879265

Iteration: ,50000
Error:,0.026313721318605224
Absolute Error:,0.6219969861124928
Transition Probabilities
6.742633672712542e-05,6.742633672712542e-05,0.023471107621070436,0.9763940397054753
0.9738873716854972,0.02561099801603274,0.00025081514923501366,0.00025081514923501366
0.015308920571460485,0.0024224428374449605,0.9711692704131385,0.011099366177956019
0.01965642011654411,0.00483977679635338,0.9531107684139246,0.022393034673177915

0.0186603163375309,0.007528257468136042,0.014802930906573433,0.9590084952877597
0.9668361269195398,0.021628125073699624,0.0036216789681909976,0.00791406903856953
0.00022857847990977553,0.9827955887254451,0.001075744476281329,0.015900088318363974
0.9806175500494182,8.639809475841017e-05,0.006122654198196791,0.013173397657626722

Transition Gammas
1.0,1.0,348.0999971280966,14480.900002871946
3882.888950910079,102.11104908992259,1.0,1.0
50.51120643439301,7.9927588406075225,3204.336404490013,36.621940370559415
91.2401398906155,22.465022080341754,4424.099572848757,103.94281380038855

64.37022417897407,25.969314353278193,51.0638707150705,3308.1749909595533
960.0974155570792,21.477380094147378,3.5964363768824867,7.858909094222577
1.1199024758448042,4815.130512274911,5.270526354184186,77.90124547558223
13219.71826651211,1.1647338673594412,82.53958287750432,177.5907494596437

Iteration: ,50225
Error:,0.02606553829673126
Absolute Error:,0.6219931251109609
Transition Probabilities
6.711409395973136e-05,6.711409395973136e-05,0.023497727059683327,0.9763680447523972
0.9737672856498684,0.02573358782155662,0.0002495632642874968,0.0002495632642874968
0.015272546127035517,0.0024166870421913375,0.971237654745133,0.011073112085640092
0.019560121567335532,0.004816066299669912,0.9533391655374479,0.022284646595546645

0.01859564079471457,0.007502164977022505,0.014751762687453297,0.9591504315408096
0.967067663671744,0.021477300031091526,0.003596339310896187,0.007858696986268333
0.00022737974285580193,0.9828863854091316,0.0010700667285477082,0.01581616811946504
0.9804859373955971,8.602300694894889e-05,0.006120952501002409,0.013307087096451658


Model Num 3
Model States: 
"['diamond', 'x', 'square']","['diamond', 'x', 'diamond']","['square', 'y', 'diamond', 'x', 'diamond']","['square', 'x', 'square', 'y', 'diamond', 'x', 'diamond']","['square', 'x', 'square', 'y', 'diamond', 'x', 'square']"
Iteration: ,0
Error:,0.6525406869930627
Absolute Error:,1
Transition Probabilities
0.2,0.2,0.2,0.2,0.2
0.2,0.2,0.2,0.2,0.2
0.2,0.2,0.2,0.2,0.2
0.2,0.2,0.2,0.2,0.2
0.2,0.2,0.2,0.2,0.2

0.2,0.2,0.2,0.2,0.2
0.2,0.2,0.2,0.2,0.2
0.2,0.2,0.2,0.2,0.2
0.2,0.2,0.2,0.2,0.2
0.2,0.2,0.2,0.2,0.2

Transition Gammas
1.0,1.0,1.0,1.0,1.0
1.0,1.0,1.0,1.0,1.0
1.0,1.0,1.0,1.0,1.0
1.0,1.0,1.0,1.0,1.0
1.0,1.0,1.0,1.0,1.0

1.0,1.0,1.0,1.0,1.0
1.0,1.0,1.0,1.0,1.0
1.0,1.0,1.0,1.0,1.0
1.0,1.0,1.0,1.0,1.0
1.0,1.0,1.0,1.0,1.0

Iteration: ,2500
Error:,0.3996143572091781
Absolute Error:,1
Transition Probabilities
0.0018867924528301891,0.0018867924528301891,0.41698113207547177,0.5678873368603592,0.011357946158508703
0.966518728365326,0.0254598812603424,0.002673796791443851,0.002673796791443851,0.002673796791443851
0.2,0.2,0.2,0.2,0.2
0.004530473199011323,0.00459979239921053,0.7243417281424619,0.2486239905757474,0.017904015683568805
0.06666666666666667,0.06666666666666667,0.7333333333333333,0.06666666666666667,0.06666666666666667

0.023164743850450652,0.01547870047842711,0.3818450608845244,0.5496058337244886,0.02990566106210924
0.65565925375523,0.025636962132686,0.17726712012599188,0.11584707709440602,0.025589586891686056
0.35095115757816897,0.631289279580301,0.006830601092896174,0.006246811120230604,0.004682150628403274
0.2,0.2,0.2,0.2,0.2
0.2,0.2,0.2,0.2,0.2

Transition Gammas
1.0,1.0,221.0,300.9802885359903,6.019711464009611
361.4780044086318,9.521995591368055,1.0,1.0,1.0
1.0,1.0,1.0,1.0,1.0
2.4910198586332224,2.529134090126409,398.2695736139305,136.7025629887802,9.844282629634222
1.0,1.0,11.0,1.0,1.0

2.691861700633033,1.7987041541423112,44.372348842136816,63.86700857987929,3.4751907538851703
57.17771475790916,2.2357084105599654,15.458835931115889,10.102612129248273,2.2315769840591306
256.89624734721974,462.1037526527804,5.0,4.572665740008802,3.4273342599911976
1.0,1.0,1.0,1.0,1.0
1.0,1.0,1.0,1.0,1.0

Iteration: ,5000
Error:,0.3937125606077068
Absolute Error:,1
Transition Probabilities
0.0009191176470588235,0.0009191176470588235,0.4375,0.5486419206121615,0.012019844093720648
0.9767880615692286,0.01901025775850262,0.001400560224089636,0.001400560224089636,0.001400560224089636
0.2,0.2,0.2,0.2,0.2
0.005777616281823953,0.003987561667427341,0.7098461866282471,0.2690956735869882,0.01129296183551324
0.04,0.04,0.84,0.04,0.04

0.024686104725080482,0.008440300295910828,0.41785561288020695,0.5294363171821296,0.01958166491667205
0.6732587780632967,0.025606336597349337,0.1843916313405488,0.10342282606257605,0.013320427936228963
0.3780490322101837,0.6004166474668015,0.00471063257065949,0.0103138161015365,0.0065098716508188185
0.2,0.2,0.2,0.2,0.2
0.2,0.2,0.2,0.2,0.2

Transition Gammas
1.0,1.0,476.0,596.9224096260318,13.077590373968064
697.4266759604291,13.573324039570869,1.0,1.0,1.0
1.0,1.0,1.0,1.0,1.0
6.345297468433176,4.379360573520147,779.5923078448575,295.53573880451495,12.402554730300118
1.0,1.0,21.0,1.0,1.0

5.654820177479052,1.9334107567326362,95.71774799234416,121.27742316713133,4.485551491926183
114.65611151927156,4.360764508635442,31.401933602735344,17.6129290326967,2.2684716793950237
561.7808618643328,892.2191381356668,7.0,15.326330726883235,9.673669273116762
1.0,1.0,1.0,1.0,1.0
1.0,1.0,1.0,1.0,1.0

Iteration: ,7500
Error:,0.3919955972766194
Absolute Error:,1
Transition Probabilities
0.0006134969325153376,0.0006134969325153376,0.4423312883435584,0.5447114474647253,0.011730270326685659
0.9824225541012254,0.014741907146411735,0.0009451795841209836,0.0009451795841209836,0.0009451795841209836
0.2,0.2,0.2,0.2,0.2
0.0060979147144801515,0.0036463157312314975,0.6970611639836902,0.28432050711395296,0.008874098456645165
0.02857142857142857,0.02857142857142857,0.8857142857142857,0.02857142857142857,0.02857142857142857

0.021751918493248125,0.010197832583507892,0.42573812010818984,0.5289307995166704,0.01338132929838361
0.6770790153738331,0.023013248787802473,0.17915646858515416,0.109865467930657,0.010885799322553177
0.3801061159890938,0.597013668667703,0.006729475100942128,0.01003034606430546,0.0061203941779556445
0.2,0.2,0.2,0.2,0.2
0.2,0.2,0.2,0.2,0.2

Transition Gammas
1.0,1.0,721.0,887.879659367502,19.12034063249762
1039.4030622390958,15.596937760903606,1.0,1.0,1.0
1.0,1.0,1.0,1.0,1.0
10.16551584590432,6.078582938686431,1162.0343412173804,473.9759008959568,14.793547089946781
1.0,1.0,31.0,1.0,1.0

7.320352717361482,3.431960794035323,143.2771645124427,178.00544888672283,4.50332922687887
