0,1,2,3,4,5,6,7,8,9,10,11,12,13,14,15,16,17,18,19,20,21,22,23,24,25,26,27,28,29
github Code Version (SHA):,32a229dd34421fba547a58d2c923a1ee52132eb5
Environment Observations,Environment Actions,alpha,epsilon,numActions,explore,patience,gainThresh,insertRandActions,useBudd,revisedSplitting,haveControl,confidence_factor
"['square', 'diamond']","['x', 'y']",0.99,0.99,75000,0.5,0,0.01,False,True,False,False,250

Model Num 0
Model States: 
['square'],['diamond']
Iteration: ,0
Error:,0.671825917657249
Absolute Error:,1
Transition Probabilities
0.5,0.5
0.5,0.5

0.5,0.5
0.5,0.5

Transition Gammas
1.0,1.0
1.0,1.0

1.0,1.0
1.0,1.0

Iteration: ,2349
Error:,0.26956549884557174
Absolute Error:,1
Transition Probabilities
0.9773071104387292,0.0226928895612708
0.664,0.336

0.03134328358208955,0.9686567164179104
0.6316793893129771,0.3683206106870229


Model Num 1
Model States: 
['square'],"['diamond', 'y', 'square']","['diamond', 'y', 'diamond']"
Iteration: ,0
Error:,0.7081274735330082
Absolute Error:,1
Transition Probabilities
0.3333333333333333,0.3333333333333333,0.3333333333333333
0.3333333333333333,0.3333333333333333,0.3333333333333333
0.3333333333333333,0.3333333333333333,0.3333333333333333

0.3333333333333333,0.3333333333333333,0.3333333333333333
0.3333333333333333,0.3333333333333333,0.3333333333333333
0.3333333333333333,0.3333333333333333,0.3333333333333333

Transition Gammas
1.0,1.0,1.0
1.0,1.0,1.0
1.0,1.0,1.0

1.0,1.0,1.0
1.0,1.0,1.0
1.0,1.0,1.0

Iteration: ,2500
Error:,0.2394258429994778
Absolute Error:,1
Transition Probabilities
0.9756795422031473,0.009169327990852969,0.015151129805999681
0.7751522452189452,0.21664369298337435,0.008204061797680498
0.46054234880042044,0.3426275272664756,0.19683012393310398

0.020775623268698057,0.536289335376056,0.44293504135524586
0.996309963099631,0.0018450184501845018,0.0018450184501845018
0.003831417624521072,0.9536557748475387,0.042512807527940226

Transition Gammas
682.0,6.409360265606225,10.590639734393777
145.10671635920644,40.55520073978517,1.5357814875878653
2.339796061688929,1.7407270819121332,1.0

15.0,387.20090014151253,319.7990998584876
540.0,1.0,1.0
1.0,248.90415723520766,11.095842764792401

Iteration: ,5000
Error:,0.23655103082792958
Absolute Error:,1
Transition Probabilities
0.9769687964338781,0.005589897134091199,0.017441306432030644
0.7879549752847025,0.20731821625085606,0.004726808464441528
0.3964195762253136,0.4341555825604622,0.16942484121422408

0.020590253946465336,0.5279512130478867,0.4514585330056479
0.9981701738334858,0.0009149130832570906,0.0009149130832570906
0.001798561151079136,0.9508920758076753,0.04730936304124543

Transition Gammas
1315.0,7.524001542486754,23.475998457513246
293.14970100580064,77.1303881735567,1.7585554143649595
2.339796061688929,2.562526129279398,1.0

30.0,769.2249174107711,657.7750825892291
1091.0,1.0,1.0
1.0,528.6959941490677,26.30400585093247

Iteration: ,7500
Error:,0.23312311296625007
Absolute Error:,1
Transition Probabilities
0.9763399323998069,0.005762828838814866,0.01789723876137828
0.7937553208357618,0.20298451322582026,0.0032601659384179156
0.616205103637438,0.2760637857867658,0.1077311105757962

0.022611905860636824,0.5241987788479235,0.4531893152914398
0.9987631416202845,0.0006184291898577613,0.0006184291898577613
0.0012033694344163654,0.9464324615906183,0.05236416897496526

Transition Gammas
2022.0,11.934818525185587,37.065181474814416
433.1555331855541,110.76948115719517,1.7790859201320408
5.719843602687968,2.562526129279398,1.0

49.0,1135.9387537634502,982.06124623655
1615.0,1.0,1.0
1.0,786.4853755818041,43.51462441819614

Iteration: ,10000
Error:,0.23555754787401992
Absolute Error:,1
Transition Probabilities
0.9762860269974462,0.006030598539140986,0.017683374463412827
0.7990981770052294,0.1980857681773182,0.0028160548174522605
0.5925883301601619,0.2550883240908154,0.15232334574902276

0.020639834881320956,0.5307241234224279,0.44863604169625126
0.9990783410138249,0.0004608294930875576,0.0004608294930875576
0.0009057971014492752,0.9513253590081776,0.047768843890373135

Transition Gammas
2676.0,16.529870595785443,48.47012940421456
579.8774635244299,143.74388043460624,2.04351201351731
7.736745274768595,3.33039529402284,1.9887109912241763

60.0,1542.8150267889973,1304.184973211002
2168.0,1.0,1.0
1.0,1050.2631963450283,52.73680365497195

Iteration: ,12500
Error:,0.23667580294347695
Absolute Error:,1
Transition Probabilities
0.9780346820809248,0.005120226678130759,0.016845091240944386
0.7899311463621295,0.20733899175096873,0.0027298618869019023
0.5799672495801897,0.28322922384835114,0.1368035265714592

0.019950124688279308,0.5254482961021169,0.45460157920960387
0.9992655159750276,0.0003672420124862284,0.0003672420124862284
0.0007142857142857143,0.952938312135326,0.04634740215038828

Transition Gammas
3384.0,17.715984306332427,58.28401569366758
692.2087796598365,181.68908912732505,2.392150726141891
8.430975960168011,4.117299346145799,1.9887109912241763

72.0,1896.3429006325393,1640.65709936746
2721.0,1.0,1.0
1.0,1334.1136369894564,64.88636301054359

Iteration: ,15000
Error:,0.2333658846701772
Absolute Error:,1
Transition Probabilities
0.9794356767097083,0.0052172798174337535,0.015347043472857974
0.7829788099440964,0.21378386367624316,0.0032373263796605985
0.5988374002074434,0.27050503005461296,0.13065756973794374

0.021059939828743355,0.523239984857587,0.45570007531366946
0.9993872549019608,0.00030637254901960784,0.00030637254901960784
0.0005970149253731341,0.9546048889065664,0.0447980961680605

Transition Gammas
4096.0,21.818664196507957,64.18133580349205
813.7638689072196,222.18938980932884,3.3646111569942807
9.114776297594066,4.117299346145799,1.9887109912241763

91.0,2260.919974569633,1969.080025430365
3262.0,1.0,1.0
1.0,1598.9631889184993,75.03681108150137

Iteration: ,17500
Error:,0.23285747474387664
Absolute Error:,1
Transition Probabilities
0.9799752270850537,0.0051471282550725255,0.014877644659873802
0.7810044747375333,0.21583702937546329,0.0031584958870035885
0.6160139629617826,0.25892282716107273,0.12506320987714478

0.020771513353115733,0.5234646500519601,0.4557638365949241
0.9994756161510225,0.00026219192448872575,0.00026219192448872575
0.0005112474437627809,0.9549170382685255,0.04457171428771165

Transition Gammas
4747.0,24.932689267571313,72.0673107324287
951.8921971292414,263.06326117158767,3.8495907344370943
9.795636463298077,4.117299346145799,1.9887109912241763

105.0,2646.1138060126573,2303.8861939873404
3812.0,1.0,1.0
1.0,1867.8177268532368,87.18227314676403

Iteration: ,20000
Error:,0.22833258256515032
Absolute Error:,1
Transition Probabilities
0.97931654676259,0.005533108367602205,0.015150344869807866
0.7783173899745188,0.2186116077740256,0.003071002251455688
0.6697036163554759,0.22926328030193152,0.10103310334259255

0.02065972222222223,0.5213127506262124,0.4580275271515653
0.9995383194829178,0.00023084025854108956,0.00023084025854108956
0.0004476275738585498,0.9555349058958146,0.044017466530326864

Transition Gammas
5445.0,30.76408252386826,84.23591747613173
1093.2194006168784,307.0604022177079,4.313509223710631
13.939725535632268,4.772062035739852,2.1029806263751043

119.0,3002.7614436069825,2638.238556393015
4330.0,1.0,1.0
1.0,2134.6649797712494,98.3350202287502

Iteration: ,22500
Error:,0.2317276455752645
Absolute Error:,1
Transition Probabilities
0.9792498004788508,0.00558736180025793,0.01516283772089131
0.7729510321953472,0.22347916997143943,0.003569797833213291
0.6905618087089324,0.21478532099957165,0.0946528702914961

0.02011449791118676,0.5176737620844079,0.46221174000440535
0.9995878837832268,0.000206058108386565,0.000206058108386565
0.0003961965134706811,0.9570173635424621,0.04258643994406708

Transition Gammas
6135.0,35.00482167861593,94.99517832138406
1229.7722408679763,355.5574262738487,5.67958136795251
15.342779363764407,4.772062035739852,2.1029806263751043

130.0,3345.725524351527,2987.274475648471
4851.0,1.0,1.0
1.0,2415.5118255811767,107.48817441882541

Iteration: ,25000
Error:,0.22954740356031167
Absolute Error:,1
Transition Probabilities
0.979187598679489,0.005506699976962087,0.01530570134354889
0.7721599288895713,0.2244686114141083,0.0033714596963204456
0.6875786691123456,0.22239296830050023,0.0900283625871541

0.020783930813223606,0.5137064056392534,0.4655096635475229
0.9996274217585693,0.00018628912071535022,0.00018628912071535022
0.00035360678925035324,0.9555710829402878,0.04407531027046178

Transition Gammas
6822.0,38.36517873949486,106.63482126050512
1369.2244131848104,398.03658703694055,5.978405187263724
16.756399753969717,5.419751436044349,2.1940052832837353

149.0,3682.761222027807,3337.2387779721907
5366.0,1.0,1.0
1.0,2702.3550225551367,124.64497744486603

Iteration: ,27500
Error:,0.23133889563233712
Absolute Error:,1
Transition Probabilities
0.9798675152617223,0.005372798901090383,0.014759685837187312
0.7659786523211781,0.23065663115365984,0.003364716525162118
0.6875786691123456,0.22239296830050023,0.0900283625871541

0.020841275892743684,0.5129479033421595,0.46621082076509684
0.9996617050067659,0.00016914749661705008,0.00016914749661705008
0.00032164683177870676,0.9556817382683017,0.04399661489991956

Transition Gammas
7544.0,41.36517873949486,113.63482126050512
1483.0562206194365,446.587839782412,6.514625124526759
16.756399753969717,5.419751436044349,2.1940052832837353

164.0,4036.3870513994516,3668.612948600546
5910.0,1.0,1.0
1.0,2971.214524276152,136.78547572385

Iteration: ,30000
Error:,0.22933703504633726
Absolute Error:,1
Transition Probabilities
0.9799358898254779,0.005788404924685267,0.014275705249836873
0.7638974285587536,0.2327468928439429,0.0033556785973035378
0.7124206273917378,0.2047095507679827,0.08286982184027948

0.02062937062937063,0.5139823753743438,0.46538825399628564
0.9996898263027295,0.00015508684863523573,0.00015508684863523573
0.00029612081729345544,0.955899855780933,0.043804023401773605

Transition Gammas
8254.0,48.755734680624,120.24426531937598
1612.0474828795764,491.1641651484666,7.081465434884592
18.86156607685685,5.419751436044349,2.1940052832837353

177.0,4409.96878071187,3993.0312192881306
6446.0,1.0,1.0
1.0,3228.0738129722135,147.9261870277896

Iteration: ,32500
Error:,0.22981481985634558
Absolute Error:,1
Transition Probabilities
0.9803663485795766,0.005486435149704637,0.014147216270718748
0.7593888504641448,0.23726065685944975,0.003350492676405551
0.7269966121013294,0.19433382995449427,0.07866955794417627

0.020546471600688468,0.5134383890293573,0.4660151393699541
0.9997133438440591,0.00014332807797047442,0.00014332807797047442
0.0002733734281027883,0.955147062902602,0.044579563669295226

Transition Gammas
8938.0,50.019829259857175,128.98017074014282
1743.3575263391133,544.6882076123046,7.691851968573891
20.275115935080322,5.419751436044349,2.1940052832837353

191.0,4772.923264416906,4332.076735583093
6975.0,1.0,1.0
1.0,3493.9279560977197,163.07204390228202

Iteration: ,35000
Error:,0.2333222580356064
Absolute Error:,1
Transition Probabilities
0.9805340399510803,0.005457924966447495,0.014008035082472194
0.7541943817619499,0.2424730479366892,0.0033325703013609162
0.7226427078885548,0.17486139339618292,0.10249589871526221

0.020069895157264105,0.5139576889572132,0.4659724158855227
0.9997340779151709,0.00013296104241457252,0.00013296104241457252
0.00025471217524197646,0.9553778829795789,0.044367404845179

Transition Gammas
9621.0,53.55315977078283,137.44684022921717
1865.7453081548995,599.8360137409336,8.244197456542471
22.397990647096528,5.419751436044349,3.1768149816357614

201.0,5147.286254906489,4666.71374509351
7519.0,1.0,1.0
1.0,3750.8135685778284,174.18643142217283

Iteration: ,37500
Error:,0.23073696541738528
Absolute Error:,1
Transition Probabilities
0.9800265051117001,0.005687535041279502,0.014285959847020385
0.7491980911084698,0.24769469050516973,0.003107218386360451
0.7460312664629638,0.16011595111588375,0.09385278242115243

0.019727000747943157,0.5128999730247638,0.467373026227293
0.9997509960159362,0.0001245019920318725,0.0001245019920318725
0.0002378686964795432,0.9559099035865408,0.0438522277169796

Transition Gammas
10353.0,60.08312017607666,150.91687982392335
2000.0129619013364,661.230450909886,8.294838337060469
25.252349934956168,5.419751436044349,3.1768149816357614

211.0,5485.978111472873,4999.021888527126
8030.0,1.0,1.0
1.0,4018.645234677819,184.35476532218232

Iteration: ,40000
Error:,0.23244106673959758
Absolute Error:,1
Transition Probabilities
0.980376487302433,0.0053704580687991025,0.014253054628767936
0.7463008281013302,0.25074022381049477,0.0029589480881749785
0.7612572284414278,0.15051666166838765,0.0882261098901847

0.020313457665703527,0.5126202904535726,0.4670662518807238
0.999766355140187,0.00011682242990654206,0.00011682242990654206
0.00022326412145568208,0.9554619359880547,0.044314799890489476

Transition Gammas
11041.0,60.4820987708155,160.5179012291845
2128.512585745512,715.1321585574068,8.439168240334471
27.411084668715436,5.419751436044349,3.1768149816357614

232.0,5854.636337270253,5334.3636627297465
8558.0,1.0,1.0
1.0,4279.514011290497,198.48598870950235

Iteration: ,42500
Error:,0.23032292238957408
Absolute Error:,1
Transition Probabilities
0.9807049782826596,0.0051553703388948725,0.014139651378445587
0.7438549340489976,0.2532157758043596,0.0029292901466427736
0.7706375102573352,0.1446028126533078,0.08475967708935692

0.020275282287974945,0.5122731459406086,0.46745157177141644
0.9997795900374697,0.00011020498126515319,0.00011020498126515319
0.0002100840336134453,0.9551156219401019,0.044674294026284526

Transition Gammas
11741.0,61.72009369724942,169.27990630275056
2268.690131002966,772.2851664835099,8.934069456740263
28.88369649420711,5.419751436044349,3.1768149816357614

246.0,6215.4100796974035,5671.589920302596
9072.0,1.0,1.0
1.0,4546.350360434887,212.64963956511443

Iteration: ,45000
Error:,0.23185575025275906
Absolute Error:,1
Transition Probabilities
0.9810325830316386,0.004901735662600966,0.014065681305760436
0.7374061178308008,0.2598142036231931,0.0027796785460061546
0.7592606933369206,0.1607865862513993,0.07995272041168011

0.020105985037406484,0.5124100414808181,0.4674839734817753
0.9997916666666666,0.00010416666666666667,0.00010416666666666667
0.00019920318725099602,0.9556205444984249,0.04418025231432411

Transition Gammas
12465.0,62.28145332900788,178.7185466709921
2390.4928180827,842.2549973197105,9.01104756270945
31.112507232599913,6.588611621215417,3.276252298985533

258.0,6575.245652281858,5998.754347718141
9598.0,1.0,1.0
1.0,4797.215133382093,221.78486661790703

Iteration: ,47500
Error:,0.22915754128613688
Absolute Error:,1
Transition Probabilities
0.9812178579414176,0.004740105435167694,0.014042036623414704
0.7344288985894275,0.26286707089725125,0.0027040305133212497
0.771812210808487,0.15240359439808981,0.07578419479342312

0.019510753085507353,0.5109187890925951,0.4695704578218974
0.999802371541502,9.881422924901186e-05,9.881422924901186e-05
0.00018825301204819278,0.955209715226285,0.044602031761666966

Transition Gammas
13165.0,63.59799462364495,188.40200537635508
2516.931323856078,900.8610173460193,9.266872685310286
33.366476175397196,6.588611621215417,3.276252298985533

264.0,6913.242135211905,6353.757864788094
10118.0,1.0,1.0
1.0,5074.074007282025,236.9259927179749

Iteration: ,50000
Error:,0.22907452787127772
Absolute Error:,1
Transition Probabilities
0.9813646992134911,0.0046692706039887155,0.01396603018252018
0.7324695363540049,0.2648267432952179,0.002703720350777247
0.7686312583550869,0.1591751283449356,0.07219361329997753

0.019983172065628944,0.5111587804181242,0.46885804751624677
0.9998121183654298,9.394081728511038e-05,9.394081728511038e-05
0.00017946877243359664,0.9556648287725182,0.04415570245504828

Transition Gammas
13850.0,65.89741603409274,197.10258396590731
2649.8219271958887,958.0517365740521,9.781126879565871
34.88161642213828,7.223601317951693,3.276252298985533

285.0,7290.146526323288,6686.8534736767115
10643.0,1.0,1.0
1.0,5324.964425920469,246.0355740795289

Iteration: ,52500
Error:,0.23063671869743216
Absolute Error:,1
Transition Probabilities
0.9813991103922362,0.004799098036907329,0.013801791570856524
0.7303936836194764,0.26695647662492045,0.0026498397556030816
0.7796486626054211,0.15159546687853742,0.06875587051604153

0.019717933293229063,0.5103571741212538,0.46992489258551706
0.9998209489704566,8.952551477170994e-05,8.952551477170994e-05
0.0001707067258449984,0.9557563066102068,0.04407298666394823

Transition Gammas
14562.0,71.20901667163095,204.7909833283691
2774.7309604594716,1014.1549925728161,10.066615545868842
37.15065643254497,7.223601317951693,3.276252298985533

295.0,7635.453682028078,7030.546317971921
11168.0,1.0,1.0
1.0,5598.820444122588,258.1795558774086

Iteration: ,55000
Error:,0.2333166809419412
Absolute Error:,1
Transition Probabilities
0.9810289389067524,0.004806721382447741,0.01416433971079985
0.7301872845103351,0.2672588025543796,0.0025539129352851924
0.7828666827803354,0.15186428976247943,0.06526902745718512

0.01952900631820793,0.5107671594015876,0.4697038342802045
0.999828840393667,8.557980316645271e-05,8.557980316645271e-05
0.00016297262059973924,0.955449756749304,0.044387270630096315

Transition Gammas
15255.0,74.74451749706238,220.25548250293767
2919.2354167925205,1068.48116697828,10.210357329200455
40.17091706761427,7.79255002641676,3.349122841394575

306.0,8003.210620663475,7359.789379336524
11683.0,1.0,1.0
1.0,5862.639707413729,272.360292586271

Iteration: ,57500
Error:,0.22866433370257677
Absolute Error:,1
Transition Probabilities
0.9811123415774579,0.004747057394623299,0.014140601027918847
0.7273471646397835,0.2701869643227269,0.002465871037489459
0.7950223384564875,0.14336255433332573,0.06161510721018672

0.019469026548672566,0.5106822043946744,0.469848769056653
0.999836333878887,8.183306055646482e-05,8.183306055646482e-05
0.0001560305819940708,0.9552977353855828,0.04454623403242317

Transition Gammas
15947.0,77.1586708922071,229.84132910779294
3039.9022718049605,1129.229625942806,10.305954753469942
43.21387389720135,7.79255002641676,3.349122841394575

319.0,8367.52791900674,7698.47208099326
12218.0,1.0,1.0
1.0,6122.503186086201,285.49681391380017

Iteration: ,60000
Error:,0.23623443128258442
Absolute Error:,1
Transition Probabilities
0.9813701214479424,0.004566471289097164,0.01406340726296038
0.7240190803130409,0.273476879391971,0.0025040402949880556
0.8033551999073812,0.13753450315199134,0.059110296940627374

0.019647973802701606,0.5107991930359885,0.4695528331613099
0.9998432970304787,7.835148476063621e-05,7.835148476063621e-05
0.00014965579167913788,0.95545513263827,0.044395211570050885

Transition Gammas
16646.0,77.4564860056661,238.54351399433395
3155.4107713074363,1191.8634665869138,10.913076648721635
45.51720070811675,7.79255002641676,3.349122841394575

336.0,8735.177000108437,8029.822999891558
12761.0,1.0,1.0
1.0,6384.351196288924,296.64880371108023

Iteration: ,62500
Error:,0.2299314806193121
Absolute Error:,1
Transition Probabilities
0.981625961103573,0.004389486818683522,0.013984552077743437
0.7200930130983936,0.27715813199850287,0.0027488549031036403
0.8086082200030126,0.13386051071201935,0.05753126928496801

0.020048295614084364,0.5103641634080543,0.4695875409778613
0.9998493295163478,7.533524182612626e-05,7.533524182612626e-05
0.0001439470274938822,0.9555500533286738,0.044305999643832264

Transition Gammas
17363.0,77.64124284887413,247.35875715112593
3282.3323455067407,1263.3438804864613,12.529847113415917
47.07228422055846,7.79255002641676,3.349122841394575

357.0,9088.054657807217,8361.94534219277
13272.0,1.0,1.0
1.0,6638.2062204743,307.79377952570286

Iteration: ,65000
Error:,0.22831587218358199
Absolute Error:,1
Transition Probabilities
0.9813627472288633,0.004351223518453626,0.014286029252683087
0.7204448618065618,0.2768026707634983,0.002752467429939943
0.8206932874824387,0.12540814507327216,0.05389856744428907

0.01998271764960036,0.5097782110913585,0.4702390712590413
0.9998549463301422,7.25268349289237e-05,7.25268349289237e-05
0.0001381978993919292,0.9556457426607152,0.044216059439892916

Transition Gammas
18061.0,80.07991763362054,262.9200823663795
3417.4734693425103,1313.0300925532806,13.05649455735135
50.995838390837854,7.79255002641676,3.349122841394575

370.0,9439.053356567585,8706.946643432402
13786.0,1.0,1.0
1.0,6915.052593892937,319.9474061070652

Iteration: ,67500
Error:,0.23055969715841687
Absolute Error:,1
Transition Probabilities
0.981281045751634,0.004409966756411883,0.014308987491954136
0.7185232295991157,0.27879812087726347,0.0026786495236208307
0.8076111640769148,0.1401569356243789,0.05223190029870628

0.020288196431358284,0.5092239454519953,0.4704878581166465
0.9998603546990644,6.982265046781176e-05,6.982265046781176e-05
0.00013303179459890908,0.9556904556106911,0.04417651259471

Transition Gammas
18767.0,84.34061421637726,273.65938578362284
3535.9328085431775,1371.9965923998232,13.181932529090085
51.78423494276449,8.986898653792668,3.349122841394575

390.0,9788.811903423699,9044.188096576288
14320.0,1.0,1.0
1.0,7183.925154825569,332.0748451744352

Iteration: ,70000
Error:,0.22816474448828575
Absolute Error:,1
Transition Probabilities
0.981437578814628,0.0043134656186414756,0.014248955566730535
0.714945635126732,0.2822373672974965,0.002816997575771268
0.8122092222034388,0.13680721039866972,0.05098356739789142

0.020165537998495124,0.5093461326997422,0.47048832930176276
0.9998652835780681,6.735821096591675e-05,6.735821096591675e-05
0.00012846865364850963,0.955521581227304,0.04434995011904748

Transition Gammas
19457.0,85.51445588956724,282.48554411043284
3664.316619782206,1446.5534509186375,14.437980354905008
53.354219739934486,8.986898653792668,3.349122841394575

402.0,10153.815155369353,9379.184844630634
14844.0,1.0,1.0
1.0,7437.7799882733425,345.2200117266659

Iteration: ,72500
Error:,0.23193473324377356
Absolute Error:,1
Transition Probabilities
0.981587023235423,0.00426712489127285,0.014145851873304095
0.7120940184835474,0.285024593134603,0.002881388381849631
0.8144361465070983,0.13518487672857496,0.05037897676432677

0.02020740453576276,0.5084344504033054,0.47135814506093193
0.9998698594482041,6.50702758979698e-05,6.50702758979698e-05
0.0001238390092879255,0.9557437358477424,0.044132425142969646

Transition Gammas
20151.0,87.59980689294035,290.40019310705975
3791.352640994005,1517.5366115704653,15.341175698286593
54.14255858915621,8.986898653792668,3.349122841394575

417.0,10492.053318522603,9726.946681477384
15366.0,1.0,1.0
1.0,7717.630666970532,356.36933302948046

Iteration: ,74999
Error:,0.23290478682908491
Absolute Error:,1
Transition Probabilities
0.9814054462220964,0.004291606857029012,0.014302946920874623
0.7122570172193112,0.28484893540988054,0.0028940473708081913
0.8228725714680751,0.12903886797249384,0.04808856055943103

0.020256362275449115,0.5090873313609507,0.47065630636360023
0.9998742612850496,6.28693574751666e-05,6.28693574751666e-05
0.00011970313622216884,0.9552873508081906,0.0445929460555873

Transition Gammas
20795.0,90.93485769358773,303.0651423064124
3931.598571878746,1572.3420627442345,15.974897031467856
57.308875387419725,8.986898653792668,3.349122841394575

433.0,10882.250795171676,10060.749204828311
15904.0,1.0,1.0
1.0,7980.470528651636,372.5294713483769


Model Num 2
Model States: 
"['diamond', 'y', 'square']","['diamond', 'y', 'diamond']","['square', 'y', 'diamond', 'y', 'square']","['square', 'y', 'diamond', 'y', 'diamond']"
Iteration: ,0
Error:,0.6720028248286454
Absolute Error:,0.74
Transition Probabilities
0.25,0.25,0.25,0.25
0.25,0.25,0.25,0.25
0.25,0.25,0.25,0.25
0.25,0.25,0.25,0.25

0.25,0.25,0.25,0.25
0.25,0.25,0.25,0.25
0.25,0.25,0.25,0.25
0.25,0.25,0.25,0.25

Transition Gammas
1.0,1.0,1.0,1.0
1.0,1.0,1.0,1.0
1.0,1.0,1.0,1.0
1.0,1.0,1.0,1.0

1.0,1.0,1.0,1.0
1.0,1.0,1.0,1.0
1.0,1.0,1.0,1.0
1.0,1.0,1.0,1.0

Iteration: ,2500
Error:,0.05087373053471799
Absolute Error:,0.7376334711994247
Transition Probabilities
0.01753997907712683,0.0192902949766176,0.9481636405802234,0.015006085366032085
0.8246337982924131,0.0653438510065112,0.04999032915239018,0.06003202154868557
0.009375460230785464,0.009401631604207256,0.02198397896591039,0.9592389291990968
0.016010663169148745,0.01793117550476541,0.02478818520222585,0.94126997612386

0.0012970168612191954,0.0012970168612191954,0.9831303620643879,0.014275604213173787
0.931011222433875,0.058784695933471964,0.005102040816326529,0.005102040816326529
0.9751029140137717,0.0015418973934553425,0.0184315125539524,0.004923676038820368
0.005938553682071806,0.9600146092262379,0.018992018601191256,0.015054818490499049

Transition Gammas
3.088212663043713,3.396385648961526,166.940390783928,2.6420774304416317
34.40637261233123,2.7263554929596245,2.085757211736692,2.5047288946349466
1.9548731996431625,1.9603301815129293,4.583870044145744,200.010498534067
2.209293030525325,2.4743023229756016,3.4204932193049364,129.8847634306798

1.0,1.0,757.9935091516433,11.006490848356993
182.47819959703955,11.521800402960508,1.0,1.0
719.26407239358,1.1373480506428602,13.595616000530137,3.6318456523232294
1.3303165023423935,215.05628230641736,4.2544695409984055,3.372483360408583

Iteration: ,5000
Error:,0.04119820340868254
Absolute Error:,0.7423788737900234
Transition Probabilities
0.01333062766432226,0.010326413317070326,0.9678688841151832,0.008474074903424191
0.8764715610238188,0.055416804584467926,0.03641874614025286,0.03169288825146048
0.005617405920313105,0.00783089904078051,0.02058078909848826,0.9659709059404181
0.0095956724570631,0.02500517412761885,0.0273390673219027,0.9380600860934154

0.0006644518272425252,0.0006644518272425252,0.9819863416356723,0.01668475470984257
0.9346999920099938,0.06022386585802646,0.0025380710659898475,0.0025380710659898475
0.9739637517343857,0.000791377409702195,0.021576601012100474,0.003668269843811709
0.002967531664970362,0.9735460846864785,0.014761202950518745,0.00872518069803237

Transition Gammas
4.759430843227168,3.68683690511545,345.55799886200356,3.0254969592405074
75.32103502687725,4.762334871776732,3.1297052587315957,2.7235808350731974
2.42237538286411,3.3768927029976066,8.8749856391573,416.552440095443
2.9487685350061867,7.684137928822216,8.40134778005089,288.26766213569476

1.0,1.0,1477.8894441616865,25.11055583831306
368.27179685193755,23.728203148062423,1.0,1.0
1406.3140377619466,1.1426761606374396,31.154626480165597,5.296644116852199
1.335164429143576,438.0219822922657,6.641423019524433,3.9256702947361095

Iteration: ,7500
Error:,0.03742192532125174
Absolute Error:,0.7434972042645228
Transition Probabilities
0.010218778576094038,0.012095018289484425,0.9687312500468526,0.008954953087568903
0.9064698232663682,0.04159261856645155,0.026774789455867212,0.025162768711313118
0.0049510184455489,0.007969159517168355,0.019012148044932623,0.9680676739923502
0.01013356307498029,0.023413483428480108,0.01911812660972689,0.9473348268868127

0.0004506534474988731,0.0004506534474988731,0.9832369015003503,0.015861791604651964
0.9321357249290841,0.06454752548550956,0.0016583747927031505,0.0016583747927031505
0.9717837261282751,0.0005431865549493268,0.024544367441427437,0.0031287198753482516
0.0019292391929704906,0.9744313206103598,0.017285924614530664,0.006353515582139222

Transition Gammas
5.436046053546335,6.434142392901722,515.3324000075427,4.763733456878411
126.2484589327485,5.792806183079206,3.729055088531875,3.504541122877474
3.3199309976180844,5.343761086124816,12.74869409594335,649.1427802230552
5.007289230913035,11.569285409497219,9.446824259126998,468.10578289595617

1.0,1.0,2181.8026844292785,35.19731557072273
562.0778421322378,38.92215786776227,1.0,1.0
2047.8533121366502,1.1446645542140346,51.72268562212103,6.5931947481840645
1.3383626175211503,675.9879529705471,11.991688432244288,4.407596412076068

Iteration: ,10000
Error:,0.03292679782953757
Absolute Error:,0.7436630607267272
Transition Probabilities
0.008749696704347125,0.010687423640870065,0.9737057207297526,0.006857158925030263
0.9241731125972173,0.03155544059287709,0.02049028230254186,0.023781164507363704
0.0038205271629708844,0.008848277751954287,0.01619199889464787,0.971139196190427
0.007781214985239383,0.020299168301916,0.014322467728533529,0.957597148984311

0.00033818058843422386,0.00033818058843422386,0.9840128112893746,0.015310827533756963
0.9374356207738817,0.06011939145105713,0.001222493887530562,0.001222493887530562
0.9733442483968588,0.00041315106583776677,0.02347763927381966,0.0027649612634837446
0.0014199615447658231,0.9760270818523346,0.017580665019611853,0.004972291583287816

Transition Gammas
6.085197827739761,7.432839025293942,677.1882657028154,4.768984572268557
170.2200554852208,5.812080848667941,3.7740299332497753,4.380165454684536
3.484899651821881,8.070969984422483,14.769556373571232,885.8260921361735
5.143529516590012,13.418132196731898,9.467420660123782,632.9897336272762

1.0,1.0,2909.7258829826806,45.27411701731934
766.8223377930354,49.17766220696475,1.0,1.0
2698.7961737939913,1.1455459027146317,65.09656079671608,7.666421094971162
1.33986237104607,920.9699832480431,16.588950316699307,4.691807616110578

Iteration: ,12500
Error:,0.03215953970907598
Absolute Error:,0.7440829553371764
Transition Probabilities
0.008486937539553275,0.0101528956791514,0.9737575801501572,0.007602586631138013
0.9309662777943764,0.030343300769404027,0.019182468142988376,0.019507953293231198
0.0038919150396790037,0.00960227803085254,0.01718607789425466,0.9693197290352139
0.006506565957881425,0.021386245714067637,0.014153855690763356,0.9579533326372877

0.0002698327037236915,0.0002698327037236915,0.9837148781077657,0.01574545648478691
0.9350392854079572,0.06303393231843975,0.0009633911368015414,0.0009633911368015414
0.9730888503179452,0.00033091255675854226,0.02376628270741402,0.0028139544178821673
0.0011337665980700855,0.97921093229639,0.015626889857319432,0.004028411248220322

Transition Gammas
7.330333328140489,8.769253835928964,841.0533964740185,6.566502216209279
209.20269378164963,6.818614605703465,4.3106008290669875,4.3837424367072195
4.452828080568135,10.986183618419687,19.662980682301885,1109.0206400941083
5.255704537810814,17.274825057296486,11.432833243065394,773.7906155019011

1.0,1.0,3645.6473382673776,58.352661732620255
970.5707782534596,65.42922174654046,1.0,1.0
3370.6912360752917,1.1462509868537092,82.32424080267037,9.74728206162435
1.3407272999051905,1157.9586411613682,18.479462951178377,4.763767908604641

Iteration: ,15000
Error:,0.03171530075743515
Absolute Error:,0.7448336374069671
Transition Probabilities
0.007693752505933578,0.010004690101971029,0.9743955398573132,0.007906017534782208
0.9359235971201948,0.028801804446690598,0.015871790183990434,0.01940280824912407
0.003242249335497346,0.009416892909407898,0.014343038392756816,0.972997819362338
0.0066957093207066715,0.02027944892476974,0.015223371142307167,0.9578014706122164

0.00022542831379621285,0.00022542831379621285,0.9836715373288345,0.015877606043573064
0.9361096602456193,0.06228649051620914,0.0008019246190858062,0.0008019246190858062
0.9720822369488474,0.00027525194377041963,0.02453893139759682,0.003103579709785215
0.000941160309088749,0.978638338537306,0.017078431537555592,0.0033420696160496037

Transition Gammas
8.124420062481182,10.564715322032228,1028.938566285262,8.348566895591677
254.18638899089547,7.822248195528727,4.3106008290669875,5.269585872503895
4.452828080568135,12.932936625086022,19.698387602919343,1336.2920503840833
6.331162848319806,19.175338633629714,14.394537932567655,905.6541728974189

1.0,1.0,4363.566939590709,70.43306040929009
1167.3287463262868,77.67125367371277,1.0,1.0
4050.6192180534495,1.1469614101195629,102.25252898519052,12.93246511393487
1.3415248012065535,1394.945781160828,24.34350370716551,4.763767908604641

Iteration: ,17500
Error:,0.030228294677205305
Absolute Error:,0.7441581281864631
Transition Probabilities
0.007096256351540285,0.010971767564381214,0.9667505313596149,0.01518144472446377
0.939600105063868,0.024521380190232825,0.017830797456040996,0.018047717289858014
0.004027803656941391,0.010146683799255193,0.012923668169542327,0.9729018443742611
0.005718159583331543,0.018215270972587693,0.013906385383117548,0.9621601840609633

0.00019264110961279146,0.00019264110961279146,0.9839128415549988,0.01570187622577561
0.9383401000516969,0.06028815783582032,0.0006858710562414268,0.0006858710562414268
0.9741858000627713,0.00023704033827180707,0.022890262160706696,0.002686897438250231
0.0008025857141043836,0.9800362778708397,0.01627092614291316,0.002890210272142814

Transition Gammas
8.616428855348191,13.322158889509073,1173.8495287761298,18.43364048726201
300.166664239976,7.833652693942701,5.696264787831912,5.765562463059309
6.454376449039778,16.259610082259563,20.709604184639325,1559.0319902348624
6.331162848319806,20.168000765472662,15.39719016388749,1065.3065418489427

1.0,1.0,5107.491560511996,81.50843948800114
1368.0998658753736,87.90013412462599,1.0,1.0
4715.584245800804,1.1474029745678933,110.80120406222676,13.006031528152967
1.3421801391155566,1638.9342654059476,27.210195160779836,4.833356434043542

Iteration: ,20000
Error:,0.030278624334112464
Absolute Error:,0.7444977189454158
Transition Probabilities
0.006805905498029709,0.01117585131798457,0.9659711794595622,0.01604706372442343
0.9403107049178041,0.026786788602685126,0.017195105735773774,0.015707400743736954
0.0036022521408479247,0.00935224814653738,0.012415350938501556,0.9746301487741131
0.005729740772437558,0.01811256940695242,0.015154411023895446,0.9610032787967145

0.00016903313049357687,0.00016903313049357687,0.9840119887212093,0.015649945017803545
0.9312098682824964,0.06759467445510065,0.0005977286312014345,0.0005977286312014345
0.9725264847260919,0.00020753533185311658,0.02469342808399231,0.00257255185806247
0.0007036498986978948,0.979934127999417,0.01631309850312385,0.0030491235987611153

Transition Gammas
9.46732473581956,15.54611853738306,1343.7099360303796,22.32219700662725
345.1506835749782,9.832365353963917,6.31163983118233,5.765562463059309
6.585877920653119,17.09840460036521,22.698573677241455,1781.8839233456304
7.32208328365987,23.146202759598015,19.36594761242053,1228.074065247152

1.0,1.0,5821.41492527467,92.5850747253257
1557.9141096366168,113.0858903633834,1.0,1.0
5379.49398538852,1.1479739492892993,136.5907766448889,14.229974674103426
1.342714483009799,1869.923876199276,31.12888051777303,5.818379884825751

Iteration: ,22500
Error:,0.030926932520294468
Absolute Error:,0.7443240322166732
Transition Probabilities
0.006412319804256577,0.01123707244945943,0.965406224874381,0.01694438287190315
0.940360921231967,0.02365433395238882,0.01728959426913321,0.018695150546511
0.0033673878623711293,0.010561249124563478,0.011084533944999727,0.9749868290680657
0.005872010265702769,0.017499025362605083,0.014929348188238647,0.9616996161834535

0.0001505797319680773,0.0001505797319680773,0.984542558926374,0.01515628160968989
0.934469009981469,0.06446032620696789,0.0005353319057815846,0.0005353319057815846
0.9707638931589413,0.00018388198285439972,0.02658977446496814,0.0024624503932362597
0.0006270168487955909,0.9802811107214081,0.014974113042488593,0.00411775938730774

Transition Gammas
10.16603259281589,17.81515087460337,1530.5461123235643,26.863468105033117
391.1373549450826,9.838875059805607,7.191500643862073,7.776133152664924
6.901905436467379,21.64667265189462,22.71921388997067,1998.3640646879903
8.402177724503556,25.03911172651986,21.362196439137797,1376.082589629663

1.0,1.0,6538.347133830041,100.65286616995041
1745.588110645384,120.41188935461602,1.0,1.0
6063.353314045313,1.1485196740325208,166.07869149031612,15.380368859739495
1.3431672187608914,2099.913990542147,32.07686971621938,8.820878473043646

Iteration: ,25000
Error:,0.03057508973443505
Absolute Error:,0.7443196297771107
Transition Probabilities
0.006444665361782842,0.010787888905448212,0.9658981137510644,0.016869331981704577
0.9405650870428921,0.02552099055940191,0.017117880373895313,0.016796042023810766
0.003099317539318935,0.011148799427221055,0.010841617812754162,0.9749102652207059
0.005378146446508692,0.016778664824737957,0.014609782898121896,0.9632334058306314

0.00013563000135630014,0.00013563000135630014,0.9840334607118799,0.015695279285407555
0.9370319473508223,0.062004197227490926,0.00048192771084337347,0.00048192771084337347
0.9706970963481446,0.00016577664664282768,0.026620495996848088,0.0025166310083644576
0.0005635367787268284,0.9818718996668956,0.013864724780238475,0.003699838774139224

Transition Gammas
11.352161487268887,19.00267121510957,1701.4120597438045,29.715023215058423
436.12345367001757,11.833633522204833,7.937259431609107,7.788028660984159
7.05866186116798,25.391268986278117,24.691666212770134,2220.347486139403
8.598640589760299,26.825916668303574,23.358284026818897,1540.0283244732086

1.0,1.0,7255.278705828684,115.72129417130981
1944.3412907529562,128.65870924704367,1.0,1.0
6727.300368387734,1.1488952632350269,184.49017020859728,17.441210830195114
1.3435421767523719,2340.9054371762954,33.05523829944009,8.820878473043646

Iteration: ,27500
Error:,0.029631484303743804
Absolute Error:,0.7443225219226162
Transition Probabilities
0.0061555083223706385,0.01178697364559238,0.9641790240913347,0.01787849394070227
0.9401796854861474,0.02304235940355989,0.016430155855899575,0.02034779925439325
0.00290427960421694,0.012877973423802124,0.012087382545510691,0.9721303644264702
0.004936009393762369,0.015399291933275721,0.0145539183803043,0.9651107802926576

0.00012335019119279637,0.00012335019119279637,0.983989377224582,0.015763922393032443
0.936967100982019,0.062162955564305525,0.0004349717268377557,0.0004349717268377557
0.9711998664746399,0.00015135999007642351,0.026338516768946683,0.0023102567663371124
0.0005092378986846777,0.9821444013669608,0.013937469239503177,0.0034088914948513754

Transition Gammas
11.895554620343257,22.778393183244255,1863.281413036992,34.5502905792829
483.11255804114495,11.840346442926062,8.44265702300722,10.455743194679421
7.327513777833104,32.49119938605952,30.496534153105273,2452.6903776213658
8.598640589760299,26.825916668303574,25.353256718491515,1681.244922168638

1.0,1.0,7977.2018811596845,127.79811884031398
2154.0873651576608,142.91263484233835,1.0,1.0
7374.190454354735,1.149256123813455,199.98482870930297,17.54147007378777
1.3438879332789642,2591.8966619407743,36.78123089384005,8.996125696105608

Iteration: ,30000
Error:,0.029940228174810613
Absolute Error:,0.7448535309415949
Transition Probabilities
0.0062351818838418584,0.011544621212092678,0.9643343528327081,0.017885844071357425
0.9446946333200946,0.02068113616669782,0.014906409362981092,0.01971782115022639
0.0026602414617681574,0.012761725762124088,0.011715414083426514,0.9728626186926812
0.005614114881925358,0.01594708660169835,0.014770026831058646,0.9636687716853177

0.00011326311020500626,0.00011326311020500626,0.9833645081329107,0.016408965646679312
0.9353605176748142,0.06384708929824447,0.0003961965134706815,0.0003961965134706815
0.9711583000042507,0.0001397734429659224,0.026439660429446205,0.002262266123337018
0.0004633962468481713,0.9830843131464388,0.013333339060127649,0.003118951546585332

Transition Gammas
13.04245690370666,24.14848956026948,2017.1487330911423,37.41275793279056
541.1018216875075,11.845733065126698,8.53808731058578,11.293965867678244
7.375298586941647,35.38082513674219,32.4800128772905,2697.180838675991
10.771821942853185,30.59773107490147,28.339302358694255,1848.9946570032255

1.0,1.0,8682.125242305467,144.8747576945316
2360.849946611231,161.15005338876904,1.0,1.0
7987.135568203479,1.1495442481400744,217.44874365623764,18.60564463936292
1.3442924182154983,2851.88496371734,38.67943845021862,9.047943191973891

Iteration: ,32500
Error:,0.030210243894627287
Absolute Error:,0.7447488382628865
Transition Probabilities
0.006024402104129732,0.011170426460065426,0.9643724151954521,0.018432756240352545
0.9463625990874212,0.020390280411649076,0.013978521613617506,0.019268598887312433
0.0027452952665893682,0.014952407209832014,0.011402545542664677,0.970899751980914
0.0051552652275900866,0.014643708361541203,0.014993927986564072,0.9652070984243046

