0,1,2,3,4,5,6,7,8,9,10,11,12,13,14,15,16,17,18,19,20,21,22,23,24,25,26,27,28,29
github Code Version (SHA):,cd93f48c3be2409aefa56252372b16f046dc3cc1
Environment Observations,Environment Actions,alpha,epsilon,numActions,explore,patience,gainThresh,insertRandActions,useBudd,revisedSplitting,haveControl,confidence_factor
"['square', 'diamond']","['x', 'y']",0.99,0.99,75000,0.5,0,0.01,False,True,False,False,250

Model Num 0
Model States: 
['square'],['diamond']
Iteration: ,0
Error:,0.6768142979346446
Absolute Error:,1
Transition Probabilities
0.5,0.5
0.5,0.5

0.5,0.5
0.5,0.5

Transition Gammas
1.0,1.0
1.0,1.0

1.0,1.0
1.0,1.0

Iteration: ,2500
Error:,0.2650878677452725
Absolute Error:,1
Transition Probabilities
0.9810844892812106,0.018915510718789406
0.9852320675105485,0.014767932489451477

0.225031605562579,0.7749683944374209
0.35714285714285715,0.6428571428571429

Transition Gammas
778.0,15.0
467.0,7.0

178.0,613.0
160.0,288.0

Iteration: ,2769
Error:,0.26178445068098316
Absolute Error:,1
Transition Probabilities
0.9826589595375722,0.017341040462427744
0.9868421052631579,0.013157894736842105

0.21981776765375854,0.7801822323462415
0.35,0.65


Model Num 1
Model States: 
['diamond'],"['square', 'y', 'diamond']","['square', 'y', 'square']"
Iteration: ,0
Error:,0.6170175024787267
Absolute Error:,1
Transition Probabilities
0.3333333333333333,0.3333333333333333,0.3333333333333333
0.3333333333333333,0.3333333333333333,0.3333333333333333
0.3333333333333333,0.3333333333333333,0.3333333333333333

0.3333333333333333,0.3333333333333333,0.3333333333333333
0.3333333333333333,0.3333333333333333,0.3333333333333333
0.3333333333333333,0.3333333333333333,0.3333333333333333

Transition Gammas
1.0,1.0,1.0
1.0,1.0,1.0
1.0,1.0,1.0

1.0,1.0,1.0
1.0,1.0,1.0
1.0,1.0,1.0

Iteration: ,2500
Error:,0.13106830178086315
Absolute Error:,1
Transition Probabilities
0.026819923371647535,0.9670968073028,0.00608326932555265
0.030605935582041593,0.9634125185569931,0.005981545860965246
0.020489459551932983,0.954694995607204,0.024815544840863006

0.6586433260393874,0.011270547817981159,0.33008612614263155
0.9969418960244648,0.0015290519877675841,0.0015290519877675841
0.0019801980198019802,0.02650989980390449,0.9715099021762935

Transition Gammas
14.0,504.82453341206116,3.1754665879384802
6.907044535266604,217.41969474087983,1.3498951384994924
2.8078488666035355,130.8301595058354,3.4006899634887113

301.0,5.15064035281739,150.8493596471826
652.0,1.0,1.0
1.0,13.387499400971766,490.6125005990282

Iteration: ,5000
Error:,0.12399627150146378
Absolute Error:,1
Transition Probabilities
0.01903807615230462,0.9717579673697934,0.009203956477902042
0.028230567696556578,0.9615444154267525,0.010225016876690992
0.022622060296203072,0.9658125513068836,0.011565388396913361

0.6614745586708204,0.007457607575372114,0.3310678337538075
0.9984447900466563,0.0007776049766718507,0.0007776049766718507
0.0009689922480620148,0.02665977717466642,0.9723712305772715

Transition Gammas
19.0,969.8144514350532,9.185548564946233
11.842049040495931,403.34492187656156,4.289150420040707
6.673459844795826,284.912655803861,3.4117650667398807

637.0,7.181676095083346,318.8183239049166
1284.0,1.0,1.0
1.0,27.512890044255762,1003.4871099557448

Iteration: ,7500
Error:,0.12928969004805857
Absolute Error:,1
Transition Probabilities
0.015121630506245893,0.9735717864707278,0.011306583023026312
0.028093907456969526,0.9588871241512296,0.013018968391800797
0.025998466837113005,0.9574785512150238,0.016522981947863214

0.6613573407202216,0.007762751628407404,0.330879907651371
0.9989780275932549,0.000510986203372509,0.000510986203372509
0.0006715916722632642,0.033317913464414824,0.9660104948633219

Transition Gammas
23.0,1480.8026872219768,17.19731277802302
17.78705150011167,607.098698755082,8.24267900853497
11.50901630310705,423.85715761047936,7.314403184053981

955.0,11.209413351420292,477.7905866485797
1955.0,1.0,1.0
1.0,49.61037314851366,1438.389626851486

Iteration: ,10000
Error:,0.12369597891883484
Absolute Error:,1
Transition Probabilities
0.013930348258706472,0.9745210013281169,0.011548650413176669
0.02458770081456868,0.95746712377816,0.017945175407271353
0.024175975359747644,0.9586939306007719,0.01713009403948043

0.661148473874806,0.006843254283265381,0.33200827184192855
0.9992310649750096,0.00038446751249519417,0.00038446751249519417
0.0005015045135406222,0.035490515609667025,0.9640079798767923

Transition Gammas
28.0,1958.7872126695142,23.212787330485096
20.755579829233998,808.240895369512,15.148326536271183
14.423677331164942,571.968316006594,10.220019891704451

1278.0,13.22801052955198,641.7719894704479
2599.0,1.0,1.0
1.0,70.768088125676,1922.2319118743228

Iteration: ,12485
Error:,0.12580232963938856
Absolute Error:,1
Transition Probabilities
0.01350814461660708,0.9744812905989281,0.012010564784464797
0.02428854544593301,0.9594976351070527,0.01621381944701442
0.02563619243037539,0.9581662487029472,0.016197558866677345

0.6614107883817427,0.006738764309984544,0.3318504473082727
0.9993851829080849,0.0003074085459575776,0.0003074085459575776
0.00040518638573743953,0.03319747605084237,0.9663973375634203


Model Num 2
Model States: 
"['square', 'y', 'diamond']","['square', 'y', 'square']","['diamond', 'y', 'diamond']","['diamond', 'y', 'square', 'y', 'square']"
Iteration: ,0
Error:,0.6768300341608585
Absolute Error:,0.74
Transition Probabilities
0.25,0.25,0.25,0.25
0.25,0.25,0.25,0.25
0.25,0.25,0.25,0.25
0.25,0.25,0.25,0.25

0.25,0.25,0.25,0.25
0.25,0.25,0.25,0.25
0.25,0.25,0.25,0.25
0.25,0.25,0.25,0.25

Transition Gammas
1.0,1.0,1.0,1.0
1.0,1.0,1.0,1.0
1.0,1.0,1.0,1.0
1.0,1.0,1.0,1.0

1.0,1.0,1.0,1.0
1.0,1.0,1.0,1.0
1.0,1.0,1.0,1.0
1.0,1.0,1.0,1.0

Iteration: ,2500
Error:,0.036647873206598076
Absolute Error:,0.3989806248755723
Transition Probabilities
0.9566934182197594,0.01951400220877274,0.013268358737478739,0.010524220833989083
0.9700203752101293,0.018984879440432697,0.007223392267382833,0.003771353082055243
0.9364404179360369,0.02389425321196431,0.03109553200284445,0.008569796849154298
0.8997068305299774,0.028883355242062654,0.035811913472179054,0.03559790075578105

0.002109704641350211,0.002109704641350211,0.9541486149551948,0.04163197576210482
0.02385640633317065,0.9733227191957434,0.0014104372355430172,0.0014104372355430172
0.0028409090909090914,0.0028409090909090914,0.03182596060421083,0.9624922212139709
0.032735352551073696,0.9604387088823734,0.003412969283276451,0.003412969283276451

Transition Gammas
198.91658596212025,4.05736950197634,2.758769498269584,2.188205791259711
257.2075205118438,5.033970309162001,1.9153317417435658,1.0
109.27218397580201,2.7881936564601633,3.6285028163664204,1.0
62.43380414783619,2.0043170543154316,2.4851139460219827,2.4702628550139614

1.0,1.0,452.2664434887623,19.733556511237683
16.914192090218005,690.0858079097826,1.0,1.0
1.0,1.0,11.202738132682208,338.79726186731773
9.591458297464591,281.40854170253533,1.0,1.0

Iteration: ,5000
Error:,0.026191713099942695
Absolute Error:,0.3924930792131424
Transition Probabilities
0.9622517706039702,0.019021800002294784,0.011770376924709709,0.0069560524690252595
0.9715119479741983,0.015418601992904023,0.01054260312549261,0.002526846907405044
0.9491521937888748,0.027534478164493257,0.018818396520987452,0.004494931525644498
0.9344107505923649,0.02199972351653927,0.02190980386253798,0.021679722028557943

0.0010752688172043013,0.0010752688172043013,0.9624203463404956,0.035429116025095776
0.02279224539458709,0.9759065184310473,0.0006506180871828233,0.0006506180871828233
0.0014684287812041124,0.0014684287812041124,0.026827734912032938,0.9702354075255588
0.019025200949457578,0.9773969815192366,0.0017889087656529521,0.0017889087656529521

Transition Gammas
355.2702833643298,7.02298554636403,4.345707924987147,2.5682246655847867
502.00857227111607,7.967241565082535,5.447670668472428,1.305695530537912
226.82143162235076,6.579987695454791,4.497082414874433,1.0741657769564255
127.28327721440817,2.996751594757265,2.9845029468901316,2.9531617301522943

1.0,1.0,895.0509220966608,32.94907790333907
35.03168117148038,1499.9683188285205,1.0,1.0
1.0,1.0,18.269687475094422,660.7303125249052
10.635087330746783,546.3649126692532,1.0,1.0

Iteration: ,7500
Error:,0.028114440693891095
Absolute Error:,0.3928382477878291
Transition Probabilities
0.9632289385250203,0.013026729074862024,0.01764361926560302,0.0061007131345145555
0.9686734501802773,0.015284430038349619,0.010693406398827146,0.00534871338254593
0.9427284784920769,0.025453475057369064,0.028294835917904305,0.0035232105326497053
0.9452652270976007,0.02000272931147675,0.01984051484920998,0.014891528741712672

0.0007390983000739099,0.0007390983000739099,0.960763074483499,0.037758728916353256
0.02182845261877616,0.9773343770170546,0.0004185851820845541,0.0004185851820845541
0.0009775171065493648,0.0009775171065493648,0.030620445141703923,0.9674245206451973
0.020929560442134308,0.9767007713114202,0.0011848341232227491,0.0011848341232227491

Transition Gammas
520.0119037527512,7.032652275027509,9.525141611135911,3.2935508106580027
754.1027506721969,11.898778408999565,8.324711674414598,4.163920744998654
307.41368441931075,8.300106263021537,9.226643681620695,1.1488813115725462
187.4569859096481,3.966771694553028,3.9346026976453023,2.9531617301522943

1.0,1.0,1299.9124397761739,51.087560223825946
52.14817330625626,2334.851826693744,1.0,1.0
1.0,1.0,31.324715379963106,989.6752846200367
17.664549013161352,824.3354509868384,1.0,1.0

Iteration: ,10000
Error:,0.027389862874931396
Absolute Error:,0.39257472870513965
Transition Probabilities
0.9620874259159615,0.014150508455210402,0.017698283908991412,0.006063781719836644
0.9724845691658259,0.013490920241407845,0.009817369518094757,0.004207141074671432
0.9506256740864423,0.01917438813959078,0.02344730709211698,0.006752630681850023
0.9426486197370165,0.0230190190485482,0.022811547142743086,0.011520814071692191

0.0005617977528089888,0.0005617977528089888,0.9594000188767874,0.03947638561759473
0.021111477788248883,0.9782787661141901,0.00030487804878048764,0.00030487804878048764
0.000745156482861401,0.000745156482861401,0.03531260528467716,0.9631970817496001
0.016834565478261662,0.9813636327199365,0.0009009009009009012,0.0009009009009009012

Transition Gammas
679.1602847601858,9.98917883454553,12.493637496564858,4.280567034380509
999.7766585643055,13.869533345379347,10.092887027617381,4.325211503717355
412.7531523320896,8.32534757307161,10.180610707017166,2.9319317544694696
241.6316947279189,5.90052800928801,5.847346169142626,2.9531617301522943

1.0,1.0,1707.7320336006812,70.26796639931861
69.24564714545637,3208.7543528545452,1.0,1.0
1.0,1.0,47.389516292036745,1292.610483707963
18.686367680870436,1089.313632319129,1.0,1.0

Iteration: ,12500
Error:,0.02761135352060746
Absolute Error:,0.391931473389812
Transition Probabilities
0.9588883570414173,0.016752309144876767,0.01801273812308712,0.006346595690618847
0.9748921841128001,0.011594907435087428,0.009386308717401351,0.004126599734711211
0.950400225965288,0.018664102911589476,0.025502823722896636,0.0054328474002258015
0.948921143216948,0.02112996462383313,0.02088203093360917,0.0090668612256097

0.0004464285714285711,0.0004464285714285711,0.9596084029014103,0.03949873995573272
0.02324943079029087,0.976257715587235,0.0002464268112370626,0.0002464268112370626
0.000593471810089021,0.000593471810089021,0.034711590474477326,0.9641014659053446
0.0177757453250928,0.9807854057540438,0.000719424460431655,0.000719424460431655

Transition Gammas
855.1585473713795,14.940092085016644,16.064171448538005,5.660039056359767
1248.438394505707,14.848336932638635,12.020024753969722,5.284487486438244
521.2242543132193,10.235880481444369,13.986413212757142,2.979515111230235
309.0725153226566,6.882227634666341,6.80147330663971,2.9531617301522943

1.0,1.0,2149.5228224991606,88.47717750084136
94.34619014700034,3961.653809852999,1.0,1.0
1.0,1.0,58.489029949494274,1624.510970050505
24.708286001878978,1363.2917139981203,1.0,1.0

Iteration: ,15000
Error:,0.02653502349851888
Absolute Error:,0.39162954684879353
Transition Probabilities
0.9588699290835692,0.015974966382979554,0.01880658808486956,0.0063485164485817475
0.9725186664082531,0.009538286498043209,0.011157406336900613,0.006785640756803055
0.9549104332645149,0.017339476315019205,0.02313816507082942,0.004611925349636531
0.9488972110507077,0.017148879234909858,0.020817306572019377,0.013136603142363045

0.00037105751391465654,0.00037105751391465654,0.9626579613075408,0.036599923664629865
0.021529156506664808,0.9780546104028045,0.00020811654526534882,0.00020811654526534882
0.00048732943469785583,0.00048732943469785583,0.03391123966926464,0.9651141014613396
0.017649701014445324,0.9811633553653766,0.0005934718100890206,0.0005934718100890206

Transition Gammas
1016.6220993406059,16.937129185688395,19.939297792503623,6.730883849724992
1514.7347753337433,14.856243643160315,17.378084313229806,10.568893309999238
616.9158973935392,11.20209625801729,14.948314911495501,2.979515111230235
381.49778473009025,6.8945923357470456,8.369459040224902,5.281483536178327

1.0,1.0,2594.363205723824,98.63679427617755
103.44759701452429,4699.5524029854705,1.0,1.0
1.0,1.0,69.58586380133103,1980.4141361986683
29.739746209340375,1653.2602537906598,1.0,1.0

Iteration: ,17500
Error:,0.02394071361269067
Absolute Error:,0.3907524939416723
Transition Probabilities
0.9636199830248531,0.013823164987348813,0.016265441367454496,0.006291410620343614
0.9722974670328841,0.009733947292573717,0.01217732696069054,0.0057912587138516025
0.9536307477017221,0.017491035917020017,0.022474311060470417,0.006403905320787564
0.9542691853089742,0.016721608001136437,0.01778568518778563,0.01122352150210372

0.00031746031746031735,0.00031746031746031735,0.963875875719496,0.03548920364558335
0.021027484233207095,0.9786147340136623,0.00017889087656529552,0.00017889087656529552
0.00041545492314083943,0.00041545492314083943,0.03517911435570009,0.9639899757980182
0.017146079333095775,0.9818381766344004,0.0005078720162519046,0.0005078720162519046

Transition Gammas
1181.271713830337,16.945387271762186,19.939297792503623,7.712444258964695
1774.417048589892,17.76419523001191,22.223298216791335,10.568893309999238
716.1717898016472,13.135678068651371,16.878092087033266,4.80929997943316
449.0530882260947,7.868733297287868,8.369459040224902,5.281483536178327

1.0,1.0,3036.209008516413,111.79099148358758
117.54363686362744,5470.456363136362,1.0,1.0
1.0,1.0,84.67612825417008,2320.3238717458285
33.76063020686557,1933.239369793134,1.0,1.0

Iteration: ,20000
Error:,0.02379485686982725
Absolute Error:,0.38988957478429576
Transition Probabilities
0.9639287984566325,0.01563581633634093,0.014932017548449137,0.0055033676585773015
0.9723150964151626,0.009510103134631572,0.012037149549662736,0.006137650900543116
0.9591615631712967,0.015111888164909498,0.02019912308944345,0.00552742557435032
0.9543911412760366,0.017624665364608924,0.01807887947670183,0.009905313882652611

0.000276166804750069,0.000276166804750069,0.9652170831454531,0.03423058324504674
0.021338760574402975,0.978346576115339,0.00015733165512901237,0.00015733165512901237
0.00036258158085569287,0.00036258158085569287,0.034007582383913,0.9652672544543756
0.01733666728629159,0.9817692781763816,0.0004470272686633885,0.0004470272686633885

Transition Gammas
1350.8541658344247,21.912103537093742,20.925796741347956,7.712444258964695
2015.4865666526257,19.71324438548752,24.951492893179374,12.722576237329246
834.5468652601412,13.14854491717653,17.57484401226809,4.80929997943316
531.0594654386215,9.807032947256477,10.059774923926785,5.511692709647463

1.0,1.0,3495.0510580696864,123.94894193031428
135.62916221090495,6218.370837789079,1.0,1.0
1.0,1.0,93.79291221483196,2662.207087785165
38.78212471943429,2196.2178752805657,1.0,1.0

Iteration: ,22500
Error:,0.0217790734226084
Absolute Error:,0.3892770779331108
Transition Probabilities
0.9657328189518191,0.015933962244227506,0.013395976739702673,0.004937242064250753
0.9695621311186146,0.011355972995907368,0.012509690948919067,0.006572204936559048
0.9618220762612628,0.01340523938034292,0.019809011543980286,0.004963672814414074
0.9563524063130951,0.017231930971847043,0.01726118496936644,0.009154477745691147

0.00024521824423737117,0.00024521824423737117,0.9651552454039175,0.03435431810760777
0.021870537997283574,0.977850366272881,0.000139547864917667,0.000139547864917667
0.0003229974160206719,0.0003229974160206719,0.032584466609610695,0.9667695385583479
0.016231064727061446,0.982973390324649,0.0003977724741447892,0.0003977724741447892

Transition Gammas
1508.5670174344666,24.890372810129104,20.925796741347956,7.712444258964695
2262.30178977516,26.49715496173466,29.18915179847455,15.335078086839712
944.1048634882728,13.158308597367332,19.444120280814914,4.872239638196779
598.6494815597266,10.78670004328087,10.805012216003949,5.7304434225618355

1.0,1.0,3935.9030907571773,140.09690924282455
156.72427528853382,7007.275724711453,1.0,1.0
1.0,1.0,100.8815086233547,2993.1184913766447
40.80489672383248,2471.1951032761676,1.0,1.0

Iteration: ,25000
Error:,0.02320193947735053
Absolute Error:,0.3896143223253312
Transition Probabilities
0.9661547149041209,0.01555756942293499,0.013823526560000013,0.004464189112944217
0.9704456231061719,0.011682833605779016,0.011898065643840107,0.00597347764420896
0.9622884166956259,0.01288169997117995,0.019470225629966215,0.005359657703227768
0.952529665483794,0.023830400052528736,0.015447398986080723,0.008192535477596382

0.0002199736031676199,0.0002199736031676199,0.9640893025767214,0.035470750216943216
0.021920643665709696,0.9778271495247064,0.00012610340479192963,0.00012610340479192963
0.00029019152640742896,0.00029019152640742896,0.03307353798287376,0.9663460789643115
0.016383267683262717,0.9829016804754788,0.0003575259206292457,0.0003575259206292457

Transition Gammas
1669.1529403689642,26.87764428067117,23.88186865721839,7.712444258964695
2523.7298874903936,30.382244650771042,30.9419746493068,15.534558252416916
1053.6360219212258,14.10452716434377,21.31848489781322,5.8684364513914336
666.2671612827834,16.668680851180845,10.805012216003949,5.7304434225618355

1.0,1.0,4382.749969513776,161.25003048622386
173.83070426907756,7754.169295730908,1.0,1.0
1.0,1.0,113.97141188898297,3330.0285881110167
45.8239997100858,2749.176000289913,1.0,1.0

Iteration: ,27500
Error:,0.02158750875691863
Absolute Error:,0.3889494067885027
Transition Probabilities
0.9675699868594344,0.015757666074013826,0.012602483361712935,0.0040698637048388235
0.9710531292848857,0.011311733615633339,0.01137533718265344,0.006259799916827424
0.9638269077736699,0.01259636119755918,0.01866325545137172,0.004913475577399099
0.9533246350223582,0.022826587955826812,0.016176152555946188,0.007672624465868715

0.00020040080160320644,0.00020040080160320644,0.9646521675664459,0.03494703083034766
0.021103491903810466,0.978668275755667,0.00011411617026132631,0.00011411617026132631
0.0002642007926023778,0.0002642007926023778,0.031984383557711396,0.9674872148570838
0.01592434482355249,0.9834235521441684,0.00032605151613955004,0.00032605151613955004

Transition Gammas
1833.5576155605233,29.86098062761135,23.88186865721839,7.712444258964695
2775.4810159872245,32.331394607847564,32.51318743409937,17.891869465296562
1151.1519431231052,15.04453294663129,22.29056130781365,5.8684364513914336
737.7813260079879,17.665577612911367,12.518782001425553,5.937871365568132

1.0,1.0,4813.614316156564,174.3856838434348
184.92989955309065,8576.070100446888,1.0,1.0
1.0,1.0,121.06089176593764,3661.939108234062
48.839965573835485,3016.1600344261647,1.0,1.0

Iteration: ,30000
Error:,0.020484963555210067
Absolute Error:,0.3883139170281169
Transition Probabilities
0.9688465682629339,0.015639205177715547,0.011841595169755798,0.0036726313895947904
0.9724157939479561,0.01072381783697503,0.010703814727277996,0.006156573487790905
0.9655058171942218,0.012224152726345581,0.01778303576793411,0.004486994311498444
0.9536395937437249,0.023313352300374207,0.015999998258203817,0.0070470556976969636

0.00018368846436443798,0.00018368846436443798,0.9633461479905404,0.036286475080730726
0.021118132891941754,0.9786727933050059,0.000104536901526239,0.000104536901526239
0.00024336821611097595,0.00024336821611097595,0.03142841382257959,0.9680848497451986
0.01674459779260739,0.9826558818236996,0.00029976019184652276,0.00029976019184652276

Transition Gammas
2034.5562515168538,32.841983143032245,24.86708656434033,7.712444258964695
3020.453944026926,33.30961722578838,33.24748488286138,19.123143400820666
1262.7628069715263,15.987687629295374,23.258022647702305,5.8684364513914336
803.5397305875517,19.643904205984146,13.48164901514503,5.937871365568132

1.0,1.0,5244.4564296605,197.543570339498
202.01605924431436,9361.983940755665,1.0,1.0
1.0,1.0,129.13935239697952,3977.86064760302
55.859978236138254,3278.140021763862,1.0,1.0

Iteration: ,32500
Error:,0.022051618663027333
Absolute Error:,0.3885329457758713
Transition Probabilities
0.9677030382516312,0.015777015241896286,0.013123291862063331,0.0033966546444092437
0.9720849512263969,0.011281316947624584,0.010916121293831767,0.0057176105321467266
0.964713419837299,0.011301583090434107,0.019071369500974187,0.004913627571292836
0.9537932511899326,0.024854477320633516,0.014823426338712852,0.00652884515072095

0.00016931933626820195,0.00016931933626820195,0.9629698756961679,0.03669148563129566
0.02152496959482066,0.9782812131748275,9.690861517588929e-05,9.690861517588929e-05
0.00022411474675033627,0.00022411474675033627,0.03097482839681313,0.9685769421096861
0.016216554273597725,0.9832326332780409,0.0002754062241806663,0.0002754062241806663

Transition Gammas
2197.266582291746,35.82329184576972,29.797747365008206,7.712444258964695
3288.899047632466,38.168590634257484,36.93300763665692,19.344650701758635
1365.191642052508,15.99317109077295,26.988402679850886,6.9534051818405
867.4584102040526,22.604715808285857,13.48164901514503,5.937871365568132

1.0,1.0,5687.300085861564,216.69991413843204
222.11616124895403,10094.88383875103,1.0,1.0
1.0,1.0,138.20968430658013,4321.790315693418
58.882308567433384,3570.117691432569,1.0,1.0

Iteration: ,35000
Error:,0.02117736776499473
Absolute Error:,0.3882730411709391
Transition Probabilities
0.9669605506523159,0.01577914516802309,0.01326529028276911,0.00399501389689194
0.9725945255650947,0.011339145565632062,0.010615028003890468,0.0054513008653827594
0.9659174198549713,0.011528206938293043,0.018022442623343665,0.0045319305833921245
0.9541735467209208,0.025056257954433496,0.014718830801256652,0.006051364523388992

0.00015705983979896344,0.00015705983979896344,0.9631080295892399,0.036577850731162105
0.021671831636866458,0.9781484738438164,8.984725965858062e-05,8.984725965858062e-05
0.00020911752404851526,0.00020911752404851526,0.03017179071389202,0.9694099742380109
0.01591613504216461,0.9835695939370075,0.0002571355104139881,0.0002571355104139881

Transition Gammas
2377.677560360902,38.79963806421682,32.61827280930563,9.823415122325267
3525.00698279591,41.09684585626131,38.47240227323661,19.757332691782167
1495.1354919808714,17.844415058722117,27.896788135776443,7.014937429579134
936.278050835996,24.58632859760306,14.442779576675981,5.937871365568132

1.0,1.0,6132.108824394689,232.89117560530906
241.20748611832312,10886.792513881652,1.0,1.0
1.0,1.0,144.28150319383164,4635.718496806168
61.89784917897818,3825.102150821023,1.0,1.0

Iteration: ,35853
Error:,0.020682695120852482
Absolute Error:,0.3880241572040801
Transition Probabilities
0.9669479258284291,0.016196989357907896,0.01295386167396748,0.003901223139695444
0.9730550536533428,0.011301646286329264,0.010335532750809057,0.005307767309518878
0.9666841301448413,0.011269344222759981,0.01761663867188822,0.004429886960510494
0.9550563212548219,0.024575926527490525,0.014433638875718089,0.005934113341969492

0.0001532097441397273,0.0001532097441397273,0.9629317219276564,0.03676185858406418
0.021720202273142156,0.9781040971206907,8.785030308354579e-05,8.785030308354579e-05
0.00020399836801305592,0.00020399836801305592,0.030253143945864373,0.9693388593181096
0.015507542351209627,0.9839914556447823,0.00025050100200400794,0.00025050100200400794

*,*,*,*,*,*,*,*,*,*,*
Model Num 2
Model States: 
"['square', 'y', 'diamond']","['square', 'y', 'square']","['diamond', 'y', 'diamond']","['diamond', 'y', 'square', 'y', 'square']"
Iteration: ,35853
Error:,0.021459320273587566
Transition Probabilities
0.9669479258284291,0.016196989357907896,0.01295386167396748,0.003901223139695444
0.9730550536533428,0.011301646286329264,0.010335532750809057,0.005307767309518878
0.9666841301448413,0.011269344222759981,0.01761663867188822,0.004429886960510494
0.9550563212548219,0.024575926527490525,0.014433638875718089,0.005934113341969492

0.0001532097441397273,0.0001532097441397273,0.9629317219276564,0.03676185858406418
0.021720202273142156,0.9781040971206907,8.785030308354579e-05,8.785030308354579e-05
0.00020399836801305592,0.00020399836801305592,0.030253143945864373,0.9693388593181096
0.015507542351209627,0.9839914556447823,0.00025050100200400794,0.00025050100200400794

Transition Gammas
2434.8084016095468,40.78458075767361,32.61827280930563,9.823415122325267
3622.0450711867556,42.0686086301119,38.47240227323661,19.757332691782167
1530.7904575406446,17.845544434826916,27.896788135776443,7.014937429579134
955.661150314611,24.59149025310991,14.442779576675981,5.937871365568132

1.0,1.0,6285.055349021813,239.94465097818687
247.2410624751767,11133.758937524803,1.0,1.0
1.0,1.0,148.30091162262713,4751.699088377372
61.90610906602885,3928.0938909339725,1.0,1.0

