0,1,2,3,4,5,6,7,8,9,10,11,12,13,14,15,16,17,18,19,20,21,22,23,24,25,26,27,28,29
github Code Version (SHA):,cd93f48c3be2409aefa56252372b16f046dc3cc1
Environment Observations,Environment Actions,alpha,epsilon,numActions,explore,patience,gainThresh,insertRandActions,useBudd,revisedSplitting,haveControl,confidence_factor
"['square', 'diamond']","['x', 'y']",0.99,0.99,75000,0.5,0,0.01,False,True,False,False,250

Model Num 0
Model States: 
['square'],['diamond']
Iteration: ,0
Error:,0.6760616677092187
Absolute Error:,1
Transition Probabilities
0.5,0.5
0.5,0.5

0.5,0.5
0.5,0.5

Transition Gammas
1.0,1.0
1.0,1.0

1.0,1.0
1.0,1.0

Iteration: ,2500
Error:,0.25213295199202895
Absolute Error:,1
Transition Probabilities
0.9765721331689272,0.02342786683107275
0.9731958762886598,0.026804123711340205

0.17391304347826086,0.8260869565217391
0.3270042194092827,0.6729957805907173

Transition Gammas
792.0,19.0
472.0,13.0

128.0,608.0
155.0,319.0

Iteration: ,2670
Error:,0.25510450836136483
Absolute Error:,1
Transition Probabilities
0.9781609195402299,0.021839080459770115
0.9712643678160919,0.028735632183908046

0.17091836734693877,0.8290816326530612
0.324,0.676


Model Num 1
Model States: 
['diamond'],"['square', 'y', 'diamond']","['square', 'y', 'square']"
Iteration: ,0
Error:,0.6174173467404256
Absolute Error:,1
Transition Probabilities
0.3333333333333333,0.3333333333333333,0.3333333333333333
0.3333333333333333,0.3333333333333333,0.3333333333333333
0.3333333333333333,0.3333333333333333,0.3333333333333333

0.3333333333333333,0.3333333333333333,0.3333333333333333
0.3333333333333333,0.3333333333333333,0.3333333333333333
0.3333333333333333,0.3333333333333333,0.3333333333333333

Transition Gammas
1.0,1.0,1.0
1.0,1.0,1.0
1.0,1.0,1.0

1.0,1.0,1.0
1.0,1.0,1.0
1.0,1.0,1.0

Iteration: ,2500
Error:,0.12402627695116328
Absolute Error:,1
Transition Probabilities
0.017681728880157163,0.9624698131580263,0.019848457961816574
0.013929564641628277,0.9809713065838669,0.0050991287745049355
0.024909207244867566,0.9471792602672652,0.027911532487867135

0.6660039761431411,0.005156013026930606,0.3288400108299283
0.9969834087481146,0.0015082956259426848,0.0015082956259426848
0.0021978021978021974,0.03020229430495227,0.9675999034972456

Transition Gammas
9.0,489.8971348974356,10.10286510256464
2.881762397876781,202.94433440232729,1.054912909509435
3.9104622809219514,148.6963729570266,4.381793202953953

335.0,2.593474552546095,165.40652544745393
661.0,1.0,1.0
1.0,13.742043908753285,440.2579560912468

Iteration: ,5000
Error:,0.12271021103309658
Absolute Error:,1
Transition Probabilities
0.022772277227722747,0.9592571488806304,0.017970573891646784
0.018142682624898737,0.9750595842373332,0.00679773313776812
0.01275182449006464,0.9729033857189264,0.014344789791009012

0.6632756866734486,0.00468310745103068,0.3320412058755207
0.9984697781178271,0.0007651109410864575,0.0007651109410864575
0.0010515247108307047,0.03245189538301035,0.966496579906159

Transition Gammas
23.0,968.8497203694378,18.150279630563272
7.770513502559562,417.6181561329936,2.9114700524679757
3.9104622809219514,298.34962015038184,4.398959493929693

652.0,4.603494624363159,326.3965053756369
1305.0,1.0,1.0
1.0,30.861752509242837,919.1382474907571

Iteration: ,7500
Error:,0.12902288167714562
Absolute Error:,1
Transition Probabilities
0.023407022106631984,0.9569573890820369,0.01963558881133107
0.019841336601245596,0.9710675398089714,0.00909112358978292
0.014879528040044623,0.9667819671535165,0.018338504806438925

0.6620498614958449,0.005963960543768462,0.33198617796038665
0.9989858012170385,0.0005070993914807302,0.0005070993914807302
0.0006997900629811061,0.03500394884708193,0.964296261089937

Transition Gammas
36.0,1471.8004644081732,30.199535591827196
12.690877908153903,621.1123693911519,5.814847146871643
6.768829592794103,439.797712093884,8.34234887607688

956.0,8.611959025201658,479.38804097479834
1970.0,1.0,1.0
1.0,50.020642902480056,1377.9793570975194

Iteration: ,10000
Error:,0.12824044669993329
Absolute Error:,1
Transition Probabilities
0.022926829268292682,0.9584172953183492,0.018655875413358114
0.019687596174903475,0.9711699460232804,0.009142457801816137
0.020108533614341794,0.9617746945039086,0.018116771881749604

0.6570098292809105,0.004979894797902812,0.33801027592118676
0.9992415623814941,0.0003792188092529389,0.0003792188092529389
0.000532197977647685,0.03309084351928402,0.9663769585030684

Transition Gammas
47.0,1964.7554554026158,38.244544597384134
16.63712550986386,820.6931988981761,7.72589078758849
12.561908383672844,600.8257901747802,11.317644187844879

1270.0,9.626136644346136,653.3738633556541
2635.0,1.0,1.0
1.0,62.17769497273466,1815.8223050272652

Iteration: ,11865
Error:,0.13216199053879227
Absolute Error:,1
Transition Probabilities
0.023080151070079744,0.9600172082714374,0.016902640658482914
0.020335650932498305,0.9681897792513235,0.011474569816178282
0.019319382031102506,0.9616490225521722,0.01903159541672525

0.6549479166666666,0.004615317883579365,0.340436765449754
0.9993523316062176,0.0003238341968911917,0.0003238341968911917
0.00043649061545176794,0.03198800648921753,0.9675755028953307


Model Num 2
Model States: 
"['square', 'y', 'diamond']","['square', 'y', 'square']","['diamond', 'y', 'diamond']","['diamond', 'y', 'square', 'y', 'square']"
Iteration: ,0
Error:,0.6760774795151185
Absolute Error:,0.74
Transition Probabilities
0.25,0.25,0.25,0.25
0.25,0.25,0.25,0.25
0.25,0.25,0.25,0.25
0.25,0.25,0.25,0.25

0.25,0.25,0.25,0.25
0.25,0.25,0.25,0.25
0.25,0.25,0.25,0.25
0.25,0.25,0.25,0.25

Transition Gammas
1.0,1.0,1.0,1.0
1.0,1.0,1.0,1.0
1.0,1.0,1.0,1.0
1.0,1.0,1.0,1.0

1.0,1.0,1.0,1.0
1.0,1.0,1.0,1.0
1.0,1.0,1.0,1.0
1.0,1.0,1.0,1.0

Iteration: ,2500
Error:,0.03832511565686618
Absolute Error:,0.39713619125295396
Transition Probabilities
0.9398572350730057,0.02719662315959076,0.02119175758717428,0.011754384180229347
0.968976187737569,0.015972160432439094,0.009306153702693323,0.005745498127298673
0.9194765736008402,0.03190271358685101,0.035032063622598815,0.013588649189710046
0.9472843303125824,0.026568745756693136,0.013073461965362194,0.013073461965362194

0.0021691973969631246,0.0021691973969631246,0.9556769993693064,0.039984605836767266
0.02566714437303228,0.9718576081022152,0.001237623762376238,0.001237623762376238
0.0028089887640449437,0.0028089887640449437,0.029648486290465754,0.9647335361814443
0.0358509736882812,0.9571803851967361,0.0034843205574912883,0.0034843205574912883

Transition Gammas
140.49807200834516,4.06558887506271,3.1679290985454083,1.7571480575337957
247.84197157580104,4.085313738352482,2.3803015085935417,1.4695671592091135
92.63386856718526,3.214080556470864,3.52935101385396,1.3690062141720656
72.4585678087708,2.032265502977433,1.0,1.0

1.0,1.0,440.56709670925005,18.4329032907497
20.739052653410077,785.2609473465897,1.0,1.0
1.0,1.0,10.554861119405809,343.4451388805942
10.289229448536705,274.7107705514633,1.0,1.0

Iteration: ,5000
Error:,0.028897636825293564
Absolute Error:,0.39129183087475994
Transition Probabilities
0.9586997209894044,0.017488560554064315,0.017737475399990817,0.006074243056540411
0.9586301430067765,0.018088760710193677,0.01786352457225182,0.005417571710777844
0.9448348905487368,0.014825091052725826,0.03347904165864415,0.006860976739893203
0.9658546743901725,0.013949510499167128,0.010160185062155385,0.010035630048504843

0.001106194690265487,0.001106194690265487,0.9605847820325114,0.03720282858695758
0.02356938639154494,0.9752485805115284,0.0005910165484633572,0.0005910165484633572
0.0014641288433382138,0.0014641288433382138,0.028724818993505794,0.9683469233198179
0.027966035621345833,0.9683909771291095,0.0018214936247723129,0.0018214936247723129

Transition Gammas
277.3312389402764,5.059064960126663,5.131070679018687,1.7571480575337957
473.33337246984314,8.931509376390894,8.820296744958599,2.674981072905369
206.58011793602492,3.241380148764134,7.31990789439528,1.5000942474301564
141.38961317875814,2.0420420854261114,1.4873300030046046,1.4690966334651918

1.0,1.0,868.3686429573902,33.63135704260965
39.87940177449403,1650.1205982255055,1.0,1.0
1.0,1.0,19.619051372564456,661.3809486274356
15.353353556118865,531.6466464438812,1.0,1.0

Iteration: ,7500
Error:,0.025064030256199084
Absolute Error:,0.39035679399777584
Transition Probabilities
0.9604301019796225,0.022137593064950684,0.013539650839344625,0.0038926541160821614
0.960834547475187,0.01590955871998988,0.016986544428825082,0.006269349375998172
0.9522745967490587,0.01544119233895662,0.027795944520069043,0.004488266391915594
0.9637121687421386,0.018329967182672192,0.009124051166028392,0.008833812909160861

0.0007358351729212656,0.0007358351729212656,0.9625964158338302,0.03593191382032734
0.02307823696039088,0.9761259015195136,0.00039793076004775147,0.00039793076004775147
0.0009813542688910694,0.0009813542688910694,0.02814863456948711,0.9698886568927307
0.02492297493343852,0.972635022624559,0.0012210012210012214,0.0012210012210012214

Transition Gammas
433.53913236684264,9.992932198071175,6.111812265505194,1.7571480575337957
716.8838204813002,11.870207276921905,12.673752103221439,4.6775952679966375
318.2747011474624,5.160844249987877,9.290120691487578,1.5000942474301564
209.3663814933836,3.9821837125265143,1.9821992905674148,1.919145055514416

1.0,1.0,1308.1685291181752,48.83147088182485
57.99560948146231,2453.004390518539,1.0,1.0
1.0,1.0,28.68345862630737,988.3165413736929
20.41191647048614,796.5880835295135,1.0,1.0

Iteration: ,10000
Error:,0.023173592937706117
Absolute Error:,0.3896243862638983
Transition Probabilities
0.9626039537704748,0.02128418279816536,0.013229542315946865,0.0028823211154129637
0.9669270128485761,0.014763363033858336,0.013636507929955067,0.004673116187610625
0.9589485498212356,0.014049510240074534,0.023563057878389748,0.003438882060300162
0.9606250944320688,0.013496038763622376,0.018945325840536743,0.006933540963772251

0.0005515719801434088,0.0005515719801434088,0.9641641434011667,0.034732712638546374
0.02295271972548272,0.9764441439657116,0.0003015681544028949,0.0003015681544028949
0.0007262164124909219,0.0007262164124909219,0.03251478638631165,0.9660327807887065
0.0214114476099608,0.9767620683717744,0.0009132420091324201,0.0009132420091324201

Transition Gammas
586.8317927857948,12.975466286528624,8.065119621203824,1.7571480575337957
967.8537913929312,14.777513396730088,13.64957822668013,4.6775952679966375
418.30838567425775,6.128616544792847,10.278575116981783,1.5000942474301564
283.8504094862893,3.987878467574164,5.598061646377088,2.0487580984132716

1.0,1.0,1748.0295919863154,62.970408013684576
76.11121860970073,3237.8887813903007,1.0,1.0
1.0,1.0,44.77286085395117,1330.2271391460497
23.44553513290708,1069.554464867093,1.0,1.0

Iteration: ,12500
Error:,0.022905019978920974
Absolute Error:,0.388850246811636
Transition Probabilities
0.9598117963588003,0.01900266795198804,0.016286472932440777,0.004899062756770892
0.9688502915622537,0.012593441295043393,0.013954785924563264,0.00460148121813952
0.9599232463336501,0.016633979230840694,0.020684814588411215,0.002757959847097891
0.9645544010537822,0.015460802085937558,0.014630412190687779,0.005354384669592608

0.0004411116012351125,0.0004411116012351125,0.9659873298417428,0.033130446955786846
0.021683987019760317,0.977829868109068,0.0002430724355858044,0.0002430724355858044
0.0005807200929152142,0.0005807200929152142,0.029539708068156784,0.9692988517460128
0.020219355060112132,0.9783089745940453,0.0007358351729212654,0.0007358351729212654

Transition Gammas
756.175678787273,14.971013475637793,12.831093315855803,3.859665113073719
1212.3269028885393,15.75823201468024,17.461688919057632,5.757854977668053
522.1161364313652,9.047461870162303,11.250769805762765,1.5000942474301564
369.06923250052085,5.9157952661513615,5.598061646377088,2.0487580984132716

1.0,1.0,2189.893276751231,75.10672324876879
89.20792259929401,4022.7920774007084,1.0,1.0
1.0,1.0,50.86737729336603,1669.1326227066359
27.478103526692397,1329.521896473308,1.0,1.0

Iteration: ,15000
Error:,0.023647258521241204
Absolute Error:,0.38861765711254215
Transition Probabilities
0.9607143679296798,0.017716693531491787,0.017536336121739972,0.004032602417088535
0.9695040136102112,0.013737276993403534,0.012867516383044059,0.003891193013341145
0.9635560750767634,0.015379526436936245,0.018762507148364693,0.0023018913379355787
0.9652772454316612,0.015467359398409933,0.014420400627507136,0.004834994542421861

0.00037037037037037024,0.00037037037037037024,0.9647261316804233,0.03453312757883592
0.020522149937915426,0.979076646451252,0.0002006018054162489,0.0002006018054162489
0.00048804294777940406,0.00048804294777940406,0.032669080528488166,0.966354833575953
0.019408628192465638,0.9793590859172078,0.0006161429451632775,0.0006161429451632775

Transition Gammas
919.5143349152648,16.9569168665745,16.78429404629508,3.859665113073719
1456.0749009626156,20.631687911410825,19.325415243312797,5.844089763412873
627.9292603774005,10.02251442369941,12.227131913998607,1.5000942474301564
430.0375953366834,6.890814088263276,6.424386816319918,2.154023039835853

1.0,1.0,2604.760555537144,93.23944446285701
102.30291744050832,4880.697082559488,1.0,1.0
1.0,1.0,66.93894600287233,1980.0610539971299
31.50020355637175,1589.4997964436293,1.0,1.0

Iteration: ,17500
Error:,0.02265665913796155
Absolute Error:,0.3882447820046301
Transition Probabilities
0.9620265323004331,0.01690251008857012,0.017549575373233695,0.0035213822377631386
0.9691026140526159,0.014998821656958651,0.011483306786413508,0.0044152575040119985
0.9665476688657963,0.01431711934396575,0.0171628906577845,0.0019723211324533117
0.9657869892532026,0.013566166338121625,0.01640866708071755,0.004238177327958118

0.00031685678073510755,0.00031685678073510755,0.9662918657676033,0.033074420670926516
0.020306472522478976,0.9793475665711034,0.00017298045320878773,0.00017298045320878773
0.0004177109440267332,0.0004177109440267332,0.03342502825866742,0.9657395498532791
0.017616856984357915,0.981332170866404,0.0005254860746190221,0.0005254860746190221

Transition Gammas
1077.981187935304,18.939797700584762,19.664854838630003,3.9458202870570434
1712.8073777990583,26.50915601692544,20.295779105422135,7.803596356147908
742.5186213957763,10.998658483254085,13.18482918213323,1.5151711761278182
490.85426716379664,6.894906133773819,8.339586621754252,2.154023039835853

1.0,1.0,3049.6171283625577,104.38287163744415
117.39171765245074,5661.608282347538,1.0,1.0
1.0,1.0,80.01951765124987,2311.980482348752
33.524878841233146,1867.4751211587686,1.0,1.0

Iteration: ,20000
Error:,0.022980074204668664
Absolute Error:,0.38832345902929727
Transition Probabilities
0.9577559119612723,0.01896954577885969,0.01946048617238221,0.003814056087485686
0.9692215376587459,0.014525783802402065,0.012174480498769074,0.004078198040083101
0.9664274937070345,0.013590057571233449,0.01825103962982554,0.0017314090919065032
0.9689528077742565,0.013304062870770393,0.014100997556484996,0.0036421317984881756

0.0002760905577029264,0.0002760905577029264,0.9656212688706505,0.0338265500139437
0.020920200763452825,0.9787732388441499,0.0001532801961986515,0.0001532801961986515
0.0003641660597232335,0.0003641660597232335,0.03245342616118849,0.966818241719365
0.01723121577165699,0.9818509320025515,0.0004589261128958234,0.0004589261128958234

Transition Gammas
1256.0967116656013,24.878555983874975,25.522424224442297,5.002133894207338
1964.5940909084077,29.443494511014336,24.677446299364686,8.266431831937338
851.3593803662757,11.97195140693575,16.07797159276483,1.5252581091126374
573.0563274304761,7.868264942789709,8.339586621754252,2.154023039835853

1.0,1.0,3497.4802358494976,122.51976415050413
136.48338978076592,6385.516610219219,1.0,1.0
1.0,1.0,89.11710823862366,2654.8828917613787
37.54681916644061,2139.4531808335614,1.0,1.0

Iteration: ,22500
Error:,0.023079440006972478
Absolute Error:,0.387849965136543
Transition Probabilities
0.9591195133339341,0.01849770072227141,0.01891306988706214,0.0034697160567323092
0.9692426483722895,0.014617662445011097,0.012039087981515992,0.004100601201183445
0.9668199481765924,0.013882836969703058,0.017775257035995296,0.001521957817709236
0.9688983955372281,0.01354556180526039,0.014164664736144202,0.0033913779213672938

0.0002452182442373713,0.0002452182442373713,0.9662411436914713,0.033268419820053984
0.020974118993146995,0.9787545105862289,0.00013568521031207632,0.00013568521031207632
0.00032520325203252,0.00032520325203252,0.02997832348675299,0.969371270009182
0.018145190402596992,0.9810404773498461,0.0004071661237785013,0.0004071661237785013

Transition Gammas
1392.9137247493727,26.863910966419322,27.467144872550108,5.0390123954479575
2211.47458033197,33.35242106329453,27.469011073970325,9.356145579979408
968.9164501469339,13.912941225532498,17.813801815164958,1.5252581091126374
632.1343766251456,8.837474917127837,9.241393684135437,2.2126226837594394

1.0,1.0,3940.3313839738194,135.66861602618013
154.57925697949298,7213.420743020489,1.0,1.0
1.0,1.0,92.18334472176554,2980.8166552782377
44.56458762877825,2409.4354123712237,1.0,1.0

Iteration: ,25000
Error:,0.021323674929235318
Absolute Error:,0.3874653047534507
Transition Probabilities
0.9608238294661458,0.01662374898302478,0.018829161258726947,0.0037232602921024637
0.9689417592967187,0.015044549935999147,0.011902256277701723,0.00411143448958055
0.9675597980052447,0.015095842394017513,0.015976422108844382,0.0013679374918933141
0.9695130134842208,0.014776416362180168,0.012675690266917259,0.0030348798866816932

0.00022016732716864827,0.00022016732716864827,0.9659163080707651,0.03364335727489769
0.020670416189041932,0.9790844857717423,0.00012254901960784333,0.00012254901960784333
0.00029265437518290877,0.00029265437518290877,0.029048087497675814,0.9703666037519584
0.018523648654820313,0.9807440188662343,0.0003661662394727202,0.0003661662394727202

Transition Gammas
1553.3954842173825,26.876161694846758,30.441724251529823,6.019517363064782
2463.249390305422,38.24634257085515,30.257985310270378,10.452112732854811
1078.8346958137042,16.83195040841623,17.813801815164958,1.5252581091126374
706.8373596098596,10.77295815597564,9.241393684135437,2.2126226837594394

1.0,1.0,4387.191871257413,152.80812874258524
168.6705961025819,7989.329403897405,1.0,1.0
1.0,1.0,99.25731497955833,3315.7426850204442
50.58808447631433,2678.411915523689,1.0,1.0

Iteration: ,27500
Error:,0.021400370794756696
Absolute Error:,0.3869838695775328
Transition Probabilities
0.961320982875317,0.016904149168679578,0.01834383533286331,0.0034310326231401533
0.9697279688404822,0.015050532546883568,0.011454464864838617,0.003767033747795607
0.9673370202934507,0.015308266908878487,0.016105104105050932,0.0012496086926199073
0.9719019055321638,0.013621602360372267,0.011680004500896337,0.0027964876065674636

0.00020028039254956943,0.00020028039254956943,0.9639580673409858,0.03564137187391509
0.02039069492139279,0.9793873787581455,0.00011096316023080367,0.00011096316023080367
0.00026737967914438487,0.00026737967914438487,0.028158756881811294,0.9713064837598999
0.019147216455653076,0.9801881108956264,0.0003323363243602521,0.0003323363243602521

Transition Gammas
1697.0806388653375,29.841962031092464,32.383530933469586,6.057018560679553
2716.9305261590503,42.16775490189537,32.09249011277684,10.554268115722268
1186.4630106654083,18.775971624933565,19.753312343780593,1.5326762653513613
768.9832765642228,10.777614855481284,9.241393684135437,2.2126226837594394

1.0,1.0,4813.042630233541,177.95736976645802
183.76094263159132,8826.239057368384,1.0,1.0
1.0,1.0,105.3137507379743,3632.686249262028
57.61397431506018,2949.386025684944,1.0,1.0

Iteration: ,30000
Error:,0.02052941150482297
Absolute Error:,0.3866114188338915
Transition Probabilities
0.9629056407880505,0.01656818081005405,0.017355483264838104,0.0031706951370574477
0.9712076933270648,0.01448159218953302,0.010817126974718186,0.0034935875086841415
0.9674075565844843,0.015384807466014408,0.015391172240343424,0.0018164637091577901
0.9711131699966551,0.013507391168371194,0.012836021756217876,0.0025434170787558327

0.0001833852924995415,0.0001833852924995415,0.9649511594558383,0.034682069959162516
0.020002598419454093,0.979794170201621,0.00010161568946245324,0.00010161568946245324
0.0002453385672227672,0.0002453385672227672,0.027571130481937465,0.971938192383617
0.018242303723969705,0.9811458883837085,0.00030590394616090494,0.00030590394616090494

Transition Gammas
1849.6825863583356,31.82645758198328,33.33881723502199,6.0907105880763455
2959.994813687577,44.13622139679742,32.967860493855454,10.647568978210634
1302.8299000882787,20.719072367587525,20.72764395486397,2.446273255370583
844.8111190175786,11.750632779492767,11.166581031582302,2.2126226837594394

1.0,1.0,5261.878672512687,189.12132748731324
196.84557104584727,9642.154428954129,1.0,1.0
1.0,1.0,112.3799278443772,3961.6200721556265
59.63409087365707,3207.365909126349,1.0,1.0

Iteration: ,32500
Error:,0.020243428470163936
Absolute Error:,0.3867852021644583
Transition Probabilities
0.9631500384465653,0.017336374894071135,0.01617927043369577,0.0033343162256676347
0.9704806795219153,0.0139594392017338,0.012285559769525216,0.003274321506825693
0.9681582588572881,0.01574602271361464,0.0143966303913749,0.0016990880377222724
0.970324650181195,0.01449011852049365,0.01280509298014802,0.0023801383181633815

0.00016972165648336732,0.00016972165648336732,0.9636375795129754,0.03602297717405796
0.020468882354569222,0.9793432713037383,9.392317084624794e-05,9.392317084624794e-05
0.0002263980076975319,0.0002263980076975319,0.028173590067551248,0.9713736139170537
0.018521053731174124,0.9809147713746087,0.0002820874471086032,0.0002820874471086032

Transition Gammas
2043.5498071916434,36.783205272276604,34.32813544669215,7.07453772318682
3204.96197335534,46.10032198988496,40.57242221669942,10.813276492104475
1393.9122653018535,22.670440487833886,20.72764395486397,2.446273255370583
916.7416975283362,13.689949902214256,12.097974294930038,2.248703093070844

1.0,1.0,5677.752618490449,212.24738150954946
217.93219042909809,10427.067809570883,1.0,1.0
1.0,1.0,124.44274732837407,4290.557252671633
65.65713547701237,3477.3428645229933,1.0,1.0

Iteration: ,34478
Error:,0.0214311829418907
Absolute Error:,0.38666217942417175
Transition Probabilities
0.964067304615192,0.01672719916290061,0.015613848609189912,0.0035916476127174223
0.9713753719257527,0.013700021412585296,0.011842357246735465,0.0030822494149266026
0.9692298118926851,0.014905042525425662,0.014257362897754925,0.0016077826841343
0.9690487321653817,0.013692109813457639,0.01403196241529012,0.003227195605870592

0.0001600512163892447,0.0001600512163892447,0.9636098056327749,0.036070091934446734
0.020388549561837034,0.9794341611907558,8.864462370357251e-05,8.864462370357251e-05
0.0002130833155763901,0.0002130833155763901,0.029297676156401546,0.9702761572124456
0.01823517274815205,0.9812337598062825,0.000265533722782793,0.000265533722782793

*,*,*,*,*,*,*,*,*,*,*
Model Num 2
Model States: 
"['square', 'y', 'diamond']","['square', 'y', 'square']","['diamond', 'y', 'diamond']","['diamond', 'y', 'square', 'y', 'square']"
Iteration: ,34478
Error:,0.020957006686851895
Transition Probabilities
0.964067304615192,0.01672719916290061,0.015613848609189912,0.0035916476127174223
0.9713753719257527,0.013700021412585296,0.011842357246735465,0.0030822494149266026
0.9692298118926851,0.014905042525425662,0.014257362897754925,0.0016077826841343
0.9690487321653817,0.013692109813457639,0.01403196241529012,0.003227195605870592

0.0001600512163892447,0.0001600512163892447,0.9636098056327749,0.036070091934446734
0.020388549561837034,0.9794341611907558,8.864462370357251e-05,8.864462370357251e-05
0.0002130833155763901,0.0002130833155763901,0.029297676156401546,0.9702761572124456
0.01823517274815205,0.9812337598062825,0.000265533722782793,0.000265533722782793

Transition Gammas
2177.450831583527,37.78019807637739,35.26557479497797,8.112126657161298
3407.8197641588677,48.062988921214284,41.54585368954544,10.813276492104475
1474.7023901539194,22.678317946770665,21.692860542076442,2.446273255370583
969.1582131197137,13.693656717343314,14.033547714961214,3.2275602071986977

1.0,1.0,6020.634065593572,225.365934406423
230.00322760708323,11048.9967723929,1.0,1.0
1.0,1.0,137.49399420199262,4553.506005798013
68.67366056954073,3695.326339430465,1.0,1.0

