0,1,2,3,4,5,6,7,8,9,10,11,12,13,14,15,16,17,18,19,20,21,22,23,24,25,26,27,28,29
github Code Version (SHA):,cd93f48c3be2409aefa56252372b16f046dc3cc1
Environment Observations,Environment Actions,alpha,epsilon,numActions,explore,patience,gainThresh,insertRandActions,useBudd,revisedSplitting,haveControl,confidence_factor
"['square', 'diamond']","['x', 'y']",0.99,0.99,75000,0.5,0,0.01,False,True,False,False,250

Model Num 0
Model States: 
['square'],['diamond']
Iteration: ,0
Error:,0.6755965472804819
Absolute Error:,1
Transition Probabilities
0.5,0.5
0.5,0.5

0.5,0.5
0.5,0.5

Transition Gammas
1.0,1.0
1.0,1.0

1.0,1.0
1.0,1.0

Iteration: ,2500
Error:,0.2554336320000552
Absolute Error:,1
Transition Probabilities
0.9879518072289156,0.012048192771084338
0.978494623655914,0.021505376344086023

0.22738693467336685,0.7726130653266332
0.3393574297188755,0.6606425702811245

Transition Gammas
738.0,9.0
455.0,10.0

181.0,615.0
169.0,329.0

Iteration: ,2675
Error:,0.25697293388610326
Absolute Error:,1
Transition Probabilities
0.986335403726708,0.013664596273291925
0.976,0.024

0.22823529411764706,0.7717647058823529
0.3403041825095057,0.6596958174904943


Model Num 1
Model States: 
['diamond'],"['square', 'y', 'diamond']","['square', 'y', 'square']"
Iteration: ,0
Error:,0.6170040160263252
Absolute Error:,1
Transition Probabilities
0.3333333333333333,0.3333333333333333,0.3333333333333333
0.3333333333333333,0.3333333333333333,0.3333333333333333
0.3333333333333333,0.3333333333333333,0.3333333333333333

0.3333333333333333,0.3333333333333333,0.3333333333333333
0.3333333333333333,0.3333333333333333,0.3333333333333333
0.3333333333333333,0.3333333333333333,0.3333333333333333

Transition Gammas
1.0,1.0,1.0
1.0,1.0,1.0
1.0,1.0,1.0

1.0,1.0,1.0
1.0,1.0,1.0
1.0,1.0,1.0

Iteration: ,2500
Error:,0.12503933180982196
Absolute Error:,1
Transition Probabilities
0.005825242718446602,0.9704116920975454,0.02376306518400793
0.014614639963984348,0.9755534879077943,0.009831872128221284
0.012917254675373888,0.9667345358768368,0.020348209447789253

0.6706349206349206,0.014535064347778388,0.31483001501730096
0.9970326409495549,0.001483679525222552,0.001483679525222552
0.002197802197802197,0.04078129296599983,0.957020904836198

Transition Gammas
3.0,499.7620214302359,12.237978569764085
2.9600830688605675,197.5908656963222,1.9913701804266433
1.9114130601556578,143.05121823612407,3.0109984100132596

338.0,7.325672431280307,158.6743275687197
672.0,1.0,1.0
1.0,18.55548829952993,435.44451170047023

Iteration: ,5000
Error:,0.12448327582033068
Absolute Error:,1
Transition Probabilities
0.01732925586136596,0.9640294042683465,0.01864133987028753
0.016101434455100132,0.9724784241937809,0.011420141351118868
0.018068379603983387,0.9601470457388235,0.021784574657193124

0.6547619047619048,0.008307223817417551,0.33693087142067774
0.9984615384615385,0.0007692307692307692,0.0007692307692307692
0.0010504201680672264,0.03655508535281041,0.9623944944791224

Transition Gammas
17.0,945.7128455872476,18.28715441275206
6.878964680303491,415.4688671398012,4.8789907021940255
5.763655836836493,306.27855102036153,6.949089715175709

660.0,8.373681607956891,339.6263183920432
1298.0,1.0,1.0
1.0,34.800441255875526,916.1995587441249

Iteration: ,7500
Error:,0.12327621490741285
Absolute Error:,1
Transition Probabilities
0.020134228187919472,0.957480788028087,0.02238498378399347
0.012660230926680543,0.9732264735031965,0.014113295570123006
0.01195707764107561,0.9695495313603489,0.018493390998575495

0.66158940397351,0.006882828812007022,0.33152776721448307
0.9989790709545686,0.0005104645227156713,0.0005104645227156713
0.000706713780918728,0.03463486399800407,0.9646584222210772

Transition Gammas
30.0,1426.646374161849,33.35362583815026
7.864082238931937,604.5334456424148,8.76667397842653
5.763655836836493,467.35080119664383,8.914347148309623

999.0,10.393071506130603,500.6069284938694
1957.0,1.0,1.0
1.0,49.008332557175756,1364.991667442824

Iteration: ,10000
Error:,0.12159376067154799
Absolute Error:,1
Transition Probabilities
0.017902813299232746,0.9588671801390701,0.023230006561697138
0.014819394685553565,0.969244184464316,0.01593642085013026
0.011818120681776016,0.9714853049687641,0.016696574349459956

0.6600397614314115,0.006165973993434163,0.3337942645751542
0.9992263056092844,0.00038684719535783365,0.00038684719535783365
0.0005078720162519048,0.0315783708860586,0.9679137570976895

Transition Gammas
35.0,1874.585337171881,45.414662828117876
11.787918789132242,770.9742520348619,12.676444534802677
7.701316172106443,633.0715087092306,10.880376120592285

1328.0,12.405939674789536,671.5940603252103
2583.0,1.0,1.0
1.0,62.177812274649355,1905.8221877253497

Iteration: ,11606
Error:,0.12622609462622258
Absolute Error:,1
Transition Probabilities
0.017574692442882272,0.9615730120858419,0.020852295471275772
0.017655486732276553,0.9678854473772281,0.01445906589049539
0.015413691843463919,0.9700854999588154,0.014500808197720674

0.6591695501730105,0.00666652080352136,0.3341639290234682
0.9993324432576769,0.0003337783711615487,0.0003337783711615487
0.00043706293706293717,0.028521031985270118,0.9710419050776669


Model Num 2
Model States: 
"['square', 'y', 'diamond']","['square', 'y', 'square']","['diamond', 'y', 'diamond']","['diamond', 'y', 'square', 'y', 'square']"
Iteration: ,0
Error:,0.6759728321647337
Absolute Error:,0.74
Transition Probabilities
0.25,0.25,0.25,0.25
0.25,0.25,0.25,0.25
0.25,0.25,0.25,0.25
0.25,0.25,0.25,0.25

0.25,0.25,0.25,0.25
0.25,0.25,0.25,0.25
0.25,0.25,0.25,0.25
0.25,0.25,0.25,0.25

Transition Gammas
1.0,1.0,1.0,1.0
1.0,1.0,1.0,1.0
1.0,1.0,1.0,1.0
1.0,1.0,1.0,1.0

1.0,1.0,1.0,1.0
1.0,1.0,1.0,1.0
1.0,1.0,1.0,1.0
1.0,1.0,1.0,1.0

Iteration: ,2500
Error:,0.041315748270021574
Absolute Error:,0.40131660843500283
Transition Probabilities
0.9322334978616449,0.031809552830681403,0.02602268990158502,0.009934259406088787
0.9522504262102979,0.016355823548281738,0.025747172727277046,0.005646577514143392
0.9289927780233328,0.03567401287207608,0.026272624491094142,0.009060584613497017
0.9463509292986912,0.017355453973309225,0.024039627499945225,0.01225398922805437

0.0022421524663677125,0.0022421524663677125,0.9577222305388065,0.03779346452845809
0.016904616729253495,0.9807030387731389,0.0011961722488038275,0.0011961722488038275
0.0028985507246376808,0.0028985507246376808,0.04770609633982041,0.9464968022109043
0.0162295237766152,0.9761659134857422,0.0038022813688212928,0.0038022813688212928

Transition Gammas
150.3857885465249,5.1314447471874995,4.197921175250836,1.6025721429633915
235.7370691243729,4.049012528912052,6.373914749634207,1.3978545948939114
102.53121819970282,3.937274954524967,2.899661071754395,1.0
77.22798769335529,1.4163105296008849,1.961779715368831,1.0

1.0,1.0,427.1441148203078,16.85588517969231
14.132259585655927,819.8677404143443,1.0,1.0
1.0,1.0,16.458603237238044,326.541396762762
4.268364753249797,256.7316352467502,1.0,1.0

Iteration: ,5000
Error:,0.028457324508696143
Absolute Error:,0.3935778523907655
Transition Probabilities
0.965621165745671,0.013739960781610236,0.01604522884755784,0.004593644625161047
0.9670130418699983,0.01378580738983794,0.01643787854040484,0.0027632721997589895
0.9561787613177071,0.020252510425104245,0.01450500900035267,0.009063719256835993
0.935872519172205,0.02300579989711068,0.03410739192043271,0.007014289010251461

0.0010775862068965517,0.0010775862068965517,0.956789664396155,0.04105516319005182
0.018972979518465494,0.9797274753223403,0.000649772579597141,0.000649772579597141
0.0014577259475218659,0.0014577259475218659,0.0431692842539963,0.95391526385096
0.029751950524723764,0.9666050622257315,0.0018214936247723137,0.0018214936247723137

Transition Gammas
362.8156475540519,5.162555404942504,6.028720476507171,1.725983448202463
489.1822181029482,6.97381684145636,8.315418238571295,1.3978545948939114
234.27240432893484,4.96204737328349,3.5538577834990983,2.2206928122260443
133.4237180424726,3.279847731322084,4.86255868136947,1.0

1.0,1.0,887.9008085596319,38.09919144036809
29.199415478918393,1507.8005845210816,1.0,1.0
1.0,1.0,29.61412899824146,654.3858710017586
16.333820838073343,530.6661791619265,1.0,1.0

Iteration: ,7500
Error:,0.02594427760162076
Absolute Error:,0.3915850809658634
Transition Probabilities
0.9674561428652713,0.012998510347243874,0.016207189275026623,0.0033381575124582902
0.9627232842958954,0.018157497744167254,0.017260389061290703,0.0018588288986467276
0.9622368473623806,0.016366646585456654,0.014466434488455417,0.006930071563707258
0.9445831062408732,0.021240213337013744,0.028973238798481845,0.005203441623631122

0.0007288629737609329,0.0007288629737609329,0.957507111866751,0.0410351621857271
0.02118144572869728,0.9779760942881519,0.0004212299915754001,0.0004212299915754001
0.000987166831194472,0.000987166831194472,0.03625742300625785,0.9617682433313532
0.02586892727949043,0.9717126930348989,0.0012091898428053202,0.0012091898428053202

Transition Gammas
529.8736655818001,7.119256387579976,8.876642991280622,1.8283017483119361
735.3453149456178,13.869022506372906,13.18379480105904,1.4198068585253825
342.89657669667645,5.83231363623297,5.155166190834891,2.469556037031788
188.93167645472525,4.248381203839464,5.7951095487032545,1.0407712596081848

1.0,1.0,1313.6997574811824,56.30024251881758
50.28475215992735,2321.715247840073,1.0,1.0
1.0,1.0,36.728769505339194,974.2712304946606
21.39360286013859,803.6063971398615,1.0,1.0

Iteration: ,10000
Error:,0.02453150549321988
Absolute Error:,0.3896951445320374
Transition Probabilities
0.9686303657450727,0.010260857635672126,0.016909745179097692,0.004199031440157647
0.9660277394559327,0.017617573824336475,0.01495205679294273,0.0014026299267881853
0.9621247834451684,0.0170163027544594,0.014736981779329715,0.0061219320210424205
0.9512344793921759,0.015903070799862074,0.028973775898648607,0.0038886739093135273

0.0005540166204986148,0.0005540166204986148,0.9576290252864974,0.04126294147250543
0.019984586174775835,0.9794039800129344,0.00030571690614490974,0.00030571690614490974
0.0007479431563201195,0.0007479431563201195,0.03052543879297218,0.9679786748943876
0.02412110152264967,0.9740540809591021,0.0009124087591240878,0.0009124087591240878

Transition Gammas
672.4291566111746,7.123150471083026,11.738849091876487,2.9149934482150273
977.8579394395234,17.833322723726212,15.135163151903129,1.4198068585253825
438.0390034906025,7.74723240676461,6.709496443861896,2.7872112308885963
254.59000430162064,4.256324755945516,7.7545903670192535,1.0407712596081848

1.0,1.0,1728.5203906421284,74.47960935787232
65.36958137769177,3203.630418622309,1.0,1.0
1.0,1.0,40.81251166620381,1294.1874883337964
26.436727268824033,1067.5632727311756,1.0,1.0

Iteration: ,12500
Error:,0.02379822714662405
Absolute Error:,0.38904291392607915
Transition Probabilities
0.9698488377957679,0.009496398717345004,0.01717899141138577,0.0034757720755012466
0.9660362519595668,0.017129635229135257,0.015694787684618437,0.0011393251266797121
0.9672124290383064,0.013312345942586078,0.014270701593033565,0.005204523426073986
0.9495998978916376,0.022659892653576985,0.024457659633451614,0.003282549821333779

0.00044247787610619436,0.00044247787610619436,0.9563151740741173,0.04279987017367028
0.019828367850775127,0.9796847772319902,0.00024342745861733204,0.00024342745861733204
0.0006049606775559588,0.0006049606775559588,0.0289545687501321,0.969835509894756
0.023596771882599656,0.9749497397453073,0.0007267441860465118,0.0007267441860465118

Transition Gammas
826.9916047652129,8.097593881327352,14.64855255983864,2.963796227306706
1229.4979312389125,21.801305110836037,19.975139597846056,1.4500469143054977
563.733899735477,7.75902011547102,8.317591895506421,3.0334249221368665
301.081883184002,7.18458707507657,7.7545903670192535,1.0407712596081848

1.0,1.0,2161.272293407507,96.72770659249493
81.45493513098423,4024.5450648690157,1.0,1.0
1.0,1.0,47.861902143968365,1603.138097856032
32.469158110457116,1341.5308418895424,1.0,1.0

Iteration: ,15000
Error:,0.02304627114321184
Absolute Error:,0.38836831621983475
Transition Probabilities
0.9661043006319493,0.01237801203838821,0.017713681388171865,0.0038040059414906594
0.9664177383063053,0.016949820574864046,0.01505105838412915,0.0015813827347015963
0.9717420923438285,0.01225092825013089,0.011729303578537381,0.00427767582750321
0.955333048131482,0.021521439839561674,0.020406661174237197,0.0027388508547192426

0.00036927621861152106,0.00036927621861152106,0.9575408111462186,0.041720636416558425
0.019158896184945054,0.9804357531867616,0.00020267531414673722,0.00020267531414673722
0.0005073566717402332,0.0005073566717402332,0.029897006381377083,0.9690882802751425
0.023537547712702975,0.9752399583997665,0.0006112469437652814,0.0006112469437652814

Transition Gammas
1012.2463888243741,12.96919802394754,18.559704170899256,3.985688993229437
1469.3650465134724,25.77091966568018,22.88399542565456,2.404372791835016
689.0907117956408,8.687491191904664,8.317591895506421,3.0334249221368665
363.02932601675104,8.178209489504484,7.7545903670192535,1.0407712596081848

1.0,1.0,2593.0205165839625,112.97948341604032
94.52999377651877,4837.470006223474,1.0,1.0
1.0,1.0,58.92699957769425,1910.0730004223062
38.507428057982054,1595.4925719420173,1.0,1.0

Iteration: ,17500
Error:,0.02304091818130228
Absolute Error:,0.3879138495946803
Transition Probabilities
0.9662886827062948,0.01214914447714975,0.018318967775991696,0.0032432050405639306
0.9674170550068757,0.015612472996994678,0.015613445273825306,0.0013570267223043545
0.9718074417761631,0.013031091666338049,0.011288128776207518,0.003873337781291461
0.9583333595314243,0.022320619717033096,0.017056770662605723,0.0022892500889369048

0.0003174603174603171,0.0003174603174603171,0.9589934289715041,0.040371650393575334
0.01783758776695137,0.9818147070870125,0.00017385257301808074,0.00017385257301808074
0.00043252595155709317,0.00043252595155709317,0.0294126455106994,0.9697223025861864
0.023383916051449606,0.9755662151821461,0.0005249343832020998,0.0005249343832020998

Transition Gammas
1187.5062226330838,14.930511889963697,22.51282522038729,3.985688993229437
1720.189321380397,27.760942595310325,27.762671425924605,2.4129643616001797
787.6263509123346,10.561383599618493,9.14875446969532,3.1392462862330612
435.69106867971993,10.147715887572515,7.7545903670192535,1.0407712596081848

1.0,1.0,3020.829301260241,127.17069873976244
102.60180483550423,5647.398195164493,1.0,1.0
1.0,1.0,68.00203642073706,2241.9979635792643
44.546360078011496,1858.4536399219883,1.0,1.0

Iteration: ,20000
Error:,0.02269580146798746
Absolute Error:,0.38802908397874175
Transition Probabilities
0.9655787598309593,0.013436886844720523,0.01743772918894773,0.0035466241353725022
0.9700976800250443,0.014134619731274521,0.014124414761296293,0.00164328548238507
0.969093895549592,0.015527631860677193,0.011971633874662914,0.003406838715067913
0.9580300955609307,0.021358409377470175,0.01858208409711435,0.0020294109644847288

0.0002773925104022189,0.0002773925104022189,0.9577282564709713,0.04171695850822438
0.018391504363821823,0.9813036640556264,0.00015241579027587256,0.00015241579027587256
0.0003782148260211798,0.0003782148260211798,0.02914783342710389,0.9700957369208538
0.02408110122018364,0.9750031478640655,0.00045787545787545777,0.00045787545787545777

Transition Gammas
1355.8518897926256,18.86788440182076,24.48581002202856,4.980118905236468
1973.9862314646257,28.761582788038233,28.740817384054363,3.3438106114325423
892.975766407698,14.308003615502336,11.031313873168866,3.1392462862330612
499.68371350957966,11.139993787088038,9.69193434466889,1.058488258009315

1.0,1.0,3452.610364577854,150.38963542214898
120.66666013103499,6438.333339868966,1.0,1.0
1.0,1.0,77.06687158126272,2564.9331284187388
52.59312506488108,2129.4068749351195,1.0,1.0

Iteration: ,22500
Error:,0.021865225982836387
Absolute Error:,0.38803989084976753
Transition Probabilities
0.9672000285515472,0.012459612411575045,0.017216520155972265,0.0031238388809055814
0.9715353574169809,0.013311429040860703,0.013282979700133776,0.0018702338420245916
0.9701625370099781,0.01500390181832357,0.011747603274051307,0.003085957897646967
0.9546626714991149,0.020512152141510552,0.02302146534527035,0.0018037110141042405

0.0002465483234714004,0.0002465483234714004,0.9596728069732213,0.03983409637983584
0.018143019697210903,0.9815836068746864,0.00013668671405139414,0.00013668671405139414
0.0003328894806924098,0.0003328894806924098,0.029338667316259944,0.9699955537223551
0.02249946475607046,0.9766918009131572,0.0004043671653861704,0.0004043671653861704

Transition Gammas
1541.939687343433,19.863492865168453,27.447099796096587,4.980118905236468
2243.523053439824,30.73948642157505,30.67378963422835,4.318847181291651
986.9153249541295,15.262989523639341,11.950461144763104,3.1392462862330612
564.6361268184443,12.131931501737693,13.616067134819923,1.0668065603783596

1.0,1.0,3892.432905083386,161.56709491661417
132.73433210479502,7181.265667895208,1.0,1.0
1.0,1.0,88.13335661804496,2913.8666433819576
55.64117634176228,2415.358823658239,1.0,1.0

Iteration: ,25000
Error:,0.021858212349381394
Absolute Error:,0.38756975073983047
Transition Probabilities
0.966972908622264,0.01350814785773384,0.016675801168929052,0.0028431423510731613
0.9705398956418116,0.01429216784317887,0.013483670105544006,0.001684266409465472
0.9692940069639241,0.015038106045314106,0.01282793930924633,0.0028399476815153544
0.9598586288585099,0.01816660800135802,0.02037815324159969,0.0015966098985323194

0.00022094564737074697,0.00022094564737074697,0.9598371797089199,0.03972092899633848
0.018496676681418824,0.9812563792514123,0.0001234720335843931,0.0001234720335843931
0.00029940119760478993,0.00029940119760478993,0.027605110681411173,0.9717960869233793
0.022474957894632757,0.9767961791316063,0.00036443148688046625,0.00036443148688046625

Transition Gammas
1704.4851511798477,23.810840239830764,29.394469300039574,5.0116129178835465
2488.6879350363606,36.648411710383655,34.57523720803567,4.318847181291651
1106.6348253350084,17.168879346475617,14.645550550096667,3.242344411411673
641.3485744033845,12.138379333289866,13.616067134819923,1.0668065603783596

1.0,1.0,4344.223075362568,179.7769246374278
149.80458444281112,7947.195415557192,1.0,1.0
1.0,1.0,92.20106967591347,3245.798930324092
61.67128446287232,2680.3287155371295,1.0,1.0

Iteration: ,27500
Error:,0.021622779921410512
Absolute Error:,0.3872448745174217
Transition Probabilities
0.9683155790350741,0.012844339977349021,0.016216843108265083,0.0026232378793118183
0.971191786654909,0.014359879648497121,0.012920543365375252,0.001527790331218536
0.9702957409865591,0.014572372241564253,0.012525741914922736,0.0026061448569538216
0.9607455645604793,0.017893300125026407,0.019897833471142237,0.0014633018433519392

0.00020064205457463892,0.00020064205457463892,0.9590768037011815,0.04052191218966921
0.01932755912752342,0.98044754488687,0.00011244799280332837,0.00011244799280332837
0.000271296798697775,0.000271296798697775,0.02801373550430805,0.9714436708982964
0.022323930214185408,0.9770166566634935,0.000329706561160567,0.000329706561160567

Transition Gammas
1869.965136932916,24.804380394758056,31.317198545731657,5.06587262086925
2745.4218190677784,40.59334875757113,36.52454865963249,4.318847181291651
1207.1596729590626,18.129709702196976,15.58346581859026,3.242344411411673
704.4752605565142,13.120422027199869,14.590263995135674,1.0729791376552245

1.0,1.0,4780.038789646687,201.96121035331126
171.8799833210659,8719.120016678942,1.0,1.0
1.0,1.0,103.25862906887961,3580.7413709311254
67.70848033962436,2963.2915196603767,1.0,1.0

Iteration: ,30000
Error:,0.022149130570834525
Absolute Error:,0.38734296003288415
Transition Probabilities
0.9666125217604944,0.014167358920096927,0.016322526926764634,0.0028975923926441325
0.9708771877839383,0.014685550739533303,0.013039353105518462,0.0013979083710098658
0.9697428387745503,0.013479990512874601,0.014346934718555972,0.0024302359940191905
0.9624350224789995,0.016563432673782692,0.019647678455751924,0.0013538663914659005

0.00018439977872026548,0.00018439977872026548,0.9594049993978683,0.040226201044691184
0.019140279305005347,0.9806538746678228,0.00010292301358583766,0.00010292301358583766
0.0002485707183693758,0.0002485707183693758,0.02766809093671721,0.9718347676265441
0.021313652178368246,0.9780837566797216,0.00030129557095510696,0.00030129557095510696

Transition Gammas
2028.5709083732013,29.73217448233225,34.25509449687975,6.081000917860879
3008.9545141362364,45.51363936272569,40.41172342077684,4.332414806140277
1304.760975139652,18.13693781815128,19.303386202164017,3.2698123240414447
762.7582064065981,13.127010035076527,15.571365992440185,1.0729791376552245

1.0,1.0,5202.8533117346415,218.14668826536038
185.96695372743218,9528.03304627258,1.0,1.0
1.0,1.0,111.30872983841346,3909.691270161591
70.74001158000421,3246.259988419996,1.0,1.0

Iteration: ,32500
Error:,0.02218932883233916
Absolute Error:,0.3878244116911241
Transition Probabilities
0.9650381204652287,0.015787011351778298,0.016481927524652173,0.0026929406583407864
0.9699463383813721,0.015002257251764262,0.013473042794830381,0.001578361572033281
0.9684092567065254,0.014290799061182009,0.015059672214008033,0.0022402720182843794
0.9632086300567955,0.01635999443491921,0.019187394120372982,0.001243981387912348

0.00016989466530750933,0.00016989466530750933,0.9598424883073737,0.03981772236201129
0.01951345297953502,0.9802962158442183,9.516558812333447e-05,9.516558812333447e-05
0.00022914757103574668,0.00022914757103574668,0.028039953189388213,0.9715017516685404
0.020809540636271915,0.9786338214566866,0.00027831895352073476,0.00027831895352073476

Transition Gammas
2179.178244475508,35.64907018025171,37.21827887112798,6.081000917860879
3259.8496227985647,50.42042091205031,45.280951878193335,5.304645392876773
1422.7040058729337,20.994819009284058,22.12438164714434,3.291215932298876
830.8024342669925,14.111089515802911,16.549824456521012,1.0729791376552245

1.0,1.0,5649.632886177203,234.36711382279847
205.04736390895428,10300.95263609106,1.0,1.0
1.0,1.0,122.36635571849034,4239.633644281516
74.768679506125,3516.231320493875,1.0,1.0

Iteration: ,35000
Error:,0.021278260396939697
Absolute Error:,0.3878903572088565
Transition Probabilities
0.9672340386714972,0.014797515576177452,0.015444936455059635,0.0025235092972657426
0.9693295786467596,0.01531686625376304,0.013885228042851397,0.001468327056625906
0.9667704263700245,0.014602830851992772,0.016517152264615916,0.0021095905133668913
0.9636823582103624,0.016267364944777263,0.01888909204956606,0.0011611847952942718

0.00015832805573147557,0.00015832805573147557,0.9601741403040921,0.03950920358444489
0.019495002018623534,0.9803294670001583,8.776549060909243e-05,8.776549060909243e-05
0.00021294718909710354,0.00021294718909710354,0.028411790657113585,0.9711623149646922
0.020397736673512,0.9790845309941039,0.0002588661661920787,0.0002588661661920787

Transition Gammas
2330.78240818079,35.658162978949335,37.21827887112798,6.081000917860879
3501.9103273650026,55.335453800763474,50.16335470641732,5.304645392876773
1516.7212674423752,22.909703807596557,25.912993854591193,3.309638679404116
893.9660685576234,15.090524550518078,17.522586373307394,1.0771804604225312

1.0,1.0,6064.459870160647,249.540129839354
222.12605300019675,11169.873946999815,1.0,1.0
1.0,1.0,133.42176892580562,4560.578231074202
78.79645676977684,3782.2035432302227,1.0,1.0

Iteration: ,37500
Error:,0.02235513038596615
Absolute Error:,0.38802904708503294
Transition Probabilities
0.9672363173718559,0.014145726768755789,0.015864769821278227,0.0027531860381101556
0.9681779475675601,0.01602815541676185,0.014177489621503385,0.0016164073941745663
0.9660694645390668,0.014242790797625457,0.017115684535954315,0.002572060127353439
0.964162307808001,0.015177769052928268,0.019573522559637135,0.0010864005794335595

0.0001477541371158392,0.0001477541371158392,0.9599998421321112,0.03970464959365704
0.019578237883227063,0.980257383058665,8.218952905399835e-05,8.218952905399835e-05
0.0001982946658734877,0.0001982946658734877,0.028848167049818664,0.9707552436184342
0.02043504928536222,0.979083139102978,0.0002409058058299205,0.0002409058058299205

Transition Gammas
2506.0245608681294,36.65033878189576,41.10422872940767,7.133263824181574
3758.707095213546,62.225277532428244,55.04053357809271,6.275294698153225
1619.154532640641,23.871243346285368,28.686279002576914,4.310831639229577
959.0254423017418,15.096904910367861,19.46923871441902,1.0806124526656091

1.0,1.0,6497.27893155013,268.7210684498709
238.20842032522418,11926.791579674802,1.0,1.0
1.0,1.0,145.48130643223573,4895.518693567771
84.82588958353858,4064.1741104164616,1.0,1.0

Iteration: ,37803
Error:,0.02218385541386073
Absolute Error:,0.38838668132604154
Transition Probabilities
0.9670684320151726,0.014055182281004787,0.016140869364929814,0.002735516338892809
0.9682049488809116,0.016139456133486822,0.01405334194635425,0.0016022530392472824
0.9656959402072067,0.014162074443127783,0.01758456847974017,0.0025574168699253603
0.9624254440616227,0.016061871277977563,0.02043261323768629,0.0010800714227134592

0.00014671361502347413,0.00014671361502347413,0.9598388645186113,0.03986770825134172
0.019485263030233867,0.9803518307223116,8.145312372729479e-05,8.145312372729479e-05
0.00019665683382497513,0.00019665683382497513,0.02939759000800527,0.9702090963243448
0.020503643277718416,0.9790185736358029,0.00023889154323936931,0.00023889154323936931

*,*,*,*,*,*,*,*,*,*,*
Model Num 2
Model States: 
"['square', 'y', 'diamond']","['square', 'y', 'square']","['diamond', 'y', 'diamond']","['diamond', 'y', 'square', 'y', 'square']"
Iteration: ,37803
Error:,0.022510439246728516
Transition Probabilities
0.9670684320151726,0.014055182281004787,0.016140869364929814,0.002735516338892809
0.9682049488809116,0.016139456133486822,0.01405334194635425,0.0016022530392472824
0.9656959402072067,0.014162074443127783,0.01758456847974017,0.0025574168699253603
0.9624254440616227,0.016061871277977563,0.02043261323768629,0.0010800714227134592

0.00014671361502347413,0.00014671361502347413,0.9598388645186113,0.03986770825134172
0.019485263030233867,0.9803518307223116,8.145312372729479e-05,8.145312372729479e-05
0.00019665683382497513,0.00019665683382497513,0.02939759000800527,0.9702090963243448
0.020503643277718416,0.9790185736358029,0.00023889154323936931,0.00023889154323936931

Transition Gammas
2521.7741029446433,36.65096855094966,42.089706390968146,7.133263824181574
3792.0173865249253,63.21089180341099,55.04053357809271,6.275294698153225
1627.7958677273755,23.871868252883477,29.64089079731278,4.310831639229577
962.9075427275058,16.069916999090275,20.442848353188662,1.0806124526656091

1.0,1.0,6542.261700558857,271.7382994411453
239.22057422218163,12035.779425777842,1.0,1.0
1.0,1.0,149.486745190707,4933.513254809301
85.82825076052929,4098.171749239471,1.0,1.0

