0,1,2,3,4,5,6,7,8,9,10,11,12,13,14,15,16,17,18,19,20,21,22,23,24,25,26,27,28,29
github Code Version (SHA):,cd93f48c3be2409aefa56252372b16f046dc3cc1
Environment Observations,Environment Actions,alpha,epsilon,numActions,explore,patience,gainThresh,insertRandActions,useBudd,revisedSplitting,haveControl,confidence_factor
"['square', 'diamond']","['x', 'y']",0.99,0.99,75000,0.5,0,0.01,False,True,False,False,250

Model Num 0
Model States: 
['square'],['diamond']
Iteration: ,0
Error:,0.6761136303543611
Absolute Error:,1
Transition Probabilities
0.5,0.5
0.5,0.5

0.5,0.5
0.5,0.5

Transition Gammas
1.0,1.0
1.0,1.0

1.0,1.0
1.0,1.0

Iteration: ,2500
Error:,0.2569972777823376
Absolute Error:,1
Transition Probabilities
0.9839357429718876,0.01606425702811245
0.9794661190965093,0.02053388090349076

0.22580645161290322,0.7741935483870968
0.34120171673819744,0.6587982832618026

Transition Gammas
735.0,12.0
477.0,10.0

182.0,624.0
159.0,307.0

Iteration: ,2643
Error:,0.2697264021859362
Absolute Error:,1
Transition Probabilities
0.9822335025380711,0.017766497461928935
0.9784313725490196,0.021568627450980392

0.22679200940070504,0.7732079905992949
0.344,0.656


Model Num 1
Model States: 
['diamond'],"['square', 'y', 'diamond']","['square', 'y', 'square']"
Iteration: ,0
Error:,0.6156822978665785
Absolute Error:,1
Transition Probabilities
0.3333333333333333,0.3333333333333333,0.3333333333333333
0.3333333333333333,0.3333333333333333,0.3333333333333333
0.3333333333333333,0.3333333333333333,0.3333333333333333

0.3333333333333333,0.3333333333333333,0.3333333333333333
0.3333333333333333,0.3333333333333333,0.3333333333333333
0.3333333333333333,0.3333333333333333,0.3333333333333333

Transition Gammas
1.0,1.0,1.0
1.0,1.0,1.0
1.0,1.0,1.0

1.0,1.0,1.0
1.0,1.0,1.0
1.0,1.0,1.0

Iteration: ,2500
Error:,0.1290099625805414
Absolute Error:,1
Transition Probabilities
0.023305084745762726,0.9535830097000569,0.023111905554180426
0.014604340405044425,0.9594866283221161,0.025909031272839556
0.030322108621158344,0.9561232239828837,0.013554667395957929

0.6412825651302605,0.015119526919150125,0.34359790795058937
0.9968304278922345,0.001584786053882726,0.001584786053882726
0.001876172607879924,0.04043318034554812,0.9576906470465719

Transition Gammas
11.0,450.0911805784266,10.908819421573154
2.9265105843542276,192.26803097256905,5.191816415354158
4.675929053285336,147.44239648369216,2.0902458953713077

320.0,7.544643932655912,171.4553560673441
629.0,1.0,1.0
1.0,21.550885124177157,510.44911487582306

Iteration: ,5000
Error:,0.1267741699476299
Absolute Error:,1
Transition Probabilities
0.01863354037267081,0.9617370469239375,0.019629412703391743
0.013902781322151947,0.9689152244700281,0.01718199420781992
0.02490950831157219,0.9590834922906376,0.016006999397790062

0.6548582995951417,0.012756120385943611,0.3323855800189147
0.9984301412872841,0.0007849293563579278,0.0007849293563579278
0.000972762645914396,0.03474081219032462,0.964286425163761

Transition Gammas
18.0,929.0379873285234,18.96201267147642
5.811689674859508,405.0293589020534,7.182477809096877
7.607903375457768,292.92487218440937,4.888884325862922

647.0,12.603046941312288,328.39695305868776
1272.0,1.0,1.0
1.0,35.71355493165374,991.2864450683471

Iteration: ,7500
Error:,0.12069114630656118
Absolute Error:,1
Transition Probabilities
0.018893387314439947,0.9622062469222523,0.018900365763307742
0.012359518765480148,0.9699013132190285,0.017739168015491396
0.018597824077702885,0.9666217984450004,0.014780377477296745

0.6605691056910569,0.009240006995552627,0.33019088731339036
0.9989674754775426,0.0005162622612287042,0.0005162622612287042
0.0006729475100942131,0.03221220229556094,0.967114850194345

Transition Gammas
28.0,1425.989657938778,28.010342061222076
7.7517095191661625,608.307927273868,11.125746898158503
8.59081433112618,446.50752497525247,6.827437345406857

975.0,13.638250325435678,487.3617496745642
1935.0,1.0,1.0
1.0,47.86733261120352,1437.1326673887957

Iteration: ,10000
Error:,0.1230980765946721
Absolute Error:,1
Transition Probabilities
0.019687026754164554,0.9626165160336719,0.017696457212163494
0.0162286080097065,0.9681556029169107,0.015615789073382808
0.017106498363285542,0.9702366290355527,0.012656872601161785

0.6643145161290323,0.009912187359651133,0.32577329651131665
0.9992257065427798,0.00038714672861014324,0.00038714672861014324
0.0005107252298263535,0.029616535793562365,0.9698727389766113

Transition Gammas
39.0,1906.943318262705,35.0566817372959
13.622231340034377,812.666101011034,13.107833474538943
10.5405956605922,597.8354999705233,7.798847758510571

1318.0,19.665779721547846,646.3342202784522
2581.0,1.0,1.0
1.0,57.98917708379509,1899.0108229162042

Iteration: ,12242
Error:,0.12844720063081594
Absolute Error:,1
Transition Probabilities
0.020424836601307183,0.9627904788437353,0.016784684554957692
0.01714390915317129,0.9681335429084139,0.014722547938414734
0.014053106548591845,0.9677789373297951,0.018167956121613073

0.666804293971924,0.008955264364563028,0.3242404416635129
0.9993700787401575,0.00031496062992125983,0.00031496062992125983
0.000420698359276399,0.030750634029699877,0.9688286676110238


Model Num 2
Model States: 
"['square', 'y', 'diamond']","['square', 'y', 'square']","['diamond', 'y', 'diamond']","['diamond', 'y', 'square', 'y', 'square']"
Iteration: ,0
Error:,0.6756642150346434
Absolute Error:,0.74
Transition Probabilities
0.25,0.25,0.25,0.25
0.25,0.25,0.25,0.25
0.25,0.25,0.25,0.25
0.25,0.25,0.25,0.25

0.25,0.25,0.25,0.25
0.25,0.25,0.25,0.25
0.25,0.25,0.25,0.25
0.25,0.25,0.25,0.25

Transition Gammas
1.0,1.0,1.0,1.0
1.0,1.0,1.0,1.0
1.0,1.0,1.0,1.0
1.0,1.0,1.0,1.0

1.0,1.0,1.0,1.0
1.0,1.0,1.0,1.0
1.0,1.0,1.0,1.0
1.0,1.0,1.0,1.0

Iteration: ,2500
Error:,0.03242526356416116
Absolute Error:,0.3939759517724457
Transition Probabilities
0.9648831447614312,0.0064606514718302845,0.02205687544434731,0.006599328322391209
0.9523413745891197,0.019394138955399282,0.015290212929582221,0.012974273525898626
0.9284178672970412,0.042864820542317376,0.009938572497989297,0.018778739662652148
0.9533353362291487,0.018578720859813734,0.014042971455518838,0.014042971455518838

0.0021786492374727662,0.0021786492374727662,0.948322469691243,0.04732023183381145
0.016872046171071298,0.9805704090718954,0.0012787723785166241,0.0012787723785166241
0.002873563218390805,0.002873563218390805,0.02780327307179077,0.9664496004914277
0.017531678045110424,0.9755954697212127,0.0034364261168384888,0.0034364261168384888

Transition Gammas
161.88934947591508,1.0839765101543162,3.700731261130642,1.1072438925793948
261.3746832093823,5.322814970391544,4.196472680185508,3.5608519415285436
93.41561552072717,4.312975585879108,1.0,1.8894805734376172
67.88700947294821,1.3229907159365735,1.0,1.0

1.0,1.0,435.28001358828067,21.71998641171946
13.193940105777754,766.8060598942222,1.0,1.0
1.0,1.0,9.675539028983186,336.3244609710168
5.101718311127132,283.8982816888728,1.0,1.0

Iteration: ,5000
Error:,0.02682883040019282
Absolute Error:,0.39114136160093593
Transition Probabilities
0.9738573761339482,0.006118733822254312,0.013611044987242794,0.006412845056554693
0.9616733633872764,0.015194325120430306,0.015849896916871043,0.007282414575422275
0.9456733967682663,0.026338956643396534,0.007875926332579474,0.020111720255757554
0.9548820852013141,0.00956305364138359,0.0283483127233391,0.007206548433963168

0.0010964912280701756,0.0010964912280701756,0.9528780141417392,0.04492900340212043
0.016802142156695066,0.9819174481121911,0.0006402048655569788,0.0006402048655569788
0.0014326647564469916,0.0014326647564469916,0.035484047431336485,0.9616506230557694
0.0123120812106764,0.9842277111768669,0.0017301038062283738,0.0017301038062283738

Transition Gammas
329.0420439614876,2.0673670833848306,4.59883158746864,2.166739911540031
527.1495909788492,8.328901035817609,8.688258399251032,3.991918681464287
191.6065672605748,5.336638510624192,1.5957720855211024,4.074913911166065
132.5020006389087,1.3269949864368686,3.933687948274738,1.0

1.0,1.0,869.024748897266,40.97525110273383
26.244946048757676,1533.7550539512413,1.0,1.0
1.0,1.0,24.767865107072865,671.232134892927
7.1163829397709595,568.8836170602291,1.0,1.0

Iteration: ,7500
Error:,0.022109045541632334
Absolute Error:,0.3864262597899809
Transition Probabilities
0.9723617751353879,0.008079667565197702,0.012608057650404977,0.006950499649009356
0.9684572523236545,0.01428243452933205,0.012217824162088583,0.005042488984924826
0.9626710717626739,0.018130075813314318,0.005402696038922932,0.013796156385089065
0.9661541029625924,0.006205206630374848,0.022670429755801205,0.004970260651231614

0.0007396449704142011,0.0007396449704142011,0.952508525273252,0.04601218478591946
0.01816775433120956,0.9810122374687084,0.00041000410004100066,0.00041000410004100066
0.0009727626459143973,0.0009727626459143973,0.02904818706694704,0.9690062876412242
0.01786507085538277,0.9797736540560694,0.001180637544273909,0.001180637544273909

Transition Gammas
482.1369613706812,4.006231495707731,6.251593552724999,3.44634360016339
766.6853828155668,11.306780715809769,9.672318703183892,3.991918681464287
284.3401910435462,5.355005849456597,1.5957720855211024,4.074913911166065
206.90653785090115,1.3288747795029818,4.8549813305988625,1.0644051714001936

1.0,1.0,1287.791526169437,62.20847383056312
44.311152813820094,2392.6888471861785,1.0,1.0
1.0,1.0,29.861536304821545,996.1384636951781
15.131715014509192,829.86828498549,1.0,1.0

Iteration: ,10000
Error:,0.023799163109560616
Absolute Error:,0.38747826740141345
Transition Probabilities
0.9690266827797228,0.010972762050971188,0.014555337238914154,0.005445217930391897
0.9657308302803285,0.017449096721778197,0.012912544289163696,0.003907528708729782
0.9639551513231865,0.015479582372665671,0.007237529415189723,0.013327736888958087
0.9631915883212335,0.012813329445096841,0.020298222064193648,0.003696860169475919

0.0005521811154058533,0.0005521811154058533,0.9516812405750046,0.04721439719418378
0.01994255828793994,0.9794474996565553,0.00030497102775236385,0.00030497102775236385
0.000733675715333823,0.000733675715333823,0.028563743821142573,0.9699689047481899
0.020674199277033876,0.9775400864372519,0.000892857142857143,0.000892857142857143

Transition Gammas
613.3085854922069,6.944792431431412,9.212247146541921,3.44634360016339
1008.7700285219167,18.226741081260087,13.488010595135606,4.081673405633474
393.58969396122035,6.320422771061376,2.9551343583253424,5.441809067693816
277.3234746943721,3.689231807257916,5.844292600988506,1.0644051714001936

1.0,1.0,1723.4947266813328,85.5052733186668
65.39164862615499,3211.6083513738417,1.0,1.0
1.0,1.0,38.93238282821729,1322.0676171717816
23.155103190277934,1094.8448968097218,1.0,1.0

Iteration: ,12500
Error:,0.022876369935229686
Absolute Error:,0.3876194257205222
Transition Probabilities
0.9670469933018091,0.013511126478599204,0.01369335863382363,0.005748521585768172
0.9651213673107637,0.017720089726340368,0.01398234077400672,0.0031762021888890827
0.9677806139382749,0.014118433881042329,0.006186715214535157,0.011914236966147719
0.9614302901690296,0.01334768815965432,0.019599627469212233,0.005622394202103923

0.00044247787610619496,0.00044247787610619496,0.9527525437236711,0.046362500524116446
0.021357787209134955,0.978153931540865,0.0002441406249999999,0.0002441406249999999
0.0005899705014749267,0.0005899705014749267,0.028309626424978182,0.9705104325720719
0.018662117647446897,0.9799123656027313,0.0007127583749109053,0.0007127583749109053

Transition Gammas
776.8432431850209,10.853688999002218,11.000078801625758,4.6178729504756655
1262.3711542817684,23.177737929631803,18.28879171085682,4.154447470780262
499.84457783775713,7.291965267088918,3.1953482122643426,6.153529695504869
335.24555239467924,4.654266810637433,6.8342842999993145,1.9604985086683604

1.0,1.0,2153.2207488154954,104.77925118450311
87.48149640861682,4006.518503591385,1.0,1.0
1.0,1.0,47.98481679033799,1645.0151832096608
26.182951059367994,1374.8170489406318,1.0,1.0

Iteration: ,15000
Error:,0.021232634638018177
Absolute Error:,0.3863145309128662
Transition Probabilities
0.9693598525336247,0.012921037598398735,0.013066118044462881,0.004652991823513754
0.9678648822682897,0.017871501995100507,0.011623290877904683,0.0026403248587050653
0.9683127092733403,0.01351972357315628,0.008093619130294993,0.010073948023208363
0.9644343570365332,0.012986820753111614,0.01805421976733808,0.004524602443017106

0.0003680529996319474,0.0003680529996319474,0.9536237342701873,0.045640159730548725
0.020677852027994274,0.9789109637614793,0.00020559210526315777,0.00020559210526315777
0.000489236790606654,0.000489236790606654,0.025466139673689006,0.9735553867450977
0.016788207583256262,0.9820213162262675,0.0005952380952380954,0.0005952380952380954

Transition Gammas
962.0435221207247,12.823514908449999,12.967500346837603,4.6178729504756655
1522.897380956594,28.120106515606345,18.28879171085682,4.154447470780262
591.4802217880203,8.258333305946383,4.943873598279176,6.153529695504869
417.8869066378887,5.627155764394829,7.822846620184995,1.9604985086683604

1.0,1.0,2590.9956860120965,124.00431398790076
100.5770722641642,4761.422927735838,1.0,1.0
1.0,1.0,52.052789493020285,1989.947210506978
28.204188739870514,1649.795811260129,1.0,1.0

Iteration: ,17500
Error:,0.02091341120725833
Absolute Error:,0.386000641419365
Transition Probabilities
0.9707147117121722,0.01261060353383134,0.012737094543993872,0.003937590210002652
0.9691792224545019,0.016435080435821408,0.012091710430118268,0.002293986679558394
0.9688987773532886,0.012910647191900554,0.008013415745327926,0.01017715970948306
0.9649836359323277,0.013284852473642712,0.01777632610510985,0.003955185488919664

0.0003163555836760522,0.0003163555836760522,0.9553179818213186,0.04404930701132945
0.020701002602149257,0.9789471325139661,0.00017593244194229418,0.00017593244194229418
0.00041999160016799694,0.00041999160016799694,0.026080970583436766,0.9730790462162271
0.016449601950191663,0.982529469004377,0.0005104645227156713,0.0005104645227156713

Transition Gammas
1138.4214635787112,14.789290363461506,14.937634752581546,4.6178729504756655
1775.7361116856816,30.11245510859781,22.15450596271465,4.20305645461668
691.626661125069,9.215975929590867,5.720197099729985,7.264737198692735
478.3211772076581,6.585009359338476,8.811334112218717,1.9604985086683604

1.0,1.0,3019.7601405371847,139.23985946281223
117.66449879061635,5564.3355012093825,1.0,1.0
1.0,1.0,62.09879095916289,2316.901209040835
32.22477022042547,1924.7752297795746,1.0,1.0

Iteration: ,20000
Error:,0.019626496675462873
Absolute Error:,0.38619704929913273
Transition Probabilities
0.9702975336841546,0.01454389124152647,0.011687663146280267,0.0034709119280387033
0.9692005483931404,0.01583829084710645,0.012486087100041132,0.0024750736597118077
0.9687681239742709,0.012203296171663497,0.007637009336973654,0.011391570517091804
0.9652628387121523,0.013593881183407422,0.01761853003605754,0.0035247500683825424

0.00027693159789532023,0.00027693159789532023,0.957494086311613,0.04195205049259641
0.02043305678453576,0.9792591088303635,0.00015391719255040788,0.00015391719255040788
0.000368731563421829,0.000368731563421829,0.027339071383930658,0.9719234654892256
0.016700109308708654,0.9824030297047442,0.0004484304932735429,0.0004484304932735429

Transition Gammas
1314.8138521128587,19.707882380546717,15.837514648945255,4.703302774687412
2023.7309081337107,33.07100761802192,26.071467280838867,5.16805636704472
808.205643336847,10.180736328099208,6.371260461210453,9.503545121420363
536.8880967598808,7.561042136333599,9.799588961060703,1.9604985086683604

1.0,1.0,3457.5111456712298,151.48885432876543
132.75356992912884,6362.246430070872,1.0,1.0
1.0,1.0,74.14356159321991,2635.856438406779
37.241243758420275,2190.7587562415783,1.0,1.0

Iteration: ,22500
Error:,0.02001490426755903
Absolute Error:,0.3862884693482102
Transition Probabilities
0.9701512090794652,0.014977427992454202,0.011764213158427066,0.0031071497696534517
0.9676158641581452,0.017001867521277123,0.013154890069784753,0.002227378250792884
0.9680701553661977,0.012859520152762392,0.008164225317039335,0.010906099164000538
0.9673987954374402,0.012144707204210195,0.017243846749128898,0.0032126506092205265

0.00024660912453760826,0.00024660912453760826,0.955688163110281,0.043818618640643806
0.020971189438391238,0.9787561824263853,0.0001363140676117774,0.0001363140676117774
0.0003282994090610637,0.0003282994090610637,0.026985365802459516,0.9723580353794183
0.017995732921911534,0.9812090384498579,0.00039761431411530827,0.00039761431411530827

Transition Gammas
1468.5210600706607,22.671381766849137,17.807527957114004,4.703302774687412
2273.6413395966474,39.949891561930166,30.910512103410177,5.2337497322113755
900.8000891038205,11.965927092400491,7.596902819786579,10.148247050329243
602.6098909477967,7.565153810857003,10.74149839551363,2.0012171220456616

1.0,1.0,3875.3155014121835,177.68449858781034
153.84464572003824,7180.155354279968,1.0,1.0
1.0,1.0,82.19742423429167,2961.802575765708
45.259268298607495,2467.7407317013917,1.0,1.0

Iteration: ,25000
Error:,0.020886212144094717
Absolute Error:,0.3866704303177305
Transition Probabilities
0.9695313765881328,0.014417523999041065,0.012093731217511285,0.003957368195314813
0.9673984565927968,0.017599850275540757,0.012982944821721644,0.002018748309940974
0.9661070445893308,0.013290778063736354,0.009211357735614822,0.011390819611318121
0.9686367094056177,0.010658527953040972,0.017791353740203374,0.0029134089011377705

0.00022133687472332896,0.00022133687472332896,0.957299860255957,0.04225746599459624
0.02040034905827758,0.9793522792657793,0.00012368583797155215,0.00012368583797155215
0.00029437739181630853,0.00029437739181630853,0.02804532348128929,0.9713659217350781
0.01772593570480801,0.9815546398347603,0.0003597122302158275,0.0003597122302158275

Transition Gammas
1657.6836298367487,24.650768498172773,20.677598216019916,6.766221942909587
2520.4961662452624,45.85530899256286,33.82625062787064,5.259722445435018
1010.2999152652637,13.898741373229557,9.632715123949382,11.911872656935692
687.837663072889,7.568716824200763,12.633800743597563,2.068837935498065

1.0,1.0,4325.080768636413,190.91923136358577
164.93682213617438,7918.063177863833,1.0,1.0
1.0,1.0,95.2699638659397,3299.73003613406
49.27810125936624,2728.7218987406322,1.0,1.0

Iteration: ,27500
Error:,0.020301292871573406
Absolute Error:,0.3870862174785733
Transition Probabilities
0.968448615629695,0.014519844724653834,0.01290436722619769,0.00412717241945354
0.9667727898895141,0.018501129666291385,0.012545559024815084,0.002180521419379298
0.966576612873279,0.013492739875181145,0.009783017640059215,0.010147629611480812
0.967474448235805,0.013061829863883467,0.015766873179258487,0.0036968487210531386

0.00020016012810248205,0.00020016012810248205,0.9585324922555211,0.04106718748827394
0.021093754441665048,0.9786794624763528,0.00011339154099104191,0.00011339154099104191
0.00026666666666666657,0.00026666666666666657,0.029427509609710047,0.9700391570569566
0.016868330519124747,0.9824739910856105,0.000328839197632358,0.000328839197632358

Transition Gammas
1840.8276858089312,27.599329206960945,24.528628648392004,7.844931709564367
2757.5417191644437,52.77107241743936,35.78390161882939,6.219536633997792
1134.6233521070112,15.838555932754648,11.483870104708664,11.911872656935692
775.2253261992682,10.46628294468445,12.633800743597563,2.9622392208018873

1.0,1.0,4788.828331308581,205.17166869141653
186.02582042104433,8630.974179578969,1.0,1.0
1.0,1.0,110.35316103641271,3637.646838963589
51.296593108658314,2987.7034068913395,1.0,1.0

Iteration: ,30000
Error:,0.020736485826446976
Absolute Error:,0.3870823264740174
Transition Probabilities
0.9678495924873657,0.014214927163617797,0.01368758779339511,0.004247892555621559
0.968382612590566,0.017852217193905923,0.011773516326185627,0.001991653889342448
0.963911740786004,0.01471103369323864,0.010963975090153602,0.010413250430603826
0.9701107355855709,0.012005731059138231,0.014486818289640487,0.0033967150656504077

0.00018341892883345578,0.00018341892883345578,0.9582981613753555,0.0413350007669775
0.021188773624176975,0.9786025887793282,0.00010431879824744412,0.00010431879824744412
0.0002437241043139166,0.0002437241043139166,0.030081203600470133,0.969431348190902
0.016317656597065036,0.9830815623876151,0.00030039050765995806,0.00030039050765995806

Transition Gammas
2013.0137976125584,29.565383644870124,28.468579516912147,8.835119001564797
3024.065158591384,55.74890267316523,36.76633600522748,6.219536633997792
1227.257142742,18.730160048080094,13.95938670823144,13.258201378166381
846.023294250702,10.470070856817316,12.633800743597563,2.9622392208018873

1.0,1.0,5224.641575818433,225.3584241815611
203.11558396136058,9380.884416038645,1.0,1.0
1.0,1.0,123.42317837272898,3977.576821627272
54.32147881162948,3272.6785211883694,1.0,1.0

Iteration: ,32500
Error:,0.02199675528321616
Absolute Error:,0.38735739596896374
Transition Probabilities
0.9665938072110014,0.015209945328066299,0.014263095962206354,0.0039331514987259696
0.9690590671275958,0.017075765504312338,0.012017719751108208,0.001847447616983435
0.9644507137012507,0.013638448610808748,0.011291542677365127,0.010619295010575529
0.9683031935796486,0.01312628064103548,0.015377828029104517,0.003192697750211395

0.00016975046681378387,0.00016975046681378387,0.9586580427920868,0.0410024562742856
0.020685360043054775,0.9791224062006976,9.611687812379846e-05,9.611687812379846e-05
0.00022517451024544022,0.00022517451024544022,0.030060360464036814,0.9694892905154724
0.015935720817630936,0.9835084148132752,0.0002779321845469707,0.0002779321845469707

Transition Gammas
2191.1397379862055,34.47892524480927,32.332543532092714,8.915931883781662
3276.9015553165445,57.742200075750425,40.63827054474025,6.2471981067194795
1325.1603549394063,18.739300147918733,15.514639047470926,14.590967216370972
914.8335946194362,12.401448825578255,14.528666007284027,3.0163973213406794

1.0,1.0,5647.454530088179,241.5454699118163
215.21048588794207,10186.789514112066,1.0,1.0
1.0,1.0,133.4980608207875,4305.501939179213
57.336723501836076,3538.663276498162,1.0,1.0

Iteration: ,34773
Error:,0.020521733204061202
Absolute Error:,0.3871930811314561
Transition Probabilities
0.9673255744261972,0.014726624393550197,0.013833722181496425,0.004114078998756331
0.9699655564037383,0.016797007974862683,0.011245172571200729,0.0019922630501983604
0.9656290304274953,0.01333749066541824,0.010856543565326402,0.0101769353417602
0.9671355437922102,0.014342993825251149,0.015505265157779599,0.0030161972247590035

0.00015875535799333247,0.00015875535799333247,0.9587648764890764,0.040917612794937046
0.020785184885018904,0.9790358602116167,8.947745168217602e-05,8.947745168217602e-05
0.00021101498206372644,0.00021101498206372644,0.030291832287427663,0.9692861377484449
0.015427185345754366,0.9840529290290831,0.0002599428125812323,0.0002599428125812323

*,*,*,*,*,*,*,*,*,*,*
Model Num 2
Model States: 
"['square', 'y', 'diamond']","['square', 'y', 'square']","['diamond', 'y', 'diamond']","['diamond', 'y', 'square', 'y', 'square']"
Iteration: ,34773
Error:,0.02139839364198254
Transition Probabilities
0.9673255744261972,0.014726624393550197,0.013833722181496425,0.004114078998756331
0.9699655564037383,0.016797007974862683,0.011245172571200729,0.0019922630501983604
0.9656290304274953,0.01333749066541824,0.010856543565326402,0.0101769353417602
0.9671355437922102,0.014342993825251149,0.015505265157779599,0.0030161972247590035

0.00015875535799333247,0.00015875535799333247,0.9587648764890764,0.040917612794937046
0.020785184885018904,0.9790358602116167,8.947745168217602e-05,8.947745168217602e-05
0.00021101498206372644,0.00021101498206372644,0.030291832287427663,0.9692861377484449
0.015427185345754366,0.9840529290290831,0.0002599428125812323,0.0002599428125812323

Transition Gammas
2329.9856464079194,35.47184563725252,33.3211226617277,9.909533324368722
3505.3017150812575,60.70172334863004,40.63827054474025,7.199722753708304
1426.366262867205,19.70129948147544,16.036600997873947,15.03272662011959
967.1997042240087,14.343945349246951,15.506293787648554,3.0163973213406794

1.0,1.0,6039.259957004684,257.7400429953081
232.29522627497144,10941.704773725038,1.0,1.0
1.0,1.0,143.55299321011975,4593.447006789882
59.348382025117004,3785.65161797488,1.0,1.0

