0,1,2,3,4,5,6,7,8,9,10,11,12,13,14,15,16,17,18,19,20,21,22,23,24,25,26,27,28,29
github Code Version (SHA):,cd93f48c3be2409aefa56252372b16f046dc3cc1
Environment Observations,Environment Actions,alpha,epsilon,numActions,explore,patience,gainThresh,insertRandActions,useBudd,revisedSplitting,haveControl,confidence_factor
"['square', 'diamond']","['x', 'y']",0.99,0.99,75000,0.5,0,0.01,False,True,False,False,250

Model Num 0
Model States: 
['square'],['diamond']
Iteration: ,0
Error:,0.6719113694738963
Absolute Error:,1
Transition Probabilities
0.5,0.5
0.5,0.5

0.5,0.5
0.5,0.5

Transition Gammas
1.0,1.0
1.0,1.0

1.0,1.0
1.0,1.0

Iteration: ,2463
Error:,0.26200557862582574
Absolute Error:,1
Transition Probabilities
0.9896755162241888,0.01032448377581121
0.668,0.332

0.022284122562674095,0.9777158774373259
0.6544502617801047,0.34554973821989526


Model Num 1
Model States: 
['square'],"['diamond', 'x', 'square']","['diamond', 'x', 'diamond']"
Iteration: ,0
Error:,0.708631481069124
Absolute Error:,1
Transition Probabilities
0.3333333333333333,0.3333333333333333,0.3333333333333333
0.3333333333333333,0.3333333333333333,0.3333333333333333
0.3333333333333333,0.3333333333333333,0.3333333333333333

0.3333333333333333,0.3333333333333333,0.3333333333333333
0.3333333333333333,0.3333333333333333,0.3333333333333333
0.3333333333333333,0.3333333333333333,0.3333333333333333

Transition Gammas
1.0,1.0,1.0
1.0,1.0,1.0
1.0,1.0,1.0

1.0,1.0,1.0
1.0,1.0,1.0
1.0,1.0,1.0

Iteration: ,2500
Error:,0.24571636851921336
Absolute Error:,1
Transition Probabilities
0.9764890282131662,0.017480167678452455,0.0060308041083814035
0.9964726631393298,0.001763668430335097,0.001763668430335097
0.0037453183520599243,0.9808214254539679,0.015433256193972148

0.010723860589812333,0.5677085191791298,0.4215676202310578
0.7167173425622549,0.27159406055300794,0.011688596884737041
0.3333333333333333,0.3333333333333333,0.3333333333333333

Transition Gammas
623.0,11.152346978852666,3.8476530211473357
565.0,1.0,1.0
1.0,261.8793205962095,4.1206794037905645

8.0,423.5105553076308,314.48944469236915
155.40915588981352,58.891003731451654,2.53449284330036
1.0,1.0,1.0

Iteration: ,5000
Error:,0.24489688299377868
Absolute Error:,1
Transition Probabilities
0.978955007256894,0.016690832884923977,0.004354159858181972
0.998193315266486,0.0009033423667570009,0.0009033423667570009
0.001831501831501831,0.9869322527645642,0.01123624540393393

0.01457321304649549,0.5378550050409191,0.4475717819125854
0.7357917752431357,0.2565368705994168,0.007671354157447532
0.3333333333333333,0.3333333333333333,0.3333333333333333

Transition Gammas
1349.0,22.999967715425242,6.0000322845747585
1105.0,1.0,1.0
1.0,538.8650100094521,6.134989990547927

21.0,775.0490622639644,644.9509377360356
287.76009747404186,100.32875790841825,3.000182516820804
1.0,1.0,1.0

Iteration: ,7500
Error:,0.243787234512023
Absolute Error:,1
Transition Probabilities
0.9818094782192437,0.014791859334382994,0.0033986624463733482
0.9987856709168185,0.0006071645415907711,0.0006071645415907711
0.0012453300124533003,0.9873655184888082,0.011389151498738589

0.013908205841446454,0.5397372200743857,0.44635457408416784
0.7508411661650753,0.24220795507855686,0.006950878756367775
0.3333333333333333,0.3333333333333333,0.3333333333333333

Transition Gammas
2051.0,30.900194149526076,7.099805850473924
1645.0,1.0,1.0
1.0,792.8545113465128,9.145488653487085

30.0,1164.2131837004501,962.7868162995501
435.57688661064066,140.50932705819847,4.03233368699057
1.0,1.0,1.0

Iteration: ,10000
Error:,0.2450749777539021
Absolute Error:,1
Transition Probabilities
0.9793887704335466,0.016936487393454238,0.0036747421729992073
0.9990813045475425,0.00045934772622875517,0.00045934772622875517
0.0009363295880149815,0.9876816013936078,0.0113820690183772

0.016450822541127057,0.5308883588795146,0.45266081857935836
0.7499322696359261,0.24439995930570377,0.005667771058370219
0.3333333333333333,0.3333333333333333,0.3333333333333333

Transition Gammas
2756.0,47.65927552518023,10.340724474819769
2175.0,1.0,1.0
1.0,1054.843950288373,12.156049711626848

47.0,1516.7480413187732,1293.2519586812268
579.0595537797802,188.7132173256964,4.376364523664426
1.0,1.0,1.0

Iteration: ,12500
Error:,0.24261760852352363
Absolute Error:,1
Transition Probabilities
0.9804088586030665,0.016337125193735015,0.0032540162031985454
0.9992641648270787,0.0003679175864606328,0.0003679175864606328
0.0007407407407407412,0.9872839488154097,0.011975310443849573

0.01685866816521495,0.521246050185041,0.461895281649744
0.7471627692438163,0.24802304949348905,0.004814181262694523
0.3333333333333333,0.3333333333333333,0.3333333333333333

Transition Gammas
3453.0,57.539354932334724,11.460645067665277
2716.0,1.0,1.0
1.0,1332.8333309008021,16.166669099196913

60.0,1855.114692608561,1643.885307391439
712.0123594611698,236.35475955171222,4.587697220505277
1.0,1.0,1.0

Iteration: ,15000
Error:,0.24755697031194812
Absolute Error:,1
Transition Probabilities
0.9806074766355141,0.01574040458529266,0.0036521187791933233
0.9993800371977681,0.00030998140111593303,0.00030998140111593303
0.0006188118811881196,0.9862768698094713,0.013104318309340576

0.018138987043580683,0.5149822376801323,0.46687877527628696
0.7486607416588887,0.24666614878701945,0.004673109554091728
0.3333333333333333,0.3333333333333333,0.3333333333333333

Transition Gammas
4197.0,67.36893162505258,15.631068374947423
3224.0,1.0,1.0
1.0,1593.8234216121036,21.176578387894345

77.0,2186.0995989521616,1981.9004010478382
853.6909707456931,281.27114498016107,5.328703923747642
1.0,1.0,1.0

Iteration: ,17500
Error:,0.24396645336502093
Absolute Error:,1
Transition Probabilities
0.9806099777822662,0.016002391399775717,0.003387630817958077
0.9994703389830508,0.00026483050847457627,0.00026483050847457627
0.0005316321105794794,0.9844823609619442,0.014986006927476307

0.016083634901487735,0.5163670250555512,0.46754934004296117
0.7549726051763893,0.24085297844591833,0.004174416377692437
0.3333333333333333,0.3333333333333333,0.3333333333333333

Transition Gammas
4855.0,79.22783982028957,16.77216017971044
3774.0,1.0,1.0
1.0,1851.8113209694159,28.188679030582918

80.0,2568.4095826263115,2325.590417373689
1006.3889000849194,321.0603436448306,5.564554631569495
1.0,1.0,1.0

Iteration: ,20000
Error:,0.2437743473666324
Absolute Error:,1
Transition Probabilities
0.9820264317180617,0.015003483328083001,0.0029700849538553263
0.9995352079944225,0.00023239600278875203,0.00023239600278875203
0.00046511627906976774,0.9850199150089364,0.014514968711993818

0.01600703605980651,0.5144714667041447,0.4695214972360489
0.7596160493599842,0.2366536257762734,0.0037303248637424787
0.3333333333333333,0.3333333333333333,0.3333333333333333

Transition Gammas
5573.0,85.14476788687104,16.855232113128977
4301.0,1.0,1.0
1.0,2117.792817269212,31.207182730786688

91.0,2924.7702882130625,2669.229711786938
1155.7251782518877,360.05894565377145,5.67553880900576
1.0,1.0,1.0

Iteration: ,22500
Error:,0.24776744193065783
Absolute Error:,1
Transition Probabilities
0.9818806622930334,0.015168355129029113,0.002950982577937461
0.9995877138734282,0.00020614306328592042,0.00020614306328592042
0.0004145936981757881,0.9858116078486235,0.013773798453200746

0.017351883695482257,0.5144736668996193,0.46817444940489855
0.7614843013802249,0.23508031678876357,0.0034353818310114293
0.3333333333333333,0.3333333333333333,0.3333333333333333

Transition Gammas
6286.0,97.10780953604439,18.892190463955625
4849.0,1.0,1.0
1.0,2377.777598130878,33.22240186912017

111.0,3291.0880471568644,2994.911952843136
1290.1179547211339,398.2765461362823,5.820274657635516
1.0,1.0,1.0

Iteration: ,25000
Error:,0.24248117466204158
Absolute Error:,1
Transition Probabilities
0.9809966216216216,0.016190867156559572,0.0028125112218188074
0.9996301775147929,0.0001849112426035503,0.0001849112426035503
0.0003717472118959111,0.9857863843312571,0.013841868456846986

0.0174279690794097,0.513565057612927,0.4690069733076634
0.7664828541879618,0.23028065660623892,0.0032364892057992448
0.3333333333333333,0.3333333333333333,0.3333333333333333

Transition Gammas
6969.0,115.0199202801992,19.98007971980081
5406.0,1.0,1.0
1.0,2651.7653738510794,37.23462614891836

124.0,3654.0153849159756,3336.984615084025
1428.3307579063512,429.1249869248899,6.03115523721987
1.0,1.0,1.0

Iteration: ,27500
Error:,0.24793161002641373
Absolute Error:,1
Transition Probabilities
0.9812116564417178,0.015962279012923124,0.0028260645453590887
0.9996637525218561,0.00016812373907195696,0.00016812373907195696
0.0003386386725364038,0.9860320963312451,0.013629264996218535

0.01853035143769968,0.5121096618840117,0.4693599866782886
0.7654914446661273,0.2312999707804145,0.0032085845534580936
0.3333333333333333,0.3333333333333333,0.3333333333333333

Transition Gammas
7677.0,124.88887099711052,22.11112900288951
5946.0,1.0,1.0
1.0,2911.752780466166,40.247219533833324

145.0,4007.258104242392,3672.7418957576083
1562.5816064529113,472.1477717784407,6.549616250994527
1.0,1.0,1.0

Iteration: ,30000
Error:,0.24893163701343465
Absolute Error:,1
Transition Probabilities
0.9810966302688741,0.016287874761673437,0.002615494969452552
0.9996914532551682,0.000154273372415921,0.000154273372415921
0.00030978934324659243,0.9859789866039733,0.013711224052780132

0.019205996018269115,0.5100387972885351,0.47075520669319576
0.7656472761484194,0.23127240680545116,0.003080317046129503
0.3333333333333333,0.3333333333333333,0.3333333333333333

Transition Gammas
8356.0,138.72382934517267,22.276170654827386
6480.0,1.0,1.0
1.0,3182.7401687576244,44.25983124237425

164.0,4355.221290046802,4019.7787099531993
1707.2832691961394,515.7041931265613,6.868663835822397
1.0,1.0,1.0

Iteration: ,32500
Error:,0.2452522278865089
Absolute Error:,1
Transition Probabilities
0.9815638217113112,0.015904160758740182,0.0025320175299486836
0.9997149779107881,0.00014251104460595695,0.00014251104460595695
0.00028595939376608524,0.9867681169654702,0.012945923640763784

0.018900529214818006,0.5096154480286044,0.4714840227565775
0.7694785973939682,0.22764125620875292,0.002880146397278898
0.3333333333333333,0.3333333333333333,0.3333333333333333

Transition Gammas
9051.0,146.65226635634323,23.347733643656813
7015.0,1.0,1.0
1.0,3450.7281050282486,45.271894971750946

175.0,4718.52943329685,4365.470566703153
1859.4532867357314,550.0975381090365,6.959904671602375
1.0,1.0,1.0

Iteration: ,35000
Error:,0.24752793277342658
Absolute Error:,1
Transition Probabilities
0.9816061915770429,0.015833106200528534,0.002560702222428551
0.9997335464961364,0.0001332267519317879,0.0001332267519317879
0.0002639915522703274,0.9843478376808007,0.015388170766928963

0.019883510745129538,0.505901133248074,0.4742153560067964
0.772269451646236,0.22489250229528307,0.002838046058481047
0.3333333333333333,0.3333333333333333,0.3333333333333333

Transition Gammas
9766.0,157.52357358905837,25.476426410941652
7504.0,1.0,1.0
1.0,3728.7096091348726,58.2903908651269

198.0,5037.763484884323,4722.23651511568
2026.4068176545416,590.1097070706234,7.446929137834199
1.0,1.0,1.0

Iteration: ,37500
Error:,0.24860628083648711
Absolute Error:,1
Transition Probabilities
0.9819430076177936,0.015566968267568737,0.002490024114637605
0.9997518918248356,0.00012405408758218582,0.00012405408758218582
0.0002462447672986949,0.9836726752649848,0.016081079967716443

0.02002432862356133,0.505652570455701,0.47432310092073765
0.7729081695996093,0.22429165030342096,0.0028001800969697653
0.3333333333333333,0.3333333333333333,0.3333333333333333

Transition Gammas
10441.0,165.52357358905837,26.476426410941652
8059.0,1.0,1.0
1.0,3994.694734251103,65.30526574889647

214.0,5403.909020460078,5069.090979539925
2162.5410443719647,627.5517826941037,7.834700976789425
1.0,1.0,1.0

Iteration: ,40000
Error:,0.24632848511261196
Absolute Error:,1
Transition Probabilities
0.9821334272135187,0.015432636155472077,0.002433936631009178
0.9997676579925651,0.00011617100371747211,0.00011617100371747211
0.0002308935580697298,0.9830698874675105,0.016699218974419724

0.019573422276836647,0.5063027385945132,0.47412383912865
0.7742813259937,0.2230429836724154,0.0026756903338846765
0.3333333333333333,0.3333333333333333,0.3333333333333333

Transition Gammas
11159.0,175.34561199847374,27.65438800152628
8606.0,1.0,1.0
1.0,4257.675682621789,72.32431737821184

223.0,5768.307100807291,5401.692899192712
2297.7646140223214,661.9044759095798,7.9404040377590155
1.0,1.0,1.0

Iteration: ,42500
Error:,0.2451137495989769
Absolute Error:,1
Transition Probabilities
0.9818603495402966,0.015513491774078297,0.002626158685625176
0.9997814924068611,0.00010925379656943078,0.00010925379656943078
0.00021645021645021637,0.983691848779284,0.016091701004265817

0.019661296984717053,0.5050488674174435,0.4752898355978394
0.7772122581983666,0.22022855063566404,0.002559191165969359
0.3333333333333333,0.3333333333333333,0.3333333333333333

Transition Gammas
11854.0,187.29438618844728,31.70561381155275
9151.0,1.0,1.0
1.0,4544.6563413602935,74.3436586397081

238.0,6113.6165400881555,5753.383459911847
2439.358957461322,691.2094888044322,8.032279250245567
1.0,1.0,1.0

Iteration: ,45000
Error:,0.24645882675566116
Absolute Error:,1
Transition Probabilities
0.9818523153942428,0.015579151606074178,0.0025685329996830222
0.9997939843428101,0.00010300782859497322,0.00010300782859497322
0.00020479213598197817,0.984157028742003,0.01563817912201509

0.019884591391141605,0.5055525147612008,0.4745628938476575
0.777603916281963,0.21986492679956507,0.0025311569184717666
0.3333333333333333,0.3333333333333333,0.3333333333333333

Transition Gammas
12552.0,199.16387413205229,32.83612586794776
9706.0,1.0,1.0
1.0,4805.638771347203,76.36122865279972

255.0,6483.205449297641,6085.794550702361
2573.4010268024854,727.6206003297596,8.376606234364136
1.0,1.0,1.0

Iteration: ,47500
Error:,0.2468802925575743
Absolute Error:,1
Transition Probabilities
0.9813908659549229,0.01601437536079618,0.002594758684280928
0.9998048780487805,9.75609756097561e-05,9.75609756097561e-05
0.00019391118867558655,0.9842203499146496,0.015585738896674806

0.019731007981081874,0.5048243174341444,0.47544467458477374
0.7782406146268273,0.2192765825478397,0.0024828028253329375
0.3333333333333333,0.3333333333333333,0.3333333333333333

Transition Gammas
13237.0,216.00189486641887,34.998105133581156
10248.0,1.0,1.0
1.0,5075.624344509849,80.37565549015198

267.0,6831.282663518843,6433.71733648116
2713.5655126037877,764.5724997387254,8.657024569000772
1.0,1.0,1.0

Iteration: ,50000
Error:,0.24741794328552305
Absolute Error:,1
Transition Probabilities
0.9809470044456989,0.01643291893270423,0.0026200766215968103
0.9998150032374433,9.249838127832763e-05,9.249838127832763e-05
0.00018436578171091437,0.9842566770456658,0.015558957172623384

0.019783920303072817,0.5050601915160853,0.47515588818084187
0.7778701173280762,0.2194632277859503,0.002666654885973464
0.3333333333333333,0.3333333333333333,0.3333333333333333

Transition Gammas
13901.0,232.87089419535164,37.1291058046484
10809.0,1.0,1.0
1.0,5338.608216295694,84.39178370430928

282.0,7199.127969870281,6772.872030129722
2849.7852187717267,804.0199111345395,9.769489158056247
1.0,1.0,1.0

Iteration: ,52500
Error:,0.24614449645042988
Absolute Error:,1
Transition Probabilities
0.9810407422347721,0.016323417449127697,0.00263584031610022
0.9998240211174659,8.798944126704795e-05,8.798944126704795e-05
0.00017540782318891402,0.9843170106847634,0.015507581492047668

0.019770237777184074,0.5048789772954763,0.4753507849273396
0.7787009099819129,0.2187169787656109,0.0025821112524761166
0.3333333333333333,0.3333333333333333,0.3333333333333333

Transition Gammas
14592.0,242.79451113832536,39.205488861674674
11363.0,1.0,1.0
1.0,5611.5912779138425,88.40872208616385

296.0,7559.0480480678725,7116.95195193213
2985.0617632408694,838.4267719681424,9.898231104390872
1.0,1.0,1.0

Iteration: ,55000
Error:,0.24386081638179036
Absolute Error:,1
Transition Probabilities
0.9813287294584052,0.01603331648361444,0.002637954057980294
0.9998314085813033,8.429570934839417e-05,8.429570934839417e-05
0.00016767270288397035,0.9841669795548939,0.01566534774222226

0.019854443309499488,0.504169131902925,0.4759764247875755
0.7802206725215659,0.2173056002343549,0.002473727244079283
0.3333333333333333,0.3333333333333333,0.3333333333333333

Transition Gammas
15347.0,250.7450364872462,41.25496351275382
11861.0,1.0,1.0
1.0,5869.571866065391,93.42813393461363

311.0,7897.305282127419,7455.694717872584
3142.1356695117033,875.1417409568113,9.962292571848709
1.0,1.0,1.0

Iteration: ,57500
Error:,0.2444165287542924
Absolute Error:,1
Transition Probabilities
0.9812381592617491,0.016111968695884472,0.002649872042366463
0.9998386966690862,8.065166545689168e-05,8.065166545689168e-05
0.00016017940092904044,0.9840704315223469,0.015769389076724146

0.019855816226783972,0.5037709617231796,0.4763732220500364
0.7812614858039835,0.21633767897807996,0.002400835217936581
0.3333333333333333,0.3333333333333333,0.3333333333333333

Transition Gammas
16056.0,263.6401437707576,43.35985622924243
12397.0,1.0,1.0
1.0,6143.551703994015,98.44829600598891

325.0,8245.723101485002,7797.276898514994
3285.75022316463,909.8510420613388,10.097188964842738
1.0,1.0,1.0

Iteration: ,60000
Error:,0.24616587044096405
Absolute Error:,1
Transition Probabilities
0.9812423303920996,0.0161609284470913,0.002596741160809128
0.99984520123839,7.739938080495357e-05,7.739938080495357e-05
0.0001533742331288342,0.9838242244174245,0.016022401349446793

0.020041019630823328,0.5029401593883013,0.4770188209808754
0.7828413935104133,0.21468388336362337,0.0024747231259633724
0.3333333333333333,0.3333333333333333,0.3333333333333333

Transition Gammas
16792.0,276.56196851507343,44.438031484926604
12918.0,1.0,1.0
1.0,6414.5339432016135,104.4660567983932

342.0,8582.67381996136,8140.326180038637
3428.7572155407615,940.2912521558472,10.839008827271002
1.0,1.0,1.0

Iteration: ,62500
Error:,0.24550058574717537
Absolute Error:,1
Transition Probabilities
0.9811331349317761,0.016200166692403477,0.0026666983758204576
0.9998514226283337,7.428868583314762e-05,7.428868583314762e-05
0.00014710208884966144,0.9838946602447125,0.015958237666437825

0.020074224021592448,0.502339728409032,0.47758604756937556
0.7839416940423295,0.2136713172135884,0.0023869887440821805
0.3333333333333333,0.3333333333333333,0.3333333333333333

Transition Gammas
17473.0,288.5087686250135,47.491231374986526
13459.0,1.0,1.0
1.0,6688.5159003435665,108.4840996564445

357.0,8933.609730026223,8493.390269973774
3576.1622912981406,974.7195654451041,10.888895438541224
1.0,1.0,1.0

Iteration: ,65000
Error:,0.24584487953349762
Absolute Error:,1
Transition Probabilities
0.9813084112149533,0.016010812040765612,0.0026807767442811187
0.999857163262391,7.141836880445651e-05,7.141836880445651e-05
0.00014138272303124534,0.9839524068352822,0.015906210441686677

0.01999243529475334,0.5026171665554138,0.4773903981498329
0.7856585424001108,0.21201186862768157,0.00232958897220776
0.3333333333333333,0.3333333333333333,0.3333333333333333

Transition Gammas
18165.0,296.37614168661224,49.623858313387785
14000.0,1.0,1.0
1.0,6959.495373545962,112.50462645405007

370.0,9301.93590144104,8835.064098558956
3726.2239505910793,1005.530596379251,11.048782333295977
1.0,1.0,1.0

Iteration: ,67500
Error:,0.24355447032665142
Absolute Error:,1
Transition Probabilities
0.9810231881043983,0.016333777331471063,0.0026430345641304774
0.9998623821647286,6.88089176357256e-05,6.88089176357256e-05
0.00013620266957232343,0.9838569699004946,0.0160068274299331

0.01999687548820497,0.502151679792707,0.47785144471908797
0.784690396960244,0.2130288804369866,0.002280722602769418
0.3333333333333333,0.3333333333333333,0.3333333333333333

Transition Gammas
18869.0,314.1638731935145,50.836126806485616
14531.0,1.0,1.0
1.0,7223.477873009441,117.52212699056899

384.0,9642.818707059352,9176.181292940644
3868.030657322204,1050.0985402871422,11.242529515506174
1.0,1.0,1.0

Iteration: ,70000
Error:,0.24554441243175487
Absolute Error:,1
Transition Probabilities
0.9810393258426966,0.016305413490652673,0.002655260666650704
0.99986753212346,6.623393826996953e-05,6.623393826996953e-05
0.00013138877939823922,0.9838999871090471,0.015968624111554575

0.019728915662650608,0.5028330230508399,0.47743806128650956
0.784924266523851,0.2127761127794196,0.0022996206967293457
0.3333333333333333,0.3333333333333333,0.3333333333333333

Transition Gammas
19558.0,325.0647233496517,52.935276650348435
15096.0,1.0,1.0
1.0,7488.462801886967,121.53719811304202

393.0,10016.433819172727,9510.566180827269
3997.3517112540108,1083.5962076947005,11.711184275160726
1.0,1.0,1.0

Iteration: ,72500
Error:,0.2443468638712592
Absolute Error:,1
Transition Probabilities
0.981239092495637,0.016146244102659087,0.0026146634017039185
0.9998722452890451,6.387735547748324e-05,6.387735547748324e-05
0.00012706480304955516,0.9840465649033806,0.015826370293569803

0.019759783029833403,0.5032987300491317,0.47694148692103483
0.7844075926755724,0.21335798368140496,0.002234423643022781
0.3333333333333333,0.3333333333333333,0.3333333333333333

Transition Gammas
20241.0,333.0647233496517,53.935276650348435
15653.0,1.0,1.0
1.0,7744.446465789612,124.55353421039447

408.0,10392.11217805447,9847.887821945526
4132.38713686225,1124.0046572019376,11.771308190979184
1.0,1.0,1.0

Iteration: ,74999
Error:,0.24698429498841107
Absolute Error:,1
Transition Probabilities
0.9813877168307548,0.015893562180421806,0.002718720988823395
0.9998765432098765,6.17283950617284e-05,6.17283950617284e-05
0.00012309207287050704,0.9842971645169594,0.015579743410170103

0.019795030183911277,0.5036610281714028,0.476543941644686
0.783794726025456,0.21403683935314674,0.0021684346213973367
0.3333333333333333,0.3333333333333333,0.3333333333333333

Transition Gammas
20933.0,339.0096813083971,57.990318691603015
16198.0,1.0,1.0
1.0,7996.430164535785,126.56983546422201

423.0,10762.732510994703,10183.267489005293
4273.261371832629,1166.9322685991672,11.822340208832692
1.0,1.0,1.0


Model Num 2
Model States: 
"['diamond', 'x', 'square']","['diamond', 'x', 'diamond']","['square', 'y', 'diamond', 'x', 'square']","['square', 'y', 'diamond', 'x', 'diamond']"
Iteration: ,0
Error:,0.6719682788315707
Absolute Error:,0.74
Transition Probabilities
0.25,0.25,0.25,0.25
0.25,0.25,0.25,0.25
0.25,0.25,0.25,0.25
0.25,0.25,0.25,0.25

0.25,0.25,0.25,0.25
0.25,0.25,0.25,0.25
0.25,0.25,0.25,0.25
0.25,0.25,0.25,0.25

Transition Gammas
1.0,1.0,1.0,1.0
1.0,1.0,1.0,1.0
1.0,1.0,1.0,1.0
1.0,1.0,1.0,1.0

1.0,1.0,1.0,1.0
1.0,1.0,1.0,1.0
1.0,1.0,1.0,1.0
1.0,1.0,1.0,1.0

Iteration: ,2500
Error:,0.04584300648303851
Absolute Error:,0.7439488527315014
Transition Probabilities
0.0013175230566534917,0.0013175230566534917,0.9642201263033621,0.03314482758333104
0.9236359678354361,0.06531430840765784,0.005524861878453038,0.005524861878453038
0.019061198328398393,0.009487604412093125,0.019533950439181054,0.9519172468203274
0.006502500683933603,0.006502500683933603,0.05618179803036159,0.9308132006017712

0.02038206599763166,0.006640478461044202,0.9509368820263006,0.022040573515023597
0.9040655212989019,0.023950169812469543,0.04928610190415573,0.022698206984472717
0.97285365109365,0.001557266959036228,0.011353878595854646,0.014235203351459173
0.0050490251727515765,0.9600287175122924,0.02299430364505609,0.011927953669899976

Transition Gammas
1.0,1.0,731.8430758642517,25.156924135748252
167.17811017821396,11.82188982178607,1.0,1.0
3.888299954195703,1.9353794638402657,3.984736808743483,194.18190417205432
1.0,1.0,8.640029545737033,143.1469592770097

3.2628454572393295,1.063035267525447,152.22991064798728,3.528346202823627
59.63187131713574,1.5797455058664314,3.2508954464376196,1.4971664399756297
681.9596336078212,1.0916268892243495,7.958943134511979,9.978719873210835
1.2248926237886097,232.90279895063307,5.578414042375494,2.8937194740089733

Iteration: ,5000
Error:,0.035490686686217555
Absolute Error:,0.7452591758035252
Transition Probabilities
0.0006715916722632634,0.0006715916722632634,0.9687823680368329,0.029874448618640602
0.9545514530325826,0.04008661667251116,0.002680965147453084,0.002680965147453084
0.017159093411381707,0.007788413010286418,0.013767591468115308,0.9612849021102166
0.007922499805371953,0.0035397722275535524,0.041637351107283796,0.9469003768597907

0.027293800007862187,0.0043039946773361865,0.9519494011819241,0.016452804132877554
0.9413977016150804,0.012911379656690897,0.0334951633708861,0.012195755357342599
0.974948439328937,0.0008034627158017045,0.009941607324181334,0.01430649063108001
0.00250936593602564,0.9728206021817809,0.016265415425637118,0.008404616456556355

Transition Gammas
1.0,1.0,1442.5169460068453,44.48305399315589
356.0476919811532,14.95230801884666,1.0,1.0
7.262195583619315,3.296268468891723,5.826819608692309,406.841946910446
2.695242561275308,1.2042341431745507,14.165069561380205,322.1364796083219

9.085336420098836,1.4326784684671978,316.87711356271626,5.476674576575136
115.56717925468442,1.5850173891970971,4.11190885935569,1.4971664399756297
1329.805563170256,1.0959032766988264,13.560106558712157,19.513699456504863
1.2324639289732997,477.79651597967586,7.988686510032711,4.127890026261701

Iteration: ,7500
Error:,0.03314710562632901
Absolute Error:,0.7463024164372871
Transition Probabilities
0.00045454545454545406,0.00045454545454545406,0.970104689145811,0.02898621994509804
0.9610226577289477,0.0355932475163992,0.0016920473773265664,0.0016920473773265664
0.01725771361475869,0.005430787242156925,0.012202178582037516,0.9651093205610469
0.010651806291317708,0.004896739016641971,0.04094624809715388,0.9435052065948866

0.023234199220619915,0.004599127521577669,0.953740649965653,0.01842602329214945
0.9497589160504685,0.00938781992577541,0.031742033534141505,0.009111230489614475
0.9776514523433433,0.0005505627464653715,0.008236828062428139,0.013561156847763187
0.0016361768579078995,0.9719377629737487,0.01957092064419772,0.006855139524145522

Transition Gammas
1.0,1.0,2134.2303161207865,63.76968387921575
567.9643907178076,21.035609282191913,1.0,1.0
11.489181062944674,3.61550199130149,8.123500147291951,642.513601568792
5.6053884795421105,2.5768516362884144,21.547484162506876,496.5085799340726

11.87971238924783,2.351547031125058,487.650317015055,9.421278310898314
160.53013600862658,1.586747946285287,5.365101473978005,1.5399982511204302
1950.5085005960423,1.0984255324514913,16.4332627085096,27.055809763364312
1.23520800412265,733.750326886616,14.774782879323062,5.175188225329808

Iteration: ,10000
Error:,0.031178054638482753
Absolute Error:,0.7462574618348683
Transition Probabilities
0.00034048348655090226,0.00034048348655090226,0.972413121535112,0.026905911491786283
0.9654343578212675,0.032014621770569206,0.0012755102040816332,0.0012755102040816332
0.017963304135217642,0.004342539381182664,0.01430593327508296,0.9633882232085167
0.013080363758708878,0.0040482519682535235,0.0356905982074393,0.9471807860655983

0.02205842775760113,0.004261193034630985,0.9588872609293679,0.014793118278399933
0.9597507041003223,0.007488617377611929,0.025496285149491663,0.007264393372574176
0.9778805697414666,0.00040788828454559766,0.007926513865714467,0.013785028108273376
0.001248684168049076,0.9740683122600207,0.019158894364412333,0.005524109207517919

Transition Gammas
1.0,1.0,2855.9773379486237,79.02266205137632
756.9005365318734,25.099463468126245,1.0,1.0
15.850195646635752,3.83170591984924,12.62305863169277,850.0603066438464
8.877121676759083,2.747387302317133,24.22178685916236,642.8138576952375

15.561190100232892,3.006072581162612,676.4501584602615,10.435853735136993
203.50148714953096,1.587854811178707,5.406124655645681,1.5403112998430413
2637.4059580982976,1.1001005901809315,21.378310954589384,37.17909567926556
1.237580438102119,965.4065611415438,18.98852687313783,5.474986924712322

Iteration: ,12500
Error:,0.029417558162829677
Absolute Error:,0.746761395521099
Transition Probabilities
0.0002720348204570188,0.0002720348204570188,0.9746412667987021,0.024814663560383865
0.9671961745432675,0.030763009130201954,0.0010204081632653073,0.0010204081632653073
0.016791622553760426,0.004445609747101703,0.014029533542061167,0.9647332341570766
0.012674813571507276,0.004338136379080849,0.03362814600286985,0.949358904046542

0.02032084956593977,0.006195306691690038,0.9583505475537215,0.015133296188648709
0.9649446289023241,0.006193575389632477,0.022855904973911472,0.0060058907341319495
0.9795105909299948,0.00032539211492914365,0.007031260561873185,0.013132756393202702
0.0010098232510947944,0.9751816591842403,0.01917676219486049,0.004631755369804446

Transition Gammas
1.0,1.0,3582.7812967520254,91.21870324797099
947.852251052401,30.14774894759788,1.0,1.0
18.53200600027642,4.906379133071095,15.483637686003835,1064.723913774563
10.835830452430322,3.7087180823638746,28.749053109215662,811.6168387579736

18.00890629475439,5.490454388526986,849.3171091305882,13.411551131648496
247.47621650428206,1.5884461741642928,5.861779752232361,1.5403112998430413
3315.252353465929,1.1013224204078031,23.798010293538756,44.449138113680334
1.2388726019769727,1196.3735616148847,23.526458964065068,5.682335815192867

Iteration: ,15000
Error:,0.028316404243764016
Absolute Error:,0.7457897466620113
Transition Probabilities
0.00022512381809995497,0.00022512381809995497,0.9744702662831737,0.02507948608062638
0.9705001399241838,0.027774234536558175,0.000862812769628991,0.000862812769628991
0.017097174495542145,0.003733496564322601,0.012533582863737586,0.9666357460763977
0.013193203335241502,0.0037761375939367415,0.03130134069854227,0.9517293183722794

0.01977979697181651,0.005951009946871534,0.9604061458280164,0.01386304725329554
0.9563639135250073,0.00824853252692943,0.027167907204572198,0.00821964674349111
0.9794320967375215,0.00027009959723345723,0.007058913134206052,0.013238890531038824
0.0008461090516763986,0.9753526393549183,0.019811852614273588,0.00398939897913157

Transition Gammas
1.0,1.0,4328.596922829857,111.40307717014237
1124.8096621721284,32.190337827870906,1.0,1.0
22.46827303418807,4.906379133071095,16.47102344030602,1270.3055626596915
13.598514884972186,3.8921452185677143,32.26295665979146,980.9676220011785

20.55811711858906,6.1851777162320385,998.197405942931,14.408547744947395
298.44922257442863,2.5740913947372657,8.478196081545034,2.5650771068822955
3996.945404024146,1.1022441957815021,28.806581388491768,54.02633101230208
1.2405812893439485,1430.0807118167127,29.04851757797758,5.84933315561707

Iteration: ,17500
Error:,0.0297171571240052
Absolute Error:,0.7454181628807786
Transition Probabilities
0.0001936108422071635,0.0001936108422071635,0.9752934669991502,0.024319311316435423
0.9725998150611221,0.025928514593035377,0.0007358351729212657,0.0007358351729212657
0.018707222414893615,0.0032432084409080245,0.013651162336400341,0.964398406807798
0.014326938555821322,0.004082217937954381,0.03161092597619237,0.949979917530032

0.019495121991252685,0.005728515180561888,0.9620352026760209,0.012741160152164477
0.9533249101941813,0.009781427248999991,0.02966930443208369,0.007224358124735113
0.9776335769998763,0.0002328579883391769,0.007267219134648356,0.014866345877136117
0.000722312608913358,0.975908164351469,0.01983041087395961,0.003539112165657979

Transition Gammas
1.0,1.0,5037.3907570506135,125.60924294938903
1321.7631486680648,35.23685133193507,1.0,1.0
28.987864171419545,5.025528840122994,21.15322257966653,1494.3880712842233
17.40423958077623,4.959042627026007,38.40067624470212,1154.0272904221229

23.568653381097175,6.925495964559541,1163.0537240268773,15.403442329529954
347.4146852382647,3.5645889796377412,10.812213076873316,2.632731062741372
4630.698299922686,1.1029644604010767,34.42220079557068,70.41652844061998
1.2418375647073292,1677.8322892901333,34.093478146409694,6.0846264882992935

Iteration: ,20000
Error:,0.028289850300973262
Absolute Error:,0.7452761759175792
Transition Probabilities
0.0001696352841391009,0.0001696352841391009,0.9766273873870853,0.023033342044636505
0.9746153348270625,0.024091840350700795,0.0006464124111182937,0.0006464124111182937
0.018476237800198792,0.0028656080310167104,0.013026369916067385,0.9656317842527171
0.012556158808842494,0.004089339384486886,0.029663828296421123,0.9536906735102494

0.018193921352496575,0.0054565196750356385,0.963249411759325,0.013100147213142701
0.9530842009465881,0.013354526823831016,0.02718199157320278,0.006379280656378053
0.9793891043019647,0.0002033863785301143,0.006558142488835817,0.013849366830669426
0.0006353343010763954,0.9769299805298292,0.019245497920509114,0.003189187248585372

Transition Gammas
1.0,1.0,5757.218448646869,135.78155135313222
1507.7299229774653,37.27007702253412,1.0,1.0
32.75803963988676,5.080671860123669,23.09552121426866,1712.0479075964668
17.40423958077623,5.668281475111004,41.11738170994956,1321.9218727972075

25.53500557841714,7.6581764668153145,1351.9119175100889,18.385939220287042
395.39103848634056,5.540182309311145,11.276564930550043,2.646471739869388
5314.592252565904,1.103663157845704,35.58734021983155,75.15270216700867
1.2426652257184467,1910.8002081887307,37.64271970982034,6.237805963580729

Iteration: ,22500
Error:,0.027672326113064985
Absolute Error:,0.7457416542681232
Transition Probabilities
0.00015048908954100795,0.00015048908954100795,0.9775870030967134,0.022112018724204548
0.9751432339785802,0.023708660395702283,0.0005740528128587833,0.0005740528128587833
0.01687012151756509,0.0025538319442300027,0.013472996134366122,0.9671030504038387
0.01188274473626262,0.004297036862697721,0.029359980218390293,0.9544602381826495

0.01842289699513898,0.00490844506701875,0.9637332533155759,0.012935404622266309
0.9539682871831314,0.014065183089826997,0.0242630318201263,0.007703497906915329
0.9802564313731275,0.00018065152903130253,0.006092382887437567,0.013470534210403565
0.0005652498241776162,0.9773575609149151,0.018752552010715264,0.0033246372501917593

Transition Gammas
1.0,1.0,6496.065635577675,146.93436442233954
1698.6995135906857,41.30048640931336,1.0,1.0
33.71772963832576,5.104255766481015,26.92801237998031,1932.9154891957908
18.383423226254887,6.647811513170326,45.421908342608994,1476.6156221127717

29.01434231837269,7.730342598288812,1517.7898743436015,20.372054288536926
443.3693782317347,6.5369798608986445,11.276564930550043,3.5803025353010014
5991.495045751425,1.1041730577399003,37.237686709967164,82.33421011296267
1.2433114189614562,2149.774779075378,41.24771216605393,7.312800960322207

Iteration: ,25000
Error:,0.026713014465213916
Absolute Error:,0.7455690218486428
Transition Probabilities
0.00013531799729363987,0.00013531799729363987,0.9777964727684201,0.021932891236992595
0.9766816726736417,0.02228952074199617,0.0005144032921810703,0.0005144032921810703
0.0194259738705216,0.0023379691683127267,0.013408582366422865,0.9648274745947428
0.011535186003169424,0.004523929837318618,0.02877509241291366,0.9551657917465982

0.01901223332610859,0.006249462545249627,0.9619870789416552,0.01275122518698651
0.9548422228729894,0.013024962508244711,0.02485297967983735,0.007279834938928508
0.9808001129103254,0.00016256403925592677,0.005732370847999466,0.013304952202419321
0.0005104549084024539,0.977933315252028,0.01851732622891197,0.003038903610657744

Transition Gammas
1.0,1.0,7225.915933758634,162.0840662413755
1898.669171677558,43.330828322440524,1.0,1.0
43.19123401912443,5.1981833266710415,29.81231328287199,2145.1737514451547
19.823405474886258,7.774447285068717,49.45046610620593,1641.468007566681

33.334531170567104,10.95730840457525,1686.6712983490895,22.35697964398601
479.3531852470448,6.538836591520253,12.476778557785662,3.654647838622324
6664.4380226434605,1.104606280189894,38.950882790929576,90.40581070504453
1.2437351955887526,2382.757150723269,45.11789382371596,7.404358963665529

Iteration: ,27500
Error:,0.02813042463376176
Absolute Error:,0.7460830265955367
Transition Probabilities
0.0001230920728705069,0.0001230920728705069,0.9775681913041292,0.022185624550129852
0.9769360434271507,0.02212937713359692,0.0004672897196261686,0.0004672897196261686
0.018434380512880343,0.002531174039516541,0.014163790190641628,0.9648706552569616
0.01340412171000539,0.004121135071119893,0.029512247068856967,0.9529624961500177

0.0192170516283702,0.006142358441728493,0.9621335815108849,0.012507008419016337
0.9553763303409022,0.013833104636072131,0.0240190261125188,0.00677153891050703
0.9804072406462284,0.00014747283595987348,0.005717316859244542,0.013727969658567164
0.00046591927997948,0.979127892279797,0.01761188189793486,0.002794306542288873

Transition Gammas
1.0,1.0,7941.763986154761,180.2360138452553
2090.643132934101,47.35686706589737,1.0,1.0
44.9514675020716,6.17216225410534,34.537811238947185,2352.7968229353305
25.286634832078853,7.774447285068717,55.674323976574485,1797.7466312339357

37.421123209160776,11.96093742618751,1873.5506358445202,24.354740366887118
520.3316143226513,7.533996225145339,13.081607984913413,3.68801870096103
7346.375793670012,1.1050416881921166,42.840930215703565,102.8662578312448
1.2442234431502512,2614.73162791304,47.03200162991579,7.462111693289569

Iteration: ,30000
Error:,0.027510406480632674
Absolute Error:,0.7465488633216033
Transition Probabilities
0.00011276499774469972,0.00011276499774469972,0.9781934759878208,0.02158099401668984
0.9785243144911377,0.020623170589851168,0.00042625745950554167,0.00042625745950554167
0.018910046060072634,0.002313069612378219,0.013593977109186656,0.9651829072183625
0.013640149951155336,0.0038123539947978098,0.03151184846696036,0.9510356475870866

0.018876944032579612,0.006884058008592455,0.9607951367913876,0.013443861167440311
0.9573987050074926,0.01265257471356808,0.023682430894312507,0.006266289384626805
0.9804053371671795,0.00013574038391767404,0.00549862924569907,0.013960293203203758
0.0004251979276419371,0.9799436366906968,0.01706405279245265,0.002567112589208556

Transition Gammas
1.0,1.0,8674.61974506002,191.38025494000604
2295.6180417962073,48.3819582037908,1.0,1.0
50.736084597183606,6.206018491968984,36.472950432423346,2589.6077395486977
28.085713521717743,7.8498170859330125,64.88438556409461,1958.2273540042584

39.755161396410365,14.49794186609374,2023.450706115595,28.312997568891284
570.3073196081485,7.536939347521238,14.10725083969575,3.732729827337232
7983.333202254487,1.1053190682824197,44.77473526502387,113.67713742192707
1.2447317142872134,2868.703828279318,49.953601144838196,7.515009472540749

Iteration: ,32500
Error:,0.028672110603740884
Absolute Error:,0.7460996677570327
Transition Probabilities
0.00010396091069757756,0.00010396091069757756,0.978218474673834,0.021573603504770816
0.9789755713603,0.02023702706489682,0.00039370078740157485,0.00039370078740157485
0.021722552524562958,0.002496588042372543,0.012573522556247925,0.9632073368768166
0.013466646273040391,0.003561317509218689,0.03163743456508337,0.9513346016526576

0.01893683746532835,0.007037652433673883,0.96075404814199,0.013271461959007698
0.9581721770467966,0.011913634982669728,0.024015037425783804,0.0058991505447496834
0.9801793691699058,0.00012503592427457236,0.005396212334121166,0.014299382571698462
0.0003935460648552655,0.9781689693875888,0.018738226443179826,0.0026992581043761843

Transition Gammas
1.0,1.0,9409.483507887624,207.51649211239078
2486.5979512551617,51.402048744837906,1.0,1.0
63.055505377940335,7.2470130089139095,36.49800447109732,2795.966327706217
29.949373628807543,7.920251748791506,70.36060272434173,2115.7365281025955

43.251195099528196,16.073796852764016,2194.3347644469104,30.311639496086038
606.2903188952255,7.538438002976338,15.195687213581166,3.732729827337232
8667.282968947118,1.1056361427902168,47.716265748339254,126.44297454975094
1.2450814397449028,3094.682268432271,59.28306757868523,8.539778356253663

Iteration: ,35000
Error:,0.02873266177637089
Absolute Error:,0.7461820607825912
Transition Probabilities
9.633911368015389e-05,9.633911368015389e-05,0.9786462624309934,0.02116105934164633
0.97785084722342,0.021416014946668047,0.0003665689149560118,0.0003665689149560118
0.022100555744498575,0.0029672658174421736,0.012635994752780013,0.9622961836852791
