0,1,2,3,4,5,6,7,8,9,10,11,12,13,14,15,16,17,18,19,20,21,22,23,24,25,26,27,28,29
github Code Version (SHA):,cd93f48c3be2409aefa56252372b16f046dc3cc1
Environment Observations,Environment Actions,alpha,epsilon,numActions,explore,patience,gainThresh,insertRandActions,useBudd,revisedSplitting,haveControl,confidence_factor
"['rose', 'volcano', 'nothing']","['b', 'f', 't']",0.99,0.99,75000,0.5,0,0.01,False,True,False,False,250

Model Num 0
Model States: 
['rose'],['volcano'],['nothing']
Iteration: ,0
Error:,0.7886189308612611
Absolute Error:,1
Transition Probabilities
0.3333333333333333,0.3333333333333333,0.3333333333333333
0.3333333333333333,0.3333333333333333,0.3333333333333333
0.3333333333333333,0.3333333333333333,0.3333333333333333

0.3333333333333333,0.3333333333333333,0.3333333333333333
0.3333333333333333,0.3333333333333333,0.3333333333333333
0.3333333333333333,0.3333333333333333,0.3333333333333333

0.3333333333333333,0.3333333333333333,0.3333333333333333
0.3333333333333333,0.3333333333333333,0.3333333333333333
0.3333333333333333,0.3333333333333333,0.3333333333333333

Transition Gammas
1.0,1.0,1.0
1.0,1.0,1.0
1.0,1.0,1.0

1.0,1.0,1.0
1.0,1.0,1.0
1.0,1.0,1.0

1.0,1.0,1.0
1.0,1.0,1.0
1.0,1.0,1.0

Iteration: ,2500
Error:,0.24185710233651156
Absolute Error:,1
Transition Probabilities
0.009302325581395349,0.027906976744186046,0.9627906976744186
0.005494505494505495,0.027472527472527472,0.967032967032967
0.5023364485981309,0.48598130841121495,0.011682242990654205

0.0211864406779661,0.012711864406779662,0.9661016949152542
0.026785714285714284,0.013392857142857142,0.9598214285714286
0.5344827586206896,0.4433497536945813,0.022167487684729065

0.9900497512437811,0.004975124378109453,0.004975124378109453
0.005,0.96,0.035
0.016166281755196306,0.016166281755196306,0.9676674364896074

Transition Gammas
2.0,6.0,207.0
1.0,5.0,176.0
215.0,208.0,5.0

5.0,3.0,228.0
6.0,3.0,215.0
217.0,180.0,9.0

199.0,1.0,1.0
1.0,192.0,7.0
7.0,7.0,419.0

Iteration: ,5000
Error:,0.24455066510444953
Absolute Error:,1
Transition Probabilities
0.011848341232227487,0.018957345971563982,0.9691943127962085
0.021505376344086023,0.024193548387096774,0.9543010752688172
0.5006060606060606,0.48727272727272725,0.012121212121212121

0.012711864406779662,0.019067796610169493,0.9682203389830508
0.018561484918793503,0.009280742459396751,0.9721577726218097
0.5284360189573459,0.4466824644549763,0.024881516587677725

0.9739952718676123,0.0070921985815602835,0.018912529550827423
0.017857142857142856,0.9413265306122449,0.04081632653061224
0.014218009478672985,0.015402843601895734,0.9703791469194313

Transition Gammas
5.0,8.0,409.0
8.0,9.0,355.0
413.0,402.0,10.0

6.0,9.0,457.0
8.0,4.0,419.0
446.0,377.0,21.0

412.0,3.0,8.0
7.0,369.0,16.0
12.0,13.0,819.0

Iteration: ,7500
Error:,0.24334542201180293
Absolute Error:,1
Transition Probabilities
0.011437908496732025,0.017973856209150325,0.9705882352941176
0.01718213058419244,0.024054982817869417,0.9587628865979382
0.4891391794046661,0.500402252614642,0.010458567980691875

0.008784773060029283,0.017569546120058566,0.9736456808199122
0.0183206106870229,0.00916030534351145,0.9725190839694656
0.5119236883942766,0.4666136724960254,0.021462639109697933

0.9715639810426541,0.004739336492890996,0.023696682464454975
0.018739352640545145,0.938671209540034,0.04258943781942078
0.01179245283018868,0.014150943396226415,0.9740566037735849

Transition Gammas
7.0,11.0,594.0
10.0,14.0,558.0
608.0,622.0,13.0

6.0,12.0,665.0
12.0,6.0,637.0
644.0,587.0,27.0

615.0,3.0,15.0
11.0,551.0,25.0
15.0,18.0,1239.0

Iteration: ,9660
Error:,0.24098871054848778
Absolute Error:,1
Transition Probabilities
0.011363636363636364,0.016414141414141416,0.9722222222222222
0.016,0.02,0.964
0.48685857321652065,0.5025031289111389,0.010638297872340425

0.009070294784580499,0.017006802721088437,0.9739229024943311
0.020531400966183576,0.008454106280193236,0.9710144927536232
0.5213358070500927,0.4582560296846011,0.02040816326530612

0.9714285714285714,0.007142857142857143,0.02142857142857143
0.01706036745406824,0.9435695538057742,0.03937007874015748
0.011138613861386138,0.012376237623762377,0.9764851485148515


Model Num 1
Model States: 
['rose'],['volcano'],"['nothing', 'b', 'volcano']","['nothing', 'b', 'rose']"
Iteration: ,0
Error:,0.7474269006631588
Absolute Error:,0.7399999999999999
Transition Probabilities
0.25,0.25,0.25,0.25
0.25,0.25,0.25,0.25
0.25,0.25,0.25,0.25
0.25,0.25,0.25,0.25

0.25,0.25,0.25,0.25
0.25,0.25,0.25,0.25
0.25,0.25,0.25,0.25
0.25,0.25,0.25,0.25

0.25,0.25,0.25,0.25
0.25,0.25,0.25,0.25
0.25,0.25,0.25,0.25
0.25,0.25,0.25,0.25

Transition Gammas
1.0,1.0,1.0,1.0
1.0,1.0,1.0,1.0
1.0,1.0,1.0,1.0
1.0,1.0,1.0,1.0

1.0,1.0,1.0,1.0
1.0,1.0,1.0,1.0
1.0,1.0,1.0,1.0
1.0,1.0,1.0,1.0

1.0,1.0,1.0,1.0
1.0,1.0,1.0,1.0
1.0,1.0,1.0,1.0
1.0,1.0,1.0,1.0

Iteration: ,2500
Error:,0.044430764000050256
Absolute Error:,0.03606739406566635
Transition Probabilities
0.020325203252032516,0.01219512195121951,0.9630773194874316,0.004402355309316348
0.03153153153153152,0.018018018018018014,0.005583309131652034,0.9448671413187985
0.0028666019173984817,0.9832444576676792,0.009690538615837492,0.004198401799084822
0.9793793169153734,0.002712962096718486,0.007198777613161535,0.010708943374746585

0.020920502092050198,0.020920502092050198,0.0044829602789706,0.9536760355369289
0.02242152466367713,0.0179372197309417,0.9411196820069296,0.01852157359845158
0.9328141273885727,0.02855304404390545,0.024161285697448805,0.014471542870073042
0.039360323642389006,0.9285685694664119,0.02093639698427195,0.011134709906927059

0.9609375,0.015625,0.009765625,0.013671875
0.026200873362445413,0.9475982532751092,0.01222707423580786,0.013973799126637555
0.00931239918085594,0.01395195590169601,0.026345573622444926,0.9503900712950031
0.010366475807133168,0.010366475807133168,0.9626058995063153,0.016661148879418376

Transition Gammas
5.0,3.0,236.91702059390823,1.0829794060918219
7.0,4.0,1.2394946272267517,209.7605053727733
1.0,343.0,3.380496802511008,1.4645918477913333
361.0,1.0,2.653475189302848,3.9473250981647654

5.0,5.0,1.071427506673974,227.92857249332616
5.0,4.0,209.86968908754534,4.130310912454703
95.58095384093433,2.9256923803447576,2.4756901350224676,1.4828290336295118
3.5349213379957387,83.39405132492374,1.8802822129427124,1.0

246.0,4.0,2.5,3.5
6.0,217.0,2.8,3.2
1.0,1.4982128268704251,2.8290855139248228,102.05641455413307
1.0,1.0,92.8575841409813,1.6072143696080248

Iteration: ,5000
Error:,0.037524443818498544
Absolute Error:,0.030538493429211194
Transition Probabilities
0.01666666666666666,0.012499999999999995,0.9685751324629569,0.0022582008703764976
0.019650655021834048,0.0131004366812227,0.015835609168159848,0.9514132991287834
0.0014854824289186807,0.9804184030863293,0.010877858717266646,0.007218255767485385
0.9869757254804558,0.001315967633973941,0.005274252800447262,0.006434054085123111

0.016460905349794226,0.018518518518518507,0.006324942265776767,0.9586956338659105
0.021531100478468897,0.00956937799043062,0.9421499292625369,0.026749592268563605
0.9421804128895399,0.03143905725188208,0.017081035034194076,0.009299494824383943
0.03154230619127434,0.9484469334292529,0.013699983695478035,0.00631077668399475

0.9678030303030303,0.015151515151515152,0.007268632268632268,0.009776822276822278
0.01762114537444934,0.9581497797356828,0.011339470431055357,0.012889604458812483
0.014558269716814518,0.016696135758073945,0.01563621643891543,0.9531093780861961
0.005591131419152842,0.01665192392075286,0.9605607701855218,0.017196174474572574

Transition Gammas
8.0,6.0,464.91606358221946,1.0839364177807191
9.0,6.0,7.252708999017214,435.74729100098307
1.0,660.0,7.32277844927786,4.859199696316658
750.0,1.0,4.007889452812868,4.889219095528697

8.0,9.0,3.073921941167511,465.92607805883284
9.0,4.0,393.8186704317405,11.181329568259589
176.50845451024705,5.889805530736997,3.1999679191743606,1.7421710711900478
6.064725796865901,182.36049543257434,2.6341334723835894,1.2133903564816209

511.0,8.0,3.8378378378378377,5.162162162162162
8.0,435.0,5.148119575699132,5.851880424300868
2.993562812296988,3.433164248681637,3.215216984371552,195.98433370106918
1.0,2.9782744622511355,171.80078559682008,3.0756162188686504

Iteration: ,7500
Error:,0.0331870142580217
Absolute Error:,0.027133339239416743
Transition Probabilities
0.01293103448275861,0.01293103448275861,0.9682672250768152,0.005870705957667579
0.016248153618906944,0.016248153618906944,0.015168547852671736,0.9523351449095143
0.0009579734238037968,0.9838387062464994,0.009737198524179288,0.005466121805517631
0.9842921671258673,0.0008883503313410355,0.00638944242100848,0.00843004012178315

0.01400560224089634,0.019607843137254877,0.00851401095650167,0.957872543665347
0.015015015015015008,0.013513513513513507,0.9455836642658235,0.025887807205647925
0.94229230909292,0.032725251928621434,0.017159610008663968,0.007822828969794556
0.02208149873269995,0.9587728696588155,0.013173184301861584,0.005972447306623077

0.9673202614379085,0.01699346405228758,0.0059302701929138234,0.009756004316890098
0.014164305949008499,0.9603399433427762,0.012985839534333339,0.012509911173881956
0.01003458634760705,0.011508154416335523,0.010884836549118619,0.9675724226869388
0.004958034058493399,0.011064592101399633,0.9707330145292951,0.013244359310811863

Transition Gammas
9.0,9.0,673.9139886534639,4.0860113465366386
11.0,11.0,10.269106896258764,644.7308931037411
1.0,1027.0,10.164372290742765,5.705922178731704
1108.0,1.0,7.192480483868462,9.489544636131708

10.0,14.0,6.0790038229422,683.9209961770587
10.0,9.0,629.7587204010388,17.241279598961526
260.44054287472005,9.044945284766927,4.742751376668858,2.1621547836579804
6.064725796865901,263.32879965906153,3.6180402258683255,1.6403440585878384

740.0,13.0,4.536656697579075,7.463343302420925
10.0,678.0,9.168002711239337,8.831997288760661
2.993562812296988,3.433164248681637,3.247213266458462,288.65054546572804
1.3345621857595948,2.9782744622511355,261.29380282088704,3.565005988723192

Iteration: ,10000
Error:,0.029998845251951543
Absolute Error:,0.024679255013684714
Transition Probabilities
0.011802575107296128,0.013948497854077242,0.963419299138897,0.010829627899729608
0.015486725663716824,0.019911504424778775,0.011373927030666104,0.9532278428808383
0.0007187300146671386,0.9860975801233142,0.007559944024447792,0.005623745837570855
0.9862519194485345,0.0006488499470056148,0.005572852929732344,0.007526377674727526

0.011258955987717492,0.015353121801432943,0.007251483906939546,0.96613643830391
0.015963511972633987,0.010262257696693276,0.9540663856420589,0.01970784468861378
0.9473644491899974,0.027592111933277548,0.015675214109210245,0.009368224767514784
0.01717324566523352,0.9679994619858941,0.010201943649783662,0.0046253486990886754

0.9694280078895463,0.015779092702169626,0.006874510397616707,0.007918389010667316
0.013348164627363738,0.9610678531701891,0.01425435507418671,0.011329627128260451
0.014444638867880605,0.009915919866686407,0.012033539047986267,0.9636059022174467
0.006437227111813388,0.01104595777579373,0.9704828865501506,0.012033928562242242

Transition Gammas
11.0,13.0,897.9067867974528,10.093213202548004
14.0,18.0,10.282030035722151,861.7179699642772
1.0,1372.0,10.518475463904185,7.824559602085561
1520.0,1.0,8.588816190015223,11.599565830992349

11.0,15.0,7.084699777079942,943.915300222921
14.0,9.0,836.7162202080854,17.283779791914277
336.4120179510644,9.798043469904307,5.566316547769072,3.326685312451205
6.090358441339881,343.2935048762134,3.6180402258683255,1.6403440585878384

983.0,16.0,6.970753543183341,8.029246456816658
12.0,864.0,12.814665211693853,10.185334788306145
5.758637519114868,3.953175202449016,4.797405465328544,384.16032085709793
2.309972543897101,3.9637966378884375,348.2538029672428,4.318325901999734

Iteration: ,12500
Error:,0.02811016199453332
Absolute Error:,0.022903790254212558
Transition Probabilities
0.014731369150779884,0.012998266897746956,0.9626510967795759,0.009619267171897167
0.015124555160142368,0.018683274021352336,0.01271543431549496,0.9534767365030105
0.0005545165681115023,0.9864849746703626,0.007660511275285212,0.0052999974862407
0.9874308105796802,0.0005308767798815486,0.005542473453128367,0.006495839187309842

0.013179571663920916,0.015650741350906088,0.008310631073112746,0.9628590559120602
0.014808362369337974,0.009581881533101041,0.9596568709877804,0.01595288510978056
0.9548521052107148,0.021764222896561974,0.01603723452123362,0.0073464373714896575
0.014177715336234102,0.9713609073315441,0.00842241797284434,0.006038959359377442

0.974025974025974,0.013798701298701298,0.005658079174661803,0.006517245500662872
0.014375561545372867,0.9640610961365679,0.012064249051111706,0.009499093266947593
0.014014107853747099,0.010243403260279196,0.011641683690742796,0.9641008051952309
0.009104423884182566,0.010738861104600516,0.9697753569356213,0.010381358075595627

Transition Gammas
17.0,15.0,1110.8993656836315,11.100634316369339
17.0,21.0,14.292148170616317,1071.7078518293824
1.0,1779.0,13.814756340598349,9.557870388419081
1860.0,1.0,10.44022579847065,12.236058221946006

16.0,19.0,10.08910612275888,1168.9108938772417
17.0,11.0,1101.6860878939724,18.313912106028088
432.3854289284564,9.855487358796559,7.262136711485396,3.326685312451205
6.090358441339881,417.27005806322194,3.6180402258683255,2.5941716446581067

1200.0,17.0,6.970753543183341,8.029246456816658
16.0,1073.0,13.427509193887328,10.57249080611267
6.74624247359978,4.931065385673394,5.604182713472087,464.1078739165516
4.198449483986044,4.952160228560788,447.2059845524539,4.787299889593411

Iteration: ,15000
Error:,0.027198443904031224
Absolute Error:,0.022505184454601382
Transition Probabilities
0.016105417276720345,0.0109809663250366,0.9625853288296892,0.010328287568553904
0.015384615384615403,0.018315018315018337,0.014878253187300539,0.9514221131130658
0.0004590031869767224,0.9863978488129764,0.007338835358057207,0.005804312641989679
0.9866873058404851,0.00044186623638176677,0.006323642784916394,0.006547185138216554

0.014442916093535067,0.015130674002751022,0.009005707659753727,0.9614207022439601
0.013728323699421964,0.009393063583815028,0.96218696014887,0.014691652567893135
0.9564098383069309,0.019699278188972335,0.017570143246338085,0.006320740257758574
0.011546000004635987,0.972998787221825,0.009333859339729118,0.006121353433810118

0.9708474576271187,0.01423728813559322,0.006103597804295122,0.008811656432993012
0.012648809523809524,0.9657738095238095,0.012319916622467038,0.009257464329913914
0.015421395556867848,0.00968468418536508,0.009963731547768041,0.964930188709999
0.007816501372918236,0.009219729181713588,0.9740432434093619,0.008920526036006383

Transition Gammas
22.0,15.0,1314.891559181356,14.108440818644636
21.0,25.0,20.308815600665213,1298.6911843993332
1.0,2149.0,15.988637042795487,12.645473510152415
2233.0,1.0,14.311215169318453,14.817120203227907

21.0,22.0,13.094298937281929,1397.905701062719
19.0,13.0,1331.6667528460362,20.333247153964102
503.37055978119986,10.367978550724958,9.247387978569455,3.326685312451205
6.090358441339881,513.2436666196534,4.923484236720347,3.228930932189593

1432.0,21.0,9.002806761335306,12.997193238664693
17.0,1298.0,16.5579679405957,12.4420320594043
8.727404228078129,5.4808368928268,5.6387576932815335,546.0813048788875
4.198449483986044,4.952160228560788,523.1843708031427,4.791450310815015

Iteration: ,17500
Error:,0.027052982440940895
Absolute Error:,0.021783186380792144
Transition Probabilities
0.016300940438871463,0.011912225705329146,0.9623100070211839,0.009476826834615587
0.016341923318667528,0.01822752985543686,0.013403465520987388,0.9520270813049081
0.00039525368715167397,0.9865532031305783,0.007608805955321523,0.005442737226948507
0.9860347518946935,0.00038144477829581955,0.0072505858673068534,0.0063332174597038856

0.014775413711583923,0.014775413711583923,0.008334169975571081,0.962115002601261
0.01236093943139679,0.008652657601977753,0.9651714570321164,0.013814945934509019
0.9598509157851514,0.017542022962872543,0.01701321928041049,0.005593841971565658
0.01033317503643594,0.9751738198342598,0.008904538569817814,0.00558846655948643

0.970314318975553,0.012805587892898719,0.006330171472318436,0.010549921659229876
0.01215611004478567,0.9667306461932181,0.011806794089546128,0.00930644967245003
0.013170403259004535,0.009765207820382236,0.009671359266140248,0.9673930296544729
0.013630678775869981,0.007895904080928707,0.970817498204317,0.007655918938884357

Transition Gammas
26.0,19.0,1534.884461198789,15.115538801211871
26.0,29.0,21.324913643890905,1514.6750863561067
1.0,2496.0,19.25043637202487,13.770237707763421
2585.0,1.0,19.008218960816002,16.603235435542715

25.0,25.0,14.101415598666271,1627.898584401334
20.0,14.0,1561.647417477964,22.352582522035586
605.331937750853,11.062912560227682,10.729421439335539,3.527767848562253
6.508397770276134,614.2177106515043,5.6085645282100405,3.5199213375146146

1667.0,22.0,10.875234589443073,18.124765410556925
19.0,1511.0,18.4540191619606,14.545980838039396
8.727404228078129,6.470942031436866,6.408753026819217,641.045672724367
8.548901383590712,4.952160228560788,608.8781923542356,4.801646131163374

Iteration: ,20000
Error:,0.027000418881917652
Absolute Error:,0.02181344978783156
Transition Probabilities
0.01438053097345133,0.011615044247787613,0.9639817832685228,0.01002264151023823
0.014876033057851262,0.01707988980716256,0.011757056357894239,0.9562870207770919
0.0003439396001994294,0.9853869545713653,0.008690585952538396,0.005578519875896899
0.9860892542957652,0.00033472140335905136,0.007308977876468165,0.006267046424407615

0.015033696215655777,0.013996889580093309,0.007312962607925557,0.9636564515963254
0.012339055793991423,0.009120171673819746,0.9660046788844345,0.012536093647754248
0.9591141416593475,0.015539842497948857,0.01992920014731915,0.005416815695384484
0.009711038549867494,0.972422224938473,0.012111904505770833,0.0057548320058884855

0.9696502057613169,0.011831275720164609,0.007273638841284528,0.011244879677233989
0.012215435868961688,0.9672404219877846,0.01209679454105052,0.008447347602203224
0.014859059993223657,0.013541215544904815,0.009070928457235037,0.9625287960046364
0.013374698273975813,0.006946372111190579,0.9718646744640658,0.00781425515076781

Transition Gammas
26.0,21.0,1742.8790641494888,18.120935850510715
27.0,31.0,21.33905728957801,1735.6609427104192
1.0,2865.0,25.267767792656795,16.219475374927047
2946.0,1.0,21.836003921828443,18.723172051489744

29.0,27.0,14.106704870688404,1858.893295129312
23.0,17.0,1800.632721440585,23.367278559413908
685.3051933558702,11.103511360339267,14.239790414056065,3.8704172592807446
7.0623926748377945,707.1980574465591,8.808432303160611,4.185225215058332

1885.0,23.0,14.139953907457123,21.860046092542873
22.0,1742.0,21.786326968431986,15.213673031568007
11.232001729689491,10.235839716094468,6.856738189900113,727.5779966249775
9.534998672858526,4.952160228560788,692.8551352252889,5.570885485837594

Iteration: ,22500
Error:,0.026553485638207683
Absolute Error:,0.021739602366906557
Transition Probabilities
0.01476377952755906,0.011811023622047247,0.9630272833056845,0.010397913544709115
0.013307047806801397,0.015771315919172028,0.011507260544960072,0.9594143757290665
0.0003072157544884837,0.9849337088900787,0.008791487659997547,0.005967587695435345
0.9854502284695678,0.0002954873248784311,0.008007970602710773,0.006246313602843049

0.014194139194139189,0.01373626373626373,0.007376868613875761,0.9646927284557213
0.012476007677543189,0.00959692898272553,0.9662294397578659,0.011697623581865293
0.9598795505860309,0.014036909258727082,0.021166060066200632,0.004917480089041442
0.009385877006734182,0.9722954786648293,0.012767205076473677,0.005551439251962895

0.970548255550521,0.01042138649750793,0.0068984154837464975,0.0121319424682245
0.011881188118811881,0.9668316831683168,0.01208591817965971,0.009201210533211575
0.015518841107489172,0.012976737434488012,0.008116363808196034,0.9633880576498267
0.014501577004333875,0.00870128239892578,0.9684979449569114,0.008299195639828911

Transition Gammas
30.0,24.0,1956.8714396771504,21.128560322848912
27.0,32.0,23.348231645723956,1946.6517683542734
1.0,3206.0,28.616656312549573,19.424745014693073
3335.0,1.0,27.10089377270378,21.139023832622588

31.0,30.0,16.11108105270467,2106.888918947296
26.0,20.0,2013.622152455392,24.377847544607263
764.2808443165425,11.17654902982861,16.85296269555291,3.9154244218119034
7.647205324946068,792.1841673966063,10.402164717845537,4.523071821446848

2142.0,23.0,15.22480297262852,26.775197027371473
24.0,1953.0,24.413554722912615,18.586445277087382
13.20530936394404,11.042179707245724,6.906385229102223,819.767226861788
11.511915748445578,6.90741633478415,768.8313306583573,6.5882242294768885

Iteration: ,25000
Error:,0.025845207106032872
Absolute Error:,0.021014598645382992
Transition Probabilities
0.014801915542011313,0.011754462342185454,0.9624988060721816,0.010944816043621552
0.012329370321444313,0.014971378247468093,0.011166967054024722,0.9615322843770628
0.0002761446643011122,0.9850080175620672,0.008658102671871882,0.006057735101759773
0.985894340048689,0.00026703530337180093,0.008000014638771175,0.00583861000916807

0.014231896190874843,0.013394725826705735,0.007164109496435277,0.9652092684859842
0.013060513713539407,0.010013060513713545,0.9663089709228946,0.010617454849852445
0.9627195547267035,0.013040091033701419,0.019821924541260996,0.0044184296983341455
0.009844022727163525,0.973682299419874,0.011481353081682221,0.004992324771280354

0.9694845360824742,0.010309278350515464,0.007184825176471594,0.013021360390538713
0.012461059190031152,0.9661771250556297,0.012322315363221818,0.009039500391117299
0.014900733029203235,0.011591071779432145,0.007727339824102399,0.9657808553672622
0.012926265365300773,0.00775605889437554,0.9696522448335747,0.009665430906749031

Transition Gammas
34.0,27.0,2210.859757547802,25.140242452198716
28.0,34.0,25.360182179690113,2183.639817820307
1.0,3567.0,31.353503402951723,21.936817490539415
3692.0,1.0,29.958640441007624,21.86456223370138

34.0,32.0,17.115057586983877,2305.8849424130162
30.0,23.0,2219.6117062098874,24.388293790111053
864.2626914923077,11.706487230635759,17.794745905468698,3.966559030096631
8.918735027628532,882.1611520314065,10.402164717845537,4.523071821446848

2351.0,25.0,17.423201052943615,31.57679894705638
28.0,2171.0,27.688242621159425,20.31175737884057
14.195112842810367,11.042179707245724,7.361413734673246,920.0465639170818
11.511915748445578,6.90741633478415,863.5560722573407,8.607871115628127

Iteration: ,27500
Error:,0.026618968319296023
Absolute Error:,0.02136873849987953
Transition Probabilities
0.014263074484944524,0.011885895404120437,0.9630941413124959,0.010756888798439107
0.011937922801432565,0.013927576601671324,0.011290103179371182,0.9628443974175249
0.0002506229058388612,0.9839455283233691,0.009492114628181078,0.006311734142610934
0.9859476532288975,0.00024332370514039918,0.008007325593639196,0.005801697472322754

0.014105985512771629,0.012962256957682036,0.008051811078477933,0.9648799464510684
0.013444049031237663,0.01225780941083434,0.9630687261719673,0.01122941538596071
0.9628634051654824,0.012839934874352288,0.018637155836988127,0.005659504123177201
0.009364324710873036,0.975701935866798,0.010408090814205326,0.0045256486081237755

0.9695717505634861,0.010894064613072877,0.0070043670793673825,0.012529817744073636
0.012555690562980963,0.9671931956257594,0.011477672667458732,0.008773441143800886
0.014678388656786057,0.014206480763114659,0.007180214035905858,0.9639349165441934
0.01571111735146076,0.00801229759459891,0.9667022613860904,0.009574323667849851

Transition Gammas
36.0,30.0,2430.849612672741,27.150387327260322
30.0,35.0,28.37202928975975,2419.6279707102376
1.0,3926.0,37.87409054415825,25.18418706177273
4052.0,1.0,32.908119613824404,23.843535791036636

37.0,34.0,21.119900458847628,2530.880099541154
34.0,31.0,2435.6008084889017,28.399191511094596
953.245553895105,12.711679315692201,18.450992989816474,5.602972460815964
9.358992907800635,975.1463965470901,10.402164717845537,4.523071821446848

2581.0,29.0,18.645625165275973,33.35437483472402
31.0,2388.0,28.33837381595561,21.661626184044387
15.182257422366714,14.694150226891024,7.426691061924936,997.0241545972184
15.464672115080333,7.886616363246661,951.5385297438825,9.42414043092771

Iteration: ,27995
Error:,0.026721876894964042
Absolute Error:,0.021367812131328667
Transition Probabilities
0.01438569206842923,0.01205287713841368,0.9630046755034772,0.010556755289679807
0.012128325508607209,0.013693270735524269,0.011101226655881995,0.9630771770999865
0.00024620387842055094,0.9840769020469422,0.0094764495451602,0.006200444529477105
0.9855515125910517,0.00023944400208723317,0.008423201117090539,0.005785842289770597

0.014258911819887423,0.012757973733583483,0.007925223421203087,0.965057891025326
0.013980582524271867,0.012427184466019437,0.9625624855198142,0.011029747489894529
0.9635986699612363,0.012585717918410257,0.018268160116164004,0.0055474520041894826
0.010197039748964146,0.9751190400489422,0.01023397895529236,0.004449941246801384

0.969440353460972,0.010677466863033874,0.006948883807510667,0.01293329586848344
0.012296707655692185,0.9674732249107497,0.011637593738974855,0.008592473694583255
0.014441159453487657,0.014922211074058684,0.007064699495468308,0.9635719299769853
0.015459870215698019,0.007884167508336488,0.9672334110647315,0.009422551211234004

*,*,*,*,*,*,*,*,*,*,*
Model Num 1
Model States: 
['rose'],['volcano'],"['nothing', 'b', 'volcano']","['nothing', 'b', 'rose']"
Iteration: ,27995
Error:,0.026756747174535356
Transition Probabilities
0.01438569206842923,0.01205287713841368,0.9630046755034772,0.010556755289679807
0.012128325508607209,0.013693270735524269,0.011101226655881995,0.9630771770999865
0.00024620387842055094,0.9840769020469422,0.0094764495451602,0.006200444529477105
0.9855515125910517,0.00023944400208723317,0.008423201117090539,0.005785842289770597

0.014258911819887423,0.012757973733583483,0.007925223421203087,0.965057891025326
0.013980582524271867,0.012427184466019437,0.9625624855198142,0.011029747489894529
0.9635986699612363,0.012585717918410257,0.018268160116164004,0.0055474520041894826
0.010197039748964146,0.9751190400489422,0.01023397895529236,0.004449941246801384

0.969440353460972,0.010677466863033874,0.006948883807510667,0.01293329586848344
0.012296707655692185,0.9674732249107497,0.011637593738974855,0.008592473694583255
0.014441159453487657,0.014922211074058684,0.007064699495468308,0.9635719299769853
0.015459870215698019,0.007884167508336488,0.9672334110647315,0.009422551211234004

Transition Gammas
37.0,31.0,2476.8480253949447,27.151974605056477
31.0,35.0,28.374735332434355,2461.6252646675634
1.0,3997.0,38.49025289915656,25.18418706177273
4116.0,1.0,35.178167102393466,24.163655131619144

38.0,34.0,21.120720417506234,2571.879279582495
36.0,32.0,2478.5984002135174,28.401599786478368
973.2426358974021,12.711679315692201,18.450992989816474,5.602972460815964
10.364618450606647,991.1441989873375,10.402164717845537,4.523071821446848

2633.0,29.0,18.873168421198972,35.126831578801024
31.0,2439.0,29.33837381595561,21.661626184044387
15.182257422366714,15.687995868125109,7.427248947518573,1013.0209511913002
15.464672115080333,7.886616363246661,967.5338377471256,9.425477894460304

