0,1,2,3,4,5,6,7,8,9,10,11,12,13,14,15,16,17,18,19,20,21,22,23,24,25,26,27,28,29
github Code Version (SHA):,cd93f48c3be2409aefa56252372b16f046dc3cc1
Environment Observations,Environment Actions,alpha,epsilon,numActions,explore,patience,gainThresh,insertRandActions,useBudd,revisedSplitting,haveControl,confidence_factor
"['diamond', 'square']","['x', 'y']",0.99,0.99,75000,0.5,0,0.01,False,True,False,False,250

Model Num 0
Model States: 
['diamond'],['square']
Iteration: ,0
Error:,0.6737978865154468
Absolute Error:,1
Transition Probabilities
0.5,0.5
0.5,0.5

0.5,0.5
0.5,0.5

Transition Gammas
1.0,1.0
1.0,1.0

1.0,1.0
1.0,1.0

Iteration: ,2495
Error:,0.16234726506784142
Absolute Error:,1
Transition Probabilities
0.492,0.508
0.023255813953488372,0.9767441860465116

0.04474708171206226,0.9552529182879378
0.9616402116402116,0.03835978835978836


Model Num 1
Model States: 
['square'],"['diamond', 'x', 'square']","['diamond', 'x', 'diamond']"
Iteration: ,0
Error:,0.7240586164724342
Absolute Error:,1
Transition Probabilities
0.3333333333333333,0.3333333333333333,0.3333333333333333
0.3333333333333333,0.3333333333333333,0.3333333333333333
0.3333333333333333,0.3333333333333333,0.3333333333333333

0.3333333333333333,0.3333333333333333,0.3333333333333333
0.3333333333333333,0.3333333333333333,0.3333333333333333
0.3333333333333333,0.3333333333333333,0.3333333333333333

Transition Gammas
1.0,1.0,1.0
1.0,1.0,1.0
1.0,1.0,1.0

1.0,1.0,1.0
1.0,1.0,1.0
1.0,1.0,1.0

Iteration: ,2500
Error:,0.12491831900820821
Absolute Error:,1
Transition Probabilities
0.9700272479564033,0.022970656109875063,0.0070020959337216675
0.9958071278825996,0.0020964360587002098,0.0020964360587002098
0.0032362459546925555,0.9830215024592531,0.013742251586054296

0.01793103448275862,0.3856856639903265,0.5963833015269149
0.889940710495355,0.05901974327607579,0.05103954622856912
0.9787488536972049,0.010493260499590226,0.010757885803204845

Transition Gammas
712.0,16.860461584648295,5.139538415351704
475.0,1.0,1.0
1.0,303.7536442599093,4.246355740090779

13.0,279.6221063929867,432.3778936070133
63.41389651819951,4.205529479100401,3.6368900362730803
120.13946304497011,1.2880267264167573,1.3205089528472447

Iteration: ,5000
Error:,0.12287033703767056
Absolute Error:,1
Transition Probabilities
0.9746300211416491,0.0200623662942493,0.0053076125641016506
0.9979231568016614,0.0010384215991692627,0.0010384215991692627
0.0016181229773462775,0.9768930713015173,0.021488805721136428

0.025710419485791614,0.40094380533834645,0.5733457751758619
0.9255021521242033,0.03637639936146818,0.03812144851432852
0.9826438700453015,0.009389199007709821,0.007966930946988611

Transition Gammas
1383.0,28.46849777153976,7.531502228460242
961.0,1.0,1.0
1.0,603.719918064338,13.28008193566232

38.0,592.594944290076,847.4050557099238
143.3756170428001,5.6353069436686685,5.905643969343991
225.96688095824265,2.159122016779694,1.832060008492924

Iteration: ,7500
Error:,0.1192763966458971
Absolute Error:,1
Transition Probabilities
0.9746835443037974,0.018259514688748955,0.007056941007453576
0.9986159169550173,0.0006920415224913495,0.0006920415224913495
0.0010822510822510816,0.981265637518683,0.017652111399065903

0.025339366515837094,0.4042359682362208,0.570424665247942
0.9029090842866341,0.05281181506030316,0.04427910065306272
0.9851453373702708,0.008913088499441333,0.005941574130287945

Transition Gammas
2079.0,38.94754483110152,15.052455168898478
1443.0,1.0,1.0
1.0,906.6894490672637,16.310550932736906

56.0,893.3614898020484,1260.6385101979524
214.40286611426663,12.540581007191452,10.51442083615691
331.6801359765683,3.000871336768814,2.0004176446790307

Iteration: ,10000
Error:,0.11839018281174722
Absolute Error:,1
Transition Probabilities
0.9757617728531855,0.017850353136408776,0.00638787401040563
0.9989479221462388,0.0005260389268805891,0.0005260389268805891
0.0008130081300813,0.983467359991393,0.01571963187852583

0.02292165583304823,0.4035874371280067,0.5734909070389451
0.914014700582689,0.043239294804354816,0.042746004612956204
0.9876643079932927,0.0072510728781013415,0.0050846191286059396

Transition Gammas
2818.0,51.551819857948544,18.44818014205146
1899.0,1.0,1.0
1.0,1209.6648527894145,19.33514721058679

67.0,1179.686078725164,1676.3139212748372
296.08216012252456,14.006759190729035,13.846964796455678
439.7723702738052,3.2286491278698564,2.2640030504592756

Iteration: ,12500
Error:,0.12042257179815367
Absolute Error:,1
Transition Probabilities
0.9748062015503876,0.01889385470432814,0.006299943745284266
0.999163529903806,0.0004182350480970305,0.0004182350480970305
0.0006476683937823826,0.984225491968327,0.01512683963789061

0.02303894679100383,0.4057228241482696,0.5712382290607265
0.9107434497110699,0.043579437480861724,0.04567711280806842
0.9893862786684973,0.006209751219059685,0.004403970112443002

Transition Gammas
3521.0,68.24460319203324,22.75539680796677
2389.0,1.0,1.0
1.0,1519.6441595990989,23.355840400903134

84.0,1479.2654168445918,2082.73458315541
374.72799865940016,17.930884262836628,18.793978779136186
535.4308619136099,3.3605605001565335,2.383317379659366

Iteration: ,15000
Error:,0.12010055285593126
Absolute Error:,1
Transition Probabilities
0.9751821493624773,0.019527204338420173,0.005290646299102595
0.999290780141844,0.0003546099290780142,0.0003546099290780142
0.0005370569280343712,0.9799204344128022,0.01954250865916348

0.024390243902439015,0.4009054943166571,0.574704261780904
0.9208440717247851,0.03873044679124806,0.04042548148396689
0.9906055977409306,0.005492763166128625,0.0039016390929407416

Transition Gammas
4283.0,85.7634814543414,23.236518545658594
2818.0,1.0,1.0
1.0,1824.6118488766392,36.388151123362434

106.0,1742.3352783001926,2497.6647216998094
472.8786323752182,19.88914439729415,20.759591101501186
635.4579828477046,3.5235215809078273,2.5028403972821893

Iteration: ,17500
Error:,0.11989719863294768
Absolute Error:,1
Transition Probabilities
0.9758918071344571,0.01932063777844835,0.004787555087094574
0.9993930197268589,0.00030349013657056146,0.00030349013657056146
0.00045850527281063715,0.9800898067706943,0.01945168795649511

0.025393700787401566,0.4005264685773911,0.5740798306352074
0.9214640346212125,0.0377756691807912,0.04076029619799627
0.9908581429036359,0.005456755867270789,0.003685101229093195

Transition Gammas
4979.0,98.57389394564348,24.426106054356516
3293.0,1.0,1.0
1.0,2137.575868566885,42.42413143311585

129.0,2034.6744603731477,2916.3255396268546
558.0570992705906,22.877702844586413,24.68525282271526
734.0759463153705,4.042630376272054,2.7301023778109133

Iteration: ,20000
Error:,0.11960387306157431
Absolute Error:,1
Transition Probabilities
0.9760831889081456,0.018620699468593464,0.005296111623260955
0.999468085106383,0.00026595744680851064,0.00026595744680851064
0.00040080160320641255,0.97777031761823,0.021828880778563577

0.02704553235193426,0.40041907270858235,0.5725353949394834
0.922924347613413,0.03854395173404474,0.038531700652542376
0.9916076332907683,0.005162152277576996,0.0032302144316547036

Transition Gammas
5632.0,107.44143593378428,30.558564066215713
3758.0,1.0,1.0
1.0,2439.5369424574856,54.46305754251616

158.0,2339.2482227635387,3344.7517772364627
639.7936160995787,26.719605266087925,26.71111251827409
853.7316085182929,4.444391530878716,2.7810759719988205

Iteration: ,21956
Error:,0.11705680687600437
Absolute Error:,1
Transition Probabilities
0.9763742321625453,0.01859838437147476,0.005027383465979956
0.9995164410058027,0.00024177949709864604,0.00024177949709864604
0.0003648303538854433,0.978661352119868,0.020973817526246535

0.026550054661877237,0.39954920874725514,0.5739007365908676
0.9222401840896457,0.03825962739614655,0.03950018851420773
0.9918068905878922,0.0052394253108717075,0.0029536841012361413


Model Num 2
Model States: 
"['diamond', 'x', 'square']","['diamond', 'x', 'diamond']","['square', 'y', 'diamond', 'x', 'diamond']","['square', 'y', 'diamond', 'x', 'square']"
Iteration: ,0
Error:,0.6748523349046239
Absolute Error:,0.74
Transition Probabilities
0.25,0.25,0.25,0.25
0.25,0.25,0.25,0.25
0.25,0.25,0.25,0.25
0.25,0.25,0.25,0.25

0.25,0.25,0.25,0.25
0.25,0.25,0.25,0.25
0.25,0.25,0.25,0.25
0.25,0.25,0.25,0.25

Transition Gammas
1.0,1.0,1.0,1.0
1.0,1.0,1.0,1.0
1.0,1.0,1.0,1.0
1.0,1.0,1.0,1.0

1.0,1.0,1.0,1.0
1.0,1.0,1.0,1.0
1.0,1.0,1.0,1.0
1.0,1.0,1.0,1.0

Iteration: ,2500
Error:,0.043382619801961314
Absolute Error:,0.8511570047814543
Transition Probabilities
0.0013793103448275865,0.0013793103448275865,0.015539468296109448,0.9817019110142354
0.971151829967264,0.019839161023726935,0.004504504504504505,0.004504504504504505
0.007247052841819798,0.014647096444512502,0.9694877210845918,0.008618129629075827
0.01805190300136579,0.013621341404719106,0.9476514511037689,0.02067530449014621

0.028496377262904223,0.01489220226771508,0.020267772382019072,0.9363436480873617
0.0429137402373437,0.04283636706621753,0.8382393614821244,0.07601053121431443
0.004716787408193261,0.9552180338317262,0.030217286836331035,0.009847891923749337
0.9740468269349828,0.0020821907884266133,0.01095079746030174,0.012920184816288705

Transition Gammas
1.0,1.0,11.266114514679346,711.7338854853205
215.59570625273258,4.404293747267379,1.0,1.0
1.1664689121800982,2.357562864401192,156.04650774169505,1.3871542698632804
3.6369504378500075,2.7443169610566502,190.9250985760495,4.165492010035191

4.893289978587226,2.557232571824724,3.4803051128300964,160.7853850132785
1.9767899292124333,1.9732257909055062,38.612880603806616,3.501369300077694
1.242035127537486,251.53017293411233,7.956884307400919,2.593169172781218
666.1362084105593,1.42397946241909,7.489088304133763,8.835923168671975

Iteration: ,5000
Error:,0.03165281148120335
Absolute Error:,0.8565649554944412
Transition Probabilities
0.0006958942240779401,0.0006958942240779401,0.019034900782577763,0.9795733107692663
0.9725502569190239,0.023044456737363883,0.0022026431718061663,0.0022026431718061663
0.020496222997890744,0.009505828541481649,0.9656783681927005,0.004319580267926982
0.010323746398035922,0.009978468880366171,0.957944737050263,0.02175304767133485

0.026619222688339477,0.012122469537956405,0.01107091602783294,0.9501873917458711
0.019658467837701393,0.019623023758773006,0.9042295020231694,0.056489006380356165
0.0022869650674509174,0.9713343949095536,0.020989267051637492,0.005389372971357982
0.9738435546004317,0.0010635793892418506,0.010599788765061695,0.01449307724526469

Transition Gammas
1.0,1.0,27.35315242456425,1407.646847575436
441.53781664123704,10.462183358763209,1.0,1.0
6.595824077329965,3.0590403302758435,310.76187220141003,1.3900703333528435
4.234035278982024,4.092428043150351,392.8779006773757,8.921487192220454

8.98479096643587,4.091699298313323,3.736768255093194,320.716919262984
1.9767899292124333,1.9732257909055062,90.92630148256654,5.680345988599783
1.2466006901727,529.4641987830533,11.441029495896297,2.9376907244068104
1308.3259494985448,1.428883014857415,14.24045847510218,19.470960154217643

Iteration: ,7500
Error:,0.02958538396646135
Absolute Error:,0.85833683402881
Transition Probabilities
0.00046663555762949165,0.00046663555762949165,0.021231098064174135,0.9778356308205669
0.9704611642515905,0.026656991368005985,0.0014409221902017277,0.0014409221902017277
0.020956461439490228,0.008505300322274286,0.9644405295749008,0.006097708663334603
0.01004194534176436,0.009446099714407357,0.9553649868967662,0.025146968047062075

0.03288191704292455,0.011982192506311606,0.011696927698003798,0.94343896275276
0.011894232660228316,0.011872787442590692,0.9372844628960161,0.038948517001164924
0.0014742293895364667,0.9726070438824247,0.022018234876556308,0.0039004918514825167
0.9792430560832952,0.0007267244631045864,0.00827928342792655,0.011750936025673725

Transition Gammas
1.0,1.0,45.498243151525145,2095.5017568484736
673.5000479906045,18.49995200939617,1.0,1.0
10.310225025006009,4.18446408431619,474.4884489141632,2.9999696579232062
6.2726020685798325,5.9004129769732945,596.7593119765479,15.707805452245003

16.15507112277848,5.886918694356963,5.746766486655008,463.5168783916991
1.9767899292124333,1.9732257909055062,155.77419241642474,6.473140249148628
1.2495757390278297,824.3942050464669,18.66293828710882,3.3061069210001195
1928.2607324080357,1.431017801739397,16.30301795593167,23.139166896903898

Iteration: ,10000
Error:,0.0291991062115342
Absolute Error:,0.8585882863504731
Transition Probabilities
0.00035186488388458875,0.00035186488388458875,0.01992402536320074,0.9793722448690301
0.9716796061774412,0.026185922104309048,0.0010672358591248658,0.0010672358591248658
0.0239126877460131,0.00642649353386731,0.9637242957784773,0.00593652294164246
0.00996899541182059,0.010428131288341427,0.9591158081828505,0.02048706511698748

0.030093620651799474,0.01216557210552439,0.010877564113362874,0.9468632431293131
0.011998323963079077,0.011293301542121268,0.9386316757292696,0.03807669876553001
0.0010912924231490737,0.9737747990510808,0.022132104765897203,0.0030018037598730694
0.979423542557307,0.0005537770068789262,0.007634969779536863,0.012387710656277185

Transition Gammas
1.0,1.0,56.62408008221643,2783.37591991778
910.4637909882631,24.536209011737597,1.0,1.0
16.021289987670453,4.305694014975109,645.6867824657128,3.977418037517337
8.488486671240548,8.879435669322564,816.6762464633736,17.444503883729457

19.405504181498262,7.8448207710080124,7.014264528976067,610.5732120589545
2.686308440974194,2.5284607543870585,210.15053446099984,8.525003793281957
1.2510842757299598,1116.359202494425,25.372785216927763,3.4413411136560743
2534.7512990700575,1.4331766866828763,19.75932650803046,32.05943528426606

Iteration: ,12500
Error:,0.029031378159064116
Absolute Error:,0.8584883097913562
Transition Probabilities
0.00028571428571428574,0.00028571428571428574,0.022503189063794643,0.9769253823647768
0.9702950897201703,0.028035461198026676,0.0008347245409015023,0.0008347245409015023
0.021640938073400243,0.006168961594120741,0.9656272445334546,0.006562855799024367
0.010577313477100211,0.010976383467212518,0.9582154589016577,0.02023084415402961

0.029970516979141923,0.010221148274760583,0.012593998960122277,0.9472143357859752
0.014053480364054554,0.018270508759830106,0.934243206704883,0.03343280417123223
0.000857345845611058,0.9747362050754654,0.021977678130022212,0.0024287709489012113
0.9789003336555785,0.00045239150391292263,0.00739573640381696,0.013251538436691591

Transition Gammas
1.0,1.0,78.76116172328125,3419.2388382767185
1162.4135174847643,33.586482515235964,1.0,1.0
18.84307202779961,5.371402443853607,840.7853513112834,5.714371720377473
11.377086799833684,11.806331326484623,1030.6681817144504,21.76054160374603

24.340249053243742,8.301001106886082,10.22808753946444,769.2704418772284
4.061333513943255,5.280018018375323,269.9881557645466,9.661789430682571
1.252747498108044,1424.2774353835034,32.11362302920581,3.5489024006932786
3104.6356670498976,1.4347842678461824,23.455980383257508,42.02797512612831

Iteration: ,15000
Error:,0.027369281391132226
Absolute Error:,0.8589866836461435
Transition Probabilities
0.0002390628735357399,0.0002390628735357399,0.022212104567938918,0.9773097696849896
0.9723011522128495,0.02630122374801697,0.0006988120195667365,0.0006988120195667365
0.023378230091141882,0.005359307983968703,0.9630508547576411,0.008211607167248254
0.010277107519348816,0.009899160112781075,0.9577912985783403,0.022032433789529692

0.026936846459044518,0.01206036213414876,0.011964298566289205,0.9490384928405176
0.011767645955529584,0.014994671720521031,0.9431180170243975,0.030119665299551915
0.0007117981130038658,0.977995761043018,0.01877771151879644,0.002514729325181673
0.9789328487451131,0.0003780188379950465,0.007107008801104842,0.01358212361578699

Transition Gammas
1.0,1.0,92.9132334076885,4088.0867665923115
1391.3629488165877,37.63705118341228,1.0,1.0
24.4984928973001,5.616120983831417,1009.1993462737996,8.605099662291156
13.281481995237572,12.793046735995071,1237.7887322200038,28.473320157055618

26.312077695059784,11.780636088443421,11.686800603097044,927.0266509180635
4.277842465008174,5.450949465790187,342.8476959612695,10.949274284523439
1.2546190322052344,1723.820382218334,33.09769135706253,4.432474903456814
3718.558376432832,1.4359362016279498,26.996567887785062,51.592833569712234

Iteration: ,17500
Error:,0.02753113032079292
Absolute Error:,0.8581294377869
Transition Probabilities
0.0002057613168724277,0.0002057613168724277,0.021205293929764522,0.9783831834364907
0.9755695095360868,0.023229289262712026,0.0006006006006006006,0.0006006006006006006
0.021115066781608006,0.005253993843569952,0.9630329538329101,0.01059798554191202
0.010087008234420474,0.009289264915961847,0.9601145555267382,0.020509171322879396

0.025505744614116765,0.011601827886779758,0.011021003173295109,0.9518714243258083
0.01606559908062024,0.015656162263688517,0.9384884677988107,0.029789770856880525
0.0006102472178648825,0.9769362343990156,0.019732800948842073,0.0027207174342775264
0.9784912167587354,0.0003252915129454482,0.0068729308318445466,0.014310560896474412

Transition Gammas
1.0,1.0,103.05772849865572,4754.942271501351
1624.3232333775845,38.67676662241552,1.0,1.0
26.42556613030192,6.575388238051486,1205.2384806728767,13.263409047312143
15.30760273606373,14.096982349867979,1457.027877400171,31.12382182709158

29.147121737968856,13.258185358437599,12.59443807763922,1087.7671953306703
6.707011095396204,6.536080820076601,391.7969404590046,12.436531165988399
1.2557434739687592,2010.3021610199373,40.605405955524525,5.5985886745386155
4322.467125403651,1.4369693327826831,30.36104674933047,63.21664207267952

Iteration: ,20000
Error:,0.02668057017240805
Absolute Error:,0.8576592617503687
Transition Probabilities
0.00017956545160711053,0.00017956545160711053,0.020323812883851218,0.9793170562129345
0.9779579084741062,0.020985009073462468,0.0005285412262156448,0.0005285412262156448
0.0197224455818914,0.005311681121341512,0.9644834848552548,0.010482388441512266
0.01084181102787916,0.01000925976305528,0.9577570948444569,0.021391834364608637

0.025241813986491876,0.011151861130703666,0.010234543633356468,0.9533717812494481
0.019483938157011493,0.014924796337973762,0.9378452311422881,0.027746034362726654
0.0005385684517746375,0.9788036401130185,0.01824086731795379,0.0024169241172530744
0.9780104313314499,0.0002834786868120172,0.006781364110861732,0.014924725870876543

Transition Gammas
1.0,1.0,113.1833139501676,5453.81668604984
1850.296362833009,39.70363716699099,1.0,1.0
28.276902055513204,7.615581252063385,1382.8206508250194,15.029042419599373
18.81514261118039,17.370312892372407,1662.114962161756,37.123909764694986

32.946041224218995,14.555597182339877,13.358298917663994,1244.3569239461292
9.156700066312297,7.01407911051302,440.7511161751936,13.039566880253906
1.2563306684197106,2283.2771347501794,42.55087901010123,5.6380129243420125
4960.399699266891,1.4377838392751763,34.394598890262486,75.69715347590906

Iteration: ,22500
Error:,0.02692029405697924
Absolute Error:,0.8581966962889267
Transition Probabilities
0.00015926102882624597,0.00015926102882624597,0.020593003642854418,0.9790884742994932
0.9765835851238516,0.022474795290460904,0.00047080979284369086,0.00047080979284369086
0.021249196509946788,0.005590579664330559,0.9618656263424341,0.011294597483288529
0.010934697564848677,0.00915786632306062,0.9590529526897913,0.0208544834222994

0.02682547851841065,0.011014716124609235,0.009918636957856195,0.9522411683991239
0.017427893346622876,0.01334985549133823,0.943266225153096,0.02595602600894291
0.000480643320463226,0.9788677739889504,0.018096541317212046,0.002555041373374279
0.9784986561966061,0.0002508480729861825,0.006501592661192688,0.014748903069214982

Transition Gammas
1.0,1.0,129.3034698734831,6147.696530126527
2074.263534803062,47.736465196938994,1.0,1.0
33.701008231839566,8.866602141881687,1525.5090410649634,17.913116036243686
21.26747804192113,17.81162394126408,1865.313374366932,40.561000030319406

39.747740706363885,16.32068110824934,14.696603070504482,1410.950974293966
9.156700066312297,7.01407911051302,495.5966699258689,13.637422512879132
1.2570971652717768,2560.176853537595,47.330546004813115,6.6825754793083805
5611.323217971736,1.4385197232687998,37.284198217861295,84.57943371490107

Iteration: ,25000
Error:,0.027349939376685034
Absolute Error:,0.8582653752900145
Transition Probabilities
0.0001431639226914815,0.0001431639226914815,0.020246564794355302,0.9794671073602618
0.9776516625259479,0.021501238787054986,0.00042354934349851756,0.00042354934349851756
0.02083886284859073,0.005670184936714767,0.9621472235783624,0.011343728636332219
0.010821753602679549,0.008843021750150764,0.9607850056423504,0.019550219004819264

0.02962150303224155,0.011246893589153303,0.00958345210391032,0.9495481512746948
0.016453849286723415,0.01426764096836065,0.9423415392015801,0.026936970543335763
0.00043116886582925205,0.9790317943565607,0.018203265772439484,0.0023337710051705702
0.9789137500229732,0.00022622873411944539,0.006089728022673215,0.014770293220234227

Transition Gammas
1.0,1.0,141.422255088572,6841.577744911439
2308.235575223763,50.76442477623682,1.0,1.0
36.47051009050401,9.923503909593832,1683.8730731623446,19.85288605722896
23.463477553993,19.173236608599066,2083.1519771916096,42.38833572052893

48.543993812431935,18.431513492299086,15.70545016326796,1556.1283142828026
9.71684908111657,8.425779987238725,556.501421626445,15.907674423836847
1.257835911811091,2856.099888794397,53.103837534232845,6.808239677976895
6227.250607157254,1.4391288526376016,38.7391254088773,93.95957245613897

Iteration: ,27500
Error:,0.02756814857599375
Absolute Error:,0.8583487260999908
Transition Probabilities
0.00013000520020800823,0.00013000520020800823,0.021391834199408297,0.9783481554001756
0.9766535980756318,0.022578352769222255,0.0003840245775729646,0.0003840245775729646
0.021296454785087945,0.005114999170686845,0.9628538856450446,0.010734660399180638
0.011780822536882209,0.00848080629766567,0.9593662662123635,0.020372104953088447

0.02944726407492329,0.010945523115193416,0.009564050402790547,0.9500431624070927
0.016840541747553568,0.013267365973733215,0.9439051384141943,0.025986953864518967
0.00039285231135761055,0.9785109210597476,0.01865066860472353,0.0024455580241714006
0.9796891331729859,0.00020593789180604395,0.005711783395561312,0.014393145539646754

Transition Gammas
1.0,1.0,164.54598866184875,7525.454011338157
2543.2059693889455,58.794030611054765,1.0,1.0
41.3168106715314,9.923503909593832,1868.0128734572554,20.82609222107202
28.125672158857196,20.247175171695826,2290.4021344248895,48.63659929538632

53.043299375265946,19.71614945079105,17.227705346907456,1711.310896481479
10.6950166228714,8.425779987238725,599.4510923153676,16.50367949708017
1.2582611504782442,3134.058885980161,59.735964527406544,7.832843448015508
6849.06949369809,1.4397249950063713,39.931443643197674,100.62340256309129

Iteration: ,30000
Error:,0.0261933099390309
Absolute Error:,0.8586588425854884
Transition Probabilities
0.00011953143676786977,0.00011953143676786977,0.02123773074984891,0.9785232063766153
0.9767871646803632,0.022507616701865272,0.0003526093088857546,0.0003526093088857546
0.020028632144433938,0.005644219857107372,0.9630746424264535,0.01125250557200509
0.011914764254970714,0.008532342228183554,0.9590716854112578,0.02048120810558783

0.028194212273322826,0.01089574894425209,0.00892287154008735,0.9519871672423377
0.015447791432259553,0.012170125254281754,0.9466526895738584,0.025729393739600426
0.000361400504886919,0.9799520953289054,0.017437531101825398,0.002248973064382351
0.9800463555085803,0.00018841784825369683,0.005428235896409969,0.014336990746756007

Transition Gammas
1.0,1.0,177.67485545323623,8186.325144546776
2770.16839903351,63.831600966489916,1.0,1.0
42.254623775905905,11.907672218986168,2031.8090816378626,23.739533786060154
31.00718396194246,22.20471168660884,2495.9043709010566,53.300642287391184

56.44590952011281,21.813713151441593,17.863935857783105,1905.9153341664355
10.6950166228714,8.425779987238725,655.3989478350579,17.81330975033625
1.2587049714579122,3413.0294714641855,60.73236420819962,7.832843448015508
7492.57492816289,1.4404776242563038,41.499531071149484,109.60805762978721

Iteration: ,32500
Error:,0.025459581969607438
Absolute Error:,0.8586528026190263
Transition Probabilities
0.00011001100110010983,0.00011001100110010983,0.020988953840444337,0.9787910241573555
0.9769722522436519,0.02236855197520108,0.0003295978905735004,0.0003295978905735004
0.019882158916491876,0.005803729918590629,0.9637937025899924,0.010520408574925132
0.012258052333884183,0.008056873865705163,0.9573624418159071,0.022322631984503582

0.027482543436763457,0.010272808992275633,0.008542672338139604,0.9537019752328214
0.016923935654048778,0.011300998206380508,0.9473724013226453,0.024402664816925327
0.0003374066609119304,0.9805072116031756,0.01703951735114297,0.0021158643847695104
0.9801310109969993,0.00017208910791266388,0.0051486373167662965,0.014548262578321827

Transition Gammas
1.0,1.0,190.78959040963932,8897.210409590376
2964.133813307239,67.86618669276005,1.0,1.0
44.88142493571828,13.101176274793009,2175.6407288561772,23.74847368094077
34.2184940257216,22.49085602918665,2672.4882635043723,62.313883836885125

60.38231937320193,22.570546822158995,18.76923693795172,2095.393295306425
12.618120606256719,8.425779987238725,706.3403846060102,18.19409941447972
1.2591141182608696,3658.998520803959,63.58705784642246,7.895856922291242
8207.494491440537,1.4410526647793507,43.114044899773035,121.82533113623977

Iteration: ,35000
Error:,0.02491459693022467
Absolute Error:,0.8587631295452485
Transition Probabilities
0.00010190563538163643,0.00010190563538163643,0.021799392050364106,0.9779967966788726
0.9770110717609327,0.02237505469701701,0.00030693677102516884,0.00030693677102516884
0.019293028283989922,0.005485150535433183,0.9629950687735097,0.012226752407067257
0.012206108108773392,0.007696742010709164,0.9563572628684456,0.023739887012071952

0.025814815555526994,0.01014182697875994,0.008238444338605991,0.9558049131271071
0.016001577246255748,0.010685091190117695,0.9502197041559414,0.023093627407685155
0.0003152724395540496,0.9810428973923049,0.016653324197425785,0.0019885059707152736
0.9797163833452516,0.00015898541703125363,0.004965867686366178,0.015158763551351009

Transition Gammas
1.0,1.0,213.91743419022333,9597.082565809793
3183.1020717971182,72.8979282028814,1.0,1.0
46.62472350043725,13.255753493352472,2327.233348385677,29.547924871953924
36.56292660302374,23.055294178305317,2864.7313375337258,71.11191697233704

61.229538948375136,24.055155020106692,19.540567602339333,2267.0506411127367
12.618120606256719,8.425779987238725,749.300312398068,18.21059082999534
1.2594195292778072,3918.9742870731766,66.52507193873204,7.943489310853626
8883.31263956289,1.4415571573862438,45.026658668366956,137.44797795058156

Iteration: ,37500
Error:,0.024132344735182817
Absolute Error:,0.8590251174232968
Transition Probabilities
9.51746454744454e-05,9.51746454744454e-05,0.021609245485693252,0.9782004052233578
0.9779068758201225,0.021518741641106776,0.00028719126938541074,0.00028719126938541074
0.01855566576361529,0.005061083244801264,0.9650955620279039,0.011287688963679663
0.012146717617843902,0.0073582063881286065,0.9561134986176214,0.024381577376406192

0.02554959686780303,0.010011521113534212,0.008008685630900948,0.9564301963877617
0.01485454771055453,0.01101782585463511,0.9526569203126944,0.021470706122115966
0.0002945920205275606,0.9818428350924046,0.015995208661407963,0.001867364225659915
0.9798438271414636,0.00014847363577632128,0.004747155411726224,0.015260543811033894

Transition Gammas
1.0,1.0,227.04834231817952,10277.951657681844
3405.0717416056655,74.92825839433378,1.0,1.0
48.60013545917933,13.255753493352472,2527.7333426418886,29.564189161652152
38.93824159133686,23.58790473559455,3064.9743880783203,78.15903687970118

64.85751571366346,25.414193080947538,20.33000586426135,2427.892964894968
12.618120606256719,9.359036583371642,809.2296144667963,18.23818298808642
1.2598476962744891,4198.9339415222,68.4048629267584,7.985941077392291
9516.245593425634,1.4419763058754391,46.10438471601887,148.21043800285508

Iteration: ,40000
Error:,0.023210935042242028
Absolute Error:,0.8590441601288699
Transition Probabilities
8.936550491510254e-05,8.936550491510254e-05,0.02137407292547014,0.9784471960646997
0.9791050178299764,0.020358932853486472,0.0002680246582685608,0.0002680246582685608
0.018356923547043633,0.00471941654442205,0.9660564627554771,0.010867197153057347
0.011908104892018491,0.007364482371753785,0.9559965999190976,0.024730812817130236

0.02633175116232771,0.009785710783336253,0.007770877243679396,0.9561116608106567
0.013952232319679708,0.010348565905673346,0.9544548305802234,0.021244371194423645
0.00027500148483685006,0.9821914334571092,0.015780549165512747,0.00175301589254113
0.9792071068096024,0.00013988750550694075,0.004637120531919071,0.01601588515297156

Transition Gammas
1.0,1.0,239.1758760360115,10948.824123964017
3653.0408215236407,75.959178476358,1.0,1.0
51.56036792800777,13.255753493352472,2713.4299781361797,30.523452479490977
41.03336308338872,25.376790162801964,3294.2064204740227,85.21829719125157

70.95825647740922,26.370330301888682,20.940798700101393,2576.5098580267345
12.618120606256719,9.359036583371642,863.1899103699884,19.212985549073586
1.2601974382549248,4500.903437131998,72.31454639029738,8.033215305405063
10097.4457888804,1.4425002571725525,47.817333904074054,165.1535522653326

Iteration: ,42500
Error:,0.024345221125698393
Absolute Error:,0.8591127693767285
Transition Probabilities
8.415383320710239e-05,8.415383320710239e-05,0.021569015039124055,0.9782626772944618
0.9792961468689988,0.020198802625950706,0.0002525252525252526,0.0002525252525252526
0.019480197219949393,0.004799613470769366,0.9648571764559245,0.010863012853356793
0.011849040780741213,0.007073482960758727,0.9560955670553228,0.024981909203177124

0.026151121660136646,0.009616532500202678,0.007596750918230329,0.9566355949214304
0.013062988534674459,0.010712925600273761,0.9546367598133121,0.02158732605173973
0.00025878099289934793,0.982280015566676,0.015629995406544365,0.0018312080338803306
0.9788214333707331,0.000131678263300331,0.004558510289078355,0.016488378076888237

Transition Gammas
1.0,1.0,256.30460570991175,11624.695394290116
3878.0127416012347,79.9872583987648,1.0,1.0
58.1921080854902,14.337617977171139,2882.2640995587367,32.450473214369744
43.39407795485033,25.90482020370502,3501.455209481538,91.48984592792056

74.91160887390387,27.547190164179128,21.761392910592534,2740.345613199754
12.618120606256719,10.348090478016958,922.1260310009671,20.85215668408514
1.2605697900123638,4784.866535533515,76.13658100146924,8.920150977376123
10725.381545335578,1.4428572638215762,49.94962355936209,180.6704879043983

Iteration: ,43920
Error:,0.02299750047749222
Absolute Error:,0.8589714651907805
Transition Probabilities
8.136696501220489e-05,8.136696501220489e-05,0.02224384814853096,0.9775934179214446
0.9792280563823752,0.02028318506435009,0.00024437927663734126,0.00024437927663734126
0.01954059455571741,0.00529332213842034,0.9643035924912641,0.010862490814598174
0.011748601105620997,0.006861043557799278,0.9566504422684561,0.02473991306812369

0.02568587764924126,0.009322261471094082,0.007540884425683645,0.957450976453981
0.012613271583641205,0.010344113806187527,0.9557236780804276,0.0213189365297437
0.00025018238552724354,0.9816226410022914,0.01624174677477203,0.0018854298374095311
0.9784817390578131,0.00012731911755812608,0.004547303897966408,0.016843637926662373


Model Num 3
Model States: 
"['diamond', 'x', 'square']","['diamond', 'x', 'diamond']","['square', 'y', 'diamond', 'x', 'diamond']","['square', 'x', 'square', 'y', 'diamond', 'x', 'diamond']","['square', 'x', 'square', 'y', 'diamond', 'x', 'square']"
Iteration: ,0
Error:,0.648710841917693
Absolute Error:,1
Transition Probabilities
0.2,0.2,0.2,0.2,0.2
0.2,0.2,0.2,0.2,0.2
0.2,0.2,0.2,0.2,0.2
0.2,0.2,0.2,0.2,0.2
0.2,0.2,0.2,0.2,0.2

0.2,0.2,0.2,0.2,0.2
0.2,0.2,0.2,0.2,0.2
0.2,0.2,0.2,0.2,0.2
0.2,0.2,0.2,0.2,0.2
0.2,0.2,0.2,0.2,0.2

Transition Gammas
1.0,1.0,1.0,1.0,1.0
1.0,1.0,1.0,1.0,1.0
1.0,1.0,1.0,1.0,1.0
1.0,1.0,1.0,1.0,1.0
1.0,1.0,1.0,1.0,1.0

1.0,1.0,1.0,1.0,1.0
1.0,1.0,1.0,1.0,1.0
1.0,1.0,1.0,1.0,1.0
1.0,1.0,1.0,1.0,1.0
1.0,1.0,1.0,1.0,1.0

Iteration: ,2500
Error:,0.310104010227667
Absolute Error:,1
Transition Probabilities
0.002105263157894737,0.002105263157894737,0.4063157894736842,0.5672483134573317,0.02222537075319465
0.975529466067659,0.016554966650019088,0.0026385224274406327,0.0026385224274406327,0.0026385224274406327
0.2,0.2,0.2,0.2,0.2
0.014340549076097792,0.0029094930723205115,0.6975440232978097,0.2725343572125655,0.012671577341206545
0.05555555555555555,0.05555555555555555,0.7777777777777778,0.05555555555555555,0.05555555555555555

0.025047671374090197,0.02620385277496838,0.3461374207247634,0.5906053488258185,0.012005706300359442
0.020618509353040264,0.010454358858868498,0.49092912043872844,0.45285712054963095,0.025140890799731908
0.3176745668250627,0.6525957034452076,0.01081081081081081,0.011972237073782449,0.0069466818451364674
0.2,0.2,0.2,0.2,0.2
0.2,0.2,0.2,0.2,0.2

Transition Gammas
1.0,1.0,193.0,269.44294889223255,10.557051107767458
369.72566763964284,6.274332360357236,1.0,1.0,1.0
1.0,1.0,1.0,1.0,1.0
8.320847818306273,1.6881814604676892,404.7374778769301,158.13319975351646,7.352456737505095
1.0,1.0,14.0,1.0,1.0

2.757588432528329,2.8848766107125927,38.107516391450154,65.02187184538599,1.321751484349559
1.9722404435686132,1.0,46.959275749585565,43.31754119627044,2.404823781078142
235.0791794505464,482.9208205494537,8.0,8.859455434599013,5.140544565400987
1.0,1.0,1.0,1.0,1.0
1.0,1.0,1.0,1.0,1.0

Iteration: ,5000
Error:,0.30961982063118454
Absolute Error:,1
Transition Probabilities
0.0010660980810234544,0.0010660980810234544,0.42430703624733485,0.5568462962418327,0.016714471348785554
0.9784016262137604,0.017624863852464832,0.0013245033112582786,0.0013245033112582786,0.0013245033112582786
0.2,0.2,0.2,0.2,0.2
0.012048044851946228,0.0022562980900459944,0.6692281412946204,0.30703154672066874,0.009435969042718541
0.037037037037037035,0.037037037037037035,0.8518518518518519,0.037037037037037035,0.037037037037037035

0.027056426672325228,0.02505402460225285,0.3210778492279158,0.6206342576168634,0.0061774418806427416
0.012414761347788404,0.005052001068084838,0.49890021093542497,0.4673712106306445,0.016261816018057332
0.31052255981031074,0.6636271000536349,0.006802721088435374,0.013056116403545448,0.0059915026440736
0.2,0.2,0.2,0.2,0.2
0.2,0.2,0.2,0.2,0.2

Transition Gammas
1.0,1.0,398.0,522.321825874839,15.678174125160846
738.6932277913888,13.306772208610944,1.0,1.0,1.0
1.0,1.0,1.0,1.0,1.0
14.429785616106596,2.7023386885993466,801.5257849564624,367.72766461316616,11.301336610201293
1.0,1.0,23.0,1.0,1.0

5.811543373591491,5.381440514018464,68.96542066274053,133.30817668418982,1.3268740865887076
2.4573948382981468,1.0,98.75298999581427,92.51209655975394,3.218886100556986
456.46816292115676,975.5318370788433,10.0,19.19249111321181,8.807508886788192
1.0,1.0,1.0,1.0,1.0
1.0,1.0,1.0,1.0,1.0

Iteration: ,7500
Error:,0.31072501386222506
Absolute Error:,1
Transition Probabilities
0.000702247191011236,0.000702247191011236,0.42766853932584276,0.5556499320080585,0.015277034284076169
0.982877239930823,0.014465541291497559,0.0008857395925597876,0.0008857395925597876,0.0008857395925597876
0.2,0.2,0.2,0.2,0.2
0.013191436395962899,0.00270620801896569,0.6637994314253666,0.3133070933868657,0.006995830772839026
0.02702702702702703,0.02702702702702703,0.8918918918918919,0.02702702702702703,0.02702702702702703

0.0269472680466537,0.03237126133137814,0.3494679821359277,0.5840901619605801,0.007123326525460383
0.012478886824276466,0.003700390132477538,0.4946764235244976,0.47539684567324914,0.013747453845499209
0.31427474239146136,0.6612687358694083,0.005434782608695651,0.012706881643696296,0.006314857486738484
0.2,0.2,0.2,0.2,0.2
0.2,0.2,0.2,0.2,0.2

Transition Gammas
1.0,1.0,609.0,791.2455031794751,21.754496820524462
1109.668403881899,16.33159611810074,1.0,1.0,1.0
1.0,1.0,1.0,1.0,1.0
23.737417063650312,4.869703835045815,1194.4782567560346,563.7825117361832,12.58869373864554
1.0,1.0,33.0,1.0,1.0

8.620889014113896,10.356116646093273,111.80074665692463,186.86036936212767,2.2788732156807012
3.668520136571411,1.0878338673410546,145.42406276626892,139.75628802258686,4.0414511301350835
693.9186312003468,1460.0813687996538,12.0,28.056794669281427,13.943205330718575
1.0,1.0,1.0,1.0,1.0
1.0,1.0,1.0,1.0,1.0

Iteration: ,10000
Error:,0.3061251281344478
Absolute Error:,1
Transition Probabilities
0.0005238344683080148,0.0005238344683080148,0.424305919329492,0.5595379600274798,0.01510845170641225
0.9830402998045783,0.014953011232211034,0.0006688963210702347,0.0006688963210702347,0.0006688963210702347
0.2,0.2,0.2,0.2,0.2
0.01383423655944247,0.0026495756840548483,0.6602090013335443,0.31612908020374475,0.007178106219213661
0.02040816326530612,0.02040816326530612,0.9183673469387755,0.02040816326530612,0.02040816326530612

0.021949028337171467,0.03644977831183219,0.3667558475185551,0.5693874140657335,0.00545793176670785
0.013860746445848468,0.0027218947518541105,0.5098331139488724,0.463443720227076,0.010140524626349061
0.31845350216789237,0.658196244025001,0.005414551607445005,0.012247937876998318,0.005687764322663261
0.2,0.2,0.2,0.2,0.2
0.2,0.2,0.2,0.2,0.2

Transition Gammas
1.0,1.0,810.0,1068.1579656924584,28.842034307540974
1469.6452482078432,22.354751792155476,1.0,1.0,1.0
1.0,1.0,1.0,1.0,1.0
33.166624374817076,6.352174266220419,1582.8053728889852,757.8975834353214,17.209012703538185
1.0,1.0,45.0,1.0,1.0

9.175921637998192,15.238046275850747,153.32445999026663,238.03578968830524,2.2817207863382887
5.539593108862897,1.0878338673410546,203.7601665779842,185.22015743853694,4.0527673282129015
941.0300989061226,1944.9699010938791,16.0,36.19265642653005,16.807343573469947
1.0,1.0,1.0,1.0,1.0
1.0,1.0,1.0,1.0,1.0

Iteration: ,12500
Error:,0.30618712026875694
Absolute Error:,1
Transition Probabilities
0.00041597337770382713,0.00041597337770382713,0.4251247920133113,0.558681356809564,0.015361904421716952
0.9801899337173392,0.018220241163423818,0.000529941706412295,0.000529941706412295,0.000529941706412295
0.2,0.2,0.2,0.2,0.2
0.013713423258105137,0.0025495312569594514,0.6594572644875796,0.3174288501524241,0.006850930844931704
0.015873015873015872,0.015873015873015872,0.9365079365079365,0.015873015873015872,0.015873015873015872

0.024364454132523836,0.038715217913063094,0.3614302374472734,0.5692003426525276,0.006289747854611977
0.01244408854947353,0.002431129552214216,0.49610523441636073,0.4793088267181746,0.009710720763776933
0.3189384282984156,0.6590746010175453,0.005428881650380019,0.011110582139697067,0.005447506893961989
0.2,0.2,0.2,0.2,0.2
0.2,0.2,0.2,0.2,0.2

Transition Gammas
1.0,1.0,1022.0,1343.0699817701914,36.93001822980754
1849.618404924618,34.38159507538072,1.0,1.0,1.0
1.0,1.0,1.0,1.0,1.0
41.181016041865384,7.656169113720755,1980.3312183000567,953.2297169163654,20.57314849230623
1.0,1.0,59.0,1.0,1.0

12.605630829230051,20.030399278833105,186.99602786090983,294.4916946762625,3.25417672125648
6.065069408553372,1.184897505087933,241.7945411364954,233.60821410267107,4.732865344475488
1174.9691698513636,2428.0308301486384,20.0,40.931384602644016,20.068615397355977
1.0,1.0,1.0,1.0,1.0
1.0,1.0,1.0,1.0,1.0

Iteration: ,15000
Error:,0.30475410353515786
Absolute Error:,1
Transition Probabilities
0.0003428179636612959,0.0003428179636612959,0.42475145697634564,0.5587925818353615,0.01577032526097017
0.9813640716356129,0.017317826431171003,0.00043936731107205675,0.00043936731107205675,0.00043936731107205675
0.2,0.2,0.2,0.2,0.2
0.0128823630167024,0.002161930664897608,0.6613807568182969,0.3170076991650001,0.006567250335102967
0.012987012987012988,0.012987012987012988,0.948051948051948,0.012987012987012988,0.012987012987012988

0.022198333374313643,0.03270389419704507,0.3680999487589963,0.5684942224918308,0.008503601177814244
