0,1,2,3,4,5,6,7,8,9,10,11,12,13,14,15,16,17,18,19,20,21,22,23,24,25,26,27,28,29
github Code Version (SHA):,cd93f48c3be2409aefa56252372b16f046dc3cc1
Environment Observations,Environment Actions,alpha,epsilon,numActions,explore,patience,gainThresh,insertRandActions,useBudd,revisedSplitting,haveControl,confidence_factor
"['square', 'diamond']","['x', 'y']",0.99,0.99,75000,0.5,0,0.01,False,True,False,False,250

Model Num 0
Model States: 
['square'],['diamond']
Iteration: ,0
Error:,0.6756452014453863
Absolute Error:,1
Transition Probabilities
0.5,0.5
0.5,0.5

0.5,0.5
0.5,0.5

Transition Gammas
1.0,1.0
1.0,1.0

1.0,1.0
1.0,1.0

Iteration: ,2452
Error:,0.2545445048479078
Absolute Error:,1
Transition Probabilities
0.983679525222552,0.016320474777448073
0.984,0.016

0.17729591836734693,0.8227040816326531
0.326,0.674


Model Num 1
Model States: 
['diamond'],"['square', 'y', 'diamond']","['square', 'y', 'square']"
Iteration: ,0
Error:,0.6190717703974634
Absolute Error:,1
Transition Probabilities
0.3333333333333333,0.3333333333333333,0.3333333333333333
0.3333333333333333,0.3333333333333333,0.3333333333333333
0.3333333333333333,0.3333333333333333,0.3333333333333333

0.3333333333333333,0.3333333333333333,0.3333333333333333
0.3333333333333333,0.3333333333333333,0.3333333333333333
0.3333333333333333,0.3333333333333333,0.3333333333333333

Transition Gammas
1.0,1.0,1.0
1.0,1.0,1.0
1.0,1.0,1.0

1.0,1.0,1.0
1.0,1.0,1.0
1.0,1.0,1.0

Iteration: ,2500
Error:,0.1295569372975016
Absolute Error:,1
Transition Probabilities
0.012578616352201252,0.9747064165495327,0.012714967098266083
0.018609823591313534,0.9467717165232117,0.03461845988547472
0.024331494392463966,0.9526056978053766,0.023062807802159562

0.6427104722792608,0.008558219739967883,0.34873130798077134
0.9968652037617555,0.001567398119122257,0.001567398119122257
0.0018939393939393949,0.034710111192474975,0.9633959494135856

Transition Gammas
6.0,464.9349606941273,6.065039305872925
3.8509711868747662,195.9175261919561,7.16367304068213
3.9063272861835197,152.93715915219636,3.70264456265725

313.0,4.1678530133643585,169.83214698663565
636.0,1.0,1.0
1.0,18.32693870962678,508.673061290373

Iteration: ,5000
Error:,0.12963270579475308
Absolute Error:,1
Transition Probabilities
0.018769551616266946,0.9654950351620698,0.015735413221663334
0.013372320091657196,0.9563584491163463,0.030269230791996612
0.021177446931794908,0.9584184460325041,0.02040410703570088

0.6514690982776089,0.00830100163135231,0.3402299000910388
0.9984289080911233,0.0007855459544383347,0.0007855459544383347
0.000988142292490119,0.03408221846937456,0.9649296392381354

Transition Gammas
18.0,925.9097387204248,15.090261279575136
5.804397195321259,415.1175160124946,13.138680282055951
6.821248805150842,308.7062713880991,6.572156274819105

643.0,8.193088610144729,335.8069113898553
1271.0,1.0,1.0
1.0,34.49120509100704,976.5087949089926

Iteration: ,7500
Error:,0.1294701126776254
Absolute Error:,1
Transition Probabilities
0.020027624309392273,0.9626145910221606,0.017357784668447056
0.01583852253949187,0.9586765407397042,0.025484936720804017
0.01968472228986989,0.9592974698780227,0.02101780783210748

0.6450511945392492,0.007656726656350871,0.3472920788044
0.9989577905158937,0.0005211047420531526,0.0005211047420531526
0.0006770480704129995,0.0322643689381524,0.9670585829914345

Transition Gammas
29.0,1393.865927800088,25.134072199911323
10.643431031652014,644.227238846555,17.12578718485667
9.753185818249777,475.30294514300033,10.413689472485045

945.0,11.217104551554026,508.782895448446
1917.0,1.0,1.0
1.0,47.65447292165108,1428.3455270783484

Iteration: ,10000
Error:,0.12337145922798513
Absolute Error:,1
Transition Probabilities
0.019417475728155335,0.9631215301157079,0.017460994156136774
0.013918981305723095,0.9649265100037512,0.02115450869052579
0.019569611652372382,0.9628321899163577,0.01759819843127003

0.6485097636176773,0.007831407183901566,0.34365882919842106
0.9992242048099301,0.0003878975950349108,0.0003878975950349108
0.0005170630816959674,0.031943007767771515,0.9675399291505326

Transition Gammas
38.0,1884.8288344364407,34.171165563559676
12.588828251639848,872.7143059597929,19.132899944578007
12.678748562518122,623.7991566055581,11.401510516756973

1262.0,15.239918379872448,668.7600816201274
2576.0,1.0,1.0
1.0,61.777777022870055,1871.2222229771282

Iteration: ,11601
Error:,0.12947088960878014
Absolute Error:,1
Transition Probabilities
0.0201401050788091,0.9626984687165685,0.017161426204622427
0.017734214650149342,0.9600788302592751,0.022186955090575652
0.016889497044520908,0.9666214495328282,0.016489053422651

0.6513680494263019,0.00805490782777369,0.34057704274592443
0.9993326659993327,0.000333667000333667,0.000333667000333667
0.00044964028776978436,0.03141525053880693,0.9681351091734232


Model Num 2
Model States: 
"['square', 'y', 'diamond']","['square', 'y', 'square']","['diamond', 'y', 'diamond']","['diamond', 'y', 'square', 'y', 'square']"
Iteration: ,0
Error:,0.6764638926690062
Absolute Error:,0.74
Transition Probabilities
0.25,0.25,0.25,0.25
0.25,0.25,0.25,0.25
0.25,0.25,0.25,0.25
0.25,0.25,0.25,0.25

0.25,0.25,0.25,0.25
0.25,0.25,0.25,0.25
0.25,0.25,0.25,0.25
0.25,0.25,0.25,0.25

Transition Gammas
1.0,1.0,1.0,1.0
1.0,1.0,1.0,1.0
1.0,1.0,1.0,1.0
1.0,1.0,1.0,1.0

1.0,1.0,1.0,1.0
1.0,1.0,1.0,1.0
1.0,1.0,1.0,1.0
1.0,1.0,1.0,1.0

Iteration: ,2500
Error:,0.03463948723766929
Absolute Error:,0.39598601180484133
Transition Probabilities
0.9554809600733698,0.02647559455256183,0.011810774743076992,0.006232670630991312
0.9353116794727538,0.023648213066146694,0.03164153855679964,0.00939856890429988
0.9472394713756251,0.028063096497719972,0.015426215846858334,0.00927121627979662
0.9560884446652397,0.01768368314055287,0.013113936097103733,0.013113936097103733

0.0021691973969631233,0.0021691973969631233,0.9382217451503623,0.05743986005571139
0.02379349586941832,0.9737002384664213,0.0012531328320802004,0.0012531328320802004
0.0028901734104046254,0.0028901734104046254,0.039053546055065606,0.9551661071241252
0.017865836651363758,0.975067025539449,0.003533568904593641,0.003533568904593641

Transition Gammas
153.30201395888614,4.24787320236604,1.8949781630284026,1.0
244.78100277498598,6.188988585528018,8.280926783297398,2.459705327684132
102.16992493636492,3.0269056023289735,1.663882642935899,1.0
72.90629126036353,1.3484649467262835,1.0,1.0

1.0,1.0,432.52022451431714,26.479775485682957
18.98720970379582,777.0127902962042,1.0,1.0
1.0,1.0,13.512526935052694,330.4874730649472
5.056031772335941,275.94396822766396,1.0,1.0

Iteration: ,5000
Error:,0.024855046759234722
Absolute Error:,0.3897102029651613
Transition Probabilities
0.9648187383755783,0.015450901967939535,0.012526555280822554,0.007203804375659533
0.9498084612467065,0.023549328503452604,0.021592083915968258,0.005050126333872773
0.9558913141343345,0.01852742925054961,0.020369363030145173,0.00521189358497061
0.9703043454464848,0.01587644252715102,0.006909606013182081,0.006909606013182081

0.0011049723756906078,0.0011049723756906078,0.9559819576635866,0.04180809758503223
0.01974107273325888,0.9790289149666181,0.0006150061500615013,0.0006150061500615013
0.001474926253687316,0.001474926253687316,0.028914136945595612,0.9681360105470298
0.018325088532504353,0.978038547831132,0.0018181818181818186,0.0018181818181818186

Transition Gammas
327.26915926258965,5.240988276626798,4.249041868852367,2.4435501796779113
488.92420409912796,12.122272190022983,11.114759316419986,2.5996072883451102
207.02501997729726,4.012633396712673,4.411555713381031,1.1287814394727869
140.42831727240994,2.2977348486819786,1.0,1.0

1.0,1.0,865.1636716855458,37.836328314454164
32.098984264278904,1591.9010157357193,1.0,1.0
1.0,1.0,19.60378484911382,656.396215150886
10.078798692877392,537.9212013071225,1.0,1.0

Iteration: ,7500
Error:,0.023831221735973452
Absolute Error:,0.388526771462564
Transition Probabilities
0.9575070224514692,0.02365112267747027,0.01137989797598066,0.0074619568950798805
0.9549037802493603,0.02344973451661346,0.018213939836797245,0.003432545397229014
0.9635284283511772,0.017371861758053306,0.015603229660676073,0.00349648023009341
0.9753243334162147,0.01531331081757635,0.004681177883104483,0.004681177883104483

0.0007293946024799417,0.0007293946024799417,0.9546964332127951,0.04384477758224497
0.02275897359660703,0.9764162841353516,0.00041237113402061847,0.00041237113402061847
0.0009950248756218905,0.0009950248756218905,0.027530654568246726,0.9704792956805095
0.01595488995742153,0.9816090564493993,0.0012180267965895256,0.0012180267965895256

Transition Gammas
487.98067109493974,12.053478925670914,5.799613079696707,3.802886713060269
735.623908558864,18.064841418131408,14.031371422052512,2.644310886229772
328.5625858995652,5.923793894574597,5.320691465709427,1.1922975515232954
208.3501968460543,3.271251637936221,1.0,1.0

1.0,1.0,1308.888809934742,60.11119006525785
55.190510971772056,2367.809489028228,1.0,1.0
1.0,1.0,27.66830784108796,975.331692158912
13.098964655043071,805.9010353449565,1.0,1.0

Iteration: ,10000
Error:,0.023921182611991033
Absolute Error:,0.3887285655792639
Transition Probabilities
0.9573314351943273,0.025978141696930752,0.011193073806687244,0.005497349302054631
0.9587992784471051,0.02128694349537444,0.01638734701759877,0.003526431039921704
0.9567643685940749,0.019756717433510585,0.020694303427579948,0.0027846105448346152
0.9782762828315665,0.014768638645887167,0.00347753926127316,0.00347753926127316

0.0005485463521667581,0.0005485463521667581,0.9542824341276422,0.04462047316802424
0.02216357683248199,0.9772147259340707,0.00031084861672365567,0.00031084861672365567
0.0007440476190476195,0.0007440476190476195,0.02732644424031801,0.9711854605215868
0.015601882541904808,0.9825749634015774,0.0009115770282588876,0.0009115770282588876

Transition Gammas
662.2506220470191,17.9708300239047,7.7430029126664435,3.802886713060269
991.0561744960025,22.003100400124268,16.93866673711299,3.6450708032542285
426.5448364094563,8.807942772835421,9.225937503395656,1.2414354968673147
281.3127931367798,4.246864675362494,1.0,1.0

1.0,1.0,1739.6568774146915,81.34312258530818
71.30022667009455,3143.6997733299045,1.0,1.0
1.0,1.0,36.72674105898738,1305.2732589410118
17.11526514846958,1077.8847348515305,1.0,1.0

Iteration: ,12500
Error:,0.023741836995027518
Absolute Error:,0.388464655876535
Transition Probabilities
0.9568841003327492,0.026426241487775417,0.010949902066620864,0.0057397561128544414
0.9595695404751698,0.01999092472919297,0.017599258602159166,0.00284027619347792
0.9584835885163235,0.019284836114386337,0.018308802494053537,0.003922772875236758
0.9804824005095334,0.011705087709240811,0.005059624238991691,0.002752887542234143

0.00043782837127845885,0.00043782837127845885,0.9568345468147356,0.04228979644270753
0.022426136273314953,0.977072233428215,0.0002508151492350139,0.0002508151492350139
0.0005906674542232726,0.0005906674542232726,0.028229598365152958,0.9705890667264004
0.013921223908346648,0.984623172015962,0.0007278020378457061,0.0007278020378457061

Transition Gammas
829.6857918444309,22.913409352953696,9.49433496031972,4.976772102108848
1243.6302784275167,25.908824986961015,22.809155514339114,3.681081281046972
534.941415511166,10.763102939404153,10.218366636453439,2.189347527437837
356.1650759310748,4.251930937847679,1.8379335012303066,1.0

1.0,1.0,2185.410104924856,96.589895075144
89.41300532170669,3895.5869946782923,1.0,1.0
1.0,1.0,47.792710032203935,1643.207289967795
19.12776165006829,1352.8722383499314,1.0,1.0

Iteration: ,15000
Error:,0.020676373915180582
Absolute Error:,0.38692406436918914
Transition Probabilities
0.9618375935802231,0.024137429276135904,0.009201634003404801,0.004823343140236022
0.9635550706300982,0.01866859070879467,0.015394763763984451,0.0023815748971227598
0.9635945596006799,0.017700175496077816,0.015404711318186196,0.0033005535850561558
0.9791009489211352,0.014318022047210215,0.004262077925576342,0.002318951106078278

0.00036670333700036665,0.00036670333700036665,0.9579002534528228,0.041366339873176484
0.021336591569889523,0.9782512072759472,0.00020610057708161578,0.00020610057708161578
0.000495540138751239,0.000495540138751239,0.027181709656404707,0.9718272100660927
0.01351413669789816,0.9852648620811006,0.0006105006105006104,0.0006105006105006104

Transition Gammas
992.433331677772,24.905232977519475,9.49433496031972,4.976772102108848
1489.318911632582,28.85510755286116,23.794916878829667,3.681081281046972
639.1786444753044,11.741010851334028,10.218366636453439,2.189347527437837
422.2171594540229,6.174352710447746,1.8379335012303066,1.0

1.0,1.0,2612.1939911658483,112.8060088341523
103.52514229710398,4746.474857702897,1.0,1.0
1.0,1.0,54.85269008662469,1961.147309913375
22.13615591115719,1613.863844088843,1.0,1.0

Iteration: ,17500
Error:,0.02088710858634505
Absolute Error:,0.3867596377705939
Transition Probabilities
0.9617646823215371,0.023052520431862556,0.01002782949968177,0.005154967746918316
0.9616009884812428,0.01984924596453565,0.015416710400299152,0.003133055153922391
0.9643950015305773,0.01612865107885414,0.015421400645528785,0.00405494674503969
0.9812456991382076,0.012851370543252525,0.0038229202281058463,0.002080010090434064

0.0003159557661927329,0.0003159557661927329,0.9598623372740744,0.03950575119354001
0.020941773987877842,0.9787080859560997,0.00017507002801120443,0.00017507002801120443
0.0004291845493562234,0.0004291845493562234,0.026994024833702786,0.9721476060675848
0.015285623818210437,0.9836656084838346,0.0005243838489774513,0.0005243838489774513

Transition Gammas
1163.09440159015,27.878188864371307,12.126991732558905,6.23407600323381
1729.4021262028866,35.69809992480225,27.72635642507098,5.634678322515042
760.3187935560932,12.715657495631213,12.15806875309882,3.196877018472427
471.75045142854935,6.178513557388875,1.8379335012303066,1.0

1.0,1.0,3037.964297472447,125.0357025275542
119.61941301875827,5590.380586981243,1.0,1.0
1.0,1.0,62.896077862527456,2265.1039221374713
29.149684621327314,1875.8503153786733,1.0,1.0

Iteration: ,20000
Error:,0.019681234611673874
Absolute Error:,0.3858821723089963
Transition Probabilities
0.9631879865489951,0.02262002227656028,0.008894265240285332,0.00529772593415931
0.9656401683051054,0.017274764145111598,0.01434123333256744,0.0027438342172157043
0.9660886761411704,0.016565796483650946,0.013734214208468645,0.0036113131667099736
0.9818602167158018,0.011302744223037717,0.005008577291129622,0.0018284617700309144

0.00027662517289073294,0.00027662517289073294,0.9617699147817979,0.037676834872420635
0.020029648144934176,0.9796638854131413,0.00015323322096230454,0.00015323322096230454
0.0003731343283582093,0.0003731343283582093,0.026845514383786434,0.9724082169594972
0.015130331049936807,0.9839572601909392,0.0004562043795620437,0.0004562043795620437

Transition Gammas
1313.2701166673328,30.841538421373265,12.126991732558905,7.223247437452386
1997.0485392585667,35.72608476155598,29.659225059205372,5.674546580923672
855.2198449673239,14.664697196427937,12.15806875309882,3.196877018472427
536.9870088665847,6.181558952061993,2.739229976377871,1.0

1.0,1.0,3476.7982419362006,136.20175806380064
130.7134837938405,6393.2865162061635,1.0,1.0
1.0,1.0,71.94597854854759,2606.0540214514504
33.16568566146149,2156.834314338539,1.0,1.0

Iteration: ,22500
Error:,0.018749738889743923
Absolute Error:,0.38542507128058695
Transition Probabilities
0.9639414735614199,0.021484912039654025,0.009370449392084876,0.0052031650068412524
0.9652321244344829,0.017469340468253127,0.014007963177788147,0.003290571919475783
0.9673218041438001,0.015506122994887059,0.013940398686890634,0.00323167417442231
0.9820452078174149,0.01178761952701864,0.004517856434171553,0.001649316221395032

0.00024594195769798315,0.00024594195769798315,0.9622752578556657,0.037232858228938265
0.019383023702052773,0.9803454953694825,0.00013574046423238753,0.00013574046423238753
0.00033366700033366723,0.00033366700033366723,0.025021788379109886,0.9743108776202227
0.015101329027195081,0.984086323287996,0.000406173842404549,0.000406173842404549

Transition Gammas
1473.3554603105272,32.8390398547352,14.322449190181077,7.952880733933641
2244.3508817581746,40.6195864094647,32.571216512426425,7.651214461278995
976.0810039866301,15.646532556129129,14.066630451195048,3.260937321184243
595.4256649381506,7.146973621012702,2.739229976377871,1.0

1.0,1.0,3912.6111984411386,151.38880155886307
142.79473561302294,7222.205264386986,1.0,1.0
1.0,1.0,74.99029977219227,2920.0097002278053
37.179472064954304,2422.820527935047,1.0,1.0

Iteration: ,25000
Error:,0.018449105594616926
Absolute Error:,0.3860745727810585
Transition Probabilities
0.9634267671411955,0.021125108451012335,0.009591966982316333,0.005856157425475885
0.9655629526650569,0.01652960015409427,0.014539831164083437,0.0033676160167653677
0.9700419927740237,0.01380712330314377,0.013275318097440305,0.0028755658253923067
0.975969969821099,0.017317943204478436,0.005271133258113769,0.0014409537163088397

0.0002202158114952651,0.0002202158114952651,0.962875931909702,0.0366836364673074
0.019176600587736955,0.9805773364201371,0.000123031496062992,0.000123031496062992
0.00029868578255675044,0.00029868578255675044,0.02600081465617748,0.973401813778709
0.016562671797773168,0.982704459019376,0.0003664345914254301,0.0003664345914254301

Transition Gammas
1633.5038798661997,35.81792388820516,16.263317374558586,9.929198774503382
2487.6831940587813,42.586978295257744,37.46052345060264,8.676349631919301
1100.0430278521603,15.65749713667975,15.054421586273282,3.260937321184243
677.3083401465194,12.01838963213908,3.6580864454247375,1.0

1.0,1.0,4372.419606801962,166.5803931980431
155.86740957712615,7970.132590422883,1.0,1.0
1.0,1.0,87.05072746888217,3258.9492725311165
45.19953133612303,2681.80046866388,1.0,1.0

Iteration: ,27500
Error:,0.019018781476807953
Absolute Error:,0.38599907171632936
Transition Probabilities
0.9629395050809602,0.02162187384162724,0.010046616716519362,0.005392004360893132
0.9662241700357728,0.015390488849928005,0.01528955975126443,0.0030957813630349052
0.9703964217056463,0.012557107956698036,0.014400645108848064,0.0026458252288074696
0.9761110749830221,0.0154674733134705,0.005656294187949637,0.002765157515557699

0.00019984012789768155,0.00019984012789768155,0.9626795299621368,0.03692078978206784
0.019243809289603616,0.980531041549077,0.00011257458065968693,0.00011257458065968693
0.00027034333603676676,0.00027034333603676676,0.02679511691237793,0.9726641964155486
0.01606698494202637,0.9832665705394797,0.0003332222592469175,0.0003332222592469175

Transition Gammas
1816.2878708151934,40.782984803954086,18.949838477557424,10.170350337064457
2735.984947374861,43.58009986914804,43.29430646503,8.76609328590232
1210.6222071791,15.665673749707276,17.965586410380222,3.300810582832767
759.0459620127451,12.02785570416142,4.398461787142419,2.1502487783470468

1.0,1.0,4817.24836793054,184.75163206946772
170.9427579195491,8710.05724208046,1.0,1.0
1.0,1.0,99.11513745888594,3597.8848625411133
48.21702181102117,2950.7829781889805,1.0,1.0

Iteration: ,30000
Error:,0.018228970151351557
Absolute Error:,0.38561308851594045
Transition Probabilities
0.9651558742495837,0.020730201296910833,0.009184576047256969,0.004929348406248493
0.9646694911296297,0.017555276827838424,0.014931124704664633,0.0028441073378671295
0.9708118030751571,0.012174824591214887,0.014596693683638792,0.0024166786499891547
0.977979953272294,0.014259484359832757,0.005212405813399118,0.0025481565544740272

0.00018298261665141802,0.00018298261665141802,0.9626838295616889,0.036950205205008246
0.01943186540909688,0.9803614376086791,0.00010334849111202967,0.00010334849111202967
0.0002481389578163772,0.0002481389578163772,0.025847268555879516,0.9736564535284877
0.015944596487598852,0.9834449029019005,0.0003052503052503051,0.0003052503052503051

Transition Gammas
1991.3328419941195,42.771050526718,18.949838477557424,10.170350337064457
2986.1791907950897,54.34317435555121,46.219989642281035,8.804066290912866
1325.979303679378,16.62893403514574,19.936833962405117,3.300810582832767
825.2633442318925,12.032792400747185,4.398461787142419,2.1502487783470468

1.0,1.0,5261.067128554632,201.93287144537015
188.02272969842159,9485.977270301588,1.0,1.0
1.0,1.0,104.16449228019444,3923.8355077198053
52.23449809337387,3221.765501906628,1.0,1.0

Iteration: ,32500
Error:,0.020037766331882905
Absolute Error:,0.38610889948950833
Transition Probabilities
0.9638872003301365,0.019584075985257354,0.011460735651318924,0.0050679880332870865
0.9642034412647414,0.017946851449797123,0.014638358292949757,0.0032113489925117335
0.9709682292047117,0.011930737335083673,0.014861815180988886,0.0022392182792157138
0.9773698403409168,0.014395034967632815,0.005856739465321013,0.002378385226129368

0.0001692620176032498,0.0001692620176032498,0.9610510769601986,0.03861039900459481
0.019724370195819907,0.980085153613704,9.523809523809519e-05,9.523809523809519e-05
0.00022920009168003676,0.00022920009168003676,0.02755299086625496,0.9719886089503851
0.01664409817280046,0.9827941040743906,0.0002808988764044943,0.0002808988764044943

Transition Gammas
2154.5182006935547,43.77508918009366,25.617482570208274,11.328164182359014
3236.263907555647,60.23702583456548,49.132360020621235,10.778609984422747
1431.2951248664554,17.58698757605508,21.90766183218845,3.300810582832767
883.6198114997845,13.01425270110211,5.2949567387358325,2.1502487783470468

1.0,1.0,5677.889762680855,228.11023731914617
207.10588705610914,10290.894112943897,1.0,1.0
1.0,1.0,120.21369914947034,4240.786300850528
59.25298949516966,3498.747010504832,1.0,1.0

Iteration: ,35000
Error:,0.019425772644777645
Absolute Error:,0.3858167223068551
Transition Probabilities
0.9649914778582172,0.01851617790284087,0.011746272500437279,0.00474607173850463
0.9646329316861,0.01827448078205132,0.013831990319533605,0.0032605972123152254
0.9719407630438682,0.011028381572872253,0.014934756826894728,0.002096098556364955
0.9762727236391412,0.014242221063614374,0.007167192587130637,0.002317862710113774

0.00015654351909830932,0.00015654351909830932,0.9609720049150086,0.038714908046794755
0.019872657203224415,0.9799492642641426,8.903926631644553e-05,8.903926631644553e-05
0.00021235931195582935,0.00021235931195582935,0.026391429800089048,0.9731838515759992
0.01673314724803396,0.9827461550170012,0.00026034886748242637,0.00026034886748242637

Transition Gammas
2333.5319001682346,44.77562009290381,28.404708452634214,11.476899077770605
3491.236225279221,66.13969646770028,50.06126588158143,11.800877546013174
1550.53790594752,17.593586276224286,23.82542996106811,3.34390776662903
959.4960870547383,13.997477396037214,7.04402886202265,2.2780316881067604

1.0,1.0,6138.689167397075,247.3108326029249
223.18981304941346,11005.81018695059,1.0,1.0
1.0,1.0,124.27724292861929,4582.7227570713785
64.27201857969847,3774.727981420303,1.0,1.0

Iteration: ,35826
Error:,0.018942920757746777
Absolute Error:,0.38572877476943146
Transition Probabilities
0.964851116500967,0.018568953066325583,0.011922860684549716,0.004657069748157749
0.9652181332932369,0.018100705644701325,0.013499047929348983,0.003182113132712851
0.9717855234767832,0.011446203032073853,0.014704492602482288,0.0020637808886608358
0.9766876304113877,0.013993497494742806,0.0070416195687338845,0.0022772525251355037

0.00015332720024532356,0.00015332720024532356,0.9613074697611257,0.03838587583838371
0.019686138836167003,0.9801405809697592,8.664009703690866e-05,8.664009703690866e-05
0.00020759809009757125,0.00020759809009757125,0.02621766331121619,0.9733671405085886
0.016347613388719286,0.9831437396122981,0.00025432349949135294,0.00025432349949135294

*,*,*,*,*,*,*,*,*,*,*
Model Num 2
Model States: 
"['square', 'y', 'diamond']","['square', 'y', 'square']","['diamond', 'y', 'diamond']","['diamond', 'y', 'square', 'y', 'square']"
Iteration: ,35826
Error:,0.019103357975557178
Transition Probabilities
0.964851116500967,0.018568953066325583,0.011922860684549716,0.004657069748157749
0.9652181332932369,0.018100705644701325,0.013499047929348983,0.003182113132712851
0.9717855234767832,0.011446203032073853,0.014704492602482288,0.0020637808886608358
0.9766876304113877,0.013993497494742806,0.0070416195687338845,0.0022772525251355037

0.00015332720024532356,0.00015332720024532356,0.9613074697611257,0.03838587583838371
0.019686138836167003,0.9801405809697592,8.664009703690866e-05,8.664009703690866e-05
0.00020759809009757125,0.00020759809009757125,0.02621766331121619,0.9733671405085886
0.016347613388719286,0.9831437396122981,0.00025432349949135294,0.00025432349949135294

Transition Gammas
2377.782487268171,45.76139328949963,29.38273983313787,11.476899077770605
3579.514781887789,67.12652941645902,50.06126588158143,11.800877546013174
1574.5669403694676,18.546080849794457,23.82542996106811,3.34390776662903
977.0218045215056,13.99828537617709,7.04402886202265,2.2780316881067604

1.0,1.0,6269.647317782061,250.35268221793854
227.2174144470396,11312.782585552965,1.0,1.0
1.0,1.0,126.2904841701283,4688.709515829868
64.27881584444425,3865.7211841555572,1.0,1.0

