0,1,2,3,4,5,6,7,8,9,10,11,12,13,14,15,16,17,18,19,20,21,22,23,24,25,26,27,28,29
github Code Version (SHA):,32a229dd34421fba547a58d2c923a1ee52132eb5
Environment Observations,Environment Actions,alpha,epsilon,numActions,explore,patience,gainThresh,insertRandActions,useBudd,revisedSplitting,haveControl,confidence_factor
"['square', 'diamond']","['x', 'y']",0.99,0.99,75000,0.5,0,0.01,False,True,False,False,250

Model Num 0
Model States: 
['square'],['diamond']
Iteration: ,0
Error:,0.6717100207271992
Absolute Error:,1
Transition Probabilities
0.5,0.5
0.5,0.5

0.5,0.5
0.5,0.5

Transition Gammas
1.0,1.0
1.0,1.0

1.0,1.0
1.0,1.0

Iteration: ,2500
Error:,0.26140352285035784
Absolute Error:,1
Transition Probabilities
0.9850948509485095,0.014905149051490514
0.6673346693386774,0.33266533066132264

0.028288543140028287,0.9717114568599717
0.6494661921708185,0.3505338078291815

Transition Gammas
727.0,11.0
333.0,166.0

20.0,687.0
365.0,197.0

Iteration: ,2501
Error:,0.26316784196609216
Absolute Error:,1
Transition Probabilities
0.9850948509485095,0.014905149051490514
0.668,0.332

0.028288543140028287,0.9717114568599717
0.6494661921708185,0.3505338078291815


Model Num 1
Model States: 
['square'],"['diamond', 'y', 'square']","['diamond', 'y', 'diamond']"
Iteration: ,0
Error:,0.7094529327186265
Absolute Error:,1
Transition Probabilities
0.3333333333333333,0.3333333333333333,0.3333333333333333
0.3333333333333333,0.3333333333333333,0.3333333333333333
0.3333333333333333,0.3333333333333333,0.3333333333333333

0.3333333333333333,0.3333333333333333,0.3333333333333333
0.3333333333333333,0.3333333333333333,0.3333333333333333
0.3333333333333333,0.3333333333333333,0.3333333333333333

Transition Gammas
1.0,1.0,1.0
1.0,1.0,1.0
1.0,1.0,1.0

1.0,1.0,1.0
1.0,1.0,1.0
1.0,1.0,1.0

Iteration: ,2500
Error:,0.23673787925424544
Absolute Error:,1
Transition Probabilities
0.9735744089012517,0.007399424429452931,0.01902616666929533
0.8496652163804669,0.12960587594415707,0.020728907675375982
0.6028226504597435,0.24621334012895138,0.1509640094113052

0.02535211267605634,0.4998185061114402,0.4748293812125035
0.9962335216572504,0.0018832391713747645,0.0018832391713747645
0.0034246575342465773,0.9606551250622615,0.035920217403492

Transition Gammas
700.0,5.320186164776657,13.679813835223342
141.8300446023951,21.634411779499167,3.4601650667561605
3.9931547447003624,1.6309406532661506,1.0

18.0,354.8711393391225,337.1288606608775
529.0,1.0,1.0
1.0,280.5112965181802,10.488703481819657

Iteration: ,5000
Error:,0.23620830579713664
Absolute Error:,1
Transition Probabilities
0.9757316202712348,0.0068190039704374055,0.01744937575832776
0.8109351176506282,0.1695729295384726,0.019491952810899275
0.6699797987668642,0.2045820995323483,0.12543810170078756

0.027083333333333334,0.5123127103799802,0.46060395628668654
0.9981203007518797,0.0009398496240601503,0.0009398496240601503
0.0017761989342806401,0.9580869277400532,0.0401368733256662

Transition Gammas
1367.0,9.553424562582805,24.446575437417195
283.46822075977525,59.275440881822476,6.813552727185728
5.34111876441652,1.6309406532661506,1.0

39.0,737.7303029471715,663.2696970528286
1062.0,1.0,1.0
1.0,539.4029403176497,22.59705968235006

Iteration: ,7500
Error:,0.22996368470353137
Absolute Error:,1
Transition Probabilities
0.9779239079379991,0.006191782600403908,0.01588430946159703
0.8047313198815774,0.1811973735340195,0.01407130658440304
0.7105363362876044,0.20209248275512726,0.08737118095726834

0.027416356877323425,0.5047276971785426,0.46785594594413393
0.9987333755541482,0.0006333122229259025,0.0006333122229259025
0.001179245283018868,0.9626101040623419,0.0362106506546392

Transition Gammas
2082.0,13.18230515625992,33.81769484374008
420.1674838569568,94.60703546431088,7.346931001788891
8.132387916733263,2.313033663285003,1.0

59.0,1086.1740043282234,1006.825995671776
1577.0,1.0,1.0
1.0,816.2933682448659,30.70663175513404

Iteration: ,10000
Error:,0.23366002943483533
Absolute Error:,1
Transition Probabilities
0.9787835926449788,0.006652825504827,0.014563581850194213
0.7791203406319647,0.20783861363953968,0.013041045728495678
0.7663800233760004,0.16310455167888863,0.07051542494511094

0.026453184824225547,0.5102086751940708,0.46333813998170365
0.9990601503759399,0.00046992481203007516,0.00046992481203007516
0.0008968609865470855,0.9598138506400706,0.03928928837338243

Transition Gammas
2768.0,18.814190527650755,41.185809472349234
540.2100366836866,144.10675635477813,9.042125361109145
10.868260724125948,2.313033663285003,1.0

76.0,1465.8295238325652,1331.1704761674346
2126.0,1.0,1.0
1.0,1070.1924434636783,43.807556536321385

Iteration: ,12500
Error:,0.23285734739096825
Absolute Error:,1
Transition Probabilities
0.9780062839188803,0.0063157322446854266,0.01567798383643425
0.7653252217112283,0.2232630682041726,0.01141171008459907
0.7450992228567072,0.19046763033415834,0.0644331468091345

0.025811823480432972,0.51456222733294,0.45962594918662697
0.9992551210428305,0.00037243947858472997,0.00037243947858472997
0.0007189072609633363,0.9554661352306567,0.0438149575083799

Transition Gammas
3424.0,22.111378588643678,54.88862141135631
666.1288479598543,194.32519169078617,9.932599993123032
11.563911740394412,2.956050414522922,1.0

93.0,1853.9677050805828,1656.032294919417
2683.0,1.0,1.0
1.0,1329.0533941058425,60.94660589415639

Iteration: ,15000
Error:,0.234150260011238
Absolute Error:,1
Transition Probabilities
0.9787183731378577,0.006518428604062983,0.014763198258079365
0.7430123805675592,0.24709023779678135,0.009897381635659317
0.739616589851755,0.20339722664653748,0.05698618350170743

0.0248895091881833,0.5117636192934321,0.46334687151838455
0.9993767528825179,0.0003116235587410408,0.0003116235587410408
0.0006038647342995174,0.9576809266480402,0.04171520861766026

Transition Gammas
4139.0,27.566434566582355,62.433565433417634
788.9042567643322,262.3516720594774,10.50868963613831
12.97887565728269,3.56923756160023,1.0

107.0,2200.0717993424646,1991.9282006575352
3207.0,1.0,1.0
1.0,1585.9196145291533,69.08038547084533

Iteration: ,17500
Error:,0.232076537367722
Absolute Error:,1
Transition Probabilities
0.9785598705501618,0.0060403199287862195,0.015399809521051966
0.7459234216682054,0.24436179218910845,0.009714786142686211
0.7236900827680582,0.22342444923544943,0.05288546799649224

0.02436102236421725,0.5109044105007161,0.46473456713506667
0.9994607710973308,0.00026961445133459155,0.00026961445133459155
0.0005167958656330752,0.9554316418391323,0.04405156229523463

Transition Gammas
4838.0,29.863341727919067,76.13665827208092
940.0458653189614,307.9555966691185,12.243005489043725
13.684100948412876,4.224685111045413,1.0

122.0,2558.6092877875867,2327.390712212414
3707.0,1.0,1.0
1.0,1848.76022695872,85.23977304127897

Iteration: ,20000
Error:,0.22969998523343835
Absolute Error:,1
Transition Probabilities
0.9790824397960978,0.006029203175991943,0.014888357027910323
0.7454606462474594,0.24581487076103953,0.008724482991501055
0.7514492187503874,0.20097838674795054,0.047572394501662105

0.023357920618194587,0.5054557936422897,0.4711862857395157
0.999524149417083,0.00023792529145848205,0.00023792529145848205
0.000448631673396142,0.9554053788203687,0.044145989506235266

Transition Gammas
5570.0,34.30013686821816,84.69986313178183
1080.2328768685043,356.2056647201076,12.642482750150458
15.795909090179032,4.224685111045413,1.0

133.0,2878.065288999198,2682.934711000803
4201.0,1.0,1.0
1.0,2129.5985893906004,98.40141060939834

Iteration: ,22500
Error:,0.23285464360730843
Absolute Error:,1
Transition Probabilities
0.9781147412849773,0.006074062135478147,0.01581119657954452
0.7400072678930486,0.2515227380360419,0.008469994070909493
0.7813807685937232,0.1767757084456111,0.041843522960665666

0.023128613845913422,0.5055620485883427,0.4713093375657438
0.999577435030636,0.00021128248468201986,0.00021128248468201986
0.0003982477100756673,0.954374051594951,0.04522770069497328

Transition Gammas
6257.0,38.855775480653705,101.14422451934628
1208.1187825251445,410.63021572568033,13.827916790705473
18.673876225198526,4.224685111045413,1.0

148.0,3235.091548916806,3015.908451083195
4731.0,1.0,1.0
1.0,2396.433243554921,113.56675644507786

Iteration: ,25000
Error:,0.23267643906362642
Absolute Error:,1
Transition Probabilities
0.9788613303269448,0.005651045823724362,0.015487623849330879
0.7302255605685422,0.2616264615030468,0.008147977928411093
0.7941653349236636,0.1664380965365051,0.03939656853983122

0.02334739803094233,0.5039977803296729,0.47265482163938477
0.9996186117467581,0.00019069412662090009,0.00019069412662090009
0.00035984166966534744,0.9569153329769363,0.04272482535339838

Transition Gammas
6946.0,40.09982116514807,109.90017883485191
1349.16047498235,483.3795201507059,15.054156367084568
20.158236221023575,4.224685111045413,1.0

166.0,3583.424218143975,3360.575781856026
5242.0,1.0,1.0
1.0,2659.2677103429046,118.73228965709404

Iteration: ,27500
Error:,0.23261035631011473
Absolute Error:,1
Transition Probabilities
0.979110251450677,0.005962548079160434,0.01492720047016258
0.7299591443247461,0.2622155169897404,0.007825338685513605
0.7999160734498293,0.16178804415772244,0.03829588239244828

0.02306320081549439,0.5050880130927062,0.4718487860917993
0.9996552318565765,0.00017238407171177384,0.00017238407171177384
0.0003257328990228015,0.9547620768027302,0.04491219029824699

Transition Gammas
7593.0,46.23956035388917,115.76043964611081
1473.8371575026313,529.4309622913789,15.799891013656232
20.887782797441638,4.224685111045413,1.0

181.0,3963.930726751559,3703.0692732484417
5799.0,1.0,1.0
1.0,2931.11957578438,137.88042421561818

Iteration: ,30000
Error:,0.2306528864842662
Absolute Error:,1
Transition Probabilities
0.9787637916716099,0.00623322848542979,0.015002979842960288
0.7225174741511325,0.2696837090021935,0.0077988168466740036
0.8104340050534073,0.15328323514048786,0.03628275980610479

0.024014921893215187,0.5057720655671096,0.4702130125396753
0.9996849401386263,0.0001575299306868305,0.0001575299306868305
0.000299670362601139,0.9550408857123216,0.044659443925077286

Transition Gammas
8250.0,52.5398829036877,126.46011709631227
1597.1761023500746,596.1549590444048,17.239837567592705
22.33661412153788,4.224685111045413,1.0

206.0,4338.512778434669,4033.487221565337
6346.0,1.0,1.0
1.0,3186.9714356220147,149.02856437798278

Iteration: ,32500
Error:,0.23447409045078998
Absolute Error:,1
Transition Probabilities
0.9786277948268304,0.00620270671506287,0.015169498458106792
0.7163405280415351,0.27535362895173826,0.00830584300672663
0.8223397072607489,0.14633622301572677,0.03132406972352435

0.02398623211788748,0.5071393192571986,0.46887444862491384
0.9997101869294305,0.00014490653528474135,0.00014490653528474135
0.0002770083102493076,0.953417830774448,0.04630516091530272

Transition Gammas
8929.0,56.59349606823362,138.40650393176637
1705.7564554098988,655.6745175218342,19.77794745898229
26.71407056994378,4.753797188759132,1.0175763151696344

223.0,4714.874251134177,4359.125748865826
6899.0,1.0,1.0
1.0,3441.8383690957553,167.16163090424274

Iteration: ,35000
Error:,0.23469538650518706
Absolute Error:,1
Transition Probabilities
0.9790117167600612,0.005910797382853851,0.015077485857085016
0.7143160894083073,0.2774315563578899,0.008252354233802765
0.8337183494363569,0.13696379942375528,0.029317851139887892

0.02336728579988016,0.5075945165698853,0.46903819763023447
0.9997313994090787,0.00013430029546065002,0.00013430029546065002
0.000256278831368529,0.9527629282078744,0.04698079296075711

Transition Gammas
9609.0,58.01447631271055,147.98552368728943
1828.9266918152343,710.3325629905465,21.12923277567267
28.937047325222274,4.753797188759132,1.0175763151696344

234.0,5083.051488930833,4696.948511069169
7444.0,1.0,1.0
1.0,3717.6809458671255,183.31905413287424

Iteration: ,37500
Error:,0.2328525168713997
Absolute Error:,1
Transition Probabilities
0.9796092564491654,0.005799222572883822,0.014591520977950774
0.7086197318498914,0.28291669957390475,0.008463568576203956
0.8372318865874292,0.1340697495030564,0.02869836390951439

0.022949902043101027,0.5086652567734431,0.46838484118345575
0.9997490904528917,0.00012545477355413375,0.00012545477355413375
0.00024038461538461543,0.9532484284425485,0.04651118694206687

Transition Gammas
10329.0,61.14700280848702,153.85299719151297
1956.4248540440021,781.1033729268744,23.367026307840405
29.68626855462345,4.753797188759132,1.0175763151696344

246.0,5452.382887354539,5020.617112645464
7969.0,1.0,1.0
1.0,3965.513462321001,193.48653767899813

Iteration: ,40000
Error:,0.234980600804903
Absolute Error:,1
Transition Probabilities
0.9797261248443891,0.005766463154196758,0.014507412001414125
0.7058728766082216,0.28581109352751166,0.008316029864266817
0.8527441156787454,0.12129254993427303,0.0259633343869816

0.02316838608148277,0.5083730878178525,0.4684585261006647
0.9997651203758074,0.00011743981209630065,0.00011743981209630065
0.0002250731487733514,0.9532663405408833,0.04650858631034325

Transition Gammas
11018.0,64.84964463209674,163.15035536790324
2069.9968970903146,838.1510274183667,24.387048412822104
33.421447418173685,4.753797188759132,1.0175763151696344

265.0,5814.7713784605985,5358.228621539404
8513.0,1.0,1.0
1.0,4235.362351023144,206.63764897685502

Iteration: ,42500
Error:,0.23410360639345512
Absolute Error:,1
Transition Probabilities
0.9795064826432455,0.005825717656457449,0.014667799700297043
0.7026245573867471,0.28934241692652407,0.008033025686728867
0.8680393555083367,0.10869408129352208,0.02326656319814132

0.022648657552297804,0.5081926389773873,0.46915870347031485
0.9997792738108376,0.00011036309458117205,0.00011036309458117205
0.0002111932418162618,0.9521030521192049,0.0476857546389788

Transition Gammas
11710.0,69.6464545829488,175.35354541705115
2181.7070897008416,898.4320227969322,24.943206024093787
37.96419270341401,4.753797188759132,1.0175763151696344

275.0,6170.475022463438,5696.524977536565
9059.0,1.0,1.0
1.0,4508.207951784437,225.7920482155647

Iteration: ,45000
Error:,0.23471231551211208
Absolute Error:,1
Transition Probabilities
0.9791172282866635,0.005936617367571625,0.01494615434576487
0.6978339991708137,0.29409682970835244,0.008069171120833713
0.8745718393971443,0.10331336844846212,0.022114792154393607

0.02325038880248833,0.5073903907482014,0.4693592204493103
0.999791492910759,0.0001042535446205171,0.0001042535446205171
0.00019944156362185857,0.9519407489671091,0.04785980946926914

Transition Gammas
12378.0,75.05071676084049,188.94928323915948
2305.8940496645755,971.8015035889773,26.66343814627067
40.242005598414266,4.753797188759132,1.0175763151696344

299.0,6525.040425021871,6035.959574978132
9590.0,1.0,1.0
1.0,4773.03091532109,239.96908467891575

Iteration: ,47500
Error:,0.2356509854447686
Absolute Error:,1
Transition Probabilities
0.9789292141571686,0.006099219331074684,0.014971566511756748
0.6926225690760683,0.29887041330738995,0.00850701761654171
0.8680647505166549,0.11038755233068412,0.021547697152660993

0.022697126013264547,0.5085782472519887,0.4687246267347467
0.9998029556650246,9.852216748768474e-05,9.852216748768474e-05
0.0001888574126534464,0.9503055724680226,0.04950557011932387

Transition Gammas
13055.0,81.33918899921198,199.660811000788
2415.8291437908824,1042.4434416683325,29.672006085794777
40.99380661892686,5.2129820623259056,1.0175763151696344

308.0,6901.406815209489,6360.593184790514
10148.0,1.0,1.0
1.0,5031.868006218187,262.13199378182026

Iteration: ,50000
Error:,0.23304927734784456
Absolute Error:,1
Transition Probabilities
0.9789308847604812,0.006176875658104129,0.014892239581414696
0.691760355754099,0.29999960357644245,0.00824004066945855
0.8740811152205092,0.10535378177893297,0.020565103000557784

0.02290076335877862,0.5071773894925415,0.4699218471486798
0.9998125937031485,9.37031484257871e-05,9.37031484257871e-05
0.00017905102954341953,0.9512400141703368,0.0485809348001198

Transition Gammas
13753.0,86.77892612070491,209.22107387929506
2543.905578895031,1103.229837986979,30.30223581764333
43.25017192286011,5.2129820623259056,1.0175763151696344

327.0,7241.985944564002,6710.0140554360005
10670.0,1.0,1.0
1.0,5312.675479141341,271.32452085866964

Iteration: ,52500
Error:,0.23175054007812304
Absolute Error:,1
Transition Probabilities
0.978913824666079,0.006193879645017811,0.014892295688903132
0.6924244836175559,0.2996188948906795,0.007956621491764406
0.8619329831495226,0.11830734809330366,0.01975966875717382

0.022684814518281287,0.5061937987087641,0.4711213867729545
0.9998210130660462,8.949346697691069e-05,8.949346697691069e-05
0.00017015484090522327,0.9509022499263348,0.04892759523276003

Transition Gammas
14438.0,91.3535308843677,219.6464691156323
2691.712545694572,1164.7305336329348,30.93035904627896
44.756716363796244,6.143225199500634,1.026040199524397

340.0,7586.832655046959,7061.1673449530435
11172.0,1.0,1.0
1.0,5588.452522817085,287.5474771829315

Iteration: ,55000
Error:,0.2348946661016007
Absolute Error:,1
Transition Probabilities
0.978997860893239,0.006098847373963825,0.014903291732797048
0.6892847543675856,0.3026894166987056,0.008025828933708836
0.8712490559938797,0.11032455902461866,0.018426384981501634

0.022459756951072083,0.5070563826055177,0.4704838604434102
0.9998294097577619,8.5295121119072e-05,8.5295121119072e-05
0.00016281341582546354,0.9520167406016564,0.04782044598251816

Transition Gammas
15103.0,94.08691843813995,229.91308156186008
2813.3491582548645,1235.4415360067992,32.75781008048525
48.513941076604645,6.143225199500634,1.026040199524397

353.0,7969.4051654109235,7394.594834589079
11722.0,1.0,1.0
1.0,5847.286820775391,293.7131792246274

Iteration: ,57500
Error:,0.23226590219094242
Absolute Error:,1
Transition Probabilities
0.9792466856647256,0.0060324162268153075,0.014720898108459134
0.6856367588992588,0.30649758668684496,0.007865654413896113
0.8746504432836363,0.10740996639222215,0.017939590324141597

0.02205031369921424,0.5066781679840501,0.47127151831673575
0.9998365746036935,8.171269815329302e-05,8.171269815329302e-05
0.00015581177937052,0.9517159868858606,0.04812820133476891

Transition Gammas
15807.0,97.3752627332527,237.62473726674733
2942.601970944137,1315.4201418871833,33.75765648600083
50.024916908674506,6.143225199500634,1.026040199524397

362.0,8318.135483794147,7736.864516205847
12236.0,1.0,1.0
1.0,6108.113203833469,308.88679616654764

Iteration: ,60000
Error:,0.23553742274966763
Absolute Error:,1
Transition Probabilities
0.9794609996438324,0.005932925735904805,0.014606074620262833
0.684009640279985,0.3075660980333869,0.008424261686628205
0.8809638606450487,0.10200010325131124,0.017036036103640108

0.02171501955519236,0.5071765734953853,0.47110840694942235
0.9998433583959899,7.832080200501253e-05,7.832080200501253e-05
0.00014943215780035822,0.9523213684492399,0.047529199392959666

Transition Gammas
16500.0,99.94606694705234,246.05393305294768
3071.2094905499084,1380.9745705702178,37.8250114022634
53.05837166879981,6.143225199500634,1.026040199524397

372.0,8688.441880549437,8070.558119450548
12766.0,1.0,1.0
1.0,6372.934597662332,318.065402337687

Iteration: ,62500
Error:,0.23513235644034886
Absolute Error:,1
Transition Probabilities
0.9792212228168052,0.006136893176913608,0.014641884006281202
0.6814242580899904,0.31040305624921105,0.008172685660798493
0.8742189397505168,0.10979002244170623,0.015991037807776873

0.02148306035449856,0.5067167073817499,0.47180023226375156
0.9998497031637484,7.514841812579845e-05,7.514841812579845e-05
0.00014338973329509563,0.9522180820025339,0.04763852826417098

Transition Gammas
17201.0,107.80066554566443,257.1993344543356
3185.0503288828313,1450.8572958114771,38.20001246322611
56.09290567328905,7.044506922314452,1.026040199524397

383.0,9033.74545920183,8411.254540798156
13305.0,1.0,1.0
1.0,6640.7689038856915,332.23109611432943

Iteration: ,65000
Error:,0.2316927510222211
Absolute Error:,1
Transition Probabilities
0.9792213473315835,0.006138278015794019,0.01464037465262243
0.6794603359155237,0.31242547738778864,0.008114186696687712
0.8784944418383255,0.10605808164522217,0.015447476516452355

0.02143512769288917,0.5057034279393693,0.4728614443677415
0.9998553763829633,7.231180851833104e-05,7.231180851833104e-05
0.00013751375137513713,0.9515381208206068,0.04832436542801801

Transition Gammas
17908.0,112.25682835284103,267.743171647159
3305.882484959051,1520.0915475950198,39.479195859348444
58.350670507565646,7.044506922314452,1.026040199524397

397.0,9366.133188865051,8757.866811134934
13827.0,1.0,1.0
1.0,6919.585214607473,351.41478539254797

Iteration: ,67500
Error:,0.23577608038820835
Absolute Error:,1
Transition Probabilities
0.9791326342414501,0.006088978147988324,0.0147783876105615
0.6790878424126475,0.3127208491789758,0.008191308408376594
0.8812031768687651,0.10369371868635735,0.01510310444487737

0.02100337925656357,0.5058253516089515,0.473171269134485
0.9998608889198025,6.955554009876887e-05,6.955554009876887e-05
0.00013211784912141593,0.9514335131808652,0.0484343689700133

Transition Gammas
18581.0,115.55053831437442,280.4494616856256
3425.845763373211,1577.606502970306,41.32331261832302
59.865167900803826,7.044506922314452,1.026040199524397

404.0,9729.550638198174,9101.449361801811
14375.0,1.0,1.0
1.0,7201.40026126599,366.5997387340317

Iteration: ,70000
Error:,0.23344995815451922
Absolute Error:,1
Transition Probabilities
0.9789495093303503,0.006122909181317832,0.014927581488331837
0.6784713227055604,0.3132062819839604,0.008322395310479215
0.8886752888243615,0.09717156552860289,0.01415314564703543

0.021338409136445618,0.5063066092253805,0.47235498163817385
0.9998660594695955,6.69702652022502e-05,6.69702652022502e-05
0.0001273723092599666,0.9511194454713371,0.04875318221940289

Transition Gammas
19253.0,120.41925486897779,293.58074513102224
3536.217866905236,1632.4428362896276,43.37663510228678
64.42501147077093,7.044506922314452,1.026040199524397

426.0,10107.90514657549,9430.094853424496
14930.0,1.0,1.0
1.0,7467.238766395485,382.761233604533

Iteration: ,72500
Error:,0.23401116921175266
Absolute Error:,1
Transition Probabilities
0.9789489180038274,0.006190259357469445,0.01486082263870309
0.6781123730096951,0.31380555554044887,0.008082071449856034
0.8881281055334186,0.09836402746052968,0.013507867006051765

0.02161508704061897,0.5058030561228563,0.4725818568365248
0.9998704998704999,6.475006475006475e-05,6.475006475006475e-05
0.0001231223836493472,0.9519872207103107,0.04788965690603997

Transition Gammas
19950.0,126.1512954458698,302.8487045541303
3674.6131597903636,1700.4763073210775,43.79581805327473
67.46106829423735,7.471604977781373,1.026040199524397

447.0,10460.00720062066,9772.992799379326
15442.0,1.0,1.0
1.0,7732.040206609158,388.9597933908574

Iteration: ,74999
Error:,0.23477389695261405
Absolute Error:,1
Transition Probabilities
0.9788171737276088,0.0062235110512783905,0.014959315221112858
0.6747406653554592,0.3173106878830133,0.007948646761527463
0.8811416836685648,0.0966085639964523,0.022249752334982914

0.02156321624023576,0.5056057325050174,0.4728310512547469
0.9998747965443846,6.26017278076875e-05,6.26017278076875e-05
0.00011918951132300337,0.9520752188821993,0.0478055916064777

Transition Gammas
20655.0,131.3285302040766,315.67146979592354
3786.8759116465335,1780.8563528910072,44.61053038141455
72.01947578490847,7.896230838143353,1.818567353252408

461.0,10809.344955224758,10108.655044775227
15972.0,1.0,1.0
1.0,7987.9110864216655,401.08891357834864


Model Num 2
Model States: 
"['diamond', 'y', 'square']","['diamond', 'y', 'diamond']","['square', 'y', 'diamond', 'y', 'square']","['square', 'y', 'diamond', 'y', 'diamond']"
Iteration: ,0
Error:,0.6715324470993226
Absolute Error:,0.74
Transition Probabilities
0.25,0.25,0.25,0.25
0.25,0.25,0.25,0.25
0.25,0.25,0.25,0.25
0.25,0.25,0.25,0.25

0.25,0.25,0.25,0.25
0.25,0.25,0.25,0.25
0.25,0.25,0.25,0.25
0.25,0.25,0.25,0.25

Transition Gammas
1.0,1.0,1.0,1.0
1.0,1.0,1.0,1.0
1.0,1.0,1.0,1.0
1.0,1.0,1.0,1.0

1.0,1.0,1.0,1.0
1.0,1.0,1.0,1.0
1.0,1.0,1.0,1.0
1.0,1.0,1.0,1.0

Iteration: ,2500
Error:,0.0344040729189989
Absolute Error:,0.7409727637979369
Transition Probabilities
0.013651923899817928,0.01905993764342583,0.9458763027021253,0.021411835754630987
0.9270394148985037,0.019933514672711435,0.029963488528430456,0.023063581900354423
0.00912138381608524,0.01903797701811379,0.00797848134611663,0.9638621578196843
0.009911009040764486,0.009911009040764486,0.028428269108880435,0.9517497128095905

0.0013831258644536651,0.0013831258644536651,0.9800461133255438,0.017187634945548917
0.9341962704583077,0.055999807973064836,0.004901960784313725,0.004901960784313725
0.9837423143060479,0.0018232678649661735,0.007975304178539994,0.006459113650446162
0.004979713371551923,0.9791110802074159,0.011048752895515428,0.004860453525516785

Transition Gammas
2.267824043934576,3.1661899949670307,157.12664658820924,3.556881528601093
55.11532623780762,1.185108363890763,1.7814209611012692,1.3712004260246053
2.1379053978419877,4.462195062907199,1.8700274739414549,225.91375952675645
1.9665149793423067,1.9665149793423067,5.640658464688006,188.84354349054556

1.0,1.0,708.5733399343683,12.426660065631868
190.57603917349476,11.423960826505226,1.0,1.0
633.5078148531946,1.1741432936546696,5.135915624916983,4.159523195328951
1.2354381083134853,242.91180044028172,2.7411317395171078,1.2058504297484658

Iteration: ,5000
Error:,0.03051074757785064
Absolute Error:,0.7430270754427608
Transition Probabilities
0.007163786755639892,0.013887883885176191,0.9519538040581239,0.026994525301059995
0.9458947367594848,0.011810823029984471,0.022858006509755353,0.019436433700775465
0.009193961931215197,0.01581896338738376,0.006242979341528107,0.9687440953398729
0.00933550763232027,0.015808258558123945,0.021859121442722625,0.9529971123668332

0.0006775067750677509,0.0006775067750677509,0.9820297485074557,0.016615237942408732
0.9385095733348312,0.0564904266651687,0.0025,0.0025
0.981389853063861,0.0008637228565438845,0.013130487728775888,0.004615936350819364
0.002628690645649956,0.9806609753687162,0.01168364731761624,0.0050266866680175794

Transition Gammas
2.497405687155882,4.841528842283566,331.865663406682,9.410704604776967
95.0933085063139,1.1873733878163781,2.2979760647766407,1.953996268657031
4.103990909762491,7.06125198574841,2.7867344523668196,432.4269548759641
3.2796509085866568,5.553588683686627,7.67931325473227,334.79677469638847

1.0,1.0,1449.4759087970042,24.52409120299528
375.4038293339325,22.59617066606748,1.0,1.0
1341.1424039362182,1.1803416802644942,17.943790454372675,6.30802117489554
1.2381204407270348,461.8939855233927,5.503029650949866,2.3675830866982106

Iteration: ,7500
Error:,0.030337785781086063
Absolute Error:,0.7447396862241193
Transition Probabilities
0.0061788346036093225,0.014837633578322778,0.9585174454827483,0.0204660863353197
0.9641151686817274,0.007743908990874817,0.015419054509102489,0.012721867818295271
0.007602770721118895,0.015216118437930434,0.009809671947395899,0.9673714388935548
0.006855075342916087,0.022256184514667404,0.01713330948773118,0.9537554306546853

0.0004604051565377535,0.0004604051565377535,0.9826844690417778,0.01639472064514681
0.9268781449663891,0.06993714165781474,0.0015923566878980893,0.0015923566878980893
0.9808764587089533,0.0005868415206373727,0.013964680959169938,0.004572018811239316
0.0017124667152787851,0.9819770196842939,0.012940061515130875,0.003370452085296477

Transition Gammas
3.394875588142107,8.15233344997149,526.6442112849057,11.244809311451622
148.08182800410347,1.1894141244910887,2.368266626200718,1.953996268657031
5.27603308705711,10.559406205963535,6.807538418049229,671.3189054746748
3.479466630898047,11.296688581245112,8.696443971402067,484.10265810281936

1.0,1.0,2134.39066675874,35.609333241258845
582.0794750388924,43.92052496110766,1.0,1.0
1976.7473808509517,1.1826539709408233,28.142837220083806,9.21392916516134
1.2397045831461453,710.8817946564458,9.367687805768082,2.439968532022707

Iteration: ,10000
Error:,0.031816072280071286
Absolute Error:,0.7434409994939766
Transition Probabilities
0.005161630797978492,0.01330194976916173,0.9614677765952838,0.020068642837575947
0.9539602551336076,0.0058792667634619,0.028942424129301456,0.011218053973629084
0.0060549452750288885,0.014211779690497986,0.011216756441909323,0.9685165185925638
0.008456030793619241,0.019295075319523635,0.017347090488805738,0.9549018033980514

0.00034328870580157937,0.00034328870580157937,0.9822528886761336,0.017060533912263223
0.9285240304364929,0.06906051062630898,0.0012077294685990338,0.0012077294685990338
0.9759147216570082,0.00043790810670204047,0.019056076277257857,0.004591293959031821
0.0012849066061985498,0.9793851094375408,0.015663189912935336,0.0036667940433252684

Transition Gammas
3.6531939924488754,9.41458327542334,680.4880943376811,14.203775574097172
193.07442944461042,1.1899196741158626,5.857730440484826,2.2704503240902114
5.603377282894434,13.15188822525848,10.380228949972572,896.2861284264349
5.702496682417483,13.012027236183387,11.698363969612673,643.957490081611

1.0,1.0,2861.302664713575,49.69733528642273
768.8178972014163,57.18210279858384,1.0,1.0
2640.117415471059,1.1846617263002464,51.551921221878295,12.420711432865524
1.2409327868243931,945.8672617648905,15.127142949886181,3.5413040363741306

Iteration: ,12500
Error:,0.02891361661893122
Absolute Error:,0.743470682110899
Transition Probabilities
0.004397842302661864,0.012667083209184618,0.962611602754478,0.020323471733675557
0.9542690692532192,0.012161001198762185,0.02271660374137612,0.01085332580664256
0.004865865042629378,0.012269101282177949,0.009875173120654945,0.9729898605545377
0.0070677209754992296,0.01668870218044169,0.014128375937312851,0.9621152009067462

0.00027442371020856257,0.00027442371020856257,0.9838702373675184,0.015580915212064464
0.9325243593433207,0.06553389308386372,0.000970873786407767,0.000970873786407767
0.9758397912350779,0.0003493491844634828,0.019371819715273794,0.004439039865184761
0.0010265587705135559,0.981919702263016,0.013318114829470526,0.003735624136999825

Transition Gammas
3.9303205726263886,11.320482706279625,860.2791836043868,18.162942999049477
246.06895639053323,3.1358502230248617,5.857730440484826,2.798651492180247
5.603377282894434,14.128711504283146,11.371939057937071,1120.4645491301574
5.8616121836922614,13.840769941258028,11.717364171141169,797.9299413913494

1.0,1.0,3585.22314496723,56.776855032762796
960.5000901236203,67.49990987637963,1.0,1.0
3311.9693705775358,1.1856800767622822,65.74734308398487,15.065960827091224
1.2418564268322416,1187.8553161437583,16.111290429084455,4.519087436603435

Iteration: ,15000
Error:,0.0265740165838348
Absolute Error:,0.7436308817150986
Transition Probabilities
0.0038962488150800236,0.011876341596196067,0.9662957852568897,0.01793162433183426
0.9623019619110198,0.010029323767004404,0.018723280857250384,0.008945433464725403
0.004784488460366003,0.01098433477575587,0.009557984350860624,0.9746731924130175
0.006050702073530737,0.014287259675047206,0.013131339997217944,0.9665306982542041

0.00022711787417669803,0.00022711787417669803,0.983226886305882,0.016318877945764535
0.9309384840521607,0.06743152409779858,0.0008149959250203752,0.0008149959250203752
0.9763093780414824,0.0002894209736352239,0.019626916536259507,0.003774284448622822
0.0008571293415195503,0.9815183896754884,0.013730581976778776,0.0038938990062132783

Transition Gammas
4.145507522782981,12.636118935633233,1028.1136131532326,19.07878246266737
301.06398222625717,3.1377553739311512,5.857730440484826,2.798651492180247
6.5800136453712375,15.106541338438173,13.14490942383767,1340.4490279331958
5.8616121836922614,13.840769941258028,12.720973794530888,936.3257433518804

1.0,1.0,4329.147980404792,71.85201959520114
1142.2615199320007,82.73848006799884,1.0,1.0
4002.7240292840115,1.1865831792709285,80.46745448459644,15.474007927857503
1.2425269951897142,1422.8460471144829,19.90436908339562,5.6447427446421665

Iteration: ,17500
Error:,0.02770751034248048
Absolute Error:,0.7437933458314351
Transition Probabilities
0.0036081695118640672,0.01130847627125866,0.96728674575748,0.017796608459397473
0.9613865644870435,0.008745309833590424,0.018396949290622196,0.011471176388743974
0.004933916090865123,0.015015281292646444,0.01048926942371363,0.9695615331927748
0.007255575493870674,0.014102137927622934,0.012379948645002137,0.9662623379335044

0.00019368584156498217,0.00019368584156498217,0.983548925669655,0.016063702647215062
0.9340360891518862,0.06456040207618405,0.0007017543859649127,0.0007017543859649127
0.9731385145913352,0.0002464698413375072,0.022906275701386335,0.0037087398659409938
0.0007391712845003399,0.9811417204087167,0.014659361702338265,0.0034597466044446077

Transition Gammas
4.420200356960332,13.853487394795689,1184.9779243523767,21.801795843087195
345.05767420390794,3.1388375736053313,6.602971966907366,4.11719654850255
7.912248146107352,24.079175523674294,16.821060801065713,1554.8321662268913
8.040511807456932,15.627761934697817,13.719259532195613,1070.7963474184153

1.0,1.0,5078.063103232414,82.93689676757111
1331.0014270414372,91.99857295856222,1.0,1.0
4687.57599551213,1.187237062913458,110.33877142299002,17.86487710486377
1.2429539570635233,1649.839501877412,24.650459261636044,5.817739166285938

Iteration: ,20000
Error:,0.028538400754961977
Absolute Error:,0.7436933199328082
Transition Probabilities
0.00351840736168216,0.01124515788822222,0.9669806580054319,0.0182557767446637
0.9592493999690389,0.011743142508711023,0.01771100392767458,0.011296453594575512
0.005063754532019141,0.016661389983316413,0.011914231213569158,0.9663606242710953
0.00654334495914129,0.013850814107878787,0.011705309429026818,0.967900531503953

0.0001691761123329391,0.0001691761123329391,0.984095291685995,0.015566356089339107
0.9393193716822223,0.059432188867091035,0.0006242197253433212,0.0006242197253433212
0.9723072906957788,0.00021433923803590855,0.024177436572018447,0.0033009334941667434
0.0006525670028417461,0.9813013422310083,0.014969603983670473,0.0030764867824795154

Transition Gammas
4.947889659226859,15.813916557094323,1359.852088340894,25.672856974949553
398.0534542029228,4.872975097967715,7.349419547241776,4.687615518663801
9.245031444636659,30.41914321342389,21.752129079645147,1764.3103159430987
8.227404245702223,17.415595159535822,14.717902402362707,1217.0088833828072

1.0,1.0,5816.987269155899,92.0127308440832
1504.7896334349193,95.21036656507978,1.0,1.0
5388.465359361008,1.1878544677802865,133.98982059801494,18.293564140760186
1.243440378818167,1869.8305421587622,28.523982927661432,5.8621227760164825

Iteration: ,22500
Error:,0.029616517594717597
Absolute Error:,0.7443008794569912
Transition Probabilities
0.0031294594641648687,0.011243450989226968,0.9681602544637077,0.017466835082900395
0.9564314548908893,0.010406649817723978,0.015886064062145926,0.01727583122924089
0.00462783673028484,0.016971465657510953,0.01247043903351846,0.9659302585786858
0.006026791134628057,0.016406247009820293,0.011512275713568196,0.9660546861419834

0.00015092061575611255,0.00015092061575611255,0.9842919578702912,0.015406200898196606
0.937989614109953,0.06090724192976022,0.0005515719801434091,0.0005515719801434091
0.9727417805463623,0.00019158711082290186,0.02361384406720831,0.003452788275606563
0.0005786979291820224,0.9811403810824709,0.015519897811616792,0.0027610231767301674

Transition Gammas
4.947889659226859,17.776665753510873,1530.72764366794,27.61626206561745
448.0491548453528,4.875091290399579,7.441973536593496,8.093022810918916
9.543090818518284,34.9969645716137,25.715369659624375,1991.8507759032134
8.74507458077351,23.806010609379666,16.704695328021295,1401.7775115644142

1.0,1.0,6521.918512848538,102.08148715145053
1700.5751703813435,110.4248296186552,1.0,1.0
6033.369976205885,1.188307056799472,146.46338901766921,21.415703049723636
1.2438294578631355,2108.822663344259,33.35782816503341,5.934429324663502

Iteration: ,25000
Error:,0.03000514606285444
Absolute Error:,0.7445978718475454
Transition Probabilities
0.002824511076379845,0.01068012883678986,0.9696520065449556,0.016843353541874682
0.9544939817972288,0.01086212084248698,0.015209089877073975,0.019434807483210387
0.004972955196519449,0.01606858308820773,0.01159863370674285,0.96735982800853
0.006134738303777802,0.018185697907425934,0.010906924823253126,0.9647726389655432

0.00013586956521739152,0.00013586956521739152,0.9840830050698086,0.015645255799756574
0.9359893565131671,0.06302347665563847,0.0004935834155972362,0.0004935834155972362
0.9730511900324559,0.00017286124827820925,0.023626239922995652,0.003149708796270252
0.0005200792704552254,0.9814126244138094,0.015147359891390048,0.0029199364243454743

Transition Gammas
4.947889659226859,18.709113755182372,1698.605884874623,29.50565693067095
495.04593465509987,5.6336120157412815,7.8881567165805295,10.079814664993574
11.41409240847479,36.88114712363082,26.6215704162127,2220.316498500442
9.956289010672428,29.514227871075526,17.70124337514342,1565.764462554976

1.0,1.0,7242.85091731378,115.14908268620819
1896.3144362956755,127.68556370432347,1.0,1.0
6691.278818357958,1.1886967725514188,162.4680801725456,21.659271339852026
1.2441757347547344,2347.8147321827278,36.236740614500405,6.985308303130891

Iteration: ,27500
Error:,0.028336423698996048
Absolute Error:,0.7446690443828063
Transition Probabilities
0.0028098404646168425,0.010406727517378695,0.9700613873175045,0.016722044700499986
0.9561413780266993,0.009706905154724376,0.013742196108620037,0.02040952070995615
0.004542334100507177,0.015309230850584785,0.013189040287218158,0.9669593947616898
0.00568287506794604,0.018647465520194934,0.009921448700473293,0.9657482107113857

0.00012368583797155245,0.00012368583797155245,0.9847589923126938,0.014993636011363175
0.9406559735656259,0.05843740812068411,0.00045330915684496854,0.00045330915684496854
0.9730663638306792,0.00015714083573654464,0.02389302873395034,0.0028834665996338394
0.0004728220791502634,0.9816158341465288,0.01486602537208211,0.0030453184022387956

Transition Gammas
5.446919645855381,20.17360390288332,1880.4791570207387,32.41594494242777
555.0425026065006,5.63488313910384,7.977379804626329,11.847778699037683
11.499918663202754,38.758687864519224,33.39095874338658,2448.0705611543617
10.143438817892397,33.2841076658086,17.708924914740788,1723.7767453474153

1.0,1.0,7961.7764528481175,121.2235471518711
2075.0870776857696,128.91292231422906,1.0,1.0
7363.194224680764,1.189084873514517,180.7985742014279,21.819194869609337
1.2445602618138893,2583.805015496774,39.13028863301154,8.015874120786306

Iteration: ,30000
Error:,0.029328392228644487
Absolute Error:,0.7446955772983695
Transition Probabilities
0.0027821302937180575,0.010304567640926519,0.9697876279122092,0.017125674153146263
0.9514202146020451,0.013898256682371015,0.01356645769022142,0.021115071025362656
0.004256174067941188,0.015406538638516687,0.013876001988774703,0.9664612853047674
0.005186495227659558,0.018032380468877555,0.010062136927847761,0.9667189873756151

0.0001134172621072928,0.0001134172621072928,0.9844289826646357,0.015344182811149751
0.9389330258307952,0.06024257186087832,0.000412201154163232,0.000412201154163232
0.9731155874033848,0.0001440842686015935,0.023842000914557987,0.0028983274134556057
0.0004340050583427011,0.9821033687837739,0.014640963543245305,0.00282166261463804

Transition Gammas
5.882064740724614,21.786231265288166,2050.3545879981166,36.207622743196
589.0388612151828,8.604624080311748,8.399202230440824,13.072664633744042
11.728107403237999,42.453512704207526,38.2360399396481,2663.133972950652
10.143438817892397,35.266656961633196,19.67892879965821,1890.651484695264

1.0,1.0,8679.710340154088,135.28965984590727
2277.8515206655075,146.1484793344907,1.0,1.0
8033.09327823282,1.1894192062949243,196.816308119586,23.925764590077264
1.2447822975786484,2816.798708574214,41.99216550083469,8.092891096369373

Iteration: ,32500
Error:,0.028909896387500425
Absolute Error:,0.7447461764048329
Transition Probabilities
0.002806400707265675,0.010344924535672022,0.9694552487896094,0.017393425967452733
0.9514297577375544,0.012915706689619248,0.013656319354551397,0.02199821621827508
