0,1,2,3,4,5,6,7,8,9,10,11,12,13,14,15,16,17,18,19,20,21,22,23,24,25,26,27,28,29
github Code Version (SHA):,cd93f48c3be2409aefa56252372b16f046dc3cc1
Environment Observations,Environment Actions,alpha,epsilon,numActions,explore,patience,gainThresh,insertRandActions,useBudd,revisedSplitting,haveControl,confidence_factor
"['diamond', 'square']","['x', 'y']",0.99,0.99,75000,0.5,0,0.01,False,True,False,False,250

Model Num 0
Model States: 
['diamond'],['square']
Iteration: ,0
Error:,0.6747775220974958
Absolute Error:,1
Transition Probabilities
0.5,0.5
0.5,0.5

0.5,0.5
0.5,0.5

Transition Gammas
1.0,1.0
1.0,1.0

1.0,1.0
1.0,1.0

Iteration: ,2500
Error:,0.15532206741081223
Absolute Error:,1
Transition Probabilities
0.5230125523012552,0.4769874476987448
0.02585034013605442,0.9741496598639455

0.03518518518518519,0.9648148148148148
0.9694555112881806,0.03054448871181939

Transition Gammas
250.0,228.0
19.0,716.0

19.0,521.0
730.0,23.0

Iteration: ,2610
Error:,0.15272563776719378
Absolute Error:,1
Transition Probabilities
0.52,0.48
0.027379400260756193,0.9726205997392438

0.03374777975133215,0.9662522202486679
0.9707379134860051,0.029262086513994912


Model Num 1
Model States: 
['square'],"['diamond', 'x', 'diamond']","['diamond', 'x', 'square']"
Iteration: ,0
Error:,0.7259356840102156
Absolute Error:,1
Transition Probabilities
0.3333333333333333,0.3333333333333333,0.3333333333333333
0.3333333333333333,0.3333333333333333,0.3333333333333333
0.3333333333333333,0.3333333333333333,0.3333333333333333

0.3333333333333333,0.3333333333333333,0.3333333333333333
0.3333333333333333,0.3333333333333333,0.3333333333333333
0.3333333333333333,0.3333333333333333,0.3333333333333333

Transition Gammas
1.0,1.0,1.0
1.0,1.0,1.0
1.0,1.0,1.0

1.0,1.0,1.0
1.0,1.0,1.0
1.0,1.0,1.0

Iteration: ,2500
Error:,0.12910797095079687
Absolute Error:,1
Transition Probabilities
0.9722955145118733,0.0041961951855348035,0.023508290302591845
0.0030959752321981413,0.022863420886102513,0.9740406038816993
0.9956521739130435,0.002173913043478261,0.002173913043478261

0.03234880450070324,0.5923920422793871,0.3752591532199097
0.9708595844441785,0.009816671584702119,0.019323743971119238
0.9080750787558415,0.05516757849328122,0.03675734275087719

Transition Gammas
737.0,3.1807159506353813,17.81928404936462
1.0,7.384884946211114,314.615115053789
458.0,1.0,1.0

23.0,421.19074206064425,266.8092579393558
98.89905922462809,1.0,1.9684618971294237
78.741202003393,4.783702960034076,3.187310629227149

Iteration: ,5000
Error:,0.11737961410335311
Absolute Error:,1
Transition Probabilities
0.9765840220385675,0.002969498125454689,0.020446479835977818
0.001589825119236884,0.016551684828638426,0.9818584900521247
0.9978471474703983,0.001076426264800861,0.001076426264800861

0.0334470989761092,0.5883182693605347,0.37823463166335614
0.9838601894107311,0.004890893904188674,0.011248916685080195
0.9320558781214304,0.04696876891936852,0.02097535295920103

Transition Gammas
1418.0,4.3117112781602085,29.688288721839793
1.0,10.41100975721357,617.5889902427864
927.0,1.0,1.0

49.0,861.8862646131835,554.1137353868169
222.91217154320287,1.1081247037987119,2.5486552589160425
149.78040031934287,7.54783181608044,3.370717182107976

Iteration: ,7500
Error:,0.12073937518432368
Absolute Error:,1
Transition Probabilities
0.9726402188782489,0.005693099893303152,0.021666681228447872
0.0010449320794148375,0.020319518091160622,0.9786355498294246
0.9985412107950401,0.0007293946024799417,0.0007293946024799417

0.032213529682466636,0.5964856705223983,0.37130079979513514
0.9871951685121875,0.0032829849411809774,0.009521846546631643
0.9317637845822277,0.0430131935408021,0.025223021876970172

Transition Gammas
2133.0,12.484968066013812,47.51503193398619
1.0,19.445778813240725,936.5542211867597
1369.0,1.0,1.0

70.0,1296.1633620451714,806.8366379548287
333.21363737525076,1.1081247037987119,3.2139633818446205
243.3704915241127,11.234759525173398,6.588085235223

Iteration: ,10000
Error:,0.11654116681696697
Absolute Error:,1
Transition Probabilities
0.975432525951557,0.005034154959618452,0.019533319088824455
0.0007800312012480495,0.01909177607517429,0.9801281927235778
0.9989224137931034,0.0005387931034482759,0.0005387931034482759

0.029219663114472313,0.5989182397431456,0.3718620971423821
0.9860139403333369,0.0029463952273535957,0.011039664439309534
0.9375430855866832,0.03877215262525768,0.023684761788059092

Transition Gammas
2819.0,14.548707833297328,56.45129216670267
1.0,24.475656928373457,1256.5243430716273
1854.0,1.0,1.0

85.0,1742.2531594128113,1081.74684058719
444.22386965440757,1.3274245280789974,4.973644140627807
311.8863761393609,12.898080486452248,7.879056053385803

Iteration: ,12500
Error:,0.11553238495822409
Absolute Error:,1
Transition Probabilities
0.9783633841886269,0.004067850643296292,0.017568765168076803
0.0006265664160400999,0.020368305350280596,0.9790051282336794
0.9991368148467846,0.00043159257660768235,0.00043159257660768235

0.027716794731064757,0.5994338371985991,0.37284936807033625
0.9855104935801575,0.0024025580312808667,0.01208694838856157
0.9380282665608426,0.035798582560232314,0.026173150878925036

Transition Gammas
3527.0,14.664601569083132,63.33539843091687
1.0,32.50781533904785,1562.4921846609532
2315.0,1.0,1.0

101.0,2184.3369027516956,1358.6630972483056
561.2664997020535,1.3683013477099917,6.883741226825957
388.8689235992358,14.840657539687236,10.8503393472395

Iteration: ,15000
Error:,0.11229455541294169
Absolute Error:,1
Transition Probabilities
0.9793767186067828,0.0034023997949289278,0.017220881598288305
0.0005224660397074189,0.018566460144428188,0.9809110738158644
0.9992859692966798,0.0003570153516601214,0.0003570153516601214

0.026865671641791045,0.5977653046714322,0.3753690236867769
0.9869341826889625,0.0020605963927401334,0.011005220918297365
0.9375290143188404,0.03921829996552997,0.023252685715629592

Transition Gammas
4274.0,14.848072705069841,75.15192729493016
1.0,35.53620471643556,1877.463795283565
2799.0,1.0,1.0

117.0,2603.267901844087,1634.7320981559133
655.3555936680083,1.3683013477099917,7.307815672882978
459.3921626673776,19.217090204288404,11.393889058984456

Iteration: ,17500
Error:,0.11637109324453461
Absolute Error:,1
Transition Probabilities
0.9790555226239873,0.0035422787571114914,0.017402198618901153
0.0004502476361999101,0.019162384182149186,0.9803873681816508
0.999395039322444,0.00030248033877797946,0.00030248033877797946

0.025887428907628948,0.5942677659203868,0.3798448051719842
0.9888661876739677,0.0017559019057374222,0.009377910420294854
0.933796547238929,0.03789069618964697,0.028312756571423865

Transition Gammas
4955.0,17.92747278974126,88.07252721025874
1.0,42.55965526855332,2177.4403447314457
3304.0,1.0,1.0

132.0,3030.1713384280524,1936.8286615719476
770.5823046708791,1.3683013477099917,7.307815672882978
515.2333406324431,20.90664185298769,15.621899860243698

Iteration: ,20000
Error:,0.11721534601008
Absolute Error:,1
Transition Probabilities
0.9793796569052158,0.0036526496667221974,0.01696769342806207
0.0003951007506914266,0.019198489987293295,0.9804064092620153
0.9994708994708995,0.00026455026455026457,0.00026455026455026457

0.025526811718348464,0.5918525919367794,0.38262059634487217
0.9895782422632562,0.0016478867510268708,0.008773870985716836
0.9334912747753074,0.03744152872812997,0.02906719649656264

Transition Gammas
5652.0,21.079441226653802,97.9205587733462
1.0,48.591378157839294,2481.408621842159
3778.0,1.0,1.0

149.0,3454.643579134982,2233.356420865019
879.9783510410656,1.4653764643758964,7.802128414424245
595.7598860003604,23.895414439860783,18.55086398671533

Iteration: ,22500
Error:,0.11582439392288711
Absolute Error:,1
Transition Probabilities
0.9793560314281312,0.0035878302445061737,0.01705613832736257
0.00035137034434293773,0.02024593815671679,0.9794026914989402
0.9995291902071564,0.00023540489642184556,0.00023540489642184556

0.026023436311063762,0.591697109372363,0.38227945431657323
0.990524157153736,0.0015522717684446445,0.007923571077819368
0.9388641528315148,0.035026133532074476,0.026109713636410736

Transition Gammas
6357.0,23.288606117089575,110.71139388291043
1.0,57.619939994015944,2787.3800600059817
4246.0,1.0,1.0

171.0,3888.0417056857978,2511.958294314203
995.31305673004,1.5597765562486834,7.961879266371194
667.0598323564916,24.885950423750604,18.55086398671533

Iteration: ,24033
Error:,0.11153245288826749
Absolute Error:,1
Transition Probabilities
0.9800488014927515,0.0034924988895288596,0.016458699617719598
0.0003281916639317363,0.019900577944823594,0.9797712303912446
0.9995598591549296,0.00022007042253521127,0.00022007042253521127

0.02670284163929743,0.591989750454371,0.38130740790633166
0.9905023864342876,0.0015044080421672016,0.007993205523545197
0.9408407710490523,0.03313839171824324,0.02602083723270446


Model Num 2
Model States: 
"['diamond', 'x', 'diamond']","['diamond', 'x', 'square']","['square', 'y', 'diamond', 'x', 'diamond']","['square', 'y', 'diamond', 'x', 'square']"
Iteration: ,0
Error:,0.6748517362089164
Absolute Error:,0.74
Transition Probabilities
0.25,0.25,0.25,0.25
0.25,0.25,0.25,0.25
0.25,0.25,0.25,0.25
0.25,0.25,0.25,0.25

0.25,0.25,0.25,0.25
0.25,0.25,0.25,0.25
0.25,0.25,0.25,0.25
0.25,0.25,0.25,0.25

Transition Gammas
1.0,1.0,1.0,1.0
1.0,1.0,1.0,1.0
1.0,1.0,1.0,1.0
1.0,1.0,1.0,1.0

1.0,1.0,1.0,1.0
1.0,1.0,1.0,1.0
1.0,1.0,1.0,1.0
1.0,1.0,1.0,1.0

Iteration: ,2500
Error:,0.035947917369349276
Absolute Error:,0.9789750823418653
Transition Probabilities
0.04554425960059975,0.945323320308076,0.004566210045662099,0.004566210045662099
0.0014534883720930245,0.0014534883720930245,0.022203127188085058,0.9748898960677289
0.007019452045163048,0.025205715846806427,0.9556351263827156,0.012139705725314882
0.01042781290274433,0.010493322541819665,0.9645467915265667,0.014532073028869233

0.020413728378622584,0.020413728378622584,0.9135841426765461,0.04558840056620879
0.009321070605256256,0.03486890041573677,0.0322520687335576,0.9235579602454493
0.9731623449035892,0.004070905510314526,0.008754132571307308,0.014012617014789066
0.0018857718175347205,0.9799893131231048,0.0060605949370673585,0.012064320122293115

Transition Gammas
9.974192852531347,207.0258071474687,1.0,1.0
1.0,1.0,15.275751505402507,670.724248494597
1.2958555017589388,4.653207308163593,176.41904641979446,2.24110149234852
1.9486725996601497,1.9609145568059412,180.2473750984996,2.715646396011298

1.0,1.0,44.7534191565544,2.2332226490261977
1.78133479770752,6.663739424237791,6.163640934201612,176.4996749791027
253.32127296483907,1.0596864658739122,2.278764707944207,3.647586652262831
1.2726784681314964,661.379752424785,4.090202541342399,8.142024559662978

Iteration: ,5000
Error:,0.02793240097454658
Absolute Error:,0.9815285942186855
Transition Probabilities
0.03221743259022472,0.963509063136271,0.002136752136752136,0.002136752136752136
0.0007251631617113864,0.0007251631617113864,0.02208427701116713,0.9764653966654101
0.003848699551064631,0.02155970483864084,0.9539674241759655,0.020624171434328997
0.005515369812611923,0.010906285577355386,0.9730167084557004,0.010561636154332357

0.01877546882853283,0.00947344561433168,0.9437032766569551,0.028047808900180392
0.014216238663297447,0.028873356431540462,0.027881453133870786,0.9290289517712913
0.980502061832693,0.0018992896005630693,0.005783126120974182,0.011815522445769692
0.000982626461575038,0.9782207879237683,0.004527635785388097,0.016268949829268502

Transition Gammas
15.077758452225172,450.92224154777495,1.0,1.0
1.0,1.0,30.454217998399415,1346.5457820015981
1.3460327525441804,7.540227150224874,333.63773419150255,7.213036475402112
2.255988280318914,4.461070296331223,397.9994751777129,4.320096057871153

1.9819049575931278,1.0,99.61563248215577,2.9606766156707462
5.092820712117595,10.343581811308422,9.988242696762482,332.8150293335249
549.2590291763131,1.0639467296785192,3.23959975451073,6.618836043693885
1.2777140303145529,1271.9853111548923,5.887307123677383,21.154595635477413

Iteration: ,7500
Error:,0.026256939491134057
Absolute Error:,0.9821962181369956
Transition Probabilities
0.024711423780230266,0.9724025733337669,0.001443001443001442,0.001443001443001442
0.0004793863854266546,0.0004793863854266546,0.021371841824335547,0.9776693854048112
0.004564713068099396,0.014873337114399206,0.9604032166470712,0.020158733170430286
0.005475159836875345,0.011051046889901732,0.9683593987600603,0.015114394513162589

0.021079300742588614,0.016906108631589235,0.9392308595203452,0.022783731105476945
0.012143681545756362,0.02985185460010338,0.025031421461142775,0.9329730423929975
0.9831291466290636,0.0012566467639358316,0.004257928076767535,0.011356278530233055
0.000654231811981311,0.9789271114987281,0.003677481292715105,0.016741175396575474

Transition Gammas
17.125016679699588,673.874983320301,1.0,1.0
1.0,1.0,44.58166204556388,2039.4183379544331
2.314139264398679,7.540227150224874,486.88860836178713,10.219725808450967
3.3894075259186573,6.841170415819166,599.4646241824667,9.356593056441811

3.6139350678867266,2.8984632645693647,161.02618305568768,3.906150674772015
6.372640488971322,15.665359518751686,13.135740532946325,489.5963190956735
834.2131436557506,1.0663006493116065,3.612973512746961,9.636126490012826
1.281437669845185,1917.4152857352071,7.2030478682542585,32.79078210166589

Iteration: ,10000
Error:,0.025564947267134756
Absolute Error:,0.9820524473237475
Transition Probabilities
0.02592699155823508,0.9719270856949839,0.001072961373390557,0.001072961373390557
0.0003558718861209968,0.0003558718861209968,0.018756479585613963,0.9805317766421441
0.005156212492776478,0.016481097612641556,0.959003073397777,0.01935961649680495
0.004264508067787339,0.013871155941712838,0.967355355114847,0.014508980875652713

0.015824438288235116,0.01269158194580269,0.9542748464368357,0.017209133329126443
0.01469549829834537,0.02719943798440798,0.022731653977779865,0.9353734097394667
0.9814169269224935,0.0009380421914811451,0.0057264751379840035,0.011918555748041362
0.0004949342256657485,0.9789601962124047,0.002965222260640359,0.017579647301289174

Transition Gammas
24.16395613227511,905.8360438677256,1.0,1.0
1.0,1.0,52.70570763557519,2755.2942923644223
3.518503138783352,11.246393309413197,654.4057927364464,13.21064085413034
3.606738761100456,11.731631175504543,818.1478378257821,12.271076259314853

3.6139350678867266,2.8984632645693647,217.93426528790428,3.930167333162547
9.725638598635872,18.000880171048415,15.044052732939505,619.0401681666069
1117.1740710918461,1.0677994083504017,6.518605260833314,13.567222126815874
1.2828034372256507,2537.33413347833,7.685460230540499,45.56409885166894

Iteration: ,12500
Error:,0.02479678178623509
Absolute Error:,0.9824829038105327
Transition Probabilities
0.025820207168034803,0.9724703911225635,0.0008547008547008538,0.0008547008547008538
0.0002865329512893982,0.0002865329512893982,0.02028914859763578,0.9791377854997855
0.004296259782194539,0.01520784004461714,0.962767148651438,0.017728751521750352
0.0035527670933211282,0.014053280248198578,0.9639532971372222,0.018440655521257933

0.012469944340219299,0.010001196729438076,0.9621826612171953,0.015346197713147349
0.015442056544269302,0.028419134337699655,0.01938420829485799,0.9367546008231731
0.981212382048484,0.0007448804104816017,0.005204086987095973,0.01283865055393838
0.0003982221673482746,0.9775975335534693,0.0025015085387999304,0.019502735740382485

Transition Gammas
30.20964238660075,1137.7903576134004,1.0,1.0
1.0,1.0,70.8091286057489,3417.190871394252
3.6855945794055485,13.04621593535881,825.9205830628241,15.208808084415844
3.7933492125601638,15.00492381378091,1029.2291570461641,19.68939822488223

3.6139350678867266,2.8984632645693647,278.8517387259039,4.447506786007913
12.931326732476517,23.79845654116055,16.232522539506814,784.447316111564
1408.1365032424212,1.0689768247314204,7.46837788296134,18.424729271792717
1.2840564160761847,3152.2363349545576,8.066045420083844,62.88603450991426

Iteration: ,15000
Error:,0.025720551630439695
Absolute Error:,0.9824039114574219
Transition Probabilities
0.028180932026401696,0.9703833177941296,0.0007178750897343859,0.0007178750897343859
0.00023579344494223045,0.00023579344494223045,0.020261697504215127,0.9792667156059004
0.003747136335941797,0.015870606392684804,0.9622740958593946,0.01810816141197871
0.0030470574863868103,0.016130678328581907,0.9580003027523111,0.02282196143272023

0.01076301871403972,0.0086322011249524,0.9673283801032359,0.013276400057772073
0.0163798522308558,0.03042367980005245,0.02013860458192536,0.9330578633871663
0.9818231824005512,0.0006307629058592936,0.005147292656051129,0.012398762037538313
0.00032760751103752235,0.9774287378174957,0.002110509920041462,0.020133144751425303

Transition Gammas
39.256038312777584,1351.7439616872232,1.0,1.0
1.0,1.0,85.9298591153764,4153.070140884626
3.7579511893506297,15.916411579968717,965.0513775894497,18.160424552045324
3.873073136472845,20.503484816624923,1217.7010948758348,29.00868334174486

3.6139350678867266,2.8984632645693647,324.80311034459135,4.457861592444202
16.242478519235075,30.168524029634654,19.969707157254472,925.2325411532489
1665.1077985336206,1.069732567328559,8.729471147717275,21.027488178054714
1.2850938373608578,3834.1234712558226,8.278819015305173,78.97554047162065

Iteration: ,17500
Error:,0.024052822920753836
Absolute Error:,0.983084038883675
Transition Probabilities
0.029042075594625686,0.9697301773212736,0.0006138735420503373,0.0006138735420503373
0.00020279862096937747,0.00020279862096937747,0.021505290699417947,0.9780891120586434
0.0031402326421605216,0.01411616603872078,0.9667242879942507,0.016019313324867876
0.0026625675266642537,0.016299624962989458,0.9600803777648557,0.020957429745490492

0.009193334685958654,0.007373276598941288,0.9711228335759601,0.012310555139139936
0.015155444040685091,0.029007482740480522,0.018522905830927614,0.9373141673879067
0.9825197753961715,0.0005393534706665687,0.004662023858691977,0.012278847274469897
0.0002818110516754302,0.9774350491002625,0.0018470209975862027,0.020436118850475752

Transition Gammas
47.30954114364527,1579.6904588563557,1.0,1.0
1.0,1.0,106.04258843882985,4822.957411561169
3.7579511893506297,16.892972272839025,1156.8896645003506,19.17048971261867
3.9366304563447962,24.0991446841128,1419.4876253084926,30.98575168388869

3.6139350678867266,2.8984632645693647,381.7521044726024,4.839326364397636
17.576136180409666,33.64068156161538,21.48146332547649,1087.0259825849641
1950.0783485253642,1.070494000922054,9.253057307144886,24.370719871911422
1.2861468911059994,4460.8791677418285,8.429549869424473,93.26763648745741

Iteration: ,20000
Error:,0.02343885932288511
Absolute Error:,0.9829948376401181
Transition Probabilities
0.0285525067602525,0.9703774022820161,0.000535045478865703,0.000535045478865703
0.00017850767583006084,0.00017850767583006084,0.021632602274814443,0.9780103823735253
0.0026925734941883124,0.012802536885632116,0.9700580804081235,0.014446809212056192
0.002325536247894692,0.018373516322923607,0.9582860065253949,0.021014940903786933

0.008088464640722187,0.008587463311156273,0.9707087944507374,0.01261527759738412
0.014515818969975355,0.02805949274805122,0.016699416135176073,0.9407252721467972
0.9813504557208064,0.0004696462745206981,0.005227773689413757,0.012952124315259345
0.00024855304846729966,0.9777251231841301,0.0016464236996466567,0.020379900067755852

Transition Gammas
53.364635134911985,1813.63536486509,1.0,1.0
1.0,1.0,121.1858379435104,5478.814162056485
3.7579511893506297,17.86815060755468,1353.8835336815298,20.163016525992457
3.9765126034085596,31.41749318815482,1638.6054554376688,35.93415387072434

3.6139350678867266,3.836888233167496,433.7137774343223,5.636520171057046
19.408573304336333,37.517326649601394,22.328181611356374,1257.809527761964
2238.0537017176753,1.0710685230353625,11.922385310088837,29.538427989603573
1.2870356518768182,5062.770700393094,8.525367170537681,105.52941567457546

Iteration: ,22500
Error:,0.023418079969181584
Absolute Error:,0.9831926024024971
Transition Probabilities
0.026527978788634655,0.9725146253281676,0.00047869794159885047,0.00047869794159885047
0.0001584032947885318,0.0001584032947885318,0.022069264616718258,0.9776139287937047
0.0025034271186528474,0.01404629157696388,0.9684871282282371,0.014963153076146228
0.0020855079044451883,0.016917879542870176,0.9591745512882042,0.021822061264480483

0.01107372632090251,0.00954481248368278,0.9664725780298554,0.01290888316555923
0.014074054847762826,0.027629738771956486,0.01566872300940956,0.9426274833708711
0.9829440348063659,0.00042014139967484776,0.004726450101970836,0.011909373691988452
0.00021954735250593617,0.9783315970531791,0.0014639423887021178,0.019984913205612832

Transition Gammas
55.416947689457864,2031.5830523105446,1.0,1.0
1.0,1.0,139.3232675253422,6171.676732474651
3.8615267432320723,21.666350964860246,1493.8876863097423,23.080606316075624
3.992143537488179,32.38472668509979,1836.081502298121,41.772462557432846

5.530411414698611,4.766845267909323,482.6732052642863,6.446920642698447
21.503201734042104,42.21440466865212,23.939633277734323,1440.2039180768325
2507.0277229199623,1.0715830192089566,12.05495024848797,30.375208507481698
1.2880059742079757,5739.522373547428,8.588427603533228,117.24435439120684

Iteration: ,25000
Error:,0.02245754839783568
Absolute Error:,0.983368370942678
Transition Probabilities
0.027764823828422627,0.9713738497288557,0.0004306632213608956,0.0004306632213608956
0.00014295925661186588,0.00014295925661186588,0.022082264099436196,0.9776318173873401
0.002235103104995512,0.012540772480821654,0.971853022176341,0.013371102237841914
0.00236074467853096,0.018237585460373112,0.9583329267764132,0.021068743084682807

0.009751953693741607,0.008405532759160261,0.9691530975885284,0.012689415958569669
0.013967892943159536,0.026298223953800867,0.015277081164426458,0.9444568019386131
0.9826609409056543,0.00037681290243747893,0.004708980624061886,0.012253265567846424
0.0001981210329550441,0.9784981360275572,0.0013299565723507306,0.019973786367137116

Transition Gammas
64.46992092959736,2255.5300790704036,1.0,1.0
1.0,1.0,154.46543737555592,6838.534562624432
3.8615267432320723,21.666350964860246,1679.0439900679162,23.100889065258777
5.015146221390617,38.74377379335864,2035.8744426134726,44.7582613365662

5.530411414698611,4.766845267909323,549.6145205174445,7.196269903144588
23.748813621824386,44.713373864286,25.97475186385411,1605.8061623452586
2795.9967008677545,1.072157840209452,13.398613643066653,34.86460962921735
1.2886357436849074,6364.431148005803,8.65041712693221,129.91520721204628

Iteration: ,27500
Error:,0.021991977163464065
Absolute Error:,0.9836004448318143
Transition Probabilities
0.027696266547489863,0.9715181874980718,0.00039277297721916713,0.00039277297721916713
0.00012975217334890363,0.00012975217334890363,0.02122721457402222,0.9785132810792799
0.0020144722687946448,0.011302851459252469,0.9720897312958516,0.014592944976101165
0.0025712212874894717,0.017735098499475032,0.9584680656400121,0.02122561457302334

0.011528171297272044,0.008623158996134242,0.9676507366064053,0.012197933100188367
0.013601813624967448,0.026033305380109877,0.01538587084636324,0.9449790101485595
0.9823229031984914,0.0003436409265045637,0.0047722688703094995,0.012561187004694439
0.00017991367455135363,0.9779563681849108,0.0012180333024852297,0.020645684838052583

Transition Gammas
70.51469462990923,2473.485305370092,1.0,1.0
1.0,1.0,163.5981427219892,7541.401857278009
3.8615267432320723,21.666350964860246,1863.391495811585,27.97310648582236
6.011518909133756,41.464684702047606,2240.8996566847923,49.62551608628796

7.166867778220014,5.360871101081466,601.5719844826014,7.583247285483183
25.175478803694837,48.184819014430474,28.47757483296137,1749.0534494798683
3065.9735656248345,1.0725536310914316,14.89494967162208,39.205303249945125
1.289135832095776,7007.352829612543,8.72757659380399,147.9325691571776

Iteration: ,30000
Error:,0.020867589562163297
Absolute Error:,0.9837703725241198
Transition Probabilities
0.02634844819014645,0.97293521943163,0.0003581661891117478,0.0003581661891117478
0.00011901928112354201,0.00011901928112354201,0.021988085484579218,0.9777738759531738
0.0018560103410609466,0.010877466928439739,0.9733495302470362,0.013916992483463099
0.0027618368136113256,0.01770934836983153,0.9582344293976154,0.021294385418941703

0.012229503876103264,0.009477296746143251,0.9656626662105099,0.01263053316724365
0.013091589551541154,0.026172133912008243,0.014964953088093855,0.9457713234483568
0.983806549652187,0.00031488849413605075,0.004371705618662083,0.011506856235014785
0.00016522264928462235,0.9783862905602668,0.0011221327375076212,0.020326354052940917

Transition Gammas
73.5648673468889,2716.4351326531114,1.0,1.0
1.0,1.0,184.7438942414346,8215.256105758566
3.8615267432320723,22.631139769825875,2025.1046874085719,28.955031915141564
7.0698316312479585,45.332914188406555,2452.9168579832995,54.50999815081978

8.149998775844818,6.315870019086731,643.5379249417595,8.417253135873157
26.657345646096264,53.29220086236128,30.471924396680436,1925.7977018047288
3351.9523778378575,1.0728646165714935,14.89494967162208,39.205303249945125
1.28971865442005,7637.228041239587,8.759304675026259,158.66636996762168

Iteration: ,32500
Error:,0.021294650586730413
Absolute Error:,0.9836362657370085
Transition Probabilities
0.025402944020680638,0.9739339260058446,0.0003315649867374005,0.0003315649867374005
0.0001098177026136614,0.0001098177026136614,0.021290629526906673,0.978489735067866
0.0017285344181721134,0.010903166352488523,0.9727836576655431,0.01458464156379641
0.0029329370711735866,0.019275560274694566,0.9564220133675213,0.021369489286610567

0.011215135939052762,0.008691208770163645,0.9666884056978352,0.01340524959294836
0.01314626299233723,0.02577898164454418,0.014961933997657299,0.9461128213654613
0.9834833940984054,0.00029062543479151917,0.00445586562173144,0.011770114845071743
0.00015254257012912523,0.9784393278042613,0.0011361559962084343,0.02027197362940107

Transition Gammas
76.6152791663728,2937.3847208336274,1.0,1.0
1.0,1.0,193.87247247201205,8910.127527527982
3.8891006113627893,24.53148197771733,2188.7059221831987,32.81458432412882
8.158049900123306,53.61553240242905,2660.315690819281,59.43985694536622

8.149998775844818,6.315870019086731,702.4889725702388,9.741546457050875
28.9206819002847,56.71160909299535,32.915006645730564,2081.3692807180596
3631.9242337934684,1.0732561077390879,16.45514955433436,43.46607741103458
1.2901283694390406,8275.147937435513,9.60903622887701,171.45016149702928

Iteration: ,35000
Error:,0.021849705815641104
Absolute Error:,0.9834188375592696
Transition Probabilities
0.024508650906688263,0.9748759644779272,0.00030769230769230787,0.00030769230769230787
0.00010224948875255648,0.00010224948875255648,0.020450101826554705,0.9793453991959402
0.001989442565906507,0.011224189190152334,0.9717579930440116,0.015028375199929566
0.003045224785022343,0.018988056367017603,0.9554532724633282,0.02251344638463182

0.010304219331736085,0.009190630301747237,0.9664857666224642,0.014019383744052507
0.013485746676354967,0.025582579333116813,0.014807090684493977,0.9461245833060342
0.9830328047057924,0.00026897559891138296,0.00431486777367662,0.012383351921619701
0.00014224538777282247,0.9781219228937524,0.0011115531384482758,0.020624278580026256

Transition Gammas
79.6531154467368,3168.3468845532616,1.0,1.0
1.0,1.0,200.00199586370454,9577.998004136272
4.859596895078134,27.417245349518254,2373.706186191033,36.70970286411327
9.197918230355793,57.35228173506842,2885.8891193410104,68.00051015866909

8.149998775844818,7.2692188798607695,764.4303329786952,11.088463538448007
31.870783973013417,60.459155800976326,34.993508316580616,2235.970534651489
3923.893409043232,1.0736483815285363,17.223312525251856,49.429635261916786
1.2905304277166931,8874.074043983337,10.084637327450567,187.11509366994633

Iteration: ,37500
Error:,0.022727602511653216
Absolute Error:,0.9831459361993978
Transition Probabilities
0.024370545187221076,0.9750539152444335,0.0002877697841726619,0.0002877697841726619
9.50660709192891e-05,9.50660709192891e-05,0.020640608131007702,0.9791692597271539
0.0019038445262904021,0.013116419585315627,0.9708559705689151,0.014123765319478638
0.003177937420271727,0.01956614529513166,0.9546545756130543,0.022601341671542423

0.009769236028006237,0.009861770440075515,0.966621046334725,0.013747947197193303
0.013397826690068998,0.025372403175389188,0.014757000398668573,0.9464727697358731
0.9838440533528663,0.00025246585776565457,0.004282806026583928,0.011620674762784047
0.0001323058963996476,0.9782453194366031,0.0010374482205298215,0.020584926446467325

Transition Gammas
84.68764452559321,3388.3123554744056,1.0,1.0
1.0,1.0,217.11855693006956,10299.88144306991
4.950603012184641,34.10687449077785,2524.535184425445,36.72629469919988
10.257791742944116,63.15588292247907,3081.4476586672668,72.95293308764505

8.149998775844818,8.227195738117624,806.4049554898128,11.469244115537206
33.87045138095257,64.14284704898809,37.30651814613281,2392.735827408237
4184.873400603383,1.07388731895406,18.217319055306284,49.429635261916786
1.2909414034703364,9544.981894058197,10.122639264640801,200.85222624444538

Iteration: ,40000
Error:,0.02206955176730119
Absolute Error:,0.9830736726451863
Transition Probabilities
0.023656594043054164,0.9758040316311638,0.0002696871628910463,0.0002696871628910463
8.91662951404372e-05,8.91662951404372e-05,0.02097549178629911,0.9788461756234199
0.002143713029912768,0.01404608367206152,0.9698633055309447,0.01394689776708089
0.002991221647506046,0.019405546838423625,0.9552814349521466,0.02232179656192365

0.009053418434684712,0.009139172607239154,0.9690552782529498,0.012752130705126416
0.013412210005040733,0.025447136898041928,0.014548009024085987,0.9465926440728314
0.9834227780518973,0.0002359281309012583,0.004163947436213728,0.01217734638098769
0.0001242791458972306,0.9783611589019253,0.0010174104644761022,0.020497151487701357

Transition Gammas
87.71865071164486,3618.281349288356,1.0,1.0
1.0,1.0,235.24014038334377,10977.759859616619
5.945894992727403,38.95882396933474,2690.054728184001,38.683717661939916
10.307820046671273,66.87197014788156,3291.922259797277,76.92143518369929

8.149998775844818,8.227195738117624,872.3554962653776,11.479625114644643
36.09159915274308,68.47699701719053,39.14797859342092,2547.2343676375413
4477.836391141741,1.0742557461771094,18.95977577173347,55.447327425486264
1.2913497969708807,10165.876783196898,10.571627180506242,212.98016027574224

Iteration: ,42500
Error:,0.02196535656502494
Absolute Error:,0.9829952892947094
Transition Probabilities
0.024188089940898747,0.9753067319838297,0.0002525890376357665,0.0002525890376357665
8.426729586247615e-05,8.426729586247615e-05,0.020844740522356586,0.9789867248859184
0.0020010270666261996,0.013379761522192973,0.9716419490429701,0.012977262368210764
0.003085050946773452,0.019460468570071977,0.95571342244285,0.021741058040304673

0.008415918671105178,0.010431632624408898,0.9689111437615414,0.012241304942944526
0.013582408334296673,0.02426624623986467,0.01443045106360659,0.9477208943622321
0.9834946824315397,0.0002208350959390912,0.0041646803849997105,0.012119802087521671
0.00011766948784155826,0.9785309887512478,0.0009653172396562805,0.020386024521254473

Transition Gammas
95.76064807601816,3861.2393519239827,1.0,1.0
1.0,1.0,247.3645357788045,11617.635464221143
5.967966867961783,39.90449444559857,2897.8753241889476,38.7040601009505
11.34382801108748,71.55674647932517,3514.1878948281806,79.94254469159586

8.149998775844818,10.102021709274771,938.2962150847378,11.854513357201878
38.8821802014403,69.46666127894756,41.309860875440364,2713.028035110286
4785.79810758009,1.074608946150696,20.26581318765284,58.976349268409976
1.2917122527695586,10741.78609145172,10.596732671707306,223.78679590092418

Iteration: ,44395
Error:,0.02216192251053651
Absolute Error:,0.9829216894789561
Transition Probabilities
0.024219717124562425,0.9752948459822337,0.00024271844660194163,0.00024271844660194163
8.053475074494673e-05,8.053475074494673e-05,0.020975976280945295,0.9788629542175648
0.0019389685101749263,0.0140631482300139,0.9709215604499606,0.01307632280985057
0.0029779900744014167,0.019891109795186386,0.9552444757588809,0.021886424371531297

0.00814802311817089,0.010099572857776627,0.9690381022800639,0.012714301743988545
0.013594115902761885,0.023527440874217837,0.013863694439032941,0.9490147487839873
0.9831590305088252,0.00021244770559230162,0.004461918564761242,0.012166603220821227
0.0001122290183417591,0.9780059675469852,0.0009237924585872855,0.020958010976085687


Model Num 3
Model States: 
"['diamond', 'x', 'diamond']","['diamond', 'x', 'square']","['square', 'y', 'diamond', 'x', 'diamond']","['square', 'x', 'square', 'y', 'diamond', 'x', 'diamond']","['square', 'x', 'square', 'y', 'diamond', 'x', 'square']"
Iteration: ,0
Error:,0.6472713516275189
Absolute Error:,1
Transition Probabilities
0.2,0.2,0.2,0.2,0.2
0.2,0.2,0.2,0.2,0.2
0.2,0.2,0.2,0.2,0.2
0.2,0.2,0.2,0.2,0.2
0.2,0.2,0.2,0.2,0.2

0.2,0.2,0.2,0.2,0.2
0.2,0.2,0.2,0.2,0.2
0.2,0.2,0.2,0.2,0.2
0.2,0.2,0.2,0.2,0.2
0.2,0.2,0.2,0.2,0.2

Transition Gammas
1.0,1.0,1.0,1.0,1.0
1.0,1.0,1.0,1.0,1.0
1.0,1.0,1.0,1.0,1.0
1.0,1.0,1.0,1.0,1.0
1.0,1.0,1.0,1.0,1.0

1.0,1.0,1.0,1.0,1.0
1.0,1.0,1.0,1.0,1.0
1.0,1.0,1.0,1.0,1.0
1.0,1.0,1.0,1.0,1.0
1.0,1.0,1.0,1.0,1.0

Iteration: ,2500
Error:,0.3169480534484098
Absolute Error:,1
Transition Probabilities
0.02947590005319033,0.962752079221421,0.002590673575129533,0.002590673575129533,0.002590673575129533
0.001996007984031936,0.001996007984031936,0.4291417165668663,0.5502967777491814,0.016569489715888494
0.2,0.2,0.2,0.2,0.2
0.004392492402665468,0.007915057336411005,0.7008624887499834,0.26752909691664395,0.01930086459429626
0.05555555555555555,0.05555555555555555,0.7777777777777778,0.05555555555555555,0.05555555555555555

0.010744584101291038,0.023652840946778175,0.5023226875358604,0.42802440819751547,0.035255479218554785
0.024398431804935505,0.058603454700703474,0.370633514403137,0.5281038441705396,0.01826075492068439
0.6447904841164146,0.332360053517994,0.0067204301075268836,0.008064516129032261,0.008064516129032261
0.2,0.2,0.2,0.2,0.2
0.2,0.2,0.2,0.2,0.2

Transition Gammas
11.37769742053147,371.6223025794686,1.0,1.0,1.0
1.0,1.0,215.0,275.69868565233986,8.301314347660135
1.0,1.0,1.0,1.0,1.0
2.4510314370162805,4.4166392514548924,391.08456782059653,149.28249539176477,10.769973296597527
1.0,1.0,14.0,1.0,1.0

1.0,2.201373335980135,46.751245353042826,39.836293723652396,3.2812325620233724
2.6393500247049446,6.339548002458418,40.09403486327822,57.12870832445595,1.9753943342083864
479.72412018261235,247.27587981738748,5.0,6.0,6.0
1.0,1.0,1.0,1.0,1.0
1.0,1.0,1.0,1.0,1.0

Iteration: ,5000
Error:,0.31721519459093656
Absolute Error:,1
Transition Probabilities
0.020053664294435322,0.9760502318094608,0.0012987012987012983,0.0012987012987012983,0.0012987012987012983
0.0010141987829614606,0.0010141987829614606,0.436105476673428,0.5493251640814594,0.012540961679189663
0.2,0.2,0.2,0.2,0.2
0.003967611448077313,0.007330413788991047,0.6968991763119696,0.2800059820115302,0.011796816439431672
0.05227857296191296,0.10511576654665498,0.7668360961024299,0.04075813206159197,0.03501143232741023

0.0070287587580663965,0.014794969375643676,0.4901690636568266,0.46656249797242494,0.021444710237038426
0.03159966964659157,0.044337435370588825,0.36229374774791906,0.5480185016826208,0.013750645552279917
0.6546535873546704,0.3231391448122205,0.00471063257065949,0.0075576932235550814,0.009938942038894456
0.2,0.2,0.2,0.2,0.2
0.2,0.2,0.2,0.2,0.2

Transition Gammas
15.441321506715202,751.558678493285,1.0,1.0,1.0
1.0,1.0,430.0,541.6346117843188,12.365388215681007
1.0,1.0,1.0,1.0,1.0
4.492747764875023,8.300636440107587,789.1378119286633,317.06639278993856,13.358193307104504
1.568010666471531,3.152776248876691,23.0,1.2224738013524568,1.0501109006518032

1.34260079627062,2.8260662157087784,93.62981400060492,89.12059765444434,4.09626877675925
6.738585060742077,9.454895666989783,77.25863160843886,116.8641738900928,2.9323058035243568
972.8152308090398,480.18476919095946,7.0,11.230732130202846,14.769267869797154
1.0,1.0,1.0,1.0,1.0
1.0,1.0,1.0,1.0,1.0

Iteration: ,7500
Error:,0.31567539945509654
Absolute Error:,1
Transition Probabilities
0.01759964492643727,0.9798230354859339,0.0008591065292096223,0.0008591065292096223,0.0008591065292096223
0.0006830601092896174,0.0006830601092896174,0.43032786885245894,0.5550465025607445,0.013259508368217234
0.2,0.2,0.2,0.2,0.2
0.003507863267551816,0.006998504055550836,0.6831790278910315,0.29618498795403075,0.01012961683183518
0.0363144039265404,0.16530789168690796,0.7436907763521798,0.031397417818785744,0.023289510215586097

0.005066618287950158,0.013371946676865944,0.4843206138209735,0.48237474671323677,0.014866074500973523
0.04089460570321034,0.036791595726249175,0.3310445599135192,0.5792034190451006,0.012065819611920627
0.6632157132475498,0.31636686388493646,0.00408348457350272,0.0074519427852879965,0.008881995508722885
0.2,0.2,0.2,0.2,0.2
0.2,0.2,0.2,0.2,0.2

Transition Gammas
20.485986694372972,1140.5140133056266,1.0,1.0,1.0
1.0,1.0,630.0,812.5880797489301,19.411920251070033
1.0,1.0,1.0,1.0,1.0
6.146894774406766,12.263610273998383,1197.147458788641,519.0105245986385,17.75031807719419
1.7090492148675263,7.779814397350929,35.0,1.477643206828082,1.0960642291998814

1.4057049308784357,3.7099718808141806,134.3720478397544,133.83217788454482,4.124509296175784
13.26157331950581,11.931022096319355,107.35332026864435,187.8279170685844,3.9127838181077066
1461.7274319976004,697.2725680024002,9.0,16.42408189877475,19.57591810122525
1.0,1.0,1.0,1.0,1.0
1.0,1.0,1.0,1.0,1.0

Iteration: ,10000
Error:,0.31559690427529796
Absolute Error:,1
Transition Probabilities
0.017234710008083486,0.980815972253125,0.0006497725795971415,0.0006497725795971415,0.0006497725795971415
0.0005157297576070139,0.0005157297576070139,0.43269726663228475,0.5536516760951814,0.012619597757319868
0.2,0.2,0.2,0.2,0.2
0.003004710246083533,0.006578001390812217,0.6753412303694803,0.30596939272243856,0.009106665271185362
0.03060988985459687,0.19082495300885818,0.7302752666007589,0.02965068656706782,0.018639203968718297

0.0038769706327371166,0.011254174962187643,0.5039753231883819,0.4680800282964292,0.012813502920264145
0.03858430508978806,0.032926920522730295,0.3388626065265752,0.5783616269400347,0.011264540920871783
0.6608047361037009,0.317817591687273,0.004071937563624023,0.0077000685909886365,0.009605666054413457
0.2,0.2,0.2,0.2,0.2
0.2,0.2,0.2,0.2,0.2

Transition Gammas
26.524218702440464,1509.4757812975583,1.0,1.0,1.0
1.0,1.0,839.0,1073.5305999485565,24.46940005144322
1.0,1.0,1.0,1.0,1.0
7.048469006390479,15.43071881475669,1584.219888490559,717.7450086307821,21.36247513356338
1.9741148571317912,12.306819025998227,47.09743355629674,1.9122532343061087,1.2020928417104635

1.4574692548537742,4.2307810788222255,189.45940228427483,175.96528699302854,4.816979111363402
16.764991167148846,14.306841355323154,147.2367739181764,251.2997848348907,4.894475321012954
1947.3915572976075,936.608442702394,12.0,22.692102137643523,28.307897862356473
1.0,1.0,1.0,1.0,1.0
1.0,1.0,1.0,1.0,1.0

Iteration: ,12500
Error:,0.314078938882388
Absolute Error:,1
Transition Probabilities
0.018942080072967892,0.9795035157819544,0.0005181347150259071,0.0005181347150259071,0.0005181347150259071
0.0004115226337448561,0.0004115226337448561,0.43086419753086436,0.5561668469845301,0.01214591021711578
0.2,0.2,0.2,0.2,0.2
0.0026599865159714874,0.006075918127241731,0.6739143336738834,0.3094795369250631,0.007870224757840183
0.024617571329542964,0.21396567645093348,0.7184537745030173,0.02797266133818993,0.01499031637831635

0.0035564649808388035,0.010336687196523916,0.4851580367879379,0.4904784017467583,0.01047040928794096
0.03607210035525263,0.030942477130740574,0.3493661999689697,0.5688471963750595,0.01477202616997744
0.6612058318757782,0.31594945776251393,0.004895295077508835,0.008509059836834112,0.00944035544736495
0.2,0.2,0.2,0.2,0.2
0.2,0.2,0.2,0.2,0.2

Transition Gammas
36.558214540828004,1890.4417854591704,1.0,1.0,1.0
