0,1,2,3,4,5,6,7,8,9,10,11,12,13,14,15,16,17,18,19,20,21,22,23,24,25,26,27,28,29
github Code Version (SHA):,cd93f48c3be2409aefa56252372b16f046dc3cc1
Environment Observations,Environment Actions,alpha,epsilon,numActions,explore,patience,gainThresh,insertRandActions,useBudd,revisedSplitting,haveControl,confidence_factor
"['diamond', 'square']","['x', 'y']",0.99,0.99,75000,0.5,0,0.01,False,True,False,False,250

Model Num 0
Model States: 
['diamond'],['square']
Iteration: ,0
Error:,0.6740531908886744
Absolute Error:,1
Transition Probabilities
0.5,0.5
0.5,0.5

0.5,0.5
0.5,0.5

Transition Gammas
1.0,1.0
1.0,1.0

1.0,1.0
1.0,1.0

Iteration: ,2500
Error:,0.14855502472767998
Absolute Error:,1
Transition Probabilities
0.47572815533980584,0.5242718446601942
0.014965986394557823,0.9850340136054422

0.04208416833667335,0.9579158316633266
0.9749009247027741,0.02509907529722589

Transition Gammas
245.0,270.0
11.0,724.0

21.0,478.0
738.0,19.0

Iteration: ,2512
Error:,0.150424407397219
Absolute Error:,1
Transition Probabilities
0.4758220502901354,0.5241779497098646
0.014804845222072678,0.9851951547779273

0.042,0.958
0.974934036939314,0.025065963060686015


Model Num 1
Model States: 
['square'],"['diamond', 'x', 'square']","['diamond', 'x', 'diamond']"
Iteration: ,0
Error:,0.7237455135972971
Absolute Error:,1
Transition Probabilities
0.3333333333333333,0.3333333333333333,0.3333333333333333
0.3333333333333333,0.3333333333333333,0.3333333333333333
0.3333333333333333,0.3333333333333333,0.3333333333333333

0.3333333333333333,0.3333333333333333,0.3333333333333333
0.3333333333333333,0.3333333333333333,0.3333333333333333
0.3333333333333333,0.3333333333333333,0.3333333333333333

Transition Gammas
1.0,1.0,1.0
1.0,1.0,1.0
1.0,1.0,1.0

1.0,1.0,1.0
1.0,1.0,1.0
1.0,1.0,1.0

Iteration: ,2500
Error:,0.13157373579841503
Absolute Error:,1
Transition Probabilities
0.9662618083670715,0.027523810116604704,0.0062143815163237725
0.9957173447537473,0.0021413276231263384,0.0021413276231263384
0.003355704697986577,0.9692916150054306,0.027352680296582825

0.03278688524590163,0.39591020543734595,0.5713029093167523
0.9313481109260805,0.0367334250008478,0.03191846407307183
0.9769681907097215,0.014794184344991567,0.00823762494528693

Transition Gammas
716.0,20.395143296404086,4.604856703595916
465.0,1.0,1.0
1.0,288.84890127161833,8.151098728381681

24.0,289.80627038013733,418.19372961986284
71.66790714621166,2.8266634797867067,2.4561487725185946
118.59828496667399,1.7959283705257671,1.0

Iteration: ,5000
Error:,0.1205814142574504
Absolute Error:,1
Transition Probabilities
0.9776725304465493,0.01772676552165328,0.004600704031797328
0.9978768577494692,0.0010615711252653928,0.0010615711252653928
0.0016339869281045759,0.9735257258383558,0.02484028723353953

0.03280929596719069,0.4007947642820427,0.5663959397507665
0.9476086932300408,0.024283945386713513,0.028107361383245648
0.9856474866927044,0.009749499959671781,0.004603013347623766

Transition Gammas
1445.0,26.20015944100355,6.7998405589964515
940.0,1.0,1.0
1.0,595.7977442130735,15.202255786926187

48.0,586.3627401446287,828.6372598553717
148.20161849065522,3.797896785203881,4.395861370055539
214.13092082418783,2.1180690177022425,1.0

Iteration: ,7500
Error:,0.12128755036427506
Absolute Error:,1
Transition Probabilities
0.9794183445190157,0.016952088636085615,0.0036295668448987272
0.9985754985754985,0.0007122507122507123,0.0007122507122507123
0.0010752688172043013,0.9750006471541905,0.0239240840286051

0.036680421824850984,0.39278493494607464,0.5705346432290744
0.9483561020300846,0.021897588685486382,0.02974630928442901
0.9885030250540577,0.007158076467050636,0.004338898478891555

Transition Gammas
2189.0,37.88791810165135,8.112081898348656
1402.0,1.0,1.0
1.0,906.750601853397,22.249398146602736

80.0,856.6639431173888,1244.3360568826113
221.6851822088459,5.118721677737901,6.953417581901254
311.1731231619892,2.2533072268167067,1.3658517541569026

Iteration: ,10000
Error:,0.11711757233603946
Absolute Error:,1
Transition Probabilities
0.9803122878479293,0.01618462186375255,0.003503090288318059
0.9989495798319328,0.0005252100840336134,0.0005252100840336134
0.0008006405124099285,0.9757501612789201,0.023449198208670044

0.03056318681318681,0.39713934687722513,0.5722974663095881
0.9500964890269922,0.019350428775940516,0.030553082197067368
0.9901341357087454,0.006173138913126757,0.0036927253781277834

Transition Gammas
2888.0,47.679896010615,10.320103989385002
1902.0,1.0,1.0
1.0,1218.7119514373703,29.288048562628862

89.0,1156.4697781064797,1666.5302218935208
284.73105567231966,5.799061544504925,9.156345117034737
412.50025289078263,2.5717943367056737,1.538428074943167

Iteration: ,12500
Error:,0.11519810679068512
Absolute Error:,1
Transition Probabilities
0.9805426144149082,0.016308814625168987,0.0031485709599228186
0.9991575400168492,0.00042122999157540015,0.00042122999157540015
0.0006414368184733804,0.9773407705728828,0.022017792608643838

0.029017246099096627,0.39587623751604323,0.5751065163848601
0.9523746981921847,0.01673723175403179,0.030888070053783592
0.9885256555523695,0.008445287868711977,0.003029056578918585

Transition Gammas
3578.0,59.51086456724164,11.489135432758365
2372.0,1.0,1.0
1.0,1523.674261323124,34.32573867687574

106.0,1446.1358956461063,2100.8641043538946
357.6865098435983,6.286057390969236,11.600734452851807
527.6117989392307,4.507554760914072,1.616716755620188

Iteration: ,15000
Error:,0.11129505503330461
Absolute Error:,1
Transition Probabilities
0.979871912168344,0.017255872286045377,0.0028722155456106153
0.9992975061468212,0.00035124692658939234,0.00035124692658939234
0.0005385029617662899,0.9804198335315051,0.01904166350672858

0.028024606971975383,0.39742950215344663,0.5745458908745779
0.9517494464894446,0.018256250849095743,0.029994302661459672
0.9898119568215284,0.007229483066654097,0.0029585601118173664

Transition Gammas
4284.0,75.44267363459039,12.55732636540961
2845.0,1.0,1.0
1.0,1820.6396308680044,35.36036913199496

123.0,1744.3180849514779,2521.6819150485235
430.911279487635,8.265646427269361,13.580132234237455
640.6176118657529,4.6790040727088495,1.9148139202923933

Iteration: ,17500
Error:,0.11254198036940115
Absolute Error:,1
Transition Probabilities
0.9812955306162631,0.01603013479349915,0.0026743345902378074
0.9993999399939995,0.00030003000300030005,0.00030003000300030005
0.00046296296296296303,0.9803771978203304,0.019159839216706616

0.026684846123880005,0.3995441374773012,0.5737710163988189
0.9520785870588633,0.021696847125163482,0.026224565815973284
0.9895784766153702,0.007577713829348798,0.0028438095552808943

Transition Gammas
4984.0,81.41705461618218,13.582945383817824
3331.0,1.0,1.0
1.0,2117.6147472919133,41.385252708086284

137.0,2051.259601808465,2945.740398191537
493.02448705442816,11.235497856985951,13.580132234237455
752.7791706136903,5.764419160686987,2.1633055376564245

Iteration: ,20000
Error:,0.11275780772092378
Absolute Error:,1
Transition Probabilities
0.9816988950276243,0.015947561941232893,0.0023535430311428015
0.9994756161510225,0.00026219192448872575,0.00026219192448872575
0.0004030632809351069,0.9788710319896241,0.02072590472944072

0.02590320381731424,0.40031324425781484,0.573783551924871
0.9571846426946558,0.020286575706641368,0.022528781598702915
0.9907680812353147,0.006712726720716966,0.0025191920439683315

Transition Gammas
5686.0,92.3682787636209,13.631721236379107
3812.0,1.0,1.0
1.0,2428.579030366257,51.420969633742416

152.0,2349.038117304858,3366.961882695144
576.9816695778678,12.228552150903731,13.580132234237455
850.8021775478941,5.764419160686987,2.1633055376564245

Iteration: ,22500
Error:,0.10859082912171775
Absolute Error:,1
Transition Probabilities
0.9808306709265175,0.01647527815216306,0.00269405092131937
0.9995318352059925,0.00023408239700374532,0.00023408239700374532
0.00035829451809387335,0.9801314161837129,0.01951028929819315

0.02663217166336934,0.39785240131815625,0.5755154270184745
0.9590820352562521,0.019473551872460658,0.02144441287128726
0.9907405966669744,0.006704071414771386,0.0025553319182541638

Transition Gammas
6447.0,108.2920032941678,17.70799670583222
4270.0,1.0,1.0
1.0,2735.5467825687415,54.45321743125706

175.0,2614.2881290616056,3781.7118709383967
651.1415230135607,13.221015261045627,14.55907539067896
950.088981733769,6.428993023359103,2.4504827079594986

Iteration: ,24887
Error:,0.11145073814285468
Absolute Error:,1
Transition Probabilities
0.9803625377643505,0.017044612103959925,0.0025928501316896226
0.9995770776062592,0.00021146119687037428,0.00021146119687037428
0.00032289312237649364,0.9814408079645003,0.01823629891312324

0.026337562051847768,0.3960191284896092,0.5776433094585431
0.9564517096221539,0.018643749354533584,0.02490454102331262
0.9903907840263775,0.007225169443754572,0.0023840465298679853


Model Num 2
Model States: 
"['diamond', 'x', 'square']","['diamond', 'x', 'diamond']","['square', 'y', 'diamond', 'x', 'diamond']","['square', 'y', 'diamond', 'x', 'square']"
Iteration: ,0
Error:,0.676614029698241
Absolute Error:,0.74
Transition Probabilities
0.25,0.25,0.25,0.25
0.25,0.25,0.25,0.25
0.25,0.25,0.25,0.25
0.25,0.25,0.25,0.25

0.25,0.25,0.25,0.25
0.25,0.25,0.25,0.25
0.25,0.25,0.25,0.25
0.25,0.25,0.25,0.25

Transition Gammas
1.0,1.0,1.0,1.0
1.0,1.0,1.0,1.0
1.0,1.0,1.0,1.0
1.0,1.0,1.0,1.0

1.0,1.0,1.0,1.0
1.0,1.0,1.0,1.0
1.0,1.0,1.0,1.0
1.0,1.0,1.0,1.0

Iteration: ,2500
Error:,0.03154012818188184
Absolute Error:,0.8588268737701782
Transition Probabilities
0.001474926253687314,0.001474926253687314,0.033879455390170204,0.9631706921024551
0.9583128885415791,0.034053523672161225,0.0038167938931297726,0.0038167938931297726
0.017083890521591292,0.011395364818568395,0.9552206740787288,0.01630007058111161
0.013117743035348862,0.008707913365983005,0.9626956876583262,0.015478655940341897

0.025564571527248118,0.008497452380913246,0.024169651280877225,0.9417683248109615
0.015413778303821919,0.030611425976995097,0.8928843737159015,0.0610904220032815
0.003872730707216766,0.984171255616978,0.005978006837902517,0.005978006837902517
0.9733432763116407,0.0018438716961630887,0.012406425996098081,0.012406425996098081

Transition Gammas
1.0,1.0,22.970270754535424,653.0297292454652
251.07797679789363,8.922023202106237,1.0,1.0
2.9625603304038086,1.9760988118779734,165.6472143877702,2.826636147390004
2.8015239423746747,1.8597275245586515,205.60053744976614,3.3057382734052436

4.108203192643793,1.3655328024331719,3.884040788688915,151.34130586133324
1.0,1.9859780887989578,57.92767718052014,3.9633645170654774
1.2256440637304937,311.4710906424042,1.8919230764385329,1.8919230764385329
582.1205617519746,1.1027513660302526,7.419823864762176,7.419823864762176

Iteration: ,5000
Error:,0.02722303770798582
Absolute Error:,0.8599412502245434
Transition Probabilities
0.0007385524372230426,0.0007385524372230426,0.02749445230558061,0.9710284428199734
0.9720395381833076,0.02396046181669238,0.0020000000000000013,0.0020000000000000013
0.015410925623758807,0.014280448151604183,0.9571555816594112,0.0131530445652258
0.011038854620449418,0.008819274576448736,0.9678195433956519,0.012322327407449932

0.02968754425838621,0.0042627136405177105,0.014984082776628249,0.9510656593244678
0.007611296033311487,0.03455310905544835,0.9265609314350867,0.03127466347615345
0.0020061745314346887,0.9839013157056996,0.0070462548814329085,0.0070462548814329085
0.9772453051439551,0.0009150372843373806,0.01132195383047557,0.010517703741231984

Transition Gammas
1.0,1.0,37.227488421756156,1314.7725115782443
486.01976909165353,11.980230908346183,1.0,1.0
5.6345916770157265,5.2212629055215585,349.9582702360638,4.809058017928575
4.726738202587119,3.7763340032019026,414.41161843948674,5.27630969916774

9.828879720445215,1.4112888317973404,4.9608935670410235,314.8764980486892
1.0,4.539714248956251,121.73497488205867,4.108980039572396
1.2303221865854888,603.3949684615385,4.321241037171165,4.321241037171165
1182.9544782465146,1.1076517304014897,13.70521394757524,12.73167000759109

Iteration: ,7500
Error:,0.021140364588091005
Absolute Error:,0.8614741609734176
Transition Probabilities
0.00048449612403100764,0.00048449612403100764,0.025907719203226317,0.9731232885487118
0.9743493176394548,0.022951627029910875,0.0013495276653171396,0.0013495276653171396
0.011110963318018046,0.010185939817028379,0.9661358045164619,0.012567292348491643
0.011336923730470643,0.007819924263394047,0.968223825749431,0.012619326256704377

0.02613241333218131,0.0031697037891994543,0.011428586968791385,0.9592692959098279
0.00546464911374376,0.0248079454472087,0.9436633247633374,0.02606408067571026
0.001361871861858187,0.9844010803836309,0.006214354979869383,0.008022692774641614
0.9795170496245824,0.0006005380447283,0.01041776640922823,0.00946464592146104

Transition Gammas
1.0,1.0,53.47353243545913,2008.5264675645415
721.9928443708357,17.00715562916395,1.0,1.0
5.973228583376491,5.475938055250432,519.3924089014619,6.756147754526952
7.29625788097302,5.032774797809485,623.132949212922,8.121591080795486

12.807766780294546,1.5535046984998016,5.601268993565829,470.1478300276408
1.0,4.539714248956251,172.68507183562713,4.7695799187102965
1.2317940640590583,890.3770181545519,5.620797220756483,7.256413480846327
1811.351835604041,1.1105326753481028,19.26484109233426,17.50230255793039

Iteration: ,10000
Error:,0.02237105566945662
Absolute Error:,0.8609731538950564
Transition Probabilities
0.0003607503607503607,0.0003607503607503607,0.024772591905356068,0.9745059073731432
0.9792845927287473,0.018647154944468863,0.001034126163391935,0.001034126163391935
0.012363939964509038,0.009822854453614367,0.9631880440844396,0.014625161497436867
0.0131898930395693,0.008301149495787455,0.9666817173938801,0.011827240070763217

0.028164453713149365,0.00289466861393818,0.010496204408641673,0.9584446732642709
0.004431937288918218,0.020119728860982573,0.9513393558734451,0.02410897797665414
0.0010474242799690114,0.9809924336670347,0.008117770570892293,0.009842371482104005
0.9784423127933205,0.00044506757272649085,0.010805660752637931,0.01030695888131515

Transition Gammas
1.0,1.0,68.66962476164703,2701.3303752383536
946.9682011686976,18.031798831301373,1.0,1.0
9.129210213752962,7.252939068254848,711.1928847164678,10.798837110455755
11.218546809796104,7.060469248251601,822.202580735367,10.059554385051024

18.34807519061145,1.8857669998280178,6.837879749674357,624.3904146056108
1.0,4.539714248956251,214.65541903135897,5.439828319984836
1.2325405687239057,1154.367905374112,9.552462882103315,11.58186073794597
2446.317103016272,1.1127650561742815,27.016485655760484,25.769623269320704

Iteration: ,12500
Error:,0.021896619045938315
Absolute Error:,0.8615439593441241
Transition Probabilities
0.00028571428571428563,0.00028571428571428563,0.023952852373727237,0.9754757190548442
0.9797024318966016,0.01860980439031819,0.0008438818565400847,0.0008438818565400847
0.012200691790529754,0.010110562323737558,0.960132773374879,0.017555972510853717
0.012270884154191426,0.007142002326817288,0.9709542397677594,0.00963287375123182

0.03077870508718381,0.002552245491787634,0.009024969003120376,0.9576440804179082
0.0036504329041083068,0.01657192226963923,0.9549941394176521,0.02478350540860023
0.0008561764182002402,0.9817684813838681,0.007557518902588711,0.009817823295342872
0.9797430133947255,0.00034968818001208414,0.010392076280345289,0.00951522214491713

Transition Gammas
1.0,1.0,83.83498330804535,3414.1650166919558
1160.9473817974724,22.05261820252705,1.0,1.0
11.104504377485053,9.202165378026017,873.8683648400951,15.97863276483256
12.834450443527892,7.470013878322482,1015.5473653441684,10.075283837368444

25.28911794226105,2.097035501545435,7.4153056439075895,786.8418774538023
1.0,4.539714248956251,261.6112018776932,6.789196256890006
1.233416179333892,1414.3453423354147,10.887436154419444,14.143652921172793
3121.226040152631,1.11402259415507,33.10666027112374,30.313213496309892

Iteration: ,15000
Error:,0.02236103259273034
Absolute Error:,0.8611798606216927
Transition Probabilities
0.00023894862604539999,0.00023894862604539999,0.02437448546264146,0.9751476172852678
0.9802579715294263,0.018335558709673575,0.0007032348804500704,0.0007032348804500704
0.014743113673595522,0.010411512029433462,0.9560095764566932,0.01883579784027776
0.014554854273747468,0.006380341459058277,0.9710362176222952,0.008028586644899048

0.028727122283132706,0.002913831826344122,0.008724676546430277,0.9596343693440929
0.005522318411136461,0.013107055459207036,0.9616461762620337,0.019724449867622725
0.0007062201528373447,0.9818716024087754,0.008010413978577869,0.00941176345980937
0.97900206764958,0.00029362218163643257,0.010898279186408785,0.009806030982374708

Transition Gammas
1.0,1.0,102.00722166115463,4080.9927783388503
1393.926835514844,26.073164485155818,1.0,1.0
16.265355476985327,11.48651146297132,1054.718558422268,20.78061353575883
18.285678318291527,8.01580485018209,1219.9404801241014,10.086542261295786

28.107007964932574,2.850932771627313,8.536342441998139,938.9193458620286
1.9126910431052933,4.539714248956251,333.072432814377,6.831692014698121
1.2348641607441122,1716.8556396977315,14.006642397739279,16.456977812408045
3717.9257839959414,1.1150798511387603,41.38805680524746,37.240059681961405

Iteration: ,17500
Error:,0.022071903818152838
Absolute Error:,0.8608375410893851
Transition Probabilities
0.00020449897750511202,0.00020449897750511202,0.02396298756395919,0.9756280144810305
0.9824328882801217,0.016359382251279225,0.0006038647342995167,0.0006038647342995167
0.014135689264946894,0.009321934211407317,0.956061918440635,0.020480458083010803
0.015353288310944664,0.005847789466310677,0.9688395139043822,0.009959408318362617

0.02523690133168692,0.003678913591364459,0.00925401474321449,0.9618301703337341
0.007320176596441163,0.011602117950559702,0.9635782441320109,0.01749946132098825
0.0006089227939580924,0.9807405010440641,0.00835005481199687,0.010300521349981053
0.9789769624429101,0.0002504774413207813,0.010863761011339157,0.009908799104429914

Transition Gammas
1.0,1.0,117.1790091877607,4770.82099081225
1626.9088629918822,27.09113700811841,1.0,1.0
17.91815268813827,11.81632090364174,1211.8873804345794,25.960670765762046
22.55798373168055,8.591927473497217,1423.477860289047,14.632967627048009

29.078413487077242,4.238910680314228,10.662642912536711,1108.2380926930043
2.8642623822090076,4.539714248956251,377.03201290582547,6.847245843084773
1.2354489154211474,1989.8331945311784,16.94150106310299,20.8988201072044
4362.323459191409,1.116128019545305,48.40894253175794,44.15363021189598

Iteration: ,20000
Error:,0.021554828150919084
Absolute Error:,0.861115277187528
Transition Probabilities
0.00017863522686673773,0.00017863522686673773,0.023641534155957745,0.9760011953903087
0.9814729249064009,0.017471666122622784,0.0005277044854881264,0.0005277044854881264
0.013905992316564822,0.008264498352363304,0.9580129087315011,0.01981660059957084
0.016782012251568338,0.006468701090265292,0.9664749059166233,0.010274380741543056

0.0247116027325231,0.0043160676905355235,0.0085625601145951,0.9624097694623462
0.006542834615822535,0.010370069347873849,0.966284790933089,0.01680230510321454
0.0005346228134236288,0.980117402630686,0.008138910923191214,0.011209063632699221
0.9788117687006899,0.00021862572308856392,0.010903222772204539,0.01006638280401723

Transition Gammas
1.0,1.0,132.34530820505174,5463.65469179496
1859.8911926976307,33.10880730237019,1.0,1.0
19.882352284469665,11.81632090364174,1369.7368523481596,28.33315488977846
28.26360835851004,10.894333257708062,1627.6992186442062,17.303710011178953

32.714570917087364,5.7138464094496735,11.335585276792942,1274.0906769651265
2.8642623822090076,4.539714248956251,423.01133066656325,7.355559672126244
1.2359302077549996,2265.8155893130015,18.815369669285733,25.912886611749418
5000.241329831934,1.1168453540387624,55.69890644685649,51.42392536347623

Iteration: ,22500
Error:,0.021242634772141913
Absolute Error:,0.8613861918171922
Transition Probabilities
0.00015850372483753336,0.00015850372483753336,0.023221897061340247,0.9764610954889846
0.9816303949637676,0.017430637900082147,0.00046948356807511725,0.00046948356807511725
0.01391842154438984,0.007667071898507823,0.9578497214484545,0.020564785108647836
0.01774793859092183,0.006070463454259212,0.9665372406404974,0.009644357314321481

0.024518664166674267,0.0049545713022528005,0.008342055386259437,0.9621847091448135
0.0058021894917702505,0.009196183448326125,0.968232215974203,0.016769411085700726
0.0004758715079317351,0.9817246079073094,0.0073697985260325815,0.010429722058726318
0.9785562008059371,0.0001941179054511813,0.010981566523288067,0.010268114765323508

Transition Gammas
1.0,1.0,146.50694855999592,6160.493051440017
2090.8727412728254,37.12725872717498,1.0,1.0
22.337385864107613,12.30472456223722,1537.2331380813973,33.00399680518935
33.55075059560977,11.475620355019272,1827.1445856075545,18.231718869776547

36.30897098767714,7.337079395801188,12.353505270037482,1424.8711288525446
2.8642623822090076,4.539714248956251,477.96975906963195,8.278253134045217
1.2364467229221148,2550.7939727988937,19.14878929338297,27.099322917123633
5633.077690208286,1.117443475976568,63.21560001860331,59.1086011793746

Iteration: ,25000
Error:,0.021048750777401152
Absolute Error:,0.8616543324678412
Transition Probabilities
0.00014257199885942388,0.00014257199885942388,0.023049463846929318,0.9766653921553519
0.9813739461263445,0.017782172017115416,0.00042194092827004177,0.00042194092827004177
0.013745715313112047,0.007153900122188942,0.9569499854979043,0.022150399066794668
0.017499389222828364,0.005593084251352685,0.9673581366410724,0.009549389884746401

0.025108509280644606,0.005251145957515598,0.008401492042445231,0.9612388527193946
0.005592707638518795,0.00928520538174598,0.9704044086464809,0.01471767833325416
0.0004260423949124849,0.9824727543110449,0.006992237487036295,0.01010896580700648
0.9792130993239824,0.00017489296084972425,0.01058311409780481,0.010028893617363133

Transition Gammas
1.0,1.0,161.66893942236237,6850.331060577643
2325.8562523194387,42.14374768056358,1.0,1.0
24.082425321375457,12.533597672058058,1676.5716470252605,38.80738973663327
36.83984308162669,11.774602161163173,2036.4894742213157,20.103445920295425

41.236479118646656,8.62411894731564,13.798029476836968,1578.6722116852634
3.1520126703959113,5.23307973563998,546.9134432122489,8.294785206672232
1.2370789786846355,2852.7592699741717,20.303026441676312,29.3529217876505
6259.933031390201,1.1180592082935266,67.65594288062144,64.11291113953776

Iteration: ,27500
Error:,0.020199339911965028
Absolute Error:,0.8619413811231385
Transition Probabilities
0.00013037809647979123,0.00013037809647979123,0.02266310376635684,0.9770761400406837
0.9812425791880203,0.017994353280503153,0.0003815337657382677,0.0003815337657382677
0.014060731823762777,0.006574498555862508,0.9574073723523603,0.02195739726801442
0.016218292724201094,0.005467761247339755,0.9696837645271177,0.008630181501341526

0.024266165240252,0.005117021193825345,0.008025153235781707,0.9625916603301409
0.005035668452287007,0.008360389785411208,0.9727200643071024,0.013883877455199357
0.00038505061269283446,0.9830885485936744,0.00660945593942395,0.009916944854208706
0.9788638185380467,0.00016019270579886898,0.010786193127306104,0.010189795628848338

Transition Gammas
1.0,1.0,173.82600588795717,7494.173994112052
2571.836800051802,47.16319994819878,1.0,1.0
27.633620460465085,12.920892033766272,1881.5970808094303,43.15297311755346
37.80401081617951,12.745071805633069,2260.2832582837464,20.11651166805405

43.977242211193,9.273508121810194,14.543876386636121,1744.4918130942972
3.1520126703959113,5.23307973563998,608.8617621463624,8.6904366456329
1.23758499621826,3159.729130632697,21.243346287886492,31.873893341089513
6834.860943629101,1.1185364578641843,75.31398008598443,71.14966847093758

Iteration: ,30000
Error:,0.020464454202684026
Absolute Error:,0.8621399555532436
Transition Probabilities
0.00011946004061641363,0.00011946004061641363,0.022574618889441112,0.9771864610293259
0.9796553873299332,0.019645311970766154,0.00034965034965034965,0.00034965034965034965
0.014564018731025337,0.006539501045198694,0.9585088045994399,0.020387675624336125
0.016199048713582288,0.005084860591349573,0.9704289647551871,0.008287125939880955

0.02319757577142083,0.005951921601084564,0.007606761436888907,0.9632437411906056
0.004663363170608746,0.007742275764702806,0.9732653992924521,0.014328961772236274
0.0003539001076788503,0.9825047814775593,0.006986252357519859,0.01015506605724205
0.9792719788680124,0.00014678997151221248,0.010595691431284408,0.0099855397291909

Transition Gammas
1.0,1.0,188.97213472351183,8180.0278652765
2801.814407763609,56.185592236391194,1.0,1.0
31.37364647087796,14.087320105606352,2064.808960363754,43.91890310043745
41.18902490663961,12.929182030811468,2467.491980927973,21.071523567678167

45.91072449419745,11.779551257037202,15.054673473783506,1906.3723924568217
3.1520126703959113,5.23307973563998,657.8395801473226,9.68508507858967
1.2379102230380323,3436.7119048138793,24.43727206193848,35.521492689949035
7464.792628246251,1.1189503231895583,80.76881703370408,76.11775376814994

Iteration: ,32500
Error:,0.019811583342396664
Absolute Error:,0.8620943066345566
Transition Probabilities
0.00010986596352450005,0.00010986596352450005,0.021985516293050605,0.9777947517799003
0.9791937081317797,0.02015820372823319,0.00032404406999351896,0.00032404406999351896
0.014062733246029921,0.006137868756776207,0.9578640057821962,0.02193539221499757
0.015329167783794407,0.004700049441252277,0.9706040029351474,0.00936677983980587

0.02306851524944089,0.006353643628718583,0.0076144169700190275,0.9629634241518213
0.006882127639218972,0.007192216938878103,0.9714269761286562,0.014498679293246665
0.00032833248617409754,0.9831278693842588,0.00669365027015452,0.009850147859412616
0.9794223842739694,0.00013517491739003422,0.01047478551664436,0.00996765529199626

Transition Gammas
1.0,1.0,200.11216929934673,8899.887830700658
3021.7917832946737,62.20821670532765,1.0,1.0
33.02638708042101,14.414810112916095,2249.547571720904,51.51535916802541
42.16840761673396,12.929182030811468,2669.9965586828407,25.766708011292348

48.82661052695661,13.448064582051526,16.11660602187993,2038.1996654034801
5.0074577828992,5.23307973563998,706.8133326114416,10.549284796026651
1.2382468829303335,3707.6898298193337,25.24389736460534,37.14805996033296
8109.73460118364,1.1192644995373686,86.73247815065861,82.53337917541576

Iteration: ,35000
Error:,0.019551302368848472
Absolute Error:,0.8620436539499435
Transition Probabilities
0.00010184336490477657,0.00010184336490477657,0.021921546930135274,0.9778747663400551
0.9794284699825647,0.01996857554049821,0.0003014772384684954,0.0003014772384684954
0.013384062224796933,0.005674169381984969,0.9574464397608552,0.02349532863236302
0.01509309878313586,0.004730915092828537,0.971140188669531,0.009035797454504628

0.02403249860875364,0.006704106994654487,0.007428409481166496,0.9618349849154254
0.007530073516139772,0.006731210225766256,0.9721624226637235,0.013576293594370433
0.00030591301955258486,0.9834508985723662,0.006504288657918773,0.00973889975016229
0.9794167234505315,0.00012536229214036267,0.010538632931542924,0.009919281325785323

Transition Gammas
1.0,1.0,215.24766930699803,9601.75233069299
3248.7642349321695,66.23576506783262,1.0,1.0
34.00122599836978,14.414810112916095,2432.322282492773,59.68815486040256
44.64753061981216,13.99471901043956,2872.770657156226,26.729172671630607

54.62188130377581,15.237322696710716,16.883542055353608,2186.0913105694763
5.85414417371054,5.23307973563998,755.7932828064465,10.554688460307476
1.2385412604328652,3981.669421174396,26.333726771027965,39.42960384437616
8747.249736824231,1.1196207402597569,94.12138054183639,88.58990140660343

Iteration: ,37500
Error:,0.020026755063387736
Absolute Error:,0.8620753128642347
Transition Probabilities
9.521995810321861e-05,9.521995810321861e-05,0.021937969346854165,0.9778715907369394
0.9800112833222066,0.019427706860121706,0.00028050490883590453,0.00028050490883590453
0.013889921614940359,0.005347175164608527,0.9559906848070999,0.02477221841335124
0.014559458142077071,0.005068831717550559,0.971113883534091,0.00925782660628141

0.024044499273101847,0.00625298098498051,0.007159553439580967,0.9625429663023367
0.007027859112168974,0.006282275600587678,0.9733121335216823,0.013377731765560912
0.00028460489901794666,0.9833857984616725,0.0064297756256920255,0.009899821013617537
0.9788179243115204,0.00011735213960919506,0.010896508509315055,0.01016821503955554

Transition Gammas
1.0,1.0,230.392554080662,10269.607445919319
3493.740225043667,69.2597749563339,1.0,1.0
37.81661729551222,14.558187037899748,2602.7745056918366,67.44469330128523
46.39107713436462,16.150914470533674,3094.278553340129,29.49838819532495

58.59186128745617,15.237322696710716,17.446466954765636,2345.533725790399
5.85414417371054,5.23307973563998,810.7603559939912,11.143531653503908
1.2388746015720957,4280.642017985919,27.988575544424762,43.0935548059807
9341.761232870553,1.1199995843626263,103.9954196155145,97.04464405964421

Iteration: ,40000
Error:,0.02063743938251178
Absolute Error:,0.8620349412037656
Transition Probabilities
8.92936869363338e-05,8.92936869363338e-05,0.02174572322640542,0.9780756893997219
0.9801455045676487,0.01932706927201384,0.00026371308016877624,0.00026371308016877624
0.013717356527080444,0.005412711413913847,0.955736240516355,0.025133691542650834
0.01553322230009307,0.005155928502129053,0.9700676901047554,0.009243159093022474

0.02518236095366156,0.006180691495247172,0.006868098692572799,0.9617688488585184
0.007224214277303488,0.0063873708758976945,0.9734256297782319,0.012962785068566936
0.000267335902868816,0.9828221021054151,0.006434566169296131,0.010475995822419914
0.9785705331220192,0.00010986592338951865,0.010981685597128506,0.010337915357462762

Transition Gammas
1.0,1.0,243.53035441251376,10953.46964558746
3716.7117533205255,73.28824667947652,1.0,1.0
39.67382767476608,15.654836955277608,2764.2144340214895,72.69255888518374
52.75930091928461,17.512347284215025,3294.8793357580075,31.394813169619844

65.8824256358478,16.170006798132693,17.96841059524637,2516.192376893998
6.402706793719329,5.661025729760078,862.7317316074916,11.488711275465716
1.2391664259942161,4555.617627804051,29.8257670491144,48.55876880992134
9980.915559309258,1.120575847198123,112.00753847975844,105.44141352073223

Iteration: ,42500
Error:,0.0205990936265832
Absolute Error:,0.8617642055375327
Transition Probabilities
8.413259296651541e-05,8.413259296651541e-05,0.02235170789246526,0.9774800269216016
0.9801148723748949,0.01938995555280996,0.0002475860361475611,0.0002475860361475611
0.014187473591881949,0.005412690713280744,0.9552938937809929,0.025105941913844344
0.015059739758690467,0.004890745697170238,0.9708584685256028,0.009191046018536538

0.02404261405567622,0.006082597676861085,0.006631114741976042,0.9632436735254867
0.00973367829192691,0.005971352637471208,0.9717165598118043,0.01257840925879759
0.00025090476095191285,0.9830902726835934,0.0061966682306874065,0.010462154324767246
0.9789938068973182,0.00010368590783372757,0.010817140299410817,0.010085366895437457

Transition Gammas
1.0,1.0,265.6724000098415,11618.327599990133
3958.6839695222034,78.31603047779949,1.0,1.0
43.62972746497656,16.64526239596143,2937.7472997355762,77.20651575903742
54.51653504778697,17.704589420659374,3514.5255212842526,33.27175571584648

66.87013348955259,16.917632902688258,18.443232792974527,2679.0860961480694
9.22782602220267,5.661025729760078,921.2171481230989,11.924718363921759
1.239634476886338,4857.112281515209,30.615615070208214,51.68992072642497
10582.853827976749,1.1208373320593414,116.93252175740083,109.02210300409476

Iteration: ,44327
Error:,0.020435464247309243
Absolute Error:,0.8617803255614692
Transition Probabilities
8.070373658300401e-05,8.070373658300401e-05,0.022094855594672363,0.9777437369321617
0.9797652051404462,0.019760524050922067,0.0002371354043158641,0.0002371354043158641
0.01385513199735266,0.005471975222277485,0.9559137628381704,0.024759129942199486
0.015544711336645384,0.004753207663701907,0.9704055793881398,0.009296501611512957

0.02317701182661482,0.006394646219066818,0.0065361027064900976,0.9638922392478283
0.010199999343266137,0.0056587817520021445,0.9718026537973998,0.012338565107331882
0.00024003185688342728,0.9834500848390374,0.0060043326913767955,0.01030555061270236
0.9789443831675924,9.9639162176157e-05,0.010858153337650485,0.010097824332580968

*,*,*,*,*,*,*,*,*,*,*
Model Num 2
Model States: 
"['diamond', 'x', 'square']","['diamond', 'x', 'diamond']","['square', 'y', 'diamond', 'x', 'diamond']","['square', 'y', 'diamond', 'x', 'square']"
Iteration: ,44327
Error:,0.019990864264780892
Transition Probabilities
8.070373658300401e-05,8.070373658300401e-05,0.022094855594672363,0.9777437369321617
0.9797652051404462,0.019760524050922067,0.0002371354043158641,0.0002371354043158641
0.01385513199735266,0.005471975222277485,0.9559137628381704,0.024759129942199486
0.015544711336645384,0.004753207663701907,0.9704055793881398,0.009296501611512957

0.02317701182661482,0.006394646219066818,0.0065361027064900976,0.9638922392478283
0.010199999343266137,0.0056587817520021445,0.9718026537973998,0.012338565107331882
0.00024003185688342728,0.9834500848390374,0.0060043326913767955,0.01030555061270236
0.9789443831675924,9.9639162176157e-05,0.010858153337650485,0.010097824332580968

Transition Gammas
1.0,1.0,273.7773556735845,12115.22264432638
4131.669870077266,83.33012992273845,1.0,1.0
44.619415871562616,17.62208675661387,3078.448745892591,79.73492534897123
58.79498179864713,17.9781246509048,3670.378763671787,35.1622896818587

66.87013348955259,18.449783323509514,18.857912476125108,2781.014359842102
10.204044131112767,5.661025729760078,972.188020053918,12.343457938842105
1.239902830544587,5080.086284061186,31.01583763185687,53.23410625955288
11013.81250286992,1.1210106202359902,122.16185826750922,113.60762245358795

