0,1,2,3,4,5,6,7,8,9,10,11,12,13,14,15,16,17,18,19,20,21,22,23,24,25,26,27,28,29
github Code Version (SHA):,cd93f48c3be2409aefa56252372b16f046dc3cc1
Environment Observations,Environment Actions,alpha,epsilon,numActions,explore,patience,gainThresh,insertRandActions,useBudd,revisedSplitting,haveControl,confidence_factor
"['diamond', 'square']","['x', 'y']",0.99,0.99,75000,0.5,0,0.01,False,True,False,False,250

Model Num 0
Model States: 
['diamond'],['square']
Iteration: ,0
Error:,0.6753926558588622
Absolute Error:,1
Transition Probabilities
0.5,0.5
0.5,0.5

0.5,0.5
0.5,0.5

Transition Gammas
1.0,1.0
1.0,1.0

1.0,1.0
1.0,1.0

Iteration: ,2500
Error:,0.1435054482185865
Absolute Error:,1
Transition Probabilities
0.46629213483146065,0.5337078651685393
0.016238159675236806,0.9837618403247632

0.03138075313807531,0.9686192468619247
0.9748344370860927,0.025165562913907286

Transition Gammas
249.0,285.0
12.0,727.0

15.0,463.0
736.0,19.0

Iteration: ,2613
Error:,0.1476055303925542
Absolute Error:,1
Transition Probabilities
0.4720720720720721,0.527927927927928
0.015384615384615385,0.9846153846153847

0.03,0.97
0.9757653061224489,0.02423469387755102


Model Num 1
Model States: 
['square'],"['diamond', 'x', 'square']","['diamond', 'x', 'diamond']"
Iteration: ,0
Error:,0.7269376223061353
Absolute Error:,1
Transition Probabilities
0.3333333333333333,0.3333333333333333,0.3333333333333333
0.3333333333333333,0.3333333333333333,0.3333333333333333
0.3333333333333333,0.3333333333333333,0.3333333333333333

0.3333333333333333,0.3333333333333333,0.3333333333333333
0.3333333333333333,0.3333333333333333,0.3333333333333333
0.3333333333333333,0.3333333333333333,0.3333333333333333

Transition Gammas
1.0,1.0,1.0
1.0,1.0,1.0
1.0,1.0,1.0

1.0,1.0,1.0
1.0,1.0,1.0
1.0,1.0,1.0

Iteration: ,2500
Error:,0.11292046098036965
Absolute Error:,1
Transition Probabilities
0.9744318181818182,0.019799923711496064,0.005768258106685757
0.9957446808510638,0.002127659574468085,0.002127659574468085
0.0033222591362126247,0.9891859513040643,0.007491789559723052

0.030544488711819393,0.38217709723925725,0.5872784140489233
0.9629684372017082,0.01264560106848644,0.024385961729805217
0.9721804645861339,0.018714396544879663,0.009105138868986389

Transition Gammas
686.0,13.939146292893229,4.060853707106773
468.0,1.0,1.0
1.0,297.74497134252334,2.2550286574766387

23.0,287.77935422116065,442.22064577883924
76.15046781773628,1.0,1.9284146002815497
126.50925034852524,2.435292997402126,1.1848461624098305

Iteration: ,5000
Error:,0.1101611604182556
Absolute Error:,1
Transition Probabilities
0.9792099792099792,0.01574615707101583,0.005043863719004958
0.9978655282817502,0.0010672358591248667,0.0010672358591248667
0.0016366612111292967,0.989749195453541,0.00861414333532974

0.022372881355932205,0.3864581082518898,0.5911690103921781
0.9768615573743353,0.0075741192430037385,0.015564323382660838
0.9733911229210959,0.020961493267860683,0.005647383811043333

Transition Gammas
1413.0,22.721704653475843,7.278295346524154
935.0,1.0,1.0
1.0,604.7367584221133,5.26324157788647

33.0,570.0257096715375,871.9742903284626
156.50581358350195,1.213471535814069,2.4936052355539804
233.0365701352778,5.01832652983002,1.3520227610188635

Iteration: ,7500
Error:,0.11377177127798505
Absolute Error:,1
Transition Probabilities
0.9773985239852399,0.01776604778430262,0.0048354282304575264
0.9985744832501782,0.0007127583749109052,0.0007127583749109052
0.0010845986984815625,0.9845169865805893,0.014398414720929177

0.020909090909090922,0.38538041776357995,0.5937104913273291
0.9565186512019559,0.02023895395307593,0.023242394844968296
0.9796819955150268,0.015948021791736326,0.0043699826932370135

Transition Gammas
2119.0,38.51679159636808,10.483208403631917
1401.0,1.0,1.0
1.0,907.7246616273028,13.275338372696693

46.0,847.8369190798753,1306.1630809201233
222.68538616096697,4.7117944546835275,5.411020124755148
351.76596237813857,5.7263186006071765,1.5690919856643928

Iteration: ,10000
Error:,0.11469931821530858
Absolute Error:,1
Transition Probabilities
0.9782303370786517,0.017287030631714172,0.00448263228963414
0.998936735778841,0.000531632110579479,0.000531632110579479
0.0008123476848090981,0.9827026901743224,0.0164849621408685

0.022018970189701906,0.3870563386190769,0.5909246911912212
0.9400897197991905,0.028585484932112794,0.03132479526869668
0.9824302365123688,0.014072247825581221,0.0034975156620499657

Transition Gammas
2786.0,49.23346323912197,12.76653676087803
1879.0,1.0,1.0
1.0,1209.7070116045911,20.292988395409125

65.0,1142.5903116035145,1744.4096883964842
289.23566268077013,8.794843197686388,9.63764173468067
474.52804946552226,6.797099747229147,1.6893507787173951

Iteration: ,12500
Error:,0.11438481295560064
Absolute Error:,1
Transition Probabilities
0.9803536345776032,0.015748431354757602,0.0038979340676392558
0.9991521831284442,0.000423908435777872,0.000423908435777872
0.0006506180871828234,0.9835312987977383,0.015818083115078894

0.022739577693557122,0.38994100516833274,0.5873194171381102
0.9444136215975438,0.028079055179408424,0.027507323223047754
0.9842517249752125,0.012572380537319018,0.003175894487468442

Transition Gammas
3493.0,56.11166091700133,13.888339082998668
2357.0,1.0,1.0
1.0,1511.6876062521244,24.31239374787627

84.0,1440.442073091821,2169.5579269081786
362.5861213363372,10.780314340520276,10.560810864754874
583.5899411233096,7.454510499068343,1.8830752641070843

Iteration: ,15000
Error:,0.115267272079023
Absolute Error:,1
Transition Probabilities
0.9797297297297297,0.016765823459858845,0.003504446810411426
0.9993011879804332,0.00034940600978336826,0.00034940600978336826
0.0005417118093174429,0.9835693265214003,0.0158889616692823

0.02150294250792213,0.39396490235935755,0.5845321551327203
0.9401611982964613,0.029198137395656718,0.03064066430788203
0.9854756003851625,0.011735270066228124,0.0027891295486094287

Transition Gammas
4205.0,71.95891428971416,15.04108571028584
2860.0,1.0,1.0
1.0,1815.6689767585056,29.331023241495135

95.0,1740.5369386236423,2582.4630613763593
425.8174629730346,13.224409613888476,13.877758370619887
682.0884157973644,8.12246570620247,1.9304719005940665

Iteration: ,17500
Error:,0.11469602656929237
Absolute Error:,1
Transition Probabilities
0.9796812749003984,0.017295093852822227,0.0030236312467793645
0.9993999399939995,0.00030003000300030005,0.00030003000300030005
0.00046511627906976714,0.9830926083097393,0.016442275411190883

0.025009693679720797,0.39321380794693184,0.5817764983733474
0.9413489531255301,0.026710116872530987,0.03194093000193896
0.9863248377053316,0.01116059837916195,0.0025145639155065083

Transition Gammas
4918.0,86.82137114116757,15.17862885883241
3331.0,1.0,1.0
1.0,2113.649107865941,35.35089213406042

129.0,2028.1968213902765,3000.803178609729
496.8151943943422,14.09678298601402,16.8574462162633
789.6649754120148,8.935325673403808,2.013193804517788

Iteration: ,20000
Error:,0.11372807258201977
Absolute Error:,1
Transition Probabilities
0.9792646802578846,0.017550384368832828,0.0031849353732825185
0.9994718774755743,0.0002640612622128334,0.0002640612622128334
0.00040600893219650816,0.9840149260757931,0.01557906499201029

0.025123069088439965,0.3902547288975611,0.584622202013999
0.9441429569848884,0.02554343831634775,0.030313604698763905
0.9878514421767376,0.009921551914644574,0.0022270059086179354

Transition Gammas
5620.0,100.7216558927316,18.278344107268374
3785.0,1.0,1.0
1.0,2423.6287629246794,38.37123707532136

148.0,2298.9906079355346,3444.0093920644717
572.8961407271506,15.499493084257447,18.39398050366246
910.8311293821644,9.147993260734339,2.053371813091223

Iteration: ,22500
Error:,0.11552832166951553
Absolute Error:,1
Transition Probabilities
0.9804434862950415,0.01672769430781596,0.0028288193971424598
0.9995301855766971,0.0002349072116513977,0.0002349072116513977
0.00036075036075036097,0.9843469063157073,0.015292343323542311

0.02555572357477693,0.3905779132105526,0.5838663632146704
0.9460452633383295,0.024744725339279513,0.029210011322391004
0.9882452221529124,0.009652797750405626,0.0021019800966819873

Transition Gammas
6367.0,108.62964683495684,18.370353165043134
4255.0,1.0,1.0
1.0,2728.609624307139,42.39037569285926

169.0,2582.891740061387,3861.1082599386195
646.3866279785242,16.906865022367896,19.9577773427766
1010.2329697820146,9.86756557937454,2.1487476467304996

Iteration: ,24214
Error:,0.11611939381300153
Absolute Error:,1
Transition Probabilities
0.9801116039490628,0.017238079818553916,0.002650316232383269
0.9995621716287215,0.00021891418563922942,0.00021891418563922942
0.00033590863285186477,0.984411707540831,0.01525238382631714

0.025291555430658967,0.39174178523627945,0.5829666593330616
0.9456585559570587,0.0230139814426933,0.03132746260024791
0.9890894306462277,0.008959549953539231,0.0019510194002330678


Model Num 2
Model States: 
"['diamond', 'x', 'square']","['diamond', 'x', 'diamond']","['square', 'y', 'diamond', 'x', 'diamond']","['square', 'y', 'diamond', 'x', 'square']"
Iteration: ,0
Error:,0.6752466608295603
Absolute Error:,0.74
Transition Probabilities
0.25,0.25,0.25,0.25
0.25,0.25,0.25,0.25
0.25,0.25,0.25,0.25
0.25,0.25,0.25,0.25

0.25,0.25,0.25,0.25
0.25,0.25,0.25,0.25
0.25,0.25,0.25,0.25
0.25,0.25,0.25,0.25

Transition Gammas
1.0,1.0,1.0,1.0
1.0,1.0,1.0,1.0
1.0,1.0,1.0,1.0
1.0,1.0,1.0,1.0

1.0,1.0,1.0,1.0
1.0,1.0,1.0,1.0
1.0,1.0,1.0,1.0
1.0,1.0,1.0,1.0

Iteration: ,2500
Error:,0.03949298181671954
Absolute Error:,0.8542931836410154
Transition Probabilities
0.001408450704225353,0.001408450704225353,0.027200656743247186,0.9699824418483021
0.964991843933207,0.026497517768920613,0.004255319148936171,0.004255319148936171
0.02880623574299639,0.006916057874802152,0.9353962375369607,0.0288814688452408
0.009709461177045601,0.009292957275183159,0.9695467184214974,0.011450863126273839

0.02404240304631049,0.023145437978670764,0.035161547625923974,0.9176506113490949
0.033715418760955476,0.01715702365408107,0.8751504289997829,0.07397712858518055
0.0050641157452256435,0.9688364843365406,0.018374404751948525,0.00772499516628512
0.9846703811817333,0.0021603643682932983,0.006128766672854492,0.007040487777118793

Transition Gammas
1.0,1.0,19.31246628770549,688.687533712294
226.7730833243036,6.2269166756963426,1.0,1.0
5.423177543635161,1.302044810427102,176.10144952884417,5.4373412293825805
1.9458523759822113,1.8623817186237046,194.30478697688974,2.294843021153819

3.7122212023902685,3.5737270287637024,5.429051428610865,141.6880853912505
1.9651088347678374,1.0,51.008289470511656,4.3117693416237675
1.460556540239235,279.4249845008373,5.299416202870678,2.227988612636159
625.4200255113055,1.3721699810957764,3.8927274366568527,4.471813237535569

Iteration: ,5000
Error:,0.03135134083962581
Absolute Error:,0.8548884491797626
Transition Probabilities
0.0007132667617689023,0.0007132667617689023,0.0231925918421857,0.9753808746342766
0.9779958055482323,0.017712348958205452,0.0021459227467811167,0.0021459227467811167
0.02598410359972466,0.0069693818387390975,0.9454190767507967,0.021627437810739506
0.013260124480414198,0.01062491815147601,0.9587064287001305,0.017408528667979387

0.012936794677500352,0.01710946911983489,0.02891658241954566,0.941037153783119
0.023692314090629028,0.010389681369781594,0.9205087333718526,0.04540927116773681
0.002533405906748363,0.9712474694151945,0.019729583777839108,0.006489540900217985
0.9781137099360279,0.001069906631664335,0.008559732794857096,0.012256650637450722

Transition Gammas
1.0,1.0,32.516013762744315,1367.4839862372542
455.746045385476,8.253954614523737,1.0,1.0
8.953629623943593,2.4015168909875375,325.7734953276215,7.45240516491348
5.478670666341636,4.389885441479215,396.1076531604692,7.1926621426744655

4.298403216918333,5.6848237092585,9.607876911785034,312.67073721870315
2.746551387305618,1.2044325290759028,106.71074716459978,5.264107855619487
1.4667560227483067,562.319315491076,11.422759280452404,3.7572238917226355
1260.1950105239346,1.3784603827279418,11.02830115754385,15.791384807458236

Iteration: ,7500
Error:,0.03122556123747851
Absolute Error:,0.855452817099832
Transition Probabilities
0.00047801147227533557,0.00047801147227533557,0.026147327665920178,0.972896649389529
0.9743553447746619,0.022839606136979048,0.0014025245441795233,0.0014025245441795233
0.026904462816868598,0.00722039346511213,0.9491533825981484,0.016721761119870924
0.016475228632483723,0.00845489539509953,0.9548997168905728,0.02017015908184388

0.016076487813260938,0.02114103128699419,0.02719188345585515,0.9355905974438897
0.02363811256565363,0.007361032536413468,0.9284812165615384,0.04051963833639446
0.0016841665800239826,0.9776079131554554,0.015211595999021858,0.005496324265498979
0.9769959968238572,0.0007196537730996612,0.008240479740195627,0.014043869662847572

Transition Gammas
1.0,1.0,54.700209477104906,2035.2997905228908
694.7153608243339,16.284639175666058,1.0,1.0
13.603099894350027,3.650685548006946,479.8991292421426,8.454648898637162
10.310886289377425,5.291426720207501,597.6161313600586,12.623328110997676

8.144944507985397,10.710829919711388,13.7764158682009,474.00486890473906
4.137430089547252,1.288417483490026,162.51408027233595,7.092240144171388
1.4724820442202367,854.7314235320629,13.299635700034566,4.805485921733455
1876.6623327082111,1.3823466349483584,15.8287219007494,26.97616089258272

Iteration: ,10000
Error:,0.028744576310918087
Absolute Error:,0.8576952702823977
Transition Probabilities
0.0003581661891117484,0.0003581661891117484,0.02467054149211151,0.9746131261296649
0.9703617283184306,0.027546221472364393,0.0010460251046025108,0.0010460251046025108
0.026616059405928493,0.005419193535780616,0.9541119046924629,0.01385284236582803
0.014993583518744419,0.006335383814203822,0.9584266320272992,0.020244400639752604

0.016161048006153016,0.017667952553527193,0.022368470520385805,0.943802528919934
0.020730064336797364,0.005704902851324514,0.9358574686005938,0.037707564211284274
0.0012706883523340802,0.9805782586552295,0.013723390587808344,0.004427662404628024
0.9766866646310673,0.000541313969265618,0.00786282320653671,0.014909198193130494

Transition Gammas
1.0,1.0,68.88015184597523,2721.1198481540205
927.6658122724194,26.334187727580353,1.0,1.0
18.14913163067675,3.6952749207903985,650.5960286819229,9.446066215963866
12.668519593866199,5.352952073436342,809.80284345912,17.10508937707642

10.841210081313488,11.852076998134114,15.00529470717755,633.1248745378595
4.681758484143466,1.288417483490026,211.35769635757723,8.516023191939519
1.474285170507232,1137.6920096904528,15.922229235453845,5.137087320557487
2499.671064477816,1.3854052837733999,20.123620364888215,38.15767396804875

Iteration: ,12500
Error:,0.026438679702502844
Absolute Error:,0.8578776184281149
Transition Probabilities
0.0002867794665901922,0.0002867794665901922,0.022667414842310028,0.9767590262245096
0.9746733714817413,0.023659961851592054,0.0008333333333333336,0.0008333333333333336
0.0263502181877381,0.004362842083460484,0.9560525352228809,0.013234404505920443
0.014166754249242916,0.005235662289819316,0.9607196818911885,0.019877901569749182

0.01648597142535337,0.018232377678477366,0.02058526708198833,0.944696383814181
0.01843793888441017,0.0049328927319689945,0.944195403846023,0.03243376453759787
0.0010161584940830916,0.9824433598293367,0.01281400664679843,0.0037264750297816315
0.975341049860616,0.00043537701917437246,0.007359895565251385,0.016863677554958212

Transition Gammas
1.0,1.0,79.04127555513506,3405.9587244448644
1169.608045778089,28.391954221910453,1.0,1.0
22.731508937582095,3.7636873860722426,824.7566147034798,11.41690676587643
15.232035246724648,5.629362317959091,1032.9618061646486,21.372637092051175

13.730070123093387,15.184535844289876,17.144101081216547,786.7748439048037
5.082645656838481,1.3598128281568156,260.27912873832935,8.940767918551286
1.4756168068872215,1426.6573000376616,18.60788812147072,5.411408964654772
3106.5749853964867,1.3867265785407878,23.442125666102072,53.712779608232495

Iteration: ,15000
Error:,0.02401582547874557
Absolute Error:,0.8583278390930991
Transition Probabilities
0.00023820867079561692,0.00023820867079561692,0.021958774293926432,0.9775648083644822
0.9766773425098171,0.021926984077761412,0.0006978367062107473,0.0006978367062107473
0.023696037346246836,0.0036286340626307057,0.9597837534147738,0.012891575176348485
0.013244930949592915,0.004452208114808111,0.9642946296985915,0.018008231237007667

0.01564838205847372,0.017229129951007977,0.01821572600657082,0.9489067619839474
0.01721400807347624,0.004188365966108188,0.9509307045552465,0.027666921405168975
0.0008520149040553604,0.9835810453142922,0.012311467864961378,0.0032554719166909664
0.9762495365160958,0.00036139023857428745,0.006490985340750095,0.01689808790457975

Transition Gammas
1.0,1.0,92.18293448590317,4103.8170655140975
1399.5786318165667,31.42136818343208,1.0,1.0
24.57797488548861,3.7636873860722426,995.5057312848388,13.371383843166777
17.049330201859803,5.731035259122754,1241.2731796171963,23.18081399440036

15.636949446980747,17.21654245484666,18.202417709411574,948.2134965516311
5.588773567477542,1.3598128281568156,308.7332342030166,8.982461166666678
1.4766130675829399,1704.6281909214147,21.336803199100135,5.642005028849609
3750.170737218413,1.3882465975391822,24.934509436454267,64.91241470991937

Iteration: ,17500
Error:,0.02383339062381988
Absolute Error:,0.8574587470888753
Transition Probabilities
0.00020433183489987724,0.00020433183489987724,0.021110750734521466,0.9784805855956787
0.9791875847631226,0.019603956022375836,0.0006042296072507555,0.0006042296072507555
0.021651848701363864,0.004688953691229109,0.960322997228138,0.013336200379268944
0.012543344168796005,0.0038742172140254,0.965373247012311,0.018209191604867576

0.014706294848213215,0.016047486471547388,0.01748707308882891,0.9517591455914104
0.021989442455823027,0.003497918526212462,0.9469624275109437,0.02755021150702066
0.000730240707893065,0.9817824566154162,0.013606981867786123,0.0038803208089045896
0.9765886932451968,0.0003095490137836268,0.005934064256054178,0.017167693484965312

Transition Gammas
1.0,1.0,103.31601409474813,4788.683985905255
1620.5554527829672,32.444547217031996,1.0,1.0
26.434185242909688,5.724622972336205,1172.433649980004,16.281824066133968
18.82937071094691,5.815759430335264,1449.1646324785581,27.33462579522162

17.08866234367705,18.64712224305207,20.319916775672848,1105.9407443809177
8.548376902254942,1.3598128281568156,368.1308318253511,10.710121103433817
1.4776136012590113,1986.5985225037073,27.533197290433424,7.851677868012543
4383.579698908557,1.389461891198017,26.63602782295057,77.06002860600779

Iteration: ,20000
Error:,0.02396289425611132
Absolute Error:,0.8577734512959129
Transition Probabilities
0.0001797268152408337,0.0001797268152408337,0.022186498005732767,0.9774540483637856
0.9777240398624935,0.021227192439551627,0.0005243838489774519,0.0005243838489774519
0.022046389680443187,0.004106606614200653,0.960290115909433,0.013556887795923163
0.01244910285925292,0.004094674972538142,0.9661693487522571,0.017286873415951847

0.01607764386712906,0.015761793850308962,0.017640347952534705,0.9505202143300272
0.020833875229025977,0.0029710843210422663,0.952649659214868,0.02354538123506383
0.0006321276023740298,0.9821472914797001,0.013731686120589675,0.0034888947973363213
0.9768033393744736,0.0002734218581119373,0.005501545566238717,0.017421693201175655

Transition Gammas
1.0,1.0,123.44567490389728,5438.55432509611
1864.5197440177735,40.48025598222492,1.0,1.0
31.160436737865524,5.804290746190203,1357.2770798539161,19.161347987146385
21.41424081619748,7.0434277005604695,1661.9497274079981,29.735899403640264

21.30575338628597,20.887195628629602,23.376615767276103,1259.6092712688946
9.535296792488783,1.3598128281568156,436.0109264368359,10.776305209692191
1.478741006330583,2297.544781643941,32.122639916871805,8.161598677575174
4966.503859987374,1.3901986807164917,27.97231150757371,88.57965881501143

Iteration: ,22500
Error:,0.02398275372151985
Absolute Error:,0.8579543579077629
Transition Probabilities
0.00015908367801463548,0.00015908367801463548,0.0226830507148503,0.9769987819291205
0.9783178325110874,0.02074976655651168,0.0004662004662004667,0.0004662004662004667
0.021117356535083127,0.0037140878765183397,0.961026605777141,0.014141949811257477
0.013236555053061306,0.0037663138211714124,0.9648791118443931,0.018118019281374197

0.017035445179489763,0.016840228882186618,0.01653862469131011,0.9495857012470135
0.019122303597786463,0.002726999935299586,0.9565063728798056,0.02164432358710837
0.0005653171448387143,0.9818716421266716,0.013957743969323536,0.0036052967591660963
0.9781108556696604,0.0002421140713167519,0.005135121000601931,0.016511909258421036

Transition Gammas
1.0,1.0,142.5856567935492,6141.41434320646
2098.49175073628,44.50824926371751,1.0,1.0
33.001717028699645,5.804290746190203,1501.870181914985,22.100712517204958
25.643578291346934,7.296593634508705,1869.289475024283,35.10058652448236

25.575246177785925,25.282168726105656,24.829371552410098,1425.609241227076
9.535296792488783,1.3598128281568156,476.95990719296276,10.792896798251556
1.4793760130345226,2569.4556913808647,36.525960361923254,9.434685634562003
5620.038985676742,1.391141414997866,29.50542880928522,94.87429080495116

Iteration: ,25000
Error:,0.022838078410557704
Absolute Error:,0.8581444391998712
Transition Probabilities
0.00014267370523612482,0.00014267370523612482,0.02236204081709089,0.9773526117724368
0.9786963718102221,0.020460457869373172,0.00042158516020236134,0.00042158516020236134
0.020718844207809527,0.0033747212623113617,0.9625448302134414,0.013361604316437698
0.012858091930062517,0.003402778449660135,0.9669048760577275,0.01683425356255003

0.016699005364242778,0.016546639006733498,0.0154713116495798,0.951283043979444
0.02034363356084753,0.0024991287883495534,0.9555440551863963,0.0216131824644066
0.0005124602602966843,0.9822550245659926,0.013891622626407857,0.0033408925473027854
0.9799399356234316,0.0002168904559964997,0.004640158955001289,0.015203014965570747

Transition Gammas
1.0,1.0,156.73554408699025,6850.264455913018
2321.467793933844,48.53220606615311,1.0,1.0
35.808114580715205,5.832487779085289,1663.5539716238807,23.092690574160358
27.571666247678436,7.296593634508705,2073.3386167186104,36.0977681043197

28.006206946164028,27.750670544626285,25.94721939035547,1595.41417066149
11.069271026096752,1.3598128281568156,519.9256117447054,11.760051306440822
1.4798220389800483,2836.439712242501,40.11458236361758,9.647433770768123
6288.938281343607,1.3919329562854104,29.779042799252547,97.5680440536293

Iteration: ,27500
Error:,0.023847514545252555
Absolute Error:,0.8582532217515331
Transition Probabilities
0.00013007284079084275,0.00013007284079084275,0.02326909678577285,0.9764707575326455
0.9784283514947555,0.02080887199876086,0.00038138825324180055,0.00038138825324180055
0.02088167518437146,0.0036328808646984407,0.9622167969791416,0.013268646971788454
0.014220710616125187,0.003117804157911239,0.9634102229394317,0.01925126228653194

0.01878277542658193,0.01655328723948206,0.014842081739488875,0.9498218555944472
0.018234071768695393,0.0022399781017329755,0.9601195440721781,0.019406406057393584
0.0004628531294669451,0.9813234589427126,0.014760242262927825,0.0034534456648927427
0.9800245793562166,0.0001981387002989041,0.004389349316222843,0.015387932627261678

Transition Gammas
1.0,1.0,178.89281608902184,7507.107183910985
2565.439137619246,54.56086238075091,1.0,1.0
39.449104254681345,6.863141712097245,1817.7943294532797,25.06677424521964
33.76380649394329,7.402508855947047,2287.39598320277,45.70769437285135

34.825828837347004,30.692053490763055,27.519244973660197,1761.0993379652573
11.069271026096752,1.3598128281568156,582.8551946929066,11.78095441417388
1.4806512005030346,3139.219905974697,47.21750601857059,11.047453596099349
6887.850683482158,1.3925668917146798,30.84941268273883,108.15012653426204

Iteration: ,30000
Error:,0.023706635037845324
Absolute Error:,0.8580895317107782
Transition Probabilities
0.00011904761904761894,0.00011904761904761894,0.022862218781578902,0.976899685980326
0.9780379516459483,0.02126029396808683,0.00035087719298245633,0.00035087719298245633
0.022746798452455176,0.0038150633071696266,0.96035607414518,0.013082064095195259
0.01302157970986835,0.0032300505753502387,0.9643272255978451,0.019421144116936302

0.018155229972377094,0.015522769388833105,0.01412475860466948,0.9521972420341203
0.02083702240689552,0.002023696690559165,0.9581151195429878,0.019024161359557392
0.00042433366510792023,0.9812057710716825,0.014898824301833128,0.003471070961376525
0.9798076175608169,0.00018157712257980914,0.004167083179411924,0.01584372213719131

Transition Gammas
1.0,1.0,192.04263776526295,8205.957362234745
2787.4081621909513,60.59183780904743,1.0,1.0
46.95899317740769,7.8759009619404345,1982.5802926916053,27.00690208675839
33.76380649394329,8.375235956135636,2500.415354156444,50.3573119748504

36.3779533030205,31.10324577654421,28.302027003727716,1907.9343450171011
14.00133256217288,1.3598128281568156,643.8006428945461,12.783189685655628
1.4812619169157306,3425.1883855992683,52.008744202539795,12.116797814501641
7516.787689561018,1.3930047646614698,31.968601777517925,121.54824414831907

Iteration: ,32500
Error:,0.02493124944226347
Absolute Error:,0.8575236092899639
Transition Probabilities
0.00010987803538072725,0.00010987803538072725,0.0232057070194018,0.9765745369098366
0.9777141991365184,0.02163623931752519,0.00032478077297823984,0.00032478077297823984
0.022514064007267034,0.0039295008176794075,0.9602786899347859,0.013277745240267796
0.014026006100074855,0.003077915256266094,0.9629967632867737,0.01989931535688539

0.019324326777497257,0.01666604085217526,0.01414114126462462,0.9498684911057029
0.022310283811539527,0.0031676305571005535,0.9560200436375796,0.01850204199378036
0.0003941336445096361,0.9807787265428582,0.015491756083931222,0.003335383728701025
0.9797422838895422,0.00016732857730251534,0.003939741892674172,0.016150645640481173

Transition Gammas
1.0,1.0,211.19513958357606,8887.804860416436
3010.382019141339,66.61798085866003,1.0,1.0
50.78884494509586,8.864450579705583,2166.2657382263505,29.95289273454926
39.2924147836917,8.622463305332133,2697.7364752618028,55.74588712820066

42.19838446729302,36.393505839833814,30.879901937169393,2074.2205533246106
15.956768838059972,2.265553813254731,683.7649834372139,13.233036819286381
1.481695482768517,3687.1133153883343,58.239293522558896,12.538952390792648
8159.695964710898,1.3935810870341918,32.8117879081763,134.50920739781756

Iteration: ,35000
Error:,0.024882406348591492
Absolute Error:,0.8576270827107173
Transition Probabilities
0.00010192640913260618,0.00010192640913260618,0.02317281846726633,0.9766233287144684
0.9772017867868087,0.022195440458519823,0.0003013863773357446,0.0003013863773357446
0.022323323409410217,0.003634425205860165,0.961153103976901,0.012889147407828773
0.013625113158041975,0.0028684086880283437,0.9632497852169308,0.020256692936998777

0.018782110059085432,0.01661624024575441,0.013594182124685867,0.9510074675704743
0.021922607999650966,0.0041001576934827505,0.9560915288829417,0.017885705423924633
0.00036569547069659815,0.9805174950895442,0.015944389619646112,0.0031724198201130813
0.9796394590147162,0.00015561378088561634,0.0037492872144507844,0.016455639989947722

Transition Gammas
1.0,1.0,227.34852198235015,9581.651478017657
3242.3555285586294,73.64447144136874,1.0,1.0
54.60939837519631,8.890870337344465,2351.2624796944515,31.530636034867467
41.156552875631604,8.664428138571495,2909.6301996084508,61.18816367076921

43.74650713276163,38.7018535267795,31.663001835832546,2215.046916054923
16.938297637062604,3.1679484198325607,738.7151603838074,13.819222691209175
1.4821801785106368,3974.081475869212,64.62332773133265,12.857960111808488
8775.623633061256,1.3939903712568977,33.58616599555985,147.40984743323187

Iteration: ,37500
Error:,0.024357136616340414
Absolute Error:,0.8576449643413553
Transition Probabilities
9.49667616334282e-05,9.49667616334282e-05,0.022934692425485237,0.9768753740512479
0.977813947723609,0.021622036483948812,0.0002820078962210942,0.0002820078962210942
0.022114367180263373,0.0034259241785947747,0.9615972302579723,0.01286247838316973
0.01332042417217049,0.002680223485670807,0.9634096457611452,0.020589706581013535

0.01984912345814955,0.016045806748515436,0.013952029532453678,0.9501530402608812
0.022786912410007392,0.0038166526984684734,0.9549780337435027,0.018418401148021582
0.00034148245286082907,0.98072182577073,0.015917301357439496,0.0030193904189696596
0.980004284950149,0.0001450157292190542,0.003541726964220869,0.016308972356411048

Transition Gammas
1.0,1.0,241.5023112403598,10286.497688759651
3467.328258627917,76.67174137208248,1.0,1.0
57.54998958069242,8.915556984978279,2502.441518270473,33.473058075744746
43.06128150585028,8.664428138571495,3114.4394071358097,66.5608797248543

49.4034094474534,39.93715704287935,34.725857243422546,2364.8802318511594
18.913893630173114,3.1679484198325607,792.6634650793666,15.287884285654547
1.4826314495347666,4258.049015260637,69.10894362668814,13.109438438445402
9423.538263319295,1.3944441815868402,34.056585341627155,156.82403372743823

Iteration: ,40000
Error:,0.02496444411406049
Absolute Error:,0.8579868374249482
Transition Probabilities
8.921402444464268e-05,8.921402444464268e-05,0.022986775317186448,0.9768347966339243
0.9763873664229747,0.023086179246938354,0.00026322716504343263,0.00026322716504343263
0.023065234783264096,0.0032172128817829285,0.9609646054255799,0.012752946909372977
0.013759674018832192,0.002817778956143185,0.9629178887508468,0.020504658274177825

0.019197077975193835,0.015480581498003342,0.013415308256363051,0.9519070322704397
0.02169005281257143,0.0036329361831692578,0.9571332803274429,0.017543730676816277
0.0003202546553209962,0.9804666115443481,0.01613422980286964,0.003078903997461252
0.979988322812582,0.0001362269062573827,0.0033910819769607144,0.016484368304199894

Transition Gammas
1.0,1.0,257.6587645303429,10949.34123546966
3709.2956050408793,87.70439495911876,1.0,1.0
64.0575218805647,8.934948484408189,2668.822226043954,35.417899855135666
47.69515837562097,9.76726726205883,3337.7623004609577,71.07529745882022

51.39335478007113,41.443756083959826,35.9147208546108,2548.3928278217745
18.913893630173114,3.1679484198325607,834.6276152688507,15.298268693259562
1.4829316189183617,4540.0274918580935,74.70917010586152,14.256792254504635
10035.262419673969,1.3949888188357602,34.725309203440084,168.80299275447453

Iteration: ,42500
Error:,0.0251985160996146
Absolute Error:,0.85796267242413
Transition Probabilities
8.410428931875531e-05,8.410428931875531e-05,0.02269167744429331,0.9771401139770692
0.9765954664555696,0.022910462398185387,0.0002470355731225297,0.0002470355731225297
0.02351480673001121,0.0033648418856076024,0.9604872585173136,0.01263309286706742
0.013604928183690008,0.00265138274335725,0.9633192297503076,0.02042445932264515

0.019965091582306832,0.015876099349319335,0.013594953827574318,0.9505638552407996
0.02041492985697126,0.003419361768970291,0.9590405713497163,0.017125137024342183
0.00030046538440375116,0.9797256025475146,0.016818881473128985,0.0031550505949527554
0.97956578763886,0.0001286157904752133,0.0032635496661075,0.017042046904557174

Transition Gammas
1.0,1.0,269.8040448126473,11618.195955187346
3953.2584482121447,92.74155178785442,1.0,1.0
69.54669559801229,9.951756654462711,2840.7086547991844,37.36326112202494
50.30733043742791,9.804093486217148,3562.0929528959196,75.52410496234093

56.72427004467237,45.10673757915132,38.625609553606424,2700.7159269516296
18.913893630173114,3.1679484198325607,888.5257740591668,15.865987409696707
1.4834022029007936,4836.920299292708,83.03507532848234,15.576533090837957
10627.763270939531,1.3954123258735793,35.407763023193105,184.89706606684305

Iteration: ,45000
Error:,0.02476347865784576
Absolute Error:,0.8579401933679962
Transition Probabilities
7.937137868084766e-05,7.937137868084766e-05,0.023093374071035445,0.9767478831716029
0.9769605796626832,0.022572893628662678,0.00023326335432703518,0.00023326335432703518
0.02220220341796838,0.0031770154384562384,0.9617593905006432,0.012861390642932263
0.013812471917708657,0.0025209107775286616,0.9622746306536966,0.02139198665106605

0.020248337612238952,0.01523091857864617,0.013681466240415519,0.9508392775686993
0.02048925051740104,0.0032645250775191854,0.9598815394033979,0.016364685001681863
0.00028407422421953713,0.9795391749817947,0.016993094158384764,0.003183656635601024
0.9793442155514605,0.00012139330945110163,0.0031284235071009797,0.017405967631987356

Transition Gammas
1.0,1.0,290.95341992097565,12306.046580079028
4188.230005013924,96.76999498607692,1.0,1.0
69.54669559801229,9.951756654462711,3012.6373635305877,40.287317577102996
54.06979352047288,9.868264423383605,3766.8848052265143,83.7402825581803

60.8436649762177,45.76696245518239,41.11105633739129,2857.1504267911005
19.883103134095204,3.1679484198325607,931.4847133262892,15.880557435182082
1.4836528562219728,5115.902714284714,88.75093385682311,16.62748978235049
11260.674186276057,1.3958018890762651,35.97117057592926,200.13691538506615

Iteration: ,46601
Error:,0.02513792133464317
Absolute Error:,0.8577781824323352
Transition Probabilities
7.678722260615829e-05,7.678722260615829e-05,0.02342392381431644,0.9764225017404713
0.9775596276768348,0.021990630924469498,0.00022487069934787484,0.00022487069934787484
0.02187030745118324,0.0030608034362237637,0.9621272098252481,0.01294167928734483
0.0142358926440317,0.0024353843877238093,0.9611722344200923,0.02215648854815224

0.019488288578940482,0.015597652861252089,0.01362611901968484,0.9512879395401226
0.020853249296563302,0.003166758537525945,0.9600972995195222,0.01588269264638859
0.0002742878713214645,0.9800624620392331,0.016582942719996517,0.0030803073694489094
0.9788637132737956,0.00011743129137211446,0.003067038028794449,0.0179518174060378


Model Num 3
Model States: 
"['diamond', 'x', 'square']","['diamond', 'x', 'diamond']","['square', 'y', 'diamond', 'x', 'diamond']","['square', 'x', 'square', 'y', 'diamond', 'x', 'diamond']","['square', 'x', 'square', 'y', 'diamond', 'x', 'square']"
Iteration: ,0
Error:,0.6486030704697804
Absolute Error:,1
Transition Probabilities
0.2,0.2,0.2,0.2,0.2
0.2,0.2,0.2,0.2,0.2
0.2,0.2,0.2,0.2,0.2
0.2,0.2,0.2,0.2,0.2
0.2,0.2,0.2,0.2,0.2

0.2,0.2,0.2,0.2,0.2
0.2,0.2,0.2,0.2,0.2
0.2,0.2,0.2,0.2,0.2
0.2,0.2,0.2,0.2,0.2
0.2,0.2,0.2,0.2,0.2

Transition Gammas
1.0,1.0,1.0,1.0,1.0
1.0,1.0,1.0,1.0,1.0
1.0,1.0,1.0,1.0,1.0
1.0,1.0,1.0,1.0,1.0
1.0,1.0,1.0,1.0,1.0

1.0,1.0,1.0,1.0,1.0
1.0,1.0,1.0,1.0,1.0
1.0,1.0,1.0,1.0,1.0
1.0,1.0,1.0,1.0,1.0
1.0,1.0,1.0,1.0,1.0

Iteration: ,2500
Error:,0.315993283406417
Absolute Error:,1
Transition Probabilities
0.002012072434607646,0.002012072434607646,0.3943661971830986,0.5936756012198934,0.007934056727792668
0.9679171665918558,0.02437075114593343,0.0025706940874035992,0.0025706940874035992,0.0025706940874035992
0.2,0.2,0.2,0.2,0.2
0.0088763118986922,0.003751361996537069,0.7294439130742237,0.23175381766803618,0.02617459536251081
0.09090909090909091,0.09090909090909091,0.6363636363636364,0.09090909090909091,0.09090909090909091

0.041101613932709426,0.03282906817979155,0.3074638220180133,0.6026165436887272,0.01598895218075858
0.021256180230552355,0.010265401676846846,0.5229859853364016,0.410091428109827,0.035401004646372095
0.3008708468114626,0.6758414819556607,0.0027397260273972603,0.014379438040060867,0.006168507165418585
0.2,0.2,0.2,0.2,0.2
0.2,0.2,0.2,0.2,0.2

Transition Gammas
1.0,1.0,196.0,295.05677380628697,3.943226193712956
376.51977780423186,9.480222195768103,1.0,1.0,1.0
1.0,1.0,1.0,1.0,1.0
4.976078306014957,2.103021081506543,408.9277250203545,129.92165638117925,14.673530813095898
1.0,1.0,7.0,1.0,1.0

3.765029261311665,3.0072396310487894,28.16459442657784,55.20145569108539,1.464635255365523
2.0706622984363796,1.0,50.94647065939691,39.94889250508043,3.4485747134685902
219.6357181723677,493.36428182763234,2.0,10.496989769244433,4.503010230755567
1.0,1.0,1.0,1.0,1.0
1.0,1.0,1.0,1.0,1.0

Iteration: ,5000
Error:,0.3046569639551235
Absolute Error:,1
Transition Probabilities
0.001025641025641026,0.001025641025641026,0.3979487179487181,0.5866886271812953,0.01331137281870456
0.9757855921399888,0.020292839232560117,0.0013071895424836607,0.0013071895424836607,0.0013071895424836607
0.2,0.2,0.2,0.2,0.2
0.01039654938709616,0.0034001046099313235,0.6931687233792396,0.2757052963194195,0.017329326304313466
0.041666666666666664,0.041666666666666664,0.8333333333333334,0.041666666666666664,0.041666666666666664

0.01939992910672217,0.03227604088382172,0.3300242925485788,0.6107052174804382,0.007594519980439154
0.010723032882949934,0.005178552239564715,0.5386731618121177,0.4231045521352043,0.022320700930163237
0.3073457957031379,0.6706761823188401,0.0020604395604395605,0.014536545839280532,0.005381036578301888
0.2,0.2,0.2,0.2,0.2
0.2,0.2,0.2,0.2,0.2

Transition Gammas
1.0,1.0,388.0,572.0214115017627,12.97858849823694
746.4759779870911,15.524022012908482,1.0,1.0,1.0
1.0,1.0,1.0,1.0,1.0
12.156459349695867,3.9756684584834505,810.50713025025,322.37621372363867,20.26280479535546
1.0,1.0,20.0,1.0,1.0

3.765029261311665,6.263952703042252,64.0492607758309,118.52223795255144,1.473901775345235
2.0706622984363796,1.0,104.02003048199357,81.7032507469247,4.310220288912141
447.4954785437688,976.5045214562311,3.0,21.165210741992453,7.834789258007548
1.0,1.0,1.0,1.0,1.0
1.0,1.0,1.0,1.0,1.0

Iteration: ,7500
Error:,0.3016841748936335
Absolute Error:,1
Transition Probabilities
0.0006825938566552901,0.0006825938566552901,0.4061433447098976,0.5781319748962344,0.01435949268055733
0.9796675592709135,0.017744002420199575,0.000862812769628991,0.000862812769628991,0.000862812769628991
0.2,0.2,0.2,0.2,0.2
0.009887968695519243,0.0031111967186489755,0.6944493506449128,0.27852300792435775,0.014028476016561478
0.02631578947368421,0.02631578947368421,0.8947368421052632,0.02631578947368421,0.02631578947368421

0.02236539123770728,0.024980570734818682,0.3670971404296555,0.5716785530196886,0.013878344578129927
0.013547454311996405,0.004174457711576837,0.5258332615477502,0.4381505010184881,0.018294325410188585
0.31108013156561154,0.6662235452387463,0.003631411711302769,0.014278549545568352,0.004786361938771185
0.2,0.2,0.2,0.2,0.2
0.2,0.2,0.2,0.2,0.2

Transition Gammas
1.0,1.0,595.0,846.9633432229833,21.03665677701649
1135.434701194988,20.565298805011295,1.0,1.0,1.0
1.0,1.0,1.0,1.0,1.0
17.215646578057086,5.416811560835856,1209.0849956353193,484.92807935931074,24.424560045311736
1.0,1.0,34.0,1.0,1.0

7.023135252144239,7.844348667176399,115.27510699504988,179.51735142635349,4.358049900049991
3.7471103990196615,1.1546194245118142,145.44099851669043,121.18869426621524,5.060054487643838
685.3095298390422,1467.690470160958,8.0,31.45564464888708,10.544355351112921
1.0,1.0,1.0,1.0,1.0
1.0,1.0,1.0,1.0,1.0

Iteration: ,10000
Error:,0.30625892076546923
Absolute Error:,1
Transition Probabilities
0.0005099439061703214,0.0005099439061703214,0.41458439571647127,0.571082988461487,0.01331272800970104
0.9813309199046287,0.01671085555229037,0.0006527415143603133,0.0006527415143603133,0.0006527415143603133
0.2,0.2,0.2,0.2,0.2
0.011065672572675246,0.0032744302268974492,0.6805422570023058,0.2928431567116634,0.012274483486458064
0.02040816326530612,0.02040816326530612,0.9183673469387755,0.02040816326530612,0.02040816326530612

0.026184705857019566,0.03474398814921372,0.3745858839055385,0.5521252137698162,0.01236020831841206
0.017029163939162074,0.003847711336481934,0.5073001932484781,0.4576487544010882,0.014174177074789851
0.3204300168315359,0.6567575895695535,0.0047667688117126305,0.01328949146243415,0.0047561333247636665
0.2,0.2,0.2,0.2,0.2
0.2,0.2,0.2,0.2,0.2

Transition Gammas
1.0,1.0,813.0,1119.8937403729758,26.106259627023732
1503.3989692938912,25.601030706108848,1.0,1.0,1.0
1.0,1.0,1.0,1.0,1.0
25.938198520567443,7.675341982984348,1595.2071641220866,686.4312931988728,28.77167992439566
1.0,1.0,45.0,1.0,1.0

11.323750513194483,15.025269169850576,161.9921613125028,238.7702274340235,5.345254441775137
