0,1,2,3,4,5,6,7,8,9,10,11,12,13,14,15,16,17,18,19,20,21,22,23,24,25,26,27,28,29
github Code Version (SHA):,cd93f48c3be2409aefa56252372b16f046dc3cc1
Environment Observations,Environment Actions,alpha,epsilon,numActions,explore,patience,gainThresh,insertRandActions,useBudd,revisedSplitting,haveControl,confidence_factor
"['diamond', 'square']","['x', 'y']",0.99,0.99,75000,0.5,0,0.01,False,True,False,False,250

Model Num 0
Model States: 
['diamond'],['square']
Iteration: ,0
Error:,0.674665053394739
Absolute Error:,1
Transition Probabilities
0.5,0.5
0.5,0.5

0.5,0.5
0.5,0.5

Transition Gammas
1.0,1.0
1.0,1.0

1.0,1.0
1.0,1.0

Iteration: ,2500
Error:,0.1388095812472826
Absolute Error:,1
Transition Probabilities
0.4968553459119497,0.5031446540880503
0.00851063829787234,0.9914893617021276

0.02389705882352941,0.9761029411764706
0.9794871794871794,0.020512820512820513

Transition Gammas
237.0,240.0
6.0,699.0

13.0,531.0
764.0,16.0

Iteration: ,2610
Error:,0.14198727037604006
Absolute Error:,1
Transition Probabilities
0.498,0.502
0.008108108108108109,0.9918918918918919

0.023090586145648313,0.9769094138543517
0.976629766297663,0.023370233702337023


Model Num 1
Model States: 
['square'],"['diamond', 'x', 'square']","['diamond', 'x', 'diamond']"
Iteration: ,0
Error:,0.7241207955470744
Absolute Error:,1
Transition Probabilities
0.3333333333333333,0.3333333333333333,0.3333333333333333
0.3333333333333333,0.3333333333333333,0.3333333333333333
0.3333333333333333,0.3333333333333333,0.3333333333333333

0.3333333333333333,0.3333333333333333,0.3333333333333333
0.3333333333333333,0.3333333333333333,0.3333333333333333
0.3333333333333333,0.3333333333333333,0.3333333333333333

Transition Gammas
1.0,1.0,1.0
1.0,1.0,1.0
1.0,1.0,1.0

1.0,1.0,1.0
1.0,1.0,1.0
1.0,1.0,1.0

Iteration: ,2500
Error:,0.13335411941911562
Absolute Error:,1
Transition Probabilities
0.9703808180535967,0.021673443766513274,0.00794573817989011
0.9957537154989384,0.0021231422505307855,0.0021231422505307855
0.003124999999999999,0.9643426354450281,0.03253236455497198

0.02997275204359673,0.3884882865943463,0.581538961362057
0.8641832573254191,0.0786360068811384,0.057180735793442614
0.9755224969240295,0.01106553029061733,0.013411972785353193

Transition Gammas
688.0,15.36647163045791,5.633528369542089
469.0,1.0,1.0
1.0,308.5896433424091,10.410356657591038

22.0,285.1504023602502,426.84959763974985
74.77663962673181,6.804270157275044,4.947773794242258
113.78715514757214,1.2907085340818016,1.5644029050832309

Iteration: ,5000
Error:,0.12317869024841942
Absolute Error:,1
Transition Probabilities
0.9771626297577855,0.017127570603427664,0.005709799638786868
0.997828447339848,0.0010857763300760044,0.0010857763300760044
0.0016000000000000003,0.9720578898268939,0.026342110173106094

0.022618231665524326,0.38947645051341817,0.5879053178210575
0.8950342472699467,0.046609427680464846,0.05835632504958849
0.9860395939275406,0.0067112757502368735,0.007249130322222601

Transition Gammas
1412.0,24.749339521952972,8.250660478047024
919.0,1.0,1.0
1.0,607.5361811418086,16.463818858191306

33.0,568.2461412990773,857.7538587009232
149.805654113332,7.801216347662467,9.767344067971917
237.3465116880595,1.6154502294888993,1.74491552402926

Iteration: ,7500
Error:,0.11727953356241676
Absolute Error:,1
Transition Probabilities
0.9796954314720813,0.01600469736370219,0.00429987116421659
0.998576512455516,0.0007117437722419929,0.0007117437722419929
0.0010683760683760685,0.9695240999220537,0.029407524009570165

0.023266423357664223,0.3971234029906014,0.5796101736517343
0.9121928790287148,0.04172005924627975,0.046087061725005554
0.9882933475347788,0.005633154444318383,0.006073498020902747

Transition Gammas
2123.0,34.68217918714265,9.31782081285735
1403.0,1.0,1.0
1.0,907.4745575270422,27.52544247295767

51.0,870.4944993553986,1270.505500644602
223.5347541245926,10.223586919041288,11.293729920357931
340.3183544021398,1.9397741119734382,2.0914062176924033

Iteration: ,10000
Error:,0.11521720675780774
Absolute Error:,1
Transition Probabilities
0.9804526748971193,0.016276032269709837,0.0032712928331708226
0.9989304812834224,0.0005347593582887701,0.0005347593582887701
0.0008038585209003214,0.9754072954591603,0.02378884601993944

0.02268041237113402,0.3988563562885769,0.5784632313402892
0.9276653891650095,0.0331924589223247,0.03914215191266586
0.9889856453093796,0.005734440510007529,0.005279914180612848

Transition Gammas
2859.0,47.46091009847388,9.539089901526118
1868.0,1.0,1.0
1.0,1213.4066755511956,29.593324448804672

66.0,1160.6719967997587,1683.3280032002415
313.5449666463813,11.218838761548819,13.229796928147941
437.3385622134439,2.5358224152593123,2.3348266856160977

Iteration: ,12500
Error:,0.11539153869545471
Absolute Error:,1
Transition Probabilities
0.9785559174809989,0.018531364732545116,0.00291271778645597
0.9991467576791809,0.0004266211604095563,0.0004266211604095563
0.0006506180871828232,0.9787721236592325,0.020577258253584634

0.022081148219707428,0.4008685097115401,0.5770503420687525
0.9308771286810154,0.03166195296178136,0.03746091835720339
0.9905287673860147,0.005061473638489672,0.004409758975495599

Transition Gammas
3605.0,68.26954767469621,10.730452325303792
2342.0,1.0,1.0
1.0,1504.3727540642415,31.627245935759603

80.0,1452.3466106849096,2090.65338931509
382.3448194191476,13.004706329806222,15.386550623340575
543.2502229920243,2.7759382395667607,2.4185088062621456

Iteration: ,15000
Error:,0.11642243236263694
Absolute Error:,1
Transition Probabilities
0.9795367663593434,0.017368598139374386,0.0030946355012822363
0.9992892679459844,0.00035536602700781805,0.00035536602700781805
0.0005379236148466916,0.978126106235652,0.021335970149501286

0.023545706371191136,0.397608385923336,0.578845907705473
0.9352899341408631,0.03192545333088437,0.032784612528252544
0.991206415706408,0.004875207401867978,0.0039183768917240664

Transition Gammas
4356.0,77.2381559257979,13.761844074202106
2812.0,1.0,1.0
1.0,1818.3364314920777,39.6635685079229

102.0,1722.4395278198917,2507.5604721801087
453.5321022030505,15.480994111458777,15.89760960435126
638.4932565345892,3.1404024439065132,2.524052692035664

Iteration: ,17500
Error:,0.11335165927889054
Absolute Error:,1
Transition Probabilities
0.9801388353258773,0.016784158892924818,0.00307700578119782
0.9993898718730934,0.0003050640634533252,0.0003050640634533252
0.0004646840148698884,0.979695634897506,0.01983968108762407

0.02407261247040251,0.39934380423014054,0.5765835832994569
0.9387042518465062,0.02840666976789842,0.03288907838559542
0.9923087167958322,0.004366589752209804,0.0033246934519580214

Transition Gammas
5083.0,87.0426480187081,15.957351981291893
3276.0,1.0,1.0
1.0,2108.3050062994334,42.694993700567004

122.0,2023.8743998383538,2922.12560016165
525.4962396272236,15.902344230357093,18.41164241286665
753.3444884922882,3.3150432598799666,2.524052692035664

Iteration: ,20000
Error:,0.11352060608824877
Absolute Error:,1
Transition Probabilities
0.9799490229396771,0.017154504137718896,0.002896472922603959
0.9994665244065084,0.00026673779674579886,0.00026673779674579886
0.00040371417036738,0.9795202544236385,0.02007603140599403

0.023452319365407814,0.39640756549509104,0.5801401151395013
0.9372818972800048,0.028508857824156686,0.03420924489583855
0.9917640728790151,0.005339155160829442,0.0028967719601554545

Transition Gammas
5767.0,100.9542568504757,17.0457431495243
3747.0,1.0,1.0
1.0,2426.271670207352,49.72832979264721

136.0,2298.7674723060345,3364.2325276939696
601.7315584340621,18.30258271016206,21.962210412643753
864.1566586691882,4.652181511783364,2.524052692035664

Iteration: ,22500
Error:,0.11652798840936454
Absolute Error:,1
Transition Probabilities
0.9793113862881305,0.017648600339381627,0.0030400133724878976
0.9995262908574135,0.00023685457129322596,0.00023685457129322596
0.0003579098067287043,0.9782519296013855,0.021390160591885723

0.02225974823457168,0.396132577011474,0.5816076747539545
0.9370666005643574,0.0301841433597778,0.032749256075864805
0.9924539207539833,0.004969581662211931,0.0025764975838048357

Transition Gammas
6485.0,116.86903144738514,20.130968552614856
4220.0,1.0,1.0
1.0,2733.2358913062717,59.764108693728716

145.0,2580.4076066527427,3788.5923933472613
673.6826723998968,21.700201832473848,23.544331148938333
972.252412013203,4.868425280754013,2.524052692035664

Iteration: ,23532
Error:,0.1131163864587602
Absolute Error:,1
Transition Probabilities
0.9793471981513576,0.01759679600788124,0.0030560058407611643
0.9995469988674972,0.00022650056625141563,0.00022650056625141563
0.0003421142661648989,0.978864606127218,0.020793279606617004

0.02259721203228172,0.3954248333495248,0.5819779546181936
0.937027249394856,0.030896354453364458,0.03207639615177948
0.9927893887955285,0.00474865424107444,0.0024619569633970357


Model Num 2
Model States: 
"['diamond', 'x', 'square']","['diamond', 'x', 'diamond']","['square', 'y', 'diamond', 'x', 'diamond']","['square', 'y', 'diamond', 'x', 'square']"
Iteration: ,0
Error:,0.6751855313670589
Absolute Error:,0.74
Transition Probabilities
0.25,0.25,0.25,0.25
0.25,0.25,0.25,0.25
0.25,0.25,0.25,0.25
0.25,0.25,0.25,0.25

0.25,0.25,0.25,0.25
0.25,0.25,0.25,0.25
0.25,0.25,0.25,0.25
0.25,0.25,0.25,0.25

Transition Gammas
1.0,1.0,1.0,1.0
1.0,1.0,1.0,1.0
1.0,1.0,1.0,1.0
1.0,1.0,1.0,1.0

1.0,1.0,1.0,1.0
1.0,1.0,1.0,1.0
1.0,1.0,1.0,1.0
1.0,1.0,1.0,1.0

Iteration: ,2500
Error:,0.033998915667623274
Absolute Error:,0.8561009630792696
Transition Probabilities
0.0014044943820224723,0.0014044943820224723,0.03405545233666799,0.963135558899287
0.9717068092167597,0.019818614512053828,0.004237288135593221,0.004237288135593221
0.016317981239188088,0.0061324110885304164,0.9480924683660102,0.029457139306271255
0.014418712113469458,0.009415241371913486,0.9436627627810709,0.03250328373354624

0.028629706620739763,0.008803926369335198,0.031829018661445906,0.9307373483484792
0.02405651887479204,0.02367519162926353,0.9218644922762551,0.030403797219689232
0.004178936702422058,0.9717953821470079,0.01037710020149664,0.013648580949073482
0.9747688042577157,0.0016978197215304182,0.011395348599981888,0.012138027420772139

Transition Gammas
1.0,1.0,24.247482063707604,685.7525179362922
229.32280697515526,4.677193024844703,1.0,1.0
2.660940534418504,1.0,154.60354087142795,4.8035167377095105
2.920677036884068,1.9071661224153351,191.14981560957634,6.583916349589516

4.2943859380700555,1.3205674127617142,4.77427491566628,139.6083247981618
1.490890654300838,1.4672580901070025,57.132088113822626,1.8842600363758713
1.2388671859603195,288.0937176463853,3.076344496341694,4.046191717364414
620.5115151254819,1.080786216398271,7.253971397394389,7.72674069235669

Iteration: ,5000
Error:,0.028671781180597957
Absolute Error:,0.8589863512863032
Transition Probabilities
0.0007163323782234963,0.0007163323782234963,0.023269062655753934,0.9752982725877991
0.9789864882633635,0.016684507407632238,0.0021645021645021654,0.0021645021645021654
0.019986079305102624,0.005985794204868652,0.9580161040750979,0.016012022414930847
0.02401087233976254,0.009042226531027682,0.9405398506769117,0.026407050452298065

0.02241680704114121,0.009752489658486435,0.020948474983217415,0.9468822283171549
0.0125675289405535,0.012368317191798659,0.9523806522294208,0.02268350163822701
0.0021508122633276537,0.9754962837604305,0.008154142879357312,0.014198761096884548
0.9767090792400175,0.0008581231317258538,0.010851945532597876,0.011580852095658832

Transition Gammas
1.0,1.0,32.48361146743247,1361.5163885325665
452.29175757767376,7.708242422326092,1.0,1.0
7.247699115357643,2.1706726317383973,347.4124346254719,5.806557600427032
10.203230350342444,3.842422668803617,399.67497283474887,11.221467293036152

7.136684992081935,3.1048331929439295,6.669222193212072,301.45239577153086
1.490890654300838,1.4672580901070025,112.98127264811734,2.6909522754407886
1.2457297665389353,564.9980607551317,4.722801091765704,8.223785798486286
1235.8654352024846,1.0858143332433146,13.731360415809101,14.653672336447965

Iteration: ,7500
Error:,0.02472227076070036
Absolute Error:,0.8600617201598595
Transition Probabilities
0.00047778308647873895,0.00047778308647873895,0.025162225934047718,0.9738822078929948
0.9777537816108448,0.019417364075152304,0.001414427157001414,0.001414427157001414
0.016741338825423602,0.0039608854547767405,0.9633721970985589,0.015925578621240683
0.025892588451624995,0.009529912277538006,0.9418054963978671,0.022772002872969894

0.020744112665354066,0.010129222086297334,0.01523908719017067,0.9538875780581779
0.008449719761532434,0.008315780666731425,0.9628461990559856,0.020388300515750538
0.001425183915920114,0.9793127644027625,0.006427688258882807,0.012834363422434587
0.9763847513121099,0.0005782975442004372,0.010732049753566827,0.012304901390122878

Transition Gammas
1.0,1.0,52.66453887996184,2038.3354611200368
691.2719235988675,13.728076401132682,1.0,1.0
9.174707630886235,2.1706726317383973,527.9540866039514,8.727648919015206
16.806860733878064,6.185859276058744,611.3252773446237,14.781290855972982

9.784570696008286,4.777745435430182,7.187963561531022,449.92912418676644
1.490890654300838,1.4672580901070025,169.88710160978317,3.597365066992081
1.2485658950646905,857.9499842624871,5.631127501861775,11.243845987254174
1837.3187859102507,1.0882154195642328,20.195109148369642,23.154833637522746

Iteration: ,10000
Error:,0.02562728661183064
Absolute Error:,0.8595239767097
Transition Probabilities
0.0003542330853701737,0.0003542330853701737,0.02580858453883524,0.9734829492904243
0.9800747838588413,0.017799817628937762,0.0010626992561105209,0.0010626992561105209
0.02083932055529325,0.003234549852993893,0.9636393627621364,0.012286766829576563
0.02312196569429242,0.007326817037814714,0.9508248366675667,0.01872638060032624

0.02197688122942513,0.012752427983976076,0.01445254074276878,0.95081815004383
0.0129074728593299,0.00847174290196964,0.9565727299569889,0.022048054281711485
0.0010768743404521303,0.9810364783308443,0.006218967312807835,0.01166768001589561
0.9791449207316588,0.000430725696601483,0.009281235413953648,0.011143118157785913

Transition Gammas
1.0,1.0,72.85763415313185,2748.142365846867
922.2503716111694,16.74962838883043,1.0,1.0
14.830102516026445,2.301836366777011,685.7647062111607,8.743759720460307
19.886136518232412,6.301457487849343,817.7605985967144,16.1056964634452

13.743565229355674,7.974918005916731,9.0381084720163,594.6080851948295
2.9528005150050345,1.938053023744641,218.83202703115413,5.04386154806732
1.250175606800475,1138.91456831976,7.219785022175913,13.54535844702345
2477.810936157761,1.089988641033673,23.486969214490333,28.198624585243504

Iteration: ,12500
Error:,0.02444100081586873
Absolute Error:,0.860264330274279
Transition Probabilities
0.0002832861189801702,0.0002832861189801702,0.02295660029652968,0.9764768274655099
0.9781368739236238,0.020166773234985204,0.0008481764206955049,0.0008481764206955049
0.017003118137016805,0.0037245572774868103,0.9658797861033815,0.013392538482114814
0.02732254425201437,0.006158578943896269,0.9446944123574559,0.021824464446633416

0.019767998025688235,0.015629090511130584,0.013379151116729382,0.9512237603464517
0.010747469568928542,0.007054037612706783,0.9638038251016534,0.018394667716711166
0.000870122846888742,0.9805830518034729,0.005853220866598338,0.012693604483040036
0.9792357473947221,0.00034294609782023933,0.009218334113943547,0.011202972393514036

Transition Gammas
1.0,1.0,81.03679904674969,3446.963200953247
1153.2233743559523,23.77662564404755,1.0,1.0
14.830102516026445,3.248555106588986,842.4393767450471,11.680958577074174
29.75297726694442,6.706405436635685,1028.7281856267307,23.76582460822797

15.717162476380354,12.426395156569809,10.637510769903075,756.3000751684948
2.9528005150050345,1.938053023744641,264.7991150727869,5.05382071183349
1.2510735251819336,1409.8945910223772,8.415834257688402,18.251023478633776
3115.709054576708,1.0911777527046886,29.330676645886168,35.64535160967175

Iteration: ,15000
Error:,0.024681683414995954
Absolute Error:,0.8609596626889344
Transition Probabilities
0.00023786869647954336,0.00023786869647954336,0.023359098905259418,0.9761651637017814
0.9769269259252696,0.021666604313830263,0.0007032348804500703,0.0007032348804500703
0.021262573143958408,0.0040444695751786055,0.9618452917066602,0.012847665574202709
0.026080149441838247,0.00511616667730508,0.9479501273500226,0.020853556530834004

0.020654807375027347,0.013875650236801962,0.011268580628963994,0.9542009617592068
0.009184456971789056,0.006028163607793864,0.966576733111,0.01821064630941699
0.0007258946178627144,0.9809729101818947,0.0052629298540692844,0.013038265346173228
0.9786613154333285,0.00028701803544479044,0.009393785995541677,0.011657880535685103

Transition Gammas
1.0,1.0,98.20165179771057,4103.798348202288
1389.1900886657334,30.809911334266634,1.0,1.0
22.543888357222304,4.288195504358151,1019.807561688089,13.621885573056906
34.37990617721326,6.7443375178886935,1249.6261385177866,27.49000033876924

20.284098546509906,13.62661252123257,11.066334137473193,937.0751317148341
2.9528005150050345,1.938053023744641,310.7541669680323,5.854718027008906
1.25193875861252,1691.8681819430453,9.076890372280452,22.486886292131008
3724.5913530713947,1.0923338606879196,35.750891079316666,44.36758698194412

Iteration: ,17500
Error:,0.02491328724009686
Absolute Error:,0.8602768701127087
Transition Probabilities
0.00020441537203597733,0.00020441537203597733,0.024196199811148147,0.97539496944478
0.9772716044755967,0.02152719432320204,0.0006006006006006009,0.0006006006006006009
0.018828615669929653,0.0034317923146526563,0.9644977524589173,0.013241839556500327
0.026191709182491908,0.004406207722390069,0.9502940204461551,0.01910806264896293

0.02232864943439754,0.013751046037638433,0.01010343662299263,0.9538168679049713
0.014693442745710984,0.00727786418943111,0.9621098157968702,0.015918877267987904
0.0006131597885234337,0.9800925194488141,0.00589608536167278,0.013398235400989656
0.9788232204225034,0.0002484194307309979,0.0092613106817723,0.011667049464993291

Transition Gammas
1.0,1.0,118.3678094761366,4771.632190523858
1627.1572214518678,35.842778548131385,1.0,1.0
23.52729351492001,4.288195504358151,1205.1880028982712,16.546338370526918
40.4476217867516,6.8044671016823495,1467.53054019519,29.508409921542782

25.210086260015252,15.525572103804198,11.407251008915033,1076.903714521088
5.829282936602484,2.8873239763189478,381.69477565082894,6.315445687855428
1.2529978695711028,2002.8284010751058,12.048706610027498,27.37942169019221
4306.523372685878,1.0929696622956897,40.746939876990325,51.33145614341695

Iteration: ,20000
Error:,0.02385549281430832
Absolute Error:,0.861041995380969
Transition Probabilities
0.00017962996227770793,0.00017962996227770793,0.024167741541086935,0.9754729985343576
0.9767372499837259,0.022202304629211498,0.0005302226935312835,0.0005302226935312835
0.01627536884143938,0.002966425502932242,0.9659228356537929,0.014835370001835515
0.025184375424703333,0.003894431287669182,0.9507286521675262,0.02019254112010126

0.022282684523399408,0.01187264751113164,0.009405297235276418,0.9564393707301925
0.012578449278072942,0.006230278849127066,0.9658932629752964,0.015298008897503568
0.0005376056966501578,0.980029558579467,0.005486649580794843,0.013946186143087846
0.9789166168358585,0.00021680916013815715,0.009080251905575671,0.011786322098427605

Transition Gammas
1.0,1.0,134.54181715923096,5430.458182840769
1842.1264534693057,41.873546530692856,1.0,1.0
23.52729351492001,4.288195504358151,1396.3155175524,21.445664785607107
44.141647041796475,6.825923153932932,1666.3795662502991,35.39226238369067

29.138524066346598,15.525572103804198,12.299078217144523,1250.712480031622
5.829282936602484,2.8873239763189478,447.62792232714685,7.0896197344186955
1.2538929589744192,2285.7870940479756,12.796871983660337,32.527602885026695
4938.426391802457,1.0937561585905036,45.807942048886915,59.45949135208026

Iteration: ,22500
Error:,0.024697010790741266
Absolute Error:,0.8610057662887813
Transition Probabilities
0.0001604363869725655,0.0001604363869725655,0.023858432498067864,0.9758206947279869
0.9747710706705018,0.024293037892904806,0.000467945718296678,0.000467945718296678
0.016450715809417128,0.0032774184823148775,0.9657334354950297,0.014538430213238382
0.024237459064731365,0.003491769572128325,0.952821811554266,0.019448959808874268

0.021805590303460604,0.012165552539437715,0.008989208221673551,0.9570396489354281
0.014647533120347262,0.005446060526788848,0.9649488178711255,0.014957588481738344
0.0004744882143811191,0.9801727848217958,0.005448657373987571,0.013904069589835614
0.9783340597479578,0.00019348701395483737,0.009103757243997463,0.012368695994089872

Transition Gammas
1.0,1.0,148.70960976045689,6082.290390239538
2083.0857780228607,51.91422197713752,1.0,1.0
26.43963571219242,5.267476002424613,1552.1294346934167,23.366205040458617
47.99032219902084,6.913725830898385,1886.5932114675136,38.509063395256845

32.37868747937208,18.064387077190087,13.347896555241535,1421.0891458109427
7.765645160253335,2.8873239763189478,511.5844460514474,7.9300264179582625
1.2546325114518417,2591.753821075835,14.407233895330751,36.764870486087226
5534.1609345834895,1.0945016820266198,51.49739722916498,69.9662385257914

Iteration: ,25000
Error:,0.02470332196633743
Absolute Error:,0.8613964273543409
Transition Probabilities
0.0001445504481063893,0.0001445504481063893,0.023109520630152126,0.9766013784736352
0.9735486653763823,0.025610998489163928,0.0004201680672268909,0.0004201680672268909
0.015290456942124423,0.0029387243036289876,0.9676411307860655,0.014129687968181062
0.02541584515073534,0.003610212654079466,0.9512442319217398,0.01972971027344559

0.02389933103920268,0.012395435955800286,0.009021531010052212,0.9546837019949449
0.013273893864327577,0.0049353313501560615,0.9666772207762632,0.015113554009253067
0.000427501642976871,0.9804719311870589,0.005075402983630147,0.014025164186333868
0.9775610512593133,0.0001744151284401297,0.009119162017057238,0.013145371595189413

Transition Gammas
1.0,1.0,159.87166371939222,6756.1283362806
2317.045823595789,60.95417640421012,1.0,1.0
27.40716946781532,5.267476002424613,1734.4350502972916,25.326565068465843
56.102228664954296,7.969082855480719,2099.750022042774,43.55081291570262

39.4201405085804,20.445334902522795,14.880333656010059,1574.6786222660712
7.765645160253335,2.8873239763189478,565.5365605432776,8.841904172640374
1.2551714887693475,2878.726745925512,14.901699733144888,41.178756856725435
6137.831732662982,1.0951036854600942,57.25666129136877,82.53610228298415

Iteration: ,27500
Error:,0.023671100351739926
Absolute Error:,0.8617202096557919
Transition Probabilities
0.00013137151865475578,0.00013137151865475578,0.022467062036025717,0.9772701949266648
0.9744085016213948,0.024827556438192667,0.0003819709702062645,0.0003819709702062645
0.016884021964329577,0.003199084183077062,0.9670271249188321,0.012889768933761283
0.023031912532792707,0.0032715851698181266,0.9527749761362205,0.020921526161168682

0.023775755834550105,0.011539612667718633,0.008573861692608481,0.9561107698051229
0.011913230752418645,0.0044294267993255105,0.9687597398840994,0.014897602564156497
0.0003875942523777528,0.9813926396072913,0.004668302807388423,0.01355146333294252
0.9776486385746883,0.0001587843307032263,0.008994697139588436,0.013197879955019982

Transition Gammas
1.0,1.0,171.0192762182276,7438.980723781765
2551.001457244811,64.99854275518838,1.0,1.0
33.193593162083204,6.2893248474005885,1901.1527602291476,25.3409849172463
56.102228664954296,7.969082855480719,2320.8146306276053,50.961649105020626

42.90383318276189,20.823464891493934,15.471707160501612,1725.321258235291
7.765645160253335,2.8873239763189478,631.4864994914914,9.711009352205496
1.255796219552395,3179.6889637936274,15.125190792382108,43.906421002152385
6745.455778011643,1.0955599371173919,62.060467736299536,91.06105413278533

Iteration: ,30000
Error:,0.02324111553402085
Absolute Error:,0.8619538502057384
Transition Probabilities
0.0001201345506967805,0.0001201345506967805,0.022004104406630035,0.9777556264919764
0.9740024065070003,0.02529534630198843,0.00035112359550561813,0.00035112359550561813
0.016972785106043498,0.0029545340175142517,0.9677102718499047,0.012362409026537787
0.02292720700361733,0.0033901419972501147,0.9529852611156346,0.02069738988349794

0.024376087938179497,0.011676285247261529,0.00798087255997413,0.9559667542545849
0.011112404989672055,0.0041316738917542475,0.9708436904219099,0.013912230696663789
0.00035779328240101384,0.9817154251803397,0.004424310362173101,0.013502471175086178
0.9778110445766389,0.00014484427375737624,0.008684254171575522,0.0133598569780283

Transition Gammas
1.0,1.0,183.16216508078824,8138.837834919204
2773.9588537319355,72.04114626806302,1.0,1.0
36.130015245801815,6.2893248474005885,2059.9675690824993,26.31589475816837
60.78264971885784,8.987654426617754,2526.472993613518,54.87114933732662

48.32001566855243,23.14556328845855,15.820253361601177,1894.9853094288835
7.765645160253335,2.8873239763189478,678.45147948571,9.722238082421022
1.2561627061580751,3446.6670164855127,15.53314148363907,47.40530794009563
7399.196299796368,1.096051451225217,65.71464056292574,101.09540576976767

Iteration: ,32500
Error:,0.022823478885167135
Absolute Error:,0.8622830991333146
Transition Probabilities
0.00011052166224580037,0.00011052166224580037,0.021032484043704468,0.9787464726318038
0.9738682807023692,0.02547897778327051,0.00032637075718015693,0.00032637075718015693
0.01616921561923482,0.003163505378703781,0.9683449958026144,0.012322283199446938
0.02231795057733017,0.003172210119272352,0.9542494002664685,0.02026043903692901

0.02455079245804619,0.011271134198641756,0.007721437858741575,0.9564566354845704
0.010364306222126467,0.005110613924821968,0.9708483039397372,0.013676775913314293
0.0003332181909986263,0.9824551767146558,0.0041699761435277935,0.013041628950817794
0.9779580770308954,0.00013273069934577675,0.008555615873818213,0.01335357639594055

Transition Gammas
1.0,1.0,190.3019156274377,8855.698084372545
2983.9324120720566,78.06758792794078,1.0,1.0
37.10180765981781,7.258964866040992,2221.959965694111,28.274654254212976
63.666502864514044,9.049375924805634,2722.1909092870533,57.7970318337026

52.89902831224333,24.285653838014394,16.637204709330348,2060.8551323299243
7.765645160253335,3.8292205421806136,727.4257698729913,10.247573393031935
1.2565007548268192,3704.646698386794,15.724166067434481,49.17743707738156
8079.11172186372,1.0965154581997045,70.67969283896447,110.31662616539514

Iteration: ,35000
Error:,0.022183792348931978
Absolute Error:,0.8625047435953014
Transition Probabilities
0.00010255358424776951,0.00010255358424776951,0.021375354112544747,0.9784195387189597
0.9730303363401375,0.02636433678334931,0.0003026634382566589,0.0003026634382566589
0.016521765900020743,0.0029257821787041353,0.9687567641186238,0.011795687802651418
0.021085057764231217,0.0029513220752337803,0.9550932694471284,0.020870350713406628

0.025304012897178166,0.011437663461405014,0.00755164875924605,0.9557066748821708
0.009633480267854546,0.004750245442988644,0.9718243858933686,0.01379188839578826
0.00030966517100259125,0.9834570820268687,0.0038969022669367295,0.01233635053519192
0.9780501422076138,0.00012327877659746913,0.008358746473625464,0.013467832542163357

Transition Gammas
1.0,1.0,208.4310779514237,9540.568922048571
3214.892231267811,87.10776873218605,1.0,1.0
40.99106183165131,7.258964866040992,2403.518404637793,29.26550170189328
64.65123400320716,9.049375924805634,2928.5173959857007,63.99289690305717

58.50662804263535,26.445573061175974,17.460531136352216,2209.7354744642303
7.765645160253335,3.8292205421806136,783.3973942015195,11.117779700955357
1.2568589767350047,3991.623784415653,15.81662083533906,50.07038040508565
8702.04246969124,1.096852915067654,74.37059069659672,119.82785513640603

Iteration: ,37500
Error:,0.021993120661669526
Absolute Error:,0.862546752006675
Transition Probabilities
9.543806069860667e-05,9.543806069860667e-05,0.020954793100206186,0.9788543307783966
0.9724867603175898,0.02694682790104508,0.0002832058906825265,0.0002832058906825265
0.016311977390478127,0.0027702001473736615,0.968312578233526,0.012605244228622229
0.020966022422735167,0.002778596720619572,0.9564442212106917,0.019811159645953542

0.023822922795401758,0.011822717082594438,0.007583834802438939,0.9567705253195649
0.010320814359315715,0.004525936195636868,0.9720050063325673,0.013148243112480204
0.00029121213174484935,0.9839913205827013,0.0037054505706978643,0.012012016714855966
0.9781508167235655,0.00011435800938351802,0.00811103166273866,0.013623793604312368

Transition Gammas
1.0,1.0,219.56432210396025,10256.435677896032
3433.8507506814058,95.14924931859007,1.0,1.0
42.919050416065005,7.2887766419492275,2547.763239788088,33.166126926515574
68.54928343449302,9.08473769184568,3127.1342120648847,64.77341149191109

59.325333496804184,29.441670100138126,18.885740121115674,2382.6098494283638
8.732044078487771,3.8292205421806136,822.3760513767735,11.124222800230903
1.2570796392203414,4247.609626915646,15.995372303523773,51.85244703833298
9384.965817915183,1.0972193558699952,77.82210432314426,130.71485000143608

Iteration: ,40000
Error:,0.022155012440342042
Absolute Error:,0.8620041693821943
Transition Probabilities
8.948545861297544e-05,8.948545861297544e-05,0.020732829488478315,0.9790881995942957
0.9739277393443355,0.02554119321009889,0.0002655337227827937,0.0002655337227827937
0.015201056933216123,0.002928537938818321,0.9690970035783179,0.012773401549647808
0.020859040086201076,0.002608095748673277,0.9565868585896081,0.01994600557551751

0.023210859450795897,0.01262115555710783,0.007524948428416624,0.9566430365636797
0.01278195808229304,0.004212918205627337,0.9707547339302702,0.012250389781809385
0.00027249053821030593,0.9837513677544942,0.003556153171252646,0.012419988536042743
0.9781748199786223,0.0001074404222988305,0.007997533310892842,0.013720206288186031

Transition Gammas
1.0,1.0,231.68936953374507,10941.310630466249
3667.8118663707637,96.18813362923231,1.0,1.0
42.919050416065005,8.268508432913952,2736.173105420735,36.06474651746393
72.92194759658865,9.117745626149567,3344.170033011381,69.73003394827131

61.29991429527692,33.33249057830725,19.873399979702203,2526.495680904922
11.617822627705097,3.8292205421806136,882.3418322291736,11.134667684638515
1.2574248960078047,4539.583170192608,16.410094680421686,57.31282596424851
9991.90687321353,1.0974875575432521,81.6935852628171,140.14981853226357

Iteration: ,42500
Error:,0.02156732511362258
Absolute Error:,0.8620106776520411
Transition Probabilities
8.414675193537539e-05,8.414675193537539e-05,0.02026258820358879,0.9795691182925406
0.9738834448684882,0.025615427594553597,0.0002505637684790782,0.0002505637684790782
0.015199129868278673,0.0027532288327599273,0.9697597775119244,0.012287863787036925
0.02068993639444658,0.002468552568032286,0.9564150059046302,0.02042650513289077

0.02296855350737651,0.013376527895384011,0.007493846775542728,0.9561610718216969
0.013107507882993082,0.0041223203306215445,0.9706492842242807,0.012120887562104611
0.00025789955521327896,0.9840185206674034,0.0034107160377892303,0.012312863739594266
0.9784408940443556,0.00010087639065466405,0.00783441405705089,0.013623815507938834

Transition Gammas
1.0,1.0,240.8005982114489,11641.199401788537
3886.7688284701326,102.2311715298633,1.0,1.0
45.82330090761272,8.300608940409136,2923.6932954808094,37.04623124513898
76.66688405439061,9.14726028671108,3544.0108160627783,75.69073537993542

64.60003976285533,37.62205720326407,21.07676478282938,2689.243936913082
12.481948469780388,3.925581460798373,924.3247805814106,11.542414874645447
1.2576472332777582,4798.56651551027,16.63235744968374,60.04368252213815
10648.480900346154,1.0978489612611713,85.26279815132905,148.26949702242294

Iteration: ,45000
Error:,0.021220885054564816
Absolute Error:,0.8620912009865402
Transition Probabilities
7.942811755361398e-05,7.942811755361398e-05,0.02016819196556888,0.9796729517993238
0.9738245083451272,0.025700770553519874,0.00023736055067647777,0.00023736055067647777
0.01452316080480985,0.0025762776532022758,0.9704985801400225,0.012401981401965318
0.02103157429723502,0.0023415655398086196,0.9555857947220316,0.021041065440924676

0.022633686400020822,0.012908770227174805,0.0072077581766920385,0.9572497851961124
0.013493954142521265,0.00405274215837044,0.9703990893906395,0.012054214308468866
0.0002449786225267241,0.9840569449378688,0.003293204231261448,0.012404872208343073
0.9783445171549842,9.506345241650532e-05,0.00787011880098915,0.013690300591610069

Transition Gammas
1.0,1.0,253.9175368465122,12334.082463153487
4102.722653658017,108.27734634197914,1.0,1.0
46.792735351937296,8.300608940409136,3126.887034458995,39.95842512393152
82.39762347905474,9.173799021124424,3743.7995559747897,82.43480793672175

67.55509359751885,38.52899459298227,21.51310085546933,2857.1173821277603
13.367517194764924,4.014768385587774,961.30655078615,11.941267573311304
1.2578211573923344,5052.553698993429,16.90866702968231,63.69172361845566
11301.344812453679,1.0981252881606507,90.91166222671542,158.14348101203112

Iteration: ,45555
Error:,0.02117423113577817
Absolute Error:,0.862074948942719
Transition Probabilities
7.844983133286266e-05,7.844983133286266e-05,0.020157099592425523,0.9796860007449087
0.9741054169573622,0.025424989241275998,0.0002347969006809112,0.0002347969006809112
0.014339776259356486,0.0025437468899101906,0.9708702598628599,0.012246216987873343
0.020997369785522912,0.0025640631611581048,0.9552030034114967,0.021235563641822382

0.022628351585838823,0.012730053029937414,0.007109543515915029,0.9575320518683088
0.013367199770726547,0.004014673051205515,0.9702762254163235,0.01234190176174444
0.00024234719358981734,0.9840436639866372,0.0032703697802826262,0.012443619039490424
0.978292689697473,9.38189354013126e-05,0.007913691683698793,0.013699799683427027


Model Num 3
Model States: 
"['diamond', 'x', 'square']","['diamond', 'x', 'diamond']","['square', 'y', 'diamond', 'x', 'diamond']","['square', 'x', 'square', 'y', 'diamond', 'x', 'diamond']","['square', 'x', 'square', 'y', 'diamond', 'x', 'square']"
Iteration: ,0
Error:,0.649150327985132
Absolute Error:,1
Transition Probabilities
0.2,0.2,0.2,0.2,0.2
0.2,0.2,0.2,0.2,0.2
0.2,0.2,0.2,0.2,0.2
0.2,0.2,0.2,0.2,0.2
0.2,0.2,0.2,0.2,0.2

0.2,0.2,0.2,0.2,0.2
0.2,0.2,0.2,0.2,0.2
0.2,0.2,0.2,0.2,0.2
0.2,0.2,0.2,0.2,0.2
0.2,0.2,0.2,0.2,0.2

Transition Gammas
1.0,1.0,1.0,1.0,1.0
1.0,1.0,1.0,1.0,1.0
1.0,1.0,1.0,1.0,1.0
1.0,1.0,1.0,1.0,1.0
1.0,1.0,1.0,1.0,1.0

1.0,1.0,1.0,1.0,1.0
1.0,1.0,1.0,1.0,1.0
1.0,1.0,1.0,1.0,1.0
1.0,1.0,1.0,1.0,1.0
1.0,1.0,1.0,1.0,1.0

Iteration: ,2500
Error:,0.3262556138893093
Absolute Error:,1
Transition Probabilities
0.0019723865877712033,0.0019723865877712033,0.43195266272189353,0.5509395237192694,0.013163040383294708
0.9755561113345905,0.016569872917377954,0.002624671916010499,0.002624671916010499,0.002624671916010499
0.2,0.2,0.2,0.2,0.2
0.006785330958821868,0.00827002902217093,0.6740825503132732,0.2985511870181267,0.012310902687607391
0.18758343535099137,0.08141184042096242,0.618542458962193,0.05623113263292664,0.05623113263292664

0.06300840373426689,0.016198690679589654,0.337314846049923,0.5566548110567309,0.02682324847948945
0.02710801737589414,0.02685244347235026,0.40584840072327527,0.5166704597388364,0.023520678689643817
0.3360514354188657,0.6432874075563408,0.005509641873278237,0.006618529624632094,0.008532985526883058
0.2,0.2,0.2,0.2,0.2
0.2,0.2,0.2,0.2,0.2

Transition Gammas
1.0,1.0,219.0,279.32633852566954,6.673661474330416
371.68687841847895,6.313121581520999,1.0,1.0,1.0
1.0,1.0,1.0,1.0,1.0
4.011296881062896,4.889008631156552,398.4986507010469,176.49506746114142,7.277859525726455
3.3359355675000266,1.4478072307811027,11.0,1.0,1.0

5.749830789938423,1.4782112370121743,30.781660425820228,50.797525128234184,2.4477550747672803
2.386820914959064,2.364318010012621,35.73435259822461,45.49207130665318,2.070961039017044
243.97334211409648,467.0266578859035,4.0,4.8050525074829,6.1949474925171
1.0,1.0,1.0,1.0,1.0
1.0,1.0,1.0,1.0,1.0

Iteration: ,5000
Error:,0.3180546868035633
Absolute Error:,1
Transition Probabilities
0.0010000000000000002,0.0010000000000000002,0.4370000000000001,0.5502843880478273,0.010715611952172582
0.9759521866708003,0.02011596536065446,0.0013106159895150723,0.0013106159895150723,0.0013106159895150723
0.2,0.2,0.2,0.2,0.2
0.00507587897411498,0.006426225269785134,0.6664992630485679,0.3126301721548883,0.009368460552643659
0.14815367233127436,0.04951519302928697,0.7372446853492536,0.033611095579282324,0.0314753537109027

0.042669680574917816,0.009946411059689885,0.3720121218271594,0.5450697853636765,0.03030200117455654
0.014923096760093763,0.016998134051005757,0.4243904079771292,0.5254268062657136,0.018261554946057742
0.33069307570382134,0.6481897580836445,0.006130790190735697,0.0075836183409152035,0.007402757680883166
0.2,0.2,0.2,0.2,0.2
0.2,0.2,0.2,0.2,0.2

Transition Gammas
1.0,1.0,437.0,550.2843880478272,10.71561195217258
744.6515184298205,15.348481570179352,1.0,1.0,1.0
1.0,1.0,1.0,1.0,1.0
6.01468261963027,7.614780737900615,789.7709054723015,370.4523438051207,11.101193930358118
5.023897603991875,1.6790623931670063,25.0,1.1397537427943547,1.0673306412508061

7.736697435121311,1.803443848121968,67.45176410966756,98.82989405044077,5.494238803935224
2.7242238817915365,3.1030236868445296,77.47282639794963,95.91710599841467,3.3336622352897134
485.4574351332096,951.5425648667899,9.0,11.132751724463516,10.867248275536484
1.0,1.0,1.0,1.0,1.0
1.0,1.0,1.0,1.0,1.0

Iteration: ,7500
Error:,0.31198571816621085
Absolute Error:,1
Transition Probabilities
0.0006675567423230978,0.0006675567423230978,0.43257676902536735,0.5535569899761225,0.012531127513864149
0.9804308974892549,0.016946724888367407,0.0008741258741258741,0.0008741258741258741,0.0008741258741258741
0.2,0.2,0.2,0.2,0.2
0.004496619096305252,0.005322218586194303,0.6684626420699241,0.31431797590502064,0.007400544342555731
0.10709641549614168,0.03579323821402681,0.8100610541145825,0.024296582061027257,0.022752710114221614

0.03667789905645204,0.011446466494601128,0.3804442539018483,0.5483738341757953,0.023057546371303403
0.016297606409575515,0.01674772319278101,0.44214766848718073,0.5069649760261694,0.017842025884293258
0.33115640622098474,0.6502915575799203,0.00588235294117647,0.006411947339913975,0.006257735918004575
0.2,0.2,0.2,0.2,0.2
0.2,0.2,0.2,0.2,0.2

Transition Gammas
1.0,1.0,648.0,829.228370984231,18.771629015768486
1121.6129467277076,19.387053272292313,1.0,1.0,1.0
1.0,1.0,1.0,1.0,1.0
7.981639896095414,9.447104878910835,1186.5421506079153,557.924263277016,13.136198266359935
5.023897603991875,1.6790623931670063,38.0,1.1397537427943547,1.0673306412508061

10.366556113443503,3.2352026770753626,107.52787939245074,154.9911055259185,6.516931297742771
4.487007869368902,4.610932665294237,121.73076328309523,139.57606901019076,4.9122127836680685
731.8556577483764,1437.144342251624,13.0,14.170403621209887,13.829596378790113
1.0,1.0,1.0,1.0,1.0
1.0,1.0,1.0,1.0,1.0

Iteration: ,10000
Error:,0.30909185570115894
Absolute Error:,1
Transition Probabilities
0.0005107252298263535,0.0005107252298263535,0.4254341164453525,0.5618902010441184,0.01165423205087644
0.9809173253832839,0.01713714932488729,0.0006485084306095984,0.0006485084306095984,0.0006485084306095984
0.2,0.2,0.2,0.2,0.2
0.0047897492192174205,0.00563404433229728,0.6638326209616136,0.3188142003169777,0.0069293851698940066
0.09149323517413833,0.030578419888179092,0.8377337974934511,0.020756744155619324,0.01943780328861213

0.03577531465812369,0.015505533058510953,0.3694787945828476,0.560950302369723,0.018290055330794655
0.015341972652047243,0.013189021391902115,0.45007400540721965,0.5077986653249089,0.01359633522392212
0.32476090273645447,0.6591817006116835,0.005124701059104882,0.005887957020644882,0.005044738572112202
0.2,0.2,0.2,0.2,0.2
0.2,0.2,0.2,0.2,0.2

Transition Gammas
1.0,1.0,833.0,1100.1810136443835,22.818986355616065
1512.5745157410227,26.425484258976184,1.0,1.0,1.0
1.0,1.0,1.0,1.0,1.0
