0,1,2,3,4,5,6,7,8,9,10,11,12,13,14,15,16,17,18,19,20,21,22,23,24,25,26,27,28,29
github Code Version (SHA):,32a229dd34421fba547a58d2c923a1ee52132eb5
Environment Observations,Environment Actions,alpha,epsilon,numActions,explore,patience,gainThresh,insertRandActions,useBudd,revisedSplitting,haveControl,confidence_factor
"['square', 'diamond']","['x', 'y']",0.99,0.99,75000,0.5,0,0.01,False,True,False,False,250

Model Num 0
Model States: 
['square'],['diamond']
Iteration: ,0
Error:,0.6721632226214348
Absolute Error:,1
Transition Probabilities
0.5,0.5
0.5,0.5

0.5,0.5
0.5,0.5

Transition Gammas
1.0,1.0
1.0,1.0

1.0,1.0
1.0,1.0

Iteration: ,2366
Error:,0.27075808955693587
Absolute Error:,1
Transition Probabilities
0.9747191011235955,0.025280898876404494
0.662,0.338

0.027522935779816515,0.9724770642201835
0.6383399209486166,0.3616600790513834


Model Num 1
Model States: 
['square'],"['diamond', 'x', 'square']","['diamond', 'x', 'diamond']"
Iteration: ,0
Error:,0.7069708148294329
Absolute Error:,1
Transition Probabilities
0.3333333333333333,0.3333333333333333,0.3333333333333333
0.3333333333333333,0.3333333333333333,0.3333333333333333
0.3333333333333333,0.3333333333333333,0.3333333333333333

0.3333333333333333,0.3333333333333333,0.3333333333333333
0.3333333333333333,0.3333333333333333,0.3333333333333333
0.3333333333333333,0.3333333333333333,0.3333333333333333

Transition Gammas
1.0,1.0,1.0
1.0,1.0,1.0
1.0,1.0,1.0

1.0,1.0,1.0
1.0,1.0,1.0
1.0,1.0,1.0

Iteration: ,2500
Error:,0.21970897609468223
Absolute Error:,1
Transition Probabilities
0.978386167146974,0.019667761757702656,0.001946071095323279
0.9963302752293578,0.001834862385321101,0.001834862385321101
0.003496503496503495,0.9568359517655967,0.03966754473789972

0.018055555555555554,0.4907322481183876,0.4912121963260568
0.913277470432025,0.03250996699320423,0.05421256257477078
0.21352868698891492,0.7632269829191278,0.023244330091957255

Transition Gammas
679.0,13.649426659845643,1.3505733401543556
543.0,1.0,1.0
1.0,273.65508220496076,11.344917795039324

13.0,353.3272186452391,353.6727813547609
98.31999372665797,3.4998999256093035,5.836319174430176
18.25761068186025,65.2591523533868,1.987489059967085

Iteration: ,5000
Error:,0.21383176624772235
Absolute Error:,1
Transition Probabilities
0.9810393258426966,0.01730035946816729,0.0016603146891360817
0.9981203007518797,0.0009398496240601503,0.0009398496240601503
0.0018214936247723129,0.9718756000822592,0.026302906292968643

0.02100840336134454,0.49058504820379273,0.48840654843486275
0.9353400373823173,0.038632585327149284,0.026027377290533383
0.21062043913577924,0.7688324901135158,0.02054707075070496

Transition Gammas
1397.0,24.635711882670222,2.3642881173297803
1062.0,1.0,1.0
1.0,533.5597044451604,14.440295554839789

30.0,700.555448835016,697.444551164984
255.1955574005186,10.540406432270768,7.1012367586873015
20.484646868536263,74.77556369009278,1.998379123308555

Iteration: ,7500
Error:,0.20710771907032627
Absolute Error:,1
Transition Probabilities
0.9790209790209791,0.01845202269762153,0.0025269982813994523
0.9987405541561712,0.0006297229219143577,0.0006297229219143577
0.0011848341232227487,0.975717480568725,0.02309768530805236

0.01928504233301976,0.4803762443723089,0.5003387132946713
0.9413004096989928,0.03670204921528812,0.021997541085719198
0.1988288168006808,0.7852350343672037,0.015936148832115648

Transition Gammas
2100.0,39.579588686398175,5.420411313601825
1586.0,1.0,1.0
1.0,823.505553600004,19.494446399996196

41.0,1021.2798955355286,1063.720104464471
348.35383321382403,13.58259212384333,8.140788721147272
35.87058358823934,141.66376579567478,2.8750307322407695

Iteration: ,10000
Error:,0.21370885674962223
Absolute Error:,1
Transition Probabilities
0.9795067731851337,0.018235821829797993,0.0022574049850682797
0.9990512333965844,0.0004743833017077799,0.0004743833017077799
0.0008936550491510277,0.9780784389455144,0.02102790600533457

0.020848056537102477,0.47685251930561307,0.5022994241572845
0.9465536765347664,0.03347415702700328,0.019972166438230226
0.1902739417727581,0.7977934201374312,0.011932638089810883

Transition Gammas
2820.0,52.50093104798842,6.499068952011577
2106.0,1.0,1.0
1.0,1094.4697731800306,23.530226819969382

59.0,1349.4926296348847,1421.5073703651149
437.72835962721916,15.479933371529105,9.236014681400071
52.07466047310527,218.34214971459747,3.2657550018985866

Iteration: ,12500
Error:,0.20932542857142525
Absolute Error:,1
Transition Probabilities
0.9793411501954216,0.018835649728039968,0.0018232000765384833
0.9992424242424243,0.0003787878787878788,0.0003787878787878788
0.0007288629737609333,0.9769944744675906,0.02227666255864849

0.020258863252673048,0.48277706327936615,0.4969640734679608
0.9489874103357123,0.032691614601605724,0.01832097506268201
0.18675724835203558,0.803514494465983,0.009728257181981394

Transition Gammas
3508.0,67.46929732583916,6.530702674160847
2638.0,1.0,1.0
1.0,1340.4364189695336,30.563581030465716

72.0,1715.7896828948672,1766.2103171051324
527.2593357444632,18.163527578473257,10.179171015897165
70.18523644307574,301.9687603944011,3.6559760679777216

Iteration: ,15000
Error:,0.20856692328226722
Absolute Error:,1
Transition Probabilities
0.9799446749654218,0.017855059986918217,0.0022002650476599305
0.9993648777389648,0.00031756113051762465,0.00031756113051762465
0.0006071645415907715,0.9753505651125387,0.024042270345870528

0.0223687308688486,0.47888228877918926,0.4987489803519621
0.9543530917352867,0.02987094655620041,0.01577596170851289
0.17717359684326417,0.8143790626010109,0.00844734055572494

Transition Gammas
4251.0,77.45525022325123,9.544749776748779
3147.0,1.0,1.0
1.0,1606.4023807403503,39.59761925964874

95.0,2033.8130804452169,2118.186919554783
615.7801032872443,19.273720298028703,10.179171015897165
84.35383151744384,387.73268400003826,4.021849500738306

Iteration: ,17500
Error:,0.21005233220739228
Absolute Error:,1
Transition Probabilities
0.9796934103125622,0.017794746481060768,0.002511843206377018
0.999457111834962,0.0002714440825190011,0.0002714440825190011
0.000518403317781234,0.9768601891286769,0.02262140755354193

0.02214170692431562,0.4775650056556243,0.5002932874200601
0.9563435638802433,0.028610821767942603,0.015045614351814087
0.17369580172135324,0.8180088412250642,0.00829535705358253

Transition Gammas
4921.0,89.38301157436824,12.616988425631762
3682.0,1.0,1.0
1.0,1884.363304829217,43.63669517078237

110.0,2372.5429480971416,2485.4570519028584
706.3422089178061,21.131559629602815,11.112483920178923
99.56441065931048,468.8919788708206,4.754993085978338

Iteration: ,20000
Error:,0.20738669868146112
Absolute Error:,1
Transition Probabilities
0.9798101811906816,0.01800662501292601,0.00218319379639237
0.9995231282784931,0.0002384358607534573,0.0002384358607534573
0.0004551661356395089,0.9783024886011491,0.021242345263211407

0.022281167108753316,0.4758148349849421,0.5019039979063046
0.9586065861972197,0.0268719156220618,0.014521498180718387
0.170106420719755,0.8227626797948084,0.007130899485436536

Transition Gammas
5678.0,104.34839194990623,12.651608050093783
4192.0,1.0,1.0
1.0,2149.3305674567223,46.66943254327541

126.0,2690.7328918398475,2838.2671081601525
794.9479044413201,22.284191783851483,12.042306733886287
113.5726032397308,549.3225887501234,4.76098911831275

Iteration: ,22269
Error:,0.21020380199214728
Absolute Error:,1
Transition Probabilities
0.9797096925238021,0.01799409520460881,0.002296212271589099
0.9995745586045522,0.00021272069772388852,0.00021272069772388852
0.0004078303425774879,0.9789149500355402,0.020677219621882247

0.021536025336500397,0.4776651642363772,0.5007988104271224
0.9595054630162267,0.02628230015005963,0.01421223683371368
0.16615467727910993,0.8274977765279656,0.00634754619292449


Model Num 2
Model States: 
"['diamond', 'x', 'square']","['diamond', 'x', 'diamond']","['square', 'y', 'diamond', 'x', 'diamond']","['square', 'y', 'diamond', 'x', 'square']"
Iteration: ,0
Error:,0.6715679084145937
Absolute Error:,0.74
Transition Probabilities
0.25,0.25,0.25,0.25
0.25,0.25,0.25,0.25
0.25,0.25,0.25,0.25
0.25,0.25,0.25,0.25

0.25,0.25,0.25,0.25
0.25,0.25,0.25,0.25
0.25,0.25,0.25,0.25
0.25,0.25,0.25,0.25

Transition Gammas
1.0,1.0,1.0,1.0
1.0,1.0,1.0,1.0
1.0,1.0,1.0,1.0
1.0,1.0,1.0,1.0

1.0,1.0,1.0,1.0
1.0,1.0,1.0,1.0
1.0,1.0,1.0,1.0
1.0,1.0,1.0,1.0

Iteration: ,2500
Error:,0.047000287670280076
Absolute Error:,0.6267018330127047
Transition Probabilities
0.0012771392081736914,0.0012771392081736914,0.024018907377563133,0.9734268142060896
0.9501704613251062,0.04021415405950917,0.004807692307692308,0.004807692307692308
0.019453187448068128,0.006789047270732215,0.957431776985103,0.016325988296096612
0.02460773673312269,0.005582913721525599,0.9239994729987605,0.04580987654659113

0.024603992566043613,0.02270515661970116,0.05308638455379895,0.8996044662604562
0.9341986471026373,0.022068676309091366,0.021866338294135628,0.021866338294135628
0.00424037610384943,0.9639104883167687,0.00694707023708799,0.024902065342293972
0.9803083377076862,0.0017224439678138156,0.004431889947868247,0.013537328376631854

Transition Gammas
1.0,1.0,18.806804476631925,762.1931955233678
197.6354559556221,8.364544044377908,1.0,1.0
2.865378111584434,1.0,141.02594057823399,2.4047539581110935
5.522084701800221,1.2528304730930389,207.34955878530457,10.279938428014326

3.5351383759760777,3.2623107929901236,7.627530969789096,129.2565124680577
42.72314068026569,1.0092534018377464,1.0,1.0
1.0412738671397244,236.69947598161963,1.70593421760325,6.114992926027791
673.1888888558323,1.1828218696174841,3.0434292505491207,9.296237415720872

Iteration: ,5000
Error:,0.03432329429296158
Absolute Error:,0.6242356491203995
Transition Probabilities
0.0006451612903225805,0.0006451612903225805,0.02255647380284111,0.9761532036165137
0.9675470857736573,0.027230982111460102,0.0026109660574412537,0.0026109660574412537
0.013014360966819216,0.0034365703768137806,0.9594153415776139,0.024133727078752987
0.02298401138752193,0.0029537732102326492,0.9401629049088208,0.03389931049342454

0.026700369950941348,0.014003261054351184,0.030774652357382325,0.9285217166373252
0.9682946259292818,0.009841855085175726,0.010182526107010172,0.011680992878532307
0.002200296993532831,0.9793217413115,0.0037294528646675024,0.014748508830299623
0.9809359985699448,0.0008500901390050463,0.0034208319718161072,0.014793079319233996

Transition Gammas
1.0,1.0,34.962534394403725,1513.0374656055965
370.5705338513107,10.429466148689217,1.0,1.0
3.7870200635569384,1.0,279.17814459750326,7.02261977277724
10.224865379505323,1.3140410055929057,418.2489720970247,15.080739406590123

8.426840322694016,4.419535950956251,9.712714912885946,293.0485329092086
99.66528260802099,1.0130091009333613,1.048073917734248,1.2023091166739863
1.0483350183401772,466.5994084690852,1.776903776522701,7.0269505982814575
1369.9856099832798,1.1872448960211728,4.777570180308383,20.660171330481308

Iteration: ,7500
Error:,0.029607391479454303
Absolute Error:,0.6238082659516916
Transition Probabilities
0.0004312203536006897,0.0004312203536006897,0.022046590812692644,0.9770909684801059
0.9714238621054516,0.02510391567232616,0.0017361111111111104,0.0017361111111111104
0.01322963278418689,0.0024319406665862975,0.9656719026689347,0.01866652388029206
0.016957231182408446,0.003546820182428902,0.9475178298694702,0.031978118765692426

0.022561539800141306,0.012558209379541729,0.023867224442016038,0.9410130263783009
0.9753393217631876,0.0071842369406859815,0.007427185119813282,0.010049256176312898
0.0014936767012819461,0.9832408711192442,0.0026086264309583425,0.01265682574851556
0.9795121690702459,0.0005594566695404636,0.002479927257950155,0.017448447002263525

Transition Gammas
1.0,1.0,51.126044094634274,2265.873955905367
559.5401445727404,14.459855427259875,1.0,1.0
5.661777278871076,1.0407776719319686,413.27067247930495,7.988558904466788
11.159069667478128,2.3340610909876234,623.5344297045408,21.043886900088157

11.099676856695892,6.178304639064022,11.742038935257101,462.9533535062695
137.63326046009567,1.0137907208303376,1.048073917734248,1.418082775791662
1.0505743727837542,691.5604029874128,1.8347719249949506,8.902151824935025
2082.8497363644924,1.189637263787934,5.27335545032332,37.102645976446354

Iteration: ,10000
Error:,0.028611346869375973
Absolute Error:,0.622552290174613
Transition Probabilities
0.00032509752925877797,0.00032509752925877797,0.02056894183566421,0.9787808631058182
0.9737890708959452,0.02365338434702151,0.0012787723785166241,0.0012787723785166241
0.016393249921346564,0.0018592108250371085,0.9646937841330888,0.01705375512052754
0.01656277285928851,0.0038285102824973144,0.9528736639886335,0.026735052869580618

0.019388428285812068,0.013205956284052344,0.017965948747522595,0.9494396666826129
0.9760623215668233,0.010609689441482112,0.005664164679687439,0.007663824312007096
0.0011119352607377212,0.9855009093173491,0.002015479631340642,0.011371675790572461
0.9792375826402259,0.0004242234886737025,0.0019547963489867327,0.018383397522113726

Transition Gammas
1.0,1.0,63.27006508650304,3010.7299349134937
761.5030534406291,18.496946559370816,1.0,1.0
9.521005276880135,1.0798076135568944,560.2827171776655,9.904618868875705
14.845889286061807,3.4316500182292504,854.0995544261178,23.96371901799134

12.69960943425449,8.650030035494396,11.767871477046562,621.8922323415619
180.60658882075023,1.9631736377218916,1.048073917734248,1.418082775791662
1.0521629098670404,932.5250678137618,1.907137032674172,10.760388587672928
2748.768269579471,1.1908162896817702,5.487209920086049,51.60310499889948

Iteration: ,12500
Error:,0.028179830718641722
Absolute Error:,0.6229130684505468
Transition Probabilities
0.0002617801047120422,0.0002617801047120422,0.023149178365597354,0.9763272614249786
0.974557313320402,0.02344866873343652,0.0009970089730807574,0.0009970089730807574
0.01773664218826299,0.0014721257481810164,0.9650901595161975,0.015701072547358422
0.017133448173053033,0.0031267306126024448,0.9559322765507265,0.023807544663618153

0.018010495377627975,0.015263385566084654,0.016951229888243994,0.9497748891680434
0.9804835580805937,0.008653190473224107,0.004616693875300477,0.006246557570881657
0.0008745900867523523,0.9853909511601983,0.002418366621056469,0.011316092131993114
0.9788813935864591,0.0003449712966986783,0.0016278705515792222,0.019145764565263037

Transition Gammas
1.0,1.0,88.42986135658178,3729.570138643414
977.4809852603634,23.519014739636834,1.0,1.0
13.386475037728863,1.1110656893932094,728.3878871994407,11.85015819171618
19.444547805485044,3.54848961268887,1084.8762410494157,27.018901021396324

14.636454233696417,12.403981101306224,13.7756288909376,771.8464376548977
222.58769408328172,1.9644324456280728,1.048073917734248,1.418082775791662
1.0530889789580336,1186.5036733781474,2.9119415761634198,13.625642560535933
3381.7044579996605,1.1917592668235812,5.6237427101893305,66.14214735959567

Iteration: ,15000
Error:,0.024951822151703915
Absolute Error:,0.6223498238268633
Transition Probabilities
0.0002183882943874211,0.0002183882943874211,0.021309459488343067,0.9782537639228821
0.977620373724771,0.020693285634419648,0.0008431703204047216,0.0008431703204047216
0.01799751186393667,0.0012304264059436112,0.9645006540570168,0.01627140767310303
0.016296322556371704,0.002616541093272231,0.9570476635415751,0.024039472808781003

0.016206498433794316,0.013714289818568325,0.016105530443802158,0.9539736813038352
0.979978873073514,0.007067285015616795,0.004031302746303659,0.00892253916456574
0.0007314595507966086,0.9864583222992556,0.0020207909951471697,0.010789427154800768
0.9784708424731683,0.00028679022662879736,0.0018480458578027266,0.01939432144240019

Transition Gammas
1.0,1.0,97.57601499712278,4479.423985002872
1159.4577632375785,24.542236762421705,1.0,1.0
16.328100027326204,1.1162946069655362,875.0355757465127,14.762105677740937
22.276820441331953,3.576771134135521,1308.2693276819095,32.86158686495267

15.880770101099941,13.438651451962574,15.781831428863866,934.8001221346653
272.5677918741718,1.9656691834698232,1.1212520168828632,2.4816828860493843
1.054026607581623,1421.47753466529,2.9119415761634198,15.547467101001622
4068.6312509102536,1.192517577292607,7.6844570157721455,80.6445515650734

Iteration: ,17500
Error:,0.025005751879963085
Absolute Error:,0.6226460450413523
Transition Probabilities
0.00018818216033120104,0.00018818216033120104,0.021023864582920705,0.9785997710964169
0.978775612132536,0.019788637687995145,0.0007178750897343862,0.0007178750897343862
0.01783681117569783,0.0019399866956492935,0.9656117166995534,0.014611485429099437
0.014344277048219913,0.0028522336714041107,0.9593977434909864,0.02340574578938957

0.015320782746706972,0.013536901207366284,0.01633955440836307,0.9548027616375637
0.9800756226345984,0.008908466596511249,0.0034282085300424195,0.0075877022388478686
0.0006227291699936956,0.9856291360812757,0.0017661845671740975,0.011981950181556428
0.9787731477510201,0.00024766784735756305,0.0016164243149212746,0.019362760086701233

Transition Gammas
1.0,1.0,111.72081639364035,5200.279183606347
1363.4344277006228,27.565572299377237,1.0,1.0
19.237755165027096,2.0923576925655794,1041.453071816844,15.75910494950781
23.07856829243111,4.588970873205496,1543.57910603161,37.657603852732535

17.614387358240034,15.563449037747619,18.785674685701515,1097.7419347465304
320.5498612312168,2.9136606046973044,1.1212520168828632,2.4816828860493843
1.054774620457426,1669.4522242027513,2.99155193985482,20.29494933603145
4715.549737126636,1.1932183215132128,7.787636257519279,93.2862312852462

Iteration: ,20000
Error:,0.025687632731617442
Absolute Error:,0.6227313993593153
Transition Probabilities
0.00016512549537648627,0.00016512549537648627,0.02127734806933796,0.9783924009399091
0.9783029148050071,0.020442380050701828,0.000627352572145546,0.000627352572145546
0.018105155876510785,0.003292710124036245,0.9649440218343324,0.013658112165120783
0.014541695988987677,0.002551868384126459,0.9587225112263265,0.024183924400559335

0.01432645839112482,0.013878288698976806,0.01858035395646271,0.9532148989534356
0.9750664835359653,0.015426612993863487,0.002958597637044447,0.006548305833126898
0.0005452382947585115,0.9864252610269656,0.0015551337667616526,0.011474366911514353
0.9785684510316767,0.00021680898978889527,0.0014307456747747627,0.0197839943037597

Transition Gammas
1.0,1.0,128.85561990791058,5925.144380092084
1559.4148461991808,32.5851538008187,1.0,1.0
22.184943482599326,4.034684291290652,1182.3830037298933,16.735809872552267
26.74646556142223,4.693638204581391,1763.3733127754847,44.481365970615954

19.112891399152513,18.514989362196673,24.788002563681996,1271.6815521578978
369.53158062809524,5.846391789293842,1.1212520168828632,2.4816828860493843
1.0554204169384114,1909.4281716451449,3.0102799900317594,22.210987794278992
5388.484483162371,1.1938581057420108,7.878397121578493,108.94051019976222

Iteration: ,22500
Error:,0.025284272461871152
Absolute Error:,0.6225327913808196
Transition Probabilities
0.00014701558365186733,0.00014701558365186733,0.02190486761863939,0.977801101214057
0.9802385688173632,0.01865155326920723,0.0005549389567147616,0.0005549389567147616
0.017396198508662874,0.0029071997891120154,0.9676277178591668,0.012068883843058268
0.015003623324471855,0.002276015035937806,0.9566824327090305,0.026037928930559725

0.013777338377677542,0.012609612458489844,0.016584389810537392,0.9570286593532952
0.9771632309011589,0.013854316064116296,0.0026748111844022778,0.006307641850322644
0.0004820344139577505,0.9862298504994401,0.0014027873449305654,0.011885327741671644
0.978492211454447,0.00019355857157376795,0.0016045872995355294,0.019709642674443775

Transition Gammas
1.0,1.0,148.9969095419849,6651.003090458004
1766.3899010088878,33.610098991111414,1.0,1.0
24.142877663221924,4.034684291290652,1342.8978523200417,16.74949765659967
31.270262723648948,4.7436266958705335,1993.8990980343115,54.26774991813276

20.609724120122667,18.862905657612636,24.808833849181145,1431.6333172363568
412.51554208006087,5.848685788214559,1.1291881957919532,2.6628102806663208
1.0559297030709982,2160.404657931549,3.0729026428683874,26.035631958561424
6037.438636152262,1.194284415039836,9.900535991896373,121.611349374529

Iteration: ,25000
Error:,0.025983590438710645
Absolute Error:,0.6225143290589328
Transition Probabilities
0.00013285505513484802,0.00013285505513484802,0.02194077261628694,0.9777935172734434
0.9807446085630206,0.018258382463898586,0.0004985044865403791,0.0004985044865403791
0.017219894796289683,0.003193255838100173,0.966523241782009,0.013063607583601124
0.01498176703306261,0.0020401607414976225,0.9580116283399749,0.024966443885464713

0.014143518758746986,0.011517428255638121,0.016118516492102563,0.9582205364935122
0.9747735527343278,0.01641150754631273,0.0024019536577427,0.00641298606161688
0.00043131373265535924,0.9860955652476397,0.0012743178398361952,0.012198803179868599
0.9792134408407698,0.00017549791085804943,0.0014615345472152373,0.019149526701156928

Transition Gammas
1.0,1.0,165.1481954827916,7359.8518045172
1967.3736847774182,36.626315222580544,1.0,1.0
27.098358387940912,5.025117293043386,1520.9845069278053,20.5577516197208
34.969012551767996,4.761948735393642,2236.0994255369874,58.27429352473087

23.52159812825416,19.154237606718436,26.806148725641588,1593.583517800437
464.4958679225555,7.820357271961965,1.144571009167534,3.0558948981639533
1.0564751693064702,2415.377485974455,3.1213593578457832,29.880181591820342
6666.367246766841,1.1947686541307911,9.949951286624747,130.36767293764925

Iteration: ,27500
Error:,0.02549200818731953
Absolute Error:,0.6225676469181232
Transition Probabilities
0.00012074378169524288,0.00012074378169524288,0.022252032135211697,0.9775064803013978
0.9797883598891888,0.01930625305784616,0.0004526935264825715,0.0004526935264825715
0.01752866801126611,0.0029523619542531124,0.9675029715620845,0.012015998472396252
0.015118564431409813,0.0018712492983932211,0.9583439794505187,0.02466620681967826

0.01505954604063815,0.01048542999961763,0.015676176451281647,0.9587788475084627
0.9728883602029996,0.017013529033139227,0.0022660349334559914,0.007832075830405273
0.0003925571463967333,0.9859007739530091,0.0011704478749944586,0.012536221025599637
0.9797046986437308,0.00015930579715106135,0.0013333254951363818,0.01880267006398179

Transition Gammas
1.0,1.0,184.291330143823,8095.708669856163
2164.352486995217,42.647513004782155,1.0,1.0
30.00259225713283,5.053350993469462,1656.007013464163,20.5669422512838
38.741480112644666,4.79509597676405,2455.7665107290118,63.20741399055141

27.68417435344075,19.275512787496478,28.817734671515584,1762.5365803981763
503.4805165660661,8.804689969185521,1.1726982103220112,4.053186106630212
1.0568867494119334,2654.353573206472,3.151212151692196,33.751432145028936
7350.30168739711,1.1952026679392316,10.00336596355799,141.06832159750084

Iteration: ,30000
Error:,0.024223563022617113
Absolute Error:,0.6230191040665123
Transition Probabilities
0.00011081560283687973,0.00011081560283687973,0.022655300895530094,0.9771230678987961
0.9789844837561587,0.020185984929034256,0.0004147656574035674,0.0004147656574035674
0.016033663044728412,0.0027005575512152723,0.9692527736536926,0.012013005750363761
0.01485107741925428,0.0023754821423010455,0.9583695130815026,0.02440392735694196

0.015507634759389634,0.010478754430127015,0.015310045763476244,0.9587035650470072
0.9724832391770626,0.01737692136977355,0.002098712176523245,0.008041127276640603
0.00035972774841600463,0.9844247565494624,0.0014178612588834332,0.013797654443238131
0.9799541353077179,0.00014610678909337356,0.00122809398840677,0.018671663914782033

Transition Gammas
1.0,1.0,204.44143528126304,8817.558564718713
2360.3315903360963,48.66840966390154,1.0,1.0
30.00259225713283,5.053350993469462,1813.690089463856,22.47903752906022
41.476527014020725,6.634316586265596,2676.562640984118,68.15600805878958

31.22682580238537,21.10046079189637,30.828952287075772,1930.485834000067
548.4617914028023,9.800248518006983,1.183633191404789,4.5350407013454515
1.057278421345294,2893.3299060771988,4.167246257982116,40.55278574491436
8019.227503283061,1.1956310395547662,10.049822469860437,152.79523337126398

Iteration: ,32500
Error:,0.02452810292225913
Absolute Error:,0.6227819907500804
Transition Probabilities
0.00010250102501025035,0.00010250102501025035,0.021688645387770128,0.9781063525622093
0.9782130368613722,0.02101832363055715,0.0003843197540353578,0.0003843197540353578
0.015502905896982012,0.0024658527635932023,0.9701908135613255,0.011840427778099195
0.014945708056362542,0.0025359418397856667,0.9580129999944847,0.024505350109367035

0.015113380905177373,0.009667448534098858,0.014535312354661248,0.9606838582060626
0.9711760529147461,0.019401801849424763,0.0019501660777513955,0.007471979158077886
0.00033382708557376306,0.9843143076033104,0.001324272235144205,0.01402759307597154
0.9795279526877884,0.00013473313556613026,0.0011391736455911236,0.019198140531054425

Transition Gammas
1.0,1.0,211.59442440308484,9542.405575596891
2545.3103219132877,54.68967808670965,1.0,1.0
31.94040883670603,5.0803601546482176,1998.8698532187916,24.3946590753416
45.183042471111705,7.666519874414808,2896.212203757096,74.08322647448175

33.1067901341651,21.17714042670697,31.84049543113527,2104.437060010357
589.4452908609796,11.775723567357357,1.183633191404789,4.5350407013454515
1.0575658384721354,3118.31253671775,4.195300912502475,44.43948341590686
8695.165209005949,1.1960116805858083,10.11232300515838,170.419846789649

Iteration: ,35000
Error:,0.02586633504294055
Absolute Error:,0.6229187524831177
Transition Probabilities
9.509319132750127e-05,9.509319132750127e-05,0.021751101720965643,0.9780587118963794
0.9775050604942236,0.0217775793909988,0.0003586800573888096,0.0003586800573888096
0.015287840754174145,0.0027424843511039605,0.970098124798984,0.011871550095737893
0.015061349048551581,0.002370388715106759,0.9555510069647072,0.027017255271634392

0.015800444660932663,0.010144771236344647,0.01395910457645919,0.9600956795262634
0.9676940376373323,0.02235656813309409,0.0018080602285272004,0.008141334001046285
0.00031117404679439507,0.9842489140430483,0.0012386307465175874,0.014201281163639654
0.9792841123872392,0.00012492113650739938,0.0010609458113180143,0.019530020664935456

Transition Gammas
1.0,1.0,228.73458569767396,10285.265414302292
2725.2841086578924,60.71589134210459,1.0,1.0
33.87539464563645,6.076903939345585,2149.5813143909677,26.30544437341562
49.022768698191925,7.715312707440242,3110.19655960102,87.93771738320545

37.183215009500245,23.87370850618393,32.84998605703435,2259.394899802145
638.4221618339035,14.749422858453144,1.192841616179144,5.371127495887049
1.0579410248132337,3346.2858343132575,4.211142589927587,48.28204055799304
9378.108443493345,1.1963065163948765,10.1601412147448,187.02912605510107

Iteration: ,37500
Error:,0.02651628736629974
Absolute Error:,0.6229869257823942
Transition Probabilities
8.897588753447848e-05,8.897588753447848e-05,0.02143281858853628,0.9783892296363949
0.9760770215787002,0.023256089458312153,0.0003334444814938316,0.0003334444814938316
0.015125317971023521,0.002579134285008215,0.9703858533773034,0.011909694366664884
0.015592462114409214,0.0022176908651862573,0.9545848547950142,0.027604992225390364

0.015663088006895073,0.01037963371942156,0.014575270648232379,0.959382007625451
0.964449248768923,0.024798021717129165,0.0016811018800118635,0.009071627633935932
0.00028927613416151115,0.9840383719837269,0.0014211721075996096,0.014251179774512079
0.9789737604115798,0.00011697955541833229,0.001093675511065315,0.0198155845219366

Transition Gammas
1.0,1.0,240.88344811655836,10996.1165518834
2927.2549877145193,69.74501228547808,1.0,1.0
35.80531075575925,6.105438889447891,2297.1396105344693,28.193146657907597
54.71527893080536,7.7820663202914995,3349.7196408105883,96.86827124621657

39.59670185320698,26.239989301758545,36.846670722516265,2425.3431572722575
689.3947912724243,17.72579223579791,1.2016628984446804,6.484460273240181
1.058359624576687,3600.2502762992226,5.199568856994589,52.14005406856785
10014.052243113716,1.1965993642596708,11.187351640781127,202.69623830069045

Iteration: ,40000
Error:,0.027306449483584173
Absolute Error:,0.622765723347311
Transition Probabilities
8.33680700291792e-05,8.33680700291792e-05,0.02134409925270149,0.9784891646072402
0.9766632921376092,0.022712488137047526,0.00031210986267166064,0.00031210986267166064
0.014909625650411804,0.0028123736172560717,0.9700181763315139,0.012259824400818284
0.015605124105634189,0.002333037746835929,0.9548872983277773,0.027174539819752583

0.015319686063585093,0.010619084842270345,0.014482321978682143,0.9595789071154625
0.9626398276345642,0.02573137473787783,0.0026210399693877987,0.009007757658170103
0.0002708697850706379,0.9843163549009928,0.0015840449936780179,0.013828730320258633
0.979088031071797,0.00010985308559652942,0.0011195284452107284,0.01968258739739561

Transition Gammas
1.0,1.0,256.0224705361532,11736.977529463793
3129.2291880088974,72.77081199110022,1.0,1.0
37.7279888832009,7.116556985071853,2454.5777225551847,31.022812346149824
58.51305404078668,8.747970399704684,3580.450351544535,101.89379502804489

41.09866441123557,28.488195024067902,38.85223812204084,2574.296321474977
737.3688430906684,19.70987847887395,2.007680499435517,6.89981824205952
1.0586998737955904,3847.219801340548,6.191270962378161,54.049864000125
10667.008946755392,1.1968319596391188,12.197085003824624,214.43867068161293

Iteration: ,42500
Error:,0.02766965016329759
Absolute Error:,0.6227209042245836
Transition Probabilities
7.839448102853593e-05,7.839448102853593e-05,0.02172772407635313,0.9781154869615899
0.9765234474421252,0.02288814420247625,0.0002942041776993234,0.0002942041776993234
0.01482430941466312,0.003024565892706122,0.9698411555841627,0.012309969108467983
0.016160084953576525,0.0022147309614277302,0.9530141501525535,0.028611033932442295

0.01479178661156991,0.01051544291078566,0.01430896398862253,0.9603838064890219
0.9617754042313328,0.0268896050851234,0.0024872024359380426,0.008847788247605702
0.0002557641485072993,0.9840297878328341,0.0015007790705148974,0.014213668948143821
0.9788503178319578,0.00010312383158204144,0.0010545935601808448,0.019991964776279226

Transition Gammas
1.0,1.0,277.1588483179593,12476.841151681987
3319.2031978557825,77.79680214421676,1.0,1.0
39.66724729190327,8.093206898255797,2595.1245266352576,32.9393144140864
64.26288046806332,8.807193245085635,3789.796563047906,113.77585321798203

42.23588397150598,30.025380865185497,40.857251300745766,2742.242034999077
776.3492412243919,21.7054048302923,2.007680499435517,7.141972712467709
1.0589451115488435,4074.197026931187,6.213703795124406,58.849120713964865
11362.94348536738,1.1971087396249336,12.242205785772171,232.07589738282613

Iteration: ,45000
Error:,0.027946894933284352
Absolute Error:,0.6226516738789452
Transition Probabilities
7.418397626112789e-05,7.418397626112789e-05,0.021535976602373552,0.9783156554451041
0.9755624603521967,0.02388105662053553,0.0002782415136338344,0.0002782415136338344
0.01496612426839034,0.0028439320031996723,0.9699515592524351,0.01223838447597488
0.016593607820634747,0.0020914951781750226,0.9536193460308516,0.02769555097033873

0.01482286531227506,0.009936300403680886,0.014445644513335298,0.9607951897707088
0.9636908088779047,0.025148348888606977,0.0023366164600058968,0.00882422577348233
0.00024128095071705697,0.9840441339337191,0.0014222503947511022,0.014292334720812637
0.9788760527619441,9.756739788287335e-05,0.001000571032026242,0.02002580880814661

Transition Gammas
1.0,1.0,290.3049645999943,13187.695035399951
3506.1714825057925,85.82851749420463,1.0,1.0
42.59030807797625,8.093206898255797,2760.2694584412766,34.827758734396305
70.00754992846521,8.823907054688435,4023.2693638200876,116.84605833224845

45.005509043107075,30.168813400912754,43.86018297285853,2917.187445938051
832.3150967117608,21.71998554363501,2.018075856874233,7.621258042934056
1.0592748807263408,4320.163815271335,6.2439828456646636,62.74640045845726
12012.885186797086,1.1973588948615794,12.279128593504813,245.75914520152168

Iteration: ,47500
Error:,0.0267796024448027
Absolute Error:,0.6226773683677114
Transition Probabilities
7.03482237073517e-05,7.03482237073517e-05,0.021416677444010428,0.9784426261085749
0.975240315119976,0.024232119593819858,0.00026378264310208407,0.00026378264310208407
0.014395546789834644,0.0026870014596957286,0.9713983943990026,0.011519057351466952
0.01614270329045394,0.002202840166039355,0.9540674378602462,0.02758701868326052

0.015054170979302128,0.009427661913821285,0.013678592429564224,0.9618395746773124
0.9654120614232982,0.023774792400566427,0.002208197123177633,0.008604949052957786
0.0002286337240902564,0.9840355796433313,0.001353295909002627,0.014382490723575845
0.9790577606825566,9.252745845279349e-05,0.0009509316413905122,0.019898780217600234

Transition Gammas
1.0,1.0,304.4380698666069,13908.561930133332
3697.1360346198267,91.86396538017102,1.0,1.0
43.542498671727635,8.127427127141129,2938.2081775250704,34.841923460662485
71.89370885035137,9.810646128566713,4249.068162064721,122.86251277605955

48.286840375046225,30.23959317112091,43.8746185432459,3085.1379376985637
882.2920529349943,21.727831289236093,2.018075856874233,7.864080498582365
1.0595164453063668,4560.140388506775,6.271337601919494,66.65020878581878
12671.838029856677,1.1975728234978507,12.307804729279253,257.54774645099127

Iteration: ,50000
Error:,0.02479310262350393
Absolute Error:,0.6227635143330497
Transition Probabilities
6.697026520225046e-05,6.697026520225046e-05,0.02153643855129424,0.9783296209183013
0.9748448563053653,0.02465651492375459,0.00024931438544003996,0.00024931438544003996
0.01395872134016606,0.0028547152462033367,0.9710702018252702,0.012116361588360472
0.016106848623129718,0.002287359634585473,0.9546068451957027,0.026998946546582137

0.015043713621323491,0.009149713270122317,0.014118868569567034,0.9616877045389872
0.9663006586657863,0.022697949495809295,0.002119113535052939,0.008882278303351514
0.00021657992175169833,0.9840848212703162,0.0012849658039333761,0.014413633003998774
0.9791939805591652,8.812207741267315e-05,0.0009074097911447933,0.019810487572277383

Transition Gammas
1.0,1.0,321.5821004479243,14608.417899552016
3910.1027186408196,98.89728135917964,1.0,1.0
44.51057451749948,9.10291226509031,3096.4793641731044,38.635789211425816
75.72030760085251,10.75316340130421,4487.726037997164,126.92542068536143

51.013239549763824,31.026681749565178,47.877089569828534,3261.083431831098
925.2718335188925,21.73420162633932,2.0291366340580135,8.505139531742437
1.059723683990883,4815.118519396692,6.2873265653301775,70.52578162901835
13309.783018644235,1.1978073321540208,12.334049911370688,269.27584964318356

Iteration: ,52138
Error:,0.026181581980176945
Absolute Error:,0.6226121184418008
Transition Probabilities
6.42425799820123e-05,6.42425799820123e-05,0.021116653412002667,0.9787548614280333
0.9755357082013939,0.023984214986316046,0.00024003840614498324,0.00024003840614498324
0.013616700324285295,0.0030315993164047733,0.9712013999025875,0.012150300456722536
0.016052172938657242,0.0022076627639124676,0.9545962354788005,0.027143928818629797

0.014546388312320217,0.009380797526484314,0.013513903621617246,0.9625589105395782
0.9663614646031,0.022706610800150615,0.00203717127208402,0.008894753324665385
0.00020832018644207736,0.9843087694093143,0.0014300208467209817,0.0140528895575226
0.9791083722298566,8.440672567824841e-05,0.0008705614088956332,0.01993665963556952


Model Num 3
Model States: 
"['diamond', 'x', 'square']","['diamond', 'x', 'diamond']","['square', 'y', 'diamond', 'x', 'diamond']","['square', 'x', 'square', 'y', 'diamond', 'x', 'diamond']","['square', 'x', 'square', 'y', 'diamond', 'x', 'square']"
Iteration: ,0
Error:,0.6514664761708786
Absolute Error:,1
Transition Probabilities
0.2,0.2,0.2,0.2,0.2
0.2,0.2,0.2,0.2,0.2
0.2,0.2,0.2,0.2,0.2
0.2,0.2,0.2,0.2,0.2
0.2,0.2,0.2,0.2,0.2

0.2,0.2,0.2,0.2,0.2
0.2,0.2,0.2,0.2,0.2
0.2,0.2,0.2,0.2,0.2
0.2,0.2,0.2,0.2,0.2
0.2,0.2,0.2,0.2,0.2

Transition Gammas
1.0,1.0,1.0,1.0,1.0
1.0,1.0,1.0,1.0,1.0
1.0,1.0,1.0,1.0,1.0
1.0,1.0,1.0,1.0,1.0
1.0,1.0,1.0,1.0,1.0

1.0,1.0,1.0,1.0,1.0
1.0,1.0,1.0,1.0,1.0
1.0,1.0,1.0,1.0,1.0
1.0,1.0,1.0,1.0,1.0
1.0,1.0,1.0,1.0,1.0

Iteration: ,2500
Error:,0.4023324837393206
Absolute Error:,1
Transition Probabilities
0.0019920318725099606,0.0019920318725099606,0.41633466135458175,0.559861090123151,0.01982018477724742
0.9700214876226878,0.022020952695614653,0.002652519893899205,0.002652519893899205,0.002652519893899205
0.2,0.2,0.2,0.2,0.2
0.010175732076369666,0.007840644322677968,0.692061672052886,0.27794704240607576,0.011974909141990547
0.053866993178333475,0.053866993178333475,0.7336255510870919,0.08210254229766564,0.07653792025857557

0.04740142957156572,0.026606089391731255,0.27350737091521693,0.6175929319109762,0.034892178210509724
0.5823821317061861,0.02383033296596725,0.2499262031520886,0.1211437857298681,0.022717546445889907
0.33242326962098084,0.6478027190795841,0.005649717514124292,0.006851308167063361,0.007272985618247368
0.2,0.2,0.2,0.2,0.2
0.2,0.2,0.2,0.2,0.2

Transition Gammas
1.0,1.0,209.0,281.05026724182176,9.949732758178204
365.6981008337532,8.301899166246722,1.0,1.0,1.0
1.0,1.0,1.0,1.0,1.0
5.76256253435799,4.440191907569379,391.91761663008515,157.4026518273158,6.781444544341287
1.0,1.0,13.619203668159683,1.5241716207521518,1.4208686199578122

6.324388632073987,3.5498349061173977,36.49187214476463,82.4004202643293,4.655380591205202
53.06007815803676,2.1711506257959448,22.77045113685162,11.03725267180786,2.069766094035788
235.35567489165453,458.6443251083457,4.0,4.850726182280861,5.149273817719139
1.0,1.0,1.0,1.0,1.0
1.0,1.0,1.0,1.0,1.0

Iteration: ,5000
Error:,0.4006523995386038
Absolute Error:,1
Transition Probabilities
0.0009624639076034652,0.0009624639076034652,0.4100096246390762,0.5706901414668095,0.017375306078907415
0.9727556946939464,0.02322824104902549,0.0013386880856760376,0.0013386880856760376,0.0013386880856760376
0.2,0.2,0.2,0.2,0.2
0.007140165435743656,0.005722158920798339,0.6852579143965353,0.29390445602802556,0.007975305218897309
0.06109164694908016,0.0332571305581025,0.7855069400704001,0.07056718022867481,0.04957710219374239

0.04608609303328526,0.024849362814037605,0.286592011663204,0.6225499769070812,0.019922555582391747
0.604670218955377,0.018684266839969682,0.25329122458647646,0.10851321671799534,0.014841072900181449
0.33678318759044884,0.6407449022971916,0.006320224719101121,0.008392474582983082,0.007759210810275338
0.2,0.2,0.2,0.2,0.2
0.2,0.2,0.2,0.2,0.2

Transition Gammas
1.0,1.0,426.0,592.9470569840148,18.0529430159848
726.6485039363779,17.351496063622037,1.0,1.0,1.0
1.0,1.0,1.0,1.0,1.0
8.273941097366418,6.630771553758017,794.0689429740892,340.5730832588381,9.24169141576797
1.8369488264283307,1.0,23.619203668159685,2.121866169583966,1.4907209780810096

10.858524156278445,5.854855307206759,67.52506183142376,146.68142855706603,4.694031036433458
105.63968225769062,3.26425868236445,44.25156663115133,18.95794000679056,2.5928285805888036
479.5792591287994,912.4207408712012,9.0,11.950883806167914,11.049116193832086
1.0,1.0,1.0,1.0,1.0
1.0,1.0,1.0,1.0,1.0

Iteration: ,7500
Error:,0.3945459589852115
Absolute Error:,1
Transition Probabilities
0.0006250000000000003,0.0006250000000000003,0.4243750000000002,0.5605340327878618,0.013840967212137928
0.9761786989301672,0.021113719842396086,0.0009025270758122745,0.0009025270758122745,0.0009025270758122745
0.2,0.2,0.2,0.2,0.2
0.006947297147785295,0.004472255372762559,0.6896831419595442,0.2930547669860833,0.005842538533824788
0.050929110488696513,0.027724839013463686,0.8211876534067203,0.05882839795983029,0.04132999913128912

0.03818517738312411,0.021885204802540623,0.3216309784845414,0.5976737187054871,0.02062492062430673
0.5790556988242379,0.01456555306886795,0.2923632275717045,0.1040261725906754,0.009989347944514445
0.34755939887941,0.6281620853166505,0.008703618873110395,0.009078237798108438,0.006496659132720689
0.2,0.2,0.2,0.2,0.2
0.2,0.2,0.2,0.2,0.2

Transition Gammas
