0,1,2,3,4,5,6,7,8,9,10,11,12,13,14,15,16,17,18,19,20,21,22,23,24,25,26,27,28,29
github Code Version (SHA):,32a229dd34421fba547a58d2c923a1ee52132eb5
Environment Observations,Environment Actions,alpha,epsilon,numActions,explore,patience,gainThresh,insertRandActions,useBudd,revisedSplitting,haveControl,confidence_factor
"['square', 'diamond']","['x', 'y']",0.99,0.99,75000,0.5,0,0.01,False,True,False,False,250

Model Num 0
Model States: 
['square'],['diamond']
Iteration: ,0
Error:,0.6716029019384443
Absolute Error:,1
Transition Probabilities
0.5,0.5
0.5,0.5

0.5,0.5
0.5,0.5

Transition Gammas
1.0,1.0
1.0,1.0

1.0,1.0
1.0,1.0

Iteration: ,2334
Error:,0.264346393705014
Absolute Error:,1
Transition Probabilities
0.9795021961932651,0.020497803806734993
0.67,0.33

0.018518518518518517,0.9814814814814815
0.618860510805501,0.381139489194499


Model Num 1
Model States: 
['square'],"['diamond', 'y', 'square']","['diamond', 'y', 'diamond']"
Iteration: ,0
Error:,0.7071314878437542
Absolute Error:,1
Transition Probabilities
0.3333333333333333,0.3333333333333333,0.3333333333333333
0.3333333333333333,0.3333333333333333,0.3333333333333333
0.3333333333333333,0.3333333333333333,0.3333333333333333

0.3333333333333333,0.3333333333333333,0.3333333333333333
0.3333333333333333,0.3333333333333333,0.3333333333333333
0.3333333333333333,0.3333333333333333,0.3333333333333333

Transition Gammas
1.0,1.0,1.0
1.0,1.0,1.0
1.0,1.0,1.0

1.0,1.0,1.0
1.0,1.0,1.0
1.0,1.0,1.0

Iteration: ,2500
Error:,0.21670659899319566
Absolute Error:,1
Transition Probabilities
0.989010989010989,0.004395604395604396,0.006593406593406593
0.9045575812731041,0.08204340555832247,0.013399013168573264
0.33211215668901417,0.5243564763165747,0.14353136699441124

0.009971509971509971,0.5010061889822013,0.48902230104628874
0.9961977186311787,0.0019011406844106464,0.0019011406844106464
0.0034965034965034956,0.9426423101141735,0.05386118638932295

Transition Gammas
720.0,3.2,4.8
147.4089996490741,13.370001635644021,2.183537199129198
2.584856228589538,4.081109578525088,1.1171164334128307

7.0,351.7063446655053,343.2936553344947
524.0,1.0,1.0
1.0,269.5957006926537,15.404299307346365

Iteration: ,5000
Error:,0.20506141197267935
Absolute Error:,1
Transition Probabilities
0.9888268156424581,0.0037942484072865054,0.007378935950255394
0.9153629597945643,0.07378366956285293,0.010853370642582814
0.2087977703966069,0.758030569356537,0.033171660246856034

0.012048192771084338,0.4914770089858711,0.4964747982430446
0.9980769230769231,0.0009615384615384616,0.0009615384615384616
0.001736111111111111,0.9624922160645392,0.03577167282434976

Transition Gammas
1416.0,5.433363719234276,10.566636280765724
280.3590809570605,22.59860044252112,3.3241906787704916
12.270380333292742,44.54704364227399,1.9493928826086038

17.0,693.4740596790641,700.5259403209359
1038.0,1.0,1.0
1.0,554.3955164531745,20.604483546825463

Iteration: ,7500
Error:,0.20928000628943133
Absolute Error:,1
Transition Probabilities
0.985473289597001,0.0037219020555343783,0.010804808347464685
0.9201337599119819,0.07217808002372601,0.0076881600642920685
0.1948363916119817,0.7835870581931771,0.021576550194841233

0.015058823529411765,0.49737407723800425,0.487567099232584
0.9987236758136566,0.0006381620931716656,0.0006381620931716656
0.0011947431302270018,0.9620794679163186,0.036725788953454484

Transition Gammas
2103.0,7.942538986510363,23.057461013489636
399.394794532676,31.32973780203074,3.337135580707292
23.596499676681095,94.89968281762067,2.613120965155233

32.0,1056.919914130759,1036.080085869241
1565.0,1.0,1.0
1.0,805.2605146459583,30.73948535404139

Iteration: ,10000
Error:,0.20671931520894027
Absolute Error:,1
Transition Probabilities
0.9836407935955447,0.003229180170570063,0.01313002623388521
0.9318557930436606,0.06095906184371121,0.007185145112628257
0.2012179210801567,0.7775893477246313,0.021192731195212033

0.01630049610205528,0.4977146728382344,0.4859848310597103
0.9990352146647371,0.000482392667631452,0.000482392667631452
0.0008920606601248881,0.9555115339054839,0.04359640543439111

Transition Gammas
2826.0,9.277434630047791,37.72256536995221
571.5408281787348,37.388395233725845,4.406909115028204
24.810712847539985,95.87886564048344,2.613120965155233

46.0,1404.5508067494975,1371.4491932505025
2071.0,1.0,1.0
1.0,1071.128429508048,48.871570491952454

Iteration: ,12500
Error:,0.20924437284099195
Absolute Error:,1
Transition Probabilities
0.983188568226394,0.003494027802361135,0.013317403971244916
0.9357313278683431,0.057714092652302956,0.006554579479353956
0.20996421424197118,0.7690751051368401,0.020960680621188756

0.018053596614950634,0.4977775218106693,0.4841688815743801
0.9992331288343558,0.0003834355828220859,0.0003834355828220859
0.0007163323782234957,0.955576843965722,0.04370682365605454

Transition Gammas
3509.0,12.47018522662689,47.529814773373104
732.7622814185587,45.195355699209706,5.1328286977118776
26.1757669077505,95.87886564048344,2.613120965155233

64.0,1764.6213148188226,1716.3786851811774
2606.0,1.0,1.0
1.0,1333.9852741761479,61.01472582385214

Iteration: ,15000
Error:,0.2076470920985035
Absolute Error:,1
Transition Probabilities
0.9813171415226529,0.004447483532572164,0.01423537494477487
0.941637234579003,0.052886131599467937,0.005476633821529171
0.2254650082350324,0.7539855674414307,0.020549424323536805

0.019036427732079905,0.49406928954034124,0.48689428272757884
0.9993644741023197,0.00031776294884016526,0.00031776294884016526
0.0005875440658049351,0.9552558438615244,0.04415661207267069

Transition Gammas
4202.0,19.044124486474004,60.95587551352599
883.9197708074347,49.644486863557084,5.140944659528712
28.670746715422226,95.87886564048344,2.613120965155233

81.0,2102.264826994152,2071.735173005848
3145.0,1.0,1.0
1.0,1625.8454462523152,75.15455374768554

Iteration: ,17500
Error:,0.2076940176503788
Absolute Error:,1
Transition Probabilities
0.9807422266800401,0.004700219395760668,0.01455755392419921
0.9462172672967162,0.04837615418975802,0.005406578513525815
0.2357194157943348,0.7440032226996421,0.020277361506023026

0.019474001204577394,0.4976785714830148,0.4828474273124078
0.999457111834962,0.0002714440825190011,0.0002714440825190011
0.0005047955577990911,0.9549250569291372,0.04457014751306371

Transition Gammas
4889.0,23.43059368786693,72.56940631213305
1049.3836383573262,53.65062174189247,5.9960594967763745
30.376898252928964,95.87886564048344,2.613120965155233

97.0,2478.936964556897,2405.063035443103
3682.0,1.0,1.0
1.0,1891.7065377766216,88.29346222337925

Iteration: ,20000
Error:,0.20940391019572607
Absolute Error:,1
Transition Probabilities
0.9803101585642098,0.004635665718646363,0.01505417571714384
0.9472991008438855,0.04766537248357676,0.005035526672537723
0.24100169257459203,0.738861091617263,0.020137215808144978

0.019590540063536888,0.49636573959177677,0.48404372034468635
0.9995231282784931,0.0002384358607534573,0.0002384358607534573
0.0004418912947414936,0.9551737402464162,0.044384368458842166

Transition Gammas
5626.0,26.604085559311475,86.3959144406885
1208.6574449717275,60.816174393392416,6.4248206260246805
31.273766021310582,95.87886564048344,2.613120965155233

111.0,2812.4082805270073,2742.5917194729927
4192.0,1.0,1.0
1.0,2161.55817417764,100.44182582235982

Iteration: ,22500
Error:,0.20755102016972596
Absolute Error:,1
Transition Probabilities
0.9807483310045024,0.00432374606887901,0.014927922926618578
0.9468979787841761,0.04718910297843578,0.0059129182373880386
0.2490438575663548,0.7310322957600811,0.01992384667356393

0.01928201912525474,0.49665451485203777,0.4840634660227075
0.9995765403345331,0.00021172983273343214,0.00021172983273343214
0.0003913894324853229,0.9547467048743263,0.044861905693188396

Transition Gammas
6317.0,27.849248429649705,96.15075157035027
1370.074554523843,68.27830525583606,8.555450535893259
32.66345782078663,95.87886564048344,2.613120965155233

123.0,3168.159150241149,3087.840849758851
4721.0,1.0,1.0
1.0,2439.377830953904,114.62216904609635

Iteration: ,25000
Error:,0.20942559013155154
Absolute Error:,1
Transition Probabilities
0.9805158396411551,0.004376206373637345,0.015107953985207619
0.9481409495665855,0.04630187186793068,0.00555717856548386
0.2580346448455841,0.7224744847116069,0.019490870442808908

0.01945580149443113,0.49698347719716646,0.4835607213084024
0.9996187571483035,0.00019062142584826535,0.00019062142584826535
0.00035260930888575447,0.9531747650202268,0.046472625670887446

Transition Gammas
6995.0,31.219856269528815,107.78014373047115
1538.6653169677188,75.13976100962091,9.018319399468092
34.59443959472586,96.86141151721438,2.613120965155233

138.0,3525.1038037595017,3429.8961962404983
5244.0,1.0,1.0
1.0,2703.203633597364,131.79636640263683

Iteration: ,27500
Error:,0.21141479149528694
Absolute Error:,1
Transition Probabilities
0.9802295918367347,0.004436078853463884,0.015334329309801416
0.9486669909913507,0.04583367583114269,0.005499333177506765
0.26286677697436434,0.7183206526492072,0.018812570376428337

0.0198641548122517,0.4966365579894386,0.48349928719830965
0.9996525968386313,0.00017370158068438424,0.00017370158068438424
0.00032216494845360813,0.9532942861253906,0.04638354892615586

Transition Gammas
7685.0,34.77885821115685,120.2211417888431
1711.2474171055164,82.67680875091138,9.919940068724205
36.523124502905766,99.80460418653087,2.613848193318765

155.0,3875.2550619915896,3772.7449380084104
5755.0,1.0,1.0
1.0,2959.0254641332135,143.97453586678785

Iteration: ,30000
Error:,0.2085587468136287
Absolute Error:,1
Transition Probabilities
0.9809890366223466,0.0040731938133907455,0.01493776956426262
0.9498904514294861,0.044589102025284565,0.005520446545229266
0.26812531044825577,0.7131963235877127,0.01867836596403144

0.018938948359016577,0.4972105960441712,0.4838504555968122
0.9996801535263073,0.00015992323684631377,0.00015992323684631377
0.00029559562518474697,0.9526459932087408,0.047058411166074565

Transition Gammas
8411.0,34.92356375601225,128.0764362439877
1893.9097102158773,88.90260257738967,11.006771676674266
37.52142235824043,99.80460418653087,2.613848193318765

161.0,4226.787276971501,4113.212723028502
6251.0,1.0,1.0
1.0,3222.801395025173,159.1986049748304

Iteration: ,32500
Error:,0.2088044374289857
Absolute Error:,1
Transition Probabilities
0.9803921568627451,0.004207926587811654,0.015399916549443242
0.9493837589186221,0.044641654801749316,0.005974586279628432
0.27346173121995976,0.7079960950105674,0.018542173769472845

0.020182291666666657,0.4972843462197939,0.4825333621135395
0.9997058390939844,0.00014708045300779526,0.00014708045300779526
0.00027233115468409567,0.9527878602570938,0.04693980858822205

Transition Gammas
9100.0,39.05797458806777,142.94202541193218
2036.4081333563104,95.7554077271291,12.8153615215965
38.549280196473696,99.80460418653087,2.613848193318765

186.0,4582.972534761622,4447.027465238381
6797.0,1.0,1.0
1.0,3498.637022864051,172.36297713595147

Iteration: ,35000
Error:,0.2081495724888447
Absolute Error:,1
Transition Probabilities
0.9804648367060709,0.004241862212962145,0.015293301080966921
0.9489604290225881,0.044384278043046364,0.006655292934365554
0.27939486328776203,0.7023840436837477,0.01822109302849008

0.021131012276111884,0.4970864543196471,0.481782533404241
0.9997269997269997,0.0001365001365001365,0.0001365001365001365
0.00025348542458808606,0.9532280076684873,0.04651850690692467

Transition Gammas
9787.0,42.342268609788135,152.6577313902118
2196.1889571993474,102.71899473385066,15.402413422480612
40.09087272887936,100.7863529442139,2.6145774943395814

210.0,4940.045183028655,4787.954816971349
7324.0,1.0,1.0
1.0,3760.484490252184,183.5155097478179

Iteration: ,37500
Error:,0.2090823275857725
Absolute Error:,1
Transition Probabilities
0.9804599850411369,0.00434637037247515,0.015193644586387972
0.9493836890348463,0.04438904766149311,0.006227263303660426
0.28450666709052885,0.6974014960406838,0.01809183686878718

0.021038790269559494,0.49614770309241846,0.482813506638022
0.9997454499172712,0.00012727504136438844,0.00012727504136438844
0.0002364066193853427,0.9544535626229215,0.04531003075769328

Transition Gammas
10487.0,46.48877750399421,162.51122249600576
2350.3448438183646,109.89189144302715,15.416544823660212
41.1160422327159,100.7863529442139,2.6145774943395814

224.0,5282.484594824981,5140.515405175022
7855.0,1.0,1.0
1.0,4037.3385698949596,191.66143010504265

Iteration: ,40000
Error:,0.21147123496679354
Absolute Error:,1
Transition Probabilities
0.9804749340369393,0.004303125050170611,0.01522194091289007
0.949486290477639,0.04458176649286464,0.00593194302949641
0.29517078207416764,0.6871699356030178,0.017659282322814725

0.021179365497846905,0.49670612707059125,0.48211450743156187
0.999761819697511,0.00011909015124449208,0.00011909015124449208
0.00022182786157941414,0.9543439935596755,0.04543417857874501

Transition Gammas
11148.0,48.92653182043985,173.0734681795601
2510.2312958589932,117.86430893991114,15.682742539024767
43.71393702418676,101.76787512226365,2.6152885117128144

241.0,5652.01901993626,5485.980980063744
8395.0,1.0,1.0
1.0,4302.182722967022,204.8172770329827

Iteration: ,42500
Error:,0.2089597576255398
Absolute Error:,1
Transition Probabilities
0.9802604296259434,0.004588719135125489,0.015150851238931073
0.9493793095806812,0.04474811468300547,0.005872575736313519
0.2985705145577968,0.6841703994240235,0.01725908601817955

0.021157024793388424,0.49708663216638366,0.4817563430402279
0.9997763613999776,0.00011181930001118193,0.00011181930001118193
0.0002089864158829676,0.9546566379939184,0.04513437559019864

Transition Gammas
11819.0,55.32618661220802,182.67381338779194
2661.36031406806,125.4407541273642,16.462376890103915
45.26669524626186,103.72803561366196,2.616674282693502

256.0,6014.748249213244,5829.25175078676
8941.0,1.0,1.0
1.0,4568.0320128009,215.9679871991005

Iteration: ,45000
Error:,0.21353170315685735
Absolute Error:,1
Transition Probabilities
0.9807481609015496,0.0046499365889373576,0.014601902509513102
0.9498535458423476,0.044332270447214384,0.005814183710437968
0.3008708590227613,0.6819266562907913,0.017202484686447344

0.022010615048392128,0.4955557353755407,0.4824336495760672
0.9997885835095137,0.00010570824524312896,0.00010570824524312896
0.0001969667126255664,0.954667319410786,0.045135713876588456

Transition Gammas
12532.0,59.41688973344156,186.5831102665584
2815.8175339876725,131.42192814161348,17.23600497080634
45.765542220595975,103.72803561366196,2.616674282693502

282.0,6349.060081631429,6180.939918368575
9458.0,1.0,1.0
1.0,4846.845980648557,229.15401935143942

Iteration: ,47500
Error:,0.20894572679837828
Absolute Error:,1
Transition Probabilities
0.9809304741411293,0.004502982493699917,0.01456654336517075
0.9489727924367095,0.04446886907917374,0.006558338484116651
0.30775180731343693,0.6752150177894818,0.01703317489708121

0.021949597221195768,0.49690818171558077,0.48114222106322346
0.9998000599820054,9.997000899730081e-05,9.997000899730081e-05
0.00018705574261129826,0.9537400313046485,0.04607291295274023

Transition Gammas
13220.0,60.686695067593774,196.3133049324062
2962.175042781388,138.8075350704289,20.471552751138244
47.277518402485825,103.72803561366196,2.616674282693502

297.0,6723.664606793525,6510.335393206478
10001.0,1.0,1.0
1.0,5098.694207354648,246.30579264534913

Iteration: ,50000
Error:,0.2080878051309554
Absolute Error:,1
Transition Probabilities
0.9810774553413825,0.004450513203143315,0.014472031455474205
0.9490005937995152,0.04412829094456932,0.006871115255915585
0.3169283616421998,0.6662642579900304,0.016807380367769728

0.02196645378623061,0.49670308498307364,0.4813304612306958
0.9998102286744472,9.48856627763545e-05,9.48856627763545e-05
0.00017765144785930007,0.9537304397978463,0.0460919087542944

Transition Gammas
13895.0,63.03261849611877,204.96738150388117
3114.306962541211,144.8144970947717,22.54873413329151
49.34131763660291,103.72803561366196,2.616674282693502

313.0,7077.522257923818,6858.477742076186
10537.0,1.0,1.0
1.0,5368.548645622076,259.4513543779231

Iteration: ,52500
Error:,0.2093438797397354
Absolute Error:,1
Transition Probabilities
0.9811041624638558,0.004586628871178252,0.014309208664965916
0.9485122057744504,0.04418666854307611,0.007301125682473413
0.32145937432398924,0.6618447335465422,0.01669589212946853

0.021993448759943843,0.496646517434083,0.48136003380597314
0.9998197223724535,9.013881377321075e-05,9.013881377321075e-05
0.0001689760054072322,0.9539381012294513,0.04589292276514145

Transition Gammas
14590.0,68.20775794329178,212.79224205670815
3245.187879351488,151.17785550037547,24.979672824599092
50.3809243136924,103.72803561366196,2.616674282693502

329.0,7429.335254296449,7200.664745703554
11092.0,1.0,1.0
1.0,5645.405683075892,271.5943169241071

Iteration: ,55000
Error:,0.21034008781997246
Absolute Error:,1
Transition Probabilities
0.9811793422404933,0.004533577439227808,0.014287080320278867
0.9483494311816105,0.044484919636689525,0.007165649181699917
0.33029869338977363,0.653222911137606,0.016478395472620224

0.021870815532742456,0.49790358289595715,0.4802256015713004
0.9998281491665234,8.592541673827119e-05,8.592541673827119e-05
0.00016155088852988695,0.9531913833577487,0.04664706575372139

Transition Gammas
15275.0,70.57873357389852,222.4212664261014
3393.878414428894,159.19913436807067,25.64386214988325
52.44952993368458,103.72803561366196,2.616674282693502

343.0,7808.621890557298,7531.378109442706
11636.0,1.0,1.0
1.0,5900.254662984463,288.7453370155353

Iteration: ,57500
Error:,0.2097376175715146
Absolute Error:,1
Transition Probabilities
0.981332514583973,0.0044010942411829785,0.014266391174844037
0.9483325112189397,0.04448389877334943,0.00718359000771085
0.3324881794569867,0.6510872986658919,0.01642452187712144

0.022333414693678295,0.49726128474124454,0.4804053005650772
0.999835485728387,8.225713580653122e-05,8.225713580653122e-05
0.00015434480629726818,0.9524735400312827,0.047372115162420056

Transition Gammas
15981.0,71.6718197176648,232.32818028233513
3546.898592749711,166.37611396071534,26.867649255734634
52.970386291522146,103.72803561366196,2.616674282693502

366.0,8149.117934339517,7872.882065660487
12155.0,1.0,1.0
1.0,6171.076065862677,306.92393413731935

Iteration: ,60000
Error:,0.20797112136672455
Absolute Error:,1
Transition Probabilities
0.9816286875110405,0.004353179303279606,0.014018133185679937
0.9489058713727835,0.043593122032411995,0.007501006594804562
0.3391436465226691,0.6445955932911018,0.01626076018622908

0.022546728971962617,0.4973948413581962,0.480058429669841
0.9998423583195397,7.882084023015685e-05,7.882084023015685e-05
0.0001477978125923737,0.9529854384873652,0.046866763700042474

Transition Gammas
16671.0,73.93004410759755,238.06995589240236
3707.4865141601717,170.32343978595995,29.30731238139757
54.574844461841934,103.72803561366196,2.616674282693502

386.0,8515.39968405232,8218.600315947679
12685.0,1.0,1.0
1.0,6447.899476805509,317.1005231944872

Iteration: ,62500
Error:,0.20846969021378778
Absolute Error:,1
Transition Probabilities
0.9815527387958353,0.0045952351528847565,0.013852026051280022
0.9492869457202459,0.04322254618628148,0.0074905080934726575
0.3456186213853688,0.6382799390022305,0.01610143961240057

0.022687804604784045,0.4973919826403524,0.47992021275486346
0.99984867973065,7.566013467503972e-05,7.566013467503972e-05
0.00014212620807276866,0.9534893716344207,0.04636850215750646

Transition Gammas
17346.0,81.20699562177941,244.79300437822053
3870.4940151327087,176.22975548860074,30.54078313917207
56.16711175953316,103.72803561366196,2.616674282693502

405.0,8878.94428211293,8567.055717887068
13215.0,1.0,1.0
1.0,6708.751218819782,326.2487811802153

Iteration: ,65000
Error:,0.2082592974037224
Absolute Error:,1
Transition Probabilities
0.9817665684026641,0.004493144902126673,0.013740286695209278
0.9495101082760216,0.042818176804041576,0.007671714919936921
0.3477227387949043,0.6362275946420426,0.01604966656305317

0.022476743560789374,0.4984533048160835,0.479069951623127
0.9998548305146259,7.258474268708717e-05,7.258474268708717e-05
0.0001365187713310581,0.9529840580941723,0.04687942313449659

Transition Gammas
17984.0,82.3054283171564,251.69457168284356
4024.192450181875,181.47103682574686,32.51409015203787
56.691342747701775,103.72803561366196,2.616674282693502

418.0,9269.736109664706,8909.263890335293
13775.0,1.0,1.0
1.0,6980.608225539808,343.3917744601873

Iteration: ,67500
Error:,0.2106137358670737
Absolute Error:,1
Transition Probabilities
0.9818277310924369,0.0045009378847414485,0.013671331022821571
0.9495041568827325,0.042884969168870725,0.007610873948396804
0.3560697848292932,0.6280859325963439,0.0158442825743627

0.022483551779516137,0.49844147552555595,0.4790749726949278
0.9998600713636046,6.996431819771916e-05,6.996431819771916e-05
0.00013164823591363883,0.9530578611306327,0.04681049063345368

Transition Gammas
18694.0,85.69785732547719,260.3021426745227
4182.19706651627,188.89163460275685,33.52294402281523
58.804723056038824,103.72803561366196,2.616674282693502

434.0,9621.415802069807,9247.584197930191
14291.0,1.0,1.0
1.0,7239.427513148282,355.57248685171396

Iteration: ,70000
Error:,0.2098762333602062
Absolute Error:,1
Transition Probabilities
0.9818651537409453,0.004467268430917857,0.013667577828136896
0.9492243938657473,0.04282871217746124,0.007946893956791656
0.35803316068075147,0.62645614246973,0.015510696849518472

0.022676190000499474,0.49820507653456003,0.4791187334649404
0.9998649743451256,6.751282743721307e-05,6.751282743721307e-05
0.00012708095056551024,0.9533919968354398,0.04648092221399468

Transition Gammas
19383.0,88.18834609474942,269.81165390525047
4342.864880432757,195.94872528735897,36.358406817719235
60.40064949975973,105.68394786768133,2.616674282693502

454.0,9974.563837298427,9592.436162701571
14810.0,1.0,1.0
1.0,7502.241623098075,365.75837690192407

Iteration: ,72500
Error:,0.20779199826339076
Absolute Error:,1
Transition Probabilities
0.9821567862714509,0.004308652445510277,0.01353456128303886
0.9484092489433846,0.04332836021317841,0.008262390843436971
0.36210265151339316,0.6224849754674966,0.015412373019110137

0.02294353475341738,0.49728431731902584,0.4797721479275567
0.999869511319893,6.524434005350036e-05,6.524434005350036e-05
0.00012274456855284154,0.9537388978194157,0.04613835761203142

Transition Gammas
20146.0,88.37907896230679,277.6209210376931
4472.400415391245,204.32295070037682,38.96284255080923
61.476885793991066,105.68394786768133,2.616674282693502

475.0,10295.277221455792,9932.722778544206
15325.0,1.0,1.0
1.0,7770.11080053478,375.88919946522003

Iteration: ,74999
Error:,0.20858773105847395
Absolute Error:,1
Transition Probabilities
0.9822892133772962,0.004317288799170157,0.013393497823533558
0.9483645311633389,0.04344971755079442,0.008185751285866632
0.36407616461809533,0.6206967026461422,0.015227132735762502

0.023033077929359,0.49621437873279406,0.48075254333784684
0.9998737851823805,6.310740880979428e-05,6.310740880979428e-05
0.00011842728564661295,0.9539227665250255,0.04595880618932785

Transition Gammas
20854.0,91.65604120638244,284.34395879361745
4622.995659701332,211.80447923982462,39.90310837493596
62.563895214521544,106.6623065123945,2.616674282693502

493.0,10620.972562396724,10290.027437603274
15844.0,1.0,1.0
1.0,8054.923840537317,388.0761594626845


Model Num 2
Model States: 
"['diamond', 'y', 'square']","['diamond', 'y', 'diamond']","['square', 'y', 'diamond', 'y', 'square']","['square', 'y', 'diamond', 'y', 'diamond']"
Iteration: ,0
Error:,0.6725721760879781
Absolute Error:,0.74
Transition Probabilities
0.25,0.25,0.25,0.25
0.25,0.25,0.25,0.25
0.25,0.25,0.25,0.25
0.25,0.25,0.25,0.25

0.25,0.25,0.25,0.25
0.25,0.25,0.25,0.25
0.25,0.25,0.25,0.25
0.25,0.25,0.25,0.25

Transition Gammas
1.0,1.0,1.0,1.0
1.0,1.0,1.0,1.0
1.0,1.0,1.0,1.0
1.0,1.0,1.0,1.0

1.0,1.0,1.0,1.0
1.0,1.0,1.0,1.0
1.0,1.0,1.0,1.0
1.0,1.0,1.0,1.0

Iteration: ,2500
Error:,0.04677824853288925
Absolute Error:,0.7436861396005201
Transition Probabilities
0.012972899169753858,0.012445067370955742,0.946393969458277,0.028188064001013396
0.8950194360638538,0.04742144197672559,0.023039969990171494,0.03451915196924905
0.008909647463259408,0.012748339729619865,0.02958681165899161,0.9487552011481291
0.009247765869235714,0.03667995359157326,0.02616927268774677,0.9279030078514443

0.001329787234042553,0.001329787234042553,0.9859338604086997,0.011406565123215119
0.9361781566521409,0.05366955908389974,0.005076142131979695,0.005076142131979695
0.981777050924206,0.0019368049543020366,0.012200113577483752,0.004086030544008289
0.005230320873132493,0.9601927607076918,0.025831274994365667,0.008745643424810004

Transition Gammas
2.2919610692392225,2.1987074396440467,167.2022657216336,4.9800699490653715
41.21361700194145,2.1836499505571894,1.0609384116697638,1.5895287310732165
1.973864537343755,2.8242975724991917,6.5547327823662,210.18948885342763
1.3771227194505848,5.46216222962436,3.896973656056903,138.1778400997046

1.0,1.0,741.4222630273423,8.577736972657771
184.42709686047175,10.572903139528249,1.0,1.0
693.878952783865,1.3688527269736004,8.622529957305119,2.8878354736957874
1.1817610594579124,216.95005750156687,5.836428709622873,1.9760280659711618

Iteration: ,5000
Error:,0.03776467581333956
Absolute Error:,0.745177863456294
Transition Probabilities
0.0073915635591334725,0.019095273494728244,0.9450275744618768,0.028485588484261512
0.9148179673979476,0.0319673682404882,0.015354002580094877,0.03786066178146927
0.005539139427516732,0.011042856875279405,0.020711512146222563,0.9627064915509813
0.004569906503423666,0.02973003744054994,0.0186732641091377,0.9470267919468887

0.0006830601092896169,0.0006830601092896169,0.9838428782463389,0.014791001535081902
0.9344292326922862,0.060853786175638344,0.0023584905660377353,0.0023584905660377353
0.9840802812725574,0.001016608619555519,0.012477490506873008,0.0024256196010140427
0.002463412504304881,0.979294149902354,0.014141796412528503,0.004100641180812701

Transition Gammas
2.675067341603374,6.910735745702009,342.0132129194572,10.309167586936681
91.17583602313177,3.1860453430709055,1.5302651144066426,3.773403686126856
2.5644290159128436,5.112458886458243,9.588710196994583,445.69964216405015
1.4381496188604557,9.35604305729275,5.876476387715573,298.0293401776831

1.0,1.0,1440.3459737526412,21.654026247359923
396.1979946615294,25.80200533847066,1.0,1.0
1328.7613597722982,1.3726829785980597,16.84781980492354,3.2752100216517555
1.1870758820224336,471.9049143102308,6.814687114093779,1.9760280659711618

Iteration: ,7500
Error:,0.029375276514215932
Absolute Error:,0.7446890048068119
Transition Probabilities
0.0053490871947534865,0.014439775601887958,0.9575813711116373,0.02262976609172117
0.9384021517898681,0.02583911295528591,0.012447277506673475,0.023311457748172476
0.0038649801811963653,0.009838418506524236,0.01374551661112639,0.9725510847011529
0.005135313582782582,0.02352843016277766,0.012283620969345854,0.9590526352850939

0.0004572473708276181,0.0004572473708276181,0.9850401174021555,0.014045387856189319
0.9376375354699056,0.059167576351180695,0.0015974440894568687,0.0015974440894568687
0.9812603904140517,0.0006826000286098136,0.015319599420700747,0.002737410136637667
0.0016208773430027553,0.983715185026045,0.010413677417472551,0.004250260213479396

Transition Gammas
2.887209380865964,7.793975692948431,516.8616283405761,12.21458364165457
152.15262610532733,4.1895565615234185,2.0182029174696834,3.7797222736143756
2.709693798468685,6.897603704041817,9.636825901236138,681.8445423678659
2.464274832962883,11.29055068879375,5.894521828988705,460.2190761132041

1.0,1.0,2154.2827367585123,30.717263241486013
586.961097204161,37.03890279583912,1.0,1.0
1976.565996253472,1.3749704143489332,30.85847506634246,5.514002039351146
1.1894519685870943,721.8818675018385,7.6418916939741806,3.1189777559386105

Iteration: ,10000
Error:,0.02920320022180356
Absolute Error:,0.7452392033059692
Transition Probabilities
0.004653045536810915,0.013562105297126583,0.9574876751382804,0.02429717402778219
0.939960479779894,0.024975297865462594,0.011331410735226399,0.023732811619416875
0.0031298149803634903,0.01014675437307792,0.01524621398327378,0.9714772166632848
0.005466850462241824,0.02309227910843232,0.012024176713025199,0.9594166937163008

0.0003431708991077557,0.0003431708991077557,0.9856633025851802,0.013650355616604246
0.9393165868599656,0.05831654923470897,0.0011834319526627215,0.0011834319526627215
0.9766413000360561,0.0005138888578718399,0.020247097461213004,0.0025977136448588714
0.001213816887884442,0.9858321010441219,0.009773934497118353,0.0031801475708753235

Transition Gammas
3.2741710365382772,9.543137286545466,673.7476323794517,17.09699654605536
195.1418370356232,5.185032361274919,2.352473699314523,4.927084230730502
2.9525379443887885,9.572028214724083,14.382647401303835,916.4514076082655
3.58200335449124,15.130580541859645,7.878510966877532,628.6313918741072

1.0,1.0,2872.2228637332146,39.777136266784765
793.7225158966712,49.2774841033291,1.0,1.0
2616.329325138973,1.3766594640863863,54.24005193591828,6.959028240058042
1.1904692435553104,966.8697208917625,9.585933861591958,3.1189777559386105

Iteration: ,12500
Error:,0.029433835030719648
Absolute Error:,0.7451175991217132
Transition Probabilities
0.003996727089810177,0.013047848373593381,0.9616647486039678,0.02129067593262858
0.9393918895112219,0.024510940782388833,0.010925047891013425,0.025172121815375918
0.0036735688002722745,0.0103674271403068,0.01566186755167119,0.9702971365077497
0.004380137927514218,0.02214568882692454,0.012041034662642313,0.9614331385829189

0.00027510316368638255,0.00027510316368638255,0.9851890478190128,0.014260745853614375
0.938039988115801,0.06006786429668715,0.0009460737937559127,0.0009460737937559127
0.973959372930229,0.0004082497863781979,0.02232849844680578,0.003303878836587001
0.0009790277542296956,0.9877677773204904,0.007878361707425681,0.003374833217854319

Transition Gammas
3.5767643093589743,11.676823893125231,860.6162174907738,19.053522566528503
237.12733397489993,6.187209093287663,2.7577707545378685,6.354108656055418
4.287975658646633,12.101386318702708,18.281325458103865,1132.5799867124817
3.58200335449124,18.11037300156009,9.84695625272409,786.2439001955099

1.0,1.0,3581.1621888221093,51.83781117788822
991.5082674384018,63.49173256159833,1.0,1.0
3287.218325241249,1.3778872264668622,75.36109955863502,11.150948753982105
1.191224222653184,1201.8585761404297,9.585933861591958,4.106301439519206

Iteration: ,15000
Error:,0.029058951842919133
Absolute Error:,0.7452440086475485
Transition Probabilities
0.00392735897821224,0.015759013766544247,0.9569744528190948,0.023339174436148778
0.9479156706085892,0.021033841081815753,0.009471264746528029,0.021579223563067275
0.003145786389394351,0.01074384569756379,0.014603496117042142,0.9715068717959997
0.00570108172162783,0.019581926921562215,0.01010300653638528,0.9646139848204247

0.0002278423331054911,0.0002278423331054911,0.9847567108677582,0.014787604466030724
0.9394973103311394,0.058924157703588394,0.0007892659826361483,0.0007892659826361483
0.9745647823902821,0.0003387926252149699,0.022314654512766416,0.002781770471736497
0.0008198542204125133,0.9877675039586585,0.008587784085815162,0.0028248577351137547

Transition Gammas
4.179865657432921,16.77222805534717,1018.5024268395331,24.839749623015656
279.11843770566503,6.193518098436267,2.7888605506968513,6.354108656055418
4.370802644389587,14.927659851330981,20.290315852625223,1349.8261733868496
5.5617001704893685,19.103182802134295,9.85600556517287,941.0308474407112

1.0,1.0,4322.097203998589,64.90279600140882
1190.3430921895538,74.65690781044651,1.0,1.0
3966.1303193554077,1.3787648877927523,90.81266779613763,11.32081151381418
1.1917657033231908,1435.8496971361278,12.483471190609487,4.106301439519206

Iteration: ,17500
Error:,0.02939606078371087
Absolute Error:,0.7455189741086089
Transition Probabilities
0.003764704481837262,0.015933112666336638,0.9577626424189739,0.022539540432852306
0.9465392813756206,0.024247706085663002,0.009103197651175753,0.02010981488754058
0.002802775417973523,0.010365643888559288,0.014375578487219126,0.9724560022062481
0.004928562105375902,0.018362136548846514,0.012917329097814048,0.9637919722479635

0.0001946661475569399,0.0001946661475569399,0.9848208467660776,0.014789820938808583
0.9401876369335551,0.05844996524628135,0.0006811989100817436,0.0006811989100817436
0.9748371477467123,0.0002890394248634699,0.0224716522040394,0.0024021606243849586
0.000707773170098933,0.9865628248621334,0.009648728069624395,0.003080673898143307

Transition Gammas
4.639913391879467,19.637202120784004,1180.4208623123905,27.77947538930385
319.1121504257217,8.17476652489414,3.0690125971267417,6.779735822585115
4.517228550418866,16.70629127706913,23.16909630176689,1567.3057459481947
5.6392494148325865,21.009914367359098,14.779978216484704,1102.7685558819067

1.0,1.0,5059.02468983734,75.97531016265968
1380.1954510184594,85.80454898154105,1.0,1.0
4653.0363575877855,1.3796262850412333,107.26039212000852,11.465854320247088
1.192226597522711,1661.840953597273,16.25304648841409,5.1893198482601814

Iteration: ,20000
Error:,0.02841752831337691
Absolute Error:,0.7453490222593634
Transition Probabilities
0.0036704555345649197,0.013762099046477145,0.96103741834175,0.021530027077207824
0.9446833469342695,0.021405544397214468,0.009081711411158792,0.024829397257357253
0.003069238429884953,0.010587837155759597,0.01573332790713876,0.9706095965072167
0.004286430786590637,0.016723410754568218,0.013483085505767583,0.9655070729530736

0.00017099863201094388,0.00017099863201094388,0.9840896013277023,0.015568401408275843
0.9415325344252775,0.05727485973095385,0.000596302921884317,0.000596302921884317
0.9740996089842529,0.0002529140804173927,0.022802127753389176,0.0028453491819406098
0.0006186963140097289,0.9870897909481045,0.00908666648666909,0.0032048462512166615

Transition Gammas
5.237389802542672,19.637202120784004,1371.3086910564214,30.721294182903673
361.101024690854,8.182174525447131,3.4714439575531557,9.490927114556014
5.645093323203576,19.473667556477725,28.937505622100097,1785.1926065208256
5.6392494148325865,22.00140140060784,17.738413573922248,1270.225851587354

1.0,1.0,5754.955988564404,91.04401143559714
1578.950060231191,96.04993976880965,1.0,1.0
5315.993972554656,1.3802384424268852,124.43899225546004,15.528041446174242
1.1926718759137998,1902.8305260711861,17.516528414759982,6.178039053896447

Iteration: ,22500
Error:,0.029325704386666682
Absolute Error:,0.7453347754443566
Transition Probabilities
0.003644488117523213,0.012829228267980887,0.9626440428551787,0.020882240759317217
0.9450579928676499,0.023107149520864362,0.009228235902628711,0.022606621708856953
0.004316537907402074,0.009832335088920412,0.015399462077868077,0.9704516649258094
0.003843185472686294,0.01904619417539987,0.012767949855721024,0.9643426704961928

0.00015186028853454817,0.00015186028853454817,0.9841892240592857,0.015507055363645203
0.9410154095371729,0.05791449950509575,0.0005350454788657034,0.0005350454788657034
0.9736044313989319,0.00022425105663031897,0.023453276769458405,0.002718040774979482
0.0005517571749378583,0.9862502916419,0.009798505095728716,0.0033994460874333743

Transition Gammas
5.8614056312762965,20.63316119849944,1548.2139142054664,33.58476681315445
416.08672758169337,10.173532524393785,4.062974449245687,9.95316194297598
8.9273267747439,20.33492353838768,31.848678981518674,2007.057349602001
5.6392494148325865,27.947191235435525,18.73488913408053,1415.0159754045387

1.0,1.0,6480.886040430398,102.1139595696037
1758.7578004249767,108.242199575024,1.0,1.0
5994.906552461414,1.3808114316589888,144.41204050385704,16.736160935883426
1.1932031541801207,2132.8167756599014,21.189769191112482,7.351476298332877

Iteration: ,25000
Error:,0.028273770461017023
Absolute Error:,0.7452950512212382
Transition Probabilities
0.0035260479157885167,0.011786836781534046,0.9616081991622794,0.02307891614039799
0.9436762024897266,0.022816736644177,0.008518665975994386,0.02498839489010208
0.004207295811952082,0.011097467005396848,0.015587996558075119,0.969107240624576
0.003514944464967025,0.019607038957108223,0.011542313486665047,0.9653357030912597

0.0001365560562610953,0.0001365560562610953,0.984270226980553,0.015456660906924864
0.9415240315859656,0.05751304111504538,0.00048146364949446283,0.00048146364949446283
0.9722740304756707,0.0002016213950371623,0.024478797463962976,0.003045550665329262
0.000496389578442348,0.9868200172097225,0.009214877140941633,0.0034687160708935915

Transition Gammas
6.274394867406482,20.97398276236323,1711.1252295420225,41.067573792239656
462.0780347860249,11.172383918292532,4.171227824544949,12.235752446455507
9.644842825797278,25.439933348034057,35.73406375292344,2221.590169774493
5.7084803286560595,31.843005573886167,18.7454083962112,1567.7629978422774

1.0,1.0,7207.810872178583,113.18912782141068
1955.5454136040519,119.45458639594932,1.0,1.0
6660.85994701314,1.3812688939217261,167.69947202949368,20.86447421964596
1.193567585683388,2372.8064338922154,22.157150631558135,8.34051971668958

Iteration: ,27500
Error:,0.02950122014671551
Absolute Error:,0.7453450541036979
Transition Probabilities
0.003478192775587774,0.011644824278023441,0.962471654530481,0.022405328415907796
0.9394256948648335,0.0243736658905489,0.008794880611983396,0.02740575863263427
0.003989868013478107,0.012120054449240797,0.015371065246724202,0.9685190122905568
0.0038113586080228833,0.018708192934930642,0.012363161154813713,0.9651172873022327

0.00012388503468780982,0.00012388503468780982,0.9839857933093934,0.015766436621231002
0.9403092804734815,0.05881697553350838,0.00043687199650502387,0.00043687199650502387
0.9721380291761119,0.00018289431366642756,0.02489139179076662,0.002787684719454909
0.00045144202614040346,0.9856920357570966,0.009859845514001672,0.003996676702761299

Transition Gammas
6.790488719963058,22.734233841454504,1879.0369985369668,43.7420061772106
502.0704356055489,13.026359740705967,4.700371263096686,14.646843544945812
10.052017673705976,30.535095676972762,38.72564681383218,2440.0732545481114
6.689370517086216,32.835019508123466,21.69876262834722,1693.8912842312686

1.0,1.0,7942.7333235934175,127.26667640657655
2152.3679430038,134.63205699620073,1.0,1.0
7344.650625190249,1.3817943490517623,188.05824974551038,21.061381926319687
1.1938992697872084,2606.7954102249696,26.075690072594526,10.569750091273587

Iteration: ,30000
Error:,0.029775381765794487
Absolute Error:,0.7453506140969647
Transition Probabilities
0.003208527655776172,0.011132782437350287,0.9642387773029325,0.021419912603941053
0.9393058726154275,0.02233623417873208,0.009582405886815156,0.028775487319025263
0.004729066888343324,0.012084081823680036,0.01514108486372794,0.9680457664242487
0.004551875179925657,0.017789229784244926,0.012720476200711076,0.9649384188351183

0.0001134558656682553,0.0001134558656682553,0.9832825378658381,0.016490550402825363
0.9388362044175358,0.060363475454412945,0.0004001600640256103,0.0004001600640256103
0.9730435647989383,0.00016766809238696374,0.023982025887002732,0.0028067412216719995
0.0004134432877578564,0.9855614273019614,0.010319417112427077,0.003705712297853701

Transition Gammas
6.84117633475827,23.737157949473605,2055.9359968319523,45.671228338913345
548.0616216439299,13.032637272168394,5.59109557673173,16.78978137307592
12.997858081230177,33.21314421949098,41.61532854180907,2660.6774201339244
8.65493098199786,33.82442398344831,24.186700914127176,1834.7329587874356

1.0,1.0,8666.652288749478,145.3477112505024
2346.1516748394215,150.84832516057793,1.0,1.0
8021.581054668765,1.3822229980439085,197.70313629021075,23.13822630724061
1.1942265565690855,2846.7837414824958,29.807527002812506,10.703910713126445

Iteration: ,32500
Error:,0.02995035939393004
Absolute Error:,0.7456198496649332
Transition Probabilities
0.003035612297461594,0.011237246619268297,0.9644158451270419,0.021311295956228226
0.9436851517158896,0.02071226683390717,0.008920217852478889,0.02668236359772436
0.004390903777914746,0.011393570232567925,0.015252653139706357,0.9689628728498109
