0,1,2,3,4,5,6,7,8,9,10,11,12,13,14,15,16,17,18,19,20,21,22,23,24,25,26,27,28,29
github Code Version (SHA):,9f467a94f361f009e6dfc129b43c92808a4cfe9c
Environment Observations,Environment Actions,alpha,epsilon,numActions,explore,gainThresh,insertRandActions,useBudd
"['square', 'diamond']","['x', 'y']",0.99,0.99,6000,0.5,0,False,False

Model Num 0
Model States: 
"['square', 'y', 'diamond', 'x', 'square']","['square', 'y', 'diamond', 'x', 'diamond']","['diamond', 'x', 'square']","['diamond', 'x', 'diamond']"
Iteration: ,0
Error:,0.674554960239694
Transition Probabilities
0.25,0.25,0.25,0.25
0.25,0.25,0.25,0.25
0.25,0.25,0.25,0.25
0.25,0.25,0.25,0.25

0.25,0.25,0.25,0.25
0.25,0.25,0.25,0.25
0.25,0.25,0.25,0.25
0.25,0.25,0.25,0.25

Iteration: ,100
Error:,0.2327019165700839
Transition Probabilities
0.13125911260726073,0.7201394288257652,0.07430072928348701,0.07430072928348701
0.1007436644322999,0.7788207985492588,0.060217768509220636,0.060217768509220636
0.724460505057091,0.12169334109675511,0.07692307692307693,0.07692307692307693
0.06666666666666667,0.06666666666666667,0.773131957563523,0.09353470910314357

0.0959905696745038,0.0959905696745038,0.5250180326787327,0.2830008279722598
0.0406796595167648,0.0406796595167648,0.08308406801059677,0.8355566129558736
0.23146089594669997,0.5567755594334054,0.10588177230994732,0.10588177230994732
0.217022020423054,0.6187162201773826,0.08213087969978175,0.08213087969978175

Iteration: ,200
Error:,0.16047302619081036
Transition Probabilities
0.07777058071611335,0.8375705081511208,0.042329455566382956,0.042329455566382956
0.05628286045791589,0.8802943961018539,0.03171137172011519,0.03171137172011519
0.8552651160962498,0.0678118069806733,0.038461538461538464,0.038461538461538464
0.03571428571428571,0.03571428571428571,0.8055251296887187,0.12304629888270988

0.06351680360384435,0.06351680360384435,0.6404213168403676,0.23254507595194368
0.021618754061680276,0.021618754061680276,0.04680170801054726,0.9099607838660922
0.20034412143973954,0.596417654886329,0.12921237378737777,0.07402584988655372
0.19183478955361638,0.7064109938467629,0.05210231210881536,0.049651904490805414

Iteration: ,300
Error:,0.1268597397418848
Transition Probabilities
0.055938481932648304,0.8843496404541221,0.02985593880661476,0.02985593880661476
0.03866970256341895,0.918504744772446,0.02141277633206751,0.02141277633206751
0.9092111556397477,0.0431697967412047,0.023809523809523815,0.023809523809523815
0.02564102564102564,0.02564102564102564,0.8603770161867725,0.08834093253117632

0.08958163196591151,0.049859420094875366,0.6913936569061865,0.1691652910330266
0.019402320070752807,0.019125972403259126,0.033630512690877544,0.9278411948351104
0.18562005989214753,0.6362716572059306,0.11323555977281959,0.06487272312910222
0.15389936676837107,0.7725873644334342,0.03764179414926629,0.035871474648928446

Iteration: ,400
Error:,0.12500795504038625
Transition Probabilities
0.0475294510903084,0.8867617587187648,0.0328543950954634,0.0328543950954634
0.03728018745283787,0.9314036946996663,0.01565805892374786,0.01565805892374786
0.930092572809421,0.03354379082694262,0.01818181818181818,0.01818181818181818
0.01923076923076923,0.01923076923076923,0.8756994013904812,0.08583906014798043

0.0994283940552226,0.049196146253004606,0.7061739823811639,0.1452014773106088
0.01503109042979355,0.014770345100370156,0.02613182825532491,0.9440667362145114
0.15925552333297024,0.6525477012870402,0.12964007299423605,0.058556702385753424
0.12889753987775562,0.7900811255028484,0.05039217442858756,0.03062916019080854

Iteration: ,500
Error:,0.10489993414235228
Transition Probabilities
0.03879475886124506,0.9079811667493355,0.026612037194709757,0.026612037194709757
0.029670859140729713,0.9455546641835794,0.012387238337845467,0.012387238337845467
0.9432318280870845,0.027356407207033168,0.014705882352941176,0.014705882352941176
0.015151515151515148,0.015151515151515148,0.8864062408150115,0.08329072888195825

0.08738591752084153,0.04323765278176596,0.7381284046137196,0.1312480250836729
0.01209839745577633,0.011888525747210945,0.0211797465981488,0.954833330198864
0.16822445719927911,0.6756469803536737,0.1075497611011271,0.048578801345920145
0.11491881676173714,0.8168635082568849,0.042428787342529646,0.025788887638848325

Iteration: ,600
Error:,0.09542656795937977
Transition Probabilities
0.03362213344151077,0.9204090274813529,0.02298441953856825,0.02298441953856825
0.024853741619032553,0.9544918041582118,0.010327227111377832,0.010327227111377832
0.9516276412071145,0.02337235879288556,0.012499999999999997,0.012499999999999997
0.013333333333333329,0.013333333333333329,0.8999127044734319,0.07342062885990144

0.0738538332799045,0.03654211674549676,0.7737559369581645,0.11584811301643427
0.009975707793894447,0.009802658524641513,0.01764273590598943,0.9625788977754747
0.1902101313745715,0.6681566533254927,0.09554632396207333,0.04608689133786258
0.1055686023417498,0.8273663726974126,0.03311469347377665,0.03395033148706104

Iteration: ,700
Error:,0.08657180409148899
Transition Probabilities
0.028946733107650446,0.9308628841383524,0.020457684936575248,0.01973269781742201
0.021232960226610226,0.9552425682593324,0.014726335045597935,0.008798136468459382
0.9587503503788811,0.01997305387643796,0.010638297872340425,0.010638297872340425
0.011235955056179771,0.011235955056179771,0.9153292029497907,0.062198886937849716

0.06561594410200726,0.032466093948761376,0.7977487623249556,0.10416919962427576
0.008646642398379253,0.008496648515293907,0.01533055903120493,0.9675261500551218
0.1950089422052185,0.6844353589240596,0.08132734849931324,0.03922835037140866
0.09792633323586002,0.840904628523814,0.03020343245375593,0.030965605786570035

Iteration: ,800
Error:,0.08265234489590935
Transition Probabilities
0.025425793161661447,0.9393887171098234,0.0179100972392077,0.017275392489307425
0.01884540675366191,0.9603138491332168,0.013046319881235184,0.007794424231886095
0.9653219445112988,0.016820912631558296,0.00892857142857143,0.00892857142857143
0.009999999999999997,0.009999999999999997,0.9245989688115214,0.055401031188478646

0.053682628328420565,0.026561612098691498,0.8336765120448497,0.08607924752803824
0.0076754770645757805,0.007542330051387862,0.013643747347238494,0.971138445536798
0.23287494485392063,0.6531580517843547,0.07688258860131209,0.037084414760412465
0.10243803142497836,0.8423827167544735,0.027245855961684818,0.027933395858863223

Iteration: ,900
Error:,0.08328801327409065
Transition Probabilities
0.022121135797267783,0.9208888551291918,0.03949972200890405,0.01749028706463637
0.01698392385007867,0.9633837525975238,0.012608194790732923,0.007024128761664588
0.9696267082273107,0.014748291772689317,0.007812500000000002,0.007812500000000002
0.008928571428571426,0.008928571428571426,0.9237213209727235,0.05842153617013354

0.0635318257578047,0.028065229090820737,0.8277270449745117,0.08067590017686285
0.006837445339149087,0.006713977622558806,0.012166305371216136,0.9742822716670759
0.22478729690384225,0.6499863033901517,0.07332666442562202,0.05189973528038408
0.09160581293594082,0.8566407593526799,0.02392567256606856,0.02782775514531077

Iteration: ,1000
Error:,0.07702686689018035
Transition Probabilities
0.020264383448570716,0.9275919196322341,0.036140747585545245,0.016002949333649968
0.015380464486264572,0.966865533850025,0.01140190618260879,0.006352095481101629
0.9722111645126308,0.013503121201654875,0.007142857142857143,0.007142857142857143
0.008130081300813006,0.008130081300813006,0.9304840361459107,0.05325580125246321

0.07114207720809314,0.028829287669380317,0.824822233713223,0.07520640140930343
0.008610534437163838,0.008001423541623837,0.010791596375763116,0.9725964456454492
0.23383302213008988,0.6499943778958873,0.06802518697132708,0.04814741300269583
0.08189509938838621,0.8727128267513903,0.020984810944912807,0.024407262915310677

Iteration: ,1100
Error:,0.0744321169508955
Transition Probabilities
0.01899355292710259,0.9344022166665225,0.03230134852435746,0.014302881882017466
0.017597634565161613,0.9663351220647957,0.010318642804502481,0.005748600565540275
0.9745577020977976,0.012370402477365894,0.006535947712418301,0.006535947712418301
0.007462686567164177,0.007462686567164177,0.9361905704921419,0.04888405637352967

0.06894753330385617,0.027939980806252415,0.8297763252363511,0.0733361606535402
0.00774614119332116,0.007198177645451388,0.009728843516583256,0.9753268376446442
0.2323019487202561,0.6523987112801555,0.06751384717994117,0.04778549281964735
0.07373213310946916,0.8858304452839572,0.018694269182912858,0.021743152423660782

Iteration: ,1200
Error:,0.07250213770449661
Transition Probabilities
0.017642384418005773,0.9391081784498807,0.029976144442363628,0.013273292689750015
0.016166367577050117,0.969091077872383,0.009467906281722557,0.005274648268844388
0.9761099152304502,0.011620146119243021,0.006134969325153374,0.006134969325153374
0.006849315068493148,0.006849315068493148,0.9413843024267365,0.04491706743627713

0.07781130422921391,0.02906657978213422,0.8222772475908462,0.0708448683978058
0.009176324805819685,0.008094746243983679,0.008801690087558607,0.9739272388626381
0.2206521541391247,0.6736755879347298,0.061876682666271804,0.04379557525987376
0.06697422138540189,0.8966099994870693,0.01683505897430544,0.019580720153223215

Iteration: ,1300
Error:,0.07064880186755765
Transition Probabilities
0.01679030292871205,0.9420866140639514,0.028502370386409303,0.012620712620927151
0.014410916883801096,0.9724657437683322,0.008428020165885428,0.0046953191819813
0.9776153662226914,0.010890380903745334,0.005747126436781609,0.005747126436781609
0.006410256410256409,0.006410256410256409,0.9450999156709762,0.04207957150851105

0.07251367862201426,0.02702091993994464,0.8350969238902788,0.06536847754776226
0.01037753015674562,0.00885974086464851,0.00819261447558526,0.9725701145030206
0.21093506165689063,0.6909677651503745,0.057441070865992504,0.04065610232674243
0.06290236345815654,0.9030906240632341,0.015721483223313463,0.018285529255295942

Iteration: ,1400
Error:,0.06496888071113502
Transition Probabilities
0.01563652090142656,0.9461005914168609,0.026519971680216345,0.011742916001496193
0.013309703151402856,0.9745803636168486,0.007777194415177113,0.004332738816571472
0.9791644545099742,0.010140358324250382,0.0053475935828877,0.0053475935828877
0.0059171597633136085,0.0059171597633136085,0.9433632219703649,0.04480245850300783

0.06884122405440968,0.02565244570528898,0.8430965639000007,0.06240976634030065
0.009664959329294705,0.008251388705361403,0.007639661498210694,0.9744439904671331
0.2168403256840339,0.6919114094976162,0.05343067363961376,0.03781759117873616
0.059498186903138676,0.9085649802341481,0.014764436669429068,0.017172396193284194

Iteration: ,1500
Error:,0.07237902989580627
Transition Probabilities
0.014651556879997047,0.9434699955345981,0.03069024171719034,0.011188205868214424
0.012251524413908237,0.9738427875802932,0.00947015452272363,0.004435533483074958
0.9801162144584223,0.009679703908924612,0.005102040816326529,0.005102040816326529
0.005586592178770948,0.005586592178770948,0.946502542071908,0.042324273570550054

0.06904700163312459,0.025636816416598037,0.843395501411857,0.061920680538420265
0.012357931231334841,0.009942287536355924,0.007099657193197554,0.9706001240391118
0.2054017625654386,0.6962703536701969,0.058450190065265105,0.03987769369909949
0.05519375865106345,0.9144755879176414,0.014082476528400067,0.016248176902895133

Iteration: ,1600
Error:,0.06875275680751954
Transition Probabilities
0.013789062124637038,0.9465887415642855,0.02906613860039545,0.010556057710681856
0.011528536774124791,0.9728306599567828,0.011012078252611265,0.004628725016481145
0.9816124220247312,0.008953615711117885,0.004716981132075471,0.004716981132075471
0.005263157894736841,0.005263157894736841,0.949589238254511,0.03988444595601533

0.0642718952461438,0.023863842602858638,0.8541200678506757,0.05774419430032177
0.011617020689693294,0.009346205109141947,0.006678189733257671,0.972358584467907
0.20036677985741513,0.6887696175862278,0.056852446895874834,0.05401115566048233
0.05175088597842969,0.9198123139793306,0.013154332318734474,0.015282467723505309

Iteration: ,1700
Error:,0.06575085155747554
Transition Probabilities
0.013274525974170092,0.9485976504854209,0.027969893310712667,0.010157930229696226
0.010654746933395411,0.9749008803664955,0.01016971825211849,0.004274654447990642
0.9821162132163803,0.008709474857014144,0.004587155963302751,0.004587155963302751
0.005025125628140702,0.005025125628140702,0.9518427574382254,0.03810699130549307

0.06392068227648384,0.023696934812861906,0.8550339810352898,0.057348401875364455
0.01237047712540778,0.009674253720596408,0.006225806164053438,0.9717294629899423
0.19240813135325974,0.7033392320717846,0.05346224863673921,0.05079038793821642
0.04758451140432005,0.9264057780758288,0.01203160605919077,0.013978104460660569

Iteration: ,1800
Error:,0.06631970271207045
Transition Probabilities
0.012613426456061217,0.9513570488018734,0.026430618626925105,0.009598906115140055
0.01239543021367129,0.9739398752695742,0.009620777317357122,0.004043917199397446
0.9743220024941067,0.016982345331980245,0.00434782608695652,0.00434782608695652
0.004587155963302752,0.004587155963302752,0.9422206513169831,0.04860503675641141

0.062496542499905765,0.02316897193374242,0.8582147792396037,0.056119706326748064
0.011686824241222419,0.009139607288500228,0.005883358078309516,0.973290210391968
0.19703804532353106,0.705509493505336,0.04997502106958594,0.047477440101547204
0.04620436034578043,0.9286249221942874,0.011643503547413982,0.013527213912518272

Iteration: ,1900
Error:,0.06834303742238376
Transition Probabilities
0.011954789835358921,0.9491865940926961,0.029214016680526086,0.00964459939141892
0.011846586330437954,0.9750804122155696,0.009207087763642706,0.003865913690349611
0.9716790166060777,0.020124262082446855,0.004098360655737703,0.004098360655737703
0.004329004329004328,0.004329004329004328,0.9454291985958856,0.045912792746105685

0.05983181209545754,0.02218109226101102,0.8641832415056898,0.053803854137841466
0.011074871786968395,0.008661033726027395,0.005577678400525901,0.9746864160864783
0.1992682201287288,0.6976982491507115,0.04699827270283148,0.05603525801772805
0.04396631422627726,0.9270460534505167,0.013006190189616983,0.015981442133589083

Iteration: ,2000
Error:,0.06995763815433596
Transition Probabilities
0.011314776716126108,0.9483910978972747,0.027635160138774338,0.01265896524782482
0.011342813167607086,0.9756824983798073,0.008812701859826357,0.004161986592759223
0.9731983091279258,0.019049752887578087,0.0038759689922480602,0.0038759689922480602
0.004098360655737704,0.004098360655737704,0.948327751427389,0.04347552726113561

0.07545895627465445,0.02373966901228218,0.8496930923992756,0.05110828231378789
0.01178149916383096,0.008863273964684126,0.005280476033603286,0.9740747508378816
0.19738731221811967,0.7010029002519579,0.04634883877327076,0.05526094875665154
0.04182751286932566,0.9306594657277443,0.01234456077915145,0.015168460623778718

Iteration: ,2100
Error:,0.06721967933853604
Transition Probabilities
0.010825072149793363,0.950635025764981,0.026432050718045958,0.01210785136717963
0.010839075516888227,0.976767302813051,0.008418028158507515,0.0039755935115531335
0.9745614557578537,0.0180856030656757,0.0036764705882352928,0.0036764705882352928
0.00392156862745098,0.00392156862745098,0.950548724025427,0.041608138719671076

0.07183006100168837,0.02259800502813049,0.8566810817480034,0.04889085222217782
0.011201285767482227,0.008426776858644654,0.0050239140959152245,0.975348023277958
0.19099701981800626,0.7104570593778192,0.04589351293424391,0.05265240786993061
0.03988337731106284,0.930157736665736,0.0155343110349162,0.01442457498828499

Iteration: ,2200
Error:,0.0645682270412605
Transition Probabilities
0.010435216655097293,0.9505940541032377,0.026980462845854213,0.011990266395810804
0.010451240439252961,0.976498144512898,0.009019158750738483,0.004031456297110525
0.9757123959551128,0.017270060185238,0.0035087719298245606,0.0035087719298245606
0.003703703703703703,0.003703703703703703,0.9532484495705542,0.03934414302203832

0.06791408506987187,0.021366024398249816,0.8644001969162936,0.0463196936155848
0.01069731125283051,0.00804763460073149,0.00479960535167724,0.9764554487947609
0.17945612501770702,0.7205247751060214,0.04206833996545954,0.05795075991081188
0.03834503686173561,0.9324036361584119,0.014912910259571713,0.014338416720280724

Iteration: ,2300
Error:,0.06627089387951125
Transition Probabilities
0.009927276267254731,0.9530097096075555,0.025659701396886964,0.011403312728302917
0.010065529291446452,0.9773695852288563,0.008683475561170355,0.0038814099185269604
0.976913723725314,0.016419609608019317,0.0033333333333333327,0.0033333333333333327
0.0035460992907801413,0.0035460992907801413,0.9552378772484029,0.037669924170036694

0.06553013903023078,0.02061602608501805,0.8690665096143845,0.04478732527036683
0.010196840469661794,0.007671128215520158,0.004576985552132415,0.9775550457626856
0.18674045733570593,0.7154352496787548,0.041145197460157275,0.05667909552538187
0.03673073192452262,0.9353221317062808,0.014248007858682918,0.013699128510513647

Iteration: ,2400
Error:,0.06330343566864424
Transition Probabilities
0.009572429557790004,0.9516431523589214,0.02779210234997813,0.010992315733310495
0.00969086344634069,0.9778550066173141,0.008718328031096914,0.0037358019052484647
0.9778645822437894,0.015745641398383282,0.003194888178913738,0.003194888178913738
0.003424657534246575,0.003424657534246575,0.9567554917096973,0.03639519322180959

0.06253213284995007,0.01964395257689705,0.8751263276921514,0.04269758688100148
0.010888950686643518,0.00795511407044863,0.004377184538572814,0.9767787507043351
0.19076272071443565,0.7155602243427046,0.039400856428164835,0.05427619851469476
0.034993580944836164,0.9384503367033543,0.01353882075951992,0.013017261592289588

Iteration: ,2500
Error:,0.057232580813176094
Transition Probabilities
0.009426886154063554,0.9532960792092846,0.0267270811898006,0.010549953446851081
0.01263209125480971,0.9737768977142086,0.009759889942546602,0.003831121088435135
0.9785886291109918,0.015238531382835426,0.0030864197530864196,0.0030864197530864196
0.0033003300330032995,0.0033003300330032995,0.9583162392790191,0.03508310065497422

0.06150442111716966,0.019321105432215414,0.8771187857630326,0.04205568768758234
0.010441671080369476,0.007628346102469877,0.004199004767046239,0.9777309780501143
0.18569362966432765,0.7148331208196812,0.041247848077370385,0.05822540143862076
0.03341644173108342,0.9408824965097053,0.013075806359847555,0.012625255399363567

Iteration: ,2600
Error:,0.06271348612871204
Transition Probabilities
0.00912887815849815,0.9545535775076016,0.026073710814032574,0.010243833519867868
0.012069500520475875,0.9717245923836542,0.012144938862993183,0.004060968232876869
0.9792830985378974,0.014746752208371352,0.0029850746268656725,0.0029850746268656725
0.0031948881789137375,0.0031948881789137375,0.9596439528942544,0.03396627074791803

0.0595538394352412,0.018708346322445224,0.8808853414946027,0.040852472747710936
0.010064163837043841,0.007352551559037912,0.004049047764741937,0.9785342368391763
0.18683487016042716,0.7098013086908538,0.03952394260057935,0.06383987854813977
0.03204643265054506,0.9397423863630616,0.015864906977839956,0.012346274008553506

Iteration: ,2700
Error:,0.06279810639437401
Transition Probabilities
0.008827264004209141,0.9560633407669641,0.025206335803863847,0.009903059424963041
0.011753234764908043,0.9724685068329985,0.011824452807505534,0.003953805594588
0.9801609120031859,0.014124802282528463,0.002857142857142858,0.002857142857142858
0.0030674846625766868,0.0030674846625766868,0.9581731005805232,0.03569193009432344

0.055981815414608484,0.01758622450655865,0.8878596480323167,0.03857231204651625
0.009713874466037675,0.007096641510015666,0.003910921414262952,0.9792785626096837
0.19169576818248313,0.7020651428724972,0.03988378918315583,0.0663552997618639
0.03243085212503709,0.9370155001984207,0.018621731449635692,0.011931916226906376

Iteration: ,2800
Error:,0.06518057594612124
Transition Probabilities
0.008570157041467822,0.9540550061035917,0.02732193190840608,0.010052904946534403
0.011279239744494782,0.9735746507113512,0.011352097921083206,0.0037940116230706774
0.9807038893065203,0.013740555137924104,0.0027777777777777788,0.0027777777777777788
0.0029761904761904756,0.0029761904761904756,0.9594140161800636,0.03463360286755545

0.05475475278193989,0.01720075292472625,0.8902406116910613,0.03780388260227254
0.009341400951024028,0.006824524445164868,0.0037625870744424947,0.9800714875293686
0.18798756250168336,0.7010737130675206,0.04094685418707873,0.06999187024371742
0.03393504763312371,0.9366578910639335,0.017892629227825346,0.011514432075117412

Iteration: ,2900
Error:,0.06526886183377748
Transition Probabilities
0.008238819150086287,0.9558382007569187,0.026260588637675837,0.009662391455319223
0.010879367146333615,0.9745158572822412,0.010946364934106553,0.0036584106373186336
0.9815674867713635,0.013127473440838113,0.002652519893899205,0.002652519893899205
0.002873563218390804,0.002873563218390804,0.9608135328635097,0.03343934069970871

0.05267756295613704,0.01652713295734444,0.8945170747784027,0.03627822930811585
0.010031460059451526,0.007121044908535173,0.0036473449188229507,0.9792001501131903
0.1858496992367695,0.7050613083395679,0.04026412859085539,0.06882486383280714
0.03321415524084065,0.938033503582623,0.017494266931467207,0.01125807424506914

Iteration: ,3000
Error:,0.06291380256464375
Transition Probabilities
0.007845928654612576,0.9549330047004971,0.027661674168935696,0.00955939247595457
0.010668808833095875,0.9750025093115418,0.010740565537193353,0.0035881163181689553
0.9824882121809929,0.012474004443692238,0.0025188916876574307,0.0025188916876574307
0.00273972602739726,0.00273972602739726,0.9626356344079179,0.031884913537287556

0.05663597190109831,0.01646344836938568,0.8920528698194631,0.034847709910052885
0.009718875482528035,0.006897455522935537,0.0035328294586251903,0.9798508395359113
0.19059401454048697,0.6938777510897255,0.039605054570161655,0.07592317979962587
0.032903423034710846,0.9387672916892028,0.017219840598825305,0.011109444677260896

Iteration: ,3100
Error:,0.06492648050025486
Transition Probabilities
0.007566584298422284,0.9566281281556182,0.026609506037822056,0.00919578150813751
0.011804377684316717,0.9742561295720017,0.010448835202012206,0.0034906575416693794
0.9832777905942242,0.011914517098083487,0.0024038461538461535,0.0024038461538461535
0.002645502645502645,0.002645502645502645,0.9639206522721958,0.030788342436798833

0.05442650416500449,0.015821180623711156,0.8961910781255032,0.0335612370857812
0.009422946959152927,0.0066874359757546666,0.0034269214553021856,0.9804626956097902
0.18928522829314634,0.6963063028080132,0.03922117981586837,0.07518728908297213
0.03214388093996537,0.9402016291150016,0.016809669006978764,0.010844820938054273

Iteration: ,3200
Error:,0.0633335148805883
Transition Probabilities
0.007315322992692619,0.9578366440611698,0.025958856591517976,0.008889176354619705
0.011522533719889686,0.973592575202765,0.011478058318329059,0.00340683275901631
0.9838924928848174,0.011477877485552885,0.0023148148148148143,0.0023148148148148143
0.0025445292620865138,0.0025445292620865138,0.9652903078942315,0.02962063358159543

0.052383909188805124,0.021384791958271,0.8938251194264397,0.032406179426484216
0.009131579284147644,0.0064878757309900035,0.0033229245102717776,0.9810576204745906
0.19162171373546136,0.6985546742515389,0.03764941246262646,0.0721741995503731
0.03153920882544105,0.9413771712129042,0.016462668014167722,0.010620951947486967

Iteration: ,3300
Error:,0.06310355091180236
Transition Probabilities
0.009673099092118137,0.9569126259590091,0.024890827348792346,0.008523447600080449
0.011270106656682067,0.9742061635721525,0.011199559099684005,0.0033241706714814095
0.9844925329021971,0.011053124113393133,0.002227171492204899,0.002227171492204899
0.0024509803921568623,0.0024509803921568623,0.9641154191236103,0.030982620092075988

0.051117396990047845,0.020867761055032782,0.8963644312125232,0.031650410742396204
0.008856956761653564,0.006292759777502566,0.0032235357654331748,0.9816267476954107
0.19058518179006673,0.7004688426483702,0.03734854367724669,0.07159743188431632
0.030831147409535218,0.9427148384504364,0.016079964681455977,0.010374049458572262

Iteration: ,3400
Error:,0.05909452794970025
Transition Probabilities
0.009479770236372306,0.9577790316476883,0.02438944166059016,0.008351756455349219
0.0108540610183868,0.9751636629278697,0.010782032541178998,0.003200243512564406
0.9847615645181438,0.010862067866976646,0.002188183807439824,0.002188183807439824
0.002398081534772182,0.002398081534772182,0.9648850575697758,0.030318779360679816

0.05043916765144058,0.02055936921028188,0.8978662890526223,0.031135174085655193
0.009403447673264327,0.006497334896882074,0.0031183955683258473,0.9809808218615278
0.19373331903293056,0.7006448279970012,0.03620897760188664,0.06941287536818168
0.029596773507525233,0.9450554130347584,0.015407565105042969,0.009940248352673315

Iteration: ,3500
Error:,0.05915764703845294
Transition Probabilities
0.011682688875063909,0.9567056801844239,0.02354800902183201,0.00806362191868021
0.010641160772442003,0.9756733908569629,0.010553142357168406,0.003132306013426653
0.9851754890389001,0.010569191812163876,0.0021276595744680843,0.0021276595744680843
0.002320185614849188,0.002320185614849188,0.9660169760023531,0.029342652767948493

0.049554487057475935,0.020198767007442574,0.8996215119231913,0.03062523401189032
0.009102703798900201,0.0062895351900271925,0.003019523351209799,0.9815882376598628
0.20358983283525497,0.693954842088247,0.0351234376842474,0.06733188739225075
0.028778050667392086,0.9466244579599918,0.014951484883558793,0.009646006489057168

Iteration: ,3600
Error:,0.0597528402930111
Transition Probabilities
0.011362872652920939,0.9578304122421383,0.022898602979842867,0.007908112125097911
0.010364871780862388,0.9750904663675176,0.010276909784722156,0.004267752066897895
0.9855417850749122,0.010308837331726755,0.0020746887966804966,0.0020746887966804966
0.0022522522522522522,0.0022522522522522522,0.9670054997960299,0.028489995699465604

0.04882803267848733,0.019841337055615,0.901344876527842,0.029985753738055683
0.010455993351560375,0.0068396968458460505,0.002931747123650256,0.9797725626789433
0.20534529205447233,0.6958984802339098,0.03385532384354343,0.06490090386807455
0.028065829671547728,0.9479798293138096,0.014560548559629427,0.009393792455013131

Iteration: ,3700
Error:,0.06016769672319218
Transition Probabilities
0.011069829932970945,0.9565080703380776,0.024718934334343627,0.007703165394607928
0.010158744760778778,0.9755817546371177,0.010077106386720101,0.004182394215383381
0.9859467910893344,0.010020950846149472,0.002016129032258063,0.002016129032258063
0.002188183807439825,0.002188183807439825,0.9679385706099257,0.027685061775194628

0.047437868527364514,0.019276441974408646,0.9040064071600814,0.02927928233814547
0.010155218784108562,0.006642947786130565,0.0028500458412189316,0.9803517875885419
0.20540232266318348,0.693346234315449,0.03911938636336623,0.06213205665800145
0.027341994059736155,0.949330924320961,0.01419161819911365,0.009135463420189184

Iteration: ,3800
Error:,0.05719492355846192
Transition Probabilities
0.010771402492514993,0.9553358210093228,0.026398436700231693,0.007494339797930437
0.009911662050536691,0.9761736518422456,0.009834881481540129,0.004079804625677509
0.9863568862897276,0.009729219385419222,0.0019569471624266135,0.0019569471624266135
0.002136752136752137,0.002136752136752137,0.9686904773012712,0.027036018425224528

0.04640048335241427,0.0187527171041844,0.906328904660332,0.028517894883069318
0.010987663920974127,0.006456457995509921,0.0027707114942646166,0.9797851665892514
0.20439724482882154,0.695093002776829,0.038832827660254345,0.06167692473409518
0.026556351835342773,0.9508084345975452,0.013770702826968208,0.008864510740143848

Iteration: ,3900
Error:,0.06037938097005784
Transition Probabilities
0.010564286523052566,0.9561988309982343,0.025887573367585393,0.007349309111127649
0.009663586093193299,0.976772694382523,0.009586818771354588,0.003976900752929001
0.9846978636118036,0.011463364795106259,0.0019193857965451046,0.0019193857965451046
0.0020746887966804984,0.0020746887966804984,0.9675147858867087,0.02833583651993031

0.045888334982814596,0.018545732762716923,0.9073018220015947,0.028264110252873783
0.010675718529261623,0.006273155854766421,0.002693310723845888,0.980357814892126
0.1979291848803501,0.699755532622091,0.04343855971560987,0.05887672278194894
0.025813193197296132,0.9521800935640198,0.013398215165487433,0.0086084980731966

Iteration: ,4000
Error:,0.05954595436795782
Transition Probabilities
0.010375989181405134,0.9569433398899075,0.025422979066416048,0.007257691862271345
0.009380294774643314,0.9763452278159429,0.009303718447048616,0.004970758962365125
0.985066958584242,0.011187723063698161,0.0018726591760299617,0.0018726591760299617
0.0020283975659229213,0.0020283975659229213,0.9682379050955399,0.027705299772614246

0.044206126824178286,0.018008443589194144,0.9104436176185572,0.027341811968070413
0.010428147356127527,0.007209383953953045,0.002632719480454356,0.9797297492094651
0.1971527417578381,0.7041180698085855,0.041916062222160516,0.05681312621141584
0.02613916170154047,0.95228991580294,0.013132895302374843,0.008438027193144688

Iteration: ,4100
Error:,0.05819353517442882
Transition Probabilities
0.010188006899710302,0.9555046007115783,0.027013745051722732,0.0072936473369887385
0.0092163027453222,0.9767557275081306,0.009144115647840734,0.004883854098706387
0.9855248977009384,0.010845338233725913,0.0018148820326678763,0.0018148820326678763
0.0019841269841269845,0.0019841269841269845,0.9689247180186538,0.02710702801309228

0.04142437491571192,0.016875229125009272,0.9159931271583311,0.025707268800947806
0.010224649351676229,0.007068697866784302,0.0025829375440758777,0.9801237152374636
0.20271106804054767,0.6969286300057085,0.042460083872340515,0.05790021808140331
0.026859983198393833,0.9502738478627853,0.01393032435602806,0.008935844582792642

Iteration: ,4200
Error:,0.058934138941768036
Transition Probabilities
0.009952638063341202,0.9543654551882049,0.028409507032291573,0.007272399716162246
0.009004052539517967,0.9772888714490837,0.008935895299900956,0.004771180711497333
0.9858809071160266,0.010579269875123788,0.0017699115044247783,0.0017699115044247783
0.0019379844961240314,0.0019379844961240314,0.9696443836890077,0.026479647318744106

0.04026434006094108,0.016402660643116986,0.9183223717525519,0.025010627543390063
0.009995684275971355,0.006910405402511401,0.0025255082648485477,0.9805684020566687
0.20967215834828173,0.6926740707951929,0.041315014206807214,0.05633875664971813
0.026276968299425257,0.9513909189780885,0.013604971371109742,0.008727141351376519

Iteration: ,4300
Error:,0.05528780539317247
Transition Probabilities
0.011915849399654291,0.9510811215082507,0.029881319203140175,0.00712170988895478
0.009712651360083339,0.976000464864035,0.009464546545229479,0.004822337230652175
0.9860952441015618,0.010420435340946907,0.0017421602787456442,0.0017421602787456442
0.00189753320683112,0.00189753320683112,0.9683707559891099,0.027834177597227797

0.03981700120087739,0.016188520819569088,0.9193336890597469,0.02466078891980676
0.01118914849651842,0.007416229639854364,0.002478811860125471,0.9789158100035017
0.20464385714751623,0.6959845654253594,0.0398968266473518,0.0594747507797726
0.02584190964775768,0.9520442750283326,0.013369208432558812,0.00874460689135089

Iteration: ,4400
Error:,0.058937464584950056
Transition Probabilities
0.011683975007684366,0.9519845976698839,0.02934384557025437,0.006987581752177445
0.009403938069111474,0.9757804166127005,0.009947053111367152,0.004868592206820834
0.9862848507002867,0.010278723182874878,0.0017182130584192444,0.0017182130584192444
0.0018656716417910452,0.0018656716417910452,0.9689003442453518,0.027368312471066136

0.039920138056268414,0.016214953272445796,0.9191858061460305,0.024679102525255146
0.011593977754033674,0.007526416800228378,0.002416295005046543,0.9784633104406915
0.2032970952031925,0.6982657759736263,0.03952165363583633,0.058915475187345
0.025017780763439575,0.9535994242846005,0.01292726010397359,0.008455534847986263

Iteration: ,4500
Error:,0.05676946874941161
Transition Probabilities
0.011426454705472324,0.9529905087062727,0.028750248326062388,0.006832788262192676
0.009235114768033447,0.9752491834055531,0.010735112488519372,0.004780589337893899
0.9866270615158158,0.01002285473209032,0.0016750418760469014,0.0016750418760469014
0.0018248175182481756,0.0018248175182481756,0.9695771213991624,0.026773243564341284

0.0386781180502481,0.015710463625323946,0.9216758391663344,0.02393557915809345
0.011339693219082563,0.007361343911829186,0.0023637327165420556,0.9789352301525462
0.20968521440993843,0.69447548691756,0.03847864735713511,0.057360651315366426
0.02451818882827997,0.9545525675021929,0.012653059494947973,0.008276184174579261

Iteration: ,4600
Error:,0.061350484385219894
Transition Probabilities
0.011273331151471083,0.9516161518066623,0.030262356816103387,0.006848160225763263
0.008924305301678356,0.9760829234636168,0.010374087015287432,0.004618684219417345
0.9867811969894414,0.009907544732412754,0.0016556291390728477,0.0016556291390728477
0.001798561151079137,0.001798561151079137,0.970009288753512,0.026393588944329777

0.03827209015668052,0.015624942889250659,0.9224716200392917,0.023631346914777116
0.011712981013984533,0.008486340822982191,0.002313548521469915,0.9774871296415635
0.21066759682514927,0.6909763863025702,0.037488957555966665,0.06086705931631383
0.023888221387475615,0.9556757881978869,0.012313635818419448,0.008122354596218037

Iteration: ,4700
Error:,0.055506860924908905
Transition Probabilities
0.01109885742803027,0.952369708998517,0.029790134062438245,0.006741299511014529
0.008747676026853791,0.9765582067693072,0.010167436566536693,0.004526680637302211
0.9838673177393444,0.012901664490057774,0.0016155088852988695,0.0016155088852988695
0.0017574692442882253,0.0017574692442882253,0.9706874346416586,0.02579762686976494

0.03697565585827604,0.015095661321682554,0.9250817670368452,0.02284691578319623
0.011477794829845366,0.00831594268837592,0.002267363430028067,0.9779388990517507
0.22061998622550905,0.6839434131282268,0.036376205388222345,0.05906039525804181
0.023537703386660426,0.9563605415416658,0.012112243460750724,0.00798951161092308

Iteration: ,4800
Error:,0.05332117334327486
Transition Probabilities
0.010930989205263107,0.9530957594203554,0.029334955578731423,0.006638295795650047
0.008507568433110938,0.9772047036232049,0.00988623988308667,0.0044014880605974605
0.9840205484549133,0.012779451545086744,0.0016000000000000005,0.0016000000000000005
0.0017331022530329293,0.0017331022530329293,0.9710914041930762,0.025442391300857993

0.036973722084724,0.015094871840334981,0.9250571177547987,0.02287428832014231
0.011189049136518876,0.008106739381223686,0.002210999280480813,0.9784932122017765
0.21914309987421748,0.6864396923623303,0.035987657969041915,0.0584295497944103
0.02269414055248928,0.9579440770687294,0.011666375456754823,0.007695406922026449

Iteration: ,4900
Error:,0.05844536588768817
Transition Probabilities
0.010741515159856281,0.9539130978411825,0.02882295366456656,0.006522433334394793
0.008355987689467187,0.9776122875220279,0.009709101249645075,0.004322623538859769
0.9843184677170717,0.012541814857496622,0.0015698587127158563,0.0015698587127158563
0.0016920473773265655,0.0016920473773265655,0.9700789417146227,0.026536963530724197

0.036045120491041534,0.014715761454443945,0.9268912399209344,0.0223478781335801
0.010955050856280743,0.007937201912007131,0.0021656183909343186,0.9789421288407778
0.22337216345340827,0.685387669019129,0.034776710938569225,0.05646345658889345
0.022328114977370674,0.9586432118088909,0.011465661673723385,0.007563011540014983

Iteration: ,5000
Error:,0.05437231137213197
Transition Probabilities
0.010530508430675656,0.9529538306393782,0.030030734135714356,0.006484926794231725
0.00815557976204067,0.9781456875124043,0.009479914848771158,0.004218817876783908
0.9845345889578052,0.012369435809996578,0.001547987616099072,0.001547987616099072
0.0016583747927031512,0.0016583747927031512,0.9706706746214251,0.02601257579316863

0.035967150033770844,0.014675309168071318,0.9270919556814438,0.022265585116714125
0.011294857533702725,0.008065168925655104,0.0021195441831689745,0.9785204293574732
0.22521890653299534,0.6851715452855897,0.034155191062125896,0.05545435711928915
0.021838052455181556,0.9595685963693441,0.011203359875075276,0.007389991300399094

Iteration: ,5100
Error:,0.05578456116074834
Transition Probabilities
0.010310954290213396,0.9521044358125131,0.031153659497258776,0.006430950400014642
0.007997754036828002,0.9785667444949927,0.009298525606483758,0.004136975861695474
0.9849054584888965,0.012073393474849658,0.001510574018126889,0.001510574018126889
0.0016207455429497572,0.0016207455429497572,0.9680924688706002,0.028666040043500315

0.03510127483508179,0.014322014947378383,0.9288357473927121,0.021740962824827702
0.011106414652360303,0.007930610019858479,0.0020843955240739914,0.9788785798037073
0.2271378411765946,0.6799953645990825,0.0336819279715914,0.0591848662527315
0.02153090610410318,0.9600990211695459,0.01103754432837664,0.007332528397974275

Iteration: ,5200
Error:,0.05435315017149745
Transition Probabilities
0.010023721994689361,0.9534416562078244,0.030283330609281706,0.006251291188204455
0.007887033206920063,0.9788645937954796,0.00916901656809753,0.004079356429502737
0.9852586294414017,0.01179151805122369,0.0014749262536873167,0.0014749262536873167
0.0015772870662460572,0.0015772870662460572,0.9689426945332896,0.027902731334218354

0.03742388432994775,0.014681790506300309,0.926390952306932,0.021503372856819896
0.011578233249420668,0.008098307741043476,0.002042930463109393,0.9782805285464264
0.22478952274372255,0.6839924031354992,0.033083952427838174,0.05813412169294
0.021335012397706105,0.9604663258345658,0.010934553116400996,0.007264108651327218

Iteration: ,5300
Error:,0.055214162158919826
Transition Probabilities
0.009986797128621988,0.9526758990231811,0.03117482177533091,0.006162482072866003
0.008505217480111004,0.9784352767817387,0.009039009323621866,0.004020496414528392
0.9855923497906488,0.011525805828947744,0.0014409221902017299,0.0014409221902017299
0.0015408320493066258,0.0015408320493066258,0.9696567183003141,0.027261617601072714

0.036839242990319765,0.01445242944922607,0.9275360909872747,0.02117223657317925
0.011363085290805453,0.007947824127422157,0.002005083215500027,0.9786840073662723
0.22222243724699567,0.6840128205535455,0.03353278693879467,0.06023195526066421
0.02269390001234536,0.9592632739872631,0.01083260120087854,0.007210224799512995

Iteration: ,5400
Error:,0.054554267208322633
Transition Probabilities
0.009778065615126766,0.9535307927632443,0.03065860372300443,0.0060325378986245725
0.00840252662783161,0.9779378361413075,0.009687857150803943,0.003971780080057142
0.9845487408230721,0.01264227041288303,0.0014044943820224723,0.0014044943820224723
0.001508295625942685,0.001508295625942685,0.9702951148050576,0.02668829394305703

0.035847420105349304,0.014063326712372058,0.9294542998989088,0.02063495328336968
0.011156579974784652,0.007803385544844668,0.00196927549229496,0.9790707589880756
0.22700576082942253,0.6807622695136288,0.032984626362783084,0.059247343294165485
0.022831251854002806,0.959391994930344,0.010672855694968593,0.007103897520684597

Iteration: ,5500
Error:,0.05454463403676716
Transition Probabilities
0.011248559154481764,0.9527678854529071,0.03006735458665914,0.005916200805952092
0.008285545554077962,0.9782604635675026,0.009542006096902119,0.003911984781517408
0.9849044003901934,0.012352115384840961,0.0013717421124828536,0.0013717421124828536
0.0014836795252225522,0.0014836795252225522,0.9707776715885124,0.026254969361042574

