0,1,2,3,4,5,6,7,8,9,10,11,12,13,14,15,16,17,18,19,20,21,22,23,24,25,26,27,28,29
github Code Version (SHA):,e269f044c2d5d80f33e2944c6aea7d044719481f
Environment Observations,Environment Actions,alpha,epsilon,numActions,explore,gainSplitThresh,surpiseThresh,splitWithEntropy,entropyThresh,earlyTermination,budd,conservativeness_factor,confidence_factor,have_control
"['square', 'diamond']","['x', 'y']",0.99,0.99,50000,0.05,0.05,0,True,0.55,False,True,0,100,False

Model Num 2
Model States: 
"['square', 'y', 'diamond', 'x', 'diamond']","['diamond', 'x', 'diamond']","['diamond', 'x', 'square']","['square', 'y', 'diamond', 'x', 'square']"
Iteration: ,0
Error:,0.6387584875174651
Transition Probabilities
0.25,0.25,0.25,0.25
0.25,0.25,0.25,0.25
0.25,0.25,0.25,0.25
0.25,0.25,0.25,0.25

0.25,0.25,0.25,0.25
0.25,0.25,0.25,0.25
0.25,0.25,0.25,0.25
0.20079918073934258,0.2047155659524909,0.3936860725688239,0.20079918073934258

Iteration: ,5000
Error:,0.16184135474576491
Transition Probabilities
0.89820658671764,0.020668609308604837,0.020668609308604837,0.06045619466515033
0.001605154585686666,0.06718332614014134,0.9296063646884852,0.001605154585686666
0.04077933507227263,0.0006804984733096068,0.0006804984733096068,0.9578596679811081
0.9485902926559975,0.0049850972798116,0.023697696217157515,0.022726913847033528

0.010659659331412944,0.9698579005969225,0.004354573023217426,0.015127867048447157
0.04896910593099439,0.09299515206831727,0.8041781341888298,0.05385760781185857
0.027638421528056466,0.01247346945858988,0.040361151786033354,0.9195269572273203
0.011572826960511897,0.0029905620461800186,0.9717830933389847,0.01365351765432338

Iteration: ,10000
Error:,0.14650285612607705
Transition Probabilities
0.9039326950652128,0.0215807156162151,0.0351345807857398,0.03935200853283219
0.0008120912619324954,0.05141047664828373,0.9469653408278512,0.0008120912619324954
0.0333733250321657,0.0003390409626204677,0.0003390409626204677,0.9659485930425933
0.9569107685522091,0.0036432710510694907,0.01907182538515772,0.020374135011563776

0.00946450227387113,0.9717153539981719,0.005429324739674752,0.013390818988282363
0.027899645151986622,0.08883603525026582,0.8486983516954453,0.03456596790230215
0.022830092855884273,0.008487089881416466,0.0430755640849062,0.9256072531777931
0.012392693699392722,0.002188363341585684,0.9714054819040079,0.014013461055013658

Iteration: ,15000
Error:,0.13021326867913977
Transition Probabilities
0.9126923619068693,0.015235997410531322,0.02480503387336326,0.047266606809236125
0.0005410254482632701,0.04702615780326521,0.9518917913002083,0.0005410254482632701
0.031475735830446425,0.0002254397345160588,0.0002254397345160588,0.9680733847005215
0.9616205279599843,0.0029173835792194332,0.018561489618134835,0.016900598842661294

0.008903497265425594,0.9725088257538875,0.0060146875631254286,0.012572989417561343
0.019654084578410638,0.07886363395199687,0.8771320629279026,0.024350218541689915
0.019413734149899747,0.00975599646294629,0.03779084896827536,0.9330394204188787
0.013310620887064377,0.0018027174900717591,0.9693380747313042,0.015548586891559772

Iteration: ,20000
Error:,0.11483251600653309
Transition Probabilities
0.929847340569227,0.010954673574283882,0.01783480541247172,0.04136318044401747
0.0004039102486318212,0.042959017173436406,0.9562331623293,0.0004039102486318212
0.03098565155457734,0.00016915055938572973,0.00016915055938572973,0.9686760473266512
0.9633419746649018,0.0023141278567611664,0.01744777084156442,0.016896126636772705

0.00761073344427146,0.9728984662793464,0.008364963674283063,0.01112583660209896
0.015302742745847493,0.06888243379352017,0.896855653489523,0.018959169971109358
0.01852164131977903,0.008356727961632344,0.040325359251459504,0.9327962714671291
0.0124493543443652,0.0016064499260922491,0.970043364039297,0.015900831690245514

Iteration: ,25000
Error:,0.11018841389686322
Transition Probabilities
0.9342689995556595,0.01294804664092942,0.014137028991026791,0.03864592481238433
0.00032395147481802084,0.04059153574180156,0.9587605613085625,0.00032395147481802084
0.03054669448087476,0.00013509714980508306,0.00013509714980508306,0.9691831112195151
0.9639266953412815,0.0022836503619972537,0.017272497848044386,0.01651715644867682

0.007001377298625738,0.9730652940570286,0.00970322076004399,0.010230107884301782
0.012444783516898261,0.070804103619135,0.9013327810087471,0.015418331855219807
0.01642592898754085,0.008126645995281394,0.041020350690035304,0.9344270743271424
0.011875600545030411,0.0018542232007988833,0.9711043419410023,0.015165834313168557

Iteration: ,30000
Error:,0.10707979430429318
Transition Probabilities
0.9424086319364477,0.010489275731118533,0.01145247613156978,0.035649616200863814
0.0002699469417671069,0.03874013797712757,0.9607199681393382,0.0002699469417671069
0.030258857222933616,0.00011267200016207929,0.00011267200016207929,0.9695157987767422
0.9648725552747429,0.002134569217041894,0.01699220559916112,0.016000669909054084

0.00689956732450468,0.97257929801654,0.010188794576932706,0.010332340082022653
0.011924268515348032,0.06341013385073133,0.9069310970375567,0.01773450059636412
0.016480745265006556,0.007794671744536143,0.04167855172974072,0.9340460312607166
0.012224345481044384,0.0025229844389301663,0.969340102799127,0.0159125672808985

Iteration: ,35000
Error:,0.10439949543540757
Transition Probabilities
0.9444682052558229,0.009609313845553046,0.010491709845177647,0.0354307710534463
0.0002302350763177662,0.037637709969280266,0.9619018198780842,0.0002302350763177662
0.029603871294605014,9.6735831030393e-05,9.6735831030393e-05,0.9702026570433342
0.9660549660948342,0.0019372438519013296,0.01595139686982793,0.016056393183436643

0.006604351690296977,0.9724626134126042,0.011047361605178767,0.00988567329191994
0.010779361142202676,0.05942995931292194,0.9137589551368951,0.016031724407980428
0.015637633458238317,0.007421807899341572,0.040864893577754066,0.9360756650646661
0.011815781243111846,0.002796732844736369,0.9696244778684792,0.015763008043672633

Iteration: ,40000
Error:,0.10255787897446728
Transition Probabilities
0.9381049506748371,0.008498291805756418,0.01778771059622111,0.03560904692318523
0.0002011631060700212,0.03636340376646936,0.9632342700213905,0.0002011631060700212
0.029684872480434638,8.466962358674355e-05,8.466962358674355e-05,0.9701457882723918
0.9652944845894086,0.0020233277373381225,0.016963173879259014,0.015719013793994006

0.0068332425975795264,0.9721170104301238,0.011116292139805549,0.00993345483249115
0.009884697857669966,0.05688738808169583,0.9185267875448992,0.014701126515735016
0.01536417383270093,0.006787922901734593,0.037490771129092194,0.9403571321364723
0.011500981237962987,0.0031431169403020732,0.9700386601468705,0.0153172416748645

Iteration: ,45000
Error:,0.09942665838896701
Transition Probabilities
0.9421304663584277,0.007608246530047148,0.015924763530655955,0.03433652358086925
0.00017839002987280546,0.0354487095167724,0.964194510423482,0.00017839002987280546
0.02948621760247327,7.542700684486417e-05,7.542700684486417e-05,0.970362928383837
0.9646472950526754,0.0023531820531780575,0.01768424812104955,0.015315274773096873

0.006903181120304654,0.971788666337076,0.011275693919842077,0.010032458622777256
0.00880913250247669,0.05273578711826809,0.9253536003666624,0.01310148001259293
0.014791038587922046,0.007021653842896058,0.03611914106314575,0.9420681665060362
0.011256106738124019,0.003250415049576718,0.9701345975791759,0.015358880633123366

Iteration: ,49999
Error:,0.11120067370699119
Transition Probabilities
0.9429039252799576,0.007120684961272331,0.017988806493183674,0.031986583265586406
0.0001663026060001951,0.034739132304748246,0.9647987963168297,0.0002957687724218508
0.029267821755757886,7.597533315620364e-05,0.00040995596818475604,0.9702462469429012
0.9640917474254991,0.0025988688686798948,0.01796002888422059,0.015349354821600358

0.007079337212739053,0.9699710772241578,0.012292431919783051,0.010657153643320044
0.00825520566215703,0.049715314614638274,0.8788732889225548,0.06315619080065003
0.01415510694910819,0.0066127441188114505,0.03743454348458269,0.9417976054474977
0.01089219878185886,0.004562654634550887,0.969374371238494,0.015170775345096293

