0,1,2,3,4,5,6,7,8,9,10,11,12,13,14,15,16,17,18,19,20,21,22,23,24,25,26,27,28,29
github Code Version (SHA):,435d1819722f15ec466ddfbacb6c2019a68c5c80
Environment Observations,Environment Actions,alpha,epsilon,numActions,explore,gainThresh,insertRandActions,useBudd,revisedSplitting,haveControl,confidence_factor
"['goal', 'nothing']","['east', 'west']",0.99,0.99,25000,0.5,0.05,False,False,False,False,

Model Num 0
Model States: 
['goal'],['nothing']
Iteration: ,0
Error:,0.671679925186671
Transition Probabilities
0.5,0.5
0.5,0.5

0.5,0.5
0.5,0.5

Iteration: ,2500
Error:,0.4478312196874873
Transition Probabilities
0.028125,0.971875
0.33934252386002123,0.6606574761399788

0.0189873417721519,0.9810126582278481
0.32470334412081986,0.6752966558791802

Iteration: ,5000
Error:,0.44367080249015306
Transition Probabilities
0.02204724409448819,0.9779527559055118
0.3326226012793177,0.6673773987206824

0.019138755980861243,0.9808612440191388
0.32762312633832974,0.6723768736616702

Iteration: ,7500
Error:,0.44618734072440075
Transition Probabilities
0.022964509394572025,0.9770354906054279
0.3274432023079697,0.6725567976920303

0.021299254526091587,0.9787007454739084
0.33392101551480957,0.6660789844851904

Iteration: ,10000
Error:,0.4464736316971317
Transition Probabilities
0.0277337559429477,0.9722662440570523
0.3267353579175705,0.6732646420824295

0.022222222222222223,0.9777777777777777
0.3303477344573235,0.6696522655426765

Iteration: ,12500
Error:,0.4451263566705573
Transition Probabilities
0.025949367088607594,0.9740506329113924
0.3309554690877648,0.6690445309122351

0.019533711405166982,0.980466288594833
0.33206025885847656,0.6679397411415234

Iteration: ,15000
Error:,0.44631934916801563
Transition Probabilities
0.026191723415400735,0.9738082765845992
0.333572710951526,0.6664272890484739

0.019968470835522858,0.9800315291644771
0.3317923186344239,0.6682076813655761

Iteration: ,17500
Error:,0.4458163485966152
Transition Probabilities
0.025594970812752582,0.9744050291872475
0.33645003065603923,0.6635499693439607

0.019196428571428573,0.9808035714285714
0.333384497313891,0.666615502686109

Iteration: ,20000
Error:,0.4465288443227687
Transition Probabilities
0.024034672970843184,0.9759653270291568
0.33449151409862354,0.6655084859013765

0.01888276947285602,0.981117230527144
0.33158672578261456,0.6684132742173855

Iteration: ,22500
Error:,0.4458846156247084
Transition Probabilities
0.023004531195538514,0.9769954688044615
0.3336104513064133,0.6663895486935867

0.017932489451476793,0.9820675105485233
0.33285560730920816,0.6671443926907918

Iteration: ,24999
Error:,0.44530856260287444
Transition Probabilities
0.022819631134729602,0.9771803688652704
0.3338331369819,0.6661668630181

0.018682710576314123,0.9813172894236859
0.33390613253141443,0.6660938674685856


Model Num 1
Model States: 
['goal'],"['nothing', 'east', 'nothing']","['nothing', 'east', 'goal']"
Iteration: ,0
Error:,0.5566211493088378
Transition Probabilities
0.3333333333333333,0.3333333333333333,0.3333333333333333
0.3333333333333333,0.3333333333333333,0.3333333333333333
0.3333333333333333,0.3333333333333333,0.3333333333333333

0.3333333333333333,0.3333333333333333,0.3333333333333333
0.3333333333333333,0.3333333333333333,0.3333333333333333
0.3333333333333333,0.3333333333333333,0.3333333333333333

Iteration: ,2500
Error:,0.2628198246370983
Transition Probabilities
0.03305785123966942,0.9506436683441472,0.016298480416183425
0.0012547051442910915,0.4821368599370724,0.5166084349186365
0.9963302752293578,0.001834862385321101,0.001834862385321101

0.033033033033033024,0.03643610557933783,0.9305308613876291
0.4916529758677818,0.49575669603962436,0.012590328092593887
0.02272123091210434,0.9609532808397055,0.016325488248190106

Iteration: ,5000
Error:,0.2537565067692345
Transition Probabilities
0.024011299435028246,0.9562768352519618,0.019711865313009932
0.000635727908455181,0.4820201084271532,0.5173441636643916
0.9982238010657194,0.0008880994671403197,0.0008880994671403197

0.025604551920341397,0.037371569526239094,0.9370238785534195
0.50982726009779,0.48047464356503883,0.009698096337171233
0.014944894426957022,0.975162726688084,0.00989237888495889

Iteration: ,7500
Error:,0.25614357040556357
Transition Probabilities
0.026241799437675715,0.9522091544105475,0.02154904615177687
0.00042034468263976455,0.47848385293138107,0.5210958023859792
0.9988165680473373,0.000591715976331361,0.000591715976331361

0.025936599423631128,0.03400341976534735,0.9400599808110215
0.5129465425151042,0.479021833912741,0.008031623572154789
0.010722182264086406,0.9794960451665132,0.009781772569400384

Iteration: ,10000
Error:,0.25578471542749137
Transition Probabilities
0.024544179523141644,0.9557939696175829,0.019661850859275475
0.0003131850923896022,0.47857200554552265,0.5211148093620878
0.9991107158737217,0.00044464206313917296,0.00044464206313917296

0.026870007262164125,0.03449759973462714,0.9386323930032088
0.5185766477144064,0.4722112458466411,0.009212106438952527
0.009169976484704937,0.980945079221324,0.009884944293971045

Iteration: ,12500
Error:,0.2542666773139525
Transition Probabilities
0.024663677130044817,0.955674619256114,0.019661703613841126
0.0002528445006321112,0.47794678677963953,0.5218003687197283
0.9992942836979535,0.00035285815102328866,0.00035285815102328866

0.026270702455739568,0.03290112358470841,0.940828173959552
0.5315880695428415,0.460955252634155,0.007456677823003379
0.008167751605057795,0.982903011628828,0.008929236766114332

Iteration: ,15000
Error:,0.25391066695810066
Transition Probabilities
0.02386523163313053,0.9578333209413977,0.018301447425471695
0.00021123785382340512,0.4792544485401421,0.5205343136060345
0.9994070560332049,0.0002964719833975689,0.0002964719833975689

0.028095238095238076,0.031287779835407745,0.9406169820693542
0.535410148257278,0.45745541389416056,0.007134437848561481
0.007068563256492567,0.9835690575538967,0.009362379189610602

Iteration: ,17500
Error:,0.2530385502341426
Transition Probabilities
0.024949698189134777,0.9572882016409731,0.01776210016989208
0.00018115942028985505,0.4777655115241235,0.5220533290555867
0.9994926433282597,0.0002536783358701167,0.0002536783358701167

0.026498165511618415,0.03090361562921956,0.9425982188591621
0.5335896425717815,0.4579698172923989,0.008440540135819552
0.006090078057859673,0.983057648459916,0.010852273482224428

Iteration: ,20000
Error:,0.253297190844523
Transition Probabilities
0.023329798515376424,0.9592899269595875,0.01738027452503607
0.00015825288811520809,0.47811374942947255,0.5217279976824122
0.9995565410199556,0.00022172949002217295,0.00022172949002217295

0.024268379728765156,0.03172676221233988,0.944004858058895
0.532865226846867,0.45902764571481774,0.008107127438315232
0.0055190890490349614,0.9828198671470799,0.011661043803885014

Iteration: ,22500
Error:,0.25404167976201064
Transition Probabilities
0.02380206702160974,0.9595380802742486,0.016659852704141727
0.0001407063458561981,0.4777108892469387,0.5221484044072051
0.9996055226824457,0.0001972386587771203,0.0001972386587771203

0.025111252383979647,0.03178026585500933,0.9431084817610109
0.533976339228853,0.45807807255837885,0.00794558821276819
0.0050781518317764415,0.9832593400915971,0.01166250807662642

Iteration: ,24999
Error:,0.25414944550032875
Transition Probabilities
0.02254791431792556,0.9607607414647225,0.016691344217351953
0.00012629451881788326,0.47918505807549566,0.5206886474056864
0.99964406478021,0.0001779676098949991,0.0001779676098949991

0.023617511520737315,0.032563445022315035,0.9438190434569477
0.5315459053445868,0.46040880521989413,0.008045289435519166
0.004891647321734054,0.983282965619814,0.01182538705845203


Model Num 2
Model States: 
['goal'],"['nothing', 'east', 'goal']","['nothing', 'west', 'goal']","['nothing', 'west', 'nothing', 'east', 'nothing']"
Iteration: ,0
Error:,0.4958467751297948
Transition Probabilities
0.25,0.25,0.25,0.25
0.25,0.25,0.25,0.25
0.25,0.25,0.25,0.25
0.25,0.25,0.25,0.25

0.25,0.25,0.25,0.25
0.25,0.25,0.25,0.25
0.25,0.25,0.25,0.25
0.25,0.25,0.25,0.25

Iteration: ,2500
Error:,0.3842132036952018
Transition Probabilities
0.027190332326283987,0.44410876132930516,0.48942598187311176,0.03927492447129909
0.2632146709816613,0.30528586839266453,0.009708737864077669,0.42179072276159657
0.25,0.25,0.25,0.25
0.25,0.25,0.25,0.25

0.023809523809523808,0.40476190476190477,0.047619047619047616,0.5238095238095238
0.25,0.25,0.25,0.25
0.9907120743034056,0.0030959752321981426,0.0030959752321981426,0.0030959752321981426
0.0014641288433382138,0.5768667642752562,0.20644216691068815,0.21522693997071743

Iteration: ,5000
Error:,0.3879654229253253
Transition Probabilities
0.022156573116691284,0.4534711964549483,0.48301329394387,0.0413589364844904
0.2689167120304845,0.30321175830157865,0.011976047904191617,0.41589548176374525
0.25,0.25,0.25,0.25
0.25,0.25,0.25,0.25

0.031746031746031744,0.4166666666666667,0.031746031746031744,0.5198412698412699
0.25,0.25,0.25,0.25
0.9954198473282443,0.0015267175572519084,0.0015267175572519084,0.0015267175572519084
0.0007446016381236039,0.5681310498883098,0.21593447505584512,0.21518987341772153

Iteration: ,7500
Error:,0.3871378402478716
Transition Probabilities
0.022482893450635387,0.436950146627566,0.5034213098729228,0.03714565004887586
0.27276064610866374,0.2966226138032305,0.011013215859030838,0.4196035242290749
0.25,0.25,0.25,0.25
0.25,0.25,0.25,0.25

0.028795811518324606,0.4280104712041885,0.02617801047120419,0.5170157068062827
0.25,0.25,0.25,0.25
0.996993987975952,0.001002004008016032,0.001002004008016032,0.001002004008016032
0.0004982561036372695,0.5690084703537618,0.21574489287493773,0.2147483806676632

Iteration: ,10000
Error:,0.3838886727604261
Transition Probabilities
0.02446256486286138,0.42920681986656783,0.508524833209785,0.03780578206078577
0.2700109649122807,0.29714912280701755,0.00932017543859649,0.42351973684210525
0.25,0.25,0.25,0.25
0.25,0.25,0.25,0.25

0.030693069306930693,0.4168316831683168,0.020792079207920793,0.5316831683168317
0.25,0.25,0.25,0.25
0.9977081741787625,0.0007639419404125286,0.0007639419404125286,0.0007639419404125286
0.00037037037037037035,0.5788888888888889,0.21037037037037037,0.21037037037037037

Iteration: ,12500
Error:,0.38225129704109967
Transition Probabilities
0.022988505747126436,0.4235632183908046,0.517816091954023,0.035632183908045977
0.2701390421540499,0.3019201059368793,0.010372986095784595,0.41756786581328625
0.25,0.25,0.25,0.25
0.25,0.25,0.25,0.25

0.028203062046736505,0.410958904109589,0.022562449637389202,0.5382755842062853
0.25,0.25,0.25,0.25
0.9982153480071386,0.000594883997620464,0.000594883997620464,0.000594883997620464
0.0003009328919650918,0.5765874210051158,0.2121576888353897,0.21095395726752933

Iteration: ,15000
Error:,0.38204939213385186
Transition Probabilities
0.022782355792535142,0.41929229277750846,0.5244789142026175,0.033446437227338824
0.2713448149505313,0.30395749358739466,0.009527299377061194,0.41517039208501283
0.25,0.25,0.25,0.25
0.25,0.25,0.25,0.25

0.025333333333333333,0.402,0.021333333333333333,0.5513333333333333
0.25,0.25,0.25,0.25
0.998496993987976,0.000501002004008016,0.000501002004008016,0.000501002004008016
0.00025006251562890725,0.5828957239309828,0.207551887971993,0.20930232558139536

Iteration: ,17500
Error:,0.380400409408163
Transition Probabilities
0.02131216046803176,0.41913915587129125,0.5273715002089427,0.032177183451734225
0.27117314930991215,0.30395232120451693,0.008939774153074028,0.41593475533249685
0.25,0.25,0.25,0.25
0.25,0.25,0.25,0.25

0.02619589977220957,0.4037585421412301,0.0193621867881549,0.5506833712984055
0.25,0.25,0.25,0.25
0.9987080103359173,0.0004306632213608958,0.0004306632213608958,0.0004306632213608958
0.00021417862497322766,0.5836367530520454,0.20775326622403084,0.20839580209895053

Iteration: ,20000
Error:,0.3823852707728811
Transition Probabilities
0.020562770562770564,0.4134199134199134,0.5331890331890332,0.03282828282828283
0.27215015180789404,0.30430582390284294,0.00883245928788297,0.41471156500138007
0.25,0.25,0.25,0.25
0.25,0.25,0.25,0.25

0.026013006503251626,0.4017008504252126,0.021010505252626314,0.5512756378189094
0.25,0.25,0.25,0.25
0.9988843436221644,0.0003718854592785422,0.0003718854592785422,0.0003718854592785422
0.00018832391713747646,0.5821092278719397,0.20828625235404896,0.20941619585687382

Iteration: ,22500
Error:,0.37988074873757727
Transition Probabilities
0.021147068247356616,0.4094841396988145,0.5379685998077539,0.03140019224607497
0.2727831755011684,0.30574345099003813,0.008977985487639896,0.4124953880211536
0.25,0.25,0.25,0.25
0.25,0.25,0.25,0.25

0.02646669607410675,0.40097044552271727,0.0211733568592854,0.5513895015438907
0.25,0.25,0.25,0.25
0.9990144546649146,0.000328515111695138,0.000328515111695138,0.000328515111695138
0.00016798252981689904,0.58071560557702,0.2089702670922224,0.2101461448009407

Iteration: ,24999
Error:,0.3807940266148344
Transition Probabilities
0.020743301642178046,0.40679919331604725,0.5404782483434168,0.03197925669835782
0.27425600177010734,0.30700298705609025,0.00840800973559022,0.4103330014382122
0.25,0.25,0.25,0.25
0.25,0.25,0.25,0.25

0.026117926394934706,0.40126632370399684,0.02374356944994064,0.5488721804511278
0.25,0.25,0.25,0.25
0.9991126885536823,0.0002957704821058858,0.0002957704821058858,0.0002957704821058858
0.00015158405335758679,0.5816280127330605,0.20751856904653632,0.21070183416704563

