0,1,2,3,4,5,6,7,8,9,10,11,12,13,14,15,16,17,18,19,20,21,22,23,24,25,26,27,28,29
github Code Version (SHA):,8209b0a4e0cf9dc4260af93f9d3939001723c711
Environment Observations,Environment Actions,alpha,epsilon,numActions,explore,gainThresh,insertRandActions
"['nothing', 'LRVForward', 'MRVForward', 'LRVDocked', 'MRVDocked']","['b', 'f', 't']",0.99,0.99,25000,0.05,0,True

Model Num 0
Model States: 
['nothing'],['LRVForward'],['MRVForward'],['LRVDocked'],['MRVDocked']
Iteration: ,0
Error:,0.76001006351777
Transition Probabilities
0.2,0.2,0.2,0.2,0.2
0.2,0.2,0.2,0.2,0.2
0.2,0.2,0.2,0.2,0.2
0.2,0.2,0.2,0.2,0.2
0.2,0.2,0.2,0.2,0.2

0.2,0.2,0.2,0.2,0.2
0.2,0.2,0.2,0.2,0.2
0.2,0.2,0.2,0.2,0.2
0.2,0.2,0.2,0.2,0.2
0.2,0.2,0.2,0.2,0.2

0.2,0.2,0.2,0.2,0.2
0.2,0.2,0.2,0.2,0.2
0.2,0.2,0.2,0.2,0.2
0.2,0.2,0.2,0.2,0.2
0.2,0.2,0.2,0.2,0.2

Iteration: ,5000
Error:,0.5507110596797913
Transition Probabilities
0.009259259259259259,0.0023148148148148147,0.006944444444444444,0.25925925925925924,0.7222222222222222
0.4198250728862974,0.5510204081632653,0.01749271137026239,0.008746355685131196,0.0029154518950437317
0.12874251497005987,0.005988023952095809,0.8488023952095808,0.008982035928143712,0.0074850299401197605
0.04,0.04,0.06,0.02,0.84
0.01694915254237288,0.005649717514124294,0.022598870056497175,0.005649717514124294,0.9491525423728814

0.002242152466367713,0.7219730941704036,0.2645739910313901,0.006726457399103139,0.004484304932735426
0.013966480446927373,0.9553072625698324,0.01675977653631285,0.00558659217877095,0.008379888268156424
0.01098901098901099,0.015698587127158554,0.957613814756672,0.007849293563579277,0.007849293563579277
0.7169811320754716,0.07547169811320754,0.1509433962264151,0.03773584905660377,0.018867924528301886
0.925531914893617,0.02127659574468085,0.031914893617021274,0.005319148936170213,0.015957446808510637

0.007263922518159807,0.24455205811138014,0.7263922518159807,0.009685230024213076,0.012106537530266344
0.6161879895561357,0.007832898172323759,0.3629242819843342,0.007832898172323759,0.005221932114882507
0.8384279475982532,0.14119359534206696,0.008733624454148471,0.005822416302765648,0.005822416302765648
0.0851063829787234,0.06382978723404255,0.8085106382978723,0.02127659574468085,0.02127659574468085
0.03664921465968586,0.010471204188481676,0.9319371727748691,0.010471204188481676,0.010471204188481676

Iteration: ,10000
Error:,0.5481594445026148
Transition Probabilities
0.005952380952380952,0.002380952380952381,0.007142857142857143,0.2630952380952381,0.7214285714285714
0.4154929577464789,0.5577464788732395,0.01267605633802817,0.008450704225352112,0.005633802816901409
0.1277860326894502,0.008915304606240713,0.8484398216939079,0.009658246656760773,0.005200594353640416
0.02040816326530612,0.030612244897959183,0.07142857142857142,0.01020408163265306,0.8673469387755102
0.008571428571428572,0.008571428571428572,0.014285714285714285,0.002857142857142857,0.9657142857142857

0.004509582863585118,0.7361894024802705,0.2525366403607666,0.0033821871476888386,0.0033821871476888386
0.011204481792717087,0.957983193277311,0.018207282913165267,0.0056022408963585435,0.0070028011204481795
0.009976976208749041,0.010744435917114352,0.967766692248657,0.004604758250191865,0.006907137375287797
0.8172043010752689,0.043010752688172046,0.10752688172043011,0.021505376344086023,0.010752688172043012
0.9419889502762431,0.016574585635359115,0.027624309392265192,0.0055248618784530384,0.008287292817679558

0.0059594755661501785,0.23361144219308702,0.7473182359952324,0.0059594755661501785,0.007151370679380214
0.6338418862690708,0.005547850208044383,0.3522884882108183,0.005547850208044383,0.0027739251040221915
0.8629329403095063,0.11864406779661017,0.008843036109064112,0.004421518054532056,0.005158437730287398
0.05813953488372093,0.046511627906976744,0.8604651162790697,0.011627906976744186,0.023255813953488372
0.021798365122615803,0.008174386920980926,0.9591280653950953,0.005449591280653951,0.005449591280653951

Iteration: ,15000
Error:,0.5403033049361933
Transition Probabilities
0.005668016194331984,0.004858299595141701,0.011336032388663968,0.26153846153846155,0.7165991902834008
0.4005550416281221,0.5698427382053654,0.013876040703052728,0.010175763182238668,0.005550416281221091
0.1271018793273986,0.00741839762611276,0.8536102868447082,0.00791295746785361,0.003956478733926805
0.013888888888888888,0.034722222222222224,0.0625,0.006944444444444444,0.8819444444444444
0.007936507936507936,0.00992063492063492,0.00992063492063492,0.003968253968253968,0.9682539682539683

0.003756574004507889,0.7370398196844478,0.25244177310293014,0.003756574004507889,0.003005259203606311
0.008865248226950355,0.9627659574468085,0.01773049645390071,0.005319148936170213,0.005319148936170213
0.010730710270822688,0.008175779253960144,0.968829841594277,0.004598875830352581,0.007664793050587634
0.828125,0.0390625,0.09375,0.0234375,0.015625
0.9508506616257089,0.015122873345935728,0.024574669187145556,0.003780718336483932,0.005671077504725898

0.010383386581469648,0.24680511182108625,0.731629392971246,0.006389776357827476,0.004792332268370607
0.6366145354185833,0.007359705611775529,0.34958601655933763,0.0036798528058877645,0.0027598896044158236
0.8677274987568374,0.11387369467926405,0.009448035803083043,0.0034808552958727,0.005469915464942815
0.05426356589147287,0.031007751937984496,0.8914728682170543,0.007751937984496124,0.015503875968992248
0.022429906542056073,0.007476635514018692,0.9607476635514018,0.005607476635514018,0.003738317757009346

Iteration: ,20000
Error:,0.5394513319438846
Transition Probabilities
0.005984440454817474,0.0047875523638539795,0.009575104727707959,0.2579293836026332,0.7217235188509874
0.40620592383638926,0.5677009873060649,0.011988716502115656,0.00846262341325811,0.005641748942172073
0.12807339449541286,0.005871559633027523,0.8565137614678899,0.006238532110091743,0.0033027522935779817
0.010869565217391304,0.03260869565217391,0.05434782608695652,0.005434782608695652,0.8967391304347826
0.007530120481927711,0.009036144578313253,0.010542168674698794,0.0030120481927710845,0.9698795180722891

0.005139920045688178,0.7361507709880069,0.2524271844660194,0.0034266133637921186,0.0028555111364934323
0.007518796992481203,0.9671907040328093,0.015037593984962405,0.005468215994531784,0.004784688995215311
0.010340865568747606,0.009574875526618154,0.9697433933358867,0.004212945231711987,0.006127920337035618
0.8466257668711656,0.03680981595092025,0.08588957055214724,0.018404907975460124,0.012269938650306749
0.9513888888888888,0.018055555555555554,0.022222222222222223,0.002777777777777778,0.005555555555555556

0.009580838323353293,0.23233532934131737,0.7491017964071857,0.004790419161676647,0.004191616766467066
0.6270949720670391,0.006284916201117319,0.3610335195530726,0.002793296089385475,0.002793296089385475
0.8633517495395948,0.11749539594843462,0.009576427255985266,0.003683241252302026,0.005893186003683241
0.046242774566473986,0.023121387283236993,0.9075144508670521,0.011560693641618497,0.011560693641618497
0.0182328190743338,0.005610098176718092,0.9691444600280504,0.004207573632538569,0.002805049088359046

Iteration: ,24999
Error:,0.5367095829595872
Transition Probabilities
0.006669842782277275,0.004287756074321105,0.009051929490233444,0.26060028585040496,0.7193901858027633
0.39416475972540044,0.5806636155606407,0.010297482837528604,0.008009153318077803,0.006864988558352402
0.11973263586166812,0.006102877070619006,0.8634117988956699,0.006393490264458007,0.004359197907585004
0.022123893805309734,0.030973451327433628,0.05752212389380531,0.008849557522123894,0.8805309734513275
0.010948905109489052,0.0072992700729927005,0.014598540145985401,0.004866180048661801,0.962287104622871

0.006941230911614993,0.7403979639055993,0.24433132808884775,0.0037019898195279964,0.004627487274409995
0.008291873963515755,0.9684908789386402,0.013819789939192924,0.004975124378109453,0.004422332780541736
0.009267563527653214,0.008968609865470852,0.9704035874439462,0.004484304932735426,0.0068759342301943195
0.8591549295774648,0.03286384976525822,0.08450704225352113,0.014084507042253521,0.009389671361502348
0.9565217391304348,0.014492753623188406,0.020066889632107024,0.002229654403567447,0.006688963210702341

0.011175898931000973,0.22351797862001943,0.7555879494655005,0.004373177842565598,0.005344995140913508
0.6268403171007928,0.005096262740656852,0.36183465458663644,0.0028312570781426952,0.0033975084937712344
0.8675163011262597,0.11381149970361588,0.01007705986959099,0.003260225251926497,0.005334914048606995
0.05504587155963303,0.01834862385321101,0.908256880733945,0.009174311926605505,0.009174311926605505
0.01899441340782123,0.0067039106145251395,0.9675977653631285,0.004469273743016759,0.0022346368715083797


Model Num 1
Model States: 
['nothing'],['MRVForward'],['LRVDocked'],['MRVDocked'],"['LRVForward', 'b', 'LRVForward']","['LRVForward', 'b', 'nothing']"
Iteration: ,0
Error:,0.7673917205230188
Transition Probabilities
0.16666666666666666,0.16666666666666666,0.16666666666666666,0.16666666666666666,0.16666666666666666,0.16666666666666666
0.16666666666666666,0.16666666666666666,0.16666666666666666,0.16666666666666666,0.16666666666666666,0.16666666666666666
0.16666666666666666,0.16666666666666666,0.16666666666666666,0.16666666666666666,0.16666666666666666,0.16666666666666666
0.16666666666666666,0.16666666666666666,0.16666666666666666,0.16666666666666666,0.16666666666666666,0.16666666666666666
0.16666666666666666,0.16666666666666666,0.16666666666666666,0.16666666666666666,0.16666666666666666,0.16666666666666666
0.16666666666666666,0.16666666666666666,0.16666666666666666,0.16666666666666666,0.16666666666666666,0.16666666666666666

0.16666666666666666,0.16666666666666666,0.16666666666666666,0.16666666666666666,0.16666666666666666,0.16666666666666666
0.16666666666666666,0.16666666666666666,0.16666666666666666,0.16666666666666666,0.16666666666666666,0.16666666666666666
0.16666666666666666,0.16666666666666666,0.16666666666666666,0.16666666666666666,0.16666666666666666,0.16666666666666666
0.16666666666666666,0.16666666666666666,0.16666666666666666,0.16666666666666666,0.16666666666666666,0.16666666666666666
0.16666666666666666,0.16666666666666666,0.16666666666666666,0.16666666666666666,0.16666666666666666,0.16666666666666666
0.16666666666666666,0.16666666666666666,0.16666666666666666,0.16666666666666666,0.16666666666666666,0.16666666666666666

0.16666666666666666,0.16666666666666666,0.16666666666666666,0.16666666666666666,0.16666666666666666,0.16666666666666666
0.16666666666666666,0.16666666666666666,0.16666666666666666,0.16666666666666666,0.16666666666666666,0.16666666666666666
0.16666666666666666,0.16666666666666666,0.16666666666666666,0.16666666666666666,0.16666666666666666,0.16666666666666666
0.16666666666666666,0.16666666666666666,0.16666666666666666,0.16666666666666666,0.16666666666666666,0.16666666666666666
0.16666666666666666,0.16666666666666666,0.16666666666666666,0.16666666666666666,0.16666666666666666,0.16666666666666666
0.16666666666666666,0.16666666666666666,0.16666666666666666,0.16666666666666666,0.16666666666666666,0.16666666666666666

Iteration: ,5000
Error:,0.5080487708883651
Transition Probabilities
0.009828009828009828,0.007371007371007371,0.257985257985258,0.7076167076167076,0.007371007371007371,0.009828009828009828
0.13671274961597543,0.8294930875576036,0.007680491551459293,0.015360983102918587,0.004599086398479671,0.00615360177356334
0.020833333333333332,0.0625,0.0625,0.8125,0.020833333333333332,0.020833333333333332
0.005681818181818182,0.022727272727272728,0.011363636363636364,0.9431818181818182,0.008522727272727272,0.008522727272727272
0.004091435802764059,0.00827328411150222,0.007991520144432171,0.014064910488983666,0.9534984978901783,0.01208035156213958
0.9468582071649062,0.01224047549986411,0.006478049741060485,0.02204603612796116,0.006188615733103962,0.006188615733103962

0.009523809523809523,0.2595238095238095,0.007142857142857142,0.007142857142857142,0.005981052046112838,0.7106856146205538
0.011834319526627219,0.9644970414201184,0.004437869822485207,0.0073964497041420114,0.0068751552740730715,0.004959164252554147
0.8775510204081632,0.02040816326530612,0.02040816326530612,0.02040816326530612,0.02040816326530612,0.04081632653061224
0.9036144578313253,0.030120481927710843,0.012048192771084338,0.006024096385542169,0.016481018413275744,0.031711752671061605
0.012322811847899929,0.008768413725071792,0.004342643318850195,0.008826597867154505,0.9446294432958436,0.02111008994518
0.02170087336985156,0.013593076658776926,0.006862216771205849,0.01350113445530719,0.9116951517996006,0.03264754694525778

0.011494252873563218,0.728735632183908,0.006896551724137931,0.006896551724137931,0.22093669948005898,0.025040312014193926
0.8242245199409158,0.0103397341211226,0.005908419497784343,0.0103397341211226,0.008989133818446035,0.14019845850060864
0.06666666666666667,0.8,0.044444444444444446,0.022222222222222223,0.03333333333333333,0.03333333333333333
0.04081632653061224,0.923469387755102,0.01020408163265306,0.00510204081632653,0.01020408163265306,0.01020408163265306
0.9593799562366676,0.021606089769174518,0.004447304797851081,0.004447304797851081,0.005059672199227859,0.005059672199227859
0.08070174575057891,0.8750994661105131,0.006572689810661373,0.006572689810661373,0.015526704258792512,0.015526704258792512

Iteration: ,10000
Error:,0.48188897659039703
Transition Probabilities
0.008092485549132947,0.012716763005780347,0.24393063583815028,0.7271676300578035,0.003468208092485549,0.004624277456647399
0.12606341840680588,0.8522815158546017,0.005413766434648105,0.010054137664346482,0.0025927262449548364,0.003594435394642998
0.033707865168539325,0.06741573033707865,0.056179775280898875,0.8202247191011236,0.011235955056179775,0.011235955056179775
0.0026595744680851063,0.010638297872340425,0.005319148936170213,0.9654255319148937,0.009819967266775777,0.0061374795417348605
0.002071363048193282,0.008017756604378461,0.004045850973608352,0.012324396722978062,0.9673928047594123,0.006147827891429686
0.966355835662514,0.007764528529352254,0.003817174034635149,0.014769210183592759,0.003646625794952883,0.003646625794952883

0.009815950920245403,0.2503067484662578,0.004907975460122701,0.0036809815950920263,0.0067873474934319975,0.7245009960648501
0.009789156626506024,0.9676204819277109,0.006024096385542169,0.007530120481927711,0.005550008905560215,0.003486135672753038
0.9021739130434783,0.043478260869565216,0.010869565217391304,0.010869565217391304,0.010869565217391304,0.021739130434782608
0.9331550802139037,0.026737967914438502,0.008021390374331552,0.0053475935828877,0.008396696723262726,0.01834127119117578
0.007028244542381609,0.009428576399314033,0.004316415118277402,0.006543623956371054,0.9598484584756626,0.012834681507993322
0.01730288168611063,0.00968232590373142,0.003690835158467124,0.010859172690181395,0.9409564522040966,0.01750833235741282

0.008443908323281062,0.7201447527141134,0.008443908323281062,0.0048250904704463205,0.24441909236973772,0.013723247799140447
0.8490284005979073,0.008221225710014948,0.004484304932735426,0.005979073243647235,0.00464363286701044,0.12764336264868462
0.0449438202247191,0.8764044943820225,0.02247191011235955,0.011235955056179775,0.02247191011235955,0.02247191011235955
0.023746701846965697,0.9445910290237467,0.0079155672823219,0.002638522427440633,0.0075058709654377805,0.013602308454087286
0.9686041110795023,0.015412481071463889,0.006575947871765984,0.004380574763124025,0.0025100026196431488,0.0025168825945005753
0.04771037784143637,0.9189650629976339,0.006898227728085091,0.00688143371711599,0.00806975111295795,0.01147514660277065

Iteration: ,15000
Error:,0.4757363604898073
Transition Probabilities
0.0077459333849728895,0.009295120061967466,0.2300542215336948,0.7459333849728892,0.0028690888921381794,0.004102251154337421
0.12284163788850518,0.8544647261963493,0.00740009866798224,0.008880118401578688,0.002823294877040029,0.0035901239685445785
0.024193548387096774,0.08870967741935484,0.04032258064516129,0.8064516129032258,0.028225806451612902,0.012096774193548387
0.001841620626151013,0.009208103130755065,0.009208103130755065,0.9668508287292817,0.0067998300042498945,0.006091514378807196
0.0014116922563331454,0.007818309991179039,0.0064265908939358804,0.008864057732349226,0.9684526775924888,0.0070266715337139775
0.9686304935342561,0.00611416011492156,0.003595352304021499,0.016692658182522534,0.0024836679321391182,0.0024836679321391182

0.008244023083264636,0.259686727122836,0.005770816158285245,0.0032976092333058546,0.005394335667720313,0.7176064887345879
0.008403361344537815,0.9733069698467622,0.004943153732081068,0.006920415224913495,0.003997770346699379,0.0024283295050060096
0.8955223880597015,0.05970149253731343,0.007462686567164179,0.007462686567164179,0.008955223880597015,0.0208955223880597
0.9484902309058615,0.019538188277087035,0.007104795737122558,0.0053285968028419185,0.005577912210480034,0.013960276066607
0.006472392290684946,0.01043431044302736,0.0060942706039434705,0.0046420559906412496,0.9632300283890204,0.009126942282682494
0.011974312348891262,0.013058772838207095,0.005116352820069247,0.0074558717507715,0.9503286906086832,0.012065999633377737

0.009623095429029671,0.7417802726543705,0.007217321571772253,0.00400962309542903,0.22815703794570696,0.009212649303691525
0.8550939663699307,0.00741839762611276,0.0034619188921859545,0.004451038575667656,0.0030991575756881416,0.1264755209604147
0.056451612903225805,0.8870967741935484,0.016129032258064516,0.008064516129032258,0.016129032258064516,0.016129032258064516
0.017793594306049824,0.9590747330960854,0.005338078291814947,0.0017793594306049821,0.005061788426869962,0.010952446448574878
0.9704094579687955,0.013536843003886058,0.004557157090218146,0.003035755107900549,0.005229836483493373,0.0032309503457064546
0.03420752199313816,0.9382768429019342,0.004831662538560976,0.004819899663099323,0.0073196050546501905,0.010544467848617145

Iteration: ,20000
Error:,0.4677682664478214
Transition Probabilities
0.008249852681202121,0.007071302298173247,0.24337065409546257,0.7354154390100177,0.002376234812466474,0.003516517102677898
0.11893939393939394,0.8553030303030303,0.007575757575757576,0.010227272727272727,0.0038626354164022123,0.004091910038143242
0.022727272727272728,0.07954545454545454,0.028409090909090908,0.8295454545454546,0.02964826655079301,0.010124460721934262
0.002785515320334262,0.011142061281337047,0.008356545961002786,0.9623955431754875,0.007488699889044291,0.007831634372794148
0.0009763327617209924,0.007327019240218342,0.005429776219103917,0.007981444534523357,0.9734184229075012,0.004867004336932038
0.9708575466150152,0.004614563251227312,0.004509588591636963,0.016319796602634763,0.001849252469742886,0.001849252469742886

0.00800492610837439,0.2549261083743844,0.00431034482758621,0.00492610837438424,0.004034380594945249,0.7237981317203255
0.008384146341463415,0.9748475609756098,0.004573170731707317,0.005716463414634146,0.004450628925276088,0.002028029611309277
0.8666666666666667,0.07222222222222222,0.005555555555555556,0.005555555555555556,0.01760408104114101,0.03239591895885899
0.9515477792732167,0.018842530282637954,0.006729475100942127,0.005383580080753701,0.005572496062584467,0.011924139199865062
0.007221129855443749,0.008884175349065151,0.004327546591940349,0.004350102524321812,0.9687692608289111,0.006447784850317873
0.009927007130978832,0.01449779382723847,0.005595345175303227,0.005557091403437889,0.9554469289229062,0.00897583354013529

0.010155316606929508,0.728195937873357,0.0059737156511350045,0.004181600955794503,0.243970072864743,0.0075233560480409325
0.8554216867469879,0.00677710843373494,0.0037650602409638554,0.005271084337349397,0.0023683642074301486,0.12639669603353365
0.062111801242236024,0.8944099378881988,0.012422360248447204,0.006211180124223602,0.012422360248447204,0.012422360248447204
0.019151846785225718,0.960328317373461,0.006839945280437756,0.0013679890560875513,0.0038915527987700665,0.008420348706017895
0.9778432548827004,0.010692061212578778,0.0032567677594838727,0.0021647635989082963,0.003734575615191367,0.002308576931137166
0.027985082794066318,0.9470337815529986,0.005581569707728561,0.0037319468820626953,0.006267759004253769,0.009399860058890404

Iteration: ,24999
Error:,0.4719464366369035
Transition Probabilities
0.009831460674157303,0.00749063670411985,0.24672284644194756,0.7289325842696629,0.0029035014476864233,0.0041189704624259365
0.11974599334744482,0.8569700635016632,0.00725733293014817,0.008769277290595706,0.003670533595147622,0.003586799335000549
0.017699115044247787,0.07079646017699115,0.022123893805309734,0.8584070796460177,0.023088915543980397,0.007884535783453231
0.003293084522502744,0.014270032930845226,0.007683863885839737,0.9615806805708014,0.006999875433955874,0.0061724626560551036
0.0007799483430430568,0.005858886867572085,0.004337604074372871,0.008628493509889743,0.97650342760097,0.0038916396041521802
0.9722121452237134,0.00542589123546192,0.003793339737422727,0.015457544938686226,0.0015555394323579412,0.0015555394323579412

0.007980049875311725,0.25735660847880315,0.004987531172069829,0.004987531172069829,0.003768950416322516,0.7209193288854229
0.007571168988491823,0.9766807995154452,0.004239854633555421,0.00514839491217444,0.00429816229070325,0.0020616196596298813
0.8778280542986425,0.058823529411764705,0.00904977375565611,0.004524886877828055,0.016316486592129777,0.03345726906397883
0.9546436285097192,0.017278617710583154,0.005399568034557235,0.004319654427645789,0.0051647944736516625,0.013193736843842938
0.006002570421829515,0.010156454992537175,0.0034455510860184717,0.0042842084164751645,0.9709937241990403,0.005117490884099235
0.008945895254113708,0.016620288729988098,0.005930033638112629,0.0044952249545539185,0.9568201052565486,0.007188452166682936

0.00867052023121387,0.7312138728323698,0.005298651252408477,0.004335260115606935,0.24390584698969592,0.006575848578704972
0.8588661037394453,0.008443908323281063,0.003920386007237636,0.005428226779252112,0.002203957566005688,0.12113741758477832
0.06467661691542288,0.900497512437811,0.009950248756218905,0.004975124378109453,0.009950248756218905,0.009950248756218905
0.017448200654307525,0.9618320610687023,0.006543075245365322,0.0021810250817884407,0.0034661915589171434,0.00852944639091928
0.9802845185438152,0.009696113836176148,0.0026014025325413214,0.0025897259797915363,0.002983060255074966,0.0018451788526007982
0.023517568254999715,0.9527431828749823,0.00461588339436075,0.004636425492692819,0.005183352752457822,0.009303587230506649


Model Num 2
Model States: 
['nothing'],['LRVDocked'],['MRVDocked'],"['LRVForward', 'b', 'LRVForward']","['LRVForward', 'b', 'nothing']","['MRVForward', 'b', 'MRVForward']","['MRVForward', 'b', 'nothing']"
Iteration: ,0
Error:,0.7338379281729653
Transition Probabilities
0.14285714285714285,0.14285714285714285,0.14285714285714285,0.14285714285714285,0.14285714285714285,0.14285714285714285,0.14285714285714285
0.14285714285714285,0.14285714285714285,0.14285714285714285,0.14285714285714285,0.14285714285714285,0.14285714285714285,0.14285714285714285
0.14285714285714285,0.14285714285714285,0.14285714285714285,0.14285714285714285,0.14285714285714285,0.14285714285714285,0.14285714285714285
0.14285714285714285,0.14285714285714285,0.14285714285714285,0.14285714285714285,0.14285714285714285,0.14285714285714285,0.14285714285714285
0.14285714285714285,0.14285714285714285,0.14285714285714285,0.14285714285714285,0.14285714285714285,0.14285714285714285,0.14285714285714285
0.14285714285714285,0.14285714285714285,0.14285714285714285,0.14285714285714285,0.14285714285714285,0.14285714285714285,0.14285714285714285
0.14285714285714285,0.14285714285714285,0.14285714285714285,0.14285714285714285,0.14285714285714285,0.14285714285714285,0.14285714285714285

0.14285714285714285,0.14285714285714285,0.14285714285714285,0.14285714285714285,0.14285714285714285,0.14285714285714285,0.14285714285714285
0.14285714285714285,0.14285714285714285,0.14285714285714285,0.14285714285714285,0.14285714285714285,0.14285714285714285,0.14285714285714285
0.14285714285714285,0.14285714285714285,0.14285714285714285,0.14285714285714285,0.14285714285714285,0.14285714285714285,0.14285714285714285
0.14285714285714285,0.14285714285714285,0.14285714285714285,0.14285714285714285,0.14285714285714285,0.14285714285714285,0.14285714285714285
0.14285714285714285,0.14285714285714285,0.14285714285714285,0.14285714285714285,0.14285714285714285,0.14285714285714285,0.14285714285714285
0.14285714285714285,0.14285714285714285,0.14285714285714285,0.14285714285714285,0.14285714285714285,0.14285714285714285,0.14285714285714285
0.14285714285714285,0.14285714285714285,0.14285714285714285,0.14285714285714285,0.14285714285714285,0.14285714285714285,0.14285714285714285

0.14285714285714285,0.14285714285714285,0.14285714285714285,0.14285714285714285,0.14285714285714285,0.14285714285714285,0.14285714285714285
0.14285714285714285,0.14285714285714285,0.14285714285714285,0.14285714285714285,0.14285714285714285,0.14285714285714285,0.14285714285714285
0.14285714285714285,0.14285714285714285,0.14285714285714285,0.14285714285714285,0.14285714285714285,0.14285714285714285,0.14285714285714285
0.14285714285714285,0.14285714285714285,0.14285714285714285,0.14285714285714285,0.14285714285714285,0.14285714285714285,0.14285714285714285
0.14285714285714285,0.14285714285714285,0.14285714285714285,0.14285714285714285,0.14285714285714285,0.14285714285714285,0.14285714285714285
0.14285714285714285,0.14285714285714285,0.14285714285714285,0.14285714285714285,0.14285714285714285,0.14285714285714285,0.14285714285714285
0.14285714285714285,0.14285714285714285,0.14285714285714285,0.14285714285714285,0.14285714285714285,0.14285714285714285,0.14285714285714285

Iteration: ,5000
Error:,0.41831113715362517
Transition Probabilities
0.006880733944954129,0.24770642201834864,0.7247706422018348,0.005733944954128441,0.005733944954128441,0.0045871559633027525,0.0045871559633027525
0.02,0.02,0.84,0.03,0.03,0.03,0.03
0.011111111111111112,0.011111111111111112,0.9222222222222223,0.013888888888888888,0.013888888888888888,0.013888888888888888,0.013888888888888888
0.004266372453340602,0.008358387317418784,0.005779254696332006,0.9556157277250373,0.008584446729938855,0.01245069755246929,0.004945113525462971
0.9392069207609764,0.007350303117966323,0.011619287353565242,0.007061706171135162,0.007061706171135162,0.01823097042301778,0.009469106002203966
0.0016422290529621072,0.003073327285555752,0.008782874724739098,0.00568822136464231,0.003687061059647299,0.9622506506454485,0.014875635867004928
0.8881828330223751,0.012529634796799551,0.04054396606457545,0.013474866549169191,0.023064128741521295,0.011102285412779689,0.011102285412779689

0.002433090024330901,0.004866180048661802,0.009732360097323605,0.036232412393602614,0.6985607749543293,0.025538459201002183,0.2226367232807497
0.7708333333333334,0.020833333333333332,0.020833333333333332,0.07593390804597701,0.028232758620689653,0.0625,0.020833333333333332
0.9384615384615385,0.005128205128205128,0.010256410256410256,0.010225667925180851,0.020543562844049918,0.007692307692307693,0.007692307692307693
0.007934017006868969,0.004389815641961784,0.020206147199421712,0.9346769663978355,0.016691689382079756,0.008050682185916183,0.008050682185916183
0.008064674760556476,0.014878664080375217,0.015561809128324717,0.9049037350759981,0.03313755917344842,0.011726778890648552,0.011726778890648552
0.0035017326454174235,0.003301441077780727,0.008464849539635088,0.004713143518661287,0.004443819882006307,0.9726909211861764,0.002884092150322703
0.0301817511653397,0.021324255514608096,0.012168954785889785,0.021835754834126364,0.02637842033674541,0.8739335269761024,0.014177336387188273

0.00956937799043062,0.00478468899521531,0.007177033492822966,0.25821205501968736,0.016907562205192975,0.6988410751493636,0.0045082071472871375
0.023809523809523808,0.023809523809523808,0.023809523809523808,0.023809523809523808,0.023809523809523808,0.7884971896814392,0.09245519127094172
0.04687500000000002,0.015625000000000007,0.010416666666666671,0.010416666666666671,0.010416666666666671,0.8852562376438486,0.02099376235615139
0.9449966753526615,0.0040808152499473786,0.0040808152499473786,0.004658476179370795,0.004658476179370795,0.006413556269103083,0.031111185519599183
0.05125485966055725,0.006898886614237455,0.006898886614237455,0.012821199429007127,0.012821199429007127,0.013631161366433171,0.8956738068865203
0.9661503500255768,0.005196279818079208,0.003373577162431398,0.005267771378873964,0.010922875691337925,0.00505264265658614,0.0040365032671144385
0.16603000064212264,0.010493450186319886,0.010772022333633434,0.03868461819359153,0.7163414395582649,0.02221015389736492,0.0354683151887028

Iteration: ,10000
Error:,0.36182387254592124
Transition Probabilities
0.007954545454545454,0.2556818181818182,0.7193181818181819,0.003409090909090909,0.003409090909090909,0.003497890454878008,0.006729382272394719
0.038461538461538464,0.019230769230769232,0.8557692307692307,0.014423076923076924,0.014423076923076924,0.028846153846153848,0.028846153846153848
0.019230769230769232,0.01098901098901099,0.9395604395604396,0.008241758241758242,0.008241758241758242,0.006868131868131868,0.006868131868131868
0.002097969832879666,0.009306574153792015,0.0066868718533054095,0.9608072097597332,0.008454853030672678,0.00993412330060694,0.002712398069009996
0.9591522591690971,0.0061733468655554465,0.01110206500663021,0.003947128638555955,0.003947128638555955,0.010368915289511102,0.005309156392094214
0.000826290072656079,0.0039004198825835527,0.005237576749549853,0.005101235596375102,0.003301871383414152,0.9724446459389103,0.009187960376511066
0.9258603054329991,0.014357761236059226,0.023060434425177544,0.010860764035055294,0.013263996021280349,0.00629836942471428,0.00629836942471428

0.003901170351105332,0.003901170351105332,0.010403120936280886,0.021025592990725286,0.7292995045385335,0.01551084223795449,0.21595859859429514
0.8469387755102041,0.01020408163265306,0.01020408163265306,0.048291527139598237,0.04354520755427931,0.030612244897959183,0.01020408163265306
0.9549071618037135,0.007957559681697613,0.007957559681697613,0.0052891385819900955,0.01062598078140513,0.007957559681697613,0.005305039787798408
0.00509242418254993,0.004190983803199223,0.012411401787940353,0.9570865760777066,0.008514914872707753,0.006351849637948024,0.006351849637948024
0.009673062539527164,0.01136521295348406,0.011320047223411709,0.9287501251530695,0.01658077160525532,0.011155390262626073,0.011155390262626073
0.004976820629185479,0.0037919564729694244,0.004080372161698965,0.00314663605297477,0.002919167867345309,0.9788572165711,0.0022278302447260325
0.01953680168175699,0.02193259604598112,0.007514098565541395,0.0136682269116299,0.01649985192940568,0.9119286801406249,0.00891974472505999

0.007151370679380209,0.005959475566150174,0.005959475566150174,0.2512034665241595,0.009821563273218108,0.7164607936959884,0.003443854694953432
0.036144578313253004,0.012048192771084335,0.012048192771084335,0.012048192771084335,0.012048192771084335,0.8540370414543695,0.061625609148040064
0.028871391076115496,0.007874015748031498,0.005249343832020999,0.007874015748031498,0.007874015748031498,0.9289626235976537,0.013294594250115385
0.9614726175803978,0.0021957399311706713,0.004206570457846669,0.005462503427322422,0.005462503427322422,0.003584712714559055,0.017615352461381028
0.031074319170021222,0.011088814652922739,0.00752820283769134,0.010920619227744574,0.010920619227744574,0.010796645463687351,0.9176707794201883
0.9751699605423594,0.0059953315780018985,0.001663070444180745,0.0027849437893911304,0.007884992501210619,0.004110649859263841,0.002391051285592152
0.10317599260510456,0.006203484864403761,0.005975709037256256,0.02757631706392646,0.8104302340234851,0.02017865808406555,0.026459604321758184

Iteration: ,15000
Error:,0.34938836528774714
Transition Probabilities
0.0069124423963133645,0.2572964669738863,0.7196620583717358,0.0038402457757296467,0.0030721966205837174,0.0028124093723773725,0.006404180489373778
0.027777777777777776,0.013888888888888888,0.875,0.013888888888888888,0.013888888888888888,0.03222222222222222,0.02333333333333333
0.015267175572519083,0.007633587786259542,0.950381679389313,0.006679389312977099,0.006679389312977099,0.007633587786259542,0.0057251908396946565
0.0014995973814021651,0.008136443547956462,0.0061537292995814405,0.964178297911579,0.0075608052370248445,0.010359760665890862,0.002111365956565138
0.9667108715840541,0.00398388120332527,0.009860482134845576,0.0025306567318954297,0.0025306567318954297,0.010538282228484063,0.0038451693855001572
0.0005309356250584924,0.005107723086471961,0.004179278702204335,0.005056356269707192,0.003425735583406358,0.9736533759541012,0.0080465947790505
0.9347914365120741,0.013330715606554735,0.024172303756767953,0.00884154870872774,0.010975460086659656,0.003944267664607907,0.003944267664607907

0.003355704697986577,0.003355704697986577,0.007550335570469799,0.01788307021084021,0.72960015126567,0.010218514110747885,0.22803651944629896
0.8582089552238806,0.007462686567164179,0.007462686567164179,0.04358771696647868,0.03850183527232729,0.03656716417910448,0.008208955223880599
0.9578754578754579,0.005494505494505495,0.009157509157509158,0.005847196536993741,0.010636319946522744,0.00676246830092984,0.004226542688081149
0.006118016681762291,0.004727697773908285,0.01267609822470193,0.9539438188019707,0.006667061428416257,0.008771954253542673,0.007095352835697979
0.010782376824037765,0.007854620696942094,0.015583905517944896,0.9312523981601777,0.01377211620216642,0.010426977209842437,0.010327605388888553
0.004458713491720409,0.0030959489758311215,0.0033287148066887557,0.005394550873453096,0.004243127245572606,0.9779729356418205,0.0015060089649134491
0.012581756540616686,0.014060305105761435,0.00856361345349452,0.012418924586841797,0.019557871440725967,0.9232913187812098,0.009526210091349758

0.011961722488038267,0.0047846889952153065,0.003987240829346089,0.23421210220964114,0.00661724388286258,0.7353310007171782,0.003106000877718419
0.044776119402985065,0.007462686567164177,0.007462686567164177,0.011194029850746266,0.011194029850746266,0.8790713397594468,0.03883910800174726
0.026455026455026454,0.008818342151675485,0.003527336860670194,0.006172839506172839,0.006172839506172839,0.9398915675714696,0.008962047948812593
0.9686084774941064,0.0029424612148850437,0.0029178286290758846,0.004023748082228115,0.0044419218156143405,0.0026108141311347206,0.014454748632955627
0.0230167676585105,0.007176008127959376,0.004819330612244745,0.010202803217380098,0.011916344316694652,0.00918431878604603,0.9336844272811646
0.9746565571125889,0.005586944390688636,0.002194119027350123,0.0020064562207983963,0.008367370447961101,0.0050393552045620744,0.002149197596050798
0.0760448767686362,0.004295605598648225,0.004217139200315626,0.019034522832629342,0.8542460794627558,0.020214996336912774,0.021946779800102026

Iteration: ,20000
Error:,0.34300916519819186
Transition Probabilities
0.006972690296339338,0.25740848343986056,0.7205113306217316,0.0036199420245049,0.002771690747139493,0.002386351209229776,0.006329511661194396
0.0213903743315508,0.0106951871657754,0.8983957219251337,0.0106951871657754,0.0106951871657754,0.03016042780748663,0.017967914438502673
0.014164305949008499,0.007082152974504249,0.9518413597733711,0.006373937677053824,0.006373937677053824,0.00903407289340851,0.005130233055599988
0.0010810246087846168,0.006943009459959527,0.006693620634849496,0.9674631370376501,0.005459010868505841,0.009701910260443826,0.002658287129806569
0.9685341245569083,0.003111501192902872,0.011456866036606716,0.0019725745917655974,0.0019725745917655974,0.00986840356174498,0.00308395546830573
0.00039919895626072243,0.004231273562857418,0.004043527188028741,0.0041481930797002825,0.00275318107421188,0.9763673714235025,0.008057254715438536
0.9408745263734747,0.010061409254605216,0.02328782030834555,0.008673627400420596,0.011185166811748222,0.0029587249257027504,0.0029587249257027504

0.004416403785488956,0.0031545741324921117,0.007570977917981068,0.014142611944203694,0.7303368833239352,0.009015962780457198,0.23136258611544167
0.8688524590163934,0.01092896174863388,0.00546448087431694,0.04354781817614601,0.032954914064291144,0.031978263413112155,0.006273102707106426
0.955617198335645,0.004160887656033287,0.008321775312066574,0.006290135010012253,0.0089664530621098,0.010355377518408222,0.006288173105724927
0.005559654354234804,0.004448752559155098,0.011276124583288995,0.9583266247193915,0.005873838450109678,0.008414287678219539,0.006100717655600403
0.013623716561485349,0.005871667584939772,0.01151428964368426,0.9393158792490677,0.010205671216986109,0.010288226232382397,0.00918054951145458
0.004697489238212008,0.002707456811524892,0.003451927729038243,0.005177342851836138,0.003879658942150453,0.9785701716077169,0.0015159528195212992
0.01162186754521972,0.010730566270434854,0.008472765249859395,0.009942037291502228,0.015678079994788884,0.9331579521325908,0.010396731515604043

0.00979192166462668,0.003671970624235005,0.003671970624235005,0.24213341261840282,0.005724604517460011,0.7320084295908135,0.0029976903602270694
0.053892215568862256,0.005988023952095806,0.011976047904191612,0.011976047904191612,0.011976047904191612,0.8728314721591741,0.03136014460729302
0.022636484687083874,0.007989347536617838,0.0026631158455392794,0.007668354017145497,0.005647225210550898,0.9466184748362216,0.006776997866841029
0.9702073754290933,0.0022276508774256906,0.004331302531120099,0.0030085111454337507,0.003321174938472069,0.0030431542490674,0.013860830829387634
0.01908697664826397,0.012925911502905505,0.003803185641082475,0.007895429771377176,0.009221451955845079,0.0071907207702264775,0.9398763237102993
0.9756523725812799,0.006391875073311176,0.0021004145755709894,0.001566566963275003,0.007467865417188095,0.004635059547350295,0.002185845842024565
0.07043556292443189,0.0035144225840140256,0.003327234023651218,0.015032795644959553,0.8690370538976644,0.019880407173556904,0.018772523751722062

Iteration: ,24999
Error:,0.32880290686715163
Transition Probabilities
0.005938784833257195,0.25308359981726813,0.7268158976701691,0.003134004577738879,0.0023479506529600707,0.002078010931361966,0.006601751517244704
0.021929824561403508,0.008771929824561403,0.8947368421052632,0.013157894736842105,0.008771929824561403,0.035676354264253154,0.016955224683115267
0.013086150490730643,0.0054525627044711015,0.9563794983642312,0.0059978189749182115,0.0059978189749182115,0.008622937293377923,0.00446321319735272
0.0008612479548866847,0.005588892990795105,0.006186110744716866,0.9731634851692905,0.0043529436270971535,0.007729472856030224,0.002117846657183409
0.9718154692553179,0.005529588918136923,0.009162583230207636,0.001575065590365183,0.001575065590365183,0.007879744039503863,0.002462483376103483
0.0003204056106667103,0.0033961105572625694,0.004566455090126074,0.004765360019145424,0.0029860383653326572,0.977491727551081,0.0064739028063855305
0.9483334136671208,0.0080022152794819,0.022938591851091247,0.0069957771290771725,0.009023632774632643,0.0023531846492980666,0.0023531846492980666

0.004622496147919873,0.0025680534155110403,0.006676938880328704,0.013088236505580188,0.7378105821898487,0.0073673067720130435,0.22786638608879828
0.8805309734513275,0.008849557522123894,0.004424778761061947,0.04092622678325774,0.029870233393733413,0.030318682321236835,0.005079547767258743
0.9616228070175439,0.0043859649122807015,0.006578947368421052,0.004972793138397845,0.007088610370374085,0.010135268066107506,0.005215609126874951
0.005707028344945007,0.005437963470651781,0.009173889923816902,0.9602786941559237,0.005687387237218902,0.008617822833469615,0.005097214033974199
0.012518591399468804,0.0065349608618246935,0.009619504113247435,0.9434212774831608,0.008550984844275205,0.01144435275537389,0.007910328542649302
0.003786216024325611,0.0038032562189282103,0.004749088967264231,0.0045187117344635515,0.0036967189629089933,0.9772401550415232,0.0022058530505861926
