0,1,2,3,4,5,6,7,8,9,10,11,12,13,14,15,16,17,18,19,20,21,22,23,24,25,26,27,28,29
github Code Version (SHA):,6eb09d23b2f03568d706b001c1255bd5fe588060
Environment Observations,Environment Actions,alpha,epsilon,numActions,explore,gainThresh,insertRandActions,useBudd
"['nothing', 'LRVForward', 'MRVForward', 'LRVDocked', 'MRVDocked']","['b', 'f', 't']",0.99,0.99,50000,0.5,0,False,False

Model Num 0
Model States: 
['nothing'],['LRVForward'],['MRVForward'],['LRVDocked'],['MRVDocked']
Iteration: ,0
Error:,0.7609100381334661
Transition Probabilities
0.2,0.2,0.2,0.2,0.2
0.2,0.2,0.2,0.2,0.2
0.2,0.2,0.2,0.2,0.2
0.2,0.2,0.2,0.2,0.2
0.2,0.2,0.2,0.2,0.2

0.2,0.2,0.2,0.2,0.2
0.2,0.2,0.2,0.2,0.2
0.2,0.2,0.2,0.2,0.2
0.2,0.2,0.2,0.2,0.2
0.2,0.2,0.2,0.2,0.2

0.2,0.2,0.2,0.2,0.2
0.2,0.2,0.2,0.2,0.2
0.2,0.2,0.2,0.2,0.2
0.2,0.2,0.2,0.2,0.2
0.2,0.2,0.2,0.2,0.2

Iteration: ,5000
Error:,0.5569384779441265
Transition Probabilities
0.015503875968992248,0.01808785529715762,0.007751937984496124,0.23772609819121446,0.7209302325581395
0.36944444444444446,0.6111111111111112,0.002777777777777778,0.008333333333333333,0.008333333333333333
0.1368124118476728,0.007052186177715092,0.8377997179125529,0.005641748942172073,0.012693935119887164
0.04081632653061224,0.02040816326530612,0.02040816326530612,0.02040816326530612,0.8979591836734694
0.02027027027027027,0.02027027027027027,0.013513513513513514,0.013513513513513514,0.9324324324324325

0.006802721088435374,0.6893424036281179,0.2811791383219955,0.0045351473922902496,0.018140589569160998
0.020671834625323,0.9534883720930233,0.012919896640826873,0.007751937984496124,0.00516795865633075
0.008547008547008548,0.008547008547008548,0.9743589743589743,0.004273504273504274,0.004273504273504274
0.8,0.1,0.025,0.025,0.05
0.9337016574585635,0.011049723756906077,0.03867403314917127,0.0055248618784530384,0.011049723756906077

0.004739336492890996,0.24881516587677724,0.7298578199052133,0.009478672985781991,0.0071090047393364926
0.5957446808510638,0.005319148936170213,0.3829787234042553,0.005319148936170213,0.010638297872340425
0.8378378378378378,0.13663663663663664,0.01951951951951952,0.003003003003003003,0.003003003003003003
0.18181818181818182,0.06060606060606061,0.696969696969697,0.030303030303030304,0.030303030303030304
0.011627906976744186,0.011627906976744186,0.9651162790697675,0.005813953488372093,0.005813953488372093

Iteration: ,10000
Error:,0.553940839024343
Transition Probabilities
0.011194029850746268,0.013681592039800995,0.009950248756218905,0.26492537313432835,0.7002487562189055
0.3360107095046854,0.643908969210174,0.00535475234270415,0.006693440428380187,0.008032128514056224
0.12857142857142856,0.009285714285714286,0.8478571428571429,0.0064285714285714285,0.007857142857142858
0.04081632653061224,0.01020408163265306,0.02040816326530612,0.01020408163265306,0.9183673469387755
0.01,0.023333333333333334,0.013333333333333334,0.006666666666666667,0.9466666666666667

0.005945303210463734,0.713436385255648,0.26634958382877527,0.0023781212841854932,0.011890606420927468
0.011842105263157895,0.968421052631579,0.011842105263157895,0.005263157894736842,0.002631578947368421
0.008130081300813009,0.0066518847006651885,0.9770879526977088,0.0029563932002956393,0.005173688100517369
0.8181818181818182,0.06818181818181818,0.045454545454545456,0.03409090909090909,0.03409090909090909
0.9393063583815029,0.014450867052023121,0.03468208092485549,0.005780346820809248,0.005780346820809248

0.007228915662650603,0.25783132530120484,0.7240963855421687,0.007228915662650603,0.0036144578313253013
0.6068601583113457,0.00395778364116095,0.3733509234828496,0.005277044854881266,0.010554089709762533
0.8518518518518519,0.1307634164777022,0.012849584278155708,0.0030234315948601664,0.0015117157974300832
0.12987012987012986,0.025974025974025976,0.8181818181818182,0.012987012987012988,0.012987012987012988
0.008620689655172414,0.011494252873563218,0.9655172413793104,0.008620689655172414,0.005747126436781609

Iteration: ,15000
Error:,0.5511500577314903
Transition Probabilities
0.010008340283569641,0.015012510425354461,0.012510425354462052,0.25938281901584653,0.7030859049207673
0.3464711274060495,0.6324472960586618,0.007332722273143905,0.005499541704857928,0.008249312557286892
0.1269466729589429,0.008494572911750826,0.8508730533270411,0.0070788107597923545,0.0066068900424728644
0.028368794326241134,0.014184397163120567,0.03546099290780142,0.014184397163120567,0.9078014184397163
0.010822510822510822,0.017316017316017316,0.012987012987012988,0.006493506493506494,0.9523809523809523

0.00794912559618442,0.7146263910969793,0.2655007949125596,0.003179650238473768,0.008744038155802861
0.010064043915827997,0.9688929551692589,0.013723696248856358,0.0054894784995425435,0.0018298261665141812
0.006750241080038573,0.008678881388621022,0.9778206364513018,0.0033751205400192863,0.0033751205400192863
0.832,0.072,0.048,0.024,0.024
0.9537223340040242,0.014084507042253521,0.02414486921529175,0.004024144869215292,0.004024144869215292

0.009623095429029671,0.25421010425020046,0.7281475541299118,0.0048115477145148355,0.0032076984763432237
0.607773851590106,0.00530035335689046,0.3754416961130742,0.00441696113074205,0.007067137809187279
0.8540729635182409,0.12843578210894552,0.01199400299850075,0.0029985007496251873,0.0024987506246876563
0.09649122807017543,0.02631578947368421,0.8596491228070176,0.008771929824561403,0.008771929824561403
0.0057692307692307696,0.009615384615384616,0.9730769230769231,0.0057692307692307696,0.0057692307692307696

Iteration: ,20000
Error:,0.5513470650314208
Transition Probabilities
0.008674101610904586,0.01486988847583643,0.012391573729863693,0.25712515489467164,0.7069392812887236
0.35298149417409186,0.6271418779986292,0.006854009595613434,0.004797806716929404,0.00822481151473612
0.12757640369580667,0.008528784648187633,0.849680170575693,0.007818052594171997,0.006396588486140725
0.0213903743315508,0.0106951871657754,0.0374331550802139,0.0106951871657754,0.9197860962566845
0.00764525993883792,0.013761467889908258,0.012232415902140673,0.0061162079510703364,0.9602446483180428

0.00657501494321578,0.7160789001793186,0.26718469814704127,0.002988643156007173,0.007172743574417215
0.010380622837370242,0.9660899653979239,0.01522491349480969,0.004844290657439446,0.0034602076124567475
0.006674082313681869,0.008527994067482388,0.9770114942528736,0.0037078235076010383,0.004078605858361142
0.8294117647058824,0.07058823529411765,0.06470588235294118,0.01764705882352941,0.01764705882352941
0.9560117302052786,0.013196480938416423,0.021994134897360705,0.005865102639296188,0.002932551319648094

0.008928571428571428,0.24404761904761904,0.7392857142857143,0.004761904761904762,0.002976190476190476
0.6148148148148148,0.00404040404040404,0.37037037037037035,0.0047138047138047135,0.006060606060606061
0.8536676646706587,0.13023952095808383,0.010853293413173653,0.0029940119760479044,0.002245508982035928
0.09395973154362416,0.026845637583892617,0.8657718120805369,0.006711409395973154,0.006711409395973154
0.014450867052023121,0.014450867052023121,0.9624277456647399,0.004335260115606936,0.004335260115606936

Iteration: ,25000
Error:,0.5422069960074138
Transition Probabilities
0.007356547327121138,0.01373222167729279,0.011280039234919078,0.25698871996076506,0.7106424717999019
0.36089385474860336,0.61731843575419,0.00782122905027933,0.004469273743016759,0.009497206703910615
0.1299515531490453,0.008549444286121402,0.847534910230835,0.007409518381305215,0.006554573952693075
0.021929824561403508,0.021929824561403508,0.039473684210526314,0.008771929824561403,0.9078947368421053
0.007151370679380214,0.013110846245530394,0.013110846245530394,0.004767580452920143,0.9618593563766389

0.005727923627684964,0.7198090692124105,0.26634844868735086,0.002386634844868735,0.005727923627684964
0.008412787436904094,0.9669097027481772,0.014021312394840156,0.005047672462142457,0.005608524957936063
0.006792675723567632,0.008564678086237449,0.9775546367395157,0.0032486709982279976,0.00383933845245127
0.84688995215311,0.06220095693779904,0.06220095693779904,0.014354066985645933,0.014354066985645933
0.9574223245109321,0.012658227848101266,0.02186421173762946,0.004602991944764097,0.0034522439585730723

0.010101010101010102,0.24627224627224628,0.7359307359307359,0.004329004329004329,0.003367003367003367
0.609282245008095,0.0037776578521316784,0.37722611980572046,0.004856988667026443,0.004856988667026443
0.8544854485448545,0.12841284128412842,0.010501050105010502,0.0033003300330033004,0.0033003300330033004
0.07772020725388601,0.02072538860103627,0.8911917098445595,0.0051813471502590676,0.0051813471502590676
0.014976958525345621,0.013824884792626729,0.9619815668202765,0.004608294930875576,0.004608294930875576

Iteration: ,30000
Error:,0.5472124334176841
Transition Probabilities
0.006896551724137931,0.013387423935091278,0.010547667342799188,0.26044624746450307,0.7087221095334686
0.3568118628359592,0.6209453197405005,0.008341056533827619,0.004633920296570899,0.009267840593141797
0.12965186074429771,0.007923169267707083,0.848499399759904,0.007202881152460984,0.0067226890756302525
0.021897810218978103,0.01824817518248175,0.040145985401459854,0.0072992700729927005,0.9124087591240876
0.010773751224289911,0.012732615083251714,0.012732615083251714,0.004897159647404506,0.9588638589618022

0.005978477481068154,0.7222000797130331,0.26345157433240335,0.0019928258270227183,0.006377042646472699
0.009259259259259259,0.9675925925925926,0.013425925925925926,0.004629629629629629,0.005092592592592593
0.00597609561752988,0.008217131474103585,0.9788346613545816,0.0032370517928286854,0.0037350597609561755
0.8682170542635659,0.050387596899224806,0.05813953488372093,0.011627906976744186,0.011627906976744186
0.9573055028462998,0.016129032258064516,0.018975332068311195,0.004743833017077799,0.0028462998102466793

0.009577015163607342,0.24940143655227454,0.7334397446129289,0.0039904229848363925,0.003591380686352753
0.6171454219030521,0.004039497307001795,0.36938958707360864,0.004488330341113106,0.004937163375224416
0.8563189568706119,0.12688064192577733,0.009779338014042127,0.003510531594784353,0.003510531594784353
0.06866952789699571,0.017167381974248927,0.9012875536480687,0.004291845493562232,0.008583690987124463
0.01348747591522158,0.012524084778420038,0.964354527938343,0.004816955684007707,0.004816955684007707

Iteration: ,35000
Error:,0.5435315475711918
Transition Probabilities
0.006934812760055479,0.013176144244105409,0.010402219140083218,0.26005547850208044,0.7094313453536755
0.3578988631909055,0.6205409643277147,0.007448059584476676,0.004704037632301058,0.009408075264602116
0.13240490542506755,0.007482851797963002,0.8472251091249221,0.007067137809187279,0.005819995842860112
0.02258064516129032,0.016129032258064516,0.035483870967741936,0.0064516129032258064,0.9193548387096774
0.011627906976744186,0.013289036544850499,0.013289036544850499,0.0049833887043189366,0.9568106312292359

0.005758807588075881,0.7212059620596206,0.26490514905149054,0.0027100271002710027,0.005420054200542005
0.009001956947162427,0.9702544031311154,0.01213307240704501,0.004305283757338552,0.004305283757338552
0.0062920373182903016,0.007593838142764157,0.9796051204165762,0.0030375352571056628,0.003471468865263615
0.868421052631579,0.05263157894736842,0.05592105263157895,0.009868421052631578,0.013157894736842105
0.9568755085435313,0.01871440195280716,0.01708706265256306,0.004882017900732303,0.0024410089503661514

0.010224948875255624,0.25426039536468986,0.7283571915473755,0.0034083162917518746,0.003749147920927062
0.62236690923018,0.0034469551895825352,0.36537725009574873,0.004212945231711987,0.004595940252776714
0.8574504737295435,0.12553832902670112,0.009905254091300603,0.0034453057708871662,0.0036606373815676143
0.06181818181818182,0.01818181818181818,0.9090909090909091,0.0036363636363636364,0.007272727272727273
0.013333333333333334,0.0125,0.965,0.004166666666666667,0.005

Iteration: ,40000
Error:,0.5382864522441333
Transition Probabilities
0.007310386841303686,0.012488577520560463,0.01096558026195553,0.26347852573865366,0.7057569296375267
0.35535775419376925,0.623416638137624,0.007531667237247518,0.004450530640191715,0.009243409791167409
0.12907904278462654,0.008339376359680928,0.8500725163161711,0.006345177664974619,0.006163886874546773
0.020348837209302327,0.014534883720930232,0.03197674418604651,0.005813953488372093,0.9273255813953488
0.011078286558345642,0.011816838995568686,0.014032496307237814,0.004431314623338257,0.9586410635155096

0.005954153021732658,0.7237272997916047,0.2622804406073236,0.002977076510866329,0.00506103006847276
0.008816547982366904,0.9694811800610377,0.01356391997287216,0.003730077992539844,0.004408273991183452
0.0071482317531978935,0.008088788562829194,0.9778028592927013,0.003197893152746426,0.003762227238525207
0.8703170028818443,0.05475504322766571,0.04899135446685879,0.01440922190201729,0.011527377521613832
0.9551699204627621,0.018076644974692697,0.019522776572668113,0.004338394793926247,0.0028922631959508315

0.009883198562443846,0.2620545073375262,0.7208745133273435,0.0035938903863432167,0.0035938903863432167
0.6281624500665779,0.003328894806924101,0.3608521970705726,0.0036617842876165113,0.0039946737683089215
0.8577127659574468,0.12537993920972645,0.009878419452887538,0.003229483282674772,0.003799392097264438
0.06769230769230769,0.015384615384615385,0.9046153846153846,0.003076923076923077,0.009230769230769232
0.016070124178232285,0.013148283418553688,0.9627465303140978,0.003652300949598247,0.004382761139517896

Iteration: ,45000
Error:,0.5430179805379223
Transition Probabilities
0.00679532481652623,0.011416145691764067,0.010872519706441968,0.26365860288121773,0.70725740690405
0.3561852528945765,0.6227909811090798,0.007617306520414382,0.0042656916514320535,0.009140767824497258
0.12556270096463024,0.008038585209003215,0.8538585209003215,0.006109324758842444,0.006430868167202572
0.020671834625323,0.012919896640826873,0.03617571059431524,0.0103359173126615,0.9198966408268734
0.011140235910878113,0.010484927916120577,0.014416775884665793,0.003931847968545216,0.9600262123197904

0.005570291777188329,0.7254641909814323,0.26153846153846155,0.0029177718832891246,0.004509283819628647
0.008787878787878787,0.9706060606060606,0.012727272727272728,0.0036363636363636364,0.004242424242424243
0.0073541701487548055,0.007688450610061842,0.9781046297843891,0.002841383921109811,0.004011365535684439
0.8733850129198967,0.05167958656330749,0.04909560723514212,0.012919896640826873,0.012919896640826873
0.9528728211749515,0.01872175597159458,0.019367333763718526,0.006455777921239509,0.0025823111684958036

0.01063264221158958,0.26156299840510366,0.7192982456140351,0.004518872939925572,0.003987240829346092
0.6279964486534477,0.0032554010062148565,0.36105356614382955,0.0038472920982539215,0.0038472920982539215
0.8569023569023569,0.1265993265993266,0.009764309764309764,0.0031986531986531986,0.0035353535353535356
0.07065217391304347,0.01358695652173913,0.9021739130434783,0.002717391304347826,0.010869565217391304
0.016223231667748216,0.012329656067488644,0.9643088903309539,0.003244646333549643,0.003893575600259572

Iteration: ,49999
Error:,0.5454217292948982
Transition Probabilities
0.006847640009782343,0.010516018586451455,0.010516018586451455,0.2648569332355099,0.7072633895818048
0.3561643835616438,0.6235616438356164,0.0073972602739726025,0.004383561643835616,0.008493150684931507
0.1261852662290299,0.007439824945295405,0.8539752005835157,0.006272793581327498,0.00612691466083151
0.0182648401826484,0.01141552511415525,0.0365296803652968,0.0091324200913242,0.9246575342465754
0.012716763005780347,0.009826589595375723,0.014450867052023121,0.004046242774566474,0.9589595375722544

0.0059822924144532184,0.7276860492940895,0.2589136156975353,0.002871500358937545,0.004546542234984446
0.007995588640749932,0.9716018748276812,0.01213123793768955,0.0041356492969396195,0.0041356492969396195
0.00800362428269405,0.007248565388100272,0.9774992449411054,0.003171247357293869,0.0040773180308064025
0.8671328671328671,0.05827505827505827,0.04895104895104895,0.011655011655011656,0.013986013986013986
0.9546247818499127,0.017452006980802792,0.01861547411285631,0.006399069226294357,0.0029086678301337987

0.009959686981266303,0.26701446525966327,0.7140147023950676,0.0047427080863172875,0.0042684372776855585
0.6290322580645161,0.004230565838180857,0.3595980962453728,0.003437334743521946,0.0037017451084082496
0.8579863739591219,0.12581377744133232,0.009538228614685845,0.0033308099924299773,0.0033308099924299773
0.06763285024154589,0.014492753623188406,0.9057971014492754,0.0024154589371980675,0.00966183574879227
0.015151515151515152,0.011655011655011656,0.965034965034965,0.004662004662004662,0.0034965034965034965


Model Num 1
Model States: 
['LRVForward'],['MRVForward'],['LRVDocked'],['MRVDocked'],"['nothing', 'b', 'MRVDocked']","['nothing', 'b', 'LRVDocked']"
Iteration: ,0
Error:,0.7677523048425337
Transition Probabilities
0.16666666666666666,0.16666666666666666,0.16666666666666666,0.16666666666666666,0.16666666666666666,0.16666666666666666
0.16666666666666666,0.16666666666666666,0.16666666666666666,0.16666666666666666,0.16666666666666666,0.16666666666666666
0.16666666666666666,0.16666666666666666,0.16666666666666666,0.16666666666666666,0.16666666666666666,0.16666666666666666
0.16666666666666666,0.16666666666666666,0.16666666666666666,0.16666666666666666,0.16666666666666666,0.16666666666666666
0.16666666666666666,0.16666666666666666,0.16666666666666666,0.16666666666666666,0.16666666666666666,0.16666666666666666
0.16666666666666666,0.16666666666666666,0.16666666666666666,0.16666666666666666,0.16666666666666666,0.16666666666666666

0.16666666666666666,0.16666666666666666,0.16666666666666666,0.16666666666666666,0.16666666666666666,0.16666666666666666
0.16666666666666666,0.16666666666666666,0.16666666666666666,0.16666666666666666,0.16666666666666666,0.16666666666666666
0.16666666666666666,0.16666666666666666,0.16666666666666666,0.16666666666666666,0.16666666666666666,0.16666666666666666
0.16666666666666666,0.16666666666666666,0.16666666666666666,0.16666666666666666,0.16666666666666666,0.16666666666666666
0.16666666666666666,0.16666666666666666,0.16666666666666666,0.16666666666666666,0.16666666666666666,0.16666666666666666
0.16666666666666666,0.16666666666666666,0.16666666666666666,0.16666666666666666,0.16666666666666666,0.16666666666666666

0.16666666666666666,0.16666666666666666,0.16666666666666666,0.16666666666666666,0.16666666666666666,0.16666666666666666
0.16666666666666666,0.16666666666666666,0.16666666666666666,0.16666666666666666,0.16666666666666666,0.16666666666666666
0.16666666666666666,0.16666666666666666,0.16666666666666666,0.16666666666666666,0.16666666666666666,0.16666666666666666
0.16666666666666666,0.16666666666666666,0.16666666666666666,0.16666666666666666,0.16666666666666666,0.16666666666666666
0.16666666666666666,0.16666666666666666,0.16666666666666666,0.16666666666666666,0.16666666666666666,0.16666666666666666
0.16666666666666666,0.16666666666666666,0.16666666666666666,0.16666666666666666,0.16666666666666666,0.16666666666666666

Iteration: ,5000
Error:,0.5335830841959699
Transition Probabilities
0.5964125560538117,0.017937219730941707,0.01345291479820628,0.02690582959641256,0.34026434901959013,0.0050271308010377
0.008445945945945946,0.9070945945945946,0.006756756756756757,0.005067567567567568,0.0045294109077603575,0.06810572422737478
0.03125,0.03125,0.015625,0.890625,0.015625,0.015625
0.01278772378516624,0.020460358056265986,0.0076726342710997444,0.9462915601023018,0.0038363171355498722,0.008951406649616368
0.0037095474684778807,0.007571463707432765,0.0013564263649975877,0.9725577037032703,0.006809446215236742,0.007995412540584666
0.01830192766096206,0.05185544381122518,0.8968343226860468,0.008079588492667088,0.012216875041483461,0.012711842307615316

0.9488372093023256,0.013953488372093023,0.009302325581395349,0.018604651162790697,0.004651162790697674,0.004651162790697674
0.010954616588419406,0.9687010954616588,0.003129890453834116,0.00782472613458529,0.004694835680751174,0.004694835680751174
0.06666666666666667,0.06666666666666667,0.022222222222222223,0.022222222222222223,0.7832796007330864,0.03894262148913587
0.018475750577367205,0.018475750577367205,0.006928406466512702,0.0023094688221709007,0.9426248051450853,0.011185818411496738
0.9491854517069771,0.0113834466978784,0.01000748619885795,0.013776333913406992,0.008564559433357558,0.007082722049521881
0.12953749991523553,0.7290031481729076,0.02805311856029627,0.035214578943901835,0.05095345034086092,0.027238204066797906

0.004761904761904762,0.38571428571428573,0.009523809523809525,0.004761904761904762,0.018692680268429,0.5765454149696663
0.08360655737704921,0.009836065573770496,0.009836065573770496,0.008196721311475414,0.8821945996746992,0.006329990489235241
0.02631578947368421,0.868421052631579,0.02631578947368421,0.02631578947368421,0.02631578947368421,0.02631578947368421
0.002785515320334262,0.9721448467966574,0.002785515320334262,0.008356545961002786,0.0090119613304932,0.004915615271178109
0.015277446474535755,0.9296641326267353,0.012739075647517412,0.01895112984457054,0.014015315758657925,0.009352899647983167
0.7555047337157037,0.10764988832811166,0.025766648015452382,0.026923160887590527,0.05790792385354129,0.02624764519960056

Iteration: ,10000
Error:,0.522533690062541
Transition Probabilities
0.5595854922279794,0.018134715025906738,0.007772020725388602,0.020725388601036274,0.38826278874020076,0.005519594679488344
0.00706436420722135,0.9183673469387755,0.005494505494505495,0.004709576138147566,0.002141169720244596,0.06222303750110548
0.05154639175257732,0.041237113402061855,0.010309278350515464,0.8762886597938144,0.010309278350515464,0.010309278350515464
0.009271523178807948,0.01456953642384106,0.007947019867549669,0.9576158940397351,0.004635761589403974,0.005960264900662252
0.007000778441180545,0.005951058843104939,0.0006638587357355005,0.9752084827954502,0.005914428885655656,0.005261392298872967
0.011381189879293834,0.06044667957747461,0.9088572335287985,0.004637026701677544,0.007254694833994604,0.0074231754787608345

0.9420289855072463,0.020289855072463767,0.008695652173913044,0.011594202898550725,0.013650202606505311,0.0037411017413207753
0.011476664116296864,0.9671002295332823,0.006885998469778117,0.005355776587605203,0.003566385087396614,0.005614946205640876
0.07142857142857141,0.10714285714285712,0.011904761904761902,0.011904761904761902,0.7766081914505668,0.021010856168480852
0.014371257485029936,0.011976047904191614,0.00838323353293413,0.002395209580838323,0.9558603026636456,0.0070139488333604465
0.960933845915206,0.01168757612439663,0.005442009086733865,0.013026335316055317,0.005058693122138183,0.003851540435469902
0.10273650921097299,0.7930281147215158,0.01773087409780652,0.02287098050266053,0.04641771118482161,0.017215810282222493

0.005509641873278238,0.41322314049586784,0.005509641873278238,0.002754820936639119,0.016392335523460835,0.5566104192974758
0.06411258795934326,0.007818608287724788,0.005473025801407351,0.0062548866301798305,0.910968428170206,0.005372463151138802
0.0136986301369863,0.9315068493150684,0.0136986301369863,0.0136986301369863,0.0136986301369863,0.0136986301369863
0.005383580080753701,0.971736204576043,0.0026917900403768506,0.006729475100942127,0.01012454621271985,0.0033344039891644033
0.00999634938292683,0.9529573711264943,0.008054483289887846,0.013415123898652504,0.011191354196253842,0.004385318105784808
0.7364500763127791,0.11242842519948767,0.03284703898606078,0.017731794114982238,0.08328577170914873,0.017256893677541463

Iteration: ,15000
Error:,0.5176287486050541
Transition Probabilities
0.553602811950791,0.01581722319859403,0.007029876977152901,0.019332161687170477,0.3987100261316195,0.005507900054672219
0.008200922603792926,0.9169656586365966,0.006150691952844695,0.005125576627370579,0.0014051103220242235,0.06215203985737096
0.036231884057971016,0.043478260869565216,0.007246376811594203,0.8768115942028986,0.010869565217391304,0.025362318840579712
0.007162041181736795,0.01432408236347359,0.007162041181736795,0.963294538943599,0.0040286481647269475,0.0040286481647269475
0.00791856229046796,0.00872657674166312,0.0004557554530911336,0.9721263814433879,0.005583551538416346,0.0051891725329734385
0.013691103744263869,0.049882961205654414,0.9175918332786333,0.0029599736557375266,0.00815496263859937,0.007719165477111514

0.9482439926062847,0.018484288354898338,0.0073937153419593345,0.0073937153419593345,0.015834176088813434,0.002650112266084901
0.012048192771084338,0.9678714859437751,0.006526104417670682,0.006526104417670682,0.0030292884075289726,0.0039988240422702236
0.06923076923076922,0.08461538461538459,0.007692307692307691,0.007692307692307691,0.809431639523074,0.021337591246156938
0.011834319526627208,0.012679628064243437,0.00929839391377852,0.0016906170752324582,0.9586964448402548,0.005800596579863462
0.973243178666427,0.00894461077577509,0.003549442899266145,0.008469491975934459,0.003289072464905542,0.0025042032176919066
0.07699472968822384,0.844284612088903,0.022305203393171196,0.01491571811962708,0.03027213877911882,0.01122759793095608

0.005376344086021506,0.3942652329749104,0.005376344086021506,0.005376344086021506,0.01249656879189471,0.5771091659751303
0.0625,0.007878151260504201,0.003676470588235294,0.005777310924369748,0.9160312146373523,0.004136852589538523
0.025,0.9083333333333333,0.008333333333333333,0.008333333333333333,0.041176470588235294,0.008823529411764706
0.004512635379061372,0.9720216606498195,0.002707581227436823,0.007220216606498195,0.010351999753943636,0.0031859063832404802
0.006802526473601457,0.962681953059014,0.005471901097524343,0.010931921204017024,0.009092409660801522,0.005019288505041623
0.7869474463557552,0.09223641481027221,0.023462477093883483,0.012957093547327221,0.07127103168516834,0.01312553650759355

Iteration: ,20000
Error:,0.5118903315495038
Transition Probabilities
0.5536193029490617,0.013404825737265418,0.006702412868632709,0.01474530831099196,0.40732125769687466,0.004206892437173575
0.007202426080363912,0.9211523881728583,0.006444275966641395,0.004548900682335102,0.001041907732875426,0.05961010136492594
0.03333333333333333,0.05,0.016666666666666666,0.8722222222222222,0.008333333333333333,0.019444444444444445
0.007372654155495978,0.012734584450402145,0.00871313672922252,0.9624664879356568,0.005211951939989677,0.003501184789232844
0.007824950641708487,0.008080582965369919,0.00034283592500334225,0.972625519234482,0.006544046428086561,0.004582064805349548
0.014192289429760675,0.04465138075593627,0.9261114225736733,0.0022980432321927377,0.006726333441425009,0.006020530567012045

0.9501385041551247,0.013850415512465374,0.006925207756232687,0.008310249307479225,0.018711244418351102,0.0020643788503469586
0.010085917071348524,0.9708629062383265,0.0056032872618602915,0.007097497198356369,0.0031374552438174406,0.0032129369862908897
0.06432748538011694,0.07602339181286548,0.005847953216374268,0.005847953216374268,0.8258348476750832,0.02211836869918576
0.0110103626943005,0.0110103626943005,0.008419689119170971,0.0012953367875647647,0.9625214757552248,0.005742772949438424
0.9772743179408939,0.006729167173800976,0.003931859259925852,0.007715479331681165,0.0024662638027992327,0.0018829124908990406
0.06701226053662461,0.8636095668586994,0.017750490669479504,0.011508826364749999,0.02323637671114315,0.016882478859303298

0.006802721088435374,0.40272108843537413,0.005442176870748299,0.005442176870748299,0.009502113923689411,0.5700897228110045
0.0618110236220472,0.009055118110236213,0.0035433070866141706,0.005118110236220469,0.9165826677507504,0.003889773194131531
0.02531645569620253,0.9050632911392406,0.006329113924050633,0.012658227848101266,0.04393149664929263,0.006701414743112435
0.004032258064516129,0.9711021505376344,0.004032258064516129,0.005376344086021506,0.012284970558393988,0.0031720186889178377
0.005917390356921008,0.9652763812760643,0.00695876761835904,0.009742810706605346,0.007972985983889796,0.00413166405816051
0.8067796887882969,0.07667221690309181,0.028413170875256973,0.019565842366604243,0.05792092744794722,0.010648153618802893

Iteration: ,25000
Error:,0.5052388521199747
Transition Probabilities
0.5635775862068966,0.011853448275862068,0.005387931034482759,0.014008620689655173,0.4017885275009591,0.0033838862921443244
0.00605143721633888,0.9222390317700453,0.006354009077155823,0.0051437216338880475,0.0008330657484660451,0.05937873455410583
0.026905829596412557,0.053811659192825115,0.013452914798206279,0.8834080717488789,0.006726457399103139,0.01569506726457399
0.007543103448275862,0.010775862068965518,0.008620689655172414,0.9660560344827587,0.004189780331069287,0.002814530013758299
0.00670365920645335,0.007878320310223067,0.00027530102056667763,0.975391515867739,0.0060717551323076924,0.003679448462710225
0.016209726314570932,0.04194596179054012,0.9295135473716695,0.0018740192487332046,0.005547094310521697,0.004909650963964516

0.9541387024608501,0.0145413870246085,0.006711409395973154,0.007829977628635347,0.01511131819916051,0.001667205290772376
0.009529481834425254,0.9723049434187017,0.005360333531864205,0.006253722453841573,0.0032588476736433144,0.003292671087524047
0.05853658536585365,0.06341463414634145,0.004878048780487804,0.004878048780487804,0.8498036448393212,0.018489038087508042
0.009963293130571572,0.009438909281594122,0.007341373885684317,0.0020975353959098047,0.9659825167811793,0.0051763715250608515
0.978927760703381,0.005933124327059833,0.003185907926894658,0.00735619374731007,0.003071326480583663,0.0015256868147710215
0.056037567471211885,0.8860611334572797,0.014734618721604021,0.0096113310854394,0.019541264037227644,0.014014085227237762

0.006550218340611353,0.40829694323144106,0.004366812227074236,0.004366812227074236,0.009819066914084207,0.566600147059715
0.0627536684358414,0.010302841086481423,0.004058694973462379,0.004995316890415236,0.9141793553839906,0.0037101232298089124
0.020618556701030927,0.9123711340206185,0.010309278350515464,0.010309278350515464,0.040816682664429366,0.005575069912890224
0.004246284501061571,0.9713375796178344,0.004246284501061571,0.00583864118895966,0.010717015206549867,0.0036141949845329333
0.0060435858627217905,0.9678201872018242,0.006607316563170087,0.0077354460692172075,0.008337914729945068,0.003455549573121734
0.842491215994358,0.06269775738305504,0.023220362850221297,0.015791971457749646,0.047187219101099236,0.008611473213516843

Iteration: ,30000
Error:,0.5090566175531008
Transition Probabilities
0.5692167577413478,0.010928961748633878,0.005464480874316939,0.01275045537340619,0.39786603822282063,0.003773306039474519
0.006324310650139135,0.9208196306602581,0.0065772830761447005,0.005312420946116873,0.0009502583529382868,0.06001609631440299
0.022222222222222223,0.05185185185185185,0.011111111111111112,0.8925925925925926,0.009259259259259259,0.012962962962962963
0.006648936170212766,0.00975177304964539,0.007535460992907801,0.9698581560283688,0.0038901738893903355,0.0023154998694749126
0.006707022562372506,0.007821695827582832,0.00022885594496077177,0.9753840374228093,0.0062472028121364495,0.003611185430138257
0.014948600197275426,0.03982274557713889,0.9345519812127087,0.0015421649854995192,0.0048988108683655236,0.0042356971590120805

0.9580223880597015,0.014925373134328358,0.005597014925373134,0.007462686567164179,0.012602162751911844,0.0013903745615209927
0.008745627186406797,0.9737631184407796,0.005747126436781609,0.005247376311844078,0.003228689084746606,0.0032680625394413
0.05952380952380952,0.07539682539682539,0.003968253968253968,0.003968253968253968,0.8420790089544405,0.015063848188416658
0.009948096885813157,0.00908304498269897,0.006487889273356406,0.0025951557093425626,0.9663167102163787,0.005569102932410312
0.9808865417759703,0.0055682241035796,0.0026669052332328248,0.006157827549177786,0.0032670685035969572,0.001453432834442563
0.05249338581617575,0.8981036762186667,0.012476430771572454,0.008138324389373336,0.016821340649493515,0.011966842154718323

0.005494505494505493,0.40567765567765557,0.005494505494505493,0.003663003663003662,0.008243568112388133,0.5714267615579417
0.0590540893650379,0.00940684609354586,0.004964724327149204,0.0044421217663966565,0.9185036956490822,0.0036285227987882317
0.02575107296137339,0.9098712446351931,0.008583690987124463,0.008583690987124463,0.04248979327007705,0.004720507159107502
0.005782918149466192,0.9706405693950177,0.0035587188612099642,0.005782918149466192,0.010255659662534517,0.003979215782305337
0.005023193262906194,0.9694804345174174,0.007314429945093417,0.006412596407270131,0.00864078139975667,0.0031285644675558702
0.8528844036908511,0.05976522350848191,0.02019452210726325,0.013595567979872571,0.04593287047596732,0.007627412237564138

Iteration: ,35000
Error:,0.49796347225043563
Transition Probabilities
0.5710900473933648,0.012638230647709319,0.004739336492890995,0.012638230647709319,0.39562027287139545,0.003273881946929978
0.006441915396177797,0.9224822847326605,0.005797723856560017,0.0055829933433540905,0.0012367794599541248,0.058458303211293465
0.019736842105263157,0.049342105263157895,0.009868421052631578,0.8980263157894737,0.009334992887624466,0.013691322901849217
0.006535947712418301,0.009611687812379853,0.007689350249903883,0.9692425990003845,0.0047699863729131825,0.002150428852000313
0.00638375908275894,0.008119865564613119,0.00019627099197565997,0.976644456070884,0.00555498119218929,0.003100667097578977
0.013966293694986226,0.038172236181820404,0.9359955228608142,0.0013333269556421855,0.004795711233286115,0.005736909073450981

0.9612277867528272,0.012924071082390954,0.006462035541195477,0.006462035541195477,0.01171041399913809,0.0012136570832528629
0.008820998278829604,0.9733218588640276,0.006024096385542169,0.004733218588640275,0.0036351249037293986,0.0034647029792310145
0.061016949152542375,0.07457627118644068,0.003389830508474576,0.003389830508474576,0.8413526622785952,0.01627445636547266
0.009370314842578715,0.009370314842578715,0.0056221889055472285,0.00262368815592204,0.9678112142832983,0.00520227897007498
0.9812289167859931,0.006246928321373401,0.002307827137404529,0.006131405293669802,0.0028271830803754793,0.0012577393811835148
0.051644414920078284,0.9041148105961296,0.011165925723407289,0.007310532283262333,0.015054452968098654,0.010709863509023684

0.007788161993769469,0.4088785046728971,0.006230529595015575,0.0031152647975077876,0.00857420908306174,0.5654133298577483
0.059724689165186466,0.009103019538188272,0.004884547069271755,0.004884547069271755,0.91809737900632,0.003305818151761629
0.025925925925925925,0.9111111111111111,0.007407407407407408,0.007407407407407408,0.04407452530343686,0.004073622844711289
0.005289006422364941,0.971666037023045,0.0037778617302606727,0.006422364941443143,0.009419431291377983,0.0034252985915083013
0.006798616531179807,0.9707756270138302,0.0062062665875370045,0.0062332436990188205,0.00733167086076127,0.0026545753076727997
0.8646329983396887,0.05572098979993657,0.017159718082818187,0.01697497407815756,0.039030144111145686,0.006481175588253394

Iteration: ,40000
Error:,0.5013008571997746
Transition Probabilities
0.5647382920110192,0.012396694214876032,0.004132231404958677,0.013774104683195591,0.40210320483637063,0.002855472849579856
0.0062535531552018195,0.9224938411976502,0.005495546712147054,0.006064051544438127,0.0010925905353524365,0.05860041685521038
0.017191977077363897,0.04871060171919771,0.011461318051575931,0.9025787965616046,0.008131340509564005,0.011925966080693875
0.0066844919786096255,0.009692513368983958,0.007018716577540107,0.9699197860962567,0.004480860479928872,0.002203631498680753
0.005741092125860097,0.007825097268574211,0.00017128295424275868,0.9783682346346375,0.005107858360790801,0.002786434655894546
0.012394149749830887,0.035845484886896616,0.9412238518685176,0.0011824420249604494,0.004261025708928719,0.005093045760865653

0.9632299927901946,0.012256669069935111,0.005767844268204758,0.006488824801730353,0.011165728627841763,0.0010909404420933499
0.008816357156255863,0.9726130181954605,0.006377790283248921,0.004689551678859501,0.004046618681837432,0.003456664004337769
0.06230529595015576,0.07165109034267912,0.003115264797507788,0.003115264797507788,0.8448472127988552,0.014965871313294252
0.010058403634003897,0.009409474367293967,0.00519143413367943,0.0022712524334847508,0.9679156812563935,0.005153754175144527
0.9825974193601384,0.005860984120194677,0.0020017052565677,0.005318104639452699,0.003017208807155715,0.0012045778164907009
0.045468570445759734,0.9156982921871225,0.009766315290291577,0.006394182174123247,0.013271682325558086,0.009400957577144719

0.00678886625933469,0.41344195519348265,0.006109979633401221,0.004073319755600814,0.008157932498899774,0.5614279466592809
0.06072401712728686,0.009342156481121055,0.004476449980537173,0.004476449980537173,0.9180826205345941,0.0028983058959237288
0.022727272727272728,0.9188311688311688,0.006493506493506494,0.006493506493506494,0.041856011889033026,0.0035985335655124295
0.005960264900662252,0.9708609271523179,0.0033112582781456954,0.006291390728476821,0.009836538703056145,0.003739620237341204
0.005994097049172758,0.9727431968731071,0.00685356841196099,0.005493700480341796,0.006575813973643902,0.0023396232117735296
0.8764718384241599,0.04967428780081828,0.015121424298609557,0.014874954380142896,0.03817812317139462,0.00567937192487477

Iteration: ,45000
Error:,0.5094329516020002
Transition Probabilities
0.5678330263965624,0.011663597298956416,0.0036832412523020264,0.014119091467157768,0.4001551596738069,0.002545883911214554
0.005754908598510494,0.9233243060257278,0.005247122545700745,0.006431956668923494,0.0011460621892441512,0.058095643971893304
0.018276762402088774,0.04699738903394256,0.010443864229765013,0.9033942558746736,0.008238084114451741,0.012649644345078285
0.007073386383731211,0.009725906277630416,0.007073386383731211,0.9696433834364869,0.004428596978326512,0.002055340540093766
0.0056896890102377815,0.007291016108594878,0.00015236285632676667,0.979540803324783,0.004814307814775319,0.0025118208852823163
0.011304496225841216,0.034100267702237695,0.945136897648451,0.001060759705553817,0.003827343729551825,0.004570234988364443

0.9587894397939472,0.013522215067611075,0.0070830650354153256,0.0077269800386349004,0.011893748994674398,0.0009845510697171016
0.008995502248875561,0.9731800766283525,0.006163584874229552,0.004331167749458604,0.003951881721248646,0.003377786777835146
0.057851239669421496,0.06887052341597798,0.002754820936639119,0.002754820936639119,0.8545249355062973,0.013243659535024975
0.009877977919814065,0.01045903544450901,0.004938988959907032,0.00232423009877978,0.9674936130034804,0.00490615457350973
0.9829806450397013,0.005255293061128846,0.002400719197297361,0.0047457625048695305,0.003451590022596413,0.0011659901744065751
0.04110617719934665,0.9172025679148257,0.008844018179938655,0.005746992019376713,0.017474190788167115,0.009626053898345149

0.0066265060240963845,0.4132530120481927,0.005421686746987951,0.0048192771084337345,0.008448215288373008,0.5614313027839162
0.06161790017211694,0.009982788296041293,0.004302925989672971,0.004130808950086052,0.917057897086757,0.002907679505325674
0.023255813953488372,0.9215116279069767,0.005813953488372093,0.005813953488372093,0.03747573157506445,0.006128919587726245
0.006445941986522121,0.9724582478757691,0.002929973630237328,0.005859947260474656,0.008996878664878277,0.0033090105821184986
0.006087664541173768,0.9725860005864968,0.007316614174379861,0.004879381618291959,0.006995333477498995,0.002135005602158565
0.8881113984134311,0.046892995925412566,0.013325294414614702,0.013038517562738461,0.033650550125279094,0.0049812435585238814

Iteration: ,49999
Error:,0.5030534531058445
Transition Probabilities
0.5651933701657459,0.012154696132596685,0.0033149171270718232,0.014364640883977901,0.4026805658092814,0.0022918098813262105
0.005333739713501981,0.9224321853093569,0.005638524839987808,0.006705272782688205,0.001032798721933383,0.058857478632531726
0.019138755980861243,0.050239234449760764,0.009569377990430622,0.9019138755980861,0.007548292382380423,0.011590463598480821
