0,1,2,3,4,5,6,7,8,9,10,11,12,13,14,15,16,17,18,19,20,21,22,23,24,25,26,27,28,29
github Code Version (SHA):,e269f044c2d5d80f33e2944c6aea7d044719481f
Environment Observations,Environment Actions,alpha,epsilon,numActions,explore,gainSplitThresh,surpiseThresh,splitWithEntropy,entropyThresh,earlyTermination,budd,conservativeness_factor,confidence_factor,have_control
"['square', 'diamond']","['x', 'y']",0.99,0.99,50000,0.05,0.05,0,True,0.55,False,True,0,100,False

Model Num 0
Model States: 
['square'],['diamond']
Iteration: ,0
Error:,0.6114986350908876
Transition Probabilities
0.5,0.5
0.6666666666666666,0.3333333333333333

0.5,0.5
0.5,0.5

Iteration: ,5000
Error:,0.36480027300978435
Transition Probabilities
0.9832285115303984,0.016771488469601678
0.6761729530818767,0.32382704691812325

0.019621583742116328,0.9803784162578837
0.6475563909774437,0.3524436090225564

Iteration: ,10000
Error:,0.36133934652635474
Transition Probabilities
0.9810443490701002,0.018955650929899856
0.675549322113137,0.324450677886863

0.021460713049498096,0.9785392869505019
0.65720823798627,0.34279176201372996

Iteration: ,15000
Error:,0.35800452964653384
Transition Probabilities
0.9814901593252109,0.018509840674789127
0.6717202970297029,0.328279702970297

0.022843822843822845,0.9771561771561772
0.6526871699285492,0.34731283007145075

Iteration: ,20000
Error:,0.35930119426264756
Transition Probabilities
0.9811917735981719,0.01880822640182809
0.6697459584295612,0.3302540415704388

0.02263555009650816,0.9773644499034918
0.6474015381030063,0.35259846189699373

Iteration: ,25000
Error:,0.3555725869598583
Transition Probabilities
0.9797667556554728,0.02023324434452719
0.6736316568047337,0.32636834319526625

0.021900884458795452,0.9780991155412045
0.646894236149972,0.35310576385002795

Iteration: ,30000
Error:,0.3613932090342904
Transition Probabilities
0.9787508804883776,0.021249119511622446
0.6672323356988584,0.33276766430114163

0.02238106397937661,0.9776189360206234
0.6484942084942085,0.35150579150579153

Iteration: ,35000
Error:,0.36258812281434805
Transition Probabilities
0.9786117836965295,0.021388216303470542
0.6666226390173029,0.33337736098269716

0.02230035158211954,0.9776996484178805
0.6470743626997755,0.3529256373002245

Iteration: ,40000
Error:,0.3585062427293436
Transition Probabilities
0.9786011141568662,0.021398885843133788
0.666088364561647,0.333911635438353

0.022501538191087283,0.9774984618089128
0.6458453382505475,0.3541546617494526

Iteration: ,45000
Error:,0.36006400910058467
Transition Probabilities
0.9786113076983566,0.021388692301643468
0.6638906025087394,0.33610939749126056

0.022721948934176624,0.9772780510658233
0.648734501485808,0.35126549851419203

Iteration: ,49999
Error:,0.3658578271869328
Transition Probabilities
0.9787083539647733,0.02129164603522671
0.6654612888270747,0.3345387111729254

0.02273524664935794,0.9772647533506421
0.6508537148131057,0.34914628518689433


Model Num 1
Model States: 
['square'],"['diamond', 'y', 'square']","['diamond', 'y', 'diamond']"
Iteration: ,0
Error:,0.6517121367787273
Transition Probabilities
0.5,0.25,0.25
0.3333333333333333,0.3333333333333333,0.3333333333333333
0.3333333333333333,0.3333333333333333,0.3333333333333333

0.3333333333333333,0.3333333333333333,0.3333333333333333
0.3333333333333333,0.3333333333333333,0.3333333333333333
0.3333333333333333,0.3333333333333333,0.3333333333333333

Iteration: ,5000
Error:,0.31265637872418534
Transition Probabilities
0.980542043085476,0.0035286428385434775,0.0159293140759805
0.9527976224689806,0.027682605330397347,0.01951977220062215
0.5478415145832839,0.30080623340677504,0.15135225200994107

0.0241305890702626,0.4796420747004273,0.49622733622931
0.9980156917694705,0.000992154115264741,0.000992154115264741
0.0013925387288830386,0.8960772427700576,0.10253021850105942

Iteration: ,10000
Error:,0.3027958123214013
Transition Probabilities
0.9802538787023978,0.004221616164545489,0.01552450513305677
0.9552809189283692,0.030795911293621487,0.01392316977800918
0.6027005528636492,0.2991748683027178,0.09812457883363297

0.022222222222222216,0.48539525661136806,0.4923825211664096
0.9990217054239774,0.0004891472880112988,0.0004891472880112988
0.0007047597992655533,0.9104846774697056,0.08881056273102875

Iteration: ,15000
Error:,0.305508047903736
Transition Probabilities
0.9821055077852661,0.00370363196804079,0.014190860246693122
0.9593293783102009,0.030559801199067864,0.010110820490731231
0.5896677323051615,0.32842794634765843,0.08190432134718004

0.0224268177525968,0.4826955717533565,0.49487761049404677
0.999341518094841,0.0003292409525795394,0.0003292409525795394
0.0004735699572480236,0.9197166105561704,0.07980981948658158

Iteration: ,20000
Error:,0.30132588242883473
Transition Probabilities
0.9818530797417554,0.004645318396075598,0.013501601862169038
0.9576578571901473,0.030795638307257688,0.011546504502595048
0.5352343807624717,0.3783510235221088,0.08641459571541953

0.021095550434320164,0.4845948623510857,0.4943095872145942
0.999508409641617,0.00024579517919150814,0.00024579517919150814
0.00035651959019773814,0.9248299562729188,0.07481352413688354

Iteration: ,25000
Error:,0.2989883732070353
Transition Probabilities
0.9828714663695864,0.004148238656261697,0.012980294974151896
0.9586365350165374,0.029939182028056927,0.011424282955405617
0.5309070551689121,0.38239835096715674,0.08669459386393112

0.01972750496735737,0.48693898648782996,0.4933335085448127
0.9996080650370613,0.0001959674814693274,0.0001959674814693274
0.00028582439153950834,0.9276079581752708,0.07210621743318973

Iteration: ,30000
Error:,0.30207292191975016
Transition Probabilities
0.982708599280492,0.00423564113252439,0.013055759586983564
0.9601810995785233,0.02803924679380801,0.011779653627668727
0.5417809451318603,0.3802460255530654,0.07797302931507438

0.019990537023894014,0.4867096552764761,0.4932998076996298
0.9996727968488811,0.00016360157555944752,0.00016360157555944752
0.0002377808118914397,0.9289585661853929,0.0708036530027157

Iteration: ,35000
Error:,0.301558834641244
Transition Probabilities
0.982361194628182,0.0042614259435182576,0.013377379428299752
0.9580168423811476,0.0302724808619394,0.011710676756913013
0.5514312594434627,0.3748950681259629,0.07367367243057436

0.020288684768345618,0.49013293214389925,0.48957838308775514
0.9997214118303069,0.00013929408484652806,0.00013929408484652806
0.0002045453610836504,0.9308626127618302,0.06893284187708608

Iteration: ,40000
Error:,0.3052462752066894
Transition Probabilities
0.9822552447552447,0.004512532303161065,0.013232222941594186
0.9562651782673601,0.030804275138303142,0.012930546594336813
0.5509594386354122,0.3760670130120836,0.07297354835250416

0.020243988684582746,0.49128082858497546,0.4884751827304418
0.999756496954223,0.00012175152288852509,0.00012175152288852509
0.00017949596926221024,0.9323164582130624,0.0675040458176754

Iteration: ,45000
Error:,0.3062921275608394
Transition Probabilities
0.9824355971896955,0.004795260200746732,0.012769142609557723
0.9535447778571201,0.03256405748864394,0.013891164654236085
0.5531490188836172,0.3742332612877617,0.07261771982862086

0.020985044240858196,0.49349320885957826,0.48552174689956357
0.9997846709119258,0.00010766454403707509,0.00010766454403707509
0.00016013227307274002,0.9336176480638564,0.06622221966307093

Iteration: ,49999
Error:,0.2989218852099777
Transition Probabilities
0.9818271465802635,0.005074927724507361,0.013097925695229204
0.9510791681191375,0.034807565562479596,0.014113266318382922
0.6071855944638272,0.3303647547352602,0.06244965080091252

0.020925808497146484,0.4930548830651044,0.48601930843774915
0.9979708027816468,0.001796977244646352,0.00023221997370693578
0.002223054294892267,0.9327915600298637,0.06498538567524409


Model Num 2
Model States: 
['square'],"['diamond', 'y', 'square']","['diamond', 'x', 'square']","['diamond', 'x', 'diamond', 'y', 'square']"
Iteration: ,0
Error:,0.7040786326595068
Transition Probabilities
0.25,0.25,0.25,0.25
0.25,0.25,0.25,0.25
0.25,0.25,0.25,0.25
0.20079918073934258,0.3936860725688239,0.20275737334591673,0.20275737334591673

0.25,0.25,0.25,0.25
0.25,0.25,0.25,0.25
0.25,0.25,0.25,0.25
0.25,0.25,0.25,0.25

Iteration: ,5000
Error:,0.3951599365906764
Transition Probabilities
0.9770114942528736,0.003223038591805641,0.016629724174382923,0.0031357429809378686
0.17995229043980457,0.18394060826197917,0.454312918781414,0.1817941825168023
0.9244912482864635,0.007190147726018802,0.06569006226796845,0.0026285417195492642
0.00329351523986727,0.9884110031487949,0.004749826329016102,0.0035456552823216977

0.015312916111850884,0.26814332968423993,0.453705453870027,0.2628383003338823
0.9876731825359383,0.004126808072149606,0.005853060616053134,0.002346948775858892
0.008422812914833324,0.47059176459957974,0.49891542003709133,0.022070002448495652
0.20772993306346252,0.20930823625531206,0.3736535944259133,0.20930823625531206

Iteration: ,10000
Error:,0.3849759083949008
Transition Probabilities
0.9823144944252212,0.002318132746262576,0.012665326731013442,0.0027020460975029155
0.14826557300411553,0.15270608115084522,0.5486437789836797,0.15038456686135962
0.9174649845835788,0.00777270772557777,0.07255106612521012,0.0022112415656333666
0.0016586089006657555,0.9940899873057542,0.0024437584274178198,0.001807645366162342

0.013986013986013983,0.2782466259746793,0.4444098433502049,0.2633575166891018
0.9864990166495543,0.004710983994493302,0.007533438155650334,0.0012565612003020445
0.004536787249046782,0.4864539164927091,0.4915970934687109,0.01741220278953323
0.20772993306346252,0.20930823625531206,0.3736535944259133,0.20930823625531206

Iteration: ,15000
Error:,0.37978740785055143
Transition Probabilities
0.9824203821656051,0.0020009070343237423,0.013285592404737237,0.002293118395333929
0.1367010692436129,0.14119076340493095,0.583252281399483,0.1388558859519731
0.9213879076035428,0.006454640977765092,0.07035611923014641,0.001801332188545637
0.0011109587046844198,0.995997451257474,0.001670338572422958,0.0012212514654187138

0.01532311792138575,0.27373429763174484,0.4482164050714011,0.2627261793754683
0.9888181650590091,0.003740158645016594,0.006151304050959078,0.0012903722450152777
0.00303301877049209,0.48351852215938035,0.4982336406729621,0.015214818397165458
0.20772993306346252,0.20930823625531206,0.3736535944259133,0.20930823625531206

Iteration: ,20000
Error:,0.37973885199681967
Transition Probabilities
0.982982015084123,0.0019009734090030496,0.012777551447007754,0.0023394600598662047
0.1184950397647504,0.12294424371272993,0.6379148320738002,0.12064588444871945
0.9260891448244652,0.0059697730821245635,0.06643249395273548,0.0015085881406747827
0.0008458417826845148,0.9969212174130007,0.0012967454011540587,0.0009361954031606542

0.016019818331957064,0.2765116600594609,0.4510680693999891,0.25640045220859287
0.9899823396864244,0.0032686206470261417,0.005619755149283482,0.0011292845172660325
0.002237995199244403,0.4817669391696618,0.49713067146170187,0.01886439416939201
0.20772993306346252,0.20930823625531206,0.3736535944259133,0.20930823625531206

Iteration: ,25000
Error:,0.381648231549934
Transition Probabilities
0.9801293900184842,0.0026556217479950122,0.014744940787614751,0.002470047445905949
0.10490593670337428,0.10923901190510064,0.6788481669573454,0.10700688443417974
0.9259014976354462,0.005658793786203506,0.06712828074490887,0.0013114278334414996
0.0006746944394863862,0.9975192012447179,0.001054876541680488,0.000751227774115161

0.01761356111773275,0.27436655923972664,0.45093046857890884,0.25708941106363176
0.9906240671724882,0.0032030955046807425,0.005250847544743698,0.0009219897780874702
0.0018052257518137087,0.4822462463925653,0.49594714878167556,0.020001379073945447
0.20772993306346252,0.20930823625531206,0.3736535944259133,0.20930823625531206

Iteration: ,30000
Error:,0.3828460906926532
Transition Probabilities
0.9801903781836893,0.0027254185202919977,0.01464521315616081,0.002438990139857974
0.09928250437821534,0.10438780330469657,0.6458304151609219,0.1504992771561661
0.9265606724368673,0.005332775831077116,0.06683843259095662,0.0012681191410988807
0.000567273408413366,0.99789512054563,0.0009023790855704814,0.0006352269603860358

0.017207147584381206,0.27414783863959535,0.45303176278578616,0.25561325099023724
0.991206667683878,0.002909035654621561,0.005102392393072057,0.0007819042684284654
0.0014769916356986554,0.4879298106906509,0.4922398043263018,0.01835339334734862
0.20772993306346252,0.20930823625531206,0.3736535944259133,0.20930823625531206

Iteration: ,35000
Error:,0.3937667194007073
Transition Probabilities
0.9805421950153039,0.0024688860693867524,0.014358408799678046,0.002630510115631309
0.08972404710961117,0.11672525044002546,0.6443307018443762,0.14922000060598714
0.9251656702354001,0.005431164576157186,0.06811880036491531,0.0012843648235274466
0.00048337265074682533,0.9981892714298591,0.0007826890608063302,0.0005446668585877153

0.01793339026473101,0.2742309775342936,0.45004610191456706,0.25778953028640833
0.9909877113090328,0.003021743326301195,0.005317636765472463,0.0006729085991935847
0.0012870537966882482,0.4847111932388983,0.49770049846257225,0.016301254501841233
0.20772993306346252,0.20930823625531206,0.3736535944259133,0.20930823625531206

Iteration: ,40000
Error:,0.3856321384608874
Transition Probabilities
0.9810815975539843,0.0022432311875482495,0.014104840580068624,0.0025703306783987994
0.07529134064972265,0.09851148740433928,0.7006609694692015,0.1255362024767367
0.9256024356892559,0.00543741462189845,0.0677490195241963,0.0012111301646492492
0.00042383023177386647,0.9983982183168914,0.0006979111069576882,0.0004800403443770769

0.018429354142453953,0.27256270107152664,0.4515528200981604,0.25745512468785897
0.990987886232598,0.0031910780355354634,0.005220410141614949,0.000600625590251604
0.0011272348284353919,0.48286822117733047,0.5010657903179329,0.014938753676301302
0.20772993306346252,0.20930823625531206,0.3736535944259133,0.20930823625531206

Iteration: ,45000
Error:,0.377762915114404
Transition Probabilities
0.9804890517167932,0.0022129774455966924,0.014621803646589143,0.0026761671910211196
0.06504111830808516,0.08548223152378304,0.740816622151084,0.10866002801704785
0.9269394247778516,0.0052813208024218095,0.06659913428491326,0.001180120134813267
0.0003801868435959214,0.9985509052008142,0.0006363528090915598,0.0004325551464984578

0.018840153076243805,0.27212004669594525,0.45418724671603933,0.2548525535117717
0.9913237015075133,0.003115574183803905,0.005014957742469773,0.0005457665662131156
0.0010010335006760207,0.4822928439899994,0.5024022554940771,0.01430386701524748
0.20772993306346252,0.20930823625531206,0.3736535944259133,0.20930823625531206

Iteration: ,49999
Error:,0.36480307249084987
Transition Probabilities
0.9802661771454797,0.0022728046199008674,0.014902928933067596,0.0025580893015519617
0.0989644468512436,0.1176241141655456,0.7466573135701774,0.03675412541303349
0.9254569837269375,0.005972402707343763,0.06739585767696418,0.0011747558887546497
0.0013018304696110542,0.9869676255675599,0.011249628867599833,0.00048091509522921666

0.019429708222811714,0.27346703172005055,0.4517434935399902,0.25535976651714765
0.9827487691174374,0.007551691253548145,0.009069352242562662,0.0006301873864517609
0.0071300115215148,0.48142998759652067,0.49754681977457194,0.0138931811073926
0.06299997130718862,0.4575830068643993,0.45800798031270096,0.021409041515711075


Model Num 3
Model States: 
"['diamond', 'y', 'square']","['diamond', 'x', 'square']","['diamond', 'x', 'diamond', 'y', 'square']","['square', 'y', 'diamond', 'x', 'square']","['square', 'y', 'diamond', 'y', 'square']"
Iteration: ,0
Error:,0.6584158562837179
Transition Probabilities
0.2,0.2,0.2,0.2,0.2
0.16722128392501798,0.16722128392501798,0.16722128392501798,0.24916807411247305,0.24916807411247305
0.2,0.2,0.2,0.2,0.2
0.2,0.2,0.2,0.2,0.2
0.2,0.2,0.2,0.2,0.2

0.2,0.2,0.2,0.2,0.2
0.2,0.2,0.2,0.2,0.2
0.2,0.2,0.2,0.2,0.2
0.2,0.2,0.2,0.2,0.2
0.2,0.2,0.2,0.2,0.2

Iteration: ,5000
Error:,0.46331022958579754
Transition Probabilities
0.01934956002682397,0.9328138085077322,0.024985713650598408,0.011425458907422699,0.011425458907422699
0.0012113750513556298,0.003314387082058943,0.0011620010556387189,0.520639488284545,0.47367274852640173
0.9657329323224515,0.00982359321520722,0.008495406490407816,0.00797403398596671,0.00797403398596671
0.005925721015408898,0.013454094144212378,0.003519973042053736,0.4988221939979425,0.47827801780038254
0.24398159995430085,0.09107339317794882,0.0910382120463647,0.29194738598880016,0.28195940883258547

0.07814076657428398,0.07257674431889288,0.003554064869382952,0.48616682442300696,0.3595615998144331
0.457616337553629,0.3337410426290384,0.07616190288850008,0.06624035846441627,0.06624035846441627
0.2,0.2,0.2,0.2,0.2
0.13185727250298004,0.7845647254823378,0.06663468792583026,0.006656874622967448,0.010286439465884494
0.9818041803946935,0.002346965435478786,0.0026262913399043076,0.00702193689733419,0.006200625932589089

Iteration: ,10000
Error:,0.4261232697372691
Transition Probabilities
0.012291025257865858,0.9629798905168291,0.013191109366557511,0.005768987429373781,0.005768987429373781
0.0006635063675972916,0.002322159166326108,0.000565664581388873,0.5362826657963726,0.4601660040883151
0.9802748615158765,0.006161400902550005,0.00474210436518588,0.004410816608193787,0.004410816608193787
0.005706630270390646,0.012119021532680564,0.0034524851687702056,0.5004644756765586,0.47825738735159995
0.18666561170214405,0.05844350584887563,0.05841090912472929,0.33860898264542116,0.35787099067882994

0.07758477056323801,0.07783899678738071,0.002530545591495597,0.48981921634701003,0.3522264707108757
0.42883488698444455,0.4236335027223649,0.05806919526450716,0.04473120751434173,0.04473120751434173
0.2,0.2,0.2,0.2,0.2
0.12596684100941982,0.7987232270853735,0.060315077619747824,0.006754013743769524,0.008240840541689394
0.9852191499633969,0.0029567349847699253,0.002859995354631053,0.004924086927164306,0.004040032770037841

Iteration: ,15000
Error:,0.40181296021860347
Transition Probabilities
0.009711369834340379,0.9732693421453229,0.009184785984390473,0.003917251017973104,0.003917251017973104
0.00044313635863940307,0.0026533759177265466,0.0003763388592594778,0.5370192943504102,0.45950785451396436
0.9853859448447865,0.004927597575326158,0.0033981901340656,0.0031441337229108,0.0031441337229108
0.006442810854575711,0.010617025589979331,0.0035296860487782906,0.4959680105439941,0.4834424669626726
0.1419323684834608,0.0570171925124571,0.03854949240680707,0.37512905649537504,0.3873718901019

0.07820632794821766,0.07850117320629059,0.0019408149938400434,0.4904002783178512,0.35095140553380044
0.36696560211150064,0.5308740049204965,0.042178654658600094,0.029990869154701436,0.029990869154701436
0.2,0.2,0.2,0.2,0.2
0.12593917696672227,0.7999588809421279,0.057238959496334604,0.008021886397059164,0.008841096197756056
0.9855440762542288,0.002234237180005218,0.0019221084995982934,0.0055776322205039084,0.004721945845663822

Iteration: ,20000
Error:,0.392594821241702
Transition Probabilities
0.009220394624899531,0.9768885299244738,0.007963238169750152,0.0029639186404382327,0.0029639186404382327
0.0005283567923535329,0.003641420581184263,0.0004113790261673361,0.5374450407247303,0.4579738028755646
0.9887912313136683,0.004101208380919758,0.002501509140050752,0.002303025582680605,0.002303025582680605
0.005675228588025832,0.010714646256114662,0.0031538691034299006,0.4968147183329862,0.4836415377194435
0.13296909574155197,0.04709945439392016,0.03183924891481033,0.40554373555597023,0.3825484653937472

0.0747203306604795,0.07752330219062636,0.0016543152336533048,0.4928747027898428,0.3532273491253981
0.3645728851942388,0.5644746206402471,0.029448526154963777,0.02075198400527514,0.02075198400527514
0.2,0.2,0.2,0.2,0.2
0.12440754897949333,0.8013159649607098,0.05847563988772801,0.007310385718268207,0.008490460453800894
0.9869931925249132,0.001977496155124246,0.0016197140860484864,0.0046977309168617955,0.00471186631705233

Iteration: ,25000
Error:,0.38349411711923087
Transition Probabilities
0.008795663791397585,0.9797560918365967,0.006623737977396735,0.0024122531973045326,0.0024122531973045326
0.0004735013523801637,0.004021579789246856,0.0003334260862313246,0.540333449868227,0.4548380429039146
0.9906121419033541,0.0036487938961139916,0.002024400469787347,0.0018573318653722528,0.0018573318653722528
0.005668232497992419,0.01072163855702617,0.00347117470607082,0.4966109176156552,0.4835280366232555
0.1196600517625786,0.03793257404804744,0.025638632781431737,0.4264647245562191,0.39030401685172306

0.07366915549013053,0.07838281736934742,0.001710239496935722,0.4881680866540679,0.3580697009895184
0.3084839198620945,0.6120557956860629,0.049198178824588934,0.01513105281362676,0.01513105281362676
0.2,0.2,0.2,0.2,0.2
0.12438242444461103,0.8009091824306315,0.057775855534325064,0.008079860493119869,0.008852677097312474
0.9864646995202471,0.0018405619685885493,0.001573790827123655,0.005281817086644209,0.00483913059739626

Iteration: ,30000
Error:,0.37533671089819004
Transition Probabilities
0.008605479517818957,0.9815837359886562,0.00572326628172154,0.002043759105901658,0.002043759105901658
0.0005434181857623704,0.004538557148216256,0.0003182540532074347,0.5429148798288284,0.4516848907839856
0.9918825816972722,0.0033358837709311817,0.0016899314014828491,0.0015458015651568754,0.0015458015651568754
0.005292840447191847,0.010551007602849967,0.0035361823589834668,0.4988757651601715,0.4817442044308031
0.10193780571002119,0.04261355213782654,0.021847016206108797,0.4338730103513213,0.39972861559472217

0.0710468386971608,0.07828655412735346,0.0017885088036797682,0.4898722394482496,0.3590058589235563
0.3183480666698977,0.6049424135330532,0.05116552771527799,0.01277199604088549,0.01277199604088549
0.2,0.2,0.2,0.2,0.2
0.12179813651861966,0.8035418473515343,0.05713389008495363,0.008342670189954108,0.009183455854938372
0.9870291512169613,0.001751082532174454,0.0015363290564547791,0.005164869354804048,0.004518567839605269

Iteration: ,35000
Error:,0.37281255038838534
Transition Probabilities
0.008033834140728382,0.9831296812861198,0.00530862060371468,0.0017639319847185667,0.0017639319847185667
0.0005624789951791067,0.004419131584772677,0.0002735390692787238,0.5443447202715184,0.45040013007925106
0.9927546498829096,0.0031266434738670924,0.001458033800231335,0.0013303364214959825,0.0013303364214959825
0.0048207475150856055,0.010539424194390547,0.0032629964807143167,0.4999930677989254,0.48138376401088423
0.09049761349713897,0.04699729328490159,0.019399409303810514,0.44267695278450403,0.4004287311296449

0.07075150073198076,0.07850609796687494,0.0016648561239075114,0.4905365418314408,0.3585410033457959
0.3191718298073672,0.6126298581027638,0.04624216190008843,0.010978075094890247,0.010978075094890247
0.2,0.2,0.2,0.2,0.2
0.12142821763903926,0.8030092156692058,0.0569902083141671,0.00899540274110177,0.009576955636486084
0.9877524987045054,0.001635537024902952,0.0014239971993588226,0.005050764980159737,0.004137202091073253

Iteration: ,40000
Error:,0.37580931943873747
Transition Probabilities
0.00761437729057812,0.9846719813769553,0.004654546300924471,0.0015295475157710112,0.0015295475157710112
0.000670442955565104,0.004781686512711367,0.00031162249033381213,0.5446039076642026,0.449632340377187
0.9934021347246229,0.002970731310100437,0.0012858285387053795,0.001170652713285589,0.001170652713285589
0.004954413529515889,0.010807605808228064,0.0033889563660906,0.5009192270478577,0.4799297972483077
0.09049761349713897,0.04699729328490159,0.019399409303810514,0.44267695278450403,0.4004287311296449

0.07022588332318852,0.07853639795182561,0.0016448538569061061,0.49221466252761914,0.3573782023404605
0.32730773304979977,0.612636849815455,0.0407619095844342,0.009646753775155479,0.009646753775155479
0.2,0.2,0.2,0.2,0.2
0.12132136075845651,0.8032050157142993,0.056681075118893254,0.009238695819349434,0.009553852589001412
0.9892169076626444,0.001452389437673936,0.001254285284239236,0.004439729370051869,0.0036366882453907038

Iteration: ,45000
Error:,0.3704565711637596
Transition Probabilities
0.007482907698335465,0.9856246364449623,0.004176226371472078,0.0013581147426149887,0.0013581147426149887
0.0006898851522754057,0.005019713240125573,0.0002971426840807127,0.5469642142941106,0.44702904462940773
0.9939146940993379,0.002848660918186547,0.0011488611075618851,0.0010438919374568,0.0010438919374568
0.005162336608409973,0.01020399599568571,0.003099182663873265,0.5018236653952374,0.47971081933679366
0.09049761349713897,0.04699729328490159,0.019399409303810514,0.44267695278450403,0.4004287311296449

0.07061372292709525,0.07879289158263385,0.0015702267841459158,0.49078249325227946,0.3582406654538455
0.3573064438129481,0.5842860867814422,0.041598484122275,0.008404492641667309,0.008404492641667309
0.2,0.2,0.2,0.2,0.2
0.12186349139150628,0.8022890007470049,0.05674529877158681,0.009297524766696584,0.009804684323205314
0.990308753889036,0.0013492716035082165,0.0011256096278762949,0.0039669453248207245,0.0032494195547587146

Iteration: ,49999
Error:,0.3492369487071106
Transition Probabilities
0.027505643734625683,0.9630094112159112,0.0039382557968863285,0.0029358580438575838,0.002610831208719177
0.0019987128204130692,0.009858571597389893,0.0002793635137714735,0.5443250822762811,0.44353826979214445
0.9898207905163791,0.00663671774399671,0.0010469360377122815,0.0012890787470724626,0.00120647695483984
0.005454368474969456,0.010515282455388608,0.0028647121782404477,0.502650592175969,0.47851504471543244
0.023043811409667395,0.019122146883755877,0.004046076711130985,0.4984764713796243,0.4553114936158213

0.07126020371621974,0.07940700409725193,0.001636370161469449,0.4887344108414669,0.35896201118359194
0.4158287635527822,0.5415517792846658,0.026115916741686684,0.008388179673745479,0.008115360747119901
0.3765978352621921,0.4049657111593454,0.08109871524046991,0.06902281598930711,0.06831492234868555
0.1227132768378694,0.8018836473785733,0.05651415611788085,0.009267343103481486,0.009621576562194974
0.9642880217673835,0.017501465918944643,0.009563222623639159,0.0047227477788577285,0.003924541911174985


Model Num 4
Model States: 
"['diamond', 'y', 'square']","['diamond', 'x', 'square']","['square', 'y', 'diamond', 'x', 'square']","['square', 'y', 'diamond', 'y', 'square']","['diamond', 'y', 'diamond', 'x', 'square']","['diamond', 'y', 'diamond', 'y', 'square']"
Iteration: ,0
Error:,0.682193534925935
Transition Probabilities
0.16666666666666666,0.16666666666666666,0.16666666666666666,0.16666666666666666,0.16666666666666666,0.16666666666666666
0.16666666666666666,0.16666666666666666,0.16666666666666666,0.16666666666666666,0.16666666666666666,0.16666666666666666
0.16666666666666666,0.16666666666666666,0.16666666666666666,0.16666666666666666,0.16666666666666666,0.16666666666666666
0.16666666666666666,0.16666666666666666,0.16666666666666666,0.16666666666666666,0.16666666666666666,0.16666666666666666
0.16666666666666666,0.16666666666666666,0.16666666666666666,0.16666666666666666,0.16666666666666666,0.16666666666666666
0.16666666666666666,0.16666666666666666,0.16666666666666666,0.16666666666666666,0.16666666666666666,0.16666666666666666

0.16666666666666666,0.16666666666666666,0.16666666666666666,0.16666666666666666,0.16666666666666666,0.16666666666666666
0.16666666666666666,0.16666666666666666,0.16666666666666666,0.16666666666666666,0.16666666666666666,0.16666666666666666
0.16666666666666666,0.16666666666666666,0.16666666666666666,0.16666666666666666,0.16666666666666666,0.16666666666666666
0.16666666666666666,0.16666666666666666,0.16666666666666666,0.16666666666666666,0.16666666666666666,0.16666666666666666
0.16666666666666666,0.16666666666666666,0.16666666666666666,0.16666666666666666,0.16666666666666666,0.16666666666666666
0.16666666666666666,0.16666666666666666,0.16666666666666666,0.16666666666666666,0.16666666666666666,0.16666666666666666

Iteration: ,5000
Error:,0.4513189834754721
Transition Probabilities
0.32449971964386787,0.24665739406579776,0.09645642399834402,0.09645642399834402,0.13761725216963414,0.09831278612401223
0.07491303445955616,0.07141884498669503,0.34881306912386173,0.5003206198227688,0.0020284399257560915,0.0025059916813622465
0.057915466747601896,0.04014715166006941,0.3874085328493562,0.43625188067653686,0.039138604355636986,0.039138363710798665
0.005819763952753207,0.010167512267822948,0.46357763811498853,0.5093828572086001,0.005554416020435718,0.00549781243539941
0.16666666666666666,0.16666666666666666,0.16666666666666666,0.16666666666666666,0.16666666666666666,0.16666666666666666
0.1547853784351733,0.1933228623389012,0.1400715171396841,0.1400715171396841,0.18431300710297135,0.18743571784358576

0.0013379845491380824,0.0013271862986348416,0.41227554692392254,0.5819240158926525,0.001354044439486158,0.0017812218961660341
0.14772792365793164,0.14513224429095237,0.08257349849045646,0.08257349849045646,0.2962953522404686,0.2456974828297345
0.003000301760599295,0.9808922272129839,0.005535188974325991,0.005192163481431812,0.0021849045977531275,0.003195213972905842
0.7500182877830422,0.08272310122367431,0.010320718080769148,0.008468787701804066,0.06900732879322016,0.07946177641748998
0.0075813068935844845,0.9629622178849763,0.007157293780378289,0.007157293780378289,0.007557664330461054,0.0075842233302215335
0.967519996289962,0.006638002119027214,0.006280689837230555,0.006280689837230555,0.006630832165733781,0.006649789750815845

Iteration: ,10000
Error:,0.46198841643688376
Transition Probabilities
0.28552677874870086,0.34993495774707045,0.07318276612741882,0.07318276612741882,0.10955073178634862,0.10862199946304237
0.0773885327080575,0.0725160515558397,0.353297456841014,0.4936049610792773,0.0016492136934270962,0.0015437841223842187
0.07256499265762459,0.055564704648906435,0.3750411664785797,0.4222523231259874,0.03729001526147702,0.03728679782742479
0.006155172997636285,0.010167320103308229,0.4629941112350188,0.5109228498133986,0.004891726061112634,0.004868819789525332
0.15328116473159642,0.19323365493939132,0.15265344458465596,0.15265344458465596,0.19509853830755503,0.15307975285214523
0.1854281847510641,0.18645623467615224,0.13488891788619992,0.13488891788619992,0.1776781500190306,0.1806595947813533

0.0009045520408066636,0.000892125923058683,0.39553507321655834,0.5999065133456827,0.0009904606555773627,0.0017712748183160252
0.15552402521548908,0.1507113248346543,0.06218258391279543,0.06218258391279543,0.2761376026594211,0.2932618794648447
0.0018244043783311268,0.9876193860097471,0.0028959330483118535,0.004321867665898664,0.0016373600537582993,0.0017010488439529424
0.7417777702916851,0.084249040225315,0.010614849347937022,0.010213610424068719,0.07188134976675446,0.08126337994423978
0.004315808218848359,0.978795416955744,0.0035497445572847436,0.0035497445572847436,0.003953051998444677,0.005836233712393456
0.9823193025431889,0.0037230187245261975,0.0031081409161523034,0.0031081409161523034,0.0034500534786625144,0.004291343421317772

Iteration: ,15000
Error:,0.4661999508464044
Transition Probabilities
0.28434445366487177,0.38127765237364275,0.06704350436300577,0.06704350436300577,0.10057606997180363,0.09971481526367022
0.0769681865653063,0.07299596357841681,0.3547762649075024,0.4920380565620214,0.001502414248122664,0.0017191141386305934
0.07256499265762459,0.055564704648906435,0.3750411664785797,0.4222523231259874,0.03729001526147702,0.03728679782742479
0.0048745060552496606,0.008947190543407726,0.46678437423938646,0.512112169006088,0.00385384604590996,0.003427914109958038
0.15328116473159642,0.19323365493939132,0.15265344458465596,0.15265344458465596,0.19509853830755503,0.15307975285214523
0.19982511563150862,0.2259660373858716,0.11588792622862855,0.11588792622862855,0.18659143094174976,0.15584156358361292

0.0006470293662367237,0.0006364843368655668,0.39848066632525875,0.598189293800017,0.0007047475479839004,0.0013417786236381503
0.14315821211728325,0.13814232210648864,0.047873740699078404,0.047873740699078404,0.2631228143485365,0.3598291700295348
0.0012059812013964348,0.9905659399546931,0.0018904343619124775,0.004158746430380846,0.0010686130240104834,0.001110285027606552
0.7416022970175253,0.08580387662258579,0.0114936098312817,0.010124775495384248,0.07240178249755337,0.0785736585356696
0.0029752870689572853,0.9854595402278687,0.002403480475695035,0.002403480475695035,0.0027338028055226707,0.004024408946261282
0.9869195489558404,0.0026566379640751746,0.0021682716802546563,0.0021682716802546563,0.002458089157769436,0.003629180561805752

Iteration: ,20000
Error:,0.46853215277021526
Transition Probabilities
0.30509963323899403,0.37026242010890337,0.06506313970719724,0.06506313970719724,0.09767740663577228,0.09683426060193591
0.07618595067388151,0.07344688404491147,0.35058360700120716,0.49631233263114904,0.0014918337693496308,0.001979391879501265
0.06941597906878584,0.04325180014958671,0.38392108351234444,0.44536681172877307,0.02902435946155443,0.029019966078955566
0.005587650845358679,0.009008822408269928,0.465893667492566,0.5123624523780211,0.004283595056174405,0.0028638118196098687
0.15328116473159642,0.19323365493939132,0.15265344458465596,0.15265344458465596,0.19509853830755503,0.15307975285214523
0.22625760827056463,0.21419383766395286,0.09295427768643229,0.09295427768643229,0.21481391416784162,0.15882608452477634

0.0006015484887526215,0.0005957328035837718,0.40172119567846853,0.5953086444665476,0.0005880559734206653,0.0011848225892266645
0.13879546515029698,0.13359704471709236,0.03802355527990163,0.03802355527990163,0.2554568772614908,0.39610350231131664
0.0011204556481758919,0.9898475492389502,0.0027217583498615346,0.004414214024894202,0.000822573573873757,0.0010734491642443867
0.7402470208838808,0.08623510338431102,0.012113468223247593,0.010298669580031216,0.07302083875100097,0.07808489917752849
0.002252940171173441,0.9890311912996653,0.0017898354225793797,0.0017898354225793797,0.002076840429568421,0.0030593572544341183
0.9894162795272429,0.0020604641058241174,0.0016411096011252567,0.0016411096011252567,0.0024342443844668237,0.0028067927802156445

Iteration: ,25000
Error:,0.4691722783045424
Transition Probabilities
0.3232067182405209,0.36062086967010315,0.06333448828812634,0.06333448828812634,0.09516834562369149,0.09433508988943165
0.07553487114891246,0.0752800563715985,0.35099130797013955,0.4946985899518118,0.0013414276248861958,0.0021537469326513583
0.07569716939126679,0.04452159427643254,0.3893577695776318,0.4443498319814994,0.02304064437045188,0.023032990402717706
0.00535659586460961,0.00827437500886149,0.4669917315844644,0.5134214535408934,0.0035525053015304517,0.002403338699640688
0.15328116473159642,0.19323365493939132,0.15265344458465596,0.15265344458465596,0.19509853830755503,0.15307975285214523
0.25912622603619556,0.24289531712018417,0.08257713930580711,0.08257713930580711,0.19133225024945813,0.14149192798254798

0.0005125188673065142,0.0005090594244291634,0.4072286339769018,0.5902953463046084,0.0004846665279051811,0.000969774898848831
0.13353936995325805,0.12866190600904187,0.032723686877596414,0.032723686877596414,0.27762803206029163,0.3947233182222156
0.0010859385338489746,0.9879944474532418,0.003991162921979876,0.004693681661504198,0.0008410299801276636,0.0013937394492975525
0.7402532514427542,0.0876743942617051,0.01210787233138035,0.010606668903802935,0.07203448110957807,0.07732333195077937
0.0018770007854549877,0.9908848027865843,0.0014707057768962042,0.0014707057768962042,0.001737588884090439,0.002559195990077924
0.9912702538840121,0.0017040909147935032,0.001338780673815553,0.001338780673815553,0.0020156912472991495,0.002332402606264077

Iteration: ,30000
Error:,0.4666025990077016
Transition Probabilities
0.3068454082259534,0.3930526741560896,0.06006731314457136,0.06006731314457136,0.09038947673120414,0.08957781459761
0.07482922161193459,0.07587872249558306,0.35128976345385965,0.4944500758930435,0.0012866080877358538,0.002265608457843149
0.08270672685155721,0.047092794776490844,0.38479817857441917,0.4370319796497147,0.028493757833082726,0.019876562314735297
0.004911198860963135,0.0072647516823897825,0.46715468674589566,0.5151261923867404,0.0032516444012818933,0.0022915259227292285
0.15328116473159642,0.19323365493939132,0.15265344458465596,0.15265344458465596,0.19509853830755503,0.15307975285214523
0.2659633737142262,0.2508342367027057,0.07551701324094669,0.07551701324094669,0.20243387992322595,0.1297344831779488

0.0004974212839160712,0.00048743403813061604,0.4091427461357632,0.5885203638567862,0.00043342373233972467,0.0009186109530643183
0.12737928854890507,0.12178269296444989,0.026399642032199265,0.026399642032199265,0.2840998478527434,0.413938886569503
0.0010546116431328907,0.9880215795914952,0.003997758065578446,0.004746872728423051,0.0007147740739492342,0.0014644038974211395
0.7404140201155988,0.0883253906351452,0.011651021894859174,0.010251156748429933,0.0725989844330512,0.07675942617291576
0.0015807202392446977,0.992339435809116,0.0012208420522739972,0.0012208420522739972,0.0014715987250997543,0.002166561121991566
0.9915694378085718,0.0016176292693703838,0.0011229502110067409,0.0011229502110067409,0.002125664574658955,0.0024413679253854357

Iteration: ,35000
Error:,0.47377734184924675
Transition Probabilities
0.3243060778240919,0.3831604793944074,0.05852412956964616,0.05852412956964616,0.08814416502888882,0.08734101861331955
0.07658378728739787,0.07502359836644058,0.34884634032421014,0.49622776990965656,0.001171513294866877,0.002146990817428025
0.09213362251166489,0.05451736455069381,0.3848170291751747,0.42761917996370424,0.024100550164914206,0.016812253633848157
0.00451088470579314,0.007235403359930218,0.46718401641482044,0.5157217717507728,0.0031035492461197523,0.002244374522563661
0.15328116473159642,0.19323365493939132,0.15265344458465596,0.15265344458465596,0.19509853830755503,0.15307975285214523
0.2885110651082573,0.27687285878983914,0.06780819482856217,0.06780819482856217,0.18219525940420622,0.11680442704057294

0.0004426763975417661,0.0004393214226292166,0.41042424546185413,0.5873873253183556,0.00037993018501590066,0.0009265012146035283
0.12417100457419418,0.11869487549778938,0.022162793947910476,0.022162793947910476,0.29019139938614474,0.4226171326460507
0.0011333864251700423,0.9885965087368537,0.0038710615024425666,0.00435776146108334,0.0006361980407978414,0.0014050838336524343
0.7417003838297396,0.08833141306188783,0.0114618329084635,0.010274383555316182,0.07224917506827637,0.07598281157631645
0.0013833524716682973,0.9933058927366174,0.001054489786807887,0.001054489786807887,0.0012950411479422611,0.0019067340701563861
0.9913965628024526,0.001560922771363118,0.0009693816437496804,0.0009693816437496804,0.0018865076364802632,0.0032172435022048557

Iteration: ,40000
Error:,0.4803517220115783
Transition Probabilities
0.3243060778240919,0.3831604793944074,0.05852412956964616,0.05852412956964616,0.08814416502888882,0.08734101861331955
0.07638415120483631,0.07566385864514336,0.34848806149704425,0.49618403305013337,0.001134599087660603,0.0021452965151821583
0.10178026538842519,0.07459656444218059,0.36655057848765105,0.4205975040263314,0.02148625393024656,0.01498883372516519
0.0047236712430257545,0.0072798721025406285,0.46717249407103617,0.5158759883945173,0.002873494116657159,0.0020744800722231026
0.15328116473159642,0.19323365493939132,0.15265344458465596,0.15265344458465596,0.19509853830755503,0.15307975285214523
0.26954208490297965,0.2827324692367945,0.06142465235012897,0.06142465235012897,0.1925869625792463,0.13228917858072164

0.00044733698244537066,0.00046059533252661687,0.4139517824713611,0.5837198569722488,0.0004881175607769896,0.0009323106806409824
0.12386511889168114,0.1183771605322154,0.019720462956704522,0.019720462956704522,0.28615175049842,0.4321650441642744
0.0012018799118878173,0.9882166068620487,0.003949453722600872,0.004486016499779197,0.0006826512693395131,0.0014633917343437814
0.7409218448249077,0.08916952192189583,0.011153253665880804,0.010395551427901125,0.07272712469453921,0.07563270346487522
