0,1,2,3,4,5,6,7,8,9,10,11,12,13,14,15,16,17,18,19,20,21,22,23,24,25,26,27,28,29
github Code Version (SHA):,528ca1c557fe8e6666681dc5c9134b0f84d30530
Environment Observations,Environment Actions,alpha,epsilon,numActions,explore,patience,gainThresh,insertRandActions,useUpdatedPosterior,revisedSplitting,haveControl,confidence_factor
"['diamond', 'square']","['x', 'y']",0.85,0.99,75000,0.5,0,0.01,False,True,False,False,250

Model Num 0
Model States: 
['diamond'],['square']
Iteration: ,0
Error:,0.5071651565286626
Absolute Error:,1
Transition Probabilities
0.5,0.5
0.5,0.5

0.5,0.5
0.5,0.5

Transition Gammas
1.0,1.0
1.0,1.0

1.0,1.0
1.0,1.0

Iteration: ,2412
Error:,0.08978133169449232
Absolute Error:,1
Transition Probabilities
0.47904191616766467,0.5209580838323353
0.11404728789986092,0.885952712100139

0.128,0.872
0.8810888252148997,0.11891117478510028


Model Num 1
Model States: 
['square'],"['diamond', 'x', 'square']","['diamond', 'x', 'diamond']"
Iteration: ,0
Error:,0.5664636976909714
Absolute Error:,1
Transition Probabilities
0.3333333333333333,0.3333333333333333,0.3333333333333333
0.3333333333333333,0.3333333333333333,0.3333333333333333
0.3333333333333333,0.3333333333333333,0.3333333333333333

0.3333333333333333,0.3333333333333333,0.3333333333333333
0.3333333333333333,0.3333333333333333,0.3333333333333333
0.3333333333333333,0.3333333333333333,0.3333333333333333

Transition Gammas
1.0,1.0,1.0
1.0,1.0,1.0
1.0,1.0,1.0

1.0,1.0,1.0
1.0,1.0,1.0
1.0,1.0,1.0

Iteration: ,2500
Error:,0.07626549003164915
Absolute Error:,1
Transition Probabilities
0.8976608187134503,0.06280215911210191,0.039537022174447815
0.9958592132505176,0.002070393374741201,0.002070393374741201
0.00276243093922652,0.8015326730629042,0.1957048959978693

0.11234396671289876,0.3589282842531568,0.5287277490339445
0.7776799571015773,0.13754966388678833,0.0847703790116344
0.9160547865809288,0.06298798137999173,0.020957232039079447

Transition Gammas
614.0,42.9566768326777,27.043323167322306
481.0,1.0,1.0
1.0,290.15482764877123,70.84517235122867

81.0,258.78729294652607,381.21270705347393
53.59132284312322,9.478794428229207,5.841679096473144
96.73388769130067,6.651427846860082,2.2130494377475096

Iteration: ,5000
Error:,0.07245362475062625
Absolute Error:,1
Transition Probabilities
0.8969740634005764,0.06255773825037712,0.04046819834904653
0.9978925184404637,0.001053740779768177,0.001053740779768177
0.0014947683109118087,0.8257906474454939,0.1727145842435942

0.11049723756906077,0.3828621470877613,0.5066406153431778
0.7837280838435325,0.1415887948972772,0.07468312125919024
0.9257442950063917,0.0502462014737869,0.02400950351982148

Transition Gammas
1245.0,86.83014069152344,56.16985930847658
947.0,1.0,1.0
1.0,552.4539431410354,115.54605685896452

160.0,554.3843889830783,733.6156110169215
116.42448580286505,21.033318801746358,11.094337653581068
201.0566495982263,10.912660199852816,5.214474841758327

Iteration: ,7500
Error:,0.06906350543017065
Absolute Error:,1
Transition Probabilities
0.8980087421078193,0.06032194440908096,0.041669313483099726
0.9985955056179775,0.0007022471910112359,0.0007022471910112359
0.0009689922480620153,0.8246917550208934,0.1743392527310446

0.1115207373271889,0.3802854872717674,0.5081937754010436
0.8001390694009467,0.1212660406294136,0.07859488996963969
0.9260576880487245,0.048900300669146725,0.025042011282128802

Transition Gammas
1849.0,124.2028835382977,85.79711646170233
1422.0,1.0,1.0
1.0,851.0818911815622,179.91810881843807

242.0,825.2195073797357,1102.780492620265
182.99134262820783,27.73347339056575,17.974605901981988
288.5292271610324,15.235731145151583,7.802270047576471

Iteration: ,10000
Error:,0.06353699636592057
Absolute Error:,1
Transition Probabilities
0.8913517441860465,0.062007409395447265,0.046640846418506236
0.9989479221462388,0.0005260389268805891,0.0005260389268805891
0.0007117437722419927,0.830672199788731,0.16861605643902694

0.11018131101813107,0.3784993604565851,0.511319328525284
0.8202889896139383,0.10477944911604539,0.07493156127001631
0.933891984765592,0.04336080243575803,0.02274721279864994

Transition Gammas
2453.0,170.64439065627087,128.35560934372916
1899.0,1.0,1.0
1.0,1167.0944407031673,236.90555929683288

316.0,1085.5361657894864,1466.4638342105147
264.4522220551851,33.77975139895206,24.15711795576605
366.7984597792008,17.030530090927332,8.934269438995974

Iteration: ,12500
Error:,0.06628535795687034
Absolute Error:,1
Transition Probabilities
0.8885377765010054,0.06335779062909824,0.0481044328698963
0.9991593106347205,0.0004203446826397646,0.0004203446826397646
0.0005763688760806913,0.8379510924033626,0.16147253872055664

0.10976979225154405,0.38202176443584246,0.5082084433126136
0.8230863534223232,0.10706507370431938,0.06984857287335737
0.9293132710935879,0.04547985385741063,0.02520687504900151

Transition Gammas
3093.0,220.548469179891,167.45153082010904
2377.0,1.0,1.0
1.0,1453.845145319835,280.1548546801659

391.0,1360.7615249204712,1810.23847507953
339.975400174865,44.22317430732681,28.85091754410182
443.5867435504355,21.708783138346913,12.031933650222522

Iteration: ,15000
Error:,0.06541566850823902
Absolute Error:,1
Transition Probabilities
0.888410991636798,0.06364813248786962,0.0479408758753323
0.9993019197207679,0.00034904013961605586,0.00034904013961605586
0.0004840271055179085,0.8419524558745933,0.15756351701988872

0.11333955223880597,0.38530748159299333,0.5013529661682007
0.837223393105314,0.10338826700815175,0.05938833988653428
0.9276120234578419,0.04597779695969472,0.026410179582463344

Transition Gammas
3718.0,266.3674344617343,200.63256553826568
2863.0,1.0,1.0
1.0,1739.4737738369117,325.5262261630904

486.0,1652.1984810707554,2149.8015189292446
423.4489195504748,52.291479573231214,30.037297770161516
513.2966062629974,25.441937519186375,14.614143852880801

Iteration: ,17500
Error:,0.0681851692982438
Absolute Error:,1
Transition Probabilities
0.89072375127421,0.06301805624246387,0.04625819248332614
0.999397045523063,0.00030147723846849563,0.00030147723846849563
0.0004145936981757871,0.8409565337049673,0.15862887259685707

0.11349079263410734,0.38385568551940785,0.5026535218464848
0.8385968785740165,0.10218194685541973,0.05922117457056361
0.9290026165291984,0.04412737784731832,0.026870005623483267

Transition Gammas
4369.0,309.1035658692853,226.8964341307147
3315.0,1.0,1.0
1.0,2028.387159296384,382.61284070361984

567.0,1917.7430048549606,2511.256995145037
498.16669602859275,60.70096867674046,35.18021307319506
600.0962887617694,28.504414527805327,17.356884003085465

Iteration: ,20000
Error:,0.06696052929272904
Absolute Error:,1
Transition Probabilities
0.8884297520661157,0.06367859011799815,0.047891657815886154
0.9994739610731194,0.0002630194634402946,0.0002630194634402946
0.0003614022406938916,0.8399930198377858,0.15964557792152015

0.11229665908693374,0.38571551282352007,0.5019878280895461
0.8417956874494426,0.0980552410257422,0.060149071524815335
0.929535599958416,0.04393812422013641,0.026526275821447603

Transition Gammas
4945.0,354.43503259677766,266.56496740322234
3800.0,1.0,1.0
1.0,2324.260685891158,441.7393141088471

642.0,2205.1355868120636,2869.864413187934
575.0584118795583,66.98477079584374,41.08981557257938
687.0335310168975,32.4753184607129,19.60596338983961

Iteration: ,21993
Error:,0.06504679835752086
Absolute Error:,1
Transition Probabilities
0.8894883112636913,0.062472871806629776,0.048038816929678874
0.9995198079231693,0.00024009603841536616,0.00024009603841536616
0.0003284072249589485,0.8403170061102484,0.1593545866647927

0.11386374464030494,0.3842828562205133,0.5018533991391817
0.84265656821747,0.09503137533764777,0.0623120564448823
0.9304164412822542,0.04402275733384205,0.025560801383903816


Model Num 2
Model States: 
"['diamond', 'x', 'square']","['diamond', 'x', 'diamond']","['square', 'y', 'diamond', 'x', 'diamond']","['square', 'y', 'diamond', 'x', 'square']"
Iteration: ,0
Error:,0.5086557868971053
Absolute Error:,0.6
Transition Probabilities
0.25,0.25,0.25,0.25
0.25,0.25,0.25,0.25
0.25,0.25,0.25,0.25
0.25,0.25,0.25,0.25

0.25,0.25,0.25,0.25
0.25,0.25,0.25,0.25
0.25,0.25,0.25,0.25
0.25,0.25,0.25,0.25

Transition Gammas
1.0,1.0,1.0,1.0
1.0,1.0,1.0,1.0
1.0,1.0,1.0,1.0
1.0,1.0,1.0,1.0

1.0,1.0,1.0,1.0
1.0,1.0,1.0,1.0
1.0,1.0,1.0,1.0
1.0,1.0,1.0,1.0

Iteration: ,2500
Error:,0.0631034908909492
Absolute Error:,0.11857831723805007
Transition Probabilities
0.0016129032258064523,0.0016129032258064523,0.149675646205432,0.8470985473429552
0.8014895962197307,0.19286068626614514,0.0028248587570621478,0.0028248587570621478
0.06534296975001784,0.057572745423718936,0.7987081596697975,0.07837612515646573
0.12413734814506258,0.06059043102086417,0.7496926362575677,0.0655795845765057

0.04235747925355608,0.091480618829178,0.11067061321883502,0.7554912886984309
0.10565377539346338,0.058566391337614175,0.5345661232346385,0.3012137100342839
0.0036109361798547486,0.9108526284074505,0.05249009075225421,0.03304634466044054
0.9077830587323874,0.002845507900062602,0.06578011465472207,0.02359131871282802

Transition Gammas
1.0,1.0,92.7989006473678,525.201099352632
283.72731706178456,68.27268293821535,1.0,1.0
11.437788736002632,10.077670201207525,139.8077746844695,13.719143236306788
20.889055893921004,10.19577845945743,126.15358404261346,11.035321989623421

7.082148596836424,15.295512095998928,18.50406922062051,126.31775224746258
4.689814146731716,2.5996751142615757,23.728596141245344,13.370429151703812
1.1662519657938866,294.1851130892733,16.953130289602196,10.67323333975163
471.2291993401429,1.4771000588344774,34.14638603691488,12.246227908182766

Iteration: ,5000
Error:,0.05070292604468151
Absolute Error:,0.10510570199775474
Transition Probabilities
0.0008143322475570034,0.0008143322475570034,0.14509271477604876,0.8532786207288373
0.8211024912264081,0.1759257405715116,0.0014858841010401194,0.0014858841010401194
0.06684807771306601,0.03627905585693643,0.807586793040049,0.08928607338994869
0.12197869832023918,0.050814960882736106,0.7695706327641747,0.05763570803285009

0.03415998258651535,0.07423773796755925,0.10223661586152236,0.789365663584403
0.07121680802750925,0.05625150246630611,0.6020442912315432,0.2704873982746414
0.0018400171014614846,0.9283743994293654,0.047724642279238144,0.0220609411899348
0.8999605835429157,0.0014412039770292221,0.07721997599698054,0.021378236483074266

Transition Gammas
1.0,1.0,178.17385374498784,1047.826146255012
552.6019765953724,118.39802340462728,1.0,1.0
26.06837623005438,14.147543350598468,314.9301682204719,34.818397669174736
39.64316633962384,16.514899523907594,250.11101958691512,18.731647345913323

11.23467363188027,24.415608383940178,33.6239929140223,259.6097812439785
6.6007237267146595,5.2136656679315205,55.80042335132641,25.070101244625896
1.184066614296137,597.4168017560395,30.711212171445478,14.19640280636765
948.0901455746045,1.5182790372942774,81.34967200011106,22.521536731724733

Iteration: ,7500
Error:,0.04901289585862575
Absolute Error:,0.09903119400108401
Transition Probabilities
0.0005425935973955505,0.0005425935973955505,0.14116193829971385,0.8577528745054951
0.8111708855355492,0.1868986125339489,0.0009652509652509655,0.0009652509652509655
0.0626458816861484,0.03969784621636944,0.8085155557448446,0.08914071635263754
0.10963132743312255,0.04785033931302226,0.7830847614411119,0.05943357181274318

0.03951679786547687,0.07058049195738621,0.09277386139305989,0.7971288487840771
0.08047480096596471,0.05430806834572754,0.6424028136037202,0.22281431708458754
0.0012338281361020307,0.9321464371226119,0.044758644631030464,0.02186109011025541
0.9022864708643318,0.0009805405000617824,0.08020018165119291,0.016532806984413475

Transition Gammas
1.0,1.0,260.1614522863727,1580.838547713628
840.3730374148288,193.62696258517101,1.0,1.0
36.06512548518886,22.85398124744819,465.4610038174689,51.31815587182226
54.04859021019397,23.590368204981722,386.06325730021916,29.300938361753065

19.50621988138979,34.83983191513144,45.79488818246552,393.477494080192
10.81258938060857,7.296828771589354,86.3132031029483,29.937318139814813
1.193595908235099,901.7513385133807,43.29917070826873,21.148251479817024
1419.7743665773153,1.542909388905095,126.19735059767844,26.01485927363533

Iteration: ,10000
Error:,0.050401857296172865
Absolute Error:,0.09582204435542566
Transition Probabilities
0.0004027386226339105,0.0004027386226339105,0.1420402450420732,0.8571542777126591
0.8103260425428702,0.1882299141358302,0.0007220216606498195,0.0007220216606498195
0.0676890756587356,0.051099245469078125,0.7913333723049921,0.08987830656719421
0.10091736135026444,0.048023592357321565,0.7961461083194478,0.05491293797296628

0.052408056281603305,0.06531549150276963,0.0881024954717644,0.7941739567438627
0.08423730068709913,0.05020490634930134,0.6551269575976415,0.210430835365958
0.0009303435991061739,0.9290588257431476,0.0458712458510152,0.024139584806730955
0.9022501419023934,0.0007418369996962446,0.08264693763056769,0.014361083467342913

Transition Gammas
1.0,1.0,352.6859284394678,2128.3140715605327
1122.3015689218753,260.6984310781248,1.0,1.0
51.67910247394288,39.01313642176834,604.1654142919699,68.62008632955894
66.3216533152133,31.56051645285177,523.2174670218952,36.08810997468017

33.80069553192353,42.1253753419209,56.82190556815432,512.2043062815359
14.677442877010591,8.747664503456594,114.14882028385964,36.66530789154885
1.199432922274628,1197.7765455652534,59.13888429212707,31.12163374375967
1896.0416717431424,1.5589400319730262,173.6791500626497,30.17922795562093

Iteration: ,12500
Error:,0.04622653890889433
Absolute Error:,0.09194667430287518
Transition Probabilities
0.00032626427406199027,0.00032626427406199027,0.14245517284030637,0.8568922986115697
0.8137737988499456,0.18508660001045324,0.0005698005698005697,0.0005698005698005697
0.06656593470472572,0.04912938307701994,0.7929323643520119,0.09137231786624245
0.09265714022726516,0.04554131783325406,0.8095027084354365,0.05229883350404421

0.05674326387322596,0.07278578374117936,0.08772380372965101,0.7827471486559437
0.07592944614168178,0.0463270787735659,0.687003344730414,0.19074013035433834
0.0007310666685002769,0.9269021928243577,0.05082334315885072,0.021543397348291343
0.8985133102135351,0.0006082657751352807,0.08808382262157477,0.01279460138975496

Transition Gammas
1.0,1.0,436.625104755539,2626.3748952444607
1428.1730169816549,324.8269830183455,1.0,1.0
64.22489777955064,47.40156688387919,765.0459694212028,88.15887286599488
75.42520140451447,37.071757895560715,658.9552048712618,42.57254260803266

46.02885183537034,59.042180989607296,71.15956483096214,634.9467773044886
17.035609485968834,10.39399156342515,154.1367847533536,42.7946539733225
1.2060468458582765,1529.118361213473,83.84369764586184,35.54032421458768
2321.3212099658135,1.5714628031300513,227.56573929632134,33.055024607301426

Iteration: ,15000
Error:,0.04408760116121269
Absolute Error:,0.0909512453487453
Transition Probabilities
0.00027137042062415204,0.00027137042062415204,0.13990914640230903,0.8595481127564426
0.8139412454543072,0.18510227439265606,0.00047824007651841243,0.00047824007651841243
0.06521034731374975,0.048525508860804895,0.7866399637034126,0.09962418012203285
0.08972888386156784,0.042963647411143085,0.814870689937154,0.052436778790135107

0.05696016746687433,0.06835206519212084,0.08915359169371379,0.7855341756472911
0.07881927346118936,0.04322991392459946,0.7007166861089401,0.17723412650527098
0.0006079425959412044,0.9250705033273638,0.05237464865608311,0.021946905420611843
0.8994102999544566,0.0005082092494333862,0.08867556289399627,0.011405927902113637

Transition Gammas
1.0,1.0,515.5652044925085,3167.43479550749
1701.9511442449557,387.04885575504363,1.0,1.0
75.13550744623707,55.91119941136526,906.3683186039875,114.7872022728204
87.83916635612324,42.058819967442304,797.7092660881328,51.332444326756296

54.615816079740746,65.53884911546896,85.48423193495519,753.203369467858
21.866479106497504,11.993081997557347,194.39670151133745,49.16927236197038
1.2113499725607557,1843.2400300681368,104.35858522826935,43.73008809802627
2798.4594567270933,1.5812616112413362,275.90852314440673,35.48883841116074

Iteration: ,17500
Error:,0.040291525506570454
Absolute Error:,0.08919532203982722
Transition Probabilities
0.00023474178403755898,0.00023474178403755898,0.14300144943857704,0.8565290669933479
0.8135299130732073,0.18565905691868248,0.00040551500405515005,0.00040551500405515005
0.06439322865975317,0.05026464627622888,0.787134740446676,0.09820738461734181
0.08624678728524998,0.04599088974623308,0.8182989895337596,0.0494633334347573

0.054035055632916225,0.06715733904747077,0.08924127707272796,0.789566328246885
0.0737525542591051,0.03826262612406324,0.7105846207744867,0.17740019884234487
0.0005182026176201398,0.9253059266636754,0.0535007736533521,0.020675097065352345
0.8966090903574543,0.00044232361424841293,0.09225874060038967,0.010689845427907792

Transition Gammas
1.0,1.0,609.1861746083374,3648.8138253916572
2006.1647656385292,457.835234361471,1.0,1.0
87.84607961535683,68.57168386369706,1073.819445250301,133.9757907387408
97.90800280238344,52.20920458481105,928.9391788644716,56.151148825153676

60.80759120644633,75.57456861067223,100.42641820977407,888.5273820124363
23.92578693645579,12.412633697504598,230.51806690306884,57.54972695691876
1.2166029371404647,2172.374028719603,125.60569196828713,48.539669542561356
3223.2834483331467,1.5901404524522527,331.66747330516284,38.42968156755816

Iteration: ,20000
Error:,0.037774887608721476
Absolute Error:,0.08736581922408224
Transition Probabilities
0.000203583061889251,0.000203583061889251,0.14170760950935066,0.8578852243668709
0.8108210990450662,0.18846639650178101,0.0003562522265764159,0.0003562522265764159
0.06414199551416402,0.051450834837069734,0.7869961636076189,0.09741100604114725
0.08342191610841673,0.04475327518137826,0.8174466102346863,0.054378198475518585

0.05382827389345647,0.06407826554522365,0.0889382289507147,0.7931552316106052
0.06875852396586121,0.0365337028620094,0.7277414007546912,0.16696637241743822
0.0004549950659853845,0.9221560503866367,0.055869700938741725,0.021519253608636362
0.8960324643132553,0.000384691844450471,0.09343549202701112,0.010147351815283166

Transition Gammas
1.0,1.0,696.0677779099298,4213.932222090066
2275.974825019502,529.0251749804996,1.0,1.0
99.90800263660759,80.14016560215245,1225.8305055593,151.72803668455336
106.57579608380833,57.174614925104876,1044.3301629340353,69.4709503507437

67.51433392713471,80.37042811468912,111.55113946532197,994.8182115035626
25.43765943539055,13.515879017108684,269.2326251596556,61.7702864131601
1.219414990410929,2471.4353965669643,149.7342629132283,57.672934048187194
3719.9770024269187,1.5970903637668294,387.9076879399885,42.12784345634117

Iteration: ,22500
Error:,0.040558940210172645
Absolute Error:,0.08770842228420604
Transition Probabilities
0.0001796945193171609,0.0001796945193171609,0.14227859174762408,0.8573620192137416
0.8133390182164077,0.18602505173589753,0.0003179650238473766,0.0003179650238473766
0.06485737454041095,0.051374566530522005,0.7877846046363493,0.09598345429271778
0.08324254988497293,0.0439378637656584,0.8188210734859839,0.05399851286338491

0.0562595837056175,0.06537451108260675,0.08542320648069578,0.79294269873108
0.07611402754153367,0.03841143514045152,0.7200137617536787,0.16546077556433614
0.00040550101602710885,0.922894914243886,0.05473473367023117,0.021964851069855764
0.8978347867042447,0.00034149874522328453,0.09244871847122511,0.009374996079306988

Transition Gammas
1.0,1.0,791.7803630755277,4771.219636924469
2557.951212290604,585.0487877093981,1.0,1.0
111.29909681827475,88.16179956089287,1351.8850493822622,164.71329356111116
119.47662603564446,63.06327383277717,1175.2400583856966,77.50315357680101

79.29250025390931,92.13911826544856,120.39583614771743,1117.5768642275202
31.600613219494207,15.947453370756664,298.931447103825,68.69511626819333
1.222106911328624,2781.438784488987,164.96061332593348,66.19809874158268
4217.879056124159,1.604304518493171,434.30876056459624,44.04217813759177

Iteration: ,25000
Error:,0.039174987536082194
Absolute Error:,0.08613728374254256
Transition Probabilities
0.00016257519102584958,0.00016257519102584958,0.14336513101113657,0.8563097186068118
0.8163768393490793,0.18305238439521287,0.0002853881278538811,0.0002853881278538811
0.06429633136544928,0.051549169213693395,0.7910450044858657,0.09310949493499165
0.0843270525445114,0.042755990230254066,0.8181040628786496,0.054812894346584956

0.05658569451521483,0.06643952876122007,0.08374781166758895,0.7932269650559761
0.07247640511118635,0.035273287262817254,0.7319191398610947,0.1603311677649017
0.00036254682170114186,0.9220263469033796,0.05589773410108996,0.02171337217382927
0.8967013929121819,0.0003116182861737326,0.09407001178518526,0.008916977016459028

Transition Gammas
1.0,1.0,881.8389208495004,5267.161079150495
2860.584445079176,641.4155549208264,1.0,1.0
124.38300398463252,99.72327166331658,1530.2981034134395,180.12285356812072
135.78549361320265,68.84674684048578,1317.3312792630545,88.26107032841851

88.55981877092884,103.98162780766968,131.0700714603644,1241.4451544936464
33.82000873269466,16.4597413658863,341.53890033251685,74.81609339775586
1.2246114440200022,3114.422602873087,188.8114879997755,73.343475823534
4630.742776089406,1.6092582647941704,485.79608659485336,46.049027279214734

Iteration: ,27500
Error:,0.03800974308105519
Absolute Error:,0.08498730281571083
Transition Probabilities
0.00014751438265230867,0.00014751438265230867,0.14189298852529317,0.8578119827094023
0.8184028821493395,0.181075197182602,0.0002609603340292273,0.0002609603340292273
0.06592178412019502,0.052636851449347384,0.7887836266216913,0.09265773780876632
0.08565718271001155,0.04259199014947178,0.8171025098066504,0.054648317333866284

0.05589606966189509,0.06562741990022562,0.08224017154590986,0.7962363388919693
0.06751437952908619,0.035430542986377045,0.7401236708537903,0.1569314066307465
0.00033092604722356495,0.9216194882178708,0.05697022937547669,0.02107935635942894
0.8963068710975155,0.00028320690071549393,0.09449034472747654,0.008919577274292594

Transition Gammas
1.0,1.0,961.8925692129619,5815.107430787035
3136.119844396272,693.8801556037315,1.0,1.0
140.77412345256295,112.40452185842213,1684.4253400202695,197.86800365329512
151.84884736758397,75.50498868477095,1448.5192060933605,96.87785349909316

96.1461483530127,112.88492532515252,141.46031701081475,1369.59642469022
34.536860635056996,18.124431178660682,378.6089459945619,80.2779816370018
1.2264676328236486,3415.6769512769383,211.14125935320345,78.12364276701744
5109.384976149779,1.6144170376445277,538.6409089451868,50.845927425585145

Iteration: ,30000
Error:,0.03959626818822625
Absolute Error:,0.08428942406831605
Transition Probabilities
0.00013570362328674184,0.00013570362328674184,0.14235882001989425,0.8573697727335323
0.8187456080529524,0.18077603748639234,0.00023917723032767255,0.00023917723032767255
0.06926899512034099,0.052348233315444734,0.7874745273810264,0.09090824418318806
0.08414351324446315,0.04260658433017323,0.8188943045849479,0.054355597840415736

0.05574298580955866,0.06596302143785875,0.08029708992621591,0.7979969028263666
0.06703296144802337,0.03912361322259238,0.7394464737890013,0.154396951540383
0.0003028869534811392,0.9217463424856314,0.056837613389833216,0.02111315717105425
0.8957243632343221,0.0002619227383591924,0.0950448493310306,0.008968864696288163

Transition Gammas
1.0,1.0,1049.0421447266,6317.957855273396
3423.1753872693976,755.8246127306072,1.0,1.0
162.48462729142918,122.79351194351415,1847.182925935458,213.24392173094995
163.9432338671098,83.01366260791305,1595.5143220484497,105.90516303791519

104.69006169238047,123.88415660649957,150.80475464327702,1498.705958676782
38.137536229334266,22.258873611842724,420.69850525174843,87.84214818907952
1.2290847589752776,3740.3538454515906,230.64131205084493,85.6750658770394
5537.541516187868,1.6192571032236318,587.5856688434391,55.44725883019761

Iteration: ,32500
Error:,0.03973861997278441
Absolute Error:,0.08433683720395987
Transition Probabilities
0.00012493753123438289,0.00012493753123438289,0.14112171661911846,0.8586284083184128
0.8201555734887237,0.17940106583736817,0.00022168033695411186,0.00022168033695411186
0.0700100257735206,0.05212028797909631,0.784206952576589,0.09366273367079417
0.0821086761269964,0.041292181417370635,0.8232592760123243,0.05333986644330871

0.055911722219296536,0.0661894224244484,0.07939014830182435,0.7985087070544307
0.06705489021730558,0.04078238395736025,0.7365428243178269,0.15561990150750724
0.00028058478731965073,0.9219278572521921,0.05699318884720603,0.02079836911328212
0.8951526838758831,0.00024175293454324279,0.09606210221740019,0.008543460972173528

Transition Gammas
1.0,1.0,1129.5382198194234,6872.461780180572
3699.7217920076378,809.278207992369,1.0,1.0
179.2611032943789,133.45431920534085,2007.9667444312206,239.82400791722787
173.46443066790383,87.23468795820679,1739.2340047557466,112.68686819623964

112.84472779753727,133.58786065054005,160.2304368266015,1611.6029718795232
41.20853199997384,25.06278317503492,452.6418348742454,95.63609261491045
1.2311383160318823,4045.1968922580795,250.07235500155778,91.25822312371092
6010.677807147691,1.6232973711034266,645.0277771676091,57.36673998376353

Iteration: ,35000
Error:,0.040447763198634405
Absolute Error:,0.08311568044030226
Transition Probabilities
0.00011642798928862506,0.00011642798928862506,0.14021220378886812,0.8595549402325547
0.8207684575639934,0.178817549473887,0.00020699648105982168,0.00020699648105982168
0.0715165342427657,0.05106451293061095,0.7857767966083918,0.09164215621823159
0.08089098269665053,0.04170012168475799,0.8245365818421438,0.052872313776447556

0.05657378698344212,0.06562043001777179,0.07887174496495265,0.7989340380338334
0.0672716973801902,0.04175643448762186,0.7407901786695128,0.15018168946267516
0.0002602585806841627,0.9197118773443682,0.05875295070458103,0.021274913370366542
0.8949417011979551,0.00022552271833411908,0.09642837210646586,0.008404403977244958

Transition Gammas
1.0,1.0,1204.2826183425875,7382.717381657408
3965.132418491658,863.8675815083494,1.0,1.0
199.04802737177528,142.1250438819579,2187.009241645886,255.06256158071957
183.6081816706261,94.65187914325206,1871.551778282675,120.01077338394484

123.18205069840134,142.87993730498985,171.73294921529137,1739.5747823380789
45.790701235212374,28.422895374027874,504.24328611372624,102.22612392726514
1.2334837773064862,4358.932864069849,278.4569537437672,100.83149011634063
6461.449018939124,1.6282664504044095,696.2096072975398,60.67951438718988

Iteration: ,37500
Error:,0.04088189995355298
Absolute Error:,0.08375991473516375
Transition Probabilities
0.00010882576994232238,0.00010882576994232238,0.13971254821096768,0.8600698002491477
0.8211234512198156,0.17849052291645154,0.00019301293186643485,0.00019301293186643485
0.07116033289606256,0.05056854960340796,0.7847425897087449,0.09352852779178457
0.0799052919291428,0.040395227569499405,0.8271555869193593,0.05254389358199848

0.05835155862270009,0.06503058478029254,0.0783374087731052,0.7982804478239021
0.07146856569019892,0.045814556705474414,0.7323842294856368,0.15033264811868988
0.00024293994080262617,0.9189034149688479,0.060171135476668414,0.02068250961368113
0.8933284338338183,0.00021137870758513778,0.09817610043802558,0.008284087020570983

Transition Gammas
1.0,1.0,1283.8186055105816,7903.181394489415
4254.240600769869,924.7593992301364,1.0,1.0
213.95639370028573,152.04347798094466,2359.4703347206555,281.2104117564411
194.93539211917067,98.54740951308074,2017.9126411636378,128.1850582306574

136.004356203908,151.5716636430454,182.5868768263511,1860.6121402594567
51.604684212897894,33.08091757974289,528.8262961501674,108.54938472785933
1.2347326001949572,4670.290110156503,305.81740622119514,105.11803365674338
6898.012320129296,1.6322025292284947,758.0861917238958,63.967217615231554

Iteration: ,40000
Error:,0.04031274368441435
Absolute Error:,0.08345183403829382
Transition Probabilities
0.0001021659174499388,0.0001021659174499388,0.13835259409639558,0.8614430740687046
0.8187716855325998,0.18086704279109955,0.00018063583815028893,0.00018063583815028893
0.07045817857786578,0.05091443202550953,0.7837870149079456,0.09484037448867912
0.07885299922223984,0.04066675163385753,0.8276033236656097,0.05287692547829279

0.05766497844317483,0.06353996493137756,0.07826728473162309,0.8005277718938245
0.0697945682158364,0.045574828530404045,0.7357088261567203,0.14892177709703933
0.00022853449530045854,0.91923175586429,0.05994844922124104,0.02059126041916848
0.8924609984130867,0.00019830213378967218,0.09917927463989487,0.008161424813228877

Transition Gammas
1.0,1.0,1354.1951910155187,8431.804808984472
4532.720051108475,1001.2799488915276,1.0,1.0
226.60493464485717,163.7490746211976,2520.7862149376983,305.0220328779878
205.04759506980974,105.74892146235452,2152.0813775407123,137.49998745705932

143.52097836608763,158.1430909799908,194.7975631311317,1992.414323793517
53.38936444649503,34.86247128102678,562.7805666010521,113.91773363889773
1.2361619554435497,4972.200469522416,324.26611185199476,111.37982785199081
7364.663998250167,1.6364060593054726,818.4358023619926,67.3487710984446

Iteration: ,42500
Error:,0.04102103327919819
Absolute Error:,0.08369481758219285
Transition Probabilities
9.613535858488771e-05,9.613535858488771e-05,0.13859379222934878,0.8612139370534815
0.818826485439398,0.1808333785061803,0.0001700680272108842,0.0001700680272108842
0.07059387159395152,0.05218711227362173,0.7826849636869732,0.0945340524454535
0.07923410252996536,0.04007771703811724,0.8266258467182014,0.05406233371371603

0.059414274227897565,0.0640974900762271,0.0787532481020778,0.7977349875937976
0.0666932168848176,0.04403487913289028,0.7408066920972216,0.1484652118850705
0.00021521385960946473,0.918924930594549,0.0601648739975009,0.020694981548340548
0.8919046831252949,0.00018689717044772643,0.09988803141838877,0.00802038828586871

Transition Gammas
1.0,1.0,1441.6526267696831,8958.347373230297
4814.699734383665,1063.3002656163412,1.0,1.0
240.95587841434994,178.12865615485288,2671.5143777871053,322.67015723520876
217.90934145614585,110.22159206686356,2273.383406101804,148.68203413653788

156.79340938878647,169.15234820114347,207.8286814209344,2105.2110813266913
54.52922718678836,36.00348042181123,605.6930269929512,121.3870562308808
1.2379388738351504,5285.778972523159,346.0763934816049,119.04029879154322
7826.69292968954,1.6400707275092408,876.5431598850386,70.38096948926443

Iteration: ,45000
Error:,0.04182870799739451
Absolute Error:,0.08387370875674569
Transition Probabilities
9.058791557206275e-05,9.058791557206275e-05,0.13763678590027761,0.8621820382685783
0.8205961413242172,0.1790809134150046,0.00016147263038914894,0.00016147263038914894
0.07218257486947678,0.053377604946176924,0.7797883341381713,0.09465148604617504
0.07830426342477208,0.039658242517390224,0.8284152742763612,0.053622219781476535

0.06080252638653651,0.06390368402248606,0.07872458636917987,0.7965692032217975
0.06918529696204563,0.0446009703732369,0.739809113192222,0.14640461947249545
0.00020389694685995474,0.9181324231622082,0.06070854320113563,0.020955136689796188
0.8920791468708784,0.00017599728762061285,0.10001095695506189,0.007733898886439123

Transition Gammas
1.0,1.0,1519.3724795531634,9517.62752044683
5081.95190322088,1109.048096779124,1.0,1.0
259.83169117281903,192.14046311036387,2806.9616799113915,340.71180940648
226.7019066736854,114.81621562863134,2398.3792705805886,155.24390285868427

170.4888118771993,179.18438280521946,220.74183415144066,2233.5607598259785
59.909380600339375,38.62116123748883,640.6203005552859,126.77563665640226
1.2393557341240276,5580.724482906676,369.00739459488534,127.37252428644562
8332.600453470024,1.643929334948662,934.1674987010327,72.23965451303353

Iteration: ,47500
Error:,0.042081483666670645
Absolute Error:,0.08355847603444533
Transition Probabilities
8.585901948999739e-05,8.585901948999739e-05,0.13834888599996537,0.8614793959610546
0.8202574941852454,0.17943758128357612,0.00015246226558926655,0.00015246226558926655
0.07242656017750039,0.053049681305968946,0.779335078146133,0.09518868037039753
0.07784190680308631,0.04147537575824704,0.827002595262647,0.0536801221760197

0.06094457643851293,0.06478328930078663,0.0773654213743142,0.7969067128863863
0.06949046946307036,0.045918498776237895,0.7412375586502358,0.14335347311045601
0.00019366325627713025,0.9189714719569524,0.059868027577677715,0.020966837209092683
0.8918303469719583,0.00016735565529883898,0.10040791800426514,0.0075943793684778

Transition Gammas
1.0,1.0,1611.3494752415975,10033.650524758408
5380.068904361028,1176.9310956389766,1.0,1.0
275.9357279242268,202.1123520354379,2969.1647864831557,362.65643078700055
238.6847765060359,127.17495241224684,2535.8182722773468,164.5980743613023

180.9746427509312,192.37368314912447,229.73626715771138,2366.4108621041337
62.99104155969472,41.6237519637127,671.9097773163993,129.94565516967992
1.2408090641413834,5887.890940240223,383.57710542854863,134.33545503433345
8776.97021835251,1.647034783485523,988.1669860219791,74.74027069197304

Iteration: ,50000
Error:,0.04040017540246097
Absolute Error:,0.08292927057184968
Transition Probabilities
8.167265599477292e-05,8.167265599477292e-05,0.13923347023777063,0.8606031844502398
0.8197894475300633,0.17992145157372388,0.00014455044810638914,0.00014455044810638914
0.07188586800586019,0.052218895794974796,0.7800301904319834,0.09586504576718155
0.07658398416111539,0.04151557370297165,0.8291468612153334,0.05275358092057958

0.0609347920948355,0.06493938863278703,0.07700452692048293,0.7971212923518946
0.06754238971779701,0.047414551780230255,0.7422598356548141,0.1427832228471587
0.000183779883703954,0.9181957594098908,0.0606529770483656,0.020967483658039597
0.8916725237317963,0.00015960278908822348,0.10064310326023769,0.007524770218877685

Transition Gammas
1.0,1.0,1704.7746095912642,10537.22539040874
5671.303398012978,1244.6966019870217,1.0,1.0
289.66993878521725,210.42027825453653,3143.1949530696947,386.29598152390344
246.98163831281232,133.88679788563917,2673.980107303764,170.12912014634605

190.38917939098968,202.90143753517083,240.59864956894947,2490.584828610993
64.20302377174474,45.07032706114968,705.5617379318232,135.72387191161192
1.2420966296839564,6205.72739065559,409.92984027256955,141.71105269909413
9217.503637191741,1.6498650006279056,1040.3798992000102,77.78595281960223

Iteration: ,52341
Error:,0.04099285040703908
Absolute Error:,0.08264555068460408
Transition Probabilities
7.813720893889668e-05,7.813720893889668e-05,0.13810307446653955,0.8617406511155826
0.8212902920408705,0.17843312104169082,0.00013829345871940258,0.00013829345871940258
0.07088761211656432,0.05232837988019277,0.7788205054424661,0.097963502560777
0.0755665667802365,0.042355875551649734,0.8293683168474328,0.05270924082068101

0.06057170188208688,0.06761963475735179,0.07626125848255876,0.7955474048780026
0.06587867225779206,0.05005052791858672,0.742789393051091,0.14128140677253018
0.00017595708581186808,0.9177654268156887,0.061571838865563694,0.0204867772329357
0.8919347710147871,0.00015281235352266137,0.10049701792762235,0.007415398704067901

*,*,*,*,*,*,*,*,*,*,*
Model Num 2
Model States: 
"['diamond', 'x', 'square']","['diamond', 'x', 'diamond']","['square', 'y', 'diamond', 'x', 'diamond']","['square', 'y', 'diamond', 'x', 'square']"
Iteration: ,52341
Error:,0.04081228290324396
Absolute Error:,0.08264555068460408
Transition Probabilities
7.813720893889668e-05,7.813720893889668e-05,0.13810307446653955,0.8617406511155826
0.8212902920408705,0.17843312104169082,0.00013829345871940258,0.00013829345871940258
0.07088761211656432,0.05232837988019277,0.7788205054424661,0.097963502560777
0.0755665667802365,0.042355875551649734,0.8293683168474328,0.05270924082068101

0.06057170188208688,0.06761963475735179,0.07626125848255876,0.7955474048780026
0.06587867225779206,0.05005052791858672,0.742789393051091,0.14128140677253018
0.00017595708581186808,0.9177654268156887,0.061571838865563694,0.0204867772329357
0.8919347710147871,0.00015281235352266137,0.10049701792762235,0.007415398704067901

Transition Gammas
1.0,1.0,1767.443147022774,11028.556852977232
5938.750101747534,1290.2498982524662,1.0,1.0
300.14461308093865,221.5631316014211,3297.5970312153822,414.786401942961
256.02282968686563,143.50355685914565,2809.936091835879,178.5812107198522

198.61962545757112,221.73038088359962,250.06698055496304,2608.6658073139083
65.89836041583318,50.06548575956819,743.0113792335757,141.32362940042293
1.243137972242281,6484.018795955611,435.0054478420024,144.73921632437742
9646.837730459825,1.6527620915210801,1086.9387043178879,80.20221918629424

