0,1,2,3,4,5,6,7,8,9,10,11,12,13,14,15,16,17,18,19,20,21,22,23,24,25,26,27,28,29
github Code Version (SHA):,528ca1c557fe8e6666681dc5c9134b0f84d30530
Environment Observations,Environment Actions,alpha,epsilon,numActions,explore,patience,gainThresh,insertRandActions,useUpdatedPosterior,revisedSplitting,haveControl,confidence_factor
"['square', 'diamond']","['x', 'y']",0.85,0.99,75000,0.5,0,0.01,False,True,False,False,250

Model Num 0
Model States: 
['square'],['diamond']
Iteration: ,0
Error:,0.4972565874275143
Absolute Error:,1
Transition Probabilities
0.5,0.5
0.5,0.5

0.5,0.5
0.5,0.5

Transition Gammas
1.0,1.0
1.0,1.0

1.0,1.0
1.0,1.0

Iteration: ,2500
Error:,0.1918422776729384
Absolute Error:,1
Transition Probabilities
0.8887468030690537,0.11125319693094629
0.9134199134199135,0.08658008658008658

0.31882202304737517,0.6811779769526248
0.4095634095634096,0.5904365904365905

Transition Gammas
695.0,87.0
422.0,40.0

249.0,532.0
197.0,284.0

Iteration: ,2676
Error:,0.19536833258218012
Absolute Error:,1
Transition Probabilities
0.888095238095238,0.11190476190476191
0.914,0.086

0.3137019230769231,0.6862980769230769
0.40784313725490196,0.592156862745098


Model Num 1
Model States: 
['diamond'],"['square', 'y', 'diamond']","['square', 'y', 'square']"
Iteration: ,0
Error:,0.4325210060194637
Absolute Error:,1
Transition Probabilities
0.3333333333333333,0.3333333333333333,0.3333333333333333
0.3333333333333333,0.3333333333333333,0.3333333333333333
0.3333333333333333,0.3333333333333333,0.3333333333333333

0.3333333333333333,0.3333333333333333,0.3333333333333333
0.3333333333333333,0.3333333333333333,0.3333333333333333
0.3333333333333333,0.3333333333333333,0.3333333333333333

Transition Gammas
1.0,1.0,1.0
1.0,1.0,1.0
1.0,1.0,1.0

1.0,1.0,1.0
1.0,1.0,1.0
1.0,1.0,1.0

Iteration: ,2500
Error:,0.08939054001893613
Absolute Error:,1
Transition Probabilities
0.09898989898989902,0.7788635325235522,0.12214656848654874
0.08480987422466094,0.7905933199402059,0.12459680583513327
0.15261329769841847,0.7479439458422764,0.09944275645930495

0.615234375,0.06626569404741187,0.3184999309525881
0.9966555183946488,0.0016722408026755853,0.0016722408026755853
0.0018867924528301883,0.15932186225125283,0.8387913452959169

Transition Gammas
49.0,385.53744859915827,60.46255140084161
14.197088265343496,132.34453237661225,20.857380890996417
22.82409268314894,111.8588104651195,14.872168574590109

315.0,33.928035352274875,163.0719646477251
596.0,1.0,1.0
1.0,84.44058699316402,444.55941300683605

Iteration: ,5000
Error:,0.09791922621592274
Absolute Error:,1
Transition Probabilities
0.11330049261083742,0.7807336389984421,0.1059658683907206
0.08688515145307489,0.813598722622661,0.09951612592426407
0.11654231121465602,0.7897151920496459,0.09374249673569823

0.6146971201588878,0.07045742720843796,0.3148454526326742
0.9983484723369116,0.0008257638315441783,0.0008257638315441783
0.0009737098344693282,0.1491002591628123,0.8499260310027184

Transition Gammas
115.0,792.4446435834187,107.55535641658142
30.59703446228718,286.5128015343684,35.045094398005546
33.52973509437721,227.2045312423831,26.970128272505093

619.0,70.95062919889703,317.04937080110295
1209.0,1.0,1.0
1.0,153.12596616020824,872.8740338397918

Iteration: ,7500
Error:,0.09298191618393795
Absolute Error:,1
Transition Probabilities
0.1056430446194225,0.7863036083650594,0.10805334701551801
0.10066570276122228,0.7873392931467776,0.11199500409200021
0.11277458661579744,0.7803177227322818,0.10690769065192063

0.6121212121212121,0.06560159180690806,0.3222771960718799
0.9988992845349477,0.000550357732526142,0.000550357732526142
0.0006485084306095981,0.1634652125085264,0.8358862790608641

Transition Gammas
161.0,1198.3266991483513,164.67330085164954
54.63506782739591,427.3186845601458,60.783906306299336
49.03867229982589,339.3117744264426,46.48752316930516

909.0,97.41836383325847,478.58163616674165
1815.0,1.0,1.0
1.0,252.06335768814762,1288.936642311852

Iteration: ,10000
Error:,0.09448360205704058
Absolute Error:,1
Transition Probabilities
0.11393034825870639,0.7773578289065803,0.10871182283471328
0.09411559034414674,0.8016513970855392,0.10423301257031398
0.113198686638369,0.78187596268599,0.10492535067564092

0.6073741903338316,0.06746129414391414,0.32516451552225434
0.9991708126036484,0.00041459369817578774,0.00041459369817578774
0.00048262548262548275,0.16299855692486415,0.8365188175925105

Transition Gammas
229.0,1562.4892361022276,218.51076389777384
66.72916234640526,568.381136703675,73.90254464989341
66.05865128993025,456.2744772477381,61.23063224133249

1219.0,135.39481734683568,652.6051826531645
2410.0,1.0,1.0
1.0,337.73300994831845,1733.2669900516812

Iteration: ,12500
Error:,0.09348904517893365
Absolute Error:,1
Transition Probabilities
0.11150652431791214,0.7818532180957158,0.10664025758637209
0.09828776474551716,0.8022664342487142,0.09944580100576851
0.10967388026054922,0.7891912361773685,0.1011348835620822

0.6037811745776347,0.0685205832008962,0.3276982422214692
0.9993416721527321,0.0003291639236339697,0.0003291639236339697
0.0003861003861003861,0.16253872621329138,0.8370751734006081

Transition Gammas
282.0,1977.3067885640667,269.6932114359352
86.64431573281647,707.2276636961248,87.66516771396648
78.80332980926619,567.0529493378227,72.66785460340186

1501.0,170.34216983742797,814.6578301625726
3036.0,1.0,1.0
1.0,420.9753008924247,2168.024699107575

Iteration: ,12944
Error:,0.09707544360310787
Absolute Error:,1
Transition Probabilities
0.11213517665130561,0.7822579298318818,0.10560689351681246
0.09562971957728968,0.8064501086034865,0.09792017181922369
0.11070922759064078,0.7889458898638634,0.10034488254549585

0.6025541795665632,0.06803314165881869,0.329412678774618
0.9993626513702996,0.00031867431485022306,0.00031867431485022306
0.0003724394785847299,0.16050155783776768,0.8391260026836477


Model Num 2
Model States: 
"['square', 'y', 'diamond']","['square', 'y', 'square']","['diamond', 'y', 'diamond']","['diamond', 'y', 'square', 'y', 'square']"
Iteration: ,0
Error:,0.496584877587737
Absolute Error:,0.6
Transition Probabilities
0.25,0.25,0.25,0.25
0.25,0.25,0.25,0.25
0.25,0.25,0.25,0.25
0.25,0.25,0.25,0.25

0.25,0.25,0.25,0.25
0.25,0.25,0.25,0.25
0.25,0.25,0.25,0.25
0.25,0.25,0.25,0.25

Transition Gammas
1.0,1.0,1.0,1.0
1.0,1.0,1.0,1.0
1.0,1.0,1.0,1.0
1.0,1.0,1.0,1.0

1.0,1.0,1.0,1.0
1.0,1.0,1.0,1.0
1.0,1.0,1.0,1.0
1.0,1.0,1.0,1.0

Iteration: ,2500
Error:,0.04125383753888061
Absolute Error:,0.1050723092160788
Transition Probabilities
0.8089765771073223,0.09239778938835361,0.03361404184614147,0.06501159165818274
0.7291081234075462,0.1566102569804521,0.0654106707252045,0.04887094888679719
0.8159822247724347,0.055555185334210735,0.09077407555236074,0.03768851434099372
0.715537515481321,0.14160708680682033,0.10005139784849618,0.04280399986336257

0.0020618556701030933,0.0020618556701030933,0.8472028746355343,0.14867341402425957
0.14557732563070303,0.8515114662179142,0.001455604075691412,0.001455604075691412
0.002577319587628866,0.002577319587628866,0.1976391331337128,0.7972062276910294
0.17975908042796007,0.8140489691076437,0.0030959752321981426,0.0030959752321981426

Transition Gammas
114.80623160007214,13.112668905427071,4.770350072435618,9.226145799284957
142.0984005811486,30.522313929954194,12.748111552442921,9.524628033550547
97.9894152554144,6.671493520368883,10.900848466652924,4.525926386630809
52.10845147020039,10.312423669003664,7.286163613388029,3.117167306189578

1.0,1.0,410.89339419823403,72.10660580176588
100.01162270829298,584.988377291707,1.0,1.0
1.0,1.0,76.68398365588057,309.3160163441194
58.06218297823111,262.9378170217689,1.0,1.0

Iteration: ,5000
Error:,0.0391421509884437
Absolute Error:,0.0993255045663978
Transition Probabilities
0.7768585814669945,0.09619398922874733,0.053872093337577066,0.07307533596668102
0.7685553132273533,0.1272802542344859,0.06476682104369316,0.039397611494467695
0.7817535816968099,0.08155715344837634,0.07475061413620937,0.06193865071860442
0.7493366498241304,0.14458224510338882,0.07533477456525188,0.030746330507228803

0.001035196687370601,0.001035196687370601,0.8415249941030083,0.15640461252225044
0.14825190910596503,0.8502655112053767,0.0007412898443291324,0.0007412898443291324
0.0013227513227513231,0.0013227513227513231,0.1756703144542572,0.8216841829002403
0.16065975746031771,0.8363007288618708,0.0015197568389057753,0.0015197568389057753

Transition Gammas
223.9492218466506,27.730361159714256,15.529999500575885,21.065822038056563
320.8623371538694,53.137931836969486,27.039346696908876,16.448015497168964
178.66403753160662,18.639288217962985,17.083703665999916,14.155623556756096
107.79819915896563,20.79933719532264,10.837522806453938,4.423110841039901

1.0,1.0,812.9131443035056,151.08685569649384
199.9918253839469,1147.0081746160536,1.0,1.0
1.0,1.0,132.80675772741841,621.1932422725814
105.71412040888904,550.2858795911109,1.0,1.0

Iteration: ,7500
Error:,0.039946432071387906
Absolute Error:,0.0933696851599434
Transition Probabilities
0.780062815838455,0.09253420415554287,0.055010441149959316,0.0723925388560428
0.780110666065762,0.11916533349460558,0.05995704167735969,0.04076695876227278
0.7837367171507793,0.08338012446737551,0.06469725437499148,0.06818590400685366
0.7613940339343267,0.12705018552240693,0.08168758173274615,0.029868198810520215

0.0006906077348066298,0.0006906077348066298,0.8420855361946713,0.1565332483357154
0.14520959688092955,0.8538152690381344,0.00048756704046806423,0.00048756704046806423
0.0009124087591240875,0.0009124087591240875,0.16138662589724329,0.8367885565845086
0.15595213168964073,0.8420112084325589,0.0010183299389002036,0.0010183299389002036

Transition Gammas
345.111689701117,40.9385435414485,24.337458357197107,32.02756354885218
488.12167681148276,74.56273184487267,37.51561540339415,25.50822227556582
276.97224567456294,29.46650298879723,22.863984091959313,24.096871491214223
158.73478738864793,26.48731574947834,17.030158289575837,6.226896950283609

1.0,1.0,1219.339856409884,226.66014359011592
297.82488320278657,1751.175116797214,1.0,1.0
1.0,1.0,176.87974198337866,917.1202580166216
153.1449933192272,826.8550066807729,1.0,1.0

Iteration: ,10000
Error:,0.038423725400915744
Absolute Error:,0.09249065918762997
Transition Probabilities
0.7763499180951693,0.09819979661955304,0.05664831944470557,0.06880196584057206
0.7767585173851607,0.11970910764024036,0.05882372009340705,0.04470865488119209
0.7890988360328625,0.08276222477361976,0.05790048986062274,0.07023844933289507
0.763351926103716,0.12630818491198523,0.07611005292034766,0.0342298360639511

0.000521920668058455,0.000521920668058455,0.8329741820077544,0.1659819766561287
0.14457740178411682,0.8547031737554515,0.00035971223021582724,0.00035971223021582724
0.0006906077348066298,0.0006906077348066298,0.15661283911424712,0.8420059454161397
0.1525475707531473,0.845938424704839,0.0007570022710068128,0.0007570022710068128

Transition Gammas
448.2430152096952,56.697852223295264,32.70717613619187,39.72435612075628
657.3592042972635,101.30804102467795,49.781641229475035,37.83627104191554
348.72989502758423,36.575471461412455,25.588216366726183,31.04078468282104
215.29779729272852,35.624294721302974,21.466280735312445,9.65427354572309

1.0,1.0,1595.978532726858,318.0214672731427
401.9251769598449,2376.074823040156,1.0,1.0
1.0,1.0,226.7753910374298,1219.2246089625703
201.51534096490764,1117.4846590350928,1.0,1.0

Iteration: ,12500
Error:,0.039814733151638235
Absolute Error:,0.09349793487486932
Transition Probabilities
0.7804739551011461,0.10019129677380097,0.05400113155207974,0.06533361657297301
0.7809802368704326,0.11081169775773998,0.0597385304174261,0.04846953495440139
0.7798404907569416,0.0879466102296128,0.06286762077982505,0.06934527823362036
0.7669995675653577,0.11810936462314993,0.07845060634653346,0.03644046146495874

0.0004164931278633901,0.0004164931278633901,0.8238764867241963,0.17529052702007694
0.14531155776401528,0.8541135643975255,0.00028743891922966336,0.00028743891922966336
0.0005546311702717693,0.0005546311702717693,0.1601636571023863,0.8387270805570701
0.1563084194281891,0.8424838511032119,0.0006038647342995168,0.0006038647342995168

Transition Gammas
561.1264285700539,72.03313341211934,38.82443723907893,46.971995277416525
818.2869061264239,116.10506519877643,62.59218213728598,50.784877679054176
429.42579996908785,48.42854904310426,34.618590167491014,38.185567346788
272.2175620553086,41.91846339062725,27.84308323562946,12.933167109401536

1.0,1.0,1978.1274446247962,420.8725553752049
505.5389094610097,2971.4610905389945,1.0,1.0
1.0,1.0,288.77507375560253,1512.2249262443975
258.8467425730812,1395.1532574269193,1.0,1.0

Iteration: ,15000
Error:,0.03727041663929798
Absolute Error:,0.09270185662330294
Transition Probabilities
0.7773533224464554,0.10334564144602632,0.05523136207112495,0.06406967403639321
0.7756328401746911,0.11561325124648017,0.060591655743001724,0.048162252835826924
0.7816082368109021,0.08807253854960924,0.06280531129028943,0.06751391334919925
0.7729378125109699,0.11788368601807632,0.07418004867132645,0.03499845279962728

0.0003474635163307852,0.0003474635163307852,0.8249116044315913,0.1743934685357471
0.14881932031254091,0.8507071948389743,0.00023674242424242414,0.00023674242424242414
0.00046382189239332076,0.00046382189239332076,0.15428942888913583,0.8447829273260774
0.15409835798849825,0.844890519665698,0.0005055611729019212,0.0005055611729019212

Transition Gammas
663.0836399040392,88.15399911405027,47.11244107598452,54.65153546113932
964.2199443221062,143.72341771226652,75.32389024908092,59.87240655943483
510.24647158803884,57.49517459296154,41.00032084310247,44.07417226062812
332.927494581099,50.77603864466919,31.95157146189971,15.074883148674255

1.0,1.0,2374.09559755412,501.90440244588024
628.6128090001731,3593.387190999829,1.0,1.0
1.0,1.0,332.64800868497696,1821.3519913150237
304.8065521012495,1671.1934478987505,1.0,1.0

Iteration: ,17500
Error:,0.03603083626750872
Absolute Error:,0.09080055987040953
Transition Probabilities
0.781003633974645,0.10264129119518699,0.05491352943953654,0.06144154539063157
0.7807802316798385,0.1118580138859662,0.06083184471445233,0.04652990971974298
0.7820421429694566,0.09423896599034864,0.056131825692165585,0.06758706534802911
0.7731000242984273,0.11657588407116552,0.07485887071287647,0.03546522091753056

0.00029824038174768855,0.00029824038174768855,0.8275622944630958,0.17184122477340877
0.14531369326122065,0.8542839732042794,0.0002011667672500503,0.0002011667672500503
0.0003993610223642172,0.0003993610223642172,0.15175610340623497,0.8474451745490367
0.15213064787777358,0.8469986512079903,0.0004353504571179799,0.0004353504571179799

Transition Gammas
766.4974073479516,100.73484957755151,53.89357502669014,60.3003407368262
1136.0950505707008,162.76197934609726,88.51499422377003,67.70458317364002
596.0343537089168,71.82434053358656,42.780938021952814,51.51156261328003
384.45762529533874,57.972430666234786,37.226830632531154,17.636624221945596

1.0,1.0,2774.816373334761,576.1836266652398
722.3543692015278,4246.645630798473,1.0,1.0
1.0,1.0,379.9972829292124,2122.002717070788
349.444098175246,1945.5559018247543,1.0,1.0

Iteration: ,20000
Error:,0.03261382598248472
Absolute Error:,0.08875839440008831
Transition Probabilities
0.7840474806365877,0.10530121911141238,0.050704896737964175,0.059946403514035816
0.778615964804365,0.112305545418172,0.060875293618523424,0.04820319615893964
0.7897221253913513,0.09270241755068716,0.05290060165631605,0.0646748554016454
0.7708111607325745,0.11471932241244609,0.07646092735449923,0.0380085895004801

0.0002605523710265763,0.0002605523710265763,0.8308017413379974,0.1686771539199494
0.14588740643148576,0.8537594862238814,0.00017655367231638407,0.00017655367231638407
0.00034916201117318453,0.00034916201117318453,0.15023543204129566,0.8490662439363579
0.15091619380839255,0.8483233499178432,0.00038022813688212925,0.00038022813688212925

Transition Gammas
878.6255022746553,118.0034868000324,56.821323280072974,67.17761385358249
1301.3669246920756,187.70578677183244,101.74604327047166,80.56609160518524
690.5096953077708,81.05625515493473,46.2547232207768,56.54978284334312
433.1832429023886,64.4703795660648,42.96978839183823,21.36020454389335

1.0,1.0,3188.617083255235,647.3829167447658
826.3062700279359,4835.693729972068,1.0,1.0
1.0,1.0,430.2742773662706,2431.725722633728
396.9095897160724,2231.0904102839277,1.0,1.0

Iteration: ,22500
Error:,0.03414103551580279
Absolute Error:,0.08582319773675451
Transition Probabilities
0.7859954973350186,0.10244992670013968,0.05032188361000755,0.061232692354834174
0.7829135103120785,0.11054041258227713,0.058317470761008024,0.04822860634463636
0.7951361181877292,0.08716441159820643,0.05472420715427947,0.06297526305978488
0.7784179935446838,0.10699301074648261,0.07434760830720553,0.04024138740162804

0.00023100023100023096,0.00023100023100023096,0.8321001451572241,0.16743785438077552
0.1439066727078724,0.8557771217585307,0.0001581027667984188,0.0001581027667984188
0.0003114294612270321,0.0003114294612270321,0.14776313780990322,0.8516140032676428
0.1510199050950861,0.8483046474209558,0.0003377237419790609,0.0003377237419790609

Transition Gammas
1011.4295210728503,131.8339362599479,64.75487303899855,78.79504769739579
1476.1951188187875,208.42559917139153,109.95846226352862,90.93575769947552
788.756491051992,86.46506411192962,54.28513763026029,62.46999271939073
491.1068876699941,67.50229946621994,46.90619027855702,25.38844513645175

1.0,1.0,3602.1615283856236,724.8384716143773
910.2097048772939,5412.790295122712,1.0,1.0
1.0,1.0,474.46743550759925,2734.532564492401
447.1699389865502,2511.830061013452,1.0,1.0

Iteration: ,25000
Error:,0.034162703168367524
Absolute Error:,0.08603446749250634
Transition Probabilities
0.7913355007145576,0.09734021341120985,0.04861591485458346,0.06270837101964911
0.7813742165706956,0.11201443642160817,0.06007272180546905,0.04653862520222731
0.7965558137460833,0.08820842473754915,0.05244034722127726,0.06279541429509009
0.7775072624837686,0.10930372267538067,0.07493512998371162,0.03825388485713918

0.00020811654526534855,0.00020811654526534855,0.8335646306399649,0.16601913626950435
0.14370800074029638,0.8560075042383665,0.00014224751066856323,0.00014224751066856323
0.0002799552071668533,0.0002799552071668533,0.14818761377147077,0.8512524758141955
0.15328222753527226,0.8461107921915866,0.0003034901365705613,0.0003034901365705613

Transition Gammas
1141.1723933405158,140.37278020061336,70.10824089017537,90.43074874608814
1635.5285083477008,234.462310412652,125.74083838866454,97.41202952870272
877.319480911105,97.15197361851331,57.75733151278539,69.16231018875932
536.3699733552019,75.40409928999502,51.694634393940554,26.38976661904177

1.0,1.0,4005.278050225032,797.7219497749685
1010.267245204284,6017.732754795719,1.0,1.0
1.0,1.0,529.3261563916936,3040.6738436083065
505.0649397287224,2787.9350602712793,1.0,1.0

Iteration: ,27500
Error:,0.034601045372668005
Absolute Error:,0.08539465951918523
Transition Probabilities
0.7929398061976778,0.09659170086440023,0.04925327643756199,0.06121521650035999
0.7852577192348114,0.10915235527230785,0.0604577753520559,0.04513215014082486
0.7972453720358427,0.08701850081972737,0.05234923109044042,0.06338689605398956
0.7779782251328806,0.10940063134880419,0.07249550384141741,0.04012563967689769

0.0001887504718761796,0.0001887504718761796,0.8311893251386604,0.16843317391758725
0.14385171926160317,0.8558899829210134,0.00012914890869172155,0.00012914890869172155
0.00025438819638768756,0.00025438819638768756,0.14816605389523912,0.8513251697119856
0.1534233653025506,0.8460271841479988,0.00027472527472527445,0.00027472527472527445

Transition Gammas
1241.1416132648567,151.18925610975242,77.09323015252437,95.81654492531993
1805.8051452844818,251.01043892026124,139.0307400092553,103.78741519595661
961.1129267551881,104.90447350121069,63.10920636420437,76.4155770873987
587.8570665078772,82.66546818560776,54.77916070973206,30.31979568346434

1.0,1.0,4403.641044584625,892.3589554153777
1113.8438622425936,6627.156137757407,1.0,1.0
1.0,1.0,582.440757862185,3346.5592421378155
558.4610497012848,3079.5389502987186,1.0,1.0

Iteration: ,30000
Error:,0.03462294203515597
Absolute Error:,0.08638961677759227
Transition Probabilities
0.7919517660553989,0.09741356401452216,0.05006480928782556,0.06056986064225344
0.7824744815727499,0.11118318554654227,0.060333824265795435,0.04600850861491237
0.7970839392163241,0.08445983822279435,0.05492725542954209,0.06352896713133958
0.7746077848100505,0.11435271057427206,0.07286287443055618,0.03817663018512122

0.0001732501732501732,0.0001732501732501732,0.831986665101757,0.16766683455174264
0.14371554175417187,0.8560498266174846,0.00011731581417175028,0.00011731581417175028
0.00023435669088352472,0.00023435669088352472,0.14614476908029972,0.8533865175379333
0.15445655513366313,0.8450376279720526,0.0002529084471421342,0.0002529084471421342

Transition Gammas
1339.4125185557427,164.75365383433595,84.6736318718286,102.44061957901606
1948.2069830776043,276.8241822368589,150.2193113239198,114.55210345568916
1054.46722951669,111.73243774523898,72.66360292579665,84.04286006678653
639.9486080043736,94.47343467052501,60.19626445978223,31.539937790913203

1.0,1.0,4802.227030967343,967.7729690326588
1225.0312779125618,7296.968722087444,1.0,1.0
1.0,1.0,623.5997296656388,3641.4002703343613
610.7212189985049,3341.278781001501,1.0,1.0

Iteration: ,32500
Error:,0.03543264884500907
Absolute Error:,0.08657123212627219
Transition Probabilities
0.7902946433666357,0.09703564088477895,0.05207660741070078,0.0605931083378846
0.7804519765154022,0.1138769937547899,0.060218939542432105,0.04545209018737582
0.7974749170144566,0.0828842817904008,0.05490402335751181,0.06473677783763082
0.7770263560088608,0.1133024653544569,0.06857905392126595,0.04109212471541638

0.00016030779095864054,0.00016030779095864054,0.8303993531926945,0.16928003122538823
0.1428466945907634,0.856937671986056,0.00010781671159029641,0.00010781671159029641
0.00021649707728945658,0.00021649707728945658,0.14688090529231407,0.852686100553107
0.15573056117069642,0.843803997823951,0.00023272050267628542,0.00023272050267628542

Transition Gammas
1436.5216287288029,176.38205960087458,94.6598506319176,110.14032729423096
2112.435075376802,308.22877399854445,162.99350109842177,123.02434031840471
1129.2216514029328,117.36384877043818,77.7439021612648,91.66704759817426
689.2316034314116,100.50063201214473,60.83043506882586,36.449202510303266

1.0,1.0,5180.03116521603,1055.9688347839722
1324.9030923293317,7948.096907670675,1.0,1.0
1.0,1.0,678.4429015451987,3938.5570984548012
669.1742213504835,3625.825778649523,1.0,1.0

Iteration: ,35000
Error:,0.03501195195578783
Absolute Error:,0.08713629040566372
Transition Probabilities
0.7890481852810549,0.09744181296153488,0.05251350718984803,0.060996494567562315
0.7804229674732369,0.11443455898295511,0.0598577589129496,0.045284714630858376
0.7964342462952557,0.08408312581536599,0.05486231768863584,0.0646203102007423
0.7781222871291388,0.11329514782686995,0.06806299636338416,0.040519568680607194

0.00014885382554331647,0.00014885382554331647,0.8288301822775216,0.1708721100713917
0.14249722426797162,0.8573031749336252,9.980039920159677e-05,9.980039920159677e-05
0.00020108586366378444,0.00020108586366378444,0.14943677076543174,0.8501610575072407
0.15665195518980068,0.8429168244565985,0.0002156101768003447,0.0002156101768003447

Transition Gammas
1522.9816005497573,188.07734563354762,101.35896225651733,117.73240298542905
2279.437723705836,334.23728095282337,174.83087941968543,132.26633651113303
1213.440270513523,128.1083170514438,83.58774867701678,98.45494095138035
733.2629272086058,106.76359372839175,64.1391112599258,38.183583777804316

1.0,1.0,5568.08116454039,1147.9188354596095
1427.8221871650762,8590.177812834927,1.0,1.0
1.0,1.0,743.149061016492,4227.850938983508
726.5517681702966,3909.4482318297096,1.0,1.0

Iteration: ,37070
Error:,0.033346782806449565
Absolute Error:,0.08704592722731075
Transition Probabilities
0.7886832542858221,0.09683651768493638,0.055108419826279176,0.059371808202962416
0.7826849379611889,0.11412680596646088,0.05823861749253278,0.04494963857981747
0.7993013491803075,0.08419984093218787,0.05375137662934542,0.0627474332581594
0.7749469086857869,0.11351704509126025,0.07031129929071304,0.04122474693223981

0.00014046916701783955,0.00014046916701783955,0.8289406491567117,0.17077841250925263
0.14341359478022506,0.8563971725582176,9.461633077869253e-05,9.461633077869253e-05
0.00018882175226586114,0.00018882175226586114,0.15127682975853912,0.8483455267369292
0.15629224383741433,0.8433010867847899,0.00020333468889792585,0.00020333468889792585

*,*,*,*,*,*,*,*,*,*,*
Model Num 2
Model States: 
"['square', 'y', 'diamond']","['square', 'y', 'square']","['diamond', 'y', 'diamond']","['diamond', 'y', 'square', 'y', 'square']"
Iteration: ,37070
Error:,0.03431397674176164
Absolute Error:,0.08704592722731075
Transition Probabilities
0.7886832542858221,0.09683651768493638,0.055108419826279176,0.059371808202962416
0.7826849379611889,0.11412680596646088,0.05823861749253278,0.04494963857981747
0.7993013491803075,0.08419984093218787,0.05375137662934542,0.0627474332581594
0.7749469086857869,0.11351704509126025,0.07031129929071304,0.04122474693223981

0.00014046916701783955,0.00014046916701783955,0.8289406491567117,0.17077841250925263
0.14341359478022506,0.8563971725582176,9.461633077869253e-05,9.461633077869253e-05
0.00018882175226586114,0.00018882175226586114,0.15127682975853912,0.8483455267369292
0.15629224383741433,0.8433010867847899,0.00020333468889792585,0.00020333468889792585

Transition Gammas
1619.0669136624363,198.79311620473234,113.13061196632485,121.88280877444836
2424.1065208314753,353.46985884974947,180.3747658612274,139.21656940810678
1283.1690902309529,135.1713385662934,86.2904899621027,100.73242955334612
775.4001882537593,113.58344313295802,70.35242556015017,41.24885998472093

1.0,1.0,5901.228481346632,1215.7715186533699
1515.7382832321964,9051.261716767789,1.0,1.0
1.0,1.0,801.1620904012227,4492.837909598775
768.6452551924042,4147.3547448076,1.0,1.0

