0,1,2,3,4,5,6,7,8,9,10,11,12,13,14,15,16,17,18,19,20,21,22,23,24,25,26,27,28,29
github Code Version (SHA):,528ca1c557fe8e6666681dc5c9134b0f84d30530
Environment Observations,Environment Actions,alpha,epsilon,numActions,explore,patience,gainThresh,insertRandActions,useUpdatedPosterior,revisedSplitting,haveControl,confidence_factor
"['rose', 'volcano', 'nothing']","['b', 'f', 't']",0.85,0.99,75000,0.5,0,0.01,False,True,False,False,250

Model Num 0
Model States: 
['rose'],['volcano'],['nothing']
Iteration: ,0
Error:,0.6169608059596777
Absolute Error:,1
Transition Probabilities
0.3333333333333333,0.3333333333333333,0.3333333333333333
0.3333333333333333,0.3333333333333333,0.3333333333333333
0.3333333333333333,0.3333333333333333,0.3333333333333333

0.3333333333333333,0.3333333333333333,0.3333333333333333
0.3333333333333333,0.3333333333333333,0.3333333333333333
0.3333333333333333,0.3333333333333333,0.3333333333333333

0.3333333333333333,0.3333333333333333,0.3333333333333333
0.3333333333333333,0.3333333333333333,0.3333333333333333
0.3333333333333333,0.3333333333333333,0.3333333333333333

Transition Gammas
1.0,1.0,1.0
1.0,1.0,1.0
1.0,1.0,1.0

1.0,1.0,1.0
1.0,1.0,1.0
1.0,1.0,1.0

1.0,1.0,1.0
1.0,1.0,1.0
1.0,1.0,1.0

Iteration: ,2500
Error:,0.15815862003680817
Absolute Error:,1
Transition Probabilities
0.041666666666666664,0.078125,0.8802083333333334
0.05357142857142857,0.07589285714285714,0.8705357142857143
0.42997542997543,0.45454545454545453,0.11547911547911548

0.05069124423963134,0.059907834101382486,0.8894009216589862
0.05263157894736842,0.08133971291866028,0.8660287081339713
0.47002398081534774,0.4412470023980815,0.08872901678657075

0.7700534759358288,0.10695187165775401,0.12299465240641712
0.05150214592274678,0.8412017167381974,0.1072961373390558
0.06150341685649203,0.04328018223234624,0.8952164009111617

Transition Gammas
8.0,15.0,169.0
12.0,17.0,195.0
175.0,185.0,47.0

11.0,13.0,193.0
11.0,17.0,181.0
196.0,184.0,37.0

144.0,20.0,23.0
12.0,196.0,25.0
27.0,19.0,393.0

Iteration: ,5000
Error:,0.15285190127381074
Absolute Error:,1
Transition Probabilities
0.045346062052505964,0.059665871121718374,0.8949880668257757
0.04697986577181208,0.07829977628635347,0.8747203579418344
0.4586374695863747,0.44282238442822386,0.09854014598540146

0.04866180048661801,0.06326034063260341,0.8880778588807786
0.05185185185185185,0.07654320987654321,0.8716049382716049
0.4452380952380952,0.4452380952380952,0.10952380952380952

0.8015665796344648,0.0835509138381201,0.11488250652741515
0.0449438202247191,0.8314606741573034,0.12359550561797752
0.06213364595545135,0.04689331770222743,0.8909730363423212

Transition Gammas
19.0,25.0,375.0
21.0,35.0,391.0
377.0,364.0,81.0

20.0,26.0,365.0
21.0,31.0,353.0
374.0,374.0,92.0

307.0,32.0,44.0
20.0,370.0,55.0
53.0,40.0,760.0

Iteration: ,7500
Error:,0.15226478811899288
Absolute Error:,1
Transition Probabilities
0.05426356589147287,0.05736434108527132,0.8883720930232558
0.05709876543209876,0.07098765432098765,0.8719135802469136
0.4603960396039604,0.44636963696369636,0.09323432343234324

0.04950495049504951,0.0627062706270627,0.8877887788778878
0.05501618122977346,0.07766990291262135,0.8673139158576052
0.44453312051077415,0.4501197126895451,0.10534716679968077

0.8174061433447098,0.07337883959044368,0.10921501706484642
0.0453257790368272,0.8314447592067988,0.12322946175637393
0.05915267785771383,0.05435651478816946,0.8864908073541167

Transition Gammas
35.0,37.0,573.0
37.0,46.0,565.0
558.0,541.0,113.0

30.0,38.0,538.0
34.0,48.0,536.0
557.0,564.0,132.0

479.0,43.0,64.0
32.0,587.0,87.0
74.0,68.0,1109.0

Iteration: ,9553
Error:,0.1503910819472011
Absolute Error:,1
Transition Probabilities
0.05105853051058531,0.0547945205479452,0.8941469489414695
0.05609756097560976,0.07073170731707316,0.8731707317073171
0.4497117232543241,0.4567584881486227,0.09352978859705317

0.04792746113989637,0.06347150259067358,0.8886010362694301
0.05541871921182266,0.07389162561576355,0.8706896551724138
0.44569993722536094,0.44883866917765225,0.10546139359698682

0.8146666666666667,0.07066666666666667,0.11466666666666667
0.0425531914893617,0.8387458006718925,0.1187010078387458
0.05972045743329098,0.05400254129606099,0.886277001270648


Model Num 1
Model States: 
['rose'],['volcano'],"['nothing', 'b', 'volcano']","['nothing', 'b', 'rose']"
Iteration: ,0
Error:,0.5780836770799808
Absolute Error:,0.6
Transition Probabilities
0.25,0.25,0.25,0.25
0.25,0.25,0.25,0.25
0.25,0.25,0.25,0.25
0.25,0.25,0.25,0.25

0.25,0.25,0.25,0.25
0.25,0.25,0.25,0.25
0.25,0.25,0.25,0.25
0.25,0.25,0.25,0.25

0.25,0.25,0.25,0.25
0.25,0.25,0.25,0.25
0.25,0.25,0.25,0.25
0.25,0.25,0.25,0.25

Transition Gammas
1.0,1.0,1.0,1.0
1.0,1.0,1.0,1.0
1.0,1.0,1.0,1.0
1.0,1.0,1.0,1.0

1.0,1.0,1.0,1.0
1.0,1.0,1.0,1.0
1.0,1.0,1.0,1.0
1.0,1.0,1.0,1.0

1.0,1.0,1.0,1.0
1.0,1.0,1.0,1.0
1.0,1.0,1.0,1.0
1.0,1.0,1.0,1.0

Iteration: ,2500
Error:,0.05115380759270775
Absolute Error:,0.05587387632955034
Transition Probabilities
0.05777777777777779,0.0488888888888889,0.8412397341228091,0.05209359921052425
0.0878661087866109,0.037656903765690385,0.08194491761583693,0.7925320698318619
0.0026208529010322765,0.9513696030747164,0.018404035921472314,0.027605508102778904
0.8709878875274022,0.002756290783314564,0.03493292351814079,0.09132289817114249

0.06278026905829596,0.03587443946188341,0.07510882029958708,0.8262364711802336
0.07346938775510205,0.0653061224489796,0.8290238396811701,0.03220065011474816
0.7616918876966983,0.07615529633380444,0.02551064306618013,0.13664217290331707
0.0549180766400493,0.8263629475041523,0.07185576213244353,0.046863213723354925

0.8603603603603603,0.04504504504504504,0.06402246071929207,0.030572133875302512
0.043668122270742356,0.8209606986899564,0.06041086199214372,0.07496031704715761
0.06730751471698854,0.042877545278413226,0.12704807616434938,0.7627668638402488
0.023265846109823015,0.08537597456211872,0.8199559286714545,0.07140225065660381

Transition Gammas
13.0,11.0,189.278940177632,11.721059822367954
21.0,9.0,19.58483531018502,189.41516468981493
1.0,363.0,7.022155235886573,10.533024608861455
316.0,1.0,12.673889028548858,33.13253402869293

14.0,8.0,16.74926692680792,184.2507330731921
18.0,16.0,203.11084072188666,7.889159278113298
58.79714214459043,5.878641818206036,1.9692383899451176,10.547794184124488
5.129689849562465,77.1874377839239,6.71177499640562,4.3773155664242935

191.0,10.0,14.212986279682841,6.787013720317158
10.0,188.0,13.83408739620091,17.165912603799093
6.462436943040466,4.1168275756313,12.198343444992455,73.23599423533861
2.165561349036499,7.94670908486698,76.32066586628592,6.646049042285764

Iteration: ,5000
Error:,0.04688656439645076
Absolute Error:,0.0498583420417072
Transition Probabilities
0.05689277899343545,0.0437636761487965,0.8444542205283992,0.05488932432936879
0.07036247334754799,0.03837953091684436,0.07303876319347995,0.8182192325421277
0.0013803917270820212,0.9372859826886925,0.023809329697171363,0.037524295887054165
0.8715803230284653,0.0013205762470128262,0.033334614651816204,0.09376448607270572

0.06479481641468682,0.03887688984881209,0.07236905078753167,0.8239592429489694
0.0612691466083151,0.06783369803063458,0.8270851946132035,0.04381196074784687
0.7672782191918875,0.08509025457206115,0.029064921173751222,0.11856660506230031
0.058204473345631356,0.8385519521000866,0.0585094067787265,0.04473416777555557

0.8596112311015118,0.047516198704103674,0.07199454247086043,0.02087802772352401
0.04328018223234624,0.8314350797266514,0.05554532266582363,0.06973941537517866
0.08415349064713144,0.05028812338839033,0.10792774348837149,0.7576306424761067
0.04426928933725464,0.0903069679302364,0.8011420585531097,0.06428168417939924

Transition Gammas
26.0,20.0,385.9155787814785,25.084421218521538
33.0,18.0,34.255179937742085,383.7448200622578
1.0,679.0,17.248241372397505,27.183802359041895
660.0,1.0,25.242476325937158,71.0027052847597

30.0,18.0,33.50687051462717,381.4931294853729
28.0,31.0,377.97793393823395,20.02206606176602
124.39516287597408,13.795277660556794,4.7121572240042005,19.22263890653666
10.203868376980772,147.00715004634245,10.257326477985602,7.8423793515830225

398.0,22.0,33.33347316400838,9.666526835991617
19.0,365.0,24.384396650296573,30.615603349703434
14.974964141361774,8.948682207791357,19.205550193675144,134.81902671215357
7.891491457123351,16.098217897987347,142.81245092619218,11.458922633400675

Iteration: ,7500
Error:,0.037639026025142214
Absolute Error:,0.04070659017747941
Transition Probabilities
0.05813953488372092,0.03924418604651162,0.8452373731593519,0.05737890591041565
0.05680119581464872,0.041853512705530636,0.060839864434780226,0.8405054270450405
0.0009229929764245746,0.9202239974953009,0.03360139172438618,0.045251617803888325
0.8824479723145975,0.0008626079885773192,0.029316133822262454,0.08737328587456278

0.05189340813464235,0.04488078541374473,0.07037312745182193,0.832852678999791
0.0695266272189349,0.05917159763313609,0.8190655163098388,0.05223625883809021
0.8030908032734491,0.07407002144529556,0.030035799354063746,0.09280337592719176
0.06135612619593709,0.8248795557280056,0.06924848879960153,0.044515829276455796

0.849507735583685,0.04781997187060478,0.07870135204465253,0.02397094050105772
0.04665629860031104,0.8258164852255054,0.05982934936621193,0.06769786680797159
0.08315894779966333,0.037622644129677515,0.09015623025673118,0.789062177813928
0.033574419542214635,0.07729660446517604,0.8313740329759408,0.05775494301666852

Transition Gammas
40.0,27.0,581.5233127336342,39.47668726636598
38.0,28.0,40.70186930686798,562.2981306931322
1.0,997.0,36.40481843594183,49.027044581835135
1023.0,1.0,33.98546525242935,101.28967854641094

37.0,32.0,50.17603987314905,593.823960126851
47.0,40.0,553.688289025451,35.31171097454898
197.76740573922444,18.240323416201573,7.396551041731305,22.853558808235316
16.12890333634727,216.83902559264052,18.203596792765893,11.70203452943608

604.0,34.0,55.95666130374795,17.04333869625204
30.0,531.0,38.47027164247427,43.529728357525734
21.712849592811153,9.82329424416857,23.53984410835919,206.02459313848112
8.614202827618092,19.832022052145835,213.30598245086478,14.818209822438252

Iteration: ,10000
Error:,0.035500176380943826
Absolute Error:,0.040654638326023305
Transition Probabilities
0.056229327453142255,0.04961411245865493,0.835869438694032,0.058287121394170915
0.05180180180180181,0.04391891891891892,0.06660503441831787,0.8376742448609614
0.0006846325779950575,0.9222000825593425,0.033812949514736304,0.043302335347926046
0.8902103409274336,0.0006560135157902974,0.02834149409505187,0.08079215146172436

0.04888416578108396,0.051009564293305006,0.06556017516859786,0.8345460947570132
0.06630434782608696,0.05652173913043479,0.8166167082896284,0.0605572047538499
0.7989334360654883,0.067738328804191,0.038609028090009,0.09471920704031164
0.06615912513851002,0.805550765077958,0.08472888252213233,0.043561227261399695

0.8493003229278795,0.0527448869752422,0.0724941165192147,0.02546067357766367
0.04927211646136618,0.8275475923852184,0.05643008096023434,0.06675021019318113
0.08346816781291665,0.04945271714911253,0.09460390663837893,0.7724752083995919
0.0349963275656909,0.06545239966693278,0.84306381631455,0.056487456452826386

Transition Gammas
51.0,45.0,758.1335808954866,52.86641910451299
46.0,39.0,59.14527056346627,743.8547294365336
1.0,1347.0,49.3884612002504,63.24901376258881
1357.0,1.0,43.202606978164106,123.15623004259953

46.0,48.0,61.69212483365057,785.3078751663493
61.0,52.0,751.287371626458,55.712628373541904
258.29450138327866,21.899744175409527,12.482265992663287,30.622639195552967
22.8246811073653,277.912370972332,29.231186478090144,15.028480482553553

789.0,49.0,67.34703424635045,23.65296575364955
44.0,739.0,50.39206229748926,59.607937702510746
28.497753454965068,16.884177260872438,32.29972428890253,263.7389631983477
11.957068039737063,22.362883497205264,288.0465498727381,19.299863933731448

Iteration: ,12500
Error:,0.03642397758372972
Absolute Error:,0.039289032938259943
Transition Probabilities
0.059492563429571314,0.05074365704286965,0.8291387815380893,0.0606249979894698
0.05696202531645569,0.041591320072332724,0.06568394564926025,0.8357627089619514
0.0005490770208828865,0.9164095478535376,0.03508446952392064,0.047956905601658786
0.8886330487902688,0.0005211924039825624,0.033664817075346014,0.07718094173040253

0.04584040747028864,0.05008488964346352,0.062130715103524484,0.8419439877827233
0.06502636203866431,0.057996485061511414,0.8197228072918272,0.057254345607996915
0.8055652547862033,0.06692570313151883,0.04034941645467729,0.08715962562760049
0.06429193432782794,0.8088908038810083,0.08638906749070956,0.04042819430045417

0.8499142367066895,0.05317324185248713,0.06748008200599892,0.029432439434824414
0.05121293800539083,0.8283917340521114,0.05374993911674228,0.06664538882575549
0.08364402231504642,0.055572026730312224,0.08647047269264747,0.7743134782619939
0.03273063260371374,0.07341563657753297,0.8367389395162008,0.057114791302552495

Transition Gammas
68.0,58.0,947.7056272980359,69.29437270196397
63.0,46.0,72.64644388808185,924.3535561119185
1.0,1669.0,63.89717323720212,87.34094448998547
1705.0,1.0,64.59191810568356,148.08531578864836

54.0,59.0,73.18998239195182,991.8100176080477
74.0,66.0,932.8445546980996,65.1554453019005
323.73146058562736,26.89534522096142,16.215167480277152,35.026725322218844
27.106750934474853,341.04435934662916,36.423339263547646,17.04532621533881

991.0,62.0,78.68177561899475,34.318224381005265
57.0,922.0,59.823682236934154,74.17631776306587
35.03239920376688,23.2750813638059,36.21619375617144,324.3036158299603
13.943335445887985,31.275253985094007,356.45298566539753,24.331051088912222

Iteration: ,15000
Error:,0.03516248610815023
Absolute Error:,0.037948500726135946
Transition Probabilities
0.06685837526959022,0.04960460100647016,0.8247419160337829,0.058795107690156716
0.05496987951807228,0.04367469879518072,0.0648556976084062,0.8364997240783408
0.0004592611662067314,0.9157667654162225,0.036226861250631355,0.04754711216693943
0.889397707065074,0.0004317464597403272,0.03485223949565885,0.07531830697952673

0.04846756949394155,0.05131860299358516,0.059550111872065443,0.8406637156404079
0.06291635825314582,0.06069578090303479,0.8190200876660501,0.05736777317776926
0.812175589899556,0.0646186885067464,0.03889906988363961,0.08430665171005805
0.06176060084917745,0.8097961607313989,0.08560056344116208,0.04284267497826156

0.8496134926212228,0.054813773717498245,0.06377416918758232,0.031798564473696694
0.051762940735183796,0.8282070517629407,0.05218793894192328,0.06784206855995221
0.07916904355910744,0.0582281696338758,0.08292416199920111,0.7796786248078157
0.03397763937290802,0.07012200962399669,0.8354395895015778,0.06046076150151751

Transition Gammas
93.0,69.0,1147.216005202992,81.78399479700799
73.0,58.0,86.12836642396346,1110.8716335760369
1.0,1994.0,78.88074132164753,103.52957242097106
2060.0,1.0,80.72385704475872,174.45031749612198

68.0,72.0,83.54880695650783,1179.4511930434924
85.0,82.0,1106.4961384368337,77.50386156316627
384.11971846025665,30.56151002956414,18.397376082082697,39.872963090653116
30.60002560260107,401.22315700558613,42.41181913520071,21.226913812257386

1209.0,78.0,90.75064275392964,45.249357246070396
69.0,1104.0,69.56652260958373,90.4334773904163
39.87140041599707,29.325081655553074,41.76256676339253,392.66457251434355
17.14023134698057,35.373483551327546,421.44269304068365,30.499806892909888

Iteration: ,17500
Error:,0.035213649466821734
Absolute Error:,0.03800701432145214
Transition Probabilities
0.06475259621258399,0.05192425167990225,0.8245168038753874,0.0588063482321263
0.05483870967741933,0.04387096774193546,0.06296210950590339,0.8383282130747418
0.0003944398722209926,0.9170727029138077,0.03741634816991596,0.045116509044055314
0.891075673610123,0.0003719013662813535,0.03426032363157648,0.0742921013920192

0.05181986428130783,0.054287476866132015,0.05854938964721647,0.8353432692053436
0.06368221941992437,0.056746532156368254,0.8203327695538456,0.05923847886986185
0.8051183587150156,0.0717148678801746,0.03743093264486645,0.08573584075994342
0.06314348752542621,0.8137646639055992,0.08080177181253086,0.0422900767564437

0.8468033775633294,0.05850422195416164,0.06314826244657783,0.03154413803593122
0.05659163987138264,0.8218649517684887,0.052816852025336425,0.06872655633479222
0.07528220790606728,0.055606285765260346,0.07679318385594737,0.7923183224727249
0.03376966619614641,0.07116241555732522,0.8390597945487245,0.056008123697803766

Transition Gammas
106.0,85.0,1349.7340079440094,96.26599205599076
85.0,68.0,97.5912697341503,1299.4087302658504
1.0,2325.0,94.85944704127863,114.38120793928742
2396.0,1.0,92.12206982229158,199.76291599804233

84.0,88.0,94.9085606181379,1354.091439381862
101.0,90.0,1301.0477725123983,93.95222748760085
447.64589161603135,39.873474038753066,20.81160246373396,47.66913642571641
36.57995647169407,471.4259086795451,46.809661796839194,24.499267106720836

1404.0,97.0,104.69981913642604,52.30018086357397
88.0,1278.0,82.13020489939814,106.86979510060189
44.683755397437636,33.00511157689704,45.58059519044816,470.2805497210455
19.711755407573595,41.53834750780499,489.7691717296507,32.69260728713446

Iteration: ,20000
Error:,0.03518214284494766
Absolute Error:,0.037794081295603826
Transition Probabilities
0.06506666666666663,0.054399999999999976,0.8193767123525759,0.061156620980757456
0.056582633053221226,0.04369747899159659,0.06446766024449016,0.8352522277106921
0.00034656243618072285,0.9170042061341926,0.03757955932567021,0.045069672103956314
0.8932004762437091,0.0003276597491723071,0.033673648312968665,0.07279821569415

0.05371676614215952,0.05317417254476397,0.057656805742595206,0.8354522555704813
0.0662650602409639,0.05859802847754659,0.8196261752983134,0.0555107359831761
0.8032745287538473,0.07367259461881831,0.036498223107619715,0.0865546535197146
0.059676835112370416,0.8245748190186106,0.07696388649086096,0.03878445937815809

0.8457082675092154,0.0631911532385466,0.061497628485175766,0.029602950767062264
0.054596100278551524,0.8267409470752088,0.0509923751216731,0.06767057752456646
0.07502849813034487,0.05502192383934004,0.07032128668306961,0.7996282913472456
0.03697298702804451,0.07344242133862991,0.8342835986161341,0.05530099301719145

Transition Gammas
122.0,102.0,1536.3313356610806,114.66866433892028
101.0,78.0,115.07477353641507,1490.925226463587
1.0,2646.0,108.43517762575253,130.0477703257306
2726.0,1.0,102.77017057490524,222.17625411129598

99.0,98.0,106.26149298360296,1539.738507016397
121.0,107.0,1496.6373960947194,101.3626039052795
513.0924128398698,47.05844388192552,23.313276704675786,55.28687195627275
40.03522531422463,553.1801176400356,51.63253934157296,26.01921779147908

1606.0,120.0,116.78399649334878,56.21600350665124
98.0,1484.0,91.53131334340323,121.4686866565968
49.992306824147526,36.66170811326249,46.85584048372442,532.8010540321951
24.42862609314448,48.52454709422635,551.2241158870329,36.53822397340705

Iteration: ,22500
Error:,0.033511440388215644
Absolute Error:,0.035161061841614556
Transition Probabilities
0.0632730732635585,0.05518553758325402,0.8195750529203405,0.061966336232846884
0.05472636815920394,0.04427860696517409,0.0634759734306823,0.8375190514449397
0.0003107294081739894,0.9135444600315287,0.03990486119112372,0.04623994936917366
0.8910899165190324,0.00028828531754093576,0.03674719213651296,0.07187460602691384

0.05071770334928232,0.05550239234449763,0.054378063906541804,0.8394018403996784
0.06620892594409027,0.05836194212849438,0.8220991285397279,0.05333000338768753
0.8050834923508138,0.07180708827492414,0.03792083429879958,0.08518858507546244
0.05967691523930428,0.8276583061097382,0.07557089544740928,0.03709388320354823

0.8428774254614293,0.06436346426881212,0.06286670379271327,0.029892406477045372
0.0545,0.831,0.048541709796216984,0.06595829020378301
0.07017671991869667,0.052897049983786866,0.0659739584581786,0.8109522716393378
0.04107188862240668,0.07364623557003783,0.8296103422489036,0.05567153355865195

Transition Gammas
133.0,116.0,1722.7467612385565,130.2532387614442
110.0,89.0,127.58670659567153,1683.41329340433
1.0,2940.0,128.423187961596,148.8109852263553
3091.0,1.0,127.46813625461503,249.31760881893626

106.0,116.0,113.65015356467232,1754.349846435327
135.0,119.0,1676.2601230925045,108.73987690749483
579.439943184851,51.68146601639803,27.292630243179733,61.31248418967027
45.36851524747303,629.2153059497704,57.45168476994067,28.20009041954932

1781.0,136.0,132.83734511400314,63.16265488599687
109.0,1662.0,97.08341959243397,131.91658040756602
53.79903972276895,40.55205909583779,50.57710898816512,621.694110607339
30.56214318237379,54.801151635048356,617.3241824471868,41.425934790678966

Iteration: ,25000
Error:,0.03351300782357259
Absolute Error:,0.034902192901426383
Transition Probabilities
0.062472885032537936,0.05639913232104119,0.8192227906370995,0.06190519200932141
0.05461811722912963,0.04706927175843691,0.06399888327451597,0.8343137277379175
0.0002798559690601813,0.9128901710743115,0.04116575732068879,0.045664215635939594
0.8914659355928397,0.00026043410329910596,0.03682699029107414,0.07144664001278715

0.05021459227467815,0.05493562231759661,0.05537877525225758,0.8394710101554678
0.06631063640409438,0.05473965287049402,0.8255141941526616,0.05343551657275027
0.7981914884515832,0.0712961216471241,0.03942211856164093,0.09109027133965183
0.06048985220574562,0.8223185241782567,0.08027372183411122,0.03691790178188643

0.8413852073535699,0.06498503634031637,0.06248217144160792,0.0311475848645058
0.05520926090828139,0.8325912733748887,0.0481702290968122,0.06402923662001772
0.06730197477199953,0.05547537973591199,0.06541716605650205,0.8118054794355863
0.04322793761191359,0.06858117936023547,0.8362076927105947,0.05198319031725622

Transition Gammas
144.0,130.0,1888.308532418515,142.6914675814859
123.0,106.0,144.12548513421007,1878.8745148657913
1.0,3262.0,147.09622760212181,163.17041865960624
3423.0,1.0,141.4061746313566,274.3367289756649

117.0,128.0,129.03254633776007,1955.9674536622383
149.0,123.0,1854.9303942610297,120.06960573896981
629.9401967443205,56.267566802324595,31.112305107353162,71.88929508695765
52.03519372655249,707.3831750325218,69.05387456695763,31.757891632207176

1968.0,152.0,146.14579900192092,72.85420099807907
124.0,1870.0,108.1903345514402,143.8096654485598
57.56804518313009,47.45193849077007,55.95583761176387,694.3935104190102
35.887602871809285,56.93572872840792,694.2151592741996,43.15616689520779

Iteration: ,27500
Error:,0.03208172076731955
Absolute Error:,0.03326523393583657
Transition Probabilities
0.06286836935166991,0.054223968565815295,0.8207503765285891,0.062157285553925794
0.05354969574036507,0.047464503042596314,0.06433036794571322,0.8346554332713253
0.0002530570926530109,0.9112585906434923,0.04164891848711694,0.04683943377673771
0.8923074330543093,0.0002368119514475343,0.03817996647194901,0.06927578852229418

0.05080109417741308,0.055099648300117265,0.052876781207231646,0.841222476315238
0.06512944983818776,0.052588996763754094,0.8270826718798484,0.0551988815182098
0.8032058245314534,0.07034990780462108,0.036918802921710785,0.0895254647422148
0.05754140390876938,0.8236810979137005,0.08180335622860908,0.03697414194892107

0.8425961912164788,0.06412747765254567,0.06248922210696821,0.03078710902400731
0.05732741219216794,0.8296326201049656,0.04955753037359066,0.06348243732927576
0.06650739711880886,0.055469820756569116,0.06260434701565955,0.8154184351089625
0.045141972064560214,0.06628820919133098,0.8389673092477757,0.04960250949633316

Transition Gammas
160.0,138.0,2088.8097082652603,158.19029173474124
132.0,117.0,158.5743569861832,2057.4256430138184
1.0,3601.0,164.58309091626793,185.09433300477934
3768.0,1.0,161.2248293997433,292.53501818147146

130.0,141.0,135.3116831093057,2152.688316890693
161.0,130.0,2044.5483648869833,136.4516351130145
694.364867700865,60.816920064068675,31.916003250302815,77.394032243042
54.45621300393337,779.517882226476,77.417314987389,34.991703587914344

2168.0,165.0,160.7847684812292,79.2152315187708
142.0,2055.0,122.75400273538406,157.24599726461605
62.343006143614474,51.99655265465179,58.68434730112824,764.3606382430172
40.90335619687001,60.06406251653992,760.1922804482974,44.94507043878099

Iteration: ,30000
Error:,0.03065017218243861
Absolute Error:,0.03291892003840948
Transition Probabilities
0.061638868745467666,0.05511240029006521,0.8184620231660094,0.06478670779845774
0.0518134715025907,0.04885270170244266,0.0644247844595262,0.8349090423354405
0.00023240704582414945,0.9124300619056107,0.041229716078345795,0.04610781497021935
0.893767708881947,0.0002164086462183891,0.037909909145439104,0.06810597332639562

0.051901884109491654,0.05510131532172059,0.05426424768856745,0.8387325528802203
0.06475623371790105,0.05247487904726465,0.8251839450449294,0.057584942189904814
0.8051840185830292,0.07387768936066223,0.03571926640746478,0.08521902564884369
0.05712512717897185,0.8258247103710582,0.07966130159266493,0.03738886085730512

0.8447846208615165,0.06123175507297971,0.06272627073998013,0.03125735332552363
0.05661764705882353,0.83125,0.049177434988171995,0.06295491795300451
0.0654795454982551,0.055094394714570116,0.06013906085092502,0.8192869989362498
0.04686020942385931,0.06673682580632219,0.8376275982384783,0.04877536653134026

Transition Gammas
170.0,152.0,2257.318259891856,178.68174010814664
140.0,132.0,174.07576760963968,2255.924232390359
1.0,3926.0,177.4030384153767,198.39250056604044
4130.0,1.0,175.17742385940653,314.7100382378733

146.0,155.0,152.6453287479402,2359.3546712520592
174.0,141.0,2217.2692603357236,154.7307396642741
743.9992741354339,68.26383285135692,33.00501210465046,78.74335774429014
59.037167899200504,853.4659700404413,82.32765281135701,38.64030707672721

2373.0,172.0,176.19809450860419,87.80190549139587
154.0,2261.0,133.76262316782783,171.23737683217226
66.14189838575993,55.651697474490746,60.747392510885916,827.574428320668
46.29318870062386,65.92929285458357,827.4920864173696,48.18517190893652

Iteration: ,32322
Error:,0.03180389171000868
Absolute Error:,0.033891777675986716
Transition Probabilities
0.0628782784129119,0.055144586415601875,0.8173407815123769,0.06463635365910932
0.05284831846259438,0.05181880576527111,0.06637487990421793,0.8289579958679166
0.00021618175500243324,0.9127193696202731,0.041285760174587655,0.04577868845013677
0.8953686998174337,0.00020102575209192495,0.03772778659170051,0.06670248783877386

0.05245901639344261,0.054426229508196707,0.054743834549654716,0.838370919548706
0.06496199032481001,0.05355908776779549,0.8223497329662325,0.05912918894116204
0.8081421123376191,0.07259790521369597,0.03430280253293944,0.08495717991574556
0.05696427866503717,0.8271053835901924,0.07980069103707554,0.03612964670769492

0.8427003658131028,0.062188227469238445,0.06209926818433451,0.03301213853332431
0.05642420122365738,0.832087015635622,0.05053234979050871,0.06095643335021192
0.07119376767815917,0.05441956763270596,0.059526794655292016,0.8148598700338427
0.047520906420296584,0.06726953991492976,0.8377511921914745,0.04745836147329924


Model Num 2
Model States: 
['rose'],['volcano'],"['nothing', 'b', 'volcano']","['nothing', 'b', 'rose']","['nothing', 'b', 'nothing', 'b', 'rose']"
Iteration: ,0
Error:,0.5643348506334595
Absolute Error:,1
Transition Probabilities
0.2,0.2,0.2,0.2,0.2
0.2,0.2,0.2,0.2,0.2
0.2,0.2,0.2,0.2,0.2
0.2,0.2,0.2,0.2,0.2
0.2,0.2,0.2,0.2,0.2

0.2,0.2,0.2,0.2,0.2
0.2,0.2,0.2,0.2,0.2
0.2,0.2,0.2,0.2,0.2
0.2,0.2,0.2,0.2,0.2
0.2,0.2,0.2,0.2,0.2

0.2,0.2,0.2,0.2,0.2
0.2,0.2,0.2,0.2,0.2
0.2,0.2,0.2,0.2,0.2
0.2,0.2,0.2,0.2,0.2
0.2,0.2,0.2,0.2,0.2

Transition Gammas
1.0,1.0,1.0,1.0,1.0
1.0,1.0,1.0,1.0,1.0
1.0,1.0,1.0,1.0,1.0
1.0,1.0,1.0,1.0,1.0
1.0,1.0,1.0,1.0,1.0

1.0,1.0,1.0,1.0,1.0
1.0,1.0,1.0,1.0,1.0
1.0,1.0,1.0,1.0,1.0
1.0,1.0,1.0,1.0,1.0
1.0,1.0,1.0,1.0,1.0

1.0,1.0,1.0,1.0,1.0
1.0,1.0,1.0,1.0,1.0
1.0,1.0,1.0,1.0,1.0
1.0,1.0,1.0,1.0,1.0
1.0,1.0,1.0,1.0,1.0

Iteration: ,2500
Error:,0.055792367782665636
Absolute Error:,1
Transition Probabilities
0.054794520547945216,0.07534246575342467,0.7405120191052799,0.06191156668100386,0.06743942791234651
0.06761565836298931,0.06761565836298931,0.07713046248976116,0.7269378382303957,0.06070038255386442
0.0027472527472527475,0.989010989010989,0.0027472527472527475,0.0027472527472527475,0.0027472527472527475
0.9881305637982196,0.002967359050445104,0.002967359050445104,0.002967359050445104,0.002967359050445104
0.012658227848101266,0.012658227848101266,0.362898965352451,0.43094655220030476,0.1808380267510418

0.05913978494623656,0.06451612903225806,0.04427050157802262,0.7764275410486351,0.055646043394847675
0.08256880733944955,0.03211009174311927,0.7520601287724245,0.0639427226060335,0.06931824953897335
0.8278781808249497,0.06723864285117644,0.028371953124112614,0.06278997761469346,0.013721245585067732
0.05307885583848484,0.8463966849970566,0.027438715999741004,0.05503974105060068,0.018046002114116968
0.2,0.2,0.2,0.2,0.2

0.7528735632183908,0.08045977011494253,0.07993264214738766,0.06645416834706473,0.02027985617221428
0.07211538461538461,0.8221153846153846,0.046484880810816885,0.03481597914888154,0.024468370809532333
0.01760199155502927,0.051700157781696066,0.08774953805946356,0.7822799504001697,0.060668362203641524
0.05804285491054868,0.04294340263438669,0.8110057099057866,0.05571035809597622,0.03229767445330172
0.2,0.2,0.2,0.2,0.2

Transition Gammas
16.0,22.0,216.22950957874167,18.078177470853124,19.692312950405178
19.0,19.0,21.67365995962289,204.26953254274125,17.056807497635905
1.0,360.0,1.0,1.0,1.0
333.0,1.0,1.0,1.0,1.0
1.0,1.0,28.669018262843625,34.044777623824075,14.286204113332301

11.0,12.0,8.234313293512207,144.41552263504613,10.350164071441668
18.0,7.0,163.94910807238853,13.9395135281153,15.11137839949619
71.42120208906019,5.800690017561203,2.4476535856028945,5.416902853893207,1.1837343664115245
4.215476555300416,67.22008840857735,2.1791589546772037,4.371208352995201,1.4331977889735414
1.0,1.0,1.0,1.0,1.0

131.0,14.0,13.908279733645452,11.563025292389263,3.5286949739652846
15.0,171.0,9.668855208649912,7.241723662967361,5.0894211283827255
1.4245051714795745,4.184023262145779,7.101450444960274,63.30884953591683,4.909807815445211
4.941127971949916,3.655727277620741,69.04007400742618,4.7425649399844865,2.749467491150889
1.0,1.0,1.0,1.0,1.0

Iteration: ,5000
Error:,0.04508256162929927
Absolute Error:,1
Transition Probabilities
0.06877323420074352,0.06505576208178442,0.7481206591734718,0.04711647586631089,0.07093386867768942
0.05555555555555553,0.0833333333333333,0.08503519048182032,0.7051209587122531,0.07095496191703765
0.0014005602240896359,0.9943977591036415,0.0014005602240896359,0.0014005602240896359,0.0014005602240896359
0.993798449612403,0.0015503875968992248,0.0015503875968992248,0.0015503875968992248,0.0015503875968992248
0.005649717514124293,0.005649717514124293,0.38189315750764863,0.45606013463256523,0.15074727283153766

0.060773480662983416,0.05248618784530386,0.05924658553645562,0.7874480685305093,0.040045677424747655
0.05977011494252875,0.04597701149425289,0.7396193694547063,0.0651554628874934,0.08947804122101874
0.8471852566380135,0.06772886327038394,0.020763091963270332,0.055355063213613186,0.00896772491471895
0.043950583465510305,0.85483014287493,0.042664507511106856,0.045173812496272094,0.013380953652180925
0.2,0.2,0.2,0.2,0.2

0.7953964194373402,0.07672634271099744,0.06217113365457594,0.050940310169080336,0.014765794028006133
0.06965174129353233,0.8383084577114427,0.050102644269046134,0.02522855125965065,0.01670860546632808
0.020989421489559672,0.06064742835796454,0.06359332127879717,0.8025473873618846,0.05222244151179402
0.046290120145682914,0.045484437519597895,0.8135575795645066,0.04128548804957619,0.05338237472063643
0.2,0.2,0.2,0.2,0.2

Transition Gammas
37.0,35.0,402.48891463532766,25.348664016075247,38.16242134859689
32.0,48.0,48.98026971752852,406.14967221825793,40.8700580642137
1.0,710.0,1.0,1.0,1.0
641.0,1.0,1.0,1.0,1.0
1.0,1.0,67.59508887885382,80.72264382996406,26.682267291182168

22.0,19.0,21.44726396419694,285.0562008080444,14.496535227758653
26.0,20.0,321.73442571279713,28.34262635605962,38.92294793114314
126.5964085101902,10.120845205137877,3.102665977153497,8.271806125979667,1.3400631772276645
7.457903976079882,145.05475510746672,7.239671811280227,7.665471747263935,2.27059255139702
1.0,1.0,1.0,1.0,1.0

311.0,30.0,24.308913258939192,19.91766127611041,5.773425464950398
28.0,337.0,20.14126299615655,10.141877606379563,6.71685939746389
3.410786752996217,9.855223754000287,10.333932162191488,130.4141707205797,8.486161079100969
7.682564393482758,7.548848848218922,135.02251610364848,6.851967967657403,8.859634193595053
1.0,1.0,1.0,1.0,1.0

Iteration: ,7500
Error:,0.038900645692086996
Absolute Error:,1
Transition Probabilities
0.06273525721455456,0.057716436637390185,0.7647558709185333,0.04852378456193604,0.06626865066758593
0.0531177829099307,0.0715935334872979,0.07988944805861246,0.727614194548241,0.06778504099591792
0.0009124087591240876,0.9963503649635036,0.0009124087591240876,0.0009124087591240876,0.0009124087591240876
0.9957492029755579,0.0010626992561105207,0.0010626992561105207,0.0010626992561105207,0.0010626992561105207
0.004048582995951416,0.004048582995951416,0.42483445453197866,0.42615707510258316,0.14091130437353538

0.05502846299810247,0.06641366223908918,0.060243283777053604,0.7696026131409723,0.04871197784478235
0.054545454545454564,0.04696969696969699,0.7662303195321248,0.06328594667027221,0.0689685822824513
0.8556572230992638,0.06327486916520085,0.021370544713805475,0.0516759738094455,0.008021389212284272
0.04128420291111026,0.8646446528094737,0.03705325861935961,0.04565998722772712,0.011357898432329287
0.2,0.2,0.2,0.2,0.2

0.7982608695652174,0.08,0.05771958567718986,0.05162328522542435,0.0123962595321684
0.06320907617504051,0.8346839546191248,0.056486344212652535,0.028859215622653544,0.01676140937052861
0.02868429196009347,0.055995202247084847,0.06038082822356319,0.807430639774079,0.0475090377951795
0.03655889979860021,0.04523205115510914,0.8362564168877572,0.03458533083900237,0.047367301319531055
0.2,0.2,0.2,0.2,0.2

Transition Gammas
50.0,46.0,609.5104291220713,38.67345629586304,52.816114582066014
46.0,62.0,69.18426201875842,630.1138924787768,58.70184550246494
1.0,1092.0,1.0,1.0,1.0
937.0,1.0,1.0,1.0,1.0
1.0,1.0,104.93411026939874,105.26079755033805,34.805092180263244

29.0,35.0,31.74821055050725,405.58057712529245,25.6712123242003
36.0,31.0,505.7120108912022,41.768724802379644,45.519264306417845
203.28491200707293,15.03268582706127,5.077160788701932,12.277049156066397,1.9057016713859087
10.370728216080503,217.20159444718678,9.307901026668668,11.469939698436832,2.853141624198216
1.0,1.0,1.0,1.0,1.0

459.0,46.0,33.18876176438417,29.683389004619002,7.12784923099683
39.0,515.0,34.85207437920661,17.806136039177236,10.341789581616151
6.707364731700906,13.09358603723166,14.11909480844298,188.80479267363128,11.109231665462172
9.314148032465722,11.523815612385567,213.0538966681423,8.811339864188254,12.067815465426383
1.0,1.0,1.0,1.0,1.0

Iteration: ,10000
Error:,0.03761802198958577
Absolute Error:,1
Transition Probabilities
0.0564440263405456,0.049858889934148616,0.7784855041664875,0.05462117092654798,0.06059040863227033
0.05767524401064771,0.07009760425909492,0.07086580791156259,0.7346123871666504,0.06674895665204438
0.0006863417982155113,0.997254632807138,0.0006863417982155113,0.0006863417982155113,0.0006863417982155113
0.9968798751950078,0.00078003120124805,0.00078003120124805,0.00078003120124805,0.00078003120124805
0.0031847133757961768,0.0031847133757961768,0.43708314475829724,0.4333525732027264,0.12319485528738398

0.057298772169167796,0.0641200545702592,0.061571099103730424,0.7693951653016808,0.04761490885516172
0.05606407322654466,0.04805491990846685,0.7789612230964041,0.050504887971889525,0.06641489579669485
0.853407594048682,0.06543238482038002,0.023074723778118093,0.05162221057757821,0.006463086775241651
0.04038421132686584,0.8737266044254349,0.032125908611638505,0.04482201228772745,0.008941263348333396
0.2,0.2,0.2,0.2,0.2

0.8026490066225165,0.07417218543046357,0.06432567485069582,0.04920798099777214,0.009645152098551912
0.0603448275862069,0.8201970443349754,0.06632041057918839,0.033231650242368106,0.01990606725726124
0.037570264322177374,0.04475878880533997,0.05754902780387574,0.8143172733060706,0.04580464576253634
0.0358682521053111,0.047316966960994564,0.8401473289478809,0.03185650736209474,0.04481094462371858
0.2,0.2,0.2,0.2,0.2

Transition Gammas
60.0,53.0,827.5300909289766,58.06230469492053,64.4076043761034
65.0,79.0,79.86576551633107,827.9081603368154,75.22607414685405
1.0,1453.0,1.0,1.0,1.0
1278.0,1.0,1.0,1.0,1.0
1.0,1.0,137.2441074541054,136.07270798565617,38.683184560238594

42.0,47.0,45.13161564303441,563.9666561661321,34.901728190833545
49.0,42.0,680.8121089862568,44.14127208743142,58.04661892631126
271.4333258471946,20.811309805260656,7.339106262678341,16.41886995425187,2.055638068932849
13.380571906691845,289.4933755838077,10.644333914721539,14.850956319644135,2.962524542096297
1.0,1.0,1.0,1.0,1.0

606.0,56.0,48.565884512275346,37.15202565331797,7.282089834406695
49.0,666.0,53.852173390300976,26.984099996802904,16.163726612896127
12.168170386823581,14.496373084331408,18.63884613396896,263.73919665699054,14.8351028187373
11.884007804256914,15.677240223115373,278.3608575245799,10.554821043299292,14.846935224522479
1.0,1.0,1.0,1.0,1.0

Iteration: ,12500
Error:,0.03848572096850054
Absolute Error:,1
Transition Probabilities
0.06403574087862994,0.046909903201787055,0.7793404188537788,0.05171507912236582,0.05799885794343842
0.06093189964157701,0.06666666666666661,0.07641070030625544,0.7237007142533796,0.07229001913212141
0.0005518763796909492,0.9977924944812362,0.0005518763796909492,0.0005518763796909492,0.0005518763796909492
0.9975232198142415,0.0006191950464396285,0.0006191950464396285,0.0006191950464396285,0.0006191950464396285
0.0025188916876574302,0.0025188916876574302,0.4462264631890044,0.4233898377147258,0.12534591572095496

0.06021505376344088,0.06666666666666668,0.058573144108811294,0.764955588756055,0.0495895467050261
0.06133828996282532,0.04925650557620821,0.766957997922368,0.058889964858887874,0.06355724167971068
0.8527049641314308,0.062114301352841184,0.023925316463128007,0.055945422167195225,0.005309995885404823
0.03963301731160344,0.8691048500888116,0.03601812436339,0.04646595926937548,0.008778048966819496
0.2,0.2,0.2,0.2,0.2

0.8063492063492064,0.07513227513227513,0.060724851838144925,0.04998602664603114,0.00780764003434246
0.05952380952380952,0.8224206349206349,0.06269886872377627,0.03494000904959807,0.02041667778218123
0.04228278270341878,0.03645391371480119,0.05249020812807417,0.8251490253313176,0.04362407012238827
0.03471705843319435,0.047963688213777,0.8416808936499204,0.03292363017278173,0.04271472953032642
0.2,0.2,0.2,0.2,0.2

Transition Gammas
86.0,63.0,1046.6541825206248,69.45335126133729,77.89246621803778
85.0,93.0,106.59292692722642,1009.5624963834653,100.84457668930945
1.0,1808.0,1.0,1.0,1.0
1611.0,1.0,1.0,1.0,1.0
1.0,1.0,177.15190588603477,168.08576557274617,49.76232854121913

56.0,62.0,54.47302402119449,711.408697543131,46.11827843567426
66.0,53.0,825.2468057644674,63.36560218816331,68.38759204736864
336.57796514866897,24.51763040604057,9.443752141046964,22.08266298953487,2.0959507511227384
15.590477643627883,341.8805999237204,14.1684837729586,18.278358508092456,3.453029455110479
1.0,1.0,1.0,1.0,1.0

762.0,71.0,57.384984987046955,47.23679518049943,7.378219832453625
60.0,829.0,63.20045967356647,35.21952912199485,20.58001120443868
17.60119981383769,15.174796412789895,21.85028000670021,343.487631193101,18.15954215461177
14.316580325823317,19.77921016426684,347.0913915658351,13.577008458056742,17.614650664989192
1.0,1.0,1.0,1.0,1.0

Iteration: ,15000
Error:,0.038200903981938726
Absolute Error:,1
Transition Probabilities
0.06385616862988222,0.0495970241785493,0.7761333291741015,0.053181338220943807,0.05723213979652327
0.06094674556213015,0.06863905325443784,0.07655309709575411,0.7237240068317169,0.07013709725596097
