0,1,2,3,4,5,6,7,8,9,10,11,12,13,14,15,16,17,18,19,20,21,22,23,24,25,26,27,28,29
github Code Version (SHA):,528ca1c557fe8e6666681dc5c9134b0f84d30530
Environment Observations,Environment Actions,alpha,epsilon,numActions,explore,patience,gainThresh,insertRandActions,useUpdatedPosterior,revisedSplitting,haveControl,confidence_factor
"['diamond', 'square']","['x', 'y']",0.85,0.99,75000,0.5,0,0.01,False,True,False,False,250

Model Num 0
Model States: 
['diamond'],['square']
Iteration: ,0
Error:,0.5088193262109493
Absolute Error:,1
Transition Probabilities
0.5,0.5
0.5,0.5

0.5,0.5
0.5,0.5

Transition Gammas
1.0,1.0
1.0,1.0

1.0,1.0
1.0,1.0

Iteration: ,2486
Error:,0.08596476080572972
Absolute Error:,1
Transition Probabilities
0.4804270462633452,0.5195729537366548
0.11412268188302425,0.8858773181169758

0.126,0.874
0.8902606310013718,0.10973936899862825


Model Num 1
Model States: 
['square'],"['diamond', 'x', 'square']","['diamond', 'x', 'diamond']"
Iteration: ,0
Error:,0.5670189876034942
Absolute Error:,1
Transition Probabilities
0.3333333333333333,0.3333333333333333,0.3333333333333333
0.3333333333333333,0.3333333333333333,0.3333333333333333
0.3333333333333333,0.3333333333333333,0.3333333333333333

0.3333333333333333,0.3333333333333333,0.3333333333333333
0.3333333333333333,0.3333333333333333,0.3333333333333333
0.3333333333333333,0.3333333333333333,0.3333333333333333

Transition Gammas
1.0,1.0,1.0
1.0,1.0,1.0
1.0,1.0,1.0

1.0,1.0,1.0
1.0,1.0,1.0
1.0,1.0,1.0

Iteration: ,2500
Error:,0.07794547097725052
Absolute Error:,1
Transition Probabilities
0.887624466571835,0.035238483605481014,0.07713704982268398
0.9957983193277311,0.0021008403361344537,0.0021008403361344537
0.002881844380403459,0.8338725032384029,0.1632456523811936

0.12517385257301808,0.43624498275374446,0.43858116467323743
0.912461203472741,0.04659119174209628,0.04094760478516286
0.8061229145969678,0.09338587660256242,0.10049120880046979

Transition Gammas
624.0,24.772653974653153,54.22734602534683
474.0,1.0,1.0
1.0,289.35375862372575,56.64624137627417

90.0,313.6601425999423,315.3398574000577
137.11332065465294,7.001144803421013,6.153096749297312
18.003922662584028,2.0856770967374674,2.244367352363124

Iteration: ,5000
Error:,0.07685913002218338
Absolute Error:,1
Transition Probabilities
0.8888086642599278,0.042063166495959745,0.06912816924411244
0.9978925184404637,0.001053740779768177,0.001053740779768177
0.0014556040756914118,0.8578746351770915,0.14066976074721713

0.12074947952810548,0.42241588810499253,0.4568346323669021
0.8779832532599081,0.0698620931953822,0.052154653544709634
0.8524387374074207,0.04511027934103328,0.10245098325154604

Transition Gammas
1231.0,58.257485596904246,95.74251440309574
947.0,1.0,1.0
1.0,589.359874366662,96.64012563333817

174.0,608.7012947592942,658.2987052407059
205.23195551859504,16.33053244452509,12.191350457577522
101.93348720667647,5.394227033937687,12.250951924527103

Iteration: ,7500
Error:,0.06623097151312024
Absolute Error:,1
Transition Probabilities
0.8870352716873212,0.049384231651664355,0.06358049666101437
0.9986013986013986,0.0006993006993006993,0.0006993006993006993
0.000985221674876847,0.8623658705802603,0.13664890774486282

0.11590171534538711,0.41862567338500084,0.4654726112696121
0.8918719377230211,0.061513349861790384,0.046614712415188456
0.8788216404051752,0.04643685715006939,0.07474150244475544

Transition Gammas
1861.0,103.60811800519181,133.39188199480816
1428.0,1.0,1.0
1.0,875.3013586389644,138.6986413610358

250.0,902.9755774914469,1004.0244225085532
269.5098933445004,18.588382097590625,14.08624449310075
189.20325874297467,9.997483328385496,16.091246705502112

Iteration: ,10000
Error:,0.06777155618929148
Absolute Error:,1
Transition Probabilities
0.8892882818116463,0.05139873219133267,0.05931298599702102
0.9989406779661016,0.0005296610169491525,0.0005296610169491525
0.0007423904974016331,0.8670043821144703,0.1322532273881281

0.11868512110726645,0.41262338822923594,0.46869149066349763
0.8884674829405181,0.06341134353798322,0.04812117352149875
0.8707780646417848,0.04858456418590184,0.08063737117231344

Transition Gammas
2474.0,142.99127295628747,165.00872704371247
1886.0,1.0,1.0
1.0,1167.8549027081917,178.14509729180855

343.0,1192.4815919824916,1354.518408017508
347.5177108046801,24.802894161568766,18.8222533570715
274.8725092833133,15.336354477083379,25.454243114474647

Iteration: ,12500
Error:,0.06816835505820296
Absolute Error:,1
Transition Probabilities
0.8875249785897802,0.05369983578548583,0.05877518562473397
0.9991503823279524,0.0004248088360237893,0.0004248088360237893
0.0005955926146515777,0.8610240444530248,0.1383803629323236

0.11902113459399336,0.41479686812281225,0.4661819972831944
0.8842982152952679,0.06893204581251716,0.04676973889221499
0.8698713105763237,0.042326444117551716,0.08780224530612449

Transition Gammas
3109.0,188.11052475655686,205.8894752434431
2352.0,1.0,1.0
1.0,1445.65937063663,232.3406293633715

428.0,1491.6095377696324,1676.3904622303667
415.62813249469775,32.39868290419332,21.98219887455649
359.6719075802963,17.501017347915965,36.304221871812196

Iteration: ,15000
Error:,0.06732760236929274
Absolute Error:,1
Transition Probabilities
0.8874234573716439,0.054271003809262135,0.058305538819093956
0.9992915338292596,0.00035423308537017357,0.00035423308537017357
0.0004918839153959662,0.8606238148946277,0.13888430118997633

0.12048473549289213,0.4089993883396114,0.47051587616749646
0.8873160493951576,0.06679078808748318,0.04589316251735931
0.8796614591108748,0.04021336987268294,0.08012517101644225

Transition Gammas
3768.0,230.43468217412703,247.56531782587294
2821.0,1.0,1.0
1.0,1749.6482156807792,282.3517843192221

517.0,1755.016375365272,2018.9836246347268
481.61863061630635,36.25279619184707,24.909954126637047
435.13614321516957,19.89207380958908,39.634972669816655

Iteration: ,17500
Error:,0.06654702116329608
Absolute Error:,1
Transition Probabilities
0.8870607353239894,0.05505019462917283,0.057889070046837736
0.9993941229930324,0.0003029385034837928,0.0003029385034837928
0.00042211903756859433,0.861706551897303,0.1378713290651283

0.12233936741595391,0.40720099599019904,0.47045963659384704
0.8870949718472516,0.06921446294876546,0.043690565203982956
0.8774443185250924,0.04137604409672328,0.08117963737818434

Transition Gammas
4367.0,271.01210815941783,284.98789184058217
3299.0,1.0,1.0
1.0,2041.382821444711,326.61717855528894

615.0,2046.9994068427295,2365.0005931572678
549.0083450879508,42.83568159621594,27.039365186173224
520.102866875787,24.525543901016615,48.1190216187183

Iteration: ,20000
Error:,0.06509169662734733
Absolute Error:,1
Transition Probabilities
0.8882661996497373,0.0556397083283286,0.05609409202193409
0.999465811965812,0.0002670940170940171,0.0002670940170940171
0.000369549150036955,0.855611298155421,0.1440191526945419

0.12063213345039513,0.4056786453701355,0.4736892211794693
0.8837737611608383,0.07052314218285419,0.04570309665630759
0.8809729063310173,0.042675349282191515,0.07635174438679121

Transition Gammas
5072.0,317.7027345547563,320.2972654452437
3742.0,1.0,1.0
1.0,2315.2841728085687,389.71582719143026

687.0,2310.339885382921,2697.660114617077
608.5996784232057,48.564874337865724,31.47286234368237
607.4017848328281,29.423246885447202,52.64201144253059

Iteration: ,22003
Error:,0.06632992270103939
Absolute Error:,1
Transition Probabilities
0.8871533312081606,0.05555345531511437,0.05729321347672497
0.9995143273433705,0.00024283632831471587,0.00024283632831471587
0.000334448160535117,0.8539520557713941,0.14571349606807074

0.11900191938579657,0.40579959342381366,0.47519848719038965
0.8857963396093109,0.06835983668581617,0.04584382370487284
0.8795038272037051,0.04304040788244928,0.07745576491384559


Model Num 2
Model States: 
"['diamond', 'x', 'square']","['diamond', 'x', 'diamond']","['square', 'y', 'diamond', 'x', 'diamond']","['square', 'y', 'diamond', 'x', 'square']"
Iteration: ,0
Error:,0.5054560168705249
Absolute Error:,0.6
Transition Probabilities
0.25,0.25,0.25,0.25
0.25,0.25,0.25,0.25
0.25,0.25,0.25,0.25
0.25,0.25,0.25,0.25

0.25,0.25,0.25,0.25
0.25,0.25,0.25,0.25
0.25,0.25,0.25,0.25
0.25,0.25,0.25,0.25

Transition Gammas
1.0,1.0,1.0,1.0
1.0,1.0,1.0,1.0
1.0,1.0,1.0,1.0
1.0,1.0,1.0,1.0

1.0,1.0,1.0,1.0
1.0,1.0,1.0,1.0
1.0,1.0,1.0,1.0
1.0,1.0,1.0,1.0

Iteration: ,2500
Error:,0.04500126987109124
Absolute Error:,0.13639940469775802
Transition Probabilities
0.0016129032258064516,0.0016129032258064516,0.15597296212279987,0.8408012314255873
0.8012075442341707,0.19307817005154354,0.0028571428571428576,0.0028571428571428576
0.08171248315394936,0.06194794461161328,0.6696701230616023,0.18666944917283507
0.06114902476037632,0.035511270712484264,0.856267640574191,0.047072063952948426

0.03578762204041908,0.0598707153753524,0.22119518527063706,0.6831464773135913
0.08588555278939444,0.09715921395231075,0.5082485596440894,0.3087066736142054
0.00363483007643149,0.9228371849382929,0.051490863191523614,0.02203712179375209
0.8739051652944666,0.002747825996960612,0.06897063011090838,0.054376378597664365

Transition Gammas
1.0,1.0,96.70323651613592,521.2967634838641
280.4226404819597,67.57735951804023,1.0,1.0
13.109391802892485,9.93850444818198,107.43729333700298,29.947969421347153
9.539317880850207,5.539798893061343,133.57873239240408,7.343295876173218

4.854052062127781,8.12056104483749,30.00179626304948,92.65853325471569
3.5191646173824123,3.9811034206428424,20.825508945852885,12.649270659023866
1.201056217490464,304.93291719146606,17.014116225439995,7.281722003347527
449.64386438515356,1.4138182825765018,35.486940555727415,27.97786988212321

Iteration: ,5000
Error:,0.036716176337134865
Absolute Error:,0.11892891655469282
Transition Probabilities
0.0008285004142502077,0.0008285004142502077,0.14918550053150342,0.8491574986399961
0.8241330109975212,0.17293013144007055,0.0014684287812041113,0.0014684287812041113
0.07155197104993552,0.05365945861832224,0.7144561021828127,0.16033246814892954
0.06273267136528798,0.04734547480506367,0.8447529072207801,0.045168946608868256

0.0356683189047117,0.060798501294706306,0.18818692912104984,0.7153462506795322
0.06231789120751273,0.07441384285687949,0.5509615174487218,0.31230674848688605
0.0018834662437705208,0.9242127229212375,0.05443429194189781,0.01946951889309415
0.8890487730507216,0.0014108808864446306,0.06531943040260198,0.04422091566023176

Transition Gammas
1.0,1.0,180.0668991415245,1024.9331008584745
561.2345804893121,117.76541951068806,1.0,1.0
24.48281120712941,18.36056191816592,244.46417909739924,54.860676658702175
19.440878733620607,14.6723806628812,261.7892474803788,13.997873746442846

11.213595700004701,19.11415602474578,59.163207125809755,224.89435686790532
5.228126108048109,6.242909493595631,46.222621434857025,26.200807406125186
1.2338053486452734,605.4255575844381,35.65836168806574,12.75392995510278
924.1795845898699,1.466631922865042,67.9005313150346,45.96830759331701

Iteration: ,7500
Error:,0.03062133357089164
Absolute Error:,0.10473354922717576
Transition Probabilities
0.0005509641873278243,0.0005509641873278243,0.1367235915726566,0.8621744800526877
0.8335602657276115,0.16447316593413872,0.000983284169124877,0.000983284169124877
0.06561038621623719,0.05125979531311914,0.7377285933320596,0.14540122513858403
0.05551619429470598,0.044940187993935524,0.8539851948182803,0.0455584228930782

0.041563218875708435,0.06423879634211212,0.1715962340364432,0.7226017507457363
0.055809800099174835,0.05631890953719441,0.6214068600515201,0.2664644303121107
0.0012605536409816688,0.9251466615092597,0.05516500414492424,0.018427780704834293
0.8866643456701216,0.000951071467405309,0.07132017882565558,0.041064404036817555

Transition Gammas
1.0,1.0,248.15331870437146,1564.8466812956267
847.7307902449811,167.26920975501912,1.0,1.0
35.06008805452997,27.391592108786842,394.218521398759,77.69775565402325
26.010577120526523,21.05548192698591,400.11113967383284,21.34513878706151

19.50880263758593,30.152188242734635,80.54325804699639,339.1723577288105
7.100513132729915,7.165285596423225,79.05972719349548,33.90146862153895
1.2448165496096941,913.5968812608679,54.47630936626496,18.197723324246468
1388.769507365333,1.489649448190509,111.70776190177736,64.31858058007379

Iteration: ,10000
Error:,0.0364697023908968
Absolute Error:,0.10473016176904909
Transition Probabilities
0.000418235048097031,0.000418235048097031,0.1373658908942951,0.8617976390095109
0.8182083953735169,0.18036710320198168,0.0007122507122507123,0.0007122507122507123
0.06278065875997875,0.054035100309670146,0.759951790229787,0.1232324507005642
0.05585652135162228,0.04264324354913372,0.8507969519353402,0.050703283163903975

0.046377280088597365,0.06412515299826003,0.16994181894870497,0.7195557479644376
0.06607029668543278,0.07392392951208976,0.6168528668329174,0.24315290696956013
0.0009381941912558912,0.9283152216791651,0.05469965539759128,0.016046928731987813
0.8865742894319022,0.0007371836016735307,0.07410242320281939,0.038586103763604884

Transition Gammas
1.0,1.0,328.4418451282592,2060.558154871738
1148.7645871044176,253.2354128955823,1.0,1.0
45.43929854260539,39.109450318733195,550.0368577886264,89.19301307315133
35.07225203008228,26.775648553558923,534.2145268385104,31.836539097782897

29.252894372183974,40.447527834204436,107.19235948348671,453.866381337805
11.842527950276432,13.250223555212319,110.56552918866494,43.58305080250782
1.2532254757846806,1240.0292990619469,73.06696449392875,21.435242386342164
1813.399771164922,1.5078359371755659,151.56915656201238,78.92404795530852

Iteration: ,12500
Error:,0.04028190182391662
Absolute Error:,0.10606382911332088
Transition Probabilities
0.000333222259246918,0.000333222259246918,0.1355997736108255,0.8637337818706806
0.8136060114328797,0.18524324058092928,0.0005753739930955119,0.0005753739930955119
0.06698081485037377,0.05239861186763645,0.7585531168881818,0.122067456393808
0.061439566574024704,0.044925893036354206,0.8434592822782351,0.050175258111386

0.05094570113486798,0.060166040244855584,0.16070930516907672,0.7281789534511997
0.06456649990021726,0.07848644491576807,0.6093236807412159,0.24762337444279892
0.0007638188600778634,0.9300565646241691,0.05520592535273655,0.013973691163016519
0.882905209341427,0.0005892851524881622,0.08020706392098564,0.036298441585099275

Transition Gammas
1.0,1.0,406.934920606087,2592.0650793939103
1414.0472478703455,321.9527521296552,1.0,1.0
62.11836952581967,48.59475570586729,703.4862583425173,113.20601847388741
47.80003801552224,34.95238516098053,656.2120797006085,39.03639590740331

39.842442776049566,47.053273625014484,125.68383891364849,569.4774561409766
14.707054865500524,17.87776096517819,138.79266829329293,56.40402622937238
1.2615827930604395,1536.1539493580274,91.18241135456087,23.080038014517303
2279.6088669836327,1.5214993009225024,207.0898802889448,93.72042255453614

Iteration: ,15000
Error:,0.036520858980154614
Absolute Error:,0.10080032050419346
Transition Probabilities
0.0002799552071668536,0.0002799552071668536,0.1372549405873481,0.8621851489983182
0.8120006544099286,0.18704514711678882,0.00047709923664122125,0.00047709923664122125
0.06507994088806422,0.049431433091607975,0.7675643314674664,0.11792429455286141
0.06235105465082981,0.044947199697428226,0.8445094213896382,0.04819232426210377

0.052337900260233,0.058281939732688186,0.15701639560687553,0.7323637644002033
0.057586015523924804,0.06992235097216798,0.6431443081845721,0.22934732531933502
0.0006272120019935015,0.9258461247811013,0.05929125336780097,0.014235409849104218
0.8813628118140271,0.0005014669076285437,0.08356991986118317,0.03456580141716113

Transition Gammas
1.0,1.0,490.27464777800697,3079.7253522219894
1701.9533716432109,392.0466283567895,1.0,1.0
74.2908254845625,56.42755539032739,876.1991332368059,134.61433841934388
58.34567133800661,42.059826506479084,790.258792223881,45.096486790122434

48.640731174899756,54.16488144908193,145.92469798733464,680.6293108685236
16.63533836194046,20.199035423819396,185.7903014276352,66.25341802834183
1.267329409578567,1870.7422991749356,119.80247330242727,28.76372502731714
2693.278388334238,1.5323882136585327,255.37390057755405,105.62656454801356

Iteration: ,17500
Error:,0.03718195329692861
Absolute Error:,0.0986045385790782
Transition Probabilities
0.00023798191337458358,0.00023798191337458358,0.13557555832438,0.8639484778488707
0.8188393914304162,0.18033176480663315,0.0004144218814753419,0.0004144218814753419
0.06718879506643471,0.048769475718828954,0.7673873350410509,0.11665439417368537
0.06534061158978886,0.04569971629774062,0.8395566847031118,0.049402987409358695

0.056072826506933224,0.05652753438958425,0.15082193350436243,0.7365777055991201
0.05923295788593914,0.06743973414569644,0.6566908023138518,0.21663650565451256
0.0005413210980193831,0.9267675620750466,0.058373765943013564,0.01431735088392038
0.8820270456569266,0.0004284214634828638,0.08589684106081781,0.031647691818772854

Transition Gammas
1.0,1.0,569.6884960790446,3630.3115039209542
1975.8594515215943,435.14054847840583,1.0,1.0
89.06585782698008,64.64910088616163,1017.2531180743821,154.63774392877028
71.38514687661312,49.92730984237649,917.2224714551019,53.97316349747278

60.74676014296992,61.23937006480263,163.39365053687135,797.9749193338117
20.1227841923668,22.91081290955733,223.0928146711837,73.5963525554248
1.2723520327653448,2178.327421232242,137.20503418306137,33.652319423024814
3172.1041516698187,1.5407662493685572,308.917654493697,113.817116043564

Iteration: ,20000
Error:,0.03629390830202153
Absolute Error:,0.09726333429968147
Transition Probabilities
0.00020920502092050208,0.00020920502092050208,0.13598688885332696,0.863594701104832
0.8172398287384862,0.18204074680108198,0.00035971223021582713,0.00035971223021582713
0.06654658866596841,0.05060089251258957,0.7664777032241502,0.11637481559729176
0.06429333002166189,0.04444401323149314,0.8417539704351364,0.049508686311708454

0.055036322137612156,0.05634818374839742,0.15155642420806775,0.7370590699059227
0.060303571843826925,0.06385013329613357,0.6686244367173674,0.207221858142672
0.0004728783954783087,0.9249206128164231,0.06015935936970259,0.014447149418396041
0.8840257525629424,0.000378535306739657,0.08524649271492118,0.03034921941539689

Transition Gammas
1.0,1.0,650.017328718903,4127.982671281097
2271.9267238929933,506.07327610700827,1.0,1.0
100.93059746342637,76.74590712852074,1162.50966547847,176.5046098288951
80.6739377045163,55.76742647438153,1056.215432464516,62.12247326429533

69.18718540632506,70.83635106579436,190.52440304758667,926.5706817669827
23.032585879493844,24.387173654803494,255.37707450736062,79.14714000921929
1.2758934427300237,2495.567901224706,162.31854293322954,38.980472327198804
3619.8757293673452,1.550012276908128,349.064163682791,124.2728534191852

Iteration: ,22500
Error:,0.033612868936964274
Absolute Error:,0.0936056768434671
Transition Probabilities
0.00018577001671930149,0.00018577001671930149,0.13643414899644568,0.8631943109701158
0.8192878247501924,0.18007032672605927,0.00032092426187419767,0.00032092426187419767
0.06185598307063373,0.053449834898610375,0.7706008509265901,0.11409333110416567
0.06325610192121611,0.044056603894399436,0.8445106497650223,0.04817664441936215

0.055235410300358605,0.05277244501542066,0.14680936623149177,0.745182778452729
0.055090633784028835,0.0629016563736517,0.6833762902336024,0.19863141960871702
0.0004218731361379331,0.9230120065796502,0.06110964508648583,0.015456475197726015
0.8860782327656614,0.0003378092628378968,0.08485056131502422,0.028733396656476493

Transition Gammas
1.0,1.0,734.4250240478672,4646.574975952134
2552.9008619215997,561.0991380784008,1.0,1.0
107.88003779079786,93.21928005233653,1343.967790870805,198.98467795977592
89.45618684541516,62.304436568987875,1194.2990507447696,68.13095928881627

78.0001084261756,74.52205769331412,207.31531497214453,1052.302086660779
23.437112557779944,26.76014231891922,290.7275871305422,84.50341953101177
1.2786612674704574,2797.5701724646156,185.21808939123366,46.84724973928714
4085.2242992988968,1.5574545881419881,391.19974069486153,132.47404786827127

Iteration: ,25000
Error:,0.031224184202428347
Absolute Error:,0.09195977919948488
Transition Probabilities
0.00016742005692281913,0.00016742005692281913,0.13544480564215688,0.8642203542439976
0.8218383912030186,0.1775832397975598,0.00028918449971081537,0.00028918449971081537
0.059695569364512244,0.052314918502662296,0.7758338705962501,0.11215564153657542
0.06261515754258988,0.04501282872397519,0.8424847161971887,0.04988729753624637

0.05212753845413452,0.05498716905800869,0.14320839202750452,0.7496769004603523
0.053165616758857254,0.059323315979675904,0.685105864227868,0.2024052030335988
0.0003804007665994097,0.9235283435181494,0.06094283393305322,0.01514842178219788
0.8854017081433806,0.00030514256744840304,0.08655842605946211,0.027734723229708786

Transition Gammas
1.0,1.0,809.0118241006043,5161.988175899404
2841.91715678004,614.0828432199621,1.0,1.0
116.60772892280086,102.1905628896368,1515.4931368390019,219.0818311088014
98.75865373599484,70.99569082142787,1328.79417109496,78.68386085039502

81.90169270921997,86.39468420519204,225.0060153432756,1177.8765879522227
25.258483764335363,28.183948665836706,325.48734320038955,96.1608055414769
1.2818400451615357,3112.0221553336373,205.35964135761586,51.04577952090976
4537.650064438081,1.5638440474081656,443.6086399810427,142.13940123783948

Iteration: ,27500
Error:,0.031463013707781914
Absolute Error:,0.0915812642764899
Transition Probabilities
0.0001524855138761816,0.0001524855138761816,0.1360709493471516,0.8636240796250961
0.8199193110578433,0.17955699163919786,0.00026184865147944474,0.00026184865147944474
0.0608328759129236,0.0514609484683624,0.7760156218482817,0.11169055377043233
0.06322074311309372,0.04428475017871118,0.8435705316338477,0.048923975074347426

0.051228281985914746,0.05435379406805644,0.1408572733068252,0.7535606506392035
0.052415294045359696,0.06002221902727581,0.6872376827393306,0.20032480418803378
0.00034566092414093237,0.9241656732317269,0.06034321096673793,0.015145454877394226
0.8847641382123632,0.00027933280725700135,0.08771828330336784,0.02723824567701201

Transition Gammas
1.0,1.0,892.3532858186212,5663.646714181386
3131.271848929905,685.7281510700969,1.0,1.0
131.46696659801717,111.21313421177919,1677.0606075422106,241.37636239440087
110.31163109723684,77.27088902147874,1471.9162842427916,85.36570790630375

88.52181579654177,93.92266068299112,243.39956597994575,1302.1431623599394
27.503199763395,31.494683187712837,360.60534654170857,105.11384525246673
1.2845971315392435,3434.5235170883093,224.25651932856016,56.285818073625165
4970.508281961234,1.569261198469996,492.79173376053006,153.02148886507746

Iteration: ,30000
Error:,0.03201450058140355
Absolute Error:,0.09088356838832655
Transition Probabilities
0.0001397038278848839,0.0001397038278848839,0.1356068269426195,0.8641137654016107
0.8161969030703048,0.1833242843848066,0.00023940627244433798,0.00023940627244433798
0.06120017688600734,0.05004696662764969,0.7786824771748477,0.11007037931149528
0.06327765662337738,0.045314731524438885,0.8425286018498608,0.04887901000232291

0.05168938120382541,0.05281050505886582,0.1385177450432617,0.756982368694047
0.05436622901528086,0.057687299808504275,0.6923649930259109,0.19558147815030397
0.00031760617344917436,0.9246096074874421,0.060260363767961615,0.014812422571147135
0.8845093189106107,0.00025659446304062897,0.08939656248298948,0.025837524143359106

Transition Gammas
1.0,1.0,970.6736672552713,6185.326332744736
3409.2544641246636,765.7455358753374,1.0,1.0
144.87954626526246,118.47648464271711,1843.3797044072976,260.5702699454263
120.02153539849832,85.95045935573715,1598.061334872693,92.71098429188689

97.30869121396152,99.41928129033606,260.76884973564853,1425.0695569211173
31.069554562387175,32.967500991347755,395.6771017143578,111.77213348888388
1.286889728205234,3746.371153789535,244.16541501297525,60.01758167869821
5427.2281058347935,1.5744285015909774,548.525070454039,158.53551140504712

Iteration: ,32500
Error:,0.03215407038663037
Absolute Error:,0.08927125601992301
Transition Probabilities
0.00012850167052171662,0.00012850167052171662,0.13531681651785854,0.864426180141098
0.8191872948503898,0.180368852508687,0.00022192632046160666,0.00022192632046160666
0.061876845634554534,0.050067908663343465,0.777922865799459,0.11013237990264291
0.065575351931055,0.04689647221222154,0.8398802144261065,0.047647961430617024

0.05119295248897496,0.052249896756908554,0.13465270345614447,0.761904447297972
0.054357287780025805,0.05661423694195572,0.7023916072290994,0.18663686804891913
0.0002939539853701261,0.925466213877923,0.06014527401113437,0.014094558125572471
0.8843889506842367,0.0002367959435087126,0.09070132881392198,0.024672924558332643

Transition Gammas
1.0,1.0,1053.0354661419765,6726.964533858032
3691.257950595858,812.7420494041439,1.0,1.0
158.53734423569796,128.2811557299112,1993.1498430359084,282.1749370878004
134.571502444427,96.23934205610053,1723.5735531774264,97.78152261956276

104.40902754459388,106.56468604480533,274.6268214777101,1553.9190172986127
33.86588687564986,35.27202003871945,437.6067255064079,116.27922065848307
1.2890133160793973,4058.248340358994,263.74216019550965,61.805840411525736
5898.192512084195,1.5792463935855625,604.9079401460872,164.54938606886157

Iteration: ,35000
Error:,0.030846268750547523
Absolute Error:,0.08698554510229747
Transition Probabilities
0.00011966016513102786,0.00011966016513102786,0.134776247510368,0.8649844321593699
0.8198734531790158,0.17971375012335764,0.0002063983488132094,0.0002063983488132094
0.0619392476560567,0.05185763477509282,0.779099629699073,0.10710348786977751
0.06359829426551748,0.045995691065117035,0.842245947662456,0.04816006700690939

0.04972884604284056,0.05261346063321155,0.13193637686591608,0.7657213164580319
0.051219394216100014,0.054757285204957276,0.7147696003392997,0.17925372023964292
0.0002730431422332179,0.9259726119053475,0.06007684702556374,0.013677497926855483
0.8836965655527866,0.00022064403714446175,0.09238500481531392,0.02369778559475495

Transition Gammas
1.0,1.0,1126.3251004441456,7228.674899555856
3972.2868806523334,870.7131193476681,1.0,1.0
172.4394888393881,144.37217711607553,2169.0212100457697,298.17718813338007
139.86964022117337,101.15681301362038,1852.3238561314954,105.91685395147928

109.54386590987153,115.89816244064238,290.632538780074,1686.748836724417
35.10596419755646,37.53084790207009,489.9057550962933,122.86116970578382
1.291481638195526,4379.808318812339,284.16075269133006,64.6939428125371
6346.314588950243,1.5845670634906783,663.4678991797473,170.18692649521748

Iteration: ,37500
Error:,0.03198633422080228
Absolute Error:,0.0862495621180335
Transition Probabilities
0.00011175681716584709,0.00011175681716584709,0.13432465942772803,0.8654518269379402
0.8192005988652623,0.18041448966437587,0.00019245573518090838,0.00019245573518090838
0.06298196387081827,0.05133134770653966,0.7768641959890393,0.1088224924336029
0.06272187619707707,0.04635487257415621,0.8425494285856797,0.048373822643087046

0.05037443081489799,0.053852773742788095,0.12939006917449883,0.766382726267815
0.05118136554311442,0.05257874186047037,0.7221759567170662,0.174063935879349
0.0002557449676735177,0.9265387725061199,0.05925619081386174,0.013949291712344642
0.8823434598485371,0.0002065080848486173,0.09436810052254851,0.02308193154406576

Transition Gammas
1.0,1.0,1201.9370525593106,7744.062947440691
4256.566311703903,937.433688296097,1.0,1.0
189.6470933169971,154.56553416715292,2339.241706936204,327.67903871454126
147.9946435496586,109.37607832148669,1988.0273027023554,114.13986751135633

118.95151516736199,127.16509008723663,305.534862169888,1809.6956136860094
37.448401253762846,38.47083409586373,528.4019821663222,127.35916764721902
1.2930962102350925,4684.759924164097,299.6108055279107,70.53032719581621
6789.3472052046345,1.5890128419604288,726.1319754704328,177.60798889621574

Iteration: ,40000
Error:,0.03033994212610287
Absolute Error:,0.08582042074152392
Transition Probabilities
0.00010493179433368314,0.00010493179433368314,0.13245838566714205,0.8673317507441907
0.8187699159189887,0.18086809313078497,0.00018099547511312222,0.00018099547511312222
0.06336376323162891,0.0510158499871654,0.778089953075909,0.1075304337052967
0.062276358879093954,0.04525189432124203,0.8429238245433106,0.049547922256353356

0.05136031402013414,0.05397106620985198,0.12846489748009673,0.7662037222899172
0.04971510197221997,0.05266699653713393,0.7252949047745001,0.17232299671614587
0.00024013801440737423,0.925068458161621,0.06027022751141964,0.014421176312552193
0.8823956295380417,0.00019413530337433104,0.09519814441244391,0.022212090746140202

Transition Gammas
1.0,1.0,1262.3284154078633,8265.671584592134
4523.7037854524115,999.2962145475867,1.0,1.0
205.1122877917645,165.1413547875533,2518.7236717582123,348.08243923120716
157.3155788947253,114.31027888207025,2129.2999752864807,125.1624246035637

129.30167215883395,135.87434660919885,323.41558603746046,1928.948924797683
39.041640186676645,41.359784993797334,569.5794955275134,135.32653392606946
1.2947685005759477,4987.7546604185,324.9630938146696,77.75563930111012
7242.482715672095,1.5934140334834181,781.3625684344538,182.31128750272788

Iteration: ,42500
Error:,0.033095481054532486
Absolute Error:,0.08636271754393239
Transition Probabilities
9.877518767285668e-05,9.877518767285668e-05,0.13191104252351762,0.8678914071011368
0.8167321363498834,0.1829275539683062,0.00017015484090522381,0.00017015484090522381
0.06610906491580086,0.0512260080083708,0.7761901977767801,0.10647472929904814
0.06290949971649051,0.04485630110016745,0.8425343113349917,0.04969988784835022

0.05239216627335144,0.054034540018983925,0.1281170588110315,0.7654562348966332
0.05204129258630435,0.05145286138546023,0.7264638788084699,0.1700419672197656
0.00022673022839225367,0.9267945459241682,0.058544002281880635,0.01443472156555889
0.8819750030785959,0.00018357035000586273,0.09605899723924644,0.02178242933215179

Transition Gammas
1.0,1.0,1335.467394508091,8786.532605491899
4799.934765328263,1075.0652346717352,1.0,1.0
228.77524464879838,177.27133985970653,2686.062835959732,368.4635726632745
169.73897556126263,121.02882125152448,2273.280053500852,134.09752242358516

139.50674639922104,143.87996159382217,341.14248950335184,2038.2113670253518
43.69099224971504,43.19697794380718,609.8989114477096,142.7578352248737
1.2972986726009863,5302.907083572343,334.97543308445626,82.59218569641844
7671.434648128194,1.5966982493703408,835.5229083742377,189.46396725053447

Iteration: ,45000
Error:,0.03151848437566725
Absolute Error:,0.08503961646354335
Transition Probabilities
9.327488107452668e-05,9.327488107452668e-05,0.1314074241691291,0.8684060260687219
0.8168709968079353,0.18280714931372544,0.00016092693916961695,0.00016092693916961695
0.06532745051819422,0.049932272724661955,0.7784225385636279,0.1063177381935159
0.06218732886691617,0.04338609013679084,0.8441169351966546,0.05030964579963837

0.05200337626824043,0.05374357701548374,0.1256386018269952,0.7686144448892805
0.049142860590075936,0.04944562672110924,0.7335197552018402,0.16789175748697455
0.00021395356531932173,0.9255175047484098,0.06017570838946114,0.014092833296809616
0.8816755207989972,0.00017356191618509472,0.09690812224394348,0.021242795040874108

Transition Gammas
1.0,1.0,1408.8189945172323,9310.181005482762
5076.0363741645115,1135.9636258354901,1.0,1.0
240.79718025090668,184.0505083275705,2869.267832175238,391.88750463364045
177.76464217756342,124.02064744017676,2412.937614065685,143.8118720743209

146.23474470003873,151.128231051527,353.2987698312404,2161.362303504703
43.69099224971504,43.96016975638879,652.14367976797,149.26598466341144
1.2988878453829997,5618.711872423044,365.31990526882925,85.5559936517765
8125.601868144084,1.5995624207806367,893.1140771948922,195.77553305813052

Iteration: ,47500
Error:,0.03139465395385741
Absolute Error:,0.08474987635531218
Transition Probabilities
8.831581736288982e-05,8.831581736288982e-05,0.12963965261498772,0.8701837157502865
0.8175493503760791,0.18214502615203815,0.00015281173594132024,0.00015281173594132024
0.06395771986991428,0.049757139653330104,0.778679565365852,0.10760557511090356
0.06162586534078854,0.04375427599824512,0.844788902147341,0.04983095651362529

0.05264366598032262,0.05581087086953096,0.12374893479292425,0.7677965283572222
0.0508117015603816,0.050151402710833015,0.7341881038014253,0.16484879192736
0.00020289480574895504,0.9242432087585655,0.06146030292491253,0.01409359351077306
0.8818298225514504,0.00016449369810477932,0.09729275392729789,0.02071292982314705

Transition Gammas
1.0,1.0,1467.9097865595038,9853.09021344048
5350.042948861063,1191.957051138938,1.0,1.0
248.28212889350937,193.1558627466281,3022.812892769334,417.7219157231561
186.21234447854087,132.21049748410917,2552.6639048131888,150.57215324599693

156.10667180275766,165.49852939786783,366.958379321088,2276.7821813237456
48.22995175673813,47.60320278591467,696.8839015287615,156.4728012968638
1.3005636050724336,5924.434955885728,393.96293486078935,90.3404831737092
8593.269064557147,1.6029607653192404,948.0999521086619,201.84368291219562

Iteration: ,50000
Error:,0.031044789053786114
Absolute Error:,0.08456935215921893
Transition Probabilities
8.375209380234516e-05,8.375209380234516e-05,0.1294443277268243,0.870388168085571
0.8186863379119037,0.18102228679672108,0.00014568764568764571,0.00014568764568764571
0.06352665991392856,0.04968992743894442,0.7804557110400477,0.1063277016070794
0.061897111591523335,0.0426014826169312,0.844643851416325,0.05085755437522038

0.05360446806565579,0.056798645821866965,0.12160095775039627,0.767995928362081
0.05384864717718018,0.05034034139441494,0.7341362656189692,0.1616747458094357
0.0001933411057052896,0.923797413112252,0.06179112648733474,0.014218119294707956
0.8824399369315399,0.00015632704811816104,0.09719472462680705,0.020209011393534926

Transition Gammas
1.0,1.0,1545.5652730582801,10392.434726941705
5619.463023427305,1242.5369765726932,1.0,1.0
261.24734233486845,204.34509703209582,3209.5498267268117,437.26255243169135
196.74544266883748,135.41257968755946,2684.7751724035957,161.6552338441832

167.24369869997187,177.2093997232453,379.3899029970065,2396.115179959891
53.561562337507794,50.071960486149656,730.2223438556343,160.81280459247148
1.3017237641835622,6219.727778802177,416.0262633795177,95.72751588650821
9067.211095787698,1.606285352629834,998.6912975093342,207.65081528327937

Iteration: ,50256
Error:,0.030585302350542447
Absolute Error:,0.08440930511915196
Transition Probabilities
8.334027835652981e-05,8.334027835652981e-05,0.12910825719587052,0.8707250622474164
0.8189996776751882,0.1807102149850961,0.00014505366985784744,0.00014505366985784744
0.06354997777143552,0.04950784552424132,0.7803427737298294,0.10659940297449375
0.06156818819237129,0.04237509685980975,0.8452148094966725,0.050841905451146356

0.05400129425280246,0.05710857569007555,0.12145930808149119,0.7674308219756307
0.053515066506002566,0.050028493915416895,0.7354843223490374,0.16097211722954313
0.00019234457780029912,0.9234518874672185,0.06193007714916416,0.014425690805817026
0.8821270371502351,0.00015555539735335024,0.09757757469343623,0.020139832758975573

*,*,*,*,*,*,*,*,*,*,*
Model Num 2
Model States: 
"['diamond', 'x', 'square']","['diamond', 'x', 'diamond']","['square', 'y', 'diamond', 'x', 'diamond']","['square', 'y', 'diamond', 'x', 'square']"
Iteration: ,50256
Error:,0.031877352057608124
Absolute Error:,0.08440930511915196
Transition Probabilities
8.334027835652981e-05,8.334027835652981e-05,0.12910825719587052,0.8707250622474164
0.8189996776751882,0.1807102149850961,0.00014505366985784744,0.00014505366985784744
0.06354997777143552,0.04950784552424132,0.7803427737298294,0.10659940297449375
0.06156818819237129,0.04237509685980975,0.8452148094966725,0.050841905451146356

0.05400129425280246,0.05710857569007555,0.12145930808149119,0.7674308219756307
0.053515066506002566,0.050028493915416895,0.7354843223490374,0.16097211722954313
0.00019234457780029912,0.9234518874672185,0.06193007714916416,0.014425690805817026
0.8821270371502351,0.00015555539735335024,0.09757757469343623,0.020139832758975573

Transition Gammas
1.0,1.0,1549.1699780932483,10447.830021906737
5646.183777892747,1245.8162221072523,1.0,1.0
263.06298150508053,204.93605046316426,3230.20249340799,441.2646196980476
196.74544266883748,135.41257968755946,2700.942917551774,162.46885750249183

169.20972898681498,178.94620395768024,380.5852598121501,2404.6972058616184
53.561562337507794,50.071960486149656,736.1233378143894,161.11197564565677
1.301911732240316,6250.515924089471,419.18256777040966,97.64234750232318
9110.77090580746,1.6066048638829484,1007.7992070713577,208.00791112930435

