0,1,2,3,4,5,6,7,8,9,10,11,12,13,14,15,16,17,18,19,20,21,22,23,24,25,26,27,28,29
github Code Version (SHA):,528ca1c557fe8e6666681dc5c9134b0f84d30530
Environment Observations,Environment Actions,alpha,epsilon,numActions,explore,patience,gainThresh,insertRandActions,useUpdatedPosterior,revisedSplitting,haveControl,confidence_factor
"['diamond', 'square']","['x', 'y']",0.85,0.99,75000,0.5,0,0.01,False,True,False,False,250

Model Num 0
Model States: 
['diamond'],['square']
Iteration: ,0
Error:,0.5059565623463816
Absolute Error:,1
Transition Probabilities
0.5,0.5
0.5,0.5

0.5,0.5
0.5,0.5

Transition Gammas
1.0,1.0
1.0,1.0

1.0,1.0
1.0,1.0

Iteration: ,2453
Error:,0.08180994365947068
Absolute Error:,1
Transition Probabilities
0.478,0.522
0.11205673758865248,0.8879432624113475

0.12075471698113208,0.879245283018868
0.893646408839779,0.106353591160221


Model Num 1
Model States: 
['square'],"['diamond', 'x', 'square']","['diamond', 'x', 'diamond']"
Iteration: ,0
Error:,0.5668414569059156
Absolute Error:,1
Transition Probabilities
0.3333333333333333,0.3333333333333333,0.3333333333333333
0.3333333333333333,0.3333333333333333,0.3333333333333333
0.3333333333333333,0.3333333333333333,0.3333333333333333

0.3333333333333333,0.3333333333333333,0.3333333333333333
0.3333333333333333,0.3333333333333333,0.3333333333333333
0.3333333333333333,0.3333333333333333,0.3333333333333333

Transition Gammas
1.0,1.0,1.0
1.0,1.0,1.0
1.0,1.0,1.0

1.0,1.0,1.0
1.0,1.0,1.0
1.0,1.0,1.0

Iteration: ,2500
Error:,0.058319250097856545
Absolute Error:,1
Transition Probabilities
0.9119669876203574,0.04006482722736819,0.047968185152274176
0.9956236323851203,0.002188183807439825,0.002188183807439825
0.0027700831024930735,0.8014324200706815,0.19579749682682535

0.11032531824611033,0.3884293165364457,0.5012453652174439
0.8868356504945838,0.057483228916634016,0.05568112058878224
0.9050604945540699,0.050817793884690494,0.04412171156123962

Transition Gammas
663.0,29.127129394296677,34.87287060570333
455.0,1.0,1.0
1.0,289.31710364551617,70.68289635448399

78.0,274.6195267912671,354.38047320873284
64.74301318766115,4.196535677995627,4.064973620053286
83.47180328683739,4.686816980895764,4.069251558629762

Iteration: ,5000
Error:,0.06368915684116984
Absolute Error:,1
Transition Probabilities
0.8931297709923665,0.05423514071005735,0.05263508829757625
0.9978991596638656,0.0010504201680672268,0.0010504201680672268
0.001457725947521865,0.8143277715363404,0.1842145025161377

0.11946591707659872,0.4086533322481358,0.47188075067526547
0.8899429540293021,0.06032864513547414,0.049728400835223695
0.8914634641818622,0.05699419782215093,0.051542337995986884

Transition Gammas
1287.0,78.15283776319264,75.84716223680738
950.0,1.0,1.0
1.0,558.6288512739299,126.37114872607054

170.0,581.5136917890974,671.4863082109028
125.39482083460518,8.500432093659988,7.006835533549256
160.72477741856517,10.275664822138044,9.292731710143816

Iteration: ,7500
Error:,0.06466419034435877
Absolute Error:,1
Transition Probabilities
0.8930254476908577,0.052557973258311984,0.05441657905083034
0.9985925404644617,0.0007037297677691766,0.0007037297677691766
0.000945179584120983,0.8177887936142607,0.18126602680161824

0.12061711079943899,0.3989302835856997,0.4804526056148613
0.8867877885757548,0.0698144473211935,0.04339776410305173
0.8891786651486132,0.05466150052680916,0.0561598343245775

Transition Gammas
1895.0,111.52801925413803,115.47198074586198
1419.0,1.0,1.0
1.0,865.2205436438878,191.7794563561121

258.0,853.3118765898117,1027.6881234101884
195.72026852823296,15.40853691591728,9.5781901298121
238.02331619940003,14.632280478357876,15.033367901276256

Iteration: ,10000
Error:,0.061638163374365604
Absolute Error:,1
Transition Probabilities
0.8905861456483126,0.053721215645612594,0.055692638706074805
0.9989451476793249,0.0005274261603375527,0.0005274261603375527
0.0007246376811594203,0.8228493115105132,0.17642605080832727

0.11468531468531466,0.40949447503088526,0.47582021028380006
0.8829964018042115,0.06479639592831295,0.052207202267475675
0.8908204121995001,0.05338745369199675,0.05579213410850318

Transition Gammas
2507.0,151.22522204239945,156.77477795760058
1894.0,1.0,1.0
1.0,1135.5320498845083,243.46795011549165

328.0,1171.154198588332,1360.8458014116684
257.74744660743113,18.914126451434825,15.239329459853485
333.5082764430782,19.987370541431876,20.887642706418905

Iteration: ,12500
Error:,0.06302804594084682
Absolute Error:,1
Transition Probabilities
0.8850931677018633,0.057732948423986005,0.05717388387415065
0.9991546914623838,0.00042265426880811494,0.00042265426880811494
0.0005820721769499418,0.8286592610903702,0.17075866673267986

0.11252115059221657,0.4073920698523365,0.48008677955544693
0.8819671791154081,0.06723096104068825,0.05080185984390374
0.8889498389387436,0.06039169182167039,0.050658469239586126

Transition Gammas
3135.0,204.49010331775844,202.5098966822416
2364.0,1.0,1.0
1.0,1423.636610553256,293.363389446744

399.0,1444.6122796963855,1702.387720303615
330.976467477106,25.229811853833407,19.064451048242592
414.6769573889036,28.171491707648865,23.631142017337716

Iteration: ,15000
Error:,0.06520994651340727
Absolute Error:,1
Transition Probabilities
0.885989656793606,0.05811497455591184,0.05589536865048215
0.9992920353982301,0.00035398230088495576,0.00035398230088495576
0.0004911591355599213,0.830883644292779,0.16862519657166108

0.11236218625381186,0.40818108919152035,0.4794567245546679
0.8716747939142924,0.07057855926325718,0.057746646822450516
0.8925785247079897,0.05900933200042679,0.04841214329158365

Transition Gammas
3769.0,247.22110176084897,237.77889823915106
2823.0,1.0,1.0
1.0,1691.6790997800986,343.32090021990206

479.0,1740.0759832234512,2043.9240167765493
395.7305436768309,32.04187137700167,26.216327582381854
506.4706744561395,33.483324268013156,27.470222715449296

Iteration: ,17500
Error:,0.06888889483117298
Absolute Error:,1
Transition Probabilities
0.8849486197864195,0.05899263598944928,0.056058744224131214
0.9993913572732805,0.00030432136335970786,0.00030432136335970786
0.0004268032437046519,0.8377050631400459,0.16186813361624944

0.11600881586856346,0.4064938277976935,0.4774973563337431
0.860579608046995,0.0822534810443247,0.057166910908680375
0.8929721975557002,0.059139929809141,0.047887872635158764

Transition Gammas
4392.0,292.7804524156368,278.2195475843632
3284.0,1.0,1.0
1.0,1962.7429629371286,379.25703706287266

579.0,2028.8106945382874,2383.189305461711
465.3826386454292,44.48088438099412,30.914615676597595
592.0787544678265,39.2123025515884,31.751707456905603

Iteration: ,20000
Error:,0.06652578150207719
Absolute Error:,1
Transition Probabilities
0.8858343547539835,0.05853485217248424,0.05563079307353222
0.9994629430719656,0.0002685284640171858,0.0002685284640171858
0.00037327360955580414,0.8375629183020404,0.1620638080884037

0.11646727656579878,0.40395783474959285,0.47957488868460835
0.860818189490358,0.07949056098059626,0.05969124952904561
0.8956238285308709,0.05735041949587482,0.047025751973254384

Transition Gammas
5059.0,334.2925407570575,317.7074592429425
3722.0,1.0,1.0
1.0,2243.831058131168,434.1689418688338

662.0,2296.096332716685,2725.903667283313
538.5987680205751,49.73584287149069,37.34776268724838
676.9124889616633,43.34544701387432,35.542063307678355

Iteration: ,22500
Error:,0.06700073639272776
Absolute Error:,1
Transition Probabilities
0.8856157944218114,0.059906653296592456,0.0544775522815962
0.9995251661918328,0.00023741690408357076,0.00023741690408357076
0.0003305785123966938,0.8369040006878913,0.16276542079971196

0.11722525331254875,0.40361943620513796,0.4791553104823133
0.8600244569939409,0.08008238147362737,0.059893161532431814
0.8973200806992949,0.05671840210012812,0.04596151720057702

Transition Gammas
5652.0,382.32426133885303,347.67573866114697
4210.0,1.0,1.0
1.0,2531.634602080874,492.3653979191293

752.0,2589.218683255959,3073.781316744039
610.4602580680342,56.84386166408492,42.51320360515791
754.1878345098522,47.6712042634981,38.63015870688711

Iteration: ,23688
Error:,0.06745901599812197
Absolute Error:,1
Transition Probabilities
0.8867756315007429,0.059224557316211776,0.05399981118304528
0.9995488382585157,0.00022558087074216106,0.00022558087074216106
0.0003143665513989307,0.8368635411677374,0.1628220922808637

0.11695040710584755,0.40455024866217837,0.4784993442319741
0.8621074844967039,0.07882565883895279,0.059066856664343206
0.8992405275194494,0.05642315118396504,0.044336321296585574


Model Num 2
Model States: 
"['diamond', 'x', 'square']","['diamond', 'x', 'diamond']","['square', 'y', 'diamond', 'x', 'diamond']","['square', 'y', 'diamond', 'x', 'square']"
Iteration: ,0
Error:,0.5051613055010752
Absolute Error:,0.6
Transition Probabilities
0.25,0.25,0.25,0.25
0.25,0.25,0.25,0.25
0.25,0.25,0.25,0.25
0.25,0.25,0.25,0.25

0.25,0.25,0.25,0.25
0.25,0.25,0.25,0.25
0.25,0.25,0.25,0.25
0.25,0.25,0.25,0.25

Transition Gammas
1.0,1.0,1.0,1.0
1.0,1.0,1.0,1.0
1.0,1.0,1.0,1.0
1.0,1.0,1.0,1.0

1.0,1.0,1.0,1.0
1.0,1.0,1.0,1.0
1.0,1.0,1.0,1.0
1.0,1.0,1.0,1.0

Iteration: ,2500
Error:,0.027212093359341594
Absolute Error:,0.10006986558011702
Transition Probabilities
0.0016181229773462788,0.0016181229773462788,0.17293650223122847,0.8238272518140789
0.8086810773306846,0.18560463695502954,0.0028571428571428563,0.0028571428571428563
0.04345091845150451,0.046916254110027575,0.7720402030328235,0.13759262440564454
0.08292640036628456,0.04458329658249553,0.7764445338191703,0.09604576923204969

0.06576433489305501,0.019945440180180535,0.12600370851912154,0.7882865164076428
0.059612231980029386,0.06584720838518039,0.6927579823130425,0.18178257732174763
0.00344267103558946,0.9291022035434169,0.037045274734803645,0.03040985068619012
0.8871994115534212,0.0026592731918513523,0.05193142369805273,0.05820989155667466

Transition Gammas
1.0,1.0,106.87475837889916,509.1252416211006
283.0383770657397,64.96162293426036,1.0,1.0
6.283320030271183,6.784432865874707,111.64264979358111,19.89689801172962
15.345494781688076,8.250119889869156,143.68072760139447,17.77322835723698

9.461373215948258,2.8695075196599764,18.127882154235333,113.40908328140112
2.565413503207468,2.8337358278490434,29.812852551402884,7.823016569238633
1.1743470576070827,316.9307864934154,12.636702413134815,10.373259107948277
447.00829088190056,1.3398534185185862,26.165230328190543,29.328585883088294

Iteration: ,5000
Error:,0.03454566253910335
Absolute Error:,0.08755182060042693
Transition Probabilities
0.0008156606851549752,0.0008156606851549752,0.15242447690421623,0.8459442017254739
0.8329427914337032,0.16414600041491406,0.001455604075691412,0.001455604075691412
0.04786665409691811,0.06096519233192864,0.7842428805585105,0.10692527301264272
0.07865397293323209,0.0387970901266971,0.8041546361574439,0.07839430078262688

0.06622105968019662,0.037905735935834725,0.10050798106505288,0.7953652233189158
0.06856115251582419,0.07834387465071335,0.687775504417989,0.16531946841547343
0.0018098415889375012,0.9306571106271916,0.03980369207861033,0.027729355705260566
0.8883017872171498,0.0013389810429282679,0.049366317487668905,0.06099291425225308

Transition Gammas
1.0,1.0,186.87240868456917,1037.1275913154313
572.2316977149541,112.76830228504596,1.0,1.0
13.896633883900636,17.699397910349166,227.68117790541214,31.04251592317765
29.257968944908605,14.431871852720139,299.1321416347423,29.161375226435993

21.164218142609116,12.114654583850683,32.122301373714436,254.19833464852474
5.287992513127905,6.042515439144425,53.04682877429271,12.750779109985613
1.1914749197491379,612.6804760020295,26.204006535689878,18.255095951804627
923.1821042874669,1.3915578631042076,51.30474970895059,63.387879813254685

Iteration: ,7500
Error:,0.0325038694267267
Absolute Error:,0.08444843171463202
Transition Probabilities
0.0005382131324004305,0.0005382131324004305,0.1474028480901592,0.85152072564504
0.8290757612243229,0.16895960223343734,0.0009823182711198428,0.0009823182711198428
0.04637818724197635,0.05636680544312061,0.7933127145094186,0.10394229280548443
0.08383094088608477,0.040044681312729306,0.78661876205498,0.089505615746206

0.06775479729534464,0.03723526315022494,0.09106159211327296,0.8039483474411575
0.05470492887503743,0.08022682689798923,0.7167870570185073,0.14828118720846595
0.0012399988321410346,0.9305982429252428,0.03812524602583466,0.030036512216781473
0.8917120021128405,0.0008867986581298768,0.04768215378969917,0.0597190454393304

Transition Gammas
1.0,1.0,273.8744917515158,1582.1255082484845
843.9991249263608,172.0008750736392,1.0,1.0
19.7949227923237,24.05821848911394,338.5980536917054,44.3641673661497
47.27634006680467,22.583141160015998,443.6125338062753,50.47656489572783

32.63904994909297,17.937085820361776,43.86647104076364,387.2804777828716
6.111261441036184,8.962393770373597,80.07455988101788,16.56496261768599
1.200431387813584,900.9035422418634,36.90869766264556,29.07806935851181
1421.634505723954,1.4138012822974193,76.0184846386026,95.20860484583388

Iteration: ,10000
Error:,0.035576785130398636
Absolute Error:,0.07930363554158601
Transition Probabilities
0.00040502227622519224,0.00040502227622519224,0.1440156488157805,0.8551743066317691
0.8328544464006925,0.1656596694982673,0.0007429420505200597,0.0007429420505200597
0.05061891430179926,0.05736750492089335,0.7903594551516828,0.10165412562562455
0.08759691657083628,0.04093263301954372,0.7940890366263309,0.07738141378328903

0.07429810589212782,0.04068010004087517,0.0838563034843813,0.8011654905826159
0.06931894867496388,0.06396793078963496,0.7403472227343199,0.12636589780108134
0.0009255268728606993,0.9248431514176217,0.0439707783103574,0.03026054339916021
0.887366508609179,0.0006754830426201799,0.04701427083276215,0.06494373751543876

Transition Gammas
1.0,1.0,355.57463692616216,2111.4253630738385
1121.0220848553317,222.97791514466772,1.0,1.0
28.844033855305057,32.689564305289935,450.3683098838268,57.92528507417484
65.96139589782538,30.8227014995346,597.9573639521329,58.269015274817455

47.69368223896558,26.11350237670596,53.82931158332662,514.2867623590497
11.12047262027503,10.26203709835988,118.76999258194468,20.272213204250967
1.2089074013770138,1208.0143361000848,57.43387999032148,39.5258052009486
1879.1976082327658,1.4304868459405626,99.56326325658695,137.53293033336672

Iteration: ,12500
Error:,0.03567202854105644
Absolute Error:,0.07898846558742936
Transition Probabilities
0.00032289312237649326,0.00032289312237649326,0.1401025110223878,0.8592517027328592
0.8238306772486367,0.17498308313096003,0.0005931198102016613,0.0005931198102016613
0.048891562344424294,0.05839893394639537,0.7918049606441918,0.10090454306498851
0.08727784983689842,0.03830982540576871,0.7976309633592943,0.07678136139803854

0.0713025051161151,0.03790346162618174,0.07785045075267658,0.8129435825050266
0.06455029815852864,0.06759567008903553,0.7497604646631946,0.11809356708924132
0.000749870226227671,0.9305976467904553,0.040105380547067145,0.028547102436249902
0.888690932996568,0.0005395924175540636,0.04524280601159134,0.06552666857428652

Transition Gammas
1.0,1.0,433.8974766363352,2661.102523363666
1388.9785218412,295.02147815879835,1.0,1.0
34.29714678840843,40.96651270287147,555.4465772988499,70.78395042354096
82.52445923638474,36.22336745187313,754.1897978058801,72.59963828906959

57.09822979181418,30.352658133294664,62.34174969356016,650.995913903196
13.491933419624539,14.12845960922454,156.71063586816368,24.68324066514777
1.2147663611196846,1507.5391414660062,64.96946469466742,46.24541491858811
2376.774121610482,1.443121839822674,121.00036866001054,175.24887940238776

Iteration: ,15000
Error:,0.035331850791407625
Absolute Error:,0.07904640443442709
Transition Probabilities
0.00026888948642108073,0.00026888948642108073,0.1379228814729058,0.861539339554252
0.8288255191077029,0.1701848717878934,0.0004948045522018806,0.0004948045522018806
0.04815340179288947,0.056453900910974214,0.7904918230365772,0.10490087425955918
0.08180668497802675,0.03530593989529022,0.8084605830987768,0.07442679202790631

0.06646057928128557,0.03718285395433843,0.07694244207135106,0.8194141246930249
0.07332872314918464,0.07605080507125273,0.7338037765704424,0.11681669520912016
0.0006243411938351886,0.9306933940112502,0.040724227624341414,0.027958037170573168
0.889297777219872,0.00045619747420157887,0.04470055083534374,0.06554547447058273

Transition Gammas
1.0,1.0,512.935196197737,3204.0648038022655
1675.0563741166663,343.94362588333234,1.0,1.0
42.56723918430744,49.90481697015809,698.7887304237345,92.73157116615147
94.71310367502905,40.87606222578444,936.0092154421859,86.16890504036836

62.15948258237379,34.776509439611075,71.96299580142536,766.3845028499412
18.427446903776715,19.11150381807194,184.40427638474455,29.35593797346334
1.219156997456991,1817.3738574349713,79.52258727197383,54.59392554620484
2828.399653536484,1.4509299483573834,142.16950242563928,208.466502483616

Iteration: ,17500
Error:,0.037999226939667556
Absolute Error:,0.07972394905586316
Transition Probabilities
0.00023116042533518252,0.00023116042533518252,0.13719033851542867,0.8623473406339008
0.8287885319351657,0.17036112792878,0.00042517006802721103,0.00042517006802721103
0.04579772876228272,0.05691220398258065,0.7969147534023169,0.10037531385281974
0.08467611091231954,0.03532003330512472,0.8099641140060319,0.07003974177652404

0.06810863003761258,0.035368165771299996,0.07497581901308013,0.8215473851780073
0.08048269183154663,0.08662867964379775,0.7215049204814068,0.11138370804324896
0.0005336758557426051,0.9277539535506611,0.04185528997639793,0.029857080617198127
0.8913275162926432,0.00039484404390674693,0.04304922323148859,0.06522841643196152

Transition Gammas
1.0,1.0,593.4854044177447,3730.514595582257
1949.310627111509,400.6893728884904,1.0,1.0
47.230725322043696,58.692968983805315,821.8499659316504,103.51602592137277
115.05500549936032,47.99165410851999,1100.5515556535818,95.16760735050869

74.82963627009183,38.85832057912673,82.37448415425041,902.6182434966832
24.72435014313734,26.612402731681474,221.6469141131106,34.21716812934472
1.223902770582338,2127.659743177553,95.98861333975651,68.47258180350116
3293.582329613145,1.4590050707435924,159.07302124873576,241.0283042113791

Iteration: ,20000
Error:,0.038786700474674606
Absolute Error:,0.0792269732557144
Transition Probabilities
0.00020218358269308515,0.00020218358269308515,0.13406321837685242,0.8655324144577613
0.8349550101445862,0.16429480230852708,0.000375093773443361,0.000375093773443361
0.047234947484541163,0.05576970480329057,0.8059665774643265,0.09102877024784176
0.08558822199998783,0.035227423889367164,0.8095039191977388,0.06968043491290617

0.06810037995503444,0.03669590979474486,0.07441855932460723,0.8207851509256134
0.07926862505090612,0.09320636990844931,0.7095687681180923,0.11795623692255228
0.00046938114213595014,0.9274696511613029,0.041888065352509836,0.030172902344051213
0.8921307726924099,0.00034551817293115226,0.04221608521137319,0.06530762392328576

Transition Gammas
1.0,1.0,663.0766780919126,4280.923321908092
2225.9900570454656,438.00994295453296,1.0,1.0
55.27523329080511,65.26276851625816,943.1574070980499,106.52359703101784
132.98283900202762,54.7346671080112,1257.768029790344,108.26608896742337

86.70379687530993,46.72036648105432,94.74795376610736,1045.004287070266
27.458838538297968,32.28690620549281,245.79629359107906,40.860318469779735
1.2269142911726028,2424.310794550595,109.49111797866163,78.8688802528618
3789.3258803625577,1.4675886034871892,179.31284196851968,277.39416360522216

Iteration: ,22500
Error:,0.04060958155353717
Absolute Error:,0.08031341053688626
Transition Probabilities
0.00017972681524083378,0.00017972681524083378,0.1344716792995847,0.8651688670699337
0.8342203692361823,0.16511562013964776,0.00033200531208499355,0.00033200531208499355
0.04814835055062692,0.056697652805585426,0.799677949407839,0.09547604723594871
0.08654818767804774,0.033646003738225315,0.8134904755846566,0.06631533299907037

0.06792222664859542,0.038594445215117984,0.07417676802558751,0.8193065601106991
0.07721233434205274,0.09507248395649061,0.7080538931350456,0.11966128856641105
0.00041837503372245004,0.9301076864700689,0.040292438137974056,0.02918150035823457
0.8922388245906107,0.00030897596851840774,0.04112991497341599,0.06632228446745482

Transition Gammas
1.0,1.0,748.2004236228898,4813.799576377115
2512.6717521393794,497.3282478606188,1.0,1.0
63.84650369043658,75.18319646868501,1060.4027046439198,126.60478983155791
151.7048475632083,58.97595322511025,1425.9160347963498,116.23995549336149

96.94506109256061,55.08566243816549,105.87213733573887,1169.3922364235377
30.31019532170947,37.32131119978142,277.95108102995704,46.973803600184404
1.2297172782281343,2733.837826049192,118.43036358874912,85.77231503481072
4254.081507852737,1.4731582148402285,196.10221600505506,316.216237329735

Iteration: ,25000
Error:,0.038939468037330054
Absolute Error:,0.079926779808946
Transition Probabilities
0.00016281341582546384,0.00016281341582546384,0.13490019644775286,0.8647741767205961
0.8310509315729236,0.16835542046032062,0.000296823983377857,0.000296823983377857
0.04693701527784604,0.055155015341002096,0.7999391531594328,0.09796881622171905
0.0869223593870477,0.034708621534319306,0.8119435791674494,0.06642543991118349

0.06714666139132852,0.03891474276583406,0.07345493085136344,0.8204836649914741
0.07258817603926129,0.09803671815435044,0.7135577295716202,0.11581737623476808
0.00037543853749965846,0.9285001859583056,0.04150282671106672,0.029621548793128005
0.8916304650835508,0.0002811719452839294,0.04035006270214747,0.06773830026901789

Transition Gammas
1.0,1.0,828.557006582099,5311.442993417907
2799.810588469179,567.18941153082,1.0,1.0
70.25724451337831,82.55828318041578,1197.3816474409225,146.64373171645357
170.33920064884757,68.01746857161714,1591.142040122263,130.17198816286478

106.45251610387584,61.694389491911764,116.45347731873495,1300.7727971975025
32.42631810414991,43.79459551429455,318.75783615570515,51.737504490336285
1.2333203529554282,3050.134876114895,136.3373116378266,97.30716312696137
4685.901950114329,1.4776796198859614,212.05695061744078,355.99392994975483

Iteration: ,27500
Error:,0.03819637455837265
Absolute Error:,0.07842457537087083
Transition Probabilities
0.00014878738282993607,0.00014878738282993607,0.1348016570577574,0.8649007681765828
0.8322084592871054,0.16725245715494302,0.00026954177897574127,0.00026954177897574127
0.04787679193841079,0.05484941994166542,0.7988634489245212,0.09841033919540262
0.08546658572057127,0.035267371454875594,0.8109778919720414,0.06828815085251169

0.06582471327623805,0.03869018645175003,0.07428761436799405,0.8211974859040179
0.06966469150565076,0.09290648675931788,0.7247157346668635,0.1127130870681679
0.0003403426660440329,0.9287824802630874,0.0418113789185724,0.029065798152296183
0.8900285138027615,0.00025745723707020017,0.040494391135853264,0.06921963782431483

Transition Gammas
1.0,1.0,906.0019370851873,5812.998062914811
3087.493383955161,620.5066160448386,1.0,1.0
79.14190332670228,90.66788552025675,1320.5474152769443,162.67551010873055
184.5958707537913,76.17258941634775,1751.5988133666663,147.49285422491772

115.10733379725914,67.65732784722138,129.90636492670578,1436.023773119062
35.12697779461971,46.84617166654608,365.42289887251576,56.833239637405434
1.2359731261085798,3372.9247024736205,151.84032407565476,105.55404593465411
5128.3926544687065,1.4834825884277487,233.33088190735697,398.8473140556803

Iteration: ,30000
Error:,0.03720488787298737
Absolute Error:,0.0776387902107245
Transition Probabilities
0.00013574046423238772,0.00013574046423238772,0.13384059350416663,0.8658879255673686
0.8335782759985428,0.1659254460858244,0.0002481389578163772,0.0002481389578163772
0.047194744895615835,0.05522190691882727,0.7958295377272432,0.10175381045831375
0.08510820881009776,0.0345922233523824,0.8122155059209222,0.0680840619165978

0.06418257932844704,0.038465534998476096,0.07366227833751925,0.8236896073355576
0.06773522402533946,0.09207140926043288,0.7307643249379207,0.10942904177630698
0.00031373349880398793,0.9278650079397779,0.04239617783091767,0.029425080730500375
0.8903473387226131,0.00023522843712037525,0.03942194380610329,0.06999548903416336

Transition Gammas
1.0,1.0,986.0036523451954,6378.996347654803
3359.320452274127,668.6795477258722,1.0,1.0
85.31805030046395,99.82945013493891,1438.6903601361635,183.9492243924122
200.3869172757521,81.44724341179834,1912.3579695845795,160.30363549913835

121.26527928551198,72.67601104945658,139.176032637991,1556.2626389159316
36.75495405896137,49.960422604420266,396.5323740713292,59.37914078057366
1.2376583458625718,3660.367398726471,167.25017738029962,116.08003889484822
5630.4373199615475,1.487553130645586,249.29909258757635,442.64209769227574

Iteration: ,32500
Error:,0.03538169646804937
Absolute Error:,0.07624226788645813
Transition Probabilities
0.00012529758175667218,0.00012529758175667218,0.13385862191996736,0.8658907829165193
0.8342252372730149,0.16531552047669806,0.00022962112514351326,0.00022962112514351326
0.047092400993382376,0.053210644068166744,0.7989554997816024,0.10074145515684843
0.08262772402825141,0.03357829291489963,0.8153015759715826,0.06849240708526637

0.06612378852655233,0.03913510974201572,0.07135162913140526,0.8233894726000268
0.06776248886275753,0.087137138854613,0.7368366010731495,0.10826377120947993
0.00028996255859749535,0.928136477262497,0.042046151596267595,0.029527408582638002
0.8891210489740939,0.00021711447374451345,0.03875719193361304,0.07190464461854855

Transition Gammas
1.0,1.0,1068.3256615432588,6910.674338456736
3633.050908323979,719.94909167602,1.0,1.0
92.15575428878634,104.1286266330554,1563.4867870910725,197.14231154690808
210.52840771208835,85.55463222788126,2077.3190186839265,174.5128233121737

135.78333415838972,80.36284371836244,146.5185573449816,1690.8070513179207
39.80917103839801,51.19140873773928,432.8774632065541,63.602902692508785
1.2394545790045768,3967.350171858071,179.72767028123687,126.2158878405132
6110.358213447203,1.492088405098268,266.35330063882253,494.1544644982889

Iteration: ,35000
Error:,0.03562839435986674
Absolute Error:,0.07501478112206306
Transition Probabilities
0.00011636025133814294,0.00011636025133814294,0.1325041155092101,0.8672631639881135
0.835877968399415,0.16369522835688038,0.0002134016218523262,0.0002134016218523262
0.048535899027588716,0.05374506816248608,0.7993666605341456,0.0983523722757796
0.0812800256822015,0.03477062566183415,0.8153917481037332,0.06855760055223128

0.06645913517710944,0.0413294523539142,0.07107607781950426,0.8211353346494722
0.06575183114522722,0.08409211462815555,0.7421330787894401,0.10802297543717714
0.00026999298118337645,0.9276170269533716,0.04222423476208693,0.029888745303358197
0.8890298851844999,0.00020212608725177954,0.03809636062369129,0.07267162810455707

Transition Gammas
1.0,1.0,1138.740368686151,7453.259631313845
3916.924159919656,767.0758400803411,1.0,1.0
102.6158395402725,113.629198204566,1690.0414459118042,207.93910186189757
223.61633560122831,95.66040157839171,2243.29302630085,188.61459853671977

147.1653104540814,91.51882085663772,157.38894330013062,1818.2998639158866
41.50959194770396,53.087941482944714,468.51381527918113,68.19566167625362
1.2409947957477254,4263.6956629411425,194.0793251902741,137.38052452446695
6581.740663561362,1.4963968138770771,282.0381744519318,538.0086966184601

Iteration: ,37500
Error:,0.0358956171897606
Absolute Error:,0.0739174080946357
Transition Probabilities
0.0001089087344805054,0.0001089087344805054,0.13253623457444558,0.8672459479565935
0.8337700720918283,0.16583144215403745,0.00019924287706714493,0.00019924287706714493
0.05017774115841753,0.05258698711817715,0.7980353488952793,0.09919992282812604
0.08072873629365986,0.034085550670370245,0.8161503493404316,0.06903536369553823

0.06547560052522747,0.04011624488208832,0.07068086040427499,0.8237272941884093
0.06500430956980288,0.07977785893142404,0.7516759211543022,0.10354191034447087
0.00025176259801684497,0.9269590299592402,0.04268666725680495,0.030102540185938033
0.889855220109843,0.00018935775967349975,0.03725332299667658,0.07270209913380694

Transition Gammas
1.0,1.0,1216.9477058625585,7963.052294137437
4184.691991828885,832.3080081711137,1.0,1.0
113.92817997068177,119.39835461307072,1811.9331949372774,225.23267090401066
238.23443979668852,100.58812316321418,2408.499503295948,203.72672670535601

156.08541297022745,95.6319697567795,168.49408324313998,1963.659956638469
44.49208805085039,54.60381854027287,514.4832933544025,70.86908271908632
1.2432702885435725,4577.568827631758,210.79805155879617,148.6543041645987
7050.409484893698,1.500299952924327,295.16170256005876,576.0258047836164

Iteration: ,40000
Error:,0.03437372100049222
Absolute Error:,0.07381620760135163
Transition Probabilities
0.00010219724067450178,0.00010219724067450178,0.13349857080349392,0.866297034715157
0.8324506092106346,0.16717597779459326,0.00018670649738610905,0.00018670649738610905
0.05151774643636651,0.05226727674708954,0.7967911245838086,0.09942385223273535
0.08041149274693407,0.03404845344775959,0.8167328351617017,0.06880721864360465

0.06645925183862736,0.0389511737718213,0.07017708493706049,0.8244124894524908
0.06466320366862556,0.076814098144415,0.754919135487602,0.10360356269935739
0.00023586618437861795,0.926054207793699,0.043307711482099324,0.030402214539823166
0.8901510611946792,0.00017816932388608244,0.03646274906705981,0.07320802041437487

Transition Gammas
1.0,1.0,1306.283515312188,8476.716484687811
4458.605462932159,895.3945370678415,1.0,1.0
124.80375336638376,126.61951982572704,1930.257627241328,240.85816618777633
253.25924176344637,107.23697830776031,2572.3330271623267,216.7111121338486

169.40707514580893,99.28797330133592,178.8839683346632,2101.4577306849515
47.23910822573215,56.11583233799217,551.4992255213294,75.68662907589585
1.2452638895822183,4889.136048896466,228.6445994417519,160.50957041388122
7513.529902023462,1.5038801850606447,307.77243028575697,617.9295564879988

Iteration: ,42500
Error:,0.034645863172497085
Absolute Error:,0.07395413420728635
Transition Probabilities
9.615384615384625e-05,9.615384615384625e-05,0.1317835911991284,0.868024101108564
0.832875037628255,0.16677371544515565,0.00017562346329469638,0.00017562346329469638
0.051446050855910516,0.052739020569852794,0.7976938144434063,0.09812111413083036
0.07892301325360193,0.03440676701496513,0.8180933480175099,0.06857687171392306

0.0681773106163741,0.040711794390965,0.0701989512780488,0.8209119437146121
0.0654283524641985,0.0736242012279106,0.753996541144456,0.10695090516343485
0.00022216746648956183,0.927056396804989,0.0427700800197589,0.029951355708762575
0.8897851736173085,0.00016806797843694327,0.036022454195194745,0.07402430420905985

Transition Gammas
1.0,1.0,1370.549348470934,9027.450651529056
4742.390464255278,949.609535744715,1.0,1.0
132.0099973279472,135.32774330927992,2046.8735026547909,251.7776933064237
264.76622577453355,115.42577339747324,2744.4908545222406,230.05760614811706

184.1371446370696,109.95672173673745,189.59730631780292,2217.16550487944
51.16442786293783,57.573513481836,589.6190288361518,83.63471898676825
1.2468868229983527,5202.98684419117,240.04166783676266,168.09819796881547
7977.225851418445,1.5067864268094178,322.9535188468266,663.6529925185625

Iteration: ,45000
Error:,0.03346365230051749
Absolute Error:,0.07411193811739969
Transition Probabilities
9.06125407756436e-05,9.06125407756436e-05,0.13106120941943203,0.8687575654990166
0.8333782028017024,0.16628962646253942,0.00016608536787908996,0.00016608536787908996
0.050654758751190035,0.052531849868753686,0.7969124173456353,0.09990097403442084
0.0788538969290553,0.03431103969989742,0.8162141821902601,0.07062088118078721

0.06831996510903982,0.041045102921268256,0.07008043161953666,0.8205545003501554
0.06315422105728977,0.07342505736751237,0.7559911319161466,0.10742958965905118
0.00021056815931531103,0.9272626047055708,0.04283476819699685,0.029692058938117105
0.890123258879987,0.00015831741002432124,0.035288809313973914,0.07442961439601481

Transition Gammas
1.0,1.0,1446.3915071528477,9587.608492847121
5017.770159069047,1001.2298409309493,1.0,1.0
136.3563980972323,141.4092971732796,2145.190491617065,268.9211699269761
280.5021535960945,122.05256687061775,2903.4688812656746,251.21534929195843

195.7743349292236,117.61683006845668,200.81904125639483,2351.3406560270237
51.58733884911314,59.977041138665314,617.529122142204,87.75354285717931
1.2480423960624616,5495.907105418249,253.8826710989484,175.98552649959447
8487.139835995353,1.5095235226632688,336.4714451685312,709.6708675077551

Iteration: ,47500
Error:,0.033484071542241006
Absolute Error:,0.07408887861113785
Transition Probabilities
8.594018563080122e-05,8.594018563080122e-05,0.13073329438225892,0.8690948252464794
0.8320020242372337,0.16768301513284498,0.00015748031496063008,0.00015748031496063008
0.050364858996862286,0.05273091103734174,0.7970531629048355,0.09985106706096056
0.07870189896895972,0.03400123801120023,0.8171194463552128,0.07017741666462719

0.06761844992743198,0.04002840605120005,0.06978278628952266,0.8225703577318453
0.06489846938506608,0.07165741542932302,0.7558933776037864,0.10755073758182457
0.0001999120934544721,0.9266712909978976,0.043217156646196665,0.02991164026245125
0.889909887250517,0.00015020982086582008,0.034655198391432156,0.07528470453718496

Transition Gammas
1.0,1.0,1521.21261343196,10112.787386568005
5283.212853906429,1064.7871460935646,1.0,1.0
144.51015613232286,151.2989878018047,2286.957202130068,286.49922939042483
295.7967995307965,127.7918006497478,3071.0989217881015,263.7579972107538

204.58894465086365,121.11146231331952,211.13744277030935,2488.800047472974
55.63324789646987,61.42725389325133,647.9783584727842,92.1962706059548
1.2493599115315794,5791.275265713989,270.08762737225396,186.93418485245988
8958.691932566817,1.5121570505757378,348.8726787945297,757.888506292201

Iteration: ,50000
Error:,0.03407191684403083
Absolute Error:,0.07382606105566676
Transition Probabilities
8.175277959450634e-05,8.175277959450634e-05,0.13073116048670075,0.8691053339541102
0.8314518924166246,0.16824928792104163,0.00014940983116689085,0.00014940983116689085
0.05066572737791059,0.05280976058227045,0.7975445056994939,0.09898000634032511
0.07883557814294445,0.03448572400225914,0.8158438568677326,0.07083484098706362

0.06757377560629707,0.039600841744100355,0.06992305994247046,0.822902322707132
0.06392169710666387,0.07151571740159021,0.7603063965926022,0.1042561888991436
0.00019009805633810623,0.9275648497401513,0.042683843090227276,0.029561209113283242
0.8890992943173015,0.00014311171784795257,0.03421538432550136,0.0765422096393492

Transition Gammas
1.0,1.0,1599.103555073321,10630.896444926659
5564.907515944466,1126.092484055531,1.0,1.0
153.72580900036664,160.23105931297866,2419.844354310112,300.3170454069455
312.1843579381522,136.5614847925246,3230.6947780890114,280.5018986871812

215.28362091810993,126.16451464465007,222.7682173302493,2621.688519026683
57.88178844453056,64.75825599859013,688.4656696013865,94.40510723336445
1.2506118025177753,6102.237818899397,280.8072790103247,194.47645981195274
9412.011167648203,1.5149816170313393,362.20429083150987,810.2763510516551

Iteration: ,52500
Error:,0.032979776628594866
Absolute Error:,0.07372979581211034
Transition Probabilities
7.773631840796033e-05,7.773631840796033e-05,0.13012916828340187,0.8697153590797823
0.8316547100623816,0.16806051135296798,0.00014238929232521726,0.00014238929232521726
0.0507777712741539,0.05248846953126856,0.7977127489378102,0.09902101025676734
0.07778373234452178,0.034479712639579545,0.8171606917789354,0.07057586323696341

0.06796463036532813,0.04022376261137619,0.07017005647305953,0.8216415505502361
0.06222889108652258,0.07361328061221355,0.7601277060493217,0.10403012225194214
0.00018123494906662808,0.9272788070062804,0.04280669714558735,0.029733260899065698
0.8889762318655058,0.00013628596508861006,0.03386302069320206,0.07702446147620363

Transition Gammas
1.0,1.0,1673.9816207976787,11188.0183792023
5840.711028768101,1180.2889712318931,1.0,1.0
161.49955069271698,166.94045510742998,2537.138738125035,314.9379790472758
323.0408873382636,143.1964837702029,3393.721373525838,293.10613925995665

226.2841514025717,133.92259973765854,233.62698505864446,2735.6061531411196
59.20266692587521,70.03342751755599,723.1622903226365,98.97108192682681
1.2518626851389905,6405.087667636352,295.68307385848493,205.37959162257658
9899.1927992256,1.517612052922457,377.0815895749265,857.70571481918

Iteration: ,54507
Error:,0.03461777229481537
Absolute Error:,0.07400357509792665
Transition Probabilities
7.489514679448781e-05,7.489514679448781e-05,0.1302919160736458,0.8695582936327653
0.8317072110810888,0.16801821450924614,0.00013728720483250972,0.00013728720483250972
0.050668860568584696,0.052263514025834006,0.7974253156324211,0.09964230977316019
0.07718923190899693,0.035085325166791186,0.8160031432509565,0.0717222996732553

0.06793314416544709,0.03960233171668802,0.0698202860749617,0.8226442380429032
0.0643674486784228,0.07378338063394338,0.759163767734773,0.10268540295286094
0.00017459700373487894,0.9276322817774758,0.04284714570579355,0.029345975512995757
0.888594390090784,0.00013130017037226257,0.03341668349481447,0.07785762624402935

*,*,*,*,*,*,*,*,*,*,*
Model Num 2
Model States: 
"['diamond', 'x', 'square']","['diamond', 'x', 'diamond']","['square', 'y', 'diamond', 'x', 'diamond']","['square', 'y', 'diamond', 'x', 'square']"
Iteration: ,54507
Error:,0.03424335474904641
Absolute Error:,0.07400357509792665
Transition Probabilities
7.489514679448781e-05,7.489514679448781e-05,0.1302919160736458,0.8695582936327653
0.8317072110810888,0.16801821450924614,0.00013728720483250972,0.00013728720483250972
0.050668860568584696,0.052263514025834006,0.7974253156324211,0.09964230977316019
0.07718923190899693,0.035085325166791186,0.8160031432509565,0.0717222996732553

0.06793314416544709,0.03960233171668802,0.0698202860749617,0.8226442380429032
0.0643674486784228,0.07378338063394338,0.759163767734773,0.10268540295286094
0.00017459700373487894,0.9276322817774758,0.04284714570579355,0.029345975512995757
0.888594390090784,0.00013130017037226257,0.03341668349481447,0.07785762624402935

Transition Gammas
1.0,1.0,1739.6576634153162,11610.342336584667
6058.155325514646,1223.844674485348,1.0,1.0
166.12992911340018,171.35838033256022,2614.5488505692138,326.701048208966
332.7402990119263,151.24261892762848,3517.5519067232467,309.1739462732021

235.08548119316916,137.04552206968847,241.61601454810383,2846.794726298992
64.37605998376284,73.79325163602137,759.265331353361,102.6991405698855
1.2532860681710931,6658.697401834187,307.563873521619,210.6502487475412
10286.559933389755,1.519959035146032,386.8387212183576,901.2966405840618

