0,1,2,3,4,5,6,7,8,9,10,11,12,13,14,15,16,17,18,19,20,21,22,23,24,25,26,27,28,29
github Code Version (SHA):,528ca1c557fe8e6666681dc5c9134b0f84d30530
Environment Observations,Environment Actions,alpha,epsilon,numActions,explore,patience,gainThresh,insertRandActions,useUpdatedPosterior,revisedSplitting,haveControl,confidence_factor
"['rose', 'volcano', 'nothing']","['b', 'f', 't']",0.85,0.99,75000,0.5,0,0.01,False,True,False,False,250

Model Num 0
Model States: 
['rose'],['volcano'],['nothing']
Iteration: ,0
Error:,0.6151444570435279
Absolute Error:,1
Transition Probabilities
0.3333333333333333,0.3333333333333333,0.3333333333333333
0.3333333333333333,0.3333333333333333,0.3333333333333333
0.3333333333333333,0.3333333333333333,0.3333333333333333

0.3333333333333333,0.3333333333333333,0.3333333333333333
0.3333333333333333,0.3333333333333333,0.3333333333333333
0.3333333333333333,0.3333333333333333,0.3333333333333333

0.3333333333333333,0.3333333333333333,0.3333333333333333
0.3333333333333333,0.3333333333333333,0.3333333333333333
0.3333333333333333,0.3333333333333333,0.3333333333333333

Transition Gammas
1.0,1.0,1.0
1.0,1.0,1.0
1.0,1.0,1.0

1.0,1.0,1.0
1.0,1.0,1.0
1.0,1.0,1.0

1.0,1.0,1.0
1.0,1.0,1.0
1.0,1.0,1.0

Iteration: ,2500
Error:,0.15978160625171853
Absolute Error:,1
Transition Probabilities
0.08225108225108226,0.0735930735930736,0.8441558441558441
0.0502283105022831,0.0684931506849315,0.8812785388127854
0.4503464203233256,0.45496535796766746,0.09468822170900693

0.1,0.035,0.865
0.0625,0.07692307692307693,0.8605769230769231
0.452970297029703,0.4158415841584158,0.1311881188118812

0.8095238095238095,0.05238095238095238,0.1380952380952381
0.04477611940298507,0.8507462686567164,0.1044776119402985
0.05250596658711217,0.06205250596658711,0.8854415274463007

Transition Gammas
19.0,17.0,195.0
11.0,15.0,193.0
195.0,197.0,41.0

20.0,7.0,173.0
13.0,16.0,179.0
183.0,168.0,53.0

170.0,11.0,29.0
9.0,171.0,21.0
22.0,26.0,371.0

Iteration: ,5000
Error:,0.15196910649913153
Absolute Error:,1
Transition Probabilities
0.07568807339449542,0.06651376146788991,0.8577981651376146
0.04028436018957346,0.06635071090047394,0.8933649289099526
0.4486301369863014,0.4531963470319635,0.09817351598173515

0.07981220657276995,0.051643192488262914,0.8685446009389671
0.06279069767441861,0.07441860465116279,0.8627906976744186
0.46894803548795944,0.42585551330798477,0.10519645120405577

0.8243243243243243,0.0518018018018018,0.12387387387387387
0.058823529411764705,0.8363171355498721,0.10485933503836317
0.0530209617755857,0.06041923551171394,0.8865598027127004

Transition Gammas
33.0,29.0,374.0
17.0,28.0,377.0
393.0,397.0,86.0

34.0,22.0,370.0
27.0,32.0,371.0
370.0,336.0,83.0

366.0,23.0,55.0
23.0,327.0,41.0
43.0,49.0,719.0

Iteration: ,7500
Error:,0.14840736803285415
Absolute Error:,1
Transition Probabilities
0.05828220858895705,0.06288343558282208,0.8788343558282209
0.05263157894736842,0.05756578947368421,0.8898026315789473
0.45085803432137284,0.4500780031201248,0.09906396255850235

0.06836248012718601,0.06041335453100159,0.8712241653418124
0.06564885496183206,0.06717557251908397,0.867175572519084
0.45454545454545453,0.43553719008264463,0.10991735537190082

0.834108527131783,0.05116279069767442,0.11472868217054263
0.061016949152542375,0.8305084745762712,0.10847457627118644
0.05422647527910686,0.05422647527910686,0.8915470494417863

Transition Gammas
38.0,41.0,573.0
32.0,35.0,541.0
578.0,577.0,127.0

43.0,38.0,548.0
43.0,44.0,568.0
550.0,527.0,133.0

538.0,33.0,74.0
36.0,490.0,64.0
68.0,68.0,1118.0

Iteration: ,9315
Error:,0.1511533881920748
Absolute Error:,1
Transition Probabilities
0.05781057810578106,0.06765067650676507,0.8745387453874539
0.05548387096774193,0.06580645161290323,0.8787096774193548
0.455743879472693,0.45134965473948524,0.09290646578782172

0.06958762886597938,0.05670103092783505,0.8737113402061856
0.06296296296296296,0.06666666666666667,0.8703703703703703
0.45013297872340424,0.44148936170212766,0.10837765957446809

0.8256410256410256,0.052564102564102565,0.12179487179487179
0.058666666666666666,0.8293333333333334,0.112
0.0539311241065627,0.05588044184535412,0.8901884340480831


Model Num 1
Model States: 
['rose'],['volcano'],"['nothing', 'f', 'rose']","['nothing', 'f', 'volcano']"
Iteration: ,0
Error:,0.5778139715289818
Absolute Error:,0.6
Transition Probabilities
0.25,0.25,0.25,0.25
0.25,0.25,0.25,0.25
0.25,0.25,0.25,0.25
0.25,0.25,0.25,0.25

0.25,0.25,0.25,0.25
0.25,0.25,0.25,0.25
0.25,0.25,0.25,0.25
0.25,0.25,0.25,0.25

0.25,0.25,0.25,0.25
0.25,0.25,0.25,0.25
0.25,0.25,0.25,0.25
0.25,0.25,0.25,0.25

Transition Gammas
1.0,1.0,1.0,1.0
1.0,1.0,1.0,1.0
1.0,1.0,1.0,1.0
1.0,1.0,1.0,1.0

1.0,1.0,1.0,1.0
1.0,1.0,1.0,1.0
1.0,1.0,1.0,1.0
1.0,1.0,1.0,1.0

1.0,1.0,1.0,1.0
1.0,1.0,1.0,1.0
1.0,1.0,1.0,1.0
1.0,1.0,1.0,1.0

Iteration: ,2500
Error:,0.054999330311243703
Absolute Error:,0.06123876614447971
Transition Probabilities
0.07662835249042145,0.09195402298850575,0.7742381466038836,0.05717947791718935
0.04484304932735427,0.08071748878923769,0.0826807222269692,0.7917587396564388
0.11508962085337224,0.7615622365503965,0.06707704143397779,0.05627110116225364
0.766166782465946,0.07412865159611998,0.0640811078859933,0.0956234580519407

0.07174887892376682,0.08071748878923767,0.07558580521770249,0.771947827069293
0.03968253968253969,0.05555555555555556,0.8460912366118474,0.05867066815005744
0.8943418396141841,0.0025625840676624188,0.07261338922662487,0.030482187091528494
0.002825181601427015,0.9097084756594987,0.03441990423208398,0.05304643850699024

0.8377192982456141,0.05701754385964913,0.07428491874726226,0.03097823914747459
0.0594059405940594,0.8415841584158416,0.04909196156021996,0.04991793942987906
0.056771352370860666,0.03973255047317857,0.11079754527554529,0.7926985518804155
0.11013695695920166,0.049824655987114795,0.7570070361661041,0.08303135088757944

Transition Gammas
20.0,24.0,202.0761562636136,14.92384373638642
10.0,18.0,18.437801056614127,176.56219894338582
10.743779920318676,71.0929187571773,6.261737292460968,5.252987387381138
61.28023169083234,5.929023613003122,5.125392053176664,7.648240303033454

16.0,18.0,16.855634563547653,172.14436543645235
10.0,14.0,213.2149916261855,14.785008373814474
349.0,1.0,28.33600276492103,11.895097404290915
1.0,322.0,12.183253711796187,18.77629334701748

191.0,13.0,16.936961474375792,7.063038525624205
12.0,170.0,9.916576235164431,10.083423764835569
5.291654083933583,3.7034684606951376,10.327432031513306,73.88738076881302
7.6863560166043055,3.4772165029370132,52.83081853444105,5.794680923479145

Iteration: ,5000
Error:,0.04443755330299341
Absolute Error:,0.04834392750566827
Transition Probabilities
0.07258064516129033,0.07661290322580647,0.795635881611014,0.05517057000188919
0.04824561403508772,0.06798245614035088,0.07956839391241322,0.8042035359121482
0.0932723322711518,0.7877283374055561,0.05430186894486421,0.06469746137842786
0.7761500163693592,0.07634909934337672,0.06860511559856702,0.07889576868869698

0.05429864253393667,0.06334841628959277,0.057729882034980015,0.8246230591414906
0.05,0.054166666666666675,0.8350566171409987,0.06077671619233461
0.9024603049534562,0.001304133388661064,0.065541764879691,0.03069379677819174
0.0013951308884925853,0.9040448157431954,0.03466032324824796,0.05989973012006412

0.8283062645011601,0.060324825986078884,0.09050227273114225,0.02086663678161875
0.05,0.8545454545454545,0.05611151895316509,0.03934302650138037
0.04244977302314999,0.03949014498012499,0.06447256673401293,0.8535875152627121
0.10046230991627453,0.07888457999473769,0.7597205782252985,0.06093253186368927

Transition Gammas
36.0,38.0,394.6353972790629,27.364602720937036
22.0,31.0,36.283187624060425,366.7168123759396
16.815613383740722,142.01569587346532,9.789818823623563,11.663989427072845
119.11654485156592,11.717375152362395,10.528897966749032,12.108215127748787

24.0,28.0,25.51660785946116,364.48339214053874
24.0,26.0,400.82717622767933,29.17282377232061
692.0,1.0,50.256948751984524,23.535780193239777
1.0,648.0,24.843778841208106,42.93484619553132

357.0,26.0,39.00647954712231,8.99352045287768
22.0,376.0,24.689068339392637,17.310931660607363
7.6390073754163685,7.106410406362436,11.60209767257319,153.60650623736433
17.016125872024283,13.361328678097376,128.68010896248109,10.320642963094993

Iteration: ,7500
Error:,0.04027954366116069
Absolute Error:,0.04182596786863868
Transition Probabilities
0.059863945578231284,0.07755102040816325,0.805721051678307,0.05686398233529848
0.049645390070922,0.0666666666666667,0.06948709825532144,0.8142008450070898
0.08976535074314514,0.8085479424839315,0.04542171165090055,0.05626499512202287
0.8058002969741224,0.0647436678283336,0.056906759307311344,0.07254927589023284

0.04798761609907121,0.06191950464396286,0.060207815300519954,0.829885063956446
0.0504201680672269,0.06442577030812326,0.8254704651068799,0.059683596517769964
0.905791234260578,0.0008854264264521779,0.05991023243378523,0.0334131068791846
0.0009167755074758049,0.9066909768935709,0.036375361737416144,0.05601688586153704

0.8390461997019374,0.05514157973174367,0.0839455153606378,0.02186670520568114
0.04962406015037594,0.8541353383458646,0.05895756828310011,0.03728303322065928
0.04662332539567191,0.04039164404341591,0.0546276012897902,0.8583574292711219
0.0911050653618371,0.09299353996943253,0.7589823642803951,0.0569190303883353

Transition Gammas
44.0,57.0,592.2049729835558,41.79502701644439
35.0,47.0,48.9884042700016,574.0115957299981
23.66646588285098,213.17214422967746,11.975348842591385,14.834160134508439
186.16137261146258,14.957515051908995,13.146980043691169,16.760818818768897

31.0,40.0,38.89424868413588,536.105751315864
36.0,46.0,589.3859120863121,42.61408791368775
1023.0,1.0,67.66257550482203,37.73674003956245
1.0,989.0,39.67750167930413,61.102075049725755

563.0,37.0,56.32744080698796,14.672559193012045
33.0,568.0,39.20678290826157,24.793217091738423
12.206335090259993,10.57483433144834,14.301914349983239,224.7243910634929
22.519078077947807,22.98586559374358,187.60299499411934,14.069076009608168

Iteration: ,10000
Error:,0.036847150296135917
Absolute Error:,0.037124321461056174
Transition Probabilities
0.06203995793901155,0.07886435331230282,0.8042637763360329,0.054831912412652756
0.04983748645720476,0.06500541711809317,0.06771447995784947,0.8174426164668526
0.07366242730877598,0.8302587540225128,0.04642316667335241,0.049655651995358666
0.8184075258963475,0.05770231893205918,0.054085042256587376,0.06980511291500609

0.05396096440872561,0.06314580941446614,0.06351552989902348,0.8193776962777848
0.05219206680584552,0.0605427974947808,0.8255365687185354,0.061728566980838256
0.907776231173752,0.0006719291126378623,0.05571287964044531,0.035838960073165
0.0006911620287350398,0.9081869057578423,0.03587399359886539,0.05524793861455726

0.8395196506550219,0.05240174672489083,0.08452493366244274,0.023553668957644627
0.04772475027746948,0.8512763596004439,0.06188756123356153,0.039111328888525025
0.04993182988991616,0.05682136268372027,0.05047668124417142,0.8427701261821923
0.08650771478917355,0.08414364864411529,0.7776174999591714,0.05173113660753979

Transition Gammas
59.0,75.0,764.8548512955674,52.145148704432785
46.0,60.0,62.50046500109507,754.499534998905
25.75259032412917,290.2607792944176,16.22966872753567,17.35975462434497
247.28548995501296,17.4350134342018,16.342037127541865,21.091926701977222

47.0,55.0,55.32202654204945,713.6779734579504
50.0,58.0,790.8640328323569,59.135967167643045
1351.0,1.0,82.91481734096539,53.33741223455589
1.0,1314.0,51.90388376011011,79.9348579893367

769.0,48.0,77.42483923479755,21.57516076520248
43.0,767.0,55.76069267143894,35.23930732856105
18.155556479953223,20.660637948711116,18.353668176583795,306.4370094036581
29.219082467336403,28.420589017139058,262.6502146626414,17.47285025790462

Iteration: ,12500
Error:,0.034603452131286384
Absolute Error:,0.03435247986305592
Transition Probabilities
0.06208053691275163,0.07466442953020129,0.808246906576499,0.05500812698054824
0.050655021834061134,0.0611353711790393,0.0672838468659772,0.8209257601209223
0.07767226139255907,0.8328025249406825,0.04059571917300715,0.048929494493751176
0.8356182081517559,0.055221056478707876,0.04687566502642752,0.06228507034310859

0.05163043478260872,0.06340579710144931,0.06322501293327534,0.8217387551826667
0.05117449664429529,0.05536912751677851,0.8350778410687532,0.05837853477017304
0.9022629766894597,0.0005323085408197402,0.05966959926772501,0.03753511550199561
0.000551237999883596,0.9111964138075843,0.03534313772239129,0.05290921047014084

0.8401420959147424,0.04884547069271759,0.08310458485424968,0.027907848538290304
0.04698581560283688,0.8519503546099291,0.060762160573696336,0.0403016692135377
0.04543165688992029,0.05925471064057978,0.051482036189952625,0.8438315962795473
0.08632869256101736,0.08411989342680193,0.7838824504931613,0.04566896351901945

Transition Gammas
74.0,89.0,963.4303126391875,65.56968736081355
58.0,70.0,77.04000466154389,939.9599953384561
33.627006614446685,360.54899796429834,17.57528997706906,21.183269361338905
319.54946110768304,21.11713060752666,17.92576245004326,23.818486084951232

57.0,70.0,69.80041427833595,907.1995857216637
61.0,66.0,995.412786553954,69.58721344604628
1695.0,1.0,112.09588930479211,70.51383290636778
1.0,1653.0,64.1159312853153,95.98251659231327

946.0,55.0,93.57576254588514,31.42423745411488
53.0,961.0,68.53971712712946,45.46028287287052
20.365750259251964,26.56224142373349,23.077967295420518,378.2662735003178
35.92440759448516,35.00524852884987,326.2010789492292,19.004463188357985

Iteration: ,15000
Error:,0.03252418839728383
Absolute Error:,0.03325958311370981
Transition Probabilities
0.058947368421052596,0.07017543859649118,0.8154855453306419,0.055391647651814264
0.04981684981684982,0.060805860805860805,0.06856273787425715,0.8208145515030323
0.07928438500918555,0.8341036118089031,0.03966635858633042,0.04694564459558094
0.8292446307629452,0.049390488826698845,0.05119958633072259,0.07016529407963332

0.056421677802524134,0.05716406829992577,0.06258596018389767,0.8238282937136524
0.05096913137114139,0.05384063173007893,0.8348946179737086,0.0602956189250711
0.9048780665383195,0.0004440029767116386,0.05652352947501784,0.03815440100995102
0.00046039824834481205,0.911128133474383,0.03565069878785086,0.052760769489421246

0.8404726735598228,0.053175775480059084,0.08058175960393635,0.025769791356181845
0.05077262693156733,0.8410596026490066,0.06639805872196522,0.04176971169746083
0.05581879166885977,0.05677641772638255,0.051793241526221306,0.8356115490785363
0.07809231413272658,0.0746061055140015,0.8036451093504831,0.04365647100278879

Transition Gammas
84.0,100.0,1162.0669020961654,78.93309790383537
68.0,83.0,93.58813719836101,1120.411862801639
40.487570843520636,425.94552597004895,20.256126136092025,23.97338531588681
389.6753717806114,23.209384036966892,24.059508012830605,32.971798721713

76.0,77.0,84.30328836771015,1109.6967116322896
71.0,75.0,1163.0082028373768,83.9917971626241
2038.0,1.0,127.30439307781378,85.93275948852637
1.0,1979.0,77.4344796402234,114.59811082927153

1138.0,72.0,109.10770250372981,34.89229749627022
69.0,1143.0,90.23496180315074,56.76503819684927
30.11906144663178,30.635783453810504,27.94692929404228,450.8846365130518
39.59955143363425,37.83174241121307,407.5175155909027,22.137603272297046

Iteration: ,17500
Error:,0.03311179861828898
Absolute Error:,0.033378211115863136
Transition Probabilities
0.06096832038254633,0.06814106395696354,0.81751813277832,0.053372482882170114
0.05051150895140665,0.0632992327365729,0.0652909013304885,0.8208983569815319
0.0828737731810789,0.8288925855261139,0.04217150712568731,0.04606213416711985
0.8238445858239971,0.04820125122959013,0.05411333411820514,0.07384082882820761

0.05752212389380532,0.06005056890012644,0.06179029429076076,0.8206370129153076
0.05373687461395919,0.05188387893761578,0.8348358572110256,0.059543389237399436
0.9017188681104336,0.00037697277094917786,0.0590550706245239,0.03884908849409346
0.0003982504896872372,0.910002368935337,0.03679315968739139,0.05280622088758434

0.8379052369077307,0.0529925187032419,0.08153812643564125,0.02756411795338619
0.05502846299810247,0.8374446552814674,0.0637961974576079,0.04373068426282223
0.0533259503100583,0.056761098774626234,0.049926616468903964,0.8399863344464115
0.07722823508834366,0.06934683882355065,0.8115530029625245,0.0418719231255812

Transition Gammas
102.0,114.0,1367.7078361381293,89.2921638618706
79.0,99.0,102.114969680884,1283.885030319116
49.231171604224606,492.4037069042532,25.051987189929275,27.363214495898408
450.9027757710941,26.381283981279008,29.617057610110987,40.414217993040324

91.0,95.0,97.7522455679835,1298.247754432016
87.0,84.0,1351.5992528246513,96.40074717534975
2392.0,1.0,156.65606424524887,103.05542333011354
1.0,2285.0,92.38697915045027,132.59549518458917

1344.0,85.0,130.78715480276855,44.212845197231445
87.0,1324.0,100.86178818047807,69.13821181952194
32.858655563885684,34.97534283437504,30.764036730396608,517.5870562355356
45.28406854285466,40.66267989840338,475.86768971574446,24.552303113892474

Iteration: ,20000
Error:,0.03428339866294046
Absolute Error:,0.033665559729745935
Transition Probabilities
0.06057441253263709,0.06475195822454309,0.8205269317832335,0.05414669745958629
0.047914317925591886,0.0636978579481398,0.06742494239970752,0.8209628817265608
0.07791428760076609,0.8300704217927912,0.0413089904592116,0.050706300147231036
0.8241113177198555,0.0478750338225596,0.05191785446253432,0.07609579399505075

0.05648769574944074,0.058724832214765134,0.059954381966154005,0.8248330900696402
0.054399999999999976,0.05599999999999997,0.8288818092393907,0.06071819076060938
0.9014940970055335,0.0003298551397751678,0.05902226618146518,0.03915378167322613
0.0003481664801070451,0.9094108460396019,0.03738760295333782,0.05285338452695324

0.8318777292576419,0.05458515283842795,0.08637420316985109,0.027162914734079016
0.05415968732551647,0.8364042434394193,0.06507102235167735,0.04436504688338687
0.053467717862280745,0.053477046479161114,0.047894333840457354,0.8451609018181008
0.07738024545238492,0.0731758420629328,0.8071294632924163,0.04231444919226591

Transition Gammas
116.0,124.0,1571.3090743648918,103.69092563510773
85.0,113.0,119.61184781708111,1456.3881521829187
53.833275661630815,573.520097673307,28.541597942718663,35.034475930707735
523.7505878337912,30.426201616189868,32.99555073343271,48.36144824082504

101.0,105.0,107.19843495548331,1474.8015650445159
102.0,105.0,1554.1533923238583,113.84660767614264
2733.0,1.0,178.93389874626567,118.69992900493745
1.0,2612.0,107.3842689906359,151.80491961978439

1524.0,100.0,158.2375402071672,49.76245979283276
97.0,1498.0,116.54220103185413,79.45779896814588
37.836978260074574,37.84357975137084,33.892915964168246,598.0867698659697
50.664447349369446,47.91162881131657,528.4652169043113,27.705238858906334

Iteration: ,22500
Error:,0.03366299799220149
Absolute Error:,0.033513003875135845
Transition Probabilities
0.06156015037593988,0.06437969924812033,0.8199913678549586,0.054068782520981205
0.047355163727959705,0.06448362720403024,0.06909487153991865,0.8190663375280913
0.07794709720749798,0.831043898434402,0.039151620767302116,0.0518573835907979
0.8275895358726022,0.04533410313875969,0.053182255123097974,0.07389410586554013

0.05695889053987125,0.05844477464091137,0.05828650470675032,0.8263098301124671
0.05450236966824643,0.05592417061611373,0.8258956369167482,0.0636778227988918
0.9020826330349162,0.0002951841076684935,0.058909948168646725,0.038712234688768596
0.00031039674267420864,0.9069792820940377,0.03832276586085896,0.05438755530242908

0.8277027027027027,0.0555019305019305,0.08536450324608784,0.03143086354927891
0.05563835072031793,0.8380526577247889,0.06445662957468364,0.041852361980209585
0.0559474979920699,0.05192854971316025,0.04638450099955244,0.8457394512952174
0.07150294235462083,0.07119371815202051,0.8156972139025116,0.041606125590847115

Transition Gammas
131.0,137.0,1744.941630795351,115.05836920464796
94.0,128.0,137.15332000673848,1625.846679993261
61.057252535083954,650.9704529390605,30.668113143244202,40.62074764995215
593.5839564240051,32.51563140375582,38.14467442998078,53.0001332965545

115.0,118.0,117.68045300292884,1668.3195469970703
115.0,118.0,1742.639793894339,134.36020610566172
3056.0,1.0,199.57018903878637,131.1460667531748
1.0,2922.0,123.46381450620571,175.21947825178717

1715.0,115.0,176.875250725894,65.12474927410591
112.0,1687.0,129.75119533383815,84.24880466616189
45.13501616267884,41.89277473927741,37.420175654849444,682.2908114503244
54.45850402505952,54.22299081500954,621.2562524522327,31.688309366612422

Iteration: ,25000
Error:,0.03584553239854923
Absolute Error:,0.035228431272390164
Transition Probabilities
0.06213017751479291,0.06424344885883349,0.8184713013027356,0.055155072323638164
0.05130513051305131,0.06435643564356436,0.06828631752341259,0.8160521163199718
0.07990243751227195,0.8293930751761452,0.03836980192479258,0.0523346853867902
0.8191271454431553,0.04830504356956509,0.055444774226058716,0.07712303676122076

0.05795809184128404,0.05795809184128404,0.0597608239490852,0.8243229923683467
0.054319931565440537,0.057313943541488444,0.8234357066050966,0.06493041828797444
0.9020954480194439,0.0002655565051573282,0.05922073097758541,0.03841826449781337
0.0002763711265440768,0.9051154394318515,0.038966077316131054,0.055642112125473375

0.8263525305410122,0.055846422338568937,0.08536135070181475,0.032439696418604086
0.058061634658329614,0.8329611433675748,0.06812740351061607,0.04084981846347953
0.05784093767318149,0.05279041845502831,0.04711495318553236,0.8422536906862579
0.07295663964213721,0.06715982044446049,0.8172327382163919,0.042650801697010396

Transition Gammas
147.0,152.0,1936.503098882272,130.49690111772787
114.0,143.0,151.73219753702278,1813.2678024629772
68.73452423940088,713.4693284035337,33.00687892100422,45.01989943332165
643.0271333606221,37.92018597624775,43.52498196250243,60.54274421317563

130.0,130.0,134.043528117798,1848.9564718822003
127.0,134.0,1925.1926820427161,151.80731795728425
3397.0,1.0,223.0061392866285,144.67077157478246
1.0,3275.0,140.99185324960703,201.33113332517152

1894.0,128.0,195.6482158085594,74.35178419144056
130.0,1865.0,152.53725646026936,91.46274353973067
51.5605995159523,47.05846298030002,41.99923670218147,750.8022342528915
59.894576418000995,55.135612297399504,670.9164365366869,35.014656843585975

Iteration: ,27500
Error:,0.03463549079162726
Absolute Error:,0.035176750129462316
Transition Probabilities
0.061839530332681,0.06614481409001954,0.8157348466777202,0.056280808899579295
0.053824362606232294,0.06475111290975313,0.06689412457709236,0.8145303999069223
0.08048375337015645,0.8237661290726873,0.04045282988082239,0.05529728767633396
0.8278632572311003,0.04843428281421433,0.05109662741261144,0.0726058325420739

0.056112224448897845,0.059318637274549155,0.06274224329686844,0.8218268949796846
0.05603112840466925,0.056420233463035006,0.8243939229652697,0.06315471516702609
0.9028950601019148,0.00024336794072827892,0.05815969295703106,0.03870187900032593
0.000250626367327987,0.906014317890673,0.03911128767460418,0.05462376806739488

0.8244575936883629,0.05601577909270217,0.08690173414100354,0.03262489307793138
0.058299595141700404,0.8356275303643724,0.06669552236272949,0.03937735213119765
0.057700709465451576,0.053955227788832535,0.046324530378699595,0.8420195323670163
0.06775054776785082,0.07011161030468484,0.821379377310353,0.040758464617111266

Transition Gammas
158.0,169.0,2084.202533261576,143.79746673842516
133.0,160.0,165.29538182999522,2012.704618170005
76.2103283636999,780.0268322824301,38.30491645039904,52.361181915231484
715.0534362129239,41.834324756298,44.13388164185663,62.71210806233098

140.0,148.0,156.5418970256866,2050.4581029743113
144.0,145.0,2118.6923820207435,162.30761797925706
3710.0,1.0,238.97844877590734,159.02620075803944
1.0,3615.0,156.0541617850625,217.94900771916963

2090.0,142.0,220.29589604744396,82.70410395255605
144.0,2064.0,164.73794023594183,97.2620597640582
56.094031432521966,52.4528428085935,45.034622402961425,818.573472544099
61.39283284263052,63.53233314824475,744.301093835984,36.933688178207916

Iteration: ,30000
Error:,0.03431857373159777
Absolute Error:,0.03423579739727814
Transition Probabilities
0.06099748833871543,0.06673842841765336,0.8162275558150426,0.056036527428588626
0.05471905986044805,0.06390011017260376,0.06495586650271486,0.8164249634642333
0.07996549189691653,0.8250860285702671,0.04002471473527431,0.05492376479754197
0.82948879405026,0.04917812035162612,0.04932204494990782,0.0720110406482059

0.05773501110288679,0.05921539600296081,0.06361599882528074,0.8194335940688716
0.05775401069518713,0.056684491978609586,0.8250213052423798,0.06054019208382355
0.901423480083117,0.00022362279337214514,0.05794957424841588,0.04040332287509497
0.00022862778901099737,0.9078809501626706,0.03791795664392766,0.05397246540439073

0.8245296671490593,0.05535455861070912,0.0872707998818305,0.032844974358401044
0.05644262903824731,0.8384701076865949,0.06662235079775143,0.0384649124774064
0.0554149978744699,0.052492016852545696,0.046038819480727244,0.8460541657922572
0.06764190296340467,0.06857096409764782,0.8228491341263059,0.04093799881264158

Transition Gammas
170.0,186.0,2274.826198056525,156.17380194347658
149.0,174.0,176.87482448689252,2223.125175513107
82.13554077750571,847.4766494520443,41.11087809582924,56.41424839852192
773.3398887472105,45.84920543148301,45.98338763336627,67.13654308882697

156.0,160.0,171.89042882590846,2214.1095711740895
162.0,159.0,2314.184761204877,169.81523879512517
4031.0,1.0,259.13983710944103,180.67622832998597
1.0,3971.0,165.8501654936782,236.0713264029097

2279.0,153.0,241.21649087337948,90.78350912662049
152.0,2258.0,179.4139906983446,103.58600930165544
58.865862702712576,55.76085853201864,48.9058004240406,898.740598626459
66.38304342614569,67.29481413214391,807.5353798580293,40.17611619278874

Iteration: ,32256
Error:,0.034587371757072834
Absolute Error:,0.03407480440421662
Transition Probabilities
0.06029313790806123,0.06395736175882738,0.8189397219918904,0.05680977834122106
0.054266211604095546,0.0645051194539249,0.06427309302655339,0.8169555759154261
0.07898572121876514,0.8271206082854501,0.040127898777761364,0.05376577171802351
0.8242250316331197,0.05146590174621359,0.04996034968002813,0.07434871694063866

0.057340241796200335,0.060103626943005174,0.06228145687605723,0.8202746743847373
0.056704469646430944,0.05770513675783855,0.8248337373845994,0.06075665621113114
0.9020336191154295,0.00020726875439233214,0.057824496981272594,0.0399346151489056
0.00021269126565567537,0.9075536305527668,0.03841866845934245,0.05381500972223514

0.824260752688172,0.055443548387096774,0.08525821747067737,0.03503748145405381
0.057652711050102945,0.8366506520247081,0.06836056090610516,0.037336076019083606
0.05612166916713003,0.05459262435926281,0.04481721882759363,0.8444684876460136
0.06557089150662836,0.0671082716849045,0.8259896965521266,0.04133114025634063


Model Num 2
Model States: 
['rose'],['volcano'],"['nothing', 'f', 'rose']","['nothing', 'f', 'volcano']","['nothing', 'f', 'nothing', 'f', 'volcano']"
Iteration: ,0
Error:,0.566268752210494
Absolute Error:,1
Transition Probabilities
0.2,0.2,0.2,0.2,0.2
0.2,0.2,0.2,0.2,0.2
0.2,0.2,0.2,0.2,0.2
0.2,0.2,0.2,0.2,0.2
0.2,0.2,0.2,0.2,0.2

0.2,0.2,0.2,0.2,0.2
0.2,0.2,0.2,0.2,0.2
0.2,0.2,0.2,0.2,0.2
0.2,0.2,0.2,0.2,0.2
0.2,0.2,0.2,0.2,0.2

0.2,0.2,0.2,0.2,0.2
0.2,0.2,0.2,0.2,0.2
0.2,0.2,0.2,0.2,0.2
0.2,0.2,0.2,0.2,0.2
0.2,0.2,0.2,0.2,0.2

Transition Gammas
1.0,1.0,1.0,1.0,1.0
1.0,1.0,1.0,1.0,1.0
1.0,1.0,1.0,1.0,1.0
1.0,1.0,1.0,1.0,1.0
1.0,1.0,1.0,1.0,1.0

1.0,1.0,1.0,1.0,1.0
1.0,1.0,1.0,1.0,1.0
1.0,1.0,1.0,1.0,1.0
1.0,1.0,1.0,1.0,1.0
1.0,1.0,1.0,1.0,1.0

1.0,1.0,1.0,1.0,1.0
1.0,1.0,1.0,1.0,1.0
1.0,1.0,1.0,1.0,1.0
1.0,1.0,1.0,1.0,1.0
1.0,1.0,1.0,1.0,1.0

Iteration: ,2500
Error:,0.06125408016176338
Absolute Error:,1
Transition Probabilities
0.053921568627450976,0.06862745098039215,0.7069397379277347,0.08763464753801103,0.08287659492641128
0.08370044052863435,0.044052863436123336,0.06007884295905103,0.7197072184513749,0.09246063462481637
0.06856495313443539,0.8031455475473908,0.0302816435315107,0.05609031356472415,0.04191754222193886
0.8074304176689802,0.10676462231119721,0.02726269546539223,0.03165862008211739,0.02688364447231298
0.16414222140697904,0.2499568561565474,0.27592882391470064,0.15469525986346933,0.15527683865830363

0.08270676691729321,0.04511278195488721,0.047966816878344185,0.7438220659358492,0.08039156831362625
0.04580152671755726,0.04580152671755726,0.7239240637023664,0.09189499726230671,0.09257788560021227
0.9877300613496932,0.003067484662576687,0.003067484662576687,0.003067484662576687,0.003067484662576687
0.0027397260273972603,0.989041095890411,0.0027397260273972603,0.0027397260273972603,0.0027397260273972603
0.010204081632653062,0.010204081632653062,0.4110157985260928,0.48026638443181985,0.08830965377678127

0.8010752688172043,0.06451612903225806,0.05086351364521806,0.07072161840909329,0.012823470096226293
0.065,0.795,0.07990347325536107,0.04399996047294126,0.016096566271697657
0.06411693097772285,0.046709562833934515,0.048624206749805145,0.7476761795369395,0.09287311990159813
0.06410728026894792,0.05385285888103661,0.7720722426752408,0.07941102463513926,0.030556593539635458
0.18351372429438464,0.18351372429438464,0.2659451028224614,0.18351372429438464,0.18351372429438464

Transition Gammas
11.0,14.0,144.2157065372579,17.877468097754253,16.906825364987903
19.0,10.0,13.637897351704588,163.37353858846214,20.98856405983332
5.128678914716982,60.07552615224357,2.265075954745108,4.195572159660509,3.135444642234378
60.246127322766036,7.966203512491878,2.034196119229157,2.3621964377272886,2.0059133670673033
1.2311095569444905,1.874741744082677,2.0695382896980705,1.1602548765300862,1.1646168694792467

22.0,12.0,12.759173289639556,197.85666953893593,21.384157171424587
12.0,12.0,189.66810469001996,24.076489282724353,24.25540602725561
322.0,1.0,1.0,1.0,1.0
1.0,361.0,1.0,1.0,1.0
1.0,1.0,40.27954825555709,47.06610567431834,8.654346070124562

149.0,12.0,9.46061353801056,13.154221024091353,2.3851654378980904
13.0,159.0,15.980694651072215,8.799992094588251,3.2193132543395313
5.259826095237786,3.831814370161287,3.9888819945502902,61.33554148564078,7.618837211255474
5.6764546773837194,4.768464851468927,68.36404656110258,7.0315427566861555,2.705669583786625
1.0,1.0,1.4491837264217036,1.0,1.0

Iteration: ,5000
Error:,0.043901492475397416
Absolute Error:,1
Transition Probabilities
0.0648148148148148,0.05324074074074073,0.7494219911070098,0.0687604117210466,0.06376204161638814
0.07654320987654319,0.05679012345679011,0.05923543112234036,0.7342749923529157,0.07315624319141055
0.0656451122018866,0.8405325437329109,0.024796076429389684,0.04694173151848551,0.022084536117327386
0.8727416793446695,0.06184190531035504,0.01849733825236438,0.032383020073795184,0.014536057018815754
0.16414222140697904,0.2499568561565474,0.27592882391470064,0.15469525986346933,0.15527683865830363

0.0833333333333333,0.04259259259259258,0.05562689045767314,0.7591183262566805,0.05932885735972053
0.05046728971962618,0.04485981308411216,0.7657492284462962,0.06363130182811289,0.07529236692185251
0.9941262848751835,0.0014684287812041115,0.0014684287812041115,0.0014684287812041115,0.0014684287812041115
0.0014124293785310734,0.9943502824858758,0.0014124293785310734,0.0014124293785310734,0.0014124293785310734
0.006211180124223601,0.006211180124223601,0.41918770858188226,0.4807076887009795,0.08768224246869087

0.8184143222506394,0.05115089514066496,0.06082777872705372,0.06320852492980523,0.006398478951836678
0.06613756613756613,0.798941798941799,0.0711964643940049,0.04951794951797931,0.01420622100865069
0.04854333371978107,0.04930346836990679,0.03237439109646445,0.7987792133789194,0.07099959343492827
0.059856922092514184,0.039521585863632504,0.7892838169228305,0.07674106569518722,0.034596609425835555
0.18351372429438464,0.18351372429438464,0.2659451028224614,0.18351372429438464,0.18351372429438464

Transition Gammas
28.0,23.0,323.7503001582283,29.704497863492143,27.545201978279685
31.0,23.0,23.990349604547852,297.38137190293094,29.628278492521282
10.084221872016771,129.12030122799783,3.8091051699392895,7.211059891759105,3.3925657932121984
133.63334342328668,9.469171423661683,2.832294152550381,4.95845603002951,2.22574668494632
1.2311095569444905,1.874741744082677,2.0695382896980705,1.1602548765300862,1.1646168694792467

45.0,23.0,30.03852084714351,409.92389617860766,32.0375829742491
27.0,24.0,409.6758372187684,34.042746478040385,40.28141630319109
677.0,1.0,1.0,1.0,1.0
1.0,704.0,1.0,1.0,1.0
1.0,1.0,67.48922108168306,77.39393788085772,14.116841037459233

320.0,20.0,23.783661482278006,24.71453324755385,2.5018052701681412
25.0,302.0,26.912263540933854,18.71778491779618,5.369951541269961
8.438646725217117,8.570786553376335,5.627879844102105,138.85769840328805,12.34238443717059
10.134470019359513,6.691462124187929,133.63488966250128,12.993151040067229,5.857606584844263
1.0,1.0,1.4491837264217036,1.0,1.0

Iteration: ,7500
Error:,0.041246940236623196
Absolute Error:,1
Transition Probabilities
0.06720000000000002,0.06560000000000002,0.735896790468712,0.07063811792750957,0.06066509160377849
0.07119205298013248,0.06456953642384108,0.06514738420907577,0.7311375512740818,0.06795347511286896
0.05547682014289985,0.8417959976541795,0.026734141557085787,0.05158977165390635,0.02440326899192853
0.8689030476679238,0.056646745077773744,0.024372038942926135,0.03917641751556818,0.010901750795808055
0.16414222140697904,0.2499568561565474,0.27592882391470064,0.15469525986346933,0.15527683865830363

0.08111380145278452,0.050847457627118654,0.05628126529307005,0.7493270057262268,0.06243046990079993
0.053549190535491904,0.05603985056039851,0.7541575316138734,0.06539297869669881,0.07086044859353736
0.9961127308066083,0.0009718172983479105,0.0009718172983479105,0.0009718172983479105,0.0009718172983479105
0.0009606147934678194,0.9961575408261287,0.0009606147934678194,0.0009606147934678194,0.0009606147934678194
0.004098360655737705,0.004098360655737705,0.4529696761802691,0.4531199294465423,0.08571367306171317

0.8260105448154659,0.05096660808435853,0.05760667364668829,0.055610078582543035,0.009806094870944443
0.05813953488372093,0.8106312292358804,0.07260491458160656,0.04960587895391556,0.009018442344876546
0.04345691379956689,0.044138687120895075,0.032786723898747115,0.8115828835355426,0.06803479164524834
0.052098999149776025,0.03858394138629262,0.80477975633704,0.06123690187877217,0.04330040124811922
0.18351372429438464,0.18351372429438464,0.2659451028224614,0.18351372429438464,0.18351372429438464

Transition Gammas
42.0,41.0,459.93549404294487,44.14882370469346,37.91568225236154
43.0,39.0,39.34902006228175,441.6070809695452,41.04389896817284
12.312392454054006,186.8261854712067,5.933311280733204,11.449710231800669,5.416003012006185
198.4754483413735,12.939289552000128,5.567078362969873,8.948704981160203,2.4901856227932813
1.2311095569444905,1.874741744082677,2.0695382896980705,1.1602548765300862,1.1646168694792467

67.0,42.0,46.48832513207586,618.9441067298633,51.567568138060736
43.0,45.0,605.5884978859403,52.51056189344915,56.90094022061051
1025.0,1.0,1.0,1.0,1.0
1.0,1037.0,1.0,1.0,1.0
1.0,1.0,110.52460098798566,110.56126278495631,20.914136227058012

470.0,29.0,32.77819730496563,31.64213471346698,5.579667981567387
35.0,488.0,43.70815857812715,29.862739130257165,5.42910229161568
10.845359314401117,11.01550661650545,8.182444870889995,202.54332891555768,16.979156980091098
13.359304488800566,9.893752850715423,206.36284740175216,15.702459385015612,11.103154651740592
1.0,1.0,1.4491837264217036,1.0,1.0

Iteration: ,10000
Error:,0.0359726899627222
Absolute Error:,1
Transition Probabilities
0.06503067484662575,0.06012269938650306,0.7363704208580221,0.07684102999334107,0.06163517491550809
0.0625782227784731,0.060075093867334166,0.06611322401743495,0.7455001742521519,0.0657332850846059
0.052043994438566395,0.858559650205079,0.02600197423969333,0.043526326031786834,0.019868055084874516
0.8645034046250242,0.053690523549622164,0.025183499903947033,0.04642612565071527,0.010196446270691346
0.16414222140697904,0.2499568561565474,0.27592882391470064,0.15469525986346933,0.15527683865830363

0.0709677419354839,0.04884792626728113,0.05979758763824152,0.7521317633934851,0.06825498076550848
0.052777777777777764,0.05833333333333332,0.7494499675032673,0.07044222411505355,0.06899669727056794
0.9970717423133236,0.0007320644216691069,0.0007320644216691069,0.0007320644216691069,0.0007320644216691069
0.0007173601147776184,0.9971305595408895,0.0007173601147776184,0.0007173601147776184,0.0007173601147776184
0.0029850746268656717,0.0029850746268656717,0.441024525323518,0.4554837898661012,0.09752153555664951

0.8257978723404256,0.05319148936170213,0.05391874208187686,0.056856895914395696,0.010235000301599783
0.054958183990442055,0.8255675029868578,0.06619182360420724,0.04184117033510633,0.011441319083386562
0.04548762189732756,0.046598150889504995,0.02901906959691308,0.8150427352503297,0.0638524223659247
0.048254923394126285,0.040722883461323744,0.8141474623754908,0.05307233779545479,0.04380239297360436
0.18351372429438464,0.18351372429438464,0.2659451028224614,0.18351372429438464,0.18351372429438464

Transition Gammas
53.0,49.0,600.1418929992881,62.62543944457298,50.2326675561391
50.0,48.0,52.82446598993052,595.6546392274694,52.52089478260011
14.837040313811908,244.76376725736776,7.412811875699211,12.40876802429255,5.664114321572412
266.102119930581,16.5264382538022,7.751713499171926,14.290389592135163,3.1385601882807137
1.2311095569444905,1.874741744082677,2.0695382896980705,1.1602548765300862,1.1646168694792467

77.0,53.0,64.88038258749202,816.0629632819309,74.05665413057667
57.0,63.0,809.4059649035289,76.07760204425784,74.51643305221339
1362.0,1.0,1.0,1.0,1.0
1.0,1390.0,1.0,1.0,1.0
1.0,1.0,147.74321598337852,152.5870696051439,32.669714411477585

621.0,40.0,40.5468940455714,42.75638572762556,7.696720226803037
46.0,691.0,55.402556356721455,35.021059570484,9.576384072794552
14.872993678971332,15.23610104735059,9.48830518462154,266.49283791601874,20.877694516081093
16.30381242294114,13.758974350698702,275.07467793015377,17.931464385443178,14.799443217114879
1.0,1.0,1.4491837264217036,1.0,1.0

Iteration: ,12500
Error:,0.03641590958891229
Absolute Error:,1
Transition Probabilities
0.06513026052104208,0.05911823647294589,0.7356750143854545,0.07331480384964752,0.06676168477091012
0.06993006993006995,0.06393606393606396,0.06321002078871056,0.7380246890939108,0.06489915625124477
0.048315055381338436,0.8632073787208923,0.028507626487034924,0.043103692641949146,0.01686624676878525
0.8603515522349702,0.05394272392157202,0.02706740980918668,0.048504553650991995,0.01013376038327909
0.16414222140697904,0.2499568561565474,0.27592882391470064,0.15469525986346933,0.15527683865830363

0.06328182487122887,0.04856512141280355,0.060509605426872635,0.7573555801130689,0.07028786817602614
0.05685131195335275,0.05976676384839648,0.7464705591742187,0.06609270220334552,0.07081866282068658
0.9976525821596244,0.0005868544600938967,0.0005868544600938967,0.0005868544600938967,0.0005868544600938967
0.0005681818181818182,0.9977272727272727,0.0005681818181818182,0.0005681818181818182,0.0005681818181818182
0.002336448598130841,0.002336448598130841,0.4311688672341687,0.46530109832007543,0.09885713724949416

0.8261802575107297,0.05686695278969957,0.052269477050963485,0.05412615251331185,0.010557160135295483
0.05099150141643059,0.826251180358829,0.06772793680900792,0.042018981775377,0.013010399640355403
0.04136467815982635,0.048279527940890965,0.029174111464350897,0.8216706637460678,0.059511018688864055
0.05174935157222877,0.038915244086158284,0.8165047404676389,0.05279494870879327,0.04003571516518091
0.18351372429438464,0.18351372429438464,0.2659451028224614,0.18351372429438464,0.18351372429438464

Transition Gammas
65.0,59.0,734.2036643566836,73.16817424194824,66.6281614013683
70.0,64.0,63.273230809499246,738.7627137830045,64.96405540749599
