0,1,2,3,4,5,6,7,8,9,10,11,12,13,14,15,16,17,18,19,20,21,22,23,24,25,26,27,28,29
github Code Version (SHA):,528ca1c557fe8e6666681dc5c9134b0f84d30530
Environment Observations,Environment Actions,alpha,epsilon,numActions,explore,patience,gainThresh,insertRandActions,useUpdatedPosterior,revisedSplitting,haveControl,confidence_factor
"['diamond', 'square']","['x', 'y']",0.85,0.99,75000,0.5,0,0.01,False,True,False,False,250

Model Num 0
Model States: 
['diamond'],['square']
Iteration: ,0
Error:,0.5053252544743961
Absolute Error:,1
Transition Probabilities
0.5,0.5
0.5,0.5

0.5,0.5
0.5,0.5

Transition Gammas
1.0,1.0
1.0,1.0

1.0,1.0
1.0,1.0

Iteration: ,2500
Error:,0.08187275914647126
Absolute Error:,1
Transition Probabilities
0.46774193548387094,0.532258064516129
0.0994550408719346,0.9005449591280654

0.11553030303030302,0.884469696969697
0.8810160427807486,0.11898395721925134

Transition Gammas
232.0,264.0
73.0,661.0

61.0,467.0
659.0,89.0

Iteration: ,2515
Error:,0.07863281061887815
Absolute Error:,1
Transition Probabilities
0.468,0.532
0.10040705563093623,0.8995929443690638

0.11466165413533834,0.8853383458646616
0.8816489361702128,0.11835106382978723


Model Num 1
Model States: 
['square'],"['diamond', 'x', 'square']","['diamond', 'x', 'diamond']"
Iteration: ,0
Error:,0.5676631949769932
Absolute Error:,1
Transition Probabilities
0.3333333333333333,0.3333333333333333,0.3333333333333333
0.3333333333333333,0.3333333333333333,0.3333333333333333
0.3333333333333333,0.3333333333333333,0.3333333333333333

0.3333333333333333,0.3333333333333333,0.3333333333333333
0.3333333333333333,0.3333333333333333,0.3333333333333333
0.3333333333333333,0.3333333333333333,0.3333333333333333

Transition Gammas
1.0,1.0,1.0
1.0,1.0,1.0
1.0,1.0,1.0

1.0,1.0,1.0
1.0,1.0,1.0
1.0,1.0,1.0

Iteration: ,2500
Error:,0.07354477441071701
Absolute Error:,1
Transition Probabilities
0.8691019786910198,0.08147097007980264,0.04942705122917756
0.9958932238193019,0.002053388090349076,0.002053388090349076
0.002808988764044944,0.8352664530766506,0.1619245581593045

0.09116022099447514,0.39973022099113037,0.5091095580143945
0.8684319220799583,0.05013972063120637,0.08142835728883518
0.8899165715033636,0.062158165122960636,0.047925263373675774

Transition Gammas
571.0,53.52642734243034,32.473572657569655
485.0,1.0,1.0
1.0,297.35485729528756,57.6451427047124

66.0,289.4046799975784,368.5953200024216
76.79400965250557,4.433773209193797,7.200575999843008
89.40652972920986,6.244794193000496,4.814868743662406

Iteration: ,5000
Error:,0.05747208558923898
Absolute Error:,1
Transition Probabilities
0.8883018867924528,0.06747769013561819,0.04422042307192897
0.9979144942648592,0.0010427528675703858,0.0010427528675703858
0.0014285714285714288,0.8350995383387888,0.1634718902326398

0.10673011556764106,0.4040235728938174,0.4892463115385416
0.8926374949899752,0.04795926287714266,0.05940324213288214
0.9084686574332762,0.044724902694699205,0.04680643987202455

Transition Gammas
1177.0,89.40793942969411,58.59206057030589
957.0,1.0,1.0
1.0,584.5696768371521,114.43032316284784

157.0,594.3186757268054,719.6813242731947
158.16137969056697,8.49763003253259,10.525323870621154
170.7713602800825,8.40726029354411,8.798541745399284

Iteration: ,7500
Error:,0.05814377836094677
Absolute Error:,1
Transition Probabilities
0.8942495126705653,0.06195396464619235,0.04379652268324235
0.9985984583041345,0.000700770847932726,0.000700770847932726
0.0009832841691248776,0.8427411287651387,0.15627558706573638

0.11207289293849658,0.4069247211516265,0.481002385909877
0.8824957385678884,0.057521797407152644,0.05998246402495898
0.9133689528671973,0.04076272619232815,0.04586832094047458

Transition Gammas
1835.0,127.1295354539867,89.8704645460133
1425.0,1.0,1.0
1.0,857.0677279541458,158.93227204585384

246.0,893.1997629278201,1055.80023707218
218.7995113850994,14.261531944734125,14.871611552066113
258.1484684219728,11.520903247500415,12.963914267833294

Iteration: ,10000
Error:,0.0560928716103235
Absolute Error:,1
Transition Probabilities
0.8927147517216383,0.06210234639692003,0.0451829018814417
0.9989389920424403,0.0005305039787798408,0.0005305039787798408
0.0007347538574577516,0.8422462627239745,0.15701898341856763

0.10999999999999993,0.4014662856894313,0.4885337143105687
0.8882300108126219,0.05439812375341797,0.0573718654339603
0.906202426829208,0.04770069628484866,0.04609687688594332

Transition Gammas
2463.0,171.34037370910235,124.65962629089766
1883.0,1.0,1.0
1.0,1146.2971635673293,213.70283643267055

319.0,1164.2522284993515,1416.74777150065
290.0944907446892,17.766339591787776,18.737558834463385
347.2310981372033,18.277555502528877,17.663017343495003

Iteration: ,12500
Error:,0.06113041773054421
Absolute Error:,1
Transition Probabilities
0.8908195771792644,0.06406466102162027,0.04511576179911532
0.9991496598639455,0.00042517006802721087,0.00042517006802721087
0.0005837711617046119,0.8425392726448904,0.15687695619340505

0.11138819617622604,0.3989964660712655,0.48961533775250843
0.8797514053826787,0.05055439696048707,0.06969419765683416
0.9021582885120987,0.0464686190437892,0.05137309244411207

Transition Gammas
3076.0,221.2152745076548,155.7847254923452
2350.0,1.0,1.0
1.0,1443.2697740406968,268.7302259593028

402.0,1439.9782460511979,1767.0217539488037
361.9023184107265,20.796503823597845,28.670021505464142
430.89954569716167,22.194893169099018,24.537425945213503

Iteration: ,15000
Error:,0.05954036007454587
Absolute Error:,1
Transition Probabilities
0.8913198573127229,0.06498624916745553,0.04369389351982154
0.9992844364937388,0.00035778175313059033,0.00035778175313059033
0.0004921259842519685,0.8449101727809395,0.1545977012348085

0.11625752663270028,0.39460291686595594,0.4891395565013439
0.8800953814894286,0.050157614945644184,0.06974700356492734
0.9016935805759757,0.04560090978145536,0.05270550964256905

Transition Gammas
3748.0,273.2671777491505,183.73282225084955
2793.0,1.0,1.0
1.0,1716.857471090869,314.1425289091309

502.0,1703.8953950271984,2112.104604972804
429.38402007995273,24.471073017716677,34.028412612001674
519.761247894887,26.28563215234549,30.38092102780527

Iteration: ,17500
Error:,0.06297593877638566
Absolute Error:,1
Transition Probabilities
0.8931034482758621,0.06422297983539503,0.04267357188874293
0.9993809965954813,0.00030950170225936243,0.00030950170225936243
0.0004233700254022015,0.8432912830301101,0.1562853469444876

0.11685214626391097,0.39327830571677275,0.4898695480193163
0.8725777071128639,0.05420684573343573,0.07321544715370037
0.9070518766018618,0.04472847403807483,0.048219649360063475

Transition Gammas
4403.0,316.6192905884975,210.38070941150264
3229.0,1.0,1.0
1.0,1991.85401051712,369.1459894828797

588.0,1978.9764343668005,2465.0235656331997
504.6250247214872,31.34864739877055,42.34161213237591
614.7535363906452,30.314680231165102,32.680820945622074

Iteration: ,20000
Error:,0.06273015291883634
Absolute Error:,1
Transition Probabilities
0.8918678977272727,0.06365908578165509,0.04447301649107219
0.9994597514856834,0.0002701242571582928,0.0002701242571582928
0.000369685767097967,0.84173177454927,0.15789853968363207

0.11727858012876285,0.3944898447376554,0.48823157513358173
0.8683338605332095,0.05916501868494375,0.07250112078184669
0.9096895071764686,0.04431088186094383,0.04599961096258762

Transition Gammas
5023.0,358.5279711222815,250.47202887771857
3700.0,1.0,1.0
1.0,2276.8844501557737,427.11554984422446

674.0,2267.133137707305,2805.866862292694
573.4910429764494,39.07553282848381,47.883360610411906
700.9954347356899,34.1454151648344,35.4467288344093

Iteration: ,22500
Error:,0.06385122933619475
Absolute Error:,1
Transition Probabilities
0.8906200818382122,0.0641322146970347,0.04524770346475317
0.9995185363505056,0.00024073182474723158,0.00024073182474723158
0.0003264773098269672,0.8376892076656441,0.16198431502452892

0.11811268042837189,0.39176589055495337,0.4901214290166747
0.8686183772431352,0.06096778203556181,0.07041384072130312
0.9112171857760496,0.04538063325239282,0.043402180971557645

Transition Gammas
5659.0,407.4960921849585,287.5039078150416
4152.0,1.0,1.0
1.0,2565.842043079867,496.1579569201319

761.0,2524.147632845564,3157.852367154435
646.244357976853,45.359488345036326,52.387272111427755
786.7064619210279,39.17972354233014,37.47161134006757

Iteration: ,22762
Error:,0.06400342705175084
Absolute Error:,1
Transition Probabilities
0.8908045977011494,0.06407272832658023,0.04512267397227037
0.9995239228755058,0.00023803856224708403,0.00023803856224708403
0.0003232062055591469,0.8379528610967384,0.1617239326977025

0.11834228702993095,0.39148777329844475,0.4901699396716243
0.8674790762516258,0.06274460279248209,0.06977632095589227
0.9106873547868183,0.04593244821479959,0.04338019699838215


Model Num 2
Model States: 
"['diamond', 'x', 'square']","['diamond', 'x', 'diamond']","['square', 'y', 'diamond', 'x', 'diamond']","['square', 'y', 'diamond', 'x', 'square']"
Iteration: ,0
Error:,0.5072095719330721
Absolute Error:,0.6
Transition Probabilities
0.25,0.25,0.25,0.25
0.25,0.25,0.25,0.25
0.25,0.25,0.25,0.25
0.25,0.25,0.25,0.25

0.25,0.25,0.25,0.25
0.25,0.25,0.25,0.25
0.25,0.25,0.25,0.25
0.25,0.25,0.25,0.25

Transition Gammas
1.0,1.0,1.0,1.0
1.0,1.0,1.0,1.0
1.0,1.0,1.0,1.0
1.0,1.0,1.0,1.0

1.0,1.0,1.0,1.0
1.0,1.0,1.0,1.0
1.0,1.0,1.0,1.0
1.0,1.0,1.0,1.0

Iteration: ,2500
Error:,0.04064216821088961
Absolute Error:,0.1388011693418839
Transition Probabilities
0.0016286644951140066,0.0016286644951140066,0.12039427264338143,0.8763483983663904
0.8190611411945694,0.17480388948027722,0.003067484662576687,0.003067484662576687
0.07191704687429648,0.07949134443561032,0.7038245881725363,0.14476702051755685
0.04900984086924883,0.05866319730043054,0.8274508920732626,0.06487606975705808

0.09507124672030823,0.024761976577405507,0.22639863657742243,0.6537681401248638
0.04857085950477142,0.060782169529812545,0.4665512725435888,0.42409569842182715
0.0039074268067316766,0.9050703608373695,0.059220662644429455,0.031801549711469465
0.8866781046923765,0.003028052184200754,0.061831235936524204,0.04846260718689862

Transition Gammas
1.0,1.0,73.9220834030362,538.0779165969637
267.0139320294296,56.986067970570375,1.0,1.0
11.917202717955195,13.172321544539713,116.6290978242493,23.98899851098733
8.283361431868185,9.914916216211497,139.85099083366273,10.964980186540267

14.562480731265703,3.7929007898398925,34.67847426512481,100.14053956073839
2.243683483091832,2.8077730398641796,21.551881002202418,19.590687163068896
1.2615412456216446,292.20856764839533,19.119822894771637,10.267362287270304
472.1218642983147,1.612320902965605,32.92274640338454,25.804467633463826

Iteration: ,5000
Error:,0.035030860424178585
Absolute Error:,0.11982544329327016
Transition Probabilities
0.0008216926869350865,0.0008216926869350865,0.12590552738813426,0.8724510872379956
0.8278871436042128,0.16911435564616203,0.0014992503748125939,0.0014992503748125939
0.05283377747501843,0.04896152117076724,0.7806600063902651,0.11754469496394918
0.057558104030122154,0.05071629520206632,0.845973442625053,0.04575215814275859

0.08391569335778382,0.028638419674949026,0.18389462948068622,0.703551257486581
0.047885934538285505,0.07679567937937123,0.47967236952795655,0.3956460165543867
0.0019333153738367453,0.9123586093309253,0.05706086752832961,0.028647207766908322
0.8817153736940504,0.001580521806188053,0.0710928350771802,0.045611269422581285

Transition Gammas
1.0,1.0,153.22702683135938,1061.7729731686404
552.2007247840098,112.79927521599006,1.0,1.0
18.937701605344838,17.54973281087433,279.81921722776224,42.132636826338775
19.199625840941106,16.91740734560682,282.1909067969591,15.26152281348291

24.922194621917768,8.505349121768706,54.615025657986834,208.94829875047606
4.309264162381282,6.910857481765591,43.16580581796331,35.60425867356944
1.289735941624043,608.6444591649885,38.06593208095464,19.110867261573354
919.8796672250724,1.6489333366469427,74.17002745329897,47.58551408985181

Iteration: ,7500
Error:,0.029591335049434783
Absolute Error:,0.11478267739662254
Transition Probabilities
0.0005455537370430986,0.0005455537370430986,0.1275881291314338,0.87132076339448
0.8217439936201535,0.17628167271745762,0.0009871668311944722,0.0009871668311944722
0.047892098906015326,0.05264891904995607,0.7607698459066555,0.13868913613737316
0.05401813499282173,0.05444042505718631,0.8503499973348162,0.04119144261517583

0.06781814552658844,0.026436176895560604,0.17079817387714363,0.7349475037007073
0.05124176104118233,0.061158613654484065,0.5295347238507826,0.358064901453551
0.001313902405355466,0.9227377808537416,0.05261220934904363,0.023336107391859352
0.8914132928719486,0.0010716970841335802,0.0670793627297724,0.04043564731414551

Transition Gammas
1.0,1.0,233.86904069791822,1597.1309593020821
832.4266655372152,178.57333446278452,1.0,1.0
25.78134927571478,28.342048104416328,409.53880835838015,74.65935177578265
27.717558678581213,27.934242383784337,436.32802116532207,21.13598012766021

29.959562386421823,11.678530647089387,75.45235137332156,324.67277624443125
7.198172939959488,8.591240209315536,74.3862514195838,50.2990731001766
1.3055403383860626,916.8652022761796,52.277369549533596,23.187589441043116
1396.044219208612,1.6783870411301238,105.05313003061599,63.32635168699477

Iteration: ,10000
Error:,0.03077730297152594
Absolute Error:,0.10945173386276391
Transition Probabilities
0.0004135649296939619,0.0004135649296939619,0.12842807871004888,0.8707447914305633
0.8191522208624806,0.17938150347769524,0.0007331378299120234,0.0007331378299120234
0.05418419751413957,0.05254854528400439,0.7658805584801232,0.12738669872173292
0.05102366156952916,0.05288056677967744,0.8561311241671625,0.03996464748363096

0.06446863307974261,0.023985900480768766,0.16772901573582402,0.7438164507036644
0.06012056648351229,0.05689746624475649,0.5673491056900714,0.3156328615816599
0.0009794996342709973,0.9251151306019022,0.052257056565466885,0.021648313198359914
0.8872106683913623,0.0008222698743403158,0.07347330456333115,0.03849375717096607

Transition Gammas
1.0,1.0,310.53909432089824,2105.4609056791023
1117.3236292564238,244.67637074357634,1.0,1.0
40.242823075264575,39.028017535460926,568.8225945148955,94.6106173753515
34.29432898599794,35.54240323652701,575.4279783964917,26.861278208061034

38.03754056866972,14.152070844821441,98.96284341414363,438.86378642910597
12.080053896130506,11.432434838723937,113.99772449810608,63.420260358691166
1.3169019305472225,1243.7839268565044,70.25772779077843,29.105376302900805
1828.9489539235735,1.6950761302773243,151.4622493956937,79.35332544870904

Iteration: ,12500
Error:,0.03145420372804056
Absolute Error:,0.10802770653187027
Transition Probabilities
0.00032701111837802477,0.00032701111837802477,0.12489878185711248,0.8744471959061314
0.826511630147514,0.17230423722963223,0.00059206631142688,0.00059206631142688
0.05910817280931888,0.04974662791842714,0.7689945343432688,0.12215066492898513
0.04950383761585148,0.05133983426353847,0.863866412251151,0.03528991586945896

0.06125214486145414,0.026280771203398196,0.1638780274362857,0.748589056498862
0.06112726788985436,0.06325199355066798,0.5702316399669687,0.30538909859250907
0.0007868608539599625,0.9210608397479756,0.056838402167727724,0.021313897230336627
0.8899359954850956,0.000660059342285472,0.07337258327752227,0.036031361895096564

Transition Gammas
1.0,1.0,381.9404749190501,2674.0595250809506
1395.9781433191508,291.02185668084877,1.0,1.0
55.464037951997106,46.67965067626857,721.5845120992988,114.61983670750153
41.81965205580225,43.37065789049543,729.773579644043,29.812072635490836

43.777043028689846,18.782925143284572,117.1239876540183,535.018249749157
15.24976015149299,15.779827302105948,142.25886483194324,76.18712020318146
1.324429900742333,1550.3128798768935,95.66936639751403,35.87516477804521
2300.8790610690257,1.7065460071651533,189.7006541776877,93.1570433680885

Iteration: ,15000
Error:,0.030811011668338033
Absolute Error:,0.10543957159156635
Transition Probabilities
0.0002733734281027883,0.0002733734281027883,0.12255387584878713,0.8768993772950073
0.8291502138965726,0.16985476122780546,0.0004975124378109454,0.0004975124378109454
0.058031980675102124,0.048955058651238906,0.7762258371290597,0.11678712354459914
0.052104539403981284,0.053401247447938435,0.8579623047212102,0.036531908426870104

0.061297636817153806,0.027411803666845952,0.1592370249622978,0.7520535345537024
0.06040859735181947,0.05857252279934943,0.5781412266413852,0.30287765320744586
0.000661808073772624,0.9192877273015455,0.05914291274528595,0.020907551879395945
0.8879306264626129,0.0005502651040762061,0.07716666092058878,0.03435244751272205

Transition Gammas
1.0,1.0,448.30207785486357,3207.6979221451384
1666.5919299321106,341.4080700678889,1.0,1.0
66.87235424466277,56.41268807491258,894.4731603245945,134.57803449125313
52.02198238509402,53.316635860453104,856.6029066532941,36.47402545758404

53.567108689910725,23.954774484838133,139.15490819095325,657.208589398606
17.77447023062091,17.234228379216685,170.1107867508274,89.11794126095403
1.3294038832225337,1846.6149370268458,118.8030502868836,41.997947378766604
2773.3142401084474,1.7186681070444585,241.01815301186693,107.294566749153

Iteration: ,17500
Error:,0.03099286542049847
Absolute Error:,0.10236948983358049
Transition Probabilities
0.00023424689622862486,0.00023424689622862486,0.12594386101626998,0.8735876451912729
0.8303983821301039,0.16874728211594486,0.0004271678769756515,0.0004271678769756515
0.05810895420637583,0.05266847315941114,0.7697349216355628,0.11948765099865023
0.05464753160505291,0.0505126889919202,0.8575552741131757,0.03728450528985124

0.06345245798836296,0.027366137495511547,0.1512218448077517,0.7579595597083738
0.05924768246059825,0.05177333262960795,0.6019522968577067,0.28702668805208714
0.0005707392961405344,0.9191100788162895,0.05901764205303836,0.021301539834531737
0.887773884242248,0.00047321972132242235,0.07907294622058655,0.03267994981584295

Transition Gammas
1.0,1.0,537.6543426784567,3729.3456573215453
1943.9626125665727,395.03738743342683,1.0,1.0
79.062040092358,71.65981548633263,1047.2880482189366,162.57283550906564
63.4771697184753,58.6742426949839,996.1141899558805,43.30872412056837

65.76550817323132,28.363722953977707,156.7343769803092,785.5896713744613
19.722278605672077,17.234228379216685,200.37696687709465,95.54500824215752
1.3331928957536834,2146.9540222297296,137.8596175895177,49.75837789346651
3240.500996106939,1.7273193158093825,288.62750475210163,119.28646675764

Iteration: ,20000
Error:,0.02855256936425804
Absolute Error:,0.09957200683549393
Transition Probabilities
0.00020639834881320957,0.00020639834881320957,0.12512126341793792,0.8744659398844358
0.8273547405372674,0.17190369476121237,0.000370782350760104,0.000370782350760104
0.05639489611098327,0.0530971819495666,0.7726395411817073,0.11786838075774282
0.05203068688244531,0.05026133315826461,0.8624023414366924,0.03530563852259777

0.06137535241405282,0.032868477829062694,0.1459601459472733,0.7597960238096111
0.05943539648528996,0.04842794035577487,0.6224694342161433,0.2696672289427918
0.0004996794565115306,0.9163775641884454,0.06172248648848319,0.021400269866559827
0.888917011344953,0.0004170436423983372,0.07957515051338089,0.031090794499267785

Transition Gammas
1.0,1.0,606.212521259909,4236.78747874009
2231.375735229009,463.62426477098956,1.0,1.0
87.9751316963522,82.83075059710134,1205.3052683260753,183.87277989822707
68.6425741739864,66.30831718970911,1137.74236391756,46.57770358716956

74.82965957314975,40.07369261269176,177.95658359398558,926.3535860966903
22.2848116269023,18.157656752141005,233.38977958100068,101.10950299500696
1.337092451789777,2452.135079997226,165.16322557187812,57.26499044929431
3703.744576045301,1.7376460443365407,331.55629641511223,129.5423082491962

Iteration: ,22500
Error:,0.0262046067067305
Absolute Error:,0.09721474780419503
Transition Probabilities
0.00018355359765051413,0.00018355359765051413,0.1254422004371459,0.8741906923675531
0.8313804126676588,0.1679544726000498,0.0003325573661456603,0.0003325573661456603
0.05443041592055579,0.05109478015601909,0.7772267023119799,0.11724810161144517
0.052265703701465535,0.05035744919369694,0.8610734339132157,0.036303413191621774

0.059742436855051394,0.0325163628075475,0.14270406978087635,0.7650371305565249
0.056195455856154215,0.045091379161251596,0.6329437034154951,0.2657694615670991
0.0004437604634758926,0.9144851450707999,0.06430714478589551,0.020763949679828572
0.8916555217469855,0.00037131040019764533,0.07880149686955125,0.029171670983265584

Transition Gammas
1.0,1.0,683.4091079815702,4762.590892018425
2499.9609008916486,505.0390991083495,1.0,1.0
95.8107153859536,89.93918852983529,1368.1072449320357,206.38505701359398
77.28337731960222,74.4617114335352,1273.237675572225,53.6805243396897

82.43743992869022,44.86870383527124,196.91460207227752,1055.6600268329782
23.95636182593704,19.222646706213354,269.8265926213607,113.29865176080122
1.342077693400637,2765.7040569420624,194.48597080376,62.797017728698805
4189.051022798751,1.7444384897390093,370.2141499810459,137.05025672893555

Iteration: ,25000
Error:,0.029045696624982333
Absolute Error:,0.09587787829514986
Transition Probabilities
0.0001650165016501649,0.0001650165016501649,0.1244255595087325,0.8752444074879672
0.8302017836981097,0.1691981562958897,0.0003000300030003003,0.0003000300030003003
0.05696393375412062,0.04888810707459938,0.7776649071329453,0.11648305203833469
0.053638041356542314,0.05087972803938474,0.8575041964729777,0.037978034131095226

0.05822196609690801,0.03250572734763315,0.14028114502003639,0.7689911615354225
0.05642183068636955,0.040577344007443644,0.6465355392414462,0.2564652860647406
0.00040141139356572174,0.9149847153333898,0.06452353422055206,0.020090339052492415
0.8933960309903073,0.0003357862555549905,0.07839144299494573,0.027876739759191894

Transition Gammas
1.0,1.0,754.0188906229195,5303.981109377084
2767.062545065797,563.9374549341998,1.0,1.0
112.17477250205384,96.27165695438889,1531.396767944571,229.38127691716687
88.84045214419754,84.27186992057108,1420.2804316402248,62.902851006932536

89.20065974395617,49.801346798215064,214.92181601351612,1178.1553173944378
26.72863254930906,19.222646706213354,306.28234937135375,121.49493041057805
1.3462095990980838,3068.5755973893774,216.39196726293028,67.37678031844972
4658.233084214509,1.750814409950893,408.73879064986994,145.3513860839108

Iteration: ,27500
Error:,0.028301465913794146
Absolute Error:,0.0941677878664727
Transition Probabilities
0.00015053439710973937,0.00015053439710973937,0.12645924763116814,0.8732396835746123
0.8299633054210308,0.16949410098157364,0.00027129679869777575,0.00027129679869777575
0.05550120684018985,0.048063775816056246,0.7809833037251137,0.11545171361864018
0.053883649810886364,0.04868829588623746,0.8600875217911678,0.0373405325117084

0.056757179895000794,0.0321785883871368,0.1371831485570346,0.7738810831608278
0.05843158920595402,0.0415423469749117,0.6566021365702622,0.24342392724887213
0.00036321332847117635,0.9169127416995374,0.06366871280375495,0.019055332168236423
0.8920749036063897,0.00030695189462414085,0.08077297566699962,0.02684516883198657

Transition Gammas
1.0,1.0,840.0687820138512,5800.931217986158
3059.2447437819155,624.7552562180796,1.0,1.0
119.86537996456708,103.80283742860041,1686.6815295844374,249.3398667943515
97.1111898630411,87.74792283950063,1550.082871532207,67.29654644884428

96.69442261183708,54.82108220165853,233.71219934351788,1318.4232311205863
30.939755459241745,21.996835514372243,347.67340432749194,128.89392337870763
1.3497717083941942,3407.4269328759055,236.60537903196322,70.81333816410435
5108.237653237525,1.7576811313856606,462.52568478068144,153.72195953578665

Iteration: ,30000
Error:,0.02861985574626637
Absolute Error:,0.09313286181760984
Transition Probabilities
0.0001383508577753181,0.0001383508577753181,0.12676919151845226,0.8729541067659972
0.8294270809640416,0.1700768872899267,0.00024801587301587333,0.00024801587301587333
0.05772221098181455,0.04791841130111169,0.7828596625085996,0.11149971520847417
0.05379990196309112,0.047314924817425295,0.8616761690591553,0.037209004160328275

0.05484227007904866,0.03437114840286384,0.13589246809234076,0.7748941134257469
0.061199319267441814,0.03854449329717914,0.6666197225182992,0.23363646491707993
0.000332180230181578,0.9170446163435471,0.06392224064333195,0.01870096278293931
0.8924985900882141,0.0002831112229142295,0.08152874232296325,0.02568955636590833

Transition Gammas
1.0,1.0,916.2877162953738,6309.712283704633
3344.2499904470114,685.7500095529837,1.0,1.0
136.51735705327584,113.33063570764055,1851.5218015984226,263.7051868517205
105.41301331560703,92.706652202227,1688.3280111753418,72.90558361433493

102.69842693997855,64.36390886093503,254.47419820439197,1451.0779072268115
35.741109472520925,22.510429380384096,389.3136192405885,136.4463946548601
1.3525146737187268,3733.865496394592,260.267651689648,76.14338325543109
5556.790846823237,1.7626804900243376,507.6065935840576,159.9459016051998

Iteration: ,32500
Error:,0.029053527078206322
Absolute Error:,0.09231574684659564
Transition Probabilities
0.00012768130745658833,0.00012768130745658833,0.12692600641061283,0.872818630974474
0.8289389426656858,0.1706031818764388,0.00022893772893772913,0.00022893772893772913
0.058460125033595566,0.047272312107413825,0.7842053859398128,0.11006217691917765
0.05632071078849217,0.04596993209739545,0.8600280726590277,0.03768128445508453

0.05508704342288061,0.03537844483990782,0.13312983696974848,0.7764046747674631
0.061243631360114084,0.04421490467866911,0.6668268356127204,0.22771462834849632
0.00030761679773624043,0.9174927274708029,0.0634337303455766,0.01876592538588411
0.893152033626949,0.0002621357927423275,0.08205343856637824,0.024532392013930492

Transition Gammas
1.0,1.0,994.0844822079198,6835.915517792081
3620.8053015637124,745.194698436284,1.0,1.0
150.02656230356345,121.31521226717808,2012.5108888302568,282.4532111989438
119.74536346175843,97.73822365252764,1828.5347025292397,80.11545024218621

112.55064642291153,72.28318291838224,272.00314771110806,1586.3049203790222
38.50025362304318,27.795298976279845,419.1946447914423,143.1507366626177
1.3546442685705617,4040.3393893631705,279.3415050122356,82.63902834788479
6026.026930150385,1.7686096957165607,553.6081337737396,165.51813058816603

Iteration: ,35000
Error:,0.028954034754420745
Absolute Error:,0.09177303523539981
Transition Probabilities
0.00011842728564661295,0.00011842728564661295,0.12527422559190493,0.8744889198368019
0.8269537070038181,0.17262112292815468,0.0002125850340136056,0.0002125850340136056
0.059450643882264516,0.04798839237526732,0.7816023219033799,0.11095864183908823
0.055625378841229756,0.046541570463964364,0.8581991261495852,0.03963392454522072

0.055162096315704644,0.03527825216671899,0.13221691862479001,0.7773427328927863
0.06163012903619086,0.04448845425976809,0.6727710867640653,0.22111032993997584
0.00028630363512541793,0.916869223436045,0.06464905054473441,0.018195422384095224
0.892670903624263,0.0002442762502786292,0.08325757129246562,0.023827248832992837

Transition Gammas
1.0,1.0,1057.8155608980455,7384.184439101957
3889.990237745957,812.009762254039,1.0,1.0
165.25503262377322,133.39339710504007,2172.620997356303,308.4318819712276
128.20729850175263,107.27062253805437,1978.0070505991841,91.34964113176933

120.11091753599642,76.81548599168288,287.89144123379646,1692.5997219781127
42.11744049919669,30.402983970497708,459.7653235437185,151.104683872008
1.3570571866131005,4345.889524955577,306.43152194352473,86.24490114832332
6477.930463413011,1.7726628668455942,604.1831935997072,172.90947923573736

Iteration: ,37500
Error:,0.0293012486205404
Absolute Error:,0.09027905731919207
Transition Probabilities
0.0001103265666372462,0.0001103265666372462,0.1243527205548452,0.8754266263118802
0.8268851114361492,0.17271552754148653,0.00019968051118210883,0.00019968051118210883
0.05975019095923585,0.04663768317898923,0.7822986798627256,0.11131344599904935
0.056378887468801174,0.04654520533352319,0.855626890565164,0.041449016632511604

0.053533577175729555,0.03519465658020889,0.12975928442447252,0.7815124818195891
0.059567690720919705,0.04171026271791904,0.6832362224804757,0.21548582408068562
0.0002683489797157699,0.917102772583266,0.06456111141058253,0.018067767026435765
0.8921657775539237,0.00022744901503685545,0.08449213120349457,0.023114642227544877

Transition Gammas
1.0,1.0,1127.1330591091173,7934.866940890885
4141.040638072231,864.9593619277637,1.0,1.0
179.08446038927647,139.78339134704146,2344.7211581639986,333.6308736554633
138.7666749462008,114.56280300662918,2105.9744867081417,102.01943451023745

124.27179580445727,81.70018531708764,301.2206571736682,1814.1877431525302
44.24719807658425,30.98260540185729,507.5115067130477,160.06401835291547
1.3595149119039431,4646.244216750902,327.080780350814,91.53527888670519
6968.493073093292,1.7765497462946802,659.9477875476507,180.54293081191474

Iteration: ,40000
Error:,0.03020780210091315
Absolute Error:,0.08927741808892045
Transition Probabilities
0.00010343400910219265,0.00010343400910219265,0.12429112663270764,0.875502005349088
0.8275976668742497,0.17202857121208934,0.00018688095683049914,0.00018688095683049914
0.06003074111295369,0.04771149587063666,0.7814891577590714,0.11076860525733828
0.05615187838732917,0.04795655765089068,0.8546488733170271,0.04124269064475294

0.053825799409383646,0.03521172072088327,0.12844063643404532,0.7825218434356878
0.05923721942264723,0.04342172387506779,0.6873994509615968,0.20994160574068804
0.0002518407834257346,0.9174166411257629,0.06432030478045073,0.01801121331036069
0.8936903641757578,0.00021448679453705947,0.08392497235409481,0.022170176675610505

Transition Gammas
1.0,1.0,1201.6466122850193,8464.353387714995
4428.475115444106,920.5248845558892,1.0,1.0
192.25704263050824,152.80289607464047,2502.8309085150518,354.75231636756644
148.77086692739314,127.05788054610197,2264.3383881986924,109.26991256311601

133.37070857114603,87.2483491946949,318.2529359248347,1938.9492376628345
47.04019847558233,34.481134144088784,545.8630050565397,166.71435456588637
1.3617016162756626,4960.46631536759,347.7795049216521,97.38652311267262
7418.309175112372,1.780403392087811,696.6410486137831,184.0293144463166

Iteration: ,42500
Error:,0.0307873784106502
Absolute Error:,0.08858202557072728
Transition Probabilities
9.715340522685313e-05,9.715340522685313e-05,0.12502356775808376,0.8747821254314625
0.8280479534490961,0.17160005781454335,0.0001759943681802183,0.0001759943681802183
0.06178632721643629,0.04705452604904354,0.7822851223605022,0.10887402437401804
0.05742417170023214,0.047712339091610954,0.853582898277621,0.041280590930536036

0.05426719261303084,0.03531025813162073,0.12558135633625267,0.7848411929190957
0.06137869523374934,0.043343352732641824,0.6909378796389739,0.20434007239463495
0.00023745900574357156,0.9171278947630955,0.06466692178371782,0.017967724447443018
0.8940180344757155,0.00020199933533890144,0.08420286439322441,0.021577101795721094

Transition Gammas
1.0,1.0,1286.867582933957,9004.13241706605
4704.968471497762,975.0315285022349,1.0,1.0
210.2634631026478,160.1300489518934,2662.174406078656,370.50639580197236
161.70004974872612,134.3526145229604,2403.594044624159,116.24153051732229

143.45330593712717,93.34135448270831,331.96964617215144,2074.6985119117408
50.9210676898062,35.958564938480855,573.2167229127033,169.52485904955753
1.3628642344200261,5263.733006240779,371.14715684541767,103.12335363594579
7893.428123920291,1.7834844187593417,743.440548496204,190.50768058265862

Iteration: ,45000
Error:,0.030027954751629626
Absolute Error:,0.08870356654046416
Transition Probabilities
9.183579759390202e-05,9.183579759390202e-05,0.12566110681813816,0.874155221586674
0.8274058896941575,0.1722620498708432,0.00016603021749958497,0.00016603021749958497
0.06124682251556328,0.04692688625202705,0.7815770473777705,0.11024924385463916
0.05824620403336832,0.04692376829244443,0.8530980373683142,0.041731990305873067

0.055626108195928135,0.03597101028470355,0.12363410814241821,0.7847687733769502
0.06622486391321782,0.043881266248274334,0.691492420194032,0.19840144964447579
0.00022423803049731846,0.9168302899235398,0.06516654492379699,0.017778927122166045
0.8942383795264279,0.00019153076816217493,0.08458810200636814,0.02098198769904172

Transition Gammas
1.0,1.0,1368.3237921427076,9518.676207857301
4983.465673627909,1037.5343263720883,1.0,1.0
220.97062162606167,169.306141938236,2819.8289954363267,397.7650259680385
174.21274315826363,140.34765920310156,2551.592017699945,124.81919859490252

156.21049785605075,101.01460639969743,347.192104773738,2203.8054569503256
58.23289934977856,38.5857095021765,608.0436580294254,174.45851852767578
1.3646229212075005,5579.462260314233,396.5775149812293,108.19543594624827
8341.796319763764,1.7866719809351903,789.0700445961681,195.72797564547173

Iteration: ,47500
Error:,0.03077456836285738
Absolute Error:,0.08877670484435339
Transition Probabilities
8.676036786395966e-05,8.676036786395966e-05,0.12526858289495968,0.8745578963693125
0.8265055803484649,0.17317965729711274,0.00015738117721120562,0.00015738117721120562
0.06276548544740644,0.046564292543526835,0.7811528874300041,0.10951733457906251
0.05784418763518554,0.04657718507713345,0.8538154890742686,0.04176313821341243

0.05693897233150257,0.036198479798709784,0.12171448078850385,0.7851480670812838
0.06557952809705196,0.04542555544659756,0.6912481903709119,0.19774672608543858
0.00021311945624846113,0.9175836306228667,0.0643396990370889,0.017863550883795962
0.8940826828253748,0.0001812555588391503,0.08527928566969187,0.020456775946094373

Transition Gammas
1.0,1.0,1443.8456864473067,10080.154313552704
5251.616457534144,1100.383542465854,1.0,1.0
238.42964009651348,176.8855515632857,2967.3952249816352,416.02767001452895
182.3245018705475,146.8109833485678,2691.2208486117947,131.63713905594767

168.40195472400856,107.06014714578178,359.9811454914774,2322.1435833872906
60.461044193120046,41.88008964152982,637.2962508144175,182.31258887991254
1.3660157207185502,5881.366659661276,412.3933210889009,114.49865612772854
8829.286412122754,1.7899432273120037,842.1539222966993,202.01569425986486

Iteration: ,50000
Error:,0.029956737740876933
Absolute Error:,0.08802384202433058
Transition Probabilities
8.241984669908504e-05,8.241984669908504e-05,0.12522702858983076,0.874608131716771
0.8236937488659235,0.17600796627203327,0.00014914243102162576,0.00014914243102162576
0.06243635692876387,0.0468228184032369,0.7825548370786313,0.10818598758936794
0.05861565760122813,0.046025729114464946,0.8511989536284151,0.04415965965589193

0.05759211075636239,0.03572694807487375,0.12023918021998027,0.7864417609487836
0.06257642820347177,0.043345371512891716,0.6981477878564367,0.1959304124271998
0.00020254348375586036,0.916543311669462,0.06529309132764197,0.017961053519140062
0.8940654000648175,0.00017232861009018098,0.08567071919929878,0.020091552125793433

Transition Gammas
1.0,1.0,1519.3795378804184,10611.620462119596
5522.866586146013,1180.1334138539823,1.0,1.0
248.4449797509056,186.31603031139298,3113.9200013510936,430.4906118503795
194.38214815972327,152.63123305298828,2822.7591037745738,146.44294472156

179.62069294036056,111.4267055951611,375.00700332133266,2452.787581556946
60.461044193120046,41.88008964152982,674.5470373870771,189.30702286200372
1.3676173040327668,6188.69819799071,440.8730405817919,121.2769087207124
9303.077450471405,1.7931422091547382,891.4351633458621,209.05994741871115

Iteration: ,51346
Error:,0.02925581594294042
Absolute Error:,0.08780871377093216
Transition Probabilities
8.023106546854928e-05,8.023106546854928e-05,0.1248692527995862,0.8749702850694767
0.8242225301261824,0.17548689890185773,0.00014528548597995071,0.00014528548597995071
0.0620547925806946,0.04694259797096034,0.7831140864728747,0.10788852297547043
0.05864627225940118,0.045412141097916775,0.8515061945466093,0.04443539209607284

0.05823688034052388,0.03672258343310446,0.11997351911856768,0.785067017107804
0.06359890064066719,0.04215142693849913,0.7005891751121598,0.19366049730867385
0.0001971055416121782,0.916493264901253,0.06522803834618855,0.018081591210946147
0.893307745808593,0.00016791195311889482,0.086548644569894,0.019975697668394077

*,*,*,*,*,*,*,*,*,*,*
Model Num 2
Model States: 
"['diamond', 'x', 'square']","['diamond', 'x', 'diamond']","['square', 'y', 'diamond', 'x', 'diamond']","['square', 'y', 'diamond', 'x', 'square']"
Iteration: ,51346
Error:,0.029892027332656362
Absolute Error:,0.08780871377093216
Transition Probabilities
8.023106546854928e-05,8.023106546854928e-05,0.1248692527995862,0.8749702850694767
0.8242225301261824,0.17548689890185773,0.00014528548597995071,0.00014528548597995071
0.0620547925806946,0.04694259797096034,0.7831140864728747,0.10788852297547043
0.05864627225940118,0.045412141097916775,0.8515061945466093,0.04443539209607284

0.05823688034052388,0.03672258343310446,0.11997351911856768,0.785067017107804
0.06359890064066719,0.04215142693849913,0.7005891751121598,0.19366049730867385
0.0001971055416121782,0.916493264901253,0.06522803834618855,0.018081591210946147
0.893307745808593,0.00016791195311889482,0.086548644569894,0.019975697668394077

Transition Gammas
1.0,1.0,1556.3703668940452,10905.629633105977
5673.123674858509,1207.8763251414857,1.0,1.0
253.43304888158548,191.71453535571294,3198.2540316907252,440.6189462554223
199.3536315410995,154.36744562183637,2894.4866506054345,151.04722673800921

186.03703277425547,117.3098630584773,383.254002923862,2507.8873994911123
63.633481463186186,42.174346061301556,700.9701085823807,193.76579691635433
1.3687687438929341,6364.444777780489,452.96595612406844,125.56479481479542
9547.461836162469,1.794603228014156,925.0114362936541,213.49553055434563

