0,1,2,3,4,5,6,7,8,9,10,11,12,13,14,15,16,17,18,19,20,21,22,23,24,25,26,27,28,29
github Code Version (SHA):,528ca1c557fe8e6666681dc5c9134b0f84d30530
Environment Observations,Environment Actions,alpha,epsilon,numActions,explore,patience,gainThresh,insertRandActions,useUpdatedPosterior,revisedSplitting,haveControl,confidence_factor
"['square', 'diamond']","['x', 'y']",0.85,0.99,75000,0.5,0,0.01,False,True,False,False,250

Model Num 0
Model States: 
['square'],['diamond']
Iteration: ,0
Error:,0.49736333254902204
Absolute Error:,1
Transition Probabilities
0.5,0.5
0.5,0.5

0.5,0.5
0.5,0.5

Transition Gammas
1.0,1.0
1.0,1.0

1.0,1.0
1.0,1.0

Iteration: ,2500
Error:,0.20030269513218166
Absolute Error:,1
Transition Probabilities
0.8691358024691358,0.1308641975308642
0.8913934426229508,0.10860655737704918

0.306970509383378,0.693029490616622
0.4090909090909091,0.5909090909090909

Transition Gammas
704.0,106.0
435.0,53.0

229.0,517.0
189.0,273.0

Iteration: ,2703
Error:,0.1996880122308977
Absolute Error:,1
Transition Probabilities
0.8739977090492554,0.12600229095074456
0.8903846153846153,0.10961538461538461

0.31862745098039214,0.6813725490196079
0.406,0.594


Model Num 1
Model States: 
['diamond'],"['square', 'y', 'diamond']","['square', 'y', 'square']"
Iteration: ,0
Error:,0.4323491898874899
Absolute Error:,1
Transition Probabilities
0.3333333333333333,0.3333333333333333,0.3333333333333333
0.3333333333333333,0.3333333333333333,0.3333333333333333
0.3333333333333333,0.3333333333333333,0.3333333333333333

0.3333333333333333,0.3333333333333333,0.3333333333333333
0.3333333333333333,0.3333333333333333,0.3333333333333333
0.3333333333333333,0.3333333333333333,0.3333333333333333

Transition Gammas
1.0,1.0,1.0
1.0,1.0,1.0
1.0,1.0,1.0

1.0,1.0,1.0
1.0,1.0,1.0
1.0,1.0,1.0

Iteration: ,2500
Error:,0.09705109498931866
Absolute Error:,1
Transition Probabilities
0.10728744939271254,0.7841940095177251,0.10851854108956244
0.13443363095410904,0.7722143420951875,0.09335202695070353
0.08703729258350776,0.734744996871701,0.17821771054479116

0.5949612403100775,0.06224677665943277,0.3427919830304897
0.9967105263157895,0.001644736842105263,0.001644736842105263
0.001949317738791423,0.1662360408645961,0.8318146413966125

Transition Gammas
53.0,387.3918407017562,53.60815929824385
20.765927886214715,119.28374787499006,14.420063238134457
13.951558854088548,117.77524050127704,28.567235993938866

307.0,32.11933675626731,176.88066324373267
606.0,1.0,1.0
1.0,85.27908896353779,426.7209110364622

Iteration: ,5000
Error:,0.09540242565190216
Absolute Error:,1
Transition Probabilities
0.10940695296523516,0.7769706191081097,0.11362242792665508
0.12557576058063874,0.7461698666522034,0.1282543727671579
0.0897419267367038,0.755767220530572,0.15449085273272428

0.5966633954857704,0.06342050802027165,0.33991609649395793
0.9983347210657785,0.0008326394671107411,0.0008326394671107411
0.0009469696969696972,0.1777986406319781,0.8212543896710522

Transition Gammas
107.0,759.8772654877314,111.12273451226868
40.428013984527034,240.2228396974485,41.29036966873714
27.957944753089564,235.4495715228264,48.12964110110487

608.0,64.6254976726568,346.3745023273431
1199.0,1.0,1.0
1.0,187.75536450736882,867.244635492631

Iteration: ,7500
Error:,0.09055035177055326
Absolute Error:,1
Transition Probabilities
0.10719225449515903,0.7735396926016443,0.11926805290319663
0.1213467633524716,0.746325155814526,0.1323280808330024
0.0956540701672422,0.7637052457378861,0.14064068409487174

0.5941450432468397,0.05727462867203959,0.34858032808112066
0.9988745075970737,0.0005627462014631402,0.0005627462014631402
0.0006101281269066503,0.16672854760758096,0.8326613242655123

Transition Gammas
155.0,1118.5383955019781,172.46160449802238
58.09638126057121,357.31312149309815,63.35383345350025
46.19156785134781,368.7949986367933,67.91570594612303

893.0,86.08376689407551,523.9162331059243
1775.0,1.0,1.0
1.0,273.26808952882527,1364.731910471175

Iteration: ,10000
Error:,0.08929784379102002
Absolute Error:,1
Transition Probabilities
0.10623084780388149,0.7767644670755337,0.11700468512058475
0.1294428809247079,0.7527913621027242,0.1177657569725679
0.09364152940982064,0.7677617424834173,0.13859672810676202

0.5926485397784492,0.06423539338933981,0.343116066832211
0.9991621281943862,0.00041893590280687055,0.00041893590280687055
0.0004655493482309125,0.16481808461909705,0.8347163660326721

Transition Gammas
208.0,1520.9048265338954,229.095173466105
85.78133072844952,498.8721229065886,78.04294276504919
58.79280197873396,482.0389455102317,87.0179079927193

1177.0,127.57149127122885,681.428508728771
2385.0,1.0,1.0
1.0,354.02924576182045,1792.9707542381796

Iteration: ,12101
Error:,0.0910007927858526
Absolute Error:,1
Transition Probabilities
0.11124948111249475,0.7752313758586858,0.11351914302881945
0.12919049686513695,0.7598322192786199,0.11097728385624314
0.08991170297818948,0.778201314993744,0.13188698202806667

0.594776748104465,0.06268229059803271,0.34254096129750217
0.9993098688750862,0.0003450655624568668,0.0003450655624568668
0.0003883495145631067,0.16113820881084462,0.8384734416745923


Model Num 2
Model States: 
"['square', 'y', 'diamond']","['square', 'y', 'square']","['diamond', 'y', 'diamond']","['diamond', 'y', 'square', 'y', 'square']"
Iteration: ,0
Error:,0.4977489263273701
Absolute Error:,0.6
Transition Probabilities
0.25,0.25,0.25,0.25
0.25,0.25,0.25,0.25
0.25,0.25,0.25,0.25
0.25,0.25,0.25,0.25

0.25,0.25,0.25,0.25
0.25,0.25,0.25,0.25
0.25,0.25,0.25,0.25
0.25,0.25,0.25,0.25

Transition Gammas
1.0,1.0,1.0,1.0
1.0,1.0,1.0,1.0
1.0,1.0,1.0,1.0
1.0,1.0,1.0,1.0

1.0,1.0,1.0,1.0
1.0,1.0,1.0,1.0
1.0,1.0,1.0,1.0
1.0,1.0,1.0,1.0

Iteration: ,2500
Error:,0.04350704332174419
Absolute Error:,0.1102757472324575
Transition Probabilities
0.7472169927332316,0.1258186673360786,0.08091440250936167,0.046049937421328076
0.7659966230592652,0.14159141091655866,0.06003493917325793,0.03237702685091816
0.8450765218201414,0.09041255558176585,0.01648393060821408,0.04802699198987875
0.6270949588963025,0.17706237838235592,0.1248369413773101,0.0710057213440314

0.0020790020790020796,0.0020790020790020796,0.8211086440672428,0.17473335177475294
0.13846008856334996,0.8587110571226472,0.0014144271570014145,0.0014144271570014145
0.0028328611898016994,0.0028328611898016994,0.144816414242586,0.8495178633778107
0.1227311541580532,0.8710768953775505,0.0030959752321981426,0.0030959752321981426

Transition Gammas
95.36222622511774,16.057381369175527,10.326555247014813,5.877040528698216
172.37059644163847,31.862015074199654,13.50953510904879,7.285733724269846
96.90279448025754,10.367379835739161,1.8901707699963286,5.507134104585504
43.49448996330032,12.280816055328795,8.65852773452512,4.924864393377414

1.0,1.0,394.9532577963437,84.04674220365614
97.89128261428843,607.1087173857115,1.0,1.0
1.0,1.0,51.12019422763287,299.8798057723672
39.642162793051185,281.35783720694883,1.0,1.0

Iteration: ,5000
Error:,0.04349619264852765
Absolute Error:,0.09497484286838262
Transition Probabilities
0.7684342261775969,0.1023695972111563,0.07959477126018505,0.04960140535106173
0.7906510978405135,0.11867804337925775,0.05130419873749258,0.03936666004273612
0.8490953146930778,0.07167783011300671,0.011458422409388751,0.06776843278452674
0.7072316121506459,0.14724071033915745,0.09185496243768396,0.053672715072512665

0.0010384215991692631,0.0010384215991692631,0.814912292857639,0.18301086394402252
0.14002667593463788,0.8585688296833397,0.000702247191011236,0.000702247191011236
0.001438848920863309,0.001438848920863309,0.13730781484670312,0.8598144873115703
0.12694553904907838,0.86996327084273,0.0015455950540958275,0.0015455950540958275

Transition Gammas
213.33071689262167,28.419582076264348,22.096893963589768,13.770213509435708
339.84317995414017,51.011025929009605,22.051929215768507,16.92085291430997
185.40876126091004,15.651597012905851,2.5020652783803903,14.797939592581741
106.88066385478419,22.251811990761226,13.881618404812931,8.111310805797096

1.0,1.0,784.760538021906,176.2394619780936
199.3979865309243,1222.6020134690755,1.0,1.0
1.0,1.0,95.4289313184587,597.5710686815415
82.13376376475368,562.8662362352461,1.0,1.0

Iteration: ,7500
Error:,0.04324972980986334
Absolute Error:,0.09353726073829523
Transition Probabilities
0.7642897346276656,0.10043184130099243,0.08938132504547583,0.04589709902586628
0.7818186392152141,0.12468206872800547,0.05432982287845373,0.03916946917832673
0.8341976683730731,0.08189350711700756,0.012549172743752349,0.07135965176616697
0.749306597610036,0.11444530694633331,0.08776899399023691,0.048479101453393646

0.0006939625260235949,0.0006939625260235949,0.8196931558899953,0.17891891905795765
0.13876189929024163,0.8602811629107154,0.0004784688995215311,0.0004784688995215311
0.0009354536950420948,0.0009354536950420948,0.14696284540297733,0.8511662472069385
0.13634528404916538,0.8615692102156939,0.0010427528675703858,0.0010427528675703858

Transition Gammas
330.9050626301319,43.482730736864454,38.698325546065426,19.87149864716486
502.99243257722094,80.21570976001784,34.9537455368859,25.20014949316348
272.0069457368353,26.703026861749546,4.091910441573466,23.26825123308602
180.07041834328822,27.50304663669526,21.092299888725584,11.650307240671737

1.0,1.0,1181.1778376374828,257.8221623625169
290.012369516605,1797.9876304833952,1.0,1.0
1.0,1.0,157.10328173578287,909.8967182642178
130.7551274031496,826.2448725968504,1.0,1.0

Iteration: ,10000
Error:,0.04145603863883207
Absolute Error:,0.09118004658907668
Transition Probabilities
0.7803697479772373,0.09135886535995641,0.08000483998631171,0.04826654667649449
0.7853123606346208,0.12171841348126465,0.05526594657235096,0.03770327931176348
0.8340196477226655,0.0809248714616586,0.011622167035787067,0.07343331377988878
0.749802002399475,0.1282078067646173,0.07749994099625039,0.04449024983965723

0.0005208333333333333,0.0005208333333333333,0.8242414569120672,0.17471687642126615
0.1396238333597313,0.8596682020384988,0.0003539823008849557,0.0003539823008849557
0.000711237553342816,0.000711237553342816,0.14500066643836887,0.8535768584549455
0.12986541445623476,0.8685745231412692,0.0007800312012480497,0.0007800312012480497

Transition Gammas
450.2275631412901,52.7087056218973,46.158099080484405,27.846965810413913
673.0994550382187,104.32612790679657,47.36902204106322,32.31587586039448
370.7715900080731,35.97594294686864,5.166748005235366,32.645497721877206
223.01907549576657,38.13378257791227,23.051372411181923,13.233059335749486

1.0,1.0,1582.543597271169,335.456402728831
394.437329241241,2428.5626707587594,1.0,1.0
1.0,1.0,203.87093701234676,1200.1290629876542
166.487461332893,1113.5125386671073,1.0,1.0

Iteration: ,12500
Error:,0.038066005342126445
Absolute Error:,0.09262554903925087
Transition Probabilities
0.7820416655893131,0.09602426174276486,0.07739359263041437,0.044540480037507664
0.7858329257633128,0.12032156174226535,0.055350109422845434,0.038495403071576395
0.8298554387708387,0.08508260494709112,0.009588808799667177,0.07547314748240302
0.7461353932115945,0.1286215079230625,0.082430374786486,0.04281272407885706

0.0004132231404958679,0.0004132231404958679,0.8259205864280768,0.17325296729093137
0.1413132215357915,0.8581156762369098,0.0002855511136493432,0.0002855511136493432
0.0005685048322910741,0.0005685048322910741,0.14316661050080795,0.8556963798346099
0.13772162014926217,0.8610407560883616,0.0006188118811881188,0.0006188118811881188

Transition Gammas
556.3423006221218,68.31139700626284,55.05758998782996,31.68597560106691
845.1596775956131,129.40528323004148,59.52878671920608,41.40162798254386
470.7831669141383,48.26799504456491,5.43980260023103,42.816478302982354
270.62611292760147,46.65150459929181,29.897806910904524,15.52833601879184

1.0,1.0,1998.727819155945,419.27218084405376
494.878901818342,3005.121098181659,1.0,1.0
1.0,1.0,251.83006787092137,1505.1699321290798
222.55813816120767,1391.4418618387924,1.0,1.0

Iteration: ,15000
Error:,0.038274601540829664
Absolute Error:,0.09268994529576671
Transition Probabilities
0.7880807030012974,0.09655984840304063,0.07127434898716914,0.04408509960849277
0.7786707468565809,0.11499964401825516,0.06323455803041896,0.043095051094745
0.8172550399637863,0.0944560579943008,0.012519715613945418,0.07576918642796755
0.757017029904003,0.12225216029968214,0.07908958739829904,0.04164122239801601

0.00034674063800277404,0.00034674063800277404,0.8237700242288774,0.17553649449511718
0.13647423184415103,0.863051047054496,0.00023736055067647747,0.00023736055067647747
0.00047147571900047115,0.00047147571900047115,0.1498475127387103,0.8492095358232887
0.14462907115131923,0.8543458135232067,0.0005125576627370579,0.0005125576627370579

Transition Gammas
665.8906679640497,81.58847400619864,60.22343102047851,37.249809967130474
1015.335731654518,149.9520152396199,82.45372836060959,56.19312836729812
548.5034593431446,63.39449992022861,8.402649097821085,50.85274343391925
323.44913440724144,52.23443313205499,33.792447955694826,17.791960825512323

1.0,1.0,2375.7527498760815,506.2472501239178
574.9659387594086,3636.034061240593,1.0,1.0
1.0,1.0,317.82657451880476,1801.1734254811965
282.17131781622385,1666.8286821837762,1.0,1.0

Iteration: ,17500
Error:,0.036380846865833
Absolute Error:,0.09368020256447042
Transition Probabilities
0.7903899219265045,0.09945171244447851,0.0681187875034491,0.0420395781255679
0.7802414615834078,0.11183727718810557,0.06415947727198731,0.04376178395649924
0.8207609556511147,0.09285033276742012,0.01193754682680154,0.07445116475466357
0.7577133547194231,0.12439392360578963,0.08006018219239802,0.03783253948238919

0.00029797377830750903,0.00029797377830750903,0.8222992983639723,0.1771047540794127
0.13528460851896068,0.8643115958016531,0.0002018978396931151,0.0002018978396931151
0.00040160642570281126,0.00040160642570281126,0.15709282826514528,0.842103958883449
0.15032497612229975,0.8487962892555562,0.0004393673110720563,0.0004393673110720563

Transition Gammas
775.7255514881606,97.60655132645871,66.85495669532514,41.25960367295544
1174.9936258832151,168.4197704201481,96.62006000244482,65.90244140809246
634.2896087827448,71.7553641421376,9.225416797014718,57.53636285999066
373.5691943406935,61.32891486319399,39.47141432060153,18.65226633036183

1.0,1.0,2759.63644530949,594.3635546905089
670.0646659944128,4280.935334005591,1.0,1.0
1.0,1.0,391.16114238021174,2096.838857619788
342.1396456543542,1931.8603543456454,1.0,1.0

Iteration: ,20000
Error:,0.03605245371769577
Absolute Error:,0.09390244088199173
Transition Probabilities
0.7828674085341591,0.10572230976171794,0.07091771058535162,0.04049257111877109
0.7848994026873961,0.1121772372125083,0.06063150506449658,0.04229185503559898
0.8236582880856682,0.09160376320557355,0.0121359815861286,0.07260196712262942
0.7631980114833342,0.12426416819447526,0.07562586538437628,0.03691195493781426

0.00026055237102657643,0.00026055237102657643,0.8201838441106419,0.17929505114730496
0.13658936129070925,0.863055209528555,0.00017771459036786902,0.00017771459036786902
0.00035323207347227116,0.00035323207347227116,0.15625806641172393,0.8430354694413315
0.15247731214651156,0.8467552281451232,0.0003837298541826554,0.0003837298541826554

Transition Gammas
909.6969116467942,122.84999686278813,82.40683108950829,47.05262537414336
1356.0943217134381,193.81198901226617,104.7548761706093,73.06891083384514
727.5269648415112,80.91244728187547,10.719559283801297,64.12840075343964
421.8859055251381,68.6916112650263,41.80499191395823,20.40444720679532

1.0,1.0,3147.865593696643,688.1344063033563
768.5883359828217,4856.411664017183,1.0,1.0
1.0,1.0,442.3665860115906,2386.63341398841
397.3558754538091,2206.644124546191,1.0,1.0

Iteration: ,22500
Error:,0.03682314405636342
Absolute Error:,0.0949638588452563
Transition Probabilities
0.7785829530349632,0.10962382334095076,0.0731451635690447,0.03864806005504125
0.7834638053947739,0.11094956641989681,0.06363652100165638,0.04195010718367297
0.8251593544926545,0.0910147566631641,0.012275044510823896,0.07155084433335747
0.7581762861057721,0.1309064821727523,0.07223843045750998,0.03867880126396553

0.00023272050267628589,0.00023272050267628589,0.8196998571572832,0.17983470183736425
0.13586665733986433,0.8638209402858775,0.00015620118712902215,0.00015620118712902215
0.00031397174254317096,0.00031397174254317096,0.15413313238025217,0.8452389241346615
0.1529898509603596,0.846328253369678,0.00034094783498124775,0.00034094783498124775

Transition Gammas
999.88021858224,140.78229174772147,93.93527286021356,49.63302957633449
1520.994156693561,215.39430545526622,123.54211634199903,81.44073467042233
804.3996949548197,88.72497427027359,11.966224470829134,69.75074213501495
470.3811088819295,81.21585622326018,44.8175360337678,23.996764027290734

1.0,1.0,3522.2502862048445,772.7497137951539
869.8183402898118,5530.18165971019,1.0,1.0
1.0,1.0,490.9140266311034,2692.0859733688985
448.71923286673484,2482.280767133266,1.0,1.0

Iteration: ,25000
Error:,0.036139751783068476
Absolute Error:,0.09462143955204144
Transition Probabilities
0.7792282387601072,0.10771048005618473,0.07286491565365427,0.04019636553005378
0.781993008020588,0.11189947342960133,0.0641337525427495,0.04197376600706106
0.8227531002356403,0.09035358492152873,0.014047167721477637,0.07284614712135333
0.7626302539466026,0.12613664538540453,0.0724664579773171,0.038766642690675764

0.00021048200378867606,0.00021048200378867606,0.819610295216216,0.17996874077620664
0.1359386065640935,0.8637822197898987,0.00013958682300390838,0.00013958682300390838
0.0002808988764044943,0.0002808988764044943,0.15661596291235388,0.842822239334837
0.15225452928598518,0.8471329132867561,0.0003062787136294028,0.0003062787136294028

Transition Gammas
1098.47375671653,151.8388705385242,102.71727030614434,56.66459511324569
1679.8732124103126,240.38185248359383,137.77178542890528,90.1678204485737
871.8403919798468,95.74428206008433,14.88525319320237,77.19231132925863
526.0257567802997,87.00300572029425,49.98388563978348,26.739370033728044

1.0,1.0,3893.968512572242,855.0314874277577
973.8641774251662,6188.135822574836,1.0,1.0
1.0,1.0,557.55282796798,3000.4471720320207
497.11103811874153,2765.888961881258,1.0,1.0

Iteration: ,27500
Error:,0.03568459948688201
Absolute Error:,0.0952543706817233
Transition Probabilities
0.7801399404775474,0.10592842362334151,0.07286894583439651,0.04106269006471467
0.7797612154460324,0.1139795705082737,0.06479025277362443,0.04146896127206932
0.8180299094771232,0.09285709589535603,0.015522696799871335,0.07359029782764946
0.7643795209056649,0.12296473471526531,0.07465830943452441,0.037997434944545265

0.00019094901661256448,0.00019094901661256448,0.8174718413382472,0.18214626062852765
0.13631519234136755,0.8634296730751396,0.00012756729174639615,0.00012756729174639615
0.00025595085743537234,0.00025595085743537234,0.15538961674677365,0.8440984815383555
0.15311659204954642,0.8463280066730307,0.00027770063871146894,0.00027770063871146894

Transition Gammas
1212.3900251978168,164.61990666348171,113.24325097651497,63.81418673651713
1853.2316136022114,270.8913179913787,153.9847613793884,98.55785141696826
957.8317092101087,108.72642900133853,18.175534946973528,86.16692364536294
581.4028077955437,93.52950997245848,56.78664791944105,28.90163166539566

1.0,1.0,4281.1000330884,953.8999669115991
1068.574792763981,6768.425207236024,1.0,1.0
1.0,1.0,607.1072326296448,3297.892767370356
551.3728479704168,3047.6271520295845,1.0,1.0

Iteration: ,30000
Error:,0.03744941103766654
Absolute Error:,0.09621050732911302
Transition Probabilities
0.7714509235905191,0.1082012497485446,0.07568691893409187,0.04466090772684446
0.7801510026760887,0.11389723298980474,0.06397234811889663,0.041979416215210036
0.8174753012497805,0.09137393969415904,0.01627938844596161,0.07487137061009873
0.7602597464727959,0.12525884238142906,0.07765186665766118,0.036829544488113916

0.00017528483786152514,0.00017528483786152514,0.8189317358337491,0.1807176944905279
0.13762795734014455,0.8621387520964588,0.00011664528169835531,0.00011664528169835531
0.00023380874444704221,0.00023380874444704221,0.15512409684694792,0.844408285664158
0.15316178872413932,0.8463308546041205,0.0002536783358701167,0.0002536783358701167

Transition Gammas
1288.3113037322923,180.69444065245787,126.39600294161676,74.58303632802301
2021.4750062037997,295.12287874384083,165.7608621496703,108.77425057839322
1038.007487246967,116.02409687092107,20.671116385871915,95.06959189459164
629.2853687195468,103.67977152424668,64.27432698907981,30.48470419550883

1.0,1.0,4672.005552931534,1030.9944470684607
1179.884478277059,7391.115521722942,1.0,1.0
1.0,1.0,663.4657622143965,3611.5342377856055
603.7637711505572,3336.236228849443,1.0,1.0

Iteration: ,32500
Error:,0.03854567170100935
Absolute Error:,0.09538820328512074
Transition Probabilities
0.7699347262090979,0.10623859541956654,0.07798184573806602,0.04584483263326946
0.7826245419774919,0.11281428696738477,0.0617414569616556,0.042819714093467826
0.8186933488297755,0.09169425192416494,0.01704159350770385,0.07257080573835574
0.7597580015303248,0.12409448247681067,0.07762662872557777,0.03852088726728681

0.00016155088852988698,0.00016155088852988698,0.8201155674632763,0.17956133075966393
0.13821382544057376,0.8615702850948321,0.00010794473229706386,0.00010794473229706386
0.00021505376344086016,0.00021505376344086016,0.1559212910236635,0.8436486014494549
0.15307654001065077,0.8464559518079561,0.0002337540906965872,0.0002337540906965872

Transition Gammas
1387.9785369801834,191.51869011975623,140.57961600389007,82.64550430103047
2193.068345309583,316.1278855652835,173.01174138210845,119.98928540665628
1127.2572517776118,126.25363400787762,23.46453637477843,99.92259880068367
680.8144908756693,111.20030554170793,69.56074645840953,34.51833110034072

1.0,1.0,5076.515362597678,1111.4846374023193
1280.4128788814758,7981.587121118528,1.0,1.0
1.0,1.0,725.0340032600354,3922.9659967399657
654.861438165564,3621.138561834436,1.0,1.0

Iteration: ,35000
Error:,0.036634663177467185
Absolute Error:,0.09504713558305689
Transition Probabilities
0.772404524234508,0.10648335118676633,0.07666872260912787,0.04444340196959779
0.7837801213123801,0.1135030791902153,0.06105742856540701,0.04165937093199772
0.8177565835969515,0.09035656058717596,0.017716862561683106,0.0741699932541893
0.7609665772444062,0.1257165583120354,0.07322127247157101,0.04009559197198733

0.00014956625785222857,0.00014956625785222857,0.8206377588557183,0.17906310862857713
0.13981697138599114,0.8599826880350245,0.00010017028949213646,0.00010017028949213646
0.0001993223041658362,0.0001993223041658362,0.15738995241336573,0.8422114029783025
0.15294739802500829,0.8466179138637114,0.00021734405564007825,0.00021734405564007825

Transition Gammas
1486.7003489739154,204.95586237816195,147.5695870260963,85.54328612105391
2350.1928108122743,340.343054722083,183.08288990645644,124.91711821346547
1218.0487667525542,134.58613406340592,26.389274053975413,110.47623538037797
735.0770700563716,121.43944570630124,70.7301477406606,38.73146488991988

1.0,1.0,5486.784055709332,1197.2159442906666
1395.7928253463517,8585.207174653664,1.0,1.0
1.0,1.0,789.6253912578558,4225.374608742143
703.7109783130632,3895.2890216869364,1.0,1.0

Iteration: ,36415
Error:,0.03733472350839118
Absolute Error:,0.09405041960967261
Transition Probabilities
0.7748539046319391,0.10541641218016352,0.07659502069776564,0.04313466249013162
0.7851082151136503,0.11128548453941997,0.060857290720568925,0.04274900962636084
0.8173048046223803,0.09033228219382466,0.01817163697031762,0.07419127621347747
0.765355609299381,0.12253791815153914,0.07291507612145014,0.03919139642762976

0.0001436781609195402,0.0001436781609195402,0.8212095577888008,0.1785030858893601
0.1395573299841457,0.8602496757091864,9.649715333397648e-05,9.649715333397648e-05
0.0001914608462569405,0.0001914608462569405,0.15717904195693977,0.8424380363505464
0.1527834625195396,0.8467991752100097,0.00020868113522537563,0.00020868113522537563

*,*,*,*,*,*,*,*,*,*,*
Model Num 2
Model States: 
"['square', 'y', 'diamond']","['square', 'y', 'square']","['diamond', 'y', 'diamond']","['diamond', 'y', 'square', 'y', 'square']"
Iteration: ,36415
Error:,0.037140142341540526
Absolute Error:,0.09405041960967261
Transition Probabilities
0.7748539046319391,0.10541641218016352,0.07659502069776564,0.04313466249013162
0.7851082151136503,0.11128548453941997,0.060857290720568925,0.04274900962636084
0.8173048046223803,0.09033228219382466,0.01817163697031762,0.07419127621347747
0.765355609299381,0.12253791815153914,0.07291507612145014,0.03919139642762976

0.0001436781609195402,0.0001436781609195402,0.8212095577888008,0.1785030858893601
0.1395573299841457,0.8602496757091864,9.649715333397648e-05,9.649715333397648e-05
0.0001914608462569405,0.0001914608462569405,0.15717904195693977,0.8424380363505464
0.1527834625195396,0.8467991752100097,0.00020868113522537563,0.00020868113522537563

Transition Gammas
1560.9078112711722,212.35654905341016,154.29717188869333,86.89280806989534
2448.209761757154,347.0224923730337,189.77181788197475,133.304607769971
1269.016572602578,140.25754222494785,28.214820635130405,115.1956510287964
765.9034140850085,122.62562490793921,72.9672652308764,39.21944774685657

1.0,1.0,5715.618522210055,1242.3814777899465
1446.2326106257042,8914.767389374314,1.0,1.0
1.0,1.0,820.9461361410962,4400.053863858902
732.1383523936337,4057.861647606366,1.0,1.0

