0,1,2,3,4,5,6,7,8,9,10,11,12,13,14,15,16,17,18,19,20,21,22,23,24,25,26,27,28,29
github Code Version (SHA):,0223d720dafbf5413b6775610c21cd8ff219e6c5
Environment Observations,Environment Actions,alpha,epsilon,numActions,explore,patience,gainThresh,insertRandActions,useBudd,revisedSplitting,haveControl,confidence_factor
"['diamond', 'square']","['x', 'y']",0.85,0.99,100000,0.5,0,0.0001,False,True,False,False,

Model Num 0
Model States: 
['diamond'],['square']
Iteration: ,0
Error:,0.5085434896197762
Absolute Error:,1
Transition Probabilities
0.5,0.5
0.5,0.5

0.5,0.5
0.5,0.5

Transition Gammas
1.0,1.0
1.0,1.0

1.0,1.0
1.0,1.0

Iteration: ,10000
Error:,0.08457264698762443
Absolute Error:,1
Transition Probabilities
0.4543698696281989,0.5456301303718011
0.1084170419120194,0.8915829580879806

0.12300242130750605,0.876997578692494
0.8809922896413007,0.1190077103586993

Transition Gammas
941.0,1130.0
313.0,2574.0

254.0,1811.0
2628.0,355.0

Iteration: ,20000
Error:,0.08767105137776482
Absolute Error:,1
Transition Probabilities
0.4659090909090909,0.5340909090909091
0.11234177215189874,0.8876582278481012

0.12481927710843374,0.8751807228915662
0.8830753701211306,0.11692462987886945

Transition Gammas
1968.0,2256.0
639.0,5049.0

518.0,3632.0
5249.0,695.0

Iteration: ,30000
Error:,0.08574977635995215
Absolute Error:,1
Transition Probabilities
0.4701743163281625,0.5298256836718375
0.11344292876297074,0.8865570712370293

0.12113976440624005,0.8788602355937599
0.8839667191364965,0.11603328086350348

Transition Gammas
2940.0,3313.0
973.0,7604.0

761.0,5521.0
7862.0,1032.0

Iteration: ,40000
Error:,0.08815234329692025
Absolute Error:,1
Transition Probabilities
0.47095837366892546,0.5290416263310745
0.1108591365023986,0.8891408634976014

0.12437574316290131,0.8756242568370987
0.8819415184966715,0.11805848150332855

Transition Gammas
3892.0,4372.0
1271.0,10194.0

1046.0,7364.0
10466.0,1401.0

Iteration: ,50000
Error:,0.08737626657369833
Absolute Error:,1
Transition Probabilities
0.4697028174450019,0.530297182554998
0.11164440734557596,0.888355592654424

0.12331645811443309,0.876683541885567
0.8832195715347706,0.11678042846522944

Transition Gammas
4868.0,5496.0
1605.0,12771.0

1291.0,9178.0
13069.0,1728.0

Iteration: ,60000
Error:,0.08591018958067437
Absolute Error:,1
Transition Probabilities
0.47245542496202125,0.5275445750379787
0.11183905380333951,0.8881609461966605

0.123413426997685,0.876586573002315
0.88298352516362,0.11701647483638004

Transition Gammas
5909.0,6598.0
1929.0,15319.0

1546.0,10981.0
15650.0,2074.0

Iteration: ,70000
Error:,0.08750980268007895
Absolute Error:,1
Transition Probabilities
0.4724490496122967,0.5275509503877033
0.11300501913233613,0.8869949808676638

0.12263312598263723,0.8773668740173628
0.8824041390648422,0.11759586093515788

Transition Gammas
6885.0,7688.0
2274.0,17849.0

1794.0,12835.0
18249.0,2432.0

Iteration: ,80000
Error:,0.08677850247059017
Absolute Error:,1
Transition Probabilities
0.4711405356605477,0.5288594643394523
0.11254019292604502,0.887459807073955

0.12148192411114431,0.8785180758888557
0.8839776668640555,0.11602233313594451

Transition Gammas
7828.0,8787.0
2590.0,20424.0

2033.0,14702.0
20899.0,2743.0

Iteration: ,90000
Error:,0.08604656598527964
Absolute Error:,1
Transition Probabilities
0.4702572347266881,0.5297427652733119
0.11165142217590984,0.8883485778240902

0.11992982829195684,0.8800701717080431
0.8844275841346154,0.11557241586538461

Transition Gammas
8775.0,9885.0
2893.0,23018.0

2256.0,16555.0
23547.0,3077.0

Iteration: ,99999
Error:,0.08383739284151247
Absolute Error:,1
Transition Probabilities
0.4715714216704507,0.5284285783295493
0.1115313877225249,0.8884686122774751

0.11906923407711788,0.8809307659228821
0.8851072467690642,0.11489275323093578

Transition Gammas
9762.0,10939.0
3214.0,25603.0

2492.0,18437.0
26162.0,3396.0


Model Num 1
Model States: 
['square'],"['diamond', 'x', 'square']","['diamond', 'x', 'diamond']"
Iteration: ,0
Error:,0.5695554729726949
Absolute Error:,1
Transition Probabilities
0.3333333333333333,0.3333333333333333,0.3333333333333333
0.3333333333333333,0.3333333333333333,0.3333333333333333
0.3333333333333333,0.3333333333333333,0.3333333333333333

0.3333333333333333,0.3333333333333333,0.3333333333333333
0.3333333333333333,0.3333333333333333,0.3333333333333333
0.3333333333333333,0.3333333333333333,0.3333333333333333

Transition Gammas
1.0,1.0,1.0
1.0,1.0,1.0
1.0,1.0,1.0

1.0,1.0,1.0
1.0,1.0,1.0
1.0,1.0,1.0

Iteration: ,10000
Error:,0.07027829429150145
Absolute Error:,1
Transition Probabilities
0.8840630472854641,0.07153981465022093,0.04439713806431498
0.9989299090422686,0.0005350454788657035,0.0005350454788657035
0.000723065798987708,0.8279280229476087,0.17134891125340362

0.119106699751861,0.38585303859332726,0.4950402616548117
0.8811841646770641,0.05751664503558239,0.061299190287353596
0.859826338500905,0.05717472902545691,0.08299893247363821

Transition Gammas
2524.0,204.24617082638076,126.75382917361927
1867.0,1.0,1.0
1.0,1145.0244557365427,236.97554426345718

336.0,1088.4914218717765,1396.5085781282241
311.4263914059886,20.327420676896807,21.66424045340819
317.1494495071809,21.089065342846336,30.61439800691839

Iteration: ,20000
Error:,0.06711099593800612
Absolute Error:,1
Transition Probabilities
0.8869132290184921,0.06902753442734033,0.04405923655416748
0.9994670929922729,0.0002664535038635758,0.0002664535038635758
0.0003636363636363636,0.836058595954553,0.1635777676818106

0.11633619933321643,0.3897898528787485,0.4938739477880352
0.8814243349623814,0.06281568140476297,0.055759983632855614
0.8705189363853237,0.05299049124998091,0.07649057236469538

Transition Gammas
4988.0,388.210853619362,247.78914638063787
3751.0,1.0,1.0
1.0,2299.1611388750207,449.83886112497913

663.0,2221.4123715559863,2814.5876284440105
612.9694952623967,43.6839499409605,38.77720147666419
648.6926622962233,39.48741538934129,56.999188591864275

Iteration: ,30000
Error:,0.0692363858920516
Absolute Error:,1
Transition Probabilities
0.885092800567443,0.06969830049042026,0.0452088989421368
0.9996451383960255,0.000177430801987225,0.000177430801987225
0.0002426595486532394,0.8350189210838685,0.16473841936747805

0.11654355727517886,0.3925016342493261,0.49095480847549516
0.878449444087959,0.06557935600321439,0.055971199908826534
0.8753550038317721,0.05130998338223073,0.07333501278599718

Transition Gammas
7487.0,589.577923848465,382.42207615153524
5634.0,1.0,1.0
1.0,3441.112973786624,678.8870262133773

994.0,3347.646438512501,4187.353561487496
918.6722833165902,68.5821331248655,58.53403444702095
960.2954071926588,56.28886699613494,80.45110344550234

Iteration: ,40000
Error:,0.07052997776325054
Absolute Error:,1
Transition Probabilities
0.8854645001766159,0.06907570406440378,0.04545979575898022
0.9997337238716549,0.00013313806417254693,0.00013313806417254693
0.00018224895206852548,0.8398774172973027,0.1599403337506287

0.11415202613225038,0.39274281835055463,0.49310515551719497
0.8682703416906313,0.07067565690543141,0.06105400140393714
0.8786977924373165,0.049931820314018396,0.07137038724866507

Transition Gammas
10027.0,782.2132728253084,514.7867271746921
7509.0,1.0,1.0
1.0,4608.407388710303,877.5926112897001

1293.0,4448.597903456733,5585.402096543267
1211.4684863836028,98.61137365198302,85.18660043653102
1280.495707812068,72.76390375124913,104.00558112625531

Iteration: ,50000
Error:,0.0713469776110863
Absolute Error:,1
Transition Probabilities
0.884922034855006,0.06927646566046522,0.04580149948452883
0.9997869620792501,0.00010651896037494674,0.00010651896037494674
0.00014560279557367494,0.8411586106239786,0.15869578658044775

0.11537374593754415,0.39140411042790824,0.49322214363454764
0.8689705619940372,0.07057914144650498,0.060450296559457786
0.8832725559272157,0.04936672013381758,0.0673607239389668

Transition Gammas
12542.0,981.8553478057735,649.1446521942271
9386.0,1.0,1.0
1.0,5777.077337765488,1089.9226622345157

1633.0,5539.933778996613,6981.066221003387
1519.8659210433552,123.44587551376411,105.73010142812493
1590.387072208889,88.88784438203172,121.2871653356254

Iteration: ,60000
Error:,0.06574616056264956
Absolute Error:,1
Transition Probabilities
0.8855159430521238,0.06824797696507874,0.046236079982797544
0.9998228991410608,8.855042946958293e-05,8.855042946958293e-05
0.00012099213551119169,0.8415027327454695,0.15837627511901944

0.11365109291227243,0.3919339273183393,0.49441497976938825
0.8737133880809114,0.06692818682499799,0.059358425094090755
0.8835975647983562,0.04866321559213099,0.06773921960951275

Transition Gammas
15052.0,1160.0791124524085,785.9208875475927
11291.0,1.0,1.0
1.0,6955.02008614131,1308.9799138586966

1929.0,6652.294548374173,8391.705451625827
1804.7914140958285,138.250619242625,122.61409453662223
1911.2127825200982,105.25805342100139,146.5192612036924

Iteration: ,70000
Error:,0.06852433410876305
Absolute Error:,1
Transition Probabilities
0.8858281620503506,0.06817350616076265,0.04599833178888678
0.9998481742959083,7.591285204585137e-05,7.591285204585137e-05
0.00010418837257762028,0.8424553950816689,0.15744041654575347

0.11406250000000016,0.3923753305792627,0.49356216942073705
0.8747540011181346,0.0666253822809128,0.05862061660095246
0.8848717743544358,0.04867115385197204,0.06645707179359205

Transition Gammas
17558.0,1351.2670656124765,911.7329343875248
13171.0,1.0,1.0
1.0,8085.8868819938625,1511.1131180061427

2263.0,7784.7265586925605,9792.273441307409
2091.7651584389264,159.3186806173483,140.17719634930725
2250.933098731488,123.80947650724129,169.05321977764046

Iteration: ,80000
Error:,0.06603685719260034
Absolute Error:,1
Transition Probabilities
0.8860385022960084,0.06854700219197925,0.0454144955120123
0.9998670035909031,6.64982045484772e-05,6.64982045484772e-05
9.133254178463786e-05,0.840927238935753,0.15898142852246222

0.11305114638447983,0.39356132816431233,0.4933875254512079
0.8746892949063262,0.06603212589766061,0.05927857919601307
0.8868257572881451,0.048219004466213494,0.06495523824564152

Transition Gammas
20067.0,1552.452505643946,1028.5474943560546
15036.0,1.0,1.0
1.0,9207.31233910756,1740.6876608924388

2564.0,8925.970922766595,11190.029077233385
2392.6384211519467,180.62528302693482,162.15152850460882
2590.6997079294374,140.86302721886162,189.7548818000711

Iteration: ,90000
Error:,0.06729415130417818
Absolute Error:,1
Transition Probabilities
0.8870105362478377,0.06738920383963386,0.04560025991252845
0.9998815236064215,5.9238196789289736e-05,5.9238196789289736e-05
8.089960359194235e-05,0.8395912988388176,0.16032780155759047

0.1138134962597424,0.39290712750928225,0.49327937623097545
0.8743284036154149,0.06646528957876566,0.059206306805819425
0.8860208067808143,0.04931601518392072,0.06466317803526496

Transition Gammas
22562.0,1714.111788864927,1159.8882111350738
16879.0,1.0,1.0
1.0,10378.18804494663,1981.8119550533768

2906.0,10032.097686694495,12594.902313305485
2711.897874448199,206.15489190091864,183.63975929032586
2904.0477947199356,161.63961844145373,211.94192973320145

Iteration: ,99999
Error:,0.06522264472501793
Absolute Error:,1
Transition Probabilities
0.8872217700555575,0.06682704463678418,0.04595118530765832
0.9998934072376485,5.3296381175718166e-05,5.3296381175718166e-05
7.277490721199322e-05,0.8377567285487811,0.16217049654400684

0.11418099802650136,0.39324038330754635,0.4925786186659523
0.8735789187176494,0.06817646030094782,0.05824462098140271
0.8865220337935388,0.04951077701791717,0.06396718918854398

Transition Gammas
25072.0,1888.4654543908841,1298.5345456091165
18761.0,1.0,1.0
1.0,11511.615206988814,2228.3847930112

3240.0,11158.589116734927,13977.410883265053
2983.8218430709076,232.86552258820524,198.9420401545506
3238.175556515929,180.84670409993197,233.65125800992


Model Num 2
Model States: 
"['diamond', 'x', 'square']","['diamond', 'x', 'diamond']","['square', 'y', 'diamond', 'x', 'diamond']","['square', 'y', 'diamond', 'x', 'square']"
Iteration: ,0
Error:,0.5044605285786534
Absolute Error:,0.6
Transition Probabilities
0.25,0.25,0.25,0.25
0.25,0.25,0.25,0.25
0.25,0.25,0.25,0.25
0.25,0.25,0.25,0.25

0.25,0.25,0.25,0.25
0.25,0.25,0.25,0.25
0.25,0.25,0.25,0.25
0.25,0.25,0.25,0.25

Transition Gammas
1.0,1.0,1.0,1.0
1.0,1.0,1.0,1.0
1.0,1.0,1.0,1.0
1.0,1.0,1.0,1.0

1.0,1.0,1.0,1.0
1.0,1.0,1.0,1.0
1.0,1.0,1.0,1.0
1.0,1.0,1.0,1.0

Iteration: ,10000
Error:,0.030421837081486883
Absolute Error:,0.07397749337786612
Transition Probabilities
0.0004161464835622139,0.0004161464835622139,0.13506691775565796,0.8641007892772177
0.8351709100728084,0.16337348585150013,0.0007278020378457062,0.0007278020378457062
0.0653848711430648,0.026766310468843913,0.84629532093346,0.06155349745463118
0.04852843834227925,0.06455641940087713,0.7793487659091505,0.10756637634769314

0.04629520169859632,0.07009484126105016,0.09244248281239802,0.7911674742279554
0.029344836811422373,0.06031008060487159,0.7767632469006452,0.1335818356830608
0.0008735358970389303,0.9166019466658653,0.028893361355237002,0.053631156081858845
0.8849017411546546,0.0007768149554948086,0.04566793836132289,0.06865350552852767

Transition Gammas
1.0,1.0,324.56580336684607,2076.434196633154
1147.5248304400384,224.4751695599611,1.0,1.0
37.03009524827599,15.158843456883474,479.29124573430175,34.86023347239202
38.968555537374385,51.839096839953235,625.8205848931202,86.3762868504934

28.90427666355301,43.76351349947039,57.716199533402424,493.96314786943964
5.6439961713751945,11.599650944275455,149.39762043133024,25.69226654779007
1.1774783630833061,1235.5290302523142,38.94666257890798,72.29184981131704
1830.755859832932,1.6071372285043657,94.48150215230397,142.03589133006136

Iteration: ,20000
Error:,0.030444981465443624
Absolute Error:,0.0734893728188481
Transition Probabilities
0.00020733982998133918,0.00020733982998133918,0.13098958652948542,0.868595733810552
0.8355317340544866,0.16372834733656044,0.0003699593044765076,0.0003699593044765076
0.06598080842897888,0.03879741906702982,0.8257867094584862,0.06943506304550515
0.051286703816930186,0.06106587030398738,0.7994061532005435,0.08824127267853896

0.04479034833778197,0.06780391720364773,0.08377593392477148,0.8036298005337987
0.038837114304322046,0.04726675256071441,0.7641841293524104,0.14971200378255306
0.00044781695920152845,0.9222352242349602,0.0247583877943913,0.05255857101144713
0.8858079955027548,0.0003947009367470156,0.03709935262038604,0.07669795094011211

Transition Gammas
1.0,1.0,631.762775831709,4189.237224168297
2258.4422771492773,442.5577228507229,1.0,1.0
76.5830733678732,45.031663928347676,958.4799832324902,80.59238215064586
84.31209408922841,100.38842467023214,1314.1731050749097,145.06306568624308

55.28421895592,83.68960599472663,103.40368508424744,991.9111482938945
15.6259158261835,19.01753799479824,307.465605899489,60.23586487256335
1.192887842740404,2456.6358297336665,65.95100788152773,140.00470304463965
3707.7191566658435,1.6520964269466363,155.28645158868258,321.0339751068394

Iteration: ,30000
Error:,0.03216921590259484
Absolute Error:,0.07540957588605145
Transition Probabilities
0.00013631406761177743,0.00013631406761177743,0.12884298301077582,0.8708843888540007
0.826322708173214,0.1731846809893477,0.00024630541871921153,0.00024630541871921153
0.06885318033161687,0.04345861543437928,0.8070012262374456,0.08068697799655826
0.05505402505783467,0.05777449129678913,0.8012561816812741,0.08591530196410191

0.046389330759169574,0.06588796745346151,0.08127724560081212,0.8064454561865567
0.03977884792823853,0.04441782248301936,0.773746209798319,0.1420571197904231
0.0003049565718163504,0.9228409601017314,0.02374442290164458,0.05310966042480769
0.8844035466714798,0.00026219533885956005,0.03283018044498962,0.08250407754467087

Transition Gammas
1.0,1.0,945.1921233670522,6388.807876632954
3354.8701951832522,703.1298048167524,1.0,1.0
117.24200348526206,74.00057800790492,1374.1477172652123,137.39238928290766
136.66274010861193,143.4158588896261,1988.9892737632567,213.27088385160803

84.50274104924944,120.02143080886519,148.05451869650173,1469.01993280009
22.856595953251965,25.522112240383354,444.5881519652003,81.62484230790025
1.2005086689022288,3632.906043052472,93.47358990076567,209.0743851253407
5653.065021099055,1.6759400212500197,209.84893763534473,527.3621036699348

Iteration: ,40000
Error:,0.03269906458213356
Absolute Error:,0.07411241552495154
Transition Probabilities
0.00010218679746576709,0.00010218679746576709,0.13129735201241577,0.8684982743926527
0.8292948719551645,0.17033475767446524,0.00018518518518518507,0.00018518518518518507
0.07081441167511313,0.042314031161188696,0.8014115547893383,0.08546000237435984
0.05380220802993932,0.05789021712385702,0.8092590227981671,0.07904855204803657

0.05070571045352299,0.06143396929152547,0.0770203937137531,0.8108399265411984
0.04092868002223131,0.044729351846411726,0.7766070753882398,0.13773489274311718
0.00022968902772072265,0.926170720698199,0.021702429535456275,0.05189716073862404
0.8838977413880678,0.00019879665843513096,0.02901050211153386,0.08689295984196328

Transition Gammas
1.0,1.0,1284.875886793505,8499.124113206528
4478.192308557891,919.8076914421129,1.0,1.0
162.31780466849898,96.99043573601267,1836.9617304197716,195.88780933480288
178.7380230407795,192.3189278098361,2688.465086458286,262.60970385155684

124.33108263905882,150.63691731193094,188.85503920697258,1988.190383531797
31.059566776178965,33.94378440189652,589.3441787952163,104.52294323298511
1.2067563872199445,4865.98094802164,114.0217524536972,272.6609573882768
7537.652055595699,1.6952866501796329,247.39408263615064,741.0007591387322

Iteration: ,50000
Error:,0.03285281178517455
Absolute Error:,0.07395461394386507
Transition Probabilities
8.194034742707263e-05,8.194034742707263e-05,0.1313256746984804,0.8685104446066654
0.8318584785029893,0.16784553215262712,0.00014799467219180122,0.00014799467219180122
0.06785777246249415,0.040936429794078535,0.8038136016291669,0.08739219611426055
0.0555453475692111,0.058389918185010624,0.8089082769890865,0.07715645725669176

0.0516964304593867,0.06415216258533803,0.07673967816133356,0.8074117287939417
0.041722462518297046,0.04517302552942225,0.7800920511637711,0.13301246078850945
0.00018326568654207775,0.9235078911302287,0.0213958878319947,0.05491295535123461
0.8834716640329904,0.00016100207114941794,0.02624700789940199,0.09012032599645814

Transition Gammas
1.0,1.0,1602.6985340202637,10599.301465979805
5620.867739244693,1134.1322607553004,1.0,1.0
194.12329850586605,117.10839440054691,2299.4999993313777,250.00616374120565
233.55390889228394,245.5145971499692,3401.2513791676097,324.42307010730485

158.48497974334654,196.67033289303413,235.25969261000634,2475.270155895525
39.6777042100796,42.9591600554441,741.8608537100736,126.49371002746608
1.2115689772018365,6105.308266954701,141.44815882368258,363.0294050422253
9376.421702542499,1.708739935345931,278.5635629458822,956.4609878442474

Iteration: ,60000
Error:,0.03198704346488141
Absolute Error:,0.07288355964655581
Transition Probabilities
6.844158510711062e-05,6.844158510711062e-05,0.13122795161200967,0.8686351652177762
0.8304948608590451,0.16925940870724063,0.00012286521685710787,0.00012286521685710787
0.06682362011936953,0.04209483917133443,0.8005434977858858,0.09053804292341022
0.05497791034268286,0.0569927459615369,0.8144894434123257,0.0735399002834546

0.05127416858652678,0.06193210595559531,0.07538123034424947,0.8114124951136285
0.041298626501376716,0.04301878603467938,0.7879064737990172,0.12777611366492664
0.00015255329569247044,0.924521108440615,0.020241542665692582,0.05508479559799994
0.8825081939292625,0.00013538845125265562,0.024760402133694535,0.09259601548579027

Transition Gammas
1.0,1.0,1917.3716010030864,12691.628398997012
6759.3976725317625,1377.6023274682302,1.0,1.0
230.34100203897498,145.1009002217186,2759.4732390491545,312.08461158453616
279.1470366945297,289.37724349802545,4135.521214436039,373.3944254152565

188.8107078010562,228.05722810215636,277.58194522830587,2987.9249482610276
47.22150763774286,49.188365458965556,900.9048174783014,146.10124448444532
1.2154704522755464,7366.134469358878,161.27476569382605,438.8888559574505
11210.673304264523,1.719865839892161,314.5362061367026,1176.2652018741703

Iteration: ,70000
Error:,0.031951266637925746
Absolute Error:,0.07222448659179517
Transition Probabilities
5.8664789393405826e-05,5.8664789393405826e-05,0.13036930159113688,0.8695133688300762
0.8285960983852009,0.17119322005996915,0.00010534077741493739,0.00010534077741493739
0.06644084617381192,0.042832562716876715,0.8026774909089852,0.08804910020032611
0.05648301225797648,0.05623510489201674,0.8137375586194068,0.07354432423059996

0.051911974227206927,0.061186068243332586,0.07316291926451292,0.8137390382649475
0.050113842665300265,0.04228814913383131,0.7849127666261146,0.12268524157475386
0.00013129816992097295,0.9251474438614041,0.019343571850590116,0.05537768611808484
0.8811441730707547,0.00011670201314555825,0.02350085944300208,0.09523826547309784

Transition Gammas
1.0,1.0,2222.2751149225287,14821.724885077543
7865.862761970708,1625.1372380292862,1.0,1.0
267.78636714491773,172.6344112995392,3235.149785979656,354.8773086264174
337.2717529848109,335.79144680862464,4858.9953314040895,439.14837689689426

223.4365035538567,263.35352022371865,314.90358657344825,3502.448292939455
66.78658894829293,56.35730735014829,1046.051220917916,163.5023052173285
1.218833785907045,8588.093514193779,179.5653277255137,514.0680549218823
13061.428036938378,1.7299041326624616,348.359319396336,1411.741448059049

Iteration: ,80000
Error:,0.03266477515303104
Absolute Error:,0.0724863131909057
Transition Probabilities
5.136634477090605e-05,5.136634477090605e-05,0.129867828816271,0.8700294384941871
0.8279642148067575,0.17185196166383065,9.191176470588237e-05,9.191176470588237e-05
0.06503408828906514,0.044235738459508,0.8014360473936887,0.08929412585773806
0.05762249031525622,0.05503505501580722,0.8151903794130907,0.0721520752558458

0.053349298804368214,0.06272991847962862,0.07208780667158238,0.8118329760444208
0.05508329901159551,0.04141365301390853,0.7865992754381409,0.11690377253635514
0.00011515241513953008,0.9263427838340361,0.01882899926117096,0.054713064489653435
0.8824922214673309,0.00010276432489277091,0.022103737683082235,0.095301276524694

Transition Gammas
1.0,1.0,2528.266891395167,16937.733108604854
9008.25065709752,1869.7493429024773,1.0,1.0
298.87634374622144,203.29362833421698,3683.149589593368,410.36789407660535
394.6103386646205,376.89106422503534,5582.586763196019,494.1118423777359

265.2551010866582,311.89596190361345,358.4238007683128,4036.469887182721
83.4415020141921,62.734394514890326,1191.5594418558144,177.08863751071806
1.2213855083905647,9825.427027354333,199.71328267170819,580.3242945997131
14930.63083679875,1.7386399118800737,373.9667494301595,1612.3747535134007

Iteration: ,90000
Error:,0.03409700332755477
Absolute Error:,0.07319977867044575
Transition Probabilities
4.56516776991555e-05,4.56516776991555e-05,0.1308351770824213,0.8690735195621805
0.826823124993194,0.17301343625547813,8.171937566396998e-05,8.171937566396998e-05
0.0647045543351868,0.04284475641941764,0.8002344937159707,0.09221619552942485
0.05865708128546494,0.054675715220323905,0.8158530837479804,0.07081411974623071

0.055663059437366734,0.06254430344990103,0.07070094538874781,0.8110916917239844
0.05499290117231703,0.042148875613036686,0.7860258223127417,0.11683240090190458
0.00010276876740157485,0.9268387492505799,0.01814190266753496,0.05491657931448378
0.8826658673688736,9.170320557130794e-05,0.020788805362874578,0.09645362406268047

Transition Gammas
1.0,1.0,2865.9445539904345,19037.055446009537
10117.834580541708,2117.1654194582848,1.0,1.0
335.8259725512427,222.370467444013,4153.332479953033,478.61535971979816
453.27663699781385,422.51035642068024,6304.56091543064,547.2209893008404

312.9540917355041,351.6424694804648,397.50150948626646,4560.196048571728
92.77901251446966,71.10974279606263,1326.1111534475808,197.10898232861194
1.22358104609196,11035.087362050133,216.00033556207447,653.8453974332522
16812.59647283745,1.7467187160322593,395.97520266670125,1837.2024110805628

Iteration: ,99999
Error:,0.03358884585080532
Absolute Error:,0.0734694402195081
Transition Probabilities
4.116412135182974e-05,4.116412135182974e-05,0.1303645298249193,0.8695531419323771
0.8244257058958376,0.17542735412914212,7.34699875101022e-05,7.34699875101022e-05
0.06566841265104356,0.04287893674119445,0.7996273434011333,0.09182530720662874
0.05792107850179309,0.054162843619581486,0.8157856062511523,0.07213047162747316

0.056505246086909704,0.06276947506612285,0.06969341927781272,0.8110318595691547
0.05312563159294603,0.04152389332369811,0.7887755297994028,0.11657494528395304
9.27116209520722e-05,0.9265926086503469,0.01801195997463211,0.05530271975406892
0.8824785296423768,8.29089632658586e-05,0.019778754485788107,0.09765980690856932

Transition Gammas
1.0,1.0,3166.945523036765,21124.054476963236
11221.258282948234,2387.741717051751,1.0,1.0
379.9617619909353,248.10035295140014,4626.696490279746,531.3072771682891
500.0040405600556,467.56105650164636,7042.2738993660705,622.6667077706873

353.8732243154117,393.1039694273728,436.4662876695078,5079.217931850569
99.5533750276197,77.81260383565736,1478.1050836703064,218.45254162057964
1.2258148813889171,12251.225865803237,238.15060456444414,731.20172163599
18663.302698075357,1.7534195176866147,418.29559537133605,2065.381169679956


Model Num 3
Model States: 
"['diamond', 'x', 'square']","['diamond', 'x', 'diamond']","['square', 'y', 'diamond', 'x', 'diamond']","['square', 'x', 'square', 'y', 'diamond', 'x', 'diamond']","['square', 'x', 'square', 'y', 'diamond', 'x', 'square']"
Iteration: ,0
Error:,0.481080636106136
Absolute Error:,1
Transition Probabilities
0.2,0.2,0.2,0.2,0.2
0.2,0.2,0.2,0.2,0.2
0.2,0.2,0.2,0.2,0.2
0.2,0.2,0.2,0.2,0.2
0.2,0.2,0.2,0.2,0.2

0.2,0.2,0.2,0.2,0.2
0.2,0.2,0.2,0.2,0.2
0.2,0.2,0.2,0.2,0.2
0.2,0.2,0.2,0.2,0.2
0.2,0.2,0.2,0.2,0.2

Transition Gammas
1.0,1.0,1.0,1.0,1.0
1.0,1.0,1.0,1.0,1.0
1.0,1.0,1.0,1.0,1.0
1.0,1.0,1.0,1.0,1.0
1.0,1.0,1.0,1.0,1.0

1.0,1.0,1.0,1.0,1.0
1.0,1.0,1.0,1.0,1.0
1.0,1.0,1.0,1.0,1.0
1.0,1.0,1.0,1.0,1.0
1.0,1.0,1.0,1.0,1.0

Iteration: ,10000
Error:,0.21919232623076723
Absolute Error:,1
Transition Probabilities
0.0005608524957936068,0.0005608524957936068,0.44307347167694944,0.48607125549035257,0.06973356784111075
0.857171564033627,0.14082040383785888,0.0006693440428380183,0.0006693440428380183,0.0006693440428380183
0.2,0.2,0.2,0.2,0.2
0.07004604105341194,0.04889781778641656,0.5432336173008734,0.29677366129970223,0.041048862559595806
0.004081632653061225,0.004081632653061225,0.9836734693877551,0.004081632653061225,0.004081632653061225

0.042416789635791464,0.07996157922418157,0.31666902358385934,0.4976665964537617,0.06328601110240588
0.09219618165464413,0.025149968358417145,0.43793701700290205,0.3668250104196349,0.07789182256440172
0.3433058812349257,0.5378856670851297,0.03463803255975061,0.06812222958324726,0.016048189536946752
0.2,0.2,0.2,0.2,0.2
0.2,0.2,0.2,0.2,0.2

Transition Gammas
1.0,1.0,790.0,866.6650485392978,124.33495146070034
1280.6143166662396,210.38568333376128,1.0,1.0,1.0
1.0,1.0,1.0,1.0,1.0
156.0020736701676,108.90210007458259,1209.8552539416432,660.9553641745235,91.42140775972841
1.0,1.0,241.0,1.0,1.0

20.88735629765498,39.37558711348905,155.93774966989338,245.06662590041242,31.16401486070729
29.64394539610913,8.086498544196873,140.81039784921506,117.94567175829525,25.044648199768858
991.1240791252304,1552.8759208747692,100.0,196.66887680683482,46.33112319316527
1.0,1.0,1.0,1.0,1.0
1.0,1.0,1.0,1.0,1.0

Iteration: ,20000
Error:,0.22001284508069716
Absolute Error:,1
Transition Probabilities
0.0002789400278940031,0.0002789400278940031,0.43737796373779686,0.49626310708543325,0.0658010491209819
0.8448745538256658,0.154130751214122,0.00033156498673740013,0.00033156498673740013,0.00033156498673740013
0.2,0.2,0.2,0.2,0.2
0.07505204876794831,0.05169456468807775,0.5298662453116209,0.3041470497580456,0.039240091474307376
0.0021141649048625794,0.0021141649048625794,0.9915433403805497,0.0021141649048625794,0.0021141649048625794

0.05095771663827519,0.07237682477791134,0.31858662754414346,0.506150015533058,0.05192881550661197
0.08566476755284966,0.02383083990199964,0.432533915295025,0.38838401039418263,0.06958646685594307
0.33980324528745903,0.5491051436209299,0.029308529308529317,0.06617429982693818,0.01560878195614365
0.2,0.2,0.2,0.2,0.2
0.2,0.2,0.2,0.2,0.2

Transition Gammas
1.0,1.0,1568.0,1779.1032389012762,235.89676109871985
2548.141654338211,464.85834566179255,1.0,1.0,1.0
1.0,1.0,1.0,1.0,1.0
341.88623736353713,235.48537985948465,2413.7112828943655,1385.4877002559047,178.75124594441772
1.0,1.0,469.0,1.0,1.0

47.39707826751798,67.31953970983916,296.32558750390416,470.7831018336187,48.30032221376428
56.01443896239795,15.582498677647225,282.8250783790778,253.95635878863231,45.50116706855511
1936.1988916479409,3128.8011083520573,167.0,377.0611604138936,88.9388395861065
1.0,1.0,1.0,1.0,1.0
1.0,1.0,1.0,1.0,1.0

Iteration: ,30000
Error:,0.2205255029354523
Absolute Error:,1
Transition Probabilities
0.00018477457501847765,0.00018477457501847765,0.43422025129342245,0.5010341146321451,0.06437608492439538
0.8474143600271674,0.15192528338027256,0.00022011886418666076,0.00022011886418666076,0.00022011886418666076
0.2,0.2,0.2,0.2,0.2
0.07493706768502956,0.05100160895697224,0.5332235091347588,0.3003747815846876,0.040463032638551846
0.001388888888888889,0.001388888888888889,0.9944444444444445,0.001388888888888889,0.001388888888888889

0.053389423341032236,0.07758015109132951,0.30869169674881175,0.5074083923253797,0.0529303364934469
0.08856499547960986,0.023468522964422586,0.4417894305414297,0.38135378097266814,0.06482327004186966
0.33724969599528637,0.5513143825828242,0.02829747427502338,0.06760961835868687,0.015528828788179358
0.2,0.2,0.2,0.2,0.2
0.2,0.2,0.2,0.2,0.2

Transition Gammas
1.0,1.0,2350.0,2711.5966283891667,348.40337161082743
3849.8034376034225,690.1965623965784,1.0,1.0,1.0
1.0,1.0,1.0,1.0,1.0
511.7432083893912,348.2886081206527,3641.368921722357,2051.251259169817,276.32095548027195
1.0,1.0,716.0,1.0,1.0

73.51796862422086,106.8289327150542,425.07270271816094,698.7083195928442,72.88579973487022
86.15398811935339,22.82963870439236,429.76258446131976,370.97217627876375,63.05858434025041
2884.1594001516896,4714.840599848313,242.0,578.1974562034902,132.8025437965099
1.0,1.0,1.0,1.0,1.0
1.0,1.0,1.0,1.0,1.0

Iteration: ,40000
Error:,0.21880524603437065
Absolute Error:,1
Transition Probabilities
0.0001384849743802798,0.0001384849743802798,0.42805705580944486,0.5083231454821806,0.06334282875961392
0.8486524580795177,0.15085387728332578,0.0001645548790521638,0.0001645548790521638,0.0001645548790521638
0.2,0.2,0.2,0.2,0.2
0.07636778645981505,0.05323249269381114,0.5308267653790374,0.29825841747382,0.04131453799351653
0.001049317943336831,0.001049317943336831,0.9958027282266527,0.001049317943336831,0.001049317943336831

0.050449003939338787,0.08232265631053097,0.3033345557271482,0.5106809818503443,0.05321280217263775
0.08428851517752696,0.024096232805807753,0.44399344911933764,0.3884319275396885,0.05918987535763911
0.3349299966131038,0.553293380467844,0.028186382453976918,0.06851635025121897,0.015073890213856307
0.2,0.2,0.2,0.2,0.2
0.2,0.2,0.2,0.2,0.2

Transition Gammas
1.0,1.0,3091.0,3670.601433526824,457.39856647317185
5157.260987749232,916.7390122507712,1.0,1.0,1.0
1.0,1.0,1.0,1.0,1.0
700.6704759966831,488.40535680432674,4870.308013518537,2736.5054956956906,379.0587411713541
1.0,1.0,949.0,1.0,1.0

91.71717402449374,149.6640330911262,551.4675427233814,928.4269822192498,96.7418076889536
108.86249189086678,31.121392314217402,573.4379488421545,501.6776896933322,76.44644483974
3802.460251548568,6281.539748451434,320.0,777.866124402089,171.13387559791067
1.0,1.0,1.0,1.0,1.0
1.0,1.0,1.0,1.0,1.0

Iteration: ,50000
Error:,0.22034501975565132
Absolute Error:,1
Transition Probabilities
0.00011048502927853269,0.00011048502927853269,0.4254778477516294,0.5129888861783924,0.06131229601142095
0.8495837271471159,0.15002200290939613,0.0001314233144959915,0.0001314233144959915,0.0001314233144959915
0.2,0.2,0.2,0.2,0.2
0.07679602377832052,0.05322383401286438,0.5335860426904168,0.2955103017371971,0.04088379778120124
0.0008503401360544217,0.0008503401360544217,0.9965986394557823,0.0008503401360544217,0.0008503401360544217

0.05039176682532645,0.0837616566480779,0.2991778973312409,0.5108727908272972,0.05579588836805752
0.08553860266678374,0.022774997593567655,0.4452086134590922,0.3900787422718697,0.056399044008686686
0.3349609237212237,0.5563188843781132,0.027374065189784105,0.06693649880089025,0.01440962790998877
0.2,0.2,0.2,0.2,0.2
0.2,0.2,0.2,0.2,0.2

Transition Gammas
1.0,1.0,3851.0,4643.0624088006325,554.9375911993714
6464.482579862409,1141.5174201375958,1.0,1.0,1.0
1.0,1.0,1.0,1.0,1.0
881.7064268344334,611.0706544569737,6126.17971559753,3392.7971712387457,469.3928862923848
1.0,1.0,1172.0,1.0,1.0

114.51854159007377,190.35376937181337,679.9010758467601,1160.9913807227156,126.79975649159259
138.5342465097029,36.885301285268525,721.038664209266,631.7529507770477,91.34120528070068
4747.736132824626,7885.263867175378,388.0,948.7579340038187,204.24206599618088
1.0,1.0,1.0,1.0,1.0
1.0,1.0,1.0,1.0,1.0

Iteration: ,60000
Error:,0.21572077321953076
Absolute Error:,1
Transition Probabilities
9.231905465288029e-05,9.231905465288029e-05,0.4254062038404724,0.5124858671136449,0.06192329093657691
0.8477105075266651,0.15196151608763467,0.00010932546190007646,0.00010932546190007646,0.00010932546190007646
0.2,0.2,0.2,0.2,0.2
0.07552364962044132,0.052097146476126795,0.5341802634589552,0.2973547714146587,0.040844169029818
0.0007052186177715092,0.0007052186177715092,0.997179125528914,0.0007052186177715092,0.0007052186177715092

0.0500514021616393,0.08212952882119559,0.299412969627684,0.5138441313600985,0.0545619680293826
0.07996624487260182,0.021577720430739262,0.4558569744353576,0.3877519937892141,0.05484706647208733
0.33365985020994277,0.5554376735548736,0.027402886985095663,0.06866022468366817,0.014839364566419832
0.2,0.2,0.2,0.2,0.2
0.2,0.2,0.2,0.2,0.2

Transition Gammas
1.0,1.0,4608.0,5551.246912575005,670.7530874250016
7754.00801234641,1389.991987653595,1.0,1.0,1.0
1.0,1.0,1.0,1.0,1.0
1042.6040873310649,719.2011790647568,7374.359274914464,4104.983030115726,563.853809874718
1.0,1.0,1414.0,1.0,1.0

136.15194427652216,223.41222320622,814.4758427499222,1397.7805719372614,148.4217766120336
154.620547691738,41.72209106799286,881.4325990746036,749.7466680318432,106.05079018916021
5686.2311672778405,9465.76883272215,467.0,1170.1075490590722,252.8924509409266
1.0,1.0,1.0,1.0,1.0
1.0,1.0,1.0,1.0,1.0

Iteration: ,70000
Error:,0.2187288209681772
Absolute Error:,1
Transition Probabilities
7.922047056959512e-05,7.922047056959512e-05,0.42446328131189065,0.5126641027383754,0.06271417500859476
0.8502083342380505,0.1495093393926666,9.41087897609636e-05,9.41087897609636e-05,9.41087897609636e-05
0.2,0.2,0.2,0.2,0.2
0.07621164312169548,0.053042090111246554,0.530968325444176,0.29864457745211076,0.04113336387077117
0.0005995203836930455,0.0005995203836930455,0.9976019184652278,0.0005995203836930455,0.0005995203836930455

0.04906633997673934,0.0824077992807689,0.296521584146146,0.5158628689662543,0.05614140763009124
0.08027379733572633,0.02125725019018999,0.45489948783206086,0.3906532861833887,0.05291617845863425
0.33369904136365797,0.5557833957678241,0.026860857733205692,0.06919370755679712,0.014462997578515178
0.2,0.2,0.2,0.2,0.2
0.2,0.2,0.2,0.2,0.2

Transition Gammas
1.0,1.0,5358.0,6471.358968866518,791.6410311334923
9034.313759613531,1588.6862403864766,1.0,1.0,1.0
1.0,1.0,1.0,1.0,1.0
1233.3455265689788,858.388848198858,8592.74753977811,4833.014202915003,665.667977289781
1.0,1.0,1664.0,1.0,1.0

156.07004166510336,262.1224381801499,943.174812187547,1640.8547996693953,178.57439197868945
181.1461892002561,47.96920031981062,1026.5281003873977,881.5498511266188,119.41087120536858
6621.5900777790575,11028.409922220922,533.0,1373.0107390495236,286.98926095047636
1.0,1.0,1.0,1.0,1.0
1.0,1.0,1.0,1.0,1.0

Iteration: ,80000
Error:,0.2205911242793939
Absolute Error:,1
Transition Probabilities
6.948787436592312e-05,6.948787436592312e-05,0.4223473003960807,0.5137840161449495,0.06372970771023793
0.8505638231396716,0.1491880584251287,8.270614506657844e-05,8.270614506657844e-05,8.270614506657844e-05
0.2,0.2,0.2,0.2,0.2
0.07661583562841555,0.05277970690628846,0.5280342887271545,0.30150879892008564,0.04106136981805604
0.0005227391531625719,0.0005227391531625719,0.9979090433873498,0.0005227391531625719,0.0005227391531625719

0.05132096249438208,0.08358620447980536,0.2965760949568926,0.5139089127681886,0.05460782530073134
0.08029295434982456,0.02059251198602897,0.45448600072741635,0.39319142154734843,0.05143711138938171
0.3336291904218699,0.5550683052717831,0.026544763923854967,0.0701541392284344,0.01460360115405758
0.2,0.2,0.2,0.2,0.2
0.2,0.2,0.2,0.2,0.2

Transition Gammas
1.0,1.0,6078.0,7393.865776341971,917.1342236580346
10284.167185581771,1803.8328144182312,1.0,1.0,1.0
1.0,1.0,1.0,1.0,1.0
1425.697030240593,982.1451502299633,9825.865777339386,5610.592062149957,764.0858123787309
1.0,1.0,1909.0,1.0,1.0

186.93322164580036,304.45723792232195,1080.2588688684773,1871.8793262453748,198.9054026735019
207.26052037124995,53.15553256865422,1173.1665097514053,1014.9465702851298,132.77481890265625
7553.698500341553,12567.301499658435,601.0,1588.3598662709826,330.6401337290175
1.0,1.0,1.0,1.0,1.0
1.0,1.0,1.0,1.0,1.0

Iteration: ,90000
Error:,0.21913305079734732
Absolute Error:,1
Transition Probabilities
6.16827041697508e-05,6.16827041697508e-05,0.4203676289168517,0.5151263531716326,0.06438265250317617
0.8508319922389819,0.14894792119363498,7.336218912772354e-05,7.336218912772354e-05,7.336218912772354e-05
0.2,0.2,0.2,0.2,0.2
0.07680938119992169,0.05260446284178038,0.5298718474240169,0.30027537324609993,0.040438935288181065
0.0004631773969430292,0.0004631773969430292,0.9981472904122278,0.0004631773969430292,0.0004631773969430292

0.0512611875937556,0.08410437722437761,0.29537728723574974,0.5133326033019426,0.055924544644174505
0.07831371417682038,0.020288306169642466,0.45565797058740787,0.3942104855968305,0.051529523469298795
0.33299472004806485,0.5562301287699669,0.026348857299929355,0.070102367934909,0.014323925947129936
0.2,0.2,0.2,0.2,0.2
0.2,0.2,0.2,0.2,0.2

Transition Gammas
1.0,1.0,6815.0,8351.228437618507,1043.771562381492
11597.690886209566,2030.3091137904394,1.0,1.0,1.0
1.0,1.0,1.0,1.0,1.0
1607.344802956347,1100.8226943134412,11088.316907189723,6283.686355793583,846.2418451642485
1.0,1.0,2155.0,1.0,1.0

209.41718537137334,343.59137551247284,1206.7040000274503,2097.116239186542,228.46838480163078
226.85386400614286,58.76979143565281,1319.9191531072356,1141.9222396662708,149.26723412724579
8480.043540744007,14164.956459255956,671.0,1785.2269018303898,364.7730981696104
1.0,1.0,1.0,1.0,1.0
1.0,1.0,1.0,1.0,1.0

Iteration: ,99999
Error:,0.2204900551066642
Absolute Error:,1
Transition Probabilities
5.5555555555555457e-05,5.5555555555555457e-05,0.4210555555555548,0.5134834935067326,0.06534983982660153
0.8521368989687901,0.14766453073732588,6.619009796134498e-05,6.619009796134498e-05,6.619009796134498e-05
0.2,0.2,0.2,0.2,0.2
0.0768031869367358,0.05289539633250904,0.5278186670882165,0.3018921866612003,0.040590562981338466
0.0004154549231408392,0.0004154549231408392,0.9983381803074366,0.0004154549231408392,0.0004154549231408392

0.05156234781961377,0.08257287967869531,0.2933809385583733,0.5167001514980183,0.055783682445299326
0.076293829667001,0.01998085918569201,0.45622095189819367,0.3976866579274834,0.04981770132162989
0.3330030144030866,0.5552848917021913,0.02630183476508647,0.07109769889011881,0.0143125602395168
0.2,0.2,0.2,0.2,0.2
0.2,0.2,0.2,0.2,0.2

Transition Gammas
1.0,1.0,7579.0,9242.702883121205,1176.2971168788297
12874.08426962048,2230.9157303795196,1.0,1.0,1.0
1.0,1.0,1.0,1.0,1.0
1791.5997167185008,1233.8990198817876,12312.506969442897,7042.285322707504,946.8622857891685
1.0,1.0,2403.0,1.0,1.0

