0,1,2,3,4,5,6,7,8,9,10,11,12,13,14,15,16,17,18,19,20,21,22,23,24,25,26,27,28,29
github Code Version (SHA):,32a229dd34421fba547a58d2c923a1ee52132eb5
Environment Observations,Environment Actions,alpha,epsilon,numActions,explore,patience,gainThresh,insertRandActions,useBudd,revisedSplitting,haveControl,confidence_factor
"['square', 'diamond']","['x', 'y']",0.99,0.99,75000,0.5,0,0.01,False,False,False,False,250

Model Num 0
Model States: 
['square'],['diamond']
Iteration: ,0
Error:,0.6712969115538795
Absolute Error:,1
Transition Probabilities
0.5,0.5
0.5,0.5

0.5,0.5
0.5,0.5

Transition Gammas
1.0,1.0
1.0,1.0

1.0,1.0
1.0,1.0

Iteration: ,2382
Error:,0.2646967974399489
Absolute Error:,1
Transition Probabilities
0.9765051395007343,0.023494860499265784
0.6565464895635673,0.34345351043643263

0.022058823529411766,0.9779411764705882
0.672,0.328


Model Num 1
Model States: 
['square'],"['diamond', 'x', 'square']","['diamond', 'x', 'diamond']"
Iteration: ,0
Error:,0.7100877655260585
Absolute Error:,1
Transition Probabilities
0.3333333333333333,0.3333333333333333,0.3333333333333333
0.3333333333333333,0.3333333333333333,0.3333333333333333
0.3333333333333333,0.3333333333333333,0.3333333333333333

0.3333333333333333,0.3333333333333333,0.3333333333333333
0.3333333333333333,0.3333333333333333,0.3333333333333333
0.3333333333333333,0.3333333333333333,0.3333333333333333

Transition Gammas
1.0,1.0,1.0
1.0,1.0,1.0
1.0,1.0,1.0

1.0,1.0,1.0
1.0,1.0,1.0
1.0,1.0,1.0

Iteration: ,2500
Error:,0.22717611601834975
Absolute Error:,1
Transition Probabilities
0.9727891156462585,0.024164900034339364,0.0030459843194021326
0.9962546816479401,0.0018726591760299626,0.0018726591760299626
0.0035460992907801426,0.9598117626148169,0.03664213809440294

0.0329512893982808,0.41676621224767085,0.5502824983540483
0.8347241029699851,0.137920005289853,0.02735589174016195
0.32923745027703255,0.6515745812394517,0.01918796848351573

Transition Gammas
715.0,17.761201525239432,2.2387984747605674
532.0,1.0,1.0
1.0,270.6669170573783,10.333082942621628

23.0,290.90281614887425,384.09718385112575
122.8964930092258,20.305972842557637,4.027610016344333
39.10350699077423,77.38746358006613,2.2789535610319196

Iteration: ,5000
Error:,0.22004743981832148
Absolute Error:,1
Transition Probabilities
0.9812369701181376,0.0164713457373891,0.002291684144473305
0.9981343283582089,0.0009328358208955224,0.0009328358208955224
0.0018018018018018018,0.9686502352390445,0.02954796295915363

0.03166783954961295,0.44011378089456155,0.5282183795558255
0.8703519935082512,0.11004237996309578,0.01960562652865306
0.2980242244841274,0.6910873755585881,0.010888399957284429

Transition Gammas
1412.0,23.702266516102913,3.2977334838970855
1070.0,1.0,1.0
1.0,537.6008805576697,16.399119442330264

45.0,625.401682651172,750.5983173488281
265.5839428796939,33.57893056194549,5.982567553063279
66.41605712030591,154.01197231423734,2.426529570753918

Iteration: ,7500
Error:,0.2174846763448346
Absolute Error:,1
Transition Probabilities
0.9824318076745261,0.015048912460748376,0.0025192798647255014
0.9987484355444305,0.0006257822277847309,0.0006257822277847309
0.0012033694344163667,0.9753818502558084,0.023414780309775257

0.028142589118198873,0.4504682424329081,0.5213891684488929
0.8851676910905968,0.09561535838187182,0.01921695052753133
0.28981748361772475,0.6996687393353807,0.010513777046894674

Transition Gammas
2125.0,32.55079765259874,5.449202347401259
1596.0,1.0,1.0
1.0,810.5423175625762,19.457682437423227

60.0,960.3982928669601,1111.6017071330398
420.3996741797117,45.4113564185672,9.126857907057236
91.6003258202882,221.13877910114994,3.3230065732256615

Iteration: ,10000
Error:,0.21460705388296933
Absolute Error:,1
Transition Probabilities
0.9801301815690305,0.017269318780976036,0.0026004996499934727
0.9990636704119851,0.00046816479400749064,0.00046816479400749064
0.0009149130832570912,0.9785143046623765,0.020570782254366326

0.02664298401420959,0.4536544528906559,0.5197025630951345
0.8806470245337006,0.09916719189523725,0.020185783571062283
0.2629392274739782,0.7279140905349181,0.009146681991103793

Transition Gammas
2861.0,50.40914152166905,7.590858478330946
2134.0,1.0,1.0
1.0,1069.516134995977,22.48386500402238

75.0,1277.0372848871964,1462.9627151128036
550.8614022121083,62.03095776059949,12.626590146708642
112.13859778789181,310.44156555420204,3.9008865384897726

Iteration: ,12500
Error:,0.21346541677161143
Absolute Error:,1
Transition Probabilities
0.9792588495575221,0.01808881126152352,0.002652339180954355
0.9992553983618764,0.00037230081906180194,0.00037230081906180194
0.0007199424046076318,0.9765839022854017,0.022696155309990588

0.02327561737155833,0.4561447527286324,0.5205796298998092
0.8900038441280116,0.09302949330934174,0.016966662562646628
0.25615456069650117,0.7356037753181653,0.008241663985333518

Transition Gammas
3541.0,65.40914152166906,9.590858478330947
2684.0,1.0,1.0
1.0,1356.4750402744223,31.52495972557691

82.0,1606.997963862972,1834.002036137028
698.8934446756103,73.0532833811455,13.32341351252778
132.1065553243887,379.37283090593735,4.2504722003895825

Iteration: ,15000
Error:,0.2174262216659425
Absolute Error:,1
Transition Probabilities
0.9805239972177139,0.016776507448031816,0.002699495334254295
0.9993853718500307,0.00030731407498463427,0.00030731407498463427
0.000601684717208183,0.9774013187399702,0.021996996542821712

0.02189781021897811,0.4630176481622895,0.5150845416187323
0.8929637758154446,0.09172149272121831,0.01531473146333711
0.2512957043242431,0.7415680805093705,0.007136215166386516

Transition Gammas
4229.0,72.35707662336122,11.642923376638773
3252.0,1.0,1.0
1.0,1624.44099174583,36.559008254169676

93.0,1966.4359517452428,2187.564048254755
832.5501625616845,85.51605982641014,14.27861075075127
152.4498374383148,449.87610762031755,4.329221802521307

Iteration: ,17500
Error:,0.21196210600877502
Absolute Error:,1
Transition Probabilities
0.980127186009539,0.016943700035605597,0.002929113954855449
0.9994728518713759,0.0002635740643120717,0.0002635740643120717
0.0005181347150259069,0.977929911190123,0.021551954094851156

0.022424242424242444,0.4643594269604215,0.5132163306153361
0.8933076146947287,0.08997111830317316,0.016721267002098063
0.23652138856011024,0.7559585725171124,0.007520038922777321

Transition Gammas
4932.0,85.26069857916737,14.73930142083262
3792.0,1.0,1.0
1.0,1887.4047285969366,41.59527140306272

111.0,2298.579163454084,2540.4208365459112
975.3861648236787,98.23781033884808,18.257644090208156
169.6138351763211,542.111787435486,5.392758135458484

Iteration: ,18358
Error:,0.21697712539469122
Absolute Error:,1
Transition Probabilities
0.9802806219188471,0.01691399842246493,0.0028053796586878913
0.9994972347913524,0.00025138260432378077,0.00025138260432378077
0.0004930966469428009,0.978498318940639,0.021008584412418155

0.021956856702619435,0.4647154342661754,0.5133277090312052
0.8936067073319437,0.08888118795452295,0.01751210471353322
0.23438195839787831,0.7582417824556478,0.0073762591464737815


Model Num 2
Model States: 
"['diamond', 'x', 'square']","['diamond', 'x', 'diamond']","['square', 'y', 'diamond', 'x', 'diamond']","['square', 'y', 'diamond', 'x', 'square']"
Iteration: ,0
Error:,0.6697805119748992
Absolute Error:,0.74
Transition Probabilities
0.25,0.25,0.25,0.25
0.25,0.25,0.25,0.25
0.25,0.25,0.25,0.25
0.25,0.25,0.25,0.25

0.25,0.25,0.25,0.25
0.25,0.25,0.25,0.25
0.25,0.25,0.25,0.25
0.25,0.25,0.25,0.25

Transition Gammas
1.0,1.0,1.0,1.0
1.0,1.0,1.0,1.0
1.0,1.0,1.0,1.0
1.0,1.0,1.0,1.0

1.0,1.0,1.0,1.0
1.0,1.0,1.0,1.0
1.0,1.0,1.0,1.0
1.0,1.0,1.0,1.0

Iteration: ,2500
Error:,0.04627214045737721
Absolute Error:,0.6197443872285063
Transition Probabilities
0.0013123359580052491,0.0013123359580052491,0.0164285159562861,0.9809468121277033
0.9732731470879963,0.016144842329993168,0.005291005291005291,0.005291005291005291
0.02012987943489938,0.016199894267345832,0.9239991948059489,0.039671031491805675
0.015993132537153613,0.009102715660646863,0.9536611852811407,0.02124296652105883

0.01902554497983177,0.007054177517674184,0.02034101530188942,0.9535792622006046
0.8493687860390994,0.028878150359941384,0.023262665236045216,0.09849039836491408
0.013723991050491333,0.9602603792272985,0.0075814704240870995,0.018434159298123108
0.9823911454485812,0.0025953115907174687,0.007361782610511548,0.007651760350189828

Transition Gammas
1.0,1.0,12.51852915869001,747.48147084131
183.9486247996313,3.0513752003687085,1.0,1.0
2.7574663480466195,2.219122247035096,126.57287360014001,5.434286612829811
3.838611716383585,2.1847996885347,228.89418259844953,5.0986571885806065

3.481236987324785,1.2907521816439158,3.7219377896266193,174.4830648182556
54.379144773067424,1.8488660579638632,1.4893458076996873,6.305651584418124
3.3581145744580767,234.96549676359518,1.8551051391160933,4.510642624230861
695.8381018457935,1.8382868161526533,5.214428959007598,5.419823277645447

Iteration: ,5000
Error:,0.03845545571408922
Absolute Error:,0.6194178616310663
Transition Probabilities
0.0006640106241699869,0.0006640106241699869,0.01968319001718054,0.9789887887344795
0.9743821021054234,0.02052883937040355,0.002544529262086514,0.002544529262086514
0.020958022079582556,0.008588178016600615,0.9284598170172436,0.04199398288657319
0.015079832638984375,0.007629991571596349,0.9588912418662997,0.01839893392311963

0.025494743255253215,0.004682821771417497,0.016311396306438686,0.9535110386668906
0.8928266340333448,0.020840870332904018,0.021332491337012052,0.06500000429673902
0.006873978986303131,0.97190938815767,0.006452157374982778,0.014764475481044028
0.9801133585716589,0.0013424769732773361,0.008451321924393825,0.010092842530670033

Transition Gammas
1.0,1.0,29.642884165873884,1474.3571158341256
382.9321661274314,8.067833872568595,1.0,1.0
6.4521729807544395,2.643971360570465,285.83724753830353,12.92834031313363
7.240404722105001,3.663450936570093,460.40037988521595,8.83403226334648

8.897648247231842,1.6343016483590853,5.692666339206351,332.774711122558
108.92544990533662,2.542600199072433,2.602578292258866,7.930044245976969
3.401437981480374,480.9280787770895,3.192708793769263,7.305877393272007
1347.8243466353365,1.846136606093628,11.622020403386003,13.879393409572726

Iteration: ,7500
Error:,0.0339872414889285
Absolute Error:,0.6199942869137276
Transition Probabilities
0.000449034575662326,0.000449034575662326,0.017856168892650813,0.9812457619560246
0.9729925904097284,0.023651704892284908,0.001677852348993289,0.001677852348993289
0.019414780761923295,0.006102282982329189,0.9329270164445691,0.04155591981117832
0.012201941135937547,0.005572809222966217,0.9639688518584704,0.018256397782625895

0.023987681413678245,0.004880234475363506,0.018137492162075886,0.9529945919488823
0.9161232892738237,0.019453060133708257,0.014776381103304486,0.04964726948916358
0.004567930672725581,0.9786207597407518,0.004627400035470885,0.012183909551051749
0.9772990458512353,0.0009084899242089207,0.008962557603168799,0.012829906621387025

Transition Gammas
1.0,1.0,39.76568812393336,2185.234311876067
579.903583884198,14.096416115801803,1.0,1.0
9.203717018699805,2.89283131373468,442.26078902191614,19.699883871157226
8.857911054665294,4.045540612900218,699.7862269701953,13.253100136731932

12.744909855233145,2.592920398944531,9.63664218392706,506.3361463516607
171.03048998681476,3.631679759007475,2.758593444702516,9.2686180197097
3.425702067778422,733.9128809970412,3.470300888015003,9.137276183256708
1990.8107740465928,1.850642888587453,18.25721238053647,26.135210548191825

Iteration: ,10000
Error:,0.033332581590091254
Absolute Error:,0.6213527467299654
Transition Probabilities
0.00033512064343163534,0.00033512064343163534,0.020741681091765374,0.9785880776213713
0.9772131469466259,0.020271129782933873,0.0012578616352201255,0.0012578616352201255
0.01670863259877414,0.006210736591598736,0.9395930145335176,0.037487616276109414
0.01340373109553165,0.004526262946824268,0.9654662732656097,0.01660373269203445

0.02162061307542641,0.006109065999514479,0.018362899805995692,0.9539074211190635
0.9216886158155763,0.028600725364538695,0.011386354421735788,0.03832430439814938
0.0034333403633596024,0.9765302997052093,0.0049993632330170654,0.01503699669841407
0.9775641745915755,0.0006844476629552057,0.008116430711665968,0.013634947033803349

Transition Gammas
1.0,1.0,61.893176377827885,2920.1068236221727
776.8844518225677,16.11554817743243,1.0,1.0
10.7911753327102,4.011168903799946,606.8308044528313,24.211163759177804
12.856264914689827,4.341390848800024,926.0324671418421,15.925564646149308

14.849177189912277,4.1957461231644535,12.611758602245743,655.1497993860602
226.9137634720946,7.04131321482857,2.8032466602366912,9.435195351457283
3.4420387347066908,979.0043402253888,5.012029124917515,15.07509294503838
2647.6998174744917,1.8538035654124492,21.983080673758092,36.92979725628604

Iteration: ,12500
Error:,0.03052212651257345
Absolute Error:,0.6220321604582324
Transition Probabilities
0.0002674511901577959,0.0002674511901577959,0.01979722360144019,0.9796678740182442
0.9782580294156992,0.019684357415576566,0.0010288065843621402,0.0010288065843621402
0.013745753994017586,0.004970371723090223,0.9488704633620415,0.03241341092085074
0.013571098702101877,0.004640521615393597,0.9660240324830659,0.015764347199438793

0.021522854200140416,0.005412947435791528,0.017068236650309425,0.9559959617137587
0.9328001866039185,0.027669072604560363,0.00906603686999907,0.03046470392152206
0.002780151578892686,0.975396983887198,0.004212098783820202,0.017610765750089095
0.9797611726588191,0.0005465191026971,0.007046487584858429,0.012645820653625326

Transition Gammas
1.0,1.0,74.02181904578495,3662.978180954219
950.8668045920593,19.133195407940416,1.0,1.0
11.24864129317556,4.06743265092027,776.4945801222835,26.525051495584247
16.15862266088709,5.525303395017077,1150.2103230466369,18.770045335496036

18.39322073198824,4.62585194655613,14.586348134668155,816.9848003977012
293.2815003245567,8.699426996899,2.8504506467901107,9.57840082084077
3.454554798716482,1212.0066966575882,5.233860691908556,21.882747614528707
3327.682538963231,1.8562095804630299,23.932846444120123,42.950545249442634

Iteration: ,15000
Error:,0.03257693350159109
Absolute Error:,0.6213403631774039
Transition Probabilities
0.000223863890754421,0.000223863890754421,0.019509558463866344,0.9800427137546248
0.9793055569930137,0.018980646948717178,0.0008568980291345331,0.0008568980291345331
0.016418579605496624,0.004166775947412409,0.9465139877826917,0.03290065666439925
0.017739830889137297,0.0046093720456044365,0.9629104921580934,0.01474030490716474

0.020969509902395204,0.00454265470635437,0.01520658432980767,0.9592812510614428
0.9344185317147414,0.026364698704489476,0.007844902452927795,0.031371867127841215
0.002319771477663323,0.9730183777752119,0.004396705908373508,0.02026514483875129
0.9787877579530595,0.00045813265662394986,0.006658677734528563,0.014095431655787928

Transition Gammas
1.0,1.0,87.14919765809108,4377.850802341915
1142.8495850108468,22.150414989152942,1.0,1.0
16.549353283229628,4.199964239458703,954.0529538919546,33.162709775887286
25.59919720078303,6.651485276528637,1389.5135601631891,21.270776168967775

21.508970930192366,4.659518914827723,15.597788494808457,983.9596938125079
344.1220763700874,9.709433784892411,2.8890738244117338,11.55344386827179
3.464124735508198,1453.0125329200068,6.56561986325198,30.262028040489238
3969.6652957015312,1.8580466429524525,27.00557061859593,57.166781477662845

Iteration: ,17500
Error:,0.032104782820015526
Absolute Error:,0.62121611984118
Transition Probabilities
0.00019171779141104298,0.00019171779141104298,0.01998984910771812,0.9796267153094599
0.9780109063024008,0.02053136775007733,0.000728862973760933,0.000728862973760933
0.015243301252025217,0.005246096029233944,0.9478601225247338,0.031650480194007034
0.019713075042482462,0.003996646444563547,0.959454141508827,0.016836137004126915

0.019744543460716354,0.004302113236676784,0.015601978676857422,0.9603513646257494
0.9312366417682781,0.024730800672872384,0.00715108419878404,0.03688147336006545
0.0019955609596397977,0.9744016892085343,0.0038860262862787484,0.019716723545547182
0.9784977597284203,0.0003927512458066761,0.006221004564401392,0.014888484461371474

Transition Gammas
1.0,1.0,104.2670529458577,5109.732947054142
1341.8309634468937,28.16903655310609,1.0,1.0
17.921353139975327,6.167767597824833,1114.3869495335966,37.211062303924116
33.183272875518945,6.727606386680895,1615.0615021057033,28.340486056771553

23.522573966557204,5.125303455285004,18.587347850367156,1144.1103236060212
387.07265519867315,10.279467379484647,2.9723799775711357,15.329948566040152
3.4713910431151263,1695.0267943332121,6.75996229447831,34.29835464808048
4632.642356041757,1.859458581915575,29.452994608974706,70.48868844846649

Iteration: ,20000
Error:,0.03141465799538669
Absolute Error:,0.6215736638399743
Transition Probabilities
0.00016772895001677295,0.00016772895001677295,0.02019258851833836,0.9794719535816281
0.9774983556357382,0.02122287198574522,0.0006393861892583115,0.0006393861892583115
0.013431728807830948,0.004518171738308888,0.9516350791256803,0.03041502032817981
0.019615869353098593,0.0035375247484002747,0.9585434162951469,0.018303189603354156

0.020282269219853707,0.003817991798816169,0.015265158168176779,0.9606345808131533
0.9382186972606288,0.02163420670983094,0.006327132153336733,0.03381996387620366
0.0017501271047614753,0.9747286433727635,0.00396110591811573,0.019560123604359235
0.9779563906137468,0.000344337181867421,0.006158753299881838,0.015540518904503944

Transition Gammas
1.0,1.0,120.38821274633327,5839.611787253665
1528.8074282142957,33.192571785705546,1.0,1.0
18.340602256793918,6.169421074962298,1299.4277006010545,41.53075143582577
37.69251134502905,6.797465323214737,1841.8713921389628,35.17015582414991

27.348673222675554,5.148191700880687,20.583585490782404,1295.3225771869693
446.21397186500076,10.28916321144308,3.009164896093372,16.08467242615562
3.4779347644800622,1937.026531100238,7.8716956847999935,38.87079612449045
5284.6348210411825,1.8607130941020353,33.28038188117174,83.97712630953781

Iteration: ,22500
Error:,0.03072059233115972
Absolute Error:,0.6215024451267042
Transition Probabilities
0.00014925373134328358,0.00014925373134328358,0.01932894396232641,0.980372548574987
0.9773404527915467,0.021532786645073083,0.0005633802816901405,0.0005633802816901405
0.01280832652502303,0.0046690709667036746,0.9545079159794646,0.02801468652880859
0.01949732370203983,0.0031631076234629476,0.9603755038795949,0.016964064794902416

0.019663742116990644,0.0037227024277683416,0.014879793114426328,0.9617337623408146
0.9361970458468157,0.022516119416658556,0.005803388648920452,0.03548344608760529
0.001553855157311303,0.9756465532794276,0.0035574197760833105,0.01924217178717794
0.9787653586921974,0.0003070445050922752,0.005669260603221229,0.015258336199489077

Transition Gammas
1.0,1.0,129.50392454758696,6568.496075452413
1734.7793037049962,38.22069629500474,1.0,1.0
19.66310692924849,7.167871735560621,1465.34296889223,43.00763067908671
42.30565214377926,6.863369191411623,2083.8404601286993,36.808940299975106

29.84588216668808,5.650365903894469,22.58474248266995,1459.7319460240362
491.6785772933074,11.825174636110019,3.0478646424272333,18.63544685086755
3.4831591545653287,2187.032818139637,7.974397871895,43.133715841443696
5934.622296450632,1.8617262551650138,34.374858163371655,92.51702812328962

Iteration: ,25000
Error:,0.030589603451628044
Absolute Error:,0.6218419245088223
Transition Probabilities
0.0001339405304045004,0.0001339405304045004,0.02044202277664441,0.9792900961625465
0.9770811510886828,0.021905677685380053,0.0005065856129685913,0.0005065856129685913
0.013462038824461146,0.004199180929573153,0.9553314507831409,0.02700732946282498
0.019469879218434075,0.002881007690846125,0.961136233312726,0.016512879777993764

0.0200758203969655,0.003715304487960375,0.015396876573032278,0.9608119985420419
0.9405913996823185,0.021050264810410023,0.0052384236166044505,0.0331199118906672
0.0013973603988456746,0.9759105421047088,0.0032312152651563005,0.019460882231289077
0.9787124166817234,0.00027686798105336824,0.005347455171311093,0.015663260165912202

Transition Gammas
1.0,1.0,152.62014205042715,7311.379857949572
1928.758192249061,43.241807750940254,1.0,1.0
23.017992506793753,7.179946249743119,1633.468188761589,46.17833266638933
46.86702762019188,6.935033623271254,2313.6044085361123,39.74907003590471

33.34677410168068,6.171275545865202,25.57485347049497,1595.9487600521036
551.1473721943182,12.334578158135912,3.069497989995786,19.406888487406743
3.4881704650659464,2436.123373990147,8.065943233756418,48.57936054248111
6584.525758881311,1.8626966634757824,35.97630490817752,105.37839131558493

Iteration: ,27500
Error:,0.03012157852986803
Absolute Error:,0.6218915225509629
Transition Probabilities
0.00012195121951219526,0.00012195121951219526,0.01972545489212512,0.9800306426688505
0.9765882885600901,0.022498469430777438,0.00045662100456621,0.00045662100456621
0.013729091691595904,0.003856079852116371,0.9558663072808914,0.026548521175396383
0.01838773076597144,0.0026156390056330304,0.9624492184763791,0.016547411752016548

0.020608284844830193,0.005177678584231802,0.014582461210108283,0.9596315753608298
0.9427688431816348,0.020444790892742214,0.0062816292440247765,0.030504736681598314
0.0012693543531269206,0.9768606520993497,0.0029648936894307227,0.018905099858092696
0.9790267777872064,0.0002527000574944033,0.005020099541166997,0.0157004226141322

Transition Gammas
1.0,1.0,161.74873011542581,8036.251269884566
2138.7283519465977,49.2716480534026,1.0,1.0
25.863306429156392,7.264207791082848,1800.6918276789602,50.01296180580814
48.914447391806654,6.958038387954121,2560.276320315217,44.0188902000064

37.64183236812158,9.457230953043556,26.635431551851408,1752.8043292719938
603.8068418635597,13.094094815275097,4.023139651913208,19.53709952424334
3.4931824138231073,2688.2583592700107,8.159198784217617,52.02563192317347
7220.384779313445,1.8636790027216201,37.02355353303622,115.79161575957265

Iteration: ,30000
Error:,0.02791068723671641
Absolute Error:,0.6218635223287764
Transition Probabilities
0.00011223344556677893,0.00011223344556677893,0.01940204443808303,0.9803734886707833
0.9772723119991229,0.021890517636708105,0.0004185851820845544,0.0004185851820845544
0.013045597775823632,0.0035477373113296383,0.9585198581991808,0.024886806713666033
0.017732070344177522,0.002400969588067615,0.9635158542259786,0.0163511058417761

0.02053971038034052,0.004729422223408231,0.013254996370729468,0.9614758710255218
0.9443160721062915,0.01858301192558219,0.005703877506616761,0.03139703846150936
0.0011611576465945053,0.9774489189845506,0.003051387503077228,0.018338535865777602
0.9793666805483301,0.00023255164588783465,0.004737626756718834,0.015663141049063276

Transition Gammas
1.0,1.0,172.87221594331976,8735.127784056678
2334.7035533659036,52.296446634095645,1.0,1.0
26.988720143675224,7.33955554081195,1982.9849616423346,51.485801816579844
51.67481643497876,6.996907880534092,2807.878828185904,47.6504083551717

41.297911289452315,9.509153528261162,26.650992352080227,1933.1794116515978
666.0851748535362,13.10776032875094,4.023301475599935,22.1462945207224
3.4976352070097954,2944.2683877772492,9.191379303485462,55.23927683486619
7852.369423657065,1.8645533586749832,37.98535954309784,125.58398431855048

Iteration: ,32500
Error:,0.029967159848440377
Absolute Error:,0.6220986823314987
Transition Probabilities
0.00010375596596804306,0.00010375596596804306,0.01940173696431681,0.9803907511037472
0.9764742740560959,0.0227585606197768,0.0003835826620636749,0.0003835826620636749
0.013495394665262804,0.003322116665424304,0.9586596332574964,0.024522855411816515
0.018743292626693588,0.0022301337958533143,0.962763005263935,0.016263568313518134

0.022181289182288278,0.006220655013259311,0.012658889598387547,0.9589391662060649
0.9407940107324102,0.023474222634745464,0.0052328140477205356,0.0304989525851238
0.001069574364390622,0.977949852309535,0.002819338455354951,0.018161234870719432
0.9794112461184078,0.00021552422657182131,0.004494572291995595,0.01587865736302486

Transition Gammas
1.0,1.0,186.9939408620856,9449.006059137924
2545.6684324642406,59.33156753575809,1.0,1.0
30.058399690359625,7.399376826256297,2135.230212839889,54.61995056836858
59.46669569637512,7.075527787008979,3054.550542534939,51.599294056788146

48.45532772124827,13.5891054316623,27.653516395555624,2094.8156431032976
724.8689973839516,18.086569463137653,4.031812095949571,23.499028405196203
3.501211472604146,3201.2820768086235,9.228998444317384,59.450119601780976
8476.351449197564,1.8652625212130554,38.89844486855545,137.42243708534613

Iteration: ,35000
Error:,0.02941340327513224
Absolute Error:,0.6221133580258407
Transition Probabilities
9.653441451877583e-05,9.653441451877583e-05,0.019896738852770112,0.9799101923181924
0.975498911552225,0.023794624300830455,0.0003532320734722716,0.0003532320734722716
0.012890206901315227,0.0038818086058963752,0.9601931400720822,0.023034844420706194
0.018268460203833548,0.00208322135398296,0.9630538167679136,0.016594501674269922

0.021536405245867155,0.005750108029095196,0.01170672356429957,0.9610067631607382
0.9426143112804,0.022426650550442087,0.005009392810094669,0.029949645359063304
0.0009933798705257756,0.9777798745001002,0.002926044216585529,0.018300701412788556
0.9797015881669497,0.00020041128126083253,0.004458989533997544,0.015639011017791846

Transition Gammas
1.0,1.0,206.11031777584586,10150.889682224168
2761.6374186043463,67.36258139565095,1.0,1.0
31.14933071039016,9.3804343828777,2320.3175786807215,55.66396196865949
62.35918236727587,7.111052539456291,3287.3733154986485,56.645143851954806

50.89663653355169,13.589136861253913,27.666309555781627,2271.131666240508
760.4222831549405,18.09194345025406,4.041158586588646,24.160865617119807
3.5043416860940573,3449.3096505176354,10.322192977504105,64.55930178215877
9121.32011773989,1.865890056386179,41.51455038196036,145.60395485837674

Iteration: ,37500
Error:,0.028873495714730815
Absolute Error:,0.6221227011489319
Transition Probabilities
9.035056017347293e-05,9.035056017347293e-05,0.019808187106258788,0.9800111117733943
0.9754793268788645,0.023861477339988557,0.0003295978905735007,0.0003295978905735007
0.013195816090933194,0.0036034089637567886,0.9610817446192307,0.022119030326079227
0.01885338284020023,0.0022147290488241434,0.9623746127318581,0.01655727537911757

0.02219592418027516,0.005356730379169456,0.010840550528771278,0.9616067949117841
0.9456128849465899,0.021200335658479817,0.004732158639874262,0.028454620755056073
0.0009293880510668319,0.9767155168690036,0.0027926710900545736,0.019562423989874966
0.9792922143703109,0.0001871857330309279,0.004273072192218867,0.01624752770443916

Transition Gammas
1.0,1.0,219.23701489207264,10846.762985107945
2959.6042777504717,72.3957222495252,1.0,1.0
34.498177579207955,9.420489150921492,2512.581902137171,57.826376997877965
68.97836377672807,8.102969493142497,3521.0140635854664,60.57765727946707

56.66620429799207,13.675735039004529,27.675930318412348,2454.9825748293306
807.5529834338874,18.105077229116013,4.041261375080302,24.300233477173087
3.507737975580525,3686.3634150745047,10.540224209516833,73.83337610691692
9765.262276634467,1.866570315446089,42.61003005200211,162.01636963156403

Iteration: ,40000
Error:,0.029864328472949425
Absolute Error:,0.62217059899106
Transition Probabilities
8.470269354565463e-05,8.470269354565463e-05,0.0195112390059618,0.9803193556069469
0.9762942923548603,0.02308536025059866,0.0003101736972704718,0.0003101736972704718
0.013424345724785932,0.003724856072992559,0.9613638271050051,0.021486971097216423
0.01820395897452021,0.002085887188543984,0.9624062716001047,0.01730388223683111

0.021578170560505212,0.005011142330597929,0.010867530579177002,0.9625431565297198
0.9460211382710763,0.02118442684971854,0.004509461909319768,0.028284972969885497
0.0008743876768396125,0.9762533356524036,0.0026475702490799074,0.02022470642167679
0.9795444600977624,0.00017516227404747013,0.004142166837014751,0.01613821079117526

Transition Gammas
1.0,1.0,230.34968770438536,11573.650312295633
3147.572798552066,74.42720144792999,1.0,1.0
37.527669566576414,10.41281048298905,2687.486211729789,60.06668539786688
70.93184670581178,8.127673244622777,3750.0224111359657,67.4246917363575

58.908594749773044,13.680462482159335,29.668453728475647,2627.751253433834
853.3027754182901,19.108167349777343,4.0674951195044216,25.51279771818238
3.5104182393770524,3919.379934668847,10.629242770203119,81.19645346022334
10441.242542675229,1.8671044165505768,44.152532487581475,172.02177128199196

Iteration: ,42500
Error:,0.029329245681812638
Absolute Error:,0.6223552259625676
Transition Probabilities
7.971303308090871e-05,7.971303308090871e-05,0.019725960294313765,0.9801146136395245
0.9764935788809482,0.022922138326180008,0.0002921413964358753,0.0002921413964358753
0.013344744727298385,0.004226305179727273,0.9615755511859034,0.020853398907071025
0.01790310569635772,0.0019794733554016125,0.962929501879201,0.017187919069039662

0.022099208694185735,0.005168194647006529,0.010853442250148573,0.9618791544086592
0.9454555241083886,0.021686524530608695,0.00429161438412931,0.028566336976873396
0.0008250571331648851,0.9767867650379746,0.002507599239202052,0.019880578589658405
0.9797656746151449,0.00016464470943349283,0.003951044442613127,0.016118636232808632

Transition Gammas
1.0,1.0,247.46217189216623,12295.537828107836
3342.5375205094824,78.46247949051408,1.0,1.0
39.420666486168344,12.484597522347897,2840.515115063349,61.60139442285889
73.9215336070832,8.173202384400554,3975.9149469187705,70.96854359499922

64.46482835741224,15.075959752560204,31.660196590070427,2805.8640219928366
905.6849311589443,20.77428073108323,4.111087596337629,27.364693820750013
3.5133356919769834,4159.445045816992,10.678094345379401,84.65734496260828
11114.173937283256,1.8676812077705085,44.81948725789733,182.8450734341149

Iteration: ,44363
Error:,0.02954815645458273
Absolute Error:,0.6222548887773826
Transition Probabilities
7.642922653622752e-05,7.642922653622752e-05,0.019531477214538715,0.9803156643323888
0.9768752021720128,0.02256410256586213,0.0002803476310625179,0.0002803476310625179
0.01344985226224418,0.0043764928786108334,0.9614411852601648,0.02073246959898028
0.01785505750708958,0.0019020028338900409,0.963346179158636,0.016896760500384297

0.02202612131549854,0.0049287351636799785,0.010986501579463837,0.9620586419413577
0.9435881656335988,0.021776402826791594,0.004151469013009044,0.030483962526600544
0.000791835903466942,0.9776786640041394,0.002406148084048334,0.019123352008345213
0.9799765597976833,0.0001576388732673299,0.0038136946441739276,0.016052106684875608


Model Num 3
Model States: 
"['diamond', 'x', 'square']","['diamond', 'x', 'diamond']","['square', 'y', 'diamond', 'x', 'diamond']","['square', 'x', 'square', 'y', 'diamond', 'x', 'diamond']","['square', 'x', 'diamond', 'x', 'square']"
Iteration: ,0
Error:,0.6516662271111715
Absolute Error:,1
Transition Probabilities
0.2,0.2,0.2,0.2,0.2
0.2,0.2,0.2,0.2,0.2
0.2,0.2,0.2,0.2,0.2
0.2,0.2,0.2,0.2,0.2
0.2,0.2,0.2,0.2,0.2

0.2,0.2,0.2,0.2,0.2
0.2,0.2,0.2,0.2,0.2
0.2,0.2,0.2,0.2,0.2
0.2,0.2,0.2,0.2,0.2
0.2,0.2,0.2,0.2,0.2

Transition Gammas
1.0,1.0,1.0,1.0,1.0
1.0,1.0,1.0,1.0,1.0
1.0,1.0,1.0,1.0,1.0
1.0,1.0,1.0,1.0,1.0
1.0,1.0,1.0,1.0,1.0

1.0,1.0,1.0,1.0,1.0
1.0,1.0,1.0,1.0,1.0
1.0,1.0,1.0,1.0,1.0
1.0,1.0,1.0,1.0,1.0
1.0,1.0,1.0,1.0,1.0

Iteration: ,2500
Error:,0.44074325203093057
Absolute Error:,1
Transition Probabilities
0.0019646365422396855,0.0019646365422396855,0.44204322200392926,0.5422396856581533,0.011787819253438114
0.9632463811249746,0.02698163190434131,0.003257328990228012,0.003257328990228012,0.003257328990228012
0.2,0.2,0.2,0.2,0.2
0.0013157894736842105,0.0013157894736842105,0.48947368421052634,0.5,0.007894736842105263
0.5977415970948082,0.2822584029051918,0.04,0.04,0.04

0.15059019203174226,0.025439830325280254,0.32597847714921363,0.47250343963691094,0.02548806085685283
0.5704372048979987,0.03498878799578738,0.1634678037576698,0.21156729324187054,0.019538910106673663
0.3982254318940365,0.5704312845238739,0.007462686567164181,0.013432835820895524,0.010447761194029853
0.2,0.2,0.2,0.2,0.2
0.2,0.2,0.2,0.2,0.2

Transition Gammas
1.0,1.0,225.0,276.0,6.0
295.7166390053673,8.283360994632785,1.0,1.0,1.0
1.0,1.0,1.0,1.0,1.0
1.0,1.0,372.0,380.0,6.0
14.943539927370207,7.056460072629794,1.0,1.0,1.0

23.77949187066146,4.017168915512736,51.47481680444634,74.61237382137833,4.024784932983555
57.66627492269535,3.537064291130456,16.525183195553648,21.387626178621677,1.9752150670164454
266.8110393690044,382.1889606309955,5.0,9.0,7.0
1.0,1.0,1.0,1.0,1.0
1.0,1.0,1.0,1.0,1.0

Iteration: ,5000
Error:,0.43518554693945716
Absolute Error:,1
Transition Probabilities
0.0010030090270812437,0.0010030090270812437,0.4182547642928786,0.5707121364092277,0.009027081243731194
0.9660949451834872,0.029143150054608123,0.0015873015873015875,0.0015873015873015875,0.0015873015873015875
0.2,0.2,0.2,0.2,0.2
0.0006447453255963894,0.0006447453255963894,0.4829142488716957,0.5074145712443585,0.008381689232753063
0.7180004701376056,0.2069995298623944,0.025,0.025,0.025

0.12155761599723719,0.024753974639963535,0.3639419414849942,0.4701083292741802,0.019638138603624747
0.6163374623801011,0.03211072831997888,0.15817462186808753,0.1828024330166393,0.010574754415193061
0.3764356892279483,0.5962086876717477,0.006838905775075989,0.01291793313069909,0.0075987841945288764
0.2,0.2,0.2,0.2,0.2
0.2,0.2,0.2,0.2,0.2

Transition Gammas
1.0,1.0,417.0,569.0,9.0
608.6398154655968,18.360184534403114,1.0,1.0,1.0
1.0,1.0,1.0,1.0,1.0
1.0,1.0,749.0,787.0,13.0
28.720018805504225,8.279981194495775,1.0,1.0,1.0

36.948861543091034,7.524260607693947,110.62441703330562,142.89493443998052,5.9692423076630075
118.36038868246398,6.166489166751014,30.37558296669433,35.10506556001952,2.0307576923369934
495.38936702397984,784.6106329760199,9.0,17.0,10.0
1.0,1.0,1.0,1.0,1.0
1.0,1.0,1.0,1.0,1.0

Iteration: ,7500
Error:,0.43284251673901164
Absolute Error:,1
Transition Probabilities
0.0006802721088435374,0.0006802721088435374,0.4142857142857143,0.5755102040816327,0.008843537414965987
0.9720656939960961,0.024763058646609968,0.0010570824524312901,0.0010570824524312901,0.0010570824524312901
0.2,0.2,0.2,0.2,0.2
0.0004297378599054577,0.0004297378599054577,0.4864632574129781,0.5058014611087237,0.006875805758487323
0.7193901203221568,0.2206098796778432,0.019999999999999997,0.019999999999999997,0.019999999999999997

0.10476793611339892,0.017054237938181636,0.38457451286744,0.4796565290635777,0.013946784017401716
0.6326423543309877,0.023535732894508256,0.15133625955649474,0.1839516092471487,0.008534043970860663
0.3684005186466591,0.6048318045856641,0.007575757575757575,0.01313131313131313,0.00606060606060606
0.2,0.2,0.2,0.2,0.2
0.2,0.2,0.2,0.2,0.2

Transition Gammas
1.0,1.0,609.0,846.0,13.0
919.5741465203066,23.42585347969302,1.0,1.0,1.0
1.0,1.0,1.0,1.0,1.0
1.0,1.0,1132.0,1177.0,16.0
35.96950601610784,11.030493983892162,1.0,1.0,1.0

49.15849151667277,8.002072409825793,180.44741196256905,225.06114265119146,6.544014220746178
182.06616123561716,6.773274837884293,43.55258803743103,52.93885734880866,2.455985779253823
729.4330269203851,1197.566973079615,15.0,26.0,12.0
1.0,1.0,1.0,1.0,1.0
1.0,1.0,1.0,1.0,1.0

Iteration: ,10000
Error:,0.43256628118318713
Absolute Error:,1
Transition Probabilities
0.0005159958720330237,0.0005159958720330237,0.4040247678018576,0.5841073271413829,0.010835913312693499
0.9772948119824708,0.02031284351992153,0.0007974481658692186,0.0007974481658692186,0.0007974481658692186
0.2,0.2,0.2,0.2,0.2
0.0003205128205128205,0.0003205128205128205,0.4891025641025641,0.5038461538461538,0.00641025641025641
0.7312624183105666,0.22461993463060995,0.014705882352941176,0.014705882352941176,0.014705882352941176

0.09393332516575208,0.016738269970129026,0.3814698532717792,0.4943745143161682,0.013484037276171463
0.6616277215281131,0.026278912170460134,0.14162004013458665,0.16409488743111567,0.006378438735724446
0.3613731963715703,0.6081854033240157,0.009132420091324202,0.015220700152207004,0.006088280060882802
0.2,0.2,0.2,0.2,0.2
0.2,0.2,0.2,0.2,0.2

Transition Gammas
1.0,1.0,783.0,1132.0,21.0
1225.5276942260182,25.472305773981596,1.0,1.0,1.0
1.0,1.0,1.0,1.0,1.0
1.0,1.0,1526.0,1572.0,20.0
49.725844445118526,15.274155554881476,1.0,1.0,1.0

59.24023986138124,10.556201711642656,240.5787889210743,311.7835417596991,8.503878694070158
258.91963860221455,10.283919824761698,55.4212110789258,64.21645824030095,2.4961213059298424
949.6887600644865,1598.311239935513,24.0,40.0,16.0
1.0,1.0,1.0,1.0,1.0
1.0,1.0,1.0,1.0,1.0

Iteration: ,12500
Error:,0.4312482313217788
Absolute Error:,1
Transition Probabilities
0.00041562759767248546,0.00041562759767248546,0.4010806317539485,0.5876974231088944,0.010390689941812137
0.9740477681958258,0.02407723180417427,0.000625,0.000625,0.000625
0.2,0.2,0.2,0.2,0.2
0.0002559508574353724,0.0002559508574353724,0.49014589198873815,0.5029434348605067,0.0063987714358843106
0.7640116460368881,0.1994029881094534,0.012195121951219513,0.012195121951219513,0.012195121951219513

0.0862121130582657,0.014769952596602288,0.37470945752374896,0.5102781594017678,0.014030317419615421
0.6614529434052763,0.02595766290351232,0.14419254338121879,0.16229070096609866,0.006106149343894038
0.35467591991917774,0.6175038416216354,0.007948639559767658,0.014368694588810765,0.005502904310608378
0.2,0.2,0.2,0.2,0.2
0.2,0.2,0.2,0.2,0.2

Transition Gammas
1.0,1.0,965.0,1414.0,25.0
1558.4764291133213,38.52357088667883,1.0,1.0,1.0
1.0,1.0,1.0,1.0,1.0
1.0,1.0,1915.0,1965.0,25.0
62.64895497502482,16.35104502497518,1.0,1.0,1.0

68.34403234905488,11.708773654277259,297.0482264968054,404.51933952252153,11.12243318923929
311.7144585935033,12.23273540316438,67.95177350319479,76.48066047747828,2.877566810760711
1160.14493405563,2019.8550659443688,26.0,47.0,18.0
1.0,1.0,1.0,1.0,1.0
1.0,1.0,1.0,1.0,1.0

Iteration: ,15000
Error:,0.4290162357159914
Absolute Error:,1
Transition Probabilities
0.0003486750348675035,0.0003486750348675035,0.4041143654114365,0.5847280334728033,0.010460251046025104
0.9756126096696996,0.022816709702028162,0.0005235602094240838,0.0005235602094240838,0.0005235602094240838
0.2,0.2,0.2,0.2,0.2
0.00021331058020477816,0.00021331058020477816,0.48698805460750855,0.5051194539249146,0.0074658703071672355
0.7717959823246724,0.19990213088287478,0.009433962264150941,0.009433962264150941,0.009433962264150941

0.08202815822774472,0.01412316948304808,0.37680915819649424,0.5135923342385346,0.013447179854178449
0.6659575949039107,0.025158851206119343,0.1406801190138701,0.1630985670663787,0.0051048678097213585
0.35563815820736167,0.6183148550714943,0.006894790602655768,0.012768130745658829,0.0063840653728294144
0.2,0.2,0.2,0.2,0.2
0.2,0.2,0.2,0.2,0.2

Transition Gammas
1.0,1.0,1159.0,1677.0,30.0
1863.4200844691263,43.57991553087379,1.0,1.0,1.0
1.0,1.0,1.0,1.0,1.0
1.0,1.0,2283.0,2368.0,35.0
81.81037412641528,21.18962587358473,1.0,1.0,1.0

79.92376327611154,13.760846017505079,367.142291264821,500.4163573700998,13.102198593959624
378.0338545105552,14.2815361958281,79.8577087351792,92.5836426299001,2.897801406040378
1392.679027540029,2421.320972459973,27.0,50.0,25.0
1.0,1.0,1.0,1.0,1.0
1.0,1.0,1.0,1.0,1.0

Iteration: ,17500
Error:,0.4289766410063489
Absolute Error:,1
Transition Probabilities
0.0002991325157044571,0.0002991325157044571,0.4068202213580616,0.582411008076578,0.01017050553395154
0.9771136847930771,0.02153007650891199,0.00045207956600361646,0.00045207956600361646,0.00045207956600361646
0.2,0.2,0.2,0.2,0.2
0.00018372221201543268,0.00018372221201543268,0.4875987506889583,0.5043174719823627,0.007716332904648172
0.7724123713042469,0.20339408030865636,0.008064516129032258,0.008064516129032258,0.008064516129032258

0.07743769157238259,0.013201570270973902,0.3878357331091897,0.507851029119173,0.01367397592828092
0.6695764962088914,0.023632687434981963,0.1391689060141494,0.1627729222976155,0.004848988044361812
