0,1,2,3,4,5,6,7,8,9,10,11,12,13,14,15,16,17,18,19,20,21,22,23,24,25,26,27,28,29
github Code Version (SHA):,32a229dd34421fba547a58d2c923a1ee52132eb5
Environment Observations,Environment Actions,alpha,epsilon,numActions,explore,patience,gainThresh,insertRandActions,useBudd,revisedSplitting,haveControl,confidence_factor
"['square', 'diamond']","['x', 'y']",0.99,0.99,75000,0.5,0,0.01,False,False,False,False,250

Model Num 0
Model States: 
['square'],['diamond']
Iteration: ,0
Error:,0.6706212104391603
Absolute Error:,1
Transition Probabilities
0.5,0.5
0.5,0.5

0.5,0.5
0.5,0.5

Transition Gammas
1.0,1.0
1.0,1.0

1.0,1.0
1.0,1.0

Iteration: ,2317
Error:,0.26868488045836536
Absolute Error:,1
Transition Probabilities
0.9717682020802377,0.02823179791976226
0.656,0.344

0.02773497688751926,0.9722650231124808
0.6447105788423154,0.35528942115768464


Model Num 1
Model States: 
['square'],"['diamond', 'x', 'square']","['diamond', 'x', 'diamond']"
Iteration: ,0
Error:,0.707331078257995
Absolute Error:,1
Transition Probabilities
0.3333333333333333,0.3333333333333333,0.3333333333333333
0.3333333333333333,0.3333333333333333,0.3333333333333333
0.3333333333333333,0.3333333333333333,0.3333333333333333

0.3333333333333333,0.3333333333333333,0.3333333333333333
0.3333333333333333,0.3333333333333333,0.3333333333333333
0.3333333333333333,0.3333333333333333,0.3333333333333333

Transition Gammas
1.0,1.0,1.0
1.0,1.0,1.0
1.0,1.0,1.0

1.0,1.0,1.0
1.0,1.0,1.0
1.0,1.0,1.0

Iteration: ,2500
Error:,0.21666816728389204
Absolute Error:,1
Transition Probabilities
0.9786381842456608,0.010013351134846462,0.011348464619492658
0.9961315280464217,0.0019342359767891683,0.0019342359767891683
0.003558718861209964,0.9816980370230615,0.014743244115728516

0.02593659942363112,0.41576237212318756,0.5583010284531813
0.854635975163064,0.13243071502888595,0.012933309808049971
0.33876858558906325,0.6435824601481615,0.017648954262775286

Transition Gammas
733.0,7.5,8.5
515.0,1.0,1.0
1.0,275.8571484034803,4.142851596519714

18.0,288.5390862534922,387.4609137465079
136.1430674938851,21.096144204555703,2.0602695431592584
38.85693250611499,73.81924204280142,2.0243442094836004

Iteration: ,5000
Error:,0.2169373460867817
Absolute Error:,1
Transition Probabilities
0.9816254416961131,0.010723930045869495,0.00765062825801743
0.9981412639405205,0.0009293680297397769,0.0009293680297397769
0.0018248175182481756,0.9832760650797125,0.01489911740203933

0.02298050139275766,0.4568096230335758,0.5202098755736665
0.8798174658938134,0.10559988178249018,0.014582652323696453
0.31824579528958674,0.6474803616786117,0.034273843031801574

Transition Gammas
1389.0,15.174361014905337,10.825638985094663
1074.0,1.0,1.0
1.0,538.8352836636824,8.164716336317552

33.0,655.9786186762149,747.021381323785
283.8044382683858,34.063560104528165,4.703954640165486
69.19556173161416,140.7803905021655,7.4520947531408925

Iteration: ,7500
Error:,0.21356386720984716
Absolute Error:,1
Transition Probabilities
0.9817483189241114,0.012136120466745504,0.006115560609143066
0.9987775061124694,0.0006112469437652812,0.0006112469437652812
0.0012004801920768306,0.9817656892163582,0.017033830591564877

0.020746887966804982,0.4685652671056973,0.5106878449274976
0.8922331001313826,0.09536139970312453,0.012405500165492836
0.302563440589822,0.6644086907505369,0.033027868659641114

Transition Gammas
2044.0,25.26740281176414,12.732597188235863
1634.0,1.0,1.0
1.0,817.8108191172264,14.189180882773542

45.0,1016.3180643522572,1107.6819356477422
433.4476633642094,46.32665597182309,6.026603427742584
93.55233663579024,205.43455408779414,10.212186512640256

Iteration: ,10000
Error:,0.21005560030842635
Absolute Error:,1
Transition Probabilities
0.9827275998560633,0.012147030089509075,0.005125370054427595
0.9990796134376438,0.0004601932811780948,0.0004601932811780948
0.0008976660682226215,0.9827535365839193,0.016348797347858157

0.019383869851159575,0.47100518708893135,0.5096109430599091
0.9026364346961925,0.08704067163310727,0.010322893670700262
0.29108617197837316,0.6804617029991767,0.02845212502245007

Transition Gammas
2731.0,33.75659661874572,14.243403381254286
2171.0,1.0,1.0
1.0,1094.7874397544856,18.21256024551398

56.0,1360.7339854999225,1472.266014500077
591.0545227492245,56.99502108974107,6.759524385895555
117.9454772507754,275.71691147553435,11.528543048829293

Iteration: ,12500
Error:,0.21219697404302046
Absolute Error:,1
Transition Probabilities
0.9845227858985383,0.011064908684243547,0.004412305417218192
0.9992581602373887,0.000370919881305638,0.000370919881305638
0.0007173601147776186,0.9826179567914661,0.01666468309375624

0.01859045504994451,0.4704640464991597,0.5109454984508959
0.9095099969213799,0.08111533584507838,0.009374667233541625
0.2846577098422889,0.6884964061561467,0.026845884001564405

Transition Gammas
3435.0,38.605466399325735,15.394533600674272
2694.0,1.0,1.0
1.0,1369.7694317673033,23.23056823269619

67.0,1695.5524235829712,1841.4475764170284
750.8301485861064,66.96335375237967,7.739093375258204
144.1698514138946,348.7009876863203,13.596565186042282

Iteration: ,15000
Error:,0.20661403375698278
Absolute Error:,1
Transition Probabilities
0.9838515304892745,0.010883507874056913,0.005264961636668566
0.9993861264579497,0.0003069367710251688,0.0003069367710251688
0.0006027727546714893,0.9835735226989057,0.0158237045464228

0.01997245179063361,0.4779508544972338,0.5020766937121326
0.9155011173739439,0.07623769979224876,0.008261182833807237
0.2819590715245111,0.6944076937796273,0.023633234695861535

Transition Gammas
4082.0,45.15567416946213,21.84432583053788
3256.0,1.0,1.0
1.0,1631.7484741574835,26.25152584251541

87.0,2081.9539221899504,2187.0460778100496
910.1503117027697,75.79211528266806,8.212898912445635
168.84968829723178,415.8423490754646,14.15263672942208

Iteration: ,17500
Error:,0.20832542864233505
Absolute Error:,1
Transition Probabilities
0.9847422680412371,0.010477613410393678,0.004780118548369211
0.9994728518713759,0.0002635740643120717,0.0002635740643120717
0.0005141388174807202,0.9823801422095486,0.017105718972970592

0.02031157562610925,0.47662021670136634,0.5030682076725244
0.9173573314534372,0.07390662635750979,0.008736042189052991
0.27098805746282995,0.7028964499356601,0.026115492601509895

Transition Gammas
4776.0,50.816425040409335,23.183574959590675
3792.0,1.0,1.0
1.0,1910.7293765975705,33.27062340242777

103.0,2416.9411188926288,2551.0588811073712
1057.7887632470452,85.2204437790988,10.07337811122232
190.21123675295715,493.375259054963,18.33091905471613

Iteration: ,18684
Error:,0.20773682022926468
Absolute Error:,1
Transition Probabilities
0.984787213556711,0.010686549693703966,0.004526236749585079
0.999507631708518,0.0002461841457410143,0.0002461841457410143
0.0004823926676314524,0.982016240937935,0.01750136639443358

0.019437245464642726,0.47853595874386273,0.5020267957914946
0.9166752384995049,0.07450646562319471,0.008818295877300314
0.26255296209480533,0.7112220315519651,0.026225006353229514


Model Num 2
Model States: 
"['diamond', 'x', 'square']","['diamond', 'x', 'diamond']","['square', 'y', 'diamond', 'x', 'diamond']","['square', 'y', 'diamond', 'x', 'square']"
Iteration: ,0
Error:,0.6712020198001875
Absolute Error:,0.74
Transition Probabilities
0.25,0.25,0.25,0.25
0.25,0.25,0.25,0.25
0.25,0.25,0.25,0.25
0.25,0.25,0.25,0.25

0.25,0.25,0.25,0.25
0.25,0.25,0.25,0.25
0.25,0.25,0.25,0.25
0.25,0.25,0.25,0.25

Transition Gammas
1.0,1.0,1.0,1.0
1.0,1.0,1.0,1.0
1.0,1.0,1.0,1.0
1.0,1.0,1.0,1.0

1.0,1.0,1.0,1.0
1.0,1.0,1.0,1.0
1.0,1.0,1.0,1.0
1.0,1.0,1.0,1.0

Iteration: ,2500
Error:,0.06478479633262281
Absolute Error:,0.6242999602664334
Transition Probabilities
0.0013280212483399718,0.0013280212483399718,0.032539664203527156,0.9648042932997929
0.950732325641304,0.0397438648348864,0.004761904761904762,0.004761904761904762
0.025968284133955723,0.012968724095059218,0.9242244983065587,0.03683849346442638
0.025160072634850435,0.007389132018652713,0.9401074565207308,0.027343338825766002

0.044756614770759255,0.02382147751564562,0.025152121995432587,0.9062697857181626
0.7946042073538953,0.04182968126787578,0.03046492505371972,0.13310118632450926
0.0091571951134742,0.9643111304235843,0.011954395173236113,0.014577279289705427
0.9812744001828673,0.0020127176410035985,0.009191161704879176,0.00752172047125006

Transition Gammas
1.0,1.0,24.502367145255977,726.4976328547449
199.65378838467385,8.346211615326144,1.0,1.0
4.382245104787722,2.1885207119481196,155.9663419629969,6.216633598873277
5.742692445547128,1.6865417377170295,214.57600965293156,6.241014785198188

8.15382577349799,4.339831739391829,4.582250503863227,165.10555980116408
40.38061948343238,2.1257230036778143,1.5481827742671985,6.764006920705484
2.2135300765148256,233.09885438280045,2.8896854260062224,3.5237041191838907
680.2922502759702,1.3953652647142467,6.3719955169495375,5.2146149378603495

Iteration: ,5000
Error:,0.046061070619722616
Absolute Error:,0.6245890097275106
Transition Probabilities
0.0006609385327164567,0.0006609385327164567,0.02696223404827436,0.9717158888862927
0.9549290496803484,0.04018097476952934,0.0024449877750611243,0.0024449877750611243
0.02002280734465525,0.00670611383810119,0.9477919070500979,0.025479171767145772
0.018686626270820992,0.006079496216262793,0.9572046919707151,0.01802918554220111

0.032113418893626754,0.0155226991967197,0.02683245373831754,0.9255314281713359
0.8839234827334503,0.022336941271688927,0.017723099727398408,0.0760164762674622
0.0046697194600782916,0.9666288346952838,0.007783282205438303,0.020918163639199575
0.9830663640175944,0.0010077392322976977,0.009092978569608183,0.006832918180499764

Transition Gammas
1.0,1.0,40.793860115039145,1470.2061398849623
390.56598131926256,16.434018680737502,1.0,1.0
6.708872499841056,2.246960775020895,317.5686082040657,8.537090321301001
8.333085495031513,2.711081230106534,426.8543940910544,8.039907383578623

11.322163757986907,5.472806955042455,9.460264453939278,326.3127612675035
87.00635940407278,2.1986698828978706,1.7445202155594857,7.482454062997703
2.2497282598515933,465.69225941571545,3.749747727175245,10.077732567368905
1368.6550069969028,1.4030053275292143,12.65952239170197,9.51299731375388

Iteration: ,7500
Error:,0.03680540360618001
Absolute Error:,0.6231593757844254
Transition Probabilities
0.0004401408450704224,0.0004401408450704224,0.025967366054408234,0.9731523522554509
0.955200353636838,0.04142126798478351,0.0016891891891891886,0.0016891891891891886
0.01966624639892581,0.004492191550284803,0.9502373522445569,0.025604209806232594
0.013575760044239408,0.004185515947835363,0.9675798578357745,0.014658866172150689

0.02776116191237459,0.010620462387477075,0.020123472180372484,0.9414949035197758
0.9187052721187859,0.013528418897990249,0.010955496466295065,0.05681081251692868
0.0031532645180981467,0.9742247232580995,0.005608126287572693,0.01701388593622946
0.9827246809366161,0.00067256980950733,0.01023768405235269,0.006365065201523618

Transition Gammas
1.0,1.0,58.99785567561553,2211.0021443243854
565.4786093530083,24.521390646991847,1.0,1.0
9.951441671794699,2.273122246329121,480.8356100805718,12.956148075772855
9.000507324764321,2.774928757111857,641.4896528346248,9.718589009030623

14.462040969607942,5.5326777261224445,10.483224010648739,490.46714652497116
149.7994061680169,2.2058751362527174,1.7863474987380015,9.263281965642307
2.268151546041696,700.762431939154,4.033940139353435,12.238133359554324
2055.5626040312654,1.4068124835391904,21.414136530942347,13.313789970149898

Iteration: ,10000
Error:,0.03712190043864465
Absolute Error:,0.6228826682301528
Transition Probabilities
0.00033178500331785036,0.00033178500331785036,0.025946304935450304,0.973390125057914
0.958832302494382,0.03864244498036547,0.0012626262626262623,0.0012626262626262623
0.020649110149135133,0.007689397679451212,0.9442802141549064,0.02738127801650719
0.013504105123391631,0.003253652787297496,0.9692811340652355,0.013961108024075313

0.02406066153760136,0.011500551942527493,0.018513815054680607,0.9459249714651906
0.915503115554998,0.02608363533951824,0.008120414014110702,0.05029283509137316
0.002340631957584655,0.9744045418508045,0.004530411627836849,0.01872441456377391
0.9814743464319298,0.0005142103893582287,0.011648068832102176,0.006363374346609599

Transition Gammas
1.0,1.0,78.20216307544715,2933.79783692455
759.3951835755507,30.60481642444946,1.0,1.0
14.479395801839194,5.391894937573433,662.1402505892986,19.200070080395765
12.191349303708787,2.9373599568785824,875.0557531143098,12.603926215998374

16.231045962385966,7.7581402689304415,12.489207024587541,638.1101228171276
210.02692827923485,5.9838854894487925,1.8629162290784858,11.537753929206223
2.2790813698429466,948.7810464290824,4.411277349804955,18.232026720488644
2689.5307832358167,1.4090889652555458,31.919163045960687,17.437532883745725

Iteration: ,12500
Error:,0.03486739844795328
Absolute Error:,0.6230202512498515
Transition Probabilities
0.0002685284640171861,0.0002685284640171861,0.025079808456838694,0.9743831346151268
0.9617129484390174,0.03630881219401915,0.0009891196834817008,0.0009891196834817008
0.017680948181164703,0.006275561477173003,0.9487536342052564,0.02728985613640598
0.012300595778006507,0.003439829051884465,0.9703024781271635,0.013957097042945588

0.023180768539516682,0.009871140483936912,0.01785403562587039,0.949094055350676
0.9212723401132379,0.023054773828899068,0.006978130254055318,0.04869475580380771
0.0018597097956204664,0.9748378593706462,0.0038580379748725394,0.019444392858860977
0.9809626491852308,0.0004150332222715295,0.012439893805289428,0.006182423787208276

Transition Gammas
1.0,1.0,93.39720669326721,3628.602793306729
972.2917908718471,36.70820912815338,1.0,1.0
15.537558717775019,5.514800673555245,833.7400884343044,23.981617828094862
14.025458313993308,3.9221822946764235,1106.3640497210506,15.914244016554257

20.105110604762054,8.561423271466474,15.485136327018886,823.1668818321824
253.97769269212495,6.355773431646562,1.923741052523341,13.424240788274844
2.2888369796038277,1199.7812491496538,4.7482784714041815,23.931177609599622
3335.5186969667143,1.411216904026718,42.29875460629109,21.021789312705103

Iteration: ,15000
Error:,0.03335004852355704
Absolute Error:,0.6224776685940041
Transition Probabilities
0.00022376370552696363,0.00022376370552696363,0.025642831832328513,0.9739096407566175
0.964959516589183,0.03340248177281538,0.0008190008190008185,0.0008190008190008185
0.019283481393596945,0.005344337056077701,0.949720107915844,0.02565207363448142
0.014107225270461978,0.0028925621695095323,0.9696702831531029,0.01332992940692551

0.024002287151688995,0.009060215794143829,0.015868485848959207,0.951069011205208
0.9288440324740885,0.020028560940950037,0.005787333860523167,0.04534007272443848
0.0015370997055211063,0.9772418104585496,0.0032630873874833015,0.01795800244844607
0.9820514308314421,0.0003487166311142759,0.011986486693659915,0.005613365843783671

Transition Gammas
1.0,1.0,114.59781545867608,4352.402184541322
1178.215569755393,40.7844302446076,1.0,1.0
19.914168935185522,5.519129497884271,980.7817522233688,26.491053014135982
19.556760286585725,4.009941280344477,1344.247994987176,18.479199775323004

24.944253920076264,9.41578283400821,16.491242598758834,988.3935960389997
310.9352998324057,6.7046634135097785,1.9373396676284338,15.177821694612263
2.2958705485636712,1459.645515120436,4.873871358769586,26.822755078496435
3978.6458370271544,1.4127773038427378,48.56159655908779,22.741777003646185

Iteration: ,17500
Error:,0.032971556013196464
Absolute Error:,0.6226881197941314
Transition Probabilities
0.00019256691700365877,0.00019256691700365877,0.02576485694833321,0.9738500092176594
0.9619765070730341,0.03663749154096463,0.0006930006930006927,0.0006930006930006927
0.018029081685648287,0.005335695594726649,0.9491382247198749,0.027496997999750278
0.013868689477972618,0.002509070764207558,0.9709371462520611,0.012685093505758853

0.02296869847038772,0.009875835748721135,0.016038816742600825,0.9511166490382903
0.9281708727353691,0.02128852921441491,0.005136815771757556,0.045403782278458364
0.001317006327027432,0.9779763298963225,0.003096169435070894,0.01761049434157901
0.9812576321710863,0.0003003359358560484,0.012857082210460426,0.005584949682597124

Transition Gammas
1.0,1.0,133.79690213269436,5057.203097867306
1388.1320997063888,52.86790029361198,1.0,1.0
21.984527657542348,6.506307388238833,1157.3720678627244,33.529634152476234
22.44796429023035,4.061200663988465,1571.5661109683012,20.532187016500583

27.89440245203087,11.993737358698963,19.478387495455074,1155.0863720600369
356.9254180031093,8.186442186160727,1.9753476115192294,17.459892832988462
2.301026525072978,1708.6853949017411,5.409516909686,30.76842819053279
4619.599646352347,1.4139322208355551,60.52902977289694,26.293025126884263

Iteration: ,20000
Error:,0.03335230988003587
Absolute Error:,0.6227270310100724
Transition Probabilities
0.00016837851490149845,0.00016837851490149845,0.025592608019427285,0.9740706349507697
0.9639508340623966,0.03482592434738938,0.0006116207951070332,0.0006116207951070332
0.01868804921601406,0.004694139316072031,0.9504464797758324,0.02617133169208154
0.014766859411109206,0.0022405911756408106,0.9707518279403591,0.012240721472890882

0.022860833416649712,0.009635302549335858,0.016090994813053292,0.9514128692209612
0.929427876053426,0.02047297815962649,0.004646716340146654,0.045452429446800884
0.001163436313257515,0.9771116793846313,0.00283219428882984,0.018892690013281366
0.9818028677929493,0.0002618254890429906,0.01276223084233324,0.005173075875674475

Transition Gammas
1.0,1.0,151.99449902737877,5785.005500972626
1576.0596136920196,56.94038630798169,1.0,1.0
26.178635878966787,6.5756549814353535,1331.4066133331917,36.661384766023026
27.12934497215678,4.11636416744107,1783.4436212437386,22.488380657048562

31.930460954463197,13.45793682272045,22.47480974260846,1328.8689401020881
401.76179192197014,8.849810300845858,2.008626092965503,19.64762406233655
2.306221358098567,1936.879396462177,5.614116462375229,37.45003033176002
5306.399280806179,1.4151013735350477,68.97667014914568,27.959183056719077

Iteration: ,22500
Error:,0.03175377912860448
Absolute Error:,0.6228190815357916
Transition Probabilities
0.00014976785981728308,0.00014976785981728308,0.025938001232963023,0.9737624630474024
0.9657191188326931,0.033192741885478876,0.0005440696409140366,0.0005440696409140366
0.017469224510128653,0.005468159769552593,0.9524960173571424,0.024566598363176366
0.014815545210030758,0.0020050501766561905,0.9723117420343715,0.010867662578941392

0.022109678024826444,0.00861553606875131,0.016259609539213394,0.9530151763672088
0.9366123540948619,0.01788435407172753,0.004107143714380145,0.04139614811903046
0.0010299344697747544,0.9774646886463882,0.0029913897748104277,0.01851398710902642
0.9819839210740267,0.00023370512023088478,0.012498685008526552,0.005283688797215943

Transition Gammas
1.0,1.0,173.18803423249423,6501.8119657675115
1774.9917404144915,61.00825958551023,1.0,1.0
27.526953256722273,8.616397269924086,1500.8859341067046,38.71056808662226
30.70166389897223,4.154985574381401,2014.882873750246,22.520624056426723

34.63682508540618,13.497022231407625,25.472159790583696,1492.9851050070934
464.0060847219607,8.860067961225145,2.034715499927011,20.508019702392534
2.3107666710115886,2193.045179960592,6.711498638499333,41.53808384375436
5950.227941855032,1.4161115133448,75.73446283401307,32.01595468373324

Iteration: ,25000
Error:,0.03155825158210218
Absolute Error:,0.6230981731456122
Transition Probabilities
0.00013484358144552315,0.00013484358144552315,0.02621156192580281,0.9735187509113061
0.9663678814316812,0.032658408733849544,0.00048685491723466355,0.00048685491723466355
0.016831063943156397,0.005452696333446889,0.9532609304003439,0.024455309323052808
0.01416826705702187,0.0018304096828638016,0.9734688770506457,0.010532446209468702

0.022294961653842718,0.008374343434156117,0.016344741602569973,0.9529859533094311
0.9391705443171545,0.01671387204922868,0.0038590257983717106,0.04025655783524505
0.0009298606875220638,0.9773128423204525,0.0031442962013404773,0.018613000790685008
0.9821459826352857,0.00021032511411943778,0.012513756145489132,0.005129936105105638

Transition Gammas
1.0,1.0,194.38494324175372,7219.615056758249
1984.9196284606753,67.08037153932703,1.0,1.0
29.707352799725747,9.624179091384287,1682.5352731852956,43.16438368602075
32.473226203978875,4.195241904911089,2231.160304910543,24.140038218139658

38.83464739685511,14.58691337957821,28.470211646186456,1659.9657826524588
501.650850743029,8.927588480537223,2.061269474970591,21.502736226379074
2.314011122623693,2432.098504388961,7.824759644495291,46.319509398580436
6616.170641300345,1.4168431880476486,84.2982076860174,34.55752327090685

Iteration: ,27500
Error:,0.030302165874328237
Absolute Error:,0.6229839723882349
Transition Probabilities
0.00012242899118511253,0.00012242899118511253,0.025413962472651645,0.9743411795449781
0.9662908278473336,0.032811908805874104,0.00044863167339614143,0.00044863167339614143
0.016557767040928314,0.005039536758979023,0.9549225345206463,0.023480161679446228
0.015267156027708536,0.0016911536642249024,0.972992808828439,0.010048881479627472

0.022111061601318188,0.007926836600378366,0.016720591558421396,0.953241510239882
0.9428746682527779,0.015543583697838086,0.0035547359756575446,0.0380270120737266
0.0008557083869341397,0.9776294393928586,0.002925162833184009,0.01858968938702318
0.9829737460615094,0.00018985685167847435,0.01206576294025624,0.004770634146555708

Transition Gammas
1.0,1.0,207.5812454766188,7958.418754523387
2153.8622552717084,73.13774472829344,1.0,1.0
31.918166105756118,9.71464153176889,1840.790246632845,45.26236531907122
38.142158505427176,4.225033857047816,2430.842120930712,25.10526711737094

42.93789804106961,15.393277259694031,32.47004004000719,1851.1181196634695
553.5434872454917,9.125337453743944,2.0869167604733616,22.324923536044977
2.3179106836213146,2648.165843401781,7.923571027113302,50.355051198883714
7340.098539688605,1.4177062259685655,90.09791898598871,35.623458788014226

Iteration: ,30000
Error:,0.029201915505695918
Absolute Error:,0.6229469214597982
Transition Probabilities
0.00011261261261261256,0.00011261261261261256,0.025650950026749095,0.9741238247480257
0.9669389333627592,0.03223666432891435,0.0004122011541632312,0.0004122011541632312
0.015939744812875713,0.0045594320068162685,0.955660557797309,0.02384026538299901
0.01508613958991045,0.001556062149605406,0.9732058401683109,0.010151958092173332

0.021278296666119266,0.008040776904469893,0.01660131831166435,0.9540796081177465
0.9471867670455212,0.014568840122303636,0.0032654726068346747,0.03497892022534047
0.0007857002185794522,0.9787775764864887,0.002700409763515445,0.017736313531416418
0.9830264683360851,0.00017443095149895064,0.012219364676315113,0.004579736036100896

Transition Gammas
1.0,1.0,227.78043623753206,8650.219563762472
2345.7938523380562,78.2061476619463,1.0,1.0
33.96569044231213,9.715604481396467,2036.3983900075148,50.80075519197887
41.08136180031698,4.2373432759744265,2650.155859148666,27.644995651846806

45.472301231706325,17.183359893613424,35.477470727882384,2038.8941850048423
609.9624038108536,9.38193506382597,2.102875156349864,22.525469110920735
2.321570416452291,2892.071316928264,7.979113752330495,52.40688473512874
7994.188601588511,1.4185110667441452,99.3705754224459,37.24342609009483

Iteration: ,32500
Error:,0.030085159725768404
Absolute Error:,0.6227014227030911
Transition Probabilities
0.00010399334442595662,0.00010399334442595662,0.024644980311737848,0.9751470329994103
0.9674115531551786,0.03182392085093757,0.0003822629969418958,0.0003822629969418958
0.016693713044809155,0.004294266685466825,0.9539872809214542,0.02502473934826976
0.016088161311312243,0.0017581332557577661,0.972006857909091,0.010146847523838978

0.021341075058767138,0.008045818680648534,0.01609865351044801,0.9545144527501362
0.9487866216219392,0.01565515800056587,0.003027410002266615,0.03253081037522828
0.0007288467604175916,0.9778337986127206,0.0025588600332083237,0.01887849459365343
0.9832236921893038,0.00016084171509777405,0.01223818854073217,0.004377277554866232

Transition Gammas
1.0,1.0,236.9861306776714,9377.01386932234
2530.7486230539484,83.25137694605272,1.0,1.0
38.3522136946781,9.865668179445068,2191.6947992155206,57.49195212367049
47.58227135445406,5.199846771422777,2874.8029794368213,30.010269223997213

49.69474657923434,18.735462916290253,37.48726361092851,2222.6787406451695
662.6361688825633,10.933621621911687,2.114354608109195,22.71964113578724
2.325016013315031,3119.2829050000223,8.16274541665314,60.22226429651297
8675.972810555575,1.419268431056827,107.98986219852219,38.6251280883117

Iteration: ,35000
Error:,0.02993752132335075
Absolute Error:,0.6224354700577717
Transition Probabilities
9.641342074816796e-05,9.641342074816796e-05,0.024409017427999797,0.9753981557305039
0.9684410879536528,0.030844115763287973,0.00035739814152966395,0.00035739814152966395
0.016595937059781476,0.004473982901753187,0.9535859498224347,0.025344130216030547
0.017024598962676104,0.001953227865326101,0.9708377241522546,0.01018444901974323

0.02112704854511271,0.007478826020774581,0.015325507520243035,0.9560686179138697
0.9498131932752275,0.014568742232936178,0.00282784473351691,0.032790219758319396
0.0006799706587857866,0.9772251453678277,0.002417617080558352,0.01967726689282815
0.982938102573756,0.000148821650247436,0.012602012723510839,0.004311063052485731

Transition Gammas
1.0,1.0,253.17032876321437,10116.829671236806
2709.6981640943213,86.30183590567978,1.0,1.0
40.74118897317449,10.9831329322647,2340.9479828668045,62.21703509555476
54.07201024983131,6.203667844729507,3083.488044938468,32.34693709917949

53.073602111671505,18.787680429731697,38.49945658770052,2401.7555178266716
713.1992857592825,10.939431699313472,2.123382638251052,24.621642947369285
2.3277437711452023,3345.3351490171303,8.276229316031166,67.36119397377131
9377.91724454022,1.4198626714764473,120.23201880797954,41.130557902217966

Iteration: ,37500
Error:,0.030467252799460057
Absolute Error:,0.6222843914379281
Transition Probabilities
9.009820704567956e-05,9.009820704567956e-05,0.024358302055472642,0.975461501530436
0.9681835645966119,0.03114910140272079,0.00033366700033366685,0.00033366700033366685
0.01590132467410317,0.004538593783862544,0.9524589197487998,0.02710116179323441
0.01690599615012244,0.0021191409398409575,0.9701582966961901,0.010816566213846478

0.021258307974587314,0.00701275845663761,0.015127655155266758,0.9566012784135083
0.9496844268424646,0.013476889062748751,0.00379040717152941,0.03304827692325734
0.000633756664712747,0.9767729776960353,0.00231622826609683,0.020277037373155112
0.9820301916223316,0.00013921042727162847,0.013568849481493407,0.00426174846890349

Transition Gammas
1.0,1.0,270.35279451369155,10826.647205486337
2901.646143096047,93.35385690395425,1.0,1.0
42.09972183536631,12.01620240705589,2521.6927773534367,71.75197012161976
57.6568741541706,7.227201603407204,3308.666009712278,36.88924281267409

57.01273523605934,18.807542991693712,40.5709146344407,2565.512527048804
771.2351902972159,10.94453147503034,3.0781755640216875,26.838382752728304
2.330186377056848,3591.3832750558754,8.516271074260278,74.55428697608183
10019.866144510846,1.4203940561924369,138.4459018667992,43.483540082858646

Iteration: ,40000
Error:,0.03018966823114257
Absolute Error:,0.6223551534770528
Transition Probabilities
8.46453360419839e-05,8.46453360419839e-05,0.02543935676375202,0.974391352564164
0.9694731255734135,0.02990652703204552,0.00031017369727047136,0.00031017369727047136
0.01620588100499601,0.0043058122791551365,0.9527191390324312,0.026769167683417666
0.017382554201634138,0.0022481377195018885,0.9692183350498154,0.011150973029048649

0.02129625345736838,0.0073273197218549245,0.01490027714579082,0.9564761496749858
0.9499405675868821,0.01369141341840266,0.0035897350862814283,0.03277828390843398
0.000590517716727009,0.9767932741916614,0.0021993127683918386,0.020416895323219608
0.9819747643826294,0.00013128489962877367,0.013694267622313717,0.004199683095428178

Transition Gammas
1.0,1.0,300.540560806967,11511.459439193059
3125.5813568486865,96.4186431513148,1.0,1.0
45.96238219162266,12.211948832581163,2702.0586647515665,75.9214951434959
63.60008037700167,8.22558859879451,3546.220152515732,40.79968758921514

60.85066667483105,20.93665399442551,42.57517876447935,2732.9789008573593
821.3742809763507,11.838398354391682,3.1038953130300055,28.34202506512728
2.3325136460746623,3858.2816008876416,8.68716873169061,80.6456531327124
10627.964982031122,1.4209034351318603,148.2137851434661,45.45339299213084

Iteration: ,42500
Error:,0.031288905354945634
Absolute Error:,0.621903339393834
Transition Probabilities
7.956082425013901e-05,7.956082425013901e-05,0.02511973181708588,0.9747211465344139
0.9702719400819177,0.02914206519203483,0.00029299736302373274,0.00029299736302373274
0.017513134835017197,0.004073781531141178,0.9508087311142807,0.027604352519560966
0.01841601689791813,0.0023943908471765916,0.9674916849089545,0.011697907345950768

0.020814496166610266,0.008045339555073985,0.014414716406245729,0.9567254478720699
0.9519856057938968,0.01359810624400432,0.0033868167153686653,0.03102947124673029
0.000558161894121407,0.9768228521159485,0.002114145329353123,0.02050484066057704
0.9810900160501186,0.00012341315674037503,0.014585975609986406,0.0042005951831546725

Transition Gammas
1.0,1.0,315.7299092089533,12251.270090791082
3311.5381314995857,99.4618685004149,1.0,1.0
52.905438997241774,12.306488947537881,2872.2986373308554,83.39000424766363
71.49280871105744,9.295263344162894,3755.898918976005,45.4124394454848

62.93588119602627,24.32634114065549,43.58514719530846,2892.80886947827
874.2500416328603,12.487736030456954,3.1102620001745676,28.495721326245196
2.3349454687405684,4086.319966182186,8.84405422337624,85.77741564215015
11299.923649718821,1.4214386302202253,167.9972357817649,48.38129435270866

Iteration: ,45000
Error:,0.030607179165001105
Absolute Error:,0.6216919554247498
Transition Probabilities
7.51314800901576e-05,7.51314800901576e-05,0.024712916218261414,0.9751368208215583
0.9707667457300279,0.02867908413974219,0.0002770850651149902,0.0002770850651149902
0.017387015351559256,0.004501086041234498,0.9504133823650174,0.027698516242188827
0.01921991715107198,0.002277639944390375,0.9668590441427243,0.011643398761813336

0.02057404332937808,0.007874155919515268,0.013592324284781358,0.9579594764663253
0.9514368995911109,0.014039239683367757,0.0032090224375928393,0.0313148382879286
0.0005276206715763618,0.9762900891783983,0.002018690412225515,0.02116359973779971
0.9808530509719994,0.00011647633602672432,0.014950488074200194,0.004079984617773782

Transition Gammas
1.0,1.0,328.92891486506016,12979.07108513497
3503.4971853396714,103.50281466032959,1.0,1.0
55.19645091440225,14.28905247468024,3017.1622068187316,87.93112338436175
79.13649369442861,9.378002916488878,3980.965893286093,47.94077651081692

65.99504566195935,25.25781010268272,43.599891740551726,3072.832033041746
925.0965778216694,13.650566413687821,3.120181355637873,30.44789386206437
2.337038627879453,4324.371226034453,8.941570573809733,93.7418731992556
11973.869837852188,1.4218974854509012,182.50970217754355,49.806854049391134

Iteration: ,46127
Error:,0.03168720118332269
Absolute Error:,0.6219298945386257
Transition Probabilities
7.33191582960626e-05,7.33191582960626e-05,0.024856407933706,0.974996953749702
0.9710032515899554,0.028457374084262615,0.00026968716289104625,0.00026968716289104625
0.01721042034608031,0.004698195055262102,0.9505706193300828,0.02752076526857477
0.019643991111889702,0.0022316328549673416,0.9667660437789635,0.011358332254179631

0.0212607182431284,0.007935011189280637,0.014516216672780476,0.9562880538948105
0.9491156020123303,0.015958650840768692,0.003150086457080505,0.03177566068982058
0.0005140305198577055,0.9758399442038475,0.0021578584795611745,0.021488166796733658
0.980794339423487,0.00011386163913003263,0.01506133112502729,0.004030467812355769

*,*,*,*,*,*,*,*,*,*,*
Model Num 2
Model States: 
"['diamond', 'x', 'square']","['diamond', 'x', 'diamond']","['square', 'y', 'diamond', 'x', 'diamond']","['square', 'y', 'diamond', 'x', 'square']"
Iteration: ,46127
Error:,0.031606142115510445
Transition Probabilities
7.33191582960626e-05,7.33191582960626e-05,0.024856407933706,0.974996953749702
0.9710032515899554,0.028457374084262615,0.00026968716289104625,0.00026968716289104625
0.01721042034608031,0.004698195055262102,0.9505706193300828,0.02752076526857477
0.019643991111889702,0.0022316328549673416,0.9667660437789635,0.011358332254179631

0.0212607182431284,0.007935011189280637,0.014516216672780476,0.9562880538948105
0.9491156020123303,0.015958650840768692,0.003150086457080505,0.03177566068982058
0.0005140305198577055,0.9758399442038475,0.0021578584795611745,0.021488166796733658
0.980794339423487,0.00011386163913003263,0.01506133112502729,0.004030467812355769

Transition Gammas
1.0,1.0,339.0165478078169,13297.983452192215
3600.480056895556,105.51994310444583,1.0,1.0
56.24846989972504,15.355016195704614,3106.730794121979,89.94556238014168
82.97072123112316,9.425792673447145,4083.3492266014305,47.97441689645295

69.6875878219254,26.009083173833,47.580712592033095,3134.485250064008
949.3408901167999,15.96243888744097,3.1508341815993375,31.783203162360177
2.337958472444627,4438.400400686009,9.814560263898509,97.73435560525442
12249.839541678391,1.42209916312858,188.1116990072757,50.33938512357138

