0,1,2,3,4,5,6,7,8,9,10,11,12,13,14,15,16,17,18,19,20,21,22,23,24,25,26,27,28,29
github Code Version (SHA):,cd93f48c3be2409aefa56252372b16f046dc3cc1
Environment Observations,Environment Actions,alpha,epsilon,numActions,explore,patience,gainThresh,insertRandActions,useBudd,revisedSplitting,haveControl,confidence_factor
"['diamond', 'square']","['x', 'y']",0.99,0.99,75000,0.5,0,0.01,False,False,False,False,250

Model Num 0
Model States: 
['diamond'],['square']
Iteration: ,0
Error:,0.674092076810879
Absolute Error:,1
Transition Probabilities
0.5,0.5
0.5,0.5

0.5,0.5
0.5,0.5

Transition Gammas
1.0,1.0
1.0,1.0

1.0,1.0
1.0,1.0

Iteration: ,2500
Error:,0.15109080835639133
Absolute Error:,1
Transition Probabilities
0.46693386773547096,0.533066132264529
0.019659239842726082,0.9803407601572739

0.04008016032064128,0.9599198396793587
0.9798657718120806,0.020134228187919462

Transition Gammas
233.0,266.0
15.0,748.0

20.0,479.0
730.0,15.0

Iteration: ,2507
Error:,0.15192734508071326
Absolute Error:,1
Transition Probabilities
0.466,0.534
0.0195822454308094,0.9804177545691906

0.04,0.96
0.9799196787148594,0.020080321285140562


Model Num 1
Model States: 
['square'],"['diamond', 'x', 'square']","['diamond', 'x', 'diamond']"
Iteration: ,0
Error:,0.724801550218054
Absolute Error:,1
Transition Probabilities
0.3333333333333333,0.3333333333333333,0.3333333333333333
0.3333333333333333,0.3333333333333333,0.3333333333333333
0.3333333333333333,0.3333333333333333,0.3333333333333333

0.3333333333333333,0.3333333333333333,0.3333333333333333
0.3333333333333333,0.3333333333333333,0.3333333333333333
0.3333333333333333,0.3333333333333333,0.3333333333333333

Transition Gammas
1.0,1.0,1.0
1.0,1.0,1.0
1.0,1.0,1.0

1.0,1.0,1.0
1.0,1.0,1.0
1.0,1.0,1.0

Iteration: ,2500
Error:,0.11421695423148506
Absolute Error:,1
Transition Probabilities
0.9771428571428571,0.016635467980295568,0.006221674876847291
0.9958592132505176,0.002070393374741201,0.002070393374741201
0.0030769230769230795,0.9673426709226718,0.029580406000405207

0.02695417789757413,0.3974681763359919,0.575577645766434
0.9644069553207621,0.02702901085125139,0.008564033827986522
0.9682767476142832,0.02183785386549304,0.0098853985202238

Transition Gammas
684.0,11.644827586206898,4.355172413793103
481.0,1.0,1.0
1.0,314.38636804986805,9.613631950131683

20.0,294.92138684130595,427.07861315869394
147.868248279591,4.144238555367205,1.3130853872060047
108.13175172040896,2.4387298343249335,1.103946223101857

Iteration: ,5000
Error:,0.11033560098290307
Absolute Error:,1
Transition Probabilities
0.9823570924488356,0.012070638654998236,0.005572268896166198
0.9978969505783386,0.0010515247108307045,0.0010515247108307045
0.001587301587301588,0.9767185911261341,0.02169410728656431

0.023632680621201902,0.39699769147181574,0.5793696279069824
0.9678808534050274,0.01674389392498553,0.015375252669987247
0.9773622240065206,0.01506761220243286,0.0075701637910464475

Transition Gammas
1392.0,17.1040949741325,7.895905025867502
949.0,1.0,1.0
1.0,615.3327124094643,13.66728759053551

35.0,587.9535810697588,858.0464189302405
292.583617461253,5.061562110382706,4.647831424435833
228.4163825387469,3.521406279309433,1.7692001858720288

Iteration: ,7500
Error:,0.10518048527804572
Absolute Error:,1
Transition Probabilities
0.98286530223703,0.012269359561754054,0.004865338201215963
0.9985865724381625,0.0007067137809187279,0.0007067137809187279
0.0010449320794148384,0.9773107355241939,0.021644332396391245

0.02204228520017994,0.3883148731521867,0.5896428416476333
0.9661469596350406,0.021446031692269003,0.012407008672690357
0.9794631820300845,0.014027846784948408,0.006508971184967207

Transition Gammas
2065.0,25.777924439245265,10.222075560754737
1413.0,1.0,1.0
1.0,935.2863738966532,20.713626103346414

49.0,863.2239630173109,1310.7760369826885
448.4096465268218,9.953565960778896,5.7583603797478835
347.5903534731781,4.97818020310031,2.3098934563729117

Iteration: ,10000
Error:,0.10991023392963437
Absolute Error:,1
Transition Probabilities
0.9840482098546615,0.01143643228103519,0.0045153578643033435
0.9989412387506618,0.0005293806246691371,0.0005293806246691371
0.0007892659826361489,0.9765144330997655,0.022696300917598368

0.021636240703177826,0.39074762306188315,0.587616136234939
0.9662265128336803,0.02272251618444143,0.011050970981878239
0.9821563596696784,0.012491480095358267,0.005352160234963167

Transition Gammas
2776.0,32.26217546480027,12.737824535199731
1887.0,1.0,1.0
1.0,1237.243786737402,28.75621326259711

64.0,1155.8314690170503,1738.1685309829493
590.1055249633087,13.877369502295126,6.74918245980492
460.89447503669123,5.861850920476371,2.5115971174235816

Iteration: ,12500
Error:,0.10655751512126108
Absolute Error:,1
Transition Probabilities
0.9841852584015814,0.01184847301426468,0.003966268584153846
0.9991582491582491,0.00042087542087542086,0.00042087542087542086
0.0006426735218509,0.9757086981742388,0.023648628303910287

0.02106969205834685,0.40050742578713017,0.578422882154523
0.9657180753197606,0.020774008866072762,0.013507915814166726
0.9827640749498414,0.011293434508790293,0.00594249054136818

Transition Gammas
3485.0,41.95544294351123,14.04455705648877
2374.0,1.0,1.0
1.0,1518.2027343591149,36.79726564088439

78.0,1482.6784902639552,2141.321509736043
731.0507762393555,15.725971891037867,10.225522948871731
572.9492237606449,6.584046670339802,3.4644584897506006

Iteration: ,15000
Error:,0.11002821871489987
Absolute Error:,1
Transition Probabilities
0.9828073480923222,0.013470805882160913,0.0037218460255169046
0.9992994746059545,0.0003502626970227671,0.0003502626970227671
0.0005356186395286556,0.9765181996234916,0.022946181736979775

0.022292276514298583,0.4005872729070934,0.577120450578608
0.9636161353156717,0.020889284201427286,0.015494580482900968
0.9829786836316443,0.010930832331284881,0.006090484037070655

Transition Gammas
4173.0,57.19704177565524,15.802958224344778
2853.0,1.0,1.0
1.0,1823.1594786970588,42.84052130294124

99.0,1779.0080789804017,2562.991921019598
879.072814481069,19.05655289741283,14.1351560804294
681.9271855189314,7.583106176334663,4.225184845823108

Iteration: ,16478
Error:,0.11018695600689114
Absolute Error:,1
Transition Probabilities
0.9830690098585512,0.013530340353761588,0.0034006497876871945
0.9993626513702996,0.00031867431485022306,0.00031867431485022306
0.0004840271055179091,0.9744093555594836,0.025106617334998464

0.02318900061563718,0.39930329349151783,0.5775077058928451
0.9638322823306718,0.020708508177352203,0.015459209491976076
0.9842134864973499,0.010138669264655033,0.005647844237995072


Model Num 2
Model States: 
"['diamond', 'x', 'square']","['diamond', 'x', 'diamond']","['square', 'y', 'diamond', 'x', 'diamond']","['square', 'y', 'diamond', 'x', 'square']"
Iteration: ,0
Error:,0.6740160539349009
Absolute Error:,0.74
Transition Probabilities
0.25,0.25,0.25,0.25
0.25,0.25,0.25,0.25
0.25,0.25,0.25,0.25
0.25,0.25,0.25,0.25

0.25,0.25,0.25,0.25
0.25,0.25,0.25,0.25
0.25,0.25,0.25,0.25
0.25,0.25,0.25,0.25

Transition Gammas
1.0,1.0,1.0,1.0
1.0,1.0,1.0,1.0
1.0,1.0,1.0,1.0
1.0,1.0,1.0,1.0

1.0,1.0,1.0,1.0
1.0,1.0,1.0,1.0
1.0,1.0,1.0,1.0
1.0,1.0,1.0,1.0

Iteration: ,2500
Error:,0.04776080601720254
Absolute Error:,0.858903442712991
Transition Probabilities
0.001396648044692738,0.001396648044692738,0.028624507169440382,0.9685821967411742
0.9440331052092519,0.04793476627669195,0.004016064257028113,0.004016064257028113
0.014173620546058831,0.0060299437362777465,0.9321004456287969,0.04769599008886647
0.018178095640749962,0.005362029028376423,0.9548324655608906,0.02162740976998303

0.00967930103135564,0.027922998385242453,0.05183665936655089,0.9105610412168509
0.01938018489400363,0.031808319550890155,0.7019912018026685,0.24682029375243766
0.005288832507601502,0.965386296533193,0.009169870841223806,0.02015500011798181
0.9755618259825746,0.0020911841149807726,0.008981651074554946,0.013365338827889645

Transition Gammas
1.0,1.0,20.495147133319307,693.5048528666805
235.06424319710365,11.935756802896293,1.0,1.0
2.567351498737759,1.0922392791827444,168.83685211430605,8.639456040219885
4.123957326658752,1.2164518954207442,216.61720896958715,4.906482875886823

1.5017476546576556,4.332265026183856,8.042479656002897,141.27393121055997
1.1986562272671162,1.9673310918913725,43.417858504943624,15.2657306284935
1.5450835455511842,282.02868586407135,2.6788930319197832,5.888097041855172
630.0756200060954,1.350610584281865,5.800882341597182,8.632127584627861

Iteration: ,5000
Error:,0.0363917424452094
Absolute Error:,0.8578713063362635
Transition Probabilities
0.0006978367062107465,0.0006978367062107465,0.02351082606695378,0.9750935005206247
0.9604716167143467,0.03538759653617096,0.0020703933747412014,0.0020703933747412014
0.015647624853199694,0.0030937321059721573,0.9418091837109648,0.03944945932986327
0.01340151865579481,0.002858729511573175,0.964364121437001,0.019375630395631043

0.014891474397074686,0.015803791620742486,0.02723089802817826,0.9420738359540046
0.04215775939488421,0.022295895267584853,0.7663944833312661,0.16915186200626478
0.0027588150097160166,0.9805363718047648,0.0050397011785891874,0.011665112006930028
0.9771094872540163,0.0010418420470916423,0.00709239520077365,0.014756275498118487

Transition Gammas
1.0,1.0,33.69101375394477,1397.3089862460554
463.90779087302934,17.09220912697057,1.0,1.0
5.5371604310367255,1.0947662128999744,333.2741291126351,13.959817370138722
6.072685454869683,1.2953879011936162,436.9862941552825,8.779759361943844

4.7834875821143,5.076545072192059,8.747197160893604,302.6160053437027
4.670100198714655,2.469867146978985,84.89870145550205,18.73809603990176
1.5674623525405533,557.1065267833542,2.863382226670559,6.627709304406662
1274.966578980629,1.3594318834745782,9.254404919679429,19.25450354924335

Iteration: ,7500
Error:,0.03168352532194824
Absolute Error:,0.8586721708869897
Transition Probabilities
0.0004710315591144607,0.0004710315591144607,0.024422327718847007,0.974635609162924
0.9662561380453103,0.030950565865304196,0.0013966480446927366,0.0013966480446927366
0.0105313330303558,0.0038972798767771127,0.9543417823006595,0.031229604792207565
0.010474422872514847,0.0019790036765340068,0.9676290172701085,0.019917556180842663

0.021173083067847816,0.010667832387190336,0.019472191261291485,0.9486868932836704
0.03679598530013439,0.015111389633518197,0.8154058551137304,0.13268676995261713
0.0018393872288310464,0.9809111391132291,0.004957434959341348,0.012292038698598504
0.9782196419640481,0.0006998021268405293,0.00570847353244872,0.015372082376662566

Transition Gammas
1.0,1.0,51.8486017471122,2069.1513982528877
691.8393948404427,22.160605159557818,1.0,1.0
5.563403387144294,2.058821993817297,504.15159114623816,16.49771102854159
7.046442498762115,1.3313321202762938,650.9515906808591,13.399107144360984

10.591024162015199,5.336174718014061,9.74021815693382,474.5442964899204
6.4315072197004755,2.6412939002702625,142.52339219547528,23.192093157670556
1.5842126691930853,844.8312729252596,4.26969979251207,10.586788432203534
1909.2186909818097,1.365823423735613,11.14138777999165,30.00212399529275

Iteration: ,10000
Error:,0.029766595487009197
Absolute Error:,0.8579665673260486
Transition Probabilities
0.00035701535166012135,0.00035701535166012135,0.025361464844565116,0.9739245044521146
0.9707523558894308,0.027175105250465556,0.001036269430051813,0.001036269430051813
0.009385718620754675,0.0031261513564646176,0.9611246972659956,0.026363432756785148
0.012967128027464667,0.002542537079267927,0.964477240667247,0.02001309422602031

0.022215894161997613,0.012142390936687833,0.01784218875586234,0.9477995261454523
0.03369996264026353,0.012886307177409302,0.8392520775461009,0.11416165263622634
0.001372590888266436,0.9831283951741215,0.004185838855870104,0.011313175081741933
0.97420107395956,0.0005324365942793828,0.005501326703068599,0.019765162743092132

Transition Gammas
1.0,1.0,71.0374630296269,2727.9625369703735
936.7760234333011,26.223976566699275,1.0,1.0
6.752283179965608,2.2490189696934926,691.4533014923152,18.96640744973465
11.703857304073416,2.294840546267484,870.516892706502,18.06339835144776

14.910830543606194,8.14971174830678,11.975293504989274,636.1426652743073
7.913475741030936,3.025981967056089,197.07443082847726,26.80761039222662
1.5942852255151538,1141.9186070731641,4.861915594332266,13.140425192001038
2506.1174226731864,1.3696850281318063,14.152079141466604,50.8455800722001

Iteration: ,12500
Error:,0.028976073100753518
Absolute Error:,0.8584539848947031
Transition Probabilities
0.0002839295854628053,0.0002839295854628053,0.02362518300034951,0.9758069578287248
0.97204941791352,0.026269909817572445,0.0008403361344537809,0.0008403361344537809
0.008142525114854615,0.0025846111008972377,0.9664631199655368,0.022809743818711356
0.015856678935335336,0.004838487629498958,0.9575538187657436,0.02175101466942219

0.024130378656230897,0.011332552460246883,0.01618719342702743,0.9483498754564947
0.029461369182929787,0.01127906115035757,0.8634280932912476,0.09583147637546507
0.0011143059151518034,0.9807277694744992,0.0037493059148280545,0.014408618695520964
0.9736316455349894,0.0004242343266169385,0.005003998179890721,0.020940121958502783

Transition Gammas
1.0,1.0,83.20789452723095,3436.792105472768
1156.7388073170896,31.261192682911233,1.0,1.0
7.394725425313013,2.3472435335180806,877.704312240749,20.714924446887977
17.82035093713832,5.43768010403059,1076.1361292103143,24.44463410204943

19.862580464996206,9.328230539694461,13.32425970297685,780.6208090878753
8.53979385822866,3.2693951370806733,250.27682462167974,27.778106587468436
1.6007169466722868,1408.8299625117556,5.385933462720877,20.698194104908335
3149.1971408937743,1.3721796477937576,16.18535801852508,67.7305144138457

Iteration: ,15000
Error:,0.028453029358124722
Absolute Error:,0.8591163816339056
Transition Probabilities
0.00023635074450484525,0.00023635074450484525,0.02372502688380078,0.9758022716271896
0.9726316557572717,0.02597558658256109,0.0006963788300835654,0.0006963788300835654
0.011271567093837179,0.0022331427418708968,0.9630619136874363,0.02343337647685551
0.018177064993553663,0.004040681698003021,0.9566873830843434,0.021094870224099966

0.026276525267423644,0.010053105832500069,0.014277705231594252,0.949392663668482
0.026754103268047745,0.009705256135033601,0.880925304518125,0.08261533607879352
0.0009268257662806456,0.9816308941992236,0.0032134656590976454,0.01422881437539809
0.9737692951526725,0.00035637627132346277,0.00460522467462093,0.021269103901383105

Transition Gammas
1.0,1.0,100.38058874536108,4128.619411254638
1396.6990576674425,37.30094233255773,1.0,1.0
12.26104690405905,2.4291802261026065,1047.6047560139818,25.490486434693956
24.797416184615763,5.512356685222577,1305.1268290742585,28.777928477065903

25.593142132635297,9.791651058390718,13.906379766775384,924.701463898352
9.257116725055369,3.3580900839186163,304.80664174300654,28.58551459186604
1.6060661974701689,1701.0362194531397,5.568510025912624,24.65664921046736
3754.983480207669,1.3742341417201913,17.758356791415483,82.0164839722045

Iteration: ,17500
Error:,0.02806541849551326
Absolute Error:,0.8594241772376834
Transition Probabilities
0.00020271639975674052,0.00020271639975674052,0.0232176575153224,0.9763769096851641
0.973525226503813,0.025280743645440643,0.0005970149253731342,0.0005970149253731342
0.012073872489304126,0.001958296666065756,0.9639320398174434,0.022035791027186735
0.01910620703593925,0.003530576349086168,0.9564927963979146,0.0208704202170599

0.028485784965645293,0.011079800661245379,0.013798241187883144,0.9466361731852261
0.023488212440317433,0.009212607076311942,0.8952235385132564,0.07207564197011437
0.0007918728961641194,0.9820943328247373,0.002833995913293762,0.014279798365804846
0.9733004538730402,0.00030719981355135565,0.004118065623995122,0.02227428068941322

Transition Gammas
1.0,1.0,114.53270452308529,4816.46729547691
1630.654754393887,42.34524560611308,1.0,1.0
15.389536104586144,2.4960738381664473,1228.6420071339426,28.087144526863458
30.481760666883726,5.632629390363677,1525.9744880057667,33.296360333428034

31.97711787449507,12.437785800807259,15.489409382882947,1062.6597276751288
9.757848066602962,3.8272482580947043,371.908049480371,29.942813461616623
1.6101902066894456,1996.985481407174,5.762632472317586,29.036467333961465
4359.028501694945,1.3758266911898582,18.44319023525952,99.75770995846138

Iteration: ,20000
Error:,0.027150056107858592
Absolute Error:,0.8600241463464148
Transition Probabilities
0.00017901897601145736,0.00017901897601145736,0.022678590427341522,0.9769633716206356
0.9738751701484972,0.025088023215940274,0.000518403317781234,0.000518403317781234
0.011037448997288216,0.0023445310837732084,0.9667187961803883,0.019899223738550346
0.01970240679578673,0.003131654727786028,0.9571770940277919,0.019988844448635343

0.028211415756095003,0.010986395256737046,0.013212520406603716,0.9475896685805641
0.020837626158582954,0.008623581038357633,0.9059807159168104,0.06455807688624901
0.0006889203181364194,0.9819194689109841,0.0025287869564969445,0.014862823814382505
0.9749706200250277,0.00027219329365241207,0.0036890704112266777,0.02106811627009333

Transition Gammas
1.0,1.0,126.68260612712963,5457.317393872866
1878.6052032164503,48.39479678354876,1.0,1.0
16.498533280827036,3.5045529200696057,1445.0297560515835,29.74491707221099
36.2371047736433,5.759809025460042,1760.4613996008761,36.7639272753293

36.64543083491929,14.270860809913867,17.162502828683834,1230.8787322150235
9.961270346788554,4.122438008378284,433.09726220935846,30.86150274693382
1.6136868093128962,2299.9909468128303,5.923283212636462,34.813812435215986
4933.018161328392,1.3772050494656678,18.6654356174684,106.59746873467911

Iteration: ,22500
Error:,0.027702029564373794
Absolute Error:,0.8605772698117814
Transition Probabilities
0.00015987210231814552,0.00015987210231814552,0.021555137741155965,0.9781251180542078
0.9735292460352091,0.02554909497861589,0.0004608294930875579,0.0004608294930875579
0.011022609449176088,0.002643600165510645,0.9681178486076865,0.01821594177762674
0.020525212717983753,0.0027940308971613243,0.9567941935216795,0.0198865628631756

0.02808881239350983,0.009904028408216269,0.012076880325534618,0.9499302788727393
0.01904769113222838,0.009574786336741482,0.9130626449990489,0.058314877531981245
0.0006113378340756873,0.9789377670379888,0.0027904837395222796,0.017660411388413125
0.9752242931298867,0.00024335845814358174,0.003510824508255171,0.021021523903714565

Transition Gammas
1.0,1.0,134.8273865709305,6118.1726134290675
2112.5584638964024,55.44153610359645,1.0,1.0
18.837062228450648,4.517774221655717,1654.462697130205,31.13009041979958
42.816668758253144,5.828494791640481,1995.9228007387967,41.48441171119861

41.14663381993017,14.5081758725129,17.691135014192003,1391.5302929742954
10.211919833301852,5.133270474255062,489.51458046989086,31.26399154162155
1.616205846333159,2588.037013405658,7.377256702478452,46.68917666081863
5522.968573574639,1.3782071733743926,19.88278344071812,119.05078319598474

Iteration: ,25000
Error:,0.028375251001616243
Absolute Error:,0.8603755038410208
Transition Probabilities
0.00014450867052023122,0.00014450867052023122,0.021381973583086654,0.9783290090758728
0.973787099898517,0.025387136269938992,0.0004128819157720895,0.0004128819157720895
0.010532387889938538,0.0029464470811570147,0.9685653010922726,0.017955863936631806
0.022424171345064078,0.002935994683426808,0.9543351236553849,0.02030471031612414

0.028016654774412453,0.009406993130525206,0.011243790252179248,0.9513325618428831
0.02070360794817192,0.008917158766382282,0.9151515711052486,0.05522766218019718
0.0005485263473470858,0.979727423542812,0.0025321902279615274,0.017191859881879525
0.9750283114676104,0.00022052454097270442,0.0032378569341051312,0.02151330705731194

Transition Gammas
1.0,1.0,147.96325719495962,6770.0367428050395
2358.512355954206,61.487644045792194,1.0,1.0
20.081900868459112,5.617933826239014,1846.744780425835,34.23609948200304
52.43487231522054,6.865292990081329,2231.5402243755607,47.47889571660193

45.84405124138791,15.39279684086501,18.39837413205707,1556.679020528802
12.415658810349203,5.347493107397857,548.8033629230819,33.119242416059144
1.6186413996593936,2891.06872586483,7.472217067812032,50.73130265581488
6097.93344819417,1.379184541340153,20.249910558215614,134.54656971815743

Iteration: ,27500
Error:,0.026969392049016494
Absolute Error:,0.8604439787824835
Transition Probabilities
0.00013102725366876308,0.00013102725366876308,0.021106612630939624,0.9786313328617229
0.9748836527422655,0.024361345370229718,0.0003775009437523596,0.0003775009437523596
0.010544672105410834,0.0027260885172007447,0.9691758145668465,0.01755342481054192
0.021697984092944576,0.002692385531936108,0.9555711958287445,0.02003843454637481

0.029694950388824793,0.010136177010961,0.011193212709681192,0.948975659890533
0.019106756779041098,0.008636765925103512,0.9190010748930613,0.05325540240279412
0.0005016523521819038,0.9801303468334874,0.002339477642396777,0.017028523171933894
0.9747283565282993,0.00019953594829704967,0.002978899187523227,0.02209320833588058

Transition Gammas
1.0,1.0,161.08566759933123,7468.91433240067
2582.46679611426,64.53320388573849,1.0,1.0
21.973247395944323,5.680690382108487,2019.5924283615702,36.578258873523986
55.463852625241245,6.882209596705942,2442.607559824171,51.221752940729026

53.50247375256735,18.262719330368274,20.16721905122273,1709.8040128137725
12.558175268242927,5.6766316488214335,604.0259319609086,35.00283617409706
1.6209951501536415,3167.106726052749,7.559581641995241,55.02446735458462
6741.892150852086,1.3801279450082873,20.60411694810422,152.8118340553158

Iteration: ,30000
Error:,0.026471105580718152
Absolute Error:,0.8602852304939894
Transition Probabilities
0.0001198897014746433,0.0001198897014746433,0.020647142395467385,0.9791130782015833
0.9755564772991566,0.023750762049648388,0.0003463803255975062,0.0003463803255975062
0.010547621715920037,0.0029830412839557193,0.9687498233199954,0.017719513680128772
0.020641416122469468,0.0024828822595261086,0.9561147427310713,0.020760958886933138

0.030076473695264477,0.010218910957665582,0.011383302124926765,0.9483213132221432
0.020308872050453196,0.009012457160351234,0.9209301711924477,0.04974849959674781
0.0004619949299409908,0.980162083959782,0.0021738648427453737,0.017202056267531598
0.9747142366916378,0.00018250684597140984,0.0028873060195805374,0.02221595044281023

Transition Gammas
1.0,1.0,172.21781472059348,8166.782185279409
2816.431549962664,68.56845003733487,1.0,1.0
23.841576102891363,6.742790716712144,2189.7374838998567,40.052738455093966
57.49925326617287,6.916379914223613,2663.3775230165006,57.8322546285432

59.104177436853156,20.08148736360559,22.369667249751792,1863.5745577000985
14.416661241502087,6.397673958039151,653.74080215665,35.3149728935001
1.6228953641411026,3443.1124652566805,7.636350416251123,60.42736740387432
7374.883755913006,1.3808834661797187,21.845937466173286,168.0903447137012

Iteration: ,32500
Error:,0.025564808824972515
Absolute Error:,0.8604528415696246
Transition Probabilities
0.00011082788429568894,0.00011082788429568894,0.02065209267004668,0.979126251561362
0.9759144534528551,0.023448400959378096,0.00031857279388340225,0.00031857279388340225
0.011680147081963339,0.002808595842649469,0.967436446600904,0.018074810474483265
0.019368761220759406,0.002285968629919107,0.9576152930807523,0.020729977068569213

0.027743497893658178,0.010139266014597003,0.011391846757250391,0.9507253893344945
0.019784901137708085,0.0091358302081606,0.9248130167989487,0.046266251855182676
0.00042598469790211974,0.9813986119689663,0.002007306160395742,0.01616809717273587
0.975166769186095,0.00016896677759251235,0.0026942993770874032,0.021969964659224944

Transition Gammas
1.0,1.0,186.343832161831,8834.656167838159
3063.395469388513,73.60453061148786,1.0,1.0
28.58591829460371,6.873739749777696,2367.697857200835,44.23617714642471
58.62161488131057,6.918727074308006,2898.324486300431,62.7414793523082

59.130269221285864,21.610019452031747,24.279669718136926,2026.2999439487014
15.228044639861551,7.031666686820818,711.8101730869114,35.61021324625202
1.6247499727674748,3743.156446518641,7.656074609018807,61.666805334731656
7973.837179753682,1.3816237549141022,22.031005593369294,179.64611446288018

Iteration: ,35000
Error:,0.026974569727410004
Absolute Error:,0.8598866116148328
Transition Probabilities
0.00010278548668927957,0.00010278548668927957,0.020707566789145763,0.9790868622374757
0.9761196507825002,0.02328810758291288,0.0002961208172934557,0.0002961208172934557
0.011652802665517914,0.003371639212527992,0.9667438341058878,0.018231724016066302
0.018887063591660327,0.0021388023067644766,0.9571316646706389,0.021842469430936377

0.030505056670201244,0.010788456661094546,0.010807455855128547,0.9478990308135756
0.022891173894077514,0.008742938891848429,0.9212336638825178,0.04713222333155617
0.00039719741935827457,0.9818355753615955,0.001900924763427052,0.01586630245561916
0.9748727840221905,0.0001567101281138352,0.002628238341346796,0.022342267508348817

Transition Gammas
1.0,1.0,201.46391729159893,9525.536082708391
3296.3560606925034,78.64393930749681,1.0,1.0
30.556535916457307,8.841273438862306,2535.041872483067,47.80809782048315
61.62380866941384,6.978381975266526,3122.8834640629284,71.26656563352091

70.23009295176799,24.837662893277685,24.881403679516577,2182.2951441345094
18.765170195600895,7.1670739593534325,755.1865436287222,38.63690855725619
1.6263390983493473,4020.1610245623688,7.783404712892413,64.96514522047873
8598.830380282277,1.3822560570041527,23.182281900364455,197.0691681662644

Iteration: ,37500
Error:,0.026548882583707478
Absolute Error:,0.8600862876085473
Transition Probabilities
9.578544061302674e-05,9.578544061302674e-05,0.020650568470044022,0.9791578606487299
0.9765453192246777,0.022900664154823766,0.0002770083102493075,0.0002770083102493075
0.012044639069743771,0.0035237980946154724,0.9668609962300376,0.017570566605603122
0.018523156536517288,0.002018068577625011,0.9578889008865648,0.021569873999293044

0.029682425054861118,0.010075811486921228,0.010949135463731918,0.9492926279944858
0.021468008330045023,0.008172990653320484,0.9259984900707526,0.04436051094588184
0.0003714921085901414,0.9815275317492839,0.0018155450597629114,0.016285431082363168
0.9745711663890517,0.00014587592424724106,0.002668434083755644,0.022614523602945427

Transition Gammas
1.0,1.0,215.59193482725976,10222.408065172749
3525.328602401086,82.67139759891379,1.0,1.0
33.60834083961143,9.832507784422095,2697.8470436239177,49.02742106316736
64.5288367754062,7.030314600560248,3336.9828955677626,75.14263974514569

73.16949789350338,24.837662893277685,26.99047475967641,2340.080529673077
18.825765253865498,7.1670739593534325,812.0282949167894,38.90070065046183
1.6279258172630569,4301.178873901785,7.9559500911317,71.36483680595956
9238.810315130899,1.3828851500482935,25.296414657528352,214.38279844538042

Iteration: ,40000
Error:,0.02651668048581351
Absolute Error:,0.8601180013198586
Transition Probabilities
8.950948800572856e-05,8.950948800572856e-05,0.020650574598928027,0.9791704064250605
0.9770301767919228,0.022445988739769187,0.00026191723415400735,0.00026191723415400735
0.011713606771721893,0.003349271699961642,0.9669560021311342,0.0179811193971823
0.018253775323704664,0.0019114241886601193,0.9586867693990339,0.021148031088601374

0.029335799746809537,0.010113422812147476,0.01046232860631065,0.9500884488347323
0.021198261072304915,0.008107564375301453,0.9273157938140989,0.043378380738294614
0.00035033236103412975,0.9806291845089891,0.0019334951229800503,0.017086988006996946
0.9748504893177946,0.0001359628386129285,0.002506850517120972,0.022506697326471627

Transition Gammas
1.0,1.0,230.708219419224,10939.291780580781
3730.3012149915608,85.69878500843875,1.0,1.0
34.6624192277771,9.911025872241602,2861.3760879867505,53.208982585491675
67.37179121032702,7.0547636896542425,3538.360898974087,78.05403045366249

77.05141238285822,26.5632271295324,27.47963931058293,2495.437571267054
19.80909980554541,7.576260682063968,866.5470742277606,40.53571519460465
1.629520316877888,4561.254846009268,8.993372967829714,79.47765381839156
9919.732124148384,1.383509525468779,25.508819944815485,229.02015326896324

Iteration: ,42500
Error:,0.025390688620266787
Absolute Error:,0.8599661822353737
Transition Probabilities
8.411843876177658e-05,8.411843876177658e-05,0.02109918930328761,0.9787325738191889
0.9771221253572864,0.022384413009355574,0.00024673081667900314,0.00024673081667900314
0.0114525999014802,0.0031820330229679456,0.9678912320168833,0.017474135058668582
0.01846533826582765,0.00206082481402021,0.958059223839429,0.021414613080723118

0.028909566127811436,0.009929192914791957,0.010281057701785015,0.9508801832556116
0.022055593782402832,0.007840647470797366,0.9290588897478442,0.041044868998955604
0.0003304636429900343,0.9814562580321169,0.0018252293655478264,0.016388048959345144
0.9746624752638322,0.00012776515396102793,0.0023703589171224565,0.02283940066508449

Transition Gammas
1.0,1.0,250.82716243748314,11635.172837562517
3960.2759740730826,90.72402592691816,1.0,1.0
35.81085818256005,9.949822249793272,3026.475729883844,54.639451114327656
72.18329954179733,8.056020025849335,3745.17243808984,83.7123809119802

80.6020556986403,27.683340414807972,28.664366039136556,2651.125829929716
21.921592991448033,7.793010895103682,923.4143069133015,40.795497117846494
1.631077258003243,4844.196982508677,9.008827966211483,80.88688280131825
10558.787825027974,1.3841152053600423,25.67875291216501,247.42553632030524

Iteration: ,43037
Error:,0.026362434361554495
Absolute Error:,0.8597803377024567
Transition Probabilities
8.2994439372562e-05,8.2994439372562e-05,0.021400409555105297,0.9784336015661496
0.9773886334964397,0.022123680573299432,0.000243842965130456,0.000243842965130456
0.01133955704476181,0.003143990669395818,0.9679418107253516,0.017574641560490854
0.01873162899300692,0.0020362567753081555,0.9580624859217001,0.021169628309984822

0.02895096948127353,0.009820101255759408,0.010170118573129376,0.9510588106898378
0.022887684771020437,0.007785601864189714,0.9285385019551395,0.04078821140965038
0.00032666120689622737,0.9810448679620896,0.0018091127874924888,0.016819358043521762
0.9743758936127442,0.00012606430898531618,0.0023451831938839348,0.023152858884386552


Model Num 3
Model States: 
"['diamond', 'x', 'square']","['diamond', 'x', 'diamond']","['square', 'y', 'diamond', 'x', 'diamond']","['square', 'x', 'square', 'y', 'diamond', 'x', 'diamond']","['square', 'x', 'square', 'y', 'diamond', 'x', 'square']"
Iteration: ,0
Error:,0.6487937556811043
Absolute Error:,1
Transition Probabilities
0.2,0.2,0.2,0.2,0.2
0.2,0.2,0.2,0.2,0.2
0.2,0.2,0.2,0.2,0.2
0.2,0.2,0.2,0.2,0.2
0.2,0.2,0.2,0.2,0.2

0.2,0.2,0.2,0.2,0.2
0.2,0.2,0.2,0.2,0.2
0.2,0.2,0.2,0.2,0.2
0.2,0.2,0.2,0.2,0.2
0.2,0.2,0.2,0.2,0.2

Transition Gammas
1.0,1.0,1.0,1.0,1.0
1.0,1.0,1.0,1.0,1.0
1.0,1.0,1.0,1.0,1.0
1.0,1.0,1.0,1.0,1.0
1.0,1.0,1.0,1.0,1.0

1.0,1.0,1.0,1.0,1.0
1.0,1.0,1.0,1.0,1.0
1.0,1.0,1.0,1.0,1.0
1.0,1.0,1.0,1.0,1.0
1.0,1.0,1.0,1.0,1.0

Iteration: ,2500
Error:,0.3223491070881406
Absolute Error:,1
Transition Probabilities
0.002028397565922921,0.002028397565922921,0.4543610547667342,0.5215357472206217,0.020046402880798328
0.980719150890316,0.01119459574041174,0.002695417789757413,0.002695417789757413,0.002695417789757413
0.2,0.2,0.2,0.2,0.2
0.00743328473534086,0.007296506277659888,0.7595737719567799,0.21432894940568503,0.011367487624534375
0.045439028106292446,0.03587114921058771,0.1806780756809243,0.6627301128221034,0.07528163418009222

0.013568585754346038,0.014557892343051184,0.41797602497893593,0.539988002364501,0.013909494559165958
0.043154319050714325,0.06400530071048074,0.41675679392146026,0.45699959397573264,0.019083992341612066
0.36734361302013263,0.607623448903451,0.005270092226613967,0.014471088717638674,0.0052917571321636995
0.2,0.2,0.2,0.2,0.2
0.2,0.2,0.2,0.2,0.2

Transition Gammas
1.0,1.0,224.0,257.1171233797665,9.882876620233576
363.8468049803072,4.153195019692755,1.0,1.0,1.0
1.0,1.0,1.0,1.0,1.0
3.8600752537737844,3.7890467436948607,394.4436443563099,111.30017256500001,5.903091195797271
4.666768574251599,3.684109428279755,18.55635564369003,68.06501354944503,7.731722689757706

2.4963439825992633,2.6783562861931633,76.89909278074317,99.34681659410626,2.559064273345462
4.3594633823935265,6.465836348814047,42.100907219256825,46.1662480032329,1.9278711293153674
278.8138022822806,461.18619771771927,4.0,10.983556336687752,4.016443663312248
1.0,1.0,1.0,1.0,1.0
1.0,1.0,1.0,1.0,1.0

Iteration: ,5000
Error:,0.3168721939127136
Absolute Error:,1
Transition Probabilities
0.001027749229188078,0.001027749229188078,0.44501541623843777,0.5354276337714265,0.01750145153175959
0.9796611434612787,0.016322792281693147,0.0013386880856760374,0.0013386880856760374,0.0013386880856760374
0.2,0.2,0.2,0.2,0.2
0.006428192562202384,0.0067581050390399106,0.7568208308397933,0.22324428577874963,0.006748585780214714
0.0632239849807953,0.029511676219009103,0.19256916036685626,0.6664119237448766,0.048283254688462805

0.010760517474880606,0.011622452621347645,0.42846548173881766,0.5270689189276075,0.022082629237346454
0.023226190831438443,0.056553671928002966,0.41002677973096835,0.49233716349400564,0.017856194015584678
0.3611976773981054,0.6169335353255527,0.005301524188204107,0.012444742034406923,0.004122521053730912
0.2,0.2,0.2,0.2,0.2
0.2,0.2,0.2,0.2,0.2

Transition Gammas
1.0,1.0,433.0,520.9710876595981,17.028912340402083
731.8068741655752,12.193125834424782,1.0,1.0,1.0
1.0,1.0,1.0,1.0,1.0
6.7647278464506755,7.111912237297501,796.4426858117974,234.93179800623307,7.101894616538748
11.674117983947053,5.449241932304769,35.557314188201964,123.05095014289232,8.915357234335929

3.936208402138777,4.25150516863187,156.73311559446967,192.80235472244985,8.077848574501106
4.603407042627215,11.208879386602137,81.26688440553039,97.58071748500518,3.5390792180436796
545.0472951937412,930.9527048062594,8.0,18.779115729920054,6.220884270079948
1.0,1.0,1.0,1.0,1.0
1.0,1.0,1.0,1.0,1.0

Iteration: ,7500
Error:,0.3067178503781376
Absolute Error:,1
Transition Probabilities
0.0006734006734006733,0.0006734006734006733,0.4437710437710437,0.5420135641414391,0.01286859074071573
0.9784785513215649,0.018857150277014012,0.0008880994671403203,0.0008880994671403203,0.0008880994671403203
0.2,0.2,0.2,0.2,0.2
0.006145622003840069,0.005679265319386505,0.7538658926253288,0.2284320501048402,0.0058771699466045515
0.051317419585165606,0.02663758878763625,0.17538196609378992,0.7018385612376986,0.044824464295709465

0.011032987792527942,0.010153681308722783,0.4316524611210603,0.528340037847591,0.018820831930097936
0.018904183367009515,0.045800061230489075,0.4338666080371496,0.4876729275510125,0.013756219814339372
0.356154900621246,0.6235180998206452,0.005302695536897921,0.011528197592129218,0.00349610642908156
0.2,0.2,0.2,0.2,0.2
0.2,0.2,0.2,0.2,0.2

Transition Gammas
1.0,1.0,659.0,804.8901427500372,19.10985724996286
1101.7668487880815,21.233151211917765,1.0,1.0,1.0
1.0,1.0,1.0,1.0,1.0
9.77078790869177,9.029337775450701,1198.5546367537993,363.1790422071862,9.343981946128295
13.297483349333302,6.9023909665242265,45.4453632462,181.86196144352024,11.61501440316542

5.63249317154246,5.1835950254682155,220.36456356730915,269.7249114554846,9.608295533583266
5.604828379903043,13.57908342308628,128.63543643269094,144.58826448003845,4.078528530893671
805.97854010588,1411.0214598941207,12.0,26.08831115098843,7.911688849011573
1.0,1.0,1.0,1.0,1.0
1.0,1.0,1.0,1.0,1.0

Iteration: ,10000
Error:,0.3109233397232529
Absolute Error:,1
Transition Probabilities
0.0005089058524173028,0.0005089058524173028,0.43562340966921115,0.5515693136652144,0.011789464960739722
0.9799035685301517,0.018104399597338283,0.0006640106241699875,0.0006640106241699875,0.0006640106241699875
0.2,0.2,0.2,0.2,0.2
0.0058986497549983405,0.004828798323588015,0.7517028973871093,0.23193914721525602,0.005630507319048211
0.055758588774766416,0.024159174138584684,0.17623834327422025,0.7037843143265263,0.04005957948590228

0.009506657268759024,0.00915674338289453,0.4275774875256771,0.5364904692931876,0.017268642529481792
0.01895483518633007,0.04747036221090539,0.4273760628121972,0.4932607333712262,0.012938006419341149
0.3468715409916396,0.631172371184009,0.006986027944111774,0.011499650662026148,0.0034704092182133678
0.2,0.2,0.2,0.2,0.2
0.2,0.2,0.2,0.2,0.2

Transition Gammas
1.0,1.0,856.0,1083.8337013521466,23.166298647853555
1475.7347742064067,27.265225793591423,1.0,1.0,1.0
1.0,1.0,1.0,1.0,1.0
12.661341918045261,10.364925731761613,1613.5162791346577,497.85306282742977,12.085779169735739
18.819561446755284,8.154170903437832,59.483720865340956,237.54030436876107,13.52085363407359

6.37107902819057,6.136577146311436,286.54971844344794,359.5399603781156,11.572930753110333
7.559751880132203,18.93259194536579,170.45028155655237,196.72704720681304,5.1600616619612945
1042.695852220869,1897.304147779132,21.0,34.56794989005061,10.432050109949389
1.0,1.0,1.0,1.0,1.0
1.0,1.0,1.0,1.0,1.0

Iteration: ,12500
Error:,0.31340828368215173
Absolute Error:,1
Transition Probabilities
0.00040799673602611163,0.00040799673602611163,0.43696450428396555,0.5507117070268959,0.011507795217086133
0.9818338366572046,0.016577180291947956,0.000529661016949153,0.000529661016949153,0.000529661016949153
0.2,0.2,0.2,0.2,0.2
0.0059976973942375824,0.004679445556403658,0.7557033438806208,0.2288249465234378,0.004794566645300147
0.07039285623647949,0.025196878452676617,0.1756939228133109,0.6919802881303657,0.036736054367167266

0.010300319895111772,0.00822287643997886,0.420270717606249,0.5456540030338223,0.01555208302483802
0.016829012221168345,0.04555479982443658,0.41661214276515907,0.5096515317541325,0.01135251343510347
0.34255477934265444,0.6356251035737905,0.006120276742948373,0.012058028420436748,0.0036418119201699476
0.2,0.2,0.2,0.2,0.2
0.2,0.2,0.2,0.2,0.2

Transition Gammas
1.0,1.0,1071.0,1349.7943939229224,28.205606077078123
1853.7022836088008,31.29771639119772,1.0,1.0,1.0
1.0,1.0,1.0,1.0,1.0
16.124045721300675,12.580093516268697,2031.6122117427822,615.1667310629811,12.889581904701947
28.201302471109653,10.094558291320965,70.38778825721612,277.22621943413884,14.717467598178336

8.65248622089322,6.907389849784129,353.0362775294675,458.36088497270333,13.064078149889161
8.481466785883836,22.958657143438813,209.9637224705326,256.8536098339943,5.721427043413573
1287.320860769696,2388.679139230306,23.0,45.314070804001325,13.685929195998671
1.0,1.0,1.0,1.0,1.0
1.0,1.0,1.0,1.0,1.0

Iteration: ,15000
Error:,0.31209224196662494
Absolute Error:,1
Transition Probabilities
0.0003354579000335458,0.0003354579000335458,0.43911439114391143,0.5500688900955498,0.010145802960471625
0.98001616740558,0.018661081271668763,0.0004409171075837746,0.0004409171075837746,0.0004409171075837746
0.2,0.2,0.2,0.2,0.2
0.005898192813509835,0.004459057654796237,0.7504176632435912,0.23386369634771564,0.005361389940387074
0.07090226457941348,0.02688797977755391,0.16739214613066924,0.6998425151481671,0.034975094364196185

0.009464552723830767,0.007574117939115423,0.42747853595898777,0.5420316898441557,0.013451103533910281
0.01679160259398943,0.043132085440058275,0.4214285918724128,0.5089505019564785,0.009697218137061061
0.3444401585067245,0.6333770553353341,0.0064330079858030105,0.012221439626272665,0.003528338545865736
0.2,0.2,0.2,0.2,0.2
0.2,0.2,0.2,0.2,0.2

Transition Gammas
1.0,1.0,1309.0,1639.7553613748341,30.244638625165916
2222.6766676758534,42.32333232414472,1.0,1.0,1.0
1.0,1.0,1.0,1.0,1.0
19.07109345394594,14.417823889441125,2426.384799159194,756.1699913093362,17.33540625561936
33.722597893878564,12.788484762734353,79.61520084080529,332.8597170679747,16.6348853670705

9.207581054667571,7.368473384528841,415.8720843788481,527.3150104465238,13.085893192961716
9.926371952109484,25.4975736086941,249.12791562115186,300.8665765732933,5.732519787221858
1552.7362345483155,2855.263765451689,29.0,55.09424983523723,15.905750164762754
1.0,1.0,1.0,1.0,1.0
1.0,1.0,1.0,1.0,1.0

Iteration: ,17500
Error:,0.30833962902863604
