0,1,2,3,4,5,6,7,8,9,10,11,12,13,14,15,16,17,18,19,20,21,22,23,24,25,26,27,28,29
github Code Version (SHA):,32a229dd34421fba547a58d2c923a1ee52132eb5
Environment Observations,Environment Actions,alpha,epsilon,numActions,explore,patience,gainThresh,insertRandActions,useBudd,revisedSplitting,haveControl,confidence_factor
"['square', 'diamond']","['x', 'y']",0.99,0.99,75000,0.5,0,0.01,False,False,False,False,250

Model Num 0
Model States: 
['square'],['diamond']
Iteration: ,0
Error:,0.6711775583556551
Absolute Error:,1
Transition Probabilities
0.5,0.5
0.5,0.5

0.5,0.5
0.5,0.5

Transition Gammas
1.0,1.0
1.0,1.0

1.0,1.0
1.0,1.0

Iteration: ,2452
Error:,0.26249234919660047
Absolute Error:,1
Transition Probabilities
0.9780380673499268,0.021961932650073207
0.674,0.326

0.022377622377622378,0.9776223776223776
0.675,0.325


Model Num 1
Model States: 
['square'],"['diamond', 'x', 'square']","['diamond', 'x', 'diamond']"
Iteration: ,0
Error:,0.7073841004582341
Absolute Error:,1
Transition Probabilities
0.3333333333333333,0.3333333333333333,0.3333333333333333
0.3333333333333333,0.3333333333333333,0.3333333333333333
0.3333333333333333,0.3333333333333333,0.3333333333333333

0.3333333333333333,0.3333333333333333,0.3333333333333333
0.3333333333333333,0.3333333333333333,0.3333333333333333
0.3333333333333333,0.3333333333333333,0.3333333333333333

Transition Gammas
1.0,1.0,1.0
1.0,1.0,1.0
1.0,1.0,1.0

1.0,1.0,1.0
1.0,1.0,1.0
1.0,1.0,1.0

Iteration: ,2500
Error:,0.2363756184181884
Absolute Error:,1
Transition Probabilities
0.9666203059805285,0.027547741816535895,0.005831952202935592
0.9964221824686941,0.0017889087656529517,0.0017889087656529517
0.0035460992907801418,0.9714604352551587,0.024993465454061118

0.030812324929971983,0.5152698573447543,0.45391781772527373
0.7927305073040094,0.18315219498022584,0.02411729771576487
0.3785109499595277,0.591494561370681,0.029994488669791316

Transition Gammas
695.0,19.806826366089307,4.193173633910691
557.0,1.0,1.0
1.0,273.95184274195475,7.048157258045236

22.0,367.9026781441546,324.0973218558455
127.80091974521984,29.52708235164739,3.8880966500536385
30.199080254780128,47.19174367613175,2.3930773221672306

Iteration: ,5000
Error:,0.22282211169298394
Absolute Error:,1
Transition Probabilities
0.976010966415353,0.020307545582556846,0.003681488002090173
0.9981684981684982,0.0009157509157509158,0.0009157509157509158
0.0018214936247723129,0.968866809659984,0.029311696715243727

0.024062278839348902,0.5135814863741803,0.46235623478647075
0.8175163332231091,0.16573404434236072,0.016749622434530105
0.3086959834130234,0.6749386968549717,0.016365319732004974

Transition Gammas
1424.0,29.628709004950437,5.371290995049563
1090.0,1.0,1.0
1.0,531.9078785033313,16.09212149666881

34.0,725.6906402467168,653.3093597532832
269.9794602263802,54.732591893640084,5.531454039629552
53.02053977361978,115.9251041289849,2.810849937745473

Iteration: ,7500
Error:,0.22434288756992155
Absolute Error:,1
Transition Probabilities
0.9775332416322787,0.019003467149867004,0.0034632912178542297
0.9987562189054726,0.0006218905472636816,0.0006218905472636816
0.0012315270935960593,0.9751856780925043,0.023582794813899657

0.02544769085768143,0.509200148016352,0.4653521611259665
0.8312697206297317,0.14798084910196205,0.020749430268306203
0.27860527184792216,0.7043236240739472,0.01707110407813045

Transition Gammas
2132.0,41.44656185385993,7.553438146140075
1606.0,1.0,1.0
1.0,791.8507706111134,19.149229388886518

54.0,1080.522714090699,987.4772859093009
433.70286644062617,77.20685216973752,10.825712955786475
75.29713355937429,190.35372029811091,4.613714576365272

Iteration: ,10000
Error:,0.22244344302081545
Absolute Error:,1
Transition Probabilities
0.9779081808767691,0.01945765190252865,0.0026341672207022848
0.9990583804143126,0.00047080979284369113,0.00047080979284369113
0.0009199632014719406,0.9758985419347147,0.023181494863813257

0.02611150317572336,0.5032926589314628,0.4705958378928139
0.8474314860103308,0.1364907021493659,0.016077811840303182
0.26820825858231556,0.7177797358013162,0.014012005616368249

Transition Gammas
2833.0,56.36881756162549,7.631182438374519
2122.0,1.0,1.0
1.0,1060.8017150830356,25.198284916965026

74.0,1426.3313954117657,1333.6686045882345
603.0868023700801,97.13557080590301,11.442005981540854
96.91319762992057,259.3593864639176,5.0630367486386945

Iteration: ,12500
Error:,0.21914738267454253
Absolute Error:,1
Transition Probabilities
0.9783561643835617,0.018711611083684437,0.0029322245327539236
0.9992472713586752,0.0003763643206624012,0.0003763643206624012
0.0007369196757553425,0.9777207771145812,0.021542303209663584

0.02547410133031418,0.5008476326161939,0.473678266053492
0.8595383774970626,0.12729526403925115,0.013166358463686237
0.26119950873078657,0.7274783919074258,0.011322099361787605

Transition Gammas
3571.0,68.29738045544819,10.70261954455182
2655.0,1.0,1.0
1.0,1326.767094544487,29.232905455513492

90.0,1769.494686033013,1673.5053139669872
748.063044783052,110.78607459152127,11.45878585401952
116.93695521694849,325.6863251739707,5.068814380488714

Iteration: ,15000
Error:,0.21821936030375227
Absolute Error:,1
Transition Probabilities
0.9779158040027606,0.019378013341203686,0.0027061826560357926
0.9993779160186625,0.00031104199066874026,0.00031104199066874026
0.0006134969325153375,0.9771401571132136,0.02224634595427114

0.024269557021677653,0.4998293098217735,0.47590113315654886
0.8597439681750306,0.12716889166438902,0.013087140160580336
0.2477481523047487,0.7411334702224601,0.011118377472791251

Transition Gammas
4251.0,84.23622399421242,11.76377600578759
3213.0,1.0,1.0
1.0,1592.7384560945382,36.261543905461956

103.0,2121.2755908836075,2019.7244091163943
886.1684241448936,131.0774608465084,13.48937684004056
135.8315758551072,406.3373479994722,6.095814313979094

Iteration: ,17500
Error:,0.2184711065297889
Absolute Error:,1
Transition Probabilities
0.9784414556962026,0.018619039387632878,0.0029395049161645955
0.9994648113459995,0.0002675943270002676,0.0002675943270002676
0.0005274261603375527,0.9776870929386049,0.021785480901057568

0.025780463242698882,0.49970866307954404,0.4745108736777571
0.8662779401707078,0.1208960532468186,0.012826006582473473
0.2401526833194781,0.7489578272413214,0.01088948943920029

Transition Gammas
4947.0,94.13786314387183,14.862136856128195
3735.0,1.0,1.0
1.0,1853.6947282115948,41.30527178840515

128.0,2481.053512189937,2355.946487810065
1055.7564541489226,147.33930367811118,15.631402581640867
154.2435458510776,481.03527043643317,6.994023303814924

Iteration: ,20000
Error:,0.21678700623301628
Absolute Error:,1
Transition Probabilities
0.9791163272350706,0.018129862183289505,0.002753810581639734
0.9995319447694828,0.0002340276152586005,0.0002340276152586005
0.0004610419548178885,0.9777157902104914,0.021823167834690772

0.026617310065221216,0.4978651449656977,0.47551754496908105
0.8703202014534038,0.11768140184235379,0.0119983967042424
0.23596382661274107,0.7542653256078886,0.009770847779370295

Transition Gammas
5673.0,105.04442148997941,15.955578510020622
4271.0,1.0,1.0
1.0,2120.6655489665554,47.334451033444275

151.0,2824.388967390404,2697.6110326095977
1199.1874963580956,162.14959207838032,16.53222260042186
171.81250364190552,549.2037311958518,7.114454125346506

Iteration: ,20660
Error:,0.21770583897925275
Absolute Error:,1
Transition Probabilities
0.9792399129415704,0.01791720970300676,0.0028428773554228445
0.9995468962392388,0.00022655188038060717,0.00022655188038060717
0.0004444444444444445,0.9776250139285408,0.02193054162701475

0.026436977656489842,0.49656076507975283,0.47700225726375733
0.8715443515191877,0.11684648275312542,0.01160916572768677
0.2361712689592371,0.7543423251680649,0.009486405872697957


Model Num 2
Model States: 
"['diamond', 'x', 'square']","['diamond', 'x', 'diamond']","['square', 'y', 'diamond', 'x', 'square']","['square', 'y', 'diamond', 'x', 'diamond']"
Iteration: ,0
Error:,0.671925539996773
Absolute Error:,0.74
Transition Probabilities
0.25,0.25,0.25,0.25
0.25,0.25,0.25,0.25
0.25,0.25,0.25,0.25
0.25,0.25,0.25,0.25

0.25,0.25,0.25,0.25
0.25,0.25,0.25,0.25
0.25,0.25,0.25,0.25
0.25,0.25,0.25,0.25

Transition Gammas
1.0,1.0,1.0,1.0
1.0,1.0,1.0,1.0
1.0,1.0,1.0,1.0
1.0,1.0,1.0,1.0

1.0,1.0,1.0,1.0
1.0,1.0,1.0,1.0
1.0,1.0,1.0,1.0
1.0,1.0,1.0,1.0

Iteration: ,2500
Error:,0.051144790534390056
Absolute Error:,0.7382952555425291
Transition Probabilities
0.0013679890560875508,0.0013679890560875508,0.9619249397195535,0.035339082168271474
0.9762967209358425,0.014528967137551944,0.0045871559633027525,0.0045871559633027525
0.025239362313168093,0.005174373674371546,0.02588424600895161,0.9437020180035088
0.024766744978352937,0.012456982310000904,0.02608726280314491,0.9366890099085013

0.023537327283684947,0.008786513391626888,0.9557965189702913,0.011879640354396927
0.8539704321484548,0.04217027770692957,0.08455487550588395,0.01930441463873177
0.9735891007539873,0.0018191912055809027,0.01966169576186347,0.00493001227856833
0.005455222431320955,0.9610564711871323,0.027939109367348888,0.0055491970141979385

Transition Gammas
1.0,1.0,703.1671309349938,25.832869065006456
212.83268516401364,3.1673148359863235,1.0,1.0
6.607682279043805,1.3546545593767805,6.776513270722617,247.0618323746765
4.017149132586136,2.0205140289932797,4.2313362225353455,151.9303181320657

4.0948778800177115,1.5286229781404241,166.28353662067227,2.066745978567618
54.676495809716315,2.7000033321255312,5.413728768872473,1.235988631887615
624.7334999151843,1.1673401931033547,12.616534016315308,3.1634945615451024
1.5019271009151227,264.5972327907969,7.692171320701189,1.5278001014383953

Iteration: ,5000
Error:,0.045285349607625515
Absolute Error:,0.7395403493937963
Transition Probabilities
0.0006802721088435375,0.0006802721088435375,0.9651723676435292,0.03346708813878372
0.9729714147971782,0.022197667328425697,0.0024154589371980675,0.0024154589371980675
0.030890817255772626,0.002940783758371648,0.02728706284474784,0.9388813361411078
0.01905589068004029,0.006466103571652786,0.026744438838276072,0.9477335669100309

0.017125013914321786,0.009446863654595678,0.9650114844584147,0.008416637972668005
0.8865212153623239,0.04408695092337651,0.05767605337974096,0.011715780334558596
0.9726593658012461,0.0008744366322293674,0.02368218096550535,0.002784016601019067
0.0030003214930864794,0.9685980770925384,0.025160672478827736,0.003240928935547282

Transition Gammas
1.0,1.0,1418.8033804359877,49.19661956401206
402.8101657260318,9.18983427396824,1.0,1.0
15.042579769783064,1.4320428593620749,13.287696991846275,457.19727245558363
6.365437496104848,2.1599398747500107,8.933723259220825,316.58130729334914

6.143474244564322,3.388993658299039,346.1908545090864,3.0194076845487787
99.51845134810868,4.949080749027907,6.474556291218348,1.3151815151466808
1306.5420821393786,1.1746026392608249,31.811512967629803,3.7396800714602105
1.5263599204069638,492.75695530095373,12.800042305687088,1.6487646552228965

Iteration: ,7500
Error:,0.03853779524573054
Absolute Error:,0.7418571147412213
Transition Probabilities
0.00045351473922902497,0.00045351473922902497,0.9680314088282134,0.031061561693328674
0.972451252450005,0.02434874754999508,0.0015999999999999994,0.0015999999999999994
0.023394673773688708,0.003026512018481028,0.024739838949711407,0.9488389752581188
0.0184911299093474,0.007719561753269577,0.02122962480662264,0.9525596835307604

0.01761464414623852,0.006931107896198703,0.9680144497879053,0.007439798169657519
0.9105094573512098,0.03880761621655034,0.04271158699101168,0.007971339441228254
0.9720360442465537,0.0005864635958588169,0.025414524703907957,0.0019629674536795496
0.00200725072114489,0.9771037768708789,0.017449841022068178,0.0034391313859079772

Transition Gammas
1.0,1.0,2134.5092564662104,68.49074353378973
607.7820327812533,15.217967218746931,1.0,1.0
17.11689089690431,2.2143705238058224,18.101091222971313,694.2252486756054
8.937547084700656,3.731191494589211,10.261177777124564,460.412482324299

9.430764715091746,3.710869617421302,518.2685747703955,3.9832190467948276
157.15991607066618,6.698449596820733,7.372300608804252,1.3759055740054682
1952.4706683756324,1.1779943508905542,51.04863582867505,3.9428953267428306
1.5382762734869344,748.8130609999911,13.372856782463142,2.635612062118973

Iteration: ,10000
Error:,0.0339532605584794
Absolute Error:,0.7429236323098698
Transition Probabilities
0.0003442340791738381,0.0003442340791738381,0.9704712981553129,0.02884023368633948
0.9757389894096778,0.021865801009483765,0.0011976047904191612,0.0011976047904191612
0.022073446083421062,0.002291486702580074,0.02129535820763622,0.9543397090063627
0.013950829369276887,0.005671051123000179,0.02192213137053813,0.9584559881371847

0.017912246032029525,0.007018826708511554,0.9682938863822635,0.006775040877195447
0.9300275305838959,0.031334788863064275,0.032580585312723266,0.0060570952403166105
0.9743064260510378,0.0004458663787707716,0.023363194604736005,0.0018845129654553494
0.0015020172712613027,0.9789184044533212,0.01691343706055507,0.0026661412148625704

Transition Gammas
1.0,1.0,2819.2191211411846,83.78087885881622
814.7420561570814,18.25794384291895,1.0,1.0
21.79286805861255,2.2623593605939134,21.024670544237075,942.2089909690714
9.20351714351857,3.7412554372749622,14.462273643425098,632.3040648432673

13.09809897217567,5.132426538371857,708.0524204116518,4.954161292300385
216.47589838886276,7.293576100589712,7.583551286034244,1.409867010013378
2579.393475177109,1.1803933520827758,61.85207252198939,4.989087947088589
1.546454408675669,1007.8796770621346,17.413820605531214,2.745018925390802

Iteration: ,12500
Error:,0.03275326809280009
Absolute Error:,0.7440475238035137
Transition Probabilities
0.00027472527472527456,0.00027472527472527456,0.9714206232458876,0.02802992620466177
0.9728978098754842,0.02518648131225514,0.0009578544061302676,0.0009578544061302676
0.021602459298391687,0.003501783243414927,0.02264387804667348,0.95225187941152
0.014917476122785028,0.0061995621201212745,0.025575928300245087,0.9533070334568486

0.018966334861610628,0.007060313145031223,0.9653321568186385,0.008641195174719717
0.9344262266981777,0.02784839889980561,0.032639414109731084,0.005085960292285432
0.9759836446032075,0.0003557100318564468,0.021850812680969042,0.001809832683967092
0.0012184222779895503,0.981218881813781,0.01533974104213984,0.0022229548660893726

Transition Gammas
1.0,1.0,3535.971068615033,102.0289313849689
1015.7053135100062,26.294686489994383,1.0,1.0
26.548614460795253,4.30356062569309,27.828479149277076,1170.281941831795
12.113548583970488,5.0342763295411626,20.768610420093196,774.1209685988334

17.37113798520289,6.466493118252581,884.1412017664893,7.914412290640028
271.0833602642483,8.079008632296153,9.468914507233915,1.4754714356370515
3243.321830394574,1.1820711525134218,72.61312028324186,6.014311700539313
1.5521099624588306,1249.9439884904543,19.540815465332496,2.8317525508863377

Iteration: ,15000
Error:,0.033225673575698396
Absolute Error:,0.743654657513678
Transition Probabilities
0.00022883295194508005,0.00022883295194508005,0.9724802517393064,0.02706208235680341
0.9753614562256916,0.023013848404690142,0.0008123476848090975,0.0008123476848090975
0.02397083668629784,0.002985715216230029,0.023588527504021958,0.9494549205934502
0.015059109763237159,0.0052896323661970855,0.023038072574714682,0.956613185295851

0.017039270892856628,0.006465479132167587,0.9692813072312546,0.007213942743721185
0.9377051973072043,0.030302893889404055,0.02774341464362525,0.004248494159766477
0.9770517713414824,0.00029600544337612185,0.021129793173052594,0.00152243004208906
0.0010289658615462586,0.9808372772377034,0.016228572037285536,0.00190518486346463

Transition Gammas
1.0,1.0,4249.73870010077,118.26129989923093
1200.6699526138275,28.33004738617359,1.0,1.0
35.25446224135122,4.391160214035321,34.692191311577155,1396.3852445359323
15.063280258651835,5.291097285961626,23.04445277763148,956.878111374857

18.703834004818024,7.097090551003248,1063.9702126002787,7.9186714295028064
325.67457156703955,10.524503877139068,9.635570650366457,1.4755453198514408
3906.261067947264,1.1834322123719807,84.47708797697456,6.086687907970962
1.5568168327521463,1483.9986830076118,24.553695184027344,2.882528931027119

Iteration: ,17500
Error:,0.031288745738595275
Absolute Error:,0.7441764460143319
Transition Probabilities
0.00019523623584537266,0.00019523623584537266,0.97355013640497,0.026059391123339267
0.9760924175851682,0.022515793966675822,0.0006958942240779398,0.0006958942240779398
0.02179059591330218,0.002569935666109768,0.021475906710314754,0.9541635617102733
0.01353567002190583,0.004452531628606991,0.02117890306547551,0.9608328952840117

0.018909824147824793,0.005773641242222861,0.9665754746415923,0.008741059968359976
0.9418643115092841,0.0287817302325365,0.025597363276595356,0.003756594981584107
0.9767301285967924,0.0002540798126788836,0.021697964973904204,0.0013178266166245388
0.0008848697994327788,0.9811332899339604,0.01633204364478819,0.001649796621818558

Transition Gammas
1.0,1.0,4986.523798666262,133.4762013337439
1402.6448040698876,32.355195930113176,1.0,1.0
37.23283780074447,4.391160214035321,36.69513924036119,1630.346286530516
16.084904699258583,5.291097285961626,25.167622798996383,1141.7909514301216

23.56133425335005,7.193863364540499,1204.3373677666227,10.891218978723156
377.7028618447795,11.541940537330031,10.264957751459752,1.5064555031949183
4553.20448544458,1.1844390880134161,101.14899556352691,6.1432875736856944
1.5603075461052647,1730.050767921297,28.79859947601186,2.9091173867755264

Iteration: ,20000
Error:,0.03121205373307781
Absolute Error:,0.7441247872356805
Transition Probabilities
0.00017003910899506875,0.00017003910899506875,0.9750591297844242,0.02460079199758568
0.9777761800124746,0.021002072889174682,0.0006108735491753204,0.0006108735491753204
0.02211846645315695,0.002265606656737837,0.01980223010718392,0.9558136967829213
0.014115105105158262,0.004005802512968338,0.020285061406807234,0.9615940309750661

0.018522934587514982,0.0065027325843074356,0.9672373474455143,0.007736985382663385
0.9435946730329723,0.027797711491076665,0.025279852838720897,0.0033277626372300623
0.9776518638944978,0.00022194549423015184,0.02096953955399735,0.0011566510572746857
0.0007775841848165076,0.9809010793658528,0.01686070739386331,0.0014606290554674312

Transition Gammas
1.0,1.0,5734.322742262202,144.67725773780148
1600.6196066804216,34.38039331957897,1.0,1.0
43.2160271710843,4.4266413787741214,38.69046329104701,1867.5106060424735
18.972906917532708,5.384424532608873,27.266292317380053,1292.5326383490954

26.085711370605093,9.157750059151393,1362.1531811346927,10.895939118998113
427.17230836601,12.584230204233728,11.44437691403975,1.5065028322707095
5221.158029521873,1.1853017849317062,111.9880029498361,6.177104732340987
1.5633264415492159,1972.0933422516403,33.89830992803816,2.936582389784756

Iteration: ,22500
Error:,0.03037077855822286
Absolute Error:,0.7444563666431079
Transition Probabilities
0.0001511030522816561,0.0001511030522816561,0.9747882250006737,0.024909568894762864
0.9748574024347445,0.02405917394662056,0.0005417118093174429,0.0005417118093174429
0.021096346078508185,0.002463609580078667,0.021231539202630358,0.9552085051387829
0.014990950892943496,0.0036932862515021486,0.02010260404663776,0.9612131588089166

0.01907960569704133,0.0058242066718562765,0.9663241201827815,0.008772067448320967
0.9467070104050641,0.025102546646759875,0.025115867525075032,0.0030745754231009488
0.9770591806393604,0.0001971080474414595,0.021706065726257665,0.0010376455869405457
0.0006947526814376486,0.9814923063782175,0.016066687722686677,0.0017462532176582128

Transition Gammas
1.0,1.0,6451.148473054459,164.85152694554063
1799.5867648945393,44.413235105461574,1.0,1.0
46.21681956250038,5.397152616439948,46.512993895268394,2092.6230050586396
22.775002576850394,5.611025244209277,30.540881778159246,1460.3231192679282

30.169316178277306,9.209432069034417,1527.984297757829,13.87068897480456
475.025640679252,12.595611073436425,12.602295040795408,1.5427182265718205
5879.107791369269,1.1860279094827897,130.60856768953232,6.243665046850231
1.565871073931311,2212.14030964731,36.21196755481723,3.9357997088002254

Iteration: ,25000
Error:,0.030589775901097495
Absolute Error:,0.7450410363526664
Transition Probabilities
0.00013577732518669388,0.00013577732518669388,0.9758269503683192,0.02390149498130744
0.974189714123171,0.024826033908324985,0.0004921259842519683,0.0004921259842519683
0.021457379595897722,0.002246705704045142,0.022381919452885445,0.9539139952471718
0.015271864804578808,0.003908384890759977,0.02177611808980266,0.9590436322148586

0.019144741565513882,0.005796088373426001,0.9665855461509952,0.008473623910064863
0.9502888284077009,0.024361126627613573,0.022591867176582542,0.0027581777881030274
0.9770828099684302,0.0001768895250561536,0.021802919763376883,0.0009373807431368259
0.0006308174872492571,0.9822990579625545,0.015082618376328719,0.0019875061738675163

Transition Gammas
1.0,1.0,7186.965489462668,176.03451053732923
1979.5534990982846,50.4465009017164,1.0,1.0
52.158654847300475,5.461298143933453,54.40602876719955,2318.776652561011
25.781921932119428,6.598125076646651,36.762385193953385,1619.054933477829

33.58943468018101,10.169232692618143,1695.8736138663808,14.866966778190815
534.5381805800242,13.703152047176706,12.707942275519377,1.5514770799097402
6555.075265025567,1.1867204483672957,146.2719214667861,6.2887211406841
1.5683241626096445,2442.169690363447,37.49806451651192,4.941292876017908

Iteration: ,27500
Error:,0.030769489362290205
Absolute Error:,0.7449895483290859
Transition Probabilities
0.00012338062924120913,0.00012338062924120913,0.9760398137837302,0.0237134249577874
0.9743133664260618,0.02479297852478718,0.00044682752457551357,0.00044682752457551357
0.02249746722081805,0.002061060996912774,0.021913142824481015,0.9535283289577882
0.014536652680977638,0.0035597944908370965,0.020969358926003375,0.9609341939021819

0.019260162647290704,0.006477617160543248,0.965541364853064,0.008720855339102185
0.9501310266459775,0.025385766640540246,0.02190119626166984,0.002582010451812531
0.9762788851594962,0.0001604345802231441,0.022706398705971072,0.0008542815543095772
0.0005762052465177293,0.9819448864120037,0.015643926349308834,0.0018349819921696544

Transition Gammas
1.0,1.0,7910.8026907171325,192.19730928286685
2180.5133140615276,55.48668593847374,1.0,1.0
59.95821934428376,5.492953767724203,58.40093069574769,2541.257650805038
26.94935860584607,6.599468282145971,38.87488996494058,1781.466528534263

37.22766014248416,12.520482542225519,1866.2794516595875,16.85640171691559
576.8397521155631,15.412105199727362,13.296566755864095,1.567579867632606
7225.019478698086,1.1873072180390296,168.0402756174781,6.322169785707093
1.5704075079346553,2676.22280657593,42.636438215380714,5.001116381434146

Iteration: ,30000
Error:,0.03146929368289911
Absolute Error:,0.7451039881938923
Transition Probabilities
0.00011267605633802804,0.00011267605633802804,0.9765229435380886,0.023251704349235493
0.9745681947503052,0.02460501732079857,0.00041339396444811915,0.00041339396444811915
0.02272254995269311,0.0022376966103369042,0.024223083831286237,0.9508166696056837
0.015485805345512435,0.003346663625675555,0.020588808837911903,0.9605787221909001

0.02039650519256247,0.0060331093960648095,0.9650788538871834,0.008491531524189296
0.9524319208641427,0.0233711684380051,0.021806739559823908,0.0023901711380282494
0.9761989210336923,0.00014626054823402483,0.022756393040368573,0.0008984253777051273
0.0005326645185117229,0.9818868843995646,0.015856580458051717,0.0017238706238720146

Transition Gammas
1.0,1.0,8666.641123900547,206.35887609946525
2357.480463100988,59.51953689901173,1.0,1.0
65.85094175228272,6.484942466992411,70.19955444065978,2755.508217944634
30.970934633344335,6.69318114738055,41.17671883833765,1921.11550877636

42.885504213972474,12.685160324556021,2029.1659215367204,17.85421607896295
628.9948008606099,15.434534600861705,14.40137138033528,1.5784910039793862
7927.989146295936,1.1878235203362015,184.8111416081556,7.29636807594591
1.572274126510509,2898.25075605721,46.804114640082204,5.088375675816386

Iteration: ,32500
Error:,0.03129570429558615
Absolute Error:,0.7455210625882883
Transition Probabilities
0.00010396091069757744,0.00010396091069757744,0.9765545033163068,0.023237574862298056
0.9757068299145035,0.023528644091612625,0.0003822629969418963,0.0003822629969418963
0.02174432022915776,0.0023880241369643018,0.023775110657724356,0.9520925449761536
0.016033549872874444,0.003157641146154951,0.020858062337125793,0.9599507466438448

0.020748053392434913,0.0061349259506730735,0.9644388583260958,0.008678162330796225
0.9538960173386016,0.022773273443920623,0.021081462101708644,0.0022492471157692343
0.9763021269193657,0.0001347314662937648,0.022625005459416182,0.000938136154924413
0.0004942189926032371,0.9828108653772859,0.01507991713187952,0.001614998498231457

Transition Gammas
1.0,1.0,9393.47776739958,223.5222326004456
2552.4490670563396,61.55093294365859,1.0,1.0
67.94709697103576,7.462146707438015,74.2929524736895,2975.118274433208
34.74758106834191,6.8431752531843335,45.20316572027312,2080.3856073728225

47.449485245959046,14.030187453038502,2205.6106427535656,19.846408127486928
676.3726354180487,16.147691882953758,14.948090589560502,1.5948585293854523
8610.954152143537,1.1883273088500614,199.5518388531798,8.274331475659626
1.5741029853148458,3130.2834175622893,48.030008823737305,5.143820847423415

Iteration: ,35000
Error:,0.03028792340972576
Absolute Error:,0.7453079811814378
Transition Probabilities
9.669309611293737e-05,9.669309611293737e-05,0.9772107483214287,0.022595865486345377
0.9767042359976593,0.02258528442862842,0.00035523978685612835,0.00035523978685612835
0.022497952830731718,0.0022257323193892705,0.022642345588341627,0.9526339692615373
0.017085706210143263,0.0029708691052985885,0.01989796848830936,0.9600454561962487

0.019843108167340924,0.006778773713372395,0.9653403919723657,0.00803772614692111
0.9534474645648252,0.022855617439811206,0.020391196833533087,0.003305721161830521
0.9759167962941137,0.00012511798478658082,0.02288084751457755,0.0010772382065222588
0.00045929874709612516,0.9822419693279699,0.015772089166843768,0.001526642758090194

Transition Gammas
1.0,1.0,10106.313559140233,233.6864408597843
2749.4224243334074,63.57757566658893,1.0,1.0
75.86404208473554,7.50526288404579,76.35094052933918,3212.321764524538
39.72354916767793,6.907145863540767,46.26194082121206,2232.065354124903

49.231571080700796,16.81841761358501,2395.0493906332267,19.941930608463796
724.5806862155512,17.369325090163425,15.496467234449513,2.512211523861652
9272.915232996676,1.1888395316640064,217.4080416153199,10.235645715657743
1.5759698548673817,3370.319957616778,54.11801628543104,5.238296383591506

Iteration: ,37500
Error:,0.030619484528029102
Absolute Error:,0.7454533109716593
Transition Probabilities
9.042408897730342e-05,9.042408897730342e-05,0.9772274811993019,0.0225916706227434
0.9764745506055743,0.02286841917103542,0.0003285151116951385,0.0003285151116951385
0.02193885468775976,0.0023423461216671732,0.02263771038484357,0.9530810888057295
0.016641305546636096,0.0027757007249477974,0.01929917548584475,0.9612838182425714

0.01957189592298077,0.007949261339335984,0.9649454680115613,0.00753337472612182
0.9551582139828967,0.022510926797101868,0.019230163776085732,0.00310069544391576
0.9759267763052337,0.00011746823169253729,0.022940121388687045,0.0010156340743867217
0.00042647836641576144,0.9824089350608944,0.015472247094980619,0.0016923394777091625

Transition Gammas
1.0,1.0,10807.158714583096,249.84128541691962
2972.3885320433633,69.6114679566317,1.0,1.0
79.75292052141054,8.514981603810964,82.29342610653374,3464.674952626001
41.76574490010773,6.966352974670785,48.43637044373239,2412.595250823725

51.82201404750208,21.04787060055016,2554.960326539119,19.946695630227197
773.8912426119931,18.23887273995502,15.580722777068225,2.5122550535866313
9879.893320493675,1.1892015116780832,232.2366365819609,10.281874164359204
1.5772871499057988,3633.340190844725,57.222542677087,6.258946576593113

Iteration: ,40000
Error:,0.02958031874724698
Absolute Error:,0.7453544811176617
Transition Probabilities
8.451656524678829e-05,8.451656524678829e-05,0.9772661376278524,0.022564829241654004
0.975831765120566,0.02355360672946467,0.00030731407498463487,0.00030731407498463487
0.02212088928721308,0.002215074180986637,0.022819647761307765,0.9528443887704925
0.01607615397900627,0.0033474657661041393,0.018936119168704683,0.9616402610861849

0.019860188749488913,0.00781592921761305,0.964161130299062,0.008162751733836043
0.9540902453563394,0.02282115428360381,0.020023478787096795,0.0030651215729600423
0.9762734563778718,0.00011002443188953174,0.022574350733701086,0.0010421684565376968
0.00040075722972296424,0.9829251800092549,0.01507247831443187,0.0016015844465901501

Transition Gammas
1.0,1.0,11563.01294041276,266.9870595872504
3175.356563702316,76.6434362976779,1.0,1.0
85.59705159936892,8.571256630082363,88.30090605955797,3687.043014084561
42.89902030776176,8.932671462786985,50.530802443749224,2566.125277412129

55.62475302529063,21.890986932541978,2700.4388239185564,22.862373310177
814.0136377335447,19.470622308623074,17.083692959755115,2.615109811513587
10554.868901494512,1.1895165713754026,244.06001307726638,11.267285164998569
1.578428149279632,3871.3631537848073,59.364678379856606,6.308023377878628

Iteration: ,42500
Error:,0.02997921625077135
Absolute Error:,0.745235269396963
Transition Probabilities
7.94849376043239e-05,7.94849376043239e-05,0.9766205711143526,0.023220459010438777
0.975788692423869,0.023632603872427334,0.00028935185185185243,0.00028935185185185243
0.0211707861433934,0.002332686340603725,0.022809543444190887,0.9536869840718121
0.015502199553250861,0.0031633427406287345,0.018586400837580914,0.9627480568685396

0.019723966586633897,0.007701367917725444,0.9639029855585142,0.008671679937126512
0.9540099815748593,0.02180706362282741,0.021220829193219673,0.0029621256090935576
0.9765202433033147,0.00010334940924757771,0.02239427702896865,0.0009821302584691084
0.0003781245996820675,0.9831387963004805,0.014733991242511771,0.0017490878573256648

Transition Gammas
1.0,1.0,12286.86340518968,292.1365948103305
3372.3257210168845,81.6742789831087,1.0,1.0
86.55051510695547,9.536500108911412,93.25009100171117,3898.8679571529483
43.94555680017522,8.967427983957936,52.688634984540165,2729.1933168607998

58.778156368265556,22.950363748048876,2872.4668620859484,25.84192977011933
855.7113574785652,19.560122405120584,19.03429199532529,2.656916148608006
11242.835998459623,1.1898785167808292,257.8289448348516,11.307425013270553
1.579743227956095,4107.394379795615,61.556224867922126,7.307405283955917

Iteration: ,45000
Error:,0.02926779448380695
Absolute Error:,0.7455496237749233
Transition Probabilities
7.503564192991661e-05,7.503564192991661e-05,0.9767168870422114,0.023133041673928764
0.9755175280748551,0.023936620396760495,0.0002729257641921404,0.0002729257641921404
0.020925352445710158,0.002208952308324532,0.02273209784746253,0.9541335973985029
0.01504868844502996,0.002996880657660739,0.018639767021497264,0.9633146638758121

0.019776006657496605,0.007586865449391975,0.9625794544590345,0.010057673434076871
0.9560189578986485,0.020808368586190867,0.02026049467385068,0.0029121788413098287
0.9766284855520315,9.756888320141012e-05,0.02234519106142515,0.0009287545033417974
0.00035753121932760893,0.9835678812168146,0.01441599910972828,0.0016585884541294562

Transition Gammas
1.0,1.0,13016.705953611568,308.29404638844903
3574.2962228662614,87.70377713373026,1.0,1.0
90.45231208792109,9.548457742744764,98.26218288301132,4124.355379407388
45.03141942852922,8.967810740804964,55.77729712866277,2882.605140580939

62.44346692276348,23.955806141326196,3039.3799600719394,31.75747304689862
901.9687949706231,19.631931965287315,19.115033039354394,2.7475338418065536
11913.797544034214,1.190233480034196,272.58684988909135,11.329787411095042
1.5810372265546253,4349.431185259179,63.748926019168216,7.334436680645591

Iteration: ,47500
Error:,0.028493026683993235
Absolute Error:,0.7457699574225438
Transition Probabilities
7.097735822272691e-05,7.097735822272691e-05,0.9771841330482034,0.02267391223535106
0.9752181279236336,0.02426413974398223,0.00025886616619207915,0.00025886616619207915
0.01991309615788705,0.0020998000173080068,0.02227536780931956,0.9557117360154853
0.015496707417387184,0.0028794741282846445,0.01835913655309645,0.9632646819012317

0.019246418578959663,0.008077051208634032,0.9625398693583541,0.01013666085405201
0.9552792687151924,0.022006588421138853,0.01991310095936582,0.002801041904302995
0.9770670016820084,9.224409175804124e-05,0.02196074935805387,0.0008800048681796384
0.00033996236500458615,0.9837175939049209,0.01415173257759784,0.0017907111524765127

Transition Gammas
1.0,1.0,13767.547250516147,319.4527494838613
3767.26762816899,93.73237183100319,1.0,1.0
90.56682192842467,9.550107765512655,101.31067784643653,4346.675872216769
48.81302476924956,9.070045536813135,57.82938034326194,3034.184069593532

64.08182745038333,26.89290995808602,3204.8203445895674,33.75047410028469
943.2947590599618,21.730503531568772,19.663280034188542,2.765901275958811
12610.756218095014,1.1905711191941748,283.4418274738092,11.35799985491886
1.582270987570654,4578.4709397982015,65.86574923106403,8.334423440208074

Iteration: ,48198
Error:,0.030123530003545066
Absolute Error:,0.7456669668978273
Transition Probabilities
7.000350017500866e-05,7.000350017500866e-05,0.976864117956347,0.022995875043302937
0.9755818266658007,0.02390809937347493,0.000255036980362153,0.000255036980362153
0.019831836325534733,0.0020683605012976783,0.023000395546292608,0.9550994076268748
0.015571366224307019,0.0028475287278548677,0.018447288547734166,0.9631338165001039

0.019090767052962764,0.007946944674212229,0.9629880048918985,0.009974283380926608
0.9548713666550964,0.021711644923710242,0.020643718875495185,0.002773269545698313
0.9767197186907943,9.092780381675653e-05,0.022320864435932473,0.0008684890694565533
0.0003348433487885894,0.9837239028131206,0.0141745322383944,0.001766721599696168


Model Num 3
Model States: 
"['diamond', 'x', 'square']","['diamond', 'x', 'diamond']","['square', 'y', 'diamond', 'x', 'diamond']","['square', 'x', 'square', 'y', 'diamond', 'x', 'diamond']","['square', 'x', 'square', 'y', 'diamond', 'x', 'square']"
Iteration: ,0
Error:,0.6525561056974492
Absolute Error:,1
Transition Probabilities
0.2,0.2,0.2,0.2,0.2
0.2,0.2,0.2,0.2,0.2
0.2,0.2,0.2,0.2,0.2
0.2,0.2,0.2,0.2,0.2
0.2,0.2,0.2,0.2,0.2

0.2,0.2,0.2,0.2,0.2
0.2,0.2,0.2,0.2,0.2
0.2,0.2,0.2,0.2,0.2
0.2,0.2,0.2,0.2,0.2
0.2,0.2,0.2,0.2,0.2

Transition Gammas
1.0,1.0,1.0,1.0,1.0
1.0,1.0,1.0,1.0,1.0
1.0,1.0,1.0,1.0,1.0
1.0,1.0,1.0,1.0,1.0
1.0,1.0,1.0,1.0,1.0

1.0,1.0,1.0,1.0,1.0
1.0,1.0,1.0,1.0,1.0
1.0,1.0,1.0,1.0,1.0
1.0,1.0,1.0,1.0,1.0
1.0,1.0,1.0,1.0,1.0

Iteration: ,2500
Error:,0.4121434457272104
Absolute Error:,1
Transition Probabilities
0.0018315018315018306,0.0018315018315018306,0.42673992673992656,0.5524683911325158,0.0171286784645539
0.9764163249672313,0.015296382215089265,0.0027624309392265192,0.0027624309392265192,0.0027624309392265192
0.2,0.2,0.2,0.2,0.2
0.011993343724384722,0.011560530588078,0.7483379286020158,0.2231994860076194,0.004908711077902041
0.04778198217416285,0.04671074101092803,0.1713250548726643,0.7085470847859693,0.02563513715627542

0.06784511016387963,0.024078955361792484,0.40342240752298414,0.47634293328644184,0.028310593664901965
0.4748417861059055,0.07321546045360018,0.23716067888179335,0.19629381813425256,0.01848825642444844
0.38690229421562866,0.5832874076813904,0.006775067750677507,0.014876693231706387,0.008158537120597139
0.2,0.2,0.2,0.2,0.2
0.2,0.2,0.2,0.2,0.2

Transition Gammas
1.0,1.0,233.0,301.64774155835374,9.352258441646434
353.4627096381377,5.537290361862314,1.0,1.0,1.0
1.0,1.0,1.0,1.0,1.0
6.338450715855951,6.109710108007165,395.49463337781106,117.96034320164155,2.594240935694888
4.324394654920401,4.227444521216482,15.505366622188989,64.12536874338157,2.3200471192819663

11.487935668808959,4.077191259623958,68.3098701407585,80.65720522331422,4.793717306709232
45.430051221548815,7.004821850018248,22.69012985924148,18.780230538353575,1.7688469316230122
285.53389313113394,430.4661068688661,5.0,10.978999604999313,6.021000395000688
1.0,1.0,1.0,1.0,1.0
1.0,1.0,1.0,1.0,1.0

Iteration: ,5000
Error:,0.4013748554908549
Absolute Error:,1
Transition Probabilities
0.0009285051067780873,0.0009285051067780873,0.4168987929433612,0.5613283212490878,0.019915875593994804
0.975895170872609,0.0199896027899425,0.0013717421124828527,0.0013717421124828527,0.0013717421124828527
0.2,0.2,0.2,0.2,0.2
0.00986646738362564,0.007797451319138194,0.7641797452647325,0.2149080117956303,0.0032483242368732453
0.05393639480851303,0.035722187865942334,0.18745208388186155,0.7029297782688098,0.019959555174873262

0.05344537679837635,0.014082062348164335,0.4075242608387409,0.5105150937584394,0.014433206256278993
0.5329250150296809,0.0471717117083183,0.23280769432270293,0.1774220731681474,0.009673505771150412
0.3735582730061808,0.5939434196139952,0.007447528774542991,0.01746201174983963,0.007588766855441342
0.2,0.2,0.2,0.2,0.2
0.2,0.2,0.2,0.2,0.2

Transition Gammas
1.0,1.0,449.0,604.5506019852676,21.449398014732402
711.4275795661323,14.572420433868087,1.0,1.0,1.0
1.0,1.0,1.0,1.0,1.0
10.404607731996876,8.22274266264911,805.8599068003082,226.62960046954652,3.425495484543385
9.247807333491766,6.1248422718622475,32.140093199692004,120.5226856834344,3.4222183624755917

17.958388377917693,4.731768395317394,136.93380771128318,171.5401569922441,4.849757622004901
98.58373126157184,8.726111965193066,43.06619228871676,32.82062107763028,1.7894643081208028
551.7455692301291,877.2544307698712,11.0,25.79139135451314,11.208608645486866
1.0,1.0,1.0,1.0,1.0
1.0,1.0,1.0,1.0,1.0

Iteration: ,7500
Error:,0.40313101487236347
Absolute Error:,1
Transition Probabilities
0.0006169031462060458,0.0006169031462060458,0.41455891425046276,0.5653452375638469,0.018862041893278125
0.9801001866431998,0.017137382417573684,0.0009208103130755057,0.0009208103130755057,0.0009208103130755057
0.2,0.2,0.2,0.2,0.2
0.009360552384429005,0.006487223476366972,0.7650652047282058,0.2155575025656112,0.0035295168453869383
0.04834946010772505,0.027681668087798282,0.20163272642378546,0.6895741169357309,0.03276202844496037

0.04975891978801266,0.011650370091659304,0.41949463200019677,0.5074996368068363,0.01159644131329492
0.5463783080752291,0.04602022685148222,0.23985606858949335,0.16105924074894032,0.006686155734854896
0.374877951728017,0.5967180807336603,0.006762849413886381,0.015606878892169874,0.0060342392322665535
0.2,0.2,0.2,0.2,0.2
0.2,0.2,0.2,0.2,0.2

Transition Gammas
1.0,1.0,672.0,916.4246300909957,30.575369909003836
1064.3888026945158,18.611197305485035,1.0,1.0,1.0
1.0,1.0,1.0,1.0,1.0
14.749722854302393,10.22212626356385,1205.5378007373347,339.6608759219381,5.561572986402836
12.100317907076228,6.9278329750575285,50.46219926266582,172.57826699248966,8.19928409916939

24.97165503023588,5.846771275239398,210.52457091056652,254.69013218738266,5.819706964855356
151.42719835294807,12.754375341576637,66.47542908943346,44.637111750247215,1.8530490975149956
831.479296932742,1323.520703067259,15.0,34.61605738283279,13.383942617167222
1.0,1.0,1.0,1.0,1.0
1.0,1.0,1.0,1.0,1.0

Iteration: ,10000
Error:,0.4025276539020117
Absolute Error:,1
Transition Probabilities
0.0004657661853749419,0.0004657661853749419,0.41546343735444813,0.5679265213591964,0.015678508915605592
0.9783065646282264,0.019637232493089542,0.0006854009595613431,0.0006854009595613431,0.0006854009595613431
0.2,0.2,0.2,0.2,0.2
0.009717189017647506,0.005486672633045712,0.7659801807003921,0.21482064150215222,0.003995316146762685
0.05191151627848303,0.024592177402988937,0.19079061971616407,0.7033750204954899,0.029330666106873987

0.04563883271799247,0.009609351663935856,0.4297094732914351,0.5042624989211373,0.01077984340549934
