0,1,2,3,4,5,6,7,8,9,10,11,12,13,14,15,16,17,18,19,20,21,22,23,24,25,26,27,28,29
github Code Version (SHA):,cd93f48c3be2409aefa56252372b16f046dc3cc1
Environment Observations,Environment Actions,alpha,epsilon,numActions,explore,patience,gainThresh,insertRandActions,useBudd,revisedSplitting,haveControl,confidence_factor
"['diamond', 'square']","['x', 'y']",0.99,0.99,75000,0.5,0,0.01,False,False,False,False,250

Model Num 0
Model States: 
['diamond'],['square']
Iteration: ,0
Error:,0.6747771673483343
Absolute Error:,1
Transition Probabilities
0.5,0.5
0.5,0.5

0.5,0.5
0.5,0.5

Transition Gammas
1.0,1.0
1.0,1.0

1.0,1.0
1.0,1.0

Iteration: ,2466
Error:,0.15854641619987445
Absolute Error:,1
Transition Probabilities
0.508,0.492
0.02949438202247191,0.9705056179775281

0.03488372093023256,0.9651162790697675
0.9717741935483871,0.028225806451612902


Model Num 1
Model States: 
['square'],"['diamond', 'x', 'diamond']","['diamond', 'x', 'square']"
Iteration: ,0
Error:,0.7232966799573355
Absolute Error:,1
Transition Probabilities
0.3333333333333333,0.3333333333333333,0.3333333333333333
0.3333333333333333,0.3333333333333333,0.3333333333333333
0.3333333333333333,0.3333333333333333,0.3333333333333333

0.3333333333333333,0.3333333333333333,0.3333333333333333
0.3333333333333333,0.3333333333333333,0.3333333333333333
0.3333333333333333,0.3333333333333333,0.3333333333333333

Transition Gammas
1.0,1.0,1.0
1.0,1.0,1.0
1.0,1.0,1.0

1.0,1.0,1.0
1.0,1.0,1.0
1.0,1.0,1.0

Iteration: ,2500
Error:,0.11340919718547286
Absolute Error:,1
Transition Probabilities
0.9736111111111111,0.007006965499638746,0.01938192338925014
0.003236245954692557,0.017965591088637448,0.9787981629566699
0.9956709956709957,0.0021645021645021645,0.0021645021645021645

0.02710027100271002,0.6024151906425256,0.37048453835476436
0.9681699957015992,0.009644121762947384,0.022185882535453345
0.9688485139735042,0.011230995382308972,0.01992049064418683

Transition Gammas
701.0,5.045015159739897,13.954984840260101
1.0,5.551367646388972,302.448632353611
460.0,1.0,1.0

20.0,444.582410694184,273.4175893058162
129.38311985299924,1.2888093697100291,2.964849883670467
147.61688014700073,1.7111906302899706,3.0351501163295334

Iteration: ,5000
Error:,0.11397740957271559
Absolute Error:,1
Transition Probabilities
0.978021978021978,0.005685102676652351,0.016292919301369627
0.0016129032258064518,0.018674350470858133,0.9797127463033354
0.9978260869565218,0.0010869565217391304,0.0010869565217391304

0.027359781121751026,0.5971787606486542,0.3754614582295948
0.9657619708362049,0.0144850122855353,0.019753016878259793
0.9594697366979182,0.02054533527523364,0.019984928026847947

Transition Gammas
1424.0,8.277509497205823,23.722490502794177
1.0,11.57809729193204,607.4219027080678
918.0,1.0,1.0

40.0,873.0753480683325,548.9246519316677
241.79321979754857,3.626543460076498,4.945468651633003
294.20678020245145,6.299914117467808,6.12807377082269

Iteration: ,7500
Error:,0.11155901758679508
Absolute Error:,1
Transition Probabilities
0.980257116620753,0.00529930153590387,0.014443581843343146
0.0010559662090813087,0.015422780680873176,0.9835212531100456
0.9985475671750181,0.0007262164124909223,0.0007262164124909223

0.023351648351648338,0.6056549684312051,0.3709933832171465
0.971192557304586,0.010141705990637424,0.01866573670477653
0.9601833678216343,0.015605715475215854,0.024210916703149874

Transition Gammas
2135.0,11.541878745198629,31.458121254801373
1.0,14.605373304786907,931.3946266952137
1375.0,1.0,1.0

51.0,1322.7504510537528,810.2495489462484
353.5708232721003,3.69217341043593,6.795418523392071
446.4291767278998,7.25574608489223,11.256661981279766

Iteration: ,10000
Error:,0.1098608014640123
Absolute Error:,1
Transition Probabilities
0.9807824296499656,0.004045623528687514,0.015171946821346802
0.0008012820512820511,0.018931735794217378,0.9802669821545005
0.9989270386266095,0.000536480686695279,0.000536480686695279

0.02264927934111187,0.5963934748889239,0.38095724576996426
0.9750834127461948,0.008438091990630135,0.01647849526317508
0.9647620500484946,0.013630450153178132,0.021607499798327396

Transition Gammas
2858.0,11.788946962595414,44.21105303740458
1.0,23.62680627118329,1223.373193728817
1862.0,1.0,1.0

66.0,1737.8905858263245,1110.109414173676
461.10029779271366,3.9902296345334394,7.792399064226111
580.8997022072865,8.20712675683547,13.010244544404978

Iteration: ,12500
Error:,0.11416158153090214
Absolute Error:,1
Transition Probabilities
0.9810491623180445,0.003566727892231933,0.015384109789723575
0.0006329113924050629,0.02193960802410734,0.9774274805834876
0.999138302455838,0.00043084877208099956,0.00043084877208099956

0.020936639118457306,0.6002038672253734,0.3788594936561693
0.976494327628376,0.007989955421706083,0.015515716949917996
0.9667343259989106,0.013289808062890896,0.019975865938198435

Transition Gammas
3572.0,12.986456255616467,56.01354374438353
1.0,34.66458067808962,1544.3354193219116
2319.0,1.0,1.0

76.0,2178.740038028105,1375.2599619718942
567.8673932974906,4.646453163642052,9.022960492654057
736.1326067025095,10.119699682540213,15.210886661163673

Iteration: ,15000
Error:,0.10920475109124395
Absolute Error:,1
Transition Probabilities
0.9802752293577982,0.0036990873982271615,0.016025683243974673
0.0005285412262156445,0.021515295148570836,0.9779561636252135
0.9992872416250891,0.0003563791874554526,0.0003563791874554526

0.02065167508031207,0.5965382573998667,0.3828100675198212
0.9771296864405427,0.0071027285303975575,0.015767585029059783
0.9634801140299944,0.01447376592088695,0.022046120049118687

Transition Gammas
4274.0,16.128021056270423,69.87197894372957
1.0,40.70693842109604,1850.2930615789048
2804.0,1.0,1.0

90.0,2599.713725748619,1668.286274251381
672.5796227387827,4.888962582636121,10.853171833288691
877.4203772612174,13.180943716187404,20.07692186788778

Iteration: ,16403
Error:,0.1100318713800758
Absolute Error:,1
Transition Probabilities
0.9791885642211478,0.0038307717450009105,0.016980664033851307
0.0004830917874396131,0.02305433063095266,0.9764625775816076
0.9993535875888817,0.0003232062055591467,0.0003232062055591467

0.02034395973154363,0.5953700930188724,0.384285947249584
0.9789663268235884,0.0065230395379976425,0.014510633638414094
0.9640148407386713,0.013766763663190703,0.022218395598137996


Model Num 2
Model States: 
"['diamond', 'x', 'diamond']","['diamond', 'x', 'square']","['square', 'y', 'diamond', 'x', 'diamond']","['square', 'y', 'diamond', 'x', 'square']"
Iteration: ,0
Error:,0.6753279163479021
Absolute Error:,0.74
Transition Probabilities
0.25,0.25,0.25,0.25
0.25,0.25,0.25,0.25
0.25,0.25,0.25,0.25
0.25,0.25,0.25,0.25

0.25,0.25,0.25,0.25
0.25,0.25,0.25,0.25
0.25,0.25,0.25,0.25
0.25,0.25,0.25,0.25

Transition Gammas
1.0,1.0,1.0,1.0
1.0,1.0,1.0,1.0
1.0,1.0,1.0,1.0
1.0,1.0,1.0,1.0

1.0,1.0,1.0,1.0
1.0,1.0,1.0,1.0
1.0,1.0,1.0,1.0
1.0,1.0,1.0,1.0

Iteration: ,2500
Error:,0.04529877803387804
Absolute Error:,0.9776173716382561
Transition Probabilities
0.017816949998813093,0.9738148491643668,0.0041841004184100415,0.0041841004184100415
0.0014577259475218654,0.0014577259475218654,0.029836801740603543,0.9672477463643527
0.007179425152757081,0.027231839221864222,0.939106283974877,0.026482451650501598
0.004464572385785107,0.009075730420036817,0.9671844476777381,0.019275249516439892

0.03673195014294936,0.03159000266850882,0.6130954189966722,0.31858262819186967
0.013845622739083739,0.015912804756201243,0.04254832538334698,0.9276932471213681
0.9706780803772284,0.007251790745943181,0.015076741701167058,0.0069933871756615446
0.0031178073428372293,0.981897886519886,0.006773751679171047,0.008210554458105809

Transition Gammas
4.25825104971633,232.7417489502837,1.0,1.0
1.0,1.0,20.468045994054037,663.5319540059462
1.4324235089146637,5.433238157988574,187.36847169700127,5.283721956946202
1.0334687909368432,2.100869542159919,223.88593024876133,4.461876097291243

2.580512471738676,2.219277646601957,43.07150502300362,22.381236011946598
2.419487528261324,2.780722353398043,7.435212164406073,162.11204680064378
288.984396439768,2.158959199953773,4.4885561844528645,2.082028854759721
1.961992696496324,617.8946516637823,4.262627501005002,5.166787459782414

Iteration: ,5000
Error:,0.034959982521469694
Absolute Error:,0.9791268287565629
Transition Probabilities
0.019762054009692498,0.9759826268413713,0.0021276595744680847,0.0021276595744680847
0.0007262164124909219,0.0007262164124909219,0.027366978911580134,0.9711805882634381
0.007089782540754654,0.019451615787250007,0.9578966182179959,0.015561983453999463
0.004318781315686869,0.011386934884732993,0.9709021979083388,0.013392085891241473

0.01964636680264624,0.04060696975636528,0.7121040492984629,0.22764261414252548
0.0067460603541968,0.010222593042497835,0.030179098547973987,0.9528522480553314
0.9769907776894835,0.0037829817874792376,0.014520824640440355,0.004705415882596776
0.0015432313672330538,0.9822923028067336,0.006837389941203829,0.009327075884829339

Transition Gammas
9.288165384555477,458.7118346154446,1.0,1.0
1.0,1.0,37.68432996124587,1337.3156700387551
2.676020795923214,7.341964025239154,361.55569736600506,5.873831970068128
1.9199249696998837,5.0620902091377475,431.6169855903559,5.953485073571214

2.580512471738676,5.333647332783267,93.53349649069895,29.90041928845889
2.419487528261324,3.6663526672167333,10.823791771380641,341.7422924494614
570.7339505319335,2.209924791167884,8.482708129159011,2.748788071389254
1.9827816680582593,1262.0733430088408,8.784846990955149,11.983656808496587

Iteration: ,7500
Error:,0.03630568046196601
Absolute Error:,0.9781695369770735
Transition Probabilities
0.024237361891349046,0.9729654353114482,0.0013986013986013997,0.0013986013986013997
0.0004816955684007706,0.0004816955684007706,0.028377066963353677,0.9706595418998447
0.006579887826644416,0.02290410355137509,0.9526153496744321,0.01790065894754841
0.0032030500362323073,0.01628976834070561,0.9691752886040956,0.011331893018966463

0.01571796843683569,0.04394922152089034,0.7443271834449513,0.19600562659732268
0.006111426172686846,0.014760026530226221,0.024780981098160928,0.954347566198926
0.9789265163705462,0.002555475026578141,0.01436632010146906,0.00415168850140671
0.0010417137096679805,0.979170600106052,0.007343330056531757,0.012444356127748342

Transition Gammas
17.329713752314554,695.6702862476849,1.0,1.0
1.0,1.0,58.91079101592225,2015.0892089840781
3.7745557658967135,13.138949842345122,546.4682461963887,10.268721477319927
2.15036612587879,10.936128265879374,650.6553713111883,7.607661015102701

2.9348359240639335,8.206133933433414,138.97967577744691,36.5978820079811
3.1796618073270735,7.679368335175581,12.893085332204002,496.5293568823679
854.8167982846933,2.2314882105912317,12.544937282730968,3.6253314348924097
1.9915289409235752,1871.9601845637937,14.038842145024775,23.79088913735185

Iteration: ,10000
Error:,0.035524978535624946
Absolute Error:,0.9788681796491155
Transition Probabilities
0.022606917132751567,0.9752766807508463,0.0010582010582010585,0.0010582010582010585
0.0003612716763005779,0.0003612716763005779,0.02642131401577429,0.9728561426316246
0.0050574793900365605,0.024181093005253843,0.9554214225028569,0.015340005101852709
0.0025544653888272296,0.01713306479586005,0.9678086113294887,0.012503858485824111

0.017334540418633772,0.03882239875666621,0.7807334973285966,0.16310956349610345
0.006308516551130952,0.01689316144754405,0.020598686090885422,0.9561996359104395
0.978250431295754,0.0019380937146810779,0.015216568927009174,0.004594906062555782
0.0007819736457013577,0.9796335136593386,0.006567772084062461,0.013016740610897545

Transition Gammas
21.363536690450225,921.6364633095495,1.0,1.0
1.0,1.0,73.13419719566326,2692.865802804338
3.885831758734958,18.579148210836284,734.0824589125006,11.786242593764605
2.275176283664144,15.259843746764616,861.9945328888184,11.136765604916079

4.283772214913651,9.593926870500354,192.93759063340661,40.30820542206057
4.383639931895777,11.738660982690218,14.313542995524605,664.440660949008
1134.0963400617172,2.2468530738136856,17.64073347308409,5.326924457952474
1.9976995874251773,2502.659107277047,16.778616075822306,33.25372599314114

Iteration: ,12500
Error:,0.03400999486129901
Absolute Error:,0.9798853486379866
Transition Probabilities
0.02335403842302319,0.9749409317389546,0.0008525149190110829,0.0008525149190110829
0.00028653295128939826,0.00028653295128939826,0.027321123370782553,0.9721058107266386
0.005230392507991304,0.021260049804887996,0.9569088856879581,0.01660067199916264
0.0021315729540902794,0.018180456571223993,0.9664940630275185,0.013193907447167332

0.014193978334716539,0.03610904340058134,0.7990579110463669,0.15063906721833512
0.005176629883996394,0.017662766481160625,0.020162528677029178,0.9569980749578137
0.9776346976099552,0.0015691825430797137,0.01657916120815167,0.00421695863881339
0.0006198855473884115,0.9798462248385303,0.006042002478111647,0.013491887135969416

Transition Gammas
27.394287070206197,1143.6057129297935,1.0,1.0
1.0,1.0,95.3507205640311,3392.6492794359688
4.881751705252322,19.84292464288109,893.1244791554476,15.494125673441985
2.337603801764446,19.937719850102134,1059.9122079216459,14.469187249464566

4.31366821034985,10.973838972422344,242.840352988189,45.78046691160202
4.467906146652846,15.244586670574959,17.402110606102912,825.9770694941063
1406.3934183723384,2.2573748724419302,23.850241058630225,6.066379282235425
2.0018785865834374,3164.347328168639,19.512239690010052,43.5711399691243

Iteration: ,15000
Error:,0.03334389368197643
Absolute Error:,0.9797176593613017
Transition Probabilities
0.021809933437039093,0.9767563748066885,0.0007168458781362007,0.0007168458781362007
0.00023702299123014943,0.00023702299123014943,0.025016667176232917,0.9745092868413068
0.004954167998102968,0.02239511532048418,0.9544529084956231,0.018197808185789748
0.002952820366946628,0.016843781445223492,0.9656948464890944,0.014508551698735382

0.013990361143922266,0.03765765075218505,0.811152654908876,0.13719933319501668
0.0057503474680310005,0.0162645052235597,0.019509959226259678,0.9584751880821497
0.9774595013513954,0.0013259562112607369,0.017298525547806278,0.003916016889537635
0.0005121637835195274,0.9788527731653792,0.005663801800332267,0.014971261250769063

Transition Gammas
30.424857144669534,1362.5751428553306,1.0,1.0
1.0,1.0,105.54531881652663,4111.454681183472
5.437935141510127,24.581965053681166,1047.653816748308,19.974797114239877
3.8751381962829785,22.104961608525727,1267.3310667567462,19.040319380705487

4.992876177466714,13.439251882473844,289.4839329249775,48.96365971019304
5.894797802528099,16.67307413753134,20.00005485125031,982.5523525135791
1669.3738721380862,2.264560988580668,29.543634837142452,6.688048220112842
2.004675570482091,3831.356891302852,22.168855882691833,58.599461060052874

Iteration: ,17500
Error:,0.03303705285309474
Absolute Error:,0.9803140142421514
Transition Probabilities
0.02526398167167723,0.9735172492850565,0.0006093845216331506,0.0006093845216331506
0.00020312817387771646,0.00020312817387771646,0.025740230152682262,0.9738535134995623
0.004261457104708728,0.022871031444255195,0.952216056743396,0.02065145470764015
0.0025592407068633282,0.016414312514139696,0.9656929008208869,0.01533354595811

0.013493277023945005,0.03314764008905878,0.8321358783405649,0.12122320454643135
0.007201987488340255,0.01858759088146509,0.018089016297892342,0.9561214053323024
0.9777715458824193,0.001132654852678177,0.01755294613484129,0.003542853130061119
0.0004423157787132301,0.9791341279455024,0.005217491334324381,0.015206064941460248

Transition Gammas
41.458193923222325,1597.5418060767774,1.0,1.0
1.0,1.0,126.719153041655,4794.280846958354
5.471467215960994,29.365096413661668,1222.5909610180743,26.515286818187874
3.933699325673412,25.229737044703924,1484.3252151231077,23.56853704063122

5.670348467282682,13.929801473688213,349.692694661642,50.94224411750679
8.489450142732204,21.910399916296896,21.322697691525363,1127.0423635293253
1961.014528633262,2.2716478418527983,35.20411545590237,7.105531440469178
2.0074077775008172,4443.706415747386,23.679084463220853,69.01126864040762

Iteration: ,20000
Error:,0.032414103965461814
Absolute Error:,0.9805903061471484
Transition Probabilities
0.023015035072048013,0.9759267638697509,0.0005291005291005295,0.0005291005291005295
0.0001785395465095515,0.0001785395465095515,0.02605219863709938,0.9735907222698814
0.00439379016748055,0.02191012152591956,0.9528126611737099,0.020883427132890105
0.0022663879249028595,0.018084670999299703,0.9637098630604083,0.015939078015389033

0.013006953717123102,0.030545062835241242,0.8444817535084966,0.11196622993913902
0.007588840283691722,0.019990042371879672,0.01672196051248246,0.9556991568319461
0.9786923071348863,0.0009887988058640332,0.016647384419990183,0.0036715096392593762
0.00039018173938196497,0.9782188145279787,0.005083363584699616,0.016307640147939804

Transition Gammas
43.498416286170716,1844.501583713828,1.0,1.0
1.0,1.0,145.91836456639393,5453.0816354336175
6.4937922648765385,32.38201467620522,1408.2073228713548,30.864614014427648
4.0229569994623775,32.10123605945586,1710.6353667216838,28.29269639253597

6.154676063113976,14.453420160239686,399.59484342694,52.98057410447632
10.289074768111169,27.102829008535167,22.67190974516546,1295.7526727234185
2254.7173267378676,2.2780007403614726,38.35234610814682,8.458446376428178
2.0099017880066463,5038.994770733765,26.185391387508606,84.00381612791641

Iteration: ,22500
Error:,0.03146258254564268
Absolute Error:,0.9809419571818505
Transition Probabilities
0.023702725790913162,0.975359187905147,0.00046904315196998145,0.00046904315196998145
0.00015883100381194366,0.00015883100381194366,0.025429848691411367,0.9742524893009648
0.0038668775855728184,0.020456859682964217,0.9562989946393041,0.019377268092158832
0.002038150554843274,0.018602424985084548,0.9639616877577223,0.015397736702349925

0.012098323066067977,0.02937227349113437,0.858791950490877,0.09973745295192077
0.008191185814057991,0.02190700513086071,0.017521387888984434,0.9523804211660969
0.977361067536665,0.0008765134721554856,0.018389890628360186,0.0033725283628194104
0.0003488295919822224,0.9800032014775402,0.004616494945257063,0.015031473985220556

Transition Gammas
50.53421138622684,2079.4657886137725,1.0,1.0
1.0,1.0,160.1063273611264,6133.893672638891
6.495781463949549,34.36449357357435,1606.4406348284704,32.55093964304552
4.062336008807996,37.0773889536681,1921.3184550984486,30.68997043003553

6.54066742255938,15.879413312146347,464.28521561686875,53.92065543044672
12.404519220940688,33.17540004435359,26.533935107838836,1442.2601938448465
2545.59187378244,2.282928639262717,47.897504513136724,8.783939814721364
2.0118550512267697,5652.113342527075,26.6253749339351,86.69318073820685

Iteration: ,25000
Error:,0.03062506746740446
Absolute Error:,0.981187855037871
Transition Probabilities
0.024221305465505848,0.9749372978159413,0.0004206983592763989,0.0004206983592763989
0.0001431229426076996,0.0001431229426076996,0.025660310712267403,0.9740534434025172
0.004015478122960546,0.019441664848987076,0.9578622684878241,0.018680588540228284
0.001835084236364853,0.018567883105787178,0.9631516729008354,0.016445359757012584

0.010846699419274849,0.029705983535070323,0.8689889238562825,0.09045839318937232
0.00745604935296243,0.020840664208606325,0.017314560291219794,0.9543887261472114
0.9769710033236038,0.000786491766701096,0.01875533486317112,0.0034871700465241608
0.0003150639357312158,0.9803860279993879,0.0044407929318019896,0.014858115133078756

Transition Gammas
57.57404309150739,2317.425956908492,1.0,1.0
1.0,1.0,179.28859094661286,6805.711409053407
7.48708756934519,36.25009096324161,1785.9887325827272,34.831020855986274
4.071029903412355,41.19179156400084,2136.697152207107,36.48309435418277

6.547864116609863,17.93271262705409,524.585514201552,54.607327438089506
12.521141872275773,34.99828138406028,29.076801346050317,1602.7303570143092
2840.624502431463,2.286790268955126,54.532697063050854,10.139237136622059
2.0133898594956348,6265.075317440091,28.37851763725098,94.94954816307614

Iteration: ,27500
Error:,0.030037273600569493
Absolute Error:,0.9814962823820425
Transition Probabilities
0.022829387665973314,0.9764046222918973,0.0003829950210647262,0.0003829950210647262
0.00012976901116013468,0.00012976901116013468,0.02510766821385484,0.9746327937638248
0.003782118304204422,0.018528190716731688,0.959090807506372,0.01859888347269183
0.002453590688814717,0.01763927572675725,0.963974434195322,0.015932699389105843

0.01040469399431601,0.02855764362775694,0.8770949465887647,0.08394271578916232
0.007883190103534736,0.023139728806147824,0.016324952418907475,0.9526521286714099
0.9776010156375976,0.0007179934257800857,0.01843298546301804,0.0032480054736043367
0.00028544143602403095,0.9794797716727045,0.004357548346873235,0.01587723854439813

Transition Gammas
59.60753119585631,2549.3924688041434,1.0,1.0
1.0,1.0,193.4796912559658,7510.52030874405
7.651896880397651,37.48581967601746,1940.4109992587394,37.62884367349442
5.966696896889344,42.89558654669554,2344.2146611554217,38.74549591234916

6.848129628508032,18.79598242432234,577.2836658176074,55.249159601159555
14.574623669710693,42.78126427745894,30.181948526754983,1761.2852260544787
3118.7353283128573,2.29053716869994,58.804770095597654,10.361762370384552
2.0148761785472016,6913.959258339898,30.75909539721994,112.0743721367979

Iteration: ,30000
Error:,0.02977645232616403
Absolute Error:,0.9813496105809676
Transition Probabilities
0.021908616155413143,0.977391838549029,0.00034977264777894375,0.00034977264777894375
0.00011936022917163975,0.00011936022917163975,0.024189767474653755,0.975571512067003
0.0034590801967219974,0.01822212615466779,0.96017078469709,0.018148008951520144
0.0022575954839032623,0.01932670706325845,0.961572279710014,0.0168434177428242

0.01158642763526599,0.02737554496083956,0.8811977984025631,0.07984022900133134
0.00962863581219638,0.0234783887264069,0.015986039632631666,0.950906935828765
0.977860954584686,0.000654507625709439,0.018435281075156035,0.0030492567144485136
0.0002637540194479162,0.9792396518956485,0.004153388430553212,0.016343205654350483

Transition Gammas
62.636733588326166,2794.3632664116735,1.0,1.0
1.0,1.0,202.6618719026496,8173.338128097369
7.686538937679601,40.492001991713494,2133.627931029352,40.327303651245366
6.047796290163883,51.77366278044301,2575.9235024248655,45.121262894543264

8.483106972973099,20.043250918807065,645.1768762137282,58.45574017166976
19.332770005471875,47.14087210274797,32.09742621322885,1909.2699574013732
3427.6335334779205,2.294203767192549,64.6200130151769,10.688364759451368
2.016337202393811,7486.055925552496,31.751673874188043,124.93994835118376

Iteration: ,32500
Error:,0.029835839222283545
Absolute Error:,0.9814911706559253
Transition Probabilities
0.022466618216523356,0.9768884285425866,0.00032247662044501766,0.00032247662044501766
0.00011038745998454549,0.00011038745998454549,0.024377091980451675,0.9754021330995792
0.0032378764907757696,0.01889066434992568,0.9601922362635983,0.017679222895700147
0.002091648310899218,0.018275676505571475,0.9640400648611319,0.01559261032239744

0.011248699455383747,0.026875411723064558,0.8855465878546369,0.07632930096691475
0.010027964443364549,0.02398164767963905,0.015522589216959471,0.9504677986600369
0.9766336413651959,0.0006033838701970947,0.019710640043397145,0.0030523347212097996
0.00024384600127570064,0.9797833009371267,0.0039061001754552667,0.016066752886142475

Transition Gammas
69.66898308943894,3029.3310169105616,1.0,1.0
1.0,1.0,220.83207625091225,8836.16792374911
7.7510459588732346,45.221739614546095,2298.5725903489465,42.321709791006846
6.061874814929063,52.9653396116516,2793.9162426650664,45.18945719498552

8.95973030234977,21.406602759576803,705.3489720134903,60.797246254376965
22.0062421066746,52.627424831398834,34.06412720748102,2085.7896545246504
3720.1715705240335,2.298396681156952,75.08134024932616,11.626886861786902
2.018026054586218,8108.512006740226,32.326189007217614,132.96558388166937

Iteration: ,35000
Error:,0.029461002691952252
Absolute Error:,0.98166601436917
Transition Probabilities
0.02255047598502601,0.9768537539822066,0.0002978850163836758,0.0002978850163836758
0.00010261672652642365,0.00010261672652642365,0.024937036680333615,0.9748577298666135
0.00303209237222299,0.018827184618105102,0.9604986979582704,0.017642025051401503
0.001953994169574125,0.017882437142892213,0.9646875319446447,0.01547603674288895

0.010827788024818168,0.026666069511365412,0.8900195944972731,0.07248654796654344
0.010122863979561228,0.023998365412827204,0.016318908739140738,0.9495598618684707
0.9771265971851107,0.0005593339558313098,0.019438908186316706,0.002875160672741295
0.00022694119953754093,0.9797462116970942,0.0037248039389883355,0.01630204316437985

Transition Gammas
75.70194788173234,3279.298052118269,1.0,1.0
1.0,1.0,243.01142244985144,9499.988577550163
7.779739139758618,48.306768753732996,2464.4464603546057,45.26588769337681
6.098808837558456,55.814683268949935,3010.9838283646254,48.30382358739685

9.280860443071315,22.856382959563646,762.8656590981635,62.13065255207393
23.98983567192611,56.87292092543893,38.673634239044084,2250.330054110719
4020.341064685533,2.3013530467594197,79.98046625609925,11.829712294691436
2.019220080741651,8717.338362186969,33.141619616700225,145.0482018325091

Iteration: ,37500
Error:,0.029690378106247736
Absolute Error:,0.981846448526931
Transition Probabilities
0.021688495605039926,0.9777534686806744,0.00027901785714285696,0.00027901785714285696
9.564801530368229e-05,9.564801530368229e-05,0.024503588082711518,0.9753051158866811
0.0031970741423958476,0.018928023211849592,0.9597971141090744,0.01807778853668005
0.0018354248509435246,0.017952370013914063,0.9643841364791761,0.01582806865596637

0.011569315551721164,0.025211774758251662,0.8927030597196954,0.07051584997033186
0.010158604219748572,0.023593436315646255,0.01600693760364702,0.9502410218609582
0.9770421928918861,0.0005244279292942008,0.01965781506588097,0.0027755641129387203
0.00021134949069647987,0.9789235116790144,0.0036844673096255295,0.01718067152066366

Transition Gammas
77.73156824846315,3504.268431751539,1.0,1.0
1.0,1.0,256.1850134047494,10196.81498659527
8.79931844259367,52.09566507114405,2641.6529836868785,49.75556117472785
6.131597323479248,59.97341916278304,3221.714682026777,52.876773111619706

10.533948039155414,22.955508827728607,812.812789437949,64.20520697214857
25.73674807584201,59.77379505727397,40.55345711470014,2407.428546475202
4292.335245442087,2.303913281309842,86.36058203987936,12.193589749372645
2.0202489212622696,9357.340592355355,35.21911069275668,164.2267175179914

Iteration: ,40000
Error:,0.029658628137542813
Absolute Error:,0.9819065274945389
Transition Probabilities
0.021858247997611515,0.9776198313343301,0.0002609603340292275,0.0002609603340292275
8.959770629871872e-05,8.959770629871872e-05,0.02449340212503099,0.9753274024623715
0.0030306264517607913,0.019728564151062278,0.9595026714467549,0.01773813795042208
0.0017247356920862878,0.01822527242452124,0.9647434203990487,0.015306571484343818

0.01119241975285546,0.024407245819523214,0.8948526222297969,0.06954771219782441
0.009999591475962003,0.02440785867325325,0.016123552574515667,0.949468997276269
0.976886893615333,0.0004928541927228076,0.01996574160258552,0.0026545105893588474
0.00019828276627989266,0.9789895705620605,0.003584980399755819,0.017227166271903707

Transition Gammas
83.76080632684736,3746.239193673154,1.0,1.0
1.0,1.0,273.37086111747095,10885.629138882532
8.895100747154297,57.904716570541844,2816.2074955571707,52.06267636324955
6.15546097211893,65.04472171018494,3443.1017457472385,54.62808233234681

10.679200444198438,23.288071404846534,853.8198827264796,66.35865839525067
27.03743728086162,65.99529087009341,43.59573513839005,2567.225723739881
4571.295089999683,2.3062874177188837,93.42872460733467,12.421654239396998
2.021204943975491,9979.377417638632,36.54367065775847,175.60595049550997

Iteration: ,41574
Error:,0.02958788252999757
Absolute Error:,0.9819726020465342
Transition Probabilities
0.021449820341536665,0.9780500546272055,0.0002500625156289071,0.0002500625156289071
8.655760408551885e-05,8.655760408551885e-05,0.02393223264034834,0.9758946521514806
0.002882471868978697,0.020839108163795753,0.9593454984202874,0.016932921546938123
0.0016495282928864752,0.017735392583282227,0.9655668167691208,0.015048262354710568

0.01084799855984334,0.02338662452972097,0.897542135021696,0.06822324188873984
0.010302686495578597,0.02423180966695102,0.016030722234527367,0.9494347816029429
0.9770416467231632,0.00047177422322283215,0.019910875647659577,0.0025757034059544996
0.00019221400809557105,0.9787014713201707,0.00351043981678216,0.017595874854951503


Model Num 3
Model States: 
"['diamond', 'x', 'diamond']","['diamond', 'x', 'square']","['square', 'y', 'diamond', 'x', 'diamond']","['square', 'x', 'square', 'y', 'diamond', 'x', 'diamond']","['square', 'x', 'diamond', 'x', 'square']"
Iteration: ,0
Error:,0.6481290355175917
Absolute Error:,1
Transition Probabilities
0.2,0.2,0.2,0.2,0.2
0.2,0.2,0.2,0.2,0.2
0.2,0.2,0.2,0.2,0.2
0.2,0.2,0.2,0.2,0.2
0.2,0.2,0.2,0.2,0.2

0.2,0.2,0.2,0.2,0.2
0.2,0.2,0.2,0.2,0.2
0.2,0.2,0.2,0.2,0.2
0.2,0.2,0.2,0.2,0.2
0.2,0.2,0.2,0.2,0.2

Transition Gammas
1.0,1.0,1.0,1.0,1.0
1.0,1.0,1.0,1.0,1.0
1.0,1.0,1.0,1.0,1.0
1.0,1.0,1.0,1.0,1.0
1.0,1.0,1.0,1.0,1.0

1.0,1.0,1.0,1.0,1.0
1.0,1.0,1.0,1.0,1.0
1.0,1.0,1.0,1.0,1.0
1.0,1.0,1.0,1.0,1.0
1.0,1.0,1.0,1.0,1.0

Iteration: ,2500
Error:,0.34393290921277564
Absolute Error:,1
Transition Probabilities
0.02488362011401531,0.9660529357772234,0.0030211480362537764,0.0030211480362537764,0.0030211480362537764
0.0022624434389140274,0.0022624434389140274,0.43891402714932126,0.5452488687782805,0.011312217194570135
0.2,0.2,0.2,0.2,0.2
0.0012853470437017994,0.0012853470437017994,0.4730077120822622,0.5115681233933161,0.012853470437017995
0.1337703912384752,0.7551184976504136,0.03703703703703704,0.03703703703703704,0.03703703703703704

0.030879412594454647,0.02431123257227392,0.4262186894256587,0.49300144560439385,0.0255892198032189
0.018742413028998192,0.018972147335746644,0.469413765725706,0.4725417012934594,0.02032997261608967
0.6428833170634529,0.3265044380385879,0.0058309037900874635,0.016034985422740525,0.008746355685131196
0.2,0.2,0.2,0.2,0.2
0.2,0.2,0.2,0.2,0.2

Transition Gammas
8.236478257739067,319.76352174226093,1.0,1.0,1.0
1.0,1.0,194.0,241.0,5.0
1.0,1.0,1.0,1.0,1.0
1.0,1.0,368.0,398.0,10.0
3.61180056343883,20.388199436561166,1.0,1.0,1.0

3.4772335289343337,2.73761143517388,47.99514605389547,55.51534217903311,2.8815215576672677
2.874957684004447,2.91019735188734,72.00485394610455,72.48465782096687,3.1184784423327323
441.01795550552873,223.98204449447132,4.0,11.0,6.0
1.0,1.0,1.0,1.0,1.0
1.0,1.0,1.0,1.0,1.0

Iteration: ,5000
Error:,0.3426261774290693
Absolute Error:,1
Transition Probabilities
0.02760617760853532,0.9678689355136367,0.001508295625942685,0.001508295625942685,0.001508295625942685
0.0011148272017837235,0.0011148272017837235,0.45707915273132665,0.5273132664437012,0.013377926421404682
0.2,0.2,0.2,0.2,0.2
0.0006501950585175553,0.0006501950585175553,0.4850455136540962,0.5045513654096229,0.009102730819245773
0.15142248049806922,0.7803957013201125,0.022727272727272728,0.022727272727272728,0.022727272727272728

0.03676074140892022,0.029909977183476297,0.37617543746617643,0.5404437475460104,0.01671009639541667
0.017126523389130746,0.021847863664830543,0.43528046077046373,0.5076583685358714,0.018086783639703577
0.6353411827331056,0.33773014186660333,0.005094614264919943,0.015283842794759828,0.006550218340611355
0.2,0.2,0.2,0.2,0.2
0.2,0.2,0.2,0.2,0.2

Transition Gammas
18.302895754458913,641.697104245541,1.0,1.0,1.0
1.0,1.0,410.0,473.0,12.0
1.0,1.0,1.0,1.0,1.0
1.0,1.0,746.0,776.0,14.0
6.662589141915046,34.33741085808495,1.0,1.0,1.0

7.920089026943153,6.4440942431451615,81.0468679437039,116.43841855650217,3.600184491066534
5.113129479125875,6.522687250785811,129.9531320562961,151.56158144349791,5.399815508933465
872.9587850752869,464.0412149247129,7.0,21.0,9.0
1.0,1.0,1.0,1.0,1.0
1.0,1.0,1.0,1.0,1.0

Iteration: ,7500
Error:,0.3412258400298794
Absolute Error:,1
Transition Probabilities
0.02114610009126112,0.975883602879036,0.0009900990099009901,0.0009900990099009901,0.0009900990099009901
0.00076103500761035,0.00076103500761035,0.4353120243531202,0.5494672754946728,0.0136986301369863
0.2,0.2,0.2,0.2,0.2
0.0004233700254022015,0.0004233700254022015,0.4796782387806943,0.5122777307366638,0.0071972904318374255
0.1296046294023713,0.81954791297051,0.016949152542372885,0.016949152542372885,0.016949152542372885

0.04085135193401812,0.027898564796099617,0.37999958920478794,0.5361608827057249,0.015089611359369428
0.02014778141898568,0.018695230225848413,0.4179168086192223,0.5248464822798834,0.018393697456060103
0.6527416730074853,0.32351945458895387,0.005440158259149357,0.012858555885262116,0.005440158259149357
0.2,0.2,0.2,0.2,0.2
0.2,0.2,0.2,0.2,0.2

Transition Gammas
21.35756109217373,985.6424389078262,1.0,1.0,1.0
1.0,1.0,572.0,722.0,18.0
1.0,1.0,1.0,1.0,1.0
1.0,1.0,1133.0,1210.0,17.0
7.646673134739906,48.35332686526009,1.0,1.0,1.0

12.789096904890393,8.734042615308551,118.96427755948103,167.8527921575357,4.724017512169732
9.065207612035689,8.41165286776537,188.03572244051895,236.1472078424644,8.275982487830268
1319.8436628211352,654.1563371788648,11.0,26.0,11.0
1.0,1.0,1.0,1.0,1.0
1.0,1.0,1.0,1.0,1.0

Iteration: ,10000
Error:,0.340757537258476
Absolute Error:,1
Transition Probabilities
0.02252206263425397,0.9752557151435237,0.0007407407407407407,0.0007407407407407407,0.0007407407407407407
0.0005790387955993051,0.0005790387955993051,0.43138390272148236,0.5552982049797336,0.012159814707585408
0.2,0.2,0.2,0.2,0.2
0.0003147623544224111,0.0003147623544224111,0.4752911551778407,0.5177840730248662,0.006295247088448221
0.11355260249787866,0.8435902546449786,0.014285714285714289,0.014285714285714289,0.014285714285714289

0.036503527055771236,0.025340812919241267,0.3880666376047223,0.5372887959771214,0.012800226443143695
0.017739835414889906,0.017791708131024736,0.42504071815599964,0.5250016858943638,0.014426052403722129
0.6572455315674686,0.317838142660869,0.006322052807735217,0.013015991074748977,0.005578281889178133
0.2,0.2,0.2,0.2,0.2
0.2,0.2,0.2,0.2,0.2

Transition Gammas
30.40478455624286,1316.595215443757,1.0,1.0,1.0
1.0,1.0,745.0,959.0,21.0
1.0,1.0,1.0,1.0,1.0
1.0,1.0,1510.0,1645.0,20.0
7.948682174851505,59.05131782514849,1.0,1.0,1.0

15.072121212526298,10.463093151497857,160.2307467872796,221.84381927606563,5.285148588630541
10.716724532556542,10.748061103419307,256.76925321272046,317.15618072393426,8.714851411369459
1767.3332343849231,854.6667656150768,17.0,35.0,15.0
1.0,1.0,1.0,1.0,1.0
1.0,1.0,1.0,1.0,1.0

Iteration: ,12500
Error:,0.3403842810177238
Absolute Error:,1
Transition Probabilities
0.019714305614996736,0.9785178688104599,0.0005892751915144372,0.0005892751915144372,0.0005892751915144372
0.00046468401486988845,0.00046468401486988845,0.4275092936802974,0.5590148698884758,0.01254646840148699
0.2,0.2,0.2,0.2,0.2
0.0002527805864509606,0.0002527805864509606,0.47674418604651164,0.5156723963599595,0.007077856420626896
0.13756911332705868,0.8294638537059084,0.01098901098901099,0.01098901098901099,0.01098901098901099

0.03637921125938816,0.025246583466110223,0.39715326994514094,0.5296534706844143,0.011567464644946446
0.016802433759879967,0.021782235628465887,0.424969744307243,0.5232993202911045,0.013146266013306514
0.6595533126863584,0.31571486371411833,0.006257449344457691,0.012514898688915381,0.005959475566150181
0.2,0.2,0.2,0.2,0.2
0.2,0.2,0.2,0.2,0.2

Transition Gammas
33.45517662864946,1660.5448233713505,1.0,1.0,1.0
1.0,1.0,920.0,1203.0,27.0
1.0,1.0,1.0,1.0,1.0
1.0,1.0,1886.0,2040.0,28.0
12.51878931276234,75.48121068723766,1.0,1.0,1.0

18.455220667030726,12.807624267429206,201.47636470757473,268.6938869796693,5.868189693790335
12.949614085508603,16.78754098003147,327.52363529242547,403.30611302033043,10.131810306209665
2213.460917375418,1059.5390826245807,21.0,42.0,20.0
1.0,1.0,1.0,1.0,1.0
1.0,1.0,1.0,1.0,1.0

Iteration: ,15000
Error:,0.34045904625695306
Absolute Error:,1
Transition Probabilities
0.020941721920448967,0.9775797172121287,0.0004928536224741252,0.0004928536224741252,0.0004928536224741252
0.0003875968992248062,0.0003875968992248062,0.4298449612403101,0.5562015503875969,0.01317829457364341
0.2,0.2,0.2,0.2,0.2
0.00020968756552736424,0.00020968756552736424,0.4747326483539526,0.5183476619836443,0.006500314531348291
0.14941036024422158,0.8228118619780006,0.009259259259259259,0.009259259259259259,0.009259259259259259

0.03367518572759792,0.02244416950299554,0.394102211754373,0.5375890869607154,0.012189346054318326
0.01753194318351549,0.02365901049515706,0.41665114668839937,0.5295317419165879,0.012626157716340158
0.6606555619225878,0.31520307421479393,0.005973120955699358,0.012195121951219523,0.005973120955699358
0.2,0.2,0.2,0.2,0.2
0.2,0.2,0.2,0.2,0.2

Transition Gammas
42.49075377659096,1983.509246223409,1.0,1.0,1.0
1.0,1.0,1109.0,1435.0,34.0
1.0,1.0,1.0,1.0,1.0
1.0,1.0,2264.0,2472.0,31.0
16.136318906375934,88.86368109362408,1.0,1.0,1.0

20.623702395457233,13.745488327437208,241.36011585387092,329.23581862941734,7.465124244689172
16.01665296080573,21.614156316299834,380.6398841461291,483.7641813705824,11.534875755310825
2654.514047804955,1266.485952195041,24.0,49.0,24.0
1.0,1.0,1.0,1.0,1.0
1.0,1.0,1.0,1.0,1.0

Iteration: ,17500
Error:,0.3404747402474859
Absolute Error:,1
Transition Probabilities
0.020892678149216835,0.9778420329431493,0.00042176296921130323,0.00042176296921130323,0.00042176296921130323
0.0003341129301703976,0.0003341129301703976,0.42499164717674576,0.5626461744069495,0.011693952555963916
0.2,0.2,0.2,0.2,0.2
0.00017828489926903192,0.00017828489926903192,0.4720984132643965,0.5209484756641113,0.006596541272954181
0.17147038517157093,0.803529614828429,0.008333333333333331,0.008333333333333331,0.008333333333333331

0.030693267897459787,0.021671614652576367,0.3990500420993678,0.5365355215949202,0.012049553755675879
0.01564524747849436,0.02122246991242832,0.41581279073568805,0.5355433028427916,0.011776189030597675
0.6617033495169745,0.3145279138663231,0.005781584582441115,0.01220556745182013,0.005781584582441115
0.2,0.2,0.2,0.2,0.2
0.2,0.2,0.2,0.2,0.2

Transition Gammas
49.53653989179312,2318.463460108207,1.0,1.0,1.0
1.0,1.0,1272.0,1684.0,35.0
1.0,1.0,1.0,1.0,1.0
1.0,1.0,2648.0,2922.0,37.0
20.576446220588515,96.4235537794115,1.0,1.0,1.0

21.49861234620794,15.179538519282216,279.5082684089913,375.80779040130494,8.439918681956602
16.686687013959162,22.63516212055069,443.4917315910086,571.1922095986954,12.560081318043396
3090.1546422442702,1468.8453577557286,27.0,57.0,27.0
1.0,1.0,1.0,1.0,1.0
1.0,1.0,1.0,1.0,1.0

Iteration: ,20000
Error:,0.3388768123675036
Absolute Error:,1
Transition Probabilities
0.02117684326341146,0.9777198099179052,0.00036778227289444666,0.00036778227289444666,0.00036778227289444666
0.00029291154071470416,0.00029291154071470416,0.4209138840070299,0.5673696543643819,0.011130638547158758
0.2,0.2,0.2,0.2,0.2
0.0001554001554001554,0.0001554001554001554,0.47195027195027195,0.5210567210567211,0.006682206682206682
0.16931449191011338,0.807958235362614,0.007575757575757576,0.007575757575757576,0.007575757575757576

0.030149027806600115,0.019734434891203013,0.4002654572813975,0.5386078816238995,0.011243198396899702
0.015100186913293902,0.019849652113439933,0.41482905444327905,0.5394437354381606,0.010777371091826577
0.664389963891734,0.3128784937449371,0.005448055607739997,0.011835431147848957,0.005448055607739997
0.2,0.2,0.2,0.2,0.2
0.2,0.2,0.2,0.2,0.2

Transition Gammas
57.57983683321573,2658.420163166783,1.0,1.0,1.0
1.0,1.0,1437.0,1937.0,38.0
1.0,1.0,1.0,1.0,1.0
1.0,1.0,3037.0,3353.0,43.0
22.349512932134967,106.65048706786504,1.0,1.0,1.0

23.935049190150913,15.66699506500739,317.7672418031071,427.59608115950033,8.92587676162176
18.318168962064682,24.07978678277702,503.23275819689275,654.4039188404988,13.074123238378238
3536.5477777957003,1665.4522222043001,29.0,63.0,29.0
1.0,1.0,1.0,1.0,1.0
