0,1,2,3,4,5,6,7,8,9,10,11,12,13,14,15,16,17,18,19,20,21,22,23,24,25,26,27,28,29
github Code Version (SHA):,cd93f48c3be2409aefa56252372b16f046dc3cc1
Environment Observations,Environment Actions,alpha,epsilon,numActions,explore,patience,gainThresh,insertRandActions,useBudd,revisedSplitting,haveControl,confidence_factor
"['rose', 'volcano', 'nothing']","['b', 'f', 't']",0.99,0.99,75000,0.5,0,0.01,False,False,False,False,250

Model Num 0
Model States: 
['rose'],['volcano'],['nothing']
Iteration: ,0
Error:,0.788663159278617
Absolute Error:,1
Transition Probabilities
0.3333333333333333,0.3333333333333333,0.3333333333333333
0.3333333333333333,0.3333333333333333,0.3333333333333333
0.3333333333333333,0.3333333333333333,0.3333333333333333

0.3333333333333333,0.3333333333333333,0.3333333333333333
0.3333333333333333,0.3333333333333333,0.3333333333333333
0.3333333333333333,0.3333333333333333,0.3333333333333333

0.3333333333333333,0.3333333333333333,0.3333333333333333
0.3333333333333333,0.3333333333333333,0.3333333333333333
0.3333333333333333,0.3333333333333333,0.3333333333333333

Transition Gammas
1.0,1.0,1.0
1.0,1.0,1.0
1.0,1.0,1.0

1.0,1.0,1.0
1.0,1.0,1.0
1.0,1.0,1.0

1.0,1.0,1.0
1.0,1.0,1.0
1.0,1.0,1.0

Iteration: ,2500
Error:,0.23434143737374766
Absolute Error:,1
Transition Probabilities
0.01809954751131222,0.01809954751131222,0.9638009049773756
0.009389671361502348,0.014084507042253521,0.9765258215962441
0.47255369928400953,0.5107398568019093,0.016706443914081145

0.0047169811320754715,0.0047169811320754715,0.9905660377358491
0.017857142857142856,0.008928571428571428,0.9732142857142857
0.5056433408577878,0.48306997742663654,0.011286681715575621

0.9660194174757282,0.014563106796116505,0.019417475728155338
0.02030456852791878,0.9644670050761421,0.015228426395939087
0.007692307692307693,0.007692307692307693,0.9846153846153847

Transition Gammas
4.0,4.0,213.0
2.0,3.0,208.0
198.0,214.0,7.0

1.0,1.0,210.0
4.0,2.0,218.0
224.0,214.0,5.0

199.0,3.0,4.0
4.0,190.0,3.0
3.0,3.0,384.0

Iteration: ,5000
Error:,0.23713064385704397
Absolute Error:,1
Transition Probabilities
0.022727272727272728,0.015909090909090907,0.9613636363636363
0.014354066985645933,0.014354066985645933,0.9712918660287081
0.49459783913565425,0.4909963985594238,0.014405762304921969

0.01141552511415525,0.00684931506849315,0.9817351598173516
0.011990407673860911,0.011990407673860911,0.9760191846522782
0.5211764705882352,0.4682352941176471,0.010588235294117647

0.960093896713615,0.014084507042253521,0.025821596244131457
0.015037593984962405,0.9699248120300752,0.015037593984962405
0.009950248756218905,0.01616915422885572,0.9738805970149254

Transition Gammas
10.0,7.0,423.0
6.0,6.0,406.0
412.0,409.0,12.0

5.0,3.0,430.0
5.0,5.0,407.0
443.0,398.0,9.0

409.0,6.0,11.0
6.0,387.0,6.0
8.0,13.0,783.0

Iteration: ,7500
Error:,0.2385928752772183
Absolute Error:,1
Transition Probabilities
0.024691358024691357,0.012345679012345678,0.9629629629629629
0.009345794392523364,0.014018691588785047,0.9766355140186916
0.5027844073190135,0.4789180588703262,0.018297533810660304

0.015503875968992248,0.012403100775193798,0.9720930232558139
0.008375209380234505,0.01340033500837521,0.9782244556113903
0.5044462409054163,0.4834276475343573,0.012126111560226353

0.9580093312597201,0.013996889580093312,0.027993779160186624
0.013223140495867768,0.968595041322314,0.01818181818181818
0.015187849720223821,0.012789768185451638,0.9720223820943246

Transition Gammas
16.0,8.0,624.0
6.0,9.0,627.0
632.0,602.0,23.0

10.0,8.0,627.0
5.0,8.0,584.0
624.0,598.0,15.0

616.0,9.0,18.0
8.0,586.0,11.0
19.0,16.0,1216.0

Iteration: ,9415
Error:,0.23770502862050094
Absolute Error:,1
Transition Probabilities
0.021383647798742137,0.012578616352201259,0.9660377358490566
0.013142174432497013,0.016726403823178016,0.970131421744325
0.4891304347826087,0.4929667519181586,0.017902813299232736

0.01282051282051282,0.01282051282051282,0.9743589743589743
0.009333333333333334,0.012,0.9786666666666667
0.49421593830334193,0.4929305912596401,0.012853470437017995

0.956359102244389,0.016209476309226933,0.02743142144638404
0.011450381679389313,0.9694656488549618,0.019083969465648856
0.014012738853503185,0.010828025477707006,0.9751592356687898


Model Num 1
Model States: 
['rose'],['volcano'],"['nothing', 'b', 'volcano']","['nothing', 'b', 'rose']"
Iteration: ,0
Error:,0.7473410236460237
Absolute Error:,0.7399999999999999
Transition Probabilities
0.25,0.25,0.25,0.25
0.25,0.25,0.25,0.25
0.25,0.25,0.25,0.25
0.25,0.25,0.25,0.25

0.25,0.25,0.25,0.25
0.25,0.25,0.25,0.25
0.25,0.25,0.25,0.25
0.25,0.25,0.25,0.25

0.25,0.25,0.25,0.25
0.25,0.25,0.25,0.25
0.25,0.25,0.25,0.25
0.25,0.25,0.25,0.25

Transition Gammas
1.0,1.0,1.0,1.0
1.0,1.0,1.0,1.0
1.0,1.0,1.0,1.0
1.0,1.0,1.0,1.0

1.0,1.0,1.0,1.0
1.0,1.0,1.0,1.0
1.0,1.0,1.0,1.0
1.0,1.0,1.0,1.0

1.0,1.0,1.0,1.0
1.0,1.0,1.0,1.0
1.0,1.0,1.0,1.0
1.0,1.0,1.0,1.0

Iteration: ,2500
Error:,0.06040032299814352
Absolute Error:,0.04998063797471383
Transition Probabilities
0.022321428571428575,0.03125000000000001,0.9318672789674798,0.014561292461091618
0.016736401673640173,0.020920502092050215,0.008856611037266066,0.9534864851970435
0.0027802114511237736,0.9591729506377019,0.01899977574327553,0.019047062167898775
0.9832629876017561,0.0026503045487917955,0.006539525201060168,0.007547182648391885

0.016064257028112452,0.02409638554216868,0.012261294069366237,0.9475780633603526
0.02597402597402597,0.012987012987012984,0.9537649909233693,0.007273970115591839
0.8955340775078673,0.04908484633822488,0.03156521051145411,0.0238158656424537
0.02071099974707441,0.9346679380393697,0.029685703369271156,0.014935358844284848

0.9509803921568627,0.0196078431372549,0.014705882352941176,0.014705882352941176
0.007751937984496124,0.9612403100775194,0.026197484376795453,0.004810267561189042
0.02026618022893265,0.03200865152280727,0.030986535163089784,0.9167386330851703
0.009728535569033005,0.01788726406831344,0.8931743874156924,0.07920981294696111

Transition Gammas
5.0,7.0,208.73827048871541,3.2617295112845217
4.0,5.0,2.116730037906589,227.88326996209335
1.0,345.0,6.833931906724482,6.850940118313615
371.0,1.0,2.4674617881335057,2.847666186828396

4.0,6.0,3.0530622232721925,235.94693777672774
6.0,3.0,220.31971290329835,1.6802870967017154
85.82189029153206,4.703957563668299,3.024994918207711,2.282350453991041
2.178109708467961,98.2960424363317,3.1219506301448874,1.5707039976563606

194.0,4.0,3.0,3.0
2.0,248.0,6.758950969213227,1.241049030786773
1.9902141144571033,3.1433683765667846,3.0429927565561066,90.02713615610179
1.0097858855428967,1.8566316234332154,92.70818648303896,8.22168460430316

Iteration: ,5000
Error:,0.04753818413517891
Absolute Error:,0.03903104776027423
Transition Probabilities
0.02092050209205022,0.027196652719665284,0.9345532610280362,0.017329584160248417
0.017353579175704986,0.021691973969631233,0.004599023924739885,0.9563554229299239
0.001383730824365333,0.9644603845826372,0.020381037208308334,0.013774847384689095
0.9835415916216529,0.0013363336842685501,0.008243009394533872,0.006879065299544609

0.016736401673640173,0.016736401673640173,0.01269004401387987,0.9538371526388398
0.02360515021459227,0.010729613733905578,0.9599042333747856,0.00576100267671653
0.9230722218741152,0.035264112249151006,0.019930756922046225,0.02173290895468756
0.013675023593944912,0.9576782395914214,0.02069737032335558,0.007949366491277988

0.9623893805309734,0.011061946902654867,0.012597547265753347,0.013951125300618332
0.01735357917570499,0.9566160520607375,0.016425161455591378,0.009605207307966105
0.015805710657976414,0.01903181915292113,0.021567913326877006,0.9435945568622255
0.01585831964827909,0.017868552466376617,0.9195715319393932,0.04670159594595107

Transition Gammas
10.0,13.0,446.71645877140105,8.28354122859874
8.0,10.0,2.1201500293050874,440.879849970695
1.0,697.0,14.729047622145998,9.954860542336414
736.0,1.0,6.1683765750810435,5.147715260436547

8.0,8.0,6.065841038634576,455.93415896136526
11.0,5.0,447.3153727526502,2.684627247349904
182.24354619668352,6.962247067423535,3.9349595121422176,4.290761116210971
2.7564538033163615,193.03775293257644,4.171937602485903,1.6023417691609083

435.0,5.0,5.694091364120513,6.3059086358794865
8.0,441.0,7.571999431027625,4.428000568972374
3.095451074707692,3.7272645517411105,4.2239429742560715,184.79718174857805
2.904548925292308,3.27273544825889,168.42519031414596,8.553684963019895

Iteration: ,7500
Error:,0.03983492286628695
Absolute Error:,0.03246605232093069
Transition Probabilities
0.01573676680972819,0.02145922746781117,0.9466293655336341,0.016174640188826618
0.01282051282051282,0.01566951566951567,0.011584445412899934,0.9599255260970716
0.0009044922891247661,0.9705202262308741,0.018326660482134608,0.010248620997866466
0.9826006354040605,0.0008965334264635589,0.009561469510833458,0.006941361658642322

0.014005602240896359,0.015406162464985995,0.011317869719004593,0.9592703655751131
0.021802325581395356,0.007267441860465119,0.9612066078393444,0.009723624718795024
0.9401675046370004,0.02814343580533127,0.01692106994459973,0.014767989613068789
0.010052260068803687,0.9694386126670081,0.014836223371496631,0.005672903892691579

0.9571865443425076,0.013761467889908258,0.01119745521511155,0.017854532552472546
0.0182328190743338,0.9621318373071529,0.01306755942334888,0.006567784195164445
0.021547133895635822,0.018720335831620336,0.015097316876510815,0.944635213396233
0.01641975718930648,0.012385688234896032,0.9415605740699101,0.029633980505887208

Transition Gammas
11.0,15.0,661.6939265080099,11.3060734919898
9.0,11.0,8.132280679855754,673.8677193201443
1.0,1073.0,20.261820584306406,11.330799743780641
1096.0,1.0,10.664933652891637,7.742446019021317

10.0,11.0,8.08095897936928,684.9190410206307
15.0,5.0,661.3101461934688,6.689853806530974
273.1606858696366,8.176926121564474,4.916327195864508,4.290761116210971
2.8393141303633502,273.8230738784355,4.190569918763612,1.6023417691609083

626.0,9.0,7.323135710682954,11.676864289317045
13.0,686.0,9.317169868847751,4.682830131152249
6.1359689498164816,5.330982763151838,4.2992570626097715,269.00340279022123
4.8640310501835184,3.6690172368481617,278.9188545910585,8.7784855561105

Iteration: ,10000
Error:,0.037028040695701
Absolute Error:,0.030451356575292212
Transition Probabilities
0.013172338090010975,0.023051591657519205,0.9491495924577001,0.01462647779476962
0.009846827133479216,0.014223194748358868,0.013287514321187412,0.9626424637969745
0.0006847682423803931,0.9730556724225385,0.01579639208311856,0.010463167251962313
0.9835725377466992,0.0006663770580939696,0.008797989091288906,0.006963096103918052

0.013251783893985725,0.01223241590214067,0.012329137179578526,0.9621866630242951
0.01857923497267761,0.006557377049180333,0.9631689746000235,0.011694413378118537
0.9446832740747149,0.02485570142431219,0.018356449191101187,0.012104575309871942
0.010755433379888206,0.9696727524603121,0.015267424211505207,0.004304389948294482

0.9614112458654906,0.014332965821389196,0.010590323564328234,0.013665464748791944
0.020607375271149676,0.9533622559652929,0.017657330787731927,0.008373037975825563
0.01623960605880626,0.015948104169908172,0.012115477551036254,0.9556968122202493
0.01720081866305811,0.01747950237577035,0.9412969978283949,0.02402268113277658

Transition Gammas
12.0,21.0,864.6752787289649,13.324721271035125
9.0,13.0,12.14478808956529,879.8552119104344
1.0,1421.0,23.06823112620863,15.279866390401262
1476.0,1.0,13.202719067870808,10.449183415519306

13.0,12.0,12.094883573166538,943.9051164268337
17.0,6.0,881.2996117590209,10.700388240978453
362.9908703358864,9.550706507064117,7.053394138560037,4.6511359387412945
4.009129664113199,361.44929349293596,5.690991812138565,1.6044781105601023

872.0,13.0,9.605423472845708,12.394576527154292
19.0,879.0,16.280058986288836,7.719941013711169
6.16725421040646,6.056551632699947,4.601049413830778,362.94138956906585
6.83274578959354,6.9434483673000535,373.9149411813828,9.542619835720362

Iteration: ,12500
Error:,0.035038656165742046
Absolute Error:,0.028820225711242955
Transition Probabilities
0.014084507042253523,0.019366197183098597,0.9530439099286468,0.013505385846001037
0.00868055555555556,0.013020833333333339,0.014028309185584521,0.9642703019255267
0.0005493724086039643,0.9745866528634326,0.014786083846561127,0.010077890881402212
0.9841696501034458,0.0005322713088715228,0.009119506152207532,0.006178572435475098

0.01631321370309951,0.012234910277324634,0.009874664320172498,0.9615772116994035
0.015057573073516392,0.00797165633303809,0.962162613528624,0.014808157064821631
0.9495171136148078,0.022685885262999618,0.015968342399889833,0.011828658722302826
0.012477036468503632,0.9709185585062778,0.013147394253743925,0.003457010771474693

0.957931638913234,0.014022787028921999,0.01467867310390883,0.013366900953935168
0.020761245674740483,0.9567474048442907,0.015502073065458154,0.0069892764155107074
0.013280746296823872,0.01513481071741952,0.010932932852233629,0.9606515101335229
0.01773734795377142,0.01599195825772587,0.9441657483530632,0.022104945435439463

Transition Gammas
16.0,22.0,1082.6578816789427,15.342118321057175
10.0,15.0,16.16061218179336,1110.8393878182062
1.0,1774.0,26.914500282485484,18.34437027336631
1849.0,1.0,17.13319128837124,11.607938155776967

20.0,15.0,12.106338456531482,1178.8936615434686
17.0,9.0,1086.281590673816,16.718409326183615
453.18924339789265,10.827608087031184,7.621432943925094,5.645628519916233
5.810756602107067,452.1723919129689,6.122953006773508,1.609985529385164

1093.0,16.0,16.748366011559973,15.251633988440027
24.0,1106.0,17.920396463669626,8.079603536330378
6.201611172817911,7.067389824778152,5.1052702169527215,448.5882800014957
8.79838882718209,7.932610175221849,468.3415690422476,10.964880739303933

Iteration: ,15000
Error:,0.03426648943998143
Absolute Error:,0.028019294918327026
Transition Probabilities
0.014367816091954028,0.01939655172413794,0.9544854296191188,0.011750202564789284
0.010115606936416183,0.01228323699421965,0.012409465568773828,0.9651916905005903
0.00045511351681679535,0.9743980395047589,0.014136500079559982,0.011010346898864348
0.9831922266352561,0.000445286334526837,0.00958680492204414,0.006775682108172931

0.014644351464435141,0.011854951185495115,0.009145364609112796,0.9643553327409569
0.017725258493353033,0.008862629246676516,0.958836665216692,0.014575447043278511
0.9558909167773767,0.019374146717524743,0.014700041859672264,0.010034894645426274
0.012347016535845141,0.969336726629879,0.015194177977044131,0.0031220788572317052

0.9604395604395605,0.013186813186813187,0.013402957352044984,0.01297066902158139
0.019971469329529243,0.9586305278174037,0.014050876194276843,0.007347126658790207
0.016255451638866256,0.01523934888672013,0.0105350125433341,0.9579701869310795
0.016554608512946527,0.01753639453886773,0.947018679458828,0.01889031748935776

Transition Gammas
20.0,27.0,1328.6437180298128,16.35628197018668
14.0,17.0,17.17470034718298,1335.8252996528172
1.0,2141.0,31.061481492430797,24.192528879111563
2208.0,1.0,21.529528707030988,15.216460921426652

21.0,17.0,13.114452849467753,1382.8855471505326
24.0,12.0,1298.2648447034007,19.7351552965991
538.2096977678971,10.908518395073711,8.276786553368046,5.650098269011387
6.790302232102931,533.0914816049267,8.356112614975927,1.717002562644637

1311.0,18.0,18.295036785541402,17.704963214458598
28.0,1344.0,19.699328424376134,10.30067157562387
9.250242935784748,8.67202477772398,5.99499955598753,545.1375422362402
9.749757064215252,10.32797522227602,557.7420965755055,11.125361632266927

Iteration: ,17500
Error:,0.032889565647753215
Absolute Error:,0.026518282130192875
Transition Probabilities
0.013488657265481301,0.01716738197424893,0.9580822668577734,0.011261693902496376
0.009322560596643869,0.0118085767557489,0.010680827056345958,0.9681880355912613
0.0003904746132962369,0.9769674824671848,0.012600410733550093,0.010041632185968877
0.9844172388911085,0.0003799371821270199,0.008691907626308127,0.006510916300456262

0.01375598086124402,0.01076555023923445,0.009641304555284327,0.9658371643442372
0.016466117796073463,0.01013299556681444,0.9577241942824647,0.015676692354647342
0.9565976938350129,0.01883871902734639,0.015245607260747956,0.009317979876892772
0.012522604018132846,0.9703131804869382,0.014400213315921158,0.0027640021790075876

0.9596022374145432,0.013673088875077687,0.014989809281905858,0.01173486442847326
0.019692307692307693,0.96,0.01260591758862848,0.007701774719063828
0.017877018686023774,0.013147368389099676,0.009141900334326948,0.9598337125905496
0.01506664132818308,0.01672684801601919,0.9506829937021807,0.017523516953617136

Transition Gammas
22.0,28.0,1562.6321772450283,18.367822754971588
15.0,19.0,17.185450733660662,1557.814549266341
1.0,2502.0,32.26947490179261,25.716478982337083
2591.0,1.0,22.877222959984646,17.136823155885658

23.0,18.0,16.120261216435395,1614.8797387835646
26.0,16.0,1512.2465027720118,24.753497227988152
628.0677334399364,12.368827184793473,10.00971888065714,6.117851359286622
7.932266560063516,614.631172815207,9.121611637504627,1.7508181225516086

1544.0,22.0,24.118603134586525,18.881396865413475
32.0,1560.0,20.48461608152128,12.51538391847872
11.805520926165066,8.682182156181414,6.037074615030061,633.8493670919112
10.194479073834936,11.317817843818586,643.256693648018,11.856864645040607

Iteration: ,20000
Error:,0.031472257561112514
Absolute Error:,0.02586776139698324
Transition Probabilities
0.013955984970477729,0.018250134192163186,0.9563193094197077,0.011474571417651394
0.009830693610049148,0.01146914254505734,0.009390497755334066,0.9693096660895595
0.00034243497153483275,0.9766245388173429,0.012254638734298124,0.010778387476824105
0.9840701705037954,0.00033369622601010356,0.0085719683582367,0.007024164911957826

0.013655462184873955,0.011029411764705887,0.00899578260670817,0.966319343443712
0.01601325234676975,0.012147984538928775,0.9559487847408895,0.015889978373411957
0.9594370374643916,0.017175596655841258,0.014820766981093112,0.00856659889867406
0.011037361465463741,0.9720422259587134,0.014410626343120334,0.0025097862327025156

0.9596510359869138,0.013086150490730643,0.015397553522331712,0.011865260000023794
0.017094017094017096,0.9615384615384616,0.012754911785408772,0.008612609582112596
0.016530145370741434,0.012263433117411038,0.008058795575631996,0.9631476259362155
0.014871882549876618,0.01642083085087558,0.9519927459062507,0.01671454069299704

Transition Gammas
26.0,34.0,1781.6228734489148,21.37712655108454
18.0,21.0,17.194001390016684,1774.8059986099845
1.0,2852.0,35.78676172988825,31.475720568241435
2949.0,1.0,25.687939179681226,21.049578522189073

26.0,21.0,17.12797008317235,1839.872029916827
29.0,22.0,1731.2232491657498,28.776750834249032
728.006578951383,13.032587730731498,11.245777936461678,6.500208053208338
7.993421048617163,703.9674122692693,10.436389556986867,1.8176244533431118

1760.0,24.0,28.23911315995636,21.76088684004364
32.0,1800.0,23.877194862285222,16.12280513771478
12.420761350357859,9.214751151375113,6.05538392865054,723.7097157107997
11.579238649642143,12.785248848624887,741.2209692086402,13.013931151908768

Iteration: ,22500
Error:,0.031118108126586993
Absolute Error:,0.02522652269994864
Transition Probabilities
0.014783023366714358,0.016690510252742017,0.9564188532974452,0.012107613083098337
0.009232264334305148,0.012633624878522836,0.00932983927914311,0.968804271508029
0.00030421337592004396,0.9777417902070213,0.012084405046518183,0.009869591370540488
0.9851501694404124,0.0002979885569995198,0.008069055322787764,0.006482786679800239

0.01548568747067106,0.01032379164711404,0.008509706091452941,0.9656808147907621
0.014598540145985408,0.011192214111922146,0.959221684923283,0.014987560818809488
0.9605310254242552,0.016492587158285835,0.015154741524830408,0.00782164589262868
0.012086492841129219,0.9706658203784831,0.014981110585220083,0.002266576195167566

0.9576923076923077,0.014423076923076924,0.01579604100211804,0.012088574382497348
0.016794625719769675,0.9620921305182342,0.013110380528652665,0.0080028632333435
0.016118313727423624,0.011493367320225031,0.00715983415177088,0.9652284848005805
0.014286793848889034,0.015362923031487985,0.9551855964917155,0.015164686627907462

Transition Gammas
31.0,35.0,2005.6103353647422,25.38966463525721
19.0,26.0,19.200809236476523,1993.799190763524
1.0,3214.0,39.723450719321136,32.44298953223707
3306.0,1.0,27.078406647677973,21.755153100763817

33.0,22.0,18.134183680886203,2057.865816319112
30.0,23.0,1971.2005625173456,30.799437482653484
825.0033020919386,14.16553812992674,13.016458052266046,6.7180377503812
9.996697908061595,802.8344618700737,12.390826587683401,1.8746776096693483

1992.0,30.0,32.85576528440552,25.144234715594482
35.0,2005.0,27.32203302171215,16.677966978287852
13.687399586014596,9.759973267743757,6.080010146355819,819.6557150262581
12.312600413985406,13.240026732256243,823.1950915783204,13.069183249064086

Iteration: ,25000
Error:,0.030310933272254995
Absolute Error:,0.02487203596841549
Transition Probabilities
0.014254859611231095,0.01598272138228941,0.9579253928277577,0.011837026178721793
0.010017421602787452,0.012195121951219507,0.010108126067583476,0.9676793303784097
0.00027316068905195535,0.978734748873156,0.011295717868462892,0.00969637256932904
0.9856702712897887,0.00026960346588889185,0.007889234592911179,0.006170890651411152

0.016108520559559164,0.011445527766002564,0.008962112604801991,0.9634838390696363
0.014397905759162324,0.012216404886561972,0.9599412946230745,0.013444394731201185
0.9605998449370512,0.01560792251885475,0.015397711189912023,0.008394521354182047
0.012704058674279725,0.9706572318137466,0.014447078614634994,0.002191630897338667

0.9571614019904803,0.014279532669839896,0.016964676546023887,0.011594388793655907
0.01683937823834197,0.9620034542314335,0.012387793178640638,0.008769374351583889
0.015462478680134444,0.010916356856651549,0.0064314858279296986,0.9671896786352844
0.012826207305577712,0.014194099547516414,0.9577546846569156,0.015225008489990316

Transition Gammas
33.0,37.0,2217.59728439626,27.402715603740962
23.0,28.0,23.20825745117167,2221.7917425488295
1.0,3583.0,41.351916001040834,35.49695456905508
3656.0,1.0,29.262363400633973,22.888766029270112

38.0,27.0,21.14162363472786,2272.858376365268
33.0,28.0,2200.185447276084,30.814552723913074
911.2181654266458,14.805564042834142,14.606159074656533,7.962983117589226
11.781834573354715,900.1944359571662,13.398323690875946,2.03253411687829

2212.0,33.0,39.205367497861204,26.7946325021388
39.0,2228.0,28.690129001731716,20.309870998268288
14.674610834413139,10.360129958125583,6.103778932492025,917.9079519293797
12.325389165586863,13.639870041874417,920.3577435105793,14.630525627547732

Iteration: ,27102
Error:,0.031185183258581942
Absolute Error:,0.025459670732136928
Transition Probabilities
0.014729299363057327,0.015525477707006373,0.9576389756287489,0.012106247301187364
0.010420841683366724,0.012424849699398787,0.010507539562533651,0.9666467690547009
0.0002502347493850113,0.9794188090929342,0.01096221685084489,0.00936873930683579
0.985090779158346,0.00024951640809481914,0.007948618353519715,0.006711086080039421

0.015741833923652124,0.011806375442739095,0.009896729140779654,0.9625550614928292
0.01441730076091311,0.012815378454144986,0.9600219228512161,0.012745397933725776
0.9598095111083798,0.014438169995135303,0.01604345550842208,0.0097088633880629
0.012913213082765522,0.9695289008032668,0.01410872796868689,0.003449158145280779

0.9566265060240964,0.015261044176706828,0.016420476686403812,0.011691973112792978
0.018261214767764985,0.9583167923779278,0.01313718683830356,0.010284806016003704
0.015359004714986428,0.012112144891705711,0.006017433037551443,0.9665114173557564
0.012794698050092498,0.014056556092420316,0.9584854217753411,0.014663324082146021

*,*,*,*,*,*,*,*,*,*,*
Model Num 1
Model States: 
['rose'],['volcano'],"['nothing', 'b', 'volcano']","['nothing', 'b', 'rose']"
Iteration: ,27102
Error:,0.0311125476151135
Transition Probabilities
0.014729299363057327,0.015525477707006373,0.9576389756287489,0.012106247301187364
0.010420841683366724,0.012424849699398787,0.010507539562533651,0.9666467690547009
0.0002502347493850113,0.9794188090929342,0.01096221685084489,0.00936873930683579
0.985090779158346,0.00024951640809481914,0.007948618353519715,0.006711086080039421

0.015741833923652124,0.011806375442739095,0.009896729140779654,0.9625550614928292
0.01441730076091311,0.012815378454144986,0.9600219228512161,0.012745397933725776
0.9598095111083798,0.014438169995135303,0.01604345550842208,0.0097088633880629
0.012913213082765522,0.9695289008032668,0.01410872796868689,0.003449158145280779

0.9566265060240964,0.015261044176706828,0.016420476686403812,0.011691973112792978
0.018261214767764985,0.9583167923779278,0.01313718683830356,0.010284806016003704
0.015359004714986428,0.012112144891705711,0.006017433037551443,0.9665114173557564
0.012794698050092498,0.014056556092420316,0.9584854217753411,0.014663324082146021

Transition Gammas
37.0,39.0,2405.589106779417,30.41089322058265
26.0,31.0,26.216311208521486,2411.783688791481
1.0,3914.0,43.807732050748946,37.439801345979504
3948.0,1.0,31.85609481240667,26.896371790864873

40.0,30.0,25.147588746721066,2445.852411253276
36.0,32.0,2397.1747413594844,31.825258640513233
985.0780919638249,14.818278820589047,16.465826143452727,9.964465355637106
12.921908036175308,970.1817211794114,14.118227907360003,3.4514805935501593

2382.0,38.0,40.88698694914549,29.113013050854516
46.0,2414.0,33.09257364568667,25.90742635431333
15.676605537280599,12.362605598550756,6.141864386866784,986.4974012528363
13.323394462719403,14.637394401449246,998.0914993915413,15.269234968754263

