0,1,2,3,4,5,6,7,8,9,10,11,12,13,14,15,16,17,18,19,20,21,22,23,24,25,26,27,28,29
github Code Version (SHA):,cd93f48c3be2409aefa56252372b16f046dc3cc1
Environment Observations,Environment Actions,alpha,epsilon,numActions,explore,patience,gainThresh,insertRandActions,useBudd,revisedSplitting,haveControl,confidence_factor
"['square', 'diamond']","['x', 'y']",0.99,0.99,75000,0.5,0,0.01,False,False,False,False,250

Model Num 0
Model States: 
['square'],['diamond']
Iteration: ,0
Error:,0.6762453336028745
Absolute Error:,1
Transition Probabilities
0.5,0.5
0.5,0.5

0.5,0.5
0.5,0.5

Transition Gammas
1.0,1.0
1.0,1.0

1.0,1.0
1.0,1.0

Iteration: ,2500
Error:,0.25628980261417017
Absolute Error:,1
Transition Probabilities
0.9884615384615385,0.011538461538461539
0.9765957446808511,0.023404255319148935

0.22007722007722008,0.7799227799227799
0.325678496868476,0.6743215031315241

Transition Gammas
771.0,9.0
459.0,11.0

171.0,606.0
156.0,323.0

Iteration: ,2668
Error:,0.2561482159316608
Absolute Error:,1
Transition Probabilities
0.9890909090909091,0.01090909090909091
0.978,0.022

0.22302158273381295,0.7769784172661871
0.3262135922330097,0.6737864077669903


Model Num 1
Model States: 
['diamond'],"['square', 'y', 'diamond']","['square', 'y', 'square']"
Iteration: ,0
Error:,0.6182997941760249
Absolute Error:,1
Transition Probabilities
0.3333333333333333,0.3333333333333333,0.3333333333333333
0.3333333333333333,0.3333333333333333,0.3333333333333333
0.3333333333333333,0.3333333333333333,0.3333333333333333

0.3333333333333333,0.3333333333333333,0.3333333333333333
0.3333333333333333,0.3333333333333333,0.3333333333333333
0.3333333333333333,0.3333333333333333,0.3333333333333333

Transition Gammas
1.0,1.0,1.0
1.0,1.0,1.0
1.0,1.0,1.0

1.0,1.0,1.0
1.0,1.0,1.0
1.0,1.0,1.0

Iteration: ,2500
Error:,0.1316373890757006
Absolute Error:,1
Transition Probabilities
0.019193857965451054,0.9575111058800245,0.023295036154524534
0.023929439668127158,0.939777225390628,0.03629333494124475
0.02504942166504186,0.9603712539270287,0.014579324407929412

0.6904761904761905,0.018368304008581773,0.2911555055152278
0.9969604863221885,0.001519756838905775,0.001519756838905775
0.0021598272138228934,0.03450870280552391,0.9633314699806532

Transition Gammas
10.0,498.8632861634928,12.136713836507282
5.1969722967159315,204.09989841696552,7.882150976410362
3.8030277032840676,145.80450331191486,2.213447294709368

348.0,9.257625220325213,146.7423747796748
656.0,1.0,1.0
1.0,15.977529398957573,446.0224706010426

Iteration: ,5000
Error:,0.12381451971345557
Absolute Error:,1
Transition Probabilities
0.016932270916334657,0.9619565496470475,0.021111179436617913
0.016056176954630935,0.959020154858606,0.02492366818676302
0.012044098367100036,0.9721149838952938,0.015840917737606167

0.67,0.01236685697526811,0.31763314302473183
0.9984697781178271,0.0007651109410864575,0.0007651109410864575
0.0010649627263045792,0.035269275034082996,0.9636657622396124

Transition Gammas
17.0,965.804375845636,21.195624154364392
7.148559599406775,426.97665536513404,11.096559783337876
3.8514404005932232,310.8612042910317,5.065580560496551

670.0,12.366856975268108,317.6331430247318
1305.0,1.0,1.0
1.0,33.11784925700394,904.8821507429961

Iteration: ,7500
Error:,0.12574608082943395
Absolute Error:,1
Transition Probabilities
0.017892644135188863,0.96139634447338,0.020711011391431156
0.010757285751544665,0.9711236204459448,0.018119093802510484
0.01381394840074395,0.9698474733618991,0.016338578237356974

0.6581598388179987,0.010361219653785822,0.33147894152821555
0.9989883662114315,0.0005058168942842691,0.0005058168942842691
0.0007262164124909216,0.03943643554858456,0.9598373480389245

Transition Gammas
27.0,1450.7470838103309,31.252916189669627
7.26952514947197,656.2629035920479,12.244464925929673
6.7304748505280285,472.5320986401595,7.960532841862464

980.0,15.427856064487088,493.572143935513
1975.0,1.0,1.0
1.0,54.30397175040098,1321.6960282496002

Iteration: ,10000
Error:,0.12500753647600885
Absolute Error:,1
Transition Probabilities
0.018618324350808436,0.963105223786867,0.018276451862324565
0.011493357361726485,0.973538876595854,0.014967766042419551
0.013754809423115577,0.9691361681278413,0.017109022449043117

0.6637843336724312,0.009391246385431427,0.32682441994213746
0.999244142101285,0.0003779289493575208,0.0003779289493575208
0.0005452562704471095,0.03460480825341028,0.9648499354761426

Transition Gammas
38.0,1965.6977617489947,37.30223825100442
10.252753556228217,868.4541744419573,13.35213129552919
8.747246443771783,616.313366431703,10.880327830809414

1305.0,18.46319039375819,642.5368096062424
2644.0,1.0,1.0
1.0,63.465218336754525,1769.5347816632475

Iteration: ,11694
Error:,0.1224233476847914
Absolute Error:,1
Transition Probabilities
0.01587964897618054,0.9668507334772716,0.01726961754654794
0.012913391294208387,0.9710500942343585,0.01603651447143306
0.01173730526306716,0.9697843807119901,0.018478314024942735

0.6640793445450623,0.008404488813820086,0.32751616664111755
0.9993573264781491,0.00032133676092544985,0.00032133676092544985
0.0004732607666824415,0.03529171759642387,0.9642350216368937


Model Num 2
Model States: 
"['square', 'y', 'diamond']","['square', 'y', 'square']","['diamond', 'y', 'diamond']","['diamond', 'y', 'square', 'y', 'square']"
Iteration: ,0
Error:,0.6763448003780255
Absolute Error:,0.74
Transition Probabilities
0.25,0.25,0.25,0.25
0.25,0.25,0.25,0.25
0.25,0.25,0.25,0.25
0.25,0.25,0.25,0.25

0.25,0.25,0.25,0.25
0.25,0.25,0.25,0.25
0.25,0.25,0.25,0.25
0.25,0.25,0.25,0.25

Transition Gammas
1.0,1.0,1.0,1.0
1.0,1.0,1.0,1.0
1.0,1.0,1.0,1.0
1.0,1.0,1.0,1.0

1.0,1.0,1.0,1.0
1.0,1.0,1.0,1.0
1.0,1.0,1.0,1.0
1.0,1.0,1.0,1.0

Iteration: ,2500
Error:,0.02713199915942796
Absolute Error:,0.3911802209876082
Transition Probabilities
0.9641327935927422,0.013342412986011454,0.014366644375897136,0.008158149045349252
0.9625404348858947,0.01585084305548971,0.01750685549363639,0.0041018665649793
0.9404761196662494,0.02628335943934127,0.024773537788327145,0.00846698310608212
0.9571478821541699,0.01587867187486902,0.013968560209540664,0.013004885761420393

0.0021786492374727667,0.0021786492374727667,0.9660689584291442,0.02957374309591027
0.014108409255999847,0.9833726990563427,0.0012594458438287151,0.0012594458438287151
0.0028901734104046246,0.0028901734104046246,0.03086608441987257,0.9633535687593181
0.01548924614551532,0.9773422950731226,0.0035842293906810036,0.0035842293906810036

Transition Gammas
176.84718763226755,2.4473477393209304,2.6352185824140273,1.496418050026739
261.40079050286874,4.304674125542689,4.7544037625791224,1.1139596049801115
111.07570522854519,3.1042177727343105,2.9258990454972653,1.0
73.59909957791358,1.220977420807021,1.0741009545027345,1.0

1.0,1.0,443.4256519189772,13.574348081022816
11.20207694926388,780.7979230507362,1.0,1.0
1.0,1.0,10.679665209275907,333.320334790724
4.321499674598774,272.6785003254012,1.0,1.0

Iteration: ,5000
Error:,0.02370796016975257
Absolute Error:,0.391792030125557
Transition Probabilities
0.972959903891044,0.01257867168271395,0.010267576956648016,0.004193847469593977
0.9605961114436186,0.015451051543334343,0.021791923797226852,0.0021609132158201642
0.9501559657847033,0.022978770286551528,0.02162990057124665,0.005235363357498503
0.946791119225593,0.020844309299558623,0.02573435069070694,0.006630220784141451

0.001097694840834248,0.001097694840834248,0.9629891345093109,0.03481547580902055
0.022243029456930064,0.9764959364951505,0.0006305170239596471,0.0006305170239596471
0.0014306151645207435,0.0014306151645207435,0.03402174068341478,0.9631170289875437
0.011284216615035123,0.9851507209963731,0.0017825311942959012,0.0017825311942959012

Transition Gammas
347.49523826182894,4.492506315955534,3.6670926383022033,1.497843867822457
514.732850878285,8.27940454393003,11.677143940767758,1.157919553107582
213.17412030981473,5.155447440243597,4.852819108341062,1.1745902971995514
145.46784956005393,3.2025826898878496,3.9539034310581176,1.0186871634012684

1.0,1.0,877.2831015379824,31.716898462017728
35.27744471869107,1548.7225552813084,1.0,1.0
1.0,1.0,23.781196737706935,673.2188032622932
6.3304455210347,552.669554478965,1.0,1.0

Iteration: ,7500
Error:,0.02469238572911323
Absolute Error:,0.3918609121879722
Transition Probabilities
0.9690222378490669,0.016777465054127798,0.010650081281688381,0.0035502158151167517
0.9589044445413017,0.01899511934727752,0.01947189781419395,0.0026285382972267026
0.9561839237084678,0.01924034885395417,0.020779130422827995,0.003796597014750068
0.946321153621894,0.03148085937919211,0.017711741224861622,0.004486245774052412

0.0007358351729212659,0.0007358351729212659,0.9566740155550671,0.041854314099090385
0.02410789024056285,0.975066345927893,0.0004128819157720895,0.0004128819157720895
0.0009624639076034647,0.0009624639076034647,0.03261189360444668,0.9654631785803464
0.012234955157740693,0.9853981809369339,0.0011834319526627228,0.0011834319526627228

Transition Gammas
490.1169575466325,8.485790941110322,5.386651855371015,1.795646070828338
773.0831022493308,15.314149262926986,15.698535192502847,2.119166881297803
309.2089317528616,6.2219072797311,6.719515525712798,1.227736294366832
215.403427653917,7.165733313490262,4.031580351926429,1.0211678279939407

1.0,1.0,1300.1199871393358,56.88001286066381
58.38931016264318,2361.610689837355,1.0,1.0
1.0,1.0,33.88375745502011,1003.1162425449801
10.338537108290877,832.6614628917084,1.0,1.0

Iteration: ,10000
Error:,0.024514794228454737
Absolute Error:,0.3907087417803901
Transition Probabilities
0.9649380937572062,0.017106184111980283,0.013651086646784,0.004304635484029564
0.9619105811816273,0.018775037223065387,0.01644072731924974,0.002873654276057746
0.9614485125445661,0.019340114159452342,0.016275521098610052,0.0029358521973714188
0.949636001448444,0.02413795310454869,0.02277045583802134,0.0034555896089858975

0.0005549389567147616,0.0005549389567147616,0.9583446795720681,0.04054544251450234
0.021802612992632076,0.9775789578175101,0.00030921459492888083,0.00030921459492888083
0.0007220216606498198,0.0007220216606498198,0.02957908260346675,0.9689768740752336
0.012711151243520184,0.9855173695713602,0.0008857395925597881,0.0008857395925597881

Transition Gammas
650.5938405803878,11.533566858941668,9.204023498590916,2.902330574336387
1040.562391166409,20.31020139426283,17.785023750147488,3.10862217692521
402.30651418385946,8.092637109412053,6.810295168462451,1.228471882033071
288.2734814153908,7.327367291337323,6.912246974451072,1.048985975053406

1.0,1.0,1726.937112588866,73.06288741113319
70.5096504181721,3161.490349581826,1.0,1.0
1.0,1.0,40.96702940580143,1342.032970594198
14.350889753934275,1112.6491102460648,1.0,1.0

Iteration: ,12500
Error:,0.022948364100191795
Absolute Error:,0.38939817684398526
Transition Probabilities
0.9710557540822402,0.014744019573736802,0.010757104318561748,0.0034431220254611664
0.9620493751827435,0.02024510757401015,0.013946002153076703,0.0037595150901697906
0.9620968315483273,0.01913284591364588,0.01637058502485957,0.0023997375131673978
0.9515722913497561,0.02194587658523955,0.023638964905847125,0.0028428671591572753

0.00044169611307420505,0.00044169611307420505,0.9570368893118989,0.04207971846195267
0.02306341651975627,0.9764385755121163,0.0002490039840637454,0.0002490039840637454
0.0005793742757821554,0.0005793742757821554,0.026667772891873283,0.9721734785565623
0.013722448971529437,0.9848601165848136,0.0007087172218284909,0.0007087172218284909

Transition Gammas
832.5328042260309,12.640757144668553,9.222582932066835,2.9519541211707057
1294.5835711247241,27.24286750457876,18.766464316671566,5.058998630090891
504.7216890812486,10.037204145996133,8.58810574367875,1.2589164949730365
364.82718751005837,8.413919262696322,9.063039309411044,1.0899384519371693

1.0,1.0,2166.7315174021387,95.26848259786084
92.62268074334104,3921.3773192566528,1.0,1.0
1.0,1.0,46.02857601137328,1677.9714239886264
19.362375498828023,1389.637624501171,1.0,1.0

Iteration: ,15000
Error:,0.02170756001943689
Absolute Error:,0.3893970264319817
Transition Probabilities
0.9718932584958934,0.013314477596419225,0.011832464788112132,0.002959799119575239
0.9609777375654208,0.01995528669944503,0.015217357915620393,0.0038496178195137117
0.9627327102377787,0.01735241410299022,0.017881041153147783,0.0020338345060833276
0.9542118349354923,0.023020590190299072,0.020358350388417504,0.0024092244857910126

0.0003681885125184093,0.0003681885125184093,0.9582194780709213,0.041044144904041784
0.022796290271438535,0.9767882548054208,0.00020772746157041988,0.00020772746157041988
0.0004830917874396136,0.0004830917874396136,0.028059717086348846,0.9709740993387719
0.013200157836295892,0.9856199011607543,0.0005899705014749266,0.0005899705014749266

Transition Gammas
999.0183067469721,13.686077917836935,12.162702883192084,3.0424056128605486
1552.066021225668,32.22959410952707,24.577410308691977,6.217481195255395
613.0876803673783,11.050368599763182,11.387009007338513,1.2951869883778977
432.42948560960747,10.43246542325015,9.225992241983334,1.0918117623002537

1.0,1.0,2602.524102440623,111.47589755937753
109.74134136670496,4702.258658633289,1.0,1.0
1.0,1.0,58.0836143687421,2009.9163856312573
22.374267532521525,1670.6257324674775,1.0,1.0

Iteration: ,17500
Error:,0.021106578704016336
Absolute Error:,0.38844349566313263
Transition Probabilities
0.9731471355069773,0.012793603378728343,0.010780669932305299,0.0032785911819890722
0.9631489584861449,0.018293276670370572,0.015168871608389135,0.0033888932350954223
0.9655321940319362,0.016100918297503958,0.016563108006754118,0.0018037796638056055
0.9551020942529774,0.01980692523443703,0.019328433521270925,0.0057625469913147225

0.00031565656565656547,0.00031565656565656547,0.9600142034537428,0.03935448341494414
0.02175861791390126,0.9778842392289558,0.0001785714285714289,0.0001785714285714289
0.0004142502071251037,0.0004142502071251037,0.028230554427494725,0.9709409451582551
0.015417792643577826,0.9835674940129417,0.0005073566717402336,0.0005073566717402336

Transition Gammas
1192.071965968088,15.671726684527988,13.205952041323242,4.016162092367716
1804.974081361193,34.28222598619282,28.426984066589654,6.350901799719398
720.2752240216189,12.01108839805797,12.355876276109434,1.3455975983647517
506.21577529011205,10.497912290210191,10.244305838075121,3.0542202874506903

1.0,1.0,3041.324996541459,124.67500345854309
121.84826031784685,5476.151739682143,1.0,1.0
1.0,1.0,68.14855838797224,2343.851441612027
30.38846930049188,1938.6115306995073,1.0,1.0

Iteration: ,20000
Error:,0.0211041563721911
Absolute Error:,0.3882690756970667
Transition Probabilities
0.9722850407019844,0.013293470756900289,0.011556732651612958,0.0028647558895022428
0.9639406308001575,0.017460366755096598,0.015592511676165061,0.0030064907685807803
0.9664668295462885,0.015254033881270198,0.015626556188604465,0.002652580383836825
0.9555804463802289,0.019002951797576058,0.020057934429411166,0.005358667392783657

0.0002764722145424385,0.0002764722145424385,0.9593995976502877,0.04004745792062748
0.021058914016581626,0.9786289761207467,0.0001560549313358305,0.0001560549313358305
0.00036310820624546147,0.00036310820624546147,0.028037051798481136,0.9712367317890279
0.01663264300128049,0.9824780728724413,0.00044464206313917323,0.00044464206313917323

Transition Gammas
1363.6540695317206,18.644424975169734,16.208606376874762,4.017891732772315
2061.3629475675875,37.33855792552318,33.34419652181383,6.4293053685391
823.6601572042965,13.00007362957812,13.317551449655083,2.260630897155308
579.8095079791765,11.530261186948191,12.170384122707278,3.25143353048233

1.0,1.0,3470.14834470109,144.85165529890958
134.9455210182548,6271.054478981732,1.0,1.0
1.0,1.0,77.21404065301698,2674.7859593469807
37.4068141098798,2209.593185890119,1.0,1.0

Iteration: ,22500
Error:,0.022074280153598275
Absolute Error:,0.38840518663699236
Transition Probabilities
0.9686387228955968,0.0142566751152107,0.013285232475307749,0.003819369513884685
0.9631329853356686,0.018128760651396927,0.015596393767394206,0.0031418602455402147
0.9688237530925267,0.014251152546397245,0.01461508014474506,0.002310014216331097
0.9582338600381717,0.0166860886844777,0.020308483248430292,0.004771568028920382

0.0002448579823702252,0.0002448579823702252,0.9600710668502176,0.03943921718504197
0.02134112475527433,0.9783799741151761,0.0001394505647747875,0.0001394505647747875
0.0003223726627981949,0.0003223726627981949,0.029752885240349032,0.9696023694340546
0.016861896369026196,0.9823431910713554,0.0003974562798092211,0.0003974562798092211

Transition Gammas
1539.828733534186,22.663597343536505,21.11931127015794,6.071587664679836
2303.1560597538805,43.3516093683997,37.295917970416674,7.513183094745552
948.514453279735,13.952407879146122,14.308706520543407,2.2615897519829375
665.9369272176015,11.596211623516227,14.113641246585734,3.3160624808879193

1.0,1.0,3920.930237016289,161.06976298371143
153.03720562007203,7015.962794379919,1.0,1.0
1.0,1.0,92.29345001556266,3007.706549984436
42.42453126446989,2471.5754687355293,1.0,1.0

Iteration: ,25000
Error:,0.02252840771051164
Absolute Error:,0.38869155524028287
Transition Probabilities
0.9660590574192821,0.014899893497623226,0.015617011049928613,0.0034240380331661225
0.9634330773294087,0.018560671708178475,0.015165995939680616,0.002840255022732139
0.9688821061135511,0.014322354769817112,0.01390015099227016,0.00289538812436162
0.9577298596033884,0.016748624377347428,0.021086799418193376,0.004434716601070759

0.00022021581149526528,0.00022021581149526528,0.9607429371862908,0.03881663119071869
0.021446129175593607,0.9783017593911528,0.0001260557166267492,0.0001260557166267492
0.00029052876234747244,0.00029052876234747244,0.029446702840158014,0.969972239635147
0.016968966950455657,0.982315725467284,0.0003576537911301861,0.0003576537911301861

Transition Gammas
1731.0086059807095,26.69799912800551,27.982948163995648,6.135276365452478
2561.9373175396568,49.35607735162557,40.32903983660709,7.552735633944791
1065.6651432204235,15.75303553520483,15.28865721071233,3.184612638376999
732.7673055091556,12.814515735216002,16.133690556416813,3.3930395944938585

1.0,1.0,4362.733677762948,176.26632223705363
170.13214274998384,7760.867857250005,1.0,1.0
1.0,1.0,101.35555117582388,3338.6444488241755
47.445231593474,2746.554768406525,1.0,1.0

Iteration: ,27500
Error:,0.02128893892165454
Absolute Error:,0.38837980813916234
Transition Probabilities
0.9670331389432869,0.015588772213036712,0.014247426102778522,0.003130662740897829
0.9642507743875055,0.01797907118046618,0.014833290109838517,0.0029368643221896382
0.9687418104378165,0.014520849873899564,0.014047163097830509,0.0026901765904535505
0.9575620273364407,0.016606516127958548,0.02059535400266358,0.005236102532937084

0.00020040080160320633,0.00020040080160320633,0.9614313840664812,0.038167814330312404
0.021343627367114502,0.9784283744568709,0.000113999088007296,0.000113999088007296
0.00026560424966799484,0.00026560424966799484,0.027999007604097105,0.9714697838965669
0.01647486530773308,0.9828721800726129,0.0003264773098269673,0.0003264773098269673

Transition Gammas
1903.3161054516481,30.681845349903742,28.04180588090571,6.161775202450111
2810.596680063487,52.405369134954924,43.236051289263976,8.56036762738021
1180.6741370655454,17.697586404964195,17.120270840023384,3.2787084135990834
800.7414212176097,13.886855311883188,17.222438404795152,4.3785823415823835

1.0,1.0,4797.542606491743,190.45739350825897
187.22629926432833,8582.773700735668,1.0,1.0
1.0,1.0,105.41626362942554,3657.5837363705728
50.46251243758639,3010.537487562411,1.0,1.0

Iteration: ,30000
Error:,0.022285816754179073
Absolute Error:,0.3884400322111215
Transition Probabilities
0.9665746700983777,0.016100103963881614,0.014413709533327669,0.0029115164044127687
0.9638653693190907,0.017402375072595504,0.015095058864341754,0.0036371967439720776
0.9700619910411447,0.013587625384391695,0.013841153807807054,0.0025092297666565824
0.9573533252969189,0.017561228313638825,0.02023297509152322,0.004852471297919029

0.00018460402436773097,0.00018460402436773097,0.9603835991299992,0.03924719282126533
0.02125907808925961,0.97853282701947,0.00010404744563520975,0.00010404744563520975
0.00024378352023403228,0.00024378352023403228,0.02863752241424399,0.970874910545288
0.016268299612954937,0.9831345071950475,0.0002985965959988057,0.0002985965959988057

Transition Gammas
2081.660445809393,34.67393739132459,31.042039421393202,6.270377989291173
3071.2155033097492,55.45011348952492,48.098189107354436,11.58939348196119
1267.5405233922427,17.754397090545396,18.085672363134737,3.2787084135990834
863.8588684899444,15.846211027269968,18.2570368816838,4.3785823415823835

1.0,1.0,5202.3979564872125,212.60204351279455
204.32099951587392,9404.679000484117,1.0,1.0
1.0,1.0,117.4711169432288,3982.5288830567692
54.482535403786066,3292.517464596213,1.0,1.0

Iteration: ,32500
Error:,0.021857025669434482
Absolute Error:,0.38825847083232684
Transition Probabilities
0.9680849850156004,0.015403389584209835,0.01338880821290439,0.003122817187285443
0.9645428392029687,0.017543506648141482,0.014541087404783914,0.003372566744105796
0.9685374703097422,0.014474159050864108,0.014629984049555131,0.0023583865898385487
0.9567190718243189,0.01718550647137614,0.019654878264947478,0.006440543439357521

0.00017003910899506862,0.00017003910899506862,0.9604142700589355,0.039245651723074315
0.020964933618950247,0.9788430909539043,9.598771357266287e-05,9.598771357266287e-05
0.0002255299954894001,0.0002255299954894001,0.027185001529256222,0.9723639384797651
0.016173415324396548,0.9832736402465185,0.00027647221454243855,0.00027647221454243855

Transition Gammas
2247.059058965151,35.75339628205306,31.077274463738334,7.248490327601505
3320.7876762273995,60.39986852538584,50.06295406500931,11.611281143650858
1381.9526040773437,20.652377843238625,20.87471592444114,3.3650515226903615
944.4302551314273,16.964762947994153,19.402416279781377,6.357816273087124

1.0,1.0,5648.196322216609,230.80367778340042
218.4126784422233,10197.587321557758,1.0,1.0
1.0,1.0,120.53829678072209,4311.461703219278
58.4992432283423,3556.5007567716566,1.0,1.0

Iteration: ,32922
Error:,0.02133298112905874
Absolute Error:,0.38809233453898595
Transition Probabilities
0.9683984886029187,0.015255487705831829,0.013254526489149597,0.0030914972020999344
0.9647114867057393,0.017603365403777087,0.014355601548665045,0.003329546341818503
0.96898366864994,0.014269217697242613,0.014422219223817813,0.002324894428999595
0.9572993575560445,0.016955864219846673,0.019390776193873676,0.006354002030235257

0.00016770082173402624,0.00016770082173402624,0.9601141737853246,0.039550424571207374
0.0209884776591497,0.9788219488811347,9.478672985782008e-05,9.478672985782008e-05
0.0002226179875333927,0.0002226179875333927,0.0272816268280525,0.9722731371968806
0.01650811235918099,0.9829461850487317,0.0002728512960436563,0.0002728512960436563

*,*,*,*,*,*,*,*,*,*,*
Model Num 2
Model States: 
"['square', 'y', 'diamond']","['square', 'y', 'square']","['diamond', 'y', 'diamond']","['diamond', 'y', 'square', 'y', 'square']"
Iteration: ,32922
Error:,0.021281916687504007
Transition Probabilities
0.9683984886029187,0.015255487705831829,0.013254526489149597,0.0030914972020999344
0.9647114867057393,0.017603365403777087,0.014355601548665045,0.003329546341818503
0.96898366864994,0.014269217697242613,0.014422219223817813,0.002324894428999595
0.9572993575560445,0.016955864219846673,0.019390776193873676,0.006354002030235257

0.00016770082173402624,0.00016770082173402624,0.9601141737853246,0.039550424571207374
0.0209884776591497,0.9788219488811347,9.478672985782008e-05,9.478672985782008e-05
0.0002226179875333927,0.0002226179875333927,0.0272816268280525,0.9722731371968806
0.01650811235918099,0.9829461850487317,0.0002728512960436563,0.0002728512960436563

Transition Gammas
2270.5590912824205,35.76883556726284,31.077274463738334,7.248490327601505
3364.2830417947503,61.38903135555598,50.06295406500931,11.611281143650858
1402.5066811552592,20.65326155922191,20.87471592444114,3.3650515226903615
957.8740146326837,16.966042652838986,19.402416279781377,6.357816273087124

1.0,1.0,5725.160818281899,235.83918171810993
221.4284393040289,10326.571560695951,1.0,1.0
1.0,1.0,122.54906771161184,4367.450932288388
60.50223179639831,3602.4977682036006,1.0,1.0

