0,1,2,3,4,5,6,7,8,9,10,11,12,13,14,15,16,17,18,19,20,21,22,23,24,25,26,27,28,29
github Code Version (SHA):,cd93f48c3be2409aefa56252372b16f046dc3cc1
Environment Observations,Environment Actions,alpha,epsilon,numActions,explore,patience,gainThresh,insertRandActions,useBudd,revisedSplitting,haveControl,confidence_factor
"['diamond', 'square']","['x', 'y']",0.99,0.99,75000,0.5,0,0.01,False,False,False,False,250

Model Num 0
Model States: 
['diamond'],['square']
Iteration: ,0
Error:,0.6754146615248253
Absolute Error:,1
Transition Probabilities
0.5,0.5
0.5,0.5

0.5,0.5
0.5,0.5

Transition Gammas
1.0,1.0
1.0,1.0

1.0,1.0
1.0,1.0

Iteration: ,2500
Error:,0.14284461312216598
Absolute Error:,1
Transition Probabilities
0.491362763915547,0.508637236084453
0.01984126984126984,0.9801587301587301

0.032520325203252036,0.967479674796748
0.9850746268656716,0.014925373134328358

Transition Gammas
256.0,265.0
15.0,741.0

16.0,476.0
726.0,11.0

Iteration: ,2531
Error:,0.14460778275369698
Absolute Error:,1
Transition Probabilities
0.49146110056925996,0.50853889943074
0.01971090670170828,0.9802890932982917

0.032,0.968
0.9839786381842457,0.01602136181575434


Model Num 1
Model States: 
['square'],"['diamond', 'x', 'square']","['diamond', 'x', 'diamond']"
Iteration: ,0
Error:,0.7242995211205082
Absolute Error:,1
Transition Probabilities
0.3333333333333333,0.3333333333333333,0.3333333333333333
0.3333333333333333,0.3333333333333333,0.3333333333333333
0.3333333333333333,0.3333333333333333,0.3333333333333333

0.3333333333333333,0.3333333333333333,0.3333333333333333
0.3333333333333333,0.3333333333333333,0.3333333333333333
0.3333333333333333,0.3333333333333333,0.3333333333333333

Transition Gammas
1.0,1.0,1.0
1.0,1.0,1.0
1.0,1.0,1.0

1.0,1.0,1.0
1.0,1.0,1.0
1.0,1.0,1.0

Iteration: ,2500
Error:,0.11823189659348761
Absolute Error:,1
Transition Probabilities
0.9778085991678225,0.014364280175023444,0.007827120657154088
0.9957356076759062,0.0021321961620469083,0.0021321961620469083
0.0031645569620253164,0.9678554328590013,0.028980010178973323

0.021798365122615803,0.42989179415405293,0.5483098407233312
0.9688648876071299,0.017001377291391524,0.014133735101478579
0.9551766505732038,0.018290448140916186,0.02653290128588001

Transition Gammas
705.0,10.356646006191903,5.643353993808097
467.0,1.0,1.0
1.0,305.8423167834444,9.15768321655557

16.0,315.54057690907484,402.45942309092516
164.66603439131185,2.8895147440817865,2.402136913069236
100.33396560868813,1.9212709959324263,2.787077346916551

Iteration: ,5000
Error:,0.11421514120587917
Absolute Error:,1
Transition Probabilities
0.9794941900205059,0.01628155587638776,0.004224254103106429
0.9978021978021978,0.001098901098901099,0.001098901098901099
0.001655629139072848,0.9764654206170008,0.021878950243926266

0.023192360163710776,0.4178284302809606,0.5589792095553286
0.9633572601856586,0.01882735414921547,0.01781538566512587
0.9717614442053455,0.01042825789416368,0.01781029790049082

Transition Gammas
1433.0,23.819916247155295,6.1800837528447055
908.0,1.0,1.0
1.0,589.7851140526684,13.214885947331462

34.0,612.5364787918883,819.4635212081117
326.4093442876648,6.3791747636102505,6.036294730435632
226.5906557123352,2.4316109764039617,4.152919529550155

Iteration: ,7500
Error:,0.11740016284819799
Absolute Error:,1
Transition Probabilities
0.9792699414150519,0.01694399562430885,0.0037860629606393235
0.9985507246376811,0.0007246376811594203,0.0007246376811594203
0.0011037527593818987,0.9743268451299174,0.024569402110700703

0.023853211009174313,0.4137308418710698,0.562415947119756
0.9491792375115884,0.03190489257386755,0.01891586991454395
0.970129537983771,0.013852516037605275,0.016017945978623736

Transition Gammas
2173.0,37.59872629034134,8.401273709658659
1378.0,1.0,1.0
1.0,882.7401216877049,22.25987831229483

52.0,901.9332352789321,1226.066764721068
462.4641430037343,15.544870998739816,9.2162904786388
332.5358569962657,4.7482919669606485,5.490546555660733

Iteration: ,10000
Error:,0.11319450174580122
Absolute Error:,1
Transition Probabilities
0.9802922188243289,0.01581290614812871,0.003894875027542374
0.9989004947773502,0.0005497526113249038,0.0005497526113249038
0.0008230452674897127,0.9783472200186665,0.02082973471384395

0.023335621139327384,0.40850859721370053,0.5681557816469721
0.9583173970732622,0.02673397223097526,0.014948630695762468
0.9754311387236245,0.011307256190854539,0.013261605085521015

Transition Gammas
2885.0,46.53738279394279,11.462617206057207
1817.0,1.0,1.0
1.0,1188.6918723226786,25.308127677320375

68.0,1190.3940522807234,1655.6059477192769
637.502913745032,17.784280286756168,9.944299930431562
447.49708625496737,5.187413030064771,6.084006752747497

Iteration: ,12500
Error:,0.11149484984870389
Absolute Error:,1
Transition Probabilities
0.9811114152751164,0.015433428942548472,0.003455155782335184
0.9991334488734835,0.0004332755632582322,0.0004332755632582322
0.0006553079947575366,0.9788055825193726,0.02053910948586986

0.02488378452283292,0.41051146270467936,0.5646047527724877
0.9624732812663395,0.022301649060973566,0.015225069672686992
0.9776273271256852,0.009683742395393626,0.012688930478921298

Transition Gammas
3584.0,56.37831592712957,12.621684072870428
2306.0,1.0,1.0
1.0,1493.6573189245612,31.342681075437383

91.0,1501.240419111013,2064.759580888988
782.9243279324252,18.14128656109238,12.384839842545448
545.0756720675748,5.39916617287832,7.074707423483851

Iteration: ,15000
Error:,0.11662635090858785
Absolute Error:,1
Transition Probabilities
0.9817559863169898,0.015066308195420982,0.0031777054875892835
0.9992743105950653,0.000362844702467344,0.000362844702467344
0.0005443658138268922,0.9791088246236637,0.020346809562509498

0.024195389180552387,0.40695998524129356,0.5688446255781542
0.9586192701484266,0.024090552286326703,0.017290177565246645
0.9771720035386144,0.009528892462644717,0.013299103998740808

Transition Gammas
4305.0,66.06576143692101,13.934238563079008
2754.0,1.0,1.0
1.0,1798.6229108336686,37.37708916632992

106.0,1782.8916953421071,2492.1083046578933
940.2301570040339,23.628425240168347,16.958501537615014
659.7698429959661,6.433745401257921,8.979327820958714

Iteration: ,16680
Error:,0.11321280812563428
Absolute Error:,1
Transition Probabilities
0.9821798590965602,0.014908304992644924,0.002911835910794782
0.9993533785968316,0.00032331070158422246,0.00032331070158422246
0.0004882812500000002,0.980274805842063,0.019236912907937078

0.02370249284838577,0.40790732868696716,0.5683901784646471
0.9580710731305153,0.025064244005788678,0.016864682863695923
0.9779335962045194,0.008965768764924916,0.013100635030555717


Model Num 2
Model States: 
"['diamond', 'x', 'square']","['diamond', 'x', 'diamond']","['square', 'y', 'diamond', 'x', 'diamond']","['square', 'y', 'diamond', 'x', 'square']"
Iteration: ,0
Error:,0.6747096051933713
Absolute Error:,0.74
Transition Probabilities
0.25,0.25,0.25,0.25
0.25,0.25,0.25,0.25
0.25,0.25,0.25,0.25
0.25,0.25,0.25,0.25

0.25,0.25,0.25,0.25
0.25,0.25,0.25,0.25
0.25,0.25,0.25,0.25
0.25,0.25,0.25,0.25

Transition Gammas
1.0,1.0,1.0,1.0
1.0,1.0,1.0,1.0
1.0,1.0,1.0,1.0
1.0,1.0,1.0,1.0

1.0,1.0,1.0,1.0
1.0,1.0,1.0,1.0
1.0,1.0,1.0,1.0
1.0,1.0,1.0,1.0

Iteration: ,2500
Error:,0.033287010768426446
Absolute Error:,0.8564548039310937
Transition Probabilities
0.0014947683109118092,0.0014947683109118092,0.017457788874033684,0.9795526745041426
0.9707448426101016,0.02099069457998109,0.004132231404958678,0.004132231404958678
0.011394536433926846,0.006796978542435608,0.9470773296699423,0.03473115535369509
0.004935148489002137,0.008553032193861502,0.9566323581508424,0.029879461166294113

0.02144847862051656,0.012509839006514359,0.029460843442593237,0.9365808389303759
0.039557325536888545,0.013202146643001364,0.8083188835152955,0.1389216443048146
0.005013090775124019,0.9783724852608292,0.00949934946404475,0.007115074500001895
0.980053653110829,0.0020982484377428143,0.009693471187624534,0.008154627263803487

Transition Gammas
1.0,1.0,11.67926075672853,655.3207392432712
234.92025191164456,5.079748088355424,1.0,1.0
2.319191597071225,1.383425785901637,192.76376862575276,7.069019799088569
1.206469072642086,2.090913544385052,233.86274122645935,7.304470348699263

3.6992104277641413,2.157566870886715,5.081099746129361,161.53171826841177
3.1064527827396624,1.036769918609481,63.47760903844498,10.909572947013888
1.5626537037637733,304.9730109296854,2.961086142105359,2.2178727692614104
594.1921980225777,1.2721373439734047,5.8770098281464245,4.944031260486807

Iteration: ,5000
Error:,0.03344896082952687
Absolute Error:,0.8563103480384877
Transition Probabilities
0.0007423904974016336,0.0007423904974016336,0.020637579520461424,0.9778776394847353
0.9642727066409718,0.03178252018348584,0.0019723865877712033,0.0019723865877712033
0.011786187785762167,0.011306499282934325,0.9521391915100859,0.02476812142121758
0.006837688348245089,0.012148888062713723,0.9541545655040012,0.026858858085040016

0.022869698857580115,0.00752313055697036,0.02060996776916197,0.9489972028162875
0.048338435167418745,0.014297945229530916,0.8289508896545152,0.10841272994853507
0.002600668332003741,0.9809996187660511,0.006457550503607159,0.009942162398338044
0.9788285842865768,0.0010682063858093033,0.010369212258751636,0.009733997068862243

Transition Gammas
1.0,1.0,27.79881961406153,1317.201180385938
488.8862622669726,16.113737733027317,1.0,1.0
4.888951421054966,4.689974972504154,394.95062678354753,10.273902352497872
3.392837330564697,6.028236275876183,473.4481982937367,13.327272570217591

7.669254326665089,2.5228492046797455,6.911463306552626,318.2420961909417
6.025595586018018,1.7823008826371456,103.33232353153736,13.51411697096813
1.5772462414000648,594.9539748967209,3.9163576282017174,6.029695552175923
1171.190645645541,1.278133216338934,12.406998115011556,11.646948704610805

Iteration: ,7500
Error:,0.034056593024202345
Absolute Error:,0.8566544959375406
Transition Probabilities
0.0004793863854266541,0.0004793863854266541,0.02489434693094771,0.974146880298199
0.9683833770780682,0.028888109961495316,0.0013642564802182808,0.0013642564802182808
0.015859937336240543,0.009856582233752086,0.9547427633058111,0.019540717124196354
0.00850908152419401,0.013333030019322891,0.9588007547001425,0.019357133756340662

0.031064342553786407,0.0073187576476785405,0.01835642860079823,0.9432604711977368
0.040650982481340206,0.022919465204423905,0.860743790715625,0.07568576159861085
0.0017875507940335307,0.9804164427330962,0.007698426316463467,0.010097580156406707
0.9810065719896748,0.0006865368526899524,0.009839734743546146,0.008467156414089077

Transition Gammas
1.0,1.0,51.9296076979569,2032.0703923020421
709.8250153982241,21.17498460177607,1.0,1.0
9.164048921177109,5.695243295779647,551.6610314772036,11.290844590654991
5.898400280725314,9.24230750231793,664.6299749982297,13.41814893391236

15.237863390728865,3.5900398996721847,9.004302952052583,462.69365518034135
7.783611852931661,4.388484856667287,164.8101758629522,14.491866004653703
1.587787476379301,870.8524281401506,6.838107724775646,8.969150061409652
1832.2775034422577,1.2822809412138074,18.378189428305415,15.814552785509292

Iteration: ,10000
Error:,0.03275560296038113
Absolute Error:,0.8576741003844817
Transition Probabilities
0.0003571428571428568,0.0003571428571428568,0.025755652565901448,0.9735300617198128
0.9720495403587389,0.025897071550912025,0.001026694045174538,0.001026694045174538
0.017742710715051346,0.007617145288844957,0.9527490601745526,0.021891083821550947
0.011235760139597305,0.01357778741463722,0.9575161159957579,0.017670336450007585

0.02775586675672855,0.0059083879479245715,0.01678098612338105,0.9495547591719659
0.032718853344985144,0.021539096341880684,0.8733259572063929,0.07241609310674124
0.0013566033817748822,0.9779615337391773,0.007816512343126714,0.012865350535920977
0.9808911870927189,0.0005120543934838767,0.010069772433703343,0.008526986080093783

Transition Gammas
1.0,1.0,72.11582718452412,2725.8841728154785
946.7762523094116,25.223747690588308,1.0,1.0
13.396767018928815,5.751382774753863,719.3803354880959,16.529027297975148
10.347488891018,12.50436131529932,881.8172736101067,16.273363603822634

18.057742054615307,3.8439493335712736,10.917573624849402,617.7726337334792
7.898596261204109,5.199712350609307,210.82796110457787,17.481831537094006
1.5955382405826715,1150.2072351155837,9.193213373188161,15.1312896859408
2461.9120352886366,1.2851913551968916,25.273847164057187,21.401649776813848

Iteration: ,12500
Error:,0.030657275173991246
Absolute Error:,0.8579058918996394
Transition Probabilities
0.00028752156411730886,0.00028752156411730886,0.02625433602705578,0.9731706208447095
0.9758338887654553,0.022514583571456276,0.0008257638315441781,0.0008257638315441781
0.01667743310042316,0.008308796407830965,0.9500155227675621,0.024998247724183777
0.011640752149638993,0.011482459950277923,0.9608756306437962,0.016001157256286744

0.02281702826206459,0.006356248640439934,0.016109650782094493,0.954717072315401
0.028469697019513213,0.026500457898478318,0.8804712742224423,0.06455857085956618
0.0010908173768365238,0.9784901033201215,0.0076579643008614,0.012761115002180655
0.979888107811294,0.00040915798914309306,0.011039806665414893,0.008662927534147939

Transition Gammas
1.0,1.0,91.31258070209999,3384.6874192978994
1181.7348392949668,27.26516070503356,1.0,1.0
15.79981399887696,7.871561349266353,900.022711252398,23.682761127666062
13.25442990743661,13.074194744420073,1094.075239504787,18.219288115149897

19.017434339397642,5.297777597331785,13.426999452354917,795.7333017659691
8.641250178478842,8.043537884791732,267.2445916900827,19.595107091592922
1.6022096892493587,1437.2216263374178,11.248138197384646,18.743726068441013
3083.888468373803,1.2876955995310377,34.744306209200055,27.263829524974277

Iteration: ,15000
Error:,0.03192528224653787
Absolute Error:,0.8576258558558923
Transition Probabilities
0.00024003840614498313,0.00024003840614498313,0.02604834554002238,0.9734715776476878
0.9758332928719148,0.022797781734519185,0.0006844626967830251,0.0006844626967830251
0.019136607465604687,0.0074395295785464905,0.9462379537343772,0.027185909221471516
0.012416494292159276,0.010985194614381298,0.9587937285676761,0.017804582525783406

0.023733303769834523,0.005696665749716749,0.015608435579861265,0.9549615949005875
0.0335647024056102,0.025473455236275554,0.8851926447217144,0.05576919763639991
0.0009124379261248499,0.979590214876426,0.007500568581418553,0.0119967786160308
0.9795981983179275,0.0003419848391873461,0.011238388002802078,0.008821428840083054

Transition Gammas
1.0,1.0,108.51740751973327,4055.482592480268
1425.6924408858679,33.30755911413254,1.0,1.0
21.496905957048618,8.357117007397528,1062.946415187666,30.53900410201926
17.056048474615913,15.089928560937933,1317.0571279475155,24.457452762799992

24.000330601408717,5.760759759570426,15.784048344908232,965.7060058529916
12.074863273640098,9.164046365380752,318.44704078353533,20.06290501856452
1.6075454188717664,1725.8552250059965,13.214602677906504,21.136086031983115
3694.2475409524122,1.2896886227232853,42.382057577188654,33.267253712921736

Iteration: ,17500
Error:,0.03234539049290971
Absolute Error:,0.8580736630875183
Transition Probabilities
0.00020512820512820498,0.00020512820512820498,0.025994421501429773,0.9735953220883138
0.9747267351844231,0.024107084057559385,0.0005830903790087458,0.0005830903790087458
0.019912526559594874,0.007446333282477098,0.9464157291277199,0.02622541103020815
0.013325470194019081,0.010816181314017575,0.960119968120822,0.01573838037114131

0.027413384404458847,0.005076699041361604,0.015295658696937744,0.9522142578572418
0.03242416800151009,0.02226380267558434,0.8951918363244162,0.05012019299848929
0.0007806063359422052,0.9803440358689407,0.007809266367740079,0.01106609142737694
0.979883178266261,0.0002940785176727443,0.01135697463106125,0.008465768585004928

Transition Gammas
1.0,1.0,126.72280481947024,4746.277195180533
1671.6563508412871,41.343649158714385,1.0,1.0
25.73669557480101,9.624294148010963,1223.2306852103966,33.89602107941785
21.327579001944564,17.311431275243454,1536.6838222813412,25.189471428845042

32.05185701882702,5.93570021857177,17.88375555275421,1113.3333554818066
13.643938530201092,9.368504232400108,376.6925457263648,21.090343239072624
1.6115043161640992,2023.8480939584613,16.121655536523882,22.84513112074561
4302.2492283449255,1.2911733804522918,49.86363316213539,37.16958018059512

Iteration: ,20000
Error:,0.030758551109380635
Absolute Error:,0.8586591480377783
Transition Probabilities
0.00017937219730941684,0.00017937219730941684,0.02617356391144848,0.9734676916939327
0.9757875326564724,0.023190494936782553,0.0005109862033725086,0.0005109862033725086
0.021133446676861376,0.006675371329153375,0.9454378152550956,0.02675336673888964
0.012737311872042219,0.009770059121216396,0.9622637065608175,0.015228922445923903

0.02678194142856598,0.005407247979343154,0.014517697788145252,0.9532931128039456
0.02890807178872812,0.021231494519715056,0.9020623548329095,0.04779807885864729
0.0006854574984308794,0.9813354794742374,0.007270340402902803,0.010708722624428981
0.9797268265767838,0.0002570415841598679,0.01160471921450197,0.008411412624554453

Transition Gammas
1.0,1.0,145.91761880632544,5427.082381193681
1909.6162014087179,45.38379859128349,1.0,1.0
31.15617091338977,9.841225296636388,1393.8200715892056,39.441387832778936
23.204085105946167,17.798518684027666,1752.9953859738866,27.743154604128765

35.88772298951005,7.245696438245312,19.45367247016179,1277.409976097748
13.760326930026332,10.106253642218297,429.38432575119805,22.75202568089044
1.6148649751117563,2311.922034940361,17.128148865048182,25.22861174319917
4926.170667665706,1.2924324188232579,58.34976225027957,42.293477141473076

Iteration: ,22500
Error:,0.02869693583250196
Absolute Error:,0.8589137211768257
Transition Probabilities
0.00015928639694170088,0.00015928639694170088,0.025823268400027702,0.973858158806089
0.9770635589361554,0.022026522956474268,0.0004549590536851684,0.0004549590536851684
0.019257880677465603,0.006464551906692087,0.94486709308811,0.02941047432773232
0.0118266814964647,0.00873377617691639,0.9647003996063777,0.014739142720241315

0.02653427430191317,0.005463937070316285,0.014490108997840966,0.9535116796299296
0.027472054626742952,0.01998506100553362,0.9065112589016275,0.04603162546609586
0.0006120789391546774,0.9822126911995842,0.00682999513669907,0.010345234724562032
0.9783208202358643,0.0002281691941823709,0.012680661272699135,0.008770349297254187

Transition Gammas
1.0,1.0,162.11847901537422,6113.881520984638
2147.585702541669,48.41429745833043,1.0,1.0
32.22767228910677,10.818296355350082,1581.215895082178,49.2178316179121
24.13258373022916,17.821447625313972,1968.4907533060432,30.07551999386701

39.73234172194922,8.181682768289606,21.697445188806142,1427.7854920718344
14.5218115426421,10.564163967119072,479.1846056624343,24.332457076923806
1.6177119594293354,2595.9678002501937,18.05153569038277,27.34224111703739
5546.120991902955,1.2934958874281541,71.88693138389098,49.719291808688865

Iteration: ,25000
Error:,0.02904918483545743
Absolute Error:,0.8595604707494837
Transition Probabilities
0.00014343086632243233,0.00014343086632243233,0.026149433456952746,0.9735637048104023
0.9759871774773716,0.02319112983569323,0.0004108463434675431,0.0004108463434675431
0.019084797043600877,0.005847907831903471,0.9453533020756127,0.029713993048882923
0.012441512766427201,0.008330446829642145,0.9644313981854016,0.014796642218529023

0.028712355762842316,0.005178008461701853,0.01366529635198827,0.9524443394234676
0.025139255374269948,0.01885697122127747,0.9141220858331578,0.04188168757129479
0.0005507252795884178,0.9829314606033848,0.006326015530366429,0.01019179858666044
0.9784765656723056,0.00020538122424590676,0.012624724984940825,0.008693328118507803

Transition Gammas
1.0,1.0,182.3138500618749,6787.6861499381375
2375.5527899799226,56.44721002007732,1.0,1.0
35.36629803302915,10.8368378652541,1751.847114293764,55.063406308033414
28.029314203963743,18.76754989775299,2172.754326214424,33.33515318377839

47.80941723403149,8.62198730858659,22.754310385231197,1585.930781570267
15.181181610842692,11.38741384653923,552.0232478213769,25.291660223124794
1.620891621245957,2892.958481843737,18.61869420032047,29.996445681393624
6168.1259432467605,1.2946832882569195,79.58381062755902,54.80104949072692

Iteration: ,27500
Error:,0.029111369010927216
Absolute Error:,0.8597240393702003
Transition Probabilities
0.00013058239749281784,0.00013058239749281784,0.027228844961781185,0.9725099902432333
0.975921804574226,0.023331369436229623,0.00037341299477221815,0.00037341299477221815
0.018897069239757917,0.005353350981895675,0.9453015046677079,0.03044807511063852
0.013000120177890961,0.008091671883845332,0.9647806729983757,0.01412753493988801

0.031078897622975478,0.005038596338789825,0.012968528598166369,0.9509139774400683
0.024514527716546303,0.021455361351404918,0.9133416406824921,0.04068847024955664
0.0005021243432150631,0.9837181424279092,0.005997439944881364,0.009782293283994407
0.9788791161280858,0.00018709888030922356,0.01256955036322694,0.008364234628378094

Transition Gammas
1.0,1.0,208.51849471732052,7447.481505282687
2613.5185926497766,62.48140735022292,1.0,1.0
38.86569209324566,11.010262400461896,1944.2060961706898,62.62270075151895
32.12713522664403,19.996910279648404,2384.2578931066423,34.913309971150895

57.26770821477984,9.284398322048599,23.896533292280775,1752.2070717571326
16.237057416215222,14.210836046956349,604.9466190765,26.949775874086978
1.6236868075055713,3180.985331117416,19.393531201772422,31.63236510437239
6779.095254021799,1.2957280532799575,87.04872522930607,57.92537846454914

Iteration: ,30000
Error:,0.02822102902258101
Absolute Error:,0.8600422580868285
Transition Probabilities
0.00011953143676786981,0.00011953143676786981,0.026622487613529547,0.9731384495129347
0.9767111801144346,0.022598926818990818,0.0003449465332873405,0.0003449465332873405
0.018565785454878025,0.00533654540293352,0.9459642609141417,0.030133408228046898
0.014140244286192136,0.0076535572915605345,0.9640034879099295,0.014202710512317756

0.02983243781947981,0.00461494136428052,0.012381487020487492,0.9531711337957521
0.022735770045676444,0.019834044769333987,0.9194383356994655,0.037991849485524136
0.00046358387367496153,0.9832402463731167,0.006066006995411546,0.010230162757796743
0.9784012763072544,0.00017062983349713256,0.013069817028986125,0.008358276830262395

Transition Gammas
1.0,1.0,222.72373137478843,8141.276268625221
2831.4857111517454,65.51428884825437,1.0,1.0
41.656065932656176,11.97361068819226,2122.460680069016,67.6103493156203
37.871806288618394,20.498517090533163,2581.889861077416,38.039109537949145

60.18275559104791,9.309996382935717,24.977912020356772,1922.8889616327053
16.29337075719095,14.213877268825428,658.9066331085103,27.226493238426915
1.6261662975119335,3449.024527825483,21.2784281260961,35.885514659759224
7435.052658143786,1.2966477332180897,99.31996226495082,63.51609494919387

Iteration: ,32500
Error:,0.029237533296208408
Absolute Error:,0.8598986847049519
Transition Probabilities
0.00011044842058758544,0.00011044842058758544,0.026830445084307073,0.9729486580745178
0.9771563338623118,0.022205096533601285,0.00031928480204342275,0.00031928480204342275
0.017961645653862497,0.005029697475894485,0.9479819349254763,0.029026721944766697
0.014521864276240588,0.007509854587369605,0.9638950807739979,0.014073200362391958

0.03114587968221293,0.005703006592499002,0.011949337806419102,0.9512017759188689
0.022498232808069875,0.02016240173598203,0.9217481657846268,0.035591199671321294
0.00042795423062749337,0.9818096401241865,0.006597040936898835,0.01116536470828724
0.9786419587694377,0.00015771892192179652,0.013159550893417086,0.008040771415223379

Transition Gammas
1.0,1.0,242.92284979331657,8809.077150206696
3060.4536376567607,69.54636234323922,1.0,1.0
43.99745585588013,12.320357328534204,2322.1031155954447,71.10160961955901
41.97512139089608,21.707065424689585,2786.1170063249137,40.6782684600831

68.07204651692004,12.464420141987489,26.11632380605019,2078.9347482872463
17.647894170703992,15.815639170388486,723.0307473737602,27.918180532942866
1.6284909647098067,3736.072723624822,25.10366948308487,42.48747703340824
8051.001277950696,1.2975074597721659,108.25977785928838,66.14907562421848

Iteration: ,35000
Error:,0.02869724658082895
Absolute Error:,0.8600154952405272
Transition Probabilities
0.00010282776349614403,0.00010282776349614403,0.026646973449033596,0.9731473710239742
0.9776203208764088,0.02178743748900426,0.0002961208172934557,0.0002961208172934557
0.018219475055964655,0.004794598616761516,0.9482403536795889,0.028745572647684958
0.01531853909553692,0.0073826277311288884,0.9640140291840915,0.013284803989242703

0.0322367879102501,0.005656446094214608,0.011707842093760861,0.9503989239017744
0.022099930394823587,0.020868365300321937,0.9232664916903608,0.03376521261449372
0.00039710856952966737,0.9822199552190841,0.006329248836819303,0.01105368737456686
0.9784929967552585,0.00014704637642147164,0.013356116899257987,0.008003839969062218

Transition Gammas
1.0,1.0,259.1418167918515,9463.858183208142
3301.4238235996327,73.57617640036739,1.0,1.0
48.48277763231695,12.75862547403978,2523.3068498527587,76.49315923265675
47.747251986509895,23.011344907133367,3004.791807032966,41.40818388161905

76.04103705971187,13.342583270824965,27.61678542600237,2241.8275665407145
18.832942496646282,17.783437172816893,786.7818783337718,28.77376969950733
1.630938691182468,4034.0114798218597,25.99444486004487,45.397878068379
8640.059167091758,1.298414395198515,117.93404820969452,70.67362886188158

Iteration: ,37500
Error:,0.02936380194798243
Absolute Error:,0.8600959046775906
Transition Probabilities
9.603380389897242e-05,9.603380389897242e-05,0.026827558196839102,0.9729803741953629
0.9779613386380495,0.02148495150591509,0.0002768549280177187,0.0002768549280177187
0.01760157915756012,0.0044806063423314165,0.9487697305235698,0.029148083976538685
0.01580203015906539,0.006992434261276278,0.9637364576863084,0.013469077893349862

0.03229054236099975,0.005441933404907322,0.011404808404149296,0.9508627158299436
0.02188956686199758,0.02124755079526366,0.9226191962516431,0.03424368609109565
0.0003709244002970548,0.9817634239966241,0.0062507750652583075,0.011614876537820664
0.978170922233506,0.00013723446767107366,0.01355722982200817,0.008134613476814764

Transition Gammas
1.0,1.0,279.3553635036856,10131.644636496316
3532.3963551606353,77.60364483936532,1.0,1.0
50.14859730973372,12.765679780981868,2703.1365043888713,83.04570360449192
52.74565201075179,23.340070898532613,3216.8593095637493,44.95848244288886

81.81397006087889,13.788129405968876,28.896159218870476,2409.183868613981
19.992132640730535,19.4057678924217,842.6446016330082,31.27537053413621
1.6329331879177535,4322.050737142044,27.51800109697474,51.132568677028104
9260.017176833848,1.299152836179311,128.34176335504603,77.00766687095108

Iteration: ,40000
Error:,0.029492109333231133
Absolute Error:,0.860386102081907
Transition Probabilities
8.991997122560923e-05,8.991997122560923e-05,0.027296297910719018,0.9725238621468298
0.9767187465175948,0.022761772962924573,0.00025974025974025963,0.00025974025974025963
0.017968454112890556,0.0046190852182940246,0.9489332226092404,0.028479238059574922
0.01666993054682222,0.006721306005908617,0.963848339409698,0.012760424037571225

0.03287500759050162,0.0054687891161660845,0.01161986745298685,0.9500363358403454
0.0209382630489698,0.021073802850942482,0.9234279269384761,0.034560007161611686
0.000348562480910177,0.9816601072764629,0.006118540499663392,0.011872789742963717
0.9787627158488086,0.00012844776253971018,0.013255012066604505,0.00785382432204727

Transition Gammas
1.0,1.0,303.5621290651061,10815.437870934891
3760.367174092742,87.63282590725964,1.0,1.0
54.17429503792488,13.926389206829942,2861.0022904553557,85.86396110658606
59.07878503574397,23.820530719501196,3415.910383735783,45.22336470227948

89.08669569786485,14.819657470389332,31.48822378166844,2574.4662634656443
20.480535021877007,20.613111809868805,903.2410163923918,33.80449636029067
1.6348433552424577,4604.226190084667,28.697452616061266,55.686290069977304
9904.83910664413,1.2998599159561652,134.13747760353448,79.4787797104269

Iteration: ,40665
Error:,0.029331361977244376
Absolute Error:,0.8604616022825871
Transition Probabilities
8.862105636299182e-05,8.862105636299182e-05,0.026995671304386525,0.9728270865828874
0.9763130124367684,0.023175609399079148,0.00025568908207619515,0.00025568908207619515
0.01776670329980194,0.004547271800028855,0.9493783170635339,0.028307707836635294
0.016814916801332236,0.00662984496958248,0.9640050895856092,0.012550148643476138

0.03219071517562817,0.005353663422849244,0.011384481835135084,0.9510711395663874
0.021440450679598433,0.020595275243765723,0.9235545119810983,0.034409762095537595
0.0003427079513364735,0.9817547211597462,0.006063796974180812,0.011838773914736584
0.9788125896454667,0.00012643694763193457,0.013255268430840407,0.00780570497606103

*,*,*,*,*,*,*,*,*,*,*
Model Num 2
Model States: 
"['diamond', 'x', 'square']","['diamond', 'x', 'diamond']","['square', 'y', 'diamond', 'x', 'diamond']","['square', 'y', 'diamond', 'x', 'square']"
Iteration: ,40665
Error:,0.029322226093099476
Transition Probabilities
8.862105636299182e-05,8.862105636299182e-05,0.026995671304386525,0.9728270865828874
0.9763130124367684,0.023175609399079148,0.00025568908207619515,0.00025568908207619515
0.01776670329980194,0.004547271800028855,0.9493783170635339,0.028307707836635294
0.016814916801332236,0.00662984496958248,0.9640050895856092,0.012550148643476138

0.03219071517562817,0.005353663422849244,0.011384481835135084,0.9510711395663874
0.021440450679598433,0.020595275243765723,0.9235545119810983,0.034409762095537595
0.0003427079513364735,0.9817547211597462,0.006063796974180812,0.011838773914736584
0.9788125896454667,0.00012643694763193457,0.013255268430840407,0.00780570497606103

Transition Gammas
1.0,1.0,304.61915499869764,10977.380845001306
3818.360191640204,90.63980835979861,1.0,1.0
54.525317423557844,13.955399272668137,2913.604916985888,86.87524800074091
60.61843284005099,23.900850463723014,3475.2760582129495,45.24377680042639

89.10821150870599,14.819657470389332,31.51377065553009,2632.6923090068904
21.45901921103587,20.613111809868805,924.3543576208276,34.43956271674532
1.6355171249255334,4685.262342678446,28.93847007245922,56.49859421167354
10064.802031410907,1.3001087857198705,136.29948576564806,80.26344995021911

