0,1,2,3,4,5,6,7,8,9,10,11,12,13,14,15,16,17,18,19,20,21,22,23,24,25,26,27,28,29
github Code Version (SHA):,32a229dd34421fba547a58d2c923a1ee52132eb5
Environment Observations,Environment Actions,alpha,epsilon,numActions,explore,patience,gainThresh,insertRandActions,useBudd,revisedSplitting,haveControl,confidence_factor
"['square', 'diamond']","['x', 'y']",0.99,0.99,75000,0.5,0,0.01,False,False,False,False,250

Model Num 0
Model States: 
['square'],['diamond']
Iteration: ,0
Error:,0.6726950464367034
Absolute Error:,1
Transition Probabilities
0.5,0.5
0.5,0.5

0.5,0.5
0.5,0.5

Transition Gammas
1.0,1.0
1.0,1.0

1.0,1.0
1.0,1.0

Iteration: ,2319
Error:,0.2640650496370898
Absolute Error:,1
Transition Probabilities
0.9760119940029985,0.0239880059970015
0.6514851485148515,0.3485148514851485

0.019908116385911178,0.9800918836140888
0.656,0.344


Model Num 1
Model States: 
['square'],"['diamond', 'y', 'square']","['diamond', 'y', 'diamond']"
Iteration: ,0
Error:,0.7079296685742652
Absolute Error:,1
Transition Probabilities
0.3333333333333333,0.3333333333333333,0.3333333333333333
0.3333333333333333,0.3333333333333333,0.3333333333333333
0.3333333333333333,0.3333333333333333,0.3333333333333333

0.3333333333333333,0.3333333333333333,0.3333333333333333
0.3333333333333333,0.3333333333333333,0.3333333333333333
0.3333333333333333,0.3333333333333333,0.3333333333333333

Transition Gammas
1.0,1.0,1.0
1.0,1.0,1.0
1.0,1.0,1.0

1.0,1.0,1.0
1.0,1.0,1.0
1.0,1.0,1.0

Iteration: ,2500
Error:,0.2179168832020894
Absolute Error:,1
Transition Probabilities
0.9770444763271162,0.0032385374437741217,0.019716986229109668
0.8964939797113138,0.07805118677685202,0.02545483351183426
0.4332403565362846,0.5478528537036379,0.018906789760077546

0.019690576652601974,0.4130345293597883,0.5672748939876098
0.9960707269155207,0.0019646365422396855,0.0019646365422396855
0.0033333333333333335,0.9491054900189749,0.04756117664769174

Transition Gammas
681.0,2.257260598310563,13.742739401689438
146.8717043084827,12.787047191223088,4.170239695280126
58.12829569151727,73.50597005812288,2.536743055373914

14.0,293.66755037480937,403.3324496251904
507.0,1.0,1.0
1.0,284.7316470056925,14.268352994307522

Iteration: ,5000
Error:,0.21752487535690201
Absolute Error:,1
Transition Probabilities
0.9749283667621776,0.0031320447549117655,0.021939588482910583
0.9142864984431801,0.06673714337710808,0.0189763581797119
0.36037666679693936,0.6250938699188099,0.014529463284250697

0.019801980198019813,0.4353405729486931,0.5448574468532871
0.9980657640232108,0.0009671179883945841,0.0009671179883945841
0.0016694490818030044,0.9507049652495103,0.047625585668686674

Transition Gammas
1361.0,4.372334477856825,30.627665522143175
300.18658271602555,21.911725749768944,6.230484781370782
87.81341728397446,152.31737761691593,3.5404118519443735

28.0,615.5715701494518,770.4284298505476
1032.0,1.0,1.0
1.0,569.4722741844569,28.527725815543327

Iteration: ,7500
Error:,0.21394667185942084
Absolute Error:,1
Transition Probabilities
0.9774038461538461,0.004073331848543385,0.01852282199761046
0.9242607236979538,0.058212062645363535,0.017527213656682823
0.33358981002976323,0.6531866317318493,0.013223558238387547

0.02426504899673356,0.45016124375138833,0.5255737072518782
0.9987405541561712,0.0006297229219143577,0.0006297229219143577
0.001123595505617977,0.9474497158684246,0.05142668862595731

Transition Gammas
2033.0,8.47253024497024,38.527469755029756
437.2857202924017,27.54125874973666,8.29246559121999
113.7142797075981,222.6586217828187,4.507653876224674

52.0,964.6955453592248,1126.3044546407746
1586.0,1.0,1.0
1.0,843.2302471228984,45.76975287710203

Iteration: ,10000
Error:,0.21371576485990945
Absolute Error:,1
Transition Probabilities
0.9794742527907814,0.0037937069315623403,0.016732040277656242
0.9238264578142602,0.057793316542468005,0.018380225643271735
0.304285140719973,0.6835288851629313,0.01218597411709559

0.020687237026647973,0.4621531216169761,0.5171596413563759
0.9990658570761326,0.00046707146193367583,0.00046707146193367583
0.000850340136054422,0.9430509057265596,0.056098754137386055

Transition Gammas
2720.0,10.535124148948618,46.46487585105138
573.6724117154008,35.88815951471164,11.413646235675271
136.32758828459865,306.2385636598597,5.459630589753403

59.0,1318.0607028516154,1474.9392971483837
2139.0,1.0,1.0
1.0,1109.0278651344338,65.97213486556599

Iteration: ,12500
Error:,0.2115251375019861
Absolute Error:,1
Transition Probabilities
0.9797639123102867,0.004141975396753765,0.016094112292959557
0.923793575130389,0.0561429997343817,0.02006342513522935
0.28367043883676957,0.7049516653060237,0.011377895857206591

0.019908987485779298,0.4590508503480019,0.5210401621662187
0.9992427110942824,0.0003786444528587656,0.0003786444528587656
0.0006825938566552899,0.9459315110378872,0.05338589510545748

Transition Gammas
3486.0,14.737148461649898,57.262851538350105
719.1214928388639,43.7041768511347,15.61825133138696
157.87850716113505,392.3451347121644,6.33243710531391

70.0,1614.0227898235744,1831.9772101764247
2639.0,1.0,1.0
1.0,1385.7896636705052,78.21033632949523

Iteration: ,15000
Error:,0.2132255890675086
Absolute Error:,1
Transition Probabilities
0.9795774647887324,0.005102617009776971,0.015319918201490635
0.9271408324290146,0.05278535280396441,0.020073814767021143
0.276730392575811,0.7131272682974289,0.010142339126760132

0.021281626862142355,0.4592382646423794,0.5194801084954782
0.9993660855784469,0.0003169572107765452,0.0003169572107765452
0.000572737686139748,0.9482047814641645,0.051222480849695724

Transition Gammas
4173.0,21.737148461649898,65.2628515383501
887.0889232359386,50.505058286366705,19.20663841356363
184.9110767640601,476.51119858316815,6.777104716901285

90.0,1942.118621172622,2196.881378827377
3153.0,1.0,1.0
1.0,1655.5655484364313,89.43445156356873

Iteration: ,16651
Error:,0.21298945181041218
Absolute Error:,1
Transition Probabilities
0.9798899237933955,0.004895674654959209,0.015214401551645364
0.9266692938861081,0.052927247697596734,0.02040345841629509
0.2673342656592015,0.7226538133794964,0.010011920961302065

0.020416843896214384,0.4650389123081385,0.514544243795647
0.9994321408290744,0.00028392958546280523,0.00028392958546280523
0.0005230125523012553,0.9495068510731873,0.04997013637451142


Model Num 2
Model States: 
"['diamond', 'y', 'square']","['diamond', 'y', 'diamond']","['square', 'y', 'diamond', 'y', 'diamond']","['square', 'y', 'diamond', 'y', 'square']"
Iteration: ,0
Error:,0.6715899440251485
Absolute Error:,0.74
Transition Probabilities
0.25,0.25,0.25,0.25
0.25,0.25,0.25,0.25
0.25,0.25,0.25,0.25
0.25,0.25,0.25,0.25

0.25,0.25,0.25,0.25
0.25,0.25,0.25,0.25
0.25,0.25,0.25,0.25
0.25,0.25,0.25,0.25

Transition Gammas
1.0,1.0,1.0,1.0
1.0,1.0,1.0,1.0
1.0,1.0,1.0,1.0
1.0,1.0,1.0,1.0

1.0,1.0,1.0,1.0
1.0,1.0,1.0,1.0
1.0,1.0,1.0,1.0
1.0,1.0,1.0,1.0

Iteration: ,2500
Error:,0.05137081773862526
Absolute Error:,0.6196285885308401
Transition Probabilities
0.009031394783368294,0.010965079635409622,0.014133413125562252,0.9658701124556599
0.8219602413589959,0.02618641051705683,0.039329350882455094,0.11252399724149201
0.013662680301469691,0.019066530502006296,0.9309750500291999,0.03629573916732402
0.007296371101530483,0.012903645158774962,0.9535357320297688,0.02626425170992567

0.0013850415512465367,0.0013850415512465367,0.021624506781544043,0.9756054101159628
0.9458147945673419,0.04483941104013475,0.004672897196261681,0.004672897196261681
0.005348530149592432,0.9543346051830897,0.006723794451001527,0.03359307021631633
0.9703175005834717,0.001757201952413099,0.007672579461943756,0.020252718002171526

Transition Gammas
1.6174439197402928,1.9637499867043695,2.5311708405456934,172.9789006153528
45.95475701684447,1.4640490767108765,2.1988542419584767,6.291074302143007
2.479279402482604,3.4598816123469973,168.93810107774536,6.586356156320781
1.828006415690766,3.232832569479632,238.8953921731288,6.58015059280503

1.0,1.0,15.612893896274805,704.3871061037255
202.40436603741122,9.59563396258884,1.0,1.0
1.3678678244491134,244.06772770791443,1.7195868454504886,8.59130987171503
649.388390897158,1.1760135704784427,5.13490071840008,13.554202564434403

Iteration: ,5000
Error:,0.037714420233406175
Absolute Error:,0.6187443491233688
Transition Probabilities
0.005569279690073599,0.0118880593023866,0.015169394195935505,0.9673732668116043
0.8541635370969737,0.01568702971589988,0.03918871558890526,0.09096071759822125
0.007765642212842199,0.009844266157995822,0.9627287796181333,0.019661312011028713
0.0074380794521917756,0.010307651978882205,0.9633513533444794,0.01890291522444654

0.0006784260515603791,0.0006784260515603791,0.018816573945616102,0.979826573951263
0.9592475103065993,0.03614419476252514,0.0023041474654377876,0.0023041474654377876
0.002696962648725951,0.9697652291532542,0.00359692066858341,0.02394088752943626
0.9677258982125461,0.0008852007125399266,0.005807056114392827,0.025581844960521096

Transition Gammas
1.8077858950171484,3.858859156290261,4.923979112100366,314.0089642248813
85.75837070825115,1.57498424044149,3.934563175660364,9.132493487358019
2.766126301299031,3.5065333671423344,342.92455476706505,7.003370845725338
3.658043121219612,5.069297210339022,473.7756317433483,9.296442643861303

1.0,1.0,27.73562999583817,1444.2643700041635
416.31341947306413,15.686580526935911,1.0,1.0
1.3833244899422057,497.4114089477058,1.844930426300585,12.279745900843725
1291.0243374732893,1.180929089061891,7.74708084861815,34.12824282423754

Iteration: ,7500
Error:,0.03136262827723027
Absolute Error:,0.6209034950162747
Transition Probabilities
0.006432494146289179,0.012023658006266662,0.012258818769618433,0.9692850290778258
0.9020501179213425,0.015441073649923946,0.02780165003113501,0.05470715839759851
0.005933521370197279,0.007764159446256268,0.9723265179357106,0.01397580124783591
0.0050242419844463235,0.006966634404626834,0.9660828475232132,0.021926276087713657

0.00045392646391284613,0.00045392646391284613,0.02173887478433573,0.9773532722878385
0.9515805204005728,0.04527482551137683,0.0015723270440251578,0.0015723270440251578
0.0018090901431132695,0.9733372772174136,0.0024729871424080878,0.02238064549706523
0.9693843908088374,0.0005938920695886291,0.0051085715299593795,0.02491314559161452

Transition Gammas
3.162811614111991,5.911947111256837,6.027573985778206,476.59055377777037
157.23375229720097,2.6914889774302813,4.846025367772445,9.535846868678984
3.140873739246907,4.109910960219786,514.6951760377871,7.398006071865296
3.665968476162181,5.083246824371126,704.9081782575378,15.998639632809201

1.0,1.0,47.89074114989161,2153.1092588501083
605.2052109747641,28.79478902523565,1.0,1.0
1.393209815987742,749.582907213473,1.904487719824309,17.235700008289115
1932.8397312562524,1.1841517142865474,10.185897479565659,49.6739147923209

Iteration: ,10000
Error:,0.03070613105389429
Absolute Error:,0.6212225728953823
Transition Probabilities
0.0054943274522323785,0.010260492031553686,0.014394405846016986,0.969850774670197
0.9149572104527363,0.01626763837465216,0.023060026474616187,0.045715124697995525
0.006193021552782954,0.007224641088410752,0.9691510365916887,0.017431300767117748
0.00716036610716384,0.005714097697235371,0.9673992307099407,0.019726305485659963

0.00034352456200618345,0.00034352456200618345,0.022003791793540256,0.9773091590824474
0.9529395814819208,0.044701927952041476,0.0011792452830188677,0.0011792452830188677
0.0013665452144624786,0.9745038895848284,0.002850314212079013,0.021279250988630087
0.9663707446267815,0.00044609079370690235,0.0044336894546072765,0.02874947512490421

Transition Gammas
3.7195713308618146,6.9461881063526105,9.744781281261357,656.5733782779303
208.62495741341365,3.709283149371864,5.2580568645811105,10.423783576227557
4.3754300865387155,5.104279343008461,684.714653059447,12.315383883926456
6.963386251618495,5.556904318834327,940.7863232317503,19.183639824874675

1.0,1.0,64.05303791099568,2844.9469620890045
808.0927650966689,37.90723490333118,1.0,1.0
1.400712182431252,998.8688669222131,2.9215790288991057,21.811284235121672
2570.543820473614,1.1866004217421842,11.793603120551163,76.47353361542802

Iteration: ,12500
Error:,0.028999805484538888
Absolute Error:,0.6218296426693928
Transition Probabilities
0.004698083145309456,0.01259756598333742,0.015925683024662712,0.9667786678466903
0.9252668387535616,0.014030692338518391,0.019891659799397138,0.04081080910852275
0.0056926388934830955,0.00809015882829535,0.9690969563958491,0.017120245882372525
0.007869489485111044,0.006578968256277652,0.9688189030224479,0.01673263923616342

0.00027262813522355503,0.00027262813522355503,0.020500901706906525,0.9789538420226463
0.9507353267081389,0.04737073389792168,0.000946969696969697,0.000946969696969697
0.0011103066905055034,0.975762859918464,0.0023571834659305534,0.02076964992509992
0.9696706149896523,0.0003535525383632427,0.004153462319880248,0.025822370152104025

Transition Gammas
4.011628984936674,10.756889411134484,13.598723064413264,825.5190906581512
257.3293542947485,3.9021273091803157,5.532142467058635,11.35004381037748
4.802256690029419,6.8247819831077585,817.5210880610787,14.442478587161453
9.462348088222145,7.910613238640677,1164.9169507364275,20.119482615331005

1.0,1.0,75.19730746093315,3590.8026925390673
1003.9765050037946,50.023494996205294,1.0,1.0
1.4052216197266902,1234.9408305010797,2.9832884880481476,26.286395784589377
3258.4658754929214,1.1880723862739948,13.957229419208375,86.77308630815405

Iteration: ,15000
Error:,0.028868885641256878
Absolute Error:,0.6222565592552756
Transition Probabilities
0.004478351146775763,0.012300230530325338,0.018201145328912816,0.9650202729939861
0.931138619952121,0.011728520882067696,0.019084572204953392,0.03804828696085793
0.004970186435159065,0.008091817655466793,0.971111069013205,0.015826926896169265
0.00788127512896137,0.0074480182044765345,0.9694166813531332,0.0152540253134289

0.00022758306781975435,0.00022758306781975435,0.020784554341796387,0.9787602795225642
0.948090184676965,0.05034118787205459,0.000784313725490196,0.000784313725490196
0.0009243884699027537,0.9772207546044451,0.0019788638550895,0.019875993070562627
0.969994977743374,0.0002952974512980468,0.0037878417048156313,0.025921883100512553

Transition Gammas
4.6487612288174205,12.76827852948975,18.893734759061733,1001.7411951599858
315.607601190118,3.9753590515748645,6.468678158419264,12.8963919225336
4.899083176034588,7.976056483315459,957.2183986114992,15.600507606083529
11.375091319711983,10.749769020937972,1399.1648682232005,22.016225559215904

1.0,1.0,91.32733177785326,4300.672668222144
1208.8149854631304,64.1850145368696,1.0,1.0
1.4096251401697186,1490.1905292381725,3.01762335850076,30.30944286989179
3907.2103659962627,1.1894796253978714,15.257702063818433,104.41523170778896

Iteration: ,17500
Error:,0.028006950939989183
Absolute Error:,0.6225874678307972
Transition Probabilities
0.004392881283640621,0.010941522690474863,0.0187481625911091,0.9659174334347754
0.9361202913243014,0.010097871399019003,0.017064834388120342,0.03671700288855921
0.004264799227719077,0.0077798833445377755,0.9735044325492335,0.014450884878509648
0.00773194068261336,0.006698501696941177,0.9706038046840705,0.01496575293637493

0.0001948937828883258,0.0001948937828883258,0.02152897580196711,0.9780812366322561
0.9484116801406398,0.05023696850800881,0.0006756756756756758,0.0006756756756756758
0.0007963109984279378,0.977700919150443,0.002260254675207333,0.019242515175921862
0.971116128971043,0.00025272861316608553,0.00348866063376557,0.025142481782025192

Transition Gammas
5.334714026625477,13.287382654043148,22.76776436474877,1173.009910351161
369.39328095687085,3.98462236246085,6.733787550631816,14.488537733457953
4.918722540247224,8.972775862121445,1122.772243131233,16.66664463744487
12.917518354370031,11.1909832432613,1621.5582835524483,25.00282867887302

1.0,1.0,110.46517483989328,5018.534825160108
1403.6492866081467,74.35071339185302,1.0,1.0
1.4124987020685076,1734.2486566649643,4.009246137975512,34.13242786321109
4574.148443034299,1.190401598672591,16.43227944645708,118.42604655235627

Iteration: ,20000
Error:,0.027448612766393404
Absolute Error:,0.6225610849861665
Transition Probabilities
0.004010112411404033,0.013130055697915803,0.02184932620756786,0.9610105056831123
0.936373092280691,0.009380503449177994,0.020438307931457383,0.03380809633867362
0.004024245432823287,0.009524706934385051,0.9708598879674802,0.01559115966531137
0.007972049205259945,0.00729835277583721,0.9715531126381589,0.013176485380743997

0.00017059024223814402,0.00017059024223814402,0.020742932260826512,0.9789158872546972
0.9508852955544286,0.04793823385733617,0.0005882352941176472,0.0005882352941176472
0.0007010397424991194,0.9796475459520335,0.001987790596293459,0.0176636237091739
0.9725919190190153,0.00022130455316594124,0.003074992686614609,0.024111783741204183

Transition Gammas
5.615177855284091,18.385419267528658,30.594616830368984,1345.6592625336975
409.8931294840106,4.106273393177053,8.946777805178176,14.799342830754698
5.324332344868244,12.601792324221814,1284.5093049441264,20.6280946542029
15.178275268229342,13.895600062680598,1849.7754092633156,25.087191138355603

1.0,1.0,121.59506891296499,5738.404931087034
1616.5050024425282,81.49499755747146,1.0,1.0
1.414974656253579,1977.3150729537736,4.012145311002775,35.65215831699057
5235.078757252012,1.1911951379677426,16.55147300487359,129.78422336713305

Iteration: ,22500
Error:,0.02903831436091453
Absolute Error:,0.6226978583284289
Transition Probabilities
0.003804787260012037,0.01375128936936771,0.020502707594361284,0.961941215776259
0.933064402414431,0.012595654650828925,0.018837592596338503,0.03550235033840156
0.0037333757929592123,0.012340350814171858,0.969329899796443,0.014596373596425894
0.007151304336246346,0.007482140122086393,0.9716930909823045,0.01367346455936272

0.00015158405335758679,0.00015158405335758679,0.01966390992205387,0.9800329219712309
0.9480225818685737,0.05092367735165814,0.0005268703898840884,0.0005268703898840884
0.0006329226822641823,0.9798317062819203,0.0018000142256316125,0.017735356810183782
0.971760705014108,0.00019520212768866485,0.0029039686955458508,0.02514012416265731

Transition Gammas
6.04780503892801,21.858020292981138,32.58956935753971,1529.0297549792022
452.9793011116549,6.114873556436525,9.14517744631035,17.235498216946592
5.557489233387631,18.3698000387007,1442.9408611581196,21.728107109287897
15.185106391059524,15.887604336852142,2063.296745914841,29.034285817751872

1.0,1.0,129.7228137557894,6465.2771862442105
1799.3468603865533,96.65313961344718,1.0,1.0
1.4174836419176884,2194.415612533212,4.031283427739365,39.719824974633646
5933.97491846905,1.191985355818142,17.732840311893643,153.51605128573334

Iteration: ,25000
Error:,0.027786959238615627
Absolute Error:,0.6224131980066133
Transition Probabilities
0.003562162293513803,0.013519171034801538,0.019336906400594694,0.96358176027109
0.9366663639961046,0.011484330967325608,0.018172097852085917,0.03367720718448385
0.0034148712315089065,0.012286033693518085,0.9705609467686657,0.013738148306307315
0.00704848865670486,0.00786381931137062,0.9722820136876431,0.012805678344281429

0.0001361099768613038,0.0001361099768613038,0.018760390510597726,0.9809673895356797
0.9475204517132679,0.051523525342181284,0.0004780114722753345,0.0004780114722753345
0.0005748323490006079,0.980970095906445,0.0016444952007268216,0.016810576543827435
0.9720235395550311,0.00017503693940652045,0.0029171051061720357,0.024884318399390464

Transition Gammas
6.284360913220739,23.850499508388992,34.11413875998189,1699.9493711912792
504.6773633380184,6.187776240372336,9.791155936447536,18.145334112290342
5.6555231997463284,20.34745789107081,1607.3900241305873,22.75237079248389
16.541778196101447,18.45524071308141,2281.804539641372,30.053065435555666

1.0,1.0,137.83258908136162,7207.167410918646
1982.212784984157,107.78721501584327,1.0,1.0
1.4195361069661097,2422.4845268611243,4.061045484344749,41.513356762834796
6622.903319075881,1.192617956029137,19.87575846013366,169.5498392926868

Iteration: ,27500
Error:,0.02830990024598048
Absolute Error:,0.6222690483422925
Transition Probabilities
0.0035999763784063292,0.013150766899628566,0.019349929099657815,0.9638993276223073
0.9401384347968275,0.010394420669175515,0.018706926323683436,0.030760218210313658
0.0037111622259403585,0.012022207428468691,0.9682342207468867,0.01603240959870423
0.007040406021844655,0.009226519517024304,0.9712388236214372,0.012494250839693766

0.00012347203358439296,0.00012347203358439296,0.018636972927662056,0.9811160830051692
0.9461161871725707,0.05300738863812176,0.00043821209465381246,0.00043821209465381246
0.0005266271139661663,0.9812577751059302,0.0015164459431778689,0.016699151836925837
0.971602655748469,0.0001583151175759489,0.0027911765255884324,0.02544785260836659

Transition Gammas
7.012371134464984,25.61629536132036,37.69160405781676,1877.5733813401043
565.1231812550861,6.248152249128653,11.24485216672281,18.4901624353543
6.651773334342191,21.5482358150904,1735.4333168040914,28.735999172574687
18.091243277298986,23.70874757326842,2495.725073806091,32.105610217246145

1.0,1.0,150.9408437411352,7946.059156258877
2159.0371391278063,120.96286087219386,1.0,1.0
1.4214433404895088,2648.5577607716705,4.093108634131206,45.07344483585853
7322.8275979223,1.1931979655411713,21.036690638218296,191.79675589179192

Iteration: ,30000
Error:,0.028420971572626512
Absolute Error:,0.6223204085586456
Transition Probabilities
0.003620560965587523,0.012389291041545457,0.01955012495650518,0.9644400230363619
0.941353607641898,0.01095106247608756,0.017626936781987162,0.03006839310002725
0.003900014295746729,0.013068490909709733,0.9677705811251848,0.015260913669358772
0.006937127049692513,0.009398723092364551,0.970817121240997,0.012847028616945868

0.00011317338162064262,0.00011317338162064262,0.018339252513052514,0.9814344007237062
0.943858857044244,0.055334040453738284,0.00040355125100887844,0.00040355125100887844
0.0004849051984087282,0.9808854508392123,0.0017400031017046722,0.016889640860674078
0.9721126664682521,0.00014503474652807083,0.002809386492228362,0.02493291229299152

Transition Gammas
7.70278405455485,26.358355621991148,41.59311007626853,2051.8569640529413
622.6948552986094,7.244005024844464,11.660021016239316,19.88990485454833
7.652346419092549,25.64211616478526,1898.8945115029285,29.943941025333633
19.409159436019934,26.29637798010225,2716.2172689657755,35.94427850596529

1.0,1.0,162.0456352053323,8671.954364794685
2338.882247755635,137.11775224436337,1.0,1.0
1.423043720493568,2878.5892292366866,5.106359955813573,49.5657655291105
8000.794045305704,1.1936817371179764,23.1221374777931,205.2057370372828

Iteration: ,32500
Error:,0.028386425506331206
Absolute Error:,0.6219919085984538
Transition Probabilities
0.0035756052382930467,0.01192689283389096,0.020173360906516405,0.9643241410212997
0.9418233037678422,0.010113413003441108,0.01917691203617819,0.028886371192538667
0.004132415209835874,0.01308583516952289,0.9675677451696352,0.015214004451006109
0.006975726592742545,0.009763296350132985,0.9701049935522541,0.013155983504870364

0.00010439503079653396,0.00010439503079653396,0.017866416617459333,0.9819247933209477
0.9448893221645804,0.05436245486497437,0.00037411148522259626,0.00037411148522259626
0.0004493594563967342,0.9815536153251687,0.0016182964846776268,0.016378728733757047
0.9726785331625937,0.0001336325122063614,0.0028188262208785103,0.02436900810432159

Transition Gammas
8.275154360858537,27.602845579503057,46.68794913121519,2231.770732236397
676.8538611072823,7.2681389523560425,13.78174324618481,20.759575386199476
8.723442484422819,27.62392563802998,2042.5153684170125,32.116446689628674
21.108693881741345,29.543937995805848,2935.557904942529,39.810279950832424

1.0,1.0,171.14240477864314,9405.857595221369
2525.689158145924,145.3108418540765,1.0,1.0
1.4245211789976533,3111.6378957827587,5.130186053735588,51.922454583207696
8691.7434582846,1.194124753640082,25.188706782394227,217.75865258066244

Iteration: ,35000
Error:,0.028325545127932537
Absolute Error:,0.6221378202912423
Transition Probabilities
0.003425010048717712,0.012579485533160455,0.02080696314774105,0.9631885412703808
0.9447147930410059,0.009402204940881224,0.018575759331789767,0.027307242686323008
0.003921155820648651,0.013088850768938622,0.9682877375869026,0.014702255823510247
0.007241249052679111,0.010662050739088736,0.9687258444569012,0.013370855751330919

9.70685303824498e-05,9.70685303824498e-05,0.01759310553545052,0.9822127574037846
0.9441853444288772,0.05511900339720969,0.0003478260869565218,0.0003478260869565218
0.00041750645481701326,0.9820768369674088,0.001508860461349998,0.0159967961164241
0.9720856525154488,0.0001242492331559147,0.0027407324393689293,0.02504936581202642

Transition Gammas
8.569131715522667,31.472978739878805,52.05754297852993,2409.8292733821695
743.5576860114842,7.40020353311429,14.620442832477492,21.49274080681727
8.880724583729304,29.643932583441394,2193.0005102141395,33.298009745128155
23.651199824515682,34.824143008313605,3164.029900883754,43.67157915698277

1.0,1.0,181.24417322621164,10118.75582677381
2714.5328652330218,158.46713476697784,1.0,1.0
1.4262474179121556,3354.8811922680393,5.154431295998456,54.64679382242535
9346.497917438772,1.1946428752755052,26.351844583377883,240.8469302981983

Iteration: ,37500
Error:,0.028803392869309188
Absolute Error:,0.6222592539569112
Transition Probabilities
0.0034332300718907336,0.013006487667176795,0.022115851451834357,0.9614444308090981
0.9414386292815187,0.010129446602598834,0.019646927868252038,0.02878499624763045
0.004092373801141432,0.012654607824318332,0.9686773707844915,0.014575647590048882
0.007166069865763168,0.01048929465389668,0.9692110387000914,0.013133596780248738

9.02934537246048e-05,9.02934537246048e-05,0.017456602190317715,0.9823628109022331
0.9441634575951325,0.05518592431768461,0.00032530904359141186,0.00032530904359141186
0.0003916399554094974,0.9810752836500496,0.0022335657539504362,0.016299510640590452
0.9724664703493918,0.00011559461231114155,0.0025660661318707453,0.024851868906426374

Transition Gammas
9.137302211179923,34.6158591275328,58.85979504475347,2558.8172477822186
783.8133673714469,8.43347128984026,16.35743872404202,23.965518448981072
9.920099972920953,30.67534414875097,2348.1179448974476,35.332031796074
24.923265504389317,36.48129037393875,3370.871970243453,45.678053063033026

1.0,1.0,193.33186925776903,10879.668130742251
2902.358468647437,169.64153135256248,1.0,1.0
1.4275133506033963,3575.983619682276,8.141265693590842,59.41112168551927
10053.393845648201,1.1950213189164143,26.528085280315054,256.91952734057475

Iteration: ,40000
Error:,0.02878695902467382
Absolute Error:,0.6220099788001563
Transition Probabilities
0.003413622814206768,0.012327943188248971,0.02301633205590301,0.9612421019416413
0.9414385192947149,0.009641287179962685,0.0199870547251459,0.028933138800176623
0.004249114004035146,0.012988068664106957,0.9679206873762946,0.014842129955563188
0.007249868234279512,0.010654860038402868,0.9695182968701525,0.012576974857165253

8.455229559482524e-05,8.455229559482524e-05,0.016861156108624795,0.9829697393001855
0.9452259782496452,0.054164822846912854,0.00030459945172098697,0.00030459945172098697
0.0003678395023342574,0.9815710673694826,0.0026244223159033395,0.015436670812279682
0.9727118965324651,0.00010834697522620647,0.002772311735883982,0.02440744475642472

Transition Gammas
9.663087374819483,34.897233427220954,65.1533106640931,2721.0289258556013
824.0010708366988,8.438608361260822,17.49381840540161,25.323945074897697
11.000279111343664,33.62404027917233,2505.792433121732,38.42390954043212
26.87641672359699,39.499263885887004,3594.158807552974,46.624849784868914

1.0,1.0,199.4168932967058,11625.583106703316
3103.1768865935846,177.82311340641488,1.0,1.0
1.428541765505581,3812.0301290398093,10.19220846266256,59.94986627527514
10731.346002105967,1.1953270887082428,30.585249928088107,269.27267533397406

Iteration: ,42500
Error:,0.029242392725485043
Absolute Error:,0.6220938637115111
Transition Probabilities
0.003458272422017417,0.012312193917907218,0.022670202249836274,0.9615593314102391
0.9399596088589053,0.009093811500536935,0.01945785161100117,0.03148872802955664
0.004003225610984993,0.012968876911234994,0.9668382934456411,0.016189604032138833
0.0070601485025898,0.010802913368789299,0.9677678318627166,0.01436910626590435

7.957348611442645e-05,7.957348611442645e-05,0.017148475275347113,0.982692377752424
0.9429565764352612,0.05647019341283284,0.00028661507595299513,0.00028661507595299513
0.00034729071028626144,0.9817608760734196,0.002744120956286168,0.015147712260008045
0.9724248235230661,0.00010191707917434914,0.002789573477371427,0.024683685920388155

Transition Gammas
10.384734448376342,36.97188905661545,68.07561739690729,2887.4354285913864
876.1667407878243,8.476635707184188,18.137292568816207,29.351661442882506
11.009573716821755,35.66668987799013,2658.975161111856,44.52425527776615
27.794564327917048,42.529172077271056,3809.9319366058835,56.568647004500384

1.0,1.0,215.50488878528776,12349.495111214746
3289.975495182626,197.02450481737378,1.0,1.0
1.4299564202301454,4042.363432971719,11.298814690709916,62.37013475005774
11409.010864638321,1.195745969729219,32.72877588185364,289.6022746773786

Iteration: ,45000
Error:,0.029037595780592892
Absolute Error:,0.622107601578759
Transition Probabilities
0.0033493573133907325,0.011607101979342374,0.023049284117060025,0.9619942565902069
0.9425751805265461,0.008566359254341195,0.01902719715840288,0.02983126306070978
0.003791099019300304,0.012495630525139396,0.9684367687244864,0.015276501731073958
0.006746430068512848,0.010383665648234196,0.9683568733814071,0.01451303090184569

7.521058965102265e-05,7.521058965102265e-05,0.017041989426966435,0.9828075893937316
0.9414227450359866,0.058035396389101546,0.00027092928745597395,0.00027092928745597395
0.0003283188957818098,0.9820081177555028,0.00284316002326311,0.014820403325452225
0.9729220748361156,9.633329053585221e-05,0.002804405420475972,0.024177186452872444

Transition Gammas
10.6686563022843,36.97192329647436,73.41852995960924,3064.2255000086693
932.8811628072425,8.478257593999242,18.831509864473496,29.524460167238534
11.100933879275953,36.5891704577624,2835.735094530539,44.73199849435625
28.08432785420976,43.225567808751876,4031.1174407408944,60.41546623421221

1.0,1.0,226.5902914209464,13067.409708579093
3474.791351927827,214.20864807217384,1.0,1.0
1.4311039192797435,4280.459285591585,12.393004194115454,64.60041611024545
12079.913525160851,1.1960853282759678,34.81982354501364,300.1867561506254

Iteration: ,45553
Error:,0.027848004211617535
Absolute Error:,0.6221422233531282
Transition Probabilities
0.0033312997536422756,0.012095390931206634,0.022709610302897126,0.9618636990122539
0.9431011445595556,0.008506973051593935,0.01882177475810293,0.02957010763074756
0.003776740261400864,0.012992874180737399,0.9677838983765817,0.01544648718127999
0.006669160472769023,0.010269412951528905,0.9684794415216775,0.014581985054024745

7.431629013079651e-05,7.431629013079651e-05,0.0169893575343663,0.9828620098853721
0.941563221089685,0.057901303676044555,0.00026773761713520745,0.00026773761713520745
0.00032479990279068457,0.9821834750803506,0.002812537857174775,0.014679187159683915
0.9730351338888349,9.511540285819412e-05,0.002770826307061127,0.02409892440124572

*,*,*,*,*,*,*,*,*,*,*
Model Num 2
Model States: 
"['diamond', 'y', 'square']","['diamond', 'y', 'diamond']","['square', 'y', 'diamond', 'y', 'diamond']","['square', 'y', 'diamond', 'y', 'square']"
Iteration: ,45553
Error:,0.028502456365111537
Transition Probabilities
0.0033312997536422756,0.012095390931206634,0.022709610302897126,0.9618636990122539
0.9431011445595556,0.008506973051593935,0.01882177475810293,0.02957010763074756
0.003776740261400864,0.012992874180737399,0.9677838983765817,0.01544648718127999
0.006669160472769023,0.010269412951528905,0.9684794415216775,0.014581985054024745

7.431629013079651e-05,7.431629013079651e-05,0.0169893575343663,0.9828620098853721
0.941563221089685,0.057901303676044555,0.00026773761713520745,0.00026773761713520745
0.00032479990279068457,0.9821834750803506,0.002812537857174775,0.014679187159683915
0.9730351338888349,9.511540285819412e-05,0.002770826307061127,0.02409892440124572

Transition Gammas
10.771637216456583,39.11000892661412,73.43070320899753,3110.1514674898162
943.6068195096592,8.511534347270663,18.831866676733895,29.585962624442555
11.185154861090247,38.47956167054608,2866.1787748667066,45.74615653298274
28.08657145462669,43.24871201373696,4078.6643457900823,61.410722810230524

1.0,1.0,228.60879498243344,13225.391205017595
3516.7386307699744,216.26136923002647,1.0,1.0
1.431393762351875,4328.484361096379,12.394859452075998,64.69120451156095
12236.888074007911,1.196171133346626,34.84590659795984,303.0680294384032

