0,1,2,3,4,5,6,7,8,9,10,11,12,13,14,15,16,17,18,19,20,21,22,23,24,25,26,27,28,29
github Code Version (SHA):,cd93f48c3be2409aefa56252372b16f046dc3cc1
Environment Observations,Environment Actions,alpha,epsilon,numActions,explore,patience,gainThresh,insertRandActions,useBudd,revisedSplitting,haveControl,confidence_factor
"['diamond', 'square']","['x', 'y']",0.99,0.99,75000,0.5,0,0.01,False,False,False,False,250

Model Num 0
Model States: 
['diamond'],['square']
Iteration: ,0
Error:,0.6753044921227269
Absolute Error:,1
Transition Probabilities
0.5,0.5
0.5,0.5

0.5,0.5
0.5,0.5

Transition Gammas
1.0,1.0
1.0,1.0

1.0,1.0
1.0,1.0

Iteration: ,2483
Error:,0.14265450455792658
Absolute Error:,1
Transition Probabilities
0.48823529411764705,0.5117647058823529
0.019204389574759947,0.9807956104252401

0.028,0.972
0.9773333333333334,0.02266666666666667


Model Num 1
Model States: 
['square'],"['diamond', 'x', 'square']","['diamond', 'x', 'diamond']"
Iteration: ,0
Error:,0.7221197939387249
Absolute Error:,1
Transition Probabilities
0.3333333333333333,0.3333333333333333,0.3333333333333333
0.3333333333333333,0.3333333333333333,0.3333333333333333
0.3333333333333333,0.3333333333333333,0.3333333333333333

0.3333333333333333,0.3333333333333333,0.3333333333333333
0.3333333333333333,0.3333333333333333,0.3333333333333333
0.3333333333333333,0.3333333333333333,0.3333333333333333

Transition Gammas
1.0,1.0,1.0
1.0,1.0,1.0
1.0,1.0,1.0

1.0,1.0,1.0
1.0,1.0,1.0
1.0,1.0,1.0

Iteration: ,2500
Error:,0.11557112025211498
Absolute Error:,1
Transition Probabilities
0.9784656796769852,0.01862789108777101,0.0029064292352437926
0.9956521739130435,0.002173913043478261,0.002173913043478261
0.003058103975535168,0.9717081443702025,0.02523375165426235

0.022346368715083813,0.36844644291106826,0.609207188373848
0.9381742698552694,0.03164419095111365,0.030181539193616866
0.9701827232041083,0.010846910300336169,0.018970366495555595

Transition Gammas
727.0,13.840523078213861,2.159476921786138
458.0,1.0,1.0
1.0,317.7485632090563,8.25143679094379

16.0,263.8076531243247,436.1923468756749
145.9399724688451,4.922488821737605,4.694962482464286
110.06002753115493,1.2305014485728079,2.1520472472253016

Iteration: ,5000
Error:,0.11549225620425473
Absolute Error:,1
Transition Probabilities
0.9804450438300741,0.016728539269097693,0.002826416900828133
0.9978517722878625,0.0010741138560687433,0.0010741138560687433
0.0016051364365971099,0.9754405864713649,0.022954277092037945

0.024861878453038673,0.38276167670783,0.5923764448391312
0.9493823414370387,0.026566050078854257,0.024051608484107125
0.97880814055621,0.009640678014350491,0.01155118142943948

Transition Gammas
1454.0,24.80842373607188,4.1915762639281215
929.0,1.0,1.0
1.0,607.6994853716607,14.300514628339648

36.0,554.2389078729378,857.761092127062
282.8974299664056,7.9161650302983935,7.166910452971954
227.10257003359408,2.2368252400120197,2.680099276717634

Iteration: ,7500
Error:,0.10864438171917606
Absolute Error:,1
Transition Probabilities
0.979702300405954,0.016102308926413296,0.004195390667632715
0.9985704074338814,0.0007147962830593281,0.0007147962830593281
0.0010683760683760683,0.9814793301132041,0.017452293818419874

0.022140221402214017,0.38297249357814594,0.59488728501964
0.9545431270097668,0.026041509823260024,0.01941536316697307
0.9781232376812024,0.012484752044749277,0.009392010274048427

Transition Gammas
2172.0,35.69881888985827,9.301181110141728
1397.0,1.0,1.0
1.0,918.6646529859592,16.335347014041005

48.0,830.2843660774206,1289.7156339225799
429.4198942838377,11.715282504130816,8.734380839094957
337.5801057161619,4.308867996120736,3.2414686606534944

Iteration: ,10000
Error:,0.11195503163891135
Absolute Error:,1
Transition Probabilities
0.9793220338983051,0.016014589496151015,0.004663376605543903
0.9989344698987747,0.0005327650506126798,0.0005327650506126798
0.0007993605115907276,0.9813301208282316,0.017870518660177654

0.02145328719723182,0.3839740613984112,0.5945726514043569
0.9554112193578123,0.023520902568789415,0.021067878073398223
0.9809229012276537,0.011289057399398101,0.007788041372948219

Transition Gammas
2889.0,47.24303901364549,13.756960986354514
1875.0,1.0,1.0
1.0,1227.6439811561174,22.35601884388224

62.0,1109.6850374414091,1718.3149625585925
562.733349509299,13.853716617346644,12.408895096779103
449.26665049070084,5.17043388290491,3.566954402969347

Iteration: ,12500
Error:,0.11046119117617839
Absolute Error:,1
Transition Probabilities
0.9805300162249865,0.0157103127485837,0.0037596710264298236
0.9991471215351813,0.00042643923240938164,0.00042643923240938164
0.0006406149903907756,0.9818175017745042,0.017541883235104985

0.023513139695712303,0.3849081250499715,0.5915787352543161
0.9589881674883479,0.02288784362720237,0.018123988884449757
0.9842060832329658,0.00927591795450672,0.006517998812527466

Transition Gammas
3626.0,58.09673654426252,13.903263455737488
2343.0,1.0,1.0
1.0,1532.61712027,27.382879729998862

85.0,1391.4428720556475,2138.557127944354
704.7009888509028,16.818858233670877,13.318196534421473
552.2990111490969,5.205292266580678,3.657652965326978

Iteration: ,15000
Error:,0.10880674374678621
Absolute Error:,1
Transition Probabilities
0.9810725552050473,0.015333258175061697,0.0035941866198909876
0.9992857142857143,0.00035714285714285714,0.00035714285714285714
0.0005316321105794794,0.9827704932351005,0.016697874654320138

0.024682814302191453,0.3813570740405709,0.5939601116572377
0.9585521905939488,0.02327680849191128,0.018171000914139857
0.9834332763198178,0.010057130953650812,0.0065095927265314425

Transition Gammas
4354.0,68.04899978092381,15.951000219076203
2798.0,1.0,1.0
1.0,1848.5912977752225,31.408702224776153

107.0,1653.1829159658755,2574.8170840341268
852.925681968512,20.71184850635217,16.1686692689522
660.0743180314878,6.750283944454982,4.369198280240649

Iteration: ,16897
Error:,0.11175534470978207
Absolute Error:,1
Transition Probabilities
0.9805299076676034,0.0160389961635526,0.0034310961688440345
0.999366687777074,0.00031665611146295124,0.00031665611146295124
0.0004697040864255524,0.9781893932828525,0.021340902630721977

0.02477477477477475,0.3823178600229341,0.5929073652022911
0.9567665492826491,0.02603643718823527,0.017197013529115623
0.9834799914874606,0.010013045586122022,0.006506962926417536


Model Num 2
Model States: 
"['diamond', 'x', 'square']","['diamond', 'x', 'diamond']","['square', 'y', 'diamond', 'x', 'diamond']","['square', 'y', 'diamond', 'x', 'square']"
Iteration: ,0
Error:,0.6748127782071132
Absolute Error:,0.74
Transition Probabilities
0.25,0.25,0.25,0.25
0.25,0.25,0.25,0.25
0.25,0.25,0.25,0.25
0.25,0.25,0.25,0.25

0.25,0.25,0.25,0.25
0.25,0.25,0.25,0.25
0.25,0.25,0.25,0.25
0.25,0.25,0.25,0.25

Transition Gammas
1.0,1.0,1.0,1.0
1.0,1.0,1.0,1.0
1.0,1.0,1.0,1.0
1.0,1.0,1.0,1.0

1.0,1.0,1.0,1.0
1.0,1.0,1.0,1.0
1.0,1.0,1.0,1.0
1.0,1.0,1.0,1.0

Iteration: ,2500
Error:,0.04749582655593312
Absolute Error:,0.8523190724089498
Transition Probabilities
0.0014450867052023112,0.0014450867052023112,0.02225736227818425,0.9748524643114111
0.9601111021383333,0.031450079296265865,0.0042194092827004225,0.0042194092827004225
0.01926323891056091,0.016700131089586435,0.9436736536622008,0.020362976337651967
0.015157488796364969,0.007808801269965645,0.9535050191702852,0.02352869076338417

0.011480999717733385,0.010601038014957513,0.0380340362685241,0.939883925998785
0.054750637941480745,0.04123980480016168,0.8349047150706072,0.06910484218775041
0.004386759553856224,0.9508989768048894,0.020535674475065126,0.02417858916618945
0.9797638842815981,0.001660375339501161,0.004443615607976943,0.014132124770923803

Transition Gammas
1.0,1.0,15.40209469650351,674.597905303497
227.54633120678497,7.45366879321501,1.0,1.0
3.659340190841033,3.1724395451968177,179.26491717811234,3.868251754727629
3.4109662693408995,1.7572539946212506,214.57205093346772,5.294780133692256

2.0998455193186034,1.9389027718075285,6.956328072781182,171.90236906283653
3.4001544806813966,2.5610972281924713,51.84971563114126,4.291587233241024
1.2683351556535993,274.9315495754674,5.937439142039886,6.990707896589771
636.7210838789962,1.0790313898825876,2.887781221214631,9.18407174015571

Iteration: ,5000
Error:,0.03618570696182788
Absolute Error:,0.8551587916394388
Transition Probabilities
0.0007062146892655366,0.0007062146892655366,0.02654328175013041,0.9720442888713384
0.969201064917202,0.02655265058173643,0.002123142250530786,0.002123142250530786
0.013084026842414347,0.01263473760447082,0.9466700389382996,0.027611196614815186
0.015760371852341665,0.005124330339935347,0.9590386132400069,0.02007668456771612

0.01099430884580371,0.011816498814230464,0.029186015517784162,0.9480031768221816
0.03179206172791247,0.029306435493939225,0.8920241535844992,0.04687734919364914
0.0022530533570285284,0.9612914881141847,0.015690468581441342,0.020764989947345318
0.9786512107541203,0.0008203280188796234,0.0028153628298767325,0.017713098397123248

Transition Gammas
1.0,1.0,37.58528695818467,1376.4147130418155
456.4937015760021,12.506298423997857,1.0,1.0
4.5151027900848195,4.3600597657753735,326.6817307531065,9.528212711166233
6.88594119694914,2.2388962471906684,419.0182540263564,8.771802509370923

3.8333667109048006,4.120038269727704,10.176237713435455,330.5386332901849
3.6666332890951994,3.3799617302722957,102.87868349658793,5.406445499791751
1.287094750210576,549.1539842650132,8.963444951943684,11.862350914162185
1295.473025612722,1.0858953720539313,3.7267890371356702,23.447415096758462

Iteration: ,7500
Error:,0.033936562847679104
Absolute Error:,0.8554060350863206
Transition Probabilities
0.0004662004662004666,0.0004662004662004666,0.027888580299951074,0.971179018767648
0.9748214407482214,0.022309118792668177,0.0014347202295552368,0.0014347202295552368
0.01514583318512239,0.011466930475914804,0.9463193300801417,0.027067906258821148
0.0175302481686347,0.005061351919411076,0.9575894577944247,0.01981894211752941

0.019092221884479024,0.009051868056024428,0.027763506561671873,0.9440924034978248
0.03245549211813086,0.01911912524568674,0.9092181425387048,0.03920724009747758
0.0015169215981170737,0.9688346459315732,0.011862010954172338,0.017786421516137303
0.9778413849186858,0.0005517920480582524,0.002066069253513318,0.019540753779742664

Transition Gammas
1.0,1.0,59.821004743395,2083.1789952566032
679.4505442015103,15.549455798489719,1.0,1.0
8.140145872697266,6.162915281393291,508.6004378136335,14.547678078993643
11.404282312184234,3.2926565337252107,622.9586946406346,12.893189466737985

9.373490588717795,4.444092497292673,13.630732401931612,463.51028772931636
5.778421149983283,3.4039957640062477,161.878468077801,6.980511790951227
1.2967268109680488,828.1995999883227,10.140133580644564,15.20456276697707
1930.414347975679,1.0893252250303493,4.078749163623475,38.57655448875489

Iteration: ,10000
Error:,0.02931706355539043
Absolute Error:,0.8576815002046669
Transition Probabilities
0.0003517411185367574,0.0003517411185367574,0.025685555102637952,0.9736109626602885
0.9755146308075878,0.02231617179544914,0.0010845986984815616,0.0010845986984815616
0.0135283620004687,0.008434979322674124,0.9546501939101245,0.0233864647667327
0.01680704556600603,0.0038665353534031075,0.9580521104605881,0.02127430862000262

0.022513189163812525,0.007241841127744424,0.023613156111169546,0.9466318135972734
0.025114661698970243,0.013571759661461324,0.9263468080876647,0.03496677055190377
0.001133825982374775,0.9747088921227927,0.009335676682133618,0.01482160521269895
0.9773190540155646,0.0004176519710242858,0.001620368446269485,0.02064292556714157

Transition Gammas
1.0,1.0,73.0240331567996,2767.9759668431966
899.4244896045961,20.575510395404113,1.0,1.0
9.890588381789554,6.166815205461344,697.9449630512175,17.097849444372013
14.586831215022489,3.3557651977266154,831.4932196501233,18.46396785428724

14.567250327130795,4.685862663417484,15.27898840018335,612.5219530630925
6.327537188819393,3.419349820632325,233.38932246732887,8.809736069395584
1.3042662359002961,1121.2301689937226,10.73904468151785,17.049635077402282
2555.373539815761,1.0920249546166751,4.236739921662752,53.9745803194171

Iteration: ,12500
Error:,0.03184326745518253
Absolute Error:,0.8579364717650094
Transition Probabilities
0.000282087447108604,0.000282087447108604,0.025735828647571835,0.973699996458211
0.9751648301645789,0.0230990587243099,0.0008680555555555555,0.0008680555555555555
0.017534765015696584,0.007677280457395405,0.9541603860313872,0.020627568495520787
0.02015662277430842,0.0041144854362818615,0.9534887025247171,0.02224018926469262

0.028002870799595354,0.008136058708363248,0.021587645920401917,0.9422734245716394
0.023137368016620443,0.015451605687850188,0.9247784637041048,0.03663256259142459
0.0009173087516799033,0.9759725105615522,0.008529902875519153,0.014580277811248807
0.9758717898500809,0.0003336981304249822,0.0015430102250472003,0.022251501794446894

Transition Gammas
1.0,1.0,91.23351255564205,3451.766487444354
1123.389884349595,26.610115650405003,1.0,1.0
15.7678295250938,6.90365963616741,858.011971821279,18.548978743850387
21.865250510242024,4.463260328496775,1034.313613586187,24.125435848683942

23.202177237892805,6.741247264265246,17.886751339840366,780.7340597301659
7.228941263120974,4.827634234720974,288.93386623379183,11.445322696202295
1.3095796689708545,1393.329950210539,12.177565474676634,20.815276595356423
3199.2664849721637,1.0939851483262208,5.058554771545592,72.94860315842135

Iteration: ,15000
Error:,0.029338920068038822
Absolute Error:,0.8586341959011314
Transition Probabilities
0.0002363507445048455,0.0002363507445048455,0.024442769655885037,0.9750845288551052
0.9771865776916717,0.021371461241277034,0.0007209805335255947,0.0007209805335255947
0.016628276820370474,0.00633993032885002,0.9568720848316762,0.02015970801910323
0.020082197151298244,0.003446961623761414,0.9530446500423666,0.023426191182573806

0.029316242084882704,0.007726478153658183,0.019392894976643392,0.9435643847848157
0.02067239279660118,0.013849201747924419,0.9329684238571173,0.032509981598357045
0.0007653903856610309,0.9783994170774579,0.00739866326939895,0.013436529267482187
0.975634060337267,0.0002800000282556687,0.0013129519153345264,0.022772987719142823

Transition Gammas
1.0,1.0,103.41735841404946,4125.582641585945
1355.357783258349,29.642216741651254,1.0,1.0
18.116484368793667,6.907345237429918,1042.5107998293383,21.96397372697762
26.438240601249404,4.537929792527022,1254.6846130292442,30.84061341443981

29.452080885183136,7.762279315345329,19.482753273636302,947.9364544949876
7.656360361617382,5.129279437854151,345.5401863414044,12.040605889972024
1.313756528178575,1679.3764926136391,12.69945684197898,23.06316929493665
3817.2142375527096,1.0955133054735904,5.1369862412393825,89.10038762184499

Iteration: ,17500
Error:,0.029448316917087533
Absolute Error:,0.8589808609354702
Transition Probabilities
0.0002034174125305129,0.0002034174125305129,0.024325858353039607,0.9752673068218993
0.9773784723406741,0.02138772136691384,0.0006169031462060458,0.0006169031462060458
0.014927968096724894,0.006842559295340413,0.957561060901135,0.020668411706799627
0.021303591616146172,0.0036279598662145216,0.953774918601455,0.021293529916184335

0.029270595203943105,0.0081046337248457,0.01718713940539629,0.9454376316658148
0.01810909117722049,0.017415175564572054,0.9325339855370895,0.031941747721117915
0.0006571347862667162,0.9788643889517884,0.006745941180203551,0.01373253508174144
0.9759458459917063,0.00024198126362952446,0.0011451983958731841,0.022666974348790978

Transition Gammas
1.0,1.0,119.58591966354253,4794.41408033645
1584.3305036642323,34.66949633576733,1.0,1.0
19.502627185320275,8.93945392070804,1251.0045745630828,27.002223304513716
32.947093495838935,5.610825398132763,1475.0616695699193,32.931532562483525

34.176185084495806,9.462925515947829,20.06760891943619,1103.8877501645582
7.830471174018931,7.530418225537435,403.23285255345195,13.811788362555959
1.317540256900769,1962.6007714756652,13.525458188109685,27.53341959308913
4423.984781679688,1.096906587742917,5.191210451025387,102.74991176777583

Iteration: ,20000
Error:,0.028341752345184063
Absolute Error:,0.8598930554202773
Transition Probabilities
0.00017959770114942585,0.00017959770114942585,0.023842654202148348,0.9757981503955527
0.976580706099943,0.02234748253885664,0.0005359056806002146,0.0005359056806002146
0.01533492244995748,0.006040928120533087,0.9579326842409538,0.020691465188555663
0.020771082239084603,0.0031743127232695695,0.9548617675961125,0.02119283744153327

0.02909837815992022,0.0076732695504637015,0.01654293673211393,0.9466854155575022
0.015312679879955377,0.01729874932061882,0.9383724472867871,0.029016123512638697
0.0005660012601769313,0.9788086207880893,0.006296764579101256,0.014328613372632519
0.9767294332079758,0.000214847623213095,0.001022606228502697,0.022033112940308627

Transition Gammas
1.0,1.0,132.75589859756158,5433.244101402421
1822.2995975824929,41.70040241750648,1.0,1.0
23.132571116894518,9.11267727739093,1445.0314969452595,31.212860159481163
37.08698324292007,5.667768362794502,1704.9156113544298,37.84003154082703

38.73805085775861,10.215260261500717,22.0232591982738,1260.30212311549
8.004264033892163,9.042424846848505,490.50727169220283,15.167345994035333
1.3211560571022454,2284.728019322499,14.697862441553545,33.44574593563994
4992.852564989667,1.0982596307334005,5.227365898235335,112.6290257245712

Iteration: ,22500
Error:,0.028021479660928487
Absolute Error:,0.860132180893298
Transition Probabilities
0.00016000000000000053,0.00016000000000000053,0.023826992902876702,0.9758530070971233
0.9773244550166802,0.02172542621847421,0.00047505938242280307,0.00047505938242280307
0.0148995159872275,0.005498966908989799,0.9592081148300423,0.020393402273740403
0.021414779858932496,0.0031071678116886556,0.9538301329449882,0.021647919384390577

0.029442533131075126,0.007389373842860145,0.01630896077326358,0.9468591322528012
0.013848675281576357,0.015955632103367527,0.9428873849861747,0.02730830762888145
0.000502696605975607,0.9779214463324982,0.00601378601953731,0.015562071041988744
0.9765063469680805,0.0001922933320245377,0.0009221813315981519,0.02237917836829691

Transition Gammas
1.0,1.0,148.9187056429789,6099.081294357
2057.267977810111,45.73202218988819,1.0,1.0
25.84801513148179,9.539731357242223,1664.055791317061,35.3789325106879
43.325901413711584,6.286352097564423,1929.767692109351,43.79758406289945

43.67320903636802,10.960934205300724,24.191690634964647,1404.511514915313
8.069105855282755,9.296750903048498,549.3852635266758,15.911530923049254
1.3235429711679716,2574.7559089559495,15.833614394152187,40.973162538997315
5581.8213775095965,1.0991705632838045,5.27129340903617,127.92192965781433

Iteration: ,25000
Error:,0.027521119128124417
Absolute Error:,0.8604547939019505
Transition Probabilities
0.00014349261013057858,0.00014349261013057858,0.023544482125443633,0.9761685326542953
0.9778717419972388,0.021273191735125364,0.00042753313381787097,0.00042753313381787097
0.015222721547766636,0.005487481174186498,0.9602314536588101,0.019058343619236768
0.02173312296490029,0.0028179695636026203,0.953363268570473,0.022085638901024048

0.029126930199578606,0.006749440716629614,0.01617785116619833,0.9479457779175935
0.01267718970517638,0.014532015195072768,0.9471340303377291,0.025656764762021687
0.0004543898454181322,0.9793138075688562,0.005509328119789236,0.014722474465936494
0.9765590926176516,0.00017294686103379151,0.000832912455433277,0.022435048065881303

Transition Gammas
1.0,1.0,164.08149593221634,6802.918504067769
2287.242004531541,49.75799546845821,1.0,1.0
29.241684956277872,10.541032048412482,1844.5312531594702,36.60962188354374
48.87945413148339,6.337828863826267,2144.186835550135,49.67228940684656

47.564260742756915,11.021832919357756,26.418421915870283,1547.9949257241078
8.113408494032258,9.30049784385307,606.1663085779486,16.420343782074696
1.3255146026004527,2856.7864479151253,16.071430616100027,42.94738337088814
6210.788118063483,1.0999194187889265,5.297214291175986,142.6839717218359

Iteration: ,27500
Error:,0.026910348192864933
Absolute Error:,0.8604728464939556
Transition Probabilities
0.00012987012987012995,0.00012987012987012995,0.023277822024696474,0.9764624377155633
0.978699443456892,0.020522951566436264,0.00038880248833592557,0.00038880248833592557
0.015168998160970646,0.005604514225633312,0.9595978777269872,0.01962860988640876
0.021187553173025866,0.0025643868252767286,0.9525915738220185,0.02365648617967893

0.029886060157024223,0.006773490591283831,0.016009311298614246,0.9473311379530778
0.011888231269003378,0.013470958730966855,0.9499685376792413,0.024672272320788585
0.00041461446263380713,0.9798993536634358,0.005353615091285296,0.014332416782645022
0.9760629018014284,0.00015673662411196918,0.0008001377577251537,0.02298022381673439

Transition Gammas
1.0,1.0,179.23922959016272,7518.760770409832
2517.2149685711247,52.78503142887404,1.0,1.0
31.525833725975673,11.647900653504669,1994.3389020151571,40.794275599764994
52.47506649538419,6.351199125135487,2359.2769665773653,58.589855807710705

53.316952430349055,12.083957328112936,28.560729800654183,1690.0457588807144
8.250344546324623,9.348745695213383,659.2711368643277,17.12237445430506
1.3272504647451993,3136.8222523920913,17.13782021214988,45.8804710160065
6853.749918868125,1.1005782750358195,5.618433076363102,161.36327569548058

Iteration: ,30000
Error:,0.02632094382638899
Absolute Error:,0.8604624030472058
Transition Probabilities
0.00011906179307060365,0.00011906179307060365,0.023264784039002596,0.9764970923748563
0.9791162926698641,0.02017348005740852,0.0003551136363636367,0.0003551136363636367
0.014107156301849546,0.005170398898645757,0.959519697527587,0.021202747271917857
0.02070567350289088,0.0023569810099591873,0.9530779554080596,0.02385939007909018

0.029296005343151573,0.0066569145133822056,0.015339389643582273,0.948707690499884
0.012453824182971834,0.012844377924856792,0.9515013500362427,0.023200447855928643
0.0003807037953183668,0.980162182776488,0.005241849692395519,0.014215263735797928
0.9759559907047208,0.00014377192644673387,0.0007745177186262441,0.0231257196502062

Transition Gammas
1.0,1.0,195.40092114358282,8201.599078856418
2757.191480158335,56.80851984166233,1.0,1.0
31.78831881811577,11.65070302548767,2162.1308649759544,47.77714768860207
56.16730663012284,6.393671526273751,2585.3697420825765,64.72224525287066

57.18040795015114,12.993071345594169,29.939664034482348,1851.7027196306935
9.267938402441324,9.558582301813365,708.0922110682411,17.265405266584438
1.3290884645415977,3421.8788111075455,18.30000657912457,49.62740924572555
7475.690826925882,1.1012735020266853,5.932700920504495,177.13988325464547

Iteration: ,32500
Error:,0.026682498203157864
Absolute Error:,0.8603079178220143
Transition Probabilities
0.00010946907498631627,0.00010946907498631627,0.02403437715951441,0.975746684690513
0.9787506474458728,0.020593829774710522,0.00032776138970829274,0.00032776138970829274
0.01445409885698073,0.005696410905780671,0.9590933631055787,0.020756127131659932
0.020756824249645242,0.002205490096008513,0.9516383487227285,0.025399336931617694

0.03056711136274113,0.0072984983034000365,0.014940712921405322,0.9471936774124534
0.012176719825357776,0.013549076718525111,0.9515107636459804,0.02276343981013666
0.00035186662447306196,0.9802252635713492,0.004984524331772608,0.014438345472405068
0.9755030048643498,0.0001325454810929345,0.000716702880648347,0.023647746773908983

Transition Gammas
1.0,1.0,219.55403535216433,8913.445964647843
2986.1682253573545,62.831774642641726,1.0,1.0
34.85003500085218,13.734520665037204,2312.4539000348564,50.04474953283839
60.94030892054826,6.475135413562387,2793.9310105588374,74.57033987346726

63.94312611614979,15.267677469898912,31.25437269035215,1981.4278180381143
9.840092597141002,10.949103816810299,768.9225140874662,18.39529518407139
1.3306857750095562,3707.0063592781785,18.850425593537977,54.602794350203986
8109.561076563057,1.1018783837524482,5.95810136451058,196.58867869174753

Iteration: ,35000
Error:,0.026235970151103287
Absolute Error:,0.8604828864948617
Transition Probabilities
0.00010194719135487822,0.00010194719135487822,0.02413394566241323,0.975662159954877
0.9782643084573402,0.021130730865103826,0.00030248033877797967,0.00030248033877797967
0.014576149890291582,0.005400443739601467,0.959874374480196,0.020149031889911045
0.0200820781748709,0.0020465214977414318,0.9524988608195488,0.025372539507838916

0.031954441787088644,0.0072812385486375865,0.01418244084067052,0.9465818788236033
0.01160485021584024,0.01364457507574471,0.9527593508693598,0.02199122383905534
0.0003261768836283882,0.98046388231045,0.004886304854219099,0.014323635951702487
0.9752824035452473,0.00012351689597027356,0.0007034485584258668,0.02389063100035655

Transition Gammas
1.0,1.0,236.72987300261124,9570.270126997384
3234.141803759964,69.8581962400332,1.0,1.0
37.73652409736097,13.98133093099225,2485.0404760956126,52.16428433948498
63.782234325702404,6.49991064594442,3025.2100906457913,80.58514891910718

72.63654755551492,16.551189772773963,32.23850835638394,2151.7021049681025
10.025101096385445,11.787161575325664,823.0617918665083,18.99759480900882
1.332393939126556,4005.0788387912585,19.959976623921516,58.510356454465274
8705.48624082756,1.102526442054339,6.279065144870375,213.25060177674303

Iteration: ,37500
Error:,0.02664126168335713
Absolute Error:,0.8604231888732425
Transition Probabilities
9.502090459901185e-05,9.502090459901185e-05,0.02384015446201319,0.9759698037287888
0.9782993364479532,0.021136170184843834,0.00028224668360146796,0.00028224668360146796
0.01469518502177607,0.005111881920315098,0.9599812938450438,0.02021163921286497
0.02008336859936349,0.0019113313544819645,0.9531468401258698,0.024858459920284785

0.03075822902575757,0.00833174171339644,0.013632835210533564,0.9472771940503124
0.011850674752051541,0.016794365716097732,0.9502322584017114,0.021122701130139383
0.00030537444153633616,0.9810036011509289,0.004612864696218099,0.014078159711316469
0.9750700726169735,0.00011530305753023602,0.0006579429680565158,0.024156681357439886

Transition Gammas
1.0,1.0,250.89378555822665,10271.106214441766
3466.1145490350946,74.88545096490162,1.0,1.0
40.849852450150095,14.210070977535988,2668.567571647673,56.184558302445524
68.42781141932193,6.51226515299202,3247.5504250378945,84.69744501198521

74.49436545200327,20.178918998544887,33.01781150891251,2294.241759460146
10.891565805719003,15.43514974373284,873.3272484174419,19.413180613502306
1.3335901278546873,4284.106788056485,20.144681359241677,61.4802427960864
9327.456640296885,1.10298151877481,6.293839467213447,231.08123637745865

Iteration: ,40000
Error:,0.026689507108881145
Absolute Error:,0.8606939490406345
Transition Probabilities
8.919015340706387e-05,8.919015340706387e-05,0.023640710041840488,0.9761809096513454
0.9772893850649527,0.02218193399399519,0.0002643404705260379,0.0002643404705260379
0.014672117295210297,0.004844054405989121,0.9608257325480478,0.01965809575075269
0.019936094860932268,0.0017986004173673675,0.9533376196961951,0.024927685025505252

0.030615735749522238,0.008179923105305723,0.01335088334330751,0.9478534578018646
0.01122541465955821,0.015870750923165023,0.9524217477495602,0.02048208666771645
0.00028671640550724764,0.9809239239557668,0.004753991143782589,0.014035368494943539
0.9749441154839115,0.00010816452235064934,0.0008526819778397822,0.02409503801589801

Transition Gammas
1.0,1.0,265.0596409891155,10944.940359010883
3697.085743700711,83.9142562992837,1.0,1.0
43.6563215455156,14.413297854486759,2858.9000677507147,58.49190895901249
72.39869411107502,6.5316864889226665,3462.0821778000713,90.52584549020277

79.34498229517583,21.199420431256844,34.60069067640235,2456.4954585121723
10.960039661531482,15.495557612035851,929.9059719769084,19.9978788345207
1.3349468284045185,4567.165519790129,22.134503913119524,65.34844291405557
9946.396037130367,1.1034962510980468,8.699075680977376,245.8179774918477

Iteration: ,40869
Error:,0.02776017264293682
Absolute Error:,0.8605991575921244
Transition Probabilities
8.729812309035355e-05,8.729812309035355e-05,0.024104574138947826,0.9757208296148715
0.9778200318268869,0.02166370591188429,0.00025813113061435244,0.00025813113061435244
0.014373021815298691,0.004739794880478449,0.961628197784189,0.019258985520033994
0.020263093765218617,0.0017589604308096726,0.9528302163168123,0.025147729487159372

0.0313464166003451,0.008379005939812872,0.013103099147563534,0.9471714783122784
0.011538181781905842,0.016479119863374095,0.9519565173543247,0.020026181000395285
0.0002799475322927478,0.9813797834719046,0.004640364443338092,0.013699904552464639
0.9754116468855439,0.00010616080485234434,0.0008367708217683543,0.02364542148783533


Model Num 3
Model States: 
"['diamond', 'x', 'square']","['diamond', 'x', 'diamond']","['square', 'y', 'diamond', 'x', 'diamond']","['square', 'x', 'square', 'y', 'diamond', 'x', 'diamond']","['square', 'x', 'square', 'y', 'diamond', 'x', 'square']"
Iteration: ,0
Error:,0.6473637224605489
Absolute Error:,1
Transition Probabilities
0.2,0.2,0.2,0.2,0.2
0.2,0.2,0.2,0.2,0.2
0.2,0.2,0.2,0.2,0.2
0.2,0.2,0.2,0.2,0.2
0.2,0.2,0.2,0.2,0.2

0.2,0.2,0.2,0.2,0.2
0.2,0.2,0.2,0.2,0.2
0.2,0.2,0.2,0.2,0.2
0.2,0.2,0.2,0.2,0.2
0.2,0.2,0.2,0.2,0.2

Transition Gammas
1.0,1.0,1.0,1.0,1.0
1.0,1.0,1.0,1.0,1.0
1.0,1.0,1.0,1.0,1.0
1.0,1.0,1.0,1.0,1.0
1.0,1.0,1.0,1.0,1.0

1.0,1.0,1.0,1.0,1.0
1.0,1.0,1.0,1.0,1.0
1.0,1.0,1.0,1.0,1.0
1.0,1.0,1.0,1.0,1.0
1.0,1.0,1.0,1.0,1.0

Iteration: ,2500
Error:,0.31359373384221384
Absolute Error:,1
Transition Probabilities
0.001972386587771203,0.001972386587771203,0.42011834319526625,0.5649762339857676,0.010960649643423762
0.9763589896113438,0.015848802596448393,0.0025974025974025983,0.0025974025974025983,0.0025974025974025983
0.2,0.2,0.2,0.2,0.2
0.013052226144492633,0.009776575434277492,0.7465754275177356,0.21797803875782298,0.012617732145671162
0.04531290990245908,0.023880140050536833,0.14428419574473958,0.7300898643876687,0.05643288991459589

0.014809233598801116,0.035614634948972226,0.45255062480914626,0.48585000917954974,0.011175497463530693
0.029266025184924434,0.04399650522919521,0.41320425194523813,0.4949396222361637,0.018593595404478545
0.32961775753409767,0.6530025633215174,0.005347593582887701,0.0029598613700372767,0.009072224191460051
0.2,0.2,0.2,0.2,0.2
0.2,0.2,0.2,0.2,0.2

Transition Gammas
1.0,1.0,213.0,286.4429506307842,5.557049369215847
375.89821100036727,6.10178899963263,1.0,1.0,1.0
1.0,1.0,1.0,1.0,1.0
7.0485914386679065,5.279642349333353,403.17299964510386,117.71464275879943,6.813951719255916
3.7143070225506483,1.9574591894480917,11.827000354896102,59.84559182417467,4.625813697769958

2.3566205040646,5.667422179924168,72.01521094506997,77.31420305404541,1.7783774082549708
3.186138485318818,4.789818830692414,44.98478905493006,53.883168908366756,2.0242506293329146
246.554082635505,488.4459173644949,4.0,2.2139763047878827,6.786023695212117
1.0,1.0,1.0,1.0,1.0
1.0,1.0,1.0,1.0,1.0

Iteration: ,5000
Error:,0.32017039064165653
Absolute Error:,1
Transition Probabilities
0.0009910802775024775,0.0009910802775024775,0.4202180376610504,0.5623159819379433,0.01548381984600132
0.9790215475439226,0.017077282104972145,0.0013003901170351097,0.0013003901170351097,0.0013003901170351097
0.2,0.2,0.2,0.2,0.2
0.012043060788892952,0.006588993395569565,0.7556816739918449,0.21705728359653462,0.008628988227158086
0.058458807164813484,0.024261254766412492,0.18686487956632472,0.691252768111512,0.03916229039093727

0.015577070585722472,0.034519780844421366,0.4290648456547387,0.507818427078758,0.013019875836359326
0.0332503751781591,0.054176395985518,0.41704871058431603,0.48220996554273693,0.013314552709269982
0.32334519950181984,0.648007232210372,0.011325782811459028,0.007409028953766508,0.00991275652258259
0.2,0.2,0.2,0.2,0.2
0.2,0.2,0.2,0.2,0.2

Transition Gammas
1.0,1.0,424.0,567.3768257753849,15.623174224615337
752.8675700612769,13.132429938723586,1.0,1.0,1.0
1.0,1.0,1.0,1.0,1.0
12.918303849066028,7.0678559409049875,810.6016941142489,232.83216711311528,9.256109703543952
9.196965736610455,3.8168744734185287,29.39830588575115,108.75056012920602,6.161163054134789

4.819324735072947,10.679930655594525,132.74657851967567,157.1118197788527,4.028164944136371
7.036250923460709,11.46449368587182,88.2534214803244,102.04246710517538,2.8175481718355164
485.34114445223156,972.6588555477684,17.0,11.12095245960353,14.879047540396469
1.0,1.0,1.0,1.0,1.0
1.0,1.0,1.0,1.0,1.0

Iteration: ,7500
Error:,0.316345836528278
Absolute Error:,1
Transition Probabilities
0.0006765899864682003,0.0006765899864682003,0.40527740189445194,0.5752902312434965,0.018079186889115115
0.9816619382751981,0.015738408345252648,0.000866551126516464,0.000866551126516464,0.000866551126516464
0.2,0.2,0.2,0.2,0.2
0.011913026436784971,0.00552207347081052,0.737833076590635,0.23560023664473195,0.0091315868570376
0.05498853652394832,0.018361498832588866,0.20303163586361592,0.6938458370077875,0.029772491772059477

0.01819024286349756,0.028008800422617042,0.42340862582983857,0.5217506004632532,0.008641730420793744
0.028406738271261427,0.043584473007299,0.4207192176924582,0.49817342754775923,0.00911614348122234
0.31373562475235595,0.6605539557618526,0.009021199819575996,0.0075541789274845535,0.009135040738731039
0.2,0.2,0.2,0.2,0.2
0.2,0.2,0.2,0.2,0.2

Transition Gammas
1.0,1.0,599.0,850.2789617778878,26.721038222112142
1132.8378767695792,18.162123230421567,1.0,1.0,1.0
1.0,1.0,1.0,1.0,1.0
19.710210162847897,9.136320583347567,1220.7515094398477,389.8027258921783,15.108293180375446
13.609164634304951,4.544304619499586,50.24849056015222,171.7205589305633,7.368421996882672

8.5203817633668,13.119432990833666,198.32627640239735,244.39004660754762,4.0478207374030415
8.823020458936362,13.537164786863176,130.67372359760276,154.73069457604961,2.8314380789995712
695.5518800759737,1464.4481199240283,20.0,16.74761468223327,20.25238531776673
1.0,1.0,1.0,1.0,1.0
1.0,1.0,1.0,1.0,1.0

Iteration: ,10000
Error:,0.3176327988875394
Absolute Error:,1
Transition Probabilities
0.000511770726714432,0.000511770726714432,0.41146366427840336,0.5696988519317597,0.017813942336408043
0.9829594467854526,0.015088698952999012,0.0006506180871828234,0.0006506180871828234,0.0006506180871828234
0.2,0.2,0.2,0.2,0.2
0.013669875419954267,0.006437317873995141,0.7328118531260411,0.23858135208148523,0.008499601498524243
0.058960400318082994,0.016806175283233037,0.2139019586644059,0.6782506510969752,0.03208081463730293

0.017503271334087533,0.028560805047117478,0.40375037516982715,0.540118806977291,0.010066741471676821
0.02748000624588566,0.04765999243758988,0.4181415788779976,0.4984914218379531,0.00822700060057378
0.31393673480183676,0.6619873072463152,0.0091556459816887,0.006749497336473317,0.008170814633686045
0.2,0.2,0.2,0.2,0.2
0.2,0.2,0.2,0.2,0.2

Transition Gammas
1.0,1.0,804.0,1113.1915566746582,34.80844332534131
1510.8086697092413,23.191330290759492,1.0,1.0,1.0
1.0,1.0,1.0,1.0,1.0
30.132373728328616,14.189717318427496,1615.3300562425172,525.9025590705286,18.735589098459485
19.203974567265387,5.473934385978487,69.66994375748263,220.912819174037,10.449032656974191

11.226057675048024,18.3180183055454,258.9530214932844,346.41552214852254,6.456497085819367
11.503979287578753,19.95194473182782,175.04697850671573,208.68390423739774,3.4440765282602084
925.7994309306174,1952.2005690693852,27.0,19.904267645259832,24.095732354740168
1.0,1.0,1.0,1.0,1.0
1.0,1.0,1.0,1.0,1.0

Iteration: ,12500
Error:,0.3156413614590408
Absolute Error:,1
Transition Probabilities
0.000411861614497529,0.000411861614497529,0.41968698517298203,0.5642890234911286,0.015200268106894312
0.981085888223684,0.017347532141851234,0.0005221932114882504,0.0005221932114882504,0.0005221932114882504
0.2,0.2,0.2,0.2,0.2
0.011690057658174737,0.006072461471801099,0.7273200332053917,0.2472760096031221,0.007641438061510221
0.056453366908263865,0.01705971752786588,0.19747355672190117,0.7001296218833111,0.02888373695865802

0.015634975048706527,0.02847748270308634,0.3943222209708917,0.5522716652704123,0.009293656006903081
0.024538802973955883,0.04370015775240236,0.42289714531936845,0.5022263777342622,0.006637516220011258
0.3153164587644767,0.6607964619738511,0.008414766558089027,0.0070862855330734486,0.0083860271705096
0.2,0.2,0.2,0.2,0.2
0.2,0.2,0.2,0.2,0.2

Transition Gammas
1.0,1.0,1019.0,1370.0937490364597,36.90625096353938
1878.7794759483556,33.22052405164513,1.0,1.0,1.0
1.0,1.0,1.0,1.0,1.0
32.43787117076482,16.85002150301393,2018.1862422667134,686.1477999227661,21.203657898582996
22.817006106745666,6.895101219475569,79.81375773328473,282.97447491456137,11.674067264088418

12.53855568783674,22.83767653032459,316.2289105798108,442.89735085827795,7.453099414814422
12.810344845284817,22.813422936553845,220.77108942018987,262.1844715083508,3.465078218556972
1161.625834088333,2434.3741659116695,31.0,26.105875903842605,30.89412409615739
1.0,1.0,1.0,1.0,1.0
1.0,1.0,1.0,1.0,1.0

Iteration: ,15000
Error:,0.31322553377045054
Absolute Error:,1
Transition Probabilities
0.0003430531732418525,0.0003430531732418525,0.4205831903945112,0.562957415726464,0.015773287532541164
0.9824455333562885,0.01624613694462748,0.0004361098996947229,0.0004361098996947229,0.0004361098996947229
0.2,0.2,0.2,0.2,0.2
0.012988382082673887,0.006229125676570593,0.7303192353664816,0.2433114847752381,0.007151772099035816
0.054648571887564605,0.014956512191055558,0.2047108956614298,0.6973682239199429,0.028315796340007113

0.015915129726129257,0.028018548755943097,0.3890411273871015,0.5578597123899948,0.009165481740831385
0.02268497555069273,0.045230597326497764,0.4224729425394296,0.5031318278825323,0.006479656700847564
0.31759075104937967,0.6586857966234626,0.007681879801174874,0.008126125348929805,0.007915447177053019
0.2,0.2,0.2,0.2,0.2
0.2,0.2,0.2,0.2,0.2

Transition Gammas
1.0,1.0,1226.0,1641.0208668426421,45.97913315735749
2252.7476079859703,37.25239201403083,1.0,1.0,1.0
1.0,1.0,1.0,1.0,1.0
43.21210572405068,20.724185321236952,2429.758518812172,809.4927864809813,23.793812816001605
25.959087609752814,7.104621344959539,97.24148118782331,331.262871026917,13.450529676099833

15.43434812479072,27.172133868356728,377.288548587531,541.0072776024368,8.888600869344593
14.1601679666651,28.233350040187442,263.71145141247,314.0594609093301,4.0446606188882
1405.6566641445547,2915.343335855446,34.0,35.96623079436333,35.033769205636666
1.0,1.0,1.0,1.0,1.0
1.0,1.0,1.0,1.0,1.0

Iteration: ,17500
Error:,0.31404428329355555
Absolute Error:,1
Transition Probabilities
0.0002929115407147042,0.0002929115407147042,0.42384299941417697,0.5617904221006956,0.013780755403697961
0.9842186795452825,0.014661499626050156,0.0003732736095558047,0.0003732736095558047,0.0003732736095558047
0.2,0.2,0.2,0.2,0.2
0.012123452298132152,0.005552629567676456,0.7316480467024501,0.24400941503856524,0.006666456393176082
0.05441108238550706,0.013799459064122182,0.19498985981843286,0.7096153340227431,0.027184264709194914

0.014607670847639961,0.026127695129035348,0.3888595359268486,0.5612380733517475,0.009167024744728592
0.02227629319497779,0.043144376615520265,0.4284032553142149,0.4997850097446867,0.006391065130600421
0.3193833464138063,0.6582011946489956,0.007536231884057976,0.007638430509779312,0.007240796543360795
0.2,0.2,0.2,0.2,0.2
0.2,0.2,0.2,0.2,0.2

Transition Gammas
1.0,1.0,1447.0,1917.9525010517746,47.047498948224835
2636.72184250181,39.27815749818834,1.0,1.0,1.0
1.0,1.0,1.0,1.0,1.0
47.04082461523449,21.545040737833098,2838.9048431618353,946.7933567952072,25.866856922002338
29.04730615185514,7.366828495077253,104.09515683815879,378.82749163798826,14.512294644801658

16.508445974761553,29.527475528544414,439.4586041522402,634.2673318384278,10.359853690987563
15.99166723995275,30.972411256741267,307.54139584776084,358.78480757092325,4.588006899660893
1652.8088176914464,3406.1911823085497,39.0,39.528877888107914,37.471122111892086
1.0,1.0,1.0,1.0,1.0
1.0,1.0,1.0,1.0,1.0

Iteration: ,20000
Error:,0.3113752596658606
Absolute Error:,1
Transition Probabilities
