0,1,2,3,4,5,6,7,8,9,10,11,12,13,14,15,16,17,18,19,20,21,22,23,24,25,26,27,28,29
github Code Version (SHA):,cd93f48c3be2409aefa56252372b16f046dc3cc1
Environment Observations,Environment Actions,alpha,epsilon,numActions,explore,patience,gainThresh,insertRandActions,useBudd,revisedSplitting,haveControl,confidence_factor
"['square', 'diamond']","['x', 'y']",0.99,0.99,75000,0.5,0,0.01,False,False,False,False,250

Model Num 0
Model States: 
['square'],['diamond']
Iteration: ,0
Error:,0.6762364485857159
Absolute Error:,1
Transition Probabilities
0.5,0.5
0.5,0.5

0.5,0.5
0.5,0.5

Transition Gammas
1.0,1.0
1.0,1.0

1.0,1.0
1.0,1.0

Iteration: ,2500
Error:,0.27147021370099433
Absolute Error:,1
Transition Probabilities
0.9759797724399494,0.02402022756005057
0.9849785407725322,0.015021459227467811

0.2518987341772152,0.7481012658227848
0.32679738562091504,0.673202614379085

Transition Gammas
772.0,19.0
459.0,7.0

199.0,591.0
150.0,309.0

Iteration: ,2712
Error:,0.26623053717941547
Absolute Error:,1
Transition Probabilities
0.9767711962833914,0.023228803716608595
0.9860834990059643,0.013916500994035786

0.2459016393442623,0.7540983606557377
0.336,0.664


Model Num 1
Model States: 
['diamond'],"['square', 'y', 'diamond']","['square', 'y', 'square']"
Iteration: ,0
Error:,0.6160691688113404
Absolute Error:,1
Transition Probabilities
0.3333333333333333,0.3333333333333333,0.3333333333333333
0.3333333333333333,0.3333333333333333,0.3333333333333333
0.3333333333333333,0.3333333333333333,0.3333333333333333

0.3333333333333333,0.3333333333333333,0.3333333333333333
0.3333333333333333,0.3333333333333333,0.3333333333333333
0.3333333333333333,0.3333333333333333,0.3333333333333333

Transition Gammas
1.0,1.0,1.0
1.0,1.0,1.0
1.0,1.0,1.0

1.0,1.0,1.0
1.0,1.0,1.0
1.0,1.0,1.0

Iteration: ,2500
Error:,0.1266882291327716
Absolute Error:,1
Transition Probabilities
0.019880715705765405,0.9614759808407506,0.018643303453484014
0.009164132772466959,0.9765010204410827,0.014334846786450351
0.017302751212643953,0.9756785421159977,0.0070187066713583626

0.6405622489959839,0.010218393083277624,0.3492193579207385
0.9970059880239521,0.0014970059880239522,0.0014970059880239522
0.002207505518763798,0.03443829924141658,0.9633541952398196

Transition Gammas
10.0,483.62241836289763,9.37758163710246
2.026789567477031,215.96828963531883,3.170372869918387
2.9732104325229693,167.6552812068557,1.2060562879070889

319.0,5.088759755472257,173.91124024452776
666.0,1.0,1.0
1.0,15.600549556361702,436.39945044363805

Iteration: ,5000
Error:,0.12673085610871243
Absolute Error:,1
Transition Probabilities
0.021847070506454815,0.9598503016517097,0.018302627841835402
0.010797747523217095,0.9671393924370464,0.02206286003973644
0.02044235938880214,0.9706279650332191,0.008929675577978649

0.6489795918367346,0.006239559536222956,0.3447808486270424
0.9984825493171472,0.0007587253414264037,0.0007587253414264037
0.001109877913429523,0.03302634553046831,0.9658637765561021

Transition Gammas
22.0,966.5692537632717,18.43074623672825
5.0804285015026425,455.0469923193009,10.380756053939002
6.9195714984973575,328.5496294604529,3.022622166307079

636.0,6.114768345498498,337.8852316545016
1316.0,1.0,1.0
1.0,29.75673732295194,870.2432626770478

Iteration: ,7500
Error:,0.12431414911551747
Absolute Error:,1
Transition Probabilities
0.01881720430107526,0.9640632787842767,0.017119516914648112
0.011343773778601744,0.9663725972172894,0.022283629004108803
0.017899971993646433,0.9686388320031407,0.013461196003212736

0.6524966261808366,0.005483600314462452,0.3420197735047009
0.9989790709545686,0.0005104645227156713,0.0005104645227156713
0.000725163161711385,0.03474623848657636,0.9645285983517123

Transition Gammas
28.0,1434.5261588310043,25.473841168996405
7.968199893887314,678.8084967921109,15.652675532097087
9.031800106112687,488.7467035577554,6.7921241180363126

967.0,8.126695666033354,506.8733043339668
1957.0,1.0,1.0
1.0,47.915062872988806,1330.0849371270115

Iteration: ,10000
Error:,0.1272423917018687
Absolute Error:,1
Transition Probabilities
0.01748971193415637,0.9663038270342745,0.01620646103156915
0.015276061905723405,0.9608269488840483,0.02389698921022829
0.016249836839802898,0.9694909428116795,0.014259220348517666

0.6512330145948666,0.006109120813685462,0.34265786459144804
0.9992248062015504,0.0003875968992248062,0.0003875968992248062
0.0005232862375719519,0.029861153364551918,0.9696155603978761

Transition Gammas
34.0,1878.4946397546307,31.50536024537044
13.898940016795217,874.2093486840544,21.74269924178058
11.101059983204783,662.3067797803657,9.74117229379817

1294.0,12.138823056793013,680.8611769432073
2578.0,1.0,1.0
1.0,57.064664079658705,1852.935335920341

Iteration: ,10992
Error:,0.12157029088817507
Absolute Error:,1
Transition Probabilities
0.01824134705332085,0.9646776099788341,0.01708104296784493
0.017129293539088875,0.9586620459008686,0.024208660560042505
0.016171015795644103,0.9682863920532537,0.015542592151102208

0.6518755718206769,0.006471277471188103,0.34165315070813496
0.9992937853107344,0.00035310734463276836,0.00035310734463276836
0.0004725897920604916,0.03029880836133386,0.9692286018466056


Model Num 2
Model States: 
"['square', 'y', 'diamond']","['square', 'y', 'square']","['diamond', 'y', 'diamond']","['diamond', 'y', 'square', 'y', 'square']"
Iteration: ,0
Error:,0.6761274971677883
Absolute Error:,0.74
Transition Probabilities
0.25,0.25,0.25,0.25
0.25,0.25,0.25,0.25
0.25,0.25,0.25,0.25
0.25,0.25,0.25,0.25

0.25,0.25,0.25,0.25
0.25,0.25,0.25,0.25
0.25,0.25,0.25,0.25
0.25,0.25,0.25,0.25

Transition Gammas
1.0,1.0,1.0,1.0
1.0,1.0,1.0,1.0
1.0,1.0,1.0,1.0
1.0,1.0,1.0,1.0

1.0,1.0,1.0,1.0
1.0,1.0,1.0,1.0
1.0,1.0,1.0,1.0
1.0,1.0,1.0,1.0

Iteration: ,2500
Error:,0.036204953234304886
Absolute Error:,0.39773752645871013
Transition Probabilities
0.9423656456808838,0.032547978841571894,0.01563483193395097,0.009451543543593252
0.9491857442388498,0.012884725567222055,0.02187456293170684,0.01605496726222131
0.9508288252079283,0.009420288882828793,0.030704877099440853,0.009046008809802027
0.9432639834767167,0.02812305016046726,0.015111253036344393,0.013501713326471543

0.002159827213822894,0.002159827213822894,0.9573877702374857,0.03829257533486859
0.02160759987646637,0.9759171525987812,0.0012376237623762376,0.0012376237623762376
0.002865329512893982,0.002865329512893982,0.04449029945061602,0.9497790415235959
0.041586524806470605,0.9514448340785467,0.003484320557491288,0.003484320557491288

Transition Gammas
152.77547903956957,5.276649336784912,2.5347050259739468,1.5322758200639925
248.57360821467626,3.374263408969125,5.728530025926219,4.204489128035842
116.37839832975686,1.153013142767822,3.758178468099687,1.1072024623689878
70.37051877809294,2.09806974938237,1.1273479473212977,1.0072711222100277

1.0,1.0,443.2705376199559,17.729462380044158
17.458940700184826,788.5410592998152,1.0,1.0
1.0,1.0,15.527114508264997,331.4728854917351
11.935332619457068,273.064667380543,1.0,1.0

Iteration: ,5000
Error:,0.02793666271136894
Absolute Error:,0.3906558088492238
Transition Probabilities
0.949401496154145,0.02178133427325915,0.023373825572499025,0.005443344000096842
0.9598255193937072,0.015464652814089331,0.01667647128237328,0.008033356509830156
0.9667986933076104,0.008656696039425996,0.019894588440005533,0.004650022212958114
0.9674547537247149,0.016444650461518336,0.00857764455577563,0.007522951257991188

0.0011025358324145528,0.0011025358324145528,0.9648355482091729,0.03295938012599797
0.01937135011347666,0.979400148658022,0.0006142506142506142,0.0006142506142506142
0.0014641288433382136,0.0014641288433382136,0.0390336626094808,0.9580380797038427
0.030162095419925195,0.9662980815712253,0.0017699115044247787,0.0017699115044247787

Transition Gammas
330.1525750290657,7.5744178063922,8.128203644401943,1.8929125830124078
504.15016903125553,8.122838133286596,8.759348075225272,4.219535697360374
230.20145814837818,2.0612192225927037,4.737039158051468,1.1072024623689878
129.53549771262666,2.2018249164023262,1.1484872573695162,1.0072711222100277

1.0,1.0,875.1058422257204,29.89415777428018
31.536557984740007,1594.46344201526,1.0,1.0
1.0,1.0,26.659991562275394,654.3400084377247
17.041583912257735,545.9584160877423,1.0,1.0

Iteration: ,7500
Error:,0.025060303285074217
Absolute Error:,0.38850112608136517
Transition Probabilities
0.959555318732643,0.016205847251320626,0.018897529013121864,0.005341305002914487
0.9644954973331292,0.016517904232208863,0.013607395076516414,0.0053792033581456095
0.9658439506435336,0.005923109347025494,0.02484807412455316,0.0033848658848879085
0.9699635042414984,0.015293690306455044,0.009886698457847735,0.00485610699419897

0.0007342143906020554,0.0007342143906020554,0.9632581544650387,0.03527341675375718
0.01891058738313084,0.9802602252205176,0.0004145936981757878,0.0004145936981757878
0.0009756097560975612,0.0009756097560975612,0.03587070835342071,0.9621780721343841
0.025016516332256548,0.9726110044269368,0.001186239620403322,0.001186239620403322

Transition Gammas
515.887746617372,8.712783783587733,10.159918317259804,2.871657056300897
760.3772842224762,13.022185376564646,10.727633402367411,4.240791224071885
339.6550005118418,2.0829593713924335,8.738236258424603,1.1903440748353729
202.07585270236478,3.1861874144012483,2.0597300955596722,1.0116895711803535

1.0,1.0,1311.9576063813834,48.0423936186173
45.612336768111575,2364.387663231888,1.0,1.0
1.0,1.0,36.76747606225622,986.2325239377435
21.088923268092262,819.9110767319074,1.0,1.0

Iteration: ,10000
Error:,0.022347579520106804
Absolute Error:,0.387830231199765
Transition Probabilities
0.9672994149358484,0.014729658676615263,0.01398837586805818,0.003982550519478378
0.9627986434894108,0.017232859524985142,0.013580666043075488,0.006387830942528628
0.966174907906054,0.008284771332898412,0.022979553531682358,0.002560767229365217
0.9683298298931776,0.01485363343937156,0.013370846952795935,0.0034456897146548007

0.0005440696409140368,0.0005440696409140368,0.9628893723722696,0.03602248834590236
0.02373613591519117,0.975628540069561,0.00031766200762388825,0.00031766200762388825
0.0007262164124909224,0.0007262164124909224,0.03330982024931888,0.9652377469256993
0.02148143201794671,0.9767376240817862,0.000890471950133571,0.000890471950133571

Transition Gammas
708.9488276915076,10.795596575208299,10.252298843399718,2.9188733895736427
1004.2802487350612,17.97532699822379,14.165780938678331,6.663046828348306
456.13498855253687,3.911273255152111,10.84873794728639,1.2089483190819843
284.5883139677249,4.365424224586468,3.929639130332751,1.0126746032988752

1.0,1.0,1769.7906664202321,66.20933357976857
74.72135586102179,3071.2786441389776,1.0,1.0
1.0,1.0,45.8676224833121,1329.1323775166877
24.123648156154147,1096.8763518438457,1.0,1.0

Iteration: ,12500
Error:,0.02134697972351329
Absolute Error:,0.3868253720130431
Transition Probabilities
0.9657298322515198,0.017425187962222338,0.013612586151689936,0.003232393634567858
0.9614493214839472,0.01747984867959482,0.015023081273477049,0.0060477485629809495
0.9708420345325973,0.008343969565165274,0.018727107522202687,0.002086888380034797
0.9734453916574219,0.012581165664492891,0.011110299769034868,0.002863142909050342

0.0004380201489268508,0.0004380201489268508,0.9626098646523912,0.03651409504975517
0.022877537106771515,0.9766188114200479,0.0002518257365902796,0.0002518257365902796
0.000585137507314219,0.000585137507314219,0.03038445247374959,0.968445272511622
0.02211121382460097,0.9764693397595012,0.0007097232079489003,0.0007097232079489003

Transition Gammas
877.6557745026221,15.836019895111763,12.371125384095535,2.9376010185270265
1263.5361975710553,22.97200803121211,19.743325585577473,7.947948011799963
562.4152479696816,4.833717067373577,10.84873794728639,1.2089483190819843
344.30116034856474,4.449874614380889,3.929639130332751,1.0126746032988752

1.0,1.0,2197.6383210014083,83.36167899859102
90.84669985098965,3878.153300149009,1.0,1.0
1.0,1.0,51.927029277638034,1655.0729707223616
31.15470027886275,1375.8452997211366,1.0,1.0

Iteration: ,15000
Error:,0.020035576510457273
Absolute Error:,0.385682893324034
Transition Probabilities
0.96953605610988,0.015023357297034252,0.012782482151168721,0.002658104441916971
0.9639694380674413,0.015888802384350285,0.014914553148103346,0.005227206400105149
0.9729844096534798,0.006953015697603125,0.018332134962512025,0.0017304396864050694
0.9758508634277997,0.012596112034496808,0.009205411459748018,0.0023476130779555024

0.0003645643456069998,0.0003645643456069998,0.9640813908113173,0.03518948049746866
0.021349932246464715,0.9782270559092037,0.00021150592216582101,0.00021150592216582101
0.00048732943469785594,0.00048732943469785594,0.03021602111650542,0.9688093200140989
0.021540893876189602,0.9772686299333343,0.0005952380952380956,0.0005952380952380956

Transition Gammas
1089.3303013376174,16.879618069228652,14.361864157424648,2.9865353582807987
1514.8217542639854,24.968326329170818,23.437350471574508,8.214250012720045
679.7624186412703,4.8576305237374635,12.807498534753936,1.2089483190819843
420.9464478112534,5.433503023739767,3.9708785428652043,1.0126746032988752

1.0,1.0,2644.4752549954424,96.52474500455651
100.94247966128499,4625.057520338707,1.0,1.0
1.0,1.0,62.00327533106909,1987.99672466893
36.188701711998505,1641.8112982880004,1.0,1.0

Iteration: ,17500
Error:,0.019129127453163464
Absolute Error:,0.3855358362151148
Transition Probabilities
0.9689783748926951,0.015317107123168373,0.013400089523494772,0.002304428460641736
0.9657493234068969,0.014220737392834198,0.015328250852885137,0.004701688347383632
0.9711702666813047,0.010342244721022062,0.016972002388349616,0.0015154862093236321
0.9763259013290677,0.011751309589162253,0.007954384968404015,0.0039684041133660605

0.0003134796238244516,0.0003134796238244516,0.9637356009418017,0.03563743981054945
0.0210358394344313,0.9786047069350872,0.00017972681524083413,0.00017972681524083413
0.00041999160016799666,0.00041999160016799666,0.029007615785839762,0.9701524010138243
0.02110164985713938,0.977874284602666,0.0005120327700972866,0.0005120327700972866

Transition Gammas
1257.5531920745611,19.878748024920032,17.390816751944392,2.9907183087634963
1765.5698994256559,25.998160474865138,28.022901658608983,8.595563280683127
789.0221090034312,8.402501622599889,13.788812917664536,1.2312486966186547
489.68145744137234,5.893931932597827,3.9895641599546035,1.9903742257622046

1.0,1.0,3074.3165670043454,113.68343299565268
117.04341061317562,5444.956589386818,1.0,1.0
1.0,1.0,69.06713318608448,2309.9328668139156
41.211522170993184,1909.7884778290056,1.0,1.0

Iteration: ,20000
Error:,0.01935707372902236
Absolute Error:,0.38511988030357663
Transition Probabilities
0.9676039200507144,0.017086421620438136,0.012586659634055112,0.0027229986947924782
0.9670983312676483,0.01484477489575129,0.013447204980566143,0.004609688856034167
0.9718776725756304,0.010006298252524692,0.01679205286123379,0.0013239763106111767
0.9794156268373599,0.01020432674988302,0.006957093305286272,0.003422953107470671

0.0002735978112175102,0.0002735978112175102,0.9652946363878293,0.03415816798973565
0.020282629482838408,0.9794032508375636,0.00015705983979896358,0.00015705983979896358
0.0003672420124862286,0.0003672420124862286,0.029430451034970686,0.9698350649400569
0.0208267155740715,0.9782723835250275,0.0004504504504504506,0.0004504504504504506

Transition Gammas
1412.957008429973,24.950683515546448,18.379843832927723,3.9762965093723945
2016.1448689277654,30.94743912671858,28.033874577625653,9.60998508007423
909.9551057562147,9.368753333404488,15.722157909763967,1.2396200033571234
569.7401374752577,5.9360034351241096,4.047041100397111,1.9911809864817958

1.0,1.0,3528.151895997517,124.84810400248384
129.139501917232,6235.86049808276,1.0,1.0
1.0,1.0,80.13911816822514,2640.8608818317734
46.23530857443871,2171.76469142556,1.0,1.0

Iteration: ,22500
Error:,0.019245736980113178
Absolute Error:,0.384679065017827
Transition Probabilities
0.9685147540099923,0.015935956295234,0.013051906220459533,0.002497383474314146
0.9686388208437281,0.014038150692110984,0.01280389606683374,0.004519132397327253
0.9711295321655463,0.010839592538327277,0.01595258663639615,0.0020782886597301912
0.9801026347876945,0.01058191049618914,0.006163809650230842,0.0031516450658854896

0.00024289531212047608,0.00024289531212047608,0.9642967481116079,0.03521746126415117
0.020702722809114334,0.9790179475819472,0.00013966480446927398,0.00013966480446927398
0.000326157860404436,0.000326157860404436,0.02844307386663923,0.9709046104125519
0.02087906002790375,0.9783218988214769,0.0003995205753096285,0.0003995205753096285

Transition Gammas
1580.0386682758183,25.997979956600016,21.292929650943638,4.074240937055098
2272.035519113344,32.92783265423906,30.03276971858552,10.600059693415744
1015.8928361888951,11.339233379441822,16.687906140037896,2.1740854242630627
645.7954467611622,6.97248367050191,4.061370784585066,2.076637651113971

1.0,1.0,3970.0097119754896,144.99028802451036
148.2314953132584,7009.76850468673,1.0,1.0
1.0,1.0,87.20646447511581,2976.793535524882
52.260287249843074,2448.7397127501563,1.0,1.0

Iteration: ,25000
Error:,0.01818017960558954
Absolute Error:,0.384522371946995
Transition Probabilities
0.9685863016582918,0.01563233031691863,0.012966301838028393,0.002815066186761232
0.9686062966709319,0.014582724654674974,0.01233628605330708,0.004474692621085971
0.9706527741659896,0.01061331531879421,0.016032892701291348,0.0027010178139246182
0.9806144211808837,0.010896266104591878,0.005582967049955922,0.0029063456645684743

0.0002194426157559799,0.0002194426157559799,0.9655164687947103,0.03404464597377776
0.020211398790940353,0.9795395662196436,0.00012451749470800648,0.00012451749470800648
0.0002949852507374633,0.0002949852507374633,0.027806565433195013,0.97160346406533
0.01929155782608096,0.979984329212297,0.0003620564808110067,0.0003620564808110067

Transition Gammas
1740.9437307247358,28.097658840790537,23.30572077774842,5.059819471973223
2514.107791376393,37.850819058086785,32.019978591780735,11.614481158497618
1128.7066994502054,12.341509160156127,18.64357047664421,3.1408315960674518
717.9739006825386,7.977890707101574,4.087666409608661,2.1279315176796736

1.0,1.0,4399.858548297493,155.14145170250518
162.31774369004197,7866.682256309957,1.0,1.0
1.0,1.0,94.26425681853104,3293.735743181467
53.283282715635586,2706.716717284363,1.0,1.0

Iteration: ,27500
Error:,0.018708322026523803
Absolute Error:,0.3845942855564596
Transition Probabilities
0.9686812667457754,0.015356551979475245,0.012857731635784459,0.003104449638964864
0.9695676958339737,0.014548443151441402,0.011834899159295436,0.004048961855289439
0.9726929470545785,0.010373121390624162,0.014500788945506698,0.002433142609290547
0.9771783244224941,0.013807216617124763,0.006328172321936063,0.0026862866384450065

0.00019892580067634776,0.00019892580067634776,0.9657251626312615,0.033876985767385674
0.020041446384635318,0.9797313325292478,0.00011361054305839584,0.00011361054305839584
0.00026824034334763976,0.00026824034334763976,0.02771254112092018,0.9717509781923845
0.01846281920216738,0.9808814430929146,0.0003278688524590165,0.0003278688524590165

Transition Gammas
1903.2249326851922,30.171918886797133,25.262339912084265,6.099494393024238
2785.801960509128,41.80118791888994,34.00452121296613,11.633644481925362
1255.6044720583714,13.390184072694046,18.71839978226056,3.1408315960674518
774.0680109013642,10.937332967571097,5.012837103992313,2.1279315176796736

1.0,1.0,4854.700392547351,170.29960745264776
176.40481107756003,8623.595188922438,1.0,1.0
1.0,1.0,103.31235329879031,3622.6876467012057
56.31159856661049,2991.6884014333887,1.0,1.0

Iteration: ,30000
Error:,0.017792245816076344
Absolute Error:,0.38477519668291466
Transition Probabilities
0.969528111947458,0.015203147652510797,0.012398537711983024,0.002870202688048153
0.9679009532530385,0.015911249520672695,0.012430864048759432,0.0037569331775293255
0.972845487903426,0.010180359749449162,0.014062692392844123,0.002911459954280791
0.9769273416728683,0.012636692420799202,0.007946023560594394,0.0024899423457381224

0.00018271514708569338,0.00018271514708569338,0.9657498823973443,0.03388468730848441
0.019717171426927253,0.9800758106660239,0.00010350895352447979,0.00010350895352447979
0.0002464268112370628,0.0002464268112370628,0.028185266971855052,0.9713218794056707
0.018535297739785822,0.9808602900510877,0.00030220610456331234,0.00030220610456331234

Transition Gammas
2060.8423033199406,32.31601996870354,26.354502464954784,6.100942350965885
3022.1606102757664,49.681066435601466,38.81395875641055,11.73059642766878
1371.3536651613222,14.350556001606083,19.823214472139732,4.104085724730962
849.3098367721568,10.985942064914354,6.908022414113137,2.1646773890161635

1.0,1.0,5285.549106360666,185.4508936393352
190.48759315554432,9468.512406844464,1.0,1.0
1.0,1.0,114.3758133717877,3941.6241866282085
61.33330022095125,3245.666699779047,1.0,1.0

Iteration: ,32500
Error:,0.018030000840652705
Absolute Error:,0.38471934996939283
Transition Probabilities
0.9698384517438493,0.015050610602510306,0.01240482624047851,0.002706111413161851
0.9683610374324093,0.015547624429148988,0.012046039717482611,0.0040452984209590785
0.9720351836650252,0.010154808042168761,0.014383309440963438,0.0034266988518425493
0.9761428935516888,0.01295743526969735,0.007494611961631549,0.003405059216982316

0.0001695202576707916,0.0001695202576707916,0.9663382087667325,0.03332275071792597
0.019106194363429047,0.9807042321768553,9.47867298578197e-05,9.47867298578197e-05
0.00022810218978102227,0.00022810218978102227,0.027924505137226188,0.9716192904832118
0.01877161627643692,0.9806709701226712,0.0002787068004459311,0.0002787068004459311

Transition Gammas
2213.7780779183563,34.35490905852734,28.31557394139159,6.177039188424159
3280.2013880526706,52.66562497045512,40.804446559098636,13.702940311085612
1468.179968959272,15.33801039991629,21.72481733525663,5.175749498039479
904.4759014309963,12.006119209812915,6.944368447131738,3.1550647195721466

1.0,1.0,5700.4290935149575,196.57090648504536
201.5703505341769,10346.429649465847,1.0,1.0
1.0,1.0,122.4210305215994,4259.578969478393
67.35255919985562,3518.647440800142,1.0,1.0

Iteration: ,34918
Error:,0.018167219952267534
Absolute Error:,0.3848154314532873
Transition Probabilities
0.9693204418351312,0.015720692062354942,0.012427623651971186,0.002531242450542517
0.9685863599923262,0.015594805628570803,0.011996376033535136,0.003822458345567933
0.9725386678918871,0.009529136780292127,0.014719198085882262,0.0032129972419384736
0.9759413180503839,0.012978536420162496,0.007769273952331436,0.0033108715771221443

0.0001579778830963665,0.0001579778830963665,0.9662414959006783,0.03344254833312889
0.01933147433189816,0.9804925003204518,8.801267382503067e-05,8.801267382503067e-05
0.0002120890774125137,0.0002120890774125137,0.028310010737319077,0.9712658111078558
0.019053441399152268,0.9804272129763346,0.00025967281225655685,0.00025967281225655685

*,*,*,*,*,*,*,*,*,*,*
Model Num 2
Model States: 
"['square', 'y', 'diamond']","['square', 'y', 'square']","['diamond', 'y', 'diamond']","['diamond', 'y', 'square', 'y', 'square']"
Iteration: ,34918
Error:,0.017411298650299376
Transition Probabilities
0.9693204418351312,0.015720692062354942,0.012427623651971186,0.002531242450542517
0.9685863599923262,0.015594805628570803,0.011996376033535136,0.003822458345567933
0.9725386678918871,0.009529136780292127,0.014719198085882262,0.0032129972419384736
0.9759413180503839,0.012978536420162496,0.007769273952331436,0.0033108715771221443

0.0001579778830963665,0.0001579778830963665,0.9662414959006783,0.03344254833312889
0.01933147433189816,0.9804925003204518,8.801267382503067e-05,8.801267382503067e-05
0.0002120890774125137,0.0002120890774125137,0.028310010737319077,0.9712658111078558
0.019053441399152268,0.9804272129763346,0.00025967281225655685,0.00025967281225655685

Transition Gammas
2366.3775346545444,38.37852883319898,30.33924402077974,6.179458320705186
3519.5766977777384,56.66723873452623,43.59153431165819,13.889763346856888
1568.0269104435795,15.363854824594771,23.731805696571776,5.180324757123782
976.6216509183981,12.987583813424823,7.77468994644155,3.313179599862887

1.0,1.0,6116.308669051295,211.69133094870588
219.64421135902722,11140.35578864099,1.0,1.0
1.0,1.0,133.48170062645917,4579.518299373531
73.37480282813534,3775.625197171863,1.0,1.0

