0,1,2,3,4,5,6,7,8,9,10,11,12,13,14,15,16,17,18,19,20,21,22,23,24,25,26,27,28,29
github Code Version (SHA):,cd93f48c3be2409aefa56252372b16f046dc3cc1
Environment Observations,Environment Actions,alpha,epsilon,numActions,explore,patience,gainThresh,insertRandActions,useBudd,revisedSplitting,haveControl,confidence_factor
"['square', 'diamond']","['x', 'y']",0.99,0.99,75000,0.5,0,0.01,False,False,False,False,250

Model Num 0
Model States: 
['square'],['diamond']
Iteration: ,0
Error:,0.6751512842433901
Absolute Error:,1
Transition Probabilities
0.5,0.5
0.5,0.5

0.5,0.5
0.5,0.5

Transition Gammas
1.0,1.0
1.0,1.0

1.0,1.0
1.0,1.0

Iteration: ,2500
Error:,0.27692992691395735
Absolute Error:,1
Transition Probabilities
0.9805194805194806,0.01948051948051948
0.9761904761904762,0.023809523809523808

0.22824716267339218,0.7717528373266078
0.367983367983368,0.632016632016632

Transition Gammas
755.0,15.0
451.0,11.0

181.0,612.0
177.0,304.0

Iteration: ,2687
Error:,0.2604699617208826
Absolute Error:,1
Transition Probabilities
0.9793689320388349,0.02063106796116505
0.978,0.022

0.22716627634660422,0.7728337236533958
0.36699029126213595,0.6330097087378641


Model Num 1
Model States: 
['diamond'],"['square', 'y', 'diamond']","['square', 'y', 'square']"
Iteration: ,0
Error:,0.6183743704622519
Absolute Error:,1
Transition Probabilities
0.3333333333333333,0.3333333333333333,0.3333333333333333
0.3333333333333333,0.3333333333333333,0.3333333333333333
0.3333333333333333,0.3333333333333333,0.3333333333333333

0.3333333333333333,0.3333333333333333,0.3333333333333333
0.3333333333333333,0.3333333333333333,0.3333333333333333
0.3333333333333333,0.3333333333333333,0.3333333333333333

Transition Gammas
1.0,1.0,1.0
1.0,1.0,1.0
1.0,1.0,1.0

1.0,1.0,1.0
1.0,1.0,1.0
1.0,1.0,1.0

Iteration: ,2500
Error:,0.1256245335974265
Absolute Error:,1
Transition Probabilities
0.013972055888223558,0.969875322348536,0.01615262176324041
0.022402847166684198,0.9629016039139792,0.014695548919336719
0.012126834275693181,0.9736596009663766,0.01421356475793012

0.6358024691358025,0.01940538890638975,0.3447921419578078
0.9969924812030075,0.0015037593984962407,0.0015037593984962407
0.00210970464135021,0.026948421556368198,0.9709418738022816

Transition Gammas
7.0,485.9075364966164,8.092463503383444
4.976455023507427,213.89408624217788,3.2643948199400423
2.0235449764925737,162.46977154609908,2.3717473917831144

309.0,9.43101900850542,167.56898099149458
663.0,1.0,1.0
1.0,12.773551817718532,460.2264481822817

Iteration: ,5000
Error:,0.1284933137467519
Absolute Error:,1
Transition Probabilities
0.016824395373291272,0.9630614259072526,0.02011417871945599
0.019162359342257337,0.9654951034810004,0.01534253717674212
0.005982161453861304,0.9726822836532152,0.021335554892923658

0.6397134083930399,0.012815604635534503,0.34747098697142553
0.9984350547730829,0.000782472613458529,0.000782472613458529
0.0009505703422053234,0.025538687638549742,0.973510742019245

Transition Gammas
16.0,915.8714160377973,19.128583962202647
7.954882199166928,400.8065851853024,6.369157038412232
2.0451178008330726,332.5302849474505,7.293972828835151

625.0,12.520845728917209,339.47915427108273
1276.0,1.0,1.0
1.0,26.866699395754324,1024.1333006042455

Iteration: ,7500
Error:,0.11820644660338406
Absolute Error:,1
Transition Probabilities
0.014593467685892975,0.9679097019805374,0.01749683033356971
0.015841704494238315,0.9723448806410732,0.01181341486468854
0.0040932402496196675,0.9754461097830531,0.020460649967327254

0.6462167689161554,0.013335984372519722,0.3404472467113248
0.9989615784008308,0.0005192107995846313,0.0005192107995846313
0.0006439150032195748,0.023155770088955203,0.9762003149078251

Transition Gammas
21.0,1392.822061149994,25.17793885000683
9.944009848468774,610.3514348926076,7.415408727087133
2.0559901515312267,489.9559939707304,10.277162409575466

948.0,19.563889074486433,499.4361109255135
1924.0,1.0,1.0
1.0,35.96091094814744,1516.039089051853

Iteration: ,10000
Error:,0.12384491254006495
Absolute Error:,1
Transition Probabilities
0.01519916142557651,0.9689661523047005,0.015834686269722932
0.014648846949556102,0.97524750215525,0.01010365089519381
0.007148376931913639,0.9760159261605986,0.016835696907487603

0.6456532791052364,0.011500647784025667,0.3428460731107379
0.9992184447049629,0.00039077764751856197,0.00039077764751856197
0.00048146364949446294,0.022644173926059462,0.976874362424446

Transition Gammas
29.0,1848.7874185973697,30.212581402631375
12.204344072928109,812.5046369555413,8.417620331641865
4.795655927071893,654.7831215100208,11.294621202797295

1270.0,22.621774191178485,674.3782258088214
2557.0,1.0,1.0
1.0,47.031949244425526,2028.9680507555754

Iteration: ,11303
Error:,0.12025695847433858
Absolute Error:,1
Transition Probabilities
0.015582034830430788,0.9691904706110465,0.01522749455852277
0.0143222554181765,0.9744919751380487,0.01118576944377481
0.008926697232631278,0.9746366533693948,0.01643664939797388

0.6487455197132617,0.012387173029018584,0.33886730725771963
0.9993131868131868,0.00034340659340659343,0.00034340659340659343
0.0004323389537397315,0.024239665179706864,0.9753279958665535


Model Num 2
Model States: 
"['square', 'y', 'diamond']","['square', 'y', 'square']","['diamond', 'y', 'diamond']","['diamond', 'y', 'square', 'y', 'square']"
Iteration: ,0
Error:,0.6749390259215406
Absolute Error:,0.74
Transition Probabilities
0.25,0.25,0.25,0.25
0.25,0.25,0.25,0.25
0.25,0.25,0.25,0.25
0.25,0.25,0.25,0.25

0.25,0.25,0.25,0.25
0.25,0.25,0.25,0.25
0.25,0.25,0.25,0.25
0.25,0.25,0.25,0.25

Transition Gammas
1.0,1.0,1.0,1.0
1.0,1.0,1.0,1.0
1.0,1.0,1.0,1.0
1.0,1.0,1.0,1.0

1.0,1.0,1.0,1.0
1.0,1.0,1.0,1.0
1.0,1.0,1.0,1.0
1.0,1.0,1.0,1.0

Iteration: ,2500
Error:,0.042539412787416214
Absolute Error:,0.40215162868791876
Transition Probabilities
0.9386250223732261,0.020538882795154534,0.019040574375737702,0.02179552045588162
0.9612358687260547,0.020716042234286344,0.011003156801397795,0.007044932238261211
0.9313393468225619,0.04304933865214693,0.011553998675799697,0.014057315849491485
0.9022981155252984,0.05756941918701323,0.022133232395994806,0.017999232891693594

0.0021598272138228947,0.0021598272138228947,0.93589437487065,0.059785970701704244
0.02897552511057001,0.9686378400445613,0.0011933174224343674,0.0011933174224343674
0.0030581039755351682,0.0030581039755351682,0.02758084238617582,0.9663029496627538
0.01884810335874433,0.9741588896482487,0.003496503496503498,0.003496503496503498

Transition Gammas
140.11633735071686,3.0660092815940216,2.842344364351968,3.253598001477987
261.18865492660206,5.628998441087062,2.9897965924975525,1.9142610416724937
111.95490902177738,5.174896570934867,1.3888888888888888,1.6898088998274061
65.67963022520311,4.190564182084594,1.6111111111111112,1.3101911001725937

1.0,1.0,433.31909556511084,27.680904434889058
24.281490042657673,811.7185099573425,1.0,1.0
1.0,1.0,9.018935460279494,315.9810645397205
5.390557560600876,278.609442439399,1.0,1.0

Iteration: ,5000
Error:,0.03568985671739811
Absolute Error:,0.3968192962294
Transition Probabilities
0.9514094276582789,0.014265434180236587,0.021520820292620858,0.012804317868863786
0.9717567063865172,0.01686358124850526,0.007651152435211902,0.0037285599297656514
0.9426991361636624,0.027540840268617296,0.020676526913332372,0.009083496654387933
0.9181628755914643,0.04416045022683911,0.021308581762050704,0.016368092419645857

0.001061571125265393,0.001061571125265393,0.9434866188652251,0.05439023888424414
0.026164785089082907,0.9725717910322058,0.0006317119393556535,0.0006317119393556535
0.0015151515151515156,0.0015151515151515156,0.02895205013419376,0.9680176468355032
0.02635046594079828,0.9699998990227054,0.0018248175182481756,0.0018248175182481756

Transition Gammas
336.3158494196683,5.042720278140697,7.60744296462915,4.526227000825
500.94812330151757,8.693307000673542,3.9442284558710585,1.9221015786747921
244.14129700991603,7.132558210762823,5.354830512335397,2.3524543192139875
153.3505167276544,7.3756280516669985,3.5589350330015956,2.7337801354490203

1.0,1.0,888.764394971042,51.23560502895797
41.418854796018266,1539.5811452039827,1.0,1.0
1.0,1.0,19.108353088567874,638.8916469114318
14.440055335557455,531.5599446644425,1.0,1.0

Iteration: ,7500
Error:,0.029476483935782262
Absolute Error:,0.3937932178007899
Transition Probabilities
0.9559035848024008,0.015186562322018383,0.020365862438265634,0.008543990437315217
0.9724495459972284,0.015096700832420339,0.009881772690942802,0.0025719804794085118
0.9541505485979388,0.022217841992217192,0.017213996456858,0.006417612952986039
0.9324331233154444,0.043509792754499205,0.013679757177182037,0.010377326752874498

0.0007127583749109052,0.0007127583749109052,0.9518679637215229,0.04670651952865528
0.02228453410259471,0.9768672894767096,0.0004240882103477517,0.0004240882103477517
0.0009813542688910696,0.0009813542688910696,0.03259127295644939,0.9654460185057684
0.021516964975149117,0.9760199808376587,0.0012315270935960591,0.0012315270935960591

Transition Gammas
507.4227038068884,8.061489293989132,10.810819363042881,4.535410053827635
753.8133036934792,11.702503205643234,7.6600495616137865,1.9937210215156955
349.7555236928449,8.14422102752181,6.310000402412548,2.3524543192139875
245.6381311736534,11.46212410597997,3.603765142924444,2.7337801354490203

1.0,1.0,1335.4707531012966,65.52924689870336
52.5469314139184,2303.453068586085,1.0,1.0
1.0,1.0,33.21050714262193,983.789492857378
17.471775559821083,792.5282244401789,1.0,1.0

Iteration: ,10000
Error:,0.025957249416827984
Absolute Error:,0.3908491239071005
Transition Probabilities
0.9605934949639459,0.01724283580177894,0.015576361614921387,0.006587307619353776
0.97486423641399,0.013160626445679315,0.009175770388366786,0.0027993667519638386
0.9586039259234193,0.02217703484860216,0.013999743624605878,0.005219295603372827
0.9453319253906851,0.035421249079280355,0.01094446444331965,0.008302361086714876

0.0005437737901033174,0.0005437737901033174,0.9522942379044139,0.046618214515379404
0.022064791103033783,0.9773105992779781,0.0003123048094940658,0.0003123048094940658
0.000734214390602056,0.000734214390602056,0.032512979932670986,0.9660185912861249
0.023146070280130583,0.9750390476872014,0.0009074410163339382,0.0009074410163339382

Transition Gammas
671.9783086218998,12.062138353705427,10.896364786304135,4.608117643552902
1017.2270306274502,13.73252239694465,9.574504138352534,2.921013431790429
432.06442350127753,9.995690104856205,6.310000402412548,2.3524543192139875
311.2764684704182,11.663417923448124,3.603765142924444,2.7337801354490203

1.0,1.0,1751.2691035062162,85.73089649378267
70.65146111191426,3129.34853888809,1.0,1.0
1.0,1.0,44.282678668297876,1315.717321331702
25.50696944870391,1074.4930305512962,1.0,1.0

Iteration: ,12500
Error:,0.023772428522223412
Absolute Error:,0.3902634917117127
Transition Probabilities
0.9663415176144978,0.014893876967044318,0.013535689025245967,0.005228916393211893
0.9683524719621517,0.017820759494554163,0.010844442121675537,0.002982326421618591
0.9610143843934511,0.02152670587102568,0.011513370795839839,0.005945538939683268
0.9483789348256493,0.03279213767964022,0.011658118974211203,0.007170808520499436

0.0004378283712784593,0.0004378283712784593,0.9522849714403778,0.04683937181706534
0.021712655621713754,0.9777868438777858,0.00025025025025025,0.00025025025025025
0.000588581518540318,0.000588581518540318,0.031989476333596084,0.9668333606293233
0.024801742821724423,0.9737625069988067,0.0007178750897343856,0.0007178750897343856

Transition Gammas
861.3524874018559,13.275718510253071,12.065092100539072,4.660816139647805
1279.819060619231,23.552733468658904,14.33251231442601,3.9415794453871134
530.079282657288,11.873766918993354,6.350580627654277,3.2794587337497885
371.21155318602433,12.835397237694927,4.563184917682715,2.8067757209132194

1.0,1.0,2175.0188747698207,106.98112523017713
86.76377186436827,3907.2362281356363,1.0,1.0
1.0,1.0,54.35012029077973,1642.64987970922
34.54882775066215,1356.451172249339,1.0,1.0

Iteration: ,15000
Error:,0.023461736050574774
Absolute Error:,0.3895444015696906
Transition Probabilities
0.968303561011716,0.012416869892740401,0.012949461090828871,0.00633010800471453
0.9686287621364197,0.01797181458288334,0.010899125304537413,0.0025002979761596794
0.9572078657414692,0.02233676854854627,0.014882464937480836,0.005572900772503814
0.9562583815847389,0.02773358301601419,0.009999443171586634,0.006008592227660389

0.00036563071297989066,0.00036563071297989066,0.9527480066518643,0.046520731922175804
0.020824741084211756,0.9787581577687601,0.00020855057351407656,0.00020855057351407656
0.0004904364884747424,0.0004904364884747424,0.03160148434840226,0.9674176426746482
0.023137338217888506,0.9756636210147254,0.0005995203836930453,0.0005995203836930453

Transition Gammas
1042.5036481986992,13.36836162088,13.941764724371248,6.815177547743047
1535.6359956623412,28.491994518079544,17.279157705338417,3.9639000225472882
629.9686196186153,14.700530316232,9.794618524080803,3.667701376655796
450.27197859421017,13.05887147094344,4.708423108667614,2.829256990595787

1.0,1.0,2605.7657981928464,127.2342018071507
99.85463349879566,4693.145366501218,1.0,1.0
1.0,1.0,64.43542658639221,1972.564573413608
38.593080147438044,1627.4069198525626,1.0,1.0

Iteration: ,17500
Error:,0.023662717428714997
Absolute Error:,0.38920711705308575
Transition Probabilities
0.9689976151878538,0.012602381963691279,0.01298167476960712,0.005418328078847903
0.9697529314911496,0.01659209955132505,0.010910411253251307,0.0027445577042739273
0.9556457337784483,0.01986513227917011,0.01847043212951936,0.006018701812862336
0.958904093280724,0.023654199039241805,0.012248728636413892,0.005192979043620389

0.00031191515907673124,0.00031191515907673124,0.9539838548856691,0.045392314796177495
0.020645671092281347,0.9789919444177748,0.0001811922449719148,0.0001811922449719148
0.00041999160016799683,0.00041999160016799683,0.03171901051028437,0.9674410062893796
0.022487301290725896,0.9764817708742225,0.0005154639175257732,0.0005154639175257732

Transition Gammas
1256.0544245314866,16.33572402761952,16.827378908494737,7.023458933570972
1786.0512025377113,30.55864890318198,20.094348267745676,5.054813890188612
753.7231851494519,15.667741973452372,14.567734091905246,4.746984097254478
532.4740296859413,13.135043191155805,6.801649863905111,2.883631946935166

1.0,1.0,3058.472238763454,145.527761236545
113.94345875830102,5403.056541241712,1.0,1.0
1.0,1.0,75.52296402498706,2303.477035975012
43.62536450400824,1894.3746354959917,1.0,1.0

Iteration: ,20000
Error:,0.022052596694203383
Absolute Error:,0.3888339990117134
Transition Probabilities
0.9715573111319603,0.01232837455886046,0.011398281050930109,0.004716033258249218
0.9677588933497387,0.01697166709544698,0.012803913559465826,0.0024655259953482718
0.9552912643817228,0.022420249560390685,0.01698230126265107,0.005306184795235329
0.9623391949153176,0.020958754443306037,0.012183100608464621,0.0045189500329117695

0.00027262813522355525,0.00027262813522355525,0.9550707191399689,0.04438402458958403
0.020953569028383516,0.9787290210366856,0.00015870496746548125,0.00015870496746548125
0.00036778227289444655,0.00036778227289444655,0.03185428908950686,0.9674101463647043
0.021170220790562955,0.977922338193103,0.00045372050816696913,0.00045372050816696913

Transition Gammas
1447.845566095155,18.37213537244643,16.986080482959892,7.027982563949851
2027.230589397621,35.551709134776594,26.821231414270947,5.164705538819302
871.2752844458237,20.448432893101504,15.48874140782321,4.839516322577207
614.8847279045194,13.391554756557431,7.784368071310192,2.8873741982893906

1.0,1.0,3503.199397805404,162.80060219459412
132.02843844784488,6166.971561552172,1.0,1.0
1.0,1.0,86.61181203436914,2630.3881879656306
46.659166622400754,2155.340833377599,1.0,1.0

Iteration: ,22500
Error:,0.02235563527280053
Absolute Error:,0.38854517037933645
Transition Probabilities
0.9682805766205683,0.014449877040962556,0.012476985052271947,0.004792561286197083
0.9668051730020872,0.017168362589200542,0.013409640579897974,0.00261682382881425
0.9585566079750322,0.0217237731556552,0.01502500024243829,0.004694618626874331
0.9662722689785171,0.018825880326695462,0.010869967416884396,0.004031883277903102

0.0002416626389560175,0.0002416626389560175,0.955763379835872,0.04375329488621587
0.02191509708565028,0.9778005292473513,0.0001421868334992176,0.0001421868334992176
0.00032562683165092795,0.00032562683165092795,0.03246404794106979,0.9668846983956284
0.019560918071335767,0.9796355463722158,0.00040176777822418657,0.00040176777822418657

Transition Gammas
1630.1710126251928,24.327422502254787,21.00591486422211,8.068626670438405
2287.8738876950015,40.627677177547405,31.732935841518916,6.192522623820562
988.1421088933083,22.39426950954586,15.48874140782321,4.839516322577207
691.9817429392776,13.48187865786989,7.784368071310192,2.8873741982893906

1.0,1.0,3954.9488657608367,181.0511342391612
154.12887780337883,6876.87112219664,1.0,1.0
1.0,1.0,99.69709122702535,2969.3029087729756
48.687125079554704,2438.3128749204443,1.0,1.0

Iteration: ,25000
Error:,0.021784730246220296
Absolute Error:,0.3880038556479305
Transition Probabilities
0.9684205994813901,0.014771955582947496,0.012383609530525266,0.004423835405137132
0.9677990620732901,0.016623675635447803,0.013204520379086383,0.0023727419121756113
0.9609411390677809,0.02033207773265652,0.014404535599504215,0.0043222476000584565
0.9677524484991233,0.017441111889329685,0.011134719955649432,0.003671719655897419

0.0002179598953792503,0.0002179598953792503,0.9572204981956335,0.04234358201360789
0.021795860809493875,0.9779495567057811,0.00012729124236252518,0.00012729124236252518
0.0002928257686676426,0.0002928257686676426,0.032730404291675265,0.9666839441709895
0.019418747256486693,0.9798581869445255,0.00036153289949385393,0.00036153289949385393

Transition Gammas
1791.8426864858593,27.3321536020332,22.91306089673353,8.18530411389138
2541.1759293663617,43.649230545746235,34.671462973189804,6.230172016185285
1095.1785572297588,23.172340793251674,16.416758398681672,4.926038336972392
761.9176046161027,13.731497360888921,8.766435228179345,2.890768036166593

1.0,1.0,4391.727645721565,194.2723542784329
171.22828251938427,7682.771717480634,1.0,1.0
1.0,1.0,111.7743306560711,3301.225669343931
53.712254911442194,2710.2877450885576,1.0,1.0

Iteration: ,27500
Error:,0.021406860874822905
Absolute Error:,0.387714976343609
Transition Probabilities
0.9691541251580083,0.014470070545803768,0.011829875704804397,0.004545928591383674
0.9680860939187429,0.01576276826842271,0.013653846632101865,0.002497291180732497
0.9606609827534653,0.0200024131399206,0.015332462559829755,0.004004141546784226
0.9683893279753362,0.016457180222974058,0.010558049589969913,0.004595442211719897

0.00019860973187686226,0.00019860973187686226,0.9570001886851951,0.042602591851051294
0.021702225646963655,0.9780673065033013,0.0001152339248674807,0.0001152339248674807
0.0002675227394328516,0.0002675227394328516,0.031789555227907024,0.9676753992932272
0.019541115413831207,0.9798046484069081,0.00032711808963035646,0.00032711808963035646

Transition Gammas
1965.5422443393827,29.346761467595574,23.9921802316904,9.219601355623453
2804.4478432077417,45.66315098527999,39.55381755757499,7.23440085511115
1206.4628798556384,25.120380023848554,19.255540994484335,5.028671121873438
812.60698487619,13.80975524432423,8.859602843224701,3.856185040417529

1.0,1.0,4818.49595002995,214.50404997004296
188.33191416435108,8487.66808583567,1.0,1.0
1.0,1.0,118.82935744191653,3617.1706425580855
59.737189820082016,2995.2628101799187,1.0,1.0

Iteration: ,30000
Error:,0.021375272815968807
Absolute Error:,0.38705398853108913
Transition Probabilities
0.9707732573400497,0.013272924458917774,0.010871402844464721,0.005082415356567827
0.9690112749293524,0.014701949332511016,0.013681165790085444,0.0026056099480512083
0.9611806439429711,0.018628893685119583,0.01638060083339024,0.0038098615385189914
0.9694877573399034,0.015288344129649892,0.010951185191732016,0.0042727133387145625

0.00018268176835951785,0.00018268176835951785,0.9565781146576774,0.04305652180560368
0.020692074771003537,0.9790972436741665,0.00010534077741493708,0.00010534077741493708
0.0002455192732629511,0.0002455192732629511,0.030663868405703277,0.9688450930477708
0.019344490413213695,0.9800581380216727,0.0002986857825567503,0.0002986857825567503

Transition Gammas
2148.396650287508,29.374013170893782,24.059259233171012,11.247780101955678
3075.5664917427416,46.66284479885651,43.42295715293058,8.270003511942726
1296.7608035716228,25.13286060949777,22.0996138796085,5.140011028436436
876.2877104951416,13.81862532373964,9.898411739826274,3.86196335212879

1.0,1.0,5236.308599636122,235.69140036387438
196.42986580113703,9294.570134198884,1.0,1.0
1.0,1.0,124.89393601642948,3946.1060639835714
64.76535390343945,3281.2346460965605,1.0,1.0

Iteration: ,32500
Error:,0.020659256275785323
Absolute Error:,0.38732875570920466
Transition Probabilities
0.9699900747326767,0.014385772506324985,0.010842421753651242,0.004781731007347084
0.9704896899519204,0.014175654932687116,0.012918060255913771,0.002416594859478661
0.9623029286285067,0.0177003288823878,0.01648734741237594,0.003509395076729433
0.9665200159735138,0.016401307010979894,0.013000971088420176,0.00407770592708621

0.00016863406408094435,0.00016863406408094435,0.9580233237679409,0.04163940810389714
0.020367201505906558,0.9794383783521668,9.72100709633517e-05,9.72100709633517e-05
0.00022619316896629703,0.00022619316896629703,0.03143306679531485,0.9681145468667526
0.01926364184512075,0.9801843294493865,0.0002760143527463428,0.0002760143527463428

Transition Gammas
2315.157659624277,34.33574453512771,25.87852847748003,11.412963344984187
3335.781820596615,48.72477524398129,44.40215182624315,8.30635635129263
1410.3760018961918,25.942058720499947,24.164281780251308,5.143459975172327
944.6517251034043,16.030214279905092,12.706813685928008,3.9854445586483584

1.0,1.0,5681.0783099438895,246.92169005611004
209.517401891261,10075.48259810875,1.0,1.0
1.0,1.0,138.96558830208707,4280.034411697917
69.79217440487247,3551.2078255951274,1.0,1.0

Iteration: ,33080
Error:,0.020982127626569085
Absolute Error:,0.38726239594133094
Transition Probabilities
0.9695659633186814,0.014604102815556989,0.01070041009164853,0.005129523774113178
0.9709576416415096,0.01395281104351313,0.012709792723576963,0.002379754591400334
0.9629412363517135,0.017389469397226257,0.016220314105394543,0.003448980145665808
0.9663150099137909,0.01603156221699942,0.013582918682841907,0.00407050918636762

0.00016564518800728838,0.00016564518800728838,0.9582622355909686,0.0414064740330169
0.02027440969614221,0.9795348052232511,9.539254030334816e-05,9.539254030334816e-05
0.0002221728504776715,0.0002221728504776715,0.0313238843731948,0.9682317699258499
0.01949421859177266,0.9799627458393976,0.0002715177844148792,0.0002715177844148792

*,*,*,*,*,*,*,*,*,*,*
Model Num 2
Model States: 
"['square', 'y', 'diamond']","['square', 'y', 'square']","['diamond', 'y', 'diamond']","['diamond', 'y', 'square', 'y', 'square']"
Iteration: ,33080
Error:,0.02156514550494104
Transition Probabilities
0.9695659633186814,0.014604102815556989,0.01070041009164853,0.005129523774113178
0.9709576416415096,0.01395281104351313,0.012709792723576963,0.002379754591400334
0.9629412363517135,0.017389469397226257,0.016220314105394543,0.003448980145665808
0.9663150099137909,0.01603156221699942,0.013582918682841907,0.00407050918636762

0.00016564518800728838,0.00016564518800728838,0.9582622355909686,0.0414064740330169
0.02027440969614221,0.9795348052232511,9.539254030334816e-05,9.539254030334816e-05
0.0002221728504776715,0.0002221728504776715,0.0313238843731948,0.9682317699258499
0.01949421859177266,0.9799627458393976,0.0002715177844148792,0.0002715177844148792

Transition Gammas
2344.8578304602424,35.31945854069717,25.87852847748003,12.405555107453623
3392.078026657539,48.74468434152356,44.40215182624315,8.313764588823194
1436.701211109623,25.94495987959072,24.200588821068173,5.14585289871338
966.3221483639726,16.0316806468148,13.583019023814927,4.070539256403522

1.0,1.0,5785.029116262677,249.97088373732302
212.53663684465906,10268.463363155353,1.0,1.0
1.0,1.0,140.98880356374988,4358.011196436253
71.7972070734987,3609.202792926501,1.0,1.0

