0,1,2,3,4,5,6,7,8,9,10,11,12,13,14,15,16,17,18,19,20,21,22,23,24,25,26,27,28,29
github Code Version (SHA):,32a229dd34421fba547a58d2c923a1ee52132eb5
Environment Observations,Environment Actions,alpha,epsilon,numActions,explore,patience,gainThresh,insertRandActions,useBudd,revisedSplitting,haveControl,confidence_factor
"['square', 'diamond']","['x', 'y']",0.99,0.99,75000,0.5,0,0.01,False,False,False,False,250

Model Num 0
Model States: 
['square'],['diamond']
Iteration: ,0
Error:,0.671642004602922
Absolute Error:,1
Transition Probabilities
0.5,0.5
0.5,0.5

0.5,0.5
0.5,0.5

Transition Gammas
1.0,1.0
1.0,1.0

1.0,1.0
1.0,1.0

Iteration: ,2401
Error:,0.26963374685842373
Absolute Error:,1
Transition Probabilities
0.9745042492917847,0.025495750708215296
0.6452205882352942,0.3547794117647059

0.0197869101978691,0.9802130898021308
0.62,0.38


Model Num 1
Model States: 
['square'],"['diamond', 'y', 'square']","['diamond', 'y', 'diamond']"
Iteration: ,0
Error:,0.7065010669145667
Absolute Error:,1
Transition Probabilities
0.3333333333333333,0.3333333333333333,0.3333333333333333
0.3333333333333333,0.3333333333333333,0.3333333333333333
0.3333333333333333,0.3333333333333333,0.3333333333333333

0.3333333333333333,0.3333333333333333,0.3333333333333333
0.3333333333333333,0.3333333333333333,0.3333333333333333
0.3333333333333333,0.3333333333333333,0.3333333333333333

Transition Gammas
1.0,1.0,1.0
1.0,1.0,1.0
1.0,1.0,1.0

1.0,1.0,1.0
1.0,1.0,1.0
1.0,1.0,1.0

Iteration: ,2500
Error:,0.2122456131073855
Absolute Error:,1
Transition Probabilities
0.975609756097561,0.01508955777582393,0.009300686126615096
0.8680838850686439,0.114930337551815,0.016985777379541073
0.3503808558175591,0.6321067097166184,0.017512434465822492

0.014005602240896354,0.46884889964273807,0.5171454981163655
0.9962756052141527,0.00186219739292365,0.00186219739292365
0.0034965034965034974,0.9562669350864399,0.04023656141705662

Transition Gammas
680.0,10.517421769749278,6.482578230250722
145.11517537710176,19.212585761412118,2.8394652933265765
39.88482462289813,71.95445995808612,1.9934889871752028

10.0,334.7581143449151,369.24188565508507
535.0,1.0,1.0
1.0,273.49234343472176,11.507656565278191

Iteration: ,5000
Error:,0.21268571323970617
Absolute Error:,1
Transition Probabilities
0.9784122562674095,0.009268923652232782,0.012318820080357746
0.880536123862931,0.10511004322849607,0.01435383290857286
0.2973547693251468,0.6889500710449733,0.013695159629879858

0.014245014245014245,0.4760673560526005,0.5096876297023852
0.9981006647673314,0.000949667616334283,0.000949667616334283
0.0017825311942959016,0.9506854501835111,0.047532018622193056

Transition Gammas
1405.0,13.310174364606276,17.689825635393724
294.70513576710795,35.179101368659445,4.80405989199125
67.29486423289197,155.91746384103456,3.0993748983148013

20.0,668.3985678978511,715.6014321021489
1051.0,1.0,1.0
1.0,533.3345375529493,26.665462447050285

Iteration: ,7500
Error:,0.21199230583341797
Absolute Error:,1
Transition Probabilities
0.9820839226779821,0.006909860334652288,0.011006216987365628
0.894289736657885,0.09146953837283404,0.014240724969280864
0.27925381632164925,0.7101483909981652,0.010597792680185519

0.013640639698965187,0.48445244123716297,0.5019069190638717
0.9987341772151899,0.0006329113924050633,0.0006329113924050633
0.001199040767386092,0.9486254459488502,0.05017551328376369

Transition Gammas
2083.0,14.655813769797502,23.344186230202496
461.6842696910543,47.22188491222176,7.351888809419254
94.3157303089456,239.84690704304654,3.5793192353124725

29.0,1029.9458900702089,1067.0541099297918
1578.0,1.0,1.0
1.0,791.1536219213406,41.84637807865889

Iteration: ,10000
Error:,0.21115371372860978
Absolute Error:,1
Transition Probabilities
0.9803232607167955,0.008202954883595587,0.011473784399608911
0.9060094980537117,0.08283409239502042,0.011156409551267878
0.27053919261275833,0.7202914619603265,0.009169345426915219

0.0176242509693338,0.4858156159437671,0.496560133086899
0.9990407673860912,0.00047961630695443646,0.00047961630695443646
0.0009124087591240885,0.9497670715048078,0.04932051973606818

Transition Gammas
2790.0,23.34560959871304,32.65439040128696
638.1704300799358,58.34626290626089,7.858295853161622
120.82956992006415,321.7001822369456,4.095259003631787

50.0,1378.2589024324677,1408.741097567533
2083.0,1.0,1.0
1.0,1040.9447103692683,54.05528963073067

Iteration: ,12500
Error:,0.21068895652689643
Absolute Error:,1
Transition Probabilities
0.9803481190342505,0.008259587179089074,0.011392293786660507
0.9081948541664058,0.07939075367232923,0.012414392161265034
0.2555269711136343,0.7353413172524748,0.009131711633890932

0.019192774484899797,0.48629123551262227,0.49451599000247787
0.9992322456813819,0.00038387715930902113,0.00038387715930902113
0.0007283321194464681,0.9517267371318493,0.0475449307487042

Transition Gammas
3492.0,29.42064953191528,40.579350468084726
800.2379065851159,69.95359005779905,10.938695753540507
140.7620934148843,405.07732995780805,5.03038423085255

68.0,1722.9298474212212,1752.0701525787795
2603.0,1.0,1.0
1.0,1306.7208100820283,65.27918991797083

Iteration: ,15000
Error:,0.21201156528095236
Absolute Error:,1
Transition Probabilities
0.9803508771929824,0.007729739421748362,0.011919383385269183
0.9087745942030095,0.07642144056632454,0.014803965230665942
0.25412063254008893,0.7360016820073042,0.009877685452606966

0.021626704278326275,0.48578926797050725,0.49258402775116644
0.9993589743589744,0.0003205128205128205,0.0003205128205128205
0.0006006006006006005,0.950439151117566,0.04896024828183331

Transition Gammas
4191.0,33.04463602797425,50.95536397202576
964.4221668993266,81.1010032396202,15.710465848775437
162.57783310067265,470.8691200047332,6.3194109068713225

92.0,2066.5475459465383,2095.4524540534626
3118.0,1.0,1.0
1.0,1582.481186610748,81.51881338925249

Iteration: ,17500
Error:,0.21320404732375833
Absolute Error:,1
Transition Probabilities
0.9809466506217409,0.00755163700763607,0.011501712370623057
0.910202472735979,0.07542136295892142,0.014376164305099762
0.24481542661359063,0.7449477856714366,0.010236787714972828

0.023742454728370218,0.48521827337766144,0.49103927189396834
0.9994535519125683,0.000273224043715847,0.000273224043715847
0.0005144032921810699,0.9523214345768353,0.04716416213098367

Transition Gammas
4891.0,37.652462120073444,57.34753787992656
1107.1826512734199,91.74357036463002,17.487361534645807
180.8173487265797,550.2083157425008,7.560752358223546

118.0,2411.534818686978,2440.465181313023
3658.0,1.0,1.0
1.0,1851.3128688173679,91.68713118263227

Iteration: ,17748
Error:,0.21034084792236718
Absolute Error:,1
Transition Probabilities
0.9810013853156541,0.007511119897459823,0.011487494786886113
0.9109545736994239,0.0748949379364391,0.014150488364136977
0.24554766374364434,0.7443728812692921,0.010079454987063636

0.02339877057307158,0.48540301564045796,0.49119821378647044
0.9994610617084344,0.00026946914578280785,0.00026946914578280785
0.0005076142131979695,0.9524341849490031,0.047058200837798825


Model Num 2
Model States: 
"['diamond', 'y', 'square']","['diamond', 'y', 'diamond']","['square', 'y', 'diamond', 'y', 'diamond']","['square', 'y', 'diamond', 'y', 'square']"
Iteration: ,0
Error:,0.6707853483238566
Absolute Error:,0.74
Transition Probabilities
0.25,0.25,0.25,0.25
0.25,0.25,0.25,0.25
0.25,0.25,0.25,0.25
0.25,0.25,0.25,0.25

0.25,0.25,0.25,0.25
0.25,0.25,0.25,0.25
0.25,0.25,0.25,0.25
0.25,0.25,0.25,0.25

Transition Gammas
1.0,1.0,1.0,1.0
1.0,1.0,1.0,1.0
1.0,1.0,1.0,1.0
1.0,1.0,1.0,1.0

1.0,1.0,1.0,1.0
1.0,1.0,1.0,1.0
1.0,1.0,1.0,1.0
1.0,1.0,1.0,1.0

Iteration: ,2500
Error:,0.05399999606922063
Absolute Error:,0.6208560952986335
Transition Probabilities
0.026330665158841998,0.005564364769374834,0.02649586181646393,0.9416091082553192
0.8138173933692439,0.04001148879101517,0.047706136736404614,0.09846498110333633
0.0076526836759265105,0.02716444767221789,0.9492097054389957,0.015973163212859777
0.012908185986771238,0.009416428210805369,0.9504431606146162,0.027232225187807314

0.0013793103448275865,0.0013793103448275865,0.009627976468167721,0.9876134028421771
0.9492826114948538,0.04174877863967537,0.004484304932735426,0.004484304932735426
0.007272775234683308,0.9491348449847113,0.006155638205830997,0.03743674157477429
0.9777517071415069,0.001945702436902185,0.0073382470703287715,0.012964343351262092

Transition Gammas
5.022218094792522,1.0613272874876865,5.0537271219326705,179.5991963428732
40.90533590439814,2.011118713321655,2.3978788900354417,4.949197645158621
1.1724085328613858,4.161655125189667,145.42108432265587,2.44712490945565
3.2760682645535932,2.389868077395355,241.22031391107964,6.9114768568087595

1.0,1.0,6.980282939421596,716.0197170605782
211.6900223633524,9.309977636647607,1.0,1.0
1.897991578680261,247.69773362746045,1.6064499587932684,9.769945852760138
656.098654214494,1.3056205793651767,4.924168367050835,8.69943582139576

Iteration: ,5000
Error:,0.040622720487231104
Absolute Error:,0.6216083524190785
Transition Probabilities
0.0181639539081993,0.005341517969982857,0.019985451186524637,0.9565090769352932
0.9037462828617185,0.020423919668455255,0.023194172086875513,0.05263562538295058
0.004621796027368913,0.024072325804051834,0.95958901074253,0.011716867426049264
0.01733035348102915,0.007852119687258621,0.9566767792178463,0.01814074761386593

0.000668896321070234,0.000668896321070234,0.012734712477538842,0.9859274948803206
0.9485933297926445,0.04661050713781104,0.002398081534772182,0.002398081534772182
0.003786972452210498,0.9596022550154721,0.0034158973473784548,0.03319487518493889
0.9795901566370092,0.0009632356135213202,0.006184174229139701,0.013262433520329795

Transition Gammas
6.299163500791106,1.852410284973656,6.930849158572803,331.7123075767321
99.59760264335715,2.2508235708781337,2.556119985174796,5.800723279520086
1.3891535057979834,7.235316224555806,288.4195733659543,3.521688833838996
8.516729578341387,3.8588006913048227,470.1437527743465,8.914985025860133

1.0,1.0,19.038395153920572,1473.9616048460796
395.5634185235328,19.436581476467204,1.0,1.0
1.9179987034507169,486.0124820484844,1.7300592402166344,16.81230280108259
1332.7590110370795,1.3105082109844757,8.413736983642773,18.043900975058

Iteration: ,7500
Error:,0.032036486377973676
Absolute Error:,0.6219602843087427
Transition Probabilities
0.01725302709941448,0.005361114581807614,0.015181962860964114,0.9622038954578138
0.9267512092328984,0.013854610841076332,0.015775869963247435,0.043618309962777775
0.005308395343770291,0.021165054447424583,0.9657655732584021,0.00776097695040305
0.012913429491496166,0.007726502391747915,0.9642007662760234,0.01515930184073254

0.0004442470013327411,0.0004442470013327411,0.014260575563693185,0.9848509304336414
0.9563224123912238,0.04038811392456551,0.0016447368421052635,0.0016447368421052635
0.002581014045597025,0.9689806338863319,0.002364085404651965,0.026074266663419016
0.9819371096366974,0.0006401079867247469,0.0045213958299075195,0.01290138654667022

Transition Gammas
8.94531746983706,2.7796207384424365,7.871515927266389,498.88168991957116
159.88483861602396,2.390223175696581,2.721682365204576,7.52511178795759
2.4255750687271935,9.670988136965743,441.289079849659,3.5462377951853323
9.324375744693826,5.579061049613235,696.218633787398,10.946048567756717

1.0,1.0,32.10055559387335,2216.8994444061263
581.444026733864,24.555973266135826,1.0,1.0
1.929189389537612,724.2684946832727,1.7670451993066671,19.489316097621867
2014.4891049764976,1.3132109506916754,9.275851324128903,26.46778737894256

Iteration: ,10000
Error:,0.03287424265829557
Absolute Error:,0.6231950851278373
Transition Probabilities
0.014707935085584531,0.005622271640115477,0.02587912699350914,0.9537906662807909
0.9346642690530276,0.010997393084772945,0.018458630529220317,0.03587970733297918
0.0059291328326458205,0.02203695584954491,0.9631371985706428,0.0088967127471664
0.012622230707413667,0.006943306330478519,0.9646636716666117,0.01577079129549615

0.00033244680851063834,0.00033244680851063834,0.015016205425523418,0.9843189009574553
0.9560992209252771,0.041437724887530766,0.0012315270935960593,0.0012315270935960593
0.0019421437686963972,0.9659334092802354,0.002985581843542554,0.02913886510752554
0.979446954205275,0.0004798220254648884,0.004850852947622723,0.015222370821637228

Transition Gammas
9.96840537226835,3.8105337353990456,17.539758439956348,646.438262505765
206.78796421476952,2.433096677563011,4.0838435315360355,7.938135522743047
3.6866975479876456,13.702440709086801,598.8726595557769,5.531920096229709
12.006345142892753,6.604516600032797,917.5941445941703,15.001275753820682

1.0,1.0,45.168745919974434,2960.8312540800252
776.3525673913249,33.647432608674976,1.0,1.0
1.9349259827047882,962.3436129208188,2.9744862227371036,29.030573385885564
2683.4068848235147,1.3145762729612773,13.289961381807673,41.70497900956965

Iteration: ,12500
Error:,0.030433336249942284
Absolute Error:,0.6231783128435688
Transition Probabilities
0.012689786374824583,0.006636633560998557,0.024688510634184428,0.9559850694299924
0.9407995401227566,0.012574225556762684,0.015339516165331654,0.031286718155148996
0.004698119809004124,0.018716882209470292,0.9670938998863128,0.009491098095212739
0.012856584252282607,0.006911658369014232,0.9675546471060186,0.012677110272684587

0.00026838432635534063,0.00026838432635534063,0.015093044043302688,0.9843701873039866
0.9541170686795513,0.04392022278266659,0.0009813542688910698,0.0009813542688910698
0.0015577608280356453,0.969290723377995,0.003229829912501144,0.025921685881468155
0.9806271076400459,0.00038660583082773754,0.004359623150998766,0.014626663378127645

Transition Gammas
11.049153968648024,5.7785989364209085,21.49659160495353,832.3880254451228
264.63527298841973,3.5369741065112237,4.314816148180884,8.800566801743201
3.708561773838633,14.774572958835538,763.3963403736939,7.492002123955994
15.294559331906784,8.22230593541904,1151.030605535664,15.081051966681997

1.0,1.0,56.236682105345864,3667.763317894657
972.2452929844626,44.75470701553726,1.0,1.0
1.9424900810746755,1208.6820915979333,4.02751979358939,32.32371542747072
3339.059016117695,1.316402203295887,14.84462225835312,49.80414252058676

Iteration: ,15000
Error:,0.030514930066448887
Absolute Error:,0.6226191842841419
Transition Probabilities
0.011634470219721096,0.006441460138084017,0.024202263527649124,0.9577218061145457
0.9409842684093788,0.013802831470208785,0.015399131249836552,0.029813768870575838
0.005041889341835162,0.0203495183180849,0.9666585034184807,0.007950088921599333
0.012831066083551591,0.006672689449107403,0.9684713641378471,0.012024880329494093

0.00022446689113355726,0.00022446689113355726,0.01465749295559612,0.9848935732621368
0.9468512254504722,0.051510772911526254,0.0008190008190008192,0.0008190008190008192
0.0013219343793076938,0.9720697420573816,0.0034316135205538388,0.023176710042756784
0.9807437373198863,0.0003206373541416846,0.004026477130526035,0.01490914819544606

Transition Gammas
12.394255558641209,6.862117622415253,25.782784569837975,1020.2655208955155
311.17909503031325,4.564531788630153,5.092420657230824,9.859273877416765
4.8795530391659705,19.69431441714913,935.5345027216364,7.694115822246466
18.043013228657376,9.383119315027514,1361.8620246306339,16.90935682547967

1.0,1.0,65.29913111718088,4387.70086888283
1156.1053462750262,62.894653724973544,1.0,1.0
1.9471154296933542,1431.7896736214723,5.054522931852327,34.137647405323065
4029.9456892823905,1.3175216664419402,16.545080572729653,61.26274909009494

Iteration: ,17500
Error:,0.030237468229732053
Absolute Error:,0.6220420644269283
Transition Probabilities
0.011838351455373613,0.006439307401907511,0.024510436558220845,0.9572119045844981
0.9361271400687164,0.011985399320538478,0.022275556393600928,0.02961190421714432
0.004390027736534483,0.018394894700395015,0.969365261198255,0.007849816364815595
0.012233824650834486,0.007365500078399518,0.9671883354645168,0.013212339806249133

0.00019297568506368166,0.00019297568506368166,0.016087872314109256,0.9835261763157633
0.9500158804829464,0.048597156965042604,0.0006934812760055479,0.0006934812760055479
0.0011244506353281093,0.9741528411470659,0.0029294571588867964,0.021793251058719088
0.9806031981956723,0.0002766639338059517,0.003769668106116778,0.015350469764404772

Transition Gammas
14.724523584973724,8.009200779999201,30.486043816151856,1190.5787151195238
359.66146703782874,4.604808597198281,8.558302551743452,11.376938512582823
4.950463418804777,20.74320682514806,1093.11547740022,8.851932400097139
20.16548931188427,12.140840444162887,1594.2541762733592,21.77841392632076

1.0,1.0,83.3673543317143,5096.632645668294
1369.9228996564086,70.07710034359144,1.0,1.0
1.9506497576073503,1689.9194537798073,5.08189930030697,37.806017053618376
4672.811525870826,1.318370591754123,17.96338071034436,73.14870293573024

Iteration: ,20000
Error:,0.02997615001926039
Absolute Error:,0.6221589987438718
Transition Probabilities
0.010262181611771035,0.006242566638988232,0.02396756173115224,0.9595276900180885
0.9405213522875625,0.010736862919199156,0.020079200775445692,0.028662584017792574
0.003965439319961183,0.018025142356646665,0.9693987578416284,0.008610660481763762
0.012158228443723215,0.008117925659363728,0.9660350007636417,0.01368884513327141

0.00016897600540723197,0.00016897600540723197,0.016298172843837694,0.9833638751453478
0.9494930503367358,0.04929335743025449,0.0006067961165048543,0.0006067961165048543
0.0009863857766708672,0.9737831643699759,0.003616369396577505,0.02161408045677564
0.9796233395703631,0.00024142473239529067,0.003737723890259098,0.016397511806982484

Transition Gammas
14.73205337498416,8.961625159408843,34.40705027930474,1377.4666712102937
407.6526150549522,4.653706410654515,8.702980197541766,12.4232983128627
5.020712419260112,22.821949546269508,1227.372805381481,10.902108576269114
22.88035641615236,15.276981618318013,1817.9642889800373,25.7607970622116

1.0,1.0,96.4525868898316,5819.5474131101755
1564.7645469549407,81.2354530450594,1.0,1.0
1.9539432996019666,1928.9786352229664,7.163709086699488,42.81558867171966
5352.748255464375,1.3191660130531475,20.423252718505548,89.59744952307521

Iteration: ,22500
Error:,0.03017866814251012
Absolute Error:,0.622566017075558
Transition Probabilities
0.010324337292143514,0.007934177231088954,0.02318579264777589,0.9585556928289917
0.9424505589570074,0.010195239459811094,0.019152783532329805,0.028201418050851843
0.0036346752942747387,0.01882696241620222,0.9683422665925099,0.00919609569701324
0.01165747496843001,0.007885751932566978,0.9649312893244478,0.015525483774555378

0.00015042117930204552,0.00015042117930204552,0.016476630001248802,0.9832225276401472
0.9452465702581212,0.05367351613496728,0.0005399568034557236,0.0005399568034557236
0.0008871593314417579,0.9740625143036254,0.003719646611133894,0.021330679753799004
0.9796056807508268,0.00021357005529538486,0.003371376142151832,0.016809373051725977

Transition Gammas
16.9132249644071,12.997688918881046,37.98273108806127,1570.296244202217
452.1973071415977,4.891778975114009,9.18969918928189,13.53132552044186
5.167551101869826,26.766982605559168,1376.727696859022,13.074426352982794
24.495424824041265,16.570041468529727,2027.5747468489303,32.62312993906532

1.0,1.0,109.53663624830219,6536.463363751707
1750.5966481180403,99.40335188195938,1.0,1.0
1.95739581824076,2149.135814312479,8.206891889571343,47.063229648348766
6054.586790954267,1.3199989150162124,20.837251006921143,103.89262745515863

Iteration: ,25000
Error:,0.029711479323761426
Absolute Error:,0.6225306236561481
Transition Probabilities
0.010260972411205906,0.00775346783349689,0.022104250055419106,0.9598813096998781
0.9406672137843965,0.011091776965775789,0.0185904413203929,0.029650567929434733
0.003851627405388774,0.018508573825772725,0.9688337127884245,0.008806085980414033
0.011291316714206624,0.007866766997698744,0.9661293321953088,0.014712584092785719

0.00013616557734204773,0.00013616557734204773,0.015743157178850428,0.9839845116664654
0.9449735867763005,0.0540574209756376,0.00048449612403100796,0.00048449612403100796
0.0007973309620834648,0.9733336545643592,0.0033884167419809706,0.022480597731576447
0.9782525001284867,0.0001931450444586834,0.003257016637502669,0.018297338189551846

Transition Gammas
18.779840255102837,14.190554413452263,40.45564770706104,1756.7942820249796
502.10904022083207,5.9205651106127615,9.92319973724911,15.826870530711817
6.198398556500616,29.785725671191926,1559.1376981156232,14.171576033821765
26.531281424385853,18.484594347921593,2270.1204698808033,34.57025596975009

1.0,1.0,115.61774632147772,7226.382253678533
1950.4254831062833,111.57451689371595,1.0,1.0
1.960528749094783,2393.2955108736396,8.331657432704052,55.276742338493214
6689.423208380401,1.3207519968677637,22.271921290392616,125.11967893841

Iteration: ,27500
Error:,0.030471353475045614
Absolute Error:,0.6227819603500107
Transition Probabilities
0.01006450768626152,0.008543905086938678,0.02260726201257651,0.9587843252142233
0.941342563421367,0.011904934670535045,0.018929784985195517,0.0278227169229025
0.003492155935031437,0.01844242539799942,0.9679252876505583,0.010140131016410835
0.011133681470459277,0.007798140212928261,0.9672356126605464,0.013832565656066142

0.00012379301807378056,0.00012379301807378056,0.015807231998751947,0.9839451819651005
0.9435795005944307,0.05553710717942087,0.00044169611307420505,0.00044169611307420505
0.0007268241333887134,0.9729627910147614,0.0034828303252654414,0.022827554526584585
0.9780239596124278,0.00017568374552540122,0.003129577140599616,0.01867077950144714

Transition Gammas
20.184637321099743,17.135028444676497,45.33946406239299,1922.8674145702844
559.6031665819205,7.077167652303658,11.2532546939435,16.53986667338155
6.23660627130069,32.936142610745954,1728.6080665975912,18.109158315173904
28.7149895090363,20.11226160891704,2494.6070663155206,35.67570877170156

1.0,1.0,127.6908200859183,7948.3091799140875
2136.263989345791,125.73601065420883,1.0,1.0
1.9626634466088972,2627.318517798816,9.404783710564674,61.64188114656067
7355.397558901718,1.3212598528652921,23.53652365478156,140.41681148809297

Iteration: ,30000
Error:,0.02979270622046573
Absolute Error:,0.6226719574777368
Transition Probabilities
0.010087516857691315,0.007937819205628475,0.02241266737301091,0.9595619965636693
0.9432808623476829,0.0108765204821569,0.018347751929989296,0.027494865240170908
0.0031805929216642344,0.01745309761187668,0.9691824433204473,0.010183866146011716
0.011474887116086487,0.008607260507340484,0.9671714723714179,0.01274638000515507

0.00011353315168029055,0.00011353315168029055,0.015526752445996328,0.984246181250643
0.9430225736085929,0.05616309414385001,0.0004071661237785017,0.0004071661237785017
0.0006699252597853851,0.9736766672093409,0.0032660476241235066,0.0223873599067502
0.9777137166568516,0.00016088183122678747,0.002998009920658272,0.019127391591263393

Transition Gammas
22.07741406946059,17.372612495567566,49.052085362095475,2100.0854642738
614.4648728651904,7.085100569782163,11.951953555978573,17.9104968081288
6.27224648911448,34.41815187181701,1911.263505625636,20.082959452261825
32.17516046970709,24.13444116936141,2711.9131552630342,35.740379659055044

1.0,1.0,136.75963554433577,8669.24036445567
2316.0634407827038,137.9365592172956,1.0,1.0
1.9645836038635354,2855.3472016815176,9.577820089730665,65.6518612549155
8032.366496701401,1.3217180132162984,24.63002618579983,157.14029246955386

Iteration: ,32500
Error:,0.030401406176177825
Absolute Error:,0.6227676248931745
Transition Probabilities
0.009734088337464362,0.007321051350211841,0.024048950322606445,0.9588959099897173
0.9427622160130975,0.01155412693611399,0.018437037255109718,0.027246619795678658
0.002950233435907132,0.017878273443431292,0.9693566630285819,0.009814830092079615
0.011030269307691768,0.008863720467810365,0.9679649019466859,0.012141108277812016

0.00010489877268435938,0.00010489877268435938,0.015087544995342409,0.9847026574592889
0.9421000839323624,0.057148601266735884,0.0003756574004507888,0.0003756574004507888
0.0006208638402967817,0.9741413581460165,0.0030748417832325097,0.022162936230454185
0.9772897991735178,0.00014836355364351533,0.0028963537374295002,0.019665483535409044

Transition Gammas
23.14375960728083,17.406525053788265,57.17876248684497,2279.8700463599594
659.3687484860883,8.080966852843245,12.894880569252884,19.05631058394403
6.34174907583064,38.43069592642799,2083.7051899323983,21.097716847867748
33.39330917858263,26.834245819158724,2930.440802762797,36.75629045692517

1.0,1.0,143.82956644059948,9387.17043355942
2507.8704234279494,152.12957657205095,1.0,1.0
1.9664760721138268,3085.419938025237,9.739015867588904,70.19716877719844
8709.291417774473,1.3221681281752242,25.811370147899225,175.25244520731334

Iteration: ,35000
Error:,0.03023141773937145
Absolute Error:,0.6227788073193237
Transition Probabilities
0.00969712551900294,0.00723209383960724,0.025298887403406547,0.9577718932379832
0.9444761716008261,0.010873934363873156,0.017913445125758837,0.026736448909541886
0.003583563599233353,0.017015069381568642,0.9681830821115851,0.011218284907612943
0.011496833390546383,0.00901307482182799,0.9679374622613935,0.011552629526231968

9.753242953281954e-05,9.753242953281954e-05,0.014424829481385383,0.985380105659549
0.9432759584061674,0.05602959714938815,0.00034722222222222207,0.00034722222222222207
0.0005756227205103365,0.9737789826458481,0.003786655797036232,0.021858738836605347
0.9773696351441926,0.00013815823342861095,0.002908094195710018,0.01958411242666877

Transition Gammas
24.824951131764934,18.51439127984474,64.7659599998832,2451.9266455216134
704.5490499526693,8.111607635721759,13.362857766269585,19.944536712237092
8.32203727214778,39.513751510336746,2248.391990955385,26.051996161223567
37.64891281714073,29.515298400374718,3169.724383332285,37.831629551096995

1.0,1.0,147.8977766726445,10103.102223327369
2716.6347602097635,161.36523979023795,1.0,1.0
1.9681456774824158,3329.5052944026984,12.947178722276934,74.73850635767127
9356.203993135661,1.3225667841610758,27.83872298457745,187.4755919354743

Iteration: ,37500
Error:,0.030111981987999987
Absolute Error:,0.6227218265729806
Transition Probabilities
0.009445538101739705,0.006807502656935928,0.026045156574899374,0.9577018026664249
0.9443792540027984,0.01024897124477606,0.0185420328614658,0.026829741890959716
0.003386380876714731,0.016437303442128636,0.9692368508309079,0.010939464850248657
0.011071556743971428,0.01002810112523036,0.9681029055057342,0.010797436625064036

9.081827263645426e-05,9.081827263645426e-05,0.014345399683994049,0.985472963770733
0.9408680198858156,0.058487650217277205,0.00032216494845360813,0.00032216494845360813
0.000537466013127587,0.9743991039245347,0.0035574851514236,0.02150594491091422
0.9777235591793569,0.000128978268559153,0.00282580251511032,0.019321660036973467

Transition Gammas
25.704229057717,18.52531912106411,70.8769223345796,2606.2026577598845
747.6564348421402,8.114016979079228,14.679558159680042,21.240861745857796
8.37285271770243,40.64135896333199,2396.4455553061953,27.04791083348969
38.82232871730797,35.16345960165759,3394.6454052353038,37.86112862500433

1.0,1.0,157.95719592045882,10851.042804079565
2920.4543337255727,181.54566627442853,1.0,1.0
1.969472481553146,3570.555485103499,13.035929599514029,78.8056652091765
10028.152159591622,1.3228828233181502,28.983220592810376,198.1751845984991

Iteration: ,40000
Error:,0.029703634443636422
Absolute Error:,0.6225966167584382
Transition Probabilities
0.008913739295061505,0.006735708553972877,0.025341753937394216,0.9590087982135714
0.9409372625029854,0.013132739086985123,0.018373835286033813,0.027556163123995735
0.0031872541718324164,0.01586100617039664,0.9701853883611902,0.010766351296580844
0.01103094387982131,0.010240702233230444,0.9673826519185371,0.011345701968411078

8.521516829995717e-05,8.521516829995717e-05,0.0144029795559509,0.9854265901074492
0.9392654731965205,0.06013247984381667,0.0003010234798314266,0.0003010234798314266
0.0005029849653979085,0.9745204107924491,0.0036193741964086457,0.02135723004574436
0.9775236960875878,0.00012116921369047801,0.0029492686726515036,0.019405866026070268

Transition Gammas
25.836285092156484,19.523308988242018,73.4525385799135,2779.666747742956
796.5232649243156,11.117140995286471,15.553839617619369,23.326874059515177
8.403263198854804,41.817879046613754,2557.9143458756794,28.385713457074576
41.37132114785018,38.407536606681234,3628.1481259814987,42.551814685737874

1.0,1.0,169.01896508908425,11563.981034910947
3120.239901958844,199.76009804115915,1.0,1.0
1.9709327337471345,3818.631389540791,14.18241810416386,83.68771771542976
10675.074445990114,1.3232317353379415,32.20756976817088,211.92229441223554

Iteration: ,42500
Error:,0.030584758443645124
Absolute Error:,0.6224364184205589
Transition Probabilities
0.008870602507916221,0.006345865800617919,0.025539663538189324,0.9592438681532766
0.9390234663393557,0.013571467880285968,0.018849412757786718,0.02855565302257167
0.0033552405995985945,0.015966623632504805,0.9690963762341575,0.011581759533739164
0.011201946453848375,0.010616942612687807,0.9664996220071196,0.011681488926344297

8.018603159329628e-05,8.018603159329628e-05,0.014600651015509161,0.9852389769213044
0.9387993408101135,0.06063392640439488,0.0002833663927458201,0.0002833663927458201
0.0004753316498875122,0.974830591450147,0.0036973971165200725,0.020996679783445254
0.9767857216979997,0.00011387742780129299,0.003138969039867546,0.019961431834331456

Transition Gammas
27.299465264778732,19.529535095763343,78.59885019227606,2952.0931228440168
838.0587491960848,12.112250443373837,16.822705550110907,25.485321413602698
9.431858956831476,44.883500198648655,2724.2101020447167,32.55728438885568
44.50440634948167,42.18023449503817,3839.8230246537382,46.4095889126836

1.0,1.0,182.08471881441514,12286.915281185613
3313.0228737188936,213.97712628110975,1.0,1.0
1.9727817719508107,4045.865706623972,15.345407016049654,87.14308663871095
11353.837837619178,1.3236739848873593,36.48634973288663,232.02515661235284

Iteration: ,45000
Error:,0.029727850298997247
Absolute Error:,0.622546390322426
Transition Probabilities
0.008475159350613,0.006533155530311374,0.02519958037154904,0.9597921047475265
0.9408465708339318,0.01284170439841279,0.01779114730912862,0.028520577458526868
0.0032217159400530983,0.016110181445682017,0.9693231568746944,0.011344945739570638
0.011061447363702213,0.010734514862112066,0.9667084922794235,0.01149554549476228

7.576905591756313e-05,7.576905591756313e-05,0.014786177097839493,0.9850622847903253
0.9402171112211724,0.059244820444149145,0.0002690341673392519,0.0002690341673392519
0.0004496715405636818,0.975056159468653,0.0037349524032107367,0.02075921658757239
0.9767250380831823,0.00010745599989350128,0.0030639504808994884,0.020103555436024736

Transition Gammas
27.746854839600676,21.38892151107137,82.50099728657592,3142.266841826191
898.5991582071166,12.265065442211403,16.992260471706242,27.239900415534162
9.571593119883486,47.862724322934305,2879.8215087617723,33.705393835725964
46.469569337395804,45.09611321978637,4061.1798649822144,48.29323242028717

1.0,1.0,195.147965337286,13000.85203466274
3494.7870024091,220.21299759090252,1.0,1.0
1.9742581184588308,4280.930334997839,16.398102701480298,91.14219643405679
12034.771381859335,1.3240250243459546,37.75263469781447,247.70706616664853

Iteration: ,47108
Error:,0.029847033299941785
Absolute Error:,0.6226349039718375
Transition Probabilities
0.008408903078880533,0.006278404282444885,0.024978435768212324,0.9603342568704623
0.9432021542448777,0.012267327266101625,0.017086928593289544,0.027443589895731153
0.0033665365129461724,0.015952497065265064,0.9692994497780926,0.011381516643696172
0.010997561403559699,0.01091509678393746,0.9671021678320657,0.010985173980437121

7.24270297675091e-05,7.24270297675091e-05,0.014789656560396908,0.985065489380068
0.940236622261252,0.05924910671791999,0.000257135510413988,0.000257135510413988
0.00042964877088906095,0.9744444449277045,0.0038127814352693005,0.021313124866137182
0.9765001055585836,0.00010277276643584113,0.0031006705862484728,0.020296451088731945

*,*,*,*,*,*,*,*,*,*,*
Model Num 2
Model States: 
"['diamond', 'y', 'square']","['diamond', 'y', 'diamond']","['square', 'y', 'diamond', 'y', 'diamond']","['square', 'y', 'diamond', 'y', 'square']"
Iteration: ,47108
Error:,0.03060957288513321
Transition Probabilities
0.008408903078880533,0.006278404282444885,0.024978435768212324,0.9603342568704623
0.9432021542448777,0.012267327266101625,0.017086928593289544,0.027443589895731153
0.0033665365129461724,0.015952497065265064,0.9692994497780926,0.011381516643696172
0.010997561403559699,0.01091509678393746,0.9671021678320657,0.010985173980437121

7.24270297675091e-05,7.24270297675091e-05,0.014789656560396908,0.985065489380068
0.940236622261252,0.05924910671791999,0.000257135510413988,0.000257135510413988
0.00042964877088906095,0.9744444449277045,0.0038127814352693005,0.021313124866137182
0.9765001055585836,0.00010277276643584113,0.0031006705862484728,0.020296451088731945

Transition Gammas
28.76430789946212,21.476517472429766,85.44365543804655,3285.012324663467
943.4881279755231,12.271046652584731,17.092109256515453,27.451910641977822
10.557699058923125,50.028170675039334,3039.792335352133,35.69324945568777
48.38848434995188,48.02564591608564,4255.180434618832,48.33398057335018

1.0,1.0,204.20078812940048,13600.799211870624
3656.580223974012,230.419776025991,1.0,1.0
1.9753187825011111,4480.027745887755,17.52933859690636,97.98751611637427
12582.672658894984,1.3242764347388771,39.95362907565801,261.52951621106143

