0,1,2,3,4,5,6,7,8,9,10,11,12,13,14,15,16,17,18,19,20,21,22,23,24,25,26,27,28,29
github Code Version (SHA):,cd93f48c3be2409aefa56252372b16f046dc3cc1
Environment Observations,Environment Actions,alpha,epsilon,numActions,explore,patience,gainThresh,insertRandActions,useBudd,revisedSplitting,haveControl,confidence_factor
"['square', 'diamond']","['x', 'y']",0.99,0.99,75000,0.5,0,0.01,False,False,False,False,250

Model Num 0
Model States: 
['square'],['diamond']
Iteration: ,0
Error:,0.6756471886818406
Absolute Error:,1
Transition Probabilities
0.5,0.5
0.5,0.5

0.5,0.5
0.5,0.5

Transition Gammas
1.0,1.0
1.0,1.0

1.0,1.0
1.0,1.0

Iteration: ,2500
Error:,0.2557554323157596
Absolute Error:,1
Transition Probabilities
0.9874371859296482,0.01256281407035176
0.9791231732776617,0.020876826722338204

0.21966794380587484,0.7803320561941252
0.3392857142857143,0.6607142857142857

Transition Gammas
786.0,10.0
469.0,10.0

172.0,611.0
152.0,296.0

Iteration: ,2861
Error:,0.2565200215163296
Absolute Error:,1
Transition Probabilities
0.9891186071817193,0.01088139281828074
0.982078853046595,0.017921146953405017

0.20561797752808988,0.7943820224719101
0.336,0.664


Model Num 1
Model States: 
['diamond'],"['square', 'y', 'diamond']","['square', 'y', 'square']"
Iteration: ,0
Error:,0.6192920842629276
Absolute Error:,1
Transition Probabilities
0.3333333333333333,0.3333333333333333,0.3333333333333333
0.3333333333333333,0.3333333333333333,0.3333333333333333
0.3333333333333333,0.3333333333333333,0.3333333333333333

0.3333333333333333,0.3333333333333333,0.3333333333333333
0.3333333333333333,0.3333333333333333,0.3333333333333333
0.3333333333333333,0.3333333333333333,0.3333333333333333

Transition Gammas
1.0,1.0,1.0
1.0,1.0,1.0
1.0,1.0,1.0

1.0,1.0,1.0
1.0,1.0,1.0
1.0,1.0,1.0

Iteration: ,2500
Error:,0.12129499581368297
Absolute Error:,1
Transition Probabilities
0.009999999999999998,0.9854964008288114,0.004503599171188599
0.0132304630769048,0.9538407893492178,0.03292874757387743
0.025697924502857558,0.9539722929203351,0.02032978257680722

0.6598360655737705,0.010593391942001337,0.3295705424842281
0.9969465648854962,0.0015267175572519084,0.0015267175572519084
0.0019920318725099606,0.013754166548979489,0.9842538015785106

Transition Gammas
5.0,492.7482004144058,2.2517995855943003
2.661734462574745,191.89584567543852,6.6246798556743185
4.338265537425254,161.04744651945092,3.4320279494363026

322.0,5.169575267696652,160.83042473230333
653.0,1.0,1.0
1.0,6.904591607587702,494.0954083924122

Iteration: ,5000
Error:,0.1251352213259082
Absolute Error:,1
Transition Probabilities
0.010901883052527244,0.9779314067410075,0.011166710206465261
0.01496752633479582,0.9565054914083944,0.028526982256809764
0.02795049374052182,0.9587315564059905,0.013317949853487597

0.6593521421107628,0.005427646399412509,0.3352202114898247
0.9984732824427481,0.0007633587786259542,0.0007633587786259542
0.0010416666666666673,0.018711415066664856,0.9802469182666685

Transition Gammas
11.0,986.7327894016776,11.26721059832346
6.6559540723203074,425.3512890727971,12.685749099489545
9.344045927679694,320.5106778627576,4.452283964955814

631.0,5.19425760423777,320.80574239576225
1308.0,1.0,1.0
1.0,17.962958463998252,941.0370415360012

Iteration: ,7500
Error:,0.12233622126767418
Absolute Error:,1
Transition Probabilities
0.011525423728813553,0.9781138741225016,0.010360702148684734
0.018787205553562877,0.9574731329158365,0.023739661530600586
0.02472157165465166,0.9626290624719313,0.012649365873417062

0.6545827633378933,0.004929325694025796,0.3404879109680809
0.9989690721649485,0.0005154639175257732,0.0005154639175257732
0.0006816632583503758,0.0225064729310332,0.9768118638106165

Transition Gammas
17.0,1442.7179643306908,15.282035669309993
12.501744859791605,637.140248649117,15.79730368453304
12.498255140208398,486.6674253653284,6.395022301022031

957.0,7.206674164665714,497.79332583533426
1938.0,1.0,1.0
1.0,33.016995789825664,1432.9830042101726

Iteration: ,10000
Error:,0.1261601615277988
Absolute Error:,1
Transition Probabilities
0.01475076297049847,0.974418055946058,0.010831181083443478
0.023102333622268434,0.9578056920600546,0.019091974317676896
0.02639582454788309,0.961069971772263,0.012534203679853858

0.6519709543568465,0.00426010631722034,0.3437689393259332
0.999222092570984,0.00038895371450797355,0.00038895371450797355
0.0005000000000000003,0.02354052627709184,0.9759594737229083

Transition Gammas
29.0,1915.7058979899505,21.294102010049883
20.437067698411056,847.3057350226567,16.889374814091855
17.562932301588948,639.4650343544561,8.339855808795148

1257.0,8.213484979600816,662.7865150203993
2569.0,1.0,1.0
1.0,47.08105255418365,1951.918947445815

Iteration: ,11566
Error:,0.1271583922665219
Absolute Error:,1
Transition Probabilities
0.014750542299349247,0.9755731972119885,0.009676260488662132
0.021740158898955232,0.959832425720166,0.018427415380878633
0.02475011397367002,0.9589434965142287,0.016306389512101355

0.6570135746606335,0.004170875731326829,0.33881554960803956
0.9993308798929408,0.00033456005352960856,0.00033456005352960856
0.0004357298474945538,0.024014584209093536,0.975549685943412


Model Num 2
Model States: 
"['square', 'y', 'diamond']","['square', 'y', 'square']","['diamond', 'y', 'diamond']","['diamond', 'y', 'square', 'y', 'square']"
Iteration: ,0
Error:,0.6757838885919281
Absolute Error:,0.74
Transition Probabilities
0.25,0.25,0.25,0.25
0.25,0.25,0.25,0.25
0.25,0.25,0.25,0.25
0.25,0.25,0.25,0.25

0.25,0.25,0.25,0.25
0.25,0.25,0.25,0.25
0.25,0.25,0.25,0.25
0.25,0.25,0.25,0.25

Transition Gammas
1.0,1.0,1.0,1.0
1.0,1.0,1.0,1.0
1.0,1.0,1.0,1.0
1.0,1.0,1.0,1.0

1.0,1.0,1.0,1.0
1.0,1.0,1.0,1.0
1.0,1.0,1.0,1.0
1.0,1.0,1.0,1.0

Iteration: ,2500
Error:,0.028901572751520742
Absolute Error:,0.3874049237197219
Transition Probabilities
0.948704571416737,0.018546226386087612,0.027161618584565898,0.005587583612609337
0.9593362019136612,0.024841902772599542,0.008699252697383402,0.007122642616355761
0.978357374997462,0.007514267769966514,0.007064178616285727,0.007064178616285727
0.9649702634019444,0.012415720383899374,0.01130700810707814,0.01130700810707814

0.0020533880903490765,0.0020533880903490765,0.94814778987293,0.047745433946371874
0.026764327343391812,0.970634892422538,0.001300390117035111,0.001300390117035111
0.002976190476190477,0.002976190476190477,0.02768572827271863,0.9663618907749003
0.016336310142019254,0.9762562824505734,0.003703703703703705,0.003703703703703705

Transition Gammas
173.83468088144795,3.398294308381102,4.976924788947338,1.0238338081852487
242.4878298007134,6.279195009457306,2.198877623161303,1.8003637797061107
138.49556022577926,1.0637142940643025,1.0,1.0
85.34267016204552,1.098055318110826,1.0,1.0

1.0,1.0,461.7479736681168,23.252026331883098
20.581767727068296,746.4182322729315,1.0,1.0
1.0,1.0,9.302404699633458,324.69759530036646
4.410803738345197,263.5891962616547,1.0,1.0

Iteration: ,5000
Error:,0.021448275323722156
Absolute Error:,0.38507293122282293
Transition Probabilities
0.9629985266362091,0.016094696924049683,0.01785878748397008,0.0030479889557710684
0.9647021819917434,0.021898092313640552,0.008503316791760838,0.004896408902855015
0.9763759706896227,0.008131973108110807,0.010675072958001554,0.004816983244264979
0.9693340019626602,0.018311016824152402,0.006431431125502586,0.005923550087684935

0.0010570824524312895,0.0010570824524312895,0.9550824160450314,0.042803419050105936
0.021299985219435286,0.9774365909018534,0.0006317119393556538,0.0006317119393556538
0.0014727540500736377,0.0014727540500736377,0.024096179390399302,0.9729583125094535
0.019169262176848157,0.9771542672349166,0.001838235294117647,0.001838235294117647

Transition Gammas
327.9630185053587,5.4812808526074575,6.082067301335704,1.0380365396792597
495.3124405461759,11.24326009585784,4.365905531765851,2.5139906272191865
244.69442643593732,2.0379941285078877,2.675332999822809,1.2072080709589992
166.12934511464934,3.138234320905361,1.102251070184655,1.0152078590335363

1.0,1.0,903.5079655786,40.49203442140023
33.71787660236606,1547.2821233976342,1.0,1.0
1.0,1.0,16.361305806081127,660.6386941939189
10.428078624205398,531.5719213757947,1.0,1.0

Iteration: ,7500
Error:,0.020583364015214933
Absolute Error:,0.38449284292634656
Transition Probabilities
0.9650165906897317,0.01875248293513777,0.014182143018923973,0.0020487833562066148
0.9677033778837171,0.0196914681194344,0.009190200461444592,0.00341495353540391
0.9811347842950904,0.005557724228830243,0.009611176658209927,0.0036963148178693873
0.9704884617461889,0.012778560725448702,0.01257151264743471,0.004161464880927723

0.0007127583749109047,0.0007127583749109047,0.9559985929554449,0.042575890294733416
0.02075825173358156,0.9784084149330852,0.0004166666666666664,0.0004166666666666664
0.0009861932938856014,0.0009861932938856014,0.02704457185701882,0.97098304155521
0.014029092461102016,0.9835199271467412,0.0012254901960784314,0.0012254901960784314

Transition Gammas
489.7760202984,9.517470011703049,7.1978799474801916,1.0398214583432988
749.4560818420767,15.250427847822227,7.117523599266754,2.6447749949097568
360.12282144235286,2.039947377385922,3.527755932149722,1.3567221776839427
238.69430898955923,3.1429221907017455,3.0919981458962633,1.0235237442700715

1.0,1.0,1341.26602591649,59.73397408351102
49.819804160595766,2348.1801958394058,1.0,1.0
1.0,1.0,27.42319586301709,984.576804136983
11.447739448259245,802.5522605517408,1.0,1.0

Iteration: ,10000
Error:,0.019956949114083078
Absolute Error:,0.3850303959252115
Transition Probabilities
0.9671227926562657,0.01799387735899323,0.013391561970123993,0.0014917680146171797
0.9662495492039211,0.018637807423613685,0.012480996521128065,0.0026316468513372846
0.9834228633270298,0.004328833145110701,0.009406515086025736,0.0028417884418338213
0.9658355558720404,0.018570129844356832,0.012208054032697521,0.003386260250905283

0.0005370569280343714,0.0005370569280343714,0.9597536740443597,0.03917221209957153
0.022046529377053415,0.9773227547604427,0.00031535793125197093,0.00031535793125197093
0.0007320644216691068,0.0007320644216691068,0.02671215720596389,0.9718237139506979
0.013268032708499248,0.9848971049061795,0.0009174311926605501,0.0009174311926605501

Transition Gammas
674.7351167505718,12.553836010078351,9.342926459800244,1.0407657364200271
998.4520909905058,19.258956248845966,12.896955123479787,2.719352680299941
470.31501792352685,2.0702337866571123,4.4985992051426855,1.3590651913809435
318.4911164248207,6.1236318649949,4.025692297834078,1.1166433056422933

1.0,1.0,1787.0613410705987,72.93865892940222
69.90954465463639,3099.0904553453643,1.0,1.0
1.0,1.0,36.48880674334668,1327.5111932566535
14.462155652264187,1073.5378443477362,1.0,1.0

Iteration: ,12500
Error:,0.01901060285986259
Absolute Error:,0.38589626540227817
Transition Probabilities
0.966181592197158,0.01647940717125215,0.01502308638308162,0.002315914248508183
0.9681545807773767,0.017329818493650093,0.012346798659055783,0.002168802069917291
0.9793076611202055,0.007799534001074235,0.010411877708250977,0.002480927170469388
0.9634382178033282,0.01862667738971216,0.015145472248758203,0.002789632558201445

0.00043290043290043274,0.00043290043290043274,0.9635801324256136,0.03555406670858566
0.02053640774951139,0.9789627157165542,0.00025043826696719256,0.00025043826696719256
0.0005896226415094336,0.0005896226415094336,0.026852325163273537,0.9719684295537075
0.015133583118029549,0.9833882202818226,0.0007390983000739093,0.0007390983000739093

Transition Gammas
855.904835282406,14.59850238751398,13.308401215659853,2.0515834905216113
1243.2428067858198,22.25385554426104,15.85497700933111,2.7850382844874266
590.9514664530283,4.706535278517874,6.282922767276574,1.4970857553335215
387.8436059560964,7.498392312356426,6.096991444100545,1.123000033289359

1.0,1.0,2225.870105903168,82.1298940968329
82.001876143799,3908.9981238562013,1.0,1.0
1.0,1.0,45.54154347691194,1648.458456523089
20.475737958693994,1330.5242620413069,1.0,1.0

Iteration: ,15000
Error:,0.01882469505599954
Absolute Error:,0.38557725362490386
Transition Probabilities
0.9682880908983291,0.015033475822034889,0.013767664727563479,0.002910768552072648
0.9679690918706955,0.018138975837995213,0.012074462810958286,0.0018174694803509688
0.9768879454751531,0.010665689121364617,0.010239781768504772,0.002206583634977657
0.9663457040909176,0.0183686637544862,0.012920396010957296,0.002365236143638934

0.0003621876131836289,0.0003621876131836289,0.9629585240430414,0.036317100730591426
0.021426171261418495,0.978158201140909,0.00020781379883624265,0.00020781379883624265
0.0004899559039686427,0.0004899559039686427,0.02576917822321917,0.9732509099688436
0.014331273205528364,0.9844484705406584,0.0006101281269066503,0.0006101281269066503

Transition Gammas
1010.7721437036488,15.693075983055447,14.37172688715185,3.038479763263515
1504.3445522223928,28.190228090905652,18.765219368288886,2.8245739812957513
685.095394927999,7.479890129288536,7.181199611648531,1.5474858645239857
459.68681452809636,8.73790041461501,6.146181081547693,1.125133442279789

1.0,1.0,2658.728484882839,100.27151511716299
103.10273610994584,4706.897263890056,1.0,1.0
1.0,1.0,52.594892753590344,1986.4051072464104
23.488956783860996,1613.5110432161396,1.0,1.0

Iteration: ,17500
Error:,0.01939625219752889
Absolute Error:,0.3860286368780244
Transition Probabilities
0.9681134100304055,0.01439973467776369,0.014937241291910949,0.002549613999919989
0.9681065505230644,0.016695435663346633,0.012503259992335064,0.0026947538212539353
0.9718935175067828,0.01394368340920858,0.01218079514117843,0.0019820039428301516
0.9659274030843652,0.018337912245716265,0.011854189665382228,0.003880495004536307

0.000313381385145722,0.000313381385145722,0.9625729415350831,0.03680029569462548
0.020812802049982135,0.9788350232713772,0.00017608733932030296,0.00017608733932030296
0.0004239084357778718,0.0004239084357778718,0.02485683674443268,0.9742953463840115
0.014938068620842779,0.9840137133498071,0.0005241090146750523,0.0005241090146750523

Transition Gammas
1189.9170575681226,17.69884575505269,18.35950005660753,3.1337539148683016
1752.16718055476,30.21691612206742,22.62953576409142,4.877210264432751
787.2747727144802,11.294972123024518,9.866958214572067,1.6055068538924804
523.4918807668673,9.938374395626626,6.424470434406034,2.1030644971294175

1.0,1.0,3071.5702564384533,117.42974356155001
118.1959028418485,5558.804097158149,1.0,1.0
1.0,1.0,58.63727788011671,2298.362722119884
28.50183492856803,1877.4981650714324,1.0,1.0

Iteration: ,20000
Error:,0.01782997110592556
Absolute Error:,0.3851032180681917
Transition Probabilities
0.9702691298064312,0.014227795056808988,0.01324704573856726,0.0022560293981924726
0.9689202425260348,0.01691333816768681,0.011821542177087998,0.0023448771291902123
0.9739551803586564,0.013438511916998687,0.01084452482112288,0.001761782903222025
0.9687597956041347,0.01601102077435454,0.011709385079994217,0.003519798541516523

0.00027352297592997773,0.00027352297592997773,0.9631879906659258,0.03626496338221438
0.020323235775024866,0.9793671667017553,0.00015479876160990718,0.00015479876160990718
0.0003683241252302026,0.0003683241252302026,0.024195167838932774,0.9750681839106068
0.016204480520027674,0.9828831107208482,0.0004562043795620437,0.0004562043795620437

Transition Gammas
1347.7593361340398,19.76322139017408,18.40090447266988,3.1337539148683016
2015.2986667990624,35.17877567672455,24.58813134802907,4.877210264432751
888.2334685754328,12.25573444573952,9.890054584823112,1.6067213056246947
604.5196955236918,9.99110145513454,7.306820468239456,2.1964036413127355

1.0,1.0,3521.4152938746297,132.584706125376
131.28810310666057,6326.711896893336,1.0,1.0
1.0,1.0,65.68988068270247,2647.310119317297
35.52022129990067,2154.4797787001,1.0,1.0

Iteration: ,22500
Error:,0.017454963185846814
Absolute Error:,0.385037661184047
Transition Probabilities
0.9724731868502378,0.013180746830426453,0.012328728468150474,0.0020173378511853727
0.9690544791631582,0.015859582971490073,0.011696840344310549,0.003389097521041141
0.9703860750710809,0.012920116728692418,0.013213277066273234,0.0034805311339535213
0.9686623286713278,0.0157597775048729,0.012263434323974757,0.0033144594998243382

0.00024319066147859895,0.00024319066147859895,0.9633397359616762,0.036173882715366694
0.0198051855645049,0.9799185331811782,0.0001381406271584473,0.0001381406271584473
0.00032711808963035646,0.00032711808963035646,0.02444689326047982,0.9748988705602595
0.01760006280390407,0.9815915297587475,0.00040420371867421194,0.00040420371867421194

Transition Gammas
1533.9462550117617,20.790863452263483,19.4469185562118,3.182080373796293
2272.077965937019,37.18491559895625,27.42480819070296,7.946192879288949
994.5577349888025,13.241948086011043,13.54241084905262,3.567228807244849
677.1828033956963,11.017513529488573,8.573252607190033,2.3171077365124946

1.0,1.0,3961.252994274417,148.747005725588
143.36973830145098,7093.630261698549,1.0,1.0
1.0,1.0,74.73415269728683,2980.265847302714
43.54255537685866,2428.4574446231404,1.0,1.0

Iteration: ,25000
Error:,0.01820922835508903
Absolute Error:,0.3847554620095363
Transition Probabilities
0.9725277786874189,0.012912933460636886,0.01217164299078715,0.002387644861157204
0.9686476338290533,0.015081568569191808,0.0124127665722315,0.003858031029523413
0.9732614774867305,0.011679465108338179,0.011919359289486058,0.003139698115445275
0.9701454135762976,0.01565280598411799,0.011180112258710868,0.003021668180873527

0.0002196836555360278,0.0002196836555360278,0.9633339323303829,0.036226700358544965
0.01998700537131352,0.9797654085925389,0.0001237930180737805,0.0001237930180737805
0.00029533372711163615,0.00029533372711163615,0.02592416046758033,0.9734851720781964
0.015873963490462037,0.983397173535777,0.0003644314868804666,0.0003644314868804666

Transition Gammas
1717.2029624337306,22.800508199614434,21.491603488874034,4.2158907114740956
2517.795173551651,39.20135581500915,32.264368047280264,10.028137752371604
1105.7898727247439,13.26985043011573,13.54241084905262,3.567228807244849
743.9372256585445,12.003051186594512,8.573252607190033,2.3171077365124946

1.0,1.0,4385.096059967909,164.90394003209693
161.4550293894708,7914.544970610538,1.0,1.0
1.0,1.0,87.779207343227,3296.220792656773
43.55815581782782,2698.4418441821713,1.0,1.0

Iteration: ,27500
Error:,0.018350892192178368
Absolute Error:,0.385165637774878
Transition Probabilities
0.9731300865548379,0.012434588298757519,0.01224382842733904,0.002191496719065674
0.9667853808366661,0.01675959181932237,0.012961207643369329,0.0034938197006422456
0.9731532921441177,0.012236679610564193,0.01173370190751147,0.0028763263378066553
0.9700659855235418,0.014503738939956181,0.012573202602142623,0.0028570729343593065

0.00020004000800160008,0.00020004000800160008,0.9633820929531385,0.03621782703085833
0.02006946076405433,0.9797057190920607,0.00011241007194244586,0.00011241007194244586
0.0002678093197643277,0.0002678093197643277,0.02700304274924103,0.9724613386112303
0.01636271659332408,0.9829772174000754,0.0003300330033003302,0.0003300330033003302

Transition Gammas
1872.0585147449533,23.921032987941842,23.554058781209726,4.2158907114740956
2774.916225421407,48.10422684570422,37.201912754944566,10.028137752371604
1207.5584839250819,15.184150737704694,14.560019886532977,3.5691522597667062
809.1593877807152,12.09797755649835,10.487662769148523,2.383165084551791

1.0,1.0,4815.947082672746,181.052917327261
178.53792295702763,8715.462077042986,1.0,1.0
1.0,1.0,100.82936162566605,3631.1706383743353
49.57903127777194,2978.420968722227,1.0,1.0

Iteration: ,30000
Error:,0.01728361791379052
Absolute Error:,0.38548256754126137
Transition Probabilities
0.9739131920887576,0.011885952089405944,0.012180197696779544,0.0020206581250568558
0.9666331799416858,0.016669504972724878,0.01348772146457438,0.0032095936210148977
0.971130066592254,0.01263155527348521,0.01355252982799699,0.002685848306263744
0.9690357900943178,0.014483706196622769,0.012733860865043422,0.0037466428440159163

0.00018331805682859738,0.00018331805682859738,0.9621954715370792,0.03743789234926364
0.020672107305162522,0.9791218133542914,0.00010303967027305493,0.00010303967027305493
0.0002457002457002456,0.0002457002457002456,0.026999512808380803,0.9725090867002187
0.017411861462546138,0.9819835436160512,0.00030229746070133026,0.00030229746070133026

Transition Gammas
2045.5714888600935,24.964817100280165,25.58283976395808,4.244116090557175
3020.3775463944908,52.08614764513555,42.144230002617,10.028814142867729
1316.9270587675217,17.12936042886898,18.37827275585408,3.6422168687201624
880.7790057956452,13.1645750079633,11.574100180098998,3.405410195326755

1.0,1.0,5248.776297234774,204.2237027652334
200.62280139660265,9502.377198603415,1.0,1.0
1.0,1.0,109.88801713010993,3958.1119828698925
57.5984377181026,3248.401562281896,1.0,1.0

Iteration: ,32500
Error:,0.018063503601535875
Absolute Error:,0.3850403430774114
Transition Probabilities
0.9746057771306301,0.011424945097716875,0.012084272633285268,0.0018850051383676356
0.9669211238778269,0.0168157248510787,0.01270235288410824,0.0035607983869861675
0.9713310018898844,0.012332014956323875,0.01384204842083093,0.0024949347329608724
0.9700930738018331,0.013512590174463929,0.011907550847885874,0.004486785175817094

0.00016909029421711188,0.00016909029421711188,0.9625648107864968,0.037097008625069025
0.020644644401869763,0.9791648249703319,9.526531389920921e-05,9.526531389920921e-05
0.00022696323195642296,0.00022696323195642296,0.025405367307351327,0.9741407062287359
0.018254418986565834,0.9811892527797763,0.0002781641168289292,0.0002781641168289292

Transition Gammas
2221.3785810615,26.040404156633876,27.543182100068318,4.296414137712929
3279.5464243216193,57.03459046024465,43.0830963899928,12.077307372225945
1425.1952282598136,18.094273565226842,20.309885425592505,3.6607181993750566
948.4986996826796,13.211798492277588,11.642487510360573,4.386908864671861

1.0,1.0,5692.608290991344,219.39170900865827
216.7068322864271,10278.293167713582,1.0,1.0
1.0,1.0,111.93604835618999,4292.063951643812
65.62463625670415,3527.3753637432947,1.0,1.0

Iteration: ,33252
Error:,0.017682030725089202
Absolute Error:,0.38493507718911496
Transition Probabilities
0.97429558295756,0.011180940989391397,0.012678827948498927,0.0018446481045498084
0.9673446742525751,0.016452547416059414,0.012719150042457559,0.003483628288908011
0.9720197478987681,0.012036576122182336,0.01350880593010955,0.0024348700489399758
0.9707726215951147,0.01320670901823082,0.011636148915268386,0.004384520471386085

0.0001652619401751776,0.0001652619401751776,0.9629075873858944,0.036761888733755285
0.020552371553858067,0.9792614087068496,9.310986964618232e-05,9.310986964618232e-05
0.00022163120567375872,0.00022163120567375872,0.025920094332015375,0.9736366432566371
0.018392987137095543,0.9810630911876258,0.0002719608376393801,0.0002719608376393801

*,*,*,*,*,*,*,*,*,*,*
Model Num 2
Model States: 
"['square', 'y', 'diamond']","['square', 'y', 'square']","['diamond', 'y', 'diamond']","['diamond', 'y', 'square', 'y', 'square']"
Iteration: ,33252
Error:,0.018291370262385736
Transition Probabilities
0.97429558295756,0.011180940989391397,0.012678827948498927,0.0018446481045498084
0.9673446742525751,0.016452547416059414,0.012719150042457559,0.003483628288908011
0.9720197478987681,0.012036576122182336,0.01350880593010955,0.0024348700489399758
0.9707726215951147,0.01320670901823082,0.011636148915268386,0.004384520471386085

0.0001652619401751776,0.0001652619401751776,0.9629075873858944,0.036761888733755285
0.020552371553858067,0.9792614087068496,9.310986964618232e-05,9.310986964618232e-05
0.00022163120567375872,0.00022163120567375872,0.025920094332015375,0.9736366432566371
0.018392987137095543,0.9810630911876258,0.0002719608376393801,0.0002719608376393801

Transition Gammas
2269.255207324066,26.04179779399116,29.53056223200631,4.296414137712929
3353.6640528017683,57.03894208017158,44.0957162580548,12.077307372225945
1461.3882095408262,18.096453766729276,20.309885425592505,3.6607181993750566
971.301433543095,13.213903149345544,11.642487510360573,4.386908864671861

1.0,1.0,5826.553811272049,222.4461887279533
220.73247048843606,10517.267529511584,1.0,1.0
1.0,1.0,116.95146562605343,4393.048534373949
67.63101370310027,3607.3689862968977,1.0,1.0

