0,1,2,3,4,5,6,7,8,9,10,11,12,13,14,15,16,17,18,19,20,21,22,23,24,25,26,27,28,29
github Code Version (SHA):,cd93f48c3be2409aefa56252372b16f046dc3cc1
Environment Observations,Environment Actions,alpha,epsilon,numActions,explore,patience,gainThresh,insertRandActions,useBudd,revisedSplitting,haveControl,confidence_factor
"['diamond', 'square']","['x', 'y']",0.99,0.99,75000,0.5,0,0.01,False,False,False,False,250

Model Num 0
Model States: 
['diamond'],['square']
Iteration: ,0
Error:,0.6756901184838943
Absolute Error:,1
Transition Probabilities
0.5,0.5
0.5,0.5

0.5,0.5
0.5,0.5

Transition Gammas
1.0,1.0
1.0,1.0

1.0,1.0
1.0,1.0

Iteration: ,2500
Error:,0.14926219670627594
Absolute Error:,1
Transition Probabilities
0.4957627118644068,0.5042372881355932
0.024804177545691905,0.9751958224543081

0.03409090909090909,0.9659090909090909
0.9851351351351352,0.014864864864864866

Transition Gammas
234.0,238.0
19.0,747.0

18.0,510.0
729.0,11.0

Iteration: ,2641
Error:,0.14896429598648547
Absolute Error:,1
Transition Probabilities
0.498,0.502
0.0236318407960199,0.9763681592039801

0.03571428571428571,0.9642857142857143
0.9846743295019157,0.01532567049808429


Model Num 1
Model States: 
['square'],"['diamond', 'x', 'square']","['diamond', 'x', 'diamond']"
Iteration: ,0
Error:,0.7253229622458912
Absolute Error:,1
Transition Probabilities
0.3333333333333333,0.3333333333333333,0.3333333333333333
0.3333333333333333,0.3333333333333333,0.3333333333333333
0.3333333333333333,0.3333333333333333,0.3333333333333333

0.3333333333333333,0.3333333333333333,0.3333333333333333
0.3333333333333333,0.3333333333333333,0.3333333333333333
0.3333333333333333,0.3333333333333333,0.3333333333333333

Transition Gammas
1.0,1.0,1.0
1.0,1.0,1.0
1.0,1.0,1.0

1.0,1.0,1.0
1.0,1.0,1.0
1.0,1.0,1.0

Iteration: ,2500
Error:,0.11706776787170148
Absolute Error:,1
Transition Probabilities
0.9754689754689755,0.014459370734089002,0.01007165379693553
0.9958932238193019,0.002053388090349076,0.002053388090349076
0.003236245954692557,0.980243886066888,0.016519867978419506

0.025232403718459487,0.4241636075996249,0.5506039886819155
0.9818200388516266,0.011968984955291341,0.006210976193081984
0.9636328357354735,0.027438171397641552,0.008928992866884845

Transition Gammas
676.0,10.020343918723679,6.979656081276322
485.0,1.0,1.0
1.0,302.89536079466836,5.104639205331627

19.0,319.39519652251767,414.6048034774825
158.07821642356546,1.9270698491201497,1.0
107.92178357643449,3.0729301508798503,1.0

Iteration: ,5000
Error:,0.11472499979354131
Absolute Error:,1
Transition Probabilities
0.9782303370786517,0.01560544382947673,0.006164219091871587
0.9978902953586498,0.0010548523206751054,0.0010548523206751054
0.0016366612111292967,0.9817946421088369,0.01656869668003375

0.021592442645074223,0.41384635352627563,0.5645612038286502
0.9789628555483665,0.011231377696355937,0.009805766755277502
0.9597746820729981,0.029986468455950585,0.010238849471051345

Transition Gammas
1393.0,22.222152013174863,8.77784798682514
946.0,1.0,1.0
1.0,599.8765263284992,10.123473671500617

32.0,613.3202959259405,836.6797040740595
312.4369797708583,3.5845054858078407,3.1295203204009896
221.5630202291417,6.922346089351189,2.363628104439981

Iteration: ,7500
Error:,0.11301352262975738
Absolute Error:,1
Transition Probabilities
0.9775743707093821,0.017640850613093017,0.004784778677524834
0.998567335243553,0.0007163323782234957,0.0007163323782234957
0.0010810810810810813,0.9792897250145715,0.019629193904347506

0.018315018315018316,0.4070441704336609,0.5746408112513208
0.968911817475815,0.01620442459581016,0.014883757928374923
0.9649143084309778,0.025499054195801785,0.009586637373220453

Transition Gammas
2136.0,38.545258589608245,10.454741410391762
1394.0,1.0,1.0
1.0,905.8429956384784,18.15700436152144

40.0,888.9844682271155,1255.0155317728847
471.5955323868415,7.887130806384525,7.244326694698456
326.4044676131584,8.625641817824816,3.242900681092202

Iteration: ,10000
Error:,0.11072207278242926
Absolute Error:,1
Transition Probabilities
0.9794238683127572,0.01620829624002641,0.004367835447216394
0.9989270386266095,0.000536480686695279,0.000536480686695279
0.0008084074373484233,0.9820682314354401,0.017123361127211544

0.019574175824175824,0.40163092833012787,0.5787948958456962
0.9687078087670885,0.01675986520504278,0.01453232602786862
0.9708853830555877,0.020835411384958542,0.008279205559453768

Transition Gammas
2856.0,47.263391835917005,12.736608164083005
1862.0,1.0,1.0
1.0,1214.8184022856399,21.181597714360688

57.0,1169.5492632973323,1685.4507367026674
614.5806504523467,10.633019333578426,9.219793937823475
438.4193495476524,9.408574550996486,3.7386121776016146

Iteration: ,12500
Error:,0.10933938103379355
Absolute Error:,1
Transition Probabilities
0.9781001916233233,0.016923002844513053,0.004976805532163657
0.9991463935125907,0.0004268032437046522,0.0004268032437046522
0.0006451612903225805,0.981802630524393,0.01755220818528447

0.021177117711771175,0.40059140481449873,0.57823147747373
0.9708053491483364,0.01567084091299622,0.013523809938667477
0.9760505319887575,0.016981502297023707,0.0069679657142189535

Transition Gammas
3573.0,61.81972939100618,18.180270608993837
2341.0,1.0,1.0
1.0,1521.7940773128093,27.205922687190935

77.0,1456.5503479055174,2102.4496520944826
754.2883773864656,12.17580143631784,10.507618920383376
542.7116226135342,9.442194193834371,3.874385449464414

Iteration: ,15000
Error:,0.11072699208744444
Absolute Error:,1
Transition Probabilities
0.9789569990850869,0.016408787904314544,0.004634213010598541
0.9992852037169406,0.00035739814152966406,0.00035739814152966406
0.0005333333333333335,0.9817413191874004,0.017725347479266344

0.020642201834862386,0.39621103388068146,0.583146764284456
0.9687450633385545,0.019068128705781107,0.012186807955664436
0.9782285688757075,0.015944658090076388,0.005826773034216081

Transition Gammas
4280.0,71.73922071766319,20.26077928233682
2796.0,1.0,1.0
1.0,1840.7649734763752,33.235026523624384

90.0,1727.4801077197712,2542.5198922802283
914.0424720736737,17.99139955354805,11.498649636565649
651.9575279263261,10.62659607660416,3.8833547332821414

Iteration: ,16675
Error:,0.11259632656003361
Absolute Error:,1
Transition Probabilities
0.9804285125669551,0.015397449674013842,0.004174037759031071
0.9993556701030928,0.00032216494845360824,0.00032216494845360824
0.00047938638542665397,0.9802244972686633,0.019296116345909914

0.01958359101216243,0.3948405384852675,0.58557587050257
0.9702659069188444,0.01816278886073446,0.011571304220421153
0.9800929953502889,0.01418512655738076,0.00572187809233021


Model Num 2
Model States: 
"['diamond', 'x', 'square']","['diamond', 'x', 'diamond']","['square', 'y', 'diamond', 'x', 'diamond']","['square', 'y', 'diamond', 'x', 'square']"
Iteration: ,0
Error:,0.6748242930077231
Absolute Error:,0.74
Transition Probabilities
0.25,0.25,0.25,0.25
0.25,0.25,0.25,0.25
0.25,0.25,0.25,0.25
0.25,0.25,0.25,0.25

0.25,0.25,0.25,0.25
0.25,0.25,0.25,0.25
0.25,0.25,0.25,0.25
0.25,0.25,0.25,0.25

Transition Gammas
1.0,1.0,1.0,1.0
1.0,1.0,1.0,1.0
1.0,1.0,1.0,1.0
1.0,1.0,1.0,1.0

1.0,1.0,1.0,1.0
1.0,1.0,1.0,1.0
1.0,1.0,1.0,1.0
1.0,1.0,1.0,1.0

Iteration: ,2500
Error:,0.04843444144692418
Absolute Error:,0.8566533613417648
Transition Probabilities
0.0014025245441795222,0.0014025245441795222,0.022796201535444448,0.9743987493761965
0.9635262590120984,0.028034922422500743,0.004219409282700423,0.004219409282700423
0.028124098329939298,0.011695169487527262,0.9325279937992326,0.02765273838330086
0.013781896081683955,0.006873709681496215,0.9522164807715853,0.027127913465234573

0.023209740536763522,0.018641336053180784,0.09178434396924644,0.8663645794408092
0.021035679325235358,0.040854104764991975,0.8044527706992554,0.13365744521051728
0.006121889542018018,0.9646003619094575,0.01278524380383918,0.01649250474468512
0.9783816783228635,0.0025310003486431676,0.005003860398435991,0.014083460930057185

Transition Gammas
1.0,1.0,16.253691694771902,694.7463083052286
228.35572338586726,6.644276614132674,1.0,1.0
5.1823008453815245,2.1550161719344105,171.8327305612905,5.095445472409692
3.1110495168210597,1.5516334658630049,214.94811779567036,6.123706170629426

3.6031517239209947,2.893938518175917,14.248884716221134,134.49711008236616
1.5304911317775869,2.9724186261255006,58.52950182655171,9.724503374861019
1.8370413253237248,289.45486766586924,3.836564031543994,4.949029636378728
626.0884469449326,1.6196440638743848,3.2020828425123122,9.012323489564967

Iteration: ,5000
Error:,0.03565735696927735
Absolute Error:,0.8572485595308968
Transition Probabilities
0.0006988120195667359,0.0006988120195667359,0.026171412134873402,0.972430963825993
0.9675001364358269,0.028359076814690718,0.002070393374741201,0.002070393374741201
0.01941815586457854,0.006271681813104379,0.9525097969108918,0.021800365411425222
0.014079748026278465,0.005832161819692091,0.9585863522910887,0.021501737862940788

0.020813347860980567,0.014075028342973412,0.048709492561629965,0.916402131234416
0.03001257396619358,0.02661765824825874,0.8364045465209746,0.10696522126457303
0.003193044422500309,0.9747354012061783,0.009856236233957691,0.012215318137363687
0.9830945214101049,0.001268652243505099,0.0033446407948074064,0.012292185551582586

Transition Gammas
1.0,1.0,37.451290765003876,1391.5487092349974
467.3025658985044,13.697434101495617,1.0,1.0
6.8244959806694006,2.2041777614754556,334.7588373427497,7.6617216982373195
6.343641275459946,2.6276849823951967,431.891816468369,9.687624490643953

6.73031528627774,4.551376311213177,15.75096157350849,296.332685804345
3.560531538956779,3.1577768635523036,99.22656985599662,12.689782766149904
1.8653599878245521,569.4353649807202,5.757962079016283,7.136125489335735
1264.0680353956702,1.631239635785561,4.3005564841640815,15.805355947483902

Iteration: ,7500
Error:,0.034215956023247
Absolute Error:,0.8572715833044633
Transition Probabilities
0.0004629629629629625,0.0004629629629629625,0.026225362297139076,0.9728487117769349
0.9703771890759483,0.026898015283724774,0.001362397820163488,0.001362397820163488
0.02138948929594201,0.004648072879668404,0.9530035194665749,0.020958918357814726
0.013944911063660694,0.005552132501329325,0.9579670607604234,0.022535895674586543

0.020118778923270547,0.012605793732307953,0.03826871022474011,0.9290067171196814
0.03329512474632351,0.019546491622592477,0.8503106098843319,0.09684777374675209
0.0021443021127939142,0.9762463434959692,0.00959292657515398,0.012016427816083034
0.9829309585892902,0.0008546578875462837,0.002764600202279745,0.01344978332088379

Transition Gammas
1.0,1.0,56.646782561820466,2101.3532174381817
712.2568567817459,19.74314321825398,1.0,1.0
11.147086602986834,2.422333240863675,496.65574607527367,10.922695479401442
9.605981808810032,3.8245983473394594,659.8976585145863,15.52389993073866

9.39671199533454,5.887684020329955,17.873850584384257,433.9034986068513
5.491639768777153,3.2239642155583508,140.2487480263781,15.973902782386288
1.8797785961448585,855.8154982542685,8.409532380149615,10.534067786446991
1882.6677446583296,1.6369784912569199,5.295207748037533,25.761192085365863

Iteration: ,10000
Error:,0.03134810236223699
Absolute Error:,0.858117977663774
Transition Probabilities
0.0003471017007983337,0.0003471017007983337,0.02667921845614328,0.9726265781422601
0.973472202127733,0.02447018470354271,0.0010288065843621404,0.0010288065843621404
0.018985688277659885,0.00347776597389231,0.9541760704156491,0.023360475332798673
0.014512796664591716,0.004416958324857958,0.957845760932901,0.023224484077649384

0.019144888380741115,0.010858945729359958,0.03188694479022912,0.9381092210996698
0.026758650931027802,0.0169074124477991,0.8792950383197982,0.07703889830137492
0.0016190773180789835,0.9747664658487422,0.00958131838679769,0.014033138446381313
0.98122644179507,0.0006411412537312166,0.0023901356356830924,0.015742281315515676

Transition Gammas
1.0,1.0,76.86282837214884,2802.137171627853
946.214980468156,23.785019531843503,1.0,1.0
13.250845159703408,2.427267199786354,665.9563340165846,16.3041780189883
13.280099679776038,4.041787960734201,876.487659616618,21.2518283478088

11.795442355767248,6.69035336470904,19.646007419559602,577.9826458547634
5.830323402262817,3.683880877260894,191.5856839204482,16.785662805228686
1.8908835492875797,1138.4075696011107,11.189803671376337,16.38898299472257
2512.0601465334303,1.6414003161698727,6.119040640837945,40.30217269306315

Iteration: ,12500
Error:,0.03244694640578508
Absolute Error:,0.8578652852168267
Transition Probabilities
0.000278241513633834,0.000278241513633834,0.02784718422532849,0.9715963327474038
0.9760269038198232,0.02230920266936151,0.0008319467554076539,0.0008319467554076539
0.019369946935025514,0.0030226259058793946,0.9558980250435147,0.02170940211558041
0.015636992399187234,0.004450848730407858,0.9569337196489762,0.02297843922142872

0.022939528131231797,0.008959353441829777,0.027928348540878008,0.9401727698860605
0.026003046911034527,0.013600116681211971,0.8940442643686712,0.06635257203908233
0.0013019316553930897,0.9714875709550899,0.011338949786819786,0.015871547602697184
0.980760169415879,0.0005114510542968305,0.0024418137413882318,0.016286565788435955

Transition Gammas
1.0,1.0,100.08278010583064,3491.917219894171
1173.1843383914274,26.815661608572537,1.0,1.0
16.68295749010026,2.6033287373172307,823.2963244641303,18.697884606736718
17.68105230063348,5.032661471949033,1082.0236215138607,25.982169415272356

18.039383959324443,7.0455336238768425,21.962535575995894,739.3411707098402
7.166735542748217,3.748346874050499,246.4087700246441,18.28752368952035
1.9015490681075289,1418.915714642438,16.56121449319487,23.18134475670366
3155.5371731187665,1.6455631706838598,7.856389636389763,52.401051113711695

Iteration: ,15000
Error:,0.031093727250884166
Absolute Error:,0.858047667847262
Transition Probabilities
0.00023337222870478403,0.00023337222870478403,0.027376035765922267,0.9721572197766681
0.9769620920001344,0.021635383455686073,0.0007012622720897616,0.0007012622720897616
0.018640099557648077,0.002524405574263894,0.9594807313171686,0.019354763550919456
0.014265955378324171,0.0037508583585996393,0.9605024629549811,0.021480723308095164

0.02365387755837686,0.007481372631993741,0.023746310559793864,0.9451184392498355
0.026146601918195653,0.011668579196305939,0.898576643774272,0.06360817511122623
0.0010989218393267868,0.9715231457245812,0.011186240817754687,0.01619169161833749
0.9794438073525433,0.0004233012061350985,0.002110270305486175,0.018022621135835373

Transition Gammas
1.0,1.0,117.30631325697696,4165.693686743025
1393.1479431921916,30.852056807808342,1.0,1.0
19.2228647169857,2.6033287373172307,989.4779928413437,19.959872007009526
19.14114507374804,5.032661471949033,1288.7406766355177,28.821458516127105

23.284800721589452,7.364639071543468,23.37579146984126,930.3715410684738
8.53956457904745,3.810995627819637,293.47803216425183,20.774635297432933
1.9098565757675376,1688.445712853554,19.440978256466313,28.14013481525337
3814.9956455704078,1.6487850002698872,8.219636456906521,70.19925047137377

Iteration: ,17500
Error:,0.02907087434321215
Absolute Error:,0.8587072234679178
Transition Probabilities
0.00020128824476650526,0.00020128824476650526,0.027081075966637207,0.9725163475438298
0.9762424943103943,0.022566320460302425,0.0005955926146515784,0.0005955926146515784
0.016085386588129042,0.0029595749282385147,0.9598356310410472,0.021119407442585225
0.016156027158769293,0.003398905591751025,0.9568620753457577,0.023582991903721946

0.024073457313592873,0.007809250083136219,0.021695727958054675,0.9464215646452162
0.02290211032266644,0.011233387536468742,0.9097630257379004,0.05610147640296449
0.0009390212840272602,0.9745395609588996,0.010196999981042168,0.014324417776030956
0.9794476485967394,0.00036622005583262753,0.0018599210190980355,0.018326210328330053

Transition Gammas
1.0,1.0,134.5387854022539,4831.461214597755
1639.111147947152,37.88885205284777,1.0,1.0
19.458964343540927,3.5802846692619976,1161.1413389263334,25.548767145283726
25.579363538938267,5.381387448258813,1514.9716351279371,37.33825880044472

27.81370425939521,9.022558308538663,25.066551648852638,1093.4652701044645
8.831784676815913,4.331952755250224,350.8336584290016,21.634519817681333
1.9150432479624464,1987.4793445389557,20.795796959380848,29.21326705751748
4414.954839953532,1.6507722595513659,8.383773565603835,82.60716241749782

Iteration: ,20000
Error:,0.028055095468300185
Absolute Error:,0.8588409690156176
Transition Probabilities
0.00017655367231638377,0.00017655367231638377,0.026615015812072304,0.973031876843295
0.9777053490346602,0.02125568992637871,0.0005194805194805199,0.0005194805194805199
0.01701089870542951,0.002616742738654929,0.9608380212547971,0.019534337301118403
0.015151363290718391,0.003524960777271948,0.9581796637265376,0.02314401220547201

0.022580301269445203,0.006838559152597606,0.02066978324583006,0.9499113563321272
0.022111884313564797,0.009720862612997514,0.9170532928023837,0.05111396027105406
0.0008181056858980194,0.973669371420526,0.010758232490777165,0.014754290402798789
0.9797753371806974,0.00032216086915852986,0.001747341544251619,0.01815516040589232

Transition Gammas
1.0,1.0,150.74744955957786,5511.252550440435
1882.0827968917195,40.91720310827898,1.0,1.0
23.43302425234863,3.6046417722472643,1323.5832535676625,26.909136763277683
27.552298749409452,6.41003522599466,1742.4209190980669,42.086690570991436

29.79166813970629,9.022558308538663,27.27099676976808,1253.2801733818646
9.853820796504836,4.331952755250224,408.67068043476655,22.77814941360079
1.9204398444754316,2285.6135685804466,25.25411898187695,34.634555968638395
5026.813120327471,1.6528712476088074,8.964870891333094,93.14645415815156

Iteration: ,22500
Error:,0.029185625286613556
Absolute Error:,0.8586819386390006
Transition Probabilities
0.0001573564122737999,0.0001573564122737999,0.026744073028169873,0.9729412141472825
0.9756105066056023,0.02346825894022903,0.0004606172270842931,0.0004606172270842931
0.018877953848976455,0.002431453778637573,0.9591977434548952,0.019492848917490778
0.015890500292514275,0.0040738638274651255,0.9562046041008665,0.023831031779154185

0.024985820865494234,0.006839203860754901,0.019901389498152948,0.948273585775598
0.023968325794076612,0.008743882383847743,0.9210830622569225,0.046204729565153216
0.0007293130166703801,0.9743398006207473,0.01058298984242004,0.014347896520162048
0.9783378528111841,0.0002870881976120791,0.001716230263211373,0.0196588287279923

Transition Gammas
1.0,1.0,169.9585840940198,6183.04141590599
2118.050409840762,50.949590159237204,1.0,1.0
29.310555219547297,3.7751580924856194,1489.2831421729647,30.26526228176917
32.56544915109596,8.348837536871121,1959.6130920786513,48.83850346661452

37.35212567547106,10.224150869498791,29.751241940507875,1417.6053827206965
12.03370779437728,4.3900156606528835,462.44550081546646,23.197874523329812
1.924975138760974,2571.707689330806,27.9331259346298,37.87035671037509
5638.7126843720835,1.6546511583470074,9.89160270827311,113.30491464672201

Iteration: ,25000
Error:,0.028196638716136885
Absolute Error:,0.8589850153593632
Transition Probabilities
0.0001415428167020522,0.0001415428167020522,0.026209072407518012,0.9735078419590779
0.9759093983489038,0.02325969180481463,0.00041545492314083943,0.00041545492314083943
0.01729664233005879,0.0027427515790546695,0.9610313790673043,0.018929227023582098
0.017024437728251084,0.0037167163982934435,0.9523190176946887,0.026939828178766688

0.024379970334746624,0.007317476300577725,0.019006237947037746,0.9492963154176379
0.021655285736443368,0.008239781549349226,0.9279579141181277,0.04214701859607979
0.0006568164475086843,0.9744013517586143,0.010186525335645836,0.014755306458231187
0.9780548275752037,0.00025877882414058204,0.0017032822127349915,0.019983111387920777

Transition Gammas
1.0,1.0,185.16709655911498,6877.8329034408935
2349.01392182581,55.98607817418878,1.0,1.0
29.910009238119354,4.7428699456209875,1661.8518714509346,32.73313654418815
38.86274143813434,8.484379378125311,2173.9177729124785,61.49721909239988

40.06287996569572,12.024591115439325,31.232385397385176,1559.9503942894894
12.25103936922523,4.661489549639729,524.9733980518904,23.84382226123631
1.928322137103793,2860.70743835195,29.90622780443512,43.31953651751628
6258.70827798082,1.655961530122164,10.899538741617523,127.87469693643109

Iteration: ,27500
Error:,0.02838099061718237
Absolute Error:,0.8590600824545425
Transition Probabilities
0.00012866700977869262,0.00012866700977869262,0.02616702853523794,0.9735756374452046
0.9769225921468299,0.022320978201127894,0.00037821482602118004,0.00037821482602118004
0.01730968445858892,0.00252659186211712,0.9613142488003645,0.01884947487892947
0.01742563393527089,0.0038074567024348285,0.95265296257102,0.026113946791274264

0.02542547252677028,0.006709149730154034,0.018780280993060013,0.9490850967500157
0.021284934863375213,0.007424792726876512,0.9319341086946669,0.039356163715081355
0.0005977690481846167,0.9753680265599837,0.009799800974816421,0.014234403417015314
0.9779764138377561,0.0002354832090818476,0.0015926497122882863,0.020195453240873757

Transition Gammas
1.0,1.0,203.37014577586947,7566.629854224138
2582.983333636218,59.01666636378215,1.0,1.0
32.95303354380839,4.809958643847283,1830.0865485240495,35.884384805196625
43.69070079226617,9.546307020078146,2388.554453810138,65.4746128606188

45.86333963702103,12.102194459737307,33.876515166297025,1711.9922585843947
13.370465840874054,4.66400006236761,585.4090344287561,24.72219182055319
1.9316092348361753,3151.7688866442127,31.666721654456996,45.996535244157805
6882.642258953106,1.6572451678466469,11.208489344328271,142.12825375705697

Iteration: ,30000
Error:,0.02676335907294118
Absolute Error:,0.859424638974227
Transition Probabilities
0.00011792452830188664,0.00011792452830188664,0.02577417093399833,0.9739899800093978
0.9767354197360476,0.022570617737928775,0.00034698126301179746,0.00034698126301179746
0.01722073736911471,0.002326948516781423,0.9621475355445424,0.018304778569561413
0.017073849644270195,0.0035278436590295997,0.9532743600796282,0.0261239466170721

0.025152999389915852,0.007063129447642832,0.018005949972738335,0.949777921189703
0.0199172215837552,0.007212241232561819,0.9350087913824789,0.03786174580120393
0.0005512952854811043,0.9763318549895487,0.009453489862115607,0.013663359862854538
0.9783431090679623,0.00021564712192273627,0.001494845269474519,0.019946398540640477

Transition Gammas
1.0,1.0,218.5649695203061,8259.435030479704
2814.9514796792882,65.04852032071071,1.0,1.0
35.89784905304175,4.850689306686359,2005.664813150199,38.157609860422
46.61893486991195,9.632526770359917,2602.8479945425192,71.32958244686462

49.709311713173605,13.958705200149407,35.5847573488791,1877.0249229854144
13.458510833004606,4.873472253672386,631.8062936066948,25.584026059015038
1.934432452003757,3425.8374304228346,33.171220678961795,47.94317567770556
7523.569786229701,1.658350895455212,11.495530147108774,153.39007349622386

Iteration: ,32500
Error:,0.027458011566677435
Absolute Error:,0.859392695017125
Transition Probabilities
0.00010879025239338554,0.00010879025239338554,0.02608381684568564,0.9736986026495275
0.9778312439337624,0.0215269075424891,0.00032092426187419794,0.00032092426187419794
0.016479793397632232,0.0021707061204094694,0.9637346464154471,0.01761485406651097
0.017080526404766927,0.0032877753432674563,0.9531905888356398,0.026441109416325836

0.026220102056157147,0.007001592722272945,0.017161493560662325,0.9496168116609075
0.019966119964798433,0.008170695780210999,0.9351548453189282,0.03670833893606238
0.0005094804897587621,0.9769714939979977,0.009251067500374386,0.013267958011869226
0.9787694587525319,0.0001990135165237323,0.0013876209807537358,0.019643906750190735

Transition Gammas
1.0,1.0,239.76244444554243,8950.237555554459
3046.9221560976016,67.07784390239598,1.0,1.0
36.974094219576145,4.870200170747397,2162.2367926259512,39.52071838551304
50.44559584662581,9.710109763050637,2815.1513641751894,78.09112481335062

56.255688180905956,15.022039811679312,36.82028500116144,2037.4195010273586
14.70469766702765,6.017574340387085,688.7251652556957,27.035048715787187
1.9373035029399335,3714.941662419627,35.177255723561,50.451512962596524
8161.461561409185,1.6594726682414591,11.570666815309673,163.8005644985328

Iteration: ,35000
Error:,0.027873239410308354
Absolute Error:,0.859080041086108
Transition Probabilities
0.00010085728693898128,0.00010085728693898128,0.025915989944673628,0.9738822954814484
0.9784246775720581,0.020976878382460207,0.0002992220227408739,0.0002992220227408739
0.017144744222485533,0.002034621289481074,0.9639495005355946,0.01687113395243886
0.01732843481633254,0.0031011268562097937,0.9530456653841678,0.02652477294328987

0.027888999587007395,0.008086667181667838,0.01665271891783611,0.9473716143134886
0.021457571074484042,0.008503099881089273,0.9354356018835623,0.034603727160864406
0.00047607524466030136,0.9771088057724695,0.009159614265260954,0.01325550471760924
0.9787634974033865,0.00018428761925620767,0.0013867671500255429,0.01966544782733176

Transition Gammas
1.0,1.0,256.9570403014392,9656.042959698567
3269.8952724458163,70.10472755418198,1.0,1.0
41.37932373650172,4.9106158672345845,2326.5193070648716,40.71895763275756
54.88732854433557,9.822731851928097,3018.7452651171902,84.01647018518092

64.64389923820089,18.744082118604787,38.59932947427003,2195.912226458761
16.91072169243713,6.7012969507572056,737.2172306799972,27.271213386973542
1.9396522174434372,3980.9909947164265,37.318609442120916,54.00631393297624
8818.408968715066,1.6603843510546372,12.49441760522113,177.18065901968177

Iteration: ,37500
Error:,0.027944854030128
Absolute Error:,0.8588683940852032
Transition Probabilities
9.415309292910272e-05,9.415309292910272e-05,0.02590539953168513,0.9739062942824567
0.9795378351826386,0.019902567727266316,0.0002797985450475659,0.0002797985450475659
0.017077586891078946,0.0020164593979104988,0.9638747233184171,0.01703123039259353
0.018506242246567117,0.003146492024594854,0.9516225249817328,0.026724740747105166

0.027060340719724612,0.009040581704174612,0.01663598805894359,0.9472630895171572
0.02131405151285906,0.008636153003407438,0.9362432923803373,0.03380650310339606
0.00044526765253546154,0.9771315036255782,0.00890929305423346,0.013513935667652736
0.9786771026848777,0.00017209399282229332,0.0013038951983608564,0.0198469081239391

Transition Gammas
1.0,1.0,275.14124842602774,10343.858751573973
3500.8682229427486,71.13177705724978,1.0,1.0
44.283798960928394,5.228870048179363,2499.4183746914914,44.16359217336796
62.80843483043996,10.678896160452258,3229.7167921586633,90.7012409764778

67.16260908879053,22.43833738908408,41.28981132873135,2351.0665015059085
18.07522666011927,7.323826862006114,793.9743276204972,28.66935954486402
1.9422648635932942,4262.263777292687,38.862483632393015,58.948010857473434
9448.132565282875,1.6613925608489573,12.587782682922205,191.60172282721138

Iteration: ,40000
Error:,0.026352055348220035
Absolute Error:,0.8591125919647011
Transition Probabilities
8.850340738118414e-05,8.850340738118414e-05,0.0258726705813218,0.9739503226039158
0.9787494371095529,0.0207268655874882,0.00026184865147944506,0.00026184865147944506
0.017084543383848197,0.0023401611273882643,0.963605179033687,0.016970116455076525
0.018313877674889692,0.003418397263754513,0.9521666080502128,0.026101117011142982

0.026752528883515016,0.008539967900403966,0.015863133793059533,0.9488443694230215
0.019943769801926282,0.008052146750406823,0.9396724682978055,0.03233161514986132
0.0004172050852567604,0.9773802979932079,0.008531031671605778,0.013671465249929514
0.9780807470432069,0.00016180309556374943,0.001233664907678512,0.02052378495355081

Transition Gammas
1.0,1.0,292.3353048983551,11004.664695101648
3737.84410032138,79.15589967861739,1.0,1.0
47.63740524161613,6.525149748015212,2686.8526348761143,47.3183447988534
66.43663989145209,12.400805118916557,3454.142873435918,94.68614688911889

70.88906653479965,22.629275734371163,42.03425970692289,2514.2554533095395
18.152658620950927,7.328999109878249,855.282311314528,29.42797566900873
1.9444798698657835,4555.304769311697,39.76082732648351,63.718995547949774
10048.088503780742,1.6622470377064142,12.673773830878394,210.84640329468834

Iteration: ,42500
Error:,0.027559883387874504
Absolute Error:,0.8591217753529068
Transition Probabilities
8.33055648117294e-05,8.33055648117294e-05,0.025285054507049858,0.9745483343633267
0.9789112423804186,0.020593585547286238,0.00024758603614756134,0.00024758603614756134
0.017064090255166274,0.002200679397602543,0.964151581900264,0.01658364844696729
0.018743208592304994,0.003248297777662071,0.9520794227940741,0.02592907083595882

0.026919047289804404,0.009922203835669377,0.015437741143311748,0.9477210077312145
0.019586810113434387,0.009413256076892801,0.9395989909455037,0.03140094286416924
0.0003944276639596762,0.9770459224634208,0.00844094550725048,0.014118704365368941
0.9782923138748871,0.0001521517193389209,0.0011660734076912181,0.020389460998082767

Transition Gammas
1.0,1.0,303.5217943026266,11698.478205697376
3953.82250797451,83.1774920254891,1.0,1.0
50.91568838636269,6.566368600441255,2876.827347205926,49.48215017669258
72.03405756016213,12.483885453033901,3659.039678593269,99.65082402411039

75.83483958121772,27.952279591080494,43.49034386305421,2669.8667978590584
19.055140629626035,9.157740198075723,914.0942707991536,30.548587478733737
1.9470780404384422,4823.152212576387,41.66842526386579,69.69647857170249
10694.237457415353,1.663251967829045,12.74697320807347,222.88812295635836

Iteration: ,43693
Error:,0.027757806570537513
Absolute Error:,0.8592282696972571
Transition Probabilities
8.095854922279797e-05,8.095854922279797e-05,0.024902715027512727,0.9749353678740417
0.9786875800603202,0.020829094661767876,0.0002416626389560175,0.0002416626389560175
0.016665270541660053,0.002462004556644377,0.964015667164924,0.016857057736771534
0.018761721797329416,0.0031836035254140713,0.9520185673865519,0.02603610729070466

0.026518024699540222,0.009649386157871571,0.01531056214713937,0.9485220269954489
0.019068800542813888,0.009155849979962674,0.9411398680541119,0.030635481423111552
0.0003848827982795703,0.9768727833906499,0.008384710751561624,0.014357623059508896
0.9778617500414979,0.00014757749739572097,0.0011353939609760476,0.02085527850013039


Model Num 3
Model States: 
"['diamond', 'x', 'square']","['diamond', 'x', 'diamond']","['square', 'y', 'diamond', 'x', 'diamond']","['square', 'x', 'square', 'y', 'diamond', 'x', 'diamond']","['square', 'x', 'square', 'y', 'diamond', 'x', 'square']"
Iteration: ,0
Error:,0.649144307891491
Absolute Error:,1
Transition Probabilities
0.2,0.2,0.2,0.2,0.2
0.2,0.2,0.2,0.2,0.2
0.2,0.2,0.2,0.2,0.2
0.2,0.2,0.2,0.2,0.2
0.2,0.2,0.2,0.2,0.2

0.2,0.2,0.2,0.2,0.2
0.2,0.2,0.2,0.2,0.2
0.2,0.2,0.2,0.2,0.2
0.2,0.2,0.2,0.2,0.2
0.2,0.2,0.2,0.2,0.2

Transition Gammas
1.0,1.0,1.0,1.0,1.0
1.0,1.0,1.0,1.0,1.0
1.0,1.0,1.0,1.0,1.0
1.0,1.0,1.0,1.0,1.0
1.0,1.0,1.0,1.0,1.0

1.0,1.0,1.0,1.0,1.0
1.0,1.0,1.0,1.0,1.0
1.0,1.0,1.0,1.0,1.0
1.0,1.0,1.0,1.0,1.0
1.0,1.0,1.0,1.0,1.0

Iteration: ,2500
Error:,0.3201906038890407
Absolute Error:,1
Transition Probabilities
0.0020920502092050216,0.0020920502092050216,0.39958158995815907,0.569981729141467,0.02625258048196374
0.9678948631149896,0.02431292909280267,0.0025974025974025983,0.0025974025974025983,0.0025974025974025983
0.2,0.2,0.2,0.2,0.2
0.01344498346241242,0.006944522536004344,0.7345691625760575,0.23408077679685022,0.010960554628675559
0.09017342618254091,0.020311458058401302,0.16341768130109469,0.6895545771432201,0.03654285731474292

0.024647896410356116,0.030646690533234724,0.46640511866490914,0.4632125278741152,0.015087766517384832
0.023757657735862494,0.038145661806067876,0.41516118996745716,0.5110958101290501,0.011839680361562344
0.3045380174320847,0.6587771999592197,0.005434782608695652,0.01885015681231089,0.012399843187689113
0.2,0.2,0.2,0.2,0.2
0.2,0.2,0.2,0.2,0.2

Transition Gammas
1.0,1.0,191.0,272.4512665296212,12.548733470378664
372.6395222992709,9.360477700729025,1.0,1.0,1.0
1.0,1.0,1.0,1.0,1.0
7.36715431437597,3.805238534166685,402.5058409635807,128.26413729050185,6.005816038847853
9.653228744505551,2.174378406951792,17.494159036419163,73.81806754807658,3.911979122573706

4.047789907309182,5.03293922400346,76.59517472070891,76.07087290744285,2.477781795903992
2.655522681116498,4.263748187570861,46.404825279291096,57.12795979767621,1.323385498976967
224.13998083001434,484.8600191699857,4.0,13.873715413860813,9.126284586139187
1.0,1.0,1.0,1.0,1.0
1.0,1.0,1.0,1.0,1.0

Iteration: ,5000
Error:,0.31541631866692016
Absolute Error:,1
Transition Probabilities
0.0010245901639344263,0.0010245901639344263,0.4241803278688525,0.5504579118863268,0.023312579916951945
0.9720673596216252,0.02402129748398107,0.0013037809647979146,0.0013037809647979146,0.0013037809647979146
0.2,0.2,0.2,0.2,0.2
0.011410888265838746,0.004440807708417196,0.7390949255874809,0.2376039683743666,0.00744941006389657
0.09367139023233384,0.01397009699807222,0.2068059398035272,0.661209629855816,0.024342943110250773

0.029780020098736346,0.018497996408717837,0.4096369248830475,0.52062566709303,0.02145939151646842
0.02673014100786277,0.027227568172151155,0.423429270249816,0.5090835050759728,0.013529515494197371
0.3206081146435816,0.6510709143516983,0.0060687795010114605,0.014285671554746767,0.00796651994896192
0.2,0.2,0.2,0.2,0.2
0.2,0.2,0.2,0.2,0.2

Transition Gammas
1.0,1.0,414.0,537.2469220010548,22.753077998945095
745.5756648297862,18.424335170213475,1.0,1.0,1.0
1.0,1.0,1.0,1.0,1.0
12.381450733705107,4.81852425321105,801.9592511556502,257.8135689372475,8.083025751591022
17.230306987867795,2.5697180252160474,38.04074884434968,121.62566262219859,4.477742688962883

9.791101509641907,6.081787720836127,134.68079270361756,171.17177013756256,7.05543783974163
5.51226589118426,5.614844878337707,87.31920729638247,104.98274737755251,2.7900446451433103
475.4618340164317,965.538165983569,9.0,21.185650915689465,11.814349084310532
1.0,1.0,1.0,1.0,1.0
1.0,1.0,1.0,1.0,1.0

Iteration: ,7500
Error:,0.3142587799952912
Absolute Error:,1
Transition Probabilities
0.0006872852233676973,0.0006872852233676973,0.4096219931271476,0.5705213871775776,0.018482049248539332
0.9721846604543316,0.025246846394983407,0.0008561643835616442,0.0008561643835616442,0.0008561643835616442
0.2,0.2,0.2,0.2,0.2
0.010712679908385826,0.00430767459069326,0.7449764925597507,0.23283629103127773,0.007166861909892332
0.09244636725572195,0.014205045706104261,0.19324597529086715,0.6757138476912629,0.02438876405604362

0.029194772655604967,0.016836394895384056,0.4191851673672736,0.5193898201764799,0.015393844905257408
0.02278311147639836,0.03031255886742776,0.4472859851891862,0.4888648128410558,0.010753531625931742
0.31263437615543466,0.6603142261890199,0.006311992786293956,0.01373487220611333,0.007004532663138237
0.2,0.2,0.2,0.2,0.2
0.2,0.2,0.2,0.2,0.2

Transition Gammas
1.0,1.0,596.0,830.1086183433758,26.89138165662474
1135.5116834106589,29.48831658934061,1.0,1.0,1.0
1.0,1.0,1.0,1.0,1.0
17.47404840104741,7.026487763795986,1215.1726178658053,379.7922325501424,11.690267325083532
23.836773113828986,3.6626907213276163,49.82738213419514,174.2289952046991,6.288504920074476

14.367137950922311,8.285415026574885,206.28662526645323,255.59867462600695,7.57551688988663
7.014615418854116,9.332831603648692,137.71337473354686,150.5149398686172,3.3108686154890696
693.4230463127543,1464.5769536872467,14.0,30.463946553159378,15.536053446840617
1.0,1.0,1.0,1.0,1.0
1.0,1.0,1.0,1.0,1.0

Iteration: ,10000
Error:,0.3134078311284431
Absolute Error:,1
Transition Probabilities
0.0005243838489774512,0.0005243838489774512,0.4037755637126374,0.5778808920689935,0.017294776520414116
0.9727017725325886,0.025375150544334424,0.0006410256410256414,0.0006410256410256414,0.0006410256410256414
0.2,0.2,0.2,0.2,0.2
0.010128308222597736,0.003916370946592494,0.7404117493844004,0.23732766752989354,0.008215903916515782
0.08923306831631762,0.014633197327043029,0.20397126487670872,0.6680019596563643,0.024160509823566288

0.028287114745622236,0.01651422226656099,0.3997403962004583,0.5419713584415208,0.013486908345837668
0.02377482864621922,0.030269412809167555,0.44037014539031305,0.4960331002643635,0.009552512889936622
0.3087022955069179,0.6634349793826506,0.008494733265375467,0.0128437267840771,0.006524265060978966
0.2,0.2,0.2,0.2,0.2
0.2,0.2,0.2,0.2,0.2

Transition Gammas
1.0,1.0,770.0,1102.0188611755714,32.98113882442974
1517.4147651508374,39.58523484916168,1.0,1.0,1.0
1.0,1.0,1.0,1.0,1.0
22.341412212227958,8.638881812324506,1633.228742275678,523.5065060344311,18.122957167259127
30.085955207577236,4.933750767870305,68.77125772432221,225.22454305339699,8.145993744912186

18.99185255758931,11.08758094313325,268.3840587568713,363.87734212273165,9.055054821436345
9.64316823243023,12.277398266847213,178.61594124312887,201.19306455922057,3.874538496611454
908.5108556768594,1952.4891443231406,25.0,37.799087925538906,19.200912074461097
1.0,1.0,1.0,1.0,1.0
1.0,1.0,1.0,1.0,1.0

Iteration: ,12500
Error:,0.31766823353504403
Absolute Error:,1
Transition Probabilities
0.00041823504809703036,0.00041823504809703036,0.41237975742367194,0.5708619317150375,0.0159218407650964
0.9762491852383338,0.022189940672176167,0.0005202913631633718,0.0005202913631633718,0.0005202913631633718
0.2,0.2,0.2,0.2,0.2
0.01096983792988213,0.004234935461851223,0.7330416301996501,0.2443185272147182,0.00743506919389838
0.09457376452737459,0.013141182028452521,0.20081195761360293,0.6694472933492034,0.022025802481366638

0.027449973266749826,0.016343538590591466,0.40556265713806694,0.5377731720413383,0.01287065896325348
0.021137642040695653,0.03018649094490867,0.42929336051831746,0.5073434741532229,0.012039032342855307
0.31547079645169207,0.6584564170192476,0.007061379684953829,0.012534681787367476,0.006476725056738993
0.2,0.2,0.2,0.2,0.2
0.2,0.2,0.2,0.2,0.2

Transition Gammas
1.0,1.0,986.0,1364.9308787306552,38.06912126934551
1876.3509340280764,42.64906597192257,1.0,1.0,1.0
1.0,1.0,1.0,1.0,1.0
30.352206425090515,11.717550993611216,2028.2369730729206,675.9996290642465,20.571931545433486
39.448770276641326,5.4814723046569425,83.76302692707849,279.2409990194261,9.187440370892782

23.106027131273827,13.757180833128746,341.38254592089925,452.67080528306866,10.833882871665164
10.764334865540222,15.37245717005721,218.61745407910084,258.36443994640143,6.13087189886478
1161.5634725351301,2424.43652746487,26.0,46.152698341087046,23.847301658912972
1.0,1.0,1.0,1.0,1.0
1.0,1.0,1.0,1.0,1.0

Iteration: ,15000
Error:,0.3157129746149257
Absolute Error:,1
Transition Probabilities
0.00034831069313827925,0.00034831069313827925,0.4009056078021594,0.583718437846555,0.014679332965009003
0.9781923459659138,0.020517331453441028,0.0004301075268817207,0.0004301075268817207,0.0004301075268817207
0.2,0.2,0.2,0.2,0.2
0.011627613241220214,0.0038136664797210045,0.7360849017304611,0.24193716786749173,0.006536650681105832
0.09839033030447818,0.01211516447776261,0.19657900637861095,0.6722366372225744,0.020678861616573903

0.026030855673465365,0.014178425508605005,0.40948878274339234,0.5377467798783612,0.012555156196176165
0.020453336380940403,0.02742174391280872,0.4395835630350322,0.5001908741849703,0.012350482486248374
0.3105251530305866,0.6636127780038961,0.0068058076225045415,0.012674939101064554,0.006381322241948164
0.2,0.2,0.2,0.2,0.2
0.2,0.2,0.2,0.2,0.2

Transition Gammas
1.0,1.0,1151.0,1675.8556350574597,42.14436494254086
2274.297204370748,47.70279562925036,1.0,1.0,1.0
1.0,1.0,1.0,1.0,1.0
38.84338767804643,12.739994225248935,2458.9768002012197,808.2191082767197,21.83643807673766
47.56033814100953,5.856279955695112,95.02319979878018,324.9486171876955,9.995836458845943

26.13299709460075,14.234059658672049,411.0955592064129,539.8568227058715,12.604420865480193
12.232652482426275,16.400290764300934,262.9044407935874,299.15222753034396,7.386528898304957
1368.7948745588249,2925.205125441172,30.0,55.87113155749252,28.12886844250749
1.0,1.0,1.0,1.0,1.0
1.0,1.0,1.0,1.0,1.0

Iteration: ,17500
Error:,0.31619971130069524
