0,1,2,3,4,5,6,7,8,9,10,11,12,13,14,15,16,17,18,19,20,21,22,23,24,25,26,27,28,29
github Code Version (SHA):,cd93f48c3be2409aefa56252372b16f046dc3cc1
Environment Observations,Environment Actions,alpha,epsilon,numActions,explore,patience,gainThresh,insertRandActions,useBudd,revisedSplitting,haveControl,confidence_factor
"['diamond', 'square']","['x', 'y']",0.99,0.99,75000,0.5,0,0.01,False,False,False,False,250

Model Num 0
Model States: 
['diamond'],['square']
Iteration: ,0
Error:,0.6753312593502523
Absolute Error:,1
Transition Probabilities
0.5,0.5
0.5,0.5

0.5,0.5
0.5,0.5

Transition Gammas
1.0,1.0
1.0,1.0

1.0,1.0
1.0,1.0

Iteration: ,2500
Error:,0.1532694479918638
Absolute Error:,1
Transition Probabilities
0.4680451127819549,0.5319548872180451
0.030555555555555555,0.9694444444444444

0.032388663967611336,0.9676113360323887
0.9736842105263158,0.02631578947368421

Transition Gammas
249.0,283.0
22.0,698.0

16.0,478.0
740.0,20.0

Iteration: ,2535
Error:,0.15184771599420846
Absolute Error:,1
Transition Probabilities
0.46691176470588236,0.5330882352941176
0.03163686382393398,0.9683631361760661

0.034,0.966
0.974025974025974,0.025974025974025976


Model Num 1
Model States: 
['square'],"['diamond', 'x', 'square']","['diamond', 'x', 'diamond']"
Iteration: ,0
Error:,0.7261960105739996
Absolute Error:,1
Transition Probabilities
0.3333333333333333,0.3333333333333333,0.3333333333333333
0.3333333333333333,0.3333333333333333,0.3333333333333333
0.3333333333333333,0.3333333333333333,0.3333333333333333

0.3333333333333333,0.3333333333333333,0.3333333333333333
0.3333333333333333,0.3333333333333333,0.3333333333333333
0.3333333333333333,0.3333333333333333,0.3333333333333333

Transition Gammas
1.0,1.0,1.0
1.0,1.0,1.0
1.0,1.0,1.0

1.0,1.0,1.0
1.0,1.0,1.0
1.0,1.0,1.0

Iteration: ,2500
Error:,0.11678765042873383
Absolute Error:,1
Transition Probabilities
0.9776315789473684,0.018061005056309608,0.0043074159963219704
0.9955555555555555,0.0022222222222222222,0.0022222222222222222
0.003067484662576689,0.9694731648999068,0.027459350437516666

0.024011299435028242,0.34788237218713497,0.6281063283778368
0.9500927772013953,0.027816748282393063,0.02209047451621168
0.962580977905817,0.015218138232402461,0.022200883861780603

Transition Gammas
743.0,13.726363842795303,3.2736361572046975
448.0,1.0,1.0
1.0,316.0482517573694,8.951748242630428

17.0,246.30071950849165,444.6992804915086
141.46515721287747,4.141806740717526,3.2891866198036803
117.53484278712244,1.8581932592824735,2.71081338019632

Iteration: ,5000
Error:,0.11307261856101361
Absolute Error:,1
Transition Probabilities
0.9716981132075472,0.02391332770249753,0.004388559089955302
0.9978586723768736,0.0010706638115631692,0.0010706638115631692
0.0015797788309636648,0.9794703536529612,0.01894986751607512

0.022996515679442508,0.36510604952828124,0.6118974347922762
0.9621787312506315,0.02261387669776654,0.015207392051601943
0.9706042073203041,0.01437605468990675,0.015019737989789167

Transition Gammas
1442.0,35.48737831050634,6.512621689493668
932.0,1.0,1.0
1.0,620.0047338623245,11.995266137675552

33.0,523.9271810730836,878.0728189269163
279.7441595059595,6.574765918765939,4.4214021465881395
231.25584049404034,3.4252340812340614,3.5785978534118614

Iteration: ,7500
Error:,0.10964510918234893
Absolute Error:,1
Transition Probabilities
0.978173719376392,0.01801726825166357,0.0038090123719444467
0.998546511627907,0.0007267441860465116,0.0007267441860465116
0.0010526315789473688,0.9820788453527641,0.016868523068288555

0.020979020979020997,0.3611786695301809,0.6178423094907982
0.9616602184503059,0.023358057712255065,0.014981723837439034
0.9773762682266803,0.011765361348206469,0.0108583704251132

Transition Gammas
2196.0,40.44876722498472,8.551232775015283
1374.0,1.0,1.0
1.0,932.9749030851254,16.02509691487412

45.0,774.7282461422374,1325.271753857761
423.6552840824336,10.290292127968133,6.600134170698035
350.3447159175659,4.21734424418101,3.8922294571528226

Iteration: ,10000
Error:,0.11011621315834548
Absolute Error:,1
Transition Probabilities
0.9792021820661438,0.01783501279767816,0.0029628051361779615
0.9989310529128808,0.0005344735435595938,0.0005344735435595938
0.0007923930269413632,0.9833209202268832,0.01588668674617552

0.02006226219301282,0.37278828497305966,0.6071494528339276
0.9596256232570157,0.022678686853677313,0.017695689889306913
0.978192478788879,0.009632820990589125,0.01217470022053182

Transition Gammas
2872.0,52.310092535590044,8.689907464409961
1869.0,1.0,1.0
1.0,1240.9510013263261,20.048998673673502

58.0,1077.7309318571145,1755.269068142883
564.7938490749235,13.34768739977956,10.414912401667982
459.20615092507546,4.522065693160382,5.715334505392073

Iteration: ,12500
Error:,0.10975013166274039
Absolute Error:,1
Transition Probabilities
0.9794576828266228,0.018138738620160525,0.0024035785532166352
0.9991445680068435,0.000427715996578272,0.000427715996578272
0.0006393861892583122,0.985251772989757,0.014108840820984712

0.021757091710272656,0.3741366781200773,0.60410623016965
0.9599127215118796,0.024176435293844986,0.01591084319427536
0.9808100287847326,0.009009289198050368,0.010180682017217137

Transition Gammas
3576.0,66.22453470220607,8.775465297793936
2336.0,1.0,1.0
1.0,1540.9337729559795,22.06622704402008

79.0,1358.4902782540003,2193.509721745999
710.0662789909891,17.883783664549004,11.769562971073084
579.93372100901,5.3270158898613404,6.019637474516567

Iteration: ,15000
Error:,0.11168366857742226
Absolute Error:,1
Transition Probabilities
0.9809610154125114,0.017042935950037065,0.001996048637451605
0.9992810927390366,0.0003594536304816679,0.0003594536304816679
0.0005282620179609084,0.9851634793390411,0.014308258642997977

0.020535302261190602,0.370118100497556,0.6093465972412533
0.9613319848147793,0.021856274143602628,0.016811741041617995
0.9836106410244185,0.007602460748501701,0.00878689822707984

Transition Gammas
4328.0,75.19343341156353,8.80656658843648
2780.0,1.0,1.0
1.0,1864.9144663888055,27.08553361119518

89.0,1604.0918475564063,2640.9081524435896
857.628971043405,19.498543896083966,14.998186265225533
690.371028956594,5.335971806973305,6.167298031717192

Iteration: ,15958
Error:,0.11166588194482653
Absolute Error:,1
Transition Probabilities
0.9801705756929637,0.0175059308634497,0.0023234934435865506
0.9993259184361307,0.0003370407819346141,0.0003370407819346141
0.0004999999999999999,0.9844545569467856,0.015045443053214418

0.020580589254766055,0.3736023436936742,0.6058170670515598
0.9582796365543382,0.024188571107808077,0.017531792337853656
0.9835119487510167,0.008144726269290513,0.008343324979692967


Model Num 2
Model States: 
"['diamond', 'x', 'square']","['diamond', 'x', 'diamond']","['square', 'y', 'diamond', 'x', 'diamond']","['square', 'y', 'diamond', 'x', 'square']"
Iteration: ,0
Error:,0.6745317145241714
Absolute Error:,0.74
Transition Probabilities
0.25,0.25,0.25,0.25
0.25,0.25,0.25,0.25
0.25,0.25,0.25,0.25
0.25,0.25,0.25,0.25

0.25,0.25,0.25,0.25
0.25,0.25,0.25,0.25
0.25,0.25,0.25,0.25
0.25,0.25,0.25,0.25

Transition Gammas
1.0,1.0,1.0,1.0
1.0,1.0,1.0,1.0
1.0,1.0,1.0,1.0
1.0,1.0,1.0,1.0

1.0,1.0,1.0,1.0
1.0,1.0,1.0,1.0
1.0,1.0,1.0,1.0
1.0,1.0,1.0,1.0

Iteration: ,2500
Error:,0.04026094102817323
Absolute Error:,0.8521132183704119
Transition Probabilities
0.0014164305949008497,0.0014164305949008497,0.02351006075900098,0.9736570780511973
0.9637523469064609,0.02758964443553038,0.00432900432900433,0.00432900432900433
0.018830069144083573,0.007291907057633125,0.9583728410633426,0.01550518273494074
0.008886221903762755,0.016463706383594304,0.9610139202102437,0.013636151502399227

0.015634228341927778,0.015920484968060537,0.04086890538326236,0.9275763813067494
0.060507209032467715,0.03170576299974896,0.8233962128035522,0.08439081516423118
0.004029073208245084,0.969000780186691,0.013485073302531965,0.013485073302531965
0.9829336608206507,0.0015948676949574404,0.007735735742195787,0.007735735742195787

Transition Gammas
1.0,1.0,16.598102895854694,687.4018971041454
222.62679213539244,6.373207864607516,1.0,1.0
3.387199602165587,1.3116863509980181,172.39448677202637,2.7891107775245514
1.8582646555586482,3.4428493912777474,200.96484431368668,2.8515581367624554

2.848893600755628,2.901055731980005,7.447196015681758,169.0244225121135
4.10108376135579,2.148966905908578,55.808504333401494,5.71987713880333
1.1461963695992923,275.66269436752975,3.836252474021136,3.836252474021136
656.1265054050657,1.064603857804798,5.163747525978865,5.163747525978865

Iteration: ,5000
Error:,0.033044691155753744
Absolute Error:,0.8571434382801868
Transition Probabilities
0.0007072135785007075,0.0007072135785007075,0.02104270807180996,0.9775428647711886
0.970642724940337,0.024980907444783353,0.0021881838074398253,0.0021881838074398253
0.019728285924478894,0.006700710498418906,0.9544496613249938,0.019121342252108486
0.016416280178444046,0.012534135028102847,0.9577064482119922,0.013343136581460786

0.02517116826537165,0.011606328459861943,0.02941380763367038,0.933808695641096
0.033418112032963326,0.019823675698127558,0.893875977449904,0.05288223481900512
0.0020313335079615224,0.9758448514176427,0.011598558181980962,0.010525256892414852
0.9859598512142912,0.0008182069005007373,0.00655306052052022,0.00666888136468802

Transition Gammas
1.0,1.0,29.754389213539273,1382.2456107864602
443.58372529773396,11.41627470226599,1.0,1.0
7.2666342820060335,2.4681116650479966,351.55799424153196,7.043075189554876
6.954989956324492,5.310264096621481,405.74592148883085,5.65300908008269

8.65708639060083,3.991749095449876,10.11625170022433,321.1635814925845
4.614083218630279,2.737081295319016,123.4186462424942,7.30152056469722
1.1644812440356567,559.4123378120005,6.648983737942146,6.033703570505115
1291.3515422342052,1.0716387097578208,8.582808720969561,8.734503970583178

Iteration: ,7500
Error:,0.030829619317873706
Absolute Error:,0.858494337071998
Transition Probabilities
0.0004688232536333804,0.0004688232536333804,0.0233927549962987,0.9756695984964345
0.9744406142181031,0.022631128095220568,0.0014641288433382138,0.0014641288433382138
0.015893318058238747,0.006155583944798907,0.9542430694206548,0.023708028576307497
0.014253960672707422,0.009033940403246609,0.9599692819830403,0.016742816941005573

0.03526464271381334,0.009411945507029878,0.024981969640551816,0.9303414421386049
0.025873878319887383,0.017174748433961773,0.911154569818822,0.045796803427328836
0.001374336414420953,0.9767758312898491,0.010874652374510869,0.010975179921219044
0.9855606396962356,0.0005462543018525509,0.006817667251987523,0.0070754387499243525

Transition Gammas
1.0,1.0,49.896746407105105,2081.103253592894
665.5429395109644,15.457060489035648,1.0,1.0
8.84221216299505,3.4246454407815214,530.8910099179176,13.189908983756357
9.017799913192217,5.715342483031215,607.3267007330368,10.59238036528939

17.82580301709735,4.757611979158108,12.628049953761403,470.2750973770386
5.058690896252654,3.3578941074918873,178.1429621966909,8.953890472509151
1.1734433132304425,833.9959967044191,9.28505421138231,9.370887182292762
1939.7554361301488,1.075123852201067,13.418359643345042,13.925698962979892

Iteration: ,10000
Error:,0.03152381437628104
Absolute Error:,0.8575048599502875
Transition Probabilities
0.0003492839678658746,0.0003492839678658746,0.022371987924954335,0.9769294441393139
0.9773677642328887,0.020422291015730072,0.0011049723756906074,0.0011049723756906074
0.019955637086011557,0.006554037761186328,0.951560737366432,0.021929587786370094
0.01569633032253052,0.007649289428087064,0.9625481503265623,0.014106229922820096

0.03407262550581401,0.008191274800166173,0.02503655567001107,0.9326995440240087
0.035189004575354725,0.01499093364824272,0.909119891429562,0.04070017034684043
0.0010364079667385282,0.9772140539918924,0.010451788218864347,0.011297749822504784
0.9850411839967869,0.00040983767542379244,0.0067177632008662055,0.007831215126923127

Transition Gammas
1.0,1.0,64.05100142914432,2796.9489985708583
884.5178266307645,18.48217336923572,1.0,1.0
14.51038256763378,4.765650671418336,691.9102745762684,15.945705314203918
13.26132700085036,6.462639760097527,813.2261180323023,11.917902077225074

22.449788885780432,5.397071321602888,16.496098579868143,614.5375516667989
9.223723916922083,3.9294158756945894,238.29804187758637,10.668307875747029
1.179397964454594,1112.0372508726825,11.893789073264628,12.856465379661632
2589.705874349895,1.077476812967815,17.661221790937336,20.588523756136407

Iteration: ,12500
Error:,0.029807905614966747
Absolute Error:,0.8586775819417914
Transition Probabilities
0.0002814522938361947,0.0002814522938361947,0.02285776471104756,0.9765793307012801
0.9752079973285005,0.023052872236716874,0.0008695652173913042,0.0008695652173913042
0.018528747237038633,0.005625466123545359,0.9534296885908468,0.02241609804856922
0.01657905057440277,0.007399983267357589,0.9618006190381763,0.014220347120063353

0.031126350440941183,0.00715602252543826,0.022090182741248746,0.9396274442923718
0.030780089589270997,0.01419129113630262,0.9200137793326346,0.035014839941791734
0.0008313838966008526,0.978289557377714,0.009756687174809148,0.011122371550876172
0.98485812552763,0.00033116036812873674,0.006479959645726612,0.008330754458514753

Transition Gammas
1.0,1.0,81.213638018352,3469.786361981649
1121.4891969277758,26.51080307222441,1.0,1.0
17.116501965841422,5.196697905725642,880.760092967033,20.70756222243937
17.759796380211526,7.927003748221416,1030.2992367278387,15.233108082689483

25.97585483853258,5.9719112491118285,18.434907148272295,784.1467357874411
9.617872784273514,4.43436112808207,287.47724933472284,10.941107729564216
1.1839047950305595,1393.100952091031,13.893688315465823,15.838446071701643
3209.635897101043,1.0792460128952555,21.118078382658172,27.14978723017437

Iteration: ,15000
Error:,0.029354599714964343
Absolute Error:,0.8586741386462491
Transition Probabilities
0.0002356267672007538,0.0002356267672007538,0.024122130447198662,0.9754066160183998
0.9765860522091139,0.02197509887002282,0.0007194244604316547,0.0007194244604316547
0.01763640767726598,0.004776548888461486,0.9539943323884656,0.023592711045806992
0.015669746300829044,0.006284573100239069,0.9625471076208916,0.015498572978040241

0.029191087563664855,0.005987546898352952,0.022538499500925718,0.9422828660370565
0.029849462008964933,0.01491307106920536,0.921044332574338,0.03419313434749158
0.0006931197857696834,0.9771097763179674,0.00984203034685307,0.01235507354940992
0.9820876549711627,0.0002763568990346369,0.007357020339047914,0.010278967790754752

Transition Gammas
1.0,1.0,102.3743216179112,4139.625678382093
1357.4546125706684,30.54538742933172,1.0,1.0
19.504698196219184,5.282546547674842,1055.0545141982775,26.091975021208402
20.136662368547558,8.07609288755842,1236.93681747473,19.916693305786268

29.628576251204258,6.077282644869008,22.87628542768375,956.4049193334381
10.86559031413634,5.428550789790383,335.27205200228417,12.446743236594441
1.1876198585435849,1674.2199518134935,16.86373831520561,21.169689572130505
3840.5117183691095,1.080709958853761,28.770062103288573,40.1965100093753

Iteration: ,17500
Error:,0.029319050186283193
Absolute Error:,0.8592131463933718
Transition Probabilities
0.00020104543626859667,0.00020104543626859667,0.023226974381501564,0.9763709347459611
0.9767921259629675,0.02197254358613692,0.0006176652254478069,0.0006176652254478069
0.016291596506724865,0.004846595548469943,0.957029477871949,0.021832330072856173
0.016845836400257504,0.005628390239004731,0.9622606980791961,0.015265075281541644

0.029201891635742043,0.005751829927141213,0.020494832755042065,0.9445514456820747
0.027262440158450883,0.014429696714472081,0.9275350690304003,0.030772794096676687
0.0005994235527629407,0.9770936009032472,0.009242146600742475,0.013064828943247312
0.9812626832627094,0.00023633375899031293,0.007429835578738516,0.011071147399561963

Transition Gammas
1.0,1.0,115.5309705735888,4856.469029426412
1581.4264519340454,35.5735480659557,1.0,1.0
21.04154661585452,6.259660685754642,1236.0593612220382,28.197727016569537
25.25934964505278,8.439443053338064,1442.8538212625313,22.889090498861716

34.12127482924323,6.720789603740485,23.947415110541566,1103.6716343755484
11.219554254656819,5.938381312359458,381.716749109767,12.664201404144062
1.190588494236347,1940.7252078522079,18.35695870502646,25.949656044209306
4492.002320268149,1.0818833854073693,34.012134801593135,50.681250449171095

Iteration: ,20000
Error:,0.027207803070073044
Absolute Error:,0.8597307990369332
Transition Probabilities
0.00017717930545712248,0.00017717930545712248,0.023331731771805597,0.9763139096172802
0.9759901149512048,0.02293345878399435,0.0005382131324004305,0.0005382131324004305
0.014987645804547084,0.004910891370760593,0.9592802325682561,0.02082123025643625
0.01635705587153908,0.005049531062278955,0.9643076159367747,0.014285797129407293

0.02928892395494801,0.006874147334543631,0.01941029115420818,0.9444266375563002
0.02375700269374792,0.015306821192127444,0.9321538425435881,0.028782333570536563
0.0005204338488067344,0.9780589571403876,0.00847391976430172,0.012946689246503884
0.9809866186390608,0.00020809555646890643,0.00719833132956954,0.01160695447490075

Transition Gammas
1.0,1.0,131.6842941200709,5510.315705879933
1813.3896335793388,42.61036642066151,1.0,1.0
22.091066537728313,7.238416856509537,1413.93276318043,30.689488462073708
28.02042618064711,8.650090425115046,1651.9054883713486,24.47225998614827

39.54493195670449,9.281245327517938,26.20713018114523,1275.1334660744246
11.66072628319615,7.513096432581404,457.53207809295026,14.127325651480426
1.1935599634810818,2243.0747266793082,19.434038327083357,29.691861856580562
5105.648658014319,1.083055342893655,37.46447708302691,60.40962273330918

Iteration: ,22500
Error:,0.026842341091497253
Absolute Error:,0.8599640229686942
Transition Probabilities
0.0001571832756994656,0.0001571832756994656,0.023239315873572662,0.9764463175750284
0.9762709561186189,0.022773020936830347,0.0004780114722753344,0.0004780114722753344
0.015834774644425693,0.004531105670502031,0.9589577642731157,0.02067635541195644
0.016840992424580058,0.004510978236726579,0.9646836447774673,0.013964384561226104

0.028144916342608718,0.006925891810440914,0.01761224429779771,0.9473169475491526
0.02331016908980359,0.015304742211525403,0.9318263018947692,0.02955878680390174
0.00046435225970056104,0.9795248109558634,0.007831109791927495,0.012179726992508655
0.9809468632655791,0.0001851155268541262,0.0071195888312172466,0.011748432376349486

Transition Gammas
1.0,1.0,147.84852758766925,6212.15147241233
2042.3588402001517,47.641159799849106,1.0,1.0
26.210457057238624,7.500097302635864,1587.311588866484,34.22446721185675
32.566326184616045,8.72311945550947,1865.4602679432453,27.003675978415252

42.51507935790582,10.462096826324153,26.60466120690163,1430.995733363344
12.690578881994819,8.332244933775188,507.3071389124242,16.092466517330752
1.1956384447446238,2522.1316298003258,20.163950398954572,31.3609970330022
5743.588852988026,1.0838787669037169,41.68624477039225,68.78880779765097

Iteration: ,25000
Error:,0.02719048414572752
Absolute Error:,0.8596632042776537
Transition Probabilities
0.00014240956992309887,0.00014240956992309887,0.023785146071855025,0.9759300347882988
0.977928053948896,0.021217610297152693,0.00042716787697565133,0.00042716787697565133
0.01577457740566272,0.004616941335842175,0.9604527848604999,0.019155696397995206
0.016235114912824474,0.004507921805008559,0.9642354726021408,0.015021490680026143

0.029113722398155482,0.006924907790851919,0.01705227497171976,0.9469090948392728
0.023865413547840098,0.013944508587582635,0.9351384070574744,0.027051670807102822
0.0004131263293874187,0.9805687063852502,0.007418702527285118,0.011599464758077216
0.9808874208116274,0.0001686529707097681,0.007017581660366793,0.011926344557295953

Transition Gammas
1.0,1.0,167.01929571656595,6852.980704283432
2289.329574294366,49.670425705634464,1.0,1.0
29.468324320316853,8.624860188244027,1794.2118784405977,35.78455761578818
35.1475687860945,9.759246705344625,2087.4833828558376,32.5201810877755

48.69820907085436,11.583218483139085,28.523156206199086,1583.8846177394983
14.971031629235659,8.747540816770876,586.6224208395311,16.969805214771164
1.1979630775885979,2843.404115709983,21.512382724380874,33.63554804306753
6309.313103143192,1.0848180692364235,45.138839567841174,76.71322966471044

Iteration: ,27500
Error:,0.025464128052122413
Absolute Error:,0.8601542919294447
Transition Probabilities
0.00012906556530717616,0.00012906556530717616,0.024029039699238832,0.9757128291701469
0.977045701036712,0.02217213236180182,0.00039108330074305814,0.00039108330074305814
0.015856104680216934,0.004723768285731796,0.9600767137697932,0.019343413264258088
0.01645005045713253,0.004154116345822117,0.9630513107480326,0.016344522449012803

0.026594449007849408,0.006325680536802064,0.01612531149299262,0.9509545589623559
0.02176470839317419,0.012717071191180635,0.9396602817026742,0.025857938712970933
0.00037812523110062474,0.9795898885394474,0.007529250215097563,0.012502736014354504
0.9815069064466627,0.00015267432299079272,0.0067181164646734235,0.011622302765673102

Transition Gammas
1.0,1.0,186.1769995897023,7559.823000410291
2498.3058575508735,56.69414244912727,1.0,1.0
32.512022025788724,9.68581260327131,1968.5815585889109,39.662545800806896
38.96289961378913,9.839265757150843,2281.042945210787,38.712950399497856

48.69820907085436,11.583218483139085,29.527733031304013,1741.3327087755224
14.971031629235659,8.747540816770876,646.3529648078863,17.786593385286658
1.2001146191286953,3109.0761718410427,23.896747720100844,39.68187001501812
6979.638024276635,1.0856892631912796,47.773500950807275,82.64788131407377

Iteration: ,30000
Error:,0.026166591237354975
Absolute Error:,0.8603741075274134
Transition Probabilities
0.00011792452830188682,0.00011792452830188682,0.024566690598157682,0.9751974603452385
0.9771115842376932,0.022170024957709138,0.00035919540229885046,0.00035919540229885046
0.016751770743909912,0.004868452319214679,0.9601637251615294,0.018216051775346114
0.016963487804837328,0.0038993432736845334,0.9640829020121163,0.015054266909361767

0.027243548803779136,0.0059413568513267765,0.015164835769597282,0.9516502585752968
0.02058184786077513,0.011762398399390089,0.9427934161882079,0.024862337551626916
0.00034777432151750253,0.9796762041350068,0.007323780375150839,0.01265224116832487
0.9822306153829786,0.00013981998150529643,0.0063573145350508745,0.011272250100465139

Transition Gammas
1.0,1.0,208.3255362723771,8269.67446372762
2720.2786505177387,61.721349482262255,1.0,1.0
37.4122749199396,10.87287304640877,2144.364903450928,40.682501413939335
43.675339841559484,10.039512192092163,2482.1928641826175,38.7597309525241

54.051046046778836,11.787618238151907,30.086948010262113,1888.0687063627734
15.374757284516399,8.786578430552836,704.2720382244555,18.572307402508688
1.2017275163554038,3385.2523857728256,25.307183009253674,43.7195773661381
7631.459552690267,1.086334020549266,49.39327687220796,87.5799627524003

Iteration: ,32500
Error:,0.025774757126131455
Absolute Error:,0.8605282822157029
Transition Probabilities
0.00010874293170943902,0.00010874293170943902,0.023869714789728366,0.9759127993468528
0.9761864990524793,0.023149710705237275,0.0003318951211417192,0.0003318951211417192
0.01633060548021245,0.004588912311885379,0.9593943607241641,0.01968612148373799
0.017603464300469978,0.0039934624838910155,0.9634697526816813,0.014933320533957826

0.028366866240566006,0.005830838355799476,0.014985418445130388,0.950816876958504
0.02095927315586635,0.011332468516478277,0.9436728973798897,0.02403536094776564
0.000322574538516135,0.9799230629403854,0.007124342546092444,0.012630019975005957
0.9816134813014135,0.0001286067494323898,0.006369669764170058,0.011888242184984141

Transition Gammas
1.0,1.0,219.50589720634179,8974.494102793647
2941.2499216451206,69.75007835487992,1.0,1.0
38.883335844228114,10.926246353753147,2284.327619101291,46.87285318661071
49.060678011626635,11.129739790392115,2685.1805135308246,41.61901418128006

61.40547306360387,12.621957764345876,32.43878618369817,2058.223831682946
16.857751971391554,9.114817200658681,759.0055021398498,19.331879993505222
1.2032797683849497,3655.346146146617,26.57549256116618,47.112979158652
8296.363620434038,1.086953650961047,53.83493351739385,100.476594762788

Iteration: ,35000
Error:,0.026575732812807427
Absolute Error:,0.8603691050295372
Transition Probabilities
0.00010092854259184496,0.00010092854259184496,0.024695181847270646,0.9751029610675457
0.9767672125447705,0.022619666670434885,0.00030656039239730204,0.00030656039239730204
0.01753047323255896,0.004336332106190247,0.9588402864800407,0.019292908181210124
0.017944594611071035,0.004039974380102788,0.9629605767837411,0.015054854225084973

0.029185639801952032,0.005769905178196332,0.01477548883724704,0.9502689661826046
0.021118774993696233,0.01106806110775161,0.9450163180515814,0.02279684584697081
0.0002992824903139166,0.9802315421717398,0.006875304739769762,0.01259387059817653
0.9814262754632578,0.00011972551821819806,0.00624351092332902,0.012210488095195251

Transition Gammas
1.0,1.0,244.6798617427576,9661.320138257244
3186.2146473210437,73.78535267895865,1.0,1.0
44.681863784439535,11.052491163388947,2443.902711762694,49.17397744616935
54.08839889377576,12.177246158395763,2902.54513545406,45.378175337082176

68.01991791221624,13.447314475385816,34.435686338977966,2214.692482771757
18.065097244329756,9.467670368068175,808.371304120436,19.500526768832444
1.2047423820297665,3945.858916831461,27.676096255022408,50.695814671642076
8914.848806327878,1.0875344586333608,56.71333374059289,110.91475533274269

Iteration: ,37500
Error:,0.025548836247764304
Absolute Error:,0.8606661182543436
Transition Probabilities
9.418856550814728e-05,9.418856550814728e-05,0.0243797590956006,0.9754318637733831
0.9766297526281937,0.022798982019049886,0.00028563267637817755,0.00028563267637817755
0.01706536803038521,0.004087223820321341,0.9600278037240089,0.01881960442528452
0.01791047906366879,0.003793033745480099,0.9633952861986941,0.014901200992157113

0.029720763877467755,0.005739226883304922,0.014585910641311341,0.9499540985979159
0.019784815401868102,0.01058452452699281,0.9473575387322605,0.022273121338878533
0.0002787607115303032,0.9808337154235685,0.0065345354551976246,0.01235298840970355
0.9812230437773123,0.00011201081950761752,0.00609265248270531,0.012572292920474891

Transition Gammas
1.0,1.0,258.8399023179917,10356.160097682012
3419.1807639513077,79.81923604869368,1.0,1.0
46.614682648860516,11.164402722514387,2622.351379999337,51.406444109481455
57.94869394402813,12.272220684596961,3117.029890076641,48.212285814541474

73.69554235249507,14.230974667842638,36.16719273596452,2355.504145006979
18.28912580059943,9.784357179062862,875.7393411102834,20.589321146777145
1.2058650585427897,4242.897426890124,28.267139712675167,53.436644676616396
9530.80872535193,1.087982699414978,59.17910898134526,122.11710662936324

Iteration: ,40000
Error:,0.02540459919238935
Absolute Error:,0.8604574086137391
Transition Probabilities
8.814455707360064e-05,8.814455707360064e-05,0.023887575440583734,0.975936135445269
0.9766786686955625,0.022784274376403107,0.00026852846401718565,0.00026852846401718565
0.01662028862371028,0.004185950895137781,0.9595972027360834,0.019596557745068483
0.017734365169626634,0.003568491484846814,0.9640018618910574,0.014695281454469118

0.029456531949441644,0.005775434626266047,0.014169757848490871,0.9505982755758015
0.021736001708350702,0.010027849553965398,0.9465301928736735,0.021705955864010473
0.00026222293676882137,0.9804817559687479,0.006641539011169371,0.012614482083313979
0.9811738543268009,0.00010483501296001877,0.005934645423979617,0.012786665236259443

Transition Gammas
1.0,1.0,271.0045433734226,11071.995456626584
3637.151362222277,84.84863777772522,1.0,1.0
48.31171840280435,12.167687666107316,2789.349263921216,56.96311302882141
61.20498679635807,12.315607134730254,3326.971146943454,50.716476106513134

77.64709435513672,15.223982176085867,37.35132589741492,2505.7666029440243
21.3015206534224,9.82740281535499,927.6099957629397,21.272075395626114
1.2069570702709087,4512.951468777935,30.569608310343853,58.0618100226837
10186.753155015576,1.088419136238901,61.61473599202468,132.75384567494783

Iteration: ,40864
Error:,0.02623350248591526
Absolute Error:,0.8605146722313781
Transition Probabilities
8.634087376964251e-05,8.634087376964251e-05,0.023749114978410552,0.9760782032740501
0.9769514391491384,0.022523901879193224,0.0002623294858342076,0.0002623294858342076
0.016387044536563346,0.0040993559335841655,0.9598468072873927,0.01966679224245973
0.01750995357930396,0.0034850839345722195,0.9641976110993493,0.014807351386774543

0.029213577917615682,0.005656242569487643,0.014184058188764613,0.9509461213241321
0.02130932848455873,0.009822847923790285,0.9475609233453931,0.02130690024625783
0.00025635398476044156,0.9804798762136604,0.006585558476867186,0.012678211324711986
0.9809933728410327,0.00010276237903355777,0.005913823240579047,0.012990041539354772

*,*,*,*,*,*,*,*,*,*,*
Model Num 2
Model States: 
"['diamond', 'x', 'square']","['diamond', 'x', 'diamond']","['square', 'y', 'diamond', 'x', 'diamond']","['square', 'y', 'diamond', 'x', 'square']"
Iteration: ,40864
Error:,0.02523843124084186
Transition Probabilities
8.634087376964251e-05,8.634087376964251e-05,0.023749114978410552,0.9760782032740501
0.9769514391491384,0.022523901879193224,0.0002623294858342076,0.0002623294858342076
0.016387044536563346,0.0040993559335841655,0.9598468072873927,0.01966679224245973
0.01750995357930396,0.0034850839345722195,0.9641976110993493,0.014807351386774543

0.029213577917615682,0.005656242569487643,0.014184058188764613,0.9509461213241321
0.02130932848455873,0.009822847923790285,0.9475609233453931,0.02130690024625783
0.00025635398476044156,0.9804798762136604,0.006585558476867186,0.012678211324711986
0.9809933728410327,0.00010276237903355777,0.005913823240579047,0.012990041539354772

Transition Gammas
1.0,1.0,275.06224967995115,11304.937750320054
3724.1388860365178,85.86111396348463,1.0,1.0
48.639943181796234,12.167687666107316,2849.0124662514877,58.37487382834968
61.87676201736619,12.315607134730254,3407.2863671223413,52.32629279782401

78.62940530815374,15.223982176085867,38.17690744297012,2559.5060013078532
21.319209700405384,9.82740281535499,948.0003109130595,21.316780336121244
1.207499034898653,4618.33470375702,31.019824062874743,59.717924623394595
10392.369161333103,1.0886358750016008,62.64938782713661,137.61286348659408

