0,1,2,3,4,5,6,7,8,9,10,11,12,13,14,15,16,17,18,19,20,21,22,23,24,25,26,27,28,29
github Code Version (SHA):,32a229dd34421fba547a58d2c923a1ee52132eb5
Environment Observations,Environment Actions,alpha,epsilon,numActions,explore,patience,gainThresh,insertRandActions,useBudd,revisedSplitting,haveControl,confidence_factor
"['square', 'diamond']","['x', 'y']",0.99,0.99,75000,0.5,0,0.01,False,False,False,False,250

Model Num 0
Model States: 
['square'],['diamond']
Iteration: ,0
Error:,0.670551132867229
Absolute Error:,1
Transition Probabilities
0.5,0.5
0.5,0.5

0.5,0.5
0.5,0.5

Transition Gammas
1.0,1.0
1.0,1.0

1.0,1.0
1.0,1.0

Iteration: ,2345
Error:,0.2635738024129933
Absolute Error:,1
Transition Probabilities
0.9812409812409812,0.01875901875901876
0.688,0.312

0.02147239263803681,0.9785276073619632
0.6086956521739131,0.391304347826087


Model Num 1
Model States: 
['square'],"['diamond', 'x', 'square']","['diamond', 'x', 'diamond']"
Iteration: ,0
Error:,0.7073109183831638
Absolute Error:,1
Transition Probabilities
0.3333333333333333,0.3333333333333333,0.3333333333333333
0.3333333333333333,0.3333333333333333,0.3333333333333333
0.3333333333333333,0.3333333333333333,0.3333333333333333

0.3333333333333333,0.3333333333333333,0.3333333333333333
0.3333333333333333,0.3333333333333333,0.3333333333333333
0.3333333333333333,0.3333333333333333,0.3333333333333333

Transition Gammas
1.0,1.0,1.0
1.0,1.0,1.0
1.0,1.0,1.0

1.0,1.0,1.0
1.0,1.0,1.0
1.0,1.0,1.0

Iteration: ,2500
Error:,0.23529172692553088
Absolute Error:,1
Transition Probabilities
0.9737991266375546,0.02115385190235968,0.00504702146008573
0.9965095986038395,0.0017452006980802793,0.0017452006980802793
0.0037735849056603783,0.9733358268798648,0.022890588214474806

0.03378378378378377,0.5658406902245992,0.40037552599161697
0.7520338116127614,0.235381269609546,0.012584918777692721
0.39940363795625355,0.5595878208038331,0.04100854123991356

Transition Gammas
669.0,14.532696256921101,3.467303743078897
571.0,1.0,1.0
1.0,257.9339941231641,6.066005876835822

25.0,418.7221107662035,296.27788923379666
132.54174179301296,41.484628719811425,2.2180213567018345
29.458258206987068,41.272740025793304,3.0246098976934386

Iteration: ,5000
Error:,0.2260019010597002
Absolute Error:,1
Transition Probabilities
0.9827586206896551,0.013937840442697826,0.003303538867647
0.9982190560997328,0.0008904719501335708,0.0008904719501335708
0.0019379844961240314,0.978504216376385,0.019557799127491

0.026822558459422285,0.5576454675169067,0.4155319740236709
0.7535098236188968,0.23271834490364657,0.01377183147745671
0.2832199256120859,0.6854735357985177,0.031306538589396464

Transition Gammas
1368.0,19.401473896235373,4.598526103764624
1121.0,1.0,1.0
1.0,504.9081756502145,10.091824349785353

39.0,810.8165097695824,604.1834902304175
269.0029202509418,83.08042232865304,4.916542251363411
48.997079749058344,118.58700063847391,5.416034781509643

Iteration: ,7500
Error:,0.22215765360840442
Absolute Error:,1
Transition Probabilities
0.9804854831032842,0.016373857161463768,0.003140659735252082
0.9988016776512882,0.0005991611743559018,0.0005991611743559018
0.0012562814070351761,0.9797540007667598,0.01898971782620505

0.026231017027151398,0.5423159821104157,0.4314530008624329
0.7911848676626411,0.19700678363693652,0.011808348700422553
0.2879515215264532,0.6872432408385359,0.024805237635010944

Transition Gammas
2060.0,34.40147389623537,6.598526103764624
1667.0,1.0,1.0
1.0,779.8841846103406,15.115815389659216

57.0,1178.4526291259335,937.5473708740668
419.0700534593417,104.34937108249541,6.254575287532754
70.92994654065829,169.28587866005753,6.110174969914224

Iteration: ,10000
Error:,0.22462110701137508
Absolute Error:,1
Transition Probabilities
0.979381443298969,0.016811951326031433,0.003806605374999495
0.9990855052583447,0.0004572473708276177,0.0004572473708276177
0.0009380863039399627,0.978289825834718,0.020772087861342027

0.02665282104534441,0.5355006722770872,0.43784650667756836
0.8130712958201173,0.17637327278525433,0.010555431394628537
0.2789402776160864,0.6978173554890463,0.02324236689486739

Transition Gammas
2755.0,47.29201908012642,10.70798091987358
2185.0,1.0,1.0
1.0,1042.8569543398091,22.143045660190595

77.0,1547.0614422085048,1264.938557791495
591.1181388532566,128.22668969898433,7.6739973393015655
92.88186114674353,232.3600423440015,7.739270617712487

Iteration: ,12500
Error:,0.22329714492671687
Absolute Error:,1
Transition Probabilities
0.9788374717832957,0.017239444355714558,0.00392308386098973
0.9992606284658041,0.0003696857670979667,0.0003696857670979667
0.0007552870090634441,0.977962013646527,0.021282699344409583

0.026688907422852376,0.5327450748729592,0.44056601770418846
0.8223257485211205,0.16789232797940837,0.009781923499471072
0.270590974255081,0.709447633634849,0.019961392110069916

Transition Gammas
3469.0,61.0965907966524,13.903409203347604
2703.0,1.0,1.0
1.0,1294.8217060680017,28.178293931998287

96.0,1916.2840343180342,1584.7159656819658
758.7144553088823,154.9049587739686,9.025239417738764
114.28554469111776,299.6390011270334,8.430800681259175

Iteration: ,15000
Error:,0.22121786432000926
Absolute Error:,1
Transition Probabilities
0.9795238095238096,0.016438601497639965,0.0040375889785505105
0.9993872549019608,0.00030637254901960784,0.00030637254901960784
0.0006211180124223601,0.9775051497900072,0.02187373219757036

0.026715799170889003,0.529212529444894,0.44407167138421694
0.833081989891373,0.15836061225814788,0.00855739785047896
0.2695279883198318,0.7123425897829652,0.018129421897203055

Transition Gammas
4114.0,69.04212629008785,16.957873709912143
3262.0,1.0,1.0
1.0,1573.783291161912,35.21670883808829

116.0,2297.840802849729,1928.1591971502692
915.0824345408715,173.94808237237777,9.399704414894586
134.91756545912887,356.5771725061957,9.075040706531636

Iteration: ,17500
Error:,0.22219465668621288
Absolute Error:,1
Transition Probabilities
0.9790480065093572,0.01704832743564361,0.003903666054999188
0.999475890985325,0.0002620545073375262,0.0002620545073375262
0.0005307855626326961,0.9770442900773705,0.022424924359996795

0.026716801899861482,0.5263547757070799,0.44692842239305863
0.8371848164374184,0.15453676037977648,0.008278423182805198
0.2579164929386261,0.724906947018671,0.017176560042702807

Transition Gammas
4813.0,83.80957767362399,19.19042232637601
3814.0,1.0,1.0
1.0,1840.7514425057673,42.24855749423399

135.0,2659.670681647873,2258.329318352124
1054.8645266765168,194.71847003369658,10.430928489026764
151.13547332348344,424.78537647927345,10.065224998002991

Iteration: ,20000
Error:,0.21983871600298166
Absolute Error:,1
Transition Probabilities
0.9793614394073029,0.01688294869646709,0.003755611896230034
0.9995387453874539,0.00023062730627306272,0.00023062730627306272
0.00046533271288971595,0.976600960288533,0.02293370699857715

0.02544884085759109,0.5236980387771627,0.4508531203652462
0.8385764499022379,0.15173339889093101,0.009690151206830984
0.2460799505310295,0.7355835736204447,0.018336475848525848

Transition Gammas
5552.0,95.70943616027193,21.290563839728062
4334.0,1.0,1.0
1.0,2098.7154636600585,49.28453633994231

146.0,3004.455648464581,2586.5443515354164
1204.9051610333665,218.01751700292937,13.923254345701606
169.0948389666338,505.45924468627516,12.599983965093806

Iteration: ,21585
Error:,0.21840323867790107
Absolute Error:,1
Transition Probabilities
0.9797054009819968,0.016802563342829497,0.003492035675173776
0.99957310565635,0.00021344717182497332,0.00021344717182497332
0.00043177892918825543,0.9778479059060987,0.02172031516471288

0.02566585956416466,0.5222432749732138,0.4520908654626216
0.8388384064683015,0.15101813678182766,0.010143456749870884
0.24120529682919833,0.7402882723862225,0.018506430784579024


Model Num 2
Model States: 
"['diamond', 'x', 'square']","['diamond', 'x', 'diamond']","['square', 'y', 'diamond', 'x', 'square']","['square', 'y', 'diamond', 'x', 'diamond']"
Iteration: ,0
Error:,0.6712493173948721
Absolute Error:,0.74
Transition Probabilities
0.25,0.25,0.25,0.25
0.25,0.25,0.25,0.25
0.25,0.25,0.25,0.25
0.25,0.25,0.25,0.25

0.25,0.25,0.25,0.25
0.25,0.25,0.25,0.25
0.25,0.25,0.25,0.25
0.25,0.25,0.25,0.25

Transition Gammas
1.0,1.0,1.0,1.0
1.0,1.0,1.0,1.0
1.0,1.0,1.0,1.0
1.0,1.0,1.0,1.0

1.0,1.0,1.0,1.0
1.0,1.0,1.0,1.0
1.0,1.0,1.0,1.0
1.0,1.0,1.0,1.0

Iteration: ,2500
Error:,0.04317025638262711
Absolute Error:,0.7305594517925397
Transition Probabilities
0.0013831258644536658,0.0013831258644536658,0.9770296168301755,0.02020413144091713
0.9642778160627897,0.025966086376234654,0.004878048780487803,0.004878048780487803
0.015549721530035811,0.0051879231630622205,0.03012527072208843,0.9491370845848136
0.011102148784165676,0.013132081898735687,0.011051225521231167,0.9647145437958674

0.017372952383068765,0.007357542027190697,0.9564216875113754,0.01884781807836514
0.8374600184317692,0.024208415542543608,0.11660067771059879,0.021730888315088456
0.9734534051528008,0.0019221648651213058,0.012685565301294494,0.0119388646807836
0.005747584960317039,0.9640226172423161,0.0142251747267447,0.0160046230706223

Transition Gammas
1.0,1.0,706.3924129682167,14.60758703178308
197.67695229287196,5.323047707128105,1.0,1.0
3.8108904049456513,1.2714444156135045,7.383032867787477,232.61235911110398
2.2528732686936133,2.664791910747231,2.2425398044201534,195.76206821668828

3.0379752391422943,1.2865994222915071,167.24764684613746,3.2958822065117235
51.195518990373046,1.4799063481931567,7.128020536671958,1.3284504106788328
640.9079352144597,1.2655261241325704,8.351996532391459,7.8603794191513305
1.480659287155885,248.34587937425167,3.6646064766318647,4.123017571825348

Iteration: ,5000
Error:,0.03890967891083685
Absolute Error:,0.7357866666607904
Transition Probabilities
0.000677506775067751,0.000677506775067751,0.9751023495709168,0.023542636878947695
0.9647918004506132,0.030306238765072997,0.002450980392156863,0.002450980392156863
0.01426112757810763,0.0030414855362184143,0.02732101237431175,0.9553763745113621
0.01523603793997641,0.009264000520729261,0.016327127560011288,0.9591728339792831

0.017525859193879133,0.005139777725687196,0.9564839533881326,0.020850409692301057
0.8730811021506371,0.018009493815070436,0.08641285368292335,0.02249655035136909
0.9791152979199663,0.0009407542115826303,0.011198490281530324,0.008745457586920599
0.0029726683121294698,0.9670545681248218,0.012475414538864657,0.017497349024184164

Transition Gammas
1.0,1.0,1439.2510679666725,34.74893203332678
393.63505458385015,12.364945416149782,1.0,1.0
6.705191057631847,1.4300230825138196,12.845590704826497,449.1917688808978
5.512816394436664,3.35196946541767,5.907602543488302,347.0550378707875

6.0747552775643925,1.7815327350987011,331.53330056306083,7.22709996220452
98.1197454346436,2.023966552693309,9.711362649774378,2.528236824960084
1321.8671294048645,1.2700772542131367,15.118665016839277,11.806916856792565
1.4950655115195708,486.36772782940216,6.274350200075076,8.800067926293089

Iteration: ,7500
Error:,0.03393754251837502
Absolute Error:,0.7376374656959026
Transition Probabilities
0.00044722719141323847,0.00044722719141323847,0.9781272868984877,0.02097825871868586
0.9712357821778803,0.02545843269815277,0.0016528925619834704,0.0016528925619834704
0.01817261009447712,0.0021877343290909873,0.02762533643552297,0.9520143191409088
0.011449079881838116,0.0065506581517445015,0.017496867227264096,0.9645033947391533

0.016302885929800705,0.004805563451138254,0.9645422454158079,0.014349305203253072
0.9068926774652912,0.014917032961876282,0.062474570791296966,0.015715718781535548
0.9803410669971812,0.0006255498942613883,0.01142978230302892,0.007603600805528426
0.0020159877757855793,0.9681377713565681,0.016334965648201086,0.013511275219445265

Transition Gammas
1.0,1.0,2187.092613505016,46.90738649498153
587.5976482176178,15.402351782382432,1.0,1.0
12.935611904246514,1.5572711945940425,19.66424355094534,677.6620251944396
6.047184722592484,3.459932178566957,9.241510172165347,509.4322210824509

8.234244868521536,2.4271890485081458,487.17000591099924,7.247532323142518
145.9381018062904,2.4004642766799797,10.05347214614988,2.5289896197078323
1994.8336237771473,1.2728916541720725,23.257736330860705,15.472083195603515
1.5042568274604742,722.3892277412202,12.18855783640043,10.081622637135357

Iteration: ,10000
Error:,0.03229916845552647
Absolute Error:,0.7392001216325328
Transition Probabilities
0.00033590863285186433,0.00033590863285186433,0.9774770992615499,0.021851083472746273
0.9757960873302757,0.02171325264481767,0.0012453300124532992,0.0012453300124532992
0.01766428401773606,0.0037728519955193543,0.03016046733775724,0.9484023966489874
0.01207613355541179,0.0052520997813577126,0.0170938203432785,0.965577946319952

0.019564465522371403,0.0045337455940130614,0.9613069021810676,0.014594886702547914
0.9138101024188029,0.017788847862940594,0.05564050518884396,0.012760544529412566
0.9801117347668531,0.0004662233376979042,0.01243732545752931,0.006984716437919838
0.0015412729756715867,0.9731182134431944,0.014301097952975822,0.011039415628158222

Transition Gammas
1.0,1.0,2909.949324501634,65.05067549836565
783.5642581262119,17.4357418737886,1.0,1.0
16.589726647724454,3.543341084481143,28.325739565703724,890.7089863736212
8.270125186669926,3.5968070811244766,11.706398700269895,661.2588753604056

13.624192188568955,3.1571841937762635,669.4294803268019,10.163504910396368
192.47183618047018,3.7467874371846723,11.71931692521133,2.6876978375897567
2681.213175809238,1.275409845187435,34.02379515075165,19.10752935439233
1.5125746113332124,954.9988397342432,14.034812793908237,10.83386270094779

Iteration: ,12500
Error:,0.03375161047616695
Absolute Error:,0.7404060269630997
Transition Probabilities
0.0002685284640171858,0.0002685284640171858,0.9746978329859811,0.024765110085984553
0.974586474356307,0.023417517659661078,0.0009980039920159678,0.0009980039920159678
0.022361760262649903,0.0031450275121466817,0.02901550764085599,0.9454777045843474
0.013935951517550515,0.005590183463146765,0.01718955158012778,0.963284313439175

0.01773854165374078,0.007996213197297148,0.9594271154386116,0.014838129710350574
0.9243936584007011,0.018151033873044804,0.047130447777334064,0.010324859948920236
0.9807202310198085,0.00037317305067620203,0.012561829566095998,0.006344766363419293
0.001236012080844023,0.972496740367061,0.01567304439706268,0.010594203155032218

Transition Gammas
1.0,1.0,3629.7747300397937,92.22526996020648
976.5356473050199,23.46435269498041,1.0,1.0
26.196703793834757,3.6843858976871258,33.99153958218758,1107.622972420502
11.504189272314175,4.614721036163938,14.190050434299696,795.1954375630105

15.68656004746334,7.071217066216301,848.4412840284697,13.121665649688785
248.365416297334,4.876806588986401,12.662974454789333,2.774075867051946
3356.968724689936,1.2773574159008456,42.99867346921069,21.717898309607797
1.519105007607045,1195.2348128865576,19.262756891313913,13.020671329867625

Iteration: ,15000
Error:,0.03162755901084913
Absolute Error:,0.740724179692174
Transition Probabilities
0.000224517287831163,0.000224517287831163,0.9756598309873089,0.023891134437028807
0.9753613635969683,0.022967792626924638,0.0008354218880534667,0.0008354218880534667
0.021728244604608073,0.0026363642532832906,0.02962309047035819,0.9460123006717505
0.013748246520035652,0.0045472853467394695,0.01725175465528485,0.96445271347794

0.017489571159290448,0.007681975098195889,0.9615088216397856,0.013319632102728273
0.9315651877971765,0.015369351449703828,0.04425236853031595,0.008813092222803649
0.980923522627158,0.0003122395774714763,0.012934364393729678,0.005829873401640924
0.0010359987867443901,0.9730360024867403,0.016434732152491804,0.009493266574023456

Transition Gammas
1.0,1.0,4345.588887217474,106.4111127825263
1167.5075522255715,27.492447774428804,1.0,1.0
30.646686569707,3.7184701490712078,41.7820024300816,1334.3067052745703
14.003223363936335,4.631619917285448,17.57170803605548,982.3395842592925

18.551237310065023,8.148292588691673,1019.8751109163444,14.12817122672648
298.37771005116235,4.922760050080996,14.17390920074892,2.8228086561800474
4017.644229383513,1.2788637520422041,52.97627518201885,23.877862738379616
1.5241850036567568,1431.5527218607904,24.17915214424278,13.966709935358772

Iteration: ,17500
Error:,0.03319903706704666
Absolute Error:,0.7413765038707785
Transition Probabilities
0.00019212295869356412,0.00019212295869356412,0.9752941840135274,0.02432157006908537
0.9737831923668174,0.024781057453713798,0.0007178750897343859,0.0007178750897343859
0.023361732235628468,0.002305387606999643,0.02810926837540632,0.9462236117819657
0.01441262787496085,0.004824218399972382,0.017134917572398906,0.9636282361526678

0.018768756327738733,0.008767184031439047,0.9585175015952085,0.013946558045613669
0.9328768992578821,0.016767083333039758,0.04275539731566719,0.007600620093411001
0.9789996887824582,0.0002677890517596489,0.015116586863944102,0.0056159353018379035
0.0008917629238518477,0.9729260668497167,0.017408670837965514,0.008773499388465998

Transition Gammas
1.0,1.0,5076.406227790404,126.59377220958919
1356.4799869669773,34.52001303302334,1.0,1.0
38.36438159505432,3.7858823561276096,46.16073360635666,1553.878083633352
17.11947675861105,5.730259290207015,20.353042185389526,1144.6081405749032

23.003862486474763,10.745469349760567,1174.8037223429644,17.093551529931773
353.8900181890183,6.360649974746483,16.219405095953043,2.8833210311508424
4680.315154404133,1.2802222222286113,72.26804195430684,26.848166961149758
1.5287388488025748,1667.8758845248342,29.84348272864026,15.040308355903187

Iteration: ,20000
Error:,0.033836921164248863
Absolute Error:,0.7423537424045518
Transition Probabilities
0.00016820857863751048,0.00016820857863751048,0.9763213565032581,0.02334222633946691
0.976982782845743,0.021757771310428314,0.0006297229219143576,0.0006297229219143576
0.021492005719491822,0.0025381697161913856,0.027962158757373876,0.948007665806943
0.016104803237683197,0.004410628700156236,0.017051909485240144,0.9624326585769204

0.01991169905460366,0.008590757408144616,0.9565165696149602,0.014980973922291531
0.9333070933949273,0.0187697967080094,0.04107058583899594,0.006852524058067352
0.9788041670510319,0.00023425316171864384,0.01573649329312818,0.005225086494121237
0.0007844936756813333,0.974452646553148,0.01692406497931473,0.007838794791855964

Transition Gammas
1.0,1.0,5804.23046441187,138.7695355881308
1551.44865915904,34.551340840960165,1.0,1.0
40.30608833411733,4.760081219176712,52.44020756355786,1777.8927298898238
21.928314469911246,6.005515976794723,23.217895182344346,1310.4491673642756

27.98436885335094,12.0736519460198,1344.310820741248,21.054612108900347
401.860144958394,8.081834242235322,17.68403100714586,2.950536142706226
5353.27181943103,1.2811764512805297,86.06596591897875,28.57702206902288
1.5319624004988486,1902.915041717191,33.04938206084561,15.30762995115281

Iteration: ,22500
Error:,0.033678559462171714
Absolute Error:,0.7423801975937201
Transition Probabilities
0.00014885382554331655,0.00014885382554331655,0.9769377564644186,0.02276453588449483
0.9756859174028475,0.02319801116858108,0.0005580357142857144,0.0005580357142857144
0.022925625334549456,0.0022766953669294157,0.027018519491603037,0.9477791598069181
0.015784789180508907,0.004052040775711991,0.01580275114541505,0.964360418898364

0.019308849988184464,0.009301385340746503,0.9566762458413961,0.014713518829672928
0.9350368954037467,0.02022089281773463,0.03851238228087822,0.0062298294976404845
0.9790419970710155,0.0002079679866541189,0.015926035521048067,0.004823999421282319
0.0006990301617708677,0.9751214311613556,0.016959931043501134,0.0072196076333723965

Transition Gammas
1.0,1.0,6563.06784792796,152.9321520720362
1748.4291639859025,41.57083601409729,1.0,1.0
48.40873827684556,4.807369419393806,57.05111287524083,2001.2886288514123
23.699979383167932,6.083912920592699,23.72694827030913,1447.933310003039

30.24541283689637,14.56970455299424,1498.5391685383247,23.04727891921176
447.50719495015363,9.677687659955705,18.431965893626014,2.9815866488380784
6035.238036854602,1.2820045588013387,98.17496659027883,29.737217488307436
1.5347680965932433,2140.9451904900106,37.23667805698923,15.851137864424528

Iteration: ,25000
Error:,0.033217205291764626
Absolute Error:,0.7423025970472182
Transition Probabilities
0.00013457139012246008,0.00013457139012246008,0.9761677358219435,0.023563121397811634
0.9757372288340946,0.023264268919275223,0.0004992511233150274,0.0004992511233150274
0.02275854083996025,0.0020441801319021806,0.025746839018204123,0.9494504400099334
0.015617321665770002,0.003611560578122519,0.01608330927406971,0.9646878084820378

0.01856448581150709,0.008821397859915208,0.9582350161773655,0.014379100151212243
0.9322033574563019,0.022076399471200533,0.03835957185583024,0.007360671216667263
0.9791646546983719,0.00018857681258002015,0.016137713049843124,0.00450905543920492
0.0006250035195848187,0.9755784752287754,0.01705030714218829,0.006746214109451451

Transition Gammas
1.0,1.0,7253.902444892856,175.0975551071381
1954.401669354692,46.59833064530828,1.0,1.0
53.73965791773233,4.8269149495631725,60.79591530190691,2241.9337959657773
26.34179448551361,6.091632647190887,27.12777751597978,1627.14251121634

32.41887945224157,15.40467302593374,1673.3512466644975,25.110004078050746
500.32770843546115,11.848739086363306,20.588165156970717,3.9505841004811253
6661.0732070610175,1.2828526312938489,109.78183036300699,30.674257114083495
1.537626066858948,2400.1063142408398,41.946958518242596,16.59695400466692

Iteration: ,27500
Error:,0.032609066091364484
Absolute Error:,0.7424663685470894
Transition Probabilities
0.00012233912405187184,0.00012233912405187184,0.9764775340939159,0.023277787657980335
0.9742722225190565,0.02481909960724958,0.0004543389368468877,0.0004543389368468877
0.02152467106349259,0.002242387634532018,0.025999284373924122,0.9502336569280513
0.015273317583652937,0.0033011940932344067,0.016557375526722505,0.9648681127963902

0.018010920923883133,0.008955714882476078,0.9594832519162507,0.01355011227739004
0.933419764921977,0.022334634343271553,0.037447877687449456,0.006797723047301964
0.9791792181445046,0.00017116374199637027,0.016436729475135213,0.00421288863836386
0.0005716244211789464,0.9771174972705776,0.01613879949461396,0.006172078813629474

Transition Gammas
1.0,1.0,7981.727363683665,190.27263631633116
2144.373161764444,54.62683823555634,1.0,1.0
55.77448833798025,5.810449906645108,67.36905659704752,2462.2348866728908
28.298572635151455,6.116489120223195,30.677689468850303,1787.718367261223

34.70689994867219,17.257590642284505,1848.9165194504865,26.110957518060015
547.9248996479215,13.110609761121799,21.982205000382116,3.990318031072149
7343.816369684252,1.2837232113149812,123.27500497029116,31.59654532364418
1.5405440245226565,2633.3593630799255,43.4945222828638,16.63392742320082

Iteration: ,30000
Error:,0.03256695527642513
Absolute Error:,0.742715239352069
Transition Probabilities
0.0001119319453772107,0.0001119319453772107,0.9764447913166148,0.0233313447926308
0.9755000514435287,0.02366452666841769,0.0004177109440267335,0.0004177109440267335
0.020483628845240652,0.0020705742635673896,0.026315076230718083,0.9511307206604738
0.01464360629561854,0.00304137268380685,0.01698616928653281,0.9653288517340418

0.017914290386453792,0.00866666135434905,0.9595767312756917,0.01384231698350556
0.9312147854055853,0.025507984797898994,0.036923588162338906,0.006353641634176681
0.9792041836251479,0.00015637180304980508,0.016688665774788034,0.003950778797014191
0.0005269910424625192,0.9781312581417528,0.015564394554676843,0.005777356261107781

Transition Gammas
1.0,1.0,8723.557765622632,208.4422343773635
2335.347123155808,56.65287684419195,1.0,1.0
57.5806265009785,5.820500079052851,73.97315130213458,2673.6816603022094
29.476760336331385,6.122113083637279,34.192208598321336,1943.1529797973449

37.645797790549324,18.21246467634032,2016.4924655590492,29.088791957273386
589.9808864402927,16.16085109281781,23.39332624007362,4.025416243603626
8042.768160793276,1.2843717172028122,137.07362773172952,32.450022630956056
1.5427261291172885,2863.4047413604235,45.563579318520524,16.91277031879388

Iteration: ,32500
Error:,0.03202812302391939
Absolute Error:,0.7432175778387438
Transition Probabilities
0.00010332713370531107,0.00010332713370531107,0.9762743789802322,0.023518966752357318
0.97538440890655,0.02384249484296678,0.00038654812524159223,0.00038654812524159223
0.01988769531920113,0.0019217399125950427,0.02643479464374318,0.9517557701244606
0.014438325504868144,0.0028300854086646607,0.015990823156288053,0.9667407659301791

0.01914062378482882,0.009018777019397687,0.9586056669896843,0.013234932206089095
0.9337593683216135,0.026922089611641352,0.033565158058982705,0.0057533840077623345
0.9790558399749847,0.00014451675669371417,0.017071114993363105,0.003728528274958497
0.0004867183589051907,0.9777585786869156,0.015990756250261976,0.00576394670391722

Transition Gammas
1.0,1.0,9448.383439770681,227.616560229314
2523.319465841247,61.68053415875511,1.0,1.0
60.54462711175335,5.850402701086535,80.47613153727134,2897.454796987497
31.44196665702356,6.163003530136564,34.82280049226254,2105.2462709829797

43.51494462525242,20.50359418785782,2179.3267024856436,30.08874467944031
655.0938380889132,18.887623097977077,23.548174149452375,4.036378685462621
8705.616007347799,1.2850210774851518,151.79376485134293,33.15350780723284
1.544917905812595,3103.5540536689205,50.75708611872321,18.29564122270103

Iteration: ,35000
Error:,0.031827371821870246
Absolute Error:,0.7433973002192578
Transition Probabilities
9.593246354566389e-05,9.593246354566389e-05,0.9761331772736507,0.023674957799257948
0.9760733938098343,0.023209246075388237,0.0003586800573888089,0.0003586800573888089
0.019712086314104683,0.002096564619338001,0.02639442668843812,0.9517969223781192
0.01518364447063739,0.0031032794386024825,0.015054630380498141,0.9666584457102619

0.01959658605503487,0.008981266371268459,0.9588108195006494,0.012611328073047318
0.9365954193953412,0.0260635158662861,0.031902514796371725,0.00543854994200105
0.9793814406845646,0.00013394937569013608,0.01688354231999708,0.0036010676197482687
0.0004543148396409745,0.9782800425963356,0.0155585772879475,0.00570706527607576

Transition Gammas
1.0,1.0,10175.212239900531,246.78776009946475
2721.29262194182,64.70737805818246,1.0,1.0
64.37872811667285,6.84727945366281,86.2029311607948,3108.523081304802
35.515272927537154,7.2587195021272,35.21350278061004,2261.060484753805

48.31948679931335,22.145193078471188,2364.1488678584024,31.095870404980875
696.1625542486773,19.372765873538622,23.712838785755046,4.0424229508582625
9399.518083654664,1.285566099980038,162.0381546561019,34.56089609848839
1.5467590761602477,3330.6495911692073,52.97069021846461,19.430259026945123

Iteration: ,37500
Error:,0.030919228848942288
Absolute Error:,0.7436698604441145
Transition Probabilities
8.929368693633362e-05,8.929368693633362e-05,0.9757155217057301,0.024105890920397263
0.9765071108667461,0.022819034685814435,0.0003369272237196764,0.0003369272237196764
0.02007115731951035,0.0019712327478834057,0.026459325992495526,0.9514982839401108
0.01456872946007605,0.0029432426605816592,0.015946270272959515,0.9665417576063827

0.01893899776529325,0.00896573027064413,0.9592142086918168,0.012881063272245677
0.940357647472319,0.024783423370576818,0.029780621549267475,0.005078307607836647
0.9797110298042343,0.0001245559134476208,0.016769621765290045,0.0033947925170280248
0.0004258294024052653,0.9790126553507474,0.015178779845704895,0.005382735401142451

Transition Gammas
1.0,1.0,10927.03812758247,269.9618724175289
2898.273105052504,67.72689494749727,1.0,1.0
69.93800338905427,6.868765981325469,92.19759486098175,3315.498411354499
35.93373077651827,7.259499853101987,39.33143136801255,2383.9725624165194

50.11084840435623,23.722498729575154,2537.992685502378,34.0821102004301
753.3128542112705,19.853798654798627,23.857013424378767,4.068190872808152
10116.429065997248,1.2861558406616427,173.16196704048485,35.054395273221246
1.5487706700277923,3560.7360074920857,55.206260767929635,19.577376918364315

Iteration: ,40000
Error:,0.030150257180286702
Absolute Error:,0.7439766157333305
Transition Probabilities
8.366800535475233e-05,8.366800535475233e-05,0.9761431945633845,0.023689469425906027
0.9773518663489428,0.022016820519744067,0.00031565656565656547,0.00031565656565656547
0.019809517166904635,0.00185235646031449,0.026783565855585917,0.951554560517195
0.01397843593477394,0.003118815921054839,0.016555286262523776,0.9663474618816474

0.01894539030244734,0.00902123963604449,0.9591694950064888,0.012863875055019198
0.9431054166703726,0.02387506407595264,0.028209623340607153,0.0048098959130674695
0.9798178455553288,0.00011698044704128738,0.016833942333305464,0.003231231664324629
0.0003993876213223034,0.9791669821604813,0.0153000747365684,0.005133555481628107

Transition Gammas
1.0,1.0,11666.863461421573,283.1365385784289
3096.2507125934526,69.74928740654924,1.0,1.0
73.87247603375317,6.907697803415562,99.87968460285217,3548.4808071977286
36.970996761871724,8.248829400959528,43.78640340447534,2555.8531047949555

53.129973053976926,25.298936106615724,2689.870655095893,36.075125618003646
801.2862321196102,20.284858719797597,23.967609979287072,4.086609306811354
10776.398677268171,1.2865941771528828,185.14591739347716,35.538279682627675
1.550275184819264,3800.76445336988,59.38923723136821,19.92656569252696

Iteration: ,42500
Error:,0.03001894744851904
Absolute Error:,0.7441265752184072
Transition Probabilities
7.885191610156117e-05,7.885191610156117e-05,0.9757681622261332,0.024074133941663745
0.9767262586743729,0.022682899375848706,0.000295420974889217,0.000295420974889217
0.01982782405892297,0.0017507694384288357,0.0257368242144485,0.9526845822881996
0.014705154601782176,0.002977610312190757,0.016367660323374056,0.965949574762653

0.018408315478252262,0.008997633091622567,0.9585588551377385,0.014035196292386637
0.9439356058177604,0.02317127304534296,0.02826905476943868,0.004624066367457961
0.9798326851585981,0.00011022911196508222,0.016984928743059013,0.00307215698637782
0.0003753337404641753,0.9791086106396856,0.015168611467268637,0.005347444152581614

Transition Gammas
1.0,1.0,12374.691833351837,305.30816664818
3306.218385612754,76.78161438724791,1.0,1.0
78.52664437322778,6.933794079595277,101.92880652855939,3773.037483633299
41.197568083941974,8.341993463234962,45.85519967707897,2706.178510161077

55.14611537531648,26.954368158323884,2871.5716699829045,42.04548509447058
843.2010269640275,20.69848950233281,25.252247998678627,4.130596923942216
11440.32769720592,1.2870127540687466,198.3125830333318,35.86988186226299
1.5517058101990209,4047.8335842298284,62.710116381500235,22.107418722904985

Iteration: ,45000
Error:,0.03003974195232003
Absolute Error:,0.7442669763075505
Transition Probabilities
7.446016381236027e-05,7.446016381236027e-05,0.975838771000466,0.024012308671909306
0.9763290930753353,0.02311271546499401,0.0002790957298353333,0.0002790957298353333
0.019596233004564294,0.0016532949007812482,0.025694247665191145,0.9530562244294634
0.014340882396171432,0.002818824807462754,0.01690323411723252,0.9659370586791333

0.018405694800703865,0.008515268073889332,0.959185387794363,0.01389364933104376
0.9461698541784124,0.021965430283186715,0.027460563734637723,0.00440415180376309
0.9800717542273162,0.00010412877644086748,0.016895655907064773,0.002928461089178216
0.00035455840728914153,0.9784367266053026,0.016090148428958426,0.005118566558449885

Transition Gammas
1.0,1.0,13105.51469453628,322.4853054637425
3498.187140488929,82.8128595110736,1.0,1.0
82.2733641764512,6.941238830512146,107.87543682022084,4001.3374925096864
42.44288070170401,8.342516291332627,50.026346307825676,2858.7607243622806

58.35174359996362,26.99603273403973,3040.914261561479,44.04716432665548
891.9456146688065,20.70660899719119,25.88682073443533,4.151753377424217
12117.291605238017,1.2874146644756579,208.8924495626077,36.20654999912898
1.5530799848323849,4285.867900112687,70.48003083344987,22.420969604813422

Iteration: ,47500
Error:,0.028759904534635568
Absolute Error:,0.7441534971116461
Transition Probabilities
7.043245527539078e-05,7.043245527539078e-05,0.9761475678252267,0.023711567264222477
0.9771954803856253,0.022273169986319417,0.00026567481402763,0.00026567481402763
0.020075520765729292,0.0017949664393067412,0.025025656214146087,0.953103856580818
0.013795995360816772,0.003015603576272005,0.016508746799001963,0.9666796542639092

0.0182184636994409,0.00810321087154971,0.9602095107205733,0.013468814708436184
0.9488514182405166,0.020817940809956016,0.02615067280179591,0.00417996814773152
0.9800555493355796,9.843762972890973e-05,0.017048713069766845,0.0027972999649245513
0.000337154758580925,0.9783324092947201,0.016389448299294927,0.004940987647403767

Transition Gammas
1.0,1.0,13859.343167982592,336.65683201743127
3678.163788171496,83.83621182850634,1.0,1.0
88.79233780982672,7.938985408951416,110.6863700528431,4215.498097854614
42.89291132201129,9.375765459210573,51.327083981072484,3005.4884481114805

60.938192767942084,27.104098033520476,3211.7654499977048,45.051286464048346
944.2409233305422,20.716785867996368,26.023605969700473,4.159657568542307
12822.085689301064,1.287861411826556,223.0486425193506,36.59712949256533
1.5546140770680315,4511.07183521005,75.57142941924985,22.782798568834234

Iteration: ,47633
Error:,0.029549825736720912
Absolute Error:,0.7442133913075537
Transition Probabilities
7.022965095863462e-05,7.022965095863462e-05,0.9762157117777649,0.023643828920317828
0.9772495728067618,0.022220345030502957,0.0002650410813676118,0.0002650410813676118
0.020016917495482667,0.001789726679673413,0.02495397082869992,0.9532393849961441
0.013747131857711018,0.003004922726441234,0.01645094852888714,0.9667969968869606

0.018329499231845747,0.008090002568231275,0.9598372769779069,0.01374322122201622
0.9491239910545732,0.02070319926585638,0.026008475373208412,0.004164334306362045
0.9801058534025162,9.818627718303238e-05,0.01700583692129379,0.00279012339900701
0.00033616182923417636,0.9781857166506333,0.016534581090311452,0.004943540429821135


Model Num 3
Model States: 
"['diamond', 'x', 'square']","['diamond', 'x', 'diamond']","['square', 'y', 'diamond', 'x', 'diamond']","['square', 'x', 'square', 'y', 'diamond', 'x', 'diamond']","['square', 'x', 'square', 'y', 'diamond', 'x', 'square']"
Iteration: ,0
Error:,0.6518343856301809
Absolute Error:,1
Transition Probabilities
0.2,0.2,0.2,0.2,0.2
0.2,0.2,0.2,0.2,0.2
0.2,0.2,0.2,0.2,0.2
0.2,0.2,0.2,0.2,0.2
0.2,0.2,0.2,0.2,0.2

0.2,0.2,0.2,0.2,0.2
0.2,0.2,0.2,0.2,0.2
0.2,0.2,0.2,0.2,0.2
0.2,0.2,0.2,0.2,0.2
0.2,0.2,0.2,0.2,0.2

Transition Gammas
1.0,1.0,1.0,1.0,1.0
1.0,1.0,1.0,1.0,1.0
1.0,1.0,1.0,1.0,1.0
1.0,1.0,1.0,1.0,1.0
1.0,1.0,1.0,1.0,1.0

1.0,1.0,1.0,1.0,1.0
1.0,1.0,1.0,1.0,1.0
1.0,1.0,1.0,1.0,1.0
1.0,1.0,1.0,1.0,1.0
1.0,1.0,1.0,1.0,1.0

Iteration: ,2500
Error:,0.41058910995202796
Absolute Error:,1
Transition Probabilities
0.0018903591682419665,0.0018903591682419665,0.4158790170132326,0.5699889851173943,0.010351279532889264
0.9680367071912767,0.024109889667362064,0.0026178010471204194,0.0026178010471204194,0.0026178010471204194
0.2,0.2,0.2,0.2,0.2
0.010152260984363995,0.005354516774995799,0.7719355872457806,0.20058041276719207,0.011977222227667707
0.05771165809534781,0.02263150094640098,0.12193461340311942,0.7469933907160394,0.0507288368390923

0.09435030296555205,0.022955304812324225,0.33110054907562325,0.5243069114839981,0.027286931662502324
0.4057148261173907,0.07280841755306576,0.23589617402922325,0.25872252713933946,0.026858055160980873
0.3401304165800577,0.6377701359061302,0.005524861878453037,0.011026372067224472,0.005548213568134639
0.2,0.2,0.2,0.2,0.2
0.2,0.2,0.2,0.2,0.2

Transition Gammas
1.0,1.0,220.0,301.5241731271015,5.475826872898419
369.79002214706765,9.209977852932306,1.0,1.0,1.0
1.0,1.0,1.0,1.0,1.0
5.3951386675315725,2.845510033993284,410.2238449156956,106.592919797512,6.364963909973482
5.573654739498072,2.185696558977071,11.776155084304303,72.14284582951205,4.899270463002406

15.872045567517013,3.861647843679723,55.6992700307165,88.20134041833954,4.590334202775027
40.07462879294099,7.191677795862267,23.3007299692835,25.555411259436358,2.652914119449049
246.25442160396187,461.7455783960384,4.0,7.98309337667052,4.01690662332948
1.0,1.0,1.0,1.0,1.0
1.0,1.0,1.0,1.0,1.0

Iteration: ,5000
Error:,0.40593771499335124
Absolute Error:,1
Transition Probabilities
0.000946969696969697,0.000946969696969697,0.41382575757575757,0.5714623100656084,0.012817992964694741
0.9755902789360873,0.020399025876746888,0.0013368983957219257,0.0013368983957219257,0.0013368983957219257
0.2,0.2,0.2,0.2,0.2
0.010718443356202714,0.004933908147059534,0.7529696311614166,0.22267500559031814,0.00870301174500314
0.04588914421939105,0.015166981165911888,0.15148816323238581,0.754760183847954,0.03269552753435719

0.08345246992435433,0.015453882166934376,0.32766758523196166,0.5525343993333214,0.020891663343428374
0.48096384734363656,0.05741719218086588,0.21895851406538472,0.2249654273668343,0.017695019043278453
0.3437467226040229,0.641608925931542,0.0034867503486750336,0.00690657669165873,0.004251024424101379
0.2,0.2,0.2,0.2,0.2
0.2,0.2,0.2,0.2,0.2

Transition Gammas
1.0,1.0,437.0,603.4641994292825,13.535800570717646
729.741528644193,15.258471355806666,1.0,1.0,1.0
1.0,1.0,1.0,1.0,1.0
11.57987403678496,5.330441459948872,813.4850549289715,240.5711753268796,9.402464182401602
8.33489069780418,2.7547938054619867,27.51494507102859,137.08783945395538,5.938521036763202

27.59918861556062,5.110868607657576,108.3653904578207,182.73277133209803,6.909237768884821
95.84769869454338,11.442244082238371,43.63460954217934,44.83168250178212,3.5263083972350877
492.932800214169,920.0671997858315,5.0,9.904030975838621,6.09596902416138
1.0,1.0,1.0,1.0,1.0
1.0,1.0,1.0,1.0,1.0

Iteration: ,7500
Error:,0.3994332138291547
Absolute Error:,1
Transition Probabilities
0.0006345177664974619,0.0006345177664974619,0.4225888324873096,0.5643500339788252,0.011792098000870326
0.9807284981530886,0.016556569720214496,0.000904977375565611,0.000904977375565611,0.000904977375565611
0.2,0.2,0.2,0.2,0.2
0.01055992071312961,0.004214015195871285,0.747164234614495,0.23077842098374965,0.007283408492754376
0.05453320636821233,0.014252408583147608,0.14256962170466075,0.7609677355001444,0.0276770278438348

0.06964443260856851,0.01152785843083113,0.3424893594097058,0.5617613191150077,0.014577030435886687
0.4853868364889687,0.05090664101227355,0.22925688845917913,0.22041441073466492,0.014035223304913866
0.3480224183050423,0.637183314473506,0.0032362459546925572,0.007380684779614731,0.004177336487144404
0.2,0.2,0.2,0.2,0.2
0.2,0.2,0.2,0.2,0.2

Transition Gammas
1.0,1.0,666.0,889.4156535506287,18.584346449371637
1083.7049904591627,18.295009540837015,1.0,1.0,1.0
1.0,1.0,1.0,1.0,1.0
17.138737455146458,6.839341131059596,1212.6465719587936,374.5530743082201,11.82096242263416
14.287771655528378,3.734149758265556,37.35342804120599,199.3745456417584,7.251417627387452

35.282892129201116,5.840182341376053,173.51013815230823,284.5965324477922,7.384937649275839
142.89075786336315,14.986167666059583,67.4898618476917,64.88676623721884,4.131763665713373
752.7724907938064,1378.2275092061932,7.0,15.964421178306658,9.035578821693344
1.0,1.0,1.0,1.0,1.0
1.0,1.0,1.0,1.0,1.0

Iteration: ,10000
Error:,0.4006538765197017
Absolute Error:,1
Transition Probabilities
0.0004743833017077799,0.0004743833017077799,0.4274193548387097,0.5585135648014184,0.013118313756456274
0.9819340569604066,0.016006917644946897,0.0006863417982155113,0.0006863417982155113,0.0006863417982155113
0.2,0.2,0.2,0.2,0.2
0.011290088478171692,0.004061581501865191,0.7429585713078893,0.2356575376505932,0.006032221061480459
0.05622045941540541,0.0120536602254054,0.15310082859596993,0.7508963359143088,0.02772871584891047

0.06493401720501665,0.013190759088488702,0.3434792974137149,0.5673710351509955,0.01102489114178429
0.5072756511768179,0.05050772728701092,0.21729908363443465,0.21454189918918504,0.01037563871255137
