0,1,2,3,4,5,6,7,8,9,10,11,12,13,14,15,16,17,18,19,20,21,22,23,24,25,26,27,28,29
github Code Version (SHA):,cd93f48c3be2409aefa56252372b16f046dc3cc1
Environment Observations,Environment Actions,alpha,epsilon,numActions,explore,patience,gainThresh,insertRandActions,useBudd,revisedSplitting,haveControl,confidence_factor
"['square', 'diamond']","['x', 'y']",0.99,0.99,75000,0.5,0,0.01,False,False,False,False,250

Model Num 0
Model States: 
['square'],['diamond']
Iteration: ,0
Error:,0.6703577810847617
Absolute Error:,1
Transition Probabilities
0.5,0.5
0.5,0.5

0.5,0.5
0.5,0.5

Transition Gammas
1.0,1.0
1.0,1.0

1.0,1.0
1.0,1.0

Iteration: ,2329
Error:,0.2580611227244042
Absolute Error:,1
Transition Probabilities
0.9850746268656716,0.014925373134328358
0.6712598425196851,0.328740157480315

0.0167427701674277,0.9832572298325722
0.632,0.368


Model Num 1
Model States: 
['square'],"['diamond', 'x', 'square']","['diamond', 'x', 'diamond']"
Iteration: ,0
Error:,0.7080140679313784
Absolute Error:,1
Transition Probabilities
0.3333333333333333,0.3333333333333333,0.3333333333333333
0.3333333333333333,0.3333333333333333,0.3333333333333333
0.3333333333333333,0.3333333333333333,0.3333333333333333

0.3333333333333333,0.3333333333333333,0.3333333333333333
0.3333333333333333,0.3333333333333333,0.3333333333333333
0.3333333333333333,0.3333333333333333,0.3333333333333333

Transition Gammas
1.0,1.0,1.0
1.0,1.0,1.0
1.0,1.0,1.0

1.0,1.0,1.0
1.0,1.0,1.0
1.0,1.0,1.0

Iteration: ,2500
Error:,0.22076038442602466
Absolute Error:,1
Transition Probabilities
0.9806896551724138,0.01602847712969589,0.003281867697890317
0.9962264150943396,0.0018867924528301887,0.0018867924528301887
0.003703703703703704,0.9623340310255415,0.03396226527075483

0.018387553041018388,0.45977114417631393,0.5218413027826676
0.8286703720483601,0.15615141993100473,0.015178208020635098
0.33887043390215615,0.6427517007207887,0.018377865377055245

Transition Gammas
711.0,11.62064591902952,2.37935408097048
528.0,1.0,1.0
1.0,259.8301883768962,9.169811623103802

13.0,325.05819893265397,368.94180106734603
140.5925701033443,26.492716759161922,2.5751412710816073
38.40742989665571,72.84920257610248,2.082939393654001

Iteration: ,5000
Error:,0.2230094049299024
Absolute Error:,1
Transition Probabilities
0.9759450171821306,0.021656716678944966,0.0023982661389244527
0.9981308411214953,0.0009345794392523365,0.0009345794392523365
0.0018975332068311187,0.9768084426628236,0.021294024130345198

0.024734982332155476,0.4734043546944348,0.5018606629734096
0.847957066226861,0.13664459133341456,0.015398342439724398
0.29448188107196077,0.6840632192426888,0.021454899685350495

Transition Gammas
1420.0,31.510522767864924,3.4894772321350787
1068.0,1.0,1.0
1.0,514.7780492833083,11.221950716691925

35.0,669.8671618926253,710.1328381073746
284.3869546899734,45.82772023715783,5.164279994967367
62.6130453100266,145.44623657473414,4.561763193140762

Iteration: ,7500
Error:,0.21822248023452848
Absolute Error:,1
Transition Probabilities
0.9783410138248848,0.019569466619043605,0.0020895195560716047
0.9987484355444305,0.0006257822277847309,0.0006257822277847309
0.0012610340479192925,0.976971706231689,0.02176725972039161

0.02485928705440901,0.4772759663576292,0.4978647465879618
0.8678605202161402,0.12027320302493014,0.011866276758929595
0.27670454660954275,0.7082114320161288,0.015084021374328401

Transition Gammas
2123.0,42.465742563324625,4.534257436675382
1596.0,1.0,1.0
1.0,774.7385630417302,17.261436958270565

53.0,1017.5523602744653,1061.4476397255344
442.6959457847662,61.35140166581623,6.0529918003757475
86.30405421523382,220.8909053844237,4.7047011493843245

Iteration: ,10000
Error:,0.2182238109993597
Absolute Error:,1
Transition Probabilities
0.9796200345423144,0.017765027029704946,0.00261493842798072
0.9990605918271489,0.0004697040864255519,0.0004697040864255519
0.0009310986964618244,0.9773770170925131,0.021691884211025088

0.025044091710758377,0.4745509745609574,0.5004049337282841
0.8726364045180062,0.11644741483864003,0.010916180643353668
0.26244296912212206,0.7242390067159231,0.01331802416195475

Transition Gammas
2836.0,51.42975325099582,7.570246749004185
2127.0,1.0,1.0
1.0,1049.7029163573598,23.29708364264096

71.0,1345.3520128803143,1418.6479871196855
587.8227684412134,78.4409651188915,7.353325501157377
107.17723155878653,295.76685550519886,5.4388538747522475

Iteration: ,12500
Error:,0.21545082031076673
Absolute Error:,1
Transition Probabilities
0.9814661134163208,0.01615807535679436,0.002375811226884758
0.9992584352984798,0.0003707823507601038,0.0003707823507601038
0.0007507507507507504,0.9809911522584177,0.018258096990831557

0.023059617547806523,0.4830811378311102,0.4938592446210832
0.8781706958155135,0.11284123832586125,0.008988065858625275
0.2552816849370166,0.7337337493341115,0.010984565728871918

Transition Gammas
3548.0,58.41144241481161,8.5885575851884
2695.0,1.0,1.0
1.0,1306.6802148082131,24.319785191787645

82.0,1717.8365261274278,1756.163473872572
719.4452367162762,92.44568488284192,7.363512811453014
126.55476328372362,363.7452525556912,5.445549750013864

Iteration: ,15000
Error:,0.21238718289825984
Absolute Error:,1
Transition Probabilities
0.9810273021749191,0.016736148919538806,0.002236548905542176
0.9993836671802774,0.0003081664098613251,0.0003081664098613251
0.0006234413965087281,0.9810836304518226,0.01829292815166879

0.021311475409836064,0.48599718283045923,0.4926913417597047
0.8775885992732457,0.11073191027768721,0.011679490449067156
0.25516464561063834,0.7340949230865996,0.010740431302762097

Transition Gammas
4240.0,72.33363563024672,9.666364369753286
3243.0,1.0,1.0
1.0,1573.6581432447238,29.341856755276744

91.0,2075.207970686061,2103.792029313939
869.0540037516755,109.6550365964048,11.565906787014825
148.9459962483246,428.5095977865837,6.269458829996684

Iteration: ,17500
Error:,0.21406806204232612
Absolute Error:,1
Transition Probabilities
0.9804274016377073,0.01703063194634635,0.002541966415946441
0.9994720168954594,0.00026399155227032733,0.00026399155227032733
0.0005293806246691371,0.9807468812071526,0.01872373816817822

0.02125952667468913,0.48570220345071463,0.49303826987459626
0.880065713673404,0.10701548016566617,0.01291880616092986
0.24480798169141604,0.7436978621210386,0.01149415618754526

Transition Gammas
4909.0,85.27237415535618,12.72762584464383
3786.0,1.0,1.0
1.0,1852.6308586003113,35.36914139968866

106.0,2421.711186405263,2458.288813594737
1025.6284620875724,124.71582591684397,15.055574929213796
166.37153791242773,505.41716903342416,7.811430120518023

Iteration: ,19318
Error:,0.21567243785482532
Absolute Error:,1
Transition Probabilities
0.9811151079136691,0.016408472561259803,0.002476419525071134
0.9995185363505056,0.00024073182474723158,0.00024073182474723158
0.0004805382027871217,0.9815525049854116,0.017966956811801264

0.021311475409836064,0.48555474003671445,0.49313378455344953
0.8836327907200101,0.10365919025226966,0.012708019027720221
0.23808868595144042,0.7507240554815822,0.01118725856697749


Model Num 2
Model States: 
"['diamond', 'x', 'square']","['diamond', 'x', 'diamond']","['square', 'y', 'diamond', 'x', 'diamond']","['square', 'y', 'diamond', 'x', 'square']"
Iteration: ,0
Error:,0.6712883592148209
Absolute Error:,0.74
Transition Probabilities
0.25,0.25,0.25,0.25
0.25,0.25,0.25,0.25
0.25,0.25,0.25,0.25
0.25,0.25,0.25,0.25

0.25,0.25,0.25,0.25
0.25,0.25,0.25,0.25
0.25,0.25,0.25,0.25
0.25,0.25,0.25,0.25

Transition Gammas
1.0,1.0,1.0,1.0
1.0,1.0,1.0,1.0
1.0,1.0,1.0,1.0
1.0,1.0,1.0,1.0

1.0,1.0,1.0,1.0
1.0,1.0,1.0,1.0
1.0,1.0,1.0,1.0
1.0,1.0,1.0,1.0

Iteration: ,2500
Error:,0.05881271355412815
Absolute Error:,0.6215477787706796
Transition Probabilities
0.001388888888888889,0.001388888888888889,0.026239921654031672,0.9709823005681906
0.9594469004738742,0.03093771491074123,0.004807692307692307,0.004807692307692307
0.01160503315906382,0.012627978454042637,0.9364045367817154,0.039362451605178164
0.01795216681475618,0.008106805368667744,0.9623793121107126,0.01156171570586355

0.027731024906794424,0.007422908334587552,0.01947905162763339,0.9453670151309846
0.7595799900383742,0.05834059617878879,0.042340497663756096,0.13973891611908093
0.005547437273346965,0.9519330152739671,0.008561278583349832,0.03395826886933604
0.9724864314572463,0.0017783183863781787,0.008073952751996691,0.017661297404378648

Transition Gammas
1.0,1.0,18.892743590902803,699.1072564090972
199.56495529856585,6.435044701434177,1.0,1.0
2.2988876849305826,2.501527031906321,185.49614018459815,7.797466323751544
4.270927817193288,1.928657465969809,228.95579220033042,2.750601291319597

5.070262883138423,1.3571837586347857,3.5614952133315625,172.84825583880917
44.1793007962607,3.3932525619660865,2.4626419951583403,8.127606952700832
1.4034807713487019,240.835473519998,2.1659712904949195,8.591314338133566
651.5695657031602,1.1914800054928216,5.409578702546245,11.833135668825271

Iteration: ,5000
Error:,0.05238047352614074
Absolute Error:,0.6231911731596382
Transition Probabilities
0.0006910850034554243,0.0006910850034554243,0.03125160685645069,0.9673662231366384
0.9546901231874415,0.04066950558286006,0.002320185614849187,0.002320185614849187
0.007297645398026969,0.006844904922230045,0.9531218802568415,0.032735569422901394
0.030440880448997874,0.00483835280805522,0.9507850978944653,0.013935668848481653

0.025755275855262928,0.00842981400804777,0.023509694374493288,0.9423052157621961
0.8213237993581582,0.05907329740986636,0.024146397555037776,0.09545650567693752
0.002762927406499469,0.9643488562024162,0.006713245777893433,0.02617497061319087
0.9717523341531363,0.0009085355650468131,0.005538058678092537,0.021801071603724277

Transition Gammas
1.0,1.0,45.221075121284194,1399.7789248787171
411.47144309378746,17.528556906212692,1.0,1.0
2.6846266984443807,2.5180744610447054,350.6304166684818,12.042621814052662
14.493641688424686,2.303657152086228,452.6918514943881,6.635110023077014

9.147449924719398,2.9940002175343774,8.349891231787751,334.6766628875077
95.95689862650046,6.901651231245736,2.821071816249109,11.152374064455357
1.42403075099589,497.03167107811527,3.4600505262009715,13.490750054422287
1281.346309082487,1.1979890884002242,7.3024481622061534,28.746751257170583

Iteration: ,7500
Error:,0.042787526221985915
Absolute Error:,0.6218288204410702
Transition Probabilities
0.00046533271288971573,0.00046533271288971573,0.028153529109896706,0.9709158054643239
0.9632593377416718,0.033630242351640714,0.001555209953343702,0.001555209953343702
0.012582743145350933,0.004552894393857125,0.9572080365153309,0.025656325945460946
0.024227850153951857,0.003216378485447039,0.9576216220325734,0.014934149328027765

0.018723436841282148,0.007189697352293061,0.017550433534139667,0.9565364322722851
0.8614884234805534,0.0420289734089367,0.017268897955613923,0.07921370515489592
0.0018451449487715522,0.9701034539491626,0.004637083358353442,0.02341431774371245
0.9756278225444208,0.0006178131836324612,0.004013831580432036,0.01974053269151479

Transition Gammas
1.0,1.0,60.50193405716807,2086.498065942834
619.3757541678948,21.62424583210497,1.0,1.0
7.298480375769441,2.640855813606467,555.2178876525177,14.881666840388213
17.70961622491608,2.3510475857080073,699.9841631475617,10.91628235953162

9.98833177301029,3.8354647766322745,9.362573462615869,510.2804212441222
146.05089672814015,7.12530672221729,2.9276516818813554,13.429353611380481
1.4344603493097356,754.1819087681811,3.604980854447544,18.202857413373494
1897.1822463212568,1.2013845612498955,7.805199726940481,38.38696200523849

Iteration: ,10000
Error:,0.03971613740644467
Absolute Error:,0.6210699196498513
Transition Probabilities
0.0003460207612456743,0.0003460207612456743,0.027595483604826034,0.9717124748726825
0.9699344289546681,0.027723650670624683,0.0011709601873536295,0.0011709601873536295
0.0159177159867162,0.0051393571228267685,0.9551416277772937,0.023801299113163223
0.02507210612071049,0.004517761609693484,0.9574628495943788,0.012947282675217244

0.018860485557310763,0.007575748902599225,0.014853408184612863,0.9587103573554772
0.8809177723455064,0.03954942547375056,0.013497246535308781,0.06603555564543434
0.0014023819698031658,0.9747403533715782,0.003595652953403852,0.020261611705214882
0.9766261514556795,0.00046340772039509237,0.0035573036379868955,0.01935313718593855

Transition Gammas
1.0,1.0,79.75094761794733,2808.249052382056
828.3240023272868,23.67599767271349,1.0,1.0
12.210559836748075,3.9424266473320726,732.6939372631451,18.2580960268518
24.442670400772283,4.404343115147562,933.4257258223673,12.622240887635344

13.142579394295433,5.279020050735817,10.35032188057764,668.059523143808
194.83131125087476,8.747089304093862,2.9851665198544115,14.60498845576016
1.4405045586659548,1001.2378601419839,3.693397791962442,20.812406787701427
2536.118250794949,1.2033845043996971,9.237662401801096,50.25653301853503

Iteration: ,12500
Error:,0.038266079646747685
Absolute Error:,0.6216696543581615
Transition Probabilities
0.00027601435274634287,0.00027601435274634287,0.02593815491899033,0.973509816375517
0.9719024324627604,0.026207208368997613,0.000945179584120983,0.000945179584120983
0.015466130734216724,0.005512020814078625,0.956328163876363,0.022693684575341634
0.023169164121890205,0.004505560094746865,0.9550187170348687,0.017306558748494086

0.018002953790453677,0.0071092869732917756,0.016260810432447145,0.9586269488038074
0.8869222769746031,0.03952393283123088,0.011162804361933227,0.062390985832232786
0.0011320928055045263,0.9745314382753661,0.002981021214601044,0.021355447704528477
0.9764639973916573,0.0003676929062582356,0.003253267661878616,0.01991504204020571

Transition Gammas
1.0,1.0,93.97393527150194,3527.026064728497
1028.2727735456006,27.727226454399474,1.0,1.0
14.246655106919745,5.077408230269831,880.9234677965094,20.904329777507897
28.193354245964958,5.482582416845455,1162.112748618848,21.059453807135924

15.8200586327365,6.247271312447859,14.289153738401309,842.3914605079565
245.01410235655257,10.918567698262931,3.0837476535716744,17.235638100070673
1.4454676541691724,1244.2916915899182,3.806198326803765,27.266853695303162
3200.057841318131,1.2049994377793454,10.661575561526497,65.26537241636657

Iteration: ,15000
Error:,0.03521432799892818
Absolute Error:,0.6218302857347265
Transition Probabilities
0.00022820629849383835,0.00022820629849383835,0.024685635364618652,0.9748579520383938
0.9752546431518014,0.02313634638963046,0.0008045052292839905,0.0008045052292839905
0.013999500220978801,0.004636481400976373,0.9599768684800073,0.021387149898037378
0.021610417635355636,0.0038388176906128417,0.9581182679560042,0.016432496718027427

0.017532591585654855,0.007693428417475765,0.015468526102639683,0.9593054538942296
0.9035433878769491,0.03382485555233283,0.009477478693550959,0.05315427787716714
0.0009610918705704221,0.9775077045872911,0.002541295910737498,0.018989907631401064
0.9782121735590379,0.00030304057599902145,0.0027283556395249326,0.018756430225438145

Transition Gammas
1.0,1.0,108.17245416775899,4271.827545832243
1212.241521437689,28.758478562310653,1.0,1.0
15.3343846950185,5.078580542991634,1051.5128659758961,23.42646372297432
31.068167318924598,5.518867443065257,1377.4365291060005,23.62414119512938

18.442977858231416,8.092912520330874,16.271735015140532,1009.1177427487592
297.33320773291945,11.130901888518318,3.1187978120179394,17.491724424082037
1.449585978981868,1474.3454879869992,3.8329602335129813,28.641906864014757
3893.9986033040577,1.2063227299567316,10.86084730572578,74.6642855967465

Iteration: ,17500
Error:,0.03297942594491919
Absolute Error:,0.6219090346200872
Transition Probabilities
0.00019527436047646923,0.00019527436047646923,0.02447968979956476,0.9751297614794823
0.9747125481455029,0.02391288140776174,0.0006872852233676975,0.0006872852233676975
0.013694862173025991,0.00482020563565402,0.9605091778745141,0.02097575431680593
0.019557219963037564,0.003872558515385581,0.9578612960714398,0.018708925450136995

0.016424527747672668,0.006705743592740855,0.015055295847218913,0.9618144328123676
0.9151407422799049,0.02892947025471961,0.008181989182871923,0.04774779828250344
0.0008213701112801222,0.9783597095722305,0.0027363663644457237,0.018082553952043712
0.9781087666688426,0.00026068520703169336,0.0024062070058403395,0.01922434111828523

Transition Gammas
1.0,1.0,125.36049146357126,4993.639508536434
1418.206757551707,34.79324244829334,1.0,1.0
17.308554019338658,6.09212335070938,1213.960738068396,26.51067035956817
33.054203383718175,6.545119246233782,1618.9081144240363,31.620477148000546

19.91446383221153,8.130601396721715,18.254293166826017,1166.1838337029226
352.8021377441911,11.152797026875614,3.154294352063892,18.40757877818673
1.4527389894892802,1730.402989251533,4.839750135248852,31.98220971875423
4529.936954543264,1.207317215709448,11.143920193210418,89.03411995278655

Iteration: ,20000
Error:,0.0315279659089027
Absolute Error:,0.6221845388582377
Transition Probabilities
0.0001714089818306476,0.0001714089818306476,0.024949322160458243,0.9747078598758805
0.9737850259007664,0.025018801850429758,0.0005980861244019139,0.0005980861244019139
0.012689779749156804,0.004911576645542172,0.9627148926554802,0.019683750949820784
0.017110368654239132,0.0033939467525841327,0.9583530559355281,0.021142628657648658

0.015142499511080201,0.0071316097785123125,0.014493795154415616,0.9632320955559919
0.9155175415240127,0.026161619176010724,0.007394983199500024,0.050925856100476515
0.0007184649521013166,0.9798596649540461,0.002891357653294638,0.01653051244055792
0.9773463510843414,0.00022837835085739644,0.0021517459765659245,0.020273524588235222

Transition Gammas
1.0,1.0,145.55434548411367,5686.445654515897
1628.1685633060815,41.831436693918555,1.0,1.0
18.27896208788813,7.074868521779317,1386.7403037837678,28.3534107345806
33.08379531516871,6.562374075163845,1853.0259039382074,40.880381543443306

21.150871493829968,9.961351615635275,20.244768609345112,1345.4316611950146
397.52810498616367,11.359671904371094,3.2109856167345296,22.112584578904553
1.4558050431018223,1985.4616952435588,5.858675556499245,33.49530593752331
5170.874211859507,1.2082878538251227,11.384303802180996,107.26171470379649

Iteration: ,22500
Error:,0.030768363456294627
Absolute Error:,0.6222189626696268
Transition Probabilities
0.00015232292460015204,0.00015232292460015204,0.026619883695551332,0.9730754704552484
0.9740227091945405,0.024914026584300544,0.000531632110579479,0.000531632110579479
0.013934518488385263,0.005062029404297811,0.9619485224529899,0.01905492965432707
0.017087561136575134,0.0030656202379689304,0.960500235011435,0.01934658361402092

0.014955038026817231,0.007575700293303606,0.014252481214079899,0.9632167804657993
0.9202440613542392,0.025302497504102982,0.006542072965356196,0.04791136817630166
0.0006386702712785678,0.9815911962359389,0.002595891519102316,0.015174241973680046
0.9782955907181738,0.0002040209814932415,0.002261919148812893,0.01923846915151999

Transition Gammas
1.0,1.0,174.7595364612948,6388.240463538717
1832.1367159949307,46.863284005069325,1.0,1.0
22.94490865387034,8.335257682684249,1583.9672533935604,31.37629913002643
37.0693498322133,6.650483831232119,2083.6864278630646,41.97001961334598

23.332112179060356,11.819233676393269,22.23601771660855,1502.763278453818
456.30242700199517,12.54622714255121,3.24388267969171,23.756821149880807
1.4584294335848509,2241.5032556194337,5.927823429565596,34.65099617436398
5797.829192863962,1.2091220830198302,13.405172217180445,114.01600817889003

Iteration: ,25000
Error:,0.030883266582890923
Absolute Error:,0.622131879464122
Transition Probabilities
0.0001366493577480184,0.0001366493577480184,0.025549022800772987,0.9741776784837309
0.9749785542414927,0.024057125604216065,0.00048216007714561236,0.00048216007714561236
0.013435934951347884,0.004608757325220341,0.9638829114912058,0.018072396232226076
0.01777470597809595,0.0027835728212523966,0.9603921954767005,0.019049525723951032

0.01543938208141186,0.006836942285707629,0.013935943014795109,0.9637877326180854
0.9227229292392023,0.02314620737144447,0.0060397162517684625,0.04809114713758475
0.000579745840712129,0.9816865728330876,0.002406698376474887,0.015326982949725513
0.9792422487832924,0.00018261402355044553,0.0021857065724645093,0.018389430620692718

Transition Gammas
1.0,1.0,186.96774885605694,7129.032251143952
2022.105521496856,49.89447850314412,1.0,1.0
24.323116142135817,8.343248169790211,1744.920326610294,32.716516871722014
42.65390491804264,6.679730770031336,2304.650070745169,45.71308577281203

26.83904876208448,11.884998144490796,24.22554556571434,1675.400337632567
500.715662045503,12.560291047921785,3.2774524461689793,26.096664355547905
1.4607883050818218,2473.5602468297734,6.064169150218397,38.61947059015631
6487.769093028613,1.2098718365309913,14.480951536643596,121.83540872298174

Iteration: ,27500
Error:,0.0295544891667023
Absolute Error:,0.6224016876015241
Transition Probabilities
0.0001243008079552516,0.0001243008079552516,0.025752134881293746,0.9739992635027958
0.9758974293311579,0.02322499278380491,0.0004387889425186486,0.0004387889425186486
0.012884364970324459,0.004308483334398938,0.9644245902384809,0.018382561456795666
0.017285484474208714,0.002541031268775011,0.9606592576985856,0.01951422655843068

0.01584481076301343,0.006433471950769962,0.014078190296080156,0.9636435269901364
0.9273914565838721,0.02190052997944143,0.005531467618624291,0.04517654581806221
0.0005276712775950029,0.9822058721775565,0.0022049608613048106,0.015061495683543811
0.9795493322225033,0.00016579608170104332,0.0020042137971700204,0.018280657898625728

Transition Gammas
1.0,1.0,207.17592512000834,7835.824074879998
2224.0702414457082,52.92975855429138,1.0,1.0
25.25497566603208,8.445169165757482,1890.3934818902014,36.03213222692673
45.59693423860351,6.702920929606941,2534.098310310349,51.47607557251913

30.62358423530149,12.434100549168315,27.20920135057653,1862.4532134186934
554.8396683197099,13.102646895820522,3.309365896192244,27.0282193345361
1.4632354459173256,2723.66245498285,6.11436897575065,41.76561296483349
7152.663667523102,1.210642048124405,14.634757778294558,133.48526028112136

Iteration: ,30000
Error:,0.028428329071442954
Absolute Error:,0.622310053432851
Transition Probabilities
0.0001139990880072958,0.0001139990880072958,0.025464811900276458,0.9743071899237089
0.9761603090972927,0.02303095657193492,0.0004043671653861706,0.0004043671653861706
0.012376019334565978,0.004053220713957023,0.9636696920770771,0.019901067874399873
0.016133060614901214,0.0029566565945194916,0.9607046514787004,0.020205631311879038

0.014961059432987268,0.0058952095232288945,0.012876871535195662,0.9662668595085881
0.9300250279578266,0.021447666378422485,0.005030949484081232,0.04349635617966981
0.00048497271104279107,0.9822146219211757,0.0020383013825385388,0.015262103985243029
0.9792018626883968,0.00015181892795832516,0.001855722960659303,0.018790595422985543

Transition Gammas
1.0,1.0,223.37732998922536,8546.622670010785
2414.044444397605,56.95555560239506,1.0,1.0
26.32257442247467,8.620801326308793,2049.6305397273118,42.327611653572255
46.52933548216092,8.52728876905563,2770.766818209134,58.27503040997108

31.63023878693348,12.463481329911572,27.223909062807618,2042.8534245889564
611.7973841103153,14.108895772840059,3.309504197656508,28.613162150577363
1.4653198322033218,2967.7104138220157,6.158621654028769,46.113653699481475
7812.612971135843,1.2112952099322065,14.805982122498342,149.92174252399144

Iteration: ,32500
Error:,0.029030800139500046
Absolute Error:,0.6225423446810944
Transition Probabilities
0.0001051856526769747,0.0001051856526769747,0.025094051103753574,0.9746955775908924
0.9767489422040789,0.022500870249034452,0.00037509377344336085,0.00037509377344336085
0.011868056101405419,0.004155501632404633,0.9647174224271119,0.019259019839077927
0.01617825137663533,0.00274103766729729,0.9614478750747524,0.019632835881315133

0.015507327115608366,0.005866801097219422,0.013186712517937295,0.9654391592692348
0.9341262184149872,0.019900646903377076,0.004669521169070347,0.04130361351256542
0.0004493879241671283,0.9822304268503781,0.0018970759807722785,0.015423109244682405
0.9790157471765558,0.0001399836735856243,0.0017255394288986574,0.019118729720959855

Transition Gammas
1.0,1.0,238.5691438433856,9266.430856156629
2604.0126799160744,59.987320083925844,1.0,1.0
27.434724866326867,9.606041881879271,2230.08358166639,44.520004452764965
50.417185038308716,8.542048213485153,2996.213514912869,61.18289896796448

35.52966924703828,13.441742794769816,30.21278462272968,2211.9694613554257
666.8225839631803,14.206003995012004,3.333320605339196,29.4844334165019
1.4671550138694167,3206.771294977404,6.193545458613999,50.353137770066354
8475.549681268647,1.211868740071951,14.938365597076595,165.51495117424307

Iteration: ,35000
Error:,0.02796654431256293
Absolute Error:,0.6226631790311499
Transition Probabilities
9.749439407234064e-05,9.749439407234064e-05,0.024837222408493332,0.9749677888033621
0.9772741581336435,0.02202678559232648,0.00034952813701502974,0.00034952813701502974
0.011925580607057826,0.003914251916492995,0.9655427845435434,0.01861738293290566
0.015078161595287971,0.002839439087305148,0.962090318076052,0.01999208124135489

0.015633402686998376,0.005845760087701463,0.013039480771677086,0.9654813564536231
0.9332272807826713,0.02118314338853209,0.004356758847439747,0.041232816981356855
0.00041880180088257093,0.9825571709616622,0.001774621242275564,0.015249405995179736
0.979524319925994,0.00012962226851978228,0.0016045543545438288,0.01874150345094245

Transition Gammas
1.0,1.0,254.75539024391665,10000.244609756106
2795.9813664203534,63.01863357964605,1.0,1.0
29.382086950381765,9.643881832305155,2378.8914757728708,45.86926055402706
50.469822954253814,9.504208263059269,3220.3215035495,66.91776012359216

38.61442333454055,14.438997015435135,32.20744969352639,2384.7339294031017
717.656632220175,16.289947429849384,3.3503702112381686,31.708250692129646
1.4687306259973234,3445.8108960933514,6.223565807460232,53.47940139270725
9161.508013946954,1.21235933368116,15.00742480705064,175.28960799278187

Iteration: ,37500
Error:,0.028226942345661143
Absolute Error:,0.6223222137837268
Transition Probabilities
9.092562284051629e-05,9.092562284051629e-05,0.02418029643387979,0.9756378523204391
0.9774727133864606,0.021874758065415383,0.00032626427406199016,0.00032626427406199016
0.011976669839670107,0.00366809026867431,0.9661483275442504,0.018206912347405225
0.015718524074047342,0.002660679815245817,0.9626466748255127,0.018974121285194143

0.015001078667930857,0.006048112755180355,0.012922858899201885,0.9660279496776869
0.933108026476535,0.02060568477836757,0.005346966771201002,0.0409393219738963
0.00039201423010516104,0.9827646630166629,0.0016746017769048765,0.015168720976327136
0.97957647352647,0.00012080607111655269,0.001600515676634438,0.01870220472577897

Transition Gammas
1.0,1.0,265.9349001798104,10730.065099820209
2995.953866529502,67.04613347049816,1.0,1.0
31.491662788170665,9.644939984489337,2540.4071199825826,47.873570177172
56.328631052381354,9.53476617495865,3449.7239769208063,67.99533291942444

39.75600919934338,16.028769107627248,34.248290316402375,2560.1769648946397
757.4877335374603,16.727488155569418,4.3406139759735645,33.23413081298459
1.4702542955202689,3685.8712167111075,6.280615005021103,56.890478610969595
9834.445697960273,1.2128310330919363,16.068357025695956,187.76054935831334

Iteration: ,40000
Error:,0.02771977574787321
Absolute Error:,0.6222525100456798
Transition Probabilities
8.538251366120206e-05,8.538251366120206e-05,0.023489635806262576,0.976339599166415
0.9775917472846668,0.02179494391435183,0.00030665440049064716,0.00030665440049064716
0.012238053031760537,0.003480615387563788,0.9661140082927596,0.018167323287916006
0.015687800185930266,0.0025025217537095724,0.9625595645606287,0.019250113499731464

0.014731815746098213,0.005837168496018479,0.012780472358899928,0.9666505433989834
0.934677823060799,0.021006134278034116,0.0050304393697653115,0.039285603291401544
0.0003682186294007436,0.9825055411088858,0.0015831822547240995,0.01554305800698923
0.9794694347744938,0.00011334668226396553,0.0015099335577521843,0.01890728498549017

Transition Gammas
1.0,1.0,275.11061456294766,11434.889385437069
3187.926687895297,71.07331210470129,1.0,1.0
34.4894144817037,9.809108233273765,2722.7130314041196,51.19934856254702
60.11234171335623,9.589135571666313,3688.3252450029067,73.76237503041163

41.77733912306176,16.5533816047899,36.243606157787724,2741.2837807021283
811.4329741077503,18.236305164398058,4.367135154133068,34.10547798595367
1.471712755890978,3926.9222742389434,6.327733941570614,62.12319233186862
10484.392732539636,1.2132804655199902,16.16256297283996,202.3865107537208

Iteration: ,42500
Error:,0.02691086564863074
Absolute Error:,0.622224496517689
Transition Probabilities
8.021175904387576e-05,8.021175904387576e-05,0.023604860388718615,0.9762347160931937
0.9774601584128624,0.021962641009937084,0.00028860028860028855,0.00028860028860028855
0.012586977501011367,0.003323593107011503,0.9653663672005641,0.018723062191412933
0.015536221298698182,0.0023603536946510783,0.961577976734019,0.02052544827263168

0.014380009680232059,0.005499770993379447,0.01368715567915974,0.9664330636472287
0.9349185267671065,0.021134641536816823,0.0048481443918802,0.0390986873041964
0.0003475414695044154,0.9827379930013149,0.00218984586086391,0.014724619668316865
0.9796061589688319,0.00010644330559646423,0.0014281770589122341,0.018859220666659404

Transition Gammas
1.0,1.0,294.28179446615525,12170.718205533856
3386.8994489005686,76.10055109943201,1.0,1.0
37.408497418346315,9.877718789382394,2869.0688652044532,55.64494125732177
63.123666784412045,9.590117007859249,3906.891297671809,83.39489586640047

43.29615703849827,16.55902561265115,41.2100725154526,2909.7920391797793
850.9092775175127,19.23553983133789,4.412503254225279,35.585385050546236
1.4729233829430795,4164.964173231704,9.280835401044396,62.40474451965203
11169.34924987303,1.2136535123149432,16.28389962190384,215.03052045739972

Iteration: ,45000
Error:,0.02856325309652856
Absolute Error:,0.6224748692917155
Transition Probabilities
7.56429652042359e-05,7.56429652042359e-05,0.02378570027647411,0.9760630137931174
0.9770464905042674,0.022407806903645258,0.0002728512960436561,0.0002728512960436561
0.012305010354173276,0.0034859018834221146,0.9664103757989012,0.017798711963503383
0.01648422569611317,0.0022511352620620617,0.961171916505108,0.02009272253671656

0.015165810623550631,0.005711504932343817,0.014201007587492188,0.9649216768566135
0.9370727968666245,0.02138918624814052,0.0045926065267236985,0.036945410358511205
0.0003289023155924434,0.9823466330744121,0.0020926783634062835,0.015231786246589133
0.980249511286668,0.0001005096789068419,0.0013509985559935459,0.018298980478431596

Transition Gammas
1.0,1.0,314.4469576549882,12903.553042345031
3580.8753876981414,82.1246123018599,1.0,1.0
38.61948533512566,10.940562648193895,3033.0954840050986,55.8615617438728
70.77474124932056,9.665210767359907,4126.77519349924,86.2677607517722

48.26121357128899,18.17536603848093,45.19098102432981,3070.610090174047
906.8637712594274,20.69964913080261,4.444551681215977,35.754377120409934
1.474189275046821,4403.024248242553,9.37969680723937,68.27113966674447
11840.287521074357,1.2140414080347792,16.31850988889895,221.03065363711718

Iteration: ,46322
Error:,0.02743918285017373
Absolute Error:,0.6225584452621062
Transition Probabilities
7.346459006758738e-05,7.346459006758738e-05,0.023695091865530836,0.976157978954334
0.9765838634145798,0.022884786957364876,0.0002656748140276301,0.0002656748140276301
0.01193950946365894,0.0033823586757397036,0.9670521037069633,0.01762602815363808
0.01603994910319424,0.0021904635190960324,0.9615611998760994,0.020208387501610272

0.01501105279718562,0.005831209294078861,0.01410347932223455,0.965054258586501
0.9363360833760069,0.022763006037017766,0.004453238025897487,0.036447672561077754
0.0003201169545001639,0.982585300334301,0.002036000751985952,0.015058581959212839
0.9804355359065369,9.757921119544683e-05,0.0013130975236283911,0.0181537873586391


Model Num 3
Model States: 
"['diamond', 'x', 'square']","['diamond', 'x', 'diamond']","['square', 'y', 'diamond', 'x', 'diamond']","['square', 'x', 'square', 'y', 'diamond', 'x', 'diamond']","['square', 'x', 'square', 'y', 'diamond', 'x', 'square']"
Iteration: ,0
Error:,0.6512184565647591
Absolute Error:,1
Transition Probabilities
0.2,0.2,0.2,0.2,0.2
0.2,0.2,0.2,0.2,0.2
0.2,0.2,0.2,0.2,0.2
0.2,0.2,0.2,0.2,0.2
0.2,0.2,0.2,0.2,0.2

0.2,0.2,0.2,0.2,0.2
0.2,0.2,0.2,0.2,0.2
0.2,0.2,0.2,0.2,0.2
0.2,0.2,0.2,0.2,0.2
0.2,0.2,0.2,0.2,0.2

Transition Gammas
1.0,1.0,1.0,1.0,1.0
1.0,1.0,1.0,1.0,1.0
1.0,1.0,1.0,1.0,1.0
1.0,1.0,1.0,1.0,1.0
1.0,1.0,1.0,1.0,1.0

1.0,1.0,1.0,1.0,1.0
1.0,1.0,1.0,1.0,1.0
1.0,1.0,1.0,1.0,1.0
1.0,1.0,1.0,1.0,1.0
1.0,1.0,1.0,1.0,1.0

Iteration: ,2500
Error:,0.4029865926436073
Absolute Error:,1
Transition Probabilities
0.001862197392923649,0.001862197392923649,0.43761638733705754,0.5331242527107871,0.025534965166308064
0.9706931188466286,0.020611228979458288,0.0028985507246376803,0.0028985507246376803,0.0028985507246376803
0.2,0.2,0.2,0.2,0.2
0.010459433601267214,0.003311748191552364,0.7414931792597502,0.22980961506582193,0.014926023881608269
0.05089646055141824,0.0154886087221528,0.24946961912683838,0.6422487625636538,0.04189654903593676

0.08534326895929671,0.017261872143924283,0.3484388969918404,0.5268778799605857,0.02207808194435299
0.5886931871982556,0.015386531892501843,0.23534288422954844,0.13923421817794576,0.021343178501748414
0.3804601844682764,0.5845465450068246,0.014804845222072672,0.012202984381631936,0.007985440921194435
0.2,0.2,0.2,0.2,0.2
0.2,0.2,0.2,0.2,0.2

Transition Gammas
1.0,1.0,235.0,286.2877237056928,13.712276294307436
334.889126002087,7.110873997913112,1.0,1.0,1.0
1.0,1.0,1.0,1.0,1.0
5.465036579961484,1.7303828964755983,387.4289471999246,120.0751398822804,7.798822538199881
5.21697224957703,1.5876082739858872,25.57105280007533,65.83157129826003,4.294466281259607

15.17065358879795,3.0684772892223453,61.938637546766216,93.6580224539384,3.924608667645698
60.18775624892329,1.5731128730564143,24.061362453233787,14.235250835986635,2.18211804242925
282.6819170599295,434.31808294007084,11.0,9.066817395552533,5.933182604447468
1.0,1.0,1.0,1.0,1.0
1.0,1.0,1.0,1.0,1.0

Iteration: ,5000
Error:,0.4036624576327045
Absolute Error:,1
Transition Probabilities
0.0009442870632672331,0.0009442870632672331,0.42209631728045316,0.5543746993720211,0.021640409220991228
0.9794899409582666,0.016162232954776902,0.0014492753623188404,0.0014492753623188404,0.0014492753623188404
0.2,0.2,0.2,0.2,0.2
0.008287650605762555,0.00219056466637326,0.7321682014846219,0.24698200518979885,0.010371578053443652
0.07781834124059958,0.011491039294811997,0.2124939294812191,0.6689315411852437,0.029265148798125647

0.06962636044756253,0.01377584515799515,0.40127891094451706,0.501703142393274,0.013615741056651327
0.6068992675231999,0.019698486474591825,0.2165367071970191,0.13914288372287456,0.01772265508231479
0.3769101200514387,0.5924150333227944,0.008861622358554875,0.013544118377178508,0.008269105890033492
0.2,0.2,0.2,0.2,0.2
0.2,0.2,0.2,0.2,0.2

Transition Gammas
1.0,1.0,447.0,587.0828066349704,22.917193365029714
675.8480592612041,11.151940738796064,1.0,1.0,1.0
1.0,1.0,1.0,1.0,1.0
8.847352582327405,2.3385032598161026,781.6147827948831,263.6618005934036,11.072016936879775
15.522077755714008,2.2920664021424804,42.38521720511655,133.4287936493538,5.837388820362713

24.706405273160154,4.888257999785255,142.39088956594534,178.02569433629125,4.831446229239318
116.62012862208758,3.785208104966999,41.60911043405462,26.737321768129345,3.405537666340052
552.9271461154606,869.0728538845394,13.0,19.86922165932087,12.130778340679132
1.0,1.0,1.0,1.0,1.0
1.0,1.0,1.0,1.0,1.0

Iteration: ,7500
Error:,0.4039753559576664
Absolute Error:,1
Transition Probabilities
0.0006257822277847307,0.0006257822277847307,0.4261576971214016,0.5550248816892854,0.0175658567337434
0.9818027213873008,0.01535097880245249,0.0009487666034155596,0.0009487666034155596,0.0009487666034155596
0.2,0.2,0.2,0.2,0.2
0.008617652453487471,0.0022247991597791005,0.7355110563423902,0.2443145783517312,0.009331913692611986
0.07007152270778444,0.010214215049147761,0.2094051953594009,0.6824793889344188,0.027829677949248025

0.06080477968319417,0.016005143795801317,0.39455514268285513,0.5169214901082931,0.011713443729856336
0.6188818789009667,0.026867257395739384,0.19950661918827112,0.13980425752760742,0.0149399869874154
0.380073698719023,0.5926659650701638,0.009541117673784648,0.011418495608932313,0.006300722928096321
0.2,0.2,0.2,0.2,0.2
0.2,0.2,0.2,0.2,0.2

Transition Gammas
1.0,1.0,681.0,886.9297609394783,28.070239060521963
1034.8200683422153,16.179931657784927,1.0,1.0,1.0
1.0,1.0,1.0,1.0,1.0
13.821244719906408,3.568198393462145,1179.6342865731497,391.83891370247807,14.966797924003009
18.861190915303172,2.74936597132827,56.3657134268504,183.70335841184016,7.490929961678386

32.29541592696269,8.500857638977909,209.56119741663608,274.553984269213,6.221394751592846
168.87253448025837,7.331191953800942,54.438802583363966,38.14798930895136,4.0766316702425875
836.5422108805693,1304.45778911943,21.0,25.13210883526001,13.867891164739996
1.0,1.0,1.0,1.0,1.0
1.0,1.0,1.0,1.0,1.0

Iteration: ,10000
Error:,0.4007618533195594
Absolute Error:,1
Transition Probabilities
0.0004646840148698884,0.0004646840148698884,0.4349442379182155,0.5482522491517156,0.015874144900328947
0.9800815850151463,0.017799770917057086,0.0007062146892655364,0.0007062146892655364,0.0007062146892655364
0.2,0.2,0.2,0.2,0.2
0.008471461228145264,0.0020015264110650076,0.7407160340431138,0.24024786291356456,0.008563115404111421
0.06833773222801647,0.008702883834978073,0.21282688550896103,0.6843198235390245,0.025812674889020025

0.0570451702390901,0.014312244297290659,0.3901678315582831,0.5284384156944175,0.010036338210918563
0.6127912238338701,0.02775238391004638,0.20305535875634093,0.1415056862523641,0.014895347247378695
0.37886548781122464,0.5956935352552611,0.008141112618724562,0.011355781114891597,0.005944083199898096
0.2,0.2,0.2,0.2,0.2
0.2,0.2,0.2,0.2,0.2

Transition Gammas
1.0,1.0,936.0,1179.8388401744921,34.1611598255079
1387.7955243814479,25.204475618552845,1.0,1.0,1.0
1.0,1.0,1.0,1.0,1.0
18.000158020881848,4.252842657467554,1573.8731846024239,510.4785798057799,18.19490478371697
22.83849267092023,2.908506650730367,71.12681539757713,228.69991094106092,8.626604469441897

39.56512321290504,9.926619671781957,270.61078553390394,366.5118526205217,6.960956663939893
221.47786113268924,10.030395982623734,73.38921446609591,51.1436448668584,5.383545848679602
1116.89545806749,1756.1045419325092,24.0,33.47684272670042,17.52315727329958
1.0,1.0,1.0,1.0,1.0
1.0,1.0,1.0,1.0,1.0

Iteration: ,12500
Error:,0.3995506437485298
Absolute Error:,1
Transition Probabilities
0.00037188545927854225,0.00037188545927854225,0.43584975827445155,0.5488078219041758,0.014598648902815583
0.9783973896727057,0.01990769507305706,0.0005649717514124292,0.0005649717514124292,0.0005649717514124292
0.2,0.2,0.2,0.2,0.2
0.009547166532470347,0.0019272981615233121,0.7374214142197141,0.2428825525986411,0.008221568487651217
0.07196232475921037,0.008176102239132479,0.2095002912504217,0.684692767795717,0.0256685139555186

0.058817826008593234,0.014165222275903663,0.38166234592080706,0.5362228594608188,0.00913174633387733
0.6247905896937374,0.03226487953129041,0.19641985431175824,0.134701177843115,0.011823498620099045
0.37852855110920397,0.598031819564004,0.0068138457345325735,0.011321516415330963,0.005304267176928518
0.2,0.2,0.2,0.2,0.2
0.2,0.2,0.2,0.2,0.2

Transition Gammas
1.0,1.0,1172.0,1475.7442331003283,39.255766899671094
1731.7633797206895,35.236620279311005,1.0,1.0,1.0
1.0,1.0,1.0,1.0,1.0
25.470421568497624,5.141745092141731,1967.3307499072018,647.9745571924643,21.933922973119813
29.083473039250528,3.304360300110106,84.66925009279855,276.7176257713642,10.373894063051425

51.04470021333529,12.293203839650976,331.22339522374705,465.357816943387,7.924931702999208
