0,1,2,3,4,5,6,7,8,9,10,11,12,13,14,15,16,17,18,19,20,21,22,23,24,25,26,27,28,29
github Code Version (SHA):,cd93f48c3be2409aefa56252372b16f046dc3cc1
Environment Observations,Environment Actions,alpha,epsilon,numActions,explore,patience,gainThresh,insertRandActions,useBudd,revisedSplitting,haveControl,confidence_factor
"['square', 'diamond']","['x', 'y']",0.99,0.99,75000,0.5,0,0.01,False,False,False,False,250

Model Num 0
Model States: 
['square'],['diamond']
Iteration: ,0
Error:,0.6769168655602851
Absolute Error:,1
Transition Probabilities
0.5,0.5
0.5,0.5

0.5,0.5
0.5,0.5

Transition Gammas
1.0,1.0
1.0,1.0

1.0,1.0
1.0,1.0

Iteration: ,2500
Error:,0.2620985598522396
Absolute Error:,1
Transition Probabilities
0.9714285714285714,0.02857142857142857
0.9723320158102767,0.02766798418972332

0.20387096774193547,0.7961290322580645
0.3230769230769231,0.676923076923077

Transition Gammas
748.0,22.0
492.0,14.0

158.0,617.0
147.0,308.0

Iteration: ,2768
Error:,0.25645916173882277
Absolute Error:,1
Transition Probabilities
0.974477958236659,0.025522041763341066
0.9746376811594203,0.025362318840579712

0.20930232558139536,0.7906976744186046
0.326,0.674


Model Num 1
Model States: 
['diamond'],"['square', 'y', 'diamond']","['square', 'y', 'square']"
Iteration: ,0
Error:,0.6177923008646231
Absolute Error:,1
Transition Probabilities
0.3333333333333333,0.3333333333333333,0.3333333333333333
0.3333333333333333,0.3333333333333333,0.3333333333333333
0.3333333333333333,0.3333333333333333,0.3333333333333333

0.3333333333333333,0.3333333333333333,0.3333333333333333
0.3333333333333333,0.3333333333333333,0.3333333333333333
0.3333333333333333,0.3333333333333333,0.3333333333333333

Transition Gammas
1.0,1.0,1.0
1.0,1.0,1.0
1.0,1.0,1.0

1.0,1.0,1.0
1.0,1.0,1.0
1.0,1.0,1.0

Iteration: ,2500
Error:,0.13315081929570222
Absolute Error:,1
Transition Probabilities
0.023206751054852322,0.9597639786972219,0.017029270247925877
0.019489197733335573,0.9543278159762351,0.026182986290429464
0.017577170189718615,0.95338094488453,0.029041884925751316

0.6602687140115163,0.008098021900479722,0.33163326408800403
0.9968454258675079,0.0015772870662460567,0.0015772870662460567
0.00196078431372549,0.03986170849692325,0.9581775071893514

Transition Gammas
11.0,454.92812590248315,8.071874097516865
3.985279752322727,195.14724895951534,5.354069805557522
3.014720247677273,163.51760876584504,4.98107246908198

344.0,4.2190694101499355,172.7809305898501
632.0,1.0,1.0
1.0,20.329471333430856,488.67052866656917

Iteration: ,5000
Error:,0.12457418655450572
Absolute Error:,1
Transition Probabilities
0.019367991845056068,0.9611407775820562,0.01949123057288773
0.01364792311717081,0.9580679105433615,0.02828416633946776
0.015450201455889562,0.9567680833012564,0.02778171524285411

0.665989847715736,0.007353584294994479,0.3266565679892695
0.9984387197501952,0.00078064012490242,0.00078064012490242
0.00099502487562189,0.03731709944146913,0.9616878756829089

Transition Gammas
19.0,942.879102807997,19.12089719200286
5.971018899805175,419.1583988302202,12.374431650022728
5.028981100194825,311.42432815058817,9.042841369168647

656.0,7.243280530569562,321.7567194694305
1279.0,1.0,1.0
1.0,37.50368493867649,966.4963150613239

Iteration: ,7500
Error:,0.127412070688537
Absolute Error:,1
Transition Probabilities
0.015047879616963066,0.968422887219587,0.016529233163449862
0.013499850747003226,0.9646507753263919,0.021849373926604854
0.01471891717386475,0.9581396933718982,0.02714138945423702

0.6595155709342561,0.0064097163465265655,0.3340747127192174
0.9989561586638831,0.0005219206680584551,0.0005219206680584551
0.0006451612903225802,0.0359088685136737,0.9634459701960038

Transition Gammas
22.0,1415.834261115036,24.165738884963694
8.958843490921248,640.1667308405922,14.499798927519326
7.041156509078752,458.3497181824859,12.98375204940184

953.0,9.262040120730887,482.73795987926917
1914.0,1.0,1.0
1.0,55.65874619619427,1493.341253803807

Iteration: ,10000
Error:,0.1292961087537684
Absolute Error:,1
Transition Probabilities
0.01574403250380904,0.9679036904318011,0.016352277064389773
0.015128030269560501,0.9633411103903737,0.0215308593400659
0.014119099550324294,0.9654478286963336,0.020433071753342094

0.6594202898550725,0.004799839548597899,0.33577987059632974
0.9992229992229992,0.0003885003885003885,0.0003885003885003885
0.0004894762604013706,0.034668998130343257,0.9648415256092553

Transition Gammas
31.0,1905.8023664602165,32.19763353978346
12.950542701272454,824.6804087313742,18.431765954333656
9.049457298727546,618.7915078292672,13.09631748502391

1274.0,9.273290007891141,648.726709992109
2572.0,1.0,1.0
1.0,70.82876318029128,1971.1712368197086

Iteration: ,11600
Error:,0.12217599770302613
Absolute Error:,1
Transition Probabilities
0.015357612988152686,0.9700675685895714,0.01457481842227582
0.014240082702755778,0.9638605747055998,0.02189934259164452
0.01335599222867474,0.9652459829197193,0.021398024851605944

0.6555258467023173,0.00547247642405486,0.3390016768736279
0.9993317741396592,0.0003341129301703976,0.0003341129301703976
0.0004224757076468104,0.03334743450373141,0.9662300897886218


Model Num 2
Model States: 
"['square', 'y', 'diamond']","['square', 'y', 'square']","['diamond', 'y', 'diamond']","['diamond', 'y', 'square', 'y', 'square']"
Iteration: ,0
Error:,0.675504311322812
Absolute Error:,0.74
Transition Probabilities
0.25,0.25,0.25,0.25
0.25,0.25,0.25,0.25
0.25,0.25,0.25,0.25
0.25,0.25,0.25,0.25

0.25,0.25,0.25,0.25
0.25,0.25,0.25,0.25
0.25,0.25,0.25,0.25
0.25,0.25,0.25,0.25

Transition Gammas
1.0,1.0,1.0,1.0
1.0,1.0,1.0,1.0
1.0,1.0,1.0,1.0
1.0,1.0,1.0,1.0

1.0,1.0,1.0,1.0
1.0,1.0,1.0,1.0
1.0,1.0,1.0,1.0
1.0,1.0,1.0,1.0

Iteration: ,2500
Error:,0.02834648684892341
Absolute Error:,0.39584412912989086
Transition Probabilities
0.9643767112814351,0.024231633041612004,0.0057806187393085245,0.005611036937644273
0.9623138565234424,0.016662032317318973,0.00966077921850238,0.011363331940736148
0.957820352971667,0.0168358794013953,0.008771469520498891,0.016572298106438794
0.8811491063125428,0.07376497199911758,0.014494010280246656,0.030591911408092812

0.002164502164502166,0.002164502164502166,0.9498457943059609,0.04582520136503473
0.021113745579442594,0.9763610018953048,0.0012626262626262625,0.0012626262626262625
0.003021148036253776,0.003021148036253776,0.009346952932414247,0.9846107509950781
0.02891418379826335,0.9642598776351837,0.0034129692832764492,0.0034129692832764492

Transition Gammas
182.0395138914642,4.574057676932112,1.091172166421715,1.0591612433263418
267.7504496245047,4.635978807098788,2.687977484624395,3.161689105627548
109.19725032769531,1.9193909711536834,1.0,1.8893411266731757
60.79401692666301,5.089341774487983,1.0,2.110658873326824

1.0,1.0,438.82875696935366,21.171243030646032
16.722086498918536,773.2779135010816,1.0,1.0
1.0,1.0,3.0938414206291163,325.9061585793709
8.471855852891165,282.52814414710895,1.0,1.0

Iteration: ,5000
Error:,0.02222616740167104
Absolute Error:,0.3905228668230635
Transition Probabilities
0.9672056602831952,0.020064041998836248,0.004975980296047468,0.007754317421921224
0.9656193574776107,0.01571844444265686,0.012701724529642406,0.0059604735500901895
0.9690891973793601,0.014942960198081374,0.008095135447382757,0.007872706975175794
0.9246633227060136,0.053185400632557125,0.007392847382103894,0.01475842927932542

0.0010775862068965515,0.0010775862068965515,0.9597024077091308,0.03814241987707606
0.022421035395051487,0.9762911345985094,0.0006439150032195754,0.0006439150032195754
0.0014925373134328358,0.0014925373134328358,0.02106414504492329,0.975950780328211
0.025626282011734936,0.9708463811275949,0.001763668430335097,0.001763668430335097

Transition Gammas
374.9953930721392,7.7790315182466205,1.929237765719019,3.0064271013344577
520.7487769122648,8.476798497348614,6.84991188532709,3.214423247619432
232.56804575565187,3.586104416879439,1.942720893201869,1.8893411266731757
132.2396042269424,7.606245600526386,1.057279106798131,2.110658873326824

1.0,1.0,890.6038343540736,35.39616564592659
34.81986796851494,1516.1801320314842,1.0,1.0
1.0,1.0,14.112977180098603,653.8870228199014
14.530101900653708,550.4698980993463,1.0,1.0

Iteration: ,7500
Error:,0.02244457176758099
Absolute Error:,0.3894085982316369
Transition Probabilities
0.9624562932113232,0.020511955000915877,0.008410711668439439,0.008621040119321478
0.9689913149158873,0.01568102007410422,0.01105575491916352,0.0042719100908451425
0.9636443096244377,0.015530204968717624,0.01311694898247145,0.007708536424373264
0.9458122645912594,0.03663186980302666,0.005247131016366187,0.012308734589347633

0.000732064421669106,0.000732064421669106,0.9600571780300763,0.03847869312658548
0.022936450547671006,0.9762284763834355,0.0004175365344467641,0.0004175365344467641
0.0010020040080160324,0.0010020040080160324,0.024197847939176214,0.9737981440447917
0.022197583864455334,0.975410071637937,0.0011961722488038277,0.0011961722488038277

Transition Gammas
556.7567192558223,11.865649227279242,4.865384816075837,4.98705452628005
767.9500280691752,12.42760344772229,8.761964291944702,3.38559636569941
334.10324658561865,5.384447195263219,4.547751900335096,2.6726116888609406
203.62575980705816,7.886546412059993,1.1296650297471942,2.6499713810567687

1.0,1.0,1311.4381051890857,52.561894810915824
54.932799061672064,2338.067200938328,1.0,1.0
1.0,1.0,24.149452243297855,971.8505477567018
18.55718011068466,815.4428198893154,1.0,1.0

Iteration: ,10000
Error:,0.021410579532644667
Absolute Error:,0.3872588830505032
Transition Probabilities
0.9622587345923401,0.019587926787238388,0.01161687675313972,0.0065364618672816375
0.9717668621087543,0.013750201055079177,0.011246354891776028,0.0032365819443902796
0.9679012821018095,0.013948230894155037,0.011639077158876302,0.006511409845159139
0.9571446293511237,0.026817781906028706,0.004345193215679452,0.011692395527168178

0.000548847420417124,0.000548847420417124,0.961175527085539,0.03772677807362677
0.022611266299165725,0.976760987310376,0.00031387319522912756,0.00031387319522912756
0.0007423904974016333,0.0007423904974016333,0.02390154092690819,0.9746136780782885
0.025697416002066542,0.9725056388047618,0.0008984725965858043,0.0008984725965858043

Transition Gammas
734.164273461442,14.944791376158493,8.863204432197865,4.98705452628005
1016.5076655528038,14.383269609594892,11.764144675822672,3.38559636569941
437.8307522386875,6.309490996360138,5.264943855399208,2.9454403288418702
285.8506430247104,8.00911374024182,1.297689227604631,3.4919265881542896

1.0,1.0,1751.2618103498523,68.73818965014797
72.03949442914197,3111.9605055708566,1.0,1.0
1.0,1.0,32.19537562854533,1312.8046243714543
28.601224010300054,1082.3987759896997,1.0,1.0

Iteration: ,12500
Error:,0.01967097903838251
Absolute Error:,0.3870013754726385
Transition Probabilities
0.9652301147079688,0.017477869147187845,0.010783835444023645,0.006508180700819768
0.9713414775847283,0.014016671452501532,0.011983023980327231,0.002658826982442835
0.9727780316749052,0.011792102931019531,0.009963024383665212,0.005466841010410113
0.9548497492889944,0.02703989689672185,0.008652703091659003,0.009457650722624876

0.0004458314757021848,0.0004458314757021848,0.9617173226492229,0.03739101439937268
0.020107130546388637,0.97940327337038,0.00024479804161566714,0.00024479804161566714
0.0005941770647652999,0.0005941770647652999,0.02569450637608324,0.9731171394943862
0.02501248160993594,0.9735434750687644,0.0007220216606498199,0.0007220216606498199

Transition Gammas
887.4185781075174,16.06889958218855,9.914502014036575,5.983527011417005
1267.226169585748,18.286352724545367,15.633226758114697,3.4687442164317193
524.1161467931063,6.353383145538697,5.367906943150883,2.9454403288418702
352.54687712862636,9.983592932728646,3.194726139852956,3.4919265881542896

1.0,1.0,2157.1319547022063,83.86804529779289
82.13762828199756,4000.8623717180017,1.0,1.0
1.0,1.0,43.2438542309481,1637.7561457690524
34.64228702976126,1348.357712970238,1.0,1.0

Iteration: ,15000
Error:,0.0201310537098215
Absolute Error:,0.38780853089891554
Transition Probabilities
0.9684760954745837,0.015852553487676994,0.010152093383901871,0.005519257653837403
0.9686773560718062,0.015401153049863647,0.013647433050414458,0.0022740578279156864
0.9699833535265489,0.015620310847424492,0.00983585292429762,0.00456048270172898
0.9522291061201952,0.030232096511980104,0.00958703086252753,0.007951766505297232

0.0003720238095238094,0.0003720238095238094,0.9594340734252017,0.03982187895575057
0.02015265911450203,0.9794411670430934,0.0002030869212022745,0.0002030869212022745
0.0004965243296921547,0.0004965243296921547,0.026461807108242485,0.9725451442323731
0.024479888911757893,0.9743167416538256,0.0006016847172081834,0.0006016847172081834

Transition Gammas
1051.40270334982,17.209942165659392,11.021375208299473,5.9918488900701234
1520.2171833099464,24.170171174573774,21.4179283754974,3.568847526132999
626.4749314144346,10.088557840951204,6.352599004662365,2.9454403288418702
418.16043409479005,13.27607664982409,4.210034078341474,3.4919265881542896

1.0,1.0,2578.958789366943,107.04121063305756
99.23169347980803,4822.768306520194,1.0,1.0
1.0,1.0,53.29407951600039,1958.7059204840004
40.68557537134159,1619.3144246286572,1.0,1.0

Iteration: ,17500
Error:,0.019801134396859977
Absolute Error:,0.38769951630506766
Transition Probabilities
0.9712190900872054,0.014442055404875885,0.0095604690021436,0.0047783855057750785
0.9676378419227702,0.014884572724286994,0.014929471929343205,0.002548113423599564
0.967657075069792,0.014219392123043639,0.012516599973059088,0.005606932834105317
0.9530357288601415,0.0297156840370084,0.009530352081273922,0.007718235021576273

0.0003168567807351077,0.0003168567807351077,0.9599919960012405,0.039374290437289225
0.020377816929291224,0.9792717976467423,0.00017519271198318133,0.00017519271198318133
0.0004260758414997866,0.0004260758414997866,0.025711670520752444,0.973436177796248
0.024664937608502715,0.9743014706602312,0.0005167958656330754,0.0005167958656330754

Transition Gammas
1228.6815901379214,18.270530080014773,12.094873727166304,6.045097714255754
1763.9146744506897,27.13320533137417,27.215052447349347,4.644976111228593
752.4175258985555,11.056520038599672,9.732486256778307,4.359761985528419
492.179773234621,15.346180828224472,4.921795043106775,3.9859567145865

1.0,1.0,3029.7347393799155,124.26526062008482
116.31657903239442,5589.683420967611,1.0,1.0
1.0,1.0,60.34529071220603,2284.654709287796
47.726654272452706,1885.2733457275453,1.0,1.0

Iteration: ,20000
Error:,0.019121746480603215
Absolute Error:,0.3872430050878351
Transition Probabilities
0.9725002528103635,0.012778509651539316,0.01027821693837797,0.004443020599719316
0.9688870363554749,0.01441040161449196,0.014476793138950263,0.0022257688910828914
0.9675868045795393,0.014442125041745505,0.012897136592316314,0.005073933786398985
0.9552425628967819,0.027948085705199896,0.009415901026109282,0.0073934503719089596

0.000276548672566372,0.000276548672566372,0.9611577126655544,0.038289189989312945
0.019910983926230818,0.9797812764215149,0.00015386982612709637,0.00015386982612709637
0.0003714710252600293,0.0003714710252600293,0.02615105379815448,0.9731060041513254
0.023391643248824864,0.9757046061863309,0.0004518752824220516,0.0004518752824220516

Transition Gammas
1395.5012396794982,18.336680127791034,14.748854242198533,6.375567242180341
2023.072618944541,30.089461248170572,30.228089251458563,4.647489264162563
864.6364787503385,12.905496522550422,11.524893390819114,4.534072004413899
564.9295531309298,16.528471596181944,5.5685550096031005,4.372479595163887

1.0,1.0,3475.5462889986406,138.45371100135546
129.40148453657417,6367.59851546343,1.0,1.0
1.0,1.0,70.39863682463194,2619.601363175371
51.76570650964941,2159.23429349035,1.0,1.0

Iteration: ,22500
Error:,0.018544327442155444
Absolute Error:,0.3862822981280348
Transition Probabilities
0.9725718191508582,0.012828631905265871,0.010470978628270304,0.004128570315605441
0.9694091066325697,0.014074206516739927,0.014130227440720584,0.002386459409969694
0.9692748386133038,0.013782202423542412,0.011483408435505854,0.005459550527647973
0.9594492678899597,0.0253221751569487,0.008483640918716331,0.006744916034375337

0.00024570024570024586,0.00024570024570024586,0.9617617822657378,0.03774681724286172
0.02052237066911401,0.979204889660901,0.0001363698349924996,0.0001363698349924996
0.00033025099075297167,0.00033025099075297167,0.02491433701037582,0.9744251610081182
0.022326554754790104,0.9768731251171587,0.00040016006402561054,0.00040016006402561054

Transition Gammas
1543.5805270215162,20.36047724946859,16.618617145999636,6.552504008569401
2278.972114284554,33.086881444460545,33.21858035536913,5.61029849006184
972.7764403887672,13.831992000815578,11.524893390819114,5.479273697031173
629.7704108835712,16.6211567268467,5.5685550096031005,4.427277902546613

1.0,1.0,3914.3704538215507,153.6295461784471
150.4905441166131,7180.509455883391,1.0,1.0
1.0,1.0,75.44061246741812,2950.559387532587
55.794060332220425,2441.205939667778,1.0,1.0

Iteration: ,25000
Error:,0.02012939371981028
Absolute Error:,0.3864043729530889
Transition Probabilities
0.9689280498995205,0.014440119869861084,0.01274735818273016,0.003884472047888398
0.9679134666127445,0.014191825926138879,0.015358895247969233,0.0025358122131474868
0.9723391687165577,0.012402820778426122,0.01032886758576272,0.004929142919253385
0.9626944030373006,0.022478368837407163,0.007522984935427627,0.007304243189864661

0.00022094564737074683,0.00022094564737074683,0.962041011437601,0.037517097267657486
0.020147540248338574,0.9796061239960264,0.00012316787781746516,0.00012316787781746516
0.00029568302779420415,0.00029568302779420415,0.02705509168788358,0.9723535422565279
0.02192882837238267,0.9773501910940918,0.0003604902667627978,0.0003604902667627978

Transition Gammas
1701.5557303980968,25.358610182402675,22.38591437776097,6.821606282676165
2530.975764056169,37.109895363334694,40.161639419405255,6.630839920157609
1084.9306728089407,13.838998905729694,11.524893390819114,5.499910438469551
712.5917154911201,16.63861279420929,5.5685550096031005,5.406641161108235

1.0,1.0,4354.197617766581,169.80238223341775
163.57787927626094,7953.4221207237415,1.0,1.0
1.0,1.0,91.50032008842241,3288.499679911583
60.83056990498946,2711.1694300950076,1.0,1.0

Iteration: ,27500
Error:,0.01862724186265912
Absolute Error:,0.3858284638601622
Transition Probabilities
0.9677837738655092,0.015619779101476805,0.013027840615403094,0.0035686064176109274
0.9680022483361481,0.013977486968931852,0.015373464269133682,0.0026468004257862057
0.9741725848900907,0.01123207881371422,0.009984785195510057,0.004610551100684918
0.9659929462349579,0.02047167386367092,0.006874437473419315,0.00666094242795173

0.0002006018054162489,0.0002006018054162489,0.9618886663312484,0.037710130057919074
0.020830686544574997,0.9789449221169306,0.00011219566924716723,0.00011219566924716723
0.00026896180742334554,0.00026896180742334554,0.026507182362533317,0.9729548940226199
0.021258686010370127,0.9780857912102132,0.00032776138970829274,0.00032776138970829274

Transition Gammas
1881.1493715589065,30.361262953676412,25.3231298645857,6.9365512226109916
2779.356789988905,40.132575498514434,44.14074696160281,7.599571951200503
1200.866657210555,13.84583096235692,12.30828685458275,5.683445802165133
785.637985881212,16.649525945875315,5.590950981302342,5.4173163619497755

1.0,1.0,4795.01500166127,187.98499833872646
185.6639091717967,8725.33609082819,1.0,1.0
1.0,1.0,98.55370402389899,3617.4462959761054
64.86025101763919,2984.139748982357,1.0,1.0

Iteration: ,30000
Error:,0.019755247542613995
Absolute Error:,0.3861603770284231
Transition Probabilities
0.9647430636088139,0.017196865142794508,0.013806887371975971,0.0042531838764157115
0.9683022776400476,0.014317012015216206,0.01496217738419572,0.0024185329605404147
0.9746374917223244,0.011109561841493032,0.009261038182383247,0.004991908253799423
0.9661538429993756,0.019023328036638764,0.0068458032525622456,0.007977025711423287

0.0001840603718019511,0.0001840603718019511,0.9618741553734993,0.03775772388289671
0.021309425570319732,0.9784844526116859,0.0001030609089972175,0.0001030609089972175
0.0002459419576979831,0.0002459419576979831,0.02670983928519798,0.972798276799406
0.020577293349392286,0.9788253350854942,0.00029868578255675077,0.00029868578255675077

Transition Gammas
2042.660518025323,36.411101345047626,29.23346616876372,9.005310437535336
3050.8199197126132,45.10846091701885,47.14117673793849,7.620046655762459
1297.1370922105627,14.785625286527868,12.325440218310495,6.643689999522492
849.3537197423054,16.723562760602366,6.018201448267152,7.01266833389986

1.0,1.0,5225.86228614422,205.13771385577775
206.7653563088121,9494.234643691176,1.0,1.0
1.0,1.0,108.60220653361506,3955.397793466388
68.89277813376526,3277.1072218662293,1.0,1.0

Iteration: ,32500
Error:,0.01989084819364598
Absolute Error:,0.3863351643039619
Transition Probabilities
0.9665665132710746,0.016303320935913454,0.013138214050155547,0.003991951742856476
0.9667002538842882,0.014664029421843272,0.015550910540888698,0.003084806152979831
0.9733143711808576,0.01156201790740185,0.00970580111059272,0.0054178098011477705
0.9662489861614999,0.01986852950307139,0.006403371270601597,0.007479113064827088

0.00017041581458759376,0.00017041581458759376,0.962796072911269,0.036863095459555836
0.02046643198145545,0.9793439406363506,9.481369109699443e-05,9.481369109699443e-05
0.00022753128555176314,0.00022753128555176314,0.02768026069492744,0.9718646767339689
0.0201819787117474,0.97926446468709,0.00027677830058123485,0.00027677830058123485

Transition Gammas
2225.0818871923975,37.53101687003296,30.244790929208598,9.189661958716114
3297.3687860233777,50.0183099141941,53.04341941127292,10.522127700802368
1406.180134607317,16.70403764575823,14.022298566912951,7.827292744287639
915.295040581037,18.82078716588656,6.065697404003409,7.084711284796001

1.0,1.0,5649.687355843325,216.3126441566736
215.85945810841056,10329.140541891587,1.0,1.0
1.0,1.0,121.65474575420623,4271.345254245798
72.91748908554325,3538.082510914451,1.0,1.0

Iteration: ,34328
Error:,0.01908339230320386
Absolute Error:,0.38606309543611494
Transition Probabilities
0.966477355216423,0.01596052355729432,0.013756698578693589,0.0038054226475889674
0.9675633750711705,0.014192515138769264,0.015307068562107324,0.002937041227952963
0.9739851473245712,0.01100065717606311,0.009865378699314893,0.005148816800050764
0.9670388144677906,0.019796319492668853,0.006085733579898038,0.007079132459642497

0.00016152479405588755,0.00016152479405588755,0.9622958068111942,0.037381143600694
0.020204566947455007,0.9796165741722016,8.94294401717046e-05,8.94294401717046e-05
0.0002156101768003448,0.0002156101768003448,0.027532789114260263,0.972035990532139
0.02121938326029607,0.9782562328907265,0.00026219192448872624,0.00026219192448872624

*,*,*,*,*,*,*,*,*,*,*
Model Num 2
Model States: 
"['square', 'y', 'diamond']","['square', 'y', 'square']","['diamond', 'y', 'diamond']","['diamond', 'y', 'square', 'y', 'square']"
Iteration: ,34328
Error:,0.019228925287015558
Transition Probabilities
0.966477355216423,0.01596052355729432,0.013756698578693589,0.0038054226475889674
0.9675633750711705,0.014192515138769264,0.015307068562107324,0.002937041227952963
0.9739851473245712,0.01100065717606311,0.009865378699314893,0.005148816800050764
0.9670388144677906,0.019796319492668853,0.006085733579898038,0.007079132459642497

0.00016152479405588755,0.00016152479405588755,0.9622958068111942,0.037381143600694
0.020204566947455007,0.9796165741722016,8.94294401717046e-05,8.94294401717046e-05
0.0002156101768003448,0.0002156101768003448,0.027532789114260263,0.972035990532139
0.02121938326029607,0.9782562328907265,0.00026219192448872624,0.00026219192448872624

Transition Gammas
2334.180923274341,38.5469451631018,33.22439291133861,9.190639492023315
3478.2520677610323,51.0200638015291,55.02672408780811,10.55824350882996
1480.6638442879496,16.723330318481246,14.99746642996425,7.827292744287639
967.8009050902396,19.811920303327803,6.09052954095211,7.084711284796001

1.0,1.0,5957.573339968104,231.4266600318966
225.92746760644172,10954.07253239355,1.0,1.0
1.0,1.0,127.6970759119392,4508.302924088064
80.93072775476907,3731.069272245224,1.0,1.0

