0,1,2,3,4,5,6,7,8,9,10,11,12,13,14,15,16,17,18,19,20,21,22,23,24,25,26,27,28,29
github Code Version (SHA):,cd93f48c3be2409aefa56252372b16f046dc3cc1
Environment Observations,Environment Actions,alpha,epsilon,numActions,explore,patience,gainThresh,insertRandActions,useBudd,revisedSplitting,haveControl,confidence_factor
"['square', 'diamond']","['x', 'y']",0.99,0.99,75000,0.5,0,0.01,False,False,False,False,250

Model Num 0
Model States: 
['square'],['diamond']
Iteration: ,0
Error:,0.6761260895223254
Absolute Error:,1
Transition Probabilities
0.5,0.5
0.5,0.5

0.5,0.5
0.5,0.5

Transition Gammas
1.0,1.0
1.0,1.0

1.0,1.0
1.0,1.0

Iteration: ,2500
Error:,0.26578954943458455
Absolute Error:,1
Transition Probabilities
0.9757085020242915,0.024291497975708502
0.9793388429752066,0.02066115702479339

0.21192893401015228,0.7880710659898477
0.3367139959432049,0.6632860040567952

Transition Gammas
723.0,18.0
474.0,10.0

167.0,621.0
166.0,327.0

Iteration: ,2599
Error:,0.2620401174834092
Absolute Error:,1
Transition Probabilities
0.9767441860465116,0.023255813953488372
0.98,0.02

0.21802679658952498,0.781973203410475
0.3352941176470588,0.6647058823529411


Model Num 1
Model States: 
['diamond'],"['square', 'y', 'diamond']","['square', 'y', 'square']"
Iteration: ,0
Error:,0.6208992752284083
Absolute Error:,1
Transition Probabilities
0.3333333333333333,0.3333333333333333,0.3333333333333333
0.3333333333333333,0.3333333333333333,0.3333333333333333
0.3333333333333333,0.3333333333333333,0.3333333333333333

0.3333333333333333,0.3333333333333333,0.3333333333333333
0.3333333333333333,0.3333333333333333,0.3333333333333333
0.3333333333333333,0.3333333333333333,0.3333333333333333

Transition Gammas
1.0,1.0,1.0
1.0,1.0,1.0
1.0,1.0,1.0

1.0,1.0,1.0
1.0,1.0,1.0
1.0,1.0,1.0

Iteration: ,2500
Error:,0.1228598989059557
Absolute Error:,1
Transition Probabilities
0.01388888888888889,0.9692523413804585,0.016858769730652708
0.011169996633268094,0.9805368764457995,0.008293126920932335
0.019302921831120506,0.9597583691094023,0.020938709059477298

0.6513409961685823,0.009481597828775546,0.339177406002642
0.997037037037037,0.0014814814814814814,0.0014814814814814814
0.0024875621890547255,0.03704631856505518,0.9604661192458901

Transition Gammas
7.0,488.503180055751,8.496819944248964
2.6820376775238097,235.43756844085195,1.9912699705013146
3.3179623224761903,164.97202523258318,3.599136356063443

340.0,4.949394066620835,177.05060593337913
673.0,1.0,1.0
1.0,14.892620063152187,386.10737993684796

Iteration: ,5000
Error:,0.12264376890963935
Absolute Error:,1
Transition Probabilities
0.014344262295081981,0.971796992438196,0.013858745266722127
0.009863821029864094,0.9778759207724755,0.012260258197660313
0.02412991457600254,0.9591333918296505,0.01673669359434703

0.656429942418426,0.007652154291400615,0.33591790329017335
0.998472116119175,0.0007639419404125286,0.0007639419404125286
0.00115606936416185,0.031273631842703146,0.967570298793135

Transition Gammas
14.0,948.4738646196782,13.526135380320783
4.742374366272178,470.14779424988075,5.894544723026438
8.257625633727821,328.23010863094896,5.727552396143788

684.0,7.9735447716394425,350.0264552283607
1307.0,1.0,1.0
1.0,27.05169154393821,836.9483084560616

Iteration: ,7500
Error:,0.12012319766036414
Absolute Error:,1
Transition Probabilities
0.020066889632107024,0.9628413261538755,0.017091784214017428
0.010857510578832417,0.9779952025392232,0.011147286881944265
0.018447406497291433,0.9662075288821125,0.015345064620596092

0.655511811023622,0.007873401532602655,0.3366147874437753
0.9989868287740629,0.0005065856129685917,0.0005065856129685917
0.0007639419404125284,0.03144727163169157,0.9677887864278959

Transition Gammas
30.0,1439.4477826000439,25.552217399956053
7.691491697410577,692.8146121361394,7.896770063322221
9.308508302589422,487.5455422931186,7.743075507419569

999.0,11.999063935686447,513.0009360643136
1972.0,1.0,1.0
1.0,41.16447856588429,1266.8355214341161

Iteration: ,10000
Error:,0.123310916577235
Absolute Error:,1
Transition Probabilities
0.019587628865979388,0.9651634058914775,0.015248965242543117
0.013079507923055697,0.9737152640571164,0.013205228019827975
0.023438588346134596,0.9638659314155428,0.012695480238322619

0.6496846191169335,0.008262023658986751,0.3420533572240797
0.9992298806314979,0.0003850596842510589,0.0003850596842510589
0.0005476451259583789,0.02809291013516623,0.9713594447388754

Transition Gammas
38.0,1872.4170074294657,29.582992570533637
11.730675845658652,873.300295073747,11.843430982258308
16.269324154341344,669.0440161304225,8.812257813571282

1339.0,17.028030761171692,704.9719692388283
2595.0,1.0,1.0
1.0,51.297653906813544,1773.7023460931866

Iteration: ,10762
Error:,0.12414429778523939
Absolute Error:,1
Transition Probabilities
0.019249278152069303,0.9665112885448536,0.014239433303076983
0.012200196147666709,0.9733930848428328,0.014406719009500461
0.02167842355320634,0.9652505614225995,0.013071015024194148

0.647005444646098,0.007730178240966463,0.34526437711293545
0.9992828970957333,0.00035855145213338117,0.00035855145213338117
0.000501504513540622,0.026745008874015864,0.9727534866124435


Model Num 2
Model States: 
"['square', 'y', 'diamond']","['square', 'y', 'square']","['diamond', 'y', 'diamond']","['diamond', 'y', 'square', 'y', 'square']"
Iteration: ,0
Error:,0.6751837601502307
Absolute Error:,0.74
Transition Probabilities
0.25,0.25,0.25,0.25
0.25,0.25,0.25,0.25
0.25,0.25,0.25,0.25
0.25,0.25,0.25,0.25

0.25,0.25,0.25,0.25
0.25,0.25,0.25,0.25
0.25,0.25,0.25,0.25
0.25,0.25,0.25,0.25

Transition Gammas
1.0,1.0,1.0,1.0
1.0,1.0,1.0,1.0
1.0,1.0,1.0,1.0
1.0,1.0,1.0,1.0

1.0,1.0,1.0,1.0
1.0,1.0,1.0,1.0
1.0,1.0,1.0,1.0
1.0,1.0,1.0,1.0

Iteration: ,2500
Error:,0.03662845109288484
Absolute Error:,0.3956497939660292
Transition Probabilities
0.9359572429375066,0.0323086045768155,0.025839066631075915,0.005895085854601888
0.959427420221313,0.020100407205717905,0.014540568067468406,0.005931604505500742
0.9453004550051859,0.01984591823214561,0.025975952210916777,0.008877674551751728
0.9568826083485112,0.016648915610732676,0.01370651921057633,0.012761956830179557

0.0022075055187637978,0.0022075055187637978,0.954649128415152,0.04093586054732031
0.024634049801148812,0.972902896011659,0.0012315270935960596,0.0012315270935960596
0.0028571428571428576,0.0028571428571428576,0.03988223870356515,0.9544034755821492
0.008805078170497317,0.9840520646866455,0.003571428571428571,0.003571428571428571

Transition Gammas
162.16803109253104,5.59792963952643,4.47698929886916,1.0214082677129837
257.83234343905536,5.401695828887251,3.907568890313433,1.5940335431044228
106.48063853823756,2.235486119304705,2.9259860856006763,1.0
74.97930145678515,1.3045738856725495,1.0740139143993235,1.0

1.0,1.0,432.4560551720637,18.543944827936095
20.002848438532826,789.9971515614668,1.0,1.0
1.0,1.0,13.958783546247801,334.04121645375216
2.4654218877392493,275.5345781122608,1.0,1.0

Iteration: ,5000
Error:,0.028459153794287907
Absolute Error:,0.3896932858354153
Transition Probabilities
0.9580157375288648,0.016679385833076973,0.022222017080632605,0.003082859557425684
0.9700059180644189,0.014023648221103286,0.012473678366147257,0.0034967553483305504
0.9617632025153681,0.017480780617950133,0.016137980003499263,0.004618036863182425
0.9495114960679556,0.009406319797543587,0.03125386123663107,0.009828322897869581

0.0010928961748633882,0.0010928961748633882,0.9498487883402209,0.04796541931005225
0.02395055155514557,0.974825458236776,0.0006119951040391672,0.0006119951040391672
0.0014925373134328348,0.0014925373134328348,0.026919512365841836,0.9700954130072924
0.013403732112625796,0.983012038496693,0.0017921146953405011,0.0017921146953405011

Transition Gammas
326.94300579953796,5.692190979265737,7.583730386320291,1.0520906188477077
508.0202122114019,7.344591009794035,6.532826875192389,1.8313521196396114
229.85047996844042,4.177707989607395,3.856793896693223,1.103658350348947
139.58897617784976,1.382835864102668,4.59467263923857,1.4448751137192601

1.0,1.0,869.1116413313019,43.8883586686978
39.13520124110789,1592.8647987588934,1.0,1.0
1.0,1.0,18.036073285114043,649.9639267148864
7.479282518845197,548.520717481155,1.0,1.0

Iteration: ,7500
Error:,0.023523658503025742
Absolute Error:,0.38769678636107796
Transition Probabilities
0.9667766342665551,0.013606835633140989,0.017495439710606367,0.002121090389697385
0.9726572644154933,0.013061963219801326,0.011890642172379874,0.002390130192325523
0.9681677301908777,0.014997177321562987,0.01348280161141063,0.003352290876148686
0.95575043462061,0.010930246327403878,0.026526263814807608,0.0067930552371785234

0.0007309941520467841,0.0007309941520467841,0.9545644276539721,0.04397358404193426
0.02162105111949824,0.9775666011956927,0.0004061738424045494,0.0004061738424045494
0.0009891196834817006,0.0009891196834817006,0.030762367846212408,0.9672593927868243
0.016087055609652436,0.9815291541638875,0.0011918951132300357,0.0011918951132300357

Transition Gammas
480.0052866367391,6.755803571173236,8.686498261820802,1.0531228873373977
766.9395610849934,10.299348707093444,9.375762894429139,1.8846159564126612
338.2301058007947,5.239274883893794,4.710226620153375,1.1711252733978927
204.1953801947222,2.3352391205892227,5.667316831469989,1.4513312749787426

1.0,1.0,1305.844137030633,60.15586296936603
53.23102785620463,2406.768972143794,1.0,1.0
1.0,1.0,31.100753892520768,977.89924610748
13.497039656498396,823.5029603435017,1.0,1.0

Iteration: ,10000
Error:,0.022609594306501613
Absolute Error:,0.38637782951213173
Transition Probabilities
0.9704051222296586,0.011230422374814366,0.016820543482162147,0.0015439119133647968
0.9737612146118588,0.013623823390035105,0.010811474179416768,0.0018034878186891754
0.9722082184544596,0.01126580446709905,0.01399631706258641,0.0025296600158550187
0.9578702352362957,0.011079425349424282,0.022870879058943534,0.008179460355336557

0.0005417118093174434,0.0005417118093174434,0.956981178615864,0.0419353977655011
0.02366109224646246,0.9757107670500199,0.0003140703517587941,0.0003140703517587941
0.0007326007326007316,0.0007326007326007316,0.027970327932988256,0.9705644706018102
0.01827545767931178,0.9799435984204211,0.000890471950133571,0.000890471950133571

Transition Gammas
677.1697488043108,7.836832395366891,11.737740190814918,1.0773752308180766
1017.7540941839939,14.239324616327787,11.299918239865319,1.8849663385016846
456.21227453070276,5.286520091883135,6.567823148343949,1.1870522463359021
285.20234714130567,3.298858236108756,6.809720303279415,2.4354043020407334

1.0,1.0,1766.587255724884,77.41274427511499
75.33691771273645,3106.6630822872626,1.0,1.0
1.0,1.0,38.17949762852902,1324.8205023714727
20.523338973867123,1100.4766610261327,1.0,1.0

Iteration: ,12500
Error:,0.021164234800855844
Absolute Error:,0.38604282130416073
Transition Probabilities
0.9649312435442874,0.016857411154339967,0.016932980416947876,0.0012783648844247855
0.9699856193969308,0.014735556798661502,0.012284740542415734,0.0029940832619920234
0.9774167731975543,0.009187178002033062,0.011345492342540463,0.002050556457872234
0.9625579862121406,0.01183985723127075,0.018857888103618794,0.006744268452969899

0.0004387889425186488,0.0004387889425186488,0.9580424262948153,0.041079995820147513
0.02185623411215218,0.977649572658295,0.00024709661477637746,0.00024709661477637746
0.0005945303210463728,0.0005945303210463728,0.025698052015880102,0.9731128873420272
0.019056413643959238,0.9795078361765719,0.0007178750897343859,0.0007178750897343859

Transition Gammas
850.6509365447771,14.860926809135407,14.927546129881303,1.1269634945051805
1266.2518452882261,19.23629135786096,16.036913403306304,3.9085769723072112
565.8194739170835,5.31839064607732,6.567823148343949,1.1870522463359021
347.5866770327647,4.275458404074528,6.809720303279415,2.4354043020407334

1.0,1.0,2183.3786895258827,93.62131047411613
88.4521794518799,3956.5478205481213,1.0,1.0
1.0,1.0,43.224123490710376,1636.7758765092915
26.545584206035233,1364.4544157939654,1.0,1.0

Iteration: ,15000
Error:,0.02151664641404395
Absolute Error:,0.38571589140303547
Transition Probabilities
0.9653762585834599,0.018074580336877602,0.015452031679224014,0.0010971294004385823
0.9672281884110907,0.01339972179434408,0.015482380800567361,0.0038897089939978935
0.9793562028856992,0.007829516223628883,0.011066386445721646,0.0017478944449502774
0.966535612932255,0.009826402580095322,0.017794269213804503,0.00584371527384517

0.0003652300949598249,0.0003652300949598249,0.9595321929874882,0.03973734682259225
0.021737522462435765,0.9778466771217639,0.00020790020790020786,0.00020790020790020786
0.000489236790606653,0.000489236790606653,0.02606407726574059,0.972957449153046
0.018081380531286162,0.980735887357537,0.0005913660555884087,0.0005913660555884087

Transition Gammas
1008.3516150103253,18.879200841408245,16.13990499600546,1.1459699707457762
1533.5241488956574,21.24503525260831,24.547056345691885,6.167068687556879
665.6214840384251,5.321347016253101,7.521292607571961,1.1879601017099064
420.7792650579813,4.277903887340949,7.746698023172916,2.544049267545217

1.0,1.0,2627.199144399741,108.8008556002575
104.55748304431604,4703.442516955685,1.0,1.0
1.0,1.0,53.274973931173825,1988.7250260688284
30.575614478404926,1658.4243855215964,1.0,1.0

Iteration: ,17500
Error:,0.020048071041415476
Absolute Error:,0.38522178728614426
Transition Probabilities
0.9671043093671806,0.01631085829972669,0.015638173790820487,0.0009466585422721885
0.9674708129896483,0.013678382028768471,0.014882328219642627,0.003968476761940567
0.981147592810255,0.006722925195381854,0.010604882859944405,0.00152459913441889
0.9688265869739506,0.010498654032688808,0.015588835624131487,0.005085923369229044

0.00031328320802005016,0.00031328320802005016,0.9592739489860042,0.040099484597955704
0.023054669682317227,0.9765897115410113,0.00017780938833570408,0.00017780938833570408
0.00042034468263976455,0.00042034468263976455,0.027457908749219453,0.9717014018855011
0.01805179952818726,0.9809340016888513,0.0005070993914807298,0.0005070993914807298

Transition Gammas
1185.5140186313502,19.994483514284408,19.16988072045933,1.1604508033421481
1779.3347488088189,25.156749045544824,27.371000126152175,7.298668350046348
780.1262859299154,5.345506325134694,8.432113515718731,1.2122333775079523
485.26960137931053,5.258606365639688,7.808196173597866,2.5474569331754497

1.0,1.0,3062.002445163325,127.99755483667458
129.65946229335214,5492.340537706649,1.0,1.0
1.0,1.0,65.32236491439309,2311.6776350856076
35.598148669585306,1934.4018513304163,1.0,1.0

Iteration: ,20000
Error:,0.020109858166801494
Absolute Error:,0.38480210010446636
Transition Probabilities
0.9683340559032811,0.01576606375124267,0.014401022245208304,0.0014988581002679411
0.9688231188040212,0.01377987760967079,0.01340619121096413,0.003990812375344085
0.980067300388612,0.005971208818151301,0.01257286485814946,0.0013886259350872395
0.9692512734624548,0.009108876494665796,0.01706243450183854,0.004577415541041049

0.00027442371020856214,0.00027442371020856214,0.95988748009527,0.03956367248431288
0.022089422625323915,0.9775989538159351,0.00015581177937052035,0.00015581177937052035
0.00036697247706422024,0.00036697247706422024,0.026193695897974923,0.9730723591478967
0.017562588336721696,0.9815508868405832,0.00044326241134751745,0.00044326241134751745

Transition Gammas
1357.157934857077,22.09675306885901,20.18359417495264,2.100708068256373
2044.6634176586101,29.081894415451366,28.29324384107685,8.422453915714138
877.590073032079,5.3468507527323315,11.25822827137561,1.2434292372618063
559.8021405841079,5.260935631081945,9.854603877469494,2.643738613893089

1.0,1.0,3497.8299774671623,144.17002253283607
141.76991440932895,6274.230085590674,1.0,1.0
1.0,1.0,71.37782132198166,2651.622178678018
39.621199287644174,2214.378800712357,1.0,1.0

Iteration: ,22500
Error:,0.02002510554593051
Absolute Error:,0.38430093302162244
Transition Probabilities
0.9693357079562974,0.015914556528416522,0.013420538591019816,0.0013291969242663392
0.9701581879489238,0.013520902080520234,0.01273422760272853,0.0035866823678275335
0.9806339104130213,0.005239752998427051,0.012885106430218389,0.0012412301583332817
0.9708891377614467,0.008129445391795958,0.016793728931882544,0.00418768791487482

0.00024313153415998076,0.00024313153415998076,0.9614940624280931,0.03801967450358699
0.02208942000425815,0.9776324932326718,0.0001390433815350388,0.0001390433815350388
0.0003259452411994785,0.0003259452411994785,0.026214495366448046,0.973133614151153
0.017998872516811485,0.9812124839500656,0.00039432176656151413,0.00039432176656151413

Transition Gammas
1532.450951970499,25.159784274923016,21.21691893835853,2.1013659924308143
2299.343766126014,32.045497628559126,30.18102327896365,8.500691790247009
1000.9363055118383,5.348233374706791,13.151871141145449,1.2669277655804507
628.4532982457548,5.2621628677014085,10.870524683612167,2.710676409661933

1.0,1.0,3954.6250787667436,156.37492123325313
158.8671086706248,7031.132891329383,1.0,1.0
1.0,1.0,80.4260717842626,2985.5739282157374
45.64514070263393,2488.3548592973666,1.0,1.0

Iteration: ,25000
Error:,0.01848442442063611
Absolute Error:,0.3842117436620582
Transition Probabilities
0.9706863178205571,0.015464840066633859,0.012099423488035107,0.0017494186247738056
0.9689211792126774,0.01408735964145467,0.013671820429823173,0.0033196407160446134
0.9795006786741004,0.006320409531511445,0.01306291170398541,0.0011160000904029297
0.9727610568754079,0.008625548123659734,0.014921310259593002,0.0036920847413392764

0.00021767522855899017,0.00021767522855899017,0.9619989199872273,0.037565729555654764
0.022551627046774287,0.9771963568241935,0.0001260080645161288,0.0001260080645161288
0.00029265437518290893,0.00029265437518290893,0.0264811919421643,0.9729334993074699
0.018043803978562672,0.9812439453091866,0.00035612535612535603,0.00035612535612535603

Transition Gammas
1711.6605756587437,27.269939387173178,21.335529091590228,3.0848388767564887
2542.10919627011,36.9602886839629,35.87005959829298,8.709572433360314
1127.575979540701,7.275892833723713,15.037687855626093,1.2847105903050435
714.8098529360361,6.338274689542403,10.96456269182118,2.7130388622476835

1.0,1.0,4419.423038421319,172.57696157867784
178.96971224320106,7755.030287756813,1.0,1.0
1.0,1.0,90.48623286637542,3324.513767133625
50.667001571804,2755.332998428197,1.0,1.0

Iteration: ,27500
Error:,0.017762776775900286
Absolute Error:,0.38377985927954766
Transition Probabilities
0.9718625450412376,0.015551885620611359,0.011000907067908114,0.0015846622702429484
0.9696814085402294,0.013162150320973197,0.014118642393683836,0.0030377987451136296
0.9795284142827563,0.007851215918897527,0.01162704012395985,0.0009933296743863665
0.9739520200028219,0.009196637493384667,0.013508772030958115,0.0033425704728353837

0.00019650225977598768,0.00019650225977598768,0.9605407331020547,0.03906626237839338
0.022513621247941304,0.9772555651340553,0.00011540680900173098,0.00011540680900173098
0.00026673779674579886,0.00026673779674579886,0.02548387265784036,0.9739826517486679
0.018681371432644235,0.9806709601735735,0.0003238341968911916,0.0003238341968911916

Transition Gammas
1892.3091175959323,30.281005380697362,21.41981585013625,3.085488660501637
2797.4383293782817,37.971547645075326,40.730935999210416,8.76375949015171
1266.8609020576691,10.154272542003941,15.037687855626093,1.2847105903050435
790.5202602926306,7.464565107700428,10.96456269182118,2.7130388622476835

1.0,1.0,4888.19179075635,198.80820924364363
195.08052811341162,8467.919471886598,1.0,1.0
1.0,1.0,95.53903859424351,3651.4609614057563
57.68807498400541,3028.3119250159957,1.0,1.0

Iteration: ,30000
Error:,0.017113191853076328
Absolute Error:,0.38352456000014834
Transition Probabilities
0.9712007697287308,0.01505680624694305,0.011818507323703473,0.0019239167006223621
0.9708220792306661,0.012429400919406555,0.013300011881575109,0.003448507968352149
0.9786524380526068,0.007827514144738026,0.01261088987218787,0.0009091579304673711
0.9758933973486542,0.008494851307990109,0.012543017565645284,0.003068733777710376

0.0001803426510369704,0.0001803426510369704,0.9610431119810489,0.03859620271687726
0.021889723116496545,0.977898972076319,0.00010565240359218164,0.00010565240359218164
0.0002453385672227674,0.0002453385672227674,0.025168066246003727,0.9743412566195507
0.018977574213241286,0.9804266557539915,0.00029788501638367584,0.00029788501638367584

Transition Gammas
2083.5027806576436,32.301145819820064,25.354070589376374,4.127350307413773
3044.221018936181,38.9750545863429,41.70504213715142,10.813536966058434
1389.3383957148544,11.112286161495343,17.902978444958805,1.2906809112747297
863.0368482990458,7.512469824608881,11.09248856219757,2.7138520815688962

1.0,1.0,5328.984055934911,214.01594406508423
207.18622929763995,9255.813770702367,1.0,1.0
1.0,1.0,102.5850380187112,3971.4149619812893
63.707716633851014,3291.29228336615,1.0,1.0

Iteration: ,32500
Error:,0.018240998842677773
Absolute Error:,0.3836705267155308
Transition Probabilities
0.9706363092446534,0.015312189025962087,0.0118271112247442,0.0022243905046401345
0.9712834931031296,0.01264606515784159,0.01287663015203045,0.0031938115869982247
0.9776265901192586,0.007292654930826219,0.013637963480020072,0.001442791469895211
0.9766264542464896,0.007795746613033677,0.012635940050747986,0.002941859089728743

0.00016691704223001177,0.00016691704223001177,0.960242262275003,0.03942390364053696
0.021384867657069553,0.978420976435737,9.707795359673796e-05,9.707795359673796e-05
0.00022650056625141563,0.00022650056625141563,0.026419019090613522,0.9731279797768836
0.019214560642461676,0.9802343233476183,0.00027555800496004395,0.00027555800496004395

Transition Gammas
2243.1546053239254,35.38669118807903,27.332625782471343,5.14059875671173
3295.5507880415817,42.90791544639683,43.69021912363355,10.836556337183385
1490.0384710983567,11.115017239916348,20.786147244814,2.1990142429065473
941.3324928056791,7.514018856053117,12.179294238031822,2.835544274247635

1.0,1.0,5752.81139328954,236.18860671045684
220.28552173547396,10078.71447826455,1.0,1.0
1.0,1.0,116.6399692850587,4296.360030714941
69.72964057149346,3557.2703594285085,1.0,1.0

Iteration: ,33808
Error:,0.019891804097117622
Absolute Error:,0.3838137563908947
Transition Probabilities
0.9694314524083135,0.015279399298360507,0.012282501443179378,0.003006646850146617
0.9715420707438308,0.012716724956513057,0.01266464086073059,0.0030765634389255353
0.976994692441851,0.007108470434189812,0.014493698082889566,0.0014031390410696994
0.976442202888152,0.00848338841777392,0.012241101306352694,0.0028333073877215027

0.00016103059581320457,0.00016103059581320457,0.960505367555273,0.03917257125310062
0.021092846355584196,0.9787215904601516,9.278159213212078e-05,9.278159213212078e-05
0.00021777003484320552,0.00021777003484320552,0.02627755202756225,0.9732869079027513
0.01979871702412443,0.9796714816513722,0.0002649006622516555,0.0002649006622516555

*,*,*,*,*,*,*,*,*,*,*
Model Num 2
Model States: 
"['square', 'y', 'diamond']","['square', 'y', 'square']","['diamond', 'y', 'diamond']","['diamond', 'y', 'square', 'y', 'square']"
Iteration: ,33808
Error:,0.01821802323380405
Transition Probabilities
0.9694314524083135,0.015279399298360507,0.012282501443179378,0.003006646850146617
0.9715420707438308,0.012716724956513057,0.01266464086073059,0.0030765634389255353
0.976994692441851,0.007108470434189812,0.014493698082889566,0.0014031390410696994
0.976442202888152,0.00848338841777392,0.012241101306352694,0.0028333073877215027

0.00016103059581320457,0.00016103059581320457,0.960505367555273,0.03917257125310062
0.021092846355584196,0.9787215904601516,9.278159213212078e-05,9.278159213212078e-05
0.00021777003484320552,0.00021777003484320552,0.02627755202756225,0.9732869079027513
0.01979871702412443,0.9796714816513722,0.0002649006622516555,0.0002649006622516555

Transition Gammas
2311.2093003002665,36.427423180508036,29.282556797498213,7.168108838963612
3428.48706545104,44.87621106816625,44.69241084573308,10.856923517805106
1531.156343768936,11.140469527628944,22.714675868731867,2.1990142429065473
977.2131006794233,8.49008602401668,12.250765614113956,2.835544274247635

1.0,1.0,5964.738332518243,243.26166748175476
227.33869802048696,10548.661301979537,1.0,1.0
1.0,1.0,120.66651891056587,4469.333481089435
74.74015676606976,3698.259843233932,1.0,1.0

