0,1,2,3,4,5,6,7,8,9,10,11,12,13,14,15,16,17,18,19,20,21,22,23,24,25,26,27,28,29
github Code Version (SHA):,32a229dd34421fba547a58d2c923a1ee52132eb5
Environment Observations,Environment Actions,alpha,epsilon,numActions,explore,patience,gainThresh,insertRandActions,useBudd,revisedSplitting,haveControl,confidence_factor
"['square', 'diamond']","['x', 'y']",0.99,0.99,75000,0.5,0,0.01,False,False,False,False,250

Model Num 0
Model States: 
['square'],['diamond']
Iteration: ,0
Error:,0.6704823090190827
Absolute Error:,1
Transition Probabilities
0.5,0.5
0.5,0.5

0.5,0.5
0.5,0.5

Transition Gammas
1.0,1.0
1.0,1.0

1.0,1.0
1.0,1.0

Iteration: ,2338
Error:,0.26368085051057366
Absolute Error:,1
Transition Probabilities
0.9793650793650793,0.020634920634920634
0.672,0.328

0.030478955007256895,0.969521044992743
0.659047619047619,0.34095238095238095


Model Num 1
Model States: 
['square'],"['diamond', 'y', 'square']","['diamond', 'y', 'diamond']"
Iteration: ,0
Error:,0.7070790083972484
Absolute Error:,1
Transition Probabilities
0.3333333333333333,0.3333333333333333,0.3333333333333333
0.3333333333333333,0.3333333333333333,0.3333333333333333
0.3333333333333333,0.3333333333333333,0.3333333333333333

0.3333333333333333,0.3333333333333333,0.3333333333333333
0.3333333333333333,0.3333333333333333,0.3333333333333333
0.3333333333333333,0.3333333333333333,0.3333333333333333

Transition Gammas
1.0,1.0,1.0
1.0,1.0,1.0
1.0,1.0,1.0

1.0,1.0,1.0
1.0,1.0,1.0
1.0,1.0,1.0

Iteration: ,2500
Error:,0.21454869418668296
Absolute Error:,1
Transition Probabilities
0.9831460674157303,0.009052154758049621,0.007801777826220041
0.8363161916467965,0.1458120267685123,0.017871781584691243
0.4324179820933787,0.5466175882919626,0.020964429614658726

0.01680672268907563,0.4780704359280152,0.5051228413829092
0.9962616822429906,0.001869158878504673,0.001869158878504673
0.0035335689045936374,0.9431670639127154,0.05329936718269087

Transition Gammas
700.0,6.44513418773133,5.55486581226867
132.13549372114153,23.037870532673765,2.82368882362488
48.8645062788585,61.7693983166943,2.3690423270070213

12.0,341.3422912526028,360.6577087473972
533.0,1.0,1.0
1.0,266.9162790872986,15.083720912701525

Iteration: ,5000
Error:,0.2167329412959366
Absolute Error:,1
Transition Probabilities
0.9808219178082191,0.006872116441666499,0.012305965750114322
0.8626744977165425,0.12076648203031702,0.01655902025314048
0.38044880695038474,0.5975925679549995,0.02195862509461569

0.018571428571428572,0.47400526734687715,0.5074233040816943
0.9980676328502416,0.000966183574879227,0.000966183574879227
0.0017513134851138347,0.9432037826138512,0.05504490390103499

Transition Gammas
1432.0,10.033290004833088,17.96670999516691
284.6810225549996,39.85272044758785,5.464446706899081
83.31897744500027,130.87385419830147,4.8089786472115295

26.0,663.607374285628,710.3926257143721
1033.0,1.0,1.0
1.0,538.5693598725093,31.430640127490992

Iteration: ,7500
Error:,0.21501353210649013
Absolute Error:,1
Transition Probabilities
0.9829806807727691,0.005254481883881434,0.011764837343349476
0.8843740624311272,0.10283009661065763,0.012795840958215138
0.3619762363466038,0.6187779086167944,0.019245855036601815

0.016642891107941038,0.4761839864588898,0.5071731224331691
0.9987171263630532,0.0006414368184733803,0.0006414368184733803
0.0011441647597254007,0.9328514854772653,0.06600434976300933

Transition Gammas
2137.0,11.423243615558238,25.57675638444176
434.4169274724962,50.51158386362186,6.2854963183946175
113.58307252750366,194.16384009678598,6.039079721197491

35.0,1001.4149235230453,1066.5850764769548
1557.0,1.0,1.0
1.0,815.3121983071297,57.687801692870146

Iteration: ,10000
Error:,0.21223939558160496
Absolute Error:,1
Transition Probabilities
0.9839041095890411,0.004298016820573319,0.011797873590385586
0.8845307041769717,0.1035944627010446,0.01187483312198385
0.3289119823989747,0.6550372059582774,0.016050811642747995

0.01967095851216023,0.4751713196536337,0.5051577218342059
0.9990407673860912,0.00047961630695443646,0.00047961630695443646
0.0008680555555555559,0.9366627643792909,0.06246918006515367

Transition Gammas
2873.0,12.550209116074093,34.449790883925914
566.2580405774082,66.31900643669044,7.602019584040284
138.741959422592,276.3084056302677,6.77056834900142

55.0,1328.5790097515599,1412.42099024844
2083.0,1.0,1.0
1.0,1079.0355045649426,71.964495435057

Iteration: ,12500
Error:,0.21491421669691912
Absolute Error:,1
Transition Probabilities
0.9832094687586017,0.004106252572143034,0.012684278669255263
0.8884692931563626,0.09810869304318265,0.013422013800454784
0.3224076385986484,0.66094243958352,0.01664992181783166

0.019131924614505996,0.4764343230419115,0.5044337523435825
0.9992369324685234,0.00038153376573826786,0.00038153376573826786
0.0006949270326615707,0.9407795465804875,0.058525526386850955

Transition Gammas
3572.0,14.91801559459564,46.08198440540437
708.5350302872696,78.23955912966157,10.703765485058483
168.46496971273046,345.356730846273,8.699944539006651

67.0,1668.4729992927741,1766.5270007072256
2619.0,1.0,1.0
1.0,1353.781767529321,84.2182324706785

Iteration: ,15000
Error:,0.21123337167997233
Absolute Error:,1
Transition Probabilities
0.9825824431026474,0.0052107265025351,0.012206830394817434
0.8950019342562603,0.09262638270795012,0.01237168303578946
0.315501741484973,0.667925598223936,0.016572660291090863

0.019389926696618588,0.47613040347596397,0.5044796698274175
0.9993664871713652,0.0003167564143173899,0.0003167564143173899
0.0005803830528148578,0.9451646045106125,0.05425501243657278

Transition Gammas
4231.0,22.437388319916142,52.56261168008387
868.2785612559492,89.86070223282236,12.002283721941316
198.7214387440507,420.6985838756873,10.438430169548946

82.0,2013.5554762998515,2133.4445237001487
3155.0,1.0,1.0
1.0,1628.5186135717852,93.4813864282149

Iteration: ,17500
Error:,0.21493852589841872
Absolute Error:,1
Transition Probabilities
0.9817024661893397,0.005168749215200951,0.013128784595459353
0.8969606492643322,0.09005635676787563,0.012982993967792313
0.30913322974117413,0.6748717641003489,0.015995006158477015

0.019671466234029614,0.4767440915678836,0.5035844421980867
0.9994566693833198,0.00027166530834012495,0.00027166530834012495
0.000498504486540379,0.9482970563477224,0.05120443916573713

Transition Gammas
4936.0,25.98847105403038,66.01152894596963
1021.1721155605298,102.52739675453043,14.78088411935785
225.8278844394706,493.007053568192,11.684665557919677

97.0,2350.825115521234,2483.1748844787653
3679.0,1.0,1.0
1.0,1902.2838950335304,102.71610496646863

Iteration: ,18139
Error:,0.21391831215673024
Absolute Error:,1
Transition Probabilities
0.9819091608929946,0.005194086038112083,0.012896753068893308
0.8979017002286468,0.0887808710235631,0.013317428747790166
0.310569917368233,0.6737726587107582,0.015657423921008762

0.01932838734869192,0.4786681841959364,0.5020034284553717
0.9994771241830065,0.00026143790849673205,0.00026143790849673205
0.00048076923076923107,0.9477061274860616,0.05181310328316912


Model Num 2
Model States: 
"['diamond', 'y', 'square']","['diamond', 'y', 'diamond']","['square', 'y', 'diamond', 'y', 'diamond']","['square', 'y', 'diamond', 'y', 'square']"
Iteration: ,0
Error:,0.6704631368679154
Absolute Error:,0.74
Transition Probabilities
0.25,0.25,0.25,0.25
0.25,0.25,0.25,0.25
0.25,0.25,0.25,0.25
0.25,0.25,0.25,0.25

0.25,0.25,0.25,0.25
0.25,0.25,0.25,0.25
0.25,0.25,0.25,0.25
0.25,0.25,0.25,0.25

Transition Gammas
1.0,1.0,1.0,1.0
1.0,1.0,1.0,1.0
1.0,1.0,1.0,1.0
1.0,1.0,1.0,1.0

1.0,1.0,1.0,1.0
1.0,1.0,1.0,1.0
1.0,1.0,1.0,1.0
1.0,1.0,1.0,1.0

Iteration: ,2500
Error:,0.06069098019466727
Absolute Error:,0.6224143461465698
Transition Probabilities
0.02584935589946797,0.00652477532825808,0.026077032686924084,0.9415488360853498
0.8023371496709928,0.026199250652271414,0.04457391775574949,0.12688968192098618
0.015336641518598702,0.011274376992781582,0.9589578185135634,0.014431162975056241
0.018089511371453794,0.013171562161217978,0.9453826173606339,0.02335630910669435

0.0013531799729364004,0.0013531799729364004,0.01812885052878592,0.9791647895253414
0.9350085410677808,0.055941685176563144,0.004524886877828055,0.004524886877828055
0.007739986741343039,0.9394355517436614,0.010117235806475701,0.04270722570851983
0.9700689228905778,0.002077317610775338,0.0032274183928108053,0.024626341105836006

Transition Gammas
4.05355946740902,1.02318080603013,4.089262538730847,147.64871563473915
38.66084145740116,1.2624182691596966,2.1478067769851035,6.114215049544858
3.005213060632438,2.2092128154728394,187.90766917892117,2.8277846489507605
4.505194983156842,3.280379140737881,235.44765457943487,5.816891592693323

1.0,1.0,13.397220540772798,723.6027794592273
206.63688757597953,12.363112424020454,1.0,1.0
1.9931374083927174,241.91567809190352,2.605306937763301,10.997611754765334
640.719140593432,1.3720439062717074,2.131671977301789,16.265409330169575

Iteration: ,5000
Error:,0.04563492074605542
Absolute Error:,0.62299588921975
Transition Probabilities
0.017808133250895888,0.007566655361521377,0.021063685130149806,0.953561526257433
0.8627536035409574,0.027054417001852075,0.03190591089254084,0.07828606856464963
0.00899139290199307,0.0210409945187182,0.9539883371732923,0.015979275405996286
0.009244381872547013,0.00884691390386061,0.9639386565938397,0.01797004762975269

0.0006835269993164735,0.0006835269993164735,0.017431714712956663,0.9812012312884104
0.9406392350244489,0.054720393745852684,0.0023201856148491896,0.0023201856148491896
0.003985359504618054,0.9557600850026453,0.009202108710715282,0.03105244678202122
0.9728991452351844,0.0010357644403266133,0.0016585016911051039,0.024406588633383762

Transition Gammas
5.945959860950321,2.5264315145995018,7.032956489207881,318.3847784712631
90.68392227133292,2.843686353117285,3.3536262630491493,8.228638776479944
3.3443460261459412,7.826191911737679,354.8356899972486,5.943486931028169
4.511723208782673,4.317738853333705,470.4505362021543,8.770286869569489

1.0,1.0,25.50259862505558,1435.4974013749434
405.4155102955372,23.58448970446249,1.0,1.0
2.0139769991153624,482.9875010365838,4.6502292366007865,15.692163658705653
1293.6213114279485,1.3772105363519977,2.2052369386491932,32.45237016604437

Iteration: ,7500
Error:,0.04200914323354135
Absolute Error:,0.6228894428222438
Transition Probabilities
0.014624819160069566,0.011644408924549387,0.021160576496806117,0.9525701954185749
0.880919053010855,0.023141017439566647,0.029101840990545923,0.06683808855903227
0.010582092936727426,0.01772389101809006,0.9555712093812152,0.016122806663967433
0.009043595343908493,0.010264811107494817,0.9615035186159464,0.019188074932650245

0.000454338936846888,0.000454338936846888,0.019364858450924206,0.9797264636753821
0.9385283875520567,0.058385192694856945,0.0015432098765432109,0.0015432098765432109
0.0027346900214987157,0.9631192884292807,0.008026249318554246,0.026119772230666274
0.974034425979727,0.0006756993751287174,0.00200216027088932,0.023287714374254975

Transition Gammas
7.811594064469303,6.219659514670587,11.302555741305525,508.79888517450286
127.61636957774472,3.3523768431154397,4.215905289536864,9.682653794655055
5.33985176594199,8.943689241646414,482.19276096016,8.135762759909447
6.424461023797734,7.2919979686138605,683.0404993466755,13.630976933256418

1.0,1.0,42.62205345048416,2156.377946549515
608.1663951337323,37.83360486626727,1.0,1.0
2.0280401199089524,714.2471511715576,5.952248884683161,19.37036577829186
1990.344083122879,1.380725585653233,4.091218690366084,47.58616664665888

Iteration: ,10000
Error:,0.03779721232836006
Absolute Error:,0.6224507652378082
Transition Probabilities
0.012764014958414586,0.011692315812502347,0.018892463078896464,0.9566512061501866
0.906400599957417,0.017537849983368575,0.022138355729874496,0.05392319432933991
0.010973291255813774,0.014993168730704411,0.9569732831350105,0.01706025687847123
0.009090026806246475,0.012542568879975534,0.9590237305198038,0.01934367379397418

0.00033932813030200233,0.00033932813030200233,0.0178931758380666,0.9814281679013295
0.9356339661306995,0.06202685258275081,0.001169590643274854,0.001169590643274854
0.0020767762990613558,0.9693140522038383,0.007177624623181568,0.02143154687391885
0.9745431247524455,0.0005076448713114909,0.001863185999385189,0.023086044376857837

Transition Gammas
8.933492487816153,8.183413746887197,13.222773362577536,669.5570626833925
181.37371285023184,3.5093809150649014,4.429957102097221,10.79020685193327
7.372970532604805,10.073932119799322,642.9917563070513,11.46281168623813
8.636421100406011,11.916676247189862,911.1670359827475,18.37839602396433

1.0,1.0,52.731189194782225,2892.2688108052153
799.967041041748,53.03295895825194,1.0,1.0
2.0359831973450246,950.2742900761156,7.036638051123987,21.010577474392655
2654.307083574441,1.3826431520971485,5.074652594200061,62.8781318802833

Iteration: ,12500
Error:,0.038152572504795625
Absolute Error:,0.6214548963100013
Transition Probabilities
0.010599412826393642,0.010470268238823,0.022729884727531475,0.9562004342072519
0.9110484542386843,0.013524972018571026,0.03306910599137117,0.042357467751373515
0.009593803765233192,0.014078932642255819,0.9613473892061313,0.014979874386379793
0.008710632016548038,0.014308304851812616,0.9597248908574194,0.017256172274219828

0.0002717391304347826,0.0002717391304347826,0.01761718478803748,0.9818393369510929
0.9343067813024182,0.06379568549075076,0.0009487666034155602,0.0009487666034155602
0.0016700930810607459,0.9693183291968727,0.006070863198943143,0.02294071452312346
0.9753962866845935,0.0004061806889861459,0.0017785688205389507,0.022418963805881376

Transition Gammas
9.335743761285562,9.221995877561833,20.020012713477005,842.201580823433
238.89573317966386,3.546527181488926,8.671403024338925,11.107003438751542
8.038160498998142,11.796021995274314,805.4641098388038,12.55087528566156
10.279859624896037,16.885957880831505,1132.6201288023992,20.36488607313498

1.0,1.0,64.83124001997793,3613.168759980022
984.7593474927484,67.24065250725127,1.0,1.0
2.044346626642478,1186.5342590232983,7.431291610216518,28.081532029537044
3325.036761518115,1.3846328319418888,6.062978495933344,76.4241978643131

Iteration: ,15000
Error:,0.03455589678691951
Absolute Error:,0.6214357937828772
Transition Probabilities
0.00950755125831955,0.010767084443608327,0.023510847769183166,0.9562145165288889
0.9139046429056346,0.014283242985961469,0.03195732354586194,0.03985479056254211
0.008264908056095971,0.013542130778226873,0.9637193386868165,0.014473622478860677
0.007438224533171561,0.013024384850775284,0.9637476996767377,0.015789690939315374

0.00022568269013766625,0.00022568269013766625,0.016229546271197007,0.9833190883485277
0.9389722393047275,0.05943159150133785,0.0007980845969672786,0.0007980845969672786
0.0013951750133509547,0.9727057314397038,0.005785975937706916,0.020113117609238316
0.9764275022414122,0.00033903128044095925,0.001498783083397012,0.02173468339474992

Transition Gammas
9.897928510104796,11.209177756663829,24.476196247451295,995.4764026799695
293.30882551853404,4.58406821469751,10.256392840013627,12.79100823256613
8.346548264954851,13.67589904009075,973.2388938419041,14.61659195342697
10.533433899978384,18.444118794976013,1364.7843844359775,22.360129768689514

1.0,1.0,71.913119527674,4357.0868804723295
1176.5322158488236,74.46778415117633,1.0,1.0
2.0490170068754336,1428.5595479653289,8.497545457941234,29.539032485703075
3991.005693876982,1.3857411508138138,6.126058315638337,88.83736374071734

Iteration: ,17500
Error:,0.03438861824595461
Absolute Error:,0.6215792743928317
Transition Probabilities
0.008947520944995343,0.010876884087480315,0.02512577481750023,0.9550498201500242
0.9160325661403775,0.014918908637988558,0.03323561306167968,0.03581291215995414
0.007452678477712179,0.014245820808239999,0.96452848691152,0.013773013802527639
0.007927209846117294,0.01267203460818662,0.964136706256379,0.015264049289317065

0.0001927153594141451,0.0001927153594141451,0.016379402350816596,0.9832351669303551
0.9392418655250347,0.059372133088963906,0.000693000693000693,0.000693000693000693
0.001205429817982092,0.9725744885233902,0.005620000973355343,0.0206000806852722
0.9754773168483439,0.00028886292668550424,0.0012917696852372531,0.022942050539733312

Transition Gammas
10.82403634249906,13.158034429848202,30.395268301683952,1155.3472772794312
348.34463552175436,5.673293705898741,12.638685507758114,13.61876891112631
8.68430374263398,16.60007678204168,1123.9258977577879,16.049133968457177
12.974786102744302,20.740833372580035,1578.0416792685267,24.98328900522772

1.0,1.0,84.9927187983874,5102.007281201618
1355.326011952625,85.67398804737492,1.0,1.0
2.0532293382026885,1656.6028512274327,9.572644302542285,35.088471681535744
4682.957180149671,1.3867392846934212,6.2013765139368715,110.13750750198508

Iteration: ,20000
Error:,0.034729367349522575
Absolute Error:,0.6211010898929752
Transition Probabilities
0.008195098529594816,0.00950291123567682,0.024682933247055994,0.9576190569876724
0.9123632916839863,0.017846218936024717,0.034042419285192305,0.03574807009479662
0.0069821501541372346,0.01415607393239753,0.9664902076035166,0.012371568309948717
0.008040006454569539,0.013003520156974212,0.9645776809331966,0.014378792455259679

0.00016874789065136677,0.00016874789065136677,0.016043385807900525,0.9836191184107967
0.9391535353729081,0.059640192009480286,0.0006031363088057901,0.0006031363088057901
0.0010540698449863107,0.9730608530501312,0.005079562659378587,0.02080551444550377
0.9756172886211957,0.0002527067868287371,0.0016437981496362107,0.0224862064423394

Transition Gammas
11.429904704501613,13.253943127941138,34.42589174768268,1335.6147610741375
391.6552076223622,7.660944545195331,14.613576537587823,15.345770640590175
9.11850570348525,18.487462750287428,1262.2109630760726,16.156945024804383
15.05110211562341,24.34292943060391,1805.714616799278,26.917475099845028

1.0,1.0,95.07310429761856,5828.926895702384
1557.1165616482817,98.88343835171831,1.0,1.0
2.0567060900142558,1898.6409600292313,9.911266796830363,40.59581864473403
5356.91477265639,1.3875612243675657,9.025759069415642,123.46715548901993

Iteration: ,22500
Error:,0.03411201757716924
Absolute Error:,0.6209209621542533
Transition Probabilities
0.0075442507895961365,0.00905299289425496,0.024441380707728666,0.9589613756084202
0.9157430425550978,0.01601898308019232,0.03365663764909385,0.034581336715616036
0.006378081458199964,0.015815941025703734,0.96587565787719,0.011930319638906365
0.00792514406769521,0.013378438474201889,0.9640554841059746,0.014640933352128278

0.0001499475183685713,0.0001499475183685713,0.015767146899345406,0.9839329580639175
0.938525397318178,0.06040622661344597,0.000534188034188034,0.000534188034188034
0.0009380721577652878,0.973981139101989,0.005043659891806781,0.020037128848438706
0.9758435428135273,0.0002246014070113715,0.0019326888134342782,0.021999166966027085

Transition Gammas
11.88481804996343,14.261611438502001,38.50367262469967,1510.6975873291228
440.1540092812555,7.699561230279308,16.17714065164059,16.621599394535032
9.21906341097641,22.860818598164517,1396.1046116211583,17.244429063051754
16.710729564630483,28.209388426228593,2032.7795107047175,30.871448611071962

1.0,1.0,105.15110267173431,6561.848897328252
1756.9195437796297,113.08045622037089,1.0,1.0
2.0598328384919897,2138.6823154131885,11.074943633417151,43.99782644592258
6031.869548881984,1.3883028663405532,11.946307261108492,135.98092265955177

Iteration: ,25000
Error:,0.0334471350856153
Absolute Error:,0.6206330113100152
Transition Probabilities
0.006928020483663035,0.009218547464715482,0.024373421798031817,0.9594800102535898
0.9154162978865082,0.016466284541679806,0.03431513269995074,0.03380228487186134
0.005944862818837044,0.016204021410311555,0.9669730998857676,0.010878015885083801
0.007789131568165324,0.013166919663912487,0.9653628900236549,0.013681058744267347

0.00013480722566729605,0.00013480722566729605,0.015802502205641552,0.9839278833430238
0.9373954598113811,0.06164346378304472,0.0004805382027871214,0.0004805382027871214
0.0008475048125834024,0.9757016314216072,0.004608132607513075,0.0188427311582963
0.9757100058610797,0.0002016495007734596,0.002164078911105489,0.021924265727041477

Transition Gammas
12.165957958182668,16.18824037193693,42.80097404318393,1684.8959228668468
487.8701133579285,8.775688311952253,18.288212389127562,18.01489070083885
9.440304968597253,25.731612064506006,1535.5309680867044,17.274038196986588
18.14885630114682,30.679226665749923,2249.317811128704,31.877182587601425

1.0,1.0,117.22296136144878,7298.7770386385355
1950.719951867485,128.28004813251613,1.0,1.0
2.0627207207475524,2374.735744881073,11.215618451174587,45.8608510755429
6720.812547417595,1.3889869805964865,14.906446189945482,151.017084283337

Iteration: ,27500
Error:,0.032405156923788446
Absolute Error:,0.6207043995704626
Transition Probabilities
0.006385161572101855,0.009413870626233342,0.02526748900364177,0.958933478798023
0.9178813920495168,0.01699867789416657,0.0336435850655806,0.03147634499073603
0.005857976173783621,0.014566677808259803,0.9692761215610259,0.01029922445693056
0.007372640925589259,0.013964705547300477,0.964659173397162,0.014003480129948245

0.00012262415695892112,0.00012262415695892112,0.015118614537332339,0.9846361371487499
0.9381715898272145,0.06095466617977535,0.0004368719965050237,0.0004368719965050237
0.0007732773533244284,0.9761653423396632,0.00431437627550731,0.018747004031504942
0.9763721030814919,0.00018361816556306183,0.0023464218257604457,0.021097856927184536

Transition Gammas
12.302854506034505,18.138535625975738,48.685101768270904,1847.6617917021767
530.7297751463151,9.828834721674987,19.453115066536025,18.199991463014612
10.432514579922756,25.94190794011941,1726.1912596044465,18.341967621801718
18.874641634768437,35.750935845189396,2469.6165704161344,35.85020235761023

1.0,1.0,123.292301551945,8029.707698448041
2147.4747691144958,139.5252308855059,1.0,1.0
2.0650282311364885,2606.838259936325,11.521491959341258,50.06365750639693
7388.707179241594,1.3895325909590543,17.756574296632024,159.65827623762976

Iteration: ,30000
Error:,0.03187685180187048
Absolute Error:,0.6211387402216255
Transition Probabilities
0.006168476949242326,0.009114520465232433,0.025989720835354613,0.9587272817501706
0.9193544631756643,0.01869191990426277,0.030924482826075666,0.03102913409399721
0.005400810640809116,0.014470335738016411,0.9695578857611732,0.010570967860001236
0.0068479794191179015,0.013837492508630016,0.9653809318382072,0.013933596234044878

0.00011228385358185518,0.00011228385358185518,0.015423376932712967,0.9843520553601233
0.9383368075768598,0.06086094613352938,0.000401123144805455,0.000401123144805455
0.0007104937306520835,0.977119846432,0.003971266723701887,0.018198393113645957
0.9759463887098383,0.00016811006933678245,0.002278870668601662,0.02160663055222316

Transition Gammas
12.945884809471702,19.12879516409069,54.54505786978013,2012.0968361177297
584.0506531104129,11.874666916025232,19.645811398231253,19.712294614255768
10.43499040311568,27.9583611791732,1873.2979002698855,20.42433173591725
19.070831168210898,38.53581724950022,2688.474312977427,38.803455016767195

1.0,1.0,137.36059496274137,8766.639405037238
2339.273661289113,151.72633871088885,1.0,1.0
2.067136847258794,2842.8687708386296,11.554150896338811,52.9470808019549
8069.674063638313,1.390028675813672,18.842985374546476,178.6557829271598

Iteration: ,32500
Error:,0.03313499138092468
Absolute Error:,0.6209244290278282
Transition Probabilities
0.006046421409848774,0.008886962480970102,0.02658767746789725,0.958478938641284
0.9174645975234271,0.018760943417318796,0.03196503751180606,0.03180942154744808
0.005046292490387428,0.015555426601044165,0.96877317697447,0.010625103934098476
0.006476274360715965,0.014855698788858208,0.9658273061730798,0.012840720677346082

0.00010388531061707884,0.00010388531061707884,0.015211736775912924,0.9845804926028529
0.9374783369268191,0.06178609852739205,0.0003677822728944461,0.0003677822728944461
0.0006551489788139062,0.9786306438455198,0.0036874037460117052,0.017026803429654562
0.9762438143267188,0.0001558445113523898,0.0023392263342853744,0.02126111482764341

Transition Gammas
13.767694582760074,20.235603328466027,60.54011095665531,2182.4554388033093
633.0516295120486,12.94507257672549,22.05591271737968,21.948537522651915
10.639703057535897,32.79736961019836,2042.5805584492941,22.40217962585538
19.600963680336676,44.961963651929054,2923.153791107002,38.863470817839755

1.0,1.0,146.42817820493767,9477.571821795053
2549.0035981040237,167.99640189597915,1.0,1.0
2.069257945376591,3090.959920341354,11.646495294947973,53.778376248047124
8710.580291899663,1.3905298136235336,20.871854455509663,189.70327400149526

Iteration: ,35000
Error:,0.032242731533806857
Absolute Error:,0.6206819939867336
Transition Probabilities
0.0059549012007598925,0.00828082083251331,0.02645135353405816,0.9593129244326686
0.918550471154108,0.018653114160439115,0.032994772898997646,0.029801641786455408
0.005139290566954684,0.014518461953821097,0.9695588704602227,0.010783377019001488
0.006210973177484756,0.014825307557618194,0.9667148211058882,0.012248898159008793

9.65810314854164e-05,9.65810314854164e-05,0.015404546652899113,0.98440229128413
0.9354795745031318,0.0638385298269057,0.0003409478349812474,0.0003409478349812474
0.0006076531152989662,0.9790249382045492,0.0034528520191875215,0.016914556660964343
0.9752309372788521,0.0001447820620822499,0.0024980312976983945,0.022126249361367308

Transition Gammas
14.631227418641425,20.346025690244037,64.99113184922416,2357.037520828264
687.0703276604138,13.952419230700963,24.679895268369947,22.291452054138574
11.632676249828776,32.86223367874941,2194.576138141305,24.40794738255439
20.226164611160563,48.27892546026123,3148.127120338755,39.88879413737599

1.0,1.0,159.4986760441172,10192.501323955868
2743.7615920176895,187.23840798231467,1.0,1.0
2.0711983362589543,3337.026951910926,11.769118231165484,57.65361969305575
9369.510859115602,1.390990637222688,23.999783513331423,212.5774785624474

Iteration: ,37500
Error:,0.03287054806406368
Absolute Error:,0.620527160296209
Transition Probabilities
0.005875875140702567,0.007859939978496594,0.025978491828686518,0.9602856930521144
0.9198801145390045,0.017599578666329923,0.03267471827592666,0.029845588518738798
0.004909670744140936,0.014545673650970646,0.9703220117926047,0.010222643812283777
0.006246780839754492,0.015197946173314958,0.9662070808620354,0.012348192124895071

8.971023593792056e-05,8.971023593792056e-05,0.01512187797425706,0.9846987015538671
0.9378190070640245,0.06153811283311468,0.0003214400514304079,0.0003214400514304079
0.0005721026751349628,0.9798534677935025,0.003260139051105501,0.016314290480257024
0.9756393756587353,0.00013425027959411648,0.0023248927904505126,0.02190148127122016

Transition Gammas
15.420851272481409,20.62790010281502,68.17885832843756,2520.207202680242
729.9848356783948,13.966412946309077,25.929518938936468,23.684420052383604
11.780262201947702,34.900884080033805,2328.190282999993,24.52820785376157
21.64884594498667,52.670007773031806,3348.4876100374872,42.793899108753955

1.0,1.0,168.56357377904337,10976.436426220951
2917.5549309761836,191.44506902382,1.0,1.0
2.0727647594303384,3550.072086219234,11.811693302045837,59.107722883150764
10111.463787751516,1.3913612698287072,24.095039465963207,226.98554434884028

Iteration: ,40000
Error:,0.03159320240246011
Absolute Error:,0.6206859380119081
Transition Probabilities
0.00567135628767566,0.008323495891448828,0.02581169784458461,0.960193449976291
0.9229676383963967,0.016901281222251735,0.03175081081498669,0.028380269566364778
0.004576749571437491,0.014012654855622432,0.9715036129391675,0.009906982633772559
0.005937496053480623,0.015093034512843823,0.9666278150277813,0.01234165440589423

8.428860418071487e-05,8.428860418071487e-05,0.014972122249880615,0.984859300541758
0.9394086198585604,0.05999059912611974,0.0003003905076599577,0.0003003905076599577
0.0005353305060568737,0.9805002318920752,0.0030686055380912186,0.01589583206377661
0.975510144353812,0.00012627389236358322,0.0021948888945128773,0.02216869285931149

Transition Gammas
15.905490199592467,23.34349591392815,72.38968710078004,2692.891564844707
778.4952942374492,14.255719649030446,26.780848839550327,23.937899214962908
11.817317571261471,36.181134637296594,2508.454206753582,25.580154240226754
22.021978034100048,55.97956975734187,3585.1908477839283,45.77479122225808

1.0,1.0,177.6292583725834,11684.370741627403
3127.2912955091506,199.7087044908528,1.0,1.0
2.074230235142255,3799.1170007009932,11.889840602802403,61.59113875704712
10751.41706310486,1.3917059590208554,24.190589968407537,244.32843067174306

Iteration: ,42500
Error:,0.030621596768615353
Absolute Error:,0.6204820057164644
Transition Probabilities
0.005628186039277221,0.007937383586605413,0.0249972207312122,0.9614372096429051
0.9235791983811319,0.016134684063195966,0.0329587944757152,0.027327323079956885
0.0043519296614584636,0.014279621619054444,0.9705812549455599,0.010787193773927208
0.005725623971951967,0.015099758014343592,0.9672749803262435,0.01189963768746098

7.918910357934759e-05,7.918910357934759e-05,0.015259616893058573,0.9845820048997826
0.9390894640470879,0.060346201867133326,0.00028216704288939017,0.00028216704288939017
0.0005046481236710968,0.9803403626554178,0.003381486042620362,0.015773503178290637
0.9758867157165824,0.00011877468012300767,0.002068560530989024,0.021925949072305547

Transition Gammas
16.681429432079934,23.5256800772548,74.08947940167809,2849.6120871110375
816.528356295269,14.264534195396855,29.13858424475221,24.15984924253228
11.920971744074611,39.11528427134017,2658.6531988333995,29.54869269043933
22.53469241034331,59.42905157424189,3806.963968407745,46.8341400684131

1.0,1.0,192.6984421255434,12433.30155787444
3328.1330605828834,213.86693941712076,1.0,1.0
2.0756305812121836,4032.164871478685,13.908138187350954,64.87682017231835
11437.367461713124,1.3920362269884614,24.243476756772367,256.9715648835585

Iteration: ,45000
Error:,0.030947841532507136
Absolute Error:,0.6204894901596072
Transition Probabilities
0.0055649986127268855,0.00810872583646834,0.025498875591889857,0.960827399958915
0.9241441827896956,0.016385348659428256,0.03343449178728013,0.026035976763595967
0.004483915433152296,0.013954650938556256,0.970913329306262,0.010648104322029525
0.0055415808179768355,0.015377077226627013,0.9668658754679575,0.012215466487438521

7.485590238790342e-05,7.485590238790342e-05,0.015328131136470005,0.9845221570587541
0.9393812208618616,0.06008487630845341,0.00026695141484249843,0.00026695141484249843
0.0004780717402589465,0.9806758318216953,0.0032163078820418188,0.015629788556003887
0.9766323184936619,0.00011200558594594595,0.0021087020026612823,0.021146973917730922

Transition Gammas
17.66701078070527,25.742494606026987,80.95040831592195,3050.305887705034
866.2319469589277,15.358547654340821,31.3392925647715,24.404411414273316
12.912187892851136,40.18476208662918,2795.9080679767803,30.663005526860847
23.02156639257369,63.881483627945975,4016.6818234595157,50.74710303683608

1.0,1.0,204.76850385210244,13152.231496147873
3518.9220533485363,225.07794665146668,1.0,1.0
2.0773140895073214,4261.225985830266,13.975479236526345,67.91445142902812
12141.304268278654,1.3924318015750679,26.214975831362807,262.8950935030828

Iteration: ,47500
Error:,0.030003706908615247
Absolute Error:,0.6205906371476027
Transition Probabilities
0.005492175427925455,0.007969391923079609,0.025605282050289287,0.9609331505987057
0.9269218399961445,0.015594048461813193,0.0325845970626586,0.024899514479383707
0.004274114755547661,0.01375364845349391,0.9706388021186062,0.01133343467235239
0.005501252130759931,0.015526268405070971,0.9663417407164854,0.012630738747683806

7.113387395077545e-05,7.113387395077545e-05,0.01528255979505532,0.9845751724570431
0.9393908784189259,0.06010470796190638,0.00025220680958385866,0.00025220680958385866
0.0004517717567618286,0.981138762024786,0.0030474841887624,0.015361982029689676
0.976086639922749,0.000106511664643128,0.0020154048124412815,0.02179144360016655

Transition Gammas
18.44901935671298,26.770351344305855,86.01188188162409,3227.9147905148334
920.2980165795407,15.482612719440953,32.35174612773496,24.721581475807813
13.110829809285802,42.18926127251352,2977.4306186674817,34.76526524024772
24.252292161052534,68.44761675714813,4260.121453484241,55.682662608019655

1.0,1.0,214.84222559888744,13841.157774401096
3724.684832931043,238.3151670689589,1.0,1.0
2.0786272911048194,4514.2746897759,14.0216463494231,70.68134431699112
12763.253942403548,1.3927405294431225,26.35331984460528,284.9436894889807

Iteration: ,47713
Error:,0.031191128343743303
Absolute Error:,0.6205585298034519
Transition Probabilities
0.0054611157712325335,0.007926148777183896,0.025462467562850324,0.9611502678887333
0.9256811555377893,0.01646575861096593,0.03275670518002676,0.025096380671217944
0.004294088921803653,0.014000162604710384,0.9704321569096201,0.011273591563865941
0.005671705917257404,0.015457259141679764,0.9662984875119983,0.012572547429064593

7.08666997377933e-05,7.08666997377933e-05,0.01536730751660813,0.9844909590839163
0.9384329135338219,0.0610652044084617,0.0002509410288582182,0.0002509410288582182
0.00044960520924379536,0.9809193528402873,0.0030408901322840835,0.015590151818184952
0.9759890232089934,0.00010607930427832373,0.0020084916373615852,0.021896405849366786

*,*,*,*,*,*,*,*,*,*,*
Model Num 2
Model States: 
"['diamond', 'y', 'square']","['diamond', 'y', 'diamond']","['square', 'y', 'diamond', 'y', 'diamond']","['square', 'y', 'diamond', 'y', 'square']"
Iteration: ,47713
Error:,0.031045078644791432
Transition Probabilities
0.0054611157712325335,0.007926148777183896,0.025462467562850324,0.9611502678887333
0.9256811555377893,0.01646575861096593,0.03275670518002676,0.025096380671217944
0.004294088921803653,0.014000162604710384,0.9704321569096201,0.011273591563865941
0.005671705917257404,0.015457259141679764,0.9662984875119983,0.012572547429064593

7.08666997377933e-05,7.08666997377933e-05,0.01536730751660813,0.9844909590839163
0.9384329135338219,0.0610652044084617,0.0002509410288582182,0.0002509410288582182
0.00044960520924379536,0.9809193528402873,0.0030408901322840835,0.015590151818184952
0.9759890232089934,0.00010607930427832373,0.0020084916373615852,0.021896405849366786

Transition Gammas
18.449479173609948,26.777186735703363,86.02074826615559,3247.0877001973286
926.2966276334798,16.47670645720737,32.77848464249551,25.113066894021074
13.24245209543487,43.17481216558123,2992.6956762570708,34.76639607297347
25.120669874903463,68.46206586408042,4279.852598060187,55.6853296097588

1.0,1.0,216.84807636685704,13892.151923633124
3739.6551604322817,243.34483956772,1.0,1.0
2.0787474692461583,4535.275793803464,14.059540540851481,72.08099010179028
12814.252689978997,1.392768748290042,26.37050085075573,287.48896850660265

