0,1,2,3,4,5,6,7,8,9,10,11,12,13,14,15,16,17,18,19,20,21,22,23,24,25,26,27,28,29
github Code Version (SHA):,cd93f48c3be2409aefa56252372b16f046dc3cc1
Environment Observations,Environment Actions,alpha,epsilon,numActions,explore,patience,gainThresh,insertRandActions,useBudd,revisedSplitting,haveControl,confidence_factor
"['rose', 'volcano', 'nothing']","['b', 'f', 't']",0.99,0.99,75000,0.5,0,0.01,False,False,False,False,250

Model Num 0
Model States: 
['rose'],['volcano'],['nothing']
Iteration: ,0
Error:,0.789126436607079
Absolute Error:,1
Transition Probabilities
0.3333333333333333,0.3333333333333333,0.3333333333333333
0.3333333333333333,0.3333333333333333,0.3333333333333333
0.3333333333333333,0.3333333333333333,0.3333333333333333

0.3333333333333333,0.3333333333333333,0.3333333333333333
0.3333333333333333,0.3333333333333333,0.3333333333333333
0.3333333333333333,0.3333333333333333,0.3333333333333333

0.3333333333333333,0.3333333333333333,0.3333333333333333
0.3333333333333333,0.3333333333333333,0.3333333333333333
0.3333333333333333,0.3333333333333333,0.3333333333333333

Transition Gammas
1.0,1.0,1.0
1.0,1.0,1.0
1.0,1.0,1.0

1.0,1.0,1.0
1.0,1.0,1.0
1.0,1.0,1.0

1.0,1.0,1.0
1.0,1.0,1.0
1.0,1.0,1.0

Iteration: ,2500
Error:,0.24125249336090682
Absolute Error:,1
Transition Probabilities
0.014150943396226415,0.014150943396226415,0.9716981132075472
0.013452914798206279,0.017937219730941704,0.968609865470852
0.48931116389548696,0.48693586698337293,0.023752969121140142

0.00980392156862745,0.014705882352941176,0.9754901960784313
0.010362694300518135,0.015544041450777202,0.9740932642487047
0.4913151364764268,0.48883374689826303,0.019851116625310174

0.958904109589041,0.0136986301369863,0.0273972602739726
0.008771929824561403,0.9649122807017544,0.02631578947368421
0.023696682464454975,0.014218009478672985,0.9620853080568721

Transition Gammas
3.0,3.0,206.0
3.0,4.0,216.0
206.0,205.0,10.0

2.0,3.0,199.0
2.0,3.0,188.0
198.0,197.0,8.0

210.0,3.0,6.0
2.0,220.0,6.0
10.0,6.0,406.0

Iteration: ,5000
Error:,0.23882991202038834
Absolute Error:,1
Transition Probabilities
0.01488833746898263,0.01240694789081886,0.9727047146401985
0.008421052631578947,0.014736842105263158,0.9768421052631578
0.4843373493975904,0.4927710843373494,0.02289156626506024

0.004975124378109453,0.014925373134328358,0.9800995024875622
0.010282776349614395,0.02056555269922879,0.9691516709511568
0.46715328467153283,0.5182481751824818,0.014598540145985401

0.9619047619047619,0.011904761904761904,0.02619047619047619
0.009216589861751152,0.9700460829493087,0.020737327188940093
0.018823529411764704,0.012941176470588235,0.9682352941176471

Transition Gammas
6.0,5.0,392.0
4.0,7.0,464.0
402.0,409.0,19.0

2.0,6.0,394.0
4.0,8.0,377.0
384.0,426.0,12.0

404.0,5.0,11.0
4.0,421.0,9.0
16.0,11.0,823.0

Iteration: ,7500
Error:,0.23717969319037824
Absolute Error:,1
Transition Probabilities
0.013071895424836602,0.011437908496732025,0.9754901960784313
0.007429420505200594,0.010401188707280832,0.9821693907875185
0.4821852731591449,0.49564528899445764,0.022169437846397466

0.011272141706924315,0.01288244766505636,0.9758454106280193
0.009933774834437087,0.018211920529801324,0.9718543046357616
0.48292682926829267,0.5024390243902439,0.014634146341463415

0.9577235772357724,0.014634146341463415,0.027642276422764227
0.012345679012345678,0.9645061728395061,0.023148148148148147
0.017474185861795076,0.011914217633042097,0.9706115965051628

Transition Gammas
8.0,7.0,597.0
5.0,7.0,661.0
609.0,626.0,28.0

7.0,8.0,606.0
6.0,11.0,587.0
594.0,618.0,18.0

589.0,9.0,17.0
8.0,625.0,15.0
22.0,15.0,1222.0

Iteration: ,9371
Error:,0.2409385893198499
Absolute Error:,1
Transition Probabilities
0.012,0.012,0.976
0.00830367734282325,0.013048635824436536,0.9786476868327402
0.4805360561582642,0.5015954052329291,0.017868538608806637

0.010430247718383311,0.014341590612777053,0.9752281616688396
0.011658031088082901,0.01683937823834197,0.9715025906735751
0.47522816166883963,0.5104302477183833,0.014341590612777053

0.9564660691421255,0.01792573623559539,0.02560819462227913
0.014962593516209476,0.9613466334164589,0.02369077306733167
0.015189873417721518,0.012025316455696202,0.9727848101265822


Model Num 1
Model States: 
['rose'],['volcano'],"['nothing', 'b', 'volcano']","['nothing', 'b', 'rose']"
Iteration: ,0
Error:,0.7464346859281659
Absolute Error:,0.7399999999999999
Transition Probabilities
0.25,0.25,0.25,0.25
0.25,0.25,0.25,0.25
0.25,0.25,0.25,0.25
0.25,0.25,0.25,0.25

0.25,0.25,0.25,0.25
0.25,0.25,0.25,0.25
0.25,0.25,0.25,0.25
0.25,0.25,0.25,0.25

0.25,0.25,0.25,0.25
0.25,0.25,0.25,0.25
0.25,0.25,0.25,0.25
0.25,0.25,0.25,0.25

Transition Gammas
1.0,1.0,1.0,1.0
1.0,1.0,1.0,1.0
1.0,1.0,1.0,1.0
1.0,1.0,1.0,1.0

1.0,1.0,1.0,1.0
1.0,1.0,1.0,1.0
1.0,1.0,1.0,1.0
1.0,1.0,1.0,1.0

1.0,1.0,1.0,1.0
1.0,1.0,1.0,1.0
1.0,1.0,1.0,1.0
1.0,1.0,1.0,1.0

Iteration: ,2500
Error:,0.06266292123669279
Absolute Error:,0.05205584704420994
Transition Probabilities
0.025,0.01666666666666667,0.9389894940382293,0.019343839295103974
0.01762114537444934,0.00881057268722467,0.02369754126042752,0.9498707406778985
0.0025725986783440087,0.9775874977707233,0.012660050184357105,0.00717985336657553
0.9909989068462968,0.0027375660410118696,0.003198655684593725,0.003064871428097679

0.025316455696202535,0.012658227848101267,0.026648403056389228,0.9353769133993071
0.01255230125523013,0.01255230125523013,0.948892976509195,0.02600242098034471
0.9448371812733887,0.02216752965544899,0.02255660565737545,0.01043868341378696
0.08585696003182766,0.8701175357261949,0.03255794026261326,0.011467563979364192

0.95,0.022727272727272728,0.013636363636363636,0.013636363636363636
0.03139013452914798,0.9417040358744395,0.021524663677130042,0.005381165919282511
0.009614267410712625,0.014710021304069069,0.023042868064014312,0.952632843221204
0.008475444292424862,0.01245873370647315,0.8570802584801867,0.12198556352091539

Transition Gammas
6.0,4.0,225.35747856917502,4.642521430824953
4.0,2.0,5.379341866117047,215.62065813388296
1.0,380.0,4.921113538201157,2.790895224744976
362.0,1.0,1.1684305096842251,1.1195607273696417

6.0,3.0,6.315671524364246,221.68432847563574
3.0,3.0,226.78542138569753,6.214578614302384
90.51306029891555,2.1235944013946315,2.1608669181003863,1.0
7.486939701084442,75.8764055986054,2.8391330818996137,1.0

209.0,5.0,3.0,3.0
7.0,210.0,4.8,1.2
1.0,1.53001998755293,2.3967367537893707,99.08532834854792
1.0,1.46998001244707,101.12511260869512,14.392822288967551

Iteration: ,5000
Error:,0.04605109625012913
Absolute Error:,0.037828972044371766
Transition Probabilities
0.02083333333333334,0.012500000000000002,0.9527835434685229,0.01388312319814365
0.01720430107526881,0.008602150537634405,0.01592646417205007,0.9582670842150468
0.0013315574674280402,0.9733685086898973,0.0183931591385888,0.006906774704085865
0.9893620400016453,0.0013297876881742544,0.0062278909296314385,0.003080281380549124

0.018750000000000003,0.010416666666666668,0.021634982469988025,0.9491983508633453
0.013452914798206282,0.015695067264573995,0.9523538754386693,0.0184981424985504
0.9536314675167608,0.014766815708885045,0.011747795164483165,0.01985392160987104
0.06546216414063653,0.9108893807278298,0.01603469071519043,0.007613764416343294

0.9649122807017544,0.015350877192982455,0.009868421052631578,0.009868421052631578
0.01986754966887417,0.9580573951434878,0.01690667075043663,0.005168384437201335
0.0052399902668399875,0.01810256862316709,0.01700948559467562,0.9596479555153172
0.004758280518683812,0.007352994269867274,0.9078388266491104,0.08004989856233849

Transition Gammas
10.0,6.0,457.3361008648909,6.6638991351089505
8.0,4.0,7.405805840003286,445.5941941599969
1.0,731.0,13.81326723668635,5.186989576519438
744.0,1.0,4.6833723796782065,2.316370807116005

9.0,5.0,10.38479158559425,455.6152084144057
6.0,7.0,424.7498284456464,8.250171554353477
175.4091437043837,2.7161797685649907,2.1608669181003863,3.6518922743079782
11.590856295616211,161.28382023143507,2.8391330818996137,1.3481077256920222

440.0,7.0,4.5,4.5
9.0,434.0,7.658721849947796,2.341278150052205
1.0,3.4546950855471663,3.2460910666792717,183.13926298455505
1.0,1.545304914452834,190.79136320029903,16.823282748466685

Iteration: ,7500
Error:,0.03851282796203973
Absolute Error:,0.03133195809287793
Transition Probabilities
0.017316017316017326,0.01875901875901877,0.9499623277595128,0.01396263616545107
0.012676056338028163,0.011267605633802812,0.013270590879594204,0.9627857471485748
0.0008755742881785977,0.9762653313191364,0.015534205298140934,0.007324889094544136
0.990186025876512,0.000900988194610111,0.0062296595190248156,0.0026833264098529495

0.015625,0.01278409090909091,0.01764114166576347,0.9539497674251457
0.010130246020260492,0.011577424023154847,0.963416828573167,0.014875501383417608
0.9606807018939005,0.010387575684292915,0.015240551080872836,0.013691171340933811
0.04365338055180483,0.9404406597108386,0.010899369329565332,0.005006590407791383

0.9625748502994012,0.017964071856287425,0.007924185508364235,0.011536892335947143
0.0169971671388102,0.9589235127478754,0.020333866459605117,0.003745453653709332
0.003705028347178821,0.019624055611707148,0.0151827205916113,0.9614881954495028
0.006383322428927975,0.008428855996180849,0.9290686916657681,0.05611912990912317

Transition Gammas
12.0,13.0,658.323893137342,9.676106862657585
9.0,8.0,9.422119524511888,683.5778804754884
1.0,1115.0,17.74173306351397,8.365811095003307
1099.0,1.0,6.914252102626723,2.9782037388559996

11.0,9.0,12.419363732697484,671.5806362673026
7.0,8.0,665.7210285440584,10.278971455941567
256.24560134120827,2.77071307090014,4.065163554124327,3.6518922743079782
11.754398658791608,253.2292869290999,2.9348364458756735,1.3481077256920222

643.0,12.0,5.2933559195873086,7.7066440804126914
12.0,677.0,14.355709720481212,2.6442902795187884
1.0157187172955227,5.3798564346307165,4.162282184996045,263.5881469895865
1.9842812827044773,2.6201435653692835,288.804715059447,17.444855765970676

Iteration: ,10000
Error:,0.03591681538575048
Absolute Error:,0.028887902024545355
Transition Probabilities
0.015486725663716823,0.01659292035398231,0.9527751939702247,0.015145160012076135
0.012917115177610329,0.009687836383207747,0.011231139096603004,0.9661639093425789
0.0006570857726272413,0.9757723723514534,0.016065418232526545,0.007505123643392752
0.9885666242121323,0.0006674994086510008,0.007526047888084732,0.003239828491132062

0.011351909184726519,0.012383900928792567,0.018008954203965522,0.9582552356825154
0.01066098081023454,0.013859275053304901,0.9623714581324839,0.013108286003976576
0.9609091534061662,0.009503805329856303,0.01538068021913049,0.0142063610448468
0.03617506917392114,0.9508378855125914,0.008867673891425473,0.004119371422061967

0.9684684684684685,0.013513513513513514,0.007006799361386924,0.011011218656631091
0.018418201516793065,0.962080173347779,0.01663673859207065,0.0028648865433573006
0.008353996452406606,0.019381261206947494,0.012973312520728107,0.9592914298199178
0.009844875319642172,0.009837953388668622,0.9337573045767098,0.046559866714979393

Transition Gammas
14.0,15.0,861.3087753490827,13.69122465091682
12.0,9.0,10.433728220744195,897.5662717792561
1.0,1485.0,24.449499444025108,11.421832515692497
1481.0,1.0,11.274988098183758,4.853679942098633

11.0,12.0,17.450676623642597,928.5493233763576
10.0,13.0,902.7044277282702,12.295572271730032
336.03880686410224,3.323568510501727,5.3787659439749715,4.968095681541611
12.961193135897613,340.67643148949816,3.1772056445929406,1.4759327298904794

860.0,12.0,6.222037832911589,9.77796216708841
17.0,888.0,15.355709720481212,2.6442902795187884
3.0324192725721315,7.03520887823351,4.709185973573654,348.2134372897875
3.9675807274278685,3.96479112176649,376.3132965576454,18.764080178993762

Iteration: ,12500
Error:,0.03321987157848141
Absolute Error:,0.026585390582309132
Transition Probabilities
0.012477718360071301,0.0142602495543672,0.9574788987951505,0.01578313329041116
0.013722126929674103,0.010291595197255577,0.009814049639406918,0.9661722282336633
0.0005244129260667695,0.9727859778538575,0.019431722103889146,0.0072578871161866464
0.9834641207627028,0.0005316022274392988,0.010938751642145944,0.005065525367711965

0.009917355371900829,0.0115702479338843,0.016924571841702936,0.9615878248525119
0.009433962264150953,0.013722126929674113,0.9662884421618377,0.0105554686443372
0.9630755859968873,0.00870340084237473,0.015842545852907206,0.012378467307830725
0.030377904239249322,0.957055719065713,0.007197200720669723,0.005369175974367927

0.9694055944055944,0.013986013986013986,0.006168338927520056,0.01044005268087155
0.016873889875666074,0.9635879218472468,0.01712470977480455,0.0024134785022824823
0.009036878472068645,0.015842407114118082,0.011008186248736307,0.964112528165077
0.008088347466956938,0.008043387998401567,0.9424909772162595,0.04137728731838196

Transition Gammas
14.0,16.0,1074.2913244481588,17.708675551841324
16.0,12.0,11.443181879548465,1126.5568181204512
1.0,1855.0,37.0542393941965,13.840023301146767
1850.0,1.0,20.57694847299147,9.528788831665258

12.0,14.0,20.478731928460547,1163.5212680715392
11.0,16.0,1126.6923235607017,12.307676439297163
422.40905506407717,3.817348689060513,6.948608105986684,5.429248497904761
13.59094493592228,428.18265131093966,3.219996939782951,2.4021464563256054

1109.0,16.0,7.056579733082944,11.943420266917053
19.0,1085.0,19.28242320642992,2.717576793570075
4.013047209319478,7.03520887823351,4.888454707198005,428.13778038304673
3.9869527906805224,3.96479112176649,464.5778445046597,20.3959204050959

Iteration: ,15000
Error:,0.032831706417059264
Absolute Error:,0.026009608039018865
Transition Probabilities
0.012667660208643813,0.013412816691505213,0.9577282013614491,0.016191321738401824
0.014419610670511913,0.010814708002883935,0.009698270191935539,0.9650674111346687
0.00043377549460776134,0.9751273118782475,0.017595001388680764,0.006843911238464046
0.9839344777399253,0.0004505194495146178,0.010949581099957773,0.004665421710602282

0.011879804332634523,0.01257861635220126,0.015024114069985642,0.9605174652451786
0.00978336827393432,0.013277428371768004,0.9655354778685544,0.011403725485743175
0.9670181491149991,0.008233823775741299,0.013996324587587398,0.010751702521672237
0.028861484860914083,0.960453451241991,0.006128714337152098,0.004556349559942783

0.9641812865497076,0.013157894736842105,0.007413230290902166,0.015247588422548124
0.016212232866617538,0.9646278555637435,0.016371643944153552,0.002788267625485356
0.010035569150502577,0.014735359580801076,0.010974271168147632,0.9642548001005488
0.012757116295473108,0.006894588492217285,0.9457662531631523,0.034582042049157304

Transition Gammas
17.0,18.0,1285.271246227065,21.72875377293525
20.0,15.0,13.451500756214577,1338.548499243784
1.0,2248.0,40.562460552528286,15.777542354375292
2184.0,1.0,24.304347152502896,10.355649940593532

17.0,18.0,21.49950723414945,1374.5004927658504
14.0,19.0,1381.6812688299003,16.31873117009847
519.5971723300103,4.424189510046114,7.520490370712328,5.77709346314448
15.402827669988998,512.5758104899538,3.270778729114731,2.4316374370284626

1319.0,18.0,10.141299037954163,20.858700962045834
22.0,1309.0,22.21632083221637,3.783679167783628
5.360861941941436,7.871424848244168,5.862303548864647,515.0915491359557
7.639138058058564,4.128575151755832,566.3379412108862,20.708206104293566

Iteration: ,17500
Error:,0.032460014354718354
Absolute Error:,0.025606830133364494
Transition Probabilities
0.012779552715654945,0.012140575079872198,0.9605433484001938,0.014536523804279096
0.013496932515337429,0.011042944785276078,0.01194086246393188,0.9635192602354546
0.00037299646796824755,0.9753857637369674,0.017757763663076808,0.006483476131987493
0.9841417960326311,0.0003866961870462205,0.011296008180669156,0.004175499599653422

0.010210210210210208,0.012012012012012008,0.013525129300288588,0.9642526484774893
0.009063444108761334,0.012688821752265867,0.9659626762604957,0.012285057878477093
0.967776997113123,0.008133008023580536,0.013851836577144602,0.010238158286151997
0.027253077343006825,0.9617677645062227,0.006975791345008551,0.004003366805762085

0.96375,0.015625,0.00710204295174228,0.013522957048257718
0.015933715742511154,0.9649458253664754,0.015417748385388057,0.0037027105056253273
0.012856245240554209,0.01821639117808528,0.010041968878133814,0.9588853947032268
0.012482279472996521,0.01053195623624642,0.9476935375789985,0.029292226711758598

Transition Gammas
20.0,19.0,1503.2503402463042,22.749659753696797
22.0,18.0,19.463605816208958,1570.5363941837904
1.0,2615.0,47.608396293416085,17.382138140083992
2545.0,1.0,29.21158407832706,10.79788148817288

17.0,20.0,22.519340284980505,1605.48065971502
15.0,21.0,1598.6682292111198,20.33177078887958
610.0867437134821,5.127049306299935,8.732199563546397,6.454136303150388
16.913256286516848,596.8729506937008,4.32917520962712,2.484488923676097

1542.0,25.0,11.363268722787648,21.63673127721235
25.0,1514.0,24.19044721667386,5.809552783326138
8.12350724680434,11.510435821417113,6.345243531632187,605.8932687558713
8.87649275319566,7.489564178582884,673.9309784538008,20.830509258696356

Iteration: ,20000
Error:,0.030428912343374373
Absolute Error:,0.024000572606846474
Transition Probabilities
0.012147984538928765,0.012147984538928765,0.9631333675519963,0.012570663370146154
0.014031300593631958,0.011332973556395044,0.011049526652391888,0.963586199197581
0.000328374143063584,0.9752712048988444,0.01728414359180979,0.007116277366282122
0.9841969269714255,0.00033844461037531824,0.011157945370393217,0.0043066830478058855

0.009523809523809521,0.011640211640211636,0.012451123189739021,0.9663848556462399
0.009047365620010645,0.013304949441192124,0.9652233959776281,0.012424288961169084
0.969220695362619,0.008637069820890875,0.012829856173142437,0.009312378643347663
0.02529735827418761,0.9649778176130447,0.006179388591299277,0.0035454355214683975

0.9664864864864865,0.015135135135135135,0.0062591665503221525,0.012119211828056224
0.015616285554935862,0.965978806469604,0.015109923862787917,0.003294984112672207
0.011133660718250423,0.018496407816301536,0.0096654832709387,0.9607044481945093
0.010994397178465815,0.009294897041865166,0.9528671214817522,0.02684358429791681

Transition Gammas
22.0,22.0,1744.2345286366658,22.76547136333469
26.0,21.0,20.474772886882153,1785.5252271131164
1.0,2970.0,52.63551944302451,21.67124761983521
2908.0,1.0,32.968305679383135,12.72492725775715

18.0,22.0,23.53262282860676,1826.467377171394
17.0,25.0,1813.654761041963,23.345238958036706
708.2602865879452,6.3115589420380385,9.375447360492302,6.805042441118365
17.739713412054037,676.6884410579626,4.333281818727209,2.486228379662126

1788.0,28.0,11.579458118095982,22.420541881904015
28.0,1732.0,27.092093485978733,5.907906514021267
8.12350724680434,13.495624371710297,7.052273765324074,700.9634786294845
8.87649275319566,7.504375628289701,769.311674055007,21.672573550185778

Iteration: ,22500
Error:,0.031148260057434
Absolute Error:,0.024527904230954415
Transition Probabilities
0.012285012285012284,0.01425061425061425,0.9622726193301792,0.01119175413419432
0.015488867376573096,0.01210067763794773,0.010398687823138363,0.9620117671623407
0.00029350233095857403,0.9756017481063,0.017293450269754013,0.006811299292987415
0.9846348535594791,0.00030203523115321444,0.010754533998876012,0.004308577210491631

0.009372071227741325,0.01358950328022492,0.011970576744197643,0.9650678487478362
0.009380863039399622,0.013602251407129453,0.9651208349307488,0.011896050622721935
0.9676604464292895,0.009646447787772506,0.01376594471382577,0.008927161069112293
0.02439518601671915,0.9642717370356446,0.00762465555369029,0.003708421393945965

0.9659413434247871,0.01466414380321665,0.00672742780981496,0.012667084962181253
0.015523284927391086,0.9669504256384577,0.014545167104293115,0.0029811223298581114
0.015801633360776123,0.016435466555638437,0.008692732570703703,0.9590701675128818
0.012306262335412795,0.008376617360774528,0.9534846974586323,0.025832422845180343

Transition Gammas
25.0,29.0,1958.2247803369148,22.775219663085444
32.0,25.0,21.48368904260385,1987.516310957395
1.0,3324.0,58.92099804888729,23.206968308366815
3260.0,1.0,35.606885851738674,14.265147791007216

20.0,29.0,25.545210772117787,2059.454789227884
20.0,29.0,2057.637620072357,25.362379927643172
809.597396811019,8.070743251181055,11.517338593390724,7.468948833379974
19.402603188980546,766.9292567488194,6.064236036549202,2.949476536680103

2042.0,31.0,14.221782389948826,26.77821761005117
31.0,1931.0,29.04669870727335,5.953301292726649
12.975166088203384,13.495624371710297,7.13784748007062,787.5195196346126
11.024833911796614,7.504375628289701,854.2000926366937,23.142540248623806

Iteration: ,25000
Error:,0.03168840982994732
Absolute Error:,0.02457141102523544
Transition Probabilities
0.012792236435818257,0.014115571239523594,0.9599534698996741,0.01313872242498408
0.01442938347179711,0.012243113248797548,0.010709359421535714,0.9626181438578697
0.00026475668838695133,0.9750988833291417,0.0180186997764479,0.006617660206023327
0.9837009168405163,0.00027189080067454847,0.011556339130629806,0.004470853228179314

0.009725158562367867,0.01353065539112051,0.011229003761301176,0.9655151822852104
0.009337860780984714,0.01273344651952461,0.9667344548913123,0.011194237808178431
0.9674174665410725,0.009665778502102127,0.01476749492647061,0.008149260030354608
0.02291543490014134,0.9649814647599932,0.008452244928732854,0.003650855411132518

0.9664851277754504,0.014243820695433599,0.006305985172961717,0.012965066356154326
0.016659162539396668,0.9648806843764071,0.014811010465270977,0.003649142618925329
0.01729185464096448,0.01491338646570085,0.007967548699145576,0.959827210194189
0.012463126150134965,0.008572862280389771,0.9540600821239429,0.024903929445532328

Transition Gammas
29.0,32.0,2176.214516262562,29.78548373743892
33.0,28.0,24.492304997052184,2201.5076950029484
1.0,3683.0,68.05758104253415,24.99525223080061
3618.0,1.0,42.50360476323239,16.443561963432874

23.0,32.0,26.556593895477278,2283.443406104522
22.0,30.0,2277.626375723933,26.3736242760684
900.8150402239319,9.00033227774793,13.750818024568456,7.58821941502283
20.184959776067387,849.9996677222528,7.44512267157059,3.215839888838126

2307.0,34.0,15.052386607859619,30.947613392140376
37.0,2143.0,32.89525424336684,8.104745756633156
15.693449730185103,13.53483970723716,7.231053439844821,871.1037876273841
12.306550269814897,8.465160292762839,942.0741008029422,24.591058129829495

Iteration: ,27500
Error:,0.03159719878773851
Absolute Error:,0.02433053593737584
Transition Probabilities
0.013599999999999998,0.014799999999999997,0.9592809573229734,0.012319042677026694
0.013916500994035777,0.011928429423459237,0.012128089599625021,0.96202697998288
0.00023922266989272604,0.9748323798128585,0.017781197078215766,0.007147200439032825
0.9829455434647107,0.00024790555951190684,0.012379843537416991,0.004426707438360414

0.010108864696734061,0.012830482115085539,0.011106699675892225,0.9659539535122882
0.009188361408882075,0.011868300153139347,0.968458872210726,0.010484466227252515
0.9639001608235229,0.009520050875205948,0.017637847536200398,0.008941940765070707
0.022710500182840824,0.9650109197034837,0.008642455912982445,0.0036361242006930214

0.967741935483871,0.013440860215053764,0.006317619022570813,0.012499585278504456
0.01628001628001628,0.9645909645909646,0.014965431809329948,0.004163587319689181
0.015614441912566102,0.014256674408259406,0.0072338659462370955,0.9628950177329373
0.012375757429930745,0.008060704273915892,0.9565754225475355,0.02298811574861797

Transition Gammas
34.0,37.0,2398.202393307434,30.79760669256674
35.0,30.0,30.502145343056945,2419.4978546569446
1.0,4075.0,74.3290637387725,29.87676896273177
3965.0,1.0,49.93774065330064,17.856426645195103

26.0,33.0,28.566431566394797,2484.4335684336047
24.0,31.0,2529.6145742144186,27.385425785583593
980.8942939442337,9.68789503424309,17.94881327847904,9.099592499031713
22.105706055765808,939.3121049657574,8.41230217186732,3.5392920506219263

2520.0,35.0,16.4510799347744,32.5489200652256
40.0,2370.0,36.770065955523684,10.229934044476318
15.709613291690378,14.3435700765617,7.277956987233537,968.7639464658808
13.290386708309622,8.656429923438298,1027.271046099727,24.68705044715999

Iteration: ,28166
Error:,0.031144552353291225
Absolute Error:,0.024378118043130798
Transition Probabilities
0.013645224171539964,0.014814814814814817,0.9587517877321232,0.012788173281521915
0.01400233372228704,0.012057565149747174,0.013031820877204645,0.9609082802507611
0.0002342985010194487,0.9751503612429454,0.017415188216173456,0.007200152039861626
0.9833475236561743,0.0002415493794291757,0.012062430264899887,0.004348496699496769

0.009852216748768476,0.012504736642667682,0.010825934489149256,0.9668171121194147
0.009380863039399619,0.012007504690431511,0.9679594667303019,0.010652165539866986
0.9640654015653779,0.009337846775681646,0.01729378876736713,0.009302962891573301
0.023416483433149633,0.964189187768139,0.008411261591622388,0.003983067207089007

0.9676326684230335,0.013549115543846444,0.006268180817427871,0.012550035215692189
0.01698933227973133,0.9632556301856974,0.01528969731415129,0.004465340220420028
0.015118707351729535,0.013804046881361972,0.00700891268365367,0.9640683330832548
0.012105108057493878,0.00788442217033666,0.9575076495114252,0.02250282026074431

*,*,*,*,*,*,*,*,*,*,*
Model Num 1
Model States: 
['rose'],['volcano'],"['nothing', 'b', 'volcano']","['nothing', 'b', 'rose']"
Iteration: ,28166
Error:,0.031303797457486265
Transition Probabilities
0.013645224171539964,0.014814814814814817,0.9587517877321232,0.012788173281521915
0.01400233372228704,0.012057565149747174,0.013031820877204645,0.9609082802507611
0.0002342985010194487,0.9751503612429454,0.017415188216173456,0.007200152039861626
0.9833475236561743,0.0002415493794291757,0.012062430264899887,0.004348496699496769

0.009852216748768476,0.012504736642667682,0.010825934489149256,0.9668171121194147
0.009380863039399619,0.012007504690431511,0.9679594667303019,0.010652165539866986
0.9640654015653779,0.009337846775681646,0.01729378876736713,0.009302962891573301
0.023416483433149633,0.964189187768139,0.008411261591622388,0.003983067207089007

0.9676326684230335,0.013549115543846444,0.006268180817427871,0.012550035215692189
0.01698933227973133,0.9632556301856974,0.01528969731415129,0.004465340220420028
0.015118707351729535,0.013804046881361972,0.00700891268365367,0.9640683330832548
0.012105108057493878,0.00788442217033666,0.9575076495114252,0.02250282026074431

Transition Gammas
35.0,38.0,2459.1983355328957,32.801664467103706
36.0,31.0,33.50481147529316,2470.4951885247083
1.0,4162.0,74.3290637387725,30.730679063388266
4071.0,1.0,49.93774065330064,18.002516544538608

26.0,33.0,28.56964111686488,2551.4303588831344
25.0,32.0,2579.611978836256,28.388021163745538
1000.580619649449,9.691529742517721,17.94881327847904,9.655324586394254
23.419380350550302,964.3084702574827,8.41230217186732,3.983559963259385

2571.0,36.0,16.654556431905853,33.34544356809415
43.0,2438.0,38.698223902116915,11.30177609788309
15.709613291690378,14.3435700765617,7.2828519855453795,1001.7483867607192
13.290386708309622,8.656429923438298,1051.2625643431081,24.706196910628275

