0,1,2,3,4,5,6,7,8,9,10,11,12,13,14,15,16,17,18,19,20,21,22,23,24,25,26,27,28,29
github Code Version (SHA):,32a229dd34421fba547a58d2c923a1ee52132eb5
Environment Observations,Environment Actions,alpha,epsilon,numActions,explore,patience,gainThresh,insertRandActions,useBudd,revisedSplitting,haveControl,confidence_factor
"['square', 'diamond']","['x', 'y']",0.99,0.99,75000,0.5,0,0.01,False,False,False,False,250

Model Num 0
Model States: 
['square'],['diamond']
Iteration: ,0
Error:,0.6721805918326506
Absolute Error:,1
Transition Probabilities
0.5,0.5
0.5,0.5

0.5,0.5
0.5,0.5

Transition Gammas
1.0,1.0
1.0,1.0

1.0,1.0
1.0,1.0

Iteration: ,2430
Error:,0.25878691984258884
Absolute Error:,1
Transition Probabilities
0.985632183908046,0.014367816091954023
0.6406533575317604,0.35934664246823955

0.018867924528301886,0.9811320754716981
0.668,0.332


Model Num 1
Model States: 
['square'],"['diamond', 'x', 'square']","['diamond', 'x', 'diamond']"
Iteration: ,0
Error:,0.705606970427121
Absolute Error:,1
Transition Probabilities
0.3333333333333333,0.3333333333333333,0.3333333333333333
0.3333333333333333,0.3333333333333333,0.3333333333333333
0.3333333333333333,0.3333333333333333,0.3333333333333333

0.3333333333333333,0.3333333333333333,0.3333333333333333
0.3333333333333333,0.3333333333333333,0.3333333333333333
0.3333333333333333,0.3333333333333333,0.3333333333333333

Transition Gammas
1.0,1.0,1.0
1.0,1.0,1.0
1.0,1.0,1.0

1.0,1.0,1.0
1.0,1.0,1.0
1.0,1.0,1.0

Iteration: ,2500
Error:,0.2147052775646379
Absolute Error:,1
Transition Probabilities
0.981029810298103,0.014099808805568043,0.004870380896328975
0.996116504854369,0.001941747572815534,0.001941747572815534
0.0037174721189591076,0.9774899289483785,0.018792598932662476

0.021428571428571422,0.43598218790189447,0.5425892406695342
0.8761448789669068,0.1136372682243781,0.010217852808715039
0.2935748813220199,0.6900801375588115,0.016344981119168635

Transition Gammas
724.0,10.405658898509216,3.5943411014907833
513.0,1.0,1.0
1.0,262.9447908871138,5.055209112886206

15.0,305.1875315313262,379.812468468674
147.35897543629375,19.112673964001054,1.718542625994138
36.64102456370636,86.12876945518747,2.0400139548173724

Iteration: ,5000
Error:,0.21503139455591935
Absolute Error:,1
Transition Probabilities
0.9780918727915194,0.016939843056330013,0.004968284152150552
0.9981024667931688,0.0009487666034155598,0.0009487666034155598
0.0018281535648994511,0.9778913898443938,0.020280456590706687

0.024526979677645406,0.4483860809434753,0.5270869393788793
0.8923861128028534,0.09607572064271613,0.011538166554430504
0.2804699334307964,0.7071680225967026,0.012362043972500996

Transition Gammas
1384.0,23.96987792470697,7.030122075293031
1052.0,1.0,1.0
1.0,534.9065902448835,11.09340975511656

35.0,639.8469375063394,752.1530624936609
305.6275240177654,32.904349582525185,3.95163172660693
64.3724759822349,162.3067256913048,2.8372929995631884

Iteration: ,7500
Error:,0.21654307695761396
Absolute Error:,1
Transition Probabilities
0.976303317535545,0.01916799493166842,0.004528687532786559
0.9987397605545053,0.000630119722747322,0.000630119722747322
0.0012004801920768306,0.9758255391538531,0.022973980654070077

0.02014995313964387,0.45598102409287006,0.5238690227674861
0.8942238295702525,0.08640074443202093,0.019375425997726653
0.26923942533574535,0.7134143930518098,0.017346181612444972

Transition Gammas
2060.0,40.44446930582037,9.55553069417964
1585.0,1.0,1.0
1.0,812.8626741151597,19.137325884840376

43.0,973.0635054141843,1117.936494585815
466.2631573385353,45.0507832190453,10.10266893113413
88.73684266146513,235.12953450156655,5.717013348254136

Iteration: ,10000
Error:,0.21573364026174904
Absolute Error:,1
Transition Probabilities
0.9776516495211067,0.018585172143165664,0.0037631783357275615
0.9990601503759399,0.00046992481203007516,0.00046992481203007516
0.0009149130832570906,0.9769646768710939,0.022120410045648974

0.021023125437981783,0.46375774848926266,0.5152191260727556
0.8964421001151366,0.08658359347583683,0.01697430640902661
0.2614759056130032,0.7240596930592402,0.014464401327756534

Transition Gammas
2756.0,52.39160027158401,10.608399728415996
2126.0,1.0,1.0
1.0,1067.8223918201056,24.177608179894328

60.0,1323.5646141883553,1470.4353858116442
616.7927793842288,59.57343509656283,11.679091853002395
113.20722061577175,313.4850426045109,6.2624304459239015

Iteration: ,12500
Error:,0.2144824473128323
Absolute Error:,1
Transition Probabilities
0.9793901750423489,0.01756469665954791,0.003045128298103135
0.999244142101285,0.0003779289493575208,0.0003779289493575208
0.0007267441860465118,0.9794957750534671,0.01977748076048638

0.021372328458942633,0.4590277761065862,0.5195998954344712
0.9017073057882316,0.08162413692284036,0.016668557288928056
0.2519880751816819,0.7355972377740146,0.012414687044303221

Transition Gammas
3469.0,62.2141555681187,10.785844431881303
2644.0,1.0,1.0
1.0,1347.7861864735703,27.21381352642925

76.0,1632.3027718350202,1847.6972281649794
772.3013630381836,69.91008257077345,14.276417005256564
135.69863696181818,396.12804076876637,6.685459655203379

Iteration: ,15000
Error:,0.2172872428418248
Absolute Error:,1
Transition Probabilities
0.9777985510633326,0.018246786756895127,0.003954662179772322
0.9993698802772527,0.000315059861373661,0.000315059861373661
0.0006067961165048545,0.9786140558266884,0.020779148056806782

0.024206815511163337,0.4592529013070466,0.5165402831817902
0.9031811288135911,0.07875832259232836,0.018060548594080492
0.24095534403407934,0.7455733632858498,0.01347129268007081

Transition Gammas
4184.0,78.07800053275425,16.92199946724577
3172.0,1.0,1.0
1.0,1612.755964002382,34.244035997617566

103.0,1954.1210950614834,2197.8789049385173
918.2235137107672,80.07003401376382,18.361345095180088
154.77648628923436,478.9154019506185,8.65321894043714

Iteration: ,17500
Error:,0.21752496108405603
Absolute Error:,1
Transition Probabilities
0.9774675972083748,0.01870427390717632,0.0038281288844488064
0.9994569644311703,0.00027151778441487917,0.00027151778441487917
0.00051948051948052,0.9801149395101632,0.019365579970356272

0.024025842923480718,0.45921485152138064,0.5167593055551387
0.9081300136159086,0.07607545312074926,0.015794533263342174
0.23659821533009728,0.7510394419540501,0.012362342715852513

Transition Gammas
4902.0,93.80193364448925,19.198066355510765
3681.0,1.0,1.0
1.0,1886.7212585570621,37.27874144293578

119.0,2274.4911595853982,2559.508840414602
1090.2941103395503,91.33562070997326,18.96279864599601
174.70588966045247,554.5731344321807,9.128446211849704

Iteration: ,17765
Error:,0.2127508917613943
Absolute Error:,1
Transition Probabilities
0.9772593609096256,0.018969327584875784,0.003771311505498657
0.9994633753689295,0.00026831231553528306,0.00026831231553528306
0.0005120327700972868,0.9798857061605127,0.019602261069389976

0.024288273939876568,0.4587537933554795,0.5169579327046441
0.9082546730176466,0.0758364556979502,0.015908871284403294
0.2357057989613896,0.7515027648647625,0.012791436173847799


Model Num 2
Model States: 
"['diamond', 'x', 'square']","['diamond', 'x', 'diamond']","['square', 'y', 'diamond', 'x', 'diamond']","['square', 'y', 'diamond', 'x', 'square']"
Iteration: ,0
Error:,0.6715217440363056
Absolute Error:,0.74
Transition Probabilities
0.25,0.25,0.25,0.25
0.25,0.25,0.25,0.25
0.25,0.25,0.25,0.25
0.25,0.25,0.25,0.25

0.25,0.25,0.25,0.25
0.25,0.25,0.25,0.25
0.25,0.25,0.25,0.25
0.25,0.25,0.25,0.25

Transition Gammas
1.0,1.0,1.0,1.0
1.0,1.0,1.0,1.0
1.0,1.0,1.0,1.0
1.0,1.0,1.0,1.0

1.0,1.0,1.0,1.0
1.0,1.0,1.0,1.0
1.0,1.0,1.0,1.0
1.0,1.0,1.0,1.0

Iteration: ,2500
Error:,0.0734988002282635
Absolute Error:,0.6297499633585558
Transition Probabilities
0.0013089005235602106,0.0013089005235602106,0.027649079514241226,0.9697331194386384
0.9533007978019876,0.03594651402596937,0.005376344086021506,0.005376344086021506
0.0120221005065024,0.017232267910957087,0.9032332584357126,0.06751237314682788
0.013940270059539217,0.007032223114278772,0.9402546445004448,0.03877286232573723

0.06864028697787757,0.00929144273903592,0.022271735522021024,0.8997965347610656
0.7486220607454152,0.06840816842631671,0.02963813619591073,0.15333163463235744
0.014507055596454545,0.9445570639127514,0.020341554251671855,0.020594326239122197
0.9701100149376671,0.001931232669270135,0.01238769045473362,0.015571061938329103

Transition Gammas
1.0,1.0,21.123896748880277,740.876103251119
177.31394839116967,6.686051608830303,1.0,1.0
1.8002612235876956,2.5804628482178624,135.25554957198133,10.109706487887046
3.0704005186635825,1.548875409530859,207.0948651510869,8.539878789044801

12.477621814721614,1.689024240941718,4.048617877877537,163.56751064522936
46.57718750870307,4.256166435633601,1.8440026007660877,9.539868876127027
3.4070760880560487,221.83535210605186,4.777345935153368,4.8367110756842235
707.3494260295339,1.4081457763586622,9.032404158357625,11.353538830804784

Iteration: ,5000
Error:,0.05148114198215206
Absolute Error:,0.627205633122994
Transition Probabilities
0.0006540222367560495,0.0006540222367560495,0.022430644345304205,0.9762613111811838
0.9608902710964926,0.033804689115708886,0.002652519893899204,0.002652519893899204
0.016082766205201177,0.015567894367092393,0.9283681344595573,0.03998120496814898
0.007816021192446196,0.00387778349270418,0.9620395835099581,0.02626661180489157

0.04238456463833467,0.007504292780491138,0.028192559942822663,0.9219185826383516
0.8380019472004385,0.048429037071794565,0.018102860811717116,0.0954661549160497
0.007420502708025115,0.9583351449918303,0.013426313591656,0.020818038708488695
0.9775108534773805,0.0009842335431818102,0.00957426352415893,0.01193064945527888

Transition Gammas
1.0,1.0,34.29645520397014,1492.7035447960304
362.25563220337773,12.74436779662225,1.0,1.0
5.010903511871401,4.85048501987662,289.2514313718276,12.456934200719605
3.434596114522675,1.7040153537293046,422.74929074318277,11.542343684270536

14.917072430152723,2.641104843210129,9.922255005968413,324.46543663401826
93.06357809526583,5.378244631371327,2.0103974776278197,10.601910882385463
3.4766212658702447,448.9949638191231,6.290437345237065,9.75357586075242
1407.1116260819579,1.4167888330490144,13.782003000878383,17.17398379313213

Iteration: ,7500
Error:,0.04546922825762528
Absolute Error:,0.626485745950532
Transition Probabilities
0.00044072278536800316,0.00044072278536800316,0.020909902510919284,0.9782086519183448
0.9674703995452562,0.02906939284228705,0.001730103806228373,0.001730103806228373
0.017665797895080954,0.011113508413733217,0.9315252676479898,0.039695426043196126
0.010858585937080813,0.00567300556044107,0.962511548421986,0.020956860080492055

0.04262244323906467,0.005015083939581208,0.028118926213348616,0.9242435466080056
0.8837337489596174,0.03272157368339504,0.012678478382330148,0.07086619897465739
0.0048850490044135405,0.9646303873214976,0.009539721332360047,0.020944842341728703
0.980294400153747,0.0006735548949612373,0.008146709588582646,0.010885335362709034

Transition Gammas
1.0,1.0,47.44456879727589,2219.555431202726
559.1978909371583,16.80210906284192,1.0,1.0
8.423304898661005,5.299079635048678,444.1645600616025,18.927346425557943
7.407572145998281,3.8700433202920363,656.6116230608525,14.296470451986893

22.608511092533845,2.660184922812938,14.915312377540365,490.25276093366597
146.31381453291112,5.417489451742122,2.0990898410020358,11.732836847791585
3.504279948475257,691.9756426039089,6.843299657552626,15.024739972062335
2067.0997845457755,1.420292901842304,17.17857577547626,22.953384594908776

Iteration: ,10000
Error:,0.041454436629864894
Absolute Error:,0.6251146669505674
Transition Probabilities
0.00033178500331784976,0.00033178500331784976,0.020434923361988117,0.9789015066313762
0.9712649681752167,0.02610345287741488,0.0013157894736842105,0.0013157894736842105
0.02113630345857509,0.009582264573860667,0.9311896994192134,0.03809173254835091
0.011361126831573603,0.0046250670117315195,0.9586669659985912,0.025346840158103717

0.04008350026918404,0.003808279680906623,0.025621431682043835,0.9304867883678655
0.9025903309978879,0.02394064372917936,0.009545201638037912,0.06392382363489488
0.003680185657668752,0.9695569788897128,0.007474875774059183,0.019287959678559237
0.9803361282831545,0.000510831694505815,0.007622111263143889,0.011530928759195692

Transition Gammas
1.0,1.0,61.59085901303223,2950.40914098697
738.1613758131647,19.838624186835307,1.0,1.0
13.907620144586566,6.305099473962938,612.7198470373983,25.064238312528616
10.509078618363944,4.278201763086553,886.770006519873,23.445908130199246

28.06057449363366,2.665997604027286,17.936360036407866,651.3900648644609
204.84017055807576,5.4332573442632,2.1662549047974298,14.507320194333948
3.5260212570336225,928.9418620353031,7.161750336724628,18.479979587358287
2731.108995600679,1.4231211069881187,21.23436649498744,32.12390358092964

Iteration: ,12500
Error:,0.04240429889490341
Absolute Error:,0.6258021011632497
Transition Probabilities
0.0002673796791443846,0.0002673796791443846,0.02346168307759016,0.976003557564121
0.9750037130028876,0.022986236745856096,0.0010050251256281404,0.0010050251256281404
0.020573736022394058,0.00926435241135296,0.9369797833697637,0.033182128196489226
0.014729817458889276,0.0038639475785632047,0.9577786252018172,0.023627609760730164

0.04085147422561408,0.005095807905322745,0.02869005183530942,0.9253626660337538
0.9029907695130079,0.028597510936052842,0.008338536530788428,0.06007318302015089
0.0028883930725030404,0.9721449370337597,0.00612580109555116,0.018840868798186177
0.9801229968137863,0.0004174898609914714,0.00724591417392204,0.012213599151300181

Transition Gammas
1.0,1.0,87.74669471018734,3650.2533052898184
970.1286944378734,22.87130556212682,1.0,1.0
17.409537919765757,7.839514147161418,792.8742281360145,28.078785421690537
17.230910037134894,4.520037895937938,1120.4074573499647,27.639529092329408

35.52101199129262,4.430886697273702,24.94646018512233,804.6176785431634
243.3415307443712,7.706570567062422,2.247101866461199,16.188759405252927
3.538549208993943,1190.9676458915048,7.504674078979245,23.081810442373637
3345.0689506967437,1.42485420276145,24.729633527010343,41.68388195163678

Iteration: ,15000
Error:,0.04138357156956173
Absolute Error:,0.625375279912793
Transition Probabilities
0.00022301516503122162,0.00022301516503122162,0.022725105548474674,0.9768288641214629
0.9748511889431402,0.02346672527048481,0.0008410428931875529,0.0008410428931875529
0.0182708248838875,0.008791371342472609,0.939923963496264,0.033013840277375944
0.01574977801106379,0.0033562068583256233,0.9568525417068346,0.024041473423776025

0.03920851200584907,0.005066388897228523,0.02678338278967765,0.9289417163072449
0.9065320497256353,0.0277289391262546,0.010017376931286005,0.055721634216823974
0.0024269111654702698,0.9717779295208006,0.006121131456902789,0.019674027856826384
0.9779780564730645,0.00034650315095554474,0.007176407155713638,0.014499033220266508

Transition Gammas
1.0,1.0,101.89937327936066,4380.100626720649
1159.0980636533932,27.901936346606426,1.0,1.0
18.442572154635844,8.874010962949537,948.7593267854064,33.32417311678493
21.99613866270861,4.687278219706016,1336.3401803100794,33.576319787727805

41.10653960575664,5.311645487363095,28.079927778329957,973.9104469745455
289.71988331757774,8.861931589302442,3.2014679200352,17.80815732708945
3.5518779191344914,1422.2344102563522,8.958511531541633,28.793697156837514
4026.7869984397385,1.426713384774824,29.548580194481584,59.69921111713927

Iteration: ,17500
Error:,0.04013853320959492
Absolute Error:,0.6254189264442993
Transition Probabilities
0.00019131432944327492,0.00019131432944327492,0.023541951874989798,0.9760754194661236
0.9776996166916935,0.020858422241255312,0.0007209805335255948,0.0007209805335255948
0.017387078459320793,0.0076600660798879505,0.9426825787949192,0.03227027666587202
0.015211763559738583,0.0028878457351859997,0.957306721361684,0.024593669343391234

0.03727864128046746,0.005022881445964352,0.02607373238284436,0.9316247448907239
0.915415390807411,0.024622487255389458,0.008884564607165859,0.05107755733003373
0.00208936588817481,0.9738100648851346,0.0053816444687586696,0.018718924757931837
0.9787065234988809,0.00029717771894535597,0.006555973509153901,0.01444032527301993

Transition Gammas
1.0,1.0,123.05378245057192,5101.946217549438
1356.069368351379,28.930631648621116,1.0,1.0
20.552802226243394,9.054760036209247,1114.3199617708478,38.14583431319798
24.70278811119338,4.689649626353986,1554.5958890532033,39.93831486274998

45.89528268254878,6.18387784332285,32.10045423320649,1146.9618943225873
334.91249344421584,9.008346029912685,3.2504933996441374,18.687158044560803
3.562582550843353,1660.4457671250884,9.176254282580775,31.917681383902288
4703.5634446037375,1.4282057203266392,31.50733810499837,69.39872622851858

Iteration: ,20000
Error:,0.03680654512674253
Absolute Error:,0.6250292900283301
Transition Probabilities
0.00016753224995811662,0.00016753224995811662,0.023492292047460343,0.9761726434526234
0.9775140021039801,0.02123521615743319,0.0006253908692933085,0.0006253908692933085
0.01857765201441676,0.006959986663342278,0.9451023779622145,0.029359983360026418
0.015125612485328073,0.0030715543896725106,0.9587165295892135,0.02308630353578588

0.03594649871005022,0.005310770473945975,0.02425466441057019,0.9344880664054336
0.9230382320563041,0.0230083813195806,0.007727582586758483,0.04622580403735681
0.0018179201037477422,0.9749667239025583,0.00475704960319554,0.018458306390498315
0.9797195984455812,0.00026160462229136267,0.005970473572025544,0.014048323360101912

Transition Gammas
1.0,1.0,140.22549123129107,5826.774508768721
1563.0448893642636,33.95511063573566,1.0,1.0
24.678011562132884,9.245443461690535,1255.4464575314116,39.00094631229467
28.324662717502488,5.7518822586741045,1795.3205113941522,43.23208476214224

50.58573008941793,7.473584671732439,34.13238983799768,1315.0588456547143
390.2139046964477,9.726780542401947,3.2668312864199622,19.54193322086525
3.5717119890218263,1915.5409137514607,9.34629143771365,36.265484988073645
5353.457894505648,1.4294797538672024,32.62431304713035,76.7639105270824

Iteration: ,22500
Error:,0.03667088618359617
Absolute Error:,0.6252438603276564
Transition Probabilities
0.00014914243102162546,0.00014914243102162546,0.02362346757467354,0.9760782475632832
0.9756476399179681,0.023244940369960974,0.0005537098560354374,0.0005537098560354374
0.017570445257800427,0.006307968135850828,0.9480583701464096,0.028063216459939117
0.015153865344746545,0.0027660939892414495,0.9583908158418728,0.02368922482413929

0.035446514088271555,0.005664464014254985,0.02279180282272253,0.9360972190747509
0.9266999465070793,0.023200202594740732,0.006790903041771237,0.04330894785640884
0.0016088819612156868,0.9746603408945521,0.004295464811698781,0.01943531233253336
0.9788670284657021,0.00023322740816765465,0.0056841882691056915,0.015215555857024532

Transition Gammas
1.0,1.0,158.3953500881863,6544.604649911822
1762.0196376918504,41.980362308149516,1.0,1.0
25.769868053939824,9.251644119671118,1390.4792250645946,41.159195155895326
32.116194004225825,5.8622938221632435,2031.156056439187,50.20552334032269

56.25146071866323,8.989159672983883,36.16920405761712,1485.5293193712434
449.5058694742104,11.253510134142537,3.294001243673451,21.007475327462508
3.5797568991396957,2168.6159480579686,9.557394616489892,43.243503927877065
6004.373677329043,1.4306177138569434,34.86683014903143,93.33227130660163

Iteration: ,25000
Error:,0.036874836827765246
Absolute Error:,0.6249766121712238
Transition Probabilities
0.00013433637829124098,0.00013433637829124098,0.022914616366186205,0.9768167108772313
0.9756303678371188,0.02337510207834621,0.0004972650422675286,0.0004972650422675286
0.019047931378905123,0.0057869856723472834,0.9489288145758913,0.026236268372856402
0.015010358216454604,0.0025039436708107405,0.9593829631318466,0.023102734980888138

0.0342599392299797,0.006459254605930337,0.0211259631843289,0.938154842979761
0.9253010494611243,0.025815897446852643,0.0061643107354814085,0.04271874235654179
0.0014481975603897728,0.9742710299686318,0.004374064991571808,0.019906707479406663
0.9795100987387532,0.00021056671980088435,0.00529600768162556,0.014983326859820349

Transition Gammas
1.0,1.0,170.57640422989047,7271.423595770125
1961.9926697204457,47.007330279554225,1.0,1.0
31.12021287762975,9.454686835058963,1550.3450809373937,42.864405621606515
35.50273362121355,5.922366666097759,2269.147563944381,54.64294949662398

60.30945302694229,11.370543001562911,37.18907017789684,1651.4800290473208
498.41424745491054,13.905756516584175,3.3204115548042243,23.010489219974172
3.5863205063029198,2412.6875151847175,10.831946831172457,49.29702631673761
6659.294605999196,1.4315583097902937,36.00542294866702,101.86560390342294

Iteration: ,27500
Error:,0.03646672301392783
Absolute Error:,0.6248383814830414
Transition Probabilities
0.00012218963831867041,0.00012218963831867041,0.02159488858143812,0.9781607321419246
0.9763797076307743,0.02271243944140007,0.00045392646391284624,0.00045392646391284624
0.018558019547327182,0.00591995486125666,0.9505328887847464,0.024989136806669702
0.016108183863626103,0.0023085908754057805,0.958292383529213,0.023290841731755167

0.034371516688204394,0.007126280460477012,0.020194368451380142,0.9383078343999385
0.9277098593677608,0.025828278721424222,0.005586531561352974,0.04087533034946204
0.001321941047741812,0.9746194586220207,0.004073607963005778,0.019984992367231644
0.9798017939397243,0.00019155094812178493,0.004977872923746688,0.015028782188407258

Transition Gammas
1.0,1.0,176.7325681504898,8005.267431849521
2150.9644959105954,50.03550408940434,1.0,1.0
33.29405173283459,10.620706746432544,1705.3054121563325,44.83181039217998
42.057630747974834,6.027610772758063,2502.0516003717644,60.81117707972164

66.7421187967233,13.837709327361425,39.21313541189637,1821.9927133127758
554.9693256024167,15.450846273498355,3.341943196737807,24.452208078586754
3.5926956125051746,2648.7649043313327,11.071018243027888,54.31406681587951
7327.209932777185,1.4324672789863995,37.22581460513548,112.38910033595715

Iteration: ,30000
Error:,0.03597731783562588
Absolute Error:,0.6248136877792845
Transition Probabilities
0.00011219566924716694,0.00011219566924716694,0.022312696452976608,0.9774629122085291
0.9764279701709008,0.022745924913775046,0.0004130524576621232,0.0004130524576621232
0.017561125524219283,0.006046953076583931,0.952517643351471,0.023874278047725826
0.016127609691158982,0.0027971936070189845,0.9589073028599057,0.022167893841916416

0.033405698913543405,0.006792476925752165,0.019822707552661654,0.9399791166080427
0.930032834707781,0.02460856662282575,0.005214177529040813,0.040144421140352514
0.001209934083077398,0.9752213145449784,0.003769303178525443,0.01979944819341871
0.9800661227000489,0.00017597082564439856,0.004690646890195615,0.015067259584111115

Transition Gammas
1.0,1.0,198.8730634853807,8712.126936514629
2363.93211578375,55.06788421624937,1.0,1.0
34.280314362786896,11.80399582682979,1859.368535641795,46.60394662813094
45.94664408349102,7.969045726892325,2731.8724471436676,63.155070586405685

71.16750246705445,14.470693147955517,42.23029706125398,2002.5315522753947
599.4991234461129,15.862680938877482,3.361058600833756,25.877092062512734
3.597754399595515,2899.83299425666,11.208070988014137,58.873911268171874
7982.136059194563,1.4331921491916322,38.202913880983374,122.71510386283062

Iteration: ,32500
Error:,0.036692983117330547
Absolute Error:,0.624493808138582
Transition Probabilities
0.00010347682119205294,0.00010347682119205294,0.022043970761634047,0.9777490755959818
0.9774106473734643,0.021824826632651947,0.00038226299694189635,0.00038226299694189635
0.0174583911022253,0.006638276712965433,0.9522695984627221,0.023633733722087165
0.017153248980895246,0.0029114642228115395,0.9570055654648473,0.02292972133144584

0.03307439760501007,0.006236161926558585,0.019860340919397704,0.9408290995490336
0.9286349401800436,0.025891203986828912,0.004928785668851319,0.04054507016427621
0.0011241987689651909,0.9763312429463183,0.0035220177390029943,0.019022540545713687
0.9801196906836556,0.00016179961315398344,0.004430748806839954,0.015287760896350653

Transition Gammas
1.0,1.0,213.03293344043152,9448.967066559571
2556.9062535289804,57.09374647101744,1.0,1.0
36.39754282056696,13.839589198121159,1985.3074251700734,49.27199935679639
52.800847014443484,8.962020966868428,2945.8386869076467,70.58188856548067

77.0021855166284,14.518725429722085,46.23786876370178,2190.3920285442514
640.618062910013,17.86102614363679,3.4001188099448374,27.969983882098358
3.60276177158105,3128.8851896938163,11.287141757493961,60.962245973220625
8686.078137864424,1.4339106701870623,39.266459710259134,135.48415255902628

Iteration: ,35000
Error:,0.03598941416744799
Absolute Error:,0.6248093778721349
Transition Probabilities
9.61168781237985e-05,9.61168781237985e-05,0.022316855291156106,0.9774909109525962
0.9775695566203604,0.021719711325624003,0.0003553660270078181,0.0003553660270078181
0.016801854522110523,0.006153808316561028,0.953698213330735,0.02334612383059352
0.01704426274543251,0.0027175861177185035,0.9580271049209376,0.022211046215911294

0.03303365416746113,0.006043901067100411,0.020029288335078645,0.9408931564303599
0.928170576608937,0.02858011542271224,0.004638686581112622,0.03861062138723811
0.0010445449053533963,0.9754474491862594,0.003655643328445044,0.019852362579942242
0.9798639764581496,0.00015026443715041696,0.004393295334563798,0.015592463770136133

Transition Gammas
1.0,1.0,232.1845624491882,10169.815437550815
2750.8807323296937,61.11926767030594,1.0,1.0
37.790097132639964,13.840913436814908,2145.0220313219656,52.509220697498804
56.379655515691425,8.989333914853734,3168.998211120161,73.47053686037293

82.80625278495249,15.15039168941041,50.20789721201751,2358.5594303323874
691.7432806241537,21.300074901483985,3.4571019102214327,28.77557054536783
3.6076521208903296,3369.0031331714526,12.625871170776914,68.56614550427722
9354.954610494338,1.434604213326408,41.943656908277234,148.8643264166687

Iteration: ,37500
Error:,0.034006880201871675
Absolute Error:,0.6244969037739303
Transition Probabilities
9.004141905276433e-05,9.004141905276433e-05,0.022001104129792736,0.9778188130321017
0.9776995120656441,0.021636256781914897,0.0003321155762205247,0.0003321155762205247
0.0168074076134172,0.005734065025558276,0.9545856519366318,0.022872875424392633
0.017146093679649393,0.0025438121516078954,0.9577255825424053,0.022584511626337525

0.031681104285688086,0.006386797798916727,0.01936710983782485,0.9425649880775704
0.9261491809456058,0.028582770539412963,0.004270337765092324,0.04099771074988885
0.0009734476816769159,0.9766728048742137,0.0034208366780642072,0.018932910766045224
0.9792543504619731,0.0001407858553439891,0.004241965087337717,0.016362898595345305

Transition Gammas
1.0,1.0,244.34426246547798,10859.655737534515
2943.853230829655,65.14676917034576,1.0,1.0
40.90104338419236,13.953921257369673,2322.996506172649,55.66143759775838
61.08273740491009,9.062297953527903,3411.885025090946,80.45703113864724

85.4393142491742,17.22426147986554,52.23026850991763,2541.960200958304
753.0944600297827,23.241964241178348,3.4724078793261617,33.33712265244459
3.612054043038543,3624.021115849307,12.693283045567268,70.25205171907629
9982.931599757705,1.4352303499590153,43.244380068850255,166.81028516650628

Iteration: ,40000
Error:,0.0344169401658564
Absolute Error:,0.6244718802812936
Transition Probabilities
8.445232666159962e-05,8.445232666159962e-05,0.022253013126147633,0.9775780822205292
0.9778610656938898,0.021516850324772775,0.0003110419906687402,0.0003110419906687402
0.016682031358776585,0.005785761196856045,0.954127616835747,0.023404590608620282
0.017288039218226012,0.002393049737237472,0.9575358870750235,0.022783023969512966

0.03155355533049079,0.00620310121032045,0.01919504158345831,0.9430483018757304
0.9276779371265491,0.02932610122576221,0.003991492960572868,0.03900446868711568
0.0009118486615667801,0.977461099786147,0.0032207513929779796,0.01840630015930814
0.979038461302888,0.00013218847117014813,0.00406041676538949,0.01676893346055235

Transition Gammas
1.0,1.0,263.4979284267138,11575.502071573273
3143.8233262058566,69.17667379414449,1.0,1.0
43.092225173711654,14.94550147605817,2464.656804970674,60.4576185546247
65.84751100402916,9.11476234620105,3647.1085046159073,86.77707185878923

90.81258046791868,17.852809989640797,55.244210680069166,2714.1362962818857
811.67561696227,25.658992580171066,3.4923731412743337,34.1271198967637
3.6158668134449643,3876.047968395579,12.771645742414488,72.98878937870204
10633.900389700784,1.4357750902038466,44.10252419129913,182.1370406875844

Iteration: ,42500
Error:,0.034950668463106405
Absolute Error:,0.6243554740278752
Transition Probabilities
7.956082425013928e-05,7.956082425013928e-05,0.022249541872069224,0.9775913364794305
0.9762364394993801,0.023178251750254036,0.00029265437518290877,0.00029265437518290877
0.016914213731961458,0.0054831752817132064,0.9552743385939939,0.022328272392331375
0.017634397722079496,0.002271489051220545,0.9575814068909265,0.022512706335773514

0.03033072135748839,0.0064129907009061364,0.018658849676012605,0.9445974382655928
0.9302164043039807,0.028974659856663535,0.0037768227938417267,0.03703211304551417
0.0008596882677657343,0.9767902946013208,0.0033053258216500223,0.019044691309263374
0.9790973968112561,0.00012441521283561053,0.0038796887637674786,0.016898499212140792

Transition Gammas
1.0,1.0,279.6544917900379,12287.345508209955
3335.799913769384,79.2000862306181,1.0,1.0
46.42853340642751,15.050997390394054,2622.172525696878,61.28980968924726
71.33216394066244,9.188305262516028,3873.472458736112,91.06520587775519

93.08289818289077,19.681027477867488,57.26272659760993,2898.9045836915943
862.3745722371551,26.86150210208711,3.501374439522834,34.331315271265844
3.620091333104306,4113.200345209579,13.91851187074911,80.19595536587966
11303.743181726182,1.436381731147277,44.79125933077156,195.0942734325997

Iteration: ,45000
Error:,0.03458338787411749
Absolute Error:,0.6243321020913681
Transition Probabilities
7.507507507507515e-05,7.507507507507515e-05,0.022657652971494673,0.9771921968783552
0.9762323681298807,0.02321636395391201,0.00027563395810363816,0.00027563395810363816
0.017021539725162203,0.005170160299222894,0.9560217801042143,0.021786519871400553
0.01732688167887103,0.002145360598865509,0.9576342980144048,0.022893459707858697

0.030028877049726854,0.006088078563859917,0.018333505207586562,0.9455495391788267
0.9309516851346121,0.028683334051788478,0.003623005752666837,0.03674197506093266
0.0008119260985462916,0.977128783929273,0.003354810070541067,0.018704479901639617
0.9790483725763856,0.0001175906470226338,0.0037249407151079134,0.017109096061483847

Transition Gammas
1.0,1.0,301.7999375803087,13016.200062419677
3541.7710315752097,84.22896842479282,1.0,1.0
49.55187753509541,15.050997390394054,2783.1015838466697,63.42334371711929
74.20881981199453,9.188305262516028,4101.425310348585,98.0497620876198

97.10063694231116,19.68626083908143,59.28277071746266,3057.505692361813
904.3494047880367,27.863697430571325,3.5194770558840798,35.69205986483257
3.623048018861517,4360.229965665618,14.970128440867562,83.4647746547425
11962.710180055881,1.4368062596491042,45.51397812496692,209.05111877942306

Iteration: ,46088
Error:,0.03489885675753185
Absolute Error:,0.6243172141642455
Transition Probabilities
7.343222205903964e-05,7.343222205903964e-05,0.02268093136526262,0.9771722041906193
0.9765354152298893,0.022926661155263994,0.0002689618074233457,0.0002689618074233457
0.016579588599188493,0.005018076007429848,0.9562836059763627,0.02211872941701892
0.01772873924215638,0.002099663561083375,0.9578474934591931,0.022324103737567286

0.029717343446472203,0.006204962709186032,0.018193962109878233,0.9458837317344636
0.9308639620248644,0.027990919681865976,0.003535790654395096,0.037609327638874535
0.0007910532016854745,0.977165603392605,0.003288038281387487,0.018755305124321962
0.978741428544999,0.00011508877601762227,0.003751330326802379,0.017392152352180928

*,*,*,*,*,*,*,*,*,*,*
Model Num 2
Model States: 
"['diamond', 'x', 'square']","['diamond', 'x', 'diamond']","['square', 'y', 'diamond', 'x', 'diamond']","['square', 'y', 'diamond', 'x', 'square']"
Iteration: ,46088
Error:,0.034334470317771204
Transition Probabilities
7.343222205903964e-05,7.343222205903964e-05,0.02268093136526262,0.9771722041906193
0.9765354152298893,0.022926661155263994,0.0002689618074233457,0.0002689618074233457
0.016579588599188493,0.005018076007429848,0.9562836059763627,0.02211872941701892
0.01772873924215638,0.002099663561083375,0.9578474934591931,0.022324103737567286

0.029717343446472203,0.006204962709186032,0.018193962109878233,0.9458837317344636
0.9308639620248644,0.027990919681865976,0.003535790654395096,0.037609327638874535
0.0007910532016854745,0.977165603392605,0.003288038281387487,0.018755305124321962
0.978741428544999,0.00011508877601762227,0.003751330326802379,0.017392152352180928

Transition Gammas
1.0,1.0,308.8689233321458,13307.13107666783
3630.7586738247305,85.24132617527158,1.0,1.0
49.754608736256536,15.05902313949388,2869.7646127708663,66.3773242202626
77.95405415573481,9.232313968514777,4211.697986989557,98.16007601930816

98.4801015162417,20.562583550101117,60.29284679469438,3134.557639432255
930.9634050180427,27.99390991561498,3.5361683783378726,37.613345394706116
3.6244965749218716,4477.237909007498,15.06533753192415,85.93421913959723
12220.700580073639,1.437014343951271,46.83962828563758,217.16081504284108

