0,1,2,3,4,5,6,7,8,9,10,11,12,13,14,15,16,17,18,19,20,21,22,23,24,25,26,27,28,29
github Code Version (SHA):,cd93f48c3be2409aefa56252372b16f046dc3cc1
Environment Observations,Environment Actions,alpha,epsilon,numActions,explore,patience,gainThresh,insertRandActions,useBudd,revisedSplitting,haveControl,confidence_factor
"['square', 'diamond']","['x', 'y']",0.99,0.99,75000,0.5,0,0.01,False,False,False,False,250

Model Num 0
Model States: 
['square'],['diamond']
Iteration: ,0
Error:,0.675869730864627
Absolute Error:,1
Transition Probabilities
0.5,0.5
0.5,0.5

0.5,0.5
0.5,0.5

Transition Gammas
1.0,1.0
1.0,1.0

1.0,1.0
1.0,1.0

Iteration: ,2500
Error:,0.25707526030600614
Absolute Error:,1
Transition Probabilities
0.9867469879518073,0.01325301204819277
0.9806451612903225,0.01935483870967742

0.21858638743455497,0.7814136125654451
0.3400447427293065,0.6599552572706935

Transition Gammas
819.0,11.0
456.0,9.0

167.0,597.0
152.0,295.0

Iteration: ,2772
Error:,0.2617175248018496
Absolute Error:,1
Transition Probabilities
0.9867109634551495,0.013289036544850499
0.980806142034549,0.019193857965451054

0.22131147540983606,0.7786885245901639
0.332,0.668


Model Num 1
Model States: 
['diamond'],"['square', 'y', 'diamond']","['square', 'y', 'square']"
Iteration: ,0
Error:,0.618518999805
Absolute Error:,1
Transition Probabilities
0.3333333333333333,0.3333333333333333,0.3333333333333333
0.3333333333333333,0.3333333333333333,0.3333333333333333
0.3333333333333333,0.3333333333333333,0.3333333333333333

0.3333333333333333,0.3333333333333333,0.3333333333333333
0.3333333333333333,0.3333333333333333,0.3333333333333333
0.3333333333333333,0.3333333333333333,0.3333333333333333

Transition Gammas
1.0,1.0,1.0
1.0,1.0,1.0
1.0,1.0,1.0

1.0,1.0,1.0
1.0,1.0,1.0
1.0,1.0,1.0

Iteration: ,2500
Error:,0.13111982004227676
Absolute Error:,1
Transition Probabilities
0.01680672268907563,0.9705198348542295,0.01267344245669481
0.02020988753483852,0.9537622919859434,0.026027820479218092
0.04317139290825013,0.9290239188502191,0.027804688241530727

0.6603053435114504,0.015495304242667214,0.3241993522458825
0.9968602825745683,0.0015698587127158557,0.0015698587127158557
0.0019417475728155343,0.041309856603619986,0.9567483958235645

Transition Gammas
8.0,461.96744139061326,6.032558609386729
4.11143524394479,194.03036730693518,5.295017018617974
6.888564756055209,148.23801118774952,4.436604486697224

346.0,8.11953942315762,169.8804605768424
635.0,1.0,1.0
1.0,21.274576150864288,492.7254238491356

Iteration: ,5000
Error:,0.13037440753467477
Absolute Error:,1
Transition Probabilities
0.018292682926829264,0.9694519172699505,0.012255399803220228
0.025387705191358828,0.9576007855293239,0.017011509279317244
0.031758993583855664,0.9478777132435675,0.020363293172576756

0.6630541871921182,0.013968907023941336,0.32297690578394045
0.9984472049689441,0.0007763975155279503,0.0007763975155279503
0.0010204081632653066,0.03210182556723184,0.9668777662695028

Transition Gammas
18.0,953.9406865936315,12.059313406368707
10.980760161819275,414.18412879027284,7.357864839643966
10.019239838180724,299.03385071626764,6.424155653816068

673.0,14.178440629300455,327.82155937069956
1286.0,1.0,1.0
1.0,31.459789055887185,947.5402109441122

Iteration: ,7500
Error:,0.13169824031069483
Absolute Error:,1
Transition Probabilities
0.01637107776261937,0.969930937907309,0.013697984330071529
0.023067856639663497,0.9624987218032944,0.014433421557042081
0.024649960802718675,0.960089816316526,0.015260222880755427

0.6586319218241042,0.010579792613486775,0.33078828556240897
0.9989690721649485,0.0005154639175257732,0.0005154639175257732
0.0006958942240779403,0.03313198836054255,0.9661721174153796

Transition Gammas
24.0,1421.918754972115,20.08124502788486
14.97424420129583,624.7954081237032,9.369296091591647
12.025755798704168,468.3904274027032,7.444868382002555

1011.0,16.2399816617022,507.76001833829775
1938.0,1.0,1.0
1.0,47.61066727409963,1388.3893327259002

Iteration: ,10000
Error:,0.13107116112383466
Absolute Error:,1
Transition Probabilities
0.016202531645569618,0.9685513370702457,0.01524613128418465
0.023781450267586168,0.9633289151831927,0.012889634549221153
0.026697689914612775,0.9584577498064513,0.014844560278935824

0.6593516209476309,0.01011232953897914,0.33053604951338994
0.9992275009656237,0.0003862495171881035,0.0003862495171881035
0.0005192107995846313,0.0351805835721814,0.9643002056282339

Transition Gammas
32.0,1912.8888907137355,30.111109286264686
21.043456781500527,852.4194346825636,11.405631890144715
16.956543218499473,608.7466859371742,9.428247490117975

1322.0,20.275220725653178,662.7247792743468
2587.0,1.0,1.0
1.0,67.75780396002138,1857.2421960399786

Iteration: ,11723
Error:,0.12249869574004947
Absolute Error:,1
Transition Probabilities
0.016122004357298474,0.9694429742764527,0.014435021366248867
0.020357630109427913,0.9686029626315902,0.01103940725898181
0.022599350831164038,0.9648263537101234,0.01257429545871253

0.6580508474576271,0.009449053844625854,0.3325000986977469
0.9993394980184941,0.00033025099075297226,0.00033025099075297226
0.00044033465433729655,0.03340771156477003,0.9661519537808927


Model Num 2
Model States: 
"['square', 'y', 'diamond']","['square', 'y', 'square']","['diamond', 'y', 'diamond']","['diamond', 'y', 'square', 'y', 'square']"
Iteration: ,0
Error:,0.6767041595638194
Absolute Error:,0.74
Transition Probabilities
0.25,0.25,0.25,0.25
0.25,0.25,0.25,0.25
0.25,0.25,0.25,0.25
0.25,0.25,0.25,0.25

0.25,0.25,0.25,0.25
0.25,0.25,0.25,0.25
0.25,0.25,0.25,0.25
0.25,0.25,0.25,0.25

Transition Gammas
1.0,1.0,1.0,1.0
1.0,1.0,1.0,1.0
1.0,1.0,1.0,1.0
1.0,1.0,1.0,1.0

1.0,1.0,1.0,1.0
1.0,1.0,1.0,1.0
1.0,1.0,1.0,1.0
1.0,1.0,1.0,1.0

Iteration: ,2500
Error:,0.04182032999317889
Absolute Error:,0.4006461663614345
Transition Probabilities
0.9399460680282578,0.0257312296405347,0.027228519565717754,0.007094182765489746
0.9596575083274133,0.016575157138915945,0.012455825439031048,0.01131150909463962
0.9375649193147841,0.030024476805229076,0.01238460429083989,0.020025999589146873
0.91639486745254,0.037989994605313306,0.029446324767389592,0.016168813174757345

0.002227171492204901,0.002227171492204901,0.9453749002594636,0.050170756756126665
0.025922195934742053,0.9717386227787081,0.0011695906432748534,0.0011695906432748534
0.0030581039755351682,0.0030581039755351682,0.03576431352352611,0.9581194785254036
0.029186644223998685,0.9636704986331442,0.003571428571428571,0.003571428571428571

Transition Gammas
160.62797860342783,4.397226122568811,4.653098945751046,1.2123293838063438
247.6965919578732,4.278203316130312,3.214965218838832,2.9196064516037774
111.87599238288054,3.582704588410483,1.477806887569567,2.3896250076553347
62.932383034821946,2.608919993887041,2.022193112430433,1.1103749923446653

1.0,1.0,424.47333021649894,22.52666978350086
22.163477524204463,830.8365224757958,1.0,1.0
1.0,1.0,11.694930522193038,313.30506947780697
8.172260382719633,269.82773961728043,1.0,1.0

Iteration: ,5000
Error:,0.02848822158129198
Absolute Error:,0.38946613323705864
Transition Probabilities
0.9578473818804755,0.014935761842758478,0.023889837467613185,0.0033270188091528035
0.9694867819571349,0.012461696740712703,0.011775446172550559,0.006276075129601921
0.9583494365084372,0.014683127274575804,0.011795089805980336,0.015172346411006784
0.9539003540196244,0.02400504659702955,0.014369618416834195,0.007724980966511844

0.0011001100110011,0.0011001100110011,0.9539345893218343,0.04386519065616355
0.022424802598586386,0.9763725515806079,0.0006013229104028864,0.0006013229104028864
0.0015360983102918598,0.0015360983102918598,0.025746608617805367,0.9711811947616109
0.02261309427309346,0.9736832020232029,0.001851851851851851,0.001851851851851851

Transition Gammas
350.0306282326624,5.45804498696907,8.7301745302555,1.215807973106679
486.26097156433724,6.250355216031213,5.906155713550677,3.1478617830871443
237.2548785703118,3.635045262043357,2.9200649502538214,3.75615935924686
143.49890454401933,3.611171623625388,2.1616770481760934,1.1620986423232251

1.0,1.0,867.1265416935473,39.87345830645267
37.29244672144916,1623.707553278551,1.0,1.0
1.0,1.0,16.76104221019128,632.2389577898083
12.211070907470475,525.7889290925298,1.0,1.0

Iteration: ,7500
Error:,0.02612280069279417
Absolute Error:,0.38871377417004693
Transition Probabilities
0.9669222299451725,0.010423141726119781,0.020372803070930208,0.0022818252577773675
0.9669788155551582,0.013391829628349087,0.014842893711628367,0.004786461104864247
0.9622553089188055,0.0182941358242031,0.008359088637054665,0.01109146661993675
0.9562192890374449,0.021175328878583588,0.013773733818747478,0.008831648265223958

0.0007358351729212656,0.0007358351729212656,0.9520908007426858,0.04643752891147175
0.022671592108338454,0.9765245493707613,0.00040192926045016077,0.00040192926045016077
0.0010090817356205857,0.0010090817356205857,0.0290911713576338,0.9688906651711251
0.022335639318277464,0.9752163802655659,0.0012239902080783355,0.0012239902080783355

Transition Gammas
517.5344404088986,5.578871447433697,10.90431775208272,1.2213217581745561
732.7388812813696,10.147806862297776,11.247366703677761,3.626993786064963
338.9037577865282,6.443145928959198,2.9440487618110245,3.9063850123975614
217.82929998643976,4.8237962980726685,3.1376932366188903,2.0118729891725238

1.0,1.0,1293.89139820931,63.10860179069011
56.40692116554607,2429.593078834454,1.0,1.0
1.0,1.0,28.829350815415086,960.1706491845846
18.248217323032687,796.7517826769672,1.0,1.0

Iteration: ,10000
Error:,0.022269467932756793
Absolute Error:,0.3871622887088369
Transition Probabilities
0.9697177152485863,0.009641547086126067,0.01882717896711621,0.0018135586981714539
0.9682822612527358,0.014021843583156269,0.01302261050343633,0.004673284660671778
0.9639563953540023,0.01869142293228983,0.008639677775227794,0.008712503938480096
0.9602046896133077,0.019377793797420495,0.013813300387223695,0.006604216202048044

0.0005567928730512245,0.0005567928730512245,0.9558356254420832,0.043050788811814275
0.022699639292509552,0.9767070649495552,0.0002966478789676655,0.0002966478789676655
0.0007547169811320753,0.0007547169811320753,0.024816358632628953,0.9736742074051068
0.022292598823626296,0.975870853885281,0.0009182736455463732,0.0009182736455463732

Transition Gammas
666.2114792374199,6.62389605282056,12.934571115197965,1.2459436431796744
975.0448510292971,14.119773680462105,13.113561847046345,4.705923394576015
432.20466148478585,8.380586673894665,3.873732283096318,3.9063850123975614
292.51160470953755,5.903147131781552,4.2080097153335965,2.0118729891725238

1.0,1.0,1716.6807832939828,77.3192167060185
76.52048405504966,3292.479515944949,1.0,1.0
1.0,1.0,32.881675188233366,1290.1183248117668
24.276640118929027,1062.7233598810706,1.0,1.0

Iteration: ,12500
Error:,0.022056193896653076
Absolute Error:,0.38568023704973764
Transition Probabilities
0.9686894363268947,0.009766501142920572,0.019061549599345307,0.0024825129308394403
0.9717258752456069,0.01421600033069714,0.010327607141981538,0.003730517281714402
0.9657671928553941,0.01678539143778707,0.006951459908700191,0.010495955798118727
0.9670921223730741,0.016021730823168132,0.011319598118213365,0.0055665486855444824

0.00044385264092321305,0.00044385264092321305,0.956263115740779,0.04284917897737459
0.023294743603746074,0.9762230963191084,0.00024108003857280618,0.00024108003857280618
0.0006016847172081828,0.0006016847172081828,0.024022389860795305,0.9747742407047884
0.021304473321642554,0.9772420383062643,0.0007267441860465122,0.0007267441860465122

Transition Gammas
858.5060075649224,8.655611994572755,16.89339661490055,2.200139884940428
1237.7308233178208,18.107557122684256,13.15473634734376,4.751727152815261
538.178109642407,9.353734834259061,3.873732283096318,5.848918551085619
359.51214911248104,5.956006410852372,4.2080097153335965,2.0693394504844664

1.0,1.0,2154.4607997639773,96.53920023602505
96.62659646833872,4049.3734035316616,1.0,1.0
1.0,1.0,39.9252119486418,1620.0747880513584
29.314955290580134,1344.685044709419,1.0,1.0

Iteration: ,15000
Error:,0.022311634047389284
Absolute Error:,0.38632044160510515
Transition Probabilities
0.9689321014008847,0.009190454449838953,0.01876836739461834,0.0031090767546579057
0.9710237488001672,0.014873739794951468,0.0084958084330114,0.0056067029718698804
0.9665700141296717,0.017210361543520902,0.007328582575868934,0.008891041750938515
0.9620180839060497,0.018616807893245955,0.014554436038578407,0.004810672162126012

0.00037037037037036965,0.00037037037037036965,0.9537927916986965,0.045466467560562766
0.02373092270971237,0.9758660140093525,0.00020153164046755325,0.00020153164046755325
0.0005015045135406215,0.0005015045135406215,0.024553679276382474,0.9744433116965362
0.021687349162584035,0.9771193334149817,0.0005966587112171844,0.0005966587112171844

Transition Gammas
1024.4785632695628,9.71732029205403,19.844311108646632,3.287312374212373
1505.7398172709757,23.064299167409207,13.17421644249037,8.694160074650624
635.8522932331713,11.32173323695891,4.821064143202117,5.848918551085619
413.81784208435494,8.0081314455149,6.260677855227799,2.0693394504844664

1.0,1.0,2575.2405375864855,122.75946241351971
117.75283848559287,4842.24716151441,1.0,1.0
1.0,1.0,48.96003647710669,1943.0399635228946
36.3479971964908,1637.6520028035075,1.0,1.0

Iteration: ,17500
Error:,0.021465996031100467
Absolute Error:,0.3862892902682577
Transition Probabilities
0.9676305304193636,0.01111616958970188,0.017794164689766162,0.003459135301168354
0.9738533471226007,0.013425304837086588,0.00786523351685641,0.004856114523456235
0.9673042307206993,0.01678711189758279,0.0072616581982249215,0.008646999183492945
0.9600043780799774,0.0177173940219068,0.01808121228063129,0.004197015617484625

0.0003150598613736603,0.0003150598613736603,0.9558736992387027,0.04349618103855003
0.02416054623445825,0.9754915066535028,0.0001739735560194849,0.0001739735560194849
0.00042881646655231533,0.00042881646655231533,0.02444701524118431,0.9746953518257111
0.02128235269349022,0.9776888407221477,0.0005144032921810702,0.0005144032921810702

Transition Gammas
1189.9789808141613,13.670515494357025,21.883023836371027,4.253997957669476
1750.2223648396882,24.12813885179497,14.135503714765978,8.72747449119352
763.6494879720606,13.252779216697435,5.732799866667545,6.826473294807548
492.999169576224,9.098563235018005,9.28539790319584,2.1553289353290697

1.0,1.0,3033.9431213836488,138.0568786163581
138.87481975566612,5607.1251802443385,1.0,1.0
1.0,1.0,57.010439542441844,2272.9895604575595
41.37289363614497,1900.6271063638542,1.0,1.0

Iteration: ,20000
Error:,0.0227592152358518
Absolute Error:,0.38682981906922986
Transition Probabilities
0.9635769317768734,0.014761155423995465,0.018596533322531514,0.0030653794765995042
0.9715769409818863,0.014574717999322709,0.009147696025034473,0.004700644993756628
0.9699432668443105,0.014919545912813347,0.006885933038247446,0.008251254204628718
0.9609733327140331,0.019134725207642585,0.016143076182333113,0.0037488658959911082

0.00027770063871146856,0.00027770063871146856,0.9585505974290803,0.0408940012934968
0.02209416638703142,0.9776031701747119,0.0001513317191283292,0.0001513317191283292
0.00037523452157598504,0.00037523452157598504,0.025535403600467306,0.9737141273563806
0.02139992107397972,0.9776971443887742,0.00045146726862302513,0.00045146726862302513

Transition Gammas
1351.6103326812774,20.70548758011,26.08537602123254,4.299810879159172
2007.568454615712,30.115725122901615,18.901875083318934,9.712938016289348
865.1717570620359,13.30796366467107,6.1421270597554765,7.35996871385057
555.4600601670057,11.060219106287239,9.330991571009248,2.166912655384707

1.0,1.0,3451.7407013421243,147.25929865788225
145.99825148550372,6460.001748514501,1.0,1.0
1.0,1.0,68.05185059524536,2594.948149404754
47.400825178865055,2165.5991748211336,1.0,1.0

Iteration: ,22500
Error:,0.021639071511519295
Absolute Error:,0.3872237729776283
Transition Probabilities
0.9646972937026075,0.014938595877350741,0.01766791451348146,0.002696195906560249
0.9702332595238004,0.016275858603669816,0.00925984492029506,0.004231036952234753
0.9707351317402259,0.014128466097114194,0.007412085541863915,0.00772431662079596
0.957914642093054,0.02440041430385469,0.014377751175809136,0.0033071924272821385

0.00024563989191844727,0.00024563989191844727,0.9603342801433252,0.039174440072837886
0.02163476499153565,0.9780932741708249,0.00013598041881968988,0.00013598041881968988
0.00033211557622052487,0.00033211557622052487,0.025607665023599294,0.9737281038239597
0.021476627409728208,0.9777195140693714,0.00040192926045016136,0.00040192926045016136

Transition Gammas
1539.3299356307443,23.836936187554958,28.19200373868883,4.302214900348535
2265.823482298334,38.00964588336481,21.62487613869602,9.880905222266614
985.3498981103207,14.341175233134612,7.5236771542075465,7.840608984274347
630.2548048389035,16.05412181764148,9.459764328825901,2.1759495326922074

1.0,1.0,3909.5208544634816,159.47914553652322
159.10206174775328,7192.897938252252,1.0,1.0
1.0,1.0,77.10467938605746,2931.8953206139417
53.43384899540371,2432.5661510045925,1.0,1.0

Iteration: ,25000
Error:,0.020231266825966047
Absolute Error:,0.38732471853249506
Transition Probabilities
0.9661784916018961,0.014124622810426254,0.017245710063981196,0.0024511755236964273
0.9702413205718159,0.015395689089542404,0.010180469321127438,0.004182521017514296
0.9719441578012256,0.012731086326171842,0.007997691467388606,0.0073270644052141525
0.9566199865979814,0.021920509488861383,0.018479248332235097,0.002980255580922056

0.00022123893805309704,0.00022123893805309704,0.962464685066226,0.03709283705766781
0.020737389437392062,0.9790174824831864,0.0001225640397107488,0.0001225640397107488
0.000297176820208024,0.000297176820208024,0.027090735865298,0.972314910494286
0.02042107041387887,0.9788556022805154,0.00036166365280289396,0.00036166365280289396

Transition Gammas
1701.2112875088362,24.870112474831217,30.36560726300893,4.315939036962062
2520.916950156383,40.00164985994572,26.45127261437592,10.867181085653087
1095.510384365301,14.349628178355369,9.014462387730948,8.25857646079608
701.0751705553126,16.06481690103052,13.542830337811212,2.1841308136617616

1.0,1.0,4350.340376499347,167.65962350065874
169.19636041968192,7987.803639580323,1.0,1.0
1.0,1.0,91.1603261867277,3271.8396738132697
56.46425969437498,2706.53574030562,1.0,1.0

Iteration: ,27500
Error:,0.020125467831446586
Absolute Error:,0.38668079241114534
Transition Probabilities
0.9680577697002004,0.013230149620397749,0.016018926315481265,0.0026931543639204594
0.9693507642040823,0.01649651768584264,0.010322355502239089,0.003830362607835905
0.9738012776935119,0.011553309415668834,0.007998490008077574,0.006646922882741568
0.9593743775108968,0.019866471322828063,0.018027645869813667,0.0027315052964614886

0.00020140986908358482,0.00020140986908358482,0.9627730883294895,0.03682409193234331
0.02073307979549307,0.9790443269935998,0.00011129660545353355,0.00011129660545353355
0.000270782561603033,0.000270782561603033,0.02740842469877057,0.9720500101780234
0.019663956335153644,0.9796748866400529,0.0003305785123966947,0.0003305785123966947

Transition Gammas
1901.083549922086,25.981527749253374,31.458161133510234,5.2888490944457365
2757.0157261348313,46.91919619382912,29.358718743874615,10.894271028169412
1210.180380450606,14.357742903391584,9.940031814224206,8.260387254897132
776.3847071063823,16.077169539621167,14.589078973285266,2.2105019575933977

1.0,1.0,4780.1683835559215,182.83161644408477
186.28672196250542,8796.713278037503,1.0,1.0
1.0,1.0,101.21931241255963,3589.780687587437
59.4834679138397,2963.516532086156,1.0,1.0

Iteration: ,30000
Error:,0.019877534848249376
Absolute Error:,0.3866273814469271
Transition Probabilities
0.9673654484323894,0.014017365031454994,0.01611264293296911,0.0025045436031865625
0.969270527380461,0.016606249060731947,0.010286529049047173,0.0038366945097597967
0.9740421978045893,0.01152657409046477,0.007929704201759577,0.006501523903186277
0.9613930774469728,0.01834182932242116,0.017747656344736077,0.0025174368858700232

0.00018494544109487688,0.00018494544109487688,0.9628347656500651,0.03679534346774515
0.020501822755160153,0.9792935527308231,0.0001023122570083896,0.0001023122570083896
0.00024679170779861817,0.00024679170779861817,0.027955874830313573,0.9715505417540892
0.019430619711476357,0.9799669706499694,0.000301204819277109,0.000301204819277109

Transition Gammas
2069.279658430845,29.98437495508392,34.46635841582137,5.3574387426441845
3031.7930780879983,51.9428885260742,32.17535939397327,12.000843447561182
1293.1862588936071,15.303245854753552,10.527864741301117,8.63174243623022
846.3632495187417,16.147245732897172,15.624165024322473,2.2162277981461904

1.0,1.0,5206.047577869906,198.95242213009817
200.38481560893533,9571.615184391065,1.0,1.0
1.0,1.0,113.2772048124305,3936.7227951875657
64.50965744210139,3253.4903425578923,1.0,1.0

Iteration: ,32500
Error:,0.019724578282612686
Absolute Error:,0.3863972360686759
Transition Probabilities
0.9680814197246084,0.01448722194047491,0.01513242921210392,0.002298929122812832
0.9690392622327035,0.016788154273270652,0.010306940658112725,0.003865642835913045
0.9747138405275391,0.011283871937044332,0.007710320169888327,0.00629196736552828
0.9612595238511082,0.01800188069116959,0.017393532953739094,0.0033450625039831666

0.00017056114617090221,0.00017056114617090221,0.9626268123031637,0.037032065404494496
0.020431631778070714,0.9793787228587585,9.482268158543532e-05,9.482268158543532e-05
0.000227946204695692,0.000227946204695692,0.027657959897349513,0.9718861476932592
0.019064203401576555,0.9803794683647655,0.0002781641168289296,0.0002781641168289296

Transition Gammas
2272.3919422765252,34.00607194059344,35.52057658377218,5.396310587213644
3287.645064946761,56.956920836123004,34.968203983056156,13.114908845958027
1405.0536824875276,16.265744014962376,11.114455645767935,9.069894721349328
918.4798444878536,17.200729009656488,16.619455044191728,3.19619458869101

1.0,1.0,5643.881000533451,217.1189994665513
215.47198873153357,10328.528011268458,1.0,1.0
1.0,1.0,121.33547006967221,4263.6645299303245
68.53581122866758,3524.4641887713256,1.0,1.0

Iteration: ,33790
Error:,0.019014787796284533
Absolute Error:,0.3861699548340186
Transition Probabilities
0.968092026193958,0.014331799361360807,0.014960253527603412,0.0026159209170778775
0.9693193975742771,0.01646222457119376,0.01045159557716253,0.003766782277366651
0.9752650967090761,0.010773803480639102,0.0079611466163272,0.005999953193957425
0.9619281185757855,0.01818307434760276,0.016693695909531875,0.003195111167079811

0.0001635590448151782,0.0001635590448151782,0.962017542935569,0.03765533897480073
0.020447779634379142,0.9793692544887569,9.148293843198258e-05,9.148293843198258e-05
0.0002192501644376235,0.0002192501644376235,0.027487392348345897,0.9720741073227789
0.019954301142033476,0.979510366952185,0.0002676659528907928,0.0002676659528907928

*,*,*,*,*,*,*,*,*,*,*
Model Num 2
Model States: 
"['square', 'y', 'diamond']","['square', 'y', 'square']","['diamond', 'y', 'diamond']","['diamond', 'y', 'square', 'y', 'square']"
Iteration: ,33790
Error:,0.019054319031561663
Transition Probabilities
0.968092026193958,0.014331799361360807,0.014960253527603412,0.0026159209170778775
0.9693193975742771,0.01646222457119376,0.01045159557716253,0.003766782277366651
0.9752650967090761,0.010773803480639102,0.0079611466163272,0.005999953193957425
0.9619281185757855,0.01818307434760276,0.016693695909531875,0.003195111167079811

0.0001635590448151782,0.0001635590448151782,0.962017542935569,0.03765533897480073
0.020447779634379142,0.9793692544887569,9.148293843198258e-05,9.148293843198258e-05
0.0002192501644376235,0.0002192501644376235,0.027487392348345897,0.9720741073227789
0.019954301142033476,0.979510366952185,0.0002676659528907928,0.0002676659528907928

Transition Gammas
2364.6156045245802,35.006172444188124,36.54120474278906,6.389524191252145
3413.407363567738,57.97085946349548,36.80474505451629,13.264526011442507
1474.270126218031,16.28633760281914,12.034554160194753,9.069894721349328
962.2542961820055,18.189239997145474,16.69935652976491,3.19619458869101

1.0,1.0,5881.775257508071,230.22474249193178
223.51467918339802,10705.485320816584,1.0,1.0
1.0,1.0,125.36999650080554,4433.630003499191
74.54926906663692,3659.4507309333558,1.0,1.0

