0,1,2,3,4,5,6,7,8,9,10,11,12,13,14,15,16,17,18,19,20,21,22,23,24,25,26,27,28,29
github Code Version (SHA):,cd93f48c3be2409aefa56252372b16f046dc3cc1
Environment Observations,Environment Actions,alpha,epsilon,numActions,explore,patience,gainThresh,insertRandActions,useBudd,revisedSplitting,haveControl,confidence_factor
"['rose', 'volcano', 'nothing']","['b', 'f', 't']",0.99,0.99,75000,0.5,0,0.01,False,False,False,False,250

Model Num 0
Model States: 
['rose'],['volcano'],['nothing']
Iteration: ,0
Error:,0.7895742479587773
Absolute Error:,1
Transition Probabilities
0.3333333333333333,0.3333333333333333,0.3333333333333333
0.3333333333333333,0.3333333333333333,0.3333333333333333
0.3333333333333333,0.3333333333333333,0.3333333333333333

0.3333333333333333,0.3333333333333333,0.3333333333333333
0.3333333333333333,0.3333333333333333,0.3333333333333333
0.3333333333333333,0.3333333333333333,0.3333333333333333

0.3333333333333333,0.3333333333333333,0.3333333333333333
0.3333333333333333,0.3333333333333333,0.3333333333333333
0.3333333333333333,0.3333333333333333,0.3333333333333333

Transition Gammas
1.0,1.0,1.0
1.0,1.0,1.0
1.0,1.0,1.0

1.0,1.0,1.0
1.0,1.0,1.0
1.0,1.0,1.0

1.0,1.0,1.0
1.0,1.0,1.0
1.0,1.0,1.0

Iteration: ,2500
Error:,0.24102497095328804
Absolute Error:,1
Transition Probabilities
0.008928571428571428,0.026785714285714284,0.9642857142857143
0.02072538860103627,0.010362694300518135,0.9689119170984456
0.4758269720101781,0.4860050890585242,0.03816793893129771

0.01932367149758454,0.004830917874396135,0.9758454106280193
0.01904761904761905,0.01904761904761905,0.9619047619047619
0.5375854214123007,0.4419134396355353,0.02050113895216401

0.9385964912280702,0.013157894736842105,0.04824561403508772
0.008620689655172414,0.9870689655172413,0.004310344827586207
0.015037593984962405,0.010025062656641603,0.974937343358396

Transition Gammas
2.0,6.0,216.0
4.0,2.0,187.0
187.0,191.0,15.0

4.0,1.0,202.0
4.0,4.0,202.0
236.0,194.0,9.0

214.0,3.0,11.0
2.0,229.0,1.0
6.0,4.0,389.0

Iteration: ,5000
Error:,0.24310311007064328
Absolute Error:,1
Transition Probabilities
0.016129032258064516,0.018433179723502304,0.9654377880184332
0.021479713603818614,0.016706443914081145,0.9618138424821002
0.4853658536585366,0.49390243902439024,0.020731707317073172

0.014742014742014743,0.019656019656019656,0.9656019656019657
0.009389671361502348,0.01643192488262911,0.9741784037558685
0.5041617122473246,0.4827586206896552,0.013079667063020214

0.9496567505720824,0.006864988558352402,0.043478260869565216
0.008928571428571428,0.9799107142857143,0.011160714285714286
0.015132408575031526,0.011349306431273645,0.9735182849936949

Transition Gammas
7.0,8.0,419.0
9.0,7.0,403.0
398.0,405.0,17.0

6.0,8.0,393.0
4.0,7.0,415.0
424.0,406.0,11.0

415.0,3.0,19.0
4.0,439.0,5.0
12.0,9.0,772.0

Iteration: ,7500
Error:,0.23873810066493953
Absolute Error:,1
Transition Probabilities
0.014218009478672985,0.018957345971563982,0.966824644549763
0.02336448598130841,0.018691588785046728,0.9579439252336449
0.47653721682847894,0.5056634304207119,0.01779935275080906

0.01644736842105263,0.01644736842105263,0.9671052631578947
0.00927357032457496,0.017001545595054096,0.973724884080371
0.4936,0.4936,0.0128

0.9519867549668874,0.011589403973509934,0.03642384105960265
0.01188707280832095,0.9762258543833581,0.01188707280832095
0.013798701298701298,0.008116883116883116,0.9780844155844156

Transition Gammas
9.0,12.0,612.0
15.0,12.0,615.0
589.0,625.0,22.0

10.0,10.0,588.0
6.0,11.0,630.0
617.0,617.0,16.0

575.0,7.0,22.0
8.0,657.0,8.0
17.0,10.0,1205.0

Iteration: ,9200
Error:,0.23945722892955587
Absolute Error:,1
Transition Probabilities
0.015132408575031526,0.017654476670870115,0.9672131147540983
0.02216427640156454,0.01955671447196871,0.9582790091264668
0.48050231328486454,0.5029742233972241,0.016523463317911435

0.017333333333333333,0.014666666666666666,0.968
0.010050251256281407,0.017587939698492462,0.9723618090452262
0.5035783994795056,0.4827586206896552,0.013662979830839297

0.9509283819628647,0.014588859416445624,0.034482758620689655
0.01375,0.975,0.01125
0.011881188118811881,0.009240924092409241,0.9788778877887789


Model Num 1
Model States: 
['rose'],['volcano'],"['nothing', 'b', 'volcano']","['nothing', 'b', 'rose']"
Iteration: ,0
Error:,0.7481081422739411
Absolute Error:,0.7399999999999999
Transition Probabilities
0.25,0.25,0.25,0.25
0.25,0.25,0.25,0.25
0.25,0.25,0.25,0.25
0.25,0.25,0.25,0.25

0.25,0.25,0.25,0.25
0.25,0.25,0.25,0.25
0.25,0.25,0.25,0.25
0.25,0.25,0.25,0.25

0.25,0.25,0.25,0.25
0.25,0.25,0.25,0.25
0.25,0.25,0.25,0.25
0.25,0.25,0.25,0.25

Transition Gammas
1.0,1.0,1.0,1.0
1.0,1.0,1.0,1.0
1.0,1.0,1.0,1.0
1.0,1.0,1.0,1.0

1.0,1.0,1.0,1.0
1.0,1.0,1.0,1.0
1.0,1.0,1.0,1.0
1.0,1.0,1.0,1.0

1.0,1.0,1.0,1.0
1.0,1.0,1.0,1.0
1.0,1.0,1.0,1.0
1.0,1.0,1.0,1.0

Iteration: ,2500
Error:,0.05141049067245416
Absolute Error:,0.04175790762705256
Transition Probabilities
0.022321428571428582,0.008928571428571433,0.9611724346936638,0.007577565306336267
0.018264840182648404,0.013698630136986302,0.004766403623947391,0.9632701260564179
0.002628488444616552,0.9777977013973573,0.004037660924471834,0.015536149233554276
0.9848087594612709,0.0027355798873924192,0.004486041897020387,0.007969618754316246

0.02145922746781116,0.012875536480686695,0.007140726786887756,0.9585245092646144
0.015873015873015872,0.003968253968253968,0.9640164057760605,0.016142324382669552
0.8988356400514318,0.06429948657221339,0.02260340104146177,0.014261472334892887
0.05582105214974176,0.913208724137206,0.011368259714812567,0.019601963998239724

0.9495412844036697,0.027522935779816515,0.005045871559633028,0.017889908256880735
0.011363636363636364,0.9734848484848485,0.005681818181818182,0.00946969696969697
0.019081228982385737,0.010752842617654164,0.031449564461116644,0.9387163639388435
0.009436775154891214,0.01740008961529578,0.8968309091446425,0.07633222608517057

Transition Gammas
5.0,2.0,215.30262537138057,1.697374628619323
4.0,3.0,1.0438423936444785,210.9561576063555
1.0,372.0,1.5361151511780202,5.910678156251401
360.0,1.0,1.6398870008130253,2.9133196917575535

5.0,3.0,1.6637893413448472,223.33621065865515
4.0,1.0,242.93213425556726,4.067865744432727
79.02758192931437,5.653350531146807,1.987340118804209,1.2538996265367353
4.972418070685636,81.3466494688532,1.012659881195791,1.7461003734632647

207.0,6.0,1.1,3.9
3.0,257.0,1.5,2.5
1.977286693478678,1.114260126776157,3.2589517888009154,97.27420477372691
1.0227133065213223,1.885739873223843,97.19431579403931,8.272527643432854

Iteration: ,5000
Error:,0.03830451804058448
Absolute Error:,0.03135774272981464
Transition Probabilities
0.013333333333333338,0.011111111111111115,0.9606462840867644,0.014909271468791105
0.015521064301552118,0.011086474501108655,0.0045341843341779155,0.9688582768631613
0.0013487459707661454,0.9791895747762215,0.0047661876442439376,0.014695491608768315
0.9829104933225212,0.0013594889257572908,0.006029177443321514,0.00970084030839997

0.016877637130801686,0.02320675105485232,0.011961252797156874,0.947954359017189
0.01464435146443515,0.016736401673640173,0.9537978682489685,0.014821378612956132
0.9416010691617097,0.03373496246477792,0.014282662176801752,0.01038130619671054
0.03454340486580233,0.9460700278376727,0.005631909288011269,0.013754658008513797

0.9642857142857143,0.020089285714285716,0.005189220183486239,0.010435779816513762
0.01195219123505976,0.9701195219123506,0.005941774970844223,0.011986511881745418
0.01120141485827106,0.0057939375961955225,0.027343741608348515,0.9556609059371849
0.00880272937069312,0.008993196217818772,0.9365714235629091,0.04563265084857887

Transition Gammas
6.0,5.0,432.29082783904386,6.709172160955995
7.0,5.0,2.0449171347142383,436.9550828652854
1.0,726.0,3.5337919427010704,10.895670442982416
723.0,1.0,4.434885293356117,7.135652320960397

8.0,11.0,5.669633825852359,449.3303661741477
7.0,8.0,455.91538102300683,7.0846189769930294
171.7619723850449,6.153756490999257,2.605368989842804,1.8937039120692216
6.238027614955232,170.84624350900077,1.0170394551440856,2.4838876429438885

432.0,9.0,2.324770642201835,4.675229357798165
6.0,487.0,2.9827710353638,6.0172289646362
2.1541981998986386,1.114260126776157,5.258607032816361,183.78776514676323
1.8458018001013616,1.885739873223843,196.38513769278742,9.568490127633185

Iteration: ,7500
Error:,0.03428873528887237
Absolute Error:,0.027617623713028578
Transition Probabilities
0.00883652430044183,0.013254786450662744,0.9591529913537112,0.018755697895184307
0.013554216867469885,0.012048192771084341,0.007601842740909351,0.9667957476205364
0.0009134437135785442,0.9819519920969351,0.003472613148372234,0.01366195104111432
0.9846225895771812,0.0008918682876604901,0.005243493040144421,0.009242049095014032

0.015130674002751025,0.02063273727647867,0.014692515060016037,0.9495440736607542
0.014025245441795236,0.014025245441795236,0.9577799630598329,0.014169546056576493
0.9463943234594128,0.03249523089827558,0.0131693760403548,0.007941069601956754
0.0306950030151765,0.9541463217869369,0.005830092601695261,0.009328582596191255

0.9676945668135095,0.014684287812041116,0.005929217470806241,0.011691927903643099
0.011299435028248588,0.9731638418079096,0.005625382818310452,0.009911340345531355
0.007180690373025283,0.010160519171856732,0.023562765887252562,0.9590960245678654
0.005992838838778916,0.006337172057233445,0.9531074343044993,0.03456255479948825

Transition Gammas
6.0,9.0,651.2648811291697,12.73511887083014
9.0,8.0,5.047623579963807,641.952376420036
1.0,1075.0,3.8016717360370063,14.95653299489216
1104.0,1.0,5.879223549812408,10.362571719258424

11.0,15.0,10.681458448631664,690.3185415513686
10.0,10.0,682.8971136616607,10.102886338339037
266.8017939259306,9.16085999544678,3.7126312630535496,2.238698566732898
8.198206074069516,254.8391400045534,1.5571362073486017,2.4915339628649504

659.0,10.0,4.03779709761905,7.96220290238095
8.0,689.0,3.9827710353638,7.0172289646362
2.1541981998986386,3.0481431412600903,7.068800522249421,287.72761702905433
1.8458018001013616,1.9518568587399094,293.5582726746068,10.645309774089668

Iteration: ,10000
Error:,0.030540058353708713
Absolute Error:,0.024267826222596576
Transition Probabilities
0.008781558726673985,0.01207464324917673,0.9640451502736852,0.015098647750464
0.013407821229050276,0.012290502793296087,0.006761408872014194,0.9675402671056395
0.000677049899080208,0.9851076031617026,0.0028823052352993836,0.011333041703917858
0.9832525636506612,0.0006697905746939108,0.006012166122200737,0.01006547965244431

0.015576323987538943,0.017653167185877467,0.012145995916692699,0.9546245129098908
0.014537902388369679,0.014537902388369679,0.9583393423559673,0.012584852867293335
0.9581141166009765,0.025206052404232064,0.009829502578919564,0.00685032841587195
0.02537608684440667,0.9615428735480832,0.004333839726875148,0.0087471998806349

0.9694323144104804,0.013100436681222707,0.007379554207094404,0.01008769470120254
0.010893246187363835,0.971677559912854,0.00576951158845293,0.011659682311329207
0.005645610973816143,0.01322960945000183,0.020329362038921665,0.9607954175372604
0.004727617824247671,0.007560831625669481,0.9600852181525665,0.027626332397516336

Transition Gammas
8.0,11.0,878.2451318993271,13.754868100672702
12.0,11.0,6.0514609404527056,865.9485390595476
1.0,1455.0,4.257153334215217,16.73885738601265
1468.0,1.0,8.976188004658397,15.02780127511373

15.0,17.0,11.696594067775068,919.3034059322248
14.0,14.0,922.8807866887965,12.119213311203481
361.8824446411316,9.52039815064622,3.7126312630535496,2.587388653164768
9.117555358868604,345.47960184935386,1.5571362073486017,3.1428438764330804

888.0,12.0,6.759671653698474,9.240328346301526
10.0,892.0,5.29641163819979,10.703588361800211
2.1541981998986386,5.048027750182008,7.757083389635441,366.61111942160386
1.8458018001013616,2.951972249817991,374.84566007590155,10.78613711285957

Iteration: ,12500
Error:,0.028699698626301944
Absolute Error:,0.023099211309264688
Transition Probabilities
0.008718395815170006,0.01133391455972101,0.9670721154997675,0.012875574125341512
0.013066202090592342,0.011324041811846697,0.007016372768341168,0.9685933833292198
0.0005395888357977835,0.984749625330955,0.003189552763767545,0.011521233069479577
0.9826304440390785,0.000530577993541619,0.0067204299015051604,0.010118548065874632

0.014975041597337771,0.018302828618968387,0.01057157228450539,0.9561505574991884
0.015189873417721513,0.017721518987341766,0.9543187716795722,0.012769835915364524
0.9653229531754567,0.02092038334295925,0.008106866263320293,0.005649797218263807
0.022041251861964394,0.9675152453769013,0.0034600053598148094,0.006983497401319596

0.9707401032702238,0.012048192771084338,0.007192329074952245,0.010019374883739666
0.008849557522123894,0.9734513274336283,0.006704688445161006,0.010994426599086784
0.010017499677814876,0.013938144305150469,0.02111201035684156,0.9549323456601931
0.005188858581267884,0.007774393493356734,0.963072872401532,0.02396387552384328

Transition Gammas
10.0,13.0,1109.2317164782335,14.768283521766717
15.0,13.0,8.054795938055657,1111.9452040619437
1.0,1825.0,5.91107997824266,21.351874436848572
1852.0,1.0,12.666243197623317,19.070802387285447

18.0,22.0,12.707029885975478,1149.2929701140245
18.0,21.0,1130.8677444402936,15.132255559706966
442.08058434586053,9.580726597841323,3.7126312630535496,2.587388653164768
9.919415654139774,435.4192734021589,1.5571362073486017,3.1428438764330804

1128.0,14.0,8.357486385094509,11.642513614905491
10.0,1100.0,7.576297943031936,12.423702056968065
4.56475482964433,6.351306571451131,9.620279944038403,435.1417196937503
2.43524517035567,3.6486934285488686,451.99122783633874,11.246772525872963

Iteration: ,15000
Error:,0.02716260823719843
Absolute Error:,0.02130185040000156
Transition Probabilities
0.00798258345428157,0.012336719883889699,0.9682302557334519,0.01145044092837682
0.013005780346820815,0.010838150289017346,0.009437578244586343,0.9667184911195754
0.0004474009752366461,0.986071749421568,0.0031674602462805463,0.010313389356914868
0.9822559583338393,0.0004450638687511732,0.006963604658141329,0.01033537313926824

0.01260504201680673,0.01680672268907564,0.01100608620796617,0.9595821490861514
0.013937282229965157,0.01602787456445993,0.9559924641371973,0.014042379068377606
0.9705120044527774,0.01740468958437253,0.007075301998360077,0.00500800396449007
0.01926285274362572,0.9711016920049013,0.0031283060346467854,0.006507149216826403

0.9728739002932552,0.012463343108504398,0.00612718943188747,0.008535567166353
0.009530791788856305,0.9714076246334311,0.0058337114229782975,0.013227872154734312
0.00838670808341786,0.013461095508997916,0.017696964451999992,0.9604552319555841
0.00611670595628601,0.008312290156200861,0.9653213762366671,0.02024962765084602

Transition Gammas
11.0,17.0,1334.2212924006963,15.778707599303253
18.0,15.0,13.061608290507492,1337.9383917094917
1.0,2204.0,7.0796900802577944,23.051781126448716
2207.0,1.0,15.646304153336134,23.222224639957354

18.0,24.0,15.71669110497568,1370.2833088950233
20.0,23.0,1371.849186036878,20.150813963121866
536.3602990439946,9.618824360143373,3.910215513312215,2.767708685398443
10.639700956005807,536.3811756398568,1.7278977911786324,3.5941780101107095

1327.0,17.0,8.357486385094509,11.642513614905491
13.0,1325.0,7.957182380942398,18.0428176190576
4.585123242961374,7.359357364072705,9.67516243937967,525.0934650474576
3.414876757038626,4.6406426359272945,538.9262708297164,11.305101683447242

Iteration: ,17500
Error:,0.02578456390194301
Absolute Error:,0.02031947207588317
Transition Probabilities
0.0075093867334167725,0.011264080100125157,0.9694679749418219,0.011758558224636105
0.012422360248447211,0.011180124223602489,0.009980631913691885,0.9664168836142584
0.00038555848007689673,0.9858730335566249,0.0033104575022973016,0.010430950461001044
0.9819744017558617,0.00038061023323870605,0.007519649726039403,0.010125338284860296

0.011947431302270016,0.01612903225806452,0.0105898518207525,0.9613336846189129
0.01204819277108434,0.01746987951807229,0.9565259322137878,0.013955995497055574
0.9739315390567403,0.01562744185111626,0.00612250377846006,0.004318515313683311
0.01779652915236708,0.9692949139518002,0.0049827841279189815,0.007925772767913815

0.9737663960024985,0.011242973141786383,0.006283303234438387,0.008707327621276791
0.00939261114589856,0.9724483406386976,0.005608755404472385,0.012550292810931497
0.00715274639295932,0.012217593292352173,0.016185940373886445,0.964443719940802
0.0051900169725383975,0.010894351567097468,0.9666128885819829,0.017302742878381322

Transition Gammas
12.0,18.0,1549.2098239570312,18.790176042968493
20.0,18.0,16.068817381043928,1555.9311826189553
1.0,2557.0,8.586135886927078,27.05413316008682
2580.0,1.0,19.75682488106758,26.602906071918518

20.0,27.0,17.72741194793968,1609.2725880520597
20.0,29.0,1587.8330474748875,23.16695252511225
626.5808943217381,10.053947426855965,3.938925621724043,2.7783258667344253
11.419105678262117,621.9460525731444,3.1971930055308557,5.085555506010675

1559.0,18.0,10.059568478335857,13.940431521664143
15.0,1553.0,8.957182380942399,20.0428176190576
4.585123242961374,7.831840792363952,10.375669335983368,618.2371181482837
3.414876757038626,7.168159207636047,636.0025224846526,11.384690031081176

Iteration: ,20000
Error:,0.026226717627621285
Absolute Error:,0.021259663113167848
Transition Probabilities
0.007700770077007706,0.011551155115511559,0.9676565932088868,0.013091481598593989
0.01288936627282492,0.00966702470461869,0.009172585359681651,0.9682710236628747
0.0003362656939480791,0.9845859518799757,0.0036142148722812747,0.011463567553794986
0.9813117825594826,0.0003327608621768337,0.007554692639804629,0.010800763938536052

0.011966701352757542,0.01560874089490114,0.010269401427485255,0.962155156324856
0.015898251192368845,0.015898251192368845,0.9543287502002364,0.0138747474150259
0.9740862894335829,0.0139417133271407,0.007009859374136548,0.00496213786513982
0.016955956043511397,0.967934150510854,0.005946935984447962,0.00916295746118662

0.9727474972191323,0.010011123470522803,0.006781388882871897,0.01045999042747293
0.010456796917996699,0.9713813979086406,0.005276555359436593,0.012885249813926093
0.009705975513308181,0.012287030091466415,0.015625715653300648,0.9623812787419247
0.005206383089371447,0.013224070678724737,0.9640418111020808,0.017527735129823026

Transition Gammas
14.0,21.0,1759.199686453755,23.800313546243856
24.0,18.0,17.079353939727234,1802.9206460602727
1.0,2928.0,10.748092765119612,34.090803076584464
2949.0,1.0,22.70306847501183,32.4580356832841

23.0,30.0,19.737789543626665,1849.2622104563739
30.0,30.0,1800.8183516278455,26.181648372153866
705.2838223557052,10.094449508442356,5.075464532451048,3.5928188278030535
12.716177644295007,725.905550491558,4.459925127396716,6.871791512349182

1749.0,18.0,12.192937211403672,18.807062788596326
19.0,1765.0,9.587501088096289,23.41249891190371
7.016765925789182,8.882694372836133,11.296338942110138,695.736781432713
3.9832340742108174,10.117305627163867,737.5569805427648,13.409899082413059

Iteration: ,22500
Error:,0.025916484076159128
Absolute Error:,0.020453741106491657
Transition Probabilities
0.006802721088435377,0.011175898931000976,0.9694777956193558,0.012543584361207878
0.013835877862595413,0.009541984732824423,0.008151754094324124,0.9684703833102559
0.0002998132902309638,0.984886658408716,0.0034055230745149135,0.011408005226538096
0.9818568127125595,0.00029943788127860917,0.007338682589349821,0.010505066816812

0.011230697239120258,0.014974262985493677,0.011111986355649304,0.9626830534197368
0.01598495533615421,0.015514809590973205,0.9561827809654639,0.012317454107408614
0.9758030160426943,0.013660130586395905,0.006154106244031572,0.004382747126878132
0.016781888320966745,0.9690874259197275,0.005502319359471338,0.0086283663998343

0.9727452923686819,0.009415262636273538,0.006975271728661603,0.010864173266382993
0.010674429888403688,0.9723435225618632,0.004788753100333683,0.012193294449399457
0.008637590760051824,0.013761523861734572,0.014581887344540141,0.9630189980336734
0.005784107250336543,0.013734709336107178,0.9640667828545286,0.016414400559027677

Transition Gammas
14.0,23.0,1995.1853033846332,25.8146966153658
29.0,20.0,17.08607658170337,2029.9139234182974
1.0,3285.0,11.358812919505466,38.05036533820712
3279.0,1.0,24.508197019072586,35.08262472321483

24.0,32.0,23.746314842022574,2057.2536851579785
34.0,33.0,2033.8007751135415,26.199224886458115
820.5832033750156,11.487230036000774,5.175179962158124,3.685588810271673
14.41679662498458,832.5127699639997,4.7268708773437975,7.412360350226405

1963.0,19.0,14.076098348439116,21.92390165156088
22.0,2004.0,9.86962013978772,25.13037986021228
7.03237010460493,11.204065078731393,11.87197118723483,784.0503446007167
4.967629895395069,11.795934921268609,827.980319933876,14.097364278172927

Iteration: ,25000
Error:,0.02597370628166458
Absolute Error:,0.020656521748460364
Transition Probabilities
0.008756567425569182,0.011383537653239937,0.9681140020236185,0.01174589289757241
0.014623655913978507,0.009462365591397856,0.008641692208799054,0.9672722862858245
0.0002701204882459316,0.9859397820976502,0.0033595458288478023,0.010430551585255935
0.9816402876501028,0.00027020101504269276,0.00735276818404862,0.010736743150805902

0.01137320977253579,0.014743049705138987,0.011692605418363589,0.9621911351039617
0.01613588110403399,0.014437367303609361,0.9570227150839273,0.012404036508429214
0.975190832234156,0.014699061679274497,0.005715474401408055,0.004394631685161516
0.015559361475111994,0.9691909459283086,0.005421039266387463,0.00982865333019187

0.9730700179533214,0.008976660682226212,0.00735099875316429,0.01060232261128813
0.012473118279569893,0.9686021505376344,0.004892449136831888,0.014032282045963811
0.008333695999451373,0.012675217170483774,0.014328869562524334,0.9646622172675405
0.005697791791853515,0.014121780126332072,0.9653517120158075,0.014828716066006912

Transition Gammas
20.0,26.0,2211.1723806219434,26.827619378055367
34.0,22.0,20.091934385457783,2248.90806561454
1.0,3650.0,12.437212188766292,38.61444073712552
3633.0,1.0,27.21221525717383,39.73613181693435

27.0,35.0,27.758245263195196,2284.241754736808
38.0,34.0,2253.788494022646,29.211505977350757
909.1292616622757,13.703314930670267,5.3282956021002565,4.096929674836412
14.870738337724625,926.2966850693308,5.181115984606841,9.393658738456491

2168.0,20.0,16.378025222050038,23.621974777949955
29.0,2252.0,11.37494424313414,32.62505575686586
7.540479153698223,11.468766181166526,12.965020831020077,872.8438546528529
5.459520846301776,13.531233818833476,924.9825174901557,14.208607025971887

Iteration: ,27500
Error:,0.026328012729627027
Absolute Error:,0.020628042613422784
Transition Probabilities
0.009134233518665612,0.011119936457505962,0.9682921953734457,0.011453634650382755
0.014890282131661447,0.009404388714733546,0.009442926121273981,0.9662624030323309
0.0002467051551485524,0.9858337999736154,0.0032000544109300477,0.010719440460305972
0.9813204160854795,0.00024392752077690268,0.007266497272591409,0.011169159121152112

0.011022424933485346,0.014063093880653717,0.010554340779847057,0.9643601404060138
0.016712009327633125,0.013991449669646338,0.9567726655687381,0.012523875433982413
0.9755855888047543,0.01501244433883502,0.00519106252435787,0.0042109043320527634
0.014889441295970588,0.9666303705325398,0.005490490702085229,0.012989697469404336

0.9722557297949337,0.009248090068355449,0.007785033122773684,0.01071114701393721
0.01226751088246933,0.9699248120300752,0.004544254127589909,0.013263422959865573
0.007647744292252655,0.013080431830548724,0.01318464565393221,0.9660871782232664
0.0052292972568395305,0.015423978863396963,0.9654475017268781,0.01389922215288548

Transition Gammas
23.0,28.0,2438.159747950335,28.840252049663764
38.0,24.0,24.09834746149119,2465.9016525385077
1.0,3996.0,12.97116960933852,43.45041129704529
4023.0,1.0,29.789575401118363,45.78884369249782

29.0,37.0,27.76847059177766,2537.2315294082273
43.0,36.0,2461.7760685083613,32.223931491636726
1002.4182617895374,15.425349176984321,5.333838396365481,4.326721765406416
15.581738210463376,1011.5746508230162,5.745775618191087,13.593664220037017

2418.0,23.0,19.36137737633815,26.638622623661842
31.0,2451.0,11.483330180419701,33.5166698195803
7.540479153698223,12.896969324607337,12.9997214738321,952.5371076315031
5.459520846301776,16.103030675392667,1007.9520254454729,14.511145449191725

Iteration: ,27868
Error:,0.025521384088682347
Absolute Error:,0.02055489009331089
Transition Probabilities
0.008994915917090346,0.011341415721548696,0.9683838646274527,0.011279803733908174
0.015081206496519726,0.00966744006187162,0.00970601775758189,0.9655453356840268
0.0002437003024648342,0.9857677234702544,0.003398115316267054,0.010590460911013705
0.9813040813945049,0.0002409290649139467,0.007255036699053832,0.011199952841527324

0.010881801125703541,0.013883677298311414,0.010420221387655977,0.964814300188329
0.016897081413210453,0.014592933947772665,0.9561344866314732,0.012375498007543602
0.9760408066797586,0.014727847415580171,0.005100772848700166,0.0041305730559610355
0.014733089706471613,0.9660785797846018,0.006358223846651837,0.012830106662274755

0.9726299087663626,0.009123363744545815,0.0076800386260762205,0.010566688863015407
0.01211410707307542,0.9703008987885893,0.004487428753583315,0.013097565384751974
0.007533119825704378,0.012884382189830922,0.012990254535518124,0.9665922434489466
0.005155242599592011,0.01520555229247906,0.9659311267152573,0.01370807839267168

*,*,*,*,*,*,*,*,*,*,*
Model Num 1
Model States: 
['rose'],['volcano'],"['nothing', 'b', 'volcano']","['nothing', 'b', 'rose']"
Iteration: ,27868
Error:,0.02609166411511865
Transition Probabilities
0.008994915917090346,0.011341415721548696,0.9683838646274527,0.011279803733908174
0.015081206496519726,0.00966744006187162,0.00970601775758189,0.9655453356840268
0.0002437003024648342,0.9857677234702544,0.003398115316267054,0.010590460911013705
0.9813040813945049,0.0002409290649139467,0.007255036699053832,0.011199952841527324

0.010881801125703541,0.013883677298311414,0.010420221387655977,0.964814300188329
0.016897081413210453,0.014592933947772665,0.9561344866314732,0.012375498007543602
0.9760408066797586,0.014727847415580171,0.005100772848700166,0.0041305730559610355
0.014733089706471613,0.9660785797846018,0.006358223846651837,0.012830106662274755

0.9726299087663626,0.009123363744545815,0.0076800386260762205,0.010566688863015407
0.01211410707307542,0.9703008987885893,0.004487428753583315,0.013097565384751974
0.007533119825704378,0.012884382189830922,0.012990254535518124,0.9665922434489466
0.005155242599592011,0.01520555229247906,0.9659311267152573,0.01370807839267168

Transition Gammas
23.0,29.0,2476.1575418523953,28.842458147603185
39.0,25.0,25.09976192110676,2496.9002380788925
1.0,4045.0,13.943828882844327,43.4569050752077
4073.0,1.0,30.11274999820023,46.48651604374774

29.0,37.0,27.769889998103242,2571.2301100019026
44.0,38.0,2489.774203188355,32.22579681164352
1022.3901005918883,15.427229371627526,5.342993479564613,4.326721765406416
15.609899408112181,1023.572770628373,6.736620534991955,13.593664220037017

2452.0,23.0,19.36137737633815,26.638622623661842
31.0,2483.0,11.483330180419701,33.5166698195803
7.540479153698223,12.896969324607337,13.002945100126459,967.5365360555205
5.459520846301776,16.103030675392667,1022.9433475761274,14.517171268225635

