0,1,2,3,4,5,6,7,8,9,10,11,12,13,14,15,16,17,18,19,20,21,22,23,24,25,26,27,28,29
github Code Version (SHA):,cd93f48c3be2409aefa56252372b16f046dc3cc1
Environment Observations,Environment Actions,alpha,epsilon,numActions,explore,patience,gainThresh,insertRandActions,useBudd,revisedSplitting,haveControl,confidence_factor
"['diamond', 'square']","['x', 'y']",0.99,0.99,75000,0.5,0,0.01,False,False,False,False,250

Model Num 0
Model States: 
['diamond'],['square']
Iteration: ,0
Error:,0.6756328538723706
Absolute Error:,1
Transition Probabilities
0.5,0.5
0.5,0.5

0.5,0.5
0.5,0.5

Transition Gammas
1.0,1.0
1.0,1.0

1.0,1.0
1.0,1.0

Iteration: ,2500
Error:,0.14989997046481726
Absolute Error:,1
Transition Probabilities
0.5027829313543599,0.4972170686456401
0.0199468085106383,0.9800531914893617

0.029166666666666667,0.9708333333333333
0.9768707482993197,0.02312925170068027

Transition Gammas
271.0,268.0
15.0,737.0

14.0,466.0
718.0,17.0

Iteration: ,2599
Error:,0.1491524233794839
Absolute Error:,1
Transition Probabilities
0.5008976660682226,0.4991023339317774
0.02040816326530612,0.9795918367346939

0.032,0.968
0.975130890052356,0.024869109947643978


Model Num 1
Model States: 
['square'],"['diamond', 'x', 'diamond']","['diamond', 'x', 'square']"
Iteration: ,0
Error:,0.7244279542886501
Absolute Error:,1
Transition Probabilities
0.3333333333333333,0.3333333333333333,0.3333333333333333
0.3333333333333333,0.3333333333333333,0.3333333333333333
0.3333333333333333,0.3333333333333333,0.3333333333333333

0.3333333333333333,0.3333333333333333,0.3333333333333333
0.3333333333333333,0.3333333333333333,0.3333333333333333
0.3333333333333333,0.3333333333333333,0.3333333333333333

Transition Gammas
1.0,1.0,1.0
1.0,1.0,1.0
1.0,1.0,1.0

1.0,1.0,1.0
1.0,1.0,1.0
1.0,1.0,1.0

Iteration: ,2500
Error:,0.11279618320045756
Absolute Error:,1
Transition Probabilities
0.9850136239782016,0.002244601349181529,0.012741774672616835
0.0033670033670033656,0.017159595589127077,0.9794734010438695
0.9957983193277311,0.0021008403361344537,0.0021008403361344537

0.018944519621109605,0.538109372967877,0.4429461074110134
0.9573437407633153,0.021039071096645053,0.02161718814003969
0.9726655850802983,0.016955509284932252,0.010378905634769316

Transition Gammas
723.0,1.6475373902992423,9.352462609700757
1.0,5.096399889970744,290.90360011002934
474.0,1.0,1.0

14.0,397.66282662326114,327.337173376739
102.91096078008665,2.261623415169521,2.323768888990292
157.0890392199133,2.738376584830479,1.6762311110097081

Iteration: ,5000
Error:,0.11174650078448065
Absolute Error:,1
Transition Probabilities
0.9799861973775017,0.0026133663196517528,0.01740043630284652
0.0016501650165016504,0.023317364578405598,0.9750324704050928
0.9978517722878625,0.0010741138560687433,0.0010741138560687433

0.020394289598912298,0.5537394419503521,0.4258662684507357
0.961526127128848,0.01618016435870566,0.022293708512446254
0.9688627430764207,0.01900249312598774,0.012134763797591451

Transition Gammas
1420.0,3.78676779717539,25.21323220282461
1.0,14.13032293451379,590.8696770654861
929.0,1.0,1.0

30.0,814.5507191089681,626.4492808910325
213.0239344151944,3.5846787455148386,4.939120598009934
325.97606558480544,6.393431876472934,4.082768780002294

Iteration: ,7500
Error:,0.11288373735570514
Absolute Error:,1
Transition Probabilities
0.9815242494226328,0.003175551801303716,0.015300198776063487
0.0010905125408942203,0.01871838142771184,0.9801911060313939
0.9985785358919688,0.0007107320540156361,0.0007107320540156361

0.020852221214868533,0.5594401842161699,0.4197075945689615
0.9663492590829001,0.014623593024362322,0.019027147892737628
0.9675590135120715,0.016398733407432788,0.01604225308049563

Transition Gammas
2125.0,6.875069649822545,33.12493035017745
1.0,17.164755769211755,898.8352442307881
1405.0,1.0,1.0

46.0,1234.1250463808713,925.8749536191294
318.23394533798125,4.8157782079497355,6.26593779166514
474.7660546620184,8.046601656927221,7.871682343457905

Iteration: ,10000
Error:,0.11010979331779351
Absolute Error:,1
Transition Probabilities
0.9825581395348837,0.0030493733060341136,0.014392487159082165
0.0008051529790660224,0.017065633532093574,0.9821292134888403
0.998914223669924,0.0005428881650380022,0.0005428881650380022

0.0216123499142367,0.5753521682199001,0.40303548186586313
0.9731883748742403,0.011241933119489497,0.015569692006270158
0.9720776085870174,0.013683213515390176,0.014239177897592391

Transition Gammas
2873.0,8.916367546843748,42.08363245315625
1.0,21.195516846860222,1219.80448315314
1840.0,1.0,1.0

63.0,1677.1515703610094,1174.8484296389913
430.4057293428337,4.9718970637544855,6.88590700075714
631.5942706571662,8.89048280112247,9.251713134365906

Iteration: ,12500
Error:,0.11152185867810382
Absolute Error:,1
Transition Probabilities
0.9830647364108167,0.0035579119214950755,0.013377351667688208
0.000636942675159236,0.017339959004589532,0.9820230983202511
0.9991300565463245,0.00043497172683775554,0.00043497172683775554

0.022026431718061665,0.5790667105360086,0.39890685774592977
0.9744506131891086,0.009855194810403442,0.015694192000487838
0.9714559826491314,0.01343626392451348,0.015107753426355067

Transition Gammas
3599.0,13.025515544593471,48.974484455406525
1.0,27.223735637205554,1541.7762643627937
2297.0,1.0,1.0

80.0,2103.170292666784,1448.8297073332174
527.1648808245667,5.3315299178953675,8.490350094294046
788.8351191754327,10.910424191596423,12.267695796214166

Iteration: ,15000
Error:,0.11338041676431287
Absolute Error:,1
Transition Probabilities
0.9831319808525188,0.00348129178175802,0.013386727365723175
0.0005302226935312833,0.01656750114757882,0.9829022761588898
0.9992821249102656,0.0003589375448671931,0.0003589375448671931

0.023613021549747818,0.5768685656758467,0.3995184127744055
0.9733311512122771,0.010519454307833714,0.016149394479889313
0.9696824438897972,0.015197044601145347,0.015120511509057518

Transition Gammas
4313.0,15.272427046572433,58.72757295342757
1.0,31.246307164333647,1853.7536928356658
2784.0,1.0,1.0

103.0,2516.3006834780435,1742.6993165219571
620.5342271878316,6.706537072423007,10.295829955352964
927.4657728121679,14.535417037068783,14.462215935155248

Iteration: ,17500
Error:,0.11029470166972928
Absolute Error:,1
Transition Probabilities
0.9830805134189031,0.0036039465027833963,0.01331554007831345
0.00045475216007276033,0.016950888331099714,0.9825943595088275
0.9993784959602238,0.00031075201988812925,0.00031075201988812925

0.024812918471839307,0.5792978993996003,0.3958891821285603
0.9730115660592793,0.010086592961822708,0.016901840978898117
0.9682997815625384,0.01576008891142019,0.015940129526041534

Transition Gammas
5055.0,18.531492917312224,68.46850708268776
1.0,37.27500344008827,2160.7249965599117
3216.0,1.0,1.0

126.0,2941.6747331511706,2010.325266848829
729.587657255261,7.563171893740155,12.67341005311747
1092.412342744738,17.78015029788371,17.983267755258662

Iteration: ,17514
Error:,0.1109422228538842
Absolute Error:,1
Transition Probabilities
0.9830903790087464,0.0036018450762511614,0.013307775915002481
0.00045454545454545455,0.01694332027958084,0.9826021342658737
0.999379074821484,0.0003104625892579944,0.0003104625892579944

0.02478851072201456,0.5790588217958756,0.3961526674821097
0.9730335862131292,0.010078363202017894,0.01688805058485307
0.9683387264604614,0.01574072705575592,0.015920546483782844


Model Num 2
Model States: 
"['diamond', 'x', 'diamond']","['diamond', 'x', 'square']","['square', 'y', 'diamond', 'x', 'diamond']","['square', 'y', 'diamond', 'x', 'square']"
Iteration: ,0
Error:,0.6754249825775335
Absolute Error:,0.74
Transition Probabilities
0.25,0.25,0.25,0.25
0.25,0.25,0.25,0.25
0.25,0.25,0.25,0.25
0.25,0.25,0.25,0.25

0.25,0.25,0.25,0.25
0.25,0.25,0.25,0.25
0.25,0.25,0.25,0.25
0.25,0.25,0.25,0.25

Transition Gammas
1.0,1.0,1.0,1.0
1.0,1.0,1.0,1.0
1.0,1.0,1.0,1.0
1.0,1.0,1.0,1.0

1.0,1.0,1.0,1.0
1.0,1.0,1.0,1.0
1.0,1.0,1.0,1.0
1.0,1.0,1.0,1.0

Iteration: ,2500
Error:,0.056276626412657176
Absolute Error:,0.9729066638878692
Transition Probabilities
0.026247787815264795,0.9652052036377267,0.004273504273504274,0.004273504273504274
0.001422475106685633,0.001422475106685633,0.03320463697545291,0.9639504128111758
0.008047270400406582,0.02966360858584049,0.9207373567286478,0.04155176428510517
0.013246890914445489,0.0290513278644307,0.9430975909487195,0.014604190272404338

0.056247854313416244,0.03230442792356134,0.7461967962205398,0.16525092154248266
0.015778309052697136,0.025084217041563203,0.02430159638735123,0.9348358775183884
0.95535467251048,0.0066563531131809146,0.022935266867423403,0.01505370750891586
0.0023817631555024194,0.9732075568574514,0.012061756985890308,0.012348923001155806

Transition Gammas
6.141982348771961,225.858017651228,1.0,1.0
1.0,1.0,23.342859793743397,677.6571402062566
1.464244001287629,5.397452647566887,167.53309933306505,7.560566324987513
2.8619197481712995,6.276383602974184,203.75117734574482,3.1551569962025865

3.4768152216943817,1.9968144225899362,46.12421951285597,10.214557096107518
2.906168777808882,4.6202015779068,4.476052562790988,172.18517082824548
273.20989642992964,1.9035669128767967,6.558969213993986,4.305020939071442
1.574399146219916,643.3121375109732,7.973093318127163,8.162916528807406

Iteration: ,5000
Error:,0.04278997347908369
Absolute Error:,0.9770553084504866
Transition Probabilities
0.020373642421309124,0.9751819131342465,0.0022222222222222227,0.0022222222222222227
0.0006997900629811055,0.0006997900629811055,0.02208831541943951,0.9765121044545984
0.0041990449703497,0.018637132861895125,0.9406959055952752,0.03646791657247997
0.010718243969149067,0.027745313510174632,0.9412597721686454,0.02027667035203087

0.03428619865812624,0.02755142927775427,0.8186532096363902,0.11950916242772922
0.011059227260502912,0.024927115759756462,0.016957856977272475,0.9470558000024681
0.96272986811856,0.0034040178776927215,0.022593575219251223,0.011272538784495982
0.0012001540731889906,0.9786044234269189,0.010247712057688832,0.009947710442203208

Transition Gammas
9.168139089589104,438.8318609104108,1.0,1.0
1.0,1.0,31.56420273437907,1395.4357972656212
1.4989391243213444,6.652924131351492,335.80157081962045,13.018004646048022
4.694896985240028,12.153239759087132,412.29866379251,8.88176074182172

4.475299663960275,3.596225508048125,106.85694470003291,15.599259625891108
3.6658271700372587,8.262647657954341,5.6210593551058325,313.92273631896995
548.6128179405403,1.9397838397291736,12.874977061435176,6.42367030742707
1.586782208695404,1293.8606160110337,13.548999696152656,13.152352934985098

Iteration: ,7500
Error:,0.03220286591397172
Absolute Error:,0.9803955172121772
Transition Probabilities
0.017022406958533284,0.9799334530110253,0.0015220700152207007,0.0015220700152207007
0.00045641259698767675,0.00045641259698767675,0.02040365904615496,0.9786835157598696
0.002967414535570017,0.014955334401338304,0.947418930329454,0.03465832073363762
0.009242843452696818,0.02137805770389507,0.9495399646020294,0.01983913424137874

0.02677254644478736,0.020158487253529606,0.8587577239070547,0.09431124239462824
0.008945181069015668,0.021455688282180467,0.01463270599892117,0.9549664246498827
0.9718362344945711,0.002366360852380692,0.016910800432289125,0.008886604220758916
0.0007843067401277772,0.9811315025321593,0.009103816968216025,0.008980373759497028

Transition Gammas
11.183721371756365,643.8162786282434,1.0,1.0
1.0,1.0,44.70441697012553,2144.2955830298747
1.5809536468337926,7.9677747001643295,504.7577259696885,18.464962646836366
5.871318349684576,13.5799533033173,603.1749262506534,12.602385132821464

4.9019815767365955,3.690965046431782,157.23624012209902,17.268135985907293
4.239145257260938,10.167908119570685,6.934478548576343,452.56114534341725
802.5503522270443,1.9541602465173593,13.96507802616893,7.338630825163214
1.591508789026756,1990.9039787374086,18.47339054646686,18.222900602200994

Iteration: ,10000
Error:,0.0314673184129405
Absolute Error:,0.9810991609332321
Transition Probabilities
0.013602436044243502,0.9841679095521891,0.0011148272017837237,0.0011148272017837237
0.00034940600978336826,0.00034940600978336826,0.019504576159824708,0.9797966118206085
0.0022732208956742985,0.016898665972604747,0.9501313773118026,0.030696735819918285
0.006882947725377933,0.018041167563126105,0.9585591485175444,0.016516736193951508

0.026423367856757873,0.017168588333912587,0.8791760710596106,0.07723197274971903
0.0068892497464266254,0.020389920333823225,0.012525068980932556,0.9601957609388175
0.9665943374064176,0.001737966185690603,0.019845564519263996,0.011822131888627711
0.0006040793519655656,0.9796173507059996,0.009509842839646822,0.010268727102388027

Transition Gammas
12.20138513168642,882.7986148683135,1.0,1.0
1.0,1.0,55.82209696941831,2804.1779030305815
1.69037229544884,12.56588695119395,706.5198812401883,22.826163479950882
6.004667737536781,15.739073015820427,836.2447926782683,14.409162601591746

6.337435941185043,4.1177502185407695,210.86343200335241,18.52347825477947
4.430875424165552,13.113938416108635,8.055597107998299,617.5574926338695
1092.257976228936,1.9639132522028961,22.4256187938104,13.359087004411762
1.5947655051170095,2586.1833450137424,25.105922376597384,27.10937182518045

Iteration: ,12500
Error:,0.03055050465918026
Absolute Error:,0.9817881266358539
Transition Probabilities
0.01779343677118991,0.9804459998485285,0.0008802816901408454,0.0008802816901408454
0.0002797202797202798,0.0002797202797202798,0.021525587246334757,0.9779149721942246
0.001889347308201592,0.017875389209997993,0.9503633509166312,0.029871912565169228
0.005676902734877,0.017071677146057573,0.9607702787681375,0.016481141350927982

0.02146535981609693,0.014370033050091713,0.8921433966302699,0.0720212105035416
0.005666765080940465,0.02216667733840527,0.011329602286518468,0.9608369552941358
0.9664559106232985,0.0013816682133854679,0.019802943023569067,0.012359478139746987
0.0004870329623291405,0.9808838670810273,0.008940258529362031,0.009688841427281582

Transition Gammas
20.21334417207173,1113.786655827928,1.0,1.0
1.0,1.0,76.95397440564675,3496.0460255943526
1.7252251978645534,16.322606094101033,867.8080483196273,27.277026326563508
6.226807806076265,18.72536090195815,1053.837303733394,18.07762162041486

6.39300782652604,4.279813361795237,265.70622462912485,21.45000905504233
4.545714300793589,17.781464510885133,9.08827777409533,770.755488541737
1379.1880825607263,1.971719881898428,28.259936865739853,17.63768504040222
1.5974401488888912,3217.2427574084863,29.323534587783605,31.77884350607432

Iteration: ,15000
Error:,0.029849596101188022
Absolute Error:,0.9821840289318251
Transition Probabilities
0.021869867012902375,0.9766840013891223,0.0007230657989877085,0.0007230657989877085
0.00023596035865974512,0.00023596035865974512,0.02385765536190255,0.9756704239207779
0.001596006870798455,0.017478985441709168,0.953140690257093,0.027784317430399275
0.004878141260204443,0.018177955690065698,0.9592369194952017,0.017706983554528242

0.019038324666022736,0.012194766813901848,0.9066955442838867,0.06207136423618883
0.005208152320830605,0.022353950731409465,0.012485310807029009,0.959952586140731
0.969338031492004,0.0011438553731746236,0.017565585255786446,0.011952527879034999
0.000409263751159136,0.9801775191119306,0.009114868756096373,0.010298348380813803

Transition Gammas
30.246026078843958,1350.753973921155,1.0,1.0
1.0,1.0,101.10874342374304,4134.891256576258
1.7377346666754039,19.03114547694723,1037.7810083299032,30.251606350894942
6.3962115284153676,23.834908327962005,1257.750014951333,23.21737036786594

7.002180093104711,4.4851611117206645,333.47711009582747,22.829470482882144
5.198809302930298,22.313849492244323,12.462913135998075,958.2305062852923
1677.777090746842,1.9798401361454208,30.403363501953045,20.68801264414568
1.6002833494665225,3832.642785767546,35.640519497857916,40.26810435604336

Iteration: ,17500
Error:,0.03034031663519053
Absolute Error:,0.9818635123929755
Transition Probabilities
0.021711117414325697,0.9770581133549051,0.0006153846153846157,0.0006153846153846157
0.00020222446916076837,0.00020222446916076837,0.02412146165538125,0.9754740894062971
0.002115235128798102,0.01713806512061477,0.9523616424069524,0.028385057343634713
0.004286284682458465,0.019347114075870635,0.9592392378863964,0.017127363355274434

0.02446557298175789,0.014137040259482522,0.9042582694890898,0.057139117269669824
0.005955241521718687,0.023977845219061152,0.01098579931235524,0.9590811139468649
0.9709944551561444,0.0009866765343439228,0.01652195641223563,0.011496911897276123
0.0003523815221361331,0.98124621191569,0.008594683293530919,0.009806723268643047

Transition Gammas
35.28056579827924,1587.7194342017199,1.0,1.0
1.0,1.0,119.28062788586033,4823.719372114141
2.692413694594169,21.81448322286925,1212.230022711305,36.130412204939105
6.618592203244886,29.8745108792917,1481.1926438073194,26.446921276433443

10.119735465975326,5.847527372625915,374.0298454065764,23.63454769522647
6.969826158248849,28.062911003149903,12.85743174937225,1122.478175148825
1952.7972222814321,1.9843359406694447,33.227821659682185,23.121797965576256
1.6018801749813365,4460.616561602914,39.07030282033834,44.58007755440322

Iteration: ,20000
Error:,0.02852025515803107
Absolute Error:,0.982127821619081
Transition Probabilities
0.021009254799407583,0.9779217981134732,0.0005344735435595941,0.0005344735435595941
0.00017705382436260627,0.00017705382436260627,0.024512833856179986,0.9751330584950949
0.00208467764700253,0.016418272292570812,0.9535253386392005,0.02797171142122609
0.00418336603415258,0.018499532296206076,0.9614367181334399,0.01588038353620158

0.02541439628307489,0.014975709323167528,0.9097231417746445,0.049886752619112976
0.005817122930540033,0.023310340001747084,0.010205132717396186,0.9606674043503166
0.9722920242620533,0.0008570550958314768,0.016040592806234377,0.010810327835880734
0.0003106556352481574,0.9817352362558435,0.00844768592172729,0.009506422187181007

Transition Gammas
39.308315729691564,1829.6916842703074,1.0,1.0
1.0,1.0,138.44848561970454,5507.551514380295
3.023126891105073,23.809206447108757,1382.769224170004,40.563601336315784
7.408050326583741,32.75961633520243,1702.545638036859,28.121536456817346

12.241470297345574,7.213419465853076,438.190570997692,24.029183838004233
7.697946269468803,30.84716396733254,13.504710880163746,1271.2755342841392
2256.679639134155,1.9892159311365336,37.230048465063476,25.090658064497458
1.6036076319003696,5067.727537302804,43.607042908324445,49.07225056211462

Iteration: ,22500
Error:,0.03076415912842153
Absolute Error:,0.9816076086852787
Transition Probabilities
0.020666896943552792,0.9783793596134335,0.00047687172150691484,0.00047687172150691484
0.00015820281601012506,0.00015820281601012506,0.02382898733543707,0.9758546070325427
0.001841344136595929,0.01852942800761572,0.9501643188267902,0.02946490902899814
0.003763791983680667,0.02026564432221746,0.958055613830775,0.017914949863326857

0.025698972481285793,0.013903294705398186,0.9127486713122899,0.04764906150102624
0.005891911794201642,0.022510374443423183,0.009277038576869913,0.9623206751855052
0.9691012873159184,0.0007624921508829932,0.018217580360365873,0.011918640172832687
0.00027717379402993146,0.9805168052878623,0.009145719025628793,0.010060301892479027

Transition Gammas
43.33848289063019,2051.661517109369,1.0,1.0
1.0,1.0,150.62302894729766,6168.376971052699
3.053863990711433,30.73100342098358,1575.8448086126257,48.867467457546496
7.552059366595286,40.6630732217097,1922.3413258546777,35.94639807514437

13.90347999347928,7.521864149265727,493.8089606464407,25.778765037007272
8.831898773245163,33.742757084009824,13.906159577446209,1442.5061147391052
2533.395002941584,1.993283705338264,47.62384247622241,31.157345316651064
1.6050664673538626,5678.00664688572,52.961308911807905,58.2575032953186

Iteration: ,25000
Error:,0.029300818092520865
Absolute Error:,0.9814912430932964
Transition Probabilities
0.019429596942786877,0.9797138720079624,0.0004282655246252678,0.0004282655246252678
0.0001429796968830425,0.0001429796968830425,0.02341717810913145,0.9762968624971026
0.002150792603809934,0.01929836786296718,0.9510622145323485,0.02748862500087429
0.003408391492916331,0.0188845320015948,0.9600426644171913,0.017664412088297533

0.023955604102655136,0.015705477952129666,0.9150535761570788,0.045285341788136375
0.006165064683256759,0.020820384073896102,0.008656480204003388,0.9643580710388437
0.9706646635907196,0.0006859240910192404,0.017312107426192182,0.011337304892068873
0.00025078696464729414,0.9804552531367979,0.00911598042578562,0.010177979472769091

Transition Gammas
45.36810886140734,2287.6318911385915,1.0,1.0
1.0,1.0,163.77974369526547,6828.220256304739
4.025787524837284,36.122092132375414,1780.1690371382733,51.452363843645315
7.621949760067732,42.23017058271957,2146.876898066775,39.50170095130031

14.429510359294635,9.46009776404723,551.176877021637,27.27734628005841
10.305868407429807,34.80452346922832,14.470658531169311,1612.0751181671349
2826.0669173342208,1.9970515607946104,50.40378608768135,33.00829162636223
1.6064219092464491,6280.329609195735,58.39263097601272,65.1952913099437

Iteration: ,27500
Error:,0.028881050221676384
Absolute Error:,0.98181618606451
Transition Probabilities
0.019284886331077992,0.9799341687255405,0.00039047247169074576,0.00039047247169074576
0.00012976901116013487,0.00012976901116013487,0.02231212517060391,0.9774283368070757
0.0019698606699629,0.020353826893898808,0.9504281194895009,0.027248192946637488
0.003109153289832799,0.017671708630379573,0.9629436795326886,0.01627545854709902

0.022670373843461142,0.014663352132011129,0.9196000749816208,0.04306619904290696
0.005977241726918408,0.02047082454756474,0.00801487004682853,0.9655370636786883
0.97158598712178,0.0006282002939549867,0.016915538538075946,0.010870274046189182
0.00022743867610856773,0.9806006871468651,0.0089589721589608,0.010212902018065477

Transition Gammas
49.38859389389075,2509.61140610611,1.0,1.0
1.0,1.0,171.93723656467387,7532.062763435331
4.05304536055025,41.878588125379025,1955.5333729801157,56.0639458870089
7.6406541924603415,43.42771232161038,2366.406212966196,39.99646816667378

14.713442558684937,9.51675480968501,596.8354546613293,27.95066593140762
11.021936208039506,37.747866423590544,14.77928958001409,1780.434589827247
3093.980295130566,2.0004810244842894,53.86691822652725,34.61599297166788
1.6076585409737147,6931.411565303974,63.326820029605706,72.19026877219913

Iteration: ,30000
Error:,0.028150415542721782
Absolute Error:,0.9820033754114532
Transition Probabilities
0.018778967832682514,0.9805044431311297,0.0003582945180938731,0.0003582945180938731
0.00011890606420927465,0.00011890606420927465,0.022602467181564747,0.9771597206900168
0.002258289613452959,0.01988349237918628,0.9496650597987748,0.02819315820858595
0.0028877719644040374,0.01714418384981328,0.9642046101365966,0.015763434049186113

0.022289663064879322,0.013755829183586359,0.9236732611876424,0.040281246563891926
0.0065710099062101564,0.022417736577185595,0.007973137278791452,0.9630381162378128
0.9723530688679971,0.0005790033398480855,0.01628196419190304,0.010785963600251669
0.00020800720988852384,0.9803526086331352,0.008945044497126912,0.010494339659849337

Transition Gammas
52.4120992210169,2736.5879007789836,1.0,1.0
1.0,1.0,190.08674899695956,8217.913251003043
5.055586835300473,44.51276829738001,2125.995773820412,63.115447476612864
7.702613139268593,45.72903172805092,2571.8426491179757,42.04612958499747

15.627926768966033,9.644609274790637,647.6140102376493,28.242345773950166
13.312019119009195,45.41544483723413,16.152548452779975,1950.99109553562
3364.440117345786,2.0034102087320615,56.33724546187742,37.32052667161841
1.608706690212378,7581.947765755274,69.18006801056275,81.16215985594137

Iteration: ,32500
Error:,0.028722526791053023
Absolute Error:,0.982230505400177
Transition Probabilities
0.01872218803268339,0.9806142419606809,0.0003317850033178501,0.0003317850033178501
0.00010958904109589032,0.00010958904109589032,0.02227251868564353,0.9775083032321648
0.0020635123454520875,0.018903873163852784,0.9512421355839379,0.027790478906757274
0.002693421975935815,0.017223929627664118,0.9634555979892421,0.016627050407157888

0.022414246378634366,0.013173186102800273,0.9260623913453048,0.03835017617326065
0.0070608879000147624,0.022918108950197868,0.007638483934267159,0.9623825192155203
0.9720021928617644,0.0005387995140148127,0.01670911180930776,0.01074989581491314
0.0001917653674714713,0.980771806193656,0.008673936897637818,0.010362491541234616

Transition Gammas
56.42867473050773,2955.571325269492,1.0,1.0
1.0,1.0,203.23673300649736,8919.76326699351
5.073306295295464,46.47664887443637,2338.7030978731536,68.32506328235152
7.7689652893597705,49.68107954090839,2779.0124107891193,47.95942805536949

16.63169049692355,9.774691971307641,687.1515023756244,28.45637769129511
15.449122019070417,50.1444955126984,16.712893904030917,2105.6792260290476
3618.460734574504,2.0057823938959936,62.20280719077958,40.01850632919505
1.6095465924891703,8231.923936439118,72.80306012051949,86.97562635950587

Iteration: ,35000
Error:,0.027432754724498323
Absolute Error:,0.9820686195708125
Transition Probabilities
0.019392722989077425,0.9799960300671573,0.00030562347188264053,0.00030562347188264053
0.00010225994477962981,0.00010225994477962981,0.022638961408120894,0.9771565187023198
0.0026418771542522147,0.01802689032774678,0.9526737208210224,0.026657511696978657
0.002512407107642272,0.017312512244424424,0.9640666726969822,0.01610840795095114

0.02185913428299777,0.0149335294204168,0.926374845478352,0.03683249081823352
0.00758896234089236,0.02290559796315005,0.008036335463965904,0.9614691042319916
0.9731500386468804,0.0004962517879275348,0.016041172716188993,0.010312536849002987
0.00017961795593939565,0.9807122350924741,0.008630691411930682,0.010477455539655935

Transition Gammas
63.45298962026134,3206.5470103797393,1.0,1.0
1.0,1.0,221.3864036100142,9555.613596389985
7.054727067722934,48.138041141441676,2543.9688117847895,71.18478958195426
7.8328151402442,53.974416650591195,3005.625962104613,50.220436528634984

17.977683664771494,12.281834424139578,761.8816789082573,30.2922732411612
17.853538798805115,53.88694311228382,18.906013834462883,2261.920034016115
3938.8463909943366,2.0085901313025896,64.92700277578146,41.740221894427535
1.6105404133709293,8793.534478460982,77.38690289370487,93.94587243608613

Iteration: ,37500
Error:,0.027528300483023002
Absolute Error:,0.9822054160915776
Transition Probabilities
0.019721859663330055,0.9797104423519978,0.00028384899233607725,0.00028384899233607725
9.575792396820842e-05,9.575792396820842e-05,0.023225111905021384,0.9765833722470423
0.002476514662958932,0.018427950521746103,0.9515304006601345,0.02756513415516041
0.0023544782274566916,0.01707334722521637,0.9643105276496986,0.01626164689762833

0.02217785968770882,0.013780528999710448,0.9287144398840878,0.03532717142849295
0.007922676778584794,0.02252516306988158,0.008322062814939146,0.9612300973365944
0.9733662575906135,0.00046100276441052177,0.016011654148361767,0.010161085496614248
0.0001684473473968135,0.9804049865631713,0.008771425410676043,0.010655140678755688

Transition Gammas
69.48011159391177,3451.519888406088,1.0,1.0
1.0,1.0,242.53984362413817,10198.460156375857
7.105384875078505,52.87175677751323,2730.0422719685816,79.08731179147257
7.880187344637131,57.142671002771145,3227.444419604549,54.4259966353864

19.838487736056834,12.326926917507903,830.7514920454782,31.600779651525418
19.992734727519775,56.841850618915494,21.000578326578534,2425.647149976417
4245.820507311719,2.010892586215803,69.84278426434815,44.32262248833526
1.611367863109149,9378.557232238945,83.90748348875285,101.9271097585637

Iteration: ,40000
Error:,0.027490674105743358
Absolute Error:,0.9818373226757546
Transition Probabilities
0.01982130981696638,0.9796466337850555,0.0002660281989890928,0.0002660281989890928
9.00171032496174e-05,9.00171032496174e-05,0.023466534847822795,0.9763534309456781
0.0023407046264031775,0.019729801983659822,0.950996320018177,0.026933173371759937
0.0022280867019014755,0.01807606349502571,0.9636645189505628,0.016031330852510014

0.021246119236965972,0.014766693422474088,0.9311738212828201,0.032813366057739865
0.008386518166470224,0.02224842334967299,0.008105077398441029,0.9612599810854158
0.9741233340950329,0.00043122277764460196,0.015719731876315063,0.009725711251007471
0.00015836723834119243,0.9803745900512879,0.008746158326557937,0.010720884383812851

Transition Gammas
74.50830360197664,3682.4916963980245,1.0,1.0
1.0,1.0,260.68973562446354,10846.310264375541
7.160883434494987,60.3590946918223,2909.369135031933,82.39626344165515
7.953633681980966,64.52638819170176,3440.007325349634,57.22727617676997

20.67291513458513,14.368299289693578,906.0514613621299,31.928086453147625
22.71051707190216,60.24826850381915,21.948381315419745,2603.072070869304
4548.387836915389,2.013470336034709,73.39875225576647,45.41140244887919
1.612303364905681,9980.986389383655,89.0427884429384,109.1470568524159

Iteration: ,41104
Error:,0.028294416938839453
Absolute Error:,0.9819333928386287
Transition Probabilities
0.020596206375712103,0.9788857931062874,0.0002590002590002589,0.0002590002590002589
8.76193814071672e-05,8.76193814071672e-05,0.02346048141510394,0.9763642798220817
0.002272335197438647,0.01916047203915926,0.9524103069641644,0.026156885799237656
0.002177994096431981,0.017899774757097576,0.9642755410481048,0.0156466900983657

0.020661015816381058,0.015300218751419655,0.9320166475271641,0.03202211790503528
0.008150416630423847,0.02236111073851208,0.008180017919460637,0.9613084547116035
0.9740957834132846,0.00042025475781689507,0.01579792431676237,0.009686037512136033
0.00015407902900578288,0.9806589497352537,0.008618035239226697,0.010568935996513774

*,*,*,*,*,*,*,*,*,*,*
Model Num 2
Model States: 
"['diamond', 'x', 'diamond']","['diamond', 'x', 'square']","['square', 'y', 'diamond', 'x', 'diamond']","['square', 'y', 'diamond', 'x', 'square']"
Iteration: ,41104
Error:,0.027431522438523582
Transition Probabilities
0.020596206375712103,0.9788857931062874,0.0002590002590002589,0.0002590002590002589
8.76193814071672e-05,8.76193814071672e-05,0.02346048141510394,0.9763642798220817
0.002272335197438647,0.01916047203915926,0.9524103069641644,0.026156885799237656
0.002177994096431981,0.017899774757097576,0.9642755410481048,0.0156466900983657

0.020661015816381058,0.015300218751419655,0.9320166475271641,0.03202211790503528
0.008150416630423847,0.02236111073851208,0.008180017919460637,0.9613084547116035
0.9740957834132846,0.00042025475781689507,0.01579792431676237,0.009686037512136033
0.00015407902900578288,0.9806589497352537,0.008618035239226697,0.010568935996513774

Transition Gammas
79.52195281662446,3779.478047183377,1.0,1.0
1.0,1.0,267.75447439058144,11143.245525609425
7.161248683857655,60.384095325014385,3001.5145058385424,82.43324497844608
7.9682064412248925,65.48644954990307,3527.808725415012,57.2435237679906

20.67291513458513,15.30903062074559,932.5534247485252,32.04056043341368
22.71051707190216,62.307537172767134,22.792998816149552,2678.613016001911
4669.793384555746,2.014691903299999,75.73489560300172,46.43464705107026
1.6127486450288457,10264.579174895905,90.2051677282575,110.62528961767048

