0,1,2,3,4,5,6,7,8,9,10,11,12,13,14,15,16,17,18,19,20,21,22,23,24,25,26,27,28,29
github Code Version (SHA):,3130f818d955eaa9876b4af7408e9fb46046852d
Environment Observations,Environment Actions,alpha,epsilon,numActions,explore,patience,gainThresh,insertRandActions,useBudd,revisedSplitting,haveControl,confidence_factor
"['diamond', 'square']","['x', 'y']",0.75,0.99,75000,0.5,0,0.01,False,True,False,False,250

Model Num 0
Model States: 
['diamond'],['square']
Iteration: ,0
Error:,0.40196385627942643
Absolute Error:,1
Transition Probabilities
0.5,0.5
0.5,0.5

0.5,0.5
0.5,0.5

Transition Gammas
1.0,1.0
1.0,1.0

1.0,1.0
1.0,1.0

Iteration: ,2395
Error:,0.04729010176432738
Absolute Error:,1
Transition Probabilities
0.484,0.516
0.16251830161054173,0.8374816983894583

0.17341040462427745,0.8265895953757225
0.8240343347639485,0.1759656652360515


Model Num 1
Model States: 
['square'],"['diamond', 'x', 'square']","['diamond', 'x', 'diamond']"
Iteration: ,0
Error:,0.4746256750449228
Absolute Error:,1
Transition Probabilities
0.3333333333333333,0.3333333333333333,0.3333333333333333
0.3333333333333333,0.3333333333333333,0.3333333333333333
0.3333333333333333,0.3333333333333333,0.3333333333333333

0.3333333333333333,0.3333333333333333,0.3333333333333333
0.3333333333333333,0.3333333333333333,0.3333333333333333
0.3333333333333333,0.3333333333333333,0.3333333333333333

Transition Gammas
1.0,1.0,1.0
1.0,1.0,1.0
1.0,1.0,1.0

1.0,1.0,1.0
1.0,1.0,1.0
1.0,1.0,1.0

Iteration: ,2500
Error:,0.05339794435876935
Absolute Error:,1
Transition Probabilities
0.7952314165497896,0.1041483494375666,0.1006202340126438
0.9958592132505176,0.002070393374741201,0.002070393374741201
0.00273224043715847,0.7427619649401495,0.25450579462269207

0.16395864106351551,0.39274664173368196,0.44329471720280256
0.8875484358668371,0.08156254662227783,0.03088901751088511
0.7395627641928386,0.16832241770069206,0.09211481810646943

Transition Gammas
567.0,74.25777314898498,71.74222685101503
481.0,1.0,1.0
1.0,271.8508791680947,93.14912083190531

111.0,265.8894764537027,300.1105235462973
73.96144534304014,6.796793944153652,2.574052624069192
60.90000812707048,13.86067160523975,7.58528341733126

Iteration: ,5000
Error:,0.051456949249738884
Absolute Error:,1
Transition Probabilities
0.8151320485367595,0.09555108358430467,0.08931686787893586
0.9978813559322034,0.001059322033898305,0.001059322033898305
0.00139275766016713,0.7464914572829308,0.252115785056902

0.18240343347639484,0.3914392302654024,0.4261573362582028
0.8870106544557533,0.08466646605957524,0.028322879484671395
0.734459462326955,0.16566342548209761,0.09987711219094732

Transition Gammas
1142.0,133.86706810161084,125.13293189838915
942.0,1.0,1.0
1.0,535.9808663291446,181.01913367085578

255.0,547.2320439110325,595.7679560889675
157.08512141303277,14.994004901487042,5.01583937043705
114.45046633357707,25.81525226834567,15.563802568610999

Iteration: ,7500
Error:,0.044421810019605254
Absolute Error:,1
Transition Probabilities
0.8190298507462687,0.09314522675179333,0.08782492250193799
0.9985795454545454,0.0007102272727272727,0.0007102272727272727
0.0009250693802035144,0.7561857402705746,0.24288919034922177

0.17905405405405406,0.3911618080908527,0.42978413785509323
0.8927371326896935,0.07776262734782786,0.02950023996247861
0.7628490752406483,0.12887613107761442,0.1082747936817373

Transition Gammas
1756.0,199.70336615584492,188.29663384415505
1406.0,1.0,1.0
1.0,817.4367852324918,262.56321476750895

371.0,810.4872663642468,890.5127336357532
239.05702898748098,20.82326586329412,7.899570278431762
167.30700558874088,28.264935073370616,23.746678208812916

Iteration: ,10000
Error:,0.042802645895912275
Absolute Error:,1
Transition Probabilities
0.8277062304211625,0.08803214738020831,0.08426162219862912
0.9989264626945786,0.0005367686527106817,0.0005367686527106817
0.000701754385964912,0.7666783003738176,0.23261994524021753

0.17958889289578076,0.3919083568077343,0.428502750296485
0.900392228704469,0.06871305503142416,0.030894716264106982
0.7537863700352618,0.12523938753615046,0.12097424242858772

Transition Gammas
2378.0,252.9163594233385,242.08364057666148
1861.0,1.0,1.0
1.0,1092.5165780326904,331.4834219673101

498.0,1086.7618734278471,1188.2381265721529
322.45308653255313,24.60787196247147,11.064174366812058
221.82349187813472,36.85532051030354,35.60017791455423

Iteration: ,12500
Error:,0.044693074275545586
Absolute Error:,1
Transition Probabilities
0.825168918918919,0.09124674401899371,0.08358433706208737
0.9991485738612176,0.0004257130693912303,0.0004257130693912303
0.0005649717514124293,0.7736973828558419,0.22573764539274568

0.1795754446356856,0.3926536966302044,0.42777085873411
0.9044922681708639,0.06447491229263072,0.031032819536505465
0.7368164277990926,0.13001858308125044,0.1331649891196569

Transition Gammas
2931.0,324.1084347554657,296.8915652445343
2347.0,1.0,1.0
1.0,1369.4443676548403,399.5556323451599

626.0,1368.7907864528925,1491.2092135471075
404.3135437943305,28.820677845681434,13.871859033254065
276.34253908711463,48.763388032084755,49.94344564324507

Iteration: ,15000
Error:,0.04337902359438059
Absolute Error:,1
Transition Probabilities
0.8272128060263654,0.08979362131606221,0.08299357265757244
0.9992874955468471,0.0003562522265764161,0.0003562522265764161
0.00046425255338904353,0.7704552383240911,0.22908050912251987

0.1790079079798706,0.3902738832199486,0.4307182088001808
0.8953265227712266,0.06801126070283137,0.03666221652594206
0.7374435942705064,0.12542933113566362,0.13712707459382986

Transition Gammas
3514.0,381.4433033506323,352.5566966493677
2805.0,1.0,1.0
1.0,1659.5605833500927,493.4394166499079

747.0,1628.6129146768455,1797.3870853231545
487.77792378604954,37.05284127741129,19.973740756687125
326.7955563496486,55.583570553069016,60.76738476089119

Iteration: ,17500
Error:,0.0431389903909515
Absolute Error:,1
Transition Probabilities
0.8288617886178862,0.08714741680037885,0.08399079458173497
0.9993924665856622,0.00030376670716889426,0.00030376670716889426
0.00039666798889329626,0.7699424369660387,0.22966089504506804

0.17756817715808895,0.3930244307330924,0.42940739210881856
0.8845178944833458,0.07875874366082125,0.036723361855832956
0.7285995474591638,0.12659383626902346,0.14480661627181274

Transition Gammas
4078.0,428.76529065786394,413.23470934213606
3290.0,1.0,1.0
1.0,1941.024883591384,578.9751164086166

866.0,1916.780148685292,2094.2198513147086
564.5450780827349,50.267904546654265,23.438749307012575
375.4474125649742,65.2338152550702,74.61886243428985

Iteration: ,20000
Error:,0.04404265375747
Absolute Error:,1
Transition Probabilities
0.8270192994996426,0.08859967110147049,0.0843810293988869
0.9994689325544344,0.0002655337227827934,0.0002655337227827934
0.00034722222222222224,0.7679213536369373,0.23173142414084053

0.17879492222420887,0.3930179587208167,0.4281871190549745
0.8863288994476864,0.07594027468236232,0.03773082586995128
0.7358749590898382,0.12279673418967772,0.14132830672048396

Transition Gammas
4628.0,495.80375948382886,472.19624051617114
3764.0,1.0,1.0
1.0,2211.6134984743794,667.3865015256207

1000.0,2198.1494431255273,2394.8505568744717
637.5353972453061,54.62375560213253,27.139741324447968
437.88314492084436,73.07032191921691,84.0975530539123

Iteration: ,22500
Error:,0.04301113492567311
Absolute Error:,1
Transition Probabilities
0.8260661998726926,0.09066721437415169,0.08326658575315574
0.999529964747356,0.00023501762632197415,0.00023501762632197415
0.0003120124804992199,0.7704670203096146,0.22922096720988622

0.17743979721166037,0.3962948411595986,0.426265361628741
0.887119378481004,0.07440439277146667,0.0384762287475293
0.7433297005403019,0.11950104709803286,0.1371692523616653

Transition Gammas
5191.0,569.7527751271692,523.2472248728307
4253.0,1.0,1.0
1.0,2469.346800092315,734.6531999076855

1120.0,2501.413037399386,2690.586962600613
706.8305616883712,59.28322614797228,30.65672449161671
504.62900194575457,81.12644239120294,93.12097023245414

Iteration: ,24622
Error:,0.04393852988276254
Absolute Error:,1
Transition Probabilities
0.8256051326917468,0.09074204414917211,0.083652823159081
0.9995693367786391,0.0002153316106804479,0.0002153316106804479
0.000283205890682526,0.7678526361289048,0.2318641579804127

0.1765217391304348,0.39502921016595116,0.428449050703614
0.8882065473376571,0.07357373279500388,0.03821971986733898
0.7436073521874005,0.11707871904900172,0.1393139287635978


Model Num 2
Model States: 
"['diamond', 'x', 'square']","['diamond', 'x', 'diamond']","['square', 'y', 'diamond', 'x', 'diamond']","['square', 'y', 'diamond', 'x', 'square']"
Iteration: ,0
Error:,0.40380528117769565
Absolute Error:,0.5
Transition Probabilities
0.25,0.25,0.25,0.25
0.25,0.25,0.25,0.25
0.25,0.25,0.25,0.25
0.25,0.25,0.25,0.25

0.25,0.25,0.25,0.25
0.25,0.25,0.25,0.25
0.25,0.25,0.25,0.25
0.25,0.25,0.25,0.25

Transition Gammas
1.0,1.0,1.0,1.0
1.0,1.0,1.0,1.0
1.0,1.0,1.0,1.0
1.0,1.0,1.0,1.0

1.0,1.0,1.0,1.0
1.0,1.0,1.0,1.0
1.0,1.0,1.0,1.0
1.0,1.0,1.0,1.0

Iteration: ,2500
Error:,0.05328559350336601
Absolute Error:,0.1674196210981426
Transition Probabilities
0.0017889087656529517,0.0017889087656529517,0.1797881596577376,0.8166340228109564
0.6808420681825059,0.3141704006454243,0.002493765586034913,0.002493765586034913
0.07490514488357393,0.08636934038828242,0.6194016619356757,0.219323852792468
0.17298913179986533,0.056805054148776984,0.7138735993620531,0.05633221468930461

0.10413246369191964,0.08765946113763833,0.32302601738928416,0.48518205778115786
0.04324116267209134,0.09465987313680106,0.6206377748567076,0.24146118933439992
0.004680565618564654,0.8909707936388035,0.07004354234723137,0.03430509839540051
0.829698610347332,0.0031461846154391695,0.14514031868089466,0.022014886356334095

Transition Gammas
1.0,1.0,100.50158124867531,456.49841875132466
273.01766934118484,125.98233065881512,1.0,1.0
14.733319934602253,16.988247288741032,121.83198987876035,43.139473229824176
20.96616477606489,6.8847338153845445,86.52099330045303,6.82742599542628

14.801894948220022,12.460342231176675,45.91648949249916,68.96613789226218
2.623722210211126,5.743629361869345,37.65812512341496,14.651018756476436
1.6433139282832534,312.8136285650934,24.591798963134917,12.0442806699881
379.40429110068834,1.438686203406907,66.36971429444785,10.066959553169042

Iteration: ,5000
Error:,0.055678048603870794
Absolute Error:,0.15584174127513306
Transition Probabilities
0.0008865248226950349,0.0008865248226950349,0.18477723144208671,0.8134497189125232
0.7058134852530508,0.2916484436809593,0.0012690355329949242,0.0012690355329949242
0.07179597745187852,0.08480369308377014,0.6373056620132757,0.20609466745107563
0.160527646357338,0.053567187962387505,0.7353801453553627,0.05052502032491184

0.10035046074981577,0.08902700205198318,0.2837907468295524,0.5268317903686487
0.03666423559782145,0.06693473499036318,0.6628144099388799,0.23358661947293546
0.0024507196493272713,0.8984953523325659,0.07407433940779616,0.0249795886103106
0.8258409603944015,0.0016230816852562157,0.15767472077539071,0.014861237144951621

Transition Gammas
1.0,1.0,208.42871706667395,917.5712829333266
556.1810263794039,229.81897362059587,1.0,1.0
30.62327352717574,36.17147898236472,271.8311847113061,87.90594679314418
39.924719755765366,13.322658221388465,182.8958866805485,12.566042815055855

27.327037016844653,24.24347793119341,77.28076369259126,143.46473079926577
4.211432553331454,7.688449446462183,76.13408918307408,26.83089602799246
1.7002845630763386,623.3670089462312,51.39202921465374,17.330586514768193
757.6321495800389,1.4890262473265854,144.65186805270687,13.63380067533975

Iteration: ,7500
Error:,0.05513819207082067
Absolute Error:,0.15146936963098845
Transition Probabilities
0.0005896226415094344,0.0005896226415094344,0.19265460270743756,0.8061661520095436
0.7210394087753583,0.2772108099473014,0.0008748906386701663,0.0008748906386701663
0.07094448056362532,0.0911768192836968,0.6361596214522286,0.2017190787004493
0.1633308283389779,0.05049555381692308,0.7272056373084035,0.05896798053569544

0.08910176223824869,0.07457776409412649,0.26613304887577305,0.5701874247918517
0.048925841422635,0.06617458255901351,0.6431716063112634,0.2417279697070881
0.0016761879235697985,0.8973393048529968,0.07781391427439198,0.02317059294904136
0.8263200934466142,0.0010834584866109978,0.1588744869397801,0.013721961126994753

Transition Gammas
1.0,1.0,326.74220619181386,1367.257793808185
824.1480442302345,316.8519557697655,1.0,1.0
45.80964106263519,58.873887460110936,410.77535117242496,130.25225524719573
60.46569690560842,18.693647018296975,269.2143063297397,21.83017177141373

37.03700410656621,30.99980163834501,110.62374723576207,237.01028423052773
8.292503628206596,11.216014891300407,109.01198065912321,40.97078369116547
1.7337874560314455,928.1749430843682,80.48786569606204,23.966813529059362
1163.352932049772,1.525370878851255,223.67494349359842,19.318765012693824

Iteration: ,10000
Error:,0.05149985512574933
Absolute Error:,0.14671555960325264
Transition Probabilities
0.0004432624113475179,0.0004432624113475179,0.18260386508293808,0.8165096100943668
0.7240597945251017,0.27461657873763823,0.0006618133686300463,0.0006618133686300463
0.07339182258366193,0.08856947345032413,0.6474853456573573,0.1905533583086567
0.16126022971102644,0.04398787344898735,0.7344262401286485,0.06032565671133762

0.09792550021286833,0.07554086209417206,0.2527201414005963,0.5738134962923633
0.056537754702691505,0.06118203301601435,0.6544558880133259,0.2278243242679683
0.00127919241981812,0.8943667262527594,0.08039044188395893,0.023963639443463566
0.8212986425105174,0.0008249304927858274,0.16547602679636103,0.012400400200335678

Transition Gammas
1.0,1.0,411.95431962710813,1842.045680372891
1094.0543495274287,414.94565047257134,1.0,1.0
64.79588040904724,78.1958644375873,571.6492866218092,168.23499106368672
81.71658217090561,22.290298616459115,372.16120991199574,30.5692636832998

54.66474662158032,42.16901702801833,141.07543454772306,320.3187046752833
12.199768461283163,13.201915086847693,141.21909056827025,49.160141228339114
1.7540419314883369,1226.3649437496995,110.23220883015337,32.85919128638939
1542.2372199848076,1.5490571200577867,310.73141282743967,23.285511191405437

Iteration: ,12500
Error:,0.05269884715156692
Absolute Error:,0.14529186247549758
Transition Probabilities
0.00035398230088495587,0.00035398230088495587,0.18603903844377145,0.8132529969544586
0.7263859769809353,0.27257989685567274,0.0005170630816959672,0.0005170630816959672
0.07284539627312461,0.08913920218586342,0.6537841224624145,0.18423127907859743
0.16177974625234862,0.048914248114627946,0.7333730904774317,0.05593291515559178

0.10624870927839832,0.08139666786853668,0.2514522631803715,0.5609023596726934
0.06433777569476368,0.06933139648637417,0.6571841313575361,0.20914669646132608
0.0010304691855341182,0.8999864084870107,0.075937160080083,0.023045962247372126
0.822534021303861,0.0006764543104275198,0.16594464132230058,0.01084488306341099

Transition Gammas
1.0,1.0,525.5602836036542,2297.439716396345
1404.8304794811281,527.1695205188707,1.0,1.0
80.33360224761908,98.30234413469947,720.9904309228281,203.16949391804476
102.60152846134446,31.021662082903692,465.1089011972782,35.47293600838555

75.54151392916621,57.87202085878809,178.77943902159325,398.7946178724225
16.41957305319906,17.693989529404583,167.71924017737624,53.3760986340951
1.7656901471694062,1542.1102895262472,130.1169382255042,39.488835807478665
1906.1306218365876,1.567607225942225,384.5581509840966,25.131803867074446

Iteration: ,15000
Error:,0.049052430694082695
Absolute Error:,0.14301488633604878
Transition Probabilities
0.00029481132075471713,0.00029481132075471713,0.18974141035783276,0.8096689670006578
0.7289660872011448,0.27017258635613345,0.0004306632213608959,0.0004306632213608959
0.0733136635094647,0.08570843082739382,0.6570022692552218,0.18397563640791983
0.15876824600178915,0.049548034683934004,0.7339469626815266,0.05773675663275029

0.10948371701946219,0.08338851246061527,0.2448188932849052,0.5623088772350173
0.06647186585946208,0.0695588411432649,0.6539073536455565,0.21006193935171646
0.0008572961440826863,0.8921684880891091,0.08126928957604135,0.025704926190766697
0.825705161427648,0.0005726606380619521,0.16379043543654054,0.009931742497749514

Transition Gammas
1.0,1.0,643.6028639337684,2746.39713606623
1692.6592544810578,627.3407455189417,1.0,1.0
97.58838537549873,114.08715616064096,874.5408096592867,244.8913946738031
123.31038102436153,38.48242447558016,570.0338820831466,44.84235128109333

93.52275504443301,71.23181087272954,209.12824308717325,480.33330267378795
19.411024935950522,20.312479309703892,190.95314661772053,61.34200522475437
1.7737081908266206,1845.857543911253,168.14260227184917,53.182366961350944
2280.287132784596,1.5814733217448935,452.3275859791949,27.427737746717003

Iteration: ,17500
Error:,0.047652783961266376
Absolute Error:,0.13852849876391785
Transition Probabilities
0.0002527167045741725,0.0002527167045741725,0.18860207422741504,0.8108924923634365
0.735281368306528,0.2639765166656427,0.00037105751391465665,0.00037105751391465665
0.07174625204987028,0.08559010930273833,0.6621701677480174,0.18049347089937412
0.16074704328359313,0.04888380721194137,0.7345677032779679,0.05580144622649757

0.10469092174049081,0.08432406950701717,0.23836934785473526,0.5726156608977568
0.07900864900546006,0.07184993713434559,0.655666985565662,0.19347442829453237
0.0007379759933708544,0.8905032937680017,0.08293187295299059,0.02582685728563664
0.8274998193762904,0.0004965042195748665,0.16239773616140857,0.00960594024272618

Transition Gammas
1.0,1.0,746.298407717881,3208.701592282117
1981.5832875860938,711.4167124139072,1.0,1.0
112.03241416315576,133.64972106151276,1033.9846383622535,281.8421688632409
147.64282429905592,44.898762750669086,674.6851956679164,51.2524706679497

104.97282449166156,84.55113014215863,239.01120842715045,574.1575513261424
26.887252450427123,24.451087603649114,223.1285306890416,65.8408397275298
1.7834980181541822,2152.1172421077395,200.42498994834463,62.41686612824041
2659.9282821127854,1.5959708810945072,522.013807437935,30.87748363156297

Iteration: ,20000
Error:,0.04817191008906836
Absolute Error:,0.13671259139569264
Transition Probabilities
0.00022232103156958667,0.00022232103156958667,0.18727403079534982,0.8122813271415109
0.7356708780440256,0.26367744388494146,0.0003258390355164547,0.0003258390355164547
0.07124633107425969,0.08542872518470045,0.6683476000860832,0.1749773436549566
0.15867213869853464,0.05051748455886713,0.7329948658098149,0.0578155109327833

0.10334832659570271,0.08182550502654633,0.23641281275577863,0.5784133556219724
0.08830663033531032,0.06968362467766698,0.6541666516939785,0.18784309329304416
0.0006468657455447749,0.8883792143952843,0.08331522949226963,0.027658690366901238
0.8253637047920139,0.0004380447667455604,0.16506927297174612,0.009128977469494327

Transition Gammas
1.0,1.0,842.3585905174829,3653.641409482513
2257.7739247171157,809.2260752828856,1.0,1.0
128.18656270706276,153.70355880443944,1202.4925390088213,314.8196390823684
166.6862311662887,53.06898349128076,770.0164165443742,60.73561306593776

118.80361689157955,94.06215147694553,271.7673150603884,664.9125435296897
35.21297184692443,27.786900084955132,260.8541601217235,74.90392885167402
1.793925358538918,2463.704426581467,231.05459512746233,76.70467384445197
3026.7485040085,1.606384354846307,605.336983107229,33.47750662949507

Iteration: ,22500
Error:,0.04861786307085069
Absolute Error:,0.1381690768351798
Transition Probabilities
0.0001973943939992105,0.0001973943939992105,0.19008227079876086,0.8095229404132407
0.7384786403658727,0.26094548862923234,0.0002879355024474517,0.0002879355024474517
0.0705287842369808,0.0839861074232431,0.6700115115781768,0.17547359676159927
0.16023897680278865,0.05124583647517806,0.7276131981637152,0.06090198855831801

0.10241958253218099,0.08675095865789735,0.23447757031712052,0.5763518884928012
0.09037382966620278,0.06916568366588022,0.644645861306917,0.19581462536099994
0.0005752379470943334,0.8910717117568555,0.081894048029932,0.02645900226611806
0.8228477043314005,0.0003932424196154548,0.16801391789658238,0.008745135352401682

Transition Gammas
1.0,1.0,962.9567838665222,4101.043216133476
2564.7363179906765,906.2636820093239,1.0,1.0
142.4582952197525,169.6402088182428,1353.3296901350716,354.4321615801869
190.33746778424364,60.87159905654785,864.2844358356291,72.34151463337037

131.63914692881275,111.50037825426713,301.37232126276234,740.7809039659335
40.18296789874228,30.753177736364087,286.62926033597296,87.06516957450422
1.8005270731949856,2789.1044902037925,256.3329685676009,82.8181627281632
3381.6161852519663,1.6160887657574294,690.478421603341,35.93944674601697

Iteration: ,25000
Error:,0.047299065317600114
Absolute Error:,0.1371026049464097
Transition Probabilities
0.00017803097739006594,0.00017803097739006594,0.19056046478219849,0.8090834732630213
0.7408358076812949,0.2586460576036792,0.00025906735751295336,0.00025906735751295336
0.06993126922103855,0.08300631564537986,0.6736725130877823,0.17338990204579924
0.15913294418485271,0.051699243275705103,0.7303687855291572,0.05879902701028506

0.10453318069168856,0.08678422511374335,0.23152918105262515,0.577153413141943
0.0877570501025885,0.07384093295569188,0.6415121135767364,0.1968899033649831
0.0005187248167720691,0.8907940880525987,0.08265033464952702,0.026036852481102206
0.8203327630947798,0.00035594347085480724,0.17072093955205278,0.00859035388231268

Transition Gammas
1.0,1.0,1070.3781306816086,4544.621869318389
2859.626217649798,998.3737823502017,1.0,1.0
158.57777423551116,188.22705392246192,1527.6354752183524,393.1829787677319
209.08906457360825,67.929029221779,959.6512333904892,77.25762643552643

149.9729752793876,124.5086809901221,332.1731905286132,828.0377004584249
42.94437476943359,36.134449533876456,313.92733224698736,96.3491114222628
1.8065215662470255,3102.297555698942,287.83973153825787,90.67647045884732
3743.2190596129676,1.6241877006374876,779.0081093377506,39.19821056492154

Iteration: ,27500
Error:,0.0483200521163331
Absolute Error:,0.13628239810535972
Transition Probabilities
0.0001607458607940847,0.0001607458607940847,0.18984361459805962,0.8098348936803523
0.7403754426640905,0.2591523023182,0.00023612750885478154,0.00023612750885478154
0.07220119367607795,0.08341975038332632,0.6743915944463953,0.16998746149420052
0.15492206344986603,0.049525502858960804,0.734153011032439,0.061399422658734173

0.1056346416261032,0.08736748016359117,0.22989836244404743,0.5770995157662582
0.08823812603906293,0.07498996583190484,0.6406358770622919,0.1961360310667403
0.00047504121626704436,0.8910231501595925,0.08264136541445348,0.02586044320968697
0.8231048840310735,0.00032318763487122336,0.1683630900553286,0.008208838278726734

Transition Gammas
1.0,1.0,1181.0171264145279,5037.982873585467
3135.489999682424,1097.5100003175774,1.0,1.0
179.79428726852922,207.73056234467924,1679.359438395966,423.30012743352387
222.49612194310353,71.12758556154122,1054.376595754744,88.18068341527558

165.75367901755433,137.09026736575723,360.7386628913935,905.5397587856152
46.76195113236079,39.741065172854384,339.5061173846992,103.94263695012974
1.8109668557717837,3396.7860838359225,315.04797595745475,98.58598354123603
4159.66249900525,1.6332687498246914,850.8437326844429,41.48438116560773

Iteration: ,30000
Error:,0.04832213799259901
Absolute Error:,0.13493633845510372
Transition Probabilities
0.00014766686355581805,0.00014766686355581805,0.18898114624212306,0.8107235200307653
0.7415949145656155,0.2579706805690499,0.00021720243266724575,0.00021720243266724575
0.07383676973567502,0.08452413913928399,0.6734351564734968,0.16820393465154423
0.15233727262104094,0.050177463365778746,0.736910219802248,0.06057504421093232

0.10564679176169076,0.08913988888623443,0.22623356071422504,0.5789797586378497
0.08792390727420314,0.07421457164134838,0.645481601892428,0.19237991919202055
0.0004372547329279515,0.8891466810248374,0.0843661583021298,0.026049905940104815
0.8216245938595752,0.00029766157970470233,0.17028851337210593,0.00778923118861419

Transition Gammas
1.0,1.0,1279.7803223516576,5490.219677648343
3414.302986660096,1187.6970133399066,1.0,1.0
202.54877415584096,231.86632934414348,1847.3650175306755,461.4164581389918
238.0948690733628,78.42464529497177,1151.7505813505377,94.67549846709697

181.5581479413422,153.19038906915833,388.7912316173542,994.9993835206172
51.21856841699787,43.2324294153139,376.01426748855016,112.06763164498285
1.817157598708508,3695.145017577118,350.61165514661474,108.25905578591706
4529.447176278198,1.6409469869281947,938.7655041126037,42.94042738778644

Iteration: ,32500
Error:,0.04953203639233506
Absolute Error:,0.13482183049150703
Transition Probabilities
0.0001366867140513942,0.0001366867140513942,0.1889046718777159,0.8108219546941813
0.7393562548720674,0.260243825111936,0.0001999600079984003,0.0001999600079984003
0.07464703310875953,0.08555684289657191,0.6731831400209622,0.1666129839737064
0.15096529229174868,0.04939044194911622,0.7383826976676034,0.061261568091531764

0.10481937244593008,0.08771978414437255,0.22386708610152237,0.5835937573081751
0.08956766996499521,0.07429516412847516,0.6422951738698008,0.19384199203672883
0.0004052222106109122,0.8901388577349524,0.08359540365305548,0.025860516401381015
0.8225532203470544,0.0002763788563707012,0.1693656866575849,0.007804714138990244

Transition Gammas
1.0,1.0,1382.0265794573695,5931.97342054263
3697.5206306152086,1301.4793693847919,1.0,1.0
221.21273503985282,253.54340863019183,1994.944438981038,493.7492133716129
257.36555048490465,84.20079932254595,1258.794432607066,104.43868889397234

197.24828965671463,165.07041578081405,421.2713624739155,1098.2022482795635
56.55214690320969,46.90923675511097,405.53886287433164,122.38992946848037
1.8219042836697248,4002.1197148183014,375.85013857209384,116.27049153736215
4908.2545579775715,1.6491793454261452,1010.6214199141444,46.57148352084504

Iteration: ,35000
Error:,0.05008533570075034
Absolute Error:,0.1351292466369444
Transition Probabilities
0.00012666244458518056,0.00012666244458518056,0.18875634785455736,0.8109903272562722
0.7415643427095789,0.25806300962878514,0.0001863238308179616,0.0001863238308179616
0.07455528135807261,0.0855885793101438,0.6728219793086375,0.167034160023146
0.1503191169513164,0.05256237297590944,0.734881780128711,0.06223672994406327

0.10857023725247947,0.08618980007890253,0.2220521284570365,0.5831878342115815
0.09208060041796193,0.07461860822190478,0.6383977684880411,0.1949030228720922
0.00037825567584804954,0.8897506542748332,0.08460283335821343,0.025268256691105398
0.8218865538637483,0.00025682954383446285,0.17024660149606655,0.00761001509635058

Transition Gammas
1.0,1.0,1490.2313663117297,6402.768633688266
3979.97582732231,1385.0241726776899,1.0,1.0
237.9752538984162,273.1927708020221,2147.600792831978,533.161379276491
275.54625440421944,96.35078551452716,1347.093610255526,114.08460993026993

221.03959252860784,175.4749623072018,452.07888677734763,1187.3198816172373
61.72723002927095,50.021394009927455,427.9568739426643,130.65535706345233
1.8255598955623569,4294.167186924126,408.3151939053607,121.95115365456599
5302.898600192654,1.657091264098807,1098.4490018931656,49.10061882892477

Iteration: ,37500
Error:,0.050991893852435036
Absolute Error:,0.13470449336057538
Transition Probabilities
0.00011827321111768194,0.00011827321111768194,0.1888492386542914,0.8109142149234734
0.7409861261116283,0.2586666516661495,0.0001736111111111112,0.0001736111111111112
0.07476769821394827,0.08784332623674976,0.6713995064428923,0.16598946910640983
0.14821102619083834,0.0527844159109443,0.7376274947505422,0.061377063147675145

0.10844125635451689,0.08516143781494748,0.22022047139141251,0.5861768344391233
0.0945632121687589,0.07603375405641381,0.6367964099140009,0.1926066238608264
0.00035508758552759963,0.8905893167309884,0.08346213872648893,0.02559345695699487
0.8213751963762881,0.00024036900744071185,0.17074236668246337,0.007642067933807732

Transition Gammas
1.0,1.0,1596.7203128220324,6856.279687177961
4268.080086402977,1489.9199135970205,1.0,1.0
256.43675373810566,301.2832808260385,2302.7525790738096,569.3073563740987
290.7136250583189,103.53581167637299,1446.844870134714,120.39015572376468

237.8414770156664,186.78243719777097,483.0040147597219,1285.646891065014
67.4771768362507,54.25516911198602,454.39683123044847,137.4377088089644
1.8291298471391642,4587.610401404217,429.9307981264934,131.8372083945248
5687.6459330803045,1.664444962107674,1182.3124581194788,52.917810028600634

Iteration: ,40000
Error:,0.049033200981493
Absolute Error:,0.13349999949156055
Transition Probabilities
0.00011086474501108664,0.00011086474501108664,0.1882335757820229,0.8115446947279549
0.7428324664638623,0.2568411627789576,0.00016318537859007833,0.00016318537859007833
0.07431881542438099,0.08805005857683937,0.6735616711582766,0.16406945484050295
0.1474753551065812,0.05207847061389626,0.7394236787471553,0.06102249553236729

0.10762161208562926,0.08422341569555007,0.21864287000890356,0.5895121022099171
0.09177081163192916,0.07688556558775018,0.6381938288799974,0.19314979390032339
0.00033372606661994595,0.8906987324191876,0.08359711865968987,0.02537042285450267
0.8211399459505646,0.00022585828499647377,0.17094139376784792,0.007692801996590991

Transition Gammas
1.0,1.0,1697.8668535538443,7320.133146446143
4552.077354490548,1573.922645509452,1.0,1.0
272.93284724139073,323.3602829905193,2473.628026121475,602.538444662437
308.80698218245226,109.05005338235763,1548.3210372548974,127.77845272502474

251.71873935689192,196.99214323557092,511.38899094193215,1378.8238284875708
69.74023043165784,58.42834955479976,484.98846086992387,146.78208566425215
1.8329030873047598,4891.929698643417,459.13529750022235,139.3404082792312
6074.2984846656855,1.670763485650552,1264.5214183663536,56.90671333329462

Iteration: ,42500
Error:,0.04977165244823663
Absolute Error:,0.13318087202938056
Transition Probabilities
0.00010432968179447062,0.00010432968179447062,0.18752563540586306,0.812265705230548
0.7434468710776757,0.2562463334015389,0.00015339776039269826,0.00015339776039269826
0.07422863263471793,0.08891328015742937,0.6755704585300635,0.1612876286777892
0.1456855971157004,0.05082927446826447,0.7406382396402921,0.06284688877574315

0.10710753676605357,0.08489310917297892,0.21743648792187198,0.5905628661390955
0.09609335721319001,0.07664279164972254,0.636387006432172,0.1908768447049154
0.00031459677775788034,0.8912403552660966,0.08365953870114268,0.02478550925500297
0.8205121024744675,0.00021331134701350757,0.1717034640254591,0.007571122153059936

Transition Gammas
1.0,1.0,1797.4332153651958,7785.566784634795
4846.530152555368,1670.469847444632,1.0,1.0
290.0288248451554,347.40521604497565,2639.6135727271253,630.1889142654385
325.03444857660054,113.40355893397056,1652.4141478792956,140.21567157222557

265.77808831916354,210.65490766299993,539.5498378133165,1465.4306721437088
77.44082731257973,61.76578033102063,512.8589290490393,153.82604164790783
1.8359416165852749,5201.150724666903,488.2250537351757,144.6446726308836
6445.460824429631,1.675648569272214,1348.8014953800118,59.47428573856736

Iteration: ,45000
Error:,0.04997054314242309
Absolute Error:,0.13299217945918718
Transition Probabilities
9.837678307919343e-05,9.837678307919343e-05,0.18763860094654294,0.8121646454872986
0.7435793569328254,0.25613108175256627,0.00014478065730418415,0.00014478065730418415
0.07311471374789413,0.08844040665737467,0.6772037181054619,0.16124116148926942
0.14664816553786206,0.051776858513951696,0.7383082585191154,0.06326671742907095

0.10630692287528144,0.08435974523686691,0.2142234429877708,0.5951098889000808
0.09636481723700871,0.07580517525027636,0.6354237107091015,0.19240629680361337
0.0002982105641524112,0.892166446406181,0.08326541203906268,0.024269930990603775
0.8205685127908999,0.00020135432396854643,0.17194385613162777,0.007286276753503718

Transition Gammas
1.0,1.0,1907.3463786216066,8255.65362137838
5135.902618335025,1769.0973816649753,1.0,1.0
301.14292759163425,364.2659816740863,2789.2485628734667,664.1157836790766
345.66413996544236,122.04314457460227,1740.2651323620103,149.12587135575356

280.57850580316347,222.65277395212152,565.4052616313091,1570.6883324255866
81.27931123933186,63.93819455461011,535.9508068650327,162.28590195781706
1.838716937010619,5500.950512273654,513.4007368871896,149.64437393202002
6854.48223299828,1.6819797672781083,1436.3043287133617,60.864697795595816

Iteration: ,47500
Error:,0.04843130415594343
Absolute Error:,0.1330278149417671
Transition Probabilities
9.311853990129456e-05,9.311853990129456e-05,0.1884601343026721,0.8113536286175252
0.7419557313265165,0.2577710446297677,0.00013661202185792347,0.00013661202185792347
0.07396288293792,0.08957113961807109,0.6771181781120226,0.15934779933198645
0.14586363241829606,0.051455046820544616,0.7396680754469737,0.0630132453141856

0.10665545092362028,0.08327124469359058,0.21255623952914343,0.5975170648536458
0.09566865488981696,0.07315008318025144,0.6358160448184242,0.19536521711150726
0.0002828274908524845,0.8916365737091246,0.08408766760739653,0.02399293119262639
0.8206319975398724,0.0001914159335815686,0.1719200059720034,0.007256580554542481

Transition Gammas
1.0,1.0,2023.8733822763913,8713.126617723585
5431.115953310102,1886.8840466898998,1.0,1.0
321.46410429077457,389.30210700135916,2942.9516533107685,692.5716730911904
363.105177127772,128.08945986147071,1841.2904100778667,156.8618251298475

296.92004470530117,231.82032875931827,591.7391712926219,1663.438596641233
84.01844486818986,64.24210978885246,558.3884854387495,171.5742919344867
1.8410028812560275,5803.910702895277,547.3500396892421,156.17666911467697
7230.376711990663,1.6865163832523842,1514.7427972973633,63.93585822578039

Iteration: ,50000
Error:,0.04917349512003277
Absolute Error:,0.13219592514380435
Transition Probabilities
8.864462370357245e-05,8.864462370357245e-05,0.18852479736111108,0.8112979133914818
0.7411479549414717,0.25859294413872,0.00012955045990413258,0.00012955045990413258
0.07511959199094186,0.08838589929485963,0.67773708341923,0.15875742529496847
0.1440881568122192,0.051216952451039285,0.7409927257436877,0.06370216499305381

0.10377314083275889,0.083318953213555,0.21378512305358766,0.5991227829000983
0.09585940362998649,0.0721077664301226,0.639239152473604,0.1927936774662871
0.00026852758257031085,0.8916092342750691,0.08405883363743477,0.02406340450492584
0.8203473760439588,0.00018276961757925192,0.1723601425846585,0.007109711753803383

Transition Gammas
1.0,1.0,2126.7482390306923,9152.251760969299
5720.921064193223,1996.0789358067811,1.0,1.0
343.7865928349802,404.50016257941724,3101.6798224184886,726.5571188937284
377.34827323748385,134.13058363341506,1940.5642471040678,166.82774277517615

304.3113932437466,244.33014682372868,626.917987922034,1756.908264752504
89.02275137489731,66.96507092706263,593.6488856055878,179.0437136661314
1.843784287580489,6122.034396178271,577.1710868937016,165.22595819466198
7598.144015673421,1.6928314962785933,1596.4178397640953,65.85090096323954

Iteration: ,52500
Error:,0.050126866976061855
Absolute Error:,0.1319342033654649
Transition Probabilities
8.424599831508006e-05,8.424599831508006e-05,0.18832544635025072,0.8115060616531191
0.7420672933274238,0.2576851206364286,0.00012379301807378064,0.00012379301807378064
0.07554788699361392,0.08866803630525935,0.6747420763691794,0.16104200033194724
0.14402087984133954,0.05058443653010209,0.7414756536843903,0.06391902994416807

0.10347019981022083,0.08316909303204155,0.21191812598680876,0.6014425811709289
0.0953436372959287,0.07395576781860455,0.6385605446193495,0.1921400502661172
0.00025697358684515447,0.8908856142305072,0.08441851447051732,0.02443889771213027
0.8216028442281049,0.00017384841753042882,0.17111376218383634,0.0071095451705284664

Transition Gammas
1.0,1.0,2235.4230481774753,9632.57695182252
5994.419595498929,2081.58040450107,1.0,1.0
362.7198648259855,425.71221278164774,3239.5658498525795,773.1934659754003
397.3163597166477,139.54937785825877,2045.5395624922576,176.33607239459872

319.5164008511082,256.82649996220374,654.4040411114416,1857.2571542995413
91.49548348080863,70.97084739651102,612.7876743402855,184.3851073203807
1.8454268308379276,6397.794558937201,606.2420404212453,175.50518754771883
8026.668572352743,1.6984162593250878,1671.6999787268476,69.45687102339146

Iteration: ,55000
Error:,0.04709932533007649
Absolute Error:,0.13120449394336378
Transition Probabilities
8.040524242180583e-05,8.040524242180583e-05,0.18853805351153305,0.8113011360036234
0.7427888306329904,0.2569747627476241,0.00011820330969267135,0.00011820330969267135
0.07694649615126237,0.08858641986278774,0.6746767457424828,0.15979033824346703
0.14192015330721072,0.04986934036562744,0.7444983526914337,0.06371215363572812

0.10325244904002345,0.0836750224243953,0.21018250276881545,0.6028900257667659
0.0938650186520165,0.07548378242358499,0.6367788557224612,0.1938723432019373
0.00024549075850920077,0.8896372312378191,0.08515795324906465,0.024959324754607076
0.8206217966242815,0.0001663580471078689,0.17226077067231088,0.006951074656299818

Transition Gammas
1.0,1.0,2344.8477715229387,10090.152228477073
6283.993507155102,2174.006492844901,1.0,1.0
389.4735008654075,448.3903075361383,3414.9536010093466,808.7970934740181
410.4771023589742,144.23760017736765,2153.3201550472277,184.27530974288135

332.9798697651123,269.84442818075814,677.8196841775331,1944.266156676697
93.80034522891613,75.43177375552095,636.3401122059847,193.73876427914558
1.8478151100499693,6696.3218017946265,640.9860546691536,187.86946481522503
8394.943069387346,1.7018391911474295,1762.223924384669,71.1093420266721

Iteration: ,55019
Error:,0.047576098896685355
Absolute Error:,0.13116226775766143
Transition Probabilities
8.037939072421824e-05,8.037939072421824e-05,0.18864231901067693,0.8111969222078746
0.7428851309819333,0.25687857412203635,0.00011814744801512282,0.00011814744801512282
0.07694649615126237,0.08858641986278774,0.6746767457424828,0.15979033824346703
0.14184888972960757,0.04984429904820813,0.7446240630234038,0.06368274819878039

0.10320311325965252,0.08387122108784481,0.21012629413852008,0.6027993715139826
0.09377505403210284,0.07541143523937402,0.6371269838393977,0.19368652688912544
0.0002453656154946653,0.8896955989569264,0.08511291201065115,0.02494612341692785
0.8206568588967585,0.00016632552982836287,0.1722270996132593,0.00694971596015379

*,*,*,*,*,*,*,*,*,*,*
Model Num 2
Model States: 
"['diamond', 'x', 'square']","['diamond', 'x', 'diamond']","['square', 'y', 'diamond', 'x', 'diamond']","['square', 'y', 'diamond', 'x', 'square']"
Iteration: ,55019
Error:,0.0478703741877269
Absolute Error:,0.13116226775766143
Transition Probabilities
8.037939072421824e-05,8.037939072421824e-05,0.18864231901067693,0.8111969222078746
0.7428851309819333,0.25687857412203635,0.00011814744801512282,0.00011814744801512282
0.07694649615126237,0.08858641986278774,0.6746767457424828,0.15979033824346703
0.14184888972960757,0.04984429904820813,0.7446240630234038,0.06368274819878039

0.10320311325965252,0.08387122108784481,0.21012629413852008,0.6027993715139826
0.09377505403210284,0.07541143523937402,0.6371269838393977,0.19368652688912544
0.0002453656154946653,0.8896955989569264,0.08511291201065115,0.02494612341692785
0.8206568588967585,0.00016632552982836287,0.1722270996132593,0.00694971596015379

Transition Gammas
1.0,1.0,2346.899090811834,10092.100909188177
6287.7797486310865,2174.2202513689167,1.0,1.0
389.4735008654075,448.3903075361383,3414.9536010093466,808.7970934740181
410.4771023589742,144.23760017736765,2154.765739226055,184.2827955912819

332.9798697651123,270.6064516155424,677.9623583683514,1944.903112721207
93.80034522891613,75.43177375552095,637.2988174268016,193.73876427914558
1.84785050954093,6700.305022586278,640.9860546691536,187.86946481522503
8396.943069387346,1.7018391911474295,1762.223924384669,71.1093420266721

