0,1,2,3,4,5,6,7,8,9,10,11,12,13,14,15,16,17,18,19,20,21,22,23,24,25,26,27,28,29
github Code Version (SHA):,3130f818d955eaa9876b4af7408e9fb46046852d
Environment Observations,Environment Actions,alpha,epsilon,numActions,explore,patience,gainThresh,insertRandActions,useBudd,revisedSplitting,haveControl,confidence_factor
"['diamond', 'square']","['x', 'y']",0.75,0.99,75000,0.5,0,0.01,False,True,False,False,250

Model Num 0
Model States: 
['diamond'],['square']
Iteration: ,0
Error:,0.40254275102543186
Absolute Error:,1
Transition Probabilities
0.5,0.5
0.5,0.5

0.5,0.5
0.5,0.5

Transition Gammas
1.0,1.0
1.0,1.0

1.0,1.0
1.0,1.0

Iteration: ,2381
Error:,0.055900332267570206
Absolute Error:,1
Transition Probabilities
0.4455252918287938,0.5544747081712063
0.1782608695652174,0.8217391304347826

0.19,0.81
0.828696925329429,0.17130307467057102


Model Num 1
Model States: 
['square'],"['diamond', 'x', 'square']","['diamond', 'x', 'diamond']"
Iteration: ,0
Error:,0.47818383513305335
Absolute Error:,1
Transition Probabilities
0.3333333333333333,0.3333333333333333,0.3333333333333333
0.3333333333333333,0.3333333333333333,0.3333333333333333
0.3333333333333333,0.3333333333333333,0.3333333333333333

0.3333333333333333,0.3333333333333333,0.3333333333333333
0.3333333333333333,0.3333333333333333,0.3333333333333333
0.3333333333333333,0.3333333333333333,0.3333333333333333

Transition Gammas
1.0,1.0,1.0
1.0,1.0,1.0
1.0,1.0,1.0

1.0,1.0,1.0
1.0,1.0,1.0
1.0,1.0,1.0

Iteration: ,2500
Error:,0.04955119885036038
Absolute Error:,1
Transition Probabilities
0.8478581979320532,0.08831152139048887,0.06383028067745795
0.9956043956043956,0.002197802197802198,0.002197802197802198
0.002695417789757413,0.7381156588639252,0.2591889233463175

0.18307905686546463,0.35199449038576763,0.46492645274876776
0.7990302596494984,0.08829617067745932,0.11267356967304222
0.8305194603206365,0.12596002938743292,0.043520510291930534

Transition Gammas
574.0,59.78689998136096,43.21310001863904
453.0,1.0,1.0
1.0,273.8409094385162,96.15909056148378

132.0,253.78802756813846,335.21197243186157
74.22424109317849,8.2020876942045,10.466575075529033
77.79992115920268,11.799459041898665,4.076836764563327

Iteration: ,5000
Error:,0.04486407693163057
Absolute Error:,1
Transition Probabilities
0.8429203539823009,0.08596647922029635,0.07111316679740277
0.9978260869565218,0.0010869565217391304,0.0010869565217391304
0.00138121546961326,0.7419146203106366,0.25670416421975023

0.17954070981210857,0.37823670990675307,0.44222258028113837
0.7747425796609002,0.08779140871667881,0.13746601162242103
0.8570827107281388,0.10308544877933694,0.03983184049252429

Transition Gammas
1143.0,116.57054582272184,96.42945417727816
918.0,1.0,1.0
1.0,537.1461851049007,185.8538148950991

258.0,543.5261521360042,635.4738478639958
143.24048167925096,16.231563879425842,25.41579388593769
154.4548768580197,18.577028911876578,7.178096047550034

Iteration: ,7500
Error:,0.04270968530085642
Absolute Error:,1
Transition Probabilities
0.8428223844282239,0.08910442129235828,0.0680731942794179
0.9985528219971056,0.000723589001447178,0.000723589001447178
0.0009157509157509155,0.7456428653829417,0.2534413837013074

0.1790065604498594,0.37920801055604514,0.4417854289940954
0.7884179141231961,0.08741691357548395,0.12416517230131988
0.8502207656693596,0.10130241595606065,0.04847681837457985

Transition Gammas
1732.0,183.10958575579627,139.89041424420378
1380.0,1.0,1.0
1.0,814.2420089981724,276.75799100182775

382.0,809.2298945266003,942.7701054733996
222.18969878119756,24.63558646725999,34.99187643830591
213.36011464515548,25.421509277299524,12.16509869397263

Iteration: ,10000
Error:,0.041317916476269013
Absolute Error:,1
Transition Probabilities
0.8279103398409255,0.09949922263183385,0.07259043752724066
0.9989124524197933,0.000543773790103317,0.000543773790103317
0.0006788866259334691,0.7449234496571633,0.25439766371690337

0.17699749193837333,0.37543009750770767,0.44757241055391894
0.8022667364175533,0.08038751430964765,0.1173457492727991
0.8412794132428992,0.10653434247663965,0.05218624428046123

Transition Gammas
2290.0,275.2148497996524,200.78515020034766
1837.0,1.0,1.0
1.0,1097.2722413450015,374.72775865499864

494.0,1047.825402144012,1249.1745978559877
310.54947476886645,31.11720729979601,45.42337248800027
274.4026363837807,34.74862688998441,17.02174424823586

Iteration: ,12500
Error:,0.044646261194881666
Absolute Error:,1
Transition Probabilities
0.8271748617980798,0.09957869157698389,0.0732464466249364
0.9991315675206253,0.0004342162396873643,0.0004342162396873643
0.000542299349240781,0.7431058106408868,0.25635189000987246

0.1817403708987161,0.3746910425203681,0.44356858658091575
0.7966386587878225,0.08088721228762853,0.12247412892454902
0.8392129804730452,0.1096383623241602,0.051148657202794684

Transition Gammas
2843.0,342.2519629500936,251.74803704990643
2301.0,1.0,1.0
1.0,1370.2871148217948,472.71288517820466

637.0,1313.2921040338902,1554.7078959661096
381.41927360757217,38.72764824372639,58.638873189009374
341.26625360455375,44.584478591613696,20.799619437085155

Iteration: ,15000
Error:,0.04343588842711967
Absolute Error:,1
Transition Probabilities
0.8244667810737926,0.09940367867229609,0.07612954025391132
0.9992740471869328,0.0003629764065335753,0.0003629764065335753
0.0004432624113475179,0.7395059785841691,0.2600507590044835

0.1791756016202049,0.37450898643026886,0.4463154119495262
0.7972097264442738,0.07941010014846595,0.1233801734072603
0.8418608808353574,0.10489356904493184,0.053245550119710834

Transition Gammas
3363.0,405.4676053042958,310.5323946957043
2753.0,1.0,1.0
1.0,1668.3254876858848,586.6745123141145

752.0,1571.8142160478385,1873.1857839521613
470.1602780737407,46.832688474826526,72.76436138915916
407.3579954486313,50.75569490673672,25.76435258733319

Iteration: ,17500
Error:,0.04137237144138509
Absolute Error:,1
Transition Probabilities
0.824984280025152,0.09731946288699335,0.07769625708785469
0.999375,0.0003125,0.0003125
0.0003819709702062646,0.74141194230811,0.2582060867216837

0.1776369582992641,0.37640624247160775,0.44595679922912823
0.8010683646379709,0.07760658165035207,0.12132505371167693
0.8410559233695577,0.10360465853002271,0.05533941810041957

Transition Gammas
3936.0,464.31115743384527,370.68884256615473
3198.0,1.0,1.0
1.0,1941.0164649626306,675.9835350373675

869.0,1841.3793381711052,2181.620661828895
547.3324596724534,53.02493906453896,82.89572151300135
483.5047401714545,59.56006266791372,31.8134267013847

Iteration: ,20000
Error:,0.038555174863624204
Absolute Error:,1
Transition Probabilities
0.8282051282051283,0.09435545412266656,0.07743941767220522
0.9994539994539995,0.000273000273000273,0.000273000273000273
0.00033355570380253505,0.7447238109810697,0.2549426333151278

0.17445817660755872,0.3759937673173894,0.44954805607505194
0.8007733637055895,0.08030448381027287,0.11892215248413764
0.8418969334397706,0.10326506204820529,0.05483800451202422

Transition Gammas
4522.0,515.1807795097594,422.81922049024047
3661.0,1.0,1.0
1.0,2232.6819853212464,764.318014678753

974.0,2099.1732029329846,2509.826797067014
614.3189086776921,61.60614862108441,91.2319643020958
556.3051497707323,68.23505767398139,36.235628259800734

Iteration: ,22404
Error:,0.040882111032450145
Absolute Error:,1
Transition Probabilities
0.8273604974635902,0.0952810150133825,0.07735848752302725
0.9995112414467253,0.00024437927663734115,0.00024437927663734115
0.0002977963073257891,0.747614254753759,0.2520879489389152

0.17540773904700996,0.3716088063894686,0.4529834545635215
0.7972676250480091,0.0820947767400932,0.12063759821189761
0.8419376610551181,0.10356123783559047,0.05450110110929134

*,*,*,*,*,*,*,*,*,*,*
Model Num 1
Model States: 
['square'],"['diamond', 'x', 'square']","['diamond', 'x', 'diamond']"
Iteration: ,22404
Error:,0.04066846364009109
Absolute Error:,1
Transition Probabilities
0.8273604974635902,0.0952810150133825,0.07735848752302725
0.9995112414467253,0.00024437927663734115,0.00024437927663734115
0.0002977963073257891,0.747614254753759,0.2520879489389152

0.17540773904700996,0.3716088063894686,0.4529834545635215
0.7972676250480091,0.0820947767400932,0.12063759821189761
0.8419376610551181,0.10356123783559047,0.05450110110929134

Transition Gammas
5056.0,582.2622827467804,472.73771725321956
4090.0,1.0,1.0
1.0,2510.4886674631234,846.5113325368774

1097.0,2324.041475159736,2832.9585248402627
682.4289978074604,70.26982465592457,103.26092852533289
631.5474525645751,77.6825161349084,40.881924113481304

