0,1,2,3,4,5,6,7,8,9,10,11,12,13,14,15,16,17,18,19,20,21,22,23,24,25,26,27,28,29
github Code Version (SHA):,3130f818d955eaa9876b4af7408e9fb46046852d
Environment Observations,Environment Actions,alpha,epsilon,numActions,explore,patience,gainThresh,insertRandActions,useBudd,revisedSplitting,haveControl,confidence_factor
"['diamond', 'square']","['x', 'y']",0.75,0.99,75000,0.5,0,0.01,False,True,False,False,250

Model Num 0
Model States: 
['diamond'],['square']
Iteration: ,0
Error:,0.40260440641071504
Absolute Error:,1
Transition Probabilities
0.5,0.5
0.5,0.5

0.5,0.5
0.5,0.5

Transition Gammas
1.0,1.0
1.0,1.0

1.0,1.0
1.0,1.0

Iteration: ,2363
Error:,0.06772817572564024
Absolute Error:,1
Transition Probabilities
0.4272030651340996,0.5727969348659003
0.18630573248407642,0.8136942675159236

0.19,0.81
0.8150208623087621,0.18497913769123783


Model Num 1
Model States: 
['square'],"['diamond', 'x', 'square']","['diamond', 'x', 'diamond']"
Iteration: ,0
Error:,0.4773320331433463
Absolute Error:,1
Transition Probabilities
0.3333333333333333,0.3333333333333333,0.3333333333333333
0.3333333333333333,0.3333333333333333,0.3333333333333333
0.3333333333333333,0.3333333333333333,0.3333333333333333

0.3333333333333333,0.3333333333333333,0.3333333333333333
0.3333333333333333,0.3333333333333333,0.3333333333333333
0.3333333333333333,0.3333333333333333,0.3333333333333333

Transition Gammas
1.0,1.0,1.0
1.0,1.0,1.0
1.0,1.0,1.0

1.0,1.0,1.0
1.0,1.0,1.0
1.0,1.0,1.0

Iteration: ,2500
Error:,0.09315689012306488
Absolute Error:,1
Transition Probabilities
0.8184357541899442,0.09317664796524402,0.08838759784481182
0.9956236323851203,0.002188183807439825,0.002188183807439825
0.0026666666666666674,0.6980770115858322,0.2992563217475011

0.19359534206695778,0.4182152711850973,0.38818938674794495
0.9389084924259219,0.036867174048559284,0.024224333525518754
0.3333333333333333,0.3333333333333333,0.3333333333333333

Transition Gammas
586.0,66.71447994311472,63.28552005688526
455.0,1.0,1.0
1.0,261.778879344687,112.22112065531289

133.0,287.31389130416187,266.6861086958382
179.35545187911646,7.042569871639633,4.627465105480064
1.0,1.0,1.0

Iteration: ,5000
Error:,0.11096459421054794
Absolute Error:,1
Transition Probabilities
0.8184438040345822,0.08989810432929232,0.09165809163612554
0.997874601487779,0.0010626992561105207,0.0010626992561105207
0.0013531799729364006,0.7363883788533362,0.26225844117372743

0.17965367965367965,0.4145099304434672,0.40583638990285326
0.9546368783388297,0.02891334757539388,0.016449774085776338
0.119907508345894,0.47409203828586927,0.4060004533682367

Transition Gammas
1136.0,124.77856880905775,127.22143119094224
939.0,1.0,1.0
1.0,544.1910119726155,193.80898802738457

249.0,574.5107635946455,562.4892364053546
360.47364527933337,10.917763637904782,6.211482253901232
1.4194187775948925,5.612118463090747,4.806076576627059

Iteration: ,7500
Error:,0.08901079197015019
Absolute Error:,1
Transition Probabilities
0.8235294117647058,0.0894493131761533,0.0870212750591408
0.9985496736765772,0.0007251631617113851,0.0007251631617113851
0.0009074410163339383,0.7340588882378981,0.2650336707457679

0.1849738468854018,0.4049221872542761,0.4101039658603221
0.9665195437678993,0.021633832974090845,0.011846623258009779
0.28258920617932376,0.39952731609332076,0.31788347772735553

Transition Gammas
1708.0,185.51787552734194,180.48212447265803
1377.0,1.0,1.0
1.0,808.9328948381637,292.0671051618362

389.0,851.5513597957427,862.4486402042573
562.4622400954767,12.589723854958704,6.894095725463653
6.74138671078,9.531036856361638,7.583359185233168

Iteration: ,10000
Error:,0.06347098627832415
Absolute Error:,1
Transition Probabilities
0.8273873873873874,0.08687548869858536,0.08573712391402724
0.9989124524197933,0.000543773790103317,0.000543773790103317
0.000687757909215956,0.7504515076052355,0.24886073448554863

0.18567355666429075,0.3977925657786247,0.4165338775570845
0.9653297719782964,0.02319796671494293,0.011472261306760621
0.49221631985247216,0.24232586335242493,0.265457816795103

Transition Gammas
2296.0,241.07948113857438,237.9205188614256
1837.0,1.0,1.0
1.0,1091.1564920580124,361.8435079419877

521.0,1116.2059395748213,1168.7940604251794
642.4494054064655,15.438786159170839,7.6350566087810146
46.801030021417176,23.040885781929877,25.240323719804994

Iteration: ,12500
Error:,0.06017774634691803
Absolute Error:,1
Transition Probabilities
0.8226544622425629,0.09067157366302199,0.08667396409441509
0.9991349480968859,0.00043252595155709344,0.00043252595155709344
0.0005530973451327434,0.7490238152002263,0.250423087454641

0.18814432989690716,0.3972171011289548,0.4146385689741379
0.9648311128622543,0.023393525138329405,0.01177536199941625
0.5510199962107498,0.22765739951729028,0.22132260427195985

Transition Gammas
2876.0,316.98782152592486,303.01217847407514
2310.0,1.0,1.0
1.0,1354.2350578820092,452.76494211799087

657.0,1387.0821171423106,1447.91788285769
719.7069545794712,17.450186369134062,8.783723711530664
90.02127230199733,37.19285850684844,36.157929953113744

Iteration: ,15000
Error:,0.057515864730776835
Absolute Error:,1
Transition Probabilities
0.8224121557454891,0.0892916315169793,0.08829621273753162
0.9992753623188406,0.00036231884057971015,0.00036231884057971015
0.00046168051708217906,0.7493253026700625,0.25021301681285546

0.19164677804295938,0.3947161351402368,0.4136370868168038
0.9624931266082214,0.024978987854667234,0.012527885537111412
0.608276304195005,0.20647815522755203,0.18524554057744297

Transition Gammas
3464.0,376.0963519495168,371.9036480504832
2758.0,1.0,1.0
1.0,1623.0386055833555,541.961394416645

803.0,1653.8606062375925,1733.1393937624082
799.5294208427496,20.74969175422429,10.40673724410718
139.58170954773988,47.3807276268415,42.508460483453824

Iteration: ,17500
Error:,0.05383907371235525
Absolute Error:,1
Transition Probabilities
0.8233612415764754,0.088363934059425,0.0882748243640996
0.9993802293151534,0.0003098853424233034,0.0003098853424233034
0.000392310710082385,0.7445038457450395,0.2551038435448781

0.18685831622176588,0.39693331061762577,0.4162083731606083
0.9602786020295403,0.026322917503691905,0.013398480466767771
0.6086903309981805,0.21655224937420078,0.1747574196276188

Transition Gammas
4032.0,432.71818508900424,432.28181491099576
3225.0,1.0,1.0
1.0,1897.7403028041067,650.2596971958945

910.0,1933.0652227078378,2026.9347772921628
878.6980282277633,24.086651164371805,12.260211091358746
187.84857583550232,66.830421919483,53.93207468878552

Iteration: ,20000
Error:,0.05380743024558319
Absolute Error:,1
Transition Probabilities
0.8244480344641896,0.08736632755145246,0.08818563798435798
0.9994582881906826,0.00027085590465872155,0.00027085590465872155
0.0003437607425232038,0.7437070976984111,0.2559491415590657

0.18652571223795011,0.3981187066709183,0.41535558109113146
0.9589722689940211,0.027292581696477188,0.013735149309501628
0.6088446068707228,0.21560329072737902,0.17555210240189822

Transition Gammas
4593.0,486.71781078914165,491.28218921085835
3690.0,1.0,1.0
1.0,2163.4439472046784,744.5560527953222

1041.0,2221.900501930396,2318.0994980696055
956.3012219327336,27.21656305392374,13.696892488751248
238.88524499172152,84.59374419221444,68.8793273650427

Iteration: ,22500
Error:,0.054361866715077894
Absolute Error:,1
Transition Probabilities
0.8257828644094739,0.08656556815127195,0.0876515674392542
0.9995221027479092,0.00023894862604540023,0.00023894862604540023
0.00030609121518212427,0.7491323226652269,0.25056158611959095

0.1868026777175645,0.39774286912335394,0.41545445315908147
0.9579564469235767,0.027812932155365823,0.01423062092105722
0.607579871746226,0.21351371602348151,0.1789064122302925

Transition Gammas
5195.0,544.5839892396518,551.4160107603482
4183.0,1.0,1.0
1.0,2447.415298147296,818.5847018527036

1172.0,2495.4387608799234,2606.561239120078
1014.0958302247076,29.44286101488003,15.064581885635452
284.05685231138983,99.82232282420053,83.64265289171257

Iteration: ,25000
Error:,0.05134766634871547
Absolute Error:,1
Transition Probabilities
0.8244132799084144,0.08756746485151082,0.08801925524007477
0.9995717344753747,0.00021413276231263382,0.00021413276231263382
0.0002748007694421546,0.7470979066602172,0.2526272925703405

0.18475916606757722,0.399485519193685,0.41575531473873767
0.9567344989932669,0.028286414842340166,0.014979086164392757
0.6135327614698248,0.21195071873031482,0.17451651979986024

Transition Gammas
5761.0,611.9214443823575,615.0785556176425
4668.0,1.0,1.0
1.0,2718.6892823365292,919.3107176634687

1285.0,2778.42178599208,2891.5782140079214
1076.793258201098,31.836022253782783,16.858782674612193
338.4707811289742,116.92794555523582,96.27642806727926

Iteration: ,27500
Error:,0.050751707809722234
Absolute Error:,1
Transition Probabilities
0.826995457495133,0.08615579414826945,0.08684874835659752
0.9996099083284572,0.0001950458357714063,0.0001950458357714063
0.0002508780732563975,0.7468052615247592,0.25294386040198436

0.18494848050084775,0.40069531692923716,0.414356202569915
0.9568206093935855,0.027823169770012788,0.01535622083640156
0.6279559785097933,0.20329294564532294,0.16875107584488372

Transition Gammas
6372.0,663.8303939124161,669.1696060875839
5125.0,1.0,1.0
1.0,2976.765772437689,1008.2342275623092

1418.0,3072.130994896462,3176.869005103539
1145.016226569154,33.295667493454154,18.376612986631816
396.3634658506052,128.3177472251779,106.51504815134636

Iteration: ,30000
Error:,0.05000317803332643
Absolute Error:,1
Transition Probabilities
0.8273774189718628,0.08688748926928744,0.0857350917588498
0.9996440014239943,0.000177999288002848,0.000177999288002848
0.00023025558369790466,0.7492206215007667,0.2505491229155355

0.1833113535547296,0.40098741814488653,0.4157012283003838
0.9534674412840995,0.029610323593546675,0.016922235122353833
0.624302806569193,0.2027990789906321,0.17289811444017492

Transition Gammas
6969.0,731.8533221152081,722.1466778847919
5616.0,1.0,1.0
1.0,3253.86515917783,1088.1348408221706

1529.0,3344.636054746499,3467.363945253502
1204.9779610380265,37.42108624220628,21.386068879791175
442.43233492646016,143.7201132121077,122.52982954942186

Iteration: ,31237
Error:,0.0490846562617446
Absolute Error:,1
Transition Probabilities
0.827893175074184,0.08713461772079874,0.08497220720501729
0.9996581196581197,0.00017094017094017094,0.00017094017094017094
0.00022202486678507988,0.7489179004047164,0.2508600747284986

0.18334290637564615,0.4018618864292773,0.4147952071950765
0.9526113899176538,0.030160900866719447,0.017227709215626778
0.6308716064009752,0.1999732230420268,0.16915517055699814

*,*,*,*,*,*,*,*,*,*,*
Model Num 1
Model States: 
['square'],"['diamond', 'x', 'square']","['diamond', 'x', 'diamond']"
Iteration: ,31237
Error:,0.04898847438393511
Absolute Error:,1
Transition Probabilities
0.827893175074184,0.08713461772079874,0.08497220720501729
0.9996581196581197,0.00017094017094017094,0.00017094017094017094
0.00022202486678507988,0.7489179004047164,0.2508600747284986

0.18334290637564615,0.4018618864292773,0.4147952071950765
0.9526113899176538,0.030160900866719447,0.017227709215626778
0.6308716064009752,0.1999732230420268,0.16915517055699814

Transition Gammas
7254.0,763.4735204696385,744.5264795303615
5848.0,1.0,1.0
1.0,3373.1262234228434,1129.8737765771577

1596.0,3498.2077213668595,3610.792278633142
1236.4940350941963,39.14899024878313,22.361647056625287
473.24665741293205,150.00938133294252,126.89130123782039

