0,1,2,3,4,5,6,7,8,9,10,11,12,13,14,15,16,17,18,19,20,21,22,23,24,25,26,27,28,29
github Code Version (SHA):,3130f818d955eaa9876b4af7408e9fb46046852d
Environment Observations,Environment Actions,alpha,epsilon,numActions,explore,patience,gainThresh,insertRandActions,useBudd,revisedSplitting,haveControl,confidence_factor
"['diamond', 'square']","['x', 'y']",0.75,0.99,75000,0.5,0,0.01,False,True,False,False,250

Model Num 0
Model States: 
['diamond'],['square']
Iteration: ,0
Error:,0.40454553126674964
Absolute Error:,1
Transition Probabilities
0.5,0.5
0.5,0.5

0.5,0.5
0.5,0.5

Transition Gammas
1.0,1.0
1.0,1.0

1.0,1.0
1.0,1.0

Iteration: ,2376
Error:,0.05108889119619827
Absolute Error:,1
Transition Probabilities
0.5,0.5
0.1695906432748538,0.8304093567251462

0.14931237721021612,0.8506876227897839
0.8229317851959361,0.17706821480406387


Model Num 1
Model States: 
['square'],"['diamond', 'x', 'diamond']","['diamond', 'x', 'square']"
Iteration: ,0
Error:,0.4742817344510332
Absolute Error:,1
Transition Probabilities
0.3333333333333333,0.3333333333333333,0.3333333333333333
0.3333333333333333,0.3333333333333333,0.3333333333333333
0.3333333333333333,0.3333333333333333,0.3333333333333333

0.3333333333333333,0.3333333333333333,0.3333333333333333
0.3333333333333333,0.3333333333333333,0.3333333333333333
0.3333333333333333,0.3333333333333333,0.3333333333333333

Transition Gammas
1.0,1.0,1.0
1.0,1.0,1.0
1.0,1.0,1.0

1.0,1.0,1.0
1.0,1.0,1.0
1.0,1.0,1.0

Iteration: ,2500
Error:,0.05986747230745893
Absolute Error:,1
Transition Probabilities
0.8549848942598187,0.06943080101197831,0.07558430472820298
0.002824858757062147,0.2537941211922167,0.743381020050721
0.9959266802443992,0.002036659877800407,0.002036659877800407

0.14794520547945206,0.39399256911944586,0.45806222540110214
0.64407214267502,0.09499535463388191,0.26093250269109813
0.9281320334285513,0.043360908916521335,0.02850705765492732

Transition Gammas
566.0,45.96319026992964,50.036809730070374
1.0,89.84311890204472,263.15688109795525
489.0,1.0,1.0

108.0,287.6145754571955,334.38542454280457
6.780038299318053,1.0,2.746792237333588
156.0416216014639,7.29002587751781,4.792731360784045

Iteration: ,5000
Error:,0.04904636204203899
Absolute Error:,1
Transition Probabilities
0.8429203539823009,0.07357169194426115,0.08350795407343799
0.001379310344827586,0.23937909113719036,0.7592415985179821
0.9979035639412998,0.0010482180293501049,0.0010482180293501049

0.16991643454038996,0.4123259590137295,0.4177576064458805
0.64407214267502,0.09499535463388191,0.26093250269109813
0.924304457535084,0.053431726817010215,0.02226381564790586

Transition Gammas
1143.0,99.76321427641811,113.23678572358192
1.0,173.54984107446302,550.450158925537
952.0,1.0,1.0

244.0,592.1000771437156,599.8999228562844
6.780038299318053,1.0,2.746792237333588
306.96445403616997,17.744846643207673,7.393884081600844

Iteration: ,7500
Error:,0.039175557922375495
Absolute Error:,1
Transition Probabilities
0.8292919495635306,0.07927631504310216,0.09143173539336731
0.0009066183136899365,0.23763496669982237,0.7614584149864878
0.9985964912280701,0.0007017543859649122,0.0007017543859649122

0.16666666666666666,0.4181816989864506,0.41515163434688274
0.706986429950817,0.10195603052348907,0.1910575395256939
0.9079446468460457,0.07198507882917284,0.02007027432478154

Transition Gammas
1710.0,163.46776161887666,188.5322383811234
1.0,262.11136826990406,839.888631730096
1423.0,1.0,1.0

350.0,878.1815678715462,871.8184321284538
37.18344181276196,5.362303953548405,10.048533610945439
417.3449918291733,33.08859437647818,9.225483627423735

Iteration: ,10000
Error:,0.041142475740803826
Absolute Error:,1
Transition Probabilities
0.8238902923132443,0.08080299444317722,0.09530671324357846
0.0006844626967830254,0.24512340591432463,0.7541921313888923
0.9989445910290238,0.0005277044854881266,0.0005277044854881266

0.17430207587687901,0.41467248659482264,0.4110254375282984
0.7246880312873506,0.0914792807584411,0.18383268795420823
0.9098148099595059,0.06885838262540035,0.021326807415093702

Transition Gammas
2283.0,223.9050976020441,264.09490239795593
1.0,358.12529604082823,1101.8747039591715
1893.0,1.0,1.0

487.0,1158.5949275459345,1148.4050724540657
87.87155043660401,11.092257476351572,22.290506554619096
497.9874907470053,37.68966256116068,11.673236348790406

Iteration: ,12500
Error:,0.041762449983044715
Absolute Error:,1
Transition Probabilities
0.8241320432555492,0.08176145438864874,0.09410650235580206
0.0005512679162072769,0.24345212262815172,0.755996609455641
0.9991478483170004,0.00042607584149978694,0.00042607584149978694

0.17446562680531486,0.41584969389716026,0.409684679297525
0.7355355266822111,0.08874642615632072,0.1757180471614681
0.9014471800308779,0.07606503813000332,0.02248778183911888

Transition Gammas
2896.0,287.3097507217117,330.69024927828843
1.0,441.6221504474671,1371.3778495525323
2345.0,1.0,1.0

604.0,1439.6716402719687,1418.3283597280315
145.31153193177144,17.532639376937222,34.71465033955337
572.829805743429,48.33596685541111,14.289990570564362

Iteration: ,15000
Error:,0.038905154934582784
Absolute Error:,1
Transition Probabilities
0.8236134253749108,0.0807534084980873,0.09563316612700198
0.00045934772622875517,0.24857788684910387,0.7509627654246673
0.9992947813822285,0.0003526093088857546,0.0003526093088857546

0.1710779595765159,0.4161039906483148,0.4128180497751694
0.7412779858083111,0.08944549372535411,0.16927652046633485
0.9001725112988165,0.0764854836426764,0.023342005058507184

Transition Gammas
3460.0,339.2450691004648,401.75493089953534
1.0,541.1540596704991,1634.8459403295008
2834.0,1.0,1.0

711.0,1729.3281851343963,1715.671814865604
202.9140776497874,24.484404240629193,46.33698784503495
641.4026598641932,54.498434504102356,16.631949924229644

Iteration: ,17500
Error:,0.039682105778524684
Absolute Error:,1
Transition Probabilities
0.8252605763335377,0.08054902528082387,0.09419039838563845
0.00039184952978056436,0.2535204511364423,0.7460876993337772
0.9993933879284198,0.00030330603579011223,0.00030330603579011223

0.17287507717637374,0.41696727223143976,0.41015765059218656
0.7514358990260593,0.08015184612552076,0.1684122548484199
0.8989497929903191,0.07652932435999574,0.024520882649685164

Transition Gammas
4038.0,394.1263806990712,460.8736193009289
1.0,646.9841913002006,1904.015808699799
3295.0,1.0,1.0

840.0,2026.0439757725658,1992.9560242274345
262.45831763916124,27.995094081933882,58.82231223531295
713.9764377223589,60.782186962956594,19.475317287512574

Iteration: ,20000
Error:,0.039118473274374725
Absolute Error:,1
Transition Probabilities
0.8257845934379456,0.0810587927198318,0.09315661384222243
0.00034071550255536636,0.2525167861138292,0.7471424983836153
0.999468791500664,0.0002656042496679947,0.0002656042496679947

0.1694147490487407,0.42318938485799185,0.40739586609326744
0.738617303479593,0.07578141023567639,0.18560128628473058
0.8950047325628309,0.08024725190844426,0.024748015528724902

Transition Gammas
4631.0,454.5777095728168,522.4222904271835
1.0,741.1367672440886,2192.8632327559103
3763.0,1.0,1.0

935.0,2335.582215031257,2248.417784968743
317.73156017153036,32.59894615621537,79.84024471573946
784.0191928855277,70.29614859396659,21.67912465087137

Iteration: ,22500
Error:,0.040186482046533675
Absolute Error:,1
Transition Probabilities
0.8266582238404306,0.081456304465169,0.09188547169440038
0.00030404378230465193,0.2517941821543741,0.7479017740633213
0.9995277449822905,0.0002361275088547816,0.0002361275088547816

0.1713871902156421,0.42096044799468285,0.40765236178967507
0.7336119056077796,0.08221525429983093,0.18417284009238957
0.8921402148803868,0.08065870807513734,0.027201077044475917

Transition Gammas
5222.0,514.5594753064726,580.4405246935272
1.0,828.1510651057362,2459.848934894263
4233.0,1.0,1.0

1065.0,2615.8482238389593,2533.1517761610407
369.2047229477241,41.37645525354172,92.68862988867654
856.5253839261171,77.4387587833425,26.115191950905775

Iteration: ,25000
Error:,0.03982206816885348
Absolute Error:,1
Transition Probabilities
0.8276751181779115,0.0811416455007509,0.0911832363213376
0.00027034333603676676,0.25351103198284786,0.7462186246811153
0.9995752813760883,0.00021235931195582927,0.00021235931195582927

0.16954064628314738,0.4255704734964874,0.40488888022036523
0.7411432616510335,0.08044871501885296,0.1784080233301136
0.8876562817116733,0.08349489842240257,0.028848819865924146

Transition Gammas
5778.0,566.449827240742,636.5501727592577
1.0,937.737307304554,2760.262692695445
4707.0,1.0,1.0

1170.0,2936.8618375992596,2794.1381624007404
426.34349254102483,46.27821354695783,102.62941552549054
925.4178670206344,87.04683603000991,30.07607099327413

Iteration: ,27500
Error:,0.038539735279165856
Absolute Error:,1
Transition Probabilities
0.8278838608422705,0.0811259142659044,0.0909902248918251
0.0002450980392156863,0.2538512217039423,0.745903680256842
0.9996123279705369,0.0001938360147315371,0.0001938360147315371

0.1717436974789916,0.4267069280480253,0.4015493744729831
0.7470878547112976,0.08251846378967796,0.1703936814990244
0.8861000250405248,0.08341508385709889,0.030484891102376517

Transition Gammas
6330.0,620.2887404771051,695.7112595228947
1.0,1035.7129845520844,3043.2870154479147
5157.0,1.0,1.0

1308.0,3249.7999640137605,3058.2000359862395
487.9972685139022,53.90100331223768,111.30103456933405
1003.043642284878,94.42384287224966,34.5081540930858

Iteration: ,30000
Error:,0.04004795267330458
Absolute Error:,1
Transition Probabilities
0.8264719961704164,0.08169941130914259,0.09182859252044093
0.0002248201438848921,0.2526889326136512,0.7470862472424639
0.9996442547136251,0.00017787264318747776,0.00017787264318747776

0.17319513077015788,0.4269991692845022,0.3998056999453399
0.7438729732273818,0.08239841885574406,0.17372860791687414
0.8844449433028502,0.08491404630591648,0.03064101039123335

Transition Gammas
6906.0,682.6802808991954,767.3197191008044
1.0,1123.9603722655206,3323.0396277344794
5620.0,1.0,1.0

1437.0,3542.812107553515,3317.187892446485
542.1419613970638,60.052780544851146,126.61512332972694
1082.9447052548621,103.97166894906493,37.51790342418529

Iteration: ,30834
Error:,0.0407502369244899
Absolute Error:,1
Transition Probabilities
0.8254134637782437,0.08275891734668116,0.09182761887507516
0.00021867483052700643,0.25176990136932,0.748011423800153
0.9996540989277066,0.00017295053614666206,0.00017295053614666206

0.17389774859287055,0.4266076589254889,0.39949459248164054
0.7449227807916116,0.08100434041408529,0.17407287879430328
0.8842410268683171,0.08509856262792753,0.030660410503755384


Model Num 2
Model States: 
"['diamond', 'x', 'diamond']","['diamond', 'x', 'square']","['square', 'y', 'diamond', 'x', 'diamond']","['square', 'y', 'diamond', 'x', 'square']"
Iteration: ,0
Error:,0.40586471766569276
Absolute Error:,0.5
Transition Probabilities
0.25,0.25,0.25,0.25
0.25,0.25,0.25,0.25
0.25,0.25,0.25,0.25
0.25,0.25,0.25,0.25

0.25,0.25,0.25,0.25
0.25,0.25,0.25,0.25
0.25,0.25,0.25,0.25
0.25,0.25,0.25,0.25

Transition Gammas
1.0,1.0,1.0,1.0
1.0,1.0,1.0,1.0
1.0,1.0,1.0,1.0
1.0,1.0,1.0,1.0

1.0,1.0,1.0,1.0
1.0,1.0,1.0,1.0
1.0,1.0,1.0,1.0
1.0,1.0,1.0,1.0

Iteration: ,2500
Error:,0.06029992219175391
Absolute Error:,0.17326690876042838
Transition Probabilities
0.2542461808603128,0.7407412878113665,0.0025062656641604013,0.0025062656641604013
0.001776198934280639,0.001776198934280639,0.20705171376678583,0.7893958883646529
0.13278545504764092,0.04402030704724663,0.6598432743961407,0.16335096350897185
0.04094201528452094,0.1066256790229637,0.7415449671044161,0.11088733858809931

0.15503194800229214,0.08489182088730723,0.3112715306704153,0.44880470043998544
0.09929989958208253,0.06531209602327344,0.22893492732286144,0.6064530770717826
0.9050564721504903,0.0037480745326067383,0.017351405081226956,0.07384404823567589
0.002913892718133723,0.8351219180355188,0.04731382474288548,0.11465036450346183

Transition Gammas
101.44422616326479,295.55577383673517,1.0,1.0
1.0,1.0,116.57011485070045,444.42988514929965
15.381757529721705,5.099276039997854,76.43570036144091,18.92244080528203
8.551364383636319,22.27039943299359,154.88297721775587,23.160512036567887

6.141330328793465,3.3628469550935036,12.330499077312268,17.7786446860385
15.999182918090199,10.523073794011873,36.88595652154163,97.7116165489139
292.7316884054859,1.2122781505474243,5.612142735763476,23.88413716037292
1.4272474366633583,409.04924515579995,23.174681299273452,56.15664496903285

Iteration: ,5000
Error:,0.05064092151777602
Absolute Error:,0.1646316143478879
Transition Probabilities
0.25547484739849907,0.7418935736541324,0.00131578947368421,0.00131578947368421
0.0008810572687224668,0.0008810572687224668,0.19283368881367055,0.8054041966488845
0.09031845689549638,0.06452561891873528,0.671115528538661,0.17404039564710735
0.051200476637833905,0.13680027793682628,0.7106184074269276,0.10138083799841217

0.13341693513133038,0.09471262959031115,0.33979302042358017,0.43207741485477835
0.08284131890909377,0.07104742219699414,0.20304092443543403,0.6430703344584782
0.9019384484176114,0.001935658143518783,0.01559317823946808,0.08053271519940179
0.0014889292504532757,0.8126860162660157,0.03623054306813849,0.14959451141539262

Transition Gammas
194.16088402285934,563.8391159771409,1.0,1.0
1.0,1.0,218.86623680351613,914.1337631964841
20.43887723446608,14.60201213450685,151.87203556651423,39.384976257787535
23.82614041325431,63.660005623590855,330.6862566018767,47.17757020993521

10.508169859240933,7.459745635519713,26.76274021795466,34.031233464974946
25.3854616886555,21.771401493965627,62.21880187761114,197.05911921103618
573.5399890994112,1.2308792828176676,9.915655877826385,51.21051517278793
1.480331166557239,807.9930178936189,36.02132342334745,148.73065159186868

Iteration: ,7500
Error:,0.046523750603679956
Absolute Error:,0.16561469903267248
Transition Probabilities
0.2620316283225686,0.7362246925143974,0.0008718395815170009,0.0008718395815170009
0.0005920663114268799,0.0005920663114268799,0.19045315414012312,0.8083627132370231
0.09658568744084824,0.0771678078084748,0.65583252670981,0.1704139780408669
0.051850175859606,0.13117442946000482,0.7193341989698494,0.09764119571053974

0.1036727236555879,0.06862913557851702,0.36315440140674776,0.46454373935914733
0.08204259986545039,0.08291109986978158,0.2086768021462849,0.6263694981184831
0.9067379102186836,0.0012977954423232386,0.01562684033024734,0.07633745400874596
0.0010141766226481272,0.8016883658328557,0.031028859514316956,0.1662685980301791

Transition Gammas
300.5502776859862,844.4497223140138,1.0,1.0
1.0,1.0,321.6753773426679,1365.324622657332
32.63705000792447,26.07559845747864,221.6108777416965,57.58419979953368
36.461633996321524,92.24335226166647,505.84399857954645,68.66240050179749

13.016868876876547,8.616890031043269,45.59669176702909,58.32686486467177
37.224619807508894,37.61867829074893,94.68147810139571,284.19828802011955
867.4474339504679,1.241559786514713,14.949703097731385,73.0296239386618
1.5170857596056213,1199.2289866343165,46.41542691356827,248.71774472827008

Iteration: ,10000
Error:,0.04827019874925716
Absolute Error:,0.1618042371727298
Transition Probabilities
0.264551989611721,0.7341634888725437,0.0006422607578676947,0.0006422607578676947
0.00045045045045045024,0.00045045045045045024,0.19020194015286265,0.8088971589462365
0.10499156334449644,0.0700335505786701,0.6648891901355483,0.1600856959412851
0.05367240012257639,0.12983982473986813,0.7204043581167902,0.0960834170207654

0.09856341428340878,0.062043686717236736,0.3958391899107796,0.44355370908857483
0.08499778973715147,0.08584300932212473,0.19913420287395964,0.6300249980667642
0.909275687288852,0.000972033555108451,0.015710424399407143,0.07404185475663254
0.0007851704910548525,0.7986412026566494,0.030800334478413335,0.1697732923738824

Transition Gammas
411.90744782544937,1143.0925521745498,1.0,1.0
1.0,1.0,422.2483071393553,1795.7516928606458
47.78847471057792,31.87681423258083,302.6342235125395,72.86539021153064
50.606580413144584,122.42324763790211,679.2541603460368,90.59503876715512

16.751433951141042,10.54469072206265,67.2752064574104,75.38457058940998
52.57487197791668,53.09767747216089,123.17326432721165,389.6981759017373
1167.5438988176118,1.2481273419909893,20.17277093381274,95.07250329765411
1.5468423074024404,1573.3805775665198,60.67887292777467,334.46558970665535

Iteration: ,12500
Error:,0.0475461239575321
Absolute Error:,0.15934057646946795
Transition Probabilities
0.2615996530282788,0.7373630025733809,0.0005186721991701247,0.0005186721991701247
0.00035714285714285665,0.00035714285714285665,0.19119225201091045,0.8080934622748037
0.10022093726215117,0.06678368565283288,0.6752697519097401,0.15772562517527577
0.05663154088771116,0.13089336597910178,0.7148110885031542,0.09766400463003277

0.08865612737757217,0.05683689579031549,0.41514515245989614,0.43936182437221616
0.08482838893701404,0.0935994572544772,0.19389695128286513,0.6276752025256436
0.9075780296466475,0.0007791443219594056,0.01445404125422767,0.07718878477716541
0.0006284729221889578,0.7993372670740537,0.029956994553414256,0.17007726545034307

Transition Gammas
504.3641310385214,1421.6358689614779,1.0,1.0
1.0,1.0,535.3383056305499,2262.6616943694535
54.768209273833556,36.495596347746215,369.01785294767154,86.19306787014095
66.49134857462782,153.6824936598426,839.2629355593948,114.66775004278064

19.16582711787336,12.287093411992904,89.74676039010443,94.98196026822588
65.36460073414487,72.12315628102176,149.40749156020152,483.6557609773272
1461.439201455376,1.2546271708958951,23.274805932230155,124.29423399547385
1.5667199110601726,1992.66757208167,74.67978044127084,423.98555099499333

Iteration: ,15000
Error:,0.045161482675639436
Absolute Error:,0.15695706216825228
Transition Probabilities
0.26241701724880706,0.7367286469972417,0.00042716787697565144,0.00042716787697565144
0.0002987750224081257,0.0002987750224081257,0.1917498851765429,0.8076525647786409
0.10063463349343824,0.06525645448475884,0.6852233392802639,0.14888557274153907
0.0552583000885101,0.12984139755975022,0.7216661345396633,0.09323416781207634

0.09527832106280587,0.07019611170779627,0.4068877441293548,0.42763782310004317
0.08145469308239937,0.09110092200147321,0.1984785914048996,0.6289657935112278
0.9042559709044478,0.0006420134189022419,0.015894986029610467,0.07920702964703952
0.0005386363132967228,0.7987251227753432,0.028305066958482394,0.17243117395287752

Transition Gammas
614.3182373794573,1724.681762620543,1.0,1.0
1.0,1.0,641.7868656858911,2703.21313431412
67.33376791282457,43.66253255522667,458.4770440740598,99.61805645370012
78.8436284961726,185.26025766676486,1029.6874228627444,133.02834286163

24.14884285993651,17.79161148203592,103.12805772613055,108.38728554212152
74.54252300287338,83.37018183848706,181.6358813163896,575.5923367534239
1772.640381809262,1.2585583602740709,31.159422786226685,155.27194046069755
1.5838828509021239,2348.6849908161525,83.2322460303186,507.041156793365

Iteration: ,17500
Error:,0.04862822683555718
Absolute Error:,0.15389659088682728
Transition Probabilities
0.2566994564026689,0.7425608986269169,0.00036982248520710053,0.00036982248520710053
0.00025634452704434684,0.00025634452704434684,0.18727393170025583,0.8122133792456555
0.10365341315685485,0.06808762810339121,0.688819767933873,0.13943919080588096
0.056864081213664666,0.12343750577679062,0.7246488694504319,0.0950495435591127

0.10854130650999322,0.06659292616654044,0.41363755865891305,0.4112282086645532
0.08150430093578538,0.08982732405692534,0.19404222180564512,0.6346261532016442
0.9035405664112812,0.0005540761459958705,0.01682810002501643,0.07907725741770652
0.0004658405744134658,0.7985295670120249,0.026640813759919262,0.1743637786536423

Transition Gammas
694.1153301128168,2007.8846698871837,1.0,1.0
1.0,1.0,730.5556075627002,3168.4443924373118
82.3806769229765,54.11403949380034,547.4536441404904,110.82215798140253
95.75169149465532,207.8526500340034,1220.2141230217346,160.05102654138935

33.23383680119048,20.389826799521455,126.65006126536287,125.91235184317036
86.4937820674469,95.32631899760693,205.92098149475325,673.4763142447194
2058.763643128384,1.2624909907827577,38.343691254545874,180.18159739800015
1.5999156388942566,2742.5261184914675,91.49708485790508,598.8472272427176

Iteration: ,20000
Error:,0.04496756046311114
Absolute Error:,0.15063953486637427
Transition Probabilities
0.25618341901709296,0.743170794738154,0.0003228931223764932,0.0003228931223764932
0.00022401433691756218,0.00022401433691756218,0.19006009930974138,0.8094918720164236
0.0977500979746404,0.07140503539646746,0.6913177200655052,0.13952714656338705
0.05836025001392279,0.12046379775792372,0.7248145857654,0.09636136646275345

0.1020613232020784,0.06961154723631108,0.42688534387801896,0.4014417856835916
0.07934878266409616,0.08751462792255997,0.1937904283031053,0.6393461611102386
0.9022914892812763,0.00048336590875970337,0.017488073043541875,0.07973707176642214
0.0004125609562541087,0.7990386513685186,0.02474194694065921,0.1758068407345681

Transition Gammas
793.4000486959374,2301.5999513040642,1.0,1.0
1.0,1.0,848.4282833186876,3613.571716681324
90.02012463267776,65.758401464297,636.6490531520549,128.49348884066123
112.78518582309125,232.80455124577813,1400.7538988152921,186.2249496888014

35.05539114126916,23.90974308148226,146.62393385288192,137.88473807775668
95.32744870410087,105.13767097678684,232.8144993933088,768.0929225518864
2361.995352837535,1.2653427897451888,45.77982586517836,208.73364671895987
1.6128113702768063,3123.6562808043413,96.72290298867372,687.2760677200685

Iteration: ,22500
Error:,0.04557571605843598
Absolute Error:,0.15293211771346107
Transition Probabilities
0.26049755262232804,0.7389306920889355,0.00028587764436821046,0.00028587764436821046
0.00019940179461615105,0.00019940179461615105,0.19240557833959548,0.8071956180711721
0.09890608212474268,0.06919157686407533,0.6918314309844904,0.14007091002669153
0.057006320727512154,0.12419562362249172,0.7182346398297945,0.10056341582020165

0.09976893607962391,0.06727164969199542,0.4284196077371061,0.4045398064912745
0.08152523872376663,0.09150249477212329,0.19093725894936303,0.6360350075547471
0.9031785661503303,0.00043207159184540137,0.016976986563562387,0.0794123756942619
0.00037121625105796896,0.8001014386147012,0.023267018444525035,0.1762603266897157

Transition Gammas
911.2204390729033,2584.7795609270956,1.0,1.0
1.0,1.0,964.9139753730738,4048.0860246269385
103.79061004069911,72.60863860063635,725.9978832914153,146.9883842157499
124.7457438703044,271.7746954461309,1571.6978972780307,220.0608275105789

38.35766675987592,25.86359665310362,164.71235629757174,155.5314078533721
110.50813158454896,124.03238421483422,258.81702484629585,862.1506837335904
2650.2347812721205,1.2678458099255852,49.816284351962345,233.02306765919334
1.624177559220016,3500.673254454904,101.79987842626677,771.1894788397075

Iteration: ,25000
Error:,0.04586119615655091
Absolute Error:,0.1523604010555984
Transition Probabilities
0.25916298715810354,0.7403239292092644,0.00025654181631605956,0.00025654181631605956
0.00018021265092809467,0.00018021265092809467,0.19577229963859305,0.8038672750595507
0.09935847570168507,0.0685824419423859,0.695506101876917,0.136552980479012
0.05719465062799247,0.12392858417803873,0.7159295341503156,0.10294723104365323

0.09932537977234512,0.06902339269428488,0.4288587003148051,0.40279252721856496
0.08112644542393432,0.09218424606829102,0.19000480303980713,0.6366845054679675
0.9025463549918804,0.0003879668986583076,0.016793120793681095,0.08027255731578017
0.00033787219338627744,0.7993302475912915,0.02255539704468505,0.17777648317063735

Transition Gammas
1010.2173239422874,2885.7826760577123,1.0,1.0
1.0,1.0,1086.3404906945557,4460.659509305458
115.46712790369021,79.7014803194548,808.2661439406219,158.69185141225734
139.250095233338,301.7251956160845,1743.0520986869778,250.64252634530578

41.868185830622025,29.095123911008095,180.7749016516583,169.7873435714585
123.84730611588894,140.72810021716836,290.0605700470857,971.960011755569
2954.5151817833084,1.270022404694846,54.97283331768384,262.77485689051053
1.6370052751292385,3872.7893490226743,109.2818665387203,861.3346893910962

Iteration: ,27500
Error:,0.04586416419708295
Absolute Error:,0.1516698822282162
Transition Probabilities
0.2577852943279302,0.7417485052058693,0.000233100233100233,0.000233100233100233
0.00016369291209690585,0.00016369291209690585,0.19604440363128842,0.8036282105445177
0.097083861590657,0.0694553294107687,0.6991661066927464,0.13429470230582782
0.057544342620279014,0.12326934738295917,0.716942516080474,0.10224379391628775

0.09781291622413435,0.07000769382868945,0.4325126354514935,0.3996667544956826
0.0794302652876565,0.09565888697076964,0.19158498887144468,0.6333258588701292
0.903303109867865,0.0003521103241598436,0.016350819682531628,0.07999396012544342
0.000309406848603914,0.7984942233404614,0.02204113878836445,0.17915523102257025

Transition Gammas
1105.898912666821,3182.1010873331807,1.0,1.0
1.0,1.0,1197.6352617835437,4909.36473821647
124.4829704695286,89.05708506370497,896.4854960106396,172.19549353977612
153.9146607388758,329.7102533110629,1917.6162087724467,273.472910397541

44.877575183135086,32.12025225784763,198.4412597478721,183.3712306663038
133.18326085065758,160.3943087684917,321.23666533820744,1061.9176803690589
3262.8501372341434,1.2718689960832337,59.06132023927508,288.9487492314578
1.6471196479240766,4250.764098960259,117.33545306041849,953.7284076843787

Iteration: ,30000
Error:,0.044390856681557636
Absolute Error:,0.14925391901058346
Transition Probabilities
0.2570735828060097,0.7425004321034684,0.00021299254526091596,0.00021299254526091596
0.00015067048365225216,0.00015067048365225216,0.19635131274873902,0.8033473462839564
0.09497648390502753,0.0702547131471839,0.7036705788244383,0.13109822412335037
0.05821931325271949,0.12343250432264728,0.7161166139036204,0.10223156852101285

0.09659952812454384,0.06862308259574201,0.4489263318223385,0.3858510574573757
0.08076397715582548,0.09501643394353808,0.19165715830092017,0.6325624305997162
0.9046447880743241,0.000322041750376835,0.016555699754370656,0.07847747042092829
0.00028718939908409214,0.7978442929485046,0.02129478046102684,0.18057373719138445

Transition Gammas
1206.9604712742153,3486.039528725783,1.0,1.0
1.0,1.0,1303.1836627133841,5331.816337286632
134.69779875553408,99.63682402256444,997.9615386842836,185.92646815429435
170.3304464526645,361.12266520191014,2095.120257240004,299.09574220075314

48.699027100315135,34.59517270859324,226.3186583196818,194.5203198050376
148.31005757302842,174.48240273459018,351.9475536358257,1161.5991906858667
3578.987292435505,1.2740728155697782,65.49823734064567,310.4753081890411
1.6553476666182498,4598.741084695387,122.7422225880525,1040.8194573531964

Iteration: ,32500
Error:,0.04561357180526714
Absolute Error:,0.14979710343770242
Transition Probabilities
0.25701765754117606,0.7425877094675059,0.00019731649565903707,0.00019731649565903707
0.00013904338153503842,0.00013904338153503842,0.1939210893826805,0.8058008238542496
0.0974945543496908,0.07247739478051092,0.7007663396904693,0.12926171117932905
0.05705084053454672,0.1212288813037503,0.718990276803202,0.1027300013585011

0.09821717595680338,0.06588371261471415,0.4485956429683169,0.3873034684601655
0.07998821035129938,0.09566910321325883,0.191601468250252,0.6327412181851898
0.9057102750852714,0.0002989666240490561,0.016178959416361362,0.07781179887431829
0.00026593611247190764,0.7965646578360109,0.02064677965437043,0.18252262639714675

Transition Gammas
1302.5654884186804,3763.4345115813203,1.0,1.0
1.0,1.0,1394.6804748402433,5795.3195251597845
152.59486724114058,113.43893521321453,1096.8135326674922,202.31564509771954
181.18777834946417,385.01083366013773,2283.4413952227933,326.26023633627324

53.791475091224086,36.08311938830772,245.68636920872876,212.11793836937917
158.19854198255845,189.21179227096667,378.9442567321415,1251.4186494427406
3866.369553992138,1.2762529968805494,69.06605547431228,332.16932432471236
1.6637797490035893,4983.558397393389,129.17273081785615,1141.9188116717314

Iteration: ,35000
Error:,0.046557470361860684
Absolute Error:,0.15024503473235393
Transition Probabilities
0.25854916017761453,0.7410844723558164,0.00018318373328448422,0.00018318373328448422
0.00012919896640826834,0.00012919896640826834,0.1939466464938335,0.80579495557335
0.09621381009860425,0.07281651278967352,0.697573810539887,0.1333958665718353
0.05629202704852629,0.12078870756279199,0.7198976990407742,0.10302156634790757

0.09255493150323278,0.06106586856621691,0.4548638106047624,0.3915153893257878
0.08056349934987504,0.0958713731107435,0.1911554365641065,0.632409690975275
0.9064890292503821,0.0002779806602457305,0.015375353231679522,0.0778576368576927
0.00024791570272538973,0.7970059373880723,0.020422012351966265,0.1823241345572358

Transition Gammas
1411.4198654095987,4045.5801345904047,1.0,1.0
1.0,1.0,1501.1470438622757,6236.852956137747
162.28569644474618,122.82102204079915,1176.6112530941464,225.00139104017018
192.41661567198986,412.8782625040429,2460.7441966882393,352.1468701207607

54.68964450716709,36.08311938830772,268.7737940822845,231.34194054872782
171.8116522992201,204.45759128234053,407.66267189346996,1348.6920852907278
4168.711628757457,1.2783620910385816,70.70732435246288,358.04739570277815
1.6718441046756776,5374.688505672049,137.7178636968688,1229.520865958413

Iteration: ,37500
Error:,0.04495825880831607
Absolute Error:,0.14982130537790578
Transition Probabilities
0.25885966344700156,0.7407977534766025,0.00017129153819801283,0.00017129153819801283
0.00012027904738994428,0.00012027904738994428,0.19378786175026252,0.8059715801549576
0.0957331772012406,0.07496908498094172,0.6965740551020262,0.13272368271579144
0.055962997285397574,0.12041934608868356,0.7193828615889503,0.10423479503696861

0.0962477982652559,0.06017593498412733,0.4589666815613222,0.38460958518929467
0.07927866753326222,0.0962885218957674,0.1907977833679276,0.6336350272030428
0.905627552152327,0.00025997127722800445,0.0151269737381879,0.07898550283225707
0.00023206201903808142,0.7984472327645008,0.019832175556527512,0.18148852965993373

Transition Gammas
1511.2227152035966,4324.77728479641,1.0,1.0
1.0,1.0,1611.152282591688,6700.84771740834
172.51356443244677,135.09615423203218,1255.2437582240493,239.17137464028085
205.01015638666394,441.1341452589147,2635.3269143916755,381.84501667205484

60.547783930104096,37.85561410110919,288.7278043462883,241.9510729721778
180.73017844971935,219.50724307494764,434.958337580898,1444.4865826024618
4459.185364106717,1.280062771663841,74.48313573967808,388.91373983613994
1.6795193558221138,5778.66032360308,143.53284890529295,1313.500156928026

Iteration: ,40000
Error:,0.04825608749702648
Absolute Error:,0.1496515244403016
Transition Probabilities
0.2600964309959384,0.739582850594825,0.0001603592046183449,0.0001603592046183449
0.00011268875366238408,0.00011268875366238408,0.1928064810405943,0.8069681414520808
0.09955864617639028,0.07537260324699352,0.6950126501851676,0.13005610039144858
0.05558957890654287,0.12027005619948582,0.7201677528413731,0.10397261205259814

0.0927350828559279,0.058154474410770714,0.4624660033837889,0.3866444393495126
0.08018540418037616,0.09620168672737474,0.18689785556785746,0.6367150535243917
0.9070130407109895,0.00024507028945070994,0.015585682214776794,0.077156206784783
0.00021769658547392078,0.7981163636613131,0.019124014745645235,0.18254192500756772

Transition Gammas
1621.9613436906739,4612.038656309334,1.0,1.0
1.0,1.0,1710.9647127542403,7161.035287245792
191.03431569865654,144.6258485496594,1333.5985484856778,249.5531939706914
216.61325867470012,468.6505871569684,2806.2433068195987,405.14511447365675

61.69748191104346,38.69069312828474,307.682777644922,257.23801142047733
196.07044032934203,235.23367213603163,457.00517709391033,1556.904304279862
4744.469452305373,1.281931405368868,81.5267144377362,403.5942701101719
1.686474078570212,6182.929126184054,148.15186502127696,1414.134374718753

Iteration: ,42500
Error:,0.047289105055620326
Absolute Error:,0.1493056440943461
Transition Probabilities
0.25958776058063293,0.7401098505472775,0.0001511944360447533,0.0001511944360447533
0.00010588733587462905,0.00010588733587462905,0.19228453371670445,0.8075036916115463
0.10119253954528949,0.07510251220654808,0.6928755251315007,0.13082942311666163
0.05632368225189138,0.12031943020371552,0.7200173547498048,0.10333953279458818

0.09201114158936238,0.05931492484576286,0.464659915537591,0.3840140180272838
0.08001751128760529,0.0945367476922508,0.18593272988310905,0.639513011137035
0.9084512536244387,0.0002317404719401568,0.015029582987244784,0.07628742291637647
0.00020527520261043748,0.7980972433649726,0.01868570776153732,0.18301177367087962

Transition Gammas
1716.9134484803087,4895.086551519701,1.0,1.0
1.0,1.0,1815.935136420563,7626.064863579469
208.68086930003048,154.87759872716975,1428.8589608569355,269.7985233761962
233.13857970237393,498.03386331956614,2980.341780509083,427.749588442935

65.06812120899144,41.94612361827845,328.5965936613831,271.56570649309214
207.03175751690262,244.59782252301056,481.0694462772963,1654.6315990101975
5031.272956874923,1.2834475871260738,83.23829609474366,422.50241423247655
1.692624590312957,6580.819321582538,154.07554367198364,1509.0484602759786

Iteration: ,45000
Error:,0.04805159135508664
Absolute Error:,0.1490423415516725
Transition Probabilities
0.25808740394854623,0.7416264730185497,0.00014306151645207416,0.00014306151645207416
9.966115208291772e-05,9.966115208291772e-05,0.19193817435935454,0.8078625033364797
0.1017943860543079,0.07559687046402,0.6917835025402984,0.13082524094137357
0.05648743401517721,0.12058989754294819,0.7192865146227619,0.10363615381911273

0.09163834966965763,0.061238526738621846,0.4655385684719427,0.3815845551197779
0.07867817663053545,0.09536900451376522,0.1845438050608329,0.6414090137948665
0.9095194019451623,0.00021944799158865654,0.014874818900243954,0.07538633116300507
0.00019443620996706173,0.8001338010327037,0.018189041021305096,0.18148272173602414

Transition Gammas
1804.0309536003408,5183.96904639967,1.0,1.0
1.0,1.0,1925.9076415217705,8106.092358478267
221.9900566310614,164.85932285583655,1508.6201200076482,285.29964933285953
247.57359430089522,528.5224031076165,3152.494901954203,454.2173945027214

67.74048317689062,45.26846462500985,344.1332987711933,282.07319566353317
215.80794201430768,261.5895471588895,506.18888854894,1759.3335939457293
5324.2380773493005,1.284627189167538,87.07574243383644,441.3042470906364
1.6989852430148837,6991.575903594609,158.93599389241749,1585.7975535725311

Iteration: ,47500
Error:,0.0478980861853148
Absolute Error:,0.1479006422804285
Transition Probabilities
0.25696953121438315,0.7427586557929559,0.00013590649633052446,0.00013590649633052446
9.455370650529463e-05,9.455370650529463e-05,0.19089704398516674,0.8089138486018227
0.10053747851046971,0.07766369499981753,0.6926548371421813,0.1291439893475314
0.056191307934657854,0.1197248768748379,0.7201687861564579,0.1039150290340463

0.08678083161713793,0.061704668545295965,0.4703534614645399,0.3811610383730261
0.07835414707970317,0.09646223882615236,0.1837508848277028,0.6414327292664417
0.9095139004835586,0.00020793328152745355,0.015142991503564265,0.07513517473134976
0.00018502239858418878,0.79967753054464,0.017713864387156792,0.182423582669619

Transition Gammas
1890.7818106754332,5465.218189324575,1.0,1.0
1.0,1.0,2018.9271371871314,8555.07286281291
233.00268395399408,179.99108042934873,1605.2763456867297,299.3002866226375
260.8604101971012,555.8062561683957,3343.284430865703,482.41121439968583

67.74048317689062,48.16621347867752,367.1544758190433,297.53152195530544
227.3989303154196,279.95212432833335,533.28070321316,1861.5621755938018
5626.796857678058,1.286399619052895,93.68360061654849,464.83112006828867
1.703893269589177,7364.325468501112,163.12908349827833,1679.9604648065072

Iteration: ,50000
Error:,0.04759104687171445
Absolute Error:,0.1481538563359302
Transition Probabilities
0.25872234434199864,0.7410198240220596,0.00012891581797086482,0.00012891581797086482
9.000090000899973e-05,9.000090000899973e-05,0.19184113325073215,0.80797886494925
0.10084423962427112,0.07722536970075508,0.6903063612264547,0.13162402944851906
0.05635831159377304,0.11987322636250328,0.7202507156436728,0.10351774640005086

0.08874517113805692,0.06186862423716185,0.4700293130111156,0.37935689161366565
0.07817198334734013,0.09571775709359208,0.18222374389983337,0.6438865156592344
0.9089577833490718,0.00019782719941597522,0.015024589435808106,0.07581980001570408
0.00017642079651985853,0.7991113083329857,0.017328993320916867,0.18338327754957764

Transition Gammas
2006.909225060887,5748.090774939125,1.0,1.0
1.0,1.0,2131.5468315488934,8977.453168451151
245.63187701885442,188.10209272980617,1681.417281322825,320.60390890629805
275.7946193503978,586.6107393927582,3524.6136078311115,506.5736828703621

73.22522299996866,51.04890495303444,387.829566616289,313.01413506512756
239.46810901798975,293.21694690538624,558.2150215631739,1972.44945982742
5918.870368698943,1.2881935445138715,97.8357838422514,493.71662347192637
1.7098646947527196,7744.961139785033,167.95204680818995,1777.344837317784

Iteration: ,52500
Error:,0.04752265377803961
Absolute Error:,0.14790417948510623
Transition Probabilities
0.2581463037314482,0.7416079960228515,0.00012285012285012268,0.00012285012285012268
8.567511994516763e-05,8.567511994516763e-05,0.19227648759061688,0.8075521621694929
0.0997384305759682,0.07732306610116038,0.6922905346024776,0.13064796872039383
0.056228186665364485,0.12042003397641758,0.7200050973300728,0.10334668202814506

0.09443094282673249,0.06300939887216805,0.46735747341612066,0.37520218488497886
0.07841303717544823,0.09499681786412809,0.18087202193912058,0.645718123021303
0.9093393804952122,0.0001886352376574497,0.014777208701347647,0.07569477556578275
0.00016846460240020576,0.7991718842541067,0.016900849652738175,0.18375880149075477

Transition Gammas
2101.310912373991,6036.6890876260195,1.0,1.0
1.0,1.0,2244.251163157688,9425.748836842353
254.72255594056185,197.47582668695296,1768.0448088972673,333.6626045619752
288.6549205716085,618.1923587463763,3696.2425165488517,530.5440218037328

82.29773643942009,54.913471647770166,407.3078274858104,326.99335195472827
252.4183263873258,305.8029460551597,582.2426309799869,2078.6223031549216
6218.02203339167,1.2898793224916008,101.04589251041521,517.5974915156032
1.7155114099010855,8138.13980134022,172.10500011995236,1871.2555405452545

Iteration: ,55000
Error:,0.04686027927360247
Absolute Error:,0.14810782542408735
Transition Probabilities
0.25801514033780343,0.7417505029713132,0.00011717834544176227,0.00011717834544176227
8.164598301763517e-05,8.164598301763517e-05,0.19291013886023206,0.8069265691737327
0.0975026663495129,0.07675603733997366,0.6936654238008875,0.13207587250962605
0.055558869784968226,0.12141482632097614,0.718609575745836,0.10441672814821955

0.09559152249598706,0.06333622156414238,0.46780538282007267,0.3732668731197978
0.07865692307162184,0.09530930031951534,0.18108161791916644,0.6449521586896964
0.9097489824698891,0.00017996822772413528,0.014542989090137043,0.07552806021224961
0.00016114723823515732,0.7986064156550616,0.01656982072685822,0.18466261637984505

Transition Gammas
2201.901207642816,6330.098792357192,1.0,1.0
1.0,1.0,2362.763380760133,9883.236619239922
260.12732418304415,204.77740102582248,1850.6297040616635,352.36516693721717
299.27526243255164,654.0171560553208,3870.8863265261375,562.4546330739345

86.79158765665993,57.50563525083164,424.7402994443378,338.9047866568324
264.20754859517734,320.1426602056566,608.2507234933087,2166.3856422836675
6525.917594973135,1.2909690985886193,104.32146692724538,541.7866978154316
1.7194196361927965,8521.024422789536,176.79778715400087,1970.3255988222809

Iteration: ,57500
Error:,0.04648805931670872
Absolute Error:,0.1485428408252032
Transition Probabilities
0.25854526120638543,0.7412305235469777,0.00011210762331838546,0.00011210762331838546
