0,1,2,3,4,5,6,7,8,9,10,11,12,13,14,15,16,17,18,19,20,21,22,23,24,25,26,27,28,29
github Code Version (SHA):,3130f818d955eaa9876b4af7408e9fb46046852d
Environment Observations,Environment Actions,alpha,epsilon,numActions,explore,patience,gainThresh,insertRandActions,useBudd,revisedSplitting,haveControl,confidence_factor
"['diamond', 'square']","['x', 'y']",0.75,0.99,75000,0.5,0,0.01,False,True,False,False,250

Model Num 0
Model States: 
['diamond'],['square']
Iteration: ,0
Error:,0.40230324553222774
Absolute Error:,1
Transition Probabilities
0.5,0.5
0.5,0.5

0.5,0.5
0.5,0.5

Transition Gammas
1.0,1.0
1.0,1.0

1.0,1.0
1.0,1.0

Iteration: ,2371
Error:,0.06065570123305614
Absolute Error:,1
Transition Probabilities
0.46706586826347307,0.5329341317365269
0.14183381088825214,0.8581661891117478

0.184,0.816
0.8495575221238938,0.1504424778761062


Model Num 1
Model States: 
['square'],"['diamond', 'x', 'square']","['diamond', 'x', 'diamond']"
Iteration: ,0
Error:,0.4759342197503701
Absolute Error:,1
Transition Probabilities
0.3333333333333333,0.3333333333333333,0.3333333333333333
0.3333333333333333,0.3333333333333333,0.3333333333333333
0.3333333333333333,0.3333333333333333,0.3333333333333333

0.3333333333333333,0.3333333333333333,0.3333333333333333
0.3333333333333333,0.3333333333333333,0.3333333333333333
0.3333333333333333,0.3333333333333333,0.3333333333333333

Transition Gammas
1.0,1.0,1.0
1.0,1.0,1.0
1.0,1.0,1.0

1.0,1.0,1.0
1.0,1.0,1.0
1.0,1.0,1.0

Iteration: ,2500
Error:,0.05638897382915799
Absolute Error:,1
Transition Probabilities
0.8098802395209581,0.10861450225711324,0.08150525822192864
0.9956803455723542,0.0021598272138228943,0.0021598272138228943
0.00267379679144385,0.7262487024316544,0.2710775007769018

0.19944211994421196,0.37875833911365064,0.4217995409421374
0.8400697046964898,0.05881400674122882,0.10111628856228126
0.7914804025655525,0.12221826613054057,0.08630133130390694

Transition Gammas
541.0,72.55448750775165,54.44551249224833
461.0,1.0,1.0
1.0,271.61701470943876,101.38298529056127

143.0,271.56972914448755,302.43027085551256
86.14261789165208,6.0309191976125,10.368689359402179
63.2739966195429,9.77059966731107,6.899261343028889

Iteration: ,5000
Error:,0.05369846812131528
Absolute Error:,1
Transition Probabilities
0.8147321428571429,0.105330659499836,0.07993719764302114
0.9978700745473909,0.0010649627263045794,0.0010649627263045794
0.0012953367875647673,0.7232695596675914,0.27543510354484385

0.18816821097647896,0.37595671546894244,0.4358750735545786
0.8204292888911624,0.06293290928879379,0.11663780182004387
0.7987018338957191,0.11546182298845332,0.08583634311582763

Transition Gammas
1095.0,141.56440636777958,107.43559363222042
937.0,1.0,1.0
1.0,558.3641000633804,212.6358999366194

264.0,527.4672718029263,611.5327281970739
152.39605801003117,11.689888969806569,21.665659006827536
123.64387000727919,17.874187871530214,13.287984576606455

Iteration: ,7500
Error:,0.04727648163151665
Absolute Error:,1
Transition Probabilities
0.823733862959285,0.09900332900274185,0.07726280803797317
0.9985925404644617,0.0007037297677691766,0.0007037297677691766
0.0008710801393728226,0.7262389717397856,0.2728899481208416

0.1819905213270142,0.38321926024330916,0.43479021842967674
0.8143971917250337,0.07051420181743184,0.11508860645753452
0.7952997516156369,0.11586129159266795,0.08883895679169518

Transition Gammas
1659.0,199.39270461152208,155.60729538847795
1419.0,1.0,1.0
1.0,833.7223395572735,313.277660442726

384.0,808.5926391133823,917.4073608866179
214.8985878364956,18.606894212007578,30.368939450057425
187.1350906695477,27.26231620623396,20.90392484145601

Iteration: ,10000
Error:,0.04860824511985711
Absolute Error:,1
Transition Probabilities
0.8180133432171979,0.0993456670188131,0.08264098976398898
0.9989429175475687,0.0005285412262156448,0.0005285412262156448
0.0006510416666666672,0.7244092087319408,0.27493974960139256

0.17982770997846376,0.383879396156293,0.4362928938652431
0.8118656090939681,0.07705889035723842,0.11107550054879342
0.7949656228855373,0.11915625811416952,0.08587811900029332

Transition Gammas
2207.0,268.03460961675773,222.96539038324227
1890.0,1.0,1.0
1.0,1112.6925446122602,422.3074553877386

501.0,1069.4879976914324,1215.5120023085674
285.12203729588435,27.06259208951537,39.0090091948537
250.73636418575924,37.582514349590355,27.08641317480706

Iteration: ,12500
Error:,0.05088901257450292
Absolute Error:,1
Transition Probabilities
0.8160919540229885,0.0992316345834173,0.0846764113935942
0.9991546914623838,0.00042265426880811494,0.00042265426880811494
0.0005305039787798413,0.7386359498370687,0.2608335461841514

0.17768832662449685,0.3849585161143507,0.43735315726115237
0.8075980519861784,0.07821039773002825,0.1141915502837934
0.7974332614514281,0.12610518681938812,0.07646155172918377

Transition Gammas
2769.0,336.6929361415349,287.30706385846514
2364.0,1.0,1.0
1.0,1392.3287654428734,491.671234557125

618.0,1338.8857190457118,1521.114280954288
360.7083168379593,34.93215573643887,51.00289902716265
314.4404918189591,49.72526088545327,30.149993853033898

Iteration: ,15000
Error:,0.04695975104321407
Absolute Error:,1
Transition Probabilities
0.8214804063860668,0.09746452401171504,0.0810550696022182
0.999291031549096,0.0003544842254519674,0.0003544842254519674
0.0004470272686633888,0.7459917959248925,0.25356117680644413

0.17720605914883386,0.3823125352439381,0.44048140560722804
0.801274409597804,0.07917978602912662,0.11954580437306929
0.8073813226210979,0.11899790342620968,0.07362077395269248

Transition Gammas
3396.0,402.91834226443,335.08165773557005
2819.0,1.0,1.0
1.0,1668.7836474839833,567.216352516015

737.0,1590.0378340795385,1831.9621659204613
423.4823178465001,41.847385755193805,63.18126938578121
383.9910577930621,56.59547667444749,35.014085753015635

Iteration: ,17500
Error:,0.04671367171029351
Absolute Error:,1
Transition Probabilities
0.8218782249742002,0.09582836951164286,0.08229340551415694
0.9993930197268589,0.00030349013657056146,0.00030349013657056146
0.00038402457757296505,0.7497997206317274,0.24981625479069958

0.1776356509180937,0.38246895903169315,0.43989539005021316
0.8079410055686672,0.07532604126432735,0.1167329531670053
0.8063785492678771,0.12289492280611694,0.07072652792600598

Transition Gammas
3982.0,464.2884502839097,398.71154971609036
3293.0,1.0,1.0
1.0,1952.478472525016,650.521527474981

861.0,1853.8270444266163,2132.1729555733828
496.8364457776726,46.32110804913214,71.78393614989903
442.3419188486025,67.4144618804212,38.79729700733377

Iteration: ,20000
Error:,0.04587786892879786
Absolute Error:,1
Transition Probabilities
0.8221422142214222,0.0957330937193048,0.08212469205927306
0.9994673768308922,0.0002663115845539281,0.0002663115845539281
0.0003361344537815131,0.7530290121050454,0.24663485344117303

0.17782199710564406,0.3797016479330106,0.44247635496134535
0.8047805199401005,0.07698399161054935,0.11823548844935018
0.808169745302466,0.12344672410012136,0.06838353059741262

Transition Gammas
4567.0,531.7973356107382,456.2026643892618
3753.0,1.0,1.0
1.0,2240.2613110125067,733.7386889874887

983.0,2098.990709773682,2446.0092902263164
571.1982302472832,54.63989084699812,83.9184101520233
504.1085272681577,77.00182621770917,42.6552974783248

Iteration: ,22500
Error:,0.045557848767543985
Absolute Error:,1
Transition Probabilities
0.8253512132822478,0.09339926633163886,0.0812495203861134
0.9995243757431629,0.00023781212841854935,0.00023781212841854935
0.0002977963073257894,0.7534298982534865,0.24627230543918766

0.17770259384565817,0.37776484925398035,0.4445325569003614
0.8047221920837323,0.07718494390717616,0.1180928640090916
0.8007572710475024,0.12740458831925133,0.07183814063324635

Transition Gammas
5170.0,585.0530043013858,508.94699569861433
4203.0,1.0,1.0
1.0,2530.0175983352055,826.9824016647915

1103.0,2344.7864193194555,2759.2135806805427
645.3050530878935,61.89444607788799,94.69842217394562
562.2193864936398,89.45198760121536,50.438249909155864

Iteration: ,24231
Error:,0.048127057535624886
Absolute Error:,1
Transition Probabilities
0.8232509983730217,0.09512081313643313,0.08162818849054515
0.9995591800749394,0.00022040996253030638,0.00022040996253030638
0.00027700831024930766,0.7507985466663252,0.2489244450234255

0.18013165769000603,0.3782151941832353,0.4416531481267587
0.8086430133574627,0.07590882683278895,0.1154481598097484
0.8020315511314124,0.12642631509178243,0.07154213377680518

*,*,*,*,*,*,*,*,*,*,*
Model Num 1
Model States: 
['square'],"['diamond', 'x', 'square']","['diamond', 'x', 'diamond']"
Iteration: ,24231
Error:,0.04606706433876004
Absolute Error:,1
Transition Probabilities
0.8232509983730217,0.09512081313643313,0.08162818849054515
0.9995591800749394,0.00022040996253030638,0.00022040996253030638
0.00027700831024930766,0.7507985466663252,0.2489244450234255

0.18013165769000603,0.3782151941832353,0.4416531481267587
0.8086430133574627,0.07590882683278895,0.1154481598097484
0.8020315511314124,0.12642631509178243,0.07154213377680518

Transition Gammas
5566.0,643.1118176154243,551.8881823845758
4535.0,1.0,1.0
1.0,2710.382753465432,898.6172465345654

1204.0,2527.990357920744,2952.0096420792543
694.2090188880685,65.16669448702704,99.11067359773257
601.940587321934,94.88545712689334,53.69379042897335

