0,1,2,3,4,5,6,7,8,9,10,11,12,13,14,15,16,17,18,19,20,21,22,23,24,25,26,27,28,29
github Code Version (SHA):,435d1819722f15ec466ddfbacb6c2019a68c5c80
Environment Observations,Environment Actions,alpha,epsilon,numActions,explore,gainThresh,insertRandActions,useBudd,revisedSplitting,haveControl,confidence_factor
"['diamond', 'square']","['x', 'y']",0.99,0.99,50000,0.5,0.0275,False,True,False,True,250

Model Num 0
Model States: 
['diamond'],['square']
Iteration: ,0
Error:,0.6748767967769392
Transition Probabilities
0.5,0.5
0.5,0.5

0.5,0.5
0.5,0.5

Transition Gammas
1.0,1.0
1.0,1.0

1.0,1.0
1.0,1.0

Iteration: ,2463
Error:,0.15048808072735875
Transition Probabilities
0.4262948207171315,0.5737051792828686
0.014705882352941176,0.9852941176470589

0.024,0.976
0.9733163913595934,0.026683608640406607


Model Num 1
Model States: 
['square'],"['diamond', 'x', 'square']","['diamond', 'x', 'diamond']"
Iteration: ,0
Error:,0.7258961478892645
Transition Probabilities
0.3333333333333333,0.3333333333333333,0.3333333333333333
0.3333333333333333,0.3333333333333333,0.3333333333333333
0.3333333333333333,0.3333333333333333,0.3333333333333333

0.3333333333333333,0.3333333333333333,0.3333333333333333
0.3333333333333333,0.3333333333333333,0.3333333333333333
0.3333333333333333,0.3333333333333333,0.3333333333333333

Transition Gammas
1.0,1.0,1.0
1.0,1.0,1.0
1.0,1.0,1.0

1.0,1.0,1.0
1.0,1.0,1.0
1.0,1.0,1.0

Iteration: ,2500
Error:,0.12417705956348543
Transition Probabilities
0.9742388758782201,0.0205167347019776,0.005244389419802259
0.9957446808510638,0.002127659574468085,0.002127659574468085
0.0033003300330033017,0.9700140060613284,0.02668566390566842

0.02533532041728763,0.3008743839439524,0.67379029563876
0.847203965437075,0.05142493480054961,0.10137109976237532
0.9789908880895128,0.013558549245385802,0.007450562665101306

Transition Gammas
832.0,17.52129143548887,4.4787085645111295
468.0,1.0,1.0
1.0,293.9142438365824,8.085756163417528

17.0,201.88671162639204,452.113288373608
30.87541070101937,1.874124823555305,3.6943575172746432
148.91415893621036,2.0623889168284126,1.13330398308431

Iteration: ,5000
Error:,0.1628529022859933
Transition Probabilities
0.974816369359916,0.018385405493692414,0.0067982251463915315
0.9986996098829649,0.0006501950585175553,0.0006501950585175553
0.002487562189054728,0.9748184036466524,0.02269403416429278

0.025683060109289613,0.669044125776413,0.3052728141142974
0.8246157672686645,0.1277473080736468,0.04763692465768879
0.9777115123247138,0.015216395791974886,0.007072091883311229

Transition Gammas
929.0,17.52129143548887,6.4787085645111295
1536.0,1.0,1.0
1.0,391.876998265954,9.12300173404569

47.0,1224.350750170836,558.6492498291643
77.64244252822128,12.02816319908125,4.485297676524743
156.67844387595602,2.438430134077708,1.13330398308431

Iteration: ,7500
Error:,0.1673516345207906
Transition Probabilities
0.9748792270531401,0.018744939595395207,0.006375833351464694
0.9992223950233281,0.00038880248833592535,0.00038880248833592535
0.0021413276231263393,0.9782539370818605,0.0196047352950132

0.02848625372639946,0.7636216909339796,0.20789205533962093
0.8668457409590624,0.10659474499468208,0.02655951404625541
0.9777115123247138,0.015216395791974886,0.007072091883311229

Transition Gammas
1009.0,19.40101248123404,6.598987518765958
2570.0,1.0,1.0
1.0,456.8445886172286,9.15541138277116

86.0,2305.373884929685,627.6261150703158
178.90911860152798,22.000191006826256,5.481643415866841
156.67844387595602,2.438430134077708,1.13330398308431

Iteration: ,10000
Error:,0.1437342652225358
Transition Probabilities
0.9795244385733157,0.015284650353282327,0.005190911073401952
0.9992766726943942,0.0003616636528028933,0.0003616636528028933
0.0015873015873015884,0.9838217508289746,0.014590947583723826

0.027841052898000495,0.7627133762929802,0.2094455708090194
0.9506023131470975,0.039186441794741844,0.010211245058160632
0.9777115123247138,0.015216395791974886,0.007072091883311229

Transition Gammas
1483.0,23.140960634869444,7.859039365130556
2763.0,1.0,1.0
1.0,619.8077030222536,9.192296977746004

110.0,3013.480549733566,827.519450266436
762.0158683855587,31.412389871325374,8.185474264765391
156.67844387595602,2.438430134077708,1.13330398308431

Iteration: ,12500
Error:,0.13978691523192138
Transition Probabilities
0.9788825340959085,0.016979131473522747,0.004138334430568762
0.999379074821484,0.0003104625892579944,0.0003104625892579944
0.0010427528675703863,0.97786959126225,0.02108765587017957

0.02709094818318641,0.7245132036396228,0.24839584817719088
0.9502486601173837,0.03884648672840663,0.010904853154209604
0.9777115123247138,0.015216395791974886,0.007072091883311229

Transition Gammas
2225.0,38.5935658393172,9.406434160682796
3219.0,1.0,1.0
1.0,937.7769380204974,20.223061979502198

126.0,3369.7109101278857,1155.2890898721148
965.8423553429144,39.483962265126216,11.083803110892422
156.67844387595602,2.438430134077708,1.13330398308431

Iteration: ,15000
Error:,0.13723901080436302
Transition Probabilities
0.9792364367046216,0.017559194839123864,0.0032043684562545697
0.9994579945799458,0.00027100271002710027,0.00027100271002710027
0.0007836990595611287,0.9794227726822635,0.019793528258175274

0.026579925650557615,0.6968066402737141,0.27661343407572836
0.9478904171140494,0.0413360435963152,0.010773539289635358
0.9777115123247138,0.015216395791974886,0.007072091883311229

Transition Gammas
2924.0,52.43175578962386,9.568244210376145
3688.0,1.0,1.0
1.0,1249.743457942568,25.256542057431645

143.0,3748.819724672582,1488.1802753274187
1171.2882807471885,51.0780809286243,13.31263623335163
156.67844387595602,2.438430134077708,1.13330398308431

Iteration: ,17500
Error:,0.13691561040561287
Transition Probabilities
0.9798115746971736,0.016224961881339824,0.003963463421486556
0.9995214166068438,0.00023929169657812874,0.00023929169657812874
0.0006269592476489026,0.977870642698435,0.021502398053916044

0.02735014739600394,0.6760809044164652,0.2965689481875309
0.9483694316724269,0.039735196707792596,0.011895371619780359
0.9777115123247138,0.015216395791974886,0.007072091883311229

Transition Gammas
3640.0,60.27573338917744,14.724266610822555
4177.0,1.0,1.0
1.0,1559.7036751040043,34.2963248959961

167.0,4128.150002366935,1810.8499976330631
1351.3970232993931,56.62142278925162,16.95053558365196
156.67844387595602,2.438430134077708,1.13330398308431

Iteration: ,19482
Error:,0.13438305827509456
Transition Probabilities
0.9806931844615027,0.01563562944243085,0.0036711860960664745
0.9995594713656387,0.00022026431718061675,0.00022026431718061675
0.0005467468562055767,0.9790453949459392,0.02040785819785518

0.026185844680532703,0.664652807802423,0.3091613475170442
0.9483520314700474,0.04023676641460526,0.011411202115347335
0.9777115123247138,0.015216395791974886,0.007072091883311229


Model Num 2
Model States: 
"['diamond', 'x', 'square']","['diamond', 'x', 'diamond']","['square', 'y', 'diamond', 'x', 'square']","['square', 'y', 'diamond', 'x', 'diamond']"
Iteration: ,0
Error:,0.6750083351937024
Transition Probabilities
0.25,0.25,0.25,0.25
0.25,0.25,0.25,0.25
0.25,0.25,0.25,0.25
0.25,0.25,0.25,0.25

0.25,0.25,0.25,0.25
0.25,0.25,0.25,0.25
0.25,0.25,0.25,0.25
0.25,0.25,0.25,0.25

Transition Gammas
1.0,1.0,1.0,1.0
1.0,1.0,1.0,1.0
1.0,1.0,1.0,1.0
1.0,1.0,1.0,1.0

1.0,1.0,1.0,1.0
1.0,1.0,1.0,1.0
1.0,1.0,1.0,1.0
1.0,1.0,1.0,1.0

Iteration: ,2500
Error:,0.03621238527018615
Transition Probabilities
0.00209205020920502,0.00209205020920502,0.9731019707238627,0.022713928857727293
0.9802894854766824,0.014515709328512425,0.0025974025974025974,0.0025974025974025974
0.011216211966793788,0.0054925454905605155,0.014444265252550145,0.9688469772900956
0.014852458032962533,0.005670095228257802,0.0250190705167341,0.9544583762220455

0.011259057892517991,0.008251368236267055,0.9010544524918516,0.07943512137936347
0.04167098498190923,0.04167098498190923,0.07964543673186607,0.8370125933043154
0.9572845631873913,0.0033072561533235728,0.01664132933377074,0.02276685132551436
0.0025483136579513505,0.9823290521202248,0.005920344758435454,0.009202289463388502

Transition Gammas
1.0,1.0,465.14274200600664,10.857257993993652
377.41145190852274,5.588548091477284,1.0,1.0
3.7411337351011773,1.832022013060051,4.817841190505969,323.1559925598382
3.6048884515192072,1.3762072757248287,6.072460071818131,231.65970038511716

2.693215043523053,1.9737627495752041,215.53609810436498,19.00122247574095
1.0,1.0,1.9112923960507011,20.0862205121307
330.1063228503079,1.140461477684965,5.738531931843836,7.850833349826018
1.0318356899087093,397.7540881002456,2.397202165148181,3.7260918284402154

Iteration: ,5000
Error:,0.032456702504876866
Transition Probabilities
0.001071811361200429,0.001071811361200429,0.9752704888425232,0.022585888435075935
0.9835792379636191,0.01381998180231066,0.001300390117035111,0.001300390117035111
0.013965015039360401,0.0057342480400814485,0.01885545186654433,0.9614452850540138
0.022970412699236616,0.0029342061021070246,0.017313250385982696,0.9567821308126736

0.01666862206808641,0.00724714415841781,0.9293908881754678,0.04669334559802791
0.022893236973077765,0.022893236973077765,0.06411278540997264,0.8901007406438718
0.9643304088432963,0.0017578327760377184,0.014005150604477238,0.019906607776188575
0.0012731462712797592,0.9774426000023443,0.006085061546811139,0.015199192179564962

Transition Gammas
1.0,1.0,909.927366090074,21.07263390992584
756.3724339940229,10.627566005976893,1.0,1.0
9.787666970134604,4.018965248678659,13.215229838348334,673.8486305665886
11.784667514589305,1.505355771590448,8.882334943961267,490.8644630447744

8.104983612922782,3.523865644354888,451.908855326677,22.704264297234918
1.0,1.0,2.800512023938279,38.88051050581541
633.5381651747589,1.1548470746150221,9.200993078295122,13.078085736721262
1.032571484124672,792.7442265660308,4.935223213641314,12.327140078393137

Iteration: ,7500
Error:,0.025343620827825562
Transition Probabilities
0.0007593014426727408,0.0007593014426727408,0.9801010596130981,0.018380337501556435
0.987087612991366,0.011150272471189038,0.0008810572687224679,0.0008810572687224679
0.012021294881549979,0.004713410926690796,0.014397235481842996,0.9688680587099162
0.024897104837350154,0.0019340415049519531,0.015168533561778982,0.958000320095919

0.018194854519470022,0.007377794997752232,0.9421369619923983,0.0322903884903795
0.010068816764942054,0.010068816764942054,0.035760742030818374,0.9441016244392976
0.9708486528293485,0.001197014790788828,0.010759040352237808,0.01719529202762475
0.0008342703414237503,0.9765192721346613,0.005678141761842331,0.016968315762072802

Transition Gammas
1.0,1.0,1290.7930955104507,24.20690448954983
1120.3444407451993,12.655559254799545,1.0,1.0
12.676504059723982,4.970310880489721,15.181943029655821,1021.6752854489142
19.378591600457195,1.505355771590448,11.806385481036854,745.656857595574

14.398441493095158,5.838395108326475,745.5571525023158,25.55289842908757
1.0,1.0,3.551633013655719,93.76490271692127
942.3201713115493,1.1618403954430336,10.442884911383501,16.69000670908038
1.0335061755009294,1209.7262100010614,7.034164208952799,21.0205951922298

Iteration: ,10000
Error:,0.024488041983324903
Transition Probabilities
0.0006064281382656154,0.0006064281382656154,0.9804114414873406,0.018375702236128152
0.9856284462476258,0.012981699687051066,0.0006949270326615716,0.0006949270326615716
0.01342967556634775,0.004554933853456807,0.012681338496258484,0.969334052083937
0.02143432549208294,0.0014618951473043041,0.013345121307394514,0.9637586580532181

0.015874791517631343,0.006700760888530761,0.9517638724949429,0.025660575098895144
0.01799494996625929,0.00729095284256073,0.041965112809545665,0.9327489843816343
0.971540298503882,0.0008957135278679881,0.01153340946758757,0.01603057850066244
0.000603617528581724,0.9787357749991953,0.004790251876167341,0.015870355596055707

Transition Gammas
1.0,1.0,1616.6984670126249,30.301532987375328
1418.3193341503313,18.680665849666454,1.0,1.0
18.178462006511705,6.165576494247116,17.165509986228347,1312.094409903752
22.172297111765428,1.5122273646656859,13.804586233860933,996.9403197821703

17.358509385475585,7.3270392650009555,1040.7193124464518,28.058909195510143
4.874449412819875,1.9749641354354552,11.367456974148622,252.66187167801985
1266.0872187709247,1.167271652097448,15.030053141646242,20.890652277056926
1.0352962292875694,1678.6812995744956,8.21601340237141,27.220083128889474

Iteration: ,12500
Error:,0.023299264105610923
Transition Probabilities
0.0005170630816959666,0.0005170630816959666,0.9801479833072789,0.01881789052932921
0.9860808235766363,0.012792415859983393,0.0005633802816901414,0.0005633802816901414
0.0130489930073531,0.0054100085972366195,0.010201311814169533,0.9713396865812407
0.02437782513084026,0.002219839779168504,0.012351027330759165,0.9610513077592321

0.01580814522308566,0.006646756322911283,0.9564003635327121,0.02114473492129099
0.011337462576622857,0.0049052203989851965,0.03241957740965962,0.9513377396147324
0.9725107636594209,0.0007843469938074967,0.010944287799025777,0.01576060154774574
0.00043436304028981955,0.9799139098699367,0.0038872519256019328,0.01576447516417165

Transition Gammas
1.0,1.0,1895.6061997162783,36.393800283722705
1750.2934618485276,22.7065381514705,1.0,1.0
22.01476751384629,9.127147316958562,17.21048572856506,1638.733147071852
27.274231531567544,2.4835859546564354,13.818491898429375,1075.2368490977683

21.17519359669343,8.903407069043844,1281.1093627972177,28.323617299215563
6.847063198889213,2.96242248645523,19.57923952604061,574.543870165594
1450.0074633490128,1.1694564598922266,16.317864626930177,23.49895828927255
1.0375195261746077,2340.6222932361047,9.28508966435277,37.655024220775275

Iteration: ,15000
Error:,0.023779483783541944
Transition Probabilities
0.00044603033006244426,0.00044603033006244426,0.9819427763576128,0.017165162982262172
0.9858754973506433,0.013174383884511115,0.00047505938242280334,0.00047505938242280334
0.013995461644036486,0.005598429085244989,0.00945205357260855,0.97095405569811
0.025543352498493495,0.0028782883713228615,0.011482030647041133,0.9600963284831425

0.01601406491631763,0.006947540690242574,0.9579182567076304,0.01912013768580922
0.013315470874356201,0.00525042162187416,0.03566809134941019,0.9457660161543594
0.9722107167030899,0.000697460371517221,0.010753009163888114,0.016338813761504763
0.00033959750492314157,0.9805223355395852,0.00317513608444183,0.015962930871049823

Transition Gammas
1.0,1.0,2201.515704593768,38.48429540623179
2075.2679219231018,27.732078076895867,1.0,1.0
28.39280834622776,11.35761921258521,19.175526495026727,1969.7894301454398
30.76882864991088,3.467107996395047,13.830942259935158,1156.5059606114212

24.935325835038757,10.817939840300355,1491.5640706563063,29.77175787021147
12.494498658133542,4.926704172023044,33.468956802846634,887.4543252170413
1631.9575378622728,1.1707603003160072,18.050052378787495,27.42641057099015
1.0391980413316764,3000.484031251379,9.716193882697253,48.84796341145764

Iteration: ,15464
Error:,0.023159737046245427
Transition Probabilities
0.00043706293706293706,0.00043706293706293706,0.9823004312846094,0.016825442841264675
0.9862764749199927,0.01280059014692007,0.00046146746654360916,0.00046146746654360916
0.014029220602058282,0.005900214219428638,0.009627525942144846,0.9704430392363683
0.025154075682535703,0.002834423693314641,0.011309096522756744,0.960702404101393

0.015506762398935052,0.006727452605162649,0.9592332399585174,0.01853254503738483
0.012483842407578438,0.005908521030640413,0.034976436299583365,0.9466312002621978
0.9727621083046981,0.0006837591326737051,0.010539594606511694,0.01601453795611649
0.0003265523081965754,0.9809771885242964,0.0030650438004148186,0.015631215367092277

