0,1,2,3,4,5,6,7,8,9,10,11,12,13,14,15,16,17,18,19,20,21,22,23,24,25,26,27,28,29
github Code Version (SHA):,83e837b3de1a08bfde9277c8a2759251ab95ca79
Environment Observations,Environment Actions,alpha,epsilon,numActions,explore,gainThresh,insertRandActions,useBudd,revisedSplitting,haveControl,confidence_factor
"['square', 'diamond']","['x', 'y']",0.99,0.99,50000,0.5,0.0275,False,True,False,True,250

Model Num 0
Model States: 
['square'],['diamond']
Iteration: ,0
Error:,0.6721859623025312
Transition Probabilities
0.5,0.5
0.5,0.5

0.5,0.5
0.5,0.5

Transition Gammas
1.0,1.0
1.0,1.0

1.0,1.0
1.0,1.0

Iteration: ,2454
Error:,0.25919614112076234
Transition Probabilities
0.98145285935085,0.01854714064914992
0.6143106457242583,0.3856893542757417

0.024324324324324326,0.9756756756756757
0.762,0.238


Model Num 1
Model States: 
['square'],"['diamond', 'x', 'square']","['diamond', 'x', 'diamond']"
Iteration: ,0
Error:,0.7063136555970552
Transition Probabilities
0.3333333333333333,0.3333333333333333,0.3333333333333333
0.3333333333333333,0.3333333333333333,0.3333333333333333
0.3333333333333333,0.3333333333333333,0.3333333333333333

0.3333333333333333,0.3333333333333333,0.3333333333333333
0.3333333333333333,0.3333333333333333,0.3333333333333333
0.3333333333333333,0.3333333333333333,0.3333333333333333

Transition Gammas
1.0,1.0,1.0
1.0,1.0,1.0
1.0,1.0,1.0

1.0,1.0,1.0
1.0,1.0,1.0
1.0,1.0,1.0

Iteration: ,2500
Error:,0.24032060588721632
Transition Probabilities
0.9805352798053528,0.0181155927764234,0.001349127418223802
0.9962264150943396,0.0018867924528301887,0.0018867924528301887
0.003205128205128205,0.9388546813903884,0.057940190404483276

0.015625000000000007,0.2645909331194688,0.7197840668805311
0.6711872512255314,0.1500949007685492,0.17871784800591944
0.5618683414986099,0.42586103804412057,0.012270620457269496

Transition Gammas
806.0,14.891017262220036,1.1089827377799653
528.0,1.0,1.0
1.0,292.9226605938012,18.07733940619878

10.0,169.33819719646,460.66180280353973
14.93812605757188,3.340552944331672,3.9775930448257633
89.78431652131096,68.05089272669399,1.9607961326133614

Iteration: ,5000
Error:,0.23105542537821744
Transition Probabilities
0.9780461031833151,0.020736572186849656,0.0012173246298353077
0.9987460815047022,0.0006269592476489029,0.0006269592476489029
0.0024330900243309007,0.948222849485081,0.04934406049058816

0.022752497225305222,0.6607340483395837,0.31651345443511103
0.7843244972256066,0.16461212599649117,0.05106337677790223
0.572170985960828,0.41614401666535505,0.011684997373816796

Transition Gammas
891.0,18.891017262220036,1.1089827377799653
1593.0,1.0,1.0
1.0,389.71959113836823,20.28040886163173

41.0,1190.6427551079296,570.35724489207
68.65107393892814,14.408321138767972,4.469522075558426
96.01291472940262,69.83087393036257,1.9607961326133614

Iteration: ,7500
Error:,0.22832163220967777
Transition Probabilities
0.9781477627471384,0.020694675244851708,0.0011575620080098946
0.9992581602373887,0.000370919881305638,0.000370919881305638
0.0020964360587002093,0.9550550877417007,0.04284847619959916

0.024333333333333332,0.763048802993685,0.21261786367298158
0.790282695345635,0.18241711105038522,0.02730019360397967
0.572170985960828,0.41614401666535505,0.011684997373816796

Transition Gammas
940.0,19.88758291030249,1.1124170896975087
2694.0,1.0,1.0
1.0,455.56127685279125,20.4387231472088

73.0,2289.146408981055,637.8535910189447
130.88133187381428,30.210701298990262,4.521275387080485
96.01291472940262,69.83087393036257,1.9607961326133614

Iteration: ,10000
Error:,0.23824003931891458
Transition Probabilities
0.9803350327749454,0.018845998804407953,0.000818968420646674
0.9993664871713652,0.0003167564143173899,0.0003167564143173899
0.002024291497975708,0.9565433003126056,0.041432408189418755

0.024590163934426257,0.7992934752482005,0.17611636081737328
0.6730376738398366,0.313689963193459,0.013272362966704376
0.572170985960828,0.41614401666535505,0.011684997373816796

Transition Gammas
1346.0,25.87555635845212,1.1244436415478833
3155.0,1.0,1.0
1.0,472.5323903544272,20.467609645572868

96.0,3120.441727368971,687.5582726310245
489.8997962552114,228.33290769448206,9.660867683851238
96.01291472940262,69.83087393036257,1.9607961326133614

Iteration: ,10098
Error:,0.2368960113348858
Transition Probabilities
0.9799283154121864,0.01926428065169623,0.0008074039361173934
0.9993698802772527,0.000315059861373661,0.000315059861373661
0.0020161290322580645,0.9567185289403773,0.04126534202736465

0.024408848207475232,0.8004576534962518,0.17513349829627303
0.666081207854342,0.31863699316151944,0.015281798984138607
0.572170985960828,0.41614401666535505,0.011684997373816796


Model Num 2
Model States: 
"['diamond', 'x', 'square']","['diamond', 'x', 'diamond']","['square', 'y', 'diamond', 'x', 'square']","['square', 'y', 'diamond', 'x', 'diamond']"
Iteration: ,0
Error:,0.6715829653153939
Transition Probabilities
0.25,0.25,0.25,0.25
0.25,0.25,0.25,0.25
0.25,0.25,0.25,0.25
0.25,0.25,0.25,0.25

0.25,0.25,0.25,0.25
0.25,0.25,0.25,0.25
0.25,0.25,0.25,0.25
0.25,0.25,0.25,0.25

Transition Gammas
1.0,1.0,1.0,1.0
1.0,1.0,1.0,1.0
1.0,1.0,1.0,1.0
1.0,1.0,1.0,1.0

1.0,1.0,1.0,1.0
1.0,1.0,1.0,1.0
1.0,1.0,1.0,1.0
1.0,1.0,1.0,1.0

Iteration: ,2500
Error:,0.04215702363058697
Transition Probabilities
0.0018656716417910437,0.0018656716417910437,0.9761094017524746,0.020159254963943343
0.9849163377869256,0.009353003187286418,0.002865329512893983,0.002865329512893983
0.004692496077130464,0.014737286158104117,0.02529990422339199,0.9552703135413735
0.033879127047758084,0.008251766989277225,0.021077979730222997,0.9367911262327416

0.019293717497004016,0.004810809306956924,0.9637690751214822,0.01212639807455678
0.8891724336768779,0.032144707025543305,0.044996449085440926,0.03368641021213787
0.9704415538220501,0.0030238124075316146,0.014527481746827905,0.012007152023590446
0.002662284830313084,0.9638299947946758,0.020552443073734203,0.012955277301276925

Transition Gammas
1.0,1.0,523.1946393393267,10.805360660673639
343.73580188763697,3.2641981123629593,1.0,1.0
1.7633463707663635,5.537978004603827,9.507199059894814,358.97151809961844
7.935534139012806,1.9328177658851913,4.937111499207685,219.4253102467736

4.031461442546224,1.0052283719532542,201.38150496264012,2.5338354975983117
27.923289849083613,1.0094622115942695,1.4130542540513455,1.0578773708030624
358.82487444912016,1.1180674438526603,5.37159790132326,4.439695312291197
1.0107722184983101,365.93101196435924,7.803011249835185,4.9186451539569225

Iteration: ,5000
Error:,0.03943877860290889
Transition Probabilities
0.0009615384615384617,0.0009615384615384617,0.9827608261235602,0.015316096953362933
0.9867985727823713,0.010356477004257507,0.0014224751066856335,0.0014224751066856335
0.006432420233702064,0.009601723131990219,0.017534398812687268,0.9664314578216204
0.027778145551120077,0.00433456301169001,0.02565521632570322,0.9422320751114867

0.016730435079331432,0.005619837529654552,0.9698351216078167,0.007814605783197261
0.8487048942255395,0.059791399309705374,0.06496139704466006,0.02654230942009508
0.9686638791079558,0.0014896197281462256,0.019476307355916066,0.010370193807981874
0.001351444401288744,0.9738019023912867,0.015728688073191385,0.009117965134233104

Transition Gammas
1.0,1.0,1022.0712591685024,15.928740831497446
693.7193966660068,7.280603333993025,1.0,1.0
4.807326138366371,7.175932682993851,13.104487995221994,722.2710953776567
12.83666999897289,2.003062258725012,11.855634679401225,435.4186347103322

7.557113158058328,2.5384724270541543,438.0731119003519,3.529846050578541
42.88573504457922,3.0213070835187588,3.282551191513051,1.3412040592745094
729.7838881726651,1.1222680029179715,14.673299599584054,7.8128239542311535
1.0115969867495698,728.9201606892839,11.773398480315878,6.825072527054812

Iteration: ,7500
Error:,0.02851083736205681
Transition Probabilities
0.0006858710562414263,0.0006858710562414263,0.984916147746193,0.013712110141324205
0.9881315128162449,0.009937985253253132,0.0009652509652509648,0.0009652509652509648
0.005693962865429727,0.007232057168515001,0.013708323270196865,0.9733656566958585
0.02141151900517839,0.0027768930132991924,0.017499988438317852,0.9583115995432047

0.012260652546052983,0.005752266139936962,0.9757262907022727,0.006260790611737455
0.8938475368397713,0.04937569438754831,0.04030763738052068,0.016469131392159844
0.9758046443496449,0.000991362725585785,0.01579306166282528,0.0074109312619441495
0.0009139851971295912,0.9796511765534243,0.012839586527983561,0.00659525172146257

Transition Gammas
1.0,1.0,1436.0077434139498,19.992256586050697
1023.7042472776302,10.29575272237025,1.0,1.0
6.286824387822277,7.985066719909777,15.135648596247224,1074.7135331593588
15.77999957766512,2.046532549441482,12.897254515152015,706.2626725551817

9.534423140992546,4.473215368575035,758.7677156989037,4.868666383395326
72.79266381666787,4.0210306278570895,3.282551191513051,1.3412040592745094
1108.3123244584735,1.1259830880470527,17.93765277014821,8.417285673815904
1.0121883180669005,1084.9097773158749,14.21913564163714,7.303878408687741

Iteration: ,10000
Error:,0.022799831955638058
Transition Probabilities
0.0005205622071837581,0.0005205622071837581,0.9874806558042695,0.011478219781363111
0.9869416251285105,0.01145709384666969,0.0008006405124099278,0.0008006405124099278
0.007837577195058515,0.005852514477324243,0.011032397173875297,0.975277511153742
0.02127759882629833,0.002036163845427824,0.016543183930267713,0.9601430533980061

0.015275277516847981,0.005878294575700762,0.9667837537394559,0.012062674167995242
0.9429346571756761,0.025693918535259548,0.02549688294809289,0.005874541340971364
0.979249140757568,0.000750102438765047,0.014058055316940007,0.005942701486727021
0.0006899673900609605,0.9826466563609636,0.01020744253044855,0.006455933718526828

Transition Gammas
1.0,1.0,1896.950339800003,22.049660199998552
1232.6900897855098,14.309910214490447,1.0,1.0
11.486514794430116,8.577267241563604,16.168745800123695,1429.3370619182529
21.723820117709494,2.0788650763349765,16.890117856303235,980.278608952197

16.07813088478711,6.187251882213483,1017.596944655461,12.696676304548616
221.7232238181937,6.041710745072767,5.995379469346455,1.3813494229545062
1472.2822234525036,1.1277645702173305,21.136015420376836,8.934737232880579
1.0138227054659583,1443.8790963453075,14.998588558211882,9.486205120864465

Iteration: ,12500
Error:,0.02224956000290706
Transition Probabilities
0.00039416633819471756,0.00039416633819471756,0.9881286028772185,0.011083064446392107
0.9815543521786747,0.01692819713847255,0.0007587253414264036,0.0007587253414264036
0.008369388300387895,0.005691754957099616,0.008981795437634837,0.9769570613048777
0.018818741899032036,0.0018008630665546288,0.014661591342492767,0.9647188036919206

0.015677840803569477,0.005460086222557175,0.9660499750621738,0.012812097911699486
0.9506357291715785,0.020675016152201027,0.023132521836004862,0.005556732840215733
0.9793582706379749,0.0006369306704980353,0.013641281576921146,0.006363517114606005
0.0005270463506659602,0.9826907134897084,0.01135251449885648,0.005429725660769179

Transition Gammas
1.0,1.0,2506.8822654995074,28.117734500496823
1293.6886361714935,22.311363828506824,1.0,1.0
16.018920689965693,10.89395879030635,17.191061473668253,1869.8854827681332
21.723820117709494,2.0788650763349765,16.92492381650988,1113.6439336921428

17.958150759306214,6.254244622841696,1106.5599728019108,14.675591411089435
598.6461739329413,13.019728730691336,14.567299824310618,3.49925502722429
1735.2680557901544,1.128540473292031,24.170194779740854,11.27514649389388
1.0167820589379233,1895.814828617455,21.901362283762104,10.475070418093173

Iteration: ,14777
Error:,0.021372005399856123
Transition Probabilities
0.0003232062055591464,0.0003232062055591464,0.9886322553701784,0.010721332218703337
0.9808885852561516,0.01765898191886656,0.000726216412490922,0.000726216412490922
0.010800157887084836,0.00492769111749026,0.007377058354177998,0.976895092641247
0.01765391869424198,0.00237419045353235,0.013171961436527225,0.9667999294156985

0.01647918623531957,0.006842316096177495,0.9647101266051016,0.011968371063401281
0.955341265655567,0.018995502038041106,0.020087100097579427,0.005576132208812511
0.9793871397834734,0.0005675799184621467,0.013995033006335858,0.0060502472917287236
0.00043306647794822973,0.9841217830479041,0.010152641622559874,0.005292508851587797

