0,1,2,3,4,5,6,7,8,9,10,11,12,13,14,15,16,17,18,19,20,21,22,23,24,25,26,27,28,29
github Code Version (SHA):,83e837b3de1a08bfde9277c8a2759251ab95ca79
Environment Observations,Environment Actions,alpha,epsilon,numActions,explore,gainThresh,insertRandActions,useBudd,revisedSplitting,haveControl,confidence_factor
"['square', 'diamond']","['x', 'y']",0.99,0.99,50000,0.5,0.0275,False,True,False,True,250

Model Num 0
Model States: 
['square'],['diamond']
Iteration: ,0
Error:,0.6718289505596912
Transition Probabilities
0.5,0.5
0.5,0.5

0.5,0.5
0.5,0.5

Transition Gammas
1.0,1.0
1.0,1.0

1.0,1.0
1.0,1.0

Iteration: ,2445
Error:,0.25571875907505254
Transition Probabilities
0.9832826747720365,0.016717325227963525
0.654054054054054,0.34594594594594597

0.02168021680216802,0.978319783197832
0.742,0.258


Model Num 1
Model States: 
['square'],"['diamond', 'x', 'square']","['diamond', 'x', 'diamond']"
Iteration: ,0
Error:,0.7056784226550764
Transition Probabilities
0.3333333333333333,0.3333333333333333,0.3333333333333333
0.3333333333333333,0.3333333333333333,0.3333333333333333
0.3333333333333333,0.3333333333333333,0.3333333333333333

0.3333333333333333,0.3333333333333333,0.3333333333333333
0.3333333333333333,0.3333333333333333,0.3333333333333333
0.3333333333333333,0.3333333333333333,0.3333333333333333

Transition Gammas
1.0,1.0,1.0
1.0,1.0,1.0
1.0,1.0,1.0

1.0,1.0,1.0
1.0,1.0,1.0
1.0,1.0,1.0

Iteration: ,2500
Error:,0.22271327696049198
Transition Probabilities
0.9810874704491725,0.016502942005845914,0.0024095875449815073
0.9961904761904762,0.0019047619047619048,0.0019047619047619048
0.0033333333333333327,0.9699112392805408,0.026755427386125918

0.020569620253164556,0.2622947004760281,0.7171356792708075
0.828496325936122,0.09779644946851206,0.07370722459536602
0.4490807181174826,0.5400898055972223,0.01082947628529512

Transition Gammas
830.0,13.961488936945644,2.0385110630543553
523.0,1.0,1.0
1.0,290.9733717841623,8.026628215837777

13.0,165.77025070084974,453.2297492991503
22.386514600623393,2.642524263993866,1.9916175943341599
66.63309201774157,80.13671543294629,1.6068414000203055

Iteration: ,5000
Error:,0.22398392563431352
Transition Probabilities
0.9809725158562368,0.01581552741749011,0.0032119567262731026
0.9987253027405991,0.0006373486297004461,0.0006373486297004461
0.002463054187192119,0.97270319955666,0.024833746256147888

0.021885521885521887,0.6553876905232469,0.3227267875912313
0.8122468136683301,0.15600145801315654,0.03175172831851342
0.47842816762646845,0.5115425171804459,0.010029315193085761

Transition Gammas
928.0,14.961488936945644,3.0385110630543553
1567.0,1.0,1.0
1.0,394.91749902000385,10.08250097999604

39.0,1167.9008645124259,575.0991354875741
82.13528545400655,15.775037918934743,3.2107694671290865
76.6511144457847,81.95651234919865,1.6068414000203055

Iteration: ,7500
Error:,0.2240540879466625
Transition Probabilities
0.9817813765182186,0.015143207426058344,0.0030754160557230317
0.9992573338284441,0.0003713330857779428,0.0003713330857779428
0.0022172949002217317,0.975364913540265,0.022417791559513234

0.020408163265306117,0.7711047571254844,0.20848707960920937
0.7982857344455759,0.1831718440310999,0.018542421523324023
0.47842816762646845,0.5115425171804459,0.010029315193085761

Transition Gammas
970.0,14.961488936945644,3.0385110630543553
2691.0,1.0,1.0
1.0,439.8895760066591,10.11042399334046

61.0,2304.8321190480738,623.167880951927
138.43444048635283,31.764681049837254,3.215527521140326
76.6511144457847,81.95651234919865,1.6068414000203055

Iteration: ,9854
Error:,0.23130434244526482
Transition Probabilities
0.9804205946337926,0.017280195920700236,0.002299209445507158
0.9993512812195913,0.0003243593902043464,0.0003243593902043464
0.002159827213822896,0.9759915064531502,0.021848666333026852

0.019074993467467997,0.8067480408559591,0.1741769656765729
0.6969418479792667,0.2905923719616803,0.012465780059052875
0.47842816762646845,0.5115425171804459,0.010029315193085761


Model Num 2
Model States: 
"['diamond', 'x', 'square']","['diamond', 'x', 'diamond']","['square', 'y', 'diamond', 'x', 'square']","['square', 'y', 'diamond', 'x', 'diamond']"
Iteration: ,0
Error:,0.6721668750391394
Transition Probabilities
0.25,0.25,0.25,0.25
0.25,0.25,0.25,0.25
0.25,0.25,0.25,0.25
0.25,0.25,0.25,0.25

0.25,0.25,0.25,0.25
0.25,0.25,0.25,0.25
0.25,0.25,0.25,0.25
0.25,0.25,0.25,0.25

Transition Gammas
1.0,1.0,1.0,1.0
1.0,1.0,1.0,1.0
1.0,1.0,1.0,1.0
1.0,1.0,1.0,1.0

1.0,1.0,1.0,1.0
1.0,1.0,1.0,1.0
1.0,1.0,1.0,1.0
1.0,1.0,1.0,1.0

Iteration: ,2500
Error:,0.036920798164877464
Transition Probabilities
0.002145922746781116,0.002145922746781116,0.9636016360771292,0.03210651842930858
0.9807020857545554,0.013992874457646288,0.0026525198938992032,0.0026525198938992032
0.007425703483758491,0.007038029219782854,0.010183084949779963,0.9753531823466787
0.015638857141459482,0.005537468469507666,0.013903320858080388,0.9649203535309525

0.02097692019409097,0.00915968280015789,0.9584931590339645,0.01137023797178647
0.8831743500905282,0.03921093874490037,0.0388073555822857,0.0388073555822857
0.9627789772365088,0.0033326295139155743,0.018415809452653267,0.015472583796922458
0.0026008095859449453,0.9731126100539632,0.01208118779229603,0.012205392567795934

Transition Gammas
1.0,1.0,449.0383624119422,14.9616375880578
369.7246863294675,5.275313670532652,1.0,1.0
2.7601562495362133,2.6160565632456008,3.7850832079639036,362.5417022976265
3.6579702572604313,1.295228594951288,3.252023707101935,225.69743568308107

5.611065279122255,2.4501012375599815,256.3850000462256,3.041397255104218
22.75791114439317,1.010399656368209,1.0,1.0
322.2711828249386,1.1155316856311448,6.164327260261039,5.1791407991735445
1.0393205530803837,388.86965872333184,4.827814710470267,4.8774487077707205

Iteration: ,5000
Error:,0.03062961567870276
Transition Probabilities
0.0010638297872340415,0.0010638297872340415,0.9731127712595545,0.024759569165977376
0.988854532772714,0.008457295184275349,0.0013440860215053756,0.0013440860215053756
0.009795629192092823,0.003611102737944978,0.01375705207414402,0.9728362159958182
0.015972803531054392,0.0046472500508336935,0.01586268128341486,0.9635172651346969

0.014327704398774274,0.00699394987374688,0.9725788298966543,0.0060995158308244255
0.8975108688988187,0.02230286797774532,0.03623495158521536,0.04395131153822062
0.9672077715789346,0.0017150053133098244,0.018280295356671326,0.012796927751084392
0.0013138827520424892,0.9764971211759862,0.011010426511380322,0.011178569560591064

Transition Gammas
1.0,1.0,914.7260049839823,23.27399501601876
735.7077723828996,6.292227617100863,1.0,1.0
7.4384734748580055,2.742150749527504,10.446645635419118,738.7393138469828
8.247767603786157,2.3996688083866715,8.190904529951212,497.52483774161874

7.1768244710046085,3.5033072434953567,487.1699856524451,3.055280403445906
40.75026436240223,1.012631487402451,1.6451988576673546,1.9955497212576954
632.2042059924643,1.1209934454971549,11.948704250386559,8.364564249530522
1.0398933617204258,772.8641482441623,8.714376850671007,8.847456336204909

Iteration: ,7500
Error:,0.02480699660649517
Transition Probabilities
0.0007256894049346883,0.0007256894049346883,0.980814798774279,0.017733822415851596
0.9882215932381164,0.009864531163797468,0.000956937799043062,0.000956937799043062
0.010769751350115299,0.0026642396950349702,0.011072050925442995,0.9754939580294069
0.015457208428356444,0.006800675313725209,0.016671735083506164,0.9610703811744122

0.014216790453523151,0.004433406688601673,0.9697546669706837,0.011595135887191452
0.9404873202288375,0.010056745250018265,0.026381328804102138,0.02307460571704221
0.9722827313648142,0.0010803226259776743,0.015450763076344937,0.011186182932863161
0.0009071077646007373,0.979526731585483,0.010648594965851957,0.008917565684064153

Transition Gammas
1.0,1.0,1351.5627927109558,24.43720728904349
1032.6915649338318,10.308435066168355,1.0,1.0
12.005707501866226,2.9699926631183264,12.342699523440043,1087.443409713767
12.208706993500522,5.371439005175631,13.167987586580795,759.0909275937005

11.493812200126039,3.5842649613606974,784.0150742036578,9.374289841157033
95.72719913229844,1.0236225778536299,2.6852150597739564,2.348641314842091
1012.1433634543359,1.124612564843126,16.084197326096582,11.644782379288628
1.0407616345759167,1123.85086101035,12.217566131709807,10.231485827783384

Iteration: ,10000
Error:,0.024593848242518365
Transition Probabilities
0.0005376344086021498,0.0005376344086021498,0.984109910264738,0.014814820918057631
0.9881857691667458,0.010164065816752554,0.0008250825082508252,0.0008250825082508252
0.010861245690387015,0.002700990214753286,0.008929991379022176,0.9775077727158376
0.015490189048565904,0.008009249438413914,0.017413153847062404,0.9590874076659578

0.013326271167292177,0.0034560371420947573,0.9705156305294014,0.012702061161211678
0.9549899701432113,0.0033201509067236367,0.03308546052378785,0.008604418426277089
0.9682097077449526,0.0008029090544199721,0.020120722932053834,0.010866660268573433
0.0006832926901367973,0.9794869445039438,0.012089098079444385,0.007740664726474959

Transition Gammas
1.0,1.0,1830.4444330924155,27.555566907587234
1197.6811522300957,12.318847769904094,1.0,1.0
16.238112550465058,4.038117206361237,13.350789515385488,1461.4236418906194
16.162102533458178,8.356664352761548,18.168479224155085,1000.6894669036268

13.976774862877548,3.6247388670402025,1017.8900232876889,13.322094899321373
294.69183460469964,1.0245357464017348,10.20954707936282,2.6551607147935057
1359.097344660003,1.1270611677786564,28.243903041713285,15.253770952925564
1.042785981216783,1494.8136710039842,18.44940270073065,11.813175786281748

Iteration: ,12500
Error:,0.02427492587520451
Transition Probabilities
0.00040535062829347406,0.00040535062829347406,0.9879853212110662,0.011203977532346962
0.9847849332240339,0.013640263626359833,0.0007874015748031499,0.0007874015748031499
0.011137247298825358,0.0026018759300407432,0.007381748966012904,0.978879127805121
0.014541648509974954,0.007083246363900713,0.015432886316035089,0.9629422188100892

0.01286118163879848,0.003734851100024705,0.9708964415599067,0.012507525701269956
0.9493809440773533,0.01546841256801029,0.029734376292791225,0.005416267061845187
0.965901674919649,0.0006712903999351905,0.022976466532286775,0.010450568148129115
0.0005277672393726259,0.9797413122245731,0.01265166619411562,0.007079254341938709

Transition Gammas
1.0,1.0,2437.359787427699,27.64021257229994
1250.6768651945226,17.323134805476982,1.0,1.0
21.655095338504108,5.059048238062731,14.352961134370531,1903.3177829971826
17.155929568257374,8.356664352761548,18.20739309516408,1136.0588775664078

14.728204069468424,4.2770291809191345,1111.8388125767055,14.323208870381421
673.635580630773,10.975650129374154,21.098099728717855,3.843125596546769
1623.0789110192147,1.1280209151672709,38.60912476561937,17.560893836123157
1.045448717451113,1940.7595278491185,25.061555946482674,14.023222398358511

Iteration: ,14310
Error:,0.02400455622808983
Transition Probabilities
0.00034211426616489944,0.00034211426616489944,0.9888182676029852,0.010497503864685015
0.984590459265618,0.013893240506936968,0.0007581501137225172,0.0007581501137225172
0.012518371791244442,0.002642580749413029,0.006296942774019006,0.9785421046853235
0.01426999243650653,0.006570287321915111,0.014332236964129604,0.9648274832774488

0.012690553085394622,0.0035638930182022178,0.9718230040360596,0.011922549860343527
0.9590272703358751,0.01296377464681868,0.024128779767907678,0.0038801752493985873
0.965039061632311,0.0006073878434883919,0.023265156919510234,0.011088393604690302
0.0004512358494265305,0.98184944307284,0.011228255759069843,0.006471065318663648

