0,1,2,3,4,5,6,7,8,9,10,11,12,13,14,15,16,17,18,19,20,21,22,23,24,25,26,27,28,29
github Code Version (SHA):,83e837b3de1a08bfde9277c8a2759251ab95ca79
Environment Observations,Environment Actions,alpha,epsilon,numActions,explore,gainThresh,insertRandActions,useBudd,revisedSplitting,haveControl,confidence_factor
"['square', 'diamond']","['x', 'y']",0.99,0.99,50000,0.5,0.0275,False,True,False,True,250

Model Num 0
Model States: 
['square'],['diamond']
Iteration: ,0
Error:,0.6721048449473096
Transition Probabilities
0.5,0.5
0.5,0.5

0.5,0.5
0.5,0.5

Transition Gammas
1.0,1.0
1.0,1.0

1.0,1.0
1.0,1.0

Iteration: ,2372
Error:,0.25142600320892167
Transition Probabilities
0.9755700325732899,0.024429967426710098
0.6226765799256505,0.37732342007434944

0.012396694214876033,0.987603305785124
0.794,0.206


Model Num 1
Model States: 
['square'],"['diamond', 'x', 'square']","['diamond', 'x', 'diamond']"
Iteration: ,0
Error:,0.7096655074958554
Transition Probabilities
0.3333333333333333,0.3333333333333333,0.3333333333333333
0.3333333333333333,0.3333333333333333,0.3333333333333333
0.3333333333333333,0.3333333333333333,0.3333333333333333

0.3333333333333333,0.3333333333333333,0.3333333333333333
0.3333333333333333,0.3333333333333333,0.3333333333333333
0.3333333333333333,0.3333333333333333,0.3333333333333333

Transition Gammas
1.0,1.0,1.0
1.0,1.0,1.0
1.0,1.0,1.0

1.0,1.0,1.0
1.0,1.0,1.0
1.0,1.0,1.0

Iteration: ,2500
Error:,0.23443578215636543
Transition Probabilities
0.9799764428739693,0.01698668611572014,0.0030368710103104864
0.9962962962962963,0.001851851851851852,0.001851851851851852
0.0037313432835820886,0.9700877266802072,0.02618093003621074

0.02764976958525346,0.3209081573036079,0.6514420731111386
0.7524623196154628,0.10591706393223783,0.1416206164522994
0.4798429979495796,0.5126859727431322,0.007471029307288266

Transition Gammas
832.0,14.421696512246397,2.578303487753603
538.0,1.0,1.0
1.0,259.9835107502956,7.01648924970448

18.0,208.9112104046487,424.08878959535116
14.5288795206079,2.045094114259997,2.7344742991531934
72.739376799081,77.71804175599253,1.1325329705382532

Iteration: ,5000
Error:,0.23266065461039548
Transition Probabilities
0.9782833505687694,0.017914953374578203,0.00380169605665241
0.9987397605545053,0.000630119722747322,0.000630119722747322
0.0026525198938992032,0.9759796223889418,0.021367857717159128

0.027855153203342618,0.671906241649118,0.30023860514753925
0.8056601864362762,0.13949350607189948,0.05484630749182423
0.500364726403936,0.4924589984382235,0.0071762751578404275

Transition Gammas
946.0,17.32375991321712,3.6762400867828804
1585.0,1.0,1.0
1.0,367.94431764063114,8.055682359368994

50.0,1206.0717037601669,538.928296239833
68.88016956532267,11.926040920546066,4.689102209182441
78.96569424706148,77.71804175599253,1.1325329705382532

Iteration: ,7500
Error:,0.2282873081040637
Transition Probabilities
0.9795728876508821,0.01697369378122559,0.003453418567892331
0.9992280972597453,0.00038595137012736397,0.00038595137012736397
0.0023866348448687343,0.9783409917774138,0.019272373377717405

0.0277683711479851,0.7724219289141117,0.1998096999379033
0.7529817174256271,0.22309327860875008,0.023925003965622683
0.500364726403936,0.4924589984382235,0.0071762751578404275

Transition Gammas
1055.0,18.28066820237996,3.7193317976200406
2589.0,1.0,1.0
1.0,409.92487555473656,8.075124445263596

82.0,2280.9619560833717,590.0380439166285
178.13687232065675,52.77835831525205,5.6600648834694836
78.96569424706148,77.71804175599253,1.1325329705382532

Iteration: ,9710
Error:,0.2388366378561617
Transition Probabilities
0.982573726541555,0.014863666833941346,0.0025626066245036964
0.9993293091884641,0.00033534540576794097,0.00033534540576794097
0.002325581395348836,0.9788867436685393,0.018787674936111776

0.026187904967602565,0.8042444087455531,0.1695676862868443
0.6340101956582813,0.3524159445127734,0.013573859828945415
0.500364726403936,0.4924589984382235,0.0071762751578404275


Model Num 2
Model States: 
"['diamond', 'x', 'square']","['diamond', 'x', 'diamond']","['square', 'y', 'diamond', 'x', 'square']","['square', 'y', 'diamond', 'x', 'diamond']"
Iteration: ,0
Error:,0.6715815376039554
Transition Probabilities
0.25,0.25,0.25,0.25
0.25,0.25,0.25,0.25
0.25,0.25,0.25,0.25
0.25,0.25,0.25,0.25

0.25,0.25,0.25,0.25
0.25,0.25,0.25,0.25
0.25,0.25,0.25,0.25
0.25,0.25,0.25,0.25

Transition Gammas
1.0,1.0,1.0,1.0
1.0,1.0,1.0,1.0
1.0,1.0,1.0,1.0
1.0,1.0,1.0,1.0

1.0,1.0,1.0,1.0
1.0,1.0,1.0,1.0
1.0,1.0,1.0,1.0
1.0,1.0,1.0,1.0

Iteration: ,2500
Error:,0.04694636779992111
Transition Probabilities
0.0019920318725099593,0.0019920318725099593,0.9755205151596574,0.020495421095322548
0.96931539596521,0.025205151979995403,0.0027397260273972603,0.0027397260273972603
0.01982742000492013,0.005413948488121668,0.024118159886415705,0.9506404716205425
0.01564009766939414,0.00396702208040571,0.01244124059838347,0.9679516396518166

0.019289963281180003,0.006975861329502629,0.9632988956241818,0.01043527976513547
0.8020109157636054,0.04895518620795818,0.10061342717426575,0.04842047085417074
0.9681320036625981,0.003067458998398168,0.014730292847345035,0.014070244491658723
0.002618039873462132,0.9694498335931517,0.021345141051977733,0.006586985481408299

Transition Gammas
1.0,1.0,489.7112986101483,10.288701389851925
353.80011952730166,9.199880472698322,1.0,1.0
7.489215532817639,2.0449572915212326,9.109914330735005,359.07603633851267
3.9425285144353466,1.0,3.1361662088634246,243.99955937548592

4.411768688122191,1.5954352083297234,220.3141521354664,2.3866318379432143
19.728428813203276,1.2042341159674295,2.4749598747917556,1.1910808114609959
339.51525729874334,1.075730506950014,5.165782297488363,4.934309227222472
1.0072174335405528,372.96864086594053,8.211944518821737,2.53415797009209

Iteration: ,5000
Error:,0.03746526243108613
Transition Probabilities
0.0009970089730807574,0.0009970089730807574,0.9826642792064916,0.015341702847346905
0.9800392050171669,0.017159674534653755,0.0014005602240896359,0.0014005602240896359
0.02360206416409147,0.005591041067195791,0.017052679841697366,0.9537542149270154
0.02004446082035399,0.004002534358504227,0.02049084592715484,0.955462158893987

0.01766235482828747,0.0084783081086055,0.9626457512492627,0.0112135858138443
0.9073865560696723,0.022899789705356124,0.04706398856371432,0.022649665661257052
0.9625154004322599,0.0015209327401609562,0.02045743554219199,0.01550623128538718
0.0013258382482142102,0.9730504026030317,0.019863425841935147,0.005760333306819017

Transition Gammas
1.0,1.0,985.6122720441114,15.38772795588895
699.7479923822572,12.25200761774278,1.0,1.0
18.035863710733196,4.272476084633052,13.03105556316329,728.8252804655973
9.793398683501918,1.9555734159455544,10.011495211837525,466.8233250528024

8.236117606704646,3.953512618629858,448.8905187311431,5.2289976310396264
47.71685073307529,1.2042341159674295,2.4749598747917556,1.1910808114609959
683.4775398640979,1.0800069973707724,14.526726232147992,11.010899988447528
1.0082338731648637,739.9563087899229,15.105144837925689,4.380446233526043

Iteration: ,7500
Error:,0.03243066310900642
Transition Probabilities
0.0007057163020465771,0.0007057163020465771,0.9876869950447125,0.010901572351194374
0.9805148188412809,0.01756579536217403,0.000959692898272553,0.000959692898272553
0.026123711251998895,0.005013215039617383,0.014159002712334709,0.954704070996049
0.015237845741128927,0.0051867277296506024,0.01440203162872094,0.9651733949004996

0.021202376229335244,0.009045119346006028,0.9607069834389982,0.00904552098566053
0.9262149455123784,0.014093170037638967,0.04506571886184395,0.014626165588138774
0.9713570557805826,0.0010031370623298159,0.01611531749791154,0.011524489659175812
0.000903706888832386,0.9754843340031051,0.019287634481699994,0.0043243246263624385

Transition Gammas
1.0,1.0,1399.552471978358,15.447528021642432
1021.6964412326145,18.303558767385333,1.0,1.0
29.59948922160053,5.680226790876286,16.04286788081444,1081.7281123141888
11.671448951955782,3.97278125482753,11.03125598032308,739.2758923895269

16.828577988374693,7.1792187197308115,762.5245500742758,7.179537505897791
79.69628425736163,1.2126486306973507,3.8776855826797485,1.2585103014751235
1048.44641458847,1.0827485630351767,17.394269954689854,12.439102378697429
1.0088200968018763,1088.9462196411882,21.531044551455995,4.827301464754925

Iteration: ,10000
Error:,0.0303729897431614
Transition Probabilities
0.0005243838489774513,0.0005243838489774513,0.9887280816090925,0.010223150692952569
0.9776266625517055,0.02073667623716518,0.0008183306055646476,0.0008183306055646476
0.027375204859672212,0.004544379124541897,0.01204887783046404,0.9560315381853219
0.015952467241946877,0.0038302078164997684,0.012560784714394684,0.9676565402271587

0.02039625586974189,0.010400586865113567,0.9613978342383473,0.007805323026797004
0.9467633406188718,0.0189933878522395,0.02919900788800793,0.00504426364088082
0.9745019802420969,0.0007449429507922417,0.015101946550212606,0.009651130256898241
0.0006866275614071189,0.9787283288166406,0.017185851557137075,0.003399192064815204

Transition Gammas
1.0,1.0,1885.5044516285404,19.495548371460558
1194.6597816381848,25.340218361815865,1.0,1.0
41.07903785388923,6.819263016894767,18.080460439719452,1434.6141315815905
16.546272647151707,3.97278125482753,13.028340092750785,1003.6760270722899

21.328551420560235,10.87598886644999,1005.3425135535585,8.16209772000813
257.639506702631,5.1686064161124206,7.945827289378512,1.3726784090151187
1418.4212226671293,1.08429014255824,21.981403757727172,14.047552756853772
1.0108695040777411,1440.9072341200317,25.30142134859067,5.004371787498585

Iteration: ,12500
Error:,0.02782006082366998
Transition Probabilities
0.00039525691699604715,0.00039525691699604715,0.9891129299672626,0.010096556198745195
0.9755147665463186,0.022922733453681385,0.0007812499999999996,0.0007812499999999996
0.023024760409486263,0.0035164744088239993,0.009825173277454276,0.9636335919042355
0.018171544642178582,0.0043433874811526895,0.011117716496420587,0.9663673513802481

0.018986718260670388,0.010834614002893693,0.9621462151114343,0.008032452625001662
0.9513193837303837,0.021121811415065646,0.02544078059640532,0.0021180242581452383
0.9764791139651615,0.0006245202099457608,0.014224158621894387,0.008672207202998274
0.0005275013510970957,0.9795876262208671,0.01716345301616203,0.002721419411873734

Transition Gammas
1.0,1.0,2502.4557128171764,25.544287182825364
1248.6589011792885,29.341098820712187,1.0,1.0
44.81738621002567,6.844770102928219,19.124567531858933,1875.699815557386
21.32625881153024,5.097431581397887,13.047834076006147,1134.1358507692248

21.65364150026884,12.356471728894194,1097.2917450415644,9.16071156277526
635.5429195422838,14.110737069304625,16.996088014387126,1.4149772870227832
1696.4103648815528,1.0849618205636198,24.711240386818805,15.065987562015186
1.0138984121320365,1882.843213015225,32.98948471619432,5.230778678965304

Iteration: ,14589
Error:,0.02955723464963693
Transition Probabilities
0.0003276539973787675,0.0003276539973787675,0.9896500852180026,0.009694606787239799
0.9764826535215307,0.022016971384695695,0.0007501875468867212,0.0007501875468867212
0.023901042351334802,0.0029481466153703476,0.008205136701710388,0.9649456743315845
0.018381565986779914,0.004072559884861742,0.010325606988361602,0.9672202671399966

0.0199942474568167,0.011529858441876779,0.9609451604306829,0.007530733670623512
0.9527224036568136,0.020063240924284194,0.021842371095064542,0.005371984323837743
0.9746375629743772,0.000554615476690962,0.016111242837149275,0.008696578711782558
0.0004394553540560297,0.9791597004611038,0.018064656784388736,0.002336187400451416

