0,1,2,3,4,5,6,7,8,9,10,11,12,13,14,15,16,17,18,19,20,21,22,23,24,25,26,27,28,29
github Code Version (SHA):,83e837b3de1a08bfde9277c8a2759251ab95ca79
Environment Observations,Environment Actions,alpha,epsilon,numActions,explore,gainThresh,insertRandActions,useBudd,revisedSplitting,haveControl,confidence_factor
"['nothing', 'LRVForward', 'MRVForward', 'LRVDocked', 'MRVDocked']","['b', 'f', 't']",0.99,0.99,50000,0.5,0.0275,False,True,False,True,250

Model Num 0
Model States: 
['nothing'],['LRVForward'],['MRVForward'],['LRVDocked'],['MRVDocked']
Iteration: ,0
Error:,0.8671308785336667
Transition Probabilities
0.2,0.2,0.2,0.2,0.2
0.2,0.2,0.2,0.2,0.2
0.2,0.2,0.2,0.2,0.2
0.2,0.2,0.2,0.2,0.2
0.2,0.2,0.2,0.2,0.2

0.2,0.2,0.2,0.2,0.2
0.2,0.2,0.2,0.2,0.2
0.2,0.2,0.2,0.2,0.2
0.2,0.2,0.2,0.2,0.2
0.2,0.2,0.2,0.2,0.2

0.2,0.2,0.2,0.2,0.2
0.2,0.2,0.2,0.2,0.2
0.2,0.2,0.2,0.2,0.2
0.2,0.2,0.2,0.2,0.2
0.2,0.2,0.2,0.2,0.2

Transition Gammas
1.0,1.0,1.0,1.0,1.0
1.0,1.0,1.0,1.0,1.0
1.0,1.0,1.0,1.0,1.0
1.0,1.0,1.0,1.0,1.0
1.0,1.0,1.0,1.0,1.0

1.0,1.0,1.0,1.0,1.0
1.0,1.0,1.0,1.0,1.0
1.0,1.0,1.0,1.0,1.0
1.0,1.0,1.0,1.0,1.0
1.0,1.0,1.0,1.0,1.0

1.0,1.0,1.0,1.0,1.0
1.0,1.0,1.0,1.0,1.0
1.0,1.0,1.0,1.0,1.0
1.0,1.0,1.0,1.0,1.0
1.0,1.0,1.0,1.0,1.0

Iteration: ,2500
Error:,0.28446638684650044
Transition Probabilities
0.011152416356877323,0.007434944237918215,0.01486988847583643,0.16356877323420074,0.8029739776951673
0.4114583333333333,0.5572916666666666,0.015625,0.005208333333333333,0.010416666666666666
0.048417132216014895,0.0111731843575419,0.9273743016759777,0.00186219739292365,0.0111731843575419
0.07692307692307693,0.038461538461538464,0.038461538461538464,0.038461538461538464,0.8076923076923077
0.018072289156626505,0.006024096385542169,0.012048192771084338,0.018072289156626505,0.9457831325301205

0.013513513513513514,0.8108108108108109,0.16216216216216217,0.006756756756756757,0.006756756756756757
0.010752688172043012,0.956989247311828,0.010752688172043012,0.010752688172043012,0.010752688172043012
0.006042296072507553,0.006042296072507553,0.9818731117824774,0.0030211480362537764,0.0030211480362537764
0.7222222222222222,0.1111111111111111,0.05555555555555555,0.05555555555555555,0.05555555555555555
0.9016393442622951,0.02459016393442623,0.03278688524590164,0.01639344262295082,0.02459016393442623

0.0136986301369863,0.13013698630136986,0.8287671232876712,0.0136986301369863,0.0136986301369863
0.6136363636363636,0.011363636363636364,0.3522727272727273,0.011363636363636364,0.011363636363636364
0.903114186851211,0.0657439446366782,0.020761245674740483,0.0034602076124567475,0.006920415224913495
0.05263157894736842,0.05263157894736842,0.7894736842105263,0.05263157894736842,0.05263157894736842
0.031007751937984496,0.007751937984496124,0.937984496124031,0.007751937984496124,0.015503875968992248

Transition Gammas
3.0,2.0,4.0,44.0,216.0
79.0,107.0,3.0,1.0,2.0
26.0,6.0,498.0,1.0,6.0
2.0,1.0,1.0,1.0,21.0
3.0,1.0,2.0,3.0,157.0

2.0,120.0,24.0,1.0,1.0
1.0,89.0,1.0,1.0,1.0
2.0,2.0,325.0,1.0,1.0
13.0,2.0,1.0,1.0,1.0
110.0,3.0,4.0,2.0,3.0

2.0,19.0,121.0,2.0,2.0
54.0,1.0,31.0,1.0,1.0
261.0,19.0,6.0,1.0,2.0
1.0,1.0,15.0,1.0,1.0
4.0,1.0,121.0,1.0,2.0

Iteration: ,5000
Error:,0.29279592534578736
Transition Probabilities
0.005639097744360902,0.005639097744360902,0.013157894736842105,0.15037593984962405,0.825187969924812
0.4105793450881612,0.5516372795969773,0.015113350125944584,0.007556675062972292,0.015113350125944584
0.05781990521327014,0.008530805687203791,0.9222748815165877,0.002843601895734597,0.008530805687203791
0.047619047619047616,0.023809523809523808,0.023809523809523808,0.023809523809523808,0.8809523809523809
0.008522727272727272,0.014204545454545454,0.014204545454545454,0.017045454545454544,0.9460227272727273

0.009836065573770493,0.8065573770491803,0.1737704918032787,0.003278688524590164,0.006557377049180328
0.0111731843575419,0.9608938547486033,0.01675977653631285,0.00558659217877095,0.00558659217877095
0.00505902192242833,0.01011804384485666,0.9797639123102867,0.003372681281618887,0.0016863406408094434
0.8108108108108109,0.08108108108108109,0.05405405405405406,0.02702702702702703,0.02702702702702703
0.93359375,0.015625,0.0234375,0.015625,0.01171875

0.006389776357827476,0.13099041533546327,0.8498402555910544,0.006389776357827476,0.006389776357827476
0.6162790697674418,0.011627906976744186,0.3546511627906977,0.005813953488372093,0.011627906976744186
0.9133448873483535,0.060658578856152515,0.02079722703639515,0.0017331022530329288,0.0034662045060658577
0.06666666666666667,0.03333333333333333,0.8333333333333334,0.03333333333333333,0.03333333333333333
0.017167381974248927,0.004291845493562232,0.9656652360515021,0.004291845493562232,0.008583690987124463

Transition Gammas
3.0,3.0,7.0,80.0,439.0
163.0,219.0,6.0,3.0,6.0
61.0,9.0,973.0,3.0,9.0
2.0,1.0,1.0,1.0,37.0
3.0,5.0,5.0,6.0,333.0

3.0,246.0,53.0,1.0,2.0
2.0,172.0,3.0,1.0,1.0
3.0,6.0,581.0,2.0,1.0
30.0,3.0,2.0,1.0,1.0
239.0,4.0,6.0,4.0,3.0

2.0,41.0,266.0,2.0,2.0
106.0,2.0,61.0,1.0,2.0
527.0,35.0,12.0,1.0,2.0
2.0,1.0,25.0,1.0,1.0
4.0,1.0,225.0,1.0,2.0

Iteration: ,7500
Error:,0.29582150749666136
Transition Probabilities
0.004975124378109453,0.0037313432835820895,0.012437810945273632,0.14925373134328357,0.8296019900497512
0.38294314381270905,0.5836120401337793,0.01839464882943144,0.005016722408026756,0.010033444816053512
0.06811797752808989,0.008426966292134831,0.9115168539325843,0.0035112359550561797,0.008426966292134831
0.034482758620689655,0.017241379310344827,0.034482758620689655,0.017241379310344827,0.896551724137931
0.009191176470588236,0.012867647058823529,0.011029411764705883,0.011029411764705883,0.9558823529411765

0.006493506493506494,0.8008658008658008,0.18181818181818182,0.0021645021645021645,0.008658008658008658
0.010416666666666666,0.9618055555555556,0.020833333333333332,0.003472222222222222,0.003472222222222222
0.005060728744939271,0.009109311740890687,0.979757085020243,0.005060728744939271,0.0010121457489878543
0.8541666666666666,0.0625,0.041666666666666664,0.020833333333333332,0.020833333333333332
0.94750656167979,0.013123359580052493,0.01837270341207349,0.010498687664041995,0.010498687664041995

0.008928571428571428,0.125,0.8571428571428571,0.004464285714285714,0.004464285714285714
0.6115384615384616,0.007692307692307693,0.36923076923076925,0.0038461538461538464,0.007692307692307693
0.9178240740740741,0.05555555555555555,0.019675925925925927,0.0023148148148148147,0.004629629629629629
0.061224489795918366,0.02040816326530612,0.8775510204081632,0.02040816326530612,0.02040816326530612
0.01680672268907563,0.008403361344537815,0.957983193277311,0.0028011204481792717,0.014005602240896359

Transition Gammas
4.0,3.0,10.0,120.0,667.0
229.0,349.0,11.0,3.0,6.0
97.0,12.0,1298.0,5.0,12.0
2.0,1.0,2.0,1.0,52.0
5.0,7.0,6.0,6.0,520.0

3.0,370.0,84.0,1.0,4.0
3.0,277.0,6.0,1.0,1.0
5.0,9.0,968.0,5.0,1.0
41.0,3.0,2.0,1.0,1.0
361.0,5.0,7.0,4.0,4.0

4.0,56.0,384.0,2.0,2.0
159.0,2.0,96.0,1.0,2.0
793.0,48.0,17.0,2.0,4.0
3.0,1.0,43.0,1.0,1.0
6.0,3.0,342.0,1.0,5.0

Iteration: ,10000
Error:,0.27579497666920044
Transition Probabilities
0.0055762081784386614,0.0055762081784386614,0.00929368029739777,0.15055762081784388,0.828996282527881
0.39424280350438046,0.5757196495619524,0.01376720901126408,0.0050062578222778474,0.011264080100125156
0.06674684305472038,0.007817197835237523,0.9134095009019844,0.0036079374624173183,0.00841852074564041
0.02531645569620253,0.012658227848101266,0.05063291139240506,0.02531645569620253,0.8860759493670886
0.008,0.014666666666666666,0.010666666666666666,0.010666666666666666,0.956

0.007874015748031496,0.8141732283464567,0.1700787401574803,0.0015748031496062992,0.006299212598425197
0.012285012285012284,0.9631449631449631,0.0171990171990172,0.004914004914004914,0.002457002457002457
0.003756574004507889,0.009015777610818933,0.9782118707738543,0.007513148009015778,0.0015026296018031556
0.8428571428571429,0.07142857142857142,0.05714285714285714,0.014285714285714285,0.014285714285714285
0.9583333333333334,0.00992063492063492,0.015873015873015872,0.007936507936507936,0.007936507936507936

0.006420545746388443,0.11075441412520064,0.8731942215088283,0.006420545746388443,0.0032102728731942215
0.5815789473684211,0.007894736842105263,0.4,0.005263157894736842,0.005263157894736842
0.9061728395061729,0.07242798353909465,0.013991769547325103,0.0016460905349794238,0.005761316872427984
0.06451612903225806,0.016129032258064516,0.8870967741935484,0.016129032258064516,0.016129032258064516
0.014613778705636743,0.006263048016701462,0.9624217118997912,0.0020876826722338203,0.014613778705636743

Transition Gammas
6.0,6.0,10.0,162.0,892.0
315.0,460.0,11.0,4.0,9.0
111.0,13.0,1519.0,6.0,14.0
2.0,1.0,4.0,2.0,70.0
6.0,11.0,8.0,8.0,717.0

5.0,517.0,108.0,1.0,4.0
5.0,392.0,7.0,2.0,1.0
5.0,12.0,1302.0,10.0,2.0
59.0,5.0,4.0,1.0,1.0
483.0,5.0,8.0,4.0,4.0

4.0,69.0,544.0,4.0,2.0
221.0,3.0,152.0,2.0,2.0
1101.0,88.0,17.0,2.0,7.0
4.0,1.0,55.0,1.0,1.0
7.0,3.0,461.0,1.0,7.0

Iteration: ,12500
Error:,0.3057793972549888
Transition Probabilities
0.0067064083457526085,0.0067064083457526085,0.00819672131147541,0.1557377049180328,0.8226527570789866
0.4,0.5737556561085972,0.01085972850678733,0.0036199095022624436,0.011764705882352941
0.08315098468271334,0.007111597374179431,0.8982494529540481,0.0032822757111597373,0.008205689277899343
0.018518518518518517,0.009259259259259259,0.037037037037037035,0.018518518518518517,0.9166666666666666
0.0064516129032258064,0.012903225806451613,0.00967741935483871,0.00967741935483871,0.9612903225806452

0.007641921397379912,0.787117903930131,0.19759825327510916,0.002183406113537118,0.0054585152838427945
0.010169491525423728,0.9677966101694915,0.015254237288135594,0.005084745762711864,0.001694915254237288
0.004076086956521739,0.008831521739130434,0.9789402173913043,0.006793478260869565,0.001358695652173913
0.8414634146341463,0.08536585365853659,0.04878048780487805,0.012195121951219513,0.012195121951219513
0.9622641509433962,0.007861635220125786,0.015723270440251572,0.006289308176100629,0.007861635220125786

0.005235602094240838,0.13743455497382198,0.8481675392670157,0.006544502617801047,0.002617801047120419
0.5784832451499118,0.005291005291005291,0.4074074074074074,0.005291005291005291,0.003527336860670194
0.8729246487867177,0.1040868454661558,0.015964240102171137,0.001277139208173691,0.005747126436781609
0.0547945205479452,0.0273972602739726,0.8904109589041096,0.0136986301369863,0.0136986301369863
0.013468013468013467,0.005050505050505051,0.968013468013468,0.0016835016835016834,0.011784511784511785

Transition Gammas
9.0,9.0,11.0,209.0,1104.0
442.0,634.0,12.0,4.0,13.0
152.0,13.0,1642.0,6.0,15.0
2.0,1.0,4.0,2.0,99.0
6.0,12.0,9.0,9.0,894.0

7.0,721.0,181.0,2.0,5.0
6.0,571.0,9.0,3.0,1.0
6.0,13.0,1441.0,10.0,2.0
69.0,7.0,4.0,1.0,1.0
612.0,5.0,10.0,4.0,5.0

4.0,105.0,648.0,5.0,2.0
328.0,3.0,231.0,3.0,2.0
1367.0,163.0,25.0,2.0,9.0
4.0,2.0,65.0,1.0,1.0
8.0,3.0,575.0,1.0,7.0

Iteration: ,15000
Error:,0.30809472468428145
Transition Probabilities
0.006020066889632107,0.006688963210702341,0.008026755852842809,0.1826086956521739,0.7966555183946489
0.3939393939393939,0.5821000704721635,0.009161381254404511,0.004228329809725159,0.010570824524312896
0.10473313192346426,0.008559919436052367,0.8751258811681772,0.0030211480362537764,0.008559919436052367
0.013157894736842105,0.02631578947368421,0.02631578947368421,0.013157894736842105,0.9210526315789473
0.005681818181818182,0.011363636363636364,0.010416666666666666,0.011363636363636364,0.9611742424242424

0.00794912559618442,0.7623211446740858,0.2233704292527822,0.001589825119236884,0.0047694753577106515
0.00776914539400666,0.9722530521642619,0.01220865704772475,0.005549389567147614,0.0022197558268590455
0.0055147058823529415,0.007965686274509803,0.9785539215686274,0.006740196078431373,0.0012254901960784314
0.8541666666666666,0.08333333333333333,0.041666666666666664,0.010416666666666666,0.010416666666666666
0.9615931721194879,0.00995732574679943,0.015647226173541962,0.005689900426742532,0.007112375533428165

0.00546448087431694,0.1726775956284153,0.8142076502732241,0.00546448087431694,0.002185792349726776
0.587378640776699,0.0048543689320388345,0.39927184466019416,0.0036407766990291263,0.0048543689320388345
0.8463983050847458,0.12976694915254236,0.01641949152542373,0.0015889830508474577,0.005826271186440678
0.045454545454545456,0.022727272727272728,0.9090909090909091,0.011363636363636364,0.011363636363636364
0.013636363636363636,0.006060606060606061,0.9681818181818181,0.0015151515151515152,0.010606060606060607

Transition Gammas
9.0,10.0,12.0,273.0,1191.0
559.0,826.0,13.0,6.0,15.0
208.0,17.0,1738.0,6.0,17.0
2.0,4.0,4.0,2.0,140.0
6.0,12.0,11.0,12.0,1015.0

10.0,959.0,281.0,2.0,6.0
7.0,876.0,11.0,5.0,2.0
9.0,13.0,1597.0,11.0,2.0
82.0,8.0,4.0,1.0,1.0
676.0,7.0,11.0,4.0,5.0

5.0,158.0,745.0,5.0,2.0
484.0,4.0,329.0,3.0,4.0
1598.0,245.0,31.0,3.0,11.0
4.0,2.0,80.0,1.0,1.0
9.0,4.0,639.0,1.0,7.0

Iteration: ,17500
Error:,0.29406009765165697
Transition Probabilities
0.005558987029030266,0.006176652254478073,0.008029647930821495,0.20135886349598517,0.778875849289685
0.35464044253226795,0.6213890596189305,0.010448678549477565,0.0043023970497848806,0.00921942224953903
0.10396039603960396,0.009450945094509451,0.8726372637263726,0.0036003600360036,0.010351035103510351
0.016042780748663103,0.026737967914438502,0.0427807486631016,0.0106951871657754,0.9037433155080213
0.005190311418685121,0.010380622837370242,0.012110726643598616,0.010380622837370242,0.9619377162629758

0.007189072609633357,0.7483824586628325,0.23867721063982747,0.0014378145219266715,0.004313443565780014
0.006334125098970704,0.9730799683293745,0.011876484560570071,0.0055423594615993665,0.003167062549485352
0.006434316353887399,0.007506702412868633,0.9790884718498659,0.005898123324396783,0.0010723860589812334
0.8425925925925926,0.08333333333333333,0.046296296296296294,0.009259259259259259,0.018518518518518517
0.9601593625498008,0.01195219123505976,0.01593625498007968,0.005312084993359893,0.006640106241699867

0.007137192704203013,0.19825535289452814,0.7850911974623315,0.0055511498810467885,0.003965107057890563
0.6358325219084713,0.0038948393378773127,0.35150925024342744,0.0038948393378773127,0.004868549172346641
0.8474426807760141,0.12918871252204586,0.014991181657848324,0.0026455026455026454,0.005731922398589065
0.05660377358490566,0.02830188679245283,0.8962264150943396,0.009433962264150943,0.009433962264150943
0.015277777777777777,0.008333333333333333,0.9638888888888889,0.002777777777777778,0.009722222222222222

Transition Gammas
9.0,10.0,13.0,326.0,1261.0
577.0,1011.0,17.0,7.0,15.0
231.0,21.0,1939.0,8.0,23.0
3.0,5.0,8.0,2.0,169.0
6.0,12.0,14.0,12.0,1112.0

10.0,1041.0,332.0,2.0,6.0
8.0,1229.0,15.0,7.0,4.0
12.0,14.0,1826.0,11.0,2.0
91.0,9.0,5.0,1.0,2.0
723.0,9.0,12.0,4.0,5.0

9.0,250.0,990.0,7.0,5.0
653.0,4.0,361.0,4.0,5.0
1922.0,293.0,34.0,6.0,13.0
6.0,3.0,95.0,1.0,1.0
11.0,6.0,694.0,2.0,7.0

Iteration: ,19770
Error:,0.3120575910283926
Transition Probabilities
0.005431830526887561,0.005975013579576317,0.007061379684953829,0.20478001086366104,0.7767517653449212
0.36589698046181174,0.6098283007696862,0.011249259917110717,0.0041444641799881585,0.008880994671403197
0.11836051861145964,0.00878293601003764,0.8590547887913007,0.0037641154328732747,0.010037641154328732
0.01809954751131222,0.02262443438914027,0.04072398190045249,0.00904977375565611,0.9095022624434389
0.00468384074941452,0.00936768149882904,0.01092896174863388,0.00936768149882904,0.9656518345042935

0.008201892744479496,0.7526813880126183,0.2334384858044164,0.0012618296529968455,0.004416403785488959
0.00683371298405467,0.9726651480637813,0.012148823082763858,0.005315110098709187,0.0030372057706909645
0.005958291956305859,0.007447864945382324,0.9791459781529295,0.005461767626613704,0.0019860973187686196
0.853448275862069,0.07758620689655173,0.04310344827586207,0.008620689655172414,0.017241379310344827
0.9613636363636363,0.011363636363636364,0.017045454545454544,0.004545454545454545,0.005681818181818182

0.008088235294117648,0.2073529411764706,0.775,0.005147058823529412,0.004411764705882353
0.4934797529169526,0.004804392587508579,0.4934797529169526,0.0034317089910775567,0.004804392587508579
0.7719234933237098,0.20786719595813785,0.012991699747383616,0.0025261638397690365,0.004691447130999639
0.05084745762711865,0.025423728813559324,0.9067796610169492,0.00847457627118644,0.00847457627118644
0.01371571072319202,0.011221945137157107,0.9638403990024937,0.0024937655860349127,0.008728179551122194


Model Num 1
Model States: 
['nothing'],['MRVForward'],['LRVDocked'],['MRVDocked'],"['LRVForward', 't', 'nothing']","['LRVForward', 't', 'MRVForward']"
Iteration: ,0
Error:,0.8741190568143715
Transition Probabilities
0.16666666666666666,0.16666666666666666,0.16666666666666666,0.16666666666666666,0.16666666666666666,0.16666666666666666
0.16666666666666666,0.16666666666666666,0.16666666666666666,0.16666666666666666,0.16666666666666666,0.16666666666666666
0.16666666666666666,0.16666666666666666,0.16666666666666666,0.16666666666666666,0.16666666666666666,0.16666666666666666
0.16666666666666666,0.16666666666666666,0.16666666666666666,0.16666666666666666,0.16666666666666666,0.16666666666666666
0.16666666666666666,0.16666666666666666,0.16666666666666666,0.16666666666666666,0.16666666666666666,0.16666666666666666
0.16666666666666666,0.16666666666666666,0.16666666666666666,0.16666666666666666,0.16666666666666666,0.16666666666666666

0.16666666666666666,0.16666666666666666,0.16666666666666666,0.16666666666666666,0.16666666666666666,0.16666666666666666
0.16666666666666666,0.16666666666666666,0.16666666666666666,0.16666666666666666,0.16666666666666666,0.16666666666666666
0.16666666666666666,0.16666666666666666,0.16666666666666666,0.16666666666666666,0.16666666666666666,0.16666666666666666
0.16666666666666666,0.16666666666666666,0.16666666666666666,0.16666666666666666,0.16666666666666666,0.16666666666666666
0.16666666666666666,0.16666666666666666,0.16666666666666666,0.16666666666666666,0.16666666666666666,0.16666666666666666
0.16666666666666666,0.16666666666666666,0.16666666666666666,0.16666666666666666,0.16666666666666666,0.16666666666666666

0.16666666666666666,0.16666666666666666,0.16666666666666666,0.16666666666666666,0.16666666666666666,0.16666666666666666
0.16666666666666666,0.16666666666666666,0.16666666666666666,0.16666666666666666,0.16666666666666666,0.16666666666666666
0.16666666666666666,0.16666666666666666,0.16666666666666666,0.16666666666666666,0.16666666666666666,0.16666666666666666
0.16666666666666666,0.16666666666666666,0.16666666666666666,0.16666666666666666,0.16666666666666666,0.16666666666666666
0.16666666666666666,0.16666666666666666,0.16666666666666666,0.16666666666666666,0.16666666666666666,0.16666666666666666
0.16666666666666666,0.16666666666666666,0.16666666666666666,0.16666666666666666,0.16666666666666666,0.16666666666666666

Transition Gammas
1.0,1.0,1.0,1.0,1.0,1.0
1.0,1.0,1.0,1.0,1.0,1.0
1.0,1.0,1.0,1.0,1.0,1.0
1.0,1.0,1.0,1.0,1.0,1.0
1.0,1.0,1.0,1.0,1.0,1.0
1.0,1.0,1.0,1.0,1.0,1.0

1.0,1.0,1.0,1.0,1.0,1.0
1.0,1.0,1.0,1.0,1.0,1.0
1.0,1.0,1.0,1.0,1.0,1.0
1.0,1.0,1.0,1.0,1.0,1.0
1.0,1.0,1.0,1.0,1.0,1.0
1.0,1.0,1.0,1.0,1.0,1.0

1.0,1.0,1.0,1.0,1.0,1.0
1.0,1.0,1.0,1.0,1.0,1.0
1.0,1.0,1.0,1.0,1.0,1.0
1.0,1.0,1.0,1.0,1.0,1.0
1.0,1.0,1.0,1.0,1.0,1.0
1.0,1.0,1.0,1.0,1.0,1.0

Iteration: ,2500
Error:,0.22694074321297616
Transition Probabilities
0.003472222222222222,0.013888888888888888,0.19791666666666666,0.7743055555555556,0.006944444444444444,0.003472222222222222
0.08829174664107485,0.8944337811900192,0.003838771593090211,0.007677543186180422,0.0028790786948176585,0.0028790786948176585
0.030303030303030304,0.09090909090909091,0.030303030303030304,0.7878787878787878,0.030303030303030304,0.030303030303030304
0.01764705882352941,0.01764705882352941,0.01764705882352941,0.9235294117647059,0.016470588235294115,0.007058823529411764
0.019852456128260552,0.019020851226248678,0.019020851226248678,0.019020851226248678,0.899590635902946,0.023494354290047394
0.9235766403771114,0.014054537105597582,0.014054537105597582,0.014054537105597582,0.02020521120049823,0.014054537105597582

0.0059171597633136085,0.2011834319526627,0.0059171597633136085,0.011834319526627217,0.01541020416520173,0.7597377248288811
0.006172839506172839,0.9722222222222222,0.006172839506172839,0.006172839506172839,0.004629629629629629,0.004629629629629629
0.7619047619047619,0.047619047619047616,0.047619047619047616,0.047619047619047616,0.047619047619047616,0.047619047619047616
0.9236641221374046,0.030534351145038167,0.007633587786259542,0.015267175572519083,0.007633587786259542,0.015267175572519083
0.047208667886514684,0.047208667886514684,0.047208667886514684,0.047208667886514684,0.7432697507594347,0.06789557769450653
0.022058037658930295,0.022058037658930295,0.022058037658930295,0.022058037658930295,0.8750423541764798,0.03672549518779907

0.012903225806451613,0.8129032258064516,0.0064516129032258064,0.025806451612903226,0.1341927743594974,0.007742709511470366
0.8906752411575563,0.01607717041800643,0.006430868167202572,0.006430868167202572,0.0038494384910837186,0.07653641359894844
0.037037037037037035,0.8148148148148148,0.037037037037037035,0.037037037037037035,0.037037037037037035,0.037037037037037035
0.015267175572519083,0.9312977099236641,0.022900763358778626,0.015267175572519083,0.007633587786259542,0.007633587786259542
0.9295774647887324,0.014084507042253521,0.014084507042253521,0.014084507042253521,0.014084507042253521,0.014084507042253521
0.02,0.9,0.02,0.02,0.02,0.02

Transition Gammas
1.0,4.0,57.0,223.0,2.0,1.0
46.0,466.0,2.0,4.0,1.5,1.5
1.0,3.0,1.0,26.0,1.0,1.0
3.0,3.0,3.0,157.0,2.8,1.2
1.043720698517649,1.0,1.0,1.0,47.29497251214054,1.2351894250466195
65.71377153426656,1.0,1.0,1.0,1.4376290765528652,1.0

1.0,34.0,1.0,2.0,2.6043245039190928,128.39567549608094
2.0,315.0,2.0,2.0,1.5,1.5
16.0,1.0,1.0,1.0,1.0,1.0
121.0,4.0,1.0,2.0,1.0,2.0
1.0,1.0,1.0,1.0,15.744349163721102,1.4382015154022412
1.0,1.0,1.0,1.0,39.67000001118481,1.6649484308469567

2.0,126.0,1.0,4.0,20.799880025722096,1.2001199742779067
277.0,5.0,2.0,2.0,1.1971753707270365,23.802824629272965
1.0,22.0,1.0,1.0,1.0,1.0
2.0,122.0,3.0,2.0,1.0,1.0
66.0,1.0,1.0,1.0,1.0,1.0
1.0,45.0,1.0,1.0,1.0,1.0

Iteration: ,5000
Error:,0.21221088148324702
Transition Probabilities
0.0072992700729927005,0.010948905109489052,0.19343065693430658,0.7791970802919708,0.0051094890510948905,0.0040145985401459855
0.08555133079847908,0.9001901140684411,0.005703422053231939,0.005703422053231939,0.0014258555133079848,0.0014258555133079848
0.03571428571428571,0.08928571428571429,0.017857142857142856,0.8214285714285714,0.017857142857142856,0.017857142857142856
0.00911854103343465,0.015197568389057751,0.0121580547112462,0.9513677811550152,0.00851063829787234,0.00364741641337386
0.015371209542006372,0.019244105944255758,0.009704440994553195,0.019184087737910614,0.9244501404113931,0.01204601536988104
0.9438621438084132,0.0068054393409126765,0.0068054393409126765,0.025937840693636076,0.00978369747521283,0.0068054393409126765

0.005847953216374269,0.19298245614035087,0.0029239766081871343,0.008771929824561403,0.007674205857017748,0.7817994783535085
0.004792332268370607,0.9744408945686901,0.006389776357827476,0.004792332268370607,0.003993610223642172,0.005591054313099041
0.7948717948717948,0.10256410256410256,0.02564102564102564,0.02564102564102564,0.02564102564102564,0.02564102564102564
0.9473684210526315,0.020242914979757085,0.004048582995951417,0.012145748987854251,0.004048582995951417,0.012145748987854251
0.034657004275083114,0.021379883949981107,0.021379883949981107,0.021379883949981107,0.869231647584972,0.03197169629000177
0.023963381413223166,0.012236234173577878,0.012236234173577878,0.012236234173577878,0.918701265377462,0.020626650688581192

0.009259259259259259,0.808641975308642,0.0030864197530864196,0.012345679012345678,0.16285664520651177,0.0038100214601548684
0.9053833605220228,0.013050570962479609,0.0032626427406199023,0.0032626427406199023,0.0019930289709569147,0.07304775406330086
0.023255813953488372,0.8604651162790697,0.023255813953488372,0.023255813953488372,0.03488372093023256,0.03488372093023256
0.012244897959183673,0.9510204081632653,0.012244897959183673,0.00816326530612245,0.00816326530612245,0.00816326530612245
0.9506822647336354,0.0071479869528844765,0.013817477566298125,0.014056296841412946,0.0071479869528844765,0.0071479869528844765
0.009901655671334495,0.9406572887767771,0.009901655671334495,0.009901655671334495,0.009901655671334495,0.01973608853788486

Transition Gammas
4.0,6.0,106.0,427.0,2.8,2.2
90.0,947.0,6.0,6.0,1.5,1.5
2.0,5.0,1.0,46.0,1.0,1.0
3.0,5.0,4.0,313.0,2.8,1.2
1.5839355971800706,1.983020552657993,1.0,1.9768359402337603,95.26052463302715,1.2412889497336423
138.69231603228602,1.0,1.0,3.811339635004014,1.4376290765528652,1.0

2.0,66.0,1.0,3.0,2.62457840310007,267.3754215968999
3.0,610.0,4.0,3.0,2.5,3.5
31.0,4.0,1.0,1.0,1.0,1.0
234.0,5.0,1.0,3.0,1.0,3.0
1.621009934205641,1.0,1.0,1.0,40.6565185114459,1.4954101886053515
1.9583951298487015,1.0,1.0,1.0,75.08039257382352,1.6857025123890674

3.0,262.0,1.0,4.0,52.765553046909815,1.2344469530901774
555.0,8.0,2.0,2.0,1.2217267591965886,44.77827324080342
1.0,37.0,1.0,1.0,1.5,1.5
3.0,233.0,3.0,2.0,2.0,2.0
133.0,1.0,1.9330585880157858,1.9664692918529618,1.0,1.0
1.0,95.0,1.0,1.0,1.0,1.9932109530955775

Iteration: ,7500
Error:,0.2148579143303854
Transition Probabilities
0.007425742574257425,0.009900990099009901,0.19183168316831684,0.780940594059406,0.005468188774713434,0.004432801324296468
0.08509234828496043,0.9017150395778364,0.00395778364116095,0.004617414248021108,0.001974937496972471,0.0026424767510486373
0.03571428571428571,0.08333333333333333,0.011904761904761904,0.8452380952380952,0.011904761904761904,0.011904761904761904
0.011627906976744186,0.015503875968992248,0.009689922480620155,0.9515503875968992,0.009302325581395349,0.002325581395348837
0.013018637044692298,0.012092058568204452,0.006097797903302892,0.02064989007473629,0.9405590794277379,0.0075825369813261045
0.9546088893103342,0.006119092889828673,0.004531595265682746,0.021729614339351153,0.008479212929120397,0.004531595265682746

0.0038684719535783383,0.19729206963249526,0.0038684719535783383,0.005802707930367508,0.007029610122923455,0.782138668407057
0.0032119914346895075,0.9785867237687366,0.0053533190578158455,0.004282655246252677,0.0033781437000374916,0.005187166792467862
0.8301886792452831,0.07547169811320754,0.018867924528301886,0.018867924528301886,0.02830188679245283,0.02830188679245283
0.9476584022038568,0.024793388429752067,0.005509641873278237,0.011019283746556474,0.0027548209366391185,0.008264462809917356
0.030703520319068662,0.011776450328502896,0.011776450328502896,0.011776450328502896,0.916106694036519,0.0178604346589037
0.0159903519017694,0.00816502842457781,0.00816502842457781,0.00816502842457781,0.9375652295465128,0.021949333277984526

0.00625,0.7979166666666667,0.0041666666666666675,0.0125,0.17657916991242603,0.0025874967542406347
0.9037199124726477,0.010940919037199124,0.002188183807439825,0.0032822757111597373,0.0013468968167376222,0.07852181215481599
0.017857142857142856,0.8928571428571429,0.017857142857142856,0.017857142857142856,0.026785714285714284,0.026785714285714284
0.0136986301369863,0.9424657534246575,0.010958904109589041,0.010958904109589041,0.010958904109589041,0.010958904109589041
0.9549899746294698,0.004569330022150573,0.008832782640796526,0.018004470378766055,0.006777588689456663,0.006825853639360508
0.006297975503511009,0.9383983500231403,0.006297975503511009,0.018749933692368947,0.007007626929404313,0.023248138348064374

Transition Gammas
6.0,8.0,155.0,631.0,4.418296529968455,3.581703470031546
129.0,1367.0,6.0,7.0,2.994005245410266,4.005994754589734
3.0,7.0,1.0,71.0,1.0,1.0
6.0,8.0,5.0,491.0,4.8,1.2
2.1349735184960315,1.983020552657993,1.0,3.3864503878607084,154.24569563354683,1.2434877478013824
210.6562553234792,1.350317610261416,1.0,4.795135722712715,1.87113200363071,1.0

2.0,102.0,2.0,3.0,3.6343084335514244,404.36569156644833
3.0,914.0,5.0,4.0,3.155186215835017,4.844813784164983
44.0,4.0,1.0,1.0,1.5,1.5
344.0,9.0,2.0,4.0,1.0,3.0
2.607196520394266,1.0,1.0,1.0,77.7914115443801,1.5166229348138593
1.9583951298487015,1.0,1.0,1.0,114.82694006604044,2.6882127209642217

3.0,383.0,2.0,6.0,84.75800155796449,1.2419984420355046
826.0,10.0,2.0,3.0,1.2310636904981866,71.76893630950181
1.0,50.0,1.0,1.0,1.5,1.5
5.0,344.0,4.0,4.0,4.0,4.0
209.0,1.0,1.9330585880157858,3.9402867141323665,1.4832784361386016,1.49384124286735
1.0,149.0,1.0,2.977136650010181,1.1126792928136489,3.691366905937305

Iteration: ,10000
Error:,0.20046881051766557
Transition Probabilities
0.007312614259597806,0.007312614259597806,0.18921389396709323,0.7870201096892139,0.004590255426669648,0.004550512397827611
0.08024017467248909,0.9044759825327511,0.003820960698689956,0.0049126637554585155,0.0031799001548275126,0.003370318185783841
0.02830188679245283,0.08490566037735849,0.009433962264150943,0.8584905660377359,0.009433962264150943,0.009433962264150943
0.00851063829787234,0.01276595744680851,0.0070921985815602835,0.9574468085106383,0.012281874964464957,0.0019025221986556098
0.012996972704075658,0.013748276551885723,0.013771166178540241,0.01936772072320506,0.9343677327418541,0.005748131100439229
0.9628240352153824,0.005883154296895498,0.0036108751167009687,0.017314636262347256,0.006756423991972957,0.0036108751167009687

0.0029673590504451057,0.18397626112759657,0.0029673590504451057,0.0044510385756676586,0.006887273946981046,0.7987507082488646
0.006419400855920114,0.9771754636233951,0.004992867332382311,0.003566333808844508,0.0032032191106499456,0.004642715268807972
0.8783783783783784,0.05405405405405406,0.013513513513513514,0.013513513513513514,0.02027027027027027,0.02027027027027027
0.9516129032258065,0.020161290322580645,0.006048387096774193,0.010080645161290322,0.0021347248576850096,0.009962049335863378
0.04254559516198301,0.009391138780484835,0.009391138780484835,0.009391138780484835,0.9149979076801493,0.014283080816413184
0.011305786482238823,0.015256268413659764,0.005772985394991392,0.011465253880785257,0.9405947547362578,0.015604951092066955

0.00949367088607595,0.8259493670886076,0.0031645569620253164,0.00949367088607595,0.1499310996006286,0.001967634576586605
0.906957928802589,0.012944983818770227,0.0024271844660194173,0.003236245954692557,0.0009988853253265458,0.07343477163260224
0.013888888888888888,0.9027777777777778,0.013888888888888888,0.013888888888888888,0.027777777777777776,0.027777777777777776
0.012396694214876033,0.9524793388429752,0.008264462809917356,0.008264462809917356,0.010330578512396695,0.008264462809917356
0.9648009697542669,0.0035733369250158034,0.006907469630775718,0.014079972010758375,0.00530025360593376,0.005337998073249402
0.0047442565151440295,0.9535955595439499,0.0047442565151440295,0.01412429994828487,0.005278835984197005,0.017512791493280118

Transition Gammas
8.0,8.0,207.0,861.0,5.021739436776595,4.978260563223406
147.0,1657.0,7.0,9.0,5.825577083644003,6.174422916355997
3.0,9.0,1.0,91.0,1.0,1.0
6.0,9.0,5.0,675.0,8.658721849947796,1.3412781500522049
2.8130245771851383,2.9756344584970176,2.9805886185008745,4.191889576050971,202.231662416846,1.2441077185110383
266.6456202714246,1.6292876676030184,1.0,4.795135722712715,1.87113200363071,1.0

2.0,124.0,2.0,3.0,4.642022640265222,538.3579773597344
9.0,1370.0,7.0,5.0,4.490913193131224,6.509086806868776
65.0,4.0,1.0,1.0,1.5,1.5
472.0,10.0,3.0,5.0,1.0588235294117647,4.9411764705882355
4.530397873620447,1.0,1.0,1.0,97.4320504752365,1.5209104188827454
1.9583951298487015,2.642699984464886,1.0,1.9860181684735325,162.93038876424532,2.703099007595917

6.0,522.0,2.0,6.0,94.75645494759726,1.2435450524027345
1121.0,16.0,3.0,4.0,1.2346222621036105,90.76537773789637
1.0,65.0,1.0,1.0,2.0,2.0
6.0,461.0,4.0,4.0,5.0,4.0
270.0,1.0,1.9330585880157858,3.9402867141323665,1.4832784361386016,1.49384124286735
1.0,201.0,1.0,2.977136650010181,1.1126792928136489,3.691366905937305

Iteration: ,12500
Error:,0.19989239205059658
Transition Probabilities
0.007676203768318213,0.00628053035589672,0.17515701325889743,0.8039078855547802,0.003504354108008789,0.0034740129540986784
0.08184019370460048,0.9016949152542373,0.0043583535108958835,0.005811138014527845,0.003305364205154481,0.002990035310584018
0.031007751937984496,0.07751937984496124,0.007751937984496124,0.8682170542635659,0.007751937984496124,0.007751937984496124
0.007675438596491228,0.010964912280701754,0.005482456140350877,0.9649122807017544,0.009494212554767319,0.0014706997259344352
0.010213278648360167,0.010803668096886373,0.01443680425357175,0.015219538659774467,0.9448077003578397,0.00451900998356754
0.9656531909160437,0.004487098564489992,0.005406590542230195,0.015918882494711743,0.005780212730657555,0.0027540247518667705

0.005861664712778435,0.17936694021102012,0.003516998827667061,0.005861664712778435,0.005449419492744031,0.799943312043012
0.006551518761167362,0.9755807027992853,0.004169148302561048,0.004764740917212627,0.003120996459716372,0.005812892760057302
0.8876404494382022,0.0449438202247191,0.011235955056179775,0.011235955056179775,0.016853932584269662,0.028089887640449437
0.9548192771084337,0.02108433734939759,0.006024096385542169,0.007530120481927711,0.0016607318801749322,0.008881436794523863
0.0334837446754241,0.023325371720096914,0.007390905966646526,0.007390905966646526,0.9171375012467865,0.011271570424399363
0.009077127933153512,0.015005105275816234,0.004634982897376168,0.009205160244753166,0.9495214489978452,0.012556174651055796

0.007398273736128237,0.8261405672009864,0.002466091245376079,0.011097410604192354,0.15136134646549992,0.0015363107478169717
0.902803738317757,0.013707165109034268,0.004361370716510903,0.0024922118380062306,0.0013964702600236802,0.07523904375866787
0.011363636363636364,0.9204545454545454,0.011363636363636364,0.011363636363636364,0.022727272727272728,0.022727272727272728
0.01567398119122257,0.9529780564263323,0.006269592476489028,0.007836990595611285,0.009764765241650365,0.007476614068694463
0.9720038312819006,0.0028421164657365513,0.005493977642233114,0.011198753749958571,0.004215650066621481,0.0042456707935496505
0.0038493935127787066,0.9623483781946767,0.0038493935127787066,0.011460170507204923,0.004283140451560059,0.01420952382100107

Transition Gammas
11.0,9.0,251.0,1152.0,5.021739436776595,4.978260563223406
169.0,1862.0,9.0,12.0,6.825577083644003,6.174422916355997
4.0,10.0,1.0,112.0,1.0,1.0
7.0,10.0,5.0,880.0,8.658721849947796,1.3412781500522049
2.8130245771851383,2.9756344584970176,3.9763024763677377,4.191889576050971,260.22664937738705,1.2446626187332641
350.6334466534811,1.6292876676030184,1.9631597495866462,5.780224917703222,2.0988238129448664,1.0

5.0,153.0,3.0,5.0,4.648354827310653,682.3516451726884
11.0,1638.0,7.0,8.0,5.2401530558637885,9.75984694413621
79.0,4.0,1.0,1.0,1.5,2.5
634.0,14.0,4.0,5.0,1.102725968436155,5.897274031563845
4.530397873620447,3.155955687348614,1.0,1.0,124.08999727308382,1.525059373676974
1.9583951298487015,3.2373593620616203,1.0,1.9860181684735325,204.85975245677014,2.7090012906334042

6.0,670.0,2.0,9.0,122.75405198352044,1.245948016479564
1449.0,22.0,7.0,4.0,2.2413347673380066,120.75866523266193
1.0,81.0,1.0,1.0,2.0,2.0
10.0,608.0,4.0,5.0,6.229920224172933,4.770079775827067
342.0,1.0,1.9330585880157858,3.9402867141323665,1.4832784361386016,1.49384124286735
1.0,250.0,1.0,2.977136650010181,1.1126792928136489,3.691366905937305

Iteration: ,15000
Error:,0.21221354187581054
Transition Probabilities
0.007926829268292683,0.007317073170731708,0.19085365853658537,0.7853658536585366,0.004687335567110402,0.003849249798743257
0.11178773379730318,0.8725532840365376,0.0039147455415398,0.006089604175728578,0.0029689330507368435,0.0026856993981539787
0.031446540880503145,0.06918238993710692,0.006289308176100629,0.8742138364779874,0.006289308176100629,0.012578616352201259
0.00676328502415459,0.012560386473429951,0.005797101449275362,0.9642512077294686,0.009332098405746662,0.0012959209179248356
0.007057251447678909,0.007433902328694242,0.009933829121468495,0.012598610091270251,0.9573823967369463,0.00559401027394193
0.966870300431096,0.007801613922586138,0.004288339473182024,0.012626362517709627,0.006182463186498086,0.0022309204689282417

0.005190311418685124,0.20069204152249145,0.004325259515570937,0.005190311418685124,0.004888404807698498,0.7797136713168689
0.0074309978768577496,0.975583864118896,0.0037154989384288748,0.004777070063694267,0.0029001694549355274,0.005592399547187614
0.8899082568807339,0.045871559633027525,0.01834862385321101,0.009174311926605505,0.013761467889908258,0.022935779816513763
0.9538866930171278,0.01844532279314888,0.006587615283267457,0.007905138339920948,0.001560939422784765,0.01161429114375015
0.022960649083465845,0.021021275634669465,0.01011073766425255,0.010078255608736512,0.928074378471615,0.007754703537260556
0.007337520943914169,0.012129417480699576,0.0037467009757530595,0.0074410162096830886,0.9591745426992047,0.010170801690745608

0.008138351983723296,0.785350966429298,0.002034587995930824,0.012207527975584944,0.19099735859316622,0.0012712070222966713
0.8659585230146688,0.01213960546282246,0.004552352048558422,0.0025290844714213456,0.001141297704717742,0.11367913729781132
0.009174311926605505,0.9357798165137615,0.009174311926605505,0.009174311926605505,0.01834862385321101,0.01834862385321101
0.015384615384615385,0.951048951048951,0.006993006993006993,0.008391608391608392,0.01099347695198658,0.007188341229831601
0.9771073620781993,0.002110383071443195,0.0040794941202564,0.01041989775786653,0.003130285701863641,0.0031525772703709177
0.0022738580889757978,0.9777589782595931,0.0022738580889757978,0.006769586253611959,0.002530074810400186,0.008393644498443105

Transition Gammas
13.0,12.0,313.0,1288.0,7.687230330061059,6.312769669938942
257.0,2006.0,9.0,14.0,6.825577083644003,6.174422916355997
5.0,11.0,1.0,139.0,1.0,2.0
7.0,13.0,6.0,998.0,9.658721849947796,1.3412781500522049
2.824869047436075,2.9756344584970176,3.9763024763677377,5.0429581475732,383.21999990404936,2.239164438316175
442.6237402023204,3.571502333342861,1.9631597495866462,5.780224917703222,2.830271007446211,1.0212935091817974

6.0,232.0,5.0,6.0,5.650995957699461,901.3490040422998
14.0,1838.0,7.0,9.0,5.463919253098534,10.536080746901465
97.0,5.0,2.0,1.0,1.5,2.5
724.0,14.0,5.0,6.0,1.1847530218936366,8.815246978106364
4.530397873620447,4.147737378412145,1.9949638291301164,1.9885547491992424,183.11965726688237,1.5300914311286151
1.9583951298487015,3.2373593620616203,1.0,1.9860181684735325,256.00509592480023,2.7146019275534394

8.0,772.0,2.0,12.0,187.7504034970824,1.249596502917628
1712.0,24.0,9.0,5.0,2.2563455622269757,224.74365443777296
1.0,102.0,1.0,1.0,2.0,2.0
11.0,680.0,5.0,6.0,7.860336020670405,5.139663979329595
463.0,1.0,1.9330585880157858,4.937443774480638,1.4832784361386016,1.49384124286735
1.0,430.0,1.0,2.977136650010181,1.1126792928136489,3.691366905937305

Iteration: ,17500
Error:,0.22576394248028955
Transition Probabilities
0.007206208425720621,0.007206208425720621,0.20842572062084258,0.7688470066518847,0.004592277638503681,0.003722578237327805
0.1395531164249314,0.8443747549980399,0.00431203449627597,0.006664053312426499,0.002675647621969425,0.0024203931463567217
0.026455026455026454,0.06349206349206349,0.005291005291005291,0.8835978835978836,0.010582010582010581,0.010582010582010581
0.007017543859649123,0.014035087719298246,0.005263157894736842,0.962280701754386,0.010196247589715983,0.0012072611822138424
0.006587245137100302,0.006051939565571683,0.008087129859883862,0.010256527932612973,0.9624362365234133,0.006580920981417885
0.967546698394543,0.009271914605250845,0.003507002930889236,0.012091870883446409,0.005758066993576405,0.0018244461922942634

0.004620462046204622,0.21320132013201326,0.004620462046204622,0.005940594059405942,0.004392091928976116,0.7672250697871953
0.007015902712815715,0.9766136576239476,0.0037418147801683817,0.004677268475210477,0.0030233485748823825,0.004928007832975428
