0,1,2,3,4,5,6,7,8,9,10,11,12,13,14,15,16,17,18,19,20,21,22,23,24,25,26,27,28,29
github Code Version (SHA):,8209b0a4e0cf9dc4260af93f9d3939001723c711
Environment Observations,Environment Actions,alpha,epsilon,numActions,explore,gainSplitThresh,surpiseThresh,splitWithEntropy,entropyThresh,earlyTermination,budd,conservativeness_factor,confidence_factor,have_control
"['diamond', 'square']","['x', 'y']",0.99,0.99,50000,0.05,0.05,0,True,0.55,False,True,0,100,False

Model Num 0
Model States: 
['diamond'],['square']
Iteration: ,0
Error:,0.6750067123328658
Transition Probabilities
0.3333333333333333,0.6666666666666666
0.5,0.5

0.5,0.5
0.5,0.5

Iteration: ,5000
Error:,0.148433381558584
Transition Probabilities
0.4878522837706511,0.5121477162293488
0.02154046997389034,0.9784595300261096

0.03076923076923077,0.9692307692307692
0.9762389680923286,0.02376103190767142

Iteration: ,10000
Error:,0.1508359440722585
Transition Probabilities
0.48560273304050755,0.5143972669594924
0.018462571332661968,0.9815374286673381

0.028225806451612902,0.9717741935483871
0.9766433099766433,0.02335669002335669

Iteration: ,15000
Error:,0.14494960459827652
Transition Probabilities
0.4857517196200459,0.5142482803799542
0.016551107134869156,0.9834488928651308

0.02982573726541555,0.9701742627345844
0.9753388135969785,0.024661186403021552

Iteration: ,20000
Error:,0.14253502294437514
Transition Probabilities
0.4919534538252043,0.5080465461747957
0.016039169339861558,0.9839608306601384

0.030009920634920636,0.9699900793650794
0.9755610972568578,0.024438902743142144

Iteration: ,25000
Error:,0.1465806101714715
Transition Probabilities
0.4929070929070929,0.5070929070929071
0.0174590384098845,0.9825409615901155

0.030656645569620253,0.9693433544303798
0.9741402292721941,0.025859770727805917

Iteration: ,30000
Error:,0.14672204281850493
Transition Probabilities
0.49118136439267884,0.5088186356073211
0.018683274021352312,0.9813167259786477

0.03049892259240842,0.9695010774075916
0.9737018052150658,0.026298194784934253

Iteration: ,35000
Error:,0.14985564956964453
Transition Probabilities
0.4918335463712541,0.5081664536287459
0.018288012255840674,0.9817119877441594

0.03093514970909607,0.969064850290904
0.9749928414622506,0.025007158537749357

Iteration: ,40000
Error:,0.14663706584546912
Transition Probabilities
0.4910016135037855,0.5089983864962144
0.017775905644481886,0.9822240943555182

0.030704469481243037,0.9692955305187569
0.9760932944606414,0.0239067055393586

Iteration: ,45000
Error:,0.1468239347319266
Transition Probabilities
0.4888937761161205,0.5111062238838795
0.01818181818181818,0.9818181818181818

0.030943728664244025,0.969056271335756
0.9764123040520556,0.023587695947944395

Iteration: ,49999
Error:,0.15080029198324155
Transition Probabilities
0.48684599467927875,0.5131540053207213
0.018659995943479144,0.9813400040565209

0.03174129353233831,0.9682587064676617
0.9763616992941803,0.02363830070581968


Model Num 1
Model States: 
['square'],"['diamond', 'x', 'square']","['diamond', 'x', 'diamond']"
Iteration: ,0
Error:,0.7251676569980705
Transition Probabilities
0.3333333333333333,0.3333333333333333,0.3333333333333333
0.3333333333333333,0.3333333333333333,0.3333333333333333
0.26693629244234884,0.4371777417331911,0.2958859658244599

0.3333333333333333,0.3333333333333333,0.3333333333333333
0.3333333333333333,0.3333333333333333,0.3333333333333333
0.3333333333333333,0.3333333333333333,0.3333333333333333

Iteration: ,5000
Error:,0.18185378193933363
Transition Probabilities
0.972181551976574,0.02549549532004798,0.00232295270337808
0.9899829453044071,0.008599796330477132,0.0014172583651159414
0.00238117661657432,0.9326608288028394,0.06495799458058638

0.021276595744680864,0.6493418119515426,0.3293815923037766
0.9701679097526102,0.020955711059795077,0.008876379187594688
0.3333333333333333,0.3333333333333333,0.3333333333333333

Iteration: ,10000
Error:,0.17809811317222313
Transition Probabilities
0.9766439094502336,0.021844861306309186,0.0015112292434572522
0.9892794813879451,0.009693941079368025,0.0010265775326868836
0.0011937191988676563,0.9497646484952217,0.049041632305910715

0.019404019404019413,0.6475678939568291,0.33302808663915145
0.9685218470353608,0.024191830764208718,0.0072863222004303585
0.3333333333333333,0.3333333333333333,0.3333333333333333

Iteration: ,15000
Error:,0.17725290647465772
Transition Probabilities
0.9779673063255155,0.020722719733401507,0.0013099739410832054
0.9873784777706588,0.011723105007381994,0.0008984172219590727
0.0007866382683394336,0.9572915191611818,0.04192184257047871

0.02001862197392924,0.6411587199999723,0.3388226580260984
0.9713161283946921,0.023245782868397017,0.005438088736910944
0.3333333333333333,0.3333333333333333,0.3333333333333333

Iteration: ,20000
Error:,0.17850876254411557
Transition Probabilities
0.9791187400460095,0.01970779959322021,0.0011734603607702263
0.9867044315592147,0.012556804568014024,0.0007387638727712528
0.0005841804336034006,0.9616852470373042,0.0377305725290925

0.02031523642732049,0.636267726311109,0.3434170372615706
0.9723580476577297,0.02314746072416945,0.0044944916181008
0.3333333333333333,0.3333333333333333,0.3333333333333333

Iteration: ,25000
Error:,0.1764851609065604
Transition Probabilities
0.9797651054195556,0.019154772497669552,0.001080122082774762
0.9872838675775684,0.01208017922762939,0.0006359531948022841
0.00046589399692585284,0.9651126244234719,0.034421481579602155

0.020448179271708677,0.6350532700725179,0.34449855065577356
0.9734486442780231,0.022190462899834378,0.0043608928221424365
0.3333333333333333,0.3333333333333333,0.3333333333333333

Iteration: ,30000
Error:,0.17489072898631836
Transition Probabilities
0.9796158831153529,0.01936137407303196,0.0010227428116151482
0.9880272896443072,0.011415261142011291,0.0005574492136814248
0.0003887221594908904,0.9674466861662626,0.03216459167424652

0.021683376078339967,0.6337149228975232,0.34460170102413684
0.9723637685935733,0.023063904442113384,0.004572326964313367
0.3333333333333333,0.3333333333333333,0.3333333333333333

Iteration: ,35000
Error:,0.17388535893000345
Transition Probabilities
0.9799354708610607,0.019060073700303368,0.0010044554386359238
0.9873373408398961,0.01216196651998404,0.0005006926401198282
0.00033206102970642913,0.9693788327774133,0.03028910619288022

0.020816653322658172,0.6331383637284376,0.34604498294890423
0.974344510559421,0.02139809032254963,0.004257399118029366
0.3333333333333333,0.3333333333333333,0.3333333333333333

Iteration: ,40000
Error:,0.1761326034769987
Transition Probabilities
0.9804078014184398,0.01862148101433821,0.0009707175672220717
0.9875248611246883,0.012014321711406937,0.0004608171639047394
0.00029140847187124824,0.9709422228089057,0.028766368719222987

0.021623506844537517,0.6338807115466758,0.3444957816087867
0.975592477966452,0.020444468440128778,0.0039630535934192445
0.3333333333333333,0.3333333333333333,0.3333333333333333

Iteration: ,45000
Error:,0.17632284090855385
Transition Probabilities
0.9808281606034415,0.018228378533950526,0.0009434608626079722
0.9873101380649024,0.012264843605093329,0.0004250183300041496
0.00025915534687428587,0.9722593391701168,0.027481505483008983

0.022184300341296984,0.6329024935862484,0.34491320607245474
0.9746722149393765,0.02132918592124307,0.00399859913938047
0.3333333333333333,0.3333333333333333,0.3333333333333333

Iteration: ,49999
Error:,0.13936519880395917
Transition Probabilities
0.98007630351844,0.019016727206341347,0.0009069692752186377
0.9626285856747868,0.03654673054043457,0.0008246837847785449
0.014700638813778342,0.9592122945209697,0.026087066665251967

0.021780104712041934,0.6343522765548802,0.3438676187330778
0.9751267841379168,0.02077409879431259,0.004099117067770609
0.8280571676709656,0.09726020107896748,0.0746826312500671


Model Num 2
Model States: 
"['diamond', 'x', 'square']","['diamond', 'x', 'diamond']","['square', 'y', 'diamond', 'x', 'square']","['square', 'y', 'diamond', 'x', 'diamond']"
Iteration: ,0
Error:,0.6755183564805144
Transition Probabilities
0.25,0.25,0.25,0.25
0.3936860725688239,0.2047155659524909,0.20079918073934258,0.20079918073934258
0.25,0.25,0.25,0.25
0.25,0.25,0.25,0.25

0.25,0.25,0.25,0.25
0.25,0.25,0.25,0.25
0.25,0.25,0.25,0.25
0.25,0.25,0.25,0.25

Iteration: ,5000
Error:,0.06236245122330328
Transition Probabilities
0.000675836440088616,0.000675836440088616,0.9666944486357342,0.03195387848408865
0.9477035319552691,0.0491908232886163,0.001552822378057282,0.001552822378057282
0.020830291900841822,0.005025837094846306,0.019254760191765682,0.9548891108125461
0.07158966980654281,0.030727324334004744,0.03529508955709758,0.8623879163023549

0.031129599211122464,0.003346272321546143,0.9183903692816703,0.04713375918566102
0.04480751340802722,0.04480751340802722,0.08431480031712565,0.8260701728668199
0.9831270954219887,0.0027919462697138676,0.007824203601605519,0.006256754706691916
0.00863599490217774,0.9773797373727022,0.005019803104957627,0.008964464620162356

Iteration: ,10000
Error:,0.05215409534210366
Transition Probabilities
0.00033970082680385733,0.00033970082680385733,0.9700986626371149,0.029221935709277426
0.9596221236826681,0.03881046090174003,0.00078370770779593,0.00078370770779593
0.016923838180396295,0.0025447087661959133,0.01865425519492476,0.961877197858483
0.07459089491972934,0.0200976476611781,0.029718835209403868,0.8755926222096886

0.02589341625613678,0.0029228933275611633,0.9359536107803218,0.035230079635980224
0.02341458276137796,0.02341458276137796,0.054020005294722985,0.8991508291825211
0.9770487466282102,0.002120608429639355,0.012380891190680584,0.008449753751469696
0.009305347991759362,0.9746875281789806,0.005811730935574884,0.01019539289368518

Iteration: ,15000
Error:,0.05594601626927805
Transition Probabilities
0.00022774738075481183,0.00022774738075481183,0.9721395217873674,0.02740498345112301
0.9654469249089992,0.03350426610434616,0.0005244044933273128,0.0005244044933273128
0.014008747475899964,0.002654005698663536,0.019958882546002043,0.9633783642794344
0.09965983226778229,0.019282308903307253,0.024235886202339414,0.8568219726265711

0.02425858023658062,0.007086270373043262,0.9377397075628605,0.03091544182751575
0.015158339017204316,0.015158339017204316,0.0556020981003417,0.9140812238652496
0.9752420681023585,0.0018538913792259498,0.013810860983781934,0.009093179534633622
0.011327819387746395,0.971011039853729,0.006463214702645765,0.011197926055878778

Iteration: ,20000
Error:,0.053055179342499516
Transition Probabilities
0.0001712010361615898,0.0001712010361615898,0.973836725371789,0.025820872555887865
0.9685600249389384,0.030654304109061614,0.0003928354760000145,0.0003928354760000145
0.013395651769235465,0.0030882836575772885,0.018573102291231772,0.9649429622819555
0.09192120814492091,0.016614201721180343,0.0225696681943419,0.8688949219395568

0.026309555667497785,0.008373887079080001,0.9364771655918585,0.028839391661563737
0.02140521054305441,0.01118124993061,0.04932058536929202,0.9180929541570436
0.9751146434493803,0.001682604897660107,0.014250193644669744,0.008952558008289917
0.011052407165539223,0.971995438225088,0.0064899038435975,0.010462250765775333

Iteration: ,25000
Error:,0.04900663733265314
Transition Probabilities
0.00013724173611239185,0.00013724173611239185,0.9747461934589626,0.024979323068812585
0.9705467252642126,0.028822440689997217,0.00031541702289509296,0.00031541702289509296
0.013384589058334295,0.0030866061314300287,0.017465205162110167,0.9660635996481255
0.08331600411615661,0.014280166279781797,0.020959510267007122,0.8814443193370545

0.027041387344875916,0.006638945221836005,0.9392679493640338,0.027051718069254146
0.01654126477327255,0.008640513730352854,0.06097833240895255,0.9138398890874221
0.9755699943418582,0.0016014032586574212,0.013676676109852922,0.009151926289631629
0.01100205059989308,0.9724092958449612,0.00637152104387714,0.010217132511268575

Iteration: ,30000
Error:,0.04773241102591926
Transition Probabilities
0.00011461757103799505,0.00011461757103799505,0.9758502754325067,0.023920489425417406
0.9715238342531545,0.02794991022433334,0.00026312776125608805,0.00026312776125608805
0.014310710697809117,0.0031615451212515955,0.016948203611568652,0.9655795405693706
0.0794753273112339,0.012464440209734404,0.019581296681850754,0.888478935797181

0.025755409045443347,0.006334533522569586,0.9411410926407591,0.026768964791228013
0.026078625553558384,0.007086152048701547,0.06210460500636049,0.9047306173913795
0.9740220509372338,0.0015431483520922142,0.014814534689517971,0.009620266021155871
0.011841767600536702,0.9728352086204842,0.005894774702468029,0.00942824907651097

Iteration: ,35000
Error:,0.04723764202023353
Transition Probabilities
9.797208707740552e-05,9.797208707740552e-05,0.9752482714087534,0.024555784417091858
0.9713286611004279,0.028221883261125416,0.00022472781922334032,0.00022472781922334032
0.014230948544527562,0.003367025651258046,0.016059096981965584,0.9663429288222487
0.0810069541539027,0.01220475061268981,0.018750551314426732,0.8880377439189808

0.028610529592393144,0.0059224183518594474,0.9378531241692281,0.02761392788651928
0.022756297252676194,0.006183400350863579,0.06529924848448541,0.9057610539119748
0.9750448014925132,0.0015330645209347853,0.014305776218884536,0.009116357767667643
0.011959591313436428,0.9727366101422151,0.005900729939230315,0.009403068605118154

Iteration: ,40000
Error:,0.04829472252361768
Transition Probabilities
8.591535736397739e-05,8.591535736397739e-05,0.9752968401559511,0.0245313291293209
0.9716756542078474,0.027932180720384624,0.00019608253588404556,0.00019608253588404556
0.014298785179773921,0.0031430755041620836,0.01512902263964143,0.9674291166764226
0.07955231198906633,0.010884126353103575,0.01884785724866578,0.8907157044091644

0.02965316744115957,0.0058314150571013535,0.9355952828434537,0.02892013465828539
0.020030964843313747,0.010020095434023404,0.06356099045707231,0.9063879492655905
0.9740555047445195,0.0014596112277560798,0.015180468855521717,0.00930441517220267
0.011926713375914102,0.9731968344463638,0.005745250930877629,0.009131201246844458

Iteration: ,45000
Error:,0.04861462181124933
Transition Probabilities
7.637920416865462e-05,7.637920416865462e-05,0.9754718500753625,0.02437539151630013
0.971792733153504,0.027858120345007304,0.00017462396912944705,0.00017452253235915823
0.013986445663795461,0.0028017504064203574,0.015042374438961557,0.9681694294908227
0.08364670719758607,0.010308019218010429,0.01834119934128609,0.8877040742431174

0.030721767052389402,0.005187021716299867,0.9355501799868982,0.028541031244412467
0.017565690119302733,0.008786890333874591,0.058624214681084835,0.9150232048657378
0.9745411487819251,0.001454305262136668,0.014895372707833518,0.00910917324810461
0.01257696009663205,0.9720302330644037,0.005958784934871503,0.009434021904092703

Iteration: ,49999
Error:,0.05159684302308164
Transition Probabilities
0.0004923187498066878,8.980920474652885e-05,0.9750626999912431,0.02435517205420372
0.9719223868002695,0.027601991708966645,0.00031395799122510966,0.00016166349953857014
0.015230303418375566,0.0032970440131608,0.015416515467702228,0.9660561371007614
0.084081944060914,0.009916638755638333,0.021640990518336806,0.8843604266651108

0.030606960133116746,0.004963890165910688,0.9354909566675251,0.028938193033447406
0.016990265403513637,0.011296151624442126,0.1034302724258532,0.868283310546191
0.9728097416172913,0.003071304112698019,0.014948778455841364,0.00917017581416918
0.014208379110841362,0.9694582089858206,0.0063624675454979004,0.00997094435784016

