0,1,2,3,4,5,6,7,8,9,10,11,12,13,14,15,16,17,18,19,20,21,22,23,24,25,26,27,28,29
github Code Version (SHA):,8209b0a4e0cf9dc4260af93f9d3939001723c711
Environment Observations,Environment Actions,alpha,epsilon,numActions,explore,gainSplitThresh,surpiseThresh,splitWithEntropy,entropyThresh,earlyTermination,budd,conservativeness_factor,confidence_factor,have_control
"['diamond', 'square']","['x', 'y']",0.99,0.99,50000,0.05,0.05,0,True,0.55,False,True,0,100,False

Model Num 0
Model States: 
['diamond'],['square']
Iteration: ,0
Error:,0.6062279674658093
Transition Probabilities
0.5,0.5
0.3333333333333333,0.6666666666666666

0.5,0.5
0.5,0.5

Iteration: ,5000
Error:,0.15008636217318835
Transition Probabilities
0.4845771144278607,0.5154228855721393
0.020557029177718834,0.9794429708222812

0.03788634097706879,0.9621136590229312
0.9725385130609511,0.027461486939048894

Iteration: ,10000
Error:,0.14999925545476384
Transition Probabilities
0.48265609514370666,0.5173439048562933
0.021746403479424557,0.9782535965205754

0.03683424589347934,0.9631657541065206
0.9736050785165385,0.02639492148346141

Iteration: ,15000
Error:,0.14834282453994924
Transition Probabilities
0.48702791461412154,0.5129720853858785
0.022507314877335136,0.9774926851226649

0.034425686858656074,0.9655743131413439
0.9733333333333334,0.02666666666666667

Iteration: ,20000
Error:,0.14594744266450294
Transition Probabilities
0.48510952498154075,0.5148904750184593
0.022101326079564772,0.9778986739204353

0.033655035882207376,0.9663449641177926
0.9742653162875643,0.025734683712435664

Iteration: ,25000
Error:,0.14941063965303888
Transition Probabilities
0.4868006304176517,0.5131993695823484
0.01988367374543487,0.9801163262545651

0.03103859928372463,0.9689614007162753
0.9752462070801171,0.024753792919882885

Iteration: ,30000
Error:,0.15072149102481078
Transition Probabilities
0.48529897588371324,0.5147010241162867
0.020085759422252315,0.9799142405777477

0.03167271527548664,0.9683272847245133
0.9753072749418669,0.024692725058133098

Iteration: ,35000
Error:,0.14733378437313172
Transition Probabilities
0.4855769230769231,0.5144230769230769
0.01961926961926962,0.9803807303807304

0.03205761898037,0.96794238101963
0.9745265151515151,0.02547348484848485

Iteration: ,40000
Error:,0.1525431753076966
Transition Probabilities
0.48331685615422637,0.5166831438457736
0.020192553463406322,0.9798074465365937

0.030557961153037237,0.9694420388469628
0.9738778209473423,0.026122179052657683

Iteration: ,45000
Error:,0.14598391637165922
Transition Probabilities
0.484266313348791,0.515733686651209
0.020104300506386518,0.9798956994936134

0.03036614777461083,0.9696338522253891
0.9744098830796382,0.02559011692036179

Iteration: ,49999
Error:,0.1497597393120026
Transition Probabilities
0.4859525464111982,0.5140474535888018
0.020204759644721675,0.9797952403552783

0.02988323768058579,0.9701167623194142
0.9738063660477454,0.02619363395225464


Model Num 1
Model States: 
['square'],"['diamond', 'x', 'square']","['diamond', 'x', 'diamond']"
Iteration: ,0
Error:,0.6552440962501754
Transition Probabilities
0.5,0.25,0.25
0.3333333333333333,0.3333333333333333,0.3333333333333333
0.3333333333333333,0.3333333333333333,0.3333333333333333

0.3333333333333333,0.3333333333333333,0.3333333333333333
0.3333333333333333,0.3333333333333333,0.3333333333333333
0.3333333333333333,0.3333333333333333,0.3333333333333333

Iteration: ,5000
Error:,0.18046331442536717
Transition Probabilities
0.9822039698836413,0.0151082238565596,0.002687806259799059
0.9888723501947168,0.009605236869060212,0.0015224129362230677
0.0021591193982079013,0.9425665947892082,0.05527428581258388

0.020494699646643123,0.6006904593186303,0.37881484103472646
0.970562325957629,0.02232739929776566,0.007110274744605326
0.3333333333333333,0.3333333333333333,0.3333333333333333

Iteration: ,10000
Error:,0.18180729013995298
Transition Probabilities
0.9811912225705329,0.0166335649492357,0.002175212480231384
0.9888012825538528,0.010240860770494452,0.000957856675652745
0.0010802276813896882,0.9573084539222764,0.041611318396333995

0.025245441795231454,0.5976289542159816,0.3771256039887869
0.9753086123631067,0.01980615227499808,0.004885235361895105
0.3333333333333333,0.3333333333333333,0.3333333333333333

Iteration: ,15000
Error:,0.17896594530174656
Transition Probabilities
0.9799487059920727,0.01804177420041515,0.002009519807512112
0.9884826638058479,0.010782132634793993,0.0007352035593581033
0.000727541783999452,0.9637909194372162,0.03548153877878436

0.02381508288582772,0.6022994133774932,0.37388550373667917
0.9745386526295136,0.02091822946206096,0.0045431179084254175
0.3333333333333333,0.3333333333333333,0.3333333333333333

Iteration: ,20000
Error:,0.18034968601195572
Transition Probabilities
0.9791374474053296,0.01904633608783591,0.0018162165068345006
0.9889670300230488,0.010441313724656802,0.0005916562522944689
0.0005461671619599451,0.9676276801477449,0.03182615269029512

0.02484689413823273,0.6019224710706518,0.37323063479111535
0.9752300927206321,0.020243133606809408,0.004526773672558417
0.3333333333333333,0.3333333333333333,0.3333333333333333

Iteration: ,25000
Error:,0.17827389418397455
Transition Probabilities
0.979513987001978,0.018648521699302662,0.0018374912987193827
0.9887354701088225,0.010750905449695376,0.0005136244414821252
0.0004391892795806693,0.9703147117474644,0.029246098972954822

0.023852699121216372,0.6051652480573014,0.3709820528214822
0.9735531816439867,0.02198288080823392,0.004463937547779393
0.3333333333333333,0.3333333333333333,0.3333333333333333

Iteration: ,30000
Error:,0.17888016213122232
Transition Probabilities
0.9802073515551367,0.018049911824299013,0.001742736620564315
0.9879943548867911,0.011535351401566083,0.00047029371164290876
0.00036671065661673344,0.9723264851567129,0.02730680418667032

0.023820590285847095,0.6060163091714178,0.3701631005427352
0.9749996977782527,0.02052841224614984,0.004471889975597392
0.3333333333333333,0.3333333333333333,0.3333333333333333

Iteration: ,35000
Error:,0.18004945620394489
Transition Probabilities
0.9797488861887403,0.018638039863315418,0.001613073947944203
0.9885851627800347,0.011001742332419007,0.00041309488754614294
0.0003162243268568674,0.973833151620812,0.025850624052331118

0.024739195230998535,0.6075731548689309,0.3676876499000704
0.9724541492861146,0.02270584053333007,0.004840010180555297
0.3333333333333333,0.3333333333333333,0.3333333333333333

Iteration: ,40000
Error:,0.17831650911478128
Transition Probabilities
0.9804753070059192,0.018068859408740277,0.0014558335853404683
0.9890896254910898,0.010533955140749162,0.00037641936816111614
0.0002770751564470219,0.9751930056689986,0.02452991917455439

0.025141365811222303,0.6078182024182919,0.3670404317704857
0.972514763250065,0.022788396550931456,0.004696840199003456
0.3333333333333333,0.3333333333333333,0.3333333333333333

Iteration: ,45000
Error:,0.17821655497047542
Transition Probabilities
0.9805863396997564,0.018022321177775226,0.001391339122468427
0.9889016283755465,0.010756706432644559,0.0003416651918090333
0.0002466742179718722,0.976319998081893,0.023433327700135117

0.024128064341504937,0.6092657141941817,0.3666062214643133
0.9722867762621289,0.02264381399537935,0.005069409742491719
0.3333333333333333,0.3333333333333333,0.3333333333333333

Iteration: ,49999
Error:,0.13409906119561565
Transition Probabilities
0.9794215402022488,0.01914315955733588,0.0014353002404153374
0.9641289489921039,0.035211753109883365,0.0006592978980127229
0.01423705087933376,0.9636083290231271,0.022154620097539098

0.023834413547982474,0.6097227605535969,0.3664428258984206
0.9716197602278253,0.023581998970959934,0.004798240801214891
0.8732547620827358,0.06983068997377066,0.05691454794349338


Model Num 2
Model States: 
"['diamond', 'x', 'square']","['diamond', 'x', 'diamond']","['square', 'y', 'diamond', 'x', 'square']","['square', 'y', 'diamond', 'x', 'diamond']"
Iteration: ,0
Error:,0.6747290334350599
Transition Probabilities
0.25,0.25,0.25,0.25
0.3936860725688239,0.2047155659524909,0.20079918073934258,0.20079918073934258
0.25,0.25,0.25,0.25
0.25,0.25,0.25,0.25

0.25,0.25,0.25,0.25
0.25,0.25,0.25,0.25
0.25,0.25,0.25,0.25
0.25,0.25,0.25,0.25

Iteration: ,5000
Error:,0.058284266579887035
Transition Probabilities
0.0006845270101532494,0.0006845270101532494,0.9594308214130777,0.03920012456661579
0.9653002052213931,0.03155542794867649,0.0015721834149651848,0.0015721834149651848
0.02062989484334176,0.008632807698668688,0.035194600214038,0.9355426972439514
0.030243096237037845,0.030243096237037845,0.08216342425901867,0.8573503832669055

0.03865865983639577,0.003119650163432195,0.9124032948932718,0.04581839510690018
0.03930673648399124,0.03930673648399124,0.16168807323332215,0.7596984537986954
0.9696500567158219,0.003933991503479975,0.02150467809664603,0.004911273684051973
0.003709731842928013,0.980304453404221,0.009382267966966748,0.006603546785884299

Iteration: ,10000
Error:,0.04090918864414573
Transition Probabilities
0.0003411525847437559,0.0003411525847437559,0.9627014952716471,0.03661619955886537
0.9678949364736222,0.030546688556028646,0.0007791874851745752,0.0007791874851745752
0.02535927051328377,0.008442428579520099,0.025336842879853924,0.9408614580273422
0.014096574596674887,0.014096574596674887,0.04715716709190032,0.9246496837147499

0.03742329239359259,0.0017952695681143216,0.913349433314028,0.04743200472426516
0.02285065076484539,0.02285065076484539,0.1175645094993517,0.8367341889709575
0.9759240939233004,0.002781131100075999,0.017327466636962024,0.003967308339661711
0.0026728408033904086,0.9791096192937903,0.010269001415610126,0.007948538487209259

Iteration: ,15000
Error:,0.0369115846144535
Transition Probabilities
0.00022662275104795506,0.00022662275104795506,0.9638517336079759,0.035695020889928104
0.9697525200771788,0.029200569433904443,0.0005234552444583682,0.0005234552444583682
0.023663648629417458,0.006576523735498836,0.02176049992929676,0.947999327705787
0.014327673913270939,0.014167931695152524,0.03587631402140543,0.9356280803701711

0.0401523625603425,0.001978790188592006,0.9175449730173121,0.040323874233753304
0.016370229661693006,0.016370229661693006,0.09862566780460838,0.8686338728720056
0.9745912657303484,0.0025219996567376344,0.01827451778564237,0.004612216827271704
0.0023208719798180222,0.9793574437495048,0.010595020318665146,0.007726663952011898

Iteration: ,20000
Error:,0.034373793170390035
Transition Probabilities
0.00017159131986520788,0.00017159131986520788,0.965389622184891,0.034267195175378566
0.9726414018108528,0.026573273407910082,0.0003926623906185998,0.0003926623906185998
0.023601143746446774,0.005963112980357135,0.022476916656773486,0.9479588266164227
0.016056992374382354,0.009840951180312063,0.030566443806941235,0.9435356126383644

0.03745569831704757,0.0024872326795902836,0.920728815440578,0.03932825356278408
0.015818607429729757,0.01543679628435656,0.08657723256281442,0.8821673637230992
0.9746369254490489,0.002341249966641249,0.018774815319315814,0.004247009264993816
0.002197968978257716,0.9811679468608278,0.009652126617349427,0.006981957543565192

Iteration: ,25000
Error:,0.03298088873247267
Transition Probabilities
0.00013755113737515712,0.00013755113737515712,0.9661128416515525,0.03361205607369715
0.9739932691074589,0.025377634623834695,0.0003145481343532121,0.0003145481343532121
0.020024434228639844,0.005509042170186418,0.023485947141568264,0.9509805764596054
0.020348913228271048,0.007066968233902206,0.02931604788450362,0.9432680706533231

0.03486525023984939,0.0020595663980642323,0.9232874038950261,0.039787779467060434
0.012699401444999986,0.012392878065315084,0.07773621128281681,0.8971715092068682
0.9729358481530258,0.002233373948586952,0.01981704011901094,0.005013737779376335
0.0020627394627430644,0.9821900985580456,0.009159493789924329,0.006587668189286872

Iteration: ,30000
Error:,0.03270450554448858
Transition Probabilities
0.00011416476494982316,0.00011416476494982316,0.9675482656939122,0.03222340477618813
0.9752530465851207,0.024220282874095764,0.0002633352703917693,0.0002633352703917693
0.019210871422688364,0.005108359275106492,0.023686122914348566,0.9519946463878566
0.020200644628484043,0.009167525815868388,0.029900713842132987,0.9407311157135145

0.03404917135975342,0.0017696257905668322,0.9259003655652942,0.038280837284385506
0.010542660520976991,0.010288194044918562,0.07363564741534215,0.9055334980187623
0.9745211369759144,0.002159402192538536,0.018249210589069337,0.0050702502424777845
0.00198537770227111,0.9825737080354774,0.009000863500714183,0.006440050761537301

Iteration: ,35000
Error:,0.030751303723633227
Transition Probabilities
9.768760713973282e-05,9.768760713973282e-05,0.9689067484592482,0.030897876326472427
0.9758796490279379,0.023668241712507438,0.00022605462977732846,0.00022605462977732846
0.01831681336355367,0.005491962947205206,0.0224484724111744,0.9537427512780667
0.020608751824728846,0.007957345879956286,0.028972645225354712,0.9424612570699602

0.03271043868697194,0.002141651066219551,0.9283004919650187,0.03684741828178976
0.0092221387669398,0.008999545508902548,0.06741863346306877,0.9143596822610888
0.9758673081015669,0.002060475967806716,0.017160178567285966,0.004912037363340519
0.0018802844685309682,0.9818445231167676,0.009513178203240776,0.006762014211460756

Iteration: ,40000
Error:,0.029731881679402005
Transition Probabilities
8.58658065444712e-05,8.58658065444712e-05,0.9691961286877098,0.030632139699201342
0.9766701636897114,0.022935109547713446,0.00019736338128757016,0.00019736338128757016
0.019149745952514802,0.005261524903767493,0.02160786316885468,0.9539808659748631
0.0171114718786419,0.009035284190223432,0.028221641251941643,0.9456316026791931

0.032670795557010086,0.0019324938506479607,0.9302721078495206,0.03512460274282141
0.008417173517577764,0.008214009574365463,0.06596188481922644,0.9174069320888304
0.975238194123569,0.0020329744806221323,0.017519122896137333,0.005209708499671385
0.0017814930781497888,0.9821073568085787,0.009432492027473302,0.006678658085798069

Iteration: ,45000
Error:,0.02989401681590795
Transition Probabilities
7.632842459347626e-05,7.632842459347626e-05,0.9694757967405248,0.03037154641028824
0.9772936691240491,0.02235515012342999,0.000175596256184871,0.00017558449633581233
0.019159274042196497,0.005221498309546757,0.021842832270998567,0.9537763953772582
0.01938687217001424,0.007904519125507036,0.028286956696820333,0.9444216520076584

0.03214875216417251,0.0017218695911516656,0.9301905531241259,0.0359388251205499
0.011954933913214779,0.007211638379365604,0.06253347053913887,0.9182999571682808
0.9752412277889487,0.0020012105662632197,0.01764746153214452,0.00511010011264366
0.0017788016885733867,0.9827124982640065,0.009090087354998248,0.006418612692421707

Iteration: ,49999
Error:,0.03256213539554906
Transition Probabilities
0.0003050097067858553,8.679873509366384e-05,0.9698964281197329,0.029711763438387637
0.9779159196328149,0.021661354047931212,0.0002584957346815226,0.0001642305845723206
0.018771737662894042,0.00542576558203729,0.021625608196512647,0.954176888558556
0.02456010473683222,0.008101591393526545,0.02725801610116967,0.9400802877684715

0.031252751890395974,0.0017591047143747747,0.9318315305759551,0.03515661281927417
0.012189692235067126,0.007381895343859622,0.09558736428957959,0.8848410481314937
0.9744737836356376,0.00303809332554476,0.01729011535761669,0.005198007681200913
0.0036127206903773137,0.9800812645286933,0.009614792618249388,0.006691222162679859

