0,1,2,3,4,5,6,7,8,9,10,11,12,13,14,15,16,17,18,19,20,21,22,23,24,25,26,27,28,29
github Code Version (SHA):,528ca1c557fe8e6666681dc5c9134b0f84d30530
Environment Observations,Environment Actions,alpha,epsilon,numActions,explore,patience,gainThresh,insertRandActions,useUpdatedPosterior,revisedSplitting,haveControl,confidence_factor
"['rose', 'volcano', 'nothing']","['b', 'f', 't']",0.85,0.99,75000,0.5,0,0.01,False,True,False,True,250

Model Num 0
Model States: 
['rose'],['volcano'],['nothing']
Iteration: ,0
Error:,0.6159114905901484
Absolute Error:,1
Transition Probabilities
0.3333333333333333,0.3333333333333333,0.3333333333333333
0.3333333333333333,0.3333333333333333,0.3333333333333333
0.3333333333333333,0.3333333333333333,0.3333333333333333

0.3333333333333333,0.3333333333333333,0.3333333333333333
0.3333333333333333,0.3333333333333333,0.3333333333333333
0.3333333333333333,0.3333333333333333,0.3333333333333333

0.3333333333333333,0.3333333333333333,0.3333333333333333
0.3333333333333333,0.3333333333333333,0.3333333333333333
0.3333333333333333,0.3333333333333333,0.3333333333333333

Transition Gammas
1.0,1.0,1.0
1.0,1.0,1.0
1.0,1.0,1.0

1.0,1.0,1.0
1.0,1.0,1.0
1.0,1.0,1.0

1.0,1.0,1.0
1.0,1.0,1.0
1.0,1.0,1.0

Iteration: ,2500
Error:,0.16209675875404533
Absolute Error:,1
Transition Probabilities
0.06534090909090909,0.04261363636363636,0.8920454545454546
0.06006006006006006,0.06306306306306306,0.8768768768768769
0.4460431654676259,0.4474820143884892,0.10647482014388489

0.08843537414965986,0.08843537414965986,0.8231292517006803
0.07051282051282051,0.0641025641025641,0.8653846153846154
0.4264705882352941,0.4485294117647059,0.125

0.8391608391608392,0.04895104895104895,0.11188811188811189
0.07194244604316546,0.7985611510791367,0.12949640287769784
0.06597222222222222,0.06597222222222222,0.8680555555555556

Transition Gammas
23.0,15.0,314.0
20.0,21.0,292.0
310.0,311.0,74.0

13.0,13.0,121.0
11.0,10.0,135.0
116.0,122.0,34.0

120.0,7.0,16.0
10.0,111.0,18.0
19.0,19.0,250.0

Iteration: ,5000
Error:,0.15645793378064027
Absolute Error:,1
Transition Probabilities
0.05349182763744428,0.0549777117384844,0.8915304606240714
0.06285714285714286,0.06571428571428571,0.8714285714285714
0.44325897187196894,0.44422890397672166,0.11251212415130941

0.06181818181818182,0.10181818181818182,0.8363636363636363
0.07063197026022305,0.06319702602230483,0.8661710037174721
0.4387019230769231,0.44711538461538464,0.1141826923076923

0.8267716535433071,0.04330708661417323,0.12992125984251968
0.06115107913669065,0.8345323741007195,0.10431654676258993
0.051893408134642355,0.06451612903225806,0.8835904628330996

Transition Gammas
36.0,37.0,600.0
44.0,46.0,610.0
457.0,458.0,116.0

17.0,28.0,230.0
19.0,17.0,233.0
365.0,372.0,95.0

210.0,11.0,33.0
17.0,232.0,29.0
37.0,46.0,630.0

Iteration: ,5149
Error:,0.1565234103406715
Absolute Error:,1
Transition Probabilities
0.055873925501432664,0.054441260744985676,0.8896848137535817
0.06162464985994398,0.06442577030812324,0.8739495798319328
0.444232602478551,0.444232602478551,0.111534795042898

0.06338028169014084,0.10211267605633803,0.8345070422535211
0.07326007326007326,0.06227106227106227,0.8644688644688645
0.4447031431897555,0.4435389988358556,0.11175785797438882

0.8282442748091603,0.04198473282442748,0.1297709923664122
0.06338028169014084,0.8345070422535211,0.10211267605633803
0.05326231691078562,0.06258322237017311,0.8841544607190412


Model Num 1
Model States: 
['rose'],['volcano'],"['nothing', 'f', 'rose']","['nothing', 'f', 'volcano']"
Iteration: ,0
Error:,0.5813063355611198
Absolute Error:,0.6
Transition Probabilities
0.25,0.25,0.25,0.25
0.25,0.25,0.25,0.25
0.25,0.25,0.25,0.25
0.25,0.25,0.25,0.25

0.25,0.25,0.25,0.25
0.25,0.25,0.25,0.25
0.25,0.25,0.25,0.25
0.25,0.25,0.25,0.25

0.25,0.25,0.25,0.25
0.25,0.25,0.25,0.25
0.25,0.25,0.25,0.25
0.25,0.25,0.25,0.25

Transition Gammas
1.0,1.0,1.0,1.0
1.0,1.0,1.0,1.0
1.0,1.0,1.0,1.0
1.0,1.0,1.0,1.0

1.0,1.0,1.0,1.0
1.0,1.0,1.0,1.0
1.0,1.0,1.0,1.0
1.0,1.0,1.0,1.0

1.0,1.0,1.0,1.0
1.0,1.0,1.0,1.0
1.0,1.0,1.0,1.0
1.0,1.0,1.0,1.0

Iteration: ,2500
Error:,0.07500225484160872
Absolute Error:,0.08068731738738256
Transition Probabilities
0.05187319884726224,0.07204610951008644,0.820917468345592,0.05516322329705922
0.07352941176470591,0.06176470588235297,0.05830597675051922,0.8063999056024219
0.04881661246010028,0.8695449486252068,0.058201620550462185,0.023436818364230637
0.8568728602722889,0.05145047767095267,0.0361540981064188,0.05552256395033962

0.08917197452229297,0.07643312101910826,0.03434840080740276,0.8000465036511961
0.0517241379310345,0.03448275862068967,0.8330787652921454,0.0807143381561305
0.8751795360519691,0.0029768011430339083,0.05041977434856667,0.07142388845643037
0.0031870041255528093,0.9146701840336563,0.02897692194269097,0.05316588989809999

0.7875,0.06875,0.10067289826993017,0.043077101730069824
0.07453416149068323,0.8136645962732919,0.03707290888876743,0.07472833334725741
0.09765055632800736,0.09482888502403179,0.32069189301479745,0.4868286656331634
0.04827167654294583,0.08031325092926173,0.6925151838216954,0.17889988870609702

Transition Gammas
18.0,25.0,284.8583615159205,19.141638484079554
25.0,21.0,19.824032095176523,274.1759679048233
7.683533955738338,136.86279735742238,9.160695616558474,3.6888587847676315
124.88812306154925,7.498841292398474,5.269413541769723,8.092342657601849

14.0,12.0,5.392698926762233,125.6073010732378
9.0,6.0,144.95570516083325,14.044294839166701
294.0,1.0,16.937568861983046,23.99350343692635
1.0,287.0,9.092213502442426,16.68209007695526

126.0,11.0,16.10766372318883,6.892336276811172
12.0,131.0,5.968738331091556,12.031261668908444
7.476531364612229,7.260492513446473,24.553500631868125,37.273620598459715
3.678202279367641,6.119704219691232,52.76822994460294,13.631802861289776

Iteration: ,5000
Error:,0.05172368784339385
Absolute Error:,0.056402899658022615
Transition Probabilities
0.057010785824345114,0.06779661016949148,0.8185239934148025,0.056668610591360864
0.0699001426533524,0.06419400855920118,0.060533883794017876,0.8053719649934286
0.05700823750532926,0.8461743983313285,0.05324608331819304,0.04357128084514912
0.849048985940704,0.05132285994207072,0.045136033803144474,0.05449212031408085

0.06862745098039215,0.06862745098039215,0.037797627169033336,0.8249474708701824
0.05421686746987952,0.045180722891566265,0.8441692053087742,0.05643320432978007
0.8813296705307923,0.0016082658221364822,0.04209355726831128,0.07496850637875997
0.0015301665098031636,0.907388740313276,0.027600314555491157,0.0634807786214299

0.804416403785489,0.05362776025236593,0.09847696731562683,0.04347886864651827
0.05309734513274336,0.831858407079646,0.04215277232998685,0.07289147545762377
0.0538008323286976,0.09532621268869894,0.2521526456181489,0.5987203093644545
0.04117867387897904,0.05439151003408293,0.7786057812947995,0.12582403479213863

Transition Gammas
37.0,44.0,531.2220717262071,36.77792827379322
49.0,45.0,42.434252539606504,564.565747460393
18.383313162864034,272.86388135519366,17.17014009146992,14.050329140742116
244.7201549053614,14.792713310050242,13.009493406179693,15.706184619734968

21.0,21.0,11.566073913724203,252.43392608627585
18.0,15.0,280.264176162513,18.735823837486983
548.0,1.0,26.173258604969035,46.61449951051557
1.0,593.0,18.037458262657694,41.48619004189021

255.0,17.0,31.217198639053706,13.782801360946292
18.0,282.0,14.289789819865542,24.710210180134457
8.440924296879723,14.955927445463773,39.56075214445032,93.93447252774332
7.134626296031352,9.423885259406577,134.9014127505371,21.800300561864848

Iteration: ,7500
Error:,0.04743428238943684
Absolute Error:,0.05010065798222544
Transition Probabilities
0.060265577119509695,0.06741573033707865,0.8157505737373145,0.056568118806097155
0.0627450980392157,0.05882352941176471,0.06378165234323889,0.8146497202057807
0.06107060546462449,0.851965152646249,0.049400099384472373,0.03756414250465403
0.8382239245504156,0.05369628648141848,0.048554270095406096,0.05952551887275975

0.06768558951965065,0.06550218340611352,0.04536584703967441,0.8214463800345614
0.060546874999999986,0.054687499999999986,0.8377875135372537,0.04697811146274621
0.8870118905173747,0.0010597513626252983,0.04381992756358204,0.06810843055641796
0.0010299490045461463,0.9053251749960626,0.024783331788259425,0.0688615442111319

0.8172268907563026,0.0504201680672269,0.0834072529171423,0.048945688259328296
0.055226824457593686,0.8224852071005917,0.04938386901333569,0.07290409942847889
0.05595359671027411,0.10178423717098438,0.19751876459788986,0.6447434015208516
0.03098142624107413,0.05853344622505744,0.8086120790505184,0.10187304848335009

Transition Gammas
59.0,66.0,798.619811688831,55.38018831116912
64.0,60.0,65.05728539010366,830.9427146098963
28.958150649845646,403.98052469022656,23.424289135655357,17.811974998547363
361.5195943828231,23.158799385305198,20.94108688183773,25.672902917736835

31.0,30.0,20.777557944170884,376.22244205582916
31.0,28.0,428.947206931074,24.052793068926068
837.0,1.0,41.349253333374264,64.26831137795801
1.0,879.0,24.062678519875227,66.8591783740557

389.0,24.0,39.70185238855973,23.298147611440267
28.0,417.0,25.037621589761194,36.9623784102388
13.917946373072397,25.317899793021233,49.13098951589227,160.37403517103658
8.216658903746971,15.523796688691055,214.4539630715671,27.01799731100903

Iteration: ,10000
Error:,0.04368258835978997
Absolute Error:,0.045253380082885354
Transition Probabilities
0.06132879045996593,0.06473594548551959,0.8228837224631363,0.051051541591378126
0.060657118786857624,0.05981465880370682,0.0587603394519594,0.820767882957476
0.05888669183652506,0.8477483082198669,0.05478198270427183,0.038583017239336034
0.8384288399475402,0.051876238039327456,0.04980558999306305,0.05988933202006916

0.07049608355091386,0.05744125326370759,0.04861405024914804,0.8234486129362305
0.06085918854415273,0.06085918854415273,0.8228793313510885,0.05540229156060608
0.8909912967571143,0.0007976645449929403,0.04484570865820625,0.06336533003968658
0.0008014478200796524,0.9040331410498478,0.025066372499543924,0.07009903863052863

0.8272583201267829,0.05388272583201268,0.07305180003166956,0.045807154009534876
0.0578386605783866,0.8097412480974124,0.05172817925579299,0.08069191206840792
0.04743974288875961,0.08908853590116933,0.174730834814311,0.68874088639576
0.03441937609185309,0.05947719042432783,0.8188821625155639,0.08722127096825516

Transition Gammas
72.0,76.0,966.0654901717221,59.93450982827792
72.0,71.0,69.74852292947581,974.2514770705241
40.000435776021675,575.8567971744442,37.212197060222316,26.208595779359563
500.2378149540155,30.951292141204547,29.715866539352735,35.73220190117679

54.0,44.0,37.238362490847386,630.7616375091524
51.0,51.0,689.5728796722124,46.42712032778791
1117.0,1.0,56.22126361226592,79.43856905442298
1.0,1128.0,31.27636244247653,87.46550539442705

522.0,34.0,46.095685819983494,28.904314180016506
38.0,532.0,33.985413771055995,53.014586228944005
14.882691455289573,27.948658894075603,54.81617192496875,216.07027105746516
12.733177222819934,22.00311837051667,302.93900947218873,32.26682255583555

Iteration: ,12500
Error:,0.0425533747581927
Absolute Error:,0.04323107769467188
Transition Probabilities
0.06444275966641388,0.06368460955269137,0.8231409209753956,0.048731709805499186
0.05600589535740599,0.06042741341193804,0.05325882959297866,0.8303078616376772
0.06129693140113146,0.8451742473154302,0.05475279798970958,0.03877602329372881
0.835200670822381,0.05297534418132103,0.05260305029540541,0.059220934700892326

0.0676835081029552,0.05624404194470926,0.04735621418316571,0.8287162357691699
0.061892130857648074,0.06366047745358087,0.823965558046321,0.05048183364245011
0.8944424644423095,0.000666499600925715,0.04484296149348522,0.060048074463279456
0.0006568876854585362,0.9084756689891555,0.02502586098019393,0.06584158234519197

0.8226950354609929,0.05673758865248227,0.07524239062664584,0.045324985259879
0.06190975865687303,0.8121720881427072,0.052357815587836996,0.07356033761258272
0.04480973311808985,0.08619712086888337,0.15800930760837362,0.7109838384046531
0.045251896432926764,0.06869264964037591,0.8074278392358563,0.07862761469084106

Transition Gammas
85.0,84.0,1085.7228747665479,64.27712523345349
76.0,82.0,72.27223175767212,1126.7277682423291
52.5756402714974,724.9233555069841,46.962602289611524,33.258993643728445
628.3340051918061,39.8541468520237,39.574064571659335,44.552798377394396

71.0,59.0,49.67666867814082,869.323331321859
70.0,72.0,931.9050461503894,57.094953849611095
1342.0,1.0,67.28130284129489,90.09468929895449
1.0,1383.0,38.097625414799474,100.23263307064688

696.0,48.0,63.65506247014238,38.34493752985763
59.0,774.0,49.89699825520866,70.10300174479134
17.705349711059046,34.058452547531324,62.43308884335115,280.9259645597748
20.942700570717967,31.79114481886886,373.67979692613005,36.3890736270203

Iteration: ,15000
Error:,0.0393993859787368
Absolute Error:,0.038857499652253255
Transition Probabilities
0.06449468085106379,0.06316489361702123,0.8260007219113182,0.04633970362059676
0.053526448362720434,0.05919395465994966,0.04719067504522846,0.8400889219321014
0.061148802438966914,0.8432736808208836,0.05215763947076607,0.04341987726938343
0.8359387939014739,0.05223563496015129,0.0507998850458292,0.0610256860925457

0.06711915535444965,0.05429864253393679,0.03940943428111974,0.8391727678304938
0.06297420333839153,0.06828528072837636,0.824309388577769,0.04443112735546296
0.8946751561052297,0.0005889895695228636,0.04475107800244188,0.05998477632280549
0.0005847976570584606,0.9105299520400232,0.024397833113010914,0.06448741718990747

0.8316831683168316,0.05310531053105311,0.071978379863094,0.043233141289021226
0.05555555555555555,0.8225806451612904,0.05270627089091718,0.06915752839223693
0.046784040328738695,0.07792699546729089,0.14995360697961901,0.7253353572243514
0.053141082037260555,0.060970600918765376,0.814195860964862,0.07169245607911198

Transition Gammas
97.0,95.0,1242.3050857546236,69.69491424537757
85.0,94.0,74.93879197182275,1334.0612080281762
63.73975366619444,879.0042412090824,54.36762387938886,45.25963176677466
848.0857319674311,52.99466543860961,51.538052794366735,61.91244387290787

89.0,72.0,52.25690985676464,1112.743090143232
83.0,90.0,1086.439774145499,58.56022585450015
1519.0,1.0,75.97940662802301,101.8435290312505
1.0,1557.0,41.720128010998394,110.27304301162897

924.0,59.0,79.96798002789743,48.03201997210258
62.0,918.0,58.82019831426357,77.17980168573642
24.21970898201155,40.34215811200337,77.62973647272467,375.50008812611674
33.237082247583686,38.13405372515204,509.2386861365904,44.84003651942882

Iteration: ,17500
Error:,0.03763078266642138
Absolute Error:,0.03695160873356785
Transition Probabilities
0.06491959499702196,0.06551518761167353,0.8266623174845963,0.04290289990670816
0.053551912568306055,0.055737704918032836,0.04289952792652512,0.847810854587136
0.0612774542418287,0.8442994875759985,0.051851246403962103,0.0425718117782105
0.8404262817267253,0.05107091729192977,0.05043355357827266,0.05806924740307228

0.06354102405922284,0.05675508945095632,0.03497371695553316,0.8447301695342877
0.0604166666666667,0.0680555555555556,0.8292921509560477,0.04223562682173
0.8951680963682987,0.00048492312912692243,0.04721458862139801,0.05713239188117631
0.0005147114389504706,0.9146422270149863,0.023264189551434736,0.061578871994628505

0.8307086614173228,0.05354330708661417,0.07289599169894943,0.042852039797113585
0.055105348460291734,0.8257698541329012,0.05052168366841687,0.06860311373839025
0.06570026586544861,0.07026132034538568,0.12955873724016062,0.734479676549005
0.05206364789605558,0.05665829469606479,0.8124872053064344,0.0787908521014453

Transition Gammas
109.0,110.0,1387.966031056639,72.03396894336309
98.0,102.0,78.5061361055409,1551.4938638944575
67.98469238282074,936.7138640470139,57.5267213701077,47.23158890542404
911.3154661950299,55.37870222868208,54.687577471548295,62.96733505287109

103.0,92.0,56.692395184919135,1369.3076048150774
87.0,98.0,1194.180697376708,60.819302623291165
1846.0,1.0,97.36509930224466,117.81741981257949
1.0,1777.0,45.19850889436593,119.63765973453347

1055.0,68.0,92.57790945766578,54.42209054233425
68.0,1019.0,62.34375764682641,84.65624235317357
46.43125392383175,49.654611941166046,91.56088712287007,519.0665808504001
52.808520320011176,57.46890253882883,824.111425631099,79.91810951351721

Iteration: ,19091
Error:,0.035001461414830314
Absolute Error:,0.0350235080929343
Transition Probabilities
0.06280720917531396,0.06772255598033854,0.8299592412247309,0.039510993619616665
0.05358062854198869,0.05358062854198869,0.04106770110617285,0.8517710418098497
0.06153957621575004,0.8435007623443628,0.05208096787747693,0.04287869356241018
0.8382994288779585,0.052627527141561256,0.051165334598906854,0.057907709381573476

0.06231276213301389,0.05751947273816667,0.03400469777705483,0.8461630673517646
0.06408706166868205,0.06892382103990334,0.8299942507059896,0.03699486658542499
0.8979651676899448,0.00046502598016051003,0.046113930055419125,0.05545587627447551
0.00045313013660318145,0.9126040951188075,0.023253425007929044,0.0636893497366603

0.8317972350230415,0.054531490015360985,0.0716751836202549,0.04199609134134267
0.054093567251461985,0.8260233918128655,0.05002378732620581,0.0698592536094667
0.06453589681979578,0.06277063200219443,0.11267932602984805,0.7600141451481618
0.05386357595599168,0.05408207934374805,0.8172278252237791,0.07482651947648122

*,*,*,*,*,*,*,*,*,*,*
Model Num 1
Model States: 
['rose'],['volcano'],"['nothing', 'f', 'rose']","['nothing', 'f', 'volcano']"
Iteration: ,19091
Error:,0.03489741307967303
Absolute Error:,0.0350235080929343
Transition Probabilities
0.06280720917531396,0.06772255598033854,0.8299592412247309,0.039510993619616665
0.05358062854198869,0.05358062854198869,0.04106770110617285,0.8517710418098497
0.06153957621575004,0.8435007623443628,0.05208096787747693,0.04287869356241018
0.8382994288779585,0.052627527141561256,0.051165334598906854,0.057907709381573476

0.06231276213301389,0.05751947273816667,0.03400469777705483,0.8461630673517646
0.06408706166868205,0.06892382103990334,0.8299942507059896,0.03699486658542499
0.8979651676899448,0.00046502598016051003,0.046113930055419125,0.05545587627447551
0.00045313013660318145,0.9126040951188075,0.023253425007929044,0.0636893497366603

0.8317972350230415,0.054531490015360985,0.0716751836202549,0.04199609134134267
0.054093567251461985,0.8260233918128655,0.05002378732620581,0.0698592536094667
0.06453589681979578,0.06277063200219443,0.11267932602984805,0.7600141451481618
0.05386357595599168,0.05408207934374805,0.8172278252237791,0.07482651947648122

Transition Gammas
115.0,124.0,1519.6553706824839,72.3446293175182
104.0,104.0,79.71240784708147,1653.2875921529176
71.09537111899897,974.4785945191957,60.1680409124793,49.536847982667396
956.7546615916098,60.064017922715294,58.395211428117584,66.09031210610353

104.0,96.0,56.753840589904414,1412.2461594100926
106.0,114.0,1372.8104906677054,61.18950933229286
1931.0,1.0,99.1642016205251,119.25328613969947
1.0,2014.0,51.317321735086246,140.55421299959752

1083.0,71.0,93.32108907357188,54.67891092642815
74.0,1130.0,68.43254106224956,95.56745893775044
64.54637998556339,62.780828419584495,112.69762958045419,760.1376013122803
60.06806792719851,60.31174050379826,911.3634890792669,83.44571215140678

