0,1,2,3,4,5,6,7,8,9,10,11,12,13,14,15,16,17,18,19,20,21,22,23,24,25,26,27,28,29
github Code Version (SHA):,528ca1c557fe8e6666681dc5c9134b0f84d30530
Environment Observations,Environment Actions,alpha,epsilon,numActions,explore,patience,gainThresh,insertRandActions,useUpdatedPosterior,revisedSplitting,haveControl,confidence_factor
"['diamond', 'square']","['x', 'y']",0.85,0.99,75000,0.5,0,0.01,False,True,False,True,250

Model Num 0
Model States: 
['diamond'],['square']
Iteration: ,0
Error:,0.5054356569132658
Absolute Error:,1
Transition Probabilities
0.5,0.5
0.5,0.5

0.5,0.5
0.5,0.5

Transition Gammas
1.0,1.0
1.0,1.0

1.0,1.0
1.0,1.0

Iteration: ,2419
Error:,0.09004411513402849
Absolute Error:,1
Transition Probabilities
0.4953959484346225,0.5046040515653776
0.12006079027355623,0.8799392097264438

0.118,0.882
0.8784530386740331,0.12154696132596685


Model Num 1
Model States: 
['square'],"['diamond', 'x', 'square']","['diamond', 'x', 'diamond']"
Iteration: ,0
Error:,0.5645813707851516
Absolute Error:,1
Transition Probabilities
0.3333333333333333,0.3333333333333333,0.3333333333333333
0.3333333333333333,0.3333333333333333,0.3333333333333333
0.3333333333333333,0.3333333333333333,0.3333333333333333

0.3333333333333333,0.3333333333333333,0.3333333333333333
0.3333333333333333,0.3333333333333333,0.3333333333333333
0.3333333333333333,0.3333333333333333,0.3333333333333333

Transition Gammas
1.0,1.0,1.0
1.0,1.0,1.0
1.0,1.0,1.0

1.0,1.0,1.0
1.0,1.0,1.0
1.0,1.0,1.0

Iteration: ,2500
Error:,0.06668992853193957
Absolute Error:,1
Transition Probabilities
0.8781609195402299,0.0717475013560561,0.05009157910371401
0.9957537154989384,0.0021231422505307855,0.0021231422505307855
0.0028735632183908046,0.8427671508335681,0.1543592859480411

0.10294117647058823,0.2721218377968859,0.6249369857325258
0.8646476894353945,0.07785465773648415,0.057497652828121436
0.8782292726587759,0.06772301944512217,0.05404770789610182

Transition Gammas
764.0,62.420326179768814,43.579673820231186
469.0,1.0,1.0
1.0,293.2829684900817,53.71703150991831

63.0,166.53856473169418,382.46143526830576
42.493335911869345,3.826187433242694,2.8257371246372442
104.26975993718442,8.040568903364028,6.416936559653047

Iteration: ,2879
Error:,0.07037031437434704
Absolute Error:,1
Transition Probabilities
0.8803879310344828,0.07088063384968099,0.048731435115836254
0.9964539007092199,0.0017730496453900709,0.0017730496453900709
0.0024875621890547263,0.8449525762808474,0.1525598615300979

0.108,0.3070262893462832,0.5849737106537168
0.8624417506084268,0.09190092512904259,0.04565732426253063
0.8768444478926326,0.06776297422079243,0.05539257788657498


Model Num 2
Model States: 
"['diamond', 'x', 'square']","['diamond', 'x', 'diamond']","['square', 'y', 'diamond', 'x', 'diamond']","['square', 'y', 'diamond', 'x', 'square']"
Iteration: ,0
Error:,0.5044345350483848
Absolute Error:,0.6
Transition Probabilities
0.25,0.25,0.25,0.25
0.25,0.25,0.25,0.25
0.25,0.25,0.25,0.25
0.25,0.25,0.25,0.25

0.25,0.25,0.25,0.25
0.25,0.25,0.25,0.25
0.25,0.25,0.25,0.25
0.25,0.25,0.25,0.25

Transition Gammas
1.0,1.0,1.0,1.0
1.0,1.0,1.0,1.0
1.0,1.0,1.0,1.0
1.0,1.0,1.0,1.0

1.0,1.0,1.0,1.0
1.0,1.0,1.0,1.0
1.0,1.0,1.0,1.0
1.0,1.0,1.0,1.0

Iteration: ,2500
Error:,0.05206564399085742
Absolute Error:,0.1145476793251834
Transition Probabilities
0.0019493177387914233,0.0019493177387914233,0.08132540174385149,0.9147759627785657
0.8377315884491573,0.15737843600072046,0.0024449877750611256,0.0024449877750611256
0.06893375522641808,0.07718778345297637,0.7389545810784925,0.11492388024211299
0.059303221871606145,0.032752280145046345,0.851192617512124,0.056751880471223454

0.09615491226907417,0.03269559693454396,0.17009818413415517,0.7010513066622267
0.060464919006018795,0.13378155616779666,0.5984060749346553,0.20734744989152942
0.0027902838870582512,0.9042906577598964,0.00957403390545602,0.08334502444758943
0.9063989995928002,0.003617962409974581,0.07272679203300826,0.017256245964216974

Transition Gammas
1.0,1.0,41.7199310945958,469.28006890540405
342.6322196757052,64.36778032429464,1.0,1.0
13.537389862708975,15.158337360400234,145.1178195941458,22.569050043229474
18.8599870926055,10.416088052118571,270.7016798236727,18.048593303846005

17.25805543992753,5.8682641502379616,30.5295259778673,125.82594098524925
2.0573880676853387,4.552070553647856,20.361451539832988,7.055234279390207
1.0663560146150297,345.5905638616175,3.658885279223245,31.851765521114622
307.35928673132526,1.2268486022713023,24.661605910382786,5.851581316401277

Iteration: ,5000
Error:,0.050896798456756896
Absolute Error:,0.10659124085480141
Transition Probabilities
0.000983284169124877,0.000983284169124877,0.06967347627673487,0.9283599553850154
0.8347712382857806,0.16267121695718623,0.0012787723785166241,0.0012787723785166241
0.07239766931361488,0.06678012290001414,0.7625280588640052,0.0982941489223658
0.06607655147901231,0.028988269379540084,0.8397839540895655,0.06515122505188203

0.08205323459985647,0.02201674568858978,0.15405179540626673,0.7418782243052869
0.0400366982361941,0.1604491082237217,0.6421510633785305,0.1573631301615538
0.0014301772112146173,0.885988299920369,0.007439424237376213,0.10514209863104015
0.8931858584910624,0.0018059216339315332,0.08509203511871545,0.01991618475629059

Transition Gammas
1.0,1.0,70.85792537343937,944.1420746265609
652.7911083394804,127.20889166051963,1.0,1.0
31.89652639675162,29.421581841696764,335.94999104820073,43.3058404431104
42.5285754946517,18.657599029795772,540.5066470825008,41.93301150209216

28.397369934692477,7.6196590558055,53.31497100131343,256.75271041815637
2.8150117091787443,11.281302861501889,45.15014579394003,11.064325319347375
1.0738190758726955,665.2260503063925,5.585738324567291,78.94377724800471
621.4617545073734,1.2565259698826092,59.20542173475208,13.857303050730293

Iteration: ,7500
Error:,0.04968806862546983
Absolute Error:,0.10006080878138829
Transition Probabilities
0.0007032348804500699,0.0007032348804500699,0.06376174917664963,0.9348317810624502
0.8591426334213708,0.1390874550742045,0.0008849557522123888,0.0008849557522123888
0.0720197242163703,0.05812401764829675,0.7707025151366633,0.09915374299866968
0.06542942746368705,0.038132680204856634,0.8274500815124662,0.06898781081898997

0.08280888892127754,0.023061488564878763,0.13194961161336236,0.7621800109004813
0.05965612190058654,0.12620861909743789,0.6501098578874295,0.16402540111454603
0.0009662544374383371,0.8830176522007204,0.005374235140267091,0.11064185822157427
0.8930636155177661,0.0011850249354270347,0.0885763597831464,0.017174999763660513

Transition Gammas
1.0,1.0,90.66920732919584,1329.330792670805
970.8311757661495,157.16882423385118,1.0,1.0
47.1774561311375,38.07489299083825,504.8586966090128,64.95194769844089
62.67096811120646,36.52503281401532,792.5653590788847,66.07933248840364

53.187257934467794,14.812145853315759,84.74981513040787,489.54001629942377
6.262604905452494,13.249180333698973,68.24750009518822,17.21912603287525
1.0786863305888887,985.7642399271214,5.999572947416887,123.51597615527884
965.4828663008045,1.2811195657441479,95.75908842769581,18.56773438353644

Iteration: ,10000
Error:,0.0464522845311783
Absolute Error:,0.10163574608415825
Transition Probabilities
0.0005564830272676679,0.0005564830272676679,0.058439313095490684,0.940447720849974
0.8647337263294144,0.13387931111857443,0.0006934812760055472,0.0006934812760055472
0.07630044418505483,0.059164559265204635,0.7679743308440634,0.09656066570567709
0.06894586612423664,0.03982872531053403,0.8287019282918758,0.0625234802733534

0.08105183349623316,0.02455951275801378,0.13905388334847535,0.7553347703972778
0.05607317771103912,0.09783517443095328,0.6467222429187229,0.19936940493928473
0.0007451924586987527,0.8955054910627321,0.004279823270976522,0.09946949320759244
0.8925005880600908,0.0008405583551109726,0.09123183546988486,0.015427018114913474

Transition Gammas
1.0,1.0,105.01544563259684,1689.9845543674046
1246.9460333670168,193.0539666329845,1.0,1.0
66.531597476046,51.58964254956826,669.6495622978435,84.19787605912128
80.96240091845961,46.77045061486431,973.1359040347435,73.42066118347259

80.80376771096648,24.484346354549672,138.62829753160642,753.0230063707857
9.830277645254766,17.151639471626765,113.37790128490171,34.95176632617628
1.0859429019282487,1304.9888257799307,6.236836737102736,144.95341283486067
1383.2198915496135,1.3027185106117147,141.39339654533637,23.909181247965538

Iteration: ,12500
Error:,0.04382523709183465
Absolute Error:,0.09518196744164119
Transition Probabilities
0.000457456541628545,0.000457456541628545,0.05731922487446856,0.9417658620422743
0.8606331958345927,0.13824760998521704,0.0005595970900951309,0.0005595970900951309
0.0816467182625535,0.06294161075443075,0.7556152611191856,0.09979640986383002
0.06718288395047797,0.0451932982443241,0.837466363052923,0.05015745475227503

0.07765813067354131,0.028056942648125607,0.12766308431177106,0.7666218423665621
0.059411419396442955,0.07107239547545793,0.6841586532228234,0.1853575319052756
0.0005617934158166389,0.8975639981146285,0.003424311469363943,0.09844989700019087
0.8944299766570407,0.0007339602645573851,0.09015833567866047,0.014677727399741252

Transition Gammas
1.0,1.0,125.29982557558836,2058.700174424413
1537.9515209564188,247.0484790435831,1.0,1.0
85.53827917333865,65.94162247916576,791.6304602152255,104.55304694523608
103.81526607334973,69.8355593877922,1294.106299037512,77.50648981528853

90.75101433988456,32.78724304216188,149.18662469168484,895.8715488831639
22.500370920406088,26.916631123196805,259.10546528435003,70.19884835489063
1.099175256427284,1756.1262022863407,6.699826540248186,192.62185660029854
1596.154035130482,1.309787986173355,160.89195918052488,26.193122353976527

Iteration: ,15000
Error:,0.04352628376303398
Absolute Error:,0.09365893397132204
Transition Probabilities
0.0003907776475185616,0.0003907776475185616,0.05371094440092604,0.9455075003040369
0.8635660238500154,0.1354784099770273,0.00047778308647873836,0.00047778308647873836
0.08213336774528199,0.06604980126049437,0.7570512362977028,0.09476559469652078
0.06751083752631407,0.04787152546474877,0.8428603800880532,0.041757256920883994

0.078392501893903,0.031114910574471015,0.12317121222168731,0.7673213753099387
0.05191137577480978,0.059650470876025465,0.6932929032117545,0.19514525013741021
0.00043658537280822057,0.8953384602394172,0.00292057518572037,0.10130437920205415
0.8971289135974548,0.000653641923221097,0.08850642806719766,0.013711016412126485

Transition Gammas
1.0,1.0,137.44630672196985,2419.5536932780324
1807.4436879180832,283.5563120819183,1.0,1.0
93.14423688062367,74.90449379362023,858.5421689168815,107.46995092080527
129.3072298364998,91.69097248247527,1614.3769634859684,79.97997678381519

103.67787621724979,41.15097450795483,162.89988692454148,1014.8196402240487
34.38132846124936,39.5069944004838,459.17355626593076,129.2462941404591
1.1114090307563287,2279.250090063525,7.434865752679065,257.88908404355635
1805.484217700291,1.3154633169391856,178.1203978808033,27.593608193338994

Iteration: ,17500
Error:,0.043935902698476595
Absolute Error:,0.09299430065177647
Transition Probabilities
0.00034176349965823615,0.00034176349965823615,0.05140798841503367,0.9479084845856499
0.8633983833617058,0.13576409570027073,0.0004187604690117252,0.0004187604690117252
0.07906720103419078,0.06564446311529994,0.7670558201532309,0.08823251569727839
0.06763793193729496,0.04719326746559128,0.8487828328475143,0.03638596774959949

0.07564274125380145,0.03215680670372646,0.11917274010810996,0.7730277119343621
0.052241343357855886,0.05668006002924328,0.6832710219412157,0.2078075746716851
0.00035708219493272306,0.8932831642797617,0.0024679167896979348,0.10389183673560769
0.8989205462994042,0.0005880648621177886,0.0872533346320183,0.013238054206459677

Transition Gammas
1.0,1.0,150.4197741023887,2773.5802258976146
2061.795339467754,324.2046605322466,1.0,1.0
97.32766276101448,80.8049619139924,944.2063106605214,108.60969428558849
155.00120621436517,108.14957188734464,1945.0973608622157,83.3832248995055

111.02796999643036,47.19957144206385,174.92104587696537,1134.645521624909
49.71665226432691,53.94085706204011,650.2502733792049,197.7647637633288
1.1206658753280951,2803.477668221568,7.7453039345319885,326.0538828509477
2017.8826163149527,1.3200786959628554,195.8649047396658,29.71657458161241

Iteration: ,17930
Error:,0.04556066963724123
Absolute Error:,0.09347993212522566
Transition Probabilities
0.00033400133600534367,0.00033400133600534367,0.05029565400528169,0.9490363433227076
0.8622463784228405,0.13693260351476222,0.00041050903119868636,0.00041050903119868636
0.07943385024179644,0.06480102018501964,0.7685270108194704,0.08723811875371353
0.06702804942985208,0.047103054966714596,0.8497484316678809,0.03612046393555254

0.0751251962902529,0.032281327843652896,0.11907813849446433,0.7735153373716298
0.05599285734041753,0.05681851886805606,0.6769656130869152,0.21022301070461125
0.00034647141255268765,0.891810149237645,0.0024045977673804422,0.10543878158242188
0.8983835374087289,0.0005771802222416105,0.08795724919923394,0.013082033169795587

*,*,*,*,*,*,*,*,*,*,*
Model Num 2
Model States: 
"['diamond', 'x', 'square']","['diamond', 'x', 'diamond']","['square', 'y', 'diamond', 'x', 'diamond']","['square', 'y', 'diamond', 'x', 'square']"
Iteration: ,17930
Error:,0.04456071087666744
Absolute Error:,0.09347993212522566
Transition Probabilities
0.00033400133600534367,0.00033400133600534367,0.05029565400528169,0.9490363433227076
0.8622463784228405,0.13693260351476222,0.00041050903119868636,0.00041050903119868636
0.07943385024179644,0.06480102018501964,0.7685270108194704,0.08723811875371353
0.06702804942985208,0.047103054966714596,0.8497484316678809,0.03612046393555254

0.0751251962902529,0.032281327843652896,0.11907813849446433,0.7735153373716298
0.05599285734041753,0.05681851886805606,0.6769656130869152,0.21022301070461125
0.00034647141255268765,0.891810149237645,0.0024045977673804422,0.10543878158242188
0.8983835374087289,0.0005771802222416105,0.08795724919923394,0.013082033169795587

Transition Gammas
1.0,1.0,150.58518809181354,2841.4148119081897
2100.4321778380395,333.56782216196075,1.0,1.0
99.05166963642907,80.8049619139924,958.3305272329318,108.78336241026929
158.22708330647149,111.19194226303034,2005.9246394715506,85.26632812402404

111.75416468116227,48.02081067486326,177.13734614179225,1150.660027057387
56.03218351270804,56.858424937659045,677.4410749154329,210.3706592928613
1.122054796427014,2888.1455127332365,7.787339331947389,341.46566301768337
2055.6560950159474,1.3206876488363593,201.26131867772693,29.93394257675074

