0,1,2,3,4,5,6,7,8,9,10,11,12,13,14,15,16,17,18,19,20,21,22,23,24,25,26,27,28,29
github Code Version (SHA):,528ca1c557fe8e6666681dc5c9134b0f84d30530
Environment Observations,Environment Actions,alpha,epsilon,numActions,explore,patience,gainThresh,insertRandActions,useUpdatedPosterior,revisedSplitting,haveControl,confidence_factor
"['diamond', 'square']","['x', 'y']",0.85,0.99,75000,0.5,0,0.01,False,True,False,True,250

Model Num 0
Model States: 
['diamond'],['square']
Iteration: ,0
Error:,0.5087833576691863
Absolute Error:,1
Transition Probabilities
0.5,0.5
0.5,0.5

0.5,0.5
0.5,0.5

Transition Gammas
1.0,1.0
1.0,1.0

1.0,1.0
1.0,1.0

Iteration: ,2435
Error:,0.08910477438572016
Absolute Error:,1
Transition Probabilities
0.4953271028037383,0.5046728971962616
0.11127596439169139,0.8887240356083086

0.118,0.882
0.8674863387978142,0.1325136612021858


Model Num 1
Model States: 
['square'],"['diamond', 'x', 'square']","['diamond', 'x', 'diamond']"
Iteration: ,0
Error:,0.5666369301234392
Absolute Error:,1
Transition Probabilities
0.3333333333333333,0.3333333333333333,0.3333333333333333
0.3333333333333333,0.3333333333333333,0.3333333333333333
0.3333333333333333,0.3333333333333333,0.3333333333333333

0.3333333333333333,0.3333333333333333,0.3333333333333333
0.3333333333333333,0.3333333333333333,0.3333333333333333
0.3333333333333333,0.3333333333333333,0.3333333333333333

Transition Gammas
1.0,1.0,1.0
1.0,1.0,1.0
1.0,1.0,1.0

1.0,1.0,1.0
1.0,1.0,1.0
1.0,1.0,1.0

Iteration: ,2500
Error:,0.07267363845574257
Absolute Error:,1
Transition Probabilities
0.9054209919261822,0.04594375602970851,0.04863525204410926
0.9956709956709957,0.0021645021645021645,0.0021645021645021645
0.002923976608187134,0.7670157987899673,0.2300602246018455

0.12401883830455258,0.3334789264236051,0.5425022352718422
0.8148900094229969,0.10081427072585908,0.08429571985114406
0.9125215096773427,0.06939415963884915,0.018084330683808207

Transition Gammas
785.0,39.833236477757275,42.16676352224273
460.0,1.0,1.0
1.0,262.31940318616887,78.68059681383117

79.0,212.42607613183645,345.5739238681635
36.19789931685431,4.478229919668168,3.744466056436302
103.55057291914657,7.874669157537301,2.0521629170470588

Iteration: ,2813
Error:,0.07049001439624122
Absolute Error:,1
Transition Probabilities
0.9065217391304348,0.047070436802499095,0.04640782406706613
0.9963436928702011,0.0018281535648994515,0.0018281535648994515
0.0026041666666666674,0.776764066444773,0.22063176688856037

0.12649800266311587,0.35897633076798796,0.5145256665688962
0.8347177378065584,0.09124625991591227,0.07403600227752928
0.9101872440960774,0.07218925587659612,0.017623500027326443


Model Num 2
Model States: 
"['diamond', 'x', 'square']","['diamond', 'x', 'diamond']","['square', 'y', 'diamond', 'x', 'diamond']","['square', 'y', 'diamond', 'x', 'square']"
Iteration: ,0
Error:,0.5058256495475154
Absolute Error:,0.6
Transition Probabilities
0.25,0.25,0.25,0.25
0.25,0.25,0.25,0.25
0.25,0.25,0.25,0.25
0.25,0.25,0.25,0.25

0.25,0.25,0.25,0.25
0.25,0.25,0.25,0.25
0.25,0.25,0.25,0.25
0.25,0.25,0.25,0.25

Transition Gammas
1.0,1.0,1.0,1.0
1.0,1.0,1.0,1.0
1.0,1.0,1.0,1.0
1.0,1.0,1.0,1.0

1.0,1.0,1.0,1.0
1.0,1.0,1.0,1.0
1.0,1.0,1.0,1.0
1.0,1.0,1.0,1.0

Iteration: ,2500
Error:,0.03473577648778446
Absolute Error:,0.08155698752306784
Transition Probabilities
0.0019011406844106477,0.0019011406844106477,0.07589604495599354,0.9203016736751851
0.8258453789344186,0.16898666240925067,0.002583979328165375,0.002583979328165375
0.07366421532880289,0.05248422920261361,0.8225903778184596,0.051261177650124064
0.04983588306081674,0.0673625193616375,0.7618722863959619,0.12092931118158384

0.046068640782431995,0.06199183189266878,0.15972296652492876,0.7322165607999706
0.041490227614951664,0.061672310274173275,0.7704918900831376,0.1263455720277375
0.003059047945823794,0.9000435045813239,0.0382215873708278,0.05867586010202458
0.8702271973599104,0.0028875233683750686,0.043994455615130094,0.08289082365658444

Transition Gammas
1.0,1.0,39.92131964685258,484.07868035314704
319.60216164762,65.39783835238,1.0,1.0
14.937464508670331,10.642634384682314,166.80303345378263,10.394626731630678
14.438843690260923,19.516798497538627,220.7356262111093,35.03659039393363

7.520054604337224,10.119290539901034,26.072517214187766,119.52400648025161
1.4552168628170197,2.1630776941681247,27.024021210929327,4.4314099373793026
1.0666923601668834,313.8458589592917,13.327896771795647,20.460317329284415
342.89598511188257,1.1377720357814265,17.33515367409498,32.66150577767411

Iteration: ,5000
Error:,0.03569650776781204
Absolute Error:,0.07156293317804412
Transition Probabilities
0.0009852216748768468,0.0009852216748768468,0.07198348937272825,0.926046067277518
0.8257478251860689,0.17167817223992846,0.0012870012870012872,0.0012870012870012872
0.06775923351827921,0.04736343261136827,0.8073160878320869,0.07756124603826578
0.056673425627382555,0.06801824939841786,0.773650440039576,0.10165788493462366

0.04349548307176992,0.04571108963887175,0.11711189428202168,0.7936815330073368
0.037443627262166365,0.05138491825076443,0.829208696803431,0.08196275768363809
0.0015328394172537528,0.9018203634167354,0.03441719578869078,0.062229601377319956
0.8737135738107207,0.0015338631354272078,0.031849974857843216,0.09290258819600895

Transition Gammas
1.0,1.0,73.0632417133192,939.9367582866812
641.6060601695755,133.3939398304244,1.0,1.0
28.178152220493327,19.696415447913502,335.72805404962054,32.254387834652874
35.36945541940918,42.449673955145826,482.82937631292526,63.44391554636046

15.109163363971724,15.878805616648698,40.68152869233666,275.7036614902779
2.6170060198978615,3.5913892490347834,57.95496617067563,5.728532355150373
1.0748886582773334,632.3927148069422,24.134722128462766,43.6378996890889
662.8540720413214,1.1636850516554467,24.16339423096649,70.481746804409

Iteration: ,7500
Error:,0.035748030094008024
Absolute Error:,0.06875229742846778
Transition Probabilities
0.0007183908045977009,0.0007183908045977009,0.0652419503571938,0.9333212680336107
0.8480132469101946,0.15019624279437113,0.0008952551477170996,0.0008952551477170996
0.06733970875891027,0.04451877869011542,0.7944260056615423,0.09371550688943182
0.06371336076600352,0.06446709729976502,0.7814790094625964,0.09034053247163504

0.03767477782228745,0.0371508079571536,0.09796344318003362,0.8272109710405253
0.05411731298503201,0.060994798751258295,0.8176976793042005,0.06719020895950922
0.00102122247203523,0.9075212482211779,0.02999748844943177,0.06146004085735505
0.8863176425347147,0.0010573387232874116,0.02650700217425794,0.08611801656774

Transition Gammas
1.0,1.0,90.8167948972138,1299.1832051027866
947.2307967986873,167.7692032013125,1.0,1.0
43.5784699599747,28.810048269554645,514.1078044618566,60.64740220939138
60.689332333418584,61.40729425599384,744.3876566337534,86.05269809083028

24.055656127619862,23.72109705055375,62.55046581382692,528.1810222799397
6.741092239341111,7.5977823329107945,101.8560452476523,8.369510073457082
1.0832219104902407,962.6177715708544,31.818665998745708,65.19134145533737
995.2539815099938,1.1872950775830613,29.764949027053802,96.70268846693959

Iteration: ,10000
Error:,0.035758068522446125
Absolute Error:,0.06700358553194946
Transition Probabilities
0.0005624296962879636,0.0005624296962879636,0.06034868504847418,0.9385264555589499
0.8589171238976037,0.13965634257885848,0.0007132667617689017,0.0007132667617689017
0.061325953717957196,0.04904848504606708,0.7960443745993518,0.09358118663662393
0.05843069851395781,0.06353077833360196,0.7950995390133451,0.0829389841390952

0.05067446648921979,0.03389934469063336,0.09589896730371235,0.8195272215164344
0.06763833729997604,0.05386445691807443,0.8110552465756387,0.06744195920631081
0.0007872747922449641,0.9076932716917503,0.02873562713504173,0.0627838263809629
0.8823622461820764,0.0007416148835879973,0.026481194575945364,0.0904149443583904

Transition Gammas
1.0,1.0,107.29996201618717,1668.700037983814
1204.2018077044402,195.79819229555955,1.0,1.0
52.88037336681464,42.293711635391574,686.4161287888796,80.69353657691602
69.4260470044495,75.48584759369759,944.7194603632953,98.54624294738878

49.39169337107739,33.04121689759505,93.47138146339591,798.7817147123153
13.058012543646493,10.398877059521851,156.579389827472,13.020100499785844
1.0915999134977634,1258.5667756943917,39.84353164092583,87.05323747390197
1436.6224373612104,1.2074639256762674,43.11548738688983,147.20953701279015

Iteration: ,12500
Error:,0.034462235263057445
Absolute Error:,0.06799915098538295
Transition Probabilities
0.00045977011494252894,0.00045977011494252894,0.0564110484770051,0.9426694112931098
0.8635470063089468,0.13528884933715335,0.000582072176949942,0.000582072176949942
0.06440353716564351,0.04923442868308074,0.7946556837827551,0.09170635036852065
0.057152532650988026,0.056149060655146854,0.819711353464198,0.06698705322966715

0.052888235957126696,0.03771007002564587,0.09225658488516573,0.8171451091320617
0.0646500019001446,0.04490891310872227,0.7857508922031052,0.10469019278802785
0.000585731346737818,0.9083017099781672,0.028534187178172327,0.06257837149692268
0.8844520533302932,0.0006436592010340396,0.02504307940763839,0.08986120806103445

Transition Gammas
1.0,1.0,122.69403043748605,2050.305969562513
1483.57375683877,232.42624316122937,1.0,1.0
67.7695901815123,51.80766773867827,836.1883895733486,96.49938582615933
87.96299104761341,86.41855558530881,1261.6109750851404,103.09922045852416

60.03071107233316,42.802757120923715,104.7156951169835,927.4993023068855
24.76392101695597,17.20217702235287,300.97869236840444,40.10115373943735
1.106859405536775,1716.4222067911376,53.921193792013426,118.25465626914374
1668.8084871119647,1.214473903304037,47.25197177339676,169.5526016472329

Iteration: ,15000
Error:,0.03547282194620166
Absolute Error:,0.06864095390200689
Transition Probabilities
0.0003933910306845013,0.0003933910306845013,0.053029213288994875,0.9461840046496361
0.8651001451191593,0.13390729904957507,0.0004962779156327547,0.0004962779156327547
0.06467905792110058,0.04910391323687491,0.8002475197293896,0.08596950911263501
0.059718181048690436,0.05497000629796667,0.8283580171672309,0.056953795486112076

0.05358263692542722,0.04154454754946987,0.08942256273671571,0.8154502527883871
0.06614369014535099,0.032391004084685524,0.7803098007683643,0.12115550500159912
0.0004513903040193973,0.9078126984737552,0.027001125955608128,0.06473478526661715
0.8855875713870018,0.000575744702852605,0.023659714604427947,0.09017696930571754

Transition Gammas
1.0,1.0,134.80026018062466,2405.1997398193694
1743.1767924151052,269.8232075848936,1.0,1.0
73.22754114802524,55.59386519619135,906.0144050192107,97.3319026028555
113.52287308166308,104.49670332681934,1574.6893223753973,108.26784042898575

68.94706743056688,53.45714368727576,115.06383068461273,1049.2746679026093
44.271600996708095,21.680096855326884,522.2805694318508,81.09236367367187
1.122556704658797,2257.627649889256,67.14875065969974,160.98809960828459
1875.1990104982112,1.2191181673856064,50.098572798855514,190.9464056129041

Iteration: ,17500
Error:,0.03581400604120978
Absolute Error:,0.06766561561404118
Transition Probabilities
0.0003434065934065936,0.0003434065934065936,0.05213534826545718,0.9471778385477296
0.8679746640027565,0.1311662294680338,0.0004295532646048115,0.0004295532646048115
0.06391182434818846,0.04957251818378084,0.8046068126616079,0.08190884480642265
0.059660035449690806,0.055165193301520976,0.8361794228360429,0.04899534841274526

0.056286687391955956,0.04271529029795313,0.08452873106760392,0.816469291242487
0.06069600420209059,0.03681895981112436,0.7699996998292824,0.1324853361575027
0.00036757822083853824,0.9058696210414413,0.02792419314655042,0.06583860759116973
0.8858274785608936,0.000520699023383249,0.022959341705851722,0.09069248070987156

Transition Gammas
1.0,1.0,151.81813414901123,2758.181865850987
2020.6450177984148,305.35498220158235,1.0,1.0
77.22627472041383,59.89972820971242,972.2267732181097,98.97252997491425
135.30934032495463,125.11500970900101,1896.4602559221685,111.12176221065643

81.46463484073696,61.8225318894167,122.3398023412072,1181.6892368629617
57.26227104884313,34.736014077981864,726.4387845424844,124.99029102127801
1.1327678004168211,2791.623333261285,86.05413774753224,202.89519475180055
2080.884125470559,1.223166314129804,53.93344736220755,213.04435454554886

Iteration: ,18014
Error:,0.03523461370192172
Absolute Error:,0.06702771430382445
Transition Probabilities
0.0003350083752093804,0.0003350083752093804,0.051259709521893855,0.9480702737276874
0.8674691332469784,0.13169718605272993,0.0004168403501458946,0.0004168403501458946
0.06379769570993703,0.0509371131893457,0.8040297792001433,0.08123541190057401
0.06047750981993581,0.054000354545597665,0.8378200154641765,0.04770212017029002

0.05667926899750027,0.04320820969463744,0.08388777896105011,0.8162247423468122
0.06008391598169839,0.03745629720567574,0.7732565947333104,0.1292031920793156
0.0003529959776626055,0.9037986904594236,0.029006965780019562,0.06684134778289423
0.885841198326301,0.0005130355646106318,0.022703831981355605,0.09094193412773269

*,*,*,*,*,*,*,*,*,*,*
Model Num 2
Model States: 
"['diamond', 'x', 'square']","['diamond', 'x', 'diamond']","['square', 'y', 'diamond', 'x', 'diamond']","['square', 'y', 'diamond', 'x', 'square']"
Iteration: ,18014
Error:,0.03546524256701548
Absolute Error:,0.06702771430382445
Transition Probabilities
0.0003350083752093804,0.0003350083752093804,0.051259709521893855,0.9480702737276874
0.8674691332469784,0.13169718605272993,0.0004168403501458946,0.0004168403501458946
0.06379769570993703,0.0509371131893457,0.8040297792001433,0.08123541190057401
0.06047750981993581,0.054000354545597665,0.8378200154641765,0.04770212017029002

0.05667926899750027,0.04320820969463744,0.08388777896105011,0.8162247423468122
0.06008391598169839,0.03745629720567574,0.7732565947333104,0.1292031920793156
0.0003529959776626055,0.9037986904594236,0.029006965780019562,0.06684134778289423
0.885841198326301,0.0005130355646106318,0.022703831981355605,0.09094193412773269

Transition Gammas
1.0,1.0,153.01023292285308,2829.9897670771456
2081.0584506594987,315.94154934049874,1.0,1.0
77.79103958270709,62.109625500534136,980.3851327766915,99.05353277031868
141.9452055115597,126.74284120648807,1966.4257776294612,111.96041753486536

83.79156869060641,63.87668250954354,124.01515964200672,1206.6625553752601
60.1059078957757,37.47000695904888,773.5396221011715,129.25048302985198
1.1343414093030972,2904.328505527451,93.21296707228673,214.7925569742229
2112.753171439874,1.223602512775993,54.149200909910896,216.8987625640652

