0,1,2,3,4,5,6,7,8,9,10,11,12,13,14,15,16,17,18,19,20,21,22,23,24,25,26,27,28,29
github Code Version (SHA):,528ca1c557fe8e6666681dc5c9134b0f84d30530
Environment Observations,Environment Actions,alpha,epsilon,numActions,explore,patience,gainThresh,insertRandActions,useUpdatedPosterior,revisedSplitting,haveControl,confidence_factor
"['square', 'diamond']","['x', 'y']",0.85,0.99,75000,0.5,0,0.01,False,True,False,True,250

Model Num 0
Model States: 
['square'],['diamond']
Iteration: ,0
Error:,0.49787117900180544
Absolute Error:,1
Transition Probabilities
0.5,0.5
0.5,0.5

0.5,0.5
0.5,0.5

Transition Gammas
1.0,1.0
1.0,1.0

1.0,1.0
1.0,1.0

Iteration: ,1716
Error:,0.17913487512484524
Absolute Error:,1
Transition Probabilities
0.8716216216216216,0.12837837837837837
0.8782435129740519,0.1217564870259481

0.21611001964636542,0.7838899803536346
0.2916666666666667,0.7083333333333334


Model Num 1
Model States: 
['diamond'],"['square', 'y', 'diamond']","['square', 'y', 'square']"
Iteration: ,0
Error:,0.43223225112086455
Absolute Error:,1
Transition Probabilities
0.3333333333333333,0.3333333333333333,0.3333333333333333
0.3333333333333333,0.3333333333333333,0.3333333333333333
0.3333333333333333,0.3333333333333333,0.3333333333333333

0.3333333333333333,0.3333333333333333,0.3333333333333333
0.3333333333333333,0.3333333333333333,0.3333333333333333
0.3333333333333333,0.3333333333333333,0.3333333333333333

Transition Gammas
1.0,1.0,1.0
1.0,1.0,1.0
1.0,1.0,1.0

1.0,1.0,1.0
1.0,1.0,1.0
1.0,1.0,1.0

Iteration: ,2500
Error:,0.10685646032438254
Absolute Error:,1
Transition Probabilities
0.07874015748031496,0.8363747410316194,0.08488510148806573
0.0903861738361562,0.8286750637904684,0.08093876237337545
0.06632085962334235,0.7939890386517666,0.13969010172489105

0.6424242424242425,0.058624767701203714,0.2989509898745539
0.9969834087481146,0.0015082956259426848,0.0015082956259426848
0.0024154589371980675,0.21028829522199555,0.7872962458408064

Transition Gammas
50.0,531.0979605550783,53.90203944492174
28.68634822924226,263.0010812480459,25.687972221231025
5.756371870374992,68.91491143870029,12.124513715681234

212.0,19.346173341397225,98.65382665860278
661.0,1.0,1.0
1.0,87.05935422190616,325.9406457780938

Iteration: ,4914
Error:,0.10328404543218998
Absolute Error:,1
Transition Probabilities
0.09506398537477147,0.8371209714727981,0.06781504315243052
0.10794640637642279,0.8013012967719381,0.09075229685163906
0.0859995250941071,0.8068809897934806,0.10711948511241223

0.6163069544364509,0.04771453820451986,0.33597850735902923
0.9983164983164983,0.0008417508417508417,0.0008417508417508417
0.001644736842105263,0.18408207966528875,0.814273183492606


Model Num 2
Model States: 
"['square', 'y', 'diamond']","['square', 'y', 'square']","['diamond', 'y', 'diamond']","['diamond', 'y', 'square', 'y', 'square']"
Iteration: ,0
Error:,0.496293598908858
Absolute Error:,0.6
Transition Probabilities
0.25,0.25,0.25,0.25
0.25,0.25,0.25,0.25
0.25,0.25,0.25,0.25
0.25,0.25,0.25,0.25

0.25,0.25,0.25,0.25
0.25,0.25,0.25,0.25
0.25,0.25,0.25,0.25
0.25,0.25,0.25,0.25

Transition Gammas
1.0,1.0,1.0,1.0
1.0,1.0,1.0,1.0
1.0,1.0,1.0,1.0
1.0,1.0,1.0,1.0

1.0,1.0,1.0,1.0
1.0,1.0,1.0,1.0
1.0,1.0,1.0,1.0
1.0,1.0,1.0,1.0

Iteration: ,2500
Error:,0.0476940599232906
Absolute Error:,0.0884292491418634
Transition Probabilities
0.7703717601898695,0.10245076966501586,0.08580867512474304,0.04136879502037147
0.7872343569309704,0.12281401399456891,0.040789288319590764,0.049162340754869846
0.8031552898033574,0.10093090291619994,0.053250428171703876,0.04266337910873891
0.7291728126866284,0.14651723814758372,0.07495527144753665,0.049354677718251354

0.0017123287671232874,0.0017123287671232874,0.9283100753885032,0.06826526707725018
0.09128164044415481,0.9009058595558452,0.003906250000000002,0.003906250000000002
0.0035335689045936395,0.0035335689045936395,0.08999778647583692,0.9029350757149758
0.13031668734431534,0.8586943016666737,0.005494505494505494,0.005494505494505494

Transition Gammas
275.44211851684616,36.630700265101034,30.680412347484992,14.79118151746876
183.0487029293762,28.556865900642297,9.484375592322055,11.431288064247978
264.68005004972264,33.261807242736566,17.548693475089436,14.0597284997725
104.41735028485402,20.981229020397596,10.733574672918243,7.067576549535329

1.0,1.0,542.133084026886,39.86691597311411
23.368099953703624,230.6319000462963,1.0,1.0
1.0,1.0,25.469373572661848,255.53062642733815
23.717637096665396,156.28236290333464,1.0,1.0

Iteration: ,5000
Error:,0.04842812611110468
Absolute Error:,0.08097476275938541
Transition Probabilities
0.7801793500958123,0.10356509455803373,0.06870485614820188,0.04755069919795214
0.7901871595723257,0.1195167924878405,0.03975647375491413,0.05053957418491956
0.8089395807599724,0.08398821187094896,0.0648763578973149,0.04219584947176381
0.7932414850342141,0.10402956229280265,0.0675709274957461,0.03515802517723714

0.0008382229673093044,0.0008382229673093044,0.93154798003798,0.06677557402740139
0.10414743012435214,0.8915422250480617,0.002155172413793103,0.002155172413793103
0.0016863406408094439,0.0016863406408094439,0.10238927264897664,0.8942380460694045
0.11710005235896336,0.8772661448241353,0.002816901408450706,0.002816901408450706

Transition Gammas
557.0988067349284,73.95221443708435,49.05973654949679,33.954292406402985
348.0126436740233,52.63734599236548,17.509466418174828,22.258537878257453
539.4931271500084,56.01291387352742,43.26695099681471,28.141002524424014
248.75004018191316,32.622295087510906,21.189349330325317,11.025091779178997

1.0,1.0,1111.33674018531,79.66325981468984
48.324407577699404,413.6755924223007,1.0,1.0
1.0,1.0,60.71683868084314,530.2831613191568
41.57051858743196,311.42948141256784,1.0,1.0

Iteration: ,7500
Error:,0.049036080074878
Absolute Error:,0.08094029088296749
Transition Probabilities
0.7876070191599784,0.1030857752750251,0.061713324189076255,0.04759388137592021
0.7887101931643038,0.11301953902555238,0.04883201743290565,0.04943825037723817
0.8012183971382447,0.08611082915415853,0.0704637886815138,0.04220698502608289
0.7833058408418228,0.09913409198496236,0.07378080953460107,0.04377925763861391

0.0005561735261401559,0.0005561735261401559,0.9296440480645028,0.06924360488321683
0.11276639134459727,0.8843723783263613,0.0014306151645207435,0.0014306151645207435
0.0011235955056179768,0.0011235955056179768,0.09738762206133368,0.9003651869274303
0.10586521274501813,0.8905697248663901,0.0017825311942959012,0.0017825311942959012

Transition Gammas
811.707760854816,106.24019566727254,63.60174931636501,49.050252146357444
533.4778295432365,76.44559294134606,33.029620890035964,33.439672437667916
807.7108431239162,86.80860382965477,71.0347720034077,42.548997355653256
357.92689855219,45.29872782109169,33.71369770587776,20.004668790246686

1.0,1.0,1671.4999984199756,124.50000158002382
78.82370754987352,618.1762924501268,1.0,1.0
1.0,1.0,86.67498363458704,801.3250163654135
59.390384349955134,499.60961565004453,1.0,1.0

Iteration: ,10000
Error:,0.04773533384359539
Absolute Error:,0.08365403092313584
Transition Probabilities
0.7935828587301681,0.1021040555755667,0.058493902464403905,0.0458191832298612
0.7884702590770911,0.11507297451264875,0.04685690233104386,0.04959986407921624
0.7981378928709115,0.08741143611644153,0.06983315448103851,0.04461751653160832
0.7619741229757687,0.11667315783355388,0.07657794082710667,0.04477477836357071

0.00041322314049586776,0.00041322314049586776,0.9153332624076818,0.08384029131132649
0.10509709987794254,0.8928516180707754,0.0010256410256410254,0.0010256410256410254
0.0007656967840735071,0.0007656967840735071,0.0982308673457579,0.9002377390860951
0.10369754303824529,0.8937772044365022,0.0012626262626262636,0.0012626262626262636

Transition Gammas
931.8314436219244,119.89141204344492,68.68401576075205,53.80125740490109
744.6811273610481,108.68218731442347,44.254618929281165,46.845245301578515
967.9642733742465,106.01068812896904,84.692130568474,54.111153417279
528.6539734110793,80.94727447993363,53.129406200551315,31.064525391047713

1.0,1.0,2215.10649502659,202.8935049734101
102.469672380994,870.5303276190062,1.0,1.0
1.0,1.0,128.28951275355976,1175.7104872464397
82.1284540862902,707.8715459137093,1.0,1.0

Iteration: ,12440
Error:,0.0474665189062705
Absolute Error:,0.08388778986273862
Transition Probabilities
0.7948679590196814,0.09900600290156088,0.06008150876282489,0.0460445293159327
0.7823753243440075,0.11403086699275108,0.05303074892600487,0.050563059737236446
0.797735366029243,0.08754668549928919,0.06847175720863743,0.046246191262830284
0.7633887548017448,0.11724910732233625,0.07664387284192713,0.042718265033991794

0.00032873109796186694,0.00032873109796186694,0.9061530224734412,0.09318951533063506
0.10616297096240025,0.892102423660323,0.0008673026886383347,0.0008673026886383347
0.0005656108597285077,0.0005656108597285077,0.09215512209859862,0.9067136561819444
0.0987239944312437,0.8992780035707543,0.0009990009990009997,0.0009990009990009997

*,*,*,*,*,*,*,*,*,*,*
Model Num 2
Model States: 
"['square', 'y', 'diamond']","['square', 'y', 'square']","['diamond', 'y', 'diamond']","['diamond', 'y', 'square', 'y', 'square']"
Iteration: ,12440
Error:,0.04752248511783867
Absolute Error:,0.08388778986273862
Transition Probabilities
0.7948679590196814,0.09900600290156088,0.06008150876282489,0.0460445293159327
0.7823753243440075,0.11403086699275108,0.05303074892600487,0.050563059737236446
0.797735366029243,0.08754668549928919,0.06847175720863743,0.046246191262830284
0.7633887548017448,0.11724910732233625,0.07664387284192713,0.042718265033991794

0.00032873109796186694,0.00032873109796186694,0.9061530224734412,0.09318951533063506
0.10616297096240025,0.892102423660323,0.0008673026886383347,0.0008673026886383347
0.0005656108597285077,0.0005656108597285077,0.09215512209859862,0.9067136561819444
0.0987239944312437,0.8992780035707543,0.0009990009990009997,0.0009990009990009997

Transition Gammas
1051.2215238718109,130.936516010779,79.45844901846205,60.89439097929037
929.2670617619522,135.44027453750485,62.98732424725123,60.056323983776295
1097.007012024293,120.38995882838317,94.15904193565203,63.59552083952825
765.1767636255687,117.52372813271516,76.82338808900329,42.81831973657784

1.0,1.0,2756.51749436421,283.48250563579205
122.40590551964749,1028.5940944803524,1.0,1.0
1.0,1.0,162.9302558703221,1603.0697441296752
98.82271842567489,900.1772815743245,1.0,1.0

