0,1,2,3,4,5,6,7,8,9,10,11,12,13,14,15,16,17,18,19,20,21,22,23,24,25,26,27,28,29
github Code Version (SHA):,528ca1c557fe8e6666681dc5c9134b0f84d30530
Environment Observations,Environment Actions,alpha,epsilon,numActions,explore,patience,gainThresh,insertRandActions,useUpdatedPosterior,revisedSplitting,haveControl,confidence_factor
"['square', 'diamond']","['x', 'y']",0.85,0.99,75000,0.5,0,0.01,False,True,False,True,250

Model Num 0
Model States: 
['square'],['diamond']
Iteration: ,0
Error:,0.49862067850930636
Absolute Error:,1
Transition Probabilities
0.5,0.5
0.5,0.5

0.5,0.5
0.5,0.5

Transition Gammas
1.0,1.0
1.0,1.0

1.0,1.0
1.0,1.0

Iteration: ,1664
Error:,0.18331469960862165
Absolute Error:,1
Transition Probabilities
0.8854700854700854,0.11452991452991453
0.8661087866108786,0.13389121338912133

0.248,0.752
0.27102803738317754,0.7289719626168224


Model Num 1
Model States: 
['diamond'],"['square', 'y', 'diamond']","['square', 'y', 'square']"
Iteration: ,0
Error:,0.43820027123540384
Absolute Error:,1
Transition Probabilities
0.3333333333333333,0.3333333333333333,0.3333333333333333
0.3333333333333333,0.3333333333333333,0.3333333333333333
0.3333333333333333,0.3333333333333333,0.3333333333333333

0.3333333333333333,0.3333333333333333,0.3333333333333333
0.3333333333333333,0.3333333333333333,0.3333333333333333
0.3333333333333333,0.3333333333333333,0.3333333333333333

Transition Gammas
1.0,1.0,1.0
1.0,1.0,1.0
1.0,1.0,1.0

1.0,1.0,1.0
1.0,1.0,1.0
1.0,1.0,1.0

Iteration: ,2500
Error:,0.10277832380200054
Absolute Error:,1
Transition Probabilities
0.11591695501730107,0.7953996051027077,0.08868343987999126
0.11147734632666305,0.7517220788276661,0.13680057484567076
0.12518518104479978,0.7780711917676791,0.09674362718752108

0.6081730769230769,0.10171622666811377,0.2901106964088093
0.9966666666666667,0.0016666666666666668,0.0016666666666666668
0.0034602076124567466,0.10520154155500944,0.8913382508325338

Transition Gammas
67.0,459.740971749365,51.25902825063494
40.32968525541565,271.9540412258217,49.49098904919172
22.97205710014282,142.77964608979397,17.75290101654554

253.0,42.313950293935335,120.6860497060647
598.0,1.0,1.0
1.0,30.403245509397735,257.59675449060234

Iteration: ,4878
Error:,0.10098185946380732
Absolute Error:,1
Transition Probabilities
0.11342155009451806,0.8080025684321027,0.07857588147337932
0.10091959287539216,0.7607492329539846,0.13833117417062313
0.1304173223889793,0.7659879313601432,0.10359474625087746

0.6089517078916372,0.08647758975633266,0.30457070235203015
0.9982238010657194,0.0008880994671403197,0.0008880994671403197
0.0017605633802816897,0.10629326949080715,0.8919461671289111


Model Num 2
Model States: 
"['square', 'y', 'diamond']","['square', 'y', 'square']","['diamond', 'y', 'diamond']","['diamond', 'y', 'square', 'y', 'square']"
Iteration: ,0
Error:,0.4965057593169883
Absolute Error:,0.6
Transition Probabilities
0.25,0.25,0.25,0.25
0.25,0.25,0.25,0.25
0.25,0.25,0.25,0.25
0.25,0.25,0.25,0.25

0.25,0.25,0.25,0.25
0.25,0.25,0.25,0.25
0.25,0.25,0.25,0.25
0.25,0.25,0.25,0.25

Transition Gammas
1.0,1.0,1.0,1.0
1.0,1.0,1.0,1.0
1.0,1.0,1.0,1.0
1.0,1.0,1.0,1.0

1.0,1.0,1.0,1.0
1.0,1.0,1.0,1.0
1.0,1.0,1.0,1.0
1.0,1.0,1.0,1.0

Iteration: ,2500
Error:,0.0652251050984769
Absolute Error:,0.08686675429914167
Transition Probabilities
0.7936074784498381,0.07867202038469895,0.06748967210695972,0.06023082905850308
0.7316188702079421,0.10838118994524873,0.07273000097613326,0.08726993887067593
0.8371872802240915,0.05166351227741222,0.06587000516270987,0.045279202335786466
0.7503115459101348,0.1266216366454129,0.10396587860660103,0.019100938837851026

0.0017543859649122807,0.0017543859649122807,0.9192569697079097,0.07723425836226562
0.10331292278875197,0.8877184673457772,0.004484304932735426,0.004484304932735426
0.0032573289902280136,0.0032573289902280136,0.10247095646194136,0.8910143855576027
0.08257317966813855,0.9084582104663905,0.004484304932735423,0.004484304932735423

Transition Gammas
294.2113882670381,29.165809249135005,25.02021548872145,22.329169413058803
180.4269563475221,26.72824475069371,17.936186784720775,21.521929097584717
254.61578381832197,15.712548415451037,20.033203311606712,13.770872856917666
104.32681307312602,17.60606229415727,14.45590014240999,2.6558835280090016

1.0,1.0,523.9764727335086,44.023527266491406
23.03878178189169,197.9612182181083,1.0,1.0
1.0,1.0,31.45858363381599,273.54141636618397
18.413819065994907,202.5861809340052,1.0,1.0

Iteration: ,5000
Error:,0.05188063430832957
Absolute Error:,0.08394043811837368
Transition Probabilities
0.7900567508417464,0.09485004940620713,0.061169080518830896,0.05392411923321564
0.7684092637248423,0.10869375030788003,0.06447199866451375,0.05842498730276387
0.8365050368038556,0.0646506769974656,0.05780556454368717,0.04103872165499176
0.7557515401428448,0.12800474380203938,0.0942733467154089,0.021970369339706947

0.0008764241893076249,0.0008764241893076249,0.9257296487944086,0.07251750282697618
0.10446789403763243,0.8911937111684413,0.0021691973969631224,0.0021691973969631224
0.0017361111111111108,0.0017361111111111108,0.10188498424162294,0.8946427935361548
0.09377569166880861,0.9010429611809323,0.0025906735751295316,0.0025906735751295316

Transition Gammas
637.4210907491997,76.5254165421725,49.3514699835137,43.50620491845051
360.0705909176029,50.93304408212257,30.211075988645522,27.37749360345135
531.990684476137,41.11578101088231,36.7625064944306,26.099325960644478
209.79384266703033,35.53364519344913,26.169933659372575,6.098893569862697

1.0,1.0,1056.2575292744202,82.74247072557982
48.159699151348576,410.8403008486516,1.0,1.0
1.0,1.0,58.68575092317482,515.3142490768253
36.19741698416015,347.8025830158401,1.0,1.0

Iteration: ,7500
Error:,0.053172258977320884
Absolute Error:,0.08409085660323048
Transition Probabilities
0.7858355280039457,0.09878890298363993,0.05990442298736586,0.0554711460250485
0.7709176882856221,0.10917888346196845,0.06789796499954309,0.052005463252866375
0.8199599812062937,0.07178865842255854,0.0626164886228545,0.04563487174829329
0.7677389334882714,0.1256125722763886,0.07925838241361413,0.02739011182172579

0.0005640157924421885,0.0005640157924421885,0.9282720937781235,0.07059987463699212
0.11360948201650027,0.8835045150974968,0.0014430014430014415,0.0014430014430014415
0.0011668611435239195,0.0011668611435239195,0.09157835508714177,0.9060879226258104
0.10610594416980151,0.8904457799681296,0.0017241379310344825,0.0017241379310344825

Transition Gammas
866.8584133458023,108.97444649020822,66.08081616661526,61.19045005751561
537.971992238498,76.18865455925149,47.381457261635454,36.29114119257953
827.751997124065,72.47086045920074,63.211528243381395,46.06853638463936
321.5794051102609,52.614781542309004,33.19860743647042,11.472774769300745

1.0,1.0,1645.8264222686125,125.17357773138698
78.73137103743477,612.2686289625659,1.0,1.0
1.0,1.0,78.48265030968057,776.5173496903202
61.54144761848489,516.4585523815152,1.0,1.0

Iteration: ,10000
Error:,0.050492592025636426
Absolute Error:,0.08573113472537801
Transition Probabilities
0.7834646344368638,0.10154439141655465,0.06142910533393031,0.05356186881265118
0.7699265843437012,0.11139988671652042,0.06707966564763813,0.05159386329214031
0.809708177352413,0.07899188704754162,0.06525727419704391,0.046042661403001284
0.761835748634238,0.13472049448226114,0.06714492189333193,0.03629883499016902

0.0004239084357778723,0.0004239084357778723,0.9218995361253193,0.07725264700312497
0.10644124244202231,0.8915032590996015,0.0010277492291880775,0.0010277492291880775
0.0007704160246533125,0.0007704160246533125,0.08803399245838688,0.9104251754923066
0.10862823515500639,0.8889416311876425,0.0012150668286755768,0.0012150668286755768

Transition Gammas
993.8294539111364,128.8096521954569,77.92317805404325,67.94354268562297
750.8122874885122,108.63425873635518,65.41433720177244,50.312987376272766
953.5846073740821,93.02789536134767,76.85278960250271,54.2239468792342
499.0438379278374,88.249248915519,43.98357464727054,23.777710560679143

1.0,1.0,2174.7610057196266,182.23899428037166
103.56732889608777,867.4326711039128,1.0,1.0
1.0,1.0,114.2681222109862,1181.7318777890143
89.40103753257029,731.5989624674299,1.0,1.0

Iteration: ,12436
Error:,0.05403469039581762
Absolute Error:,0.0857296288311751
Transition Probabilities
0.7802123420951692,0.1021379091707938,0.0633210826235138,0.054328666110523206
0.7704757275242151,0.11095861081700367,0.064565210255033,0.05400045140374814
0.8062453189752692,0.07890968159679489,0.06767459604650398,0.04717040338143198
0.7624152132820312,0.13443489250668347,0.061022590284345306,0.04212730392694003

0.00033568311513930887,0.00033568311513930887,0.9186076142091923,0.08072101956052893
0.10568088779167768,0.8926082482220092,0.0008554319931565442,0.0008554319931565442
0.000567214974475326,0.000567214974475326,0.07725698029224955,0.9216085897587998
0.10206246684313387,0.8959375331568661,0.0009999999999999994,0.0009999999999999994

*,*,*,*,*,*,*,*,*,*,*
Model Num 2
Model States: 
"['square', 'y', 'diamond']","['square', 'y', 'square']","['diamond', 'y', 'diamond']","['diamond', 'y', 'square', 'y', 'square']"
Iteration: ,12436
Error:,0.05309368575010397
Absolute Error:,0.0857296288311751
Transition Probabilities
0.7802123420951692,0.1021379091707938,0.0633210826235138,0.054328666110523206
0.7704757275242151,0.11095861081700367,0.064565210255033,0.05400045140374814
0.8062453189752692,0.07890968159679489,0.06767459604650398,0.04717040338143198
0.7624152132820312,0.13443489250668347,0.061022590284345306,0.04212730392694003

0.00033568311513930887,0.00033568311513930887,0.9186076142091923,0.08072101956052893
0.10568088779167768,0.8926082482220092,0.0008554319931565442,0.0008554319931565442
0.000567214974475326,0.000567214974475326,0.07725698029224955,0.9216085897587998
0.10206246684313387,0.8959375331568661,0.0009999999999999994,0.0009999999999999994

Transition Gammas
1101.7994206212759,144.2370020008248,89.42069790942803,76.72179689308179
925.7747895733911,133.32371275412947,77.57913948786447,64.88492076942407
1082.0975603257173,105.90817947383344,90.82907342770777,63.30948808918692
763.3773011410533,134.60453521010336,61.099594378985444,42.18046415634701

1.0,1.0,2736.532082729181,240.46791727081543
123.54095782847119,1043.4590421715286,1.0,1.0
1.0,1.0,136.204056255236,1624.7959437447644
102.06246684313395,895.9375331568667,1.0,1.0

