0,1,2,3,4,5,6,7,8,9,10,11,12,13,14,15,16,17,18,19,20,21,22,23,24,25,26,27,28,29
github Code Version (SHA):,528ca1c557fe8e6666681dc5c9134b0f84d30530
Environment Observations,Environment Actions,alpha,epsilon,numActions,explore,patience,gainThresh,insertRandActions,useUpdatedPosterior,revisedSplitting,haveControl,confidence_factor
"['square', 'diamond']","['x', 'y']",0.85,0.99,75000,0.5,0,0.01,False,True,False,True,250

Model Num 0
Model States: 
['square'],['diamond']
Iteration: ,0
Error:,0.49816309138769993
Absolute Error:,1
Transition Probabilities
0.5,0.5
0.5,0.5

0.5,0.5
0.5,0.5

Transition Gammas
1.0,1.0
1.0,1.0

1.0,1.0
1.0,1.0

Iteration: ,1653
Error:,0.18325388778724305
Absolute Error:,1
Transition Probabilities
0.8923076923076924,0.1076923076923077
0.8768898488120951,0.12311015118790497

0.25349301397205587,0.7465069860279441
0.2727272727272727,0.7272727272727273


Model Num 1
Model States: 
['diamond'],"['square', 'y', 'diamond']","['square', 'y', 'square']"
Iteration: ,0
Error:,0.43044068905845817
Absolute Error:,1
Transition Probabilities
0.3333333333333333,0.3333333333333333,0.3333333333333333
0.3333333333333333,0.3333333333333333,0.3333333333333333
0.3333333333333333,0.3333333333333333,0.3333333333333333

0.3333333333333333,0.3333333333333333,0.3333333333333333
0.3333333333333333,0.3333333333333333,0.3333333333333333
0.3333333333333333,0.3333333333333333,0.3333333333333333

Transition Gammas
1.0,1.0,1.0
1.0,1.0,1.0
1.0,1.0,1.0

1.0,1.0,1.0
1.0,1.0,1.0
1.0,1.0,1.0

Iteration: ,2500
Error:,0.10963013923776693
Absolute Error:,1
Transition Probabilities
0.09656301145662846,0.8233787685669196,0.08005821997645188
0.12786636305762403,0.7995281155637904,0.0726055213785854
0.09596538901521963,0.7179556640716542,0.18607894691312615

0.6062052505966585,0.01377071230534397,0.3800240370979974
0.9969088098918083,0.0015455950540958269,0.0015455950540958269
0.0049019607843137246,0.14211227008100705,0.8529857691346793

Transition Gammas
59.0,503.084427594388,48.91557240561211
43.47081319998363,271.81610963741355,24.68374779466846
21.490439799977317,160.77862171055892,41.67042355286554

254.0,5.769928455939125,159.23007154406096
645.0,1.0,1.0
1.0,28.990903096525443,174.00909690347459

Iteration: ,4784
Error:,0.10251521311814706
Absolute Error:,1
Transition Probabilities
0.09567617295308188,0.831173757699928,0.07315006934699018
0.11311098779758054,0.7998568412393402,0.08703217096307925
0.09033990795760834,0.7612656530492745,0.1483944389931172

0.6219369894982495,0.028273417418482397,0.34978959308326796
0.9982935153583617,0.0008532423208191126,0.0008532423208191126
0.002680965147453083,0.13952346292251291,0.8577955719300341


Model Num 2
Model States: 
"['square', 'y', 'diamond']","['square', 'y', 'square']","['diamond', 'y', 'diamond']","['diamond', 'y', 'square', 'y', 'square']"
Iteration: ,0
Error:,0.4971078802172492
Absolute Error:,0.6
Transition Probabilities
0.25,0.25,0.25,0.25
0.25,0.25,0.25,0.25
0.25,0.25,0.25,0.25
0.25,0.25,0.25,0.25

0.25,0.25,0.25,0.25
0.25,0.25,0.25,0.25
0.25,0.25,0.25,0.25
0.25,0.25,0.25,0.25

Transition Gammas
1.0,1.0,1.0,1.0
1.0,1.0,1.0,1.0
1.0,1.0,1.0,1.0
1.0,1.0,1.0,1.0

1.0,1.0,1.0,1.0
1.0,1.0,1.0,1.0
1.0,1.0,1.0,1.0
1.0,1.0,1.0,1.0

Iteration: ,2500
Error:,0.051399843708991776
Absolute Error:,0.08049635399831673
Transition Probabilities
0.821178409439256,0.09684775001214978,0.033954815061386985,0.04801902548720739
0.7729940369266016,0.1081570952966083,0.07865055746793462,0.040198310308855414
0.8252948816023398,0.07463363863450358,0.03392124674313817,0.06615023302001848
0.7749139184830317,0.07414245929829393,0.12238192427470883,0.028561697943965413

0.0016977928692699501,0.0016977928692699501,0.9000458301193821,0.09655858414207802
0.06397319507710017,0.9281216665829789,0.003952569169960474,0.003952569169960474
0.003194888178913738,0.003194888178913738,0.14110295612023596,0.8525072675219365
0.11473472807856783,0.8759629463400368,0.004651162790697676,0.004651162790697676

Transition Gammas
277.4716915448331,32.7243248352478,11.47314622848952,16.225365980296736
188.27947622943415,26.34400820724056,19.157050452928445,9.791171016469583
238.50379240587355,21.568540229909697,9.802976089790043,19.116902086166917
103.02818720159196,9.857563522829285,16.27121090939838,3.7974023854504146

1.0,1.0,530.1269939403157,56.87300605968392
16.185218354506343,234.8147816454937,1.0,1.0
1.0,1.0,44.16522526563386,266.83477473436614
24.667966536892074,188.33203346310785,1.0,1.0

Iteration: ,5000
Error:,0.05361317150368095
Absolute Error:,0.07630811980021851
Transition Probabilities
0.8111246535602264,0.08799230337968124,0.05216361779496035,0.04871942526513194
0.7958048152687845,0.08881918263815143,0.07238066544716719,0.042995336645896776
0.8184750192376194,0.07348369017831319,0.04463276497729928,0.06340852560676803
0.770441512655614,0.08606994005436697,0.10029893323975012,0.043189614050268915

0.0008389261744966451,0.0008389261744966451,0.9131078793285162,0.0852142683224905
0.07255734596472452,0.9230373676916631,0.0022026431718061667,0.0022026431718061667
0.0016420361247947454,0.0016420361247947454,0.11456199784596235,0.8821539299044482
0.1134577599570412,0.8817575510477434,0.002392344497607657,0.002392344497607657

Transition Gammas
565.1992339730186,61.313858785361866,36.3480960535048,33.948150532221156
377.66494695750094,42.150903407786664,34.34967928363232,20.404289119949777
505.03450522812057,45.34261674364752,27.540347411298583,39.1258042143882
217.9484956807326,24.34813499797131,28.37334341271035,12.217814404680432

1.0,1.0,1088.4245921595902,101.57540784040859
32.94103506798494,419.05896493201516,1.0,1.0
1.0,1.0,69.76825668819107,537.2317433118089
47.42534366204319,368.5746563379565,1.0,1.0

Iteration: ,7500
Error:,0.053081739342585685
Absolute Error:,0.07823675566228858
Transition Probabilities
0.8190629877234367,0.08270393273450505,0.04745814866983268,0.05077493087222559
0.7883129057731494,0.09300307117871831,0.07146788969246415,0.047216133355668044
0.8060069146104405,0.08271536807204433,0.04850827552214889,0.06276944179536634
0.7696286396243827,0.10772701071227131,0.08430386922345992,0.038340480439886165

0.000557413600891862,0.000557413600891862,0.9245552086740816,0.07432996412413469
0.08414361587191797,0.9129662107176774,0.001445086705202312,0.001445086705202312
0.0011248593925759288,0.0011248593925759288,0.10590945120351959,0.8918408300113286
0.10601857196263753,0.8906646784519562,0.0016583747927031518,0.0016583747927031518

Transition Gammas
860.0607885770233,86.84363800122937,49.833643298705695,53.316445426606876
558.9359335040414,65.94178279630837,50.672735849280194,33.47756123276768
773.035026410591,79.3316726979184,46.52391359138702,60.20168836828306
328.33601512606805,45.958083675229474,35.96539299011693,16.356668550945596

1.0,1.0,1658.6520443613017,133.34795563869758
58.22738218336723,631.7726178166328,1.0,1.0
1.0,1.0,94.15350211992886,792.8464978800706
63.92919889347039,537.0708011065293,1.0,1.0

Iteration: ,10000
Error:,0.05031040553684079
Absolute Error:,0.07872794700347326
Transition Probabilities
0.8222929150328107,0.08142488463430426,0.04944804999319315,0.04683415033969185
0.7691136247879485,0.10435788682172759,0.07438508724567697,0.05214340114464689
0.8059348082219624,0.08345462183285217,0.05051083771253707,0.06009973223264845
0.778295065179219,0.1097398287035709,0.07062506641493992,0.041340039702270175

0.0004128819157720893,0.0004128819157720893,0.9103555397030726,0.08881869646538333
0.08157123021861756,0.9162666076192203,0.0010810810810810804,0.0010810810810810804
0.0007716049382716046,0.0007716049382716046,0.10078268106154845,0.8976741090619084
0.11714822126013494,0.8804651438949964,0.0011933174224343682,0.0011933174224343682

Transition Gammas
1013.9797917937935,100.40605489715439,60.97501573962418,57.75178302294517
745.9747290029092,101.2182645478657,72.14720102670206,50.57465930198854
944.2252176275352,97.77460615703572,59.177995844217385,70.41224943730214
515.5111943222773,72.68722710797739,46.779189494503754,27.381971431799187

1.0,1.0,2204.881117160841,215.11888283915835
75.45338795222128,847.5466120477791,1.0,1.0
1.0,1.0,130.61435465576685,1163.3856453442338
98.17020941599303,737.8297905840066,1.0,1.0

Iteration: ,12500
Error:,0.04797938535133778
Absolute Error:,0.07800561165445405
Transition Probabilities
0.817246366410365,0.08368594698578258,0.0509964489536075,0.04807123765024505
0.776012839963091,0.1051734365113297,0.06815342378862665,0.05066029973695269
0.804468188753032,0.0842283083507899,0.05132147875354101,0.059982024142637
0.7817571948044709,0.11616590126986977,0.059089896722063634,0.04298700720359567

0.0003252032520325205,0.0003252032520325205,0.8988936617662161,0.10045593172971888
0.08161326823729105,0.9166817019246868,0.0008525149190110818,0.0008525149190110818
0.0005760368663594466,0.0005760368663594466,0.08013778876255864,0.9187101375047224
0.10682360252802332,0.8912716355672148,0.000952380952380953,0.000952380952380953

Transition Gammas
1101.9155627408297,112.83604449828033,68.75990283483469,64.81576066184651
952.3028213721317,129.0661122667838,83.63611324158843,62.16900531356221
1064.7797166261523,111.48308354699529,67.92819202551038,79.39113511530923
774.2854667852566,115.05563324142847,58.52513871289539,42.57615428363552

1.0,1.0,2764.098009931113,308.9019900688854
95.73236364234249,1075.2676363576586,1.0,1.0
1.0,1.0,139.11920129180191,1594.8807987081993
112.16478265442441,935.835217345575,1.0,1.0

Iteration: ,12558
Error:,0.04762561591245606
Absolute Error:,0.07804602444093835
Transition Probabilities
0.8174847718180188,0.0835806607914959,0.050927924014730355,0.048006643375754915
0.7768331079592671,0.1047882787013736,0.067903837730415,0.05047477560894436
0.8042011946632847,0.08471928755484705,0.0512182003572099,0.05986131742465846
0.7811653216069755,0.11686278751296046,0.059419943038003215,0.04255194784206079

0.00032362459546925583,0.00032362459546925583,0.899048852578712,0.10030389823034946
0.08142548843220448,0.9168738312956867,0.000850340136054421,0.000850340136054421
0.0005707762557077622,0.0005707762557077622,0.08116783782369401,0.9176906096648905
0.1065466417617067,0.8915540230056247,0.0009496676163342836,0.0009496676163342836

*,*,*,*,*,*,*,*,*,*,*
Model Num 2
Model States: 
"['square', 'y', 'diamond']","['square', 'y', 'square']","['diamond', 'y', 'diamond']","['diamond', 'y', 'square', 'y', 'square']"
Iteration: ,12558
Error:,0.047487741700018724
Absolute Error:,0.07804602444093835
Transition Probabilities
0.8174847718180188,0.0835806607914959,0.050927924014730355,0.048006643375754915
0.7768331079592671,0.1047882787013736,0.067903837730415,0.05047477560894436
0.8042011946632847,0.08471928755484705,0.0512182003572099,0.05986131742465846
0.7811653216069755,0.11686278751296046,0.059419943038003215,0.04255194784206079

0.00032362459546925583,0.00032362459546925583,0.899048852578712,0.10030389823034946
0.08142548843220448,0.9168738312956867,0.000850340136054421,0.000850340136054421
0.0005707762557077622,0.0005707762557077622,0.08116783782369401,0.9176906096648905
0.1065466417617067,0.8915540230056247,0.0009496676163342836,0.0009496676163342836

Transition Gammas
1103.7201018228386,112.84571727746605,68.75990283483469,64.81576066184651
956.8133990458521,129.0661122667838,83.63611324158843,62.16900531356221
1066.57267918908,112.35904411233349,67.92819202551038,79.39113511530923
781.6097015631615,116.92926701346869,59.453745142312556,42.57615428363552

1.0,1.0,2778.060954468219,309.9390455317797
95.75637439627256,1078.2436256037286,1.0,1.0
1.0,1.0,142.206051867112,1607.7939481328892
112.19361377507708,938.8063862249222,1.0,1.0

