0,1,2,3,4,5,6,7,8,9,10,11,12,13,14,15,16,17,18,19,20,21,22,23,24,25,26,27,28,29
github Code Version (SHA):,528ca1c557fe8e6666681dc5c9134b0f84d30530
Environment Observations,Environment Actions,alpha,epsilon,numActions,explore,patience,gainThresh,insertRandActions,useUpdatedPosterior,revisedSplitting,haveControl,confidence_factor
"['square', 'diamond']","['x', 'y']",0.85,0.99,75000,0.5,0,0.01,False,True,False,True,250

Model Num 0
Model States: 
['square'],['diamond']
Iteration: ,0
Error:,0.4969601626291266
Absolute Error:,1
Transition Probabilities
0.5,0.5
0.5,0.5

0.5,0.5
0.5,0.5

Transition Gammas
1.0,1.0
1.0,1.0

1.0,1.0
1.0,1.0

Iteration: ,1658
Error:,0.17357064777860293
Absolute Error:,1
Transition Probabilities
0.8687392055267703,0.13126079447322972
0.9026915113871635,0.09730848861283643

0.23,0.77
0.24509803921568626,0.7549019607843137


Model Num 1
Model States: 
['diamond'],"['square', 'y', 'diamond']","['square', 'y', 'square']"
Iteration: ,0
Error:,0.4327247693650245
Absolute Error:,1
Transition Probabilities
0.3333333333333333,0.3333333333333333,0.3333333333333333
0.3333333333333333,0.3333333333333333,0.3333333333333333
0.3333333333333333,0.3333333333333333,0.3333333333333333

0.3333333333333333,0.3333333333333333,0.3333333333333333
0.3333333333333333,0.3333333333333333,0.3333333333333333
0.3333333333333333,0.3333333333333333,0.3333333333333333

Transition Gammas
1.0,1.0,1.0
1.0,1.0,1.0
1.0,1.0,1.0

1.0,1.0,1.0
1.0,1.0,1.0
1.0,1.0,1.0

Iteration: ,2500
Error:,0.09747991716650937
Absolute Error:,1
Transition Probabilities
0.09872611464968153,0.8071703948178509,0.09410349053246751
0.10578727681382774,0.7652948830988552,0.12891784008731713
0.1247246472634938,0.7976814357486723,0.07759391698783386

0.6348039215686276,0.018478995447366,0.3467170829840065
0.996875,0.0015625,0.0015625
0.005494505494505495,0.12979377093957617,0.8647117235659184

Transition Gammas
62.0,506.90300794561034,59.096992054389595
38.45598981737444,278.20143516437923,46.864455679302864
27.694193928321262,177.1193173068321,17.22916065001455

259.0,7.539430142525325,141.4605698574746
638.0,1.0,1.0
1.0,23.622466311002864,157.37753368899715

Iteration: ,4607
Error:,0.10161794427253042
Absolute Error:,1
Transition Probabilities
0.0968992248062016,0.8189497160957583,0.08415105909804
0.10164904301943013,0.7788257768189626,0.11952518016160729
0.12407661884433585,0.8140090677824274,0.0619143133732367

0.6260454002389486,0.016476254431038208,0.3574783453300132
0.9981818181818182,0.0009090909090909091,0.0009090909090909091
0.0029239766081871343,0.11632132010979887,0.880754703282014


Model Num 2
Model States: 
"['square', 'y', 'diamond']","['square', 'y', 'square']","['diamond', 'y', 'diamond']","['diamond', 'y', 'square', 'y', 'square']"
Iteration: ,0
Error:,0.49767982481132167
Absolute Error:,0.6
Transition Probabilities
0.25,0.25,0.25,0.25
0.25,0.25,0.25,0.25
0.25,0.25,0.25,0.25
0.25,0.25,0.25,0.25

0.25,0.25,0.25,0.25
0.25,0.25,0.25,0.25
0.25,0.25,0.25,0.25
0.25,0.25,0.25,0.25

Transition Gammas
1.0,1.0,1.0,1.0
1.0,1.0,1.0,1.0
1.0,1.0,1.0,1.0
1.0,1.0,1.0,1.0

1.0,1.0,1.0,1.0
1.0,1.0,1.0,1.0
1.0,1.0,1.0,1.0
1.0,1.0,1.0,1.0

Iteration: ,2500
Error:,0.05666348260278539
Absolute Error:,0.08736038636139602
Transition Probabilities
0.740885629183324,0.10618203146617579,0.05646064270375014,0.09647169664675
0.7708469285015036,0.1257305607142371,0.061752396865124216,0.041670113919135186
0.8199629141510312,0.07305353243970605,0.05978303837996204,0.04720051502930073
0.755120250992229,0.08090081329118959,0.05346216692639251,0.11051676879018885

0.0018083182640144658,0.0018083182640144658,0.8804682596404643,0.11591510383150688
0.12002190012698268,0.8732891366623149,0.0033444816053511705,0.0033444816053511705
0.0033783783783783803,0.0033783783783783803,0.11776944398956266,0.8754737992536806
0.07491415421817693,0.916717644945003,0.0041841004184100415,0.0041841004184100415

Transition Gammas
247.9390841918463,35.53406167207379,18.8946842716894,32.284475733987115
199.05245752820161,32.466857129753535,15.946053489705008,10.760292704555805
200.34201094773022,17.849211645089316,14.60682419034484,11.53252901508287
98.38213042796947,10.540300507745922,6.96540964515644,14.398865806217133

1.0,1.0,486.8989475811769,64.10105241882333
35.88654813796782,261.11345186203215,1.0,1.0
1.0,1.0,34.859755420910524,259.1402445790893
17.904482858144288,219.0955171418557,1.0,1.0

Iteration: ,5000
Error:,0.052882080411343534
Absolute Error:,0.0835134326192306
Transition Probabilities
0.7668545487790019,0.10730061018174349,0.04708225099893964,0.07876259004031497
0.7760481567547399,0.11286593987667994,0.06673299482360436,0.044352908544975894
0.8205609832516477,0.0834339432766273,0.050777767213600326,0.04522730625812456
0.7678013355910716,0.09338137834102768,0.05307901486857996,0.08573827119932069

0.0008583690987124462,0.0008583690987124462,0.9028853182885878,0.09539794351398742
0.11322024103985379,0.8829187550991423,0.0019305019305019318,0.0019305019305019318
0.0017605633802816897,0.0017605633802816897,0.09908490907252346,0.8973939641669131
0.07510020210062576,0.9200336178507125,0.002433090024330902,0.002433090024330902

Transition Gammas
529.600197181652,74.10326299875624,32.515643876007516,54.394517555257416
378.0322368223869,54.97978874283532,32.507291053326554,21.605397913643824
474.4316721733256,48.2398091460379,29.358672298690355,26.14950865797708
224.73072758387727,27.332154978877718,15.535901121699125,25.095064537201083

1.0,1.0,1051.8613958062049,111.13860419379537
58.648084858644225,457.3519151413554,1.0,1.0
1.0,1.0,56.28022835319334,509.71977164680675
30.866183063357166,378.1338169366426,1.0,1.0

Iteration: ,7500
Error:,0.05404062670932798
Absolute Error:,0.0823037301530982
Transition Probabilities
0.7810871520214456,0.0991076580452346,0.04662371551665166,0.07318147441666813
0.7738772931374919,0.11462905666341892,0.06464420014351335,0.046849450055575774
0.8183691727347936,0.08793158168993584,0.05373575383815312,0.039963491737117406
0.7752638615589945,0.08280957359126878,0.06443681871087927,0.07748974613885731

0.0005611672278338937,0.0005611672278338937,0.9154575344678498,0.08342013107648234
0.12222219670598544,0.8750714433481418,0.0013531799729364006,0.0013531799729364006
0.0011587485515643099,0.0011587485515643099,0.09195620045250562,0.9057263024443658
0.08232617363927747,0.914283995852248,0.0016949152542372894,0.0016949152542372894

Transition Gammas
805.5247098097614,102.20839925506895,48.082412845490694,75.47107360603282
539.3415312478077,79.88890680031362,45.05275216221889,32.65098272705448
752.1646768434397,80.81808544317758,49.38863445399017,36.73052193245988
355.0392421718295,37.92340867442735,29.50943597070176,35.487144583139845

1.0,1.0,1631.3453264217108,148.65467357829175
90.32220336572323,646.6777966342767,1.0,1.0
1.0,1.0,79.3582009905124,781.6417990094882
48.57244244717367,539.4275575528259,1.0,1.0

Iteration: ,10000
Error:,0.05369880553742786
Absolute Error:,0.08411856706736853
Transition Probabilities
0.7810894387094095,0.09463938017601083,0.050351464537225527,0.07391971657735427
0.7685317798449665,0.11924278289770693,0.06318701279523581,0.04903842446209077
0.8158578492689956,0.09130556766405692,0.05511833843489239,0.03771824463205513
0.7678972301152424,0.09302665110679458,0.07012500235402447,0.06895111642393861

0.000416840350145894,0.000416840350145894,0.9113252982565276,0.08784102104318062
0.11301590953127653,0.8849536336159316,0.001015228426395939,0.001015228426395939
0.0007880220646178091,0.0007880220646178091,0.09235736389838772,0.9060665919723766
0.0836882812035182,0.9138334040505092,0.00123915737298637,0.00123915737298637

Transition Gammas
949.4992525362362,115.04447030559045,61.20768707511204,89.85746338326824
732.2105706124154,113.60730733159181,60.20076190398625,46.7208431700308
934.9192965931699,104.63015974168205,63.16198127542139,43.22262116093632
535.786425657318,64.90766593844822,48.92845407820412,48.10939636846902

1.0,1.0,2186.26939051741,210.73060948259035
111.32067088830742,871.6793291116928,1.0,1.0
1.0,1.0,117.20149478705405,1149.798505212946
67.53644293123915,737.4635570687605,1.0,1.0

Iteration: ,12320
Error:,0.053928301111149345
Absolute Error:,0.08602136283939811
Transition Probabilities
0.7780379212376228,0.09669666262059132,0.05197658065703262,0.07328883548475308
0.7677962122439612,0.11595337527282167,0.06745575383782026,0.048794658645396796
0.8159770203268519,0.0897606318871764,0.05711842008657008,0.03714392769940172
0.7585655261913181,0.10911134314000741,0.07134209995380085,0.06098103071487374

0.000334896182183523,0.000334896182183523,0.9038026606554299,0.09552754698020308
0.10699633979482705,0.8913272142705543,0.0008382229673093043,0.0008382229673093043
0.0005847953216374267,0.0005847953216374267,0.08255762684212704,0.9162727825145981
0.08547432584068212,0.9125276721613159,0.0009990009990009992,0.0009990009990009992

*,*,*,*,*,*,*,*,*,*,*
Model Num 2
Model States: 
"['square', 'y', 'diamond']","['square', 'y', 'square']","['diamond', 'y', 'diamond']","['diamond', 'y', 'square', 'y', 'square']"
Iteration: ,12320
Error:,0.05535240091255378
Absolute Error:,0.08602136283939811
Transition Probabilities
0.7780379212376228,0.09669666262059132,0.05197658065703262,0.07328883548475308
0.7677962122439612,0.11595337527282167,0.06745575383782026,0.048794658645396796
0.8159770203268519,0.0897606318871764,0.05711842008657008,0.03714392769940172
0.7585655261913181,0.10911134314000741,0.07134209995380085,0.06098103071487374

0.000334896182183523,0.000334896182183523,0.9038026606554299,0.09552754698020308
0.10699633979482705,0.8913272142705543,0.0008382229673093043,0.0008382229673093043
0.0005847953216374267,0.0005847953216374267,0.08255762684212704,0.9162727825145981
0.08547432584068212,0.9125276721613159,0.0009990009990009992,0.0009990009990009992

Transition Gammas
1031.8379504039403,128.23961846309493,68.93161244486167,97.19603598984887
912.9122670042901,137.86895142102648,80.20511716069902,58.017012497993115
1054.018081521926,115.94607036852616,73.78130273214616,47.97974751572079
760.2836326684404,109.35847394005525,71.5036856307002,61.119149176938414

1.0,1.0,2698.7547447171146,285.2452552828865
127.64663337522867,1063.3533666247713,1.0,1.0
1.0,1.0,141.1735419000373,1566.8264580999632
85.55980016652279,913.4401998334771,1.0,1.0

