0,1,2,3,4,5,6,7,8,9,10,11,12,13,14,15,16,17,18,19,20,21,22,23,24,25,26,27,28,29
github Code Version (SHA):,528ca1c557fe8e6666681dc5c9134b0f84d30530
Environment Observations,Environment Actions,alpha,epsilon,numActions,explore,patience,gainThresh,insertRandActions,useUpdatedPosterior,revisedSplitting,haveControl,confidence_factor
"['square', 'diamond']","['x', 'y']",0.85,0.99,75000,0.5,0,0.01,False,True,False,True,250

Model Num 0
Model States: 
['square'],['diamond']
Iteration: ,0
Error:,0.4975401869337027
Absolute Error:,1
Transition Probabilities
0.5,0.5
0.5,0.5

0.5,0.5
0.5,0.5

Transition Gammas
1.0,1.0
1.0,1.0

1.0,1.0
1.0,1.0

Iteration: ,1626
Error:,0.1667286787191215
Absolute Error:,1
Transition Probabilities
0.903169014084507,0.09683098591549295
0.9039665970772442,0.09603340292275574

0.21584158415841584,0.7841584158415842
0.2375,0.7625


Model Num 1
Model States: 
['diamond'],"['square', 'y', 'diamond']","['square', 'y', 'square']"
Iteration: ,0
Error:,0.4309355514580846
Absolute Error:,1
Transition Probabilities
0.3333333333333333,0.3333333333333333,0.3333333333333333
0.3333333333333333,0.3333333333333333,0.3333333333333333
0.3333333333333333,0.3333333333333333,0.3333333333333333

0.3333333333333333,0.3333333333333333,0.3333333333333333
0.3333333333333333,0.3333333333333333,0.3333333333333333
0.3333333333333333,0.3333333333333333,0.3333333333333333

Transition Gammas
1.0,1.0,1.0
1.0,1.0,1.0
1.0,1.0,1.0

1.0,1.0,1.0
1.0,1.0,1.0
1.0,1.0,1.0

Iteration: ,2500
Error:,0.09676517836410857
Absolute Error:,1
Transition Probabilities
0.0911854103343465,0.7988308965277616,0.10998369313789197
0.10277917709267602,0.8001356341813562,0.09708518872596772
0.09534899010483876,0.8086323633913005,0.09601864650386074

0.6394736842105263,0.024059954797605042,0.3364663609918686
0.9970631424375918,0.0014684287812041115,0.0014684287812041115
0.003999999999999998,0.18123144823095888,0.8147685517690412

Transition Gammas
60.0,525.6307299152671,72.36927008473292
29.285551256728986,227.98794259682043,27.66312546110217
16.841301841389825,142.82712061884973,16.95958191476603

243.0,9.142782823089917,127.85721717691007
679.0,1.0,1.0
1.0,45.30786205773974,203.6921379422604

Iteration: ,5000
Error:,0.10191116322259297
Absolute Error:,1
Transition Probabilities
0.10634648370497425,0.8081482035892048,0.08550531270582079
0.12087371123517139,0.7811098759793228,0.0980164127855058
0.10704412099838707,0.7887612575930262,0.10419462140858665

0.6240090600226501,0.028303323360483797,0.3476876166168661
0.9983660130718954,0.0008169934640522876,0.0008169934640522876
0.0022831050228310497,0.1589070962226554,0.8388097987545136

Transition Gammas
124.0,942.300805385013,99.69919461498706
88.2071643933792,570.0121766407057,71.52713147856683
43.188971928307,318.240623535361,42.03928751177125

551.0,24.991834527307194,307.0081654726928
1222.0,1.0,1.0
1.0,69.60130814552308,367.398691854477

Iteration: ,5096
Error:,0.10340917271707378
Absolute Error:,1
Transition Probabilities
0.10672268907563028,0.8076553829046842,0.08562192801968557
0.11876448202159574,0.7834298349507245,0.09780568302767978
0.10542103828467174,0.7919259768233021,0.10265298489202611

0.6254180602006689,0.027890675529046505,0.3466912642702845
0.9983974358974359,0.0008012820512820513,0.0008012820512820513
0.002262443438914027,0.15998059276243506,0.8377569637986508


Model Num 2
Model States: 
"['square', 'y', 'diamond']","['square', 'y', 'square']","['diamond', 'y', 'diamond']","['diamond', 'y', 'square', 'y', 'square']"
Iteration: ,0
Error:,0.4965737428721085
Absolute Error:,0.6
Transition Probabilities
0.25,0.25,0.25,0.25
0.25,0.25,0.25,0.25
0.25,0.25,0.25,0.25
0.25,0.25,0.25,0.25

0.25,0.25,0.25,0.25
0.25,0.25,0.25,0.25
0.25,0.25,0.25,0.25
0.25,0.25,0.25,0.25

Transition Gammas
1.0,1.0,1.0,1.0
1.0,1.0,1.0,1.0
1.0,1.0,1.0,1.0
1.0,1.0,1.0,1.0

1.0,1.0,1.0,1.0
1.0,1.0,1.0,1.0
1.0,1.0,1.0,1.0
1.0,1.0,1.0,1.0

Iteration: ,2500
Error:,0.0336053331497756
Absolute Error:,0.08610259360146205
Transition Probabilities
0.8269401285217151,0.07782057095457315,0.04402111861160847,0.051218181912103374
0.7177021983770245,0.13341940176829856,0.06852049596892593,0.0803579038857511
0.7764717844977607,0.12201887958224146,0.04067477424093311,0.06083456167906478
0.8104452560982672,0.0921679500449979,0.050262682040876756,0.04712411181585806

0.0016750418760469014,0.0016750418760469014,0.8664967392177355,0.1301531770301706
0.1697227866961495,0.8234975522869014,0.0033898305084745775,0.0033898305084745775
0.0028490028490028504,0.0028490028490028504,0.10693921809335447,0.8873627762086398
0.12447221685702499,0.8670532068717886,0.004237288135593221,0.004237288135593221

Transition Gammas
215.6517535185923,20.29426557902377,11.479950111278242,13.356820355452486
155.053083870024,28.824057859999826,14.80323486859982,17.36060003577044
164.49935121759734,25.850297368577134,8.617150174856139,12.888099899580995
144.83707543833899,16.471607715902035,8.982592982942968,8.421689789261446

1.0,1.0,517.298553312988,77.70144668701184
50.06822207536409,242.9317779246358,1.0,1.0
1.0,1.0,37.5356655507674,311.4643344492324
29.37544317825789,204.62455682174206,1.0,1.0

Iteration: ,5000
Error:,0.046994350025679636
Absolute Error:,0.0774823814160518
Transition Probabilities
0.8180040855656372,0.07882603122984408,0.053805857672508034,0.04936402553201054
0.744057492202036,0.11913540036220686,0.07411742092844337,0.06268968650731384
0.8143109439047438,0.1017601918398261,0.046392051132622826,0.037536813122807204
0.806862656839185,0.0813281296321481,0.06016831412882302,0.051640899399843884

0.000846740050804402,0.000846740050804402,0.9059974949319055,0.09230902496648573
0.14450815408636886,0.8516308420526274,0.0019305019305019323,0.0019305019305019323
0.0015600624024961003,0.0015600624024961003,0.0963115303091401,0.9005683448858677
0.10834894825827601,0.8867127801367857,0.0024691358024691353,0.0024691358024691353

Transition Gammas
543.5011115363378,52.37386505446819,35.74987456444383,32.798617048475705
310.3704417529142,49.695228159584495,30.916773120673525,26.14989553702858
438.4431917948506,54.78995909593074,24.978516038311312,20.2106581994993
267.88425101424895,27.001528585105888,19.976316450597984,17.145152945387277

1.0,1.0,1069.9830415145816,109.01695848541978
74.855223816739,441.1447761832606,1.0,1.0
1.0,1.0,61.73569092815878,577.264309071841
43.88132404460179,359.11867595539826,1.0,1.0

Iteration: ,7500
Error:,0.04941008515872228
Absolute Error:,0.07695609027228036
Transition Probabilities
0.8151545661643325,0.07965930277743882,0.0562278070198281,0.04895832403840062
0.7571166888482534,0.1119506503970657,0.06787127686646369,0.06306138388821714
0.8211338477959751,0.08844478088690917,0.04961342770617068,0.040807943610945106
0.7921338806820982,0.08461777284832961,0.06889487075226366,0.05435347571730851

0.0005555555555555554,0.0005555555555555554,0.9113633728013264,0.0875255160875625
0.13314844606061457,0.8640582578499999,0.0013966480446927377,0.0013966480446927377
0.0010834236186348868,0.0010834236186348868,0.09159062376725384,0.9062425289954764
0.11676378287988415,0.8798748725823007,0.001680672268907562,0.001680672268907562

Transition Gammas
834.4765877090977,81.54750757735692,57.56060320811934,50.11880798970424
475.4069957445199,70.29579873331942,42.61757838347835,39.59736128310063
732.5551104319594,78.90391609558709,44.26144423318466,36.405840191165474
381.2551533802407,40.72665335082586,33.15919840866838,26.160404480499786

1.0,1.0,1640.454071042388,157.54592895761255
95.33428737940001,618.6657126205998,1.0,1.0
1.0,1.0,84.53814573717524,836.4618542628242
69.4744508135311,523.5255491864692,1.0,1.0

Iteration: ,10000
Error:,0.049873279593841836
Absolute Error:,0.08016913091006676
Transition Probabilities
0.8163578915489877,0.0807331696233446,0.05451356966360764,0.04839536916406014
0.7384506907511877,0.12008208667628952,0.07365639356278184,0.06781082900974092
0.8088164794202803,0.09250229069487732,0.05599997886371014,0.042681251021132224
0.7976195848144052,0.09275393927105302,0.060194432495173714,0.04943204341936795

0.00040950040950040936,0.00040950040950040936,0.9063470184577335,0.09283398072326575
0.11808328609894586,0.879820277842354,0.0010482180293501044,0.0010482180293501044
0.0007575757575757575,0.0007575757575757575,0.08098803010649618,0.9174968183783523
0.10421724680216352,0.8933196990106445,0.0012315270935960593,0.0012315270935960593

Transition Gammas
949.8753110243397,93.93728583972836,63.42940329885823,56.31055547172454
660.2657759378013,107.36816029638616,65.85787847126068,60.63122452706589
917.5330650424331,104.93593103536955,63.52718268791876,48.41822597053651
579.7766069744011,67.42131865605309,43.754346677585694,35.931342403234865

1.0,1.0,2213.299419073786,226.70058092621505
112.6514549383944,839.3485450616059,1.0,1.0
1.0,1.0,106.90419974057497,1211.0958002594252
84.62440440335676,725.3755955966432,1.0,1.0

Iteration: ,12197
Error:,0.047872288074879484
Absolute Error:,0.07906487193964562
Transition Probabilities
0.812164102590322,0.08164667392144237,0.05540308480304619,0.05078613868518928
0.7550030045746265,0.11119082187360528,0.06765063401422079,0.06615553953754753
0.8090144631859036,0.09040592207936834,0.057490069427181,0.04308954530754711
0.7963371436158071,0.10099531981297033,0.056375655299077544,0.0462918812721451

0.00033178500331784987,0.00033178500331784987,0.8986909244068444,0.10064550558651995
0.11596194161527452,0.8822774950044437,0.0008802816901408448,0.0008802816901408448
0.0005793742757821553,0.0005793742757821553,0.08065465622672618,0.9181865952217095
0.1000247374228503,0.8979772605791477,0.0009990009990009992,0.0009990009990009992

*,*,*,*,*,*,*,*,*,*,*
Model Num 2
Model States: 
"['square', 'y', 'diamond']","['square', 'y', 'square']","['diamond', 'y', 'diamond']","['diamond', 'y', 'square', 'y', 'square']"
Iteration: ,12197
Error:,0.04963012132628829
Absolute Error:,0.07906487193964562
Transition Probabilities
0.812164102590322,0.08164667392144237,0.05540308480304619,0.05078613868518928
0.7550030045746265,0.11119082187360528,0.06765063401422079,0.06615553953754753
0.8090144631859036,0.09040592207936834,0.057490069427181,0.04308954530754711
0.7963371436158071,0.10099531981297033,0.056375655299077544,0.0462918812721451

0.00033178500331784987,0.00033178500331784987,0.8986909244068444,0.10064550558651995
0.11596194161527452,0.8822774950044437,0.0008802816901408448,0.0008802816901408448
0.0005793742757821553,0.0005793742757821553,0.08065465622672618,0.9181865952217095
0.1000247374228503,0.8979772605791477,0.0009990009990009992,0.0009990009990009992

Transition Gammas
1047.680316338521,105.32306573164728,71.46920336352848,65.51340754117336
832.2398152006884,122.56564343109879,74.57129416580953,72.9232515177208
1038.837498122136,116.08823597356943,73.82172088174012,55.3303277993765
796.7829448290404,101.05185847434568,56.40721521780121,46.31779614626521

1.0,1.0,2708.65444616223,303.34555383777126
131.7327656749519,1002.2672343250485,1.0,1.0
1.0,1.0,139.20993664732939,1584.7900633526706
100.12476216027312,898.8752378397267,1.0,1.0

