0,1,2,3,4,5,6,7,8,9,10,11,12,13,14,15,16,17,18,19,20,21,22,23,24,25,26,27,28,29
github Code Version (SHA):,528ca1c557fe8e6666681dc5c9134b0f84d30530
Environment Observations,Environment Actions,alpha,epsilon,numActions,explore,patience,gainThresh,insertRandActions,useUpdatedPosterior,revisedSplitting,haveControl,confidence_factor
"['diamond', 'square']","['x', 'y']",0.85,0.99,75000,0.5,0,0.01,False,True,False,True,250

Model Num 0
Model States: 
['diamond'],['square']
Iteration: ,0
Error:,0.505876599881517
Absolute Error:,1
Transition Probabilities
0.5,0.5
0.5,0.5

0.5,0.5
0.5,0.5

Transition Gammas
1.0,1.0
1.0,1.0

1.0,1.0
1.0,1.0

Iteration: ,2498
Error:,0.09780163244487854
Absolute Error:,1
Transition Probabilities
0.4473684210526316,0.5526315789473685
0.13872832369942195,0.861271676300578

0.128,0.872
0.8827493261455526,0.11725067385444744


Model Num 1
Model States: 
['square'],"['diamond', 'x', 'square']","['diamond', 'x', 'diamond']"
Iteration: ,0
Error:,0.5654977380425056
Absolute Error:,1
Transition Probabilities
0.3333333333333333,0.3333333333333333,0.3333333333333333
0.3333333333333333,0.3333333333333333,0.3333333333333333
0.3333333333333333,0.3333333333333333,0.3333333333333333

0.3333333333333333,0.3333333333333333,0.3333333333333333
0.3333333333333333,0.3333333333333333,0.3333333333333333
0.3333333333333333,0.3333333333333333,0.3333333333333333

Transition Gammas
1.0,1.0,1.0
1.0,1.0,1.0
1.0,1.0,1.0

1.0,1.0,1.0
1.0,1.0,1.0
1.0,1.0,1.0

Iteration: ,2500
Error:,0.06207755432166261
Absolute Error:,1
Transition Probabilities
0.8918296892980437,0.04353309219447478,0.0646372185074815
0.995850622406639,0.002074688796680498,0.002074688796680498
0.0027624309392265184,0.8201086876978263,0.1771288813629471

0.12057877813504823,0.33033223166118864,0.5490889902037632
0.9415081503735196,0.024598017767233058,0.033893831859247374
0.8763198574692408,0.06129168200639921,0.06238846052436002

Transition Gammas
775.0,37.83025711699858,56.16974288300142
480.0,1.0,1.0
1.0,296.87934494661323,64.12065505338687

75.0,205.46664809325932,341.53335190674073
38.27577324656215,1.0,1.3779090729984447
77.1887427090063,5.398745483478036,5.495352851335855

Iteration: ,2874
Error:,0.05889971069753953
Absolute Error:,1
Transition Probabilities
0.8904403866809882,0.046359101732490124,0.0632005115865217
0.9965337954939342,0.0017331022530329288,0.0017331022530329288
0.00238095238095238,0.8265288904184077,0.17109015720063983

0.116,0.35324206586535617,0.5307579341346439
0.9307019685497856,0.022881426691621697,0.04641660475859275
0.8797410487227593,0.05596117323982892,0.06429777803741175


Model Num 2
Model States: 
"['diamond', 'x', 'square']","['diamond', 'x', 'diamond']","['square', 'y', 'diamond', 'x', 'diamond']","['square', 'y', 'diamond', 'x', 'square']"
Iteration: ,0
Error:,0.5061190134904988
Absolute Error:,0.6
Transition Probabilities
0.25,0.25,0.25,0.25
0.25,0.25,0.25,0.25
0.25,0.25,0.25,0.25
0.25,0.25,0.25,0.25

0.25,0.25,0.25,0.25
0.25,0.25,0.25,0.25
0.25,0.25,0.25,0.25
0.25,0.25,0.25,0.25

Transition Gammas
1.0,1.0,1.0,1.0
1.0,1.0,1.0,1.0
1.0,1.0,1.0,1.0
1.0,1.0,1.0,1.0

1.0,1.0,1.0,1.0
1.0,1.0,1.0,1.0
1.0,1.0,1.0,1.0
1.0,1.0,1.0,1.0

Iteration: ,2500
Error:,0.052686750354692016
Absolute Error:,0.09999009285266434
Transition Probabilities
0.001831501831501831,0.001831501831501831,0.07936882150087343,0.9169681748361229
0.852004413206559,0.14304509174393612,0.002475247524752476,0.002475247524752476
0.07052953171971507,0.08464259173136562,0.7205501240315004,0.12427775251741899
0.03993933791384673,0.04881868264842492,0.8067117957254298,0.10453018371229848

0.05762107344828635,0.06538000341946638,0.03745989284828771,0.8395390302839595
0.1072800465648422,0.0819411067778006,0.5874342272208791,0.22334461943647793
0.002982330892651582,0.9216754671758958,0.036995239246552736,0.03834696268489992
0.9015631048719557,0.0029574764392372942,0.06574876015830025,0.029730658530506854

Transition Gammas
1.0,1.0,43.335376539476904,500.6646234605232
344.20978293544965,57.79021706455017,1.0,1.0
10.260806213699196,12.314008189253709,104.82736819132272,18.08022688032183
12.5149684533928,15.297305994384415,252.7826749722708,32.75447265572289

9.491079711403717,10.769095173884818,6.170222242090395,138.28502977145789
4.080826865943015,3.1169586579349917,22.34541700136671,8.495808424256328
1.090171702562378,336.9124853774258,13.523369608480492,14.017483338719943
338.0890746692515,1.1090632117647037,24.65599730340267,11.14909292269023

Iteration: ,5000
Error:,0.03377238446511815
Absolute Error:,0.08123263916246176
Transition Probabilities
0.000973709834469328,0.000973709834469328,0.08266849654222118,0.9153840837888401
0.8517052136734051,0.1457947863265948,0.001250000000000001,0.001250000000000001
0.0558952837329601,0.053395721139791415,0.7773031342128759,0.11340586091437256
0.053737226910378084,0.05199893408962417,0.8152199017349383,0.07904393726505932

0.05379938409436048,0.0496587939162496,0.028849515300832743,0.8676923066885571
0.07338684058135125,0.05354292118543735,0.6634862280397746,0.20958401019343675
0.0014894820625533426,0.9161183750385609,0.04390495393527866,0.03848718896360705
0.9058823914812859,0.0015805074776174795,0.06682533965345734,0.025711761387639264

Transition Gammas
1.0,1.0,84.90054594886116,940.099454051139
681.3641709387236,116.63582906127574,1.0,1.0
21.51372442772742,20.551659344093594,299.178827075238,43.649164603172316
33.460445043884874,32.378065942037644,507.6112462255677,49.21812067676702

19.36638822569052,17.875882744584423,10.385080105359284,312.34681129996443
5.017870785561541,3.661030477149385,45.36628275491168,14.330436813186958
1.0978322804104166,675.2309074943626,32.36042709870168,28.367228776204318
649.4837180562599,1.1331646167668419,47.91126361064333,18.434369119939245

Iteration: ,7500
Error:,0.03560375639464131
Absolute Error:,0.07759374989768811
Transition Probabilities
0.0007204610951008648,0.0007204610951008648,0.07359712058990303,0.9249619572198953
0.8669829430340501,0.1312764129276557,0.0008703220191470846,0.0008703220191470846
0.06056927125883621,0.06103498826580596,0.7821014586576405,0.09629428181771732
0.05477810297226589,0.04846311253825788,0.8142465652250129,0.0825122192644633

0.053491542067281975,0.0432816911054531,0.025886203054791626,0.8773405637724733
0.047184184628903315,0.04341306585644466,0.7053420568840862,0.20406069263056584
0.0009931629992291778,0.9100022707451819,0.04509480701149924,0.04390975924408965
0.9104635169605423,0.0010871415265348064,0.06338411565486687,0.025065225858056137

Transition Gammas
1.0,1.0,102.15280337878538,1283.8471966212142
996.1634015461234,150.83659845387638,1.0,1.0
38.00381438129594,38.29602563494395,490.7247197204741,60.419251150340564
51.8794722235521,45.89864497623051,771.1600032060475,78.14601373840335

35.19081958696657,28.47400026708949,17.029920362866868,577.1815936285914
5.904188432298358,5.432305829933019,88.25992111173515,25.53425030848479
1.1074217608067498,1014.6937791570151,50.28275381047635,48.961371835671216
963.9881573891049,1.1510527741781933,67.11036271047098,26.538768923012693

Iteration: ,10000
Error:,0.03554752575328873
Absolute Error:,0.07567328394998973
Transition Probabilities
0.0005707762557077614,0.0005707762557077614,0.06382269416321072,0.9350357533253737
0.8804234580148497,0.11817303321322045,0.0007017543859649118,0.0007017543859649118
0.06401831513792366,0.060370450049048466,0.7813731962713699,0.09423803854165784
0.05339843469363642,0.04547392313686221,0.8287304916549034,0.07239715051459814

0.06510796707564831,0.044253369874432937,0.030867870178054722,0.8597707928718641
0.055841287867811076,0.03751432746195079,0.7049206858392366,0.20172369883100155
0.0007662595331743139,0.9077387131241819,0.04714377489878244,0.04435125244386159
0.9035878379472276,0.000766186421126407,0.06973864622866437,0.025907329402981506

Transition Gammas
1.0,1.0,111.8173601739454,1638.182639826058
1254.6034276711616,168.39657232883926,1.0,1.0
57.20617526114854,53.94647670217162,698.2278729760641,84.2102410453378
62.08711050982624,52.87316954723714,963.576590090054,84.17718441346084

64.63122593074829,43.92933269177742,30.641845861365297,853.4752789654157
11.296007001074798,7.588687901574712,142.596800798939,40.80622781608886
1.1168439026460841,1323.053617028108,68.71332135380689,64.6431446816021
1378.6604380515898,1.1690185089022902,106.40461117444842,39.52843166260868

Iteration: ,12500
Error:,0.037617478214832474
Absolute Error:,0.06769247467705225
Transition Probabilities
0.0004732607666824406,0.0004732607666824406,0.058303106242862744,0.9407503722237723
0.8874464481471397,0.11141330099767223,0.0005701254275940703,0.0005701254275940703
0.06688621497767543,0.05872170532873539,0.7893096805348156,0.08508239915877358
0.05248806565104037,0.04920030955805426,0.8399085690313965,0.05840305575950888

0.06454657147059481,0.045597616435394665,0.028903080385547533,0.860952731708463
0.057757747968887295,0.05366599520868842,0.7323247546755312,0.15625150214689323
0.0005632500521799308,0.9034918142996299,0.051254480334223744,0.04469045531396646
0.9071376206621263,0.000678868326350811,0.06698666512973069,0.025196845881792183

Transition Gammas
1.0,1.0,123.19446349116934,1987.805536508837
1556.581070050084,195.4189299499172,1.0,1.0
71.78660763547268,63.023928346472516,847.1381488449465,91.3159282093349
78.94735384201752,74.00223650153731,1263.3073475236738,87.84409658292745

75.84515355080725,53.57927061499819,33.96243239552777,1011.658569133503
24.949615154734698,23.182100660743735,316.34233397192475,67.49596345089789
1.1320016713303573,1815.8085203226187,103.00959081487242,89.81742640258783
1568.7567429122134,1.1739996669248793,115.84326370541724,43.57411816779217

Iteration: ,15000
Error:,0.035313718899399126
Absolute Error:,0.06524612330776117
Transition Probabilities
0.0004045307443365685,0.0004045307443365685,0.055966829582362605,0.9432241089289641
0.8789147862721444,0.12012873357481886,0.0004782400765184117,0.0004782400765184117
0.0660572183988943,0.05809630497514492,0.797620526666698,0.07822594995926277
0.052452303363503774,0.04650648526299566,0.8501402724568825,0.050900938916618066

0.06353639069418665,0.046393635366296,0.029850570358967383,0.8602194035805499
0.06286325400609122,0.047482099929785665,0.7352835330316315,0.1543711130324916
0.0004342825135357467,0.899584061147953,0.05252373291788443,0.04745792342062681
0.9076453575190675,0.0006130161257983547,0.06711822713526866,0.024623399219865442

Transition Gammas
1.0,1.0,138.35000272760072,2331.6499972724055
1837.8108180950558,251.1891819049465,1.0,1.0
77.85949605553277,68.47622618225535,940.1293871444223,92.20238438613201
96.59100641245755,85.64177220450681,1565.5347666868574,93.73416612846232

83.24123708240663,60.781916606319236,39.10827129378021,1127.003383950273
45.2782272729213,34.19971406201909,529.5992936575768,111.18817265777724
1.1454724970747574,2372.7614369326398,138.53767910501983,125.17599569924515
1742.1161953951078,1.1766107896048412,128.8253716387268,47.26165590033956

Iteration: ,17387
Error:,0.036357735460753236
Absolute Error:,0.06471470310733037
Transition Probabilities
0.00035816618911174697,0.00035816618911174697,0.053855336579603584,0.9454283310421729
0.8728437566516192,0.12632877127556344,0.0004137360364087709,0.0004137360364087709
0.06516146571674052,0.05603396519227663,0.8057979442462679,0.07300662484471504
0.0571681564416047,0.04776574708022626,0.8506976685928465,0.04436842788532253

0.060130415642404934,0.04484455072357214,0.028456574680541163,0.8665684589534818
0.058309799414989615,0.044481839970701084,0.744159584473564,0.15304877614074527
0.00035723280585188904,0.9002896010462786,0.05287288868208884,0.046480277465780664
0.9100662365118116,0.0005630877930650975,0.06590737212969992,0.02346330356542347

*,*,*,*,*,*,*,*,*,*,*
Model Num 2
Model States: 
"['diamond', 'x', 'square']","['diamond', 'x', 'diamond']","['square', 'y', 'diamond', 'x', 'diamond']","['square', 'y', 'diamond', 'x', 'square']"
Iteration: ,17387
Error:,0.0365878288619935
Absolute Error:,0.06471470310733037
Transition Probabilities
0.00035816618911174697,0.00035816618911174697,0.053855336579603584,0.9454283310421729
0.8728437566516192,0.12632877127556344,0.0004137360364087709,0.0004137360364087709
0.06516146571674052,0.05603396519227663,0.8057979442462679,0.07300662484471504
0.0571681564416047,0.04776574708022626,0.8506976685928465,0.04436842788532253

0.060130415642404934,0.04484455072357214,0.028456574680541163,0.8665684589534818
0.058309799414989615,0.044481839970701084,0.744159584473564,0.15304877614074527
0.00035723280585188904,0.9002896010462786,0.05287288868208884,0.046480277465780664
0.9100662365118116,0.0005630877930650975,0.06590737212969992,0.02346330356542347

Transition Gammas
1.0,1.0,150.36409973025357,2639.635900269753
2109.663359826965,305.33664017303704,1.0,1.0
82.90769122972557,71.29438592945824,1025.2508352947311,92.88941928749509
124.30310201915783,103.85905199513536,1849.707348785517,96.47211946553519

88.53987425919692,66.0319879690832,41.90128268938391,1275.9908870248855
58.33227117036661,44.49898263002368,744.4463728403824,153.1077589308198
1.1543345032585244,2909.1262963218574,170.84936963484517,150.19277938887143
1907.260841231814,1.18008476174774,138.12461661392294,49.172948408449365

