0,1,2,3,4,5,6,7,8,9,10,11,12,13,14,15,16,17,18,19,20,21,22,23,24,25,26,27,28,29
github Code Version (SHA):,528ca1c557fe8e6666681dc5c9134b0f84d30530
Environment Observations,Environment Actions,alpha,epsilon,numActions,explore,patience,gainThresh,insertRandActions,useUpdatedPosterior,revisedSplitting,haveControl,confidence_factor
"['rose', 'volcano', 'nothing']","['b', 'f', 't']",0.85,0.99,75000,0.5,0,0.01,False,True,False,True,250

Model Num 0
Model States: 
['rose'],['volcano'],['nothing']
Iteration: ,0
Error:,0.6168696562187848
Absolute Error:,1
Transition Probabilities
0.3333333333333333,0.3333333333333333,0.3333333333333333
0.3333333333333333,0.3333333333333333,0.3333333333333333
0.3333333333333333,0.3333333333333333,0.3333333333333333

0.3333333333333333,0.3333333333333333,0.3333333333333333
0.3333333333333333,0.3333333333333333,0.3333333333333333
0.3333333333333333,0.3333333333333333,0.3333333333333333

0.3333333333333333,0.3333333333333333,0.3333333333333333
0.3333333333333333,0.3333333333333333,0.3333333333333333
0.3333333333333333,0.3333333333333333,0.3333333333333333

Transition Gammas
1.0,1.0,1.0
1.0,1.0,1.0
1.0,1.0,1.0

1.0,1.0,1.0
1.0,1.0,1.0
1.0,1.0,1.0

1.0,1.0,1.0
1.0,1.0,1.0
1.0,1.0,1.0

Iteration: ,2500
Error:,0.1647195719172523
Absolute Error:,1
Transition Probabilities
0.06501547987616099,0.04953560371517028,0.8854489164086687
0.05277777777777778,0.058333333333333334,0.8888888888888888
0.4345991561181435,0.44866385372714485,0.11673699015471167

0.06896551724137931,0.11724137931034483,0.8137931034482758
0.09774436090225563,0.07518796992481203,0.8270676691729323
0.42412451361867703,0.4396887159533074,0.13618677042801555

0.8300653594771242,0.0392156862745098,0.13071895424836602
0.0392156862745098,0.8431372549019608,0.11764705882352941
0.027586206896551724,0.05172413793103448,0.9206896551724137

Transition Gammas
21.0,16.0,286.0
19.0,21.0,320.0
309.0,319.0,83.0

10.0,17.0,118.0
13.0,10.0,110.0
109.0,113.0,35.0

127.0,6.0,20.0
6.0,129.0,18.0
8.0,15.0,267.0

Iteration: ,5000
Error:,0.15446718919749014
Absolute Error:,1
Transition Probabilities
0.0671875,0.0515625,0.88125
0.05135520684736091,0.05706134094151213,0.891583452211127
0.44850818094321465,0.44177093358999037,0.109720885466795

0.05944055944055944,0.09090909090909091,0.8496503496503497
0.07569721115537849,0.06374501992031872,0.8605577689243028
0.4214975845410628,0.46256038647342995,0.11594202898550725

0.8277027027027027,0.037162162162162164,0.13513513513513514
0.05263157894736842,0.8140350877192982,0.13333333333333333
0.04721030042918455,0.05293276108726753,0.899856938483548

Transition Gammas
43.0,33.0,564.0
36.0,40.0,625.0
466.0,459.0,114.0

17.0,26.0,243.0
19.0,16.0,216.0
349.0,383.0,96.0

245.0,11.0,40.0
15.0,232.0,38.0
33.0,37.0,629.0

Iteration: ,5146
Error:,0.15694888923711195
Absolute Error:,1
Transition Probabilities
0.06859756097560976,0.051829268292682924,0.8795731707317073
0.05160390516039052,0.05718270571827057,0.891213389121339
0.44569288389513106,0.44569288389513106,0.10861423220973783

0.05821917808219178,0.09246575342465753,0.8493150684931506
0.07692307692307693,0.06538461538461539,0.8576923076923076
0.4226190476190476,0.46190476190476193,0.11547619047619048

0.8239202657807309,0.036544850498338874,0.13953488372093023
0.05226480836236934,0.8118466898954704,0.13588850174216027
0.048,0.04933333333333333,0.9026666666666666


Model Num 1
Model States: 
['rose'],['volcano'],"['nothing', 'b', 'rose']","['nothing', 'b', 'volcano']"
Iteration: ,0
Error:,0.5820118101007523
Absolute Error:,0.6
Transition Probabilities
0.25,0.25,0.25,0.25
0.25,0.25,0.25,0.25
0.25,0.25,0.25,0.25
0.25,0.25,0.25,0.25

0.25,0.25,0.25,0.25
0.25,0.25,0.25,0.25
0.25,0.25,0.25,0.25
0.25,0.25,0.25,0.25

0.25,0.25,0.25,0.25
0.25,0.25,0.25,0.25
0.25,0.25,0.25,0.25
0.25,0.25,0.25,0.25

Transition Gammas
1.0,1.0,1.0,1.0
1.0,1.0,1.0,1.0
1.0,1.0,1.0,1.0
1.0,1.0,1.0,1.0

1.0,1.0,1.0,1.0
1.0,1.0,1.0,1.0
1.0,1.0,1.0,1.0
1.0,1.0,1.0,1.0

1.0,1.0,1.0,1.0
1.0,1.0,1.0,1.0
1.0,1.0,1.0,1.0
1.0,1.0,1.0,1.0

Iteration: ,2500
Error:,0.04660073745805438
Absolute Error:,0.05782143738262949
Transition Probabilities
0.05341246290801186,0.03857566765578634,0.09812020075445375,0.809891668681748
0.06862745098039216,0.05228758169934641,0.8419324182518628,0.037152549068398634
0.9239901501505524,0.002457420612102533,0.03403365321419951,0.03951877602314552
0.0025303525212508685,0.8881537349590548,0.04601694257464823,0.06329896994504602

0.055865921787709494,0.0782122905027933,0.7688795889498888,0.09704219875960836
0.05389221556886228,0.04790419161676647,0.1209796652627962,0.777223927551575
0.08401205717360523,0.7961536987623972,0.08845156646621813,0.03138267759777944
0.8703330044396153,0.04125074312053664,0.026018697530729145,0.062397554909119024

0.8720379146919431,0.02843601895734597,0.053449104196642866,0.046076962154068035
0.05161290322580645,0.8129032258064516,0.04606059338978911,0.0894232775779528
0.028293748640278584,0.024226826128527022,0.18374532848641806,0.7637340967447764
0.046208588278684105,0.061294044561732146,0.81927971757571,0.07321764958387378

Transition Gammas
18.0,13.0,33.06650765425092,272.93349234574913
21.0,16.0,257.63131998507004,11.368680014929982
376.0,1.0,13.849339851137985,16.08140496116936
1.0,351.0,18.185980881391167,25.01587008665277

10.0,14.0,137.6294464220301,17.370553577969897
9.0,8.0,20.203604098886967,129.79639590111302
6.934634647218156,65.71717453055294,7.3010865113069325,2.5904305966740715
70.49788290245876,3.3413533019162496,2.107541690869083,5.054267156299729

184.0,6.0,11.277760985491645,9.722239014508355
8.0,126.0,7.139391975417312,13.860608024582685
1.9253866922303553,1.6486330325434495,12.50385075251595,51.97202692970855
3.2445017915277625,4.303715928111572,57.52511839152961,5.14092302092496

Iteration: ,5000
Error:,0.03601589581716095
Absolute Error:,0.04381323647412092
Transition Probabilities
0.04733727810650886,0.041420118343195256,0.09358224890679573,0.8176603546435001
0.06451612903225805,0.045161290322580636,0.8409704255809131,0.04935215506424818
0.9155730727174003,0.0012593852444530954,0.03326702248988105,0.04990051954826562
0.001307212765259478,0.8967479569680019,0.04459014482068653,0.057354685446052094

0.06489675516224189,0.06489675516224189,0.8078092760932125,0.06239721358230375
0.049079754601227,0.061349693251533756,0.0935061588830976,0.7960643932641416
0.06966484845392151,0.8465508606012718,0.06596976446202894,0.017814526482777704
0.8601805193985799,0.034791523379510705,0.0170082358124674,0.08801972140944195

0.8467532467532467,0.03116883116883117,0.07942690489274233,0.04265101718517975
0.06626506024096386,0.8313253012048193,0.03676918138987379,0.06564045716434307
0.042053651905810736,0.034932965405181676,0.13099402398362295,0.7920193587053848
0.028587111638000786,0.06650475413475948,0.8582721144371201,0.04663601979011952

Transition Gammas
32.0,28.0,63.26160026099393,552.7383997390062
40.0,28.0,521.4016638601662,30.598336139833876
727.0,1.0,26.41528685237828,39.622919013899974
1.0,686.0,34.11085479404381,43.87555489841576

22.0,22.0,273.84734459559905,21.15265540440097
16.0,20.0,30.48300779588981,259.5169922041101
11.876272221475409,144.3176679911236,11.24634444092539,3.0369715961714885
158.83170464520617,6.42422938086867,3.1405583202356584,16.25277727009275

326.0,12.0,30.579358383705795,16.420641616294205
22.0,276.0,12.207368221438099,21.792631778561898
5.969175728449689,4.9584518768171675,18.593542132471885,112.42074155736337
4.3446599152744945,10.107370871298071,130.43991639351282,7.087727097295871

Iteration: ,7500
Error:,0.031163361598246512
Absolute Error:,0.039412398888425994
Transition Probabilities
0.05782652043868393,0.04586241276171484,0.09433695465980953,0.8019741121397916
0.06025369978858352,0.04968287526427062,0.8349875269793287,0.05507589796781723
0.9100131560484819,0.0008741720999505109,0.03922849504113036,0.049884176810437234
0.0009090240477221517,0.8981157591494858,0.042604386539827156,0.0583708302629648

0.06072874493927126,0.06275303643724697,0.8329543389167318,0.04356387970675003
0.04887983706720979,0.06720977596741345,0.0783238679981847,0.805586518967192
0.06911266136228203,0.8513426480612739,0.060534974617248154,0.01900971595919599
0.8459912219040211,0.029836992119258034,0.021876734565786097,0.1022950514109348

0.8505338078291815,0.03914590747330961,0.07837455106412938,0.031945733633379526
0.051181102362204724,0.8484251968503937,0.03545683608934393,0.06493686469805765
0.04182522727735186,0.045295670106742514,0.11355262103390487,0.7993264815820007
0.03055097765304104,0.06736895651539812,0.8607073040485538,0.041372761783007035

Transition Gammas
58.0,46.0,94.61996552378899,804.3800344762113
57.0,47.0,789.8982005224448,52.10179947755509
1041.0,1.0,44.8750252305595,57.06448056768376
1.0,988.0,46.86827223832634,64.2126359684669

30.0,31.0,411.47944342486545,21.520556575134513
24.0,33.0,38.457019187108685,395.5429808128912
20.53436889165478,252.9461844458654,17.98581439544912,5.648060895608064
259.0493178345891,9.136327014521552,6.698832114310296,31.323567668014505

478.0,22.0,44.04649769804071,17.953502301959293
26.0,431.0,18.012072733386713,32.98792726661328
9.44152788467304,10.224937441029429,25.633100108696002,180.4380694638959
7.235770295841154,15.95583290171435,203.85208011266778,9.798828835076437

Iteration: ,10000
Error:,0.031833660054253594
Absolute Error:,0.04006378810313039
Transition Probabilities
0.06233988044406487,0.044406490179333874,0.085320041546943,0.8079335878296582
0.05857385398981324,0.05432937181663837,0.8363967561984249,0.05070001799512363
0.9074765794190783,0.0006975223515903754,0.03948273404029461,0.05234316418903677
0.0007234593111380816,0.8985364644334974,0.04056182780703844,0.06017824844832596

0.0648714810281518,0.06731946144430848,0.8114889739826895,0.05632008354485025
0.06459948320413433,0.0671834625322997,0.07414398305086067,0.7940730712127052
0.06260246701079308,0.8580842900594795,0.05241962614483823,0.026893616784889288
0.8417634251036751,0.028915520122636106,0.03602592796785063,0.09329512680583822

0.8340248962655602,0.05255878284923928,0.08211258771122627,0.03130373317397429
0.06360946745562131,0.8284023668639053,0.03771712340819638,0.07027104227227698
0.04987558793789911,0.048681086105143205,0.09438459277895295,0.8070587331780047
0.039296887127483075,0.058531704712826614,0.8686601923493456,0.03351121581034479

Transition Gammas
73.0,52.0,99.90976865147032,946.0902313485303
69.0,64.0,985.2753788017445,59.72462119825563
1301.0,1.0,56.60425640880553,75.0415582664735
1.0,1242.0,56.06649493975023,83.18124809764203

53.0,55.0,662.9864917438571,46.013508256142636
50.0,52.0,57.3874428813662,614.6125571186342
31.619673654705537,433.40696486022875,26.476456135757275,13.583608230428068
394.2956698682041,13.544499602056375,16.87513020532794,43.700953762414095

603.0,38.0,59.36740091521659,22.632599084783408
43.0,560.0,25.49677542394075,47.503224576059246
15.061195964941215,14.700485907627833,28.501816353222218,243.71180848526242
12.182289510517492,18.14520753367991,269.29028538905857,10.388693932083438

Iteration: ,12500
Error:,0.03282964561960453
Absolute Error:,0.03695190347226789
Transition Probabilities
0.06259204712812948,0.04197349042709859,0.07759735451939247,0.8178371079253793
0.06504065040650407,0.054693274205469336,0.8343612476567945,0.04590482773123211
0.9061758517694669,0.000604117234512978,0.039977253395854145,0.05324277760016604
0.0006166747598206938,0.896028426019468,0.04048573220050959,0.0628691670202017

0.06436567164179106,0.059701492537313446,0.8231097750644626,0.05282306075643293
0.06267806267806267,0.06457739791073124,0.0648814866277271,0.807863052783479
0.061336349077785686,0.8564427311074196,0.05484886847900941,0.027372051335785214
0.8377937813563507,0.028965149330916904,0.044469080314013844,0.08877198899871847

0.8375796178343949,0.04883227176220807,0.07959418170848447,0.033993928694912544
0.06292134831460675,0.8235955056179776,0.04150072544166704,0.0719824206257487
0.04932289758585065,0.054576463878539275,0.07582910071246202,0.8202715378231481
0.03244887943506746,0.06010771702601083,0.8797449509175731,0.02769845262134859

Transition Gammas
85.0,57.0,105.37720743733517,1110.6227925626674
88.0,74.0,1128.8907680796428,62.10923192035704
1500.0,1.0,66.17466132725491,88.13318766363096
1.0,1453.0,65.65167708871586,101.94866259563102

69.0,64.0,882.3736788691037,56.62632113089609
66.0,68.0,68.32020541899665,850.6797945810036
44.242271927225694,617.7572152476442,39.562813741514866,19.743622772004567
557.555699761862,19.276443037999858,29.594381987541215,59.078175974643855

789.0,46.0,74.97771916939237,32.02228083060761
56.0,733.0,36.93564564308367,64.06435435691634
19.552062964555397,21.63462631688733,30.059372507364415,325.16339348545745
13.942183777679787,25.826248912859356,377.99659022811454,11.901086371163178

Iteration: ,15000
Error:,0.030706046354286014
Absolute Error:,0.03222915542302429
Transition Probabilities
0.05935483870967726,0.04258064516129021,0.07071779175905683,0.8273467243699757
0.06288916562889166,0.059153175591531756,0.837078502741769,0.040879156037807625
0.9069602535191557,0.0005615852962966908,0.040214407827999406,0.05226375335654829
0.0005595263749031434,0.8985993580944482,0.038526415823156766,0.062314699707491795

0.07077625570776258,0.05707762557077627,0.8247762219274026,0.047369896794058626
0.058275058275058265,0.0637140637140637,0.05773097983524347,0.8202798981756346
0.05957014517657436,0.8496176649799918,0.05458591389960464,0.03622627594382913
0.838614882505017,0.03162500908632416,0.04404685118206363,0.08571325722659522

0.8446428571428571,0.04642857142857143,0.0760217077270212,0.03290686370155022
0.057091882247992866,0.8349687778768956,0.039221034332745694,0.06871830554236583
0.04855299745371748,0.050434171260919654,0.06456311155322153,0.8364497197321413
0.03459998109735879,0.05418816664039362,0.8860361843318969,0.025175667930350556

Transition Gammas
92.0,66.0,109.61257722653839,1282.3874227734657
101.0,95.0,1344.348075403281,65.65192459671904
1615.0,1.0,71.60872639150038,93.06467548419725
1.0,1606.0,68.85540619926249,111.37044204266289

93.0,75.0,1083.7559556126066,62.24404438739301
75.0,82.0,74.29977104795836,1055.700228952042
60.58657593939947,864.1144826185175,55.51729994776722,36.84439599679786
789.7023340098648,29.78046778033892,41.477800966706226,80.71399721078193

946.0,52.0,85.14431265426374,36.85568734573625
64.0,936.0,43.966779487007926,77.03322051299209
25.33218493453801,26.313674137619245,33.68534936230164,436.41175828321053
18.261927472590266,28.60060432619843,467.6513692545019,13.287759335023866

Iteration: ,17500
Error:,0.03082809724252212
Absolute Error:,0.030856482942214603
Transition Probabilities
0.05931198102016593,0.04211150652431781,0.06781954594485512,0.8307569665106611
0.06164383561643841,0.05953635405690205,0.842404804171771,0.03641500615488857
0.9089046036435714,0.0005055086783334658,0.04005331666823653,0.05053657100985861
0.0004631714817526029,0.8948473027460289,0.038617562577915064,0.06607196319430354

0.06606217616580318,0.0569948186528498,0.835636521782998,0.041306483398349
0.05691056910569104,0.06504065040650404,0.052780836320155435,0.8252679441676495
0.05836102197015387,0.8486457115807304,0.05605339150657225,0.03693987494254348
0.8441325493803935,0.030353444128603357,0.04457090357912451,0.08094310291187858

0.8402270884022709,0.04866180048661801,0.07777362830215317,0.03333748280895793
0.05599369085173501,0.836750788643533,0.039435273790452266,0.06782024671427961
0.048215752271204955,0.05385722900803069,0.06432863916190504,0.8335983795588593
0.035655311355766245,0.05703559852894761,0.881650038467792,0.025659051647494106

Transition Gammas
100.0,71.0,114.34375446302602,1400.656245536978
117.0,113.0,1598.88431831802,69.11568168197844
1798.0,1.0,79.23368754079986,99.9717179464948
1.0,1932.0,83.37638239683794,142.6511903200358

102.0,88.0,1290.2227896329475,63.777210367050785
84.0,96.0,77.90451440854945,1218.095485591451
64.15162037705143,932.8485980211522,61.61502611477284,40.60506060537644
909.556511459906,32.70596871625252,48.02534341532161,87.2165471705935

1036.0,60.0,95.89488369655487,41.10511630344513
71.0,1061.0,50.00392716629348,85.99607283370656
43.294204843698814,48.359836674791495,57.762394031030674,748.5101300296425
24.116382277413493,38.57748664204936,596.3265654991123,17.355156213123077

Iteration: ,19620
Error:,0.032554235401520436
Absolute Error:,0.029690509929090458
Transition Probabilities
0.05854430379746824,0.043776371308016794,0.061886498017026906,0.835792826877488
0.0644051130776795,0.06096361848574243,0.8400786301599149,0.03455263827666319
0.9081106598664859,0.0004378547058179778,0.03987411061633201,0.05157737481136416
0.0004262824790802278,0.894340641110318,0.03927414830758429,0.0659589281030175

0.06604866743916572,0.058516801853997706,0.8377302580340272,0.03770427267280934
0.057387057387057336,0.06288156288156282,0.04970579138749672,0.8300255883438832
0.05946001439181927,0.8492845172210022,0.05547006796181087,0.03578540042536753
0.8453586385703385,0.03101421940174858,0.043700659199508836,0.07992648282840402

0.8344469190794357,0.05122494432071269,0.08121293796017034,0.03311519863968119
0.055350553505535055,0.8332103321033211,0.03904111780338969,0.07239799658775423
0.044796086192536444,0.05122194595832701,0.05824223491803615,0.8457397329311004
0.042284969572805566,0.05711859826107399,0.8740391156245557,0.026557316541564735

*,*,*,*,*,*,*,*,*,*,*
Model Num 1
Model States: 
['rose'],['volcano'],"['nothing', 'b', 'rose']","['nothing', 'b', 'volcano']"
Iteration: ,19620
Error:,0.032774209866494375
Absolute Error:,0.029690509929090458
Transition Probabilities
0.05854430379746824,0.043776371308016794,0.061886498017026906,0.835792826877488
0.0644051130776795,0.06096361848574243,0.8400786301599149,0.03455263827666319
0.9081106598664859,0.0004378547058179778,0.03987411061633201,0.05157737481136416
0.0004262824790802278,0.894340641110318,0.03927414830758429,0.0659589281030175

0.06604866743916572,0.058516801853997706,0.8377302580340272,0.03770427267280934
0.057387057387057336,0.06288156288156282,0.04970579138749672,0.8300255883438832
0.05946001439181927,0.8492845172210022,0.05547006796181087,0.03578540042536753
0.8453586385703385,0.03101421940174858,0.043700659199508836,0.07992648282840402

0.8344469190794357,0.05122494432071269,0.08121293796017034,0.03311519863968119
0.055350553505535055,0.8332103321033211,0.03904111780338969,0.07239799658775423
0.044796086192536444,0.05122194595832701,0.05824223491803615,0.8457397329311004
0.042284969572805566,0.05711859826107399,0.8740391156245557,0.026557316541564735

Transition Gammas
111.0,83.0,117.33680024028324,1584.6631997597203
131.0,124.0,1708.7199337452655,70.28006625473287
2074.0,1.0,91.0669911422814,117.7956388866712
1.0,2098.0,92.13174417190336,154.73056327657278

114.0,101.0,1445.9224253667305,65.0775746332689
94.0,103.0,81.41808629271969,1359.5819137072817
68.80043375057251,982.6964180905023,64.18371699000788,41.40683611307612
962.7756427351021,35.32197301366013,49.77050961460541,91.02795827202043

1124.0,69.0,109.39382743234947,44.60617256765057
75.0,1129.0,52.900714623593025,98.09928537640698
49.77966419484739,56.92040278369158,64.72170099226902,939.828531461406
42.29171885516749,57.127715201482744,874.1786246947127,26.56155546688323

