0,1,2,3,4,5,6,7,8,9,10,11,12,13,14,15,16,17,18,19,20,21,22,23,24,25,26,27,28,29
github Code Version (SHA):,528ca1c557fe8e6666681dc5c9134b0f84d30530
Environment Observations,Environment Actions,alpha,epsilon,numActions,explore,patience,gainThresh,insertRandActions,useUpdatedPosterior,revisedSplitting,haveControl,confidence_factor
"['square', 'diamond']","['x', 'y']",0.85,0.99,75000,0.5,0,0.01,False,True,False,True,250

Model Num 0
Model States: 
['square'],['diamond']
Iteration: ,0
Error:,0.4955930500875399
Absolute Error:,1
Transition Probabilities
0.5,0.5
0.5,0.5

0.5,0.5
0.5,0.5

Transition Gammas
1.0,1.0
1.0,1.0

1.0,1.0
1.0,1.0

Iteration: ,1639
Error:,0.1778278703351509
Absolute Error:,1
Transition Probabilities
0.9142857142857143,0.08571428571428572
0.901565995525727,0.09843400447427293

0.24,0.76
0.2621359223300971,0.7378640776699029


Model Num 1
Model States: 
['diamond'],"['square', 'y', 'diamond']","['square', 'y', 'square']"
Iteration: ,0
Error:,0.4332136429077142
Absolute Error:,1
Transition Probabilities
0.3333333333333333,0.3333333333333333,0.3333333333333333
0.3333333333333333,0.3333333333333333,0.3333333333333333
0.3333333333333333,0.3333333333333333,0.3333333333333333

0.3333333333333333,0.3333333333333333,0.3333333333333333
0.3333333333333333,0.3333333333333333,0.3333333333333333
0.3333333333333333,0.3333333333333333,0.3333333333333333

Transition Gammas
1.0,1.0,1.0
1.0,1.0,1.0
1.0,1.0,1.0

1.0,1.0,1.0
1.0,1.0,1.0
1.0,1.0,1.0

Iteration: ,2500
Error:,0.10652335120953346
Absolute Error:,1
Transition Probabilities
0.10096153846153845,0.8105744167493827,0.08846404478907893
0.1197229300303776,0.7814264083475948,0.09885066162202769
0.07658057606247613,0.8638552608145965,0.05956416312292744

0.6014669926650367,0.01936456998283928,0.3791684373521241
0.9969650986342944,0.0015174506828528073,0.0015174506828528073
0.0057142857142857125,0.14534352104567594,0.8489421932400383

Transition Gammas
63.0,505.7984360516149,55.201563948385264
43.19942256942066,281.96077069402764,35.6681172236035
16.088465263486157,181.48342661926475,12.513564387006467

246.0,7.920109122981266,155.07989087701876
657.0,1.0,1.0
1.0,25.435116182993298,148.56488381700674

Iteration: ,4845
Error:,0.10190647526335285
Absolute Error:,1
Transition Probabilities
0.10055350553505533,0.8163341291060893,0.08311236535885537
0.10915168309499083,0.795408426667376,0.09543989023763315
0.09217014369645643,0.8362833425959056,0.07154651370763797

0.5952914798206279,0.023939419482482308,0.38076910069688974
0.9983347210657785,0.0008326394671107411,0.0008326394671107411
0.0029325513196480934,0.12191712534389675,0.8751503233364551


Model Num 2
Model States: 
"['square', 'y', 'diamond']","['square', 'y', 'square']","['diamond', 'y', 'diamond']","['diamond', 'y', 'square', 'y', 'square']"
Iteration: ,0
Error:,0.5007417025792039
Absolute Error:,0.6
Transition Probabilities
0.25,0.25,0.25,0.25
0.25,0.25,0.25,0.25
0.25,0.25,0.25,0.25
0.25,0.25,0.25,0.25

0.25,0.25,0.25,0.25
0.25,0.25,0.25,0.25
0.25,0.25,0.25,0.25
0.25,0.25,0.25,0.25

Transition Gammas
1.0,1.0,1.0,1.0
1.0,1.0,1.0,1.0
1.0,1.0,1.0,1.0
1.0,1.0,1.0,1.0

1.0,1.0,1.0,1.0
1.0,1.0,1.0,1.0
1.0,1.0,1.0,1.0
1.0,1.0,1.0,1.0

Iteration: ,2500
Error:,0.04544625590884831
Absolute Error:,0.08420205275735815
Transition Probabilities
0.77996661868267,0.11016343990310137,0.051410377475931954,0.05845956393829668
0.823725125127361,0.10811922969217229,0.01532139074704968,0.05283425443341702
0.8182805185247772,0.07125228896728728,0.08724153542785182,0.02322565708008358
0.7600908272935862,0.14606321708237147,0.026932077149290468,0.06691387847475187

0.001675041876046899,0.001675041876046899,0.9128037088804296,0.08384620736747656
0.08063570982778953,0.911167568860735,0.004098360655737704,0.004098360655737704
0.003745318352059925,0.003745318352059925,0.11506145531439746,0.8774479079814826
0.12538579437135622,0.8648102840600163,0.004901960784313727,0.004901960784313727

Transition Gammas
289.92799053054813,40.949784254848446,19.110186355395985,21.730499093087715
199.85282715562766,26.23197115728185,3.7172876768576355,12.818687687285909
276.4573598983127,24.072697869088348,29.474689928266603,7.8468247659607915
90.81377095584348,17.451271696597747,3.2177779257110743,7.994704600251842

1.0,1.0,544.9438142016172,50.05618579838357
19.67511319798065,222.3248868020194,1.0,1.0
1.0,1.0,30.72140856894412,234.27859143105587
25.578702051756657,176.42129794824325,1.0,1.0

Iteration: ,5000
Error:,0.04694469642920066
Absolute Error:,0.07807701189418464
Transition Probabilities
0.8030477513609248,0.09264126223820608,0.049802020343652796,0.05450896605721629
0.8025452655049414,0.09518757359634133,0.04428036812195101,0.05798679277676624
0.8186717058338275,0.0727581578660242,0.08815205278449288,0.020418083515655414
0.7867802705666342,0.11526961021657532,0.034851421168936324,0.063098698047854

0.0008382229673093033,0.0008382229673093033,0.9268178512429024,0.07150570282247891
0.10747510133531915,0.8879897512723907,0.0022675736961451243,0.0022675736961451243
0.0017699115044247794,0.0017699115044247794,0.11101796166999553,0.885442215321155
0.10835755354706035,0.8864068443586989,0.0026178010471204216,0.0026178010471204216

Transition Gammas
620.8869835322489,71.62681641810353,38.50509030450524,42.14432759866584
357.1080206827731,42.355549850759104,19.70340527170816,25.802343723533703
554.9952223295562,49.324325872499855,59.76017955097974,13.841859587382343
215.78127256545125,31.613684418831152,9.55830273315258,17.30536195599221

1.0,1.0,1105.6936965327839,85.30630346721743
47.396519688875756,391.6034803111244,1.0,1.0
1.0,1.0,62.72514834354745,500.27485165645237
41.39258545497701,338.6074145450226,1.0,1.0

Iteration: ,7500
Error:,0.048213191590316805
Absolute Error:,0.08003344039234327
Transition Probabilities
0.8078735501771093,0.09361587272805175,0.04448431223243916,0.05402626486239976
0.8013413715280043,0.09499558245726371,0.044131409088010484,0.059531636926721435
0.8162513048040942,0.07502156608701509,0.08297487072141595,0.02575225838747462
0.7739168830078206,0.12893883934560185,0.036260872935825444,0.060883404710752216

0.0005509641873278233,0.0005509641873278233,0.9310479895838443,0.06785008204150011
0.10742139383976372,0.8897091657011258,0.0014347202295552368,0.0014347202295552368
0.0011534025374855827,0.0011534025374855827,0.11221843936945362,0.8854747555555752
0.10279679263480059,0.893760866573461,0.0017211703958691924,0.0017211703958691924

Transition Gammas
859.2744386210862,99.57217496077767,47.314622953795705,57.463681538101255
545.0239166704447,64.61024758839459,30.01551434124672,40.48981754397127
830.2012814781237,76.30370688213969,84.39293584949824,26.192372114331167
324.2083788407292,54.014911667743505,15.190363575199127,25.505206531820196

1.0,1.0,1689.8521010946783,123.14789890532279
74.87271150631531,620.1272884936847,1.0,1.0
1.0,1.0,97.29338693331627,767.7066130666835
59.72493652081909,519.2750634791804,1.0,1.0

Iteration: ,10000
Error:,0.0464611186668733
Absolute Error:,0.08227294965755419
Transition Probabilities
0.8027355811137918,0.09712897498587139,0.045220877715608204,0.05491456618472858
0.7900918637178849,0.10509182726193837,0.04639338312519546,0.05842292589498135
0.8134409041941542,0.07734579139442754,0.08170034770770124,0.02751295670371693
0.7717618166284633,0.12724541568406134,0.03782871032714352,0.06316405736033168

0.00041407867494824,0.00041407867494824,0.9136781801030928,0.08549366254701075
0.1058224941560997,0.8921532143459245,0.0010121457489878547,0.0010121457489878547
0.0007898894154818333,0.0007898894154818333,0.10433662822309016,0.8940835929459462
0.09643357653343441,0.9011683419317934,0.0011990407673860915,0.0011990407673860915

Transition Gammas
989.4995400370162,119.72694164052838,55.74193888052098,67.69095485430904
761.0360156121774,101.22704607598195,44.6872535533095,56.274406540905694
973.5220239570752,92.56705803042892,97.77856934449659,32.92736959395996
494.03509699660265,81.45479592975471,24.215645517901713,40.4337977499774

1.0,1.0,2206.53280494897,206.46719505103104
104.55262422622646,881.447375773773,1.0,1.0
1.0,1.0,132.090171330432,1131.9098286695669
80.42560282888428,751.5743971711155,1.0,1.0

Iteration: ,12500
Error:,0.04593399057760023
Absolute Error:,0.0816722791966989
Transition Probabilities
0.802637955785155,0.09903536068571982,0.04309881120394303,0.05522787232518211
0.7840449183890279,0.10902916046571969,0.04809106422427518,0.05883485692097711
0.8136116717287495,0.07768991940089788,0.08019706488229109,0.028501343988061433
0.781596879161521,0.11811064423497045,0.039574696042592845,0.0607177805609157

0.0003249918752031198,0.0003249918752031198,0.9037361148053882,0.09561390144420563
0.10104873781446538,0.8972447775438964,0.0008532423208191126,0.0008532423208191126
0.0005783689994216305,0.0005783689994216305,0.09110158921186563,0.9077416727892911
0.09163843008692708,0.9064103504008777,0.000975609756097561,0.000975609756097561

Transition Gammas
1101.6712676386014,135.93228498763824,59.15583935514011,75.80374149382024
945.3119873450311,131.45493318186413,57.982723220495636,70.93636374227887
1106.7249560782523,105.67863714883757,109.08901161763175,38.76929224274285
773.4788879610207,116.88389781856522,39.16365674240924,60.087140365888054

1.0,1.0,2780.7960252561807,294.2039747438209
118.42912071855343,1051.5708792814467,1.0,1.0
1.0,1.0,157.5146477473158,1569.4853522526855
93.92939083910026,929.0706091608996,1.0,1.0

Iteration: ,12556
Error:,0.04771139954691436
Absolute Error:,0.08138794966737767
Transition Probabilities
0.802493237654655,0.09879283866501934,0.04362668960455146,0.05508723407577425
0.7839399920611895,0.10945358436733459,0.04794736681044497,0.05865905676103084
0.8133726192566225,0.07753994557418065,0.08004225122300766,0.029045183946189195
0.7822154473228468,0.11690314285648595,0.040814298877720034,0.06006711094294716

0.00032351989647363293,0.00032351989647363293,0.9035142701429444,0.09583869006410832
0.10166333552224248,0.8966345368181831,0.000851063829787234,0.000851063829787234
0.000574382538770821,0.000574382538770821,0.09053650999912036,0.9083147249233381
0.0913019083282224,0.9067544570750818,0.0009718172983479108,0.0009718172983479108

*,*,*,*,*,*,*,*,*,*,*
Model Num 2
Model States: 
"['square', 'y', 'diamond']","['square', 'y', 'square']","['diamond', 'y', 'diamond']","['diamond', 'y', 'square', 'y', 'square']"
Iteration: ,12556
Error:,0.044426647029264035
Absolute Error:,0.08138794966737767
Transition Probabilities
0.802493237654655,0.09879283866501934,0.04362668960455146,0.05508723407577425
0.7839399920611895,0.10945358436733459,0.04794736681044497,0.05865905676103084
0.8133726192566225,0.07753994557418065,0.08004225122300766,0.029045183946189195
0.7822154473228468,0.11690314285648595,0.040814298877720034,0.06006711094294716

0.00032351989647363293,0.00032351989647363293,0.9035142701429444,0.09583869006410832
0.10166333552224248,0.8966345368181831,0.000851063829787234,0.000851063829787234
0.000574382538770821,0.000574382538770821,0.09053650999912036,0.9083147249233381
0.0913019083282224,0.9067544570750818,0.0009718172983479108,0.0009718172983479108

Transition Gammas
1104.284703313221,135.9455948233422,60.03326099955534,75.80374149382024
948.0181833730954,132.36215688240486,57.982723220495636,70.93636374227887
1108.5397244055068,105.67863714883757,109.08901161763175,39.58547342845493
782.4762776471188,116.9421242966557,40.82790843611938,60.087140365888054

1.0,1.0,2792.762609011843,296.237390988159
119.45441923863491,1053.545580761365,1.0,1.0
1.0,1.0,157.62406390846863,1581.3759360915324
93.94966366974083,933.050336330259,1.0,1.0

