0,1,2,3,4,5,6,7,8,9,10,11,12,13,14,15,16,17,18,19,20,21,22,23,24,25,26,27,28,29
github Code Version (SHA):,528ca1c557fe8e6666681dc5c9134b0f84d30530
Environment Observations,Environment Actions,alpha,epsilon,numActions,explore,patience,gainThresh,insertRandActions,useUpdatedPosterior,revisedSplitting,haveControl,confidence_factor
"['square', 'diamond']","['x', 'y']",0.85,0.99,75000,0.5,0,0.01,False,True,False,True,250

Model Num 0
Model States: 
['square'],['diamond']
Iteration: ,0
Error:,0.4970762236279916
Absolute Error:,1
Transition Probabilities
0.5,0.5
0.5,0.5

0.5,0.5
0.5,0.5

Transition Gammas
1.0,1.0
1.0,1.0

1.0,1.0
1.0,1.0

Iteration: ,1678
Error:,0.1798818456307391
Absolute Error:,1
Transition Probabilities
0.8924914675767918,0.1075085324232082
0.8526970954356846,0.14730290456431536

0.25,0.75
0.23275862068965517,0.7672413793103449


Model Num 1
Model States: 
['diamond'],"['square', 'y', 'diamond']","['square', 'y', 'square']"
Iteration: ,0
Error:,0.4288386919157716
Absolute Error:,1
Transition Probabilities
0.3333333333333333,0.3333333333333333,0.3333333333333333
0.3333333333333333,0.3333333333333333,0.3333333333333333
0.3333333333333333,0.3333333333333333,0.3333333333333333

0.3333333333333333,0.3333333333333333,0.3333333333333333
0.3333333333333333,0.3333333333333333,0.3333333333333333
0.3333333333333333,0.3333333333333333,0.3333333333333333

Transition Gammas
1.0,1.0,1.0
1.0,1.0,1.0
1.0,1.0,1.0

1.0,1.0,1.0
1.0,1.0,1.0
1.0,1.0,1.0

Iteration: ,2500
Error:,0.10387014085271812
Absolute Error:,1
Transition Probabilities
0.08848080133555926,0.8120283944188119,0.09949080424562882
0.10494361404468416,0.7856542035668503,0.10940218238846557
0.12080863707680926,0.8229638300784237,0.05622753284476711

0.597911227154047,0.03618210274003556,0.3659066701059173
0.9968895800933126,0.0015552099533437014,0.0015552099533437014
0.0028490028490028487,0.24448045583121847,0.7526705413197787

Transition Gammas
53.0,486.4050082568683,59.594991743131665
34.334955541955985,257.046628290624,35.79368885563169
16.708563323818467,113.82086248796124,7.776607002705928

229.0,13.85774534943362,140.14225465056634
641.0,1.0,1.0
1.0,85.8126399967577,264.18736000324236

Iteration: ,5000
Error:,0.10278685036890053
Absolute Error:,1
Transition Probabilities
0.09532538955087073,0.8260708143144921,0.07860379613463722
0.10450970700958907,0.7804750920837595,0.11501520090665128
0.11044829663624665,0.8217022320217772,0.06784947134197616

0.6057803468208091,0.03219894167882584,0.362020711500365
0.99833748960931,0.0008312551953449709,0.0008312551953449709
0.0014992503748125943,0.2019653492728502,0.7965354003523373

Transition Gammas
104.0,901.2432584171111,85.75674158288923
74.58470162294742,556.9961253634415,82.08208296803326
36.137276662224515,268.85051011998524,22.199483305259136

524.0,27.85208455218436,313.1479154478158
1201.0,1.0,1.0
1.0,134.71088796499103,531.2891120350088

Iteration: ,5134
Error:,0.10363397212459331
Absolute Error:,1
Transition Probabilities
0.0934995547640249,0.8299273158044537,0.07657312943152134
0.1053707958301237,0.7812954088706358,0.11333379529924048
0.10808894582743335,0.8254343978114483,0.06647665636111842

0.6065759637188208,0.03163096670377196,0.3617930695774072
0.9983805668016195,0.0008097165991902834,0.0008097165991902834
0.0014903129657228022,0.2024341735081679,0.7960755135261094


Model Num 2
Model States: 
"['square', 'y', 'diamond']","['square', 'y', 'square']","['diamond', 'y', 'diamond']","['diamond', 'y', 'square', 'y', 'square']"
Iteration: ,0
Error:,0.49789973919119873
Absolute Error:,0.6
Transition Probabilities
0.25,0.25,0.25,0.25
0.25,0.25,0.25,0.25
0.25,0.25,0.25,0.25
0.25,0.25,0.25,0.25

0.25,0.25,0.25,0.25
0.25,0.25,0.25,0.25
0.25,0.25,0.25,0.25
0.25,0.25,0.25,0.25

Transition Gammas
1.0,1.0,1.0,1.0
1.0,1.0,1.0,1.0
1.0,1.0,1.0,1.0
1.0,1.0,1.0,1.0

1.0,1.0,1.0,1.0
1.0,1.0,1.0,1.0
1.0,1.0,1.0,1.0
1.0,1.0,1.0,1.0

Iteration: ,2500
Error:,0.04909838060099394
Absolute Error:,0.0799533434440548
Transition Probabilities
0.7982649095914083,0.10085645266060823,0.057580665775617684,0.04329797197236581
0.7753447954607839,0.10506804174293488,0.07665457303022022,0.04293258976606105
0.816596798962157,0.07953011459539008,0.05861757031230302,0.04525551613014989
0.7664612473027078,0.10984171056747655,0.07856620421181076,0.04513083791800492

0.0016501650165016493,0.0016501650165016493,0.9308448398198793,0.06585483014711731
0.08410881142749746,0.9072331799144938,0.004329004329004331,0.004329004329004331
0.0034482758620689655,0.0034482758620689655,0.08898230870694326,0.9041211395689188
0.14176630507122703,0.8469342599005243,0.005649717514124292,0.005649717514124292

Transition Gammas
288.80311028513705,36.48871054048753,20.832026021034952,15.664710830216007
165.58739064226882,22.438975503493314,16.370820831173553,9.16894722773256
286.3140231027327,27.884737114531273,20.552410200423218,15.867425524177566
116.86501007320393,16.747947345153072,11.979262198758558,6.881255701394607

1.0,1.0,564.0919729308472,39.90802706915311
19.429135439751906,209.570864560248,1.0,1.0
1.0,1.0,25.804869525013547,262.19513047498646
25.092635997607193,149.90736400239285,1.0,1.0

Iteration: ,5000
Error:,0.056179197112546056
Absolute Error:,0.0783476342866864
Transition Probabilities
0.8176490280776744,0.09650415205697047,0.05012909464776665,0.0357177252175884
0.7833962410383083,0.09689393158849709,0.0670132572341541,0.052696570139040444
0.8132875640608166,0.07724510784052868,0.066002002113631,0.04346532598502395
0.76457440610202,0.10634822602102653,0.0702331358292751,0.05884423204767831

0.0008453085376162301,0.0008453085376162301,0.9362145607878521,0.062094822136915445
0.09759272094517961,0.8981428867307266,0.002132196162046909,0.002132196162046909
0.0017699115044247803,0.0017699115044247803,0.09279467611512981,0.9036655008760207
0.11604699592863758,0.8783192012544611,0.002816901408450705,0.002816901408450705

Transition Gammas
637.6439937562097,75.25881009891876,39.09319893614357,27.854485449796645
336.07993866183324,41.56786167598368,28.748939809736513,22.607027111267016
563.2214521215976,53.494119091163974,45.707994461098394,30.10079718419643
220.1677841827308,30.624165663857404,20.224419975775337,16.944857267617007

1.0,1.0,1107.5418254120289,73.45817458797096
45.77098612328922,421.2290138767106,1.0,1.0
1.0,1.0,52.4289920050483,510.5710079949513
41.196683554666336,311.8033164453336,1.0,1.0

Iteration: ,7500
Error:,0.05564792538511045
Absolute Error:,0.07732629584544623
Transition Probabilities
0.8304370687883624,0.08784309993912574,0.044616799424634195,0.0371030318478776
0.7859460972237415,0.09556434816878598,0.07218044451564554,0.04630911009182709
0.8120279066524104,0.07661900587097058,0.06298324285021772,0.048369844626401315
0.7680129348686342,0.11607372923556886,0.06700555531277086,0.048907780583026035

0.0005540166204986151,0.0005540166204986151,0.9284755573938066,0.07041640936519622
0.09919104098074451,0.8980541380826164,0.00137741046831956,0.00137741046831956
0.0011467889908256897,0.0011467889908256897,0.10353897855278742,0.8941674434655612
0.11491460639298899,0.8815827666367834,0.001751313485113835,0.001751313485113835

Transition Gammas
891.0777729958938,94.25763469472527,47.87483575066617,39.812393055431265
517.9795969987118,62.98190515452191,47.57068925397108,30.520126338772258
834.3792491189845,78.72796989257725,64.71687788796429,49.70124094103863
323.9166123855278,48.95517699499618,28.260217377245432,20.627312231998033

1.0,1.0,1675.8983810958205,127.10161890417915
72.01269575202048,651.9873042479792,1.0,1.0
1.0,1.0,90.2859892980305,779.7140107019683
65.61624025039673,503.38375974960337,1.0,1.0

Iteration: ,10000
Error:,0.054664696767160535
Absolute Error:,0.07929342736008738
Transition Probabilities
0.8276938137044955,0.09163408640761683,0.04554779739793474,0.03512430248995296
0.7732616913161873,0.109312981469746,0.07169489226838618,0.04573043494568054
0.8164200416460814,0.07291293321784016,0.062230628427222615,0.04843639670885577
0.7666218838317869,0.11294806761851853,0.06538064424952192,0.055049404300172716

0.00041631973355537075,0.00041631973355537075,0.9170019573929505,0.08216540313993875
0.09299693678665788,0.9050050612153401,0.0009990009990009992,0.0009990009990009992
0.0007627765064836013,0.0007627765064836013,0.10068664762432841,0.8977877993627043
0.11638775974655481,0.8811522156531992,0.0012300123001230017,0.0012300123001230017

Transition Gammas
1030.2426982083377,114.05829893292386,56.694015240578246,43.719737384499
715.0687493361348,101.08647282490695,66.29938806470733,42.28892403494749
978.1338428506667,87.35528762631317,74.55706697719496,58.03051913222209
505.4579099701502,74.47021197499554,43.10751426725058,36.29580296298003

1.0,1.0,2202.638701657866,197.36129834213278
93.08993372344453,905.9100662765553,1.0,1.0
1.0,1.0,132.00019503549436,1176.9998049645037
94.62324867394902,716.3767513260507,1.0,1.0

Iteration: ,12500
Error:,0.05278964789033041
Absolute Error:,0.08100490463199242
Transition Probabilities
0.8246525911923106,0.09214255945633389,0.046353767188470674,0.036851082162884886
0.7661578489005578,0.11223167280017607,0.075525649022788,0.04608482927647808
0.818068514339342,0.07263429699239668,0.06235950099296573,0.046937687675295436
0.761407130283995,0.1270571496043224,0.058114576952646026,0.05342114315903665

0.00032765399737876813,0.00032765399737876813,0.9063038220971864,0.093040869908056
0.09795368938925261,0.9003670494856424,0.0008396305625524766,0.0008396305625524766
0.0005652911249293399,0.0005652911249293399,0.08531272834372171,0.9135566894064197
0.11004708583378645,0.8879707536112086,0.000991080277502478,0.000991080277502478

Transition Gammas
1147.895831740438,128.26014379327327,64.52328739327717,51.29578693100262
899.3127650526675,131.73705149304396,88.65167974530074,54.09417302594111
1116.2181386989012,99.10627089716509,85.08676829443037,64.04438925761623
759.8105157256294,126.79072013875249,57.99271497378428,53.3091229644524

1.0,1.0,2766.039265040612,283.96073495938685
116.6628440625999,1072.3371559374004,1.0,1.0
1.0,1.0,150.91821644004338,1616.0817835599528
111.0375096062905,895.9624903937092,1.0,1.0

Iteration: ,12508
Error:,0.05109008515929322
Absolute Error:,0.08103746150744148
Transition Probabilities
0.8246525911923106,0.09214255945633389,0.046353767188470674,0.036851082162884886
0.7661578489005578,0.11223167280017607,0.075525649022788,0.04608482927647808
0.818068514339342,0.07263429699239668,0.06235950099296573,0.046937687675295436
0.7611490185060478,0.1267109843529402,0.05886439906549379,0.05327559807551824

0.0003274394237066144,0.0003274394237066144,0.9063651817421784,0.0929799394104083
0.09795368938925261,0.9003670494856424,0.0008396305625524766,0.0008396305625524766
0.0005643340857787823,0.0005643340857787823,0.08518293534629921,0.9136883964821432
0.11004708583378645,0.8879707536112086,0.000991080277502478,0.000991080277502478

*,*,*,*,*,*,*,*,*,*,*
Model Num 2
Model States: 
"['square', 'y', 'diamond']","['square', 'y', 'square']","['diamond', 'y', 'diamond']","['diamond', 'y', 'square', 'y', 'square']"
Iteration: ,12508
Error:,0.051543397419783595
Absolute Error:,0.08103746150744148
Transition Probabilities
0.8246525911923106,0.09214255945633389,0.046353767188470674,0.036851082162884886
0.7661578489005578,0.11223167280017607,0.075525649022788,0.04608482927647808
0.818068514339342,0.07263429699239668,0.06235950099296573,0.046937687675295436
0.7611490185060478,0.1267109843529402,0.05886439906549379,0.05327559807551824

0.0003274394237066144,0.0003274394237066144,0.9063651817421784,0.0929799394104083
0.09795368938925261,0.9003670494856424,0.0008396305625524766,0.0008396305625524766
0.0005643340857787823,0.0005643340857787823,0.08518293534629921,0.9136883964821432
0.11004708583378645,0.8879707536112086,0.000991080277502478,0.000991080277502478

Transition Gammas
1147.895831740438,128.26014379327327,64.52328739327717,51.29578693100262
899.3127650526675,131.73705149304396,88.65167974530074,54.09417302594111
1116.2181386989012,99.10627089716509,85.08676829443037,64.04438925761623
761.6279889395959,126.79072013875249,58.901440835312115,53.3091229644524

1.0,1.0,2768.039265040612,283.96073495938685
116.6628440625999,1072.3371559374004,1.0,1.0
1.0,1.0,150.94416143364188,1619.0558385663542
111.0375096062905,895.9624903937092,1.0,1.0

