0,1,2,3,4,5,6,7,8,9,10,11,12,13,14,15,16,17,18,19,20,21,22,23,24,25,26,27,28,29
github Code Version (SHA):,528ca1c557fe8e6666681dc5c9134b0f84d30530
Environment Observations,Environment Actions,alpha,epsilon,numActions,explore,patience,gainThresh,insertRandActions,useUpdatedPosterior,revisedSplitting,haveControl,confidence_factor
"['rose', 'volcano', 'nothing']","['b', 'f', 't']",0.85,0.99,75000,0.5,0,0.01,False,True,False,True,250

Model Num 0
Model States: 
['rose'],['volcano'],['nothing']
Iteration: ,0
Error:,0.6167400740366752
Absolute Error:,1
Transition Probabilities
0.3333333333333333,0.3333333333333333,0.3333333333333333
0.3333333333333333,0.3333333333333333,0.3333333333333333
0.3333333333333333,0.3333333333333333,0.3333333333333333

0.3333333333333333,0.3333333333333333,0.3333333333333333
0.3333333333333333,0.3333333333333333,0.3333333333333333
0.3333333333333333,0.3333333333333333,0.3333333333333333

0.3333333333333333,0.3333333333333333,0.3333333333333333
0.3333333333333333,0.3333333333333333,0.3333333333333333
0.3333333333333333,0.3333333333333333,0.3333333333333333

Transition Gammas
1.0,1.0,1.0
1.0,1.0,1.0
1.0,1.0,1.0

1.0,1.0,1.0
1.0,1.0,1.0
1.0,1.0,1.0

1.0,1.0,1.0
1.0,1.0,1.0
1.0,1.0,1.0

Iteration: ,2500
Error:,0.16694365124833407
Absolute Error:,1
Transition Probabilities
0.04736842105263158,0.07105263157894737,0.881578947368421
0.045180722891566265,0.06927710843373494,0.8855421686746988
0.4654178674351585,0.42219020172910665,0.11239193083573487

0.031746031746031744,0.09523809523809523,0.873015873015873
0.05333333333333334,0.06666666666666667,0.88
0.4788732394366197,0.4119718309859155,0.10915492957746478

0.7661290322580645,0.08064516129032258,0.1532258064516129
0.0547945205479452,0.8287671232876712,0.11643835616438356
0.07958477508650519,0.05190311418685121,0.8685121107266436

Transition Gammas
18.0,27.0,335.0
15.0,23.0,294.0
323.0,293.0,78.0

4.0,12.0,110.0
8.0,10.0,132.0
136.0,117.0,31.0

95.0,10.0,19.0
8.0,121.0,17.0
23.0,15.0,251.0

Iteration: ,5000
Error:,0.1497161360979481
Absolute Error:,1
Transition Probabilities
0.044534412955465584,0.07152496626180836,0.8839406207827261
0.04747774480712166,0.05637982195845697,0.8961424332344213
0.4680648236415634,0.4213536701620591,0.11058150619637751

0.046413502109704644,0.08016877637130802,0.8734177215189873
0.048327137546468404,0.06691449814126393,0.8847583643122676
0.4606205250596659,0.431980906921241,0.10739856801909307

0.8228346456692913,0.05905511811023622,0.11811023622047244
0.061068702290076333,0.8396946564885496,0.09923664122137404
0.05848787446504993,0.05563480741797432,0.8858773181169758

Transition Gammas
33.0,53.0,655.0
32.0,38.0,604.0
491.0,442.0,116.0

11.0,19.0,207.0
13.0,18.0,238.0
386.0,362.0,90.0

209.0,15.0,30.0
16.0,220.0,26.0
41.0,39.0,621.0

Iteration: ,5152
Error:,0.14904716312069863
Absolute Error:,1
Transition Probabilities
0.04365079365079365,0.0701058201058201,0.8862433862433863
0.04899135446685879,0.056195965417867436,0.8948126801152738
0.4674721189591078,0.42193308550185876,0.11059479553903345

0.045081967213114756,0.0778688524590164,0.8770491803278688
0.05090909090909091,0.06909090909090909,0.88
0.45720984759671746,0.4349355216881594,0.10785463071512309

0.8237547892720306,0.05747126436781609,0.11877394636015326
0.05970149253731343,0.8395522388059702,0.10074626865671642
0.06,0.05733333333333333,0.8826666666666667


Model Num 1
Model States: 
['rose'],['volcano'],"['nothing', 'b', 'rose']","['nothing', 'b', 'volcano']"
Iteration: ,0
Error:,0.5802916880452973
Absolute Error:,0.6
Transition Probabilities
0.25,0.25,0.25,0.25
0.25,0.25,0.25,0.25
0.25,0.25,0.25,0.25
0.25,0.25,0.25,0.25

0.25,0.25,0.25,0.25
0.25,0.25,0.25,0.25
0.25,0.25,0.25,0.25
0.25,0.25,0.25,0.25

0.25,0.25,0.25,0.25
0.25,0.25,0.25,0.25
0.25,0.25,0.25,0.25
0.25,0.25,0.25,0.25

Transition Gammas
1.0,1.0,1.0,1.0
1.0,1.0,1.0,1.0
1.0,1.0,1.0,1.0
1.0,1.0,1.0,1.0

1.0,1.0,1.0,1.0
1.0,1.0,1.0,1.0
1.0,1.0,1.0,1.0
1.0,1.0,1.0,1.0

1.0,1.0,1.0,1.0
1.0,1.0,1.0,1.0
1.0,1.0,1.0,1.0
1.0,1.0,1.0,1.0

Iteration: ,2500
Error:,0.050141714072623515
Absolute Error:,0.05219607744648707
Transition Probabilities
0.051829268292682924,0.07926829268292683,0.08103503831569589,0.7878674007086944
0.06764705882352941,0.06764705882352941,0.7775872889043142,0.08711859344862713
0.8996344271315087,0.002726164930701541,0.055432102528598294,0.042207305409191515
0.0026429252691805155,0.9144521431364584,0.0617155841267555,0.021189347467605604

0.061349693251533756,0.09202453987730062,0.7874594036203151,0.05916636325085059
0.0677966101694915,0.07909604519774009,0.05268014503075797,0.8004271996020104
0.0954158610961157,0.8234258217577828,0.027240162906741004,0.0539181542393604
0.8110555368540382,0.06227918069693861,0.04070312133457075,0.08596216111445244

0.8355263157894737,0.06578947368421052,0.04473735326436498,0.053946857261950795
0.03723404255319149,0.8563829787234043,0.03949651818652688,0.06688646053687737
0.05369800020404855,0.09112386949680887,0.07805421606912955,0.777123914230013
0.07119419678805944,0.022509445167093967,0.8638085553585014,0.042487802686345215

Transition Gammas
17.0,26.0,26.579492567548254,258.42050743245176
23.0,23.0,264.37967822746685,29.620321772533227
330.0,1.0,20.333363511624956,15.48230077126333
1.0,346.0,23.35124070530056,8.017384265343123

10.0,15.0,128.35588279011134,9.644117209888645
12.0,14.0,9.324385670444164,141.67561432955588
8.553544552977637,73.8159187745793,2.4419414589621433,4.83348710793602
79.833621656318,6.130249191208767,4.0064797553316245,8.46140656876582

127.0,10.0,6.800077696183477,8.199922303816521
7.0,161.0,7.425345419067053,12.574654580932947
5.398506598125476,9.161101137024433,7.847148848365079,78.12783646672035
5.872889002559616,1.8568293335632722,71.25653485752501,3.504866413232852

Iteration: ,5000
Error:,0.03769534079988089
Absolute Error:,0.04031607482671406
Transition Probabilities
0.051401869158878497,0.073208722741433,0.07870945354346771,0.7966799545562209
0.05963302752293578,0.06422018348623854,0.8064693192870956,0.06967746970373007
0.8883669967957604,0.0013180519240293181,0.058863297202757035,0.051451654077453446
0.0013238592825632002,0.9028720307081025,0.06132616384757523,0.03447794616175894

0.039156626506024084,0.08433734939759033,0.8187125172024028,0.0577935068939828
0.07418397626112762,0.05341246290801189,0.043423625544666014,0.8289799352861945
0.08211450592203028,0.8297323369099007,0.021001687027998133,0.06715147014007097
0.8309755329914225,0.06612858575661333,0.04186732187969691,0.061028559372267255

0.8463949843260188,0.047021943573667714,0.057229272927314306,0.04935379917299916
0.04093567251461988,0.8450292397660819,0.0479492380984613,0.06608584962083697
0.05287411091863781,0.09030200840612375,0.0757233180279362,0.7811005626473023
0.06546143473294745,0.03024905652180047,0.8702356178467459,0.0340538908985062

Transition Gammas
33.0,47.0,50.531469174906285,511.46853082509386
39.0,42.0,527.4309348137606,45.56906518623946
674.0,1.0,44.65931586580478,39.036135936256926
1.0,682.0,46.32377825597756,26.04351279314536

13.0,28.0,271.81255571119783,19.187444288802297
25.0,18.0,14.63376180855244,279.36623819144745
14.452234416573738,146.0337135489755,3.6963177292979843,11.818725290795273
151.5389919745405,12.059391436212817,7.635040386187139,11.12933654693686

270.0,15.0,18.256138063813264,15.743861936186732
14.0,289.0,16.398639429673764,22.601360570326243
11.397174328529779,19.4648706926658,16.322389942917738,168.36858579622904
11.919935343119993,5.508079671659971,158.46203708077866,6.200905607214753

Iteration: ,7500
Error:,0.03691841878576238
Absolute Error:,0.03858594512903923
Transition Probabilities
0.05601659751037343,0.07365145228215766,0.07723590641551262,0.7930960437919563
0.056910569105691054,0.05589430894308943,0.814368636159062,0.07282648579215761
0.8914949032615969,0.0009078359503682249,0.05673223045159376,0.0508650303364411
0.0009056777963151237,0.9047721185188086,0.061150371143649594,0.033171832541226604

0.04761904761904761,0.07867494824016562,0.8145237172349667,0.05918228690581995
0.07042253521126758,0.05030181086519113,0.0481967594903855,0.8310788944331557
0.0686833215400741,0.8364504664677885,0.03309197356636611,0.0617742384257713
0.8248605193448735,0.056847777305231426,0.04119424667484658,0.07709745667504858

0.822680412371134,0.0577319587628866,0.06797723669956814,0.05161039216641125
0.05232558139534884,0.8333333333333334,0.04246673705313325,0.07187434821818459
0.05775119830930158,0.07898884209592455,0.06195134024370158,0.8013086193510722
0.06284154422405477,0.03820126647031174,0.8694445505034475,0.029512638802186016

Transition Gammas
54.0,71.0,74.45541378455418,764.5445862154461
56.0,55.0,801.338737980517,71.66126201948309
982.0,1.0,62.491720479435465,56.02887869312718
1.0,999.0,67.51890285093485,36.626527310474906

23.0,38.0,393.41495542448905,28.58504457551104
35.0,25.0,23.953789466721602,413.04621053327855
21.224650461957633,258.48151168929434,10.226144517962178,19.089592476619373
245.55949521548652,16.923481209019485,12.263453253032008,22.951774390364918

399.0,28.0,32.968959799290545,25.031040200709455
27.0,430.0,21.91283631941676,37.087163680583245
18.339695534671897,25.08400443774359,19.6735089711785,254.4666870720156
17.205595802902973,10.459252046762701,238.0481207728308,8.08036372398869

Iteration: ,10000
Error:,0.03509503742549636
Absolute Error:,0.03580345944351462
Transition Probabilities
0.054770318021201414,0.07243816254416961,0.07011303727282853,0.8026784821618004
0.05407725321888411,0.05493562231759656,0.8252721775363895,0.06571494692712994
0.8891676123615386,0.0007300226702475686,0.05587482716083211,0.05422753780738164
0.0007176192285730371,0.9042002280020267,0.06520732400556646,0.029874828763833704

0.05882352941176469,0.07800511508951405,0.8105302318327504,0.05264112366597079
0.06506024096385545,0.05180722891566267,0.05240656651046887,0.830725963610013
0.06536216141955707,0.8309389114629748,0.03848072327660777,0.06521820384086031
0.8302501751676161,0.054102483581016644,0.04466159516426687,0.0709857460871003

0.8161648177496038,0.061806656101426306,0.06405841851390572,0.057970107635064154
0.052554744525547446,0.8321167883211679,0.04393945335431006,0.07138901379897462
0.05021062548414406,0.0789162615040349,0.05497612328830926,0.8158969897235118
0.0638227049908665,0.04131803190438478,0.8687975883549759,0.026061674749772876

Transition Gammas
62.0,82.0,79.3679581928419,908.6320418071581
63.0,64.0,961.4420868298939,76.55791317010639
1218.0,1.0,76.53848221163267,74.28199152910108
1.0,1260.0,90.86618837573394,41.630474176728576

46.0,61.0,633.834641293211,41.16535870678917
54.0,43.0,43.49745020368915,689.5025497963106
33.432326994688616,425.01993198053333,19.682643530064503,33.358693615072234
396.2488526361368,25.82118942572367,21.31538946940611,33.8789695947429

515.0,39.0,40.42086208227451,36.57913791772548
36.0,570.0,30.098525547702387,48.90147445229761
20.589151011165395,32.360059443121095,22.54327034322428,334.5631760010131
22.823203023291942,14.775460093889462,310.6847907497759,9.31973807794874

Iteration: ,12500
Error:,0.03202820868579765
Absolute Error:,0.031752464250314916
Transition Probabilities
0.05837173579109065,0.06682027649769588,0.06468232557559103,0.8101256621356224
0.057735011102886744,0.05329385640266469,0.828780618901444,0.06019051359300451
0.8890528248620304,0.0006341318294308348,0.05648551973664982,0.053827523571888865
0.0006211882726567091,0.9063136898061386,0.0618814310841115,0.03118369083709316

0.05362182502351833,0.0733772342427093,0.8185985022900291,0.054402438443743234
0.06525735294117647,0.04779411764705882,0.045933784052785566,0.841014745358979
0.06425069292681544,0.8394692916237396,0.03433970314389071,0.061940312305554156
0.8520464345046457,0.05434608460447915,0.03677252345379391,0.05683495743708138

0.8234624145785877,0.06378132118451026,0.05686023114384201,0.05589603309306003
0.05971769815418024,0.8306188925081434,0.04171063154671893,0.0679527777909575
0.050817871150991636,0.0769624932684773,0.048025259655549,0.8241943759249821
0.0575189827404108,0.042979921026636767,0.8767901220238734,0.02271097420907902

Transition Gammas
76.0,87.0,84.2163878994195,1054.78361210058
78.0,72.0,1119.682616135851,81.31738386414911
1402.0,1.0,89.07535801719402,84.88380660564188
1.0,1459.0,99.61783537776058,50.2000636678574

57.0,78.0,870.1702079343011,57.82979206569907
71.0,52.0,49.9759570494307,915.0240429505692
46.60053561168374,608.8606493907574,24.906323750847097,44.92483423768819
577.9765193399445,36.865080994925215,24.944245116789343,38.553381067096154

723.0,56.0,49.923282944293284,49.07671705570671
55.0,765.0,38.41549165452814,62.58450834547185
26.209033431624217,39.69297637560157,24.76875963841228,425.0736495551329
26.26706811157353,19.62754658113163,400.4018283615331,10.371370945873021

Iteration: ,15000
Error:,0.030776667832086345
Absolute Error:,0.028149831742496013
Transition Probabilities
0.05681818181818188,0.06350267379679152,0.056874010012944516,0.822805134372082
0.05728518057285177,0.052926525529265224,0.8367338474722255,0.05305444642565748
0.8888731086359217,0.0005840164971326687,0.05683924237392965,0.053703632493015956
0.0005645174402537643,0.9060504916072917,0.06145646394646039,0.03192852700599414

0.04965089216446858,0.0721489526764934,0.8296820885746253,0.04851806658441262
0.06589147286821705,0.04806201550387596,0.042164149045113924,0.843882362582793
0.06956999929604683,0.8324432539129615,0.03592343101586985,0.06206331577512191
0.8488852048665064,0.05348420365834995,0.042202318193032703,0.05542827328211091

0.8276785714285714,0.05803571428571429,0.05968861415046704,0.05459710013524723
0.05638766519823789,0.8343612334801762,0.03863545064790757,0.07061565067367832
0.045110029861357294,0.07177962991333872,0.04200068278296226,0.8411096574423418
0.062227414885256245,0.047856300062070874,0.8684960168993606,0.021420268153312265

Transition Gammas
85.0,95.0,85.08351897936491,1230.9164810206335
92.0,85.0,1343.794559040395,85.20544095960597
1522.0,1.0,97.32472053955988,91.95567720549565
1.0,1605.0,108.86548326803548,56.55897361052565

64.0,93.0,1069.460212172692,62.53978782730787
85.0,62.0,54.391752268196974,1088.6082477318032
70.99541061465585,849.4990832680536,36.65946185806365,63.33492356111324
797.5406813995714,50.24923038504579,39.64972579962189,52.075713640418755

927.0,65.0,66.85124784852309,61.1487521514769
64.0,947.0,43.85123648537509,80.1487635146249
28.968870890449196,46.09562081680185,26.97210266962428,540.1458865366402
34.77340096442464,26.742655368228988,485.325644450043,11.9698942119658

Iteration: ,17500
Error:,0.03168636707653862
Absolute Error:,0.02674952290135667
Transition Probabilities
0.055113288426209474,0.06491120636864672,0.05237550732793992,0.8275999978772038
0.05736842105263157,0.054736842105263146,0.8405232077907391,0.04737152905136626
0.889689187704041,0.0005221180679014325,0.056276367500193485,0.05351232672786398
0.00046776345071976435,0.903251223339865,0.06440401285104361,0.031877000358371675

0.05023132848645073,0.06741573033707861,0.8406738794386173,0.04167906173785339
0.06322229775662812,0.04758667573079536,0.03991147923707937,0.8492795472754971
0.06813944650199989,0.834538313042311,0.035303687742846764,0.06201855271284233
0.8495875073021346,0.0576354246557651,0.04091603704099548,0.051861031001104806

0.8256285482562855,0.06163828061638281,0.05719345838341756,0.055539712743914144
0.05619707467282526,0.826020015396459,0.03813308073769709,0.07964982919301881
0.04183867626529995,0.06268805048357048,0.04633324862310025,0.8491400246280293
0.06498586043242346,0.04844251461936098,0.8609398134351601,0.02563181151305538

Transition Gammas
90.0,106.0,85.52920346652581,1351.4707965334728
109.0,104.0,1596.9940948024046,90.00590519759592
1704.0,1.0,107.7847539856015,102.49085411456446
1.0,1931.0,137.68500457216751,68.14769368859707

76.0,102.0,1271.9395795906287,63.06042040937222
93.0,70.0,58.709785957743776,1249.2902140422568
75.67238133938328,926.7979813280384,39.206572091612195,68.87481204980298
903.7067124521208,61.30683383262187,43.52241176227371,55.16460803338862

1018.0,76.0,70.51953418675384,68.48046581324614
73.0,1073.0,49.53487187826851,103.46512812173142
41.855957378221106,62.713943254946535,46.35238618128643,849.490754764863
45.822648884673136,34.157650967811364,607.0634830310293,18.07343153457511

Iteration: ,19201
Error:,0.03006681160792507
Absolute Error:,0.025969593741783762
Transition Probabilities
0.054318305268875655,0.06409560021727327,0.04733160185137348,0.8342544926624776
0.056352459016393415,0.056352459016393415,0.8406139017120347,0.04668118025517851
0.8875448727721228,0.0004574973570990324,0.05751906944838254,0.054478560422395676
0.00044419188886589205,0.9039304938420902,0.06404150727112334,0.0315838069979204

0.052083333333333266,0.06801470588235285,0.840523313484057,0.03937864730025691
0.062195121951219505,0.05060975609756097,0.037794860612177655,0.8494002613390419
0.06643902523381738,0.8369046090867588,0.03522893805495371,0.06142742762447005
0.8484803432773095,0.05776699451750891,0.040706380940353705,0.053046281264827966

0.8310269482884195,0.05826656955571741,0.0554424418564023,0.05526404029946076
0.05786350148367953,0.8256676557863503,0.03837350257769445,0.07809534015227584
0.041455904688408075,0.06389701884263414,0.04305316480521879,0.8515939116637391
0.06056740335268783,0.045910108604248295,0.8604289245146671,0.03309356352839672

*,*,*,*,*,*,*,*,*,*,*
Model Num 1
Model States: 
['rose'],['volcano'],"['nothing', 'b', 'rose']","['nothing', 'b', 'volcano']"
Iteration: ,19201
Error:,0.03110958465820986
Absolute Error:,0.025969593741783762
Transition Probabilities
0.054318305268875655,0.06409560021727327,0.04733160185137348,0.8342544926624776
0.056352459016393415,0.056352459016393415,0.8406139017120347,0.04668118025517851
0.8875448727721228,0.0004574973570990324,0.05751906944838254,0.054478560422395676
0.00044419188886589205,0.9039304938420902,0.06404150727112334,0.0315838069979204

0.052083333333333266,0.06801470588235285,0.840523313484057,0.03937864730025691
0.062195121951219505,0.05060975609756097,0.037794860612177655,0.8494002613390419
0.06643902523381738,0.8369046090867588,0.03522893805495371,0.06142742762447005
0.8484803432773095,0.05776699451750891,0.040706380940353705,0.053046281264827966

0.8310269482884195,0.05826656955571741,0.0554424418564023,0.05526404029946076
0.05786350148367953,0.8256676557863503,0.03837350257769445,0.07809534015227584
0.041455904688408075,0.06389701884263414,0.04305316480521879,0.8515939116637391
0.06056740335268783,0.045910108604248295,0.8604289245146671,0.03309356352839672

Transition Gammas
100.0,118.0,87.1374790083785,1535.86252099162
110.0,110.0,1640.8783361418923,91.1216638581085
1940.0,1.0,125.72546825867596,119.07950849780089
1.0,2035.0,144.17531899250505,71.10397058028227

85.0,111.0,1371.7340476059826,64.26595239401937
102.0,83.0,61.98357140397137,1393.0164285960288
77.65284571659873,978.1604149099653,41.17500643505082,71.79537242311281
945.4083429181995,64.36613292797695,45.35656300812967,59.106138717185395

1141.0,80.0,76.12247266884036,75.87752733115963
78.0,1113.0,51.727481474732116,105.27251852526783
46.00388318276082,70.90693141682073,47.77637297350442,945.0192228535199
60.57514848992098,45.915979420427384,860.5389530074016,33.09779541183357

