0,1,2,3,4,5,6,7,8,9,10,11,12,13,14,15,16,17,18,19,20,21,22,23,24,25,26,27,28,29
github Code Version (SHA):,528ca1c557fe8e6666681dc5c9134b0f84d30530
Environment Observations,Environment Actions,alpha,epsilon,numActions,explore,patience,gainThresh,insertRandActions,useUpdatedPosterior,revisedSplitting,haveControl,confidence_factor
"['square', 'diamond']","['x', 'y']",0.85,0.99,75000,0.5,0,0.01,False,True,False,True,250

Model Num 0
Model States: 
['square'],['diamond']
Iteration: ,0
Error:,0.4978186850494248
Absolute Error:,1
Transition Probabilities
0.5,0.5
0.5,0.5

0.5,0.5
0.5,0.5

Transition Gammas
1.0,1.0
1.0,1.0

1.0,1.0
1.0,1.0

Iteration: ,1671
Error:,0.1832507405414679
Absolute Error:,1
Transition Probabilities
0.8812709030100334,0.11872909698996656
0.8816067653276956,0.11839323467230443

0.238,0.762
0.330188679245283,0.6698113207547169


Model Num 1
Model States: 
['diamond'],"['square', 'x', 'square']","['square', 'x', 'diamond']"
Iteration: ,0
Error:,0.43152073592114404
Absolute Error:,1
Transition Probabilities
0.3333333333333333,0.3333333333333333,0.3333333333333333
0.3333333333333333,0.3333333333333333,0.3333333333333333
0.3333333333333333,0.3333333333333333,0.3333333333333333

0.3333333333333333,0.3333333333333333,0.3333333333333333
0.3333333333333333,0.3333333333333333,0.3333333333333333
0.3333333333333333,0.3333333333333333,0.3333333333333333

Transition Gammas
1.0,1.0,1.0
1.0,1.0,1.0
1.0,1.0,1.0

1.0,1.0,1.0
1.0,1.0,1.0
1.0,1.0,1.0

Iteration: ,2500
Error:,0.1854353653785725
Absolute Error:,1
Transition Probabilities
0.11742424242424243,0.8283708442427652,0.054204913332992294
0.0009708737864077667,0.9123126196071958,0.08671650660639645
0.9841269841269841,0.007936507936507936,0.007936507936507936

0.6398467432950191,0.33899232473625895,0.02116093196872194
0.807910013855476,0.18717490468862352,0.004915081455900521
0.3333333333333333,0.3333333333333333,0.3333333333333333

Transition Gammas
62.0,437.37980576018003,28.62019423981993
1.0,939.6819981954119,89.31800180458836
124.0,1.0,1.0

167.0,88.47699675616359,5.523003243836427
415.34263256561474,96.22571366901988,2.5268196162417453
1.0,1.0,1.0

Iteration: ,4638
Error:,0.20774778412223535
Absolute Error:,1
Transition Probabilities
0.110718492343934,0.8360677219963273,0.05321378565973866
0.0006854009595613433,0.9235959357082132,0.07571866333222552
0.9891891891891892,0.005405405405405406,0.005405405405405406

0.5872170439414115,0.3824351293250635,0.03034782673352498
0.6614227794663786,0.33529021798463926,0.0032870025489821525
0.3333333333333333,0.3333333333333333,0.3333333333333333


Model Num 2
Model States: 
['diamond'],"['square', 'x', 'diamond']","['square', 'y', 'diamond']","['square', 'y', 'square', 'x', 'square']"
Iteration: ,0
Error:,0.4055759541800694
Absolute Error:,1
Transition Probabilities
0.25,0.25,0.25,0.25
0.25,0.25,0.25,0.25
0.25,0.25,0.25,0.25
0.25,0.25,0.25,0.25

0.25,0.25,0.25,0.25
0.25,0.25,0.25,0.25
0.25,0.25,0.25,0.25
0.25,0.25,0.25,0.25

Transition Gammas
1.0,1.0,1.0,1.0
1.0,1.0,1.0,1.0
1.0,1.0,1.0,1.0
1.0,1.0,1.0,1.0

1.0,1.0,1.0,1.0
1.0,1.0,1.0,1.0
1.0,1.0,1.0,1.0
1.0,1.0,1.0,1.0

Iteration: ,2500
Error:,0.2339403032152375
Absolute Error:,1
Transition Probabilities
0.12649800266311584,0.33288948069241014,0.4447403462050599,0.09587217043941411
0.11077389984825493,0.3596358118361153,0.4339908952959029,0.09559939301972686
0.25,0.25,0.25,0.25
0.25,0.25,0.25,0.25

0.6192660550458715,0.1926605504587156,0.03211009174311927,0.1559633027522936
0.25,0.25,0.25,0.25
0.9954819277108434,0.0015060240963855422,0.0015060240963855422,0.0015060240963855422
0.004464285714285714,0.5803571428571429,0.16517857142857142,0.25

Transition Gammas
95.0,250.0,334.0,72.0
73.0,237.0,286.0,63.0
1.0,1.0,1.0,1.0
1.0,1.0,1.0,1.0

135.0,42.0,7.0,34.0
1.0,1.0,1.0,1.0
661.0,1.0,1.0,1.0
1.0,130.0,37.0,56.0

Iteration: ,5000
Error:,0.22909428784983793
Absolute Error:,1
Transition Probabilities
0.11968503937007874,0.3401574803149606,0.4464566929133858,0.09370078740157481
0.10430839002267574,0.35978835978835977,0.4467120181405896,0.08919123204837491
0.25,0.25,0.25,0.25
0.25,0.25,0.25,0.25

0.5924812030075188,0.18796992481203006,0.039097744360902256,0.18045112781954886
0.25,0.25,0.25,0.25
0.9976,0.0008,0.0008,0.0008
0.001968503937007874,0.5708661417322834,0.12992125984251968,0.297244094488189

Transition Gammas
152.0,432.0,567.0,119.0
138.0,476.0,591.0,118.0
1.0,1.0,1.0,1.0
1.0,1.0,1.0,1.0

394.0,125.0,26.0,120.0
1.0,1.0,1.0,1.0
1247.0,1.0,1.0,1.0
1.0,290.0,66.0,151.0

Iteration: ,7500
Error:,0.22562779724059281
Absolute Error:,1
Transition Probabilities
0.11784511784511785,0.3451178451178451,0.45173961840628507,0.08529741863075196
0.09753645047762695,0.3559577677224736,0.461035696329814,0.08547008547008547
0.25,0.25,0.25,0.25
0.25,0.25,0.25,0.25

0.5699115044247788,0.19557522123893806,0.04424778761061947,0.1902654867256637
0.25,0.25,0.25,0.25
0.998389694041868,0.0005367686527106817,0.0005367686527106817,0.0005367686527106817
0.0013297872340425532,0.5917553191489362,0.12101063829787234,0.2859042553191489

Transition Gammas
210.0,615.0,805.0,152.0
194.0,708.0,917.0,170.0
1.0,1.0,1.0,1.0
1.0,1.0,1.0,1.0

644.0,221.0,50.0,215.0
1.0,1.0,1.0,1.0
1860.0,1.0,1.0,1.0
1.0,445.0,91.0,215.0

Iteration: ,10000
Error:,0.2235747642730691
Absolute Error:,1
Transition Probabilities
0.11488143908421913,0.330335241210139,0.4717906786590352,0.08299264104660671
0.0959968907889623,0.344733773804897,0.47104547221142634,0.08822386319471434
0.25,0.25,0.25,0.25
0.25,0.25,0.25,0.25

0.567530695770805,0.18963165075034105,0.049795361527967257,0.19304229195088676
0.25,0.25,0.25,0.25
0.9988235294117647,0.000392156862745098,0.000392156862745098,0.000392156862745098
0.0010193679918450561,0.6126401630988787,0.11314984709480122,0.273190621814475

Transition Gammas
281.0,808.0,1154.0,203.0
247.0,887.0,1212.0,227.0
1.0,1.0,1.0,1.0
1.0,1.0,1.0,1.0

832.0,278.0,73.0,283.0
1.0,1.0,1.0,1.0
2547.0,1.0,1.0,1.0
1.0,601.0,111.0,268.0

Iteration: ,12500
Error:,0.22131229559937288
Absolute Error:,1
Transition Probabilities
0.11220597584233948,0.3137317228226319,0.48855689764780674,0.08550540368722187
0.09686793671294801,0.3361317403939296,0.4746528898934453,0.09234743299967711
0.25,0.25,0.25,0.25
0.25,0.25,0.25,0.25

0.5769230769230769,0.17279821627647715,0.054626532887402456,0.1956521739130435
0.25,0.25,0.25,0.25
0.9990772070132267,0.00030759766225776686,0.00030759766225776686,0.00030759766225776686
0.0008143322475570033,0.6180781758957655,0.11889250814332247,0.26221498371335505

Transition Gammas
353.0,987.0,1537.0,269.0
300.0,1041.0,1470.0,286.0
1.0,1.0,1.0,1.0
1.0,1.0,1.0,1.0

1035.0,310.0,98.0,351.0
1.0,1.0,1.0,1.0
3248.0,1.0,1.0,1.0
1.0,759.0,146.0,322.0

Iteration: ,15000
Error:,0.22429633355761938
Absolute Error:,1
Transition Probabilities
0.11081932773109243,0.3132878151260504,0.4881827731092437,0.08771008403361344
0.09706362153344208,0.3276237085372485,0.4831430125067972,0.09216965742251224
0.25,0.25,0.25,0.25
0.25,0.25,0.25,0.25

0.575387505871301,0.17050258337247534,0.05636449037106623,0.19774542038515736
0.25,0.25,0.25,0.25
0.999236835410837,0.0002543881963876876,0.0002543881963876876,0.0002543881963876876
0.0006802721088435374,0.6238095238095238,0.11904761904761904,0.2564625850340136

Transition Gammas
422.0,1193.0,1859.0,334.0
357.0,1205.0,1777.0,339.0
1.0,1.0,1.0,1.0
1.0,1.0,1.0,1.0

1225.0,363.0,120.0,421.0
1.0,1.0,1.0,1.0
3928.0,1.0,1.0,1.0
1.0,917.0,175.0,377.0

Iteration: ,17500
Error:,0.22008686644318282
Absolute Error:,1
Transition Probabilities
0.11059085841694537,0.30992196209587514,0.4889632107023411,0.09052396878483834
0.09809456598447425,0.3201599623617972,0.4890613973182781,0.09268407433545048
0.25,0.25,0.25,0.25
0.25,0.25,0.25,0.25

0.5808553971486762,0.16578411405295315,0.053767820773930754,0.19959266802443992
0.25,0.25,0.25,0.25
0.9993478260869565,0.0002173913043478261,0.0002173913043478261,0.0002173913043478261
0.0005797101449275362,0.6336231884057971,0.1136231884057971,0.25217391304347825

Transition Gammas
496.0,1390.0,2193.0,406.0
417.0,1361.0,2079.0,394.0
1.0,1.0,1.0,1.0
1.0,1.0,1.0,1.0

1426.0,407.0,132.0,490.0
1.0,1.0,1.0,1.0
4597.0,1.0,1.0,1.0
1.0,1093.0,196.0,435.0

Iteration: ,20000
Error:,0.22197823650822565
Absolute Error:,1
Transition Probabilities
0.11039594304661596,0.30875755802613614,0.4870294519212015,0.09381704700604641
0.0994031693764149,0.318378267133155,0.4912533443095287,0.09096521918090142
0.25,0.25,0.25,0.25
0.25,0.25,0.25,0.25

0.5834823024669289,0.164461923489453,0.051126206649982124,0.20092956739363604
0.25,0.25,0.25,0.25
0.9994276993513926,0.00019076688286913393,0.00019076688286913393,0.00019076688286913393
0.0005022601707684581,0.6373681567051733,0.10798593671521849,0.2541436464088398

Transition Gammas
566.0,1583.0,2497.0,481.0
483.0,1547.0,2387.0,442.0
1.0,1.0,1.0,1.0
1.0,1.0,1.0,1.0

1632.0,460.0,143.0,562.0
1.0,1.0,1.0,1.0
5239.0,1.0,1.0,1.0
1.0,1269.0,215.0,506.0

Iteration: ,22500
Error:,0.22366063031886102
Absolute Error:,1
Transition Probabilities
0.10912560721721028,0.30811936155447606,0.4873351839000694,0.09541984732824428
0.09934258582907232,0.3181154127100073,0.49050401753104456,0.09203798392987582
0.25,0.25,0.25,0.25
0.25,0.25,0.25,0.25

0.5820224719101124,0.16179775280898875,0.051685393258426963,0.20449438202247192
0.25,0.25,0.25,0.25
0.9994907485995587,0.00016975046681378373,0.00016975046681378373,0.00016975046681378373
0.0004405286343612335,0.6409691629955947,0.10352422907488987,0.2550660792951542

Transition Gammas
629.0,1776.0,2809.0,550.0
544.0,1742.0,2686.0,504.0
1.0,1.0,1.0,1.0
1.0,1.0,1.0,1.0

1813.0,504.0,161.0,637.0
1.0,1.0,1.0,1.0
5888.0,1.0,1.0,1.0
1.0,1455.0,235.0,579.0

Iteration: ,25000
Error:,0.22163299511814727
Absolute Error:,1
Transition Probabilities
0.10935296882343726,0.30925896913676953,0.48597838007206645,0.09540968196772677
0.10034263338228096,0.3210964268232991,0.48604992657856094,0.09251101321585903
0.25,0.25,0.25,0.25
0.25,0.25,0.25,0.25

0.5830920671685003,0.16097278517660682,0.05037637521713955,0.20555877243775333
0.25,0.25,0.25,0.25
0.9995390997080965,0.00015363343063450608,0.00015363343063450608,0.00015363343063450608
0.0003935458480913026,0.6418732782369146,0.09996064541519087,0.25777253049980325

Transition Gammas
698.0,1974.0,3102.0,609.0
615.0,1968.0,2979.0,567.0
1.0,1.0,1.0,1.0
1.0,1.0,1.0,1.0

2014.0,556.0,174.0,710.0
1.0,1.0,1.0,1.0
6506.0,1.0,1.0,1.0
1.0,1631.0,254.0,655.0

Iteration: ,27500
Error:,0.22158333536165678
Absolute Error:,1
Transition Probabilities
0.10858765081618169,0.3098651525904897,0.4867281760113556,0.09481902058197303
0.10056530794406426,0.3186551621541208,0.4880987801249628,0.09268074977685213
0.25,0.25,0.25,0.25
0.25,0.25,0.25,0.25

0.5835536753040719,0.15838180856689582,0.05156002115282919,0.20650449497620307
0.25,0.25,0.25,0.25
0.9995819980493242,0.00013933398355858994,0.00013933398355858994,0.00013933398355858994
0.00035842293906810036,0.6444444444444445,0.0974910394265233,0.2577060931899642

Transition Gammas
765.0,2183.0,3429.0,668.0
676.0,2142.0,3281.0,623.0
1.0,1.0,1.0,1.0
1.0,1.0,1.0,1.0

2207.0,599.0,195.0,781.0
1.0,1.0,1.0,1.0
7174.0,1.0,1.0,1.0
1.0,1798.0,272.0,719.0

Iteration: ,30000
Error:,0.22099085859120074
Absolute Error:,1
Transition Probabilities
0.10660621761658032,0.3086787564766839,0.4896373056994819,0.09507772020725389
0.10298548342919749,0.3171733771569433,0.4869898657901945,0.09285127362366474
0.25,0.25,0.25,0.25
0.25,0.25,0.25,0.25

0.583881178475773,0.1565619673727782,0.05137570002434867,0.20818115412710006
0.25,0.25,0.25,0.25
0.99961798038966,0.00012733987011333248,0.00012733987011333248,0.00012733987011333248
0.0003295978905735003,0.6460118655240606,0.1008569545154911,0.25280158206987474

Transition Gammas
823.0,2383.0,3780.0,734.0
752.0,2316.0,3556.0,678.0
1.0,1.0,1.0,1.0
1.0,1.0,1.0,1.0

2398.0,643.0,211.0,855.0
1.0,1.0,1.0,1.0
7850.0,1.0,1.0,1.0
1.0,1960.0,306.0,767.0

Iteration: ,32500
Error:,0.2199330717723016
Absolute Error:,1
Transition Probabilities
0.10473133618640038,0.30634807417974325,0.49560152163575844,0.09331906799809796
0.10169275805014637,0.31704212803869164,0.48886343388061604,0.09240168003054601
0.25,0.25,0.25,0.25
0.25,0.25,0.25,0.25

0.585701398285972,0.15358592692828146,0.05119530897609382,0.2095173658096527
0.25,0.25,0.25,0.25
0.9996498190731878,0.0001167269756040621,0.0001167269756040621,0.0001167269756040621
0.00030807147258163895,0.6497227356746765,0.10166358595194085,0.24830560690080097

Transition Gammas
881.0,2577.0,4169.0,785.0
799.0,2491.0,3841.0,726.0
1.0,1.0,1.0,1.0
1.0,1.0,1.0,1.0

2597.0,681.0,227.0,929.0
1.0,1.0,1.0,1.0
8564.0,1.0,1.0,1.0
1.0,2109.0,330.0,806.0

Iteration: ,35000
Error:,0.2206155765142064
Absolute Error:,1
Transition Probabilities
0.10615946035607653,0.3057613623797412,0.49463673559659405,0.0934424416675882
0.10217339948027404,0.3172690763052209,0.4884242853768013,0.09213323883770376
0.25,0.25,0.25,0.25
0.25,0.25,0.25,0.25

0.5852130325814536,0.15288220551378445,0.05116959064327485,0.21073517126148705
0.25,0.25,0.25,0.25
0.9996740193415191,0.00010866021949364337,0.00010866021949364337,0.00010866021949364337
0.0002844141069397042,0.6493174061433447,0.09954493742889647,0.2508532423208191

Transition Gammas
960.0,2765.0,4473.0,845.0
865.0,2686.0,4135.0,780.0
1.0,1.0,1.0,1.0
1.0,1.0,1.0,1.0

2802.0,732.0,245.0,1009.0
1.0,1.0,1.0,1.0
9200.0,1.0,1.0,1.0
1.0,2283.0,350.0,882.0

Iteration: ,37500
Error:,0.22302129095355877
Absolute Error:,1
Transition Probabilities
0.10789365210222589,0.30420445177246497,0.49443528441879636,0.09346661170651278
0.10311327003753588,0.31728858467652904,0.48896003532788695,0.09063810995804814
0.25,0.25,0.25,0.25
0.25,0.25,0.25,0.25

0.5847919097627382,0.1530532866588876,0.050952936600544535,0.21120186697782964
0.25,0.25,0.25,0.25
0.9996956168831169,0.00010146103896103897,0.00010146103896103897,0.00010146103896103897
0.00026624068157614486,0.6509584664536742,0.0979765708200213,0.2507987220447284

Transition Gammas
1047.0,2952.0,4798.0,907.0
934.0,2874.0,4429.0,821.0
1.0,1.0,1.0,1.0
1.0,1.0,1.0,1.0

3007.0,787.0,262.0,1086.0
1.0,1.0,1.0,1.0
9853.0,1.0,1.0,1.0
1.0,2445.0,368.0,942.0

Iteration: ,40000
Error:,0.2219867401535907
Absolute Error:,1
Transition Probabilities
0.10652257815515245,0.3053840216132767,0.4941142416055577,0.09397915862601312
0.1043631464400456,0.31474764224271945,0.4897916882578506,0.09109752305938439
0.25,0.25,0.25,0.25
0.25,0.25,0.25,0.25

0.5844773933736043,0.15321252059308071,0.051436939410580265,0.21087314662273476
0.25,0.25,0.25,0.25
0.9997148831020718,9.503896597605019e-05,9.503896597605019e-05,9.503896597605019e-05
0.00024888003982080636,0.6495769039323046,0.09805873568939771,0.25211548033847686

Transition Gammas
1104.0,3165.0,5121.0,974.0
1007.0,3037.0,4726.0,879.0
1.0,1.0,1.0,1.0
1.0,1.0,1.0,1.0

3193.0,837.0,281.0,1152.0
1.0,1.0,1.0,1.0
10519.0,1.0,1.0,1.0
1.0,2610.0,394.0,1013.0

Iteration: ,42500
Error:,0.22569428043380035
Absolute Error:,1
Transition Probabilities
0.10529662941764331,0.30553284273644044,0.4952303079858272,0.09394021986008903
0.10476097750949274,0.3146723785415247,0.4889494693798072,0.09161717456917534
0.25,0.25,0.25,0.25
0.25,0.25,0.25,0.25

0.5834053586862575,0.15350043215211753,0.052031114952463264,0.2110630942091616
0.25,0.25,0.25,0.25
0.9997316636851521,8.944543828264758e-05,8.944543828264758e-05,8.944543828264758e-05
0.0002340276152586005,0.6524689913409782,0.09524923941025042,0.25204774163351273

Transition Gammas
1159.0,3363.0,5451.0,1034.0
1076.0,3232.0,5022.0,941.0
1.0,1.0,1.0,1.0
1.0,1.0,1.0,1.0

3375.0,888.0,301.0,1221.0
1.0,1.0,1.0,1.0
11177.0,1.0,1.0,1.0
1.0,2788.0,407.0,1077.0

Iteration: ,45000
Error:,0.21857167185940385
Absolute Error:,1
Transition Probabilities
0.10463224591146503,0.3056768558951965,0.4964466135799298,0.09324428461340868
0.10543307812932386,0.3130707499308182,0.48989945576976296,0.09159671617009502
0.25,0.25,0.25,0.25
0.25,0.25,0.25,0.25

0.5837422309453713,0.15129211645403992,0.05282957147530258,0.21213608112528623
0.25,0.25,0.25,0.25
0.9997470062405127,8.433125316242199e-05,8.433125316242199e-05,8.433125316242199e-05
0.00022104332449160034,0.6525198938992043,0.09416445623342175,0.2530946065428824

Transition Gammas
1222.0,3570.0,5798.0,1089.0
1143.0,3394.0,5311.0,993.0
1.0,1.0,1.0,1.0
1.0,1.0,1.0,1.0

3569.0,925.0,323.0,1297.0
1.0,1.0,1.0,1.0
11855.0,1.0,1.0,1.0
1.0,2952.0,426.0,1145.0

Iteration: ,47500
Error:,0.22217478424791678
Absolute Error:,1
Transition Probabilities
0.10422899652300477,0.30654160265221964,0.49672515565618175,0.09250424516859383
0.10573304157549235,0.3123851203501094,0.489890590809628,0.09199124726477025
0.25,0.25,0.25,0.25
0.25,0.25,0.25,0.25

0.5855212055305267,0.15115737144632593,0.0529749883486096,0.21034643467453784
0.25,0.25,0.25,0.25
0.9997606892150607,7.97702616464582e-05,7.97702616464582e-05,7.97702616464582e-05
0.00021048200378867606,0.651020837718375,0.09576931172384762,0.25299936855398863

Transition Gammas
1289.0,3791.0,6143.0,1144.0
1208.0,3569.0,5597.0,1051.0
1.0,1.0,1.0,1.0
1.0,1.0,1.0,1.0

3769.0,973.0,341.0,1354.0
1.0,1.0,1.0,1.0
12533.0,1.0,1.0,1.0
1.0,3093.0,455.0,1202.0

Iteration: ,50000
Error:,0.21930911004467477
Absolute Error:,1
Transition Probabilities
0.10460829493087558,0.306605222734255,0.4963133640552995,0.09247311827956989
0.10668551471811076,0.31149176783635457,0.4902710793281224,0.09155163811741228
0.25,0.25,0.25,0.25
0.25,0.25,0.25,0.25

0.5851173778237118,0.15104089768197254,0.052413996751808654,0.211427727742507
0.25,0.25,0.25,0.25
0.9997724341955548,7.58552681483729e-05,7.58552681483729e-05,7.58552681483729e-05
0.00019944156362185878,0.6513761467889908,0.09373753490227363,0.2546868767451137

Transition Gammas
1362.0,3992.0,6462.0,1204.0
1283.0,3746.0,5896.0,1101.0
1.0,1.0,1.0,1.0
1.0,1.0,1.0,1.0

3963.0,1023.0,355.0,1432.0
1.0,1.0,1.0,1.0
13180.0,1.0,1.0,1.0
1.0,3266.0,470.0,1277.0

Iteration: ,52500
Error:,0.21902676698936652
Absolute Error:,1
Transition Probabilities
0.10437513695128187,0.30604046453874806,0.49733401504638086,0.09225038346358921
0.10749522597071928,0.3088001273074475,0.4918045830681095,0.09190006365372375
0.25,0.25,0.25,0.25
0.25,0.25,0.25,0.25

0.5853213584058378,0.1504350266629245,0.05318551782206006,0.21105809710917767
0.25,0.25,0.25,0.25
0.9997836278398846,7.21240533717995e-05,7.21240533717995e-05,7.21240533717995e-05
0.00018989745537409798,0.6503987846562856,0.09418913786555261,0.2552221800227877

Transition Gammas
1429.0,4190.0,6809.0,1263.0
1351.0,3881.0,6181.0,1155.0
1.0,1.0,1.0,1.0
1.0,1.0,1.0,1.0

4171.0,1072.0,379.0,1504.0
1.0,1.0,1.0,1.0
13862.0,1.0,1.0,1.0
1.0,3425.0,496.0,1344.0

Iteration: ,55000
Error:,0.21959971322664304
Absolute Error:,1
Transition Probabilities
0.10462524380050153,0.3052382279186403,0.49791028141543603,0.09222624686542212
0.10622766329556688,0.3094061288114972,0.4915215572960231,0.09284465059691278
0.25,0.25,0.25,0.25
0.25,0.25,0.25,0.25

0.5858043740775527,0.14933583791761706,0.05434053401314907,0.2105192539916812
0.25,0.25,0.25,0.25
0.9997937010039885,6.876633200385091e-05,6.876633200385091e-05,6.876633200385091e-05
0.00018135654697134566,0.6507072905331882,0.09521218715995647,0.2538991657598839

Transition Gammas
1502.0,4382.0,7148.0,1324.0
1397.0,4069.0,6464.0,1221.0
1.0,1.0,1.0,1.0
1.0,1.0,1.0,1.0

4366.0,1113.0,405.0,1569.0
1.0,1.0,1.0,1.0
14539.0,1.0,1.0,1.0
1.0,3588.0,525.0,1400.0

Iteration: ,57500
Error:,0.22140941873557923
Absolute Error:,1
Transition Probabilities
0.10478723404255319,0.3057845744680851,0.4976728723404255,0.09175531914893617
0.1068568932886883,0.30943368758188966,0.4922841752802446,0.09142524384917747
0.25,0.25,0.25,0.25
0.25,0.25,0.25,0.25

0.5857858887032515,0.14792443130702995,0.054620228762369875,0.21166945122734868
0.25,0.25,0.25,0.25
0.999802865028256,6.57116572479958e-05,6.57116572479958e-05,6.57116572479958e-05
0.00017424638438752395,0.651158738456177,0.09496427949120055,0.25370273566823487

Transition Gammas
1576.0,4599.0,7485.0,1380.0
1468.0,4251.0,6763.0,1256.0
1.0,1.0,1.0,1.0
1.0,1.0,1.0,1.0

4558.0,1151.0,425.0,1647.0
1.0,1.0,1.0,1.0
15215.0,1.0,1.0,1.0
1.0,3737.0,545.0,1456.0

Iteration: ,60000
Error:,0.22247782122741314
Absolute Error:,1
Transition Probabilities
0.10546750684233976,0.3056457259245115,0.4971039399147094,0.09178282731843931
0.10727755273082833,0.30933091213856684,0.4925967313870652,0.0907948037435396
0.25,0.25,0.25,0.25
0.25,0.25,0.25,0.25

0.5847708230655495,0.14699359290290784,0.055692459339576145,0.21254312469196648
0.25,0.25,0.25,0.25
0.9998111663624347,6.294454585510165e-05,6.294454585510165e-05,6.294454585510165e-05
0.00016711229946524063,0.6507352941176471,0.09558823529411764,0.25350935828877

Transition Gammas
1657.0,4802.0,7810.0,1442.0
1536.0,4429.0,7053.0,1300.0
1.0,1.0,1.0,1.0
1.0,1.0,1.0,1.0

4746.0,1193.0,452.0,1725.0
1.0,1.0,1.0,1.0
15884.0,1.0,1.0,1.0
1.0,3894.0,572.0,1517.0

Iteration: ,62500
Error:,0.21844476807077567
Absolute Error:,1
Transition Probabilities
0.10620495908147062,0.3051178697935752,0.4965799438133626,0.09209722731159155
0.10739696603570949,0.30822929252248626,0.4934219358303128,0.09095180561149148
0.25,0.25,0.25,0.25
0.25,0.25,0.25,0.25

0.5843402037431888,0.14617389244254916,0.05531864487088368,0.21416725894337835
0.25,0.25,0.25,0.25
0.9998186434530286,6.045218232378189e-05,6.045218232378189e-05,6.045218232378189e-05
0.0001597444089456869,0.6511182108626198,0.09488817891373802,0.25383386581469647

Transition Gammas
1739.0,4996.0,8131.0,1508.0
1600.0,4592.0,7351.0,1355.0
1.0,1.0,1.0,1.0
1.0,1.0,1.0,1.0

4933.0,1234.0,467.0,1808.0
1.0,1.0,1.0,1.0
16539.0,1.0,1.0,1.0
1.0,4076.0,594.0,1589.0

Iteration: ,65000
Error:,0.22271088001607595
Absolute Error:,1
Transition Probabilities
0.10684111710865994,0.3044473128373621,0.49712508800751,0.09158648204646797
0.10708976927551218,0.30795579396367867,0.49376332967103986,0.09119110708976927
0.25,0.25,0.25,0.25
0.25,0.25,0.25,0.25

0.5839316239316239,0.14507122507122508,0.055726495726495726,0.21527065527065528
0.25,0.25,0.25,0.25
0.9998257333720593,5.808887598024978e-05,5.808887598024978e-05,5.808887598024978e-05
0.00015363343063450608,0.6524811799047473,0.09417729297895222,0.253187893685666

Transition Gammas
1821.0,5189.0,8473.0,1561.0
1657.0,4765.0,7640.0,1411.0
1.0,1.0,1.0,1.0
1.0,1.0,1.0,1.0

5124.0,1273.0,489.0,1889.0
1.0,1.0,1.0,1.0
17212.0,1.0,1.0,1.0
1.0,4247.0,613.0,1648.0

Iteration: ,67500
Error:,0.22072054428625848
Absolute Error:,1
Transition Probabilities
0.10661101083032491,0.30415162454873645,0.49774368231046934,0.09149368231046931
0.10712062741192581,0.3076683679820739,0.49427362131208763,0.09093738329391261
0.25,0.25,0.25,0.25
0.25,0.25,0.25,0.25

0.5835715856608753,0.14603034968110842,0.0555311194193974,0.21486694523861888
0.25,0.25,0.25,0.25
0.9998324209585521,5.585968048262764e-05,5.585968048262764e-05,5.585968048262764e-05
0.0001486767766874814,0.6546238477549807,0.09411239964317573,0.25111507582515613

Transition Gammas
1890.0,5392.0,8824.0,1622.0
1721.0,4943.0,7941.0,1461.0
1.0,1.0,1.0,1.0
1.0,1.0,1.0,1.0

5307.0,1328.0,505.0,1954.0
1.0,1.0,1.0,1.0
17899.0,1.0,1.0,1.0
1.0,4403.0,633.0,1689.0

Iteration: ,70000
Error:,0.22171751994960065
Absolute Error:,1
Transition Probabilities
0.10668261649719972,0.303083029742809,0.49855907780979825,0.09167527595019304
0.10718145790801009,0.30809415155518194,0.4938753452623994,0.09084904527440855
0.25,0.25,0.25,0.25
0.25,0.25,0.25,0.25

0.5838548849050599,0.14511509494006578,0.05526678688872388,0.2157632332661504
0.25,0.25,0.25,0.25
0.9998384143057202,5.386189809328881e-05,5.386189809328881e-05,5.386189809328881e-05
0.00014330753797649757,0.6564918314703353,0.09329320722269992,0.25007165376898827

Transition Gammas
1962.0,5574.0,9169.0,1686.0
1785.0,5131.0,8225.0,1513.0
1.0,1.0,1.0,1.0
1.0,1.0,1.0,1.0

5504.0,1368.0,521.0,2034.0
1.0,1.0,1.0,1.0
18563.0,1.0,1.0,1.0
1.0,4581.0,651.0,1745.0

Iteration: ,72500
Error:,0.22321461643477455
Absolute Error:,1
Transition Probabilities
0.1071260028315243,0.3022914372607624,0.49955429710030935,0.0910282628074039
0.10702866112435323,0.30730771466775186,0.49502935875821175,0.09063426544968316
0.25,0.25,0.25,0.25
0.25,0.25,0.25,0.25

0.5842616249361268,0.14532447623914155,0.05559529892692897,0.21481859989780275
0.25,0.25,0.25,0.25
0.9998441801277723,5.1939957409234925e-05,5.1939957409234925e-05,5.1939957409234925e-05
0.00013877324451845685,0.6561199000832639,0.09270052733832918,0.25104079933388845

Transition Gammas
2043.0,5765.0,9527.0,1736.0
1841.0,5286.0,8515.0,1559.0
1.0,1.0,1.0,1.0
1.0,1.0,1.0,1.0

5717.0,1422.0,544.0,2102.0
1.0,1.0,1.0,1.0
19250.0,1.0,1.0,1.0
1.0,4728.0,668.0,1809.0

Iteration: ,74999
Error:,0.22164461772621522
Absolute Error:,1
Transition Probabilities
0.10693832040950788,0.3025188789214941,0.4996705691551366,0.09087223151386144
0.10766464374016634,0.3070352888289503,0.4946617217352214,0.09063834569566194
0.25,0.25,0.25,0.25
0.25,0.25,0.25,0.25

0.584518167456556,0.14593206951026857,0.055489731437598735,0.21406003159557663
0.25,0.25,0.25,0.25
0.9998493295163478,5.022349455075084e-05,5.022349455075084e-05,5.022349455075084e-05
0.00013424620754463686,0.6557927238555511,0.09236139079071017,0.2517116391461941

Transition Gammas
2110.0,5969.0,9859.0,1793.0
1916.0,5464.0,8803.0,1613.0
1.0,1.0,1.0,1.0
1.0,1.0,1.0,1.0

5920.0,1478.0,562.0,2168.0
1.0,1.0,1.0,1.0
19908.0,1.0,1.0,1.0
1.0,4885.0,688.0,1875.0

*,*,*,*,*,*,*,*,*,*,*
Model Num 1
Model States: 
['diamond'],"['square', 'x', 'square']","['square', 'x', 'diamond']"
Iteration: ,74999
Error:,0.20634713362072507
Absolute Error:,1
Transition Probabilities
0.110718492343934,0.8360677219963273,0.05321378565973866
0.0006854009595613433,0.9235959357082132,0.07571866333222552
0.9891891891891892,0.005405405405405406,0.005405405405405406

0.5872170439414115,0.3824351293250635,0.03034782673352498
0.6614227794663786,0.33529021798463926,0.0032870025489821525
0.3333333333333333,0.3333333333333333,0.3333333333333333

Transition Gammas
94.0,709.8214959748822,45.17850402511814
1.0,1347.5264701982833,110.47352980171705
183.0,1.0,1.0

441.0,287.20878212312266,22.79121787687726
845.5801374826542,428.6437622374812,4.202189814987234
1.0,1.0,1.0

