0,1,2,3,4,5,6,7,8,9,10,11,12,13,14,15,16,17,18,19,20,21,22,23,24,25,26,27,28,29
github Code Version (SHA):,528ca1c557fe8e6666681dc5c9134b0f84d30530
Environment Observations,Environment Actions,alpha,epsilon,numActions,explore,patience,gainThresh,insertRandActions,useUpdatedPosterior,revisedSplitting,haveControl,confidence_factor
"['rose', 'volcano', 'nothing']","['b', 'f', 't']",0.85,0.99,75000,0.5,0,0.01,False,True,False,True,250

Model Num 0
Model States: 
['rose'],['volcano'],['nothing']
Iteration: ,0
Error:,0.6137354670374119
Absolute Error:,1
Transition Probabilities
0.3333333333333333,0.3333333333333333,0.3333333333333333
0.3333333333333333,0.3333333333333333,0.3333333333333333
0.3333333333333333,0.3333333333333333,0.3333333333333333

0.3333333333333333,0.3333333333333333,0.3333333333333333
0.3333333333333333,0.3333333333333333,0.3333333333333333
0.3333333333333333,0.3333333333333333,0.3333333333333333

0.3333333333333333,0.3333333333333333,0.3333333333333333
0.3333333333333333,0.3333333333333333,0.3333333333333333
0.3333333333333333,0.3333333333333333,0.3333333333333333

Transition Gammas
1.0,1.0,1.0
1.0,1.0,1.0
1.0,1.0,1.0

1.0,1.0,1.0
1.0,1.0,1.0
1.0,1.0,1.0

1.0,1.0,1.0
1.0,1.0,1.0
1.0,1.0,1.0

Iteration: ,2500
Error:,0.1571325984740256
Absolute Error:,1
Transition Probabilities
0.05070422535211268,0.059154929577464786,0.8901408450704226
0.07754010695187166,0.058823529411764705,0.8636363636363636
0.43597122302158275,0.46474820143884893,0.09928057553956834

0.05970149253731343,0.09701492537313433,0.8432835820895522
0.056338028169014086,0.04929577464788732,0.8943661971830986
0.4721189591078067,0.45353159851301117,0.07434944237918216

0.7851851851851852,0.1037037037037037,0.1111111111111111
0.04861111111111111,0.8402777777777778,0.1111111111111111
0.06498194945848375,0.061371841155234655,0.8736462093862816

Transition Gammas
18.0,21.0,316.0
29.0,22.0,323.0
303.0,323.0,69.0

8.0,13.0,113.0
8.0,7.0,127.0
127.0,122.0,20.0

106.0,14.0,15.0
7.0,121.0,16.0
18.0,17.0,242.0

Iteration: ,5000
Error:,0.15237368809824553
Absolute Error:,1
Transition Probabilities
0.05611510791366906,0.06762589928057554,0.8762589928057554
0.06222865412445731,0.05209840810419682,0.8856729377713459
0.442495126705653,0.45614035087719296,0.10136452241715399

0.058365758754863814,0.0622568093385214,0.8793774319066148
0.0636042402826855,0.06713780918727916,0.8692579505300353
0.4606205250596659,0.43675417661097854,0.1026252983293556

0.7970479704797048,0.08487084870848709,0.11808118081180811
0.047619047619047616,0.8424908424908425,0.10989010989010989
0.05788712011577424,0.059334298118668596,0.8827785817655571

Transition Gammas
39.0,47.0,609.0
43.0,36.0,612.0
454.0,468.0,104.0

15.0,16.0,226.0
18.0,19.0,246.0
386.0,366.0,86.0

216.0,23.0,32.0
13.0,230.0,30.0
40.0,41.0,610.0

Iteration: ,5217
Error:,0.15266663251962134
Absolute Error:,1
Transition Probabilities
0.05555555555555555,0.06805555555555555,0.8763888888888889
0.06388888888888888,0.05277777777777778,0.8833333333333333
0.4457034938621341,0.4542020774315392,0.10009442870632672

0.05639097744360902,0.06390977443609022,0.8796992481203008
0.06143344709897611,0.06484641638225255,0.8737201365187713
0.45537757437070936,0.4416475972540046,0.10297482837528604

0.7877697841726619,0.08992805755395683,0.1223021582733813
0.04609929078014184,0.8368794326241135,0.11702127659574468
0.05733333333333333,0.05733333333333333,0.8853333333333333


Model Num 1
Model States: 
['rose'],['volcano'],"['nothing', 'b', 'volcano']","['nothing', 'b', 'rose']"
Iteration: ,0
Error:,0.5801774138879618
Absolute Error:,0.6
Transition Probabilities
0.25,0.25,0.25,0.25
0.25,0.25,0.25,0.25
0.25,0.25,0.25,0.25
0.25,0.25,0.25,0.25

0.25,0.25,0.25,0.25
0.25,0.25,0.25,0.25
0.25,0.25,0.25,0.25
0.25,0.25,0.25,0.25

0.25,0.25,0.25,0.25
0.25,0.25,0.25,0.25
0.25,0.25,0.25,0.25
0.25,0.25,0.25,0.25

Transition Gammas
1.0,1.0,1.0,1.0
1.0,1.0,1.0,1.0
1.0,1.0,1.0,1.0
1.0,1.0,1.0,1.0

1.0,1.0,1.0,1.0
1.0,1.0,1.0,1.0
1.0,1.0,1.0,1.0
1.0,1.0,1.0,1.0

1.0,1.0,1.0,1.0
1.0,1.0,1.0,1.0
1.0,1.0,1.0,1.0
1.0,1.0,1.0,1.0

Iteration: ,2500
Error:,0.05940366111479298
Absolute Error:,0.07731944282269033
Transition Probabilities
0.03614457831325301,0.06325301204819277,0.7937240860391837,0.10687832359937055
0.06104651162790695,0.05813953488372091,0.08693421523523359,0.7938797382531385
0.0024855363953807615,0.9320761482677856,0.02970139342105989,0.03573692191577369
0.9313590783906258,0.002510401828546161,0.03662838034918965,0.029502139431638253

0.07821229050279332,0.050279329608938564,0.07727379108858544,0.7942345887996827
0.0755813953488372,0.08139534883720931,0.7690164931409537,0.07400676267299976
0.8411594753572883,0.07155233956317139,0.053890810245214416,0.0333973748343259
0.10866113849837286,0.7701105734768695,0.0531359039240599,0.0680923841006978

0.8120805369127517,0.0738255033557047,0.04696559574701829,0.06712836398452533
0.04166666666666667,0.8154761904761906,0.06463358940532288,0.07822355345181999
0.06597493334468803,0.07081395562756941,0.15320789168847396,0.7100032193392687
0.03213292932685668,0.054616925876253206,0.6956098661026796,0.21764027869421054

Transition Gammas
12.0,21.0,263.51639656500896,35.483603434991025
21.0,20.0,29.905370040920364,273.0946299590797
1.0,375.0,11.94969161435671,14.37795156900091
371.0,1.0,14.590644387158566,11.75195902750107

14.0,9.0,13.832008604856789,142.16799139514316
13.0,14.0,132.27083682024403,12.729163179755957
62.268539072287474,5.296807302694214,3.9893767135726623,2.472308522589876
9.002891486587057,63.80590173725638,4.402464245091544,5.641652145313827

121.0,11.0,6.997873766305726,10.002126233694275
7.0,137.0,10.858443020094242,13.141556979905756
4.064674457005482,4.362803598983493,9.439042563397186,43.742855107747474
2.6519286952914785,4.507531557628213,57.40863977514039,17.961838911400346

Iteration: ,5000
Error:,0.04584115928235256
Absolute Error:,0.05725053372142188
Transition Probabilities
0.040118870728083206,0.08023774145616641,0.7922696302839582,0.08737375753179216
0.056129985228951254,0.059084194977843424,0.07353814178788437,0.8112476780053209
0.0012767428536913197,0.9205315975114414,0.03411991616408742,0.04407174347077974
0.9219925549094643,0.0012459358850127895,0.03845181772140801,0.03830969148411495

0.07374631268436585,0.05309734513274342,0.06618560064478922,0.8069707415381016
0.05454545454545454,0.06363636363636363,0.8019786194371095,0.07983956238107229
0.8306451895786626,0.06489273419792926,0.05471408308933333,0.04974799313407471
0.08496395541622828,0.8011770790857217,0.053352751051650396,0.06050621444639964

0.8184818481848185,0.0924092409240924,0.03482003460434758,0.05428887628674153
0.05730659025787966,0.8166189111747851,0.046617782387102125,0.07945671618023313
0.08115544581144599,0.05667714340424628,0.09681580662038476,0.765351604163923
0.05003044416089658,0.04620115959374805,0.7432706058640862,0.1604977903812691

Transition Gammas
27.0,54.0,533.197461181104,58.80253881889613
38.0,40.0,49.78532199039772,549.2146780096023
1.0,721.0,26.724188089590555,34.51888792121255
740.0,1.0,30.861794883621396,30.74772301282718

25.0,18.0,22.436918618583523,273.56308138141617
18.0,21.0,264.6529444142461,26.347055585753854
123.79946475455684,9.671621362471726,8.154593906011364,7.414447227143759
14.473720780244376,136.48156187422083,9.088710827979922,10.307312660722795

248.0,28.0,10.550470485117316,16.449529514882684
20.0,285.0,16.26960605309864,27.730393946901362
10.937648616278725,7.638608511502426,13.048258964354181,103.14954012697429
8.22757375047871,7.597842759355327,122.23184960427449,26.39407723233572

Iteration: ,7500
Error:,0.035500438941699505
Absolute Error:,0.04515945912929964
Transition Probabilities
0.04400000000000001,0.07500000000000001,0.8021674628053309,0.07883253719466905
0.05158730158730161,0.053571428571428596,0.07126092533863239,0.8235803445026374
0.0008943704224500092,0.9256733872357596,0.029936656811666466,0.04349558553012391
0.9133528015256929,0.0008723522459653227,0.04353638815759012,0.04223845807075161

0.06349206349206354,0.04960317460317464,0.05739988514520635,0.8295048767595555
0.05788423153692615,0.059880239520958084,0.8142195402097827,0.0680159887323331
0.8668294947391486,0.05020814708839223,0.04720546379785878,0.03575689437460032
0.06783782966783769,0.8123729952539732,0.0577241301232192,0.0620650449549698

0.8227571115973742,0.08096280087527352,0.031752487591736725,0.06452759993561556
0.0564516129032258,0.8306451612903225,0.03905862370376798,0.07384460210268363
0.0789378726935168,0.04731302733209503,0.0690504392596169,0.8046986607147713
0.054773850358768146,0.04553113787913391,0.7669457167937416,0.13274929496835638

Transition Gammas
44.0,75.0,802.1674628053307,78.83253719466903
52.0,54.0,71.83101274134141,830.1689872586581
1.0,1035.0,33.472324285567225,48.63262965581254
1047.0,1.0,49.906890661367946,48.41903974696782

32.0,25.0,28.929542113183977,418.07045788681563
29.0,30.0,407.92398964510113,34.076010354898884
239.97853418466747,13.89993951004905,13.068657765419616,9.899163735302729
21.65026164819392,259.26666565387086,18.422501526085792,19.80789286835162

376.0,37.0,14.510886829423685,29.48911317057631
28.0,412.0,19.373077357068922,36.626922642931085
17.38100463496242,10.417660361156237,15.203931444635478,177.18327938650168
14.436784680725987,12.000676043842871,202.14445584221866,34.98883090057509

Iteration: ,10000
Error:,0.03486915334629644
Absolute Error:,0.04105258405190742
Transition Probabilities
0.047945205479452066,0.07363013698630139,0.8074886364402576,0.07093602109398897
0.05038428693424429,0.05294619982920587,0.06463815940422081,0.8320313538323292
0.0007219054053899623,0.918985581061422,0.0304307157058279,0.04986179782736025
0.9091696796010516,0.0007004388902935683,0.048133390315992834,0.04199649119266194

0.05889423076923078,0.05408653846153848,0.05711099121986904,0.8299082395493617
0.0539568345323741,0.06235011990407674,0.815172464582668,0.06852058098088112
0.8721620964539815,0.052210723506527536,0.04178683903950051,0.03384034099999044
0.058461524299978786,0.8283803382532271,0.05756012764435215,0.055598009802441915

0.8212025316455697,0.0759493670886076,0.033095164664662266,0.06975293660116053
0.06074766355140187,0.8193146417445483,0.041802241835324695,0.07813545286872516
0.07919401610055023,0.04653817184254582,0.05854953956468127,0.8157182724922226
0.06543672484777247,0.05065802222333177,0.7712998096379245,0.11260544329097123

Transition Gammas
56.0,86.0,943.1467273622206,82.8532726377791
59.0,62.0,75.69128466234248,974.3087153376563
1.0,1273.0,42.15332850900277,69.06971114924076
1298.0,1.0,68.7189003680523,59.95739496283587

49.0,45.0,47.51634469493103,690.4836553050687
45.0,52.0,679.8538354619451,57.14616453805486
405.17649182406535,24.2553051456614,19.412727192891786,15.721057707338318
30.340159965339534,429.9099668660898,29.872356242268562,28.854063101485284

519.0,48.0,20.91614406806655,44.08385593193345
39.0,526.0,26.837039258278455,50.16296074172155
23.771041718128632,13.968995118899015,17.574352408168775,244.8477049204444
22.85352199714184,17.692117505969932,269.3734627910807,39.32701371034039

Iteration: ,12500
Error:,0.031388337912039745
Absolute Error:,0.03587734728331962
Transition Probabilities
0.048399106478034325,0.06999255398361887,0.8163067741398943,0.0653015653984526
0.05329385640266472,0.05403404885270173,0.05802127646706604,0.8346508182775675
0.0006163692968244071,0.9196229908620154,0.031159919333189526,0.048600720507970645
0.9113540618865235,0.0006091938916353767,0.04654552820624956,0.04149121601559157

0.053456221198156684,0.055299539170506916,0.05819259719962009,0.8330516424317164
0.05798394290811772,0.05798394290811772,0.8214500170929756,0.06258209709078888
0.861051408238727,0.049257820156632395,0.045875325359121547,0.04381544624551901
0.05812863026056262,0.8285804399222018,0.05416201793373425,0.05912891188350128

0.8178654292343387,0.0765661252900232,0.033877811029925056,0.071690634445713
0.05808656036446469,0.8325740318906606,0.03943302344474167,0.06990638430013305
0.07938058272262088,0.04765104677214325,0.047278095264952816,0.825690275240283
0.06096989248132598,0.05518462043478782,0.7846917823679953,0.09915370471589093

Transition Gammas
65.0,94.0,1096.2999976698763,87.7000023301217
72.0,73.0,78.38674450700618,1127.6132554929932
1.0,1492.0,50.55397712658365,78.85000235794702
1496.0,1.0,76.40511312629617,68.10839140919272

58.0,60.0,63.138967961587795,903.8610320384123
65.0,65.0,920.8454691612262,70.15453083877438
563.9143960454605,32.2596231053861,30.044380795096064,28.695337665778307
42.415836243359394,604.6062344261857,39.52144189514455,43.145730984137295

705.0,66.0,29.2026731077954,61.7973268922046
51.0,731.0,34.62219458448319,61.37780541551682
32.119893407742865,19.281120024487485,19.13021205371745,334.1003897792012
27.811691871004196,25.172713893512544,357.9407011683998,45.229410307251385

Iteration: ,15000
Error:,0.03122217698905411
Absolute Error:,0.032869176477223074
Transition Probabilities
0.04884318766066843,0.06876606683804634,0.8228559838927023,0.059534761608582835
0.05259862241703195,0.05072010018785224,0.05337813152097144,0.8433031458741443
0.0005683180716339225,0.9223802302618562,0.03010440956267348,0.04694704210383644
0.911087141925388,0.0005610142499540567,0.04594137504052262,0.04241046878413529

0.055052790346907986,0.04901960784313725,0.049697369954883795,0.846230231855071
0.06010518407212619,0.0563486100676183,0.8272232712963656,0.05632293456388995
0.8670768875745709,0.04708287222315844,0.044154949306251544,0.041685290896019044
0.05898191516792635,0.8301017351041821,0.05624698790904423,0.05466936181884732

0.8167587476979742,0.07734806629834254,0.03401128742998248,0.07188189857370075
0.05866177818515124,0.8359303391384051,0.03966612733487743,0.0657417553415662
0.07548774765450943,0.0512174313928608,0.040518643489298414,0.8327761774633313
0.059661710970981725,0.06536669970648985,0.7891782860001143,0.08579330332241401

Transition Gammas
76.0,107.0,1280.3639109370436,92.6360890629548
84.0,81.0,85.24487603899136,1346.7551239610082
1.0,1623.0,52.97105804874879,82.60698444598644
1624.0,1.0,81.88985403540983,75.59606335776395

73.0,65.0,65.89871256017592,1122.1012874398243
80.0,75.0,1101.0341740954632,74.96582590453755
805.1508753945334,43.720247108195146,41.00143435534967,38.70815718533266
60.48690568764621,851.2827231778646,57.6821936551598,56.06431264440548

887.0,84.0,36.936258148960974,78.06374185103901
64.0,912.0,43.27574492235127,71.72425507764873
37.656276153814645,25.54928184167923,20.21230300305349,415.42171659964794
35.130085357171964,38.48930415895229,464.6849729585369,50.516923161256024

Iteration: ,17500
Error:,0.028882810154441274
Absolute Error:,0.029065643353853605
Transition Probabilities
0.048538011695906456,0.07251461988304098,0.8227087792301468,0.056238589190905616
0.052687599787120815,0.05375199574241619,0.04791059369002043,0.8456498107804425
0.0004776831577941626,0.9185847124381747,0.030422830712415562,0.050514773691615646
0.9103578325615562,0.0004996475480579343,0.046017561974946365,0.04312495791543942

0.055376690276883474,0.049581455247907295,0.04731488860780726,0.8477269658674019
0.05847568988173454,0.05913272010512481,0.8314236344340317,0.05096795557910909
0.8651538361423268,0.048071473132217026,0.043197225069208936,0.04357746565624743
0.05598778108704563,0.836042360774964,0.054377987040842145,0.05359187109714813

0.8182579564489112,0.07537688442211055,0.03367844593678081,0.07268671319219741
0.05910931174089069,0.8388663967611336,0.03792565987425075,0.06409863162372495
0.06485061050267599,0.04785712343368261,0.03895779616665648,0.848334469896985
0.05634742289206595,0.06295433757279434,0.805049085740401,0.07564915379473877

Transition Gammas
83.0,124.0,1406.8320124835504,96.16798751644855
99.0,101.0,90.02400554354838,1588.9759944564514
1.0,1923.0,63.68830513703185,105.749538930537
1822.0,1.0,92.10004562978585,86.31075661846151

86.0,77.0,73.48002200792465,1316.5199779920747
89.0,90.0,1265.4267716085967,77.57322839140407
917.393680382814,50.97413178542868,45.80556616990713,46.2087664991452
61.6499703480237,920.5934893425161,59.877373661961556,59.01175577752537

977.0,90.0,40.21206444851629,86.78793555148371
73.0,1036.0,46.83818994469968,79.16181005530031
43.18085444744268,31.865721313107375,25.940093899287483,564.8644936944515
54.488897845513584,60.87789454908641,778.4958946136549,73.15399359287245

Iteration: ,19402
Error:,0.029997801656367205
Absolute Error:,0.028074982983232005
Transition Probabilities
0.050984351337708254,0.06915699141847555,0.8288540428078667,0.05100461443594952
0.05405405405405404,0.052524222335543075,0.04651834595297886,0.846903377657424
0.0004501497399117405,0.9214565175993328,0.028922779392766627,0.049170553267988824
0.9070476654698334,0.00043110630488109954,0.04752144397119404,0.04499978425409139

0.05617977528089891,0.05204021289178004,0.04537559927642075,0.8464044125509003
0.0602985074626866,0.05791044776119406,0.8352162817170333,0.046574763059086026
0.8613789083757264,0.049994951525405604,0.043708122040891306,0.04491801805797677
0.05665041972014944,0.8364863559313473,0.05341713349329252,0.05344609085521069

0.8200772200772201,0.07335907335907337,0.03248635846822695,0.07407734809547961
0.0598159509202454,0.8366564417177914,0.03825293859980049,0.0652746687621627
0.06649029512362618,0.050183911694281665,0.04161093662069952,0.8417148565613927
0.056808526403429885,0.06293974539081133,0.8098513646479201,0.07040036355783869

*,*,*,*,*,*,*,*,*,*,*
Model Num 1
Model States: 
['rose'],['volcano'],"['nothing', 'b', 'volcano']","['nothing', 'b', 'rose']"
Iteration: ,19402
Error:,0.03021141208536737
Absolute Error:,0.028074982983232005
Transition Probabilities
0.050984351337708254,0.06915699141847555,0.8288540428078667,0.05100461443594952
0.05405405405405404,0.052524222335543075,0.04651834595297886,0.846903377657424
0.0004501497399117405,0.9214565175993328,0.028922779392766627,0.049170553267988824
0.9070476654698334,0.00043110630488109954,0.04752144397119404,0.04499978425409139

0.05617977528089891,0.05204021289178004,0.04537559927642075,0.8464044125509003
0.0602985074626866,0.05791044776119406,0.8352162817170333,0.046574763059086026
0.8613789083757264,0.049994951525405604,0.043708122040891306,0.04491801805797677
0.05665041972014944,0.8364863559313473,0.05341713349329252,0.05344609085521069

0.8200772200772201,0.07335907335907337,0.03248635846822695,0.07407734809547961
0.0598159509202454,0.8366564417177914,0.03825293859980049,0.0652746687621627
0.06649029512362618,0.050183911694281665,0.04161093662069952,0.8417148565613927
0.056808526403429885,0.06293974539081133,0.8098513646479201,0.07040036355783869

Transition Gammas
101.0,137.0,1641.9598588023832,101.04014119761595
106.0,103.0,91.22247641379157,1660.7775235862089
1.0,2047.0,64.2514630763475,109.23154876781568
2104.0,1.0,110.23138245287458,104.38210655838697

95.0,88.0,76.73013837642745,1431.2698616235716
101.0,97.0,1398.98727187603,78.01272812396905
961.8939045041975,55.828902542960904,48.80845788032725,50.159537634663174
65.03132783597891,960.2368122181196,61.319706675094544,61.3529480121485

1062.0,95.0,42.0698342163539,95.9301657836461
78.0,1091.0,49.88183193413983,85.11816806586016
66.53177405033544,50.21521813970021,41.636894950214895,842.2399471596594
62.713248083375255,69.48175066129001,894.0279348411086,77.7178311862704

