0,1,2,3,4,5,6,7,8,9,10,11,12,13,14,15,16,17,18,19,20,21,22,23,24,25,26,27,28,29
github Code Version (SHA):,528ca1c557fe8e6666681dc5c9134b0f84d30530
Environment Observations,Environment Actions,alpha,epsilon,numActions,explore,patience,gainThresh,insertRandActions,useUpdatedPosterior,revisedSplitting,haveControl,confidence_factor
"['diamond', 'square']","['x', 'y']",0.85,0.99,75000,0.5,0,0.01,False,True,False,True,250

Model Num 0
Model States: 
['diamond'],['square']
Iteration: ,0
Error:,0.5071836769502682
Absolute Error:,1
Transition Probabilities
0.5,0.5
0.5,0.5

0.5,0.5
0.5,0.5

Transition Gammas
1.0,1.0
1.0,1.0

1.0,1.0
1.0,1.0

Iteration: ,2429
Error:,0.08915207301020919
Absolute Error:,1
Transition Probabilities
0.4660377358490566,0.5339622641509434
0.11380880121396054,0.8861911987860395

0.114,0.886
0.8726541554959786,0.12734584450402145


Model Num 1
Model States: 
['square'],"['diamond', 'x', 'square']","['diamond', 'x', 'diamond']"
Iteration: ,0
Error:,0.566408779781962
Absolute Error:,1
Transition Probabilities
0.3333333333333333,0.3333333333333333,0.3333333333333333
0.3333333333333333,0.3333333333333333,0.3333333333333333
0.3333333333333333,0.3333333333333333,0.3333333333333333

0.3333333333333333,0.3333333333333333,0.3333333333333333
0.3333333333333333,0.3333333333333333,0.3333333333333333
0.3333333333333333,0.3333333333333333,0.3333333333333333

Transition Gammas
1.0,1.0,1.0
1.0,1.0,1.0
1.0,1.0,1.0

1.0,1.0,1.0
1.0,1.0,1.0
1.0,1.0,1.0

Iteration: ,2500
Error:,0.07551565010448502
Absolute Error:,1
Transition Probabilities
0.8818076477404403,0.07398697297540646,0.044205379284153225
0.9958246346555324,0.0020876826722338203,0.0020876826722338203
0.00303951367781155,0.8019361169970536,0.1950243693251348

0.10793650793650794,0.3312269012062259,0.5608365908572663
0.7732626631725595,0.1423590622744853,0.08437827455295527
0.927864482933422,0.05680324460854307,0.015332272458034889

Transition Gammas
761.0,63.850757677775775,38.14924232222423
477.0,1.0,1.0
1.0,263.83698249203064,64.16301750796936

68.0,208.6729477599223,353.32705224007776
31.441750104151176,5.788483363119272,3.430917783911468
105.78484999248768,6.4760779408262765,1.7480161940130545

Iteration: ,2844
Error:,0.08178654438525187
Absolute Error:,1
Transition Probabilities
0.8823529411764706,0.07225739739633956,0.04538966142718986
0.99644128113879,0.0017793594306049821,0.0017793594306049821
0.0026246719160104987,0.8109803527312425,0.18639497535274707

0.11066666666666666,0.34896371721312935,0.540369616120204
0.7591264356640195,0.15722255647403297,0.08365100786194754
0.9302023153983501,0.055572047909739075,0.014225636691910779


Model Num 2
Model States: 
"['diamond', 'x', 'square']","['diamond', 'x', 'diamond']","['square', 'y', 'diamond', 'x', 'diamond']","['square', 'y', 'diamond', 'x', 'square']"
Iteration: ,0
Error:,0.5070397403023086
Absolute Error:,0.6
Transition Probabilities
0.25,0.25,0.25,0.25
0.25,0.25,0.25,0.25
0.25,0.25,0.25,0.25
0.25,0.25,0.25,0.25

0.25,0.25,0.25,0.25
0.25,0.25,0.25,0.25
0.25,0.25,0.25,0.25
0.25,0.25,0.25,0.25

Transition Gammas
1.0,1.0,1.0,1.0
1.0,1.0,1.0,1.0
1.0,1.0,1.0,1.0
1.0,1.0,1.0,1.0

1.0,1.0,1.0,1.0
1.0,1.0,1.0,1.0
1.0,1.0,1.0,1.0
1.0,1.0,1.0,1.0

Iteration: ,2500
Error:,0.040923896547385166
Absolute Error:,0.11256404612678642
Transition Probabilities
0.0018656716417910447,0.0018656716417910447,0.07750504451219208,0.9187636122042258
0.8527794242139404,0.14205261712972897,0.0025839793281653735,0.0025839793281653735
0.08126401009559865,0.061818808323336395,0.7082718003810586,0.14864538120000637
0.04972436555483777,0.030148222007562606,0.7934461422474874,0.1266812701901123

0.09021077728355488,0.019895513026140833,0.151538596605027,0.7383551130852772
0.07923165889566976,0.08509615988708463,0.6227470755459097,0.21292510567133605
0.0029346708939711544,0.9202322674323387,0.04233672600569653,0.03449633566799359
0.8907697691874396,0.0030901454175262725,0.06099786618270008,0.045142219212334016

Transition Gammas
1.0,1.0,41.54270385853495,492.457296141465
330.02563717079505,54.974362829205134,1.0,1.0
14.025436930544005,10.669370072192672,122.2413397301128,25.65485528691965
15.498253227068965,9.396696645707923,247.30389412472135,39.48443348900781

15.355415948389542,3.3865563209007745,25.794458857074872,125.68065834758596
2.6515794150270784,2.847841746587215,20.8409535948274,7.125785765561403
1.1026645762606473,345.7653549207921,15.907476418305784,12.96155130377188
332.2869679486858,1.1527277718988957,22.75424773752514,16.839560195475137

Iteration: ,5000
Error:,0.04262852338144664
Absolute Error:,0.09789318490703675
Transition Probabilities
0.0009596928982725522,0.0009596928982725522,0.07398247023640044,0.9240981439670545
0.8635929017962329,0.13380969560636455,0.0012987012987012985,0.0012987012987012985
0.07093793704098664,0.05720599290419546,0.7516240331319987,0.12023203692281924
0.05721721947760111,0.04803259398079047,0.7921061188080828,0.10264406773352573

0.07865424300793512,0.021027617968696045,0.1212109288524334,0.7791072101709354
0.10625760886859052,0.08745812333178163,0.6339364659368081,0.1723478018628196
0.00153185766022888,0.9128015297803164,0.047864095948044284,0.03780251661141051
0.8855253433629177,0.001611467115881262,0.0651694345043191,0.04769375501688202

Transition Gammas
1.0,1.0,77.0897339863293,962.9102660136714
664.9665343830994,103.03346561690071,1.0,1.0
29.365252989946214,23.680819096870135,311.14000218941067,49.77088887847415
35.262661769023154,29.60222693268918,488.1707011931535,63.25898175637409

27.97454359788169,7.4787830017707115,43.11045766952518,277.10099016720534
5.504092951323362,4.5302886568975165,32.837603545782784,8.927533110427728
1.1115221731790306,662.3325171811108,34.730383459694764,27.42966040935769
646.3109174211451,1.1761479192723456,47.56466578624124,34.80983891794416

Iteration: ,7500
Error:,0.0390939350987026
Absolute Error:,0.0859061234277614
Transition Probabilities
0.0007007708479327251,0.0007007708479327251,0.06439569759904418,0.9342027607050903
0.8747362757527709,0.12352156396848345,0.000871080139372822,0.000871080139372822
0.061264362003833325,0.057847589051380745,0.7677152656278188,0.11317278331696708
0.05726743300099282,0.0525267405878309,0.794592036821957,0.09561378958921929

0.07571826637746817,0.03712443259880865,0.10201983993210798,0.7851374610916152
0.07527103396139201,0.08528729553181927,0.6939809613981154,0.14546070910867334
0.0010238755542815213,0.9177102482330292,0.048777513097001624,0.0324883631156875
0.8906862950513866,0.0011110226975733436,0.060546303650601443,0.047656378600438504

Transition Gammas
1.0,1.0,91.89266047383616,1333.1073395261656
1004.1972445641815,141.80275543581905,1.0,1.0
38.6083256973332,36.45510188715341,483.80820510819825,71.32061014692012
52.55662605854005,48.20590200194073,729.2290637092339,87.7486194534581

49.32048185130152,24.181680218371532,66.45249428665622,511.413688574215
7.735482199483903,8.764837171851575,71.31929895408827,14.948761386904694
1.1206021346754234,1004.4072825872773,53.38557510440303,35.55757231170253
959.3602092858395,1.1966850434178817,65.21455967656247,51.330792448405376

Iteration: ,10000
Error:,0.0382091814243986
Absolute Error:,0.08316812983418569
Transition Probabilities
0.0005500550055005497,0.0005500550055005497,0.05682780949930099,0.9420720804896979
0.885348298009741,0.11327239164543143,0.0006896551724137925,0.0006896551724137925
0.06262912610362857,0.05659741105118881,0.7718061402708952,0.10896732257428739
0.05421395709358373,0.05458346174538323,0.8066083964866433,0.08459418467438957

0.07958144148540727,0.04211277870327284,0.09896043044625051,0.7793453493650695
0.04845539411396728,0.0783459671547355,0.7084205301012314,0.1647781086300659
0.0007952377297592382,0.918269263002143,0.04650785637138063,0.034427642896717084
0.8937417106114598,0.0007814874682596259,0.06256207445679088,0.04291472746348971

Transition Gammas
1.0,1.0,103.31295766972926,1712.6870423302719
1283.7550321141257,164.24496788587572,1.0,1.0
53.91377121579422,48.721418621922425,664.4030063689391,93.80362883472209
61.5717869183565,61.99144013877477,916.0799723455464,96.07516943123228

79.49375510789156,42.06637696760828,98.85139143537988,778.4866319399513
7.735482199483903,12.507252193664746,113.09317570419724,26.305391783101502
1.1290775381077103,1303.7575557491923,66.03179654260539,48.88032449924784
1391.4149716153022,1.2166528098171088,97.39928887836548,66.81146642986758

Iteration: ,12500
Error:,0.03694100975701089
Absolute Error:,0.07823593943840114
Transition Probabilities
0.0004545454545454547,0.0004545454545454547,0.051563618099305895,0.9475272909916033
0.8916894978167722,0.10716960087119136,0.0005704506560182541,0.0005704506560182541
0.06151835887161309,0.05717242946448651,0.7786198946333132,0.10268931703058713
0.054084388111061796,0.05616433810710064,0.8223019235114162,0.06744935027042144

0.07851164087637683,0.03912134768954814,0.09022811985576043,0.7921388915783146
0.05558105631578586,0.05445656852906931,0.7119305079981305,0.17803186715701427
0.0005950994761555132,0.9143962181470696,0.04943619833562736,0.0355724840411475
0.8956319632828749,0.0006779542161555298,0.06202189170911475,0.041668190791854964

Transition Gammas
1.0,1.0,113.43995981847293,2084.5600401815263
1563.1316896728026,187.86831032719857,1.0,1.0
66.09789098270414,61.428443139170525,836.5816945774425,110.33368585695683
79.84097071791935,82.91145431824151,1213.9063801839657,99.57072249435272

91.97934855409595,45.83213438003211,105.70564559542707,928.0205890291081
20.051067368842833,19.645404327126034,256.8315092232371,64.2256408709583
1.1450839439642178,1759.4712645120708,95.12459552218517,68.44818715954771
1615.9716258209305,1.223219828932108,111.90491327966683,75.18111990121521

Iteration: ,15000
Error:,0.03763397701421816
Absolute Error:,0.07353007110749873
Transition Probabilities
0.000392464678178964,0.000392464678178964,0.047608099448020504,0.9516069711956217
0.8887020282683499,0.11033735693818232,0.00048030739673390947,0.00048030739673390947
0.06339364318069395,0.05915210411858187,0.7819711084597365,0.0954831442409875
0.05388842183417774,0.05488906544551039,0.8343652448263826,0.05685726789392921

0.07480416114545188,0.03941438756198848,0.08463081373127397,0.8011506375612858
0.05154787912835685,0.053390429094554444,0.7282625415881823,0.1667991501889065
0.00045910836517278986,0.9126271105786861,0.05176129664166047,0.03515248441448064
0.8961395484747339,0.0006116680237933136,0.062230176760331414,0.04101860674114142

Transition Gammas
1.0,1.0,121.3054373935562,2424.694562606443
1850.2776228547052,229.7223771452957,1.0,1.0
75.20310092520128,70.17141518887276,927.6427294526939,113.27048222395493
97.75319781139237,99.56835790604686,1513.5323701896775,103.13866256008158

99.95549580661715,52.66665103044548,113.08615480064483,1070.5207834296343
33.44531856146579,34.640802675010946,472.51163601026883,108.22270107289245
1.160117231308946,2306.1100974353976,130.79520371249194,88.82652982637299
1797.9991150543626,1.227240296848071,124.85756591726529,82.29903338923397

Iteration: ,17500
Error:,0.038723216025695825
Absolute Error:,0.0736535749979706
Transition Probabilities
0.0003407155025553666,0.0003407155025553666,0.0470671082982597,0.9522514606966296
0.8837131411302359,0.11545732755495688,0.00041476565740356674,0.00041476565740356674
0.062356110407224954,0.06145653921866921,0.7845843837290951,0.09160296664501075
0.05813317726356552,0.052137744832523446,0.8408964607149478,0.04883261718896316

0.07600713655091791,0.039729658118062776,0.08202380153313639,0.8022394037978828
0.056030762766086255,0.05837417096691447,0.7197978027404942,0.16579726352650512
0.00037478201614627935,0.9124958748974666,0.05212219306651428,0.035007150019872736
0.8985184406788078,0.0005543904649820372,0.06075048824859966,0.040176680607610565

Transition Gammas
1.0,1.0,138.14196285539208,2794.858037144605
2130.632383265,278.3676167350012,1.0,1.0
79.35368905513292,78.20890481645247,998.453316240487,116.57291136673689
125.35351952124299,112.4254706572434,1813.2387711352528,105.29856994254773

112.86535466283192,58.995801678757786,121.79968712055599,1191.2701746564271
52.46072855494376,54.65482507349925,673.9354468840053,155.2333897956679
1.1706578089340407,2850.244610328066,162.80731119250746,109.34727861460202
1994.223102456382,1.2304458350498386,134.83310043067857,89.17041767910598

Iteration: ,18061
Error:,0.03886413243592402
Absolute Error:,0.07237867561756509
Transition Probabilities
0.00033233632436025293,0.00033233632436025293,0.04629454880300933,0.9530407785482702
0.8848415512773423,0.11435297147738976,0.00040273862263391045,0.00040273862263391045
0.061554640132204075,0.06066663123583083,0.7872084751051612,0.09057025352680383
0.05772319739731985,0.052596492426828866,0.8423329596964693,0.047347350479381864

0.07455692131542539,0.04026150606507575,0.0812065890202177,0.8039749835992811
0.05423975779320684,0.056561956932046256,0.7260180784808663,0.1631802067938807
0.0003600298107115326,0.9129015880274417,0.05137522365489165,0.03536315850695519
0.8998641086802974,0.0005412809251211832,0.05979653670112324,0.039798073693458155

*,*,*,*,*,*,*,*,*,*,*
Model Num 2
Model States: 
"['diamond', 'x', 'square']","['diamond', 'x', 'diamond']","['square', 'y', 'diamond', 'x', 'diamond']","['square', 'y', 'diamond', 'x', 'square']"
Iteration: ,18061
Error:,0.03888986318725616
Absolute Error:,0.07237867561756509
Transition Probabilities
0.00033233632436025293,0.00033233632436025293,0.04629454880300933,0.9530407785482702
0.8848415512773423,0.11435297147738976,0.00040273862263391045,0.00040273862263391045
0.061554640132204075,0.06066663123583083,0.7872084751051612,0.09057025352680383
0.05772319739731985,0.052596492426828866,0.8423329596964693,0.047347350479381864

0.07455692131542539,0.04026150606507575,0.0812065890202177,0.8039749835992811
0.05423975779320684,0.056561956932046256,0.7260180784808663,0.1631802067938807
0.0003600298107115326,0.9129015880274417,0.05137522365489165,0.03536315850695519
0.8998641086802974,0.0005412809251211832,0.05979653670112324,0.039798073693458155

Transition Gammas
1.0,1.0,139.30029734825493,2867.699702651742
2197.061571821642,283.9384281783589,1.0,1.0
79.35368905513292,78.20890481645247,1014.8365163193998,116.75941440928703
128.64938924962837,117.22335096597428,1877.3322632126774,105.52443378757458

114.4672371949861,61.81348804735182,124.67647165642593,1234.3427481018284
54.253247319424126,56.57602399340455,726.1986404948271,163.22079000750935
1.1727182952292539,2973.577082152789,167.3435446429166,115.18774758189755
2047.830942987015,1.2317991312459444,136.07965576002752,90.56892701306332

