0,1,2,3,4,5,6,7,8,9,10,11,12,13,14,15,16,17,18,19,20,21,22,23,24,25,26,27,28,29
github Code Version (SHA):,528ca1c557fe8e6666681dc5c9134b0f84d30530
Environment Observations,Environment Actions,alpha,epsilon,numActions,explore,patience,gainThresh,insertRandActions,useUpdatedPosterior,revisedSplitting,haveControl,confidence_factor
"['diamond', 'square']","['x', 'y']",0.85,0.99,75000,0.5,0,0.01,False,True,False,True,250

Model Num 0
Model States: 
['diamond'],['square']
Iteration: ,0
Error:,0.5088137082884302
Absolute Error:,1
Transition Probabilities
0.5,0.5
0.5,0.5

0.5,0.5
0.5,0.5

Transition Gammas
1.0,1.0
1.0,1.0

1.0,1.0
1.0,1.0

Iteration: ,2453
Error:,0.08514884712007652
Absolute Error:,1
Transition Probabilities
0.4567219152854512,0.5432780847145487
0.09603658536585366,0.9039634146341463

0.126,0.874
0.8802631578947369,0.11973684210526316


Model Num 1
Model States: 
['square'],"['diamond', 'x', 'square']","['diamond', 'x', 'diamond']"
Iteration: ,0
Error:,0.5704113883973192
Absolute Error:,1
Transition Probabilities
0.3333333333333333,0.3333333333333333,0.3333333333333333
0.3333333333333333,0.3333333333333333,0.3333333333333333
0.3333333333333333,0.3333333333333333,0.3333333333333333

0.3333333333333333,0.3333333333333333,0.3333333333333333
0.3333333333333333,0.3333333333333333,0.3333333333333333
0.3333333333333333,0.3333333333333333,0.3333333333333333

Transition Gammas
1.0,1.0,1.0
1.0,1.0,1.0
1.0,1.0,1.0

1.0,1.0,1.0
1.0,1.0,1.0
1.0,1.0,1.0

Iteration: ,2500
Error:,0.08645345035862778
Absolute Error:,1
Transition Probabilities
0.8770114942528736,0.0633737379853044,0.059614767761822014
0.9957983193277311,0.0021008403361344537,0.0021008403361344537
0.0028328611898017,0.821800142047516,0.17536699676268236

0.1239804241435563,0.28739041729723586,0.5886291585592079
0.7304760959185822,0.1336722509522659,0.135851653129152
0.9066327088092403,0.07190352294790545,0.021463768242854196

Transition Gammas
763.0,55.13515204721484,51.864847952785155
474.0,1.0,1.0
1.0,290.09545014277313,61.90454985722687

76.0,176.17032580320554,360.8296741967944
31.326715139941268,5.732579821699067,5.826044223275171
101.79244895331945,8.072988783794806,2.409850771958325

Iteration: ,3013
Error:,0.08693432314995539
Absolute Error:,1
Transition Probabilities
0.8831967213114754,0.0606317605203707,0.05617151816815388
0.9965870307167235,0.0017064846416382253,0.0017064846416382253
0.002277904328018224,0.8083580002461869,0.18936409542579488

0.12836970474967907,0.31040569624068104,0.5612245990096397
0.7512345170174966,0.14822181258405223,0.10054367039845125
0.9094973060376204,0.0689483292334616,0.021554364728918016


Model Num 2
Model States: 
"['diamond', 'x', 'square']","['diamond', 'x', 'diamond']","['square', 'y', 'diamond', 'x', 'diamond']","['square', 'y', 'diamond', 'x', 'square']"
Iteration: ,0
Error:,0.5062901834091206
Absolute Error:,0.6
Transition Probabilities
0.25,0.25,0.25,0.25
0.25,0.25,0.25,0.25
0.25,0.25,0.25,0.25
0.25,0.25,0.25,0.25

0.25,0.25,0.25,0.25
0.25,0.25,0.25,0.25
0.25,0.25,0.25,0.25
0.25,0.25,0.25,0.25

Transition Gammas
1.0,1.0,1.0,1.0
1.0,1.0,1.0,1.0
1.0,1.0,1.0,1.0
1.0,1.0,1.0,1.0

1.0,1.0,1.0,1.0
1.0,1.0,1.0,1.0
1.0,1.0,1.0,1.0
1.0,1.0,1.0,1.0

Iteration: ,2500
Error:,0.041393277017235296
Absolute Error:,0.09936211097152699
Transition Probabilities
0.0017667844522968193,0.0017667844522968193,0.13416168932061093,0.8623047417747953
0.8292519224680293,0.16555327233716557,0.002597402597402599,0.002597402597402599
0.07009104210398533,0.06982640283708817,0.7601364558294046,0.09994609922952191
0.04899207007101997,0.03805256436782425,0.8173097101288012,0.09564565543235463

0.07548983212178059,0.012931294541476691,0.11411982964682382,0.7974590436899189
0.06671507423212636,0.13799664607341544,0.6026395022173897,0.1926487774770684
0.002880370479043032,0.8903884671234586,0.07165898396811225,0.03507217842938594
0.8889225545326749,0.0026258298142453817,0.05942781956123352,0.04902379609184612

Transition Gammas
1.0,1.0,75.9355161554658,488.06448384453427
319.2619901501911,63.738009849808705,1.0,1.0
13.84665149902444,13.794371384594896,150.16675854181494,19.74458879730961
11.565215065948221,8.98280252470996,192.93658258214103,22.57840041450061

10.99300761606414,1.8830856472259554,16.618399076946922,116.12786907037209
2.0233886349556878,4.185273696248001,18.2773373753489,5.842807661862712
1.0330529253226115,319.34031310479315,25.700694946192904,12.578734849397284
357.7158911447362,1.0566736631978182,23.914654122271823,19.72791759740186

Iteration: ,5000
Error:,0.0347433044149015
Absolute Error:,0.0873552400606063
Transition Probabilities
0.0009643201542912252,0.0009643201542912252,0.11324496714046932,0.8848263925509483
0.8280939969515554,0.16936470698745354,0.0012706480304955534,0.0012706480304955534
0.05374881660554768,0.05134344498096183,0.7910308073593284,0.10387693105416197
0.05457279578023333,0.043280486087129866,0.8183540409114224,0.08379267722121445

0.0838750610851023,0.016943883448314448,0.08593683515953102,0.8132442203070523
0.04597157873355838,0.13372840450549026,0.6622002838116762,0.15809973294927512
0.0014379814184459455,0.8925436149482137,0.07719405941887254,0.02882434421446777
0.8916526152879479,0.0014751523964823495,0.061040864809427164,0.04583136750614257

Transition Gammas
1.0,1.0,117.43503092466663,917.564969075333
651.7099756008737,133.29002439912585,1.0,1.0
25.44532962528816,24.30659806384603,374.4834009040939,49.17657574741222
28.18652193836378,22.35411166234955,422.67495732467734,43.27841557323083

28.024810091971734,5.66138622990353,28.713701714116596,271.72576136039146
2.453640135854554,7.137483411222106,35.343602266774695,8.438253828099533
1.0389796167859278,644.8863741409192,55.77475010758299,20.826351246192516
657.1203036696634,1.0871415326051312,44.9852228682986,33.776295405701845

Iteration: ,7500
Error:,0.03172872230771674
Absolute Error:,0.07670805681287175
Transition Probabilities
0.0007027406886858757,0.0007027406886858757,0.09895528123398938,0.8996392373886388
0.8464912100853301,0.15173887841024508,0.0008849557522123894,0.0008849557522123894
0.049723956118434595,0.04827010935321823,0.8068871416440369,0.0951187928843102
0.06381510496793996,0.03919727506069996,0.8170616116857228,0.07992600828563719

0.07797558172033742,0.01988977595895632,0.06902979631352303,0.8331048460071833
0.0680869684342221,0.09332923025722545,0.7022545743986849,0.13632922690986754
0.0009621669545954874,0.8947477013372197,0.07727270352348521,0.027017428184699658
0.8943639580849647,0.0009948116101050621,0.06333598475136822,0.041305245553562055

Transition Gammas
1.0,1.0,140.81336519596672,1280.1866348040317
956.5350673964231,171.46493260357695,1.0,1.0
36.1666083158037,35.10915612146221,586.8875585319581,69.18444134905661
49.91700271822773,30.660616898382607,639.1161890584657,62.519160234173555

49.058525474799225,12.513700559107358,43.43026299070125,524.1499250061026
7.002257841239773,9.598243972587522,72.22186144005359,14.020486152824006
1.0477291927448291,974.3145743624704,84.14430250092002,29.419996276942943
999.9993829663738,1.1123111427734207,70.81674646924776,46.18390499017918

Iteration: ,10000
Error:,0.03235751998339461
Absolute Error:,0.07420459147330001
Transition Probabilities
0.0005630630630630637,0.0005630630630630637,0.08444743870565669,0.9144264351682172
0.862703174969771,0.1359390517783621,0.0006788866259334684,0.0006788866259334684
0.05102100477434923,0.05068891294259379,0.8061901165843384,0.09209996569871863
0.06278077776263427,0.042929544581701756,0.8214494629752949,0.07284021468036914

0.08337187063784798,0.02148322021706198,0.06832091704016148,0.8268239921049285
0.07350227014408606,0.06931767307416709,0.718868893220193,0.13831116356155382
0.0007096467511801039,0.897621704358489,0.07679630720894293,0.024872341681387963
0.8958217532314987,0.0007796475140841109,0.06362609604898102,0.03977250320543616

Transition Gammas
1.0,1.0,149.9786511412461,1624.021348858752
1270.761776730474,200.23822326952757,1.0,1.0
50.12350777228643,49.797257680118996,792.0086394470856,90.47985955870307
67.26698651234214,45.99721760817437,880.1488595035734,78.04525386712739

76.90676877136048,19.81729613426423,63.02294681474628,762.7076265524018
13.267694517040553,12.512344301438334,129.76106526168246,24.96617128741533
1.0557462347814022,1335.397834286751,114.2503816809279,37.0027496591153
1295.587334620603,1.1275696767488312,92.01960534565337,57.52121025554549

Iteration: ,12500
Error:,0.031673370715735394
Absolute Error:,0.06973830716073656
Transition Probabilities
0.0004690431519699817,0.0004690431519699817,0.07568023151535642,0.9233816821807037
0.8613940241227914,0.13748990444863704,0.0005580357142857135,0.0005580357142857135
0.05084824701753507,0.05054697446280764,0.814580797429495,0.08402398109016239
0.059692491810191456,0.043396701108659126,0.8373883306443933,0.05952247643675628

0.08024172850676285,0.02356335570222195,0.06500564461689624,0.8311892711741189
0.07205650025040797,0.05755260189762277,0.7270699597911543,0.14332093806081506
0.0005208119970143351,0.8979246040049262,0.07597719628540076,0.025577387712658745
0.9018198211170424,0.000665215095095244,0.06142740946107687,0.03608755432678549

Transition Gammas
1.0,1.0,161.35025359073973,1968.6497464092581
1543.6180912280445,246.38190877195794,1.0,1.0
55.32169302211637,54.99391559091266,886.2446880728243,91.41610893219361
81.7761671329009,59.4516290953757,1147.1862876768914,81.54325332462152

90.18159207054619,26.482242734487738,73.05815358438785,934.1520077065819
31.448766102838,25.11859873013804,317.3267231465683,62.55183977920696
1.0724067444068832,1848.9213129190998,156.44504770374309,52.666534650909746
1541.6513633433667,1.1371781083719075,105.00950114959807,61.69128912991164

Iteration: ,15000
Error:,0.029795757442507453
Absolute Error:,0.06740347842023947
Transition Probabilities
0.0004022526146419957,0.0004022526146419957,0.06726322454701285,0.9319322702237032
0.8548838630854961,0.14417496044391565,0.0004705882352941172,0.0004705882352941172
0.050668327020492024,0.04886500706923205,0.8225059441152683,0.07796072179500776
0.057584733730983495,0.04167945359472899,0.8519522177853307,0.04878359488895683

0.07917554469375376,0.024939684192556353,0.06089661477729557,0.8349881563363943
0.06028048426529335,0.06052612872649228,0.7252067415232573,0.153986645484957
0.00040597088802334054,0.8952004585060447,0.0781535088980461,0.02624006170788591
0.9034968794512639,0.000592468053222375,0.06109124392682734,0.03481940856868632

Transition Gammas
1.0,1.0,167.2163762238737,2316.783623776123
1816.6282090566808,306.371790943321,1.0,1.0
60.4704638865734,58.31827926945547,981.6253844339245,93.04276042052025
97.7348690712149,70.73985891939354,1445.9637661809566,82.79726153756678

101.34746692924182,31.923668207239285,77.9497972021105,1068.8140496908686
43.37422973503294,43.55098079174791,521.8153801450941,110.79957665895991
1.0842828836147091,2390.9363040493145,208.73544013261676,70.08298036685495
1740.5022422701863,1.1413342962880926,117.68656810668428,67.0763342593142

Iteration: ,17429
Error:,0.03422494394997776
Absolute Error:,0.06778372641572597
Transition Probabilities
0.0003505082369435685,0.0003505082369435685,0.0619546713707841,0.9373443121553289
0.8551954750909757,0.14398652899900383,0.0004089979550102246,0.0004089979550102246
0.05593792239311882,0.05013096265067231,0.8202607548082834,0.07367036014792541
0.056167857814443285,0.04682202304575582,0.8557530738876722,0.0412570452521286

0.07748344478111173,0.02603006551113977,0.058976006642080005,0.8375104830656684
0.06371782832948866,0.05992271130353944,0.7240958340953911,0.15226362627158074
0.0003354559205783183,0.8941304902292556,0.08012821566916056,0.025405838181005624
0.9062917866982712,0.000540684964671753,0.059214536891395386,0.033952991445661704

*,*,*,*,*,*,*,*,*,*,*
Model Num 2
Model States: 
"['diamond', 'x', 'square']","['diamond', 'x', 'diamond']","['square', 'y', 'diamond', 'x', 'diamond']","['square', 'y', 'diamond', 'x', 'square']"
Iteration: ,17429
Error:,0.035234041107706865
Absolute Error:,0.06778372641572597
Transition Probabilities
0.0003505082369435685,0.0003505082369435685,0.0619546713707841,0.9373443121553289
0.8551954750909757,0.14398652899900383,0.0004089979550102246,0.0004089979550102246
0.05593792239311882,0.05013096265067231,0.8202607548082834,0.07367036014792541
0.056167857814443285,0.04682202304575582,0.8557530738876722,0.0412570452521286

0.07748344478111173,0.02603006551113977,0.058976006642080005,0.8375104830656684
0.06371782832948866,0.05992271130353944,0.7240958340953911,0.15226362627158074
0.0003354559205783183,0.8941304902292556,0.08012821566916056,0.025405838181005624
0.9062917866982712,0.000540684964671753,0.059214536891395386,0.033952991445661704

Transition Gammas
1.0,1.0,176.75667742084687,2674.2433225791506
2090.9529365974377,352.0470634025647,1.0,1.0
73.11567152072037,65.52547612377806,1072.151294580048,96.29349148032526
113.85705193757742,94.91224549376037,1734.684675019165,83.63155952254732

109.84575609194914,36.90197609659104,83.60836381479919,1187.311334791199
63.76035669081389,59.96270662015203,724.5791306871591,152.36525438233934
1.0922930265106472,2911.4182798867755,260.9090668344048,82.72508599618381
1918.5039435700685,1.1445610036154374,125.34961058919862,71.87414576690772

