0,1,2,3,4,5,6,7,8,9,10,11,12,13,14,15,16,17,18,19,20,21,22,23,24,25,26,27,28,29
github Code Version (SHA):,528ca1c557fe8e6666681dc5c9134b0f84d30530
Environment Observations,Environment Actions,alpha,epsilon,numActions,explore,patience,gainThresh,insertRandActions,useUpdatedPosterior,revisedSplitting,haveControl,confidence_factor
"['diamond', 'square']","['x', 'y']",0.85,0.99,75000,0.5,0,0.01,False,True,False,True,250

Model Num 0
Model States: 
['diamond'],['square']
Iteration: ,0
Error:,0.504513774120411
Absolute Error:,1
Transition Probabilities
0.5,0.5
0.5,0.5

0.5,0.5
0.5,0.5

Transition Gammas
1.0,1.0
1.0,1.0

1.0,1.0
1.0,1.0

Iteration: ,2419
Error:,0.09650940905485982
Absolute Error:,1
Transition Probabilities
0.4855595667870036,0.5144404332129964
0.12310030395136778,0.8768996960486323

0.146,0.854
0.8835904628330996,0.11640953716690042


Model Num 1
Model States: 
['square'],"['diamond', 'x', 'square']","['diamond', 'x', 'diamond']"
Iteration: ,0
Error:,0.5676658976410779
Absolute Error:,1
Transition Probabilities
0.3333333333333333,0.3333333333333333,0.3333333333333333
0.3333333333333333,0.3333333333333333,0.3333333333333333
0.3333333333333333,0.3333333333333333,0.3333333333333333

0.3333333333333333,0.3333333333333333,0.3333333333333333
0.3333333333333333,0.3333333333333333,0.3333333333333333
0.3333333333333333,0.3333333333333333,0.3333333333333333

Transition Gammas
1.0,1.0,1.0
1.0,1.0,1.0
1.0,1.0,1.0

1.0,1.0,1.0
1.0,1.0,1.0
1.0,1.0,1.0

Iteration: ,2500
Error:,0.06531183825276464
Absolute Error:,1
Transition Probabilities
0.8977932636469221,0.0701692059490557,0.032037530404022144
0.9959677419354839,0.0020161290322580645,0.0020161290322580645
0.0028818443804034563,0.8530380891012099,0.1440800665183865

0.11392405063291139,0.2943950466512834,0.5916809027158051
0.8407974718758084,0.1295185461136585,0.02968398201053291
0.9185209029869804,0.05656928784164796,0.024909809171371648

Transition Gammas
773.0,60.415686322136956,27.584313677863065
494.0,1.0,1.0
1.0,296.00421691812005,49.995783081880155

72.0,186.0576694836111,373.94233051638884
35.33530827884199,5.44313929077742,1.2474973942841598
84.3055564517171,5.192157602574544,2.286322844117506

Iteration: ,2849
Error:,0.05590009621635132
Absolute Error:,1
Transition Probabilities
0.899343544857768,0.06807688974593407,0.03257956539629791
0.996551724137931,0.0017241379310344827,0.0017241379310344827
0.002450980392156862,0.849253377009661,0.1482956425981821

0.104,0.3178146817390899,0.57818531826091
0.8677752091954418,0.09550599860471198,0.03671879219984622
0.9216141686446314,0.05588753850945116,0.022498292845917405


Model Num 2
Model States: 
"['diamond', 'x', 'square']","['diamond', 'x', 'diamond']","['square', 'y', 'diamond', 'x', 'diamond']","['square', 'y', 'diamond', 'x', 'square']"
Iteration: ,0
Error:,0.5068180597123575
Absolute Error:,0.6
Transition Probabilities
0.25,0.25,0.25,0.25
0.25,0.25,0.25,0.25
0.25,0.25,0.25,0.25
0.25,0.25,0.25,0.25

0.25,0.25,0.25,0.25
0.25,0.25,0.25,0.25
0.25,0.25,0.25,0.25
0.25,0.25,0.25,0.25

Transition Gammas
1.0,1.0,1.0,1.0
1.0,1.0,1.0,1.0
1.0,1.0,1.0,1.0
1.0,1.0,1.0,1.0

1.0,1.0,1.0,1.0
1.0,1.0,1.0,1.0
1.0,1.0,1.0,1.0
1.0,1.0,1.0,1.0

Iteration: ,2500
Error:,0.05373178151709769
Absolute Error:,0.0843025142155832
Transition Probabilities
0.0019305019305019288,0.0019305019305019288,0.0749169629688145,0.9212220331701817
0.8375732497474181,0.15738896687726703,0.00251889168765743,0.00251889168765743
0.07567057810864171,0.07134913491790484,0.7656662741665942,0.08731401280685931
0.06841963573986759,0.024679860522026004,0.8204355521893286,0.08646495154877769

0.08267469256893537,0.040220224693318256,0.05419894217854103,0.8229061405592054
0.13253528550884017,0.06852048553649474,0.6686835866679979,0.13026064228666728
0.002788904376470071,0.9147290518507852,0.05190928387089543,0.03057275990184912
0.8944838758879249,0.003154546214807906,0.050016830973284,0.05234474692398305

Transition Gammas
1.0,1.0,38.806986817845946,477.1930131821545
332.5165801497251,62.48341985027503,1.0,1.0
16.30266477692538,15.371641895218806,164.95711954009658,18.81115641900767
21.90630040326106,7.901890044571747,262.6834749034223,27.683970873250992

14.727193235002693,7.16459901583342,9.65468718169786,146.58775702347637
3.6612684015734813,1.8928686620477961,18.472288923805614,3.5984317062570526
1.0230849987397415,335.5602934097259,19.04246343894174,11.215347607307752
314.2955789716724,1.1084156525367868,17.574457486415586,18.392419342682764

Iteration: ,5000
Error:,0.04560608579576967
Absolute Error:,0.07055754313514431
Transition Probabilities
0.001009081735620583,0.001009081735620583,0.09116908009644777,0.9068127564323111
0.8518982106020285,0.14558289771031402,0.001259445843828715,0.001259445843828715
0.07712462362720635,0.06145234821854823,0.7916764628421664,0.06974656531207896
0.07169503027988185,0.03340260576881603,0.809426420003554,0.08547594394774799

0.06461672350372781,0.028927658486437396,0.042685828074797455,0.8637697899350374
0.10500074077035557,0.05751077388457765,0.7484486207831293,0.08903986456193745
0.0013797466150658412,0.9031380883747058,0.06513506324303048,0.030347101767198008
0.9043542453628022,0.0016906260428968258,0.0430175293758855,0.05093759921841535

Transition Gammas
1.0,1.0,90.34855837557993,898.6514416244221
676.4071792180109,115.59282078198939,1.0,1.0
34.56044273736112,27.53751346585913,354.75945001463305,31.254248814841652
45.75647766650813,21.317873482966956,516.5839496125712,54.551593116019774

25.29983633282627,11.326247842890655,16.713079919027976,338.19780901356654
5.400715258330118,2.9580678360747528,38.49647018376831,4.579767262699801
1.0286132938345178,673.2974255756266,48.55876522178389,22.62403253339329
612.8329654111334,1.1456477111511854,29.150700875527505,34.51771265520206

Iteration: ,7500
Error:,0.03840761234528626
Absolute Error:,0.06387534599665284
Transition Probabilities
0.0007256894049346874,0.0007256894049346874,0.07469571497151166,0.9238529062186189
0.8712273251762206,0.1270440663535979,0.0008643042350907514,0.0008643042350907514
0.06604859558548941,0.05503334927575264,0.80648237181029,0.07243568332846793
0.07158149461002952,0.03263237632547963,0.8090830154111426,0.0867031136533483

0.062278076316829176,0.034936942544029806,0.037392374360013365,0.8653926067791277
0.08656781219856616,0.03132229545645582,0.8066055355902931,0.0755043567546849
0.0009169092506034577,0.9055904682749296,0.06342566044967178,0.030066962024795234
0.9008036960386313,0.0011413295988133623,0.045237132374809946,0.052817841987745355

Transition Gammas
1.0,1.0,102.93069523074315,1273.069304769258
1008.0100152288878,146.98998477111286,1.0,1.0
44.65747968043072,37.20973406386714,545.2874480143532,48.97598544986839
68.89351630574288,31.406988115047984,778.7008949533329,83.44729886931827

42.104174514994796,23.6197264413043,25.279763741812655,585.0636932722426
8.17543724596848,2.9580678360747528,76.17557578264015,7.130607956560636
1.03438612043106,1021.6171453846154,71.55192600045768,33.91922175668654
922.0828510036989,1.168290555463707,46.30574249953747,54.06552674916477

Iteration: ,10000
Error:,0.03767404972488301
Absolute Error:,0.05993318736949285
Transition Probabilities
0.0005810575246949443,0.0005810575246949443,0.06486509022317848,0.9339727947274317
0.8776000776266173,0.12103005935968404,0.0006849315068493142,0.0006849315068493142
0.05729730428659142,0.056303732419253474,0.8090135130634083,0.07738545023074678
0.07196053822226428,0.03479157338530426,0.8207783515558877,0.07246953683654372

0.057752260821325244,0.035463305530393896,0.04260730171403889,0.864177131934242
0.07408303575551468,0.043528301102602855,0.8027278655160672,0.07966079762581521
0.0007040157659066006,0.90684800897512,0.06486675463465205,0.027581220624321213
0.887520504508511,0.0008070747230375434,0.055048984504740446,0.056623436263710795

Transition Gammas
1.0,1.0,111.63282027409025,1607.3671797259112
1281.2961133348629,176.70388666513892,1.0,1.0
54.88676586306887,53.93499427224602,774.9777380357745,74.12978919179523
84.32036945945293,40.76732045643413,961.7539773500532,84.9167928919435

57.749366869693176,35.46152847284743,42.605166672594976,864.1338282300096
12.809820218747388,7.526550523550052,138.8010026448492,13.774280247320329
1.0420719256244027,1342.3006937130565,96.0146451039922,40.82524437509677
1306.2689045069462,1.187867332599062,81.02210181955022,83.33940870310009

Iteration: ,12500
Error:,0.03612269495297164
Absolute Error:,0.06109768996397413
Transition Probabilities
0.0004849660523763331,0.0004849660523763331,0.05913867510654556,0.9398913927887018
0.8805372457532253,0.11832054979217731,0.0005711022272986856,0.0005711022272986856
0.056754366015899435,0.05683377472587754,0.8136859618661625,0.0727258973920606
0.07319660985689179,0.033022726331582215,0.8336617275463497,0.06011893626517635

0.06105727359824866,0.03802801714366903,0.038797271742903344,0.8621174375151791
0.07047936505823846,0.05602456984430383,0.7693543259170368,0.10414173918042091
0.0005162061276494199,0.8998690525671932,0.0682792745589782,0.031335466746179215
0.8942631652420692,0.0007046403073248391,0.051623788714087064,0.05340840573651884

Transition Gammas
1.0,1.0,121.94394806969707,1938.0560519303053
1541.8207173138999,207.1792826861028,1.0,1.0
63.47773809999005,63.56655391538364,910.0787835161266,81.3413274046034
110.24596547220187,49.737581481812356,1255.629764961273,90.54886810570085

72.77082657304652,45.32351474924285,46.24034725309385,1027.510644248876
30.515020791109748,24.256616276256796,333.1026497144124,45.08961358671326
1.0583893709507233,1845.0223456693313,139.99457693095803,64.24783271937434
1515.2488512597567,1.1939498994529936,87.47188700937109,90.49576073947867

Iteration: ,15000
Error:,0.03929247338524463
Absolute Error:,0.06066249780241505
Transition Probabilities
0.0004086636697997552,0.0004086636697997552,0.055640958531924606,0.943541714128476
0.8798165289039359,0.11921400914744551,0.00048473097430925795,0.00048473097430925795
0.05616735577975811,0.06093996043382201,0.8146084991338235,0.0682841846525964
0.07147584669733749,0.03425976463726555,0.843500545523739,0.05076384314165797

0.061796639053571176,0.03921047046090926,0.03792830776609053,0.861064582719429
0.07082439258129312,0.055114187553249414,0.7595139637151017,0.11454745615035564
0.00040223302067069497,0.8899636666500192,0.07548491166497537,0.0341491886643348
0.8993217720369674,0.0006264971526314698,0.04871375821789505,0.05133797259250601

Transition Gammas
1.0,1.0,136.1534255276194,2308.8465744723785
1815.0614991288214,245.9385008711803,1.0,1.0
68.76093401769425,74.60362946160005,997.2561549600335,83.59454081762816
131.94412982515988,63.24338978760462,1557.0986651959897,93.70985331967357

82.62677168983508,52.42735916132877,50.713010842771006,1151.3083523018854
49.93393074727932,38.85762975400971,535.4866633301532,80.76037836997486
1.0697666041648435,2366.9200701493937,200.75735573095648,90.82213472060562
1719.8899018970392,1.1981319255037686,93.16165075448397,98.18027694995978

Iteration: ,17500
Error:,0.038729360265215874
Absolute Error:,0.06094119267301504
Transition Probabilities
0.00035625222657641626,0.00035625222657641626,0.053147858701213906,0.9461396368456333
0.8773352943459909,0.12182472245367312,0.0004199916001679962,0.0004199916001679962
0.056683117393534876,0.06178382233114236,0.8160411810691094,0.06549187920621344
0.06716929534102113,0.03479169110647051,0.8537023566360965,0.04433665691641197

0.068403672905454,0.038691479094210314,0.035404210237416134,0.8575006377629195
0.06113366702686196,0.05403792047188117,0.7593008061793901,0.12552760632186677
0.0003292689547318604,0.8894271538041963,0.07653272863295753,0.03371084860811435
0.9016881712034636,0.0005648994847566603,0.048282743553215,0.04946418575856484

Transition Gammas
1.0,1.0,149.18603937430737,2655.8139606256914
2088.9353358378066,290.06466416219604,1.0,1.0
75.2678262752316,82.04090070689377,1083.5968216728695,86.96471918275199
146.23457463516598,75.74514700447737,1858.5992357653408,96.5255349486629

102.46313735895788,57.95668812303239,53.03262679557887,1284.46619750868
60.660620077881234,53.619779786859695,753.425403194584,124.55628472328964
1.0788287942010737,2914.151516803865,250.75461916914944,110.45145202044134
1917.3494856485597,1.2012021130272963,102.66841295466968,105.18063134356976

Iteration: ,17566
Error:,0.03926729182868213
Absolute Error:,0.06122725630002479
Transition Probabilities
0.00035511363636363664,0.00035511363636363664,0.05334105311479231,0.9459487196124805
0.8773468503052095,0.12181632961110841,0.0004184100418410037,0.0004184100418410037
0.056563143996862665,0.061653052970434885,0.8164173054692736,0.0653664975634288
0.06688808363018953,0.03464603182972654,0.8543043194488877,0.04416156509119627

0.06820829240780629,0.03858096513905177,0.035617569917274244,0.8575931725358676
0.0625091644107437,0.05360845342133398,0.7572549851440609,0.12662739702386155
0.00032773338293013793,0.8899632911028162,0.07616160017441864,0.033547375339834984
0.9019186290699559,0.0005635921044246061,0.04816955315187681,0.049348225673742654

*,*,*,*,*,*,*,*,*,*,*
Model Num 2
Model States: 
"['diamond', 'x', 'square']","['diamond', 'x', 'diamond']","['square', 'y', 'diamond', 'x', 'diamond']","['square', 'y', 'diamond', 'x', 'square']"
Iteration: ,17566
Error:,0.03930030689833526
Absolute Error:,0.06122725630002479
Transition Probabilities
0.00035511363636363664,0.00035511363636363664,0.05334105311479231,0.9459487196124805
0.8773468503052095,0.12181632961110841,0.0004184100418410037,0.0004184100418410037
0.056563143996862665,0.061653052970434885,0.8164173054692736,0.0653664975634288
0.06688808363018953,0.03464603182972654,0.8543043194488877,0.04416156509119627

0.06820829240780629,0.03858096513905177,0.035617569917274244,0.8575931725358676
0.0625091644107437,0.05360845342133398,0.7572549851440609,0.12662739702386155
0.00032773338293013793,0.8899632911028162,0.07616160017441864,0.033547375339834984
0.9019186290699559,0.0005635921044246061,0.04816955315187681,0.049348225673742654

Transition Gammas
1.0,1.0,150.208405571255,2663.791594428743
2096.8589722294532,291.14102777054944,1.0,1.0
75.2678262752316,82.04090070689377,1086.395691151156,86.9823322249803
146.23457463516598,75.74514700447737,1867.729227440554,96.54855298350223

102.46313735895788,57.95668812303239,53.50504799337684,1288.2845169363945
62.52237131375317,53.619779786859695,757.414977574555,126.65415079295445
1.0790301075274258,2930.11708819067,250.75461916914944,110.45145202044134
1922.3461336438804,1.2012381915318282,102.66841295466968,105.18063134356976

