0,1,2,3,4,5,6,7,8,9,10,11,12,13,14,15,16,17,18,19,20,21,22,23,24,25,26,27,28,29
github Code Version (SHA):,528ca1c557fe8e6666681dc5c9134b0f84d30530
Environment Observations,Environment Actions,alpha,epsilon,numActions,explore,patience,gainThresh,insertRandActions,useUpdatedPosterior,revisedSplitting,haveControl,confidence_factor
"['diamond', 'square']","['x', 'y']",0.85,0.99,75000,0.5,0,0.01,False,True,False,True,250

Model Num 0
Model States: 
['diamond'],['square']
Iteration: ,0
Error:,0.5049579422281257
Absolute Error:,1
Transition Probabilities
0.5,0.5
0.5,0.5

0.5,0.5
0.5,0.5

Transition Gammas
1.0,1.0
1.0,1.0

1.0,1.0
1.0,1.0

Iteration: ,2488
Error:,0.08044065115192477
Absolute Error:,1
Transition Probabilities
0.4151291512915129,0.584870848708487
0.12195121951219512,0.8780487804878049

0.102,0.898
0.9019867549668874,0.09801324503311258


Model Num 1
Model States: 
['square'],"['diamond', 'x', 'square']","['diamond', 'x', 'diamond']"
Iteration: ,0
Error:,0.5657366169528362
Absolute Error:,1
Transition Probabilities
0.3333333333333333,0.3333333333333333,0.3333333333333333
0.3333333333333333,0.3333333333333333,0.3333333333333333
0.3333333333333333,0.3333333333333333,0.3333333333333333

0.3333333333333333,0.3333333333333333,0.3333333333333333
0.3333333333333333,0.3333333333333333,0.3333333333333333
0.3333333333333333,0.3333333333333333,0.3333333333333333

Transition Gammas
1.0,1.0,1.0
1.0,1.0,1.0
1.0,1.0,1.0

1.0,1.0,1.0
1.0,1.0,1.0
1.0,1.0,1.0

Iteration: ,2500
Error:,0.06681092531655744
Absolute Error:,1
Transition Probabilities
0.9106728538283063,0.05731168381721853,0.032015462354475194
0.9955654101995566,0.0022172949002217295,0.0022172949002217295
0.0029498525073746312,0.8220117455682345,0.17503840192439082

0.1069182389937107,0.2775798068356866,0.6155019541706026
0.8104449858781702,0.13189180343777568,0.057663210684054146
0.9180767582897643,0.05177162264058545,0.03015161906965036

Transition Gammas
785.0,49.40267145044238,27.59732854955762
449.0,1.0,1.0
1.0,278.6619817476315,59.338018252368485

68.0,176.5407571474967,391.4592428525033
43.1928423431217,7.029202440021274,3.0731733942135406
116.43655255842583,6.566018806374051,3.824027290555712

Iteration: ,2807
Error:,0.07295275556717307
Absolute Error:,1
Transition Probabilities
0.9107929515418502,0.05745025744075311,0.03175679101739667
0.9962616822429906,0.001869158878504673,0.001869158878504673
0.0026178010471204194,0.8225685886312823,0.17481361032159715

0.11466666666666667,0.30951265966247016,0.5758206736708631
0.8113639578154946,0.13740870215316756,0.05122734003133783
0.9175347628298278,0.04966693735819387,0.03279829981197831


Model Num 2
Model States: 
"['diamond', 'x', 'square']","['diamond', 'x', 'diamond']","['square', 'y', 'diamond', 'x', 'diamond']","['square', 'y', 'diamond', 'x', 'square']"
Iteration: ,0
Error:,0.5071022988415064
Absolute Error:,0.6
Transition Probabilities
0.25,0.25,0.25,0.25
0.25,0.25,0.25,0.25
0.25,0.25,0.25,0.25
0.25,0.25,0.25,0.25

0.25,0.25,0.25,0.25
0.25,0.25,0.25,0.25
0.25,0.25,0.25,0.25
0.25,0.25,0.25,0.25

Transition Gammas
1.0,1.0,1.0,1.0
1.0,1.0,1.0,1.0
1.0,1.0,1.0,1.0
1.0,1.0,1.0,1.0

1.0,1.0,1.0,1.0
1.0,1.0,1.0,1.0
1.0,1.0,1.0,1.0
1.0,1.0,1.0,1.0

Iteration: ,2500
Error:,0.03348764009313005
Absolute Error:,0.09091429987396205
Transition Probabilities
0.001869158878504672,0.001869158878504672,0.08070247834206665,0.915559203900924
0.8327099787401736,0.16191367717380484,0.0026881720430107533,0.0026881720430107533
0.04794312870185474,0.04809916011703019,0.7870164805002368,0.11694123068087836
0.11118051202893679,0.02454828266138362,0.7615415373725095,0.1027296679371702

0.04603938937596812,0.05127384965925835,0.12303295994349561,0.7796538010212779
0.08465032535219201,0.05723802475135616,0.703268957402257,0.15484269249419472
0.002980120422726448,0.8770235811168284,0.0391227137166941,0.08087358474375107
0.9075380124319566,0.0030990809377176563,0.05181459843488258,0.03754830819544319

Transition Gammas
1.0,1.0,43.175825913005674,489.82417408699456
309.7681120913445,60.23188790865538,1.0,1.0
9.785161445955865,9.817007356505997,160.62955278145762,23.86762927002913
35.19775932149362,7.771546731557523,241.09041464732098,32.52237340198958

7.634424857061955,8.50242276584643,20.40178856326935,129.28512821515926
2.792003856577493,1.8878697179694441,23.195771937189477,5.107143921868454
1.0749085125871232,316.3362479894849,14.111288150936465,29.17053419101842
337.1846931572878,1.1514257703142485,19.251082858244327,13.950616507542746

Iteration: ,5000
Error:,0.03162350797113603
Absolute Error:,0.08331724392894521
Transition Probabilities
0.000973709834469328,0.000973709834469328,0.08338399210919728,0.914668588221864
0.8496132656488021,0.14768767902056362,0.001349527665317139,0.001349527665317139
0.05281877755083041,0.04107108184715444,0.7971961431656495,0.10891399743636568
0.11079476728303804,0.027377243641567916,0.7698762185797591,0.09195177049563509

0.03811274486949181,0.05338063817361691,0.09041372142963011,0.8180928955272613
0.066671072145154,0.02892977284983748,0.7353011589480705,0.16909799605693795
0.0014972808787733583,0.8910077998109482,0.034985383009702664,0.0725095363005757
0.9049926040347541,0.0015696757431370235,0.05824501136245059,0.035192708859658355

Transition Gammas
1.0,1.0,85.63535989614563,939.3646401038545
629.5634298457624,109.43657015423764,1.0,1.0
21.863443935036933,17.00068303270409,329.98592526221444,45.08311602628713
68.64862277204223,16.96298586455006,477.0165902820516,56.97347050561149

14.223485144869745,19.921386315417873,33.7419471636151,305.3081636208752
4.3507530743747065,1.8878697179694441,47.983535811747565,11.034825187955217
1.0857767439321981,646.1282992470265,25.37019993243749,52.58142900547236
679.8830602859383,1.1792316789581418,43.75703889174703,26.438808994219936

Iteration: ,7500
Error:,0.03710868365345823
Absolute Error:,0.0801666543376727
Transition Probabilities
0.0006997900629811062,0.0006997900629811062,0.07074566692991066,0.9278547529441272
0.8728171270379406,0.1253446376679417,0.0009191176470588235,0.0009191176470588235
0.05784234690478563,0.05365111941917897,0.7954744351553662,0.09303209852066914
0.10001691719309298,0.03262550017327347,0.7613743078137363,0.10598327481989737

0.044137252002127945,0.05309635750395328,0.08519805428540293,0.8175683362085159
0.08059423161737703,0.026009588608570625,0.7589185824529692,0.13447759732108316
0.0010030063096103125,0.8864329786114021,0.036202340243484656,0.07636167483550299
0.91027189299425,0.0010723590834420826,0.05761250609486586,0.031043241827441954

Transition Gammas
1.0,1.0,101.09555804284227,1325.904441957157
949.6250342172793,136.37496578272058,1.0,1.0
35.57042151102189,32.99300658425524,489.18072093954726,57.21052369957224
94.72336828992363,30.89874548512247,721.0774035985455,100.37394727889706

29.344108014565368,35.30045888903246,56.642876349917174,543.5502320315396
8.902478271724567,2.8730318882321852,83.83051807443304,14.854461220851721
1.0955119931451383,968.1872884383442,39.54122475268081,83.40439117620754
1019.02126448375,1.2004728670631257,64.49542083272785,34.751950251499814

Iteration: ,10000
Error:,0.034826249191015214
Absolute Error:,0.07808450260030095
Transition Probabilities
0.0005534034311012725,0.0005534034311012725,0.0668398597046774,0.9320533334331201
0.884851174503395,0.11369744668673559,0.0007256894049346871,0.0007256894049346871
0.056563388685214135,0.046098614432038054,0.8010981551884137,0.09623984169433426
0.09585973798958165,0.03286204576486185,0.7775816688205883,0.09369654742496816

0.04958498161242673,0.05417357672448392,0.08474326937710853,0.8114981722859809
0.07917921144396937,0.048358017169063294,0.7397559638554124,0.13270680753155495
0.0007737469193628455,0.8901756534191125,0.033179889349924795,0.07587071031159977
0.9047496177579036,0.0007680683627566399,0.06327584411464858,0.0312064697646913

Transition Gammas
1.0,1.0,120.77962648635213,1684.220373513649
1219.3249184656797,156.67508153432183,1.0,1.0
48.7637888043243,39.74201600342767,690.6336794731895,82.96920364976103
112.08467694052436,38.424179539898,909.1928683771463,109.55535106627833

49.8692398905464,54.48414026889848,85.22908131152965,816.1502880204247
13.932007396926625,8.50885277351936,130.1640338720393,23.35047533859924
1.1051964199555493,1271.4996605098431,47.39313851388887,108.37140067053704
1438.085735247501,1.2208329625078504,100.57599033036534,49.60220831841624

Iteration: ,12500
Error:,0.03972108823282948
Absolute Error:,0.07421206655805132
Transition Probabilities
0.0004510599909788,0.0004510599909788,0.0611239459578251,0.9379739340602172
0.8795699890397647,0.11927460945821336,0.000577700751010976,0.000577700751010976
0.05976047025497002,0.04537940509711966,0.7971014940477346,0.0977586306001759
0.09152300756899184,0.03938821652203389,0.794401397851955,0.07468737805701926

0.05138006232615492,0.05721265821083602,0.08035477289635215,0.811052506566657
0.0650218987881638,0.05775205686950311,0.7522663802344334,0.12495966410789987
0.0005804270039586187,0.887618845972663,0.03405383635285172,0.0777468906705267
0.9079614573664168,0.0006749530420673848,0.06201626025871696,0.02934732933279879

Transition Gammas
1.0,1.0,135.51178818849831,2079.4882118115024
1522.5356510278336,206.46434897216747,1.0,1.0
61.858782449978094,46.972768715431855,825.0893558982764,101.1911358311497
140.73336841265643,60.56658903756278,1221.537486157809,114.84550793362466

59.87033851281444,66.66673918293482,93.6329626049513,945.0745273832426
23.17063861732299,20.58002094786459,268.0711078149364,44.52953962816716
1.121260295765974,1714.6889496439019,65.78469706017823,150.190292721692
1649.9463362668273,1.2265237581134596,112.69586453552118,53.329927299244794

Iteration: ,15000
Error:,0.03778179089332184
Absolute Error:,0.07003500164718512
Transition Probabilities
0.0003886513797123972,0.0003886513797123972,0.057425031769007186,0.9417976654715681
0.876919650160921,0.1221136992832549,0.00048332527791203437,0.00048332527791203437
0.06138297701611041,0.04769435682720252,0.7993463420575596,0.09157632409912753
0.0897777229947674,0.03826866557299622,0.8101898540394297,0.06176375739280673

0.05079561661752778,0.058839844787884635,0.07632886620009505,0.8140356723944926
0.05356556821347461,0.055445908142408795,0.7636256679320184,0.1273628557120982
0.00044729791323345894,0.8905084822934504,0.034876375866197365,0.0741678439271189
0.9095247052782413,0.0006117564933682976,0.06098349381761817,0.02888004441077215

Transition Gammas
1.0,1.0,147.75460674165578,2423.2453932583494
1814.346756182947,252.6532438170546,1.0,1.0
68.40721399908635,53.15216420948311,890.8179260541065,102.05567576584868
170.20350452000793,72.55097118254785,1535.9840713726035,117.09372447764082

67.26204229760079,77.91396959912683,101.07241074630697,1077.921786846873
34.13680088175019,35.335122712076334,486.65100070442963,81.16707411462279
1.1380191475224888,2265.6392393053798,88.73277151017776,188.69845805756646
1828.2767566407924,1.229719402956929,122.5856797934811,58.053083792612085

Iteration: ,17500
Error:,0.03672522886952929
Absolute Error:,0.0676565809427168
Transition Probabilities
0.00034223134839151206,0.00034223134839151206,0.052306653964481066,0.947008883338736
0.8718835252482029,0.127282446394833,0.0004170141784820683,0.0004170141784820683
0.06259874028062937,0.04873765687006164,0.8025233822113311,0.08614022063797798
0.08518597408679351,0.03999944540920047,0.820857801502807,0.05395677900119912

0.052146727802617567,0.05921576042647133,0.0736856173090248,0.8149518944618863
0.055471006413638745,0.04796481930954591,0.7664670260865393,0.13009714819027596
0.00036511830339989207,0.8921477027921665,0.035315236633908,0.07217194227052577
0.9074468953428787,0.000555494290134661,0.06250662404128231,0.02949098632570422

Transition Gammas
1.0,1.0,152.84004288421394,2767.1599571157913
2090.776693545191,305.2233064548096,1.0,1.0
75.51467839367311,58.79365092180246,968.1072628524496,103.91344984061635
191.0357896771789,89.70168765823227,1840.8337757925883,121.00203109057492

77.27890793678354,87.75486960035494,109.19849195222864,1207.7189706592897
51.35435008494284,44.40521782164412,709.58539480429,120.44228012371951
1.1502903185065871,2810.6749391737685,111.2592121991262,227.3747596013469
2013.5077238494669,1.2325702467887054,138.69414391607063,65.43669834068649

Iteration: ,18139
Error:,0.03788357371339172
Absolute Error:,0.06703692651293298
Transition Probabilities
0.00033211557622052406,0.00033211557622052406,0.05117820580387046,0.9481575630436885
0.8731571700545062,0.12603702817272983,0.0004029008863819502,0.0004029008863819502
0.06399227516694005,0.049875565226971785,0.8007772190366957,0.08535494056939252
0.08339666417443586,0.039909235585890955,0.8246559965510591,0.05203810368861395

0.051841324887276656,0.059444683887202185,0.07388657750047149,0.8148274137250496
0.05627009109187801,0.04692912364892428,0.7690635631442994,0.12773722211489832
0.00034839383774775367,0.8924906213231253,0.0354428657207303,0.07171811911839658
0.906949547150327,0.0005440007486653325,0.06264527435571088,0.02986117774529677

*,*,*,*,*,*,*,*,*,*,*
Model Num 2
Model States: 
"['diamond', 'x', 'square']","['diamond', 'x', 'diamond']","['square', 'y', 'diamond', 'x', 'diamond']","['square', 'y', 'diamond', 'x', 'square']"
Iteration: ,18139
Error:,0.03756735714008945
Absolute Error:,0.06703692651293298
Transition Probabilities
0.00033211557622052406,0.00033211557622052406,0.05117820580387046,0.9481575630436885
0.8731571700545062,0.12603702817272983,0.0004029008863819502,0.0004029008863819502
0.06399227516694005,0.049875565226971785,0.8007772190366957,0.08535494056939252
0.08339666417443586,0.039909235585890955,0.8246559965510591,0.05203810368861395

0.051841324887276656,0.059444683887202185,0.07388657750047149,0.8148274137250496
0.05627009109187801,0.04692912364892428,0.7690635631442994,0.12773722211489832
0.00034839383774775367,0.8924906213231253,0.0354428657207303,0.07171811911839658
0.906949547150327,0.0005440007486653325,0.06264527435571088,0.02986117774529677

Transition Gammas
1.0,1.0,154.0975776754543,2854.902422324552
2167.1760960752836,312.8239039247153,1.0,1.0
78.76509835235936,61.389500376937384,985.6392236595979,105.05940398695574
194.4850479555732,93.07026454388487,1923.137605367759,121.35537064442347

78.93304638867998,90.50983941925712,112.49891205571556,1240.6474986157746
56.29294681554749,46.94818526871833,769.3759405359547,127.7891062791908
1.1527763728597658,2953.100743432609,117.27445712998302,237.30314451051996
2057.1120554986533,1.2338839594726234,142.08987644578815,67.73010574209638

