0,1,2,3,4,5,6,7,8,9,10,11,12,13,14,15,16,17,18,19,20,21,22,23,24,25,26,27,28,29
github Code Version (SHA):,528ca1c557fe8e6666681dc5c9134b0f84d30530
Environment Observations,Environment Actions,alpha,epsilon,numActions,explore,patience,gainThresh,insertRandActions,useUpdatedPosterior,revisedSplitting,haveControl,confidence_factor
"['rose', 'volcano', 'nothing']","['b', 'f', 't']",0.85,0.99,75000,0.5,0,0.01,False,True,False,True,250

Model Num 0
Model States: 
['rose'],['volcano'],['nothing']
Iteration: ,0
Error:,0.6158261149880164
Absolute Error:,1
Transition Probabilities
0.3333333333333333,0.3333333333333333,0.3333333333333333
0.3333333333333333,0.3333333333333333,0.3333333333333333
0.3333333333333333,0.3333333333333333,0.3333333333333333

0.3333333333333333,0.3333333333333333,0.3333333333333333
0.3333333333333333,0.3333333333333333,0.3333333333333333
0.3333333333333333,0.3333333333333333,0.3333333333333333

0.3333333333333333,0.3333333333333333,0.3333333333333333
0.3333333333333333,0.3333333333333333,0.3333333333333333
0.3333333333333333,0.3333333333333333,0.3333333333333333

Transition Gammas
1.0,1.0,1.0
1.0,1.0,1.0
1.0,1.0,1.0

1.0,1.0,1.0
1.0,1.0,1.0
1.0,1.0,1.0

1.0,1.0,1.0
1.0,1.0,1.0
1.0,1.0,1.0

Iteration: ,2500
Error:,0.1549254573782523
Absolute Error:,1
Transition Probabilities
0.05491329479768786,0.05202312138728324,0.8930635838150289
0.07671232876712329,0.052054794520547946,0.8712328767123287
0.4171511627906977,0.46511627906976744,0.11773255813953488

0.08,0.064,0.856
0.07586206896551724,0.06896551724137931,0.8551724137931035
0.4228187919463087,0.4429530201342282,0.1342281879194631

0.7941176470588235,0.058823529411764705,0.14705882352941177
0.04316546762589928,0.8561151079136691,0.10071942446043165
0.04240282685512368,0.05653710247349823,0.901060070671378

Transition Gammas
19.0,18.0,309.0
28.0,19.0,318.0
287.0,320.0,81.0

10.0,8.0,107.0
11.0,10.0,124.0
126.0,132.0,40.0

108.0,8.0,20.0
6.0,119.0,14.0
12.0,16.0,255.0

Iteration: ,5000
Error:,0.1450173803755048
Absolute Error:,1
Transition Probabilities
0.05217391304347826,0.050724637681159424,0.8971014492753623
0.06666666666666667,0.04964539007092199,0.8836879432624114
0.437137330754352,0.44390715667311414,0.11895551257253385

0.06563706563706563,0.05019305019305019,0.8841698841698842
0.06201550387596899,0.06589147286821706,0.872093023255814
0.44534883720930235,0.4511627906976744,0.10348837209302325

0.8222222222222222,0.04814814814814815,0.12962962962962962
0.05058365758754864,0.8521400778210116,0.09727626459143969
0.049132947976878616,0.059248554913294796,0.8916184971098265

Transition Gammas
36.0,35.0,619.0
47.0,35.0,623.0
452.0,459.0,123.0

17.0,13.0,229.0
16.0,17.0,225.0
383.0,388.0,89.0

222.0,13.0,35.0
13.0,219.0,25.0
34.0,41.0,617.0

Iteration: ,5171
Error:,0.146903336732806
Absolute Error:,1
Transition Probabilities
0.054317548746518104,0.05153203342618384,0.8941504178272981
0.06815020862308763,0.048678720445062586,0.8831710709318498
0.43779677113010446,0.44254510921177587,0.11965811965811966

0.06415094339622641,0.052830188679245285,0.8830188679245283
0.0599250936329588,0.06367041198501873,0.8764044943820225
0.45146726862302483,0.4469525959367946,0.10158013544018059

0.8243727598566308,0.04659498207885305,0.12903225806451613
0.05019305019305019,0.8532818532818532,0.09652509652509653
0.050666666666666665,0.06133333333333333,0.888


Model Num 1
Model States: 
['rose'],['volcano'],"['nothing', 'b', 'volcano']","['nothing', 'b', 'rose']"
Iteration: ,0
Error:,0.5795213112794194
Absolute Error:,0.6
Transition Probabilities
0.25,0.25,0.25,0.25
0.25,0.25,0.25,0.25
0.25,0.25,0.25,0.25
0.25,0.25,0.25,0.25

0.25,0.25,0.25,0.25
0.25,0.25,0.25,0.25
0.25,0.25,0.25,0.25
0.25,0.25,0.25,0.25

0.25,0.25,0.25,0.25
0.25,0.25,0.25,0.25
0.25,0.25,0.25,0.25
0.25,0.25,0.25,0.25

Transition Gammas
1.0,1.0,1.0,1.0
1.0,1.0,1.0,1.0
1.0,1.0,1.0,1.0
1.0,1.0,1.0,1.0

1.0,1.0,1.0,1.0
1.0,1.0,1.0,1.0
1.0,1.0,1.0,1.0
1.0,1.0,1.0,1.0

1.0,1.0,1.0,1.0
1.0,1.0,1.0,1.0
1.0,1.0,1.0,1.0
1.0,1.0,1.0,1.0

Iteration: ,2500
Error:,0.060689827820129154
Absolute Error:,0.06583795952458643
Transition Probabilities
0.08099688473520247,0.05919003115264797,0.7824417600126069,0.07737132409954273
0.05089820359281437,0.0688622754491018,0.07314557473862464,0.8070939462194592
0.0025834454147206577,0.9145396768111129,0.03799454089818305,0.044882336875983454
0.8899104395886835,0.00241823489018664,0.03822272701529884,0.06944859850583096

0.05434782608695652,0.04891304347826087,0.01659234317501306,0.8801467872597696
0.048484848484848485,0.07878787878787878,0.8204180649742024,0.05230920775307042
0.8353980333727563,0.07948783740916934,0.051246336380561856,0.033867792837512546
0.08201336363422078,0.7918348728606858,0.05820522306395176,0.0679465404411417

0.7934782608695651,0.08695652173913042,0.04571295134044129,0.07385226605086305
0.06329113924050633,0.7721518987341772,0.04192951737376854,0.1226274446515479
0.047640064065373335,0.1128976598494454,0.1273159836512791,0.7121462924339022
0.06532706848186592,0.06505781356672731,0.735739510378017,0.13387560757338982

Transition Gammas
26.0,19.0,251.16380496404685,24.83619503595322
17.0,23.0,24.430621962700627,269.5693780372994
1.0,354.0,14.706926138902498,17.373054069670165
368.0,1.0,15.806043974640028,28.718714955134445

10.0,9.0,3.052991144202403,161.9470088557976
8.0,13.0,135.3689807207434,8.63101927925662
73.57670339005422,7.000798185458161,4.513461058169769,2.982866188972199
6.926722191818287,66.87715200369048,4.915923361891982,5.738660002167666

146.0,16.0,8.411183046641199,13.588816953358803
10.0,122.0,6.62486374505543,19.375136254944568
2.693826506245856,6.383843400760995,7.199133295831601,40.26859737742304
6.358791953939979,6.332583277693968,71.61525210772545,13.031154711967599

Iteration: ,5000
Error:,0.0469437965638356
Absolute Error:,0.05294889796824073
Transition Probabilities
0.07384615384615385,0.05846153846153846,0.8035557594934563,0.06413654819885144
0.050445103857566766,0.06824925816023739,0.07613102871833616,0.8051746092638596
0.0013016101786696255,0.913730345426077,0.038199542481561016,0.04676850191369237
0.8951228249391393,0.00124150183764097,0.03613448360792736,0.06750118961529233

0.06051873198847262,0.05475504322766571,0.026247688362197635,0.858478536421664
0.041401273885350316,0.0732484076433121,0.8345734060183176,0.050776912453019886
0.8235634592815356,0.07420784650342988,0.06916937692922775,0.033059317285806786
0.05883831193551875,0.7794062584611033,0.08422198543885862,0.07753344416451922

0.8401162790697675,0.06395348837209303,0.04049230329649444,0.0554379292616451
0.054878048780487805,0.8109756097560976,0.035672156122429216,0.0984741853409854
0.025884124514315508,0.08388792228707696,0.10323993823222828,0.7869880149663792
0.06831405293469314,0.06676429412551195,0.753857324584509,0.11106432835528592

Transition Gammas
48.0,38.0,522.3112436707465,41.68875632925344
34.0,46.0,51.31231335615857,542.6876866438414
1.0,702.0,29.347913152157997,35.9312662732051
721.0,1.0,29.105461234425576,54.370591785473465

21.0,19.0,9.107947861682579,297.8920521383174
13.0,23.0,262.05604948975173,15.943950510248245
143.72525983083597,12.950479893190877,12.07118475140095,5.769390219033914
10.172745929120019,134.75406724074554,14.561411286824349,13.405007767041972

289.0,22.0,13.929352333994087,19.070647666005915
18.0,266.0,11.700467208156782,32.29953279184321
3.52545375610731,11.425651679099659,14.061423163831538,107.18886210890363
13.225945279078811,12.925904155393825,145.95058110106632,21.502614267212643

Iteration: ,7500
Error:,0.04471243416166024
Absolute Error:,0.046944998988276254
Transition Probabilities
0.07077856420626898,0.05965621840242671,0.8075471626483091,0.06201805474299534
0.056943056943056895,0.06393606393606388,0.07117326807169777,0.8079476110491814
0.0009000121782442183,0.9135123609178816,0.03871382095551077,0.04687380594836354
0.8992262263102442,0.0008688176099615886,0.03325837982063899,0.06664657625915514

0.07017543859649121,0.0604288499025341,0.033604273554031346,0.8357914379469434
0.04498977505112475,0.065439672801636,0.8418692557071266,0.047701296440112624
0.8274303046711866,0.07071939325074326,0.063504673675544,0.03834562840252604
0.05772999439061708,0.8081953880986698,0.06996952601818276,0.06410509149253031

0.8326446280991735,0.05991735537190083,0.044398837374005996,0.06303917915491963
0.0471311475409836,0.819672131147541,0.03614775910944287,0.09704896220203249
0.047644834490788025,0.08107779236389169,0.08566170003929806,0.7856156731060222
0.06542676562296831,0.07301916165429505,0.7593680311907968,0.10218604153193993

Transition Gammas
70.0,59.0,798.6641438591774,61.33585614082238
57.0,64.0,71.24444133976952,808.7555586602313
1.0,1015.0,43.014774567867875,52.08130187727786
1035.0,1.0,38.2800480092817,76.70951359066221

36.0,31.0,17.238992333218086,428.76100766678206
22.0,32.0,411.67406604078485,23.32593395921507
244.9521751814569,20.93574420285024,18.799901167742178,11.351826290229049
17.658465124529933,247.21100747007617,21.402296120312567,19.608481420702024

403.0,29.0,21.489037289018903,30.5109627109811
23.0,400.0,17.640106445408122,47.35989355459186
10.870592650155215,18.49861927702027,19.544478573580466,179.24520156669385
18.618640959329127,20.779226071283414,216.09505825503848,29.079310282615918

Iteration: ,10000
Error:,0.0391564286063401
Absolute Error:,0.03960843893063279
Transition Probabilities
0.06660899653979241,0.05795847750865054,0.8192374850010288,0.05619504095052819
0.05749128919860623,0.06881533101045291,0.06348373683146938,0.8102096429594716
0.0007098836793230193,0.9136202952887258,0.03811434019873939,0.047555480833211684
0.8960106705229969,0.0006935067109311121,0.03544995233180171,0.0678458704342704

0.07040572792362768,0.058472553699284,0.0351140195123971,0.8360076988646912
0.05042016806722694,0.0636254501800721,0.8503633921777548,0.03559098957494623
0.844616457451449,0.06133714197552957,0.05940558069761979,0.03464081987540163
0.051233586981681956,0.820391962266013,0.06442433776015359,0.0639501129921516

0.8265625,0.0625,0.05012121357101117,0.06081628642898884
0.05657492354740061,0.8180428134556575,0.038168446461805436,0.08721381653513642
0.041462138113730396,0.07139617375204586,0.07557723084895406,0.8115644572852697
0.05856909761463255,0.06726322605361303,0.7805661382565381,0.09360153807521644

Transition Gammas
77.0,67.0,947.0385326611889,64.96146733881056
66.0,79.0,72.8793298825269,930.1206701174741
1.0,1287.0,53.69096558902036,66.99052565705269
1292.0,1.0,51.11695643753194,97.83015703363498

59.0,49.0,29.425548351388773,700.5744516486113
42.0,53.0,708.3527056840691,29.647294315930186
408.95771279842313,29.699039215496988,28.763789996309956,16.772856295569813
24.402368583062028,390.7496668729155,30.685074545044824,30.4592030364944

529.0,40.0,32.07757668544715,38.92242331455286
37.0,535.0,24.962163986020755,57.037836013979216
13.44612290630905,23.153695660289536,24.50960758767531,263.18940449035944
22.05957364272131,25.334146316196346,293.99387921562936,35.25425704572167

Iteration: ,12500
Error:,0.034683909107453614
Absolute Error:,0.0334972734423159
Transition Probabilities
0.06250000000000003,0.052591463414634165,0.8304178541797131,0.05449068240565273
0.058069381598793345,0.06410256410256408,0.05700969278741631,0.8208183615112263
0.0006218636920679719,0.9147614910319867,0.037589748051689714,0.047026897224255716
0.8972524194284032,0.0006074830192473956,0.034811311882806666,0.06732878566954274

0.06431159420289852,0.061594202898550686,0.04051995535409574,0.8335742475444551
0.050644567219152885,0.06998158379373853,0.8454118971614543,0.03396195182565415
0.8527757101454053,0.05428742170621901,0.05567120548812331,0.03726566266025229
0.0505740953247488,0.8367277052553528,0.0576682063542841,0.0550299930656142

0.8301675977653631,0.06368715083798883,0.04544671461271642,0.060698536783931625
0.05485232067510549,0.8217299578059072,0.04065861285626158,0.08275910866272576
0.036756448418693716,0.06700156879476604,0.06331207994586713,0.832929902840673
0.06376969165070066,0.06669444971785847,0.7909885450303227,0.07854731360111815

Transition Gammas
82.0,69.0,1089.5082246837833,71.49177531621636
77.0,85.0,75.59485263611406,1088.4051473638865
1.0,1471.0,60.44692515603729,75.62251635542586
1477.0,1.0,57.30417275849791,110.83237479288833

71.0,68.0,44.73403071092173,920.265969289079
55.0,76.0,918.1173203173388,36.88267968266039
581.7559204989394,37.034390884363425,37.97839573609164,25.422299938891893
35.43505063774951,586.2584078933031,40.40558311978852,38.55710276879242

743.0,57.0,40.67480957838119,54.32519042161881
52.0,779.0,38.544364987735975,78.45563501226403
15.568926098006246,28.37984946569727,26.817092950878177,352.8040564319251
31.04912974184944,32.47317916627073,385.1281905750498,38.244276673526244

Iteration: ,15000
Error:,0.0354309728860773
Absolute Error:,0.03132601147099123
Transition Probabilities
0.06564986737400531,0.053050397877984094,0.8315181606923329,0.049781574055677805
0.06300686213349968,0.06300686213349968,0.05083904004549642,0.8231472356875043
0.0005657536366981869,0.9136921232675719,0.03845136983648771,0.04729075325924216
0.894703566675918,0.0005630607719798099,0.03666788110780341,0.06806549144429883

0.06107431935246497,0.060338484179543704,0.03468446591050593,0.8439027305574853
0.05007704160246542,0.06702619414483833,0.853546310768951,0.02935045348374521
0.8543122542487219,0.05528584108121735,0.056168658364941254,0.034233246305119494
0.05434068913119544,0.8334737539306359,0.05574551548768057,0.05644004145048799

0.8313473877176902,0.06232813932172319,0.04833515282278615,0.05798932013780047
0.05457746478873239,0.8213028169014085,0.041597803869651596,0.08252191444020755
0.0340533378712086,0.06440192588422748,0.055869261656558714,0.8456754745880052
0.06765761388460004,0.06759320077841516,0.7981454493421367,0.066603735994848

Transition Gammas
99.0,80.0,1253.9293863240378,75.07061367596212
101.0,101.0,81.49498119293078,1319.5050188070695
1.0,1615.0,67.9648655214927,83.588951429879
1589.0,1.0,65.1224218282396,120.88480468097588

83.0,82.0,47.13618917237763,1146.863810827624
65.0,87.0,1107.9031113780966,38.096888621901215
816.5754174914441,52.84374482250759,53.68756614011172,32.72108910374114
55.66853800886051,853.8402087256442,57.107692179927994,57.81918932096241

907.0,68.0,52.73365172965969,63.26634827034031
62.0,933.0,47.255105195924216,93.74489480407578
17.27100029684104,32.663044229917986,28.335490585506857,428.90542559674935
41.91410527835916,41.874201155838016,494.4536242178083,41.26122460040702

Iteration: ,17500
Error:,0.034804420859369994
Absolute Error:,0.03061559966260058
Transition Probabilities
0.06459475929311399,0.054235222425350435,0.8339954264356636,0.04717459184587202
0.06519453207150368,0.06361724500525763,0.043757248945889754,0.827430973977349
0.0004687307088145121,0.9126186900618551,0.03853418273339336,0.04837839649593701
0.8963019499141253,0.0005060993506008613,0.03633048657973013,0.06686146415554371

0.0597860289490245,0.0610446821900566,0.0323606655738813,0.8468086232870377
0.04800540906017588,0.06288032454361066,0.861225794868245,0.02788847152796833
0.8541801770532453,0.0543217419694547,0.057576216993995864,0.0339218639833042
0.054370222957466345,0.8342167362620467,0.05550149176414869,0.055911549016338304

0.8296296296296296,0.06255144032921811,0.050740327697298734,0.05707860234385352
0.05611847233047545,0.8199532346063912,0.041232769881021286,0.08269552318211197
0.045383100341230095,0.06418481482160922,0.057872128390931116,0.8325599564462295
0.05814060826333364,0.0646455774045231,0.8140762063766269,0.0631376079555163

Transition Gammas
106.0,89.0,1368.586494780923,77.41350521907593
124.0,121.0,83.22628749508232,1573.7737125049177
1.0,1947.0,82.20963979691429,103.21149347840465
1771.0,1.0,71.78528590601259,132.11134153039936

95.0,97.0,51.421097596897425,1345.5789024031037
71.0,93.0,1273.7529506101323,41.24704938986509
915.9304929280432,58.24876441225484,61.73851165004889,36.37414029725148
60.03599634293656,921.1481984656291,61.28515160194645,61.737939807580794

1008.0,76.0,61.649498152217966,69.35050184778203
72.0,1052.0,52.901643757350314,106.09835624264966
30.435079265315554,43.043994615558894,38.810544048052726,558.3362105507897
58.35433046161095,64.88321156977338,817.0687130185257,63.369698894522415

Iteration: ,19305
Error:,0.034217150236430655
Absolute Error:,0.029203610180778203
Transition Probabilities
0.06146445750935329,0.05558524853019776,0.8386257696342776,0.04432452432617138
0.06418746816097808,0.06265919510952622,0.04247032357996784,0.8306830131495279
0.0004452518033163731,0.9132114486018812,0.03834135847111109,0.04800194112369131
0.8910720278325269,0.00043297960536080023,0.03527347934844507,0.07322151321366718

0.057759626604434025,0.061843640606767745,0.03182068824684241,0.8485760445419558
0.04898958971218626,0.06552357624004912,0.8589307399488099,0.02655609409895477
0.8542499725565808,0.05419493935085305,0.05771994583131371,0.03383514226125254
0.054099844103702104,0.8335875286147365,0.05524168185586771,0.057070945425693576

0.830316742081448,0.06334841628959276,0.04989072802384961,0.056444113605109654
0.05637982195845697,0.8204747774480712,0.0405811332365516,0.0825642673569202
0.03997585932264815,0.05532783118470881,0.05841399705927896,0.846282312433364
0.05677025182628286,0.06496037658867462,0.8200713967669312,0.058197974818111224

*,*,*,*,*,*,*,*,*,*,*
Model Num 1
Model States: 
['rose'],['volcano'],"['nothing', 'b', 'volcano']","['nothing', 'b', 'rose']"
Iteration: ,19305
Error:,0.034433219855835875
Absolute Error:,0.029203610180778203
Transition Probabilities
0.06146445750935329,0.05558524853019776,0.8386257696342776,0.04432452432617138
0.06418746816097808,0.06265919510952622,0.04247032357996784,0.8306830131495279
0.0004452518033163731,0.9132114486018812,0.03834135847111109,0.04800194112369131
0.8910720278325269,0.00043297960536080023,0.03527347934844507,0.07322151321366718

0.057759626604434025,0.061843640606767745,0.03182068824684241,0.8485760445419558
0.04898958971218626,0.06552357624004912,0.8589307399488099,0.02655609409895477
0.8542499725565808,0.05419493935085305,0.05771994583131371,0.03383514226125254
0.054099844103702104,0.8335875286147365,0.05524168185586771,0.057070945425693576

0.830316742081448,0.06334841628959276,0.04989072802384961,0.056444113605109654
0.05637982195845697,0.8204747774480712,0.0405811332365516,0.0825642673569202
0.03997585932264815,0.05532783118470881,0.05841399705927896,0.846282312433364
0.05677025182628286,0.06496037658867462,0.8200713967669312,0.058197974818111224

Transition Gammas
115.0,104.0,1569.0688149857333,82.93118501426665
126.0,123.0,83.36924518747689,1630.6307548125235
1.0,2051.0,86.11162983626971,107.80852714387233
2058.0,1.0,81.46683795660955,169.11076712874726

99.0,106.0,54.54065965508793,1454.4593403449135
80.0,107.0,1402.6338983364035,43.36610166359305
945.8194534995205,60.00424883346239,63.90711077088053,37.46202726450398
62.729612900174665,966.5577388389812,64.0535915802399,66.17465121596841

1101.0,84.0,66.15510535962459,74.8448946403754
76.0,1106.0,54.70336760287156,111.29663239712842
39.97680414443317,55.329138847410924,58.415377662920925,846.3023141538677
64.44672216217477,73.74431514539,930.9614060249187,66.06750177859197

