0,1,2,3,4,5,6,7,8,9,10,11,12,13,14,15,16,17,18,19,20,21,22,23,24,25,26,27,28,29
github Code Version (SHA):,528ca1c557fe8e6666681dc5c9134b0f84d30530
Environment Observations,Environment Actions,alpha,epsilon,numActions,explore,patience,gainThresh,insertRandActions,useUpdatedPosterior,revisedSplitting,haveControl,confidence_factor
"['square', 'diamond']","['x', 'y']",0.85,0.99,75000,0.5,0,0.01,False,True,False,True,250

Model Num 0
Model States: 
['square'],['diamond']
Iteration: ,0
Error:,0.49871538217668393
Absolute Error:,1
Transition Probabilities
0.5,0.5
0.5,0.5

0.5,0.5
0.5,0.5

Transition Gammas
1.0,1.0
1.0,1.0

1.0,1.0
1.0,1.0

Iteration: ,1646
Error:,0.18610187956853666
Absolute Error:,1
Transition Probabilities
0.8767123287671232,0.1232876712328767
0.9046563192904656,0.09534368070953436

0.246,0.754
0.3504273504273504,0.6495726495726496


Model Num 1
Model States: 
['diamond'],"['square', 'y', 'diamond']","['square', 'y', 'square']"
Iteration: ,0
Error:,0.4312057460378156
Absolute Error:,1
Transition Probabilities
0.3333333333333333,0.3333333333333333,0.3333333333333333
0.3333333333333333,0.3333333333333333,0.3333333333333333
0.3333333333333333,0.3333333333333333,0.3333333333333333

0.3333333333333333,0.3333333333333333,0.3333333333333333
0.3333333333333333,0.3333333333333333,0.3333333333333333
0.3333333333333333,0.3333333333333333,0.3333333333333333

Transition Gammas
1.0,1.0,1.0
1.0,1.0,1.0
1.0,1.0,1.0

1.0,1.0,1.0
1.0,1.0,1.0
1.0,1.0,1.0

Iteration: ,2500
Error:,0.10904350552612853
Absolute Error:,1
Transition Probabilities
0.11056910569105699,0.809560865645765,0.07987002866317817
0.11327161698715339,0.783468606739351,0.1032597762734955
0.14098045899991282,0.7817864122740438,0.07723312872604332

0.624401913875598,0.05566208940259784,0.3199359967218041
0.9968102073365231,0.001594896331738437,0.001594896331738437
0.004830917874396136,0.08191200087778701,0.9132570812478168

Transition Gammas
68.0,497.8799323721451,49.12006762785454
42.40448910613015,293.3001830744739,38.65644522923586
27.401496841299593,151.95097291115644,15.01132389441057

261.0,23.2667533702859,133.73324662971413
625.0,1.0,1.0
1.0,16.955784181701908,189.04421581829806

Iteration: ,4742
Error:,0.10766457536464195
Absolute Error:,1
Transition Probabilities
0.10671573137074519,0.8278016939133199,0.06548257471593491
0.12433877818321211,0.787197829376943,0.08846339243984486
0.10603260485032105,0.8053186391847258,0.08864875596495315

0.6050808314087758,0.05254376800583816,0.342375400585386
0.998280309544282,0.0008598452278589854,0.0008598452278589854
0.0028248587570621473,0.084726330928457,0.9124488103144809


Model Num 2
Model States: 
"['square', 'y', 'diamond']","['square', 'y', 'square']","['diamond', 'y', 'diamond']","['diamond', 'y', 'square', 'y', 'square']"
Iteration: ,0
Error:,0.4993012368948257
Absolute Error:,0.6
Transition Probabilities
0.25,0.25,0.25,0.25
0.25,0.25,0.25,0.25
0.25,0.25,0.25,0.25
0.25,0.25,0.25,0.25

0.25,0.25,0.25,0.25
0.25,0.25,0.25,0.25
0.25,0.25,0.25,0.25
0.25,0.25,0.25,0.25

Transition Gammas
1.0,1.0,1.0,1.0
1.0,1.0,1.0,1.0
1.0,1.0,1.0,1.0
1.0,1.0,1.0,1.0

1.0,1.0,1.0,1.0
1.0,1.0,1.0,1.0
1.0,1.0,1.0,1.0
1.0,1.0,1.0,1.0

Iteration: ,2500
Error:,0.05218891085383165
Absolute Error:,0.07580006457810443
Transition Probabilities
0.7944692274923123,0.0957971175858826,0.06402474862570384,0.045708906296101234
0.7600687363954712,0.09616246255466644,0.0702765712059206,0.07349222984394178
0.8529878263478465,0.061409030820656234,0.05020563720937065,0.035397505622126575
0.7892688044863042,0.11177708365675973,0.05820346310040246,0.0407506487565336

0.0016611295681063123,0.0016611295681063123,0.9284545273606778,0.0682232135031096
0.13490878409688267,0.8565805776052451,0.0042553191489361685,0.0042553191489361685
0.003289473684210526,0.003289473684210526,0.12552783921157568,0.8678932134200034
0.08779012515471309,0.9026860653214774,0.004761904761904758,0.004761904761904758

Transition Gammas
280.2038905727788,33.786991521307236,22.58109318405285,16.12122022450276
171.01550648581068,21.636559236337867,15.812232293440058,16.535755659595896
283.81958161265015,20.43298262459545,16.70521255663176,11.778017136327165
100.71382874947824,14.263199048960193,7.426992657001976,5.199944349716004

1.0,1.0,558.929625471128,41.07037452887198
31.703564262767436,201.29643573723266,1.0,1.0
1.0,1.0,38.16046312031901,263.839536879681
18.435926282489763,189.5640737175104,1.0,1.0

Iteration: ,5000
Error:,0.060055977777039096
Absolute Error:,0.07489546847227525
Transition Probabilities
0.8082043438272252,0.08771291543180633,0.062177138186602206,0.04190560255436627
0.7672051600235584,0.09052944708507449,0.06330956081310266,0.07895583207826434
0.8483699959181557,0.06411712969590098,0.061844467124199,0.025668407261744134
0.8171178441265491,0.09573024753238923,0.05929105922019242,0.027860849120869054

0.0008340283569641364,0.0008340283569641364,0.9308901465603854,0.06744179672568629
0.1193725735259117,0.8761025395962602,0.0022624434389140274,0.0022624434389140274
0.0016366612111292967,0.0016366612111292967,0.111654662648479,0.8850720149292625
0.09179025720909047,0.9031719594155947,0.00251889168765743,0.00251889168765743

Transition Gammas
597.583548112471,64.85463190016358,45.97356489458838,30.984860266455865
336.1654217276188,39.6671859678156,27.74027902715548,34.59598810262141
560.3748544084859,42.35136484234733,40.85020029873471,16.954783940267077
229.5378856537129,26.891737550022302,16.65554665021402,7.826435863186168

1.0,1.0,1116.1372857259025,80.8627142740979
52.76267749845297,387.237322501547,1.0,1.0
1.0,1.0,68.22099887822064,540.7790011217792
36.440732112008924,358.5592678879912,1.0,1.0

Iteration: ,7500
Error:,0.05620299147368811
Absolute Error:,0.07631726327070543
Transition Probabilities
0.8042084392025154,0.09152724687795381,0.0575052425142689,0.04675907140526192
0.772818167967525,0.08756844329869752,0.06415578462011497,0.0754576041136623
0.8305994773322108,0.07312267888321246,0.06704918053932074,0.029228663245255897
0.8092797036052092,0.09284589890422401,0.06090857556179143,0.03696582192877541

0.0005524861878453037,0.0005524861878453037,0.9293389650393559,0.06955606258495348
0.11584075990986153,0.8811289370598355,0.0015151515151515152,0.0015151515151515152
0.001104972375690609,0.001104972375690609,0.11117648095198464,0.8866135742966342
0.08919322800359855,0.9075494430061734,0.0016286644951140066,0.0016286644951140066

Transition Gammas
849.8970378068171,96.7270824431096,60.77222382757472,49.41554246475912
532.2553747300443,60.31014349087282,44.18537580953224,51.96916560511859
836.4838630350087,73.6407168279902,67.52419075798487,29.435733840417715
333.8843661290376,38.30541401843949,25.1290388881321,15.250981790529375

1.0,1.0,1682.1035267212346,125.89647327876582
76.45490154050862,581.5450984594914,1.0,1.0
1.0,1.0,100.614715261546,802.3852847384532
54.76464199420951,557.2353580057904,1.0,1.0

Iteration: ,10000
Error:,0.050701592625707434
Absolute Error:,0.07817586459453636
Transition Probabilities
0.7992113334323456,0.09367807446028632,0.05645117560548294,0.05065941650188505
0.789341752698056,0.09043368763590767,0.05718592770603858,0.06303863195999786
0.8253776222374557,0.07335935403744061,0.0675409028811059,0.033722120843997914
0.7863535247733479,0.11780503670363968,0.06212797760782062,0.0337134609151918

0.0004105090311986867,0.0004105090311986867,0.9165631437819091,0.08261583815569357
0.10479567443315937,0.8930233004850522,0.0010905125408942201,0.0010905125408942201
0.0007535795026375288,0.0007535795026375288,0.09978163282214433,0.8987112081725807
0.08752049455101925,0.9101154392551273,0.0011820330969267144,0.0011820330969267144

Transition Gammas
967.358954985087,113.38718612226597,68.32804786047532,61.31774933290058
756.9958521324636,86.72786685795896,54.8425443426119,60.455414596670245
990.8380208727175,88.06543236526834,81.08057782964505,40.482269662364025
516.7390107303233,77.41360114438879,40.82635694549,22.154234568520486

1.0,1.0,2232.747818252729,201.2521817472694
96.09763345520716,818.9023665447929,1.0,1.0
1.0,1.0,132.41022675498544,1192.5897732450137
74.04233839016226,769.9576616098374,1.0,1.0

Iteration: ,12500
Error:,0.04927720050082834
Absolute Error:,0.07952507097562136
Transition Probabilities
0.7954147661930827,0.09957711522826489,0.054509623686974984,0.05049849489167743
0.7860550598604349,0.0904335405226233,0.05881181945417547,0.06469958016276635
0.8247361383457671,0.0701300357995561,0.07007890264090627,0.03505492321377056
0.7801784676383613,0.1235694920748107,0.05934085679064456,0.03691118349618344

0.0003256268316509284,0.0003256268316509284,0.9072988913593875,0.09204985497731075
0.10508567668667382,0.8931645420359858,0.0008748906386701664,0.0008748906386701664
0.000560538116591929,0.000560538116591929,0.08708537761882587,0.9117935461479904
0.08780210971109954,0.9102711080152973,0.000963391136801541,0.000963391136801541

Transition Gammas
1089.4322599461757,136.3848476201356,74.65858699900156,69.16478264167154
936.3553274145071,107.725185892638,70.05712865792745,77.07067820114867
1122.9187633695847,95.48548852613331,95.4158682189725,47.72899985221681
777.4030756293531,123.12990831918647,59.12975875785344,36.779876355615414

1.0,1.0,2786.314895364676,282.685104635321
120.11292845286815,1020.8870715471317,1.0,1.0
1.0,1.0,155.36031367198512,1626.6396863280124
91.13858988012137,944.861410119879,1.0,1.0

Iteration: ,12533
Error:,0.05067604949468781
Absolute Error:,0.0796949044780899
Transition Probabilities
0.7943559688086648,0.10011725760583519,0.0547886591550625,0.05073811443043764
0.7861015013462848,0.09085034655535401,0.058591237147523165,0.06445691495083801
0.824737332276494,0.0702980449770333,0.0699661171691518,0.034998505577320954
0.7800375809636537,0.12406389719513501,0.05912290725532374,0.03677561458588751

0.00032478077297824,0.00032478077297824,0.9072081348309493,0.09214230362309425
0.10562769402039283,0.8926286268165732,0.000871839581517001,0.000871839581517001
0.0005589714924538855,0.0005589714924538855,0.08686216698208217,0.9120198900330101
0.0876514700621436,0.9104254530147795,0.0009615384615384612,0.0009615384615384612

*,*,*,*,*,*,*,*,*,*,*
Model Num 2
Model States: 
"['square', 'y', 'diamond']","['square', 'y', 'square']","['diamond', 'y', 'diamond']","['diamond', 'y', 'square', 'y', 'square']"
Iteration: ,12533
Error:,0.049069873967353156
Absolute Error:,0.0796949044780899
Transition Probabilities
0.7943559688086648,0.10011725760583519,0.0547886591550625,0.05073811443043764
0.7861015013462848,0.09085034655535401,0.058591237147523165,0.06445691495083801
0.824737332276494,0.0702980449770333,0.0699661171691518,0.034998505577320954
0.7800375809636537,0.12406389719513501,0.05912290725532374,0.03677561458588751

0.00032478077297824,0.00032478077297824,0.9072081348309493,0.09214230362309425
0.10562769402039283,0.8926286268165732,0.000871839581517001,0.000871839581517001
0.0005589714924538855,0.0005589714924538855,0.08686216698208217,0.9120198900330101
0.0876514700621436,0.9104254530147795,0.0009615384615384612,0.0009615384615384612

Transition Gammas
1089.4322599461757,137.30742198200846,75.1407871363242,69.58560247524687
939.936016017963,108.62911805771263,70.05712865792745,77.07067820114867
1124.7305380904688,95.86853275512884,95.4158682189725,47.72899985221681
780.1279762048105,124.07827443307777,59.12975875785344,36.779876355615414

1.0,1.0,2793.29384714449,283.7061528555069
121.15496504139055,1023.8450349586093,1.0,1.0
1.0,1.0,155.3964167309448,1631.603583269053
91.15752886462938,946.842471135371,1.0,1.0

