0,1,2,3,4,5,6,7,8,9,10,11,12,13,14,15,16,17,18,19,20,21,22,23,24,25,26,27,28,29
github Code Version (SHA):,528ca1c557fe8e6666681dc5c9134b0f84d30530
Environment Observations,Environment Actions,alpha,epsilon,numActions,explore,patience,gainThresh,insertRandActions,useUpdatedPosterior,revisedSplitting,haveControl,confidence_factor
"['rose', 'volcano', 'nothing']","['b', 'f', 't']",0.85,0.99,75000,0.5,0,0.01,False,True,False,True,250

Model Num 0
Model States: 
['rose'],['volcano'],['nothing']
Iteration: ,0
Error:,0.6162634567295099
Absolute Error:,1
Transition Probabilities
0.3333333333333333,0.3333333333333333,0.3333333333333333
0.3333333333333333,0.3333333333333333,0.3333333333333333
0.3333333333333333,0.3333333333333333,0.3333333333333333

0.3333333333333333,0.3333333333333333,0.3333333333333333
0.3333333333333333,0.3333333333333333,0.3333333333333333
0.3333333333333333,0.3333333333333333,0.3333333333333333

0.3333333333333333,0.3333333333333333,0.3333333333333333
0.3333333333333333,0.3333333333333333,0.3333333333333333
0.3333333333333333,0.3333333333333333,0.3333333333333333

Transition Gammas
1.0,1.0,1.0
1.0,1.0,1.0
1.0,1.0,1.0

1.0,1.0,1.0
1.0,1.0,1.0
1.0,1.0,1.0

1.0,1.0,1.0
1.0,1.0,1.0
1.0,1.0,1.0

Iteration: ,2500
Error:,0.1544906418406415
Absolute Error:,1
Transition Probabilities
0.04594594594594595,0.051351351351351354,0.9027027027027027
0.06470588235294118,0.07352941176470588,0.861764705882353
0.455988455988456,0.43867243867243866,0.10533910533910534

0.0234375,0.0546875,0.921875
0.013071895424836602,0.10457516339869281,0.8823529411764706
0.46735395189003437,0.41580756013745707,0.11683848797250859

0.8214285714285714,0.05,0.12857142857142856
0.07407407407407407,0.8444444444444444,0.08148148148148149
0.06181818181818182,0.05090909090909091,0.8872727272727273

Transition Gammas
17.0,19.0,334.0
22.0,25.0,293.0
316.0,304.0,73.0

3.0,7.0,118.0
2.0,16.0,135.0
136.0,121.0,34.0

115.0,7.0,18.0
10.0,114.0,11.0
17.0,14.0,244.0

Iteration: ,5000
Error:,0.1517607427852739
Absolute Error:,1
Transition Probabilities
0.055632823365785816,0.0458970792767733,0.8984700973574409
0.07374631268436578,0.0855457227138643,0.8407079646017699
0.45024630541871924,0.43645320197044335,0.11330049261083744

0.05327868852459016,0.05327868852459016,0.8934426229508197
0.025089605734767026,0.08960573476702509,0.8853046594982079
0.4405594405594406,0.4592074592074592,0.10023310023310024

0.8326996197718631,0.049429657794676805,0.11787072243346007
0.08208955223880597,0.7985074626865671,0.11940298507462686
0.05848787446504993,0.0442225392296719,0.8972895863052782

Transition Gammas
40.0,33.0,646.0
50.0,58.0,570.0
457.0,443.0,115.0

13.0,13.0,218.0
7.0,25.0,247.0
378.0,394.0,86.0

219.0,13.0,31.0
22.0,214.0,32.0
41.0,31.0,629.0

Iteration: ,5137
Error:,0.1555433427863692
Absolute Error:,1
Transition Probabilities
0.0547945205479452,0.045205479452054796,0.9
0.07348703170028818,0.0893371757925072,0.8371757925072046
0.4496124031007752,0.437015503875969,0.11337209302325581

0.055776892430278883,0.05179282868525897,0.8924302788844621
0.02456140350877193,0.08771929824561403,0.887719298245614
0.44368600682593856,0.45620022753128553,0.10011376564277588

0.8246268656716418,0.05223880597014925,0.12313432835820895
0.08058608058608059,0.8021978021978022,0.11721611721611722
0.05466666666666667,0.044,0.9013333333333333


Model Num 1
Model States: 
['rose'],['volcano'],"['nothing', 'b', 'rose']","['nothing', 'b', 'volcano']"
Iteration: ,0
Error:,0.580356197293172
Absolute Error:,0.6
Transition Probabilities
0.25,0.25,0.25,0.25
0.25,0.25,0.25,0.25
0.25,0.25,0.25,0.25
0.25,0.25,0.25,0.25

0.25,0.25,0.25,0.25
0.25,0.25,0.25,0.25
0.25,0.25,0.25,0.25
0.25,0.25,0.25,0.25

0.25,0.25,0.25,0.25
0.25,0.25,0.25,0.25
0.25,0.25,0.25,0.25
0.25,0.25,0.25,0.25

Transition Gammas
1.0,1.0,1.0,1.0
1.0,1.0,1.0,1.0
1.0,1.0,1.0,1.0
1.0,1.0,1.0,1.0

1.0,1.0,1.0,1.0
1.0,1.0,1.0,1.0
1.0,1.0,1.0,1.0
1.0,1.0,1.0,1.0

1.0,1.0,1.0,1.0
1.0,1.0,1.0,1.0
1.0,1.0,1.0,1.0
1.0,1.0,1.0,1.0

Iteration: ,2500
Error:,0.057248989502972907
Absolute Error:,0.07345511513785906
Transition Probabilities
0.0588235294117647,0.04999999999999999,0.09040220659626721,0.800774263991968
0.05413105413105415,0.0512820512820513,0.8100018262754078,0.08458506831148677
0.8926824372243111,0.002528845431230343,0.053221902155667196,0.05156681518879133
0.0024420232391304574,0.9206427611521824,0.032526442655720245,0.044388772952966796

0.06535947712418301,0.0392156862745098,0.8408763229751675,0.05454851362613967
0.05333333333333334,0.04,0.0867266132802295,0.8199400533864373
0.06270846027472263,0.7807973315266092,0.10997243118582228,0.046521777012845905
0.7903349464338817,0.09371007433850247,0.0774615926994159,0.038493386528199815

0.8378378378378378,0.05405405405405406,0.07316062701983596,0.03494748108827215
0.06470588235294118,0.8117647058823529,0.06843509184761017,0.05509431991709572
0.03710817590386458,0.0590734989383409,0.189965044347557,0.7138532808102375
0.0759708112029163,0.11890442295456387,0.5941854581390512,0.21093930770346864

Transition Gammas
20.0,17.0,30.73675024273086,272.2632497572692
19.0,18.0,284.31064102266805,29.689358977331846
353.0,1.0,21.045929299749048,20.391446053586144
1.0,377.0,13.319464833308501,18.17704772079586

10.0,6.0,128.65407741520062,8.34592258479937
8.0,6.0,13.008991992034424,122.99100800796559
4.620591055298576,57.5320323644927,8.103175068252721,3.4278964241894947
64.99258683247047,7.70617593338561,6.36999453512008,3.1654740533723458

124.0,8.0,10.827772798935722,5.1722272010642785
11.0,138.0,11.633965614093729,9.366034385906273
3.5927751850727656,5.71943502776676,18.392218985144783,69.1145358295745
5.167287137484127,8.087491572019765,40.414559572376554,14.347404670651967

Iteration: ,5000
Error:,0.041358411257889104
Absolute Error:,0.050480974117284284
Transition Probabilities
0.057803468208092464,0.05491329479768784,0.07930838146867636,0.8079748555255434
0.0593471810089021,0.06379821958456976,0.8048682766683413,0.07198632273818699
0.9037459248060635,0.001298485524146643,0.04607331625809961,0.048882273411690214
0.0012361806526515094,0.9110651410041624,0.03816574520669574,0.04953293313649042

0.06333333333333332,0.03666666666666666,0.8547640046921786,0.04523599530782144
0.056074766355140186,0.04361370716510903,0.05801052892300862,0.8423009975567423
0.05107804439019053,0.8332831869661962,0.07283723627828995,0.04280153236532336
0.8415538167949393,0.06437508318713674,0.0713133994721413,0.02275770054578259

0.8398692810457516,0.0392156862745098,0.08019127709836871,0.04072375558136984
0.05956112852664577,0.8150470219435737,0.06598792195938179,0.059403927570398765
0.05244688908107431,0.04937481483104043,0.14772500182468118,0.7504532942632042
0.07207805384352968,0.09229967516872833,0.7032987869008994,0.1323234840868426

Transition Gammas
40.0,38.0,54.88139997632406,559.1186000236762
40.0,43.0,542.4812184744618,48.51878152553802
696.0,1.0,35.48234878350201,37.645605209049485
1.0,737.0,30.87392212847956,40.069332124108406

19.0,11.0,256.42920140765364,13.570798592346435
18.0,14.0,18.621379784285768,270.37862021571425
7.78959385713738,127.07881971484242,11.107952449197418,6.527394648120472
144.1232470056684,11.0247803884073,12.21302604993322,3.8974497311799046

257.0,12.0,24.538530792100826,12.461469207899171
19.0,260.0,21.05014710504279,18.949852894957207
10.095816686943438,9.504454662990463,28.43647287058149,144.45926200278907
11.65063704303539,14.919243198704267,113.68063456287426,21.388658588262704

Iteration: ,7500
Error:,0.03989887104783095
Absolute Error:,0.045499202113072956
Transition Probabilities
0.06397637795275592,0.057086614173228356,0.07250057857472375,0.806436429299292
0.06112224448897797,0.058116232464929876,0.8113748960365871,0.06938662700950513
0.9035189211465204,0.0008884158516681617,0.045809907511861495,0.04978275548994999
0.0008789788576245952,0.9123800542143298,0.03858467352598098,0.04815629340206458

0.06352459016393443,0.040983606557377046,0.8486284964094603,0.046863306869228315
0.05944798301486198,0.0424628450106157,0.044463305713655,0.8536258662608673
0.0476615413248845,0.8414152586277411,0.06871389745244001,0.0422093025949342
0.8447712091500963,0.06238602823493207,0.06688358938138746,0.025959173233584206

0.8517745302713987,0.037578288100208766,0.07831282798025024,0.03233435364814222
0.05982905982905983,0.7927350427350427,0.07988785294439277,0.06754804449150464
0.05941952799696239,0.05968507922466265,0.12322779081206821,0.7576676019663068
0.047565612358754436,0.07854447543938674,0.758798280368064,0.11509163183379485

Transition Gammas
65.0,58.0,73.66058783191933,819.3394121680806
61.0,58.0,809.7521462445137,69.2478537554861
1017.0,1.0,51.5635863833869,56.03542012051434
1.0,1038.0,43.89715769757478,54.78663449562941

31.0,20.0,414.1307062478166,22.869293752183417
28.0,20.0,20.94221699113151,402.0577830088686
13.702693094244879,241.90688620829147,19.755245464724428,12.135174463577819
250.21800308100526,18.478503097666955,19.810663517685285,7.689007884958862

408.0,18.0,37.51184460253987,15.48815539746012
28.0,371.0,37.387515177975814,31.612484822024175
16.465870346941372,16.539457806034065,34.147912227698214,209.958862357388
11.65063704303539,19.23854502656224,185.85871000188294,28.190340935228406

Iteration: ,10000
Error:,0.03532547134658165
Absolute Error:,0.04045466461005647
Transition Probabilities
0.06427378964941571,0.05759599332220369,0.06307003390655548,0.815060183121825
0.06195462478184991,0.0549738219895288,0.8211916626468454,0.06187989058177601
0.9070195029239422,0.0007102736906217245,0.042356626325177955,0.04991359706025804
0.0007001369538669521,0.9108781769809047,0.03796604384375411,0.05045564222147428

0.06034482758620691,0.04310344827586208,0.8406834621061815,0.05586826203174951
0.06015037593984961,0.0488721804511278,0.058179577272590495,0.832797866336432
0.04534344476489673,0.8391271235335129,0.0682702914186434,0.04725914028294691
0.8407149106488246,0.05939805346691931,0.07290551144355059,0.026981524440705493

0.8533950617283951,0.044753086419753084,0.06994015155260291,0.031911700299248925
0.06289308176100629,0.800314465408805,0.07421163776432442,0.06258081506586424
0.053996860824100094,0.05770137995443033,0.10314535781070851,0.7851564014107612
0.04413702445729271,0.07981425794614302,0.775489722200622,0.10055899539594226

Transition Gammas
77.0,69.0,75.55790062005345,976.4420993799461
71.0,63.0,941.0856453932848,70.9143546067153
1277.0,1.0,59.63423238737999,70.27375182173385
1.0,1301.0,54.22659614531481,72.06538941103004

49.0,35.0,682.6349712302192,45.36502876978059
48.0,39.0,46.42730266352723,664.572697336473
20.56713720198278,380.6160464672014,30.966426518913472,21.43606925514394
414.77313361516866,29.304484142076156,35.96849188260593,13.311541522855617

553.0,29.0,45.321218206086684,20.678781793913302
40.0,509.0,47.19860161811033,39.801398381889655
19.966081851280165,21.335878744043132,38.139414499241084,290.32237684504514
14.432413358337175,26.09855051924223,253.57822289925957,32.8818946519075

Iteration: ,12500
Error:,0.032175300714547043
Absolute Error:,0.03649574170768751
Transition Probabilities
0.065597667638484,0.05393586005830907,0.056306519697296574,0.8241599526059105
0.06259426847662139,0.05580693815987932,0.8261463581164845,0.05545243524701467
0.9081020579045682,0.0006013920913275286,0.04235741745583946,0.04893913254826482
0.000602652806900995,0.9160322664895123,0.035209733693025116,0.04815534701056162

0.05914972273567471,0.04805914972273571,0.830925406899909,0.061865720641680576
0.05816135084427766,0.05253283302063789,0.05914105300934331,0.8301647631257411
0.04601826729596496,0.8432255907515093,0.06553010886519375,0.04522603308733198
0.8344319866677572,0.06121291646396604,0.07537632050184778,0.028978776366429097

0.8467391304347827,0.057608695652173914,0.06402247650028327,0.031629697412760206
0.06300114547537228,0.8075601374570447,0.06888152245994611,0.060557194607636915
0.0458137280029011,0.05472150210113699,0.09153473536572973,0.8079300345302323
0.04158286179174224,0.07645984101060718,0.7975935496325939,0.08436374756505673

Transition Gammas
90.0,74.0,77.25254502469086,1130.7474549753085
83.0,74.0,1095.470070862459,73.52992913754147
1510.0,1.0,70.43228214448013,81.37641524389737
1.0,1520.0,58.42457429856366,79.90562137790339

64.0,52.0,899.061290265701,66.93870973429834
62.0,56.0,63.04436250795998,884.9556374920402
29.103623187361332,533.2864815908424,41.443620281778664,28.602585507348262
572.7213006927453,42.01413859557363,51.73534213572784,19.889892475650907

779.0,53.0,58.90067838026061,29.09932161973939
55.0,705.0,60.133569107532956,52.86643089246703
20.909218392817653,24.974694007509044,41.776119423628124,368.7363215025765
17.292891503642984,31.797035557682438,331.6919067975491,35.08400024966455

Iteration: ,15000
Error:,0.02948282797410158
Absolute Error:,0.030979831392312585
Transition Probabilities
0.05953096812988578,0.05892964521948289,0.04759554866256807,0.8339438379880634
0.06702412868632705,0.05563002680965145,0.825733812453936,0.051612032050085487
0.9088594929582715,0.0005481661598059538,0.041580001709079516,0.049012339172843054
0.0005530892333216299,0.9153626811472976,0.035925637564134645,0.04815859205524625

0.05814843152257075,0.04743687834736035,0.8395384728689265,0.054876217261142377
0.05521472392638036,0.048312883435582814,0.053582824666936896,0.8428895679710999
0.044938628235025674,0.839249056250928,0.06773744482020772,0.04807487069383864
0.8444207362744577,0.05485717230934361,0.06981307613560371,0.030909015280594962

0.8501742160278746,0.05662020905923345,0.05922797448997436,0.0339776004229176
0.06377079482439926,0.8086876155268022,0.0675731281280285,0.05996846152077001
0.04667627727323619,0.05406001967978264,0.08233254632121632,0.8169311567257649
0.04896158396387295,0.0736156531416818,0.8041866550228421,0.07323610787160315

Transition Gammas
99.0,98.0,79.15139742585066,1386.8486025741486
100.0,83.0,1231.994848181273,77.00515181872758
1658.0,1.0,75.85291606435261,89.41146456430839
1.0,1655.0,64.9545053487659,87.07201144745714

76.0,62.0,1097.2767840396873,71.72321596031311
72.0,63.0,69.87200336568573,1099.1279966343145
39.24016959135134,732.8277829139472,59.147974177771104,41.97871971619689
864.2600003727176,56.146015515552,71.4533011981441,31.635207912806173

976.0,65.0,67.99371471449057,39.006285285509406
69.0,875.0,73.11412463452683,64.88587536547315
25.025326562594536,28.984094822887098,44.14231337167491,437.99484814404366
25.353546152700318,38.120046542325355,416.42818354389107,37.9235084048117

Iteration: ,17500
Error:,0.02975880804746238
Absolute Error:,0.029209170127738632
Transition Probabilities
0.06321839080459776,0.06217345872518292,0.043209480423622396,0.831398670046597
0.06718656268746243,0.05518896220755842,0.8305555544486523,0.04706892065632686
0.9102089491108766,0.00046605680958058195,0.04096669980233322,0.0483582942772097
0.0004992481271320609,0.9136240726516716,0.0361557638008783,0.04972091542031821

0.056915949702183985,0.05228325612177366,0.8422907508492534,0.04851004332678892
0.05297157622739019,0.051679586563307504,0.04620952603908428,0.8491393111702181
0.045432021963892226,0.8397667431515333,0.06706582773113749,0.04773540715343689
0.8455667632724193,0.05457546885914054,0.07028294017283732,0.02957482769560288

0.8462138953942233,0.05542544886807182,0.061290405656860135,0.03707025008084477
0.06285714285714286,0.8114285714285714,0.06719050843753763,0.058523777276748075
0.04630797205391529,0.04922541682869449,0.07672834878656314,0.827738262330827
0.043564167223972675,0.06771031935836389,0.8153164246912076,0.07340908872645595

Transition Gammas
121.0,119.0,82.70294553081318,1591.297054469185
112.0,92.0,1384.536109265905,78.46389073409698
1953.0,1.0,87.90065708770642,103.76051434744348
1.0,1830.0,72.42042951382848,99.59159127134001

86.0,79.0,1272.7013245332219,73.29867546677805
82.0,80.0,71.53234630850245,1314.4676536914974
47.868499184623964,884.8026550914188,70.6625058998156,50.29541278655927
937.7398917800864,60.52460489785105,77.94430856836934,32.79870606001379

1084.0,71.0,78.51300964643784,47.48699035356215
77.0,994.0,82.30837283598359,71.6916271640164
31.52619188163571,33.51237092801414,52.23620338610229,563.5192846629316
36.79871656645377,57.19500703140683,688.6989913048593,62.008765955704824

Iteration: ,19837
Error:,0.031519302593884226
Absolute Error:,0.02960719542939756
Transition Probabilities
0.06328502415458943,0.05990338164251213,0.04106717250745368,0.8357444216954447
0.07165605095541396,0.0525477707006369,0.8323087804283049,0.04348739791564429
0.9114019965423891,0.0004221408043271834,0.04049569571287078,0.04768016694041286
0.0004314963438585895,0.909162796510048,0.03759026581453688,0.05281544133155632

0.057076295864880576,0.05474665113570178,0.8446261834577681,0.0435508695416496
0.05470085470085466,0.05356125356125352,0.043272809063947384,0.8484650826739444
0.04472529882932984,0.8380184632977903,0.06960722201500916,0.0476490158578707
0.8462507715869482,0.057283953992443834,0.06746936667338205,0.02899590774722598

0.8429090909090909,0.05672727272727273,0.06152667453634149,0.03883696182729487
0.05903790087463557,0.8163265306122449,0.0654879747464153,0.059147593766704226
0.04812288242598236,0.05764267814077957,0.07016179538474417,0.8240726440484939
0.048889769446534635,0.07100989210710962,0.8107738353582592,0.06932650308809664

*,*,*,*,*,*,*,*,*,*,*
Model Num 1
Model States: 
['rose'],['volcano'],"['nothing', 'b', 'rose']","['nothing', 'b', 'volcano']"
Iteration: ,19837
Error:,0.03146636262817981
Absolute Error:,0.02960719542939756
Transition Probabilities
0.06328502415458943,0.05990338164251213,0.04106717250745368,0.8357444216954447
0.07165605095541396,0.0525477707006369,0.8323087804283049,0.04348739791564429
0.9114019965423891,0.0004221408043271834,0.04049569571287078,0.04768016694041286
0.0004314963438585895,0.909162796510048,0.03759026581453688,0.05281544133155632

0.057076295864880576,0.05474665113570178,0.8446261834577681,0.0435508695416496
0.05470085470085466,0.05356125356125352,0.043272809063947384,0.8484650826739444
0.04472529882932984,0.8380184632977903,0.06960722201500916,0.0476490158578707
0.8462507715869482,0.057283953992443834,0.06746936667338205,0.02899590774722598

0.8429090909090909,0.05672727272727273,0.06152667453634149,0.03883696182729487
0.05903790087463557,0.8163265306122449,0.0654879747464153,0.059147593766704226
0.04812288242598236,0.05764267814077957,0.07016179538474417,0.8240726440484939
0.048889769446534635,0.07100989210710962,0.8107738353582592,0.06932650308809664

Transition Gammas
131.0,124.0,85.00904709042905,1729.990952909569
135.0,99.0,1568.0697423269276,81.9302576730739
2159.0,1.0,95.9293565032493,112.9484912419364
1.0,2107.0,87.11607027394885,122.4006693991017

98.0,94.0,1450.2231569969886,74.7768430030124
96.0,94.0,75.94377990722772,1489.0562200927736
49.86476683155537,934.316737208233,77.60591849404415,53.124453669333015
1005.1119537115181,68.03750004941674,80.13495435353258,34.439121905673595

1159.0,78.0,84.59917748746955,53.400822512530446
81.0,1120.0,89.84950135208179,81.1504986479182
48.12582544455676,57.64620335506214,70.16608622221318,824.123041301855
52.904345925903186,76.84085931932884,877.3504137787453,75.01923904993643

