0,1,2,3,4,5,6,7,8,9,10,11,12,13,14,15,16,17,18,19,20,21,22,23,24,25,26,27,28,29
github Code Version (SHA):,528ca1c557fe8e6666681dc5c9134b0f84d30530
Environment Observations,Environment Actions,alpha,epsilon,numActions,explore,patience,gainThresh,insertRandActions,useUpdatedPosterior,revisedSplitting,haveControl,confidence_factor
"['rose', 'volcano', 'nothing']","['b', 'f', 't']",0.85,0.99,75000,0.5,0,0.01,False,True,False,True,250

Model Num 0
Model States: 
['rose'],['volcano'],['nothing']
Iteration: ,0
Error:,0.616127445111429
Absolute Error:,1
Transition Probabilities
0.3333333333333333,0.3333333333333333,0.3333333333333333
0.3333333333333333,0.3333333333333333,0.3333333333333333
0.3333333333333333,0.3333333333333333,0.3333333333333333

0.3333333333333333,0.3333333333333333,0.3333333333333333
0.3333333333333333,0.3333333333333333,0.3333333333333333
0.3333333333333333,0.3333333333333333,0.3333333333333333

0.3333333333333333,0.3333333333333333,0.3333333333333333
0.3333333333333333,0.3333333333333333,0.3333333333333333
0.3333333333333333,0.3333333333333333,0.3333333333333333

Transition Gammas
1.0,1.0,1.0
1.0,1.0,1.0
1.0,1.0,1.0

1.0,1.0,1.0
1.0,1.0,1.0
1.0,1.0,1.0

1.0,1.0,1.0
1.0,1.0,1.0
1.0,1.0,1.0

Iteration: ,2500
Error:,0.1596800060742551
Absolute Error:,1
Transition Probabilities
0.07627118644067797,0.07627118644067797,0.847457627118644
0.07065217391304347,0.043478260869565216,0.8858695652173914
0.4750733137829912,0.4237536656891496,0.10117302052785923

0.0625,0.0763888888888889,0.8611111111111112
0.03418803418803419,0.042735042735042736,0.9230769230769231
0.4132841328413284,0.4870848708487085,0.0996309963099631

0.8238993710691824,0.050314465408805034,0.12578616352201258
0.07874015748031496,0.8188976377952756,0.10236220472440945
0.04950495049504951,0.066006600660066,0.8844884488448845

Transition Gammas
27.0,27.0,300.0
26.0,16.0,326.0
324.0,289.0,69.0

9.0,11.0,124.0
4.0,5.0,108.0
112.0,132.0,27.0

131.0,8.0,20.0
10.0,104.0,13.0
15.0,20.0,268.0

Iteration: ,5000
Error:,0.1570837368095757
Absolute Error:,1
Transition Probabilities
0.07625899280575539,0.06474820143884892,0.8589928057553957
0.06599713055954089,0.058823529411764705,0.8751793400286944
0.4625984251968504,0.4360236220472441,0.10137795275590551

0.06741573033707865,0.06741573033707865,0.8651685393258427
0.038910505836575876,0.054474708171206226,0.9066147859922179
0.4261704681872749,0.4525810324129652,0.1212484993997599

0.8401360544217688,0.047619047619047616,0.11224489795918367
0.08300395256916997,0.8142292490118577,0.10276679841897234
0.05049088359046283,0.06872370266479663,0.8807854137447405

Transition Gammas
53.0,45.0,597.0
46.0,41.0,610.0
470.0,443.0,103.0

18.0,18.0,231.0
10.0,14.0,233.0
355.0,377.0,101.0

247.0,14.0,33.0
21.0,206.0,26.0
36.0,49.0,628.0

Iteration: ,5089
Error:,0.15698871934652114
Absolute Error:,1
Transition Probabilities
0.07539118065433854,0.06401137980085349,0.8605974395448079
0.06524822695035461,0.05815602836879433,0.8765957446808511
0.4619883040935672,0.43567251461988304,0.1023391812865497

0.06642066420664207,0.07011070110701106,0.8634686346863468
0.04198473282442748,0.05343511450381679,0.9045801526717557
0.42789598108747046,0.4515366430260047,0.12056737588652482

0.8355704697986577,0.04697986577181208,0.1174496644295302
0.08300395256916997,0.8142292490118577,0.10276679841897234
0.052,0.06933333333333333,0.8786666666666667


Model Num 1
Model States: 
['rose'],['volcano'],"['nothing', 'b', 'rose']","['nothing', 'b', 'volcano']"
Iteration: ,0
Error:,0.5791156748091149
Absolute Error:,0.6
Transition Probabilities
0.25,0.25,0.25,0.25
0.25,0.25,0.25,0.25
0.25,0.25,0.25,0.25
0.25,0.25,0.25,0.25

0.25,0.25,0.25,0.25
0.25,0.25,0.25,0.25
0.25,0.25,0.25,0.25
0.25,0.25,0.25,0.25

0.25,0.25,0.25,0.25
0.25,0.25,0.25,0.25
0.25,0.25,0.25,0.25
0.25,0.25,0.25,0.25

Transition Gammas
1.0,1.0,1.0,1.0
1.0,1.0,1.0,1.0
1.0,1.0,1.0,1.0
1.0,1.0,1.0,1.0

1.0,1.0,1.0,1.0
1.0,1.0,1.0,1.0
1.0,1.0,1.0,1.0
1.0,1.0,1.0,1.0

1.0,1.0,1.0,1.0
1.0,1.0,1.0,1.0
1.0,1.0,1.0,1.0
1.0,1.0,1.0,1.0

Iteration: ,2500
Error:,0.05252290656110248
Absolute Error:,0.06198594846601405
Transition Probabilities
0.06906906906906905,0.04804804804804804,0.05515430702420487,0.8277285758586781
0.06269592476489028,0.04388714733542319,0.7909322719432244,0.10248465595646197
0.9085931281909589,0.00268021571737746,0.037569883513288195,0.051156772578375365
0.002425880475986109,0.9024275370668325,0.0627184780123836,0.03242810444479766

0.0759493670886076,0.0759493670886076,0.803373694276855,0.04472757154592985
0.08988764044943819,0.05056179775280898,0.05607429148148064,0.8034762703162721
0.10076612933680369,0.80061656206494,0.01930121615693576,0.07931609244132058
0.807901491493364,0.053510618125786606,0.03054876560465834,0.10803912477619108

0.8448275862068966,0.06321839080459771,0.06804393144661318,0.023910091541892567
0.0621761658031088,0.8393782383419688,0.08092390145334441,0.01752169440157785
0.060759563011517415,0.034900526485751295,0.1432357285640052,0.7611041819387261
0.040575375639772204,0.08661213806697751,0.7483052250554675,0.12450726123778275

Transition Gammas
23.0,16.0,18.366384239060224,275.63361576093985
20.0,14.0,252.30739474988863,32.69260525011138
339.0,1.0,14.017484962012539,19.0868116497844
1.0,372.0,25.85390279250623,13.367560671601428

12.0,12.0,126.9330436957431,7.066956304256916
16.0,9.0,9.981223883703555,143.01877611629646
7.964480048647581,63.280138645298635,1.5255537947948465,6.2690850580767465
65.6254758552474,4.3466435138299495,2.481462530648868,8.775969656048378

147.0,11.0,11.839644071710692,4.160355928289307
12.0,162.0,15.618312980495475,3.381687019504526
5.438790333217177,3.124062068038789,12.821505904141551,68.12896377340374
3.5171355329669796,7.507672414078945,64.86423982647356,10.792479569371313

Iteration: ,5000
Error:,0.04653504624550336
Absolute Error:,0.051350445393028986
Transition Probabilities
0.054572271386430705,0.04719764011799413,0.06613593273033708,0.832094155765238
0.07064364207221352,0.050235478806907395,0.7898523681186351,0.08926851100224399
0.9133619236975391,0.0013198871729733224,0.03075703557391285,0.05456115355557473
0.0012139241017043705,0.9007316834646429,0.06576254286022061,0.0322918495734321

0.07716049382716049,0.05555555555555555,0.8231703323887449,0.044113618228538994
0.07736389684813753,0.04871060171919771,0.04364651067726933,0.8302789907553955
0.08964229021988261,0.7931888092787865,0.032785657689990866,0.08438324281133992
0.8327972784523553,0.057974724407400036,0.027265638331498813,0.08196235880874596

0.8633540372670807,0.052795031055900624,0.06015907691005603,0.023691854766962596
0.056657223796033995,0.8271954674220963,0.093986497343574,0.022160811438295694
0.07285294354894675,0.048789165853597466,0.10857590829535252,0.7697819823021033
0.0455194017098797,0.0756129932894587,0.7859716738450492,0.09289593115561239

Transition Gammas
37.0,32.0,44.84016239116852,564.1598376088311
45.0,32.0,503.1359584915704,56.8640415084294
692.0,1.0,23.3027763309694,41.337740583283576
1.0,742.0,54.173521036355446,26.601209686910227

25.0,18.0,266.70718769395336,14.292812306046635
27.0,17.0,15.232632226366995,289.767367773633
14.880899426530426,131.6718132499148,5.442521309090744,14.007881173940968
137.68433889759484,9.584819510502033,4.507761354923911,13.550636486278169

278.0,17.0,19.37122276503804,7.628777234961956
20.0,292.0,33.17723356228162,7.82276643771838
12.576812737226238,8.422613729174971,18.74377066847616,132.88967292584186
7.922876804635759,13.160815128466567,136.80225376196273,16.168995868812065

Iteration: ,7500
Error:,0.03951145780154329
Absolute Error:,0.0432109452644636
Transition Probabilities
0.058473736372646176,0.0574826560951437,0.0660493363662159,0.8179942711659942
0.07150480256136613,0.04589114194236931,0.8035366177790885,0.07906743771717618
0.9039337102323228,0.0009139875735412769,0.03803087657437988,0.057121425619755965
0.0008755740928813058,0.9079703343179142,0.06028170195074908,0.030872389638455452

0.07114624505928854,0.05928853754940712,0.8308507817115384,0.03871443567976603
0.05805243445692886,0.0561797752808989,0.044069109371475096,0.8416986808906971
0.0771044566065575,0.8167179601134006,0.029039282470750303,0.07713830080929165
0.8251716462653377,0.056389712715710735,0.03626336108928608,0.08217527992966552

0.8556701030927835,0.05154639175257732,0.061592125168483315,0.03119137998615585
0.0613107822410148,0.8181818181818182,0.10051329463254105,0.019994104944625984
0.06605417925692932,0.04257137965500719,0.08698581972315539,0.8043886213649081
0.05978067212976114,0.05523199948606373,0.8145012363349603,0.0704860920492148

Transition Gammas
59.0,58.0,66.64378039351186,825.3562196064883
67.0,43.0,752.9138108590051,74.08618914099401
989.0,1.0,41.6098398657959,62.496938988390184
1.0,1037.0,68.8482019292923,35.25959697695231

36.0,30.0,420.41049554603836,19.589504453961606
31.0,30.0,23.53290440436769,449.4670955956321
23.193647271507754,245.67540088940248,8.735252205732804,23.20382788278431
272.0731605761313,18.592649701405456,11.956648425002976,27.09459084407659

415.0,25.0,29.872180706714406,15.127819293285587
29.0,387.0,47.54278836119192,9.45721163880809
17.988364785510775,11.59335435352347,23.688624610117326,219.0570848536909
16.289956529346956,15.050464282233666,221.9478179200738,19.207133919687582

Iteration: ,10000
Error:,0.03732574394372887
Absolute Error:,0.03844824715663674
Transition Probabilities
0.05951383067896061,0.053646269907795474,0.05989040621655823,0.8269494931966858
0.07117750439367315,0.05272407732864678,0.8066190641632999,0.06947935411438007
0.907051542305896,0.0007216002723197263,0.03778858442554155,0.05443827299624272
0.0007384341149159337,0.9075355272316825,0.06244438615107458,0.029281652502326973

0.05980861244019139,0.06339712918660287,0.8349552388148244,0.04183901955838135
0.051020408163265286,0.06505102040816324,0.0547846258130172,0.8291439456155543
0.07524553314077989,0.8155715366033709,0.03990979257992908,0.06927313767592014
0.8307263980040931,0.05102283161071598,0.036335179494222776,0.0819155908909682

0.8468468468468469,0.06006006006006006,0.058266732030896475,0.03482636106219659
0.05061349693251534,0.8312883435582822,0.10277589556418824,0.015322263945014234
0.06662338118659214,0.03703108720921636,0.07379104933295699,0.8225544822712345
0.06404556888060331,0.05868763567533495,0.8201717098821025,0.05709508556195922

Transition Gammas
71.0,64.0,71.44925461635397,986.5507453836461
81.0,60.0,917.9324950178346,79.06750498216446
1257.0,1.0,52.36775244563406,75.44103721197355
1.0,1229.0,84.5632465913137,39.65371034579099

50.0,53.0,698.0225796491932,34.97742035080681
40.0,51.0,42.9511466374055,650.0488533625949
37.87387729855313,410.50750810306977,20.088083957820356,34.8677483820189
445.9471092762828,27.38986544614082,19.505300781838976,43.97358871735996

564.0,40.0,38.80564353257705,23.194356467422928
33.0,542.0,67.00988390785074,9.99011609214928
25.06858374070359,13.933800629445694,27.76558419238409,309.5050949509199
23.34602087049694,21.392936174409446,298.9706577826615,20.81241657197615

Iteration: ,12500
Error:,0.03510352955836086
Absolute Error:,0.03439606054117038
Transition Probabilities
0.060382916053019146,0.05375552282768778,0.0544677762893039,0.8313937848299893
0.07289293849658318,0.05011389521640094,0.8125859012868225,0.06440726500019339
0.9057772788971453,0.0006203953965048941,0.03875004004565856,0.05485228566069121
0.0006185303363067287,0.9011986999989037,0.06889831246153344,0.029284457203256054

0.05674418604651163,0.061395348837209304,0.8397284523236926,0.04213201279258636
0.04515522107243652,0.06679209783631235,0.05125963492030048,0.8367930461709507
0.07189117119832647,0.8078683048655739,0.047165749484810164,0.07307477445128938
0.8316533805326097,0.05191138413536137,0.0411540707579381,0.0752811645740908

0.8463157894736842,0.056842105263157895,0.06145240311727463,0.03538970214588325
0.04858757062146892,0.83954802259887,0.09344143678576848,0.01842296999389255
0.062152157857121075,0.03500276254149659,0.06355516350497342,0.8392899160964089
0.05825291928031147,0.06837994925231372,0.8197871929351146,0.05357993853226016

Transition Gammas
82.0,73.0,73.9672402008747,1129.0327597991254
96.0,66.0,1070.1756319947447,84.82436800525466
1460.0,1.0,62.46023143299206,88.41504300275462
1.0,1457.0,111.39035293390496,47.345223806021885

61.0,66.0,902.7080862479696,45.29191375203034
48.0,71.0,54.48899192027939,889.5110080797202
50.234907100623744,564.5086673091398,32.95769152465674,51.061965534441164
597.5011704482216,37.295721398500895,29.567132199750336,54.08573451227705

804.0,54.0,58.379782961410896,33.62021703858909
43.0,743.0,82.69567155540511,16.30432844459491
29.379573174437727,16.545945609152202,30.042779545968475,396.7356943777771
26.014061932889717,30.536499402850765,366.0931515926914,23.92724444643811

Iteration: ,15000
Error:,0.03516906703434294
Absolute Error:,0.031414754482335154
Transition Probabilities
0.0546683046683047,0.05221130221130224,0.047134785124136026,0.845985607996257
0.0769230769230769,0.0499671268902038,0.8128610773121571,0.06024871887456213
0.9074712879927719,0.0005664614781477977,0.038426936814092504,0.05353531371498781
0.0005640863709693122,0.9036663662928383,0.06543825561111899,0.03033129172507343

0.05263157894736844,0.06424148606811148,0.843902954991688,0.03922397999283214
0.05157813702848345,0.061585835257890686,0.047783580891022644,0.8390524468226032
0.06986832037330744,0.8031661347915587,0.04825038777266745,0.07871515706246628
0.8320907651956243,0.05497419445416429,0.041078625244164696,0.07185641510604661

0.8506151142355008,0.054481546572934976,0.058899342364678184,0.03600399682688596
0.049818840579710144,0.8405797101449275,0.09064343071980015,0.018958018555562183
0.061522901176824886,0.0347551342730864,0.05960219856595731,0.8441197659841313
0.05342171822765998,0.0681770513378637,0.8325192738587913,0.045881956575684966

Transition Gammas
89.0,85.0,76.73543018209341,1377.2645698179056
117.0,76.0,1236.3616985917913,91.63830140820903
1602.0,1.0,67.836804966403,94.508304236391
1.0,1602.0,116.00751051416378,53.77065159889057

68.0,83.0,1090.3226178492605,50.67738215073911
67.0,80.0,62.07087157743841,1089.9291284225615
68.3164982480375,785.3272777591055,47.17871438910226,76.966840777332
848.4254508044365,56.05338703815524,41.885035381943226,73.26702077411652

968.0,62.0,67.02745161100377,40.97254838899622
55.0,928.0,100.07034751465936,20.92965248534065
34.0719455501348,19.247711338201515,33.00824287155999,467.48124932765336
30.58843658354244,39.0371085110736,476.68745704666,26.27128751387716

Iteration: ,17500
Error:,0.03295148817989338
Absolute Error:,0.030344134200560455
Transition Probabilities
0.0529019003595275,0.0529019003595275,0.0418110941629434,0.8523851051180016
0.07382550335570472,0.050640634533251995,0.8187371045193114,0.0567967575917319
0.9097460586751156,0.0004733330170005804,0.03721441997131135,0.0525661883365724
0.0005020619257554367,0.9067238379143185,0.06272138479083864,0.03005271536908746

0.05678670360110806,0.06440443213296403,0.8394054147534683,0.039403449512459596
0.05270006506180874,0.05725439167208851,0.04204833990093992,0.8479972033651629
0.068690214204905,0.8081559991144871,0.049313642797347006,0.07384014388326088
0.8311068752597466,0.055146684849944574,0.04276169928174376,0.07098474060856505

0.8554125662376987,0.050719152157456475,0.05719351958289293,0.0366747620219519
0.05345394736842105,0.8388157894736842,0.08857403975506734,0.019156223402827403
0.05703209813635962,0.039357413804488026,0.059474053525334504,0.8441364345338179
0.05633282116800657,0.05744810031549821,0.8287464134057402,0.05747266511075506

Transition Gammas
103.0,103.0,81.40620033525077,1659.5937996647485
121.0,83.0,1341.910114307151,93.08988569284857
1922.0,1.0,78.62206656770304,111.05540169091552
1.0,1806.0,124.92758676424977,59.85858283092886

82.0,93.0,1212.1014189040077,56.89858109599163
81.0,88.0,64.62829842774462,1303.3717015722548
73.40504142958672,863.6270141712832,52.698481646671176,78.90845710203598
916.8799262847135,60.838009942176264,47.17485181794556,78.31060682319554

1130.0,67.0,75.55263936900155,48.44736063099846
65.0,1020.0,107.70603234216188,23.293967657838124
40.572277333225664,27.998617623646453,42.30946909916721,600.5133713843137
54.282694760173044,55.35738543392999,798.5857562205933,55.38105623995614

Iteration: ,19247
Error:,0.03164402447213701
Absolute Error:,0.029905782162318314
Transition Probabilities
0.053228191227205554,0.054706752094627935,0.04117884333526979,0.8508862133428967
0.07201309328968904,0.05128205128205129,0.8217477274374161,0.054957127990843624
0.9071779462139549,0.0004427417990307247,0.03739982977540308,0.054979482211611364
0.00044191056674832416,0.9045909301338195,0.06382069672402745,0.031146462575404606

0.05716080402010058,0.06218592964824129,0.8422384883568077,0.03841477797485052
0.05209580838323355,0.05868263473053894,0.04063103909598502,0.8485905177902425
0.0686203503778982,0.8110903610725652,0.0478242109278503,0.07246507762168636
0.8335995982730541,0.053891796293587986,0.04206432534193083,0.07044428009142717

0.8489469862018881,0.050835148874364564,0.06032462196786913,0.039893242955878164
0.05389221556886228,0.8360778443113772,0.09138624186449962,0.018643698255260854
0.0524301010516763,0.04086465516422618,0.06495319880048102,0.8417520449836164
0.06243728905464114,0.05578029495583282,0.8281413078573744,0.053641108132151644

*,*,*,*,*,*,*,*,*,*,*
Model Num 1
Model States: 
['rose'],['volcano'],"['nothing', 'b', 'rose']","['nothing', 'b', 'volcano']"
Iteration: ,19247
Error:,0.03233292636826738
Absolute Error:,0.029905782162318314
Transition Probabilities
0.053228191227205554,0.054706752094627935,0.04117884333526979,0.8508862133428967
0.07201309328968904,0.05128205128205129,0.8217477274374161,0.054957127990843624
0.9071779462139549,0.0004427417990307247,0.03739982977540308,0.054979482211611364
0.00044191056674832416,0.9045909301338195,0.06382069672402745,0.031146462575404606

0.05716080402010058,0.06218592964824129,0.8422384883568077,0.03841477797485052
0.05209580838323355,0.05868263473053894,0.04063103909598502,0.8485905177902425
0.0686203503778982,0.8110903610725652,0.0478242109278503,0.07246507762168636
0.8335995982730541,0.053891796293587986,0.04206432534193083,0.07044428009142717

0.8489469862018881,0.050835148874364564,0.06032462196786913,0.039893242955878164
0.05389221556886228,0.8360778443113772,0.09138624186449962,0.018643698255260854
0.0524301010516763,0.04086465516422618,0.06495319880048102,0.8417520449836164
0.06243728905464114,0.05578029495583282,0.8281413078573744,0.053641108132151644

Transition Gammas
108.0,111.0,83.55187312726235,1726.4481268727363
132.0,94.0,1506.2635843927835,100.73641560721634
2049.0,1.0,84.47322989896344,124.17956093591242
1.0,2047.0,144.4199381644894,70.48137093572389

91.0,99.0,1340.843673464036,61.156326535961945
87.0,98.0,67.85383529029497,1417.1461647097046
76.6676530361622,906.2092227922492,53.43269146765568,80.9632623229427
957.4379801982998,61.89788562696695,48.31334225354348,80.909383098295

1169.0,70.0,83.06700444975579,54.93299555024423
72.0,1117.0,122.0920191309715,24.9079808690285
52.47901838764275,40.902781927778506,65.01380019899229,842.5374004713797
69.37129330105292,61.97500340564011,920.1109534370648,59.598248123368556

