0,1,2,3,4,5,6,7,8,9,10,11,12,13,14,15,16,17,18,19,20,21,22,23,24,25,26,27,28,29
github Code Version (SHA):,0223d720dafbf5413b6775610c21cd8ff219e6c5
Environment Observations,Environment Actions,alpha,epsilon,numActions,explore,patience,gainThresh,insertRandActions,useBudd,revisedSplitting,haveControl,confidence_factor
"['diamond', 'square']","['x', 'y']",0.85,0.99,100000,0.05,0,0.0001,False,False,False,False,

Model Num 0
Model States: 
['diamond'],['square']
Iteration: ,0
Error:,0.5070914768433642
Absolute Error:,1
Transition Probabilities
0.5,0.5
0.5,0.5

0.5,0.5
0.5,0.5

Transition Gammas
1.0,1.0
1.0,1.0

1.0,1.0
1.0,1.0

Iteration: ,10000
Error:,0.08604137812394379
Absolute Error:,1
Transition Probabilities
0.4816753926701571,0.518324607329843
0.11118980169971672,0.8888101983002833

0.12269066792989104,0.877309332070109
0.8841750841750842,0.11582491582491583

Transition Gammas
1012.0,1089.0
314.0,2510.0

259.0,1852.0
2626.0,344.0

Iteration: ,20000
Error:,0.08419448131411553
Absolute Error:,1
Transition Probabilities
0.4803661768248615,0.5196338231751385
0.1109945813668939,0.8890054186331061

0.1210401891252955,0.8789598108747045
0.8875338753387534,0.11246612466124661

Transition Gammas
1994.0,2157.0
635.0,5086.0

512.0,3718.0
5240.0,664.0

Iteration: ,30000
Error:,0.07978255264577658
Absolute Error:,1
Transition Probabilities
0.48012134759699826,0.5198786524030018
0.11002473789610083,0.8899752621038992

0.12068693871120215,0.8793130612887978
0.8871673964297744,0.11283260357022566

Transition Gammas
3007.0,3256.0
934.0,7555.0

766.0,5581.0
7902.0,1005.0

Iteration: ,40000
Error:,0.08683479456075018
Absolute Error:,1
Transition Probabilities
0.4801057819449453,0.5198942180550546
0.11113055652782639,0.8888694434721736

0.12038904044597319,0.8796109595540268
0.885187690226581,0.11481230977341901

Transition Gammas
3994.0,4325.0
1270.0,10158.0

1015.0,7416.0
10470.0,1358.0

Iteration: ,50000
Error:,0.08436915346725443
Absolute Error:,1
Transition Probabilities
0.4781980941380306,0.5218019058619694
0.11269384604589151,0.8873061539541085

0.11979560938682816,0.8802043906131718
0.8864035680497364,0.11359643195026355

Transition Gammas
4968.0,5421.0
1606.0,12645.0

1266.0,9302.0
13117.0,1681.0

Iteration: ,60000
Error:,0.08457639809228701
Absolute Error:,1
Transition Probabilities
0.47431561996779387,0.5256843800322061
0.11046209010467874,0.8895379098953212

0.12090880203368287,0.8790911979663171
0.8857513977523014,0.11424860224769864

Transition Gammas
5891.0,6529.0
1910.0,15381.0

1522.0,11066.0
15684.0,2023.0

Iteration: ,70000
Error:,0.08187765894428299
Absolute Error:,1
Transition Probabilities
0.47586779145346425,0.5241322085465357
0.11046856465005932,0.8895314353499407

0.1217089597931832,0.8782910402068168
0.885557657788774,0.11444234221122593

Transition Gammas
6882.0,7580.0
2235.0,17997.0

1789.0,12910.0
18254.0,2359.0

Iteration: ,80000
Error:,0.08481707597478183
Absolute Error:,1
Transition Probabilities
0.47674839956516485,0.5232516004348351
0.11078452561054679,0.8892154743894533

0.12205146533238027,0.8779485346676197
0.8858235919234857,0.11417640807651434

Transition Gammas
7894.0,8664.0
2563.0,20572.0

2049.0,14739.0
20839.0,2686.0

Iteration: ,90000
Error:,0.08151720812687474
Absolute Error:,1
Transition Probabilities
0.47503352105122015,0.5249664789487798
0.11068043136201404,0.889319568637986

0.12103364109094768,0.8789663589090523
0.8870284979968251,0.11297150200317484

Transition Gammas
8857.0,9788.0
2884.0,23173.0

2281.0,16565.0
23469.0,2989.0

Iteration: ,99999
Error:,0.08696802479235968
Absolute Error:,1
Transition Probabilities
0.4734022011971423,0.5265977988028577
0.11085816777041943,0.8891418322295805

0.12059315953121263,0.8794068404687874
0.887248230811105,0.11275176918889494

Transition Gammas
9807.0,10909.0
3214.0,25778.0

2521.0,18384.0
26078.0,3314.0


Model Num 1
Model States: 
['square'],"['diamond', 'x', 'square']","['diamond', 'x', 'diamond']"
Iteration: ,0
Error:,0.5678007673808022
Absolute Error:,1
Transition Probabilities
0.3333333333333333,0.3333333333333333,0.3333333333333333
0.3333333333333333,0.3333333333333333,0.3333333333333333
0.3333333333333333,0.3333333333333333,0.3333333333333333

0.3333333333333333,0.3333333333333333,0.3333333333333333
0.3333333333333333,0.3333333333333333,0.3333333333333333
0.3333333333333333,0.3333333333333333,0.3333333333333333

Transition Gammas
1.0,1.0,1.0
1.0,1.0,1.0
1.0,1.0,1.0

1.0,1.0,1.0
1.0,1.0,1.0
1.0,1.0,1.0

Iteration: ,10000
Error:,0.08165364022434102
Absolute Error:,1
Transition Probabilities
0.8907741251325557,0.05660463512072837,0.05262123974671595
0.9992458521870287,0.0003770739064856712,0.0003770739064856712
0.0005952380952380953,0.7965457642513484,0.20285899765341361

0.11333819241982507,0.4423979307443797,0.4442638768357951
0.811997071284948,0.13527310433746406,0.05272982437758793
0.8510479129146629,0.09158076736377087,0.05737131972156624

Transition Gammas
2520.0,160.13451275654057,148.86548724345943
2650.0,1.0,1.0
1.0,1338.1968839422652,340.8031160577349

311.0,1213.939921962578,1219.0600780374218
54.380183205576344,9.05936296668845,3.5313643502598815
36.619816794423656,3.940637033311549,2.4686356497401185

Iteration: ,20000
Error:,0.08290593337236257
Absolute Error:,1
Transition Probabilities
0.8933095450490633,0.05731142844104397,0.0493790265098927
0.999623848034606,0.0001880759826970096,0.0001880759826970096
0.0002963841138114996,0.7992883734748222,0.20041524241136624

0.1156006522920819,0.43688237856479767,0.44751696914312045
0.7945487251103103,0.1392696566839703,0.06618161820571944
0.8617019079956051,0.07523417316003113,0.06306391884436381

Transition Gammas
5007.0,321.23055641205144,276.76944358794856
5315.0,1.0,1.0
1.0,2696.798972104051,676.2010278959499

638.0,2411.1538472991183,2469.8461527008817
98.68243442510351,17.297200698691597,8.219713898384805
65.3175655748965,5.7027993013084,4.780286101615193

Iteration: ,30000
Error:,0.07369032012649303
Absolute Error:,1
Transition Probabilities
0.8946193609022557,0.05665444109927957,0.04872619799846479
0.9997471554993679,0.00012642225031605562,0.00012642225031605562
0.00019790223629527012,0.7941341406619448,0.20566795710175992

0.11423357664233577,0.43819502460014875,0.4475713987575155
0.8206498866035253,0.11642439769972672,0.06292571569674799
0.881231481691328,0.05695927054955939,0.061809247759112534

Transition Gammas
7615.0,482.2426026370677,414.7573973629323
7908.0,1.0,1.0
1.0,4012.759812764807,1039.240187235193

939.0,3601.9631022132226,3679.0368977867774
162.474024819665,23.049951983504837,12.458168167453806
107.52597518033488,6.950048016495157,7.541831832546191

Iteration: ,40000
Error:,0.07412902808357129
Absolute Error:,1
Transition Probabilities
0.8914224637035717,0.058732732877298265,0.049844803419129974
0.9998111782477341,9.441087613293051e-05,9.441087613293051e-05
0.00014734050390452337,0.7903899817264939,0.2094626777696016

0.11430651619949035,0.4382304763901745,0.44746300741033523
0.8327092399551885,0.10782410498692042,0.05946665505789097
0.8908394972079021,0.05607724391118514,0.053083258880912615

Transition Gammas
10008.0,659.3923920134276,559.6076079865722
10590.0,1.0,1.0
1.0,5364.376805977713,1421.6231940222858

1256.0,4815.276474575237,4916.7235254247635
215.49537811227123,27.903612880558462,15.389272391719631
144.50462188772852,9.096387119441536,8.610727608280367

Iteration: ,50000
Error:,0.07123686660976837
Absolute Error:,1
Transition Probabilities
0.8890958590055882,0.05919773915784636,0.051706401836565434
0.9998491249245625,7.543753771876886e-05,7.543753771876886e-05
0.00011756407241946866,0.7879767059410411,0.21190572998653934

0.11445607911576498,0.43976576307593723,0.4457781578082978
0.8480137498394493,0.09586930019708302,0.05611694996346756
0.8978354703231773,0.05301083344372952,0.04915369623309313

Transition Gammas
12410.0,826.2820431652195,721.7179568347804
13254.0,1.0,1.0
1.0,6702.529860734493,1802.470139265503

1574.0,6047.658773820289,6130.341226179712
281.26566249143474,31.79752950660046,18.612635834574228
189.73433750856486,11.202470493399542,10.38736416542577

Iteration: ,60000
Error:,0.07092716001504056
Absolute Error:,1
Transition Probabilities
0.8902190829642045,0.059071165113114665,0.05070975192268085
0.9998745294855709,6.273525721455458e-05,6.273525721455458e-05
9.787608887148871e-05,0.7867289136984008,0.21317321021272762

0.11285342374523219,0.44123013906507197,0.44591643718969587
0.8460248258176958,0.09858791326655067,0.05538726091575355
0.8938315543950669,0.05553541341478632,0.05063303219014674

Transition Gammas
14872.0,986.8428843796936,847.1571156203063
15938.0,1.0,1.0
1.0,8038.00931125656,2177.9906887434377

1864.0,7287.798206937794,7365.201793062207
328.8597890612717,38.32228011689,21.529679018380584
220.14021093872788,13.677719883109994,12.470320981619418

Iteration: ,70000
Error:,0.070860118289429
Absolute Error:,1
Transition Probabilities
0.8900451096985852,0.05932575214099744,0.050629138160417364
0.9998924326359383,5.378368203087183e-05,5.378368203087183e-05
8.441668073611343e-05,0.7890967511910562,0.2108188321282077

0.11356336130970884,0.4423676550047208,0.44406898368557035
0.8479874532485079,0.09716178255743457,0.05485076419405754
0.8932465295934636,0.057777154554359327,0.04897631585217713

Transition Gammas
17363.0,1157.326772766578,987.6732272334219
18591.0,1.0,1.0
1.0,9347.640114609254,2497.3598853907492

2192.0,8538.580476901121,8571.419523098879
397.7123896622735,45.56959489993669,25.725414236792396
265.287610337726,17.1593874210912,14.545603442179704

Iteration: ,80000
Error:,0.06909331575334862
Absolute Error:,1
Transition Probabilities
0.8903611210923464,0.058810306368898085,0.050828572538755515
0.9999057936881771,4.7103155911446066e-05,4.7103155911446066e-05
7.374087456677232e-05,0.7887879211599581,0.21113833796547513

0.11303480783176215,0.44239397243574663,0.4445712197324912
0.8588046263278649,0.08665432338860714,0.05454105028352792
0.8978793093787837,0.052200456280489506,0.049920234340726906

Transition Gammas
19823.0,1309.352660997147,1131.6473390028527
21228.0,1.0,1.0
1.0,10696.752998850197,2863.24700114981

2494.0,9760.980607822314,9809.019392177686
472.5356375333243,47.67936116336423,30.009840628903167
310.4643624666752,18.049621157663655,17.261177050068934

Iteration: ,90000
Error:,0.0676931695387608
Absolute Error:,1
Transition Probabilities
0.8899931871919208,0.05930341994625142,0.050703392861827755
0.9999163669816844,4.1816509157815506e-05,4.1816509157815506e-05
6.529119874640895e-05,0.788673750027123,0.2112609587741306

0.11257851505878563,0.44097999586075237,0.446441489080462
0.8606728052556748,0.08502515071354076,0.05430204403078442
0.9015762347765588,0.05047483872779298,0.04794892649564811

Transition Gammas
22208.0,1479.7982379188118,1265.201762081188
23912.0,1.0,1.0
1.0,12079.327155415422,3235.6728445845856

2796.0,10952.179177197646,11087.820822802354
525.4067889164444,51.90449975965897,33.14925534023163
347.593211083555,19.460041863976503,18.486203036132885

Iteration: ,99999
Error:,0.06704715438757859
Absolute Error:,1
Transition Probabilities
0.8893371757925072,0.05942725182177419,0.051235572385718596
0.9999247809244425,3.76095377787807e-05,3.76095377787807e-05
5.9024908511391785e-05,0.7903824064130486,0.2095585686784401

0.11232291025037139,0.4429832497511754,0.4446938399984532
0.8586728728289298,0.08429444031641915,0.0570326868546511
0.9021375944283884,0.04882854287918247,0.0490338626924292

Transition Gammas
24688.0,1649.7005105724515,1422.2994894275482
26587.0,1.0,1.0
1.0,13390.658729449875,3550.3412705501337

3100.0,12225.89470988269,12273.10529011731
592.7213148976862,58.18643290582496,39.368297537182734
391.2786851023136,21.178108717810513,21.267160839181795


Model Num 2
Model States: 
"['diamond', 'x', 'square']","['diamond', 'x', 'diamond']","['square', 'y', 'diamond', 'x', 'diamond']","['square', 'y', 'diamond', 'x', 'square']"
Iteration: ,0
Error:,0.5053201508634294
Absolute Error:,0.6
Transition Probabilities
0.25,0.25,0.25,0.25
0.25,0.25,0.25,0.25
0.25,0.25,0.25,0.25
0.25,0.25,0.25,0.25

0.25,0.25,0.25,0.25
0.25,0.25,0.25,0.25
0.25,0.25,0.25,0.25
0.25,0.25,0.25,0.25

Transition Gammas
1.0,1.0,1.0,1.0
1.0,1.0,1.0,1.0
1.0,1.0,1.0,1.0
1.0,1.0,1.0,1.0

1.0,1.0,1.0,1.0
1.0,1.0,1.0,1.0
1.0,1.0,1.0,1.0
1.0,1.0,1.0,1.0

Iteration: ,10000
Error:,0.0587939265621392
Absolute Error:,0.180560450289092
Transition Probabilities
0.0002701972439881113,0.0002701972439881113,0.19569715130041146,0.8037624542116124
0.7424134213270217,0.2561947902248224,0.0006958942240779402,0.0006958942240779402
0.08583255390770458,0.04188800614477456,0.7038114134467066,0.16846802650081427
0.07354231718948044,0.04000685205059908,0.708835927510121,0.17761490324979945

0.05685296277230083,0.05759718011952809,0.24252391052950145,0.6430259465786696
0.09700210294796138,0.13181413017637889,0.43037926525471304,0.3408045016209467
0.0009087714901121905,0.8712282515360069,0.022712196181583134,0.10515078079229773
0.8976822714260612,0.0003556920410597249,0.015484268514158685,0.08647776801872037

Transition Gammas
1.0,1.0,724.2751569628228,2974.7248430371774
1066.8480864469302,368.1519135530698,1.0,1.0
16.565248857936226,8.084173362674079,135.83204369448464,32.51347718946157
30.667518163822038,16.683059615567657,295.58816628089244,74.0663128351613

4.373054625583422,4.430298838620587,18.654618106768815,49.460704472309935
2.626945374416578,3.569701161379413,11.65524030661682,9.229437114304421
1.0949258686750145,1049.692205913624,27.364603097933028,126.69005492970429
2667.156050889607,1.0568173280938629,46.006211524630075,256.93913044773274

Iteration: ,20000
Error:,0.05473514328311156
Absolute Error:,0.17526202325794216
Transition Probabilities
0.00013422818791946302,0.00013422818791946302,0.1886135463920735,0.8111179972320877
0.7503195830822772,0.24896587601025574,0.00035727045373347617,0.00035727045373347617
0.07133445188662099,0.04888336992872821,0.7252053305472297,0.15457684763742108
0.06729182822686872,0.04894652083757863,0.7107745463333107,0.17298710460224198

0.06599519488488828,0.04534823078477117,0.2248351388923363,0.6638214354380042
0.12996903625576942,0.10381653762121827,0.42007741367806484,0.3461370124449475
0.0004697739322552412,0.8782848111426144,0.013240934263199097,0.10800448066193151
0.8941129639559868,0.0001752067695995428,0.008540473826050717,0.09717135544836288

Transition Gammas
1.0,1.0,1405.1709206209482,6042.829079379056
2100.1445130472944,696.855486952706,1.0,1.0
22.14456106342772,15.17500649045955,225.12759684971232,47.98573972278653
60.600806322297224,44.07962612381551,640.1001690122749,155.78649441522612

8.793737164352155,6.042567539731204,29.958864735204322,88.45297354582777
6.206262835647845,4.957432460268796,20.059476593137454,16.528685125830442
1.1006711506090483,2057.8041633811977,31.023250440162162,253.05238932779153
5404.036212331695,1.0589531364944993,51.61879056338233,587.3055696686632

Iteration: ,30000
Error:,0.053762269512284945
Absolute Error:,0.175510982776185
Transition Probabilities
8.940545373267757e-05,8.940545373267757e-05,0.18663959104273636,0.8131815980497983
0.75349163974048,0.2460268966100257,0.00024073182474723163,0.00024073182474723163
0.06847524491301797,0.04940443328721469,0.7239599690328602,0.15816035276690713
0.06712442213244363,0.054065124633305275,0.703165923164986,0.175644530069265

0.058847347313933665,0.046846683085088256,0.21870993860350454,0.6755960309974735
0.13151637017137555,0.11123631493887623,0.4130780524142801,0.34416926247546814
0.0003188415115241478,0.882513405801595,0.010099533977333186,0.10706821870954762
0.8924601220184738,0.00011617933924517927,0.005992978633276776,0.10143072000900434

Transition Gammas
1.0,1.0,2087.563825813009,9095.436174187005
3130.004271481953,1021.9957285180465,1.0,1.0
27.99279134897818,20.196612578461824,295.95601131317477,64.6562091206646
94.05463125766774,75.75596481489228,985.2749493432792,246.11283022288038

12.217946063277854,9.726355958300868,45.40877975527231,140.26793464889585
9.782053936722146,8.273644041699132,30.724325675406245,25.59895992042569
1.1054573163726493,3059.767520787303,35.01615480941405,371.2168630667539
8148.066316843552,1.0607050527655848,54.71525969017449,926.0517224336551

Iteration: ,40000
Error:,0.04359515528795662
Absolute Error:,0.16877519298266008
Transition Probabilities
6.70421024403324e-05,6.70421024403324e-05,0.1840767253372583,0.815789190457861
0.7551463595357786,0.2444901362839234,0.0001817520901490367,0.0001817520901490367
0.0711754606096702,0.04623708612853124,0.7298354479498064,0.15275200531199215
0.06389008117360649,0.05168039463457759,0.7089421171233526,0.17548740706846322

0.04459520110216138,0.03963598276985419,0.21988517933321172,0.6958836367947727
0.10186929185917297,0.09519085159833372,0.4498507966455484,0.3530890598969449
0.00024120002119823157,0.884972056492558,0.008280817655170055,0.10650592583107386
0.8919505126354768,8.695217569814403e-05,0.004776079393807484,0.10318645579501765

Transition Gammas
1.0,1.0,2745.6884351305507,12168.31156486948
4154.815270165854,1345.1847298341465,1.0,1.0
36.034679897226596,23.408890982234833,369.50075938036304,77.33521592875013
123.03443611168632,99.52199300885232,1365.2243355128155,337.9396891780714

12.217946063277854,10.859246907255631,60.24292288878481,190.65434240779987
9.782053936722146,9.140753092744369,43.1971664468573,33.90556825655814
1.1086135177188274,4067.5451841057825,38.060636747379995,489.52694326858136
10892.284363395167,1.061838981314817,58.32432871840693,1260.0880912656291

Iteration: ,50000
Error:,0.04346517388632008
Absolute Error:,0.16775699193394633
Transition Probabilities
5.369992482010523e-05,5.369992482010523e-05,0.18536254828852888,0.814530051861831
0.7566345123592935,0.24307521187873257,0.00014513788098693753,0.00014513788098693753
0.07262517895392775,0.04758723654355096,0.7271565047173577,0.1526310797851635
0.06516531556846257,0.04811772514546118,0.714775404814272,0.17194155447180423

0.04054315172163979,0.04237529104594633,0.20572585824601247,0.7113556989864014
0.09151631628903877,0.10296432764760859,0.44280029916625774,0.36271905689709505
0.0001926342715359324,0.8856861538530126,0.007421543636054593,0.10669966823939675
0.8906650037034702,6.970964895977536e-05,0.003986624998253238,0.10527866164931665

Transition Gammas
1.0,1.0,3451.8213742289863,15168.178625771023
5213.211790155535,1674.7882098444684,1.0,1.0
42.68490773985001,27.969043666584124,427.3808170026351,89.70777976321997
159.5414694411929,117.80457915237301,1749.954211219711,420.9571920144352

14.108586049936912,14.746151069300106,71.59041294295305,247.54422547534358
10.89141395006309,12.253848930699894,52.697940115943275,43.167421465760164
1.111096823516015,5108.556563335285,42.80678351706282,615.4339075063928
13578.269609853982,1.0627299871986864,60.77646346783841,1604.982845508704

Iteration: ,60000
Error:,0.04500510723239834
Absolute Error:,0.16678179952754818
Transition Probabilities
4.479885314935937e-05,4.479885314935937e-05,0.18476890642279556,0.8151414958709057
0.7573706322595093,0.24238747127217924,0.0001209482341557813,0.0001209482341557813
0.0698740902085381,0.047012880763120865,0.7349919653446131,0.148121063683728
0.06384537165300735,0.04970965358039155,0.7114333374359286,0.17501163733067243

0.03996289635985635,0.04958130062471681,0.2045018668364731,0.7059539361789537
0.08720921125124516,0.11654972232998377,0.4435881677032495,0.35265289871552147
0.0001611016854502525,0.886114599657229,0.006909801872001002,0.10681449678531976
0.8896782900377794,5.813944754221931e-05,0.0035388004787652093,0.1067247700359132

Transition Gammas
1.0,1.0,4124.411529169643,18195.588470830357
6261.940387521624,2004.0596124783785,1.0,1.0
47.24876931383482,31.790049091531408,497.00061517003127,100.15927144990762
191.14035633291417,148.82082526171976,2129.890046903853,523.950066476209

16.76686906427578,20.80237548663277,85.80098884152628,296.19067413774326
12.596419328138841,16.834336120952607,64.07147237340857,50.93686464732198
1.1133680015758805,6123.906390117994,47.75339426160532,738.1911771613832
16274.91669489266,1.0635469877505057,64.73540338868376,1952.3200251883252

Iteration: ,70000
Error:,0.04713877477469364
Absolute Error:,0.16560806750864338
Transition Probabilities
3.840835765862651e-05,3.840835765862651e-05,0.182300126976884,0.8176230563077987
0.7564503899773264,0.24334101594674534,0.00010429703796412178,0.00010429703796412178
0.06738002378769314,0.04777263307836175,0.7400943480506045,0.1447529950833406
0.06415611837475503,0.047251047159107995,0.7126235304437126,0.17596930402242428

0.04698591340632749,0.053593285760348476,0.19269177816648356,0.7067290226668405
0.09363068916392141,0.11799946340768111,0.4395901436786678,0.3487797037497296
0.00013921202992722172,0.8858300919078337,0.006417310906851078,0.10761338515538796
0.8887014170560653,4.9729393430167355e-05,0.0031237120406510887,0.10812514150985345

Transition Gammas
1.0,1.0,4746.366105970153,21287.633894029852
7252.846339102608,2333.153660897395,1.0,1.0
52.81515477922406,37.44609853797052,580.115520093672,113.46318107829562
228.47020543124162,168.26854125156402,2537.766444107029,626.6548547210077

22.661189405331346,25.847908690559834,92.93476630152584,340.85365335775793
15.702098987083279,19.788802917025542,73.72035826527194,58.491222075444426
1.1150837264372297,7095.469553825319,51.40244678178143,861.9796334866194
19017.351201503112,1.0641609451147658,66.8444179218385,2313.773501809757

Iteration: ,80000
Error:,0.0490740754227421
Absolute Error:,0.16491565564519828
Transition Probabilities
3.356155188615918e-05,3.356155188615918e-05,0.18215783219656753,0.8177750446996601
0.7565192650875925,0.24329775229575612,9.1491308325709e-05,9.1491308325709e-05
0.06665366602319815,0.04762857287823781,0.7424284829519983,0.1432892781465657
0.0667807716679664,0.04769468119802603,0.7091016240521512,0.17642292308185645

0.056079032318064805,0.05036460939473806,0.1835027108409813,0.710053647446216
0.11033441798200987,0.10685620126107918,0.440545265040539,0.34226411571637194
0.00012241204017510485,0.8874538981603447,0.005706636750250238,0.10671705304922995
0.8885677303781703,4.344869617942107e-05,0.0028055682769645126,0.10858325264868578

Transition Gammas
1.0,1.0,5427.574768128931,24366.425231871097
8268.755567407392,2659.2444325926162,1.0,1.0
57.02781804042899,40.750250506553186,635.2100185919646,122.59603062857437
272.56010211337934,194.66182933963862,2894.1386305233,720.0553202561694

30.637390051914092,27.515456652090368,100.25216012523299,387.9202200068333
21.25865895685792,20.58849433913762,84.881959010129,65.94566085780484
1.1165756427348899,8094.868816159909,52.05281758355225,973.414558966321
21773.949917569666,1.0646906276821244,68.7491803544887,2660.7834430956304

Iteration: ,90000
Error:,0.04443909659003552
Absolute Error:,0.16148188219258708
Transition Probabilities
2.9847182425978956e-05,2.9847182425978956e-05,0.1834474783999816,0.8164928272351664
0.7560655320487167,0.24377257706574024,8.094544277157193e-05,8.094544277157193e-05
0.06593885053142351,0.046663655812067974,0.7480353174330702,0.13936217622343844
0.0660932161658128,0.04730722297534978,0.7120098876152299,0.17458967324360755

0.055135867209761984,0.04880486370232157,0.19347538247508664,0.7025838866128299
0.10255275515726459,0.09853803862760858,0.47173719280600385,0.327172013409123
0.00010848547861077343,0.8884990175662545,0.005456253650621335,0.10593624330451336
0.8888990213711413,3.871995835158079e-05,0.002619511880568672,0.10844274678993843

Transition Gammas
1.0,1.0,6146.224316312991,27355.775683687043
9340.433582929849,3011.5664170701557,1.0,1.0
61.450861429102765,43.48759227636524,697.1218676878282,129.87678296702384
303.10764631152716,216.9538999830049,3265.3221269207884,800.6792224243654

33.89033332748091,29.998858865887282,118.92340747624291,431.8568531304442
23.005715681291097,22.105092125340704,105.82506259673659,73.39467679657615
1.1178467258559703,9155.195058650468,56.22185897035848,1091.5791149551299
24452.621951698773,1.0651429248918118,72.0598540143795,2983.1391720601227

Iteration: ,99999
Error:,0.04574355801073583
Absolute Error:,0.1612811618536762
Transition Probabilities
2.682043717312589e-05,2.682043717312589e-05,0.1831127810890779,0.8168335780365759
0.7563190294514437,0.24353480377226455,7.30833881458744e-05,7.30833881458744e-05
0.06484592749533787,0.049296066359988136,0.7421774728244739,0.14368053332020006
0.0673150592677032,0.04849204237389288,0.7099370119216549,0.17425588643674894

0.05572178885714653,0.046428633258874176,0.1832063839407425,0.7146431939432367
0.10245978124181944,0.10051901896544903,0.4675645386358276,0.3294566611569039
9.826110716273168e-05,0.8898722063993167,0.005301321132838305,0.10472821136068222
0.8894095140097598,3.478444150225437e-05,0.002424964032481108,0.10813073751625694

Transition Gammas
1.0,1.0,6827.360042906277,30455.639957093765
10348.713279984111,3332.286720015898,1.0,1.0
66.09565333069904,50.24611164565677,756.4808901405188,146.44957806154693
342.7499563986051,246.9082786250393,3614.8059962958373,887.2635355021035

37.884800544440026,31.56645805239277,124.56056161185059,485.8802170258885
25.01124846433199,24.537492938835218,114.13622698774928,80.42299437451184
1.1191447735416458,10135.19853040583,60.37939129727315,1192.8018497956232
27246.616720809725,1.0656040108976748,74.28756328104323,3312.5311956260502

*,*,*,*,*,*,*,*,*,*,*
Model Num 2
Model States: 
"['diamond', 'x', 'square']","['diamond', 'x', 'diamond']","['square', 'y', 'diamond', 'x', 'diamond']","['square', 'y', 'diamond', 'x', 'square']"
Iteration: ,99999
Error:,0.045257416390380965
Absolute Error:,0.1612811718900245
Transition Probabilities
2.682043717312589e-05,2.682043717312589e-05,0.1831127810890779,0.8168335780365759
0.7563190294514437,0.24353480377226455,7.30833881458744e-05,7.30833881458744e-05
0.06484592749533787,0.049296066359988136,0.7421774728244739,0.14368053332020006
0.0673150592677032,0.04849204237389288,0.7099370119216549,0.17425588643674894

0.05572178885714653,0.046428633258874176,0.1832063839407425,0.7146431939432367
0.10245978124181944,0.10051901896544903,0.4675645386358276,0.3294566611569039
9.826110716273168e-05,0.8898722063993167,0.005301321132838305,0.10472821136068222
0.8894131238898687,3.4783306073086515e-05,0.0024248848771238687,0.10812720792693438

Transition Gammas
1.0,1.0,6827.360042906277,30455.639957093765
10348.713279984111,3332.286720015898,1.0,1.0
66.09565333069904,50.24611164565677,756.4808901405188,146.44957806154693
342.7499563986051,246.9082786250393,3614.8059962958373,887.2635355021035

37.884800544440026,31.56645805239277,124.56056161185059,485.8802170258885
25.01124846433199,24.537492938835218,114.13622698774928,80.42299437451184
1.1191447735416458,10135.19853040583,60.37939129727315,1192.8018497956232
27247.616720809725,1.0656040108976748,74.28756328104323,3312.5311956260502

