0,1,2,3,4,5,6,7,8,9,10,11,12,13,14,15,16,17,18,19,20,21,22,23,24,25,26,27,28,29
github Code Version (SHA):,0223d720dafbf5413b6775610c21cd8ff219e6c5
Environment Observations,Environment Actions,alpha,epsilon,numActions,explore,patience,gainThresh,insertRandActions,useBudd,revisedSplitting,haveControl,confidence_factor
"['diamond', 'square']","['x', 'y']",0.85,0.99,100000,0.05,0,0.0001,False,False,False,False,

Model Num 0
Model States: 
['diamond'],['square']
Iteration: ,0
Error:,0.5070842365725367
Absolute Error:,1
Transition Probabilities
0.5,0.5
0.5,0.5

0.5,0.5
0.5,0.5

Transition Gammas
1.0,1.0
1.0,1.0

1.0,1.0
1.0,1.0

Iteration: ,10000
Error:,0.08136466228365478
Absolute Error:,1
Transition Probabilities
0.4791863765373699,0.52081362346263
0.10400273691412931,0.8959972630858707

0.12101910828025478,0.8789808917197452
0.8852459016393442,0.11475409836065574

Transition Gammas
1013.0,1101.0
304.0,2619.0

247.0,1794.0
2592.0,336.0

Iteration: ,20000
Error:,0.07838737103405635
Absolute Error:,1
Transition Probabilities
0.47839654344695154,0.5216034565530485
0.1073952766764351,0.8926047233235649

0.11600481347773767,0.8839951865222624
0.887661454792658,0.11233854520734195

Transition Gammas
1993.0,2173.0
623.0,5178.0

482.0,3673.0
5223.0,661.0

Iteration: ,30000
Error:,0.08053367247013954
Absolute Error:,1
Transition Probabilities
0.4743896601244615,0.5256103398755385
0.10638784138955548,0.8936121586104445

0.11880867594690839,0.8811913240530916
0.8862656072644722,0.11373439273552781

Transition Gammas
2973.0,3294.0
931.0,7820.0

734.0,5444.0
7808.0,1002.0

Iteration: ,40000
Error:,0.08139468726753034
Absolute Error:,1
Transition Probabilities
0.46887275324366146,0.5311272467563385
0.1077612197433026,0.8922387802566973

0.11951900886675573,0.8804809911332443
0.8892289381960384,0.11077106180396157

Transition Gammas
3939.0,4462.0
1251.0,10358.0

984.0,7249.0
10460.0,1303.0

Iteration: ,50000
Error:,0.08179529205990603
Absolute Error:,1
Transition Probabilities
0.4711272310775986,0.5288727689224014
0.10898542717038469,0.8910145728296153

0.11939288476411446,0.8806071152358855
0.8888888888888888,0.1111111111111111

Transition Gammas
4936.0,5541.0
1578.0,12901.0

1235.0,9109.0
13072.0,1634.0

Iteration: ,60000
Error:,0.08233783878651885
Absolute Error:,1
Transition Probabilities
0.47039106145251397,0.529608938547486
0.1106764841233318,0.8893235158766682

0.12026332691072575,0.8797366730892743
0.8885234747108188,0.11147652528918121

Transition Gammas
5894.0,6636.0
1924.0,15460.0

1498.0,10958.0
15670.0,1966.0

Iteration: ,70000
Error:,0.0809929568915644
Absolute Error:,1
Transition Probabilities
0.47205096588573775,0.5279490341142622
0.10967520023586065,0.8903247997641394

0.12036080699579976,0.8796391930042002
0.8887698451348982,0.11123015486510178

Transition Gammas
6891.0,7707.0
2232.0,18119.0

1748.0,12775.0
18250.0,2284.0

Iteration: ,80000
Error:,0.0816473030618774
Absolute Error:,1
Transition Probabilities
0.4745986101126288,0.5254013898873712
0.10926783264746227,0.8907321673525377

0.1205088015432843,0.8794911984567158
0.8893922557483546,0.11060774425164543

Transition Gammas
7922.0,8770.0
2549.0,20779.0

1999.0,14589.0
20810.0,2588.0

Iteration: ,90000
Error:,0.0796343835952669
Absolute Error:,1
Transition Probabilities
0.475244351866688,0.524755648133312
0.10870726495726496,0.8912927350427351

0.12029713552800342,0.8797028644719965
0.8890111140613739,0.1109888859386261

Transition Gammas
8898.0,9825.0
2849.0,23359.0

2251.0,16461.0
23437.0,2926.0

Iteration: ,99999
Error:,0.08321465194109794
Absolute Error:,1
Transition Probabilities
0.47461720523595613,0.5253827947640438
0.10851413318732461,0.8914858668126754

0.1193649266297811,0.880635073370219
0.8878648233486943,0.11213517665130568

Transition Gammas
9826.0,10877.0
3171.0,26051.0

2481.0,18304.0
26010.0,3285.0


Model Num 1
Model States: 
['square'],"['diamond', 'x', 'square']","['diamond', 'x', 'diamond']"
Iteration: ,0
Error:,0.5656769651314885
Absolute Error:,1
Transition Probabilities
0.3333333333333333,0.3333333333333333,0.3333333333333333
0.3333333333333333,0.3333333333333333,0.3333333333333333
0.3333333333333333,0.3333333333333333,0.3333333333333333

0.3333333333333333,0.3333333333333333,0.3333333333333333
0.3333333333333333,0.3333333333333333,0.3333333333333333
0.3333333333333333,0.3333333333333333,0.3333333333333333

Transition Gammas
1.0,1.0,1.0
1.0,1.0,1.0
1.0,1.0,1.0

1.0,1.0,1.0
1.0,1.0,1.0
1.0,1.0,1.0

Iteration: ,10000
Error:,0.07981083339480231
Absolute Error:,1
Transition Probabilities
0.8812175204157386,0.06568295243487941,0.0530995271493819
0.9992660550458715,0.0003669724770642202,0.0003669724770642202
0.0006093845216331507,0.7903280795330679,0.20906253594529897

0.1137005649717514,0.4675714609309874,0.41872797409726126
0.8729340199008518,0.07517661895149663,0.05188936114765165
0.8436868313869348,0.09124741279404835,0.06506575581901686

Transition Gammas
2374.0,176.94987385956514,143.05012614043486
2723.0,1.0,1.0
1.0,1296.928378513764,343.07162148623553

322.0,1324.1623773565564,1185.8376226434439
66.45441580083256,5.723019358176616,3.950215139670311
39.54558419916746,4.276980641823384,3.049784860329689

Iteration: ,20000
Error:,0.0777993515629094
Absolute Error:,1
Transition Probabilities
0.8892721001996733,0.061928650157,0.04879924964332675
0.9996296296296296,0.00018518518518518518,0.00018518518518518518
0.0003103662321539416,0.8026383184710929,0.1970513152967531

0.11349530058521014,0.464507708511306,0.4219969909034839
0.8589810645719994,0.09035844336501513,0.05066049206298536
0.8432293742274671,0.09972219193036332,0.05704843384216962

Transition Gammas
4899.0,341.164933714913,268.83506628508707
5398.0,1.0,1.0
1.0,2586.1006621138617,634.8993378861386

640.0,2619.3589682952547,2379.6410317047457
131.35837424298535,13.817927669301227,7.747178779847979
77.64162575701475,9.182072330698771,5.252821220152021

Iteration: ,30000
Error:,0.07425064831139129
Absolute Error:,1
Transition Probabilities
0.8894120487745986,0.06245074080939949,0.04813721041600195
0.9997523526498266,0.00012382367508667657,0.00012382367508667657
0.00020483408439164272,0.8016510254573971,0.19814414045821127

0.11488250652741515,0.4581806175502105,0.4269368759223744
0.8648246530944634,0.07362018481123035,0.06155516209430625
0.8419798873930132,0.08427581542442804,0.07374429718255866

Transition Gammas
7367.0,517.279486124256,398.72051387574413
8074.0,1.0,1.0
1.0,3913.660306283013,967.3396937169877

968.0,3860.6298834780737,3597.370116521927
188.9421496854367,16.084134429680322,13.44823440071772
109.05785031456323,10.915865570319678,9.551765599282279

Iteration: ,40000
Error:,0.06939959492104945
Absolute Error:,1
Transition Probabilities
0.8896501983411468,0.06170085760666516,0.048648944052188066
0.9998133980220191,9.33009889904833e-05,9.33009889904833e-05
0.0001531862745098039,0.7995139861730374,0.2003328275524529

0.11526785714285714,0.4564398313543169,0.428292311502826
0.8801866421029457,0.06001297155437008,0.05980038634268413
0.8587582756404449,0.06766128094695825,0.07358044341259687

Transition Gammas
9868.0,684.38591257313,539.61408742687
10716.0,1.0,1.0
1.0,5219.227301737589,1307.7726982624129

1291.0,5112.12611116835,4796.873888831651
261.74722963250565,17.84647516217761,17.783257217757672
154.25277036749435,12.153524837822388,13.216742782242328

Iteration: ,50000
Error:,0.06980930969968652
Absolute Error:,1
Transition Probabilities
0.8898884490824037,0.062370247549377165,0.04774130336821909
0.9998503889886295,7.480550568521843e-05,7.480550568521843e-05
0.00012195121951219507,0.7982250523046202,0.2016529964758676

0.11463781614960235,0.4534229216909527,0.431939262159445
0.8804777022522448,0.06184072894497828,0.05768156880277698
0.8630548164337021,0.06724475752906174,0.06970042603723622

Transition Gammas
12365.0,866.6345896985957,663.3654103014043
13366.0,1.0,1.0
1.0,6545.445428897888,1653.554571102115

1600.0,6328.423718040627,6028.576281959374
327.5918136811735,23.008551497250174,21.46108832937107
192.4081863188269,14.991448502749824,15.538911670628927

Iteration: ,60000
Error:,0.0666866812816723
Absolute Error:,1
Transition Probabilities
0.8905065575742991,0.061440869593172354,0.04805257283252853
0.9998752650617438,6.236746912810279e-05,6.236746912810279e-05
0.0001012043315453901,0.7996729063491769,0.20022588931927762

0.11459762572331922,0.4511325670901808,0.43426980718650005
0.8845105590741791,0.058519407421412775,0.056970033504408144
0.867952986191441,0.06659650739781257,0.06545050641074632

Transition Gammas
14802.0,1021.2701343777109,798.7298656222891
16032.0,1.0,1.0
1.0,7901.56798763622,1978.4320123637829

1921.0,7562.3352221327,7279.6647778673005
396.03755228038744,26.20192900843756,25.508200428984694
231.9624477196124,17.79807099156244,17.491799571015303

Iteration: ,70000
Error:,0.066475871396124
Absolute Error:,1
Transition Probabilities
0.8906379025598679,0.060963190675559935,0.048398906764572175
0.9998928820095335,5.355899523324943e-05,5.355899523324943e-05
8.623663332183509e-05,0.7978639530152128,0.20204981035146538

0.1141437935272429,0.44920642871065614,0.43664977776210107
0.8910554525252712,0.05219092859626998,0.05675361887845873
0.8751707427934117,0.05832634746943696,0.06650290973715134

Transition Gammas
17257.0,1181.2227825296493,937.7772174703505
18669.0,1.0,1.0
1.0,9252.03039916441,2342.969600835593

2229.0,8772.103139861696,8526.896860138313
468.7252217660692,27.45418875013273,29.854317730105674
278.2747782339306,18.54581124986727,21.145682269894323

Iteration: ,80000
Error:,0.06428718405138294
Absolute Error:,1
Transition Probabilities
0.890583404773722,0.06129785633949139,0.04811873888678663
0.9999062177623558,4.6891118822095096e-05,4.6891118822095096e-05
7.537499057812616e-05,0.7981400031381282,0.20178462187129373

0.11572580645161286,0.44678282175839,0.4374913717899972
0.895479086926672,0.05268209031659792,0.05183882275673009
0.8817700588517091,0.057006746608167,0.06122319454012391

Transition Gammas
19738.0,1358.5443900521477,1066.455609947852
21324.0,1.0,1.0
1.0,10588.92342163355,2677.0765783664547

2583.0,9972.192581647269,9764.80741835274
523.733333216557,30.8118493945207,30.318652695266977
312.26666678344293,20.1881506054793,21.681347304733016

Iteration: ,90000
Error:,0.06078417952554265
Absolute Error:,1
Transition Probabilities
0.8899134060295061,0.06139329336211165,0.04869330060838225
0.999916739519587,4.1630240206485995e-05,4.1630240206485995e-05
6.69254450542096e-05,0.798271003616484,0.20166207093846183

0.11443956920622254,0.44739881460406694,0.43816161618971056
0.8974360838593113,0.05228793724646411,0.050275978894224575
0.8858674244863343,0.05538446464084502,0.05874811087282078

Transition Gammas
22198.0,1531.394309624513,1214.6056903754868
24019.0,1.0,1.0
1.0,11927.765336037502,3013.2346639624966

2869.0,11216.288282123962,10984.711717876047
579.4535361813158,33.76110085388562,32.46202629824574
347.54646381868383,21.72861796738701,23.04825488048162

Iteration: ,99999
Error:,0.0634721838366054
Absolute Error:,1
Transition Probabilities
0.8888367052023122,0.06187726373633938,0.04928603106134847
0.9999250459093805,3.747704530974778e-05,3.747704530974778e-05
6.002761270184285e-05,0.7976642439305096,0.20227572845678848

0.11485539788036642,0.44579823365835725,0.4393463684612764
0.8968989370537146,0.05311454152937956,0.04998652141690587
0.8861571124754805,0.05547669164433123,0.05836619588018834

Transition Gammas
24603.0,1712.762660221874,1364.2373397781257
26681.0,1.0,1.0
1.0,13288.28863963836,3369.7113603616394

3197.0,12408.793833880378,12229.206166119631
644.2732556527594,38.15399615262075,35.90703206519421
388.7267443472405,24.33572266865188,25.603249113533145


Model Num 2
Model States: 
"['diamond', 'x', 'square']","['diamond', 'x', 'diamond']","['square', 'y', 'diamond', 'x', 'square']","['square', 'y', 'diamond', 'x', 'diamond']"
Iteration: ,0
Error:,0.5066241830144709
Absolute Error:,0.6
Transition Probabilities
0.25,0.25,0.25,0.25
0.25,0.25,0.25,0.25
0.25,0.25,0.25,0.25
0.25,0.25,0.25,0.25

0.25,0.25,0.25,0.25
0.25,0.25,0.25,0.25
0.25,0.25,0.25,0.25
0.25,0.25,0.25,0.25

Transition Gammas
1.0,1.0,1.0,1.0
1.0,1.0,1.0,1.0
1.0,1.0,1.0,1.0
1.0,1.0,1.0,1.0

1.0,1.0,1.0,1.0
1.0,1.0,1.0,1.0
1.0,1.0,1.0,1.0
1.0,1.0,1.0,1.0

Iteration: ,10000
Error:,0.06390297875916642
Absolute Error:,0.17321394299955428
Transition Probabilities
0.0002682403433476396,0.0002682403433476396,0.8168151624130764,0.1826483569002283
0.7628702992074071,0.2356666430018101,0.000731528895391368,0.000731528895391368
0.08451522204419123,0.06119927833978457,0.14177552098994153,0.7125099786260827
0.0641615151337797,0.05419240424986855,0.15653516163026154,0.7251109189860903

0.052034642223405383,0.054545030942294875,0.7240444463838951,0.16937588045040464
0.08250734897843169,0.15192694765079187,0.40373789032530893,0.36182781304546746
0.8923255444340097,0.0003334247938138347,0.001834123942758814,0.10550690682941768
0.0008971985543295549,0.8684978036955554,0.006045551573166338,0.12455944617694867

Transition Gammas
1.0,1.0,3045.0869254759473,680.9130745240508
1042.8436990165255,322.1563009834744,1.0,1.0
9.92272762051494,7.18525911486379,16.64552070045089,83.65407170212207
31.926283641594402,26.96572962302686,77.8907100256339,360.8096975717934

3.8433141529078103,4.028733175319543,53.478416478279186,12.51021801401865
2.1566858470921897,3.9712668246804577,10.553433176323145,9.457932331378991
2719.1680564201424,1.01603955441186,5.589093876975701,321.50935560655716
1.0503660077433798,1016.7655380177018,7.077632749039147,145.82391776742764

Iteration: ,20000
Error:,0.048708546206530014
Absolute Error:,0.16109800759649723
Transition Probabilities
0.0001340482573726543,0.0001340482573726543,0.8148024014310854,0.1849295020541693
0.7556046571931754,0.24367540040221705,0.0003599712023038157,0.0003599712023038157
0.06425827716746153,0.05481835467023848,0.11539415224355835,0.7655292159187417
0.061693362635450895,0.05171235226894638,0.15186415426358163,0.7347301308320211

0.049777789390150484,0.04388607300262811,0.7271791014727911,0.17915703613443038
0.062432371868257605,0.13753548222180526,0.3870583179092703,0.41297382800066684
0.8935179434055412,0.00016762577613862624,0.0010420569923038677,0.10527237382601627
0.0004537283094280813,0.8805569204281783,0.004081291989538878,0.11490805927285476

Transition Gammas
1.0,1.0,6078.42591467589,1379.5740853241016
2099.069737682641,676.9302623173589,1.0,1.0
13.151043698673378,11.219077285233126,23.616467879640698,156.6725504470329
60.72729767540428,50.902581340689196,149.48609231568489,723.2248893576423

6.833749935994634,6.024904927419458,99.8308723434313,24.595595730872425
3.166250064005366,6.975095072580543,19.62961500870236,20.943916916993867
5432.158785576328,1.0190839918334005,6.33520466778753,640.0053346191406
1.058766657431729,2054.763363774407,9.523619725676154,268.1358409873947

Iteration: ,30000
Error:,0.04977834683325583
Absolute Error:,0.15495836381368575
Transition Probabilities
8.934155275618683e-05,8.934155275618683e-05,0.8151506287299487,0.1846706881645389
0.7617824760766955,0.23773419864539255,0.00024166263895601735,0.00024166263895601735
0.06955322208198361,0.04988652234007134,0.1011527294789414,0.7794075260990035
0.06284498713039412,0.0522388166439487,0.1543860938472314,0.7305301023784259

0.0584459366438479,0.04820766857575028,0.7242267326263472,0.16911966215405466
0.06755257613008107,0.13420888417790688,0.352594853985531,0.44564368570648116
0.8929558708025179,0.00011198727748908132,0.0008084632038548163,0.10612367871613827
0.0003044987958236858,0.88327631812552,0.0036107892971985454,0.11280839378145788

Transition Gammas
1.0,1.0,9123.980987374323,2067.0190126256857
3152.2558860053664,983.7441139946346,1.0,1.0
21.604964713931402,15.495997490778702,31.420559475079482,242.10340793835587
94.41674196317264,78.48229583211726,231.945818609714,1097.5302139768514

11.855032509944447,9.778326963544423,146.9003998032417,34.30382346551341
5.1449674900555555,10.221673036455577,26.85447639218352,33.94130033906124
8138.297172679992,1.0206391755355604,7.368240717466043,967.1990102643633
1.0630402944481065,3083.619147850023,12.605680450396836,393.82706856777276

Iteration: ,40000
Error:,0.05408662463424801
Absolute Error:,0.1570595135433114
Transition Probabilities
6.70106546940962e-05,6.70106546940962e-05,0.8174572311939281,0.18240874749668376
0.7624536646412817,0.23718157154328887,0.00018238190771475464,0.00018238190771475464
0.07682792233457938,0.0467881727979958,0.09720248672710478,0.77918141814032
0.06599113391420708,0.049250824661507354,0.15972945983322143,0.7250285815910641

0.06510509234273079,0.04731056813711915,0.7161306640619398,0.1714536754582103
0.0781279060602632,0.12513206962822854,0.35219001805958194,0.4445500062519263
0.8902476159860421,8.375935453445977e-05,0.0006547497592653491,0.10901387490015803
0.00023002146771264166,0.8844756365439506,0.0039054444700960993,0.11138889751824062

Transition Gammas
1.0,1.0,12198.914261107017,2722.085738893018
4180.533443228149,1300.4665567718532,1.0,1.0
31.063065333226028,18.917393888605268,39.300909148718326,315.0386286996418
134.00687601024345,100.01266476792526,324.35941996210283,1472.3010421895372

17.19041893226791,12.491933532930323,189.08791436254648,45.27081373432411
7.809581067732095,12.508066467069677,35.20453364206124,44.43673826106806
10855.160091237472,1.0213127070306398,7.983636607273986,1329.2515958008512
1.064903560204198,4094.753692495298,18.08058074640555,515.6841868454694

Iteration: ,50000
Error:,0.05185330799870861
Absolute Error:,0.15604960281011349
Transition Probabilities
5.3679746631595815e-05,5.3679746631595815e-05,0.8174866118229033,0.18240602868383363
0.7561918807534503,0.24351759048420224,0.00014526438117373622,0.00014526438117373622
0.07681884372419884,0.04121311039118844,0.08935178257431549,0.7926162633102973
0.06411915972861712,0.04878229914414783,0.16761831793536866,0.7194802231918664

0.06800257570731645,0.04557316021561571,0.7039977738895027,0.18242649018756507
0.08703893297277555,0.11445847700595117,0.32769291317107085,0.4708096768502025
0.8903418237442238,6.702969580378222e-05,0.0005813560126640764,0.10900979054730839
0.0001853093496849281,0.8861260126946799,0.004220594636154146,0.10946808331948088

Transition Gammas
1.0,1.0,15228.958091648889,3398.041908351142
5205.624907106751,1676.375092893248,1.0,1.0
38.23744942477342,20.514292429062557,44.47586167093629,394.53372131443746
163.13444600035993,124.11381214580403,426.4610071565625,1830.5294098580641

22.812603048749537,15.28827993443269,236.16784505438443,61.19802173578217
11.18739695125047,14.71172006556731,42.11943520611749,60.5146980037158
13577.295921525685,1.0221714752549318,8.865406981000097,1662.3482634794527
1.0672833134439705,5103.614623685623,24.30838074623506,630.4779487933127

Iteration: ,60000
Error:,0.04937084801101738
Absolute Error:,0.1550797734110686
Transition Probabilities
4.4792833146696456e-05,4.4792833146696456e-05,0.8170304464803613,0.18287996785334526
0.7528408881058176,0.24691858273002107,0.00012026458208057727,0.00012026458208057727
0.07201616472458165,0.040298049695648396,0.09156445241485768,0.7961213331649123
0.064791030974308,0.05394278297553775,0.16810903504265046,0.7131571510075039

0.0662657439747895,0.04257347408010921,0.7190312928360457,0.17212948910905557
0.08294838568987001,0.10656592699345455,0.3375679200422524,0.47291776727442303
0.8892938977480533,5.5992333501821525e-05,0.0005116994982372552,0.11013841042020747
0.00015504697779597783,0.8878349389136865,0.0043385564266399486,0.10767145768187758

Transition Gammas
1.0,1.0,18240.204717674096,4082.7952823259398
6259.871984599874,2053.128015400125,1.0,1.0
43.434862020160104,24.304824269746067,55.224953617022294,480.16192461191565
198.7706827835163,165.48963092657746,515.7372428717182,2187.875878899345

26.631435125571315,17.109786218743228,288.9703499851131,69.17684835998416
12.368564874428692,15.890213781256772,50.33528601965852,70.51751563524417
16246.461438395467,1.0229208694523657,9.348210065546999,2012.112578652844
1.0693675104982743,6123.44627322459,29.92326165310529,742.6159496285044

Iteration: ,70000
Error:,0.04590484514352146
Absolute Error:,0.15310316803514393
Transition Probabilities
3.835679490621755e-05,3.835679490621755e-05,0.8166637272404516,0.18325955916973602
0.7518931992323925,0.24790084875442664,0.00010297600659046445,0.00010297600659046445
0.06874937878646943,0.03900235925125969,0.09059619677768271,0.8016520651845882
0.06511665597524757,0.05213527503936023,0.169182786739328,0.7135652822460642

0.06374819757591176,0.04385784687793784,0.7209460386381041,0.17144791690804617
0.08610285228503975,0.10367360154084611,0.3277784839161802,0.4824450622579339
0.8890268753201817,4.797588904949703e-05,0.0005046382336177402,0.11042051055715114
0.00013318743609306893,0.8890500912909087,0.004180607628362845,0.10663611364463535

Transition Gammas
1.0,1.0,21291.240032885864,4777.759967114199
7301.634857745762,2407.3651422542366,1.0,1.0
46.98907309670296,26.657473015043465,61.9210149649766,547.9160416282208
232.890787832494,186.4626660557595,605.0850109132791,2552.0779324935233

28.628977829538346,19.696326698877833,323.7730467890578,76.99635124955584
14.371022170461663,17.303673301122164,54.70796535015811,80.52263661122831
18964.068666422125,1.0233864459267796,10.764572342745181,2355.4092711011067
1.070658384704132,7146.837288747243,33.60679311625901,857.2193634398897

Iteration: ,80000
Error:,0.04279244667608831
Absolute Error:,0.15120190757115776
Transition Probabilities
3.3541289327161645e-05,3.3541289327161645e-05,0.8155113681528421,0.18442154926850352
0.7526526555288569,0.24716731026464397,9.001710324961746e-05,9.001710324961746e-05
0.06864037335249533,0.0389224592394627,0.08738981335506861,0.8050473540529733
0.06547124828180294,0.05126923919456457,0.17369847117442214,0.7095610413492104

0.059234751423479726,0.04169353647854266,0.7206345619140668,0.17843715018391093
0.08093029684265235,0.09709109908388312,0.320456396055077,0.5015222080183876
0.88955904955772,4.200220437500088e-05,0.00044405616153840566,0.10995489207636656
0.00011681125644217117,0.8920616483613056,0.0039895682888863105,0.10383197209336585

Transition Gammas
1.0,1.0,24313.6559301089,5498.344069891178
8361.218350270068,2745.781649729929,1.0,1.0
53.405833130636275,30.28372751561045,67.99388699986692,626.3693297823585
266.00622636484195,208.30421298891125,705.7277210230384,2882.909062194733

30.627432270843094,21.557716271977498,372.60536605042785,92.26124193193998
15.372567729156913,18.4422837280225,60.87012954093045,95.26326247670185
21685.85021874316,1.0239382235346548,10.825290814162019,2680.502572113326
1.0721869246850246,8188.053656108627,36.61944135152393,953.0526957209912

Iteration: ,90000
Error:,0.04160606744811672
Absolute Error:,0.1498448627264965
Transition Probabilities
2.9847182425978922e-05,2.9847182425978922e-05,0.8161372021896506,0.18380310344549752
0.751645525203456,0.24819457713104986,7.994883274704191e-05,7.994883274704191e-05
0.06798296071600093,0.03878438369831112,0.0852764777591503,0.8079561778265377
0.06396608500172293,0.05117381673967138,0.1734028679711925,0.7114572302874133

0.060238373142009596,0.04002601135894961,0.717723627297326,0.1820119882017148
0.07981474125343414,0.0926868106955143,0.3149325824656422,0.5125658655854094
0.8885376306196793,3.7344647186070706e-05,0.00042131582010426283,0.1110037089130303
0.00010394605607016988,0.8914802179902258,0.004162876187267786,0.10425295976643618

Transition Gammas
1.0,1.0,27343.86082216211,6158.139177837962
9401.582229244825,3104.4177707551707,1.0,1.0
58.783345271900224,33.53598893140107,73.73666258268445,698.621632031445
294.2646118303915,235.41605396630706,797.7090927550936,3272.9326126307733

34.995524420405644,23.253138903027576,416.96203625840093,105.73999007084073
17.004475579594363,19.74686109697242,67.09616950020724,109.20180417055134
24372.95148140245,1.024378982487672,11.556865672179727,3044.8772436415115
1.0734083063033628,9205.950731308752,42.98831573281847,1076.5775749534891

Iteration: ,99999
Error:,0.04249685241145879
Absolute Error:,0.15020177532409087
Transition Probabilities
2.6837712353398956e-05,2.6837712353398956e-05,0.8162760890729255,0.1836702355023676
0.7527499711499229,0.24710574952530429,7.213966238638005e-05,7.213966238638005e-05
0.07011875283188328,0.04133590135992483,0.08520174922946845,0.8033435965787235
0.0634562790117981,0.050204888929863925,0.1745026146340172,0.7118362174243208

0.05985776407972366,0.04068500555443091,0.7185136930327617,0.1809435373330838
0.07520613089600245,0.10084557736979188,0.31537877337017534,0.5085695183640303
0.8887638583776697,3.3590692882320795e-05,0.0004307323309708777,0.11077181859847701
9.378077794851144e-05,0.8923548929278156,0.004319746318951293,0.1032315799752847

Transition Gammas
1.0,1.0,30415.263354946324,6843.73664505373
10434.62010008023,3425.3798999197675,1.0,1.0
67.61297178728815,39.85871139424911,82.15695850568832,774.6351116826755
323.54682987372746,255.98148694473517,889.7428063661866,3629.4651234454454

37.94706844859454,25.792421657266928,455.5046235013416,114.70987769212799
18.052931551405468,24.20757834273307,75.70541577642348,122.08008303010716
27114.877154157166,1.0248025979473538,13.141009426191308,3379.4851412195444
1.0745844081890998,10225.023458836693,49.497691778862006,1182.8761575754004


Model Num 3
Model States: 
"['diamond', 'x', 'square']","['square', 'y', 'diamond', 'x', 'square']","['square', 'y', 'diamond', 'x', 'diamond']","['diamond', 'x', 'diamond', 'x', 'square']","['diamond', 'x', 'diamond', 'x', 'diamond']"
Iteration: ,0
Error:,0.5444729497774828
Absolute Error:,1
Transition Probabilities
0.2,0.2,0.2,0.2,0.2
0.2,0.2,0.2,0.2,0.2
0.2,0.2,0.2,0.2,0.2
0.2,0.2,0.2,0.2,0.2
0.2,0.2,0.2,0.2,0.2

0.2,0.2,0.2,0.2,0.2
0.2,0.2,0.2,0.2,0.2
0.2,0.2,0.2,0.2,0.2
0.2,0.2,0.2,0.2,0.2
0.2,0.2,0.2,0.2,0.2

Transition Gammas
1.0,1.0,1.0,1.0,1.0
1.0,1.0,1.0,1.0,1.0
1.0,1.0,1.0,1.0,1.0
1.0,1.0,1.0,1.0,1.0
1.0,1.0,1.0,1.0,1.0

1.0,1.0,1.0,1.0,1.0
1.0,1.0,1.0,1.0,1.0
1.0,1.0,1.0,1.0,1.0
1.0,1.0,1.0,1.0,1.0
1.0,1.0,1.0,1.0,1.0

Iteration: ,10000
Error:,0.05915769679915471
Absolute Error:,1
Transition Probabilities
0.0003016591251885375,0.8284108009636764,0.17068422166075803,0.0003016591251885375,0.0003016591251885375
0.05902122268501459,0.15985342045722997,0.731223433890337,0.041081077772582304,0.008820845194836138
0.06373259518563976,0.14469871683273955,0.733851584580842,0.044234546283815235,0.013482557116963318
0.9967557445110857,0.0007707091739730735,0.0007707091739730735,0.0008586083042170439,0.0008442288367509834
0.0030729771965268093,0.002448018102538243,0.002448018102538243,0.6679036269062613,0.32412735969213546

0.055793357258104824,0.5709884054898356,0.29438571765976185,0.0469209425115215,0.03191157708077617
0.9092676710890514,0.04343737111199313,0.046365887015452426,0.0004695782186527246,0.0004594925648501854
0.0007371746946942479,0.06097751744068137,0.06516208594399733,0.6886302467401204,0.18449297518050664
0.14013388501712112,0.369792465646872,0.3729383778927719,0.0673739766074515,0.04976129483578354
0.17069321382416877,0.2827654995772588,0.34153909363898555,0.11058212738738157,0.09442006557220523

Transition Gammas
1.0,2746.181805194582,565.8181948054117,1.0,1.0
49.39742655114396,133.7882754162262,611.9926735649302,34.38253952723015,7.382548730925557
27.7272821051095,62.95212253921732,319.2669284796264,19.244528487037417,5.865674598553398
1293.2968468154106,1.0,1.0,1.1140496742640842,1.0953922247985055
1.25529185970503,1.0,1.0,272.83443133600247,132.40398808981928

3.8336398028022463,39.23341390083571,20.227655406648353,3.224003745912509,2.1926892031449507
2008.7551894958249,95.9618904461486,102.43157116354296,1.037392743176596,1.0151115051435273
1.055485876165613,87.3075390209589,93.29899936934943,985.9799916709073,264.1568287087828
4.157717128633788,10.971596686068294,11.064934662306937,1.998959327579827,1.4763980022137808
2.324669536373546,3.8509811144678734,4.651418229672834,1.506017123033547,1.2859061303058046

Iteration: ,20000
Error:,0.04094847402838598
Absolute Error:,1
Transition Probabilities
0.0001511487303506653,0.8408122747140221,0.15873427909492602,0.0001511487303506653,0.0001511487303506653
0.05940373849455778,0.15636114407588533,0.7377640222413147,0.03860695627336175,0.007864138914880523
0.07042053716080872,0.14933967108636742,0.7273372094785905,0.04246275677537515,0.010439825498858349
0.998376958119571,0.00038507784965208675,0.00038507784965208675,0.00043042723836122143,0.00042245894276377635
0.0016428793575220403,0.0012884563818933846,0.0012884563818933846,0.7056324360880435,0.2901477717906476

0.04412790526167042,0.6280227919453236,0.27349300190557824,0.03719315919547349,0.017163141691954167
0.9024609453558671,0.045627438523713267,0.05144654681433156,0.00023525678426573125,0.0002298125218223583
0.0003719554803176523,0.05672108004882174,0.06496639746003972,0.6913629780740518,0.186577588936769
0.10170616412125569,0.3688560900853913,0.4510382861331972,0.047903787835175876,0.03049567182497994
0.1462751263787334,0.2996036986229485,0.39777925618450605,0.08805502708905336,0.06828689172475873

Transition Gammas
1.0,5562.814009507961,1050.1859904920288,1.0,1.0
103.94191089291544,273.59348950973754,1290.9053235232157,67.55266436943334,13.760306119705021
59.24101672384106,125.63144657868462,611.8697403883625,35.72163726223848,8.782464631866594
2592.6626499592035,1.0,1.0,1.1177668067641577,1.0970741192864326
1.2750756491328263,1.0,1.0,547.6572168094024,225.1902166562099

5.637591483034083,80.23349220923836,34.94029025555307,4.751638136099345,2.1926892031449507
3988.804545501964,201.66959591944595,227.38958493374454,1.0398160000921564,1.015752799470806
1.0604750929951177,161.71637688518038,185.22444226162884,1971.1316468313012,531.9477637741768
4.92393735029799,17.85756344808174,21.836279862623357,2.3191834259048334,1.4763980022137808
2.7544976344775076,5.641818261027364,7.490555963476118,1.658158634521704,1.2859061303058046

Iteration: ,30000
Error:,0.03741261774337909
Absolute Error:,1
Transition Probabilities
0.00010145074566298066,0.8418779767172019,0.15781767104580932,0.00010145074566298066,0.00010145074566298066
0.057870366646501574,0.1557444489592753,0.7406874777623467,0.037748968878272726,0.007948737753603767
0.07258908082560148,0.14850890859619795,0.7292094045291238,0.03978471613951587,0.009907889909560983
0.9989267271832393,0.00025444131121254765,0.00025444131121254765,0.00028501131202025805,0.00027937888231535836
0.0010905635231227687,0.0008468686949940057,0.0008468686949940057,0.7159662663103775,0.2812494327765117

0.036451752069593134,0.6627160820233943,0.25093557202509637,0.03805408249541161,0.011842511386504766
0.8952124133827216,0.047369525101011806,0.05710451963957463,0.0001587008947481224,0.00015484098194386433
0.00024676010159995545,0.05419814519053509,0.06577784652217927,0.6893623826755305,0.19041486551015524
0.09038948110548818,0.39326281727746987,0.4544262729924561,0.04033353147764196,0.0215878971469437
0.13841647400468668,0.32342725582239396,0.40687460350373666,0.07870094683729097,0.052580719831891776

Transition Gammas
1.0,8298.391216501455,1555.608783498542,1.0,1.0
154.48379798319098,415.75672290098714,1977.2505569607426,100.77012502593819,21.21899805560193
91.13702817309164,186.45587508132817,915.5368450569363,49.95049881368252,12.439551948494692
3925.9612459267096,1.0,1.0,1.1201455874520851,1.0980091282503222
1.2877598730113504,1.0,1.0,845.4277157044343,332.10512378014215

6.749190318684885,122.70458101135095,46.461742911342526,7.045868321339504,2.1926892031449507
5875.257811716906,310.885068422367,374.7756064161251,1.0415502037914044,1.016217687712823
1.0640354175541027,233.7036890265217,283.6356361349842,2972.5469633879484,821.0734215860888
6.181743799172043,26.895275339757664,31.078248938873642,2.7584134244519403,1.4763980022137808
3.3850923499526537,7.909688043444133,9.95046375523107,1.924698450734439,1.2859061303058046

Iteration: ,40000
Error:,0.036920122500492314
Absolute Error:,1
Transition Probabilities
7.601672367920947e-05,0.845002025415396,0.15476992441356627,7.601672367920947e-05,7.601672367920947e-05
0.05936250235377166,0.15548775026942388,0.7406948445257431,0.03682729463398794,0.007627608217073417
0.0720810155187127,0.15257108560136032,0.7274956970150823,0.03864707537530548,0.009205126489539153
0.9991933183879012,0.00019112198465590286,0.00019112198465590286,0.00021444497568392433,0.00020999266710314507
0.0008563936457317833,0.000659743948112432,0.000659743948112432,0.7145946520844192,0.2832294663736242

0.04059814145340738,0.6833197237121946,0.22890662985983204,0.036182273699188056,0.010993231275378034
0.8912559250464899,0.047477412248742995,0.061032575103050206,0.0001185200346118088,0.0001155675671050878
0.0001859076711818963,0.05178993283814866,0.06623847222690941,0.698431535238093,0.18335415202566713
0.0898443590497875,0.37526273591504195,0.4764546576114336,0.037123506088872105,0.02131474133486478
0.1416547832647934,0.3153723559630893,0.42021651177965974,0.07301455342812702,0.04974179556433047

Transition Gammas
1.0,11116.001644339529,2035.998355660463,1.0,1.0
212.6436699136306,556.9759449637431,2653.258602331356,131.91982772714422,27.32301603924557
120.87113682685465,255.84324014908282,1219.9222125558147,64.8064667517567,15.435882741368207
5228.039674173825,1.0,1.0,1.1220319633558238,1.0987363252909763
1.2980697256594442,1.0,1.0,1083.1393817691219,429.3021060427475

9.61401685991855,161.8164553671349,54.20721540529673,8.568298373298713,2.6032992408719706
7838.800452721444,417.57473938821363,536.7955083424438,1.0424109112353408,1.0164432817610989
1.0657660029163323,296.89979634145396,379.7299559278878,4003.94766331679,1051.1272637658542
7.969477869999434,33.28698764107263,42.26303008949406,3.2929720169533025,1.8906847482637676
4.318709042300937,9.614934377779342,12.81137711922235,2.226035752849782,1.5165060955435432

Iteration: ,50000
Error:,0.039146068114413866
Absolute Error:,1
Transition Probabilities
6.0960741282614053e-05,0.8450024772033222,0.15481464057282987,6.0960741282614053e-05,6.0960741282614053e-05
0.05854171504705528,0.15260075971645748,0.7449750882057188,0.03589622539482064,0.007986211635947758
0.07288069698694238,0.1533057748073996,0.7276623344846395,0.03710205434884013,0.009049139372178472
0.9993604278089897,0.00015144389596200226,0.00015144389596200226,0.00017018599873340408,0.00016649840035287835
0.0006960233747787545,0.0005322278187468411,0.0005322278187468411,0.7184568287073907,0.27978269228033686

0.05358654128206604,0.674930256333323,0.2233388341227609,0.03506680535527745,0.01307756290657248
0.8904990791826629,0.04635715860405568,0.06295479893982638,9.571019542620796e-05,9.325307802890258e-05
0.00014838390006365173,0.04814691466510828,0.06414587826455934,0.7060230413968074,0.18153578177346136
0.10010527671621086,0.34519671632038135,0.497339966248574,0.037315868187956215,0.020042172526877625
0.16163792646830857,0.2898257094439802,0.4292362166054714,0.07211106610558884,0.047189081376650996

Transition Gammas
1.0,13861.420636043285,2539.579363956699,1.0,1.0
264.00687104377613,688.1870314059338,3359.630681893494,161.88200398897317,36.01559578166168
151.90361993620525,319.5318254783022,1516.6504612222682,77.3309888030901,18.860920446293594
6598.882189743272,1.0,1.0,1.1237560791232173,1.0994064785196316
1.3077545935452581,1.0,1.0,1349.9046900611768,525.6822030443659

16.593917386343982,209.0027952389489,69.16039128346947,10.858989163072248,4.049673542916398
9708.963229531631,505.42438373484293,686.3856935038492,1.043512328993356,1.0167227870176625
1.0679436284622041,346.52135928937815,461.66856347192873,5081.365352196496,1306.5432395273976
11.693080260947138,40.32167975712684,58.09320280695629,4.35878563090807,2.341082704610104
6.388965696352947,11.455767566541972,16.96616334695658,2.8502910037414804,1.8652146111076364

Iteration: ,60000
Error:,0.03930300509997045
Absolute Error:,1
Transition Probabilities
5.06919450499316e-05,0.8473744060016891,0.15247351816316104,5.06919450499316e-05,5.06919450499316e-05
0.06129093455494585,0.1521656210124187,0.7400147688694678,0.038098935744444895,0.008429739818722741
0.07363073598239224,0.15502015474616695,0.7234214887673923,0.03825309059197472,0.009674529912073829
0.9994657288578396,0.00012647427881850524,0.00012647427881850524,0.0001422351187190785,0.00013908746580443325
0.000592837655301869,0.0004516193745623224,0.0004516193745623224,0.7222248591315642,0.2762790644640093

0.05234137484437604,0.6819856522462667,0.21883289741926937,0.03554728936361221,0.011292786126475567
0.8897373308166336,0.044966561872462056,0.06513920045097721,7.948909795967922e-05,7.741776196749096e-05
0.00012450467548972261,0.046641980379010704,0.06583881990608097,0.7077873866118028,0.1796073084276158
0.10192453867630133,0.3435197273855671,0.5009800906203538,0.03573768575581536,0.017837957561962492
0.1650115099439987,0.2895782273530027,0.43329237903759427,0.06935366304546034,0.04276422061994408

Transition Gammas
1.0,16716.15490719531,3007.845092804676,1.0,1.0
333.1922056134603,827.2087748673175,4022.8975918960987,207.1149432521214,45.82608542915736
184.0591979537267,387.51324387230534,1808.3803893642823,95.6235609989534,24.184006752580515
7902.521668394771,1.0,1.0,1.1246169580709022,1.0997292659326277
1.3126931409362261,1.0,1.0,1599.189272673462,611.7520195668299

19.047779936700003,248.18439833873575,79.63644220936168,12.936170422681107,4.109607469213005
11686.452353462719,590.6232824234073,855.585278988241,1.0440671912382293,1.0168607691377842
1.0690317756223542,400.4810173352302,565.3104212531202,6077.259377582006,1542.1583092192814
13.549677079480688,45.6669359209758,66.59945229394582,4.750907954532102,2.3713481352088785
7.284809372185495,12.784091154113685,19.128680082867234,3.0617755980805685,1.8879240319181554

Iteration: ,70000
Error:,0.039733313922575286
Absolute Error:,1
Transition Probabilities
4.341596839317507e-05,0.8482566011407912,0.15161315095402939,4.341596839317507e-05,4.341596839317507e-05
0.06095136292656678,0.15205219622326882,0.7397653196598638,0.038647239948543216,0.00858388124175743
0.07566691155685056,0.1575577585180601,0.718627986834721,0.038501697005848386,0.00964564608452003
0.9995402180107232,0.00010880389823320969,0.00010880389823320969,0.0001224764136118149,0.00011969777919841155
0.0005073589553017256,0.00038474074624859347,0.00038474074624859347,0.7209264903688801,0.27779666918332097

0.04863029238669236,0.6913095201708068,0.20850409715097237,0.04050409432570518,0.011051995965823095
0.88859862056499,0.04394214653562087,0.06732550833573141,6.775827717812775e-05,6.596628647971094e-05
0.00010745394528332364,0.045162886262553194,0.06665421846382433,0.7067665703045537,0.18130887102378543
0.09894038540812217,0.34363128115443453,0.5007820109507987,0.039645042524500386,0.017001279962144254
0.15930726489157643,0.2907927194360891,0.432079941298346,0.07612038069454231,0.04169969367944618

Transition Gammas
1.0,19537.894294075817,3492.1057059241543,1.0,1.0
383.88809448060675,957.6656709065958,4659.241160352807,243.4107227209254,54.0635952163391
220.39734052758996,458.9233291328222,2093.169839607773,112.14507703955312,28.095170014985346
9186.6213825199,1.0,1.0,1.1256619992539203,1.100123995023156
1.318703465252169,1.0,1.0,1873.7981287354112,722.035999285159

21.08672071941115,299.7607060758911,90.41006026685271,17.56309664452181,4.7922877055772
13699.49440218406,677.4545633459736,1037.9550487970762,1.044627031170939,1.0169999721438632
1.0701375330512206,449.7787360254534,663.8116518314944,7038.712557222106,1805.6612760574694
15.083658971068258,52.38727376434161,76.34521576674118,6.043965756413687,2.5918790184901437
7.9550298283369605,14.52077379240491,21.575970333768325,3.8010815098832804,2.082279846297511

Iteration: ,80000
Error:,0.03797889227048193
Absolute Error:,1
Transition Probabilities
3.797372218424862e-05,0.8485742102382653,0.15131186859518192,3.797372218424862e-05,3.797372218424862e-05
