0,1,2,3,4,5,6,7,8,9,10,11,12,13,14,15,16,17,18,19,20,21,22,23,24,25,26,27,28,29
github Code Version (SHA):,0223d720dafbf5413b6775610c21cd8ff219e6c5
Environment Observations,Environment Actions,alpha,epsilon,numActions,explore,patience,gainThresh,insertRandActions,useBudd,revisedSplitting,haveControl,confidence_factor
"['diamond', 'square']","['x', 'y']",0.85,0.99,100000,0.05,0,0.0001,False,False,False,False,

Model Num 0
Model States: 
['diamond'],['square']
Iteration: ,0
Error:,0.5078897791423365
Absolute Error:,1
Transition Probabilities
0.5,0.5
0.5,0.5

0.5,0.5
0.5,0.5

Transition Gammas
1.0,1.0
1.0,1.0

1.0,1.0
1.0,1.0

Iteration: ,10000
Error:,0.07685024826367841
Absolute Error:,1
Transition Probabilities
0.479136690647482,0.520863309352518
0.10195530726256984,0.8980446927374302

0.11632359980852082,0.8836764001914792
0.8898247978436657,0.11017520215633424

Transition Gammas
999.0,1086.0
292.0,2572.0

243.0,1846.0
2641.0,327.0

Iteration: ,20000
Error:,0.08054130021079217
Absolute Error:,1
Transition Probabilities
0.4751552795031056,0.5248447204968945
0.1095066185318893,0.8904933814681107

0.11450012103606874,0.8854998789639312
0.8886239782016349,0.11137602179836512

Transition Gammas
1989.0,2197.0
637.0,5180.0

473.0,3658.0
5218.0,654.0

Iteration: ,30000
Error:,0.07692103509459097
Absolute Error:,1
Transition Probabilities
0.47199486438773874,0.5280051356122613
0.11184736661715983,0.8881526333828401

0.11275297141021523,0.8872470285897848
0.8908594815825375,0.10914051841746249

Transition Gammas
2941.0,3290.0
979.0,7774.0

702.0,5524.0
7836.0,960.0

Iteration: ,40000
Error:,0.08003949249803462
Absolute Error:,1
Transition Probabilities
0.47406340057636887,0.5259365994236311
0.10984137813406106,0.890158621865939

0.11536603044213578,0.8846339695578642
0.8921535035120781,0.10784649648792188

Transition Gammas
3948.0,4380.0
1288.0,10438.0

955.0,7323.0
10415.0,1259.0

Iteration: ,50000
Error:,0.08230120042086306
Absolute Error:,1
Transition Probabilities
0.4720598102175788,0.5279401897824212
0.11226582797757419,0.8877341720224258

0.11577928363988384,0.8842207163601161
0.8893753848258876,0.11062461517411233

Transition Gammas
4925.0,5508.0
1642.0,12984.0

1196.0,9134.0
13000.0,1617.0

Iteration: ,60000
Error:,0.08096482283048026
Absolute Error:,1
Transition Probabilities
0.4718607807136585,0.5281392192863416
0.11310541310541311,0.8868945868945869

0.11516717816184785,0.8848328218381522
0.8883569840998461,0.11164301590015387

Transition Gammas
5911.0,6616.0
1985.0,15565.0

1426.0,10956.0
15588.0,1959.0

Iteration: ,70000
Error:,0.08280888702598002
Absolute Error:,1
Transition Probabilities
0.47363387978142074,0.5263661202185792
0.11403207611947619,0.8859679238805238

0.11707855860831147,0.8829214413916885
0.886779561758821,0.11322043824117906

Transition Gammas
6934.0,7706.0
2325.0,18064.0

1696.0,12790.0
18171.0,2320.0

Iteration: ,80000
Error:,0.0824787125472034
Absolute Error:,1
Transition Probabilities
0.47430074109490794,0.5256992589050921
0.11511747556165323,0.8848825244383468

0.11863691194209891,0.8813630880579011
0.8867779204107831,0.11322207958921694

Transition Gammas
7936.0,8796.0
2685.0,20639.0

1967.0,14613.0
20724.0,2646.0

Iteration: ,90000
Error:,0.08190604602634191
Absolute Error:,1
Transition Probabilities
0.47332836456558774,0.5266716354344123
0.11586317111221034,0.8841368288877897

0.11801608579088471,0.8819839142091153
0.8861207257236317,0.11387927427636833

Transition Gammas
8891.0,9893.0
3045.0,23236.0

2201.0,16449.0
23297.0,2994.0

Iteration: ,99999
Error:,0.08509511313448465
Absolute Error:,1
Transition Probabilities
0.4742173996543115,0.5257826003456885
0.11521761427741119,0.8847823857225888

0.11761300593371606,0.882386994066284
0.8860919894516935,0.11390801054830645

Transition Gammas
9877.0,10951.0
3370.0,25879.0

2438.0,18291.0
25873.0,3326.0


Model Num 1
Model States: 
['square'],"['diamond', 'x', 'square']","['diamond', 'x', 'diamond']"
Iteration: ,0
Error:,0.5706906099013309
Absolute Error:,1
Transition Probabilities
0.3333333333333333,0.3333333333333333,0.3333333333333333
0.3333333333333333,0.3333333333333333,0.3333333333333333
0.3333333333333333,0.3333333333333333,0.3333333333333333

0.3333333333333333,0.3333333333333333,0.3333333333333333
0.3333333333333333,0.3333333333333333,0.3333333333333333
0.3333333333333333,0.3333333333333333,0.3333333333333333

Transition Gammas
1.0,1.0,1.0
1.0,1.0,1.0
1.0,1.0,1.0

1.0,1.0,1.0
1.0,1.0,1.0
1.0,1.0,1.0

Iteration: ,10000
Error:,0.06119407172351371
Absolute Error:,1
Transition Probabilities
0.8864400448262981,0.060050869958766545,0.05350908521493537
0.9992684711046086,0.000365764447695684,0.000365764447695684
0.0005948839976204641,0.8041302192840266,0.19527489671835288

0.1,0.45904542709086954,0.4409545729091304
0.8962176851279156,0.03681546297986016,0.06696685189222423
0.8666431133257626,0.0795727495324002,0.05378413714183717

Transition Gammas
2373.0,160.75617887961803,143.243821120382
2732.0,1.0,1.0
1.0,1351.7428986164484,328.2571013835511

281.0,1289.9176501253435,1239.0823498746565
62.708212188919255,2.575972224923084,4.685660222697075
37.29178781108074,3.424027775076916,2.314339777302924

Iteration: ,20000
Error:,0.06417007283203396
Absolute Error:,1
Transition Probabilities
0.8873626373626373,0.06047548204850645,0.05216188058885619
0.999626307922272,0.0001868460388639761,0.0001868460388639761
0.00029620853080568717,0.7925108533566607,0.20719293811253364

0.11280214861235452,0.4479487829578562,0.43924906842978934
0.9127833441842658,0.02114316495724434,0.06607349085848989
0.8918555332564675,0.053010120799554944,0.05513434594397748

Transition Gammas
4845.0,330.19613198484524,284.80386801515476
5350.0,1.0,1.0
1.0,2675.516640932087,699.4833590679136

630.0,2501.7939528196266,2453.2060471803734
138.30401813025782,3.203591178792851,10.011389160248802
80.69598186974214,4.796408821207149,4.988610839751197

Iteration: ,30000
Error:,0.0653409013565745
Absolute Error:,1
Transition Probabilities
0.8832904254014956,0.062240551062953155,0.0544690235355512
0.9997514910536779,0.00012425447316103378,0.00012425447316103378
0.00019638648860958367,0.7905954661033867,0.2092081474080038

0.11165629487793202,0.4485283228235008,0.43981538229856715
0.908558753619393,0.019509207538718265,0.07193203884188872
0.8947214370654024,0.04821259384765951,0.057065969086938104

Transition Gammas
7205.0,507.69617502050886,444.30382497949114
8046.0,1.0,1.0
1.0,4025.712113398445,1065.2878866015553

933.0,3747.902665513173,3675.097334486827
204.25786346002803,4.385967372811417,16.171419305176705
122.7421365399718,6.614032627188583,7.828580694823296

Iteration: ,40000
Error:,0.06292672336412734
Absolute Error:,1
Transition Probabilities
0.8850333302894713,0.06167301603270189,0.05329365367782683
0.9998130666417422,9.346667912889055e-05,9.346667912889055e-05
0.00014695077149155033,0.7932163273177301,0.20663672191077836

0.11005863779882726,0.4443656727037439,0.4455756894974288
0.9058820099652899,0.02563735366478828,0.06848063636992172
0.8822189231291577,0.06874417671050437,0.04903690016033797

Transition Gammas
9692.0,675.3811985741183,583.6188014258817
10697.0,1.0,1.0
1.0,5397.837107397153,1406.1628926028468

1220.0,4925.793481921,4939.206518078998
265.9106529423468,7.525533543798858,20.101658417668585
160.08934705765313,12.474466456201139,8.898341582331422

Iteration: ,50000
Error:,0.06416989585588449
Absolute Error:,1
Transition Probabilities
0.8860584948109442,0.061813932978515194,0.05212757221054062
0.9998502545672358,7.487271638215035e-05,7.487271638215035e-05
0.0001181334908446544,0.7928162396959891,0.20706562681316618

0.11046847888953154,0.44536680041030313,0.4441647207001653
0.902388985050033,0.02632004926367746,0.07129096568628962
0.870555232973371,0.07414358291288596,0.055301184113743004

Transition Gammas
12209.0,851.7341825109609,718.2658174890391
13354.0,1.0,1.0
1.0,6711.189469026551,1752.8105309734524

1528.0,6160.313583275312,6143.686416724686
325.0343236721332,9.48030123723452,25.678516914179347
193.965676327867,16.519698762765476,12.32148308582066

Iteration: ,60000
Error:,0.06457911204666308
Absolute Error:,1
Transition Probabilities
0.8858987509805105,0.06286814252264156,0.05123310649684799
0.9998752339363693,6.238303181534623e-05,6.238303181534623e-05
9.894132779261896e-05,0.7944757718903271,0.20542528678188024

0.11007350283166646,0.44637679299935246,0.443549704168981
0.9039086414589758,0.025447784268709764,0.07064357427231448
0.8775838363864166,0.0702022648998899,0.05221389871369359

Transition Gammas
14682.0,1041.9137260277384,849.0862739722617
16028.0,1.0,1.0
1.0,8029.766626495538,2076.233373504464

1827.0,7408.962010203252,7362.037989796746
396.5287780866299,11.163494116835059,30.990090039032214
235.47122191337047,18.83650588316494,14.009909960967798

Iteration: ,70000
Error:,0.0659432637604107
Absolute Error:,1
Transition Probabilities
0.8859463094191279,0.06292486295322275,0.05112882762764932
0.9998929737250495,5.351313747525017e-05,5.351313747525017e-05
8.493290300662479e-05,0.795483611935602,0.20443145516139133

0.11177016711367857,0.4448417128931422,0.4433881199931792
0.9000901265256992,0.033196748861430175,0.06671312461287077
0.8663850555407143,0.0824425383310598,0.051172406128225836

Transition Gammas
17128.0,1216.5263754746554,988.4736245253443
18685.0,1.0,1.0
1.0,9366.024046929775,2406.975953070221

2167.0,8624.591129572242,8596.408870427758
462.02789988197014,17.04032041608874,34.24470944751419
276.9721001180305,26.355813543394852,16.359156593002233

Iteration: ,80000
Error:,0.06722600928286324
Absolute Error:,1
Transition Probabilities
0.8849073655671035,0.06350421198635377,0.05158842244654272
0.9999063845721775,4.680771391125258e-05,4.680771391125258e-05
7.455453664355478e-05,0.7956999605590706,0.20422548490428583

0.11358715265247203,0.4451155578698327,0.44129728947769525
0.9013105055038122,0.03631269774265885,0.06237679675352886
0.864779478717102,0.08673161709787976,0.048488904185018125

Transition Gammas
19583.0,1405.3482112580089,1141.6517887419905
21362.0,1.0,1.0
1.0,10672.723570978811,2739.276429021185

2518.0,9867.321686858451,9782.678313141549
520.7688887621401,20.981141499986588,36.04073727257771
313.23111123786066,31.414992459497004,17.563128767938714

Iteration: ,90000
Error:,0.06898100321031324
Absolute Error:,1
Transition Probabilities
0.8863417762103238,0.06270325340110335,0.05095497038857281
0.9999167776298269,4.161118508655127e-05,4.161118508655127e-05
6.654245408570667e-05,0.7972919248763527,0.20264153266956156

0.11374654433270563,0.4459169099558665,0.44033654571142783
0.8987044144701927,0.03565911747846108,0.06563646805134613
0.8634051508537709,0.08562722773372661,0.05096762141250256

Transition Gammas
22116.0,1564.5715788643306,1271.4284211356687
24030.0,1.0,1.0
1.0,11981.70304704183,3045.2969529581715

2839.0,11129.640155588473,10990.359844411527
575.5143715882713,22.83546654113997,42.032430302585304
348.4856284117294,34.56066741834362,20.571435737931115

Iteration: ,99999
Error:,0.06890749665826028
Absolute Error:,1
Transition Probabilities
0.8865145827317354,0.0627567127284143,0.05072870453985019
0.9999250936329588,3.745318352059925e-05,3.745318352059925e-05
5.981576743629618e-05,0.7964670176023587,0.20347316663020484

0.11341098409721972,0.4458742288929146,0.4407147870098657
0.900674265060495,0.03310381703610101,0.0662219179034039
0.8657397810971257,0.08092293342788588,0.053337285474988366

Transition Gammas
24560.0,1738.6119694279896,1405.3880305720097
26698.0,1.0,1.0
1.0,13315.33560027624,3401.664399723766

3145.0,12364.538241429414,12221.461758570586
641.3512748525559,23.572534580149373,47.15524037724863
388.64872514744496,36.32800016661245,23.94422487598957


Model Num 2
Model States: 
"['diamond', 'x', 'square']","['diamond', 'x', 'diamond']","['square', 'y', 'diamond', 'x', 'square']","['square', 'y', 'diamond', 'x', 'diamond']"
Iteration: ,0
Error:,0.5039028681227563
Absolute Error:,0.6
Transition Probabilities
0.25,0.25,0.25,0.25
0.25,0.25,0.25,0.25
0.25,0.25,0.25,0.25
0.25,0.25,0.25,0.25

0.25,0.25,0.25,0.25
0.25,0.25,0.25,0.25
0.25,0.25,0.25,0.25
0.25,0.25,0.25,0.25

Transition Gammas
1.0,1.0,1.0,1.0
1.0,1.0,1.0,1.0
1.0,1.0,1.0,1.0
1.0,1.0,1.0,1.0

1.0,1.0,1.0,1.0
1.0,1.0,1.0,1.0
1.0,1.0,1.0,1.0
1.0,1.0,1.0,1.0

Iteration: ,10000
Error:,0.06807941017725916
Absolute Error:,0.20417930977336737
Transition Probabilities
0.0002660989888238426,0.0002660989888238426,0.8221317966290405,0.1773360053933119
0.7757552842130916,0.2227226457716877,0.0007610350076103503,0.0007610350076103503
0.075123215488574,0.032673009128031984,0.16940529711003682,0.7227984782733573
0.05319955058607896,0.039797564963040655,0.20561994772493453,0.701382936725946

0.1384686232723879,0.05011797167052858,0.4806315548862961,0.33078185017078743
0.216966766177594,0.08614543437361476,0.40612721560980347,0.2907605838389878
0.8881190300471079,0.00033741915089582116,0.05819398532845783,0.0533495654735384
0.0009667991057383746,0.900845956250221,0.05091141773827397,0.04727582690576656

Transition Gammas
1.0,1.0,3089.571291731932,666.4287082680657
1019.3424434560022,292.6575565439976,1.0,1.0
24.755619044483762,10.766852320552259,55.82472704475104,238.18634037023247
15.718682950162084,11.758845684801901,60.75379831052376,207.23513427449265

10.048785095995333,3.6371035896964243,34.87983841585273,24.00511861436844
5.951214904004668,2.3628964103035757,11.139726055927989,7.975316913850826
2764.155112936452,1.0501732758748439,181.12121984287774,166.04359234234312
1.0814903885214575,1007.7132233991524,56.951034215006786,52.88415359977224

Iteration: ,20000
Error:,0.05749969090825431
Absolute Error:,0.19047245609169705
Transition Probabilities
0.00013460761879122358,0.00013460761879122358,0.8150936317221326,0.184637153040285
0.7632569330648361,0.23601579420789107,0.0003636363636363636,0.0003636363636363636
0.08152819728545399,0.035572400140300726,0.15307697437127124,0.7298224282029742
0.05996377634560173,0.046096997879738595,0.18126831239303898,0.7126709133816206

0.10808780051202407,0.04746197282874732,0.5405335350571204,0.3039166916021082
0.15596899888229002,0.08599184187950604,0.41840088486367494,0.3396382743745289
0.8826742288587888,0.0001730404302269551,0.06400775561090695,0.053144975100077214
0.00047506887359218686,0.9010987375267842,0.05399752625387404,0.04442866734574981

Transition Gammas
1.0,1.0,6055.330590063723,1371.6694099362774
2098.9565659282994,649.0434340717004,1.0,1.0
55.83287553006184,24.361011962340058,104.83155449476048,499.80357900265136
35.508808143722824,27.297304363875284,107.34183401331016,422.0230324892779

14.97594796512162,6.576024602575435,74.89283763821396,42.10873509872901
8.024052034878382,4.423975397424565,21.525242167637572,17.47318509541944
5372.989515746734,1.053326796016014,389.62619342419003,323.50258418275206
1.0902015335028699,2067.8669559237496,123.91505568910233,101.9561667039554

Iteration: ,30000
Error:,0.04909092646546588
Absolute Error:,0.17855745905468712
Transition Probabilities
8.954154727793695e-05,8.954154727793695e-05,0.8183532924588631,0.1814676244465811
0.7619856630228414,0.23752629402937928,0.00024402147388970225,0.00024402147388970225
0.07823749530778368,0.039747886484018016,0.14662797301175606,0.7353866451964423
0.05889140259779829,0.05235132142803632,0.17740888337890004,0.7113483925952654

0.08446302985224421,0.046651338914581855,0.5688529458430546,0.30003268539011946
0.11909853310142308,0.09680399110802218,0.38795311459253756,0.39614436119801727
0.8850136859241975,0.0001147783480682152,0.06523915344119169,0.04963238228654262
0.00032181439504147644,0.9020271668953106,0.055317317932216066,0.042333700777431746

Transition Gammas
1.0,1.0,9139.369570180585,2026.630429819418
3122.6172470676047,973.3827529323964,1.0,1.0
79.65549084551043,40.46828691921446,149.28549432706205,748.71497296678
50.22704945015707,44.649172785118076,151.30773534509595,606.6917973610616

18.268630332372965,10.090285260091182,123.03802266231418,64.8945014950303
9.731369667627035,7.909714739908817,31.69909043793374,32.36838540472176
8134.517941618881,1.0549741168073226,599.6393870555976,456.1912551369839
1.094682701180553,3068.332401563133,188.16719186317698,144.00216594424114

Iteration: ,40000
Error:,0.04419252341740288
Absolute Error:,0.17346238707944533
Transition Probabilities
6.718624025799521e-05,6.718624025799521e-05,0.8169627995393919,0.1829028279800922
0.7638103026374103,0.23582420028656634,0.0001827485380116959,0.0001827485380116959
0.08144765494022331,0.039248879187152,0.14318890886586141,0.7361145570067633
0.05963027619771491,0.05009903675405411,0.17640643853944127,0.7138642485087896

0.07077519421892349,0.04755238632774754,0.5974748207909018,0.2841975986624271
0.10579639601542053,0.09393216074582297,0.3912240121902071,0.4090474310485494
0.8854076263455358,8.640465611595271e-05,0.06721491847071968,0.04729105052762859
0.00024125408158936576,0.9030840695749428,0.05656777684760973,0.04010689949585811

Transition Gammas
1.0,1.0,12159.6743083443,2722.32569165569
4179.569976031909,1290.430023968091,1.0,1.0
112.2556929942027,54.09499064930852,197.35092686975446,1014.5540688748058
66.65140255651653,55.997913799972274,197.1772947968378,797.9177094586023

20.425411396821378,13.723410643571684,172.42861921576113,82.0181835561355
11.574588603178626,10.276589356428312,42.801618612098686,44.75157861600448
10824.342979838817,1.0563198294489318,821.720198968604,578.1456309572934
1.0983658698796404,4111.502334461853,257.5380901954488,182.5960798786555

Iteration: ,50000
Error:,0.04135084722850682
Absolute Error:,0.1732934788958086
Transition Probabilities
5.384159801862916e-05,5.384159801862916e-05,0.8165218756014759,0.18337044120248683
0.7596338255050457,0.24007547682053568,0.0001453488372093023,0.0001453488372093023
0.07808310368198151,0.03910326179286378,0.1449738823787256,0.7378397521464292
0.059197738056533236,0.050082870690850385,0.1800320953989119,0.7106872958537045

0.07019253257013608,0.0403875101172829,0.6115129541491818,0.2779070031633991
0.10557256382451545,0.08768224330252307,0.3934980152864189,0.4132471775865425
0.8846351969813258,6.928648146906785e-05,0.06997345434191346,0.04532206219529164
0.0001932312522930291,0.9024197239387313,0.05865148952748019,0.038735555281495325

Transition Gammas
1.0,1.0,15165.26079554622,3405.73920445379
5226.280719474716,1651.719280525286,1.0,1.0
136.717924136076,68.46701177560314,253.8388885448569,1291.904579886913
81.69711681893835,69.1179472693826,248.45718116656877,980.7993504016613

25.047450464451412,14.411848696788125,218.21182206408434,99.16812573337651
13.952549535548595,11.588151303211871,52.00499402050983,54.615058182029
13498.110329869165,1.0572002724165355,1067.6823735842704,691.541776742298
1.1007627594060287,5140.7317070990175,334.1145631951792,220.6612864782524

Iteration: ,60000
Error:,0.040871844169788826
Absolute Error:,0.17276121124066388
Transition Probabilities
4.474072748422894e-05,4.474072748422894e-05,0.8173618170264206,0.18254870151861088
0.7611356611416873,0.23862019823331276,0.00012207031250000003,0.00012207031250000003
0.07716969033798246,0.038441693658661645,0.14510434538687253,0.7392842706164834
0.05930883078070295,0.04972635239058314,0.18015207705558114,0.7108127397731329

0.07024845473609617,0.03804323057497294,0.6315311740006002,0.26017714068833064
0.1040119378024829,0.08901660138234674,0.40594274205728087,0.40102871875788937
0.8858447782066688,5.7502237975651086e-05,0.07123623650470481,0.042861483050650656
0.00016222814532621994,0.9026599482804194,0.06004800695391804,0.0371298166203363

Transition Gammas
1.0,1.0,18268.85397235751,4080.1460276424677
6235.223336072701,1954.776663927298,1.0,1.0
162.01591490454456,80.7074142880528,304.6430946076777,1552.109603574702
95.34036726834078,79.93630353906197,289.5987825850369,1142.6485192325824

29.808662361785053,16.142957444702443,267.9788417758976,110.4014681912715
16.19133763821495,13.857042555297554,63.19232327844713,62.42736675438357
16298.86934948502,1.0579973908809088,1310.6925053954767,788.6186491746059
1.1029504684257307,6136.9697026556805,408.25207774320216,252.43676768671367

Iteration: ,70000
Error:,0.03961552956255793
Absolute Error:,0.17125076297789044
Transition Probabilities
3.8387715930902077e-05,3.8387715930902077e-05,0.8155198192963535,0.18440340527178475
0.7580822538936588,0.24171074962528144,0.00010349824052991102,0.00010349824052991102
0.07345436941787745,0.03800302810033435,0.1419209632134846,0.7466216392683035
0.05617764868535115,0.04921461252799306,0.17845558872250245,0.7161521500641534

0.06791653666586324,0.04021847286463891,0.6422254712097758,0.2496395192597221
0.09848476127542247,0.08895899704032709,0.41527703892528384,0.39727920275896655
0.8861879296096513,4.95213714682403e-05,0.07292352332596506,0.040839025692915185
0.00013846480740401564,0.9039080560254071,0.060587016759199495,0.03536646240798938

Transition Gammas
1.0,1.0,21244.291292670026,4803.708707329997
7324.590737120529,2335.4092628794688,1.0,1.0
181.30212455466474,93.80013454208942,350.2932821200808,1842.83236668675
103.35407025090586,90.54367065234018,328.3176118102956,1317.5567393828728

32.670458356290425,19.34662760179014,308.9350774132453,120.08618104577859
17.329541643709575,15.653372398209859,73.0728352948555,69.9059062461206
18942.29510430401,1.0585208858965847,1558.7426241457388,872.9354695546374
1.1043909119043949,7209.541983898193,483.2401239184381,282.0817823811825

Iteration: ,80000
Error:,0.04133342599773368
Absolute Error:,0.17207908152652296
Transition Probabilities
3.359650596337975e-05,3.359650596337975e-05,0.8157423412531474,0.18419046573492576
0.7589853435297367,0.24083331636689947,9.067005168192947e-05,9.067005168192947e-05
0.0754104878088999,0.037763093666357925,0.14074402759692958,0.7460823909278126
0.057234142454628135,0.049044460445939665,0.17681638062562624,0.716905016473806

0.07191329763675981,0.04237676882594821,0.640977234036532,0.24473269950076007
0.10112074694750267,0.08950166139231604,0.4174034257503049,0.3919741659098764
0.8851480271484687,4.332203342984605e-05,0.07557579910253875,0.039232851715562615
0.00012136379320281048,0.9038437954352369,0.06216437871038676,0.033870462061173556

Transition Gammas
1.0,1.0,24280.570787399975,5482.429212600075
8370.849353789465,2656.150646210534,1.0,1.0
214.81027736214222,107.56992641500378,400.91590020974945,2125.2503462959844
118.27169684038142,101.34809938247272,365.3828373919581,1481.4509161023043

40.03184422469857,23.589798606582942,356.811627720605,136.23490543557583
20.35882442845097,18.019532740267515,84.03659305539075,78.9168737884285
21639.750112329217,1.0591199991711613,1847.6473504518306,959.1492962526119
1.1060360794727675,8237.084731592135,566.528483472815,308.67486982274045

Iteration: ,90000
Error:,0.04197028157680097
Absolute Error:,0.17175482707144296
Transition Probabilities
2.987482448540612e-05,2.987482448540612e-05,0.8148402366174574,0.18510001373357182
0.7576624644139615,0.24217697039657157,8.028259473346177e-05,8.028259473346177e-05
0.07560452261465518,0.038350686332236095,0.14101541423330904,0.7450293768197997
0.05677189564649884,0.050464424646141474,0.17707997311071083,0.7156837065966488

0.07058235714958724,0.041737510580503547,0.6489146912217612,0.23876544104814806
0.09989986269052462,0.09168845940828324,0.41504234323471606,0.39336933466647606
0.8850986520031897,3.858264932032132e-05,0.07730895988854004,0.037553805458949915
0.00010789375862725302,0.9042855434438316,0.06315378332326461,0.032452779474276675

Transition Gammas
1.0,1.0,27275.147240296177,6195.852759703855
9437.443656740306,3016.5563432596964,1.0,1.0
244.56035614934814,124.05418596169484,456.14704960468856,2409.9702429899157
129.90932149129614,115.47613639766107,405.2064651804189,1637.6762422249726

43.87580751163206,25.945109432429735,403.3820523048747,148.42273558045574
22.51486114151749,20.66422191442072,93.53987557248163,88.655336542188
24308.700793455107,1.0596491995822348,2123.243968715218,1031.3926232868612
1.1074865947473274,9282.132070750562,648.2485115726254,333.11489642529006

Iteration: ,99999
Error:,0.04066882943485601
Absolute Error:,0.1707777597280761
Transition Probabilities
2.686871943683163e-05,2.686871943683163e-05,0.8149264373107117,0.18501982525041472
0.7557416332368443,0.24411399370316877,7.21865299935032e-05,7.21865299935032e-05
0.07595549668366149,0.03860193331052184,0.1400152171211744,0.7454273528846422
0.056433835899208765,0.05178755432188906,0.17615302384589618,0.7156255859330061

0.06924787874549548,0.04098398298291589,0.6522763767630618,0.23749176150852683
0.09572187028899176,0.08802244349370003,0.4133261147213757,0.40292957149593245
0.8857133582659951,3.47198306368432e-05,0.07842876290258766,0.035823159000780515
9.742489019054791e-05,0.904715015143439,0.06407592592908405,0.031111634037286447

Transition Gammas
1.0,1.0,30329.93214383008,6886.067856169938
10469.288845230005,3381.7111547699974,1.0,1.0
274.2283962843609,139.36774463219746,505.50849014203743,2691.2778726127835
141.00656976270116,129.3972893207408,440.13902741254867,1788.074609832629

47.16155103797033,27.912309231765843,444.23549415330746,161.74473549791512
23.925289983849996,22.00084974641385,103.30917190346851,100.710598445309
27044.697316256454,1.0601480735070021,2394.7726810189174,1093.8375074131845
1.1088542816188451,10297.133681388435,729.2886312336858,354.1011803342086


Model Num 3
Model States: 
"['diamond', 'x', 'square']","['diamond', 'x', 'diamond']","['square', 'y', 'diamond', 'x', 'square']","['square', 'y', 'diamond', 'x', 'diamond']","['square', 'y', 'square', 'y', 'diamond', 'x', 'square']"
Iteration: ,0
Error:,0.481592013080951
Absolute Error:,1
Transition Probabilities
0.2,0.2,0.2,0.2,0.2
0.2,0.2,0.2,0.2,0.2
0.2,0.2,0.2,0.2,0.2
0.2,0.2,0.2,0.2,0.2
0.2,0.2,0.2,0.2,0.2

0.2,0.2,0.2,0.2,0.2
0.2,0.2,0.2,0.2,0.2
0.2,0.2,0.2,0.2,0.2
0.2,0.2,0.2,0.2,0.2
0.2,0.2,0.2,0.2,0.2

Transition Gammas
1.0,1.0,1.0,1.0,1.0
1.0,1.0,1.0,1.0,1.0
1.0,1.0,1.0,1.0,1.0
1.0,1.0,1.0,1.0,1.0
1.0,1.0,1.0,1.0,1.0

1.0,1.0,1.0,1.0,1.0
1.0,1.0,1.0,1.0,1.0
1.0,1.0,1.0,1.0,1.0
1.0,1.0,1.0,1.0,1.0
1.0,1.0,1.0,1.0,1.0

Iteration: ,10000
Error:,0.05523063517006068
Absolute Error:,1
Transition Probabilities
0.0003979307600477517,0.0003979307600477517,0.7516794505360954,0.13794130473255614,0.10958338321125291
0.7816230325356782,0.21616457808379083,0.0007374631268436577,0.0007374631268436577,0.0007374631268436577
0.06315787019567404,0.04884656820944554,0.08856208752129643,0.7125342928174185,0.0868991812561655
0.07523828083496122,0.07104032292452889,0.1042204803969395,0.6490893554885432,0.10041156035502712
0.053289768575056545,0.0645984822499369,0.11557094157290489,0.6331239687033302,0.13341683889877126

0.04872940441426651,0.06921604226161295,0.5348201319573411,0.20315396194382193,0.14408045942295739
0.05848550654078299,0.05740844168036494,0.5340461668657651,0.21549647244049405,0.1345634124725929
0.9974368355211132,0.0011143686228024512,0.00048293195202813225,0.00048293195202813225,0.00048293195202813225
0.004036016988686907,0.9935588165108122,0.0008017221668336343,0.0008017221668336343,0.0008017221668336343
0.0022779043280182236,0.0022779043280182236,0.7710933125238858,0.15020825865677523,0.07414262016330254

Transition Gammas
1.0,1.0,1888.970459197208,346.6464987929136,275.3830420098786
1059.8808321183799,293.1191678816204,1.0,1.0,1.0
43.85744811880547,33.91953883799877,61.49838724334324,494.7908421118692,60.343648728199135
28.218823953501175,26.644340407039657,39.088870134097505,243.44705978597452,37.660298894525226
13.723753630666419,16.636095051988523,29.763070312020155,163.0488853018075,34.35893748816315

34.29489805478615,48.713033570810914,376.3970055368545,142.97618651479985,101.40129408498238
22.70510194521386,22.286966429189107,207.32611170397422,83.65951951161611,52.23988264777335
2065.377598918966,2.307506509193527,1.0,1.0,1.0
5.034184104734156,1239.2807104671037,1.0,1.0,1.0
1.0,1.0,338.5099641979858,65.94142555032431,32.548610251689816

Iteration: ,20000
Error:,0.04834531018060334
Absolute Error:,1
Transition Probabilities
0.00020056157240272768,0.00020056157240272768,0.7507398212434631,0.1341927723050742,0.1146662833066572
0.7899578758039701,0.20891642063130195,0.00037523452157598494,0.00037523452157598494,0.00037523452157598494
0.057264811088492934,0.04845727290345453,0.09081691656263123,0.7150460843677728,0.08841491507764841
0.06596405090062404,0.06901279489168297,0.10023878890032596,0.667445945079945,0.09733842022742191
0.04992548007926953,0.06430856145975539,0.11622956214210804,0.6387686978995004,0.1307676984193665

0.05218131924402151,0.0532749642147358,0.668266841414728,0.13827835316840556,0.08799852195810905
0.06855346818359573,0.051260032864126864,0.6520119468557226,0.14791302475015072,0.08026152734640407
0.998675673197599,0.0005946729866651893,0.00024321793857861904,0.00024321793857861904,0.00024321793857861904
0.002202015102120073,0.9966063081234697,0.0003972255914700768,0.0003972255914700768,0.0003972255914700768
0.001122334455667789,0.001122334455667789,0.788521742357469,0.14153140817368423,0.0677021805575113

Transition Gammas
1.0,1.0,3743.188748719906,669.0851627130999,571.7260885669926
2105.2377390175807,556.7622609824198,1.0,1.0,1.0
92.39225318295135,78.18198543836607,146.5259273340321,1153.6704235746727,142.65048751107682
43.842361670477175,45.86867956441711,66.62273126614679,443.61142349751543,64.69502957713517
20.416460789847832,26.298259353940402,47.530765739814406,261.21723924819025,53.47597225141605

72.80678145050673,74.33270627419473,932.4095016834391,192.93498103004646,122.78127975665755
54.27616298061495,40.584349294683605,516.2205156137888,117.10788164348457,63.545840272585
4106.093814600693,2.4450210792036793,1.0,1.0,1.0
5.543487502833643,2508.9176768172665,1.0,1.0,1.0
1.0,1.0,702.5728724405047,126.10448468275263,60.322642876742556

Iteration: ,30000
Error:,0.051937458458119604
Absolute Error:,1
Transition Probabilities
0.00013410218586562962,0.00013410218586562962,0.7542592657786352,0.1331685323473917,0.11230399750224175
0.7911703826516172,0.20807736057807197,0.0002507522567703109,0.0002507522567703109,0.0002507522567703109
0.05987566683297465,0.04960013919620535,0.09266070866537847,0.7097401889948317,0.08812329631060987
0.06535661900949405,0.07048701877666862,0.09525820428705975,0.6769329869320363,0.09196517099474129
0.05064680376117338,0.06512666657986964,0.11539338821056333,0.6398068444373357,0.12902629701105803

0.057906448846832714,0.052788973949713186,0.721627334309597,0.10479850958879944,0.06287873330505755
0.0723854811215206,0.046501325266270356,0.704868993967462,0.1188598479150864,0.057384351729660506
0.9991009203772834,0.0004113524030533717,0.00016257573988778692,0.00016257573988778692,0.00016257573988778692
0.0015508301527997449,0.9976557333162595,0.0002644788436469553,0.0002644788436469553,0.0002644788436469553
0.0007656967840735067,0.0007656967840735067,0.792052195777905,0.13886150306344303,0.067554907590505

Transition Gammas
1.0,1.0,5624.511344911283,993.0377457145,837.4509093742167
3155.18748601465,829.8125139853512,1.0,1.0,1.0
156.8231323139696,129.91002194023307,242.6919539096332,1858.9134026308877,230.80780704810647
59.23668967691166,63.886683870804596,86.33832000570156,613.5456498007172,83.35364310244145
26.310644614510817,33.8328275835701,59.9460223075304,332.3749823444405,67.02821885053972

122.63303756450502,111.79535879484244,1528.2469182325422,221.9400398235667,133.16323513126952
86.80621876688915,55.76538487376344,845.2939891304437,142.53927446299215,68.81654321919054
6145.449013898895,2.530220089032321,1.0,1.0,1.0
5.863721012293522,3772.157044999786,1.0,1.0,1.0
1.0,1.0,1034.420167685944,181.3531230008566,88.22670931319955

Iteration: ,40000
Error:,0.06073449916561836
Absolute Error:,1
Transition Probabilities
0.00010056315366049866,0.00010056315366049866,0.7553960685860931,0.13197999928200693,0.1124228058245789
0.7884268659967404,0.21100784287833027,0.00018843037497644617,0.00018843037497644617,0.00018843037497644617
0.06422783599409669,0.04895722857052802,0.09685967243996906,0.7015702746766497,0.08838498831875646
0.06781782905737589,0.06929724750793423,0.09778952568257707,0.6734508792461441,0.09164451850596883
0.05260534630198235,0.06445621087346902,0.11779966933046891,0.6365651780343512,0.12857359545972863

0.05859808652118949,0.05394660401224744,0.751909881195133,0.08580638164993212,0.049739046621498126
0.06770241402632189,0.052693185770258284,0.7349792328669887,0.09946253677338776,0.045162630563043184
0.9993201574992975,0.0003150722427382181,0.00012159008598812494,0.00012159008598812494,0.00012159008598812494
0.0012145105725155565,0.9981880756627703,0.0001991379215713909,0.0001991379215713909,0.0001991379215713909
0.0005757052389176737,0.0005757052389176737,0.7838739201199416,0.1486514441720261,0.06632322523019686

Transition Gammas
1.0,1.0,7511.65850602012,1312.4091128602786,1117.932381119614
4184.181377844702,1119.818622155299,1.0,1.0,1.0
234.66919942260873,178.87499176605343,353.8961174079228,2563.3268216011697,322.9321699651467
74.834354946635,76.46683606528035,107.90696453585669,743.1270336594201,101.12618646325181
31.97559814374972,39.17901965567272,71.60327139288749,386.9293476044255,78.15208736991816

166.28611496107436,153.08641850099167,2133.7245013891215,243.49617351882088,141.1464659612367
108.88310643053376,84.74436010740013,1182.0379404104397,159.96165178300973,72.63326693737778
8218.763473832034,2.591265892919835,1.0,1.0,1.0
6.098841260026683,5012.546419015025,1.0,1.0,1.0
1.0,1.0,1361.5889992483396,258.2075585268096,115.20344222485204

Iteration: ,50000
Error:,0.05850616733055143
Absolute Error:,1
Transition Probabilities
8.077544426494316e-05,8.077544426494316e-05,0.7548081539247259,0.13329995460860966,0.11173034057813462
0.7882972586921343,0.21125045727349204,0.00015076134479119558,0.00015076134479119558,0.00015076134479119558
0.0641268341268874,0.046654772649662724,0.09769989584767384,0.7041311725258288,0.08738732484994721
0.06813924286218898,0.06653426599725569,0.09846976629622979,0.6754296350771157,0.09142708976720972
0.052560959534105424,0.06297140046046494,0.11810991430291694,0.638280125088267,0.1280776006142457

0.055067358570786915,0.053444386910251516,0.7766621808385928,0.07210292465163161,0.04272314902873713
0.06491280417370095,0.0522917344437602,0.759307745211863,0.085376684589531,0.03811103158114485
0.9994495945192505,0.00025768611502540925,9.75731219080472e-05,9.75731219080472e-05,9.75731219080472e-05
0.0009966344768629447,0.9985281011306665,0.00015842146415685727,0.00015842146415685727,0.00015842146415685727
0.00046274872744099933,0.00046274872744099933,0.7848191459305587,0.14611938843046945,0.06813596818408992

Transition Gammas
1.0,1.0,9344.52494558814,1650.2534380545935,1383.2216163573116
5228.7757169049255,1401.2242830950722,1.0,1.0,1.0
304.0981353555192,221.24325270954637,463.306142525582,3339.085416053942,414.40253370365224
88.57000426050199,86.4837937040881,127.99478324152794,877.9493745981379,118.84044186673141
36.21587411537244,43.38893985497176,81.38081621961905,439.79167932696464,88.24881246383464

195.64562685794448,189.87946490394484,2759.358051134744,256.17030229670627,151.7886001800506
131.52359453366356,105.95131370444699,1538.477427970611,172.9866486207253,77.21896979716257
10243.083084511027,2.640953881420873,1.0,1.0,1.0
6.291031850811268,6302.984929756725,1.0,1.0,1.0
1.0,1.0,1695.994174355938,315.7639983982446,147.24182724581837

Iteration: ,60000
Error:,0.06109125730137294
Absolute Error:,1
Transition Probabilities
6.72992798977049e-05,6.72992798977049e-05,0.755914272360101,0.132471429171006,0.11147969990909763
0.7867152040845551,0.21290639026458724,0.00012613521695257321,0.00012613521695257321,0.00012613521695257321
0.06433257459718839,0.04608521783032734,0.10071536011848208,0.7014553450693045,0.08741150238469762
0.06852240656366625,0.06542590526749653,0.09805662411053531,0.674463992368199,0.09353107169010294
0.052767971359872365,0.06239916402716923,0.11909367973167946,0.6373772479520008,0.1283619369292783

0.056356575438234774,0.05190545840990986,0.7909995166607957,0.0635166778522496,0.03722177163881001
0.062205983570863016,0.05182555381048693,0.7752987341388183,0.07684967835754195,0.033820050122289974
0.9995392379605316,0.00021747165369321488,8.109679525842983e-05,8.109679525842983e-05,8.109679525842983e-05
0.0008521393532519839,0.9987515100582398,0.00013211686283607605,0.00013211686283607605,0.00013211686283607605
0.00038684719535783343,0.00038684719535783343,0.7868621083003221,0.14726441962969644,0.06509977767926584

Transition Gammas
1.0,1.0,11232.130172998774,1968.3929660519839,1656.4768609492867
6237.07813798235,1687.921862017647,1.0,1.0,1.0
375.6466769937028,269.09787218822123,588.0907236749293,4095.8934270022432,510.40768393674483
100.56479156202788,96.02030716579573,143.9097728680896,989.8562267450526,137.26798576971973
40.16932966736704,47.501022422885384,90.65941250263049,485.19994488423686,97.71482261633844

240.11195975281436,221.1475989049563,3370.120392022557,270.6181821286608,158.58650856920022
152.05726163879368,126.68317970343544,1895.1521332489767,187.85253408232182,82.6702499482851
12325.261864853182,2.6816306735697943,1.0,1.0,1.0
6.449890914449547,7559.606613558789,1.0,1.0,1.0
1.0,1.0,2034.0385499563338,380.6785247427655,168.28292530090226

Iteration: ,70000
Error:,0.0591061678494783
Absolute Error:,1
Transition Probabilities
5.776340110905712e-05,5.776340110905712e-05,0.7563052656591536,0.13303248046838517,0.11054672707024313
0.7865732323078932,0.21310188140230818,0.00010829542993285683,0.00010829542993285683,0.00010829542993285683
0.062113521483923816,0.04575900786579916,0.10229682068388907,0.7021877172020092,0.08764293276437878
0.06863123787767168,0.06335140404013237,0.09981747006685171,0.6765663180901279,0.09163356992521635
0.052303448876182435,0.06148997974245761,0.12047795788844624,0.6382425008501603,0.1274861126427534

0.05671711825228327,0.050995258653614026,0.8028289633369532,0.056437335684061084,0.03302132407308865
0.061750387255973906,0.05166874474767713,0.7861968954649343,0.06945767727158908,0.03092629525982562
0.9996029327713685,0.00018870293524420552,6.945476446243552e-05,6.945476446243552e-05,6.945476446243552e-05
0.0007455016498696754,0.9989150604003049,0.00011314598327517724,0.00011314598327517724,0.00011314598327517724
0.00033366700033366653,0.00033366700033366653,0.791404507569725,0.14213706567060258,0.06579109275900512

Transition Gammas
1.0,1.0,13093.156759091307,2303.058301868691,1913.7849390400552
7263.217227131086,1967.7827728689138,1.0,1.0,1.0
432.0624518775057,318.30024544810755,711.5779963529214,4884.426764486242,609.645364088939
112.42796110012785,103.7788244728672,163.515550481426,1108.3141444639514,150.10913038433995
43.403575966732745,51.026941134659175,99.97761734425947,529.6401569316429,105.79327546625578

282.58236662973974,254.07427812420366,3999.9442046674126,281.1884026430947,164.5225320566307
176.58685476186838,147.7565004841881,2248.2779973216634,198.62730119588434,88.43956211531541
14392.143440526701,2.7169185109866025,1.0,1.0,1.0
6.588847684115967,8828.550793278173,1.0,1.0,1.0
1.0,1.0,2371.839309186469,425.9847858147965,197.17590499873862

Iteration: ,80000
Error:,0.06032179430027201
Absolute Error:,1
Transition Probabilities
5.059448520111289e-05,5.059448520111289e-05,0.7565975928402914,0.13317351004055103,0.11012770814875524
0.7880874382952698,0.21162763436120288,9.49757811758002e-05,9.49757811758002e-05,9.49757811758002e-05
0.06174914622594083,0.04601056463536216,0.10420770457785576,0.6997824866956415,0.08825009786519974
0.06901422229561059,0.06445235142619354,0.10036507647559674,0.6749408135118884,0.09122753629071075
0.052501135712515926,0.06182618040221509,0.1211525531209679,0.637134579837638,0.12738555092666312

0.05684924717012064,0.05167270651987317,0.8104715725875435,0.05114310805868962,0.029863365663772963
0.0627272659675141,0.05139383367283428,0.7940787190335468,0.06421026929208373,0.027589912034021162
