0,1,2,3,4,5,6,7,8,9,10,11,12,13,14,15,16,17,18,19,20,21,22,23,24,25,26,27,28,29
github Code Version (SHA):,0223d720dafbf5413b6775610c21cd8ff219e6c5
Environment Observations,Environment Actions,alpha,epsilon,numActions,explore,patience,gainThresh,insertRandActions,useBudd,revisedSplitting,haveControl,confidence_factor
"['diamond', 'square']","['x', 'y']",0.85,0.99,100000,0.05,0,0.0001,False,False,False,False,

Model Num 0
Model States: 
['diamond'],['square']
Iteration: ,0
Error:,0.5067664869094064
Absolute Error:,1
Transition Probabilities
0.5,0.5
0.5,0.5

0.5,0.5
0.5,0.5

Transition Gammas
1.0,1.0
1.0,1.0

1.0,1.0
1.0,1.0

Iteration: ,10000
Error:,0.08980804367504602
Absolute Error:,1
Transition Probabilities
0.47280744732974034,0.5271925526702597
0.11317623630932626,0.8868237636906737

0.13725490196078433,0.8627450980392157
0.8874519398811604,0.11254806011883957

Transition Gammas
965.0,1076.0
341.0,2672.0

287.0,1804.0
2539.0,322.0

Iteration: ,20000
Error:,0.08598260848486618
Absolute Error:,1
Transition Probabilities
0.4763414634146341,0.5236585365853659
0.11308830866456011,0.8869116913354399

0.12116082224909311,0.8788391777509069
0.8857242097950677,0.11427579020493227

Transition Gammas
1953.0,2147.0
680.0,5333.0

501.0,3634.0
5100.0,658.0

Iteration: ,30000
Error:,0.08114180566606323
Absolute Error:,1
Transition Probabilities
0.4744832041343669,0.525516795865633
0.10790562451079057,0.8920943754892094

0.11974110032362459,0.8802588996763754
0.8893107812679784,0.11068921873202163

Transition Gammas
2938.0,3254.0
965.0,7978.0

740.0,5440.0
7729.0,962.0

Iteration: ,40000
Error:,0.07994836737586665
Absolute Error:,1
Transition Probabilities
0.47259277225321367,0.5274072277467863
0.10612176252943155,0.8938782374705685

0.12163146394756008,0.8783685360524399
0.8875322441960447,0.1124677558039553

Transition Gammas
3897.0,4349.0
1262.0,10630.0

1002.0,7236.0
10322.0,1308.0

Iteration: ,50000
Error:,0.07960091998610896
Absolute Error:,1
Transition Probabilities
0.4731934731934732,0.5268065268065268
0.10759579060982191,0.8924042093901781

0.12387670306309788,0.8761232969369022
0.8870468459792255,0.11295315402077458

Transition Gammas
4872.0,5424.0
1595.0,13229.0

1282.0,9067.0
12895.0,1642.0

Iteration: ,60000
Error:,0.08090053859822997
Absolute Error:,1
Transition Probabilities
0.47290005637432553,0.5270999436256745
0.10946311752763366,0.8905368824723664

0.12440576907581984,0.8755942309241802
0.8867935343345179,0.11320646566548206

Transition Gammas
5872.0,6545.0
1941.0,15791.0

1544.0,10867.0
15471.0,1975.0

Iteration: ,70000
Error:,0.08473765092447076
Absolute Error:,1
Transition Probabilities
0.4699724517906336,0.5300275482093664
0.11152145390932504,0.888478546090675

0.1252155915833046,0.8747844084166954
0.8858024691358025,0.11419753086419752

Transition Gammas
6824.0,7696.0
2295.0,18284.0

1815.0,12680.0
18081.0,2331.0

Iteration: ,80000
Error:,0.08369330395745152
Absolute Error:,1
Transition Probabilities
0.47004830917874396,0.529951690821256
0.11087039632980757,0.8891296036701924

0.12191880135331078,0.8780811986466892
0.8863957521517578,0.11360424784824219

Transition Gammas
7784.0,8776.0
2610.0,20931.0

2018.0,14534.0
20700.0,2653.0

Iteration: ,90000
Error:,0.08557117814098489
Absolute Error:,1
Transition Probabilities
0.46831117518287146,0.5316888248171285
0.11161102499149306,0.8883889750085069

0.12299983837077744,0.8770001616292226
0.8863973807438992,0.11360261925610081

Transition Gammas
8771.0,9958.0
2952.0,23497.0

2283.0,16278.0
23283.0,2984.0

Iteration: ,99999
Error:,0.08556400176373384
Absolute Error:,1
Transition Probabilities
0.4671375036033439,0.5328624963966561
0.11160500581276071,0.8883949941872393

0.12223352220446511,0.8777664777955348
0.8858205898416166,0.1141794101583834

Transition Gammas
9723.0,11091.0
3264.0,25982.0

2524.0,18125.0
25951.0,3345.0


Model Num 1
Model States: 
['square'],"['diamond', 'x', 'square']","['diamond', 'x', 'diamond']"
Iteration: ,0
Error:,0.568552395568836
Absolute Error:,1
Transition Probabilities
0.3333333333333333,0.3333333333333333,0.3333333333333333
0.3333333333333333,0.3333333333333333,0.3333333333333333
0.3333333333333333,0.3333333333333333,0.3333333333333333

0.3333333333333333,0.3333333333333333,0.3333333333333333
0.3333333333333333,0.3333333333333333,0.3333333333333333
0.3333333333333333,0.3333333333333333,0.3333333333333333

Transition Gammas
1.0,1.0,1.0
1.0,1.0,1.0
1.0,1.0,1.0

1.0,1.0,1.0
1.0,1.0,1.0
1.0,1.0,1.0

Iteration: ,10000
Error:,0.0767279784254435
Absolute Error:,1
Transition Probabilities
0.8875545851528385,0.058514685819591905,0.053930729027569665
0.9992517770295548,0.0003741114852225963,0.0003741114852225963
0.0005757052389176742,0.7907990092274402,0.2086252855336421

0.1113933236574746,0.4334730491247035,0.4551336272178219
0.8537358884251878,0.10236434370602605,0.04389976786878625
0.8229845596761484,0.06881997003335398,0.10819547029049756

Transition Gammas
2439.0,160.79835663223855,148.20164336776145
2671.0,1.0,1.0
1.0,1373.6178790280635,362.3821209719363

307.0,1194.651723387683,1254.3482766123172
52.153637115368,6.253307267010494,2.681780857427549
32.846362884632,2.7466927329895054,4.318219142572451

Iteration: ,20000
Error:,0.07863907688642546
Absolute Error:,1
Transition Probabilities
0.890562613430127,0.05981536872235738,0.049622017847515576
0.999624060150376,0.00018796992481203009,0.00018796992481203009
0.00029010733971569487,0.7824166377666769,0.2172932548936074

0.1116346502355926,0.43751947462352847,0.450845875140879
0.85169190947162,0.09998650057736524,0.0483215899510147
0.8250181661929412,0.07753147235604717,0.09745036145101153

Transition Gammas
4907.0,329.58268166018917,273.41731833981083
5318.0,1.0,1.0
1.0,2696.990150381735,749.0098496182646

616.0,2414.23246097263,2487.7675390273703
111.62729625687041,13.104765464499469,6.333285988839922
73.3727037431295,6.8952345355005304,8.666714011160078

Iteration: ,30000
Error:,0.06866122950451342
Absolute Error:,1
Transition Probabilities
0.8930526828081276,0.057848308155276085,0.049099009036596405
0.9997494676186898,0.0001252661906551422,0.0001252661906551422
0.00019485580670303975,0.7875844970622781,0.2122206471310189

0.11272334812327617,0.4388051649265375,0.4484714869501864
0.8716005165251262,0.08456742195083851,0.04383206152403528
0.8564154848705616,0.0633103345645024,0.08027418056493581

Transition Gammas
7340.0,475.45524472821415,403.54475527178585
7981.0,1.0,1.0
1.0,4041.8836389236108,1089.116361076389

940.0,3659.1962703223962,3739.803729677604
178.274747405988,17.29718546653331,8.965288051496756
117.72525259401186,8.70281453346669,11.034711948503244

Iteration: ,40000
Error:,0.06993779961638188
Absolute Error:,1
Transition Probabilities
0.8926352339181286,0.05773389744500019,0.049630868636871155
0.999811906329352,9.404683532399135e-05,9.404683532399135e-05
0.00014624159110851134,0.7860731947421736,0.2137805636667179

0.11416509476331627,0.4400998009152568,0.44573510432142693
0.8708042926989373,0.07639300205390354,0.05280270524715914
0.8563915537069259,0.05651965662685419,0.08708878966622008

Transition Gammas
9769.0,631.8397736380821,543.1602263619179
10631.0,1.0,1.0
1.0,5375.1685056469805,1461.8314943530163

1271.0,4899.631083589554,4962.368916410446
245.6122470788792,21.546812587943478,14.893118001753171
158.3877529211207,10.45318741205652,16.106881998246827

Iteration: ,50000
Error:,0.07027065606609384
Absolute Error:,1
Transition Probabilities
0.8920058139534883,0.05734768762948786,0.05064649841702377
0.9998494202680319,7.528986598403855e-05,7.528986598403855e-05
0.00011709601873536302,0.7878270258014439,0.21205587817982077

0.11448345468964026,0.4393520269609001,0.4461645183494597
0.8719295953980983,0.07607413915379184,0.05199626544810989
0.8583830690782328,0.05703311761487693,0.08458381330689023

Transition Gammas
12274.0,789.1041817817529,696.8958182182471
13280.0,1.0,1.0
1.0,6728.042800344329,1810.957199655669

1588.0,6094.251965974645,6188.748034025355
295.3551688533013,25.769156516449094,17.61308004937696
191.64483114669866,12.733361815733492,18.884401618440453

Iteration: ,60000
Error:,0.0697797074989
Absolute Error:,1
Transition Probabilities
0.891741003701681,0.05803592748419176,0.05022306881412731
0.9998746081504702,6.269592476489028e-05,6.269592476489028e-05
9.727626459143971e-05,0.7867500006929213,0.21315272304248722

0.11410202487532296,0.43858821460514236,0.4473097605195347
0.8754518977405578,0.07754463859067769,0.047003463668764484
0.8699602446960994,0.05321936904692614,0.07682038625697445

Transition Gammas
14695.0,956.374049011996,827.625950988004
15948.0,1.0,1.0
1.0,8087.79000712323,2191.2099928767684

1899.0,7299.423655673384,7444.576344326616
353.3206845068712,31.295979661941036,18.96996968137629
225.67931549312897,13.805815668832201,19.92823498785047

Iteration: ,70000
Error:,0.06489694098344294
Absolute Error:,1
Transition Probabilities
0.892511013215859,0.05761381556120038,0.04987517122294059
0.9998925482189868,5.3725890506635145e-05,5.3725890506635145e-05
8.372404554588076e-05,0.7895983248119989,0.21031795114245522

0.11236012994379416,0.4397350876395917,0.4479047824166141
0.8784502633023401,0.07839848151000908,0.043151255187650714
0.8770972314729201,0.052648757365783276,0.07025401116129668

Transition Gammas
17221.0,1111.6585712533613,962.3414287466387
18611.0,1.0,1.0
1.0,9430.962391554516,2512.0376084454856

2179.0,8527.782554594602,8686.217445405397
412.3566458766345,36.8013264129015,20.255793182478943
263.6433541233657,15.825491729158323,21.117388675461218

Iteration: ,80000
Error:,0.06683448125095359
Absolute Error:,1
Transition Probabilities
0.8929429361374246,0.05772259660901836,0.049334467253556995
0.9999059796916134,4.701015419330575e-05,4.701015419330575e-05
7.345379756133387e-05,0.789240143204493,0.21068640299794572

0.11228354978354978,0.44114575969792963,0.4465706905185205
0.8734870601969471,0.08058855099768276,0.045924388805370094
0.8723218731856158,0.05431809575140467,0.07336003106297946

Transition Gammas
19701.0,1273.533648984772,1088.466351015228
21270.0,1.0,1.0
1.0,10744.715309585974,2868.284690414035

2490.0,9782.848367061288,9903.15163293871
474.9304225265203,43.817425947328616,24.969905535508296
302.0695774734799,18.809392194731213,25.403276322431864

Iteration: ,90000
Error:,0.06650799491374886
Absolute Error:,1
Transition Probabilities
0.8921245273911994,0.058701235949508046,0.04917423665929253
0.999916600642175,4.169967891247237e-05,4.169967891247237e-05
6.57635144022096e-05,0.7914300631696464,0.2085041733159514

0.11273921050524462,0.4434366480038153,0.44382414149094
0.8732864743598903,0.07798260862214132,0.04873091701796843
0.8737866563526119,0.05097283486499764,0.0752405087823905

Transition Gammas
22180.0,1459.430128176669,1222.569871823331
23979.0,1.0,1.0
1.0,12034.48554055765,3170.514459442359

2816.0,11076.160593839299,11085.8394061607
525.9051275439141,46.9621996191975,29.346428557079754
337.09487245608614,19.664618522862337,29.026753300860406

Iteration: ,99999
Error:,0.06663842901872466
Absolute Error:,1
Transition Probabilities
0.891841155234657,0.059421793477421436,0.04873705128792152
0.9999248205089651,3.758974551742285e-05,3.758974551742285e-05
5.914709883480209e-05,0.7906170759234751,0.20932377697769

0.11306451030648713,0.44235083711818746,0.44458465257532537
0.8727562364753633,0.07723998582634221,0.05000377769829451
0.8735745838636902,0.050180403036149596,0.07624501310016017

Transition Gammas
24704.0,1645.9836793245738,1350.0163206754262
26601.0,1.0,1.0
1.0,13366.962902638208,3539.0370973618087

3132.0,12253.56053901091,12315.439460989088
589.5173396204137,52.172999806400234,33.77586176721784
373.4826603795866,21.45381833565959,32.59732009072231


Model Num 2
Model States: 
"['diamond', 'x', 'square']","['diamond', 'x', 'diamond']","['square', 'y', 'diamond', 'x', 'diamond']","['square', 'y', 'diamond', 'x', 'square']"
Iteration: ,0
Error:,0.5025955917835059
Absolute Error:,0.6
Transition Probabilities
0.25,0.25,0.25,0.25
0.25,0.25,0.25,0.25
0.25,0.25,0.25,0.25
0.25,0.25,0.25,0.25

0.25,0.25,0.25,0.25
0.25,0.25,0.25,0.25
0.25,0.25,0.25,0.25
0.25,0.25,0.25,0.25

Transition Gammas
1.0,1.0,1.0,1.0
1.0,1.0,1.0,1.0
1.0,1.0,1.0,1.0
1.0,1.0,1.0,1.0

1.0,1.0,1.0,1.0
1.0,1.0,1.0,1.0
1.0,1.0,1.0,1.0
1.0,1.0,1.0,1.0

Iteration: ,10000
Error:,0.055917590560689255
Absolute Error:,0.17562266059684783
Transition Probabilities
0.00026588673225206054,0.00026588673225206054,0.17712952766287654,0.8223386988726193
0.7475554001006585,0.250972929553499,0.0007358351729212655,0.0007358351729212655
0.07822280657258501,0.05614449152385989,0.6623193108992967,0.2033133910042583
0.09705043360536655,0.04426102838681045,0.6764492778896606,0.18223926011816236

0.04777274719459708,0.05413803826317777,0.2714841068074821,0.626605107734743
0.10466644542077685,0.1264190497492481,0.4692105795258133,0.29970392530416173
0.0009486913055830024,0.9038233257290257,0.047925207670676755,0.04730277529471445
0.8877712597373674,0.00032644653969723784,0.0528558756571146,0.05904641806582084

Transition Gammas
1.0,1.0,666.1841535400789,3092.8158464599223
1015.927788736795,341.0722112632052,1.0,1.0
21.720156758973037,15.58966253556108,183.90645756079937,56.45410740553199
31.379279404939542,14.310901300526343,218.7160850870789,58.923349946589596

3.311137581242697,3.752317034182127,18.816611594445316,43.430111154540974
2.688862418757303,3.247682965817873,12.053936566760022,7.699340684253698
1.0430324087317173,993.702603739713,52.691053983039026,52.00672480604335
2763.23828052475,1.0160833268054956,164.51690383579532,183.78531737512242

Iteration: ,20000
Error:,0.03725913911118754
Absolute Error:,0.16324796961630605
Transition Probabilities
0.00013408420488066506,0.00013408420488066506,0.18405158800441637,0.8156802435858223
0.7492880370637478,0.2499938300816741,0.00035906642728904834,0.00035906642728904834
0.06479323441764186,0.05478310209967376,0.6887163672028368,0.1917072962798475
0.07968860617766765,0.03759266968935665,0.7167638417529844,0.1659548823799913

0.039908013463858916,0.039314749857821574,0.23881407307719582,0.6819631636011236
0.09757419357953592,0.09926918984000793,0.482970818699582,0.32018579788087403
0.0004660914583229236,0.9093339853059861,0.043955623092454876,0.046244300143236085
0.8850569068598342,0.00016602219406380308,0.05206222962282105,0.06271484132328077

Transition Gammas
1.0,1.0,1372.6567433369373,6083.343256663063
2086.7671832225383,696.2328167774626,1.0,1.0
35.641518768616365,30.13513647278132,378.84969856095927,105.45451635268991
51.79114958554689,24.432195173055405,465.838532336425,107.85725274992542

5.6312978141213375,5.547584199789185,33.6983239949771,96.22973781885001
4.868274721226987,4.952843264862492,24.09689018694179,15.975047999231093
1.0513636675464677,2051.186943558126,99.15080887784782,104.31338342190146
5432.742599155485,1.0190936188451483,319.57345396289617,384.96235373735436

Iteration: ,30000
Error:,0.04167359578877193
Absolute Error:,0.1604070265934272
Transition Probabilities
8.94774516821761e-05,8.94774516821761e-05,0.18011476840789736,0.8197062766887383
0.755475164087254,0.2440352398295147,0.0002447980416156671,0.0002447980416156671
0.06365711345402053,0.05565157518868366,0.6946238995647843,0.1860674117925114
0.07760380505545322,0.03632773720949906,0.72487244787687,0.1611960098581777

0.05037427581220946,0.028562761747306067,0.20532694392321682,0.7157360185172676
0.13855024849870853,0.082644821626734,0.4453721784055239,0.3334327514690335
0.00031434955922042985,0.9034587446536471,0.04497430481003929,0.05125260097709325
0.8823896869597803,0.00011009779948371277,0.05080614553657713,0.06669406970415881

Transition Gammas
1.0,1.0,2012.9626517266606,9161.037348273338
3086.1160452964327,996.8839547035675,1.0,1.0
53.03502754943234,46.36532609090101,578.716119079473,155.0194436258114
78.0588802601967,36.54076609946995,729.1231605499762,162.14127674473855

10.988355361063114,6.230516888080161,44.78884090443911,156.12654652345324
10.511217174285209,6.269910576571514,33.78849003398645,25.29612253812122
1.0565011810886833,3036.445265450982,151.15467719530017,172.25547762958934
8182.477286776067,1.0209465918662393,471.1298624919562,618.4599826831538

Iteration: ,40000
Error:,0.04482749863896895
Absolute Error:,0.159039212323433
Transition Probabilities
6.723593088146307e-05,6.723593088146307e-05,0.18020573868803824,0.8196597894501989
0.7526630827313444,0.24697148697448418,0.00018271514708569347,0.00018271514708569347
0.06531556456254053,0.05901081632620058,0.6935736392605277,0.18209997985073115
0.07572822391424033,0.036577437741096064,0.7304538260467773,0.15724051229788638

0.05189407796433231,0.03295118968403307,0.20410365235025663,0.7110510800013781
0.13119900919475225,0.09687162049898886,0.457714185463622,0.3142151848426369
0.00023646357188507992,0.90261794577152,0.04320810715189322,0.05393748350470156
0.8811170684989698,8.27944131987834e-05,0.04901480374064725,0.06978533334718429

Transition Gammas
1.0,1.0,2680.1999515071916,12190.800048492803
4119.325051788646,1351.6749482113514,1.0,1.0
72.15171961273569,65.1870944116212,766.1654781042869,201.15919958242372
102.9401394745058,49.7210465011373,992.9325533647167,213.74276894857164

14.918940384087316,9.473081587820584,58.677412549479136,204.41886798475556
13.58063215126101,10.027345876831092,47.37877230435779,32.52494716140752
1.0597667182946158,4045.2931106403003,193.6472225089197,241.73342824503882
10877.625003548088,1.0221190933225364,605.100813245556,861.5185360004833

Iteration: ,50000
Error:,0.047695183476598096
Absolute Error:,0.16174504871521214
Transition Probabilities
5.382131324004308e-05,5.382131324004308e-05,0.1796395884422246,0.8202527689312953
0.7500833580106132,0.24962492670350578,0.00014585764294049018,0.00014585764294049018
0.06195627743146105,0.05983039919807301,0.6925716493276591,0.18564167404280676
0.07120391844656872,0.03622689196787274,0.7323044725073126,0.16026471707824597

0.0525073864719639,0.04653264211098082,0.20290420552174618,0.6980557658953092
0.1395683712656423,0.12228941608792886,0.44069595258948996,0.2974462600569388
0.00019020980808629514,0.9021150037841866,0.04187659951683902,0.055818186890888195
0.8813141154952714,6.631570993757556e-05,0.04678362599054597,0.07183594280424518

Transition Gammas
1.0,1.0,3337.703553256532,15240.296446743461
5142.571502520761,1711.4284974792345,1.0,1.0
84.62778369455056,81.72398813492967,946.0026677218832,253.573069378943
123.04553272388532,62.60269544663451,1265.4752140271896,276.9490488719842

18.451512611456714,16.3519399925496,71.30214925287014,245.30233998210315
18.226520857761656,15.970026538232034,57.551391471892984,38.844119293133765
1.0627212743595666,5040.207001341754,233.96876140156778,311.86180829441247
13597.70709894622,1.0231784376709756,721.8198733701151,1108.3495569339038

Iteration: ,60000
Error:,0.04574746044771949
Absolute Error:,0.16112416352671205
Transition Probabilities
4.492968504290781e-05,4.492968504290781e-05,0.18012749611801704,0.8197826445118972
0.7499721263753202,0.24978583078309685,0.00012102142079148014,0.00012102142079148014
0.06111340627698143,0.062240432084389,0.6932900822767867,0.18335607936184287
0.06997918704052303,0.03891886954911582,0.731466756301384,0.1596351871089772

0.051463979143102204,0.04314496238778847,0.19620993574611484,0.7091811227229945
0.13347343931532282,0.10868879563884416,0.4398877701396757,0.3179499949061572
0.00015848111777747227,0.9038631818270806,0.039791160920474036,0.05618717613466778
0.8803989897106135,5.547115814033308e-05,0.045025342113280305,0.07452019701796582

Transition Gammas
1.0,1.0,4009.0976810987086,18245.90231890131
6197.0196802392675,2063.9803197607284,1.0,1.0
99.36351217114678,101.19592913746662,1127.211551852112,298.11632394947094
148.0838452347688,82.3567134566179,1547.8660801216265,337.80604407679414

21.771949532115713,18.252571202471113,83.00704473094838,300.0206332689624
21.482256585145677,17.4932226802675,70.79896940756555,51.173352592523706
1.065155635773382,6074.8875045354425,267.4374077038043,377.63544425568364
16253.02328819354,1.0240516352412523,831.2116920608548,1375.7154559796609

Iteration: ,70000
Error:,0.04274875705403008
Absolute Error:,0.16141265717822068
Transition Probabilities
3.8398034020658145e-05,3.8398034020658145e-05,0.18009672382726769,0.819826480104691
0.7496902416014709,0.250101403361546,0.00010417751849150962,0.00010417751849150962
0.06099311020239065,0.06290305709504669,0.6887351363366521,0.18736869636591075
0.07066310971902139,0.04002097281036171,0.7285213193693979,0.16079459810121902

0.047095758475800296,0.042283114876651394,0.19560571544329422,0.715015411204254
0.12032894320519705,0.10919038976577722,0.44677104796104805,0.3237096190679777
0.00013698430930021507,0.9056914557030874,0.03775433250496983,0.05641722748264257
0.8823460571136225,4.736815512218164e-05,0.04251542375949062,0.07509115097176479

Transition Gammas
1.0,1.0,4690.258978633532,21350.741021366466
7196.276629132514,2400.7233708674785,1.0,1.0
111.5226817265679,115.01491877953227,1259.315833357293,342.5937687223955
172.66903942790233,97.7933600659976,1780.180307920987,392.91008999932814

23.570929873702436,21.162252564875335,97.89859534757038,357.8576640775842
22.68327624355895,20.583541317863276,84.22105961026239,61.022680964583074
1.0671936753279105,7055.904418998635,294.1299267876623,439.52558257646814
19089.00360699559,1.0247803304544192,919.7945306773815,1624.5499599584916

Iteration: ,80000
Error:,0.04581647796413964
Absolute Error:,0.16147816956946442
Transition Probabilities
3.357281944537699e-05,3.357281944537699e-05,0.18056808970542726,0.8193647646556821
0.7486334073912807,0.25118462554475784,9.098353198071155e-05,9.098353198071155e-05
0.061788933252249156,0.0641068346016615,0.6886606378067511,0.1854435943393381
0.07274899841185632,0.042187320985499495,0.7251498680097211,0.15991381259292317

0.04638256304581165,0.04826166062914989,0.18982572441600296,0.7155300519090355
0.11668501712515077,0.11865944600243457,0.4467576560376576,0.3178978808347571
0.00012033462310756749,0.9065809756839723,0.036243267085559645,0.057055422607360406
0.8827876203235885,4.146190503927138e-05,0.040592536657136455,0.07657838111423572

Transition Gammas
1.0,1.0,5378.401119965862,24405.59888003417
8228.22978063756,2760.7702193624314,1.0,1.0
126.99180433939885,131.75567481181693,1415.3708822836356,381.1332452074474
203.96988741562433,118.28263343315997,2033.1377773758068,448.35809513311335

26.46297566190835,27.535070655130614,108.3026291639659,408.2364816780573
24.791230455353038,25.210723227607996,94.91940166271458,67.54148749526216
1.068631892342607,8050.894402527491,321.85841522683484,506.68080935283547
21830.01167495508,1.0252906251012002,1003.7924510274795,1893.6683243928546

Iteration: ,90000
Error:,0.04482203102445364
Absolute Error:,0.16135226450469112
Transition Probabilities
2.9865902099572867e-05,2.9865902099572867e-05,0.1806708507981129,0.8192694173976881
0.7489561597605942,0.2508823676090167,8.073631519457458e-05,8.073631519457458e-05
0.06196068727606663,0.06384692166084374,0.6894649485785997,0.1847274424844898
0.07125973210169015,0.04130307937715524,0.7287073683968773,0.15872982012427736

0.04544956719756628,0.046443891482176196,0.1877077375098801,0.7203988038103775
0.11260680038985403,0.11641392253585912,0.4449270481803877,0.3260522288938992
0.00010687690457718083,0.9071526812520107,0.034847388898778475,0.05789305294463352
0.8823200362831543,3.692097523016902e-05,0.039049208567874694,0.0785938341737408

Transition Gammas
1.0,1.0,6049.402097273225,27431.597902726837
9276.570994794713,3107.429005205279,1.0,1.0
141.53773249476203,145.84648614989018,1574.9551812044972,421.97568310238154
228.29372892709972,132.32205242824813,2334.548805075162,508.52033061796476

29.04155468663307,29.676912179966745,119.94227580431733,460.3234430396165
26.68959248893266,27.59194064446752,105.45474662388327,77.279534532183
1.0700256471459304,9082.192627649292,348.8836059135135,579.6112049409161
24513.711562294106,1.0257844094798652,1084.9136324742217,2183.5915566713506

Iteration: ,99999
Error:,0.04479291623888033
Absolute Error:,0.1611341458579315
Transition Probabilities
2.684852064651234e-05,2.684852064651234e-05,0.1808578834794243,0.8190884194792827
0.7503901761989321,0.2494640512063157,7.288629737609337e-05,7.288629737609337e-05
0.061344912184780505,0.06429548313818391,0.6888611989226623,0.18549840575437335
0.07073692064977871,0.041620015001808626,0.7279635215223567,0.15967954282605606

0.043261941807923324,0.04840921488711241,0.18669003847574503,0.7216388048292192
0.10959739858683176,0.11704456237877987,0.44850073705157883,0.3248573019828095
9.648225230681879e-05,0.9074310445605429,0.03348377208189722,0.05898870110525302
0.8827257797787947,3.319632662712072e-05,0.03737988313879526,0.07986114075578285

Transition Gammas
1.0,1.0,6736.232728074647,30507.767271925404
10295.353217449338,3422.646782550648,1.0,1.0
153.82131175345395,161.21981764921676,1727.3076031989112,465.13406059437256
253.06255078091618,148.89631981641313,2604.3020241719028,571.2563120348201

30.314360599718295,33.921140270416814,130.81680826662554,505.6642868567712
28.416786575847436,30.347712554017463,116.28879780214332,84.23010707446007
1.0712176785648508,10074.973933243506,371.7617255150825,654.9364048693452
27287.928642510815,1.0262065671417846,1155.533923584342,2468.7679460312343


Model Num 3
Model States: 
"['diamond', 'x', 'square']","['square', 'y', 'diamond', 'x', 'diamond']","['square', 'y', 'diamond', 'x', 'square']","['diamond', 'x', 'diamond', 'x', 'square']","['diamond', 'x', 'diamond', 'x', 'diamond']"
Iteration: ,0
Error:,0.5448448769305672
Absolute Error:,1
Transition Probabilities
0.2,0.2,0.2,0.2,0.2
0.2,0.2,0.2,0.2,0.2
0.2,0.2,0.2,0.2,0.2
0.2,0.2,0.2,0.2,0.2
0.2,0.2,0.2,0.2,0.2

0.2,0.2,0.2,0.2,0.2
0.2,0.2,0.2,0.2,0.2
0.2,0.2,0.2,0.2,0.2
0.2,0.2,0.2,0.2,0.2
0.2,0.2,0.2,0.2,0.2

Transition Gammas
1.0,1.0,1.0,1.0,1.0
1.0,1.0,1.0,1.0,1.0
1.0,1.0,1.0,1.0,1.0
1.0,1.0,1.0,1.0,1.0
1.0,1.0,1.0,1.0,1.0

1.0,1.0,1.0,1.0,1.0
1.0,1.0,1.0,1.0,1.0
1.0,1.0,1.0,1.0,1.0
1.0,1.0,1.0,1.0,1.0
1.0,1.0,1.0,1.0,1.0

Iteration: ,10000
Error:,0.0673361303317101
Absolute Error:,1
Transition Probabilities
0.00029797377830750925,0.15046955075336801,0.8486365279117095,0.00029797377830750925,0.00029797377830750925
0.07784263325015821,0.6415022281686632,0.19132458338856936,0.07417217219738599,0.015158382995223273
0.04345025759294097,0.7522678872568563,0.14556795123472668,0.044152394876716954,0.01456150903875901
0.9968659545160536,0.0007760259616140634,0.0007760259616140634,0.0007990678763294344,0.0007829256843887423
0.00305563046482885,0.0027443627391960995,0.0027443627391960995,0.7837512666172378,0.2077043774395412

0.026019914664400567,0.1770422427409091,0.7403518647630947,0.040084340981321444,0.016501636850273973
0.0009280448229598292,0.08679717616855796,0.03167556880653407,0.683549483254386,0.19704972694756206
0.9026163252129312,0.07848882186240326,0.017857165615654716,0.0005317802178342912,0.0005059070911765456
0.13599440217607603,0.3536124257779801,0.3830499350814215,0.08287443771871578,0.04446879924580674
0.21127417946349872,0.2443562922383838,0.2981307419071312,0.15255455902856227,0.09368422736242407

Transition Gammas
1.0,504.9758123283025,2848.024187671694,1.0,1.0
34.44038550122907,283.8236980887497,84.64888882405562,32.816441290368694,6.7066147705082155
35.74061644943766,618.7884609927872,119.73895209440718,36.31816928213627,11.977772706320085
1284.5780989629047,1.0,1.0,1.0296921956933578,1.008891097870396
1.1134207665725449,1.0,1.0,285.58588681568403,75.68401016127468

1.7670651349934066,12.023297485926138,50.27879548122095,2.7222088281553667,1.1206595995618847
1.2795126516730884,119.6688805212752,43.67169562741701,942.4223811509227,271.67612210153624
2067.245388144778,179.76148944314002,40.89793440816758,1.2179263460199763,1.1586696050702792
3.2659167040048223,8.492031360207955,9.19897555658694,1.9902364078936738,1.0679218551649048
2.3394160841804186,2.70573073238194,3.3011693836760627,1.6892200931166241,1.0373552929288974

Iteration: ,20000
Error:,0.05526763127487958
Absolute Error:,1
Transition Probabilities
0.00014997000599880034,0.14938051849688377,0.8501695714851197,0.00014997000599880034,0.00014997000599880034
0.07568051293528186,0.6539832028726555,0.1900881441612385,0.06826827139043731,0.011979868640386714
0.05088100520598876,0.7447790130022065,0.154955641949797,0.03788597796992622,0.011498361872081475
0.9984329179355613,0.0003873794898492009,0.0003873794898492009,0.00040090905579577313,0.00039141402894453235
0.0015885534858903095,0.0013936271747532032,0.0013936271747532032,0.7551540801076634,0.24047011205694

0.027191167828308962,0.15757533657299128,0.770034082254869,0.029071524171446435,0.01612788917238417
0.00046891579452020053,0.08603857796176163,0.019513144498610104,0.7052826181825815,0.18869674356252658
0.8954046002691793,0.09326231169543514,0.010810603983906788,0.00026801859634806936,0.00025446545513083406
0.1317877527506086,0.39728466284223785,0.36015777977639757,0.07788474499660078,0.03288505963415514
0.2108938778334077,0.27495342550280866,0.2931394245079035,0.1401165403031343,0.08089673185274579

Transition Gammas
1.0,996.0692973372203,5668.930702662775,1.0,1.0
71.26859940398072,615.8582321227228,179.00665933988083,64.28846603996917,11.281483514443785
82.79848471962686,1211.9763255051362,252.15878303226052,61.65172160674684,18.71124471523257
2577.4026351375273,1.0,1.0,1.034925870628409,1.0104149527815787
1.1398697690948985,1.0,1.0,541.8623386426095,172.54981562735725

3.8110789462857144,22.08555555462363,107.92698192788441,4.074627261536273,2.260464105881883
1.2872515734537293,236.19015642738785,53.566815731952836,1936.1176795378415,518.0038354327459
4080.2103602291977,424.98089722148296,49.26213061917615,1.2213163225035106,1.1595569042566214
6.575349167097636,19.821913056395978,17.96952378236477,3.885940707344262,1.640749955609206
3.785084416809802,4.934813361634223,5.261212317096925,2.5147858187597087,1.4519196206755127

Iteration: ,30000
Error:,0.05142675041467051
Absolute Error:,1
Transition Probabilities
0.0001007252215954876,0.14947025159399474,0.8502275727412189,0.0001007252215954876,0.0001007252215954876
0.06918598398791685,0.6799984105566086,0.17554710509623248,0.06586035408314947,0.009408146276092528
0.04972576231724359,0.754568818400169,0.1478310807381356,0.038294108029563276,0.009580230514888578
0.998968923095335,0.00025463206542364634,0.00025463206542364634,0.00026428181427286165,0.00025753095954490773
0.0010794373069654747,0.0009339118748839373,0.0009339118748839373,0.7407248415640982,0.25632789737916845

0.03161868276193016,0.14970389327622008,0.7731028380335131,0.029521262671734688,0.01605332325660204
0.00030851516564032826,0.08947492335263024,0.015804973102393455,0.7122503835996283,0.18216120477970765
0.891614327486623,0.09972680593577007,0.008304483150980787,0.00018188091385558733,0.0001725025127706515
0.13231582780843226,0.4243828050151314,0.3506793012159978,0.0663313739231536,0.02629069203728472
0.2171881817348678,0.30173954174260703,0.28556769822712713,0.12777879381859422,0.06772578447680398

Transition Gammas
1.0,1483.9406578251785,8441.059342174813,1.0,1.0
101.6969915047974,999.5347120267694,258.0379930533508,96.80862341810088,13.829104057879299
121.08683465163233,1837.4449277213935,359.9823671984883,93.24969816499956,23.328748202590436
3923.1858777616703,1.0,1.0,1.0378968329584117,1.0113846389159131
1.1558235161102568,1.0,1.0,793.1421170291388,274.4669002212054

6.528244570348334,30.909055756655142,159.62095710039867,6.095194546770367,3.31449672255611
1.2909963077659243,374.4120502022587,66.13665774640455,2980.445429719865,762.2621802098352
5995.618359177546,670.6081880224274,55.843104028908755,1.2230495996744848,1.1599849853102484
9.87610242653939,31.676089851167685,26.174833011593343,4.950998333370973,1.9623469975243613
5.4061788678820895,7.510804322514489,7.1082599576705,3.1806289338009828,1.685808601207393

Iteration: ,40000
Error:,0.050536192881540806
Absolute Error:,1
Transition Probabilities
7.554011179936546e-05,0.1496698586511792,0.8501035210134227,7.554011179936546e-05,7.554011179936546e-05
0.072839902413678,0.6807647320246191,0.17539727039195152,0.061653026877275245,0.009345068292476172
0.05111446709387701,0.7506353570850729,0.14974146057055623,0.03897468666324326,0.009534028587250611
0.9992281355440863,0.00019052311372459325,0.00019052311372459325,0.00019802761215121875,0.00019279061631342228
0.000812779678647518,0.0006981811665293571,0.0006981811665293571,0.7335839267008989,0.2642069312873948

0.036919507730380184,0.14368847086508402,0.7729945192038392,0.030987784186526424,0.015409718014170081
0.00023225257060856228,0.08908127377111186,0.012671856343713307,0.7171911154077081,0.18082350190685828
0.8900961646669384,0.10310835072353836,0.00652894377515908,0.000136858758831085,0.00012968207553288883
0.12344134257716792,0.4525976462501537,0.32486508737437264,0.07136797775109498,0.0277279460472108
0.20928106978765407,0.3150640082027959,0.2694422255153704,0.13601985419870213,0.07019284229547743

Transition Gammas
1.0,1981.3295888243103,11253.67041117569,1.0,1.0
144.91143579630938,1354.3482553959677,348.9443209698526,122.65569214020148,18.59155790992647
164.6166324818791,2417.457751799189,482.24967183499905,125.51987793898114,30.70480373270228
5244.655706123404,1.0,1.0,1.0393889133970038,1.0119014567025542
1.164138647119096,1.0,1.0,1050.7071256985178,378.4217391608564

9.906639952590231,38.55603808680524,207.4182148635917,8.314976004186425,4.134901506601283
1.2941982888976074,496.3942133570598,70.61232844148098,3996.4574426071104,1007.6162608109437
7964.2471907116405,922.5749140219306,58.4185441795291,1.2245609281471344,1.160346653257327
12.038423488313413,44.13887617891963,31.681958545904553,6.96005018849433,2.704124485431272
6.518225652589371,9.812919546707334,8.391992778071439,4.236446725922409,2.1862119958712674

Iteration: ,50000
Error:,0.049790514258808045
Absolute Error:,1
Transition Probabilities
6.0390120176339084e-05,0.14971065293506905,0.8501081767044019,6.0390120176339084e-05,6.0390120176339084e-05
0.07206619661298276,0.6823290343271946,0.17745424474368887,0.05965943009084491,0.00849109422528891
0.0522252588405164,0.7481770420632345,0.14934402654640333,0.040900197621605516,0.009353474928240334
0.9993811751249365,0.00015268812037703825,0.00015268812037703825,0.0001588800712401885,0.00015456856306927055
0.0006440237188013465,0.0005501451805207554,0.0005501451805207554,0.7265181321966608,0.2717375537234964

0.04068551880263454,0.14359468148214202,0.7717133464383121,0.02919981723010966,0.014806636046801708
0.00018691405735244126,0.08889968706305905,0.010850313305651045,0.7170740913213117,0.18298899425262566
0.8881407997205962,0.10625443402667269,0.005392041154179221,0.00010925615963067565,0.00010346893892109767
0.12694227348262388,0.46609620582813777,0.3134376486111181,0.06816490181181362,0.025358970266306707
0.21877397067081927,0.3201419388037214,0.26340234222565984,0.1312877560593414,0.06639399224045822

Transition Gammas
1.0,2479.058701951811,14076.941298048207,1.0,1.0
182.375623712438,1726.7483100406837,449.0777935645852,150.97821564772738,21.488141155199664
206.98603517767987,2965.273949537439,591.8999468572962,162.10105859948263,37.07092570747241
6545.245122260519,1.0,1.0,1.0405529313469852,1.0123155795459977
1.1706432076560733,1.0,1.0,1320.5934686348696,493.9378973860601

13.136434856897216,46.363478569306515,249.16880506949798,9.427961303317634,4.780728268997807
1.2961408626095394,616.4679035261792,75.2406461385213,4972.4940138003885,1268.9228205636216
9961.900977011845,1191.8111975884317,60.48025274686679,1.225480288386474,1.1605674731447184
14.701116895622299,53.97835266770623,36.299046687168165,7.894140873814252,2.9368088030077337
7.944366763510144,11.625354563156991,9.564962443164035,4.767468828652464,2.410973406180448

Iteration: ,60000
Error:,0.04650505654215807
Absolute Error:,1
Transition Probabilities
5.0428643469490655e-05,0.14998316999247777,0.8498655440771138,5.0428643469490655e-05,5.0428643469490655e-05
0.07546850267306332,0.684914137187559,0.1745073442614895,0.0573317817344935,0.007778234143394905
0.05387211700027175,0.7492884641300581,0.14752946786154245,0.039484540662757306,0.009825410345370288
0.9994860183652883,0.00012675940742335436,0.00012675940742335436,0.00013207727717479064,0.0001283855426901102
0.0005423286094614089,0.00046018498599425736,0.00046018498599425736,0.7234770814738453,0.2750602199447047

0.03923843832827377,0.14150324537676331,0.7788981503933489,0.025522946956122956,0.014837218945491101
0.0001551723680309556,0.08945472555104121,0.009490919580418129,0.7204765743968663,0.18042260810364347
0.8875409374433058,0.10747029250132402,0.00481026256016521,9.170372914238628e-05,8.680376606267104e-05
0.11637670795911277,0.5012811314513469,0.299849033041999,0.05749676610762793,0.02499636143991337
0.20981399965195202,0.34779459099485377,0.26092012923297614,0.11625766827548416,0.0652136118447339

Transition Gammas
1.0,2974.1662609508353,16852.833739049172,1.0,1.0
231.76724896159857,2103.4028730972313,535.9200947485598,176.0685432998936,23.887315440766766
257.02138802098114,3574.820738487875,703.8562936663337,188.37892423016459,46.876580046595166
7884.906049041228,1.0,1.0,1.0419524661682547,1.0128285174237588
1.1785013113578124,1.0,1.0,1572.144036621989,597.7166320418311

15.376100601501173,55.4499166900901,305.22153350179485,10.001504054796811,5.814160320136444
1.2978262897031405,748.178918911389,79.37988638845606,6025.901719699078,1509.0135378162365
11868.399873249593,1437.1172664723276,64.32392822782762,1.226283184711731,1.1607597606748146
16.476372231552414,70.9703398496882,42.452002366373684,8.14027254347681,3.5389328564194593
8.929445682976073,14.801743040374536,11.104464551678364,4.947794407510729,2.7754173016300854

Iteration: ,70000
Error:,0.04749281362633015
Absolute Error:,1
Transition Probabilities
4.3306916114503365e-05,0.14985458011965794,0.8500154991319985,4.3306916114503365e-05,4.3306916114503365e-05
0.07679014256442401,0.6839227179590028,0.17561493013835477,0.0558271860550334,0.007845023283185006
0.05304166149319874,0.7504752954937145,0.1464220804617432,0.03975297223711993,0.01030799031422365
0.9995595206313799,0.00010859880456466532,0.00010859880456466532,0.00011325290406152216,0.00011002885542933701
0.00046220971718930804,0.0003905036527948426,0.0003905036527948426,0.7179874387589443,0.2807693442182767

0.038907406882566095,0.13273116680005997,0.7875862835495218,0.027822204093237057,0.01295293867461504
0.00013307543019492544,0.09098365202090883,0.008572282224629676,0.7197918678603589,0.1805191224639077
0.8859770250476485,0.10958438100712842,0.004285149521969045,7.884400696217988e-05,7.460041629186872e-05
0.11726849645171891,0.5069516139114338,0.2962100644535149,0.057346535225951685,0.02222328995738097
0.21273051396273576,0.351216901973878,0.2595696157681955,0.11811085600115491,0.05837211229403577

Transition Gammas
1.0,3460.292109543031,19627.707890457033,1.0,1.0
280.0510314098688,2494.242830821292,640.4616617941189,203.5998438511301,28.61053240065534
294.6482383006795,4168.915857467224,813.3796499173576,220.82911634254003,57.26123769512602
9204.148467731895,1.0,1.0,1.042855899892393,1.0131682007956189
1.1836245676097104,1.0,1.0,1838.6190080945303,718.9928755052732

17.568013692057086,59.932623182631744,355.6219167943118,12.562668695153048,5.848691090486894
1.2992360658682796,888.2875068434818,83.69252097646157,7027.4396503775815,1762.4361923193328
13787.437042922773,1705.3351399740736,66.68483220598343,1.2269582071209544,1.1609201073184197
18.73122809575421,80.97508368409376,47.313459705021366,9.159928406353842,3.5497130587085755
10.155047108826647,16.765926610724268,12.390990023216878,5.63821938100367,2.786490471656026

Iteration: ,80000
Error:,0.04927867741663181
Absolute Error:,1
Transition Probabilities
3.787735313056314e-05,0.14958929036761026,0.8502970775729981,3.787735313056314e-05,3.787735313056314e-05
