0,1,2,3,4,5,6,7,8,9,10,11,12,13,14,15,16,17,18,19,20,21,22,23,24,25,26,27,28,29
github Code Version (SHA):,0223d720dafbf5413b6775610c21cd8ff219e6c5
Environment Observations,Environment Actions,alpha,epsilon,numActions,explore,patience,gainThresh,insertRandActions,useBudd,revisedSplitting,haveControl,confidence_factor
"['diamond', 'square']","['x', 'y']",0.85,0.99,100000,0.5,0,0.0001,False,False,False,False,

Model Num 0
Model States: 
['diamond'],['square']
Iteration: ,0
Error:,0.5060183907673104
Absolute Error:,1
Transition Probabilities
0.5,0.5
0.5,0.5

0.5,0.5
0.5,0.5

Transition Gammas
1.0,1.0
1.0,1.0

1.0,1.0
1.0,1.0

Iteration: ,10000
Error:,0.0945809417263406
Absolute Error:,1
Transition Probabilities
0.4675260287555776,0.5324739712444224
0.11782786885245902,0.882172131147541

0.12375059495478344,0.8762494050452165
0.8682432432432432,0.13175675675675674

Transition Gammas
943.0,1074.0
345.0,2583.0

260.0,1841.0
2570.0,390.0

Iteration: ,20000
Error:,0.08788458887017837
Absolute Error:,1
Transition Probabilities
0.465703086722195,0.534296913277805
0.11325260105747911,0.8867473989425209

0.1238620028749401,0.8761379971250599
0.8788856803125531,0.12111431968744692

Transition Gammas
1901.0,2181.0
664.0,5199.0

517.0,3657.0
5174.0,713.0

Iteration: ,30000
Error:,0.08838995950765814
Absolute Error:,1
Transition Probabilities
0.46603834904127395,0.533961650958726
0.11342909256725946,0.8865709074327406

0.12147887323943662,0.8785211267605634
0.8808876811594203,0.11911231884057971

Transition Gammas
2868.0,3286.0
995.0,7777.0

759.0,5489.0
7780.0,1052.0

Iteration: ,40000
Error:,0.08727742557955602
Absolute Error:,1
Transition Probabilities
0.46593512600988785,0.5340648739901122
0.11447232726022688,0.8855276727397731

0.11928597274152695,0.880714027258473
0.8824028508399796,0.11759714916002037

Transition Gammas
3864.0,4429.0
1332.0,10304.0

989.0,7302.0
10400.0,1386.0

Iteration: ,50000
Error:,0.08160183772011109
Absolute Error:,1
Transition Probabilities
0.4667944417824629,0.5332055582175371
0.11452802868372061,0.8854719713162794

0.12139897870700453,0.8786010212929954
0.8865817959016952,0.11341820409830486

Transition Gammas
4871.0,5564.0
1661.0,12842.0

1260.0,9119.0
13023.0,1666.0

Iteration: ,60000
Error:,0.08130924135995296
Absolute Error:,1
Transition Probabilities
0.46952,0.53048
0.11441188277800081,0.8855881172219991

0.11840732118487597,0.881592678815124
0.8867817397229162,0.1132182602770838

Transition Gammas
5869.0,6631.0
1995.0,15442.0

1475.0,10982.0
15618.0,1994.0

Iteration: ,70000
Error:,0.08573561731221069
Absolute Error:,1
Transition Probabilities
0.4722203285840889,0.5277796714159111
0.11472661835034265,0.8852733816496573

0.1177646085997795,0.8822353914002206
0.8868659332100087,0.11313406678999123

Transition Gammas
6927.0,7742.0
2327.0,17956.0

1709.0,12803.0
18218.0,2324.0

Iteration: ,80000
Error:,0.08193550206753977
Absolute Error:,1
Transition Probabilities
0.474596533173939,0.525403466826061
0.11509149623250807,0.884908503767492

0.11932399109881518,0.8806760089011848
0.8862704918032787,0.11372950819672131

Transition Gammas
7940.0,8790.0
2673.0,20552.0

1984.0,14643.0
20760.0,2664.0

Iteration: ,90000
Error:,0.08258406191882765
Absolute Error:,1
Transition Probabilities
0.47485112717992345,0.5251488728200766
0.11444910407929851,0.8855508959207015

0.11954367736061272,0.8804563226393873
0.8865650074152945,0.11343499258470548

Transition Gammas
8931.0,9877.0
3002.0,23228.0

2232.0,16439.0
23314.0,2983.0

Iteration: ,99999
Error:,0.08631812214932358
Absolute Error:,1
Transition Probabilities
0.47506938463010817,0.5249306153698918
0.11395324818397769,0.8860467518160223

0.12037527062785663,0.8796247293721434
0.8861827497865072,0.11381725021349275

Transition Gammas
9928.0,10970.0
3310.0,25737.0

2502.0,18283.0
25943.0,3332.0


Model Num 1
Model States: 
['square'],"['diamond', 'x', 'square']","['diamond', 'x', 'diamond']"
Iteration: ,0
Error:,0.5692673084566197
Absolute Error:,1
Transition Probabilities
0.3333333333333333,0.3333333333333333,0.3333333333333333
0.3333333333333333,0.3333333333333333,0.3333333333333333
0.3333333333333333,0.3333333333333333,0.3333333333333333

0.3333333333333333,0.3333333333333333,0.3333333333333333
0.3333333333333333,0.3333333333333333,0.3333333333333333
0.3333333333333333,0.3333333333333333,0.3333333333333333

Transition Gammas
1.0,1.0,1.0
1.0,1.0,1.0
1.0,1.0,1.0

1.0,1.0,1.0
1.0,1.0,1.0
1.0,1.0,1.0

Iteration: ,10000
Error:,0.0701720372177657
Absolute Error:,1
Transition Probabilities
0.8749542961608775,0.07564439940610783,0.04940130443301461
0.9989594172736732,0.0005202913631633715,0.0005202913631633715
0.0007052186177715095,0.8334168274290003,0.16587795395322827

0.11083830235005268,0.4009874649440876,0.4881742327058598
0.8819500433903968,0.06430602402037136,0.05374393258923171
0.8693141750247751,0.08357244071116086,0.04711338426406393

Transition Gammas
2393.0,206.88743237570492,135.11256762429497
1920.0,1.0,1.0
1.0,1181.7850612943218,235.21493870567755

316.0,1143.215262555593,1391.7847374444054
580.494970548447,42.32589339900889,35.3739792852801
374.5050294515535,36.00343842199458,20.29668889371644

Iteration: ,20000
Error:,0.07048918821516577
Absolute Error:,1
Transition Probabilities
0.8817476078714569,0.06931322951632725,0.048939162612215766
0.9994783515910276,0.0002608242044861763,0.0002608242044861763
0.0003577817531305902,0.8402521577321445,0.159390060514725

0.1152162493433724,0.3969167249257272,0.4878670257309003
0.8850549388922738,0.06374034993222354,0.051204711175502744
0.8671501101629379,0.0851875586576495,0.04766233117941267

Transition Gammas
4884.0,383.92597829093665,271.0740217090631
3832.0,1.0,1.0
1.0,2348.5047808613444,445.4952191386565

658.0,2266.791416050829,2786.2085839491724
1125.415320682183,81.0507497411968,65.11072241474844
749.5846793178183,73.63810266513556,41.20042517891924

Iteration: ,30000
Error:,0.07014274562842022
Absolute Error:,1
Transition Probabilities
0.8870372574693489,0.06686583430542672,0.046096908225224345
0.9996481970096746,0.00017590149516270889,0.00017590149516270889
0.000241196333815726,0.848165218138966,0.15159358552721836

0.11565420560747663,0.3908809400717496,0.4934648543207738
0.8848812503991402,0.06537300026988649,0.04974574933097334
0.8712219604961978,0.08276927986592568,0.04600875963787655

Transition Gammas
7452.0,561.7398739998899,387.2601260001097
5683.0,1.0,1.0
1.0,3516.492994404153,628.5070055958473

990.0,3345.9408470141766,4224.059152985824
1687.6859202079447,124.68237073332931,94.87736427708025
1146.3140797920573,108.90403959803987,60.53622539155058

Iteration: ,40000
Error:,0.06689113230393205
Absolute Error:,1
Transition Probabilities
0.8873427883328875,0.06669729708209218,0.04595991458502039
0.9997359735973598,0.000132013201320132,0.000132013201320132
0.0001807991321641656,0.8427168733954723,0.15710232747236352

0.11430076376086376,0.39379740693831333,0.4919018293008228
0.879997839968458,0.06827777939350795,0.05172438063803398
0.8725171407156777,0.08080999006878208,0.046672869215540244

Transition Gammas
9948.0,747.7433975873353,515.2566024126635
7573.0,1.0,1.0
1.0,4661.067026750357,868.9329732496427

1302.0,4485.74626243433,5603.253737565677
2243.1583183739067,174.0434599386466,131.84802214412585
1533.8416816260935,142.05993816650926,82.0485797507183

Iteration: ,50000
Error:,0.06495067586902248
Absolute Error:,1
Transition Probabilities
0.8864960909737031,0.06739251760070063,0.04611139142559638
0.9997887844545359,0.00010560777273207308,0.00010560777273207308
0.000145623998835008,0.8415844447851918,0.15826993121597324

0.11253340835560552,0.39584371570110216,0.49162287594329224
0.8827845761050059,0.06722274830755814,0.049992675587435885
0.876876079449627,0.07884667826539843,0.04427724228497459

Transition Gammas
12473.0,948.2127226418578,648.787277358141
9467.0,1.0,1.0
1.0,5779.160382339913,1086.8396176600884

1600.0,5628.105949838274,6989.894050161733
2803.076917527927,213.4501884311266,158.74010350622027
1942.9230824720673,174.70317045738457,98.10653760526867

Iteration: ,60000
Error:,0.06792803750421177
Absolute Error:,1
Transition Probabilities
0.8853514471352628,0.06722712969133432,0.047421423173402824
0.9998232903339813,8.835483300936562e-05,8.835483300936562e-05
0.00012162490878131839,0.8409101382432915,0.15896823684792727

0.11104579389806596,0.39761108898467873,0.4913431171172553
0.8804756284706821,0.06743629438602641,0.052088077143291604
0.8774915751286313,0.07665853253912029,0.04584989233224842

Transition Gammas
14989.0,1138.15530567429,802.8446943257098
11316.0,1.0,1.0
1.0,6913.963156636344,1307.0368433636584

1889.0,6763.76223471837,8358.23776528163
3384.3556599696276,259.21035996094696,200.2151712058472
2360.6443400303665,206.22822609662163,123.34624273658439

Iteration: ,70000
Error:,0.06688820821861968
Absolute Error:,1
Transition Probabilities
0.8866400847928128,0.06644643086323236,0.04691348434395488
0.9998480704952902,7.596475235490732e-05,7.596475235490732e-05
0.0001047120418848167,0.8407663587839344,0.15912892917418092

0.11209588075334886,0.3980454486935913,0.48985867055305976
0.8810539364640994,0.06723531339608174,0.051710750139818885
0.8783701251847982,0.0747624256128471,0.04686744920235473

Transition Gammas
17567.0,1316.5031346932228,929.496865306778
13162.0,1.0,1.0
1.0,8029.3187263865775,1519.6812736134286

2226.0,7904.386520157331,9727.613479842654
3951.215445781334,301.5266123873358,231.90443423405236
2762.7845542186606,235.15425763784881,147.41469574076345

Iteration: ,80000
Error:,0.06611970281402993
Absolute Error:,1
Transition Probabilities
0.8864682961388594,0.06610689262385966,0.04742481123728102
0.9998675759782825,6.621201085876978e-05,6.621201085876978e-05
9.144947416552351e-05,0.8407176344780064,0.15919091604782798

0.11200105619856547,0.39897817390360674,0.4890207698978278
0.8816123425904422,0.06662529234691011,0.05176236506264755
0.8803322078537027,0.07327708119445937,0.04639071095183791

Transition Gammas
20020.0,1492.9580630172466,1071.0419369827546
15101.0,1.0,1.0
1.0,9193.247333017005,1740.7526669829997

2545.0,9065.981045611645,11112.018954388326
4490.0734881893595,339.3242634633796,263.6270068212321
3148.926511810643,262.11030520387396,165.93842451151474

Iteration: ,90000
Error:,0.06669910663289609
Absolute Error:,1
Transition Probabilities
0.8877799607072691,0.0649673208750536,0.04725271841767728
0.9998819083608881,5.904581955597544e-05,5.904581955597544e-05
8.163265306122456e-05,0.841230737277368,0.1586876300695709

0.11301597219510302,0.3988993299935105,0.48808469781138647
0.8838429190942905,0.06548038816834469,0.05067669273736492
0.882874783867978,0.0721226180503486,0.04500259808167345

Transition Gammas
22594.0,1653.4183162701142,1202.581683729887
16934.0,1.0,1.0
1.0,10305.076531647748,1943.9234683522418

2894.0,10214.615143143812,12498.384856856159
5064.599952617931,375.2159616265738,290.38777150525664
3568.400047382074,291.50493180997705,181.89133505819282

Iteration: ,99999
Error:,0.06513799323521474
Absolute Error:,1
Transition Probabilities
0.8872119327018239,0.0652787543795076,0.0475093129186686
0.9998934980563395,5.32509718302359e-05,5.32509718302359e-05
7.333528894103847e-05,0.8410616737773219,0.15886499093373704

0.11292536157933643,0.39730240585932586,0.48977223256133773
0.8838522125424458,0.06571464827581791,0.0504331391817362
0.8829318219475786,0.07236299793810609,0.04470518011431536

Transition Gammas
25101.0,1846.8665189050291,1344.133481094972
18777.0,1.0,1.0
1.0,11468.716983627555,2166.283016372437

3209.0,11290.142467304451,13917.85753269552
5639.329542359432,419.2856589922066,321.78353763846184
3981.670457640576,326.32826675214056,201.6025366171916


Model Num 2
Model States: 
"['diamond', 'x', 'square']","['diamond', 'x', 'diamond']","['square', 'y', 'diamond', 'x', 'diamond']","['square', 'y', 'diamond', 'x', 'square']"
Iteration: ,0
Error:,0.5038133886225175
Absolute Error:,0.6
Transition Probabilities
0.25,0.25,0.25,0.25
0.25,0.25,0.25,0.25
0.25,0.25,0.25,0.25
0.25,0.25,0.25,0.25

0.25,0.25,0.25,0.25
0.25,0.25,0.25,0.25
0.25,0.25,0.25,0.25
0.25,0.25,0.25,0.25

Transition Gammas
1.0,1.0,1.0,1.0
1.0,1.0,1.0,1.0
1.0,1.0,1.0,1.0
1.0,1.0,1.0,1.0

1.0,1.0,1.0,1.0
1.0,1.0,1.0,1.0
1.0,1.0,1.0,1.0
1.0,1.0,1.0,1.0

Iteration: ,10000
Error:,0.03602982620488924
Absolute Error:,0.12495350729506272
Transition Probabilities
0.00041305245766212284,0.00041305245766212284,0.13859006848899225,0.8605838265956836
0.8059815961424195,0.19256491548548754,0.0007267441860465116,0.0007267441860465116
0.06721382875576483,0.059460596931005916,0.7770770330224668,0.09624854129076252
0.08290600248031783,0.030188473865145584,0.7993151916975618,0.08759033195697484

0.056445001468431746,0.04765458000147808,0.2153390535395159,0.6805613649905743
0.05504454944228273,0.0430851055514493,0.5466015955660821,0.3552687494401858
0.002041997590862647,0.8925948703467473,0.036301944780060574,0.06906118728232959
0.8895886356306881,0.0010799951956218649,0.028203469948358748,0.0811278992253314

Transition Gammas
1.0,1.0,335.5265558118504,2083.473444188151
1109.0306762919693,264.96932370803086,1.0,1.0
55.12849926940544,48.769331180054586,637.355309766914,78.94264820874454
74.84788820406838,27.25428134647163,721.6251214403413,79.07692058399869

37.69833267573095,31.82741011040086,143.82005611160906,454.5314567493278
18.776947767422094,14.697309446446097,186.45823634719292,121.19025079187008
2.8561870520321535,1248.4921249675376,50.776330544343686,96.59740530370946
1868.3833978826576,2.268290097773497,59.23512610616597,170.39113804578093

Iteration: ,20000
Error:,0.0419997931202759
Absolute Error:,0.11799255448580317
Transition Probabilities
0.00020798668885191308,0.00020798668885191308,0.13193537825527776,0.8676486483670184
0.8205395607735989,0.17872676351106725,0.0003668378576669114,0.0003668378576669114
0.05977789905277289,0.059766900608485274,0.7952454939445143,0.08520970639422774
0.09136517944571143,0.03284840145036072,0.7996789527917887,0.07610746631213917

0.07146685027850863,0.04509736243335811,0.18880721142946158,0.6946285758586717
0.06805760643061104,0.0522619725404103,0.558979925469725,0.3207004955592536
0.001084831610831407,0.89056932052659,0.03383607749878479,0.07450977036379386
0.8885763807528092,0.00056479977698801,0.02240593341191545,0.0884528860582874

Transition Gammas
1.0,1.0,634.3452986513767,4171.654701348632
2236.7908426688296,487.2091573311691,1.0,1.0
96.4194286600715,96.40168859675101,1282.7000845736418,137.4399458162753
168.5723058295648,60.60657691361261,1475.4387373100162,140.42123230006342

99.32621548294537,62.67731572487159,262.4084550262633,965.4102193880772
45.81486938759411,35.18159940458885,376.2928733292011,215.88845225645989
3.0298563219818035,2487.2957784596383,94.50172017221175,208.10040612029837
3714.3134613500397,2.360903868339102,93.65842024236933,369.7394534651201

Iteration: ,30000
Error:,0.03920314376664022
Absolute Error:,0.11368773125904401
Transition Probabilities
0.0001377220768489188,0.0001377220768489188,0.128104755411729,0.8716198004345731
0.8217426635020193,0.177767380594012,0.00024497795198432135,0.00024497795198432135
0.058714547497202604,0.05901728790425118,0.7960313360047491,0.08623682859379711
0.08151341756965895,0.03503201359826523,0.8078944451801728,0.07556012365190291

0.06933070355663533,0.04754409065422594,0.17194937890087228,0.7111758268882665
0.06372283695058581,0.05582650864017884,0.5671866063508857,0.3132640480583497
0.0007525151623698257,0.8924852942424475,0.03302809203695988,0.07373409855822274
0.8914061444656989,0.00038294535058176125,0.018962215141485238,0.08924869504223416

Transition Gammas
1.0,1.0,930.1686290445648,6328.831370955439
3354.3535524152435,725.6464475847572,1.0,1.0
140.90711123958332,141.63364798441208,1910.3694194008626,206.95692835227914
228.3299151770795,98.12932559892498,2263.019704484639,211.65394776222013

141.88908069863535,97.30158457241086,351.90381818375613,1455.460266746572
62.7953669766473,55.013967752306314,558.9313469778848,308.7045680917899
3.1272216743393226,3708.8945123639187,137.25459691042698,306.4162460501033
5612.567124308269,2.411141653471744,119.39193595187943,561.9372210875903

Iteration: ,40000
Error:,0.03837707726926283
Absolute Error:,0.11163020672209639
Transition Probabilities
0.00010307153164296015,0.00010307153164296015,0.12785935515159563,0.8719345017851186
0.8234097946377146,0.17622106545826174,0.00018456995201181244,0.00018456995201181244
0.058756004635487316,0.05503916867330752,0.7938010318056449,0.09240379488556032
0.07987852785528762,0.032816682098560396,0.8103532095459514,0.07695158050020062

0.06910388754859219,0.048668494979523705,0.16464078107104418,0.7175868364008401
0.06166430552565305,0.05825592290645649,0.5806608770964189,0.2994188944714715
0.0005771930244639372,0.8922973630357177,0.031130664587861186,0.07599477935195716
0.8881677280037116,0.00028993874462570143,0.017088340334314715,0.09445399291734798

Transition Gammas
1.0,1.0,1240.4914636807814,8459.508536319225
4461.2342673471385,954.7657326528623,1.0,1.0
185.5136216954163,173.77824750056703,2506.3124225244073,291.7516729390956
301.03373755361065,123.6743932504054,3053.93278967439,290.0031148621064

186.63358330237037,131.44232450851425,444.6565890722604,1938.0357221426536
80.17788979615739,75.74620239295791,754.9937263691207,389.313962415969
3.1981452030137594,4944.093934442212,172.49062514358062,421.07636221743013
7496.260796488189,2.4471238665762054,144.2280007325778,797.2050119064108

Iteration: ,50000
Error:,0.0388718315097453
Absolute Error:,0.1107937820868796
Transition Probabilities
8.237232289950584e-05,8.237232289950584e-05,0.12717698401535854,0.8726582713388424
0.821228251077421,0.1784746603901963,0.00014854426619132508,0.00014854426619132508
0.05985544382363913,0.05509276084596209,0.7923860314202703,0.09266576391012846
0.08241368346249563,0.032006804584903015,0.8065659478801851,0.07901356407241625

0.0673631472824392,0.04808424245864457,0.15862075470316087,0.7259318555557553
0.060978020467038895,0.055245919266815234,0.5913802190861096,0.29239584118003614
0.0004731393573639181,0.8928340100532889,0.029516747215888237,0.07717610337345897
0.8882814548880387,0.0002332968612057824,0.015381374629034654,0.09610387362172108

Transition Gammas
1.0,1.0,1543.9285859464512,10594.071414053538
5528.508586253196,1201.491413746801,1.0,1.0
234.07446240944967,215.44921487288212,3098.7546407968525,362.3845632977805
390.00933333201704,151.46698938565032,3816.9419737707685,373.9188221345945

228.19671988973363,162.88826829066227,537.3373630826692,2459.137896374324
99.11609848750663,89.7989133320976,961.2529168634795,475.27182367953867
3.2571879787430604,6146.451693980995,203.19931687534705,531.2960594840434
9429.814486214536,2.47663182573586,163.28553128810438,1020.2190923525039

Iteration: ,60000
Error:,0.04094549491981001
Absolute Error:,0.10997245871259283
Transition Probabilities
6.865774116031581e-05,6.865774116031581e-05,0.1260751479934,0.8737875365242793
0.8204686908757833,0.1792842735510942,0.0001235177865612648,0.0001235177865612648
0.059111101016719174,0.05449287745696217,0.7953905477736517,0.09100547375266699
0.08276379046094841,0.03364462715152459,0.8079901209444108,0.07560146144311618

0.07033345786535986,0.04896758234925796,0.1539821011938844,0.7267168585914978
0.06568568100150236,0.05491045808333136,0.5934776217880804,0.28592623912708587
0.000399902695941051,0.8926210709773067,0.028189276934366146,0.0787897493923862
0.885423550328741,0.00019602135465453014,0.014394728784645964,0.09998569953195861

Transition Gammas
1.0,1.0,1836.2845305238714,12726.715469476132
6642.514521330344,1451.485478669659,1.0,1.0
274.2684637484687,252.84045683952482,3690.5173455698286,422.2545520136026
472.0117609386752,191.87931847333016,4608.063957486054,431.1641449305088

285.93828338937374,199.07604237912267,626.0090008990327,2954.442698573952
127.99078108657831,106.99489314492534,1156.4113093129681,557.1369912140588
3.3030459819360143,7372.7145923458065,232.8328337287952,650.7737201817445
11289.483015734078,2.4993459381918033,183.5382016550413,1274.8552444344184

Iteration: ,70000
Error:,0.03875191560843529
Absolute Error:,0.10799018544490799
Transition Probabilities
5.904581955597536e-05,5.904581955597536e-05,0.12632369941385882,0.8735582089470292
0.8221700519909808,0.1776187547672029,0.00010559662090813092,0.00010559662090813092
0.05948049936410239,0.05334766215370841,0.7983380131907186,0.08883382529147059
0.08188731507833279,0.03344066684035329,0.8098937939226871,0.07477822415862674

0.06869341644959094,0.04885112263149526,0.15059956123246962,0.731855899686444
0.06325995586421784,0.05625077030397179,0.5999912943953385,0.28049797943647187
0.00034551219069015314,0.8943092307899324,0.027240604632710747,0.07810465238666665
0.8841416128318584,0.0001703763351114952,0.013451895743277549,0.10223611508975233

Transition Gammas
1.0,1.0,2139.418173273116,14794.581826726906
7785.95039235459,1682.0496076454117,1.0,1.0
324.04725149389685,290.6358130706502,4349.311819895053,483.9629329467798
549.7948876552604,224.52204778019149,5437.661095817701,502.0641513404608

324.6432470613111,230.86909770045892,711.7294944908629,3458.7313884662553
144.23439298373881,128.25326225449155,1367.9962143569758,639.5429026859152
3.341777272907518,8649.715821706817,263.4698164484949,755.4244373628208
13069.423889831547,2.5185111887631364,198.84657054836447,1511.2591756403192

Iteration: ,80000
Error:,0.04129838655434548
Absolute Error:,0.1086492892478729
Transition Probabilities
5.1730381252909845e-05,5.1730381252909845e-05,0.12768597323138725,0.872210566006107
0.8209707926931495,0.17884450098989454,9.235315847801988e-05,9.235315847801988e-05
0.05902830095386462,0.05370603894988236,0.7995039203956155,0.08776173970063754
0.08222308888363089,0.03352936533672026,0.8083398788547538,0.07590766692489509

0.07038503578295316,0.05174137480347335,0.14663572948877932,0.7312378599247942
0.06674111869783786,0.05827671273209037,0.5972653736498927,0.2777167949201791
0.00030691949618885797,0.8950903065693865,0.026616960637073653,0.07798581329735091
0.8842097996597217,0.00014992561266368316,0.012596522336702729,0.10304375239091185

Transition Gammas
1.0,1.0,2468.2975485359466,16860.70245146405
8889.471743281429,1936.5282567185795,1.0,1.0
367.72161177616584,334.56614684199735,4980.574834078654,546.7189103108667
629.8632709640106,256.8489704178254,6192.2217598354955,581.4844957749993

383.85393544055984,282.17830853512925,799.6969982943108,3987.900654633839
174.01879753993518,151.9489584843763,1557.291878869293,724.110468202565
3.377023221140157,9848.6436601026,292.86537761114164,858.0748557680434
14956.4433190785,2.5359975977934646,213.0706676389517,1742.989098981864

Iteration: ,90000
Error:,0.03949935070857502
Absolute Error:,0.107863266709833
Transition Probabilities
4.582321404023276e-05,4.582321404023276e-05,0.12925821786503525,0.8706501357068842
0.8224028544318948,0.17743321114187574,8.196721311475403e-05,8.196721311475403e-05
0.05869554314219675,0.05236538202897071,0.8018340496067586,0.08710502522207388
0.0820352962061411,0.034031815228730986,0.8079238527640712,0.07600903580105677

0.07010267955262298,0.05264184504945264,0.14326259132673555,0.7339928840711889
0.06719698303119574,0.05826658243346678,0.5981917119101247,0.27634472262521287
0.00027446175208941065,0.8959689144533689,0.026120822546736956,0.07763580124780463
0.8846343038271027,0.00013410136706480503,0.011931731788365665,0.10329986301746688

Transition Gammas
1.0,1.0,2820.8020884686657,19000.197911531344
10033.314824069124,2164.685175930886,1.0,1.0
407.89732763379703,363.90666559458646,5572.2453278612165,605.3254661173014
708.3440369604974,293.8519698111173,6976.119669093603,656.3095369278994

426.6551481288524,320.3859587206028,871.9170581482371,4467.187911752217
196.0037835851131,169.95510956543242,1744.8378417407353,806.0571883588103
3.4046796227137213,11114.434278735383,324.0270514065106,963.0669063693234
16819.611363353866,2.5496782880412865,226.85881691889372,1964.047225305274

Iteration: ,99999
Error:,0.039782001095781776
Absolute Error:,0.10685703549470901
Transition Probabilities
4.1235412972660884e-05,4.1235412972660884e-05,0.12895828124241066,0.870959247931644
0.8220901725965738,0.17776189840934328,7.396449704142017e-05,7.396449704142017e-05
0.05877226762019677,0.05131056000033361,0.8031348558876991,0.08678231649177057
0.08298205640666048,0.03392709187993214,0.8077296474853951,0.07536120422801214

0.06836202354627119,0.05243031042885046,0.13813032992078014,0.7410773361040982
0.06685001897942192,0.0583466814804689,0.5999360278162034,0.2748672717239059
0.0002493568817566274,0.896743643944123,0.025265851853364607,0.07774114732075582
0.8844672021898715,0.00012102833011887698,0.011381947387157797,0.10402982209285185

Transition Gammas
1.0,1.0,3127.3672784097034,21121.63272159032
11114.659133505671,2403.3408664943195,1.0,1.0
451.6929805188547,394.34618940375367,6172.475412363221,666.9636000062706
798.4966482513612,326.4641818260288,7772.396155737755,725.1648318927904

463.2360932578961,355.2793043775279,936.001467973173,5021.7028720115495
216.51252201027006,188.9720803543066,1943.0609655816884,890.2346944335856
3.430943722648457,12338.448228663014,347.63715042872786,1069.6536606996895
18727.55819432526,2.5626332891162495,240.99941923226572,2202.7097696393207


Model Num 3
Model States: 
"['diamond', 'x', 'square']","['diamond', 'x', 'diamond']","['square', 'y', 'diamond', 'x', 'diamond']","['square', 'y', 'diamond', 'x', 'square']","['square', 'y', 'square', 'y', 'diamond', 'x', 'square']"
Iteration: ,0
Error:,0.4810496710724122
Absolute Error:,1
Transition Probabilities
0.2,0.2,0.2,0.2,0.2
0.2,0.2,0.2,0.2,0.2
0.2,0.2,0.2,0.2,0.2
0.2,0.2,0.2,0.2,0.2
0.2,0.2,0.2,0.2,0.2

0.2,0.2,0.2,0.2,0.2
0.2,0.2,0.2,0.2,0.2
0.2,0.2,0.2,0.2,0.2
0.2,0.2,0.2,0.2,0.2
0.2,0.2,0.2,0.2,0.2

Transition Gammas
1.0,1.0,1.0,1.0,1.0
1.0,1.0,1.0,1.0,1.0
1.0,1.0,1.0,1.0,1.0
1.0,1.0,1.0,1.0,1.0
1.0,1.0,1.0,1.0,1.0

1.0,1.0,1.0,1.0,1.0
1.0,1.0,1.0,1.0,1.0
1.0,1.0,1.0,1.0,1.0
1.0,1.0,1.0,1.0,1.0
1.0,1.0,1.0,1.0,1.0

Iteration: ,10000
Error:,0.04857880105051574
Absolute Error:,1
Transition Probabilities
0.0005580357142857141,0.0005580357142857141,0.09382567148801989,0.810450507770534,0.09460774931287468
0.8336813282748573,0.1638676913329859,0.0008169934640522876,0.0008169934640522876,0.0008169934640522876
0.06858427447924155,0.02723034780402472,0.7693660797310824,0.07724593773318691,0.05757336025246444
0.06310759630698344,0.06491435976233695,0.7477532840353739,0.06378706192462312,0.060437697970682575
0.09853763081797418,0.05585591059651833,0.6555034300062051,0.11566598944465799,0.07443703913464443

0.05057872754473488,0.06551471820374885,0.3795709065921815,0.4451142031185787,0.05922144454075607
0.07629871842829704,0.05519477595689572,0.5929382830458092,0.20733275823053554,0.06823546433846271
0.002833820593064902,0.9950637790318605,0.0007008001250248418,0.0007008001250248418,0.0007008001250248418
0.9949770613853243,0.0029905003791861444,0.0006774794118298719,0.0006774794118298719,0.0006774794118298719
0.00263157894736842,0.00263157894736842,0.7241056183493279,0.2120121451748747,0.058619078581060476

Transition Gammas
1.0,1.0,168.1356033065317,1452.3273099247972,169.53708676867146
1020.4259458084254,200.57405419157473,1.0,1.0,1.0
83.29794030652035,33.07218605326161,934.4213417712601,93.81782571991344,69.92480946936466
50.212336338373,51.64990993668879,594.9591109993249,50.75296152646162,48.087998840245746
18.998407891688228,10.76921947346798,126.38340737726519,22.300816737969296,14.351727558194689

45.633894812929974,59.109667331277954,342.46213114309916,401.5975828353718,53.431655995148745
48.889553493030505,35.366884362761574,379.9341391857866,132.85158890178712,43.7229019388066
4.043693047235757,1419.8966916516856,1.0,1.0,1.0
1468.6454584618168,4.414156839259222,1.0,1.0,1.0
1.0,1.0,275.1601349727447,80.56461516645241,22.275249860802987

Iteration: ,20000
Error:,0.049405191300017214
Absolute Error:,1
Transition Probabilities
0.00027300027300027307,0.00027300027300027307,0.09673342337737033,0.8140835394243228,0.08863703665230632
0.8390968390570136,0.15967365274626513,0.0004098360655737707,0.0004098360655737707,0.0004098360655737707
0.07390314895414651,0.030785433550941755,0.7635901941854267,0.06988942492829102,0.06183179838119397
0.06434097668202884,0.07087597553407207,0.7358678377213911,0.062067711412798265,0.06684749864970976
0.10294736697073929,0.060558031038933154,0.648258193271823,0.10889925557983748,0.079337153138667

0.057557669412238194,0.05591713502246213,0.35242519533583694,0.48286095077274305,0.0512390494567197
0.0683883398603483,0.04935455284745754,0.6458472497029727,0.17711253390293152,0.05929732368628998
0.0015602778799975244,0.9973826929798992,0.0003523430467011102,0.0003523430467011102,0.0003523430467011102
0.9974008592987312,0.0016017528144689353,0.00033246262893325986,0.00033246262893325986,0.00033246262893325986
0.001310615989515072,0.001310615989515072,0.7430060351871445,0.18368090846853427,0.07069182436529106

Transition Gammas
1.0,1.0,354.3345298313074,2981.9880049112935,324.67746525739796
2047.396287299112,389.6037127008867,1.0,1.0,1.0
175.66115948520698,73.17421556919739,1814.9854340492286,166.1208973148783,146.96864139625634
100.40687852663295,110.60502704326966,1148.3536061146706,96.85934969637505,104.31841452921853
35.98487907168118,21.16784030401196,226.5963023487861,38.065340166984285,27.73201438360091

103.0952944802022,100.15682637080893,631.2517457085486,864.8837317641938,91.77760229991122
85.81606872834074,61.93181042064808,810.4316040087872,222.24697094711934,74.40834527143926
4.428291957528243,2830.714845427249,1.0,1.0,1.0
3000.039019419997,4.817843195213616,1.0,1.0,1.0
1.0,1.0,566.9136048477912,140.14853316149166,53.93786199071708

Iteration: ,30000
Error:,0.049823945517818775
Absolute Error:,1
Transition Probabilities
0.000182648401826484,0.000182648401826484,0.09902338206403168,0.8099619635581542,0.09064935757416108
0.8350054971260957,0.16417994952065967,0.0002715177844148792,0.0002715177844148792,0.0002715177844148792
0.07664818835324366,0.030947055354637282,0.7640824820584872,0.06520686545130465,0.06311540878232712
0.06389561949014302,0.0669369413374208,0.7427856832029059,0.059287240394283756,0.06709451557524639
0.10519510859672394,0.05976061472238634,0.6526588843565998,0.1024168318219901,0.07996856050229989

0.057759359653576835,0.05844137974367322,0.32965918940351163,0.5017150027074548,0.052425068491783584
0.0643697369524807,0.04829434473932874,0.6710092608018103,0.16163970454756918,0.05468695295881098
0.001086779108442914,0.9982149328011922,0.00023276269678826643,0.00023276269678826643,0.00023276269678826643
0.9982063070035613,0.0011264004003713603,0.00022243086535578046,0.00022243086535578046,0.00022243086535578046
0.0008568980291345331,0.0008568980291345331,0.7288580734103761,0.19490125851085788,0.07452687202049697

Transition Gammas
1.0,1.0,542.1530168005735,4434.541750480895,496.305232718532
3075.32524591541,604.6747540845895,1.0,1.0,1.0
269.3269185262362,108.74197075230148,2684.838152263801,229.12432134492283,221.77534686830657
147.84560578627992,154.88280292889777,1718.7031001311545,137.1824554082599,155.24740787104452
52.42208024371982,29.780621762564767,325.24075371869367,51.03757624950182,39.850886144309584

155.47535154977342,157.31119796337157,887.3692276287267,1350.5052149397666,141.11662599216942
122.96051224533,92.25293824152513,1281.7769084633665,308.76778143470324,104.46424154126544
4.669043293614643,4288.552017032277,1.0,1.0,1.0
4487.714892476455,5.064047197630019,1.0,1.0,1.0
1.0,1.0,850.5773716699088,227.4497686821711,86.97285964791995

Iteration: ,40000
Error:,0.05181817452727214
Absolute Error:,1
Transition Probabilities
0.00013638843426077476,0.00013638843426077476,0.09775017884796694,0.8107006394557885,0.09127640482772299
0.8381938577846095,0.16119389731743125,0.00020408163265306115,0.00020408163265306115,0.00020408163265306115
0.07523541258634044,0.02983418560024498,0.7707067828701202,0.062368550025531634,0.061855068917762636
0.06597919399435935,0.06536730511936334,0.7476693051928736,0.05836578730862919,0.06261840838477455
0.10629483548713269,0.058081040194623845,0.6590374336115297,0.09963083769856516,0.07695585300814867

0.05979316426774954,0.05625915742219688,0.31888074412445616,0.5134067735618165,0.051660160623780885
0.06262885156894445,0.046902990495818773,0.6884598007703245,0.15034964399091072,0.051658713174001614
0.0008409240002643706,0.9986386649685457,0.00017347034373000394,0.00017347034373000394,0.00017347034373000394
0.9986166636926745,0.000880345683203861,0.0001676635413738594,0.0001676635413738594,0.0001676635413738594
0.0006493506493506496,0.0006493506493506496,0.737698326877028,0.1842488756657934,0.07675409615847725

Transition Gammas
1.0,1.0,716.7043113132933,5944.057088489839,669.2386001968647
4107.149903144588,789.8500968554134,1.0,1.0,1.0
355.31286616021583,140.8973464857888,3639.8024092237074,294.5467766578292,292.1217691002359
203.1817770921846,201.2974759742404,2302.434584444214,179.73642399701916,192.83229642651202
69.39312439142533,37.917409896144974,430.24354287416594,65.04262490227349,50.23957237404212

211.46712211474468,198.96859880836212,1127.767598246645,1815.7368690703674,182.70358541617895
159.85113925075083,119.71313982614248,1757.1946590834818,383.7458499687598,131.8514382145664
4.847652815937333,5756.826460912916,1.0,1.0,1.0
5956.075217723929,5.250668547199831,1.0,1.0,1.0
1.0,1.0,1136.0554233906228,283.74326852532175,118.20130808405493

Iteration: ,50000
Error:,0.049737905656172525
Absolute Error:,1
Transition Probabilities
0.00010920607185759535,0.00010920607185759535,0.09877276375716192,0.8089269850816565,0.0920818390174663
0.8386380106876578,0.16087710164465185,0.0001616292225634393,0.0001616292225634393,0.0001616292225634393
0.0735965802761841,0.030998382763770756,0.7729017964568943,0.06275291973395739,0.05975032076919355
0.06486065034299485,0.06630629996476324,0.7496091464008108,0.05871348511897308,0.06051041817245809
0.10478182884328334,0.05935765873568571,0.6615473660265132,0.10045573125164478,0.0738574151428729

0.05865677488078085,0.05575368882199912,0.30844395506194694,0.5285933974366729,0.04855218379860026
0.05985136884754026,0.04741739726324188,0.6988658394599754,0.14487223215415684,0.0489931622750856
0.0006901444774198948,0.9988949637280925,0.00013829726482920127,0.00013829726482920127,0.00013829726482920127
0.9988725790685838,0.0007248011654428796,0.00013420658865776218,0.00013420658865776218,0.00013420658865776218
0.0005313496280552607,0.0005313496280552607,0.7450132320544025,0.17996892563698932,0.0739551430524977

Transition Gammas
1.0,1.0,904.4621977243311,7407.344402392724,843.1933998829385
5188.653372124544,995.3466278754621,1.0,1.0,1.0
432.01082923619646,181.9600447806563,4536.922024806901,368.3587034822079,350.7334923139231
249.61394900895024,255.17748112071044,2884.8446362601644,225.9567981992639,232.872232337114
83.77829118109675,47.459404672389596,528.9400697896821,80.31936068034925,59.05268213038436

260.519311350943,247.6254899234347,1369.928826233992,2347.7047308644,215.64058906246103
190.18257562000892,150.6726231056137,2220.702849752786,460.34325993581257,155.67974415054277
4.990297373358984,7222.810696666629,1.0,1.0,1.0
7442.798368236532,5.400637723466633,1.0,1.0,1.0
1.0,1.0,1402.1149027263848,338.70151804881374,139.1835792248006

Iteration: ,60000
Error:,0.05006746726259554
Absolute Error:,1
Transition Probabilities
9.081827263645453e-05,9.081827263645453e-05,0.09609692809008188,0.8136232266285528,0.09009820873609235
0.8393035876591041,0.1602883601102104,0.00013601741022850917,0.00013601741022850917,0.00013601741022850917
0.07190772361381714,0.031097858911324706,0.7724942286820942,0.06497424350791342,0.05952594528485048
0.06226081644843771,0.06484349115400119,0.7528102787914713,0.05978393412930199,0.06030147947678785
0.10195125531227622,0.05883366300711537,0.6632816950541995,0.10240081601917066,0.0735325706072382

0.06077850942919945,0.05733087275290977,0.29790708108866426,0.5363789181615392,0.047604618567687246
0.06046930297948595,0.046755679329061516,0.7069195312179507,0.13706651940010825,0.048788967073393634
0.0005912233040318071,0.9990614092928665,0.00011578913436724972,0.00011578913436724972,0.00011578913436724972
0.9990548414364682,0.0006124024162560505,0.00011091871575859416,0.00011091871575859416,0.00011091871575859416
0.00044444444444444447,0.00044444444444444447,0.7403355988669911,0.1786805245229582,0.0800949877211617

Transition Gammas
1.0,1.0,1058.1232751998907,8958.805348406988,992.071376393112
6170.559976469736,1178.4400235302674,1.0,1.0,1.0
508.41010977691707,219.87159470996903,5461.775952129185,459.38823556615785,420.8670620610553
287.7155405614266,299.650424994253,3478.836749307058,276.269536862658,278.66118297189695
96.60428012318822,55.74804983424519,628.4949652982199,97.03026299439647,69.67605280937032

323.0704517867003,304.7444094229467,1583.5362890872993,2851.142304191788,253.0441396512352
231.3230452565825,178.86209353377103,2704.2940906424556,524.3428170671965,186.64035936000946
5.106034406964452,8628.282910589278,1.0,1.0,1.0
9007.08987300964,5.521181994109057,1.0,1.0,1.0
1.0,1.0,1665.7550974507299,402.031180176656,180.21372237261383

Iteration: ,70000
Error:,0.048702196031409066
Absolute Error:,1
Transition Probabilities
7.783918424534902e-05,7.783918424534902e-05,0.09560044588323847,0.815357227878398,0.08888664786987283
0.8400958795100294,0.15955414382174846,0.00011665888940737294,0.00011665888940737294,0.00011665888940737294
0.07047629261135537,0.031931124512198664,0.7715625945671887,0.06548833953159798,0.06054164877765935
0.05985188531624561,0.0642308032947133,0.7566715934510685,0.059499543841297846,0.059746174096674994
0.09916183115355194,0.05921448107196363,0.6654662662427362,0.1024784955580788,0.07367892597366944

0.06221104927068956,0.058914101542640415,0.2878403609044441,0.544311942677273,0.04672254560495289
0.06031433588890077,0.046588501678917045,0.7123162923816574,0.13281307068260895,0.04796779936791589
0.0005175532188923214,0.9991838532444975,9.953117887003955e-05,9.953117887003955e-05,9.953117887003955e-05
0.9991814994495627,0.0005335704211614537,9.497670975863375e-05,9.497670975863375e-05,9.497670975863375e-05
0.0003829950210647265,0.0003829950210647265,0.7393561853199148,0.18000326336157177,0.07987456127638404

Transition Gammas
1.0,1.0,1228.1789282619661,10474.894306553791,1141.9267651842574
7201.301879159966,1367.6981208400266,1.0,1.0,1.0
583.4322311179847,264.33920579495083,6387.317909554533,542.1398690171187,501.1890937097906
324.34865332784636,348.0788356244361,4100.546057162778,322.4392484309578,323.775784294094
108.81951047779542,64.98156365698532,730.2780968201889,112.4591951500244,80.854745860522

385.4804126793929,365.0514248116452,1783.5548894930355,3372.7383599751256,289.5084775513442
268.2580473118999,207.2101151970626,3168.1452650781775,590.708236669326,213.3447712329709
5.199910467935922,10038.903031070875,1.0,1.0,1.0
10520.27915042333,5.617908037848721,1.0,1.0,1.0
1.0,1.0,1930.4589998702957,469.98852063706346,208.55247949263853

Iteration: ,80000
Error:,0.04788459760003317
Absolute Error:,1
Transition Probabilities
6.816167950378297e-05,6.816167950378297e-05,0.09491169985528064,0.8149563600092657,0.08999561677644602
0.8392299430264534,0.16046421539948202,0.00010194719135487825,0.00010194719135487825,0.00010194719135487825
0.07000696178460875,0.03271470585507547,0.7707058011304542,0.06596548844428915,0.06060704278557254
0.05881211290842895,0.06463369545727977,0.7567170723688742,0.05986822773167409,0.05996889153374297
0.09833419547972654,0.060002247396128916,0.664820146837626,0.10317704102412284,0.0736663692623956

0.06172892888981906,0.05857130630120307,0.28066455358407033,0.5524353916758414,0.04659981954906616
0.059549762803306365,0.04652314183052215,0.718593922798165,0.1277444639189877,0.04758870864901877
0.0004607056832908064,0.9992778993909988,8.7131641903469e-05,8.7131641903469e-05,8.7131641903469e-05
