0,1,2,3,4,5,6,7,8,9,10,11,12,13,14,15,16,17,18,19,20,21,22,23,24,25,26,27,28,29
github Code Version (SHA):,0223d720dafbf5413b6775610c21cd8ff219e6c5
Environment Observations,Environment Actions,alpha,epsilon,numActions,explore,patience,gainThresh,insertRandActions,useBudd,revisedSplitting,haveControl,confidence_factor
"['diamond', 'square']","['x', 'y']",0.85,0.99,100000,0.5,0,0.0001,False,False,False,False,

Model Num 0
Model States: 
['diamond'],['square']
Iteration: ,0
Error:,0.5051354342852337
Absolute Error:,1
Transition Probabilities
0.5,0.5
0.5,0.5

0.5,0.5
0.5,0.5

Transition Gammas
1.0,1.0
1.0,1.0

1.0,1.0
1.0,1.0

Iteration: ,10000
Error:,0.07924842908029492
Absolute Error:,1
Transition Probabilities
0.4764760147601476,0.5235239852398524
0.10607621009268794,0.893923789907312

0.12381899552461462,0.8761810044753854
0.8881262868908717,0.11187371310912834

Transition Gammas
1033.0,1135.0
309.0,2604.0

249.0,1762.0
2588.0,326.0

Iteration: ,20000
Error:,0.07693898154524054
Absolute Error:,1
Transition Probabilities
0.4786405475572339,0.5213594524427662
0.1042556827892668,0.8957443172107332

0.11922320550639134,0.8807767944936087
0.8858119658119659,0.1141880341880342

Transition Gammas
2028.0,2209.0
610.0,5241.0

485.0,3583.0
5182.0,668.0

Iteration: ,30000
Error:,0.07881192361106532
Absolute Error:,1
Transition Probabilities
0.4797955598147261,0.5202044401852739
0.1075,0.8925

0.11040650406504066,0.8895934959349594
0.8848209209778283,0.11517907902217168

Transition Gammas
3004.0,3257.0
946.0,7854.0

679.0,5471.0
7782.0,1013.0

Iteration: ,40000
Error:,0.08140791360792222
Absolute Error:,1
Transition Probabilities
0.4784327821710999,0.5215672178289
0.11050055808362669,0.8894994419163733

0.11147421931735657,0.8885257806826434
0.8855416560292741,0.11445834397072589

Transition Gammas
3993.0,4353.0
1287.0,10360.0

921.0,7341.0
10406.0,1345.0

Iteration: ,50000
Error:,0.08025615042910399
Absolute Error:,1
Transition Probabilities
0.48276194144838214,0.5172380585516179
0.11132543400385782,0.8886745659961421

0.11390220517737296,0.8860977948226271
0.8855273916598528,0.11447260834014718

Transition Gammas
5013.0,5371.0
1616.0,12900.0

1188.0,9242.0
12996.0,1680.0

Iteration: ,60000
Error:,0.08253929264696185
Absolute Error:,1
Transition Probabilities
0.48191994845775954,0.5180800515422405
0.10969811536919287,0.8903018846308072

0.1142788691902252,0.8857211308097748
0.8863145939806928,0.11368540601930721

Transition Gammas
5984.0,6433.0
1915.0,15542.0

1431.0,11091.0
15608.0,2002.0

Iteration: ,70000
Error:,0.08290478779297135
Absolute Error:,1
Transition Probabilities
0.4814968240817454,0.5185031759182547
0.11086539879109539,0.8891346012089046

0.11458262118000957,0.8854173788199904
0.8860605470651222,0.11393945293487784

Transition Gammas
6974.0,7510.0
2256.0,18093.0

1676.0,12951.0
18205.0,2341.0

Iteration: ,80000
Error:,0.07771702222603347
Absolute Error:,1
Transition Probabilities
0.48152397053495954,0.5184760294650405
0.11127354028721301,0.888726459712787

0.11469426827809022,0.8853057317219097
0.8859492160872529,0.1140507839127471

Transition Gammas
7975.0,8587.0
2588.0,20670.0

1917.0,14797.0
20795.0,2677.0

Iteration: ,90000
Error:,0.08332282642727687
Absolute Error:,1
Transition Probabilities
0.4806276532860444,0.5193723467139556
0.11168653135828796,0.888313468641712

0.11706201467928944,0.8829379853207105
0.886002886002886,0.113997113997114

Transition Gammas
8944.0,9665.0
2933.0,23328.0

2201.0,16601.0
23332.0,3002.0

Iteration: ,99999
Error:,0.08277699602907082
Absolute Error:,1
Transition Probabilities
0.48007158750120926,0.5199284124987907
0.11180336847870738,0.8881966315212926

0.11738527061300665,0.8826147293869934
0.8872082677434809,0.11279173225651906

Transition Gammas
9925.0,10749.0
3266.0,25946.0

2453.0,18444.0
25926.0,3296.0


Model Num 1
Model States: 
['square'],"['diamond', 'x', 'square']","['diamond', 'x', 'diamond']"
Iteration: ,0
Error:,0.5687251040968775
Absolute Error:,1
Transition Probabilities
0.3333333333333333,0.3333333333333333,0.3333333333333333
0.3333333333333333,0.3333333333333333,0.3333333333333333
0.3333333333333333,0.3333333333333333,0.3333333333333333

0.3333333333333333,0.3333333333333333,0.3333333333333333
0.3333333333333333,0.3333333333333333,0.3333333333333333
0.3333333333333333,0.3333333333333333,0.3333333333333333

Transition Gammas
1.0,1.0,1.0
1.0,1.0,1.0
1.0,1.0,1.0

1.0,1.0,1.0
1.0,1.0,1.0
1.0,1.0,1.0

Iteration: ,10000
Error:,0.05904766830563383
Absolute Error:,1
Transition Probabilities
0.8921232876712327,0.06183465723051459,0.046042055098252564
0.9989384288747346,0.0005307855626326964,0.0005307855626326964
0.0007326007326007325,0.8403772122410367,0.1588901870263625

0.10968202929617724,0.38678210714183,0.5035358635619926
0.8783629919968237,0.05603317768547651,0.06560383031769995
0.8899351068397531,0.06017210363355392,0.049892789526692995

Transition Gammas
2605.0,180.55719911310263,134.44280088689752
1882.0,1.0,1.0
1.0,1147.1148947090153,216.88510529098488

307.0,1082.6031178899818,1409.396882110017
513.2631828575528,32.742462269601724,38.33498344455667
411.73681714244725,27.839187644617915,23.083366641223694

Iteration: ,20000
Error:,0.059727550177230124
Absolute Error:,1
Transition Probabilities
0.8951121934249433,0.06015756293718808,0.0447302436378685
0.9994694960212201,0.0002652519893899204,0.0002652519893899204
0.00036258158085569227,0.8340851110032164,0.16555230741592783

0.1063111111111111,0.39418488583423555,0.4995040030546534
0.8759287422750843,0.05611093843812406,0.06796031928679147
0.8870596780411766,0.060433654613703716,0.05250666734511976

Transition Gammas
5146.0,345.84582932589433,257.154170674106
3768.0,1.0,1.0
1.0,2300.4067361468724,456.59326385312926

598.0,2217.289982817575,2809.7100171824254
1051.1126636078764,67.33300908250354,81.55224138397706
809.8873363921228,55.17605272242131,47.93869681109815

Iteration: ,30000
Error:,0.06382141088262608
Absolute Error:,1
Transition Probabilities
0.8905449464368886,0.06187209901228821,0.04758295455082314
0.9996446971042814,0.00017765144785930004,0.00017765144785930004
0.00024330900243308987,0.8463990314100369,0.15335765958753

0.10978492082250056,0.39116539267019806,0.49904968650730136
0.8779522667089253,0.05490684270951221,0.06714089058156239
0.8871750184969258,0.059193456215866275,0.053631525287207917

Transition Gammas
7648.0,531.3575863175312,408.6424136824691
5627.0,1.0,1.0
1.0,3478.700019095254,630.2999809047487

929.0,3310.0415527752166,4222.958447224785
1620.8340958004014,101.3664251815552,123.95234775682827
1224.1659041995995,81.67792074889948,74.00330631271721

Iteration: ,40000
Error:,0.06237636616512202
Absolute Error:,1
Transition Probabilities
0.8887527352297593,0.06277136692588248,0.04847589784435827
0.999734431018457,0.0001327844907714779,0.0001327844907714779
0.00018258170531312723,0.8493000301894018,0.1505173881052851

0.11126860382707307,0.38979066763441433,0.4989407285385125
0.8753015033910513,0.05794701407365207,0.06675148253529667
0.8837260165076006,0.061808648615353345,0.054465334877046

Transition Gammas
10154.0,717.1628671282073,553.8371328717932
7529.0,1.0,1.0
1.0,4651.616265347364,824.3837346526482

1256.0,4399.957056257266,5632.042943742726
2152.74429231456,142.51672517463348,164.17071429065712
1621.255707685441,113.39218545129658,99.92037508341285

Iteration: ,50000
Error:,0.06413075988844417
Absolute Error:,1
Transition Probabilities
0.8889435234616465,0.06314119578194892,0.04791528075640458
0.9997871434653044,0.00010642826734780758,0.00010642826734780758
0.00014581510644502723,0.8458929114061328,0.15396127348742217

0.11074134390710194,0.3893130468270265,0.4999456092658715
0.8743184840222388,0.060066509085385404,0.06561500689237589
0.8842467647421614,0.06229651788862497,0.05345671736921371

Transition Gammas
12655.0,898.8780631518248,682.1219368481757
9394.0,1.0,1.0
1.0,5801.133586423277,1055.8664135767447

1564.0,5498.2681603380925,7060.731839661899
2703.6374941882173,185.74246007146579,202.89996844117215
2042.3625058117893,143.88751811318284,123.47005337417917

Iteration: ,60000
Error:,0.06184834095038119
Absolute Error:,1
Transition Probabilities
0.8900140482322642,0.06241936023112786,0.04756659153660806
0.999822757887274,8.862105636299185e-05,8.862105636299185e-05
0.00012074378169524244,0.8432806546601185,0.15659860155818622

0.10996868167582592,0.389451883839575,0.5005794344845991
0.8729810042498006,0.05980891517404734,0.06721008057615205
0.8858207083467066,0.06104888290882157,0.053130408744471815

Transition Gammas
15205.0,1066.3723501885884,812.6276498114121
11282.0,1.0,1.0
1.0,6984.0503818951165,1296.9496181049012

1861.0,6590.694230217121,8471.30576978286
3226.6368424771267,221.06053656346154,248.41608364574907
2432.363157522879,167.63330569737167,145.89007409341758

Iteration: ,70000
Error:,0.06084221455703761
Absolute Error:,1
Transition Probabilities
0.8889556122704299,0.0633881695717641,0.047656218157806025
0.9998484274346343,7.578628268283441e-05,7.578628268283441e-05
0.00010361620557455162,0.8422279715296982,0.15766841226472725

0.11019269776876271,0.3902247701261085,0.4995825321051287
0.874995615660961,0.059970252551037204,0.06503413178800177
0.8876568903699915,0.06011885173105032,0.05222425789895822

Transition Gammas
17764.0,1266.6857925525621,952.3142074474378
13193.0,1.0,1.0
1.0,8128.342153233136,1521.6578467668862

2173.0,7695.232466886857,9851.767533113134
3748.8573481740837,256.9383410886981,278.6341765283085
2824.1426518259223,191.27234317044363,166.1551392125495

Iteration: ,80000
Error:,0.0615505845732892
Absolute Error:,1
Transition Probabilities
0.8905540020971688,0.06229430508708746,0.047151692815743725
0.999866844207723,6.657789613848202e-05,6.657789613848202e-05
9.033423667569986e-05,0.8415843624985984,0.158325303264726

0.1101280455272986,0.38891080831039443,0.500961146162307
0.8721942620239644,0.06224922901667945,0.06555650895935604
0.8854734699078146,0.0617705863801941,0.052755943711991174

Transition Gammas
20383.0,1425.792054833258,1079.2079451667423
15018.0,1.0,1.0
1.0,9316.338892859507,1752.661107140521

2477.0,8747.381900517392,11267.61809948261
4293.6323821869455,306.44010985805187,322.72116658718153
3207.36761781306,223.7458096963482,191.09291385841857

Iteration: ,90000
Error:,0.062115528411888804
Absolute Error:,1
Transition Probabilities
0.8907556488935557,0.06203383920754938,0.047210511898894844
0.9998817477679891,5.9126116005439605e-05,5.9126116005439605e-05
8.039877793857509e-05,0.8424623292863844,0.15745727193567696

0.11152299077214291,0.3891728389365295,0.4993041702913277
0.8731801399729434,0.06133793011047706,0.06548192991657953
0.885633520582535,0.06152283973047438,0.05284363968699063

Transition Gammas
22904.0,1595.0761075437172,1213.923892456283
16911.0,1.0,1.0
1.0,10478.546451664082,1958.453548335956

2828.0,9868.644849752514,12661.355150247487
4829.749704630639,339.273462910999,362.1948292170776
3597.250295369354,249.89236320553826,214.63934466638506

Iteration: ,99999
Error:,0.06448390431569612
Absolute Error:,1
Transition Probabilities
0.8910609623416278,0.06151932549897169,0.04741971215940055
0.9998934640174719,5.326799126404943e-05,5.326799126404943e-05
7.229089857586912e-05,0.8425185741422083,0.15740913495921585

0.1120640771193649,0.3883361523764766,0.49959977050415855
0.8720943143717609,0.06150594951931786,0.06639973610892118
0.884314533399536,0.06185388622946891,0.05383158037099501

Transition Gammas
25389.0,1752.8701414422003,1351.1298585578
18771.0,1.0,1.0
1.0,11654.559436109195,2177.440563890838

3162.0,10957.292875454665,14096.707124545337
5372.4323686093885,378.90002103462643,409.0476060443869
4013.56763139061,280.7312853854812,244.32108753550546


Model Num 2
Model States: 
"['diamond', 'x', 'square']","['diamond', 'x', 'diamond']","['square', 'y', 'diamond', 'x', 'diamond']","['square', 'y', 'diamond', 'x', 'square']"
Iteration: ,0
Error:,0.5045486097444144
Absolute Error:,0.6
Transition Probabilities
0.25,0.25,0.25,0.25
0.25,0.25,0.25,0.25
0.25,0.25,0.25,0.25
0.25,0.25,0.25,0.25

0.25,0.25,0.25,0.25
0.25,0.25,0.25,0.25
0.25,0.25,0.25,0.25
0.25,0.25,0.25,0.25

Transition Gammas
1.0,1.0,1.0,1.0
1.0,1.0,1.0,1.0
1.0,1.0,1.0,1.0
1.0,1.0,1.0,1.0

1.0,1.0,1.0,1.0
1.0,1.0,1.0,1.0
1.0,1.0,1.0,1.0
1.0,1.0,1.0,1.0

Iteration: ,10000
Error:,0.0473647942661989
Absolute Error:,0.14049604213462347
Transition Probabilities
0.0004048582995951417,0.0004048582995951417,0.12120929506299348,0.8779809883378161
0.8333524237693848,0.16509236627727153,0.0007776049766718507,0.0007776049766718507
0.07087806287291634,0.04402300926208043,0.7828740585665872,0.10222486929841595
0.07300601381543634,0.04381241369513875,0.7699941085745108,0.11318746391491401

0.07083937978926205,0.046621733685698795,0.2645757189289237,0.6179631675961155
0.08049842866202833,0.06667125631563126,0.5050278328568735,0.34780248216546694
0.002545606649970458,0.888175044343049,0.015268656546964672,0.09401069246001582
0.8771505361377685,0.0012819351597190343,0.010901790007434313,0.11066573869507818

Transition Gammas
1.0,1.0,299.3869588055939,2168.613041194406
1071.6912169674288,212.3087830325712,1.0,1.0
50.18914711282225,31.172935583260248,554.3574373168244,72.38599357612667
72.26825055074333,43.369666753174194,762.2129226468359,112.04364646021368

47.81519197883623,31.468755841729912,178.5834211304419,417.1130179620368
26.64655870981243,22.069493469621435,167.17411783042542,115.12944307709527
3.4705222956994657,1210.8827944459467,20.816339779845197,128.1683500553461
1933.8204495336865,2.8262337246654035,24.034762089670824,243.98054807513762

Iteration: ,20000
Error:,0.04218054834255662
Absolute Error:,0.12969348040203763
Transition Probabilities
0.00020686801820438567,0.00020686801820438567,0.12477540184705276,0.8748108621165384
0.8271867856557077,0.17205963484165482,0.0003767897513187644,0.0003767897513187644
0.07221840049370154,0.04287412654367759,0.7937585498974145,0.09114892306520635
0.07049443831819535,0.04046519435299909,0.7895534577219351,0.09948690960687052

0.06231233724551043,0.0479349822759535,0.22988530623567105,0.6598673742428651
0.06813558236441158,0.05619987814915786,0.5328381075101898,0.34282643197624085
0.0013238063026030024,0.8939011798696097,0.014977498782501947,0.08979751504528526
0.8766808643648754,0.000686874428573002,0.009818083530232264,0.11281417767631938

Transition Gammas
1.0,1.0,603.1642925286528,4228.835707471345
2195.353729130247,456.64627086975156,1.0,1.0
106.33176080893753,63.126313202298675,1168.701379298784,134.20437754235573
142.65509510444662,81.88683088431732,1597.7689345216804,201.32530863718384

84.20843855585406,64.77898580110495,310.6653279392911,891.7399618635969
44.94272655252771,37.06984909051333,351.4638978869998,226.13081231011202
3.66754525476142,2476.512631802744,41.494480332923125,248.77993823275233
3736.8919895035956,2.9278334388978027,41.850026831579264,480.87555460274496

Iteration: ,30000
Error:,0.042271997662710586
Absolute Error:,0.12617912381105412
Transition Probabilities
0.00013873473917869048,0.00013873473917869048,0.129716917553557,0.8700056129680857
0.8276119810758376,0.17189235597496785,0.0002478314745972742,0.0002478314745972742
0.0724198891846546,0.04256771574994801,0.7953115206340088,0.08970087443138865
0.074492731630999,0.04121586594869009,0.7890868681380205,0.09520453428229043

0.0629924086869235,0.05078474212752282,0.2136648949903241,0.6725579541952296
0.06323859589158315,0.05773851381721473,0.5448834454803626,0.3341394448108395
0.0009062930770849743,0.8969319103962983,0.014866650565596174,0.08729514596102059
0.8724232475433331,0.00047163194186876275,0.010313950277368094,0.11679117023743008

Transition Gammas
1.0,1.0,934.9995417260378,6271.000458273955
3339.414343641,693.5856563589944,1.0,1.0
157.5976138148424,92.63436472037301,1730.7289378997325,195.203885654207
225.17925116270976,124.58877030207516,2385.2795592168363,287.7876172292165

128.94471285515638,103.95576431443826,437.3695038188584,1376.7181488990743
63.30258513672046,57.79693769368485,545.4347967536243,334.47755052844116
3.7945060463133253,3755.312319141781,62.2443190684253,365.49099572548045
5540.897765897265,2.995408914635343,65.50552637194116,741.7591588341538

Iteration: ,40000
Error:,0.04246148009586545
Absolute Error:,0.12431951695302883
Transition Probabilities
0.00010371292263016012,0.00010371292263016012,0.12997186942472133,0.8698207047300184
0.8283514586440168,0.1712753374000213,0.00018660197798096688,0.00018660197798096688
0.0719117530135523,0.042114962603957924,0.7980101651945528,0.08796311918793695
0.0715314577056527,0.0404722401299794,0.7944466010082022,0.09354970115616568

0.06702325181119087,0.05081093249954309,0.1991368791817726,0.6830289365074935
0.06999435058237977,0.059492907752229915,0.5430681716575722,0.3274445700078183
0.0006977461386526325,0.8989794699498713,0.014940440945492463,0.08538234296598357
0.8729567811211644,0.0003579469634057278,0.009374564781221634,0.1173107071342083

Transition Gammas
1.0,1.0,1253.1887649931582,8386.811235006804
4439.135466873279,917.8645331267127,1.0,1.0
207.5389018152144,121.544708931891,2303.074899184329,253.86349784943795
287.34029135496,162.57609789793497,3191.2745122432366,375.7870907229936

182.42924699725157,138.30125970659205,542.0266838268759,1859.1227849614781
93.66084211670187,79.60865117945444,726.6903951678389,438.1601360438093
3.8828095332691692,5002.630416378952,83.14039063895622,475.134661270014
7419.444507060479,3.04226702729627,79.67641087888352,997.0485372121482

Iteration: ,50000
Error:,0.0410684129462396
Absolute Error:,0.12172555734682776
Transition Probabilities
8.311861025683676e-05,8.311861025683676e-05,0.13270425274968,0.8671295100298062
0.8319557929843732,0.16774649936454028,0.00014885382554331666,0.00014885382554331666
0.06985611583624549,0.04278544449516899,0.801252061688108,0.08610637798047756
0.07215250183432088,0.041445329015664334,0.7965921560150828,0.08981001313493178

0.06713653876340693,0.05083167968714677,0.18737021236330886,0.6946615691861374
0.07030725825991815,0.060370217170540585,0.542731490037229,0.32659103453231225
0.0005689709033564843,0.9016424117897872,0.014503121628001051,0.08328549567885518
0.8752750840813519,0.000291162167561476,0.008944498233094638,0.11548925551799204

Transition Gammas
1.0,1.0,1596.5648648313954,10432.435135168567
5589.079017269011,1126.92098273098,1.0,1.0
252.9652505468245,154.9360504361444,2901.520161974493,311.8112311106958
361.46724473076796,207.63145428626348,3990.7413393661186,449.9272675486905

231.17185083335852,175.02918218135795,645.1735460433719,2391.9344608675706
117.1804717694182,100.61849521586525,904.5656681927313,544.3263248963344
3.9572406639696367,6270.999088434386,100.8704352406305,579.2576532032904
9262.962326261524,3.0813446401085085,94.65886972828272,1222.2130418277984

Iteration: ,60000
Error:,0.0412434230922656
Absolute Error:,0.12041283781866612
Transition Probabilities
6.898930665746826e-05,6.898930665746826e-05,0.13135880956352783,0.8685032118231573
0.8327826501953021,0.16696988630556403,0.00012373174956693906,0.00012373174956693906
0.0694484802246317,0.04284799025743163,0.8038836478015591,0.08381988171637773
0.07319024819750757,0.040399666337642505,0.7974361531684406,0.08897393229640929

0.06727283552387625,0.05251864896796457,0.18471634842803075,0.6954921670801284
0.06985021613776632,0.0614941219936977,0.5493840586555806,0.3192716032129555
0.0004819612346630703,0.9025572054248976,0.014455562605788381,0.08250527073465112
0.8757478261322528,0.00024454889186456205,0.008903449109821533,0.11510417586606114

Transition Gammas
1.0,1.0,1904.0459446233313,12588.954055376635
6730.549378878421,1349.4506211215664,1.0,1.0
301.2694763871197,185.87579666744668,3487.270057832685,363.613023551335
438.7002724274627,242.1544545179711,4779.809691237201,533.3072273787782

276.2584497493909,215.66982324794313,758.5446883978141,2856.0649539175215
137.77690293895964,121.2948240637064,1083.6392256297768,629.7511320548946
4.011541243359111,7512.316745939205,120.31898297716585,686.7218202267645
11136.561874820249,3.1098379971966232,113.22187615212745,1463.7373206439431

Iteration: ,70000
Error:,0.04183866878079071
Absolute Error:,0.11835923151620234
Transition Probabilities
5.9280336712312656e-05,5.9280336712312656e-05,0.13077376060986262,0.8691076787167127
0.8320916864762473,0.16769658369101922,0.00010586491636671631,0.00010586491636671631
0.06877345719699002,0.04266373944059208,0.8065231798611944,0.08203962350122337
0.07220585404243277,0.041439073320421696,0.7973356910949287,0.08901938154221689

0.06580505732898777,0.05102357718147336,0.18125917186020385,0.701912193629335
0.06967373638366205,0.05922383194891496,0.5565889677313887,0.31451346393603447
0.0004180107036281296,0.9020931400907412,0.014910294610330884,0.08257855459529989
0.8747763198837097,0.00021169722124452693,0.008701323274911613,0.11631065962013411

Transition Gammas
1.0,1.0,2206.0225677277676,14660.977432272195
7859.938070454614,1584.061929545364,1.0,1.0
352.27280681197533,218.5330773583668,4131.189501130058,420.2250347513215
506.50815048958384,290.685965340074,5593.134124256661,624.4513398619686

314.39450592203815,243.77354856095303,865.9955646862314,3353.5011786934233
159.36718989478865,135.46475562222034,1273.1055390132994,719.3977176070501
4.057655020693179,8756.6723226265,144.73512582454413,801.5949920586097
12950.13606941156,3.1339529412471925,128.8138668511546,1721.8560152656903

Iteration: ,80000
Error:,0.042206663217770606
Absolute Error:,0.11731286562996213
Transition Probabilities
5.195614901023557e-05,5.195614901023557e-05,0.1301088740692803,0.8697872136326992
0.832112066257401,0.16770288563008967,9.25240562546263e-05,9.25240562546263e-05
0.0689186208660194,0.04385761234311161,0.8059151878398014,0.08130857895106768
0.0721019366828069,0.0412147378982407,0.7989184078324527,0.08776491758649968

0.06744222934836343,0.05146525178568833,0.17584064061736024,0.705251878248588
0.0701763090814089,0.06038347680261118,0.5591403568271548,0.31029985728882503
0.0003696343027007453,0.9006852117998757,0.015368802724121396,0.08357635117330209
0.8736209810636691,0.00018684493257799926,0.008872585343622588,0.11731958866013013

Transition Gammas
1.0,1.0,2504.2054992114277,16740.794500788495
8993.467212109981,1812.5327878900073,1.0,1.0
405.6727340070003,258.157190069681,4743.824143903255,478.6032150211945
580.4020396939385,331.7680362293804,6431.08763492562,706.4850061499319

368.7090033456522,281.36231373399374,961.3268715480441,3855.6364409830435
182.1752681970717,156.75341472328253,1451.5090035103945,805.5276839585229
4.098300526831561,9986.299028684232,170.40077676998033,926.6483157584736
14752.447503824158,3.155166964804857,149.82738778277175,1981.1235196887715

Iteration: ,90000
Error:,0.041829574105198525
Absolute Error:,0.11581622829753077
Transition Probabilities
4.6172315079878256e-05,4.6172315079878256e-05,0.1284880041552292,0.8714196512146111
0.8323740413682393,0.1674613766699436,8.229098090849252e-05,8.229098090849252e-05
0.06732500370063024,0.04408247526759785,0.807945718602624,0.08064680242914783
0.0731246530420345,0.040638664050935934,0.8005414732090246,0.08569520969800513

0.06692774055706117,0.05118867326283581,0.17285978111240913,0.7090238050676939
0.07077695261990513,0.05857254351168106,0.563975518146869,0.3066749857215448
0.0003315999659300943,0.9012840279871919,0.015326045848049955,0.08305832619882811
0.8737225886703419,0.00016703331785661242,0.008806872182955694,0.11730350582884555

Transition Gammas
1.0,1.0,2782.7931939939454,18873.206806005986
10115.009350706834,2034.9906492931525,1.0,1.0
445.96321074629697,292.00387860948797,5351.861076442501,534.2072776950823
662.726138726803,368.30677191741233,7255.278997706988,776.6526481554234

411.32157163142904,314.59310236607024,1062.3540589780073,4357.487394571411
206.33207743608082,170.75324856641996,1644.1261734912139,894.032372959371
4.134457188362584,11237.396294104528,191.08832007239357,1035.5884471909226
16602.295316263757,3.1739324433983978,167.34635763112445,2228.9768751055617

Iteration: ,99999
Error:,0.041150758613686236
Absolute Error:,0.11590540107709055
Transition Probabilities
4.160252943378966e-05,4.160252943378966e-05,0.12863015060664373,0.8712866443344888
0.8285847435621911,0.1712678725026578,7.369196757553445e-05,7.369196757553445e-05
0.06786219902216034,0.04536718559309561,0.805005084611486,0.08176553077325804
0.07344750303044381,0.04078470214938491,0.8007671691533065,0.08500062566686477

0.06676021205074792,0.05190535955232464,0.1706506748512868,0.7106837535456406
0.06907407989645922,0.05913728680235872,0.5669727021692406,0.30481593113194144
0.0003014566221699544,0.9022420235328422,0.015115756095595163,0.08234076374939259
0.8742214053888036,0.00015138542485154744,0.008792263462294732,0.11683494572405004

Transition Gammas
1.0,1.0,3091.8829301318888,20943.11706986806
11243.894970138907,2324.1050298610608,1.0,1.0
499.54588722363025,333.9560359743348,5925.787625603774,601.8908199703361
739.0889753594219,410.4091014426139,8057.975589798698,855.3459646271823

456.463731697293,354.89572888614583,1166.8004259792804,4859.202034191982
224.46576032036594,192.17477909619527,1842.4560828617668,990.5414569669691
4.168284845577674,12475.432540390593,209.0077723593542,1138.5377943908134
18430.207689398783,3.191485365107287,185.3572111951855,2463.097222054653


Model Num 3
Model States: 
"['diamond', 'x', 'square']","['diamond', 'x', 'diamond']","['square', 'y', 'diamond', 'x', 'diamond']","['square', 'y', 'diamond', 'x', 'square']","['square', 'y', 'square', 'y', 'diamond', 'x', 'square']"
Iteration: ,0
Error:,0.481783092123757
Absolute Error:,1
Transition Probabilities
0.2,0.2,0.2,0.2,0.2
0.2,0.2,0.2,0.2,0.2
0.2,0.2,0.2,0.2,0.2
0.2,0.2,0.2,0.2,0.2
0.2,0.2,0.2,0.2,0.2

0.2,0.2,0.2,0.2,0.2
0.2,0.2,0.2,0.2,0.2
0.2,0.2,0.2,0.2,0.2
0.2,0.2,0.2,0.2,0.2
0.2,0.2,0.2,0.2,0.2

Transition Gammas
1.0,1.0,1.0,1.0,1.0
1.0,1.0,1.0,1.0,1.0
1.0,1.0,1.0,1.0,1.0
1.0,1.0,1.0,1.0,1.0
1.0,1.0,1.0,1.0,1.0

1.0,1.0,1.0,1.0,1.0
1.0,1.0,1.0,1.0,1.0
1.0,1.0,1.0,1.0,1.0
1.0,1.0,1.0,1.0,1.0
1.0,1.0,1.0,1.0,1.0

Iteration: ,10000
Error:,0.05415950802549066
Absolute Error:,1
Transition Probabilities
0.0005361930294906173,0.0005361930294906173,0.09460359468114464,0.8114576452580827,0.09286637400179139
0.840313726652794,0.15721102582245342,0.0008250825082508248,0.0008250825082508248,0.0008250825082508248
0.04943681396533067,0.0435806541264705,0.7733659192077362,0.07965852394521002,0.05395808875525257
0.07027364689551752,0.039000139668217804,0.7823892296002172,0.05767162555527156,0.050665358280775875
0.10530627115766719,0.07837488786571224,0.6142780983016285,0.1114801371315784,0.09056060554341375

0.04868737928967771,0.05357435793008402,0.07827062665351121,0.7842449236500701,0.035222712476656856
0.07034106654598786,0.07350507806070615,0.24308314623015706,0.5288964032957046,0.08417430586744427
0.002863079998071021,0.9948617387547566,0.0007583937490574503,0.0007583937490574503,0.0007583937490574503
0.996390018762681,0.0017900608227883784,0.0006066401381769052,0.0006066401381769052,0.0006066401381769052
0.002710027100271004,0.002710027100271004,0.6296699788425758,0.2980357959489033,0.06687417100797888

Transition Gammas
1.0,1.0,176.43570408033452,1513.3685084063222,173.19578751334072
1018.4602367031868,190.53976329681362,1.0,1.0,1.0
45.082900823839466,39.74249451430194,705.255380345314,72.64297689802234,49.20598575998279
73.85046477276678,40.98518531396182,822.2116083585314,60.60702040681268,53.24414516976936
17.3936303217802,12.945324253349762,101.46144231645562,18.41337911001379,14.958061635097703

46.064995416339926,50.68875319411368,74.05483948059747,742.0041772691495,33.32555813149412
39.24058531072705,41.005666078819374,135.60677148686892,295.0510342417545,46.957619390135335
3.775189341459268,1311.801079572708,1.0,1.0,1.0
1642.4729523454625,2.9507787403713963,1.0,1.0,1.0
1.0,1.0,232.34822219291036,109.97520870514526,24.676569101944192

Iteration: ,20000
Error:,0.05879366882180117
Absolute Error:,1
Transition Probabilities
0.0002686727565824829,0.0002686727565824829,0.09450164317733328,0.8176686969654589,0.08729231434404286
0.8283406339496118,0.17044822353928604,0.00040371417036738004,0.00040371417036738004,0.00040371417036738004
0.05807030314310324,0.0431805157338888,0.7583511267443703,0.08345664499525741,0.05694140938338018
0.07479326575033733,0.03856938751634365,0.7759385077574125,0.05600693821943197,0.0546919007564746
0.11603342717107584,0.07700836211392635,0.6031884083997663,0.10958887101974135,0.09418093129549021

0.051917887329019474,0.055082473433845806,0.06565125324466403,0.7886907083064464,0.038657677686024364
0.07258058504044472,0.06509182371377105,0.24084456179843813,0.5447441991388398,0.07673883030850635
0.0015517856273943756,0.9972993139970409,0.00038296679185494164,0.00038296679185494164,0.00038296679185494164
0.9981557447930676,0.0009403160765542724,0.00030131304345940745,0.00030131304345940745,0.00030131304345940745
0.001371742112482855,0.001371742112482855,0.665614082102041,0.27058847811609416,0.06105395555689921

Transition Gammas
1.0,1.0,351.735115906034,3043.362890105434,324.90199398852707
2051.7997502931876,422.2002497068114,1.0,1.0,1.0
100.01396778792595,74.3694190648993,1306.1014159895371,143.73663908168118,98.0696840833498
158.8488894491276,81.91518731319205,1647.9688244863453,118.94974565357232,116.1568171929798
35.375042470017775,23.47749391483732,183.89369412578316,33.410294439109826,28.712884947642813

101.51568414844529,107.70343831190377,128.36870356644337,1542.1366498959756,75.5878330144095
78.43694486334724,70.3439326763037,260.27775339499203,588.6983507872206,82.93070934096168
4.052010932535773,2604.1404508378187,1.0,1.0,1.0
3312.6868101464643,3.120728083186849,1.0,1.0,1.0
1.0,1.0,485.2326658523872,197.25900054663236,44.50833360097946

Iteration: ,30000
Error:,0.05599723900672341
Absolute Error:,1
Transition Probabilities
0.0001813894431344097,0.0001813894431344097,0.09299886894526359,0.8208121552131141,0.08582619695535357
0.827282009813039,0.17189965958139622,0.0002727768685215492,0.0002727768685215492,0.0002727768685215492
0.0581085283601802,0.042105469866222954,0.759901311359426,0.08019822267142188,0.05968646774274893
0.07289982983833938,0.03617262445595762,0.7740996577507203,0.05871059964804751,0.05811728830693532
0.11568686671854823,0.0736249977342641,0.6034178796245275,0.10968663112717475,0.09758362479548537

0.04663193688589182,0.05363166172939537,0.06298380864938784,0.8007651666302902,0.03598742610503487
0.06783676568651946,0.06001500214003201,0.252615469057733,0.5547392494531301,0.06479351366258541
0.001075033315944307,0.9981642941604286,0.0002535575078756851,0.0002535575078756851,0.0002535575078756851
0.9987448474818114,0.0006511809843958662,0.0002013238445975924,0.0002013238445975924,0.0002013238445975924
0.0009216589861751157,0.0009216589861751157,0.679413398301893,0.25493995390829877,0.06380332981745812

Transition Gammas
1.0,1.0,512.7027644952378,4525.137411689895,473.1598238148639
3032.8158479746035,630.184152025399,1.0,1.0,1.0
151.33115594571024,109.65463429046699,1978.9994188096898,208.85901061597806,155.44055946211424
234.698291093002,116.45641921234386,2492.185060138823,189.0165921785921,187.10644838053494
51.8569167972171,33.00258266125979,270.4835187020006,49.16729673357968,43.742094978694745

136.68075006403052,157.19732530715206,184.60897794473127,2347.086372757756,105.48110847178182
113.08018895224616,100.04173567657125,421.0962106494613,924.7200763855536,108.00725379071395
4.2398007653213625,3936.638684151335,1.0,1.0,1.0
4960.8870200055535,3.2344950778058683,1.0,1.0,1.0
1.0,1.0,737.1635371575534,276.60984999050396,69.22661285194202

Iteration: ,40000
Error:,0.05944475258661905
Absolute Error:,1
Transition Probabilities
0.00013594344752582924,0.00013594344752582924,0.09237866377404633,0.822388693170946,0.08496075615995607
0.835653113438799,0.16372615409689312,0.00020691082143596104,0.00020691082143596104,0.00020691082143596104
0.06054963570663529,0.04067021303771367,0.7605873997379455,0.07919031434217645,0.05900243717552908
0.07151565182366927,0.036615126565918345,0.7754316994186841,0.05895209239530571,0.05748542979642254
0.11715976228293083,0.07196502233194595,0.6062120819584965,0.10862126157977493,0.09604187184685176

0.04946220188031331,0.05720184391981183,0.059023540685511355,0.7970706298132857,0.03724178370107784
0.06660084800841935,0.061060611033983136,0.2519035003591595,0.5583078894939931,0.06212715110444496
0.0008345257272758834,0.9985928818472138,0.000190864141836742,0.000190864141836742,0.000190864141836742
0.9990510531222345,0.0004980679687942374,0.0001502929696570844,0.0001502929696570844,0.0001502929696570844
0.0006877579092159566,0.0006877579092159566,0.6784243739150285,0.24591431399556146,0.07428579627097819

Transition Gammas
1.0,1.0,679.5374507218847,6049.491226965479,624.9713223126369
4038.711497249717,791.2885027502847,1.0,1.0,1.0
210.2383727310988,141.2137217324174,2640.8855375352887,274.96189909428176,204.86624294574867
306.7489742764049,157.05166953926718,3326.0254553027266,252.86064536326927,246.56975328098417
68.60614743391591,42.14111428689582,354.9842937597443,63.60619158994051,56.23998112801171

194.69286608170094,225.1576054954984,232.32815898812342,3137.425336692513,146.5909185422558
148.2405081071903,135.90902031561075,560.6880993842746,1242.6845557338847,138.2829306589438
4.37235469819001,5231.956470384954,1.0,1.0,1.0
6647.357194429766,3.313980487115618,1.0,1.0,1.0
1.0,1.0,986.4290396724505,357.55941254954604,108.01154777800218

Iteration: ,50000
Error:,0.05785656894754484
Absolute Error:,1
Transition Probabilities
0.00010848340203948802,0.00010848340203948802,0.09272295347436545,0.8207279921976693,0.08633208752388619
0.8375020865404905,0.16200064841724204,0.00016575501408917597,0.00016575501408917597,0.00016575501408917597
0.05967402714965097,0.040507646832017574,0.7617644740924014,0.07895139535873127,0.05910245656719871
0.07090262066822775,0.035539312896408624,0.7784505866121886,0.058979345228799135,0.05612813459437591
0.11695276900538897,0.0708909553067497,0.6090322059423054,0.10798148619012186,0.09514258355543401

0.05121385091281416,0.05645082373609074,0.05664405172765007,0.7982419504002594,0.03744932322318579
0.06650002004662496,0.059936077291420795,0.25299681913632993,0.5590894965394041,0.06147758698622012
0.0006820814567133739,0.9988601517427788,0.00015258893350263492,0.00015258893350263492,0.00015258893350263492
0.999235365397841,0.0004046394170635625,0.00011999839503182569,0.00011999839503182569,0.00011999839503182569
0.0005488474204171243,0.0005488474204171243,0.6802584699794939,0.24556844471643705,0.0730753904632348

Transition Gammas
1.0,1.0,854.7201851267002,7565.4706320781115,795.8091827951824
5052.650088098786,977.3499119012225,1.0,1.0,1.0
258.351557516626,175.37300816216776,3297.9681067788715,341.810615661766,255.8770110973453
379.43034623085777,190.18611258657967,4165.823108062275,315.62378329212623,300.3657317842912
84.4621926215436,51.196782882225165,439.8373456951015,77.98321633351301,68.71108129470703

251.77216329459708,277.5176199109331,278.46754710009884,3924.23336856487,184.10443569009053
183.93272899877763,165.7774877956927,699.7651329898669,1546.3883586944023,170.04115696066017
4.470058483642234,6546.085150569129,1.0,1.0,1.0
8327.072750704925,3.372040242340283,1.0,1.0,1.0
1.0,1.0,1239.4309323026373,447.42570627334806,133.14336142401373

Iteration: ,60000
Error:,0.057650997537889666
Absolute Error:,1
Transition Probabilities
9.078529278256941e-05,9.078529278256941e-05,0.09455327528578195,0.8175832538224932,0.08768190030615991
0.8383325751442974,0.16125408784826262,0.00013777900248002195,0.00013777900248002195,0.00013777900248002195
0.058618869404644364,0.04089370206952937,0.7622365389375103,0.08001451510687141,0.05823637448144446
0.07083524704529746,0.03656957617426394,0.7777831992226072,0.0574470837493791,0.05736489380845226
0.11628154575147483,0.07239656220418461,0.609846145072039,0.10659648472630658,0.09487926224599488

0.05168350259271437,0.05533664890663877,0.055371693377052354,0.7990678353241746,0.038540319799420096
0.06590147760531563,0.061189290024981594,0.25005933660890206,0.5614094373736567,0.06144045838714392
0.0005790074242243524,0.9990397548513836,0.0001270792414640128,0.0001270792414640128,0.0001270792414640128
0.9993545053544083,0.0003440142008155392,0.00010049348159208731,0.00010049348159208731,0.00010049348159208731
0.00045024763619991006,0.00045024763619991006,0.6812546730238868,0.241039251907001,0.07680557979671233

Transition Gammas
1.0,1.0,1041.504327272886,9005.679540854744,965.8161318723495
6084.617830397314,1170.3821696026907,1.0,1.0,1.0
305.9307382441895,213.42343499169988,3978.097657669472,417.59419663860945,303.9345046863323
454.85238429100787,234.82319338476637,4994.3574334068335,368.88334697641153,368.3555830148995
100.4378975431964,62.5323515451403,526.7530994709182,92.07245003680981,81.95172809969661

305.57612125115264,327.1751659166999,327.3823645933196,4724.4485664819595,227.86771107393858
218.43374725480749,202.81496557734013,828.8341918319593,1860.8196903289092,203.64747568989858
4.5562706981401035,7861.54956027416,1.0,1.0,1.0
9944.470920122802,3.4232489049580934,1.0,1.0,1.0
1.0,1.0,1513.0666287860522,535.3481784854491,170.58519272849804

Iteration: ,70000
Error:,0.05705025274619171
Absolute Error:,1
Transition Probabilities
7.829014327096238e-05,7.829014327096238e-05,0.09472703306308122,0.8175052516735374,0.0876111349768396
0.8379776489355429,0.16166978319514222,0.00011752262310494755,0.00011752262310494755,0.00011752262310494755
0.058524822640653645,0.04179497387891976,0.7623369386518785,0.07896115620542651,0.05838210862312168
0.06959400880198072,0.0370055831844124,0.7795817748958204,0.05715753535790562,0.056661097759881006
0.11503947604129668,0.07367579222750989,0.6108509164488798,0.10591115492161465,0.09452266036069898

0.05377400796563906,0.05454437576438246,0.05558337404461235,0.7976612929983895,0.038436949226976644
0.06569903759715891,0.061346257788486215,0.2517883436147227,0.5603362717223508,0.06083008927728124
0.0005020969885339572,0.9991725999088854,0.0001084343675268571,0.0001084343675268571,0.0001084343675268571
0.9994399857112692,0.000300247750481398,8.658884608313673e-05,8.658884608313673e-05,8.658884608313673e-05
0.0003877471888328811,0.0003877471888328811,0.6845269321422476,0.23794387566814554,0.07675369781194112

Transition Gammas
1.0,1.0,1209.9483933147335,10441.994579626067,1119.0570270591695
7130.351814792544,1375.648185207467,1.0,1.0,1.0
355.1965676583149,253.66042300227332,4626.745572060914,479.2279651099222,354.33041331735546
522.100090873972,277.61898870346664,5848.487858702228,428.80062405092343,425.07630755437856
115.47147101241053,73.95245874956261,613.1447770703544,106.30887132197945,94.8776108119464

373.05419902692756,378.39858292146624,385.60657588842514,5533.73099777948,266.65420431504646
256.2627385068727,239.28447954473347,982.1143934322802,2185.622692934399,237.27113565036078
4.630422992134827,9214.537998401749,1.0,1.0,1.0
11542.36406790402,3.4675107021650398,1.0,1.0,1.0
1.0,1.0,1765.3949579948558,613.6572553481471,197.94778665699607

Iteration: ,80000
Error:,0.058165594470496594
Absolute Error:,1
Transition Probabilities
6.83620453923982e-05,6.83620453923982e-05,0.0941607850150938,0.818803397776724,0.08689909311739746
0.8366595483458538,0.16303155544327316,0.00010296540362438206,0.00010296540362438206,0.00010296540362438206
0.05993311698454118,0.04147930732371314,0.7613546954299707,0.07756315625789782,0.05966972400387712
0.0690408906302428,0.03727849071512457,0.7791640333461077,0.056834362834029366,0.057682222474495504
0.11625733174321799,0.07324693759893175,0.610029966411878,0.10468796796845947,0.09577779627751282

0.05484941896708331,0.05374240561755659,0.05513025035339276,0.7986190392034223,0.03765888585854509
0.06521061027831222,0.05987637610341326,0.2535181306195083,0.561806087520577,0.05958879547818913
0.0004457139380653414,0.9992696389204635,9.488238049039707e-05,9.488238049039707e-05,9.488238049039707e-05
