0,1,2,3,4,5,6,7,8,9,10,11,12,13,14,15,16,17,18,19,20,21,22,23,24,25,26,27,28,29
github Code Version (SHA):,3130f818d955eaa9876b4af7408e9fb46046852d
Environment Observations,Environment Actions,alpha,epsilon,numActions,explore,patience,gainThresh,insertRandActions,useBudd,revisedSplitting,haveControl,confidence_factor
"['diamond', 'square']","['x', 'y']",0.75,0.75,75000,0.5,0,0.01,False,True,False,True,250

Model Num 0
Model States: 
['diamond'],['square']
Iteration: ,0
Error:,0.1958757173265967
Absolute Error:,1
Transition Probabilities
0.5,0.5
0.5,0.5

0.5,0.5
0.5,0.5

Transition Gammas
1.0,1.0
1.0,1.0

1.0,1.0
1.0,1.0

Iteration: ,2017
Error:,0.15063872749825008
Absolute Error:,1
Transition Probabilities
0.4322469982847341,0.5677530017152659
0.3764705882352941,0.6235294117647059

0.4463768115942029,0.553623188405797
0.594,0.406


Model Num 1
Model States: 
['square'],"['diamond', 'x', 'square']","['diamond', 'x', 'diamond']"
Iteration: ,0
Error:,0.24127174377776986
Absolute Error:,1
Transition Probabilities
0.3333333333333333,0.3333333333333333,0.3333333333333333
0.3333333333333333,0.3333333333333333,0.3333333333333333
0.3333333333333333,0.3333333333333333,0.3333333333333333

0.3333333333333333,0.3333333333333333,0.3333333333333333
0.3333333333333333,0.3333333333333333,0.3333333333333333
0.3333333333333333,0.3333333333333333,0.3333333333333333

Transition Gammas
1.0,1.0,1.0
1.0,1.0,1.0
1.0,1.0,1.0

1.0,1.0,1.0
1.0,1.0,1.0
1.0,1.0,1.0

Iteration: ,2500
Error:,0.14098782616975358
Absolute Error:,1
Transition Probabilities
0.6588235294117647,0.2119189970059765,0.12925747358225878
0.9961315280464217,0.0019342359767891683,0.0019342359767891683
0.0025445292620865146,0.615923547339844,0.3815319233980695

0.4094076655052265,0.3194109341951151,0.2711814002996584
0.6923255663858271,0.13735078589308508,0.17032364772108788
0.45416606759874156,0.16561135199592156,0.3802225804053368

Transition Gammas
560.0,180.13114745508003,109.86885254491996
515.0,1.0,1.0
1.0,242.05795410455863,149.94204589544128

235.0,183.34187622799607,155.65812377200393
70.79285023379133,14.044625949583834,17.416223045665134
2.7423607266362158,1.0,2.2958726912313376

Iteration: ,2964
Error:,0.1391912838811983
Absolute Error:,1
Transition Probabilities
0.6609071274298056,0.21281686817866333,0.12627600439153108
0.9967637540453075,0.0016181229773462784,0.0016181229773462784
0.002136752136752137,0.6121653289619297,0.38569791890131816

0.412,0.3201987219352295,0.2678012780647705
0.719721873211299,0.12470451425922528,0.15557361252947577
0.36872983527535896,0.3225738101464764,0.3086963545781645


Model Num 2
Model States: 
['square'],"['diamond', 'x', 'square']","['diamond', 'y', 'square']","['diamond', 'y', 'diamond', 'x', 'square']"
Iteration: ,0
Error:,0.2683774121289475
Absolute Error:,1
Transition Probabilities
0.25,0.25,0.25,0.25
0.25,0.25,0.25,0.25
0.25,0.25,0.25,0.25
0.25,0.25,0.25,0.25

0.25,0.25,0.25,0.25
0.25,0.25,0.25,0.25
0.25,0.25,0.25,0.25
0.25,0.25,0.25,0.25

Transition Gammas
1.0,1.0,1.0,1.0
1.0,1.0,1.0,1.0
1.0,1.0,1.0,1.0
1.0,1.0,1.0,1.0

1.0,1.0,1.0,1.0
1.0,1.0,1.0,1.0
1.0,1.0,1.0,1.0
1.0,1.0,1.0,1.0

Iteration: ,2500
Error:,0.1664126919867507
Absolute Error:,1
Transition Probabilities
0.6492985971943888,0.16132264529058116,0.09719438877755511,0.09218436873747494
0.5483870967741935,0.174573055028463,0.15749525616698293,0.11954459203036052
0.25,0.25,0.25,0.25
0.25,0.25,0.25,0.25

0.3586698337292161,0.29691211401425177,0.2517814726840855,0.09263657957244656
0.25,0.25,0.25,0.25
0.9908814589665653,0.00303951367781155,0.00303951367781155,0.00303951367781155
0.004149377593360996,0.6182572614107884,0.17842323651452283,0.1991701244813278

Transition Gammas
648.0,161.0,97.0,92.0
289.0,92.0,83.0,63.0
1.0,1.0,1.0,1.0
1.0,1.0,1.0,1.0

151.0,125.0,106.0,39.0
1.0,1.0,1.0,1.0
326.0,1.0,1.0,1.0
1.0,149.0,43.0,48.0

Iteration: ,4288
Error:,0.17057324100733007
Absolute Error:,1
Transition Probabilities
0.6503340757238307,0.15515961395694136,0.09948032665181886,0.09502598366740905
0.5288985823336968,0.1941112322791712,0.14940021810250817,0.12758996728462377
0.25,0.25,0.25,0.25
0.25,0.25,0.25,0.25

0.3756243756243756,0.2757242757242757,0.24675324675324675,0.1018981018981019
0.25,0.25,0.25,0.25
0.9950819672131147,0.001639344262295082,0.001639344262295082,0.001639344262295082
0.002331002331002331,0.5920745920745921,0.21445221445221446,0.19114219114219114

*,*,*,*,*,*,*,*,*,*,*
Model Num 1
Model States: 
['square'],"['diamond', 'x', 'square']","['diamond', 'x', 'diamond']"
Iteration: ,4288
Error:,0.13945194406410652
Absolute Error:,1
Transition Probabilities
0.6609071274298056,0.21281686817866333,0.12627600439153108
0.9967637540453075,0.0016181229773462784,0.0016181229773462784
0.002136752136752137,0.6121653289619297,0.38569791890131816

0.412,0.3201987219352295,0.2678012780647705
0.719721873211299,0.12470451425922528,0.15557361252947577
0.36872983527535896,0.3225738101464764,0.3086963545781645

Transition Gammas
612.0,197.06841993344224,116.93158006655777
616.0,1.0,1.0
1.0,286.4933739541831,180.5066260458169

309.0,240.14904145142214,200.85095854857786
89.4566795444161,15.49994822313044,19.336773439329157
2.7423607266362158,2.3990837294912537,2.2958726912313376

