0,1,2,3,4,5,6,7,8,9,10,11,12,13,14,15,16,17,18,19,20,21,22,23,24,25,26,27,28,29
github Code Version (SHA):,3130f818d955eaa9876b4af7408e9fb46046852d
Environment Observations,Environment Actions,alpha,epsilon,numActions,explore,patience,gainThresh,insertRandActions,useBudd,revisedSplitting,haveControl,confidence_factor
"['diamond', 'square']","['x', 'y']",0.75,0.75,75000,0.5,0,0.01,False,True,False,True,250

Model Num 0
Model States: 
['diamond'],['square']
Iteration: ,0
Error:,0.19546115912710094
Absolute Error:,1
Transition Probabilities
0.5,0.5
0.5,0.5

0.5,0.5
0.5,0.5

Transition Gammas
1.0,1.0
1.0,1.0

1.0,1.0
1.0,1.0

Iteration: ,1984
Error:,0.14763943871966922
Absolute Error:,1
Transition Probabilities
0.44283121597096187,0.5571687840290381
0.36054421768707484,0.6394557823129252

0.4415954415954416,0.5584045584045584
0.58,0.42


Model Num 1
Model States: 
['square'],"['diamond', 'x', 'square']","['diamond', 'x', 'diamond']"
Iteration: ,0
Error:,0.24394388663796318
Absolute Error:,1
Transition Probabilities
0.3333333333333333,0.3333333333333333,0.3333333333333333
0.3333333333333333,0.3333333333333333,0.3333333333333333
0.3333333333333333,0.3333333333333333,0.3333333333333333

0.3333333333333333,0.3333333333333333,0.3333333333333333
0.3333333333333333,0.3333333333333333,0.3333333333333333
0.3333333333333333,0.3333333333333333,0.3333333333333333

Transition Gammas
1.0,1.0,1.0
1.0,1.0,1.0
1.0,1.0,1.0

1.0,1.0,1.0
1.0,1.0,1.0
1.0,1.0,1.0

Iteration: ,2500
Error:,0.1343566386918412
Absolute Error:,1
Transition Probabilities
0.6426886792452831,0.2211504808605763,0.1361608398941407
0.9962962962962963,0.001851851851851852,0.001851851851851852
0.0027397260273972603,0.7050515005362042,0.2922087734363985

0.36510791366906475,0.2956839102032042,0.3392081761277311
0.5518951664477235,0.2899792982376491,0.15812553531462736
0.5957442271429325,0.21119194674491337,0.1930638261121541

Transition Gammas
545.0,187.5356077697687,115.46439223023133
538.0,1.0,1.0
1.0,257.34379769571456,106.65620230428546

203.0,164.40025407298154,188.5997459270185
42.575364179511894,22.370143783740918,12.198425826833581
27.5687122330238,9.773137095536983,8.934238591313331

Iteration: ,3041
Error:,0.1362338855824233
Absolute Error:,1
Transition Probabilities
0.644468313641246,0.2205320592919884,0.13499962706676566
0.9970414201183432,0.0014792899408284023,0.0014792899408284023
0.002252252252252252,0.7137111915020095,0.28403655624573837

0.356,0.3121734658792063,0.33182653412079377
0.5512580805870942,0.30546523546218657,0.14327668395071913
0.5443075570897752,0.26372264140456164,0.19196980150566312


Model Num 2
Model States: 
"['diamond', 'x', 'square']","['diamond', 'x', 'diamond']","['square', 'y', 'square']","['square', 'y', 'diamond', 'x', 'diamond']"
Iteration: ,0
Error:,0.1968092415049617
Absolute Error:,0.5
Transition Probabilities
0.25,0.25,0.25,0.25
0.25,0.25,0.25,0.25
0.25,0.25,0.25,0.25
0.25,0.25,0.25,0.25

0.25,0.25,0.25,0.25
0.25,0.25,0.25,0.25
0.25,0.25,0.25,0.25
0.25,0.25,0.25,0.25

Transition Gammas
1.0,1.0,1.0,1.0
1.0,1.0,1.0,1.0
1.0,1.0,1.0,1.0
1.0,1.0,1.0,1.0

1.0,1.0,1.0,1.0
1.0,1.0,1.0,1.0
1.0,1.0,1.0,1.0
1.0,1.0,1.0,1.0

Iteration: ,2500
Error:,0.15215273998115628
Absolute Error:,0.48044591756576444
Transition Probabilities
0.001447178002894356,0.001447178002894356,0.3878437047756874,0.6092619392185239
0.5847750865051903,0.4117647058823529,0.0017301038062283738,0.0017301038062283738
0.20941644489613317,0.40120588441614374,0.17373391879792427,0.2156437518897989
0.12954496749419261,0.051819344038138204,0.2344713336512912,0.5841643548163781

0.25,0.25,0.25,0.25
0.25,0.25,0.25,0.25
0.0024271844660194173,0.0024271844660194173,0.49965812277965027,0.4954875082883109
0.5123558484349259,0.4843492586490939,0.0016474464579901153,0.0016474464579901153

Transition Gammas
1.0,1.0,268.0,421.0
338.0,238.0,1.0,1.0
14.481599166879489,27.744252866052058,12.014075470389121,14.912230886447169
6.881195855189196,2.752550425626103,12.454695851880755,31.029760668178277

1.0,1.0,1.0,1.0
1.0,1.0,1.0,1.0
1.0,1.0,205.8591465852159,204.1408534147841
311.0,294.0,1.0,1.0

Iteration: ,5000
Error:,0.15392532522680077
Absolute Error:,0.4812287971425791
Transition Probabilities
0.0007215007215007215,0.0007215007215007215,0.3997113997113997,0.5988455988455988
0.5944986690328306,0.40372670807453415,0.0008873114463176575,0.0008873114463176575
0.21138007593291433,0.3968995763550155,0.1729498984636581,0.2187704492484121
0.1703410882672403,0.04064352847809393,0.21787127035533738,0.5711441128993284

0.25,0.25,0.25,0.25
0.25,0.25,0.25,0.25
0.00117096018735363,0.00117096018735363,0.49069266194635003,0.5069654176789428
0.5134914145543745,0.4848732624693377,0.0008176614881439084,0.0008176614881439084

Transition Gammas
1.0,1.0,554.0,830.0
670.0,455.0,1.0,1.0
15.71904943443033,29.51500529883894,12.861231086380876,16.26862650773062
25.939553836233642,6.189199598149856,33.17745356824618,86.97386881523919

1.0,1.0,1.0,1.0
1.0,1.0,1.0,1.0
1.0,1.0,419.0515333021829,432.9484666978171
628.0,593.0,1.0,1.0

Iteration: ,7500
Error:,0.15522588432482032
Absolute Error:,0.4845094251244643
Transition Probabilities
0.00047505938242280285,0.00047505938242280285,0.39429928741092635,0.604750593824228
0.6058572300183038,0.39292251372788284,0.0006101281269066504,0.0006101281269066504
0.21138007593291433,0.3968995763550155,0.1729498984636581,0.2187704492484121
0.1912663024946652,0.035515062037637435,0.2165377875832054,0.5566808478844919

0.25,0.25,0.25,0.25
0.25,0.25,0.25,0.25
0.0007849293563579276,0.0007849293563579276,0.49030478807459676,0.5081253532126874
0.5242718446601942,0.4746494066882416,0.0005393743257820927,0.0005393743257820927

Transition Gammas
1.0,1.0,830.0,1273.0
993.0,644.0,1.0,1.0
15.71904943443033,29.51500529883894,12.861231086380876,16.26862650773062
51.06359605143961,9.48168473995736,57.810487110397524,148.62066958574397

1.0,1.0,1.0,1.0
1.0,1.0,1.0,1.0
1.0,1.0,624.6483000070364,647.3516999929639
972.0,880.0,1.0,1.0

Iteration: ,10000
Error:,0.15765977575496398
Absolute Error:,0.48883531692047166
Transition Probabilities
0.0003541076487252125,0.0003541076487252125,0.38774787535410765,0.6115439093484419
0.606694560669456,0.3923756392375639,0.00046490004649000463,0.00046490004649000463
0.21138007593291433,0.3968995763550155,0.1729498984636581,0.2187704492484121
0.20088605669689857,0.03004001968787248,0.22784024558101731,0.5412336780342116

0.25,0.25,0.25,0.25
0.25,0.25,0.25,0.25
0.0005924170616113743,0.0005924170616113743,0.48920356491175493,0.5096116009650223
0.5313253012048192,0.4678714859437751,0.00040160642570281126,0.00040160642570281126

Transition Gammas
1.0,1.0,1095.0,1727.0
1305.0,844.0,1.0,1.0
15.71904943443033,29.51500529883894,12.861231086380876,16.26862650773062
77.74347576506506,11.625573128302872,88.17482358847934,209.45897402415076

1.0,1.0,1.0,1.0
1.0,1.0,1.0,1.0
1.0,1.0,825.7756175710424,860.2243824289578
1323.0,1165.0,1.0,1.0

Iteration: ,12500
Error:,0.15848928857721084
Absolute Error:,0.4902032084183701
Transition Probabilities
0.00028208744710860365,0.00028208744710860365,0.38194640338504937,0.6174894217207334
0.6093924711144242,0.3898620946701454,0.0003727171077152441,0.0003727171077152441
0.21138007593291433,0.3968995763550155,0.1729498984636581,0.2187704492484121
0.2048423905231411,0.027108028178584823,0.2314500394646256,0.5365995418336484

0.25,0.25,0.25,0.25
0.25,0.25,0.25,0.25
0.00047778308647873863,0.00047778308647873863,0.48687534916421166,0.512169084662831
0.5310410697230181,0.46832219038522765,0.0003183699458771092,0.0003183699458771092

Transition Gammas
1.0,1.0,1354.0,2189.0
1635.0,1046.0,1.0,1.0
15.71904943443033,29.51500529883894,12.861231086380876,16.26862650773062
100.80281428335263,13.339843980023643,113.8964219488134,264.06030422633023

1.0,1.0,1.0,1.0
1.0,1.0,1.0,1.0
1.0,1.0,1019.030105800695,1071.9698941993051
1668.0,1471.0,1.0,1.0

Iteration: ,15000
Error:,0.1595359801690312
Absolute Error:,0.49080954400162896
Transition Probabilities
0.00023408239700374532,0.00023408239700374532,0.38085205992509363,0.6186797752808989
0.6169278996865204,0.3824451410658307,0.00031347962382445143,0.00031347962382445143
0.21138007593291433,0.3968995763550155,0.1729498984636581,0.2187704492484121
0.21780290577399491,0.024594813798634815,0.23108499936346033,0.5265172810639098

0.25,0.25,0.25,0.25
0.25,0.25,0.25,0.25
0.00039888312724371757,0.00039888312724371757,0.48476636237433074,0.5144358713711819
0.5293650793650794,0.4701058201058201,0.00026455026455026457,0.00026455026455026457

Transition Gammas
1.0,1.0,1627.0,2643.0
1968.0,1220.0,1.0,1.0
15.71904943443033,29.51500529883894,12.861231086380876,16.26862650773062
132.67200353765912,14.981633104043482,140.76263006730514,320.72162824326335

1.0,1.0,1.0,1.0
1.0,1.0,1.0,1.0
1.0,1.0,1215.3092704724472,1289.6907295275528
2001.0,1777.0,1.0,1.0

Iteration: ,17500
Error:,0.15893788706671952
Absolute Error:,0.49219240121946406
Transition Probabilities
0.00020096463022508038,0.00020096463022508038,0.38263665594855306,0.6169614147909968
0.6137708445400754,0.385691231845078,0.00026896180742334586,0.00026896180742334586
0.21138007593291433,0.3968995763550155,0.1729498984636581,0.2187704492484121
0.22045671144243978,0.022795008891878247,0.23634690682171347,0.5204013728439685

0.25,0.25,0.25,0.25
0.25,0.25,0.25,0.25
0.0003401360544217687,0.0003401360544217687,0.4820864098444683,0.5172333180466882
0.5308669995460735,0.46867907399001363,0.00022696323195642307,0.00022696323195642307

Transition Gammas
1.0,1.0,1904.0,3070.0
2282.0,1434.0,1.0,1.0
15.71904943443033,29.51500529883894,12.861231086380876,16.26862650773062
159.8984732709127,16.533346143829576,171.42371994858425,377.4499966972594

1.0,1.0,1.0,1.0
1.0,1.0,1.0,1.0
1.0,1.0,1417.334044942737,1520.665955057263
2339.0,2065.0,1.0,1.0

Iteration: ,20000
Error:,0.15779619626055366
Absolute Error:,0.49089414194892445
Transition Probabilities
0.00017577781683951485,0.00017577781683951485,0.3826683072596238,0.6169801371066971
0.618096357226792,0.38143360752056404,0.00023501762632197415,0.00023501762632197415
0.21138007593291433,0.3968995763550155,0.1729498984636581,0.2187704492484121
0.22139450563243832,0.02238074835042272,0.23243220115637941,0.5237925448607595

0.25,0.25,0.25,0.25
0.25,0.25,0.25,0.25
0.0002978850163836759,0.0002978850163836759,0.4823978390745732,0.5170063908926594
0.5276122367898292,0.4719904648390942,0.0001986491855383393,0.0001986491855383393

Transition Gammas
1.0,1.0,2177.0,3510.0
2630.0,1623.0,1.0,1.0
15.71904943443033,29.51500529883894,12.861231086380876,16.26862650773062
184.76590393148285,18.67796668131504,193.97746853185862,437.1337163373134

1.0,1.0,1.0,1.0
1.0,1.0,1.0,1.0
1.0,1.0,1619.4095457733422,1735.5904542266578
2656.0,2376.0,1.0,1.0

Iteration: ,22500
Error:,0.15990300970848303
Absolute Error:,0.4917774538882316
Transition Probabilities
0.00015598190609889253,0.00015598190609889253,0.38168772422399,0.6180003119638122
0.6152246256239601,0.3843594009983361,0.00020798668885191348,0.00020798668885191348
0.21138007593291433,0.3968995763550155,0.1729498984636581,0.2187704492484121
0.22802610447253932,0.021783767955725113,0.22821350391868866,0.521976623653047

0.25,0.25,0.25,0.25
0.25,0.25,0.25,0.25
0.0002672367717797969,0.0002672367717797969,0.4792559940133543,0.5202095324430861
0.5282585658777817,0.47138820204874604,0.00017661603673613564,0.00017661603673613564

Transition Gammas
1.0,1.0,2447.0,3962.0
2958.0,1848.0,1.0,1.0
15.71904943443033,29.51500529883894,12.861231086380876,16.26862650773062
216.1739710997203,20.651511086402994,216.35163006797615,494.8457976656447

1.0,1.0,1.0,1.0
1.0,1.0,1.0,1.0
1.0,1.0,1793.3759295979717,1946.6240704020283
2991.0,2669.0,1.0,1.0

Iteration: ,25000
Error:,0.15752475637237284
Absolute Error:,0.4908781190239241
Transition Probabilities
0.00013974287311347122,0.00013974287311347122,0.3798211291224148,0.6198993851313583
0.6224489795918368,0.37717309145880573,0.0001889644746787604,0.0001889644746787604
0.21138007593291433,0.3968995763550155,0.1729498984636581,0.2187704492484121
0.2293159820608027,0.02114307001195841,0.2235041636074076,0.5260367843198314

0.25,0.25,0.25,0.25
0.25,0.25,0.25,0.25
0.00024125452352231593,0.00024125452352231593,0.4786792434462792,0.5208382475066763
0.5297186215618084,0.4699652228896617,0.00015807777426493836,0.00015807777426493836

Transition Gammas
1.0,1.0,2718.0,4436.0
3294.0,1996.0,1.0,1.0
15.71904943443033,29.51500529883894,12.861231086380876,16.26862650773062
243.09574643496273,22.413572487594433,236.93469157792288,557.6467178051745

1.0,1.0,1.0,1.0
1.0,1.0,1.0,1.0
1.0,1.0,1984.1254640848283,2158.874535915174
3351.0,2973.0,1.0,1.0

Iteration: ,27500
Error:,0.15963437943507924
Absolute Error:,0.4918756526138329
Transition Probabilities
0.00012721027859051011,0.00012721027859051011,0.3801043124284442,0.6196412670143747
0.6187222412025966,0.38093611206012984,0.00017082336863682952,0.00017082336863682952
0.21138007593291433,0.3968995763550155,0.1729498984636581,0.2187704492484121
0.2325735701217693,0.0207529376864858,0.22523087298580613,0.5214426192059388

0.25,0.25,0.25,0.25
0.25,0.25,0.25,0.25
0.0002194426157559797,0.0002194426157559797,0.4770988676712157,0.5224622470972723
0.5291660665418407,0.4705458735416967,0.00014402995823131211,0.00014402995823131211

Transition Gammas
1.0,1.0,2988.0,4871.0
3622.0,2230.0,1.0,1.0
15.71904943443033,29.51500529883894,12.861231086380876,16.26862650773062
271.93431803238695,24.265164584214734,263.3489429309037,609.6915611371786

1.0,1.0,1.0,1.0
1.0,1.0,1.0,1.0
1.0,1.0,2174.1395399777307,2380.8604600222707
3674.0,3267.0,1.0,1.0

Iteration: ,30000
Error:,0.1602767505689853
Absolute Error:,0.49181141453922744
Transition Probabilities
0.00011684973124561814,0.00011684973124561814,0.38034587520448704,0.6194204253330218
0.6163189037682965,0.3833696667704765,0.00015571473061351605,0.00015571473061351605
0.21138007593291433,0.3968995763550155,0.1729498984636581,0.2187704492484121
0.23262864412275386,0.020015694542729903,0.22467890301038684,0.5226767583241294

0.25,0.25,0.25,0.25
0.25,0.25,0.25,0.25
0.00020136931131695522,0.00020136931131695522,0.4763957031208401,0.5232015582565259
0.5269001982815598,0.4728354263053536,0.00013218770654329148,0.00013218770654329148

Transition Gammas
1.0,1.0,3255.0,5301.0
3958.0,2462.0,1.0,1.0
15.71904943443033,29.51500529883894,12.861231086380876,16.26862650773062
298.7420712617835,25.70418646416999,288.5330012013903,671.2223164562225

1.0,1.0,1.0,1.0
1.0,1.0,1.0,1.0
1.0,1.0,2365.781061698093,2598.2189383019086
3986.0,3577.0,1.0,1.0

Iteration: ,32500
Error:,0.15951184832363063
Absolute Error:,0.4914656771320665
Transition Probabilities
0.00010779346771585642,0.00010779346771585642,0.3810499083755524,0.6187345046890158
0.6189095127610209,0.380800464037123,0.00014501160092807424,0.00014501160092807424
0.21138007593291433,0.3968995763550155,0.1729498984636581,0.2187704492484121
0.22845309233971556,0.019463010144336716,0.22581028902463857,0.5262736084913092

0.25,0.25,0.25,0.25
0.25,0.25,0.25,0.25
0.000185013876040703,0.000185013876040703,0.47663347108755827,0.5229965011603603
0.530400877299866,0.46935542829292065,0.00012184720360667723,0.00012184720360667723

Transition Gammas
1.0,1.0,3535.0,5740.0
4268.0,2626.0,1.0,1.0
15.71904943443033,29.51500529883894,12.861231086380876,16.26862650773062
322.2143479446828,27.450979360667514,318.4868906439635,742.2657573326399

1.0,1.0,1.0,1.0
1.0,1.0,1.0,1.0
1.0,1.0,2576.203911228253,2826.7960887717486
4353.0,3852.0,1.0,1.0

Iteration: ,35000
Error:,0.15930879542755563
Absolute Error:,0.49220671915305414
Transition Probabilities
0.0001002104419280489,0.0001002104419280489,0.3794969435815212,0.6203026355346227
0.6172210300429185,0.3825107296137339,0.00013412017167381974,0.00013412017167381974
0.21138007593291433,0.3968995763550155,0.1729498984636581,0.2187704492484121
0.22878905576597,0.019293852944377726,0.22893344214166764,0.5229836491479847

0.25,0.25,0.25,0.25
0.25,0.25,0.25,0.25
0.00017167381974248923,0.00017167381974248923,0.4782849076947042,0.5213717446658108
0.5295650203896692,0.47020842772995014,0.00011327594019030358,0.00011327594019030358

Transition Gammas
1.0,1.0,3787.0,6190.0
4602.0,2852.0,1.0,1.0
15.71904943443033,29.51500529883894,12.861231086380876,16.26862650773062
346.56520561160505,29.22595265897722,346.7839192813374,792.2054457179921

1.0,1.0,1.0,1.0
1.0,1.0,1.0,1.0
1.0,1.0,2786.009587321653,3036.990412678349
4675.0,4151.0,1.0,1.0

Iteration: ,37500
Error:,0.1585468958640262
Absolute Error:,0.49249314798007204
Transition Probabilities
9.351912466099317e-05,9.351912466099317e-05,0.38043579912092024,0.6193771626297578
0.61908953722334,0.380658953722334,0.00012575452716297788,0.00012575452716297788
0.21138007593291433,0.3968995763550155,0.1729498984636581,0.2187704492484121
0.22837021219329262,0.018685030491451135,0.23374244858077511,0.519202308734481

0.25,0.25,0.25,0.25
0.25,0.25,0.25,0.25
0.00015979546180888457,0.00015979546180888457,0.4758027437014763,0.523877665374906
0.5302197802197802,0.46956889264581575,0.00010566356720202873,0.00010566356720202873

Transition Gammas
1.0,1.0,4068.0,6623.0
4923.0,3027.0,1.0,1.0
15.71904943443033,29.51500529883894,12.861231086380876,16.26862650773062
374.20128082894877,30.61678786859898,383.0040827259419,850.7509235632982

1.0,1.0,1.0,1.0
1.0,1.0,1.0,1.0
1.0,1.0,2977.5735700838395,3278.4264299161623
5018.0,4444.0,1.0,1.0

Iteration: ,40000
Error:,0.15794843841467993
Absolute Error:,0.4932492292690268
Transition Probabilities
8.781944322472996e-05,8.781944322472996e-05,0.38034600860630546,0.6194783525072451
0.6148616971401781,0.38490389123300517,0.00011720581340834506,0.00011720581340834506
0.21138007593291433,0.3968995763550155,0.1729498984636581,0.2187704492484121
0.227888108011885,0.018570538246019466,0.23574617510836673,0.5177951786337288

0.25,0.25,0.25,0.25
0.25,0.25,0.25,0.25
0.00015008254539996996,0.00015008254539996996,0.47511804085252746,0.5245817940566726
0.5303812549642574,0.4694201747418586,9.928514694201747e-05,9.928514694201747e-05

Transition Gammas
1.0,1.0,4331.0,7054.0
5246.0,3284.0,1.0,1.0
15.71904943443033,29.51500529883894,12.861231086380876,16.26862650773062
399.2317332716954,32.533282392076394,412.9980933264731,907.1130058041012

1.0,1.0,1.0,1.0
1.0,1.0,1.0,1.0
1.0,1.0,3165.7115062003913,3495.2884937996105
5342.0,4728.0,1.0,1.0

Iteration: ,42500
Error:,0.1596615039267921
Absolute Error:,0.4935096182246211
Transition Probabilities
8.260366760284156e-05,8.260366760284156e-05,0.3813811333223195,0.6184536593424748
0.6155124653739612,0.3842659279778393,0.00011080332409972299,0.00011080332409972299
0.21138007593291433,0.3968995763550155,0.1729498984636581,0.2187704492484121
0.22905644572782838,0.018039306542661008,0.23674784659194953,0.516156401137561

0.25,0.25,0.25,0.25
0.25,0.25,0.25,0.25
0.0001409443269908386,0.0001409443269908386,0.4733380526414322,0.5263800587045862
0.5319387373926037,0.46787448636533435,9.338812103100486e-05,9.338812103100486e-05

Transition Gammas
1.0,1.0,4617.0,7487.0
5555.0,3468.0,1.0,1.0
15.71904943443033,29.51500529883894,12.861231086380876,16.26862650773062
429.8457108893878,33.852435455998375,444.279339516027,968.6154627611422

1.0,1.0,1.0,1.0
1.0,1.0,1.0,1.0
1.0,1.0,3358.3334834909624,3734.6665165090394
5696.0,5010.0,1.0,1.0

Iteration: ,45000
Error:,0.15995329627135713
Absolute Error:,0.49366932825766485
Transition Probabilities
7.793017456359102e-05,7.793017456359102e-05,0.3802992518703242,0.6195448877805486
0.6163910404019259,0.3833996231944735,0.00010466820180029308,0.00010466820180029308
0.21138007593291433,0.3968995763550155,0.1729498984636581,0.2187704492484121
0.22935014194642836,0.017524858922369244,0.2380213829078085,0.5151036162233938

0.25,0.25,0.25,0.25
0.25,0.25,0.25,0.25
0.0001335470085470085,0.0001335470085470085,0.4709610432361364,0.5287718627467696
0.5314094668308992,0.4684145697694879,8.798169980644026e-05,8.798169980644026e-05

Transition Gammas
1.0,1.0,4880.0,7950.0
5889.0,3663.0,1.0,1.0
15.71904943443033,29.51500529883894,12.861231086380876,16.26862650773062
456.12357703853905,34.852829263275275,473.3686391566678,1024.4201376259932

1.0,1.0,1.0,1.0
1.0,1.0,1.0,1.0
1.0,1.0,3526.55629175219,3959.4437082478116
6040.0,5324.0,1.0,1.0

Iteration: ,47500
Error:,0.1598841783837954
Absolute Error:,0.4938329472782883
Transition Probabilities
7.381163271331562e-05,7.381163271331562e-05,0.37968703867729553,0.6201653380572778
0.616314798295173,0.3834869660025771,9.911785112498761e-05,9.911785112498761e-05
0.21138007593291433,0.3968995763550155,0.1729498984636581,0.2187704492484121
0.22910538355384943,0.017213692521736407,0.2388672619076356,0.5148136620167787

0.25,0.25,0.25,0.25
0.25,0.25,0.25,0.25
0.00012666244458518045,0.00012666244458518045,0.47002690044677586,0.5297197746640537
0.5313957361758828,0.46843770819453695,8.327781479013991e-05,8.327781479013991e-05

Transition Gammas
1.0,1.0,5144.0,8402.0
6218.0,3869.0,1.0,1.0
15.71904943443033,29.51500529883894,12.861231086380876,16.26862650773062
481.4103358234955,36.17047041456255,501.9225955690625,1081.7581589468361

1.0,1.0,1.0,1.0
1.0,1.0,1.0,1.0
1.0,1.0,3710.8623790272964,4182.137620972705
6381.0,5625.0,1.0,1.0

Iteration: ,50000
Error:,0.15905817639396508
Absolute Error:,0.49389622152855805
Transition Probabilities
7.009673349221926e-05,7.009673349221926e-05,0.3786625543249685,0.6211972522080471
0.6158759981211837,0.3839361202442461,9.394081728511038e-05,9.394081728511038e-05
0.21138007593291433,0.3968995763550155,0.1729498984636581,0.2187704492484121
0.22997360495619548,0.017215946272855397,0.23716265941189477,0.5156477893590545

0.25,0.25,0.25,0.25
0.25,0.25,0.25,0.25
0.00012056908608632752,0.00012056908608632752,0.4705793059866517,0.5291795558411756
0.5312450561619997,0.46859674102199017,7.910140800506249e-05,7.910140800506249e-05

Transition Gammas
1.0,1.0,5402.0,8862.0
6556.0,4087.0,1.0,1.0
15.71904943443033,29.51500529883894,12.861231086380876,16.26862650773062
506.7356178361876,37.934497625810984,522.5763485668324,1136.2047447858015

1.0,1.0,1.0,1.0
1.0,1.0,1.0,1.0
1.0,1.0,3902.9847638532874,4389.015236146708
6716.0,5924.0,1.0,1.0

Iteration: ,52500
Error:,0.15864652720276567
Absolute Error:,0.49407618334634235
Transition Probabilities
6.676458806249166e-05,6.676458806249166e-05,0.37782080384564026,0.6220456669782347
0.6147460501651344,0.38507542622511826,8.926180487369455e-05,8.926180487369455e-05
0.21138007593291433,0.3968995763550155,0.1729498984636581,0.2187704492484121
0.22964211370475904,0.01706935884507838,0.23703608180637886,0.5162524456437837

0.25,0.25,0.25,0.25
0.25,0.25,0.25,0.25
0.00011506155793349444,0.00011506155793349444,0.4703962900322864,0.5293735868518467
0.53114408375386,0.46870527980718535,7.531821947729155e-05,7.531821947729155e-05

Transition Gammas
1.0,1.0,5659.0,9317.0
6887.0,4314.0,1.0,1.0
15.71904943443033,29.51500529883894,12.861231086380876,16.26862650773062
530.952119657282,39.46581101250907,548.0476034642315,1193.6196104048586

1.0,1.0,1.0,1.0
1.0,1.0,1.0,1.0
1.0,1.0,4088.2141566706,4600.785843329399
7052.0,6223.0,1.0,1.0

Iteration: ,55000
Error:,0.1595400171474553
Absolute Error:,0.49422084429646257
Transition Probabilities
6.374298827129016e-05,6.374298827129016e-05,0.3785696073431922,0.6213029066802652
0.6157261162810552,0.3841031332707248,8.537522410996328e-05,8.537522410996328e-05
0.21138007593291433,0.3968995763550155,0.1729498984636581,0.2187704492484121
0.23054153401174404,0.016795990741397468,0.23910116073737048,0.513561314509488

0.25,0.25,0.25,0.25
0.25,0.25,0.25,0.25
0.00010956502684343162,0.00010956502684343162,0.46949208515121127,0.530288784795102
0.5310409323070283,0.46881519315157183,7.193727069994964e-05,7.193727069994964e-05

Transition Gammas
1.0,1.0,5939.0,9747.0
7212.0,4499.0,1.0,1.0
15.71904943443033,29.51500529883894,12.861231086380876,16.26862650773062
561.257952975108,40.890173747284045,582.096534599239,1250.2752414847625

1.0,1.0,1.0,1.0
1.0,1.0,1.0,1.0
1.0,1.0,4285.054261175103,4839.945738824894
7382.0,6517.0,1.0,1.0

Iteration: ,57500
Error:,0.16003691986014273
Absolute Error:,0.4949204041192774
Transition Probabilities
6.093845216331505e-05,6.093845216331505e-05,0.3773308957952468,0.6225472273004266
0.6152212967499592,0.38461538461538464,8.165931732810714e-05,8.165931732810714e-05
0.21138007593291433,0.3968995763550155,0.1729498984636581,0.2187704492484121
0.23165086991272296,0.016712419998691656,0.2409791295803779,0.5106575805082075

0.25,0.25,0.25,0.25
0.25,0.25,0.25,0.25
0.00010487676979549034,0.00010487676979549034,0.46967190814996834,0.5301183383104408
0.5318841576666438,0.4679782623649997,6.878998417830364e-05,6.878998417830364e-05

Transition Gammas
1.0,1.0,6192.0,10216.0
7534.0,4710.0,1.0,1.0
15.71904943443033,29.51500529883894,12.861231086380876,16.26862650773062
588.8947743945249,42.48573212103239,612.6087512707909,1298.175917835041

1.0,1.0,1.0,1.0
1.0,1.0,1.0,1.0
1.0,1.0,4478.3216442099465,5054.678355790051
7732.0,6803.0,1.0,1.0

Iteration: ,60000
Error:,0.16163968678377977
Absolute Error:,0.49505175783879746
Transition Probabilities
5.842486562280907e-05,5.842486562280907e-05,0.377307782192101,0.6225753680766534
0.6148495506057053,0.38499413833528723,7.815552950371239e-05,7.815552950371239e-05
0.21138007593291433,0.3968995763550155,0.1729498984636581,0.2187704492484121
0.232797574412494,0.016592633388512506,0.24104191016026483,0.5095678820387286

0.25,0.25,0.25,0.25
0.25,0.25,0.25,0.25
0.00010047221943132727,0.00010047221943132727,0.470034422169066,0.5297646333920715
0.5313097987462884,0.46855823160673044,6.598482349059716e-05,6.598482349059716e-05

Transition Gammas
1.0,1.0,6458.0,10656.0
7867.0,4926.0,1.0,1.0
15.71904943443033,29.51500529883894,12.861231086380876,16.26862650773062
618.2297076846087,44.064285959104154,640.1238072784771,1353.2357609537062

1.0,1.0,1.0,1.0
1.0,1.0,1.0,1.0
1.0,1.0,4678.252603848712,5272.747396151285
8052.0,7101.0,1.0,1.0

Iteration: ,62500
Error:,0.16005276711881636
Absolute Error:,0.49529594978719416
Transition Probabilities
5.606009642336585e-05,5.606009642336585e-05,0.3763874873864783,0.623500392420675
0.6153036680697535,0.3845460012026458,7.51653638003608e-05,7.51653638003608e-05
0.21138007593291433,0.3968995763550155,0.1729498984636581,0.2187704492484121
0.23239019766461216,0.016316847060216313,0.24217687024254764,0.5091160850326238

0.25,0.25,0.25,0.25
0.25,0.25,0.25,0.25
9.647853352629043e-05,9.647853352629043e-05,0.47016956618324357,0.529637476749704
0.5320508764158705,0.4678225653356958,6.327912421692084e-05,6.327912421692084e-05

Transition Gammas
1.0,1.0,6714.0,11122.0
8186.0,5116.0,1.0,1.0
15.71904943443033,29.51500529883894,12.861231086380876,16.26862650773062
644.791201631506,45.27281928637255,671.9453606060093,1412.5964672222588

1.0,1.0,1.0,1.0
1.0,1.0,1.0,1.0
1.0,1.0,4873.307553489318,5489.6924465106795
8408.0,7393.0,1.0,1.0

Iteration: ,65000
Error:,0.1602793600810732
Absolute Error:,0.49552598129427333
Transition Probabilities
5.3902544200086246e-05,5.3902544200086246e-05,0.3765092712376024,0.6233829236739974
0.6154179924790281,0.3844373734451837,7.231703789412785e-05,7.231703789412785e-05
0.21138007593291433,0.3968995763550155,0.1729498984636581,0.2187704492484121
0.23349297955169565,0.016201126167353305,0.2429217213554672,0.5073841729254839

0.25,0.25,0.25,0.25
0.25,0.25,0.25,0.25
9.2678405931418e-05,9.2678405931418e-05,0.4700361802195022,0.5297784629686351
0.5322619917214512,0.46761626491356223,6.0871682493304114e-05,6.0871682493304114e-05

Transition Gammas
1.0,1.0,6985.0,11565.0
8510.0,5316.0,1.0,1.0
15.71904943443033,29.51500529883894,12.861231086380876,16.26862650773062
674.7047636678337,46.81501355151766,701.9501952975681,1466.1448028962882

1.0,1.0,1.0,1.0
1.0,1.0,1.0,1.0
1.0,1.0,5071.690384568427,5716.30961543157
8744.0,7682.0,1.0,1.0

Iteration: ,67500
Error:,0.15990574842152427
Absolute Error:,0.495471404574518
Transition Probabilities
5.1915688921191985e-05,5.1915688921191985e-05,0.3770636486346174,0.6228325199875402
0.6154651406239096,0.3843952822946472,6.978854072161351e-05,6.978854072161351e-05
0.21138007593291433,0.3968995763550155,0.1729498984636581,0.2187704492484121
0.23149912556805338,0.015922789498531133,0.2440399411131168,0.5085381438202987

0.25,0.25,0.25,0.25
0.25,0.25,0.25,0.25
8.915039671926543e-05,8.915039671926543e-05,0.4692022862645477,0.5306194129420139
0.53328645100797,0.46659634317862164,5.860290670417253e-05,5.860290670417253e-05

Transition Gammas
1.0,1.0,7263.0,11997.0
8819.0,5508.0,1.0,1.0
15.71904943443033,29.51500529883894,12.861231086380876,16.26862650773062
699.0625609173313,48.08236738034069,736.9323135974413,1535.6428507919288

1.0,1.0,1.0,1.0
1.0,1.0,1.0,1.0
1.0,1.0,5263.04204502943,5951.957954970568
9100.0,7962.0,1.0,1.0

Iteration: ,70000
Error:,0.15919264374927858
Absolute Error:,0.4957192491495561
Transition Probabilities
5.0045040536482834e-05,5.0045040536482834e-05,0.37743969572615355,0.6224602141927735
0.6153742595584276,0.38449111470113084,6.731287022078621e-05,6.731287022078621e-05
0.21138007593291433,0.3968995763550155,0.1729498984636581,0.2187704492484121
0.23343238976707206,0.015810272812836708,0.24412054608002828,0.506636791340063

0.25,0.25,0.25,0.25
0.25,0.25,0.25,0.25
8.602150537634411e-05,8.602150537634411e-05,0.4680227828133809,0.5318051741758665
0.5335255540479421,0.46636137494346447,5.653550429669833e-05,5.653550429669833e-05

Transition Gammas
1.0,1.0,7542.0,12438.0
9142.0,5712.0,1.0,1.0
15.71904943443033,29.51500529883894,12.861231086380876,16.26862650773062
732.9122805623966,49.639825540630035,766.4700958516659,1590.6975314281729

1.0,1.0,1.0,1.0
1.0,1.0,1.0,1.0
1.0,1.0,5440.764850205551,6182.235149794446
9437.0,8249.0,1.0,1.0

Iteration: ,72500
Error:,0.159888816177919
Absolute Error:,0.4959315353916325
Transition Probabilities
4.832552070748562e-05,4.832552070748562e-05,0.37766394432900013,0.6222394046295849
0.6147844743514725,0.3850854950913465,6.501527859046876e-05,6.501527859046876e-05
0.21138007593291433,0.3968995763550155,0.1729498984636581,0.2187704492484121
0.23387769597350827,0.015596125196367903,0.2445638144393965,0.5059623643907273

0.25,0.25,0.25,0.25
0.25,0.25,0.25,0.25
8.300821781356357e-05,8.300821781356357e-05,0.46751739834319966,0.5323165852211733
0.5339556720165957,0.46593514575827055,5.4591112566874116e-05,5.4591112566874116e-05

Transition Gammas
1.0,1.0,7815.0,12876.0
9456.0,5923.0,1.0,1.0
15.71904943443033,29.51500529883894,12.861231086380876,16.26862650773062
762.4304059087631,50.84264241006367,797.2666548534216,1649.4137641097489

1.0,1.0,1.0,1.0
1.0,1.0,1.0,1.0
1.0,1.0,5632.182097840525,6412.817902159472
9781.0,8535.0,1.0,1.0

Iteration: ,74999
Error:,0.1613792582893738
Absolute Error:,0.4964391583083282
Transition Probabilities
4.6724605177086255e-05,4.6724605177086255e-05,0.3783758527240445,0.6215306980656014
0.61450790252503,0.385366160821107,6.296832693155343e-05,6.296832693155343e-05
0.21138007593291433,0.3968995763550155,0.1729498984636581,0.2187704492484121
0.23695093091694142,0.015356855853737847,0.24553931232561377,0.502152900903707

0.25,0.25,0.25,0.25
0.25,0.25,0.25,0.25
7.99552250739586e-05,7.99552250739586e-05,0.4677808226156854,0.5320592669341667
0.5343898573692552,0.4655044902271527,5.282620179609086e-05,5.282620179609086e-05

Transition Gammas
1.0,1.0,8098.0,13302.0
9759.0,6120.0,1.0,1.0
15.71904943443033,29.51500529883894,12.861231086380876,16.26862650773062
801.5470316122214,51.94848645171647,830.5994248559853,1698.6604170629766

1.0,1.0,1.0,1.0
1.0,1.0,1.0,1.0
1.0,1.0,5850.534748454375,6654.465251545622
10116.0,8812.0,1.0,1.0

*,*,*,*,*,*,*,*,*,*,*
Model Num 2
Model States: 
"['diamond', 'x', 'square']","['diamond', 'x', 'diamond']","['square', 'y', 'square']","['square', 'y', 'diamond', 'x', 'diamond']"
Iteration: ,74999
Error:,0.15991945130501026
Absolute Error:,0.4964262699091741
Transition Probabilities
4.6724605177086255e-05,4.6724605177086255e-05,0.3783758527240445,0.6215306980656014
0.61450790252503,0.385366160821107,6.296832693155343e-05,6.296832693155343e-05
0.21138007593291433,0.3968995763550155,0.1729498984636581,0.2187704492484121
0.23690029498023008,0.015353574124571025,0.2454868410690926,0.5022592898261063

0.25,0.25,0.25,0.25
0.25,0.25,0.25,0.25
7.99552250739586e-05,7.99552250739586e-05,0.4677808226156854,0.5320592669341667
0.5343898573692552,0.4655044902271527,5.282620179609086e-05,5.282620179609086e-05

Transition Gammas
1.0,1.0,8098.0,13302.0
9759.0,6120.0,1.0,1.0
15.71904943443033,29.51500529883894,12.861231086380876,16.26862650773062
801.5470316122214,51.94848645171647,830.5994248559853,1699.3834595831747

1.0,1.0,1.0,1.0
1.0,1.0,1.0,1.0
1.0,1.0,5850.534748454375,6654.465251545622
10116.0,8812.0,1.0,1.0

