0,1,2,3,4,5,6,7,8,9,10,11,12,13,14,15,16,17,18,19,20,21,22,23,24,25,26,27,28,29
github Code Version (SHA):,3130f818d955eaa9876b4af7408e9fb46046852d
Environment Observations,Environment Actions,alpha,epsilon,numActions,explore,patience,gainThresh,insertRandActions,useBudd,revisedSplitting,haveControl,confidence_factor
"['diamond', 'square']","['x', 'y']",0.75,0.75,75000,0.5,0,0.01,False,True,False,True,250

Model Num 0
Model States: 
['diamond'],['square']
Iteration: ,0
Error:,0.1965572893671755
Absolute Error:,1
Transition Probabilities
0.5,0.5
0.5,0.5

0.5,0.5
0.5,0.5

Transition Gammas
1.0,1.0
1.0,1.0

1.0,1.0
1.0,1.0

Iteration: ,2084
Error:,0.14692217474389113
Absolute Error:,1
Transition Probabilities
0.4789473684210526,0.5210526315789473
0.39669421487603307,0.6033057851239669

0.41927710843373495,0.5807228915662651
0.594,0.406


Model Num 1
Model States: 
['square'],"['diamond', 'x', 'square']","['diamond', 'x', 'diamond']"
Iteration: ,0
Error:,0.2422605978383417
Absolute Error:,1
Transition Probabilities
0.3333333333333333,0.3333333333333333,0.3333333333333333
0.3333333333333333,0.3333333333333333,0.3333333333333333
0.3333333333333333,0.3333333333333333,0.3333333333333333

0.3333333333333333,0.3333333333333333,0.3333333333333333
0.3333333333333333,0.3333333333333333,0.3333333333333333
0.3333333333333333,0.3333333333333333,0.3333333333333333

Transition Gammas
1.0,1.0,1.0
1.0,1.0,1.0
1.0,1.0,1.0

1.0,1.0,1.0
1.0,1.0,1.0
1.0,1.0,1.0

Iteration: ,2500
Error:,0.15644341349408183
Absolute Error:,1
Transition Probabilities
0.6538461538461537,0.21686591928890397,0.12928792686494217
0.9962894248608535,0.0018552875695732839,0.0018552875695732839
0.0025,0.638398972746733,0.3591010272532671

0.38727272727272727,0.29685358308665366,0.315873689640619
0.35300922556609576,0.3058950998156624,0.34109567461824203
0.5665123676080835,0.29110403614117714,0.14238359625073932

Transition Gammas
544.0,180.43244484836814,107.56755515163191
537.0,1.0,1.0
1.0,255.3595890986932,143.64041090130684

213.0,163.26947069765953,173.73052930234047
26.868656174451942,23.282650047506497,25.961877877875203
22.412241220340555,11.516595667200578,5.632949406673487

Iteration: ,3048
Error:,0.15347064346457934
Absolute Error:,1
Transition Probabilities
0.6543075245365322,0.21990023703638492,0.12579223842708295
0.9969135802469136,0.0015432098765432098,0.0015432098765432098
0.0020040080160320635,0.643809579230166,0.35418641275380197

0.4026666666666667,0.278192440971277,0.31914089236205634
0.37029306134355067,0.2968487857580561,0.33285815289839316
0.6042180861371205,0.26862620915370006,0.12715570470917945


Model Num 2
Model States: 
"['diamond', 'x', 'square']","['diamond', 'x', 'diamond']","['square', 'y', 'square']","['square', 'y', 'diamond', 'x', 'diamond']"
Iteration: ,0
Error:,0.1959647858172632
Absolute Error:,0.5
Transition Probabilities
0.25,0.25,0.25,0.25
0.25,0.25,0.25,0.25
0.25,0.25,0.25,0.25
0.25,0.25,0.25,0.25

0.25,0.25,0.25,0.25
0.25,0.25,0.25,0.25
0.25,0.25,0.25,0.25
0.25,0.25,0.25,0.25

Transition Gammas
1.0,1.0,1.0,1.0
1.0,1.0,1.0,1.0
1.0,1.0,1.0,1.0
1.0,1.0,1.0,1.0

1.0,1.0,1.0,1.0
1.0,1.0,1.0,1.0
1.0,1.0,1.0,1.0
1.0,1.0,1.0,1.0

Iteration: ,2500
Error:,0.15725926586538538
Absolute Error:,0.4803298580327913
Transition Probabilities
0.0013850415512465374,0.0013850415512465374,0.3781163434903047,0.6191135734072022
0.6689609763534906,0.3269822285146635,0.002028397565922921,0.002028397565922921
0.15155942950816578,0.14567704833153472,0.26173621807037173,0.44102730408992774
0.25,0.25,0.25,0.25

0.2116625939927981,0.2116625939927981,0.2883374060072019,0.2883374060072019
0.25,0.25,0.25,0.25
0.00228310502283105,0.00228310502283105,0.5164487681833918,0.47898502177094615
0.5471406491499228,0.44976816074188564,0.0015455950540958269,0.0015455950540958269

Transition Gammas
1.0,1.0,273.0,447.0
329.79776134227086,161.2022386577291,1.0,1.0
17.481146351377248,16.802661571004453,30.189141964919056,50.86890913200489
1.0,1.0,1.0,1.0

1.0,1.0,1.3622501764152655,1.3622501764152655
1.0,1.0,1.0,1.0
1.0,1.0,226.2045604643256,209.7954395356744
354.0,291.0,1.0,1.0

Iteration: ,5000
Error:,0.15630676314163733
Absolute Error:,0.4772464269698427
Transition Probabilities
0.0006988120195667365,0.0006988120195667365,0.3787561146051712,0.6198462613556953
0.6480766121598728,0.34995294449037356,0.0009852216748768472,0.0009852216748768472
0.13991184495735526,0.13142588514084919,0.2394116563911237,0.48925061351067184
0.25,0.25,0.25,0.25

0.2116625939927981,0.2116625939927981,0.2883374060072019,0.2883374060072019
0.25,0.25,0.25,0.25
0.001160092807424594,0.001160092807424594,0.5163989605718619,0.481280853813289
0.5447470817120622,0.4536964980544747,0.0007782101167315176,0.0007782101167315176

Transition Gammas
1.0,1.0,542.0,887.0
657.7977613422709,355.20223865772914,1.0,1.0
31.48889417497174,29.5790237796777,53.88255951204559,110.11191224426521
1.0,1.0,1.0,1.0

1.0,1.0,1.3622501764152655,1.3622501764152655
1.0,1.0,1.0,1.0
1.0,1.0,445.1359040129449,414.8640959870551
700.0,583.0,1.0,1.0

Iteration: ,7500
Error:,0.15535593872371461
Absolute Error:,0.4778158060431339
Transition Probabilities
0.00046490004649000463,0.00046490004649000463,0.3770339377033938,0.6220362622036262
0.6476175873074174,0.3510777812509649,0.0006523157208088715,0.0006523157208088715
0.1499303472743602,0.12557711288314347,0.24152583983675135,0.4829667000057451
0.25,0.25,0.25,0.25

0.2116625939927981,0.2116625939927981,0.2883374060072019,0.2883374060072019
0.25,0.25,0.25,0.25
0.000778816199376947,0.000778816199376947,0.5085050944376598,0.4899372731635863
0.5389408099688473,0.46002076843198336,0.0005192107995846313,0.0005192107995846313

Transition Gammas
1.0,1.0,811.0,1338.0
992.7977613422709,538.2022386577291,1.0,1.0
48.87519004834012,40.93637725426051,78.73403575864928,157.44036933767046
1.0,1.0,1.0,1.0

1.0,1.0,1.3622501764152655,1.3622501764152655
1.0,1.0,1.0,1.0
1.0,1.0,652.9205412579552,629.0794587420448
1038.0,886.0,1.0,1.0

Iteration: ,10000
Error:,0.15517574814086252
Absolute Error:,0.47519089922866964
Transition Probabilities
0.00034928396786587494,0.00034928396786587494,0.3831645127488648,0.6161369193154034
0.644324287063941,0.3547015288152602,0.0004870920603994155,0.0004870920603994155
0.16221452495784286,0.11397575707967214,0.22624333198614696,0.49756638597633807
0.25,0.25,0.25,0.25

0.2116625939927981,0.2116625939927981,0.2883374060072019,0.2883374060072019
0.25,0.25,0.25,0.25
0.0005847953216374269,0.0005847953216374269,0.5030466077757821,0.49578380158094293
0.5344287949921753,0.4647887323943662,0.0003912363067292645,0.0003912363067292645

Transition Gammas
1.0,1.0,1097.0,1764.0
1322.7977613422709,728.2022386577291,1.0,1.0
70.66732534492222,49.65253209647054,98.56090971347567,216.7604022366371
1.0,1.0,1.0,1.0

1.0,1.0,1.3622501764152655,1.3622501764152655
1.0,1.0,1.0,1.0
1.0,1.0,860.2096992965875,847.7903007034124
1366.0,1188.0,1.0,1.0

Iteration: ,12500
Error:,0.15495111376713128
Absolute Error:,0.4727089648798918
Transition Probabilities
0.00028121484814398203,0.00028121484814398203,0.38695163104611924,0.6124859392575928
0.6403098102300081,0.3589134907408657,0.0003883495145631068,0.0003883495145631068
0.15626462515083145,0.10445754356282119,0.22370646978009012,0.515571361506257
0.25,0.25,0.25,0.25

0.2116625939927981,0.2116625939927981,0.2883374060072019,0.2883374060072019
0.25,0.25,0.25,0.25
0.0004666355576294915,0.0004666355576294915,0.5019879235633334,0.4970788053214075
0.5317809943360604,0.4675896790434235,0.00031466331025802394,0.00031466331025802394

Transition Gammas
1.0,1.0,1376.0,2178.0
1648.7977613422709,924.2022386577291,1.0,1.0
87.11139604544107,58.23098118625227,124.70757772676382,287.41080086749156
1.0,1.0,1.0,1.0

1.0,1.0,1.3622501764152655,1.3622501764152655
1.0,1.0,1.0,1.0
1.0,1.0,1075.7601201962234,1065.2398798037761
1690.0,1486.0,1.0,1.0

Iteration: ,15000
Error:,0.15458639150725198
Absolute Error:,0.475425652051364
Transition Probabilities
0.00023342670401493932,0.00023342670401493932,0.380718954248366,0.6188141923436041
0.6362986705243402,0.3630588624020974,0.00032123353678124,0.00032123353678124
0.15884540464628452,0.10438323904889114,0.22017269050170454,0.5165986658031197
0.32704895482503926,0.10698023640253017,0.3275864808899697,0.23838432788246083

0.2116625939927981,0.2116625939927981,0.2883374060072019,0.2883374060072019
0.25,0.25,0.25,0.25
0.00039463299131807424,0.00039463299131807424,0.49800379628955516,0.5012069377278087
0.5323084940072955,0.4671704012506514,0.0002605523710265763,0.0002605523710265763

Transition Gammas
1.0,1.0,1631.0,2651.0
1980.7977613422709,1130.2022386577291,1.0,1.0
98.29126261099573,64.59085413511136,136.23970923214694,319.6638595747514
10.73524115038297,3.5115802058457235,10.752885212063987,7.8248629403485594

1.0,1.0,1.3622501764152655,1.3622501764152655
1.0,1.0,1.0,1.0
1.0,1.0,1261.9416197977325,1270.058380202267
2043.0,1793.0,1.0,1.0

Iteration: ,17500
Error:,0.156933541617772
Absolute Error:,0.4786178498359377
Transition Probabilities
0.00019920318725099602,0.00019920318725099602,0.3741035856573705,0.6254980079681275
0.6325357959170846,0.3669146025440311,0.0002748007694421544,0.0002748007694421544
0.15884540464628452,0.10438323904889114,0.22017269050170454,0.5165986658031197
0.3044322264584676,0.19012435782600617,0.2770454500221373,0.22839796569338894

0.2116625939927981,0.2116625939927981,0.2883374060072019,0.2883374060072019
0.25,0.25,0.25,0.25
0.0003415300546448088,0.0003415300546448088,0.49771473042738956,0.5016022094633208
0.53721395245501,0.46234170184403467,0.00022217285047767163,0.00022217285047767163

Transition Gammas
1.0,1.0,1878.0,3140.0
2301.797761342271,1335.2022386577291,1.0,1.0
98.29126261099573,64.59085413511136,136.23970923214694,319.6638595747514
37.29085700440074,23.288928124402627,33.9361649739957,27.97718223806425

1.0,1.0,1.3622501764152655,1.3622501764152655
1.0,1.0,1.0,1.0
1.0,1.0,1457.3087306913965,1468.691269308603
2418.0,2081.0,1.0,1.0

Iteration: ,20000
Error:,0.1594093795148416
Absolute Error:,0.47887680058660287
Transition Probabilities
0.00017394329448599757,0.00017394329448599757,0.37623934597321274,0.6234127674378153
0.6287022655717016,0.3708137073227805,0.0002420135527589545,0.0002420135527589545
0.15884540464628452,0.10438323904889114,0.22017269050170454,0.5165986658031197
0.3123172809818167,0.1989298163829929,0.25345082967724564,0.23530207295794467

0.2116625939927981,0.2116625939927981,0.2883374060072019,0.2883374060072019
0.25,0.25,0.25,0.25
0.00029815146094215865,0.00029815146094215865,0.493988945086451,0.5054147519916646
0.5442890442890443,0.4553224553224553,0.00019425019425019425,0.00019425019425019425

Transition Gammas
1.0,1.0,2163.0,3584.0
2597.797761342271,1532.2022386577291,1.0,1.0
98.29126261099573,64.59085413511136,136.23970923214694,319.6638595747514
70.4005994046757,44.84150947010883,57.13129376894549,53.04031504541206

1.0,1.0,1.3622501764152655,1.3622501764152655
1.0,1.0,1.0,1.0
1.0,1.0,1656.8389218199566,1695.161078180043
2802.0,2344.0,1.0,1.0

Iteration: ,22500
Error:,0.15617890209026317
Absolute Error:,0.47737079208949446
Transition Probabilities
0.00015479876160990713,0.00015479876160990713,0.3786377708978328,0.6210526315789474
0.6295937863619594,0.36997228002988264,0.00021696680407897592,0.00021696680407897592
0.15884540464628452,0.10438323904889114,0.22017269050170454,0.5165986658031197
0.30181170578880245,0.18836500782079754,0.26327525676162633,0.24654802962877376

0.2116625939927981,0.2116625939927981,0.2883374060072019,0.2883374060072019
0.25,0.25,0.25,0.25
0.0002630194634402946,0.0002630194634402946,0.4935530986897895,0.5059208623833298
0.5466182321397682,0.45303580695381424,0.0001729804532087874,0.0001729804532087874

Transition Gammas
1.0,1.0,2446.0,4012.0
2901.797761342271,1705.2022386577291,1.0,1.0
98.29126261099573,64.59085413511136,136.23970923214694,319.6638595747514
102.26496351476092,63.825028263586326,89.20738994102307,83.53958700417704

1.0,1.0,1.3622501764152655,1.3622501764152655
1.0,1.0,1.0,1.0
1.0,1.0,1876.4888812185798,1923.51111878142
3160.0,2619.0,1.0,1.0

Iteration: ,25000
Error:,0.15743810776531142
Absolute Error:,0.47646055852633895
Transition Probabilities
0.00013948946854512484,0.00013948946854512484,0.38052727019110055,0.6191937508718092
0.6286099185173746,0.37100082496257863,0.00019462826002335538,0.00019462826002335538
0.15884540464628452,0.10438323904889114,0.22017269050170454,0.5165986658031197
0.29269197845879924,0.2057197051511189,0.24908947269150392,0.25249884369857795

0.2116625939927981,0.2116625939927981,0.2883374060072019,0.2883374060072019
0.25,0.25,0.25,0.25
0.00023674242424242425,0.00023674242424242425,0.49257423080240154,0.5069522843491134
0.5460649594003748,0.4536227357901312,0.0001561524047470331,0.0001561524047470331

Transition Gammas
1.0,1.0,2728.0,4439.0
3229.797761342271,1906.2022386577291,1.0,1.0
98.29126261099573,64.59085413511136,136.23970923214694,319.6638595747514
131.10721874083677,92.14922296322791,111.57609495882278,113.10327432583793

1.0,1.0,1.3622501764152655,1.3622501764152655
1.0,1.0,1.0,1.0
1.0,1.0,2080.633550909344,2141.3664490906554
3497.0,2905.0,1.0,1.0

Iteration: ,27500
Error:,0.1569242035113327
Absolute Error:,0.4762909252843123
Transition Probabilities
0.0001272264631043257,0.0001272264631043257,0.38244274809160306,0.6173027989821883
0.626720112595202,0.37292876380929235,0.00017556179775280898,0.00017556179775280898
0.15884540464628452,0.10438323904889114,0.22017269050170454,0.5165986658031197
0.29589349928922226,0.21298179743752382,0.24106794352422367,0.2500567597490302

0.2116625939927981,0.2116625939927981,0.2883374060072019,0.2883374060072019
0.25,0.25,0.25,0.25
0.0002144082332761578,0.0002144082332761578,0.4937359440376285,0.5058352394958191
0.5421841541755889,0.45753033547466093,0.00014275517487508923,0.00014275517487508923

Transition Gammas
1.0,1.0,3006.0,4852.0
3569.797761342271,2124.202238657729,1.0,1.0
98.29126261099573,64.59085413511136,136.23970923214694,319.6638595747514
164.4997472510254,118.40561530314736,134.01989525054663,139.0171594710129

1.0,1.0,1.3622501764152655,1.3622501764152655
1.0,1.0,1.0,1.0
1.0,1.0,2302.7844429914994,2359.2155570085
3798.0,3205.0,1.0,1.0

Iteration: ,30000
Error:,0.15677430007816265
Absolute Error:,0.4765781256172192
Transition Probabilities
0.00011657729074376311,0.00011657729074376311,0.37922592678946143,0.620540918629051
0.6246470771381845,0.3750324100413027,0.00016025641025641026,0.00016025641025641026
0.15884540464628452,0.10438323904889114,0.22017269050170454,0.5165986658031197
0.29624443580148374,0.20464334735771805,0.24698947765456453,0.25212273918623374

0.2116625939927981,0.2116625939927981,0.2883374060072019,0.2883374060072019
0.25,0.25,0.25,0.25
0.00019735543714229328,0.00019735543714229328,0.4929666690218047,0.5066386201039106
0.5411718648049066,0.45856714080647265,0.00013049719431032232,0.00013049719431032232

Transition Gammas
1.0,1.0,3253.0,5323.0
3897.797761342271,2340.202238657729,1.0,1.0
98.29126261099573,64.59085413511136,136.23970923214694,319.6638595747514
190.78488491525286,131.79271154472366,159.06411521997774,162.3699957436399

1.0,1.0,1.3622501764152655,1.3622501764152655
1.0,1.0,1.0,1.0
1.0,1.0,2497.8621119334844,2567.137888066515
4147.0,3514.0,1.0,1.0

Iteration: ,32500
Error:,0.1567745198266532
Absolute Error:,0.47709700131081895
Transition Probabilities
0.00010774701002047193,0.00010774701002047193,0.3794849692921021,0.6202995366878569
0.62349613227333,0.3762090564059153,0.00014740566037735848,0.00014740566037735848
0.15884540464628452,0.10438323904889114,0.22017269050170454,0.5165986658031197
0.2971130947856576,0.2064643343699238,0.24903386172793104,0.24738870911648755

0.2116625939927981,0.2116625939927981,0.2883374060072019,0.2883374060072019
0.25,0.25,0.25,0.25
0.00018211619012930248,0.00018211619012930248,0.49219786259572307,0.5074379050240183
0.5396230973665137,0.4601352983812515,0.00012080212611741966,0.00012080212611741966

Transition Gammas
1.0,1.0,3522.0,5757.0
4229.797761342271,2552.202238657729,1.0,1.0
98.29126261099573,64.59085413511136,136.23970923214694,319.6638595747514
224.31377509425567,155.87597812964495,188.01502401229632,186.77297039919225

1.0,1.0,1.3622501764152655,1.3622501764152655
1.0,1.0,1.0,1.0
1.0,1.0,2702.6584635131153,2786.3415364868843
4467.0,3809.0,1.0,1.0

Iteration: ,35000
Error:,0.15790203248306497
Absolute Error:,0.4778216462304978
Transition Probabilities
9.988014382740711e-05,9.988014382740711e-05,0.37834598481821813,0.6214542548941271
0.6228693422708619,0.3768570973406824,0.0001367801942278758,0.0001367801942278758
0.15884540464628452,0.10438323904889114,0.22017269050170454,0.5165986658031197
0.3078102624498344,0.20347654969774967,0.24529152713950875,0.2434216607129071

0.2116625939927981,0.2116625939927981,0.2883374060072019,0.2883374060072019
0.25,0.25,0.25,0.25
0.00016969285593076533,0.00016969285593076533,0.4908749389463908,0.5087856753417477
0.5396256025109293,0.4601502073758547,0.0001120950566080036,0.0001120950566080036

Transition Gammas
1.0,1.0,3788.0,6222.0
4553.797761342271,2755.202238657729,1.0,1.0
98.29126261099573,64.59085413511136,136.23970923214694,319.6638595747514
264.15887665202615,174.62100309910133,210.50608821722696,208.90139248418288

1.0,1.0,1.3622501764152655,1.3622501764152655
1.0,1.0,1.0,1.0
1.0,1.0,2892.7260152110807,2998.273984788919
4814.0,4105.0,1.0,1.0

Iteration: ,37500
Error:,0.1575025851224603
Absolute Error:,0.4774494085453225
Transition Probabilities
9.338812103100486e-05,9.338812103100486e-05,0.37924915950691074,0.6205640642510273
0.6217510545496899,0.377993648028814,0.00012764871074802145,0.00012764871074802145
0.15884540464628452,0.10438323904889114,0.22017269050170454,0.5165986658031197
0.3056718948848433,0.20125302169268922,0.24667457296101472,0.24640051046145275

0.2116625939927981,0.2116625939927981,0.2883374060072019,0.2883374060072019
0.25,0.25,0.25,0.25
0.00015782828282828284,0.00015782828282828284,0.4916517081058719,0.5080326353284715
0.5393564615868358,0.4604339167802117,0.00010481081647626035,0.00010481081647626035

Transition Gammas
1.0,1.0,4061.0,6645.0
4870.797761342271,2961.202238657729,1.0,1.0
98.29126261099573,64.59085413511136,136.23970923214694,319.6638595747514
295.47843700182636,194.54169417195928,238.44854069450042,238.18361755185464

1.0,1.0,1.3622501764152655,1.3622501764152655
1.0,1.0,1.0,1.0
1.0,1.0,3115.105222558804,3218.8947774411954
5146.0,4393.0,1.0,1.0

Iteration: ,40000
Error:,0.15681320888522077
Absolute Error:,0.4772500015651002
Transition Probabilities
8.762705923589205e-05,8.762705923589205e-05,0.3811777076761304,0.6186470382053978
0.6222352655256105,0.3775251274299424,0.00011980352222355337,0.00011980352222355337
0.15884540464628452,0.10438323904889114,0.22017269050170454,0.5165986658031197
0.30298697948132364,0.20698770734560148,0.2440694292093328,0.24595588396374202

0.2116625939927981,0.2116625939927981,0.2883374060072019,0.2883374060072019
0.25,0.25,0.25,0.25
0.00014725371815638345,0.00014725371815638345,0.49182657804299673,0.5078789145206904
0.5396809767625049,0.4601220953131154,9.846396218983852e-05,9.846396218983852e-05

Transition Gammas
1.0,1.0,4350.0,7060.0
5193.797761342271,3151.202238657729,1.0,1.0
98.29126261099573,64.59085413511136,136.23970923214694,319.6638595747514
325.9622697725544,222.6834401164371,262.5770429586064,264.6065462548309

1.0,1.0,1.3622501764152655,1.3622501764152655
1.0,1.0,1.0,1.0
1.0,1.0,3339.9942914899907,3449.005708510009
5481.0,4673.0,1.0,1.0

Iteration: ,42500
Error:,0.1595441653698118
Absolute Error:,0.4775745908689226
Transition Probabilities
8.244023083264634e-05,8.244023083264634e-05,0.3812036273701566,0.618631492168178
0.6230740680435627,0.37670037652619026,0.0001127777151234916,0.0001127777151234916
0.15884540464628452,0.10438323904889114,0.22017269050170454,0.5165986658031197
0.3077372400552171,0.2080296379347135,0.24244535816933602,0.2417877638407334

0.2116625939927981,0.2116625939927981,0.2883374060072019,0.2883374060072019
0.25,0.25,0.25,0.25
0.00013867702121758425,0.00013867702121758425,0.491302696672125,0.5084199492854398
0.5389327146171694,0.4608816705336427,9.280742459396752e-05,9.280742459396752e-05

Transition Gammas
1.0,1.0,4624.0,7504.0
5524.797761342271,3340.202238657729,1.0,1.0
98.29126261099573,64.59085413511136,136.23970923214694,319.6638595747514
367.1938861289517,248.22218841483124,289.287228364531,288.50258294114116

1.0,1.0,1.3622501764152655,1.3622501764152655
1.0,1.0,1.0,1.0
1.0,1.0,3542.7837457026935,3666.216254297306
5807.0,4966.0,1.0,1.0

Iteration: ,45000
Error:,0.15900751203890803
Absolute Error:,0.47868539568198193
Transition Probabilities
7.77000777000777e-05,7.77000777000777e-05,0.3791763791763792,0.6206682206682207
0.6209796749221247,0.37880776263765853,0.00010628122010840685,0.00010628122010840685
0.15884540464628452,0.10438323904889114,0.22017269050170454,0.5165986658031197
0.3119523411255403,0.2128773784557343,0.23646036118970035,0.23870991922902504

0.2116625939927981,0.2116625939927981,0.2883374060072019,0.2883374060072019
0.25,0.25,0.25,0.25
0.00013164823591363875,0.00013164823591363875,0.49117532252031193,0.5085613810078607
0.5405831363278172,0.45924174765782333,8.755800717975659e-05,8.755800717975659e-05

Transition Gammas
1.0,1.0,4880.0,7988.0
5842.797761342271,3564.202238657729,1.0,1.0
98.29126261099573,64.59085413511136,136.23970923214694,319.6638595747514
403.33551827934286,275.23758103433494,305.72895202151113,308.63749457136606

1.0,1.0,1.3622501764152655,1.3622501764152655
1.0,1.0,1.0,1.0
1.0,1.0,3730.9677498642895,3863.03225013571
6174.0,5245.0,1.0,1.0

Iteration: ,47500
Error:,0.1605703187915147
Absolute Error:,0.47872794709946853
Transition Probabilities
7.364312541424258e-05,7.364312541424258e-05,0.3791148096325208,0.6207379041166508
0.6225888626275691,0.37720980860254977,0.00010066438494060802,0.00010066438494060802
0.15884540464628452,0.10438323904889114,0.22017269050170454,0.5165986658031197
0.31215913496346015,0.21544338522743445,0.23702443533420658,0.23537304447489885

0.2116625939927981,0.2116625939927981,0.2883374060072019,0.2883374060072019
0.25,0.25,0.25,0.25
0.00012457954403886882,0.00012457954403886882,0.4918015969290694,0.5079492439828528
0.5391008061165129,0.4607329842931937,8.310479514667997e-05,8.310479514667997e-05

Transition Gammas
1.0,1.0,5148.0,8429.0
6184.797761342271,3747.202238657729,1.0,1.0
98.29126261099573,64.59085413511136,136.23970923214694,319.6638595747514
440.13755273169386,303.7704609776494,334.1992696059364,331.8708446136508

1.0,1.0,1.3622501764152655,1.3622501764152655
1.0,1.0,1.0,1.0
1.0,1.0,3947.69141854964,4077.3085814503597
6487.0,5544.0,1.0,1.0

Iteration: ,50000
Error:,0.1601034405924593
Absolute Error:,0.47870411586807565
Transition Probabilities
7.005744710662743e-05,7.005744710662743e-05,0.38055205268320025,0.6193078324225865
0.6215919970735272,0.37821709036442624,9.545628102329134e-05,9.545628102329134e-05
0.15884540464628452,0.10438323904889114,0.22017269050170454,0.5165986658031197
0.31368678838453457,0.21616910289415678,0.23603101996477183,0.23411308875653677

0.2116625939927981,0.2116625939927981,0.2883374060072019,0.2883374060072019
0.25,0.25,0.25,0.25
0.0001179941002949853,0.0001179941002949853,0.4917312968687806,0.5080327149306295
0.5380598195917076,0.4617819275201772,7.912644405760406e-05,7.912644405760406e-05

Transition Gammas
1.0,1.0,5432.0,8840.0
6511.797761342271,3962.202238657729,1.0,1.0
98.29126261099573,64.59085413511136,136.23970923214694,319.6638595747514
476.3238383589333,328.24620174608674,358.40591814652606,355.49359799584437

1.0,1.0,1.3622501764152655,1.3622501764152655
1.0,1.0,1.0,1.0
1.0,1.0,4167.422740962914,4305.577259037083
6800.0,5836.0,1.0,1.0

Iteration: ,52500
Error:,0.16027667577406393
Absolute Error:,0.47832950805560226
Transition Probabilities
6.664445184938353e-05,6.664445184938353e-05,0.3810063312229257,0.6188603798733755
0.6234928412894146,0.37632532399833885,9.091735612328394e-05,9.091735612328394e-05
0.15884540464628452,0.10438323904889114,0.22017269050170454,0.5165986658031197
0.3141853081206283,0.21807301697479972,0.2337753935663226,0.2339662813382494

0.2116625939927981,0.2116625939927981,0.2883374060072019,0.2883374060072019
0.25,0.25,0.25,0.25
0.00011273957158962801,0.00011273957158962801,0.4890441720132223,0.5107303488435985
0.5372448595315207,0.46260450402952474,7.531821947729155e-05,7.531821947729155e-05

Transition Gammas
1.0,1.0,5717.0,9286.0
6857.797761342271,4139.202238657729,1.0,1.0
98.29126261099573,64.59085413511136,136.23970923214694,319.6638595747514
511.3176075049152,354.90066027569407,380.45532952151393,380.76598783786676

1.0,1.0,1.3622501764152655,1.3622501764152655
1.0,1.0,1.0,1.0
1.0,1.0,4337.82180575728,4530.178194242717
7133.0,6142.0,1.0,1.0

Iteration: ,55000
Error:,0.1612375556755375
Absolute Error:,0.4776453399099737
Transition Probabilities
6.360513929525506e-05,6.360513929525506e-05,0.3811219946571683,0.6187507950642412
0.6251235143104671,0.3747028595067045,8.681309141418526e-05,8.681309141418526e-05
0.15884540464628452,0.10438323904889114,0.22017269050170454,0.5165986658031197
0.316852494439778,0.21542488586982192,0.231630460403094,0.23609215928730612

0.2116625939927981,0.2116625939927981,0.2883374060072019,0.2883374060072019
0.25,0.25,0.25,0.25
0.00010766580534022399,0.00010766580534022399,0.48899112033341574,0.5107935480559039
0.5356192940838186,0.4642369347997987,7.188555819135935e-05,7.188555819135935e-05

Transition Gammas
1.0,1.0,5992.0,9728.0
7200.797761342271,4316.202238657729,1.0,1.0
98.29126261099573,64.59085413511136,136.23970923214694,319.6638595747514
549.1177318258984,373.3397299486084,401.42462271986363,409.15692091660185

1.0,1.0,1.3622501764152655,1.3622501764152655
1.0,1.0,1.0,1.0
1.0,1.0,4541.749525656764,4744.250474343234
7451.0,6458.0,1.0,1.0

Iteration: ,57500
Error:,0.16010058692869844
Absolute Error:,0.4774495261936689
Transition Probabilities
6.085686465433301e-05,6.085686465433301e-05,0.38157254138266794,0.6183057448880234
0.6253465460794179,0.3744873547593829,8.304958059961797e-05,8.304958059961797e-05
0.15884540464628452,0.10438323904889114,0.22017269050170454,0.5165986658031197
0.31999565226578486,0.21319006959420503,0.23063350973706687,0.23618076840294322

0.2116625939927981,0.2116625939927981,0.2883374060072019,0.2883374060072019
0.25,0.25,0.25,0.25
0.00010293360782295424,0.00010293360782295424,0.4889766705809244,0.5108174622034297
0.5347924839975222,0.46506986027944114,6.882786151834262e-05,6.882786151834262e-05

Transition Gammas
1.0,1.0,6270.0,10160.0
7529.797761342271,4509.202238657729,1.0,1.0
98.29126261099573,64.59085413511136,136.23970923214694,319.6638595747514
591.0787525319786,393.79322655072866,426.0138106946197,436.2604084498761

1.0,1.0,1.3622501764152655,1.3622501764152655
1.0,1.0,1.0,1.0
1.0,1.0,4750.408354693679,4962.591645306318
7770.0,6757.0,1.0,1.0

Iteration: ,60000
Error:,0.16027444039724356
Absolute Error:,0.4777513375730885
Transition Probabilities
5.838393274170948e-05,5.838393274170948e-05,0.38188930406352173,0.6179939280709948
0.6229308705341801,0.3769104370909886,7.934618741569468e-05,7.934618741569468e-05
0.15884540464628452,0.10438323904889114,0.22017269050170454,0.5165986658031197
0.3201371859219406,0.21309917745821,0.2310905032378993,0.2356731333819502

0.2116625939927981,0.2116625939927981,0.2883374060072019,0.2883374060072019
0.25,0.25,0.25,0.25
9.867771857114667e-05,9.867771857114667e-05,0.48842327738159624,0.5113793671812615
0.5345795627188057,0.4652883281590594,6.605456106744171e-05,6.605456106744171e-05

Transition Gammas
1.0,1.0,6541.0,10585.0
7850.797761342271,4750.202238657729,1.0,1.0
98.29126261099573,64.59085413511136,136.23970923214694,319.6638595747514
626.366694002717,416.9407152586874,452.1417720084572,461.1079496953763

1.0,1.0,1.3622501764152655,1.3622501764152655
1.0,1.0,1.0,1.0
1.0,1.0,4949.681492985094,5182.318507014903
8093.0,7044.0,1.0,1.0

Iteration: ,62500
Error:,0.1607894995545826
Absolute Error:,0.47784262379448283
Transition Probabilities
5.60475283040018e-05,5.60475283040018e-05,0.3825804282031162,0.6173074767402758
0.6222355803471784,0.3776122242339037,7.609770945894529e-05,7.609770945894529e-05
0.15884540464628452,0.10438323904889114,0.22017269050170454,0.5165986658031197
0.3222964905307336,0.2140466379250203,0.22871873421924221,0.23493813732500374

0.2116625939927981,0.2116625939927981,0.2883374060072019,0.2883374060072019
0.25,0.25,0.25,0.25
9.475978394769263e-05,9.475978394769263e-05,0.48744113948244744,0.5123693409496572
0.5345516847515706,0.4653214036423631,6.345580303318739e-05,6.345580303318739e-05

Transition Gammas
1.0,1.0,6826.0,11014.0
8176.797761342271,4962.202238657729,1.0,1.0
98.29126261099573,64.59085413511136,136.23970923214694,319.6638595747514
665.8341365045782,442.20015582491607,472.5113222626521,485.3600221963044

1.0,1.0,1.3622501764152655,1.3622501764152655
1.0,1.0,1.0,1.0
1.0,1.0,5143.966344958266,5407.033655041731
8424.0,7333.0,1.0,1.0

Iteration: ,65000
Error:,0.16015518333836481
Absolute Error:,0.4774816060505443
Transition Probabilities
5.3949072075960293e-05,5.3949072075960293e-05,0.38293051359516617,0.6169615882606819
0.6220059775802215,0.3778478022121457,7.311010381634741e-05,7.311010381634741e-05
0.15884540464628452,0.10438323904889114,0.22017269050170454,0.5165986658031197
0.3212311200243476,0.2121623730653118,0.22982055471540827,0.23678595219493231

0.2116625939927981,0.2116625939927981,0.2883374060072019,0.2883374060072019
0.25,0.25,0.25,0.25
9.103322712790171e-05,9.103322712790171e-05,0.48757589651301253,0.5122420370327317
0.5336142150577029,0.4662636624534408,6.106124442816144e-05,6.106124442816144e-05

Transition Gammas
1.0,1.0,7098.0,11436.0
8507.79776134227,5168.202238657729,1.0,1.0
98.29126261099573,64.59085413511136,136.23970923214694,319.6638595747514
698.4626682793095,461.3111493943555,499.70587488468874,514.8509520764801

1.0,1.0,1.3622501764152655,1.3622501764152655
1.0,1.0,1.0,1.0
1.0,1.0,5356.021223195441,5626.978776804556
8739.0,7636.0,1.0,1.0

Iteration: ,67500
Error:,0.15935621080195578
Absolute Error:,0.4774315951584888
Transition Probabilities
5.201019399802361e-05,5.201019399802361e-05,0.383315129765434,0.6165808498465699
0.6212510703704777,0.3786086575015941,7.013606396409034e-05,7.013606396409034e-05
0.15884540464628452,0.10438323904889114,0.22017269050170454,0.5165986658031197
0.31980356550900635,0.21443335601359395,0.22981823740213225,0.23594484107526736

0.2116625939927981,0.2116625939927981,0.2883374060072019,0.2883374060072019
0.25,0.25,0.25,0.25
8.775008775008777e-05,8.775008775008777e-05,0.48692553674290606,0.5128989630815939
0.5319863336475024,0.46789585296889724,5.89066918001885e-05,5.89066918001885e-05

Transition Gammas
1.0,1.0,7370.0,11855.0
8857.79776134227,5398.202238657729,1.0,1.0
98.29126261099573,64.59085413511136,136.23970923214694,319.6638595747514
731.7589157423434,490.6559432686513,525.858878250889,539.8774738656716

1.0,1.0,1.3622501764152655,1.3622501764152655
1.0,1.0,1.0,1.0
1.0,1.0,5549.003416722156,5844.996583277842
9031.0,7943.0,1.0,1.0

Iteration: ,70000
Error:,0.16017360391991164
Absolute Error:,0.47770842454867807
Transition Probabilities
5.016051364365971e-05,5.016051364365971e-05,0.38337680577849115,0.6165228731942215
0.6206759811590447,0.37918879233656044,6.76132521974307e-05,6.76132521974307e-05
0.15884540464628452,0.10438323904889114,0.22017269050170454,0.5165986658031197
0.3174211874464397,0.21550776447774297,0.23227589968478085,0.23479514839103646

0.2116625939927981,0.2116625939927981,0.2883374060072019,0.2883374060072019
0.25,0.25,0.25,0.25
8.462384700008465e-05,8.462384700008465e-05,0.48558936651524376,0.5142413857907562
0.532522865420667,0.4673635175822303,5.6808498551383284e-05,5.6808498551383284e-05

Transition Gammas
1.0,1.0,7643.0,12291.0
9179.79776134227,5608.202238657729,1.0,1.0
98.29126261099573,64.59085413511136,136.23970923214694,319.6638595747514
760.9995614855435,516.6678241727801,556.8684914380656,562.9082494521932

1.0,1.0,1.3622501764152655,1.3622501764152655
1.0,1.0,1.0,1.0
1.0,1.0,5738.209544110634,6076.790455889363
9374.0,8227.0,1.0,1.0

Iteration: ,72500
Error:,0.15950865552066187
Absolute Error:,0.47746487448721686
Transition Probabilities
4.840974003969599e-05,4.840974003969599e-05,0.3838892385147892,0.6160139420051315
0.6213644116793531,0.37850475820355395,6.54150585464774e-05,6.54150585464774e-05
0.15884540464628452,0.10438323904889114,0.22017269050170454,0.5165986658031197
0.3172156064685414,0.21530062251742174,0.23118970327241464,0.23629406774162218

0.2116625939927981,0.2116625939927981,0.2883374060072019,0.2883374060072019
0.25,0.25,0.25,0.25
8.158603247124095e-05,8.158603247124095e-05,0.4849817461039984,0.5148550818310592
0.5332602739726028,0.46663013698630135,5.479452054794521e-05,5.479452054794521e-05

Transition Gammas
1.0,1.0,7930.0,12725.0
9498.79776134227,5786.202238657729,1.0,1.0
98.29126261099573,64.59085413511136,136.23970923214694,319.6638595747514
791.5804759266882,537.2616156467524,576.9112603981439,589.6487019787153

1.0,1.0,1.3622501764152655,1.3622501764152655
1.0,1.0,1.0,1.0
1.0,1.0,5944.421261996707,6310.578738003291
9732.0,8516.0,1.0,1.0

Iteration: ,74999
Error:,0.15987489592960388
Absolute Error:,0.47738501060013805
Transition Probabilities
4.6768309793284074e-05,4.6768309793284074e-05,0.38392105509306895,0.6159854082873445
0.6218226431229285,0.37805077459859043,6.329113924050633e-05,6.329113924050633e-05
0.15884540464628452,0.10438323904889114,0.22017269050170454,0.5165986658031197
0.3182811795583509,0.2150524120534932,0.22996105861574964,0.23670534977240631

0.2116625939927981,0.2116625939927981,0.2883374060072019,0.2883374060072019
0.25,0.25,0.25,0.25
7.890168849613384e-05,7.890168849613384e-05,0.48431098537492595,0.5155312112480819
0.5335097935415564,0.4663843303335098,5.293806246691371e-05,5.293806246691371e-05

Transition Gammas
1.0,1.0,8209.0,13171.0
9824.79776134227,5973.202238657729,1.0,1.0
98.29126261099573,64.59085413511136,136.23970923214694,319.6638595747514
827.6464718042189,559.2142467739915,597.9821335329555,615.5197359396474

1.0,1.0,1.3622501764152655,1.3622501764152655
1.0,1.0,1.0,1.0
1.0,1.0,6138.15742864181,6533.842571358187
10078.0,8810.0,1.0,1.0

*,*,*,*,*,*,*,*,*,*,*
Model Num 2
Model States: 
"['diamond', 'x', 'square']","['diamond', 'x', 'diamond']","['square', 'y', 'square']","['square', 'y', 'diamond', 'x', 'diamond']"
Iteration: ,74999
Error:,0.15979052443497221
Absolute Error:,0.477381409693996
Transition Probabilities
4.676612262077351e-05,4.676612262077351e-05,0.3839498667165505,0.6159566010382079
0.6218226431229285,0.37805077459859043,6.329113924050633e-05,6.329113924050633e-05
0.15884540464628452,0.10438323904889114,0.22017269050170454,0.5165986658031197
0.3182811795583509,0.2150524120534932,0.22996105861574964,0.23670534977240631

0.2116625939927981,0.2116625939927981,0.2883374060072019,0.2883374060072019
0.25,0.25,0.25,0.25
7.890168849613384e-05,7.890168849613384e-05,0.48431098537492595,0.5155312112480819
0.5335097935415564,0.4663843303335098,5.293806246691371e-05,5.293806246691371e-05

Transition Gammas
1.0,1.0,8210.0,13171.0
9824.79776134227,5973.202238657729,1.0,1.0
98.29126261099573,64.59085413511136,136.23970923214694,319.6638595747514
827.6464718042189,559.2142467739915,597.9821335329555,615.5197359396474

1.0,1.0,1.3622501764152655,1.3622501764152655
1.0,1.0,1.0,1.0
1.0,1.0,6138.15742864181,6533.842571358187
10078.0,8810.0,1.0,1.0

