0,1,2,3,4,5,6,7,8,9,10,11,12,13,14,15,16,17,18,19,20,21,22,23,24,25,26,27,28,29
github Code Version (SHA):,3130f818d955eaa9876b4af7408e9fb46046852d
Environment Observations,Environment Actions,alpha,epsilon,numActions,explore,patience,gainThresh,insertRandActions,useBudd,revisedSplitting,haveControl,confidence_factor
"['diamond', 'square']","['x', 'y']",0.75,0.75,75000,0.5,0,0.01,False,True,False,True,250

Model Num 0
Model States: 
['diamond'],['square']
Iteration: ,0
Error:,0.19490510454690776
Absolute Error:,1
Transition Probabilities
0.5,0.5
0.5,0.5

0.5,0.5
0.5,0.5

Transition Gammas
1.0,1.0
1.0,1.0

1.0,1.0
1.0,1.0

Iteration: ,2064
Error:,0.14016735975582795
Absolute Error:,1
Transition Probabilities
0.46551724137931033,0.5344827586206896
0.3482587064676617,0.6517412935323383

0.45595854922279794,0.5440414507772021
0.6187624750499002,0.3812375249500998


Model Num 1
Model States: 
['square'],"['diamond', 'x', 'square']","['diamond', 'x', 'diamond']"
Iteration: ,0
Error:,0.24430455150190775
Absolute Error:,1
Transition Probabilities
0.3333333333333333,0.3333333333333333,0.3333333333333333
0.3333333333333333,0.3333333333333333,0.3333333333333333
0.3333333333333333,0.3333333333333333,0.3333333333333333

0.3333333333333333,0.3333333333333333,0.3333333333333333
0.3333333333333333,0.3333333333333333,0.3333333333333333
0.3333333333333333,0.3333333333333333,0.3333333333333333

Transition Gammas
1.0,1.0,1.0
1.0,1.0,1.0
1.0,1.0,1.0

1.0,1.0,1.0
1.0,1.0,1.0
1.0,1.0,1.0

Iteration: ,2500
Error:,0.12918933888226306
Absolute Error:,1
Transition Probabilities
0.646643109540636,0.23039111034203896,0.12296578011732501
0.9961089494163424,0.0019455252918287938,0.0019455252918287938
0.002610966057441254,0.6442397780867554,0.3531492558558035

0.3738656987295826,0.31185981875245217,0.3142744825179653
0.5864778327090682,0.18063796829572237,0.23288419899520937
0.6300250809470288,0.2684912290624739,0.1014836899904973

Transition Gammas
549.0,195.6020526803911,104.39794731960895
512.0,1.0,1.0
1.0,246.74383500722723,135.25616499277268

206.0,171.83476013260113,173.16523986739887
68.41591950557684,21.072429355913478,27.16724439349918
11.844723628209557,5.047742543936429,1.9079339808209996

Iteration: ,3054
Error:,0.13590856672924734
Absolute Error:,1
Transition Probabilities
0.6394485683987274,0.24011086926624586,0.12044056233502672
0.9968798751950078,0.0015600624024961,0.0015600624024961
0.0021367521367521374,0.6524708339606323,0.34539241390261555

0.39014647137150466,0.30667775285250587,0.3031757757759895
0.5659926714532614,0.18706717110839807,0.24694015743834055
0.6312412437187537,0.2823516168057758,0.08640713947547067


Model Num 2
Model States: 
"['diamond', 'x', 'square']","['diamond', 'x', 'diamond']","['square', 'y', 'square']","['square', 'y', 'diamond', 'x', 'square']"
Iteration: ,0
Error:,0.1962611669676433
Absolute Error:,1
Transition Probabilities
0.25,0.25,0.25,0.25
0.25,0.25,0.25,0.25
0.25,0.25,0.25,0.25
0.25,0.25,0.25,0.25

0.25,0.25,0.25,0.25
0.25,0.25,0.25,0.25
0.25,0.25,0.25,0.25
0.25,0.25,0.25,0.25

Transition Gammas
1.0,1.0,1.0,1.0
1.0,1.0,1.0,1.0
1.0,1.0,1.0,1.0
1.0,1.0,1.0,1.0

1.0,1.0,1.0,1.0
1.0,1.0,1.0,1.0
1.0,1.0,1.0,1.0
1.0,1.0,1.0,1.0

Iteration: ,2500
Error:,0.15557312445150723
Absolute Error:,1
Transition Probabilities
0.001869158878504674,0.001869158878504674,0.09774486216231831,0.8985168200806725
0.6018293636199511,0.39346475402710773,0.0023529411764705885,0.0023529411764705885
0.4714187144633678,0.17858897364677856,0.15955688364572243,0.19043542824413107
0.16769449740893558,0.14700040551899082,0.21651343407673015,0.46879166299534347

0.310263619739738,0.06665782124797053,0.17402222802366984,0.4490563309886215
0.27925321036869366,0.32387842256533217,0.1984341835329871,0.1984341835329871
0.004016064257028112,0.004016064257028112,0.5303041594705914,0.4616637120153524
0.5019880771704947,0.4929867972013646,0.002512562814070352,0.002512562814070352

Transition Gammas
1.0,1.0,52.293501256840266,480.70649874315944
255.77747953847918,167.22252046152076,1.0,1.0
34.316238575157314,13.000124175239034,11.61471090881077,13.862469580205147
76.7963498055686,67.31940963016547,99.15317245272648,214.68497233712029

43.54213177815452,9.354701783143234,24.42213106161412,63.020182501973295
1.40728379252394,1.6321705101353747,1.0,1.0
1.0,1.0,132.04573570817726,114.95426429182274
199.7912547138569,196.2087452861431,1.0,1.0

Iteration: ,5000
Error:,0.138440148522673
Absolute Error:,1
Transition Probabilities
0.0009478672985781995,0.0009478672985781995,0.09105288565269205,0.9070513797501516
0.6142310524713934,0.38337373794776824,0.0011976047904191614,0.0011976047904191614
0.4756509828097504,0.18265835023401306,0.14759082903608406,0.19409983792015262
0.1623614182980326,0.13680665300778333,0.22468092529982003,0.476151003394364

0.29819163244696123,0.0659284772761788,0.1560865004941877,0.47979338978267233
0.23375219304601424,0.19714095151979408,0.21696610987864426,0.3521407455555475
0.002,0.002,0.5206051117536314,0.47539488824636844
0.49830843343291503,0.49925847654275407,0.0012165450121654502,0.0012165450121654502

Transition Gammas
1.0,1.0,96.06079436359008,956.9392056364095
512.8829288136136,320.1170711863865,1.0,1.0
67.17497768306359,25.796373904482795,20.843877138984784,27.412226089707623
147.64323601926742,124.40502904426113,204.31343376279614,432.9875638676713

75.54377389690441,16.702299591202383,39.542904691630746,121.55070569063814
7.150856995090844,6.030860005307753,6.637343608656281,10.772553963233623
1.0,1.0,260.30255587681575,237.69744412318423
409.60953228185616,410.39046771814384,1.0,1.0

Iteration: ,7500
Error:,0.13695417801150506
Absolute Error:,1
Transition Probabilities
0.0005966587112171838,0.0005966587112171838,0.18386412286815285,0.8149425597094128
0.6411230349771085,0.3573606647954464,0.0007581501137225169,0.0007581501137225169
0.4481444532550115,0.17925056574720497,0.1625898324420033,0.21001514855578027
0.16163225711294393,0.1408159285395219,0.2277668364861846,0.4697849778613496

0.3055562532444382,0.07117744677533096,0.16524786779090295,0.4580184321893278
0.2315259426917947,0.19133315809318888,0.1986669696396306,0.3784739295753859
0.0010515247108307047,0.0010515247108307047,0.5169578854118104,0.4809390651665282
0.4844201796735352,0.5141430387172694,0.0007183908045977011,0.0007183908045977011

Transition Gammas
1.0,1.0,308.15626992702414,1365.8437300729756
845.6412831348064,471.3587168651939,1.0,1.0
90.10703137795763,36.041361741699596,32.69143917140434,42.22710209467599
167.57095440134972,145.9897916527348,236.13545249384256,487.0458317527202

91.02937436393702,21.204731960100183,49.22959311176945,136.44993642461066
9.812859115045233,8.109351818532424,8.420183765245733,16.041015993549973
1.0,1.0,491.62694902663156,457.3730509733682
674.312890105561,715.687109894439,1.0,1.0

Iteration: ,10000
Error:,0.13610471432436771
Absolute Error:,1
Transition Probabilities
0.00041459369817578774,0.00041459369817578774,0.23762697758168497,0.7615438350219633
0.6469609469037627,0.35196493924016853,0.0005370569280343716,0.0005370569280343716
0.4194266163612021,0.19002328793402543,0.16164782158772517,0.22890227411704733
0.16096624097418727,0.14041121365274725,0.2270185699996096,0.4716039753734559

0.3055562532444382,0.07117744677533096,0.16524786779090295,0.4580184321893278
0.2315259426917947,0.19133315809318888,0.1986669696396306,0.3784739295753859
0.0007385524372230429,0.0007385524372230429,0.4994980479255992,0.4990248471999546
0.49340697981963444,0.505629629043564,0.0004816955684007707,0.0004816955684007707

Transition Gammas
1.0,1.0,573.1562699270241,1836.8437300729756
1204.6412831348064,655.3587168651939,1.0,1.0
108.99562851863068,49.381004670693834,42.00712407208922,59.48441577976912
167.84724287668593,146.4135270721905,236.72318385289788,491.7641520175205

91.02937436393702,21.204731960100183,49.22959311176945,136.44993642461066
9.812859115045233,8.109351818532424,8.420183765245733,16.041015993549973
1.0,1.0,676.3203568912613,675.6796431087386
1024.312890105561,1049.687109894439,1.0,1.0

Iteration: ,12500
Error:,0.1376076356839698
Absolute Error:,1
Transition Probabilities
0.0003215434083601286,0.0003215434083601286,0.2714328842209081,0.7279240289623716
0.6405533011452288,0.35860917791674785,0.0004187604690117253,0.0004187604690117253
0.3963883720405941,0.18645407977853326,0.18371294324531445,0.2334446049355581
0.16034773882110961,0.1412650439794751,0.22744636653881278,0.4709408506606024

0.3055562532444382,0.07117744677533096,0.16524786779090295,0.4580184321893278
0.2315259426917947,0.19133315809318888,0.1986669696396306,0.3784739295753859
0.0005564830272676684,0.0005564830272676684,0.5006002808719333,0.4982867530735313
0.5014169045356972,0.49783987732978036,0.0003716090672612412,0.0003716090672612412

Transition Gammas
1.0,1.0,844.1562699270241,2263.8437300729756
1529.6412831348064,856.3587168651939,1.0,1.0
142.70304377455335,67.12498797985734,66.13815649265142,84.04195992318527
168.1250589054597,148.11679924484795,238.4781603614138,493.78281752157466

91.02937436393702,21.204731960100183,49.22959311176945,136.44993642461066
9.812859115045233,8.109351818532424,8.420183765245733,16.041015993549973
1.0,1.0,899.5787047268641,895.4212952731358
1349.312890105561,1339.687109894439,1.0,1.0

Iteration: ,15000
Error:,0.1378631761349603
Absolute Error:,1
Transition Probabilities
0.0002603488674824265,0.0002603488674824265,0.2903296719414278,0.7091496303236073
0.6420610104889685,0.35724285306828885,0.0003480682213713888,0.0003480682213713888
0.3834056809443523,0.1847486413912236,0.18818167460644603,0.2436640030579781
0.1580973610956853,0.14064666806590875,0.23022492700496516,0.4710310438334407

0.3055562532444382,0.07117744677533096,0.16524786779090295,0.4580184321893278
0.2315259426917947,0.19133315809318888,0.1986669696396306,0.3784739295753859
0.0004520795660036166,0.0004520795660036166,0.4954555564761862,0.5036402843918064
0.5145666637139842,0.48483649952087104,0.0002984183825723665,0.0002984183825723665

Transition Gammas
1.0,1.0,1115.1562699270241,2723.8437300729756
1844.6412831348064,1026.3587168651939,1.0,1.0
160.43307262620064,77.30660674851087,78.74313232577764,101.95927353686024
172.83924759392684,153.7613538684668,251.6923931249026,514.9526256815916

91.02937436393702,21.204731960100183,49.22959311176945,136.44993642461066
9.812859115045233,8.109351818532424,8.420183765245733,16.041015993549973
1.0,1.0,1095.947690925324,1114.0523090746758
1724.312890105561,1624.687109894439,1.0,1.0

Iteration: ,17500
Error:,0.137800400114632
Absolute Error:,1
Transition Probabilities
0.00021992522542335605,0.00021992522542335605,0.3077097580662028,0.6918503914829505
0.6415093672663738,0.3579011838683153,0.0002947244326554671,0.0002947244326554671
0.3834056809443523,0.1847486413912236,0.18818167460644603,0.2436640030579781
0.15774473738555833,0.1375453690077936,0.23267967781506238,0.4720302157915856

0.3055562532444382,0.07117744677533096,0.16524786779090295,0.4580184321893278
0.2315259426917947,0.19133315809318888,0.1986669696396306,0.3784739295753859
0.0003779289493575208,0.0003779289493575208,0.4921311378285409,0.507113004272744
0.5139327179107207,0.48556350375174784,0.00025188916876574307,0.00025188916876574307

Transition Gammas
1.0,1.0,1399.1562699270241,3145.8437300729756
2176.641283134806,1214.3587168651939,1.0,1.0
160.43307262620064,77.30660674851087,78.74313232577764,101.95927353686024
190.27565621744176,165.91067176878212,280.66405966058664,569.3746780577372

91.02937436393702,21.204731960100183,49.22959311176945,136.44993642461066
9.812859115045233,8.109351818532424,8.420183765245733,16.041015993549973
1.0,1.0,1302.1789906943193,1341.8210093056805
2040.312890105561,1927.687109894439,1.0,1.0

Iteration: ,20000
Error:,0.13721266024568776
Absolute Error:,1
Transition Probabilities
0.00019029495718363463,0.00019029495718363463,0.3183932007472929,0.6812262093383398
0.639348927006312,0.3601421671412707,0.0002544529262086514,0.0002544529262086514
0.3834056809443523,0.1847486413912236,0.18818167460644603,0.2436640030579781
0.15559975697039183,0.1356759550068723,0.23359693116254338,0.4751273568601925

0.3055562532444382,0.07117744677533096,0.16524786779090295,0.4580184321893278
0.2315259426917947,0.19133315809318888,0.1986669696396306,0.3784739295753859
0.0003273322422258593,0.0003273322422258593,0.4890345188492774,0.5103108166662709
0.5136698346258022,0.4858949096614666,0.0002176278563656148,0.0002176278563656148

Transition Gammas
1.0,1.0,1673.1562699270241,3579.8437300729756
2512.641283134806,1415.3587168651939,1.0,1.0
160.43307262620064,77.30660674851087,78.74313232577764,101.95927353686024
205.69071094631644,179.35300277489713,308.79687591571366,628.0812112143178

91.02937436393702,21.204731960100183,49.22959311176945,136.44993642461066
9.812859115045233,8.109351818532424,8.420183765245733,16.041015993549973
1.0,1.0,1494.0004550845424,1558.9995449154574
2360.312890105561,2232.687109894439,1.0,1.0

Iteration: ,22500
Error:,0.139033442098171
Absolute Error:,1
Transition Probabilities
0.0001675603217158177,0.0001675603217158177,0.3292822168108284,0.6703826625457399
0.6389273205580374,0.3606180306581482,0.00022732439190725165,0.00022732439190725165
0.3834056809443523,0.1847486413912236,0.18818167460644603,0.2436640030579781
0.15687385674280166,0.13349161145240054,0.2339681311574127,0.47566640064738513

0.3055562532444382,0.07117744677533096,0.16524786779090295,0.4580184321893278
0.2315259426917947,0.19133315809318888,0.1986669696396306,0.3784739295753859
0.0002836074872376631,0.0002836074872376631,0.49240828391314606,0.5070245011123785
0.5195455730669152,0.48007047607879416,0.0001919754271453254,0.0001919754271453254

Transition Gammas
1.0,1.0,1965.1562699270241,4000.8437300729756
2810.641283134806,1586.3587168651939,1.0,1.0
160.43307262620064,77.30660674851087,78.74313232577764,101.95927353686024
225.9067218711376,192.23504136798235,336.92658948740217,684.9849905243991

91.02937436393702,21.204731960100183,49.22959311176945,136.44993642461066
9.812859115045233,8.109351818532424,8.420183765245733,16.041015993549973
1.0,1.0,1736.231609077753,1787.7683909222467
2706.312890105561,2500.687109894439,1.0,1.0

Iteration: ,25000
Error:,0.13934994873702414
Absolute Error:,1
Transition Probabilities
0.00014958863126402394,0.00014958863126402394,0.33555067612969697,0.6641501466077749
0.6376079369534203,0.3619838164656448,0.00020412329046744235,0.00020412329046744235
0.3834056809443523,0.1847486413912236,0.18818167460644603,0.2436640030579781
0.15734886357441094,0.13251910293000022,0.2319190216179965,0.47821301187759246

0.3055562532444382,0.07117744677533096,0.16524786779090295,0.4580184321893278
0.2315259426917947,0.19133315809318888,0.1986669696396306,0.3784739295753859
0.0002518257365902795,0.0002518257365902795,0.49500997627514415,0.5044863722516753
0.5227536217415729,0.4769037364903956,0.00017132088401576153,0.00017132088401576153

Transition Gammas
1.0,1.0,2243.1562699270244,4439.843730072976
3123.641283134806,1773.3587168651939,1.0,1.0
160.43307262620064,77.30660674851087,78.74313232577764,101.95927353686024
243.3796635364229,204.9741825303983,358.72120183690805,739.6769146315938

91.02937436393702,21.204731960100183,49.22959311176945,136.44993642461066
9.812859115045233,8.109351818532424,8.420183765245733,16.041015993549973
1.0,1.0,1965.6846157885975,2003.3153842114023
3051.312890105561,2783.687109894439,1.0,1.0

Iteration: ,27500
Error:,0.1389062119267406
Absolute Error:,1
Transition Probabilities
0.00013550135501355014,0.00013550135501355014,0.3428396029711415,0.6568893943188314
0.6339184082445275,0.3657129961049012,0.00018429782528566163,0.00018429782528566163
0.3834056809443523,0.1847486413912236,0.18818167460644603,0.2436640030579781
0.15555271253366226,0.13123774235771932,0.23457187039126245,0.47863767471735597

0.3055562532444382,0.07117744677533096,0.16524786779090295,0.4580184321893278
0.2315259426917947,0.19133315809318888,0.1986669696396306,0.3784739295753859
0.00022675736961451256,0.00022675736961451256,0.49248537917999097,0.5070611060807801
0.5239318998302669,0.4757579264724626,0.00015508684863523573,0.00015508684863523573

Transition Gammas
1.0,1.0,2530.1562699270244,4847.843730072976
3439.641283134806,1984.3587168651939,1.0,1.0
160.43307262620064,77.30660674851087,78.74313232577764,101.95927353686024
259.0394696279536,218.54813472414898,390.6288222562513,797.0677423957475

91.02937436393702,21.204731960100183,49.22959311176945,136.44993642461066
9.812859115045233,8.109351818532424,8.420183765245733,16.041015993549973
1.0,1.0,2171.8605221837593,2236.1394778162394
3378.312890105561,3067.687109894439,1.0,1.0

Iteration: ,30000
Error:,0.13974259500946642
Absolute Error:,1
Transition Probabilities
0.0001238850346878097,0.0001238850346878097,0.3460302613883826,0.6537219685422417
0.6295260986990796,0.3701388368010042,0.00016753224995811694,0.00016753224995811694
0.3834056809443523,0.1847486413912236,0.18818167460644603,0.2436640030579781
0.15490464975332963,0.1310149273750026,0.23696325681382985,0.47711716605783794

0.3055562532444382,0.07117744677533096,0.16524786779090295,0.4580184321893278
0.2315259426917947,0.19133315809318888,0.1986669696396306,0.3784739295753859
0.0002059308072487645,0.0002059308072487645,0.49555037727570905,0.5040377611097935
0.524360256643352,0.4753561760803118,0.0001417836381681554,0.0001417836381681554

Transition Gammas
1.0,1.0,2793.1562699270244,5276.843730072976
3757.641283134806,2209.358716865194,1.0,1.0
160.43307262620064,77.30660674851087,78.74313232577764,101.95927353686024
274.8202043312639,232.43685175996455,420.402426655877,846.4654694017677

91.02937436393702,21.204731960100183,49.22959311176945,136.44993642461066
9.812859115045233,8.109351818532424,8.420183765245733,16.041015993549973
1.0,1.0,2406.392632050842,2447.6073679491565
3698.312890105561,3352.687109894439,1.0,1.0

Iteration: ,32500
Error:,0.13916703639876074
Absolute Error:,1
Transition Probabilities
0.00011354604292040422,0.00011354604292040422,0.34860409559748207,0.6511688123166771
0.6280884559689563,0.3716029496783203,0.00015429717636167257,0.00015429717636167257
0.3834056809443523,0.1847486413912236,0.18818167460644603,0.2436640030579781
0.15642505298930398,0.13051488263794736,0.2377478328951132,0.4753122314776355

0.3055562532444382,0.07117744677533096,0.16524786779090295,0.4580184321893278
0.2315259426917947,0.19133315809318888,0.1986669696396306,0.3784739295753859
0.000189753320683112,0.000189753320683112,0.4922363504633375,0.5073841428952963
0.5273062698137576,0.47243405737398586,0.00012983640612827837,0.00012983640612827837

Transition Gammas
1.0,1.0,3070.1562699270244,5734.843730072976
4070.641283134806,2408.358716865194,1.0,1.0
160.43307262620064,77.30660674851087,78.74313232577764,101.95927353686024
292.1764252692737,243.78046307071884,444.07408278494006,887.8055402633814

91.02937436393702,21.204731960100183,49.22959311176945,136.44993642461066
9.812859115045233,8.109351818532424,8.420183765245733,16.041015993549973
1.0,1.0,2594.085566941788,2673.9144330582108
4061.312890105561,3638.687109894439,1.0,1.0

Iteration: ,35000
Error:,0.13925781151597677
Absolute Error:,1
Transition Probabilities
0.00010514141520344864,0.00010514141520344864,0.3515041814664099,0.6482855357031833
0.6253936648832796,0.3743217186374262,0.00014230823964707557,0.00014230823964707557
0.3834056809443523,0.1847486413912236,0.18818167460644603,0.2436640030579781
0.15581747882522798,0.12897212083992396,0.23797901983413605,0.4772313805007119

0.3055562532444382,0.07117744677533096,0.16524786779090295,0.4580184321893278
0.2315259426917947,0.19133315809318888,0.1986669696396306,0.3784739295753859
0.00017590149516270894,0.00017590149516270894,0.4910505809957018,0.5085976160139728
0.5268844312439112,0.4728753285158485,0.00012012012012012012,0.00012012012012012012

Transition Gammas
1.0,1.0,3343.1562699270244,6165.843730072976
4394.641283134806,2630.358716865194,1.0,1.0
160.43307262620064,77.30660674851087,78.74313232577764,101.95927353686024
308.20498427470324,255.1052088317328,470.7194636871116,943.9575792879706

91.02937436393702,21.204731960100183,49.22959311176945,136.44993642461066
9.812859115045233,8.109351818532424,8.420183765245733,16.041015993549973
1.0,1.0,2791.622552960564,2891.3774470394346
4386.312890105561,3936.687109894439,1.0,1.0

Iteration: ,37500
Error:,0.13960806760792288
Absolute Error:,1
Transition Probabilities
9.795278675678323e-05,9.795278675678323e-05,0.35391872562709614,0.6458853687993903
0.6231850512930892,0.37655064316970976,0.0001321527686005022,0.0001321527686005022
0.3834056809443523,0.1847486413912236,0.18818167460644603,0.2436640030579781
0.15404550341747833,0.1287360062829507,0.2400197241502452,0.4771987661493258

0.3055562532444382,0.07117744677533096,0.16524786779090295,0.4580184321893278
0.2315259426917947,0.19133315809318888,0.1986669696396306,0.3784739295753859
0.00016350555918901246,0.00016350555918901246,0.4906388906633813,0.5090340982182407
0.5274276487148435,0.47234873768944985,0.00011180679785330948,0.00011180679785330948

Transition Gammas
1.0,1.0,3613.1562699270244,6593.843730072976
4715.641283134806,2849.358716865194,1.0,1.0
160.43307262620064,77.30660674851087,78.74313232577764,101.95927353686024
321.80908001519975,268.93622226980744,501.4137050463788,996.8930771235932

91.02937436393702,21.204731960100183,49.22959311176945,136.44993642461066
9.812859115045233,8.109351818532424,8.420183765245733,16.041015993549973
1.0,1.0,3000.747455297239,3113.2525447027597
4717.312890105561,4224.687109894439,1.0,1.0

Iteration: ,40000
Error:,0.13987144982050764
Absolute Error:,1
Transition Probabilities
9.160025648071815e-05,9.160025648071815e-05,0.3559729110494664,0.6438438884375722
0.6241217300636034,0.3756311733216202,0.00012354830738818879,0.00012354830738818879
0.3834056809443523,0.1847486413912236,0.18818167460644603,0.2436640030579781
0.15311661005742364,0.12854429518432609,0.24140604782481784,0.47693304693343236

0.3055562532444382,0.07117744677533096,0.16524786779090295,0.4580184321893278
0.2315259426917947,0.19133315809318888,0.1986669696396306,0.3784739295753859
0.00015281173594132035,0.00015281173594132035,0.49003517168756194,0.5096592048405555
0.526634565705609,0.47315638234498164,0.00010452597470471412,0.00010452597470471412

Transition Gammas
1.0,1.0,3886.1562699270244,7028.843730072976
5051.641283134806,3040.358716865194,1.0,1.0
160.43307262620064,77.30660674851087,78.74313232577764,101.95927353686024
336.82637633579645,282.77212465282327,531.045745356332,1049.158741779431

91.02937436393702,21.204731960100183,49.22959311176945,136.44993642461066
9.812859115045233,8.109351818532424,8.420183765245733,16.041015993549973
1.0,1.0,3206.7901635234043,3335.2098364765943
5038.312890105561,4526.687109894439,1.0,1.0

Iteration: ,42500
Error:,0.14026921040322535
Absolute Error:,1
Transition Probabilities
8.60141063134354e-05,8.60141063134354e-05,0.357057996725187,0.6427699750621861
0.6250308805676453,0.3747371815916959,0.00011596892032935173,0.00011596892032935173
0.3834056809443523,0.1847486413912236,0.18818167460644603,0.2436640030579781
0.1521814635899407,0.12764133744406228,0.24128673485108507,0.47889046411491193

0.3055562532444382,0.07117744677533096,0.16524786779090295,0.4580184321893278
0.2315259426917947,0.19133315809318888,0.1986669696396306,0.3784739295753859
0.0001437194596148319,0.0001437194596148319,0.4908914670612341,0.5088210940195362
0.5254943469831774,0.4743094014222784,9.812579727210283e-05,9.812579727210283e-05

Transition Gammas
1.0,1.0,4151.156269927024,7472.843730072976
5389.641283134806,3231.358716865194,1.0,1.0
160.43307262620064,77.30660674851087,78.74313232577764,101.95927353686024
352.58423788587515,295.7280251076737,559.0293161371889,1109.5255975178459

91.02937436393702,21.204731960100183,49.22959311176945,136.44993642461066
9.812859115045233,8.109351818532424,8.420183765245733,16.041015993549973
1.0,1.0,3415.622827812066,3540.3771721879325
5355.312890105561,4833.687109894439,1.0,1.0

Iteration: ,45000
Error:,0.13973624099435905
Absolute Error:,1
Transition Probabilities
8.095854922279793e-05,8.095854922279793e-05,0.35623026796688995,0.6436078149346645
0.6239661270178575,0.37581584180368405,0.00010901558922925978,0.00010901558922925978
0.3834056809443523,0.1847486413912236,0.18818167460644603,0.2436640030579781
0.15167708461708998,0.1285850932267354,0.23980948076667044,0.47992834138950435

0.3055562532444382,0.07117744677533096,0.16524786779090295,0.4580184321893278
0.2315259426917947,0.19133315809318888,0.1986669696396306,0.3784739295753859
0.00013616557734204797,0.00013616557734204797,0.49153849124735,0.508189177597966
0.5260580478221858,0.4737573481534465,9.230201218386561e-05,9.230201218386561e-05

Transition Gammas
1.0,1.0,4400.156269927024,7949.843730072976
5723.641283134806,3447.358716865194,1.0,1.0
160.43307262620064,77.30660674851087,78.74313232577764,101.95927353686024
366.5460112695139,310.74142247633813,579.5286009191406,1159.804855661732

91.02937436393702,21.204731960100183,49.22959311176945,136.44993642461066
9.812859115045233,8.109351818532424,8.420183765245733,16.041015993549973
1.0,1.0,3609.8586797205376,3732.141320279461
5699.312890105561,5132.687109894439,1.0,1.0

Iteration: ,47500
Error:,0.1398737774365029
Absolute Error:,1
Transition Probabilities
7.664597225415804e-05,7.664597225415804e-05,0.3576420839983923,0.6422046240570993
0.6221625162522925,0.3776319339018699,0.00010277492291880781,0.00010277492291880781
0.3834056809443523,0.1847486413912236,0.18818167460644603,0.2436640030579781
0.1499037087149964,0.12828585399870523,0.24042812083497087,0.48138231645132756

0.3055562532444382,0.07117744677533096,0.16524786779090295,0.4580184321893278
0.2315259426917947,0.19133315809318888,0.1986669696396306,0.3784739295753859
0.00012878300064391503,0.00012878300064391503,0.4914684322930114,0.5082740017057008
0.5257825117954916,0.4740428767150724,8.730574471800244e-05,8.730574471800244e-05

Transition Gammas
1.0,1.0,4666.156269927024,8378.843730072975
6053.641283134806,3674.358716865194,1.0,1.0
160.43307262620064,77.30660674851087,78.74313232577764,101.95927353686024
378.7224966511611,324.1063168342783,607.4268540005642,1216.1828035674725

91.02937436393702,21.204731960100183,49.22959311176945,136.44993642461066
9.812859115045233,8.109351818532424,8.420183765245733,16.041015993549973
1.0,1.0,3816.2523767552325,3946.747623244766
6022.312890105561,5429.687109894439,1.0,1.0

Iteration: ,50000
Error:,0.13951025350708354
Absolute Error:,1
Transition Probabilities
7.257420712678714e-05,7.257420712678714e-05,0.3570764402298443,0.6427784113559021
0.621323324869415,0.37848180033763945,9.743739647276625e-05,9.743739647276625e-05
0.3834056809443523,0.1847486413912236,0.18818167460644603,0.2436640030579781
0.14924278657361242,0.12770670475927073,0.24235443473460289,0.48069607393251407

0.3055562532444382,0.07117744677533096,0.16524786779090295,0.4580184321893278
0.2315259426917947,0.19133315809318888,0.1986669696396306,0.3784739295753859
0.00012274456855284162,0.00012274456855284162,0.48919849352690375,0.5105560173359907
0.5271019390874658,0.4727329626790853,8.254911672445105e-05,8.254911672445105e-05

Transition Gammas
1.0,1.0,4920.156269927024,8856.843730072975
6376.641283134806,3884.358716865194,1.0,1.0
160.43307262620064,77.30660674851087,78.74313232577764,101.95927353686024
391.99562379846503,335.42974199737915,636.559260284626,1262.578659141475

91.02937436393702,21.204731960100183,49.22959311176945,136.44993642461066
9.812859115045233,8.109351818532424,8.420183765245733,16.041015993549973
1.0,1.0,3985.500126763682,4159.499873236313
6385.312890105561,5726.687109894439,1.0,1.0

Iteration: ,52500
Error:,0.1383036350502959
Absolute Error:,1
Transition Probabilities
6.89893066574681e-05,6.89893066574681e-05,0.3581342718128337,0.6417277495738513
0.6228445387452274,0.3769699152857588,9.277298450691158e-05,9.277298450691158e-05
0.3834056809443523,0.1847486413912236,0.18818167460644603,0.2436640030579781
0.14843153045787438,0.12592544347212067,0.24320644231326732,0.4824365837567377

0.3055562532444382,0.07117744677533096,0.16524786779090295,0.4580184321893278
0.2315259426917947,0.19133315809318888,0.1986669696396306,0.3784739295753859
0.00011683607898118944,0.00011683607898118944,0.48798352471104794,0.5117828031309898
0.5262866800020038,0.4735565310359391,7.839448102853559e-05,7.839448102853559e-05

Transition Gammas
1.0,1.0,5191.156269927024,9301.843730072975
6713.641283134806,4063.358716865194,1.0,1.0
160.43307262620064,77.30660674851087,78.74313232577764,101.95927353686024
406.71394324568604,345.04551365549105,666.4045763784409,1321.9137789687275

91.02937436393702,21.204731960100183,49.22959311176945,136.44993642461066
9.812859115045233,8.109351818532424,8.420183765245733,16.041015993549973
1.0,1.0,4176.6509880018575,4380.34901199814
6713.312890105561,6040.687109894439,1.0,1.0

Iteration: ,55000
Error:,0.13926079879664144
Absolute Error:,1
Transition Probabilities
6.570302233902759e-05,6.570302233902759e-05,0.3583545512435627,0.6415140427117592
0.6217282034151654,0.3780954608415794,8.816787162757891e-05,8.816787162757891e-05
0.3834056809443523,0.1847486413912236,0.18818167460644603,0.2436640030579781
0.14791671850811924,0.12723377730899507,0.24187869929364345,0.4829708048892422

0.3055562532444382,0.07117744677533096,0.16524786779090295,0.4580184321893278
0.2315259426917947,0.19133315809318888,0.1986669696396306,0.3784739295753859
0.00011179429849077701,0.00011179429849077701,0.48665655934763297,0.5131198520553856
0.5266651410526538,0.47318560521600295,7.462686567164179e-05,7.462686567164179e-05

Transition Gammas
1.0,1.0,5454.156269927024,9763.843730072975
7051.641283134806,4288.358716865194,1.0,1.0
160.43307262620064,77.30660674851087,78.74313232577764,101.95927353686024
419.13165358330554,360.5251929128077,685.3790445328135,1368.529224602672

91.02937436393702,21.204731960100183,49.22959311176945,136.44993642461066
9.812859115045233,8.109351818532424,8.420183765245733,16.041015993549973
1.0,1.0,4353.142923364575,4589.857076635422
7057.312890105561,6340.687109894439,1.0,1.0

Iteration: ,57500
Error:,0.13944142057084158
Absolute Error:,1
Transition Probabilities
6.273919317397578e-05,6.273919317397578e-05,0.35894072839745433,0.6409337932161977
0.6208048319810043,0.37902646283131114,8.435259384226065e-05,8.435259384226065e-05
0.3834056809443523,0.1847486413912236,0.18818167460644603,0.2436640030579781
0.1472134862105561,0.1269371166623378,0.24415604281283387,0.4816933543142722

0.3055562532444382,0.07117744677533096,0.16524786779090295,0.4580184321893278
0.2315259426917947,0.19133315809318888,0.1986669696396306,0.3784739295753859
0.00010674637062339884,0.00010674637062339884,0.4856152476794987,0.5141712595792546
0.5285082531053668,0.4713493170413359,7.121492664862555e-05,7.121492664862555e-05

Transition Gammas
1.0,1.0,5721.156269927024,10215.843730072975
7359.641283134806,4493.358716865194,1.0,1.0
160.43307262620064,77.30660674851087,78.74313232577764,101.95927353686024
432.7129148510419,373.1134365990467,717.6616469290666,1415.868483078953

91.02937436393702,21.204731960100183,49.22959311176945,136.44993642461066
9.812859115045233,8.109351818532424,8.420183765245733,16.041015993549973
1.0,1.0,4549.243640261542,4816.756359738455
7421.312890105561,6618.687109894439,1.0,1.0

Iteration: ,60000
Error:,0.13932852969849294
Absolute Error:,1
Transition Probabilities
6.006366748753679e-05,6.006366748753679e-05,0.36033132740266827,0.6395485452623566
0.6216428973970063,0.3781952510208945,8.09257910496075e-05,8.09257910496075e-05
0.3834056809443523,0.1847486413912236,0.18818167460644603,0.2436640030579781
0.1468724405421498,0.12531438270686623,0.24520757953935968,0.48260559721162427

0.3055562532444382,0.07117744677533096,0.16524786779090295,0.4580184321893278
0.2315259426917947,0.19133315809318888,0.1986669696396306,0.3784739295753859
0.00010197838058331637,0.00010197838058331637,0.48520138556952,0.5145946576693134
0.5284389321320404,0.4714247723793403,6.814774430966335e-05,6.814774430966335e-05

Transition Gammas
1.0,1.0,5999.156269927024,10647.843730072975
7681.641283134806,4673.358716865194,1.0,1.0
160.43307262620064,77.30660674851087,78.74313232577764,101.95927353686024
448.6131780664386,382.765366164306,748.9720408885162,1474.0902372057049

91.02937436393702,21.204731960100183,49.22959311176945,136.44993642461066
9.812859115045233,8.109351818532424,8.420183765245733,16.041015993549973
1.0,1.0,4757.884786894711,5046.115213105286
7754.312890105561,6917.687109894439,1.0,1.0

Iteration: ,62500
Error:,0.13877690622805822
Absolute Error:,1
Transition Probabilities
5.7537399309551206e-05,5.7537399309551206e-05,0.36007803624436274,0.6398068889570181
0.6227675614276129,0.37707705049065293,7.76940408670655e-05,7.76940408670655e-05
0.3834056809443523,0.1847486413912236,0.18818167460644603,0.2436640030579781
0.14554332304397105,0.12570983240707007,0.2453471190235742,0.48339972552538474

0.3055562532444382,0.07117744677533096,0.16524786779090295,0.4580184321893278
0.2315259426917947,0.19133315809318888,0.1986669696396306,0.3784739295753859
9.800078400627209e-05,9.800078400627209e-05,0.48474773442875124,0.5150562640032363
0.52911369146155,0.4707558453942883,6.523157208088715e-05,6.523157208088715e-05

Transition Gammas
1.0,1.0,6258.156269927024,11119.843730072975
8015.641283134806,4853.358716865194,1.0,1.0
160.43307262620064,77.30660674851087,78.74313232577764,101.95927353686024
460.1461435022614,397.4410737135155,775.6833379706493,1528.3045269164036

91.02937436393702,21.204731960100183,49.22959311176945,136.44993642461066
9.812859115045233,8.109351818532424,8.420183765245733,16.041015993549973
1.0,1.0,4946.365882110976,5255.634117889022
8111.312890105561,7216.687109894439,1.0,1.0

Iteration: ,65000
Error:,0.1390859421454023
Absolute Error:,1
Transition Probabilities
5.525777753218766e-05,5.525777753218766e-05,0.36089718019158007,0.6389923042533555
0.6216734737609848,0.3781773838079936,7.457121551081282e-05,7.457121551081282e-05
0.3834056809443523,0.1847486413912236,0.18818167460644603,0.2436640030579781
0.1445469656791107,0.12494591670998205,0.24470805984599767,0.48579905776490945

0.3055562532444382,0.07117744677533096,0.16524786779090295,0.4580184321893278
0.2315259426917947,0.19133315809318888,0.1986669696396306,0.3784739295753859
9.428625306430326e-05,9.428625306430326e-05,0.48320341273074396,0.5166080147631275
0.5297736618550504,0.47010118953097046,6.257430698955009e-05,6.257430698955009e-05

Transition Gammas
1.0,1.0,6531.156269927024,11563.843730072975
8336.641283134806,5071.358716865194,1.0,1.0
160.43307262620064,77.30660674851087,78.74313232577764,101.95927353686024
471.9182300152821,407.9245495357558,798.9250686130862,1586.0411210045838

91.02937436393702,21.204731960100183,49.22959311176945,136.44993642461066
9.812859115045233,8.109351818532424,8.420183765245733,16.041015993549973
1.0,1.0,5124.855395422269,5479.144604577728
8466.31289010556,7512.687109894439,1.0,1.0

Iteration: ,67500
Error:,0.1391820475251966
Absolute Error:,1
Transition Probabilities
5.315755900489049e-05,5.315755900489049e-05,0.3620644413101757,0.6378292435718145
0.6226021623874932,0.3772540768304481,7.18803910293272e-05,7.18803910293272e-05
0.3834056809443523,0.1847486413912236,0.18818167460644603,0.2436640030579781
0.14496979262368284,0.12522723319748785,0.24457891394446782,0.48522406023436143

0.3055562532444382,0.07117744677533096,0.16524786779090295,0.4580184321893278
0.2315259426917947,0.19133315809318888,0.1986669696396306,0.3784739295753859
9.050592813829308e-05,9.050592813829308e-05,0.48377405547494357,0.5160449326687799
0.5298417212980817,0.4700377822565634,6.0248222677431016e-05,6.0248222677431016e-05

Transition Gammas
1.0,1.0,6811.156269927024,11998.843730072975
8661.641283134806,5248.358716865194,1.0,1.0
160.43307262620064,77.30660674851087,78.74313232577764,101.95927353686024
489.7107155615384,423.0199744861544,826.1922210920144,1639.096100260446

91.02937436393702,21.204731960100183,49.22959311176945,136.44993642461066
9.812859115045233,8.109351818532424,8.420183765245733,16.041015993549973
1.0,1.0,5345.21953894265,5701.780461057348
8794.31289010556,7801.687109894439,1.0,1.0

Iteration: ,70000
Error:,0.13898333282901093
Absolute Error:,1
Transition Probabilities
5.122950819672131e-05,5.122950819672131e-05,0.36389120235281885,0.6360063386307876
0.6224637164427606,0.37739772182798903,6.928086462519052e-05,6.928086462519052e-05
0.3834056809443523,0.1847486413912236,0.18818167460644603,0.2436640030579781
0.14471670301794712,0.12506032865942124,0.24366490916749872,0.4865580591551329

0.3055562532444382,0.07117744677533096,0.16524786779090295,0.4580184321893278
0.2315259426917947,0.19133315809318888,0.1986669696396306,0.3784739295753859
8.7123192193762e-05,8.7123192193762e-05,0.48273597338995966,0.5170897802256529
0.5298979551719357,0.469985894064373,5.807538184563563e-05,5.807538184563563e-05

Transition Gammas
1.0,1.0,7103.156269927024,12414.843730072975
8984.641283134806,5447.358716865194,1.0,1.0
160.43307262620064,77.30660674851087,78.74313232577764,101.95927353686024
505.53523019775895,436.87011049171946,851.1885178301161,1699.681068667385

91.02937436393702,21.204731960100183,49.22959311176945,136.44993642461066
9.812859115045233,8.109351818532424,8.420183765245733,16.041015993549973
1.0,1.0,5540.8435025699555,5935.156497430042
9124.31289010556,8092.687109894439,1.0,1.0

Iteration: ,72500
Error:,0.13856799753905857
Absolute Error:,1
Transition Probabilities
4.938515482246037e-05,4.938515482246037e-05,0.36466770062358755,0.6352335290667674
0.6236023373850714,0.3762636502857943,6.700616456714018e-05,6.700616456714018e-05
0.3834056809443523,0.1847486413912236,0.18818167460644603,0.2436640030579781
0.1447896147245433,0.12455897725159065,0.24368397201661807,0.48696743600724796

0.3055562532444382,0.07117744677533096,0.16524786779090295,0.4580184321893278
0.2315259426917947,0.19133315809318888,0.1986669696396306,0.3784739295753859
8.402655239055544e-05,8.402655239055544e-05,0.4819638051898936,0.5178681417053254
0.530473233126501,0.46941479732921504,5.598477214197738e-05,5.598477214197738e-05

Transition Gammas
1.0,1.0,7384.156269927024,12862.843730072975
9306.641283134806,5615.358716865194,1.0,1.0
160.43307262620064,77.30660674851087,78.74313232577764,101.95927353686024
521.9828562318243,449.04913131230927,878.5081442004055,1755.5724118924936

91.02937436393702,21.204731960100183,49.22959311176945,136.44993642461066
9.812859115045233,8.109351818532424,8.420183765245733,16.041015993549973
1.0,1.0,5735.8512455649225,6163.148754435075
9475.31289010556,8384.68710989444,1.0,1.0

Iteration: ,74999
Error:,0.138586178830187
Absolute Error:,1
Transition Probabilities
4.768262445164982e-05,4.768262445164982e-05,0.3650656241620744,0.6348390105890223
0.6237615867229298,0.37610879564907285,6.480881399870383e-05,6.480881399870383e-05
0.3834056809443523,0.1847486413912236,0.18818167460644603,0.2436640030579781
0.14437367930530254,0.12438889874593331,0.24482883315420223,0.4864085887945618

0.3055562532444382,0.07117744677533096,0.16524786779090295,0.4580184321893278
0.2315259426917947,0.19133315809318888,0.1986669696396306,0.3784739295753859
8.12149760415821e-05,8.12149760415821e-05,0.4810971398003361,0.5187404302475809
0.5312094761652915,0.4686824040379738,5.405989836739107e-05,5.405989836739107e-05

Transition Gammas
1.0,1.0,7656.156269927024,13313.843730072975
9624.641283134806,5803.358716865194,1.0,1.0
160.43307262620064,77.30660674851087,78.74313232577764,101.95927353686024
537.2860715559683,462.91279043354695,911.1295258388669,1810.1676226721613

91.02937436393702,21.204731960100183,49.22959311176945,136.44993642461066
9.812859115045233,8.109351818532424,8.420183765245733,16.041015993549973
1.0,1.0,5923.749082361536,6387.250917638461
9826.31289010556,8669.68710989444,1.0,1.0

*,*,*,*,*,*,*,*,*,*,*
Model Num 2
Model States: 
