0,1,2,3,4,5,6,7,8,9,10,11,12,13,14,15,16,17,18,19,20,21,22,23,24,25,26,27,28,29
github Code Version (SHA):,3130f818d955eaa9876b4af7408e9fb46046852d
Environment Observations,Environment Actions,alpha,epsilon,numActions,explore,patience,gainThresh,insertRandActions,useBudd,revisedSplitting,haveControl,confidence_factor
"['diamond', 'square']","['x', 'y']",0.75,0.75,75000,0.5,0,0.01,False,True,False,True,250

Model Num 0
Model States: 
['diamond'],['square']
Iteration: ,0
Error:,0.19562273614293108
Absolute Error:,1
Transition Probabilities
0.5,0.5
0.5,0.5

0.5,0.5
0.5,0.5

Transition Gammas
1.0,1.0
1.0,1.0

1.0,1.0
1.0,1.0

Iteration: ,2207
Error:,0.15081599588621394
Absolute Error:,1
Transition Probabilities
0.451114922813036,0.548885077186964
0.36984126984126986,0.6301587301587301

0.45701357466063347,0.5429864253393665
0.5860215053763441,0.41397849462365593


Model Num 1
Model States: 
['square'],"['diamond', 'x', 'square']","['diamond', 'x', 'diamond']"
Iteration: ,0
Error:,0.24245161584515348
Absolute Error:,1
Transition Probabilities
0.3333333333333333,0.3333333333333333,0.3333333333333333
0.3333333333333333,0.3333333333333333,0.3333333333333333
0.3333333333333333,0.3333333333333333,0.3333333333333333

0.3333333333333333,0.3333333333333333,0.3333333333333333
0.3333333333333333,0.3333333333333333,0.3333333333333333
0.3333333333333333,0.3333333333333333,0.3333333333333333

Transition Gammas
1.0,1.0,1.0
1.0,1.0,1.0
1.0,1.0,1.0

1.0,1.0,1.0
1.0,1.0,1.0
1.0,1.0,1.0

Iteration: ,2500
Error:,0.1417283604954016
Absolute Error:,1
Transition Probabilities
0.640661938534279,0.2277401711404118,0.13159789032530922
0.9962616822429906,0.001869158878504673,0.001869158878504673
0.0026041666666666665,0.6457785466564735,0.3516172866768597

0.3717948717948718,0.27841104108213577,0.3497940871229925
0.41300862559818985,0.2581948069890968,0.32879656741271335
0.6724201821128308,0.25279487424882846,0.07478494363834072

Transition Gammas
542.0,192.6681847847884,111.3318152152116
533.0,1.0,1.0
1.0,247.97896191608584,135.02103808391414

203.0,152.01242843084614,190.98757156915389
30.00744042973415,18.759330458947165,23.888952430104663
37.323056825440176,14.031520331711043,4.150979960671039

Iteration: ,3031
Error:,0.14523593897402845
Absolute Error:,1
Transition Probabilities
0.6344902386117137,0.2378406768448646,0.12766908454342177
0.996969696969697,0.0015151515151515152,0.0015151515151515152
0.002145922746781116,0.6544119854329278,0.3434420918202911

0.388,0.28321352599500244,0.3287864740049976
0.4289076314331045,0.24906938662640418,0.32202298194049134
0.6626315455113139,0.2604187386470236,0.07694971584166259


Model Num 2
Model States: 
"['diamond', 'x', 'square']","['diamond', 'x', 'diamond']","['square', 'y', 'square']","['square', 'y', 'diamond', 'x', 'diamond']"
Iteration: ,0
Error:,0.19617080156808767
Absolute Error:,0.5
Transition Probabilities
0.25,0.25,0.25,0.25
0.25,0.25,0.25,0.25
0.25,0.25,0.25,0.25
0.25,0.25,0.25,0.25

0.25,0.25,0.25,0.25
0.25,0.25,0.25,0.25
0.25,0.25,0.25,0.25
0.25,0.25,0.25,0.25

Transition Gammas
1.0,1.0,1.0,1.0
1.0,1.0,1.0,1.0
1.0,1.0,1.0,1.0
1.0,1.0,1.0,1.0

1.0,1.0,1.0,1.0
1.0,1.0,1.0,1.0
1.0,1.0,1.0,1.0
1.0,1.0,1.0,1.0

Iteration: ,2500
Error:,0.139477477609119
Absolute Error:,0.515595319147051
Transition Probabilities
0.0018621973929236503,0.0018621973929236503,0.06582210663367521,0.9304534985804775
0.6203241541053475,0.3749477135069457,0.002364066193853428,0.002364066193853428
0.3545577252699743,0.1168451950324272,0.1290427946048155,0.3995542850927831
0.23226192714892233,0.14358166674593764,0.1740492458712598,0.45010716023388003

0.19888002338949268,0.2077236473373307,0.20234108500854683,0.3910552442646298
0.3377757541411804,0.17697075960408387,0.28678717790021563,0.19846630835452012
0.0044444444444444444,0.0044444444444444444,0.34179273206257543,0.6493183790485357
0.4953857353342712,0.49990838231278756,0.002352941176470588,0.002352941176470588

Transition Gammas
1.0,1.0,35.346471262283586,499.65352873771633
262.39711718656196,158.60288281343804,1.0,1.0
4.16905266530416,1.3739194976135467,1.5173444786060133,4.698142893181605
122.51229622353439,75.7357002267891,91.806578156869,237.4201507057582

27.664264348311693,28.89441480043084,28.14569894351885,54.39588887690101
6.280391304277098,3.290483719160758,5.332341579229696,3.690158520557184
1.0,1.0,76.90336471407947,146.09663528592054
210.53893751706528,212.46106248293472,1.0,1.0

Iteration: ,5000
Error:,0.1346275850844058
Absolute Error:,0.5089584100632341
Transition Probabilities
0.0009328358208955224,0.0009328358208955224,0.08889048022016821,0.9092438481380408
0.6412356527545483,0.3563012930582596,0.0012315270935960583,0.0012315270935960583
0.34145793818122777,0.14947497316705785,0.12427507128593203,0.3847920173657823
0.22879638149857795,0.13083307329311927,0.2027630635580631,0.4376074816502398

0.19459843999640133,0.20140700524137725,0.2007889036267014,0.40320565113552
0.3454056254887662,0.14005454364023195,0.26824446719451583,0.246295363676486
0.0019723865877712033,0.0019723865877712033,0.32334260122875924,0.6727126255956983
0.4962173454709901,0.5014890765473585,0.0011467889908256881,0.0011467889908256881

Transition Gammas
1.0,1.0,95.29059479602032,974.7094052039797
520.6833500366936,289.316649963307,1.0,1.0
4.16905266530416,1.8250243019614476,1.5173444786060133,4.698142893181605
237.22183459693383,135.65101628472112,210.2298367250943,453.7224275597172

47.98054739300789,49.65927969641687,49.50687943145484,99.41512302870558
16.011213037456816,6.492202122980416,12.43442200541165,11.416975425289872
1.0,1.0,163.93469882298092,341.065301177019
432.70152525070336,437.29847474929664,1.0,1.0

Iteration: ,7500
Error:,0.13372846467697153
Absolute Error:,0.49513147196492324
Transition Probabilities
0.000575373993095512,0.000575373993095512,0.19249634954402897,0.80635290246978
0.6312176939234015,0.367283055701786,0.0007496251874062966,0.0007496251874062966
0.34145793818122777,0.14947497316705785,0.12427507128593203,0.3847920173657823
0.22198166960866186,0.13456608533261918,0.20631218825117686,0.4371400568075421

0.193736663794928,0.20909998092664903,0.20486229220507368,0.3923010630733492
0.3154318355442342,0.1491661914172448,0.25700249421522153,0.27839947882329946
0.00103305785123967,0.00103305785123967,0.3828021171471041,0.6151317671504165
0.5113424451186634,0.48733567781590365,0.0006609385327164573,0.0006609385327164573

Transition Gammas
1.0,1.0,334.5586555075224,1401.4413444924778
842.0444036938179,489.95559630618266,1.0,1.0
4.16905266530416,1.8250243019614476,1.5173444786060133,4.698142893181605
253.78862901141682,153.84757835277648,235.8739237204494,499.7762918836519

52.48432535041758,56.64633226747899,55.49831913852173,106.2765107354728
16.861287251411092,7.9736212971199265,13.737969320107764,14.881736889314425
1.0,1.0,370.55244939839656,595.4475506016029
773.6611194645378,737.3388805354622,1.0,1.0

Iteration: ,10000
Error:,0.1367539121238609
Absolute Error:,0.49131624622095726
Transition Probabilities
0.00040584415584415587,0.00040584415584415587,0.24535659720272826,0.7538317144855835
0.6348927651830141,0.36401074358891583,0.0005482456140350876,0.0005482456140350876
0.34145793818122777,0.14947497316705785,0.12427507128593203,0.3847920173657823
0.21838742574682382,0.13892790744291364,0.2128127806248001,0.4298718861854624

0.193736663794928,0.20909998092664903,0.20486229220507368,0.3923010630733492
0.3154318355442342,0.1491661914172448,0.25700249421522153,0.27839947882329946
0.0007027406886858751,0.0007027406886858751,0.39687611751723756,0.6017184011053905
0.528685334316815,0.47039173075009794,0.00046146746654360867,0.00046146746654360867

Transition Gammas
1.0,1.0,604.5586555075224,1857.4413444924778
1158.044403693818,663.9555963061827,1.0,1.0
4.16905266530416,1.8250243019614476,1.5173444786060133,4.698142893181605
273.27668748784333,173.8458989375642,266.30091703010186,537.9154257585404

52.48432535041758,56.64633226747899,55.49831913852173,106.2765107354728
16.861287251411092,7.9736212971199265,13.737969320107764,14.881736889314425
1.0,1.0,564.7547152270289,856.2452847729705
1145.661119464538,1019.3388805354622,1.0,1.0

Iteration: ,12500
Error:,0.13869171598524757
Absolute Error:,0.4876991736705798
Transition Probabilities
0.0003147623544224111,0.0003147623544224111,0.2752781414880461,0.7240923338031091
0.6356876448806019,0.36346309821918577,0.000424628450106157,0.000424628450106157
0.34145793818122777,0.14947497316705785,0.12427507128593203,0.3847920173657823
0.21090204952009184,0.14360395683010932,0.2161972692064794,0.4292967244433195

0.193736663794928,0.20909998092664903,0.20486229220507368,0.3923010630733492
0.3154318355442342,0.1491661914172448,0.25700249421522153,0.27839947882329946
0.000544365813826892,0.000544365813826892,0.3955448440226244,0.6033664243497218
0.5291438684741392,0.4701423556514854,0.00035688793718772306,0.00035688793718772306

Transition Gammas
1.0,1.0,874.5586555075224,2300.4413444924776
1497.044403693818,855.9555963061827,1.0,1.0
4.16905266530416,1.8250243019614476,1.5173444786060133,4.698142893181605
290.951143388297,198.10967000974338,298.2561943622085,592.2387815284617

52.48432535041758,56.64633226747899,55.49831913852173,106.2765107354728
16.861287251411092,7.9736212971199265,13.737969320107764,14.881736889314425
1.0,1.0,726.6158784695606,1108.3841215304383
1482.661119464538,1317.338880535462,1.0,1.0

Iteration: ,15000
Error:,0.13843778384191188
Absolute Error:,0.48590327492715046
Transition Probabilities
0.00025700334104343357,0.00025700334104343357,0.2928703817803964,0.7066156115375167
0.6339066958486115,0.36539595408165354,0.0003486750348675034,0.0003486750348675034
0.34145793818122777,0.14947497316705785,0.12427507128593203,0.3847920173657823
0.20902951475629983,0.14105791526107322,0.2205670261082526,0.4293455438743744

0.193736663794928,0.20909998092664903,0.20486229220507368,0.3923010630733492
0.3154318355442342,0.1491661914172448,0.25700249421522153,0.27839947882329946
0.00044424700133274093,0.00044424700133274093,0.39670739679552147,0.6024041092018131
0.5301691267358958,0.4692488010871543,0.0002910360884749709,0.0002910360884749709

Transition Gammas
1.0,1.0,1139.5586555075224,2749.4413444924776
1818.044403693818,1047.9555963061825,1.0,1.0
4.16905266530416,1.8250243019614476,1.5173444786060133,4.698142893181605
317.15207856793404,214.02150349756087,334.6574806688719,651.4287315951111

52.48432535041758,56.64633226747899,55.49831913852173,106.2765107354728
16.861287251411092,7.9736212971199265,13.737969320107764,14.881736889314425
1.0,1.0,892.988350186719,1356.0116498132816
1821.661119464538,1612.338880535462,1.0,1.0

Iteration: ,17500
Error:,0.13921004003929008
Absolute Error:,0.4851288568930982
Transition Probabilities
0.000217296827466319,0.000217296827466319,0.30433695252227777,0.6952284538227895
0.6283341324653482,0.3710819259288124,0.000291970802919708,0.000291970802919708
0.34145793818122777,0.14947497316705785,0.12427507128593203,0.3847920173657823
0.20750427496218052,0.14152229549952935,0.2222591418434644,0.42871428769482567

0.193736663794928,0.20909998092664903,0.20486229220507368,0.3923010630733492
0.3154318355442342,0.1491661914172448,0.25700249421522153,0.27839947882329946
0.000377073906485671,0.000377073906485671,0.39699525000537406,0.6022506021816546
0.5289093659618029,0.47059923354679656,0.0002457002457002457,0.0002457002457002457

Transition Gammas
1.0,1.0,1400.5586555075224,3199.4413444924776
2152.044403693818,1270.9555963061825,1.0,1.0
4.16905266530416,1.8250243019614476,1.5173444786060133,4.698142893181605
339.6561376712937,231.652655312796,363.8078381491001,701.7466948546676

52.48432535041758,56.64633226747899,55.49831913852173,106.2765107354728
16.861287251411092,7.9736212971199265,13.737969320107764,14.881736889314425
1.0,1.0,1052.8314030142526,1597.1685969857488
2152.661119464538,1915.338880535462,1.0,1.0

Iteration: ,20000
Error:,0.1401862133287381
Absolute Error:,0.48477914285384094
Transition Probabilities
0.000188040616773223,0.000188040616773223,0.31507308302134684,0.6845508357451068
0.6294425921177805,0.37004733392149514,0.0002550369803621525,0.0002550369803621525
0.34145793818122777,0.14947497316705785,0.12427507128593203,0.3847920173657823
0.2078492301967298,0.14120916488360216,0.22893706525640037,0.4220045396632676

0.193736663794928,0.20909998092664903,0.20486229220507368,0.3923010630733492
0.3154318355442342,0.1491661914172448,0.25700249421522153,0.27839947882329946
0.0003224766204450176,0.0003224766204450176,0.3988331531808036,0.6005218935783064
0.5310049211291056,0.4685693658015032,0.00021285653469561516,0.00021285653469561516

Transition Gammas
1.0,1.0,1675.5586555075224,3640.4413444924776
2468.044403693818,1450.9555963061825,1.0,1.0
4.16905266530416,1.8250243019614476,1.5173444786060133,4.698142893181605
366.82681590894794,249.2157814699878,404.04409779173517,744.7830402704728

52.48432535041758,56.64633226747899,55.49831913852173,106.2765107354728
16.861287251411092,7.9736212971199265,13.737969320107764,14.881736889314425
1.0,1.0,1236.7816080136724,1862.218391986329
2494.661119464538,2201.338880535462,1.0,1.0

Iteration: ,22500
Error:,0.14109388773022172
Absolute Error:,0.4836716222322469
Transition Probabilities
0.00016561775422325274,0.00016561775422325274,0.3208941132009809,0.6787746512905727
0.6305617774100085,0.36898959091659544,0.00022431583669807088,0.00022431583669807088
0.34145793818122777,0.14947497316705785,0.12427507128593203,0.3847920173657823
0.20628779144310644,0.14297894766570235,0.22818592603022278,0.42254733486096846

0.193736663794928,0.20909998092664903,0.20486229220507368,0.3923010630733492
0.3154318355442342,0.1491661914172448,0.25700249421522153,0.27839947882329946
0.00028546959748786745,0.00028546959748786745,0.40046551065140346,0.5989635501536208
0.5294474647675732,0.47017779286780254,0.00018737118231216038,0.00018737118231216038

Transition Gammas
1.0,1.0,1937.5586555075224,4098.441344492478
2811.044403693818,1644.9555963061825,1.0,1.0
4.16905266530416,1.8250243019614476,1.5173444786060133,4.698142893181605
389.1655775031969,269.7323208022636,430.47679681104535,797.1430419766641

52.48432535041758,56.64633226747899,55.49831913852173,106.2765107354728
16.861287251411092,7.9736212971199265,13.737969320107764,14.881736889314425
1.0,1.0,1402.830683811867,2098.1693161881344
2825.661119464538,2509.338880535462,1.0,1.0

Iteration: ,25000
Error:,0.14051171422695824
Absolute Error:,0.4837859693566612
Transition Probabilities
0.00014753614635585718,0.00014753614635585718,0.32466194386360614,0.6750429838436821
0.6289990772322461,0.37059939696972144,0.0002007628990162618,0.0002007628990162618
0.34145793818122777,0.14947497316705785,0.12427507128593203,0.3847920173657823
0.2068555606228395,0.14288155990010032,0.22808967966148141,0.42217319981557877

0.193736663794928,0.20909998092664903,0.20486229220507368,0.3923010630733492
0.3154318355442342,0.1491661914172448,0.25700249421522153,0.27839947882329946
0.0002572678157962438,0.0002572678157962438,0.39851012496110355,0.6009753394073041
0.5320535645478796,0.4676128241093348,0.00016680567139282736,0.00016680567139282736

Transition Gammas
1.0,1.0,2200.5586555075224,4575.441344492478
3133.044403693818,1845.9555963061825,1.0,1.0
4.16905266530416,1.8250243019614476,1.5173444786060133,4.698142893181605
414.3396652684783,286.19727467702893,456.8724245921863,845.6292002507356

52.48432535041758,56.64633226747899,55.49831913852173,106.2765107354728
16.861287251411092,7.9736212971199265,13.737969320107764,14.881736889314425
1.0,1.0,1549.0088557238098,2335.9911442761913
3189.661119464538,2803.338880535462,1.0,1.0

Iteration: ,27500
Error:,0.1417857690824959
Absolute Error:,0.4835473754348593
Transition Probabilities
0.00013421017313112335,0.00013421017313112335,0.33237936592504663,0.6673522137286911
0.622414649773375,0.3772245347837241,0.00018040772145047808,0.00018040772145047808
0.34145793818122777,0.14947497316705785,0.12427507128593203,0.3847920173657823
0.20504237632868175,0.14245064483652298,0.23086197636275518,0.42164500247204006

0.193736663794928,0.20909998092664903,0.20486229220507368,0.3923010630733492
0.3154318355442342,0.1491661914172448,0.25700249421522153,0.27839947882329946
0.00023062730627306267,0.00023062730627306267,0.40129859861068307,0.5982401467767708
0.5306289671118678,0.4690672661809632,0.00015188335358444713,0.00015188335358444713

Transition Gammas
1.0,1.0,2476.5586555075224,4972.441344492478
3450.044403693818,2090.9555963061825,1.0,1.0
4.16905266530416,1.8250243019614476,1.5173444786060133,4.698142893181605
439.0267650608814,305.0083934023694,494.3104370563442,902.8057748543224

52.48432535041758,56.64633226747899,55.49831913852173,106.2765107354728
16.861287251411092,7.9736212971199265,13.737969320107764,14.881736889314425
1.0,1.0,1740.0307235759221,2593.969276424079
3493.661119464538,3088.338880535462,1.0,1.0

Iteration: ,30000
Error:,0.14158445076111364
Absolute Error:,0.4835194019529222
Transition Probabilities
0.0001225940909648155,0.0001225940909648155,0.3374474261992794,0.6623073856187909
0.6188045356052938,0.38086684132536686,0.00016431153466973383,0.00016431153466973383
0.34145793818122777,0.14947497316705785,0.12427507128593203,0.3847920173657823
0.2065715372778102,0.1413695828381799,0.23155021914415302,0.42050866073985677

0.193736663794928,0.20909998092664903,0.20486229220507368,0.3923010630733492
0.3154318355442342,0.1491661914172448,0.25700249421522153,0.27839947882329946
0.0002101281781886951,0.0002101281781886951,0.40152700702482913,0.5980527366187934
0.5306303608362768,0.4690920156212468,0.000138811771238201,0.000138811771238201

Transition Gammas
1.0,1.0,2752.5586555075224,5402.441344492478
3766.044403693818,2317.9555963061825,1.0,1.0
4.16905266530416,1.8250243019614476,1.5173444786060133,4.698142893181605
467.8445473587123,320.17474122909033,524.4164268411223,952.3707217208647

52.48432535041758,56.64633226747899,55.49831913852173,106.2765107354728
16.861287251411092,7.9736212971199265,13.737969320107764,14.881736889314425
1.0,1.0,1910.8670264311618,2846.1329735688378
3822.661119464538,3379.338880535462,1.0,1.0

Iteration: ,32500
Error:,0.142763371500627
Absolute Error:,0.48380103192431384
Transition Probabilities
0.00011270145384875464,0.00011270145384875464,0.3416610679034737,0.6581135291888287
0.6164844147685288,0.38321324207198526,0.0001511715797430083,0.0001511715797430083
0.34145793818122777,0.14947497316705785,0.12427507128593203,0.3847920173657823
0.20963783232818592,0.14077840240362277,0.232297127764919,0.41728663750327244

0.193736663794928,0.20909998092664903,0.20486229220507368,0.3923010630733492
0.3154318355442342,0.1491661914172448,0.25700249421522153,0.27839947882329946
0.0001929012345679012,0.0001929012345679012,0.4014792652445836,0.5981349322862806
0.5314743791669272,0.46826989905836364,0.00012786088735455825,0.00012786088735455825

Transition Gammas
1.0,1.0,3031.5586555075224,5839.441344492478
4078.044403693818,2534.9555963061825,1.0,1.0
4.16905266530416,1.8250243019614476,1.5173444786060133,4.698142893181605
501.14699614103785,336.535980660511,555.314880423556,997.5391492656765

52.48432535041758,56.64633226747899,55.49831913852173,106.2765107354728
16.861287251411092,7.9736212971199265,13.737969320107764,14.881736889314425
1.0,1.0,2081.2685110279217,3100.731488972079
4156.6611194645375,3662.338880535462,1.0,1.0

Iteration: ,35000
Error:,0.14290332226990723
Absolute Error:,0.48403061834594846
Transition Probabilities
0.00010450412791305256,0.00010450412791305256,0.34439948328012565,0.6553915084640483
0.6152725295252087,0.38444786751099996,0.0001398014818957081,0.0001398014818957081
0.34145793818122777,0.14947497316705785,0.12427507128593203,0.3847920173657823
0.20698778028430542,0.14320303829315767,0.2351988431732135,0.41461033824932353

0.193736663794928,0.20909998092664903,0.20486229220507368,0.3923010630733492
0.3154318355442342,0.1491661914172448,0.25700249421522153,0.27839947882329946
0.00017765144785930002,0.00017765144785930002,0.40453212303041486,0.5951125740738665
0.5320916669984038,0.4676711975972803,0.00011856770215793219,0.00011856770215793219

Transition Gammas
1.0,1.0,3295.5586555075224,6271.441344492478
4401.044403693818,2749.9555963061825,1.0,1.0
4.16905266530416,1.8250243019614476,1.5173444786060133,4.698142893181605
521.0650381668014,360.4951775961624,592.082750133876,1043.7280472668322

52.48432535041758,56.64633226747899,55.49831913852173,106.2765107354728
16.861287251411092,7.9736212971199265,13.737969320107764,14.881736889314425
1.0,1.0,2277.1113205382057,3349.888679461795
4487.6611194645375,3944.338880535462,1.0,1.0

Iteration: ,37500
Error:,0.1438296915128449
Absolute Error:,0.48432413406088626
Transition Probabilities
9.735202492211838e-05,9.735202492211838e-05,0.3478931712916202,0.6519121246585355
0.6130932749537547,0.38664705223398893,0.00012983640612827837,0.00012983640612827837
0.34145793818122777,0.14947497316705785,0.12427507128593203,0.3847920173657823
0.20552742092593002,0.1458369720717389,0.2366529880532318,0.41198261894909927

0.193736663794928,0.20909998092664903,0.20486229220507368,0.3923010630733492
0.3154318355442342,0.1491661914172448,0.25700249421522153,0.27839947882329946
0.0001652346331791143,0.0001652346331791143,0.40371631612248277,0.595953214611159
0.5330674388708453,0.4667114933718871,0.00011053387863380126,0.00011053387863380126

Transition Gammas
1.0,1.0,3573.5586555075224,6696.441344492478
4722.044403693818,2977.9555963061825,1.0,1.0
4.16905266530416,1.8250243019614476,1.5173444786060133,4.698142893181605
543.597763344394,385.72299245503893,625.9215165302269,1089.6493966039034

52.48432535041758,56.64633226747899,55.49831913852173,106.2765107354728
16.861287251411092,7.9736212971199265,13.737969320107764,14.881736889314425
1.0,1.0,2443.291145173266,3606.7088548267348
4822.6611194645375,4222.3388805354625,1.0,1.0

Iteration: ,40000
Error:,0.1432094331970872
Absolute Error:,0.48399341933302664
Transition Probabilities
9.108297659167502e-05,9.108297659167502e-05,0.35053817793127995,0.6492796561155367
0.6129360023888668,0.38682139693185136,0.00012130033964095099,0.00012130033964095099
0.34145793818122777,0.14947497316705785,0.12427507128593203,0.3847920173657823
0.2050895531299828,0.14626902997901656,0.23732270824157414,0.41131870864942643

0.193736663794928,0.20909998092664903,0.20486229220507368,0.3923010630733492
0.3154318355442342,0.1491661914172448,0.25700249421522153,0.27839947882329946
0.00015458339774308236,0.00015458339774308236,0.40335647933228547,0.5963343538722284
0.5321946321225595,0.4675984356477457,0.00010346611484738747,0.00010346611484738747

Transition Gammas
1.0,1.0,3848.5586555075224,7128.441344492478
5053.044403693818,3188.9555963061825,1.0,1.0
4.16905266530416,1.8250243019614476,1.5173444786060133,4.698142893181605
568.9583808473252,405.7787888017186,658.3794335631039,1141.0782407676797

52.48432535041758,56.64633226747899,55.49831913852173,106.2765107354728
16.861287251411092,7.9736212971199265,13.737969320107764,14.881736889314425
1.0,1.0,2609.313064800555,3857.686935199446
5143.6611194645375,4519.3388805354625,1.0,1.0

Iteration: ,42500
Error:,0.14476874920669727
Absolute Error:,0.48422312227637504
Transition Probabilities
8.555051758063137e-05,8.555051758063137e-05,0.3516604205242127,0.648168478440626
0.6120945805810496,0.3876781725151895,0.00011362345188046812,0.00011362345188046812
0.34145793818122777,0.14947497316705785,0.12427507128593203,0.3847920173657823
0.20583885399900842,0.14643468947624808,0.23965625004048322,0.4080702064842603

0.193736663794928,0.20909998092664903,0.20486229220507368,0.3923010630733492
0.3154318355442342,0.1491661914172448,0.25700249421522153,0.27839947882329946
0.00014532771399505882,0.00014532771399505882,0.40312784142671376,0.5965815031452961
0.5310196442282571,0.4687859734216603,9.719117504130625e-05,9.719117504130625e-05

Transition Gammas
1.0,1.0,4110.558655507522,7576.441344492478
5387.044403693818,3411.9555963061825,1.0,1.0
4.16905266530416,1.8250243019614476,1.5173444786060133,4.698142893181605
595.3460856685058,423.5318915358293,693.1558721575553,1180.258223306634

52.48432535041758,56.64633226747899,55.49831913852173,106.2765107354728
16.861287251411092,7.9736212971199265,13.737969320107764,14.881736889314425
1.0,1.0,2773.922676857218,4105.077323142784
5463.6611194645375,4823.3388805354625,1.0,1.0

Iteration: ,45000
Error:,0.1442435734193351
Absolute Error:,0.4846398487498439
Transition Probabilities
8.050233456770246e-05,8.050233456770246e-05,0.35055213778035116,0.6492868575505134
0.612212613775885,0.3875739618297068,0.00010671219720414043,0.00010671219720414043
0.34145793818122777,0.14947497316705785,0.12427507128593203,0.3847920173657823
0.20568408276615094,0.1480268116387891,0.24137244360138785,0.404916661993672

0.193736663794928,0.20909998092664903,0.20486229220507368,0.3923010630733492
0.3154318355442342,0.1491661914172448,0.25700249421522153,0.27839947882329946
0.00013795006207752784,0.00013795006207752784,0.40164496821618706,0.5980791316596579
0.5301709877971797,0.4696462469647686,9.138261902586128e-05,9.138261902586128e-05

Transition Gammas
1.0,1.0,4354.558655507522,8065.441344492478
5737.044403693818,3631.9555963061825,1.0,1.0
4.16905266530416,1.8250243019614476,1.5173444786060133,4.698142893181605
616.5844550957327,443.74377329737524,723.5683705398486,1213.8290724149228

52.48432535041758,56.64633226747899,55.49831913852173,106.2765107354728
16.861287251411092,7.9736212971199265,13.737969320107764,14.881736889314425
1.0,1.0,2911.524374599142,4335.4756254008635
5801.6611194645375,5139.3388805354625,1.0,1.0

Iteration: ,47500
Error:,0.14492809376040755
Absolute Error:,0.48429134864575707
Transition Probabilities
7.608612949859241e-05,7.608612949859241e-05,0.35391909423324375,0.645928733507759
0.6138618723352733,0.385935534471858,0.0001012965964343598,0.0001012965964343598
0.34145793818122777,0.14947497316705785,0.12427507128593203,0.3847920173657823
0.20611681876868218,0.14866950905454068,0.24191574145952421,0.40329793071725284

0.193736663794928,0.20909998092664903,0.20486229220507368,0.3923010630733492
0.3154318355442342,0.1491661914172448,0.25700249421522153,0.27839947882329946
0.00013017443374121313,0.00013017443374121313,0.3997090262052097,0.6000306249273079
0.5307452558319967,0.4690818534349466,8.644536652835408e-05,8.644536652835408e-05

Transition Gammas
1.0,1.0,4651.558655507522,8489.441344492478
6060.044403693818,3809.9555963061825,1.0,1.0
4.16905266530416,1.8250243019614476,1.5173444786060133,4.698142893181605
645.0184232752989,465.2438015118591,757.0469554782699,1262.0735995026844

52.48432535041758,56.64633226747899,55.49831913852173,106.2765107354728
16.861287251411092,7.9736212971199265,13.737969320107764,14.881736889314425
1.0,1.0,3070.5647393084237,4609.435260691583
6139.6611194645375,5426.3388805354625,1.0,1.0

Iteration: ,50000
Error:,0.1452569806865806
Absolute Error:,0.48402201075424883
Transition Probabilities
7.225955632632416e-05,7.225955632632416e-05,0.35642450000054354,0.6434309808868038
0.613490001315322,0.38631789417982737,9.605225242531937e-05,9.605225242531937e-05
0.34145793818122777,0.14947497316705785,0.12427507128593203,0.3847920173657823
0.20523411986799278,0.15019815034815726,0.24142260917945463,0.4031451206043954

0.193736663794928,0.20909998092664903,0.20486229220507368,0.3923010630733492
0.3154318355442342,0.1491661914172448,0.25700249421522153,0.27839947882329946
0.00012316787781746516,0.00012316787781746516,0.40082086253956717,0.5989328017047979
0.5305391223882118,0.4692965390744012,8.216926869350862e-05,8.216926869350862e-05

Transition Gammas
1.0,1.0,4932.558655507522,8904.441344492478
6387.044403693818,4021.9555963061825,1.0,1.0
4.16905266530416,1.8250243019614476,1.5173444786060133,4.698142893181605
670.151247705122,490.44222239246085,788.3175705379845,1316.3903046581167

52.48432535041758,56.64633226747899,55.49831913852173,106.2765107354728
16.861287251411092,7.9736212971199265,13.737969320107764,14.881736889314425
1.0,1.0,3254.2645829587473,4862.735417041256
6456.6611194645375,5711.3388805354625,1.0,1.0

Iteration: ,52500
Error:,0.14390440853731173
Absolute Error:,0.48381807794773024
Transition Probabilities
6.87096330905593e-05,6.87096330905593e-05,0.35774073488439756,0.6421218458494213
0.6133811847516943,0.3864363168451668,9.124920156948626e-05,9.124920156948626e-05
0.34145793818122777,0.14947497316705785,0.12427507128593203,0.3847920173657823
0.20444089296264137,0.15112974529453022,0.24105290011526573,0.4033764616275626

0.193736663794928,0.20909998092664903,0.20486229220507368,0.3923010630733492
0.3154318355442342,0.1491661914172448,0.25700249421522153,0.27839947882329946
0.00011730205278592381,0.00011730205278592381,0.4000445169388623,0.5997208789555657
0.5303179816812105,0.46952580493130225,7.810669374365383e-05,7.810669374365383e-05

Transition Gammas
1.0,1.0,5206.558655507522,9345.441344492478
6722.044403693818,4234.955596306183,1.0,1.0
4.16905266530416,1.8250243019614476,1.5173444786060133,4.698142893181605
691.9262296523132,511.49568628164565,815.8388564365647,1365.219796195339

52.48432535041758,56.64633226747899,55.49831913852173,106.2765107354728
16.861287251411092,7.9736212971199265,13.737969320107764,14.881736889314425
1.0,1.0,3410.3795069037997,5112.620493096196
6789.6611194645375,6011.3388805354625,1.0,1.0

Iteration: ,55000
Error:,0.1449870260409288
Absolute Error:,0.483588026216201
Transition Probabilities
6.545359340227778e-05,6.545359340227778e-05,0.3592458866021418,0.6406232062110536
0.614450152800716,0.38537558563267255,8.713078330574191e-05,8.713078330574191e-05
0.34145793818122777,0.14947497316705785,0.12427507128593203,0.3847920173657823
0.20301345443050925,0.15233765379497763,0.2412364693705193,0.4034124224039938

0.193736663794928,0.20909998092664903,0.20486229220507368,0.3923010630733492
0.3154318355442342,0.1491661914172448,0.25700249421522153,0.27839947882329946
0.00011190689346463753,0.00011190689346463753,0.39848997666104846,0.6012862095520223
0.5310621091376274,0.46878914774174196,7.437156031533541e-05,7.437156031533541e-05

Transition Gammas
1.0,1.0,5488.558655507522,9787.441344492478
7052.044403693818,4422.955596306183,1.0,1.0
4.16905266530416,1.8250243019614476,1.5173444786060133,4.698142893181605
712.2697742066947,534.4744592229348,846.3746703437097,1415.3666604211362

52.48432535041758,56.64633226747899,55.49831913852173,106.2765107354728
16.861287251411092,7.9736212971199265,13.737969320107764,14.881736889314425
1.0,1.0,3560.9064314431253,5373.093568556866
7140.6611194645375,6303.3388805354625,1.0,1.0

Iteration: ,57500
Error:,0.1439561966899295
Absolute Error:,0.4834290408494919
Transition Probabilities
6.2625250501002e-05,6.2625250501002e-05,0.3612574308308819,0.6386173186681161
0.6140797534768027,0.3857534686712961,8.338892595063375e-05,8.338892595063375e-05
0.34145793818122777,0.14947497316705785,0.12427507128593203,0.3847920173657823
0.20109990426714242,0.15241538972548369,0.2427357046711598,0.40374900133621416

0.193736663794928,0.20909998092664903,0.20486229220507368,0.3923010630733492
0.3154318355442342,0.1491661914172448,0.25700249421522153,0.27839947882329946
0.00010647359454855216,0.00010647359454855216,0.39974360917508217,0.6000434436358209
0.5317439430426565,0.4681137588427935,7.114905727499111e-05,7.114905727499111e-05

Transition Gammas
1.0,1.0,5768.558655507522,10197.441344492478
7364.044403693818,4625.955596306183,1.0,1.0
4.16905266530416,1.8250243019614476,1.5173444786060133,4.698142893181605
733.9310724094429,556.2528278697174,885.8844398290156,1473.516054693346

52.48432535041758,56.64633226747899,55.49831913852173,106.2765107354728
16.861287251411092,7.9736212971199265,13.737969320107764,14.881736889314425
1.0,1.0,3754.3919773723646,5635.608022627618
7473.6611194645375,6579.3388805354625,1.0,1.0

Iteration: ,60000
Error:,0.14470345739494975
Absolute Error:,0.48334677704785894
Transition Probabilities
6.001320290463902e-05,6.001320290463902e-05,0.3629333646706789,0.6369466089235118
0.6127678024486493,0.38707264430045335,7.977662544874351e-05,7.977662544874351e-05
0.34145793818122777,0.14947497316705785,0.12427507128593203,0.3847920173657823
0.19983807685811392,0.1524172414442023,0.24340861007783368,0.4043360716198502

0.193736663794928,0.20909998092664903,0.20486229220507368,0.3923010630733492
0.3154318355442342,0.1491661914172448,0.25700249421522153,0.27839947882329946
0.00010179153094462566,0.00010179153094462566,0.39978490293269564,0.6000115140054152
0.5320150729014681,0.4678485944468618,6.81663258350375e-05,6.81663258350375e-05

Transition Gammas
1.0,1.0,6047.558655507522,10613.441344492478
7681.044403693818,4851.955596306183,1.0,1.0
4.16905266530416,1.8250243019614476,1.5173444786060133,4.698142893181605
755.4786489971756,576.2063639748592,920.1950438426455,1528.573903085912

52.48432535041758,56.64633226747899,55.49831913852173,106.2765107354728
16.861287251411092,7.9736212971199265,13.737969320107764,14.881736889314425
1.0,1.0,3927.4868864107925,5894.513113589184
7804.6611194645375,6863.3388805354625,1.0,1.0

Iteration: ,62500
Error:,0.14503546733846429
Absolute Error:,0.483136525439753
Transition Probabilities
5.7520851308599364e-05,5.7520851308599364e-05,0.36356391461072896,0.6363210436866539
0.6140021775294249,0.3858444952703299,7.666360012266176e-05,7.666360012266176e-05
0.34145793818122777,0.14947497316705785,0.12427507128593203,0.3847920173657823
0.20046669411804446,0.15158985778852108,0.24402094805669344,0.4039225000367411

0.193736663794928,0.20909998092664903,0.20486229220507368,0.3923010630733492
0.3154318355442342,0.1491661914172448,0.25700249421522153,0.27839947882329946
9.761811792268664e-05,9.761811792268664e-05,0.39977056369203023,0.6000342000721244
0.5317648558944487,0.46810446785595966,6.533812479581836e-05,6.533812479581836e-05

Transition Gammas
1.0,1.0,6320.558655507522,11062.441344492478
8009.044403693818,5032.955596306183,1.0,1.0
4.16905266530416,1.8250243019614476,1.5173444786060133,4.698142893181605
783.5457218581457,592.505328976685,953.782226692491,1578.7747099758603

52.48432535041758,56.64633226747899,55.49831913852173,106.2765107354728
16.861287251411092,7.9736212971199265,13.737969320107764,14.881736889314425
1.0,1.0,4095.2496544611495,6146.7503455388305
8138.6611194645375,7164.3388805354625,1.0,1.0

Iteration: ,65000
Error:,0.14490397585607717
Absolute Error:,0.48288134030536267
Transition Probabilities
5.5260831122900086e-05,5.5260831122900086e-05,0.3652497046589038,0.6346397736788505
0.6146963675258873,0.3851562593991735,7.36865374696043e-05,7.36865374696043e-05
0.34145793818122777,0.14947497316705785,0.12427507128593203,0.3847920173657823
0.19997791324052952,0.15240055266550456,0.244233587849177,0.40338794624478896

0.193736663794928,0.20909998092664903,0.20486229220507368,0.3923010630733492
0.3154318355442342,0.1491661914172448,0.25700249421522153,0.27839947882329946
9.365926758452766e-05,9.365926758452766e-05,0.3990041932839323,0.6008084881808987
0.5315504092056577,0.4683240572768932,6.276675872457946e-05,6.276675872457946e-05

Transition Gammas
1.0,1.0,6609.558655507522,11484.441344492478
8342.044403693817,5226.955596306183,1.0,1.0
4.16905266530416,1.8250243019614476,1.5173444786060133,4.698142893181605
806.0351302097619,614.2688325986772,984.412971380636,1625.9038336168105

52.48432535041758,56.64633226747899,55.49831913852173,106.2765107354728
16.861287251411092,7.9736212971199265,13.737969320107764,14.881736889314425
1.0,1.0,4260.167771692537,6414.832228307443
8468.661119464537,7461.3388805354625,1.0,1.0

Iteration: ,67500
Error:,0.14490499751815641
Absolute Error:,0.4829716906903433
Transition Probabilities
5.319431884674717e-05,5.319431884674717e-05,0.3657938536894262,0.6340997576728803
0.6138280328744287,0.3860301734353905,7.089684509039348e-05,7.089684509039348e-05
0.34145793818122777,0.14947497316705785,0.12427507128593203,0.3847920173657823
0.19916710086235895,0.15190479381363278,0.24555211208104505,0.40337599324296325

0.193736663794928,0.20909998092664903,0.20486229220507368,0.3923010630733492
0.3154318355442342,0.1491661914172448,0.25700249421522153,0.27839947882329946
9.004141905276444e-05,9.004141905276444e-05,0.39949408845676493,0.6003258287051295
0.5319201255563663,0.4679591160811172,6.0379181258302136e-05,6.0379181258302136e-05

Transition Gammas
1.0,1.0,6876.558655507522,11920.441344492478
8658.044403693817,5444.955596306183,1.0,1.0
4.16905266530416,1.8250243019614476,1.5173444786060133,4.698142893181605
827.558417878452,631.1789963917713,1020.2925909984306,1676.0659633690773

52.48432535041758,56.64633226747899,55.49831913852173,106.2765107354728
16.861287251411092,7.9736212971199265,13.737969320107764,14.881736889314425
1.0,1.0,4436.781346400823,6667.218653599157
8809.661119464537,7750.3388805354625,1.0,1.0

Iteration: ,70000
Error:,0.14536895631912994
Absolute Error:,0.4833397417425799
Transition Probabilities
5.128994204236549e-05,5.128994204236549e-05,0.3670081887217276,0.6328892313941877
0.6126901636266195,0.38717312162869527,6.835737234260716e-05,6.835737234260716e-05
0.34145793818122777,0.14947497316705785,0.12427507128593203,0.3847920173657823
0.19940650911035848,0.15253904297593734,0.2468181609889444,0.4012362869247596

0.193736663794928,0.20909998092664903,0.20486229220507368,0.3923010630733492
0.3154318355442342,0.1491661914172448,0.25700249421522153,0.27839947882329946
8.648274669203508e-05,8.648274669203508e-05,0.400571315650028,0.5992557188565879
0.5327852883967217,0.46709817506907486,5.82682671017364e-05,5.82682671017364e-05

Transition Gammas
1.0,1.0,7155.558655507522,12339.441344492478
8963.044403693817,5663.955596306183,1.0,1.0
4.16905266530416,1.8250243019614476,1.5173444786060133,4.698142893181605
855.1197066878818,654.1368296851543,1058.4362284447852,1720.6311745708813

52.48432535041758,56.64633226747899,55.49831913852173,106.2765107354728
16.861287251411092,7.9736212971199265,13.737969320107764,14.881736889314425
1.0,1.0,4631.806122861266,6929.193877138714
9143.661119464537,8016.3388805354625,1.0,1.0

Iteration: ,72500
Error:,0.1454333534950861
Absolute Error:,0.48336157222063353
Transition Probabilities
4.948290365678658e-05,4.948290365678658e-05,0.36704234031904215,0.6328586938736444
0.6135448032530731,0.3863232096816593,6.599353263380188e-05,6.599353263380188e-05
0.34145793818122777,0.14947497316705785,0.12427507128593203,0.3847920173657823
0.19897589116933487,0.1529728131128206,0.2482343140246609,0.3998169816931837

0.193736663794928,0.20909998092664903,0.20486229220507368,0.3923010630733492
0.3154318355442342,0.1491661914172448,0.25700249421522153,0.27839947882329946
8.339588024351611e-05,8.339588024351611e-05,0.40131170320936965,0.5985215050301433
0.5324149027242573,0.4674726745663554,5.621135469364812e-05,5.621135469364812e-05

Transition Gammas
1.0,1.0,7417.558655507522,12789.441344492478
9297.044403693817,5853.955596306183,1.0,1.0
4.16905266530416,1.8250243019614476,1.5173444786060133,4.698142893181605
878.4022391896333,675.3162947720351,1095.8592822554444,1765.0386181029874

52.48432535041758,56.64633226747899,55.49831913852173,106.2765107354728
16.861287251411092,7.9736212971199265,13.737969320107764,14.881736889314425
1.0,1.0,4812.128633183544,7176.871366816436
9471.661119464537,8316.338880535463,1.0,1.0

Iteration: ,74999
Error:,0.14495411525229634
Absolute Error:,0.48334789820598206
Transition Probabilities
4.773953310736621e-05,4.773953310736621e-05,0.36752559581360206,0.6323789251201832
0.6139459164498764,0.38592616541772834,6.395906619763352e-05,6.395906619763352e-05
0.34145793818122777,0.14947497316705785,0.12427507128593203,0.3847920173657823
0.198970566468831,0.15203660725108561,0.2482499447036967,0.4007428815763867

0.193736663794928,0.20909998092664903,0.20486229220507368,0.3923010630733492
0.3154318355442342,0.1491661914172448,0.25700249421522153,0.27839947882329946
8.064516129032272e-05,8.064516129032272e-05,0.4002672727816757,0.5995714368957437
0.5341027220697349,0.4657888709705384,5.420347986340723e-05,5.420347986340723e-05

