0,1,2,3,4,5,6,7,8,9,10,11,12,13,14,15,16,17,18,19,20,21,22,23,24,25,26,27,28,29
github Code Version (SHA):,3130f818d955eaa9876b4af7408e9fb46046852d
Environment Observations,Environment Actions,alpha,epsilon,numActions,explore,patience,gainThresh,insertRandActions,useBudd,revisedSplitting,haveControl,confidence_factor
"['diamond', 'square']","['x', 'y']",0.75,0.75,75000,0.5,0,0.01,False,True,False,True,250

Model Num 0
Model States: 
['diamond'],['square']
Iteration: ,0
Error:,0.19520837541346606
Absolute Error:,1
Transition Probabilities
0.5,0.5
0.5,0.5

0.5,0.5
0.5,0.5

Transition Gammas
1.0,1.0
1.0,1.0

1.0,1.0
1.0,1.0

Iteration: ,2043
Error:,0.12931202818033952
Absolute Error:,1
Transition Probabilities
0.4678260869565217,0.5321739130434783
0.33049403747870526,0.6695059625212947

0.45219638242894056,0.5478036175710594
0.65,0.35


Model Num 1
Model States: 
['square'],"['diamond', 'x', 'square']","['diamond', 'x', 'diamond']"
Iteration: ,0
Error:,0.24007320407473312
Absolute Error:,1
Transition Probabilities
0.3333333333333333,0.3333333333333333,0.3333333333333333
0.3333333333333333,0.3333333333333333,0.3333333333333333
0.3333333333333333,0.3333333333333333,0.3333333333333333

0.3333333333333333,0.3333333333333333,0.3333333333333333
0.3333333333333333,0.3333333333333333,0.3333333333333333
0.3333333333333333,0.3333333333333333,0.3333333333333333

Transition Gammas
1.0,1.0,1.0
1.0,1.0,1.0
1.0,1.0,1.0

1.0,1.0,1.0
1.0,1.0,1.0
1.0,1.0,1.0

Iteration: ,2500
Error:,0.1525574698136177
Absolute Error:,1
Transition Probabilities
0.6220379146919431,0.2506890956954341,0.1272729896126227
0.996415770609319,0.0017921146953405018,0.0017921146953405018
0.002570694087403599,0.6661459865609893,0.3312833193516071

0.3856088560885609,0.30386328999882867,0.3105278539126104
0.6083808305522009,0.193593031477343,0.19802613797045615
0.36758036753519285,0.3647406025466881,0.2676790299181191

Transition Gammas
525.0,211.5815967669464,107.41840323305357
556.0,1.0,1.0
1.0,259.13078877222483,128.86921122777517

209.0,164.69390317936515,168.30609682063485
65.05134915236718,20.70000771172768,21.174019291039574
2.0802930645487168,2.064221631109146,1.5149090611061473

Iteration: ,3306
Error:,0.1372606805135313
Absolute Error:,1
Transition Probabilities
0.6109979633401222,0.2524575869300713,0.13654444972980645
0.9973614775725593,0.0013192612137203166,0.0013192612137203166
0.0018248175182481751,0.6679611460242336,0.3302140364575183

0.3759305210918114,0.3071481571202268,0.3169213217879618
0.6307650693298962,0.176057784498835,0.19317714617126874
0.5555824423809939,0.3046165347648113,0.1398010228541947


Model Num 2
Model States: 
"['diamond', 'x', 'square']","['diamond', 'x', 'diamond']","['square', 'y', 'square']","['square', 'y', 'diamond', 'x', 'diamond']"
Iteration: ,0
Error:,0.19480789374459564
Absolute Error:,0.5
Transition Probabilities
0.25,0.25,0.25,0.25
0.25,0.25,0.25,0.25
0.25,0.25,0.25,0.25
0.25,0.25,0.25,0.25

0.25,0.25,0.25,0.25
0.25,0.25,0.25,0.25
0.25,0.25,0.25,0.25
0.25,0.25,0.25,0.25

Transition Gammas
1.0,1.0,1.0,1.0
1.0,1.0,1.0,1.0
1.0,1.0,1.0,1.0
1.0,1.0,1.0,1.0

1.0,1.0,1.0,1.0
1.0,1.0,1.0,1.0
1.0,1.0,1.0,1.0
1.0,1.0,1.0,1.0

Iteration: ,2500
Error:,0.17299425923940168
Absolute Error:,0.5042966484469721
Transition Probabilities
0.0013679890560875513,0.0013679890560875513,0.3707250341997264,0.6265389876880985
0.596116504854369,0.4,0.001941747572815534,0.001941747572815534
0.22370795760527812,0.22370795760527812,0.22370795760527812,0.32887612718416565
0.28169836319115743,0.20391231876564545,0.190497978161141,0.3238913398820561

0.25,0.25,0.25,0.25
0.25,0.25,0.25,0.25
0.0023752969121140144,0.0023752969121140144,0.41187365355408695,0.583375752621685
0.582018927444795,0.4148264984227129,0.0015772870662460567,0.0015772870662460567

Transition Gammas
1.0,1.0,271.0,458.0
307.0,206.0,1.0,1.0
1.0,1.0,1.0,1.4701136727753408
35.20353432469021,25.482697987926766,23.80632261050469,40.476344171267016

1.0,1.0,1.0,1.0
1.0,1.0,1.0,1.0
1.0,1.0,173.3988081462706,245.60119185372938
369.0,263.0,1.0,1.0

Iteration: ,5000
Error:,0.16528183252990206
Absolute Error:,0.488988714020273
Transition Probabilities
0.0007057163020465773,0.0007057163020465773,0.38673253352152437,0.6118560338743825
0.6001890359168242,0.39792060491493386,0.000945179584120983,0.000945179584120983
0.22370795760527812,0.22370795760527812,0.22370795760527812,0.32887612718416565
0.24537195168546286,0.1647527659101887,0.19121776454291692,0.3986575178614316

0.25,0.25,0.25,0.25
0.25,0.25,0.25,0.25
0.0011695906432748538,0.0011695906432748538,0.4218102394821067,0.5758505792313435
0.5486725663716814,0.4497184231697506,0.0008045052292839903,0.0008045052292839903

Transition Gammas
1.0,1.0,548.0,867.0
635.0,421.0,1.0,1.0
1.0,1.0,1.0,1.4701136727753408
63.12457394215908,42.38442121210499,49.192826784117095,102.55893467440866

1.0,1.0,1.0,1.0
1.0,1.0,1.0,1.0
1.0,1.0,360.64775475720126,492.35224524279874
682.0,559.0,1.0,1.0

Iteration: ,7500
Error:,0.16478131606372232
Absolute Error:,0.4874650032145944
Transition Probabilities
0.0004730368968779565,0.0004730368968779565,0.3945127719962157,0.6045411542100284
0.6021370207416719,0.3966059082338152,0.0006285355122564425,0.0006285355122564425
0.22370795760527812,0.22370795760527812,0.22370795760527812,0.32887612718416565
0.24396558483241,0.16932094512015783,0.1873533006009221,0.39936016944651015

0.25,0.25,0.25,0.25
0.25,0.25,0.25,0.25
0.0007674597083653111,0.0007674597083653111,0.4283428956171419,0.5701221849661275
0.5450108459869848,0.4539045553145336,0.0005422993492407809,0.0005422993492407809

Transition Gammas
1.0,1.0,834.0,1278.0
958.0,631.0,1.0,1.0
1.0,1.0,1.0,1.4701136727753408
93.64718019692752,64.99453219876865,71.91632505837305,153.29602237677798

1.0,1.0,1.0,1.0
1.0,1.0,1.0,1.0
1.0,1.0,558.1307929891357,742.869207010864
1005.0,837.0,1.0,1.0

Iteration: ,10000
Error:,0.164505100785321
Absolute Error:,0.48785075781523385
Transition Probabilities
0.0003544842254519674,0.0003544842254519674,0.3863878057426445,0.6129032258064516
0.6031894934333959,0.39587242026266417,0.00046904315196998124,0.00046904315196998124
0.22370795760527812,0.22370795760527812,0.22370795760527812,0.32887612718416565
0.2475639376178652,0.1592897359018307,0.1942028437134223,0.3989434827668818

0.25,0.25,0.25,0.25
0.25,0.25,0.25,0.25
0.0005797101449275364,0.0005797101449275364,0.43582004162100063,0.5630205380891443
0.5396761133603238,0.45951417004048584,0.0004048582995951417,0.0004048582995951417

Transition Gammas
1.0,1.0,1090.0,1729.0
1286.0,844.0,1.0,1.0
1.0,1.0,1.0,1.4701136727753408
123.6880683230657,79.58444968588566,97.02776112261195,199.32042295142006

1.0,1.0,1.0,1.0
1.0,1.0,1.0,1.0
1.0,1.0,751.7895717962259,971.2104282037736
1333.0,1135.0,1.0,1.0

Iteration: ,12500
Error:,0.1648365087145268
Absolute Error:,0.4860130313983075
Transition Probabilities
0.0002830455703368242,0.0002830455703368242,0.3903198414944806,0.6091140673648457
0.6071161048689139,0.3921348314606742,0.0003745318352059925,0.0003745318352059925
0.22370795760527812,0.22370795760527812,0.22370795760527812,0.32887612718416565
0.25641438207536316,0.15222945804376406,0.1908793127320458,0.40047684714882703

0.25,0.25,0.25,0.25
0.25,0.25,0.25,0.25
0.0004664179104477613,0.0004664179104477613,0.42921985885070146,0.5698473053284031
0.5338078291814946,0.46554513102555806,0.00032351989647363315,0.00032351989647363315

Transition Gammas
1.0,1.0,1379.0,2152.0
1621.0,1047.0,1.0,1.0
1.0,1.0,1.0,1.4701136727753408
158.92309564201193,94.35031110349428,118.30510842594069,248.21158535147387

1.0,1.0,1.0,1.0
1.0,1.0,1.0,1.0
1.0,1.0,920.2473773759037,1221.752622624096
1650.0,1439.0,1.0,1.0

Iteration: ,15000
Error:,0.16580746405720825
Absolute Error:,0.48528708403232623
Transition Probabilities
0.00023590469450342062,0.00023590469450342062,0.39490445859872614,0.604623732012267
0.6151170145477546,0.38425047438330173,0.00031625553447185326,0.00031625553447185326
0.22370795760527812,0.22370795760527812,0.22370795760527812,0.32887612718416565
0.25674029911695534,0.1523278081788371,0.19639560757803032,0.3945362851261772

0.25,0.25,0.25,0.25
0.25,0.25,0.25,0.25
0.00038550501156515033,0.00038550501156515033,0.4265334287051643,0.5726955612717054
0.5342725548631807,0.46518558656190734,0.000270929287455974,0.000270929287455974

Transition Gammas
1.0,1.0,1674.0,2563.0
1945.0,1215.0,1.0,1.0
1.0,1.0,1.0,1.4701136727753408
195.87649420609623,116.21641455896719,149.83733843955883,301.0060541076495

1.0,1.0,1.0,1.0
1.0,1.0,1.0,1.0
1.0,1.0,1106.4277140611962,1485.5722859388038
1972.0,1717.0,1.0,1.0

Iteration: ,17500
Error:,0.16298696827464682
Absolute Error:,0.4852746583845979
Transition Probabilities
0.00020108586366378444,0.00020108586366378444,0.38950331791675047,0.610094510355922
0.6205673758865248,0.3788870703764321,0.00027277686852154935,0.00027277686852154935
0.22370795760527812,0.22370795760527812,0.22370795760527812,0.32887612718416565
0.24789267994040085,0.1563963116729992,0.196603168106845,0.3991078402797549

0.25,0.25,0.25,0.25
0.25,0.25,0.25,0.25
0.000333000333000333,0.000333000333000333,0.4267716100739184,0.572562389260081
0.5385323211410168,0.4610075914423741,0.00023004370830457787,0.00023004370830457787

Transition Gammas
1.0,1.0,1937.0,3034.0
2275.0,1389.0,1.0,1.0
1.0,1.0,1.0,1.4701136727753408
216.9369933875685,136.86626664168801,172.05227758166887,349.2691068107056

1.0,1.0,1.0,1.0
1.0,1.0,1.0,1.0
1.0,1.0,1281.595145051977,1719.404854948023
2341.0,2004.0,1.0,1.0

Iteration: ,20000
Error:,0.16198919637675355
Absolute Error:,0.4852552099538216
Transition Probabilities
0.00017590149516270889,0.00017590149516270889,0.39050131926121373,0.6091468777484609
0.6144521036367958,0.385072498217257,0.0002376990729736154,0.0002376990729736154
0.22370795760527812,0.22370795760527812,0.22370795760527812,0.32887612718416565
0.2441819547963859,0.15236895028617006,0.19584131972946095,0.40760777518798297

0.25,0.25,0.25,0.25
0.25,0.25,0.25,0.25
0.000292654375182909,0.000292654375182909,0.4216298705293042,0.57778482072033
0.5415581814540357,0.4580412577608652,0.0002002803925495694,0.0002002803925495694

Transition Gammas
1.0,1.0,2220.0,3463.0
2585.0,1620.0,1.0,1.0
1.0,1.0,1.0,1.4701136727753408
240.2363509811181,149.90690303096332,192.67682602657462,401.0214621483663

1.0,1.0,1.0,1.0
1.0,1.0,1.0,1.0
1.0,1.0,1440.7092675986323,1974.2907324013677
2704.0,2287.0,1.0,1.0

Iteration: ,22500
Error:,0.16298046253804596
Absolute Error:,0.4861095832753527
Transition Probabilities
0.00015605493133583021,0.00015605493133583021,0.3895131086142322,0.6101747815230961
0.6144399745924201,0.3851365657421131,0.00021172983273343214,0.00021172983273343214
0.22370795760527812,0.22370795760527812,0.22370795760527812,0.32887612718416565
0.24945700334438414,0.15102360391584363,0.19662205568927252,0.4028973370504997

0.25,0.25,0.25,0.25
0.25,0.25,0.25,0.25
0.00026062027625749283,0.00026062027625749283,0.4203593973549191,0.5791193620925659
0.5425266903914591,0.4571174377224199,0.00017793594306049823,0.00017793594306049823

Transition Gammas
1.0,1.0,2496.0,3910.0
2902.0,1819.0,1.0,1.0
1.0,1.0,1.0,1.4701136727753408
276.3160760258259,167.2843378291304,217.7923816922749,446.2773533014739

1.0,1.0,1.0,1.0
1.0,1.0,1.0,1.0
1.0,1.0,1612.9190076508246,2222.080992349175
3049.0,2569.0,1.0,1.0

Iteration: ,25000
Error:,0.163585376111433
Absolute Error:,0.4856594333576253
Transition Probabilities
0.00014074595355383532,0.00014074595355383532,0.38944405348346234,0.61027445460943
0.6150914634146342,0.38452743902439024,0.00019054878048780488,0.00019054878048780488
0.22370795760527812,0.22370795760527812,0.22370795760527812,0.32887612718416565
0.25141726734579795,0.14797390008150088,0.19702427814995904,0.4035845544227421

0.25,0.25,0.25,0.25
0.25,0.25,0.25,0.25
0.00023326335432703532,0.00023326335432703532,0.425054847530237,0.5744786257611089
0.5400674482094107,0.4596113698410149,0.00016059097478721696,0.00016059097478721696

Transition Gammas
1.0,1.0,2767.0,4336.0
3228.0,2018.0,1.0,1.0
1.0,1.0,1.0,1.4701136727753408
310.74871650708053,182.89395956097567,243.51963650780283,498.8256519249182

1.0,1.0,1.0,1.0
1.0,1.0,1.0,1.0
1.0,1.0,1822.2101313621251,2462.7898686378726
3363.0,2862.0,1.0,1.0

Iteration: ,27500
Error:,0.1634109690206249
Absolute Error:,0.4859881411763636
Transition Probabilities
0.00012790995139421848,0.00012790995139421848,0.38948580199539523,0.6102583781018163
0.614251040221914,0.3854022191400832,0.00017337031900138697,0.00017337031900138697
0.22370795760527812,0.22370795760527812,0.22370795760527812,0.32887612718416565
0.25359135046579306,0.14412721460214037,0.20002325604573276,0.40225817888633386

0.25,0.25,0.25,0.25
0.25,0.25,0.25,0.25
0.0002120441051738763,0.0002120441051738763,0.4231392225660474,0.5764366892236048
0.5404695931165232,0.4592387341402946,0.00014583637159107482,0.00014583637159107482

Transition Gammas
1.0,1.0,3045.0,4771.0
3543.0,2223.0,1.0,1.0
1.0,1.0,1.0,1.4701136727753408
344.0043182663822,195.5129152148656,271.33758192874933,545.6753565951595

1.0,1.0,1.0,1.0
1.0,1.0,1.0,1.0
1.0,1.0,1995.5245736214786,2718.475426378519
3706.0,3149.0,1.0,1.0

Iteration: ,30000
Error:,0.1634989634338118
Absolute Error:,0.48511197025282876
Transition Probabilities
0.00011756407241946862,0.00011756407241946862,0.39090054079473313,0.6088643310604279
0.6154824352249245,0.3841996502940709,0.00015895724050230488,0.00015895724050230488
0.22370795760527812,0.22370795760527812,0.22370795760527812,0.32887612718416565
0.2562934746630167,0.13824870093765654,0.20261433302107892,0.402843491378248

0.25,0.25,0.25,0.25
0.25,0.25,0.25,0.25
0.00019346101760495268,0.00019346101760495268,0.42439011165567503,0.575222966309115
0.5366049879324215,0.4631268436578171,0.00013408420488066506,0.00013408420488066506

Transition Gammas
1.0,1.0,3325.0,5179.0
3872.0,2417.0,1.0,1.0
1.0,1.0,1.0,1.4701136727753408
382.9643804897217,206.5769648552755,302.75477214462427,601.9455170009024

1.0,1.0,1.0,1.0
1.0,1.0,1.0,1.0
1.0,1.0,2193.6724871481833,2973.3275128518144
4002.0,3454.0,1.0,1.0

Iteration: ,32500
Error:,0.16200326392684725
Absolute Error:,0.4854628776240354
Transition Probabilities
0.00010844810758052273,0.00010844810758052273,0.39117232404294544,0.6086107797418935
0.6138570167696381,0.38584877905266257,0.00014710208884966165,0.00014710208884966165
0.22370795760527812,0.22370795760527812,0.22370795760527812,0.32887612718416565
0.25358880611017154,0.13655654037014062,0.20516861351586743,0.4046860400038204

0.25,0.25,0.25,0.25
0.25,0.25,0.25,0.25
0.0001786352268667382,0.0001786352268667382,0.42217784861477575,0.5774648809314906
0.5398295665061134,0.45992342843028283,0.00012350253180190194,0.00012350253180190194

Transition Gammas
1.0,1.0,3607.0,5612.0
4173.0,2623.0,1.0,1.0
1.0,1.0,1.0,1.4701136727753408
409.73586842674155,220.6410981469055,331.5009890314814,653.8710780834168

1.0,1.0,1.0,1.0
1.0,1.0,1.0,1.0
1.0,1.0,2363.351596545514,3232.6484034544837
4371.0,3724.0,1.0,1.0

Iteration: ,35000
Error:,0.1619322300354024
Absolute Error:,0.48531973592724936
Transition Probabilities
0.00010043185698503566,0.00010043185698503566,0.38917344581701313,0.6106256904690168
0.6170504385964912,0.3826754385964912,0.00013706140350877192,0.00013706140350877192
0.22370795760527812,0.22370795760527812,0.22370795760527812,0.32887612718416565
0.25203152967530223,0.13667246172668074,0.2056379956436777,0.4056580129543394

0.25,0.25,0.25,0.25
0.25,0.25,0.25,0.25
0.00016655562958027987,0.00016655562958027987,0.42087227901739865,0.5787946097234408
0.540790676416819,0.45898080438756855,0.00011425959780621572,0.00011425959780621572

Transition Gammas
1.0,1.0,3875.0,6080.0
4502.0,2792.0,1.0,1.0
1.0,1.0,1.0,1.4701136727753408
437.062701357956,237.0117556341546,356.60894489531324,703.4754230859177

1.0,1.0,1.0,1.0
1.0,1.0,1.0,1.0
1.0,1.0,2526.9171632204607,3475.082836779537
4733.0,4017.0,1.0,1.0

Iteration: ,37500
Error:,0.1627251854031687
Absolute Error:,0.48482750508449823
Transition Probabilities
9.375585974123383e-05,9.375585974123383e-05,0.3882430151884493,0.6115694730920682
0.6175121080805506,0.3822329849604894,0.0001274534794799898,0.0001274534794799898
0.22370795760527812,0.22370795760527812,0.22370795760527812,0.32887612718416565
0.2518222578890106,0.1352250144788257,0.20531119319325156,0.40764153443891227

0.25,0.25,0.25,0.25
0.25,0.25,0.25,0.25
0.0001560305819940709,0.0001560305819940709,0.4202235762807894,0.5794643625552224
0.5383139720771608,0.46147287647873814,0.00010657572205051689,0.00010657572205051689

Transition Gammas
1.0,1.0,4141.0,6523.0
4845.0,2999.0,1.0,1.0
1.0,1.0,1.0,1.4701136727753408
466.87329748492954,250.70440135598434,380.6427381766472,755.7590380243223

1.0,1.0,1.0,1.0
1.0,1.0,1.0,1.0
1.0,1.0,2693.2129003835785,3713.7870996164193
5051.0,4330.0,1.0,1.0

Iteration: ,40000
Error:,0.16300630249597167
Absolute Error:,0.4845655574736965
Transition Probabilities
8.798944126704795e-05,8.798944126704795e-05,0.3893532776066872,0.6104707435107787
0.6170795616960457,0.3826822296331586,0.00011910433539780847,0.00011910433539780847
0.22370795760527812,0.22370795760527812,0.22370795760527812,0.32887612718416565
0.2500189234239468,0.13585458411681572,0.20634052639487152,0.4077859660643659

0.25,0.25,0.25,0.25
0.25,0.25,0.25,0.25
0.00014617745943575506,0.00014617745943575506,0.4187883786840671,0.5809192663970613
0.5369926014797041,0.46280743851229755,9.998000399920016e-05,9.998000399920016e-05

Transition Gammas
1.0,1.0,4425.0,6938.0
5181.0,3213.0,1.0,1.0
1.0,1.0,1.0,1.4701136727753408
492.40284737071556,267.56048354809144,406.3798905034223,803.1190921794027

1.0,1.0,1.0,1.0
1.0,1.0,1.0,1.0
1.0,1.0,2864.9312985777024,3974.0687014222954
5371.0,4629.0,1.0,1.0

Iteration: ,42500
Error:,0.16249810371287296
Absolute Error:,0.48453595313498543
Transition Probabilities
8.285004142502072e-05,8.285004142502072e-05,0.3905550952775476,0.6092792046396023
0.6174293405114402,0.3823463436518618,0.00011215791834903544,0.00011215791834903544
0.22370795760527812,0.22370795760527812,0.22370795760527812,0.32887612718416565
0.25032260541379814,0.13643471698811402,0.20678969378120918,0.4064529838168785

0.25,0.25,0.25,0.25
0.25,0.25,0.25,0.25
0.00013724951962668138,0.00013724951962668138,0.41823008281223045,0.5814954181485162
0.5369323534953835,0.4628792161296401,9.42151874882231e-05,9.42151874882231e-05

Transition Gammas
1.0,1.0,4714.0,7354.0
5505.0,3409.0,1.0,1.0
1.0,1.0,1.0,1.4701136727753408
524.6119694785896,285.932169274406,433.3781535355288,851.8211928488836

1.0,1.0,1.0,1.0
1.0,1.0,1.0,1.0
1.0,1.0,3047.2243833699094,4236.775616630087
5699.0,4913.0,1.0,1.0

Iteration: ,45000
Error:,0.16266551099933374
Absolute Error:,0.4844877581127649
Transition Probabilities
7.819831091648421e-05,7.819831091648421e-05,0.39075695964967155,0.6090866437284954
0.6183959261616805,0.38139189475917673,0.00010608953957139826,0.00010608953957139826
0.22370795760527812,0.22370795760527812,0.22370795760527812,0.32887612718416565
0.254891460470727,0.13349159199468175,0.20688044738874037,0.4047365001458508

0.25,0.25,0.25,0.25
0.25,0.25,0.25,0.25
0.00012971851083149572,0.00012971851083149572,0.41696817107030393,0.5827723919080331
0.5359622574327934,0.46385971158981665,8.901548869503294e-05,8.901548869503294e-05

Transition Gammas
1.0,1.0,4997.0,7789.0
5829.0,3595.0,1.0,1.0
1.0,1.0,1.0,1.4701136727753408
568.6587270966232,297.81758338081124,461.54693317696245,902.9605878417182

1.0,1.0,1.0,1.0
1.0,1.0,1.0,1.0
1.0,1.0,3214.4076307809714,4492.592369219025
6021.0,5211.0,1.0,1.0

Iteration: ,47500
Error:,0.1630556019241759
Absolute Error:,0.48431548659128193
Transition Probabilities
7.394262052647145e-05,7.394262052647145e-05,0.38960366755397813,0.610248447204969
0.6196133709222714,0.3801852597664116,0.00010068465565847765,0.00010068465565847765
0.22370795760527812,0.22370795760527812,0.22370795760527812,0.32887612718416565
0.25574246240179505,0.13236958593376869,0.20514305071778766,0.40674490094664867

0.25,0.25,0.25,0.25
0.25,0.25,0.25,0.25
0.00012322858903265568,0.00012322858903265568,0.41639844093560596,0.5833551018863287
0.536624337734421,0.46320746783281475,8.409721638213776e-05,8.409721638213776e-05

Transition Gammas
1.0,1.0,5269.0,8253.0
6154.0,3776.0,1.0,1.0
1.0,1.0,1.0,1.4701136727753408
599.9725805280672,310.5394439009574,481.26620961043557,954.2247522986273

1.0,1.0,1.0,1.0
1.0,1.0,1.0,1.0
1.0,1.0,3379.0733481924394,4733.926651807553
6381.0,5508.0,1.0,1.0

Iteration: ,50000
Error:,0.16256371602109623
Absolute Error:,0.48444850370384734
Transition Probabilities
7.022965095863474e-05,7.022965095863474e-05,0.3882295104993328,0.61163003019875
0.6200305810397554,0.3797782874617737,9.556574923547401e-05,9.556574923547401e-05
0.22370795760527812,0.22370795760527812,0.22370795760527812,0.32887612718416565
0.25642422432956813,0.130822835976656,0.20707816865694734,0.4056747710368285

0.25,0.25,0.25,0.25
0.25,0.25,0.25,0.25
0.00011717834544176239,0.00011717834544176239,0.4165116911450683,0.5832539521640482
0.535631633548799,0.4642087622695715,7.980209081477934e-05,7.980209081477934e-05

Transition Gammas
1.0,1.0,5528.0,8709.0
6488.0,3974.0,1.0,1.0
1.0,1.0,1.0,1.4701136727753408
630.8026520620001,321.8236970399638,509.4115359594838,997.9584499621252

1.0,1.0,1.0,1.0
1.0,1.0,1.0,1.0
1.0,1.0,3554.510772232012,4977.489227767986
6712.0,5817.0,1.0,1.0

Iteration: ,52500
Error:,0.1625403912135712
Absolute Error:,0.48411068341887403
Transition Probabilities
6.692096633875393e-05,6.692096633875393e-05,0.38747239510138526,0.6123937629659373
0.6205547976352888,0.3792633015006821,9.095043201455206e-05,9.095043201455206e-05
0.22370795760527812,0.22370795760527812,0.22370795760527812,0.32887612718416565
0.256017343217271,0.12886861584515613,0.20783793524116717,0.40727610569640577

0.25,0.25,0.25,0.25
0.25,0.25,0.25,0.25
0.00011160714285714285,0.00011160714285714285,0.417614010279329,0.5821627754349568
0.5342705167173253,0.4655775075987842,7.598784194528876e-05,7.598784194528876e-05

Transition Gammas
1.0,1.0,5790.0,9151.0
6823.0,4170.0,1.0,1.0
1.0,1.0,1.0,1.4701136727753408
661.5407510090668,332.9924443257499,537.0466783218309,1052.3886290070388

1.0,1.0,1.0,1.0
1.0,1.0,1.0,1.0
1.0,1.0,3741.821532102788,5216.178467897213
7031.0,6127.0,1.0,1.0

Iteration: ,55000
Error:,0.16166448541047068
Absolute Error:,0.4843479111744952
Transition Probabilities
6.380399413003254e-05,6.380399413003254e-05,0.3868436164103873,0.6130287756013526
0.6213938129996525,0.37843239485575253,8.689607229753215e-05,8.689607229753215e-05
0.22370795760527812,0.22370795760527812,0.22370795760527812,0.32887612718416565
0.25607564948879347,0.12964111656605262,0.20831930570862786,0.4059639282365261

0.25,0.25,0.25,0.25
0.25,0.25,0.25,0.25
0.00010657572205051685,0.00010657572205051685,0.41687923678285466,0.5829076117730444
0.5350419924703157,0.46481320590790615,7.240081088908195e-05,7.240081088908195e-05

Transition Gammas
1.0,1.0,6063.0,9608.0
7151.0,4355.0,1.0,1.0
1.0,1.0,1.0,1.4701136727753408
688.5968161097572,348.60971858319726,560.1782556503249,1091.6518966061062

1.0,1.0,1.0,1.0
1.0,1.0,1.0,1.0
1.0,1.0,3911.5778787335266,5469.422121266478
7390.0,6420.0,1.0,1.0

Iteration: ,57500
Error:,0.16152853955431634
Absolute Error:,0.4844640227754822
Transition Probabilities
6.097189195780745e-05,6.097189195780745e-05,0.3861959636607524,0.613682092555332
0.6206151288445553,0.37921862011637575,8.312551953449709e-05,8.312551953449709e-05
0.22370795760527812,0.22370795760527812,0.22370795760527812,0.32887612718416565
0.25743374729257146,0.1287856890486272,0.20640490500429617,0.40737565865450537

0.25,0.25,0.25,0.25
0.25,0.25,0.25,0.25
0.00010211375472276122,0.00010211375472276122,0.4170857366172769,0.5827100358732776
0.5359341495469323,0.46392750916511033,6.917064397869545e-05,6.917064397869545e-05

Transition Gammas
1.0,1.0,6334.0,10065.0
7466.0,4562.0,1.0,1.0
1.0,1.0,1.0,1.4701136727753408
721.8804251533198,361.1331806409553,578.788376214308,1142.338627936035

1.0,1.0,1.0,1.0
1.0,1.0,1.0,1.0
1.0,1.0,4084.5206186929904,5706.479381307005
7748.0,6707.0,1.0,1.0

Iteration: ,60000
Error:,0.1604841397006875
Absolute Error:,0.48403470121594017
Transition Probabilities
5.846243788365975e-05,5.846243788365975e-05,0.38702133878982753,0.6128617363344051
0.6219843425467327,0.37785588752196836,7.988496564946476e-05,7.988496564946476e-05
0.22370795760527812,0.22370795760527812,0.22370795760527812,0.32887612718416565
0.25634487692840946,0.1270750841284399,0.2080784179433192,0.4085016209998314

0.25,0.25,0.25,0.25
0.25,0.25,0.25,0.25
9.756097560975613e-05,9.756097560975613e-05,0.41695158739082305,0.5828532906579573
0.535799522673031,0.46406788650225406,6.629541235746487e-05,6.629541235746487e-05

Transition Gammas
1.0,1.0,6620.0,10483.0
7786.0,4730.0,1.0,1.0
1.0,1.0,1.0,1.4701136727753408
752.662416769672,373.1092311161422,610.945718141137,1199.4147142715415

1.0,1.0,1.0,1.0
1.0,1.0,1.0,1.0
1.0,1.0,4273.753770755935,5974.2462292440605
8082.0,7000.0,1.0,1.0

Iteration: ,62500
Error:,0.16162143196198703
Absolute Error:,0.48410294600851633
Transition Probabilities
5.617346365576902e-05,5.617346365576902e-05,0.38692281766093695,0.6129648354117515
0.6204787030664526,0.3793683566567255,7.647013841095053e-05,7.647013841095053e-05
0.22370795760527812,0.22370795760527812,0.22370795760527812,0.32887612718416565
0.25540161852561866,0.12727630139904275,0.20815379867065104,0.4091682814046876

0.25,0.25,0.25,0.25
0.25,0.25,0.25,0.25
9.37382827146607e-05,9.37382827146607e-05,0.41708616006505855,0.582726363369512
0.5353889278206027,0.46448365929795504,6.37064407211569e-05,6.37064407211569e-05

Transition Gammas
1.0,1.0,6888.0,10912.0
8114.0,4961.0,1.0,1.0
1.0,1.0,1.0,1.4701136727753408
781.5609714561482,389.48143844594847,636.976719413401,1252.1062370308077

1.0,1.0,1.0,1.0
1.0,1.0,1.0,1.0
1.0,1.0,4449.475155574043,6216.524844425952
8404.0,7291.0,1.0,1.0

Iteration: ,65000
Error:,0.16218515951062057
Absolute Error:,0.4838457340104846
Transition Probabilities
5.404236921746649e-05,5.404236921746649e-05,0.38656506701253784,0.6133268482490273
0.6203730904817861,0.37948002350176263,7.344300822561692e-05,7.344300822561692e-05
0.22370795760527812,0.22370795760527812,0.22370795760527812,0.32887612718416565
0.2534312866769222,0.12690305256902382,0.20843843943124443,0.4112272213228095

0.25,0.25,0.25,0.25
0.25,0.25,0.25,0.25
9.017132551848515e-05,9.017132551848515e-05,0.4175282159983271,0.5822914413506358
0.5349093581577657,0.46496815286624205,6.124448799608035e-05,6.124448799608035e-05

Transition Gammas
1.0,1.0,7153.0,11349.0
8447.0,5167.0,1.0,1.0
1.0,1.0,1.0,1.4701136727753408
806.0836747298141,403.6379260453187,662.9758520141913,1307.9819546329365

1.0,1.0,1.0,1.0
1.0,1.0,1.0,1.0
1.0,1.0,4630.387915421446,6457.612084578549
8734.0,7592.0,1.0,1.0

Iteration: ,67500
Error:,0.16095622454388758
Absolute Error:,0.48385070133870633
Transition Probabilities
5.20751965838671e-05,5.20751965838671e-05,0.38712701140446804,0.6127688382023642
0.6197721321916354,0.38008633500813815,7.076640011322624e-05,7.076640011322624e-05
0.22370795760527812,0.22370795760527812,0.22370795760527812,0.32887612718416565
0.2521602555170979,0.12542754446070706,0.21081106489285217,0.4116011351293428

0.25,0.25,0.25,0.25
0.25,0.25,0.25,0.25
8.66926744690074e-05,8.66926744690074e-05,0.4167834528753595,0.5830431617757024
0.5352677518282614,0.46461429582448693,5.8976173625855154e-05,5.8976173625855154e-05

Transition Gammas
1.0,1.0,7434.0,11767.0
8758.0,5371.0,1.0,1.0
1.0,1.0,1.0,1.4701136727753408
833.6460057930869,414.66555164167556,696.9448927013685,1360.7602101165032

1.0,1.0,1.0,1.0
1.0,1.0,1.0,1.0
1.0,1.0,4807.59712891727,6725.402871082725
9076.0,7878.0,1.0,1.0

Iteration: ,70000
Error:,0.16169313800779045
Absolute Error:,0.4841398066823729
Transition Probabilities
5.0170579971904475e-05,5.0170579971904475e-05,0.386012442303833,0.6138872165362231
0.6202471158440849,0.37961635606526045,6.82640453273261e-05,6.82640453273261e-05
0.22370795760527812,0.22370795760527812,0.22370795760527812,0.32887612718416565
0.2546602250520439,0.12469444343547809,0.21090955386945598,0.409735777643022

0.25,0.25,0.25,0.25
0.25,0.25,0.25,0.25
8.36750062756255e-05,8.36750062756255e-05,0.41717098313006296,0.5826616668573857
0.535060802363905,0.4648255483577679,5.682463916354131e-05,5.682463916354131e-05

Transition Gammas
1.0,1.0,7694.0,12236.0
9086.0,5561.0,1.0,1.0
1.0,1.0,1.0,1.4701136727753408
871.0322155392905,426.50114405909454,721.3887286393928,1401.447996494854

1.0,1.0,1.0,1.0
1.0,1.0,1.0,1.0
1.0,1.0,4985.610419387381,6963.389580612615
9416.0,8180.0,1.0,1.0

Iteration: ,72500
Error:,0.16009918065584003
Absolute Error:,0.4839531742609444
Transition Probabilities
4.842380514260811e-05,4.842380514260811e-05,0.38496925088373446,0.6149339015059804
0.620369761168498,0.3794986512270544,6.579380222383051e-05,6.579380222383051e-05
0.22370795760527812,0.22370795760527812,0.22370795760527812,0.32887612718416565
0.2549492373546431,0.12350670624464798,0.2104213132035435,0.41112274319716546

0.25,0.25,0.25,0.25
0.25,0.25,0.25,0.25
8.106355382619976e-05,8.106355382619976e-05,0.41683373388174016,0.5830041390106074
0.5340205055101706,0.4658698393552278,5.482756730083886e-05,5.482756730083886e-05

Transition Gammas
1.0,1.0,7950.0,12699.0
9429.0,5768.0,1.0,1.0
1.0,1.0,1.0,1.4701136727753408
902.9606409662414,437.4270572112602,745.2548821667208,1456.0845898774808

1.0,1.0,1.0,1.0
1.0,1.0,1.0,1.0
1.0,1.0,5142.060941165145,7191.939058834851
9740.0,8497.0,1.0,1.0

Iteration: ,74999
Error:,0.16246671495845763
Absolute Error:,0.48416863683809647
Transition Probabilities
4.68099049758929e-05,4.68099049758929e-05,0.3857136170013575,0.6141927631886908
0.6193019263780278,0.38057091995676773,6.357683260219975e-05,6.357683260219975e-05
0.22370795760527812,0.22370795760527812,0.22370795760527812,0.32887612718416565
0.2577683067879503,0.12285054794012304,0.20944138275469298,0.40993976251723374

0.25,0.25,0.25,0.25
0.25,0.25,0.25,0.25
7.840062720501767e-05,7.840062720501767e-05,0.4159140124717091,0.5839291862738808
0.5342247691817893,0.4656691075029184,5.3061657646184864e-05,5.3061657646184864e-05

Transition Gammas
1.0,1.0,8240.0,13121.0
9741.0,5986.0,1.0,1.0
1.0,1.0,1.0,1.4701136727753408
947.9726912405235,451.7970653660491,770.2448518251433,1507.600778243267

1.0,1.0,1.0,1.0
1.0,1.0,1.0,1.0
1.0,1.0,5304.983229076648,7448.016770923347
10068.0,8776.0,1.0,1.0

*,*,*,*,*,*,*,*,*,*,*
Model Num 2
Model States: 
"['diamond', 'x', 'square']","['diamond', 'x', 'diamond']","['square', 'y', 'square']","['square', 'y', 'diamond', 'x', 'diamond']"
Iteration: ,74999
Error:,0.16112006451202388
Absolute Error:,0.4841708941824422
Transition Probabilities
4.680771391125258e-05,4.680771391125258e-05,0.38569556262872123,0.6142108219434563
0.6193019263780278,0.38057091995676773,6.357683260219975e-05,6.357683260219975e-05
0.22370795760527812,0.22370795760527812,0.22370795760527812,0.32887612718416565
0.2577683067879503,0.12285054794012304,0.20944138275469298,0.40993976251723374

0.25,0.25,0.25,0.25
0.25,0.25,0.25,0.25
7.840062720501767e-05,7.840062720501767e-05,0.4159140124717091,0.5839291862738808
0.5342247691817893,0.4656691075029184,5.3061657646184864e-05,5.3061657646184864e-05

Transition Gammas
1.0,1.0,8240.0,13122.0
9741.0,5986.0,1.0,1.0
1.0,1.0,1.0,1.4701136727753408
947.9726912405235,451.7970653660491,770.2448518251433,1507.600778243267

1.0,1.0,1.0,1.0
1.0,1.0,1.0,1.0
1.0,1.0,5304.983229076648,7448.016770923347
10068.0,8776.0,1.0,1.0

