0,1,2,3,4,5,6,7,8,9,10,11,12,13,14,15,16,17,18,19,20,21,22,23,24,25,26,27,28,29
github Code Version (SHA):,3130f818d955eaa9876b4af7408e9fb46046852d
Environment Observations,Environment Actions,alpha,epsilon,numActions,explore,patience,gainThresh,insertRandActions,useBudd,revisedSplitting,haveControl,confidence_factor
"['diamond', 'square']","['x', 'y']",0.75,0.75,75000,0.5,0,0.01,False,True,False,True,250

Model Num 0
Model States: 
['diamond'],['square']
Iteration: ,0
Error:,0.19661646287267437
Absolute Error:,1
Transition Probabilities
0.5,0.5
0.5,0.5

0.5,0.5
0.5,0.5

Transition Gammas
1.0,1.0
1.0,1.0

1.0,1.0
1.0,1.0

Iteration: ,2037
Error:,0.1286274685344482
Absolute Error:,1
Transition Probabilities
0.4473229706390328,0.5526770293609672
0.36348408710217756,0.6365159128978225

0.4032697547683924,0.5967302452316077
0.646,0.354


Model Num 1
Model States: 
['diamond'],"['square', 'y', 'diamond']","['square', 'y', 'square']"
Iteration: ,0
Error:,0.17779482413409867
Absolute Error:,1
Transition Probabilities
0.3333333333333333,0.3333333333333333,0.3333333333333333
0.3333333333333333,0.3333333333333333,0.3333333333333333
0.3333333333333333,0.3333333333333333,0.3333333333333333

0.3333333333333333,0.3333333333333333,0.3333333333333333
0.3333333333333333,0.3333333333333333,0.3333333333333333
0.3333333333333333,0.3333333333333333,0.3333333333333333

Transition Gammas
1.0,1.0,1.0
1.0,1.0,1.0
1.0,1.0,1.0

1.0,1.0,1.0
1.0,1.0,1.0
1.0,1.0,1.0

Iteration: ,2500
Error:,0.14008782389833632
Absolute Error:,1
Transition Probabilities
0.4292742927429274,0.37013400668575613,0.2005917005713164
0.3689120939136806,0.3648184441284343,0.26626946195788515
0.3501002268200116,0.5804940988991384,0.06940567428085007

0.43478260869565216,0.34374807030212734,0.22146932100222042
0.9967373572593801,0.0016313213703099511,0.0016313213703099511
0.0022935779816513763,0.46739229788050696,0.5303141241378416

Transition Gammas
349.0,300.9189474355198,163.08105256448025
34.956158555050926,34.5682659559121,25.230285707970843
15.902679059751152,26.367910225943273,3.1526291000703073

180.0,142.31170110508072,91.68829889491926
611.0,1.0,1.0
1.0,203.78304187590103,231.21695812409894

Iteration: ,3430
Error:,0.14141001121566887
Absolute Error:,1
Transition Probabilities
0.4262820512820513,0.3745093851434299,0.19920856357451872
0.3646229138629768,0.36903403395612094,0.2663430521809022
0.356696928995504,0.5752218814988521,0.06808118950564396

0.44266666666666665,0.3407189994338075,0.21661433389952583
0.9976275207591934,0.0011862396204033216,0.0011862396204033216
0.0016638935108153079,0.4762182337094065,0.5221178727797781


Model Num 2
Model States: 
"['square', 'y', 'diamond']","['square', 'y', 'square']","['diamond', 'x', 'diamond']","['diamond', 'x', 'square', 'y', 'diamond']"
Iteration: ,0
Error:,0.1965407034365786
Absolute Error:,1
Transition Probabilities
0.25,0.25,0.25,0.25
0.25,0.25,0.25,0.25
0.25,0.25,0.25,0.25
0.25,0.25,0.25,0.25

0.25,0.25,0.25,0.25
0.25,0.25,0.25,0.25
0.25,0.25,0.25,0.25
0.25,0.25,0.25,0.25

Transition Gammas
1.0,1.0,1.0,1.0
1.0,1.0,1.0,1.0
1.0,1.0,1.0,1.0
1.0,1.0,1.0,1.0

1.0,1.0,1.0,1.0
1.0,1.0,1.0,1.0
1.0,1.0,1.0,1.0
1.0,1.0,1.0,1.0

Iteration: ,2500
Error:,0.18025061468015016
Absolute Error:,1
Transition Probabilities
0.25,0.25,0.25,0.25
0.25,0.25,0.25,0.25
0.002309468822170902,0.002309468822170902,0.23988414108832246,0.7554969212673358
0.6256077795786061,0.3711507293354943,0.0016207455429497568,0.0016207455429497568

0.001375515818431912,0.001375515818431912,0.42916093535075656,0.5680880330123796
0.5224719101123596,0.4737827715355805,0.0018726591760299626,0.0018726591760299626
0.25,0.25,0.25,0.25
0.31277631890153657,0.24998422982278648,0.15648568830418733,0.2807537629714896

Transition Gammas
1.0,1.0,1.0,1.0
1.0,1.0,1.0,1.0
1.0,1.0,103.86983309124356,327.1301669087562
386.0,229.0,1.0,1.0

1.0,1.0,312.0,413.0
279.0,253.0,1.0,1.0
1.0,1.0,1.0,1.0
47.82298943040873,38.22218134214781,23.92640671794997,42.92679281566628

Iteration: ,5000
Error:,0.17953248457197504
Absolute Error:,1
Transition Probabilities
0.25,0.25,0.25,0.25
0.25,0.25,0.25,0.25
0.0010989010989010998,0.0010989010989010998,0.24424559611333538,0.7535566016888624
0.6122618061309031,0.3860811930405965,0.0008285004142502071,0.0008285004142502071

0.0006968641114982578,0.0006968641114982578,0.4543554006968641,0.5442508710801394
0.534816247582205,0.4632495164410058,0.0009671179883945841,0.0009671179883945841
0.25,0.25,0.25,0.25
0.35253658696899354,0.1980859279355861,0.15594002974015703,0.29343745535526333

Transition Gammas
1.0,1.0,1.0,1.0
1.0,1.0,1.0,1.0
1.0,1.0,222.26349246313504,685.7365075368642
739.0,466.0,1.0,1.0

1.0,1.0,652.0,781.0
553.0,479.0,1.0,1.0
1.0,1.0,1.0,1.0
114.07032313138785,64.09469723884422,50.45754182428292,94.94760710941776

Iteration: ,7500
Error:,0.17849700076100725
Absolute Error:,1
Transition Probabilities
0.25,0.25,0.25,0.25
0.25,0.25,0.25,0.25
0.0007315288953913685,0.0007315288953913685,0.23659401204022135,0.7619429301689958
0.6186487995533222,0.38023450586264657,0.0005583472920156337,0.0005583472920156337

0.00046382189239332097,0.00046382189239332097,0.4587198515769944,0.5403525046382189
0.5392670157068062,0.4594240837696335,0.0006544502617801048,0.0006544502617801048
0.25,0.25,0.25,0.25
0.3517603892591535,0.20538260570923347,0.15280087427734643,0.29005613075426656

Transition Gammas
1.0,1.0,1.0,1.0
1.0,1.0,1.0,1.0
1.0,1.0,323.4240144589823,1041.5759855410165
1108.0,681.0,1.0,1.0

1.0,1.0,989.0,1165.0
824.0,702.0,1.0,1.0
1.0,1.0,1.0,1.0
179.04852446414205,104.54119800210567,77.77672504232319,147.64062074387832

Iteration: ,10000
Error:,0.1809657962778426
Absolute Error:,1
Transition Probabilities
0.25,0.25,0.25,0.25
0.25,0.25,0.25,0.25
0.0005567928730512251,0.0005567928730512251,0.23642724332978707,0.7624591709241105
0.6081081081081081,0.3910472972972973,0.0004222972972972973,0.0004222972972972973

0.0003505082369435682,0.0003505082369435682,0.45425867507886436,0.5450403084472485
0.5342857142857143,0.46476190476190476,0.0004761904761904762,0.0004761904761904762
0.25,0.25,0.25,0.25
0.34483488575179055,0.21032469502290432,0.1544625341866537,0.2903778850386514

Transition Gammas
1.0,1.0,1.0,1.0
1.0,1.0,1.0,1.0
1.0,1.0,424.6233290202975,1369.376670979702
1440.0,926.0,1.0,1.0

1.0,1.0,1296.0,1555.0
1122.0,976.0,1.0,1.0
1.0,1.0,1.0,1.0
234.35601360523353,142.94045969520477,104.97552672035097,197.3460528171743

Iteration: ,12500
Error:,0.18003501167980146
Absolute Error:,1
Transition Probabilities
0.25,0.25,0.25,0.25
0.25,0.25,0.25,0.25
0.00044603033006244443,0.00044603033006244443,0.23966367420557827,0.7594442651342967
0.613239247311828,0.3860887096774194,0.0003360215053763441,0.0003360215053763441

0.0002789400278940028,0.0002789400278940028,0.4496513249651325,0.5497907949790795
0.5369439071566731,0.4622823984526112,0.00038684719535783365,0.00038684719535783365
0.25,0.25,0.25,0.25
0.35059246969508095,0.20370998527493536,0.15296637351970435,0.2927311715102794

Transition Gammas
1.0,1.0,1.0,1.0
1.0,1.0,1.0,1.0
1.0,1.0,537.3259575689062,1702.6740424310926
1825.0,1149.0,1.0,1.0

1.0,1.0,1612.0,1971.0
1388.0,1195.0,1.0,1.0
1.0,1.0,1.0,1.0
299.5461491632275,174.04977833173587,130.69444468999166,250.10946539213356

Iteration: ,15000
Error:,0.17912994320309433
Absolute Error:,1
Transition Probabilities
0.25,0.25,0.25,0.25
0.25,0.25,0.25,0.25
0.00036968576709796677,0.00036968576709796677,0.2389860270638733,0.7602746014019307
0.6134006167647883,0.3860386879730866,0.0002803476310625175,0.0002803476310625175

0.00023261223540358222,0.00023261223540358222,0.4521981856245639,0.547336589904629
0.5403908794788274,0.45895765472312705,0.0003257328990228013,0.0003257328990228013
0.25,0.25,0.25,0.25
0.3496640341457828,0.19636655967961325,0.15255932035568248,0.30141008581892137

Transition Gammas
1.0,1.0,1.0,1.0
1.0,1.0,1.0,1.0
1.0,1.0,646.4572032077772,2056.5427967922224
2188.0,1377.0,1.0,1.0

1.0,1.0,1944.0,2353.0
1659.0,1409.0,1.0,1.0
1.0,1.0,1.0,1.0
364.72656087986,204.82546956457952,159.13113963644975,314.3939704402239

Iteration: ,17500
Error:,0.17770985284847632
Absolute Error:,1
Transition Probabilities
0.25,0.25,0.25,0.25
0.25,0.25,0.25,0.25
0.00031826861871419476,0.00031826861871419476,0.23325938275563463,0.766104080006937
0.6162874251497006,0.38323353293413176,0.00023952095808383233,0.00023952095808383233

0.00019857029388403494,0.00019857029388403494,0.45095313741064336,0.5486497220015886
0.5430500844119303,0.4563871693866066,0.0002813731007315701,0.0002813731007315701
0.25,0.25,0.25,0.25
0.35296747597911066,0.19587674791506604,0.15470582761756443,0.296449948488259

Transition Gammas
1.0,1.0,1.0,1.0
1.0,1.0,1.0,1.0
1.0,1.0,732.900980618204,2407.099019381796
2573.0,1600.0,1.0,1.0

1.0,1.0,2271.0,2763.0
1930.0,1622.0,1.0,1.0
1.0,1.0,1.0,1.0
431.10819966879615,239.24037736451479,188.95494730065857,362.0786964299348

Iteration: ,20000
Error:,0.18096585961233316
Absolute Error:,1
Transition Probabilities
0.25,0.25,0.25,0.25
0.25,0.25,0.25,0.25
0.0002756339581036385,0.0002756339581036385,0.23504012382595116,0.7644086082578415
0.6171825647504738,0.38239629395662245,0.0002105706464518846,0.0002105706464518846

0.00017415534656913968,0.00017415534656913968,0.4557645419714385,0.5438871473354232
0.5446229913473424,0.45488257107540175,0.00024721878862793575,0.00024721878862793575
0.25,0.25,0.25,0.25
0.3501404462715637,0.19971502278650957,0.1532939200825922,0.2968506108593345

Transition Gammas
1.0,1.0,1.0,1.0
1.0,1.0,1.0,1.0
1.0,1.0,852.7255692405505,2773.274430759448
2931.0,1816.0,1.0,1.0

1.0,1.0,2617.0,3123.0
2203.0,1840.0,1.0,1.0
1.0,1.0,1.0,1.0
492.6854292819607,281.0206098249873,215.70110401821424,417.70087460964476

Iteration: ,22500
Error:,0.1799012017092374
Absolute Error:,1
Transition Probabilities
0.25,0.25,0.25,0.25
0.25,0.25,0.25,0.25
0.0002452783909737552,0.0002452783909737552,0.23510476512474981,0.7644046780933027
0.6164460190192057,0.3831810553794518,0.00018646280067126608,0.00018646280067126608

0.00015482272797646694,0.00015482272797646694,0.454249883882954,0.545440470661093
0.54310155735907,0.4564597499451634,0.00021934634788330776,0.00021934634788330776
0.25,0.25,0.25,0.25
0.35161797932077893,0.19481415254206522,0.15659796696651662,0.2969699011706392

Transition Gammas
1.0,1.0,1.0,1.0
1.0,1.0,1.0,1.0
1.0,1.0,958.522127413605,3116.4778725863953
3306.0,2055.0,1.0,1.0

1.0,1.0,2934.0,3523.0
2476.0,2081.0,1.0,1.0
1.0,1.0,1.0,1.0
550.0959884760705,304.78101267395095,244.99291417973944,464.6006772681826

Iteration: ,25000
Error:,0.17860712187941466
Absolute Error:,1
Transition Probabilities
0.25,0.25,0.25,0.25
0.25,0.25,0.25,0.25
0.00022241992882562276,0.00022241992882562276,0.23613724084241428,0.7634179192999344
0.615423218467715,0.3842422214787554,0.00016728002676480428,0.00016728002676480428

0.0001391207568169171,0.0001391207568169171,0.44991652754590983,0.5498052309404563
0.5432437732888802,0.45636399293979213,0.00019611688566385565,0.00019611688566385565
0.25,0.25,0.25,0.25
0.35002855755698603,0.19959141024272906,0.15580619717993432,0.2945738350203506

Transition Gammas
1.0,1.0,1.0,1.0
1.0,1.0,1.0,1.0
1.0,1.0,1061.6730348274946,3432.326965172505
3679.0,2297.0,1.0,1.0

1.0,1.0,3234.0,3952.0
2770.0,2327.0,1.0,1.0
1.0,1.0,1.0,1.0
600.072661755883,342.17022074967673,267.1068901131125,505.0036674093999

Iteration: ,27500
Error:,0.17855228168922316
Absolute Error:,1
Transition Probabilities
0.25,0.25,0.25,0.25
0.25,0.25,0.25,0.25
0.00020145044319097512,0.00020145044319097512,0.23666295069841992,0.7629341484151981
0.6149521349339007,0.38474395988451604,0.000151952590791673,0.000151952590791673

0.00012643823492224047,0.00012643823492224047,0.4499936780882539,0.5497534454419016
0.5462697274031564,0.4533715925394548,0.0001793400286944046,0.0001793400286944046
0.25,0.25,0.25,0.25
0.35082106663591406,0.19662365326666703,0.15902091131901877,0.29353436877840006

Transition Gammas
1.0,1.0,1.0,1.0
1.0,1.0,1.0,1.0
1.0,1.0,1174.7948872669558,3787.2051127330415
4047.0,2532.0,1.0,1.0

1.0,1.0,3559.0,4348.0
3046.0,2528.0,1.0,1.0
1.0,1.0,1.0,1.0
663.1715894208056,371.685833764101,300.60381356751384,554.8801722743422

Iteration: ,30000
Error:,0.1782343524216398
Absolute Error:,1
Transition Probabilities
0.25,0.25,0.25,0.25
0.25,0.25,0.25,0.25
0.00018545994065281916,0.00018545994065281916,0.23669015446422734,0.7629389256544671
0.6127239894429782,0.386998194193638,0.00013890818169190166,0.00013890818169190166

0.00011575413821044102,0.00011575413821044102,0.4480842690126172,0.551684222710962
0.5488585974708491,0.45081294136968303,0.00016423057973394647,0.00016423057973394647
0.25,0.25,0.25,0.25
0.35108833075545437,0.19578600873951538,0.15727210606259595,0.29585355444243433

Transition Gammas
1.0,1.0,1.0,1.0
1.0,1.0,1.0,1.0
1.0,1.0,1276.2333128711127,4113.766687128883
4411.0,2786.0,1.0,1.0

1.0,1.0,3871.0,4766.0
3342.0,2745.0,1.0,1.0
1.0,1.0,1.0,1.0
720.5460273832342,401.81577812889276,322.7728788301166,607.1865244908703

Iteration: ,32500
Error:,0.17940362984351332
Absolute Error:,1
Transition Probabilities
0.25,0.25,0.25,0.25
0.25,0.25,0.25,0.25
0.00017044486108743853,0.00017044486108743853,0.23723088274585355,0.7624282275319716
0.6134756332776135,0.3862671981483863,0.00012858428700012858,0.00012858428700012858

0.00010694043417816276,0.00010694043417816276,0.44850818094321465,0.5512779381884291
0.5486322188449848,0.451063829787234,0.00015197568389057752,0.00015197568389057752
0.25,0.25,0.25,0.25
0.352862646629829,0.19563149776294553,0.16169925107549132,0.2898066045317342

Transition Gammas
1.0,1.0,1.0,1.0
1.0,1.0,1.0,1.0
1.0,1.0,1391.8335890699202,4473.166410930069
4771.0,3004.0,1.0,1.0

1.0,1.0,4194.0,5155.0
3610.0,2968.0,1.0,1.0
1.0,1.0,1.0,1.0
789.305448864532,437.60088699841765,361.6990950166789,648.257712338117

Iteration: ,35000
Error:,0.1778704845937684
Absolute Error:,1
Transition Probabilities
0.25,0.25,0.25,0.25
0.25,0.25,0.25,0.25
0.0001581527755812117,0.0001581527755812117,0.23871246504641352,0.7609712294024241
0.6137502984005729,0.3860109811410838,0.00011936022917164001,0.00011936022917164001

9.922603691208574e-05,9.922603691208574e-05,0.4477078785473308,0.552093669378845
0.5489697996048546,0.4507479537115439,0.00014112334180073385,0.00014112334180073385
0.25,0.25,0.25,0.25
0.3556682881121317,0.1975427939104971,0.16187114915515616,0.2849177688222152

Transition Gammas
1.0,1.0,1.0,1.0
1.0,1.0,1.0,1.0
1.0,1.0,1509.3789164884704,4811.62108351152
5142.0,3234.0,1.0,1.0

1.0,1.0,4512.0,5564.0
3890.0,3194.0,1.0,1.0
1.0,1.0,1.0,1.0
852.4110222365686,473.44017029605675,387.94786134673177,682.8470647867767

Iteration: ,37500
Error:,0.18062150254973375
Absolute Error:,1
Transition Probabilities
0.25,0.25,0.25,0.25
0.25,0.25,0.25,0.25
0.00014817009927396675,0.00014817009927396675,0.23696961444887144,0.7627340453525806
0.6128279235215651,0.3869497554468653,0.00011116051578479324,0.00011116051578479324

9.253261774775608e-05,9.253261774775608e-05,0.4460997501619321,0.5537151846025724
0.5501315789473684,0.44960526315789473,0.00013157894736842105,0.00013157894736842105
0.25,0.25,0.25,0.25
0.35437627812517325,0.19741329718761969,0.16379237816608863,0.28441804652111835

Transition Gammas
1.0,1.0,1.0,1.0
1.0,1.0,1.0,1.0
1.0,1.0,1599.3079279154308,5147.692072084558
5513.0,3481.0,1.0,1.0

1.0,1.0,4821.0,5984.0
4181.0,3417.0,1.0,1.0
1.0,1.0,1.0,1.0
906.5188407769258,504.99676295279465,418.9921446456749,727.5608830038302

Iteration: ,40000
Error:,0.17731236362793798
Absolute Error:,1
Transition Probabilities
0.25,0.25,0.25,0.25
0.25,0.25,0.25,0.25
0.00013914011409489377,0.00013914011409489377,0.23587168641613737,0.7638500333556728
0.6119652755987868,0.3878255412613743,0.00010459156991946449,0.00010459156991946449

8.694896095991653e-05,8.694896095991653e-05,0.44683071037301103,0.5529953917050692
0.5472113502935421,0.4525440313111546,0.0001223091976516634,0.0001223091976516634
0.25,0.25,0.25,0.25
0.35105383494725106,0.20269482121709168,0.1644457388704078,0.2818056049652495

Transition Gammas
1.0,1.0,1.0,1.0
1.0,1.0,1.0,1.0
1.0,1.0,1695.2098102727766,5489.790189727212
5851.0,3708.0,1.0,1.0

1.0,1.0,5139.0,6360.0
4474.0,3700.0,1.0,1.0
1.0,1.0,1.0,1.0
958.1878585522884,553.2476712890126,448.8482810619663,769.1774943585442

Iteration: ,42500
Error:,0.17719782152075683
Absolute Error:,1
Transition Probabilities
0.25,0.25,0.25,0.25
0.25,0.25,0.25,0.25
0.00013121637580370047,0.00013121637580370047,0.23503282050630586,0.7647047467420868
0.6115710624876799,0.38823181549379066,9.856100926473487e-05,9.856100926473487e-05

8.189337482597658e-05,8.189337482597658e-05,0.4465645729260503,0.5532716403242978
0.5468624526786738,0.4529081105885052,0.00011471836641046231,0.00011471836641046231
0.25,0.25,0.25,0.25
0.3477291191394693,0.20574769250906816,0.1648818109635223,0.28164137738794015

Transition Gammas
1.0,1.0,1.0,1.0
1.0,1.0,1.0,1.0
1.0,1.0,1791.1851250785548,5827.814874921436
6205.0,3939.0,1.0,1.0

1.0,1.0,5453.0,6756.0
4767.0,3948.0,1.0,1.0
1.0,1.0,1.0,1.0
1009.7940487130504,597.4846051036898,478.8114146552551,817.877396812487

Iteration: ,45000
Error:,0.1791508071316549
Absolute Error:,1
Transition Probabilities
0.25,0.25,0.25,0.25
0.25,0.25,0.25,0.25
0.0001245795440388689,0.0001245795440388689,0.23391108867106583,0.7658397522408564
0.6115395335872897,0.38827464461581346,9.2910898448388e-05,9.2910898448388e-05

7.730364873222017e-05,7.730364873222017e-05,0.44426406926406925,0.5555813234384663
0.5452190805093892,0.4545650766242176,0.00010792143319663285,0.00010792143319663285
0.25,0.25,0.25,0.25
0.3472879204213762,0.20606872133209322,0.16615165761195796,0.28049170063457274

Transition Gammas
1.0,1.0,1.0,1.0
1.0,1.0,1.0,1.0
1.0,1.0,1877.6043087626442,6147.395691237351
6582.0,4179.0,1.0,1.0

1.0,1.0,5747.0,7187.0
5052.0,4212.0,1.0,1.0
1.0,1.0,1.0,1.0
1062.2373900089492,630.2951753826992,508.2022516453854,857.9301337049926

Iteration: ,47500
Error:,0.17967498490601877
Absolute Error:,1
Transition Probabilities
0.25,0.25,0.25,0.25
0.25,0.25,0.25,0.25
0.00011806375442739086,0.00011806375442739086,0.23344419866805535,0.76631967382309
0.611898266302913,0.3879257238405351,8.800492827598346e-05,8.800492827598346e-05

7.32547066149e-05,7.32547066149e-05,0.44509559739213245,0.5547578931946378
0.5448416751787538,0.4549540347293156,0.00010214504596527068,0.00010214504596527068
0.25,0.25,0.25,0.25
0.34480649103983757,0.207400270332408,0.16475691154508082,0.28303632708267357

Transition Gammas
1.0,1.0,1.0,1.0
1.0,1.0,1.0,1.0
1.0,1.0,1977.2723627184275,6490.727637281568
6953.0,4408.0,1.0,1.0

1.0,1.0,6076.0,7573.0
5334.0,4454.0,1.0,1.0
1.0,1.0,1.0,1.0
1112.2014712098971,668.9864947072117,531.4368614692542,912.9567672518823

Iteration: ,50000
Error:,0.17848136682918428
Absolute Error:,1
Transition Probabilities
0.25,0.25,0.25,0.25
0.25,0.25,0.25,0.25
0.00011209505660800367,0.00011209505660800367,0.23343694318412858,0.7663388667026555
0.6119953090970012,0.3878371586530407,8.376612497905847e-05,8.376612497905847e-05

6.964758322886195e-05,6.964758322886195e-05,0.4458141802479454,0.5540465245855969
0.5443798449612403,0.45542635658914726,9.689922480620155e-05,9.689922480620155e-05
0.25,0.25,0.25,0.25
0.34327634455152817,0.2096980576248478,0.1640094716286548,0.2830161261949693

Transition Gammas
1.0,1.0,1.0,1.0
1.0,1.0,1.0,1.0
1.0,1.0,2082.4909701456095,6836.509029854384
7306.0,4630.0,1.0,1.0

1.0,1.0,6401.0,7955.0
5618.0,4700.0,1.0,1.0
1.0,1.0,1.0,1.0
1169.4861154418525,714.406834959095,558.7533277926603,964.1894505243802

Iteration: ,52500
Error:,0.17977243881967578
Absolute Error:,1
Transition Probabilities
0.25,0.25,0.25,0.25
0.25,0.25,0.25,0.25
0.0001068261937827156,0.0001068261937827156,0.23297952761964866,0.766806819992786
0.6108449129532023,0.3889953681520524,7.985944737262418e-05,7.985944737262418e-05

6.637902422834384e-05,6.637902422834384e-05,0.44580152671755724,0.5540657152339861
0.5449438202247191,0.4548719837907534,9.209799226376865e-05,9.209799226376865e-05
0.25,0.25,0.25,0.25
0.3414659444730008,0.21128771552117867,0.164719910945758,0.2825264290600626

Transition Gammas
1.0,1.0,1.0,1.0
1.0,1.0,1.0,1.0
1.0,1.0,2180.9213580475293,7178.078641952464
7649.0,4871.0,1.0,1.0

1.0,1.0,6716.0,8347.0
5917.0,4939.0,1.0,1.0
1.0,1.0,1.0,1.0
1223.474658779042,757.0452334578771,590.1924924006886,1012.2939988167765

Iteration: ,55000
Error:,0.1795206344113728
Absolute Error:,1
Transition Probabilities
0.25,0.25,0.25,0.25
0.25,0.25,0.25,0.25
0.00010199918400652799,0.00010199918400652799,0.23287673273493006,0.7669192688970569
0.6113906678865508,0.388456846599573,7.624275693809088e-05,7.624275693809088e-05

6.334325711028061e-05,6.334325711028061e-05,0.4458098435421549,0.5540634699436245
0.5448469926134365,0.4549771368272951,8.793527963418924e-05,8.793527963418924e-05
0.25,0.25,0.25,0.25
0.34130931988115737,0.21247353286865056,0.1639960833203047,0.2822210639298874

Transition Gammas
1.0,1.0,1.0,1.0
1.0,1.0,1.0,1.0
1.0,1.0,2283.1234877332536,7518.876512266743
8019.0,5095.0,1.0,1.0

1.0,1.0,7038.0,8747.0
6196.0,5174.0,1.0,1.0
1.0,1.0,1.0,1.0
1282.3496436644032,798.2945184652511,616.1575637060724,1060.3463183809167

Iteration: ,57500
Error:,0.1788715704291903
Absolute Error:,1
Transition Probabilities
0.25,0.25,0.25,0.25
0.25,0.25,0.25,0.25
9.740892265731549e-05,9.740892265731549e-05,0.23335899594074294,0.7664461862139424
0.6107622663551402,0.38909170560747663,7.301401869158878e-05,7.301401869158878e-05

6.066120715802245e-05,6.066120715802245e-05,0.44610251744009705,0.553776160145587
0.5446983700218451,0.4551335909931104,8.401949252226517e-05,8.401949252226517e-05
0.25,0.25,0.25,0.25
0.339842043843841,0.21275963977200524,0.16591921858163608,0.2814790978025178

Transition Gammas
1.0,1.0,1.0,1.0
1.0,1.0,1.0,1.0
1.0,1.0,2395.6634523276653,7868.3365476723275
8365.0,5329.0,1.0,1.0

1.0,1.0,7354.0,9129.0
6483.0,5417.0,1.0,1.0
1.0,1.0,1.0,1.0
1336.27726878812,836.5823931824024,652.4033275518035,1106.7910131959068

Iteration: ,60000
Error:,0.18038118057413655
Absolute Error:,1
Transition Probabilities
0.25,0.25,0.25,0.25
0.25,0.25,0.25,0.25
9.347541596560111e-05,9.347541596560111e-05,0.23311593645195508,0.7666971127161137
0.611107220393585,0.3887527137754745,7.003291547027102e-05,7.003291547027102e-05

5.8139534883720933e-05,5.8139534883720933e-05,0.4461046511627907,0.5537790697674418
0.5437525110486139,0.45608678184009643,8.035355564483728e-05,8.035355564483728e-05
0.25,0.25,0.25,0.25
0.33934822474925186,0.21487411160048495,0.16454939698342536,0.28122826666683787

Transition Gammas
1.0,1.0,1.0,1.0
1.0,1.0,1.0,1.0
1.0,1.0,2493.8742881630137,8202.12571183698
8726.0,5551.0,1.0,1.0

1.0,1.0,7673.0,9525.0
6767.0,5676.0,1.0,1.0
1.0,1.0,1.0,1.0
1393.4621153097262,882.3353482911363,675.6874916993927,1154.804730874973

Iteration: ,62500
Error:,0.18012224869611393
Absolute Error:,1
Transition Probabilities
0.25,0.25,0.25,0.25
0.25,0.25,0.25,0.25
8.975049362771497e-05,8.975049362771497e-05,0.2317034945608311,0.7681170044519134
0.6109541111559682,0.3889113174539093,6.728569506122998e-05,6.728569506122998e-05

5.5800457563752025e-05,5.5800457563752025e-05,0.44679426371296244,0.5530941353719101
0.5439327316207668,0.45591298310576256,7.714263673532361e-05,7.714263673532361e-05
0.25,0.25,0.25,0.25
0.3407634768559876,0.21535122475167945,0.1643540006771106,0.2795312977152223

Transition Gammas
1.0,1.0,1.0,1.0
1.0,1.0,1.0,1.0
1.0,1.0,2581.6403363967797,8558.359663603218
9080.0,5780.0,1.0,1.0

1.0,1.0,8007.0,9912.0
7051.0,5910.0,1.0,1.0
1.0,1.0,1.0,1.0
1460.5313686244479,923.0074241625547,704.4304623329408,1198.0868155008318

Iteration: ,65000
Error:,0.177540905839034
Absolute Error:,1
Transition Probabilities
0.25,0.25,0.25,0.25
0.25,0.25,0.25,0.25
8.636324380343737e-05,8.636324380343737e-05,0.23067997489185796,0.7691472986205351
0.6101202016285382,0.3897505493085175,6.462453147214683e-05,6.462453147214683e-05

5.3625053625053626e-05,5.3625053625053626e-05,0.44664307164307165,0.5532496782496783
0.5455288175876412,0.4543226381461676,7.427213309566251e-05,7.427213309566251e-05
0.25,0.25,0.25,0.25
0.34088918637157384,0.214215604967452,0.16497223092492283,0.27992297773605124

Transition Gammas
1.0,1.0,1.0,1.0
1.0,1.0,1.0,1.0
1.0,1.0,2671.04342927282,8905.956570727165
9441.0,6031.0,1.0,1.0

1.0,1.0,8329.0,10317.0
7345.0,6117.0,1.0,1.0
1.0,1.0,1.0,1.0
1519.4973398326156,954.8558737321703,735.3558753354916,1247.7433636288056

Iteration: ,67500
Error:,0.17917510287012522
Absolute Error:,1
Transition Probabilities
0.25,0.25,0.25,0.25
0.25,0.25,0.25,0.25
8.327781479014003e-05,8.327781479014003e-05,0.23116643266410491,0.7686670117063148
0.6105269706961985,0.38934859702606855,6.221613886642194e-05,6.221613886642194e-05

5.1602249858093815e-05,5.1602249858093815e-05,0.4453790185252077,0.5545177769750761
0.5452466047176555,0.45461043602573264,7.14796283059328e-05,7.14796283059328e-05
0.25,0.25,0.25,0.25
0.3421841457187743,0.21569740009659946,0.16487269973902444,0.2772457544456018

Transition Gammas
1.0,1.0,1.0,1.0
1.0,1.0,1.0,1.0
1.0,1.0,2775.8465234305677,9230.153476569414
9813.0,6258.0,1.0,1.0

1.0,1.0,8631.0,10746.0
7628.0,6360.0,1.0,1.0
1.0,1.0,1.0,1.0
1581.7936668621828,997.0911443449721,762.1469186944576,1281.6069477014917

Iteration: ,70000
Error:,0.18023506084443885
Absolute Error:,1
Transition Probabilities
0.25,0.25,0.25,0.25
0.25,0.25,0.25,0.25
8.030193527664032e-05,8.030193527664032e-05,0.23169877665342944,0.7681406194760173
0.6107978404319137,0.38908218356328733,5.99880023995201e-05,5.99880023995201e-05

4.973392350922564e-05,4.973392350922564e-05,0.4449196797135326,0.554980852439449
0.545592495516623,0.4542695544212995,6.897503103876396e-05,6.897503103876396e-05
0.25,0.25,0.25,0.25
0.3433234431435909,0.21620685091100178,0.16458217078550796,0.2758875351598994

Transition Gammas
1.0,1.0,1.0,1.0
1.0,1.0,1.0,1.0
1.0,1.0,2885.3448656651512,9565.655134334826
10182.0,6486.0,1.0,1.0

1.0,1.0,8946.0,11159.0
7910.0,6586.0,1.0,1.0
1.0,1.0,1.0,1.0
1645.7149149604159,1036.383755221875,788.9217547110259,1322.4620704809226

Iteration: ,72500
Error:,0.1785720482942766
Absolute Error:,1
Transition Probabilities
0.25,0.25,0.25,0.25
0.25,0.25,0.25,0.25
7.745333436604454e-05,7.745333436604454e-05,0.23286622711199706,0.7669788662192708
0.6105964099594673,0.38928778228141286,5.7903879559930515e-05,5.7903879559930515e-05

4.8026126212659685e-05,4.8026126212659685e-05,0.44467390260301604,0.5552300451445586
0.5457694870086609,0.4540972684876749,6.662225183211193e-05,6.662225183211193e-05
0.25,0.25,0.25,0.25
0.3433077728445331,0.21573716608926832,0.16490509127172745,0.27604996979447116

Transition Gammas
1.0,1.0,1.0,1.0
1.0,1.0,1.0,1.0
1.0,1.0,3006.535858242991,9902.464141756995
10545.0,6723.0,1.0,1.0

1.0,1.0,9259.0,11561.0
8192.0,6816.0,1.0,1.0
1.0,1.0,1.0,1.0
1702.235790530325,1069.6976722139066,817.6550914578991,1368.748906165195

Iteration: ,74999
Error:,0.17995591401871974
Absolute Error:,1
Transition Probabilities
0.25,0.25,0.25,0.25
0.25,0.25,0.25,0.25
7.492320371619098e-05,7.492320371619098e-05,0.23338360708227388,0.7664665465102937
0.6111173246840398,0.3887708310032435,5.592215635834918e-05,5.592215635834918e-05

4.642310013462699e-05,4.642310013462699e-05,0.44394410658743794,0.5559630472122928
0.5448342452526553,0.45503701319600903,6.43707756678468e-05,6.43707756678468e-05
0.25,0.25,0.25,0.25
0.34291275352980966,0.21541522507483815,0.16528558308160415,0.27638643831374804

Transition Gammas
1.0,1.0,1.0,1.0
1.0,1.0,1.0,1.0
1.0,1.0,3114.971003727106,10230.028996272878
10928.0,6952.0,1.0,1.0

1.0,1.0,9563.0,11976.0
8464.0,7069.0,1.0,1.0
1.0,1.0,1.0,1.0
1754.619065112946,1102.2385634282043,845.7347598711616,1414.216616361013

*,*,*,*,*,*,*,*,*,*,*
Model Num 2
Model States: 
"['square', 'y', 'diamond']","['square', 'y', 'square']","['diamond', 'x', 'diamond']","['diamond', 'x', 'square', 'y', 'diamond']"
Iteration: ,74999
Error:,0.1792920119936341
Absolute Error:,1
Transition Probabilities
0.25,0.25,0.25,0.25
0.25,0.25,0.25,0.25
7.492320371619098e-05,7.492320371619098e-05,0.23338360708227388,0.7664665465102937
0.6111173246840398,0.3887708310032435,5.592215635834918e-05,5.592215635834918e-05

4.642310013462699e-05,4.642310013462699e-05,0.44394410658743794,0.5559630472122928
0.5448635427394438,0.4550077239958805,6.436663233779608e-05,6.436663233779608e-05
0.25,0.25,0.25,0.25
0.34291275352980966,0.21541522507483815,0.16528558308160415,0.27638643831374804

Transition Gammas
1.0,1.0,1.0,1.0
1.0,1.0,1.0,1.0
1.0,1.0,3114.971003727106,10230.028996272878
10928.0,6952.0,1.0,1.0

1.0,1.0,9563.0,11976.0
8465.0,7069.0,1.0,1.0
1.0,1.0,1.0,1.0
1754.619065112946,1102.2385634282043,845.7347598711616,1414.216616361013

