0,1,2,3,4,5,6,7,8,9,10,11,12,13,14,15,16,17,18,19,20,21,22,23,24,25,26,27,28,29
github Code Version (SHA):,3130f818d955eaa9876b4af7408e9fb46046852d
Environment Observations,Environment Actions,alpha,epsilon,numActions,explore,patience,gainThresh,insertRandActions,useBudd,revisedSplitting,haveControl,confidence_factor
"['diamond', 'square']","['x', 'y']",0.75,0.99,75000,0.5,0,0.01,False,True,False,True,250

Model Num 0
Model States: 
['diamond'],['square']
Iteration: ,0
Error:,0.4015091566046872
Absolute Error:,1
Transition Probabilities
0.5,0.5
0.5,0.5

0.5,0.5
0.5,0.5

Transition Gammas
1.0,1.0
1.0,1.0

1.0,1.0
1.0,1.0

Iteration: ,2455
Error:,0.048980092956554866
Absolute Error:,1
Transition Probabilities
0.44964028776978415,0.5503597122302158
0.1634756995581738,0.8365243004418262

0.174,0.826
0.8360881542699724,0.16391184573002754


Model Num 1
Model States: 
['square'],"['diamond', 'x', 'square']","['diamond', 'x', 'diamond']"
Iteration: ,0
Error:,0.4756872587518582
Absolute Error:,1
Transition Probabilities
0.3333333333333333,0.3333333333333333,0.3333333333333333
0.3333333333333333,0.3333333333333333,0.3333333333333333
0.3333333333333333,0.3333333333333333,0.3333333333333333

0.3333333333333333,0.3333333333333333,0.3333333333333333
0.3333333333333333,0.3333333333333333,0.3333333333333333
0.3333333333333333,0.3333333333333333,0.3333333333333333

Transition Gammas
1.0,1.0,1.0
1.0,1.0,1.0
1.0,1.0,1.0

1.0,1.0,1.0
1.0,1.0,1.0
1.0,1.0,1.0

Iteration: ,2500
Error:,0.049672576270329755
Absolute Error:,1
Transition Probabilities
0.835873388042204,0.09549404247330497,0.06863256948449104
0.9957264957264957,0.002136752136752137,0.002136752136752137
0.0026041666666666665,0.7175319195139744,0.2798639138193588

0.17224080267558528,0.30207991782429033,0.5256792795001245
0.8462066004263439,0.061152356636242314,0.09264104293741383
0.7420916439716284,0.09712365821371091,0.16078469781466062

Transition Gammas
713.0,81.45641822972914,58.543581770270855
466.0,1.0,1.0
1.0,275.5322570933662,107.46774290663379

103.0,180.64379085892563,314.35620914107443
53.04006224730111,3.8330176116816697,5.80672223731139
64.99903145329547,8.50695970824524,14.082963627688132

Iteration: ,3066
Error:,0.05126154847975141
Absolute Error:,1
Transition Probabilities
0.8455026455026455,0.09043007220077158,0.06406728229658291
0.9966832504145937,0.001658374792703151,0.001658374792703151
0.0020746887966804984,0.7357330724681841,0.2621922387351354

0.1721105527638191,0.3239713753639216,0.5039180718722592
0.8585046520555806,0.05169373415617815,0.08980161378824134
0.7422914286715141,0.08548981221716286,0.17221875911132306


Model Num 2
Model States: 
"['diamond', 'x', 'square']","['diamond', 'x', 'diamond']","['square', 'y', 'diamond', 'x', 'diamond']","['square', 'y', 'diamond', 'x', 'square']"
Iteration: ,0
Error:,0.40375482438446836
Absolute Error:,0.5
Transition Probabilities
0.25,0.25,0.25,0.25
0.25,0.25,0.25,0.25
0.25,0.25,0.25,0.25
0.25,0.25,0.25,0.25

0.25,0.25,0.25,0.25
0.25,0.25,0.25,0.25
0.25,0.25,0.25,0.25
0.25,0.25,0.25,0.25

Transition Gammas
1.0,1.0,1.0,1.0
1.0,1.0,1.0,1.0
1.0,1.0,1.0,1.0
1.0,1.0,1.0,1.0

1.0,1.0,1.0,1.0
1.0,1.0,1.0,1.0
1.0,1.0,1.0,1.0
1.0,1.0,1.0,1.0

Iteration: ,2500
Error:,0.0628982058557181
Absolute Error:,0.17290872680348962
Transition Probabilities
0.001964636542239683,0.001964636542239683,0.08101909253902273,0.915051634376498
0.7855155228518668,0.2098655395037914,0.0023094688221709024,0.0023094688221709024
0.09369258976792522,0.07731283084138521,0.6423926144124917,0.18660196497819775
0.06853910796729804,0.10911927230900832,0.6452053113592953,0.17713630836439836

0.13206541080343842,0.029200659379069523,0.22501836720716975,0.6137155626103223
0.15845161815870812,0.1101156804042317,0.35919144017092375,0.3722412612661363
0.002999347131791785,0.8796204730524863,0.08157328467774858,0.03580689513797341
0.862107504717394,0.004007934161627743,0.07653683993417322,0.05734772118680511

Transition Gammas
1.0,1.0,41.23871810236263,465.7612818976381
340.1282213948581,90.87177860514161,1.0,1.0
14.44677091434328,11.921121602801861,99.05264611076441,28.77277538046249
24.76872764704704,39.43362580901032,233.16490551805137,64.0136866148666

20.2662729925142,4.481025962342559,34.53049235531986,94.17853665050202
4.9570195316666075,3.444872225664526,11.236988332623561,11.645240509568392
1.0720411026499608,314.3981874753302,29.156316428259135,12.798272977243812
266.5066500900236,1.238988294791521,23.6601313730813,17.728124369828073

Iteration: ,5000
Error:,0.05419598364559007
Absolute Error:,0.1624540813403728
Transition Probabilities
0.0010152284263959383,0.0010152284263959383,0.07421859599487945,0.9237509471523286
0.765195007413376,0.23254510558097427,0.0011299435028248588,0.0011299435028248588
0.09571263364181726,0.0665157062028971,0.6741765143470259,0.16359514580825985
0.08302084691901233,0.09851468618524922,0.6625299022124921,0.15593456468324643

0.12482496318901122,0.043516896839795094,0.2510082059922478,0.5806499339789458
0.15161096002260355,0.10831372974478588,0.42283569091600265,0.3172396193166078
0.0014761390606364095,0.8561500125979875,0.11190690200593559,0.030466946335440295
0.8588024427752395,0.002217463226141815,0.08452772461331175,0.05445236938530703

Transition Gammas
1.0,1.0,73.10531705495632,909.8946829450445
677.1975815608376,205.8024184391622,1.0,1.0
34.57704807544464,24.029395949511105,243.5523176088649,59.10021494853284
57.786356326977405,68.57078638205844,461.1515110641565,108.53768243617651

37.92659262593151,13.222095778137508,76.26588249033792,176.42363307528046
9.433662315728533,6.739586309703816,26.310031428761032,19.73954548772045
1.088787225061395,631.4887406684813,82.5415494714501,22.472152415204693
492.85838195316455,1.2725806113745826,48.50964029454043,31.249685995341483

Iteration: ,7500
Error:,0.05314008290688892
Absolute Error:,0.16043665182507272
Transition Probabilities
0.0007007708479327249,0.0007007708479327249,0.06670243887622895,0.9318960194279056
0.7638459794299639,0.23462027823874787,0.000766871165644172,0.000766871165644172
0.08712411485961119,0.06992472836344124,0.7011366181503154,0.1418145386266323
0.08071607496603746,0.1026902800778024,0.6634760136983145,0.15311763125784558

0.12272295657910431,0.04656804283301539,0.24660918590044492,0.5840998146874353
0.11597775689754365,0.1408358480545874,0.4187676132919111,0.3244187817559578
0.0009978765646010306,0.849699837039256,0.12040053213920265,0.02890175425694029
0.8621662328465766,0.001512677967015644,0.08555324146939952,0.05076784771700836

Transition Gammas
1.0,1.0,95.18438027637887,1329.8156197236233
996.0551571766725,305.9448428233271,1.0,1.0
50.5508755023783,40.57150243343905,406.81124796948455,82.2831784069628
83.0806443879939,105.69858166216814,682.912477808502,157.60319710067236

58.22360355481982,22.093333959776942,116.9991000305573,277.1151950277856
13.710613206852111,16.649277326869388,49.505706292234876,38.352012943512214
1.1083199508661215,943.7432594830245,133.72627096230948,32.100554311348034
736.2372891729665,1.2917345674165996,73.05724137609506,43.35264031033737

Iteration: ,10000
Error:,0.05593563276464416
Absolute Error:,0.15343482460569974
Transition Probabilities
0.0005330490405117267,0.0005330490405117267,0.06836972604689867,0.9305641758720778
0.770060462430647,0.2287397775213626,0.0005998800239952013,0.0005998800239952013
0.08885046284539783,0.06251695040396917,0.7183937556236626,0.13023883112697038
0.07872467443990538,0.10289801201396474,0.6880101591522431,0.13036715439388685

0.12173895479215736,0.04711770010813624,0.24640036879925878,0.5847429763004477
0.11170949024350564,0.15785428733137122,0.4461082319936411,0.28432799043148216
0.0007647260360759605,0.8432219967655987,0.13189104255302087,0.024122234645304358
0.8624224886280181,0.0011405179546377195,0.08619310109687772,0.050243892320466506

Transition Gammas
1.0,1.0,128.261606063982,1745.738393936019
1283.6907908718877,381.3092091281112,1.0,1.0
82.57130964458058,58.098813495470786,667.6241332085207,121.03471955397173
102.23936929111416,133.63317059695024,893.5156002620231,169.30721830653928

76.75995741341599,29.709082519177677,155.36261049696108,368.6974808946531
20.101131368489387,28.40447807800852,80.2732172201461,51.16229852041673
1.1223811826806953,1237.5889630337394,193.57523785282154,35.403976029147046
987.9866925751841,1.3065714040200027,98.74236583391446,57.559140270995826

Iteration: ,12500
Error:,0.048228360628436724
Absolute Error:,0.14618579248579094
Transition Probabilities
0.00043649061545176777,0.00043649061545176777,0.0598196987712642,0.9393073199978323
0.7725436294920706,0.22643959369044084,0.0005083884087442809,0.0005083884087442809
0.09494797932138802,0.06437705873757742,0.7166928332865009,0.12398212865453372
0.08064007427800356,0.10037926004441242,0.6977163788071332,0.12126428687045068

0.10730819907020346,0.05470585371358083,0.245155788997571,0.5928301582186446
0.09185898795200148,0.14190646521015,0.48880473215359804,0.27742981468425043
0.0006181071957612566,0.8410352418991959,0.13772854127300507,0.020618109632037775
0.8559823376240895,0.0008308043212386344,0.09221676510473188,0.05097009294993987

Transition Gammas
1.0,1.0,137.0469298849663,2151.953070115034
1519.593319210902,445.4066807890969,1.0,1.0
106.96834625381163,72.52716233732357,807.4257893274248,139.67820444405544
119.2230144882142,148.40658421684537,1031.5448080121314,179.2842325593234

94.26264766878153,48.055215339598895,215.3519857986036,520.759278562051
28.358290326856235,43.808720620676894,150.90158096228956,85.64687468854784
1.1447871702503254,1557.6688983029758,255.08498866841938,38.18649506660698
1365.929319952577,1.3257516325313645,147.15441862662573,81.33525814828879

Iteration: ,15000
Error:,0.04335908576233909
Absolute Error:,0.14006718285066685
Transition Probabilities
0.0003714710252600295,0.0003714710252600295,0.05587398367049746,0.9433830742789825
0.776041851408936,0.2230728010921707,0.0004426737494466578,0.0004426737494466578
0.09478711641795375,0.06629327308351429,0.7234292968078212,0.11549031369071086
0.08096143752191592,0.09764900585603216,0.7121453785445068,0.10924417807754516

0.1083543240584088,0.052182867130717236,0.24053820421308156,0.5989246045977925
0.07500236383282484,0.11806434325360118,0.5303524932784067,0.2765807996351673
0.0004980447889880459,0.840136832198246,0.14219119615937906,0.017173926853386954
0.8615336677259493,0.0006881981983595868,0.09013642140583741,0.04764171266985367

Transition Gammas
1.0,1.0,150.41276404097925,2539.5872359590226
1753.0785423327864,503.92145766721364,1.0,1.0
120.19915098980137,84.06622589759641,917.3777045186993,146.4527899757894
138.55217681095252,167.1102038067979,1218.7196203932501,186.95343289167712

116.15998717799175,55.94203304288488,257.86617156272473,642.0701249832985
39.008763817112325,61.405319057245336,275.8365749141859,143.8498006991409
1.1710277181418296,1975.3715715709075,334.3270237134667,40.380192342779694
1674.6895775822707,1.337751957095086,175.21140629055046,92.60819705046337

Iteration: ,17500
Error:,0.04610048358530905
Absolute Error:,0.13575451096703597
Transition Probabilities
0.0003263707571801563,0.0003263707571801563,0.05500709983852947,0.9443401586471102
0.777083889595412,0.2221433128775402,0.00038639876352395666,0.00038639876352395666
0.09275063927199098,0.0641607121508695,0.7352125453445522,0.10787610323258727
0.08244133586345771,0.0973651010850224,0.7242611977432896,0.09593236530823036

0.11216718759192856,0.0526506893611761,0.23552770595766176,0.5996544170892335
0.06879315360132097,0.1141306154462946,0.5513604385420897,0.2657157924102948
0.000406763477881752,0.8403515491570391,0.14468492061826896,0.014556766746810095
0.8652050401998074,0.0006269006901948101,0.08742837300376585,0.04673968610623195

Transition Gammas
1.0,1.0,168.5417539052545,2893.458246094749
2011.0931062729264,574.9068937270741,1.0,1.0
129.48437809133623,89.57145714532435,1026.392270135392,150.6002572880003
166.53290698634552,196.67916771221644,1463.0199937245866,193.78501696425076

134.49097918598102,63.129360011795754,282.40301357037094,718.9991249574045
54.505487716303136,90.42680168892092,436.8482623194398,210.52921840421305
1.1952619433216538,2469.347127597331,425.1521800534038,42.7746104465413
1854.1628759099199,1.343468811015118,187.36188070211819,100.16468557539183

Iteration: ,19370
Error:,0.045158761328022726
Absolute Error:,0.13361750486293478
Transition Probabilities
0.0002982403817476883,0.0002982403817476883,0.05379767365327194,0.9456058455832327
0.7787457495294717,0.22054351841651265,0.00035536602700781783,0.00035536602700781783
0.09431984389018988,0.06422146734103289,0.7383648947270667,0.10309379404171069
0.0811027651940888,0.09436275998602847,0.7369106371730039,0.08762383764687881

0.11342143749337207,0.053288696060630567,0.23080652776733657,0.6024833386786608
0.07108119736854378,0.11023519147318724,0.5517483182157661,0.26693529294250296
0.000359098384443425,0.8425935326628751,0.1440858537805268,0.012961515172154698
0.8669827288986806,0.0005807864483975185,0.08625079145763867,0.04618569319528309

*,*,*,*,*,*,*,*,*,*,*
Model Num 2
Model States: 
"['diamond', 'x', 'square']","['diamond', 'x', 'diamond']","['square', 'y', 'diamond', 'x', 'diamond']","['square', 'y', 'diamond', 'x', 'square']"
Iteration: ,19370
Error:,0.04748699270653375
Absolute Error:,0.13361750486293478
Transition Probabilities
0.0002982403817476883,0.0002982403817476883,0.05379767365327194,0.9456058455832327
0.7787457495294717,0.22054351841651265,0.00035536602700781783,0.00035536602700781783
0.09431984389018988,0.06422146734103289,0.7383648947270667,0.10309379404171069
0.0811027651940888,0.09436275998602847,0.7369106371730039,0.08762383764687881

0.11342143749337207,0.053288696060630567,0.23080652776733657,0.6024833386786608
0.07108119736854378,0.11023519147318724,0.5517483182157661,0.26693529294250296
0.000359098384443425,0.8425935326628751,0.1440858537805268,0.012961515172154698
0.8669827288986806,0.0005807864483975185,0.08625079145763867,0.04618569319528309

Transition Gammas
1.0,1.0,180.38359975942103,3170.616400240583
2191.390539175935,620.609460824067,1.0,1.0
139.753312862004,95.15667591877599,1094.0321345235495,152.75363760796822
182.1416524891265,211.92112249389442,1654.9635622200572,196.78676242724072

147.55947077987304,69.327738768217,300.27559024614254,783.8211591552904
71.10373827177624,110.2701486893822,551.9232858008659,267.0199420878508
1.209481894081892,2837.9454377267007,485.29661755783746,43.655774015487594
2012.8060625948174,1.3483665192412997,200.2417235808913,107.22571531119168

