0,1,2,3,4,5,6,7,8,9,10,11,12,13,14,15,16,17,18,19,20,21,22,23,24,25,26,27,28,29
github Code Version (SHA):,3130f818d955eaa9876b4af7408e9fb46046852d
Environment Observations,Environment Actions,alpha,epsilon,numActions,explore,patience,gainThresh,insertRandActions,useBudd,revisedSplitting,haveControl,confidence_factor
"['diamond', 'square']","['x', 'y']",0.75,0.99,75000,0.5,0,0.01,False,True,False,True,250

Model Num 0
Model States: 
['diamond'],['square']
Iteration: ,0
Error:,0.4030450332567745
Absolute Error:,1
Transition Probabilities
0.5,0.5
0.5,0.5

0.5,0.5
0.5,0.5

Transition Gammas
1.0,1.0
1.0,1.0

1.0,1.0
1.0,1.0

Iteration: ,2405
Error:,0.06346337557272046
Absolute Error:,1
Transition Probabilities
0.4708994708994709,0.5291005291005291
0.15870570107858242,0.8412942989214176

0.178,0.822
0.874820143884892,0.1251798561151079


Model Num 1
Model States: 
['square'],"['diamond', 'x', 'square']","['diamond', 'x', 'diamond']"
Iteration: ,0
Error:,0.4747545766703196
Absolute Error:,1
Transition Probabilities
0.3333333333333333,0.3333333333333333,0.3333333333333333
0.3333333333333333,0.3333333333333333,0.3333333333333333
0.3333333333333333,0.3333333333333333,0.3333333333333333

0.3333333333333333,0.3333333333333333,0.3333333333333333
0.3333333333333333,0.3333333333333333,0.3333333333333333
0.3333333333333333,0.3333333333333333,0.3333333333333333

Transition Gammas
1.0,1.0,1.0
1.0,1.0,1.0
1.0,1.0,1.0

1.0,1.0,1.0
1.0,1.0,1.0
1.0,1.0,1.0

Iteration: ,2500
Error:,0.05128080529354424
Absolute Error:,1
Transition Probabilities
0.8067915690866511,0.1219251701043213,0.07128326080902767
0.99581589958159,0.0020920502092050207,0.0020920502092050207
0.0028011204481792713,0.7806216726447271,0.21657720690709356

0.1713810316139767,0.31238744529697493,0.5162315230890482
0.8333127942537131,0.07531200572162129,0.09137520002466558
0.8180284096494016,0.12467115107105811,0.05730043927954026

Transition Gammas
689.0,104.12409526909039,60.875904730909625
476.0,1.0,1.0
1.0,278.68193713416764,77.31806286583242

103.0,187.74485462348193,310.255145376518
63.56194672503183,5.7445148189762785,6.969754497959386
66.93358432319177,10.200974568182165,4.688497048552161

Iteration: ,2912
Error:,0.052304805950447834
Absolute Error:,1
Transition Probabilities
0.8077348066298342,0.12030651554257393,0.07195867782759181
0.9965576592082617,0.0017211703958691911,0.0017211703958691911
0.002298850574712644,0.7659589955870857,0.23174215383820174

0.17733333333333334,0.33159300621761806,0.4910736604490486
0.8134507064437972,0.09796430247559604,0.08858499108060668
0.8306758343015428,0.11600623262731084,0.05331793307114631


Model Num 2
Model States: 
"['diamond', 'x', 'square']","['diamond', 'x', 'diamond']","['square', 'y', 'diamond', 'x', 'diamond']","['square', 'y', 'diamond', 'x', 'square']"
Iteration: ,0
Error:,0.4027962165045291
Absolute Error:,0.5
Transition Probabilities
0.25,0.25,0.25,0.25
0.25,0.25,0.25,0.25
0.25,0.25,0.25,0.25
0.25,0.25,0.25,0.25

0.25,0.25,0.25,0.25
0.25,0.25,0.25,0.25
0.25,0.25,0.25,0.25
0.25,0.25,0.25,0.25

Transition Gammas
1.0,1.0,1.0,1.0
1.0,1.0,1.0,1.0
1.0,1.0,1.0,1.0
1.0,1.0,1.0,1.0

1.0,1.0,1.0,1.0
1.0,1.0,1.0,1.0
1.0,1.0,1.0,1.0
1.0,1.0,1.0,1.0

Iteration: ,2500
Error:,0.056568369047306465
Absolute Error:,0.1941507496109604
Transition Probabilities
0.0014662756598240467,0.0014662756598240467,0.2338162124791456,0.7632512362012063
0.7373347202071739,0.257614774742321,0.0025252525252525246,0.0025252525252525246
0.08134761831583129,0.050987298881636355,0.757142018643301,0.11052306415923135
0.12191444405558413,0.10580199680739237,0.655101827834766,0.11718173130225756

0.10012366189732817,0.06049672462302866,0.5288157047092522,0.310563908770391
0.13652069559942442,0.07333636945056649,0.3611994897472629,0.42894344520274613
0.0034009995528062457,0.8904612957585234,0.06014040307849979,0.04599730161017051
0.8239012944128827,0.002159504502264306,0.09386108758375361,0.08007811350109936

Transition Gammas
1.0,1.0,159.46265691077733,520.5373430892228
291.98454920204097,102.01545079795913,1.0,1.0
19.17395554098076,12.017908110297245,178.46136991142623,26.05072357760288
6.9014057421071575,5.989302694601393,37.08439595740144,6.633493508863817

7.255384795996277,4.38384900951379,38.32022671889462,22.50477678481712
3.2106569957159605,1.7247050096180747,8.49459243900142,10.087776560614808
1.1044044483209514,289.1589371959489,19.529355312295188,14.93667485698926
421.8715530184955,1.10575565823074,48.060760500662234,41.003307476988354

Iteration: ,5000
Error:,0.06868671487629631
Absolute Error:,0.20009155781561805
Transition Probabilities
0.0007072135785007071,0.0007072135785007071,0.23745642200308176,0.7611291508399167
0.7184800676406679,0.27903546030964277,0.0012422360248447205,0.0012422360248447205
0.08168137327407334,0.058497617724300024,0.7426215079360503,0.11719950106557642
0.15308487608909085,0.11338554973682538,0.6404014369829538,0.09312813719112999

0.10962842527678257,0.05373255025052122,0.49595055299183266,0.34068847148086345
0.16832471383272016,0.047284007769263156,0.3830438194803231,0.4013474589176935
0.0018032296498690945,0.911398517255653,0.05397575428808281,0.03282249880639488
0.8174326017670227,0.0010322574035711535,0.10889776191464254,0.07263737891476364

Transition Gammas
1.0,1.0,335.7633807123577,1076.2366192876425
578.3764544507376,224.62354554926242,1.0,1.0
38.044204784758875,27.246056951765404,345.8860152936876,54.587253378434816
13.739967568511545,10.176797446765244,57.478538701975786,8.358615282004369

14.175580200336505,6.947924988631464,64.12923310343197,44.052961069302455
6.139718075643682,1.7247050096180747,13.971692027138202,14.63932533745156
1.1197556325928215,565.9532180539787,33.517447371117974,20.381862020125904
882.3104445021713,1.1141854222803578,117.54073976558156,78.40244925296452

Iteration: ,7500
Error:,0.06455283873461837
Absolute Error:,0.19683535531226115
Transition Probabilities
0.00047732696897374703,0.00047732696897374703,0.24568685250742983,0.7533584935546226
0.7020410602694773,0.2963447347264871,0.0008071025020177562,0.0008071025020177562
0.08024052463901021,0.05958527806936044,0.7409862303589427,0.11918796693268667
0.143846462439779,0.11337802630142786,0.6523241167567515,0.09045139450204157

0.11302424570360202,0.060511189154974596,0.4877709136414571,0.33869365149996633
0.1180760187109124,0.05626794617474242,0.4223669847069462,0.403289050407399
0.0012127167861264295,0.9243600001318684,0.047646735965276264,0.02678054711672899
0.8113677982377094,0.000695863961218462,0.1212075513673328,0.06672878643373924

Transition Gammas
1.0,1.0,514.7139560030655,1578.2860439969343
869.8288736738824,367.17112632611753,1.0,1.0
57.85312443713968,42.96076729653349,534.2483587192527,85.93408771176085
17.20014771905123,13.556946534541632,78.00032742281033,10.815541240582236

22.53008871145127,12.062212414778694,97.23154431861371,67.51469976018086
7.029159174478178,3.349675525998083,25.143842060073926,24.008117478776192
1.1299196823126856,861.2501860617168,44.39369965108135,24.95213032133262
1303.9083650671137,1.1182879600992774,194.7865573177018,107.23647525907653

Iteration: ,10000
Error:,0.05739852200621637
Absolute Error:,0.189445957255298
Transition Probabilities
0.00035574528637495546,0.00035574528637495546,0.2452378525511645,0.7540506568760856
0.709439999856006,0.2893231417642784,0.0006184291898577613,0.0006184291898577613
0.08349219269112548,0.06343304940983512,0.7377439964699875,0.11533076142905199
0.12640645274354004,0.11280875826841663,0.6827830894463444,0.07800169954169894

0.10550399672354582,0.06406383383972572,0.4839237341637751,0.34650843527295333
0.10676282864117571,0.062000915723980296,0.4267718213335026,0.4044644343013413
0.0009202329693115797,0.9163347289537247,0.05630341966600617,0.026441618410957535
0.8098856736523082,0.0005149403001897675,0.12870911194951737,0.06089027409798471

Transition Gammas
1.0,1.0,689.3636035213235,2119.636396478677
1147.1644797671615,467.8355202328382,1.0,1.0
82.29554083579082,62.52389522644183,727.1702806088676,113.67778328591234
18.044217054844548,16.103178878159174,97.46564356444061,11.134554974284042

26.87409875820826,16.31841305452652,123.26560724932065,88.26302509162988
8.654307222114817,5.025859463982312,34.594572873064266,32.786312609112365
1.137283150337364,1132.4654539248238,69.58339097590125,32.67825440869458
1764.9509995933445,1.122188510203235,280.49054722456617,132.69570462964882

Iteration: ,12500
Error:,0.06451077667154867
Absolute Error:,0.1880045784957793
Transition Probabilities
0.00028058361391694717,0.00028058361391694717,0.24993107425663164,0.7495077585155344
0.706096648956667,0.2929117794022819,0.0004957858205255329,0.0004957858205255329
0.08560352058092344,0.06974829399442316,0.7399024250999476,0.10474576032470577
0.11819589529117644,0.11039695590993752,0.6994381921065185,0.07196895669236758

0.11609396141899626,0.07325186977080714,0.46838800803151825,0.34226616077867844
0.10683743045505806,0.07834084487421461,0.41582287604742957,0.3989988486232979
0.0007169901253291321,0.9235148888286326,0.052741603571964744,0.023026517474073475
0.8144525311293924,0.0004088218422353268,0.13063264038034897,0.05450600664802339

Transition Gammas
1.0,1.0,890.7543486506354,2671.2456513493653
1424.1969409455976,590.8030590544026,1.0,1.0
95.07573727144263,77.4660952019642,821.7742459412647,116.33610768981059
19.79056017683562,18.484716359166054,117.11298092679637,12.050384362126868

33.82646368746745,21.34350213012764,136.47488423744022,99.72658110307563
18.93001931059269,13.88084400720271,73.67768992418112,70.69672002754247
1.1498262011546996,1481.026835403316,84.58091058105028,36.92727720745423
2241.0895241926937,1.124935233026111,359.4555000867457,149.98153463293255

Iteration: ,15000
Error:,0.061314675537409734
Absolute Error:,0.18256808227933163
Transition Probabilities
0.00023315458148752633,0.00023315458148752633,0.25241223462560075,0.7471214562114241
0.704875094670061,0.29429537401513195,0.00041476565740356696,0.00041476565740356696
0.08497325940175936,0.0714537254727683,0.7478347953661141,0.09573821975935817
0.1169595255978522,0.1059770044318649,0.7018648428210266,0.07519862714925625

0.11733826089858888,0.06832102803429592,0.4627835568653059,0.3515571542018092
0.10274848433378563,0.07898248757716085,0.44678570722559535,0.3714833208634582
0.0005802417445163435,0.922542048864349,0.05351727208615972,0.02336043730497488
0.8141490882754581,0.0003400054003211011,0.13581094696880655,0.04969995935541427

Transition Gammas
1.0,1.0,1082.5960743092012,3204.4039256907968
1699.4538532495171,709.5461467504831,1.0,1.0
105.50891227331222,88.72208628437704,928.5654848915923,118.87546153824557
22.18747041259367,20.10406282197241,133.14525135195316,14.265339282227945

38.42258493290605,22.37182042965458,151.53915170583045,115.11790367989175
28.674649226966096,22.0421268599053,124.68722548448613,103.6721270245106
1.1598473247221548,1844.072642879061,106.97586901007885,46.695262739324626
2699.16969181286,1.127228765364545,450.25757217402816,164.77157059847687

Iteration: ,17500
Error:,0.06186849488845128
Absolute Error:,0.18048574981479742
Transition Probabilities
0.00020080321285140558,0.00020080321285140558,0.25054428982271215,0.749054103751585
0.7060469901848841,0.2932315090936151,0.00036075036075036075,0.00036075036075036075
0.08533166485070083,0.07100430250095369,0.7568954457681734,0.08676858688017226
0.1275220239001078,0.1044297200024246,0.7024991180392253,0.06554913805824233

0.1117206939191904,0.06265649807720437,0.4673123029875084,0.3583105050160969
0.09587184657526969,0.08355750398806203,0.4663651849280031,0.35420546450866514
0.0004861946747957486,0.9224769024158613,0.052852341398517105,0.02418456151082566
0.8120236052821089,0.00029208119482450096,0.14199443852380725,0.04568987499925946

Transition Gammas
1.0,1.0,1247.7105633171068,3730.289436682894
1957.1622567924987,812.8377432075011,1.0,1.0
118.61647203540853,98.70052197779061,1052.1330813569757,120.61388556324808
28.140553727830298,23.044726366737184,155.02196068046803,14.464866420139797

41.240142925220205,23.128776283530073,172.50184804489723,132.2653478070945
39.064205744297425,34.046569914630076,190.0264382797884,144.32553075378178
1.1698163170347735,2219.5400083045197,127.16620433461483,58.18964324852042
3138.515921221094,1.1289098916373261,548.8163190489923,176.59388125048253

Iteration: ,20000
Error:,0.06239932408354133
Absolute Error:,0.17755514511180298
Transition Probabilities
0.00017618040873854817,0.00017618040873854817,0.24968808500802273,0.7499595541745002
0.7051084839375146,0.2942571995385399,0.0003171582619727245,0.0003171582619727245
0.08531120198682891,0.07053925591434708,0.7636919155485292,0.08045762655029473
0.1326157618642584,0.10270945787604663,0.7043934331367958,0.060281347122899114

0.11098525792722205,0.06421030558465467,0.462469142687398,0.3623352938007254
0.08375908706449448,0.08711724950965202,0.49028716620752244,0.3388364972183311
0.0004183204513165503,0.9184092009952927,0.056360845768362415,0.024811632785028445
0.8112987384537964,0.0002557054831882304,0.14595903188267784,0.04248652418033737

Transition Gammas
1.0,1.0,1417.2295705055378,4256.770429494466
2223.207049854983,927.792950145016,1.0,1.0
131.1834465256397,108.46855384392326,1174.3327398070312,123.72008018091232
32.066772332093244,24.835364633617985,170.3238252760573,14.576157516181828

45.851468088331956,26.52727787853985,191.06041229074273,149.69199938134685
43.543694641964564,45.289496861101206,254.88475818481436,176.15035556759543
1.1767488514951543,2583.514549844422,158.54486750165742,69.7959191132346
3586.7461076123295,1.1304721714080999,645.2838697540673,187.8326293471498

Iteration: ,22500
Error:,0.05841707547735986
Absolute Error:,0.17698793955330283
Transition Probabilities
0.00015718327569946532,0.00015718327569946532,0.25225634783763856,0.7474292856109626
0.7042367360253834,0.29519924818217436,0.0002820078962210943,0.0002820078962210943
0.08565352448099235,0.06800330271265474,0.7714018653567403,0.07494130744961255
0.12524976138426241,0.10075525028802768,0.7153270914336546,0.05866789689405529

0.1052083661742662,0.06419429423356754,0.4634987277063788,0.3670986118857875
0.08190532451764,0.0873344829928444,0.49580756631847733,0.3349526261710382
0.0003655876510072117,0.9173815695593297,0.05598259701668443,0.026270245772978654
0.8104864207623365,0.0002281923067325753,0.14985865886372673,0.03942672806720432

Transition Gammas
1.0,1.0,1604.854884943059,4755.145115056951
2497.2234659460087,1046.77653405399,1.0,1.0
144.62866081582598,114.82570813028305,1302.5362285253493,126.54074659391031
32.88140638629306,26.450943248579975,187.79245990252568,15.401889299287408

48.39179141896479,29.526899901600167,213.1915414119307,168.85120549390038
52.151916175431765,55.60884671528958,315.69760317862057,213.2757715775918
1.18185222163299,2965.6621143569914,180.9775479961377,84.92504668607376
4020.7103743380376,1.132030286406039,743.4279575110324,195.5905126910175

Iteration: ,25000
Error:,0.057857237973528174
Absolute Error:,0.17720906220678365
Transition Probabilities
0.00014176353841791877,0.00014176353841791877,0.2520055927387056,0.7477108801844585
0.6999654507278312,0.29952603160117974,0.0002542588354945336,0.0002542588354945336
0.08482736544916551,0.06856635192834741,0.776656635471187,0.06994964715130003
0.12351860562894709,0.09772177042066145,0.7185966353335294,0.060162988616862256

0.10735823026515585,0.06800294632300853,0.45554383100144274,0.3690949924103928
0.08625402260963377,0.08774904044337288,0.4925213579542707,0.3334755789927226
0.00032666878657571,0.9166155481910356,0.05657990775620029,0.026477875266188368
0.8109600929278581,0.00020577033882066004,0.15212681857986787,0.03670731815345337

Transition Gammas
1.0,1.0,1777.647451178831,5274.352548821175
2752.964117712559,1178.0358822874393,1.0,1.0
155.82928497448427,125.95753195596076,1426.731191465458,128.49866834938683
36.286661416053846,28.70819969328466,211.10562791968889,17.674373723713416

53.84147855847672,34.10431754808688,228.4608580891543,185.1056977264196
65.76907016718297,66.90902781592219,375.5496934529371,254.27659012583487
1.1868339021041603,3330.1939226960144,205.5628069240753,96.19786558430317
4464.569646618398,1.1328251746104434,837.5020948518127,202.0843933824142

Iteration: ,27500
Error:,0.05859301028601161
Absolute Error:,0.1754622974051901
Transition Probabilities
0.00012916559028674753,0.00012916559028674753,0.24993501301964652,0.74980665579978
0.6973975087962434,0.3021378071888866,0.00023234200743494434,0.00023234200743494434
0.08375371227513564,0.06910306243712018,0.7817945885751455,0.06534863671259862
0.11979344262175014,0.09306160165460957,0.7271136277163351,0.06003132800730507

0.10469696168590138,0.0688887205825846,0.4527485557302965,0.3736657620012174
0.08529516437221554,0.08778317097814317,0.4990625471862299,0.3278591174634113
0.0002957376818755628,0.915966822307673,0.05649168169661863,0.027245758313832774
0.8115308704714176,0.00018688056556068457,0.15400821756395477,0.034274031399066936

Transition Gammas
1.0,1.0,1934.9968707981047,5805.003129201901
3001.5988778590304,1300.4011221409673,1.0,1.0
166.9099624636171,137.71317406935842,1558.0121989658417,130.23110503946577
38.39023501338625,29.82347514231911,233.01828913628503,19.238254948920577

57.150348127824245,37.60390273011413,247.13933582888686,203.97085109198545
75.89047164279589,78.10414924297348,444.03563043669277,291.70918703093656
1.1919782019100806,3691.827429427783,227.6911509705596,109.81471755183385
4922.433712992022,1.1335455368254277,934.1545341020043,207.8930744075204

Iteration: ,30000
Error:,0.0608144590672832
Absolute Error:,0.1748583521421262
Transition Probabilities
0.0001183011948420678,0.0001183011948420678,0.25224401946390235,0.7475193781464134
0.6995418636462959,0.3000309684767286,0.00021358393848782588,0.00021358393848782588
0.0853391912192317,0.06688786050722356,0.7840314087602464,0.06374153951329835
0.11520291831487092,0.09051756012004418,0.7363603041008363,0.05791921746424844

0.10149333715403952,0.07174551776817634,0.4486341297275718,0.3781270153502124
0.08673822423467716,0.09210768009735601,0.4955480036047957,0.3256060920631712
0.00026950559250428887,0.9159607189424678,0.05623440499281025,0.027535370472217872
0.8121461934429484,0.00017168342305610263,0.15548104178642042,0.032201081347575156

Transition Gammas
1.0,1.0,2132.2186965283686,6318.781303471638
3275.2550055919546,1404.7449944080422,1.0,1.0
184.02410022874173,144.2359386140222,1690.6730950557994,137.45126112099942
39.99857494095188,31.4277924977387,255.66507548548313,20.109613490285877

59.32578658516596,41.93732706903761,262.2396048978498,221.02616037450528
86.92773487697421,92.30892223448478,496.6307052773372,326.3174949099228
1.1951985600975406,4062.0861415650356,249.3873290376309,122.11336631028689
5366.797590956483,1.1345127129865444,1027.444673429209,212.79011980556686

Iteration: ,32500
Error:,0.060464301159495255
Absolute Error:,0.17422385514554162
Transition Probabilities
0.00010700909577314059,0.00010700909577314059,0.2546756904392861,0.7451102913691676
0.6997189273666519,0.29989204326163066,0.0001945146858587825,0.0001945146858587825
0.08426709071901,0.07044707440555292,0.7731437390675536,0.07214209580788347
0.11520291831487092,0.09051756012004418,0.7363603041008363,0.05791921746424844

0.10149333715403952,0.07174551776817634,0.4486341297275718,0.3781270153502124
0.08673822423467716,0.09210768009735601,0.4955480036047957,0.3256060920631712
0.0002514803036955905,0.9182421606539813,0.054959943429062956,0.026546415613260155
0.8135760240335134,0.0001557091530343792,0.1563608179442939,0.029907448869158356

Transition Gammas
1.0,1.0,2379.9443271551318,6963.055672844879
3597.2550055919546,1541.7449944080422,1.0,1.0
190.87803338828735,159.57355244799973,1751.2905118770143,163.41303888413137
39.99857494095188,31.4277924977387,255.66507548548313,20.109613490285877

59.32578658516596,41.93732706903761,262.2396048978498,221.02616037450528
86.92773487697421,92.30892223448478,496.6307052773372,326.3174949099228
1.1951985600975406,4364.086141565036,261.2055269703021,126.16589550140476
5927.797590956483,1.1345127129865444,1139.2608097457776,217.90871181197474

Iteration: ,35000
Error:,0.05923578744894685
Absolute Error:,0.17325955386807895
Transition Probabilities
9.783778495254855e-05,9.783778495254855e-05,0.25604437845732,0.743759945972775
0.6985973548349647,0.30104505532058706,0.00017879492222420894,0.00017879492222420894
0.08463781920122988,0.07361154495008351,0.7597404873246888,0.08201014852399792
0.11520291831487092,0.09051756012004418,0.7363603041008363,0.05791921746424844

0.10149333715403952,0.07174551776817634,0.4486341297275718,0.3781270153502124
0.08673822423467716,0.09210768009735601,0.4955480036047957,0.3256060920631712
0.00023608152774245617,0.9191005759982466,0.05387483869130981,0.026788503782701277
0.8125706437589668,0.00014231252406392167,0.15930419583852842,0.027982847878440884

Transition Gammas
1.0,1.0,2617.0295922122705,7601.970407787742
3907.2550055919546,1683.7449944080422,1.0,1.0
202.46161134845207,176.08572792984197,1817.3705882556526,196.17597634005702
39.99857494095188,31.4277924977387,255.66507548548313,20.109613490285877

59.32578658516596,41.93732706903761,262.2396048978498,221.02616037450528
86.92773487697421,92.30892223448478,496.6307052773372,326.3174949099228
1.1951985600975406,4653.086141565036,272.7495465023664,135.62086561545976
6477.797590956483,1.1345127129865444,1269.9699945574014,223.0787267141729

Iteration: ,37500
Error:,0.05661981455805974
Absolute Error:,0.17322503738396103
Transition Probabilities
9.032607713846978e-05,9.032607713846978e-05,0.2559010583579848,0.7439182894877383
0.6965061146054126,0.3031634161282292,0.00016523463317911444,0.00016523463317911444
0.08452595980099226,0.07517570251304632,0.7537415340354419,0.0865568036505195
0.11520291831487092,0.09051756012004418,0.7363603041008363,0.05791921746424844

0.10149333715403952,0.07174551776817634,0.4486341297275718,0.3781270153502124
0.08673822423467716,0.09210768009735601,0.4955480036047957,0.3256060920631712
0.0002219895443797922,0.918101374140323,0.05417691401405422,0.02749972230124314
0.8105317397880776,0.00013125679854863334,0.16297847145838942,0.02635853195498455

Transition Gammas
1.0,1.0,2833.0806170812525,8235.919382918759
4215.255005591955,1834.7449944080422,1.0,1.0
214.12211322264426,190.4359361666943,1909.3865419727758,219.26666973178996
39.99857494095188,31.4277924977387,255.66507548548313,20.109613490285877

59.32578658516596,41.93732706903761,262.2396048978498,221.02616037450528
86.92773487697421,92.30892223448478,496.6307052773372,326.3174949099228
1.1951985600975406,4943.086141565036,291.6901775758601,148.05935382837777
7005.797590956483,1.1345127129865444,1408.6976816225472,227.82888146941946

Iteration: ,40000
Error:,0.05727922289162135
Absolute Error:,0.1743366247711055
Transition Probabilities
8.364001338240204e-05,8.364001338240204e-05,0.2563664447722951,0.7434662752009401
0.6951967725737059,0.30449577162306585,0.00015372790161414306,0.00015372790161414306
0.08483568181607341,0.07540535987861365,0.7463750127715059,0.09338394553380708
0.11520291831487092,0.09051756012004418,0.7363603041008363,0.05791921746424844

0.10149333715403952,0.07174551776817634,0.4486341297275718,0.3781270153502124
0.08673822423467716,0.09210768009735601,0.4955480036047957,0.3256060920631712
0.00020997468993600192,0.9202366453181025,0.05252184485358569,0.027031535138375834
0.8109711552376581,0.00012154315547111658,0.1641034121561114,0.024803889450759516

Transition Gammas
1.0,1.0,3065.117213697564,8888.88278630245
4522.255005591955,1980.7449944080422,1.0,1.0
225.21708898608435,200.1819904344994,1981.4352177046055,247.9105480257284
39.99857494095188,31.4277924977387,255.66507548548313,20.109613490285877

59.32578658516596,41.93732706903761,262.2396048978498,221.02616037450528
86.92773487697421,92.30892223448478,496.6307052773372,326.3174949099228
1.1951985600975406,5238.086141565036,298.960000187665,153.8664106824495
7569.797590956483,1.1345127129865444,1531.7802686126745,231.52540185684708

Iteration: ,42500
Error:,0.05674321616605016
Absolute Error:,0.17538623235297995
Transition Probabilities
7.794839816041776e-05,7.794839816041776e-05,0.25721651527751377,0.7426275879261653
0.6950201244202899,0.30469239534397635,0.00014374011786689672,0.00014374011786689672
0.08435288072058057,0.0760018256981895,0.7404466572412852,0.09919863633994475
0.11520291831487092,0.09051756012004418,0.7363603041008363,0.05791921746424844

0.10149333715403952,0.07174551776817634,0.4486341297275718,0.3781270153502124
0.08673822423467716,0.09210768009735601,0.4955480036047957,0.3256060920631712
0.00019878073817940583,0.9209064563242364,0.05163995705416257,0.02725480588342176
0.8106545887316692,0.00011329402174076547,0.16576844437418778,0.023463672872402416

Transition Gammas
1.0,1.0,3299.830674495226,9527.169325504781
4835.255005591955,2119.744994408042,1.0,1.0
234.81789869746305,211.57059314591328,2061.2233591275335,276.1448706910184
39.99857494095188,31.4277924977387,255.66507548548313,20.109613490285877

59.32578658516596,41.93732706903761,262.2396048978498,221.02616037450528
86.92773487697421,92.30892223448478,496.6307052773372,326.3174949099228
1.1951985600975406,5537.086141565036,310.49287209573447,163.87354753760795
8117.797590956483,1.1345127129865444,1659.9852725225376,234.96239923416627

Iteration: ,45000
Error:,0.05580237081751816
Absolute Error:,0.17608534887435112
Transition Probabilities
7.301935012778388e-05,7.301935012778388e-05,0.2576167692902219,0.7422371920095225
0.6963037314939114,0.3034259251700518,0.0001351716680183834,0.0001351716680183834
0.08549997320884271,0.07434232836378574,0.737492652661611,0.10266504576576045
0.11520291831487092,0.09051756012004418,0.7363603041008363,0.05791921746424844

0.10149333715403952,0.07174551776817634,0.4486341297275718,0.3781270153502124
0.08673822423467716,0.09210768009735601,0.4955480036047957,0.3256060920631712
0.00018841168716801561,0.9215798864181459,0.05074054383461775,0.0274911580600685
0.8090706389016364,0.0001061427393372338,0.16852461052841905,0.0222986078306073

Transition Gammas
1.0,1.0,3528.0616554295884,10164.93834457041
5151.255005591955,2244.744994408042,1.0,1.0
249.9733182093554,217.3520973990553,2156.181793069568,300.15824790373455
39.99857494095188,31.4277924977387,255.66507548548313,20.109613490285877

59.32578658516596,41.93732706903761,262.2396048978498,221.02616037450528
86.92773487697421,92.30892223448478,496.6307052773372,326.3174949099228
1.1951985600975406,5846.086141565036,321.875069647995,174.3914776343321
8647.797590956483,1.1345127129865444,1801.284895127337,238.33993944087885

Iteration: ,47500
Error:,0.05671672679403818
Absolute Error:,0.17712575645421275
Transition Probabilities
6.86907542244814e-05,6.86907542244814e-05,0.25890982922413414,0.7409527892674169
0.6952426636503567,0.30450323903037013,0.0001270486596366409,0.0001270486596366409
0.08614284105655816,0.073628223291601,0.734335924714721,0.10589301093711992
0.11520291831487092,0.09051756012004418,0.7363603041008363,0.05791921746424844

0.10149333715403952,0.07174551776817634,0.4486341297275718,0.3781270153502124
0.08673822423467716,0.09210768009735601,0.4955480036047957,0.3256060920631712
0.0001790362527294575,0.9226079580732973,0.049541175942915745,0.027671829731057532
0.8083534301172975,9.996811396388531e-05,0.17029580148319393,0.021250800285544713

Transition Gammas
1.0,1.0,3769.209293844944,10786.790706155054
5472.255005591955,2396.744994408042,1.0,1.0
263.03078649458547,224.8183278268412,2242.2403702952492,323.3364677719774
39.99857494095188,31.4277924977387,255.66507548548313,20.109613490285877

59.32578658516596,41.93732706903761,262.2396048978498,221.02616037450528
86.92773487697421,92.30892223448478,496.6307052773372,326.3174949099228
1.1951985600975406,6159.086141565036,330.72375705934064,184.729799387622
9173.797590956483,1.1345127129865444,1932.643760996763,241.169930381985

Iteration: ,50000
Error:,0.0569466579802012
Absolute Error:,0.17817032197705107
Transition Probabilities
6.486346241162355e-05,6.486346241162355e-05,0.25948354771898874,0.740386725356188
0.6947219559923081,0.3050378326216723,0.00012010569300984871,0.00012010569300984871
0.08639693429874068,0.07394889833970576,0.7280243120810979,0.11162985528045577
0.11520291831487092,0.09051756012004418,0.7363603041008363,0.05791921746424844

0.10149333715403952,0.07174551776817634,0.4486341297275718,0.3781270153502124
0.08673822423467716,0.09210768009735601,0.4955480036047957,0.3256060920631712
0.0001708532478216894,0.9228954270267578,0.04913194403951398,0.027801775685906555
0.8072460551725195,9.435916044187851e-05,0.1723729819855431,0.02028660368149565

Transition Gammas
1.0,1.0,4000.4578551836485,11414.542144816347
5784.255005591955,2539.744994408042,1.0,1.0
276.18479597727077,236.3922003305766,2327.2729261823088,356.8467915655466
39.99857494095188,31.4277924977387,255.66507548548313,20.109613490285877

59.32578658516596,41.93732706903761,262.2396048978498,221.02616037450528
86.92773487697421,92.30892223448478,496.6307052773372,326.3174949099228
1.1951985600975406,6456.086141565036,343.7009803413604,194.48645367648686
9705.797590956483,1.1345127129865444,2072.4997819205482,243.91282915401757

Iteration: ,52500
Error:,0.05694216390562739
Absolute Error:,0.17936798940330373
Transition Probabilities
6.146281499692688e-05,6.146281499692688e-05,0.25996330898258513,0.739913765387421
0.6931500859115358,0.30662251215554787,0.00011370096645821494,0.00011370096645821494
0.08708176210266813,0.07448642583133579,0.7215827230062746,0.11684908905972152
0.11520291831487092,0.09051756012004418,0.7363603041008363,0.05791921746424844

0.10149333715403952,0.07174551776817634,0.4486341297275718,0.3781270153502124
0.08673822423467716,0.09210768009735601,0.4955480036047957,0.3256060920631712
0.00016347016681996196,0.9236357497126819,0.04828318553980275,0.02791759458069545
0.8056780670774583,8.936938784181806e-05,0.1748134844240362,0.019419079110663786

Transition Gammas
1.0,1.0,4229.603037146658,12038.396962853334
6096.255005591955,2696.744994408042,1.0,1.0
291.10400449147096,248.99928890040718,2412.1654772136317,390.6126486779401
39.99857494095188,31.4277924977387,255.66507548548313,20.109613490285877

59.32578658516596,41.93732706903761,262.2396048978498,221.02616037450528
86.92773487697421,92.30892223448478,496.6307052773372,326.3174949099228
1.1951985600975406,6753.086141565036,353.01850457919574,204.11717620000326
10227.797590956483,1.1345127129865444,2219.195244255012,246.5183286757458

Iteration: ,55000
Error:,0.05687988797161047
Absolute Error:,0.1805192751532075
Transition Probabilities
5.8305638155209636e-05,5.8305638155209636e-05,0.26114981630156203,0.7387335724221276
0.6910993105016128,0.30868503282381315,0.00010782833728703908,0.00010782833728703908
0.08706766736019612,0.07514798768369053,0.7169060755155808,0.12087826944053259
0.11520291831487092,0.09051756012004418,0.7363603041008363,0.05791921746424844

0.10149333715403952,0.07174551776817634,0.4486341297275718,0.3781270153502124
0.08673822423467716,0.09210768009735601,0.4955480036047957,0.3256060920631712
0.00015668206367417338,0.9247407174801124,0.047105304126440165,0.027997296329773273
0.806658274009437,8.486472962613516e-05,0.17467448209827596,0.018582379162661047

Transition Gammas
1.0,1.0,4478.980499388089,12670.019500611905
6409.255005591955,2862.744994408042,1.0,1.0
301.1043773954623,259.882786918027,2479.2619816736637,418.0309081895968
39.99857494095188,31.4277924977387,255.66507548548313,20.109613490285877

59.32578658516596,41.93732706903761,262.2396048978498,221.02616037450528
86.92773487697421,92.30892223448478,496.6307052773372,326.3174949099228
1.1951985600975406,7054.086141565036,359.32761124436377,213.56834008489588
10783.797590956483,1.1345127129865444,2335.1328808547287,248.4182238068754

Iteration: ,57500
Error:,0.056173887236988775
Absolute Error:,0.18110189271680138
Transition Probabilities
5.5555555555555545e-05,5.5555555555555545e-05,0.26127205831081396,0.7386168305780749
0.6897805986632368,0.3100138726141243,0.00010276436131949443,0.00010276436131949443
0.08578657058658647,0.07604358238601198,0.7126807200963474,0.12548912693105416
0.11520291831487092,0.09051756012004418,0.7363603041008363,0.05791921746424844

0.10149333715403952,0.07174551776817634,0.4486341297275718,0.3781270153502124
0.08673822423467716,0.09210768009735601,0.4955480036047957,0.3256060920631712
0.00015045599582054505,0.9238711881913699,0.046833913971588925,0.029144441841220697
0.8056422876775822,8.074450184692296e-05,0.1764400957111493,0.01783687210942163

Transition Gammas
1.0,1.0,4702.897049594652,13295.102950405351
6712.255005591955,3016.744994408042,1.0,1.0
309.343315508057,274.210447364324,2569.901271793526,452.509318412286
39.99857494095188,31.4277924977387,255.66507548548313,20.109613490285877

59.32578658516596,41.93732706903761,262.2396048978498,221.02616037450528
86.92773487697421,92.30892223448478,496.6307052773372,326.3174949099228
1.1951985600975406,7339.086141565036,372.0411821230428,231.5188220549262
11319.797590956483,1.1345127129865444,2479.09798297294,250.61964226887022

Iteration: ,60000
Error:,0.05644631360508674
Absolute Error:,0.18164448445948111
Transition Probabilities
5.301383661135555e-05,5.301383661135555e-05,0.2615516609617054,0.7383423113650719
0.6893520703935606,0.310451735766926,9.809691975671967e-05,9.809691975671967e-05
0.08600086950134503,0.07667946407710637,0.709508847119942,0.12781081930160662
0.11520291831487092,0.09051756012004418,0.7363603041008363,0.05791921746424844

0.10149333715403952,0.07174551776817634,0.4486341297275718,0.3781270153502124
0.08673822423467716,0.09210768009735601,0.4955480036047957,0.3256060920631712
0.00014459128168992376,0.9242730742079865,0.046545919985030174,0.029036414525293323
0.8051711714056827,7.706846616422312e-05,0.1775966028188657,0.017155157309287267

Transition Gammas
1.0,1.0,4933.64898072065,13927.351019279353
7027.255005591955,3164.744994408042,1.0,1.0
321.9186798300507,287.026770646683,2655.8353737228294,478.42179336252957
39.99857494095188,31.4277924977387,255.66507548548313,20.109613490285877

59.32578658516596,41.93732706903761,262.2396048978498,221.02616037450528
86.92773487697421,92.30892223448478,496.6307052773372,326.3174949099228
1.1951985600975406,7640.086141565036,384.75083624907273,240.01641333707298
11852.797590956483,1.1345127129865444,2614.3715284521795,252.53836010175425

Iteration: ,62500
Error:,0.055095614115527485
Absolute Error:,0.18239894636311502
Transition Probabilities
5.073051948051949e-05,5.073051948051949e-05,0.2624160294164791,0.7374825095445597
0.687880816926501,0.3119319346885164,9.36241924913398e-05,9.36241924913398e-05
0.08635108082305148,0.07765644225044059,0.7055429028345358,0.13044957409197214
0.11520291831487092,0.09051756012004418,0.7363603041008363,0.05791921746424844

0.10149333715403952,0.07174551776817634,0.4486341297275718,0.3781270153502124
0.08673822423467716,0.09210768009735601,0.4955480036047957,0.3256060920631712
0.00013908901035035155,0.9243618821526279,0.04636647287527218,0.02913255596174972
0.8043806504865123,7.379872324003867e-05,0.17900047753402987,0.016545073256217773

Transition Gammas
1.0,1.0,5172.744771857636,14537.25522814236
7347.255005591955,3331.744994408042,1.0,1.0
335.27267386699475,301.5142692846611,2739.389632492812,506.4925313471089
39.99857494095188,31.4277924977387,255.66507548548313,20.109613490285877

59.32578658516596,41.93732706903761,262.2396048978498,221.02616037450528
86.92773487697421,92.30892223448478,496.6307052773372,326.3174949099228
1.1951985600975406,7943.086141565036,398.4293329698489,250.33745548795096
12365.797590956483,1.1345127129865444,2751.7863247103082,254.3485188140622

Iteration: ,65000
Error:,0.05665538871204267
Absolute Error:,0.18335356618213092
Transition Probabilities
4.856019035594621e-05,4.856019035594621e-05,0.2638278228311435,0.7360750567881446
0.6878198695949034,0.31200080645638334,8.966197435667536e-05,8.966197435667536e-05
0.08649709944173983,0.07747100608221674,0.7013820313439927,0.1346498631320507
0.11520291831487092,0.09051756012004418,0.7363603041008363,0.05791921746424844

0.10149333715403952,0.07174551776817634,0.4486341297275718,0.3781270153502124
0.08673822423467716,0.09210768009735601,0.4955480036047957,0.3256060920631712
0.00013399149944742398,0.9255745435177861,0.04526182842743515,0.029029636555331258
0.8048511908622193,7.073030399293001e-05,0.17912726150399363,0.015950817329794142

Transition Gammas
1.0,1.0,5433.006355561736,15157.993644438255
7671.255005591955,3479.744994408042,1.0,1.0
346.2755787193881,310.14123754706617,2807.856799528952,539.046506547219
39.99857494095188,31.4277924977387,255.66507548548313,20.109613490285877

59.32578658516596,41.93732706903761,262.2396048978498,221.02616037450528
86.92773487697421,92.30892223448478,496.6307052773372,326.3174949099228
1.1951985600975406,8256.086141565036,403.73361285563584,258.94314157370144
12909.797590956483,1.1345127129865444,2873.1978225211574,255.8508025780068

Iteration: ,67500
Error:,0.05642498007752173
Absolute Error:,0.18398378672482335
Transition Probabilities
4.6585297680052194e-05,4.6585297680052194e-05,0.26497282224525437,0.7349340071593854
0.6880866539533566,0.31174124381791957,8.605111436193101e-05,8.605111436193101e-05
0.0867236910735894,0.07698024402041852,0.6989644700058582,0.13733159490013402
0.11520291831487092,0.09051756012004418,0.7363603041008363,0.05791921746424844

0.10149333715403952,0.07174551776817634,0.4486341297275718,0.3781270153502124
0.08673822423467716,0.09210768009735601,0.4955480036047957,0.3256060920631712
0.00012914977323729096,0.9262753640393437,0.04446691626276989,0.029128569924649177
0.8049948115414427,6.792789860936852e-05,0.17953082446917212,0.015406436090775969

Transition Gammas
1.0,1.0,5687.906602316629,15776.093397683362
7996.255005591955,3622.744994408042,1.0,1.0
358.1613959077502,317.9217963898315,2886.663230867228,567.1676922737541
39.99857494095188,31.4277924977387,255.66507548548313,20.109613490285877

59.32578658516596,41.93732706903761,262.2396048978498,221.02616037450528
86.92773487697421,92.30892223448478,496.6307052773372,326.3174949099228
1.1951985600975406,8572.086141565036,411.51287344184647,269.5662869471368
13444.797590956483,1.1345127129865444,2998.473482957712,257.31397503277697

Iteration: ,70000
Error:,0.056362383617015586
Absolute Error:,0.1844484479225024
Transition Probabilities
4.47647611799991e-05,4.47647611799991e-05,0.265104358748901,0.734806111728739
0.6880542447695203,0.31178012376050046,8.281573498964805e-05,8.281573498964805e-05
0.08694459948264445,0.07797289221025662,0.6953248931750811,0.139757615132018
0.11520291831487092,0.09051756012004418,0.7363603041008363,0.05791921746424844

0.10149333715403952,0.07174551776817634,0.4486341297275718,0.3781270153502124
0.08673822423467716,0.09210768009735601,0.4955480036047957,0.3256060920631712
0.00012490414549940813,0.9266542435354325,0.044011534435531435,0.029209317883536656
0.8047673616687707,6.526318889703375e-05,0.18027933934002127,0.014888035802310857

Transition Gammas
1.0,1.0,5922.1662700916995,16414.833729908303
8308.255005591955,3764.744994408042,1.0,1.0
370.9392596821115,332.66248949158955,2966.5246909831762,596.2599931506575
39.99857494095188,31.4277924977387,255.66507548548313,20.109613490285877

59.32578658516596,41.93732706903761,262.2396048978498,221.02616037450528
86.92773487697421,92.30892223448478,496.6307052773372,326.3174949099228
1.1951985600975406,8867.086141565036,421.14312839424343,279.50180945755545
13989.797590956483,1.1345127129865444,3133.9137088865937,258.8084672933931

Iteration: ,72500
Error:,0.05724863835623686
Absolute Error:,0.18511975809199482
Transition Probabilities
4.3129474682998366e-05,4.3129474682998366e-05,0.26651989611421495,0.733393844936419
0.6872918326388016,0.3125492606394441,7.945336087716513e-05,7.945336087716513e-05
