0,1,2,3,4,5,6,7,8,9,10,11,12,13,14,15,16,17,18,19,20,21,22,23,24,25,26,27,28,29
github Code Version (SHA):,3130f818d955eaa9876b4af7408e9fb46046852d
Environment Observations,Environment Actions,alpha,epsilon,numActions,explore,patience,gainThresh,insertRandActions,useBudd,revisedSplitting,haveControl,confidence_factor
"['diamond', 'square']","['x', 'y']",0.75,0.99,75000,0.5,0,0.01,False,True,False,True,250

Model Num 0
Model States: 
['diamond'],['square']
Iteration: ,0
Error:,0.4036587703856277
Absolute Error:,1
Transition Probabilities
0.5,0.5
0.5,0.5

0.5,0.5
0.5,0.5

Transition Gammas
1.0,1.0
1.0,1.0

1.0,1.0
1.0,1.0

Iteration: ,2446
Error:,0.04724834359529124
Absolute Error:,1
Transition Probabilities
0.4841549295774648,0.5158450704225352
0.16119402985074627,0.8388059701492537

0.168,0.832
0.8403361344537815,0.15966386554621848


Model Num 1
Model States: 
['square'],"['diamond', 'x', 'square']","['diamond', 'x', 'diamond']"
Iteration: ,0
Error:,0.47535706273776357
Absolute Error:,1
Transition Probabilities
0.3333333333333333,0.3333333333333333,0.3333333333333333
0.3333333333333333,0.3333333333333333,0.3333333333333333
0.3333333333333333,0.3333333333333333,0.3333333333333333

0.3333333333333333,0.3333333333333333,0.3333333333333333
0.3333333333333333,0.3333333333333333,0.3333333333333333
0.3333333333333333,0.3333333333333333,0.3333333333333333

Transition Gammas
1.0,1.0,1.0
1.0,1.0,1.0
1.0,1.0,1.0

1.0,1.0,1.0
1.0,1.0,1.0
1.0,1.0,1.0

Iteration: ,2500
Error:,0.04608027736741029
Absolute Error:,1
Transition Probabilities
0.8216340621403913,0.0842885885884433,0.09407734927116543
0.9958762886597938,0.002061855670103093,0.002061855670103093
0.0024271844660194173,0.7197421291428814,0.2778306863910992

0.1794425087108014,0.30068266160124424,0.5198748296879543
0.799995875665251,0.15388269350401737,0.046121430830731634
0.8292885738401545,0.06169626530835109,0.10901516085149428

Transition Gammas
714.0,73.24678348335723,81.75321651664275
483.0,1.0,1.0
1.0,296.5337572068671,114.46624279313288

103.0,172.5918477591142,298.4081522408858
38.080732065579475,7.3249947894834,2.195433630811826
62.69225938916444,4.664092078518602,8.241288927695628

Iteration: ,3011
Error:,0.03929025849416049
Absolute Error:,1
Transition Probabilities
0.8229056203605515,0.08212164801791666,0.0949727316215319
0.9967105263157895,0.001644736842105263,0.001644736842105263
0.0019960079840319364,0.7199934240642897,0.2780105679516784

0.17264276228419656,0.34169716763770286,0.4856600700781005
0.8152384116964972,0.13773039649870322,0.04703119180479963
0.8369285299163918,0.055559655994494854,0.1075118140891133


Model Num 2
Model States: 
"['diamond', 'x', 'square']","['diamond', 'x', 'diamond']","['square', 'y', 'diamond', 'x', 'diamond']","['square', 'y', 'diamond', 'x', 'square']"
Iteration: ,0
Error:,0.40285234863889635
Absolute Error:,0.5
Transition Probabilities
0.25,0.25,0.25,0.25
0.25,0.25,0.25,0.25
0.25,0.25,0.25,0.25
0.25,0.25,0.25,0.25

0.25,0.25,0.25,0.25
0.25,0.25,0.25,0.25
0.25,0.25,0.25,0.25
0.25,0.25,0.25,0.25

Transition Gammas
1.0,1.0,1.0,1.0
1.0,1.0,1.0,1.0
1.0,1.0,1.0,1.0
1.0,1.0,1.0,1.0

1.0,1.0,1.0,1.0
1.0,1.0,1.0,1.0
1.0,1.0,1.0,1.0
1.0,1.0,1.0,1.0

Iteration: ,2500
Error:,0.0598008645350983
Absolute Error:,0.15727197342100716
Transition Probabilities
0.0018761726078799245,0.0018761726078799245,0.06515810257807703,0.9310895522061632
0.7653261248256988,0.22996799282136,0.002352941176470588,0.002352941176470588
0.12396668499893725,0.13643309633681172,0.607918633976731,0.13168158468752003
0.10078753953337474,0.0673233995223182,0.6559991273721827,0.17588993357212424

0.11165015549373196,0.030922586682959746,0.2301467962602585,0.6272804615630498
0.11111220595546673,0.1528057913431776,0.47025068744191273,0.26583131525944304
0.0029776539506386115,0.8283533552801849,0.06887249111200792,0.09979649965716851
0.8593016111695737,0.0034458262667636636,0.04988368126326681,0.08736888130039566

Transition Gammas
1.0,1.0,34.72926867411506,496.2707313258851
325.26360305092203,97.73639694907801,1.0,1.0
10.985131095385945,12.089824367104317,53.8698432536095,11.66877593486488
41.42332551577009,27.669681253779974,269.6133422544835,72.29014625257932

15.248675269854532,4.223267587467471,31.432412655861217,85.67113963434116
3.247615134439562,4.466245596771014,13.74460381183554,7.7697836634667805
1.1027333342237298,306.7693131996167,25.50598324024532,36.95826601583598
272.24313683832617,1.091703471365323,15.804101479189514,27.68012767356638

Iteration: ,5000
Error:,0.06361009940395346
Absolute Error:,0.15084598183946613
Transition Probabilities
0.000987166831194471,0.000987166831194471,0.06265712279436533,0.9353685435432457
0.7501853707863665,0.24758993510907282,0.0011123470522803119,0.0011123470522803119
0.09901614969329495,0.1407251039681314,0.6162501211279612,0.14400862521061247
0.09230321420468007,0.08391537288223594,0.6670878694909465,0.15669354342213757

0.09370286343628592,0.0427883840571656,0.2111155260286351,0.6523932264779133
0.13320805432151345,0.13590997989379128,0.4710668134712631,0.25981515231343216
0.0015630300489149305,0.8501377511118232,0.05856770402024956,0.08973151481901237
0.8666744873047914,0.0019090700434490693,0.04823136821824016,0.08318507443351932

Transition Gammas
1.0,1.0,63.47166539069214,947.5283346093088
674.4166483369432,222.5833516630564,1.0,1.0
23.34173635985593,33.17406590957225,145.27274493760905,33.948112238493174
75.28753110071247,68.44595066526828,544.1132159259213,127.80779223478952

28.089769182161348,12.826884769222737,63.287141709892545,195.57113278860183
6.919601260908599,7.059954993211371,24.469950657792282,13.496310449906726
1.1150920302251384,606.5026270713182,41.783189022439295,64.01597787846201
513.4906658354438,1.1310932329226564,28.57630834104476,49.28581593681653

Iteration: ,7500
Error:,0.05019078110175909
Absolute Error:,0.13274857431651904
Transition Probabilities
0.0006756756756756748,0.0006756756756756748,0.07633746400655125,0.9223111846420974
0.7334832826544216,0.26500614332745154,0.000755287009063444,0.000755287009063444
0.08485756166161783,0.12603505758435354,0.6547681592918306,0.13433922146219796
0.08889540238548871,0.0828921284732378,0.6815018987170492,0.14671057042422408

0.0950777443976916,0.05459741829814984,0.18708447868694214,0.6632403586172164
0.12383119870781639,0.12196905675771766,0.5412857175463129,0.21291402698815293
0.0010806417172107058,0.855031998830113,0.05441135871405892,0.08947600073861736
0.8442456366233023,0.001197675191790691,0.05702004353720612,0.09753664464770093

Transition Gammas
1.0,1.0,112.979446729696,1365.0205532703058
971.1318662344544,350.8681337655459,1.0,1.0
35.24973398663448,52.35481866135347,271.9899439249962,55.80435883129963
99.0972244496058,92.40500228343556,759.7124801475713,163.54738193785732

45.22799680920816,25.97171268862871,88.9951298141106,315.500046970044
12.288812451261112,12.104016427147808,53.716339136536746,21.129251539216536
1.13006806701002,894.1394199029049,56.900023371387405,93.56845066047087
814.1471536827407,1.154976473829143,54.98720293581555,94.05933317855283

Iteration: ,10000
Error:,0.05081480765026296
Absolute Error:,0.12686643751590498
Transition Probabilities
0.0005173305742369364,0.0005173305742369364,0.06853923023039069,0.9304261086211355
0.7385780165649616,0.2602135242205369,0.0006042296072507554,0.0006042296072507554
0.08194992774395755,0.11940068143801863,0.6711257336107512,0.12752365720727266
0.08786591294627621,0.08516940604524406,0.6953906969396619,0.13157398406881762

0.09524233850491935,0.06199203831551897,0.19539286077740645,0.6473727624021552
0.12246945288098933,0.09224587502371014,0.5817305476812623,0.2035541244140382
0.0008557462720253239,0.8655074164988269,0.04804500599188585,0.08559183123726186
0.8418750477994109,0.0007796100794416159,0.05313273034443907,0.1042126117767084

Transition Gammas
1.0,1.0,132.48633203534544,1798.5136679646582
1222.3466174150112,430.6533825849885,1.0,1.0
45.38874341849961,66.13119795195708,371.7093420702465,70.630184993621
114.05904603698089,110.55870108578333,902.6890731155893,170.79664460266977

73.58050564623703,47.89262419319098,150.9528821042521,500.13487643094254
19.766852091337075,14.88869693409635,93.8926517798871,32.85410504596528
1.1428332086684483,1155.8690353189436,64.16321070058588,114.30629653481401
1278.54040139728,1.1839797206344358,80.69171613944596,158.2658077821996

Iteration: ,12500
Error:,0.04458989052234975
Absolute Error:,0.12445280815421798
Transition Probabilities
0.000421762969211303,0.000421762969211303,0.06386252678603226,0.9352939472755452
0.7459008084928169,0.2530956792141575,0.0005017561465127949,0.0005017561465127949
0.0826338516111827,0.10911260396446992,0.6816012265571072,0.12665231786724016
0.08970429585101818,0.08442587157081212,0.709300972799142,0.11656885977902774

0.09525332915068994,0.06641924142537838,0.20243476886951553,0.6358926605544162
0.11285301088334208,0.08757386144977629,0.579628557912081,0.21994456975480056
0.000701834214683486,0.8660499259300544,0.04577444930511342,0.08747379055014882
0.8326148454771237,0.0006015705578966508,0.05687946298562463,0.10990412097935506

Transition Gammas
1.0,1.0,151.41805100968256,2217.581948990319
1486.5803113261838,504.41968867381576,1.0,1.0
62.50713277336748,82.5365862812088,515.5869844644828,95.80423875474992
137.52011229705627,129.42808623655398,1087.3854870200412,178.70451504101237

98.01077466707082,68.34198198576436,208.29496137675872,654.3008293961724
24.143951419212943,18.735690256611324,124.00664930317276,47.05528869379452
1.1509676767330792,1420.271982083555,75.06745961965164,143.45197680330438
1661.2911324234533,1.2002954773020484,113.48986627890058,219.28835714569718

Iteration: ,15000
Error:,0.04051592634095739
Absolute Error:,0.12316299338012471
Transition Probabilities
0.000357270453733476,0.000357270453733476,0.06148591021025442,0.9377995488822786
0.7512747535394103,0.24786798113697198,0.0004286326618088298,0.0004286326618088298
0.0778300664903686,0.09984773996301026,0.6751710294511879,0.1471511640954332
0.09312451191618626,0.08074966356276579,0.7284147368712314,0.09771108764981658

0.0922099180340556,0.06364791721682628,0.19784917601440588,0.6462929887347123
0.10566746829869979,0.08451217539079844,0.5783061030617433,0.2315142532487584
0.0005757095409259608,0.8647922206639793,0.04427620169951407,0.09035586809558073
0.8351801541018111,0.000533512847201407,0.055840407041186306,0.10844592600980102

Transition Gammas
1.0,1.0,172.09906267850224,2624.9009373214994
1752.7240000074444,578.2759999925556,1.0,1.0
78.47667860029979,100.67727488082166,680.7803496484394,148.3736958108128
179.34761186458334,155.5150091082883,1402.8470143543095,188.18085445062766

107.68046637366547,74.32646678081933,231.04338447636766,754.7250005718619
32.84545994013358,26.26959191834985,179.75948744750022,71.9634174366379
1.1622171681830564,1745.804601657774,89.38285385082564,182.40646312351603
1892.2361958856332,1.2087599489599918,126.51550551982946,245.7018470616886

Iteration: ,17500
Error:,0.04304233311906337
Absolute Error:,0.12197202618463211
Transition Probabilities
0.00031113876789047915,0.00031113876789047915,0.057144220939412335,0.9422335015248067
0.750129898988256,0.24912743484018812,0.0003713330857779428,0.0003713330857779428
0.08030632160154495,0.09861431083593916,0.6809198024650446,0.1401595650974713
0.09544997752084693,0.08248426910866598,0.7372517508694655,0.08481400250102165

0.09357351498008837,0.06305418154471372,0.19842075613776528,0.6449515473374325
0.10954616097868936,0.08631476973848418,0.5717617554095963,0.2323773138732302
0.00046365911003975633,0.8669211259331155,0.048237645690566607,0.08437756926627796
0.8373270645488832,0.0004897153313205015,0.05579397740780351,0.10638924271199292

Transition Gammas
1.0,1.0,183.66152609927124,3028.338473900729
2020.0998179753735,670.9001820246266,1.0,1.0
86.13083723670448,105.76668170612182,730.3060519738391,150.32516055803683
220.57774852673543,190.61496756129839,1703.7335736266962,195.99880692617546

120.5439321480957,81.22810159901617,255.61098319042793,830.8440222385177
59.77515236978047,47.09867024809853,311.9885329023118,126.79941697596153
1.1834844177709305,2212.8059640417714,123.12602252082486,215.37275182076093
2076.9330835531055,1.214705717998849,138.39318284034343,263.8913123413072

Iteration: ,20000
Error:,0.042798546643412164
Absolute Error:,0.11918924685945723
Transition Probabilities
0.00027647221454243855,0.00027647221454243855,0.054452950967950324,0.9449941046029648
0.7508112949041862,0.2485297265126177,0.00032948929159802294,0.00032948929159802294
0.07990630985411537,0.09606679654325452,0.690357011447805,0.13366988215482498
0.0942055377706655,0.0807514866779919,0.7496842580490687,0.07535871750227392

0.09397408387808127,0.06487115731553413,0.19453263025098783,0.6466221285553968
0.10722626984599831,0.09146345254825419,0.5819890742039076,0.21932120340184
0.0003875615828562004,0.8660175446889616,0.048968196395268046,0.084626697332914
0.8390549235292415,0.0004483231327292725,0.05481025976049729,0.105686493577532

Transition Gammas
1.0,1.0,196.95632365107627,3418.043676348923
2278.712280034206,754.287719965795,1.0,1.0
91.11709910307832,109.54488872190318,787.2135297379765,152.42365617476585
252.15398313223946,216.1423785857954,2006.6322663408637,201.70789564615785

132.92236859430233,91.75750938973087,275.1581810085839,914.619662848558
84.92394659432671,72.43968638185873,460.93936800337946,173.7039084867171
1.1996016320038365,2680.544475787981,151.56901744268987,261.94114360742867
2280.9544241862936,1.2187576812762184,149.00062080042045,287.30666889890034

Iteration: ,22146
Error:,0.0407677078211791
Absolute Error:,0.11810080843098003
Transition Probabilities
0.0002519526329050137,0.0002519526329050137,0.053918912759683774,0.9455771819745062
0.7559335855837531,0.24346163667206788,0.00030238887208950706,0.00030238887208950706
0.07803968342684338,0.09646254288055386,0.6972118275589282,0.1282859461336746
0.09483674675193819,0.08140967968969215,0.7551757623779021,0.06857781118046756

0.09226864074757322,0.06608087169253676,0.19135305486166482,0.6502974326982252
0.1005141226358676,0.09175207405646212,0.5862744063224113,0.22145939698525893
0.0003394439082297671,0.8616765841430146,0.05077531204873867,0.08720865990001704
0.8400546945331381,0.00041795949424831564,0.05407484209549897,0.10545250387711459

*,*,*,*,*,*,*,*,*,*,*
Model Num 2
Model States: 
"['diamond', 'x', 'square']","['diamond', 'x', 'diamond']","['square', 'y', 'diamond', 'x', 'diamond']","['square', 'y', 'diamond', 'x', 'square']"
Iteration: ,22146
Error:,0.041531630972832134
Absolute Error:,0.11810080843098003
Transition Probabilities
0.0002519526329050137,0.0002519526329050137,0.053918912759683774,0.9455771819745062
0.7559335855837531,0.24346163667206788,0.00030238887208950706,0.00030238887208950706
0.07803968342684338,0.09646254288055386,0.6972118275589282,0.1282859461336746
0.09483674675193819,0.08140967968969215,0.7551757623779021,0.06857781118046756

0.09226864074757322,0.06608087169253676,0.19135305486166482,0.6502974326982252
0.1005141226358676,0.09175207405646212,0.5862744063224113,0.22145939698525893
0.0003394439082297671,0.8616765841430146,0.05077531204873867,0.08720865990001704
0.8400546945331381,0.00041795949424831564,0.05407484209549897,0.10545250387711459

Transition Gammas
1.0,1.0,214.00416474318502,3752.9958352568174
2499.872367525472,805.1276324745286,1.0,1.0
93.74288179194916,115.87280159945102,837.5052673820045,154.09973177621654
285.14331357646057,244.77248133190196,2270.568388225148,206.19121793546475

139.69760218929724,100.04850240810325,289.7144980048348,984.5706116591653
100.5220175069881,91.75928071340464,586.3204551835842,221.47679149014812
1.2103585234633454,3072.4887759079224,181.05003574877122,310.9607869537995
2456.8243325638127,1.2223645224267239,158.14730719837328,308.4064396533825

