0,1,2,3,4,5,6,7,8,9,10,11,12,13,14,15,16,17,18,19,20,21,22,23,24,25,26,27,28,29
github Code Version (SHA):,3130f818d955eaa9876b4af7408e9fb46046852d
Environment Observations,Environment Actions,alpha,epsilon,numActions,explore,patience,gainThresh,insertRandActions,useBudd,revisedSplitting,haveControl,confidence_factor
"['diamond', 'square']","['x', 'y']",0.75,0.99,75000,0.5,0,0.01,False,True,False,True,250

Model Num 0
Model States: 
['diamond'],['square']
Iteration: ,0
Error:,0.40341549175034525
Absolute Error:,1
Transition Probabilities
0.5,0.5
0.5,0.5

0.5,0.5
0.5,0.5

Transition Gammas
1.0,1.0
1.0,1.0

1.0,1.0
1.0,1.0

Iteration: ,1845
Error:,0.06460700692257705
Absolute Error:,1
Transition Probabilities
0.469811320754717,0.530188679245283
0.16376306620209058,0.8362369337979094

0.17408906882591094,0.8259109311740891
0.784,0.216


Model Num 1
Model States: 
['square'],"['diamond', 'x', 'square']","['diamond', 'x', 'diamond']"
Iteration: ,0
Error:,0.47299723767789226
Absolute Error:,1
Transition Probabilities
0.3333333333333333,0.3333333333333333,0.3333333333333333
0.3333333333333333,0.3333333333333333,0.3333333333333333
0.3333333333333333,0.3333333333333333,0.3333333333333333

0.3333333333333333,0.3333333333333333,0.3333333333333333
0.3333333333333333,0.3333333333333333,0.3333333333333333
0.3333333333333333,0.3333333333333333,0.3333333333333333

Transition Gammas
1.0,1.0,1.0
1.0,1.0,1.0
1.0,1.0,1.0

1.0,1.0,1.0
1.0,1.0,1.0
1.0,1.0,1.0

Iteration: ,2500
Error:,0.04792937468581965
Absolute Error:,1
Transition Probabilities
0.8331360946745561,0.06538343038798375,0.10148047493746006
0.9958419958419958,0.002079002079002079,0.002079002079002079
0.0023419203747072604,0.7136334420475277,0.28402463757776497

0.1623931623931624,0.298184703432797,0.5394221341740405
0.7278870244130321,0.2249241858528826,0.04718878973408535
0.9285918537942423,0.026037106305627063,0.04537103990013066

Transition Gammas
704.0,55.248998677846274,85.75100132215375
479.0,1.0,1.0
1.0,304.72147975429425,121.27852024570561

95.0,174.43805150818625,315.56194849181367
29.65286132792965,9.163023200985625,1.9223898644793733
82.12560695874387,2.3027481342440983,4.012660863782736

Iteration: ,3078
Error:,0.04517043607915658
Absolute Error:,1
Transition Probabilities
0.8308977035490606,0.06650097765878883,0.10260131879215065
0.9968203497615262,0.001589825119236884,0.001589825119236884
0.0019531250000000004,0.7218189681448055,0.2762279068551945

0.16365979381443305,0.3433217516433406,0.4930184545422264
0.7335483060130858,0.20011250788570298,0.06633918610121123
0.9276745700777858,0.02736299787372833,0.0449624320484859


Model Num 2
Model States: 
"['diamond', 'x', 'square']","['diamond', 'x', 'diamond']","['square', 'y', 'diamond', 'x', 'diamond']","['square', 'y', 'diamond', 'x', 'square']"
Iteration: ,0
Error:,0.40334810610376925
Absolute Error:,0.5
Transition Probabilities
0.25,0.25,0.25,0.25
0.25,0.25,0.25,0.25
0.25,0.25,0.25,0.25
0.25,0.25,0.25,0.25

0.25,0.25,0.25,0.25
0.25,0.25,0.25,0.25
0.25,0.25,0.25,0.25
0.25,0.25,0.25,0.25

Transition Gammas
1.0,1.0,1.0,1.0
1.0,1.0,1.0,1.0
1.0,1.0,1.0,1.0
1.0,1.0,1.0,1.0

1.0,1.0,1.0,1.0
1.0,1.0,1.0,1.0
1.0,1.0,1.0,1.0
1.0,1.0,1.0,1.0

Iteration: ,2500
Error:,0.27991410984362114
Absolute Error:,0.3385161283028049
Transition Probabilities
0.0011614401858304293,0.0011614401858304293,0.29253759207300745,0.7051395275553317
0.7126948775055679,0.2828507795100223,0.0022271714922048997,0.0022271714922048997
0.25,0.25,0.25,0.25
0.25,0.25,0.25,0.25

0.25,0.25,0.25,0.25
0.25,0.25,0.25,0.25
0.0031622211697499296,0.9676396779434785,0.0145990504433858,0.0145990504433858
0.8298155784898209,0.0015656897707355113,0.08430936586972168,0.08430936586972168

Transition Gammas
1.0,1.0,251.8748667748595,607.1251332251409
320.0,127.0,1.0,1.0
1.0,1.0,1.0,1.0
1.0,1.0,1.0,1.0

1.0,1.0,1.0,1.0
1.0,1.0,1.0,1.0
1.0,306.0,4.616707579799139,4.616707579799139
530.0,1.0,53.848065846477255,53.848065846477255

Iteration: ,5000
Error:,0.2723573660957053
Absolute Error:,0.3461286966945385
Transition Probabilities
0.0005871990604815034,0.0005871990604815034,0.3019360096493048,0.6968895922297322
0.6804979253112033,0.31742738589211617,0.001037344398340249,0.001037344398340249
0.25,0.25,0.25,0.25
0.25,0.25,0.25,0.25

0.25,0.25,0.25,0.25
0.25,0.25,0.25,0.25
0.001584200037552138,0.9837882233198778,0.0073137883212850375,0.0073137883212850375
0.7981765153172433,0.000788711971657355,0.10051738635554974,0.10051738635554974

Transition Gammas
1.0,1.0,514.1970244327658,1186.8029755672335
656.0,306.0,1.0,1.0
1.0,1.0,1.0,1.0
1.0,1.0,1.0,1.0

1.0,1.0,1.0,1.0
1.0,1.0,1.0,1.0
1.0,621.0,4.616707579799139,4.616707579799139
1012.0,1.0,127.44498621509213,127.44498621509213

Iteration: ,7500
Error:,0.2743717076481234
Absolute Error:,0.3476212133866603
Transition Probabilities
0.0003913894324853232,0.0003913894324853232,0.29589628348113867,0.7033209376538908
0.668724279835391,0.3299039780521262,0.0006858710562414266,0.0006858710562414266
0.25,0.25,0.25,0.25
0.25,0.25,0.25,0.25

0.25,0.25,0.25,0.25
0.25,0.25,0.25,0.25
0.001072692722378762,0.9890226900332184,0.004952308622201404,0.004952308622201404
0.7949441328580097,0.0005199111398678938,0.10226797800106119,0.10226797800106119

Transition Gammas
1.0,1.0,756.0150042943087,1796.9849957056897
975.0,481.0,1.0,1.0
1.0,1.0,1.0,1.0
1.0,1.0,1.0,1.0

1.0,1.0,1.0,1.0
1.0,1.0,1.0,1.0
1.0,922.0,4.616707579799139,4.616707579799139
1529.0,1.0,196.7028019962158,196.7028019962158

Iteration: ,10000
Error:,0.26952170666596914
Absolute Error:,0.3477509213767931
Transition Probabilities
0.0002937720329024678,0.0002937720329024678,0.29165394466937206,0.707758511264823
0.6666666666666666,0.3323061119671289,0.0005136106831022085,0.0005136106831022085
0.25,0.25,0.25,0.25
0.25,0.25,0.25,0.25

0.25,0.25,0.25,0.25
0.25,0.25,0.25,0.25
0.0008043541846658187,0.9917687096929545,0.003713468061189842,0.003713468061189842
0.7908703188635696,0.00038806198177800274,0.10437080957732621,0.10437080957732621

Transition Gammas
1.0,1.0,992.7900276545421,2409.2099723454567
1298.0,647.0,1.0,1.0
1.0,1.0,1.0,1.0
1.0,1.0,1.0,1.0

1.0,1.0,1.0,1.0
1.0,1.0,1.0,1.0
1.0,1233.0,4.616707579799139,4.616707579799139
2038.0,1.0,268.9539673511054,268.9539673511054

Iteration: ,12500
Error:,0.2741175807673087
Absolute Error:,0.34811531538689683
Transition Probabilities
0.0002350728725905031,0.0002350728725905031,0.2902157990328108,0.7093140552220082
0.6642036124794746,0.33497536945812806,0.00041050903119868636,0.00041050903119868636
0.25,0.25,0.25,0.25
0.25,0.25,0.25,0.25

0.25,0.25,0.25,0.25
0.25,0.25,0.25,0.25
0.000647570496910047,0.9933731422600122,0.002989643621538909,0.002989643621538909
0.7877923395190183,0.0003084543224428419,0.10594960307926939,0.10594960307926939

Transition Gammas
1.0,1.0,1234.578009085577,3017.421990914422
1618.0,816.0,1.0,1.0
1.0,1.0,1.0,1.0
1.0,1.0,1.0,1.0

1.0,1.0,1.0,1.0
1.0,1.0,1.0,1.0
1.0,1534.0,4.616707579799139,4.616707579799139
2554.0,1.0,343.4855515727207,343.4855515727207

Iteration: ,15000
Error:,0.2740174791985688
Absolute Error:,0.3475844344121039
Transition Probabilities
0.00019527436047646934,0.00019527436047646934,0.287527686125594,0.7120817651534531
0.6670120898100173,0.3322970639032815,0.0003454231433506045,0.0003454231433506045
0.25,0.25,0.25,0.25
0.25,0.25,0.25,0.25

0.25,0.25,0.25,0.25
0.25,0.25,0.25,0.25
0.0005434093261007723,0.9944390667644133,0.002508761954742978,0.002508761954742978
0.7874652077282451,0.00025500816312443175,0.10613989205431523,0.10613989205431523

Transition Gammas
1.0,1.0,1472.4292806491676,3646.570719350835
1931.0,962.0,1.0,1.0
1.0,1.0,1.0,1.0
1.0,1.0,1.0,1.0

1.0,1.0,1.0,1.0
1.0,1.0,1.0,1.0
1.0,1830.0,4.616707579799139,4.616707579799139
3088.0,1.0,416.2215466119179,416.2215466119179

Iteration: ,17500
Error:,0.2764718939577516
Absolute Error:,0.34773164249810185
Transition Probabilities
0.00016750418760469002,0.00016750418760469002,0.28588212004537,0.7137828715794207
0.6650760512973457,0.33432746793915896,0.00029824038174768865,0.00029824038174768865
0.25,0.25,0.25,0.25
0.25,0.25,0.25,0.25

0.25,0.25,0.25,0.25
0.25,0.25,0.25,0.25
0.0004696525955680836,0.9951938500087691,0.002168248697831511,0.002168248697831511
0.7845442653434342,0.000216964675150286,0.10761938499070771,0.10761938499070771

Transition Gammas
1.0,1.0,1706.7162566708598,4261.283743329144
2230.0,1121.0,1.0,1.0
1.0,1.0,1.0,1.0
1.0,1.0,1.0,1.0

1.0,1.0,1.0,1.0
1.0,1.0,1.0,1.0
1.0,2119.0,4.616707579799139,4.616707579799139
3616.0,1.0,496.0226125112876,496.0226125112876

Iteration: ,20000
Error:,0.27184707430461574
Absolute Error:,0.34750733230875036
Transition Probabilities
0.00014656309541257495,0.00014656309541257495,0.28342928286963365,0.7162775909395411
0.6650918635170604,0.33438320209973754,0.00026246719160104987,0.00026246719160104987
0.25,0.25,0.25,0.25
0.25,0.25,0.25,0.25

0.25,0.25,0.25,0.25
0.25,0.25,0.25,0.25
0.00041352501116357385,0.9957682268818858,0.001909124053475395,0.001909124053475395
0.7826220387278644,0.000188720047920874,0.10859462061210728,0.10859462061210728

Transition Gammas
1.0,1.0,1933.8379970195124,4887.162002980494
2534.0,1274.0,1.0,1.0
1.0,1.0,1.0,1.0
1.0,1.0,1.0,1.0

1.0,1.0,1.0,1.0
1.0,1.0,1.0,1.0
1.0,2408.0,4.616707579799139,4.616707579799139
4147.0,1.0,575.4270508538581,575.4270508538581

Iteration: ,22500
Error:,0.2677576565551896
Absolute Error:,0.3478023999297156
Transition Probabilities
0.00013065064018813683,0.00013065064018813683,0.28124670427786863,0.718491994441755
0.661072261072261,0.3384615384615385,0.0002331002331002331,0.0002331002331002331
0.25,0.25,0.25,0.25
0.25,0.25,0.25,0.25

0.25,0.25,0.25,0.25
0.25,0.25,0.25,0.25
0.0003702012548741245,0.996211576866269,0.0017091109394285235,0.0017091109394285235
0.7790547888145214,0.00016728683461767692,0.11038896217543043,0.11038896217543043

Transition Gammas
1.0,1.0,2152.662274542808,5499.337725457197
2836.0,1452.0,1.0,1.0
1.0,1.0,1.0,1.0
1.0,1.0,1.0,1.0

1.0,1.0,1.0,1.0
1.0,1.0,1.0,1.0
1.0,2691.0,4.616707579799139,4.616707579799139
4657.0,1.0,659.8783605877722,659.8783605877722

Iteration: ,25000
Error:,0.27386376693343284
Absolute Error:,0.3475214652643981
Transition Probabilities
0.0001175364362952516,0.0001175364362952516,0.2807829413726956,0.7189819857547138
0.6632954066582385,0.336283185840708,0.00021070375052675939,0.00021070375052675939
0.25,0.25,0.25,0.25
0.25,0.25,0.25,0.25

0.25,0.25,0.25,0.25
0.25,0.25,0.25,0.25
0.0003333074003333187,0.9965891269966228,0.0015387828015219786,0.0015387828015219786
0.7777291870932849,0.00015019876150893877,0.11106030707260313,0.11106030707260313

Transition Gammas
1.0,1.0,2388.901265198893,6117.098734801101
3148.0,1596.0,1.0,1.0
1.0,1.0,1.0,1.0
1.0,1.0,1.0,1.0

1.0,1.0,1.0,1.0
1.0,1.0,1.0,1.0
1.0,2990.0,4.616707579799139,4.616707579799139
5178.0,1.0,739.4222559284792,739.4222559284792

Iteration: ,27500
Error:,0.2744763148010356
Absolute Error:,0.34774945755867914
Transition Probabilities
0.00010676916506512923,0.00010676916506512923,0.28261123974514796,0.7171752219247219
0.6636779855017169,0.33594048073254484,0.00019076688286913393,0.00019076688286913393
0.25,0.25,0.25,0.25
0.25,0.25,0.25,0.25

0.25,0.25,0.25,0.25
0.25,0.25,0.25,0.25
0.00030154692834004685,0.9969141450921948,0.0013921539897326421,0.0013921539897326421
0.7779791243168791,0.00013687176712119618,0.11094200195799991,0.11094200195799991

Transition Gammas
1.0,1.0,2646.9368714530547,6717.063128546943
3479.0,1761.0,1.0,1.0
1.0,1.0,1.0,1.0
1.0,1.0,1.0,1.0

1.0,1.0,1.0,1.0
1.0,1.0,1.0,1.0
1.0,3306.0,4.616707579799139,4.616707579799139
5684.0,1.0,810.5543187716999,810.5543187716999

Iteration: ,30000
Error:,0.2707472901676813
Absolute Error:,0.34774648700916716
Transition Probabilities
9.783778495254873e-05,9.783778495254873e-05,0.2825962776817379,0.717208046748357
0.6639888229130283,0.3356618931191058,0.00017464198393293747,0.00017464198393293747
0.25,0.25,0.25,0.25
0.25,0.25,0.25,0.25

0.25,0.25,0.25,0.25
0.25,0.25,0.25,0.25
0.0002763016045915632,0.9971724909709515,0.0012756037122285343,0.0012756037122285343
0.7784332579650024,0.00012543236512487955,0.1107206548349364,0.1107206548349364

Transition Gammas
1.0,1.0,2888.4165541850416,7330.583445814953
3802.0,1922.0,1.0,1.0
1.0,1.0,1.0,1.0
1.0,1.0,1.0,1.0

1.0,1.0,1.0,1.0
1.0,1.0,1.0,1.0
1.0,3609.0,4.616707579799139,4.616707579799139
6206.0,1.0,882.7120075803699,882.7120075803699

Iteration: ,32500
Error:,0.27102740230053435
Absolute Error:,0.34765374066863797
Transition Probabilities
9.029345372460503e-05,9.029345372460503e-05,0.2830377688054236,0.7167816442871273
0.6654287098336832,0.3342483449055385,0.00016147263038914905,0.00016147263038914905
0.25,0.25,0.25,0.25
0.25,0.25,0.25,0.25

0.25,0.25,0.25,0.25
0.25,0.25,0.25,0.25
0.00025476191967028296,0.9973929155091579,0.0011761612855859748,0.0011761612855859748
0.7783253248430616,0.00011577053768303756,0.11077945230962774,0.11077945230962774

Transition Gammas
1.0,1.0,3134.643289520064,7938.3567104799295
4121.0,2070.0,1.0,1.0
1.0,1.0,1.0,1.0
1.0,1.0,1.0,1.0

1.0,1.0,1.0,1.0
1.0,1.0,1.0,1.0
1.0,3915.0,4.616707579799139,4.616707579799139
6723.0,1.0,956.8881213364087,956.8881213364087

Iteration: ,35000
Error:,0.27143938623272545
Absolute Error:,0.3471633316757118
Transition Probabilities
8.38574423480085e-05,8.38574423480085e-05,0.2844346291598344,0.7153976559554696
0.6709793891981345,0.328719723183391,0.00015044380923724988,0.00015044380923724988
0.25,0.25,0.25,0.25
0.25,0.25,0.25,0.25

0.25,0.25,0.25,0.25
0.25,0.25,0.25,0.25
0.00023517053330960363,0.9975934022993386,0.001085713583675853,0.001085713583675853
0.7782997993380852,0.00010776790353615137,0.11079621637918924,0.11079621637918924

Transition Gammas
1.0,1.0,3391.882952731021,8531.117047268963
4460.0,2185.0,1.0,1.0
1.0,1.0,1.0,1.0
1.0,1.0,1.0,1.0

1.0,1.0,1.0,1.0
1.0,1.0,1.0,1.0
1.0,4242.0,4.616707579799139,4.616707579799139
7222.0,1.0,1028.1003224862957,1028.1003224862957

Iteration: ,37500
Error:,0.26947710125526575
Absolute Error:,0.3471409099311509
Transition Probabilities
7.829627309740065e-05,7.829627309740065e-05,0.28368182141165205,0.7161615860421531
0.6705931846865797,0.32912634974056937,0.00014023278642546626,0.00014023278642546626
0.25,0.25,0.25,0.25
0.25,0.25,0.25,0.25

0.25,0.25,0.25,0.25
0.25,0.25,0.25,0.25
0.00021957592175036905,0.9977529884336769,0.0010137178222863114,0.0010137178222863114
0.7775284303681284,0.00010054680335809238,0.11118551141425678,0.11118551141425678

Transition Gammas
1.0,1.0,3623.1842230696157,9146.815776930369
4782.0,2347.0,1.0,1.0
1.0,1.0,1.0,1.0
1.0,1.0,1.0,1.0

1.0,1.0,1.0,1.0
1.0,1.0,1.0,1.0
1.0,4544.0,4.616707579799139,4.616707579799139
7733.0,1.0,1105.8085160427745,1105.8085160427745

Iteration: ,40000
Error:,0.2702862433642247
Absolute Error:,0.34689745582140236
Transition Probabilities
7.334066740007338e-05,7.334066740007338e-05,0.2822236060089166,0.7176297126562832
0.6712419163257226,0.32849412696317803,0.00013197835554968986,0.00013197835554968986
0.25,0.25,0.25,0.25
0.25,0.25,0.25,0.25

0.25,0.25,0.25,0.25
0.25,0.25,0.25,0.25
0.00020626069629262704,0.9978892486637296,0.0009522453199888195,0.0009522453199888195
0.778146331473563,9.40017312724768e-05,0.11087983339758217,0.11087983339758217

Transition Gammas
1.0,1.0,3848.1188679315756,9784.881132068416
5086.0,2489.0,1.0,1.0
1.0,1.0,1.0,1.0
1.0,1.0,1.0,1.0

1.0,1.0,1.0,1.0
1.0,1.0,1.0,1.0
1.0,4838.0,4.616707579799139,4.616707579799139
8278.0,1.0,1179.5509709941607,1179.5509709941607

Iteration: ,42500
Error:,0.2704821326108752
Absolute Error:,0.3469727748944441
Transition Probabilities
6.914194842010655e-05,6.914194842010655e-05,0.2827665476837905,0.7170951684193693
0.6713330029732408,0.32841922695738357,0.0001238850346878097,0.0001238850346878097
0.25,0.25,0.25,0.25
0.25,0.25,0.25,0.25

0.25,0.25,0.25,0.25
0.25,0.25,0.25,0.25
0.00019363958202673443,0.9980184057657893,0.000893977326091962,0.000893977326091962
0.7766444102741169,8.864791807717348e-05,0.11163347090390302,0.11163347090390302

Transition Gammas
1.0,1.0,4089.6525791506574,10371.347420849326
5419.0,2651.0,1.0,1.0
1.0,1.0,1.0,1.0
1.0,1.0,1.0,1.0

1.0,1.0,1.0,1.0
1.0,1.0,1.0,1.0
1.0,5154.0,4.616707579799139,4.616707579799139
8761.0,1.0,1259.2903852149036,1259.2903852149036

Iteration: ,45000
Error:,0.27221534696392635
Absolute Error:,0.3471200936408302
Transition Probabilities
6.527415143603136e-05,6.527415143603136e-05,0.2832070440835841,0.7166624076135437
0.6707231453311491,0.32904282705359233,0.00011701380762930026,0.00011701380762930026
0.25,0.25,0.25,0.25
0.25,0.25,0.25,0.25

0.25,0.25,0.25,0.25
0.25,0.25,0.25,0.25
0.00018294132797671664,0.998127885440966,0.000844586615528628,0.000844586615528628
0.7768305130693067,8.367411816774093e-05,0.11154290640626272,0.11154290640626272

Transition Gammas
1.0,1.0,4338.731915360507,10979.268084639485
5732.0,2812.0,1.0,1.0
1.0,1.0,1.0,1.0
1.0,1.0,1.0,1.0

1.0,1.0,1.0,1.0
1.0,1.0,1.0,1.0
1.0,5456.0,4.616707579799139,4.616707579799139
9284.0,1.0,1333.0634232995849,1333.0634232995849

Iteration: ,47500
Error:,0.2688606015374289
Absolute Error:,0.3467890439282143
Transition Probabilities
6.187735907431476e-05,6.187735907431476e-05,0.2815462806346856,0.7183299646471658
0.6718193950177936,0.32795818505338076,0.00011120996441281138,0.00011120996441281138
0.25,0.25,0.25,0.25
0.25,0.25,0.25,0.25

0.25,0.25,0.25,0.25
0.25,0.25,0.25,0.25
0.0001739059839490437,0.9982203478675109,0.0008028730742699776,0.0008028730742699776
0.7752248196017256,7.9128796529726e-05,0.11234802580087233,0.11234802580087233

Transition Gammas
1.0,1.0,4550.06944133715,11608.930558662836
6041.0,2949.0,1.0,1.0
1.0,1.0,1.0,1.0
1.0,1.0,1.0,1.0

1.0,1.0,1.0,1.0
1.0,1.0,1.0,1.0
1.0,5740.0,4.616707579799139,4.616707579799139
9797.0,1.0,1419.8121382860536,1419.8121382860536

Iteration: ,50000
Error:,0.27173182607722135
Absolute Error:,0.34683481853419573
Transition Probabilities
5.877858108505267e-05,5.877858108505267e-05,0.2822384844508991,0.7176439583869308
0.6722538477756694,0.3275353152013494,0.00010541851149061775,0.00010541851149061775
0.25,0.25,0.25,0.25
0.25,0.25,0.25,0.25

0.25,0.25,0.25,0.25
0.25,0.25,0.25,0.25
0.00016481976735910613,0.9983133308941058,0.000760924669267516,0.000760924669267516
0.7752145742667061,7.524893945512582e-05,0.11235508839691936,0.11235508839691936

Transition Gammas
1.0,1.0,4801.723335963141,12209.27666403684
6377.0,3107.0,1.0,1.0
1.0,1.0,1.0,1.0
1.0,1.0,1.0,1.0

1.0,1.0,1.0,1.0
1.0,1.0,1.0,1.0
1.0,6057.0,4.616707579799139,4.616707579799139
10302.0,1.0,1493.111919057963,1493.111919057963

Iteration: ,52500
Error:,0.2697682431074272
Absolute Error:,0.3469317999127255
Transition Probabilities
5.599417660563306e-05,5.599417660563306e-05,0.28224633316510156,0.7176416784816871
0.6715804251905335,0.32821901323706376,0.00010028078620136381,0.00010028078620136381
0.25,0.25,0.25,0.25
0.25,0.25,0.25,0.25

0.25,0.25,0.25,0.25
0.25,0.25,0.25,0.25
0.00015693084902084587,0.9983940614706214,0.0007245038401788534,0.0007245038401788534
0.7747376437568502,7.167523764981498e-05,0.11259534050274995,0.11259534050274995

Transition Gammas
1.0,1.0,5040.637263995544,12816.36273600444
6697.0,3273.0,1.0,1.0
1.0,1.0,1.0,1.0
1.0,1.0,1.0,1.0

1.0,1.0,1.0,1.0
1.0,1.0,1.0,1.0
1.0,6362.0,4.616707579799139,4.616707579799139
10809.0,1.0,1570.9099013087207,1570.9099013087207

Iteration: ,55000
Error:,0.26981870098014904
Absolute Error:,0.34677937542589476
Transition Probabilities
5.340739158299513e-05,5.340739158299513e-05,0.2810221195046846,0.7188710657121493
0.6716575487090891,0.3281504942892792,9.597850081581725e-05,9.597850081581725e-05
0.25,0.25,0.25,0.25
0.25,0.25,0.25,0.25

0.25,0.25,0.25,0.25
0.25,0.25,0.25,0.25
0.00015009981453434926,0.9984639662824912,0.0006929669514871752,0.0006929669514871752
0.7751760532109672,6.824333596363827e-05,0.1123778517265346,0.1123778517265346

Transition Gammas
1.0,1.0,5261.85816560571,13460.141834394273
6998.0,3419.0,1.0,1.0
1.0,1.0,1.0,1.0
1.0,1.0,1.0,1.0

1.0,1.0,1.0,1.0
1.0,1.0,1.0,1.0
1.0,6652.0,4.616707579799139,4.616707579799139
11359.0,1.0,1646.7227186316372,1646.7227186316372

Iteration: ,57500
Error:,0.27172308760875774
Absolute Error:,0.34667265694344684
Transition Probabilities
5.1046452271567195e-05,5.1046452271567195e-05,0.27973801101384266,0.7201598960816142
0.6712997054491899,0.3285162002945508,9.204712812960235e-05,9.204712812960235e-05
0.25,0.25,0.25,0.25
0.25,0.25,0.25,0.25

0.25,0.25,0.25,0.25
0.25,0.25,0.25,0.25
0.00014408737288513858,0.9985254940940105,0.0006652092665521643,0.0006652092665521643
0.7755377710189583,6.511652149613419e-05,0.11219855622977283,0.11219855622977283

Transition Gammas
1.0,1.0,5480.067635761171,14107.932364238804
7293.0,3569.0,1.0,1.0
1.0,1.0,1.0,1.0
1.0,1.0,1.0,1.0

1.0,1.0,1.0,1.0
1.0,1.0,1.0,1.0
1.0,6930.0,4.616707579799139,4.616707579799139
11910.0,1.0,1723.042841538054,1723.042841538054

Iteration: ,60000
Error:,0.2729479968383918
Absolute Error:,0.3466997945505171
Transition Probabilities
4.892128565138704e-05,4.892128565138704e-05,0.27956662341148,0.7203355340172174
0.6709842276852586,0.3288395453343907,8.811349017534584e-05,8.811349017534584e-05
0.25,0.25,0.25,0.25
0.25,0.25,0.25,0.25

0.25,0.25,0.25,0.25
0.25,0.25,0.25,0.25
0.0001379836887698722,0.9985879556275651,0.0006370303418325144,0.0006370303418325144
0.775500613332484,6.243463596590322e-05,0.11221847601577507,0.11221847601577507

Transition Gammas
1.0,1.0,5714.6213491540475,14724.378650845903
7615.0,3732.0,1.0,1.0
1.0,1.0,1.0,1.0
1.0,1.0,1.0,1.0

1.0,1.0,1.0,1.0
1.0,1.0,1.0,1.0
1.0,7237.0,4.616707579799139,4.616707579799139
12421.0,1.0,1797.3753555167643,1797.3753555167643

Iteration: ,62500
Error:,0.26942910253286956
Absolute Error:,0.3466400732357916
Transition Probabilities
4.695497018359407e-05,4.695497018359407e-05,0.27967575919752596,0.7202303308621069
0.6716367333107421,0.32819383259911894,8.471704506946798e-05,8.471704506946798e-05
0.25,0.25,0.25,0.25
0.25,0.25,0.25,0.25

0.25,0.25,0.25,0.25
0.25,0.25,0.25,0.25
0.00013248132973625804,0.9986442635519132,0.0006116275591752517,0.0006116275591752517
0.7755135717349487,5.993612889210516e-05,0.11221324606807956,0.11221324606807956

Transition Gammas
1.0,1.0,5956.254643629693,15338.745356370246
7928.0,3874.0,1.0,1.0
1.0,1.0,1.0,1.0
1.0,1.0,1.0,1.0

1.0,1.0,1.0,1.0
1.0,1.0,1.0,1.0
1.0,7538.0,4.616707579799139,4.616707579799139
12939.0,1.0,1872.2137739339448,1872.2137739339448

Iteration: ,65000
Error:,0.27227140626343815
Absolute Error:,0.3466588654559071
Transition Probabilities
4.518140333438769e-05,4.518140333438769e-05,0.27930241275328427,0.720607224440047
0.6711737395129104,0.3286633542396351,8.145312372729494e-05,8.145312372729494e-05
0.25,0.25,0.25,0.25
0.25,0.25,0.25,0.25

0.25,0.25,0.25,0.25
0.25,0.25,0.25,0.25
0.00012741720933890757,0.9986960867983574,0.0005882479961517882,0.0005882479961517882
0.774389119685056,5.7596810686876606e-05,0.11277664175212855,0.11277664175212855

Transition Gammas
1.0,1.0,6181.800301468424,15949.199698531515
8240.0,4035.0,1.0,1.0
1.0,1.0,1.0,1.0
1.0,1.0,1.0,1.0

1.0,1.0,1.0,1.0
1.0,1.0,1.0,1.0
1.0,7838.0,4.616707579799139,4.616707579799139
13445.0,1.0,1958.0362247006262,1958.0362247006262

Iteration: ,67500
Error:,0.26962817564047653
Absolute Error:,0.3467732232623416
Transition Probabilities
4.3525571273123087e-05,4.3525571273123087e-05,0.27881341465739556,0.7210995342000582
0.6698253582896077,0.3300180123737176,7.831466833737959e-05,7.831466833737959e-05
0.25,0.25,0.25,0.25
0.25,0.25,0.25,0.25

0.25,0.25,0.25,0.25
0.25,0.25,0.25,0.25
0.00012281642505337077,0.9987431685340111,0.0005670075204677298,0.0005670075204677298
0.7742249129608146,5.547613305824123e-05,0.11285980545306354,0.11285980545306354

Transition Gammas
1.0,1.0,6405.738201753645,16567.26179824629
8553.0,4214.0,1.0,1.0
1.0,1.0,1.0,1.0
1.0,1.0,1.0,1.0

1.0,1.0,1.0,1.0
1.0,1.0,1.0,1.0
1.0,8132.0,4.616707579799139,4.616707579799139
13956.0,1.0,2034.3848648314845,2034.3848648314845

Iteration: ,70000
Error:,0.27333665165844534
Absolute Error:,0.3467960742073527
Transition Probabilities
4.1946308724832334e-05,4.1946308724832334e-05,0.27877989687389576,0.7211362105086546
0.669661733615222,0.33018725460585924,7.550588945937783e-05,7.550588945937783e-05
0.25,0.25,0.25,0.25
0.25,0.25,0.25,0.25

0.25,0.25,0.25,0.25
0.25,0.25,0.25,0.25
0.00011840998949833078,0.99878826141842,0.0005466642960408802,0.0005466642960408802
0.7751712359531654,5.3485906020366066e-05,0.11238763907040704,0.11238763907040704

Transition Gammas
1.0,1.0,6646.112741473656,17191.887258526276
8869.0,4373.0,1.0,1.0
1.0,1.0,1.0,1.0
1.0,1.0,1.0,1.0

1.0,1.0,1.0,1.0
1.0,1.0,1.0,1.0
1.0,8435.0,4.616707579799139,4.616707579799139
14493.0,1.0,2101.2570868223247,2101.2570868223247

Iteration: ,72500
Error:,0.27276235787266395
Absolute Error:,0.34674118754771355
Transition Probabilities
4.0477636106051505e-05,4.0477636106051505e-05,0.27841083678822937,0.7215082079395585
0.6697796585437035,0.33007441996206044,7.296074711805048e-05,7.296074711805048e-05
0.25,0.25,0.25,0.25
0.25,0.25,0.25,0.25

0.25,0.25,0.25,0.25
0.25,0.25,0.25,0.25
0.00011441342038595202,0.9988291599693611,0.00052821330512657,0.00052821330512657
0.7752409762790748,5.158300460969292e-05,0.11235372035815777,0.11235372035815777

Transition Gammas
1.0,1.0,6878.13972285319,17824.86027714675
9180.0,4524.0,1.0,1.0
1.0,1.0,1.0,1.0
1.0,1.0,1.0,1.0

1.0,1.0,1.0,1.0
1.0,1.0,1.0,1.0
1.0,8730.0,4.616707579799139,4.616707579799139
15029.0,1.0,2178.115082831865,2178.115082831865

Iteration: ,74999
Error:,0.2708343929099167
Absolute Error:,0.346694046027626
Transition Probabilities
3.9119039236396436e-05,3.9119039236396436e-05,0.2784499887388441,0.7214717731826831
0.6702420436101898,0.32961682308940793,7.056665020111496e-05,7.056665020111496e-05
0.25,0.25,0.25,0.25
0.25,0.25,0.25,0.25

0.25,0.25,0.25,0.25
0.25,0.25,0.25,0.25
0.00011054324536046228,0.9988687650771372,0.0005103458387512422,0.0005103458387512422
0.7758110855548056,4.987535104820351e-05,0.11206951954707314,0.11206951954707314

Transition Gammas
1.0,1.0,7118.017062131056,18442.98293786889
9498.0,4671.0,1.0,1.0
1.0,1.0,1.0,1.0
1.0,1.0,1.0,1.0

1.0,1.0,1.0,1.0
1.0,1.0,1.0,1.0
1.0,9036.0,4.616707579799139,4.616707579799139
15555.0,1.0,2246.992095128518,2246.992095128518

*,*,*,*,*,*,*,*,*,*,*
Model Num 2
Model States: 
"['diamond', 'x', 'square']","['diamond', 'x', 'diamond']","['square', 'y', 'diamond', 'x', 'diamond']","['square', 'y', 'diamond', 'x', 'square']"
Iteration: ,74999
Error:,0.2724174269883461
Absolute Error:,0.34669113873840174
Transition Probabilities
3.9119039236396436e-05,3.9119039236396436e-05,0.2784499887388441,0.7214717731826831
0.6702653118825854,0.3295935647756139,7.056167090036692e-05,7.056167090036692e-05
0.25,0.25,0.25,0.25
0.25,0.25,0.25,0.25

0.25,0.25,0.25,0.25
0.25,0.25,0.25,0.25
0.00011054324536046228,0.9988687650771372,0.0005103458387512422,0.0005103458387512422
0.7758110855548056,4.987535104820351e-05,0.11206951954707314,0.11206951954707314

Transition Gammas
1.0,1.0,7118.017062131056,18442.98293786889
9499.0,4671.0,1.0,1.0
1.0,1.0,1.0,1.0
1.0,1.0,1.0,1.0

1.0,1.0,1.0,1.0
1.0,1.0,1.0,1.0
1.0,9036.0,4.616707579799139,4.616707579799139
15555.0,1.0,2246.992095128518,2246.992095128518

