0,1,2,3,4,5,6,7,8,9,10,11,12,13,14,15,16,17,18,19,20,21,22,23,24,25,26,27,28,29
github Code Version (SHA):,3130f818d955eaa9876b4af7408e9fb46046852d
Environment Observations,Environment Actions,alpha,epsilon,numActions,explore,patience,gainThresh,insertRandActions,useBudd,revisedSplitting,haveControl,confidence_factor
"['diamond', 'square']","['x', 'y']",0.75,0.99,75000,0.5,0,0.01,False,True,False,True,250

Model Num 0
Model States: 
['diamond'],['square']
Iteration: ,0
Error:,0.40244634606098784
Absolute Error:,1
Transition Probabilities
0.5,0.5
0.5,0.5

0.5,0.5
0.5,0.5

Transition Gammas
1.0,1.0
1.0,1.0

1.0,1.0
1.0,1.0

Iteration: ,2416
Error:,0.059918576153334756
Absolute Error:,1
Transition Probabilities
0.5114235500878734,0.48857644991212656
0.18181818181818182,0.8181818181818182

0.184,0.816
0.8152958152958153,0.1847041847041847


Model Num 1
Model States: 
['square'],"['diamond', 'x', 'diamond']","['diamond', 'x', 'square']"
Iteration: ,0
Error:,0.47266110156576624
Absolute Error:,1
Transition Probabilities
0.3333333333333333,0.3333333333333333,0.3333333333333333
0.3333333333333333,0.3333333333333333,0.3333333333333333
0.3333333333333333,0.3333333333333333,0.3333333333333333

0.3333333333333333,0.3333333333333333,0.3333333333333333
0.3333333333333333,0.3333333333333333,0.3333333333333333
0.3333333333333333,0.3333333333333333,0.3333333333333333

Transition Gammas
1.0,1.0,1.0
1.0,1.0,1.0
1.0,1.0,1.0

1.0,1.0,1.0
1.0,1.0,1.0
1.0,1.0,1.0

Iteration: ,2500
Error:,0.07217567093486955
Absolute Error:,1
Transition Probabilities
0.839677047289504,0.05922323684605047,0.1010997158644455
0.0025906735751295346,0.2583666319947316,0.7390426944301389
0.9958592132505176,0.002070393374741201,0.002070393374741201

0.18718381112984817,0.5083722617787781,0.30444392709137363
0.7043413603602215,0.2501777970103192,0.04548084262945901
0.7865862227849195,0.05353157591453746,0.15988220130054306

Transition Gammas
728.0,51.34654634552576,87.65345365447425
1.0,99.72951994996637,285.27048005003354
481.0,1.0,1.0

111.0,301.46475123481554,180.53524876518463
48.14032951962045,17.099154279978674,3.1085250337881623
43.77135661856707,2.9788847450355287,8.897004101228925

Iteration: ,2942
Error:,0.05743462532693344
Absolute Error:,1
Transition Probabilities
0.8356605800214822,0.05696834771954883,0.10737107225896891
0.002188183807439825,0.26728797365031254,0.7305238425422477
0.9966666666666667,0.0016666666666666668,0.0016666666666666668

0.1773333333333333,0.4770269974901112,0.3456396691765555
0.7253041029221535,0.23243973002932986,0.04225616704851645
0.8212931110016833,0.045794962375759314,0.13291192662255724


Model Num 2
Model States: 
"['diamond', 'x', 'diamond']","['diamond', 'x', 'square']","['square', 'y', 'diamond', 'x', 'diamond']","['square', 'y', 'diamond', 'x', 'square']"
Iteration: ,0
Error:,0.40379223511641027
Absolute Error:,0.5
Transition Probabilities
0.25,0.25,0.25,0.25
0.25,0.25,0.25,0.25
0.25,0.25,0.25,0.25
0.25,0.25,0.25,0.25

0.25,0.25,0.25,0.25
0.25,0.25,0.25,0.25
0.25,0.25,0.25,0.25
0.25,0.25,0.25,0.25

Transition Gammas
1.0,1.0,1.0,1.0
1.0,1.0,1.0,1.0
1.0,1.0,1.0,1.0
1.0,1.0,1.0,1.0

1.0,1.0,1.0,1.0
1.0,1.0,1.0,1.0
1.0,1.0,1.0,1.0
1.0,1.0,1.0,1.0

Iteration: ,2500
Error:,0.27074163300201315
Absolute Error:,0.3454370614194203
Transition Probabilities
0.3354564755838641,0.6602972399150743,0.0021231422505307855,0.0021231422505307855
0.0011600928074245944,0.0011600928074245944,0.27291448871752777,0.7247653256676231
0.25,0.25,0.25,0.25
0.25,0.25,0.25,0.25

0.25,0.25,0.25,0.25
0.25,0.25,0.25,0.25
0.9899328859060402,0.003355704697986577,0.003355704697986577,0.003355704697986577
0.0014740255187358936,0.7812335249300236,0.10864622477562016,0.10864622477562016

Transition Gammas
158.0,311.0,1.0,1.0
1.0,1.0,235.25228927450885,624.7477107254908
1.0,1.0,1.0,1.0
1.0,1.0,1.0,1.0

1.0,1.0,1.0,1.0
1.0,1.0,1.0,1.0
295.0,1.0,1.0,1.0
1.0,530.0,73.70715323082999,73.70715323082999

Iteration: ,5000
Error:,0.2694646408098611
Absolute Error:,0.3459257364481878
Transition Probabilities
0.32978723404255317,0.6680851063829787,0.0010638297872340426,0.0010638297872340426
0.0005878894767783657,0.0005878894767783657,0.2766892999302154,0.7221349211162278
0.25,0.25,0.25,0.25
0.25,0.25,0.25,0.25

0.25,0.25,0.25,0.25
0.25,0.25,0.25,0.25
0.9950083194675541,0.0016638935108153079,0.0016638935108153079,0.0016638935108153079
0.0007456285214871771,0.7702342626962541,0.11451005439112938,0.11451005439112938

Transition Gammas
310.0,628.0,1.0,1.0
1.0,1.0,470.6484991812964,1228.3515008187035
1.0,1.0,1.0,1.0
1.0,1.0,1.0,1.0

1.0,1.0,1.0,1.0
1.0,1.0,1.0,1.0
598.0,1.0,1.0,1.0
1.0,1033.0,153.57520681040452,153.57520681040452

Iteration: ,7500
Error:,0.2672584289576212
Absolute Error:,0.3450216703851506
Transition Probabilities
0.31827956989247314,0.6802867383512545,0.0007168458781362007,0.0007168458781362007
0.000388651379712398,0.000388651379712398,0.27903869271789333,0.7201840045226819
0.25,0.25,0.25,0.25
0.25,0.25,0.25,0.25

0.25,0.25,0.25,0.25
0.25,0.25,0.25,0.25
0.9966850828729282,0.0011049723756906078,0.0011049723756906078,0.0011049723756906078
0.0004966490687566931,0.7767591435354679,0.11137210369788766,0.11137210369788766

Transition Gammas
444.0,949.0,1.0,1.0
1.0,1.0,717.9665563631395,1853.0334436368605
1.0,1.0,1.0,1.0
1.0,1.0,1.0,1.0

1.0,1.0,1.0,1.0
1.0,1.0,1.0,1.0
902.0,1.0,1.0,1.0
1.0,1564.0,224.24708049225907,224.24708049225907

Iteration: ,10000
Error:,0.27029267480824565
Absolute Error:,0.3458142206390533
Transition Probabilities
0.32266666666666666,0.6762666666666667,0.0005333333333333334,0.0005333333333333334
0.0002938583602703497,0.0002938583602703497,0.28003128285693585,0.7193810004225234
0.25,0.25,0.25,0.25
0.25,0.25,0.25,0.25

0.25,0.25,0.25,0.25
0.25,0.25,0.25,0.25
0.9975227085053675,0.0008257638315441783,0.0008257638315441783,0.0008257638315441783
0.0003735595832104232,0.7699063009966822,0.11486006971005372,0.11486006971005372

Transition Gammas
605.0,1268.0,1.0,1.0
1.0,1.0,952.9464555621528,2448.053544437847
1.0,1.0,1.0,1.0
1.0,1.0,1.0,1.0

1.0,1.0,1.0,1.0
1.0,1.0,1.0,1.0
1208.0,1.0,1.0,1.0
1.0,2061.0,307.4745632890214,307.4745632890214

Iteration: ,12500
Error:,0.2678581663249824
Absolute Error:,0.3445061405047384
Transition Probabilities
0.31567520625271384,0.6834563612679114,0.0004342162396873643,0.0004342162396873643
0.00023386342376052386,0.00023386342376052386,0.2760041321854451,0.723528140967034
0.25,0.25,0.25,0.25
0.25,0.25,0.25,0.25

0.25,0.25,0.25,0.25
0.25,0.25,0.25,0.25
0.9979986657771848,0.00066711140760507,0.00066711140760507,0.00066711140760507
0.00029554684410399644,0.7716728099555348,0.1140158216001807,0.1140158216001807

Transition Gammas
727.0,1574.0,1.0,1.0
1.0,1.0,1180.1936692249633,3093.806330775037
1.0,1.0,1.0,1.0
1.0,1.0,1.0,1.0

1.0,1.0,1.0,1.0
1.0,1.0,1.0,1.0
1496.0,1.0,1.0,1.0
1.0,2611.0,385.7791882225649,385.7791882225649

Iteration: ,15000
Error:,0.27014397954861014
Absolute Error:,0.3443311112119123
Transition Probabilities
0.31436907366885486,0.6849015317286652,0.00036469730123997083,0.00036469730123997083
0.00019443904335990667,0.00019443904335990667,0.2755374447467356,0.7240736771665446
0.25,0.25,0.25,0.25
0.25,0.25,0.25,0.25

0.25,0.25,0.25,0.25
0.25,0.25,0.25,0.25
0.9983212087297146,0.0005595970900951316,0.0005595970900951316,0.0005595970900951316
0.0002455041166739556,0.7735834716396341,0.11308551212184595,0.11308551212184595

Transition Gammas
862.0,1878.0,1.0,1.0
1.0,1.0,1417.0890783324612,3723.910921667539
1.0,1.0,1.0,1.0
1.0,1.0,1.0,1.0

1.0,1.0,1.0,1.0
1.0,1.0,1.0,1.0
1784.0,1.0,1.0,1.0
1.0,3151.0,460.6257265821346,460.6257265821346

Iteration: ,17500
Error:,0.27277747538305536
Absolute Error:,0.34448933280665417
Transition Probabilities
0.3171267252195734,0.6822459222082811,0.0003136762860727729,0.0003136762860727729
0.00016600265604249672,0.00016600265604249672,0.27377962119200994,0.7258883734959051
0.25,0.25,0.25,0.25
0.25,0.25,0.25,0.25

0.25,0.25,0.25,0.25
0.25,0.25,0.25,0.25
0.9985514244326412,0.0004828585224529213,0.0004828585224529213,0.0004828585224529213
0.00020977505765799734,0.7778459137958542,0.11097215557324398,0.11097215557324398

Transition Gammas
1011.0,2175.0,1.0,1.0
1.0,1.0,1649.2484380606675,4372.751561939331
1.0,1.0,1.0,1.0
1.0,1.0,1.0,1.0

1.0,1.0,1.0,1.0
1.0,1.0,1.0,1.0
2068.0,1.0,1.0,1.0
1.0,3708.0,529.0054824066132,529.0054824066132

Iteration: ,20000
Error:,0.26854348775523423
Absolute Error:,0.3449795982038171
Transition Probabilities
0.3188010899182561,0.6806539509536784,0.00027247956403269756,0.00027247956403269756
0.00014568764568764571,0.00014568764568764571,0.27581165605504016,0.7238969686535844
0.25,0.25,0.25,0.25
0.25,0.25,0.25,0.25

0.25,0.25,0.25,0.25
0.25,0.25,0.25,0.25
0.9987416107382551,0.00041946308724832214,0.00041946308724832214,0.00041946308724832214
0.00018423774768175876,0.7758251554878861,0.11199530338221605,0.11199530338221605

Transition Gammas
1170.0,2498.0,1.0,1.0
1.0,1.0,1893.1712071617956,4968.828792838203
1.0,1.0,1.0,1.0
1.0,1.0,1.0,1.0

1.0,1.0,1.0,1.0
1.0,1.0,1.0,1.0
2381.0,1.0,1.0,1.0
1.0,4211.0,607.8846750540505,607.8846750540505

Iteration: ,22500
Error:,0.2674239601911795
Absolute Error:,0.34409998499862154
Transition Probabilities
0.3146204539907249,0.6848913839394679,0.000244081034903588,0.000244081034903588
0.00012913223140495865,0.00012913223140495865,0.2727966870797733,0.7269450484574168
0.25,0.25,0.25,0.25
0.25,0.25,0.25,0.25

0.25,0.25,0.25,0.25
0.25,0.25,0.25,0.25
0.9988789237668162,0.0003736920777279522,0.0003736920777279522,0.0003736920777279522
0.0001628515150090009,0.7768017265929343,0.11151771094602825,0.11151771094602825

Transition Gammas
1289.0,2806.0,1.0,1.0
1.0,1.0,2112.5375447457645,5629.462455254236
1.0,1.0,1.0,1.0
1.0,1.0,1.0,1.0

1.0,1.0,1.0,1.0
1.0,1.0,1.0,1.0
2673.0,1.0,1.0,1.0
1.0,4770.0,684.7815381997802,684.7815381997802

Iteration: ,25000
Error:,0.26639678526217064
Absolute Error:,0.34472277684065084
Transition Probabilities
0.31903310104529614,0.6805313588850174,0.00021777003484320557,0.00021777003484320557
0.00011653653420347271,0.00011653653420347271,0.2732355771008507,0.7265313498307423
0.25,0.25,0.25,0.25
0.25,0.25,0.25,0.25

0.25,0.25,0.25,0.25
0.25,0.25,0.25,0.25
0.9989939637826962,0.00033534540576794097,0.00033534540576794097,0.00033534540576794097
0.0001470938703033927,0.7757730719800929,0.11203991707480183,0.11203991707480183

Transition Gammas
1465.0,3125.0,1.0,1.0
1.0,1.0,2344.6344871024016,6234.365512897603
1.0,1.0,1.0,1.0
1.0,1.0,1.0,1.0

1.0,1.0,1.0,1.0
1.0,1.0,1.0,1.0
2979.0,1.0,1.0,1.0
1.0,5274.0,761.6899116442493,761.6899116442493

Iteration: ,27500
Error:,0.27048933673602554
Absolute Error:,0.345121266800056
Transition Probabilities
0.3213372664700098,0.6782694198623402,0.00019665683382497542,0.00019665683382497542
0.00010620220900594726,0.00010620220900594726,0.2740131840782205,0.7257744115037675
0.25,0.25,0.25,0.25
0.25,0.25,0.25,0.25

0.25,0.25,0.25,0.25
0.25,0.25,0.25,0.25
0.9990873136598722,0.000304228780042592,0.000304228780042592,0.000304228780042592
0.00013429647432141383,0.7742191744629507,0.11282326453136392,0.11282326453136392

Transition Gammas
1634.0,3449.0,1.0,1.0
1.0,1.0,2580.1081412805256,6833.891858719479
1.0,1.0,1.0,1.0
1.0,1.0,1.0,1.0

1.0,1.0,1.0,1.0
1.0,1.0,1.0,1.0
3284.0,1.0,1.0,1.0
1.0,5765.0,840.1059305648058,840.1059305648058

Iteration: ,30000
Error:,0.2699570849149074
Absolute Error:,0.3452777667111908
Transition Probabilities
0.3227665706051873,0.6768731988472623,0.00018011527377521613,0.00018011527377521613
9.726680284019061e-05,9.726680284019061e-05,0.2737483258000858,0.7260571405942339
0.25,0.25,0.25,0.25
0.25,0.25,0.25,0.25

0.25,0.25,0.25,0.25
0.25,0.25,0.25,0.25
0.9991636465012546,0.00027878449958182325,0.00027878449958182325,0.00027878449958182325
0.0001230758836681586,0.7750088394583947,0.11243404232896852,0.11243404232896852

Transition Gammas
1792.0,3758.0,1.0,1.0
1.0,1.0,2814.406537550683,7464.593462449321
1.0,1.0,1.0,1.0
1.0,1.0,1.0,1.0

1.0,1.0,1.0,1.0
1.0,1.0,1.0,1.0
3584.0,1.0,1.0,1.0
1.0,6297.0,913.5343088993536,913.5343088993536

Iteration: ,32500
Error:,0.27189323505248747
Absolute Error:,0.3453912841155905
Transition Probabilities
0.32270916334661354,0.6769588313413014,0.00016600265604249667,0.00016600265604249667
8.98472596585804e-05,8.98472596585804e-05,0.2746380065160401,0.7251822989646428
0.25,0.25,0.25,0.25
0.25,0.25,0.25,0.25

0.25,0.25,0.25,0.25
0.25,0.25,0.25,0.25
0.9992301770592764,0.00025660764690787786,0.00025660764690787786,0.00025660764690787786
0.00011374066387246903,0.7745739209715141,0.11265616918230666,0.11265616918230666

Transition Gammas
1944.0,4078.0,1.0,1.0
1.0,1.0,3056.7210125235265,8071.278987476476
1.0,1.0,1.0,1.0
1.0,1.0,1.0,1.0

1.0,1.0,1.0,1.0
1.0,1.0,1.0,1.0
3894.0,1.0,1.0,1.0
1.0,6810.0,990.4651981688944,990.4651981688944

Iteration: ,35000
Error:,0.26629969017277233
Absolute Error:,0.3452118150342466
Transition Probabilities
0.3213074313906876,0.6783842121492445,0.0001541782300339192,0.0001541782300339192
8.357709987463425e-05,8.357709987463425e-05,0.274539828356084,0.7252930174441667
0.25,0.25,0.25,0.25
0.25,0.25,0.25,0.25

0.25,0.25,0.25,0.25
0.25,0.25,0.25,0.25
0.9992863939105614,0.0002378686964795433,0.0002378686964795433,0.0002378686964795433
0.00010580005002731615,0.7725519652994625,0.11367111732525506,0.11367111732525506

Transition Gammas
2084.0,4400.0,1.0,1.0
1.0,1.0,3284.8690462805484,8678.130953719465
1.0,1.0,1.0,1.0
1.0,1.0,1.0,1.0

1.0,1.0,1.0,1.0
1.0,1.0,1.0,1.0
4201.0,1.0,1.0,1.0
1.0,7302.0,1074.395685974692,1074.395685974692

Iteration: ,37500
Error:,0.26825860789651595
Absolute Error:,0.3458572710117093
Transition Probabilities
0.3245751820648294,0.6751392260459803,0.0001427959445951735,0.0001427959445951735
7.811889696117482e-05,7.811889696117482e-05,0.2763785212150176,0.7234652409910601
0.25,0.25,0.25,0.25
0.25,0.25,0.25,0.25

0.25,0.25,0.25,0.25
0.25,0.25,0.25,0.25
0.9993368700265252,0.00022104332449160034,0.00022104332449160034,0.00022104332449160034
9.907187936413813e-05,0.7728597309196417,0.11352059860049714,0.11352059860049714

Transition Gammas
2273.0,4728.0,1.0,1.0
1.0,1.0,3537.9214500734442,9261.078549926571
1.0,1.0,1.0,1.0
1.0,1.0,1.0,1.0

1.0,1.0,1.0,1.0
1.0,1.0,1.0,1.0
4521.0,1.0,1.0,1.0
1.0,7801.0,1145.8407706515065,1145.8407706515065

Iteration: ,40000
Error:,0.2702447030931294
Absolute Error:,0.34572309459889017
Transition Probabilities
0.3228789706473663,0.6768529687709423,0.00013403029084573114,0.00013403029084573114
7.318501170960174e-05,7.318501170960174e-05,0.27695365825392887,0.7228999717226519
0.25,0.25,0.25,0.25
0.25,0.25,0.25,0.25

0.25,0.25,0.25,0.25
0.25,0.25,0.25,0.25
0.9993783671777869,0.00020721094073767094,0.00020721094073767094,0.00020721094073767094
9.290595462784344e-05,0.7729775425036575,0.11346477577085741,0.11346477577085741

Transition Gammas
2409.0,5050.0,1.0,1.0
1.0,1.0,3784.2947863816908,9877.705213618334
1.0,1.0,1.0,1.0
1.0,1.0,1.0,1.0

1.0,1.0,1.0,1.0
1.0,1.0,1.0,1.0
4823.0,1.0,1.0,1.0
1.0,8320.0,1221.2863666851833,1221.2863666851833

Iteration: ,42500
Error:,0.2708387579368589
Absolute Error:,0.34549666487100994
Transition Probabilities
0.3213653603034134,0.6783817951959545,0.00012642225031605562,0.00012642225031605562
6.888950124001093e-05,6.888950124001093e-05,0.2766144859639228,0.7232477350335972
0.25,0.25,0.25,0.25
0.25,0.25,0.25,0.25

0.25,0.25,0.25,0.25
0.25,0.25,0.25,0.25
0.9994141769185706,0.00019527436047646945,0.00019527436047646945,0.00019527436047646945
8.737088449420849e-05,0.7720091353908263,0.1139517468623398,0.1139517468623398

Transition Gammas
2542.0,5366.0,1.0,1.0
1.0,1.0,4015.3358782523082,10498.66412174771
1.0,1.0,1.0,1.0
1.0,1.0,1.0,1.0

1.0,1.0,1.0,1.0
1.0,1.0,1.0,1.0
5118.0,1.0,1.0,1.0
1.0,8836.0,1304.2302080608245,1304.2302080608245

Iteration: ,45000
Error:,0.2687943419419516
Absolute Error:,0.34534387252353116
Transition Probabilities
0.3210053859964093,0.6787552363853979,0.00011968880909634949,0.00011968880909634949
6.502373366278683e-05,6.502373366278683e-05,0.27571622957444164,0.7241537229582329
0.25,0.25,0.25,0.25
0.25,0.25,0.25,0.25

0.25,0.25,0.25,0.25
0.25,0.25,0.25,0.25
0.9994450610432852,0.0001849796522382538,0.0001849796522382538,0.0001849796522382538
8.23630925534912e-05,0.77215399268898,0.11388182210923325,0.11388182210923325

Transition Gammas
2682.0,5671.0,1.0,1.0
1.0,1.0,4240.239894625344,11136.760105374678
1.0,1.0,1.0,1.0
1.0,1.0,1.0,1.0

1.0,1.0,1.0,1.0
1.0,1.0,1.0,1.0
5403.0,1.0,1.0,1.0
1.0,9375.0,1382.680258579072,1382.680258579072

Iteration: ,47500
Error:,0.2677995691412405
Absolute Error:,0.34550768398015497
Transition Probabilities
0.32343608340888486,0.6763372620126926,0.00011332728921124207,0.00011332728921124207
6.158773172384054e-05,6.158773172384054e-05,0.27456431229768524,0.7253125122388671
0.25,0.25,0.25,0.25
0.25,0.25,0.25,0.25

0.25,0.25,0.25,0.25
0.25,0.25,0.25,0.25
0.9994722955145119,0.00017590149516270889,0.00017590149516270889,0.00017590149516270889
7.7886046509323e-05,0.7728632395120121,0.1135294372207394,0.1135294372207394

Transition Gammas
2854.0,5968.0,1.0,1.0
1.0,1.0,4458.10073877752,11776.899261222497
1.0,1.0,1.0,1.0
1.0,1.0,1.0,1.0

1.0,1.0,1.0,1.0
1.0,1.0,1.0,1.0
5682.0,1.0,1.0,1.0
1.0,9923.0,1457.6351260446872,1457.6351260446872

Iteration: ,50000
Error:,0.2717703836626698
Absolute Error:,0.3458557171604955
Transition Probabilities
0.3240265297389816,0.6757595207531023,0.0001069747539580659,0.0001069747539580659
5.8572014291571427e-05,5.8572014291571427e-05,0.2767252557145219,0.7231576002568949
0.25,0.25,0.25,0.25
0.25,0.25,0.25,0.25

0.25,0.25,0.25,0.25
0.25,0.25,0.25,0.25
0.9995015783352716,0.0001661405549094534,0.0001661405549094534,0.0001661405549094534
7.429317147767834e-05,0.7725746901963771,0.11367550831607266,0.11367550831607266

Transition Gammas
3029.0,6317.0,1.0,1.0
1.0,1.0,4724.5302908140375,12346.46970918598
1.0,1.0,1.0,1.0
1.0,1.0,1.0,1.0

1.0,1.0,1.0,1.0
1.0,1.0,1.0,1.0
6016.0,1.0,1.0,1.0
1.0,10399.0,1530.0936284598765,1530.0936284598765

Iteration: ,52500
Error:,0.2696216902139663
Absolute Error:,0.3456173300398917
Transition Probabilities
0.32206332992849845,0.677732379979571,0.00010214504596527068,0.00010214504596527068
5.574757498048829e-05,5.574757498048829e-05,0.2767540081265769,0.7231344967234622
0.25,0.25,0.25,0.25
0.25,0.25,0.25,0.25

0.25,0.25,0.25,0.25
0.25,0.25,0.25,0.25
0.9995253164556962,0.00015822784810126583,0.00015822784810126583,0.00015822784810126583
7.0680858304908e-05,0.7726124621309494,0.11365842850537287,0.11365842850537287

Transition Gammas
3153.0,6635.0,1.0,1.0
1.0,1.0,4964.413397774541,12971.586602225478
1.0,1.0,1.0,1.0
1.0,1.0,1.0,1.0

1.0,1.0,1.0,1.0
1.0,1.0,1.0,1.0
6317.0,1.0,1.0,1.0
1.0,10931.0,1608.0510513195134,1608.0510513195134

Iteration: ,55000
Error:,0.26744157063247
Absolute Error:,0.34553222214349216
Transition Probabilities
0.3218536585365854,0.6779512195121952,9.75609756097561e-05,9.75609756097561e-05
5.321413367390371e-05,5.321413367390371e-05,0.2762584524236525,0.7236351193089996
0.25,0.25,0.25,0.25
0.25,0.25,0.25,0.25

0.25,0.25,0.25,0.25
0.25,0.25,0.25,0.25
0.9995464166918657,0.00015119443604475356,0.00015119443604475356,0.00015119443604475356
6.741717083324452e-05,0.771994023211483,0.11396927980884183,0.11396927980884183

Transition Gammas
3299.0,6949.0,1.0,1.0
1.0,1.0,5191.448837945286,13598.551162054742
1.0,1.0,1.0,1.0
1.0,1.0,1.0,1.0

1.0,1.0,1.0,1.0
1.0,1.0,1.0,1.0
6611.0,1.0,1.0,1.0
1.0,11451.0,1690.5081954676402,1690.5081954676402

Iteration: ,57500
Error:,0.2710134824475819
Absolute Error:,0.34550409331963644
Transition Probabilities
0.3210555762775084,0.6787579261469601,9.324878776575905e-05,9.324878776575905e-05
5.085435313262808e-05,5.085435313262808e-05,0.2768078787534178,0.7230904125403169
0.25,0.25,0.25,0.25
0.25,0.25,0.25,0.25

0.25,0.25,0.25,0.25
0.25,0.25,0.25,0.25
0.9995671620256817,0.00014427932477276007,0.00014427932477276007,0.00014427932477276007
6.453716618330156e-05,0.7727680278788529,0.11358371747748196,0.11358371747748196

Transition Gammas
3443.0,7279.0,1.0,1.0
1.0,1.0,5443.1501278072155,14218.849872192814
1.0,1.0,1.0,1.0
1.0,1.0,1.0,1.0

1.0,1.0,1.0,1.0
1.0,1.0,1.0,1.0
6928.0,1.0,1.0,1.0
1.0,11974.0,1759.9737359845647,1759.9737359845647

Iteration: ,60000
Error:,0.2709487719419206
Absolute Error:,0.34551602917299096
Transition Probabilities
0.32087951376474794,0.6789417232749374,8.93814801573114e-05,8.93814801573114e-05
4.8723445722081396e-05,4.8723445722081396e-05,0.2770587422964071,0.7228438108121487
0.25,0.25,0.25,0.25
0.25,0.25,0.25,0.25

0.25,0.25,0.25,0.25
0.25,0.25,0.25,0.25
0.9995851769911505,0.00013827433628318584,0.00013827433628318584,0.00013827433628318584
6.186633504453997e-05,0.7733910543917941,0.1132735396365807,0.1132735396365807

Transition Gammas
3590.0,7596.0,1.0,1.0
1.0,1.0,5686.353626891467,14835.64637310856
1.0,1.0,1.0,1.0
1.0,1.0,1.0,1.0

1.0,1.0,1.0,1.0
1.0,1.0,1.0,1.0
7229.0,1.0,1.0,1.0
1.0,12501.0,1830.9398731156566,1830.9398731156566

Iteration: ,62500
Error:,0.26742758782991716
Absolute Error:,0.3454917713031251
Transition Probabilities
0.32031920370688177,0.6795091813969453,8.580744808649391e-05,8.580744808649391e-05
4.677706052951628e-05,4.677706052951628e-05,0.2774055858292502,0.7225008600496907
0.25,0.25,0.25,0.25
0.25,0.25,0.25,0.25

0.25,0.25,0.25,0.25
0.25,0.25,0.25,0.25
0.9996021220159151,0.0001326259946949602,0.0001326259946949602,0.0001326259946949602
5.940779371346815e-05,0.7731330273870745,0.11340378240960607,0.11340378240960607

Transition Gammas
3733.0,7919.0,1.0,1.0
1.0,1.0,5930.376613857717,15445.623386142304
1.0,1.0,1.0,1.0
1.0,1.0,1.0,1.0

1.0,1.0,1.0,1.0
1.0,1.0,1.0,1.0
7537.0,1.0,1.0,1.0
1.0,13014.0,1908.9041238691323,1908.9041238691323

Iteration: ,65000
Error:,0.2698348419408736
Absolute Error:,0.34559866182457644
Transition Probabilities
0.3210222588623248,0.6788128606760099,8.244023083264634e-05,8.244023083264634e-05
4.501462975467024e-05,4.501462975467024e-05,0.2775402179174896,0.7223697528230011
0.25,0.25,0.25,0.25
0.25,0.25,0.25,0.25

0.25,0.25,0.25,0.25
0.25,0.25,0.25,0.25
0.9996172981247609,0.00012756729174639623,0.00012756729174639623,0.00012756729174639623
5.7146974630662524e-05,0.7727985379304493,0.11357215754746006,0.11357215754746006

Transition Gammas
3894.0,8234.0,1.0,1.0
1.0,1.0,6165.555941037036,16047.44405896298
1.0,1.0,1.0,1.0
1.0,1.0,1.0,1.0

1.0,1.0,1.0,1.0
1.0,1.0,1.0,1.0
7836.0,1.0,1.0,1.0
1.0,13523.0,1987.3695551071621,1987.3695551071621

Iteration: ,67500
Error:,0.26711806078903166
Absolute Error:,0.34572357109718443
Transition Probabilities
0.32127558305568776,0.6785657623353959,7.932730445819452e-05,7.932730445819452e-05
4.336889582791222e-05,4.336889582791222e-05,0.27826962286042234,0.7216436393479218
0.25,0.25,0.25,0.25
0.25,0.25,0.25,0.25

0.25,0.25,0.25,0.25
0.25,0.25,0.25,0.25
0.9996317662943415,0.00012274456855284154,0.00012274456855284154,0.00012274456855284154
5.507009964250194e-05,0.7726334979843023,0.11365571595802762,0.11365571595802762

Transition Gammas
4050.0,8554.0,1.0,1.0
1.0,1.0,6416.340963915619,16639.65903608438
1.0,1.0,1.0,1.0
1.0,1.0,1.0,1.0

1.0,1.0,1.0,1.0
1.0,1.0,1.0,1.0
8144.0,1.0,1.0,1.0
1.0,14030.0,2063.8371220652475,2063.8371220652475

Iteration: ,70000
Error:,0.27096524802655153
Absolute Error:,0.3459287998996481
Transition Probabilities
0.3228268335495688,0.6770205296496985,7.631840036632832e-05,7.631840036632832e-05
4.185851820845543e-05,4.185851820845543e-05,0.27834509818177716,0.7215711847818058
0.25,0.25,0.25,0.25
0.25,0.25,0.25,0.25

0.25,0.25,0.25,0.25
0.25,0.25,0.25,0.25
0.9996449283938927,0.00011835720203574388,0.00011835720203574388,0.00011835720203574388
5.312759472123119e-05,0.7723158444625378,0.11381551397137053,0.11381551397137053

Transition Gammas
4230.0,8871.0,1.0,1.0
1.0,1.0,6649.664395562656,17238.33560443734
1.0,1.0,1.0,1.0
1.0,1.0,1.0,1.0

1.0,1.0,1.0,1.0
1.0,1.0,1.0,1.0
8446.0,1.0,1.0,1.0
1.0,14537.0,2142.3050406964285,2142.3050406964285

Iteration: ,72500
Error:,0.2691374643128417
Absolute Error:,0.3458509489912577
Transition Probabilities
0.322155070754717,0.6776975235849056,7.370283018867924e-05,7.370283018867924e-05
4.04040404040404e-05,4.04040404040404e-05,0.2783797155639838,0.7215394763552081
0.25,0.25,0.25,0.25
0.25,0.25,0.25,0.25

0.25,0.25,0.25,0.25
0.25,0.25,0.25,0.25
0.999657416923604,0.00011419435879867534,0.00011419435879867534,0.00011419435879867534
5.127797891031352e-05,0.7722463623893216,0.11385117981588408,0.11385117981588408

Transition Gammas
4371.0,9195.0,1.0,1.0
1.0,1.0,6889.897960208599,17858.102039791404
1.0,1.0,1.0,1.0
1.0,1.0,1.0,1.0

1.0,1.0,1.0,1.0
1.0,1.0,1.0,1.0
8754.0,1.0,1.0,1.0
1.0,15060.0,2220.274321166454,2220.274321166454

Iteration: ,74999
Error:,0.27020070290854
Absolute Error:,0.3458322939336427
Transition Probabilities
0.32145402708481824,0.6784034212401996,7.127583749109053e-05,7.127583749109053e-05
3.905029678225554e-05,3.905029678225554e-05,0.27891804214643473,0.7210038572600008
0.25,0.25,0.25,0.25
0.25,0.25,0.25,0.25

0.25,0.25,0.25,0.25
0.25,0.25,0.25,0.25
0.9996692027786966,0.00011026574043444702,0.00011026574043444702,0.00011026574043444702
4.958720747479623e-05,0.7723207564199513,0.11381482818628687,0.11381482818628687

Transition Gammas
4510.0,9518.0,1.0,1.0
1.0,1.0,7142.533223285901,18463.466776714104
1.0,1.0,1.0,1.0
1.0,1.0,1.0,1.0

1.0,1.0,1.0,1.0
1.0,1.0,1.0,1.0
9066.0,1.0,1.0,1.0
1.0,15575.0,2295.2457696702463,2295.2457696702463

*,*,*,*,*,*,*,*,*,*,*
Model Num 2
Model States: 
"['diamond', 'x', 'diamond']","['diamond', 'x', 'square']","['square', 'y', 'diamond', 'x', 'diamond']","['square', 'y', 'diamond', 'x', 'square']"
Iteration: ,74999
Error:,0.271163466365738
Absolute Error:,0.3458322942408737
Transition Probabilities
0.32145402708481824,0.6784034212401996,7.127583749109053e-05,7.127583749109053e-05
3.905029678225554e-05,3.905029678225554e-05,0.27891804214643473,0.7210038572600008
0.25,0.25,0.25,0.25
0.25,0.25,0.25,0.25

0.25,0.25,0.25,0.25
0.25,0.25,0.25,0.25
0.9996692027786966,0.00011026574043444702,0.00011026574043444702,0.00011026574043444702
4.958474962683919e-05,0.7722824754380204,0.11383396990617627,0.11383396990617627

Transition Gammas
4510.0,9518.0,1.0,1.0
1.0,1.0,7142.533223285901,18463.466776714104
1.0,1.0,1.0,1.0
1.0,1.0,1.0,1.0

1.0,1.0,1.0,1.0
1.0,1.0,1.0,1.0
9066.0,1.0,1.0,1.0
1.0,15575.0,2295.7455823183245,2295.7455823183245

