0,1,2,3,4,5,6,7,8,9,10,11,12,13,14,15,16,17,18,19,20,21,22,23,24,25,26,27,28,29
github Code Version (SHA):,3130f818d955eaa9876b4af7408e9fb46046852d
Environment Observations,Environment Actions,alpha,epsilon,numActions,explore,patience,gainThresh,insertRandActions,useBudd,revisedSplitting,haveControl,confidence_factor
"['diamond', 'square']","['x', 'y']",0.75,0.99,75000,0.5,0,0.01,False,True,False,True,250

Model Num 0
Model States: 
['diamond'],['square']
Iteration: ,0
Error:,0.40385920968531686
Absolute Error:,1
Transition Probabilities
0.5,0.5
0.5,0.5

0.5,0.5
0.5,0.5

Transition Gammas
1.0,1.0
1.0,1.0

1.0,1.0
1.0,1.0

Iteration: ,1983
Error:,0.06505744528525977
Absolute Error:,1
Transition Probabilities
0.5055762081784386,0.4944237918215613
0.16415410385259632,0.8358458961474037

0.19047619047619047,0.8095238095238095
0.7847866419294991,0.21521335807050093


Model Num 1
Model States: 
['square'],"['diamond', 'x', 'diamond']","['diamond', 'x', 'square']"
Iteration: ,0
Error:,0.47482315061414293
Absolute Error:,1
Transition Probabilities
0.3333333333333333,0.3333333333333333,0.3333333333333333
0.3333333333333333,0.3333333333333333,0.3333333333333333
0.3333333333333333,0.3333333333333333,0.3333333333333333

0.3333333333333333,0.3333333333333333,0.3333333333333333
0.3333333333333333,0.3333333333333333,0.3333333333333333
0.3333333333333333,0.3333333333333333,0.3333333333333333

Transition Gammas
1.0,1.0,1.0
1.0,1.0,1.0
1.0,1.0,1.0

1.0,1.0,1.0
1.0,1.0,1.0
1.0,1.0,1.0

Iteration: ,2500
Error:,0.04943496215473936
Absolute Error:,1
Transition Probabilities
0.8211382113821138,0.0843390868680653,0.09452270174982089
0.0027777777777777775,0.27477033456867206,0.7224518876535502
0.9958677685950413,0.002066115702479339,0.002066115702479339

0.18451400329489293,0.4607892971765557,0.35469669952855143
0.8437339913066437,0.05787668065474371,0.09838932803861261
0.8016995418161973,0.0644575537936135,0.13384290439018914

Transition Gammas
707.0,72.61595379340422,81.38404620659578
1.0,98.91732044472195,260.0826795552781
482.0,1.0,1.0

112.0,279.6991033861693,215.30089661383073
63.45423306228973,4.3526993353087455,7.399511476994872
43.22126371771592,3.4750386969178915,7.215745008769977

Iteration: ,2909
Error:,0.060218121601042424
Absolute Error:,1
Transition Probabilities
0.8167028199566161,0.08670860364811793,0.09658857639526601
0.0023584905660377358,0.26709121056851737,0.7305502988654449
0.9965986394557823,0.0017006802721088435,0.0017006802721088435

0.188,0.4377692612342896,0.37423073876571045
0.8430733661121422,0.06599272522070554,0.09093390866715216
0.7467926373634415,0.07235659084430196,0.18085077179225642


Model Num 2
Model States: 
"['diamond', 'x', 'diamond']","['diamond', 'x', 'square']","['square', 'y', 'diamond', 'x', 'diamond']","['square', 'y', 'diamond', 'x', 'square']"
Iteration: ,0
Error:,0.40386913417565806
Absolute Error:,0.5
Transition Probabilities
0.25,0.25,0.25,0.25
0.25,0.25,0.25,0.25
0.25,0.25,0.25,0.25
0.25,0.25,0.25,0.25

0.25,0.25,0.25,0.25
0.25,0.25,0.25,0.25
0.25,0.25,0.25,0.25
0.25,0.25,0.25,0.25

Transition Gammas
1.0,1.0,1.0,1.0
1.0,1.0,1.0,1.0
1.0,1.0,1.0,1.0
1.0,1.0,1.0,1.0

1.0,1.0,1.0,1.0
1.0,1.0,1.0,1.0
1.0,1.0,1.0,1.0
1.0,1.0,1.0,1.0

Iteration: ,2500
Error:,0.07065765662973293
Absolute Error:,0.18998182586642076
Transition Probabilities
0.28422086474004843,0.7115238161110155,0.0021276595744680847,0.0021276595744680847
0.0019880715705765406,0.0019880715705765406,0.03353245120031039,0.9624914056585365
0.11144452222164596,0.06423236595925501,0.7241411581042169,0.10018195371488219
0.11128914692909239,0.1003733593972009,0.5792522649243279,0.2090852287493789

0.1307982972202462,0.17496791527704622,0.4179624426271234,0.2762713448755843
0.030269131951214386,0.059512880438162025,0.36637758036374046,0.543840407246883
0.8605685462171374,0.0029520374594690616,0.10826213167820334,0.028217284645190164
0.004229927339478697,0.8901889765552894,0.08000286153339534,0.025578234571836417

Transition Gammas
133.5838064278228,334.41619357217735,1.0,1.0
1.0,1.0,16.866822953756127,484.1331770462439
18.329855340030136,10.564628504929235,119.10323099966669,16.47744261151954
44.10614555301405,39.77999761323212,229.56941816566965,82.8647158027106

4.274208858475431,5.717577593283611,13.658119507310795,9.027957203615351
3.9100031661421455,7.687552828224293,47.326679256431426,70.25036983678798
312.7132383000523,1.0727108230849793,39.34027327767961,10.253591647312334
1.1145530459971822,234.55789088213692,21.08013349976969,6.739666421027486

Iteration: ,5000
Error:,0.05913803062794027
Absolute Error:,0.1712902065128522
Transition Probabilities
0.2566321722854791,0.7410689771398083,0.001149425287356322,0.001149425287356322
0.0010204081632653062,0.0010204081632653062,0.03821412546046923,0.9597450582130002
0.10977508218858918,0.06362605156742471,0.7352902589118421,0.09130860733214405
0.09418586251230616,0.09932167016626799,0.605671126093922,0.20082134122750378

0.09660029013082455,0.15865221764256895,0.4457317530045127,0.29901573922209385
0.043552280024041996,0.059167304266787304,0.3089580275704241,0.5883223881387466
0.8401205305751253,0.0015265106192350233,0.1381032293673575,0.020249729438282398
0.0020320641362495807,0.8830918712412485,0.08398995242788444,0.03088611219461738

Transition Gammas
223.26998988836675,644.7300101116331,1.0,1.0
1.0,1.0,37.44984295125984,940.5501570487401
44.8536450956317,25.997341827891425,300.4365622687289,37.308319755265025
70.81151083346778,74.67275167818167,455.36013965274935,150.98298407645723

5.793747699887989,9.515405386504677,26.733432324473842,17.933918718071304
12.30818483506736,16.721102011336242,87.3137412671718,166.2641012553789
597.2673485798255,1.0852430299558318,98.18180443475923,14.396151231755015
1.156465998392006,502.5755360417631,47.79943824444361,17.577564575062546

Iteration: ,7500
Error:,0.052409784704712976
Absolute Error:,0.1620874916059332
Transition Probabilities
0.2671048001576607,0.7313411982883377,0.000777000777000777,0.000777000777000777
0.0006775067750677507,0.0006775067750677507,0.04552125940698049,0.953123727042884
0.10039354772621234,0.07538224821588055,0.7363809625297586,0.08784324152814858
0.09700861788165077,0.10561866576929292,0.6081473951266445,0.18922532122241179

0.06452771619295966,0.13356968515591208,0.5030542911123889,0.2988483075387394
0.05388133652189577,0.07650037057229403,0.27934438986273713,0.590273903043073
0.8404258571698894,0.0010382142966748969,0.1431309731145941,0.015404955418841496
0.0012850007753725415,0.8676811146364494,0.10004835070754957,0.030985533880628476

Transition Gammas
343.7638778029093,941.2361221970906,1.0,1.0
1.0,1.0,67.1893788847032,1406.8106211152967
63.49332199362885,47.67506943401784,465.7199055400319,55.55595300328843
101.9005006592085,110.94473002366428,638.8146268984245,198.7674434604077

6.692696304599636,13.853602622109284,52.17586788711128,30.995998022297883
24.047216976210162,34.14208200208378,124.67127929142048,263.4389853359153
889.175247981163,1.0984365209944718,151.43336848479123,16.29852882063123
1.1743806938192438,792.9862525765309,91.4356269437577,28.31812515174746

Iteration: ,10000
Error:,0.050253371642813745
Absolute Error:,0.15828856367321023
Transition Probabilities
0.2696210070741237,0.7291609661292868,0.0006090133982947627,0.0006090133982947627
0.0005271481286241437,0.0005271481286241437,0.046482432617544825,0.9524632711252069
0.08745902923929658,0.06885871342566292,0.7610718598933262,0.08261039744171435
0.09756791308247707,0.10555236401491276,0.6186946997505961,0.17818502315201412

0.06235429127870255,0.11664918989334885,0.5138767679061453,0.3071197509218033
0.05567848937919146,0.07981309982963426,0.2702319423958565,0.5942764683953179
0.8473902050018675,0.0008045524081726656,0.13961775827858589,0.012187484311373812
0.0008542373820487298,0.8562157718978683,0.1104967567483276,0.03243323397175533

Transition Gammas
442.7176936157109,1197.2823063842886,1.0,1.0
1.0,1.0,88.17717467548248,1806.8228253245163
77.70559137772324,61.17958425550601,676.197065852892,73.39767938188926
116.31512073672548,125.83374571169699,737.5739259671338,212.42242276805456

9.903247773987905,18.52648480896721,81.61505573248053,48.77744461996481
40.47094859138338,58.01364038678925,196.42312804089227,431.96093625493114
1169.6936338826627,1.1105625536023969,192.72113610880177,16.82297332198613
1.1947364900178858,1197.5034662635028,154.54077530445315,45.36112435446354

Iteration: ,12439
Error:,0.048903752415480624
Absolute Error:,0.15818759345912392
Transition Probabilities
0.2657393658139685,0.73323235655107,0.0005141388174807203,0.0005141388174807203
0.0004372540445999122,0.0004372540445999122,0.042842375444771895,0.9562831164660283
0.08823629359406009,0.06612853655643834,0.7675619543964224,0.07807321545307931
0.0932154840506671,0.1040879968961669,0.6344545367051356,0.1682419823480304

0.08580384579916041,0.10821083136659972,0.4904647891284016,0.3155205337058383
0.06285590176411629,0.07722762355499882,0.26723221393907753,0.5926842607418075
0.8522920175190385,0.0006478355714889199,0.1371906146313873,0.009869532278085246
0.0006480537426283352,0.8538708256259926,0.11868033818722026,0.02680078244415872


Model Num 3
Model States: 
"['diamond', 'x', 'diamond']","['diamond', 'x', 'square']","['square', 'y', 'diamond', 'x', 'diamond']","['square', 'x', 'square', 'y', 'diamond', 'x', 'diamond']","['square', 'x', 'square', 'y', 'diamond', 'x', 'square']"
Iteration: ,0
Error:,0.3802664198659791
Absolute Error:,1
Transition Probabilities
0.2,0.2,0.2,0.2,0.2
0.2,0.2,0.2,0.2,0.2
0.2,0.2,0.2,0.2,0.2
0.2,0.2,0.2,0.2,0.2
0.2,0.2,0.2,0.2,0.2

0.2,0.2,0.2,0.2,0.2
0.2,0.2,0.2,0.2,0.2
0.2,0.2,0.2,0.2,0.2
0.2,0.2,0.2,0.2,0.2
0.2,0.2,0.2,0.2,0.2

Transition Gammas
1.0,1.0,1.0,1.0,1.0
1.0,1.0,1.0,1.0,1.0
1.0,1.0,1.0,1.0,1.0
1.0,1.0,1.0,1.0,1.0
1.0,1.0,1.0,1.0,1.0

1.0,1.0,1.0,1.0,1.0
1.0,1.0,1.0,1.0,1.0
1.0,1.0,1.0,1.0,1.0
1.0,1.0,1.0,1.0,1.0
1.0,1.0,1.0,1.0,1.0

Iteration: ,2500
Error:,0.18807891943478774
Absolute Error:,1
Transition Probabilities
0.26352818726576477,0.7296068241758829,0.002288329519450801,0.002288329519450801,0.002288329519450801
0.0017761989342806397,0.0017761989342806397,0.32859680284191833,0.5101413185376849,0.15770948075183552
0.2,0.2,0.2,0.2,0.2
0.1117160354717025,0.10419627339654967,0.5317298338247496,0.14051576140388738,0.11184209590311076
0.008646159451604116,0.008646159451604116,0.9597236991280568,0.014337822517130921,0.008646159451604116

0.15489971220132884,0.055319414977066585,0.06386685161741802,0.6249623520141715,0.10095166919001507
0.14320508688233136,0.1604529725511039,0.4552785269416689,0.1515992181350395,0.0894641954898564
0.46949492398613946,0.36151282795184503,0.007751937984496124,0.13869294966196113,0.02254736041555824
0.2,0.2,0.2,0.2,0.2
0.2,0.2,0.2,0.2,0.2

Transition Gammas
115.1618178351392,318.8381821648608,1.0,1.0,1.0
1.0,1.0,185.0,287.2095623367165,88.79043766328338
1.0,1.0,1.0,1.0,1.0
59.50751117547365,55.5019776472327,283.23524814549904,74.84819172794612,59.57465948143651
1.0,1.0,111.0,1.6582880060661889,1.0

10.46433827698481,3.7371345845532087,4.314561534769096,42.21968762186148,6.819847506608345
3.6365360572796095,4.07452718952106,11.561298661750245,3.8496958104320447,2.2718450846770515
302.82422597105995,233.17577402894005,5.0,89.45695253196493,14.543047468035065
1.0,1.0,1.0,1.0,1.0
1.0,1.0,1.0,1.0,1.0

Iteration: ,5000
Error:,0.17038474273032922
Absolute Error:,1
Transition Probabilities
0.2637262148205522,0.7329067818124445,0.0011223344556677893,0.0011223344556677893,0.0011223344556677893
0.0008968609865470852,0.0008968609865470852,0.33004484304932735,0.5163396518841644,0.15182178309341401
0.2,0.2,0.2,0.2,0.2
0.11660736670806544,0.10248523627984268,0.516020824861016,0.1676327983831842,0.09725377376789164
0.004594357555417921,0.004594357555417921,0.9785981593040172,0.007618768029729114,0.004594357555417921

0.11787827162059812,0.046676497113076226,0.042072994439080066,0.6918430706933519,0.10152916613389362
0.10979576649950742,0.11983631443154394,0.526374532913869,0.16737245655244964,0.07662092960263002
0.4807881402126123,0.35280560978738773,0.006250000000000001,0.14191802821617247,0.018238221783827575
0.2,0.2,0.2,0.2,0.2
0.2,0.2,0.2,0.2,0.2

Transition Gammas
234.98005740511195,653.0199425948879,1.0,1.0,1.0
1.0,1.0,368.0,575.7187118508433,169.28128814915664
1.0,1.0,1.0,1.0,1.0
129.64371665414785,113.94277487425947,573.7103880701388,186.3736368384026,108.1264507196787
1.0,1.0,213.0,1.6582880060661889,1.0

16.159659784093293,6.39877309779559,5.7676895570869515,94.84316738517043,13.9183987034275
4.817381247115388,5.257918700066936,23.095123652420334,7.3436067635906825,3.3618074828587683
615.4088194721436,451.59118052785624,8.0,181.65507611670074,23.34492388329929
1.0,1.0,1.0,1.0,1.0
1.0,1.0,1.0,1.0,1.0

Iteration: ,7500
Error:,0.174339200664837
Absolute Error:,1
Transition Probabilities
0.2745285577519792,0.7232492200257985,0.0007407407407407405,0.0007407407407407405,0.0007407407407407405
0.0006090133982947627,0.0006090133982947627,0.3246041412911085,0.524774604521759,0.14940322739054301
0.2,0.2,0.2,0.2,0.2
0.1194026248262582,0.10419208853474195,0.4961416559884707,0.18195502670436867,0.09830860394616038
0.00312834059844875,0.00312834059844875,0.9854272885113563,0.005187689693297486,0.00312834059844875

0.11869609379147568,0.05531605289606412,0.03089855609492165,0.709260746802841,0.08582855041469752
0.10451889216034055,0.12078548379465016,0.5084163111868657,0.19905694419974282,0.06722236865840081
0.48460588760563494,0.3439655409657936,0.007936507936507938,0.1470122562987984,0.01647980719326513
0.2,0.2,0.2,0.2,0.2
0.2,0.2,0.2,0.2,0.2

Transition Gammas
370.61355296517206,976.3864470348283,1.0,1.0,1.0
1.0,1.0,533.0,861.6799006247279,245.32009937527158
1.0,1.0,1.0,1.0,1.0
205.28880499165828,179.137346235109,853.0158178068538,312.83508255130613,169.02187748277439
1.0,1.0,315.0,1.6582880060661889,1.0

25.34892942335918,11.81338556350903,6.5987455249359135,151.4708701791788,18.329683795606428
6.751437600559122,7.802184275374054,32.84134503472131,12.858159036558273,4.342254476470481
915.9051275746499,650.0948724253499,15.0,277.85316440472894,31.14683559527109
1.0,1.0,1.0,1.0,1.0
1.0,1.0,1.0,1.0,1.0

Iteration: ,10000
Error:,0.17390069842104702
Absolute Error:,1
Transition Probabilities
0.2739322292487324,0.7243927288752207,0.0005583472920156334,0.0005583472920156334,0.0005583472920156334
0.0004599816007359704,0.0004599816007359704,0.32934682612695476,0.5198687189097839,0.14986449176178934
0.2,0.2,0.2,0.2,0.2
0.12138852800028976,0.10630294804718415,0.488316878398974,0.1912002430294402,0.09279140252411192
0.0023828911011178336,0.0023828911011178336,0.9888998069639009,0.0039515197327455575,0.0023828911011178336

0.1171693470855311,0.04884244904694299,0.027391132801729102,0.7275154842701264,0.07908158679567036
0.11258213174573975,0.1009883313688094,0.5003596196540121,0.22386580517665597,0.06220411205478278
0.4804152804604487,0.34176293736133345,0.009900990099009905,0.15226670835096434,0.01565408372824364
0.2,0.2,0.2,0.2,0.2
0.2,0.2,0.2,0.2,0.2

Transition Gammas
490.61262258448,1297.3873774155209,1.0,1.0,1.0
1.0,1.0,716.0,1130.1945949098706,325.80540509013014
1.0,1.0,1.0,1.0,1.0
281.9393968018533,246.901330335024,1134.1744431042284,444.08546735124304,215.51914737761408
1.0,1.0,415.0,1.6582880060661889,1.0

33.60439086708062,14.008106979386106,7.8558288140796755,208.65282007093938,22.68074901134986
9.588681122784731,8.601230866764745,42.61589974522514,19.066771847794886,5.297957906556094
1213.0485831626324,862.9514168373667,25.0,384.47343858618484,39.52656141381518
1.0,1.0,1.0,1.0,1.0
1.0,1.0,1.0,1.0,1.0

Iteration: ,12500
Error:,0.17554758660333283
Absolute Error:,1
Transition Probabilities
0.2730908664535414,0.7255620298194716,0.0004490345756623258,0.0004490345756623258,0.0004490345756623258
0.00036643459142543045,0.00036643459142543045,0.3239281788200805,0.5215321986467728,0.15380675335029587
0.2,0.2,0.2,0.2,0.2
0.12127251207268809,0.10823409781702453,0.48812794114415375,0.19406850488699706,0.08829694407913657
0.0018844518640375378,0.0018844518640375378,0.9912216804837448,0.0031249639241425213,0.0018844518640375378

0.11671843722792934,0.048263890412167686,0.023615223787743434,0.7328027666970217,0.07859968187513779
0.11187868322390503,0.10723252888436115,0.4956290869137766,0.22959955341503505,0.05566014756292218
0.47913044083293604,0.3486420408956942,0.007944073721004133,0.1502308256472795,0.014052618903085998
0.2,0.2,0.2,0.2,0.2
0.2,0.2,0.2,0.2,0.2

Transition Gammas
608.173359592037,1615.8266404079639,1.0,1.0,1.0
1.0,1.0,884.0,1423.2613701070434,419.73862989295753
1.0,1.0,1.0,1.0,1.0
353.8998040363015,315.8508498985514,1424.4644541709313,566.3344864824809,257.6698599916952
1.0,1.0,526.0,1.6582880060661889,1.0

41.62017363569775,17.210232993147347,8.420860815437242,261.30728884837754,28.027554900906857
12.49812507363788,11.979096636997882,55.3674224604903,25.64888907111638,6.217873376882072
1507.8234973012493,1097.1765026987493,25.0,472.77640831198846,44.22359168801162
1.0,1.0,1.0,1.0,1.0
1.0,1.0,1.0,1.0,1.0

Iteration: ,15000
Error:,0.1770122124855366
Absolute Error:,1
Transition Probabilities
0.2757852133822094,0.7231077755476799,0.00036900369003690014,0.00036900369003690014,0.00036900369003690014
0.0003055300947143293,0.0003055300947143293,0.3296669721967613,0.519606824464469,0.15011514314934105
0.2,0.2,0.2,0.2,0.2
0.11767848328501135,0.10598574586979295,0.48839230535663675,0.2031366152118964,0.08480685027666257
0.0016216436549218371,0.0016216436549218371,0.9924459168121643,0.00268915222307022,0.0016216436549218371

0.10829201630591818,0.048069763341513146,0.020836729900860395,0.7505464972408217,0.07225499321088667
0.12173033087905238,0.12150985017642739,0.4791731341662762,0.22390244711702306,0.05368423766122101
0.4868360517207139,0.3426521476958863,0.007159904534606207,0.1497712220482933,0.013580674000500217
0.2,0.2,0.2,0.2,0.2
0.2,0.2,0.2,0.2,0.2

Transition Gammas
747.377928265788,1959.622071734214,1.0,1.0,1.0
1.0,1.0,1079.0,1700.6731364722075,491.3268635277934
1.0,1.0,1.0,1.0,1.0
414.61738314009807,373.42028360661305,1720.7558590153942,715.7125879597489,298.8005398480739
1.0,1.0,612.0,1.6582880060661889,1.0

45.67716504782223,20.275645323265216,8.788854277584253,316.5776887345692,30.476884289415317
15.813007356024618,15.784366482815011,62.24552451852895,29.08536449154323,6.973687156760566
1835.8587510388118,1292.1412489611869,27.0,564.7872783441139,51.212721655886305
1.0,1.0,1.0,1.0,1.0
1.0,1.0,1.0,1.0,1.0

Iteration: ,17500
Error:,0.17120148901825694
Absolute Error:,1
Transition Probabilities
0.2749675300540516,0.724081899603743,0.0003168567807351074,0.0003168567807351074,0.0003168567807351074
0.0002625360987135732,0.0002625360987135732,0.3328957731688108,0.519086158592165,0.1474929960415971
0.2,0.2,0.2,0.2,0.2
0.11611984215297971,0.10652445324334697,0.4869416577702478,0.20754349959238066,0.08287054724104481
0.0014111173423423504,0.0014111173423423504,0.9934266090090146,0.002340038963958316,0.0014111173423423504

0.09948005715479066,0.043778413852422426,0.018398191863921925,0.7666976559196085,0.07164568120925655
0.11860226990890746,0.1069318289679122,0.48758933823454503,0.24018160125198765,0.04669496163664766
0.487349319000247,0.3416309217446995,0.006813536225300934,0.15120200983185259,0.013004213197900096
0.2,0.2,0.2,0.2,0.2
0.2,0.2,0.2,0.2,0.2

Transition Gammas
867.7975248505877,2285.2024751494155,1.0,1.0,1.0
1.0,1.0,1268.0,1977.1991780775559,561.8008219224432
1.0,1.0,1.0,1.0,1.0
481.53830313576736,441.74710804109037,2019.3022592976865,860.6638001532048,343.6565358555404
1.0,1.0,704.0,1.6582880060661889,1.0

48.93761996246211,21.53608915137282,9.0506956588506,377.1646256005138,35.24494475827171
18.25510169183073,16.45880313590931,75.04909442425075,36.96842867113186,7.187225622476201
2145.799051558087,1504.2009484419114,30.0,665.7424492896466,57.2575507103541
1.0,1.0,1.0,1.0,1.0
1.0,1.0,1.0,1.0,1.0

Iteration: ,20000
Error:,0.1753532015990021
Absolute Error:,1
Transition Probabilities
0.2745724401785716,0.7245986015456616,0.00027631942525559525,0.00027631942525559525,0.00027631942525559525
0.00023030861354214656,0.00023030861354214656,0.3348687240902811,0.5201249902403972,0.14454566844223754
0.2,0.2,0.2,0.2,0.2
0.11586569970948654,0.10584083520973894,0.4874334348388514,0.20947231151475387,0.08138771872716923
0.0012631712635999554,0.0012631712635999554,0.9941157844531648,0.0020947017560352782,0.0012631712635999554

0.0973827858732738,0.04482865560645504,0.0175040742513434,0.773487608977505,0.06679687529142268
0.12525619667564225,0.10362270325486758,0.4827039516982835,0.24353276376013866,0.04488438461106809
0.4877354798975732,0.3372992354366856,0.007339813529061695,0.1550487776934548,0.012576693443224587
0.2,0.2,0.2,0.2,0.2
0.2,0.2,0.2,0.2,0.2

Transition Gammas
993.6776610062514,2622.322338993751,1.0,1.0,1.0
1.0,1.0,1454.0,2258.3827076238035,627.6172923761951
1.0,1.0,1.0,1.0,1.0
550.6533305492817,503.01002421330566,2316.5340992897304,995.5200398622528,386.7962519994562
1.0,1.0,787.0,1.6582880060661889,1.0

53.89766605205033,24.810954911305227,9.687838975739536,428.09595628450626,36.96952850026862
22.03240427722611,18.227100542757,84.90700573937633,42.83710066503233,7.895105661290333
2458.674554163666,1700.3254458363317,37.0,781.6008883527055,63.39911164729513
1.0,1.0,1.0,1.0,1.0
1.0,1.0,1.0,1.0,1.0

Iteration: ,22500
Error:,0.17442535965329317
Absolute Error:,1
Transition Probabilities
0.27544921644764175,0.7238180038747812,0.00024425989252564707,0.00024425989252564707,0.00024425989252564707
0.0002044153720359772,0.0002044153720359772,0.3358544562551105,0.5198442604887424,0.14389245251207508
0.2,0.2,0.2,0.2,0.2
0.11481809938867314,0.10586607392930042,0.4895782748284268,0.21107011106909337,0.07866744078450628
0.0011342262797319946,0.0011342262797319946,0.9947164473249593,0.0018808738358446408,0.0011342262797319946

0.0958238001690277,0.04637694140617673,0.017086607941287114,0.7775129650135215,0.06319968546998689
0.13037718608658833,0.10835268489824088,0.47188379979751593,0.24791126609402633,0.04147506312362862
0.4896348156772597,0.3341948217743418,0.007743752199929606,0.15560477299770625,0.012821837350762729
0.2,0.2,0.2,0.2,0.2
0.2,0.2,0.2,0.2,0.2

Transition Gammas
1127.6890921366464,2963.310907863357,1.0,1.0,1.0
1.0,1.0,1643.0,2543.078122310927,703.921877689071
1.0,1.0,1.0,1.0,1.0
612.4651358568403,564.7130521839634,2611.518795397603,1125.894653713485,419.62952761039753
1.0,1.0,877.0,1.6582880060661889,1.0

58.42280012475643,28.275551307621406,10.417531748929198,474.0417774004529,38.53220792378831
25.094167232965443,20.855032054238873,90.82517687397893,47.71637551809111,7.982854986077952
2782.105022678188,1898.8949773218092,44.0,884.1463201729665,72.85367982703379
1.0,1.0,1.0,1.0,1.0
1.0,1.0,1.0,1.0,1.0

Iteration: ,25000
Error:,0.1717206145687976
Absolute Error:,1
Transition Probabilities
0.27506182961394665,0.7242807081901296,0.00021915406530791134,0.00021915406530791134,0.00021915406530791134
0.00018433179723502312,0.00018433179723502312,0.3378801843317974,0.5194684761540783,0.14228267591965418
0.2,0.2,0.2,0.2,0.2
0.11411504174575762,0.10467788169206557,0.4911984979042035,0.2127743539881502,0.07723422466982319
0.001034491725160406,0.001034491725160406,0.9951810396043106,0.0017154852202082215,0.001034491725160406

0.09417293607227249,0.047159625163578654,0.017600016796567586,0.7769047393056028,0.06416268266197839
0.12298675917930772,0.10079107808752497,0.4749683373135659,0.26080226202301365,0.04045156339658758
0.491727777613756,0.33137463677791185,0.008521382357582456,0.15610360408220678,0.012272599168542847
0.2,0.2,0.2,0.2,0.2
0.2,0.2,0.2,0.2,0.2

Transition Gammas
1255.1071285284393,3304.8928714715635,1.0,1.0,1.0
1.0,1.0,1833.0,2818.1164831358738,771.8835168641235
1.0,1.0,1.0,1.0,1.0
674.7372182219353,618.937360244141,2904.349006059026,1258.088097087088,456.66903423081675
1.0,1.0,962.0,1.6582880060661889,1.0

62.43857180394226,31.26779056525653,11.669169066362285,515.1036420137533,42.5411634766165
26.582428754854654,21.785041497681863,102.65992918019671,56.3699506808219,8.74322414207653
3116.0789267383707,2099.9210732616266,54.0,989.228539068944,77.77146093105598
1.0,1.0,1.0,1.0,1.0
1.0,1.0,1.0,1.0,1.0

Iteration: ,27500
Error:,0.1755851807526297
Absolute Error:,1
Transition Probabilities
0.2747938988431543,0.7246057409407161,0.00020012007204322582,0.00020012007204322582,0.00020012007204322582
0.00016809547823163558,0.00016809547823163558,0.3393847705496722,0.5189385529836434,0.141340485510221
0.2,0.2,0.2,0.2,0.2
0.1148330228439121,0.10606249578023941,0.48757573325699544,0.2152562066491432,0.07627254146970973
0.000946379743906631,0.000946379743906631,0.9955914905897758,0.0015693701785043574,0.000946379743906631

0.09592875122008467,0.048416978297782715,0.018585714969305937,0.7727663874051965,0.06430216810763029
0.12041819658211958,0.10892916961917347,0.4765788963827962,0.25311424684390016,0.04095949057201066
0.49006878384267905,0.33075619467350537,0.009023202520767692,0.15797897042668965,0.012172848536358217
0.2,0.2,0.2,0.2,0.2
0.2,0.2,0.2,0.2,0.2

Transition Gammas
1373.1451125192427,3620.85488748076,1.0,1.0,1.0
1.0,1.0,2019.0,3087.165451699695,840.8345483003046
1.0,1.0,1.0,1.0,1.0
747.6146065392625,690.5145322099274,3174.3372328750474,1401.4146824113238,496.5685363707177
1.0,1.0,1052.0,1.6582880060661889,1.0

69.57813499452097,35.11734500015672,13.480415085746555,560.4956109430692,46.639040706039665
29.675619528666754,26.844286702033074,117.44715006425997,62.376968762376784,10.093974937368277
3421.660248789584,2309.3397512104134,63.0,1103.0091715191468,84.99082848085304
1.0,1.0,1.0,1.0,1.0
1.0,1.0,1.0,1.0,1.0

Iteration: ,30000
Error:,0.17451749462519953
Absolute Error:,1
Transition Probabilities
0.2748654316778413,0.724583199088562,0.00018378974453225498,0.00018378974453225498,0.00018378974453225498
0.00015391719255040783,0.00015391719255040783,0.33861782361089726,0.5195639655197788,0.1415103764842231
0.2,0.2,0.2,0.2,0.2
0.11410391845278554,0.10546285849605166,0.4879476636842931,0.21638446896879562,0.07610109039807404
0.0008623229880238384,0.0008623229880238384,0.9959830511675334,0.0014299798683950892,0.0008623229880238384

0.09375624105350373,0.05023482084742002,0.018480250330178367,0.7727624154611775,0.06476627230772035
0.12445156348251761,0.1056560878396577,0.47796755764338567,0.2514314146014144,0.040493376433024454
0.4893982557003484,0.3322878594169978,0.009046807394781699,0.15746290511109148,0.01180417237678065
0.2,0.2,0.2,0.2,0.2
0.2,0.2,0.2,0.2,0.2

Transition Gammas
1495.5428137591355,3942.457186240868,1.0,1.0,1.0
1.0,1.0,2200.0,3375.607083982004,919.3929160179978
1.0,1.0,1.0,1.0,1.0
810.0190218949579,748.6764928284778,3463.920386196273,1536.1044413202164,540.2385092926916
1.0,1.0,1155.0,1.6582880060661889,1.0

73.50521031155719,39.38426956820721,14.488578806767562,605.8483491987017,50.77697669595999
33.14617569331276,28.14022702971778,127.30090485023743,66.96573036117273,10.78492332362723
3732.640496226556,2534.3595037734412,69.0,1200.9695772822943,90.03042271770599
1.0,1.0,1.0,1.0,1.0
1.0,1.0,1.0,1.0,1.0

Iteration: ,32500
Error:,0.17695712137436614
Absolute Error:,1
Transition Probabilities
0.2751387124984384,0.7243514302615888,0.00016995241332426914,0.00016995241332426914,0.00016995241332426914
0.00014220705346985207,0.00014220705346985207,0.33944823663253687,0.5197145082505106,0.14055284101001267
0.2,0.2,0.2,0.2,0.2
0.11301858039363445,0.10616561805585552,0.4884408103451745,0.217333549652546,0.07504144155278951
0.0007989401017693365,0.0007989401017693365,0.9962783069063627,0.001324872788329391,0.0007989401017693365

0.09180247286493516,0.05265779749936696,0.01830390013194932,0.7738446880037445,0.06339114150000402
0.1253782925587253,0.10411798230511565,0.47161034005920505,0.25631508763302635,0.04257829744392787
0.4886513428543671,0.3308149051833093,0.010143702451394761,0.15835306198795043,0.012036987522978304
0.2,0.2,0.2,0.2,0.2
0.2,0.2,0.2,0.2,0.2

Transition Gammas
1618.9161843408122,4262.08381565919,1.0,1.0,1.0
1.0,1.0,2387.0,3654.6324220175916,988.3675779824093
1.0,1.0,1.0,1.0,1.0
870.0311105423013,817.2761527957414,3760.0782028821936,1673.0607383647064,577.6783649509182
1.0,1.0,1247.0,1.6582880060661889,1.0

77.60696666693117,44.5152707520181,15.473550146137791,654.1843267734808,53.58890726840775
35.67720142706011,29.62744308500462,134.199762606399,72.93611057906895,12.115929028278813
4046.5217701770134,2739.478229822984,84.0,1311.3217063222173,99.67829367778332
1.0,1.0,1.0,1.0,1.0
1.0,1.0,1.0,1.0,1.0

Iteration: ,35000
Error:,0.17825816778974396
Absolute Error:,1
Transition Probabilities
0.2765764088856957,0.7229486069471098,0.00015832805573147554,0.00015832805573147554,0.00015832805573147554
0.00013203063110641674,0.00013203063110641674,0.3390546606812782,0.5195912683947751,0.14109000966173396
0.2,0.2,0.2,0.2,0.2
0.11227527652554713,0.10637667756106682,0.4876175552062042,0.2182595452147774,0.07547094549240461
0.0007354789132102421,0.0007354789132102421,0.9965739273998782,0.00121963586049114,0.0007354789132102421

0.09461067568637849,0.053356637874694836,0.018091258953583288,0.7725318676575778,0.06140955982776554
0.11927783493411341,0.10998908717566977,0.4787588385560677,0.2497853491725826,0.04218889016156656
0.4856519364198023,0.33210245740086286,0.01063472517631255,0.15947970533577982,0.0121311756672427
0.2,0.2,0.2,0.2,0.2
0.2,0.2,0.2,0.2,0.2

Transition Gammas
1746.8565985220548,4566.143401477948,1.0,1.0,1.0
1.0,1.0,2568.0,3935.3842668220245,1068.6157331779725
1.0,1.0,1.0,1.0,1.0
930.4212507251199,881.5397694596617,4040.8694561286525,1808.7091417247295,625.425059474003
1.0,1.0,1355.0,1.6582880060661889,1.0

85.78322680716448,48.37830969144717,16.40329232175453,700.4524165825569,55.67987080333041
36.13547413382039,33.3214282170226,145.0410098115625,75.67300353011093,12.781214129263736
4338.328748038093,2966.6712519619073,95.0,1424.632207764521,108.36779223547902
1.0,1.0,1.0,1.0,1.0
1.0,1.0,1.0,1.0,1.0

Iteration: ,37500
Error:,0.17295569064179053
Absolute Error:,1
Transition Probabilities
0.2776633201239368,0.7218950487852345,0.00014721036360959805,0.00014721036360959805,0.00014721036360959805
0.00012283503255128365,0.00012283503255128365,0.34197273062277367,0.5173427919359972,0.1404388073761266
0.2,0.2,0.2,0.2,0.2
0.11084155876050346,0.10574519439648486,0.4899542303500468,0.21978372402236196,0.07367529247060292
0.00069077074906769,0.00069077074906769,0.9967821909046767,0.0011454968481203072,0.00069077074906769

0.09492393701797597,0.051655872524922,0.01793065199473202,0.7732318410794806,0.06225769738288948
0.11838032829571649,0.11131877265466744,0.48010533888294765,0.2477165028519315,0.04247905731473704
0.4859830529955039,0.3324451312863387,0.010527412966437357,0.1590115428862901,0.012032859865429853
0.2,0.2,0.2,0.2,0.2
0.2,0.2,0.2,0.2,0.2

Transition Gammas
1886.1669336019033,4903.8330663981,1.0,1.0,1.0
1.0,1.0,2784.0,4211.687669150952,1143.3123308490465
1.0,1.0,1.0,1.0,1.0
981.9076112930801,936.7606554498732,4340.337625578235,1946.9891426030208,652.664318781727
1.0,1.0,1443.0,1.6582880060661889,1.0

90.74124211964379,49.37972636762584,17.140562066119678,739.160425812553,59.51439615238945
37.46448563040745,35.22967555975505,151.94162601687037,78.39622929856992,13.443585224613761
4662.521410438864,3189.4785895611335,101.0,1525.5567424510673,115.443257548934
1.0,1.0,1.0,1.0,1.0
1.0,1.0,1.0,1.0,1.0

Iteration: ,40000
Error:,0.17233893100873535
Absolute Error:,1
Transition Probabilities
0.27866102002096554,0.7209246725629317,0.0001381024720342494,0.0001381024720342494,0.0001381024720342494
0.00011526048870447213,0.00011526048870447213,0.34047948363301067,0.518249494695233,0.1410405006943474
0.2,0.2,0.2,0.2,0.2
0.11038396633861126,0.10639689807754457,0.48864521210913586,0.22107724097831186,0.07349668249639638
0.0006444717936479649,0.0006444717936479649,0.9969978647734017,0.001068719845654384,0.0006444717936479649

0.09423201238589322,0.05273532192350614,0.018087227163728715,0.7744344263015643,0.060511012225307644
0.1177000043739721,0.10868359656316946,0.4769915147748156,0.2543161638414196,0.042308720446623295
0.48656765571608396,0.33287678872836035,0.010269953051643197,0.1581251420892499,0.012160460414662648
0.2,0.2,0.2,0.2,0.2
0.2,0.2,0.2,0.2,0.2

Transition Gammas
2017.7844459718117,5220.215554028189,1.0,1.0,1.0
1.0,1.0,2954.0,4496.33261597584,1223.6673840241579
1.0,1.0,1.0,1.0,1.0
1044.0371264451571,1006.3265111420658,4621.719621277606,2090.9997624599227,695.1486501346092
1.0,1.0,1547.0,1.6582880060661889,1.0

95.9810177042795,53.71412261104014,18.422937456900357,788.8084155229345,61.63413460721746
39.43779041671135,36.41665882504025,159.82574928772715,85.21382494848801,14.17640091559879
4974.6677120412405,3403.332287958755,105.0,1616.6714527204904,124.32854727951087
1.0,1.0,1.0,1.0,1.0
1.0,1.0,1.0,1.0,1.0

Iteration: ,42500
Error:,0.17267992025342452
Absolute Error:,1
Transition Probabilities
0.2802253441283091,0.7193867081153221,0.00012931591878960293,0.00012931591878960293,0.00012931591878960293
0.00010864841373315956,0.00010864841373315956,0.3394176445023905,0.518592986605528,0.14177207206461526
0.2,0.2,0.2,0.2,0.2
0.10963640438995842,0.10586293131565669,0.489342067263346,0.22200445116008433,0.07315414587095455
0.0006039893661899974,0.0006039893661899974,0.9971864435796857,0.0010015883217443919,0.0006039893661899974

0.09402892886014506,0.0520770943155665,0.017818486660607775,0.776324641000097,0.059750849163583565
0.11278562491880915,0.10673673856748965,0.4901908965580754,0.24894914803720275,0.041337591918422956
0.488717761408374,0.33121407980006273,0.01003960578428664,0.15792107492851548,0.012107478078761159
0.2,0.2,0.2,0.2,0.2
0.2,0.2,0.2,0.2,0.2

Transition Gammas
2166.982586144215,5563.017413855789,1.0,1.0,1.0
1.0,1.0,3124.0,4773.129848717277,1304.870151282718
1.0,1.0,1.0,1.0,1.0
1100.4935511991516,1062.6166907986383,4911.851974261722,2228.406414809026,734.2968443959753
1.0,1.0,1651.0,1.6582880060661889,1.0

101.1427067538618,56.01699756451336,19.166547922629075,835.0576409017356,64.27131190907451
40.62990023821398,38.45084905874563,176.5863977716351,89.68145591622358,14.891456574741463
5306.008735610714,3595.99126438928,109.0,1714.549110498892,131.45088950110986
1.0,1.0,1.0,1.0,1.0
1.0,1.0,1.0,1.0,1.0

Iteration: ,45000
Error:,0.1698093933668002
Absolute Error:,1
Transition Probabilities
0.28016818492123413,0.7194652013674131,0.0001222045704509348,0.0001222045704509348,0.0001222045704509348
0.00010245901639344261,0.00010245901639344261,0.340061475409836,0.5178808994788985,0.1418527070784786
0.2,0.2,0.2,0.2,0.2
0.109448750612425,0.10618418101770163,0.48849655222703525,0.22300336531399395,0.07286715082884422
0.0005682921546848377,0.0005682921546848377,0.9973527314718901,0.0009423920640553777,0.0005682921546848377

0.09272267671802348,0.05094466724428835,0.0176257190330712,0.7787419518955503,0.059964985109066574
0.11194632586088694,0.11009262653142873,0.48737058334597433,0.2489784740360498,0.04161199022566017
0.4887190246405517,0.3321505405768394,0.010173913043478268,0.15692507913540454,0.012031442603726107
0.2,0.2,0.2,0.2,0.2
0.2,0.2,0.2,0.2,0.2

Transition Gammas
2292.61625721046,5887.383742789544,1.0,1.0,1.0
1.0,1.0,3319.0,5054.51757891405,1384.4824210859515
1.0,1.0,1.0,1.0,1.0
1162.769895989092,1128.0875151773853,5189.726534526357,2369.1599807255675,774.1315356838628
1.0,1.0,1755.0,1.6582880060661889,1.0

105.49672531761357,57.963119237941676,20.053946943443922,886.0262526961523,68.22613180122217
41.919831963026446,41.225688910065266,182.5025770204724,93.23339300096309,15.582178552911667
5620.268783366341,3819.731216633651,117.0,1804.638410057151,138.36158994285015
1.0,1.0,1.0,1.0,1.0
1.0,1.0,1.0,1.0,1.0

Iteration: ,47500
Error:,0.1744744948831383
Absolute Error:,1
Transition Probabilities
0.280744650317558,0.7189075639184725,0.00011592858798979821,0.00011592858798979821,0.00011592858798979821
9.704027171276079e-05,9.704027171276079e-05,0.3408054342552159,0.5166466546191592,0.14235383058219958
0.2,0.2,0.2,0.2,0.2
0.10884142295695394,0.10689170117951173,0.4884424704396045,0.2239085439762884,0.07191586144764145
0.0005374441972747334,0.0005374441972747334,0.9974964301419053,0.0008912372662705612,0.0005374441972747334

0.09369456093234407,0.05124493552731638,0.017388415601862512,0.778374828028702,0.05929725990977493
0.11476421365311577,0.11012547812906434,0.47787762438767695,0.255833584495866,0.0413990993342769
0.48735037540485215,0.3327698188818028,0.010125957026426283,0.1574835825910684,0.012270266095850337
0.2,0.2,0.2,0.2,0.2
0.2,0.2,0.2,0.2,0.2

Transition Gammas
2421.703353639257,6201.296646360748,1.0,1.0,1.0
1.0,1.0,3512.0,5324.043775850435,1466.9562241495667
1.0,1.0,1.0,1.0,1.0
1220.7367370425434,1198.8691710361993,5478.242119576647,2511.2992640463976,806.5893633154534
1.0,1.0,1856.0,1.6582880060661889,1.0

112.11100977799094,61.317555798398786,20.80625398278823,931.3709044336158,70.95263182196044
45.249698404472625,43.42071899739121,188.41952285882422,100.87110059555408,16.32300435356117
5919.845010042736,4042.154989957257,123.0,1912.953077733707,149.04692226629396
1.0,1.0,1.0,1.0,1.0
1.0,1.0,1.0,1.0,1.0

Iteration: ,50000
Error:,0.1711415213937152
Absolute Error:,1
Transition Probabilities
0.280205939372972,0.7194636641512571,0.00011013215859030831,0.00011013215859030831,0.00011013215859030831
9.20725531718995e-05,9.20725531718995e-05,0.34177331737409095,0.515904384161356,0.1421381533582093
0.2,0.2,0.2,0.2,0.2
0.10875664233005515,0.10776533619224961,0.48832859654450306,0.22367451088596943,0.07147491404722287
0.0005113367739819065,0.0005113367739819065,0.9976180460386995,0.0008479436393547731,0.0005113367739819065

0.09225624497334685,0.0511244356022158,0.017184815260204954,0.7802339857088838,0.05920051845534866
0.11192573927799629,0.10958662361007886,0.4849866964956239,0.2540442069364149,0.03945673367988591
0.48832800529441533,0.3331731674968278,0.010086004691164979,0.15640570428479664,0.01200711823279542
0.2,0.2,0.2,0.2,0.2
0.2,0.2,0.2,0.2,0.2

Transition Gammas
2544.2699295065872,6532.730070493418,1.0,1.0,1.0
1.0,1.0,3712.0,5603.237516376485,1543.7624836235107
1.0,1.0,1.0,1.0,1.0
1282.520135326344,1270.830089966633,5758.648339135996,2637.6969518785054,842.8728073278371
1.0,1.0,1951.0,1.6582880060661889,1.0

116.61939434136633,64.62544316319253,21.723003663246406,986.2791931777383,74.83426849805355
46.44191169306408,45.4713306275286,201.2379768608651,105.4118445031788,16.371981575271608
6245.715187715568,4261.284812284425,129.0,2000.4289578025478,153.57104219745335
1.0,1.0,1.0,1.0,1.0
1.0,1.0,1.0,1.0,1.0

Iteration: ,52500
Error:,0.17160934431647634
Absolute Error:,1
Transition Probabilities
0.28142184509046847,0.7182637554125707,0.00010479983232026825,0.00010479983232026825,0.00010479983232026825
8.763473841030585e-05,8.763473841030585e-05,0.34124967136973094,0.5162537797814636,0.14232127937198472
0.2,0.2,0.2,0.2,0.2
0.10864013740450523,0.10773218564663231,0.4882279243217991,0.22318249958919656,0.07221725303786669
0.00048363890967899917,0.00048363890967899917,0.9977470706677752,0.0008020126031876131,0.00048363890967899917

0.09122580235190886,0.05085728901478293,0.017042044807628533,0.7832112149777947,0.05766364884788493
0.11379833494590079,0.11151649418870765,0.4855348074539016,0.24978965267621175,0.03936071073527832
0.4878319857726734,0.33403789661529737,0.010421319041238653,0.1558379088533773,0.011870889717413312
0.2,0.2,0.2,0.2,0.2
0.2,0.2,0.2,0.2,0.2

Transition Gammas
2685.327245853251,6853.672754146753,1.0,1.0,1.0
1.0,1.0,3894.0,5890.971881086281,1624.0281189137177
1.0,1.0,1.0,1.0,1.0
1343.1847780837054,1331.9592125648728,6036.261844393149,2759.342388041293,892.8662768007434
1.0,1.0,2063.0,1.6582880060661889,1.0

120.70293367961783,67.29043565324206,22.54871704219349,1036.2845697308305,76.29608513347745
49.246255983836306,48.258788864071285,210.11530114482414,108.09653044268374,17.033356748995853
6553.534896870091,4487.465103129903,140.0,2093.5264675362696,159.47353246373035
1.0,1.0,1.0,1.0,1.0
1.0,1.0,1.0,1.0,1.0

Iteration: ,55000
Error:,0.17089720078113274
