0,1,2,3,4,5,6,7,8,9,10,11,12,13,14,15,16,17,18,19,20,21,22,23,24,25,26,27,28,29
github Code Version (SHA):,3130f818d955eaa9876b4af7408e9fb46046852d
Environment Observations,Environment Actions,alpha,epsilon,numActions,explore,patience,gainThresh,insertRandActions,useBudd,revisedSplitting,haveControl,confidence_factor
"['diamond', 'square']","['x', 'y']",0.75,0.99,75000,0.5,0,0.01,False,True,False,True,250

Model Num 0
Model States: 
['diamond'],['square']
Iteration: ,0
Error:,0.4022030996665406
Absolute Error:,1
Transition Probabilities
0.5,0.5
0.5,0.5

0.5,0.5
0.5,0.5

Transition Gammas
1.0,1.0
1.0,1.0

1.0,1.0
1.0,1.0

Iteration: ,2428
Error:,0.06127616407756503
Absolute Error:,1
Transition Probabilities
0.42,0.58
0.1924812030075188,0.8075187969924812

0.162,0.838
0.8484005563282336,0.15159944367176634


Model Num 1
Model States: 
['square'],"['diamond', 'x', 'square']","['diamond', 'x', 'diamond']"
Iteration: ,0
Error:,0.4765169240710864
Absolute Error:,1
Transition Probabilities
0.3333333333333333,0.3333333333333333,0.3333333333333333
0.3333333333333333,0.3333333333333333,0.3333333333333333
0.3333333333333333,0.3333333333333333,0.3333333333333333

0.3333333333333333,0.3333333333333333,0.3333333333333333
0.3333333333333333,0.3333333333333333,0.3333333333333333
0.3333333333333333,0.3333333333333333,0.3333333333333333

Transition Gammas
1.0,1.0,1.0
1.0,1.0,1.0
1.0,1.0,1.0

1.0,1.0,1.0
1.0,1.0,1.0
1.0,1.0,1.0

Iteration: ,2500
Error:,0.048019953040853644
Absolute Error:,1
Transition Probabilities
0.8250863060989643,0.08524040186533453,0.08967329203570114
0.9957805907172996,0.002109704641350211,0.002109704641350211
0.002551020408163265,0.7122135502671522,0.28523542932468465

0.14685314685314685,0.31752710776417414,0.5356197453826791
0.8061056622427905,0.0821767847004599,0.11171755305674975
0.8148207105205552,0.1186894104122319,0.0664898790672128

Transition Gammas
717.0,74.07390922097571,77.92609077902429
472.0,1.0,1.0
1.0,279.18771170472365,111.81228829527637

84.0,181.62550564110762,306.37449435889243
40.275085481442254,4.105760799636039,5.581692586824896
73.76179542861034,10.744380815721264,6.019008592326483

Iteration: ,3034
Error:,0.04683947006251677
Absolute Error:,1
Transition Probabilities
0.8224598930481284,0.08873512263599898,0.08880498431587269
0.9966887417218543,0.0016556291390728477,0.0016556291390728477
0.002053388090349076,0.6926302119984183,0.30531639991123255

0.14492753623188404,0.35916348037859486,0.4959089833895211
0.8253342673919798,0.07975835023939251,0.09490738236862782
0.8048179251958666,0.10539860229502575,0.08978347250910775


Model Num 2
Model States: 
"['diamond', 'x', 'square']","['diamond', 'x', 'diamond']","['square', 'y', 'diamond', 'x', 'diamond']","['square', 'y', 'diamond', 'x', 'square']"
Iteration: ,0
Error:,0.40173747563932816
Absolute Error:,0.5
Transition Probabilities
0.25,0.25,0.25,0.25
0.25,0.25,0.25,0.25
0.25,0.25,0.25,0.25
0.25,0.25,0.25,0.25

0.25,0.25,0.25,0.25
0.25,0.25,0.25,0.25
0.25,0.25,0.25,0.25
0.25,0.25,0.25,0.25

Transition Gammas
1.0,1.0,1.0,1.0
1.0,1.0,1.0,1.0
1.0,1.0,1.0,1.0
1.0,1.0,1.0,1.0

1.0,1.0,1.0,1.0
1.0,1.0,1.0,1.0
1.0,1.0,1.0,1.0
1.0,1.0,1.0,1.0

Iteration: ,2500
Error:,0.2726058750314253
Absolute Error:,0.3480154469805025
Transition Probabilities
0.0011560693641618494,0.0011560693641618494,0.30684091005163966,0.6908469512200366
0.6742268041237114,0.3216494845360825,0.002061855670103093,0.002061855670103093
0.25,0.25,0.25,0.25
0.25,0.25,0.25,0.25

0.25,0.25,0.25,0.25
0.25,0.25,0.25,0.25
0.0031746031746031746,0.9904761904761905,0.0031746031746031746,0.0031746031746031746
0.7940895163301762,0.0015096758865592705,0.10220040389163224,0.10220040389163224

Transition Gammas
1.0,1.0,265.4173871946684,597.5826128053318
327.0,156.0,1.0,1.0
1.0,1.0,1.0,1.0
1.0,1.0,1.0,1.0

1.0,1.0,1.0,1.0
1.0,1.0,1.0,1.0
1.0,312.0,1.0,1.0
526.0,1.0,67.69691746521767,67.69691746521767

Iteration: ,5000
Error:,0.2679270575530189
Absolute Error:,0.3462755983023451
Transition Probabilities
0.0005858230814294082,0.0005858230814294082,0.2957749760247459,0.7030533778123953
0.6845425867507886,0.31335436382754994,0.0010515247108307045,0.0010515247108307045
0.25,0.25,0.25,0.25
0.25,0.25,0.25,0.25

0.25,0.25,0.25,0.25
0.25,0.25,0.25,0.25
0.0016129032258064516,0.9951612903225806,0.0016129032258064516,0.0016129032258064516
0.7698181625066514,0.0007525104227826504,0.11471466353528305,0.11471466353528305

Transition Gammas
1.0,1.0,504.88788407424136,1200.112115925759
651.0,298.0,1.0,1.0
1.0,1.0,1.0,1.0
1.0,1.0,1.0,1.0

1.0,1.0,1.0,1.0
1.0,1.0,1.0,1.0
1.0,617.0,1.0,1.0
1023.0,1.0,152.44262413148846,152.44262413148846

Iteration: ,7500
Error:,0.268930986996536
Absolute Error:,0.3451272905971755
Transition Probabilities
0.00039047247169074565,0.00039047247169074565,0.288042486960699,0.7111765680959194
0.6885245901639344,0.31004989308624376,0.0007127583749109052,0.0007127583749109052
0.25,0.25,0.25,0.25
0.25,0.25,0.25,0.25

0.25,0.25,0.25,0.25
0.25,0.25,0.25,0.25
0.001081081081081081,0.9967567567567568,0.001081081081081081,0.001081081081081081
0.7681071019338013,0.0004974786929623066,0.11569770968661817,0.11569770968661817

Transition Gammas
1.0,1.0,737.6768091063504,1821.3231908936505
966.0,435.0,1.0,1.0
1.0,1.0,1.0,1.0
1.0,1.0,1.0,1.0

1.0,1.0,1.0,1.0
1.0,1.0,1.0,1.0
1.0,922.0,1.0,1.0
1544.0,1.0,232.56817090533056,232.56817090533056

Iteration: ,10000
Error:,0.2697763223181654
Absolute Error:,0.3452859223296444
Transition Probabilities
0.0002919708029197079,0.0002919708029197079,0.28474058204681824,0.7146754763473423
0.6852248394004282,0.31370449678800855,0.0005353319057815846,0.0005353319057815846
0.25,0.25,0.25,0.25
0.25,0.25,0.25,0.25

0.25,0.25,0.25,0.25
0.25,0.25,0.25,0.25
0.0008176614881439084,0.9975470155355682,0.0008176614881439084,0.0008176614881439084
0.7706184798058664,0.00037138239990644164,0.11450506889711355,0.11450506889711355

Transition Gammas
1.0,1.0,975.2364935103531,2447.7635064896485
1280.0,586.0,1.0,1.0
1.0,1.0,1.0,1.0
1.0,1.0,1.0,1.0

1.0,1.0,1.0,1.0
1.0,1.0,1.0,1.0
1.0,1220.0,1.0,1.0
2075.0,1.0,308.3212045750137,308.3212045750137

Iteration: ,12500
Error:,0.2659244490627365
Absolute Error:,0.3446598790731255
Transition Probabilities
0.00023364485981308415,0.00023364485981308415,0.2844777439381272,0.7150549663422467
0.690752688172043,0.30838709677419357,0.00043010752688172043,0.00043010752688172043
0.25,0.25,0.25,0.25
0.25,0.25,0.25,0.25

0.25,0.25,0.25,0.25
0.25,0.25,0.25,0.25
0.000651890482398957,0.9980443285528031,0.000651890482398957,0.000651890482398957
0.7687206681775103,0.0002968033467866835,0.1154912642378515,0.1154912642378515

Transition Gammas
1.0,1.0,1217.564744055184,3060.4352559448153
1606.0,717.0,1.0,1.0
1.0,1.0,1.0,1.0
1.0,1.0,1.0,1.0

1.0,1.0,1.0,1.0
1.0,1.0,1.0,1.0
1.0,1531.0,1.0,1.0
2590.0,1.0,389.1171224590557,389.1171224590557

Iteration: ,15000
Error:,0.2671590475193614
Absolute Error:,0.3446718346144535
Transition Probabilities
0.00019573302016050135,0.00019573302016050135,0.2820864630032345,0.7175220709564446
0.6887773395482252,0.3105055575475081,0.00035855145213338117,0.00035855145213338117
0.25,0.25,0.25,0.25
0.25,0.25,0.25,0.25

0.25,0.25,0.25,0.25
0.25,0.25,0.25,0.25
0.0005455537370430987,0.9983633387888707,0.0005455537370430987,0.0005455537370430987
0.7623298973887259,0.0002473490906517605,0.11871137676031117,0.11871137676031117

Transition Gammas
1.0,1.0,1441.1797394835228,3665.82026051647
1921.0,866.0,1.0,1.0
1.0,1.0,1.0,1.0
1.0,1.0,1.0,1.0

1.0,1.0,1.0,1.0
1.0,1.0,1.0,1.0
1.0,1830.0,1.0,1.0
3082.0,1.0,479.9345590780576,479.9345590780576

Iteration: ,17500
Error:,0.2662789665435723
Absolute Error:,0.34435285343282296
Transition Probabilities
0.00016739203213927048,0.00016739203213927048,0.28257624346140164,0.7170889724743198
0.6921889472059277,0.30719357826489657,0.00030873726458783575,0.00030873726458783575
0.25,0.25,0.25,0.25
0.25,0.25,0.25,0.25

0.25,0.25,0.25,0.25
0.25,0.25,0.25,0.25
0.00046728971962616824,0.9985981308411215,0.00046728971962616824,0.00046728971962616824
0.7649918786688975,0.00021179177150301704,0.11739816477979967,0.11739816477979967

Transition Gammas
1.0,1.0,1688.1104784384104,4283.8895215615785
2242.0,995.0,1.0,1.0
1.0,1.0,1.0,1.0
1.0,1.0,1.0,1.0

1.0,1.0,1.0,1.0
1.0,1.0,1.0,1.0
1.0,2137.0,1.0,1.0
3612.0,1.0,554.3093763589739,554.3093763589739

Iteration: ,20000
Error:,0.2678126333915267
Absolute Error:,0.3442570518115274
Transition Probabilities
0.0001459427904261531,0.0001459427904261531,0.2798873577077216,0.7198207567114261
0.6905343097369134,0.30892324382967185,0.00027122321670735016,0.00027122321670735016
0.25,0.25,0.25,0.25
0.25,0.25,0.25,0.25

0.25,0.25,0.25,0.25
0.25,0.25,0.25,0.25
0.00041220115416323167,0.9987633965375103,0.00041220115416323167,0.00041220115416323167
0.7683235397959877,0.0001842502493515558,0.11574610497733041,0.11574610497733041

Transition Gammas
1.0,1.0,1917.7881750133065,4932.211824986686
2546.0,1139.0,1.0,1.0
1.0,1.0,1.0,1.0
1.0,1.0,1.0,1.0

1.0,1.0,1.0,1.0
1.0,1.0,1.0,1.0
1.0,2423.0,1.0,1.0
4170.0,1.0,628.2005337017638,628.2005337017638

Iteration: ,22500
Error:,0.27139336968526084
Absolute Error:,0.3439989864376869
Transition Probabilities
0.00012939958592132522,0.00012939958592132522,0.2794924964447384,0.720248704383419
0.6924194720271252,0.3070961491886655,0.0002421893921046258,0.0002421893921046258
0.25,0.25,0.25,0.25
0.25,0.25,0.25,0.25

0.25,0.25,0.25,0.25
0.25,0.25,0.25,0.25
0.00036656891495601173,0.998900293255132,0.00036656891495601173,0.00036656891495601173
0.7704383367479649,0.00016371405370759983,0.1146989745991637,0.1146989745991637

Transition Gammas
1.0,1.0,2159.9180125249354,5566.081987475054
2859.0,1268.0,1.0,1.0
1.0,1.0,1.0,1.0
1.0,1.0,1.0,1.0

1.0,1.0,1.0,1.0
1.0,1.0,1.0,1.0
1.0,2725.0,1.0,1.0
4706.0,1.0,700.6055497472494,700.6055497472494

Iteration: ,25000
Error:,0.26901591165264666
Absolute Error:,0.34434248740627926
Transition Probabilities
0.00011631964638827511,0.00011631964638827511,0.2807146884645459,0.7190526722426774
0.6910710406256789,0.3084944601346948,0.00021724961981316532,0.00021724961981316532
0.25,0.25,0.25,0.25
0.25,0.25,0.25,0.25

0.25,0.25,0.25,0.25
0.25,0.25,0.25,0.25
0.00032948929159802305,0.9990115321252059,0.00032948929159802305,0.00032948929159802305
0.772628258210387,0.00014744814087984485,0.1136121468243666,0.1136121468243666

Transition Gammas
1.0,1.0,2413.3041767296986,6181.695823270292
3181.0,1420.0,1.0,1.0
1.0,1.0,1.0,1.0
1.0,1.0,1.0,1.0

1.0,1.0,1.0,1.0
1.0,1.0,1.0,1.0
1.0,3032.0,1.0,1.0
5240.0,1.0,770.5227488554696,770.5227488554696

Iteration: ,27500
Error:,0.2706385910982785
Absolute Error:,0.3443501175551654
Transition Probabilities
0.00010565240359218182,0.00010565240359218182,0.28010812825413217,0.7196805669386835
0.6905421448357737,0.30906212900672736,0.00019786307874950534,0.00019786307874950534
0.25,0.25,0.25,0.25
0.25,0.25,0.25,0.25

0.25,0.25,0.25,0.25
0.25,0.25,0.25,0.25
0.0003007518796992481,0.9990977443609023,0.0003007518796992481,0.0003007518796992481
0.7725457727262205,0.00013372784710511,0.11366024971333716,0.11366024971333716

Transition Gammas
1.0,1.0,2651.223433925358,6811.776566074633
3490.0,1562.0,1.0,1.0
1.0,1.0,1.0,1.0
1.0,1.0,1.0,1.0

1.0,1.0,1.0,1.0
1.0,1.0,1.0,1.0
1.0,3322.0,1.0,1.0
5777.0,1.0,849.9370338625154,849.9370338625154

Iteration: ,30000
Error:,0.26622482641717127
Absolute Error:,0.34451243587324243
Transition Probabilities
9.699321047526681e-05,9.699321047526681e-05,0.28004422035743026,0.7197617932216193
0.6892992938620315,0.31033858410284265,0.0001810610175629187,0.0001810610175629187
0.25,0.25,0.25,0.25
0.25,0.25,0.25,0.25

0.25,0.25,0.25,0.25
0.25,0.25,0.25,0.25
0.00027570995312930797,0.9991728701406121,0.00027570995312930797,0.00027570995312930797
0.7723848684980664,0.00012285428161254436,0.11374613861016045,0.11374613861016045

Transition Gammas
1.0,1.0,2887.2559118851036,7420.744088114888
3807.0,1714.0,1.0,1.0
1.0,1.0,1.0,1.0
1.0,1.0,1.0,1.0

1.0,1.0,1.0,1.0
1.0,1.0,1.0,1.0
1.0,3624.0,1.0,1.0
6287.0,1.0,925.8622256967078,925.8622256967078

Iteration: ,32500
Error:,0.2680277604840134
Absolute Error:,0.34478255892032017
Transition Probabilities
8.952551477171e-05,8.952551477171e-05,0.28033655911190986,0.7194843898585467
0.6875312969454181,0.3121348689701218,0.00016691704223001168,0.00016691704223001168
0.25,0.25,0.25,0.25
0.25,0.25,0.25,0.25

0.25,0.25,0.25,0.25
0.25,0.25,0.25,0.25
0.00025471217524197657,0.9992358634742741,0.00025471217524197657,0.00025471217524197657
0.7732994668409119,0.00011348686041105252,0.11329352314933852,0.11329352314933852

Transition Gammas
1.0,1.0,3131.359365280031,8036.640634719961
4119.0,1870.0,1.0,1.0
1.0,1.0,1.0,1.0
1.0,1.0,1.0,1.0

1.0,1.0,1.0,1.0
1.0,1.0,1.0,1.0
1.0,3923.0,1.0,1.0
6814.0,1.0,998.2963907802741,998.2963907802741

Iteration: ,35000
Error:,0.2694153739096109
Absolute Error:,0.3449622974139518
Transition Probabilities
8.312551953449714e-05,8.312551953449714e-05,0.2804962738731561,0.7193374750877749
0.6863411619283065,0.31334981458590855,0.00015451174289245981,0.00015451174289245981
0.25,0.25,0.25,0.25
0.25,0.25,0.25,0.25

0.25,0.25,0.25,0.25
0.25,0.25,0.25,0.25
0.00023629489603024575,0.9992911153119093,0.00023629489603024575,0.00023629489603024575
0.7739883916581599,0.0001054911260267357,0.1129530586079068,0.1129530586079068

Transition Gammas
1.0,1.0,3374.370174694066,8653.629825305927
4442.0,2028.0,1.0,1.0
1.0,1.0,1.0,1.0
1.0,1.0,1.0,1.0

1.0,1.0,1.0,1.0
1.0,1.0,1.0,1.0
1.0,4229.0,1.0,1.0
7337.0,1.0,1070.7351685608128,1070.7351685608128

Iteration: ,37500
Error:,0.2699426236403936
Absolute Error:,0.34522965306377307
Transition Probabilities
7.767593599502884e-05,7.767593599502884e-05,0.2812006934893653,0.7186439546386446
0.6849827387802071,0.3147295742232451,0.00014384349827387802,0.00014384349827387802
0.25,0.25,0.25,0.25
0.25,0.25,0.25,0.25

0.25,0.25,0.25,0.25
0.25,0.25,0.25,0.25
0.00022036139268400177,0.999338915821948,0.00022036139268400177,0.00022036139268400177
0.7731267920691179,9.862569104083659e-05,0.11338729111992055,0.11338729111992055

Transition Gammas
1.0,1.0,3620.177727982085,9251.822272017898
4762.0,2188.0,1.0,1.0
1.0,1.0,1.0,1.0
1.0,1.0,1.0,1.0

1.0,1.0,1.0,1.0
1.0,1.0,1.0,1.0
1.0,4535.0,1.0,1.0
7839.0,1.0,1149.672969824585,1149.672969824585

Iteration: ,40000
Error:,0.2699896575081055
Absolute Error:,0.3452377445304528
Transition Probabilities
7.281730139081052e-05,7.281730139081052e-05,0.2804289420380989,0.7194254233591195
0.6842105263157895,0.3155195681511471,0.0001349527665317139,0.0001349527665317139
0.25,0.25,0.25,0.25
0.25,0.25,0.25,0.25

0.25,0.25,0.25,0.25
0.25,0.25,0.25,0.25
0.00020695364238410596,0.9993791390728477,0.00020695364238410596,0.00020695364238410596
0.773604722715485,9.23596851379519e-05,0.11315145879968845,0.11315145879968845

Transition Gammas
1.0,1.0,3851.1306610092097,9879.86933899078
5070.0,2338.0,1.0,1.0
1.0,1.0,1.0,1.0
1.0,1.0,1.0,1.0

1.0,1.0,1.0,1.0
1.0,1.0,1.0,1.0
1.0,4829.0,1.0,1.0
8376.0,1.0,1225.1174160098228,1225.1174160098228

Iteration: ,42500
Error:,0.27224451327242155
Absolute Error:,0.3451330355300497
Transition Probabilities
6.8465014377653e-05,6.8465014377653e-05,0.2802920108279936,0.719571059143251
0.684968152866242,0.31477707006369426,0.00012738853503184712,0.00012738853503184712
0.25,0.25,0.25,0.25
0.25,0.25,0.25,0.25

0.25,0.25,0.25,0.25
0.25,0.25,0.25,0.25
0.00019489378288832586,0.999415318651335,0.00019489378288832586,0.00019489378288832586
0.7742687300225947,8.678196929192946e-05,0.11282224400405666,0.11282224400405666

Transition Gammas
1.0,1.0,4093.945110153675,10510.054889846328
5377.0,2471.0,1.0,1.0
1.0,1.0,1.0,1.0
1.0,1.0,1.0,1.0

1.0,1.0,1.0,1.0
1.0,1.0,1.0,1.0
1.0,5128.0,1.0,1.0
8922.0,1.0,1300.0654966071263,1300.0654966071263

Iteration: ,45000
Error:,0.2676162329223481
Absolute Error:,0.3453653554386322
Transition Probabilities
6.470816617057066e-05,6.470816617057066e-05,0.28108688161402073,0.7187837020536381
0.6839583083742662,0.31580208458128667,0.00011980352222355337,0.00011980352222355337
0.25,0.25,0.25,0.25
0.25,0.25,0.25,0.25

0.25,0.25,0.25,0.25
0.25,0.25,0.25,0.25
0.00018355359765051394,0.9994493392070485,0.00018355359765051394,0.00018355359765051394
0.7739795491067517,8.212855996463835e-05,0.11296916116664188,0.11296916116664188

Transition Gammas
1.0,1.0,4343.916668463081,11108.083331536933
5709.0,2636.0,1.0,1.0
1.0,1.0,1.0,1.0
1.0,1.0,1.0,1.0

1.0,1.0,1.0,1.0
1.0,1.0,1.0,1.0
1.0,5445.0,1.0,1.0
9424.0,1.0,1375.5161568068697,1375.5161568068697

Iteration: ,47500
Error:,0.27000307016497715
Absolute Error:,0.34548021135086737
Transition Probabilities
6.131959774343872e-05,6.131959774343872e-05,0.2806433571931337,0.7192340036113793
0.682642193519148,0.31713120326308636,0.00011330160888284614,0.00011330160888284614
0.25,0.25,0.25,0.25
0.25,0.25,0.25,0.25

0.25,0.25,0.25,0.25
0.25,0.25,0.25,0.25
0.00017391304347826088,0.9994782608695653,0.00017391304347826088,0.00017391304347826088
0.7736930099284373,7.779718551316614e-05,0.11311459644302477,0.11311459644302477

Transition Gammas
1.0,1.0,4576.731869105631,11729.26813089439
6025.0,2799.0,1.0,1.0
1.0,1.0,1.0,1.0
1.0,1.0,1.0,1.0

1.0,1.0,1.0,1.0
1.0,1.0,1.0,1.0
1.0,5747.0,1.0,1.0
9945.0,1.0,1453.96772000038,1453.96772000038

Iteration: ,50000
Error:,0.26985920897521937
Absolute Error:,0.34549836234157627
Transition Probabilities
5.8210605972408076e-05,5.8210605972408076e-05,0.28007652172095804,0.7198070570670971
0.6819700398749865,0.3178144196572907,0.00010777023386140747,0.00010777023386140747
0.25,0.25,0.25,0.25
0.25,0.25,0.25,0.25

0.25,0.25,0.25,0.25
0.25,0.25,0.25,0.25
0.00016561775422325274,0.9995031467373302,0.00016561775422325274,0.00016561775422325274
0.7746761046270015,7.385604963552307e-05,0.11262501966168147,0.11262501966168147

Transition Gammas
1.0,1.0,4811.434566644346,12365.565433355683
6328.0,2949.0,1.0,1.0
1.0,1.0,1.0,1.0
1.0,1.0,1.0,1.0

1.0,1.0,1.0,1.0
1.0,1.0,1.0,1.0
1.0,6035.0,1.0,1.0
10489.0,1.0,1524.9261261261854,1524.9261261261854

Iteration: ,52500
Error:,0.2691511637096971
Absolute Error:,0.3454378680894863
Transition Probabilities
5.543851868278067e-05,5.543851868278067e-05,0.27913812603060967,0.7207509969320247
0.6815522020326455,0.3182424802381686,0.0001026588645929576,0.0001026588645929576
0.25,0.25,0.25,0.25
0.25,0.25,0.25,0.25

0.25,0.25,0.25,0.25
0.25,0.25,0.25,0.25
0.00015800284405119292,0.9995259914678464,0.00015800284405119292,0.00015800284405119292
0.7749229551633259,7.031968740139073e-05,0.11250336257463642,0.11250336257463642

Transition Gammas
1.0,1.0,5035.0935173401485,13000.906482659891
6639.0,3100.0,1.0,1.0
1.0,1.0,1.0,1.0
1.0,1.0,1.0,1.0

1.0,1.0,1.0,1.0
1.0,1.0,1.0,1.0
1.0,6326.0,1.0,1.0
11020.0,1.0,1599.8842818008802,1599.8842818008802

Iteration: ,55000
Error:,0.26933127462882506
Absolute Error:,0.34557029912767995
Transition Probabilities
5.295488244016087e-05,5.295488244016087e-05,0.2788771609497131,0.7210169292854065
0.6802661187750709,0.31953820565502394,9.783778495254867e-05,9.783778495254867e-05
0.25,0.25,0.25,0.25
0.25,0.25,0.25,0.25

0.25,0.25,0.25,0.25
0.25,0.25,0.25,0.25
0.00015082956259426848,0.9995475113122172,0.00015082956259426848,0.00015082956259426848
0.7746604213246835,6.71515621814046e-05,0.11263621355656754,0.11263621355656754

Transition Gammas
1.0,1.0,5266.316307374394,13615.683692625646
6953.0,3266.0,1.0,1.0
1.0,1.0,1.0,1.0
1.0,1.0,1.0,1.0

1.0,1.0,1.0,1.0
1.0,1.0,1.0,1.0
1.0,6627.0,1.0,1.0
11536.0,1.0,1677.343160718879,1677.343160718879

Iteration: ,57500
Error:,0.26675051955809553
Absolute Error:,0.3454374710676293
Transition Probabilities
5.0673963717441895e-05,5.0673963717441895e-05,0.27735835901208183,0.7225402930604833
0.6798385582879669,0.3199737187910644,9.386146048432514e-05,9.386146048432514e-05
0.25,0.25,0.25,0.25
0.25,0.25,0.25,0.25

0.25,0.25,0.25,0.25
0.25,0.25,0.25,0.25
0.00014496955639315743,0.9995650913308205,0.00014496955639315743,0.00014496955639315743
0.7736121596623121,6.406725959936332e-05,0.11316188653904427,0.11316188653904427

Transition Gammas
1.0,1.0,5473.389856744432,14258.6101432556
7243.0,3409.0,1.0,1.0
1.0,1.0,1.0,1.0
1.0,1.0,1.0,1.0

1.0,1.0,1.0,1.0
1.0,1.0,1.0,1.0
1.0,6895.0,1.0,1.0
12075.0,1.0,1766.298219194767,1766.298219194767

Iteration: ,60000
Error:,0.2693672170157184
Absolute Error:,0.34556015210481883
Transition Probabilities
4.8579062424095105e-05,4.8579062424095105e-05,0.2764184984187566,0.7234843434563952
0.6779447493926033,0.3218752812021956,8.99847026005579e-05,8.99847026005579e-05
0.25,0.25,0.25,0.25
0.25,0.25,0.25,0.25

0.25,0.25,0.25,0.25
0.25,0.25,0.25,0.25
0.0001392951664577239,0.9995821145006268,0.0001392951664577239,0.0001392951664577239
0.774283333057292,6.134394969555475e-05,0.1128276614965062,0.1128276614965062

Transition Gammas
1.0,1.0,5690.0747899501175,14892.92521004993
7534.0,3577.0,1.0,1.0
1.0,1.0,1.0,1.0
1.0,1.0,1.0,1.0

1.0,1.0,1.0,1.0
1.0,1.0,1.0,1.0
1.0,7176.0,1.0,1.0
12622.0,1.0,1839.2630741330013,1839.2630741330013

Iteration: ,62500
Error:,0.26704662173967386
Absolute Error:,0.34557011982805863
Transition Probabilities
4.663091629750516e-05,4.663091629750516e-05,0.2763642821087165,0.7235424560586884
0.6778372775954397,0.32198998099844534,8.637070305752289e-05,8.637070305752289e-05
0.25,0.25,0.25,0.25
0.25,0.25,0.25,0.25

0.25,0.25,0.25,0.25
0.25,0.25,0.25,0.25
0.00013368983957219252,0.9995989304812835,0.00013368983957219252,0.00013368983957219252
0.7746742462155298,5.890163064290829e-05,0.11263342607691361,0.11263342607691361

Transition Gammas
1.0,1.0,5926.632029821437,15516.367970178602
7848.0,3728.0,1.0,1.0
1.0,1.0,1.0,1.0
1.0,1.0,1.0,1.0

1.0,1.0,1.0,1.0
1.0,1.0,1.0,1.0
1.0,7477.0,1.0,1.0
13152.0,1.0,1912.229336395708,1912.229336395708

Iteration: ,65000
Error:,0.26808937190897447
Absolute Error:,0.3457120754315086
Transition Probabilities
4.487524681385741e-05,4.487524681385741e-05,0.2768028731436029,0.7231073763627693
0.6771653543307087,0.3226688769167012,8.288437629506838e-05,8.288437629506838e-05
0.25,0.25,0.25,0.25
0.25,0.25,0.25,0.25

0.25,0.25,0.25,0.25
0.25,0.25,0.25,0.25
0.00012836970474967908,0.999614890885751,0.00012836970474967908,0.00012836970474967908
0.7743520178735723,5.670416065272205e-05,0.11279563898288744,0.11279563898288744

Transition Gammas
1.0,1.0,6168.275225132056,16113.724774867977
8170.0,3893.0,1.0,1.0
1.0,1.0,1.0,1.0
1.0,1.0,1.0,1.0

1.0,1.0,1.0,1.0
1.0,1.0,1.0,1.0
1.0,7787.0,1.0,1.0
13656.0,1.0,1989.1951081630682,1989.1951081630682

Iteration: ,67500
Error:,0.2723340761816857
Absolute Error:,0.3457131412405226
Transition Probabilities
4.321521175453754e-05,4.321521175453754e-05,0.2760802203043309,0.7238333492721601
0.6764565043894653,0.32338387869114127,7.980845969672785e-05,7.980845969672785e-05
0.25,0.25,0.25,0.25
0.25,0.25,0.25,0.25

0.25,0.25,0.25,0.25
0.25,0.25,0.25,0.25
0.00012368583797155226,0.9996289424860854,0.00012368583797155226,0.00012368583797155226
0.7745741556251646,5.45782240434868e-05,0.1126856330753959,0.1126856330753959

Transition Gammas
1.0,1.0,6388.4962978422245,16749.503702157806
8476.0,4052.0,1.0,1.0
1.0,1.0,1.0,1.0
1.0,1.0,1.0,1.0

1.0,1.0,1.0,1.0
1.0,1.0,1.0,1.0
1.0,8082.0,1.0,1.0
14192.0,1.0,2064.662877004029,2064.662877004029

Iteration: ,70000
Error:,0.27020617461521584
Absolute Error:,0.3458335012829482
Transition Probabilities
4.1692724619553786e-05,4.1692724619553786e-05,0.27737662620999515,0.7225399883407657
0.6768119283683037,0.3230343555453078,7.685804319422027e-05,7.685804319422027e-05
0.25,0.25,0.25,0.25
0.25,0.25,0.25,0.25

0.25,0.25,0.25,0.25
0.25,0.25,0.25,0.25
0.00011896264572924102,0.9996431120628123,0.00011896264572924102,0.00011896264572924102
0.7745314978296023,5.2750221196594856e-05,0.11270787597460055,0.11270787597460055

Transition Gammas
1.0,1.0,6652.87837964675,17330.121620353308
8806.0,4203.0,1.0,1.0
1.0,1.0,1.0,1.0
1.0,1.0,1.0,1.0

1.0,1.0,1.0,1.0
1.0,1.0,1.0,1.0
1.0,8403.0,1.0,1.0
14683.0,1.0,2136.633239025661,2136.633239025661

Iteration: ,72500
Error:,0.26985903943827144
Absolute Error:,0.3457296024048905
Transition Probabilities
4.0225261464199455e-05,4.0225261464199455e-05,0.2768607812343629,0.7230587682427086
0.6771460423634337,0.32270531400966185,7.432181345224824e-05,7.432181345224824e-05
0.25,0.25,0.25,0.25
0.25,0.25,0.25,0.25

0.25,0.25,0.25,0.25
0.25,0.25,0.25,0.25
0.00011502185415228893,0.9996549344375432,0.00011502185415228893,0.00011502185415228893
0.7746548633207565,5.0877109110781324e-05,0.11264712978506645,0.11264712978506645

Transition Gammas
1.0,1.0,6882.759021486272,17975.240978513764
9111.0,4342.0,1.0,1.0
1.0,1.0,1.0,1.0
1.0,1.0,1.0,1.0

1.0,1.0,1.0,1.0
1.0,1.0,1.0,1.0
1.0,8691.0,1.0,1.0
15226.0,1.0,2214.1024078193054,2214.1024078193054

Iteration: ,74999
Error:,0.27242635966891615
Absolute Error:,0.3458222522168105
Transition Probabilities
3.8878737218615076e-05,3.8878737218615076e-05,0.2771000294347662,0.7228222130907966
0.6766626013343855,0.3231939163498099,7.174115790228854e-05,7.174115790228854e-05
0.25,0.25,0.25,0.25
0.25,0.25,0.25,0.25

0.25,0.25,0.25,0.25
0.25,0.25,0.25,0.25
0.00011112345816201801,0.9996666296255139,0.00011112345816201801,0.00011112345816201801
0.7752341664560953,4.9224342272912264e-05,0.11235830460081596,0.11235830460081596

Transition Gammas
1.0,1.0,7127.289857091633,18591.71014290841
9432.0,4505.0,1.0,1.0
1.0,1.0,1.0,1.0
1.0,1.0,1.0,1.0

1.0,1.0,1.0,1.0
1.0,1.0,1.0,1.0
1.0,8996.0,1.0,1.0
15749.0,1.0,2282.5760469865286,2282.5760469865286

*,*,*,*,*,*,*,*,*,*,*
Model Num 2
Model States: 
"['diamond', 'x', 'square']","['diamond', 'x', 'diamond']","['square', 'y', 'diamond', 'x', 'diamond']","['square', 'y', 'diamond', 'x', 'square']"
Iteration: ,74999
Error:,0.26970821681693113
Absolute Error:,0.34582090560676154
Transition Probabilities
3.8877225721172474e-05,3.8877225721172474e-05,0.2770892565543745,0.7228329889941831
0.6766626013343855,0.3231939163498099,7.174115790228854e-05,7.174115790228854e-05
0.25,0.25,0.25,0.25
0.25,0.25,0.25,0.25

0.25,0.25,0.25,0.25
0.25,0.25,0.25,0.25
0.00011112345816201801,0.9996666296255139,0.00011112345816201801,0.00011112345816201801
0.7752341664560953,4.9224342272912264e-05,0.11235830460081596,0.11235830460081596

Transition Gammas
1.0,1.0,7127.289857091633,18592.71014290841
9432.0,4505.0,1.0,1.0
1.0,1.0,1.0,1.0
1.0,1.0,1.0,1.0

1.0,1.0,1.0,1.0
1.0,1.0,1.0,1.0
1.0,8996.0,1.0,1.0
15749.0,1.0,2282.5760469865286,2282.5760469865286

