0,1,2,3,4,5,6,7,8,9,10,11,12,13,14,15,16,17,18,19,20,21,22,23,24,25,26,27,28,29
github Code Version (SHA):,0223d720dafbf5413b6775610c21cd8ff219e6c5
Environment Observations,Environment Actions,alpha,epsilon,numActions,explore,patience,gainThresh,insertRandActions,useBudd,revisedSplitting,haveControl,confidence_factor
"['goal', 'nothing']","['east', 'west']",0.9,0.99,100000,0.5,0,0.01,False,True,True,False,

Model Num 0
Model States: 
['goal'],['nothing']
Iteration: ,0
Error:,0.5416863218114857
Absolute Error:,1
Transition Probabilities
0.5,0.5
0.5,0.5

0.5,0.5
0.5,0.5

Transition Gammas
1.0,1.0
1.0,1.0

1.0,1.0
1.0,1.0

Iteration: ,10000
Error:,0.32270681749650865
Absolute Error:,1
Transition Probabilities
0.04965622612681436,0.9503437738731857
0.3316475911631621,0.6683524088368379

0.044374009508716325,0.9556259904912837
0.3270799347471452,0.6729200652528549

Transition Gammas
65.0,1244.0
1246.0,2511.0

56.0,1206.0
1203.0,2475.0

Iteration: ,20000
Error:,0.3256858610200709
Absolute Error:,1
Transition Probabilities
0.05222437137330754,0.9477756286266924
0.3331995182657567,0.6668004817342432

0.04686289697908598,0.953137103020914
0.3285365191420038,0.6714634808579962

Transition Gammas
135.0,2450.0
2490.0,4983.0

121.0,2461.0
2420.0,4946.0

Iteration: ,30000
Error:,0.3243618551533194
Absolute Error:,1
Transition Probabilities
0.054373522458628844,0.9456264775413712
0.3277541622387531,0.6722458377612469

0.04840797307791871,0.9515920269220813
0.3237051792828685,0.6762948207171314

Transition Gammas
207.0,3600.0
3701.0,7591.0

187.0,3676.0
3575.0,7469.0

Iteration: ,40000
Error:,0.32314273865414306
Absolute Error:,1
Transition Probabilities
0.05376972530683811,0.9462302746931619
0.3306176961602671,0.6693823038397329

0.04906904577191622,0.9509309542280838
0.3262108262108262,0.6737891737891738

Transition Gammas
276.0,4857.0
4951.0,10024.0

253.0,4903.0
4809.0,9933.0

Iteration: ,50000
Error:,0.3240792397393579
Absolute Error:,1
Transition Probabilities
0.05156566443371242,0.9484343355662875
0.33009656652360514,0.6699034334763948

0.04886751473782191,0.9511324852621781
0.3278201178314686,0.6721798821685314

Transition Gammas
331.0,6088.0
6153.0,12487.0

315.0,6131.0
6065.0,12436.0

Iteration: ,60000
Error:,0.3245964896856089
Absolute Error:,1
Transition Probabilities
0.052473958333333334,0.9475260416666667
0.32911165808905796,0.670888341910942

0.049993540886190416,0.9500064591138095
0.32720323741007196,0.672796762589928

Transition Gammas
403.0,7277.0
7354.0,14991.0

387.0,7354.0
7277.0,14963.0

Iteration: ,70000
Error:,0.32523716583768314
Absolute Error:,1
Transition Probabilities
0.05250836120401338,0.9474916387959866
0.32996129823351344,0.6700387017664866

0.05097302078726227,0.9490269792127377
0.32709017184784706,0.672909828152153

Transition Gammas
471.0,8499.0
8611.0,17486.0

461.0,8583.0
8470.0,17425.0

Iteration: ,80000
Error:,0.32481655120609326
Absolute Error:,1
Transition Probabilities
0.05195186380980334,0.9480481361901967
0.32830213993425905,0.671697860065741

0.05102832751261156,0.9489716724873885
0.32643360415332234,0.6735663958466777

Transition Gammas
531.0,9690.0
9788.0,20026.0

526.0,9782.0
9683.0,19980.0

Iteration: ,90000
Error:,0.32460183619011423
Absolute Error:,1
Transition Probabilities
0.05042089733576326,0.9495791026642367
0.3281581225927806,0.6718418774072195

0.05157221838286109,0.9484277816171389
0.3270784701023523,0.6729215298976476

Transition Gammas
581.0,10942.0
10991.0,22502.0

597.0,10979.0
10929.0,22485.0

Iteration: ,99999
Error:,0.3226439712559639
Absolute Error:,1
Transition Probabilities
0.05063589260480452,0.9493641073951955
0.3254025667818771,0.6745974332181228

0.05137039937353172,0.9486296006264683
0.32447409479743905,0.675525905202561

Transition Gammas
645.0,12093.0
12145.0,25178.0

656.0,12114.0
12062.0,25112.0


Model Num 1
Model States: 
['goal'],"['nothing', 'west', 'nothing']","['nothing', 'west', 'goal']"
Iteration: ,0
Error:,0.42576266486310044
Absolute Error:,1
Transition Probabilities
0.3333333333333333,0.3333333333333333,0.3333333333333333
0.3333333333333333,0.3333333333333333,0.3333333333333333
0.3333333333333333,0.3333333333333333,0.3333333333333333

0.3333333333333333,0.3333333333333333,0.3333333333333333
0.3333333333333333,0.3333333333333333,0.3333333333333333
0.3333333333333333,0.3333333333333333,0.3333333333333333

Transition Gammas
1.0,1.0,1.0
1.0,1.0,1.0
1.0,1.0,1.0

1.0,1.0,1.0
1.0,1.0,1.0
1.0,1.0,1.0

Iteration: ,10000
Error:,0.17572802060011694
Absolute Error:,1
Transition Probabilities
0.05059523809523806,0.1452970200615338,0.8041077418432281
0.5489267890421433,0.4261103044161532,0.02496290654170336
0.012776290399033661,0.9378806190519047,0.049343090549061656

0.043318649045521254,0.8918701752554908,0.06481117569898792
0.0002918004085205719,0.5255616736773315,0.47414652591414796
0.9990507831039392,0.00047460844803037496,0.00047460844803037496

Transition Gammas
68.0,195.27919496270158,1080.7208050372992
421.6430196632862,327.3049139707322,19.1745702777281
6.425754762678636,471.70114849241276,24.81679651903479

59.0,1214.7271786979795,88.27282130202163
1.0,1801.0998556922152,1624.9001443077852
2105.0,1.0,1.0

Iteration: ,20000
Error:,0.17341952138211553
Absolute Error:,1
Transition Probabilities
0.04555393586005835,0.13546989949381663,0.818976164646125
0.5271624267080803,0.4381829220868672,0.034654651205052345
0.01161615976477386,0.9356338995105147,0.05274994072471141

0.04716981132075472,0.8959220585720818,0.05690813010716346
0.00014894250819183792,0.5357901834326163,0.46406087405919183
0.999531286618233,0.00023435669088352472,0.00023435669088352472

Transition Gammas
125.0,371.72940421103254,2247.2705957889652
902.7335800335682,750.3615924131349,59.34398159312516
9.106922347785016,733.5251443972737,41.35528640773317

130.0,2469.1611934246575,156.8388065753425
1.0,3597.295291566587,3115.704708433415
4265.0,1.0,1.0

Iteration: ,30000
Error:,0.1746664527285322
Absolute Error:,1
Transition Probabilities
0.04411406288081891,0.13465647178980372,0.8212294653293774
0.509055035860783,0.4567828819553753,0.034162082183841536
0.0105481565351477,0.9380688528709872,0.0513829905938652

0.049340498290180744,0.8954541477170084,0.055205353992810915
9.893153937475271e-05,0.5411068849161725,0.45879418354445267
0.9996854851391729,0.00015725743041358704,0.00015725743041358704

Transition Gammas
181.0,552.4955037535647,3369.5044962464353
1357.8085710371258,1218.3824312302213,91.12092942025293
11.307228847216203,1005.5746858244092,55.08064196461567

202.0,3665.989280753433,226.01071924656793
1.0,5469.50839273267,4637.491607267326
6357.0,1.0,1.0

Iteration: ,40000
Error:,0.17589144701141207
Absolute Error:,1
Transition Probabilities
0.047810218978102205,0.13295283217327586,0.8192369488486219
0.5023412421895994,0.4613339483458816,0.03632480946451901
0.011185540368842731,0.9381173546139858,0.05069710501717148

0.04992711370262394,0.8944313068989639,0.05564157939841231
7.444907683144731e-05,0.544679234713262,0.4552463162099066
0.9997636492554951,0.0001181753722524226,0.0001181753722524226

Transition Gammas
262.0,728.5815203095515,4489.4184796904465
1838.6372784899017,1688.54500491426,132.9537438025037
14.981625036566403,1256.4902529225262,67.90239834298445

274.0,4908.63901226151,305.36098773848653
1.0,7316.131480668532,6114.868519331463
8460.0,1.0,1.0

Iteration: ,50000
Error:,0.17371836697375306
Absolute Error:,1
Transition Probabilities
0.04851673242729797,0.1331144807677471,0.8183687868049551
0.49583253030313384,0.46699318748243585,0.03717428221443035
0.010409357335028782,0.9358408357855634,0.05374980687940777

0.051435232405653494,0.8913473720117194,0.0572173955826271
5.968367651447339e-05,0.5444525933580615,0.455487722965424
0.9998108389293483,9.458053532582995e-05,9.458053532582995e-05

Transition Gammas
332.0,910.9023918936933,5600.097608106307
2295.756179980265,2162.2270235396627,172.1207926352337
17.20285878687269,1546.6024680344444,88.82876317989073

353.0,6117.317014116431,392.6829858835698
1.0,9122.303201714305,7631.696798285666
10571.0,1.0,1.0

Iteration: ,60000
Error:,0.1749058677040566
Absolute Error:,1
Transition Probabilities
0.05035271223546579,0.13393267196642394,0.8157146157981102
0.49779432686429004,0.4643004839275841,0.03790518920812592
0.01006909835561454,0.9348488541908209,0.05508204745356457

0.052949709864603525,0.8909422204700981,0.05610806966529846
4.981816370248598e-05,0.5463130716168366,0.4536371102194609
0.9998420470699731,7.8976465013426e-05,7.8976465013426e-05

Transition Gammas
414.0,1101.1944289079383,6706.805571092067
2805.5839295776627,2616.8116145636372,213.63479644256992
19.40344080798892,1801.480506602994,106.14468243346965

438.0,7369.874047728645,464.12595227134847
1.0,10966.14228656475,9105.857713435229
12660.0,1.0,1.0

Iteration: ,70000
Error:,0.17619981794854345
Absolute Error:,1
Transition Probabilities
0.05052719490552248,0.1336050405306233,0.8158677645638542
0.4928632336382032,0.4680755401275192,0.03906122623427767
0.010019463511646636,0.9369584922091928,0.05302204427916073

0.053313971579711655,0.8915714733438016,0.05511455507648666
4.270401844813601e-05,0.5466122070739448,0.45334508890760716
0.9998645078246732,6.774608766343743e-05,6.774608766343743e-05

Transition Gammas
484.0,1279.802683242841,7815.197316757163
3260.0020469974725,3096.0459511274876,258.3671671793904
22.137690721072634,2070.18043380257,117.15054566411355

514.0,8595.64057450759,531.3594254924078
1.0,12800.018053050551,10615.981946949427
14759.0,1.0,1.0

Iteration: ,80000
Error:,0.17600839145147626
Absolute Error:,1
Transition Probabilities
0.05040561480266156,0.13346204115396285,0.8161323440433755
0.4914669645427841,0.4677289160013077,0.04080411945590815
0.010020300965802285,0.935170578269331,0.054809120764866555

0.052402143311234176,0.8926828366285817,0.05491502006018421
3.745458631409419e-05,0.5470973648537227,0.4528651805599632
0.9998815025476953,5.9248726152387724e-05,5.9248726152387724e-05

Transition Gammas
553.0,1464.2120535001266,8953.787946499875
3744.2022154286724,3563.3557692761115,310.86295822051636
25.218338516900364,2353.5668533637927,137.93946568863473

577.0,9829.33071411732,604.6692858826888
1.0,14606.95254422953,12091.047455770447
16876.0,1.0,1.0

Iteration: ,90000
Error:,0.17296708331699076
Absolute Error:,1
Transition Probabilities
0.05144851091455008,0.13408316724919178,0.8144683218362582
0.4925992932063526,0.46735469881208863,0.040046007981558815
0.010419228972629936,0.9349448930910389,0.05463587793633108

0.05174217429789962,0.8917721671045328,0.05648565859756753
3.329338127580239e-05,0.5480891265703942,0.45187758004833
0.9998945203312062,5.273983439691999e-05,5.273983439691999e-05

Transition Gammas
634.0,1652.3068700117888,10036.6931299882
4247.029909969754,4029.3792780339486,345.2635763350999
28.903291733546542,2593.5685904193024,151.5617636641321

643.0,11082.052720608055,701.9472793919733
1.0,16462.40500566835,13572.594994331634
18959.0,1.0,1.0

Iteration: ,99999
Error:,0.17536396558515802
Absolute Error:,1
Transition Probabilities
0.05100182149362483,0.13472089936107184,0.8142772791453032
0.48978198672120427,0.4687123156913317,0.041505697587464085
0.010555651893535953,0.9347568776502946,0.054687470456169396

0.052165711383588345,0.8911579188393713,0.05667636977704028
3.000480076812294e-05,0.5487913851271948,0.451178610072037
0.9999051278402353,4.7436079882358525e-05,4.7436079882358525e-05

Transition Gammas
700.0,1849.044343730709,11175.955656269274
4711.024019320437,4508.362980343904,399.22729617350444
32.2255848388891,2853.7400975586697,166.9565969571944

719.0,12282.829595363086,781.1704046369481
1.0,18290.119283519125,15036.88071648083
21079.0,1.0,1.0


Model Num 2
Model States: 
['goal'],"['nothing', 'west', 'goal']","['nothing', 'west', 'nothing', 'west', 'nothing']","['nothing', 'west', 'nothing', 'west', 'goal']"
Iteration: ,0
Error:,0.3769767481789227
Absolute Error:,0.65
Transition Probabilities
0.25,0.25,0.25,0.25
0.25,0.25,0.25,0.25
0.25,0.25,0.25,0.25
0.25,0.25,0.25,0.25

0.25,0.25,0.25,0.25
0.25,0.25,0.25,0.25
0.25,0.25,0.25,0.25
0.25,0.25,0.25,0.25

Transition Gammas
1.0,1.0,1.0,1.0
1.0,1.0,1.0,1.0
1.0,1.0,1.0,1.0
1.0,1.0,1.0,1.0

1.0,1.0,1.0,1.0
1.0,1.0,1.0,1.0
1.0,1.0,1.0,1.0
1.0,1.0,1.0,1.0

Iteration: ,10000
Error:,0.05707474445654726
Absolute Error:,0.09894138792190071
Transition Probabilities
0.05515832482124617,0.8040994475993112,0.09419863684761141,0.046543590731831154
0.019679927901632158,0.045066882335607,0.17360116406129258,0.7616520257014683
0.9196482673620213,0.013214845861508482,0.050397323451425724,0.01673956332504448
0.010749265653110972,0.049281410996170186,0.8933770815526356,0.04659224179808329

0.04821428571428572,0.05409162327365347,0.8380105298978033,0.05968356111425746
0.9984399375975039,0.0005200208008320333,0.0005200208008320333,0.0005200208008320333
0.000523086588156261,0.0009027856017612873,0.252969059394542,0.7456050684155404
0.0006280719488232214,0.9976447938756743,0.0007782049905551592,0.0009489291849473844

Transition Gammas
54.0,787.2133591997257,92.22046547381157,45.5661753264627
10.42172419195613,23.865667610199086,91.9324227351092,403.34128162365204
479.40114926442595,6.888734006460691,26.271494918125754,8.726125173084153
4.786498271525969,21.94432588827696,397.80837079182555,20.746876301126925

81.0,90.87392709973783,1407.8576902283094,100.26838267195252
1920.0,1.0,1.0,1.0
1.0,1.725881760691596,483.60838362571997,1425.3951167885934
1.0,1588.4243767690916,1.2390379669291591,1.5108606374243154

Iteration: ,20000
Error:,0.050824946274500835
Absolute Error:,0.0928230991885026
Transition Probabilities
0.04958677685950414,0.8032405622868423,0.10196151134236049,0.045211149511293
0.017327223075103402,0.043410517663868484,0.13499397279717373,0.8042682864638543
0.918907837121929,0.017619610085472897,0.04836294411866827,0.015109608673929792
0.0068856549273506075,0.04849046458269019,0.9129809455234728,0.031642934966486444

0.052444444444444446,0.05616664848240919,0.8317802466890826,0.05960866038406376
0.9992238033635188,0.000258732212160414,0.000258732212160414,0.000258732212160414
0.00026451565369402897,0.0004664833716248461,0.23908546298944858,0.7601835379852325
0.00030827883602420493,0.9988163209898425,0.00038774165426682766,0.0004876585198664554

Transition Gammas
96.0,1555.0737285873265,197.39748595880988,87.52878545386324
18.974352188617477,47.53712971052779,147.8265254675805,880.7221823921716
945.3020963084383,18.125707146107167,49.75209766652446,15.543609681904124
6.201354246108145,43.671451969104886,822.2483297338682,28.498240353913236

177.0,189.56243862813102,2807.2583325756536,201.1792287962152
3862.0,1.0,1.0,1.0
1.0,1.7635378667019745,903.8613014033716,2873.869759196004
1.0,3239.976943832171,1.2577628074227696,1.581874792819596

Iteration: ,30000
Error:,0.050463357347934334
Absolute Error:,0.0907814743716048
Transition Probabilities
0.050103662750518335,0.8045352092358823,0.09639081940149083,0.048970308612108604
0.0178107297550646,0.04616127658127114,0.11902975037761768,0.8169982432860465
0.9185367922512523,0.018390490033893987,0.04881047629516009,0.014262241419693627
0.00536342994337431,0.04595283668032662,0.9193720268071696,0.02931170656912963

0.051473477406679735,0.054282058584589385,0.832449728022885,0.06179473598584591
0.9994834710743802,0.0001721763085399449,0.0001721763085399449,0.0001721763085399449
0.0001778235246383789,0.00031774122982882906,0.23335069686685614,0.7661537383786767
0.00020426345405987853,0.9992060719642387,0.00025881522383771184,0.0003308493578636209

Transition Gammas
145.0,2328.324895528642,278.9550313479143,141.72007312344223
29.28532504646201,75.90076363141455,195.7148852374536,1343.3508590638621
1428.3017547224354,28.596752364418347,75.89907070608139,22.17742894772502
7.208771544335915,61.76336876589188,1235.6911482908927,39.396691755524095

262.0,276.29567819556013,4237.169115636487,314.53520616795583
5805.0,1.0,1.0,1.0
1.0,1.7868346186197026,1312.2599911423251,4308.50608735106
1.0,4891.7515693792575,1.2670657363986502,1.6197188057274037

Iteration: ,40000
Error:,0.04702650931270322
Absolute Error:,0.08804216443961846
Transition Probabilities
0.04828660436137074,0.8131832738961757,0.0912878012531821,0.04724232048927134
0.01751763138604799,0.04741500034408049,0.10828863614910922,0.8267787321207624
0.9154127301686552,0.019584032985751464,0.05130416670218271,0.013699070143410586
0.004614788790221668,0.04785335180834412,0.920385497375882,0.027146362025552085

0.049926144756277664,0.052868783997525835,0.8387671765022027,0.05843789474399381
0.9996133522361129,0.0001288825879623663,0.0001288825879623663,0.0001288825879623663
0.00013292146416414571,0.0002395404521265734,0.23328277578417883,0.7663447622995304
0.00015326650229361273,0.9993989220134473,0.00019523527119597126,0.0002525762130632068

Transition Gammas
186.0,3132.3819710480675,351.6406104272573,181.97741852467314
38.639726592165005,104.58620856252676,238.85896452716653,1823.6771545956294
1883.4448878764981,40.293788359511396,105.55738118715793,28.185585343033832
8.255144520138423,85.60225676805737,1646.427526905826,48.56064966435132

338.0,357.92166766325016,5678.453784919916,395.62454741683837
7756.0,1.0,1.0,1.0
1.0,1.8021201739905837,1755.0421766050981,5765.395131016354
1.0,6520.661116797056,1.2738287119122673,1.6479544406862394

Iteration: ,50000
Error:,0.04748764100224492
Absolute Error:,0.08746751241479458
Transition Probabilities
0.04737277616880433,0.8130027306941419,0.09177199030294719,0.04785250283410658
0.01832430023405453,0.049796849072551934,0.10291620748534545,0.828962643208048
0.9162823098949033,0.018326273366599602,0.05215585938372429,0.013235557354772649
0.004180377571716674,0.048590899004378275,0.9217528066851468,0.02547591673875831

0.04828073480923224,0.05482967934702016,0.8401827232398538,0.056706862603893744
0.9996919917864476,0.0001026694045174538,0.0001026694045174538,0.0001026694045174538
0.00010640197898696398,0.00019304037824613855,0.22889093830754395,0.770809619335223
0.00012303265202872563,0.9995143582989774,0.00015731595427329975,0.0002052930947205915

Transition Gammas
229.0,3930.0552001754795,443.62580112444647,231.3189987000711
49.73386501186077,135.1533067106006,279.3242145801874,2249.8821603329598
2359.565572169155,47.192926497673795,134.30922856389844,34.083562593687816
9.324724191909432,108.38655687904519,2056.056073405788,56.826421309933885

410.0,465.613637014895,7134.831685752835,481.5546772322655
9737.0,1.0,1.0,1.0
1.0,1.8142555249821926,2151.1906121180973,7244.316568864382
1.0,8123.97637389472,1.2786520625156454,1.6686065961795224

Iteration: ,60000
Error:,0.04697362397557356
Absolute Error:,0.0868394944555346
Transition Probabilities
0.047210300429184525,0.8120723284249483,0.0932461318618348,0.04747123928403245
0.01896526501897036,0.04680062078445236,0.09789596713351643,0.8363381470630608
0.9169531898117567,0.017870604850286617,0.05220940237977633,0.012966802958180385
0.003814503463119952,0.04948432202227164,0.9219978170371965,0.024703357477411925

0.04909484454939001,0.05461978158346847,0.8394046085495932,0.05688076531754829
0.9997434143003763,8.552856654122477e-05,8.552856654122477e-05,8.552856654122477e-05
8.860076232913633e-05,0.0001616356424725455,0.22818128323712883,0.7715684803580695
0.00010240695558652286,0.9995935425790098,0.00013135540108179312,0.0001726950643219787

Transition Gammas
275.0,4730.321313075326,543.158718095188,276.51996882948913
61.92167708860715,152.80424106188147,319.63078074864717,2730.6478779770023
2808.710450959579,54.739276950738635,159.9221156889546,39.718488783109606
10.25924230701677,133.08983854210396,2479.7458182901805,66.44055579132497

499.0,555.1554600143734,8531.708441298064,578.1360986875608
11689.0,1.0,1.0,1.0
1.0,1.82431435377607,2575.387358287904,8708.372931282776
1.0,9760.992667480099,1.2826804617857421,1.6863606903739068

Iteration: ,70000
Error:,0.046136840128417546
Absolute Error:,0.08590984104569326
Transition Probabilities
0.048616195636257103,0.8100076303926999,0.0933088064013155,0.048067367569727494
0.018810520879046954,0.04519626952605478,0.09331668546401108,0.8426765241308872
0.9168860544677867,0.018828330250235337,0.05154656011328329,0.012739055168694686
0.003537893873611474,0.047699040743078853,0.9245526168698291,0.024210448513480524

0.048153145555742995,0.05531611419328153,0.840024897845675,0.05650584240530046
0.9997800586510264,7.331378299120235e-05,7.331378299120235e-05,7.331378299120235e-05
7.628269989341144e-05,0.0001398612072940389,0.22535132067853836,0.7744325354142741
8.795806352947877e-05,0.9996493167569791,0.00011310841548586751,0.00014961676400555425

Transition Gammas
332.0,5531.542107951751,637.205838914584,328.2520531336693
71.59896161108682,172.0317043620476,355.1936612055215,3207.5009772333515
3312.7953397700426,68.02852372407018,186.242557940945,46.02740154055633
11.191445551372194,150.88672424872016,2924.644051155524,76.58508875404227

571.0,655.9384821039318,9961.015238654007,670.0462792420524
13637.0,1.0,1.0,1.0
1.0,1.8334590606974406,2954.1602616768682,10152.138512354386
1.0,11365.067358741373,1.2859357169449248,1.7010011135069025

Iteration: ,80000
Error:,0.04802041503940251
Absolute Error:,0.08627646504567968
Transition Probabilities
0.0496255870034268,0.8113484241053511,0.09158808005738656,0.04743790883383552
0.019230268609303453,0.04590113499723379,0.09299374646869445,0.8418748499247682
0.9179265107114427,0.018182602854301448,0.05127871439993851,0.012612172034317238
0.003314579012418113,0.04695704132727387,0.9253851193561339,0.024343260304174223

0.04889380530973463,0.056469326957827956,0.8367501715118467,0.05788669622059081
0.9998083556918359,6.388143605468251e-05,6.388143605468251e-05,6.388143605468251e-05
6.70151121516321e-05,0.00012336171861840906,0.22503481902192654,0.7747748041473034
7.708062446311502e-05,0.999691540674822,9.932700064903916e-05,0.00013205170006581437

Transition Gammas
391.0,6392.614233526066,721.622482772149,373.7632837017903
83.21664927126226,198.6315807554402,402.4191310859871,3643.111052676221
3784.93204097377,74.97323078533545,211.4400737830775,52.00439630179381
11.878543904983106,168.28118290871754,3316.3269688570836,87.23958162717344

663.0,765.7240735481453,11346.332325700614,784.9436007512095
15651.0,1.0,1.0,1.0
1.0,1.8408044791342584,3357.9712365884025,11561.195367311406
1.0,12969.427111390349,1.2886117794306349,1.713163340146581

Iteration: ,90000
Error:,0.04760518821889973
Absolute Error:,0.08597548535547869
Transition Probabilities
0.04945921586300135,0.8124050573746481,0.0906633357158569,0.047472391046493666
0.019472471764343236,0.04477134413155077,0.0903088826096096,0.8454473014944963
0.9173869192081064,0.018046848265622382,0.0523666466226759,0.012199585903595255
0.0031479954005968354,0.046538613064665835,0.9257616190684526,0.024551772466284743

0.04868446952299729,0.05685836260251718,0.8364019883663465,0.05805517950813906
0.9998296228986824,5.679236710586097e-05,5.679236710586097e-05,5.679236710586097e-05
5.958265848182872e-05,0.00011002273695048231,0.22658909278231415,0.7732413018222535
6.851444285548441e-05,0.999724854865433,8.846126808590477e-05,0.00011816942362556758

Transition Gammas
439.0,7210.907289257377,804.7277678139459,421.3649429286778
95.09513767787693,218.64389820349163,441.0295585084241,4128.799286910677
4263.018071539265,83.86215094181325,243.34330065560556,56.69042590798551
12.641440434356921,186.8856304056283,3717.5913159367624,98.5928280364003

742.0,866.5783044249622,12747.602704691457,884.8189908835452
17605.0,1.0,1.0,1.0
1.0,1.8465563597508259,3802.936937622855,12977.623381106325
1.0,14591.446900825344,1.291133145058096,1.7247374232440165

Iteration: ,99999
Error:,0.04712255978148199
Absolute Error:,0.08612785564756699
Transition Probabilities
0.05056236700780221,0.8106282458535509,0.09167997466990109,0.047129412468745815
0.020040459499437276,0.045868131668764286,0.08837385755151639,0.845717551280282
0.9167974753718083,0.018033708988486892,0.05305762150698057,0.012111194132724129
0.0030025897720345252,0.04789730370674536,0.9249076596897143,0.02419244683150572

0.04914744232698108,0.05761471607013029,0.8351912690518779,0.05804657255101071
0.9998466179252518,5.1127358249399256e-05,5.1127358249399256e-05,5.1127358249399256e-05
5.367741506009072e-05,9.949301138711483e-05,0.22500908121976518,0.7748377483537876
6.174935849581804e-05,0.9997512781120852,7.985979102966715e-05,0.00010711273838947416

Transition Gammas
499.0,8000.090158328693,904.7896700172538,465.12017165405246
108.51707725269712,248.37133040167774,478.53557086882347,4579.475677632101
4731.152432256195,93.06333016338036,273.80495887674294,62.50006911867496
13.440466684962685,214.40228724080538,4140.156175348308,108.29244097713021

833.0,976.5118226726355,14155.65681916024,983.8313581670777
19556.0,1.0,1.0,1.0
1.0,1.8535358171725393,4191.876247540466,14435.079399527218
1.0,16190.472297453794,1.2932894037283906,1.7346372658548077

*,*,*,*,*,*,*,*,*,*,*
Model Num 2
Model States: 
['goal'],"['nothing', 'west', 'goal']","['nothing', 'west', 'nothing', 'west', 'nothing']","['nothing', 'west', 'nothing', 'west', 'goal']"
Iteration: ,99999
Error:,0.04720834937581175
Absolute Error:,0.08612687508205195
Transition Probabilities
0.05056236700780221,0.8106282458535509,0.09167997466990109,0.047129412468745815
0.020040459499437276,0.045868131668764286,0.08837385755151639,0.845717551280282
0.9167974753718083,0.018033708988486892,0.05305762150698057,0.012111194132724129
0.0030025897720345252,0.04789730370674536,0.9249076596897143,0.02419244683150572

0.04914744232698108,0.05761471607013029,0.8351912690518779,0.05804657255101071
0.9998466179252518,5.1127358249399256e-05,5.1127358249399256e-05,5.1127358249399256e-05
5.3674555225117796e-05,9.948827725054153e-05,0.2250012366956449,0.7748456004718794
6.174935849581804e-05,0.9997512781120852,7.985979102966715e-05,0.00010711273838947416

Transition Gammas
499.0,8000.090158328693,904.7896700172538,465.12017165405246
108.51707725269712,248.37133040167774,478.53557086882347,4579.475677632101
4731.152432256195,93.06333016338036,273.80495887674294,62.50006911867496
13.440466684962685,214.40228724080538,4140.156175348308,108.29244097713021

833.0,976.5118226726355,14155.65681916024,983.8313581670777
19556.0,1.0,1.0,1.0
1.0,1.8535463746886258,4191.953445202509,14435.994806516423
1.0,16190.472297453794,1.2932894037283906,1.7346372658548077

