0,1,2,3,4,5,6,7,8,9,10,11,12,13,14,15,16,17,18,19,20,21,22,23,24,25,26,27,28,29
github Code Version (SHA):,0223d720dafbf5413b6775610c21cd8ff219e6c5
Environment Observations,Environment Actions,alpha,epsilon,numActions,explore,patience,gainThresh,insertRandActions,useBudd,revisedSplitting,haveControl,confidence_factor
"['rose', 'volcano', 'nothing']","['b', 'f', 't']",0.85,0.99,100000,0.05,0,0.09,False,False,False,False,

Model Num 0
Model States: 
['rose'],['volcano'],['nothing']
Iteration: ,0
Error:,0.6163797701033165
Absolute Error:,1
Transition Probabilities
0.3333333333333333,0.3333333333333333,0.3333333333333333
0.3333333333333333,0.3333333333333333,0.3333333333333333
0.3333333333333333,0.3333333333333333,0.3333333333333333

0.3333333333333333,0.3333333333333333,0.3333333333333333
0.3333333333333333,0.3333333333333333,0.3333333333333333
0.3333333333333333,0.3333333333333333,0.3333333333333333

0.3333333333333333,0.3333333333333333,0.3333333333333333
0.3333333333333333,0.3333333333333333,0.3333333333333333
0.3333333333333333,0.3333333333333333,0.3333333333333333

Transition Gammas
1.0,1.0,1.0
1.0,1.0,1.0
1.0,1.0,1.0

1.0,1.0,1.0
1.0,1.0,1.0
1.0,1.0,1.0

1.0,1.0,1.0
1.0,1.0,1.0
1.0,1.0,1.0

Iteration: ,10000
Error:,0.14743043946150855
Absolute Error:,1
Transition Probabilities
0.058823529411764705,0.07509386733416772,0.8660826032540676
0.053927315357561546,0.053927315357561546,0.8921453692848769
0.42814726840855105,0.45961995249406173,0.11223277909738717

0.06153846153846154,0.05325443786982249,0.8852071005917159
0.046153846153846156,0.054437869822485205,0.8994082840236687
0.4322853688029021,0.4540507859733978,0.11366384522370013

0.8333333333333334,0.06343283582089553,0.10323383084577115
0.07065868263473053,0.8155688622754491,0.11377245508982035
0.05861664712778429,0.04572098475967175,0.895662368112544

Transition Gammas
47.0,60.0,692.0
46.0,46.0,761.0
721.0,774.0,189.0

52.0,45.0,748.0
39.0,46.0,760.0
715.0,751.0,188.0

670.0,51.0,83.0
59.0,681.0,95.0
100.0,78.0,1528.0

Iteration: ,20000
Error:,0.1437696802947914
Absolute Error:,1
Transition Probabilities
0.055108359133126936,0.06563467492260062,0.8792569659442725
0.05489964580873672,0.049586776859504134,0.8955135773317592
0.4511545293072824,0.44760213143872113,0.10124333925399645

0.057076295864880604,0.056493884682585906,0.8864298194525335
0.05489260143198091,0.06205250596658711,0.883054892601432
0.4396209110363803,0.4463466829715683,0.11403240599205136

0.8244416873449132,0.06327543424317618,0.11228287841191067
0.058823529411764705,0.8367346938775511,0.10444177671068428
0.053886925795053005,0.05182567726737338,0.8942873969375736

Transition Gammas
89.0,106.0,1420.0
93.0,84.0,1517.0
1524.0,1512.0,342.0

98.0,97.0,1522.0
92.0,104.0,1480.0
1438.0,1460.0,373.0

1329.0,102.0,181.0
98.0,1394.0,174.0
183.0,176.0,3037.0

Iteration: ,30000
Error:,0.1439956596258421
Absolute Error:,1
Transition Probabilities
0.05551020408163265,0.06326530612244897,0.8812244897959184
0.054773082942097026,0.05203442879499218,0.8931924882629108
0.4504074736632876,0.44841979725700654,0.10117272907970583

0.05401174168297456,0.058317025440313114,0.8876712328767123
0.05584158415841584,0.05900990099009901,0.8851485148514852
0.43928066276015354,0.445140432410588,0.11557890482925844

0.8314465408805032,0.06037735849056604,0.10817610062893082
0.05409769882922891,0.8457811869196609,0.10012111425111021
0.05473808122424956,0.053560918187168925,0.8917010005885815

Transition Gammas
136.0,155.0,2159.0
140.0,133.0,2283.0
2266.0,2256.0,509.0

138.0,149.0,2268.0
141.0,149.0,2235.0
2174.0,2203.0,572.0

1983.0,144.0,258.0
134.0,2095.0,248.0
279.0,273.0,4545.0

Iteration: ,40000
Error:,0.14244701695101158
Absolute Error:,1
Transition Probabilities
0.05558968058968059,0.06603194103194103,0.8783783783783784
0.05721026245945149,0.05278678855794751,0.890002948982601
0.44767616191904047,0.4509745127436282,0.10134932533733133

0.054322429906542055,0.055782710280373834,0.8898948598130841
0.06187389510901591,0.05686505598114319,0.8812610489098409
0.4418849744052996,0.44760614272809396,0.11050888286660644

0.8276923076923077,0.05876923076923077,0.11353846153846153
0.054334554334554336,0.8418803418803419,0.10378510378510379
0.05504314192204701,0.05236536745016364,0.8925914906277893

Transition Gammas
181.0,215.0,2860.0
194.0,179.0,3018.0
2986.0,3008.0,676.0

186.0,191.0,3047.0
210.0,193.0,2991.0
2935.0,2973.0,734.0

2690.0,191.0,369.0
178.0,2758.0,340.0
370.0,352.0,6000.0

Iteration: ,50000
Error:,0.1428354641284503
Absolute Error:,1
Transition Probabilities
0.05590666018473505,0.0639280505590666,0.8801652892561983
0.05886491557223265,0.051360225140712944,0.8897748592870544
0.45057332528666266,0.44659022329511167,0.10283645141822571

0.05184493227463802,0.05651564689397478,0.8916394208313873
0.0628158844765343,0.05848375451263538,0.8787003610108304
0.4429136216604768,0.4467473343716305,0.11033904396789265

0.831140350877193,0.05677387914230019,0.11208576998050682
0.054500616522811345,0.8394574599260173,0.1060419235511714
0.05642000237557905,0.05226273904264164,0.8913172585817793

Transition Gammas
230.0,263.0,3621.0
251.0,219.0,3794.0
3733.0,3700.0,852.0

222.0,242.0,3818.0
261.0,243.0,3651.0
3697.0,3729.0,921.0

3411.0,233.0,460.0
221.0,3404.0,430.0
475.0,440.0,7504.0

Iteration: ,60000
Error:,0.1455185077943772
Absolute Error:,1
Transition Probabilities
0.056236192006426995,0.062261498292829884,0.8815023097007432
0.06003159557661927,0.051145339652448656,0.8888230647709321
0.45011531134061966,0.4460042113707009,0.10388047728867944

0.05219941348973607,0.05513196480938416,0.8926686217008798
0.06407414870038283,0.05843239975821076,0.8774934515414065
0.44576984763432237,0.44336407377706494,0.11086607858861267

0.8288759300221195,0.05831490046249749,0.11280916951538307
0.054974358974358976,0.8367179487179487,0.10830769230769231
0.05659443949737805,0.05144949045216187,0.8919560700504601

Transition Gammas
280.0,310.0,4389.0
304.0,259.0,4501.0
4489.0,4448.0,1036.0

267.0,282.0,4566.0
318.0,290.0,4355.0
4447.0,4423.0,1106.0

4122.0,290.0,561.0
268.0,4079.0,528.0
572.0,520.0,9015.0

Iteration: ,70000
Error:,0.1456592204698298
Absolute Error:,1
Transition Probabilities
0.056769310166867364,0.060209874419404785,0.8830208154137279
0.06119352663519892,0.05209035738368173,0.8867161159811193
0.4486351502626367,0.4477740463273917,0.10359080340997158

0.05057123655913978,0.05594758064516129,0.8934811827956989
0.060406179482728695,0.05953827460510328,0.8800555459121681
0.4476475620188195,0.4424294268605646,0.10992301112061591

0.8295964125560538,0.057088651259054844,0.11331493618489134
0.05488016672455714,0.8355331712400139,0.10958666203542897
0.05568841817560642,0.05133242227536727,0.8929791595490263

Transition Gammas
330.0,350.0,5133.0
363.0,309.0,5260.0
5210.0,5200.0,1203.0

301.0,333.0,5318.0
348.0,343.0,5070.0
5233.0,5172.0,1285.0

4810.0,331.0,657.0
316.0,4811.0,631.0
652.0,601.0,10455.0

Iteration: ,80000
Error:,0.1438400618329272
Absolute Error:,1
Transition Probabilities
0.05558059185819438,0.058885383806519455,0.8855340243352862
0.061907582938388626,0.052725118483412325,0.8853672985781991
0.4479182323763716,0.44731699984969187,0.10476476777393658

0.050177095631641085,0.05608028335301062,0.8937426210153483
0.06083421171510315,0.061587110374943535,0.8775786779099534
0.44684360473834156,0.4441445494077073,0.10901184585395111

0.830648803251543,0.05810627728435948,0.11124491946409755
0.05532107325896895,0.8355441664154356,0.10913476032559542
0.05565597228498268,0.05158909474318422,0.8927549329718331

Transition Gammas
370.0,392.0,5895.0
418.0,356.0,5978.0
5960.0,5952.0,1394.0

340.0,380.0,6056.0
404.0,409.0,5828.0
5960.0,5924.0,1454.0

5518.0,386.0,739.0
367.0,5543.0,724.0
739.0,685.0,11854.0

Iteration: ,90000
Error:,0.14652967476092027
Absolute Error:,1
Transition Probabilities
0.05686509521907045,0.0589958716207218,0.8841390331602077
0.06257410090897116,0.0529574496113819,0.884468449479647
0.4484901122394441,0.4448824158204169,0.10662747194013897

0.052590163934426226,0.057049180327868855,0.890360655737705
0.057815845824411134,0.06156316916488223,0.8806209850107066
0.44764572495664934,0.44417767106842737,0.1081766039749233

0.830291727720794,0.05794591714399894,0.11176235513520714
0.05649263721552878,0.8364123159303882,0.107095046854083
0.05547719793135872,0.05305930552757069,0.8914634965410706

Transition Gammas
427.0,443.0,6639.0
475.0,402.0,6714.0
6713.0,6659.0,1596.0

401.0,435.0,6789.0
432.0,460.0,6580.0
6712.0,6660.0,1622.0

6233.0,435.0,839.0
422.0,6248.0,800.0
826.0,790.0,13273.0

Iteration: ,99999
Error:,0.14342173400161817
Absolute Error:,1
Transition Probabilities
0.058394160583941604,0.0592317817398588,0.8823740576761996
0.06274370790499822,0.053645279451731066,0.8836110126432707
0.44960260115606937,0.4442437379576108,0.10615366088631985

0.0531036110455511,0.05676185980646684,0.8901345291479821
0.059618633840212404,0.06154960173787111,0.8788317644219165
0.4466926070038911,0.44453756360371144,0.10876982939239749

0.8311641791044776,0.05743283582089552,0.11140298507462687
0.05574912891986063,0.8375585726300613,0.10669229845007809
0.05409846041501856,0.05324651615651433,0.8926550234284671

Transition Gammas
488.0,495.0,7374.0
531.0,454.0,7478.0
7467.0,7378.0,1763.0

450.0,481.0,7543.0
494.0,510.0,7282.0
7462.0,7426.0,1817.0

6961.0,481.0,933.0
464.0,6971.0,888.0
889.0,875.0,14669.0


Model Num 1
Model States: 
['rose'],['volcano'],"['nothing', 'b', 'rose']","['nothing', 'b', 'volcano']"
Iteration: ,0
Error:,0.5797629693864627
Absolute Error:,0.6
Transition Probabilities
0.25,0.25,0.25,0.25
0.25,0.25,0.25,0.25
0.25,0.25,0.25,0.25
0.25,0.25,0.25,0.25

0.25,0.25,0.25,0.25
0.25,0.25,0.25,0.25
0.25,0.25,0.25,0.25
0.25,0.25,0.25,0.25

0.25,0.25,0.25,0.25
0.25,0.25,0.25,0.25
0.25,0.25,0.25,0.25
0.25,0.25,0.25,0.25

Transition Gammas
1.0,1.0,1.0,1.0
1.0,1.0,1.0,1.0
1.0,1.0,1.0,1.0
1.0,1.0,1.0,1.0

1.0,1.0,1.0,1.0
1.0,1.0,1.0,1.0
1.0,1.0,1.0,1.0
1.0,1.0,1.0,1.0

1.0,1.0,1.0,1.0
1.0,1.0,1.0,1.0
1.0,1.0,1.0,1.0
1.0,1.0,1.0,1.0

Iteration: ,10000
Error:,0.06662130868647305
Absolute Error:,0.08484095710848889
Transition Probabilities
0.05974842767295597,0.06184486373165618,0.07976670356489944,0.7986400050304884
0.0570539419087137,0.05601659751037345,0.7952820026266838,0.09164745795422899
0.8787962354218429,0.0004962147009722433,0.06612276123629646,0.05458478864088848
0.0004990659228768225,0.8923298701037586,0.05766629739493883,0.0495047665784258

0.06618407445708377,0.06308169596690796,0.7621989167321632,0.10853531284384506
0.058645096056622825,0.05358948432760362,0.09640573261275166,0.7913596870030218
0.10756491262316122,0.7538760745736924,0.10659208220379741,0.03196693059934887
0.7590922952809199,0.1099522980307027,0.04959817180735056,0.08135723488102689

0.811789038262668,0.05894519131334023,0.07056717058035078,0.058698599843640946
0.051130776794493606,0.8367748279252704,0.05930445787478049,0.05278993740545551
0.08363460409396987,0.0815647477356345,0.23393418782428413,0.6008664603461115
0.06954016329666192,0.0944810693599081,0.6899640573081393,0.14601471003529065

Transition Gammas
57.0,59.0,76.09743520091408,761.902564799086
55.0,54.0,766.6518505321231,88.34814946787674
1771.0,1.0,133.25433750096644,110.00236094162351
1.0,1788.0,115.5484571307262,99.19484442668383

64.0,61.0,737.0463524800018,104.95364751999817
58.0,53.0,95.34526955401144,782.654730445989
4.880123822681879,34.20268283734748,4.8359873771701425,1.4503110331380473
33.11987617731811,4.7973171626525195,2.164012622829858,3.5496889668619525

785.0,57.0,68.2384539511992,56.761546048800795
52.0,851.0,60.312633658651755,53.68736634134825
3.004480072891365,2.930122786816587,8.403825345982161,21.58545886760316
2.9955199271086355,4.069877213183413,29.720969647974165,6.2897461384405196

Iteration: ,20000
Error:,0.05370074608900295
Absolute Error:,0.06968009281233743
Transition Probabilities
0.06722251172485665,0.06461698801459088,0.0777214078517836,0.7904390924087688
0.05366357069143446,0.0567595459236326,0.8033679665897459,0.08620891679518704
0.8824963932373899,0.00024831074654963137,0.061486839775950305,0.055768456240110155
0.0002505770744023355,0.8930566931699238,0.05474908538279214,0.05194364437288173

0.06332992849846783,0.06230847803881512,0.7804583700247737,0.09390322343794333
0.05130836326321189,0.05182144689584401,0.09339136173177404,0.8034788281091699
0.08132913472125676,0.7917152303618389,0.10500222308234618,0.02195341183455816
0.8082702981582748,0.07530348559397271,0.046808713247018206,0.06961750300073426

0.8333333333333334,0.054865424430641824,0.05989780369841931,0.05190343853760555
0.05096486887679367,0.838693715982187,0.0578184219604312,0.05252299318058809
0.10938285495145567,0.05488877376769939,0.16690636100175976,0.6688220102790852
0.06882257863252988,0.09567223778345138,0.6759990281022447,0.15950615548177413

Transition Gammas
129.0,124.0,149.14738166757283,1516.8526183324284
104.0,110.0,1556.9271192509277,167.0728807490725
3554.0,1.0,247.62053447276216,224.59139209652923
1.0,3564.0,218.49199697688644,207.29607645382256

124.0,122.0,1528.137488508507,183.86251149149302
100.0,101.0,182.01976401522765,1565.9802359847727
6.998712353217826,68.1304083949127,9.035880663435567,1.8891829493624588
63.00128764678217,5.869591605087266,3.6485433330542407,5.426393054147733

1610.0,106.0,115.7225567453461,100.27744325465392
103.0,1695.0,116.85103078203146,106.14896921796853
7.960686263125252,3.9947056376086962,12.147142948907378,48.67565572381025
5.039313736874748,7.005294362391304,49.497872008234516,11.67932931904787

Iteration: ,30000
Error:,0.05054323609023134
Absolute Error:,0.06594383416771195
Transition Probabilities
0.06710480802490483,0.0622621930127983,0.08247406050703138,0.7881589384552655
0.05451388888888887,0.05729166666666665,0.8042973500165983,0.08389709442784628
0.8812881356272135,0.00016571796457826504,0.061788716926950614,0.056757429481257504
0.0001661501831684316,0.8940541356293304,0.05528866244682223,0.05049105174067888

0.057719054242002785,0.06223922114047288,0.782210787146495,0.09783093747102936
0.05008460236886632,0.050423011844331636,0.09188872955276804,0.807603656234034
0.08755307738635604,0.7977537692473885,0.09844871482787818,0.016244438538377422
0.828008956662901,0.07290771517363251,0.04357923720682933,0.055504090956637116

0.8258741258741259,0.05454545454545454,0.06200357741784717,0.05757684216257241
0.049869621903520206,0.8370273794002607,0.0614933538647843,0.05160964483143474
0.10238838209443972,0.04697445278004526,0.18437582285791507,0.6662613422676
0.055208333274960074,0.1053733649573114,0.7144780661062686,0.12494023566146001

Transition Gammas
194.0,180.0,238.43250892582788,2278.567491074174
157.0,165.0,2316.3763680478037,241.62363195219734
5318.0,1.0,372.8546695839311,342.49412624454595
1.0,5381.0,332.76317481259946,303.88802935892363

166.0,179.0,2249.6382238333194,281.36177616668044
148.0,149.0,271.5311958284296,2386.468804171571
10.78441221145205,98.26388457870638,12.126490057070036,2.000920202591991
99.21558778854791,8.736115421293587,5.221851285616479,6.650738454721493

2362.0,156.0,177.3302314150429,164.6697685849571
153.0,2568.0,188.66160965715824,158.33839034284176
10.65414252912468,4.887981477084184,19.185441311505475,69.3286011260297
6.34585747087532,12.112018522915818,82.1248479101146,14.361109652350256

Iteration: ,40000
Error:,0.04841261396762277
Absolute Error:,0.0637266173919276
Transition Probabilities
0.06516095534787117,0.05970924195223255,0.08323533864106851,0.7918944640588278
0.05677083333333329,0.060416666666666625,0.7997751854544382,0.08303731454556187
0.8824834882847952,0.000124345989613188,0.05980807222872189,0.05758409349686977
0.0001249855768854007,0.89677151415275,0.05427155488521536,0.048831945385149254

0.058884835852006254,0.06070870244919229,0.7839722592773037,0.0964342024214978
0.049732211170619774,0.05202754399387915,0.09613520217670206,0.8021050426587991
0.07926907161942619,0.8088557214215892,0.08356853186861492,0.02830667509036969
0.8337310047707122,0.0668629738206193,0.03955124219435764,0.05985477921431089

0.8252001032791118,0.056545313710302095,0.061174816863516036,0.057079766147070075
0.05380835380835381,0.828992628992629,0.061677412378512146,0.055521604820505055
0.09366263559644514,0.05397625908773889,0.18833492901022816,0.6640261763055878
0.044689159528075284,0.10484477377256014,0.7353674401427996,0.11509862655656491

Transition Gammas
251.0,230.0,320.6225244453962,3050.3774755546074
218.0,232.0,3071.136712145045,318.86328785495783
7097.0,1.0,480.9811109692493,463.0957031746721
1.0,7175.0,434.22254181358034,390.7006440424984

226.0,233.0,3008.8855311062916,370.1144688937086
195.0,204.0,376.9461277348485,3145.053872265149
12.62107916406265,128.78455472998235,13.305631500291263,4.506937950556286
127.37892083593732,10.215445270017627,6.0427098423952526,9.144720706757196

3196.0,219.0,236.9300657123976,221.0699342876024
219.0,3374.0,251.02706838054442,225.97293161945558
12.951586072887839,7.463789172871379,26.042786732127464,91.82094996906991
7.048413927112161,16.536210827128624,115.98280570461563,18.153457594187028

Iteration: ,50000
Error:,0.04800204330587942
Absolute Error:,0.06364486785254315
Transition Probabilities
0.0647302904564315,0.058713692946058056,0.08486670995569304,0.7916893066418175
0.05717255717255715,0.06299376299376297,0.7937637472646802,0.08606993256899978
0.8833331120058032,9.919518382996106e-05,0.05958777054572528,0.05697992226464145
0.00010034251517585416,0.8956572904596742,0.05545357969289904,0.048788787332250824

0.05599665691600499,0.05996656916005012,0.7892266144278092,0.0948101594961356
0.050133005934110915,0.05402087170042972,0.09793755871325378,0.7979085636522056
0.07723168892674068,0.8113492941517095,0.08071861233467725,0.03070040458687249
0.814965891310656,0.0765455618765351,0.047601093516758924,0.060887453296049866

0.8243932286355292,0.05812767693249031,0.06042615746569748,0.05705293696628293
0.05254808645647432,0.8310529446757883,0.06103748621090345,0.05536148265683402
0.0883466286715564,0.06809415961666052,0.1669551772724371,0.6766040344393459
0.05044689715074567,0.09877579312883775,0.7280181374350523,0.12275917228536426

Transition Gammas
312.0,283.0,409.05754198644064,3815.9424580135624
275.0,303.0,3818.003624343113,413.9963756568891
8905.0,1.0,600.712335468522,574.4222659268983
1.0,8926.0,552.6429110902242,486.222487514356

268.0,287.0,3777.2385766514963,453.76142334850516
245.0,264.0,478.62084943167116,3899.379150568328
14.689459401892147,154.31855346968598,15.352671880476919,5.839213839131547
156.31054059810785,14.68144653031404,9.129894563684774,11.678219716706757

4042.0,285.0,296.26945005431475,279.7305499456852
265.0,4191.0,307.8120429615861,279.18795703841397
15.119242704068192,11.653326691178108,28.571954400965108,115.79095620355794
9.88075729593181,19.346673308821895,142.59292304017853,24.0441663552985

Iteration: ,60000
Error:,0.048807126237516756
Absolute Error:,0.06290803419945191
Transition Probabilities
0.06265185699409924,0.05848663658451923,0.08597593282353432,0.7928855735978472
0.054952627045650244,0.06236003445305764,0.7930100098078443,0.08967732869344776
0.8821550665151194,8.312023617404311e-05,0.060085225537303444,0.057676587711403
8.333864381951094e-05,0.895640405128284,0.055017860935598545,0.049258395292297925

0.05657062543921292,0.06201686577652845,0.7876948340831397,0.09371767470111893
0.05010190217391304,0.05791440217391304,0.09227646614910334,0.7997072295030706
0.0782447356817615,0.8055706052809778,0.08483182586418521,0.031352833173075426
0.8122172374570491,0.0777638173695912,0.05500200567328081,0.05501693950007884

0.8239496513012418,0.058683449566252766,0.0606386601165247,0.056728239015980814
0.05567416652980785,0.8310067334537691,0.05870883614123107,0.054610263875192
0.08919550600292574,0.06827867506760375,0.15618817708718527,0.6863376418422853
0.048933527751477544,0.09857472913354703,0.7330128581825074,0.11947888493246805

Transition Gammas
361.0,337.0,495.393324929205,4568.606675070798
319.0,362.0,4603.4231069345415,520.5768930654648
10613.0,1.0,722.8712080592828,693.8934532216153
1.0,10747.0,660.1722611991673,591.063077519936

322.0,353.0,4483.558995601232,533.441004398769
295.0,341.0,543.3238326859205,4708.67616731408
17.655821648506205,181.7759470741679,19.14218988056873,7.074725549979983
190.3441783514938,18.224052925832172,12.889792403745268,12.893292165706013

4844.0,345.0,356.4946828250487,333.5053171749512
339.0,5060.0,357.478103263956,332.5218967360441
18.76258631201389,14.362657847177244,32.85472872835432,144.3735208344191
11.23741368798611,22.637342152822754,168.3338419384899,27.437908498736704

Iteration: ,70000
Error:,0.0486923862583445
Absolute Error:,0.06201352187301637
Transition Probabilities
0.06196136701337292,0.058989598811292676,0.08570322729816973,0.7933458068771647
0.05510415127788444,0.06145664056729203,0.7962942822589771,0.08714492589584644
0.8828573192411535,7.107207528909623e-05,0.05938047754972117,0.05769113113383623
7.159335748187848e-05,0.8947737818085173,0.05565908229137834,0.04949554254262259

0.059299191374663066,0.06109613656783467,0.7864699380089304,0.09313473404857187
0.051030852463810485,0.05702588097675097,0.08975522665263681,0.8021880399068018
0.07744098650577544,0.8050860278339022,0.0843027165910707,0.03317026906925158
0.8156920956456849,0.07553159975525336,0.05369901009998818,0.05507729449907349

0.8233333333333334,0.06,0.06150476115209073,0.05516190551457592
0.05494972383515083,0.8321767455034698,0.05851153707382254,0.054361993587556875
0.09505161014390981,0.07203181338963394,0.15320360956229567,0.6797129669041606
0.05534855573331477,0.09127717389253794,0.7387300242067334,0.11464424616741394

Transition Gammas
417.0,397.0,576.7827197166827,5339.217280283322
373.0,416.0,5390.115996611019,589.8840033889849
12422.0,1.0,835.4966040907382,811.7271220682522
1.0,12498.0,777.4336090532786,691.3426647877321

396.0,408.0,5252.046246023638,621.953753976363
349.0,390.0,613.8359950773834,5486.164004922619
19.94449910120414,207.3454676010327,21.711699852303436,8.542819913445305
223.05550089879594,20.654532398967397,14.684290383053108,15.061189851198144

5681.0,414.0,424.382851949426,380.61714805057386
388.0,5876.0,413.14996327826094,383.8500367217391
22.458873431978365,17.019736725599557,36.19907617843008,160.60314465649424
14.541126568021637,23.980263274400443,194.07853808048176,30.11924108459401

Iteration: ,80000
Error:,0.04651158815416151
Absolute Error:,0.06016625855923168
Transition Probabilities
0.06254063190742422,0.05772981406839159,0.08791494580121631,0.7918146082229679
0.05551960657434966,0.06147275786204216,0.794985999686702,0.0880216358769062
0.8822885981585898,6.213299987032324e-05,0.05979777538513535,0.05785149345640445
6.237333137465804e-05,0.8930613586223538,0.05642499730836348,0.05045127073790811

0.059494168523129325,0.060935657187786645,0.7849869778122304,0.09458319647685363
0.05124282982791585,0.0553218610579987,0.09043800070253805,0.8029973084115474
0.07414507493414517,0.8051469523553607,0.08543504431560565,0.03527292839488846
0.8170767322636429,0.07040403506329938,0.05819089217382936,0.05432834049922846

0.8220663265306123,0.05931122448979592,0.06190066323737263,0.05672178574221919
0.05521701280935207,0.8344733242134063,0.056546452474656034,0.05376321050258561
0.0905015511855878,0.07591887608921637,0.14917195505706043,0.6844076176681354
0.04992595464670175,0.08675386851479511,0.7547256607517793,0.10859451608672392

Transition Gammas
481.0,444.0,676.1538481571552,6089.84615184285
429.0,475.0,6142.8568195791495,680.1431804208545
14200.0,1.0,962.4157132270824,931.0912651432469
1.0,14318.0,904.6333755918104,808.859646037861

454.0,465.0,5990.2356276851315,721.7643723148702
402.0,434.0,709.4861155114112,6299.513884488591
21.62774520929109,234.85731394897724,24.920972458974227,10.288935695159694
245.372254790709,21.142686051022917,17.475017776382316,16.315074069483757

6445.0,465.0,485.3011997810014,444.6988002189985
444.0,6710.0,454.6900243487092,432.30997565129087
23.39912811463391,19.628785193833064,38.56832995417678,176.95322697406286
14.600871885366091,25.371214806166936,220.7199193128096,31.75852375895091

Iteration: ,90000
Error:,0.04553065798503647
Absolute Error:,0.05830219160432185
Transition Probabilities
0.06394810009267836,0.05653382761816493,0.08729187809396655,0.7922261941951901
0.05569620253164556,0.06306098964326812,0.7939528360214728,0.08728997180361354
0.8819789407438726,5.523415210069342e-05,0.059916446927278294,0.05804937817674842
5.54438690303501e-05,0.8925354036505759,0.05684501076965456,0.05056414171073913

0.060975609756097525,0.05981416957026709,0.7852851571139737,0.09392506355966156
0.050991501416430565,0.055750708215297415,0.09042365192806913,0.8028341384402029
0.0733875448371102,0.7991432954008258,0.08939963434589857,0.03806952541616554
0.821810341181435,0.07080227969314823,0.05785357718546659,0.04953380193994999

0.8222373188405797,0.060009057971014496,0.06106231474182635,0.05669130844657945
0.054293628808864264,0.8345706371191136,0.05749060295700735,0.05364513111501483
0.0778838739204922,0.08037711332021266,0.13924933745561494,0.7024896753036802
0.05080907799342597,0.08276185172152445,0.758110101754417,0.10831896853063261

Transition Gammas
552.0,488.0,753.5034917071197,6838.496508292886
484.0,548.0,6899.450145026601,758.5498549734019
15968.0,1.0,1084.7717335833981,1050.9689380389648
1.0,16098.0,1025.2713557659092,911.9879726117274

525.0,515.0,6761.305202751319,808.6947972486865
450.0,492.0,797.9887282652105,7085.011271734795
24.073193468496836,262.1416372755949,29.325612382844174,12.487882686787783
276.9268065315033,23.858362724405172,19.49501676185165,16.691488168516383

7262.0,530.0,539.3023637998103,500.6976362001897
490.0,7532.0,518.8526916869913,484.1473083130088
23.715786012352304,24.474982096277174,42.40168501159127,213.9094266471182
16.2842139876477,26.525017903722826,242.9728625416822,34.716025799608545

Iteration: ,99999
Error:,0.04281877355443018
Absolute Error:,0.05593504697294277
Transition Probabilities
0.0642649501661129,0.05481727574750826,0.0887441932168089,0.7921735808695699
0.05642827614716824,0.06231914014055394,0.7944567549668395,0.08679582874543831
0.8820188136897811,4.9736033251933074e-05,0.059840899931994866,0.05809055034497212
4.980116160438513e-05,0.8922376113041639,0.05669766106414284,0.05101492647008872

0.06119668867232523,0.05941527821439795,0.7862896923027622,0.09309834081051459
0.05110455054464011,0.05588923953985542,0.08863484522033377,0.8043713646951708
0.07037407847318726,0.8101793811410657,0.08284648767436212,0.03660005271138485
0.8294695135710662,0.0678458841965659,0.057713108834260694,0.044971493398107174

0.8237934904601572,0.05989184777063565,0.061147072096275096,0.05516758967293216
0.053858520900321546,0.836314308681672,0.0563524639660755,0.053474706451930955
0.07444962969324834,0.07763094540280208,0.13203149189132218,0.7158879330126274
0.053277664503373956,0.08404910657038643,0.7541723333194071,0.10850089560683242

Transition Gammas
619.0,528.0,854.7840690643039,7630.215930935703
546.0,603.0,7687.163561059141,839.8364389408613
17734.0,1.0,1203.1699357461132,1167.977149498836
1.0,17916.0,1138.4806947786226,1024.3722199764256

584.0,567.0,7503.562533645264,888.4374663547412
502.0,549.0,870.6600845993389,7901.339915400666
25.678022198671144,295.617428820361,30.2289421863581,13.354590019300177
310.3219778013289,25.382571179639157,21.591686958337725,16.82478083600399

8074.0,587.0,599.3024536155922,540.697546384408
536.0,8323.0,560.8197213903834,532.1802786096168
25.078637984173668,26.150276155135558,44.475304998771705,241.14954477591192
18.921362015826336,29.849723844864442,267.84146553858915,38.533684686727334


Model Num 2
Model States: 
['rose'],['volcano'],"['nothing', 'b', 'rose']","['nothing', 'b', 'volcano']","['nothing', 'b', 'nothing', 'b', 'rose']"
Iteration: ,0
Error:,0.5642651407489289
Absolute Error:,1
Transition Probabilities
0.2,0.2,0.2,0.2,0.2
0.2,0.2,0.2,0.2,0.2
0.2,0.2,0.2,0.2,0.2
0.2,0.2,0.2,0.2,0.2
0.2,0.2,0.2,0.2,0.2

0.2,0.2,0.2,0.2,0.2
0.2,0.2,0.2,0.2,0.2
0.2,0.2,0.2,0.2,0.2
0.2,0.2,0.2,0.2,0.2
0.2,0.2,0.2,0.2,0.2

0.2,0.2,0.2,0.2,0.2
0.2,0.2,0.2,0.2,0.2
0.2,0.2,0.2,0.2,0.2
0.2,0.2,0.2,0.2,0.2
0.2,0.2,0.2,0.2,0.2

Transition Gammas
1.0,1.0,1.0,1.0,1.0
1.0,1.0,1.0,1.0,1.0
1.0,1.0,1.0,1.0,1.0
1.0,1.0,1.0,1.0,1.0
1.0,1.0,1.0,1.0,1.0

1.0,1.0,1.0,1.0,1.0
1.0,1.0,1.0,1.0,1.0
1.0,1.0,1.0,1.0,1.0
1.0,1.0,1.0,1.0,1.0
1.0,1.0,1.0,1.0,1.0

1.0,1.0,1.0,1.0,1.0
1.0,1.0,1.0,1.0,1.0
1.0,1.0,1.0,1.0,1.0
1.0,1.0,1.0,1.0,1.0
1.0,1.0,1.0,1.0,1.0

Iteration: ,10000
Error:,0.07967235233643684
Absolute Error:,1
Transition Probabilities
0.0600303951367781,0.05851063829787233,0.08173181707877625,0.7126621308811126,0.08706501860546063
0.05705705705705707,0.057807807807807816,0.7053096260718416,0.08532627504333526,0.09449923401995837
0.9978165938864629,0.0005458515283842794,0.0005458515283842794,0.0005458515283842794,0.0005458515283842794
0.0005254860746190226,0.9978980557015239,0.0005254860746190226,0.0005254860746190226,0.0005254860746190226
0.0022421524663677125,0.0022421524663677125,0.4237862634686995,0.428777587899628,0.142951843698937

0.07816711590296495,0.08086253369272237,0.6646248363867397,0.09645045322588161,0.07989506079169136
0.05443037974683544,0.05443037974683544,0.09156842779749158,0.707840217701347,0.09173059500749042
0.1511926035573072,0.6546516767890306,0.09471269914753191,0.06917988458873107,0.03026313591739936
0.7443661322464312,0.1494041868551822,0.030756138317760952,0.05194062213700161,0.023532920443624088
0.3116094625954484,0.30985673211792547,0.13485041150339797,0.15346827768539903,0.09021511609782919

0.8315217391304348,0.058423913043478264,0.05434782608695652,0.050271739130434784,0.005434782608695652
0.05778894472361809,0.8479899497487438,0.0372232877525466,0.044236263947822,0.012761553827269592
0.0866565762021975,0.07541200576297037,0.12902455913835412,0.6643134837493381,0.0445933751471399
0.11046119340151826,0.09066832455934463,0.6075302526930285,0.1544786715955712,0.03686155775053754
0.13449156293799275,0.14704343926171756,0.2529559719135389,0.3560405657567828,0.1094684601299679

Transition Gammas
79.0,77.0,107.55907127566955,937.8633642395444,114.57756448478622
76.0,77.0,939.4724219276927,113.65459835772255,125.87297971458453
1828.0,1.0,1.0,1.0,1.0
1.0,1899.0,1.0,1.0,1.0
1.0,1.0,189.00867350704002,191.23480420323412,63.7565222897259

58.0,60.0,493.15162859896094,71.56623629360416,59.282135107434996
43.0,43.0,72.33905796001835,559.1937719840641,72.46717005591744
5.559215173437311,24.070949565613624,3.482500213832154,2.543681734778411,1.1127481135281443
31.89316175774692,6.401381917090596,1.3177795871121745,2.225451416783404,1.0082931044641048
3.5476230688157697,3.527668517295781,1.5352500103947162,1.7472113899024406,1.0270844292044505

612.0,43.0,40.0,37.0,4.0
46.0,675.0,29.629737051027096,35.21206610246631,10.158196846506595
3.294687715095025,2.8671685386946217,4.9055207183215135,25.257234589720845,1.6954425354758005
4.054673365345976,3.3281411267666616,22.300471852429535,5.670412711872632,1.3530686371727427
1.6506389195589999,1.804690334538716,3.1045737223521352,4.36974931320344,1.3435259194513638

Iteration: ,20000
Error:,0.06646164928423076
Absolute Error:,1
Transition Probabilities
0.06008261359369132,0.05369883589936161,0.08415534850770882,0.7084658371235917,0.09359736487564654
0.05853658536585367,0.061913696060037535,0.6972953000783532,0.09163269922250823,0.09062171927324751
0.9989307671745522,0.0002673082063619353,0.0002673082063619353,0.0002673082063619353,0.0002673082063619353
0.00026567481402763017,0.9989373007438895,0.00026567481402763017,0.00026567481402763017,0.00026567481402763017
0.0010482180293501049,0.0010482180293501049,0.42541847720878845,0.43533567770054354,0.13714940903196784

0.06719367588932805,0.057312252964426866,0.6940119027986383,0.0835825480998673,0.09789962024773936
0.06199460916442048,0.05188679245283019,0.08929512671229116,0.6973110732709903,0.09951239839946788
0.10863627374590093,0.7258516162688291,0.07306986600000892,0.05607068860583006,0.036371555379431035
0.7951587259776332,0.10501998888248877,0.045598396229231175,0.03861736913166251,0.015605519778984483
0.3111152369979202,0.2939696197849526,0.1669879135488789,0.136772105597028,0.09115512407122028

0.8285340314136126,0.06086387434554974,0.04831773843860956,0.05242294723018887,0.009861408572039264
0.073085031623331,0.8200983836964162,0.050331894442489714,0.0457437152917408,0.010740974946022478
0.08854499957692304,0.057246201880790125,0.09564839590735119,0.6599797449272801,0.09858065770765553
0.07476599263240134,0.09015649086186286,0.6827546965070751,0.10448871323211231,0.04783410676654833
0.1190697283925096,0.1279148552894482,0.23564625126866864,0.31217501188450847,0.20519415316486495

Transition Gammas
160.0,143.0,224.10569307602864,1886.644524260125,249.2497826638468
156.0,165.0,1858.2919747088108,244.2011434279844,241.50688186320457
3737.0,1.0,1.0,1.0,1.0
1.0,3760.0,1.0,1.0,1.0
1.0,1.0,405.84922725718417,415.31023652631853,130.84053621649733

102.0,87.0,1053.5100684483332,126.87830801559859,148.61162353606838
92.0,77.0,132.51396804104007,1034.8096327341495,147.67639922481032
7.651717749675544,51.12483615579135,5.146623419231353,3.9492985947334063,2.5618043245026203
63.54617665726495,8.392813344110058,3.644057025857495,3.0861588771000474,1.2471360551122026
5.80210559305948,5.4823505000986,3.114220687242522,2.5507146693183107,1.699986346902044

1266.0,93.0,73.8295043341954,80.1022633677286,15.068232298075996
104.0,1167.0,71.62228579166285,65.09330686014715,15.284407348189983
6.373820434747249,4.120808776360786,6.885151090383635,47.50796097844371,7.096226930601715
5.217998232550714,6.292117490944699,47.65017722904795,7.292378550330081,3.3383932423753166
2.408181332702038,2.5870737326945132,4.765937666001433,6.313729327391348,4.1500449854248265

Iteration: ,30000
Error:,0.05922466442790906
Absolute Error:,1
Transition Probabilities
0.05853051058530511,0.05404732254047323,0.08934219657237197,0.7014497063129169,0.09663026398893274
0.05981402362402614,0.06132194018597638,0.7054782315993647,0.09042965387637883,0.08295615071425393
0.9992942836979535,0.00017642907551164433,0.00017642907551164433,0.00017642907551164433,0.00017642907551164433
0.0001795654516071108,0.9992817381935716,0.0001795654516071108,0.0001795654516071108,0.0001795654516071108
0.0007107320540156361,0.0007107320540156361,0.4379227096363407,0.4219282860820479,0.13872754017358008

0.06424825174825174,0.059003496503496504,0.6939651925789679,0.08794403630879132,0.09483902286049248
0.060046189376443404,0.055889145496535786,0.08676025931178821,0.6979517062509704,0.09935269956426217
0.09188123886724134,0.7552092371729584,0.06650800743121346,0.044727580295831515,0.041673936232755324
0.8121699786406741,0.08689161116913165,0.047572632373811645,0.040674756462194206,0.012691021354188481
0.3131729515027054,0.28133116995086344,0.1796171764068281,0.1370309879834063,0.08884771415619674

0.8323998276604914,0.057302886686772955,0.049249274594329075,0.05067108469083301,0.010376926367573822
0.06798346348185577,0.8231511254019293,0.0492697449509926,0.04745470640223799,0.012140959762984384
0.08085060417128216,0.056228836352516826,0.09823551053405992,0.6690577456474271,0.09562730329471397
0.06664839889790335,0.0865415577400393,0.7188195825311312,0.08384320763838658,0.04414725319253961
0.11244034310622948,0.12811785880521975,0.259007326029354,0.29110309521487815,0.2093313768443185

Transition Gammas
235.0,217.0,358.7089192380734,2816.320570846361,387.9705099155649
238.0,244.0,2807.0978835338724,359.81959277411136,330.08252369201637
5664.0,1.0,1.0,1.0,1.0
1.0,5565.0,1.0,1.0,1.0
1.0,1.0,616.1572524583314,593.6530985174414,195.18964902422715

147.0,135.0,1587.7923606206787,201.21595507451454,216.9916843048068
130.0,121.0,187.83596141002153,1511.0654440333512,215.09859455662763
9.260291413736551,76.11409794628567,6.703039029000025,4.507889019315053,4.200126147954881
91.88585857250018,9.83059027666411,5.382188809216697,4.601789056536411,1.4358144525894472
7.853850013763235,7.055311777050224,4.504496178951437,3.4365063192571665,2.228150987178884

1932.0,133.0,114.30756633343776,117.6075875674234,24.084846099138836
148.0,1792.0,107.26023475831089,103.30889583767211,26.430869404017002
8.56243198171383,5.954879269168833,10.403569469374338,70.85613642179464,10.127348935093584
7.244575821934523,9.40693080649177,78.13455467873095,9.113624407106341,4.79873677946006
3.192992196351648,3.6381899243393976,7.355085798949471,8.266516142491392,5.944427366999242

Iteration: ,40000
Error:,0.054292697686421865
Absolute Error:,1
Transition Probabilities
0.05768515072571642,0.05489393375511724,0.08897341417926026,0.6993624758400384,0.09908502549986764
0.05935386927122463,0.060293012772351606,0.707761581538064,0.0875915814286456,0.08499995498971416
0.9994715984147953,0.0001321003963011889,0.0001321003963011889,0.0001321003963011889,0.0001321003963011889
0.00013444474321054048,0.9994622210271579,0.00013444474321054048,0.00013444474321054048,0.00013444474321054048
0.0005235602094240838,0.0005235602094240838,0.433287960586046,0.4271150474232848,0.138549871571821

0.06373844121532365,0.05581241743725232,0.6932755443553974,0.08932118413366319,0.09785241285836352
0.05829285218598194,0.05655794587092295,0.08960087300995892,0.6995891340809183,0.09595919485221795
0.08026588092757554,0.7907939997006413,0.05493345649786958,0.037998210574138186,0.036008452299775284
0.81223236972453,0.09580516292583938,0.04578371603380364,0.0352322830275047,0.010946468288322327
0.3066324411613712,0.32104356542088774,0.1700669269496756,0.12240835858569057,0.07984870788237489

0.8328929986789961,0.057793923381770154,0.04746594438090156,0.05090085625493375,0.010946277303398519
0.06862068965517241,0.8248275862068966,0.04733234989759866,0.04693508806228282,0.012284286178049574
0.07426548951664119,0.05592588355389036,0.09195697461527332,0.6713667648258705,0.1064848874883247
0.06454531741613355,0.07252597049666666,0.7302991092305222,0.07926652116133051,0.05336308169534706
0.1104565155297849,0.11802868852221558,0.25305672362819986,0.2810102121422814,0.23744786017751818

Transition Gammas
310.0,295.0,478.14312779934454,3758.3739451643655,532.4829270362886
316.0,321.0,3768.1226601086537,466.33757952610927,452.5397603652383
7566.0,1.0,1.0,1.0,1.0
1.0,7434.0,1.0,1.0,1.0
1.0,1.0,827.5800047193479,815.789740578474,264.6302547021781

193.0,169.0,2099.238348308143,270.4645455567321,296.2971061351247
168.0,163.0,258.2297160147017,2016.215884421207,276.5543995640922
11.166003509066085,110.00948938158596,7.641941519009855,5.286033713277216,5.009233065019501
110.30190500067546,13.010429494707473,6.217470867667141,4.784576532913533,1.4865404904275525
9.532091490258422,9.980081123706572,5.28676450871117,3.8052323126407472,2.482206990333288

2522.0,175.0,143.72687958536991,154.12779273993937,33.14532767469071
199.0,2392.0,137.2638147030361,136.11175538062017,35.624429916343765
9.783476777418587,7.367481000492143,12.114091370374716,88.44351791867938,14.027947983223271
9.256685450749249,10.401220766638524,104.73492748553072,11.367908355536118,7.652999190503517
3.959837771832167,4.231298232869334,9.07201868384876,10.074144082623345,8.512444929680198

Iteration: ,50000
Error:,0.049168019853047355
Absolute Error:,1
Transition Probabilities
0.05652759084791386,0.05518169582772544,0.08863223979444765,0.7036303789713327,0.09602809455858027
0.06021021021021021,0.06171171171171171,0.7034602807738778,0.08722000921744243,0.08739778808675792
0.9995730145175064,0.0001067463706233988,0.0001067463706233988,0.0001067463706233988,0.0001067463706233988
0.00010636034886194426,0.9995745586045522,0.00010636034886194426,0.00010636034886194426,0.00010636034886194426
0.00042716787697565144,0.00042716787697565144,0.43286506520822965,0.43035554305495405,0.13592505598286497

0.06315226117206316,0.05806796895905807,0.6924688154143324,0.09063097149187728,0.09567998296266915
