0,1,2,3,4,5,6,7,8,9,10,11,12,13,14,15,16,17,18,19,20,21,22,23,24,25,26,27,28,29
github Code Version (SHA):,528ca1c557fe8e6666681dc5c9134b0f84d30530
Environment Observations,Environment Actions,alpha,epsilon,numActions,explore,patience,gainThresh,insertRandActions,useUpdatedPosterior,revisedSplitting,haveControl,confidence_factor
"['diamond', 'square']","['x', 'y']",0.95,0.99,75000,0.5,0,0.01,False,True,False,True,250

Model Num 0
Model States: 
['diamond'],['square']
Iteration: ,0
Error:,0.6250149848087968
Absolute Error:,1
Transition Probabilities
0.5,0.5
0.5,0.5

0.5,0.5
0.5,0.5

Transition Gammas
1.0,1.0
1.0,1.0

1.0,1.0
1.0,1.0

Iteration: ,2440
Error:,0.12836357806574603
Absolute Error:,1
Transition Probabilities
0.4571984435797665,0.5428015564202334
0.05,0.95

0.062,0.938
0.9481382978723404,0.05186170212765957


Model Num 1
Model States: 
['square'],"['diamond', 'x', 'square']","['diamond', 'x', 'diamond']"
Iteration: ,0
Error:,0.6764017084736125
Absolute Error:,1
Transition Probabilities
0.3333333333333333,0.3333333333333333,0.3333333333333333
0.3333333333333333,0.3333333333333333,0.3333333333333333
0.3333333333333333,0.3333333333333333,0.3333333333333333

0.3333333333333333,0.3333333333333333,0.3333333333333333
0.3333333333333333,0.3333333333333333,0.3333333333333333
0.3333333333333333,0.3333333333333333,0.3333333333333333

Transition Gammas
1.0,1.0,1.0
1.0,1.0,1.0
1.0,1.0,1.0

1.0,1.0,1.0
1.0,1.0,1.0
1.0,1.0,1.0

Iteration: ,2500
Error:,0.09467450922154769
Absolute Error:,1
Transition Probabilities
0.9543859649122807,0.026978851028352444,0.018635184059366854
0.9957173447537473,0.0021413276231263384,0.0021413276231263384
0.0031645569620253177,0.9386079572257786,0.058227485812196195

0.03658536585365854,0.2958370198054138,0.6675776143409275
0.8182443884771808,0.11919982400251304,0.06255578752030613
0.9696085274080973,0.014178018551363587,0.016213454040539036

Transition Gammas
816.0,23.06691762924134,15.933082370758662
465.0,1.0,1.0
1.0,296.6001144833459,18.399885516653992

24.0,194.06908499235143,437.9309150076484
35.10469857962044,5.113965889994884,2.683797281394214
141.7632636441972,2.0729213131221993,2.370515620232998

Iteration: ,2952
Error:,0.10444717960351035
Absolute Error:,1
Transition Probabilities
0.9545454545454546,0.02743227749030588,0.01802226796423957
0.9968,0.0016,0.0016
0.002832861189801701,0.9364270463285156,0.06074009248168277

0.04378698224852072,0.389435605880833,0.5667774118706463
0.8521509457544385,0.0969630653895729,0.05088598885598853
0.9685047032044648,0.013562880602783003,0.017932416192752168


Model Num 2
Model States: 
"['diamond', 'x', 'square']","['diamond', 'x', 'diamond']","['square', 'y', 'diamond', 'x', 'diamond']","['square', 'y', 'diamond', 'x', 'square']"
Iteration: ,0
Error:,0.622841356729066
Absolute Error:,0.7
Transition Probabilities
0.25,0.25,0.25,0.25
0.25,0.25,0.25,0.25
0.25,0.25,0.25,0.25
0.25,0.25,0.25,0.25

0.25,0.25,0.25,0.25
0.25,0.25,0.25,0.25
0.25,0.25,0.25,0.25
0.25,0.25,0.25,0.25

Transition Gammas
1.0,1.0,1.0,1.0
1.0,1.0,1.0,1.0
1.0,1.0,1.0,1.0
1.0,1.0,1.0,1.0

1.0,1.0,1.0,1.0
1.0,1.0,1.0,1.0
1.0,1.0,1.0,1.0
1.0,1.0,1.0,1.0

Iteration: ,2500
Error:,0.04264320519140417
Absolute Error:,0.0625741402658693
Transition Probabilities
0.0019120458891013373,0.0019120458891013373,0.03280290656263909,0.9633730016591583
0.9264547263792918,0.06818334332580202,0.0026809651474530827,0.0026809651474530827
0.03622040734943246,0.014942629271845668,0.9018510939926386,0.04698586938608324
0.035170232392424575,0.02047307029901183,0.8908366421357633,0.05352005517280037

0.030846347730905926,0.005769648227140985,0.0757711319444104,0.8876128720975427
0.05168390153503495,0.10252745049445418,0.7490929743854278,0.09669567358508308
0.0030342593993462966,0.9458647220645383,0.037432387952020585,0.013668630584094852
0.96068744091357,0.0033006475889009344,0.021553235157456926,0.014458676340072236

Transition Gammas
1.0,1.0,17.155920132260253,503.8440798677401
345.5676129394759,25.432387060524157,1.0,1.0
8.926605539986355,3.6826465244629523,222.26334712946255,11.579779264118573
11.672862325623154,6.794931813832542,295.66519101281165,17.76309660741443

6.198063498237014,1.15931540376434,15.224956005219681,178.35112899284968
1.0,1.9837405352410156,14.493738903933952,1.8709050732080668
1.134570256901514,353.67773135614004,13.996718284636717,5.110974268261128
353.09815820774577,1.2131443952524918,7.9218352540128185,5.314248701894634

Iteration: ,5000
Error:,0.03144677155814745
Absolute Error:,0.04026527926714407
Transition Probabilities
0.0010141987829614593,0.0010141987829614593,0.0340357452148009,0.9639358572192762
0.9446028647159067,0.05275861285665264,0.0013192612137203161,0.0013192612137203161
0.042728556689409676,0.018082698199012412,0.9009496140070056,0.03823913110457228
0.031262643045912,0.017667825100677804,0.9059743305615883,0.04509520129182207

0.03616713474971693,0.010272027507465387,0.04112873478990888,0.9124321029529088
0.02556978119156741,0.05072381142695559,0.869171897568164,0.054534509813312856
0.0014823865547577326,0.9500615234109521,0.03862382411742998,0.009832265916860193
0.9592815122683194,0.0018266894181604293,0.020448824862193887,0.018442973451326353

Transition Gammas
1.0,1.0,33.55924478179372,950.4407552182073
716.0089714546575,39.991028545342715,1.0,1.0
22.520724433566496,9.530756353776898,474.85895985362833,20.154505579134998
21.7331195711542,12.28229343601453,629.8139420130077,31.349217669188466

15.63583438704491,4.440819601479644,17.780841368108124,394.46412744394837
1.0,1.9837405352410156,33.99215234015401,2.132771860843989
1.1368649207840964,728.6167127501571,29.621201436771774,7.540515108440292
645.4912729360141,1.229161682683732,13.759816927078564,12.410098868341258

Iteration: ,7500
Error:,0.032637727593435424
Absolute Error:,0.038459644103394613
Transition Probabilities
0.0007168458781362003,0.0007168458781362003,0.030040770494825775,0.9685255377489018
0.9546461213598902,0.04355369862210798,0.0009000900090008997,0.0009000900090008997
0.03810748458278416,0.015644719277048625,0.9102250714091613,0.0360227247310059
0.029391052623582044,0.01382467560423837,0.9115097473921739,0.04527452438000572

0.04746921463691234,0.011408186157469748,0.03291832237061318,0.9082042768350047
0.044491648493209746,0.03485615527735159,0.8774772213334135,0.043174974896025106
0.000972037233411114,0.9479611584645208,0.04378848253319528,0.007278321768872842
0.961836200754797,0.0012502265899205377,0.018297001410938537,0.01861657124434393

Transition Gammas
1.0,1.0,41.906874840281986,1351.093125159719
1060.6118408308384,48.38815916916198,1.0,1.0
31.196357374020902,12.807411954016331,745.1477558637454,29.48968704174536
30.62674858753827,14.405910174702672,949.8325978999347,47.17801343713199

33.58248058033337,8.070813747825166,23.288333927661903,642.5164756374644
3.785161017766284,2.965414064286148,74.65204560078328,3.6731440046419888
1.1397219726926455,1111.4925688286253,51.34237041395637,8.53389454558391
952.9727048917918,1.2387055240686975,18.128391208719087,18.445016147875222

Iteration: ,10000
Error:,0.027523377239938612
Absolute Error:,0.03319104733239635
Transition Probabilities
0.00058173356602676,0.00058173356602676,0.03212797181586934,0.9667085610520771
0.9566281362438451,0.04196638237878318,0.0007027406886858751,0.0007027406886858751
0.034341670305729884,0.015774602275556212,0.9148081536322457,0.03507557378646839
0.02825122266134012,0.014102800882339504,0.9208277020265933,0.036818274429727196

0.04557273790439819,0.010516727122368131,0.03282149941699111,0.9110890355562427
0.027167640562871034,0.020230614090242106,0.9042238269515395,0.04837791839534748
0.0006980234430040227,0.954486110459238,0.03922810387948503,0.005587762218272883
0.9570127437424739,0.0009407053899089929,0.01954724326312634,0.02249930760449077

Transition Gammas
1.0,1.0,55.227983551479376,1661.7720164485197
1361.2818378749912,59.71816212500845,1.0,1.0
36.49623292584799,16.764285308081067,972.2023174818252,37.27618078917758
37.31954531453767,18.629640313252374,1216.4029700452231,48.63652371631935

46.32154766564074,10.689528412957117,33.36079243014334,926.0592215612344
6.61485841519286,4.925810452684194,220.1631230023969,11.77920032718363
1.1466659498652505,1567.9655654152912,64.44128982659855,9.17919983326421
1270.226879985833,1.248582404176949,25.944726425844237,29.862951655724583

Iteration: ,12500
Error:,0.028067391454290835
Absolute Error:,0.032830727213026864
Transition Probabilities
0.0004914004914004915,0.0004914004914004915,0.03071771730439768,0.9682994817128013
0.9579809634333132,0.04086762608885148,0.0005757052389176743,0.0005757052389176743
0.03716103801014866,0.015488355151779046,0.9149519418046087,0.03239866503346357
0.02910252344173728,0.014603695025558638,0.9265952332478244,0.029698548284879594

0.0448550270866117,0.01189384206105841,0.028649951024074787,0.9146011798282551
0.027102932422728293,0.015886330572947572,0.8989662550509441,0.058044481953379995
0.000504299638726878,0.9543139769218127,0.040932273533130774,0.004249449906329667
0.9580887177748458,0.0008127218804496279,0.018460633386568785,0.022637926958135907

Transition Gammas
1.0,1.0,62.51055471444927,1970.4894452855506
1664.0129334836645,70.987066516335,1.0,1.0
42.87845954588181,17.871320215179082,1055.7221198283203,37.38337038913048
48.04696693879498,24.110048514589383,1529.767362841633,49.03097734567569

55.66423709993269,14.760032208597622,35.55404533868995,1135.0027016488843
15.062583480729662,8.828903704044393,499.60476792203474,32.258496659398816
1.155277002134006,2186.1942894428894,93.7698753409083,9.7348706433676
1476.5583630112535,1.2525262714367353,28.450603903081,34.888439610170586

Iteration: ,15000
Error:,0.030934901319309482
Absolute Error:,0.033553803532715504
Transition Probabilities
0.0004260758414997872,0.0004260758414997872,0.03015643192779302,0.9689914163892074
0.9565254190673124,0.042500396811888816,0.00048709206039941583,0.00048709206039941583
0.03946408978053364,0.015886255950237863,0.9150191110010137,0.029630543268214717
0.03297914234635642,0.01526314866145088,0.9264551023911832,0.025302606601009508

0.0421226211760475,0.011092966710118805,0.026724507576971323,0.9200599045368625
0.02597990607988373,0.019090935317675792,0.888075794217162,0.06685336438527853
0.00039537299950713023,0.9539285268628749,0.04223490447923736,0.0034411956583806904
0.9558527572580512,0.0007210504752275378,0.019633869071866313,0.023792323194855063

Transition Gammas
1.0,1.0,70.77714573453018,2274.2228542654684
1963.746685345191,87.25331465480768,1.0,1.0
49.93690340889147,20.102083522708536,1157.8430217814464,37.49377181550213
65.5075197957873,30.317677839687754,1840.2472484704767,50.259372587467325

61.09774044010054,16.090052846732902,38.76318666170208,1334.522393604082
22.672627277407077,16.660632240310527,775.022489090657,58.34283650939528
1.160778255698051,2800.6451954302715,123.9977408980828,10.103029541294733
1664.8631747725217,1.255894670223218,34.19742773962694,41.44044407323559

Iteration: ,16020
Error:,0.03217624373352251
Absolute Error:,0.034023014542693554
Transition Probabilities
0.0004032258064516131,0.0004032258064516131,0.03019668642142135,0.9689968619656754
0.9566923577637744,0.04238979001043403,0.00045892611289582416,0.00045892611289582416
0.03980267302851699,0.015450430497639568,0.9159036159995715,0.028843280474271836
0.03290348631008685,0.015317781985415124,0.9276170106664295,0.0241617210380684

0.04329697515954781,0.010545587080749496,0.025809477516047303,0.9203479602436554
0.028387802752048337,0.018618507819799807,0.8833285469043965,0.06966514252375534
0.0003630548409529947,0.9529402460203872,0.043499535128396064,0.003197164010263664
0.9548022748512318,0.0006870942573493264,0.01986617468282026,0.024644456208598505

*,*,*,*,*,*,*,*,*,*,*
Model Num 2
Model States: 
"['diamond', 'x', 'square']","['diamond', 'x', 'diamond']","['square', 'y', 'diamond', 'x', 'diamond']","['square', 'y', 'diamond', 'x', 'square']"
Iteration: ,16020
Error:,0.03163609388668241
Absolute Error:,0.034023014542693554
Transition Probabilities
0.0004032258064516131,0.0004032258064516131,0.03019668642142135,0.9689968619656754
0.9566923577637744,0.04238979001043403,0.00045892611289582416,0.00045892611289582416
0.03980267302851699,0.015450430497639568,0.9159036159995715,0.028843280474271836
0.03290348631008685,0.015317781985415124,0.9276170106664295,0.0241617210380684

0.04329697515954781,0.010545587080749496,0.025809477516047303,0.9203479602436554
0.028387802752048337,0.018618507819799807,0.8833285469043965,0.06966514252375534
0.0003630548409529947,0.9529402460203872,0.043499535128396064,0.003197164010263664
0.9548022748512318,0.0006870942573493264,0.01986617468282026,0.024644456208598505

Transition Gammas
1.0,1.0,74.8877823251249,2403.1122176748736
2084.6326475672627,92.36735243273569,1.0,1.0
51.78604296938809,20.102083522708536,1191.654238397239,37.52711183363473
69.87534836885028,32.529542382895166,1969.929908409672,51.31093583260941

66.55972483534535,16.21155685207433,39.67648352527735,1414.835719143315
28.40465380773454,18.629559802751988,883.852892471509,69.70649588971709
1.162549220590395,3051.439659562766,139.29121707017472,10.237738514862308
1746.771827751375,1.2570109260941589,36.34435649678874,45.08602770363078

