0,1,2,3,4,5,6,7,8,9,10,11,12,13,14,15,16,17,18,19,20,21,22,23,24,25,26,27,28,29
github Code Version (SHA):,528ca1c557fe8e6666681dc5c9134b0f84d30530
Environment Observations,Environment Actions,alpha,epsilon,numActions,explore,patience,gainThresh,insertRandActions,useUpdatedPosterior,revisedSplitting,haveControl,confidence_factor
"['diamond', 'square']","['x', 'y']",0.95,0.99,75000,0.5,0,0.01,False,True,False,True,250

Model Num 0
Model States: 
['diamond'],['square']
Iteration: ,0
Error:,0.6241751547615294
Absolute Error:,1
Transition Probabilities
0.5,0.5
0.5,0.5

0.5,0.5
0.5,0.5

Transition Gammas
1.0,1.0
1.0,1.0

1.0,1.0
1.0,1.0

Iteration: ,2463
Error:,0.11892983604297978
Absolute Error:,1
Transition Probabilities
0.4396887159533074,0.5603112840466926
0.04941860465116279,0.9505813953488372

0.042,0.958
0.9556714471968709,0.04432855280312908


Model Num 1
Model States: 
['square'],"['diamond', 'x', 'square']","['diamond', 'x', 'diamond']"
Iteration: ,0
Error:,0.6743924483424681
Absolute Error:,1
Transition Probabilities
0.3333333333333333,0.3333333333333333,0.3333333333333333
0.3333333333333333,0.3333333333333333,0.3333333333333333
0.3333333333333333,0.3333333333333333,0.3333333333333333

0.3333333333333333,0.3333333333333333,0.3333333333333333
0.3333333333333333,0.3333333333333333,0.3333333333333333
0.3333333333333333,0.3333333333333333,0.3333333333333333

Transition Gammas
1.0,1.0,1.0
1.0,1.0,1.0
1.0,1.0,1.0

1.0,1.0,1.0
1.0,1.0,1.0
1.0,1.0,1.0

Iteration: ,2500
Error:,0.09790691891437528
Absolute Error:,1
Transition Probabilities
0.9415204678362573,0.03891404787935084,0.01956548428439186
0.9956803455723542,0.0021598272138228943,0.0021598272138228943
0.003048780487804878,0.9316156073186419,0.06533561219355317

0.05061349693251534,0.2792130890885114,0.6701734139789732
0.8783536246944097,0.07140439604388527,0.05024197926170509
0.9785397898648164,0.008933635236137901,0.012526574899045684

Transition Gammas
805.0,33.27151093684497,16.72848906315504
461.0,1.0,1.0
1.0,305.56991920051456,21.43008079948544

33.0,182.0469340857094,436.95306591429056
40.61541706206351,3.301767356394921,2.323208881215294
131.49783915671503,1.200517078134057,1.6833424131754657

Iteration: ,2886
Error:,0.10524511611161395
Absolute Error:,1
Transition Probabilities
0.9415011037527594,0.03871865041835851,0.019780245828882118
0.9966044142614601,0.001697792869269949,0.001697792869269949
0.0027322404371584695,0.9359205370951451,0.061347222467696416

0.05105853051058531,0.34568054220591327,0.6032609272835014
0.8908556302797332,0.06406592701088087,0.04507844270938598
0.9800023393650267,0.008324792933692197,0.011672867701281179


Model Num 2
Model States: 
"['diamond', 'x', 'square']","['diamond', 'x', 'diamond']","['square', 'y', 'diamond', 'x', 'diamond']","['square', 'y', 'diamond', 'x', 'square']"
Iteration: ,0
Error:,0.6227211884951022
Absolute Error:,0.7
Transition Probabilities
0.25,0.25,0.25,0.25
0.25,0.25,0.25,0.25
0.25,0.25,0.25,0.25
0.25,0.25,0.25,0.25

0.25,0.25,0.25,0.25
0.25,0.25,0.25,0.25
0.25,0.25,0.25,0.25
0.25,0.25,0.25,0.25

Transition Gammas
1.0,1.0,1.0,1.0
1.0,1.0,1.0,1.0
1.0,1.0,1.0,1.0
1.0,1.0,1.0,1.0

1.0,1.0,1.0,1.0
1.0,1.0,1.0,1.0
1.0,1.0,1.0,1.0
1.0,1.0,1.0,1.0

Iteration: ,2500
Error:,0.054162533466137815
Absolute Error:,0.0569880986039606
Transition Probabilities
0.00199203187250996,0.00199203187250996,0.04383727507492794,0.9521786611800521
0.9426917720767676,0.05194629762832621,0.002680965147453082,0.002680965147453082
0.06946898916722356,0.028176526843171568,0.8615285779015104,0.040825906088094534
0.023658868572051846,0.02224516510692974,0.910236009589795,0.04385995673122344

0.030671103664071303,0.022563556229026827,0.020573245276584107,0.9261920948303177
0.10767728786528766,0.05593576685173653,0.7527562122683934,0.08363073301458239
0.0028294703610802136,0.9451501341610926,0.03236134512570025,0.01965905035212693
0.9556106163747028,0.0030516117963265287,0.006980000809772093,0.034357771019198395

Transition Gammas
1.0,1.0,22.00631208761383,477.99368791238624
351.6240309846345,19.375969015365687,1.0,1.0
14.694722743538081,5.960159415010134,182.23848856390836,8.635873040762853
8.26088937669231,7.767271184374524,317.8241156800598,15.314436931745684

7.239532945390765,5.325847105937941,4.856058934322192,218.61613646916678
3.4131483877234254,1.7730486737828084,23.860822492734094,2.6509220951958046
1.0850587377787124,362.4506641563447,12.410082387824716,7.538946035421033
358.787387743177,1.145738448327313,2.6206660056625184,12.899746718409054

Iteration: ,5000
Error:,0.04051283491912039
Absolute Error:,0.04331028386671134
Transition Probabilities
0.0010515247108307045,0.0010515247108307045,0.036326074023620376,0.9615708765547182
0.935663096014198,0.06175958439817321,0.0012886597938144312,0.0012886597938144312
0.04724149849345595,0.023525171641079756,0.903768745521114,0.025464584344350345
0.018488662753207402,0.01729606026309731,0.915973392803124,0.04824188418057131

0.02464119834854903,0.018479463544258758,0.01279749623585559,0.9440818418713367
0.08078638529937701,0.0504433041046778,0.815291781730287,0.053478528865658126
0.0013890435791797976,0.9546757059114293,0.030525777125522575,0.013409473383868284
0.950953486861472,0.0016607844787129415,0.004801704439342642,0.04258402422047237

Transition Gammas
1.0,1.0,34.54609639646298,914.453903603537
726.0745625070185,47.925437492982475,1.0,1.0
21.29515071387607,10.604491636436828,407.39375887978736,11.478724823986415
13.279868277059922,12.423256623369166,657.9170253731276,34.65074115455045

11.821878415088365,8.86572025053923,6.139735672666439,452.93335943431566
4.3988198017952636,2.7466386092329365,44.39264884084107,2.9119066396321442
1.0874397870417898,747.386447690362,23.897698441012455,10.49786709320283
664.1982921080124,1.1599833530883532,3.353774850066285,29.74302797045659

Iteration: ,7500
Error:,0.035104855025990866
Absolute Error:,0.04054515349772218
Transition Probabilities
0.0007412898443291324,0.0007412898443291324,0.02958881530852375,0.968928605002818
0.9407406492751863,0.05747999129420872,0.0008896797153024911,0.0008896797153024911
0.03950257459031797,0.02387089590204726,0.9054464472281678,0.0311800822794669
0.026942026090183906,0.016571121067364542,0.9108897947580724,0.04559705808437918

0.026222624261066908,0.01972573562685794,0.015037712836593367,0.9390139272754818
0.04095337910249806,0.0529310616885858,0.8484540037198126,0.05766155548910366
0.0009336781955524039,0.9575285070446935,0.030212873225570574,0.011324941534183728
0.9454777819900393,0.0010728502342966164,0.004080591450875038,0.04936877632478904

Transition Gammas
1.0,1.0,39.91531185119855,1307.084688148802
1057.3924897853094,64.6075102146906,1.0,1.0
26.271365063575278,15.875446781410375,602.1712358586036,20.73645408613342
28.16656296807777,17.324291923450417,952.290472704295,47.669481255557606

20.706200937758158,15.576055297456989,11.874246472772315,741.4746467761983
4.3988198017952636,5.6853477634424445,91.13280403881322,6.19345210691818
1.0903982843060853,1118.251926872914,35.28417530370654,13.22585969937388
1032.650021081194,1.1717661040447762,4.456818476369275,53.92053508147189

Iteration: ,10000
Error:,0.0279830283111154
Absolute Error:,0.03489583553049205
Transition Probabilities
0.0005889281507656064,0.0005889281507656064,0.02719526901215571,0.971626874686313
0.9422892624938849,0.05632377495410393,0.0006934812760055477,0.0006934812760055477
0.03336284171566866,0.022294518214576554,0.9137264326081711,0.030616207461583576
0.02717553783877122,0.015072182067079744,0.9201888101994905,0.03756346989465843

0.02811983439031694,0.018119469301153664,0.01672761483555939,0.9370330814729699
0.033969858892804454,0.030417527441401575,0.8768702835096106,0.058742330156183284
0.0007042218476036821,0.9603144972735571,0.027976068951588762,0.01100521192725059
0.9468853975271324,0.0008050449306663461,0.0036885683186612334,0.048620989223540176

Transition Gammas
1.0,1.0,46.17756678264041,1649.82243321736
1358.7811165161825,81.21888348381789,1.0,1.0
33.09764941534546,22.11730505568834,906.4634657243978,30.37284742189917
36.30986298148021,20.138290139259087,1229.4854958773308,50.1894186262654

31.02056535992697,19.9886021354798,18.453169464640848,1033.693710452838
6.34931493536814,5.6853477634424445,163.8960469349311,10.979543817828004
1.0934530395814905,1491.0909247860882,43.438751204253535,17.087914091331736
1388.1088252246761,1.1801744708269424,5.407343115597143,71.27707788989963

Iteration: ,12500
Error:,0.02531725858376428
Absolute Error:,0.031043520307391038
Transition Probabilities
0.0004901960784313727,0.0004901960784313727,0.02567949224815647,0.9733401155949808
0.9442012933163401,0.05466748496420299,0.0005656108597285068,0.0005656108597285068
0.034368109901052754,0.020947749689166805,0.9147737760737206,0.029910364336059935
0.02653195065672353,0.014569787306036336,0.9280926057571054,0.03080565628013468

0.03278165435153103,0.018904319337785778,0.015463826519832186,0.9328501997908509
0.022536421493078242,0.017357632765233937,0.9010587425684143,0.05904720317327349
0.0005012836614313879,0.9619069484687808,0.026258746233091726,0.01133302163669613
0.9489018070755595,0.0007064602453507476,0.003754086379880968,0.0466376462992089

Transition Gammas
1.0,1.0,52.38616418623919,1985.6138358137605
1669.3478865832892,96.65211341671089,1.0,1.0
37.19935102147178,22.673423008734407,990.1327393148607,32.37437686624489
44.43185161021809,24.399360452232557,1554.2344953476086,51.58883213313485

42.57083713740524,24.54948402214463,20.081599093125654,1211.4157968674192
11.167263966084477,8.601066809797585,446.4932833413752,29.259113053840004
1.1009454048473875,2112.590368063345,57.67083235832313,24.890175072391404
1589.4317466443524,1.1833367091619673,6.288178636962854,78.11910048436707

Iteration: ,15000
Error:,0.02617166787003775
Absolute Error:,0.03112779786948487
Transition Probabilities
0.0004222972972972969,0.0004222972972972969,0.025159870260055717,0.9739955351453496
0.9462401104867652,0.05280065689932595,0.00047961630695443624,0.00047961630695443624
0.03500482411870378,0.019260340456946096,0.9181602491855173,0.02757458623883286
0.02873153210068882,0.013578818826325367,0.9305763387301504,0.027113310342835435

0.03269869713932066,0.017391112876699987,0.014222567781624364,0.9356876222023549
0.025439546223462724,0.016477776430595014,0.8931101400883069,0.06497253725763538
0.0003883029618779476,0.962070433379087,0.02623305358576949,0.01130821007326557
0.9477859535426385,0.0006321387219871326,0.004338894137542134,0.04724301359783214

Transition Gammas
1.0,1.0,59.578572775812,2306.42142722419
1972.9106303649062,110.08936963509466,1.0,1.0
41.20795197592081,22.673423008734407,1080.8654066174843,32.46101799090508
58.08862155345536,27.453282518353376,1881.4136530435787,54.816945300616105

48.80719842983774,25.958572400369263,21.22909316361769,1396.6394823192086
20.739989404975905,13.43376590078126,728.1220616201206,52.969880928730646
1.1059703636753815,2740.1835462178287,74.71737963123931,32.20821480928653
1777.2604691721529,1.1853680226230467,8.136167245096782,88.58871583626212

Iteration: ,16401
Error:,0.028489774350442833
Absolute Error:,0.03200726062388893
Transition Probabilities
0.00039370078740157415,0.00039370078740157415,0.02507068842681944,0.9741419099983775
0.9460277791870979,0.053089997610431844,0.0004411116012351122,0.0004411116012351122
0.03453558705490195,0.01958541659104293,0.9193018605190928,0.026577135834962268
0.02829194404216713,0.015389819451933512,0.9310801454925425,0.025238091013356927

0.033083348866125795,0.017049768782266248,0.013335785333381566,0.9365310970182265
0.030398079752449545,0.017314261675174063,0.8857627339192263,0.06652492465315019
0.0003452690996976243,0.9623862327143833,0.02620086391327721,0.011067634272641916
0.9444881662642851,0.0005963274129987563,0.0050123389271574375,0.0499031673955587

*,*,*,*,*,*,*,*,*,*,*
Model Num 2
Model States: 
"['diamond', 'x', 'square']","['diamond', 'x', 'diamond']","['square', 'y', 'diamond', 'x', 'diamond']","['square', 'y', 'diamond', 'x', 'square']"
Iteration: ,16401
Error:,0.027670142748151914
Absolute Error:,0.03200726062388893
Transition Probabilities
0.00039370078740157415,0.00039370078740157415,0.02507068842681944,0.9741419099983775
0.9460277791870979,0.053089997610431844,0.0004411116012351122,0.0004411116012351122
0.03453558705490195,0.01958541659104293,0.9193018605190928,0.026577135834962268
0.02829194404216713,0.015389819451933512,0.9310801454925425,0.025238091013356927

0.033083348866125795,0.017049768782266248,0.013335785333381566,0.9365310970182265
0.030398079752449545,0.017314261675174063,0.8857627339192263,0.06652492465315019
0.0003452690996976243,0.9623862327143833,0.02620086391327721,0.011067634272641916
0.9444881662642851,0.0005963274129987563,0.0050123389271574375,0.0499031673955587

Transition Gammas
1.0,1.0,63.679548604121486,2474.3204513958826
2144.644975417152,120.35502458284905,1.0,1.0
42.22944125733481,23.948664840040205,1124.104358059242,32.498002560273356
62.695535455881114,34.10415946215049,2063.2929355081255,55.928133733346314

53.421325727988794,27.531108032323004,21.53395458893697,1512.2632533560732
30.40276161416858,17.31692838897936,885.8991576232844,66.53517071147465
1.1082069144970461,3088.9618516249207,84.09666135752873,35.5236794685877
1879.163201444402,1.186459047922298,9.972600188667647,99.28784621639578

