0,1,2,3,4,5,6,7,8,9,10,11,12,13,14,15,16,17,18,19,20,21,22,23,24,25,26,27,28,29
github Code Version (SHA):,528ca1c557fe8e6666681dc5c9134b0f84d30530
Environment Observations,Environment Actions,alpha,epsilon,numActions,explore,patience,gainThresh,insertRandActions,useUpdatedPosterior,revisedSplitting,haveControl,confidence_factor
"['diamond', 'square']","['x', 'y']",0.85,0.99,75000,0.5,0,0.01,False,True,False,True,250

Model Num 0
Model States: 
['diamond'],['square']
Iteration: ,0
Error:,0.5072692520503586
Absolute Error:,1
Transition Probabilities
0.5,0.5
0.5,0.5

0.5,0.5
0.5,0.5

Transition Gammas
1.0,1.0
1.0,1.0

1.0,1.0
1.0,1.0

Iteration: ,2442
Error:,0.09469264529314958
Absolute Error:,1
Transition Probabilities
0.47771836007130125,0.5222816399286988
0.13129770992366413,0.8687022900763359

0.12,0.88
0.8838797814207651,0.11612021857923498


Model Num 1
Model States: 
['square'],"['diamond', 'x', 'square']","['diamond', 'x', 'diamond']"
Iteration: ,0
Error:,0.5666576374058442
Absolute Error:,1
Transition Probabilities
0.3333333333333333,0.3333333333333333,0.3333333333333333
0.3333333333333333,0.3333333333333333,0.3333333333333333
0.3333333333333333,0.3333333333333333,0.3333333333333333

0.3333333333333333,0.3333333333333333,0.3333333333333333
0.3333333333333333,0.3333333333333333,0.3333333333333333
0.3333333333333333,0.3333333333333333,0.3333333333333333

Transition Gammas
1.0,1.0,1.0
1.0,1.0,1.0
1.0,1.0,1.0

1.0,1.0,1.0
1.0,1.0,1.0
1.0,1.0,1.0

Iteration: ,2500
Error:,0.0704207553772413
Absolute Error:,1
Transition Probabilities
0.8944381384790011,0.06721597018137673,0.038345891339622136
0.9957983193277311,0.0021008403361344537,0.0021008403361344537
0.003144654088050315,0.8433139252488101,0.15354142066313953

0.12068965517241384,0.364868779281873,0.5144415655457133
0.8387774650784487,0.07664953645225621,0.08457299846929513
0.9020043277672914,0.05817946090013281,0.03981621133257575

Transition Gammas
788.0,59.217269729792896,33.782730270207104
474.0,1.0,1.0
1.0,268.17382822912157,48.82617177087836

77.0,232.78628118183488,328.213718818165
47.306035447851976,4.3229412322524965,4.769814915265303
72.9060857097403,4.7024572192805145,3.2182152864335336

Iteration: ,2815
Error:,0.0687865210794548
Absolute Error:,1
Transition Probabilities
0.8954741379310345,0.06381171307089752,0.040714148998068
0.9963302752293578,0.001834862385321101,0.001834862385321101
0.002702702702702704,0.8500689661195419,0.1472283311777554

0.12649800266311587,0.36858292917275076,0.5049190681641333
0.8655712284017434,0.06383895797728363,0.07058981362097316
0.8928880741236748,0.06595029528970098,0.04116163058662417


Model Num 2
Model States: 
"['diamond', 'x', 'square']","['diamond', 'x', 'diamond']","['square', 'y', 'diamond', 'x', 'diamond']","['square', 'y', 'diamond', 'x', 'square']"
Iteration: ,0
Error:,0.5050455869870107
Absolute Error:,0.6
Transition Probabilities
0.25,0.25,0.25,0.25
0.25,0.25,0.25,0.25
0.25,0.25,0.25,0.25
0.25,0.25,0.25,0.25

0.25,0.25,0.25,0.25
0.25,0.25,0.25,0.25
0.25,0.25,0.25,0.25
0.25,0.25,0.25,0.25

Transition Gammas
1.0,1.0,1.0,1.0
1.0,1.0,1.0,1.0
1.0,1.0,1.0,1.0
1.0,1.0,1.0,1.0

1.0,1.0,1.0,1.0
1.0,1.0,1.0,1.0
1.0,1.0,1.0,1.0
1.0,1.0,1.0,1.0

Iteration: ,2500
Error:,0.05736372163806736
Absolute Error:,0.08922918134656238
Transition Probabilities
0.0019379844961240301,0.0019379844961240301,0.0818760305670002,0.9142480004407517
0.8270162180794045,0.16781582326426472,0.0025839793281653744,0.0025839793281653744
0.07380229726791229,0.06815482418890215,0.7656997645514838,0.09234311399170177
0.06371001643055285,0.043131940036088404,0.8271901593328739,0.06596788420048481

0.06620212896709755,0.056203840400049915,0.06365265912685336,0.8139413715059991
0.11595431755440395,0.12205234896343736,0.6116704340444997,0.15032289943765895
0.00293391910339839,0.8814434450551458,0.05052994886422859,0.06509268697722713
0.8928020124643348,0.0031274179899034196,0.03241139693527066,0.07165917261049104

Transition Gammas
1.0,1.0,42.24803177257212,471.7519682274281
320.0552763967296,64.94472360327046,1.0,1.0
14.822103265643227,13.687891564032379,153.77950823754682,18.54575293892861
20.358676807897996,13.782906935042838,264.3304468597748,21.0801834528244

11.91531516882598,10.115784530099074,11.456451728421763,146.49631547741524
4.102181910797569,4.317915439873582,21.6394132002008,5.3180587998586875
1.0339116474233203,310.6202360289498,17.80672909962531,22.93863084018949
332.6925102004451,1.16539672512058,12.077738238665725,26.702975219406344

Iteration: ,5000
Error:,0.04386791946352395
Absolute Error:,0.07962311763547537
Transition Probabilities
0.000987166831194472,0.000987166831194472,0.0696942794255118,0.9283313869120993
0.8332741472625393,0.16410462075843055,0.001310615989515073,0.001310615989515073
0.06567521063444308,0.054725399533292605,0.7873726157626791,0.0922267740695851
0.06375524703023185,0.03214767397169448,0.8256175503304645,0.07847952866760904

0.07897392363689275,0.04168714385925923,0.04530882092387336,0.8340301115799748
0.09915043149157059,0.0884247681509171,0.6804806575700583,0.13194414278745392
0.0014594721973478547,0.8936902270281385,0.048182574087590885,0.05666772668692269
0.8999413862768421,0.0016247788009393436,0.027233946928356595,0.07119988799386201

Transition Gammas
1.0,1.0,70.60030505804345,940.3996949419563
635.7881743613171,125.21182563868244,1.0,1.0
27.68056333623853,23.065474373793915,331.8591192824952,38.87142555415361
42.581716891594,21.47122339808118,551.4246187805156,52.41596930720434

29.41158437659851,15.525187208290564,16.873977488237216,310.6107164200591
5.918764088248904,5.278497878124496,40.621149279779715,7.876377764947611
1.039276932690853,636.38871614642,34.31037459836325,40.35257491082701
659.2262949216969,1.1901851891063797,19.949448045666166,52.15543931723865

Iteration: ,7500
Error:,0.0390092411805945
Absolute Error:,0.07604674726481946
Transition Probabilities
0.0007215007215007212,0.0007215007215007212,0.05780648860457636,0.9407505099524222
0.8537603998650795,0.14444748543958014,0.0008960573476702511,0.0008960573476702511
0.06329980015890581,0.055990467356871326,0.7860158191487127,0.09469391333551026
0.06144705517621182,0.03996674311716058,0.8149992766393128,0.0835869250673148

0.06753049166146424,0.04044748064367238,0.04466779705939747,0.847354230635466
0.07591760612716465,0.07023769769793717,0.6902427736088292,0.16360192256606892
0.0009764485839842441,0.8943855932759399,0.04790407971793213,0.056733878422143724
0.8908420653272785,0.0010887552337805067,0.024727501354854412,0.08334167808408652

Transition Gammas
1.0,1.0,80.11979320594287,1303.8802067940578
952.7966062494285,161.2033937505714,1.0,1.0
39.56025437508645,34.99216625735541,491.2335531914028,59.18052331794174
62.43383983425798,40.608573206934416,828.0874348952309,84.92925620154321

45.00959270400229,26.958557310690782,29.771430699885983,564.7681196830276
7.7624280456225865,7.18166842032893,70.57598543313823,16.72797940858963
1.0457241460101148,957.8390773183033,51.30270418236723,60.758945771378414
988.526199643776,1.2081412805713396,27.43896352943366,92.4804019870011

Iteration: ,10000
Error:,0.03563568753974076
Absolute Error:,0.0758357393135161
Transition Probabilities
0.0005737234652897299,0.0005737234652897299,0.05288513851643059,0.9459674145529899
0.8631814856501434,0.13541598980567712,0.0007012622720897618,0.0007012622720897618
0.05781445678138085,0.054862206397256974,0.8008272962130153,0.08649604060834687
0.0630125840518274,0.0426555312097478,0.8213640768477011,0.07296780789072368

0.06569057580016606,0.04128050833000011,0.06060215368279533,0.8324267621870385
0.06978163830205211,0.07280471107672923,0.6781090002357154,0.1793046503855032
0.0007495791746628023,0.8989569419830457,0.04498411387359688,0.05530936496869462
0.8929452603070843,0.0007759730202659068,0.027591272925368438,0.07868749374728148

Transition Gammas
1.0,1.0,92.1787964341386,1648.821203565863
1230.8967985371041,193.1032014628955,1.0,1.0
49.04234419085734,46.538034930921135,679.3188085607111,73.37210847974356
78.58379291796341,53.19625407895545,1024.3335596611207,90.9990788545685

67.22422754354784,42.24426793777982,62.01700805903106,851.8610986883571
11.416814853879762,11.91141290285217,110.94386854217782,29.335625326393785
1.052384189724338,1262.1055986667122,63.15619727646346,77.652505838268
1416.5204970539091,1.230962005430743,43.76931641381029,124.82562225202199

Iteration: ,12500
Error:,0.03929765934499178
Absolute Error:,0.06989599561596621
Transition Probabilities
0.00047036688617121345,0.00047036688617121345,0.049952560315303755,0.9491067059123539
0.8711749089497972,0.1276703566391174,0.0005773672055427255,0.0005773672055427255
0.05543968937633763,0.04891252039492552,0.8034678849061903,0.09217990532254658
0.06322456020156574,0.04552397540854066,0.8323510717115443,0.05890039267834927

0.06617544867061986,0.041339982448882644,0.05628686291756896,0.8361977059629285
0.08084697737726597,0.05719447385408303,0.7045238206091443,0.15743472815950668
0.0005543558365861756,0.8882030689456133,0.04841331470616582,0.06282926051163475
0.8934099798372143,0.00068592282378034,0.026813451764850227,0.07909064557415517

Transition Gammas
1.0,1.0,106.1991432303358,2017.8008567696647
1508.874942301048,221.12505769895125,1.0,1.0
59.007155149004916,52.05997205504004,855.16990941399,98.11155214209484
103.635146095364,74.62106224645645,1364.356266685782,96.54714529977652

77.41737515546511,48.36284444545667,65.84891028851193,978.2514936753653
28.972675715926638,20.496461308439216,252.47623165184916,56.4189963974223
1.0650625490234116,1706.4703972221564,93.01463963139133,120.71144188877912
1609.6447226132893,1.2358179092863986,48.30943475267787,142.49655044116855

Iteration: ,15000
Error:,0.03696052175252936
Absolute Error:,0.06756480668387702
Transition Probabilities
0.0004042037186742117,0.0004042037186742117,0.04607661090446795,0.9531149816581836
0.8648207742179805,0.1342092936772667,0.0004849660523763339,0.0004849660523763339
0.05237934585684717,0.04714061804481336,0.8131647372411035,0.08731529885723585
0.0636809254404506,0.04781393829103201,0.8396602368904479,0.048844899378069496

0.06701539143526933,0.0395845811961244,0.05321236645572117,0.8401876609128851
0.07246153993817515,0.06118149164183036,0.7126139062912336,0.15374306212876093
0.00042938438866943566,0.8938344867523463,0.04521228365861008,0.060523845200373974
0.8912485448322552,0.0006141478995759862,0.026360201889849944,0.0817771053783189

Transition Gammas
1.0,1.0,113.99353537765374,2358.0064646223473
1783.2604364374752,276.7395635625238,1.0,1.0
59.930432504938025,53.936481675370864,930.3918100430623,99.9028059478527
127.64317897153302,95.83910787105624,1683.029904973832,97.90558460070851

89.63758734521409,52.94703617330382,71.17511431127669,1123.8074303303094
46.821612575949636,39.53291775080406,460.46126352089897,99.3423283216838
1.0777992623665251,2243.6170851127526,113.48751203591374,151.92111644927203
1801.0593857232789,1.2410868384214342,53.2694154717643,165.25740662681693

Iteration: ,17500
Error:,0.03634987852447097
Absolute Error:,0.067701939322899
Transition Probabilities
0.0003510003510003507,0.0003510003510003507,0.044480666183342156,0.9548173331146571
0.8576378500815558,0.14153054908684332,0.0004158004158004158,0.0004158004158004158
0.05494531923129822,0.04612156938865589,0.8157398865117627,0.08319322486828307
0.0634389568378947,0.04747189930988486,0.8470331582405028,0.04205598561171759

0.0676079449413488,0.04089800558401177,0.05215646968995366,0.8393375797846857
0.06582718641216409,0.06150441285641923,0.7124095888148965,0.16025881191652017
0.00034953403045764306,0.8949040601261217,0.044762361126367486,0.05998404471705325
0.8909822696228797,0.0005547163225533556,0.025635932974367906,0.08282708108019902

Transition Gammas
1.0,1.0,126.7254179563419,2720.2745820436603
2062.6190294461417,340.38097055385816,1.0,1.0
66.35169306466857,55.696176827264985,985.0834125212378,100.46372282019493
150.5729071623254,112.67495942393505,2010.4404526237968,99.8202418951282

100.4266884490941,60.75101481842084,77.47464497998833,1246.774971518187
60.88071332992461,56.88276731428189,658.8767698282566,148.21643334099804
1.0859545563472337,2780.3448503002555,139.0705504536837,186.36224513914368
1998.9626805793093,1.2445334378670534,57.51548043631018,185.82664286991192

Iteration: ,18177
Error:,0.0368586664325003
Absolute Error:,0.06761335016687399
Transition Probabilities
0.000338753387533875,0.000338753387533875,0.04435008680228632,0.9549724064226459
0.8572962776193909,0.14189986385970876,0.00040192926045016077,0.00040192926045016077
0.05450811369101087,0.0464531395215244,0.8170470198848782,0.08199172690258649
0.0634137930359683,0.047366059952451516,0.8488042053329409,0.04041594167863922

0.06681792668906167,0.04137304612567095,0.0514150421308246,0.8403939850544428
0.06744473413138842,0.06068988988106392,0.7085798499621945,0.16328552602535315
0.00033271887844557303,0.8934162279610689,0.04567022469376488,0.060580828466720735
0.8897517828807484,0.0005394509650106554,0.02628610451679012,0.08342266163745081

*,*,*,*,*,*,*,*,*,*,*
Model Num 2
Model States: 
"['diamond', 'x', 'square']","['diamond', 'x', 'diamond']","['square', 'y', 'diamond', 'x', 'diamond']","['square', 'y', 'diamond', 'x', 'square']"
Iteration: ,18177
Error:,0.037505433134019835
Absolute Error:,0.06761335016687399
Transition Probabilities
0.000338753387533875,0.000338753387533875,0.04435008680228632,0.9549724064226459
0.8572962776193909,0.14189986385970876,0.00040192926045016077,0.00040192926045016077
0.05450811369101087,0.0464531395215244,0.8170470198848782,0.08199172690258649
0.0634137930359683,0.047366059952451516,0.8488042053329409,0.04041594167863922

0.06681792668906167,0.04137304612567095,0.0514150421308246,0.8403939850544428
0.06744473413138842,0.06068988988106392,0.7085798499621945,0.16328552602535315
0.00033271887844557303,0.8934162279610689,0.04567022469376488,0.060580828466720735
0.8897517828807484,0.0005394509650106554,0.02628610451679012,0.08342266163745081

Transition Gammas
1.0,1.0,130.92145624034933,2819.0785437596533
2132.9531387170446,353.0468612829554,1.0,1.0
66.89892145868654,57.01288710844464,1002.7784986503115,100.63012140562823
156.9857060674113,117.2583125732497,2101.2798810441795,100.05276197879799

101.7145864364965,62.980737128732535,78.26731546592544,1279.3022901072043
67.48018233124684,60.72178781014017,708.9522716265483,163.3713470762488
1.0878235118662878,2921.022044794865,149.3186814231845,198.06886186416864
2053.7977806982963,1.2452048043638828,60.675734691978334,192.56300535438749

