0,1,2,3,4,5,6,7,8,9,10,11,12,13,14,15,16,17,18,19,20,21,22,23,24,25,26,27,28,29
github Code Version (SHA):,528ca1c557fe8e6666681dc5c9134b0f84d30530
Environment Observations,Environment Actions,alpha,epsilon,numActions,explore,patience,gainThresh,insertRandActions,useUpdatedPosterior,revisedSplitting,haveControl,confidence_factor
"['diamond', 'square']","['x', 'y']",0.85,0.99,75000,0.5,0,0.01,False,True,False,True,250

Model Num 0
Model States: 
['diamond'],['square']
Iteration: ,0
Error:,0.5076611321031561
Absolute Error:,1
Transition Probabilities
0.5,0.5
0.5,0.5

0.5,0.5
0.5,0.5

Transition Gammas
1.0,1.0
1.0,1.0

1.0,1.0
1.0,1.0

Iteration: ,2480
Error:,0.08580709269174189
Absolute Error:,1
Transition Probabilities
0.4540337711069418,0.5459662288930581
0.11175616835994194,0.888243831640058

0.094,0.906
0.8717277486910995,0.12827225130890052


Model Num 1
Model States: 
['square'],"['diamond', 'x', 'square']","['diamond', 'x', 'diamond']"
Iteration: ,0
Error:,0.5681195327050491
Absolute Error:,1
Transition Probabilities
0.3333333333333333,0.3333333333333333,0.3333333333333333
0.3333333333333333,0.3333333333333333,0.3333333333333333
0.3333333333333333,0.3333333333333333,0.3333333333333333

0.3333333333333333,0.3333333333333333,0.3333333333333333
0.3333333333333333,0.3333333333333333,0.3333333333333333
0.3333333333333333,0.3333333333333333,0.3333333333333333

Transition Gammas
1.0,1.0,1.0
1.0,1.0,1.0
1.0,1.0,1.0

1.0,1.0,1.0
1.0,1.0,1.0
1.0,1.0,1.0

Iteration: ,2500
Error:,0.05875067759084452
Absolute Error:,1
Transition Probabilities
0.9032258064516129,0.052144993164346405,0.0446292003840407
0.9957537154989384,0.0021231422505307855,0.0021231422505307855
0.0029239766081871343,0.8036903947443541,0.19338562864745878

0.1140215716486903,0.3030738050235991,0.5829046233277106
0.8588128849051785,0.07001754651905635,0.07116956857576502
0.9062467031165954,0.049680726408843856,0.0440725704745607

Transition Gammas
756.0,43.64535927855794,37.35464072144207
469.0,1.0,1.0
1.0,274.8621150025691,66.1378849974309

74.0,196.6948994603158,378.3051005396842
30.17366610188515,2.4600074207928064,2.5004827437555868
116.23109832509184,6.371824996692309,5.652548312343094

Iteration: ,2802
Error:,0.062079791821775726
Absolute Error:,1
Transition Probabilities
0.9038031319910514,0.0517010270437271,0.044495840965221446
0.996316758747698,0.001841620626151013,0.001841620626151013
0.002551020408163265,0.8040991570207168,0.1933498225711199

0.11866666666666667,0.3169806645833418,0.5643526687499916
0.8580782490987755,0.07253981168521179,0.06938193921601261
0.9016138293875922,0.05621773578968811,0.04216843482271964


Model Num 2
Model States: 
"['diamond', 'x', 'square']","['diamond', 'x', 'diamond']","['square', 'y', 'diamond', 'x', 'diamond']","['square', 'y', 'diamond', 'x', 'square']"
Iteration: ,0
Error:,0.5040693196593781
Absolute Error:,0.6
Transition Probabilities
0.25,0.25,0.25,0.25
0.25,0.25,0.25,0.25
0.25,0.25,0.25,0.25
0.25,0.25,0.25,0.25

0.25,0.25,0.25,0.25
0.25,0.25,0.25,0.25
0.25,0.25,0.25,0.25
0.25,0.25,0.25,0.25

Transition Gammas
1.0,1.0,1.0,1.0
1.0,1.0,1.0,1.0
1.0,1.0,1.0,1.0
1.0,1.0,1.0,1.0

1.0,1.0,1.0,1.0
1.0,1.0,1.0,1.0
1.0,1.0,1.0,1.0
1.0,1.0,1.0,1.0

Iteration: ,2500
Error:,0.06552522212744202
Absolute Error:,0.10706316060835307
Transition Probabilities
0.001972386587771203,0.001972386587771203,0.07848503744274189,0.9175701893817158
0.8694014463575409,0.12554804859195415,0.0025252525252525268,0.0025252525252525268
0.0703452705900354,0.05016509055193429,0.7470032951612917,0.13248634369673865
0.041063148363923975,0.06972106719035605,0.8190086686048618,0.07020711584085822

0.08459271529478075,0.03868358251181904,0.050286841490487046,0.8264368607029131
0.07250804905949654,0.18200057269963105,0.49773054879224127,0.24776082944863112
0.002986135140137096,0.9388668346136478,0.02273828369597302,0.035408746550242044
0.875826747123902,0.0034401673837250535,0.05385780113631159,0.06687528435606148

Transition Gammas
1.0,1.0,39.791913983470145,465.20808601652993
344.282972757586,49.71702724241381,1.0,1.0
12.864988361253195,9.174366672821728,136.61456722620258,24.229564480841887
13.831616160340614,23.48468342270503,275.87299044236113,23.648402928803687

16.683093483960207,7.629047265952734,9.917403344666553,162.9871243363194
2.903548819623287,7.288122558630116,19.931372670781904,9.921459385897514
1.0815302600559875,340.04251118756196,8.23544170804121,12.824480161665305
320.480352425254,1.2588175220253912,19.70751309627746,24.47083829005016

Iteration: ,5000
Error:,0.05094129231884014
Absolute Error:,0.09768832675534447
Transition Probabilities
0.0009823182711198436,0.0009823182711198436,0.08071261683698162,0.9173227466207787
0.8661546020528791,0.1312479953497182,0.0012987012987012996,0.0012987012987012996
0.07344027832169571,0.04628532964195136,0.7515475440111419,0.12872684802521106
0.04443208384289563,0.04931961097544512,0.8233509102364451,0.08289739494521399

0.0745999825436981,0.040743810082145344,0.04018451278192019,0.8444716945922364
0.05910950924476171,0.14468251138749658,0.5495244061035964,0.24668357326414525
0.0015054163747793953,0.9198731976882301,0.028016925377704886,0.05060446055928562
0.9031782842277567,0.0018011809193587717,0.04274792187798119,0.05227261297490331

Transition Gammas
1.0,1.0,82.16544394004723,933.834556059952
666.9390435807165,101.06095641928296,1.0,1.0
29.663430285535167,18.69521304185244,303.55928228357146,51.99435472651898
30.962326323774178,34.368180762863105,573.7489074754129,57.766730067397

27.207951581944766,14.859998275865681,14.656012519494697,307.99397259013654
3.985978882629507,9.756491678662886,37.0565194366348,16.634810985334138
1.087808130641062,664.6968641819676,20.244923419208465,36.5665901908119
643.0569327101913,1.2824288376788435,30.436236125953407,37.21775285278191

Iteration: ,7500
Error:,0.05252557510002968
Absolute Error:,0.0961797245323177
Transition Probabilities
0.0007047216349541941,0.0007047216349541941,0.0715799608432323,0.9270105958868593
0.8802404122480622,0.11797227765363583,0.0008936550491510281,0.0008936550491510281
0.0673625807466591,0.04877784753030162,0.7512419699133347,0.1326176018097046
0.05543426412695882,0.0558715635315238,0.8081225925981389,0.08057157974337849

0.07633448724328538,0.044575196547642124,0.039785517650961076,0.8393047985581115
0.05993343546244314,0.13689081009950171,0.5746327524730365,0.22854300196501856
0.001034903725880667,0.9217461627419872,0.02484195747547158,0.052376976056660696
0.9010879774231629,0.0011724011172515956,0.04387551278311784,0.053864108676467605

Transition Gammas
1.0,1.0,101.5719644365465,1315.4280355634514
984.9890213055811,132.01097869441844,1.0,1.0
39.41644162038051,28.541798105639096,439.5806235695208,77.59966886105893
56.934454911357335,57.38358873903739,829.9924250054636,82.75204959030594

51.614669251478865,30.140164815590488,26.90155405129631,567.5080968408106
6.633211931290897,15.150570759540376,63.598236950778904,25.294297844771044
1.0946819734044337,974.9881879589552,26.27688194796774,55.402381957675395
1004.2186674225273,1.3065839486816078,48.89712223832192,60.02892591206161

Iteration: ,10000
Error:,0.044806476450508746
Absolute Error:,0.08388724624691087
Transition Probabilities
0.0005561735261401565,0.0005561735261401565,0.0674888140989064,0.9313988388488132
0.887602246254647,0.11098432618351557,0.0007067137809187278,0.0007067137809187278
0.068877142414286,0.04874441558503741,0.7598631402266022,0.12251530177407445
0.056112736361976064,0.05712453953925305,0.8179700773296894,0.06879264676908156

0.0705394304301224,0.04170712905739163,0.0485696423483241,0.8391837981641619
0.045149904647309766,0.10285658155748191,0.6554346807455216,0.19655883304968677
0.0007888788740330557,0.9201468511070131,0.025933703254692315,0.053130566764261526
0.896092964067043,0.0008302540326392639,0.04220063114519282,0.06087615075512497

Transition Gammas
1.0,1.0,121.34488774983355,1674.655112250164
1255.9571784503257,157.04282154967456,1.0,1.0
53.833197790218605,38.09780245490655,593.8960486379135,95.755866773069
71.07979878128779,72.36148224407914,1036.1488723459795,87.14184705652674

71.48565340691864,42.266592659091735,49.22116038985814,850.4406935875617
8.32503462323084,18.965369016437666,120.85333187515032,36.242802801533585
1.1033357595208875,1286.9287773503856,36.271198430529004,74.30906843141723
1434.49114354869,1.3290943065897152,67.55597249105837,97.45227628528527

Iteration: ,12500
Error:,0.042540369196627834
Absolute Error:,0.07605796900423366
Transition Probabilities
0.0004616805170821798,0.0004616805170821798,0.06134581540190322,0.9377308235639324
0.8873148847234318,0.11155389355711129,0.0005656108597285066,0.0005656108597285066
0.06322022609435582,0.048069783932549,0.7663684848560272,0.12234150511706793
0.05520033793687216,0.05380474028247732,0.8358223961255474,0.05517252565510298

0.07297042181508419,0.0432440597375915,0.04734500388317387,0.8364405145641505
0.06061537205712929,0.08342266100880917,0.6914992271241407,0.16446273980992088
0.0005944686699251352,0.9187212892824872,0.028310352675080756,0.052373889372506977
0.8966773711710408,0.0007385259138384613,0.04104884773048492,0.06153525518463585

Transition Gammas
1.0,1.0,132.87503616052217,2031.1249638394747
1568.772716191028,197.22728380897283,1.0,1.0
65.50280768579998,49.80535513638135,794.0384048146256,126.75867482210828
90.70855103842186,88.41522013150696,1373.4741726529778,90.6628482062537

87.12066084655015,51.62983806745474,56.52602689535147,998.6409366293885
20.731254577607707,28.531647405959966,236.50183165119157,56.24842035642205
1.114454758288317,1722.3335125644003,53.07362497595959,98.18571301429051
1620.882245118835,1.3349991644570955,74.2021050247269,111.23443702763785

Iteration: ,15000
Error:,0.03853778489245927
Absolute Error:,0.07135896965391375
Transition Probabilities
0.00039698292973402196,0.00039698292973402196,0.05562130437443204,0.9435847297660999
0.8823594923572994,0.11668035401812074,0.00048007681228996626,0.00048007681228996626
0.06404506651770267,0.048067713990839034,0.7733770565242347,0.11451016296722347
0.05654665366135285,0.052890314086152454,0.844438301920356,0.04612473033213872

0.07413411028303953,0.04303473602734725,0.044605603888449516,0.8382255498011637
0.05707065827345856,0.06431239003266503,0.7179462491310108,0.16067070256286564
0.0004578053969357283,0.9142817668725777,0.03082916888847742,0.0544312588420091
0.8979993560900051,0.0006610759685023607,0.039606131415186714,0.06173343652630588

Transition Gammas
1.0,1.0,140.11006571919413,2376.8899342808027
1837.954822580255,243.04517741974556,1.0,1.0
71.75807529337719,53.85655488048783,866.5155970584684,128.30073170097572
113.8100796152699,106.4510535507722,1699.580508287849,92.83412706915558

101.3755844372421,58.84836951867839,60.99647174699036,1146.2416514731187
35.38973456333573,39.88036026295874,445.20122872501116,99.6325202446258
1.1281853093236325,2253.0954525049133,75.9733626371389,134.13679044541263
1821.25066712607,1.3407415500810933,80.32599664243172,125.20283193415852

Iteration: ,17500
Error:,0.03808899278017916
Absolute Error:,0.07118610159787125
Transition Probabilities
0.00034867503486750385,0.00034867503486750385,0.05374883810246078,0.9455538118278042
0.8787182679270958,0.1204483987395709,0.00041666666666666637,0.00041666666666666637
0.06432141802388948,0.046777599831117345,0.7807073713273871,0.10819361081760591
0.056963411534621776,0.053757296525492645,0.8486004732267123,0.04067881871317341

0.07359669431649124,0.042742914541293614,0.04340861134856666,0.8402517797936485
0.05426577066344741,0.05979426628401834,0.7138998286350458,0.17204013441748844
0.00037285902760929854,0.9131815978186307,0.032354019867848846,0.05409152328591107
0.8965847673904194,0.0005962592899344385,0.038589968211624345,0.06422900510802178

Transition Gammas
1.0,1.0,154.15166767785735,2711.8483323221394
2108.9238430250316,289.0761569749704,1.0,1.0
77.07044129610328,56.04929699183173,935.4498622678854,129.63845616766014
135.38020874979844,127.76050151109214,2016.7982590155248,96.67796960751659

113.04525318358229,65.6535411134906,66.67605801891119,1290.6350763018504
49.10133452761215,54.103687015769864,645.9584720986156,155.6671929455984
1.1380572745714335,2787.2543869079714,98.75241028310779,165.10060642191618
2023.5722229246994,1.3457441846619393,87.09671477452831,144.96346064519403

Iteration: ,18375
Error:,0.03807149147205923
Absolute Error:,0.07066866884325088
Transition Probabilities
0.0003324468085106385,0.0003324468085106385,0.052042931294007874,0.9472921750889708
0.8784224528343626,0.1207820022173478,0.000397772474144789,0.000397772474144789
0.0633356018209165,0.04829591094621363,0.7815455358924839,0.106822951340386
0.05719921577594095,0.053205120980957234,0.8504214171456275,0.03917424609747443

0.07348765126618227,0.04181563152648597,0.04339020961536077,0.841306507591971
0.05372721038100031,0.05789139267102667,0.7138388684050574,0.17454252854291566
0.0003500413873810172,0.9130472517076264,0.03370951440279868,0.05289319250219399
0.8956088841109741,0.0005757977085676363,0.03918794711488787,0.06462737106557041

*,*,*,*,*,*,*,*,*,*,*
Model Num 2
Model States: 
"['diamond', 'x', 'square']","['diamond', 'x', 'diamond']","['square', 'y', 'diamond', 'x', 'diamond']","['square', 'y', 'diamond', 'x', 'square']"
Iteration: ,18375
Error:,0.037756647547676006
Absolute Error:,0.07066866884325088
Transition Probabilities
0.0003324468085106385,0.0003324468085106385,0.052042931294007874,0.9472921750889708
0.8784224528343626,0.1207820022173478,0.000397772474144789,0.000397772474144789
0.0633356018209165,0.04829591094621363,0.7815455358924839,0.106822951340386
0.05719921577594095,0.053205120980957234,0.8504214171456275,0.03917424609747443

0.07348765126618227,0.04181563152648597,0.04339020961536077,0.841306507591971
0.05372721038100031,0.05789139267102667,0.7138388684050574,0.17454252854291566
0.0003500413873810172,0.9130472517076264,0.03370951440279868,0.05289319250219399
0.8956088841109741,0.0005757977085676363,0.03918794711488787,0.06462737106557041

Transition Gammas
1.0,1.0,156.5451373323756,2849.4548626676224
2208.354046425589,303.64595357441254,1.0,1.0
77.6765484928096,59.23145214954068,958.5092423964736,131.01064679859485
143.40177554848384,133.3883465610442,2132.0561747008437,98.21212353953264

116.2219929166055,66.13214529705724,68.62236780844212,1330.540808984108
53.74601073694311,57.91165016774987,714.0886566355769,174.6036048884116
1.14080778275233,2975.6807289616304,109.86151286634963,172.38237487454433
2095.126960031534,1.3469822867399726,91.6736378627952,151.18490881189257

