0,1,2,3,4,5,6,7,8,9,10,11,12,13,14,15,16,17,18,19,20,21,22,23,24,25,26,27,28,29
github Code Version (SHA):,528ca1c557fe8e6666681dc5c9134b0f84d30530
Environment Observations,Environment Actions,alpha,epsilon,numActions,explore,patience,gainThresh,insertRandActions,useUpdatedPosterior,revisedSplitting,haveControl,confidence_factor
"['diamond', 'square']","['x', 'y']",0.65,0.99,75000,0.5,0,0.01,False,True,False,True,250

Model Num 0
Model States: 
['diamond'],['square']
Iteration: ,0
Error:,0.3104919650861893
Absolute Error:,1
Transition Probabilities
0.5,0.5
0.5,0.5

0.5,0.5
0.5,0.5

Transition Gammas
1.0,1.0
1.0,1.0

1.0,1.0
1.0,1.0

Iteration: ,2015
Error:,0.05669631584137519
Absolute Error:,1
Transition Probabilities
0.5224913494809689,0.47750865051903113
0.2676767676767677,0.7323232323232324

0.2664756446991404,0.7335243553008596
0.748,0.252


Model Num 1
Model States: 
['square'],"['diamond', 'x', 'diamond']","['diamond', 'x', 'square']"
Iteration: ,0
Error:,0.3979723285099408
Absolute Error:,1
Transition Probabilities
0.3333333333333333,0.3333333333333333,0.3333333333333333
0.3333333333333333,0.3333333333333333,0.3333333333333333
0.3333333333333333,0.3333333333333333,0.3333333333333333

0.3333333333333333,0.3333333333333333,0.3333333333333333
0.3333333333333333,0.3333333333333333,0.3333333333333333
0.3333333333333333,0.3333333333333333,0.3333333333333333

Transition Gammas
1.0,1.0,1.0
1.0,1.0,1.0
1.0,1.0,1.0

1.0,1.0,1.0
1.0,1.0,1.0
1.0,1.0,1.0

Iteration: ,2500
Error:,0.05351948979914615
Absolute Error:,1
Transition Probabilities
0.773109243697479,0.09679414255976067,0.13009661374276035
0.002409638554216868,0.33811484468575403,0.6594755167600291
0.9960707269155207,0.0019646365422396855,0.0019646365422396855

0.2309027777777778,0.44538688648336994,0.3237103357388522
0.601617898834002,0.2364446736367398,0.16193742752925838
0.7308948312229557,0.07329008367236299,0.1958150851046813

Transition Gammas
644.0,80.62952075228064,108.37047924771937
1.0,140.31766054458788,273.68233945541203
507.0,1.0,1.0

133.0,256.5428466144211,186.4571533855789
32.084698417062526,12.609757888949988,8.636234950424527
42.131834891502464,4.224746943827363,11.287600462424532

Iteration: ,5000
Error:,0.05066164420242596
Absolute Error:,1
Transition Probabilities
0.7617728531855956,0.10649350710114035,0.1317336397132641
0.0011248593925759281,0.33612542463095363,0.6627497159764705
0.9982935153583617,0.0008532423208191126,0.0008532423208191126

0.22108575924468923,0.40053595927891666,0.3783782814763942
0.6449582111399521,0.20560724532003938,0.14943454354000857
0.7156417452659005,0.09119244978393169,0.19316580495016777

Transition Gammas
1100.0,153.77662425404665,190.22337574595338
1.0,298.81550249691776,589.1844975030823
1170.0,1.0,1.0

281.0,509.08120424350307,480.918795756497
39.55486528845795,12.609757888949988,9.164722825560895
59.73300497383802,7.611628433576258,16.12311476264797

Iteration: ,7500
Error:,0.04410139862240972
Absolute Error:,1
Transition Probabilities
0.7699530516431925,0.10928480011927073,0.1207621482375368
0.0007077140835102619,0.34240304493766294,0.6568892409788268
0.9988931931377975,0.0005534034311012728,0.0005534034311012728

0.2320872274143302,0.39931526700078035,0.3685975055848894
0.6449582111399521,0.20560724532003938,0.14943454354000857
0.7156417452659005,0.09119244978393169,0.19316580495016777

Transition Gammas
1640.0,232.77662425404665,257.2233757459534
1.0,483.81550249691776,928.1844975030823
1805.0,1.0,1.0

447.0,769.0812042435031,709.918795756497
39.55486528845795,12.609757888949988,9.164722825560895
59.73300497383802,7.611628433576258,16.12311476264797

Iteration: ,10000
Error:,0.043061910995564855
Absolute Error:,1
Transition Probabilities
0.7687634024303074,0.11428757121302596,0.11694902635666668
0.0005102040816326531,0.3570487257637336,0.6424410701546338
0.999185667752443,0.00040716612377850165,0.00040716612377850165

0.2302888368462139,0.3954259189084711,0.374285244245315
0.6449582111399521,0.20560724532003938,0.14943454354000857
0.7156417452659005,0.09119244978393169,0.19316580495016777

Transition Gammas
2151.0,319.7766242540466,327.2233757459534
1.0,699.8155024969178,1259.1844975030822
2454.0,1.0,1.0

590.0,1013.0812042435031,958.918795756497
39.55486528845795,12.609757888949988,9.164722825560895
59.73300497383802,7.611628433576258,16.12311476264797

Iteration: ,12500
Error:,0.042419738401429624
Absolute Error:,1
Transition Probabilities
0.7659327925840093,0.11523077180012938,0.11883643561586135
0.0004091653027823241,0.3571258193522577,0.6424650153449599
0.9993626513702996,0.00031867431485022306,0.00031867431485022306

0.23103022825416408,0.3846641592361207,0.3843056125097153
0.6449582111399521,0.20560724532003938,0.14943454354000857
0.7156417452659005,0.09119244978393169,0.19316580495016777

Transition Gammas
2644.0,397.7766242540466,410.2233757459534
1.0,872.8155024969178,1570.1844975030822
3136.0,1.0,1.0

749.0,1247.0812042435032,1245.918795756497
39.55486528845795,12.609757888949988,9.164722825560895
59.73300497383802,7.611628433576258,16.12311476264797

Iteration: ,15000
Error:,0.041135961267178445
Absolute Error:,1
Transition Probabilities
0.7667560321715817,0.11547078339118855,0.11777318443722969
0.00033647375504710633,0.3616472081079804,0.6380163181369725
0.9994720168954594,0.00026399155227032733,0.00026399155227032733

0.23485816509072324,0.3825916698807828,0.382550165028494
0.6449582111399521,0.20560724532003938,0.14943454354000857
0.7156417452659005,0.09119244978393169,0.19316580495016777

Transition Gammas
3146.0,473.7766242540466,483.2233757459534
1.0,1074.8155024969178,1896.1844975030822
3786.0,1.0,1.0

919.0,1497.0812042435032,1496.918795756497
39.55486528845795,12.609757888949988,9.164722825560895
59.73300497383802,7.611628433576258,16.12311476264797

Iteration: ,17500
Error:,0.04240748456466008
Absolute Error:,1
Transition Probabilities
0.7634635691657867,0.11737626700191059,0.11916016383230273
0.0002838489923360772,0.36299049176750436,0.6367256592401596
0.9995508645856725,0.00022456770716370987,0.00022456770716370987

0.2343921139101862,0.3857790151683468,0.37982887092146705
0.6449582111399521,0.20560724532003938,0.14943454354000857
0.7156417452659005,0.09119244978393169,0.19316580495016777

Transition Gammas
3615.0,555.7766242540466,564.2233757459534
1.0,1278.8155024969178,2243.184497503082
4451.0,1.0,1.0

1070.0,1761.0812042435032,1733.918795756497
39.55486528845795,12.609757888949988,9.164722825560895
59.73300497383802,7.611628433576258,16.12311476264797

Iteration: ,20000
Error:,0.04463045693184543
Absolute Error:,1
Transition Probabilities
0.7626394052044609,0.11631535766803841,0.12104523712750062
0.00024709661477637757,0.36392772485715785,0.6358251785280657
0.9996084573218481,0.00019577133907595928,0.00019577133907595928

0.23812249570692615,0.3856289265871977,0.37624857770587616
0.6449582111399521,0.20560724532003938,0.14943454354000857
0.7156417452659005,0.09119244978393169,0.19316580495016777

Transition Gammas
4103.0,625.7766242540466,651.2233757459534
1.0,1472.8155024969178,2573.184497503082
5106.0,1.0,1.0

1248.0,2021.0812042435032,1971.918795756497
39.55486528845795,12.609757888949988,9.164722825560895
59.73300497383802,7.611628433576258,16.12311476264797

Iteration: ,22500
Error:,0.04682103115219336
Absolute Error:,1
Transition Probabilities
0.761510433918516,0.11639228622955393,0.12209727985193
0.00021862702229995628,0.3679089423911058,0.6318724305865943
0.9996528380489499,0.00017358097552508245,0.00017358097552508245

0.2405556496696595,0.3830393366497549,0.37640501368058565
0.6449582111399521,0.20560724532003938,0.14943454354000857
0.7156417452659005,0.09119244978393169,0.19316580495016777

Transition Gammas
4598.0,702.7766242540466,737.2233757459534
1.0,1682.8155024969178,2890.184497503082
5759.0,1.0,1.0

1420.0,2261.081204243503,2221.9187957564973
39.55486528845795,12.609757888949988,9.164722825560895
59.73300497383802,7.611628433576258,16.12311476264797

Iteration: ,25000
Error:,0.045760854358486765
Absolute Error:,1
Transition Probabilities
0.762096173887152,0.11504788212804029,0.1228559439848077
0.00019611688566385565,0.3700363801719784,0.6297675029423577
0.9996883278790712,0.00015583606046439146,0.00015583606046439146

0.23857557695246828,0.3839341592913806,0.3774902637561512
0.6449582111399521,0.20560724532003938,0.14943454354000857
0.7156417452659005,0.09119244978393169,0.19316580495016777

Transition Gammas
5119.0,772.7766242540466,825.2233757459534
1.0,1886.8155024969178,3211.184497503082
6415.0,1.0,1.0

1561.0,2512.081204243503,2469.9187957564973
39.55486528845795,12.609757888949988,9.164722825560895
59.73300497383802,7.611628433576258,16.12311476264797

Iteration: ,27500
Error:,0.045962777490043245
Absolute Error:,1
Transition Probabilities
0.7622349102773246,0.11538562048043048,0.12237946924224488
0.00017765144785930004,0.37090344688166954,0.6289189016704712
0.9997170745508559,0.00014146272457207527,0.00014146272457207527

0.24093049016892829,0.3828691781007343,0.37620033173033746
0.6449582111399521,0.20560724532003938,0.14943454354000857
0.7156417452659005,0.09119244978393169,0.19316580495016777

Transition Gammas
5607.0,848.7766242540466,900.2233757459534
1.0,2087.815502496918,3540.184497503082
7067.0,1.0,1.0

1740.0,2765.081204243503,2716.9187957564973
39.55486528845795,12.609757888949988,9.164722825560895
59.73300497383802,7.611628433576258,16.12311476264797

Iteration: ,30000
Error:,0.04474570939976974
Absolute Error:,1
Transition Probabilities
0.7631053419870195,0.11554875489940672,0.12134590311357381
0.00016223231667748214,0.3718065383674429,0.6280312293158796
0.9997409326424871,0.00012953367875647668,0.00012953367875647668

0.24048223350253808,0.3832590360715106,0.3762587304259514
0.6449582111399521,0.20560724532003938,0.14943454354000857
0.7156417452659005,0.09119244978393169,0.19316580495016777

Transition Gammas
6114.0,925.7766242540466,972.2233757459534
1.0,2291.815502496918,3871.184497503082
7718.0,1.0,1.0

1895.0,3020.081204243503,2964.9187957564973
39.55486528845795,12.609757888949988,9.164722825560895
59.73300497383802,7.611628433576258,16.12311476264797

Iteration: ,32500
Error:,0.045463608447210896
Absolute Error:,1
Transition Probabilities
0.7632794457274826,0.11544764714249961,0.12127290713001772
0.00014990256333383302,0.37442894655927417,0.6254211508773919
0.9997613934621808,0.00011930326890956812,0.00011930326890956812

0.24150414574331425,0.3790822380291374,0.37941361622754843
0.6449582111399521,0.20560724532003938,0.14943454354000857
0.7156417452659005,0.09119244978393169,0.19316580495016777

Transition Gammas
6610.0,999.7766242540466,1050.2233757459535
1.0,2497.815502496918,4172.184497503082
8380.0,1.0,1.0

2068.0,3246.081204243503,3248.9187957564973
39.55486528845795,12.609757888949988,9.164722825560895
59.73300497383802,7.611628433576258,16.12311476264797

Iteration: ,35000
Error:,0.04571099662668911
Absolute Error:,1
Transition Probabilities
0.7626192262351302,0.11646946996613937,0.12091130379873041
0.00013854253255749516,0.3763945002073868,0.6234669572600556
0.9997785405824383,0.00011072970878086591,0.00011072970878086591

0.241083079599826,0.3793041761900286,0.3796127442101454
0.6449582111399521,0.20560724532003938,0.14943454354000857
0.7156417452659005,0.09119244978393169,0.19316580495016777

Transition Gammas
7116.0,1086.7766242540465,1128.2233757459535
1.0,2716.815502496918,4500.184497503082
9029.0,1.0,1.0

2217.0,3488.081204243503,3490.9187957564973
39.55486528845795,12.609757888949988,9.164722825560895
59.73300497383802,7.611628433576258,16.12311476264797

Iteration: ,37500
Error:,0.047176247541328854
Absolute Error:,1
Transition Probabilities
0.7624887825306611,0.11683882981892975,0.12067238765040916
0.0001291822761917065,0.37731759494857486,0.6225532227752334
0.9997931747673217,0.00010341261633919338,0.00010341261633919338

0.2425782838552257,0.3783124445143862,0.3791092716303881
0.6449582111399521,0.20560724532003938,0.14943454354000857
0.7156417452659005,0.09119244978393169,0.19316580495016777

Transition Gammas
7647.0,1171.7766242540465,1210.2233757459535
1.0,2920.815502496918,4819.184497503082
9668.0,1.0,1.0

2386.0,3721.081204243503,3728.9187957564973
39.55486528845795,12.609757888949988,9.164722825560895
59.73300497383802,7.611628433576258,16.12311476264797

Iteration: ,40000
Error:,0.04706912741053203
Absolute Error:,1
Transition Probabilities
0.7616909839132061,0.11679541940273537,0.1215135966840585
0.00012132977432661975,0.37682789401806815,0.6230507762076052
0.999806538982395,9.67305088024763e-05,9.67305088024763e-05

0.24285986290936787,0.3771021710056648,0.38003796608496737
0.6449582111399521,0.20560724532003938,0.14943454354000857
0.7156417452659005,0.09119244978393169,0.19316580495016777

Transition Gammas
8144.0,1248.7766242540465,1299.2233757459535
1.0,3105.815502496918,5135.184497503082
10336.0,1.0,1.0

2551.0,3961.081204243503,3991.9187957564973
39.55486528845795,12.609757888949988,9.164722825560895
59.73300497383802,7.611628433576258,16.12311476264797

Iteration: ,42500
Error:,0.04701867285329426
Absolute Error:,1
Transition Probabilities
0.7607659724673491,0.11690580870579302,0.12232821882685788
0.00011388224575788635,0.3779541626804371,0.621931955073805
0.9998182313914387,9.088430428065073e-05,9.088430428065073e-05

0.24238351254480286,0.37733702546984793,0.38027946198534923
0.6449582111399521,0.20560724532003938,0.14943454354000857
0.7156417452659005,0.09119244978393169,0.19316580495016777

Transition Gammas
8621.0,1324.7766242540465,1386.2233757459535
1.0,3318.815502496918,5461.184497503082
11001.0,1.0,1.0

2705.0,4211.081204243503,4243.918795756497
39.55486528845795,12.609757888949988,9.164722825560895
59.73300497383802,7.611628433576258,16.12311476264797

Iteration: ,45000
Error:,0.047022086592980065
Absolute Error:,1
Transition Probabilities
0.7606866094492125,0.11622170021281947,0.12309169033796796
0.00010761945759793371,0.376863484986754,0.6230288955556481
0.9998286497601097,8.567511994516793e-05,8.567511994516793e-05

0.24113114892896453,0.37838296539188065,0.3804858856791548
0.6449582111399521,0.20560724532003938,0.14943454354000857
0.7156417452659005,0.09119244978393169,0.19316580495016777

Transition Gammas
9129.0,1394.7766242540465,1477.2233757459535
1.0,3501.815502496918,5789.184497503082
11670.0,1.0,1.0

2848.0,4469.081204243503,4493.918795756497
39.55486528845795,12.609757888949988,9.164722825560895
59.73300497383802,7.611628433576258,16.12311476264797

Iteration: ,47500
Error:,0.047301763409572505
Absolute Error:,1
Transition Probabilities
0.7614490231748794,0.11514487259780483,0.12340610422731578
0.00010178117048346055,0.3783018323152079,0.6215963865143086
0.9998376886869015,8.115565654926148e-05,8.115565654926148e-05

0.24163062630145762,0.37843033831839684,0.37993903538014556
0.6449582111399521,0.20560724532003938,0.14943454354000857
0.7156417452659005,0.09119244978393169,0.19316580495016777

Transition Gammas
9627.0,1455.7766242540465,1560.2233757459535
1.0,3716.815502496918,6107.184497503082
12320.0,1.0,1.0

3017.0,4725.081204243503,4743.918795756497
39.55486528845795,12.609757888949988,9.164722825560895
59.73300497383802,7.611628433576258,16.12311476264797

Iteration: ,50000
Error:,0.046461759833827
Absolute Error:,1
Transition Probabilities
0.760735271960223,0.11622545007187332,0.12303927796790368
9.622786759045419e-05,0.37921627237268263,0.6206874997597269
0.9998458811743854,7.70594128072744e-05,7.70594128072744e-05

0.24137668468742862,0.37927976884516124,0.37934354646741014
0.6449582111399521,0.20560724532003938,0.14943454354000857
0.7156417452659005,0.09119244978393169,0.19316580495016777

Transition Gammas
10098.0,1542.7766242540465,1633.2233757459535
1.0,3940.815502496918,6450.184497503082
12975.0,1.0,1.0

3170.0,4981.081204243503,4981.918795756497
39.55486528845795,12.609757888949988,9.164722825560895
59.73300497383802,7.611628433576258,16.12311476264797

Iteration: ,52500
Error:,0.04699791952416068
Absolute Error:,1
Transition Probabilities
0.7613457408733,0.11515938613128465,0.12349487299541542
9.190331770976932e-05,0.37945184289099515,0.6204562537912951
0.9998532433225712,7.33783387144115e-05,7.33783387144115e-05

0.24208161194462563,0.3781315651405018,0.3797868229148726
0.6449582111399521,0.20560724532003938,0.14943454354000857
0.7156417452659005,0.09119244978393169,0.19316580495016777

Transition Gammas
10636.0,1608.7766242540465,1725.2233757459535
1.0,4128.815502496918,6751.184497503082
13626.0,1.0,1.0

3340.0,5217.081204243503,5239.918795756497
39.55486528845795,12.609757888949988,9.164722825560895
59.73300497383802,7.611628433576258,16.12311476264797

Iteration: ,55000
Error:,0.047489411687991555
Absolute Error:,1
Transition Probabilities
0.7609452906222253,0.11493590767393255,0.1241188017038422
8.780402142418122e-05,0.38035082118683977,0.619561374791736
0.9998600223964166,6.998880179171333e-05,6.998880179171333e-05

0.2426338359385807,0.3767520545195395,0.38061410954187974
0.6449582111399521,0.20560724532003938,0.14943454354000857
0.7156417452659005,0.09119244978393169,0.19316580495016777

Transition Gammas
11141.0,1682.7766242540465,1817.2233757459535
1.0,4331.815502496918,7056.184497503082
14286.0,1.0,1.0

3508.0,5447.081204243503,5502.918795756497
39.55486528845795,12.609757888949988,9.164722825560895
59.73300497383802,7.611628433576258,16.12311476264797

Iteration: ,57500
Error:,0.047803764806483816
Absolute Error:,1
Transition Probabilities
0.7617712273379418,0.11469783645846136,0.12353093620359681
8.399832003359933e-05,0.3796569090715597,0.6202590926084067
0.9998659966499163,6.700167504187605e-05,6.700167504187605e-05

0.24331656961355214,0.3771890685709041,0.37949436181554375
0.6449582111399521,0.20560724532003938,0.14943454354000857
0.7156417452659005,0.09119244978393169,0.19316580495016777

Transition Gammas
11681.0,1758.7766242540465,1894.2233757459535
1.0,4519.815502496918,7384.184497503082
14923.0,1.0,1.0

3677.0,5700.081204243503,5734.918795756497
39.55486528845795,12.609757888949988,9.164722825560895
59.73300497383802,7.611628433576258,16.12311476264797

Iteration: ,60000
Error:,0.04796769265229028
Absolute Error:,1
Transition Probabilities
0.7607838227008076,0.11549343418606689,0.12372274311312549
8.043111075363951e-05,0.38042431452561076,0.6194952543636356
0.9998717702122203,6.411489388985061e-05,6.411489388985061e-05

0.24313700627654852,0.3760274649238257,0.3808355287996258
0.6449582111399521,0.20560724532003938,0.14943454354000857
0.7156417452659005,0.09119244978393169,0.19316580495016777

Transition Gammas
12152.0,1844.7766242540465,1976.2233757459535
1.0,4729.815502496918,7702.184497503082
15595.0,1.0,1.0

3835.0,5931.081204243503,6006.918795756497
39.55486528845795,12.609757888949988,9.164722825560895
59.73300497383802,7.611628433576258,16.12311476264797

Iteration: ,62500
Error:,0.04832804846690005
Absolute Error:,1
Transition Probabilities
0.7608604217989545,0.1160113335488822,0.12312824465216328
7.72499034376207e-05,0.3797462728850458,0.6201764772115166
0.9998769533653254,6.152331733727083e-05,6.152331733727083e-05

0.2432761348423999,0.3755069492663687,0.3812169158912314
0.6449582111399521,0.20560724532003938,0.14943454354000857
0.7156417452659005,0.09119244978393169,0.19316580495016777

Transition Gammas
12663.0,1930.7766242540465,2049.2233757459535
1.0,4915.815502496918,8028.184497503082
16252.0,1.0,1.0

3998.0,6171.081204243503,6264.918795756497
39.55486528845795,12.609757888949988,9.164722825560895
59.73300497383802,7.611628433576258,16.12311476264797

Iteration: ,65000
Error:,0.048663214418634165
Absolute Error:,1
Transition Probabilities
0.7600092304142149,0.11646340280685627,0.1235273667789289
7.411250277921885e-05,0.37981290317178673,0.620112984325434
0.9998816287878788,5.918560606060606e-05,5.918560606060606e-05

0.24365214331789128,0.37659539108916334,0.37975246559294534
0.6449582111399521,0.20560724532003938,0.14943454354000857
0.7156417452659005,0.09119244978393169,0.19316580495016777

Transition Gammas
13174.0,2018.7766242540465,2141.2233757459535
1.0,5124.815502496918,8367.184497503082
16894.0,1.0,1.0

4155.0,6422.081204243503,6475.918795756497
39.55486528845795,12.609757888949988,9.164722825560895
59.73300497383802,7.611628433576258,16.12311476264797

Iteration: ,67500
Error:,0.04829539726237506
Absolute Error:,1
Transition Probabilities
0.7607259810179275,0.11637767798490573,0.12289634099716676
7.141836880445651e-05,0.37921836184094543,0.6207102197902501
0.999886020402348,5.698979882601015e-05,5.698979882601015e-05

0.24342179559570865,0.3765714965693677,0.38000670783492363
0.6449582111399521,0.20560724532003938,0.14943454354000857
0.7156417452659005,0.09119244978393169,0.19316580495016777

Transition Gammas
13706.0,2096.7766242540465,2214.2233757459535
1.0,5309.815502496918,8691.184497503082
17545.0,1.0,1.0

4311.0,6669.081204243503,6729.918795756497
39.55486528845795,12.609757888949988,9.164722825560895
59.73300497383802,7.611628433576258,16.12311476264797

Iteration: ,70000
Error:,0.048180735799712326
Absolute Error:,1
Transition Probabilities
0.7605875415460491,0.11690664866806297,0.12250580978588793
6.861534239055853e-05,0.38052802953869347,0.619403355118916
0.9998900313410678,5.498432946610216e-05,5.498432946610216e-05

0.24388649855672348,0.37689021318247934,0.3792232882607972
0.6449582111399521,0.20560724532003938,0.14943454354000857
0.7156417452659005,0.09119244978393169,0.19316580495016777

Transition Gammas
14188.0,2180.7766242540465,2285.2233757459535
1.0,5545.815502496918,9027.184497503082
18185.0,1.0,1.0

4478.0,6920.081204243503,6962.918795756497
39.55486528845795,12.609757888949988,9.164722825560895
59.73300497383802,7.611628433576258,16.12311476264797

Iteration: ,72500
Error:,0.04782244075916258
Absolute Error:,1
Transition Probabilities
0.760568494216505,0.11685132134727146,0.12258018443622354
6.626905235255136e-05,0.38023959592424905,0.6196941350233984
0.9998940004239983,5.2999788000847996e-05,5.2999788000847996e-05

0.24292242239613426,0.3767047221095385,0.3803728554943273
0.6449582111399521,0.20560724532003938,0.14943454354000857
0.7156417452659005,0.09119244978393169,0.19316580495016777

Transition Gammas
14663.0,2252.7766242540465,2363.2233757459535
1.0,5737.815502496918,9351.184497503082
18866.0,1.0,1.0

4625.0,7172.081204243503,7241.918795756497
39.55486528845795,12.609757888949988,9.164722825560895
59.73300497383802,7.611628433576258,16.12311476264797

Iteration: ,74999
Error:,0.04725955446594081
Absolute Error:,1
Transition Probabilities
0.7620668936511116,0.11675228441087755,0.12118082193801089
6.416837782340863e-05,0.37947994754215336,0.6204558840800232
0.9998974884674526,5.125576627370579e-05,5.125576627370579e-05

0.24293469988330205,0.3760759655103507,0.3809893346063472
0.6449582111399521,0.20560724532003938,0.14943454354000857
0.7156417452659005,0.09119244978393169,0.19316580495016777

Transition Gammas
15220.0,2331.7766242540465,2420.2233757459535
1.0,5913.815502496918,9669.184497503082
19508.0,1.0,1.0

4788.0,7412.081204243503,7508.918795756497
39.55486528845795,12.609757888949988,9.164722825560895
59.73300497383802,7.611628433576258,16.12311476264797

*,*,*,*,*,*,*,*,*,*,*
Model Num 1
Model States: 
['square'],"['diamond', 'x', 'diamond']","['diamond', 'x', 'square']"
Iteration: ,74999
Error:,0.04729570900164331
Absolute Error:,1
Transition Probabilities
0.7620668936511116,0.11675228441087755,0.12118082193801089
6.416426050689766e-05,0.37945559849194216,0.620480237247551
0.9998974884674526,5.125576627370579e-05,5.125576627370579e-05

0.24293469988330205,0.3760759655103507,0.3809893346063472
0.6449582111399521,0.20560724532003938,0.14943454354000857
0.7156417452659005,0.09119244978393169,0.19316580495016777

Transition Gammas
15220.0,2331.7766242540465,2420.2233757459535
1.0,5913.815502496918,9670.184497503082
19508.0,1.0,1.0

4788.0,7412.081204243503,7508.918795756497
39.55486528845795,12.609757888949988,9.164722825560895
59.73300497383802,7.611628433576258,16.12311476264797

