0,1,2,3,4,5,6,7,8,9,10,11,12,13,14,15,16,17,18,19,20,21,22,23,24,25,26,27,28,29
github Code Version (SHA):,528ca1c557fe8e6666681dc5c9134b0f84d30530
Environment Observations,Environment Actions,alpha,epsilon,numActions,explore,patience,gainThresh,insertRandActions,useUpdatedPosterior,revisedSplitting,haveControl,confidence_factor
"['diamond', 'square']","['x', 'y']",0.85,0.99,75000,0.5,0,0.01,False,True,False,True,250

Model Num 0
Model States: 
['diamond'],['square']
Iteration: ,0
Error:,0.5064153219040296
Absolute Error:,1
Transition Probabilities
0.5,0.5
0.5,0.5

0.5,0.5
0.5,0.5

Transition Gammas
1.0,1.0
1.0,1.0

1.0,1.0
1.0,1.0

Iteration: ,2420
Error:,0.0874875679224719
Absolute Error:,1
Transition Probabilities
0.42964352720450283,0.5703564727954972
0.11890243902439024,0.8810975609756098

0.13,0.87
0.8968792401628223,0.10312075983717775


Model Num 1
Model States: 
['square'],"['diamond', 'x', 'square']","['diamond', 'x', 'diamond']"
Iteration: ,0
Error:,0.5702486596450114
Absolute Error:,1
Transition Probabilities
0.3333333333333333,0.3333333333333333,0.3333333333333333
0.3333333333333333,0.3333333333333333,0.3333333333333333
0.3333333333333333,0.3333333333333333,0.3333333333333333

0.3333333333333333,0.3333333333333333,0.3333333333333333
0.3333333333333333,0.3333333333333333,0.3333333333333333
0.3333333333333333,0.3333333333333333,0.3333333333333333

Transition Gammas
1.0,1.0,1.0
1.0,1.0,1.0
1.0,1.0,1.0

1.0,1.0,1.0
1.0,1.0,1.0
1.0,1.0,1.0

Iteration: ,2500
Error:,0.07193016459673035
Absolute Error:,1
Transition Probabilities
0.8856812933025404,0.0549683304462434,0.05935037625121618
0.9957716701902748,0.0021141649048625794,0.0021141649048625794
0.002849002849002849,0.8008092022216143,0.19634179492938278

0.12280701754385967,0.3236741215972667,0.5535188608588736
0.847627299447898,0.05458326944504173,0.09778943110706012
0.9110802470767572,0.04752937860818561,0.041390374315057224

Transition Gammas
767.0,47.602574166446786,51.397425833553214
471.0,1.0,1.0
1.0,281.08402997978664,68.91597002021335

77.0,202.94367424148618,347.0563257585137
34.90869067337452,2.2479578822431967,4.0273608505355405
96.34741293523795,5.0262670955836475,4.377062831152473

Iteration: ,2834
Error:,0.0702536755895317
Absolute Error:,1
Transition Probabilities
0.8855885588558856,0.05499159703216989,0.05941984411194452
0.9963898916967509,0.0018050541516245488,0.0018050541516245488
0.0025125628140703522,0.8043620076925354,0.1931254294933942

0.12367021276595747,0.34565165989961494,0.5306781273344277
0.8407122191004415,0.07832777581758285,0.08096000508197564
0.9111360705877225,0.05177140318516679,0.03709252622711062


Model Num 2
Model States: 
"['diamond', 'x', 'square']","['diamond', 'x', 'diamond']","['square', 'y', 'diamond', 'x', 'diamond']","['square', 'y', 'diamond', 'x', 'square']"
Iteration: ,0
Error:,0.506320725986147
Absolute Error:,0.6
Transition Probabilities
0.25,0.25,0.25,0.25
0.25,0.25,0.25,0.25
0.25,0.25,0.25,0.25
0.25,0.25,0.25,0.25

0.25,0.25,0.25,0.25
0.25,0.25,0.25,0.25
0.25,0.25,0.25,0.25
0.25,0.25,0.25,0.25

Transition Gammas
1.0,1.0,1.0,1.0
1.0,1.0,1.0,1.0
1.0,1.0,1.0,1.0
1.0,1.0,1.0,1.0

1.0,1.0,1.0,1.0
1.0,1.0,1.0,1.0
1.0,1.0,1.0,1.0
1.0,1.0,1.0,1.0

Iteration: ,2500
Error:,0.07172269955985006
Absolute Error:,0.14562173334545525
Transition Probabilities
0.0014556040756914124,0.0014556040756914124,0.1465420926757177,0.8505466991728995
0.8140862836315024,0.18090118504017688,0.0025062656641604013,0.0025062656641604013
0.06537807136183842,0.03275376423631768,0.6764340139405267,0.22543415046131707
0.05332657763646009,0.06635344076502876,0.8149626887324595,0.06535729286605156

0.05573682479756051,0.035943509911609585,0.11824639586192864,0.7900732694289013
0.12775860269596345,0.28516428039388125,0.35702660721558355,0.23005050969457178
0.003011986446236705,0.9462456064874085,0.0258269934840342,0.02491541358232065
0.8667857483484729,0.00206786314716196,0.06184877677410015,0.0692976117302649

Transition Gammas
1.0,1.0,100.67441766821803,584.3255823317818
324.8204271689694,72.17957283103057,1.0,1.0
4.624908225606805,2.317033073639325,47.8515987086744,15.94743061524153
11.85135586077214,14.746459906989482,181.11818281802636,14.525074928541743

5.591990180355,3.6061572434964146,11.863479610184324,79.26683983980296
1.9514950883509665,4.355845170646812,5.4535323312035136,3.513989901799213
1.0076132688951824,316.5517660020548,8.640019400717165,8.335064507652366
434.3174600791598,1.036137328720378,30.990361445964623,34.722724472092395

Iteration: ,5000
Error:,0.044375894781393796
Absolute Error:,0.09953856636517358
Transition Probabilities
0.0008665511265164641,0.0008665511265164641,0.11375014379454673,0.8845167539524204
0.833341905160119,0.1640674212647515,0.0012953367875647669,0.0012953367875647669
0.07095090781410347,0.04775980652123668,0.7444663199411458,0.13682296572351416
0.05523132429760844,0.061492865541644556,0.8129962730941346,0.0702795370666124

0.05367006066314926,0.03540423557702048,0.10286662822805388,0.8080590755317764
0.08655904333985326,0.10941201108355973,0.6040341992286659,0.19999474634792122
0.0015000518095295717,0.9379508542155518,0.031571449413516056,0.028977644561402494
0.869891591410636,0.0012567324119020712,0.06223873510670879,0.06661294107075313

Transition Gammas
1.0,1.0,131.267665938907,1020.7323340610935
643.3399507836118,126.66004921638815,1.0,1.0
23.298852824868174,15.683361036027264,244.46778421532943,44.929913367795855
29.212509575862388,32.52431380792174,430.0034756532394,37.17168971873608

15.187495089858666,10.01865187671369,29.109085993572883,228.66367375621417
4.631533430691299,5.854332112510301,32.32018838313974,10.701162096214475
1.0142510822745558,634.189874619603,21.34684717768329,19.593061500580443
736.1133643182068,1.0634630026401437,52.66721180281192,56.368720703699175

Iteration: ,7500
Error:,0.038601512343803754
Absolute Error:,0.085329526404855
Transition Probabilities
0.0006480881399870377,0.0006480881399870377,0.09453613718845617,0.9041676865315698
0.859868875994394,0.1383767380406937,0.00087719298245614,0.00087719298245614
0.06206451432253066,0.04873393335510185,0.7649622422978073,0.12423931002456023
0.05942974820657982,0.06681012519946539,0.8089743216103819,0.0647858049835729

0.04609042344524074,0.048838884642319766,0.0835060331911134,0.8215646587213261
0.06866263729004592,0.08983999653991535,0.6466723143225901,0.19482505184744875
0.0009774013058868882,0.9224322420624071,0.040950850944411234,0.035639505687294695
0.8808234411140313,0.0009086901839130706,0.056562756691061915,0.061705112010993574

Transition Gammas
1.0,1.0,145.869259681788,1395.1307403182134
980.2505186336095,157.74948136639088,1.0,1.0
33.18083361863945,26.05405926217782,408.96291807459926,66.42062569597836
50.02447636540197,56.236844843979576,680.9471359519429,54.532890816715046

26.067328734957705,27.621774022809195,47.228449118746695,464.65175268689234
6.907142076658479,9.037485956829995,65.05222823294052,19.59849441142524
1.0200642326699736,962.6958052154731,42.73832876444665,37.19514676590235
1054.974015691027,1.0883503862355588,67.74597016792941,73.90503790926589

Iteration: ,10000
Error:,0.03704185454711227
Absolute Error:,0.08093746259419357
Transition Probabilities
0.0005274261603375522,0.0005274261603375522,0.08326626433015505,0.9156788833491698
0.8673744806631497,0.13123855678483926,0.0006934812760055478,0.0006934812760055478
0.06697235950498617,0.049920525781346176,0.7659925194010738,0.11711459531259394
0.06008777458610914,0.06187529586944478,0.811838010909103,0.06619891863534304

0.043184128784675244,0.05023114500448572,0.07607955615053795,0.8305051700603011
0.06377559410707011,0.07175496908567233,0.6682247701402932,0.19624466666696425
0.0007436559458219366,0.9202785513884895,0.04290244010646788,0.03607535255922081
0.878368760879709,0.0006719106854621632,0.05559416118765463,0.06536516724717426

Transition Gammas
1.0,1.0,157.87283716997413,1736.1271628300278
1250.754001116262,189.24599888373822,1.0,1.0
49.791921269073484,37.114399250492035,569.4922427793203,87.07115521038091
66.10518931394317,68.07171967143326,893.1385090072512,72.82832620962668

38.95088245098834,45.30709497936181,68.62164253258203,749.0925523878238
11.304993989178142,12.719434535495159,118.45090768066243,34.78673633919708
1.0276648674381232,1271.7412411374046,59.28726943217668,49.85285549566785
1452.4027049643548,1.1110195859906558,91.9262087694303,108.08278931181697

Iteration: ,12500
Error:,0.033967489337982874
Absolute Error:,0.07579061633581291
Transition Probabilities
0.00044014084507042244,0.00044014084507042244,0.07807999578615328,0.9210397225237059
0.871109164201958,0.12777848874576161,0.0005561735261401555,0.0005561735261401555
0.059887181381754466,0.04695884235864154,0.7761755927275076,0.1169783835320963
0.06176114254602537,0.06618069053541939,0.8184092816512606,0.053648885267294555

0.04320550879939038,0.05121812833155953,0.07490943529450728,0.8306669275745429
0.057188063248119356,0.05896227812159494,0.698067504651601,0.18578215397868472
0.0005806932505702652,0.9223772766187884,0.04123705409576391,0.035804976034877346
0.881994868092095,0.0005760594269200357,0.052988439115885626,0.06444063336509934

Transition Gammas
1.0,1.0,177.39775042614028,2092.6022495738603
1566.2542772351212,229.74572276487947,1.0,1.0
60.7765513936114,47.656216741968535,787.7023882817468,118.7156011460921
87.60589895579665,93.87486449995923,1160.8833301520672,76.09896171067838

49.11327060775926,58.2215061614161,85.15227499752251,944.2492573877552
15.991744687689959,16.487876042141043,195.2036259862032,51.951064701494865
1.034259260361591,1642.82474258697,73.44635920374793,63.77141114474831
1719.386430342833,1.1229869895500988,103.29720327963174,125.62244359802806

Iteration: ,15000
Error:,0.03367799251838182
Absolute Error:,0.07059072754251627
Transition Probabilities
0.0003812428516965304,0.0003812428516965304,0.07220883919426838,0.9270286751023386
0.8699817087024796,0.12907087301234757,0.0004737091425864519,0.0004737091425864519
0.06084788578468162,0.047167218920582475,0.7831595916293106,0.10882530366542534
0.06500955100376497,0.061147499998602306,0.8291336078314758,0.044709341166156956

0.04348886570055675,0.05354874205176962,0.06908185744960302,0.8338805347980706
0.05720524821144746,0.051886444717445655,0.7217925922412199,0.16911571482988694
0.0004420231223900593,0.9202880117376439,0.03989356137084356,0.03937640376912245
0.8875723334675389,0.0005205351215745696,0.05015043441122123,0.061756696999665156

Transition Gammas
1.0,1.0,189.40378520656608,2431.5962147934356
1836.5313870709344,272.4686129290657,1.0,1.0
67.16158589841623,52.06138527694908,864.4218202010572,120.11723802385087
114.91008750833706,108.08357337137275,1465.5664277161409,79.02768480197093

56.94657877399138,70.1195031964286,90.45937100762548,1091.926468948314
32.85854001995964,29.803433662935106,414.5957149002016,97.13960969458604
1.04742910334967,2180.7376088058895,94.53278595506212,93.3073163005964
1922.0571825058678,1.1272301213583935,108.60185590654457,133.73546984313046

Iteration: ,17500
Error:,0.03275382477518997
Absolute Error:,0.06731518015829338
Transition Probabilities
0.0003362474781439136,0.0003362474781439136,0.06696126602001842,0.9323662390236938
0.8744595110165065,0.1247137010545972,0.0004133939644481189,0.0004133939644481189
0.0590226815600583,0.04669256857000146,0.7913132326699346,0.1029715172000056
0.06382182782928694,0.05893829502558496,0.8390369592529683,0.03820291789215971

0.046022917380669146,0.05516923426166466,0.0651861609715215,0.8336216873861447
0.05162292532460017,0.051243084094383044,0.7323724706230896,0.16476151995792726
0.0003549144393296352,0.9175728421198588,0.04070898123173728,0.04136326220907435
0.8884868523914728,0.00047619359942297856,0.049813170593937084,0.061223783415167106

Transition Gammas
1.0,1.0,199.14280514353499,2772.8571948564677
2115.31755714893,301.68244285107073,1.0,1.0
70.13229568722139,55.481332579155826,940.2591029068801,122.35345295662745
135.4215707237046,125.05935288301498,1780.3266810408961,81.0615948045747

67.37146808691587,80.76046711025093,95.4239238524685,1220.3119685734282
45.11686338864017,44.7848937300956,640.0712183382788,143.99654690053325
1.056735957887252,2732.0168153211944,121.20849283502798,123.1565742842348
2110.925687518315,1.1313721734296083,118.34941743982405,145.45950426871437

Iteration: ,18604
Error:,0.031227769200468377
Absolute Error:,0.06584830899237332
Transition Probabilities
0.0003192848020434227,0.0003192848020434227,0.06508588450252836,0.9342755458933848
0.8715555342828608,0.12766504249032698,0.00038971161340607934,0.00038971161340607934
0.06052689324541118,0.046466746969327816,0.7926944284271341,0.10031193135812685
0.06425996283036224,0.05692804470382058,0.8431435867687606,0.035668405697056565

0.045963190890680246,0.05439958190696132,0.06331935148730009,0.8363178757150583
0.05365572469231549,0.04942201053447156,0.7379663337029256,0.15895593107028724
0.00032620677442039814,0.9156290472228458,0.04188192113849276,0.042162824864241055
0.8888113193235461,0.0004598717332253068,0.049322132014320084,0.06140667692890853

*,*,*,*,*,*,*,*,*,*,*
Model Num 2
Model States: 
"['diamond', 'x', 'square']","['diamond', 'x', 'diamond']","['square', 'y', 'diamond', 'x', 'diamond']","['square', 'y', 'diamond', 'x', 'square']"
Iteration: ,18604
Error:,0.03141265522935857
Absolute Error:,0.06584830899237332
Transition Probabilities
0.0003192848020434227,0.0003192848020434227,0.06508588450252836,0.9342755458933848
0.8715555342828608,0.12766504249032698,0.00038971161340607934,0.00038971161340607934
0.06052689324541118,0.046466746969327816,0.7926944284271341,0.10031193135812685
0.06425996283036224,0.05692804470382058,0.8431435867687606,0.035668405697056565

0.045963190890680246,0.05439958190696132,0.06331935148730009,0.8363178757150583
0.05365572469231549,0.04942201053447156,0.7379663337029256,0.15895593107028724
0.00032620677442039814,0.9156290472228458,0.04188192113849276,0.042162824864241055
0.8888113193235461,0.0004598717332253068,0.049322132014320084,0.06140667692890853

Transition Gammas
1.0,1.0,203.84899026191886,2926.1510097380815
2236.4115009698216,327.58849903017915,1.0,1.0
74.10539177212073,56.89101660275788,970.5261252381172,122.81573651189592
146.62557361023366,129.8959233954425,1923.8481723389198,81.38660862440408

70.47144310121196,83.40624240392914,97.0821648600487,1282.254918575083
53.69632473355211,49.45940702249222,738.5247356954695,159.07620933310574
1.0596962524795452,2974.458981507874,136.05515997012157,136.96768738777533
2190.0651592284075,1.1331415776941762,121.53162381599392,151.30840568991695

