0,1,2,3,4,5,6,7,8,9,10,11,12,13,14,15,16,17,18,19,20,21,22,23,24,25,26,27,28,29
github Code Version (SHA):,528ca1c557fe8e6666681dc5c9134b0f84d30530
Environment Observations,Environment Actions,alpha,epsilon,numActions,explore,patience,gainThresh,insertRandActions,useUpdatedPosterior,revisedSplitting,haveControl,confidence_factor
"['diamond', 'square']","['x', 'y']",0.9,0.99,75000,0.5,0,0.01,False,True,False,True,250

Model Num 0
Model States: 
['diamond'],['square']
Iteration: ,0
Error:,0.561052218150054
Absolute Error:,1
Transition Probabilities
0.5,0.5
0.5,0.5

0.5,0.5
0.5,0.5

Transition Gammas
1.0,1.0
1.0,1.0

1.0,1.0
1.0,1.0

Iteration: ,2459
Error:,0.10503957198604963
Absolute Error:,1
Transition Probabilities
0.46828358208955223,0.5317164179104478
0.07195301027900147,0.9280469897209985

0.102,0.898
0.9157754010695187,0.08422459893048129


Model Num 1
Model States: 
['square'],"['diamond', 'x', 'square']","['diamond', 'x', 'diamond']"
Iteration: ,0
Error:,0.6208653492347056
Absolute Error:,1
Transition Probabilities
0.3333333333333333,0.3333333333333333,0.3333333333333333
0.3333333333333333,0.3333333333333333,0.3333333333333333
0.3333333333333333,0.3333333333333333,0.3333333333333333

0.3333333333333333,0.3333333333333333,0.3333333333333333
0.3333333333333333,0.3333333333333333,0.3333333333333333
0.3333333333333333,0.3333333333333333,0.3333333333333333

Transition Gammas
1.0,1.0,1.0
1.0,1.0,1.0
1.0,1.0,1.0

1.0,1.0,1.0
1.0,1.0,1.0
1.0,1.0,1.0

Iteration: ,2500
Error:,0.08112821481653268
Absolute Error:,1
Transition Probabilities
0.9226327944572749,0.04825412045020123,0.02911308509252395
0.9957716701902748,0.0021141649048625794,0.0021141649048625794
0.0030030030030030034,0.8839407791501416,0.11305621784685531

0.08268330733229329,0.31090075322175076,0.606415939445956
0.8443224058646763,0.06559256855481374,0.09008502558050997
0.9446910878288364,0.026886886668457084,0.028422025502706564

Transition Gammas
799.0,41.78806830987426,25.21193169012574
471.0,1.0,1.0
1.0,294.3522794569971,37.64772054300281

53.0,199.28738281514225,388.7126171848578
41.75082009217642,3.2434808197600957,4.4546060484551395
99.85299478180578,2.841919637851905,3.004182426165024

Iteration: ,2818
Error:,0.08467468533886097
Absolute Error:,1
Transition Probabilities
0.9234088457389428,0.04831506829544149,0.028276085965615688
0.996316758747698,0.001841620626151013,0.001841620626151013
0.002624671916010499,0.8846052913908883,0.11277003669310132

0.08933333333333333,0.3274111013795055,0.5832555652871612
0.8548144081497407,0.05287601537569138,0.09230957647456785
0.9482882154916278,0.025138243276192518,0.026573541232179643


Model Num 2
Model States: 
"['diamond', 'x', 'square']","['diamond', 'x', 'diamond']","['square', 'y', 'diamond', 'x', 'diamond']","['square', 'y', 'diamond', 'x', 'square']"
Iteration: ,0
Error:,0.5630990451402624
Absolute Error:,0.65
Transition Probabilities
0.25,0.25,0.25,0.25
0.25,0.25,0.25,0.25
0.25,0.25,0.25,0.25
0.25,0.25,0.25,0.25

0.25,0.25,0.25,0.25
0.25,0.25,0.25,0.25
0.25,0.25,0.25,0.25
0.25,0.25,0.25,0.25

Transition Gammas
1.0,1.0,1.0,1.0
1.0,1.0,1.0,1.0
1.0,1.0,1.0,1.0
1.0,1.0,1.0,1.0

1.0,1.0,1.0,1.0
1.0,1.0,1.0,1.0
1.0,1.0,1.0,1.0
1.0,1.0,1.0,1.0

Iteration: ,2500
Error:,0.047670834039793
Absolute Error:,0.08683748622897494
Transition Probabilities
0.0018148820326678778,0.0018148820326678778,0.055128709050220166,0.9412415268844441
0.91104542759261,0.08357822832136849,0.0026881720430107525,0.0026881720430107525
0.07869053177841495,0.06287811237061298,0.7833960250795244,0.07503533077144756
0.023880366253391145,0.011662432635837197,0.8802394182264941,0.08421778288427753

0.07786150100936838,0.03442731244490923,0.10405149317198356,0.7836596933737389
0.03934868268355968,0.03934868268355968,0.6967321208575993,0.22457051377528134
0.002958425325188772,0.9473164015759642,0.029624437804949316,0.020100735293897835
0.923150478818867,0.0028794180789521425,0.04614250734824401,0.027827595753936785

Transition Gammas
1.0,1.0,30.37591868667129,518.6240813133284
338.90889906445096,31.091100935549086,1.0,1.0
16.197770134439114,12.942919404008846,161.25534358063825,15.445378399779765
7.282686600204574,3.556638997140129,268.4426087970753,25.68351391273865

14.687386074031386,6.494188049480926,19.627729134228776,147.82546339367735
1.0,1.0,17.7066187059091,5.707192679899026
1.0727458143630428,343.50358483468943,10.742029344982663,7.288667883064614
368.4487334695159,1.1492361956812764,18.41644323612398,11.106577580025775

Iteration: ,5000
Error:,0.04158365118653766
Absolute Error:,0.08024687491934271
Transition Probabilities
0.0009372071227741331,0.0009372071227741331,0.05682572242964458,0.9412998633248071
0.8982742993888662,0.09898972249895872,0.0013679890560875502,0.0013679890560875502
0.08303713654283695,0.04749202510738003,0.7739232680904291,0.09554757025935386
0.030795451925198506,0.015356994574226663,0.8755759608834556,0.07827159261711934

0.08348768150229878,0.03190245163464837,0.082899815580256,0.8017100512827968
0.01953053213124821,0.01953053213124821,0.7720093846244809,0.18892955111302262
0.0015072666583584714,0.9351115050912244,0.045069604259484974,0.01831162399093207
0.923065215399878,0.0014688871293428768,0.04861466029514282,0.0268512371756363

Transition Gammas
1.0,1.0,60.63304583243077,1004.3669541675691
656.6385128532617,72.36148714673888,1.0,1.0
36.51066872062814,20.881808643206202,340.2869755974627,42.01139189091101
18.74556550863874,9.34798906365197,532.97371872955,47.6448688083423

33.38461833954683,12.756985854125823,33.14954558283501,320.58363101528624
1.0,1.0,39.528333351925994,9.673548567104403
1.0808850938969599,670.5834573992618,32.3201360301877,13.131559241415362
734.2539116877023,1.1684289501479028,38.67062033272905,21.358865658613585

Iteration: ,7500
Error:,0.03737487161802257
Absolute Error:,0.06814375451460564
Transition Probabilities
0.0006968641114982576,0.0006968641114982576,0.049893700568404385,0.9487125712085991
0.9120836275461889,0.08611294594344142,0.0009017132551848501,0.0009017132551848501
0.06622005817515263,0.05006671400085893,0.8060417678609147,0.07767145996307374
0.034362138129929,0.019279220365999692,0.8794663495412749,0.06689229196279647

0.05907591531439441,0.02377259625427036,0.06479511646488467,0.8523563719664505
0.020926070198185286,0.012084085901789336,0.7926268214512852,0.17436302244874016
0.0009803080283809116,0.935469933233843,0.046848873940293016,0.016700884797483193
0.9244487228545787,0.001046654104747274,0.04813294436166653,0.02637167867900728

Transition Gammas
1.0,1.0,71.59746031566031,1361.4025396843401
1011.5007429487247,95.49925705127666,1.0,1.0
45.48594173221193,34.39035993811462,553.6625895083813,53.35180305628085
32.22749867794724,18.081559608071814,824.832276442487,62.736819305147776

42.25186299656051,17.002470036435277,46.342310045485135,609.6163632998636
1.7317048528334844,1.0,65.59261725654548,14.429144567974443
1.0847441589431774,1035.1292823933525,51.83987164088763,18.480096774453344
1045.6986574201742,1.1839323967455009,54.446021777448266,29.830566376251184

Iteration: ,10000
Error:,0.03200888829401548
Absolute Error:,0.060482528911724856
Transition Probabilities
0.0005558643690939412,0.0005558643690939412,0.047471352826477534,0.9514169184353346
0.9109539604753214,0.08764449782881312,0.0007007708479327257,0.0007007708479327257
0.05954835745170167,0.048972499029425354,0.8163397424802026,0.07513940103867037
0.03819067383371427,0.02096038106752917,0.8827485288762009,0.0581004162225556

0.06168981951085062,0.024801931628399148,0.06104276333873272,0.8524654855220174
0.03708385629350299,0.03163104041859193,0.8045600594525536,0.1267250438353515
0.0007353150702853451,0.934597152360062,0.04883871272316156,0.01582881984649095
0.9222000334834624,0.0007824574896667942,0.04757810593999436,0.029439403086876495

Transition Gammas
1.0,1.0,85.40096373483307,1711.5990362651667
1299.931301598284,125.06869840171636,1.0,1.0
56.74404183694384,46.66623317090325,777.8957889481275,71.6008551470024
45.55240584690961,25.00075775701781,1052.9093941420074,69.30000112508684

63.81812406477668,25.657600593707112,63.14874439408667,881.8756246549773
6.432192645877567,5.4864020600136,139.5508939690341,21.980451238806776
1.0926169992368668,1388.7335883252108,72.5702625970451,23.520308968266487
1411.935491685976,1.197982498680826,72.84451742006804,45.0732341826097

Iteration: ,12500
Error:,0.031186641732427033
Absolute Error:,0.05530364633026489
Transition Probabilities
0.00047326076668244266,0.00047326076668244266,0.04498778693373007,0.9540656915329051
0.9104884365424117,0.08838161995476333,0.0005649717514124294,0.0005649717514124294
0.058742765194370494,0.047849731061234586,0.8234014269900397,0.07000607675435529
0.03542709984938581,0.024054729469465595,0.8920066522005353,0.04851151848061317

0.05745222091171441,0.024999629251310787,0.05419594188963888,0.8633522079473358
0.024574976859772425,0.03848199271361451,0.8230658317008952,0.11387719872571787
0.000529032563173199,0.9322565549398001,0.04999189162823254,0.017222520868794184
0.9246565641368241,0.0006938794340755061,0.0463894127261404,0.02826014370295996

Transition Gammas
1.0,1.0,95.0591937909715,2015.9408062090258
1611.5645326800689,156.4354673199311,1.0,1.0
63.7769662529226,51.95040909303731,893.966173502242,76.00553327526876
54.161246482603325,36.77507155276373,1363.7072286286113,74.16481509477575

71.66676676818712,31.18491453268651,67.60483521003486,1076.9585638967903
10.791395028733248,16.898261480979244,361.42571263521785,50.00590003510425
1.105517159948399,1948.132668390985,104.46784924125372,35.98983065204623
1603.971038404626,1.2036496138873627,80.47017388643978,49.02193289788105

Iteration: ,15000
Error:,0.03365203638178663
Absolute Error:,0.05310022037682054
Transition Probabilities
0.00040733197556008213,0.00040733197556008213,0.04304657369554603,0.9561387623533338
0.9147376587735069,0.0843017264330254,0.0004803073967339097,0.0004803073967339097
0.057111830377933256,0.04514139174398969,0.8332321710650462,0.06451460681303074
0.037123853360207536,0.02689970563352303,0.8955379224890752,0.04043851851719421

0.05676740598956681,0.025851322894536052,0.04998510831244021,0.8673961628034569
0.04133229139519792,0.04209693094691055,0.8118032924443201,0.10476748521357139
0.00041233447922780234,0.9346232387032523,0.04866442395582197,0.016300002861697936
0.9234912434581872,0.0006204023544224326,0.04718537963851495,0.028702974548875385

Transition Gammas
1.0,1.0,105.67933842256532,2347.3206615774307
1904.4838055664413,175.5161944335589,1.0,1.0
68.55681819486527,54.18755039676746,1000.2086448255491,77.44308212371847
68.77493616250044,49.833876881935225,1659.0563175831944,74.91562103052591

81.68228672146691,37.19731652330216,71.9232784695272,1248.0912389097668
30.824870057847384,31.395124307660662,605.4281085668567,78.13368214013389
1.1158238294306495,2529.1964020030014,131.6914462188894,44.10965497460146
1797.3980468132656,1.2074938316702302,91.83726407932006,55.864818164045055

Iteration: ,17133
Error:,0.035600281364110344
Absolute Error:,0.05169919076413392
Transition Probabilities
0.0003646973012399717,0.0003646973012399717,0.04017051906529287,0.9591000863322271
0.9130955314658157,0.08605412839812986,0.00042517006802721103,0.00042517006802721103
0.05674179547190767,0.04541503968088416,0.8363520082359724,0.06149115661123583
0.03902672964613338,0.028198928379314175,0.8975743830426139,0.035199958931938384

0.05785432778377481,0.026430571091388848,0.04633457542195941,0.8693805257028768
0.038682772879047915,0.04056417172524399,0.815068308351921,0.10568474704378703
0.00034573939408881417,0.9282284218967897,0.053925077850765814,0.017500760858355707
0.9278777273163926,0.0005716477573575967,0.04481342525841178,0.02673719966783813

*,*,*,*,*,*,*,*,*,*,*
Model Num 2
Model States: 
"['diamond', 'x', 'square']","['diamond', 'x', 'diamond']","['square', 'y', 'diamond', 'x', 'diamond']","['square', 'y', 'diamond', 'x', 'square']"
Iteration: ,17133
Error:,0.034682029590023165
Absolute Error:,0.05169919076413392
Transition Probabilities
0.0003646973012399717,0.0003646973012399717,0.04017051906529287,0.9591000863322271
0.9130955314658157,0.08605412839812986,0.00042517006802721103,0.00042517006802721103
0.05674179547190767,0.04541503968088416,0.8363520082359724,0.06149115661123583
0.03902672964613338,0.028198928379314175,0.8975743830426139,0.035199958931938384

0.05785432778377481,0.026430571091388848,0.04633457542195941,0.8693805257028768
0.038682772879047915,0.04056417172524399,0.815068308351921,0.10568474704378703
0.00034573939408881417,0.9282284218967897,0.053925077850765814,0.017500760858355707
0.9278777273163926,0.0005716477573575967,0.04481342525841178,0.02673719966783813

Transition Gammas
1.0,1.0,110.1475632770328,2629.8524367229606
2147.6006900075977,202.39930999240136,1.0,1.0
73.47929322112928,58.81141034765208,1083.0562187563648,79.62960441356427
83.59654750099399,60.403038561342036,1922.63405691569,75.39947788523874

92.54116379184008,42.27714506720176,74.11468938632173,1390.6217340765484
38.71246107462349,40.59530385393874,815.6938557350278,105.76585781238165
1.1216165712708819,3011.2749594760235,174.93887580815937,56.77439055017899
1963.9932059616983,1.2099787273703284,94.85437590785266,56.59331714529856

