0,1,2,3,4,5,6,7,8,9,10,11,12,13,14,15,16,17,18,19,20,21,22,23,24,25,26,27,28,29
github Code Version (SHA):,528ca1c557fe8e6666681dc5c9134b0f84d30530
Environment Observations,Environment Actions,alpha,epsilon,numActions,explore,patience,gainThresh,insertRandActions,useUpdatedPosterior,revisedSplitting,haveControl,confidence_factor
"['diamond', 'square']","['x', 'y']",0.9,0.99,75000,0.5,0,0.01,False,True,False,True,250

Model Num 0
Model States: 
['diamond'],['square']
Iteration: ,0
Error:,0.5621049230288663
Absolute Error:,1
Transition Probabilities
0.5,0.5
0.5,0.5

0.5,0.5
0.5,0.5

Transition Gammas
1.0,1.0
1.0,1.0

1.0,1.0
1.0,1.0

Iteration: ,2451
Error:,0.10269660589279883
Absolute Error:,1
Transition Probabilities
0.4821092278719397,0.5178907721280602
0.08151382823871907,0.9184861717612809

0.08,0.92
0.9174560216508796,0.08254397834912043


Model Num 1
Model States: 
['square'],"['diamond', 'x', 'square']","['diamond', 'x', 'diamond']"
Iteration: ,0
Error:,0.6189232687551537
Absolute Error:,1
Transition Probabilities
0.3333333333333333,0.3333333333333333,0.3333333333333333
0.3333333333333333,0.3333333333333333,0.3333333333333333
0.3333333333333333,0.3333333333333333,0.3333333333333333

0.3333333333333333,0.3333333333333333,0.3333333333333333
0.3333333333333333,0.3333333333333333,0.3333333333333333
0.3333333333333333,0.3333333333333333,0.3333333333333333

Transition Gammas
1.0,1.0,1.0
1.0,1.0,1.0
1.0,1.0,1.0

1.0,1.0,1.0
1.0,1.0,1.0
1.0,1.0,1.0

Iteration: ,2500
Error:,0.08500921697631589
Absolute Error:,1
Transition Probabilities
0.9217289719626168,0.03707435289159063,0.04119667514579254
0.9957264957264957,0.002136752136752137,0.002136752136752137
0.002857142857142857,0.8619244020103026,0.13521845513255462

0.07606973058637087,0.2871288618846529,0.6368014075289763
0.8134316236891366,0.05644576338506326,0.13012261292580024
0.9081322858163122,0.06034311412738537,0.03152460005630242

Transition Gammas
789.0,31.735646075201583,35.264353924798414
466.0,1.0,1.0
1.0,301.6735407036059,47.32645929639412

48.0,181.17831184921593,401.82168815078387
32.55305669665053,2.2589263587100255,5.207430683453101
116.3392409239642,7.730450951050257,4.038561449981987

Iteration: ,2829
Error:,0.08516392288406947
Absolute Error:,1
Transition Probabilities
0.9226519337016574,0.03553152598862137,0.04181654030972117
0.9963570127504554,0.0018214936247723133,0.0018214936247723133
0.002481389578163771,0.8491995388983207,0.14831907152351562

0.08521970705725701,0.31736460016187584,0.5974156927808673
0.8580894041204336,0.04293467132663746,0.09897592455292893
0.9131794648808318,0.05702788521352902,0.029792649905639228


Model Num 2
Model States: 
"['diamond', 'x', 'square']","['diamond', 'x', 'diamond']","['square', 'y', 'diamond', 'x', 'diamond']","['square', 'y', 'diamond', 'x', 'square']"
Iteration: ,0
Error:,0.5644460226832448
Absolute Error:,0.65
Transition Probabilities
0.25,0.25,0.25,0.25
0.25,0.25,0.25,0.25
0.25,0.25,0.25,0.25
0.25,0.25,0.25,0.25

0.25,0.25,0.25,0.25
0.25,0.25,0.25,0.25
0.25,0.25,0.25,0.25
0.25,0.25,0.25,0.25

Transition Gammas
1.0,1.0,1.0,1.0
1.0,1.0,1.0,1.0
1.0,1.0,1.0,1.0
1.0,1.0,1.0,1.0

1.0,1.0,1.0,1.0
1.0,1.0,1.0,1.0
1.0,1.0,1.0,1.0
1.0,1.0,1.0,1.0

Iteration: ,2500
Error:,0.04358642630581744
Absolute Error:,0.07615672591983177
Transition Probabilities
0.001972386587771203,0.001972386587771203,0.05682448048486581,0.9392307463395918
0.8952455255362343,0.09958651580743506,0.0025839793281653752,0.0025839793281653752
0.05072628978121181,0.051529838537808445,0.7858854718358144,0.1118583998451653
0.02392121168998694,0.058911084344429085,0.8586506472255401,0.058517056740043864

0.02770861990108436,0.045280304203732774,0.13337663609870332,0.7936344397964795
0.09595803003440734,0.06022974541068919,0.7799901658978967,0.06382205865700666
0.0026636504194776853,0.9020345752167338,0.06975162801250463,0.02555014635128385
0.941555998951732,0.0033590188302705876,0.036727085559259756,0.01835789665873759

Transition Gammas
1.0,1.0,28.810011605826972,476.18998839417316
346.46001838252255,38.53998161747736,1.0,1.0
11.551064192646578,11.734043143194759,178.9567810379483,25.471674799618384
7.27410746613333,17.91404064398612,261.10370848805974,17.79422233477727

5.506522547935597,8.998536086074784,26.50588360831962,157.71864326546725
3.877279087162994,2.4336424186936867,31.516273910003342,2.5787933875025617
1.014756466395761,343.6432241334521,26.57289975056118,9.733700803128436
341.92366949239613,1.219819156395236,13.3373478350352,6.666623543056561

Iteration: ,5000
Error:,0.039846958854169244
Absolute Error:,0.06850053943538943
Transition Probabilities
0.0009784735812133072,0.0009784735812133072,0.05394911796164274,0.9440939348759306
0.8891462573203393,0.10824277662221951,0.0013054830287206269,0.0013054830287206269
0.06042823137983057,0.042825605629389064,0.7895629854914871,0.10718317749929333
0.023666982643132706,0.05209318504167912,0.8676044357970787,0.05663539651810953

0.03334131474606291,0.050146713791949814,0.08697026937596639,0.829541702086021
0.08378843131314949,0.03681152286369786,0.8137529237791882,0.0656471220439645
0.0013718983416905427,0.9134605356985115,0.06834725898499894,0.01682030697479902
0.9432218259824042,0.0016946786748993697,0.040817895154315345,0.014265600188381009

Transition Gammas
1.0,1.0,55.13599855679889,964.8640014432012
681.0860331073798,82.91396689262014,1.0,1.0
27.74343352065691,19.661825534701876,362.49924411433085,49.20927340721306
14.65144203193845,32.24915877135141,537.1050585285328,35.06109086878911

13.210518026026376,19.86916447476821,34.45941829439235,328.6815679649235
6.104897290151507,2.6821192693897684,59.29073908384281,4.783105867856828
1.0212864250038416,680.010184818826,50.87995638334727,12.521591910805423
694.8571744287386,1.248444006666977,30.069922590600832,10.509250703676388

Iteration: ,7500
Error:,0.03748862946386285
Absolute Error:,0.05971717125157316
Transition Probabilities
0.0007097232079488998,0.0007097232079488998,0.04906222836169777,0.9495183252224044
0.9040498094470044,0.09417399161871508,0.0008880994671403199,0.0008880994671403199
0.06666572208829548,0.03699577427868614,0.8106469746174827,0.0856915290155357
0.024271641056133875,0.043112519339942056,0.8767530094865802,0.05586283011734387

0.03741457677297867,0.04682512632875879,0.07223955705118722,0.8435207398470753
0.06532010702097368,0.028723261724621245,0.8408748929696286,0.0650817382847765
0.0008945494908505134,0.916118347043812,0.0700476180066103,0.012939485458727234
0.9468772065553517,0.0012048501573593239,0.03934703012517823,0.012570913162110755

Transition Gammas
1.0,1.0,69.12867976163217,1337.871320238368
1017.9600854373267,106.03991456267316,1.0,1.0
49.094623832791434,27.24479034681969,596.9845826814071,63.10579486565077
22.767799327594894,40.44131942165454,822.4304460373796,52.401636256967656

25.21335156438959,31.555037474768653,48.68159701068178,568.4411478089565
8.472726009383518,3.7257184316980143,109.07058945898147,8.441807000167056
1.0267500276623749,1051.5064261843388,80.39956923746017,14.85174066786789
994.1197806033506,1.2649637839011023,41.310172728451896,13.198114125235074

Iteration: ,10000
Error:,0.033696548483584145
Absolute Error:,0.05534108964913771
Transition Probabilities
0.0005614823133071315,0.0005614823133071315,0.04654310306415066,0.9523339323092351
0.9104227377762502,0.08818353400075331,0.000696864111498258,0.000696864111498258
0.06609891349805137,0.033473312603421686,0.8169725082964865,0.08345526560204053
0.024931998160375786,0.0371028636876739,0.8879610524870687,0.050004085664881646

0.04226864837901461,0.04403381837980623,0.0643895841703532,0.849307949070826
0.04534625586179947,0.027657283735922654,0.8571475680551199,0.06984889234715791
0.0006566109760976533,0.9154894970523073,0.0738247461620942,0.010029145809500735
0.9432134775945333,0.0009152952227179886,0.04336271570624373,0.012508511476505038

Transition Gammas
1.0,1.0,82.89326655725223,1696.1067334427457
1306.4566287089187,126.54337129108097,1.0,1.0
67.58785050525978,34.22732883835661,835.3755430379028,85.33516992762294
30.242293575753607,45.00544597051621,1077.0889144307691,60.65451428870514

39.77737742136653,41.4385101054488,60.59452785390192,799.2506061284319
11.273918412969202,6.876112579468843,213.102748319052,17.365727304103782
1.0358484400509447,1444.2469010198529,116.46355442250358,15.82165912540239
1315.8059224234541,1.2768592725049543,60.49205136906191,17.44968013334765

Iteration: ,12500
Error:,0.03669010586091216
Absolute Error:,0.05793667290652094
Transition Probabilities
0.0004728132387706861,0.0004728132387706861,0.047546835262282296,0.9515075382601764
0.9112236980594722,0.08762156752944229,0.000577367205542725,0.000577367205542725
0.0660999070976215,0.03255582609121477,0.824668675048207,0.07667559176295674
0.026030145047157408,0.037320192153493165,0.8938668180018198,0.042782844797529675

0.044228360076895026,0.045994332822090214,0.058861856773554114,0.8509154503274606
0.04827741115091419,0.03501754331906003,0.8196576583047241,0.09704738722530167
0.00047916297438038914,0.9129615049579697,0.07897840884924488,0.007580923218405149
0.9400472060857921,0.0007774287713880625,0.04796786373503806,0.011207501407781815

Transition Gammas
1.0,1.0,100.56155657972695,2012.438443420271
1578.2394450390066,151.7605549609941,1.0,1.0
75.12424321732043,37.000533053778085,937.2571435922058,87.14378063989149
39.025966059037884,55.95268676607113,1340.139136276103,64.14262563472768

50.67929272469657,52.70284163182272,67.44715979882052,975.0258231627341
26.168049875725774,18.980736502918276,444.2831952295449,52.603087213645615
1.0511921992271287,2002.863458821027,173.2635694505675,16.63110001442019
1551.7760872762663,1.283334889131581,79.18260212877567,18.50070142235357

Iteration: ,15000
Error:,0.0387153223809388
Absolute Error:,0.056591575508711356
Transition Probabilities
0.00041084634346754274,0.00041084634346754274,0.044858884641943354,0.9543194226711216
0.9076620103882679,0.09135567134061223,0.0004911591355599213,0.0004911591355599213
0.06650868587841235,0.031756433975508584,0.8307222734405671,0.07101260670551196
0.029729602645544754,0.03625586810934462,0.8977853263987673,0.0362292028463434

0.04520318528506813,0.043350296857108096,0.054603794170215894,0.8568427236876078
0.04967247307942688,0.03438753394457244,0.8146263957919893,0.1013135971840114
0.0003743608339197507,0.9123818930955957,0.08122066032332773,0.006023085747156775
0.9409946996280342,0.0006955760626346819,0.048068784587439656,0.010240939721891473

Transition Gammas
1.0,1.0,109.18652521849023,2322.813474781512
1847.9998531505141,186.00014684948655,1.0,1.0
84.19530405255625,40.20140495755497,1051.6357896985853,89.89695006251563
53.862458622290816,65.68638737415002,1626.5580664294607,65.63807671752336

60.04748860683045,57.586128946753334,72.53516953834755,1138.2218612251863
42.923401602602176,29.715249475616154,703.941917422714,87.54797073984868
1.0618533811984818,2587.919756412095,230.37781993504848,17.084142854638998
1741.1083914703763,1.2870139651561203,88.9409517886297,18.94865730208236

Iteration: ,16072
Error:,0.038995666497881346
Absolute Error:,0.05708433440171756
Transition Probabilities
0.0003883495145631065,0.0003883495145631065,0.04483684194964975,0.954386459021224
0.9074846334125736,0.09158815286466342,0.0004636068613815484,0.0004636068613815484
0.06876416773445386,0.030567026294379167,0.8316384520347518,0.06903035393641521
0.03074943592062977,0.03742729498761626,0.8980764253300934,0.03374684376166047

0.04450372174212804,0.041396509861293104,0.051840900860474694,0.8622588675361041
0.05234119394746378,0.03203140374583365,0.8065619274657739,0.10906547484092868
0.00034335072524299486,0.9135788571882887,0.08053488898833608,0.00554290309813234
0.9402284683025058,0.0006619213915373219,0.04925324514739845,0.009856365158558492

*,*,*,*,*,*,*,*,*,*,*
Model Num 2
Model States: 
"['diamond', 'x', 'square']","['diamond', 'x', 'diamond']","['square', 'y', 'diamond', 'x', 'diamond']","['square', 'y', 'diamond', 'x', 'square']"
Iteration: ,16072
Error:,0.039846402317637475
Absolute Error:,0.05708433440171756
Transition Probabilities
0.0003883495145631065,0.0003883495145631065,0.04483684194964975,0.954386459021224
0.9074846334125736,0.09158815286466342,0.0004636068613815484,0.0004636068613815484
0.06876416773445386,0.030567026294379167,0.8316384520347518,0.06903035393641521
0.03074943592062977,0.03742729498761626,0.8980764253300934,0.03374684376166047

0.04450372174212804,0.041396509861293104,0.051840900860474694,0.8622588675361041
0.05234119394746378,0.03203140374583365,0.8065619274657739,0.10906547484092868
0.00034335072524299486,0.9135788571882887,0.08053488898833608,0.00554290309813234
0.9402284683025058,0.0006619213915373219,0.04925324514739845,0.009856365158558492

Transition Gammas
1.0,1.0,115.45486802034819,2457.5451319796534
1957.4443542709212,197.55564572907898,1.0,1.0
90.81281689202748,40.368084909059526,1098.2962922877136,91.16435344971913
59.99338922703328,73.0221615025017,1752.1833141759796,65.84145277341112

62.81687998231255,58.431059018191746,73.17328798694054,1217.0760034306784
52.34323978423074,32.032655742942204,806.5934531899998,109.06973783421576
1.0652075376688959,2834.2770624503155,249.85055946799284,17.196241995761756
1830.7970047273602,1.2888821619912925,95.90508767699599,19.192147885467197

