0,1,2,3,4,5,6,7,8,9,10,11,12,13,14,15,16,17,18,19,20,21,22,23,24,25,26,27,28,29
github Code Version (SHA):,528ca1c557fe8e6666681dc5c9134b0f84d30530
Environment Observations,Environment Actions,alpha,epsilon,numActions,explore,patience,gainThresh,insertRandActions,useUpdatedPosterior,revisedSplitting,haveControl,confidence_factor
"['diamond', 'square']","['x', 'y']",0.9,0.99,75000,0.5,0,0.01,False,True,False,True,250

Model Num 0
Model States: 
['diamond'],['square']
Iteration: ,0
Error:,0.5630917358000543
Absolute Error:,1
Transition Probabilities
0.5,0.5
0.5,0.5

0.5,0.5
0.5,0.5

Transition Gammas
1.0,1.0
1.0,1.0

1.0,1.0
1.0,1.0

Iteration: ,2482
Error:,0.1141050548480657
Absolute Error:,1
Transition Probabilities
0.43320610687022904,0.566793893129771
0.08677098150782361,0.9132290184921764

0.096,0.904
0.9040735873850198,0.09592641261498029


Model Num 1
Model States: 
['square'],"['diamond', 'x', 'square']","['diamond', 'x', 'diamond']"
Iteration: ,0
Error:,0.6206343959249428
Absolute Error:,1
Transition Probabilities
0.3333333333333333,0.3333333333333333,0.3333333333333333
0.3333333333333333,0.3333333333333333,0.3333333333333333
0.3333333333333333,0.3333333333333333,0.3333333333333333

0.3333333333333333,0.3333333333333333,0.3333333333333333
0.3333333333333333,0.3333333333333333,0.3333333333333333
0.3333333333333333,0.3333333333333333,0.3333333333333333

Transition Gammas
1.0,1.0,1.0
1.0,1.0,1.0
1.0,1.0,1.0

1.0,1.0,1.0
1.0,1.0,1.0
1.0,1.0,1.0

Iteration: ,2500
Error:,0.09122627784231813
Absolute Error:,1
Transition Probabilities
0.9374288964732651,0.044840708020605045,0.017730395506129877
0.9956896551724138,0.0021551724137931034,0.0021551724137931034
0.0032362459546925572,0.8715150728739243,0.12524868117138313

0.1033434650455927,0.3186655792177774,0.5779909557366298
0.847439590848346,0.06869244658624407,0.08386796256540993
0.9408295201775547,0.039523015414639096,0.01964746440780622

Transition Gammas
824.0,39.414982350111835,15.585017649888163
462.0,1.0,1.0
1.0,269.29815751804256,38.70184248195738

68.0,209.68195112529753,380.3180488747024
42.80204638130028,3.469483036408635,4.235960252973633
110.76301192330303,4.653009002938594,2.3130782865463386

Iteration: ,2764
Error:,0.09147326568294045
Absolute Error:,1
Transition Probabilities
0.9359391965255157,0.046053183876342926,0.01800761959814133
0.9961832061068703,0.0019083969465648854,0.0019083969465648854
0.002840909090909092,0.8748101690024802,0.1223489219066106

0.10666666666666667,0.32746538099541456,0.5658679523379188
0.8579818905283404,0.07885810220898014,0.06316000726267959
0.9389875681615073,0.0421879964927944,0.018824435345698345


Model Num 2
Model States: 
"['diamond', 'x', 'square']","['diamond', 'x', 'diamond']","['square', 'y', 'diamond', 'x', 'diamond']","['square', 'y', 'diamond', 'x', 'square']"
Iteration: ,0
Error:,0.5624646358426644
Absolute Error:,0.65
Transition Probabilities
0.25,0.25,0.25,0.25
0.25,0.25,0.25,0.25
0.25,0.25,0.25,0.25
0.25,0.25,0.25,0.25

0.25,0.25,0.25,0.25
0.25,0.25,0.25,0.25
0.25,0.25,0.25,0.25
0.25,0.25,0.25,0.25

Transition Gammas
1.0,1.0,1.0,1.0
1.0,1.0,1.0,1.0
1.0,1.0,1.0,1.0
1.0,1.0,1.0,1.0

1.0,1.0,1.0,1.0
1.0,1.0,1.0,1.0
1.0,1.0,1.0,1.0
1.0,1.0,1.0,1.0

Iteration: ,2500
Error:,0.05678555850744919
Absolute Error:,0.12047616598177797
Transition Probabilities
0.0017667844522968213,0.0017667844522968213,0.0757956352393845,0.920670795856022
0.8556492377810578,0.139169415068683,0.0025906735751295338,0.0025906735751295338
0.027050275448609763,0.07248671717741527,0.8212744620910616,0.07918854528291344
0.03187506675184183,0.029778801093502883,0.8403861642085264,0.09795996794612877

0.06467912944804706,0.03254451727763733,0.25296355480790744,0.649812798466408
0.1059938329357857,0.06374871098759279,0.5911863780287141,0.2390710780479075
0.0028710640499622947,0.8886692133590499,0.06741586386051694,0.04104385873047084
0.9396547046523616,0.0028039033265341573,0.020240540874684004,0.03730085114642027

Transition Gammas
1.0,1.0,42.900329545491594,521.099670454508
330.28060578348834,53.71939421651164,1.0,1.0
5.756728367618141,15.42632502369531,174.78025325479373,16.852580517585473
8.818443641464597,8.238498171561181,232.49827471220215,27.101259526074532

9.718335198334838,4.889962658296555,38.00893177698483,97.63734678490229
2.8406824010767946,1.7084941300641092,15.844060860030568,6.407212431204204
1.0630537174103565,329.0428546245361,24.96171574099652,15.197092729737447
364.0563107506408,1.0863338369993327,7.8419195923263745,14.451702512625147

Iteration: ,5000
Error:,0.03648755277107354
Absolute Error:,0.09152683411991828
Transition Probabilities
0.0009460737937559139,0.0009460737937559139,0.06536019679213076,0.9327476556203573
0.8694395891634914,0.12794603175154132,0.0013071895424836598,0.0013071895424836598
0.041569679562645956,0.05796877440901964,0.8246966089454774,0.07576493708285717
0.03615744648045335,0.028040732336909232,0.8384559379465782,0.09734588323605925

0.047000310476169704,0.023478180011124533,0.182409007575445,0.7471125019372608
0.06374835626715439,0.05770489951240896,0.7127608230889532,0.16578592113148347
0.0014597906659100802,0.9106151515753158,0.05913151347014689,0.028793544288627244
0.9369726472106243,0.0014892837177349968,0.020885141599441052,0.04065292747219964

Transition Gammas
1.0,1.0,69.08572800928214,985.9142719907167
665.1212857100711,97.87871428992914,1.0,1.0
18.762497478609568,26.16423785630183,372.22726296551906,34.19654555772664
21.4551107802778,16.63881377723227,497.5231047565949,57.76311416135855

16.553844544332218,8.269182440508784,64.24575336413639,263.1383514044483
3.251702529766967,2.943435387386259,36.35679893994845,8.456476852262774
1.0688499997734615,666.74697083927,43.29574070797907,21.082461016552433
701.6998230500492,1.115326177681953,15.640905002223244,30.44502109920879

Iteration: ,7500
Error:,0.03223453483648834
Absolute Error:,0.07886556141346215
Transition Probabilities
0.0006920415224913499,0.0006920415224913499,0.059935334179262514,0.9386805827757547
0.8923129719789785,0.10589971792271939,0.0008936550491510281,0.0008936550491510281
0.04851634383953631,0.050119152426740324,0.833271673871134,0.06809282986258937
0.04206351374164353,0.024886137504558887,0.8470374761456461,0.08601287260815156

0.0522923883003751,0.02413645020975857,0.13293789642425952,0.7906332650656069
0.04709247715839502,0.04442067106179393,0.738700001590628,0.169786850189183
0.0009643111791975844,0.9155555260554405,0.05979584311404267,0.023684319651319247
0.9321576312001674,0.001046315932398927,0.022564525753124624,0.04423152711430882

Transition Gammas
1.0,1.0,86.60655788903428,1356.3934421109648
998.4982156444765,118.50178435552296,1.0,1.0
34.59820080042844,35.74120311585735,594.2265721682244,48.558675576362084
38.471878511454356,22.761209740471116,774.7123332842842,78.66857737388614

33.647957177361896,15.530792711291372,85.5399569902599,508.7393234577991
4.135318957336719,3.9007003713481354,64.86726340786315,14.909446745225056
1.0735971382236909,1019.315977935589,66.57254155067231,26.368477672933277
1009.6830204008203,1.1333356028613495,24.441165049513646,47.9101606841065

Iteration: ,10000
Error:,0.03590484059957846
Absolute Error:,0.07737007440983537
Transition Probabilities
0.000549148819330038,0.000549148819330038,0.053122147958507844,0.9457795544028321
0.9011879013420405,0.09739966927942846,0.0007062146892655368,0.0007062146892655368
0.049701474969764264,0.04891086613342224,0.8345306493775235,0.06685700951928995
0.0403547279008404,0.026102898748761448,0.8619940749626449,0.07154829838775317

0.05737958425135739,0.021198097163219923,0.12409212193616569,0.797330196649257
0.04868953145653133,0.04861291957307206,0.7209094046348736,0.1817881443355229
0.000732588626072282,0.9164232389832132,0.05948402587832426,0.02336014651239022
0.9256392517716909,0.0007416254618109208,0.024962328900905342,0.0486567938655927

Transition Gammas
1.0,1.0,96.73543143244285,1722.2645685675586
1276.0820683003292,137.91793169967067,1.0,1.0
46.319942245756046,45.58312395896225,777.7517972051348,62.30826794459137
46.24729946100869,29.91442733056365,987.8618985207531,81.99573516130972

56.96073484945302,21.043359020130023,123.18629607959758,791.5099858487764
7.728141797593095,7.7159817401630395,114.42480417398583,28.853934604001747
1.079750819266205,1350.7017552154603,87.67256737212246,34.43015143459686
1438.0617384017457,1.1521801812244923,38.78116666410141,75.59259553598545

Iteration: ,12500
Error:,0.03086601567679969
Absolute Error:,0.06705516822316498
Transition Probabilities
0.00046104195481788744,0.00046104195481788744,0.051955928258351484,0.9471219878320127
0.8995419498904094,0.09932554727833358,0.0005662514156285393,0.0005662514156285393
0.04513741760239817,0.049460931143598015,0.83729272430372,0.06810892695028373
0.03895738899071586,0.0284770094086237,0.8757681618563018,0.056797439744358684

0.05820904571484362,0.021048950121094732,0.11556411537473378,0.805177888789328
0.03438288460879164,0.04658389014952199,0.7790447324313085,0.13998849281037787
0.0005312119604768184,0.9182505442916225,0.05756932493557882,0.023648918812322103
0.9260641752501133,0.0006569428606722186,0.023648910372863544,0.04962997151635096

Transition Gammas
1.0,1.0,112.69240839236461,2054.30759160764
1588.5910835064624,175.40891649353702,1.0,1.0
48.87205182005238,53.55328945069145,906.5696618087014,73.74420567528385
57.35210139698183,41.923146632732816,1289.2841568771694,83.61578143965772

68.24569048325387,24.678297287312592,135.49015882292596,944.0099954819178
14.009037204578032,18.98024140975543,317.4156783189196,57.03721564687849
1.0933628318249344,1889.9819471878936,118.49160941578818,48.67520079749189
1631.465107444815,1.1573489002338708,41.662741237124536,87.4340774391129

Iteration: ,15000
Error:,0.028650696071725212
Absolute Error:,0.06111668910686595
Transition Probabilities
0.0003993610223642167,0.0003993610223642167,0.05054842899948805,0.9486528489557835
0.9031864701336382,0.09585933139307949,0.00047709923664122136,0.00047709923664122136
0.04440351257284385,0.04713930722659135,0.8439157388880494,0.06454144131251559
0.03614395478083908,0.029491746989281604,0.8854498771969628,0.04891442103291655

0.05610638403672773,0.02240417587685581,0.10679101337649073,0.8146984267099258
0.03771373708941021,0.045614720382631396,0.7971834037810132,0.11948813874694537
0.00041016913880496464,0.9216003556804755,0.054226649917960064,0.023762825262759635
0.9249108302357708,0.0005907630568393084,0.024739773059902756,0.04975863364748717

Transition Gammas
1.0,1.0,126.57326621471826,2375.4267337852853
1893.0788414001056,200.92115859989462,1.0,1.0
52.182705148164096,55.39779236740672,991.764020921683,75.8486616643994
64.66206539554605,52.7611680573698,1584.0828213447387,87.50861688473749

75.95355137730824,30.32946700708934,144.5674473659979,1102.89122837818
26.91965752669066,32.55929392425523,569.0208892550253,85.28934074986331
1.1050748787228095,2482.969353208132,146.09706804423445,64.02164073548668
1819.8956687627533,1.1624116544649379,48.67907734025924,97.90729970750891

Iteration: ,17390
Error:,0.03034025764283839
Absolute Error:,0.05834509230998588
Transition Probabilities
0.0003538570417551304,0.0003538570417551304,0.048248919551588214,0.9510433663649015
0.9023795969334579,0.09677936017335449,0.0004205214465937762,0.0004205214465937762
0.045890070523830956,0.04536346749374603,0.8482964443852504,0.06045001759717253
0.035986029009778035,0.029024656936396002,0.8929015437299915,0.04208777032383454

0.0583078551510533,0.021177112756027978,0.09961145249171645,0.8209035796012022
0.03794133091423194,0.04092934454173507,0.8010403562486467,0.12008896829538632
0.00033720020702370727,0.9154566014129594,0.05679202542034516,0.027414172959671766
0.9283251974193657,0.0005371588733040658,0.023391612179234147,0.04774603152809609

*,*,*,*,*,*,*,*,*,*,*
Model Num 2
Model States: 
"['diamond', 'x', 'square']","['diamond', 'x', 'diamond']","['square', 'y', 'diamond', 'x', 'diamond']","['square', 'y', 'diamond', 'x', 'square']"
Iteration: ,17390
Error:,0.030402455940069677
Absolute Error:,0.05834509230998588
Transition Probabilities
0.0003538570417551304,0.0003538570417551304,0.048248919551588214,0.9510433663649015
0.9023795969334579,0.09677936017335449,0.0004205214465937762,0.0004205214465937762
0.045890070523830956,0.04536346749374603,0.8482964443852504,0.06045001759717253
0.035986029009778035,0.029024656936396002,0.8929015437299915,0.04208777032383454

0.0583078551510533,0.021177112756027978,0.09961145249171645,0.8209035796012022
0.03794133091423194,0.04092934454173507,0.8010403562486467,0.12008896829538632
0.00033720020702370727,0.9154566014129594,0.05679202542034516,0.027414172959671766
0.9283251974193657,0.0005371588733040658,0.023391612179234147,0.04774603152809609

Transition Gammas
1.0,1.0,136.3514466527885,2687.6485533472155
2145.8586815077633,230.14131849223702,1.0,1.0
59.225962003194006,58.54632541308721,1094.8157718893658,78.01710488641169
75.47408118961498,60.87388284834224,1872.696862093304,88.2713620235185

88.56457496577089,32.16619759689346,151.3011570876241,1246.8813408916312
37.94844251623354,40.93701620747672,801.190500697025,120.11147738841812
1.1129278298903769,3021.4605671867635,187.44183511637087,90.48035969355709
2015.4594870488381,1.1662098047782234,50.78484007011951,103.6600024212881

