0,1,2,3,4,5,6,7,8,9,10,11,12,13,14,15,16,17,18,19,20,21,22,23,24,25,26,27,28,29
github Code Version (SHA):,528ca1c557fe8e6666681dc5c9134b0f84d30530
Environment Observations,Environment Actions,alpha,epsilon,numActions,explore,patience,gainThresh,insertRandActions,useUpdatedPosterior,revisedSplitting,haveControl,confidence_factor
"['diamond', 'square']","['x', 'y']",0.8,0.99,75000,0.5,0,0.01,False,True,False,True,250

Model Num 0
Model States: 
['diamond'],['square']
Iteration: ,0
Error:,0.4538494442557829
Absolute Error:,1
Transition Probabilities
0.5,0.5
0.5,0.5

0.5,0.5
0.5,0.5

Transition Gammas
1.0,1.0
1.0,1.0

1.0,1.0
1.0,1.0

Iteration: ,2397
Error:,0.07611694912610864
Absolute Error:,1
Transition Probabilities
0.4710017574692443,0.5289982425307557
0.14761904761904762,0.8523809523809524

0.182,0.818
0.8764204545454546,0.12357954545454546


Model Num 1
Model States: 
['square'],"['diamond', 'x', 'square']","['diamond', 'x', 'diamond']"
Iteration: ,0
Error:,0.5221704488942064
Absolute Error:,1
Transition Probabilities
0.3333333333333333,0.3333333333333333,0.3333333333333333
0.3333333333333333,0.3333333333333333,0.3333333333333333
0.3333333333333333,0.3333333333333333,0.3333333333333333

0.3333333333333333,0.3333333333333333,0.3333333333333333
0.3333333333333333,0.3333333333333333,0.3333333333333333
0.3333333333333333,0.3333333333333333,0.3333333333333333

Transition Gammas
1.0,1.0,1.0
1.0,1.0,1.0
1.0,1.0,1.0

1.0,1.0,1.0
1.0,1.0,1.0
1.0,1.0,1.0

Iteration: ,2500
Error:,0.05468230843465701
Absolute Error:,1
Transition Probabilities
0.8573099415204677,0.06585189939477404,0.07683815908475812
0.9957173447537473,0.0021413276231263384,0.0021413276231263384
0.0026525198938992045,0.7858741029393038,0.21147337716679698

0.13764510779436154,0.29083217004353507,0.5715227221621034
0.794454076958798,0.13951621700873507,0.06602970603246684
0.8592570577818043,0.07472165272383073,0.06602128949436484

Transition Gammas
733.0,56.30337398253181,65.6966260174682
465.0,1.0,1.0
1.0,296.2745368081175,79.72546319188245

83.0,175.37179853625165,344.6282014637484
42.75578142936437,7.508457761475629,3.5535744114706693
89.03886323401343,7.742887832276701,6.8413293933219075

Iteration: ,2916
Error:,0.053493871668519946
Absolute Error:,1
Transition Probabilities
0.8594771241830065,0.06537070539819347,0.0751521704188
0.9964539007092199,0.0017730496453900709,0.0017730496453900709
0.0022522522522522527,0.7860232463388481,0.21172450140889956

0.13866666666666666,0.31642169503804873,0.5449116382952847
0.7954587298783695,0.13722876809122267,0.06731250203040788
0.8703329267978038,0.06611051854837355,0.06355655465382251


Model Num 2
Model States: 
"['diamond', 'x', 'square']","['diamond', 'x', 'diamond']","['square', 'y', 'diamond', 'x', 'diamond']","['square', 'y', 'diamond', 'x', 'square']"
Iteration: ,0
Error:,0.4539346674598985
Absolute Error:,0.55
Transition Probabilities
0.25,0.25,0.25,0.25
0.25,0.25,0.25,0.25
0.25,0.25,0.25,0.25
0.25,0.25,0.25,0.25

0.25,0.25,0.25,0.25
0.25,0.25,0.25,0.25
0.25,0.25,0.25,0.25
0.25,0.25,0.25,0.25

Transition Gammas
1.0,1.0,1.0,1.0
1.0,1.0,1.0,1.0
1.0,1.0,1.0,1.0
1.0,1.0,1.0,1.0

1.0,1.0,1.0,1.0
1.0,1.0,1.0,1.0
1.0,1.0,1.0,1.0
1.0,1.0,1.0,1.0

Iteration: ,2500
Error:,0.06271971744106451
Absolute Error:,0.17068718961534624
Transition Probabilities
0.002061855670103094,0.002061855670103094,0.06079542786936187,0.935080860790432
0.7838758139583036,0.21155797599603432,0.00228310502283105,0.00228310502283105
0.09694265814804315,0.07377199699874455,0.6830111514196266,0.1462741934335855
0.06084798083422398,0.07404237202987145,0.7355669758420393,0.12954267129386524

0.04699053339879548,0.11392913556689235,0.288227629501368,0.5508527015329442
0.1749663209264027,0.096824164074432,0.3554689259531173,0.372740589046048
0.0028480761383208758,0.8729971867568989,0.07709988935354006,0.0470548477512403
0.894147928048237,0.004243466034068937,0.07401861162504153,0.027589994292652492

Transition Gammas
1.0,1.0,29.48578251664049,453.51421748335923
343.337606513737,92.66239348626303,1.0,1.0
18.860178325723094,14.352329979607813,132.87970806989517,28.45762046668641
21.299271879357367,25.917846259406947,257.4784041991473,45.345211756219285

7.278582219154536,17.647013566398154,44.644917761488834,85.32413634729464
7.436804007431784,4.11543391660989,15.108923357642013,15.843041630372614
1.0710434016689903,328.29806196923545,28.99407310445112,17.6953781264491
257.2761578037864,1.2209865982681458,21.29762135268744,7.938560838513845

Iteration: ,5000
Error:,0.04989649638770298
Absolute Error:,0.14769711571969327
Transition Probabilities
0.001004016064257029,0.001004016064257029,0.07161656796971953,0.9263753999017663
0.8028530533395941,0.19469295893034455,0.001226993865030675,0.001226993865030675
0.07933047266271691,0.06390268786369284,0.7249765025147377,0.13179033695885245
0.05919891984041806,0.06599444061881955,0.7378708702233094,0.136935769317453

0.04270295561483675,0.10559974057705439,0.24103220279408033,0.6106651010140285
0.16990598096506787,0.06963747058288262,0.430637594505915,0.3298189539461346
0.0014993115129490837,0.8766485436682673,0.07581009398179238,0.046042050836991366
0.8919939234844858,0.0019354319760788738,0.07753545667733386,0.028535187862101394

Transition Gammas
1.0,1.0,71.33010169784059,922.6698983021585
654.3252384717692,158.67476152823082,1.0,1.0
34.995375353963354,28.18965364576842,319.81184501665496,58.13720951227718
38.77321691247397,43.22404476346276,483.2795493851408,89.68812777555246

13.10078723511677,32.39681454046363,73.94597306327073,187.3451953174942
13.119110910027894,5.376983758202552,33.25122713315344,25.466622260568478
1.0841719004607973,633.9161071040826,54.81927735263291,33.29361331913467
574.7420144113586,1.2470646306001159,49.958731091973135,18.38619179086364

Iteration: ,7500
Error:,0.04539661377747892
Absolute Error:,0.13735270929080262
Transition Probabilities
0.0007189072609633371,0.0007189072609633371,0.0626606843070318,0.9359015011710416
0.8297319486423879,0.16857169851622114,0.0008481764206955047,0.0008481764206955047
0.0818778884537686,0.0678934015929044,0.7246253825389757,0.12560332741435126
0.06242897021654337,0.06838728806990099,0.7426536599618849,0.12653008175167071

0.03844342804569022,0.09678467264899576,0.21879886566561477,0.6459730336396993
0.15175153006436143,0.05621770563273961,0.4898990993191003,0.3021316649837986
0.001003278281152345,0.8747610547959999,0.07932015378140644,0.04491551314144125
0.8818409864677346,0.001296983558052392,0.08893561030626303,0.02792641966794999

Transition Gammas
1.0,1.0,87.16101187108107,1301.8389881289165
978.2539674493753,198.74603255062473,1.0,1.0
56.38924288685323,46.758136844218306,499.0489797626006,86.50292124917164
59.423208420582,65.09465170096979,706.8971835855889,120.43804972791872

21.31438064905146,53.66080650723348,121.30974123418238,358.15003572665586
19.27352439182393,7.1400487382594475,62.22067241269095,38.37287183949899
1.0946265152618766,954.4078279042797,86.54223374999266,49.005059269043606
861.1046046394551,1.2664851499521934,86.844300419626,27.269733360307416

Iteration: ,10000
Error:,0.0432769702640948
Absolute Error:,0.12962202704624814
Transition Probabilities
0.000564015792442189,0.000564015792442189,0.056162463036585134,0.9427095053785305
0.8406144805788082,0.15804143339968652,0.0006720430107526888,0.0006720430107526888
0.0797052031294192,0.0681513990772261,0.7301283476616677,0.12201505013168706
0.06596011563740518,0.06854466568992872,0.7497865311014635,0.11570868757120265

0.04187060694342456,0.09314347196148222,0.21147978314705143,0.6535061379480419
0.14060313121899148,0.04900941817072733,0.5372448745117625,0.27314257609851866
0.0007765715196761166,0.8753355725653582,0.08063643222606592,0.043251423688899816
0.8772133554134627,0.0008880086724440971,0.08993146878256582,0.0319671671315274

Transition Gammas
1.0,1.0,99.57604696386534,1671.4239530361328
1250.8343471012654,235.1656528987333,1.0,1.0
73.79215929570658,63.095490626454726,675.9627379592555,112.96319013416816
75.44900285343425,78.40536098597077,857.649286661656,132.3543025108959

36.99979905783368,82.30809146808939,186.8783390651076,577.4837661132996
27.49765138134938,9.584736012475101,105.06858657885873,53.41829353190299
1.1058413240947271,1246.4817780036624,114.8266408486599,61.59022115704562
1267.667282893916,1.2832676726095429,129.96060761582953,46.19598145577562

Iteration: ,12500
Error:,0.04343648379916296
Absolute Error:,0.12233150187977636
Transition Probabilities
0.00046019328117809526,0.00046019328117809526,0.052803681604543636,0.9462759318331002
0.8372878005571212,0.16159737224109513,0.0005574136008918622,0.0005574136008918622
0.08157918100316908,0.06416496393297197,0.7388556786650186,0.11540017639884044
0.0680804515690455,0.06818921093540249,0.7646357903080067,0.09909454718754554

0.04548731294299785,0.09419452360098798,0.20210113402502877,0.6582170294309854
0.11905507983538613,0.06029197016956942,0.5574550490502982,0.26319790094474627
0.0005960688247988734,0.874478666776608,0.0794730116059484,0.04545225279264473
0.8807509610354171,0.000729258271699934,0.08789606548876883,0.030623715204114214

Transition Gammas
1.0,1.0,114.7424001266732,2056.2575998733246
1502.0943141994742,289.90568580052445,1.0,1.0
88.02098798462336,69.23167712554648,797.1985746169473,124.51261970662786
97.18210859966224,97.33735822431868,1091.4868615044218,141.45348370152448

49.272567961581025,102.03297942779183,218.91910550618115,712.9909686410851
46.24597481585978,23.419924105008548,216.53886751408905,102.23707812810285
1.1287919660631247,1656.024359073129,150.50023300565272,86.07418414999209
1560.918274204804,1.2924340855367684,155.77453891260006,54.27313599516264

Iteration: ,15000
Error:,0.040620494702787474
Absolute Error:,0.1150996367099022
Transition Probabilities
0.00038804811796662816,0.00038804811796662816,0.04997173050386019,0.9492521732602066
0.8302816045666772,0.16877854580926263,0.00046992481203007527,0.00046992481203007527
0.08016248002729547,0.06384513506372148,0.7493449857834267,0.10664739912555657
0.07305698727492743,0.06626855858891433,0.7781223052300388,0.0825521489061194

0.04357760432385778,0.08949859305216687,0.20198456434118187,0.6649392382827936
0.1035920925289245,0.06198689458366434,0.5894565545923789,0.24496445829503222
0.00046411451426721855,0.8708463517864938,0.08251649394367987,0.0461730397555591
0.8847197891911859,0.0006518640802615872,0.08527674490384073,0.02935160182471173

Transition Gammas
1.0,1.0,128.77714950844762,2446.2228504915506
1766.8392545178888,359.1607454821108,1.0,1.0
94.95049109902382,75.62299627605951,887.5807532214628,126.3212280602746
128.54168137457253,116.59763509317088,1369.0839597987908,145.24814692322263

52.25540815434816,107.32084936161695,242.20665670572765,797.351571602703
67.17552985682681,40.19614225549375,382.2401441622246,158.850129197503
1.1507130618852657,2159.153056176312,204.5891789268603,114.48019469410147
1758.6994075368445,1.2958147718145616,169.5182616816609,58.3468860649875

Iteration: ,17500
Error:,0.03794613355396842
Absolute Error:,0.11191012443613092
Transition Probabilities
0.0003350083752093804,0.0003350083752093804,0.04950469074661961,0.9498252925029617
0.8271381541427854,0.17204551932660245,0.0004081632653061225,0.0004081632653061225
0.0810039645993311,0.0643426504290927,0.7540121179697501,0.10064126700182609
0.0758703790810891,0.0669058435506336,0.7856165646553579,0.07160721271291944

0.041941572844414826,0.08378859915498155,0.202236517171291,0.6720333108293126
0.09240061777005047,0.06194281580388984,0.5954217904445608,0.2502347759814989
0.0003813676346911348,0.867617248397417,0.08366311076783842,0.048338273200053454
0.8842058227666736,0.0005833508608601686,0.0860966705611477,0.029114155811318557

Transition Gammas
1.0,1.0,147.77150187865945,2835.228498121339
2026.4884776498236,421.51152235017594,1.0,1.0
103.93654308980165,82.5583376309295,967.4762633808504,129.13325213262348
158.72693038196076,139.97240161483234,1643.5729895548604,149.80804372918737

55.21671905730071,110.3089661636639,266.24745317011127,884.7420829653324
83.35717145119183,55.880339782836714,537.1465848353901,225.74376262775704
1.1658415695158342,2652.307544214809,255.75828543276532,147.77019119851786
1971.7824288432776,1.30087469193042,191.9959107068412,64.92468086190377

Iteration: ,18399
Error:,0.03902572280984662
Absolute Error:,0.11029655703119762
Transition Probabilities
0.0003205128205128205,0.0003205128205128205,0.04843064705786898,0.9509283273011053
0.8275127905145641,0.1717065693605336,0.00039032006245121,0.00039032006245121
0.0812537922983897,0.06448255065182253,0.7569091109491493,0.09735454610063866
0.07480734486409253,0.06700846157755413,0.7900324931036823,0.06815170045467099

0.041504489939019416,0.08270938297134134,0.20056732037276798,0.6752188067168713
0.0888456725329997,0.0655735289557618,0.5962145525083068,0.2493662460029317
0.0003588560912734031,0.8673624940341497,0.08407387238318952,0.04820477749138742
0.8850054794961599,0.0005640869501482454,0.08571845598449211,0.02871197756919976


Model Num 3
Model States: 
"['diamond', 'x', 'square']","['diamond', 'x', 'diamond']","['square', 'y', 'diamond', 'x', 'square']","['square', 'x', 'square', 'y', 'diamond', 'x', 'diamond']","['square', 'x', 'square', 'y', 'diamond', 'x', 'square']"
Iteration: ,0
Error:,0.42948107603354585
Absolute Error:,1
Transition Probabilities
0.2,0.2,0.2,0.2,0.2
0.2,0.2,0.2,0.2,0.2
0.2,0.2,0.2,0.2,0.2
0.2,0.2,0.2,0.2,0.2
0.2,0.2,0.2,0.2,0.2

0.2,0.2,0.2,0.2,0.2
0.2,0.2,0.2,0.2,0.2
0.2,0.2,0.2,0.2,0.2
0.2,0.2,0.2,0.2,0.2
0.2,0.2,0.2,0.2,0.2

Transition Gammas
1.0,1.0,1.0,1.0,1.0
1.0,1.0,1.0,1.0,1.0
1.0,1.0,1.0,1.0,1.0
1.0,1.0,1.0,1.0,1.0
1.0,1.0,1.0,1.0,1.0

1.0,1.0,1.0,1.0,1.0
1.0,1.0,1.0,1.0,1.0
1.0,1.0,1.0,1.0,1.0
1.0,1.0,1.0,1.0,1.0
1.0,1.0,1.0,1.0,1.0

Iteration: ,2500
Error:,0.1985020915562516
Absolute Error:,1
Transition Probabilities
0.002004008016032064,0.002004008016032064,0.40280561122244485,0.5012058630101898,0.09198050973530124
0.7782214652546304,0.21424084630315843,0.002512562814070351,0.002512562814070351,0.002512562814070351
0.2,0.2,0.2,0.2,0.2
0.08544249868740486,0.06296437160247932,0.5471392695820522,0.2142598937582942,0.09019396636976935
0.016371365221598117,0.011450839901349433,0.9273812200629159,0.02234732566032294,0.022449249153813813

0.07140359004306858,0.05932981079933745,0.24279531167947196,0.540021738306898,0.08644954917122388
0.14490362548098365,0.07832059513200632,0.3435283628001555,0.31541500645090303,0.11783241013595151
0.34884949756527844,0.5026210906700157,0.017647058823529415,0.09324391108870536,0.037638441852471144
0.2,0.2,0.2,0.2,0.2
0.2,0.2,0.2,0.2,0.2

Transition Gammas
1.0,1.0,201.0,250.10172564208474,45.89827435791533
309.732143171343,85.26785682865707,1.0,1.0,1.0
1.0,1.0,1.0,1.0,1.0
45.85341162236802,33.79034196079542,293.62673761091554,114.98431405438461,48.40332538655847
1.42970868186436,1.0,80.98805223480838,1.9515883422393672,1.9604893044717413

6.484547838054441,5.388062366597624,22.04956098833729,49.0423071659032,7.850953108112792
6.88020287541593,3.7187584647579017,16.311150405513732,14.976293568428567,5.594828178684569
237.2176583443893,341.7823416556106,12.0,63.40585954031964,25.594140459680375
1.0,1.0,1.0,1.0,1.0
1.0,1.0,1.0,1.0,1.0

Iteration: ,5000
Error:,0.19632164202304486
Absolute Error:,1
Transition Probabilities
0.0009737098344693284,0.0009737098344693284,0.36416747809152883,0.5274967982199678,0.10638830401956482
0.760981758366067,0.2354846727293394,0.001177856301531213,0.001177856301531213,0.001177856301531213
0.2,0.2,0.2,0.2,0.2
0.09693767805374655,0.06674826913789161,0.527370948733025,0.23547162962287738,0.07347147445245944
0.008248485625523383,0.005769347091581791,0.9634120334898,0.011259390526263622,0.01131074326683125

0.05516999989824979,0.05569545802535294,0.19208015679422968,0.6334913559245998,0.06356302935756777
0.13813211952720927,0.07919074846242395,0.3566831077413077,0.30281342621113694,0.12318059805792227
0.3324299812152261,0.5156616218382091,0.011450381679389313,0.10330147927208104,0.03715653599509453
0.2,0.2,0.2,0.2,0.2
0.2,0.2,0.2,0.2,0.2

Transition Gammas
1.0,1.0,374.0,541.7392117719068,109.26078822809305
646.0735128527909,199.92648714720917,1.0,1.0,1.0
1.0,1.0,1.0,1.0,1.0
112.56370996495731,77.50786854761223,612.3813950259383,273.4288746543894,85.31483224076233
1.42970868186436,1.0,166.98805223480838,1.9515883422393672,1.9604893044717413

8.977433087560676,9.062937259847853,31.255877437894732,103.0836735517485,10.34317281045205
8.905532066082365,5.105516024679994,22.995758439762657,19.52271988871022,7.941590773230298
435.4832753919462,675.5167246080539,15.0,135.32493784642617,48.67506215357383
1.0,1.0,1.0,1.0,1.0
1.0,1.0,1.0,1.0,1.0

Iteration: ,7500
Error:,0.19676931831190117
Absolute Error:,1
Transition Probabilities
0.0006188118811881189,0.0006188118811881189,0.3632425742574258,0.5236929658348072,0.11182683614539082
0.7672349880104102,0.23046967916633038,0.0007651109410864574,0.0007651109410864574,0.0007651109410864574
0.2,0.2,0.2,0.2,0.2
0.09477338622334223,0.06871387145908649,0.5445278668758984,0.22514510243411612,0.0668397730075568
0.005491912451350679,0.003841280759510496,0.9756394181951162,0.007496598749529066,0.007530789844493414

0.05714921133116428,0.06179813898402059,0.180367496534509,0.65137348455608,0.04931166859422611
0.1393429297150532,0.08105776986663692,0.3990730402867287,0.2650495423008396,0.11547671783074172
0.3385883631699734,0.515819697283427,0.011083123425692693,0.10116565875782382,0.03334315736308293
0.2,0.2,0.2,0.2,0.2
0.2,0.2,0.2,0.2,0.2

Transition Gammas
1.0,1.0,587.0,846.2878327890483,180.71216721095155
1002.7761293296063,301.22387067039386,1.0,1.0,1.0
1.0,1.0,1.0,1.0,1.0
162.07292655997517,117.50828672930959,931.2026138863556,385.0229173636437,114.30337200794317
1.42970868186436,1.0,253.98805223480838,1.9515883422393672,1.9604893044717413

12.43430798799998,13.44580398073685,39.243673721733465,141.72336474169924,10.729045255755445
11.550062550846757,6.718836141211532,33.078955545818125,21.969817908294523,9.571804732676448
672.0979008923974,1023.9020991076029,22.0,200.81383263428035,66.18616736571963
1.0,1.0,1.0,1.0,1.0
1.0,1.0,1.0,1.0,1.0

Iteration: ,10000
Error:,0.1969661318479534
Absolute Error:,1
Transition Probabilities
0.0004574565416285455,0.0004574565416285455,0.3581884720951511,0.5266804661046335,0.11421614871695845
0.7742017840677264,0.22408393021798792,0.0005714285714285715,0.0005714285714285715,0.0005714285714285715
0.2,0.2,0.2,0.2,0.2
0.09987560093395828,0.07052899797147279,0.5424871039586814,0.22355254182607273,0.06355575530981478
0.004069420029083082,0.002846328123136597,0.9819491952220524,0.00555486078330144,0.005580195842426423

0.05216215998901029,0.06721924861599728,0.15828848559547146,0.6782107990005529,0.04411930679896799
0.13573647628865487,0.0730471710104378,0.4052510706948436,0.266784158925979,0.11918112308008473
0.3366879285872728,0.517202014486731,0.00910815939278937,0.10535905326496775,0.031642844268238976
0.2,0.2,0.2,0.2,0.2
0.2,0.2,0.2,0.2,0.2

Transition Gammas
1.0,1.0,783.0,1151.3234989047282,249.67650109527108
1354.853122118521,392.1468778814788,1.0,1.0,1.0
1.0,1.0,1.0,1.0,1.0
230.58273042810578,162.83024857466557,1252.439599693039,516.1155978674344,146.7311280905138
1.42970868186436,1.0,344.9880522348084,1.9515883422393672,1.9604893044717413

14.785233159612439,19.05312709080421,44.866473445579516,192.2371465580193,12.505506635473838
12.837731739343921,6.908680786406715,38.32797693671334,25.232005119352536,11.271953776390612
887.1726918274643,1362.827308172537,24.0,277.62110535319016,83.37889464680974
1.0,1.0,1.0,1.0,1.0
1.0,1.0,1.0,1.0,1.0

Iteration: ,12500
Error:,0.19800025487879408
Absolute Error:,1
Transition Probabilities
0.00036416605972323365,0.00036416605972323365,0.35979606700655486,0.5223606005461943,0.11711500032780442
0.7697471636718747,0.22888981951758475,0.00045433893684688776,0.00045433893684688776,0.00045433893684688776
0.2,0.2,0.2,0.2,0.2
0.09850662518148574,0.07172622625381557,0.5436296441800463,0.22577233754303022,0.06036516684162207
0.0032617188155618106,0.0022813870104701917,0.9855319310468105,0.004452328293769947,0.004472634833387571

0.045355197618214764,0.06363635913378163,0.15212841915568318,0.6998020782297317,0.039077945862588635
0.1367571907203417,0.0858979408548487,0.4099301070831211,0.2608621173666953,0.10655264397499324
0.34019935301437654,0.511237863324504,0.00998487140695915,0.10826474080209414,0.030313171452066207
0.2,0.2,0.2,0.2,0.2
0.2,0.2,0.2,0.2,0.2

Transition Gammas
1.0,1.0,988.0,1434.4022090998499,321.59779090015104
1694.2135072417962,503.786492758204,1.0,1.0,1.0
1.0,1.0,1.0,1.0,1.0
284.73990904319527,207.32939639233157,1571.3974075532967,652.609859875238,174.48950346429407
1.42970868186436,1.0,431.9880522348084,1.9515883422393672,1.9604893044717413

15.9142078024031,22.328692106428868,53.378739421969605,245.54618386292591,13.711649019439825
14.591505456306182,9.165004531513521,43.73808326056695,27.833059372237795,11.368787833060566
1124.3588617125147,1689.6411382874865,33.0,357.8149683509212,100.18503164907884
1.0,1.0,1.0,1.0,1.0
1.0,1.0,1.0,1.0,1.0

Iteration: ,15000
Error:,0.20009902736236918
Absolute Error:,1
Transition Probabilities
0.0003038590094196293,0.0003038590094196293,0.35673047705864486,0.5229449109835532,0.1197168939389627
0.7618312522576564,0.2370468330078635,0.00037397157816005983,0.00037397157816005983,0.00037397157816005983
0.2,0.2,0.2,0.2,0.2
0.09812240146657675,0.0707932478786316,0.5427867427767736,0.22882478037718623,0.05947282750083178
0.0027009788183198404,0.0018891812385147765,0.9880192162493859,0.003686904081462767,0.0037037196123168967

0.045678072079973035,0.0675087883024405,0.16105268685514626,0.6896674746905217,0.03609297807191853
0.13760923394807614,0.08201048527786475,0.4376641762153161,0.25064771555114124,0.09206838900760186
0.33762286450525003,0.5118096701731863,0.010088272383354349,0.11088533859308626,0.029593854345123096
0.2,0.2,0.2,0.2,0.2
0.2,0.2,0.2,0.2,0.2

Transition Gammas
1.0,1.0,1174.0,1721.0117020468736,393.9882979531262
2037.136768536973,633.863231463027,1.0,1.0,1.0
1.0,1.0,1.0,1.0,1.0
339.87629212217297,245.21359278463063,1880.104265598113,792.6030828623776,206.00193014935084
1.42970868186436,1.0,522.9880522348084,1.9515883422393672,1.9604893044717413

18.774869168661496,27.74785822602376,66.1968202088919,283.4711715618308,14.83514759601121
17.1613962678394,10.227616240508276,54.58157236092614,31.258547459285268,11.481948283334182
1338.6746577633166,2029.3253422366845,40.0,439.66036752158715,117.33963247841311
1.0,1.0,1.0,1.0,1.0
1.0,1.0,1.0,1.0,1.0

Iteration: ,17500
Error:,0.1994228911350427
Absolute Error:,1
Transition Probabilities
0.00025960539979231567,0.00025960539979231567,0.35565939771547245,0.5241078711162865,0.11971352036865639
0.7633347144918168,0.23570343876243138,0.00032061558191728113,0.00032061558191728113,0.00032061558191728113
0.2,0.2,0.2,0.2,0.2
0.09677528615778994,0.07259197476762423,0.5435058629861701,0.22856862874303405,0.0585582473453815
0.002319713556619128,0.0016225078479583613,0.9897104019118114,0.0031664674012674213,0.0031809092823438293

0.04518254560750847,0.07076724783194206,0.15700996619350482,0.6923228192053548,0.03471742116168991
0.13802229377450267,0.08683186202379999,0.4329524056792301,0.2539190308751621,0.08827440764730501
0.3382014263922674,0.5088497725707914,0.009505292719809889,0.11456121503205942,0.028882293285071747
0.2,0.2,0.2,0.2,0.2
0.2,0.2,0.2,0.2,0.2

Transition Gammas
1.0,1.0,1370.0,2018.863519539936,461.13648046006443
2380.8409744999767,735.1590255000236,1.0,1.0,1.0
1.0,1.0,1.0,1.0,1.0
392.5483178792793,294.4538705894821,2204.6156693856833,927.1399165563629,237.52904699148692
1.42970868186436,1.0,609.9880522348084,1.9515883422393672,1.9604893044717413

21.16649472641148,33.152062547545675,73.55385972047992,324.32982924382304,16.263937811671205
19.37705361075073,12.190390403925491,60.7825137977799,35.64788368244617,12.39291046875124
1565.5344027698068,2355.465597230195,44.0,530.3038643834034,133.6961356165972
1.0,1.0,1.0,1.0,1.0
1.0,1.0,1.0,1.0,1.0

Iteration: ,20000
Error:,0.19740530773880535
Absolute Error:,1
Transition Probabilities
0.00022639800769753236,0.00022639800769753236,0.3540864840389406,0.5255451884959612,0.11991553144970309
0.7623151278962617,0.23685014756283676,0.000278241513633834,0.000278241513633834,0.000278241513633834
0.2,0.2,0.2,0.2,0.2
0.09828160698396993,0.07362543802164695,0.5431564610229743,0.2282397524398087,0.056696741531600155
0.002038568164721182,0.00142586261843417,0.9909574839399875,0.002782696863771025,0.0027953884130862616

0.043027769428814824,0.07925724502531344,0.1552112900133759,0.688813929973532,0.03368976555896384
0.12964751157793203,0.0815631629442145,0.4481944368044882,0.24708764715964737,0.09350724151371771
0.337755397042423,0.5106145802130735,0.009287338893100829,0.11474074155519318,0.02760194229620953
0.2,0.2,0.2,0.2,0.2
0.2,0.2,0.2,0.2,0.2

Transition Gammas
1.0,1.0,1564.0,2321.3330975866597,529.6669024133383
2739.760569659166,851.2394303408357,1.0,1.0,1.0
1.0,1.0,1.0,1.0,1.0
455.7254006535876,341.3963535026808,2518.581079546784,1058.332843933582,262.8990921409707
1.42970868186436,1.0,694.9880522348084,1.9515883422393672,1.9604893044717413

23.215318746393574,42.76266770620624,83.74311795689813,371.6445252349683,18.177066957573885
19.37705361075073,12.190390403925491,66.98692110862746,36.92959878129823,13.975546539630892
1781.9974747958247,2694.002525204177,49.0,605.3721524451995,145.62784755480155
1.0,1.0,1.0,1.0,1.0
1.0,1.0,1.0,1.0,1.0

Iteration: ,22500
Error:,0.1989764525927228
Absolute Error:,1
Transition Probabilities
0.0002011667672500505,0.0002011667672500505,0.3568698451015896,0.5231196567574671,0.11960816460644336
0.7651310765777976,0.23412542899841066,0.00024783147459727376,0.00024783147459727376,0.00024783147459727376
0.2,0.2,0.2,0.2,0.2
0.09728756811497775,0.07448163006039148,0.5380243561168326,0.2331962075146922,0.05701023819310586
0.0018158954631684035,0.001270115713923238,0.9919451975297329,0.0024787430205876226,0.002490048272587998

0.043114678601544366,0.08280126649227285,0.15682673935259855,0.6849282128084883,0.032329102745096046
0.13754002354252434,0.08294137838192686,0.45211735094030236,0.23474324978503974,0.09265799735020674
0.3369837076567493,0.5101940513996955,0.00876158382476832,0.11713904294544675,0.02692161417334027
0.2,0.2,0.2,0.2,0.2
0.2,0.2,0.2,0.2,0.2

Transition Gammas
1.0,1.0,1774.0,2600.4278137413658,594.5721862586292
3087.3038939914145,944.6961060085874,1.0,1.0,1.0
1.0,1.0,1.0,1.0,1.0
509.39398367803307,389.98296475513695,2817.074939670207,1221.0064186631714,298.5034255281054
1.42970868186436,1.0,780.9880522348084,1.9515883422393672,1.9604893044717413

25.955263452530435,49.8467982533712,94.41052254886142,412.33038923496355,19.4622900169975
23.224010781385264,14.004879569976776,76.34125661933281,39.637042538237154,15.645557373177645
1999.9983049428079,3028.0016950571944,52.0,695.2202198812267,159.77978011877457
1.0,1.0,1.0,1.0,1.0
1.0,1.0,1.0,1.0,1.0

Iteration: ,25000
Error:,0.1987516842820228
Absolute Error:,1
Transition Probabilities
0.00018106101756291889,0.00018106101756291889,0.35614702154626143,0.5230725424174378,0.12041831400117482
0.7683836749910086,0.23094322651224466,0.00022436616558223007,0.00022436616558223007,0.00022436616558223007
0.2,0.2,0.2,0.2,0.2
0.09781757393766673,0.07479506908677547,0.5367858698435292,0.233278879420629,0.057322607711399416
0.0016130661743056255,0.0011282481492678386,0.9928448913117327,0.0022018759352642556,0.0022119184294296344

0.04196539868749455,0.08578651638315776,0.15948779768697297,0.681302113062862,0.031458174179512646
0.13298505323530463,0.08306500934537876,0.44442672702544306,0.24177453982613464,0.097748670567739
0.33793462553227516,0.5088017064380412,0.008632439800090862,0.11845336925463476,0.02617785897495803
0.2,0.2,0.2,0.2,0.2
0.2,0.2,0.2,0.2,0.2

Transition Gammas
1.0,1.0,1967.0,2888.929651771506,665.0703482284879
3424.6860394349274,1029.3139605650751,1.0,1.0,1.0
1.0,1.0,1.0,1.0,1.0
569.9195929933201,435.7823815892845,3127.5032915939723,1359.1648071139432,333.98167569576685
1.42970868186436,1.0,879.9880522348084,1.9515883422393672,1.9604893044717413

28.031852596885688,57.30327977962476,106.53392021974062,455.0930291296396,21.01328544818602
24.94556152180006,15.581475139673403,83.36631817809594,45.35247767255537,18.335861181385454
2231.3823323896145,3359.6176676103883,57.0,782.1475971883539,172.85240281164798
1.0,1.0,1.0,1.0,1.0
1.0,1.0,1.0,1.0,1.0

Iteration: ,27500
Error:,0.19794334787014178
Absolute Error:,1
Transition Probabilities
0.00016366612111292983,0.00016366612111292983,0.3572831423895258,0.5240019417012849,0.11838758366696346
0.7703784914979303,0.22900938852655456,0.00020403999183840022,0.00020403999183840022,0.00020403999183840022
0.2,0.2,0.2,0.2,0.2
0.09775177485051353,0.07292026726567231,0.539266016223349,0.23370740961995823,0.05635453204050704
0.00148567427151454,0.0010391447505076349,0.9934099660278198,0.002027982780989936,0.002037232169168174

0.040711853941717384,0.0839356723730385,0.1545783973634609,0.6888706882218977,0.03190338809988547
0.12916052967826075,0.07798138057041006,0.4573771719655006,0.24448699899180348,0.09099391879402521
0.3378186955935407,0.5107244599864481,0.007833974711379874,0.11819440329556039,0.025428466413070883
0.2,0.2,0.2,0.2,0.2
0.2,0.2,0.2,0.2,0.2

Transition Gammas
1.0,1.0,2183.0,3201.651863794847,723.3481362051459
3775.624986831358,1122.3750131686445,1.0,1.0,1.0
1.0,1.0,1.0,1.0,1.0
627.8400060758696,468.35222289463354,3463.5972535530773,1501.0557271226824,361.9538345244568
1.42970868186436,1.0,955.9880522348084,1.9515883422393672,1.9604893044717413

29.060408771533933,59.91387553035497,110.33915137005629,491.7207607178741,22.77286366537926
26.20634337985467,15.82222403046754,92.80066636837402,49.60579105280471,18.462434981762044
2457.9688291386037,3716.031170861399,57.0,859.982478378498,185.01752162150387
1.0,1.0,1.0,1.0,1.0
1.0,1.0,1.0,1.0,1.0

Iteration: ,30000
Error:,0.1954490020076604
Absolute Error:,1
Transition Probabilities
0.00014983518130056952,0.00014983518130056952,0.35810608330836113,0.5242018826481464,0.11739236368089134
0.7710923264304087,0.22834744947995547,0.00018674136321195133,0.00018674136321195133,0.00018674136321195133
0.2,0.2,0.2,0.2,0.2
0.09807365281132645,0.07256631465202619,0.5416717886602047,0.2322290566412977,0.055459187235144966
0.0013756063078498525,0.0009621584629786557,0.9938981966135586,0.0018777372397360923,0.0018863013758766243

0.04012264677179486,0.08469585316829588,0.15296884663620602,0.6910302629029479,0.031182390520755304
0.12685611158776464,0.07215075982044869,0.47025824117622456,0.24617976562532837,0.0845551217902337
0.3360716597830256,0.5108555740990905,0.008545934397385943,0.1194954953857932,0.025031336334704658
0.2,0.2,0.2,0.2,0.2
0.2,0.2,0.2,0.2,0.2

Transition Gammas
1.0,1.0,2390.0,3498.5233647937257,783.476635206268
4129.199408034841,1222.8005919651623,1.0,1.0,1.0
1.0,1.0,1.0,1.0,1.0
686.6057163289227,508.0309035583332,3792.2004106821287,1625.8168551582023,388.2652872312398
1.42970868186436,1.0,1032.9880522348085,1.9515883422393672,1.9604893044717413

30.963587875031678,65.36177703188932,118.04964791834261,533.2842668979412,24.06418236898806
27.818775882201365,15.82222403046754,103.12478014895545,53.98572950839527,18.542425377332986
2674.1221968935365,4064.877803106466,68.0,950.8256567847571,199.1743432152451
1.0,1.0,1.0,1.0,1.0
1.0,1.0,1.0,1.0,1.0

Iteration: ,32500
Error:,0.1969359895125374
Absolute Error:,1
Transition Probabilities
0.00013852334118298948,0.00013852334118298948,0.355450893475551,0.527654379300249,0.11661768054183397
0.7706737399206816,0.2288110617279532,0.0001717327837884251,0.0001717327837884251,0.0001717327837884251
0.2,0.2,0.2,0.2,0.2
0.09734085809639922,0.07179436457579359,0.5426463142160084,0.2334339349043886,0.05478452820741023
0.0012864845631361292,0.0008998228656333928,0.9942935156525864,0.0017560838146505498,0.0017640931039933792

0.03966232458036955,0.0889708033964054,0.14837243440634235,0.693750366352584,0.029244071264298763
0.1197571788932951,0.0722713449924055,0.48495298326081093,0.24084747657595496,0.08217101627753352
0.3343164156324157,0.5131786442304227,0.008136696501220501,0.12001736220574968,0.024350881430191425
0.2,0.2,0.2,0.2,0.2
0.2,0.2,0.2,0.2,0.2

Transition Gammas
1.0,1.0,2566.0,3809.1369641684937,841.8630358314986
4487.633187558132,1332.3668124418723,1.0,1.0,1.0
1.0,1.0,1.0,1.0,1.0
741.3662102355103,546.7993299289762,4132.895983618534,1777.8765776755681,417.24922967543216
1.42970868186436,1.0,1104.9880522348085,1.9515883422393672,1.9604893044717413

33.275920227386784,74.64477656588514,124.48159162340816,582.0430873054453,24.53520797912226
28.25732538098895,17.052797419282278,114.42716310720681,56.82920703117789,19.3886760300998
2876.1241236856736,4414.875876314329,70.0,1032.509367056065,209.49063294393693
1.0,1.0,1.0,1.0,1.0
1.0,1.0,1.0,1.0,1.0

Iteration: ,35000
Error:,0.19484887445503665
Absolute Error:,1
Transition Probabilities
0.00012825445684237538,0.00012825445684237538,0.3538540464281137,0.5282172278064754,0.11767221685172613
0.7709126572421049,0.22861183158338247,0.00015850372483753358,0.00015850372483753358,0.00015850372483753358
0.2,0.2,0.2,0.2,0.2
0.09655919045975242,0.07173543926369921,0.5442939515630943,0.23381454288696643,0.05359687582648761
0.0011940808921790471,0.0008351917473299168,0.9947033923950439,0.0016299504776235928,0.001637384487823367

0.0407794001609186,0.08805607388207874,0.14365724231748453,0.6992393358589761,0.028267947780542025
0.11846870870222224,0.07352292231379143,0.4854530521611633,0.24012791268297481,0.08242740413984828
0.33265767812805774,0.5164234029530231,0.007783783783783779,0.11947172542731152,0.023663409707823765
0.2,0.2,0.2,0.2,0.2
0.2,0.2,0.2,0.2,0.2

Transition Gammas
1.0,1.0,2759.0,4118.509725207085,917.4902747929078
4863.687954540444,1442.312045459561,1.0,1.0,1.0
1.0,1.0,1.0,1.0,1.0
791.6398258352968,588.122480879786,4462.390032134889,1916.9268417380665,439.4135994986621
1.42970868186436,1.0,1190.9880522348085,1.9515883422393672,1.9604893044717413

36.41025827939291,78.62166634291096,128.26567521455962,624.3221998673702,25.239294243084863
29.112762255718845,18.06768539232795,119.2963057393055,59.00956387119231,20.25589243241616
3077.083522684536,4776.916477315467,72.0,1105.1134602026323,218.88653979736995
1.0,1.0,1.0,1.0,1.0
1.0,1.0,1.0,1.0,1.0

Iteration: ,37500
Error:,0.19652525719205802
Absolute Error:,1
Transition Probabilities
0.00011868027533823888,0.00011868027533823888,0.3530738191312607,0.5272486034611588,0.11944021685690406
0.7717179316552433,0.227839329265654,0.0001475796930342384,0.0001475796930342384,0.0001475796930342384
0.2,0.2,0.2,0.2,0.2
0.09782883312336935,0.07209670604399508,0.547898709136964,0.22955847869949964,0.05261727299617207
0.001097808434951847,0.000767854632819526,0.9951304299872517,0.001498536149945077,0.001505370795031757

0.040527894133478924,0.08871888062406928,0.14115294868277273,0.7010330095458418,0.028567267013837248
0.11693300753952238,0.07485907392068787,0.48599007536361805,0.23674130781629787,0.08547653535987387
0.33572094565165966,0.5167843472206056,0.0074604294787781,0.11719497589594671,0.022839301753010008
0.2,0.2,0.2,0.2,0.2
0.2,0.2,0.2,0.2,0.2

Transition Gammas
1.0,1.0,2975.0,4442.59673276372,1006.4032672362728
5229.160704895932,1543.8392951040726,1.0,1.0,1.0
1.0,1.0,1.0,1.0,1.0
852.8259843832544,628.5053428494025,4776.324535863509,2001.1833865332771,458.69276169260087
1.42970868186436,1.0,1295.9880522348085,1.9515883422393672,1.9604893044717413

38.25692682637835,83.74754713320858,133.243489318719,661.7508538869863,26.966509539788145
29.89400508424711,19.13777455549241,124.24370235156422,60.52308076587958,21.852135991355983
3330.0160599188134,5125.983940081189,74.0,1162.4569659118958,226.54303408810634
1.0,1.0,1.0,1.0,1.0
1.0,1.0,1.0,1.0,1.0

Iteration: ,40000
Error:,0.19506054332685535
Absolute Error:,1
Transition Probabilities
0.00011116051578479335,0.00011116051578479335,0.35349044019564285,0.5271775239245358,0.11910971484825165
0.773260401293353,0.22632397110897445,0.00013854253255749505,0.00013854253255749505,0.00013854253255749505
0.2,0.2,0.2,0.2,0.2
0.09806334836891727,0.07194089475048365,0.5481625031976655,0.23010269061063077,0.051730563072303073
0.0010357732202271076,0.000724464524392791,0.9954056007836678,0.0014138565201709584,0.0014203049515412736

0.0408811087899967,0.08856305773122655,0.14235721160784165,0.7001757776147294,0.028022844256205666
0.11898466251249268,0.07244612660935427,0.4825994421034809,0.24085715776062458,0.08511261101404756
0.335545335426275,0.5164848817597494,0.007648725212464585,0.11783114364023865,0.02248991396127224
0.2,0.2,0.2,0.2,0.2
0.2,0.2,0.2,0.2,0.2

Transition Gammas
1.0,1.0,3180.0,4742.489005225119,1071.5109947748708
5581.393576535426,1633.606423464579,1.0,1.0,1.0
1.0,1.0,1.0,1.0,1.0
913.0642172217724,669.8390157397961,5103.920835025735,2142.4776593658853,481.6613634317354
1.42970868186436,1.0,1373.9880522348085,1.9515883422393672,1.9604893044717413

41.12509416122055,89.0916170378802,143.2068235226983,704.3545450718655,28.190089330054334
31.839519317591154,19.386110772226676,129.1404617624493,64.451803832232,22.775579350555883
3553.425102164254,5469.574897835749,81.0,1247.831811150128,238.16818884987313
1.0,1.0,1.0,1.0,1.0
1.0,1.0,1.0,1.0,1.0

Iteration: ,42500
Error:,0.19658691772651174
Absolute Error:,1
Transition Probabilities
0.00010455876202425774,0.00010455876202425774,0.3540359682141367,0.5271201709536937,0.11863474330812103
0.7748880965887351,0.22471974654851978,0.0001307189542483659,0.0001307189542483659,0.0001307189542483659
0.2,0.2,0.2,0.2,0.2
0.09842101449608891,0.07247316537249382,0.5474851106899796,0.2302705294813364,0.05135017996010113
0.000978361382992008,0.0006843082058620579,0.995660263575532,0.0013354879170591292,0.001341578918554811

0.03922747692317809,0.08722041620522188,0.14040111876347536,0.7057970824584214,0.027353905649703403
0.12096380397286165,0.07014388276964675,0.48822098751791293,0.23890798753915826,0.08176333820042034
0.33618812190237807,0.5154597416491898,0.0075508572443812715,0.11854239156941132,0.02225888763463949
0.2,0.2,0.2,0.2,0.2
0.2,0.2,0.2,0.2,0.2

Transition Gammas
1.0,1.0,3386.0,5041.377315001122,1134.6226849988684
5927.89393890383,1719.1060610961779,1.0,1.0,1.0
1.0,1.0,1.0,1.0,1.0
975.8995957838382,718.6121089516156,5428.622138834516,2283.261535072844,509.165853685459
1.42970868186436,1.0,1454.9880522348085,1.9515883422393672,1.9604893044717413

42.234402666633436,93.90617158418708,151.16336429985287,759.8989412411341,29.45067988892404
33.83503968815262,19.62009278349563,136.56131790435177,66.82545500981124,22.870195068168712
3784.469688255071,5802.530311744932,85.0,1334.4317018968636,250.5682981031368
1.0,1.0,1.0,1.0,1.0
1.0,1.0,1.0,1.0,1.0

Iteration: ,45000
Error:,0.19425145179679607
Absolute Error:,1
Transition Probabilities
9.865824782951864e-05,9.865824782951864e-05,0.3529005524861882,0.5268505425558558,0.120051588462297
0.7717812412174018,0.22784916410476153,0.00012319822594554627,0.00012319822594554627,0.00012319822594554627
0.2,0.2,0.2,0.2,0.2
0.09998814395432361,0.07358036072941535,0.5456081337210631,0.2294976524009599,0.051325709194238164
0.0009121938769281853,0.0006380277944026133,0.9959537640562063,0.001245167605580836,0.0012508466668820187

0.037952492700448384,0.09012901475988055,0.13705381593479488,0.7070061631086806,0.027858513496195794
0.11642089736931474,0.06744903431723288,0.5001517064900712,0.2354937776543622,0.08048458416901903
0.3374709887214401,0.5144960590257018,0.007397444519166104,0.11870456893395107,0.02193093879974096
0.2,0.2,0.2,0.2,0.2
0.2,0.2,0.2,0.2,0.2

Transition Gammas
1.0,1.0,3577.0,5340.15709934615,1216.8429006538413
6264.548334961656,1849.451665038351,1.0,1.0,1.0
1.0,1.0,1.0,1.0,1.0
1048.5066910952955,771.5864852260963,5721.416122934385,2406.5835669776293,538.2173064433906
1.42970868186436,1.0,1560.9880522348085,1.9515883422393672,1.9604893044717413

