0,1,2,3,4,5,6,7,8,9,10,11,12,13,14,15,16,17,18,19,20,21,22,23,24,25,26,27,28,29
github Code Version (SHA):,528ca1c557fe8e6666681dc5c9134b0f84d30530
Environment Observations,Environment Actions,alpha,epsilon,numActions,explore,patience,gainThresh,insertRandActions,useUpdatedPosterior,revisedSplitting,haveControl,confidence_factor
"['diamond', 'square']","['x', 'y']",0.75,0.99,75000,0.5,0,0.01,False,True,False,True,250

Model Num 0
Model States: 
['diamond'],['square']
Iteration: ,0
Error:,0.40601131060350415
Absolute Error:,1
Transition Probabilities
0.5,0.5
0.5,0.5

0.5,0.5
0.5,0.5

Transition Gammas
1.0,1.0
1.0,1.0

1.0,1.0
1.0,1.0

Iteration: ,2444
Error:,0.05317593809822798
Absolute Error:,1
Transition Probabilities
0.48128342245989303,0.5187165775401069
0.15256797583081572,0.8474320241691843

0.18,0.82
0.8239339752407153,0.17606602475928473


Model Num 1
Model States: 
['square'],"['diamond', 'x', 'square']","['diamond', 'x', 'diamond']"
Iteration: ,0
Error:,0.4760415294348336
Absolute Error:,1
Transition Probabilities
0.3333333333333333,0.3333333333333333,0.3333333333333333
0.3333333333333333,0.3333333333333333,0.3333333333333333
0.3333333333333333,0.3333333333333333,0.3333333333333333

0.3333333333333333,0.3333333333333333,0.3333333333333333
0.3333333333333333,0.3333333333333333,0.3333333333333333
0.3333333333333333,0.3333333333333333,0.3333333333333333

Transition Gammas
1.0,1.0,1.0
1.0,1.0,1.0
1.0,1.0,1.0

1.0,1.0,1.0
1.0,1.0,1.0
1.0,1.0,1.0

Iteration: ,2500
Error:,0.03446578736583313
Absolute Error:,1
Transition Probabilities
0.8281430219146482,0.08789871779100544,0.08395826029434632
0.9958592132505176,0.002070393374741201,0.002070393374741201
0.002638522427440633,0.7315530818666512,0.2658083957059081

0.17785234899328858,0.3466468847839957,0.4755007662227156
0.8293210694767841,0.07394653448286101,0.09673239604035493
0.831602211708599,0.09026328757962077,0.07813450071178032

Transition Gammas
718.0,76.20818832480172,72.79181167519826
481.0,1.0,1.0
1.0,277.25861802746084,100.74138197253916

106.0,206.60154333126144,283.3984566687385
49.058179157896014,4.374279721428546,5.7221688800384785
53.82679211685321,5.842436621650638,5.05738136305107

Iteration: ,2934
Error:,0.033699344021566234
Absolute Error:,1
Transition Probabilities
0.8265086206896551,0.08870660755582731,0.0847847717545175
0.9966329966329966,0.0016835016835016834,0.0016835016835016834
0.00221729490022173,0.7319653110755204,0.26581739402425775

0.176,0.3716880217436002,0.4523119782563997
0.8337264889432484,0.07894780193824558,0.08732570911850604
0.8257338744652862,0.089369087935555,0.08489703759915877


Model Num 2
Model States: 
"['diamond', 'x', 'square']","['diamond', 'x', 'diamond']","['square', 'y', 'diamond', 'x', 'diamond']","['square', 'y', 'diamond', 'x', 'square']"
Iteration: ,0
Error:,0.40664572723776227
Absolute Error:,0.5
Transition Probabilities
0.25,0.25,0.25,0.25
0.25,0.25,0.25,0.25
0.25,0.25,0.25,0.25
0.25,0.25,0.25,0.25

0.25,0.25,0.25,0.25
0.25,0.25,0.25,0.25
0.25,0.25,0.25,0.25
0.25,0.25,0.25,0.25

Transition Gammas
1.0,1.0,1.0,1.0
1.0,1.0,1.0,1.0
1.0,1.0,1.0,1.0
1.0,1.0,1.0,1.0

1.0,1.0,1.0,1.0
1.0,1.0,1.0,1.0
1.0,1.0,1.0,1.0
1.0,1.0,1.0,1.0

Iteration: ,2500
Error:,0.05770293877767497
Absolute Error:,0.16320804725377616
Transition Probabilities
0.0018518518518518521,0.0018518518518518521,0.08081860053132392,0.9154776957649723
0.7930822485641558,0.20234109239694265,0.0022883295194508014,0.0022883295194508014
0.11130929536661893,0.10260248624172513,0.6114814148358021,0.17460680355585376
0.07207207824207268,0.1145809507430362,0.642124764921776,0.1712222060931152

0.0697662036203635,0.06843047281579798,0.32210425459736763,0.5396990689664709
0.11430474218078879,0.19002644252617376,0.4794158353806068,0.21625297991243067
0.0029379965076945357,0.8142390317900446,0.11387051052894266,0.06895246117331812
0.8663103044347079,0.003988075722027563,0.08331395324842882,0.04638766659483582

Transition Gammas
1.0,1.0,43.64204428691491,494.35795571308495
346.576942622536,88.42305737746392,1.0,1.0
17.008289993793902,15.677871594961637,93.43562184171091,26.68027984532531
22.878676413447245,36.37276125700456,203.83711795243082,54.35305243791595

9.0273986812082,8.854561779128806,41.678683549796936,69.83436693716185
3.859817521044386,6.416771328386176,16.18880902020182,7.302383303781662
1.1146064235962911,308.90304083042406,43.19977990489313,26.158933799027118
274.3592490805762,1.2630179449220948,26.38541124832704,14.690908452097819

Iteration: ,5000
Error:,0.055190433533044474
Absolute Error:,0.16328299024325357
Transition Probabilities
0.0009442870632672326,0.0009442870632672326,0.087380177199256,0.9107312486742096
0.7891801817051605,0.20846964203161977,0.0011750881316098707,0.0011750881316098707
0.11858524195486839,0.10767346461111144,0.625812741788785,0.14792855164523505
0.06499267297967165,0.09774215914237067,0.6437443126670335,0.1935208552109243

0.06990506111461563,0.06578858558390964,0.3016092511053291,0.5626971021961458
0.15436180358206478,0.1386939068990264,0.47602940038391733,0.23091488913499145
0.0015507135848931482,0.838511552066792,0.10295014671796071,0.056987587630354185
0.8621074960440525,0.0019230119285683427,0.09923668755438944,0.03673280447298979

Transition Gammas
1.0,1.0,92.53560765401217,964.4643923459886
671.5923346310916,177.40766536890843,1.0,1.0
38.67541851606546,35.11664890386925,204.10271381475238,48.245452393918164
39.405423944512,59.261621990247534,390.30580509355593,117.33278525221111

19.797032618202746,18.63125149943935,85.41539177390838,159.35516983642526
10.737501085565212,9.647632648305027,33.11289506063504,16.06258034839538
1.136022758572628,614.2773338376147,75.41928490814968,41.748003715783
582.6141959025542,1.2995758111545472,67.06437792135758,24.82411235197418

Iteration: ,7500
Error:,0.05347761134331117
Absolute Error:,0.15641293969100462
Transition Probabilities
0.0006939625260235951,0.0006939625260235951,0.07292539330408432,0.9256866816438686
0.8090445169465047,0.18931344692870056,0.000821018062397373,0.000821018062397373
0.11323808875131335,0.09126643542935456,0.6484439558314639,0.1470515199878681
0.061683804930144547,0.09293463132062166,0.6651246141408172,0.1802569496084166

0.06446765954809741,0.06899659239600404,0.27892139692274753,0.5876143511331511
0.17402573458032394,0.11569868963748778,0.4854942580477202,0.22478131773446816
0.0010534697412799003,0.8398685617893495,0.10572630729872214,0.0533516611706483
0.8634186234086036,0.001289494191281307,0.10007061553968609,0.03522126686042899

Transition Gammas
1.0,1.0,105.08549175118544,1333.9145082488137
985.4162216408424,230.58377835915718,1.0,1.0
61.03562208896313,49.19284424259795,349.5129657382397,79.26114879330325
54.437270438406586,82.01678972339032,586.9866253586126,159.08059376927622

35.819251627460055,38.33559837279222,154.97314111744276,326.48783049804666
19.499200324075396,12.963783384767718,54.398562469456735,25.18625164366697
1.1538522105631237,919.8975144988362,115.80069992622028,58.43540613152857
884.1714000395621,1.320487945866926,102.47587189542585,36.0678308144566

Iteration: ,10000
Error:,0.0521301831585237
Absolute Error:,0.14924880588955475
Transition Probabilities
0.0005482456140350876,0.0005482456140350876,0.06469296165195919,0.9342105471199705
0.8147733988726379,0.18393042484738809,0.0006480881399870384,0.0006480881399870384
0.10996749461309668,0.08801418013326691,0.6651462644827312,0.13687206077090514
0.060644377772024825,0.09653074373474246,0.6741013978722203,0.1687234806210123

0.07129177932128546,0.06994598550434011,0.26120237848760347,0.597559856686771
0.16483504020498602,0.09162357783149022,0.5147060179793307,0.22883536398419313
0.0008215408717671676,0.8397398614679145,0.11010511234736163,0.04933348531295665
0.8634646071108519,0.0009236577918168035,0.10116217496901708,0.03444956012831425

Transition Gammas
1.0,1.0,117.99996205317359,1704.0000379468268
1257.19535446048,283.80464553951975,1.0,1.0
86.34746644716239,69.10952634385711,522.2788330037839,107.4731739279087
65.89887423626575,104.89459328319528,732.5085172423757,183.34242742083418

61.508967065983406,60.34784598930156,225.35962279109017,515.561399853102
27.628650281415933,15.357388734156808,86.27190281148094,38.355996611384036
1.1701771877421037,1196.0992609092716,156.83028702579168,70.26907739946614
1252.063330268928,1.339346212140137,146.68979903271781,49.953444096428825

Iteration: ,12500
Error:,0.052909804224398775
Absolute Error:,0.14468648256809657
Transition Probabilities
0.00044563279857397496,0.00044563279857397496,0.05954451235214043,0.9395642220507117
0.8152491709296484,0.1836886941792204,0.0005310674455655869,0.0005310674455655869
0.09960303708342605,0.08803181521233858,0.665796246087424,0.14656890161681138
0.06716796122871743,0.10185487127758372,0.6879032532761475,0.14307391421755114

0.07732299656831283,0.0759317630294405,0.2526044989741986,0.594140741428048
0.1528334678407903,0.08474015133852154,0.5317372345586664,0.23068914626202178
0.0006701654301999191,0.8416966897667411,0.11203137400242191,0.04560177080063718
0.8658890578797912,0.0007524829336523802,0.09937284791299472,0.03398561127356153

Transition Gammas
1.0,1.0,133.61788571820315,2108.3821142817974
1535.1141888605277,345.88581113947197,1.0,1.0
102.83572948564093,90.88895479887299,687.4051701641795,151.32590691034264
91.17459053393412,138.2590153510543,933.768068839322,194.2102351514463

84.15487136402803,82.64071536002879,274.92337416550635,646.6360576550092
39.20203381467656,21.73598705287582,136.39146807429827,59.17214233379448
1.1887893720800558,1493.0643005730294,198.7295983230218,80.8918186956559
1556.2520477913074,1.3524285770419113,178.6016310659069,61.081932677872075

Iteration: ,15000
Error:,0.045422835441544865
Absolute Error:,0.13562388784893417
Transition Probabilities
0.00037622272385252073,0.00037622272385252073,0.055685041769752634,0.9435625127825424
0.8125490879629069,0.1865368352546434,0.00045703839122486316,0.00045703839122486316
0.09843982947215217,0.08534828887644878,0.6773597284865848,0.13885215316481428
0.07194648221480006,0.09336480926263761,0.7134672612415773,0.12122144728098491

0.08052790939407684,0.07809223852465658,0.24654360080585364,0.594836251275413
0.1273742487926817,0.07507748833731995,0.5666998901341719,0.2308483727358264
0.0005249039424805054,0.8359126590144631,0.11563087482425902,0.04793156221879742
0.8673752476836841,0.0006698664820162255,0.09809780154424154,0.0338570842900582

Transition Gammas
1.0,1.0,148.01084102400247,2507.9891589759973
1777.8574044628392,408.1425955371595,1.0,1.0
113.97103768287651,98.8139973409699,784.2292246356099,160.75935996183728
121.47340920668053,157.63580555896917,1204.6078962084334,204.66855385960795

96.1605148822708,93.25201562220647,294.4042602472395,710.3097624621905
62.682933974280864,36.94684984610058,278.88220839935946,113.6042288251075
1.2275411792964432,1954.8666492889772,270.4145443718437,112.09282622937936
1754.9692287126688,1.3553477187917198,198.4822873078909,68.5033856588123

Iteration: ,17500
Error:,0.04475347943697697
Absolute Error:,0.1326627836647083
Transition Probabilities
0.0003257328990228011,0.0003257328990228011,0.053518518085895306,0.9458300161160591
0.8078503319948924,0.1913563320273209,0.00039666798889329626,0.00039666798889329626
0.09989037380206238,0.08690367579872685,0.6841709077861878,0.12903504261302293
0.07270210631906306,0.09161445034967906,0.7284230123383364,0.10726043099292146

0.07868816148402909,0.07881033342330802,0.2447820355730299,0.5977194695196331
0.1128670248827964,0.07378576243764833,0.5703170764356844,0.24303013624387088
0.00043620670324850816,0.8388205933801772,0.11255491492795144,0.048188284988622765
0.8700764332831372,0.0005992191704235031,0.0960971439986847,0.033227203547754734

Transition Gammas
1.0,1.0,164.30185052369868,2903.698149476303
2036.5906869591242,482.4093130408761,1.0,1.0
126.68152842825435,110.21172568671395,867.6693559706259,163.64295974518802
146.49289220634887,184.60078365157875,1467.7538138826108,216.1270360791806

104.0571180499476,104.21867805679207,323.6994319316893,790.4234160202141
81.09592503087273,53.015702905281195,409.77770896754123,174.61923648241586
1.253220249612653,2409.928471037852,323.36985546225816,138.44476504397693
1977.6128867584112,1.361976382868628,218.42098358574262,75.52272813439285

Iteration: ,20000
Error:,0.04485679341408789
Absolute Error:,0.12999631806171638
Transition Probabilities
0.0002869440459110471,0.0002869440459110471,0.052368371196042034,0.9470577407121359
0.7990424317429448,0.20026408698104964,0.00034674063800277404,0.00034674063800277404
0.09912669363052855,0.08995165299243732,0.6909160385032881,0.12000561487374617
0.07354537780006223,0.09261423674833162,0.7392666926234731,0.09457369282813306

0.07927836898098435,0.07746590150924534,0.2434597264843892,0.5997960030253809
0.10454493921842797,0.08183015607493632,0.5657183565388111,0.24790654816782468
0.00037287816355559836,0.8369978273641456,0.11437164566893514,0.04825764880336362
0.8717595981204518,0.0005485202740056047,0.09496077562691616,0.03273110597862628

Transition Gammas
1.0,1.0,182.50377361820662,3300.496226381796
2304.438373146652,577.561626853347,1.0,1.0
138.11355499335502,125.32994007265103,962.6556357794869,167.20422604988434
172.77468913362065,217.5717419936485,1736.7042882299586,222.17494650745263

113.47765039693749,110.8833166239615,348.4839317816464,858.5373540810393
98.8015803109875,77.33467346904672,534.6396301421053,234.2873687768674
1.2721879050508589,2855.6740957230713,390.2138513913982,164.64572917978666
2172.9250349977888,1.3672272013527522,236.69673055211192,81.58469348369115

Iteration: ,20562
Error:,0.04577824468148329
Absolute Error:,0.12993143429241322
Transition Probabilities
0.00027956388034665905,0.00027956388034665905,0.0522100356980924,0.9472308365412143
0.7979341500509589,0.20138857260396836,0.00033863867253640395,0.00033863867253640395
0.10100743629631494,0.0879416385986864,0.6935618610704584,0.11748906403454035
0.07324503814775295,0.09152422260129439,0.7431029026355304,0.09212783661542231

0.07953208937357144,0.07791533173818614,0.24325763017941557,0.5992949487088268
0.10601638207948916,0.08085452438405731,0.5615355097579312,0.2515935837785223
0.00036103555203020063,0.8372161051392017,0.11461654666635994,0.04780631264240803
0.8717790711554606,0.0005380564857773271,0.09499506466512302,0.03268780769363895


Model Num 3
Model States: 
"['diamond', 'x', 'square']","['diamond', 'x', 'diamond']","['square', 'y', 'diamond', 'x', 'square']","['square', 'x', 'square', 'y', 'diamond', 'x', 'diamond']","['square', 'x', 'square', 'y', 'diamond', 'x', 'square']"
Iteration: ,0
Error:,0.37844547415842356
Absolute Error:,1
Transition Probabilities
0.2,0.2,0.2,0.2,0.2
0.2,0.2,0.2,0.2,0.2
0.2,0.2,0.2,0.2,0.2
0.2,0.2,0.2,0.2,0.2
0.2,0.2,0.2,0.2,0.2

0.2,0.2,0.2,0.2,0.2
0.2,0.2,0.2,0.2,0.2
0.2,0.2,0.2,0.2,0.2
0.2,0.2,0.2,0.2,0.2
0.2,0.2,0.2,0.2,0.2

Transition Gammas
1.0,1.0,1.0,1.0,1.0
1.0,1.0,1.0,1.0,1.0
1.0,1.0,1.0,1.0,1.0
1.0,1.0,1.0,1.0,1.0
1.0,1.0,1.0,1.0,1.0

1.0,1.0,1.0,1.0,1.0
1.0,1.0,1.0,1.0,1.0
1.0,1.0,1.0,1.0,1.0
1.0,1.0,1.0,1.0,1.0
1.0,1.0,1.0,1.0,1.0

Iteration: ,2500
Error:,0.17293841434352414
Absolute Error:,1
Transition Probabilities
0.0018018018018018014,0.0018018018018018014,0.3477477477477477,0.47984102204230283,0.1688076266063459
0.7016732696420133,0.2915240092695514,0.002267573696145125,0.002267573696145125,0.002267573696145125
0.2,0.2,0.2,0.2,0.2
0.0950589433229767,0.14884877069021873,0.5505338863513423,0.13550353700874948,0.07005486262671268
0.019621080269033243,0.021511993870071904,0.8801174643803769,0.044563182867912735,0.034186278612605224

0.06069928575808008,0.10701026935829623,0.6344941091382786,0.09613801328462432,0.10165832246072076
0.07762788868918358,0.05360648358178383,0.036012066858959205,0.5724242715667145,0.2603292893033588
0.37291183631623953,0.44570015106546373,0.015772870662460563,0.1506745926599937,0.01494054929584229
0.2,0.2,0.2,0.2,0.2
0.2,0.2,0.2,0.2,0.2

Transition Gammas
1.0,1.0,193.0,266.3117672334781,93.68823276652199
309.4379119121278,128.56208808787213,1.0,1.0,1.0
1.0,1.0,1.0,1.0,1.0
45.86468953312252,71.81757356483995,265.6253571973431,65.37867388690073,33.80054955737237
2.350725586506224,2.577268616904479,105.44346255568682,5.338942236992324,4.095725553343408

1.494771212567826,2.635218324041274,15.624953688314472,2.3674798294012915,2.503422108422335
6.010919148758134,4.150882422546559,2.7885032805102905,44.32422513706366,20.157939839399397
236.4261042244959,282.57389577550407,10.0,95.52769174643602,9.472308253564014
1.0,1.0,1.0,1.0,1.0
1.0,1.0,1.0,1.0,1.0

Iteration: ,5000
Error:,0.1654106346882827
Absolute Error:,1
Transition Probabilities
0.000895255147717099,0.000895255147717099,0.3509400179051028,0.4936974890609427,0.15357198273852035
0.7282721484676379,0.26830709896679766,0.0011402508551881414,0.0011402508551881414,0.0011402508551881414
0.2,0.2,0.2,0.2,0.2
0.09500271501083753,0.13432021639181096,0.5318072595696732,0.17088551440939492,0.06798429461828351
0.011151125668338861,0.01222577675299049,0.9318679093197862,0.025326314633426893,0.019428873625457574

0.07692691965206312,0.09613040449198043,0.6381447738251207,0.10856609039769628,0.08023181163313942
0.0972093856662655,0.04237815622163674,0.021564953287304886,0.6315650877122841,0.2072824171125087
0.3598363010562532,0.4701168970716719,0.014040561622464899,0.14463035973172655,0.011375880517883444
0.2,0.2,0.2,0.2,0.2
0.2,0.2,0.2,0.2,0.2

Transition Gammas
1.0,1.0,392.0,551.4600952810732,171.5399047189273
638.6946742061184,235.30532579388154,1.0,1.0,1.0
1.0,1.0,1.0,1.0,1.0
99.16253694813273,140.20160812577512,555.0931572886848,178.36796700588212,70.96107859874569
2.350725586506224,2.577268616904479,196.44346255568684,5.338942236992324,4.095725553343408

3.665754067961903,4.580846638798823,30.409144304471408,5.173437196213035,3.8232401765777206
14.740891743164152,6.42624998457152,3.270122937983644,95.77092297127373,31.43243473842099
461.3101379541166,602.6898620458834,18.0,185.41612117607343,14.583878823926575
1.0,1.0,1.0,1.0,1.0
1.0,1.0,1.0,1.0,1.0

Iteration: ,7500
Error:,0.17060566671006935
Absolute Error:,1
Transition Probabilities
0.0006090133982947622,0.0006090133982947622,0.34774665042630926,0.49306638379091267,0.15796893898618863
0.7137048991149203,0.28407780598485793,0.0007390983000739098,0.0007390983000739098,0.0007390983000739098
0.2,0.2,0.2,0.2,0.2
0.09228707259654877,0.1316626761750779,0.5174923999213576,0.1980791368757882,0.06047871443122751
0.007712199320079556,0.00845543579780169,0.9528793523588889,0.01751586273039752,0.013437149792832215

0.09287300749534118,0.1553075001235041,0.5482928989613451,0.1405987403115623,0.06292785310824721
0.08573555174188953,0.036238636205782646,0.01636522639130718,0.6878041806372626,0.1738564050237581
0.3473838506685334,0.4767631309587632,0.013123359580052492,0.15242389444044757,0.010305764352203386
0.2,0.2,0.2,0.2,0.2
0.2,0.2,0.2,0.2,0.2

Transition Gammas
1.0,1.0,571.0,809.6150021846789,259.38499781532187
965.6427285024871,384.3572714975128,1.0,1.0,1.0
1.0,1.0,1.0,1.0,1.0
150.9065312566431,215.2929678938662,846.1963396022601,323.8962361598721,98.89394855524903
2.350725586506224,2.577268616904479,290.44346255568684,5.338942236992324,4.095725553343408

6.4897685714596465,10.85255835247978,38.31354361828256,9.824741447148304,4.397264763842369
19.29052770118434,8.15370521770652,3.6821813894435977,154.75616975694868,39.117749043428695
661.7662355235561,908.233764476444,25.0,290.36751890905265,19.632481090947454
1.0,1.0,1.0,1.0,1.0
1.0,1.0,1.0,1.0,1.0

Iteration: ,10000
Error:,0.16867853615403097
Absolute Error:,1
Transition Probabilities
0.0004591368227731863,0.0004591368227731863,0.3471074380165289,0.49288644027214,0.15908784806578471
0.7140662088037617,0.284228276699365,0.0005685048322910744,0.0005685048322910744,0.0005685048322910744
0.2,0.2,0.2,0.2,0.2
0.09392521646673982,0.1289750880272205,0.49656915745867347,0.21355191681736285,0.06697862123000332
0.005559819146449909,0.006095627445441964,0.9660301467745952,0.012627400425388373,0.009687006208124469

0.09296473052506324,0.15328976801956937,0.5242767774580854,0.1671053444621863,0.06236337953509566
0.07859442163811584,0.03328671438171508,0.01375081048090441,0.7202467304963189,0.15412132300294568
0.3545357878183231,0.4664008513001342,0.011806375442739079,0.15677949206457067,0.010477493374232982
0.2,0.2,0.2,0.2,0.2
0.2,0.2,0.2,0.2,0.2

Transition Gammas
1.0,1.0,756.0,1073.5066669127211,346.4933330872792
1256.042461285817,499.95753871418304,1.0,1.0,1.0
1.0,1.0,1.0,1.0,1.0
210.91935508283066,289.62767839971633,1115.1003999261097,479.55420563518777,150.40782577458398
2.350725586506224,2.577268616904479,408.44346255568684,5.338942236992324,4.095725553343408

8.020680770096535,13.225319835414886,45.23281725678283,14.417280783133892,5.38050028403536
23.569803803582648,9.982404741845313,4.123752022344353,215.9959164294841,46.219684163517236
900.8754368463591,1185.124563153641,30.0,398.3766893360741,26.62331066392601
1.0,1.0,1.0,1.0,1.0
1.0,1.0,1.0,1.0,1.0

Iteration: ,12500
Error:,0.16922344345319115
Absolute Error:,1
Transition Probabilities
0.0003696857670979666,0.0003696857670979666,0.34454713493530487,0.5014895245969188,0.15322396893358028
0.7165695364433899,0.2820778936738326,0.0004508566275924256,0.0004508566275924256,0.0004508566275924256
0.2,0.2,0.2,0.2,0.2
0.09333387070209112,0.1291519320094147,0.4970919538466933,0.21659686472799125,0.06382537871380967
0.004601991780305548,0.0050454927868725345,0.9718823614215367,0.01045199338927591,0.008018160622009229

0.08191859219876964,0.1462499834788507,0.5463680017717835,0.17054294135876927,0.0549204811918269
0.07250879730167761,0.029364472246884987,0.010766809265628612,0.7386464242231248,0.14871349696268413
0.34509657888581524,0.4754405459167125,0.010742496050552922,0.15920045322503995,0.009519925921879542
0.2,0.2,0.2,0.2,0.2
0.2,0.2,0.2,0.2,0.2

Transition Gammas
1.0,1.0,932.0,1356.5291640346657,414.4708359653348
1589.351231831439,625.6487681685608,1.0,1.0,1.0
1.0,1.0,1.0,1.0,1.0
267.1687416166513,369.6981480865718,1422.9285764959498,620.0097708600973,182.70051360671448
2.350725586506224,2.577268616904479,496.44346255568684,5.338942236992324,4.095725553343408

8.268186903057213,14.761266832297062,55.14587879559348,17.213197594142844,5.543220300930456
28.258751781320125,11.444174545631137,4.196133460169489,287.8716339678969,57.95790240067
1092.2306721736052,1504.769327826395,34.0,503.86943445725143,30.13056554274875
1.0,1.0,1.0,1.0,1.0
1.0,1.0,1.0,1.0,1.0

Iteration: ,15000
Error:,0.16921095498022276
Absolute Error:,1
Transition Probabilities
0.00030693677102516874,0.00030693677102516874,0.3416206261510128,0.5002649257002534,0.15750057460668343
0.7129603954954692,0.28591558801895567,0.000374672161858374,0.000374672161858374,0.000374672161858374
0.2,0.2,0.2,0.2,0.2
0.09224444133233929,0.1308316939389915,0.49522162528447283,0.21799714989624058,0.06370508954795596
0.003732459077288183,0.004092161883545148,0.9771951058684583,0.008477120226183623,0.006503152944524812

0.0826793494066854,0.15008466748472274,0.5535765780918386,0.16269810221344996,0.0509613028033032
0.06881485341616067,0.029149586452248948,0.009357095823178454,0.757075165499805,0.13560329880860691
0.351754678391873,0.4723169571098388,0.010007900974453515,0.156707130985219,0.009213332538615702
0.2,0.2,0.2,0.2,0.2
0.2,0.2,0.2,0.2,0.2

Transition Gammas
1.0,1.0,1113.0,1629.8631279314259,513.1368720685748
1902.891295577407,763.1087044225925,1.0,1.0,1.0
1.0,1.0,1.0,1.0,1.0
317.12776647210205,449.78713387348824,1702.5256553870054,749.4538233995678,219.0121428397207
2.350725586506224,2.577268616904479,615.4434625556869,5.338942236992324,4.095725553343408

10.015865488606872,18.18141836161718,67.06086324577204,19.70942343784047,6.173507141322242
31.945607123241448,13.531980239455404,4.343802131991225,351.4535685131612,62.95050404536572
1335.6125138539421,1793.387486146058,38.0,595.0169763508766,34.98302364912382
1.0,1.0,1.0,1.0,1.0
1.0,1.0,1.0,1.0,1.0

Iteration: ,17500
Error:,0.1700555060318558
Absolute Error:,1
Transition Probabilities
0.0002632271650434325,0.0002632271650434325,0.33982627007107136,0.5053601865442564,0.1542870890545854
0.7135839013701334,0.2854615965617788,0.0003181673560292714,0.0003181673560292714,0.0003181673560292714
0.2,0.2,0.2,0.2,0.2
0.09370208089794513,0.13183234930049062,0.49046263444425164,0.2202334430923312,0.06376949226498138
0.0032522214556103364,0.003565643025660635,0.9801293023039899,0.0073864097932490455,0.005666423421490112

0.08326637607617196,0.14377073704373727,0.5478063220634216,0.17051980503734782,0.05463675977932123
0.06645413966992762,0.02967695768604709,0.008257417966370048,0.7737424962928954,0.12186898838475983
0.3465204809572625,0.4785192827328079,0.00977050670302204,0.15613241571262368,0.00905731389428385
0.2,0.2,0.2,0.2,0.2
0.2,0.2,0.2,0.2,0.2

Transition Gammas
1.0,1.0,1291.0,1919.8633486816298,586.1366513183699
2242.794202006329,897.2057979936707,1.0,1.0,1.0
1.0,1.0,1.0,1.0,1.0
380.15863157673573,534.8569106187247,1989.8555310945753,893.5089119803056,258.7191520559944
2.350725586506224,2.577268616904479,708.4434625556869,5.338942236992324,4.095725553343408

11.250452754323646,19.425438703915503,74.01630088063833,23.039612153820514,7.382190909620806
36.01987031295962,16.08568213273162,4.475735082056112,419.38853637296785,66.05615810533315
1525.0366366929122,2105.9633633070875,43.0,687.1387615512568,39.86123844874322
1.0,1.0,1.0,1.0,1.0
1.0,1.0,1.0,1.0,1.0

Iteration: ,20000
Error:,0.16788063008651052
Absolute Error:,1
Transition Probabilities
0.00022909507445589925,0.00022909507445589925,0.34226804123711346,0.5074444789919993,0.14982928962197545
0.7162405872562859,0.28292838781296614,0.0002770083102493075,0.0002770083102493075,0.0002770083102493075
0.2,0.2,0.2,0.2,0.2
0.09267142871352303,0.1292322924770331,0.49407360180193055,0.22233681699580224,0.06168586001171099
0.002942798651965959,0.0032264006718253292,0.9820198399181682,0.006683652106452933,0.005127308651587521

0.0971149339700129,0.1406555118279231,0.5484665547977527,0.1616270945078719,0.052135904896439475
0.06984677495055215,0.03292547819687617,0.007598843721386131,0.7776188353970694,0.11201006773411612
0.34494795494398095,0.4815097999152019,0.010313367711225704,0.15435981715578292,0.00886906027380852
0.2,0.2,0.2,0.2,0.2
0.2,0.2,0.2,0.2,0.2

Transition Gammas
1.0,1.0,1494.0,2214.9951508000763,654.0048491999227
2585.628519995192,1021.3714800048077,1.0,1.0,1.0
1.0,1.0,1.0,1.0,1.0
430.38881984489046,600.1864287317678,2294.598856929216,1032.5866516065594,286.4842471958488
2.350725586506224,2.577268616904479,784.4434625556869,5.338942236992324,4.095725553343408

14.866357212575135,21.531550270086786,83.95927783147648,24.741880820581127,7.9809659967502045
42.321054294475836,19.94996836186151,4.604236601270264,471.169198242077,67.86833266760544
1739.227588827552,2427.772411172448,52.0,778.2821980994576,44.71780190054256
1.0,1.0,1.0,1.0,1.0
1.0,1.0,1.0,1.0,1.0

Iteration: ,22500
Error:,0.16812674535299385
Absolute Error:,1
Transition Probabilities
0.00020350020350020357,0.00020350020350020357,0.3410663410663412,0.5086474367827678,0.1498792217438905
0.7197193576780312,0.2795393524776396,0.0002470966147763777,0.0002470966147763777,0.0002470966147763777
0.2,0.2,0.2,0.2,0.2
0.0934318764287655,0.12834488137080008,0.4922228541753726,0.2248765577181661,0.0611238303068956
0.0026009179653192892,0.002851572419017743,0.9841086914509386,0.005907176430845609,0.004531641733878729

0.09993799189519124,0.1319609924953262,0.5605350559906226,0.15848973359545762,0.04907622602340236
0.06808607270246074,0.03388902113649545,0.007075784782448606,0.7784757053230627,0.11247341605553253
0.34416512512557423,0.482680039574091,0.010040514356174033,0.1545124990520957,0.008601821892064956
0.2,0.2,0.2,0.2,0.2
0.2,0.2,0.2,0.2,0.2

Transition Gammas
1.0,1.0,1676.0,2499.49350435052,736.5064956494778
2912.704240522991,1131.295759477007,1.0,1.0,1.0
1.0,1.0,1.0,1.0,1.0
490.02017566249816,673.1276703262173,2581.5507371513377,1179.4053007107054,320.57485313361656
2.350725586506224,2.577268616904479,889.4434625556869,5.338942236992324,4.095725553343408

17.097621943748052,22.57619067804608,95.89762903777597,27.114788836485193,8.396073836004684
46.12990640451831,22.960604292730455,4.794009652741687,527.4354945052715,76.2033694954276
1953.8254153378853,2740.174584662115,57.0,877.1674571187474,48.83254288125276
1.0,1.0,1.0,1.0,1.0
1.0,1.0,1.0,1.0,1.0

Iteration: ,25000
Error:,0.16788703369715877
Absolute Error:,1
Transition Probabilities
0.0001825150574922433,0.0001825150574922433,0.3407556123380182,0.5079473995610814,0.15093195798591588
0.7196588641865976,0.27967328185080226,0.00022261798753339283,0.00022261798753339283,0.00022261798753339283
0.2,0.2,0.2,0.2,0.2
0.09331029340265841,0.1256666477532374,0.4939918089832812,0.22544796962403993,0.0615832802367831
0.002302812972976426,0.002524738591318741,0.9859300785444584,0.005230123633269582,0.0040122462579769425

0.10463394191249656,0.12248089165815038,0.562629562578678,0.15934377818617718,0.05091182566449781
0.06705195407934261,0.033437146497807976,0.006638114150991706,0.7817569264182389,0.11111585885361885
0.3462481786617161,0.48281975182801545,0.00995260663507109,0.15267983006787145,0.008299632807326002
0.2,0.2,0.2,0.2,0.2
0.2,0.2,0.2,0.2,0.2

Transition Gammas
1.0,1.0,1867.0,2783.0438021951622,826.9561978048323
3232.7076179261944,1256.292382073803,1.0,1.0,1.0
1.0,1.0,1.0,1.0,1.0
542.0876444365698,730.0624034138106,2869.8533284761656,1309.7435914076905,357.76905315447027
2.350725586506224,2.577268616904479,1006.4434625556869,5.338942236992324,4.095725553343408

19.68543090047456,23.043087981731396,105.85098080285573,29.978330908413483,9.578356772352304
49.713294002214944,24.790786745360084,4.921594380650293,579.6059556341994,82.38291389632131
2191.750970928663,3056.2490290713376,63.0,966.4633243296263,52.5366756703736
1.0,1.0,1.0,1.0,1.0
1.0,1.0,1.0,1.0,1.0

Iteration: ,27500
Error:,0.1671553209954479
Absolute Error:,1
Transition Probabilities
0.00016542597187758486,0.00016542597187758486,0.343093465674111,0.5056333134665576,0.15094236891557622
0.7217483845498757,0.2776419832615448,0.00020321072952651908,0.00020321072952651908,0.00020321072952651908
0.2,0.2,0.2,0.2,0.2
0.09432155060458339,0.12591596066537566,0.49196521368201185,0.22667550007559614,0.061121774972432916
0.0020954829315541303,0.0022974278357943746,0.9871968411658343,0.0047592379112181065,0.0036510101555992415

0.097547745598247,0.11817506746151939,0.5676354563489897,0.16143997514751735,0.05520175544372659
0.06680630908401378,0.03345895193314982,0.006267762497860973,0.7890760904540183,0.10439088603095716
0.3476092719314639,0.48025840671668185,0.010740369468709727,0.1532779461966023,0.00811400568654241
0.2,0.2,0.2,0.2,0.2
0.2,0.2,0.2,0.2,0.2

Transition Gammas
1.0,1.0,2074.0,3056.553379905339,912.4466200946578
3551.7238003699367,1366.2761996300615,1.0,1.0,1.0
1.0,1.0,1.0,1.0,1.0
603.432537220095,805.5612649896483,3147.4017890216583,1450.1815466295363,391.033305905158
2.350725586506224,2.577268616904479,1107.443462555687,5.338942236992324,4.095725553343408

20.071352680145715,24.31561531712931,116.7962557029178,33.21777103086646,11.358272764574286
53.89646556584834,26.993247725549086,5.056562026440626,636.592754802644,84.21809064889966
2427.355545897412,3353.6444541025885,75.0,1070.3398982908734,56.660101709125634
1.0,1.0,1.0,1.0,1.0
1.0,1.0,1.0,1.0,1.0

Iteration: ,30000
Error:,0.16855384651118385
Absolute Error:,1
Transition Probabilities
0.0001514004542013627,0.0001514004542013627,0.34367903103709335,0.5036162274441658,0.15240194061033827
0.7229516156793219,0.2764861654301235,0.00018740629685157432,0.00018740629685157432,0.00018740629685157432
0.2,0.2,0.2,0.2,0.2
0.09547828550557605,0.12477506737840563,0.49091282147835663,0.22738086358496565,0.06145296205269604
0.001894514815809625,0.002077092114483516,0.9884247331556638,0.004302801325171588,0.0033008585888715416

0.09236630870979076,0.12070487430674438,0.5683533866191276,0.16214876065798892,0.05642666970634828
0.06690581834482966,0.03345860718434404,0.0059593017768215,0.7904034437015884,0.10327282899241627
0.3498448175070116,0.4780572895470391,0.010862452558565635,0.15318764796523102,0.008047792422152748
0.2,0.2,0.2,0.2,0.2
0.2,0.2,0.2,0.2,0.2

Transition Gammas
1.0,1.0,2270.0,3326.3851822687125,1006.6148177312836
3857.6698212648594,1475.3301787351381,1.0,1.0,1.0
1.0,1.0,1.0,1.0,1.0
665.4148375392238,869.5922926234216,3421.308558487524,1584.680742859402,428.2828555631185
2.350725586506224,2.577268616904479,1226.443462555687,5.338942236992324,4.095725553343408

20.759628140928154,27.128812880013626,127.73927120895753,36.44346106055228,12.682077444658114
58.65660496985921,29.333297955325357,5.224544275321781,692.9499363578626,90.5397121533916
2673.164250571075,3652.8357494289253,83.0,1170.50681810233,61.49318189766914
1.0,1.0,1.0,1.0,1.0
1.0,1.0,1.0,1.0,1.0

Iteration: ,32500
Error:,0.16679162629605843
Absolute Error:,1
Transition Probabilities
0.00013997760358342673,0.00013997760358342673,0.3433650615901458,0.5040122492950008,0.15234273390768654
0.7213900376051616,0.27809155907705707,0.000172801105927078,0.000172801105927078,0.000172801105927078
0.2,0.2,0.2,0.2,0.2
0.09511016601141303,0.12369890212557283,0.4898386197004904,0.23018058569397773,0.06117172646854597
0.0017545266762359036,0.0019236131031802794,0.9892800445298932,0.003984861793931395,0.0030569538967593316

0.09087926535154033,0.11046501380578953,0.5728656378428071,0.1729609526452956,0.05282913035456754
0.06811762381333263,0.03400511100568904,0.005632003022786367,0.7918783380909403,0.10036692406725167
0.3501745365883333,0.47838307434142135,0.010639584088985613,0.15279864923481745,0.00800415574644233
0.2,0.2,0.2,0.2,0.2
0.2,0.2,0.2,0.2,0.2

Transition Gammas
1.0,1.0,2453.0,3600.6635089634833,1088.336491036512
4174.684147621069,1609.3158523789289,1.0,1.0,1.0
1.0,1.0,1.0,1.0,1.0
720.7406200371454,937.3847944414388,3711.975336460942,1744.2982702152265,463.556630301664
2.350725586506224,2.577268616904479,1325.443462555687,5.338942236992324,4.095725553343408

22.318800310201272,27.128812880013626,140.68856879654547,42.47702651006413,12.974167499970893
64.36474318406128,32.13162929500591,5.321712765067841,748.2504968746206,94.83729657784103
2896.2935921221047,3956.706407877896,88.0,1263.7976278211752,66.20237217882452
1.0,1.0,1.0,1.0,1.0
1.0,1.0,1.0,1.0,1.0

Iteration: ,35000
Error:,0.17098259234975227
Absolute Error:,1
Transition Probabilities
0.00013020833333333339,0.00013020833333333339,0.34479166666666683,0.5037624489367889,0.15118546772987762
0.7212689255340045,0.2782489143888499,0.00016072002571520416,0.00016072002571520416,0.00016072002571520416
0.2,0.2,0.2,0.2,0.2
0.09523613446684764,0.12479931049615002,0.48681652596947345,0.23051391113757894,0.06263411792994987
0.0016236466655628946,0.0017801199851302896,0.9900797062878732,0.003687608545414765,0.0028289185160188662

0.09074770031873802,0.11051430229651406,0.5712566906835009,0.1763376385710098,0.05114366813023705
0.06737350679266203,0.0338478937349753,0.005348222848529449,0.7945709490083531,0.09885942761548014
0.3493436560892631,0.47715830909883333,0.009994385176866925,0.15525457742284893,0.00824907221218761
0.2,0.2,0.2,0.2,0.2
0.2,0.2,0.2,0.2,0.2

Transition Gammas
1.0,1.0,2648.0,3868.8956078345373,1161.1043921654596
4487.735254672574,1731.2647453274237,1.0,1.0,1.0
1.0,1.0,1.0,1.0,1.0
779.5811248373161,1021.5784943411142,3984.9682794169657,1886.9339368014694,512.7085048377402
2.350725586506224,2.577268616904479,1433.443462555687,5.338942236992324,4.095725553343408

23.29888054279366,28.373826757403776,146.6664317526323,45.27353929448221,13.130803426438245
69.01016331299189,34.67013646239131,5.478143409502478,813.8728940378918,101.26094914086075
3110.9052574748894,4249.094742525112,89.0,1382.5420119504702,73.45798804953068
1.0,1.0,1.0,1.0,1.0
1.0,1.0,1.0,1.0,1.0

Iteration: ,37500
Error:,0.16922593655925086
Absolute Error:,1
Transition Probabilities
0.00012118274357731468,0.00012118274357731468,0.34440135724672827,0.5044757917604984,0.15088048550561878
0.7213541523323058,0.27819728307439273,0.00014952153110047852,0.00014952153110047852,0.00014952153110047852
0.2,0.2,0.2,0.2,0.2
0.09613538919588265,0.12570074759578156,0.4878053516024674,0.2280118072032576,0.06234670440261069
0.001513856462401781,0.0016597491316904143,0.9907505117563122,0.0034382542370133213,0.0026376284125823085

0.09198740269030628,0.10833272074940963,0.5723872545788476,0.17411925297078518,0.05317336901065129
0.06634525664269132,0.03379594604004337,0.0050716263692307285,0.7995844658884217,0.09520270505961297
0.3489885467048063,0.47790027232484894,0.010478885046631036,0.15434474470440201,0.008287551219311766
0.2,0.2,0.2,0.2,0.2
0.2,0.2,0.2,0.2,0.2

Transition Gammas
1.0,1.0,2842.0,4162.93423360763,1245.0657663923653
4824.41657079846,1860.5834292015381,1.0,1.0,1.0
1.0,1.0,1.0,1.0,1.0
841.7311848890016,1100.5961498698762,4271.069998613231,1996.3995595297438,545.8881043671007
2.350725586506224,2.577268616904479,1538.443462555687,5.338942236992324,4.095725553343408

24.851735806308227,29.267661402582526,154.6387484988815,47.04085067158552,14.36555963030032
72.63288762354361,36.998834205703936,5.552271357224688,875.3621825472676,104.22519601201941
3330.397701203967,4560.602298796034,100.0,1472.9118987141087,79.0881012858922
1.0,1.0,1.0,1.0,1.0
1.0,1.0,1.0,1.0,1.0

Iteration: ,40000
Error:,0.16959693356918315
Absolute Error:,1
Transition Probabilities
0.00011348161597821153,0.00011348161597821153,0.34521107580571947,0.5051938962493007,0.1493680647130234
0.7220014412349861,0.27757973983439826,0.00013960631020522134,0.00013960631020522134,0.00013960631020522134
0.2,0.2,0.2,0.2,0.2
0.09622128960743646,0.12544550061965032,0.489514855408655,0.22728388515458847,0.061534469209669755
0.0014388032650780405,0.0015774629426213171,0.9912090781287117,0.0032677942362743214,0.0025068614273146494

0.09034119341760051,0.10942828337014747,0.5751604565466407,0.17271797429615998,0.05235209236945121
0.06633192657861998,0.03420243024584853,0.0048277050174023745,0.8039013539216945,0.09073658423643464
0.3472683310393112,0.4801722503788777,0.01070516597917894,0.15383407278620653,0.008020179816425587
0.2,0.2,0.2,0.2,0.2
0.2,0.2,0.2,0.2,0.2

Transition Gammas
1.0,1.0,3042.0,4451.768613748837,1316.2313862511623
5171.696323566203,1988.3036764337942,1.0,1.0,1.0
1.0,1.0,1.0,1.0,1.0
898.8253875407576,1171.8155220088358,4572.671821534574,2123.1114963154014,574.8077515916154
2.350725586506224,2.577268616904479,1619.443462555687,5.338942236992324,4.095725553343408

26.01074174016286,31.506234422355313,165.59832263046263,49.72839579985291,15.07304367659209
77.26117900424289,39.83783107027028,5.623147114340402,936.3570396750181,105.68689677082783
3535.886146642268,4889.113853357734,109.0,1566.3385291091554,81.66147089084537
1.0,1.0,1.0,1.0,1.0
1.0,1.0,1.0,1.0,1.0

Iteration: ,42500
Error:,0.16855860867149353
Absolute Error:,1
Transition Probabilities
0.00010689470871191876,0.00010689470871191876,0.34612506680919297,0.5051491855085266,0.14851195826485658
0.722007491111822,0.2775978239782977,0.0001315616366267597,0.0001315616366267597,0.0001315616366267597
0.2,0.2,0.2,0.2,0.2
0.0966807562307769,0.12477420913737523,0.4883842869762087,0.22883220058842182,0.06132854706721728
0.0013621029344301015,0.0014933708834631368,0.9916777082955966,0.003093593284347739,0.002373224602162485

0.09613933415270731,0.1097746944736597,0.5713743534480733,0.17064795776146632,0.05206366016409336
0.065909700113874,0.03418682520644429,0.004603988307618804,0.8073290750428671,0.08797041132919585
0.3471140693884567,0.48007380603895283,0.010904722299232969,0.15391931083253876,0.007988091440818619
0.2,0.2,0.2,0.2,0.2
0.2,0.2,0.2,0.2,0.2

Transition Gammas
1.0,1.0,3238.0,4725.670630432266,1389.3293695677332
5487.9789399409565,2110.02106005904,1.0,1.0,1.0
1.0,1.0,1.0,1.0,1.0
961.7395960441089,1241.2014776349265,4858.241962336529,2276.3267141857027,610.0706529602173
2.350725586506224,2.577268616904479,1711.443462555687,5.338942236992324,4.095725553343408

