0,1,2,3,4,5,6,7,8,9,10,11,12,13,14,15,16,17,18,19,20,21,22,23,24,25,26,27,28,29
github Code Version (SHA):,528ca1c557fe8e6666681dc5c9134b0f84d30530
Environment Observations,Environment Actions,alpha,epsilon,numActions,explore,patience,gainThresh,insertRandActions,useUpdatedPosterior,revisedSplitting,haveControl,confidence_factor
"['diamond', 'square']","['x', 'y']",0.8,0.99,75000,0.5,0,0.01,False,True,False,True,250

Model Num 0
Model States: 
['diamond'],['square']
Iteration: ,0
Error:,0.453937440395256
Absolute Error:,1
Transition Probabilities
0.5,0.5
0.5,0.5

0.5,0.5
0.5,0.5

Transition Gammas
1.0,1.0
1.0,1.0

1.0,1.0
1.0,1.0

Iteration: ,2423
Error:,0.07793294820447302
Absolute Error:,1
Transition Probabilities
0.4776386404293381,0.5223613595706619
0.15193798449612403,0.8480620155038759

0.164,0.836
0.8427586206896551,0.15724137931034482


Model Num 1
Model States: 
['square'],"['diamond', 'x', 'square']","['diamond', 'x', 'diamond']"
Iteration: ,0
Error:,0.5204425641912273
Absolute Error:,1
Transition Probabilities
0.3333333333333333,0.3333333333333333,0.3333333333333333
0.3333333333333333,0.3333333333333333,0.3333333333333333
0.3333333333333333,0.3333333333333333,0.3333333333333333

0.3333333333333333,0.3333333333333333,0.3333333333333333
0.3333333333333333,0.3333333333333333,0.3333333333333333
0.3333333333333333,0.3333333333333333,0.3333333333333333

Transition Gammas
1.0,1.0,1.0
1.0,1.0,1.0
1.0,1.0,1.0

1.0,1.0,1.0
1.0,1.0,1.0
1.0,1.0,1.0

Iteration: ,2500
Error:,0.0544988403082108
Absolute Error:,1
Transition Probabilities
0.844671201814059,0.09129032352796758,0.06403847465797345
0.9957716701902748,0.0021141649048625794,0.0021141649048625794
0.002967359050445105,0.7992734241628531,0.19775921678670172

0.1357615894039735,0.3292406794409661,0.5349977311550603
0.8346386327689032,0.07395341966054092,0.09140794757055597
0.8646225031160929,0.10017209627637827,0.03520540060752875

Transition Gammas
745.0,80.5180653516674,56.48193464833259
471.0,1.0,1.0
1.0,269.3551439428814,66.64485605711846

82.0,198.86137038234352,323.1386296176564
54.39520837549412,4.819704617757978,5.957254025950817
83.94493377812503,9.725562263335483,3.4180408351395326

Iteration: ,2918
Error:,0.05684377732273696
Absolute Error:,1
Transition Probabilities
0.8455882352941176,0.09054061183968348,0.06387115286619886
0.9964601769911504,0.0017699115044247787,0.0017699115044247787
0.002463054187192119,0.8005173472772593,0.1970195985355486

0.14666666666666667,0.337578098571185,0.5157552347621484
0.862760202412936,0.05659626660534537,0.0806435309817186
0.849644332337745,0.11833810238589694,0.03201756527635815


Model Num 2
Model States: 
"['diamond', 'x', 'square']","['diamond', 'x', 'diamond']","['square', 'y', 'diamond', 'x', 'diamond']","['square', 'y', 'diamond', 'x', 'square']"
Iteration: ,0
Error:,0.4535768041629095
Absolute Error:,0.55
Transition Probabilities
0.25,0.25,0.25,0.25
0.25,0.25,0.25,0.25
0.25,0.25,0.25,0.25
0.25,0.25,0.25,0.25

0.25,0.25,0.25,0.25
0.25,0.25,0.25,0.25
0.25,0.25,0.25,0.25
0.25,0.25,0.25,0.25

Transition Gammas
1.0,1.0,1.0,1.0
1.0,1.0,1.0,1.0
1.0,1.0,1.0,1.0
1.0,1.0,1.0,1.0

1.0,1.0,1.0,1.0
1.0,1.0,1.0,1.0
1.0,1.0,1.0,1.0
1.0,1.0,1.0,1.0

Iteration: ,2500
Error:,0.06599227131392214
Absolute Error:,0.19059479090398285
Transition Probabilities
0.0012106537530266347,0.0012106537530266347,0.24568328105365372,0.751895411440293
0.7492403817170527,0.2457596182829473,0.0024999999999999996,0.0024999999999999996
0.10465990956038226,0.09585101953482512,0.7035177608813302,0.09597131002346247
0.03838059077615318,0.08987970774265663,0.7150482914411896,0.15669141004000064

0.09077237323513726,0.13930139563438868,0.1982707840223344,0.5716554471081398
0.06950473866030661,0.06950473866030661,0.3145481955227901,0.5464423271565967
0.0034297578838860428,0.9522258401296185,0.030147568095812885,0.014196833890682485
0.8315215962270859,0.0016693358289552854,0.04075745734246571,0.12605161060149303

Transition Gammas
1.0,1.0,202.9343901503179,621.0656098496819
299.6961526868211,98.30384731317893,1.0,1.0
6.406434178788693,5.867225093151548,43.06367402405181,5.874588305111375
4.071159141858288,9.533844749242881,75.84759196514695,16.620788099785248

3.14322436087157,4.82366522606163,6.865630325360576,19.795024227478184
1.0,1.0,4.525564754082374,7.861943483123459
1.0250887224481158,284.60200486064014,9.010528763400378,4.243160831900681
546.3990292702081,1.0969329968166552,26.782028546812825,82.82945143350513

Iteration: ,5000
Error:,0.05599970909535274
Absolute Error:,0.1688291839636508
Transition Probabilities
0.0006191950464396285,0.0006191950464396285,0.24915816874909844,0.7496034411580222
0.7329324638348795,0.2646014449197444,0.0012330456226880395,0.0012330456226880395
0.11126213702500982,0.07806271371485415,0.6861463699698448,0.12452877929029117
0.04655815736641084,0.07044888369383707,0.7899236766481805,0.09306928229157152

0.08415374653597105,0.1261892284637574,0.20539130784823836,0.5842657171520331
0.04079473321511587,0.04079473321511587,0.498494713523725,0.4199158200460434
0.0017195045040759949,0.9545305636471357,0.02595222262546269,0.017797709223325638
0.8351581435020032,0.0008715475219622428,0.02980705699438398,0.13416325198165044

Transition Gammas
1.0,1.0,402.3904425297939,1210.6095574702058
594.4082281700873,214.59177182991272,1.0,1.0
19.77783563186239,13.876342501694628,121.96862731130372,22.13609943233634
10.496884192131748,15.883226816288714,178.09419065155942,20.983164569228663

6.2296454209926635,9.341404056702613,15.204492647294687,43.251410653991016
1.0,1.0,12.219585084552417,10.29338316374747
1.0276250193045713,570.4547365648189,15.509789717485358,10.636419527162134
1059.4481213963006,1.1056102272782118,37.81203689714943,170.1941199739222

Iteration: ,7500
Error:,0.05528762029249576
Absolute Error:,0.16332461943206836
Transition Probabilities
0.00042194092827004253,0.00042194092827004253,0.247001751870524,0.752154366272936
0.7282078742042348,0.27014196077926356,0.0008250825082508254,0.0008250825082508254
0.09665282338832307,0.07155774793695846,0.6802110953532176,0.151578333321501
0.044088960137699446,0.06519852057179265,0.8248799322719036,0.06583258701860434

0.08772984358985544,0.08617532028187715,0.2005737556109721,0.6255210805172953
0.09857425180684198,0.06907315864772418,0.4648400030141136,0.36751258653132024
0.0011531069245623682,0.9589448978630865,0.02276632194012594,0.017135673272225222
0.8356558350221696,0.00059492458559296,0.023204483858011278,0.1405447565342263

Transition Gammas
1.0,1.0,585.3941519331414,1782.6058480668569
882.5879435355323,327.4120564644673,1.0,1.0
30.45570083540748,22.548139694456115,214.33730437206478,47.76295415832659
16.128926982953136,23.851371736023964,301.7632567373834,24.0833302896171

11.127064107401448,10.929898812257523,25.43942797139136,79.33689242610032
3.7815467216126732,2.6498134335076275,17.832386827717595,14.09867172486563
1.0296337074365742,856.2623026384863,20.32853325618776,15.300807258094638
1562.1560691671054,1.1121385301595028,43.37793595340692,262.7311809576848

Iteration: ,10000
Error:,0.05270512237709778
Absolute Error:,0.15711158582516774
Transition Probabilities
0.00032278889606197566,0.00032278889606197566,0.23839463785901602,0.76095978434886
0.7371872177545947,0.26151828386352827,0.0006472491909385113,0.0006472491909385113
0.09427355811215038,0.07525487544831838,0.6765992588699108,0.15387230756962036
0.04649456819571775,0.06501706031615759,0.8398681206352269,0.04862025085289774

0.10709653071153429,0.077315743665347,0.1756860386661506,0.6399016869569681
0.08632358643971333,0.05447285223741095,0.5139087321528887,0.34529482916998705
0.0008847741249851242,0.954417719368192,0.024957923440654492,0.019739583066168322
0.8318263848899033,0.0004500834011760876,0.01864012817293341,0.14908340353598715

Transition Gammas
1.0,1.0,738.5465880872312,2357.453411912767
1138.954251430849,404.04574856915116,1.0,1.0
46.33976637595218,36.99121383302277,332.57948691058357,75.6352780916823
24.716970187038235,34.56370935027512,446.48216134410046,25.847004014720092

20.392997288540307,14.72222994016265,33.4536038315136,121.84814279553865
5.597003938142959,3.5318825487816587,33.32054790974837,22.388047095732272
1.0326548637483965,1113.9386563432631,29.129379241832257,23.038847866382763
2064.6054267861023,1.1171136783518683,46.26507463684319,370.0272191112094

Iteration: ,12500
Error:,0.04927343627441707
Absolute Error:,0.149775572729126
Transition Probabilities
0.00025833118057349544,0.00025833118057349544,0.23502478221883852,0.7644585554200145
0.7418738152344609,0.2570702185564578,0.0005279831045406549,0.0005279831045406549
0.08141718113142465,0.0721616433457631,0.6808853908238061,0.1655357846990063
0.04476587259625668,0.05976359631640329,0.8529035145261109,0.04256701656122907

0.09576739554632664,0.06834104860274902,0.169255291929882,0.6666362639210424
0.0861595695266811,0.05288657294743745,0.5526687270201501,0.30828513050573125
0.0007135737084690137,0.9555096029542307,0.022756640921579665,0.02102018241572077
0.8355630567791654,0.0003579330141094712,0.015535315362750917,0.1485436948439741

Transition Gammas
1.0,1.0,909.780931969123,2959.2190680308736
1405.1090060540687,486.890993945931,1.0,1.0
51.620729045928655,45.75246387672862,431.70003901646874,104.95423411379242
29.991044527652495,40.038819178692336,571.4055327960446,28.51791364844062

23.558512125574026,16.811707293464785,41.63632961406814,163.9906610944025
7.196768670386619,4.417529397641312,46.16351963654341,25.750555405022578
1.0347384092955099,1385.5646233781865,32.99893220368973,30.480929801365917
2618.024645763366,1.1214922020165696,48.6759654695187,465.4239448705767

Iteration: ,15000
Error:,0.04470000469290648
Absolute Error:,0.14354425421108954
Transition Probabilities
0.0002178649237472769,0.0002178649237472769,0.2314388064766223,0.7681254636758831
0.7358510488894989,0.26326750553976513,0.0004407227853680037,0.0004407227853680037
0.08315362299892552,0.07251506870295717,0.6889472677191162,0.15538404057900115
0.04695165646004166,0.06301655799089247,0.8545448372334286,0.035486948315637264

0.08067406352175907,0.06318360385379254,0.15395749112590829,0.7021848414985402
0.07240773292464814,0.04730104400222114,0.5717216823304911,0.3085695407426397
0.0005967917649116327,0.952782856952094,0.023497079078840542,0.023123272204153993
0.833301531210361,0.00030045798246495814,0.013374408459900892,0.15302360234727325

Transition Gammas
1.0,1.0,1062.3041217276952,3525.6958782723
1669.6460299302723,597.3539700697269,1.0,1.0
64.655115037866,56.383233103734206,535.6827909949095,120.81702103122521
39.22540381181461,52.64670344755706,713.9229761639997,29.647300706302513

25.26218166842444,19.78523963392226,48.21006827043654,219.8813380209307
8.118179434600396,5.303278353619661,64.10004865972799,34.59606866034412
1.0367684129862718,1655.2091174867583,40.81998247745525,40.170591545779914
3121.171563940483,1.125380040603597,50.094499777211816,573.1573726551517

Iteration: ,17500
Error:,0.04440259356153178
Absolute Error:,0.14037916443490595
Transition Probabilities
0.00018864365214110563,0.00018864365214110563,0.23045299219799872,0.7691697204977191
0.7419650135394182,0.2572745301868174,0.0003802281368821294,0.0003802281368821294
0.07899266861413076,0.07489930392970633,0.688145736754776,0.15796229070138693
0.047695207470012206,0.06682994254030483,0.8556811305181912,0.029793719471491807

0.0801170778993084,0.06332337269064742,0.14654362054198466,0.7100159288680595
0.06442000639134882,0.04369227184421637,0.5919758049083147,0.2999119168561202
0.0005106577048790744,0.9530799640686379,0.023486055476795626,0.02292332274968729
0.83026778996362,0.0002600674130078007,0.01178538849566508,0.15768675412770708

Transition Gammas
1.0,1.0,1221.63131164159,4077.368688358405
1951.3679856086694,676.6320143913296,1.0,1.0
74.22192238308881,70.37577563019029,646.5853142797824,148.42219012962846
48.03763270954077,67.30974460629716,861.8244482983265,30.00762191720162

30.712886901208154,24.275018942842596,56.17750624225389,272.1846514270987
9.259874392119391,6.280423921816179,85.09191326874681,43.11000315517479
1.0383183403495668,1937.8938123464015,47.75410595204666,46.609903669991844
3604.262581303279,1.1289745991006512,51.16136657897934,684.5315142173205

Iteration: ,20000
Error:,0.045097210446517565
Absolute Error:,0.14175152036612934
Transition Probabilities
0.00016597510373444026,0.00016597510373444026,0.2300884612010712,0.7695795885914598
0.7402333921454143,0.2590986051825751,0.0003340013360053442,0.0003340013360053442
0.07530799146738781,0.07425920926173471,0.6920713312854571,0.15836146798542045
0.05123923178594442,0.07364906208714599,0.8488985736942741,0.026213132432635573

0.07998252105468513,0.06419966816914768,0.1455422102309489,0.7102756005452183
0.09976451271710672,0.04032262822681951,0.578131941406947,0.2817809176491267
0.00043885566071173433,0.9513844571973086,0.022952031544148172,0.025224655597831512
0.8255651780136122,0.00022881255514401803,0.010543680911273324,0.16366232851997042

Transition Gammas
1.0,1.0,1386.2829787364506,4636.717021263534
2216.258776083369,775.7412239166295,1.0,1.0
77.01096177730057,75.93846303210111,707.7214224186313,161.94256041609768
60.61436646690603,87.12447637668852,1004.2197637563618,31.009294248497422

34.29398230516997,27.526792793705866,62.40390921040015,304.543774760959
22.360173409163234,9.037491738385473,129.5764406717631,63.155424814170786
1.0412300430278274,2257.2571530625637,54.45604769807735,59.848081236769964
4080.467638428536,1.1309370251998636,52.113570065885355,808.9232115657229

Iteration: ,22500
Error:,0.04696877906473499
Absolute Error:,0.13696183639003276
Transition Probabilities
0.00014781966001478237,0.00014781966001478237,0.22666094220965538,0.773043418470315
0.7383525645786664,0.2610448442794235,0.0003012955709551072,0.0003012955709551072
0.07366067079244416,0.07354383320268906,0.6984051210810038,0.15439037492386298
0.059583684258521986,0.07528517156950586,0.841087877322793,0.024043266849179075

0.08095064067402354,0.06529906633903834,0.14204814828415033,0.7117021447027878
0.0998804990909872,0.05588200927308487,0.5839731189328154,0.26026437270311253
0.00038328058722687114,0.949999359116764,0.0236754802130594,0.025941880082949665
0.8259239305444671,0.0002034149463964889,0.009585294769419639,0.16428735973971662

Transition Gammas
1.0,1.0,1533.3612740483145,5229.638725951667
2450.592161836592,866.4078381634059,1.0,1.0
77.94817310248474,77.82453484921973,739.0565777914162,163.37684059153642
80.1921486098028,101.32437666025712,1131.998547782418,32.359214644548416

38.431875365296236,31.00118242569306,67.43833878611159,337.8855052250209
34.57365037366623,19.3435662453548,202.1423864052802,90.09055329571278
1.0450557897064985,2590.275541074504,64.5537459899945,70.73332926332347
4598.174197273852,1.1324739764394331,53.36430323910616,914.6385890470825

Iteration: ,25000
Error:,0.04515223403526249
Absolute Error:,0.1356560687575303
Transition Probabilities
0.00013361838588989874,0.00013361838588989874,0.22819733926920216,0.7715354239590181
0.7353203602979209,0.2641364566493904,0.00027159152634437825,0.00027159152634437825
0.0741758615614888,0.07442932242755419,0.7003355283892948,0.1510592876216622
0.06121295125029917,0.0755118631918778,0.8404887481665777,0.02278643739124546

0.07677724361036542,0.060424156142356154,0.1379006206971009,0.7248979795501775
0.09871133774450533,0.05202175449477325,0.5916031604768354,0.257663747283886
0.00033672116116062803,0.9485516022113204,0.024618297327277276,0.02649337930024161
0.8250839654717178,0.00018396582409960666,0.008837581217255863,0.16589448748692667

Transition Gammas
1.0,1.0,1707.8288870907054,5774.171112909279
2707.449566616943,972.5504333830546,1.0,1.0
80.71349422912697,80.98929435762996,762.06095135469,164.3731893777864
91.9157652012861,113.38663706436401,1262.055902433302,34.21551789691381

40.40037600242398,31.79534081959141,72.56364861708026,381.4431146531914
45.69640377185641,24.082411935966995,273.87063645949485,119.28018505563645
1.0477717867191527,2951.598300559913,76.60450352355438,82.43917688440236
5088.376781297587,1.1345359588530286,54.502262740019084,1023.0881868988107

Iteration: ,27500
Error:,0.045527836852616944
Absolute Error:,0.13549803021162593
Transition Probabilities
0.00012177301509985418,0.00012177301509985418,0.22739006421956706,0.7723663897502332
0.7337352806721776,0.26576671135969493,0.00024900398406374523,0.00024900398406374523
0.07565055569709121,0.07352145625003731,0.7037123336850734,0.1471156543677982
0.060265842428293796,0.07370635084812234,0.8450884989089991,0.02093930781458483

0.0765895826343668,0.05724880931328139,0.1346134264958282,0.7315481815565237
0.0927726627767054,0.05792492743341197,0.5831660944549124,0.2661363153349703
0.0003016134947176698,0.9472369884783088,0.024518882394769854,0.02794251563220361
0.8256454926224632,0.0001673364768903931,0.008103355868258381,0.16608381503238806

Transition Gammas
1.0,1.0,1867.3272073710802,6342.6727926288995
2946.680887179463,1067.319112820534,1.0,1.0
85.75321026585168,83.33978301633918,797.6886773812499,166.76202211803758
100.02884352465942,122.3373098041867,1402.6722570490554,34.75492352723565

43.83459816502432,32.765272578306934,77.04344709947446,418.6877571845588
54.243148675570154,33.86806368115932,340.9707581661888,155.606956711261
1.050660316087529,3299.6677242708083,85.41069009898202,97.33679964781709
5602.646093628281,1.135507995802959,54.987564888624,1127.0077119304008

Iteration: ,30000
Error:,0.04520686881199836
Absolute Error:,0.13409354910712862
Transition Probabilities
0.00011173184357541924,0.00011173184357541924,0.22737692119714634,0.7723996151157029
0.7339442526478533,0.2655978718942712,0.00022893772893772907,0.00022893772893772907
0.07500398197738703,0.07370256569181684,0.7063406188153478,0.1449528335154483
0.06236711042336483,0.07563654907436666,0.8428509983456265,0.019145342156642035

0.07937662102100668,0.05847819575025716,0.13087052030812188,0.7312746629206143
0.08684539673772035,0.06233301528195346,0.5847258931096787,0.2660956948706475
0.00027282989823166167,0.9454156309925635,0.024567587436628433,0.02974395167257641
0.8246573536245,0.0001535147829492917,0.007490344652811125,0.1676987869397397

Transition Gammas
1.0,1.0,2035.023444714455,6912.976555285525
3205.8684955658214,1160.131504434176,1.0,1.0
86.6695865221512,85.16575688017875,816.1999904882825,167.4978023138258
113.64852165298898,137.82876786953364,1535.8859707542356,34.887616531739646

49.13227366790375,36.19663674580592,81.00579410073323,452.64192910795714
60.519464043156816,43.43765839944909,407.47465026875597,185.4326129270637
1.0524925028135,3647.118113196927,94.77407629024233,114.74287217910482
6106.195044417843,1.1367038719413132,55.46243563942453,1241.7296678016307

Iteration: ,32500
Error:,0.0446544777405539
Absolute Error:,0.13361457015272205
Transition Probabilities
0.00010348752975266504,0.00010348752975266504,0.22901177673366216,0.7707812482068325
0.7316821117416789,0.2678961252891097,0.00021088148460565178,0.00021088148460565178
0.07690788135114845,0.07478180420350618,0.7047154900006198,0.14359482444472565
0.0636875246476536,0.07157428788424244,0.8466632403692644,0.01807494709883957

0.07883399937896343,0.05860110072002835,0.12831187105820907,0.7342530288427992
0.08130862915589468,0.06261893435818935,0.5917600941497246,0.2643123423361914
0.00024789100649205725,0.9461745449659303,0.02379558696521409,0.02978197706236361
0.8240753461599943,0.00014222565445771738,0.0069792069612805195,0.1688032212242675

Transition Gammas
1.0,1.0,2212.9407985773723,7448.059201422606
3469.6365738790387,1270.3634261209572,1.0,1.0
90.4852004848028,87.98378562886364,829.1259787316961,168.94505803815173
125.63328392393204,141.1911183730638,1670.1714166745683,35.655569490911674

53.558695649845795,39.81275265665998,87.17325651884538,498.8410433514405
66.33528394750411,51.08737946099622,482.78484438546076,215.63805049626825
1.0539391357026198,4022.777575745428,101.16986781631317,126.6217423891434
6595.021431341813,1.1382226681165053,55.85413967047457,1350.9212074370655

Iteration: ,35000
Error:,0.046434237148367793
Absolute Error:,0.1336261571105113
Transition Probabilities
9.633911368015442e-05,9.633911368015442e-05,0.22949436005116797,0.7703129617214717
0.7307336771155917,0.2688740891130805,0.00019611688566385576,0.00019611688566385576
0.07556342360543926,0.07585029377335975,0.7081738197360558,0.14041246288514525
0.06698203111999532,0.07339510305299132,0.8426353507255926,0.01698751510142074

0.07971985436921117,0.05908504255076683,0.12642890520782177,0.7347661978722002
0.08173209371633357,0.061676000478153255,0.587069687214302,0.2695222185912111
0.00022798530179326827,0.9451834126812884,0.024091657985840658,0.030496944031077684
0.8225429899546656,0.00013249672574189883,0.0066518452828060685,0.17067266803678652

Transition Gammas
1.0,1.0,2382.151457331117,7995.848542668854
3726.0110196124,1370.988980387597,1.0,1.0
91.43011754025586,91.77722427417939,856.8750923130325,169.89606046359097
143.600578647802,157.34935313387894,1806.4982791656068,36.418976217400555

57.97864733712176,42.97136355874706,91.94920093950527,534.3806834414273
76.459653325172,57.697354865391596,549.1985182456218,252.13566005586068
1.0555662032295225,4376.175386886146,111.54376948684904,141.20008249557446
7072.580091941242,1.1392641067686933,57.19544035557386,1467.5173564630363

Iteration: ,37500
Error:,0.04612981951516137
Absolute Error:,0.13239856601195732
Transition Probabilities
8.954956568460667e-05,8.954956568460667e-05,0.2307830722964611,0.7690378285721697
0.728572268924976,0.2710651494941684,0.00018129079042784638,0.00018129079042784638
0.07667046162120396,0.07463446110936686,0.7100684655388669,0.1386266117305622
0.06629599571534783,0.07335293610474769,0.8405528134741338,0.019798254705770617

0.07763183110617067,0.058592787578156905,0.12468424186100328,0.7390911394546691
0.07976478815324999,0.0651678110879293,0.58934704568914,0.2657203550696808
0.00021172678789980182,0.9454477954527126,0.024351074243742686,0.02998940351564499
0.8221260580476799,0.00012356429760190135,0.006289091746867432,0.17146128590785073

Transition Gammas
1.0,1.0,2577.1545683345744,8587.845431665397
4018.8046353901645,1495.1953646098318,1.0,1.0
94.28087302865222,91.77722427417939,873.1638420526386,170.46770950113617
151.69391341091008,167.8411164632922,1923.2948284224003,45.30099748285459

58.701888855353886,44.305373905639236,94.28092064102944,558.8692847256085
79.78132937103427,65.18132525853875,589.4692614946222,265.7754588111272
1.0565118693478932,4717.76305517515,121.51130815842316,149.64644333969053
7583.320321305254,1.1397615241846095,58.01080841523089,1581.5650665907071

Iteration: ,40000
Error:,0.04544886283021429
Absolute Error:,0.1320043040548872
Transition Probabilities
8.263097008758913e-05,8.263097008758913e-05,0.23062121325992294,0.7692135247999018
0.7266246000321663,0.2730371049745996,0.00016914749661705016,0.00016914749661705016
0.07667046162120396,0.07463446110936686,0.7100684655388669,0.1386266117305622
0.06870415079857363,0.07162317220766565,0.8335688139848139,0.02610386300894681

0.07763183110617067,0.058592787578156905,0.12468424186100328,0.7390911394546691
0.07976478815324999,0.0651678110879293,0.58934704568914,0.2657203550696808
0.00020041085820044242,0.946703142653821,0.023603073854770763,0.02949337263320777
0.8241757850434321,0.0001141761609213874,0.0058417399306156335,0.16986829886503083

Transition Gammas
1.0,1.0,2790.9779228715774,9309.022077128378
4295.804635390165,1614.1953646098318,1.0,1.0
94.28087302865222,91.77722427417939,873.1638420526386,170.46770950113617
164.56421591692526,171.55602738462366,1996.6129657636368,62.525505352135816

58.701888855353886,44.305373905639236,94.28092064102944,558.8692847256085
79.78132937103427,65.18132525853875,589.4692614946222,265.7754588111272
1.0565118693478932,4990.76305517515,124.42902497687719,155.481087870595
8227.320321305255,1.1397615241846095,58.31506641559677,1695.7073145799525

Iteration: ,42500
Error:,0.04453440102528661
Absolute Error:,0.13160575539608518
Transition Probabilities
7.68521364893947e-05,7.68521364893947e-05,0.2316309598562321,0.768215335870789
0.7272993104881781,0.2723847337456292,0.0001579778830963666,0.0001579778830963666
0.07667046162120396,0.07463446110936686,0.7100684655388669,0.1386266117305622
0.06977900452640509,0.07148072366742082,0.828013058920232,0.03072721288594199

0.07763183110617067,0.058592787578156905,0.12468424186100328,0.7390911394546691
0.07976478815324999,0.0651678110879293,0.58934704568914,0.2657203550696808
0.00018918816301161234,0.9474098421214187,0.02375283290182997,0.028648136813739716
0.824081711182026,0.0001065240450570867,0.0054785062748372556,0.17033325849807973

Transition Gammas
1.0,1.0,3013.9820496492807,9996.01795035067
4603.804635390165,1724.1953646098318,1.0,1.0
94.28087302865222,91.77722427417939,873.1638420526386,170.46770950113617
175.64459358145288,179.92808499756185,2084.2374895036696,77.34516787495522

58.701888855353886,44.305373905639236,94.28092064102944,558.8692847256085
79.78132937103427,65.18132525853875,589.4692614946222,265.7754588111272
1.0565118693478932,5290.76305517515,132.64651176871033,159.98409253839287
8817.320321305255,1.1397615241846095,58.617663821507804,1822.4926984425194

Iteration: ,45000
Error:,0.04594867165140081
Absolute Error:,0.13112211594908346
Transition Probabilities
7.18700589334486e-05,7.18700589334486e-05,0.23308315119942719,0.766773108682706
0.7276073215921456,0.2720964698770487,0.0001481042654028437,0.0001481042654028437
0.07667046162120396,0.07463446110936686,0.7100684655388669,0.1386266117305622
0.06931589308829961,0.07094737907723699,0.8233863962132256,0.03635033162123782

0.07763183110617067,0.058592787578156905,0.12468424186100328,0.7390911394546691
0.07976478815324999,0.0651678110879293,0.58934704568914,0.2657203550696808
0.0001790863949653774,0.9476747301238764,0.02329984484615193,0.028846338635006376
0.8238074150998176,9.985238862291768e-05,0.005159990249061679,0.17093274226249788

Transition Gammas
1.0,1.0,3243.1189657888176,10668.88103421113
4912.804635390165,1837.1953646098318,1.0,1.0
94.28087302865222,91.77722427417939,873.1638420526386,170.46770950113617
183.0760385734984,187.38509351797316,2174.7151038218585,96.00791993795322

58.701888855353886,44.305373905639236,94.28092064102944,558.8692847256085
79.78132937103427,65.18132525853875,589.4692614946222,265.7754588111272
1.0565118693478932,5590.76305517515,137.4563524978151,170.17763499569543
9403.320321305255,1.1397615241846095,58.898524433480056,1951.1056825078774

Iteration: ,47500
Error:,0.045857070622584
Absolute Error:,0.13057635003363338
Transition Probabilities
6.744452687664424e-05,6.744452687664424e-05,0.2336143755369496,0.7662507354092971
0.727258148693673,0.2724627166238427,0.00013956734124214942,0.00013956734124214942
0.07667046162120396,0.07463446110936686,0.7100684655388669,0.1386266117305622
0.06936299364739552,0.0699186236873581,0.8186714880844799,0.042046894580766596

0.07763183110617067,0.058592787578156905,0.12468424186100328,0.7390911394546691
0.07976478815324999,0.0651678110879293,0.58934704568914,0.2657203550696808
0.00017022196888388927,0.94781283465125,0.023802477079987734,0.02821446629987845
0.824232932071567,9.386479976477426e-05,0.004871117813681691,0.17080208531498656

Transition Gammas
1.0,1.0,3463.8003460863374,11361.199653913602
5210.804635390165,1952.1953646098318,1.0,1.0
94.28087302865222,91.77722427417939,873.1638420526386,170.46770950113617
191.4468104398581,192.98038898573446,2259.5917066176253,116.05242843625412

58.701888855353886,44.305373905639236,94.28092064102944,558.8692847256085
79.78132937103427,65.18132525853875,589.4692614946222,265.7754588111272
1.0565118693478932,5882.76305517515,147.7341598136592,175.11792824738612
10008.320321305255,1.1397615241846095,59.14797323083597,2073.9792294914823

Iteration: ,50000
Error:,0.04505181335560775
Absolute Error:,0.1300304633113757
Transition Probabilities
6.355258976803332e-05,6.355258976803332e-05,0.2332777810786655,0.7665951137417985
0.7259255596445782,0.27381016974231404,0.00013213530655391126,0.00013213530655391126
0.07667046162120396,0.07463446110936686,0.7100684655388669,0.1386266117305622
0.07138095031952213,0.06965825269416101,0.8116387353310243,0.04732206165529261

0.07763183110617067,0.058592787578156905,0.12468424186100328,0.7390911394546691
0.07976478815324999,0.0651678110879293,0.58934704568914,0.2657203550696808
0.00016255656898448584,0.9474430566374342,0.02418235041350699,0.028212036380074284
0.8239200579509641,8.844721197419957e-05,0.004609542751379159,0.17138195208568252

Transition Gammas
1.0,1.0,3670.625885272786,12062.374114727147
5493.804635390165,2072.195364609832,1.0,1.0
94.28087302865222,91.77722427417939,873.1638420526386,170.46770950113617
206.35508356066632,201.37493954689387,2346.3652178990533,136.80327795342083

58.701888855353886,44.305373905639236,94.28092064102944,558.8692847256085
79.78132937103427,65.18132525853875,589.4692614946222,265.7754588111272
1.0565118693478932,6157.76305517515,157.16953427479405,183.3598696147907
10617.320321305255,1.1397615241846095,59.40017050665857,2208.487419410022

Iteration: ,52500
Error:,0.04370570859829714
Absolute Error:,0.1294958044742538
Transition Probabilities
6.0125060125060364e-05,6.0125060125060364e-05,0.23451558190537286,0.765364167974377
0.7232523270966742,0.27649792265357553,0.00012487512487512493,0.00012487512487512493
0.07667046162120396,0.07463446110936686,0.7100684655388669,0.1386266117305622
0.0712807746534991,0.07058138194578459,0.803131808867133,0.055006034533583346

0.07763183110617067,0.058592787578156905,0.12468424186100328,0.7390911394546691
0.07976478815324999,0.0651678110879293,0.58934704568914,0.2657203550696808
0.00015524288154450503,0.9466936726524563,0.0253291087134441,0.027821975752555232
0.8239783859664638,8.379691435239846e-05,0.004383660620676423,0.17155415649850742

Transition Gammas
1.0,1.0,3900.463158250146,12729.536841749788
5791.804635390165,2214.195364609832,1.0,1.0
94.28087302865222,91.77722427417939,873.1638420526386,170.46770950113617
214.68310038637725,212.57667273306328,2418.868588124296,165.66691497158305

58.701888855353886,44.305373905639236,94.28092064102944,558.8692847256085
79.78132937103427,65.18132525853875,589.4692614946222,265.7754588111272
1.0565118693478932,6442.76305517515,172.37829992278992,189.3436099539105
11207.320321305255,1.1397615241846095,59.624244509991364,2333.389342579621

Iteration: ,55000
Error:,0.044321595725996143
Absolute Error:,0.12908150693176235
Transition Probabilities
5.703205201323167e-05,5.703205201323167e-05,0.23336547164720578,0.7665204642487676
0.7217231305484377,0.27803894416010383,0.00011896264572924106,0.00011896264572924106
0.07667046162120396,0.07463446110936686,0.7100684655388669,0.1386266117305622
0.07084857477105054,0.07047922270392044,0.7975512828819575,0.06112091964307142

0.07763183110617067,0.058592787578156905,0.12468424186100328,0.7390911394546691
0.07976478815324999,0.0651678110879293,0.58934704568914,0.2657203550696808
0.00014906903880885277,0.9464349811892505,0.025551182844141984,0.027864766927798764
0.8234923702185746,7.937078180822761e-05,0.004168518886862062,0.1722597401127551

Transition Gammas
1.0,1.0,4091.830179862089,13440.169820137837
6066.804635390165,2337.195364609832,1.0,1.0
94.28087302865222,91.77722427417939,873.1638420526386,170.46770950113617
223.07667120244008,221.91371443297254,2511.202037210785,192.44778513709022

58.701888855353886,44.305373905639236,94.28092064102944,558.8692847256085
79.78132937103427,65.18132525853875,589.4692614946222,265.7754588111272
1.0565118693478932,6707.76305517515,181.0914470665461,197.48874233757857
11825.320321305255,1.1397615241846095,59.859778773021134,2473.6435684977255

Iteration: ,57500
Error:,0.044871188641524264
Absolute Error:,0.1292608814376737
Transition Probabilities
5.4221113701675626e-05,5.4221113701675626e-05,0.23426620947956492,0.7656253482930317
0.722017522423815,0.2777558486810009,0.00011331444759206803,0.00011331444759206803
0.07667046162120396,0.07463446110936686,0.7100684655388669,0.1386266117305622
0.07160058937855983,0.07011648645962609,0.7943538694768405,0.06392905468497362

0.07763183110617067,0.058592787578156905,0.12468424186100328,0.7390911394546691
0.07976478815324999,0.0651678110879293,0.58934704568914,0.2657203550696808
0.0001427846372775673,0.9466742220944669,0.025492232700166,0.02769076056808948
0.8235851585434721,7.559526945493663e-05,0.003983459973611861,0.17235578621346098

Transition Gammas
1.0,1.0,4320.571701431601,14120.428298568335
6371.804635390165,2451.195364609832,1.0,1.0
94.28087302865222,91.77722427417939,873.1638420526386,170.46770950113617
234.24477273383846,229.3894586368939,2598.766898999377,209.14697791935944

58.701888855353886,44.305373905639236,94.28092064102944,558.8692847256085
79.78132937103427,65.18132525853875,589.4692614946222,265.7754588111272
1.0565118693478932,7004.76305517515,188.6256598568623,204.89331183848205
12417.320321305255,1.1397615241846095,60.0592397353476,2598.6347427968917

Iteration: ,60000
Error:,0.044566539146345084
Absolute Error:,0.13013739570936622
Transition Probabilities
5.1676915921657953e-05,5.1676915921657953e-05,0.2359752906340591,0.7639213555340976
0.7216317440274213,0.27815248296578193,0.0001078865033984249,0.0001078865033984249
0.07667046162120396,0.07463446110936686,0.7100684655388669,0.1386266117305622
0.07271439776101862,0.07100723919864099,0.7877789578915124,0.068499405148828

0.07763183110617067,0.058592787578156905,0.12468424186100328,0.7390911394546691
0.07976478815324999,0.0651678110879293,0.58934704568914,0.2657203550696808
0.00013695709215430274,0.9475746760816426,0.025252823119292767,0.027035543706910345
0.8238072193127992,7.224689363642434e-05,0.003818163205976271,0.17230237058758818

Transition Gammas
1.0,1.0,4566.357849059664,14782.642150940277
6688.804635390165,2578.195364609832,1.0,1.0
94.28087302865222,91.77722427417939,873.1638420526386,170.46770950113617
246.4060825299629,240.62106241612702,2669.5335846905173,232.12280646026264

58.701888855353886,44.305373905639236,94.28092064102944,558.8692847256085
79.78132937103427,65.18132525853875,589.4692614946222,265.7754588111272
1.0565118693478932,7309.76305517515,194.8048614380391,208.5570916505995
12996.320321305255,1.1397615241846095,60.23505366374795,2718.229153350356

Iteration: ,62500
Error:,0.045981511775507605
Absolute Error:,0.1310701410586987
Transition Probabilities
4.944131316127771e-05,4.944131316127771e-05,0.23770239715577146,0.762198720217906
0.7210704357397292,0.27872380294339844,0.00010288065843621403,0.00010288065843621403
0.07667046162120396,0.07463446110936686,0.7100684655388669,0.1386266117305622
0.07253258604761662,0.07008667413136296,0.7829676443105742,0.07441309551044625

0.07763183110617067,0.058592787578156905,0.12468424186100328,0.7390911394546691
0.07976478815324999,0.0651678110879293,0.58934704568914,0.2657203550696808
0.0001313614946270279,0.9477769035699987,0.025295597051244654,0.026796137884129684
0.8226098513696959,6.923837822012513e-05,0.00367117649535586,0.17364973375672818

Transition Gammas
1.0,1.0,4807.76868487262,15416.231315127323
7008.804635390165,2709.195364609832,1.0,1.0
94.28087302865222,91.77722427417939,873.1638420526386,170.46770950113617
255.77416401293672,247.14906032204723,2761.0058538550625,262.405469498969

58.701888855353886,44.305373905639236,94.28092064102944,558.8692847256085
79.78132937103427,65.18132525853875,589.4692614946222,265.7754588111272
1.0565118693478932,7622.76305517515,203.44697358051224,215.5154964371182
13541.320321305255,1.1397615241846095,60.43275168281297,2858.5199467207053

Iteration: ,65000
Error:,0.043602944276804785
Absolute Error:,0.13181492720608018
Transition Probabilities
4.733279689496867e-05,4.733279689496867e-05,0.23791786968338274,0.7619874647228274
0.71957102682854,0.2802319870589809,9.849305623953514e-05,9.849305623953514e-05
0.07667046162120396,0.07463446110936686,0.7100684655388669,0.1386266117305622
0.07235580855097208,0.06999238221905806,0.779376476831705,0.07827533239826492

0.07763183110617067,0.058592787578156905,0.12468424186100328,0.7390911394546691
0.07976478815324999,0.0651678110879293,0.58934704568914,0.2657203550696808
0.0001266453708955195,0.9482728497954358,0.025154213273471497,0.026446291560197135
0.8226510580041727,6.632744607023331e-05,0.0035265685959541757,0.173756045953803

Transition Gammas
1.0,1.0,5026.490832800811,16098.509167199125
7305.804635390165,2845.195364609832,1.0,1.0
94.28087302865222,91.77722427417939,873.1638420526386,170.46770950113617
264.2130204623404,255.58278023283162,2845.9555237495238,285.82863511324024

58.701888855353886,44.305373905639236,94.28092064102944,558.8692847256085
79.78132937103427,65.18132525853875,589.4692614946222,265.7754588111272
1.0565118693478932,7910.76305517515,209.84363423322853,220.6225204759678
14136.320321305255,1.1397615241846095,60.600059797420315,2985.799506932545

Iteration: ,67500
Error:,0.04386014575135022
Absolute Error:,0.13239045587553785
Transition Probabilities
4.537616843633737e-05,4.537616843633737e-05,0.2377320843373272,0.7621771633258002
0.7192548618970732,0.2805559054413694,9.461633077869243e-05,9.461633077869243e-05
0.07667046162120396,0.07463446110936686,0.7100684655388669,0.1386266117305622
0.07119320979198566,0.07164201440662543,0.7754718742654364,0.08169290153595253

0.07763183110617067,0.058592787578156905,0.12468424186100328,0.7390911394546691
0.07976478815324999,0.0651678110879293,0.58934704568914,0.2657203550696808
0.00012237051847865666,0.9486953728368992,0.02507280450745689,0.02610945213716528
0.8228341316941468,6.359787822700904e-05,0.0033903274522007,0.17371194297542555

Transition Gammas
1.0,1.0,5239.139674626002,16796.860325373935
7601.804635390165,2965.195364609832,1.0,1.0
94.28087302865222,91.77722427417939,873.1638420526386,170.46770950113617
268.8995746744557,270.5947274894669,2928.987999996774,308.5573264799294

58.701888855353886,44.305373905639236,94.28092064102944,558.8692847256085
79.78132937103427,65.18132525853875,589.4692614946222,265.7754588111272
1.0565118693478932,8190.76305517515,216.4713845237796,225.42150207443214
14746.320321305255,1.1397615241846095,60.75933493586492,3113.157143199435

Iteration: ,70000
Error:,0.043960203196717236
Absolute Error:,0.13302451810274135
Transition Probabilities
4.358247984310315e-05,4.358247984310315e-05,0.23764169917361963,0.7622711358666941
0.7191509101622612,0.2806667910500258,9.114939385653089e-05,9.114939385653089e-05
0.07667046162120396,0.07463446110936686,0.7100684655388669,0.1386266117305622
0.07187417153116799,0.07111129689951967,0.7706450266444904,0.086369504924822

0.07763183110617067,0.058592787578156905,0.12468424186100328,0.7390911394546691
0.07976478815324999,0.0651678110879293,0.58934704568914,0.2657203550696808
0.00011833759790559683,0.9487917565901227,0.025155991316721363,0.025933914495250364
0.8225803060575656,6.106864394272249e-05,0.0032640906879755596,0.1740945346105161

Transition Gammas
1.0,1.0,5452.688787538693,17490.311212461267
7889.804635390165,3079.195364609832,1.0,1.0
94.28087302865222,91.77722427417939,873.1638420526386,170.46770950113617
281.09629092890776,278.1127263906076,3013.9541645866025,337.78681502026586

58.701888855353886,44.305373905639236,94.28092064102944,558.8692847256085
79.78132937103427,65.18132525853875,589.4692614946222,265.7754588111272
1.0565118693478932,8470.76305517515,224.59137148052298,231.53662882985995
15352.320321305255,1.1397615241846095,60.91972471327748,3249.232982903633

Iteration: ,72500
Error:,0.04248129202729238
Absolute Error:,0.13352879435081616
Transition Probabilities
4.191290498344445e-05,4.191290498344445e-05,0.23696542004684623,0.7629507541431868
0.7187053172083554,0.28111871939203176,8.798169980644029e-05,8.798169980644029e-05
0.07667046162120396,0.07463446110936686,0.7100684655388669,0.1386266117305622
0.07277506549952431,0.07086259534178894,0.7664381298614582,0.08992420929722865

