0,1,2,3,4,5,6,7,8,9,10,11,12,13,14,15,16,17,18,19,20,21,22,23,24,25,26,27,28,29
github Code Version (SHA):,528ca1c557fe8e6666681dc5c9134b0f84d30530
Environment Observations,Environment Actions,alpha,epsilon,numActions,explore,patience,gainThresh,insertRandActions,useUpdatedPosterior,revisedSplitting,haveControl,confidence_factor
"['diamond', 'square']","['x', 'y']",0.95,0.99,75000,0.5,0,0.01,False,True,False,True,250

Model Num 0
Model States: 
['diamond'],['square']
Iteration: ,0
Error:,0.6227124282652601
Absolute Error:,1
Transition Probabilities
0.5,0.5
0.5,0.5

0.5,0.5
0.5,0.5

Transition Gammas
1.0,1.0
1.0,1.0

1.0,1.0
1.0,1.0

Iteration: ,2475
Error:,0.1238662853594245
Absolute Error:,1
Transition Probabilities
0.41015625,0.58984375
0.04335260115606936,0.9566473988439307

0.058,0.942
0.9562419562419563,0.043758043758043756


Model Num 1
Model States: 
['square'],"['diamond', 'x', 'square']","['diamond', 'x', 'diamond']"
Iteration: ,0
Error:,0.676087242339919
Absolute Error:,1
Transition Probabilities
0.3333333333333333,0.3333333333333333,0.3333333333333333
0.3333333333333333,0.3333333333333333,0.3333333333333333
0.3333333333333333,0.3333333333333333,0.3333333333333333

0.3333333333333333,0.3333333333333333,0.3333333333333333
0.3333333333333333,0.3333333333333333,0.3333333333333333
0.3333333333333333,0.3333333333333333,0.3333333333333333

Transition Gammas
1.0,1.0,1.0
1.0,1.0,1.0
1.0,1.0,1.0

1.0,1.0,1.0
1.0,1.0,1.0
1.0,1.0,1.0

Iteration: ,2500
Error:,0.10394215437558976
Absolute Error:,1
Transition Probabilities
0.9421296296296297,0.036655450079107116,0.021214920291263255
0.9956709956709957,0.0021645021645021645,0.0021645021645021645
0.0030864197530864204,0.9210885858619623,0.07582499438495123

0.05855161787365178,0.29582364843570125,0.645624733690647
0.8795802059030466,0.07140036957735026,0.049019424519603075
0.9635335785821288,0.017824463296640707,0.018641958121230467

Transition Gammas
814.0,31.670308868348545,18.32969113165145
460.0,1.0,1.0
1.0,298.43270181927574,24.567298180724194

38.0,191.98954783477006,419.0104521652298
48.231230405116015,3.91519460418054,2.6879494814277063
121.41271787643007,2.246020877361004,2.349031577464901

Iteration: ,2774
Error:,0.10653655779237416
Absolute Error:,1
Transition Probabilities
0.945054945054945,0.03480253721796543,0.020142517727089505
0.9962049335863378,0.0018975332068311196,0.0018975332068311196
0.0028089887640449433,0.9250972339107979,0.07209377732515714

0.06258322237017311,0.322972813627611,0.6144439640022159
0.8787346199907873,0.07807205284383191,0.04319332716538087
0.9659453226241813,0.016645624203386923,0.017409053172431924


Model Num 2
Model States: 
"['diamond', 'x', 'square']","['diamond', 'x', 'diamond']","['square', 'y', 'diamond', 'x', 'diamond']","['square', 'y', 'diamond', 'x', 'square']"
Iteration: ,0
Error:,0.6235500715382349
Absolute Error:,0.7
Transition Probabilities
0.25,0.25,0.25,0.25
0.25,0.25,0.25,0.25
0.25,0.25,0.25,0.25
0.25,0.25,0.25,0.25

0.25,0.25,0.25,0.25
0.25,0.25,0.25,0.25
0.25,0.25,0.25,0.25
0.25,0.25,0.25,0.25

Transition Gammas
1.0,1.0,1.0,1.0
1.0,1.0,1.0,1.0
1.0,1.0,1.0,1.0
1.0,1.0,1.0,1.0

1.0,1.0,1.0,1.0
1.0,1.0,1.0,1.0
1.0,1.0,1.0,1.0
1.0,1.0,1.0,1.0

Iteration: ,2500
Error:,0.04845765337545599
Absolute Error:,0.053332285911400545
Transition Probabilities
0.001964636542239685,0.001964636542239685,0.029552893464407374,0.9665178334511133
0.9485013915553286,0.046122264358649745,0.0026881720430107525,0.0026881720430107525
0.026102818856803146,0.03305225202230732,0.8999057007915257,0.04093922832936385
0.02574951521701593,0.030565309670434478,0.9045942576972497,0.039090917415299915

0.035068849609494836,0.01990466946307798,0.03255974061116691,0.9124667403162603
0.10530647837956009,0.06001902601669058,0.7644925228883978,0.0701819727153516
0.00271228302608104,0.9296325618720603,0.04942821563998334,0.0182269394618752
0.9584947351464053,0.003212215780337901,0.0231079607955369,0.015185088277719925

Transition Gammas
1.0,1.0,15.042422773383358,491.95757722661676
352.8425176585823,17.15748234141771,1.0,1.0
6.506061044924149,8.238189542249513,224.29920140594209,10.203998277125153
8.78353907493957,10.426277526595015,308.57043103472233,13.334487958267417

7.046867596428047,3.9997197461247307,6.542677721564405,183.35452621782207
3.377734815327861,1.9251270850397546,24.52131198719476,2.2511064494494155
1.0567837778764182,362.2116871009521,19.258659939035116,7.101741875174689
335.71903579892677,1.1250995389019187,8.093714063408065,5.318676262044399

Iteration: ,5000
Error:,0.037171590840267214
Absolute Error:,0.040371830599588175
Transition Probabilities
0.0010080645161290318,0.0010080645161290318,0.03570479914169411,0.9622790718260479
0.9498351720420517,0.04755726602835246,0.001303780964797914,0.001303780964797914
0.03328638595054385,0.026281046926715724,0.9051586691604937,0.035273897962246836
0.018348522137222278,0.018446253515683797,0.9220945562549023,0.04111066809219166

0.03422040547711939,0.015813528997316577,0.02338548675619171,0.9265805787693723
0.07648112072867704,0.05093667240345997,0.8265400161879867,0.04604219067987632
0.0013341243178032686,0.945848424933633,0.03934992254011961,0.013467528208444093
0.9548173371446383,0.0017455448785262866,0.0294535974859246,0.013983520490910811

Transition Gammas
1.0,1.0,35.41916074856057,954.5808392514399
728.5235769562537,36.47642304374634,1.0,1.0
17.7544224822857,14.017887406189365,482.797064531312,18.81452939797253
12.878892622961612,12.94749062337204,647.2214322990769,28.8557234232764

13.580998119468116,6.275890205868753,9.280961088291027,367.73056667070836
4.362374928655853,2.9053557338718914,47.144673218645785,2.626181420573424
1.0605208029012323,751.8729084296621,31.280002087858428,10.705594402350329
620.5102040233204,1.1343828464041943,19.14110382606437,9.087515292430163

Iteration: ,7500
Error:,0.03226683363205678
Absolute Error:,0.035735662536276
Transition Probabilities
0.0007215007215007213,0.0007215007215007213,0.03161443563211565,0.9669425629248829
0.9595013775682425,0.03869193769824363,0.0009033423667570009,0.0009033423667570009
0.03020263694345126,0.02674299656184125,0.9013365612351366,0.04171780525957086
0.02019790825721853,0.01793971999134044,0.9191192684495799,0.04274310330186111

0.03284527237115539,0.01776824811525345,0.018642478891506133,0.9307440006220851
0.06576314024292086,0.030184407036319888,0.8645857794363743,0.03946667328438503
0.0009026048038383689,0.9492566399505206,0.03492278732205236,0.014917967923588626
0.9601332896869796,0.0011351313806027695,0.026531185867533932,0.012200393064883639

Transition Gammas
1.0,1.0,43.817607786112305,1340.182392213888
1062.1680249680444,42.8319750319557,1.0,1.0
24.291620485432077,21.509073010405466,724.9342405486801,33.55313295153814
21.144257034249335,18.78026406441358,962.1834998821514,44.74578016429121

23.06601184484591,12.47797907891668,13.091918802488044,653.6268568660704
6.984543127964272,3.205812434723247,91.82555215568507,4.191659349809347
1.0636537957032577,1118.6295750766878,41.15395257556192,17.579734938953326
967.1987826085581,1.1434846611533533,26.726425328514665,12.290174131498372

Iteration: ,10000
Error:,0.028731897106024296
Absolute Error:,0.030584162746383373
Transition Probabilities
0.000576701268742792,0.000576701268742792,0.03062098235554071,0.9682256151069737
0.9636854570747015,0.03489206781861274,0.0007112375533428164,0.0007112375533428164
0.02509070884840125,0.02238935615152856,0.9099376161399577,0.042582318860112496
0.022901390569518745,0.016419255238282353,0.9259305348386899,0.03474881935350896

0.030934990179399414,0.019662845024889446,0.017720305507208964,0.9316818592885022
0.05034568033887202,0.02014232379728214,0.8941984855742726,0.0353135102895731
0.0006523390415130015,0.9476676882208245,0.03830909782943388,0.013370874908228525
0.9584238663931225,0.0008435434260837315,0.028683966472386805,0.012048623708407018

Transition Gammas
1.0,1.0,53.09678340450752,1678.9032165954902
1354.9417526470306,49.05824735296952,1.0,1.0
26.43171626719866,23.58598606273214,958.5704826428212,44.858189416262455
30.421568450656277,21.810880680976037,1229.9802957659404,46.15936239038942

31.03499799825776,19.726411821972135,17.777592388278016,934.6938360202544
12.808910431070954,5.1245949931838055,227.501311576809,8.984436941983306
1.0697752692293647,1554.0867429229233,62.823352331273746,21.926989486336367
1305.9450846662744,1.1494093893366584,39.084674679815095,16.41741348554193

Iteration: ,12500
Error:,0.02746355036286336
Absolute Error:,0.029795403691736017
Transition Probabilities
0.0004901960784313732,0.0004901960784313732,0.03056671363716149,0.9684528942059758
0.9637658115292705,0.0350700441168296,0.0005820721769499417,0.0005820721769499417
0.02530818061630428,0.021059168770033932,0.9145677822933166,0.03906486832034525
0.023947569854718593,0.014454341311945399,0.9329819257004826,0.028616163132853444

0.028647110216558,0.019088850205404857,0.01698833696986404,0.9352757026081732
0.041482894306865706,0.02095781005657216,0.8858029499098561,0.05175634572670609
0.00046982335832667857,0.9480264491010324,0.037130067045622245,0.014373660495018951
0.9580138201942895,0.0007315394486550924,0.028446580628512897,0.012808059728542466

Transition Gammas
1.0,1.0,62.35609581980936,1975.6439041801882
1655.749664207287,60.250335792713265,1.0,1.0
29.18182420088216,24.282463057337672,1054.5505679487899,45.04409609833883
39.73539191315324,23.983599186097084,1548.0653231414376,47.481830683985294

35.04917194853187,23.354830141376475,20.784893801686472,1144.291297523289
23.51682334696397,11.881068692886757,502.16533444248944,29.34088519801992
1.0771808444279993,2173.574201631473,85.12943485040955,32.95500633406182
1508.797937352052,1.1521182554533673,44.80117225064112,20.171707017741774

Iteration: ,15000
Error:,0.02709183510524491
Absolute Error:,0.028930297199042138
Transition Probabilities
0.0004264392324093822,0.0004264392324093822,0.027547927636248328,0.9715991938989329
0.9614850340465497,0.037533129920067826,0.0004909180166912127,0.0004909180166912127
0.026275750756980777,0.0219179148461265,0.9154256983036511,0.03638063609324167
0.024449853247237297,0.014249427561502184,0.936366176787881,0.024934542403379348

0.028258219069274313,0.019189530022105376,0.015978239124475983,0.9365740117841443
0.03643531844794052,0.016648531244345382,0.8868334730653984,0.06008267724231574
0.0003679391810758426,0.9514996133060547,0.033837963046717094,0.014294484466152564
0.9566081042793881,0.0006455411885890369,0.03007363599644356,0.01267271853557925

Transition Gammas
1.0,1.0,64.59989030700225,2278.400109692995
1958.5450143528215,76.45498564717815,1.0,1.0
32.62851098649938,27.2170691514114,1136.7506767238283,45.17648212768211
48.677174096476016,28.36916275825668,1864.209937976032,49.64214096959484

40.797930522476456,27.704970036561345,23.068654400117044,1352.1829301505174
32.32657696681074,14.771108078104508,786.8269510188165,53.307268139316974
1.082036236674145,2798.171854838061,99.5107454572537,42.03724683989154
1710.661488766305,1.1543937854922959,53.77940109032021,22.662082267346996

Iteration: ,15860
Error:,0.02621890944895555
Absolute Error:,0.028553701827822627
Transition Probabilities
0.0004096681687832857,0.0004096681687832857,0.026492339234854608,0.9726883244275789
0.9615384391331969,0.037529594417595236,0.00046598322460391424,0.00046598322460391424
0.026529787123852164,0.021924037165080255,0.9162337457795431,0.035312429931524565
0.024758752416607306,0.014901928394136418,0.9367812560834902,0.023558063105766212

0.027878651538309075,0.01905005374626331,0.015433014506762259,0.9376382802086654
0.033297099882999254,0.016706027288612816,0.8874902938882249,0.06250657894016298
0.00034214899457632783,0.9516973262649738,0.03376711150097007,0.01419341323947992
0.9570396322790875,0.0006239160153022828,0.02948869955847948,0.012847752147130697

*,*,*,*,*,*,*,*,*,*,*
Model Num 2
Model States: 
"['diamond', 'x', 'square']","['diamond', 'x', 'diamond']","['square', 'y', 'diamond', 'x', 'diamond']","['square', 'y', 'diamond', 'x', 'square']"
Iteration: ,15860
Error:,0.026238266078948583
Absolute Error:,0.028553701827822627
Transition Probabilities
0.0004096681687832857,0.0004096681687832857,0.026492339234854608,0.9726883244275789
0.9615384391331969,0.037529594417595236,0.00046598322460391424,0.00046598322460391424
0.026529787123852164,0.021924037165080255,0.9162337457795431,0.035312429931524565
0.024758752416607306,0.014901928394136418,0.9367812560834902,0.023558063105766212

0.027878651538309075,0.01905005374626331,0.015433014506762259,0.9376382802086654
0.033297099882999254,0.016706027288612816,0.8874902938882249,0.06250657894016298
0.00034214899457632783,0.9516973262649738,0.03376711150097007,0.01419341323947992
0.9570396322790875,0.0006239160153022828,0.02948869955847948,0.012847752147130697

Transition Gammas
1.0,1.0,64.66780007228007,2374.332199927719
2063.4614903798406,80.53850962015937,1.0,1.0
33.97927862060502,28.0802466994161,1173.5096698703978,45.22806345231012
52.253370358140785,31.450533949642626,1977.0777256878664,49.7193144336445

42.39897016414434,28.97208494116978,23.471146755999364,1425.9978612200146
33.304250114029955,16.709614746834056,887.6808738684965,62.52000162507942
1.0835331106746102,3013.8786923091593,106.9352356520819,44.94835128043337
1771.6230386890986,1.1549615602484151,54.587979177385286,23.78310461921028

