0,1,2,3,4,5,6,7,8,9,10,11,12,13,14,15,16,17,18,19,20,21,22,23,24,25,26,27,28,29
github Code Version (SHA):,528ca1c557fe8e6666681dc5c9134b0f84d30530
Environment Observations,Environment Actions,alpha,epsilon,numActions,explore,patience,gainThresh,insertRandActions,useUpdatedPosterior,revisedSplitting,haveControl,confidence_factor
"['diamond', 'square']","['x', 'y']",0.7,0.99,75000,0.5,0,0.01,False,True,False,True,250

Model Num 0
Model States: 
['diamond'],['square']
Iteration: ,0
Error:,0.3570991513205462
Absolute Error:,1
Transition Probabilities
0.5,0.5
0.5,0.5

0.5,0.5
0.5,0.5

Transition Gammas
1.0,1.0
1.0,1.0

1.0,1.0
1.0,1.0

Iteration: ,2389
Error:,0.04016043490175008
Absolute Error:,1
Transition Probabilities
0.48035714285714287,0.5196428571428572
0.2052469135802469,0.7947530864197531

0.22,0.78
0.7962154294032023,0.20378457059679767


Model Num 1
Model States: 
['square'],"['diamond', 'x', 'square']","['diamond', 'x', 'diamond']"
Iteration: ,0
Error:,0.4331905692320699
Absolute Error:,1
Transition Probabilities
0.3333333333333333,0.3333333333333333,0.3333333333333333
0.3333333333333333,0.3333333333333333,0.3333333333333333
0.3333333333333333,0.3333333333333333,0.3333333333333333

0.3333333333333333,0.3333333333333333,0.3333333333333333
0.3333333333333333,0.3333333333333333,0.3333333333333333
0.3333333333333333,0.3333333333333333,0.3333333333333333

Transition Gammas
1.0,1.0,1.0
1.0,1.0,1.0
1.0,1.0,1.0

1.0,1.0,1.0
1.0,1.0,1.0
1.0,1.0,1.0

Iteration: ,2500
Error:,0.037954370488011674
Absolute Error:,1
Transition Probabilities
0.7876631079478055,0.09764312598062022,0.11469376607157432
0.9959266802443992,0.002036659877800407,0.002036659877800407
0.0025252525252525255,0.6907459248617859,0.30672882261296164

0.18072289156626506,0.350190398476078,0.46908670995765694
0.7440817792533517,0.06207632361850301,0.19384189712814523
0.8475618396047722,0.11825482373201698,0.03418333666321088

Transition Gammas
664.0,82.31315520166285,96.68684479833715
489.0,1.0,1.0
1.0,273.53538624526715,121.46461375473278

105.0,203.46062151460134,272.5393784853987
33.10696628510979,2.762006556864746,8.624747079955213
72.51601111160869,10.117690192082106,2.9246706322422114

Iteration: ,2982
Error:,0.04116833978624094
Absolute Error:,1
Transition Probabilities
0.793141592920354,0.09737461319268445,0.10948379388696157
0.9966996699669967,0.0016501650165016502,0.0016501650165016502
0.0020576131687242804,0.6797198916552696,0.3182224951760061

0.17733333333333334,0.3730426204156452,0.4496240462510215
0.7225927061129538,0.06261964631107829,0.2147876475759678
0.8383703369558172,0.12443613552965752,0.037193527514525274


Model Num 2
Model States: 
"['diamond', 'x', 'square']","['diamond', 'x', 'diamond']","['square', 'y', 'diamond', 'x', 'diamond']","['square', 'y', 'diamond', 'x', 'square']"
Iteration: ,0
Error:,0.35479401559507395
Absolute Error:,0.4499999999999999
Transition Probabilities
0.25,0.25,0.25,0.25
0.25,0.25,0.25,0.25
0.25,0.25,0.25,0.25
0.25,0.25,0.25,0.25

0.25,0.25,0.25,0.25
0.25,0.25,0.25,0.25
0.25,0.25,0.25,0.25
0.25,0.25,0.25,0.25

Transition Gammas
1.0,1.0,1.0,1.0
1.0,1.0,1.0,1.0
1.0,1.0,1.0,1.0
1.0,1.0,1.0,1.0

1.0,1.0,1.0,1.0
1.0,1.0,1.0,1.0
1.0,1.0,1.0,1.0
1.0,1.0,1.0,1.0

Iteration: ,2500
Error:,0.19572391093945654
Absolute Error:,0.31572603709059366
Transition Probabilities
0.0012562814070351757,0.0012562814070351757,0.33637967428247767,0.661107762903452
0.6936084377154473,0.3022763359471042,0.00205761316872428,0.00205761316872428
0.21258374827087279,0.21258374827087279,0.2874162517291272,0.2874162517291272
0.25,0.25,0.25,0.25

0.22335326202431033,0.22335326202431033,0.22335326202431033,0.32994021392706896
0.15286957816839147,0.15286957816839147,0.2090742899186441,0.4851865537445729
0.003007844269195144,0.9655180104116413,0.015737072659581745,0.015737072659581745
0.7607148001438877,0.0019349683416334674,0.11867511575723944,0.11867511575723944

Transition Gammas
1.0,1.0,267.7582207288523,526.2417792711478
337.0937007297074,146.90629927029264,1.0,1.0
1.0,1.0,1.352014225296768,1.352014225296768
1.0,1.0,1.0,1.0

1.0,1.0,1.0,1.477212425449857
1.0,1.0,1.3676644655115164,3.173859439908456
1.0,321.0,5.232010453716994,5.232010453716994
440.5799108674565,1.1206672715280062,68.73255510819543,68.73255510819543

Iteration: ,5000
Error:,0.1908722057334203
Absolute Error:,0.3205006321851742
Transition Probabilities
0.0006230529595015573,0.0006230529595015573,0.332315127959384,0.666438766121613
0.6713799017125816,0.32663990026761647,0.0009900990099009901,0.0009900990099009901
0.21258374827087279,0.21258374827087279,0.2874162517291272,0.2874162517291272
0.25,0.25,0.25,0.25

0.22335326202431033,0.22335326202431033,0.22335326202431033,0.32994021392706896
0.15286957816839147,0.15286957816839147,0.2090742899186441,0.4851865537445729
0.0015326515607852521,0.9824296504633466,0.008018848987934106,0.008018848987934106
0.749817867472275,0.0009488656341131348,0.12461663344680594,0.12461663344680594

Transition Gammas
1.0,1.0,533.3657803748116,1069.6342196251894
678.0937007297074,329.9062992702926,1.0,1.0
1.0,1.0,1.352014225296768,1.352014225296768
1.0,1.0,1.0,1.0

1.0,1.0,1.0,1.477212425449857
1.0,1.0,1.3676644655115164,3.173859439908456
1.0,641.0,5.232010453716994,5.232010453716994
885.5799108674564,1.1206672715280062,147.17972447423102,147.17972447423102

Iteration: ,7500
Error:,0.19145116343287838
Absolute Error:,0.3198605196009907
Transition Probabilities
0.0004106776180698152,0.0004106776180698152,0.3191434277014365,0.6800352170624238
0.6698360191276348,0.32883242294959564,0.0006657789613848203,0.0006657789613848203
0.21258374827087279,0.21258374827087279,0.2874162517291272,0.2874162517291272
0.25,0.25,0.25,0.25

0.22335326202431033,0.22335326202431033,0.22335326202431033,0.32994021392706896
0.15286957816839147,0.15286957816839147,0.2090742899186441,0.4851865537445729
0.0010510118911761647,0.9879511777055948,0.005498905201614561,0.005498905201614561
0.7475275188542252,0.0006121159738604381,0.12593018258595715,0.12593018258595715

Transition Gammas
1.0,1.0,777.1142464529979,1655.885753547002
1006.0937007297074,493.9062992702926,1.0,1.0
1.0,1.0,1.352014225296768,1.352014225296768
1.0,1.0,1.0,1.0

1.0,1.0,1.0,1.477212425449857
1.0,1.0,1.3676644655115164,3.173859439908456
1.0,940.0,5.232010453716994,5.232010453716994
1368.5799108674564,1.1206672715280062,230.55407822734713,230.55407822734713

Iteration: ,10000
Error:,0.19505374175796586
Absolute Error:,0.3219222285003198
Transition Probabilities
0.0003084515731030227,0.0003084515731030227,0.3221284117965549,0.677254685057239
0.6598095171251023,0.3392042895810121,0.0004930966469428008,0.0004930966469428008
0.21258374827087279,0.21258374827087279,0.2874162517291272,0.2874162517291272
0.25,0.25,0.25,0.25

0.22335326202431033,0.22335326202431033,0.22335326202431033,0.32994021392706896
0.15286957816839147,0.15286957816839147,0.2090742899186441,0.4851865537445729
0.0007908489157978229,0.9909336914946721,0.00413772979476496,0.00413772979476496
0.7437340470004332,0.00045780929484019614,0.12790407185236335,0.12790407185236335

Transition Gammas
1.0,1.0,1044.3403110444312,2195.6596889555694
1338.0937007297075,687.9062992702926,1.0,1.0
1.0,1.0,1.352014225296768,1.352014225296768
1.0,1.0,1.0,1.0

1.0,1.0,1.0,1.477212425449857
1.0,1.0,1.3676644655115164,3.173859439908456
1.0,1253.0,5.232010453716994,5.232010453716994
1820.5799108674564,1.1206672715280062,313.0952316513013,313.0952316513013

Iteration: ,12500
Error:,0.19205159232518096
Absolute Error:,0.3224519041455779
Transition Probabilities
0.00024594195769798315,0.00024594195769798315,0.32415136660233235,0.6753567494822716
0.6597780089101166,0.33943798481783327,0.0003920031360250882,0.0003920031360250882
0.21258374827087279,0.21258374827087279,0.2874162517291272,0.2874162517291272
0.25,0.25,0.25,0.25

0.22335326202431033,0.22335326202431033,0.22335326202431033,0.32994021392706896
0.15286957816839147,0.15286957816839147,0.2090742899186441,0.4851865537445729
0.0006259921894403314,0.9928236124523656,0.0032751976790970022,0.0032751976790970022
0.7448368366514959,0.00036697513306773567,0.1273980941077182,0.1273980941077182

Transition Gammas
1.0,1.0,1317.999456605084,2746.000543394918
1683.0937007297075,865.9062992702926,1.0,1.0
1.0,1.0,1.352014225296768,1.352014225296768
1.0,1.0,1.0,1.0

1.0,1.0,1.0,1.477212425449857
1.0,1.0,1.3676644655115164,3.173859439908456
1.0,1586.0,5.232010453716994,5.232010453716994
2274.5799108674564,1.1206672715280062,389.0478172950544,389.0478172950544

Iteration: ,15000
Error:,0.19738131422544583
Absolute Error:,0.32334930011777063
Transition Probabilities
0.00020491803278688516,0.00020491803278688516,0.32321917501396474,0.6763709889204615
0.653025293206285,0.3463236651270483,0.0003255208333333333,0.0003255208333333333
0.21258374827087279,0.21258374827087279,0.2874162517291272,0.2874162517291272
0.25,0.25,0.25,0.25

0.22335326202431033,0.22335326202431033,0.22335326202431033,0.32994021392706896
0.15286957816839147,0.15286957816839147,0.2090742899186441,0.4851865537445729
0.000524531273096894,0.9939867625186142,0.002744353104144433,0.002744353104144433
0.745063138639368,0.0003044461426215944,0.12731620760900517,0.12731620760900517

Transition Gammas
1.0,1.0,1577.3095740681485,3300.6904259318535
2006.0937007297075,1063.9062992702925,1.0,1.0
1.0,1.0,1.352014225296768,1.352014225296768
1.0,1.0,1.0,1.0

1.0,1.0,1.0,1.477212425449857
1.0,1.0,1.3676644655115164,3.173859439908456
1.0,1895.0,5.232010453716994,5.232010453716994
2742.5799108674564,1.1206672715280062,468.6513869870814,468.6513869870814

Iteration: ,17500
Error:,0.19314874391411574
Absolute Error:,0.3237864632435521
Transition Probabilities
0.00017577781683951474,0.00017577781683951474,0.3245504048890631,0.6750980394772579
0.6518737706945561,0.3475705193860218,0.0002778549597110308,0.0002778549597110308
0.21258374827087279,0.21258374827087279,0.2874162517291272,0.2874162517291272
0.25,0.25,0.25,0.25

0.22335326202431033,0.22335326202431033,0.22335326202431033,0.32994021392706896
0.15286957816839147,0.15286957816839147,0.2090742899186441,0.4851865537445729
0.0004481362865950874,0.994862556241094,0.0023446537361554117,0.0023446537361554117
0.7428975194779049,0.0002610189929217998,0.1284207307645866,0.1284207307645866

Transition Gammas
1.0,1.0,1846.3672534138811,3840.6327465861227
2346.0937007297075,1250.9062992702925,1.0,1.0
1.0,1.0,1.352014225296768,1.352014225296768
1.0,1.0,1.0,1.0

1.0,1.0,1.0,1.477212425449857
1.0,1.0,1.3676644655115164,3.173859439908456
1.0,2220.0,5.232010453716994,5.232010453716994
3189.5799108674564,1.1206672715280062,551.3656624853305,551.3656624853305

Iteration: ,20000
Error:,0.19610851332238657
Absolute Error:,0.3232536686215596
Transition Probabilities
0.00015323322096230438,0.00015323322096230438,0.3215818490777333,0.6781116844803422
0.6538878915679324,0.345622871641461,0.0002446183953033268,0.0002446183953033268
0.21258374827087279,0.21258374827087279,0.2874162517291272,0.2874162517291272
0.25,0.25,0.25,0.25

0.22335326202431033,0.22335326202431033,0.22335326202431033,0.32994021392706896
0.15286957816839147,0.15286957816839147,0.2090742899186441,0.4851865537445729
0.00039409425779459345,0.995482095189143,0.0020619052765311527,0.0020619052765311527
0.7449871383510572,0.00022671136102045219,0.1273930751439612,0.1273930751439612

Transition Gammas
1.0,1.0,2098.643147081291,4425.3568529187205
2673.0937007297075,1412.9062992702925,1.0,1.0
1.0,1.0,1.352014225296768,1.352014225296768
1.0,1.0,1.0,1.0

1.0,1.0,1.0,1.477212425449857
1.0,1.0,1.3676644655115164,3.173859439908456
1.0,2526.0,5.232010453716994,5.232010453716994
3682.5799108674564,1.1206672715280062,629.7225215822601,629.7225215822601

Iteration: ,22500
Error:,0.19678638718148594
Absolute Error:,0.3236472907200534
Transition Probabilities
0.00013646288209606973,0.00013646288209606973,0.32092744697167924,0.6787996272641287
0.6506488298070454,0.3489177068206096,0.00021673168617251842,0.00021673168617251842
0.21258374827087279,0.21258374827087279,0.2874162517291272,0.2874162517291272
0.25,0.25,0.25,0.25

0.22335326202431033,0.22335326202431033,0.22335326202431033,0.32994021392706896
0.15286957816839147,0.15286957816839147,0.2090742899186441,0.4851865537445729
0.00035193125538174,0.9959654527303242,0.0018413080071470085,0.0018413080071470085
0.742965763991425,0.00020152518734562646,0.12841635541061477,0.12841635541061477

Transition Gammas
1.0,1.0,2351.7563314084678,4974.24366859154
3002.0937007297075,1609.9062992702925,1.0,1.0
1.0,1.0,1.352014225296768,1.352014225296768
1.0,1.0,1.0,1.0

1.0,1.0,1.0,1.477212425449857
1.0,1.0,1.3676644655115164,3.173859439908456
1.0,2830.0,5.232010453716994,5.232010453716994
4131.579910867456,1.1206672715280062,714.1142431529792,714.1142431529792

Iteration: ,25000
Error:,0.19242130539128938
Absolute Error:,0.3241365265011402
Transition Probabilities
0.00012292562999385363,0.00012292562999385363,0.3219420324833415,0.6778121162566707
0.6482203499960559,0.35139092308460496,0.00019436345966958212,0.00019436345966958212
0.21258374827087279,0.21258374827087279,0.2874162517291272,0.2874162517291272
0.25,0.25,0.25,0.25

0.22335326202431033,0.22335326202431033,0.22335326202431033,0.32994021392706896
0.15286957816839147,0.15286957816839147,0.2090742899186441,0.4851865537445729
0.00031650938050966905,0.9963715298444381,0.001655980387526078,0.001655980387526078
0.7417682497098067,0.00018151782842259324,0.1290251162308854,0.1290251162308854

Transition Gammas
1.0,1.0,2618.998434251985,5514.00156574802
3335.0937007297075,1807.9062992702925,1.0,1.0
1.0,1.0,1.352014225296768,1.352014225296768
1.0,1.0,1.0,1.0

1.0,1.0,1.0,1.477212425449857
1.0,1.0,1.3676644655115164,3.173859439908456
1.0,3148.0,5.232010453716994,5.232010453716994
4579.579910867456,1.1206672715280062,796.5841494556618,796.5841494556618

Iteration: ,27500
Error:,0.1923516049829075
Absolute Error:,0.3241568991258513
Transition Probabilities
0.00011189437171310279,0.00011189437171310279,0.3209427802597373,0.6788334309968365
0.6474286699752178,0.35221803555384074,0.0001766472354707649,0.0001766472354707649
0.21258374827087279,0.21258374827087279,0.2874162517291272,0.2874162517291272
0.25,0.25,0.25,0.25

0.22335326202431033,0.22335326202431033,0.22335326202431033,0.32994021392706896
0.15286957816839147,0.15286957816839147,0.2090742899186441,0.4851865537445729
0.00028872827722864524,0.9966900129932834,0.0015106293647439701,0.0015106293647439701
0.7396919041229271,0.00016488022520994,0.13007160782593152,0.13007160782593152

Transition Gammas
1.0,1.0,2868.265627181274,6066.73437281873
3665.0937007297075,1993.9062992702925,1.0,1.0
1.0,1.0,1.352014225296768,1.352014225296768
1.0,1.0,1.0,1.0

1.0,1.0,1.0,1.477212425449857
1.0,1.0,1.3676644655115164,3.173859439908456
1.0,3452.0,5.232010453716994,5.232010453716994
5027.579910867456,1.1206672715280062,884.0780855311434,884.0780855311434

Iteration: ,30000
Error:,0.1946549630151761
Absolute Error:,0.32427408758567383
Transition Probabilities
0.00010239606799098913,0.00010239606799098913,0.3218410986290419,0.6779541092349761
0.6477203782691835,0.35195641552525736,0.00016160310277957336,0.00016160310277957336
0.21258374827087279,0.21258374827087279,0.2874162517291272,0.2874162517291272
0.25,0.25,0.25,0.25

0.22335326202431033,0.22335326202431033,0.22335326202431033,0.32994021392706896
0.15286957816839147,0.15286957816839147,0.2090742899186441,0.4851865537445729
0.000263680813974005,0.9969771576357127,0.0013795807751566,0.0013795807751566
0.7408630296619589,0.00015121552978109137,0.12949287740412999,0.12949287740412999

Transition Gammas
1.0,1.0,3143.100169211224,6620.899830788778
4008.0937007297075,2177.9062992702925,1.0,1.0
1.0,1.0,1.352014225296768,1.352014225296768
1.0,1.0,1.0,1.0

1.0,1.0,1.0,1.477212425449857
1.0,1.0,1.3676644655115164,3.173859439908456
1.0,3781.0,5.232010453716994,5.232010453716994
5490.579910867456,1.1206672715280062,959.6794047071689,959.6794047071689

Iteration: ,32500
Error:,0.19278659518979538
Absolute Error:,0.32449011081263784
Transition Probabilities
9.444654325651685e-05,9.444654325651685e-05,0.32226468958250426,0.6775464173309826
0.6466875577808762,0.3530147788763644,0.0001488316713796696,0.0001488316713796696
0.21258374827087279,0.21258374827087279,0.2874162517291272,0.2874162517291272
0.25,0.25,0.25,0.25

0.22335326202431033,0.22335326202431033,0.22335326202431033,0.32994021392706896
0.15286957816839147,0.15286957816839147,0.2090742899186441,0.4851865537445729
0.00024322236432444615,0.9972116937302292,0.0012725419527232654,0.0012725419527232654
0.7414539570980037,0.00013952011315446114,0.12920326139442093,0.12920326139442093

Transition Gammas
1.0,1.0,3412.138533299554,7173.861466700442
4345.093700729707,2371.9062992702925,1.0,1.0
1.0,1.0,1.352014225296768,1.352014225296768
1.0,1.0,1.0,1.0

1.0,1.0,1.0,1.477212425449857
1.0,1.0,1.3676644655115164,3.173859439908456
1.0,4100.0,5.232010453716994,5.232010453716994
5955.579910867456,1.1206672715280062,1037.7992329973658,1037.7992329973658

Iteration: ,35000
Error:,0.19538658445139323
Absolute Error:,0.32464624152929034
Transition Probabilities
8.75886835420864e-05,8.75886835420864e-05,0.3233860724010633,0.6764387502318525
0.6467955952402247,0.3529282379550252,0.00013808340237503452,0.00013808340237503452
0.21258374827087279,0.21258374827087279,0.2874162517291272,0.2874162517291272
0.25,0.25,0.25,0.25

0.22335326202431033,0.22335326202431033,0.22335326202431033,0.32994021392706896
0.15286957816839147,0.15286957816839147,0.2090742899186441,0.4851865537445729
0.00022540473568304973,0.9974159553974951,0.0011793199334110321,0.0011793199334110321
0.7419215820621113,0.00012957794442006485,0.1289744199967343,0.1289744199967343

Transition Gammas
1.0,1.0,3692.098788602938,7722.901211397057
4684.093700729707,2555.9062992702925,1.0,1.0
1.0,1.0,1.352014225296768,1.352014225296768
1.0,1.0,1.0,1.0

1.0,1.0,1.0,1.477212425449857
1.0,1.0,1.3676644655115164,3.173859439908456
1.0,4425.0,5.232010453716994,5.232010453716994
6416.579910867456,1.1206672715280062,1115.4476327089046,1115.4476327089046

Iteration: ,37500
Error:,0.19620826870363484
Absolute Error:,0.3245769992564854
Transition Probabilities
8.172605426610003e-05,8.172605426610003e-05,0.3222231173121557,0.6776134305793121
0.6463802994103609,0.35336166936786123,0.00012901561088891756,0.00012901561088891756
0.21258374827087279,0.21258374827087279,0.2874162517291272,0.2874162517291272
0.25,0.25,0.25,0.25

0.22335326202431033,0.22335326202431033,0.22335326202431033,0.32994021392706896
0.15286957816839147,0.15286957816839147,0.2090742899186441,0.4851865537445729
0.00021086085115067628,0.9975826867938494,0.0011032261775000011,0.0011032261775000011
0.7417488827975645,0.00012072384714201519,0.12906519667764677,0.12906519667764677

Transition Gammas
1.0,1.0,3942.722063431537,8291.277936568464
5010.093700729707,2738.9062992702925,1.0,1.0
1.0,1.0,1.352014225296768,1.352014225296768
1.0,1.0,1.0,1.0

1.0,1.0,1.0,1.477212425449857
1.0,1.0,1.3676644655115164,3.173859439908456
1.0,4731.0,5.232010453716994,5.232010453716994
6885.579910867456,1.1206672715280062,1198.0991762117687,1198.0991762117687

Iteration: ,40000
Error:,0.19216105700463307
Absolute Error:,0.32440885113400963
Transition Probabilities
7.664009809932558e-05,7.664009809932558e-05,0.3210279063269282,0.6788188134768731
0.6466990658492728,0.35305827460207384,0.00012132977432661975,0.00012132977432661975
0.21258374827087279,0.21258374827087279,0.2874162517291272,0.2874162517291272
0.25,0.25,0.25,0.25

0.22335326202431033,0.22335326202431033,0.22335326202431033,0.32994021392706896
0.15286957816839147,0.15286957816839147,0.2090742899186441,0.4851865537445729
0.0001981585513850913,0.9977283062239346,0.0010367676123402138,0.0010367676123402138
0.7408726660783947,0.0001129225060194958,0.1295072057077929,0.1295072057077929

Transition Gammas
1.0,1.0,4188.772121753758,8857.22787824624
5330.093700729707,2909.9062992702925,1.0,1.0
1.0,1.0,1.352014225296768,1.352014225296768
1.0,1.0,1.0,1.0

1.0,1.0,1.0,1.477212425449857
1.0,1.0,1.3676644655115164,3.173859439908456
1.0,5035.0,5.232010453716994,5.232010453716994
7352.579910867456,1.1206672715280062,1285.2574033267679,1285.2574033267679

Iteration: ,42500
Error:,0.19253656323568136
Absolute Error:,0.3243637642411118
Transition Probabilities
7.22595563263241e-05,7.22595563263241e-05,0.32075798951086537,0.679097491376482
0.6469420146851137,0.3528298310826252,0.00011407711613050422,0.00011407711613050422
0.21258374827087279,0.21258374827087279,0.2874162517291272,0.2874162517291272
0.25,0.25,0.25,0.25

0.22335326202431033,0.22335326202431033,0.22335326202431033,0.32994021392706896
0.15286957816839147,0.15286957816839147,0.2090742899186441,0.4851865537445729
0.0001867251831206513,0.9978593785967605,0.0009769481100594675,0.0009769481100594675
0.738796092284473,0.00010632968651621492,0.13054878901450545,0.13054878901450545

Transition Gammas
1.0,1.0,4438.969816840869,9398.03018315914
5671.093700729707,3092.9062992702925,1.0,1.0
1.0,1.0,1.352014225296768,1.352014225296768
1.0,1.0,1.0,1.0

1.0,1.0,1.0,1.477212425449857
1.0,1.0,1.3676644655115164,3.173859439908456
1.0,5344.0,5.232010453716994,5.232010453716994
7786.579910867456,1.1206672715280062,1375.9257642865396,1375.9257642865396

Iteration: ,45000
Error:,0.19283471689142329
Absolute Error:,0.3245807610982234
Transition Probabilities
6.835269993164719e-05,6.835269993164719e-05,0.3201945712991979,0.6796687233009387
0.6447752801303002,0.3550092954836592,0.00010771219302024989,0.00010771219302024989
0.21258374827087279,0.21258374827087279,0.2874162517291272,0.2874162517291272
0.25,0.25,0.25,0.25

0.22335326202431033,0.22335326202431033,0.22335326202431033,0.32994021392706896
0.15286957816839147,0.15286957816839147,0.2090742899186441,0.4851865537445729
0.00017678889078120148,0.9979732884598824,0.000924961324668278,0.000924961324668278
0.7376139742538877,0.00010031088211133166,0.13114285743200038,0.13114285743200038

Transition Gammas
1.0,1.0,4684.446578107274,9943.553421892751
5986.093700729707,3295.9062992702925,1.0,1.0
1.0,1.0,1.352014225296768,1.352014225296768
1.0,1.0,1.0,1.0

1.0,1.0,1.0,1.477212425449857
1.0,1.0,1.3676644655115164,3.173859439908456
1.0,5645.0,5.232010453716994,5.232010453716994
8240.579910867456,1.1206672715280062,1465.1202853105399,1465.1202853105399

Iteration: ,47500
Error:,0.19220093646309278
Absolute Error:,0.3242783111474653
Transition Probabilities
6.47500647500647e-05,6.47500647500647e-05,0.3192910520915396,0.6805794477789603
0.6464122096745172,0.35338310298539477,0.00010234367004400778,0.00010234367004400778
0.21258374827087279,0.21258374827087279,0.2874162517291272,0.2874162517291272
0.25,0.25,0.25,0.25

0.22335326202431033,0.22335326202431033,0.22335326202431033,0.32994021392706896
0.15286957816839147,0.15286957816839147,0.2090742899186441,0.4851865537445729
0.00016765965835231243,0.998077946171316,0.0008771970851659184,0.0008771970851659184
0.7361881219099587,9.485649368755002e-05,0.13185851079817676,0.13185851079817676

Transition Gammas
1.0,1.0,4931.13100850174,10510.86899149827
6316.093700729707,3452.9062992702925,1.0,1.0
1.0,1.0,1.352014225296768,1.352014225296768
1.0,1.0,1.0,1.0

1.0,1.0,1.0,1.477212425449857
1.0,1.0,1.3676644655115164,3.173859439908456
1.0,5953.0,5.232010453716994,5.232010453716994
8697.579910867456,1.1206672715280062,1557.8218399119864,1557.8218399119864

Iteration: ,50000
Error:,0.19320518256698418
Absolute Error:,0.3243833835838069
Transition Probabilities
6.157256326580874e-05,6.157256326580874e-05,0.3190966486195747,0.6807802062538937
0.6454865780987682,0.3543193225223498,9.704968944099378e-05,9.704968944099378e-05
0.21258374827087279,0.21258374827087279,0.2874162517291272,0.2874162517291272
0.25,0.25,0.25,0.25

0.22335326202431033,0.22335326202431033,0.22335326202431033,0.32994021392706896
0.15286957816839147,0.15286957816839147,0.2090742899186441,0.4851865537445729
0.00015945240165075644,0.9981720343337352,0.0008342566323070385,0.0008342566323070385
0.7357126651292277,9.018123036353543e-05,0.13209857682020434,0.13209857682020434

Transition Gammas
1.0,1.0,5182.448670230514,11056.55132976949
6651.093700729707,3650.9062992702925,1.0,1.0
1.0,1.0,1.352014225296768,1.352014225296768
1.0,1.0,1.0,1.0

1.0,1.0,1.0,1.477212425449857
1.0,1.0,1.3676644655115164,3.173859439908456
1.0,6260.0,5.232010453716994,5.232010453716994
9142.579910867456,1.1206672715280062,1641.567220374609,1641.567220374609

Iteration: ,52500
Error:,0.19102277261493886
Absolute Error:,0.3244505044136041
Transition Probabilities
5.870267097152918e-05,5.870267097152918e-05,0.319197863489065,0.6806847311689919
0.6451520801337245,0.3546634350401524,9.224241306152569e-05,9.224241306152569e-05
0.21258374827087279,0.21258374827087279,0.2874162517291272,0.2874162517291272
0.25,0.25,0.25,0.25

0.22335326202431033,0.22335326202431033,0.22335326202431033,0.32994021392706896
0.15286957816839147,0.15286957816839147,0.2090742899186441,0.4851865537445729
0.0001518265334518942,0.9982594574462044,0.0007943580101719233,0.0007943580101719233
0.7339947108626949,8.596509174828149e-05,0.1329596620227783,0.1329596620227783

Transition Gammas
1.0,1.0,5437.535604536224,11595.464395463781
6994.093700729707,3844.9062992702925,1.0,1.0
1.0,1.0,1.352014225296768,1.352014225296768
1.0,1.0,1.0,1.0

1.0,1.0,1.0,1.477212425449857
1.0,1.0,1.3676644655115164,3.173859439908456
1.0,6575.0,5.232010453716994,5.232010453716994
9568.579910867456,1.1206672715280062,1733.302886462999,1733.302886462999

Iteration: ,55000
Error:,0.19370921956006906
Absolute Error:,0.3243002051859276
Transition Probabilities
5.601299501484342e-05,5.601299501484342e-05,0.3179328618067275,0.6819551122032429
0.6451752695467138,0.3546480207872674,8.835483300936562e-05,8.835483300936562e-05
0.21258374827087279,0.21258374827087279,0.2874162517291272,0.2874162517291272
0.25,0.25,0.25,0.25

0.22335326202431033,0.22335326202431033,0.22335326202431033,0.32994021392706896
0.15286957816839147,0.15286957816839147,0.2090742899186441,0.4851865537445729
0.00014538129398662992,0.9983333458061876,0.0007606364499129512,0.0007606364499129512
0.7344064034548811,8.183133792088285e-05,0.13275588260359902,0.13275588260359902

Transition Gammas
1.0,1.0,5676.055381835508,12174.9446181645
7302.093700729707,4013.9062992702925,1.0,1.0
1.0,1.0,1.352014225296768,1.352014225296768
1.0,1.0,1.0,1.0

1.0,1.0,1.0,1.477212425449857
1.0,1.0,1.3676644655115164,3.173859439908456
1.0,6867.0,5.232010453716994,5.232010453716994
10057.579910867456,1.1206672715280062,1818.0708823373777,1818.0708823373777

Iteration: ,57500
Error:,0.19269456643164093
Absolute Error:,0.32444503482302856
Transition Probabilities
5.3610679247306056e-05,5.3610679247306056e-05,0.31920293928274734,0.680689839358758
0.6453734341321717,0.354457732506356,8.441668073611346e-05,8.441668073611346e-05
0.21258374827087279,0.21258374827087279,0.2874162517291272,0.2874162517291272
0.25,0.25,0.25,0.25

0.22335326202431033,0.22335326202431033,0.22335326202431033,0.32994021392706896
0.15286957816839147,0.15286957816839147,0.2090742899186441,0.4851865537445729
0.00013880283073077873,0.9984087614464915,0.0007262178613889447,0.0007262178613889447
0.7335449180437613,7.839907652559476e-05,0.13318834143985647,0.13318834143985647

Transition Gammas
1.0,1.0,5954.092426441087,12696.907573558916
7645.093700729707,4198.906299270293,1.0,1.0
1.0,1.0,1.352014225296768,1.352014225296768
1.0,1.0,1.0,1.0

1.0,1.0,1.0,1.477212425449857
1.0,1.0,1.3676644655115164,3.173859439908456
1.0,7193.0,5.232010453716994,5.232010453716994
10485.579910867456,1.1206672715280062,1903.8465989075257,1903.8465989075257

Iteration: ,60000
Error:,0.19280984607050505
Absolute Error:,0.3244359223220085
Transition Probabilities
5.1398026315789444e-05,5.1398026315789444e-05,0.3197373226864318,0.6801598812609367
0.6460568086730657,0.35378127422848876,8.095854922279793e-05,8.095854922279793e-05
0.21258374827087279,0.21258374827087279,0.2874162517291272,0.2874162517291272
0.25,0.25,0.25,0.25

0.22335326202431033,0.22335326202431033,0.22335326202431033,0.32994021392706896
0.15286957816839147,0.15286957816839147,0.2090742899186441,0.4851865537445729
0.00013305898308049619,0.9984746090360433,0.0006961659904381086,0.0006961659904381086
0.7326918818958801,7.507180005506854e-05,0.1336165231520324,0.1336165231520324

Transition Gammas
1.0,1.0,6220.80935018722,13233.190649812792
7980.093700729707,4369.906299270293,1.0,1.0
1.0,1.0,1.352014225296768,1.352014225296768
1.0,1.0,1.0,1.0

1.0,1.0,1.0,1.477212425449857
1.0,1.0,1.3676644655115164,3.173859439908456
1.0,7504.0,5.232010453716994,5.232010453716994
10937.579910867456,1.1206672715280062,1994.6193420432976,1994.6193420432976

Iteration: ,62500
Error:,0.1907085003713879
Absolute Error:,0.3244435703914889
Transition Probabilities
4.937783922575544e-05,4.937783922575544e-05,0.31950812327365,0.6803931210478984
0.6458357593289563,0.354008731768159,7.775445144234507e-05,7.775445144234507e-05
0.21258374827087279,0.21258374827087279,0.2874162517291272,0.2874162517291272
0.25,0.25,0.25,0.25

0.22335326202431033,0.22335326202431033,0.22335326202431033,0.32994021392706896
0.15286957816839147,0.15286957816839147,0.2090742899186441,0.4851865537445729
0.00012783695742508465,0.9985344744473362,0.0006688442976194171,0.0006688442976194171
0.7316038740609341,7.201078239331594e-05,0.13416205757833632,0.13416205757833632

Transition Gammas
1.0,1.0,6470.678512537965,13779.321487462048
8306.093700729707,4552.906299270293,1.0,1.0
1.0,1.0,1.352014225296768,1.352014225296768
1.0,1.0,1.0,1.0

1.0,1.0,1.0,1.477212425449857
1.0,1.0,1.3676644655115164,3.173859439908456
1.0,7811.0,5.232010453716994,5.232010453716994
11385.579910867456,1.1206672715280062,2087.8960346201297,2087.8960346201297

Iteration: ,65000
Error:,0.1942942137562574
Absolute Error:,0.32435642970097434
Transition Probabilities
4.750142504275122e-05,4.750142504275122e-05,0.31836357804332277,0.6815414191065918
0.645450673404886,0.3543996931969395,7.481669908723627e-05,7.481669908723627e-05
0.21258374827087279,0.21258374827087279,0.2874162517291272,0.2874162517291272
0.25,0.25,0.25,0.25

0.22335326202431033,0.22335326202431033,0.22335326202431033,0.32994021392706896
0.15286957816839147,0.15286957816839147,0.2090742899186441,0.4851865537445729
0.00012316083887126329,0.9985880815682028,0.0006443787964630039,0.0006443787964630039
0.7307782217614863,6.915962583016004e-05,0.13457630930634168,0.13457630930634168

Transition Gammas
1.0,1.0,6702.19004496804,14347.809955031991
8627.093700729707,4736.906299270293,1.0,1.0
1.0,1.0,1.352014225296768,1.352014225296768
1.0,1.0,1.0,1.0

1.0,1.0,1.0,1.477212425449857
1.0,1.0,1.3676644655115164,3.173859439908456
1.0,8108.0,5.232010453716994,5.232010453716994
11841.579910867456,1.1206672715280062,2180.6836510800995,2180.6836510800995

Iteration: ,67500
Error:,0.1939743286970003
Absolute Error:,0.3243123826896679
Transition Probabilities
4.572264642677514e-05,4.572264642677514e-05,0.3180840859430165,0.68182446876413
0.6455818464060037,0.35427401983787066,7.206687806284232e-05,7.206687806284232e-05
0.21258374827087279,0.21258374827087279,0.2874162517291272,0.2874162517291272
0.25,0.25,0.25,0.25

0.22335326202431033,0.22335326202431033,0.22335326202431033,0.32994021392706896
0.15286957816839147,0.15286957816839147,0.2090742899186441,0.4851865537445729
0.00011878651467969438,0.9986382289121907,0.0006214922865647681,0.0006214922865647681
0.7305800989179779,6.651760089433177e-05,0.1346766917405639,0.1346766917405639

Transition Gammas
1.0,1.0,6956.817043659721,14912.182956340303
8958.093700729707,4915.906299270293,1.0,1.0
1.0,1.0,1.352014225296768,1.352014225296768
1.0,1.0,1.0,1.0

1.0,1.0,1.0,1.477212425449857
1.0,1.0,1.3676644655115164,3.173859439908456
1.0,8407.0,5.232010453716994,5.232010453716994
12308.579910867456,1.1206672715280062,2268.9898409155835,2268.9898409155835

Iteration: ,70000
Error:,0.19397891600108444
Absolute Error:,0.3243377455197495
Transition Probabilities
4.402377283733211e-05,4.402377283733211e-05,0.3177610798146117,0.6821508726397136
0.645111769660926,0.35474927390191713,6.947821857847565e-05,6.947821857847565e-05
0.21258374827087279,0.21258374827087279,0.2874162517291272,0.2874162517291272
0.25,0.25,0.25,0.25

0.22335326202431033,0.22335326202431033,0.22335326202431033,0.32994021392706896
0.15286957816839147,0.15286957816839147,0.2090742899186441,0.4851865537445729
0.0001145808218291601,0.9986864430629594,0.00059948805760565,0.00059948805760565
0.7321349388437827,6.407704665172429e-05,0.13390049205478277,0.13390049205478277

Transition Gammas
1.0,1.0,7217.942927988914,15495.057072011112
9285.093700729707,5105.906299270293,1.0,1.0
1.0,1.0,1.352014225296768,1.352014225296768
1.0,1.0,1.0,1.0

1.0,1.0,1.0,1.477212425449857
1.0,1.0,1.3676644655115164,3.173859439908456
1.0,8716.0,5.232010453716994,5.232010453716994
12804.579910867456,1.1206672715280062,2341.8354454270543,2341.8354454270543

Iteration: ,72500
Error:,0.1934883418316833
Absolute Error:,0.3241240231742017
Transition Probabilities
4.24917141157474e-05,4.24917141157474e-05,0.3170757332802282,0.6828392832915402
0.6461870428139932,0.3536784762822951,6.724045185583647e-05,6.724045185583647e-05
0.21258374827087279,0.21258374827087279,0.2874162517291272,0.2874162517291272
0.25,0.25,0.25,0.25

0.22335326202431033,0.22335326202431033,0.22335326202431033,0.32994021392706896
0.15286957816839147,0.15286957816839147,0.2090742899186441,0.4851865537445729
0.00011073628084722871,0.9987305169611558,0.0005793733789984416,0.0005793733789984416
0.7320856540007706,6.178555522510263e-05,0.1339262802220021,0.1339262802220021

Transition Gammas
1.0,1.0,7462.060307016895,16069.939692983118
9610.093700729707,5259.906299270293,1.0,1.0
1.0,1.0,1.352014225296768,1.352014225296768
1.0,1.0,1.0,1.0

1.0,1.0,1.0,1.477212425449857
1.0,1.0,1.3676644655115164,3.173859439908456
1.0,9019.0,5.232010453716994,5.232010453716994
13278.579910867456,1.1206672715280062,2429.156758330919,2429.156758330919

Iteration: ,74999
Error:,0.19198109117792686
Absolute Error:,0.3242955763329792
Transition Probabilities
4.104921801239683e-05,4.104921801239683e-05,0.3175731919140129,0.6823447096499623
0.6453620887083603,0.3545081001668263,6.490556240669826e-05,6.490556240669826e-05
0.21258374827087279,0.21258374827087279,0.2874162517291272,0.2874162517291272
0.25,0.25,0.25,0.25

0.22335326202431033,0.22335326202431033,0.22335326202431033,0.32994021392706896
0.15286957816839147,0.15286957816839147,0.2090742899186441,0.4851865537445729
0.00010695800291479624,0.9987738312183673,0.0005596053893589066,0.0005596053893589066
0.7330054412397922,5.975706053256002e-05,0.13346740084983758,0.13346740084983758

Transition Gammas
1.0,1.0,7736.400528217274,16622.599471782745
9943.093700729707,5461.906299270293,1.0,1.0
1.0,1.0,1.352014225296768,1.352014225296768
1.0,1.0,1.0,1.0

1.0,1.0,1.0,1.477212425449857
1.0,1.0,1.3676644655115164,3.173859439908456
1.0,9338.0,5.232010453716994,5.232010453716994
13746.579910867456,1.1206672715280062,2503.01046630003,2503.01046630003

*,*,*,*,*,*,*,*,*,*,*
Model Num 2
Model States: 
"['diamond', 'x', 'square']","['diamond', 'x', 'diamond']","['square', 'y', 'diamond', 'x', 'diamond']","['square', 'y', 'diamond', 'x', 'square']"
Iteration: ,74999
Error:,0.19243154569126358
Absolute Error:,0.32429559272479647
Transition Probabilities
4.104921801239683e-05,4.104921801239683e-05,0.3175731919140129,0.6823447096499623
0.6453620887083603,0.3545081001668263,6.490556240669826e-05,6.490556240669826e-05
0.21258374827087279,0.21258374827087279,0.2874162517291272,0.2874162517291272
0.25,0.25,0.25,0.25

0.22335326202431033,0.22335326202431033,0.22335326202431033,0.32994021392706896
0.15286957816839147,0.15286957816839147,0.2090742899186441,0.4851865537445729
0.00010694656412387895,0.9987739623529055,0.0005595455414852495,0.0005595455414852495
0.7330054412397922,5.975706053256002e-05,0.13346740084983758,0.13346740084983758

Transition Gammas
1.0,1.0,7736.400528217274,16622.599471782745
9943.093700729707,5461.906299270293,1.0,1.0
1.0,1.0,1.352014225296768,1.352014225296768
1.0,1.0,1.0,1.0

1.0,1.0,1.0,1.477212425449857
1.0,1.0,1.3676644655115164,3.173859439908456
1.0,9339.0,5.232010453716994,5.232010453716994
13746.579910867456,1.1206672715280062,2503.01046630003,2503.01046630003

