0,1,2,3,4,5,6,7,8,9,10,11,12,13,14,15,16,17,18,19,20,21,22,23,24,25,26,27,28,29
github Code Version (SHA):,528ca1c557fe8e6666681dc5c9134b0f84d30530
Environment Observations,Environment Actions,alpha,epsilon,numActions,explore,patience,gainThresh,insertRandActions,useUpdatedPosterior,revisedSplitting,haveControl,confidence_factor
"['diamond', 'square']","['x', 'y']",0.7,0.99,75000,0.5,0,0.01,False,True,False,True,250

Model Num 0
Model States: 
['diamond'],['square']
Iteration: ,0
Error:,0.35561799050159154
Absolute Error:,1
Transition Probabilities
0.5,0.5
0.5,0.5

0.5,0.5
0.5,0.5

Transition Gammas
1.0,1.0
1.0,1.0

1.0,1.0
1.0,1.0

Iteration: ,1940
Error:,0.05515925048860813
Absolute Error:,1
Transition Probabilities
0.4954627949183303,0.5045372050816697
0.2098976109215017,0.7901023890784983

0.24271844660194175,0.7572815533980582
0.778,0.222


Model Num 1
Model States: 
['square'],"['diamond', 'x', 'square']","['diamond', 'x', 'diamond']"
Iteration: ,0
Error:,0.4323066695404813
Absolute Error:,1
Transition Probabilities
0.3333333333333333,0.3333333333333333,0.3333333333333333
0.3333333333333333,0.3333333333333333,0.3333333333333333
0.3333333333333333,0.3333333333333333,0.3333333333333333

0.3333333333333333,0.3333333333333333,0.3333333333333333
0.3333333333333333,0.3333333333333333,0.3333333333333333
0.3333333333333333,0.3333333333333333,0.3333333333333333

Transition Gammas
1.0,1.0,1.0
1.0,1.0,1.0
1.0,1.0,1.0

1.0,1.0,1.0
1.0,1.0,1.0
1.0,1.0,1.0

Iteration: ,2500
Error:,0.06778190851738507
Absolute Error:,1
Transition Probabilities
0.779463243873979,0.11215209612398111,0.10838466000203986
0.9958246346555324,0.0020876826722338203,0.0020876826722338203
0.0026178010471204194,0.7205071895367402,0.27687500941613935

0.24829931972789115,0.29699974718348937,0.45470093308861936
0.6401911800689534,0.20984587542104707,0.14996294450999964
0.8414613849112832,0.0668154777148612,0.09172313737385565

Transition Gammas
668.0,96.11434637825181,92.88565362174816
477.0,1.0,1.0
1.0,275.23374640303473,105.76625359696521

146.0,174.63585134389174,267.36414865610817
27.983404643451728,9.172575673463733,6.555032134767659
77.67530633548607,6.167737215892407,8.46696345348904

Iteration: ,3410
Error:,0.05458460067722235
Absolute Error:,1
Transition Probabilities
0.7892756349952963,0.10928375269842174,0.1014406123062819
0.9971098265895953,0.001445086705202312,0.001445086705202312
0.0018083182640144665,0.7040319508741156,0.29415973086187003

0.25028702640642947,0.3169866024810051,0.43272637111256557
0.7023058575635867,0.1780042735604386,0.11968986887597478
0.8490421805667699,0.06553800993790716,0.08541980949532285


Model Num 2
Model States: 
"['diamond', 'x', 'square']","['diamond', 'x', 'diamond']","['square', 'y', 'diamond', 'x', 'diamond']","['square', 'y', 'diamond', 'x', 'square']"
Iteration: ,0
Error:,0.3554569713992988
Absolute Error:,0.4499999999999999
Transition Probabilities
0.25,0.25,0.25,0.25
0.25,0.25,0.25,0.25
0.25,0.25,0.25,0.25
0.25,0.25,0.25,0.25

0.25,0.25,0.25,0.25
0.25,0.25,0.25,0.25
0.25,0.25,0.25,0.25
0.25,0.25,0.25,0.25

Transition Gammas
1.0,1.0,1.0,1.0
1.0,1.0,1.0,1.0
1.0,1.0,1.0,1.0
1.0,1.0,1.0,1.0

1.0,1.0,1.0,1.0
1.0,1.0,1.0,1.0
1.0,1.0,1.0,1.0
1.0,1.0,1.0,1.0

Iteration: ,2500
Error:,0.06404479020749891
Absolute Error:,0.2385772260090987
Transition Probabilities
0.0019723865877712037,0.0019723865877712037,0.033928553214869726,0.9621266736095879
0.6737968850321986,0.32189277014021517,0.002155172413793104,0.002155172413793104
0.13606782976227888,0.12237370626148508,0.42573970499605984,0.31581875898017625
0.07144180136507948,0.11499151275765877,0.5920737355569292,0.22149295032033256

0.061243491146862825,0.11085578270401722,0.41228012336985315,0.4156206027792667
0.2270775927359975,0.09451016450688117,0.348018552653926,0.33039369010319525
0.0035985261954214432,0.7755474584379973,0.15612813898301361,0.06472587638356754
0.9015708199069807,0.004062218031796504,0.044757471148235695,0.049609490912987

Transition Gammas
1.0,1.0,17.201776479938946,487.79822352006096
312.6417546549401,149.3582453450598,1.0,1.0
17.80551875230991,16.013537699802324,55.71130453211451,41.32730598538351
27.03095340380979,43.50856450695846,224.01895321303883,83.80479642143757

6.9163390940284275,12.519145616247082,46.55954586448888,46.93679229344768
8.098292726526108,3.3705262090684966,12.41142324830825,11.782865870713772
1.3327413741175582,287.22986281637594,57.82323628806306,23.971717516508534
242.97637473015658,1.0947814513686482,12.062289330537464,13.369925010982373

Iteration: ,5000
Error:,0.0550958797094459
Absolute Error:,0.2235366165430318
Transition Probabilities
0.000999000999000998,0.000999000999000998,0.038865301983089226,0.9591366960189087
0.6871058200476885,0.31073668264918314,0.0010787486515641859,0.0010787486515641859
0.12379669520968331,0.127009492218836,0.4595767656524097,0.28961704691907114
0.07987892900100692,0.10923174983989074,0.6010120709120971,0.2098772502470052

0.07020340999778937,0.10353337134893306,0.39855224834938097,0.4277109703038966
0.1955519449580269,0.12055481539645028,0.400816414224775,0.2830768254207478
0.0017757833084283687,0.7385222527611691,0.2008906923153083,0.05881127161509405
0.9182051686916598,0.002255190574983318,0.03601767115771316,0.043521969575643714

Transition Gammas
1.0,1.0,38.904167285072354,960.0958327149286
636.947095184207,288.05290481579266,1.0,1.0
35.56221930081866,36.485137247981804,132.019434751547,83.19628337692394
62.639159661459715,85.65694487760713,471.2993969642838,164.5807568021421

15.128798817518026,22.311388379662972,85.88780493336621,92.17149454672978
13.141584923037621,8.101588274939548,26.935876026254235,19.023478093297033
1.3928381745808764,579.2609838942614,157.56890147952944,46.12870490017446
447.53968018842045,1.0991958040598881,17.555267145819823,21.2129151623133

Iteration: ,7500
Error:,0.04776772176808812
Absolute Error:,0.21144502872575024
Transition Probabilities
0.0006591957811470001,0.0006591957811470001,0.06438669954314724,0.9342949088945587
0.6885158207340736,0.31004739765673106,0.0007183908045977014,0.0007183908045977014
0.11276744068543136,0.11427086055982734,0.5030980482068773,0.26986365054786404
0.08937244271902431,0.11231859029414785,0.6005663542288454,0.19774261275798252

0.07112098249958308,0.09837978642877504,0.38824855289870364,0.4422506781729382
0.17995627598355515,0.13875967240582088,0.3919292819778415,0.28935476963278245
0.0012004876034378672,0.7431481743250273,0.20613897924160937,0.049512358829925544
0.8946483439219604,0.0013707220697347406,0.05038536967470582,0.05359556433359911

Transition Gammas
1.0,1.0,97.67462320695445,1417.3253767930469
958.4140224618301,431.5859775381695,1.0,1.0
51.249375260636015,51.93263391090679,228.6427758644594,122.64482914632107
94.13764854903815,118.30725061275722,632.5876597388522,208.28595500631886

24.983121731751428,34.5584958743814,136.38254869864187,155.35222012447463
16.646545147431084,12.835724337601464,36.25474272228544,26.766264249415794
1.4171149706868573,877.2488780881514,243.33665144798903,58.446838377151614
720.6638695465108,1.104154361385604,40.58680231734972,43.17270248761527

Iteration: ,10000
Error:,0.04105823977019469
Absolute Error:,0.19976001131053175
Transition Probabilities
0.00048685491723466365,0.00048685491723466365,0.0746825437990667,0.924343746366464
0.6943672132758394,0.30451484373925286,0.0005589714924538852,0.0005589714924538852
0.10071874396760651,0.10351846857420219,0.517812814477207,0.27794997298098434
0.08810289499566383,0.1159453278441465,0.6068693486499812,0.18908242851020846

0.07923493323613533,0.0887988096222441,0.3766442378321221,0.45532201930949845
0.1795461230210864,0.1250549460147259,0.4224365680856345,0.27296236287855313
0.0009440675458517687,0.7620989927008671,0.19416782740321778,0.04278911235006335
0.8715320686508168,0.0008303895483070418,0.06009816407053919,0.06753937773033702

Transition Gammas
1.0,1.0,153.39794496328315,1898.6020550367186
1242.2229445504759,544.777055449523,1.0,1.0
57.88064813489493,59.489582762605245,297.57461356085145,159.7311875770627
103.58344745297123,136.31807189483126,713.5023121521497,222.30608652339203

45.744787771807566,51.266310636659625,217.4484160131414,262.8715427710479
22.047649911954807,15.356319719403098,51.87376595186017,33.51884471033393
1.4288207796775103,1153.4162801453515,293.86777223471495,64.76016799684118
1177.9840165915748,1.1223747818765657,81.23014545085825,91.28787146070486

Iteration: ,12500
Error:,0.03978073410275865
Absolute Error:,0.1978597881803809
Transition Probabilities
0.00039323633503735706,0.00039323633503735706,0.06608805767164995,0.9331254696582754
0.70489220959897,0.2941736474771627,0.00046707146193367626,0.00046707146193367626
0.10481786649101528,0.10023975069242011,0.5237785960144175,0.27116378680214714
0.09228374523625259,0.11820214062018143,0.6024835694261663,0.1870305447173997

0.08113618035428309,0.09627907926299689,0.35975984567501446,0.46282489470770566
0.17006677687671728,0.12414284428647024,0.41803640326947805,0.2877539755673345
0.0008054873012722137,0.7766448319332773,0.1837482526716501,0.03880142809380039
0.867116362375012,0.0005842796058974288,0.06613603388204184,0.06616332413704874

Transition Gammas
1.0,1.0,168.061930659006,2372.9380693409967
1509.1742207513935,629.8257792486048,1.0,1.0
73.22936997688596,70.0309406743673,365.9297587096131,189.44435650929765
117.75926876281221,150.8326044851894,768.8030475529861,238.66153379283676

73.9360803576871,87.73518435388469,327.8344228573589,421.75338372137935
24.890393938058203,18.16912365618125,61.18238346675436,42.11469130331872
1.4357365246354081,1384.3264196900127,327.52108851616526,69.16139762140953
1693.9657837041243,1.1414265760081763,129.20085853209127,129.25417174380792

Iteration: ,13243
Error:,0.039800874261503284
Absolute Error:,0.1963483248117407
Transition Probabilities
0.00037271710771524374,0.00037271710771524374,0.06399009183606554,0.935264473948504
0.7045009818821147,0.29461288608421216,0.000443066016836509,0.000443066016836509
0.10018543994515317,0.1012516940807867,0.5329461807119263,0.2656166852621338
0.09067024502051568,0.11887672132129676,0.6055168104932094,0.18493622316497818

0.08159873588275869,0.0982573088173664,0.3523115007501744,0.4678324545497005
0.16879326718629242,0.12393343595546717,0.41125808830208105,0.29601520855615937
0.0007703639302387723,0.778827662045827,0.1820356971659006,0.03836627685803357
0.8636247211449251,0.0005376096580244233,0.06841308822464322,0.06742458097240725


Model Num 3
Model States: 
"['diamond', 'x', 'square']","['diamond', 'x', 'diamond']","['square', 'y', 'diamond', 'x', 'diamond']","['square', 'x', 'square', 'y', 'diamond', 'x', 'diamond']","['square', 'x', 'square', 'y', 'diamond', 'x', 'square']"
Iteration: ,0
Error:,0.33205264078604857
Absolute Error:,1
Transition Probabilities
0.2,0.2,0.2,0.2,0.2
0.2,0.2,0.2,0.2,0.2
0.2,0.2,0.2,0.2,0.2
0.2,0.2,0.2,0.2,0.2
0.2,0.2,0.2,0.2,0.2

0.2,0.2,0.2,0.2,0.2
0.2,0.2,0.2,0.2,0.2
0.2,0.2,0.2,0.2,0.2
0.2,0.2,0.2,0.2,0.2
0.2,0.2,0.2,0.2,0.2

Transition Gammas
1.0,1.0,1.0,1.0,1.0
1.0,1.0,1.0,1.0,1.0
1.0,1.0,1.0,1.0,1.0
1.0,1.0,1.0,1.0,1.0
1.0,1.0,1.0,1.0,1.0

1.0,1.0,1.0,1.0,1.0
1.0,1.0,1.0,1.0,1.0
1.0,1.0,1.0,1.0,1.0
1.0,1.0,1.0,1.0,1.0
1.0,1.0,1.0,1.0,1.0

Iteration: ,2500
Error:,0.14240464815981735
Absolute Error:,1
Transition Probabilities
0.0018416206261510125,0.0018416206261510125,0.3425414364640883,0.4611975680658565,0.19257775421775317
0.6750929352004988,0.3183994726086118,0.0021691973969631237,0.0021691973969631237,0.0021691973969631237
0.2,0.2,0.2,0.2,0.2
0.09532421167688919,0.1004852353851822,0.7589352412315874,0.023261959359202396,0.021993352347138815
0.013070135826807364,0.014741848976576107,0.6232622537996064,0.2503408558267436,0.09858490557026661

0.06331597735733362,0.08819204383075202,0.2228736692421484,0.23604351714102156,0.3895747924287444
0.11330620431509282,0.2199315278264281,0.1278313981108481,0.27148359208350475,0.2674472776641263
0.36428965659246765,0.45869170986715974,0.015527950310559006,0.07703345807348944,0.08445722515632423
0.2,0.2,0.2,0.2,0.2
0.2,0.2,0.2,0.2,0.2

Transition Gammas
1.0,1.0,186.0,250.43027945976013,104.56972054024
311.21784312742994,146.78215687257003,1.0,1.0,1.0
1.0,1.0,1.0,1.0,1.0
33.737519615306724,35.564129408669565,268.6053431481554,8.23296407455976,7.783973695298252
2.8003193147201935,3.1584893202963826,133.53597472731153,53.6363464867262,21.12213819859891

1.8414689790017917,2.564959425526198,6.482012365212039,6.865041536934015,11.33031385127158
4.921300240019282,9.552425546531481,5.55218219520852,11.791519051917279,11.616207247581825
234.60253884554916,295.39746115445087,10.0,49.60954699932719,54.39045300067281
1.0,1.0,1.0,1.0,1.0
1.0,1.0,1.0,1.0,1.0

Iteration: ,5000
Error:,0.14703397811162824
Absolute Error:,1
Transition Probabilities
0.0008976660682226212,0.0008976660682226212,0.3500897666068223,0.46099973559412455,0.18711516566260797
0.6683108763016398,0.328483995493232,0.0010683760683760685,0.0010683760683760685,0.0010683760683760685
0.2,0.2,0.2,0.2,0.2
0.1181665570431449,0.12226656863875858,0.7339416264122554,0.013110851616796317,0.012514396289044898
0.01022909557459223,0.01241334978001546,0.589081317055497,0.26709115938575356,0.12118507820414154

0.05728804702936784,0.07979581403408598,0.2525698252560153,0.2267817827044545,0.3835645309760764
0.1357877921005191,0.19648792565142828,0.06258915340685639,0.3125848228126266,0.2925503060285695
0.36144076638350386,0.4501307738823289,0.010164190774042221,0.09056761368007944,0.08769665528004568
0.2,0.2,0.2,0.2,0.2
0.2,0.2,0.2,0.2,0.2

Transition Gammas
1.0,1.0,390.0,513.5537054518547,208.4462945481453
625.5389802183348,307.46101978166513,1.0,1.0,1.0
1.0,1.0,1.0,1.0,1.0
86.33562895849617,89.3312064611494,536.2372698392811,9.579136845836471,9.143350721948112
4.571847714086443,5.548090190581828,263.28721372794155,119.37517814610241,54.163119185742616

1.8414689790017917,2.564959425526198,8.118613259803206,7.2896815218521205,12.32931164289352
14.015719161686421,20.28105429797479,6.460315637718176,32.264322314807984,30.196403274062614
462.2827402045014,575.7172597954986,13.0,115.8359778968216,112.16402210317843
1.0,1.0,1.0,1.0,1.0
1.0,1.0,1.0,1.0,1.0

Iteration: ,7500
Error:,0.15303098991990546
Absolute Error:,1
Transition Probabilities
0.0006082725060827249,0.0006082725060827249,0.35340632603406313,0.46796105651987374,0.1774160724338976
0.6655760849948914,0.3322947453812619,0.0007097232079489002,0.0007097232079489002,0.0007097232079489002
0.2,0.2,0.2,0.2,0.2
0.12868321675960673,0.12406112398018762,0.7210976925846312,0.013776233092720655,0.01238173358285382
0.008551712164451691,0.010428598418863485,0.622262542686104,0.2528779716160107,0.10587917511457011

0.09217337993291748,0.07753630439826571,0.21790348832474776,0.19261477245103992,0.4197720548930291
0.12224633112808204,0.20851767040715738,0.07451466567628175,0.3025495763624985,0.29217175642598037
0.3480216242433397,0.454486212747256,0.008359456635318705,0.0989757029316709,0.09015700344241477
0.2,0.2,0.2,0.2,0.2
0.2,0.2,0.2,0.2,0.2

Transition Gammas
1.0,1.0,581.0,769.3279769186728,291.6720230813278
937.7967037578017,468.2032962421979,1.0,1.0,1.0
1.0,1.0,1.0,1.0,1.0
146.27194998759117,141.01809839067167,819.6590688508129,15.659201943328794,14.074098868496508
5.0926197139557505,6.21032196541862,370.5628102536433,150.59105343022375,63.05197884550232

7.102724779437049,5.974816492097192,16.791274304754353,14.842568626313875,32.34692465627104
15.360975663325778,26.201480493854586,9.363209148706161,38.01714649893705,36.71311194827059
666.1133888017522,869.8866111982479,16.0,189.4394954112181,172.56050458878187
1.0,1.0,1.0,1.0,1.0
1.0,1.0,1.0,1.0,1.0

Iteration: ,10000
Error:,0.1588658379903562
Absolute Error:,1
Transition Probabilities
0.0004633920296570899,0.0004633920296570899,0.35078776645041704,0.47323822197827553,0.1750472275119933
0.6449792047232921,0.3534533971575856,0.0005224660397074192,0.0005224660397074192,0.0005224660397074192
0.2,0.2,0.2,0.2,0.2
0.14099904620575382,0.12953387796016858,0.7027549545122375,0.01470662673856203,0.012005494583278134
0.008418921960794037,0.010442380601425267,0.627993773218864,0.25698732213576536,0.09615760208315133

0.10625952580894207,0.0697396455280382,0.1613512775576553,0.17377482087373028,0.4888747302316342
0.11984946368956627,0.21580952790187857,0.09820239122474689,0.29093672326534586,0.27520189391846234
0.3467372937323305,0.45957261042102415,0.009185303514376996,0.0978147554834804,0.08669003684878795
0.2,0.2,0.2,0.2,0.2
0.2,0.2,0.2,0.2,0.2

Transition Gammas
1.0,1.0,757.0,1021.2480830291186,377.75191697088155
1234.4901978403807,676.5098021596187,1.0,1.0,1.0
1.0,1.0,1.0,1.0,1.0
215.8924604389805,198.33742408593838,1076.0320746704417,22.51823623482277,18.382363811089384
6.302963629406527,7.817859037262775,470.1578100527906,192.3977621105704,71.98996159407153

15.341233404283672,10.06867075147071,23.29511251106149,25.08876325690451,70.58135526997215
18.061357781625297,32.52257437059193,14.799136085543488,43.84427004462749,41.47302553740971
868.2301835057556,1150.7698164942444,23.0,244.92814773063492,217.07185226936505
1.0,1.0,1.0,1.0,1.0
1.0,1.0,1.0,1.0,1.0

Iteration: ,12500
Error:,0.15505353840948521
Absolute Error:,1
Transition Probabilities
0.00037202380952380967,0.00037202380952380967,0.3497023809523811,0.47861870061185924,0.1709348708167121
0.6523645223321263,0.3463594249243604,0.0004253509145044662,0.0004253509145044662,0.0004253509145044662
0.2,0.2,0.2,0.2,0.2
0.14871008359671603,0.13306688511938675,0.6889599252586328,0.01601061601123789,0.013252490014026468
0.007453905318338349,0.009973174801090858,0.6314610292655554,0.2584167572995806,0.09269513331543497

0.09535018834724922,0.057964819517007854,0.15441091610728572,0.1567810746456845,0.5354930013827727
0.11739138453976561,0.2193365172848125,0.10609176702186697,0.2873971310395976,0.2697832001139574
0.35047107640370917,0.45967990335857795,0.009315772566655958,0.09612426792413133,0.08440897974692554
0.2,0.2,0.2,0.2,0.2
0.2,0.2,0.2,0.2,0.2

Transition Gammas
1.0,1.0,940.0,1286.5270672446773,459.472932755322
1533.7089920028288,814.2910079971713,1.0,1.0,1.0
1.0,1.0,1.0,1.0,1.0
288.4245448475387,258.0844206834027,1336.2439725324964,31.05273377623184,25.703323594100546
6.915426017239938,9.252700369599037,585.8435067470913,239.74841246288818,85.99872271304667

20.78668149417504,12.636537609966279,33.662131013908244,34.178834037597824,116.73938620410343
19.668662436082627,36.749340126571376,17.775436936718073,48.15274287527997,45.20156836697065
1091.0164608447467,1430.983539155253,29.0,299.23484604782084,262.7651539521792
1.0,1.0,1.0,1.0,1.0
1.0,1.0,1.0,1.0,1.0

Iteration: ,15000
Error:,0.15775461167687937
Absolute Error:,1
Transition Probabilities
0.0003113325031133252,0.0003113325031133252,0.35056039850560416,0.47749374104414827,0.17132319544402103
0.6558271206709733,0.3430902376834114,0.00036088054853843375,0.00036088054853843375,0.00036088054853843375
0.2,0.2,0.2,0.2,0.2
0.14957576310029055,0.1364893075272093,0.6819552338077361,0.01750664832893596,0.014473047235828065
0.007264433320016367,0.009081382003523738,0.639060029096515,0.25785238315254594,0.08674177242739876

0.10905388505047567,0.052865182573270775,0.14600330639627795,0.14273058620291118,0.5493470397770644
0.12015659290512327,0.220941808716132,0.12003357742294575,0.2813700162256182,0.2574980047301808
0.3530428860219236,0.45509198151888447,0.010168584426010168,0.09788747988010317,0.08380906815307854
0.2,0.2,0.2,0.2,0.2
0.2,0.2,0.2,0.2,0.2

Transition Gammas
1.0,1.0,1126.0,1533.7098962338034,550.2901037661952
1817.296951379267,950.7030486207331,1.0,1.0,1.0
1.0,1.0,1.0,1.0,1.0
350.09730834540505,319.46712617581414,1596.185684227915,40.97609352659995,33.875641185409854
8.000239076976184,10.001224318124127,703.7896546209826,283.96994244608,95.5277427446037

31.558880435946715,15.298546909008715,42.251597801218665,41.30451200748499,158.97441469546274
22.923470041426224,42.15126952710743,22.9000011526025,53.67976056541924,49.12545915662065
1319.3212650639284,1700.6787349360714,38.0,365.80551231194556,313.1944876880545
1.0,1.0,1.0,1.0,1.0
1.0,1.0,1.0,1.0,1.0

Iteration: ,17500
Error:,0.1550476704220643
Absolute Error:,1
Transition Probabilities
0.0002669514148424987,0.0002669514148424987,0.35104111051788583,0.4762102945356566,0.1722146921167725
0.6602654486549989,0.33879968066877797,0.0003116235587410408,0.0003116235587410408,0.0003116235587410408
0.2,0.2,0.2,0.2,0.2
0.15579922293244072,0.140006394565043,0.6715655461034589,0.018023836705014177,0.014604999694043328
0.007019381232342835,0.00900695198434573,0.6399734496349114,0.26189427290559775,0.08210594424280233

0.1042627241601003,0.04674063402894108,0.13689154690831007,0.14276688836321022,0.5693382065394382
0.11834623652903863,0.21900236905013287,0.12697506846082068,0.28416612747791836,0.25151019848208944
0.3524771127470955,0.4556222890016389,0.010124252185918085,0.09893378472502132,0.08284256134032614
0.2,0.2,0.2,0.2,0.2
0.2,0.2,0.2,0.2,0.2

Transition Gammas
1.0,1.0,1315.0,1783.8837633305693,645.1162366694297
2118.7918247338916,1087.2081752661086,1.0,1.0,1.0
1.0,1.0,1.0,1.0,1.0
430.3367551555722,386.71500668702,1854.9472362244142,49.78406988880218,40.34081851684284
8.936678577431366,11.467141074426273,814.7779452588977,333.4289534586584,104.53263738027847

37.99852652869657,17.03461363036677,49.89009369026569,52.03136057100013,207.4951821877331
24.60320949486589,45.52879182001077,26.397072704546673,59.07580140048232,52.28690226944232
1531.865531998877,1980.1344680011227,44.0,429.96622841494263,360.0337715850574
1.0,1.0,1.0,1.0,1.0
1.0,1.0,1.0,1.0,1.0

Iteration: ,20000
Error:,0.1554367293712523
Absolute Error:,1
Transition Probabilities
0.00023546032493524847,0.00023546032493524847,0.3508358841535202,0.4776004280539592,0.1710927671426502
0.661534290950645,0.3376408533990938,0.00027495188342040145,0.00027495188342040145,0.00027495188342040145
0.2,0.2,0.2,0.2,0.2
0.1597206796846801,0.1445565090761084,0.6613667729555677,0.019149216727148102,0.01520682155649573
0.006890244525498633,0.008437332221453658,0.6419764310701547,0.2625426785014958,0.08015331368139722

0.1051889304959479,0.047497848382973905,0.13168189788337373,0.13417187061630678,0.5814594526213976
0.11164476180649215,0.21681273689407546,0.1456921906878161,0.28395583575982736,0.24189447485178908
0.3503037121341474,0.45167448730065274,0.010900282599919257,0.10265052445524482,0.08447099351003577
0.2,0.2,0.2,0.2,0.2
0.2,0.2,0.2,0.2,0.2

Transition Gammas
1.0,1.0,1490.0,2028.3690179451642,726.6309820548353
2406.000216187496,1227.9997838125041,1.0,1.0,1.0
1.0,1.0,1.0,1.0,1.0
508.4608206486507,460.186629433635,2105.4198666736115,60.96033695252613,48.40996784723204
9.939312205783978,12.17101640190047,926.0635313518803,378.7229378162442,115.62271934752417

47.1204160995716,21.277128392576554,58.988201437078914,60.10360921524728,260.47048128894943
25.17062838203781,48.881046818051146,32.846717845339725,64.01864900038649,54.535795819204466
1735.4045899125663,2237.5954100874337,54.0,508.5306981512828,418.4693018487172
1.0,1.0,1.0,1.0,1.0
1.0,1.0,1.0,1.0,1.0

Iteration: ,22500
Error:,0.15461363136845344
Absolute Error:,1
Transition Probabilities
0.00020842017507294707,0.00020842017507294707,0.3511879949979158,0.479213213932661,0.1691819507192774
0.661886204491667,0.33738740325651684,0.00024213075060532688,0.00024213075060532688,0.00024213075060532688
0.2,0.2,0.2,0.2,0.2
0.15922068703106818,0.14327007939489078,0.663185546459913,0.019298348380151407,0.015025338733976596
0.00665391327772353,0.008248730395424212,0.6527988987359644,0.25433234153316786,0.07796611605772001

0.10451392453998366,0.04679450404560371,0.1336771785140403,0.13207298038970716,0.5829414125106652
0.11017531616370793,0.2171730239638563,0.15757883077174323,0.27833660152343986,0.23673622757725257
0.348856074681453,0.45501281301333474,0.009851334408024357,0.10264054597310628,0.08363923192408156
0.2,0.2,0.2,0.2,0.2
0.2,0.2,0.2,0.2,0.2

Transition Gammas
1.0,1.0,1685.0,2299.2650004489074,811.734999551093
2733.590024550585,1393.4099754494146,1.0,1.0,1.0
1.0,1.0,1.0,1.0,1.0
571.8691960745135,514.5797738525074,2381.947926328597,69.31342389930545,53.966155672157186
10.547271489950992,13.075252907070558,1034.766599132001,403.14806383274873,123.58588979974505

53.26403035996413,23.84815128830957,68.126666625003,67.30910994081985,297.087773047598
26.150643656673655,51.547066614107926,37.40209690185158,66.06453728922145,56.19048752080822
1947.663464946553,2540.3365350534486,55.0,573.0421681678525,466.95783183214746
1.0,1.0,1.0,1.0,1.0
1.0,1.0,1.0,1.0,1.0

Iteration: ,25000
Error:,0.15476305839719967
Absolute Error:,1
Transition Probabilities
0.00018684603886397606,0.00018684603886397606,0.3529521674140508,0.4767027725802158,0.1699713679280054
0.6649437171102929,0.33439997136050126,0.0002187705097352877,0.0002187705097352877,0.0002187705097352877
0.2,0.2,0.2,0.2,0.2
0.16107099063397923,0.14554195830643965,0.6585561085333683,0.01992264179110966,0.014908300735103205
0.006398906686643583,0.008067459747193364,0.6603311661530157,0.24867543473317782,0.07652703267996949

0.10838776971714165,0.04521378988654985,0.13165696983455208,0.12868816987337978,0.5860533006883766
0.11106550283583043,0.20939080974375912,0.1776840039702837,0.2738869844302634,0.22797269901986336
0.3499222127076747,0.4535199619746479,0.010133504905903166,0.10333903180885246,0.0830852886029217
0.2,0.2,0.2,0.2,0.2
0.2,0.2,0.2,0.2,0.2

Transition Gammas
1.0,1.0,1889.0,2551.3132388493154,909.6867611506851
3039.4577309111487,1528.5422690888513,1.0,1.0,1.0
1.0,1.0,1.0,1.0,1.0
643.9082404479834,581.8283349198155,2632.688253874411,79.64409463365303,59.59842710736128
11.150100060565478,14.057555113836687,1150.6275894105902,433.3171455159859,133.34841614441436

62.926944686233554,26.24987729400564,76.43639941994057,74.71279618104455,340.24635557908056
27.78426115687678,52.3814217126441,44.44961435961954,68.51585153427973,57.02988636866411
2175.4663964036145,2819.533603596387,63.0,642.4587607556359,516.5412392443644
1.0,1.0,1.0,1.0,1.0
1.0,1.0,1.0,1.0,1.0

Iteration: ,27500
Error:,0.1524553913062135
Absolute Error:,1
Transition Probabilities
0.00017001020061203676,0.00017001020061203676,0.3534512070724244,0.4778433554256118,0.1683654171007398
0.6673171032813422,0.33208157380825487,0.00020044097013429546,0.00020044097013429546,0.00020044097013429546
0.2,0.2,0.2,0.2,0.2
0.16161762087180254,0.14527910466209282,0.6571006389280521,0.020455170225525815,0.015547465312526933
0.006255013844163993,0.007927080204603733,0.6647874384494982,0.24694438220700543,0.07408608529472871

0.11235202108838481,0.045832015371976426,0.1286034892690376,0.12537342785075106,0.5878390464198502
0.10551292765810899,0.2012610871097908,0.20056056668436678,0.26885640238263264,0.22380901616510088
0.3498555389439772,0.4500861350134447,0.00991542723826188,0.1061840468447643,0.0839588519595518
0.2,0.2,0.2,0.2,0.2
0.2,0.2,0.2,0.2,0.2

Transition Gammas
1.0,1.0,2079.0,2810.674616613448,990.3253833865513
3329.2450282706163,1656.7549717293837,1.0,1.0,1.0
1.0,1.0,1.0,1.0,1.0
714.756063422364,642.4987596381573,2906.0362565606706,90.46326055392402,68.75887074090899
11.84019755118628,15.005273843506714,1258.3848408478088,467.44425229603644,140.23852025556388

72.57251169266672,29.604669673584574,83.06996294577424,80.9835414664292,379.70795412883774
28.328073855466588,54.034506163562824,53.84643068514396,72.18247272873329,60.08816625757838
2399.3092860777965,3086.690713922205,68.0,728.2101932613939,575.7898067386064
1.0,1.0,1.0,1.0,1.0
1.0,1.0,1.0,1.0,1.0

Iteration: ,30000
Error:,0.1534595606283933
Absolute Error:,1
Transition Probabilities
0.00015595757953836562,0.00015595757953836562,0.351060511540861,0.48161952859445156,0.1670080447056107
0.6689229925512117,0.33052604326146046,0.0001836547291092745,0.0001836547291092745,0.0001836547291092745
0.2,0.2,0.2,0.2,0.2
0.16292737348781472,0.1471259230239571,0.6531836392533852,0.020814010822525705,0.01594905341231742
0.006142171361329449,0.007803729240102637,0.6681521988059568,0.2455397538344871,0.07236214675812411

0.11045427831473416,0.04589974117945101,0.12034058666750862,0.12372189890946844,0.5995834949288377
0.10216899826921597,0.20771998111327641,0.21811759052497842,0.25826775773494925,0.21372567235757994
0.3473435535663797,0.4500840991667392,0.009780278670953909,0.1076802858184716,0.08511178277745549
0.2,0.2,0.2,0.2,0.2
0.2,0.2,0.2,0.2,0.2

Transition Gammas
1.0,1.0,2251.0,3088.1444173476225,1070.8555826523755
3642.285694441349,1799.7143055586528,1.0,1.0,1.0
1.0,1.0,1.0,1.0,1.0
792.11036596287,715.2878379755363,3175.608373559486,101.1922881762961,77.54013499847503
12.58697039388998,15.991951889444673,1369.224570635026,503.1773668015628,148.28961051416942

78.91884217365707,32.79505769465152,85.98254328579985,88.39846823895293,428.39839187928106
28.95159578081567,58.8615434296789,61.80791062397391,73.1852504363138,60.563374202564624
2592.572283819459,3359.4277161805426,73.0,803.7256533490723,635.274346650928
1.0,1.0,1.0,1.0,1.0
1.0,1.0,1.0,1.0,1.0

Iteration: ,32500
Error:,0.15199752546113268
Absolute Error:,1
Transition Probabilities
0.0001440507058484587,0.0001440507058484587,0.35234802650533,0.48097982126067956,0.16638405082229352
0.6684388983933377,0.3310526270303912,0.00016949152542372882,0.00016949152542372882,0.00016949152542372882
0.2,0.2,0.2,0.2,0.2
0.16234156346588305,0.14731663531041417,0.6527955980079304,0.021585609174783565,0.015960594040988936
0.006084163601740249,0.007565768556721708,0.6715226703532549,0.2434684033390331,0.07135899414925018

0.11010839158801865,0.04521101841276713,0.11512528680036166,0.12154532938372734,0.6080099738151252
0.10155939546073864,0.206193353576448,0.22092833020934502,0.257941464701869,0.21337745605159933
0.34682717654912887,0.44914415315922496,0.009639149777558078,0.10873404995076122,0.08565547056332674
0.2,0.2,0.2,0.2,0.2
0.2,0.2,0.2,0.2,0.2

Transition Gammas
1.0,1.0,2446.0,3338.9619191916368,1155.0380808083612
3943.7895005206924,1953.2104994793078,1.0,1.0,1.0
1.0,1.0,1.0,1.0,1.0
856.7953957076949,777.4978394343132,3445.2807449337433,113.92307773595542,84.23575081530406
13.434356321450535,16.70586744372778,1482.779790615293,537.599166882306,157.56679420440395

86.41068350646444,35.48062910307431,90.34783432781964,95.38614484864648,477.15307306177607
29.6640599779457,60.22615613057759,64.53003396117045,75.34104594658993,62.32453064082152
2806.525512635552,3634.4744873644495,78.0,879.8759322015601,693.1240677984403
1.0,1.0,1.0,1.0,1.0
1.0,1.0,1.0,1.0,1.0

Iteration: ,35000
Error:,0.14977109534459554
Absolute Error:,1
Transition Probabilities
0.00013392259274139549,0.00013392259274139549,0.35342172224454266,0.4797171496207634,0.1665932829492111
0.6691382005054388,0.3303878658452721,0.00015797788309636652,0.00015797788309636652,0.00015797788309636652
0.2,0.2,0.2,0.2,0.2
0.1633054858217014,0.14799874325771264,0.6491231393194975,0.022889000222033183,0.01668363137905519
0.006031489661626861,0.007243567530860125,0.6762965840475873,0.23977162622385276,0.07065673253607314

0.1067624919977827,0.0457563665725542,0.11227407615323032,0.12123559175546826,0.6139714735209645
0.10124456953843242,0.1988190836125092,0.23864789319302138,0.25329636974743747,0.20799208390859952
0.34665657089206336,0.4479739935870555,0.009522716842588342,0.10982104485911706,0.08602567381917574
0.2,0.2,0.2,0.2,0.2
0.2,0.2,0.2,0.2,0.2

Transition Gammas
1.0,1.0,2639.0,3582.0479562182404,1243.9520437817594
4235.644809199427,2091.355190800572,1.0,1.0,1.0
1.0,1.0,1.0,1.0,1.0
929.4595913476059,842.340664406467,3694.5098615052107,130.27364442584513,94.95554375130527
14.279731520205551,17.149361997125798,1601.152317258026,567.6664705939627,167.28191994246947

90.15658208455608,38.63939049750914,94.81089072824034,102.37852615784398,518.4739370004429
31.860166548471252,62.56542099775963,75.09895748714904,79.70861610718903,65.45202833398496
3021.458671895225,3904.5413281047763,83.0,957.2002269920645,749.7997730079359
1.0,1.0,1.0,1.0,1.0
1.0,1.0,1.0,1.0,1.0

Iteration: ,37500
Error:,0.14885832830303558
Absolute Error:,1
Transition Probabilities
0.00012509382036527398,0.00012509382036527398,0.3511383537653241,0.47924312113008866,0.1693683374638568
0.6664357571406156,0.33312163442031684,0.00014753614635585723,0.00014753614635585723,0.00014753614635585723
0.2,0.2,0.2,0.2,0.2
0.16216038444958938,0.14834680227913663,0.6485119040715495,0.02391245796638759,0.017068451233336838
0.005912919765016152,0.007019813323618326,0.6831811350831675,0.2358535242133938,0.06803260761480437

0.10927987920256768,0.044893724275159946,0.1114442440663794,0.11925509709702971,0.6151270553588633
0.10489155583162588,0.1938209429562063,0.254212485242393,0.24939587217200954,0.19767914379776527
0.3489024896476339,0.4462575917315289,0.009637006103437198,0.10965209290307601,0.08555081961432416
0.2,0.2,0.2,0.2,0.2
0.2,0.2,0.2,0.2,0.2

Transition Gammas
1.0,1.0,2807.0,3831.069510313928,1353.9304896860708
4517.101561899091,2257.898438100907,1.0,1.0,1.0
1.0,1.0,1.0,1.0,1.0
988.6233351032748,904.4077622219619,3953.70301836389,145.78415082998302,104.05913405190992
15.002918990016044,17.811452684068907,1733.4433126934152,598.4338462055334,172.61991389826858

99.97349436824288,41.07052939427751,101.9535397352588,109.09921263652005,562.7422143346238
35.110407254025965,64.87778913753057,85.09268277272852,83.48041527278133,66.16924679340146
3258.4003508192527,4167.599649180748,90.0,1024.0408956218268,798.9591043781734
1.0,1.0,1.0,1.0,1.0
1.0,1.0,1.0,1.0,1.0

Iteration: ,40000
Error:,0.148703673870762
Absolute Error:,1
Transition Probabilities
0.00011712344811431249,0.00011712344811431249,0.3516045912391661,0.4794376727396061,0.16872348912499918
0.6683090795515508,0.33127454293283504,0.00013879250520471904,0.00013879250520471904,0.00013879250520471904
0.2,0.2,0.2,0.2,0.2
0.1638513360430563,0.14850917143492712,0.6455043449172293,0.02481869571854138,0.01731645188624597
0.005761298355114789,0.006997516055957129,0.685861830097405,0.23353320107789544,0.06784615441362757

0.11236895589422699,0.04561792979041653,0.11232108489918702,0.11617048275334713,0.6135215466628222
0.10409791884583185,0.19210411421565693,0.26103726117567366,0.24940740604633882,0.19335329971649892
0.34983384806746365,0.44562982114168925,0.010036130068245682,0.10939813881772095,0.08510206190488043
0.2,0.2,0.2,0.2,0.2
0.2,0.2,0.2,0.2,0.2

Transition Gammas
1.0,1.0,3002.0,4093.438849850757,1440.561150149243
4815.16691816892,2386.8330818310747,1.0,1.0,1.0
1.0,1.0,1.0,1.0,1.0
1067.5057854819424,967.550241166512,4205.517265796353,161.69597335902594,112.81819861224527
15.477463680540582,18.798505811441906,1842.536336584183,627.3762292964069,182.26558079031247

110.89676404896242,45.02027055525804,110.84952023149087,114.64848554327328,605.4835488839578
36.8263059429162,67.95990699368306,92.34611171038979,88.23186420368447,68.40182637058811
3485.7444621442082,4440.255537855793,100.0,1090.0430551797717,847.9569448202287
1.0,1.0,1.0,1.0,1.0
1.0,1.0,1.0,1.0,1.0

Iteration: ,42500
Error:,0.14836773668889164
Absolute Error:,1
Transition Probabilities
0.0001104850292785328,0.0001104850292785328,0.3522262733399626,0.48002802318194077,0.16752473341953966
0.6686867072982599,0.33092159665787024,0.00013056534795665242,0.00013056534795665242,0.00013056534795665242
0.2,0.2,0.2,0.2,0.2
0.16375440483230638,0.14884489558942965,0.6441594443236663,0.025539595121303542,0.017701660133294113
0.005543306962198869,0.006800235726726214,0.6857611673735906,0.23242338281767075,0.06947190711981341

0.11195994349722521,0.04632761633128286,0.10870833858578179,0.11673993493563756,0.6162641666500726
0.10253780919832306,0.18638050754459964,0.2621196368501147,0.25867436666251753,0.19028767974444513
0.34862172331196795,0.44623795730789406,0.010299536993291124,0.10991357785245137,0.08492720453439542
0.2,0.2,0.2,0.2,0.2
0.2,0.2,0.2,0.2,0.2

Transition Gammas
1.0,1.0,3188.0,4344.733637819744,1516.2663621802528
5121.471491197367,2534.5285088026258,1.0,1.0,1.0
1.0,1.0,1.0,1.0,1.0
1136.802173183448,1033.2986214728369,4471.829975710782,177.29884741638026,122.88698877499456
15.75983682942198,19.333334088411995,1949.645613252258,660.7886977083051,197.51132814819206

118.50788836089018,49.03707355255935,115.06611427810306,123.56743621394371,652.3061979215256
37.84301675130467,68.78634061202763,96.73892865195926,95.46740336346946,70.22833731709672
3689.463697810558,4722.5363021894445,109.0,1163.2153944124932,898.784605587507
1.0,1.0,1.0,1.0,1.0
1.0,1.0,1.0,1.0,1.0

Iteration: ,45000
Error:,0.1473986854190172
Absolute Error:,1
Transition Probabilities
0.00010436234606553958,0.00010436234606553958,0.35451888958463795,0.4792205375911842,0.16605184813204674
0.6695126617576842,0.33011651005937387,0.00012360939431396795,0.00012360939431396795,0.00012360939431396795
0.2,0.2,0.2,0.2,0.2
0.16547366801991595,0.1499808431050195,0.6398117700566753,0.026350243850555885,0.01838347496783329
0.005383526149634373,0.006868815563348223,0.6855023563942595,0.23198437992007123,0.0702609219726865

0.111129190709866,0.047100651495997584,0.10674696698389674,0.11547046160744083,0.6195527292027988
0.10182264854134015,0.18461470914205388,0.2756101940069294,0.25336361951002173,0.18458882879965485
0.34959650718817,0.4449020192028277,0.01018129856211485,0.11031618115632569,0.08500399389056193
0.2,0.2,0.2,0.2,0.2
0.2,0.2,0.2,0.2,0.2

Transition Gammas
1.0,1.0,3397.0,4591.891191198726,1591.1088088012716
5416.357433619662,2670.642566380333,1.0,1.0,1.0
1.0,1.0,1.0,1.0,1.0
1217.442948634686,1103.4572572991779,4707.300788275426,193.86721134871266,135.253132651276
16.171962395130677,20.633730365942412,2059.229958441707,696.8746067259088,211.0618498744855

126.20432422491339,53.49004932578707,121.22763375856923,131.13450644261826,703.5976147336263
39.56361989528201,71.73282451603897,107.0895042621877,98.44550383618832,71.72276859975607
3914.4320909859402,4981.567909014063,114.0,1235.210280407379,951.7897195926222
1.0,1.0,1.0,1.0,1.0
1.0,1.0,1.0,1.0,1.0

Iteration: ,47500
Error:,0.14888316954026792
Absolute Error:,1
Transition Probabilities
9.890218573830482e-05,9.890218573830482e-05,0.3545643358718228,0.4797554035442043,0.16548245621249622
0.6680690656825593,0.3315802212007702,0.00011690437222352126,0.00011690437222352126,0.00011690437222352126
0.2,0.2,0.2,0.2,0.2
0.16485750370277732,0.15103880668370612,0.6388120448047827,0.026705848265861445,0.018585796542872374
0.0053741963132105785,0.006829892054900238,0.6881549334339911,0.22914821975358732,0.07049275844431055

0.11127911018239417,0.04598115491247216,0.10549738699839672,0.11459435147612661,0.6226479964306104
0.10533818946551239,0.18165094249561609,0.2796341462445068,0.2513821053021385,0.18199461649222615
0.35030899394352827,0.44490129631626674,0.010577980875010572,0.1098158642261174,0.08439586463907688
0.2,0.2,0.2,0.2,0.2
0.2,0.2,0.2,0.2,0.2

Transition Gammas
1.0,1.0,3585.0,4850.80688523545,1673.1931147645491
5714.662787848608,2836.3372121513858,1.0,1.0,1.0
1.0,1.0,1.0,1.0,1.0
1280.2047759091622,1172.8953630931617,4960.709778438814,207.38488529039435,144.32843494439228
17.00424916022171,21.61014958710379,2177.359602622478,725.0374188477398,223.04291818143182

135.23330960456218,55.87916499387575,128.20699927454746,139.26219743044703,756.6806486675434
42.60135009194669,73.46410105445584,113.09091434237236,101.6650953387916,73.60309125659784
4139.601381430676,5257.3986185693275,125.0,1297.6940675600301,997.305932439972
1.0,1.0,1.0,1.0,1.0
1.0,1.0,1.0,1.0,1.0

Iteration: ,50000
Error:,0.14737054262672672
Absolute Error:,1
Transition Probabilities
9.408222786715586e-05,9.408222786715586e-05,0.35516041019851335,0.47999915451511205,0.16465227083064038
0.6670657342506106,0.33260022722361277,0.00011134617525887992,0.00011134617525887992,0.00011134617525887992
0.2,0.2,0.2,0.2,0.2
0.16470165263298914,0.1501134063150168,0.6384194725523041,0.027629023369952797,0.01913644512973717
0.0053416636102225495,0.006827264550578925,0.6907132406916259,0.228429431227191,0.06868839992038168

0.11143368724525023,0.0453571709213931,0.10436501975274555,0.11405451028252779,0.6247896117980833
