0,1,2,3,4,5,6,7,8,9,10,11,12,13,14,15,16,17,18,19,20,21,22,23,24,25,26,27,28,29
github Code Version (SHA):,528ca1c557fe8e6666681dc5c9134b0f84d30530
Environment Observations,Environment Actions,alpha,epsilon,numActions,explore,patience,gainThresh,insertRandActions,useUpdatedPosterior,revisedSplitting,haveControl,confidence_factor
"['diamond', 'square']","['x', 'y']",0.7,0.99,75000,0.5,0,0.01,False,True,False,True,250

Model Num 0
Model States: 
['diamond'],['square']
Iteration: ,0
Error:,0.3544293070471586
Absolute Error:,1
Transition Probabilities
0.5,0.5
0.5,0.5

0.5,0.5
0.5,0.5

Transition Gammas
1.0,1.0
1.0,1.0

1.0,1.0
1.0,1.0

Iteration: ,2215
Error:,0.04209107898308455
Absolute Error:,1
Transition Probabilities
0.4719710669077758,0.5280289330922242
0.19709208400646203,0.802907915993538

0.18581907090464547,0.8141809290953546
0.784375,0.215625


Model Num 1
Model States: 
['square'],"['diamond', 'x', 'square']","['diamond', 'x', 'diamond']"
Iteration: ,0
Error:,0.4310003924179476
Absolute Error:,1
Transition Probabilities
0.3333333333333333,0.3333333333333333,0.3333333333333333
0.3333333333333333,0.3333333333333333,0.3333333333333333
0.3333333333333333,0.3333333333333333,0.3333333333333333

0.3333333333333333,0.3333333333333333,0.3333333333333333
0.3333333333333333,0.3333333333333333,0.3333333333333333
0.3333333333333333,0.3333333333333333,0.3333333333333333

Transition Gammas
1.0,1.0,1.0
1.0,1.0,1.0
1.0,1.0,1.0

1.0,1.0,1.0
1.0,1.0,1.0
1.0,1.0,1.0

Iteration: ,2500
Error:,0.0363644212351421
Absolute Error:,1
Transition Probabilities
0.798358733880422,0.09193128079487586,0.1097099853247021
0.9958762886597938,0.002061855670103093,0.002061855670103093
0.0024096385542168677,0.6738511053918375,0.3237392560539457

0.1781305114638448,0.33969609244521215,0.48217339609094306
0.7813201122943959,0.12427972741835823,0.09440016028724592
0.8014090855202871,0.10303812362241398,0.09555279085729897

Transition Gammas
681.0,78.41738251802911,93.58261748197089
483.0,1.0,1.0
1.0,279.6482087376125,134.35179126238745

101.0,192.6076844164353,273.3923155835647
37.07661491864414,5.897546374626428,4.479647120500221
66.26853175971486,8.520224303796612,7.90126200222123

Iteration: ,3042
Error:,0.03442893342986834
Absolute Error:,1
Transition Probabilities
0.7993492407809111,0.0935289556960834,0.10712180352300554
0.9966722129783694,0.0016638935108153079,0.0016638935108153079
0.0018975332068311196,0.6651989610431309,0.33290350575003785

0.18592297476759628,0.34504663441099254,0.4690303908214112
0.7719063573939052,0.1349138792626701,0.09317976334342458
0.7927130204008899,0.10882574802238588,0.09846123157672432


Model Num 2
Model States: 
"['diamond', 'x', 'square']","['diamond', 'x', 'diamond']","['square', 'y', 'diamond', 'x', 'diamond']","['square', 'y', 'diamond', 'x', 'square']"
Iteration: ,0
Error:,0.35554540697544756
Absolute Error:,0.4499999999999999
Transition Probabilities
0.25,0.25,0.25,0.25
0.25,0.25,0.25,0.25
0.25,0.25,0.25,0.25
0.25,0.25,0.25,0.25

0.25,0.25,0.25,0.25
0.25,0.25,0.25,0.25
0.25,0.25,0.25,0.25
0.25,0.25,0.25,0.25

Transition Gammas
1.0,1.0,1.0,1.0
1.0,1.0,1.0,1.0
1.0,1.0,1.0,1.0
1.0,1.0,1.0,1.0

1.0,1.0,1.0,1.0
1.0,1.0,1.0,1.0
1.0,1.0,1.0,1.0
1.0,1.0,1.0,1.0

Iteration: ,2500
Error:,0.24981569122990463
Absolute Error:,0.3367480390960256
Transition Probabilities
0.0012239902080783353,0.0012239902080783353,0.34299749583899947,0.6545545237448438
0.634862385321101,0.3614678899082569,0.001834862385321101,0.001834862385321101
0.25,0.25,0.25,0.25
0.25,0.25,0.25,0.25

0.25,0.25,0.25,0.25
0.25,0.25,0.25,0.25
0.0029411764705882353,0.9911764705882353,0.0029411764705882353,0.0029411764705882353
0.7475521488463498,0.0016575435672868065,0.1253951537931818,0.1253951537931818

Transition Gammas
1.0,1.0,280.22895410046254,534.7710458995374
346.0,197.0,1.0,1.0
1.0,1.0,1.0,1.0
1.0,1.0,1.0,1.0

1.0,1.0,1.0,1.0
1.0,1.0,1.0,1.0
1.0,337.0,1.0,1.0
451.0,1.0,75.65119630516749,75.65119630516749

Iteration: ,5000
Error:,0.24884394998819995
Absolute Error:,0.3363391288027409
Transition Probabilities
0.0006119951040391677,0.0006119951040391677,0.33318030562079526,0.6655957041711265
0.6351730589335828,0.362956033676333,0.0009354536950420954,0.0009354536950420954
0.25,0.25,0.25,0.25
0.25,0.25,0.25,0.25

0.25,0.25,0.25,0.25
0.25,0.25,0.25,0.25
0.0015360983102918587,0.9953917050691244,0.0015360983102918587,0.0015360983102918587
0.7489978148345481,0.000815013944324862,0.12509358561056344,0.12509358561056344

Transition Gammas
1.0,1.0,544.4166193843794,1087.5833806156204
679.0,388.0,1.0,1.0
1.0,1.0,1.0,1.0
1.0,1.0,1.0,1.0

1.0,1.0,1.0,1.0
1.0,1.0,1.0,1.0
1.0,648.0,1.0,1.0
919.0,1.0,153.486436007163,153.486436007163

Iteration: ,7500
Error:,0.24816328375750146
Absolute Error:,0.3353923516901479
Transition Probabilities
0.0004084967320261438,0.0004084967320261438,0.32458929271759573,0.674593713818352
0.6364795918367347,0.3622448979591837,0.0006377551020408163,0.0006377551020408163
0.25,0.25,0.25,0.25
0.25,0.25,0.25,0.25

0.25,0.25,0.25,0.25
0.25,0.25,0.25,0.25
0.001053740779768177,0.9968387776606955,0.001053740779768177,0.001053740779768177
0.7424751946447988,0.0005341548162912222,0.12849532526945498,0.12849532526945498

Transition Gammas
1.0,1.0,794.5945885726744,1651.4054114273256
998.0,568.0,1.0,1.0
1.0,1.0,1.0,1.0
1.0,1.0,1.0,1.0

1.0,1.0,1.0,1.0
1.0,1.0,1.0,1.0
1.0,946.0,1.0,1.0
1390.0,1.0,240.55820775263604,240.55820775263604

Iteration: ,10000
Error:,0.24841414465494535
Absolute Error:,0.3370647623021227
Transition Probabilities
0.00030816640986132496,0.00030816640986132496,0.32413344755362594,0.6752502196266514
0.6238791882963662,0.3751769702689948,0.00047192071731949034,0.00047192071731949034
0.25,0.25,0.25,0.25
0.25,0.25,0.25,0.25

0.25,0.25,0.25,0.25
0.25,0.25,0.25,0.25
0.0007961783439490446,0.9976114649681529,0.0007961783439490446,0.0007961783439490446
0.740540541534532,0.00040378437379200215,0.129527837045838,0.129527837045838

Transition Gammas
1.0,1.0,1051.8130373115168,2191.186962688485
1322.0,795.0,1.0,1.0
1.0,1.0,1.0,1.0
1.0,1.0,1.0,1.0

1.0,1.0,1.0,1.0
1.0,1.0,1.0,1.0
1.0,1253.0,1.0,1.0
1834.0,1.0,320.7846698707576,320.7846698707576

Iteration: ,12500
Error:,0.24769716706959863
Absolute Error:,0.33680255996287145
Transition Probabilities
0.0002466091245376079,0.0002466091245376079,0.3227514336921282,0.6767553480587967
0.6253308128544424,0.3739130434782609,0.0003780718336483932,0.0003780718336483932
0.25,0.25,0.25,0.25
0.25,0.25,0.25,0.25

0.25,0.25,0.25,0.25
0.25,0.25,0.25,0.25
0.0006406149903907751,0.9980781550288277,0.0006406149903907751,0.0006406149903907751
0.7377292164007014,0.0003221524962448478,0.13097431555152683,0.13097431555152683

Transition Gammas
1.0,1.0,1308.7570636215798,2744.2429363784204
1654.0,989.0,1.0,1.0
1.0,1.0,1.0,1.0
1.0,1.0,1.0,1.0

1.0,1.0,1.0,1.0
1.0,1.0,1.0,1.0
1.0,1558.0,1.0,1.0
2290.0,1.0,406.55998968880107,406.55998968880107

Iteration: ,15000
Error:,0.24704977373250417
Absolute Error:,0.33661964772034525
Transition Probabilities
0.0002051702913418138,0.0002051702913418138,0.32483734120660884,0.6747523182107075
0.6293838862559241,0.36998420221169037,0.000315955766192733,0.000315955766192733
0.25,0.25,0.25,0.25
0.25,0.25,0.25,0.25

0.25,0.25,0.25,0.25
0.25,0.25,0.25,0.25
0.0005319148936170213,0.9984042553191489,0.0005319148936170213,0.0005319148936170213
0.737622212487097,0.00026861697468576,0.13105458526910857,0.13105458526910857

Transition Gammas
1.0,1.0,1583.2572010410106,3288.7427989589864
1992.0,1171.0,1.0,1.0
1.0,1.0,1.0,1.0
1.0,1.0,1.0,1.0

1.0,1.0,1.0,1.0
1.0,1.0,1.0,1.0
1.0,1877.0,1.0,1.0
2746.0,1.0,487.8864614658921,487.8864614658921

Iteration: ,17500
Error:,0.2481740535853974
Absolute Error:,0.3363469257144911
Transition Probabilities
0.00017568517217146873,0.00017568517217146873,0.32747005338777,0.672178576267887
0.6345632121540966,0.3648941942485079,0.00027129679869777537,0.00027129679869777537
0.25,0.25,0.25,0.25
0.25,0.25,0.25,0.25

0.25,0.25,0.25,0.25
0.25,0.25,0.25,0.25
0.0004526935264825713,0.9986419194205522,0.0004526935264825713,0.0004526935264825713
0.737513245520436,0.0002307613409012628,0.13112799656933144,0.13112799656933144

Transition Gammas
1.0,1.0,1863.9595438831868,3826.040456116813
2339.0,1345.0,1.0,1.0
1.0,1.0,1.0,1.0
1.0,1.0,1.0,1.0

1.0,1.0,1.0,1.0
1.0,1.0,1.0,1.0
1.0,2206.0,1.0,1.0
3196.0,1.0,568.2407462931061,568.2407462931061

Iteration: ,20000
Error:,0.2502364153119963
Absolute Error:,0.33613926809814787
Transition Probabilities
0.00015316281206922952,0.00015316281206922952,0.3273202552099506,0.672373419165911
0.6363420427553445,0.3631828978622328,0.00023752969121140142,0.00023752969121140142
0.25,0.25,0.25,0.25
0.25,0.25,0.25,0.25

0.25,0.25,0.25,0.25
0.25,0.25,0.25,0.25
0.000395882818685669,0.998812351543943,0.000395882818685669,0.000395882818685669
0.7393932992227105,0.00020135983094300393,0.13020267047317327,0.13020267047317327

Transition Gammas
1.0,1.0,2137.0739462657684,4389.926053734234
2679.0,1529.0,1.0,1.0
1.0,1.0,1.0,1.0
1.0,1.0,1.0,1.0

1.0,1.0,1.0,1.0
1.0,1.0,1.0,1.0
1.0,2523.0,1.0,1.0
3672.0,1.0,646.6169039942624,646.6169039942624

Iteration: ,22500
Error:,0.24798169233193612
Absolute Error:,0.33681921370094425
Transition Probabilities
0.00013646288209606992,0.00013646288209606992,0.33068130267032225,0.6690457715654856
0.6344784248010055,0.3651026392961877,0.00020946795140343527,0.00020946795140343527
0.25,0.25,0.25,0.25
0.25,0.25,0.25,0.25

0.25,0.25,0.25,0.25
0.25,0.25,0.25,0.25
0.00035001750087504374,0.9989499474973749,0.00035001750087504374,0.00035001750087504374
0.7380166915296136,0.00018017985633047206,0.13090156430702796,0.13090156430702796

Transition Gammas
1.0,1.0,2423.232585968121,4902.767414031878
3029.0,1743.0,1.0,1.0
1.0,1.0,1.0,1.0
1.0,1.0,1.0,1.0

1.0,1.0,1.0,1.0
1.0,1.0,1.0,1.0
1.0,2854.0,1.0,1.0
4096.0,1.0,726.5049876992816,726.5049876992816

Iteration: ,25000
Error:,0.24261435338810725
Absolute Error:,0.33639688889153735
Transition Probabilities
0.00012266928361138384,0.00012266928361138384,0.33179376512875364,0.6679608963040236
0.639136200037886,0.3604849403296079,0.00018942981625307822,0.00018942981625307822
0.25,0.25,0.25,0.25
0.25,0.25,0.25,0.25

0.25,0.25,0.25,0.25
0.25,0.25,0.25,0.25
0.00031387319522912746,0.9990583804143126,0.00031387319522912746,0.00031387319522912746
0.7376329676673548,0.0001619747403749132,0.13110252879613518,0.13110252879613518

Transition Gammas
1.0,1.0,2704.7827733295967,5445.217226670394
3374.0,1903.0,1.0,1.0
1.0,1.0,1.0,1.0
1.0,1.0,1.0,1.0

1.0,1.0,1.0,1.0
1.0,1.0,1.0,1.0
1.0,3183.0,1.0,1.0
4554.0,1.0,809.4010738506513,809.4010738506513

Iteration: ,27500
Error:,0.244120198442374
Absolute Error:,0.3360963142793249
Transition Probabilities
0.00011163206072784119,0.00011163206072784119,0.33262959388990937,0.6671471419886349
0.642512077294686,0.35714285714285715,0.0001725327812284334,0.0001725327812284334
0.25,0.25,0.25,0.25
0.25,0.25,0.25,0.25

0.25,0.25,0.25,0.25
0.25,0.25,0.25,0.25
0.0002848191398461977,0.9991455425804614,0.0002848191398461977,0.0002848191398461977
0.7359220993571124,0.00014747937862867984,0.1319652106321295,0.1319652106321295

Transition Gammas
1.0,1.0,2979.6959020658037,5976.304097934183
3724.0,2070.0,1.0,1.0
1.0,1.0,1.0,1.0
1.0,1.0,1.0,1.0

1.0,1.0,1.0,1.0
1.0,1.0,1.0,1.0
1.0,3508.0,1.0,1.0
4990.0,1.0,894.8044930701019,894.8044930701019

Iteration: ,30000
Error:,0.2464346864333566
Absolute Error:,0.3362085375724647
Transition Probabilities
0.00010245901639344276,0.00010245901639344276,0.33503137387118126,0.6647637080960318
0.6441320486495025,0.35555204549044384,0.000157952930026852,0.000157952930026852
0.25,0.25,0.25,0.25
0.25,0.25,0.25,0.25

0.25,0.25,0.25,0.25
0.25,0.25,0.25,0.25
0.0002598077422707197,0.9992205767731879,0.0002598077422707197,0.0002598077422707197
0.7345200397300844,0.00013569555509515693,0.13267213235741016,0.13267213235741016

Transition Gammas
1.0,1.0,3269.906208982725,6488.093791017262
4078.0,2251.0,1.0,1.0
1.0,1.0,1.0,1.0
1.0,1.0,1.0,1.0

1.0,1.0,1.0,1.0
1.0,1.0,1.0,1.0
1.0,3846.0,1.0,1.0
5413.0,1.0,977.719073144094,977.719073144094

Iteration: ,32500
Error:,0.24156214221649402
Absolute Error:,0.3362204777090939
Transition Probabilities
9.47777461851958e-05,9.47777461851958e-05,0.33498899646245,0.6648214480451796
0.6440875912408759,0.3556204379562044,0.00014598540145985403,0.00014598540145985403
0.25,0.25,0.25,0.25
0.25,0.25,0.25,0.25

0.25,0.25,0.25,0.25
0.25,0.25,0.25,0.25
0.00024009603841536616,0.999279711884754,0.00024009603841536616,0.00024009603841536616
0.7335250632345998,0.0001253246306568597,0.13317480606737164,0.13317480606737164

Transition Gammas
1.0,1.0,3534.468901675307,7014.5310983246845
4412.0,2436.0,1.0,1.0
1.0,1.0,1.0,1.0
1.0,1.0,1.0,1.0

1.0,1.0,1.0,1.0
1.0,1.0,1.0,1.0
1.0,4162.0,1.0,1.0
5853.0,1.0,1062.6387276736193,1062.6387276736193

Iteration: ,35000
Error:,0.2484016137032783
Absolute Error:,0.3357749920435792
Transition Probabilities
8.798169980644033e-05,8.798169980644033e-05,0.3329313814392289,0.6668926551611583
0.6456714383094752,0.3540558963871847,0.000136332651670075,0.000136332651670075
0.25,0.25,0.25,0.25
0.25,0.25,0.25,0.25

0.25,0.25,0.25,0.25
0.25,0.25,0.25,0.25
0.00022381378692927484,0.9993285586392122,0.00022381378692927484,0.00022381378692927484
0.732488739391046,0.00011590011699225411,0.13369768024598094,0.13369768024598094

Transition Gammas
1.0,1.0,3784.098081438273,7579.901918561718
4736.0,2597.0,1.0,1.0
1.0,1.0,1.0,1.0
1.0,1.0,1.0,1.0

1.0,1.0,1.0,1.0
1.0,1.0,1.0,1.0
1.0,4465.0,1.0,1.0
6320.0,1.0,1153.5594934292972,1153.5594934292972

Iteration: ,37500
Error:,0.24657014574587355
Absolute Error:,0.335554227318278
Transition Probabilities
8.216251745953501e-05,8.216251745953501e-05,0.33261066362500785,0.667225011340073
0.647186423376292,0.3525583769299477,0.00012759984688018373,0.00012759984688018373
0.25,0.25,0.25,0.25
0.25,0.25,0.25,0.25

0.25,0.25,0.25,0.25
0.25,0.25,0.25,0.25
0.00020903010033444816,0.9993729096989966,0.00020903010033444816,0.00020903010033444816
0.7319435296073926,0.0001081317077274919,0.13397416934243989,0.13397416934243989

Transition Gammas
1.0,1.0,4048.204386979968,8120.795613020024
5072.0,2763.0,1.0,1.0
1.0,1.0,1.0,1.0
1.0,1.0,1.0,1.0

1.0,1.0,1.0,1.0
1.0,1.0,1.0,1.0
1.0,4781.0,1.0,1.0
6769.0,1.0,1238.9905991318926,1238.9905991318926

Iteration: ,40000
Error:,0.25049515228788466
Absolute Error:,0.33549259795142194
Transition Probabilities
7.69467528470299e-05,7.69467528470299e-05,0.3309855132869853,0.6688605932073206
0.6461132437619962,0.3536468330134357,0.0001199616122840691,0.0001199616122840691
0.25,0.25,0.25,0.25
0.25,0.25,0.25,0.25

0.25,0.25,0.25,0.25
0.25,0.25,0.25,0.25
0.0001968503937007874,0.9994094488188976,0.0001968503937007874,0.0001968503937007874
0.7336465821865874,0.00010101150794252891,0.13312620315273496,0.13312620315273496

Transition Gammas
1.0,1.0,4301.487730677658,8692.512269322333
5386.0,2948.0,1.0,1.0
1.0,1.0,1.0,1.0
1.0,1.0,1.0,1.0

1.0,1.0,1.0,1.0
1.0,1.0,1.0,1.0
1.0,5077.0,1.0,1.0
7263.0,1.0,1317.9310542366907,1317.9310542366907

Iteration: ,42500
Error:,0.24679024528733368
Absolute Error:,0.3352527433815734
Transition Probabilities
7.24375226367259e-05,7.24375226367259e-05,0.33001267800018635,0.6698424469545402
0.6471121177802944,0.3526613816534541,0.00011325028312570782,0.00011325028312570782
0.25,0.25,0.25,0.25
0.25,0.25,0.25,0.25

0.25,0.25,0.25,0.25
0.25,0.25,0.25,0.25
0.00018573551263001485,0.99944279346211,0.00018573551263001485,0.00018573551263001485
0.732674807617552,9.490606316289534e-05,0.13361514315964257,0.13361514315964257

Transition Gammas
1.0,1.0,4555.825019792568,9247.174980207417
5714.0,3114.0,1.0,1.0
1.0,1.0,1.0,1.0
1.0,1.0,1.0,1.0

1.0,1.0,1.0,1.0
1.0,1.0,1.0,1.0
1.0,5381.0,1.0,1.0
7720.0,1.0,1407.8673027486932,1407.8673027486932

Iteration: ,45000
Error:,0.24673759354679445
Absolute Error:,0.33536296588372905
Transition Probabilities
6.847907964116974e-05,6.847907964116974e-05,0.3297609886281837,0.6701020532125339
0.6460271628702813,0.35375895626136244,0.00010694043417816276,0.00010694043417816276
0.25,0.25,0.25,0.25
0.25,0.25,0.25,0.25

0.25,0.25,0.25,0.25
0.25,0.25,0.25,0.25
0.000175530981218185,0.9994734070563455,0.000175530981218185,0.000175530981218185
0.7316078632699801,8.962487605904448e-05,0.1341512559269805,0.1341512559269805

Transition Gammas
1.0,1.0,4815.499716937358,9785.500283062616
6041.0,3308.0,1.0,1.0
1.0,1.0,1.0,1.0
1.0,1.0,1.0,1.0

1.0,1.0,1.0,1.0
1.0,1.0,1.0,1.0
1.0,5694.0,1.0,1.0
8163.0,1.0,1496.8082727233254,1496.8082727233254

Iteration: ,47500
Error:,0.2456527852154708
Absolute Error:,0.33510535581122436
Transition Probabilities
6.486346241162366e-05,6.486346241162366e-05,0.3284685550325337,0.671401718042643
0.6468375025422005,0.35295912141549723,0.0001016880211511084,0.0001016880211511084
0.25,0.25,0.25,0.25
0.25,0.25,0.25,0.25

0.25,0.25,0.25,0.25
0.25,0.25,0.25,0.25
0.00016672224074691563,0.9994998332777593,0.00016672224074691563,0.00016672224074691563
0.730982379582288,8.466323599516887e-05,0.13446647859085836,0.13446647859085836

Transition Gammas
1.0,1.0,5063.999712936562,10351.000287063407
6361.0,3471.0,1.0,1.0
1.0,1.0,1.0,1.0
1.0,1.0,1.0,1.0

1.0,1.0,1.0,1.0
1.0,1.0,1.0,1.0
1.0,5995.0,1.0,1.0
8634.0,1.0,1588.2511105355272,1588.2511105355272

Iteration: ,50000
Error:,0.24503943188088523
Absolute Error:,0.3351940932638312
Transition Probabilities
6.160670280926576e-05,6.160670280926576e-05,0.32760070802935476,0.6722760785650267
0.645298320139023,0.3545085923923537,9.654373431164318e-05,9.654373431164318e-05
0.25,0.25,0.25,0.25
0.25,0.25,0.25,0.25

0.25,0.25,0.25,0.25
0.25,0.25,0.25,0.25
0.00015873015873015873,0.9995238095238095,0.00015873015873015873,0.00015873015873015873
0.7318734441439925,8.03638348681226e-05,0.13402309601056975,0.13402309601056975

Transition Gammas
1.0,1.0,5317.614692732477,10912.385307267494
6684.0,3672.0,1.0,1.0
1.0,1.0,1.0,1.0
1.0,1.0,1.0,1.0

1.0,1.0,1.0,1.0
1.0,1.0,1.0,1.0
1.0,6297.0,1.0,1.0
9107.0,1.0,1667.7040889163916,1667.7040889163916

Iteration: ,52500
Error:,0.24631406218579063
Absolute Error:,0.3352585926959225
Transition Probabilities
5.8737151248164536e-05,5.8737151248164536e-05,0.3278512366499951,0.6720312890475085
0.6450696480938416,0.35474706744868034,9.164222873900293e-05,9.164222873900293e-05
0.25,0.25,0.25,0.25
0.25,0.25,0.25,0.25

0.25,0.25,0.25,0.25
0.25,0.25,0.25,0.25
0.0001509433962264151,0.9995471698113207,0.0001509433962264151,0.0001509433962264151
0.7311824927868573,7.673234261589436e-05,0.13437038743526342,0.13437038743526342

Transition Gammas
1.0,1.0,5581.667303966159,11441.332696033818
7039.0,3871.0,1.0,1.0
1.0,1.0,1.0,1.0
1.0,1.0,1.0,1.0

1.0,1.0,1.0,1.0
1.0,1.0,1.0,1.0
1.0,6622.0,1.0,1.0
9529.0,1.0,1751.1571112574097,1751.1571112574097

Iteration: ,55000
Error:,0.24704485312559896
Absolute Error:,0.335334327043
Transition Probabilities
5.604438715462651e-05,5.604438715462651e-05,0.32686922237473526,0.6730186888509556
0.6435132534336454,0.35631178374595396,8.748141020033243e-05,8.748141020033243e-05
0.25,0.25,0.25,0.25
0.25,0.25,0.25,0.25

0.25,0.25,0.25,0.25
0.25,0.25,0.25,0.25
0.00014442518775274407,0.9995667244367418,0.00014442518775274407,0.00014442518775274407
0.7325313043614399,7.31142134306258e-05,0.13369779071256477,0.13369779071256477

Transition Gammas
1.0,1.0,5832.327534832397,12008.67246516759
7356.0,4073.0,1.0,1.0
1.0,1.0,1.0,1.0
1.0,1.0,1.0,1.0

1.0,1.0,1.0,1.0
1.0,1.0,1.0,1.0
1.0,6921.0,1.0,1.0
10019.0,1.0,1828.6155924993093,1828.6155924993093

Iteration: ,57500
Error:,0.2496561961042882
Absolute Error:,0.33538377496889854
Transition Probabilities
5.3622178132875776e-05,5.3622178132875776e-05,0.3264007478873625,0.6734920077563719
0.6426778242677824,0.3571548117154812,8.368200836820084e-05,8.368200836820084e-05
0.25,0.25,0.25,0.25
0.25,0.25,0.25,0.25

0.25,0.25,0.25,0.25
0.25,0.25,0.25,0.25
0.00013848497438027975,0.9995845450768591,0.00013848497438027975,0.00013848497438027975
0.732254126183991,6.990492851398482e-05,0.1338379844437475,0.1338379844437475

Transition Gammas
1.0,1.0,6087.047547351421,12559.952452648573
7680.0,4268.0,1.0,1.0
1.0,1.0,1.0,1.0
1.0,1.0,1.0,1.0

1.0,1.0,1.0,1.0
1.0,1.0,1.0,1.0
1.0,7218.0,1.0,1.0
10475.0,1.0,1914.5715086021805,1914.5715086021805

Iteration: ,60000
Error:,0.24552987172005925
Absolute Error:,0.33521289077634553
Transition Probabilities
5.133733764566973e-05,5.133733764566973e-05,0.32623041563603894,0.6736669096886698
0.6439016551502491,0.3559376506508115,8.034709946970914e-05,8.034709946970914e-05
0.25,0.25,0.25,0.25
0.25,0.25,0.25,0.25

0.25,0.25,0.25,0.25
0.25,0.25,0.25,0.25
0.00013266118333775536,0.9996020164499867,0.00013266118333775536,0.00013266118333775536
0.7327722213406566,6.69565260727939e-05,0.1335804110666353,0.1335804110666353

Transition Gammas
1.0,1.0,6354.642266174398,13122.35773382559
8014.0,4430.0,1.0,1.0
1.0,1.0,1.0,1.0
1.0,1.0,1.0,1.0

1.0,1.0,1.0,1.0
1.0,1.0,1.0,1.0
1.0,7535.0,1.0,1.0
10944.0,1.0,1995.0319842073216,1995.0319842073216

Iteration: ,62500
Error:,0.24639130014484376
Absolute Error:,0.33499775007257904
Transition Probabilities
4.930966469428014e-05,4.930966469428014e-05,0.32624213501308374,0.6736592456575278
0.6456595613222119,0.35418597466790236,7.723200494284832e-05,7.723200494284832e-05
0.25,0.25,0.25,0.25
0.25,0.25,0.25,0.25

0.25,0.25,0.25,0.25
0.25,0.25,0.25,0.25
0.00012727504136438844,0.9996181748759069,0.00012727504136438844,0.00012727504136438844
0.7314230818914214,6.428397626045187e-05,0.13425631706615915,0.13425631706615915

Transition Gammas
1.0,1.0,6616.19049806533,13661.809501934646
8360.0,4586.0,1.0,1.0
1.0,1.0,1.0,1.0
1.0,1.0,1.0,1.0

1.0,1.0,1.0,1.0
1.0,1.0,1.0,1.0
1.0,7854.0,1.0,1.0
11378.0,1.0,2088.4880630626913,2088.4880630626913

Iteration: ,65000
Error:,0.243243803642863
Absolute Error:,0.334858397687249
Transition Probabilities
4.739336492891e-05,4.739336492891e-05,0.32534914625821826,0.6745560670119239
0.6459031033712882,0.35394805388107464,7.442137381856069e-05,7.442137381856069e-05
0.25,0.25,0.25,0.25
0.25,0.25,0.25,0.25

0.25,0.25,0.25,0.25
0.25,0.25,0.25,0.25
0.00012277470841006753,0.9996316758747698,0.00012277470841006753,0.00012277470841006753
0.7312650989789774,6.169451607010693e-05,0.1343366032524762,0.1343366032524762

Transition Gammas
1.0,1.0,6864.866986048398,14233.133013951581
8679.0,4756.0,1.0,1.0
1.0,1.0,1.0,1.0
1.0,1.0,1.0,1.0

1.0,1.0,1.0,1.0
1.0,1.0,1.0,1.0
1.0,8142.0,1.0,1.0
11853.0,1.0,2177.448042542744,2177.448042542744

Iteration: ,67500
Error:,0.24663348315346426
Absolute Error:,0.334892911237083
Transition Probabilities
4.564125969876773e-05,4.564125969876773e-05,0.3251623355232577,0.6747463819573447
0.6454617092914965,0.35439501396948203,7.163836951070993e-05,7.163836951070993e-05
0.25,0.25,0.25,0.25
0.25,0.25,0.25,0.25

0.25,0.25,0.25,0.25
0.25,0.25,0.25,0.25
0.00011821728336682824,0.9996453481498995,0.00011821728336682824,0.00011821728336682824
0.7310123142302938,5.9407745975643543e-05,0.1344641390118653,0.1344641390118653

Transition Gammas
1.0,1.0,7124.306771314568,14783.693228685408
9010.0,4947.0,1.0,1.0
1.0,1.0,1.0,1.0
1.0,1.0,1.0,1.0

1.0,1.0,1.0,1.0
1.0,1.0,1.0,1.0
1.0,8456.0,1.0,1.0
12305.0,1.0,2263.4108869741326,2263.4108869741326

Iteration: ,70000
Error:,0.24452783994933303
Absolute Error:,0.3348751496699935
Transition Probabilities
4.401602183194688e-05,4.401602183194688e-05,0.32510282935050794,0.6748091386058281
0.6455643769416638,0.354297549188816,6.903693476009665e-05,6.903693476009665e-05
0.25,0.25,0.25,0.25
0.25,0.25,0.25,0.25

0.25,0.25,0.25,0.25
0.25,0.25,0.25,0.25
0.00011396011396011396,0.9996581196581197,0.00011396011396011396,0.00011396011396011396
0.7309294830925324,5.730083749549485e-05,0.13450660803498607,0.13450660803498607

Transition Gammas
1.0,1.0,7386.011180014182,15330.988819985792
9351.0,5132.0,1.0,1.0
1.0,1.0,1.0,1.0
1.0,1.0,1.0,1.0

1.0,1.0,1.0,1.0
1.0,1.0,1.0,1.0
1.0,8772.0,1.0,1.0
12756.0,1.0,2347.3759531972173,2347.3759531972173

Iteration: ,72500
Error:,0.2457566793093856
Absolute Error:,0.33475486689643885
Transition Probabilities
4.247907905356614e-05,4.247907905356614e-05,0.32499245364135004,0.6749225882005429
0.6464350030014007,0.3534316014139932,6.669779230307477e-05,6.669779230307477e-05
0.25,0.25,0.25,0.25
0.25,0.25,0.25,0.25

0.25,0.25,0.25,0.25
0.25,0.25,0.25,0.25
0.00010993843447669306,0.9996701846965699,0.00010993843447669306,0.00010993843447669306
0.7310712483349832,5.53045804020715e-05,0.13443672354230737,0.13443672354230737

Transition Gammas
1.0,1.0,7650.647351171018,15888.352648828972
9692.0,5299.0,1.0,1.0
1.0,1.0,1.0,1.0
1.0,1.0,1.0,1.0

1.0,1.0,1.0,1.0
1.0,1.0,1.0,1.0
1.0,9093.0,1.0,1.0
13219.0,1.0,2430.8424829360406,2430.8424829360406

Iteration: ,74999
Error:,0.2477575723970616
Absolute Error:,0.3345834784572119
Transition Probabilities
4.103237454351486e-05,4.103237454351486e-05,0.32369637962890935,0.6762215556220036
0.6465260706430327,0.35334454651313235,6.469142191745374e-05,6.469142191745374e-05
0.25,0.25,0.25,0.25
0.25,0.25,0.25,0.25

0.25,0.25,0.25,0.25
0.25,0.25,0.25,0.25
0.00010659844366272253,0.9996802046690119,0.00010659844366272253,0.00010659844366272253
0.7313192640736624,5.330315335813866e-05,0.13431371638648967,0.13431371638648967

Transition Gammas
1.0,1.0,7888.804467936146,16480.19553206384
9994.0,5462.0,1.0,1.0
1.0,1.0,1.0,1.0
1.0,1.0,1.0,1.0

1.0,1.0,1.0,1.0
1.0,1.0,1.0,1.0
1.0,9378.0,1.0,1.0
13720.0,1.0,2519.8080774705572,2519.8080774705572

*,*,*,*,*,*,*,*,*,*,*
Model Num 2
Model States: 
"['diamond', 'x', 'square']","['diamond', 'x', 'diamond']","['square', 'y', 'diamond', 'x', 'diamond']","['square', 'y', 'diamond', 'x', 'square']"
Iteration: ,74999
Error:,0.2452608215071738
Absolute Error:,0.33458347881234624
Transition Probabilities
4.103237454351486e-05,4.103237454351486e-05,0.32369637962890935,0.6762215556220036
0.6465260706430327,0.35334454651313235,6.469142191745374e-05,6.469142191745374e-05
0.25,0.25,0.25,0.25
0.25,0.25,0.25,0.25

0.25,0.25,0.25,0.25
0.25,0.25,0.25,0.25
0.00010659844366272253,0.9996802046690119,0.00010659844366272253,0.00010659844366272253
0.7313335848407919,5.330031228341899e-05,0.1343065574234623,0.1343065574234623

Transition Gammas
1.0,1.0,7888.804467936146,16480.19553206384
9994.0,5462.0,1.0,1.0
1.0,1.0,1.0,1.0
1.0,1.0,1.0,1.0

1.0,1.0,1.0,1.0
1.0,1.0,1.0,1.0
1.0,9378.0,1.0,1.0
13721.0,1.0,2519.8080774705572,2519.8080774705572

