0,1,2,3,4,5,6,7,8,9,10,11,12,13,14,15,16,17,18,19,20,21,22,23,24,25,26,27,28,29
github Code Version (SHA):,528ca1c557fe8e6666681dc5c9134b0f84d30530
Environment Observations,Environment Actions,alpha,epsilon,numActions,explore,patience,gainThresh,insertRandActions,useUpdatedPosterior,revisedSplitting,haveControl,confidence_factor
"['diamond', 'square']","['x', 'y']",0.99,0.99,75000,0.5,0,0.01,False,True,False,True,250

Model Num 0
Model States: 
['diamond'],['square']
Iteration: ,0
Error:,0.674493238069239
Absolute Error:,1
Transition Probabilities
0.5,0.5
0.5,0.5

0.5,0.5
0.5,0.5

Transition Gammas
1.0,1.0
1.0,1.0

1.0,1.0
1.0,1.0

Iteration: ,2449
Error:,0.14981222871651378
Absolute Error:,1
Transition Probabilities
0.44921875,0.55078125
0.02666666666666667,0.9733333333333334

0.032,0.968
0.97265625,0.02734375


Model Num 1
Model States: 
['square'],"['diamond', 'x', 'square']","['diamond', 'x', 'diamond']"
Iteration: ,0
Error:,0.7248263900054753
Absolute Error:,1
Transition Probabilities
0.3333333333333333,0.3333333333333333,0.3333333333333333
0.3333333333333333,0.3333333333333333,0.3333333333333333
0.3333333333333333,0.3333333333333333,0.3333333333333333

0.3333333333333333,0.3333333333333333,0.3333333333333333
0.3333333333333333,0.3333333333333333,0.3333333333333333
0.3333333333333333,0.3333333333333333,0.3333333333333333

Transition Gammas
1.0,1.0,1.0
1.0,1.0,1.0
1.0,1.0,1.0

1.0,1.0,1.0
1.0,1.0,1.0
1.0,1.0,1.0

Iteration: ,2500
Error:,0.11640404480770206
Absolute Error:,1
Transition Probabilities
0.9825986078886311,0.015572179274643822,0.0018292128367250874
0.9958847736625515,0.00205761316872428,0.00205761316872428
0.0032258064516129032,0.9708673459144961,0.02590684763389094

0.025449101796407185,0.31724240276039534,0.6573084954431975
0.8832785274396379,0.058384620404064586,0.05833685215629739
0.9818611589953927,0.009400243100831542,0.008738597903775626

Transition Gammas
847.0,13.423218534742974,1.5767814652570253
484.0,1.0,1.0
1.0,300.9688772334938,8.031122766506192

17.0,211.91792504394408,439.0820749560559
30.16120645236054,1.993652664413983,1.9920215277588782
133.17823368378504,1.2750354374419302,1.1852908357108416

Iteration: ,5000
Error:,0.1695930473070094
Absolute Error:,1
Transition Probabilities
0.9829242262540021,0.015392976024272116,0.0016827977217257475
0.9987333755541482,0.0006333122229259025,0.0006333122229259025
0.002570694087403599,0.9715523828445476,0.025876923068048764

0.02648648648648648,0.6862719379274711,0.28724157558604246
0.8082951241673855,0.16776623192414644,0.023938643908468067
0.9832473424420901,0.008681869673444729,0.00807078788446504

Transition Gammas
921.0,14.423218534742974,1.5767814652570253
1577.0,1.0,1.0
1.0,377.933876926529,10.066123073470969

49.0,1269.6030851658218,531.3969148341787
67.26117378580477,13.960437646414489,1.9920215277588782
144.40152323627794,1.2750354374419302,1.1852908357108416

Iteration: ,7500
Error:,0.1587803739590508
Absolute Error:,1
Transition Probabilities
0.9832869080779945,0.01522831451057193,0.0014847774114336394
0.9991996798719488,0.00040016006402561027,0.00040016006402561027
0.0021186440677966106,0.9764480633301493,0.02143329260205407

0.025075225677031097,0.7676471893937022,0.2072775849292666
0.8695180502298765,0.10843259660489828,0.02204935316522534
0.9832473424420901,0.008681869673444729,0.00807078788446504

Transition Gammas
1059.0,16.40089472788597,1.5991052721140295
2497.0,1.0,1.0
1.0,460.88348589183045,10.11651410816952

75.0,2296.032743476563,619.9672565234363
231.0225615499715,28.809495348090493,5.858300523380331
144.40152323627794,1.2750354374419302,1.1852908357108416

Iteration: ,10000
Error:,0.14223049607279736
Absolute Error:,1
Transition Probabilities
0.98375,0.014591836435762182,0.001658163564237819
0.9992630803242447,0.00036845983787767134,0.00036845983787767134
0.0015600624024961,0.9794725430324202,0.018967394565083805

0.026423807080554123,0.7636798937717526,0.20989629914769317
0.9415572496784865,0.04551609886226135,0.01292665145925211
0.9832473424420901,0.008681869673444729,0.00807078788446504

Transition Gammas
1574.0,23.34693829721949,2.6530617027805103
2712.0,1.0,1.0
1.0,627.8419000837813,12.158099916218719

103.0,2976.8242259222925,818.1757740777082
774.5425106907984,37.44238972368885,10.633703982941961
144.40152323627794,1.2750354374419302,1.1852908357108416

Iteration: ,12500
Error:,0.13768134067130552
Absolute Error:,1
Transition Probabilities
0.9835782195332757,0.014821597253290943,0.0016001832134333452
0.9993744135126681,0.00031279324366593683,0.00031279324366593683
0.0010405827263267424,0.9716799722686992,0.027279445004974038

0.025701943844492425,0.7292291154691032,0.24506894068640445
0.9479003720079683,0.039017649619610205,0.013081978372421386
0.9832473424420901,0.008681869673444729,0.00807078788446504

Transition Gammas
2276.0,34.29717604411524,3.702823955884761
3195.0,1.0,1.0
1.0,933.7844533502204,26.215546649780062

119.0,3376.3308046219495,1134.6691953780532
977.0723749120783,40.21843297367059,13.484581348790481
144.40152323627794,1.2750354374419302,1.1852908357108416

Iteration: ,15000
Error:,0.1379189963551929
Absolute Error:,1
Transition Probabilities
0.9816212668198228,0.01681452859945258,0.0015642045807246405
0.9994537011745425,0.0002731494127287626,0.0002731494127287626
0.0007824726134585291,0.9723917081597182,0.026825819226823356

0.025051411478781083,0.7017351907854097,0.27321339773580927
0.9499265925679061,0.037681205657971284,0.012392201774122577
0.9832473424420901,0.008681869673444729,0.00807078788446504

Transition Gammas
2991.0,51.233868642532016,4.766131357467979
3659.0,1.0,1.0
1.0,1242.7166030281196,34.283396971880244

134.0,3753.581535511156,1461.4184644888435
1184.2604110270825,46.97664056321815,15.449187422873257
144.40152323627794,1.2750354374419302,1.1852908357108416

Iteration: ,15577
Error:,0.13525160729513874
Absolute Error:,1
Transition Probabilities
0.9816656308266004,0.016538790943855228,0.0017955782295443988
0.9994682265354958,0.00026588673225206064,0.00026588673225206064
0.0007401924500370097,0.9731325157189837,0.02612729183097921

0.025022665457842257,0.6961596763589366,0.27881765818322113
0.9505887610356374,0.036837461213707054,0.01257377775065545
0.9832473424420901,0.008681869673444729,0.00807078788446504


Model Num 2
Model States: 
"['diamond', 'x', 'square']","['diamond', 'x', 'diamond']","['square', 'y', 'diamond', 'x', 'square']","['square', 'y', 'diamond', 'x', 'diamond']"
Iteration: ,0
Error:,0.67477753599386
Absolute Error:,0.74
Transition Probabilities
0.25,0.25,0.25,0.25
0.25,0.25,0.25,0.25
0.25,0.25,0.25,0.25
0.25,0.25,0.25,0.25

0.25,0.25,0.25,0.25
0.25,0.25,0.25,0.25
0.25,0.25,0.25,0.25
0.25,0.25,0.25,0.25

Transition Gammas
1.0,1.0,1.0,1.0
1.0,1.0,1.0,1.0
1.0,1.0,1.0,1.0
1.0,1.0,1.0,1.0

1.0,1.0,1.0,1.0
1.0,1.0,1.0,1.0
1.0,1.0,1.0,1.0
1.0,1.0,1.0,1.0

Iteration: ,2500
Error:,0.0386262574097057
Absolute Error:,0.03789524811710648
Transition Probabilities
0.0020876826722338203,0.0020876826722338203,0.975936905831235,0.01988772882429729
0.9811716533887097,0.013700141483085276,0.002564102564102565,0.002564102564102565
0.02209998313229959,0.0026629666480543655,0.01586251906086637,0.9593745311587797
0.027201554664277133,0.0040582589051256935,0.012817990426091084,0.955922196004506

0.02550660238424922,0.006961631090425506,0.9512121944935021,0.016319572031823118
0.07179376113694048,0.03614085651040744,0.057364020101068024,0.8347013622515841
0.9751726408428072,0.0036137433743860894,0.009036899981069641,0.012176715801737112
0.0024763463863231618,0.988903647584974,0.004303976892285562,0.0043160291364172515

Transition Gammas
1.0,1.0,467.47377789316164,9.526222106838404
382.65694482159665,5.343055178403256,1.0,1.0
8.299008606978397,1.0,5.956709624003722,360.26531983031947
6.885162094650119,1.0272122578546103,3.2444447716516485,241.95967291562272

5.995045582038767,1.6362546090502212,223.57193554328907,3.8357354200401237
1.9864986076427416,1.0,1.587234660156684,23.095782525552934
306.3321168591318,1.135189412927548,2.8387719108411145,3.8250859096235104
1.0190264985314788,406.93782862896177,1.771103802977343,1.7760633499150382

Iteration: ,5000
Error:,0.02821504050577182
Absolute Error:,0.027354008393668385
Transition Probabilities
0.001085776330076005,0.001085776330076005,0.9830361261612021,0.014792321178645875
0.9827553310555741,0.014667349356797095,0.0012886597938144332,0.0012886597938144332
0.01980013377640538,0.002573581451441859,0.017975600443483425,0.9596506843286693
0.020127892830263307,0.004122686835793815,0.012491808798740496,0.9632576115352024

0.020470542262071047,0.003541172419652414,0.9683579185639826,0.007630366754294019
0.0465860391034732,0.023451332371561058,0.038710400303890405,0.8912522282210754
0.9802929304157832,0.001775630260466985,0.009818554430323926,0.008112884893425784
0.0012576817111804577,0.985542670231627,0.005002330767541,0.00819731728965164

Transition Gammas
1.0,1.0,905.3762721944665,13.623727805532843
762.6181368991254,11.381863100874543,1.0,1.0
15.100691842150553,1.9627574675888593,13.709200454904572,731.883401587147
9.979524340143238,2.044051703352311,6.193510220404698,477.588630921682

10.505206407275331,1.8172819613639073,496.94823324162155,3.915801383805668
1.9864986076427416,1.0,1.6506695521843227,38.00433229550225
631.2196492233219,1.1433446833967296,6.322257654924098,5.2239613259736295
1.0195415314266736,798.9316170871095,4.055146803919562,6.645167333503995

Iteration: ,7500
Error:,0.025461230348583254
Absolute Error:,0.023591015195016097
Transition Probabilities
0.0007374631268436579,0.0007374631268436579,0.983999627030677,0.014525446715635588
0.9834313321001197,0.014770106748801212,0.0008992805755395684,0.0008992805755395684
0.019862416893420526,0.0018178505415165954,0.01622439017444706,0.9620953423906159
0.020038612889916062,0.0026458220739081053,0.009259082260344132,0.9680564827758317

0.02139403209024646,0.002354357636830845,0.9681246065336101,0.008127003739312601
0.03234887499390495,0.010888111602476153,0.03201357519113689,0.924749438212482
0.9729816837653783,0.0011176576021349315,0.01741312603667588,0.008487532595810912
0.0008524761752264021,0.9857717141967731,0.0042704238640403885,0.009105385763959969

Transition Gammas
1.0,1.0,1334.3034942535978,19.696505746401854
1093.575641295333,16.424358704666947,1.0,1.0
21.618666627708937,1.978586243905972,17.658962869490175,1047.1645310246208
15.565275252445396,2.0551796212451356,7.192122766132959,751.9515296342003

16.873874348295537,1.8569260234467584,763.5780340625357,6.409920268737385
2.971027132615745,1.0,2.940232095330142,84.93203155652604
999.0995845199621,1.147659061378439,17.88054932453566,8.715364771572752
1.020367954110108,1179.9155172488431,5.1114667928128625,10.898655133543947

Iteration: ,10000
Error:,0.020836887865481355
Absolute Error:,0.018121513479040105
Transition Probabilities
0.0005858230814294085,0.0005858230814294085,0.9860843842182935,0.012743969618847741
0.9868288301548575,0.011743618096391649,0.0007137758743754463,0.0007137758743754463
0.017123146700740745,0.0014431754426007368,0.014296712333129373,0.9671369655235292
0.02074142481742511,0.0027875812467403433,0.01186151856533945,0.9646094753704951

0.018516443470484957,0.004923706768780518,0.969156701725621,0.007403148035113466
0.01656083715160628,0.0041859902973412026,0.016954105366826296,0.9622990671842262
0.9736814148625392,0.0008125840807644164,0.0170006255706233,0.008505375486073
0.0006236482750950448,0.9836315328379738,0.004821497754661928,0.01092332113226915

Transition Gammas
1.0,1.0,1683.2460438606263,21.753956139373084
1382.5471910469548,16.452808953044695,1.0,1.0
23.573513851628455,1.9868261880280897,19.68234881753323,1331.461854041381
21.168193797871904,2.844937634599703,12.105577410343574,984.4569740817378

20.65922737703208,5.493494354691244,1081.3107115758485,8.259864741683662
3.956253114615473,1.0,4.050201783218409,229.88564206549773
1379.0295562727624,1.1508666461391406,24.078065760683966,12.046203207183902
1.021974191695732,1611.8797739724705,7.901002002823563,17.900077223948646

Iteration: ,12500
Error:,0.02179789016039299
Absolute Error:,0.017285773900996827
Transition Probabilities
0.0005022601707684579,0.0005022601707684579,0.9875462785491028,0.011449201109360197
0.9875957543319857,0.011248844165992368,0.0005777007510109769,0.0005777007510109769
0.015967116108508754,0.0011595457170385072,0.012062185928616395,0.9708111522458364
0.023602190310130982,0.00255934643465864,0.0109010559212372,0.9629374073339733

0.015337183416178407,0.004078309850411469,0.9741286105447923,0.0064558961886177525
0.01207800208829267,0.005185117088044584,0.016685040123045978,0.9660518407006168
0.9723847480044719,0.0007205030898471803,0.018109161770771962,0.008785587134909033
0.0004410886133341636,0.9798842780494755,0.0051562814617193845,0.014518351875470854

Transition Gammas
1.0,1.0,1966.2046405912645,22.79535940873616
1709.5282507486654,19.47174925133277,1.0,1.0
27.445461033439134,1.9931130065818639,20.733378002150552,1668.7020667177758
26.235900917115174,2.844937634599703,12.117478051125994,1070.3892340599339

20.65922737703208,5.493494354691244,1312.1538625200658,8.696109557018126
6.911918019920507,2.967304027128155,9.548402843990603,552.845667445969
1555.5439440291404,1.152603658547831,28.96959972045839,14.054485007600327
1.0244423674065406,2275.8124767754093,11.975628089171382,33.7193351098383

Iteration: ,15000
Error:,0.022090230526901643
Absolute Error:,0.01777112670239435
Transition Probabilities
0.00043497172683775565,0.00043497172683775565,0.9874584636718436,0.011671592874480797
0.9866918628492806,0.012340082939683663,0.00048402710551790945,0.00048402710551790945
0.015211007078547004,0.001438818918859091,0.010086840527738339,0.9732633334748556
0.025045374359159746,0.002425400803130304,0.010248215190469739,0.9622810096472402

0.015467613603612323,0.004771328126667895,0.9738106918668762,0.00595036640284367
0.015248597645894238,0.004367870017639038,0.01902238220236512,0.9613611501341016
0.9713058777514089,0.0006426279455490358,0.01894419680710016,0.009107297495941902
0.0003426023403056628,0.9816378159793497,0.004287877603163319,0.013731704077181241

Transition Gammas
1.0,1.0,2270.167007981568,26.832992018431344
2038.505388646612,25.494611353386425,1.0,1.0
31.33051629791544,2.963573638108509,20.776134013801776,2004.6564027048123
29.633745256678466,2.8697398774964085,12.125712075009746,1138.573131161708

24.333469208352188,7.506197725685567,1531.9876157090412,9.361046981946505
13.812430465925985,3.956488478734732,17.230786565949014,870.8167365439848
1743.5121222706555,1.1535291187246246,34.00518573646845,16.347768451745953
1.0260094041303542,2939.762845012147,12.841134537144235,41.12306268939463

Iteration: ,15710
Error:,0.023166985773734095
Absolute Error:,0.01793234694659861
Transition Probabilities
0.0004201680672268908,0.0004201680672268908,0.9878807003702765,0.011278963495269639
0.9872558729782634,0.011817342962422319,0.00046339202965709,0.00046339202965709
0.015861965607716993,0.0018202043571019014,0.010070345537616281,0.9722474844975648
0.025433125425878278,0.0032071797471747462,0.010070973007338044,0.9612887218196089

0.015397500301764852,0.004567321549803368,0.9741341573684691,0.005901020779962757
0.014794939241431718,0.004942807202137483,0.020877984676421504,0.9593842688800093
0.9716226910231428,0.0006236603810420268,0.018814479792126488,0.00893916880368864
0.0003224340718006793,0.9816533954056555,0.004161508660051753,0.013862661862492123

*,*,*,*,*,*,*,*,*,*,*
Model Num 2
Model States: 
"['diamond', 'x', 'square']","['diamond', 'x', 'diamond']","['square', 'y', 'diamond', 'x', 'square']","['square', 'y', 'diamond', 'x', 'diamond']"
Iteration: ,15710
Error:,0.022235383652286302
Absolute Error:,0.01793234694659861
Transition Probabilities
0.0004201680672268908,0.0004201680672268908,0.9878807003702765,0.011278963495269639
0.9872558729782634,0.011817342962422319,0.00046339202965709,0.00046339202965709
0.015861965607716993,0.0018202043571019014,0.010070345537616281,0.9722474844975648
0.025433125425878278,0.0032071797471747462,0.010070973007338044,0.9612887218196089

0.015397500301764852,0.004567321549803368,0.9741341573684691,0.005901020779962757
0.014794939241431718,0.004942807202137483,0.020877984676421504,0.9593842688800093
0.9716226910231428,0.0006236603810420268,0.018814479792126488,0.00893916880368864
0.0003224340718006793,0.9816533954056555,0.004161508660051753,0.013862661862492123

Transition Gammas
1.0,1.0,2351.156066881258,26.84393311874174
2130.498173887092,25.50182611290736,1.0,1.0
34.273710852348664,3.9330029688845625,21.75947922693656,2100.78183150146
30.627504776131357,3.8622037747888864,12.127835990172423,1157.619223975284

25.305133541851454,7.506197725685567,1600.947845869671,9.698075398191895
14.80150565947011,4.9450009616279935,20.88725092435584,959.8100711132
1797.5055235099892,1.153773980450078,34.80685626300272,16.53749490277784
1.0263562877255128,3124.750833914727,13.246709802767475,44.12694380504822

