0,1,2,3,4,5,6,7,8,9,10,11,12,13,14,15,16,17,18,19,20,21,22,23,24,25,26,27,28,29
github Code Version (SHA):,528ca1c557fe8e6666681dc5c9134b0f84d30530
Environment Observations,Environment Actions,alpha,epsilon,numActions,explore,patience,gainThresh,insertRandActions,useUpdatedPosterior,revisedSplitting,haveControl,confidence_factor
"['diamond', 'square']","['x', 'y']",0.65,0.99,75000,0.5,0,0.01,False,True,False,True,250

Model Num 0
Model States: 
['diamond'],['square']
Iteration: ,0
Error:,0.31046047389061254
Absolute Error:,1
Transition Probabilities
0.5,0.5
0.5,0.5

0.5,0.5
0.5,0.5

Transition Gammas
1.0,1.0
1.0,1.0

1.0,1.0
1.0,1.0

Iteration: ,1938
Error:,0.029790531620158718
Absolute Error:,1
Transition Probabilities
0.5027027027027027,0.4972972972972973
0.22473867595818817,0.7752613240418118

0.23174603174603176,0.7682539682539683
0.776,0.224


Model Num 1
Model States: 
['square'],"['diamond', 'x', 'diamond']","['diamond', 'x', 'square']"
Iteration: ,0
Error:,0.39398814155352413
Absolute Error:,1
Transition Probabilities
0.3333333333333333,0.3333333333333333,0.3333333333333333
0.3333333333333333,0.3333333333333333,0.3333333333333333
0.3333333333333333,0.3333333333333333,0.3333333333333333

0.3333333333333333,0.3333333333333333,0.3333333333333333
0.3333333333333333,0.3333333333333333,0.3333333333333333
0.3333333333333333,0.3333333333333333,0.3333333333333333

Transition Gammas
1.0,1.0,1.0
1.0,1.0,1.0
1.0,1.0,1.0

1.0,1.0,1.0
1.0,1.0,1.0
1.0,1.0,1.0

Iteration: ,2500
Error:,0.06347122159157531
Absolute Error:,1
Transition Probabilities
0.7374701670644391,0.1307943307316475,0.13173550220391336
0.002347417840375587,0.3376993927575447,0.6599531894020797
0.996031746031746,0.001984126984126984,0.001984126984126984

0.20702402957486138,0.4524897843843199,0.3404861860408186
0.5316798148001722,0.2767914402419541,0.1915287449578737
0.8296337348536279,0.04096128686048774,0.12940497828588432

Transition Gammas
618.0,109.60564915312061,110.39435084687939
1.0,143.85994131471404,281.14005868528596
502.0,1.0,1.0

112.0,244.79697335191707,184.20302664808287
37.236075688032194,19.385025971923554,13.413672374163054
41.34279989235197,2.041207119314099,6.448585559616087

Iteration: ,3055
Error:,0.049059154802516484
Absolute Error:,1
Transition Probabilities
0.7406181015452539,0.12866795893763547,0.1307139395171107
0.0019011406844106455,0.34602874231736164,0.6520701169982276
0.9968602825745683,0.0015698587127158557,0.0015698587127158557

0.22666666666666666,0.4162512141104592,0.3570821192228741
0.5283108178074858,0.27741520326909175,0.19427397892342257
0.8531874344497442,0.04012465676609156,0.10668790878416427


Model Num 2
Model States: 
"['diamond', 'x', 'diamond']","['diamond', 'x', 'square']","['square', 'y', 'diamond', 'x', 'diamond']","['square', 'y', 'diamond', 'x', 'square']"
Iteration: ,0
Error:,0.3097375217895897
Absolute Error:,0.4000000000000001
Transition Probabilities
0.25,0.25,0.25,0.25
0.25,0.25,0.25,0.25
0.25,0.25,0.25,0.25
0.25,0.25,0.25,0.25

0.25,0.25,0.25,0.25
0.25,0.25,0.25,0.25
0.25,0.25,0.25,0.25
0.25,0.25,0.25,0.25

Transition Gammas
1.0,1.0,1.0,1.0
1.0,1.0,1.0,1.0
1.0,1.0,1.0,1.0
1.0,1.0,1.0,1.0

1.0,1.0,1.0,1.0
1.0,1.0,1.0,1.0
1.0,1.0,1.0,1.0
1.0,1.0,1.0,1.0

Iteration: ,2500
Error:,0.22551073209328115
Absolute Error:,0.3171597954248382
Transition Probabilities
0.3694852941176471,0.6268382352941176,0.001838235294117647,0.001838235294117647
0.0012903225806451613,0.0012903225806451613,0.3623263199367221,0.6350930349019877
0.25,0.25,0.25,0.25
0.25,0.25,0.25,0.25

0.25,0.25,0.25,0.25
0.25,0.25,0.25,0.25
0.9739593973824318,0.003053164255117341,0.011493719181225423,0.011493719181225423
0.0018259813714290348,0.7194366603430398,0.13936867914276557,0.13936867914276557

Transition Gammas
201.0,341.0,1.0,1.0
1.0,1.0,280.8028979509596,492.19710204904044
1.0,1.0,1.0,1.0
1.0,1.0,1.0,1.0

1.0,1.0,1.0,1.0
1.0,1.0,1.0,1.0
319.0,1.0,3.7645269696712367,3.7645269696712367
1.0,394.0,76.32535650333277,76.32535650333277

Iteration: ,5000
Error:,0.2223437648618291
Absolute Error:,0.3211724161288175
Transition Probabilities
0.38,0.6181818181818182,0.0009090909090909091,0.0009090909090909091
0.0006493506493506496,0.0006493506493506496,0.3702400723172198,0.628461226384079
0.25,0.25,0.25,0.25
0.25,0.25,0.25,0.25

0.25,0.25,0.25,0.25
0.25,0.25,0.25,0.25
0.9866843605502551,0.0015612094312504037,0.005877215009247237,0.005877215009247237
0.0008784371702685945,0.6904516158311153,0.15433497349930808,0.15433497349930808

Transition Gammas
418.0,680.0,1.0,1.0
1.0,1.0,570.1697113685183,967.8302886314813
1.0,1.0,1.0,1.0
1.0,1.0,1.0,1.0

1.0,1.0,1.0,1.0
1.0,1.0,1.0,1.0
632.0,1.0,3.7645269696712367,3.7645269696712367
1.0,786.0,175.6926718528065,175.6926718528065

Iteration: ,7500
Error:,0.22336477523741602
Absolute Error:,0.32169484369332757
Transition Probabilities
0.37933130699088147,0.6194528875379939,0.0006079027355623101,0.0006079027355623101
0.0004357298474945538,0.0004357298474945538,0.37039119152099703,0.6287373487840139
0.25,0.25,0.25,0.25
0.25,0.25,0.25,0.25

0.25,0.25,0.25,0.25
0.25,0.25,0.25,0.25
0.9910833299791401,0.0010454465506109071,0.003935611735124526,0.003935611735124526
0.0005804122777315693,0.6837256631677886,0.15784696227724002,0.15784696227724002

Transition Gammas
624.0,1019.0,1.0,1.0
1.0,1.0,850.0477845406873,1442.9522154593103
1.0,1.0,1.0,1.0
1.0,1.0,1.0,1.0

1.0,1.0,1.0,1.0
1.0,1.0,1.0,1.0
948.0,1.0,3.7645269696712367,3.7645269696712367
1.0,1178.0,271.9566217554094,271.9566217554094

Iteration: ,10000
Error:,0.22341830577666283
Absolute Error:,0.32126100888631437
Transition Probabilities
0.37706422018348623,0.6220183486238532,0.00045871559633027525,0.00045871559633027525
0.0003244646333549645,0.0003244646333549645,0.36685599759368753,0.6324950731396025
0.25,0.25,0.25,0.25
0.25,0.25,0.25,0.25

0.25,0.25,0.25,0.25
0.25,0.25,0.25,0.25
0.9932658047497498,0.0007895594632350951,0.002972317893507661,0.002972317893507661
0.000431284769742296,0.6883304925087044,0.15561911136077666,0.15561911136077666

Transition Gammas
822.0,1356.0,1.0,1.0
1.0,1.0,1130.6501845837442,1949.3498154162537
1.0,1.0,1.0,1.0
1.0,1.0,1.0,1.0

1.0,1.0,1.0,1.0
1.0,1.0,1.0,1.0
1258.0,1.0,3.7645269696712367,3.7645269696712367
1.0,1596.0,360.8268185629722,360.8268185629722

Iteration: ,12500
Error:,0.2242296726189016
Absolute Error:,0.32166554697925975
Transition Probabilities
0.3770551698940446,0.6222141030325173,0.00036536353671903543,0.00036536353671903543
0.0002604166666666668,0.0002604166666666668,0.3686355337540419,0.6308436329126248
0.25,0.25,0.25,0.25
0.25,0.25,0.25,0.25

0.25,0.25,0.25,0.25
0.25,0.25,0.25,0.25
0.9946476947387576,0.0006275379777531593,0.002362383641744717,0.002362383641744717
0.00034735588609982647,0.6870699427054567,0.1562913507042218,0.1562913507042218

Transition Gammas
1032.0,1703.0,1.0,1.0
1.0,1.0,1415.56044961552,2422.4395503844776
1.0,1.0,1.0,1.0
1.0,1.0,1.0,1.0

1.0,1.0,1.0,1.0
1.0,1.0,1.0,1.0
1585.0,1.0,3.7645269696712367,3.7645269696712367
1.0,1978.0,449.94588247543123,449.94588247543123

Iteration: ,15000
Error:,0.2222195182295298
Absolute Error:,0.3220608966843589
Transition Probabilities
0.38302403407362334,0.6163675083662915,0.000304228780042592,0.000304228780042592
0.0002178174689610109,0.0002178174689610109,0.3649386625641909,0.6346257024978871
0.25,0.25,0.25,0.25
0.25,0.25,0.25,0.25

0.25,0.25,0.25,0.25
0.25,0.25,0.25,0.25
0.995478970270014,0.0005300739990788146,0.0019954778654536843,0.0019954778654536843
0.00028782676629025177,0.6838763967056383,0.15791788826403577,0.15791788826403577

Transition Gammas
1259.0,2026.0,1.0,1.0
1.0,1.0,1675.4333998321986,2913.566600167797
1.0,1.0,1.0,1.0
1.0,1.0,1.0,1.0

1.0,1.0,1.0,1.0
1.0,1.0,1.0,1.0
1878.0,1.0,3.7645269696712367,3.7645269696712367
1.0,2376.0,548.6560207704498,548.6560207704498

Iteration: ,17500
Error:,0.22254081950604412
Absolute Error:,0.32111726886397907
Transition Probabilities
0.3795832234238987,0.6198892112898972,0.0002637826431020839,0.0002637826431020839
0.00018618506795755,0.00018618506795755,0.36017707496829116,0.6394505548957937
0.25,0.25,0.25,0.25
0.25,0.25,0.25,0.25

0.25,0.25,0.25,0.25
0.25,0.25,0.25,0.25
0.9960885391900951,0.0004586042998112777,0.0017264282550467484,0.0017264282550467484
0.0002440200037859462,0.685208170630937,0.15727390468263855,0.15727390468263855

Transition Gammas
1439.0,2350.0,1.0,1.0
1.0,1.0,1934.51106965469,3434.4889303453047
1.0,1.0,1.0,1.0
1.0,1.0,1.0,1.0

1.0,1.0,1.0,1.0
1.0,1.0,1.0,1.0
2172.0,1.0,3.7645269696712367,3.7645269696712367
1.0,2808.0,644.512344244527,644.512344244527

Iteration: ,20000
Error:,0.22284059563316955
Absolute Error:,0.3209443874160736
Transition Probabilities
0.38063323318696557,0.6189045528079501,0.00023110700254217703,0.00023110700254217703
0.00016270745200130176,0.00016270745200130176,0.3572333141210544,0.6424412709749431
0.25,0.25,0.25,0.25
0.25,0.25,0.25,0.25

0.25,0.25,0.25,0.25
0.25,0.25,0.25,0.25
0.9965671345538023,0.00040249076516712533,0.0015151873405152556,0.0015151873405152556
0.0002119158665667422,0.6834286696777436,0.15817970722784477,0.15817970722784477

Transition Gammas
1647.0,2678.0,1.0,1.0
1.0,1.0,2195.555948587999,3948.444051411998
1.0,1.0,1.0,1.0
1.0,1.0,1.0,1.0

1.0,1.0,1.0,1.0
1.0,1.0,1.0,1.0
2476.0,1.0,3.7645269696712367,3.7645269696712367
1.0,3225.0,746.4269183356622,746.4269183356622

Iteration: ,22500
Error:,0.21890318755651741
Absolute Error:,0.3206654468391291
Transition Probabilities
0.38000826104915325,0.6195786864931846,0.00020652622883106156,0.00020652622883106156
0.00014455044810638914,0.00014455044810638914,0.35523357718346565,0.6444773219203216
0.25,0.25,0.25,0.25
0.25,0.25,0.25,0.25

0.25,0.25,0.25,0.25
0.25,0.25,0.25,0.25
0.9969358847082008,0.00035925617466962194,0.0013524295585647123,0.0013524295585647123
0.00018748156112018255,0.6826203640385847,0.1585960772001476,0.1585960772001476

Transition Gammas
1840.0,3000.0,1.0,1.0
1.0,1.0,2457.5058869552154,4458.494113044785
1.0,1.0,1.0,1.0
1.0,1.0,1.0,1.0

1.0,1.0,1.0,1.0
1.0,1.0,1.0,1.0
2775.0,1.0,3.7645269696712367,3.7645269696712367
1.0,3641.0,845.9289343045405,845.9289343045405

Iteration: ,25000
Error:,0.22100416909882092
Absolute Error:,0.3206243417115054
Transition Probabilities
0.38002232142857145,0.6196056547619048,0.00018601190476190475,0.00018601190476190475
0.0001299883010529053,0.0001299883010529053,0.3545696522510245,0.6451703711468697
0.25,0.25,0.25,0.25
0.25,0.25,0.25,0.25

0.25,0.25,0.25,0.25
0.25,0.25,0.25,0.25
0.997237579374853,0.0003238835918723134,0.0012192685166373155,0.0012192685166373155
0.00016815269573947994,0.6820273339193307,0.158902256692465,0.158902256692465

Transition Gammas
2043.0,3331.0,1.0,1.0
1.0,1.0,2727.7043347671297,4963.295665232866
1.0,1.0,1.0,1.0
1.0,1.0,1.0,1.0

1.0,1.0,1.0,1.0
1.0,1.0,1.0,1.0
3079.0,1.0,3.7645269696712367,3.7645269696712367
1.0,4056.0,944.9878635228856,944.9878635228856

Iteration: ,27500
Error:,0.22006549313453946
Absolute Error:,0.32060949956465745
Transition Probabilities
0.3807277628032345,0.6189353099730458,0.00016846361185983828,0.00016846361185983828
0.00011817537225242267,0.00011817537225242267,0.3534783103111469,0.6462853389443484
0.25,0.25,0.25,0.25
0.25,0.25,0.25,0.25

0.25,0.25,0.25,0.25
0.25,0.25,0.25,0.25
0.9974896303154631,0.0002943315521733441,0.0011080190661817504,0.0011080190661817504
0.00015304024591820397,0.6821003760574351,0.15887329184832338,0.15887329184832338

Transition Gammas
2260.0,3674.0,1.0,1.0
1.0,1.0,2991.133461852923,5468.866538147072
1.0,1.0,1.0,1.0
1.0,1.0,1.0,1.0

1.0,1.0,1.0,1.0
1.0,1.0,1.0,1.0
3389.0,1.0,3.7645269696712367,3.7645269696712367
1.0,4457.0,1038.1144573776824,1038.1144573776824

Iteration: ,30000
Error:,0.22108992611391937
Absolute Error:,0.3207425459596263
Transition Probabilities
0.3803576934936787,0.6193339500462535,0.0001541782300339192,0.0001541782300339192
0.00010807305738679351,0.00010807305738679351,0.3546821106040924,0.645101743281134
0.25,0.25,0.25,0.25
0.25,0.25,0.25,0.25

0.25,0.25,0.25,0.25
0.25,0.25,0.25,0.25
0.9977075695913967,0.00026877897887699265,0.0010118257148631345,0.0010118257148631345
0.0001403393454907687,0.6838736305765158,0.15799301503899665,0.15799301503899665

Transition Gammas
2467.0,4017.0,1.0,1.0
1.0,1.0,3281.8735694196657,5969.126430580331
1.0,1.0,1.0,1.0
1.0,1.0,1.0,1.0

1.0,1.0,1.0,1.0
1.0,1.0,1.0,1.0
3712.0,1.0,3.7645269696712367,3.7645269696712367
1.0,4873.0,1125.7927310868724,1125.7927310868724

Iteration: ,32500
Error:,0.21996002782789523
Absolute Error:,0.32047133773398606
Transition Probabilities
0.380265600456947,0.6194488076538627,0.0001427959445951735,0.0001427959445951735
9.974067424695798e-05,9.974067424695798e-05,0.35242703724822066,0.6473734814032854
0.25,0.25,0.25,0.25
0.25,0.25,0.25,0.25

0.25,0.25,0.25,0.25
0.25,0.25,0.25,0.25
0.9978738645975985,0.00024928150502063416,0.000938426948690413,0.000938426948690413
0.00012913376421090766,0.6831176126757016,0.1583766267800437,0.1583766267800437

Transition Gammas
2663.0,4338.0,1.0,1.0
1.0,1.0,3533.4334754506576,6490.566524549336
1.0,1.0,1.0,1.0
1.0,1.0,1.0,1.0

1.0,1.0,1.0,1.0
1.0,1.0,1.0,1.0
4003.0,1.0,3.7645269696712367,3.7645269696712367
1.0,5290.0,1226.4540397147807,1226.4540397147807

Iteration: ,35000
Error:,0.22063686645409744
Absolute Error:,0.32064684705318924
Transition Probabilities
0.38236849061591327,0.6173671689135607,0.00013217023526301876,0.00013217023526301876
9.259259259259267e-05,9.259259259259267e-05,0.35156828558183556,0.6482465292329793
0.25,0.25,0.25,0.25
0.25,0.25,0.25,0.25

0.25,0.25,0.25,0.25
0.25,0.25,0.25,0.25
0.9980245520452119,0.00023161395962989368,0.0008719169975790798,0.0008719169975790798
0.00011988515078005715,0.6829857039939855,0.1584472054276172,0.1584472054276172

Transition Gammas
2893.0,4671.0,1.0,1.0
1.0,1.0,3796.937484283821,7001.06251571617
1.0,1.0,1.0,1.0
1.0,1.0,1.0,1.0

1.0,1.0,1.0,1.0
1.0,1.0,1.0,1.0
4309.0,1.0,3.7645269696712367,3.7645269696712367
1.0,5697.0,1321.658307110165,1321.658307110165

Iteration: ,37500
Error:,0.22119620952021682
Absolute Error:,0.321027915694026
Transition Probabilities
0.385456332145928,0.6142979977889694,0.00012283503255128362,0.00012283503255128362
8.645283997579322e-05,8.645283997579322e-05,0.35138987719476195,0.6484372171252865
0.25,0.25,0.25,0.25
0.25,0.25,0.25,0.25

0.25,0.25,0.25,0.25
0.25,0.25,0.25,0.25
0.9981556924305455,0.0002162382349286277,0.0008140346672629238,0.0008140346672629238
0.00011190955236121577,0.6835435458223059,0.15817227231266645,0.15817227231266645

Transition Gammas
3138.0,5001.0,1.0,1.0
1.0,1.0,4064.5267095118106,7500.473290488188
1.0,1.0,1.0,1.0
1.0,1.0,1.0,1.0

1.0,1.0,1.0,1.0
1.0,1.0,1.0,1.0
4616.0,1.0,3.7645269696712367,3.7645269696712367
1.0,6108.0,1413.3938432898588,1413.3938432898588

Iteration: ,40000
Error:,0.2214570750754121
Absolute Error:,0.32100287297907826
Transition Probabilities
0.38442066505580486,0.6153492118283281,0.00011506155793349442,0.00011506155793349442
8.105041335710815e-05,8.105041335710815e-05,0.3521017676767544,0.6477361314965315
0.25,0.25,0.25,0.25
0.25,0.25,0.25,0.25

0.25,0.25,0.25,0.25
0.25,0.25,0.25,0.25
0.9982722569144941,0.00020257148070505155,0.0007625858024004032,0.0007625858024004032
0.00010503914776087123,0.6824393430023803,0.1587278089249294,0.1587278089249294

Transition Gammas
3341.0,5348.0,1.0,1.0
1.0,1.0,4344.231609595794,7991.768390404203
1.0,1.0,1.0,1.0
1.0,1.0,1.0,1.0

1.0,1.0,1.0,1.0
1.0,1.0,1.0,1.0
4928.0,1.0,3.7645269696712367,3.7645269696712367
1.0,6497.0,1511.1300149377075,1511.1300149377075

Iteration: ,42500
Error:,0.2230486672975621
Absolute Error:,0.32085297295655046
Transition Probabilities
0.38330088686999786,0.6164828033744322,0.00010815487778498811,0.00010815487778498811
7.631840036632834e-05,7.631840036632834e-05,0.3519144636975288,0.6479328995017385
0.25,0.25,0.25,0.25
0.25,0.25,0.25,0.25

0.25,0.25,0.25,0.25
0.25,0.25,0.25,0.25
0.998374033610025,0.00019063853992935364,0.0007176639250227987,0.0007176639250227987
9.893385848155337e-05,0.6814564172209395,0.15922232446028953,0.15922232446028953

Transition Gammas
3544.0,5700.0,1.0,1.0
1.0,1.0,4611.135217828719,8489.864782171277
1.0,1.0,1.0,1.0
1.0,1.0,1.0,1.0

1.0,1.0,1.0,1.0
1.0,1.0,1.0,1.0
5237.0,1.0,3.7645269696712367,3.7645269696712367
1.0,6888.0,1609.3815292767258,1609.3815292767258

Iteration: ,45000
Error:,0.21991699228862863
Absolute Error:,0.3207940602292439
Transition Probabilities
0.3832923832923833,0.6165028665028665,0.00010237510237510238,0.00010237510237510238
7.199424046076321e-05,7.199424046076321e-05,0.351357540392487,0.6484984711265915
0.25,0.25,0.25,0.25
0.25,0.25,0.25,0.25

0.25,0.25,0.25,0.25
0.25,0.25,0.25,0.25
0.9984625490274294,0.00018026043492100187,0.0006785952688247783,0.0006785952688247783
9.332421168218605e-05,0.682666608455191,0.15862003366656335,0.15862003366656335

Transition Gammas
3744.0,6022.0,1.0,1.0
1.0,1.0,4880.35623605164,9007.643763948347
1.0,1.0,1.0,1.0
1.0,1.0,1.0,1.0

1.0,1.0,1.0,1.0
1.0,1.0,1.0,1.0
5539.0,1.0,3.7645269696712367,3.7645269696712367
1.0,7315.0,1699.6664724770574,1699.6664724770574

Iteration: ,47500
Error:,0.22359022341503823
Absolute Error:,0.32081739529526154
Transition Probabilities
0.38353374709076804,0.6162723041117145,9.69743987587277e-05,9.69743987587277e-05
6.813845734532583e-05,6.813845734532583e-05,0.3512177185399427,0.6486460045453666
0.25,0.25,0.25,0.25
0.25,0.25,0.25,0.25

0.25,0.25,0.25,0.25
0.25,0.25,0.25,0.25
0.998542672089154,0.00017086630254776764,0.0006432308041490764,0.0006432308041490764
8.830869110610298e-05,0.6833326517790248,0.15828951976493452,0.15828951976493452

Transition Gammas
3955.0,6355.0,1.0,1.0
1.0,1.0,5154.47123729219,9519.528762707783
1.0,1.0,1.0,1.0
1.0,1.0,1.0,1.0

1.0,1.0,1.0,1.0
1.0,1.0,1.0,1.0
5844.0,1.0,3.7645269696712367,3.7645269696712367
1.0,7738.0,1792.4568667284345,1792.4568667284345

Iteration: ,50000
Error:,0.22028437294484549
Absolute Error:,0.3206893570857668
Transition Probabilities
0.3837123312996857,0.6161027916435571,9.243852837862822e-05,9.243852837862822e-05
6.460783046905287e-05,6.460783046905287e-05,0.34994000518790047,0.6499307791511614
0.25,0.25,0.25,0.25
0.25,0.25,0.25,0.25

0.25,0.25,0.25,0.25
0.25,0.25,0.25,0.25
0.9986128301802725,0.00016264052608799226,0.0006122646468197652,0.0006122646468197652
8.364331505769747e-05,0.6850387503225422,0.15743880318119996,0.15743880318119996

Transition Gammas
4151.0,6665.0,1.0,1.0
1.0,1.0,5416.371400298321,10059.628599701671
1.0,1.0,1.0,1.0
1.0,1.0,1.0,1.0

1.0,1.0,1.0,1.0
1.0,1.0,1.0,1.0
6140.0,1.0,3.7645269696712367,3.7645269696712367
1.0,8190.0,1882.2640287821937,1882.2640287821937

Iteration: ,52500
Error:,0.22205510778521043
Absolute Error:,0.3205195750541807
Transition Probabilities
0.38213246318017463,0.6176911544227887,8.819119851838787e-05,8.819119851838787e-05
6.142883469500582e-05,6.142883469500582e-05,0.35009015938582466,0.6497869829447854
0.25,0.25,0.25,0.25
0.25,0.25,0.25,0.25

0.25,0.25,0.25,0.25
0.25,0.25,0.25,0.25
0.9986802296951929,0.00015473818247523904,0.0005825160611659465,0.0005825160611659465
7.958516107966167e-05,0.6858649181845242,0.157027748327198,0.157027748327198

Transition Gammas
4333.0,7004.0,1.0,1.0
1.0,1.0,5699.117704641841,10577.882295358164
1.0,1.0,1.0,1.0
1.0,1.0,1.0,1.0

1.0,1.0,1.0,1.0
1.0,1.0,1.0,1.0
6454.0,1.0,3.7645269696712367,3.7645269696712367
1.0,8618.0,1973.0782245954028,1973.0782245954028

Iteration: ,55000
Error:,0.222363069273592
Absolute Error:,0.3205119193331635
Transition Probabilities
0.38173854447439354,0.6180929919137467,8.423180592991914e-05,8.423180592991914e-05
5.8620083240518276e-05,5.8620083240518276e-05,0.3503582684208473,0.6495244914126717
0.25,0.25,0.25,0.25
0.25,0.25,0.25,0.25

0.25,0.25,0.25,0.25
0.25,0.25,0.25,0.25
0.998741197348363,0.00014758995084208112,0.0005556063503974664,0.0005556063503974664
7.59889116296424e-05,0.686787783308708,0.15656811388983116,0.15656811388983116

Transition Gammas
4532.0,7338.0,1.0,1.0
1.0,1.0,5976.761700991226,11080.238299008752
1.0,1.0,1.0,1.0
1.0,1.0,1.0,1.0

1.0,1.0,1.0,1.0
1.0,1.0,1.0,1.0
6767.0,1.0,3.7645269696712367,3.7645269696712367
1.0,9038.0,2060.407374340597,2060.407374340597

Iteration: ,57500
Error:,0.2228812141477224
Absolute Error:,0.32059238473408724
Transition Probabilities
0.3820025756600129,0.6178364455891823,8.048937540244688e-05,8.048937540244688e-05
5.6107277113841724e-05,5.6107277113841724e-05,0.3506783017473888,0.6492094836983835
0.25,0.25,0.25,0.25
0.25,0.25,0.25,0.25

0.25,0.25,0.25,0.25
0.25,0.25,0.25,0.25
0.9987976289552791,0.0001409735538398418,0.0005306987454404845,0.0005306987454404845
7.276182331659611e-05,0.6867260884620341,0.15660057485732462,0.15660057485732462

Transition Gammas
4746.0,7676.0,1.0,1.0
1.0,1.0,6250.139372043704,11570.860627956277
1.0,1.0,1.0,1.0
1.0,1.0,1.0,1.0

1.0,1.0,1.0,1.0
1.0,1.0,1.0,1.0
7085.0,1.0,3.7645269696712367,3.7645269696712367
1.0,9438.0,2152.2354404992743,2152.2354404992743

Iteration: ,60000
Error:,0.22086389071821672
Absolute Error:,0.3205419754656118
Transition Probabilities
0.3814663480070927,0.6183794618764937,7.709505820676895e-05,7.709505820676895e-05
5.377500537750058e-05,5.377500537750058e-05,0.35075729420118573,0.6491351557880592
0.25,0.25,0.25,0.25
0.25,0.25,0.25,0.25

0.25,0.25,0.25,0.25
0.25,0.25,0.25,0.25
0.9988485966268594,0.00013499778302836321,0.0005082027950560992,0.0005082027950560992
6.976844357698425e-05,0.686242411023217,0.15684391026660305,0.15684391026660305

Transition Gammas
4948.0,8021.0,1.0,1.0
1.0,1.0,6522.682642965245,12071.31735703474
1.0,1.0,1.0,1.0
1.0,1.0,1.0,1.0

1.0,1.0,1.0,1.0
1.0,1.0,1.0,1.0
7399.0,1.0,3.7645269696712367,3.7645269696712367
1.0,9836.0,2248.0637695971755,2248.0637695971755

Iteration: ,62500
Error:,0.2217219910114101
Absolute Error:,0.3204758136673641
Transition Probabilities
0.38131200947726934,0.6185399081889531,7.404116688879017e-05,7.404116688879017e-05
5.1628891527698936e-05,5.1628891527698936e-05,0.35033354630945246,0.6495631959074922
0.25,0.25,0.25,0.25
0.25,0.25,0.25,0.25

0.25,0.25,0.25,0.25
0.25,0.25,0.25,0.25
0.9988945600645509,0.0001296087401147724,0.00048791559766717097,0.00048791559766717097
6.693984569301894e-05,0.6855978995879,0.15716758028320355,0.15716758028320355

Transition Gammas
5150.0,8354.0,1.0,1.0
1.0,1.0,6785.61045846778,12581.389541532208
1.0,1.0,1.0,1.0
1.0,1.0,1.0,1.0

1.0,1.0,1.0,1.0
1.0,1.0,1.0,1.0
7707.0,1.0,3.7645269696712367,3.7645269696712367
1.0,10242.0,2347.8927783007175,2347.8927783007175

Iteration: ,65000
Error:,0.22102223927079148
Absolute Error:,0.32047254394787095
Transition Probabilities
0.38167342006113597,0.618184403213194,7.108836283500391e-05,7.108836283500391e-05
4.9640109208240276e-05,4.9640109208240276e-05,0.3498680342257696,0.650032685555814
0.25,0.25,0.25,0.25
0.25,0.25,0.25,0.25

0.25,0.25,0.25,0.25
0.25,0.25,0.25,0.25
0.9989372596021995,0.00012460237739830355,0.00046906901020106744,0.00046906901020106744
6.438119528477939e-05,0.6858528733687548,0.1570413727179803,0.1570413727179803

Transition Gammas
5369.0,8696.0,1.0,1.0
1.0,1.0,7048.091549478127,13094.908450521867
1.0,1.0,1.0,1.0
1.0,1.0,1.0,1.0

1.0,1.0,1.0,1.0
1.0,1.0,1.0,1.0
8017.0,1.0,3.7645269696712367,3.7645269696712367
1.0,10653.0,2439.242887978923,2439.242887978923

Iteration: ,67500
Error:,0.22355994228120807
Absolute Error:,0.3204651613445604
Transition Probabilities
0.381568144499179,0.6182950191570882,6.841817186644773e-05,6.841817186644773e-05
4.778059152372306e-05,4.778059152372306e-05,0.349821010697278,0.6500834281196747
0.25,0.25,0.25,0.25
0.25,0.25,0.25,0.25

0.25,0.25,0.25,0.25
0.25,0.25,0.25,0.25
0.9989773965315408,0.00011989647101914797,0.00045135349871998836,0.00045135349871998836
6.202242452300205e-05,0.6861540824979717,0.1568919475387526,0.1568919475387526

Transition Gammas
5577.0,9037.0,1.0,1.0
1.0,1.0,7321.403932883331,13605.59606711667
1.0,1.0,1.0,1.0
1.0,1.0,1.0,1.0

1.0,1.0,1.0,1.0
1.0,1.0,1.0,1.0
8332.0,1.0,3.7645269696712367,3.7645269696712367
1.0,11063.0,2529.600362213615,2529.600362213615

Iteration: ,70000
Error:,0.2251875136567458
Absolute Error:,0.3203530590401966
Transition Probabilities
0.3806285487917602,0.619239403142744,6.602403274792024e-05,6.602403274792024e-05
4.606384448846099e-05,4.606384448846099e-05,0.349629579087901,0.650278293223122
0.25,0.25,0.25,0.25
0.25,0.25,0.25,0.25

0.25,0.25,0.25,0.25
0.25,0.25,0.25,0.25
0.9990144982024804,0.00011554643745113121,0.00043497768003421407,0.00043497768003421407
5.9780317024137905e-05,0.686218259120079,0.15686098028144846,0.15686098028144846

Transition Gammas
5765.0,9379.0,1.0,1.0
1.0,1.0,7590.108532419245,14116.891467580761
1.0,1.0,1.0,1.0
1.0,1.0,1.0,1.0

1.0,1.0,1.0,1.0
1.0,1.0,1.0,1.0
8646.0,1.0,3.7645269696712367,3.7645269696712367
1.0,11479.0,2623.9569826655757,2623.9569826655757

Iteration: ,72500
Error:,0.22094312931356963
Absolute Error:,0.3204778823397164
Transition Probabilities
0.38158899923605805,0.6182836771072066,6.366182836771072e-05,6.366182836771072e-05
4.4483985765124585e-05,4.4483985765124585e-05,0.3490264530338807,0.6508845789945891
0.25,0.25,0.25,0.25
0.25,0.25,0.25,0.25

0.25,0.25,0.25,0.25
0.25,0.25,0.25,0.25
0.9990474086934927,0.00011168780421391758,0.0004204517511466535,0.0004204517511466535
5.7714573622963775e-05,0.686514853245154,0.15671371609061147,0.15671371609061147

Transition Gammas
5994.0,9712.0,1.0,1.0
1.0,1.0,7846.114664201633,14631.885335798352
1.0,1.0,1.0,1.0
1.0,1.0,1.0,1.0

1.0,1.0,1.0,1.0
1.0,1.0,1.0,1.0
8945.0,1.0,3.7645269696712367,3.7645269696712367
1.0,11895.0,2715.3231195016124,2715.3231195016124

Iteration: ,74999
Error:,0.22144977022681556
Absolute Error:,0.3204581639580638
Transition Probabilities
0.38139506248845656,0.6184818075478667,6.156498183833036e-05,6.156498183833036e-05
4.301075268817208e-05,4.301075268817208e-05,0.3488581260081202,0.6510558524865034
0.25,0.25,0.25,0.25
0.25,0.25,0.25,0.25

0.25,0.25,0.25,0.25
0.25,0.25,0.25,0.25
0.999078690016564,0.00010802018488664332,0.00040664489927464206,0.00040664489927464206
5.57526684676953e-05,0.6859250801580553,0.15700958358673855,0.15700958358673855

Transition Gammas
6195.0,10046.0,1.0,1.0
1.0,1.0,8110.951429688787,15137.048570311192
1.0,1.0,1.0,1.0
1.0,1.0,1.0,1.0

1.0,1.0,1.0,1.0
1.0,1.0,1.0,1.0
9249.0,1.0,3.7645269696712367,3.7645269696712367
1.0,12303.0,2816.180604480204,2816.180604480204

*,*,*,*,*,*,*,*,*,*,*
Model Num 2
Model States: 
"['diamond', 'x', 'diamond']","['diamond', 'x', 'square']","['square', 'y', 'diamond', 'x', 'diamond']","['square', 'y', 'diamond', 'x', 'square']"
Iteration: ,74999
Error:,0.2220387425447775
Absolute Error:,0.3204581644205251
Transition Probabilities
0.38139506248845656,0.6184818075478667,6.156498183833036e-05,6.156498183833036e-05
4.3008902842888516e-05,4.3008902842888516e-05,0.34885271700073783,0.6510612651935764
0.25,0.25,0.25,0.25
0.25,0.25,0.25,0.25

0.25,0.25,0.25,0.25
0.25,0.25,0.25,0.25
0.999078690016564,0.00010802018488664332,0.00040664489927464206,0.00040664489927464206
5.57526684676953e-05,0.6859250801580553,0.15700958358673855,0.15700958358673855

Transition Gammas
6195.0,10046.0,1.0,1.0
1.0,1.0,8111.174522984147,15137.825477015831
1.0,1.0,1.0,1.0
1.0,1.0,1.0,1.0

1.0,1.0,1.0,1.0
1.0,1.0,1.0,1.0
9249.0,1.0,3.7645269696712367,3.7645269696712367
1.0,12303.0,2816.180604480204,2816.180604480204

