0,1,2,3,4,5,6,7,8,9,10,11,12,13,14,15,16,17,18,19,20,21,22,23,24,25,26,27,28,29
github Code Version (SHA):,528ca1c557fe8e6666681dc5c9134b0f84d30530
Environment Observations,Environment Actions,alpha,epsilon,numActions,explore,patience,gainThresh,insertRandActions,useUpdatedPosterior,revisedSplitting,haveControl,confidence_factor
"['diamond', 'square']","['x', 'y']",0.7,0.99,75000,0.5,0,0.01,False,True,False,True,250

Model Num 0
Model States: 
['diamond'],['square']
Iteration: ,0
Error:,0.3549078474222427
Absolute Error:,1
Transition Probabilities
0.5,0.5
0.5,0.5

0.5,0.5
0.5,0.5

Transition Gammas
1.0,1.0
1.0,1.0

1.0,1.0
1.0,1.0

Iteration: ,1854
Error:,0.05559360702577355
Absolute Error:,1
Transition Probabilities
0.4490566037735849,0.5509433962264151
0.20877192982456141,0.7912280701754386

0.1576923076923077,0.8423076923076923
0.784,0.216


Model Num 1
Model States: 
['square'],"['diamond', 'x', 'square']","['diamond', 'x', 'diamond']"
Iteration: ,0
Error:,0.4316441673020815
Absolute Error:,1
Transition Probabilities
0.3333333333333333,0.3333333333333333,0.3333333333333333
0.3333333333333333,0.3333333333333333,0.3333333333333333
0.3333333333333333,0.3333333333333333,0.3333333333333333

0.3333333333333333,0.3333333333333333,0.3333333333333333
0.3333333333333333,0.3333333333333333,0.3333333333333333
0.3333333333333333,0.3333333333333333,0.3333333333333333

Transition Gammas
1.0,1.0,1.0
1.0,1.0,1.0
1.0,1.0,1.0

1.0,1.0,1.0
1.0,1.0,1.0
1.0,1.0,1.0

Iteration: ,2500
Error:,0.061466091979761564
Absolute Error:,1
Transition Probabilities
0.7791762013729977,0.11835046743888683,0.10247333118811545
0.9957264957264957,0.002136752136752137,0.002136752136752137
0.0024271844660194177,0.6385208322243725,0.359051983309608

0.24156305506216696,0.28854914529418996,0.469887799643643
0.7552019028870748,0.13582032365708308,0.10897777345584211
0.7734721083373524,0.12862629232401215,0.09790159933863543

Transition Gammas
681.0,103.43830854158709,89.56169145841291
466.0,1.0,1.0
1.0,263.07058287644145,147.9294171235585

136.0,162.45316880062896,264.546831199371
46.10584544629449,8.291969110590998,6.653204078045953
51.51279982968678,8.566437468009779,6.520190496045296

Iteration: ,3018
Error:,0.05153226222111192
Absolute Error:,1
Transition Probabilities
0.7793030623020063,0.11676696667209498,0.10392997102589868
0.9966442953020134,0.0016778523489932886,0.0016778523489932886
0.0019920318725099606,0.6391388763082666,0.35886909181922344

0.23466666666666666,0.32667102306811,0.4386623102652233
0.7804514102513277,0.1296516717998093,0.08989691794886309
0.7846565365810331,0.12125893090441216,0.09408453251455483


Model Num 2
Model States: 
"['diamond', 'x', 'square']","['diamond', 'x', 'diamond']","['square', 'y', 'diamond', 'x', 'diamond']","['square', 'y', 'diamond', 'x', 'square']"
Iteration: ,0
Error:,0.35450818273610696
Absolute Error:,0.4499999999999999
Transition Probabilities
0.25,0.25,0.25,0.25
0.25,0.25,0.25,0.25
0.25,0.25,0.25,0.25
0.25,0.25,0.25,0.25

0.25,0.25,0.25,0.25
0.25,0.25,0.25,0.25
0.25,0.25,0.25,0.25
0.25,0.25,0.25,0.25

Transition Gammas
1.0,1.0,1.0,1.0
1.0,1.0,1.0,1.0
1.0,1.0,1.0,1.0
1.0,1.0,1.0,1.0

1.0,1.0,1.0,1.0
1.0,1.0,1.0,1.0
1.0,1.0,1.0,1.0
1.0,1.0,1.0,1.0

Iteration: ,2500
Error:,0.24788110515172285
Absolute Error:,0.3376556040269533
Transition Probabilities
0.0012468827930174563,0.0012468827930174563,0.3289241573267791,0.668582077087186
0.6126629422718808,0.38361266294227186,0.00186219739292365,0.00186219739292365
0.25,0.25,0.25,0.25
0.25,0.25,0.25,0.25

0.25,0.25,0.25,0.25
0.25,0.25,0.25,0.25
0.003215434083601286,0.9903536977491961,0.003215434083601286,0.003215434083601286
0.73562155377118,0.0016456858026200896,0.13136638021309985,0.13136638021309985

Transition Gammas
1.0,1.0,263.79717417607685,536.2028258239231
329.0,206.0,1.0,1.0
1.0,1.0,1.0,1.0
1.0,1.0,1.0,1.0

1.0,1.0,1.0,1.0
1.0,1.0,1.0,1.0
1.0,308.0,1.0,1.0
447.0,1.0,79.82470287095629,79.82470287095629

Iteration: ,5000
Error:,0.24303640973608773
Absolute Error:,0.3330956226895258
Transition Probabilities
0.0006097560975609753,0.0006097560975609753,0.32586041628985324,0.6729200715150249
0.6535044422507403,0.3445212240868707,0.0009871668311944718,0.0009871668311944718
0.25,0.25,0.25,0.25
0.25,0.25,0.25,0.25

0.25,0.25,0.25,0.25
0.25,0.25,0.25,0.25
0.001607717041800643,0.9951768488745981,0.001607717041800643,0.001607717041800643
0.7363751781870306,0.0007935077351153346,0.13141565703892708,0.13141565703892708

Transition Gammas
1.0,1.0,534.4110827153596,1103.5889172846414
662.0,349.0,1.0,1.0
1.0,1.0,1.0,1.0
1.0,1.0,1.0,1.0

1.0,1.0,1.0,1.0
1.0,1.0,1.0,1.0
1.0,619.0,1.0,1.0
928.0,1.0,165.6135803387299,165.6135803387299

Iteration: ,7500
Error:,0.24230604974038428
Absolute Error:,0.33463705519066356
Transition Probabilities
0.0004140786749482402,0.0004140786749482402,0.31767280123190195,0.6814990414182015
0.6354775828460039,0.3632228719948018,0.000649772579597141,0.000649772579597141
0.25,0.25,0.25,0.25
0.25,0.25,0.25,0.25

0.25,0.25,0.25,0.25
0.25,0.25,0.25,0.25
0.0010893246187363835,0.9967320261437909,0.0010893246187363835,0.0010893246187363835
0.7198543802266779,0.0005312578451857401,0.13980718096406813,0.13980718096406813

Transition Gammas
1.0,1.0,767.1798149750431,1645.8201850249563
978.0,559.0,1.0,1.0
1.0,1.0,1.0,1.0
1.0,1.0,1.0,1.0

1.0,1.0,1.0,1.0
1.0,1.0,1.0,1.0
1.0,915.0,1.0,1.0
1355.0,1.0,263.1625720561139,263.1625720561139

Iteration: ,10000
Error:,0.23986981675577798
Absolute Error:,0.33415425317917175
Transition Probabilities
0.00031084861672365567,0.00031084861672365567,0.3177265682112144,0.6816517345553383
0.6407010710808179,0.35832521908471276,0.0004868549172346641,0.0004868549172346641
0.25,0.25,0.25,0.25
0.25,0.25,0.25,0.25

0.25,0.25,0.25,0.25
0.25,0.25,0.25,0.25
0.0008058017727639,0.9975825946817083,0.0008058017727639,0.0008058017727639
0.7178392838605985,0.0004003565442613488,0.14088017979757006,0.14088017979757006

Transition Gammas
1.0,1.0,1022.1263699354765,2192.873630064523
1316.0,736.0,1.0,1.0
1.0,1.0,1.0,1.0
1.0,1.0,1.0,1.0

1.0,1.0,1.0,1.0
1.0,1.0,1.0,1.0
1.0,1238.0,1.0,1.0
1793.0,1.0,351.8867914535821,351.8867914535821

Iteration: ,12500
Error:,0.24208741502395328
Absolute Error:,0.33442971194771365
Transition Probabilities
0.0002481389578163774,0.0002481389578163774,0.31512770598937384,0.6843760160949934
0.6366459627329193,0.36257763975155277,0.00038819875776397513,0.00038819875776397513
0.25,0.25,0.25,0.25
0.25,0.25,0.25,0.25

0.25,0.25,0.25,0.25
0.25,0.25,0.25,0.25
0.000649772579597141,0.9980506822612085,0.000649772579597141,0.000649772579597141
0.7219779295244578,0.00031833242042524594,0.13885186902755844,0.13885186902755844

Transition Gammas
1.0,1.0,1269.9646551371757,2758.035344862821
1640.0,934.0,1.0,1.0
1.0,1.0,1.0,1.0
1.0,1.0,1.0,1.0

1.0,1.0,1.0,1.0
1.0,1.0,1.0,1.0
1.0,1536.0,1.0,1.0
2268.0,1.0,436.18513264238834,436.18513264238834

Iteration: ,15000
Error:,0.24714029860034642
Absolute Error:,0.33450045241281773
Transition Probabilities
0.00020618556701030956,0.00020618556701030956,0.3153193411322088,0.6842682877337707
0.6367756555519586,0.36257688572353514,0.0003237293622531564,0.0003237293622531564
0.25,0.25,0.25,0.25
0.25,0.25,0.25,0.25

0.25,0.25,0.25,0.25
0.25,0.25,0.25,0.25
0.0005425935973955507,0.9983722192078134,0.0005425935973955507,0.0005425935973955507
0.7264198054648143,0.000264826761015244,0.13665768388708519,0.13665768388708519

Transition Gammas
1.0,1.0,1529.2988044912106,3318.7011955087833
1967.0,1120.0,1.0,1.0
1.0,1.0,1.0,1.0
1.0,1.0,1.0,1.0

1.0,1.0,1.0,1.0
1.0,1.0,1.0,1.0
1.0,1840.0,1.0,1.0
2743.0,1.0,516.0267163454031,516.0267163454031

Iteration: ,17500
Error:,0.24852900662783492
Absolute Error:,0.33535832161807666
Transition Probabilities
0.0001777461784571635,0.0001777461784571635,0.3190526365841859,0.6805918710588997
0.6340262582056893,0.36542669584245074,0.0002735229759299781,0.0002735229759299781
0.25,0.25,0.25,0.25
0.25,0.25,0.25,0.25

0.25,0.25,0.25,0.25
0.25,0.25,0.25,0.25
0.0004610419548178884,0.9986168741355463,0.0004610419548178884,0.0004610419548178884
0.7233458953438179,0.000229633617569466,0.1382122355193063,0.1382122355193063

Transition Gammas
1.0,1.0,1794.9901334226267,3829.009866577363
2318.0,1336.0,1.0,1.0
1.0,1.0,1.0,1.0
1.0,1.0,1.0,1.0

1.0,1.0,1.0,1.0
1.0,1.0,1.0,1.0
1.0,2166.0,1.0,1.0
3150.0,1.0,601.8815406132597,601.8815406132597

Iteration: ,20000
Error:,0.2421579206515461
Absolute Error:,0.3353912364930616
Transition Probabilities
0.00015489467162329643,0.00015489467162329643,0.3215507120308376,0.6781394986259158
0.6365375418460067,0.3629842180774749,0.00023912003825920613,0.00023912003825920613
0.25,0.25,0.25,0.25
0.25,0.25,0.25,0.25

0.25,0.25,0.25,0.25
0.25,0.25,0.25,0.25
0.0004012841091492777,0.9987961476725522,0.0004012841091492777,0.0004012841091492777
0.7256773117941236,0.0002011858363720886,0.1370607511847521,0.1370607511847521

Transition Gammas
1.0,1.0,2075.931396871084,4378.068603128904
2662.0,1518.0,1.0,1.0
1.0,1.0,1.0,1.0
1.0,1.0,1.0,1.0

1.0,1.0,1.0,1.0
1.0,1.0,1.0,1.0
1.0,2489.0,1.0,1.0
3607.0,1.0,681.2644153103372,681.2644153103372

Iteration: ,22500
Error:,0.24276975067099146
Absolute Error:,0.3356464494724938
Transition Probabilities
0.00013772207684891903,0.00013772207684891903,0.32185760213839115,0.6778669537079111
0.6350148367952523,0.3645612547689699,0.000211954217888936,0.000211954217888936
0.25,0.25,0.25,0.25
0.25,0.25,0.25,0.25

0.25,0.25,0.25,0.25
0.25,0.25,0.25,0.25
0.000355998576005696,0.9989320042719829,0.000355998576005696,0.000355998576005696
0.7272797253403815,0.00017926539939373468,0.13627050463011237,0.13627050463011237

Transition Gammas
1.0,1.0,2337.008049126856,4921.991950873137
2996.0,1720.0,1.0,1.0
1.0,1.0,1.0,1.0
1.0,1.0,1.0,1.0

1.0,1.0,1.0,1.0
1.0,1.0,1.0,1.0
1.0,2806.0,1.0,1.0
4057.0,1.0,760.1606617393619,760.1606617393619

Iteration: ,25000
Error:,0.24458205589007384
Absolute Error:,0.33615173402919385
Transition Probabilities
0.00012440905697934818,0.00012440905697934818,0.3217670028344375,0.6779841790516038
0.6310495350161321,0.368570886316189,0.0001897893338394382,0.0001897893338394382
0.25,0.25,0.25,0.25
0.25,0.25,0.25,0.25

0.25,0.25,0.25,0.25
0.25,0.25,0.25,0.25
0.00032071840923669016,0.99903784477229,0.00032071840923669016,0.00032071840923669016
0.7251403683577143,0.00016186168936556123,0.1373488849764601,0.1373488849764601

Transition Gammas
1.0,1.0,2586.3631687832067,5449.636831216787
3325.0,1942.0,1.0,1.0
1.0,1.0,1.0,1.0
1.0,1.0,1.0,1.0

1.0,1.0,1.0,1.0
1.0,1.0,1.0,1.0
1.0,3115.0,1.0,1.0
4480.0,1.0,848.5570953498485,848.5570953498485

Iteration: ,27500
Error:,0.2468126705296335
Absolute Error:,0.33616463476291336
Transition Probabilities
0.00011284134506883326,0.00011284134506883326,0.3214653046120366,0.6783090126978258
0.630777220010386,0.3688765795395534,0.00017310022503029253,0.00017310022503029253
0.25,0.25,0.25,0.25
0.25,0.25,0.25,0.25

0.25,0.25,0.25,0.25
0.25,0.25,0.25,0.25
0.0002927400468384075,0.9991217798594848,0.0002927400468384075,0.0002927400468384075
0.7267729307125109,0.0001465859077677513,0.1365402416898607,0.1365402416898607

Transition Gammas
1.0,1.0,2848.825529471867,6011.17447052813
3644.0,2131.0,1.0,1.0
1.0,1.0,1.0,1.0
1.0,1.0,1.0,1.0

1.0,1.0,1.0,1.0
1.0,1.0,1.0,1.0
1.0,3413.0,1.0,1.0
4958.0,1.0,931.4690870980121,931.4690870980121

Iteration: ,30000
Error:,0.24701438565333442
Absolute Error:,0.3359002399475728
Transition Probabilities
0.00010346611484738746,0.00010346611484738746,0.3221591911619886,0.6776338766083166
0.6336996336996337,0.3659818442427138,0.00015926102882624622,0.00015926102882624622
0.25,0.25,0.25,0.25
0.25,0.25,0.25,0.25

0.25,0.25,0.25,0.25
0.25,0.25,0.25,0.25
0.0002682403433476395,0.9991952789699571,0.0002682403433476395,0.0002682403433476395
0.725463098427161,0.00013439479407691013,0.13720125338938102,0.13720125338938102

Transition Gammas
1.0,1.0,3113.6685825806203,6549.331417419382
3979.0,2298.0,1.0,1.0
1.0,1.0,1.0,1.0
1.0,1.0,1.0,1.0

1.0,1.0,1.0,1.0
1.0,1.0,1.0,1.0
1.0,3725.0,1.0,1.0
5398.0,1.0,1020.882202556632,1020.882202556632

Iteration: ,32500
Error:,0.24539098514209054
Absolute Error:,0.33564352730277425
Transition Probabilities
9.538344143456692e-05,9.538344143456692e-05,0.3222838072121932,0.6775254259049378
0.635974620038365,0.3637302641286705,0.00014755791648221928,0.00014755791648221928
0.25,0.25,0.25,0.25
0.25,0.25,0.25,0.25

0.25,0.25,0.25,0.25
0.25,0.25,0.25,0.25
0.0002473410833539451,0.9992579767499382,0.0002473410833539451,0.0002473410833539451
0.7255180283733837,0.0001238296686078484,0.13717907097900414,0.13717907097900414

Transition Gammas
1.0,1.0,3378.8234348126343,7103.17656518737
4310.0,2465.0,1.0,1.0
1.0,1.0,1.0,1.0
1.0,1.0,1.0,1.0

1.0,1.0,1.0,1.0
1.0,1.0,1.0,1.0
1.0,4040.0,1.0,1.0
5859.0,1.0,1107.8045554125763,1107.8045554125763

Iteration: ,35000
Error:,0.24393970576387136
Absolute Error:,0.33556876061810653
Transition Probabilities
8.845643520566111e-05,8.845643520566111e-05,0.32209324636013087,0.6777298407694579
0.636463632613777,0.36326137769833633,0.00013749484394335213,0.00013749484394335213
0.25,0.25,0.25,0.25
0.25,0.25,0.25,0.25

0.25,0.25,0.25,0.25
0.25,0.25,0.25,0.25
0.00022993791676247414,0.9993101862497126,0.00022993791676247414,0.00022993791676247414
0.726211549862366,0.000114725363327388,0.13683686238715326,0.13683686238715326

Transition Gammas
1.0,1.0,3641.2641501012836,7661.73584989873
4629.0,2642.0,1.0,1.0
1.0,1.0,1.0,1.0
1.0,1.0,1.0,1.0

1.0,1.0,1.0,1.0
1.0,1.0,1.0,1.0
1.0,4346.0,1.0,1.0
6330.0,1.0,1192.7341820366817,1192.7341820366817

Iteration: ,37500
Error:,0.24520904225740123
Absolute Error:,0.33530019676955125
Transition Probabilities
8.244023083264628e-05,8.244023083264628e-05,0.32117410152889303,0.6786610180094418
0.6377649325626205,0.3619781631342325,0.00012845215157353886,0.00012845215157353886
0.25,0.25,0.25,0.25
0.25,0.25,0.25,0.25

0.25,0.25,0.25,0.25
0.25,0.25,0.25,0.25
0.00021459227467811158,0.9993562231759656,0.00021459227467811158,0.00021459227467811158
0.7270130422303918,0.00010691368268093997,0.1364400220434636,0.1364400220434636

Transition Gammas
1.0,1.0,3895.841851545475,8232.158148454533
4965.0,2818.0,1.0,1.0
1.0,1.0,1.0,1.0
1.0,1.0,1.0,1.0

1.0,1.0,1.0,1.0
1.0,1.0,1.0,1.0
1.0,4657.0,1.0,1.0
6800.0,1.0,1276.169884173183,1276.169884173183

Iteration: ,40000
Error:,0.24408225170769537
Absolute Error:,0.33540729312526874
Transition Probabilities
7.724990343762066e-05,7.724990343762066e-05,0.32193174753982656,0.6779137526532981
0.6377299507033786,0.36202957797282675,0.00012023566189731875,0.00012023566189731875
0.25,0.25,0.25,0.25
0.25,0.25,0.25,0.25

0.25,0.25,0.25,0.25
0.25,0.25,0.25,0.25
0.0002008838891120932,0.9993973483326637,0.0002008838891120932,0.0002008838891120932
0.7276850994916715,0.00010032884316719586,0.13610728583258072,0.13610728583258072

Transition Gammas
1.0,1.0,4167.4064719030575,8775.59352809695
5304.0,3011.0,1.0,1.0
1.0,1.0,1.0,1.0
1.0,1.0,1.0,1.0

1.0,1.0,1.0,1.0
1.0,1.0,1.0,1.0
1.0,4975.0,1.0,1.0
7253.0,1.0,1356.6117333353566,1356.6117333353566

Iteration: ,42500
Error:,0.24626493596302743
Absolute Error:,0.3353034391277355
Transition Probabilities
7.272198385571952e-05,7.272198385571952e-05,0.3220687721671159,0.6777857838651726
0.6387535410764873,0.3610198300283286,0.00011331444759206799,0.00011331444759206799
0.25,0.25,0.25,0.25
0.25,0.25,0.25,0.25

0.25,0.25,0.25,0.25
0.25,0.25,0.25,0.25
0.00018889308651303362,0.9994333207404609,0.00018889308651303362,0.00018889308651303362
0.7277116172747018,9.440991402110817e-05,0.1360969864056385,0.1360969864056385

Transition Gammas
1.0,1.0,4428.767686070014,9320.232313929997
5637.0,3186.0,1.0,1.0
1.0,1.0,1.0,1.0
1.0,1.0,1.0,1.0

1.0,1.0,1.0,1.0
1.0,1.0,1.0,1.0
1.0,5291.0,1.0,1.0
7708.0,1.0,1441.5539704358794,1441.5539704358794

Iteration: ,45000
Error:,0.24687137587361158
Absolute Error:,0.3353171743856115
Transition Probabilities
6.875214850464078e-05,6.875214850464078e-05,0.32271640945216734,0.6771460862508233
0.6393407534246576,0.3604452054794521,0.00010702054794520547,0.00010702054794520547
0.25,0.25,0.25,0.25
0.25,0.25,0.25,0.25

0.25,0.25,0.25,0.25
0.25,0.25,0.25,0.25
0.0001783166904422254,0.9994650499286734,0.0001783166904422254,0.0001783166904422254
0.727459399739457,8.926977540059601e-05,0.13622566524257124,0.13622566524257124

Transition Gammas
1.0,1.0,4693.910175481774,9849.089824518225
5974.0,3368.0,1.0,1.0
1.0,1.0,1.0,1.0
1.0,1.0,1.0,1.0

1.0,1.0,1.0,1.0
1.0,1.0,1.0,1.0
1.0,5605.0,1.0,1.0
8149.0,1.0,1525.9998653660969,1525.9998653660969

Iteration: ,47500
Error:,0.24602439712601912
Absolute Error:,0.33528257084040824
Transition Probabilities
6.512536633018563e-05,6.512536633018563e-05,0.3223047947607554,0.6775649545065842
0.6392494929006085,0.3605476673427992,0.00010141987829614604,0.00010141987829614604
0.25,0.25,0.25,0.25
0.25,0.25,0.25,0.25

0.25,0.25,0.25,0.25
0.25,0.25,0.25,0.25
0.00016911889058007779,0.9994926433282597,0.00016911889058007779,0.00016911889058007779
0.7281318967218092,8.453870854775447e-05,0.13589178228482143,0.13589178228482143

Transition Gammas
1.0,1.0,4948.990123551398,10404.009876448597
6303.0,3555.0,1.0,1.0
1.0,1.0,1.0,1.0
1.0,1.0,1.0,1.0

1.0,1.0,1.0,1.0
1.0,1.0,1.0,1.0
1.0,5910.0,1.0,1.0
8613.0,1.0,1607.4504167290243,1607.4504167290243

Iteration: ,50000
Error:,0.2449936347883608
Absolute Error:,0.3354587497514725
Transition Probabilities
6.186587478346948e-05,6.186587478346948e-05,0.3222380139626677,0.6776382542877654
0.6378134306849842,0.3619944278989336,9.607070804111827e-05,9.607070804111827e-05
0.25,0.25,0.25,0.25
0.25,0.25,0.25,0.25

0.25,0.25,0.25,0.25
0.25,0.25,0.25,0.25
0.0001606941989394183,0.9995179174031817,0.0001606941989394183,0.0001606941989394183
0.7286354809748257,8.036125300262774e-05,0.1356420788860859,0.1356420788860859

Transition Gammas
1.0,1.0,5208.655257692558,10953.344742307432
6639.0,3768.0,1.0,1.0
1.0,1.0,1.0,1.0
1.0,1.0,1.0,1.0

1.0,1.0,1.0,1.0
1.0,1.0,1.0,1.0
1.0,6220.0,1.0,1.0
9067.0,1.0,1687.9039813086354,1687.9039813086354

Iteration: ,52500
Error:,0.24561087465006468
Absolute Error:,0.335174023904369
Transition Probabilities
5.8920575064812696e-05,5.8920575064812696e-05,0.3220167607945971,0.6778653980552733
0.639904464449752,0.3599118133382326,9.186110600771634e-05,9.186110600771634e-05
0.25,0.25,0.25,0.25
0.25,0.25,0.25,0.25

0.25,0.25,0.25,0.25
0.25,0.25,0.25,0.25
0.00015330369461904033,0.9995400889161429,0.00015330369461904033,0.00015330369461904033
0.7286234439858706,7.647181402034746e-05,0.1356500421000545,0.1356500421000545

Transition Gammas
1.0,1.0,5465.268464205897,11504.731535794086
6966.0,3918.0,1.0,1.0
1.0,1.0,1.0,1.0
1.0,1.0,1.0,1.0

1.0,1.0,1.0,1.0
1.0,1.0,1.0,1.0
1.0,6520.0,1.0,1.0
9528.0,1.0,1773.8567318928908,1773.8567318928908

Iteration: ,55000
Error:,0.24213190527339512
Absolute Error:,0.33502100522944533
Transition Probabilities
5.625562556255633e-05,5.625562556255633e-05,0.3206672570702624,0.6792202316786126
0.6398100096754332,0.36001407335737534,8.795848359574281e-05,8.795848359574281e-05
0.25,0.25,0.25,0.25
0.25,0.25,0.25,0.25

0.25,0.25,0.25,0.25
0.25,0.25,0.25,0.25
0.00014682131845543972,0.9995595360446337,0.00014682131845543972,0.00014682131845543972
0.7281007178106743,7.28246367084091e-05,0.1359132287763087,0.1359132287763087

Transition Gammas
1.0,1.0,5700.181161680977,12073.818838319003
7274.0,4093.0,1.0,1.0
1.0,1.0,1.0,1.0
1.0,1.0,1.0,1.0

1.0,1.0,1.0,1.0
1.0,1.0,1.0,1.0
1.0,6808.0,1.0,1.0
9998.0,1.0,1866.3083665011227,1866.3083665011227

Iteration: ,57500
Error:,0.24576181403569386
Absolute Error:,0.3351050660817543
Transition Probabilities
5.379236148466926e-05,5.379236148466926e-05,0.320232164720252,0.6796602505567787
0.638732453559721,0.361099436832815,8.405480373203328e-05,8.405480373203328e-05
0.25,0.25,0.25,0.25
0.25,0.25,0.25,0.25

0.25,0.25,0.25,0.25
0.25,0.25,0.25,0.25
0.00014048890137679124,0.9995785332958697,0.00014048890137679124,0.00014048890137679124
0.7290552854067728,6.960619490230789e-05,0.13543755419916248,0.13543755419916248

Transition Gammas
1.0,1.0,5953.115942149476,12634.884057850497
7599.0,4296.0,1.0,1.0
1.0,1.0,1.0,1.0
1.0,1.0,1.0,1.0

1.0,1.0,1.0,1.0
1.0,1.0,1.0,1.0
1.0,7115.0,1.0,1.0
10474.0,1.0,1945.7686832220718,1945.7686832220718

Iteration: ,60000
Error:,0.2441092483314204
Absolute Error:,0.33493971647858767
Transition Probabilities
5.154107823935683e-05,5.154107823935683e-05,0.31894699014228245,0.6809499277012389
0.638797065226155,0.36104168346367815,8.062565508344755e-05,8.062565508344755e-05
0.25,0.25,0.25,0.25
0.25,0.25,0.25,0.25

0.25,0.25,0.25,0.25
0.25,0.25,0.25,0.25
0.00013477088948787063,0.9995956873315364,0.00013477088948787063,0.00013477088948787063
0.7291889666554653,6.662910879527279e-05,0.13537220211786968,0.13537220211786968

Transition Gammas
1.0,1.0,6188.209502740558,13211.79049725942
7923.0,4478.0,1.0,1.0
1.0,1.0,1.0,1.0
1.0,1.0,1.0,1.0

1.0,1.0,1.0,1.0
1.0,1.0,1.0,1.0
1.0,7417.0,1.0,1.0
10944.0,1.0,2031.727642250471,2031.727642250471

Iteration: ,62500
Error:,0.24259953046582264
Absolute Error:,0.3347929418379566
Transition Probabilities
4.9429093964707716e-05,4.9429093964707716e-05,0.3195165439733909,0.6803845978386797
0.6405669144981413,0.35927819083023543,7.744733581164808e-05,7.744733581164808e-05
0.25,0.25,0.25,0.25
0.25,0.25,0.25,0.25

0.25,0.25,0.25,0.25
0.25,0.25,0.25,0.25
0.0001290822253775655,0.9996127533238673,0.0001290822253775655,0.0001290822253775655
0.7294527523236516,6.395342384040432e-05,0.135241647126254,0.135241647126254

Transition Gammas
1.0,1.0,6464.139201125659,13764.860798874304
8271.0,4639.0,1.0,1.0
1.0,1.0,1.0,1.0
1.0,1.0,1.0,1.0

1.0,1.0,1.0,1.0
1.0,1.0,1.0,1.0
1.0,7744.0,1.0,1.0
11406.0,1.0,2114.6897070553932,2114.6897070553932

Iteration: ,65000
Error:,0.2418702253044585
Absolute Error:,0.33471613751343554
Transition Probabilities
4.7510452299506e-05,4.7510452299506e-05,0.31894033456703863,0.6809646445283623
0.6406284905800879,0.3592225780028297,7.446570854121677e-05,7.446570854121677e-05
0.25,0.25,0.25,0.25
0.25,0.25,0.25,0.25

0.25,0.25,0.25,0.25
0.25,0.25,0.25,0.25
0.00012411567580985477,0.9996276529725704,0.00012411567580985477,0.00012411567580985477
0.729779109208239,6.146543495394921e-05,0.1350797126784036,0.1350797126784036

Transition Gammas
1.0,1.0,6713.056161967014,14332.943838032937
8603.0,4824.0,1.0,1.0
1.0,1.0,1.0,1.0
1.0,1.0,1.0,1.0

1.0,1.0,1.0,1.0
1.0,1.0,1.0,1.0
1.0,8054.0,1.0,1.0
11873.0,1.0,2197.653246570325,2197.653246570325

Iteration: ,67500
Error:,0.24226529472985234
Absolute Error:,0.33484125288251054
Transition Probabilities
4.576240161083662e-05,4.576240161083662e-05,0.31874435648375576,0.6811641187130225
0.6394533485975958,0.36040354894104176,7.155123068116771e-05,7.155123068116771e-05
0.25,0.25,0.25,0.25
0.25,0.25,0.25,0.25

0.25,0.25,0.25,0.25
0.25,0.25,0.25,0.25
0.00011956001912960307,0.9996413199426112,0.00011956001912960307,0.00011956001912960307
0.7294908308449497,5.9202307323888146e-05,0.1352249834238632,0.1352249834238632

Transition Gammas
1.0,1.0,6965.201677883018,14884.798322116942
8937.0,5037.0,1.0,1.0
1.0,1.0,1.0,1.0
1.0,1.0,1.0,1.0

1.0,1.0,1.0,1.0
1.0,1.0,1.0,1.0
1.0,8361.0,1.0,1.0
12322.0,1.0,2284.116777477351,2284.116777477351

Iteration: ,70000
Error:,0.24322087797513628
Absolute Error:,0.3346968421623348
Transition Probabilities
4.4138418079096106e-05,4.4138418079096106e-05,0.318326544246401,0.6815851789174407
0.6402101769911505,0.3596515486725664,6.913716814159292e-05,6.913716814159292e-05
0.25,0.25,0.25,0.25
0.25,0.25,0.25,0.25

0.25,0.25,0.25,0.25
0.25,0.25,0.25,0.25
0.00011544677903486493,0.9996536596628954,0.00011544677903486493,0.00011544677903486493
0.7287123343777058,5.701528318423486e-05,0.13561532516955496,0.13561532516955496

Transition Gammas
1.0,1.0,7212.006186446451,15441.993813553516
9260.0,5202.0,1.0,1.0
1.0,1.0,1.0,1.0
1.0,1.0,1.0,1.0

1.0,1.0,1.0,1.0
1.0,1.0,1.0,1.0
1.0,8659.0,1.0,1.0
12781.0,1.0,2378.578472220122,2378.578472220122

Iteration: ,72500
Error:,0.24362452166596185
Absolute Error:,0.33459789399756473
Transition Probabilities
4.259306584887985e-05,4.259306584887985e-05,0.31829757789903595,0.6816172359692663
0.6409913821898591,0.3588750083505912,6.680472977486806e-05,6.680472977486806e-05
0.25,0.25,0.25,0.25
0.25,0.25,0.25,0.25

0.25,0.25,0.25,0.25
0.25,0.25,0.25,0.25
0.00011147029316687103,0.9996655891204994,0.00011147029316687103,0.00011147029316687103
0.7286747485837088,5.5023389608374905e-05,0.13563511401334138,0.13563511401334138

Transition Gammas
1.0,1.0,7472.990533913557,16003.009466086412
9595.0,5372.0,1.0,1.0
1.0,1.0,1.0,1.0
1.0,1.0,1.0,1.0

1.0,1.0,1.0,1.0
1.0,1.0,1.0,1.0
1.0,8968.0,1.0,1.0
13243.0,1.0,2465.044683337663,2465.044683337663

Iteration: ,74999
Error:,0.2436998146065166
Absolute Error:,0.3344601396823893
Transition Probabilities
4.114887663566789e-05,4.114887663566789e-05,0.31823547929234103,0.6816822229543876
0.6420487615598526,0.357821897432581,6.467050378322448e-05,6.467050378322448e-05
0.25,0.25,0.25,0.25
0.25,0.25,0.25,0.25

0.25,0.25,0.25,0.25
0.25,0.25,0.25,0.25
0.00010770059235325795,0.9996768982229403,0.00010770059235325795,0.00010770059235325795
0.7287891707316981,5.315748874775333e-05,0.13557883588977704,0.13557883588977704

Transition Gammas
1.0,1.0,7733.758617762463,16566.24138223751
9928.0,5533.0,1.0,1.0
1.0,1.0,1.0,1.0
1.0,1.0,1.0,1.0

1.0,1.0,1.0,1.0
1.0,1.0,1.0,1.0
1.0,9282.0,1.0,1.0
13710.0,1.0,2550.5124317127793,2550.5124317127793

*,*,*,*,*,*,*,*,*,*,*
Model Num 2
Model States: 
"['diamond', 'x', 'square']","['diamond', 'x', 'diamond']","['square', 'y', 'diamond', 'x', 'diamond']","['square', 'y', 'diamond', 'x', 'square']"
Iteration: ,74999
Error:,0.2423882312869473
Absolute Error:,0.3344601400354544
Transition Probabilities
4.114887663566789e-05,4.114887663566789e-05,0.31823547929234103,0.6816822229543876
0.6420487615598526,0.357821897432581,6.467050378322448e-05,6.467050378322448e-05
0.25,0.25,0.25,0.25
0.25,0.25,0.25,0.25

0.25,0.25,0.25,0.25
0.25,0.25,0.25,0.25
0.00010770059235325795,0.9996768982229403,0.00010770059235325795,0.00010770059235325795
0.7287504465512304,5.3154664226931466e-05,0.13559819939227133,0.13559819939227133

Transition Gammas
1.0,1.0,7733.758617762463,16566.24138223751
9928.0,5533.0,1.0,1.0
1.0,1.0,1.0,1.0
1.0,1.0,1.0,1.0

1.0,1.0,1.0,1.0
1.0,1.0,1.0,1.0
1.0,9282.0,1.0,1.0
13710.0,1.0,2551.012246326425,2551.012246326425

