0,1,2,3,4,5,6,7,8,9,10,11,12,13,14,15,16,17,18,19,20,21,22,23,24,25,26,27,28,29
github Code Version (SHA):,32a229dd34421fba547a58d2c923a1ee52132eb5
Environment Observations,Environment Actions,alpha,epsilon,numActions,explore,patience,gainThresh,insertRandActions,useBudd,revisedSplitting,haveControl,confidence_factor
"['square', 'diamond']","['x', 'y']",0.99,0.99,75000,0.5,0,0.01,False,True,False,True,250

Model Num 0
Model States: 
['square'],['diamond']
Iteration: ,0
Error:,0.6710763780200203
Absolute Error:,1
Transition Probabilities
0.5,0.5
0.5,0.5

0.5,0.5
0.5,0.5

Transition Gammas
1.0,1.0
1.0,1.0

1.0,1.0
1.0,1.0

Iteration: ,2424
Error:,0.2548559692912217
Absolute Error:,1
Transition Probabilities
0.9814814814814815,0.018518518518518517
0.6188747731397459,0.3811252268602541

0.02188782489740082,0.9781121751025992
0.77,0.23


Model Num 1
Model States: 
['square'],"['diamond', 'x', 'square']","['diamond', 'x', 'diamond']"
Iteration: ,0
Error:,0.7088903342071461
Absolute Error:,1
Transition Probabilities
0.3333333333333333,0.3333333333333333,0.3333333333333333
0.3333333333333333,0.3333333333333333,0.3333333333333333
0.3333333333333333,0.3333333333333333,0.3333333333333333

0.3333333333333333,0.3333333333333333,0.3333333333333333
0.3333333333333333,0.3333333333333333,0.3333333333333333
0.3333333333333333,0.3333333333333333,0.3333333333333333

Transition Gammas
1.0,1.0,1.0
1.0,1.0,1.0
1.0,1.0,1.0

1.0,1.0,1.0
1.0,1.0,1.0
1.0,1.0,1.0

Iteration: ,2500
Error:,0.2183281594268576
Absolute Error:,1
Transition Probabilities
0.9722863741339491,0.021678509559534313,0.006035116306516494
0.996268656716418,0.0018656716417910447,0.0018656716417910447
0.0034364261168384875,0.9793325780036667,0.01723099587949477

0.02830188679245282,0.3359093471999216,0.6357887660076256
0.8981646213132856,0.0259916537726627,0.07584372491405164
0.42881303340998417,0.5551711063776735,0.016015860212342234

Transition Gammas
842.0,18.773589278556717,5.226410721443283
534.0,1.0,1.0
1.0,284.98578019906705,5.014219800932979

18.0,213.6383448191502,404.36165518085
34.55588586894575,1.0,2.9180030473406027
48.98088335555606,63.41405014586176,1.82940097380296

Iteration: ,5000
Error:,0.22763106648630846
Absolute Error:,1
Transition Probabilities
0.9736008447729673,0.020804289200556884,0.005594866026475854
0.9987631416202845,0.0006184291898577613,0.0006184291898577613
0.0026809651474530823,0.9838416646388262,0.013477370213720781

0.026490066225165556,0.698086302170135,0.2754236316046994
0.8563303696298644,0.10494043212506461,0.03872919824507093
0.45296341418549485,0.5319241967018358,0.015112389112669366

Transition Gammas
922.0,19.701661872927367,5.2983381270726335
1615.0,1.0,1.0
1.0,366.97294091028226,5.027059089717853

48.0,1264.932379532285,499.0676204677154
85.18540386238708,10.439187268263021,3.8526747512164397
54.8326081885599,64.39105267742886,1.82940097380296

Iteration: ,7500
Error:,0.22590448015086081
Absolute Error:,1
Transition Probabilities
0.9733096085409253,0.021032192808786102,0.005658198650288628
0.9992015968063872,0.0003992015968063872,0.0003992015968063872
0.0022988505747126436,0.9861193254555206,0.011581823969766819

0.02546455609084654,0.7772474700981474,0.197287973811006
0.7832514488223506,0.20160379358926617,0.015144757588383276
0.45296341418549485,0.5319241967018358,0.015112389112669366

Transition Gammas
1094.0,23.64018471707558,6.359815282924418
2503.0,1.0,1.0
1.0,428.96190657315145,5.038093426848566

74.0,2258.681148105215,573.318851894783
252.41244346039974,64.9693099543752,4.880584995082833
54.8326081885599,64.39105267742886,1.82940097380296

Iteration: ,9355
Error:,0.236714631924432
Absolute Error:,1
Transition Probabilities
0.9755766621438263,0.018691003418449075,0.0057323344377246
0.9992920353982301,0.00035398230088495576,0.00035398230088495576
0.0022222222222222222,0.9843531659711214,0.013424611806656413

0.023748939779474117,0.8057550306526099,0.17049602956791607
0.6946279481743135,0.2887010014546536,0.0166710503710329
0.45296341418549485,0.5319241967018358,0.015112389112669366


Model Num 2
Model States: 
"['diamond', 'x', 'square']","['diamond', 'x', 'diamond']","['square', 'y', 'diamond', 'x', 'square']","['square', 'y', 'diamond', 'x', 'diamond']"
Iteration: ,0
Error:,0.670960486214578
Absolute Error:,0.74
Transition Probabilities
0.25,0.25,0.25,0.25
0.25,0.25,0.25,0.25
0.25,0.25,0.25,0.25
0.25,0.25,0.25,0.25

0.25,0.25,0.25,0.25
0.25,0.25,0.25,0.25
0.25,0.25,0.25,0.25
0.25,0.25,0.25,0.25

Transition Gammas
1.0,1.0,1.0,1.0
1.0,1.0,1.0,1.0
1.0,1.0,1.0,1.0
1.0,1.0,1.0,1.0

1.0,1.0,1.0,1.0
1.0,1.0,1.0,1.0
1.0,1.0,1.0,1.0
1.0,1.0,1.0,1.0

Iteration: ,2500
Error:,0.04484187996328821
Absolute Error:,0.7390133324836612
Transition Probabilities
0.001949317738791423,0.001949317738791423,0.9762371412334864,0.019864223288930744
0.9728788072144098,0.021686410176894624,0.0027173913043478273,0.0027173913043478273
0.021310965610850652,0.008908992583137201,0.005266719570397976,0.9645133222356141
0.0162156798917807,0.013521769052318108,0.015642660663740864,0.9546198903921602

0.012922857798377213,0.01730266181636378,0.9597441070204887,0.010030373364770211
0.8302165014985595,0.07021428791152032,0.05194839714178735,0.047620813448132834
0.9712752236748747,0.0034731639281578726,0.01259959352360966,0.012652018873357575
0.0026162608391672973,0.9665077662586823,0.016028835790331472,0.014847137111818847

Transition Gammas
1.0,1.0,500.8096534527785,10.190346547221472
358.01940105490263,7.980598945097218,1.0,1.0
7.959270074762007,3.3273517192077238,1.9670269397595246,360.2287274336594
4.291180426515737,3.578286638390335,4.139541462760164,252.62253668992423

2.7769793634589544,3.7181508569246358,206.23840492401925,2.1554164161160245
23.585903850589798,1.9947416615178193,1.475819738546327,1.352875936875706
326.25380406992963,1.1666445473948086,4.232235330022695,4.249845137591182
1.0095866283963262,372.96484450171886,6.185353555125518,5.729348875943884

Iteration: ,5000
Error:,0.038099492442872064
Absolute Error:,0.7426679013987803
Transition Probabilities
0.0009950248756218907,0.0009950248756218907,0.9807743520984185,0.01723559815033781
0.9757105251246547,0.021597684834968434,0.0013458950201884249,0.0013458950201884249
0.017412702391639886,0.007308147859497564,0.0061336332682380935,0.9691455164806244
0.02303817702054982,0.008628597263065444,0.016785909825099865,0.9515473158912848

0.014328175623597223,0.010488225498380648,0.9683197709886707,0.00686382788935142
0.8703741308281722,0.06611349374965521,0.03368954949902696,0.02982282592314575
0.9694970104062262,0.0017534096837989457,0.013029099064234651,0.015720480845740254
0.0013143373628068647,0.9785436055167699,0.010204193919514154,0.00993786320090917

Transition Gammas
1.0,1.0,985.6782238589103,17.321776141089494
724.9529201676187,16.047079832381552,1.0,1.0
13.140799678105042,5.515221295330788,4.628853366010278,731.382573742257
12.204147756029514,4.570877106803713,8.892097822765026,504.0687042916638

6.37663057836711,4.667694002552499,430.9423351256773,3.0546872088729224
39.5702666091179,3.0057517583212485,1.5316453102174639,1.3558504682271664
648.1138158985631,1.1721635330512923,8.710020785627053,10.509223565757942
1.010843989218761,752.5883002463445,7.847945573376528,7.6431132269299304

Iteration: ,7500
Error:,0.028954471921395254
Absolute Error:,0.744753870052614
Transition Probabilities
0.0006901311249137344,0.0006901311249137344,0.9838316798919299,0.014788057858242531
0.9808128232204645,0.017278779832970503,0.0009541984732824422,0.0009541984732824422
0.017827672741590653,0.00797700182876008,0.009475053389855609,0.9647202720397936
0.020598800349758167,0.0072905995982128395,0.01657065978404719,0.9555399402679818

0.011753132175675422,0.007725151843280103,0.9689860334938208,0.011535682487223633
0.9272168474844067,0.042500592587241474,0.016218314244736208,0.014064245683615533
0.9693877145976294,0.0010905373346093725,0.013664741646883643,0.015857006420877437
0.0009034989875224539,0.9822398465740749,0.008742271125968296,0.008114383312434371

Transition Gammas
1.0,1.0,1425.572104163405,21.427895836593404
1027.8918387350475,18.1081612649531,1.0,1.0
19.6793372311343,8.805530107994237,10.45917622814372,1064.9205783821676
16.029220415234366,5.6732734884895715,12.894671223291441,743.5656474186459

8.972303424013205,5.897356151404023,739.7208315355273,8.80630302896239
89.46393568262833,4.100734679287097,1.5648488553764508,1.3570102556671064
1045.070590940741,1.1756787089015421,14.731587179118318,17.095008345237837
1.0119846722722021,1100.1801694916232,9.791980403417877,9.08870032012166

Iteration: ,10000
Error:,0.02772768785131635
Absolute Error:,0.745582873015422
Transition Probabilities
0.0005159958720330243,0.0005159958720330243,0.9852853770606211,0.013682631195312826
0.9811745253856211,0.01719813531413485,0.0008136696501220492,0.0008136696501220492
0.019701050728891126,0.006476538950001064,0.0087198705513001,0.9651025397698078
0.021239809291918058,0.006439790116477824,0.017968215146622356,0.9543521854449817

0.014061664369957191,0.00703860109564196,0.9673528866814618,0.011546847852939095
0.9612935109342221,0.022087356450272298,0.011342919635482273,0.00527621298002324
0.9687082222475493,0.0008058558304651725,0.0139054829615905,0.016580438960395266
0.0006844137355173346,0.981135040765899,0.009742172723069521,0.008438372775514178

Transition Gammas
1.0,1.0,1909.4830607434815,26.516939256516224
1205.8634916989301,21.13650830107176,1.0,1.0
28.840852799606544,9.48116468904765,12.765233005205564,1412.837349086614
21.971934486024836,6.66176633689649,18.587570189842015,987.2482095764695

14.341728165212594,7.178787725351734,986.619490809356,11.776824472196198
266.3960033240343,6.120902113057632,3.1433775663185086,1.4621570150812782
1416.030250088869,1.1779772349837287,20.326641256355167,24.236816193423337
1.0140868374960579,1453.734896034471,14.434849294206936,12.503026046176233

Iteration: ,12500
Error:,0.027112029283971793
Absolute Error:,0.7462803357130745
Transition Probabilities
0.0003901677721420221,0.0003901677721420221,0.9876714167547332,0.01154824770098282
0.9799062420381149,0.018556478945743582,0.0007686395080707138,0.0007686395080707138
0.01767004890150127,0.006596791132547325,0.006717686191180485,0.9690154737747709
0.022251177193074432,0.006558606569744539,0.01598058436440267,0.9552096318727784

0.015135192332081314,0.006821810036010034,0.9639632202005352,0.014079777431373397
0.9563953713729247,0.027318149656228127,0.012395433636823168,0.003891045334023961
0.9716301242044458,0.000676210387149514,0.01254633312106223,0.015147332287342458
0.0005276772309415861,0.9839591884106353,0.008515656853173787,0.006997477505249234

Transition Gammas
1.0,1.0,2531.4018411423745,29.598158857618888
1274.8580208915894,24.141979108412432,1.0,1.0
33.64289515382545,12.55996254798815,12.790140732829814,1844.957315532349
25.9357962939126,7.644659987596289,18.62684284685099,1113.3847982634575

16.950657449239415,7.640085607573397,1079.590531839515,15.768645615085022
633.3364523887149,18.09040539820132,8.208404390430927,2.576696752930524
1694.011795598874,1.178955184284432,21.874204771074144,26.40897902133651
1.0169332776737574,1896.2744342448357,16.411272511778435,13.485455345806324

Iteration: ,14678
Error:,0.02678538205140995
Absolute Error:,0.7458149115078805
Transition Probabilities
0.0003226847370119396,0.0003226847370119396,0.9884929746355114,0.010861655890464608
0.9799806165451229,0.01854445720118973,0.0007374631268436568,0.0007374631268436568
0.01888320394290944,0.00550105737523513,0.007266043921448873,0.9683496947604064
0.021638556217830757,0.006023408993847137,0.0146968792745868,0.9576411555137353

0.015187678442991006,0.006693208238244343,0.9642751704059959,0.013843942912768682
0.9597855414266465,0.024061966447875692,0.013501854772373287,0.0026506373531044003
0.9714556828287569,0.0005940887961118511,0.012888973098732543,0.015061255276398625
0.00043831957592023777,0.9831349707150927,0.009717394526560084,0.0067093151824270565

*,*,*,*,*,*,*,*,*,*,*
Model Num 2
Model States: 
"['diamond', 'x', 'square']","['diamond', 'x', 'diamond']","['square', 'y', 'diamond', 'x', 'square']","['square', 'y', 'diamond', 'x', 'diamond']"
Iteration: ,14678
Error:,0.025684697768217968
Transition Probabilities
0.0003226847370119396,0.0003226847370119396,0.9884929746355114,0.010861655890464608
0.9799806165451229,0.01854445720118973,0.0007374631268436568,0.0007374631268436568
0.01888320394290944,0.00550105737523513,0.007266043921448873,0.9683496947604064
0.021638556217830757,0.006023408993847137,0.0146968792745868,0.9576411555137353

0.015187678442991006,0.006693208238244343,0.9642751704059959,0.013843942912768682
0.9597855414266465,0.024061966447875692,0.013501854772373287,0.0026506373531044003
0.9714556828287569,0.0005940887961118511,0.012888973098732543,0.015061255276398625
0.00043831957592023777,0.9831349707150927,0.009717394526560084,0.0067093151824270565

Transition Gammas
1.0,1.0,3063.3397283954473,33.66027160454979
1328.8537160351884,25.146283964813303,1.0,1.0
43.41026219965806,12.646283107268403,16.703779334161478,2226.1219164713066
27.462754907856706,7.644659987596289,18.652667459196977,1215.398295468481

18.405286960519874,8.111207962020963,1168.5631406304237,16.77687231336873
960.2898340592677,24.07460913927111,13.50894894663883,2.6520300568191635
1928.9977874704393,1.1796688140458877,25.593345151704433,29.906797209833975
1.018661215101243,2284.8202975524955,22.58336944057722,15.592548295109822

