0,1,2,3,4,5,6,7,8,9,10,11,12,13,14,15,16,17,18,19,20,21,22,23,24,25,26,27,28,29
github Code Version (SHA):,cd93f48c3be2409aefa56252372b16f046dc3cc1
Environment Observations,Environment Actions,alpha,epsilon,numActions,explore,patience,gainThresh,insertRandActions,useBudd,revisedSplitting,haveControl,confidence_factor
"['diamond', 'square']","['x', 'y']",0.99,0.99,75000,0.5,0,0.01,False,True,False,True,250

Model Num 0
Model States: 
['diamond'],['square']
Iteration: ,0
Error:,0.6744397557893376
Absolute Error:,1
Transition Probabilities
0.5,0.5
0.5,0.5

0.5,0.5
0.5,0.5

Transition Gammas
1.0,1.0
1.0,1.0

1.0,1.0
1.0,1.0

Iteration: ,2500
Error:,0.15683154889060216
Absolute Error:,1
Transition Probabilities
0.43283582089552236,0.5671641791044776
0.01828410689170183,0.9817158931082982

0.02736842105263158,0.9726315789473684
0.9604591836734694,0.039540816326530615

Transition Gammas
232.0,304.0
13.0,698.0

13.0,462.0
753.0,31.0

Iteration: ,2562
Error:,0.1533794940223728
Absolute Error:,1
Transition Probabilities
0.43308550185873607,0.5669144981412639
0.017980636237897647,0.9820193637621023

0.03,0.97
0.9615861214374225,0.03841387856257745


Model Num 1
Model States: 
['square'],"['diamond', 'x', 'square']","['diamond', 'x', 'diamond']"
Iteration: ,0
Error:,0.7221369941759311
Absolute Error:,1
Transition Probabilities
0.3333333333333333,0.3333333333333333,0.3333333333333333
0.3333333333333333,0.3333333333333333,0.3333333333333333
0.3333333333333333,0.3333333333333333,0.3333333333333333

0.3333333333333333,0.3333333333333333,0.3333333333333333
0.3333333333333333,0.3333333333333333,0.3333333333333333
0.3333333333333333,0.3333333333333333,0.3333333333333333

Transition Gammas
1.0,1.0,1.0
1.0,1.0,1.0
1.0,1.0,1.0

1.0,1.0,1.0
1.0,1.0,1.0
1.0,1.0,1.0

Iteration: ,2500
Error:,0.11935537861043596
Absolute Error:,1
Transition Probabilities
0.9734411085450346,0.02364614127978572,0.002912750175179637
0.9957356076759062,0.0021321961620469083,0.0021321961620469083
0.003215434083601286,0.9806828027927437,0.01610176312365512

0.01972685887708649,0.268014648393099,0.7122584927298146
0.848837771978011,0.07569107888649791,0.07547114913549102
0.9807976350611622,0.006096798110058188,0.013105566828779612

Transition Gammas
843.0,20.477558348294433,2.5224416517055657
467.0,1.0,1.0
1.0,304.9923516685433,5.007648331456742

13.0,176.62165329105227,469.37834670894784
22.40368436824802,1.9977422033349255,1.991937517342614
160.870938705202,1.0,2.1495818940041187

Iteration: ,5000
Error:,0.16557264813893066
Absolute Error:,1
Transition Probabilities
0.9707112970711297,0.024467799428054923,0.004820903500815369
0.9986859395532195,0.000657030223390276,0.000657030223390276
0.002433090024330901,0.982900819391212,0.014666090584457104

0.02689352360043908,0.6555336396020558,0.31757283679750514
0.8217064623068882,0.12923191222155603,0.049061625471555736
0.981075912611066,0.006561488326278874,0.01236259906265523

Transition Gammas
928.0,23.391216253220506,4.608783746779492
1520.0,1.0,1.0
1.0,403.97223676978797,6.0277632302118676

49.0,1194.3822913549457,578.6177086450543
82.56461450734729,12.985151637562668,4.929685209960035
170.58735041912504,1.1408973495302461,2.1495818940041187

Iteration: ,7500
Error:,0.16719286305233894
Absolute Error:,1
Transition Probabilities
0.9723046488625123,0.023136712416637492,0.004558638720850141
0.999236641221374,0.0003816793893129771,0.0003816793893129771
0.0021739130434782618,0.9846989369462779,0.013127150010243843

0.02085402184707051,0.7704087233063721,0.20873725484655742
0.8452111287493531,0.12835855886769518,0.02643031238295171
0.981075912611066,0.006561488326278874,0.01236259906265523

Transition Gammas
983.0,23.391216253220506,4.608783746779492
2618.0,1.0,1.0
1.0,452.96151099528765,6.038489004712165

63.0,2327.4047531085494,630.5952468914497
157.64568879544922,23.94096899248206,4.929685209960035
170.58735041912504,1.1408973495302461,2.1495818940041187

Iteration: ,10000
Error:,0.14693355947891446
Absolute Error:,1
Transition Probabilities
0.9730913642052565,0.02391393362899366,0.0029947021657497686
0.9992756247736327,0.0003621876131836291,0.0003621876131836291
0.0016528925619834726,0.9850291863285161,0.013317921109500528

0.024327784891165143,0.7679438301761559,0.20772838493267898
0.9425365361214346,0.04741512963811853,0.010048334240446877
0.981075912611066,0.006561488326278874,0.01236259906265523

Transition Gammas
1555.0,38.21446593913187,4.78553406086813
2759.0,1.0,1.0
1.0,595.9426577287517,8.057342271247812

95.0,2998.8206568378923,811.1793431621123
744.7494115640645,37.465274335713424,7.939735730104042
170.58735041912504,1.1408973495302461,2.1495818940041187

Iteration: ,12500
Error:,0.14719057796159776
Absolute Error:,1
Transition Probabilities
0.9741713301764959,0.023320618465832027,0.0025080513576720633
0.9993851829080849,0.0003074085459575776,0.0003074085459575776
0.0011025358324145537,0.9866894534500155,0.01220801071756992

0.022668393782383396,0.7354610175673911,0.24187058865022543
0.9434025637255655,0.04673279241318212,0.009864643861252386
0.981075912611066,0.006561488326278874,0.01236259906265523

Transition Gammas
2263.0,54.173796696127795,5.826203303872203
3251.0,1.0,1.0
1.0,894.9273342791639,11.072665720835916

105.0,3406.655433372159,1120.3445666278453
948.1319723071463,46.967070417057066,9.914096696262082
170.58735041912504,1.1408973495302461,2.1495818940041187

Iteration: ,15000
Error:,0.13731577667556635
Absolute Error:,1
Transition Probabilities
0.9781962338949455,0.019872058311401902,0.0019317077936526063
0.9994625100779361,0.0002687449610319806,0.0002687449610319806
0.0008291873963515753,0.9866620987470016,0.01250871385664685

0.022473997028231784,0.7108521275385011,0.26667387543326715
0.9509070839921699,0.03961923450163756,0.009473681506192535
0.981075912611066,0.006561488326278874,0.01236259906265523

Transition Gammas
2961.0,60.152720508613555,5.847279491386439
3719.0,1.0,1.0
1.0,1189.9144910888842,15.085508911116104

121.0,3827.227854667293,1435.7721453327113
1168.4031339104606,48.68113671054316,11.640547586451756
170.58735041912504,1.1408973495302461,2.1495818940041187

Iteration: ,16779
Error:,0.13551706401432861
Absolute Error:,1
Transition Probabilities
0.9786507258753202,0.019385055273945424,0.00196421885073434
0.999507631708518,0.0002461841457410143,0.0002461841457410143
0.000697836706210746,0.9845782385145028,0.014723924779286452

0.022154574665990173,0.6958548721190063,0.28199055321500355
0.9512529385832895,0.03778728077651284,0.010959780640197737
0.981075912611066,0.006561488326278874,0.01236259906265523


Model Num 2
Model States: 
"['diamond', 'x', 'square']","['diamond', 'x', 'diamond']","['square', 'y', 'diamond', 'x', 'square']","['square', 'y', 'diamond', 'x', 'diamond']"
Iteration: ,0
Error:,0.6762562074297117
Absolute Error:,0.74
Transition Probabilities
0.25,0.25,0.25,0.25
0.25,0.25,0.25,0.25
0.25,0.25,0.25,0.25
0.25,0.25,0.25,0.25

0.25,0.25,0.25,0.25
0.25,0.25,0.25,0.25
0.25,0.25,0.25,0.25
0.25,0.25,0.25,0.25

Transition Gammas
1.0,1.0,1.0,1.0
1.0,1.0,1.0,1.0
1.0,1.0,1.0,1.0
1.0,1.0,1.0,1.0

1.0,1.0,1.0,1.0
1.0,1.0,1.0,1.0
1.0,1.0,1.0,1.0
1.0,1.0,1.0,1.0

Iteration: ,2500
Error:,0.04542056051425957
Absolute Error:,0.9765515005144347
Transition Probabilities
0.0020618556701030915,0.0020618556701030915,0.9574780257746744,0.03839826288511941
0.9710044419360212,0.023945053013473758,0.0025252525252525255,0.0025252525252525255
0.00899472429882772,0.009282658130707909,0.013406654190629941,0.9683159633798344
0.015571296142062466,0.007992476215743638,0.01827377250159682,0.9581624551405972

0.011054712773029617,0.010071487153918614,0.9532637467513145,0.025610053321737356
0.10809476814759804,0.03918228711390267,0.049763817364097705,0.8029591273744017
0.9555399228369122,0.0033629943384670996,0.027855703725549796,0.013241379099070937
0.002455748411593663,0.9762323761611484,0.010721682303973492,0.01059019312328428

Transition Gammas
1.0,1.0,464.37684250071743,18.62315749928293
384.5177590066644,9.482240993335608,1.0,1.0
3.193691427180431,3.2959260015732026,4.760203329563724,343.81291613920644
3.8589711049779165,1.980742931891393,4.5287148493768115,237.45751121348306

2.4860313006755392,2.2649192994031484,214.37404669660512,5.759298814632174
2.75876616986056,1.0,1.2700590248709727,20.4929111218088
312.57993764319104,1.1001157936881576,9.112266191546304,4.331571454188077
1.0086489242433354,400.9676770542835,4.403713862106759,4.3497073441647425

Iteration: ,5000
Error:,0.04147653285448538
Absolute Error:,0.9792459205731899
Transition Probabilities
0.0010604453870625664,0.0010604453870625664,0.9746145786046586,0.023264530621216216
0.9798086822277899,0.017593915174807476,0.0012987012987012994,0.0012987012987012994
0.009978685686524607,0.012324444018738537,0.015578167123154732,0.9621187031715822
0.011118110397994178,0.007310836879595376,0.021903779012862893,0.9596672737095475

0.013868504887399703,0.008693231822485003,0.9620559677581068,0.015382295532008466
0.10992678920333022,0.02289707931848538,0.027827529137120728,0.8393486023410637
0.9638091644647678,0.001708010866372961,0.025313164557464816,0.009169660111394628
0.0012530892257213836,0.9746573095333911,0.01411705561837909,0.009972545622508332

Transition Gammas
1.0,1.0,919.061547624193,21.938452375806893
754.452685315398,13.54731468460175,1.0,1.0
7.317061224042314,9.037133172675325,11.42298757364565,705.4918530412718
5.831482260605041,3.8345558775193473,11.4885978085599,503.34836428050363

6.414154180032902,4.020601332653241,444.94885044369477,7.114279151660795
5.412385113093411,1.1273667877942068,1.3701237480641573,41.32639471169879
625.9768999570016,1.1093226612124651,16.440449896098187,5.955531055131411
1.009203714745575,784.9622813720764,11.369489641199575,8.03161489311446

Iteration: ,7500
Error:,0.028764476392933277
Absolute Error:,0.9814601875121914
Transition Probabilities
0.000750187546886722,0.000750187546886722,0.9796793336612454,0.018820291244981174
0.9817691549355022,0.016460933560072947,0.0008849557522123892,0.0008849557522123892
0.011245188140947377,0.00989695643604259,0.0184658606001979,0.9603919948228121
0.010239998475167867,0.007611677521953872,0.02039699616364058,0.9617513278392377

0.016459445925930204,0.006534685387601927,0.9643613170702972,0.012644551616170613
0.056598903352606485,0.009957249275434989,0.021402088357461428,0.912041759014497
0.9679277358367393,0.0011300341375884097,0.024406175970158053,0.006536054055514276
0.000823391424084263,0.9794101073104182,0.01166988531908638,0.008096615946411135

Transition Gammas
1.0,1.0,1305.9125517704394,25.08744822955989
1109.3991450771177,18.600854922882434,1.0,1.0
12.295032025906835,10.82093023388908,20.189822048298517,1050.0536038853886
7.764362297799378,5.771467849119656,15.465790193756185,729.2369982126439

12.595316904023607,5.000559174065093,737.9614388687587,9.67603256097772
6.408167768052111,1.1273667877942068,2.4231595429838264,103.26201140017496
954.7590106078997,1.1146599433111413,24.074128221820846,6.447130578325656
1.0104668287807412,1201.933122281931,14.32129563861645,9.936175675286592

Iteration: ,10000
Error:,0.02498250004416597
Absolute Error:,0.9822134374314522
Transition Probabilities
0.0005963029218843171,0.0005963029218843171,0.9807953785598145,0.018012015596416943
0.9857096308264279,0.012905327622325486,0.0006925207756232684,0.0006925207756232684
0.01649809645683735,0.008418230769218743,0.014962003025801376,0.9601216697481426
0.009078357258924943,0.008075478628409566,0.021054180696941583,0.9617919834157239

0.01670323395715493,0.006564867109105913,0.9662196642336904,0.010512234700048775
0.040791955651614004,0.004528632430735029,0.02453515580945448,0.9301442561081965
0.9665405834997033,0.0008517802327764365,0.027261866644513688,0.005345769623006498
0.0006011312606998608,0.9827060686078782,0.010084967568228848,0.006607832563193204

Transition Gammas
1.0,1.0,1644.7938498448093,30.20615015519122
1423.3647069133626,18.63529308663801,1.0,1.0
23.418089909832908,11.949189747498753,21.237694482274595,1362.8369579099356
9.234057598658591,8.213978880172524,21.41527500000007,978.2874059134128

17.848182961172395,7.014866078009663,1032.4506854277972,11.232812085283985
10.35933447727952,1.1500703343401317,6.230833541128595,236.21508964755654
1269.5909436304755,1.1188484870245017,35.809586880473645,7.021889009077532
1.0123077167933014,1654.881390518896,16.98313024187498,11.127619427428806

Iteration: ,12500
Error:,0.022630944542098807
Absolute Error:,0.9826005266199414
Transition Probabilities
0.0005078720162519044,0.0005078720162519044,0.9830982865077905,0.015885969459705652
0.984908075201515,0.013960062885638346,0.0005659309564233161,0.0005659309564233161
0.01861887409189926,0.007046251526494984,0.012081462833673033,0.9622534115479328
0.00840994878164057,0.007480908683714866,0.019536540040489405,0.9645726024941552

0.020290866772223633,0.00714936208632993,0.9631262697618552,0.009433501379591234
0.02280635546382595,0.001968707336484217,0.03176257682761882,0.9434623603720711
0.9676016092661393,0.0007396211201488773,0.026878694962454545,0.004780074651257271
0.00043265321029140524,0.9835519102393664,0.010471625733702774,0.005543810816639503

Transition Gammas
1.0,1.0,1935.72052613384,31.279473866160433
1740.332568881078,24.66743111892297,1.0,1.0
32.831021776135486,12.42479196994703,21.303477719550443,1696.7601022897434
9.234057598658591,8.213978880172524,21.450967264652853,1059.0931289573834

26.583301180657248,9.366462641736275,1261.8029575321364,12.35894016637603
13.322911113950877,1.1500703343401317,18.554915032154426,551.147472314576
1465.551158842659,1.1202467827237264,40.71107589442711,7.240008571107763
1.0151667950991232,2307.781883460008,24.570363706305606,13.00786062715961

Iteration: ,15000
Error:,0.021722979699996155
Absolute Error:,0.9826530492567602
Transition Probabilities
0.00044762757385854903,0.00044762757385854903,0.9837334913586603,0.0153712534936225
0.983486687861352,0.015561837352729906,0.0004757373929590863,0.0004757373929590863
0.019258555105175688,0.005986905098497918,0.010126639439612655,0.9646279003567138
0.009468974402340843,0.0069551229485844395,0.018189196979571713,0.9653867056695029

0.021195347321491365,0.006293191773642109,0.9643817433045869,0.008129717600279555
0.019825919769691617,0.0022526789262469356,0.027701430908432505,0.9502199703956289
0.9665964723463382,0.0006600707123526467,0.02780960466380901,0.004933852277500168
0.0003367835297733313,0.9847734890023488,0.009824031323017514,0.005065696144860452

Transition Gammas
1.0,1.0,2197.6606196952503,34.339380304752716
2067.2890178845632,32.710982115438284,1.0,1.0
40.59982309285446,12.621262942379314,21.34842242982724,2033.575306715978
11.182829740422044,8.213978880172524,21.481385870814563,1140.1187398394636

33.276536304125806,9.880263878105321,1514.0721029643967,12.76359564977197
18.25843083961146,2.0745762545456747,25.511283525574232,875.0931010226773
1642.5059725590743,1.121636710217663,47.25595743582069,8.383934832543584
1.0169815123446875,2973.70964915241,29.665519091530925,15.296826807255531

Iteration: ,15592
Error:,0.022622265876445904
Absolute Error:,0.9823554398747876
Transition Probabilities
0.00043402777777777716,0.00043402777777777716,0.9837872704717509,0.015344673972693611
0.9827040731347066,0.016378916319672154,0.00045850527281063704,0.00045850527281063704
0.019448432844333636,0.006213716113302537,0.009755637067915695,0.9645822139744482
0.00936693707078735,0.006880174790933431,0.01799695863436297,0.9657559295039163

0.023124335907473998,0.006149999748702064,0.962889070296711,0.00783659404711287
0.019230460325361118,0.002072903882388919,0.028379738716360042,0.95031689707589
0.9658755305849782,0.0006419214271649432,0.028634476333007315,0.004848071654849659
0.0003203455892692963,0.9855212955416088,0.00934148467880579,0.004816874190316046

*,*,*,*,*,*,*,*,*,*,*
Model Num 2
Model States: 
"['diamond', 'x', 'square']","['diamond', 'x', 'diamond']","['square', 'y', 'diamond', 'x', 'square']","['square', 'y', 'diamond', 'x', 'diamond']"
Iteration: ,15592
Error:,0.022205840831360905
Transition Probabilities
0.00043402777777777716,0.00043402777777777716,0.9837872704717509,0.015344673972693611
0.9827040731347066,0.016378916319672154,0.00045850527281063704,0.00045850527281063704
0.019448432844333636,0.006213716113302537,0.009755637067915695,0.9645822139744482
0.00936693707078735,0.006880174790933431,0.01799695863436297,0.9657559295039163

0.023124335907473998,0.006149999748702064,0.962889070296711,0.00783659404711287
0.019230460325361118,0.002072903882388919,0.028379738716360042,0.95031689707589
0.9658755305849782,0.0006419214271649432,0.028634476333007315,0.004848071654849659
0.0003203455892692963,0.9855212955416088,0.00934148467880579,0.004816874190316046

Transition Gammas
1.0,1.0,2266.645871166917,35.35412883308613
2143.2775835067964,35.72241649320499,1.0,1.0
42.5761773048493,13.602961281224632,21.356874193920188,2111.6469227105645
11.182829740422044,8.213978880172524,21.485884097712056,1152.9792555270717

37.701951378119816,10.026968663176733,1569.8957607304171,12.776794495482955
19.245975027554,2.0745762545456747,28.4026348502563,951.083591341006
1688.4332408649511,1.122133692518679,50.055519727401,8.474844922498157
1.0173134700865258,3129.695312173589,29.665519091530925,15.296826807255531

