0,1,2,3,4,5,6,7,8,9,10,11,12,13,14,15,16,17,18,19,20,21,22,23,24,25,26,27,28,29
github Code Version (SHA):,cd93f48c3be2409aefa56252372b16f046dc3cc1
Environment Observations,Environment Actions,alpha,epsilon,numActions,explore,patience,gainThresh,insertRandActions,useBudd,revisedSplitting,haveControl,confidence_factor
"['diamond', 'square']","['x', 'y']",0.99,0.99,75000,0.5,0,0.01,False,True,False,True,250

Model Num 0
Model States: 
['diamond'],['square']
Iteration: ,0
Error:,0.6738357488575383
Absolute Error:,1
Transition Probabilities
0.5,0.5
0.5,0.5

0.5,0.5
0.5,0.5

Transition Gammas
1.0,1.0
1.0,1.0

1.0,1.0
1.0,1.0

Iteration: ,2467
Error:,0.14907869899451195
Absolute Error:,1
Transition Probabilities
0.43253968253968256,0.5674603174603174
0.02040816326530612,0.9795918367346939

0.016,0.984
0.9744572158365262,0.02554278416347382


Model Num 1
Model States: 
['square'],"['diamond', 'x', 'square']","['diamond', 'x', 'diamond']"
Iteration: ,0
Error:,0.7238879924444459
Absolute Error:,1
Transition Probabilities
0.3333333333333333,0.3333333333333333,0.3333333333333333
0.3333333333333333,0.3333333333333333,0.3333333333333333
0.3333333333333333,0.3333333333333333,0.3333333333333333

0.3333333333333333,0.3333333333333333,0.3333333333333333
0.3333333333333333,0.3333333333333333,0.3333333333333333
0.3333333333333333,0.3333333333333333,0.3333333333333333

Transition Gammas
1.0,1.0,1.0
1.0,1.0,1.0
1.0,1.0,1.0

1.0,1.0,1.0
1.0,1.0,1.0
1.0,1.0,1.0

Iteration: ,2500
Error:,0.12205855501246267
Absolute Error:,1
Transition Probabilities
0.9754385964912281,0.01635656770115474,0.00820483580761719
0.9958246346555324,0.0020876826722338203,0.0020876826722338203
0.003134796238244514,0.9748085430581732,0.022056660703582146

0.009160305343511454,0.2971844900201561,0.6936552046363325
0.8271912441111999,0.04817237479135145,0.1246363810974486
0.9787436214218709,0.011400305263410473,0.00985607331471862

Transition Gammas
834.0,13.984865384487303,7.015134615512698
477.0,1.0,1.0
1.0,310.96392523555727,7.036074764442705

6.0,194.6558409632022,454.34415903679763
28.34157767218784,1.6505023614820744,4.270344615953021
144.04573334618422,1.6778299200077218,1.4505589384785904

Iteration: ,5000
Error:,0.1423839110578789
Absolute Error:,1
Transition Probabilities
0.9765708200212992,0.015958323093170718,0.00747085688553003
0.9986902423051736,0.0006548788474132286,0.0006548788474132286
0.0024213075060532697,0.9804747526218706,0.01710393987207611

0.02186987424822307,0.6700184860316637,0.30811163972011324
0.9026727616923396,0.05070343143473888,0.04662380687292165
0.9777478016810246,0.013061398977148444,0.009190799341827004

Transition Gammas
917.0,14.984865384487303,7.015134615512698
1525.0,1.0,1.0
1.0,404.9360728328324,7.063927167167431

40.0,1225.4638109519128,563.5361890480871
100.15820606074614,5.625919989107152,5.173255529899466
154.31528429215686,2.061445183457952,1.4505589384785904

Iteration: ,7500
Error:,0.14356371014160443
Absolute Error:,1
Transition Probabilities
0.9780324737344794,0.015267302181936298,0.006700224083584239
0.9991967871485944,0.00040160642570281126,0.00040160642570281126
0.0021459227467811167,0.9826626622321001,0.015191415021118766

0.0199733688415446,0.7719689237860689,0.20805770737238652
0.9326587737893243,0.04181565403434143,0.025525572176334266
0.9777478016810246,0.013061398977148444,0.009190799341827004

Transition Gammas
1024.0,15.984865384487303,7.015134615512698
2488.0,1.0,1.0
1.0,457.9208006001585,7.079199399841342

60.0,2318.9946470533514,625.0053529466493
258.72933048088714,11.600101211688624,7.081061568200433
154.31528429215686,2.061445183457952,1.4505589384785904

Iteration: ,10000
Error:,0.13632718907626215
Absolute Error:,1
Transition Probabilities
0.9817850637522769,0.013004939602073063,0.005209996645650071
0.9992540096978739,0.0003729951510630362,0.0003729951510630362
0.001552795031055902,0.985866508584751,0.012580696384193166

0.021469218830832894,0.7634354554005982,0.21509532576856896
0.9619946194644864,0.022244864446771512,0.015760516088742117
0.9777478016810246,0.013061398977148444,0.009190799341827004

Transition Gammas
1617.0,21.419135524614337,8.580864475385667
2679.0,1.0,1.0
1.0,634.898031528579,8.101968471420392

83.0,2951.4414705787135,831.5585294212879
792.7492483816309,18.331287112963306,12.987741335197931
154.31528429215686,2.061445183457952,1.4505589384785904

Iteration: ,12500
Error:,0.13234025007636477
Absolute Error:,1
Transition Probabilities
0.9823232323232324,0.013499583013635547,0.00417718466313213
0.9993618379068283,0.0003190810465858328,0.0003190810465858328
0.0010438413361169106,0.9831691044124657,0.01578705425141743

0.021762785636561484,0.726958081567698,0.25127913279574043
0.9666983581296671,0.020394189574423766,0.012907452295909163
0.9777478016810246,0.013061398977148444,0.009190799341827004

Transition Gammas
2334.0,32.07500924039806,9.924990759601942
3132.0,1.0,1.0
1.0,941.8760020271419,15.123997972857893

100.0,3340.372384803572,1154.627615196427
1015.4268497293513,21.422202177323392,13.558079945666865
154.31528429215686,2.061445183457952,1.4505589384785904

Iteration: ,15000
Error:,0.13103204441405022
Absolute Error:,1
Transition Probabilities
0.983969220904136,0.012786463626718259,0.003244315469145801
0.9994422755158952,0.0002788622420524261,0.0002788622420524261
0.0007874015748031495,0.9817696134754956,0.017442984949701278

0.022556390977443625,0.69935895359502,0.27808465542753646
0.9676706179055141,0.020300234937167577,0.012029147157318175
0.9777478016810246,0.013061398977148444,0.009190799341827004

Transition Gammas
3069.0,39.88098005173425,10.119019948265754
3584.0,1.0,1.0
1.0,1246.8474091138796,22.152590886120628

120.0,3720.589633125504,1479.4103668744929
1227.3191437182647,25.747259965680662,15.256847025836116
154.31528429215686,2.061445183457952,1.4505589384785904

Iteration: ,15036
Error:,0.13045072925325926
Absolute Error:,1
Transition Probabilities
0.98404085541015,0.012729326540610996,0.0032298180492389894
0.9994432071269488,0.00027839643652561246,0.00027839643652561246
0.0007855459544383345,0.9818123190514395,0.017402134994122135

0.022701688555347106,0.6991213048077343,0.27817700663691863
0.9677318920301169,0.020261759746971548,0.012006348222911438
0.9777478016810246,0.013061398977148444,0.009190799341827004


Model Num 2
Model States: 
"['diamond', 'x', 'square']","['diamond', 'x', 'diamond']","['square', 'y', 'diamond', 'x', 'square']","['square', 'y', 'diamond', 'x', 'diamond']"
Iteration: ,0
Error:,0.6752509454120995
Absolute Error:,0.74
Transition Probabilities
0.25,0.25,0.25,0.25
0.25,0.25,0.25,0.25
0.25,0.25,0.25,0.25
0.25,0.25,0.25,0.25

0.25,0.25,0.25,0.25
0.25,0.25,0.25,0.25
0.25,0.25,0.25,0.25
0.25,0.25,0.25,0.25

Transition Gammas
1.0,1.0,1.0,1.0
1.0,1.0,1.0,1.0
1.0,1.0,1.0,1.0
1.0,1.0,1.0,1.0

1.0,1.0,1.0,1.0
1.0,1.0,1.0,1.0
1.0,1.0,1.0,1.0
1.0,1.0,1.0,1.0

Iteration: ,2500
Error:,0.03439651909891444
Absolute Error:,0.978182954029816
Transition Probabilities
0.0021739130434782605,0.0021739130434782605,0.9818537182975081,0.013798455615535348
0.9729061277222236,0.02195248410296922,0.002570694087403599,0.002570694087403599
0.018385618793939414,0.006938867562383631,0.01304625791560708,0.9616292557280698
0.010951126859493027,0.0037773855321752725,0.019459176711715674,0.965812310896616

0.007887563777866058,0.008379730093553497,0.9751430423675754,0.008589663761004944
0.0478264460251687,0.0478264460251687,0.05929445122133656,0.8450526567283261
0.9731426192923008,0.003518213166239256,0.011669583770730031,0.011669583770730031
0.0024740815155167573,0.9685794678527476,0.01447322531586786,0.01447322531586786

Transition Gammas
1.0,1.0,451.6527104168538,6.347289583146261
378.460483683945,8.539516316055026,1.0,1.0
7.009513944073369,2.6454420424859117,4.973883544652304,366.62098527120224
2.899128713818796,1.0,5.15149341944712,255.68274741086233

1.8926476813136435,2.010744658078568,233.98888047856042,2.0611189536305905
1.0,1.0,1.2397837629443094,17.669150166073734
303.61128539790167,1.0976492042682575,3.6407996715490967,3.6407996715490967
1.0063523257544371,393.97739890070557,5.887099461534685,5.887099461534685

Iteration: ,5000
Error:,0.0336283220002899
Absolute Error:,0.9811434668340908
Transition Probabilities
0.0010752688172043009,0.0010752688172043009,0.9812509008048544,0.01659856156073692
0.973480693183746,0.02394861272885045,0.0012853470437017994,0.0012853470437017994
0.019022788695207585,0.003863956619263774,0.0098433325303206,0.9672699221552081
0.021980494224594697,0.002040850987303215,0.011701263141207103,0.9642773916468951

0.016575179229692212,0.008199034176151823,0.970750451188184,0.004475335405972029
0.049961764880326574,0.025073985130795968,0.03255963250665676,0.8924046174822208
0.9729214029253259,0.0017652546279424415,0.014514010642952602,0.010799331803779162
0.0012396694508816273,0.9738753820365001,0.010493488262654734,0.014391460249963477

Transition Gammas
1.0,1.0,912.5633377485148,15.436662251485338
757.3679792969543,18.63202070304565,1.0,1.0
14.437478452510723,2.9325768858543353,7.470666030328353,734.1162687884837
11.573248635485275,1.0745561797972372,6.160991026803281,507.71478989856547

7.909016087036698,3.9122529113401683,463.20349412523655,2.1354520050867016
1.9925737619969843,1.0,1.2985423871320276,35.59085693108136
608.4775418220985,1.1040129176631353,9.077248677487887,6.754040819255269
1.0068485507931908,790.9729616707679,8.522718247598515,11.68861657933777

Iteration: ,7500
Error:,0.02607407834593289
Absolute Error:,0.9834047864867831
Transition Probabilities
0.0007412898443291323,0.0007412898443291323,0.9825408345576006,0.015976585753741245
0.9787225789447814,0.019482088918773406,0.0008976660682226218,0.0008976660682226218
0.01846911097561885,0.002693589883755974,0.013091678190764764,0.9657456209498604
0.021744354196372263,0.0025810627342719573,0.013841951919727601,0.9618326311496281

0.018004088862868344,0.0066564968463218264,0.9716854159295188,0.0036539983612910326
0.02783585526991798,0.009316818492739671,0.016857597736000055,0.9459897285013422
0.975257351868446,0.0011303513584321305,0.014484675762796701,0.009127621010325304
0.0008267331559253617,0.9753355180180643,0.010057939462835105,0.013779809363175112

Transition Gammas
1.0,1.0,1325.4475858182038,21.55241418179695
1090.2969529444858,21.70304705551356,1.0,1.0
20.25804483270414,2.9544932995465127,14.359749317330694,1059.2885662995172
17.415861618475247,2.0672690944384664,11.086533864674754,770.3675102491919

13.579887117881546,5.020774806328277,732.9100829772512,2.7560897778945397
2.98769964141833,1.0,1.809372775603249,101.53570440795052
956.3873657817353,1.1084805010980696,14.204415757998134,8.951013183540278
1.007807281313171,1188.9570773071796,12.260866221467275,16.797913706232265

Iteration: ,10000
Error:,0.02162365048239379
Absolute Error:,0.9843737004066954
Transition Probabilities
0.000603864734299517,0.000603864734299517,0.9839258533841646,0.01486641714723637
0.9813493952432885,0.01725687653371505,0.0006968641114982582,0.0006968641114982582
0.01706433691374383,0.002115036827467766,0.010181569095384629,0.9706390571634038
0.019851784687562678,0.0020186081258620012,0.012606502964370107,0.9655231042222053

0.02048530508413071,0.00762029458072143,0.9689995641037792,0.0028948362313687124
0.013589708052837096,0.003418682644747407,0.01715784894604662,0.9658337603563689
0.9757781430346757,0.0008734888450092339,0.01455901800223519,0.008789350118079776
0.0005840611751012322,0.9789042589736834,0.008385111065629591,0.01212656878558572

Transition Gammas
1.0,1.0,1629.3812132041764,24.618786795823425
1408.2363821741183,24.763617825881084,1.0,1.0
24.13944242616065,2.9919597804440103,14.40298572563119,1373.0791741522328
20.602050834971312,2.0948981605140036,13.082945388073158,1002.0134909073209

21.810479978157677,8.113244186401676,1031.6832238979478,3.0821004327254795
3.9751300325336825,1.0,5.018848114611804,282.516355193224
1241.327012458335,1.1112006413864328,18.521118196843535,11.181289313977352
1.0094820629683197,1691.9225809281897,14.492692850681467,20.959368977536542

Iteration: ,12500
Error:,0.02142811358839856
Absolute Error:,0.9848956545368905
Transition Probabilities
0.0005146680391147708,0.0005146680391147708,0.985244530647931,0.013726133273839376
0.980850891642825,0.01801660552591789,0.0005662514156285395,0.0005662514156285395
0.016461615112498773,0.002267361050008029,0.008188506127428875,0.9730825177100644
0.022759743879867973,0.0018812236309038565,0.011721984362296716,0.9636370481269315

0.01982987714493903,0.006983863610191373,0.9707097521125082,0.0024765071323613764
0.012506560238070629,0.0015818533050972789,0.021785300502937074,0.9641262859538949
0.9767686087902714,0.0007650030009383619,0.014414321416189412,0.00805206679260084
0.0004198456284605894,0.9791994551510466,0.00867710006733447,0.01170359915315822

Transition Gammas
1.0,1.0,1914.3301230489305,26.669876951069913
1732.1826746412275,31.817325358770972,1.0,1.0
29.01501613450688,3.996419367063508,14.432948151269986,1715.141847176765
25.42496717378062,2.1015196530651115,13.094658234998231,1076.4813719076092

25.770073632129908,9.075935173774758,1261.4935334458332,3.2183644248010688
7.906270573744204,1.0,13.772010611058116,609.4915899262886
1420.298859907406,1.1123749066876456,20.959564107110396,11.708342367383379
1.0114007075269975,2358.874201884857,20.902980887434534,28.193763759118735

Iteration: ,15000
Error:,0.022059549642314668
Absolute Error:,0.9846530281969657
Transition Probabilities
0.00045105999097880083,0.00045105999097880083,0.9847900995742543,0.014307780443788007
0.9819836401558801,0.017064885058201668,0.0004757373929590867,0.0004757373929590867
0.016953275843377455,0.0024246183771863715,0.0068687523559917245,0.9737533534234444
0.02309336235845615,0.0017572382392010146,0.01093097225061148,0.9642184271517313

0.02101032112175885,0.0071377435036176756,0.9696903062842216,0.0021616290904017117
0.010166748936760275,0.004040082162549529,0.01912364259243484,0.9666695263082553
0.9786701115555166,0.0006830477121948998,0.013463986434862912,0.007182854297425526
0.00032744672881242665,0.9784807436808131,0.009471333134276635,0.011720476456097861

Transition Gammas
1.0,1.0,2183.279650756119,31.720349243877966
2064.1296116076596,35.8703883923399,1.0,1.0
35.67249232174678,5.1017975075969675,14.452989377555044,2048.9378775041982
27.68751648845693,2.106820218157168,13.105561231227462,1156.038396914598

32.570876787658165,11.06515996832974,1503.2451577077993,3.351027066938889
9.870219152114256,3.9222465888509044,18.565870422112205,938.4750357938276
1595.2717758627318,1.1133953351249575,21.94684122517731,11.708342367383379
1.0125918528780096,3025.840669847627,29.28902298839548,36.24424349675417

Iteration: ,15215
Error:,0.022537332805725733
Absolute Error:,0.9845699330933879
Transition Probabilities
0.00044603033006244497,0.00044603033006244497,0.9849577375507027,0.014150201789172501
0.9822186582917111,0.016842374572138774,0.00046948356807511747,0.00046948356807511747
0.01716155859886759,0.0023991274702817025,0.006771365385357219,0.9736679485454934
0.02297926126599813,0.001748555969391637,0.010877594288291817,0.9643945884763184

0.0207438627174597,0.007637071509500877,0.9694843410970764,0.0021347246759631762
0.010850197961707869,0.0039205113412444,0.019182332816137983,0.9660469578809098
0.9772607268569551,0.0006757603436602612,0.014823727352459763,0.007239785446924949
0.00032154616092909104,0.9788701757545658,0.009299919992605628,0.011508358091899467

*,*,*,*,*,*,*,*,*,*,*
Model Num 2
Model States: 
"['diamond', 'x', 'square']","['diamond', 'x', 'diamond']","['square', 'y', 'diamond', 'x', 'square']","['square', 'y', 'diamond', 'x', 'diamond']"
Iteration: ,15215
Error:,0.022614780821056498
Transition Probabilities
0.00044603033006244497,0.00044603033006244497,0.9849577375507027,0.014150201789172501
0.9822186582917111,0.016842374572138774,0.00046948356807511747,0.00046948356807511747
0.01716155859886759,0.0023991274702817025,0.006771365385357219,0.9736679485454934
0.02297926126599813,0.001748555969391637,0.010877594288291817,0.9643945884763184

0.0207438627174597,0.007637071509500877,0.9694843410970764,0.0021347246759631762
0.010850197961707869,0.0039205113412444,0.019182332816137983,0.9660469578809098
0.9772607268569551,0.0006757603436602612,0.014823727352459763,0.007239785446924949
0.00032154616092909104,0.9788701757545658,0.009299919992605628,0.011508358091899467

Transition Gammas
1.0,1.0,2208.275247588672,31.724752411324697
2092.125742161344,35.87425783865558,1.0,1.0
36.6338114671873,5.121282133305146,14.454451877056364,2078.434068395878
27.68751648845693,2.106820218157168,13.106320857122766,1161.9908386405164

32.570876787658165,11.991311287705491,1522.2311992481098,3.3518277354317525
10.855000340378497,3.9222465888509044,19.19082305993761,966.4745374809987
1610.2694785686895,1.1134758885920977,24.425616479095208,11.929268429790739
1.0126724645771723,3082.838465613237,29.28902298839548,36.24424349675417

