0,1,2,3,4,5,6,7,8,9,10,11,12,13,14,15,16,17,18,19,20,21,22,23,24,25,26,27,28,29
github Code Version (SHA):,cd93f48c3be2409aefa56252372b16f046dc3cc1
Environment Observations,Environment Actions,alpha,epsilon,numActions,explore,patience,gainThresh,insertRandActions,useBudd,revisedSplitting,haveControl,confidence_factor
"['diamond', 'square']","['x', 'y']",0.99,0.99,75000,0.5,0,0.01,False,True,False,True,250

Model Num 0
Model States: 
['diamond'],['square']
Iteration: ,0
Error:,0.6754729974642347
Absolute Error:,1
Transition Probabilities
0.5,0.5
0.5,0.5

0.5,0.5
0.5,0.5

Transition Gammas
1.0,1.0
1.0,1.0

1.0,1.0
1.0,1.0

Iteration: ,2500
Error:,0.14349930709599382
Absolute Error:,1
Transition Probabilities
0.4264432029795158,0.5735567970204841
0.01694915254237288,0.9830508474576272

0.025,0.975
0.9782330345710627,0.02176696542893726

Transition Gammas
229.0,308.0
12.0,696.0

12.0,468.0
764.0,17.0

Iteration: ,2555
Error:,0.1458239318501621
Absolute Error:,1
Transition Probabilities
0.4264432029795158,0.5735567970204841
0.01662049861495845,0.9833795013850416

0.028,0.972
0.9750623441396509,0.02493765586034913


Model Num 1
Model States: 
['square'],"['diamond', 'x', 'square']","['diamond', 'x', 'diamond']"
Iteration: ,0
Error:,0.7246321010331115
Absolute Error:,1
Transition Probabilities
0.3333333333333333,0.3333333333333333,0.3333333333333333
0.3333333333333333,0.3333333333333333,0.3333333333333333
0.3333333333333333,0.3333333333333333,0.3333333333333333

0.3333333333333333,0.3333333333333333,0.3333333333333333
0.3333333333333333,0.3333333333333333,0.3333333333333333
0.3333333333333333,0.3333333333333333,0.3333333333333333

Transition Gammas
1.0,1.0,1.0
1.0,1.0,1.0
1.0,1.0,1.0

1.0,1.0,1.0
1.0,1.0,1.0
1.0,1.0,1.0

Iteration: ,2500
Error:,0.11640656389629678
Absolute Error:,1
Transition Probabilities
0.9736540664375716,0.023959644822405427,0.002386288740022979
0.9955357142857143,0.002232142857142857,0.002232142857142857
0.0032894736842105253,0.9933520577411245,0.003358468574665137

0.013719512195121956,0.2576490438896691,0.728631443915209
0.8676255533538615,0.043012464875839145,0.08936198177029943
0.9787910074776119,0.015516350105101858,0.005692642417286268

Transition Gammas
850.0,20.916769929959937,2.0832300700400608
446.0,1.0,1.0
1.0,301.97902555330194,1.020974446698202

9.0,169.01777279162286,477.9822272083769
38.70363216062046,1.918729355585406,3.9863202025484084
171.93966100969504,2.7256850101782146,1.0

Iteration: ,5000
Error:,0.1515061542664426
Absolute Error:,1
Transition Probabilities
0.9756838905775076,0.022205440658520707,0.0021106687639716928
0.9986468200270636,0.0006765899864682003,0.0006765899864682003
0.0024449877750611225,0.9876962221059599,0.009858790118979022

0.02541436464088398,0.6459153720565171,0.32867026330259896
0.885584276875825,0.08155751663906963,0.0328582064851054
0.9789662135451045,0.014763563142124861,0.006270223312770699

Transition Gammas
963.0,21.916769929959937,2.0832300700400608
1476.0,1.0,1.0
1.0,403.9677548413379,4.032245158662423

46.0,1169.1068234222957,594.893176577704
107.43807625560974,9.8944650675129,3.9863202025484084
180.73912835562072,2.7256850101782146,1.157623910268947

Iteration: ,7500
Error:,0.17096618282642123
Absolute Error:,1
Transition Probabilities
0.9757281553398058,0.022240598028003846,0.0020312466321903244
0.999219968798752,0.000390015600624025,0.000390015600624025
0.002079002079002078,0.9895233926337664,0.00839760528723154

0.030182421227197356,0.7482090422099202,0.22160853656288237
0.8432558995165611,0.1375673854314923,0.019176715051946586
0.9789662135451045,0.014763563142124861,0.006270223312770699

Transition Gammas
1005.0,22.907815968843963,2.0921840311560342
2562.0,1.0,1.0
1.0,475.9607518568419,4.039248143158373

91.0,2255.850262262909,668.1497377370902
176.25025947495982,28.753178473453584,4.0081557753946955
180.73912835562072,2.7256850101782146,1.157623910268947

Iteration: ,10000
Error:,0.15382341147328052
Absolute Error:,1
Transition Probabilities
0.9776380153738644,0.02087081369370483,0.0014911709324307355
0.9993072393488049,0.00034638032559750607,0.00034638032559750607
0.0017211703958691907,0.9913161850597841,0.006962644544346693

0.030393622321873485,0.7707931273896635,0.19881325028846297
0.9264271336303995,0.05810393461028933,0.015468931759311192
0.9789662135451045,0.014763563142124861,0.006270223312770699

Transition Gammas
1399.0,29.866134395691613,2.1338656043083826
2885.0,1.0,1.0
1.0,575.9547035197347,4.04529648026543

122.0,3093.9636133421054,798.0363866578892
701.1431205114744,43.9745043595689,11.707272694184187
180.73912835562072,2.7256850101782146,1.157623910268947

Iteration: ,12500
Error:,0.1463430867584172
Absolute Error:,1
Transition Probabilities
0.98058690744921,0.016639528379214417,0.0027735641715756496
0.9994028068080024,0.00029859659599880563,0.00029859659599880563
0.0011025358324145528,0.9911249069606606,0.0077725572069249505

0.029723991507431043,0.7308865374047009,0.23938947108786807
0.936461828474225,0.04922806931154578,0.014310102214229311
0.9789662135451045,0.014763563142124861,0.006270223312770699

Transition Gammas
2172.0,36.856555359959934,6.143444640040064
3347.0,1.0,1.0
1.0,898.9502906133196,7.0497093866809335

140.0,3442.475591176136,1127.524408823857
890.916607283767,46.833841124768966,13.614124278142967
180.73912835562072,2.7256850101782146,1.157623910268947

Iteration: ,14765
Error:,0.14174273957711717
Absolute Error:,1
Transition Probabilities
0.9817030260380014,0.016117620332141057,0.0021793536298575352
0.999474513925381,0.0002627430373095113,0.0002627430373095113
0.0008417508417508414,0.9873264868859652,0.011831762272283894

0.03004451038575671,0.7075761888846411,0.2623793007296022
0.9406207141564771,0.0439030198753996,0.01547626596812319
0.9789662135451045,0.014763563142124861,0.006270223312770699


Model Num 2
Model States: 
"['diamond', 'x', 'square']","['diamond', 'x', 'diamond']","['square', 'y', 'diamond', 'x', 'square']","['square', 'y', 'diamond', 'x', 'diamond']"
Iteration: ,0
Error:,0.6753314571992269
Absolute Error:,0.74
Transition Probabilities
0.25,0.25,0.25,0.25
0.25,0.25,0.25,0.25
0.25,0.25,0.25,0.25
0.25,0.25,0.25,0.25

0.25,0.25,0.25,0.25
0.25,0.25,0.25,0.25
0.25,0.25,0.25,0.25
0.25,0.25,0.25,0.25

Transition Gammas
1.0,1.0,1.0,1.0
1.0,1.0,1.0,1.0
1.0,1.0,1.0,1.0
1.0,1.0,1.0,1.0

1.0,1.0,1.0,1.0
1.0,1.0,1.0,1.0
1.0,1.0,1.0,1.0
1.0,1.0,1.0,1.0

Iteration: ,2500
Error:,0.059446519773601394
Absolute Error:,0.9774275635558165
Transition Probabilities
0.0020366598778004067,0.0020366598778004067,0.9697332381151962,0.026193442129202955
0.9816506151366486,0.013247344047024883,0.002551020408163267,0.002551020408163267
0.03126129180899002,0.008795624411823862,0.03426420305713639,0.9256788807220497
0.026913496959561467,0.004369811592096427,0.01408734641006348,0.9546293450382786

0.009980154977495125,0.02026733719506381,0.9488186151035654,0.020933892723875656
0.11106231883374655,0.051196548997992274,0.059632621140617716,0.7781085110276434
0.9383401315271699,0.003275502241397306,0.016538045167048186,0.041846321064384816
0.0025040851360992634,0.9695375932102227,0.019880629862756398,0.00807769179092163

Transition Gammas
1.0,1.0,476.1390199145615,12.860980085438655
384.80704113356603,5.192958866433751,1.0,1.0
11.630508021571096,3.272340148369223,12.747716599291762,344.3912591142721
6.158960493454514,1.0,3.2237880542820023,218.4600697121344

2.2698806709810384,4.60959143971899,215.7987565871577,4.761192443350429
2.626351476015765,1.2106728316114934,1.4101652495280157,18.40035808631912
310.29514622066057,1.083159946794889,5.4688859304793755,13.837956916898657
1.0273947725291657,397.78913291517006,8.15677346633692,3.314175784383419

Iteration: ,5000
Error:,0.04001150617329551
Absolute Error:,0.9818312910298215
Transition Probabilities
0.001084598698481561,0.001084598698481561,0.9716327513051763,0.02619805129786053
0.9868864170505308,0.010546188854475544,0.0012836970474967907,0.0012836970474967907
0.023238510638413274,0.005811173506514244,0.026024409885629724,0.9449259059694428
0.017959840516792107,0.003800138743744278,0.02357984679165494,0.9546601739478087

0.016118852742344543,0.011350825787775956,0.9603138165322439,0.012216504937635587
0.06153180066459859,0.028364398301241073,0.038636616820629174,0.8714671842135312
0.9553200937912617,0.001731952033226216,0.011601249479725566,0.03134670469578629
0.0012538375365433027,0.9726395909704156,0.02084176023357567,0.005264811259465307

Transition Gammas
1.0,1.0,895.8453967033732,24.154603296627428
768.7845188823636,8.21548111763645,1.0,1.0
17.622041562711342,4.4066826249461055,19.73462240267375,716.548657001762
9.048864470635113,1.914657339501452,11.880441680789321,480.99483519855016

7.841224163128135,5.521755850821228,467.1570627726425,5.942876657363706
2.626351476015765,1.2106728316114934,1.6491202031975662,37.1966869299719
602.1810615234216,1.09172697261793,7.3127873810070225,19.7592325668116
1.029476412060744,798.5959003117401,17.11234503749503,4.322728302195925

Iteration: ,7500
Error:,0.029488258913479917
Absolute Error:,0.9844259127227978
Transition Probabilities
0.0007451564828614009,0.0007451564828614009,0.974383604202218,0.024126082832059113
0.9891456111508561,0.009079765956508591,0.0008873114463176573,0.0008873114463176573
0.023822105596232792,0.0042707290499754465,0.019963443201512335,0.9519437221522794
0.017339119830714508,0.0024980995020772562,0.01780408495212471,0.9623586957150836

0.01956033944675315,0.011295296027093798,0.9587093886959861,0.010434975830166988
0.028658166062146814,0.013210594001639793,0.018365820682808422,0.9397654192534051
0.9654248070944516,0.001112408025489503,0.007891504653847886,0.025571280226211024
0.000844386552865308,0.9754994578667346,0.01838312112045624,0.005273034459943846

Transition Gammas
1.0,1.0,1307.6227968393766,32.37720316062333
1114.767103767015,10.232896232985183,1.0,1.0
25.998372806014878,4.660881278785781,21.78720251020539,1038.9084910602608
13.526632157810763,1.9488228576834756,13.889361767210348,750.757374532318

15.188104656610875,8.77050925695352,744.4133866095596,8.102492568148593
2.626351476015765,1.2106728316114934,1.6831188762719251,86.12394424027084
952.0734405278414,1.0970239508201887,7.782368892448993,25.217641565417576
1.0305495539962786,1190.5690916285057,22.43607173451483,6.435587223010834

Iteration: ,10000
Error:,0.027295876883408374
Absolute Error:,0.9856872171776041
Transition Probabilities
0.0005991611743559027,0.0005991611743559027,0.9775168042186149,0.021284873432673435
0.9880274216531518,0.010584653294800912,0.0006939625260235944,0.0006939625260235944
0.020984133740421997,0.004060575698957751,0.016255906964804123,0.9586993835958161
0.016748964077412564,0.0019046428907462105,0.019068600825468764,0.9622777922063724

0.021809312494241746,0.009648423270890062,0.9601203331104851,0.008421931124383077
0.03580305200782651,0.004559214800186481,0.010345716987790451,0.9492920162041965
0.9659168718840179,0.0008531249997639423,0.00649180074911171,0.026738202367106327
0.0006040381309038478,0.9792359201614665,0.015193402959799512,0.0049666387478301075

Transition Gammas
1.0,1.0,1631.4755462408655,35.5244537591319
1423.7475146021925,15.25248539780812,1.0,1.0
29.48306061814369,5.7051771094232935,22.839822523766752,1346.9887482981708
17.39442737494363,1.97804307688298,19.803457137251602,999.3615780469585

23.4448436622497,10.37198101650173,1032.1219943391452,9.05351136573097
9.507291113565424,1.2106728316114934,2.747244652773782,252.0789442158133
1245.963544149055,1.1004701121274938,8.373957743895735,34.49036491154149
1.032910456882772,1674.501939433041,25.98085119117868,8.492995451324406

Iteration: ,12500
Error:,0.02522894446062247
Absolute Error:,0.9860607393328105
Transition Probabilities
0.000511770726714433,0.000511770726714433,0.9781778896425288,0.020798568904042355
0.9863080491476817,0.012563919267433946,0.0005640157924421882,0.0005640157924421882
0.021547200714861936,0.003311818948052777,0.013665766645014581,0.9614752136920707
0.015326146726444724,0.0017428442899595584,0.017479090499561666,0.9654519184840341

0.022183009473825517,0.009865278194883321,0.9604707181028729,0.007480994228418247
0.024091818948590284,0.0036016170186205522,0.017353723450682784,0.9549528405821064
0.9641478464104508,0.0007497523841606685,0.0060366736641876565,0.029065727541200664
0.00043398726179053764,0.9795320871763066,0.01539778296996412,0.004636142591938938

Transition Gammas
1.0,1.0,1911.359596361497,40.64040363849867
1748.7241711388403,22.275828861160395,1.0,1.0
37.63159069901559,5.784000287165146,23.86688386017308,1679.1898951380974
17.39442737494363,1.97804307688298,19.83791331907872,1095.740735086006

28.93467630297695,12.867894752719469,1252.8015803980918,9.757925166967514
14.43118009708793,2.1573955850889126,10.395010397773037,572.0239080359048
1416.926108055235,1.1018473273046707,8.871585983873683,42.71542829875775
1.0360165657990352,2338.3439063613655,36.75766465505258,11.06742282443632

Iteration: ,15000
Error:,0.023776394666860486
Absolute Error:,0.9857242688363004
Transition Probabilities
0.00044903457566232685,0.00044903457566232685,0.9794594599227234,0.01964247092595191
0.9865910856222859,0.012461496092541147,0.0004737091425864519,0.0004737091425864519
0.02202219959817391,0.003758258862266369,0.01148140075969012,0.9627381407798696
0.014220086408390429,0.0016170663665141553,0.01623944417543455,0.9679234030496608

0.022225221616900877,0.009551316723077994,0.9612805495547725,0.0069429121052485545
0.018663569870005343,0.006487352912619166,0.01705989411080081,0.9577891831065747
0.9628951251045745,0.0006669494440239501,0.0056098636559117135,0.0308280617954897
0.0003390104732741303,0.9806185128415256,0.014052504810278189,0.0049899718749219935

Transition Gammas
1.0,1.0,2181.256217247901,43.74378275209482
2082.6937817486455,26.306218251354363,1.0,1.0
45.88527117430763,7.830676780017776,23.922550741160645,2005.9531502564407
17.39442737494363,1.97804307688298,19.86456510927918,1183.992336988994

34.59653496540523,14.867904071847228,1496.3619583863144,10.807572835553163
17.381277554287728,6.041635247288215,15.887783347554322,891.9836744000743
1592.8610400461755,1.1032954237366515,9.280069058925097,50.99705803250224
1.0379170340178077,3002.2690701016095,43.02325521787327,15.277335706567783

Iteration: ,15521
Error:,0.024003089328670554
Absolute Error:,0.9859094183467971
Transition Probabilities
0.00043859649122807116,0.00043859649122807116,0.9790519593380042,0.020070847679539643
0.9865663219468181,0.012517087769038945,0.00045829514207149406,0.00045829514207149406
0.02210650804559982,0.003643444290731068,0.011107128424446295,0.9631429192392228
0.014083539754684462,0.001601538683008822,0.01608617562617561,0.9682287459361312

0.021414431623777503,0.009202878711808192,0.9626870919422308,0.006695597722183558
0.018352135398492883,0.006036732051133394,0.01645766484995286,0.9591534677004209
0.9631853764118071,0.0006513895234376129,0.00549767588479624,0.030665558179959085
0.0003241390514499957,0.9808934369952542,0.013687571769272568,0.005094852184023131

*,*,*,*,*,*,*,*,*,*,*
Model Num 2
Model States: 
"['diamond', 'x', 'square']","['diamond', 'x', 'diamond']","['square', 'y', 'diamond', 'x', 'square']","['square', 'y', 'diamond', 'x', 'diamond']"
Iteration: ,15521
Error:,0.024515025951048118
Transition Probabilities
0.00043859649122807116,0.00043859649122807116,0.9790519593380042,0.020070847679539643
0.9865663219468181,0.012517087769038945,0.00045829514207149406,0.00045829514207149406
0.02210650804559982,0.003643444290731068,0.011107128424446295,0.9631429192392228
0.014083539754684462,0.001601538683008822,0.01608617562617561,0.9682287459361312

0.021414431623777503,0.009202878711808192,0.9626870919422308,0.006695597722183558
0.018352135398492883,0.006036732051133394,0.01645766484995286,0.9591534677004209
0.9631853764118071,0.0006513895234376129,0.00549767588479624,0.030665558179959085
0.0003241390514499957,0.9808934369952542,0.013687571769272568,0.005094852184023131

Transition Gammas
1.0,1.0,2232.2384672906446,45.761532709350284
2152.6877144879572,27.31228551204298,1.0,1.0
47.63192861513382,7.850370488696978,23.932045130829923,2075.242036451148
17.39442737494363,1.97804307688298,19.867861243976662,1195.8488346594024

34.59653496540523,14.867904071847228,1555.2893591694851,10.817213586589185
18.36704149652017,6.041635247288215,16.471032208040995,959.932517947289
1631.8514918500161,1.1035995682960509,9.314292776883804,51.95431543074481
1.0383422286613317,3142.1794840602483,43.84656434419449,16.320773901797946

