0,1,2,3,4,5,6,7,8,9,10,11,12,13,14,15,16,17,18,19,20,21,22,23,24,25,26,27,28,29
github Code Version (SHA):,cd93f48c3be2409aefa56252372b16f046dc3cc1
Environment Observations,Environment Actions,alpha,epsilon,numActions,explore,patience,gainThresh,insertRandActions,useBudd,revisedSplitting,haveControl,confidence_factor
"['diamond', 'square']","['x', 'y']",0.99,0.99,75000,0.5,0,0.01,False,True,False,True,250

Model Num 0
Model States: 
['diamond'],['square']
Iteration: ,0
Error:,0.6749537333118552
Absolute Error:,1
Transition Probabilities
0.5,0.5
0.5,0.5

0.5,0.5
0.5,0.5

Transition Gammas
1.0,1.0
1.0,1.0

1.0,1.0
1.0,1.0

Iteration: ,2430
Error:,0.14648310656324376
Absolute Error:,1
Transition Probabilities
0.45109780439121755,0.5489021956087824
0.022288261515601784,0.9777117384843982

0.026,0.974
0.9803149606299213,0.01968503937007874


Model Num 1
Model States: 
['square'],"['diamond', 'x', 'square']","['diamond', 'x', 'diamond']"
Iteration: ,0
Error:,0.7253427308271605
Absolute Error:,1
Transition Probabilities
0.3333333333333333,0.3333333333333333,0.3333333333333333
0.3333333333333333,0.3333333333333333,0.3333333333333333
0.3333333333333333,0.3333333333333333,0.3333333333333333

0.3333333333333333,0.3333333333333333,0.3333333333333333
0.3333333333333333,0.3333333333333333,0.3333333333333333
0.3333333333333333,0.3333333333333333,0.3333333333333333

Transition Gammas
1.0,1.0,1.0
1.0,1.0,1.0
1.0,1.0,1.0

1.0,1.0,1.0
1.0,1.0,1.0
1.0,1.0,1.0

Iteration: ,2500
Error:,0.1166839584868345
Absolute Error:,1
Transition Probabilities
0.9790697674418605,0.017122558749679703,0.0038076738084598313
0.9956896551724138,0.0021551724137931034,0.0021551724137931034
0.0032154340836012857,0.9806624892824386,0.016122076633960054

0.02544910179640719,0.28128282572827246,0.6932680724753204
0.8952326699008689,0.026369856288281972,0.07839747381084908
0.9874403590615711,0.006279820469214409,0.006279820469214409

Transition Gammas
842.0,14.725400524724545,3.274599475275455
462.0,1.0,1.0
1.0,304.98603416683846,5.013965833161578

17.0,187.89692758648596,463.1030724135139
33.94909172480721,1.0,2.972995868987224
157.24022110222805,1.0,1.0

Iteration: ,5000
Error:,0.15673081387029267
Absolute Error:,1
Transition Probabilities
0.9775641025641025,0.016800641586244173,0.005635255849653264
0.9986885245901639,0.0006557377049180328,0.0006557377049180328
0.002369668246445496,0.9785746845748723,0.019055647178682224

0.022416621104428644,0.6574919791476032,0.3200913997479682
0.8397843079098176,0.13211268744431895,0.028103004645863475
0.9881880404966639,0.005905979751668059,0.005905979751668059

Transition Gammas
915.0,15.725400524724545,5.274599475275455
1523.0,1.0,1.0
1.0,412.9585168905964,8.041483109403904

41.0,1202.5528298609665,585.4471701390339
88.84015462822308,13.97610251865268,2.972995868987224
167.3199167703825,1.0,1.0

Iteration: ,7500
Error:,0.1678992307530763
Absolute Error:,1
Transition Probabilities
0.9781312127236581,0.016525121382619218,0.00534366589372273
0.9992263056092844,0.00038684719535783365,0.00038684719535783365
0.0019646365422396847,0.9821789121714382,0.01585645128632211

0.02426861702127659,0.7514657559931424,0.2242656269855811
0.8425929600685006,0.1427540053899379,0.014653034541561439
0.9881880404966639,0.005905979751668059,0.005905979751668059

Transition Gammas
984.0,16.624272110914934,5.375727889085066
2583.0,1.0,1.0
1.0,499.9290662952623,8.070933704737959

73.0,2260.4089940273725,674.5910059726281
170.95608301585509,28.963766317610833,2.972995868987224
167.3199167703825,1.0,1.0

Iteration: ,10000
Error:,0.144718712871561
Absolute Error:,1
Transition Probabilities
0.9814418272662384,0.014590194389077812,0.0039679783446837855
0.9993122420907841,0.000343878954607978,0.000343878954607978
0.0016420361247947443,0.9850675527178536,0.013290411157351658

0.023684866616803784,0.7748881412563043,0.20142699212689189
0.9344828574200343,0.053984160949403316,0.011532981630562355
0.9881880404966639,0.005905979751668059,0.005905979751668059

Transition Gammas
1375.0,20.440862339098015,5.559137660901984
2906.0,1.0,1.0
1.0,599.9061396051733,8.093860394827166

95.0,3108.0763345790374,807.9236654209635
702.1813520894461,40.564330127489846,8.666017327839535
167.3199167703825,1.0,1.0

Iteration: ,12500
Error:,0.14097940773349826
Absolute Error:,1
Transition Probabilities
0.9827425373134329,0.014607509290349216,0.0026499533962179474
0.9994038748137108,0.00029806259314456036,0.00029806259314456036
0.0010905125408942201,0.9835162321628431,0.015393255296262688

0.023452355799704186,0.7397233268194935,0.23682431738080226
0.9413672411427624,0.04695333883154886,0.011679420025688699
0.9881880404966639,0.005905979751668059,0.005905979751668059

Transition Gammas
2107.0,31.31849991850872,5.681500081491279
3353.0,1.0,1.0
1.0,901.8843848933273,14.115615106672886

111.0,3501.110505836665,1120.889494163338
927.1575290800432,46.24458947633477,11.503121989841258
167.3199167703825,1.0,1.0

Iteration: ,15000
Error:,0.1344194045112882
Absolute Error:,1
Transition Probabilities
0.9848380427291523,0.01284699505556965,0.002314962215278043
0.9994724347137959,0.0002637826431020839,0.0002637826431020839
0.0008071025020177562,0.9845554772924582,0.014637420205523962

0.02404993574444648,0.708299922300309,0.2676501419552446
0.9472978895984823,0.04311733197958174,0.009584778421936061
0.9881880404966639,0.005905979751668059,0.005905979751668059

Transition Gammas
2858.0,37.28197965126312,6.718020348736881
3789.0,1.0,1.0
1.0,1219.8642363653557,18.13576363464419

131.0,3858.1096767697836,1457.8903232302175
1142.2647815539217,51.99146998598334,11.557457216563694
167.3199167703825,1.0,1.0

Iteration: ,16179
Error:,0.13273539182106753
Absolute Error:,1
Transition Probabilities
0.9841664079478423,0.013740594429335052,0.002092997622822663
0.9995037220843672,0.00024813895781637717,0.00024813895781637717
0.0007225433526011558,0.9825533980035354,0.016724058643863504

0.024465885596140585,0.6987145865307349,0.27681952787312447
0.9483193433359545,0.042141721941484654,0.009538934722560719
0.9881880404966639,0.005905979751668059,0.005905979751668059


Model Num 2
Model States: 
"['diamond', 'x', 'square']","['diamond', 'x', 'diamond']","['square', 'y', 'diamond', 'x', 'square']","['square', 'y', 'diamond', 'x', 'diamond']"
Iteration: ,0
Error:,0.6745381272926984
Absolute Error:,0.74
Transition Probabilities
0.25,0.25,0.25,0.25
0.25,0.25,0.25,0.25
0.25,0.25,0.25,0.25
0.25,0.25,0.25,0.25

0.25,0.25,0.25,0.25
0.25,0.25,0.25,0.25
0.25,0.25,0.25,0.25
0.25,0.25,0.25,0.25

Transition Gammas
1.0,1.0,1.0,1.0
1.0,1.0,1.0,1.0
1.0,1.0,1.0,1.0
1.0,1.0,1.0,1.0

1.0,1.0,1.0,1.0
1.0,1.0,1.0,1.0
1.0,1.0,1.0,1.0
1.0,1.0,1.0,1.0

Iteration: ,2500
Error:,0.039158679977444606
Absolute Error:,0.9735540574187578
Transition Probabilities
0.002202643171806168,0.002202643171806168,0.9840352426777996,0.011559470978588022
0.9781875263128602,0.016723415162966757,0.002544529262086514,0.002544529262086514
0.013899950173945168,0.006733082092903659,0.01769806000604037,0.9616689077271108
0.025211886407788837,0.004335834123928206,0.03163595615235405,0.938816323315929

0.021849161275092267,0.0055217521639384015,0.9656274691317868,0.007001617429182549
0.03894838538884181,0.03894838538884181,0.05067626819348448,0.8714269610288319
0.9404371489695542,0.0034115099302442155,0.051012462565242646,0.005138878534958915
0.0025595190290346823,0.9836030050950035,0.007202724568851985,0.006634751307109787

Transition Gammas
1.0,1.0,446.75200017572087,5.24799982427896
384.42769784095407,6.572302159045935,1.0,1.0
5.477368806813969,2.653216261056627,6.974039518495166,378.9520977953482
5.814771895597154,1.0,7.296394476385623,216.52496301343152

5.634128419447939,1.423865218453889,249.00128192275483,1.8054702989825786
1.0,1.0,1.3011134527800619,22.373891814228685
308.28953975851806,1.118344620295994,16.72265778039402,1.6846022088273551
1.050883913823157,403.8464117347453,2.95728505990444,2.7240873546028874

Iteration: ,5000
Error:,0.029110632853055818
Absolute Error:,0.9788868971797777
Transition Probabilities
0.001096491228070176,0.001096491228070176,0.986507712756697,0.011299304787162578
0.9850177736518428,0.012401581186866803,0.0012903225806451606,0.0012903225806451606
0.011803576652038548,0.0046754747571798455,0.021498553041785537,0.9620223955489962
0.016515471926360728,0.004141362604881834,0.021770174122930204,0.9575729913458273

0.025202750413633256,0.00289493675772086,0.9656372592755704,0.006265053553075451
0.04141370648684963,0.02100479011432611,0.028510727018808458,0.9090707763800158
0.9598205746768277,0.0017092561684688575,0.03423985337852972,0.0042303157761737565
0.0012904343108280946,0.9861139613875705,0.006956601196156312,0.005639003105445106

Transition Gammas
1.0,1.0,899.6950340341072,10.304965965892265
763.3887745801786,9.611225419821778,1.0,1.0
9.204935328647759,3.6461357467554327,16.765493734897902,750.2263251884699
7.777390032673577,1.9502314186666103,10.251910208087835,450.9358661779117

12.962304281982702,1.4889268240491442,496.64753946771003,3.222248729406578
1.9716315307813441,1.0,1.3573440564570554,43.27921257161208
631.2059188915076,1.1240565569274514,22.51712318396827,2.7819786605429413
1.0518988108817544,803.8317756072628,5.670680378391021,4.5966389853426755

Iteration: ,7500
Error:,0.025359261101557732
Absolute Error:,0.9811365805700043
Transition Probabilities
0.0007479431563201199,0.0007479431563201199,0.9832853585695991,0.015218755117760689
0.9895377921704409,0.008663646678479976,0.0008992805755395684,0.0008992805755395684
0.01685776943238861,0.00431199071769419,0.021031433843117057,0.9577988060068001
0.013391904053138814,0.004017978938927474,0.019549624722857546,0.9630404922850762

0.02713175051201439,0.002354465664977185,0.9645762384156437,0.0059375454073647095
0.03936255627858427,0.010001296835200773,0.018268473156344178,0.9323676737298707
0.9659987118729361,0.0010890285159635602,0.030122369828263367,0.002789889782837099
0.0008740542602242998,0.9875210045192907,0.006684858300341266,0.00492008292014376

Transition Gammas
1.0,1.0,1314.6525244075535,20.347475592446035
1100.3660248935303,9.633975106469734,1.0,1.0
18.92058185182112,4.839630393904718,23.604959546149992,1075.0005081817305
9.732056742241467,2.919913319839554,14.206945953124812,699.853036491686

22.0605499635628,1.914392048412875,784.2871137935254,4.827757687882669
3.9357452265633186,1.0,1.8266104343634797,93.22467766862894
1000.1284165225167,1.1275049871513358,31.186623406397842,2.8884593907701137
1.0530939068411707,1189.8029676899746,8.054172223105992,5.927903541168119

Iteration: ,10000
Error:,0.024273624328973006
Absolute Error:,0.9826533913913293
Transition Probabilities
0.0006075334143377884,0.0006075334143377884,0.9845653898956105,0.014219543275713922
0.9884061052041588,0.010201137135673983,0.0006963788300835655,0.0006963788300835655
0.018203773497708138,0.0034120699196098624,0.016255650249075396,0.9621285063336067
0.012407693988407088,0.002946287497317949,0.02178434190520703,0.9628616766090679

0.026284905075973836,0.002672887680210585,0.9655906080013933,0.005451599242422176
0.029053188644543575,0.0042170795484563145,0.01290542739895939,0.9538243044080408
0.9697884247445742,0.0008512020602678288,0.027163154393856154,0.0021972188013020355
0.0006299785664642994,0.9826424129756349,0.010937347620836512,0.005790260837064265

Transition Gammas
1.0,1.0,1620.5946317681753,23.405368231825122
1419.351167073172,14.64883292682784,1.0,1.0
26.56620966585148,4.979504106130135,23.723158982727288,1404.1103965597647
12.57858286134491,2.986866169731847,22.084373614511858,976.1229922785616

29.641639506150817,3.014230898998159,1088.9021143570508,6.147800001895045
6.889409675750285,1.0,3.0602760158232,226.1812454444198
1288.6743819425983,1.1310944335232929,36.09494638929469,2.9197085761322903
1.055098134917011,1645.7451608866725,18.318043962115617,9.697621054248563

Iteration: ,12500
Error:,0.021329219746923644
Absolute Error:,0.9825431875597372
Transition Probabilities
0.0005243838489774513,0.0005243838489774513,0.9850796498267069,0.013871582475338186
0.9894535021650062,0.009416554332168968,0.000564971751412429,0.000564971751412429
0.019018896551840237,0.003333864304083142,0.013166823310726687,0.9644804158333499
0.012307698036002686,0.004497701421055586,0.02008697534050122,0.9631076252024406

0.026892354693932613,0.0021890394034175687,0.9655846103893059,0.005333995513344001
0.015541629405677734,0.0034884899642686016,0.013147713711054209,0.9678221669189995
0.9685055978893856,0.0007503520265128111,0.028771022537980685,0.001973027546120817
0.0004504468886985283,0.9843674426742638,0.010052620901785521,0.005129489535252161

Transition Gammas
1.0,1.0,1878.546892219531,26.45310778046993
1751.332698832062,16.667301167939083,1.0,1.0
34.38076459104663,6.026680018199346,23.801877854695956,1743.5067296915654
13.555932065519434,4.953853656180685,22.12417564365561,1060.785006329935

37.365834917760324,3.041581367920447,1341.640609815286,7.411370185767103
8.850456522846763,1.9865824845795916,7.487198770291822,551.143498958655
1461.6036179298046,1.1323808959515616,43.419295381145865,2.977560693474393
1.0582633786559872,2312.6367211309894,23.61725838668469,12.051034345115719

Iteration: ,15000
Error:,0.022197359278348257
Absolute Error:,0.9823522220599806
Transition Probabilities
0.0004599816007359704,0.0004599816007359704,0.9864321850707649,0.012647851727763157
0.9901609738544903,0.008887551359591525,0.0004757373929590865,0.0004757373929590865
0.019721328817593985,0.0037643778139173035,0.011031662528907716,0.965482630839581
0.013815434685128516,0.004148208216854629,0.01855621402194772,0.9634801430760691

0.02628567487691629,0.002809448965165522,0.9660714701944344,0.004833405963483815
0.014102024485716605,0.0032965675497019405,0.015009282434139177,0.9675921255304424
0.9658403711351045,0.0006718424929781613,0.031692880827528455,0.0017949055443888997
0.00035075588727556174,0.9846914336302178,0.010461687124468252,0.004496123358038298

Transition Gammas
1.0,1.0,2144.503570343844,27.496429656157115
2081.318367042139,18.68163295786139,1.0,1.0
42.64675117943351,8.140348221986438,23.85562206873667,2087.8257193677177
16.498603264072308,4.953853656180685,22.16011440891431,1150.6027132490342

43.10964987516513,4.607618476510625,1584.399222370429,7.92699596894531
12.725088001070034,2.97468723117859,13.54376033035445,873.1154139597711
1629.5225539310418,1.1335025204118643,53.47080703078436,3.028284128691129
1.0602759504960957,2976.5562991603256,31.623917550880627,13.59102338671963

Iteration: ,15725
Error:,0.0222149437368946
Absolute Error:,0.9823829509611315
Transition Probabilities
0.00044189129474149334,0.00044189129474149334,0.9869604429136151,0.012155774496901904
0.9905635342028324,0.008524057038043438,0.0004562043795620438,0.0004562043795620438
0.018850871989087352,0.0035982263135031973,0.010550328744075339,0.9670005729533341
0.013469971891748356,0.004044479913635931,0.018100918744947698,0.964384629449668

0.025941997985090594,0.002710335006017293,0.9666827733276568,0.0046648936812353015
0.0156309539203855,0.002973369642410009,0.015717578603779238,0.9656780978334253
0.9648526713563247,0.0006493570652487846,0.032754274889765754,0.001743696688660893
0.00032977358756198,0.9844369104442899,0.010838626097700695,0.004394689870447354

*,*,*,*,*,*,*,*,*,*,*
Model Num 2
Model States: 
"['diamond', 'x', 'square']","['diamond', 'x', 'diamond']","['square', 'y', 'diamond', 'x', 'square']","['square', 'y', 'diamond', 'x', 'diamond']"
Iteration: ,15725
Error:,0.02252395250793453
Transition Probabilities
0.00044189129474149334,0.00044189129474149334,0.9869604429136151,0.012155774496901904
0.9905635342028324,0.008524057038043438,0.0004562043795620438,0.0004562043795620438
0.018850871989087352,0.0035982263135031973,0.010550328744075339,0.9670005729533341
0.013469971891748356,0.004044479913635931,0.018100918744947698,0.964384629449668

0.025941997985090594,0.002710335006017293,0.9666827733276568,0.0046648936812353015
0.0156309539203855,0.002973369642410009,0.015717578603779238,0.9656780978334253
0.9648526713563247,0.0006493570652487846,0.032754274889765754,0.001743696688660893
0.00032977358756198,0.9844369104442899,0.010838626097700695,0.004394689870447354

Transition Gammas
1.0,1.0,2233.4914823135123,27.508517686489025
2171.3152669726087,18.684733027391218,1.0,1.0
42.64675117943351,8.140348221986438,23.868245727320836,2187.6671195361
16.498603264072308,4.953853656180685,22.170786953983708,1181.2199404073338

44.10186525589309,4.607618476510625,1643.3781792362777,7.930403536425527
15.637880462257035,2.97468723117859,15.724543531631545,966.1060185996905
1684.518093035881,1.1337002609057332,57.18507116585968,3.04428718291984
1.060748178554092,3166.535159396101,34.86347398578129,14.135938872032934

