0,1,2,3,4,5,6,7,8,9,10,11,12,13,14,15,16,17,18,19,20,21,22,23,24,25,26,27,28,29
github Code Version (SHA):,cd93f48c3be2409aefa56252372b16f046dc3cc1
Environment Observations,Environment Actions,alpha,epsilon,numActions,explore,patience,gainThresh,insertRandActions,useBudd,revisedSplitting,haveControl,confidence_factor
"['diamond', 'square']","['x', 'y']",0.99,0.99,75000,0.5,0,0.01,False,True,False,True,250

Model Num 0
Model States: 
['diamond'],['square']
Iteration: ,0
Error:,0.6741028286762026
Absolute Error:,1
Transition Probabilities
0.5,0.5
0.5,0.5

0.5,0.5
0.5,0.5

Transition Gammas
1.0,1.0
1.0,1.0

1.0,1.0
1.0,1.0

Iteration: ,2500
Error:,0.14601194928364772
Absolute Error:,1
Transition Probabilities
0.4490566037735849,0.5509433962264151
0.012430939226519336,0.9875690607734806

0.018711018711018712,0.9812889812889813
0.9792477302204928,0.020752269779507133

Transition Gammas
238.0,292.0
9.0,715.0

9.0,472.0
755.0,16.0

Iteration: ,2548
Error:,0.14399453713003246
Absolute Error:,1
Transition Probabilities
0.4490566037735849,0.5509433962264151
0.01226158038147139,0.9877384196185286

0.018,0.982
0.979746835443038,0.020253164556962026


Model Num 1
Model States: 
['square'],"['diamond', 'x', 'square']","['diamond', 'x', 'diamond']"
Iteration: ,0
Error:,0.7223629365243595
Absolute Error:,1
Transition Probabilities
0.3333333333333333,0.3333333333333333,0.3333333333333333
0.3333333333333333,0.3333333333333333,0.3333333333333333
0.3333333333333333,0.3333333333333333,0.3333333333333333

0.3333333333333333,0.3333333333333333,0.3333333333333333
0.3333333333333333,0.3333333333333333,0.3333333333333333
0.3333333333333333,0.3333333333333333,0.3333333333333333

Transition Gammas
1.0,1.0,1.0
1.0,1.0,1.0
1.0,1.0,1.0

1.0,1.0,1.0
1.0,1.0,1.0
1.0,1.0,1.0

Iteration: ,2500
Error:,0.12001111764762905
Absolute Error:,1
Transition Probabilities
0.9840182648401826,0.012501986503232127,0.0034797486565852254
0.9957264957264957,0.002136752136752137,0.002136752136752137
0.0030303030303030307,0.9785443066968271,0.018425390272869914

0.021604938271604934,0.26718849806014594,0.7112065636682492
0.8059054209606024,0.0829664704588557,0.111128108580542
0.9829020679522611,0.008983851737468474,0.008114080310270402

Transition Gammas
862.0,10.951740176831343,3.0482598231686575
466.0,1.0,1.0
1.0,322.9196212099529,6.080378790047071

14.0,173.1381467429746,460.86185325702553
28.466424521838846,2.930565681448426,3.9252992136373264
138.7516404272935,1.268207898398566,1.1454263759505106

Iteration: ,5000
Error:,0.15171892287552788
Absolute Error:,1
Transition Probabilities
0.9808467741935484,0.0150723187266445,0.004080907079807115
0.9986468200270636,0.0006765899864682003,0.0006765899864682003
0.0022522522522522527,0.9817386948114747,0.01600905293627308

0.028428093645484948,0.6410795776018511,0.3304923287526639
0.8590215756862585,0.09976451003540901,0.04121391427833256
0.9847434916566666,0.00801630329359527,0.007240205049738045

Transition Gammas
973.0,14.951740176831343,4.0482598231686575
1476.0,1.0,1.0
1.0,435.89198049629465,7.108019503705246

51.0,1150.0967622177209,592.903237782279
102.59162229605705,11.914721610952899,4.9221142363123125
155.7899480940747,1.268207898398566,1.1454263759505106

Iteration: ,7500
Error:,0.1673739932163931
Absolute Error:,1
Transition Probabilities
0.9803149606299213,0.015633306010924122,0.004051733359154619
0.9992406985573272,0.00037965072133637056,0.00037965072133637056
0.0020618556701030924,0.9832600188964775,0.01467812543341936

0.025182239893969515,0.764619810589984,0.21019794951604648
0.8425083846647625,0.1229850851773132,0.03450653015792421
0.9847434916566666,0.00801630329359527,0.007240205049738045

Transition Gammas
996.0,15.883438907098908,4.116561092901093
2632.0,1.0,1.0
1.0,476.88110916479167,7.11889083520839

76.0,2307.6225883605716,634.3774116394283
143.19986836317216,20.903587820116986,5.865022433279109
155.7899480940747,1.268207898398566,1.1454263759505106

Iteration: ,10000
Error:,0.14383947610767472
Absolute Error:,1
Transition Probabilities
0.982421875,0.01472135380947738,0.0028567711905226217
0.9992854590925331,0.0003572704537334762,0.0003572704537334762
0.0015898251192368825,0.9854675202975927,0.012942654583170421

0.026663280853224985,0.7668248143022169,0.20651190484455806
0.942604867098288,0.042795633296846984,0.014599499604865148
0.9847434916566666,0.00801630329359527,0.007240205049738045

Transition Gammas
1509.0,22.611999451357256,4.388000548642747
2797.0,1.0,1.0
1.0,619.8590702671863,8.140929732814202

105.0,3019.756118722131,813.2438812778697
734.6052002924545,33.35214559887754,11.377904682814735
155.7899480940747,1.268207898398566,1.1454263759505106

Iteration: ,12500
Error:,0.1401861677718996
Absolute Error:,1
Transition Probabilities
0.9813449023861172,0.016278033583543038,0.00237706403033983
0.9993889398105713,0.00030553009471432935,0.00030553009471432935
0.0010649627263045788,0.9827948073542923,0.016140229919403122

0.024353448275862073,0.7332062713336109,0.24244028039052704
0.9458823385169471,0.03859673816521615,0.015520923317836725
0.9847434916566666,0.00801630329359527,0.007240205049738045

Transition Gammas
2262.0,37.5208674100667,5.479132589933308
3271.0,1.0,1.0
1.0,922.8443241056809,15.155675894319538

113.0,3402.077098987954,1124.9229010120453
931.15414340266,37.995754018114255,15.279249298066567
155.7899480940747,1.268207898398566,1.1454263759505106

Iteration: ,14091
Error:,0.137287068021782
Absolute Error:,1
Transition Probabilities
0.9803636363636363,0.017280315421842437,0.0023560482145212032
0.999442741710783,0.00027862914460852607,0.00027862914460852607
0.0008795074758135446,0.9840207542030068,0.015099738321179607

0.024638247946812672,0.7150634660957311,0.26029828595745624
0.9513451153931486,0.034939232752446106,0.01371565185440528
0.9847434916566666,0.00801630329359527,0.007240205049738045


Model Num 2
Model States: 
"['diamond', 'x', 'square']","['diamond', 'x', 'diamond']","['square', 'y', 'diamond', 'x', 'square']","['square', 'y', 'diamond', 'x', 'diamond']"
Iteration: ,0
Error:,0.6754724187094047
Absolute Error:,0.74
Transition Probabilities
0.25,0.25,0.25,0.25
0.25,0.25,0.25,0.25
0.25,0.25,0.25,0.25
0.25,0.25,0.25,0.25

0.25,0.25,0.25,0.25
0.25,0.25,0.25,0.25
0.25,0.25,0.25,0.25
0.25,0.25,0.25,0.25

Transition Gammas
1.0,1.0,1.0,1.0
1.0,1.0,1.0,1.0
1.0,1.0,1.0,1.0
1.0,1.0,1.0,1.0

1.0,1.0,1.0,1.0
1.0,1.0,1.0,1.0
1.0,1.0,1.0,1.0
1.0,1.0,1.0,1.0

Iteration: ,2500
Error:,0.04628591047224084
Absolute Error:,0.974835437172745
Transition Probabilities
0.002074688796680498,0.002074688796680498,0.9805384151434877,0.015312207263151271
0.9756351190733782,0.019196922270291086,0.002583979328165375,0.002583979328165375
0.02160616323467254,0.005442551180636997,0.021957765349538916,0.9509935202351515
0.01877763929268291,0.011392591398870977,0.030911975058256647,0.9389177942501895

0.016821081440417003,0.011918156906957453,0.9600882595773896,0.01117250207523595
0.06389588889647012,0.06389588889647012,0.12953199941165583,0.7426762227954039
0.9670563828673504,0.0036199927255352866,0.01466181220355727,0.01466181220355727
0.002560035910556809,0.9829895534137646,0.007225205337839301,0.007225205337839301

Transition Gammas
1.0,1.0,472.6195160991611,7.380483900838913
377.5707910813974,7.42920891860265,1.0,1.0
8.26754859802466,2.0825796738841875,8.402088337461654,363.8954801717633
4.8804413569190155,2.961015139277693,8.03424110703586,244.03138021675616

3.8052108339667017,2.696087046716379,217.1880719945881,2.52740741371438
1.0,1.0,2.027235267382151,11.62322389784349
314.95087041402877,1.178959034859273,4.775058204637072,4.775058204637072
1.0077796993565256,386.9621174159487,2.844262939098047,2.844262939098047

Iteration: ,5000
Error:,0.03117565645972206
Absolute Error:,0.9808043183013979
Transition Probabilities
0.001038421599169263,0.001038421599169263,0.9849808326335407,0.012942324168120679
0.9836879253721473,0.013694273580732132,0.001308900523560209,0.001308900523560209
0.024539604894272805,0.0044529373086707414,0.023817007434802157,0.9471904503622542
0.01163594338184033,0.005896044533414903,0.02372310911607197,0.9587449029686728

0.014944919857897754,0.010969619710658757,0.9648085931685653,0.009276867262878354
0.027364217757425903,0.027364217757425903,0.06514840102814308,0.8801231634570051
0.963076364469625,0.0018006387571997558,0.018004798894763325,0.01711819787841194
0.0012640504011732486,0.9759825151452597,0.014276899287420994,0.00847653516614608

Transition Gammas
1.0,1.0,948.5365418260996,12.46345817390021
751.5375749843208,10.462425015679353,1.0,1.0
18.731404655364564,3.398985883963777,18.17983646693615,723.002985902726
5.843613344190927,2.961015139277693,11.913832204849575,481.4851984761617

6.726802195889402,4.937494657673649,434.266401215229,4.175576160211187
1.0,1.0,2.380787991298,32.16328605695895
634.4179785311704,1.1861547459288495,11.860500932308222,11.27646040830773
1.008854296571738,778.94374533586,11.394570322882688,6.765227806162326

Iteration: ,7500
Error:,0.028646394997138554
Absolute Error:,0.9810213974592894
Transition Probabilities
0.0007262164124909226,0.0007262164124909226,0.9850972018395576,0.013450365335460476
0.985043590584854,0.013143172787766163,0.0009066183136899368,0.0009066183136899368
0.024206422202843563,0.004100851979379223,0.01833540280326534,0.9533573230145119
0.015986590830191386,0.0040255627873548635,0.018034731560291947,0.9619531148221618

0.02373456204553624,0.008821269855462806,0.9595112502626256,0.007932917836375479
0.010735562960708902,0.021325452267614887,0.03411205833472979,0.9338269264369463
0.9636700371673128,0.001167278111886111,0.01934956758808196,0.01581311713271898
0.0008453443774070684,0.9766345655116889,0.015172225061507855,0.0073478650493960795

Transition Gammas
1.0,1.0,1356.4788469330701,18.521153066929067
1086.5030804150938,14.496919584906074,1.0,1.0
26.706219540293297,4.524346983036699,20.228899939049693,1051.8105383529573
12.342221036595154,3.1078787369971748,13.923459079994297,742.6622784111241

17.636372541162984,6.554795540722103,712.9812563889845,5.894690368936766
1.0,1.986430739185633,3.1774820248902222,86.98443946113125
982.9208032982416,1.190596257179623,19.736104458593886,16.129008058017202
1.0100466895013998,1166.916745543934,18.128299075876768,8.779483209919901

Iteration: ,10000
Error:,0.027429263359627355
Absolute Error:,0.9821720085245078
Transition Probabilities
0.0005861664712778429,0.0005861664712778429,0.9844219310665057,0.014405735990938664
0.9834625032028224,0.015132015419805963,0.0007027406886858752,0.0007027406886858752
0.023483702734164256,0.003956081783201585,0.014296207311959967,0.9582640081706741
0.01662240757788154,0.003977529056180961,0.017337465419006385,0.962062597946931

0.029416404295242716,0.008590838426252816,0.9541149339763,0.007877823302204651
0.015615125812150061,0.011925494602862172,0.027682476038175776,0.944776903546812
0.968556788677869,0.0008998347045592394,0.01653923505305709,0.014004141564514683
0.000606229817794435,0.9786306489819611,0.014704479695798887,0.006058641504445514

Transition Gammas
1.0,1.0,1679.423814399459,24.576185600541365
1399.4671420576155,21.532857942383874,1.0,1.0
33.369577151525704,5.621463436864135,20.314445224884665,1361.6619625175804
17.15699746717033,4.105449563954825,17.895052138948678,993.0032986436037

30.92693893154615,9.03197864405435,1003.1088096492231,8.282350138225288
3.8992496788013282,2.977912670007146,6.912585085692619,235.92003561235333
1284.7793169328484,1.19362027151161,21.939102964798664,18.576330932591397
1.0121202963154454,1633.8555335905014,24.549604638422714,10.115098028430795

Iteration: ,12500
Error:,0.02569967147985626
Absolute Error:,0.9831980810402263
Transition Probabilities
0.0005050505050505055,0.0005050505050505055,0.9840245161426164,0.01496538284728254
0.9825780466767385,0.016282352183660382,0.0005698005698005697,0.0005698005698005697
0.02213676107268729,0.003201145266439824,0.011555283713606106,0.9631068099472668
0.016297646605262707,0.003688573194817137,0.016099233071163933,0.9639145471287563

0.026720807220167564,0.007751998603854593,0.9588983591527452,0.006628835023232591
0.014997210290061723,0.006790095690289481,0.02893742232799747,0.9492752716916513
0.9655387500859447,0.0007862176036835833,0.01884214233805627,0.014832889972315537
0.00043344714040401984,0.9806388775555381,0.013791120896094463,0.0051365544079632645

Transition Gammas
1.0,1.0,1948.3685419623787,29.631458037619403
1724.4244719176766,28.575528082323977,1.0,1.0
39.03270033329671,5.64442754285592,20.374883433868938,1698.2005352179306
18.139579348209917,4.105449563954825,17.91874144855996,1072.854556000115

34.77122525501697,10.087512978566178,1247.7942963340306,8.625963799372101
8.750399069844734,3.9618066202511906,16.884073005925103,553.872173142879
1468.3247274210248,1.1956254977022425,28.653830320214468,22.55683588413994
1.0147437931481518,2295.7752435319194,32.28641517123237,12.02519573387907

Iteration: ,15000
Error:,0.024417354108632387
Absolute Error:,0.9836596525069354
Transition Probabilities
0.0004428697962798939,0.0004428697962798939,0.9855261968806994,0.013588063526740917
0.9838627108543566,0.015177135521063602,0.00048007681228996637,0.00048007681228996637
0.022064525130518306,0.0031846157773965404,0.009671687382138482,0.9650791717099467
0.016800878173164408,0.003429546627762793,0.014986196401825493,0.9647833787972473

0.024947549695128336,0.00655347096616919,0.9625996452732215,0.00589933406548097
0.011727753890877907,0.004340861957083587,0.025397359386675915,0.9585340247653626
0.9647590402842312,0.0006984083167839125,0.02014150644690298,0.014401044952081868
0.00033728327018287647,0.9798638628300966,0.01466840593025167,0.005130447969468806

Transition Gammas
1.0,1.0,2225.3181525566183,30.68184744338098
2049.3860267096247,31.613973290375483,1.0,1.0
46.57510676008832,6.722275641316797,20.415570682291744,2037.1462874656715
20.11203387984573,4.105449563954825,17.939710451859547,1154.9251057647314

38.651006497877724,10.153231559511493,1491.3466692713077,9.139783348846573
10.703655970846174,3.9618066202511906,23.17959602259101,874.8323449573145
1653.9129054135187,1.1973005487844257,34.52913738666617,24.688106670315605
1.0163682773155733,2952.7184841644407,44.20172532782896,15.4600747370568

Iteration: ,15641
Error:,0.024833236619227542
Absolute Error:,0.9837388899081356
Transition Probabilities
0.000430292598967298,0.000430292598967298,0.9855025024730972,0.013636912328968225
0.983597744216946,0.015481445469978376,0.0004604051565377529,0.0004604051565377529
0.022400163617519394,0.0030522272111856777,0.009273555736790073,0.9652740534345049
0.016608545407556765,0.0033902859307385403,0.014817359450197132,0.9651838092115075

0.025041553485582638,0.006356144828157354,0.9629311591221652,0.005671142564094722
0.012653518566981194,0.0039593169706781195,0.02316678831650688,0.9602203761458339
0.9651310346749079,0.0006819240185758977,0.019982241971882638,0.01420479933463359
0.0003184851613525901,0.9794638877774035,0.015002843254001965,0.005214783807242077

*,*,*,*,*,*,*,*,*,*,*
Model Num 2
Model States: 
"['diamond', 'x', 'square']","['diamond', 'x', 'diamond']","['square', 'y', 'diamond', 'x', 'square']","['square', 'y', 'diamond', 'x', 'diamond']"
Iteration: ,15641
Error:,0.023605245455205964
Transition Probabilities
0.000430292598967298,0.000430292598967298,0.9855025024730972,0.013636912328968225
0.983597744216946,0.015481445469978376,0.0004604051565377529,0.0004604051565377529
0.022400163617519394,0.0030522272111856777,0.009273555736790073,0.9652740534345049
0.016608545407556765,0.0033902859307385403,0.014817359450197132,0.9651838092115075

0.025041553485582638,0.006356144828157354,0.9629311591221652,0.005671142564094722
0.012653518566981194,0.0039593169706781195,0.02316678831650688,0.9602203761458339
0.9651310346749079,0.0006819240185758977,0.019982241971882638,0.01420479933463359
0.0003184851613525901,0.9794638877774035,0.015002843254001965,0.005214783807242077

Transition Gammas
1.0,1.0,2290.3078157474765,31.692184252522136
2136.374300439208,33.62569956079305,1.0,1.0
49.33449046510091,6.722275641316797,20.424232380000632,2125.935524333795
20.11203387984573,4.105449563954825,17.943006323517405,1168.784441671103

40.496322062804296,10.27893449929467,1557.2184995060964,9.171172861615064
12.661475198726375,3.9618066202511906,23.18135577475,960.824170251542
1694.905884015551,1.1975545185168919,35.09162826307249,24.945626146650937
1.016688596070815,3126.7069421297924,47.893030809354244,16.64696466636388

