0,1,2,3,4,5,6,7,8,9,10,11,12,13,14,15,16,17,18,19,20,21,22,23,24,25,26,27,28,29
github Code Version (SHA):,32a229dd34421fba547a58d2c923a1ee52132eb5
Environment Observations,Environment Actions,alpha,epsilon,numActions,explore,patience,gainThresh,insertRandActions,useBudd,revisedSplitting,haveControl,confidence_factor
"['square', 'diamond']","['x', 'y']",0.99,0.99,75000,0.5,0,0.01,False,True,False,True,250

Model Num 0
Model States: 
['square'],['diamond']
Iteration: ,0
Error:,0.6714419802403703
Absolute Error:,1
Transition Probabilities
0.5,0.5
0.5,0.5

0.5,0.5
0.5,0.5

Transition Gammas
1.0,1.0
1.0,1.0

1.0,1.0
1.0,1.0

Iteration: ,2448
Error:,0.26818810292111245
Absolute Error:,1
Transition Probabilities
0.9736070381231672,0.026392961876832845
0.5961199294532628,0.4038800705467372

0.028368794326241134,0.9716312056737588
0.732,0.268


Model Num 1
Model States: 
['square'],"['diamond', 'x', 'square']","['diamond', 'x', 'diamond']"
Iteration: ,0
Error:,0.7078181303546093
Absolute Error:,1
Transition Probabilities
0.3333333333333333,0.3333333333333333,0.3333333333333333
0.3333333333333333,0.3333333333333333,0.3333333333333333
0.3333333333333333,0.3333333333333333,0.3333333333333333

0.3333333333333333,0.3333333333333333,0.3333333333333333
0.3333333333333333,0.3333333333333333,0.3333333333333333
0.3333333333333333,0.3333333333333333,0.3333333333333333

Transition Gammas
1.0,1.0,1.0
1.0,1.0,1.0
1.0,1.0,1.0

1.0,1.0,1.0
1.0,1.0,1.0
1.0,1.0,1.0

Iteration: ,2500
Error:,0.21906298696724913
Absolute Error:,1
Transition Probabilities
0.9763872491145218,0.021067525019188193,0.002545225866289965
0.9962049335863378,0.0018975332068311196,0.0018975332068311196
0.0032679738562091504,0.9704598560791919,0.02627217006459882

0.01579778830963665,0.2675270058938277,0.7166752057965357
0.796153991727663,0.13946553135867615,0.06438047691366082
0.524187990928627,0.4681077271904779,0.007704281880895051

Transition Gammas
827.0,17.8441936912524,2.1558063087476005
525.0,1.0,1.0
1.0,296.96071596023273,8.039284039767239

10.0,169.34459473079298,453.65540526920717
24.127353770912855,4.226486645676643,1.9510428366568104
76.85857032028358,68.6358544841906,1.129633072404141

Iteration: ,5000
Error:,0.22252978479852123
Absolute Error:,1
Transition Probabilities
0.9786552828175027,0.01904396338447428,0.002300753798023053
0.9987585350713842,0.0006207324643078833,0.0006207324643078833
0.0025445292620865155,0.9717934779429667,0.025661992794946853

0.018899388549193995,0.6741984555885205,0.3069021558622856
0.7950395976516764,0.18168147146768487,0.023278930880638746
0.5450007209357758,0.4462304128873561,0.008768866176868083

Transition Gammas
917.0,17.8441936912524,2.1558063087476005
1609.0,1.0,1.0
1.0,381.91483683158566,10.085163168414107

34.0,1212.8830216037484,552.1169783962517
66.63348586798391,15.227002274194179,1.9510428366568104
84.93919558554255,69.54569207060382,1.3666411999998405

Iteration: ,7500
Error:,0.22679114330848268
Absolute Error:,1
Transition Probabilities
0.9793307086614174,0.017563182766980708,0.003106108571601969
0.999249530956848,0.000375234521575985,0.000375234521575985
0.0022371364653243856,0.9751224801867603,0.02264038334791539

0.02481556002682763,0.7704718818989927,0.20471255807417957
0.75953596156837,0.23043543909176484,0.010028599339865255
0.5450007209357758,0.4462304128873561,0.008768866176868083

Transition Gammas
995.0,17.8441936912524,3.1558063087476005
2663.0,1.0,1.0
1.0,435.87974864348166,10.120251356518176

74.0,2297.5471518227964,610.4528481772035
148.00037939133355,44.90180075261623,1.9541359226743218
84.93919558554255,69.54569207060382,1.3666411999998405

Iteration: ,9910
Error:,0.2378379634586698
Absolute Error:,1
Transition Probabilities
0.9802989130434783,0.017447086064747985,0.0022540008917737516
0.9993519118600129,0.0003240440699935191,0.0003240440699935191
0.0021505376344086026,0.976074189889882,0.021775272475709255

0.02496714848883046,0.8046317872562844,0.17040106425488516
0.634305259470961,0.34403869867659326,0.021656041852445945
0.5450007209357758,0.4462304128873561,0.008768866176868083


Model Num 2
Model States: 
"['diamond', 'x', 'square']","['diamond', 'x', 'diamond']","['square', 'y', 'diamond', 'x', 'square']","['square', 'y', 'diamond', 'x', 'diamond']"
Iteration: ,0
Error:,0.6713819515975986
Absolute Error:,0.74
Transition Probabilities
0.25,0.25,0.25,0.25
0.25,0.25,0.25,0.25
0.25,0.25,0.25,0.25
0.25,0.25,0.25,0.25

0.25,0.25,0.25,0.25
0.25,0.25,0.25,0.25
0.25,0.25,0.25,0.25
0.25,0.25,0.25,0.25

Transition Gammas
1.0,1.0,1.0,1.0
1.0,1.0,1.0,1.0
1.0,1.0,1.0,1.0
1.0,1.0,1.0,1.0

1.0,1.0,1.0,1.0
1.0,1.0,1.0,1.0
1.0,1.0,1.0,1.0
1.0,1.0,1.0,1.0

Iteration: ,2500
Error:,0.05699344186446307
Absolute Error:,0.7276643341862636
Transition Probabilities
0.0019305019305019314,0.0019305019305019314,0.9816715233131876,0.014467472825808592
0.9695855341878216,0.025165121980157468,0.002624671916010498,0.002624671916010498
0.01808537909059284,0.0034466249824524503,0.015046479485102853,0.9634215164418518
0.02862394771082868,0.010201141476887943,0.01102899829822733,0.9501459125140561

0.009588292433716296,0.00843140705616337,0.9717385532547812,0.01024174725533916
0.728410192605586,0.06671752614949353,0.1373748367880324,0.06749744445688814
0.963709871449471,0.0030762567825524684,0.010208893035398185,0.0230049787325782
0.00257015094865973,0.9652528247021226,0.015593134911025588,0.016583889438192157

Transition Gammas
1.0,1.0,508.50584907623096,7.4941509237688475
369.41208852556014,9.587911474439998,1.0,1.0
6.912025259921537,1.3172606900222315,5.750592550643236,368.20869633093787
6.604541497436755,2.3537585690824043,2.5447739659000708,219.23174857690944

2.102223797500379,1.848577802816282,213.05273339572346,2.2454931320668177
10.917823766028766,1.0,2.059051717238698,1.011689856510073
337.6894641538576,1.0779380135822136,3.5772546498278937,8.061076441388865
1.0137759045959622,380.73641395906793,6.1505898936229,6.541385254313527

Iteration: ,5000
Error:,0.03261538575894367
Absolute Error:,0.7389676375639407
Transition Probabilities
0.0009727626459143976,0.0009727626459143976,0.9838793624961186,0.014175112212052584
0.9788502900704571,0.018447007226840208,0.0013513513513513514,0.0013513513513513514
0.015473583764405883,0.0018161758224024876,0.011501760143858404,0.9712084802693332
0.016958645513008307,0.005016079636475714,0.01967480261911562,0.9583504722314004

0.01391227449617815,0.008441033156092263,0.9725623075262937,0.005084384821435782
0.8899067726066061,0.027065088234961704,0.05567359818709717,0.027354540971335068
0.9737089913760173,0.0015401931887895498,0.008026644886428722,0.01672417054876438
0.001312092550939223,0.976248433355756,0.012223892537356815,0.01021558155594793

Transition Gammas
1.0,1.0,1011.4279846460092,14.572015353990047
724.3492146521382,13.650785347861754,1.0,1.0
11.779609455095196,1.3826041992224332,8.755970472237504,739.3540353183034
8.162805028049421,2.414419243937422,9.470188973642133,461.2884942587796

6.173830272926024,3.745865282357019,431.59259243785795,2.256290223313881
32.91262156543433,1.0009846358436074,2.059051717238698,1.011689856510073
683.6617417430923,1.0814023156761474,5.635677673731198,11.742394974107249
1.0143695980523035,754.7308535769132,9.450206047490578,7.897594837620123

Iteration: ,7500
Error:,0.02756225080075894
Absolute Error:,0.7409475196414861
Transition Probabilities
0.0006858710562414267,0.0006858710562414267,0.9865330446455028,0.012095213242014355
0.9822109380113748,0.01588611241678891,0.0009514747859181734,0.0009514747859181734
0.014680042209433948,0.0030785571643885128,0.012351392946942303,0.9698900076792352
0.013692535016555873,0.003370924321894522,0.019666837942716987,0.9632697027188326

0.014265243718964659,0.009713819666338329,0.9681988531817233,0.007822083432973675
0.9188459453918959,0.012622901755684824,0.04215958231686049,0.02637157053555888
0.9748929446175241,0.0009761224897283058,0.008417932846720547,0.015713000046027232
0.0009017878451874019,0.9787916425172549,0.011092733046587248,0.009213836590970565

Transition Gammas
1.0,1.0,1438.3651790931428,17.634820906856927
1032.3036958499547,16.69630415004514,1.0,1.0
16.294780988883822,3.417184640193506,13.709990755253402,1076.573557008143
10.06725349564342,2.478427086153844,14.459779930281423,708.2311836499363

11.040142840608791,7.517709389130112,749.3074670031388,6.053658816665247
73.8895196497049,1.0150778288684328,3.3902868066707033,2.1206848537049034
1082.6260034884833,1.0839914226524476,9.348178223871495,17.44940563634789
1.015045667252771,1101.7205667413916,12.48589751682685,10.371025691188114

Iteration: ,10000
Error:,0.025205688380100066
Absolute Error:,0.7427439921640995
Transition Probabilities
0.0005219206680584553,0.0005219206680584553,0.9892052501370051,0.009750908526878042
0.9832326129534646,0.015149264069189065,0.000809061488673139,0.000809061488673139
0.014515769342499285,0.0023921608153232342,0.009427081513260787,0.9736649883289168
0.012673399189860369,0.003374549038196832,0.018959467310136383,0.9649925844618065

0.015331414158757972,0.008126488684049422,0.9707692166467419,0.005772880510450828
0.9473157212821377,0.01602181045889504,0.026282693598316524,0.01037977466065072
0.9713913008644456,0.0007229143736990439,0.008620300620236776,0.019265484141618654
0.0006869132057481782,0.9796898443449106,0.011266063186400601,0.00835717926294053

Transition Gammas
1.0,1.0,1895.3172592625012,18.682740737498325
1215.2755096104825,18.724490389517687,1.0,1.0
21.171066505035615,3.4889363778791327,13.749279487467561,1420.0781050704572
13.020615734335104,3.4670024706698412,19.478904962646702,991.4307472310062

16.095460261366778,8.53147493924074,1019.1478220924664,6.060573922758568
235.84772081793784,3.9888575637625117,6.5434503438088765,2.584192515041306
1458.605052059479,1.0855013388996615,12.943922828791553,28.928334518056495
1.0175742917241664,1451.2855352414006,16.689235512563446,12.380095036950241

Iteration: ,12500
Error:,0.023783000490802838
Absolute Error:,0.7451445743370522
Transition Probabilities
0.0003924646781789642,0.0003924646781789642,0.9902948382277417,0.008920232415900467
0.9803460381093023,0.01812607800987259,0.0007639419404125285,0.0007639419404125285
0.013086664702315443,0.0028986061070570166,0.008224331779809994,0.9757903974108175
0.013902276403153177,0.003076559097463315,0.01703933864887863,0.9659818258505048

0.01744255440333986,0.008350737594791255,0.9673238984327387,0.006882809569130293
0.9584983865166807,0.021390275294419503,0.01268758770419913,0.007423750484700551
0.9712769993409824,0.0006180937175078405,0.008960613841886476,0.019144293099623344
0.0005245620989715917,0.9816833218260869,0.01079265505263326,0.0069994610223082605

Transition Gammas
1.0,1.0,2523.271247804284,22.728752195714375
1283.272963885077,23.727036114923223,1.0,1.0
25.050275575082267,5.548463525052913,15.742878891723683,1867.8417239753335
15.924675093859113,3.524113793554527,19.518093578982825,1106.505602187069

19.76495416230123,9.462601747760695,1096.118840767997,7.799225531763868
624.7682099384008,13.942604592534177,8.270020659289868,4.8389474271430934
1706.5967644023744,1.0860308018330809,15.744380439358096,33.637766242540266
1.0206400551119486,1910.060451670794,20.99926027694276,13.618845695425525

Iteration: ,14701
Error:,0.023299709817288825
Absolute Error:,0.7455708598678197
Transition Probabilities
0.0003234152652005176,0.0003234152652005176,0.9910204457012246,0.008332723768374411
0.9805170904004051,0.018025183652073028,0.0007288629737609328,0.0007288629737609328
0.012089409876196324,0.002822180658899259,0.0076517163306622765,0.9774366931342421
0.01496827014031605,0.0028317596631533114,0.015526451511623015,0.9666735186849076

0.01756372832387771,0.008352610560033316,0.9676757567020436,0.0064079044140452285
0.962489474518856,0.020902660428846233,0.009796594685879595,0.006811270366418079
0.9730168086814754,0.0005484386390067086,0.008214561556748845,0.018220191122768955
0.00043414786879854544,0.9821242461965136,0.01031818146738688,0.007123424467301118

*,*,*,*,*,*,*,*,*,*,*
Model Num 2
Model States: 
"['diamond', 'x', 'square']","['diamond', 'x', 'diamond']","['square', 'y', 'diamond', 'x', 'square']","['square', 'y', 'diamond', 'x', 'diamond']"
Iteration: ,14701
Error:,0.023433905233813813
Transition Probabilities
0.0003234152652005176,0.0003234152652005176,0.9910204457012246,0.008332723768374411
0.9805170904004051,0.018025183652073028,0.0007288629737609328,0.0007288629737609328
0.012089409876196324,0.002822180658899259,0.0076517163306622765,0.9774366931342421
0.01496827014031605,0.0028317596631533114,0.015526451511623015,0.9666735186849076

0.01756372832387771,0.008352610560033316,0.9676757567020436,0.0064079044140452285
0.962489474518856,0.020902660428846233,0.009796594685879595,0.006811270366418079
0.9730168086814754,0.0005484386390067086,0.008214561556748845,0.018220191122768955
0.00043414786879854544,0.9821242461965136,0.01031818146738688,0.007123424467301118

Transition Gammas
1.0,1.0,3064.235218108185,25.764781891813666
1345.269448029356,24.730551970644196,1.0,1.0
28.018097883270624,6.540611556317834,17.73341621493341,2265.2815334566144
18.846404286350282,3.5654412268938076,19.549205056923384,1217.1292858334182

21.383120200799556,10.168961413098641,1178.1056185450673,7.801361293802554
962.7026913257015,20.907290919494915,9.79876489001396,6.812779242469753
1927.5892720647644,1.0864811661040918,16.273409246610647,36.09500332354098
1.022467408905174,2313.013849429867,24.300486142586347,16.776471522869066

