0,1,2,3,4,5,6,7,8,9,10,11,12,13,14,15,16,17,18,19,20,21,22,23,24,25,26,27,28,29
github Code Version (SHA):,cd93f48c3be2409aefa56252372b16f046dc3cc1
Environment Observations,Environment Actions,alpha,epsilon,numActions,explore,patience,gainThresh,insertRandActions,useBudd,revisedSplitting,haveControl,confidence_factor
"['rose', 'volcano', 'nothing']","['b', 'f', 't']",0.99,0.99,75000,0.5,0,0.01,False,True,False,True,250

Model Num 0
Model States: 
['rose'],['volcano'],['nothing']
Iteration: ,0
Error:,0.7883920201133104
Absolute Error:,1
Transition Probabilities
0.3333333333333333,0.3333333333333333,0.3333333333333333
0.3333333333333333,0.3333333333333333,0.3333333333333333
0.3333333333333333,0.3333333333333333,0.3333333333333333

0.3333333333333333,0.3333333333333333,0.3333333333333333
0.3333333333333333,0.3333333333333333,0.3333333333333333
0.3333333333333333,0.3333333333333333,0.3333333333333333

0.3333333333333333,0.3333333333333333,0.3333333333333333
0.3333333333333333,0.3333333333333333,0.3333333333333333
0.3333333333333333,0.3333333333333333,0.3333333333333333

Transition Gammas
1.0,1.0,1.0
1.0,1.0,1.0
1.0,1.0,1.0

1.0,1.0,1.0
1.0,1.0,1.0
1.0,1.0,1.0

1.0,1.0,1.0
1.0,1.0,1.0
1.0,1.0,1.0

Iteration: ,2500
Error:,0.24882109316624268
Absolute Error:,1
Transition Probabilities
0.020710059171597635,0.011834319526627219,0.9674556213017751
0.0169971671388102,0.0169971671388102,0.9660056657223796
0.48857142857142855,0.4928571428571429,0.018571428571428572

0.025806451612903226,0.04516129032258064,0.9290322580645162
0.013513513513513514,0.02027027027027027,0.9662162162162162
0.4618181818181818,0.509090909090909,0.02909090909090909

0.9612403100775194,0.015503875968992248,0.023255813953488372
0.029239766081871343,0.9473684210526315,0.023391812865497075
0.015625,0.015625,0.96875

Transition Gammas
7.0,4.0,327.0
6.0,6.0,341.0
342.0,345.0,13.0

4.0,7.0,144.0
2.0,3.0,143.0
127.0,140.0,8.0

124.0,2.0,3.0
5.0,162.0,4.0
4.0,4.0,248.0

Iteration: ,5000
Error:,0.24626225765647358
Absolute Error:,1
Transition Probabilities
0.021551724137931036,0.014367816091954023,0.9640804597701149
0.01466275659824047,0.01906158357771261,0.966275659824047
0.4971209213051823,0.4856046065259117,0.01727447216890595

0.021660649819494584,0.036101083032490974,0.9422382671480144
0.014598540145985401,0.01824817518248175,0.9671532846715328
0.4887307236061684,0.49110320284697506,0.020166073546856466

0.9514925373134329,0.014925373134328358,0.033582089552238806
0.02768166089965398,0.9446366782006921,0.02768166089965398
0.01834862385321101,0.016819571865443424,0.9648318042813455

Transition Gammas
15.0,10.0,671.0
10.0,13.0,659.0
518.0,506.0,18.0

6.0,10.0,261.0
4.0,5.0,265.0
412.0,414.0,17.0

255.0,4.0,9.0
8.0,273.0,8.0
12.0,11.0,631.0

Iteration: ,7500
Error:,0.241260657907433
Absolute Error:,1
Transition Probabilities
0.01968019680196802,0.014760147601476014,0.965559655596556
0.013597033374536464,0.018541409147095178,0.9678615574783683
0.49040370615486434,0.49040370615486434,0.019192587690271344

0.012345679012345678,0.021604938271604937,0.9660493827160493
0.007656967840735069,0.01225114854517611,0.9800918836140888
0.4922850844966936,0.4922850844966936,0.015429831006612785

0.9572649572649573,0.017094017094017096,0.02564102564102564
0.023809523809523808,0.9523809523809523,0.023809523809523808
0.015984015984015984,0.013986013986013986,0.97002997002997

Transition Gammas
16.0,12.0,785.0
11.0,15.0,783.0
741.0,741.0,29.0

8.0,14.0,626.0
5.0,8.0,640.0
670.0,670.0,21.0

336.0,6.0,9.0
9.0,360.0,9.0
16.0,14.0,971.0

Iteration: ,7501
Error:,0.24074366741380335
Absolute Error:,1
Transition Probabilities
0.01968019680196802,0.014760147601476014,0.965559655596556
0.013597033374536464,0.018541409147095178,0.9678615574783683
0.49040370615486434,0.49040370615486434,0.019192587690271344

0.012326656394453005,0.02157164869029276,0.9661016949152542
0.007656967840735069,0.01225114854517611,0.9800918836140888
0.4922850844966936,0.4922850844966936,0.015429831006612785

0.9572649572649573,0.017094017094017096,0.02564102564102564
0.023809523809523808,0.9523809523809523,0.023809523809523808
0.015984015984015984,0.013986013986013986,0.97002997002997


Model Num 1
Model States: 
['rose'],['volcano'],"['nothing', 'b', 'rose']","['nothing', 'b', 'volcano']"
Iteration: ,0
Error:,0.7491458028028313
Absolute Error:,0.7399999999999999
Transition Probabilities
0.25,0.25,0.25,0.25
0.25,0.25,0.25,0.25
0.25,0.25,0.25,0.25
0.25,0.25,0.25,0.25

0.25,0.25,0.25,0.25
0.25,0.25,0.25,0.25
0.25,0.25,0.25,0.25
0.25,0.25,0.25,0.25

0.25,0.25,0.25,0.25
0.25,0.25,0.25,0.25
0.25,0.25,0.25,0.25
0.25,0.25,0.25,0.25

Transition Gammas
1.0,1.0,1.0,1.0
1.0,1.0,1.0,1.0
1.0,1.0,1.0,1.0
1.0,1.0,1.0,1.0

1.0,1.0,1.0,1.0
1.0,1.0,1.0,1.0
1.0,1.0,1.0,1.0
1.0,1.0,1.0,1.0

1.0,1.0,1.0,1.0
1.0,1.0,1.0,1.0
1.0,1.0,1.0,1.0
1.0,1.0,1.0,1.0

Iteration: ,2500
Error:,0.04343644879328693
Absolute Error:,0.49762068742947124
Transition Probabilities
0.018691588785046735,0.012461059190031158,0.014166930766580637,0.9546804212583415
0.021148036253776436,0.012084592145015106,0.9429258096976476,0.023841561903560786
0.9908586417176236,0.002393378361636772,0.003373989960369836,0.003373989960369836
0.0027500054846689302,0.984501963511477,0.007420685467398095,0.0053273455364558795

0.00505050505050505,0.02525252525252525,0.9532907087538565,0.016406260943113284
0.027210884353741492,0.013605442176870746,0.014561048284455229,0.9446226251849326
0.021714969942970615,0.9491790699887415,0.014552980034143872,0.014552980034143872
0.9536557334068196,0.013074450871973236,0.01663490786060361,0.01663490786060361

0.9444444444444444,0.027777777777777776,0.02024904214559387,0.007528735632183908
0.0111731843575419,0.9664804469273743,0.0067039106145251395,0.015642458100558657
0.020306605334956564,0.0105318969714085,0.031813417792253405,0.9373480799013815
0.01961902609913194,0.019658610118074675,0.939698208084907,0.021024155697886418

Transition Gammas
6.0,4.0,4.547584776072383,306.4524152239275
7.0,4.0,312.10844300992136,7.89155699007862
414.0,1.0,1.4097185862675086,1.4097185862675086
1.0,358.0,2.698425697246005,1.9372126950856727

1.0,5.0,188.7515603332636,3.248439666736431
4.0,2.0,2.140474097814919,138.8595259021851
2.2002862321550647,96.17630809671172,1.4745920298323867,1.4745920298323867
85.18957049911067,1.167933894043905,1.48598766441073,1.48598766441073

170.0,5.0,3.6448275862068966,1.3551724137931034
2.0,173.0,1.2,2.8
1.9281052017584281,1.0,3.020673092285177,89.00087823172314
1.9716207367182512,1.9755987462379796,94.43529275895914,2.112829716240609

Iteration: ,5000
Error:,0.038400608488482674
Absolute Error:,0.4976989527576663
Transition Probabilities
0.015847860538827255,0.01426307448494453,0.018339279622556284,0.951549785353672
0.01883830455259026,0.014128728414442696,0.9530220045275304,0.014010962505436706
0.9850403166015503,0.0012343863616560782,0.0031342315545379545,0.010591065482255602
0.0013544562905098796,0.9819808106196627,0.010205989417046634,0.00645874367278077

0.005115089514066494,0.02557544757033247,0.9558448150179547,0.01346464789764627
0.021943573667711592,0.012539184952978052,0.009876050190442937,0.9556411911888674
0.013841157769171946,0.9619587620772283,0.014503902210216085,0.00969617794338365
0.9607974509187941,0.005964088086119602,0.024081518706971335,0.009156942288114941

0.9545454545454546,0.017045454545454544,0.024051026065119396,0.004358064843971512
0.008547008547008548,0.9658119658119658,0.008303811365768535,0.01733721427525711
0.025281842927501394,0.005184303904019128,0.022878824343929006,0.9466550288245504
0.013473716709118013,0.014456833896231756,0.9488844818280169,0.023184967566633383

Transition Gammas
10.0,9.0,11.572085441833018,600.4279145581671
12.0,9.0,607.075016884037,8.924983115963185
798.0,1.0,2.5391009264984143,8.580024708022869
1.0,725.0,7.535119064790663,4.768513918119426

2.0,10.0,373.73532267202046,5.264677327979694
7.0,4.0,3.150460010751298,304.8495399892488
2.793587691125902,194.1540008376355,2.927350685792914,1.9569983815901209
188.15079389096428,1.167933894043905,4.715829396179068,1.793183318164513

336.0,6.0,8.465961174922027,1.5340388250779722
3.0,339.0,2.9146377893847557,6.085362210615245
4.876612828947327,1.0,4.413094750520357,182.6002191134391
2.597275651901501,2.786787305455004,182.91274889661884,4.46927548285114

Iteration: ,7500
Error:,0.03182423469982727
Absolute Error:,0.4967289488757414
Transition Probabilities
0.014332965821389194,0.014332965821389194,0.018301636705838304,0.9530324316513833
0.014553014553014549,0.013513513513513509,0.9574281424819588,0.014505329451513078
0.9862600240063013,0.0008774555373721541,0.002952198431287938,0.00991032202503862
0.0009286119532752701,0.9843286704717863,0.008787351035438621,0.005955366539499821

0.006968641114982576,0.02264808362369337,0.9611875133909689,0.0091957618703552
0.02178217821782178,0.011881188118811881,0.008235306846826796,0.9581013268165396
0.011956587588037441,0.9643991471223874,0.01408735154892293,0.00955691374065228
0.9694372777002033,0.004494878138391429,0.02009178104471426,0.005976063116691244

0.9621212121212122,0.011363636363636364,0.019710913489447368,0.006804238025704145
0.007462686567164179,0.9720149253731343,0.005785884124755237,0.014736503934946256
0.016450387992169125,0.004548798569442247,0.017138423800389928,0.9618623896379987
0.01418102725062295,0.00960710537264965,0.9576552352775078,0.018556632099219733

Transition Gammas
13.0,13.0,16.599584492195344,864.4004155078047
14.0,13.0,921.0458730676447,13.954126932355585
1124.0,1.0,3.3644991746582664,11.294386556290393
1.0,1060.0,9.462888135830156,6.413191773479639

4.0,13.0,551.7216326864163,5.278367313583887
11.0,6.0,4.158829957647532,483.8411700423525
4.4277491232440225,357.1351312978867,5.216811068400506,3.5391047926106136
308.11262480481656,1.4285903103324418,6.385695637139488,1.8993497931615653

508.0,6.0,10.407362322428211,3.5926376775717888
4.0,521.0,3.1012338908688073,7.898766109131193
4.876612828947327,1.3484623870633905,5.0805766655900815,285.1379840538398
4.1135706529102,2.786787305455004,277.79246184512607,5.382827059785

Iteration: ,10000
Error:,0.028922206213688156
Absolute Error:,0.49706919349841555
Transition Probabilities
0.014336917562724006,0.015232974910394256,0.01670270905018225,0.9537273984766996
0.014617368873602741,0.012897678417884771,0.960464790199545,0.012020162508967563
0.9846576065205552,0.0007465182763613004,0.002777240535381917,0.011818634667701479
0.0007397156604912838,0.9823423971324249,0.009756352692355927,0.007161534514727959

0.01107011070110701,0.017220172201722016,0.9615132238053188,0.01019649329185222
0.015719467956469176,0.008464328899637249,0.006247794887916934,0.9695684082559766
0.01104126243438215,0.9651841681803626,0.012177084620981871,0.0115974847642734
0.978566206776369,0.004689854240529366,0.013308770615306328,0.0034351683677951647

0.9651162790697675,0.01308139534883721,0.0164257068683739,0.00537661871302145
0.006811989100817439,0.9713896457765667,0.007235803351276666,0.014562561771339137
0.015037066701463228,0.00825668692041113,0.014799064704665311,0.9619071816734602
0.015298549412228074,0.00953246082416998,0.9614853141164531,0.013683675647148869

Transition Gammas
16.0,17.0,18.640223300003402,1064.3597766999974
17.0,15.0,1117.0205510020717,13.979448997929287
1319.0,1.0,3.7202579271318283,15.831674912646731
1.0,1328.0,13.189328296600106,9.681469376992249

9.0,14.0,781.7102509537242,8.289749046275855
13.0,7.0,5.166926372307302,801.8330736276922
6.807741705936272,595.1062711062668,7.508058731837608,7.15069324571512
541.0621324591863,2.593082122325393,7.358594400320844,1.8993497931615653

664.0,9.0,11.300886325441242,3.6991136745587574
5.0,713.0,5.311079659837072,10.688920340162927
5.862578739530416,3.219077108559405,5.769787673686605,375.02371337700487
6.071904146210639,3.783377550528076,381.6078575814515,5.430970261201003

Iteration: ,12500
Error:,0.026038194106290394
Absolute Error:,0.49674986548310346
Transition Probabilities
0.013056835637480783,0.014592933947772639,0.015114111071792223,0.9572361193429544
0.014792899408284028,0.011834319526627222,0.9615367783084158,0.011836002756673085
0.984868989056928,0.00065526878846103,0.002475461720862924,0.012000280433748024
0.000652372796212736,0.9837781766888057,0.00902489440666093,0.006544556108320621

0.010387157695939571,0.016997167138810207,0.9619410564348766,0.010674618730373736
0.013748854262144826,0.010082493125572873,0.004740032440607008,0.9714286201716753
0.012007894203477313,0.9693787267588281,0.009355655623624915,0.009257723414069751
0.9779197971865499,0.004230963575457237,0.015260093508763057,0.0025891457292298217

0.9676025917926566,0.01079913606911447,0.01619235668209524,0.005405915456133703
0.0050150451354062184,0.9759277833500501,0.006528668270880911,0.012528503243662718
0.013858718392959364,0.009592150410670752,0.012828544624375845,0.9637205865719941
0.013462532514103998,0.009094658459773138,0.9661494849824379,0.011293324043684938

Transition Gammas
17.0,19.0,19.6785726154735,1246.321427384528
20.0,16.0,1299.9977242729776,16.002275727022006
1503.0,1.0,3.7777806061491424,18.313523618196417
1.0,1508.0,13.833952701666535,10.031926754631979

11.0,18.0,1018.6955787645339,11.304421235465782
15.0,11.0,5.1713753927022434,1059.8286246072973
10.567313283018382,853.0828571580498,8.23326240784563,8.147079075336926
777.0192448509605,3.361768656133019,12.125111250071335,2.05724034335248

896.0,10.0,14.994122287620192,5.005877712379808
5.0,973.0,6.509082266068268,12.490917733931731
6.842401574592236,4.7358885008474365,6.333778596883091,475.81335243648465
7.056070153550002,4.766751578687444,506.3845556332168,5.919130493131995

Iteration: ,15000
Error:,0.02545298318812503
Absolute Error:,0.4979511153487895
Transition Probabilities
0.013097576948264562,0.01375245579567779,0.012910466956441454,0.9602395002996161
0.014593908629441616,0.010786802030456847,0.9638156199404341,0.010803669399667528
0.984095777119499,0.0005795617061952292,0.00229552582776636,0.013029135346539336
0.0005587242573251792,0.9833546928923155,0.009541717198363301,0.006544865651995978

0.0086682427107959,0.01497241922773837,0.9658602335135891,0.01049910454787662
0.014592933947772658,0.009984639016897081,0.003974521303039574,0.9714479057322906
0.011332627277433479,0.9688411675949244,0.009065744908495786,0.010760460219146213
0.9735257092420443,0.0060266503911279995,0.017479730825792746,0.0029679095410350704

0.9684684684684685,0.010810810810810811,0.016138992165553197,0.004581728555167525
0.007054673721340388,0.9744268077601411,0.00681008899056333,0.011708429527955186
0.01118466457387228,0.010802449242922701,0.009638051687984182,0.9683748344952208
0.011396000223081805,0.009539160204702914,0.9680850487290801,0.01097979084313522

Transition Gammas
20.0,21.0,19.714283042486116,1466.285716957515
23.0,17.0,1518.973417026125,17.026582973876035
1698.0,1.0,3.9607962417604887,22.48101488981121
1.0,1760.0,17.077685590461115,11.71394577233622

11.0,19.0,1225.676636328745,13.323363671255436
19.0,13.0,5.174826736557526,1264.8251732634424
11.885084368736113,1016.0714488245527,9.507693182274496,11.285024594927354
1001.9845231127163,6.202825832738327,17.990711071469033,3.0546696382892753

1075.0,12.0,17.91428130376405,5.085718696235952
8.0,1105.0,7.7226409152988165,13.277359084701182
8.301213310574994,8.017534620719927,7.153323412773961,718.7239288799237
8.051471340745557,6.739581739160054,683.9688375452309,7.757412212210091

Iteration: ,17440
Error:,0.026166070062931476
Absolute Error:,0.49889316794960514
Transition Probabilities
0.013793103448275855,0.013793103448275855,0.012495715852476597,0.9599180772509717
0.015517241379310336,0.012068965517241372,0.9626201382103649,0.009793654893083368
0.9841252154434523,0.0004920626077217262,0.0020042742990698205,0.013378447649756242
0.00047635600103976787,0.9841514981481605,0.009345339125493598,0.006026806725306041

0.010252904989747092,0.015037593984962402,0.9655922120371127,0.009117288988177921
0.015717092337917477,0.009823182711198423,0.0033905143935985794,0.9710692105572855
0.011238360282826668,0.9700521933403267,0.008555094993705718,0.01015435138314096
0.9730180786023468,0.0064185360972075275,0.01778744823459333,0.002775937065852239

0.9630793401413983,0.01178318931657502,0.016915533270235296,0.008221937271791414
0.007830853563038372,0.9733750978856696,0.006395525688761927,0.01239852286253016
0.009254712303175787,0.009962476921103573,0.007666312313285817,0.9731164984624348
0.012635655675852337,0.012694984776401887,0.9640675815853352,0.010601777962410549

*,*,*,*,*,*,*,*,*,*,*
Model Num 1
Model States: 
['rose'],['volcano'],"['nothing', 'b', 'rose']","['nothing', 'b', 'volcano']"
Iteration: ,17440
Error:,0.025759487906278907
Transition Probabilities
0.013793103448275855,0.013793103448275855,0.012495715852476597,0.9599180772509717
0.015517241379310336,0.012068965517241372,0.9626201382103649,0.009793654893083368
0.9841252154434523,0.0004920626077217262,0.0020042742990698205,0.013378447649756242
0.00047635600103976787,0.9841514981481605,0.009345339125493598,0.006026806725306041

0.010252904989747092,0.015037593984962402,0.9655922120371127,0.009117288988177921
0.015717092337917477,0.009823182711198423,0.0033905143935985794,0.9710692105572855
0.011238360282826668,0.9700521933403267,0.008555094993705718,0.01015435138314096
0.9730180786023468,0.0064185360972075275,0.01778744823459333,0.002775937065852239

0.9630793401413983,0.01178318931657502,0.016915533270235296,0.008221937271791414
0.007830853563038372,0.9733750978856696,0.006395525688761927,0.01239852286253016
0.009254712303175787,0.009962476921103573,0.007666312313285817,0.9731164984624348
0.012635655675852337,0.012694984776401887,0.9640675815853352,0.010601777962410549

Transition Gammas
24.0,24.0,21.74254558330929,1670.2574544166916
27.0,21.0,1674.9590404860357,17.04095951396507
2000.0,1.0,4.073209928203462,27.188506990399265
1.0,2066.0,19.61839276737361,12.651896296364495

15.0,22.0,1412.6614062102963,13.338593789704303
24.0,15.0,5.177315479025034,1482.8226845209758
12.489736410827641,1078.0661853384324,9.507693182274496,11.285024594927354
1089.9748377534982,7.190044044420977,19.92549925834734,3.1096046615211557

1226.0,15.0,21.533473853009532,10.466526146990471
10.0,1243.0,8.167086304548981,15.832913695451015
9.288132417234433,9.998452876282176,7.693996483633424,976.6305638710164
12.64682782096215,12.706209378886099,964.9199871267209,10.61115180139893

