0,1,2,3,4,5,6,7,8,9,10,11,12,13,14,15,16,17,18,19,20,21,22,23,24,25,26,27,28,29
github Code Version (SHA):,32a229dd34421fba547a58d2c923a1ee52132eb5
Environment Observations,Environment Actions,alpha,epsilon,numActions,explore,patience,gainThresh,insertRandActions,useBudd,revisedSplitting,haveControl,confidence_factor
"['square', 'diamond']","['x', 'y']",0.99,0.99,75000,0.5,0,0.01,False,True,False,True,250

Model Num 0
Model States: 
['square'],['diamond']
Iteration: ,0
Error:,0.6711360982091741
Absolute Error:,1
Transition Probabilities
0.5,0.5
0.5,0.5

0.5,0.5
0.5,0.5

Transition Gammas
1.0,1.0
1.0,1.0

1.0,1.0
1.0,1.0

Iteration: ,2436
Error:,0.2630145689223885
Absolute Error:,1
Transition Probabilities
0.9811866859623734,0.01881331403762663
0.589605734767025,0.4103942652329749

0.01875901875901876,0.9812409812409812
0.728,0.272


Model Num 1
Model States: 
['square'],"['diamond', 'x', 'square']","['diamond', 'x', 'diamond']"
Iteration: ,0
Error:,0.7073728631332118
Absolute Error:,1
Transition Probabilities
0.3333333333333333,0.3333333333333333,0.3333333333333333
0.3333333333333333,0.3333333333333333,0.3333333333333333
0.3333333333333333,0.3333333333333333,0.3333333333333333

0.3333333333333333,0.3333333333333333,0.3333333333333333
0.3333333333333333,0.3333333333333333,0.3333333333333333
0.3333333333333333,0.3333333333333333,0.3333333333333333

Transition Gammas
1.0,1.0,1.0
1.0,1.0,1.0
1.0,1.0,1.0

1.0,1.0,1.0
1.0,1.0,1.0
1.0,1.0,1.0

Iteration: ,2500
Error:,0.22717386596138509
Absolute Error:,1
Transition Probabilities
0.9761904761904762,0.022542191960422852,0.0012673318491009595
0.9961759082217974,0.0019120458891013384,0.0019120458891013384
0.0033333333333333357,0.9697793258293086,0.026887340837358116

0.02187499999999999,0.2711079102899075,0.7070170897100926
0.7721996913940725,0.1609326287904855,0.06686767981544205
0.5685781813456737,0.42357712717247414,0.007844691481852194

Transition Gammas
820.0,18.935441246755197,1.064558753244806
521.0,1.0,1.0
1.0,290.93379774879236,8.066202251207429

14.0,173.50906258554087,452.4909374144594
26.733042823109113,5.571381217887645,2.3149148697029416
84.51055673018006,62.95834066441783,1.1659948732798389

Iteration: ,5000
Error:,0.23171119274133556
Absolute Error:,1
Transition Probabilities
0.9770594369134515,0.02182422239131235,0.0011163406952361373
0.9986979166666666,0.0006510416666666666,0.0006510416666666666
0.0023980815347721825,0.978152826900947,0.01944909156428084

0.02536640360766629,0.6455583355251353,0.32907526086719846
0.7655600034851368,0.18429431258395304,0.05014568393091026
0.5981461236132134,0.39454682898043714,0.007307047406349571

Transition Gammas
937.0,20.929429273268546,1.0705707267314557
1534.0,1.0,1.0
1.0,407.88972881769485,8.110271182305109

45.0,1145.22048722159,583.7795127784101
96.88803831667501,23.32399072298974,6.3463568159203545
95.4469397583446,62.95834066441783,1.1659948732798389

Iteration: ,7500
Error:,0.2312000259894375
Absolute Error:,1
Transition Probabilities
0.9769076305220884,0.022014879146723784,0.0010774903311878677
0.999247554552295,0.0003762227238525207,0.0003762227238525207
0.002114164904862579,0.9806951512757497,0.017190683819387736

0.027768484442957507,0.7576463660826711,0.2145851494743714
0.7761249032330981,0.1908932901030693,0.032981806663832505
0.5981461236132134,0.39454682898043714,0.007307047406349571

Transition Gammas
973.0,21.926819630136887,1.0731803698631162
2656.0,1.0,1.0
1.0,463.8688065534297,8.131193446570402

83.0,2264.604988221104,641.3950117788962
149.3418968779603,36.73167286155879,6.3463568159203545
95.4469397583446,62.95834066441783,1.1659948732798389

Iteration: ,10000
Error:,0.23609178273632814
Absolute Error:,1
Transition Probabilities
0.9794326241134752,0.019085834020208803,0.0014815418663160225
0.9993654822335025,0.00031725888324873094,0.00031725888324873094
0.0020703933747412,0.9790184220115926,0.018911184613666147

0.02568053415511042,0.7986682268570628,0.1756512389878267
0.6600004586588176,0.32753110876993985,0.012468432571242352
0.5981461236132134,0.39454682898043714,0.007307047406349571

Transition Gammas
1381.0,26.91102596849441,2.088974031505592
3150.0,1.0,1.0
1.0,472.8658978315994,9.134102168400752

100.0,3110.0140753814035,683.9859246185973
482.17065101488964,239.28148211313464,9.10895162440939
95.4469397583446,62.95834066441783,1.1659948732798389

Iteration: ,10088
Error:,0.24134891917433757
Absolute Error:,1
Transition Probabilities
0.9797202797202798,0.01881889927866742,0.0014608210010528613
0.9993686868686869,0.0003156565656565657,0.0003156565656565657
0.002066115702479338,0.9790609441848072,0.018872940112713458

0.026013771996939546,0.7990201455166834,0.17496608248637696
0.6530039834360167,0.3348523610399943,0.012143655523989026
0.5981461236132134,0.39454682898043714,0.007307047406349571


Model Num 2
Model States: 
"['diamond', 'x', 'square']","['diamond', 'x', 'diamond']","['square', 'y', 'diamond', 'x', 'square']","['square', 'y', 'diamond', 'x', 'diamond']"
Iteration: ,0
Error:,0.6709340427081938
Absolute Error:,0.74
Transition Probabilities
0.25,0.25,0.25,0.25
0.25,0.25,0.25,0.25
0.25,0.25,0.25,0.25
0.25,0.25,0.25,0.25

0.25,0.25,0.25,0.25
0.25,0.25,0.25,0.25
0.25,0.25,0.25,0.25
0.25,0.25,0.25,0.25

Transition Gammas
1.0,1.0,1.0,1.0
1.0,1.0,1.0,1.0
1.0,1.0,1.0,1.0
1.0,1.0,1.0,1.0

1.0,1.0,1.0,1.0
1.0,1.0,1.0,1.0
1.0,1.0,1.0,1.0
1.0,1.0,1.0,1.0

Iteration: ,2500
Error:,0.04948025783238788
Absolute Error:,0.7347603891121619
Transition Probabilities
0.0018552875695732835,0.0018552875695732835,0.9719963481505207,0.024293076710332817
0.9715200063852082,0.023230649782770844,0.0026246719160104995,0.0026246719160104995
0.010711546217163253,0.008253804312996204,0.019150101822550707,0.9618845476472898
0.015406149716903291,0.010331339936009263,0.024312453680207274,0.9499500566668801

0.020911807651397683,0.0221484961127988,0.9382341188790906,0.01870557735671292
0.7680790951739649,0.042781523392179686,0.13134802793337577,0.057791353500479724
0.9732895075509076,0.003457637449216308,0.011873014457092743,0.011379840542783407
0.0025785755069274653,0.9866127751867874,0.004131643827401319,0.006677005478883952

Transition Gammas
1.0,1.0,523.9060316531308,13.09396834686939
370.1491224327642,8.850877567235688,1.0,1.0
3.978803190398015,3.065875109687694,7.113304156399396,357.2919566776733
3.2490569794869733,2.178812535471747,5.1273386777140235,200.33830116496895

4.387497088747458,4.646966146350535,196.85048436596594,3.924608889104474
17.953523724084288,1.0,3.0702045537112816,1.3508484251648643
346.85732561530523,1.2322200838271804,4.231261109494331,4.0555056085324335
1.0061238789334837,384.96242196881406,1.6121092839161657,2.6052735838166856

Iteration: ,5000
Error:,0.03877051986975229
Absolute Error:,0.735515104683132
Transition Probabilities
0.0009389671361502352,0.0009389671361502352,0.9752996214798513,0.022822444247848194
0.9755736233076197,0.02169786373194384,0.001364256480218281,0.001364256480218281
0.012983816118143804,0.008583791541927916,0.019206750680194052,0.9592256416597342
0.01626332878887878,0.005211513283501132,0.016010688768877977,0.9625144691587422

0.019356592962530533,0.012147918314680586,0.9508412171854242,0.01765427153736463
0.8413047921444444,0.02232572149980115,0.10365377870666026,0.0327157076490943
0.9753146652994523,0.001680203276896892,0.011741720082609796,0.011263411341041045
0.0013269649900328469,0.9855974279115934,0.004803341232066847,0.008272265866306926

Transition Gammas
1.0,1.0,1038.6940968760412,24.305903123958316
715.0954658844852,15.904534115514835,1.0,1.0
9.491683280616627,6.275091230609896,14.04089465279893,701.2318953406495
7.220959794200176,2.3139252963289714,7.10878697579911,427.35889886724516

8.48224487963902,5.323334438164556,416.6677504369244,7.736271287072163
37.934983822150194,1.006681397539666,4.673816736879809,1.4751726746202907
721.7422480161389,1.2433666111432016,8.688985975000286,8.335032898451797
1.0070068660564604,747.9499342706804,3.645158415659241,6.277655090967674

Iteration: ,7500
Error:,0.029502809852742187
Absolute Error:,0.7388064335839992
Transition Probabilities
0.0006738544474393529,0.0006738544474393529,0.9814977733065051,0.017154517798616247
0.9791802254091357,0.018924039993707904,0.0009478672985781991,0.0009478672985781991
0.0169790821148941,0.007244110272583853,0.01904979913415936,0.9567270084783627
0.014400645738311485,0.004515964113493431,0.012306668894837385,0.9687767212533577

0.017305541205944512,0.007849543485543247,0.9644303895946756,0.010414525713836623
0.9137341530219444,0.012248603971560428,0.05626014390827533,0.017757099098219778
0.9733581020167952,0.0011289048965779879,0.013120282177318336,0.012392710909308236
0.0009017701556784842,0.9841851386410432,0.007085015290767226,0.007828075912510984

Transition Gammas
1.0,1.0,1456.542695586854,25.457304413146517
1033.0351378066382,19.96486219336184,1.0,1.0
18.63469812062705,7.950477367897185,20.90732901351872,1050.016653798136
10.646143033791008,3.338572503024125,9.098102939605248,716.199518389072

12.921404377629571,5.860962355898563,720.1043243736848,7.77613924628251
75.90855054362014,1.0175539248357848,4.673816736879809,1.4751726746202907
1075.6754913183092,1.2475730430168228,14.4994590871328,13.695407033151598
1.007825291448522,1099.932912998131,7.918267815108933,8.748718105526201

Iteration: ,10000
Error:,0.0253045096015787
Absolute Error:,0.7438256497828126
Transition Probabilities
0.0005146680391147707,0.0005146680391147707,0.9853005230289051,0.013670140892865251
0.9806102518434527,0.017774239271248507,0.0008077544426494343,0.0008077544426494343
0.014938332658152526,0.006871046018468087,0.016260979145618075,0.9619296421777612
0.017815827109482322,0.003406655346239766,0.01840627881795574,0.9603712387263221

0.019442760875749122,0.009613760897241731,0.9606294120460345,0.010314066180974758
0.9522119314927454,0.008220963279552367,0.032904388341233944,0.006662716886468243
0.9756278562927967,0.0008278687498584875,0.012014965458523817,0.01152930949882101
0.0006944883465146002,0.986510543835731,0.006410739911900802,0.00638422790585354

Transition Gammas
1.0,1.0,1914.438916245164,26.5610837548372
1213.995491782195,22.00450821780566,1.0,1.0
21.59993185513284,9.935119880423615,23.51239924031289,1390.8924908786707
18.325493642229326,3.5041112885270573,18.93283670652714,987.8450728842139

20.214119196937762,9.995170436421677,998.740742802794,10.72325913586567
229.8515450190194,1.9844333481386673,7.942690327647981,1.6082929857623862
1474.0938012554684,1.2508418907355061,18.153628958492142,17.41984257147673
1.010129986499863,1434.8748792227718,9.324390615280615,9.285829028977536

Iteration: ,12500
Error:,0.02469700587047791
Absolute Error:,0.7451370952796623
Transition Probabilities
0.00038986354775828405,0.00038986354775828405,0.98688543633231,0.01233483657217344
0.9784687192388262,0.019994001745032436,0.0007686395080707147,0.0007686395080707147
0.01392501556006062,0.006410204192507513,0.012480903079071855,0.96718387716836
0.01653029287674448,0.0029991094846194733,0.016242579131828146,0.9642280185068078

0.02180141052707191,0.008989429122458014,0.959690501968297,0.009518658382173022
0.9493971407349293,0.02309970921134783,0.02195586427809456,0.005547285775628321
0.9761785491175495,0.0007050305055725222,0.011837886849745011,0.011278533527132945
0.0005314495703303111,0.9871699647117433,0.0064140106073319976,0.005884575110594345

Transition Gammas
1.0,1.0,2531.3611441923786,31.63885580762492
1272.987803729713,26.012196270287205,1.0,1.0
26.332138198191274,12.121665641786766,23.601328364685887,1828.940111902384
19.313728348069336,3.5041112885270573,18.977568235677293,1126.5885095863644

24.57277119001527,10.132151067965253,1081.6848335943487,10.728655110210113
610.7178619244687,14.859329584362078,14.123529462330097,3.56839763152565
1733.0783877569422,1.2516902087447457,21.01663253566812,20.023573268574683
1.0141378100686664,1883.7655387624106,12.239525693913006,11.22923123662249

Iteration: ,14739
Error:,0.02477106046053275
Absolute Error:,0.7449540420760529
Transition Probabilities
0.00031999999999999943,0.00031999999999999943,0.9879357680385027,0.011424231961497331
0.9778985278490799,0.02062871810084653,0.0007363770250368187,0.0007363770250368187
0.015006841943457092,0.006418751538486692,0.010272659847598349,0.9683017466704579
0.01575292365198792,0.0027479777877413426,0.014771328084351278,0.9667277704759194

0.02150660490903205,0.008964029594450045,0.9597310921572355,0.009798273339282475
0.9566129094253486,0.01883457257488941,0.02086591650742042,0.003686601492341485
0.9734049685344324,0.0006250840421281515,0.013386796047398446,0.012583151376040927
0.00043753541919603836,0.9873604743587374,0.0067559658803279165,0.00544602434173891

*,*,*,*,*,*,*,*,*,*,*
Model Num 2
Model States: 
"['diamond', 'x', 'square']","['diamond', 'x', 'diamond']","['square', 'y', 'diamond', 'x', 'square']","['square', 'y', 'diamond', 'x', 'diamond']"
Iteration: ,14739
Error:,0.025076928851745603
Transition Probabilities
0.00031999999999999943,0.00031999999999999943,0.9879357680385027,0.011424231961497331
0.9778985278490799,0.02062871810084653,0.0007363770250368187,0.0007363770250368187
0.015006841943457092,0.006418751538486692,0.010272659847598349,0.9683017466704579
0.01575292365198792,0.0027479777877413426,0.014771328084351278,0.9667277704759194

0.02150660490903205,0.008964029594450045,0.9597310921572355,0.009798273339282475
0.9566129094253486,0.01883457257488941,0.02086591650742042,0.003686601492341485
0.9734049685344324,0.0006250840421281515,0.013386796047398446,0.012583151376040927
0.00043753541919603836,0.9873604743587374,0.0067559658803279165,0.00544602434173891

Transition Gammas
1.0,1.0,3087.2992751203265,35.70072487967922
1327.9862008190507,28.013799180949594,1.0,1.0
34.55031503184538,14.777918538853404,23.65078777312349,2229.325165108221
20.27082869976535,3.53609198118823,19.007713608015358,1243.9832419393776

25.73975633010861,10.728422197411867,1148.6352475923209,11.72687038589772
956.6175132670917,18.834663219068034,20.866016927743498,3.6866192346588567
1950.6004303985908,1.2526021964385865,26.825721026499863,25.215302246536485
1.0164224463730729,2293.7008177391285,15.694535953943378,12.651458925562768

