0,1,2,3,4,5,6,7,8,9,10,11,12,13,14,15,16,17,18,19,20,21,22,23,24,25,26,27,28,29
github Code Version (SHA):,cd93f48c3be2409aefa56252372b16f046dc3cc1
Environment Observations,Environment Actions,alpha,epsilon,numActions,explore,patience,gainThresh,insertRandActions,useBudd,revisedSplitting,haveControl,confidence_factor
"['square', 'diamond']","['x', 'y']",0.99,0.99,75000,0.5,0,0.01,False,True,False,True,250

Model Num 0
Model States: 
['square'],['diamond']
Iteration: ,0
Error:,0.6771466693411999
Absolute Error:,1
Transition Probabilities
0.5,0.5
0.5,0.5

0.5,0.5
0.5,0.5

Transition Gammas
1.0,1.0
1.0,1.0

1.0,1.0
1.0,1.0

Iteration: ,1794
Error:,0.23697859438482918
Absolute Error:,1
Transition Probabilities
0.988013698630137,0.011986301369863013
0.9800796812749004,0.0199203187250996

0.215311004784689,0.784688995215311
0.09195402298850575,0.9080459770114943


Model Num 1
Model States: 
['diamond'],"['square', 'y', 'diamond']","['square', 'y', 'square']"
Iteration: ,0
Error:,0.6190950776595575
Absolute Error:,1
Transition Probabilities
0.3333333333333333,0.3333333333333333,0.3333333333333333
0.3333333333333333,0.3333333333333333,0.3333333333333333
0.3333333333333333,0.3333333333333333,0.3333333333333333

0.3333333333333333,0.3333333333333333,0.3333333333333333
0.3333333333333333,0.3333333333333333,0.3333333333333333
0.3333333333333333,0.3333333333333333,0.3333333333333333

Transition Gammas
1.0,1.0,1.0
1.0,1.0,1.0
1.0,1.0,1.0

1.0,1.0,1.0
1.0,1.0,1.0
1.0,1.0,1.0

Iteration: ,2500
Error:,0.14165607991616097
Absolute Error:,1
Transition Probabilities
0.025276461295418624,0.9602506111988567,0.01447292750572472
0.011038060136500204,0.9796052737444725,0.009356666119027312
0.031109556284331652,0.93258517579786,0.0363052679178082

0.6708333333333333,0.004945302674814112,0.32422136399185264
0.9973890339425587,0.0013054830287206266,0.0013054830287206266
0.03125,0.3105203039292004,0.6582296960707997

Transition Gammas
16.0,607.8386368888767,9.161363111123755
4.7378826522995,420.47740048339904,4.016175445729523
4.948498442220963,148.34336586145295,5.774963811559496

322.0,2.373745283910774,155.62625471608928
764.0,1.0,1.0
1.0,9.936649725734412,21.06335027426559

Iteration: ,4152
Error:,0.1302679412584268
Absolute Error:,1
Transition Probabilities
0.0201816347124117,0.9685202719763564,0.011298093311231858
0.024549587619249847,0.9571271581057605,0.018323254274989632
0.02542272729782498,0.9464515461783387,0.028125726523836228

0.680337756332931,0.002879511072815527,0.3167827325942534
0.9983484723369116,0.0008257638315441783,0.0008257638315441783
0.011494252873563218,0.149077193739668,0.8394285533867688


Model Num 2
Model States: 
"['square', 'y', 'diamond']","['square', 'y', 'square']","['diamond', 'y', 'diamond']","['diamond', 'y', 'square', 'y', 'square']"
Iteration: ,0
Error:,0.6763735868739253
Absolute Error:,0.74
Transition Probabilities
0.25,0.25,0.25,0.25
0.25,0.25,0.25,0.25
0.25,0.25,0.25,0.25
0.25,0.25,0.25,0.25

0.25,0.25,0.25,0.25
0.25,0.25,0.25,0.25
0.25,0.25,0.25,0.25
0.25,0.25,0.25,0.25

Transition Gammas
1.0,1.0,1.0,1.0
1.0,1.0,1.0,1.0
1.0,1.0,1.0,1.0
1.0,1.0,1.0,1.0

1.0,1.0,1.0,1.0
1.0,1.0,1.0,1.0
1.0,1.0,1.0,1.0
1.0,1.0,1.0,1.0

Iteration: ,2500
Error:,0.028293897410013175
Absolute Error:,0.3882635888860892
Transition Probabilities
0.9611521741627236,0.00875036349323446,0.025441425467459297,0.0046560368765827444
0.9398906763977737,0.02308455302941555,0.021759203943350965,0.015265566629459926
0.9648574519422657,0.01891666119079232,0.013153603903869944,0.003072282963072092
0.9664043079098319,0.022976024207590814,0.005309833941288617,0.005309833941288617

0.0013605442176870747,0.0013605442176870747,0.9819033311340798,0.015375580430546003
0.09353742611106618,0.8847234434541511,0.0108695652173913,0.0108695652173913
0.0030487804878048786,0.0030487804878048786,0.02898930159540724,0.9649131374289831
0.027259808399448374,0.9582474379773633,0.007246376811594203,0.007246376811594203

Transition Gammas
434.4240317835588,3.9550117978082064,11.499080918713512,2.104447522911768
122.0532191292883,2.9977358858366965,2.825627441220333,1.9823704987681872
398.9520796086478,7.8217163645541055,5.438790591536362,1.2703365401764775
182.0027365442054,4.327070198736738,1.0,1.0

1.0,1.0,721.6989483835487,11.301051616451312
8.60544320221809,81.39455679778193,1.0,1.0
1.0,1.0,9.508490923293573,316.4915090767064
3.7618535591238755,132.23814644087614,1.0,1.0

Iteration: ,5000
Error:,0.021893839143759475
Absolute Error:,0.386012477718583
Transition Probabilities
0.9655389141288013,0.014019450198134966,0.0180895638069512,0.0023520718661124537
0.952384941979655,0.01843156841467133,0.01785384171146371,0.011329647894209989
0.9709429287758178,0.012848191866521691,0.013443455298725794,0.002765424058934803
0.9696128828704073,0.019704182666417085,0.003273244518008835,0.007409689945166847

0.0006779661016949157,0.0006779661016949157,0.9868509342858957,0.011793133510714556
0.08914211397130335,0.8992971923870782,0.005780346820809252,0.005780346820809252
0.0015455950540958277,0.0015455950540958277,0.025782979558835673,0.9711258303329727
0.025077378386591916,0.9675696804369374,0.003676470588235295,0.003676470588235295

Transition Gammas
875.5922807850257,12.713441369075225,16.40439572176761,2.1329600906639032
249.91469059672818,4.836615442480835,4.68501456775314,2.9730052663010795
816.0481193757768,10.798516060334801,11.298816943102224,2.324255150007205
358.93404686777285,7.294150221830517,1.211698938816277,2.7429400382767475

1.0,1.0,1455.605128071695,17.394871928303957
15.421585717035473,155.57841428296445,1.0,1.0
1.0,1.0,16.681587774566673,628.318412225433
6.821046921152999,263.1789530788469,1.0,1.0

Iteration: ,7500
Error:,0.018977089193245915
Absolute Error:,0.3862835557103423
Transition Probabilities
0.9662812397040577,0.012656453970701462,0.019201264461441013,0.0018610418637998647
0.9660421785524824,0.009529723922321806,0.01754050008425581,0.006887597440939987
0.9687395581398903,0.012517850460361652,0.016599060304265695,0.0021435310954824073
0.9656932742344198,0.017769236018709403,0.009378497328409776,0.007158992418460842

0.00047036688617121313,0.00047036688617121313,0.9856810857036824,0.013378180523975079
0.04109030100001166,0.9541250100047731,0.002392344497607658,0.002392344497607658
0.0009442870632672334,0.0009442870632672334,0.027209237494974066,0.9709021883784916
0.018697743393856863,0.9775143778182643,0.0018939393939393936,0.0018939393939393936

Transition Gammas
1122.1146416995648,14.697576366969868,22.29787675265987,2.161174447333013
491.58513257013425,4.849343746802914,8.925748016702046,3.5048578377473585
1064.248059099594,13.75199138364811,18.235569677377523,2.3548628615590776
503.530578837452,9.265212813140188,4.890124343201474,3.7328328699589437

1.0,1.0,2095.5579882060306,28.44201179397104
17.175745818004856,398.8242541819947,1.0,1.0
1.0,1.0,28.81458250717753,1028.1854174928224
9.872408511956426,516.1275914880437,1.0,1.0

Iteration: ,10000
Error:,0.017320271130742988
Absolute Error:,0.38464432594948134
Transition Probabilities
0.9676529065038977,0.012234402833354578,0.018521348788921536,0.0015913418738262679
0.9690197901837924,0.00939692424250223,0.015926813479467505,0.0056564720942378745
0.9700077670973003,0.01317886205713833,0.014337657338757349,0.0024757135068039413
0.9668911775464002,0.02107658194070477,0.008123900705064833,0.003908339807830085

0.00034364261168384855,0.00034364261168384855,0.9860863492230344,0.013226365553597958
0.04405395423648786,0.9518138143585535,0.0020661157024793415,0.0020661157024793415
0.0006261740763932376,0.0006261740763932376,0.01945409077746772,0.9792935610697459
0.017297406437060642,0.9795279903883362,0.001587301587301587,0.001587301587301587

Transition Gammas
1319.0647620561288,16.677436251996294,25.247543172773955,2.169251986988317
600.423117090541,5.822513226150651,9.868556959861223,3.5048578377473585
1300.8533566067765,17.673845019393966,19.227876629084147,3.3201179769518196
923.4722021835577,20.130122180529252,7.759090835293876,3.7328328699589437

1.0,1.0,2869.511276239032,38.48872376097009
21.3221138504601,460.6778861495393,1.0,1.0
1.0,1.0,31.068182971615933,1563.9318170283834
10.897366055348206,617.1026339446519,1.0,1.0

Iteration: ,12500
Error:,0.015458702014929543
Absolute Error:,0.3845109949592081
Transition Probabilities
0.9698335503849559,0.012338964254792546,0.01646161775547254,0.0013658676047790857
0.9755165046525712,0.008212370777307378,0.011387426112011965,0.004883698458109496
0.9685587314719972,0.01368423758088987,0.015404440894031379,0.002352590053081624
0.9670517848318905,0.01976608568785239,0.009517583615362889,0.003664545864894148

0.00029420417769932303,0.00029420417769932303,0.9854341111941886,0.013977480450412793
0.025986122592825123,0.9720664577382362,0.0009737098344693284,0.0009737098344693284
0.0004997501249375313,0.0004997501249375313,0.0220377356907283,0.9769627640593966
0.016452747962580925,0.9814789997106352,0.001034126163391934,0.001034126163391934

Transition Gammas
1545.5421994622754,19.663570048560253,26.233496358629314,2.176668379049804
918.6479827228361,7.7336239950468855,10.723586916585099,4.598999315103067
1389.8748704396282,19.63678331194135,22.10526279521314,3.3759499439491822
985.0723179520681,20.134416947233845,9.694939092551241,3.7328328699589437

1.0,1.0,3349.4905439490503,47.50945605095313
26.687747902831394,998.3122520971683,1.0,1.0
1.0,1.0,44.09750911714732,1954.9024908828521
15.909807279815752,949.0901927201842,1.0,1.0

Iteration: ,12877
Error:,0.015552011471852489
Absolute Error:,0.38434117714217547
Transition Probabilities
0.9704015203445648,0.012106990540779785,0.016151364141431666,0.0013401249732237401
0.9759747233487119,0.0077322251919526245,0.011695402417960334,0.004597649041375113
0.9682030891703711,0.014220897170948913,0.015247406188805808,0.0023286074698743733
0.9673317869862442,0.019599049325405897,0.009436021575499508,0.003633142112850275

0.00028727377190462485,0.00028727377190462485,0.9849145018746455,0.014510950581545312
0.02466420474812232,0.9734890731835489,0.0009233610341643587,0.0009233610341643587
0.000484027105517909,0.000484027105517909,0.021346523447989915,0.9776854223409742
0.01649026036451093,0.9815604218966977,0.0009746588693957114,0.0009746588693957114

*,*,*,*,*,*,*,*,*,*,*
Model Num 2
Model States: 
"['square', 'y', 'diamond']","['square', 'y', 'square']","['diamond', 'y', 'diamond']","['diamond', 'y', 'square', 'y', 'square']"
Iteration: ,12877
Error:,0.01552106176362248
Transition Probabilities
0.9704015203445648,0.012106990540779785,0.016151364141431666,0.0013401249732237401
0.9759747233487119,0.0077322251919526245,0.011695402417960334,0.004597649041375113
0.9682030891703711,0.014220897170948913,0.015247406188805808,0.0023286074698743733
0.9673317869862442,0.019599049325405897,0.009436021575499508,0.003633142112850275

0.00028727377190462485,0.00028727377190462485,0.9849145018746455,0.014510950581545312
0.02466420474812232,0.9734890731835489,0.0009233610341643587,0.0009233610341643587
0.000484027105517909,0.000484027105517909,0.021346523447989915,0.9776854223409742
0.01649026036451093,0.9815604218966977,0.0009746588693957114,0.0009746588693957114

Transition Gammas
1576.1532293773773,19.664511894123702,26.233496358629314,2.176668379049804
976.2613552808637,7.734496052655858,11.698837215719081,4.598999315103067
1403.6737436011397,20.61705874788855,22.10526279521314,3.3759499439491822
993.8746623334146,20.13683287616467,9.694939092551241,3.7328328699589437

1.0,1.0,3428.487381025644,50.51261897435928
26.71133374221646,1054.288666257783,1.0,1.0
1.0,1.0,44.101917443547165,2019.8980825564527
16.919007133988217,1007.0809928660118,1.0,1.0

