0,1,2,3,4,5,6,7,8,9,10,11,12,13,14,15,16,17,18,19,20,21,22,23,24,25,26,27,28,29
github Code Version (SHA):,cd93f48c3be2409aefa56252372b16f046dc3cc1
Environment Observations,Environment Actions,alpha,epsilon,numActions,explore,patience,gainThresh,insertRandActions,useBudd,revisedSplitting,haveControl,confidence_factor
"['diamond', 'square']","['x', 'y']",0.99,0.99,75000,0.5,0,0.01,False,True,False,True,250

Model Num 0
Model States: 
['diamond'],['square']
Iteration: ,0
Error:,0.6747086079901277
Absolute Error:,1
Transition Probabilities
0.5,0.5
0.5,0.5

0.5,0.5
0.5,0.5

Transition Gammas
1.0,1.0
1.0,1.0

1.0,1.0
1.0,1.0

Iteration: ,2465
Error:,0.15275774170008255
Absolute Error:,1
Transition Probabilities
0.46990291262135925,0.5300970873786408
0.027181688125894134,0.9728183118741058

0.028,0.972
0.9762219286657859,0.023778071334214


Model Num 1
Model States: 
['square'],"['diamond', 'x', 'square']","['diamond', 'x', 'diamond']"
Iteration: ,0
Error:,0.7216216579935786
Absolute Error:,1
Transition Probabilities
0.3333333333333333,0.3333333333333333,0.3333333333333333
0.3333333333333333,0.3333333333333333,0.3333333333333333
0.3333333333333333,0.3333333333333333,0.3333333333333333

0.3333333333333333,0.3333333333333333,0.3333333333333333
0.3333333333333333,0.3333333333333333,0.3333333333333333
0.3333333333333333,0.3333333333333333,0.3333333333333333

Transition Gammas
1.0,1.0,1.0
1.0,1.0,1.0
1.0,1.0,1.0

1.0,1.0,1.0
1.0,1.0,1.0
1.0,1.0,1.0

Iteration: ,2500
Error:,0.1260110138259169
Absolute Error:,1
Transition Probabilities
0.9827784156142365,0.01354291585433648,0.0036786685314270113
0.9957264957264957,0.002136752136752137,0.002136752136752137
0.003236245954692556,0.9675468398463493,0.029216914198958215

0.028614457831325296,0.2952837588797761,0.6761017832888986
0.8156395721130026,0.03408821198779664,0.15027221589920062
0.9830771615937379,0.008265631915257875,0.008657206491004071

Transition Gammas
856.0,11.795879709127073,3.2041202908729267
466.0,1.0,1.0
1.0,298.97197351252197,9.02802648747809

19.0,196.06841589617136,448.93158410382875
26.361459554159016,1.1017305343117918,4.856795914497142
148.88479602692004,1.2518111190190913,1.3111141962513877

Iteration: ,5000
Error:,0.1577740665220007
Absolute Error:,1
Transition Probabilities
0.9778247096092925,0.017688579097131354,0.004486711293576144
0.9987146529562982,0.0006426735218508997,0.0006426735218508997
0.0025380710659898475,0.9718986981967865,0.025563230737223653

0.01962922573609596,0.6819040938773399,0.29846668038656415
0.8205411505747332,0.11356264990557692,0.06589619951968985
0.9844287710277336,0.007605464524516587,0.00796576444774967

Transition Gammas
926.0,16.75108440498339,4.248915595016609
1554.0,1.0,1.0
1.0,382.92808708953396,10.071912910466121

36.0,1250.6121081710417,547.3878918289588
72.75801957734149,10.069688155551198,5.843067067834185
162.0307185027786,1.2518111190190913,1.3111141962513877

Iteration: ,7500
Error:,0.1661942175442589
Absolute Error:,1
Transition Probabilities
0.9785365853658536,0.017259156289521523,0.004204258344624817
0.9992298806314979,0.0003850596842510589,0.0003850596842510589
0.0021008403361344537,0.9766349049027357,0.02126425476112981

0.027152317880794693,0.7635890178303382,0.20925866428886722
0.8491267086599444,0.1203607941676341,0.030512497172421504
0.9844287710277336,0.007605464524516587,0.00796576444774967

Transition Gammas
1003.0,17.690635196759562,4.309364803240437
2595.0,1.0,1.0
1.0,464.87821473370224,10.121785266297788

82.0,2306.038833847622,631.9611661523792
162.6056458031817,23.048791735568685,5.843067067834185
162.0307185027786,1.2518111190190913,1.3111141962513877

Iteration: ,10000
Error:,0.14515086884225567
Absolute Error:,1
Transition Probabilities
0.9798701298701299,0.017173250475376385,0.0029566196544937463
0.9992782389029231,0.00036088054853843375,0.00036088054853843375
0.0015797788309636657,0.9807845991682612,0.0176356220007752

0.028948704926358513,0.7622303561479287,0.20882093892571285
0.945348418516833,0.03921424462415651,0.015437336859010364
0.9844287710277336,0.007605464524516587,0.00796576444774967

Transition Gammas
1509.0,26.446805732079632,4.553194267920369
2769.0,1.0,1.0
1.0,620.8366512735091,11.163348726490698

114.0,3001.6631425105475,822.3368574894585
743.4259878040635,30.838247544161565,12.139986885977434
162.0307185027786,1.2518111190190913,1.3111141962513877

Iteration: ,12500
Error:,0.1413496108589664
Absolute Error:,1
Transition Probabilities
0.9810822701275846,0.016014662296387684,0.002903067576027628
0.999384236453202,0.0003078817733990148,0.0003078817733990148
0.0010460251046025108,0.9799250244077633,0.01902895048763424

0.02874302874302871,0.7248423659336876,0.24641460532328385
0.9527006721793935,0.03379272298898115,0.01350660483162535
0.9844287710277336,0.007605464524516587,0.00796576444774967

Transition Gammas
2230.0,36.40132739968921,6.598672600310798
3246.0,1.0,1.0
1.0,936.8083233338214,18.191676666178328

134.0,3379.215109982855,1148.7848900171507
942.7818918811786,33.44089937344892,13.365984540476365
162.0307185027786,1.2518111190190913,1.3111141962513877

Iteration: ,13319
Error:,0.13736299752515388
Absolute Error:,1
Transition Probabilities
0.9821144674085851,0.015238072862779594,0.0026474597286353526
0.9994110718492344,0.0002944640753828033,0.0002944640753828033
0.0009505703422053234,0.9817468130940163,0.01730261656377841

0.02794777641778863,0.7168078901935103,0.2552443333887011
0.9560457858302818,0.03140282646867845,0.012551387701039855
0.9844287710277336,0.007605464524516587,0.00796576444774967


Model Num 2
Model States: 
"['diamond', 'x', 'square']","['diamond', 'x', 'diamond']","['square', 'y', 'diamond', 'x', 'square']","['square', 'y', 'diamond', 'x', 'diamond']"
Iteration: ,0
Error:,0.6740496275619011
Absolute Error:,0.74
Transition Probabilities
0.25,0.25,0.25,0.25
0.25,0.25,0.25,0.25
0.25,0.25,0.25,0.25
0.25,0.25,0.25,0.25

0.25,0.25,0.25,0.25
0.25,0.25,0.25,0.25
0.25,0.25,0.25,0.25
0.25,0.25,0.25,0.25

Transition Gammas
1.0,1.0,1.0,1.0
1.0,1.0,1.0,1.0
1.0,1.0,1.0,1.0
1.0,1.0,1.0,1.0

1.0,1.0,1.0,1.0
1.0,1.0,1.0,1.0
1.0,1.0,1.0,1.0
1.0,1.0,1.0,1.0

Iteration: ,2500
Error:,0.04165297491753315
Absolute Error:,0.9716308823186587
Transition Probabilities
0.0021052631578947385,0.0021052631578947385,0.9800982768401016,0.015691196844108895
0.9816920922951096,0.013192818190824011,0.0025575447570332483,0.0025575447570332483
0.02336173170400484,0.006111970561404276,0.027110741447716268,0.9434155562868746
0.01949032007186756,0.017130671402291638,0.012496121983968697,0.9508828865418721

0.01876750267907723,0.00839830733360903,0.9581237792437662,0.014710410743547652
0.033978290867419644,0.06770688800283191,0.06439931120094022,0.8339155099288081
0.9522169895120989,0.003671296944883873,0.032095268966168336,0.012016444576848941
0.0024860393433397566,0.9861391334267228,0.008045842564175378,0.003328984665762043

Transition Gammas
1.0,1.0,465.5466814990479,7.453318500951719
383.8416080873878,5.1583919126121875,1.0,1.0
8.928972667695271,2.3360262321299365,10.361863258026984,360.57822352783785
4.689991013690275,4.122184481269544,3.0069644620861786,228.81267093146965

4.367899669968546,1.9546001648722795,222.99123174302017,3.4236626646909207
1.0,1.992651374579679,1.895307549523923,24.54259730669428
308.88977799589907,1.1909324353089512,10.41138796605397,3.898015828876085
1.015784533513286,402.9320301429199,3.2874952110744924,1.3602082142598815

Iteration: ,5000
Error:,0.03291516455165468
Absolute Error:,0.9776957919704299
Transition Probabilities
0.0010706638115631692,0.0010706638115631692,0.9855028668581499,0.012355805518723728
0.9830738332728077,0.014358772632198777,0.0012836970474967907,0.0012836970474967907
0.02024661760641,0.004606092883447358,0.024989125103790144,0.9501581644063525
0.018137734634777306,0.01119698752979137,0.009697721589537585,0.9609675562458937

0.017128763844474464,0.005648414611607849,0.9689227263651046,0.008300095178813062
0.041071043248840276,0.04120090237443616,0.04116371622137888,0.8765643381553447
0.9634454904482882,0.001873575157696714,0.0276096001974919,0.00707133419652321
0.0012546166709167595,0.9883560211032243,0.00820162503233976,0.0021877371935193138

Transition Gammas
1.0,1.0,920.4596776455119,11.54032235448796
765.8145161195173,11.185483880482849,1.0,1.0
15.675391783745097,3.566141858554117,19.347148938641244,735.634058642874
9.001096805432821,5.5566569207397425,4.812625864102868,476.89318290413394

8.205822979829641,2.7059682088202255,464.1787607020339,3.9763004716215193
1.98637083337287,1.992651374579679,1.9908528936063374,42.39439023589293
616.6207921613303,1.1991185898593872,17.670593421028478,4.525768958520733
1.0166824999946746,800.9173588342062,6.646212213811182,1.772839601767193

Iteration: ,7500
Error:,0.02404788802708818
Absolute Error:,0.9813608898215813
Transition Probabilities
0.0007524454477050418,0.0007524454477050418,0.9844971756071652,0.013997933497424722
0.9854885598072628,0.012722531427084245,0.0008944543828264753,0.0008944543828264753
0.02220027936839187,0.004273037635936572,0.02361436532159508,0.9499123176740766
0.011719991100975,0.007235114905433951,0.01576471761628244,0.9652801763773086

0.018826978996965994,0.005112560825647174,0.9668385498926005,0.009221910284786281
0.01910075402789543,0.019161147118016284,0.035803965256599825,0.9259341335974884
0.9670345343215921,0.001199818234013207,0.025886971403849546,0.0058786760405451655
0.0008421265321589905,0.9859266927757209,0.011503960418874576,0.0017272202732455631

Transition Gammas
1.0,1.0,1308.396746381922,18.603253618077446
1101.7762098645205,14.223790135480195,1.0,1.0
24.852792374555154,4.783584720370311,26.435834822425033,1063.4088523587982
9.001096805432821,5.5566569207397425,12.107496341244286,741.3470059046896

14.753380986044691,4.00635480005875,757.6434584039856,7.226563320249167
1.98637083337287,1.992651374579679,3.7234107198563646,96.29193454438105
970.3964090644232,1.20398937627727,25.976966902709414,5.899113131259677
1.01804111005351,1191.8801586402021,13.907060504099668,2.0880249904652857

Iteration: ,10000
Error:,0.020485359102904516
Absolute Error:,0.9838940321682461
Transition Probabilities
0.0006053268765133169,0.0006053268765133169,0.986287773020269,0.01250157322670436
0.9866235463979561,0.01198659953672063,0.0006949270326615697,0.0006949270326615697
0.020917646741381156,0.003359066993656827,0.018953110643281434,0.9567701756216805
0.010451848888386088,0.005700497061196934,0.016624662374357255,0.9672229916760597

0.01678022893849303,0.005838597034242915,0.9699058852301115,0.007475288797152684
0.01444650140516728,0.007314906407306385,0.033969527417598476,0.9442690647699279
0.9707583909863736,0.0009312340348834537,0.023595967516904737,0.004714407461838019
0.0005991803932645346,0.9855807102365141,0.012520622546912795,0.0012994868233085822

Transition Gammas
1.0,1.0,1629.3474010294851,20.652598970515612
1419.7512832666607,17.24871673334101,1.0,1.0
30.407144439741757,4.882941017300502,27.551377075919227,1390.8184455669123
10.665112568175548,5.816812269432554,16.963878594480036,986.958594112009

18.046702797246102,6.2792603018756585,1043.10872731273,8.039480017840152
3.9353669452449234,1.992651374579679,9.253628376555731,257.2280416339241
1258.2936946147124,1.2070623598873582,30.585012110672103,6.110798771512856
1.020618912840938,1678.7971106966622,21.32710668701757,2.2134917026078056

Iteration: ,12500
Error:,0.019582791179958564
Absolute Error:,0.9844999692194544
Transition Probabilities
0.0005144032921810698,0.0005144032921810698,0.988329032040777,0.010642161374860746
0.9862857666362441,0.012584289860931066,0.0005649717514124291,0.0005649717514124291
0.0237057611816196,0.0027249689542180734,0.015802144883313014,0.9577671249808493
0.00964401403282458,0.005259899395727631,0.015360820815990705,0.9697352657554571

0.01674896286609239,0.006476726548335963,0.9702715278570949,0.006502782728476733
0.0112116962448572,0.004852025811591874,0.026260094864133932,0.9576761830794169
0.9715895281456032,0.0008219989991406705,0.02336515352393997,0.0042233193313163594
0.0004293721457458405,0.9837145637877241,0.014883616272474599,0.0009724477940553394

Transition Gammas
1.0,1.0,1921.311638287271,20.688361712729293
1745.725806946153,22.274193053848,1.0,1.0
42.967861920479464,4.939140695183367,28.64216736984844,1736.0001757741536
10.665112568175548,5.816812269432554,16.987209121068993,1072.4098633007147

21.746145794970097,8.409108129280055,1259.759560886257,8.442938372784164
6.850654166996759,2.9647209591327153,16.04563880235596,585.1664361006883
1428.2481157508319,1.208348266075376,34.347052462050755,6.208329446159594
1.023841472212372,2345.675603795107,35.490107467927274,2.3188098971483817

Iteration: ,15000
Error:,0.01950912396295413
Absolute Error:,0.984512787884604
Transition Probabilities
0.00044722719141323755,0.00044722719141323755,0.9898413258578005,0.009264219759373082
0.9865494323862821,0.012499997271512405,0.00047528517110266116,0.00047528517110266116
0.025258436092825597,0.003140755829234952,0.01368671110650265,0.9579140969714367
0.009781607136313016,0.004893898276006615,0.014308032942936599,0.9710164616447438

0.014835249574085881,0.006145524671623765,0.9727726114305841,0.006246614323706372
0.011403600887150981,0.004177249903133952,0.025110691982832365,0.9593084572268826
0.9688807952393262,0.0007303437812658984,0.02650406383026573,0.0038847971491420604
0.00033577987798815925,0.9847536490942065,0.014141906568316664,0.0007686644594886921

Transition Gammas
1.0,1.0,2213.2852046180437,20.71479538195823
2075.7000057407395,26.299994259262125,1.0,1.0
54.81358085293662,6.815785148075784,29.701666527966882,2078.7788132071096
11.62626789449795,5.816812269432554,17.00630803503981,1154.135241348955

22.67127128646318,9.391608569323308,1486.5939169845701,9.546094067876856
10.75957476510088,3.941336871577335,23.692548561317164,905.1308591443486
1604.2282571227768,1.2092696408862564,43.8842098367688,6.432268438455619
1.0258645749171507,3008.5897037039394,43.205927219783625,2.3484005167668065

Iteration: ,15417
Error:,0.01933585020690496
Absolute Error:,0.9846810364539187
Transition Probabilities
0.00043898156277436304,0.00043898156277436304,0.9895882219513811,0.00953381492307023
0.9868961878391961,0.012177886234878095,0.0004629629629629624,0.0004629629629629624
0.025479535984098172,0.0030659041151793087,0.013335525949160027,0.9581190339515625
0.009661365460998073,0.004833739396251223,0.01413478593238904,0.9713701092103617

0.014408423908810763,0.005968711491411924,0.9733366563226082,0.006286208277169153
0.011739586575507083,0.003940805871780415,0.024324808973167193,0.9599947985795453
0.9694158756429812,0.0007179532138243852,0.02604819268748695,0.003817978455707554
0.00032389845891687746,0.9850039167928366,0.0139299497499866,0.0007422349982600323

*,*,*,*,*,*,*,*,*,*,*
Model Num 2
Model States: 
"['diamond', 'x', 'square']","['diamond', 'x', 'diamond']","['square', 'y', 'diamond', 'x', 'square']","['square', 'y', 'diamond', 'x', 'diamond']"
Iteration: ,15417
Error:,0.01866508198081571
Transition Probabilities
0.00043898156277436304,0.00043898156277436304,0.9895882219513811,0.00953381492307023
0.9868961878391961,0.012177886234878095,0.0004629629629629624,0.0004629629629629624
0.025479535984098172,0.0030659041151793087,0.013335525949160027,0.9581190339515625
0.009661365460998073,0.004833739396251223,0.01413478593238904,0.9713701092103617

0.014408423908810763,0.005968711491411924,0.9733366563226082,0.006286208277169153
0.011739586575507083,0.003940805871780415,0.024324808973167193,0.9599947985795453
0.9694158756429812,0.0007179532138243852,0.02604819268748695,0.003817978455707554
0.00032389845891687746,0.9850039167928366,0.0139299497499866,0.0007422349982600323

Transition Gammas
1.0,1.0,2254.2819696052484,21.718030394754003
2131.695765732666,26.304234267336717,1.0,1.0
56.770820125897984,6.831124835033194,29.712815234017487,2134.779980671948
11.62626789449795,5.816812269432554,17.009480548555842,1168.9247405015071

22.67127128646318,9.391608569323308,1531.5193062202297,9.891181305941682
11.741168413915354,3.941336871577335,24.32808659430488,960.1241520822743
1633.2054287301064,1.2095583699972827,43.8842098367688,6.432268438455619
1.026138263121072,3120.577392449541,44.131282654491926,2.351464512949971

