0,1,2,3,4,5,6,7,8,9,10,11,12,13,14,15,16,17,18,19,20,21,22,23,24,25,26,27,28,29
github Code Version (SHA):,cd93f48c3be2409aefa56252372b16f046dc3cc1
Environment Observations,Environment Actions,alpha,epsilon,numActions,explore,patience,gainThresh,insertRandActions,useBudd,revisedSplitting,haveControl,confidence_factor
"['diamond', 'square']","['x', 'y']",0.99,0.99,75000,0.5,0,0.01,False,True,False,True,250

Model Num 0
Model States: 
['diamond'],['square']
Iteration: ,0
Error:,0.6747171913200607
Absolute Error:,1
Transition Probabilities
0.5,0.5
0.5,0.5

0.5,0.5
0.5,0.5

Transition Gammas
1.0,1.0
1.0,1.0

1.0,1.0
1.0,1.0

Iteration: ,2439
Error:,0.1607038383035852
Absolute Error:,1
Transition Probabilities
0.4656188605108055,0.5343811394891945
0.032210834553440704,0.9677891654465594

0.036,0.964
0.9707835325365206,0.029216467463479414


Model Num 1
Model States: 
['square'],"['diamond', 'x', 'square']","['diamond', 'x', 'diamond']"
Iteration: ,0
Error:,0.7215462983809469
Absolute Error:,1
Transition Probabilities
0.3333333333333333,0.3333333333333333,0.3333333333333333
0.3333333333333333,0.3333333333333333,0.3333333333333333
0.3333333333333333,0.3333333333333333,0.3333333333333333

0.3333333333333333,0.3333333333333333,0.3333333333333333
0.3333333333333333,0.3333333333333333,0.3333333333333333
0.3333333333333333,0.3333333333333333,0.3333333333333333

Transition Gammas
1.0,1.0,1.0
1.0,1.0,1.0
1.0,1.0,1.0

1.0,1.0,1.0
1.0,1.0,1.0
1.0,1.0,1.0

Iteration: ,2500
Error:,0.1334419929537612
Absolute Error:,1
Transition Probabilities
0.9826187717265353,0.013029878672620445,0.004351349600844214
0.9959514170040485,0.0020242914979757085,0.0020242914979757085
0.003401360544217687,0.9726926769220067,0.02390596253377573

0.02083333333333334,0.33952952259462743,0.6396371440720393
0.7788869274888607,0.11102229776633535,0.11009077474480387
0.9810417034220572,0.011944006426177926,0.007014290151764959

Transition Gammas
848.0,11.244785294471445,3.7552147055285565
492.0,1.0,1.0
1.0,285.97164701506995,7.0283529849300646

14.0,228.16383918358954,429.83616081641026
20.91172561336364,2.9807507943930194,2.9557410617331064
139.8632908242617,1.7028104295304258,1.0

Iteration: ,5000
Error:,0.1715711863145051
Absolute Error:,1
Transition Probabilities
0.9829424307036247,0.013054142104980218,0.0040034271913950495
0.998719590268886,0.0006402048655569782,0.0006402048655569782
0.002610966057441254,0.9737079822698509,0.0236810516727079

0.02594594594594595,0.6868414363370877,0.2872126177169663
0.7914281776591551,0.17219791127919273,0.03637391106165217
0.982233456524917,0.01119318439633714,0.0065733590787459655

Transition Gammas
922.0,12.244785294471445,3.7552147055285565
1560.0,1.0,1.0
1.0,372.9301572093528,9.069842790647124

48.0,1270.656657223612,531.3433427763875
75.06689640399662,16.33295747090113,3.4500624194974856
149.4264111785451,1.7028104295304258,1.0

Iteration: ,7500
Error:,0.15100971369913804
Absolute Error:,1
Transition Probabilities
0.9823788546255506,0.011553952800446765,0.006067192574002577
0.999154334038055,0.00042283298097251583,0.00042283298097251583
0.0022471910112359544,0.9772963892685043,0.02045641972025979

0.02915549597855226,0.7678152797686479,0.2030292242527998
0.9221240973489592,0.06499038134694009,0.012885521304100747
0.982233456524917,0.01119318439633714,0.0065733590787459655

Transition Gammas
1115.0,13.113736428507078,6.886263571492925
2363.0,1.0,1.0
1.0,434.8968932244846,9.10310677551561

87.0,2291.160794829647,605.839205170355
314.92613810000967,22.195678293280043,4.400695604173313
149.4264111785451,1.7028104295304258,1.0

Iteration: ,10000
Error:,0.13962385747007697
Absolute Error:,1
Transition Probabilities
0.9850230414746544,0.009759116607414103,0.0052178419179315216
0.9992301770592764,0.00038491147036181676,0.00038491147036181676
0.001560062402496099,0.9826172865508438,0.015822651046660058

0.028400208441896807,0.7552682125891091,0.21633157896899413
0.9562497911315209,0.037137334360527324,0.006612874507951896
0.982233456524917,0.01119318439633714,0.0065733590787459655

Transition Gammas
1710.0,16.941826430470883,9.05817356952912
2596.0,1.0,1.0
1.0,629.8576806790912,10.142319320909102

109.0,2898.719399917002,830.2806000829999
809.8162777279049,31.450378505172903,5.600224406610939
149.4264111785451,1.7028104295304258,1.0

Iteration: ,12500
Error:,0.13207599362489456
Absolute Error:,1
Transition Probabilities
0.9842805320435308,0.01008026597277661,0.005639201983692554
0.9993485342019544,0.0003257328990228013,0.0003257328990228013
0.0010515247108307045,0.978793002018678,0.02015547327049129

0.026795519437733346,0.722233560331054,0.2509709202312127
0.9519171723217538,0.04105664949212649,0.0070261781861199035
0.982233456524917,0.01119318439633714,0.0065733590787459655

Transition Gammas
2442.0,25.00913987845877,13.990860121541228
3068.0,1.0,1.0
1.0,930.8321449197629,19.167855080237217

122.0,3288.329400187291,1142.670599812712
1005.1609783049017,43.35308067693761,7.419175054988602
149.4264111785451,1.7028104295304258,1.0

Iteration: ,13454
Error:,0.1373778079240446
Absolute Error:,1
Transition Probabilities
0.9831932773109243,0.011470687401950485,0.005336035287125146
0.9993848046754845,0.00030759766225776686,0.00030759766225776686
0.0009398496240601503,0.9800918681367417,0.018968282239198102

0.026016931653933498,0.7131733339711119,0.2608097343749546
0.9536345872979609,0.0393016369691487,0.007063775732890255
0.982233456524917,0.01119318439633714,0.0065733590787459655


Model Num 2
Model States: 
"['diamond', 'x', 'square']","['diamond', 'x', 'diamond']","['square', 'y', 'diamond', 'x', 'square']","['square', 'y', 'diamond', 'x', 'diamond']"
Iteration: ,0
Error:,0.6742053622677898
Absolute Error:,0.74
Transition Probabilities
0.25,0.25,0.25,0.25
0.25,0.25,0.25,0.25
0.25,0.25,0.25,0.25
0.25,0.25,0.25,0.25

0.25,0.25,0.25,0.25
0.25,0.25,0.25,0.25
0.25,0.25,0.25,0.25
0.25,0.25,0.25,0.25

Transition Gammas
1.0,1.0,1.0,1.0
1.0,1.0,1.0,1.0
1.0,1.0,1.0,1.0
1.0,1.0,1.0,1.0

1.0,1.0,1.0,1.0
1.0,1.0,1.0,1.0
1.0,1.0,1.0,1.0
1.0,1.0,1.0,1.0

Iteration: ,2500
Error:,0.040588002192321226
Absolute Error:,0.9787729663748478
Transition Probabilities
0.0020790020790020787,0.0020790020790020787,0.9869894452425915,0.008852550599404449
0.9730005690017635,0.02176382890399573,0.0026178010471204177,0.0026178010471204177
0.02747123689149833,0.006413869538957067,0.017038806376522338,0.9490760871930223
0.0195904952542691,0.013335549611140848,0.02236038270662027,0.9447135724279697

0.009932362727626012,0.008923117676677063,0.9702774000158039,0.01086711957989306
0.07585712168220704,0.03802442633760857,0.07010035022692768,0.8160181017532567
0.9659628400197228,0.0030976765336469996,0.015469741723315202,0.015469741723315202
0.002627632182191931,0.9876628929621689,0.0048547374278194895,0.0048547374278194895

Transition Gammas
1.0,1.0,474.74192316168654,4.25807683831354
371.6862173586738,8.313782641326373,1.0,1.0
10.18657476116249,2.378318887678066,6.318138337962194,351.9257088571519
4.493155579240357,3.058559692332269,5.128439940297407,216.6736983238757

2.422160611876762,2.176040561977579,236.61718418475436,2.6501155598918666
1.9949576887417635,1.0,1.8435610206062194,21.460365884498906
337.43807860247824,1.082105826787795,5.404017325848156,5.404017325848156
1.0344586543037042,388.8277948807375,1.9112359715394711,1.9112359715394711

Iteration: ,5000
Error:,0.030837899820165483
Absolute Error:,0.9820167200593996
Transition Probabilities
0.0010373443983402492,0.0010373443983402492,0.987238992863615,0.010686318339704529
0.9772535689181758,0.02012863003470373,0.0013089005235602095,0.0013089005235602095
0.02013733726398035,0.003177796414710894,0.01638918272763095,0.9602956835936779
0.01904362171876807,0.010063681080333448,0.019392566257538185,0.9515001309433603

0.011118727090316785,0.008692187185144383,0.9735774319673082,0.00661165375723056
0.060630609477131794,0.02704550431069526,0.04416867204133303,0.8681552141708399
0.9735326341754628,0.0015624628107123188,0.014031906915386399,0.010872996098438349
0.0013161644274671065,0.9902776082003442,0.004215387407475163,0.004190839964713647

Transition Gammas
1.0,1.0,951.6983891205247,10.301610879475163
746.6217266534863,15.378273346513652,1.0,1.0
15.071138396644255,2.378318887678066,12.265953430587519,718.7022275794042
8.78195067638336,4.6408583501341445,8.942866166804619,438.78351197670446

5.433964586256557,4.248061577329525,475.80853854181845,3.2312594851500536
2.6755102002600744,1.193465203112223,1.9490771014449455,38.309991454054774
677.3568703387523,1.0871180711688786,9.763009702433644,7.565127608363528
1.0351171040758813,778.818564489085,3.3152541694055757,3.2959484676759914

Iteration: ,7500
Error:,0.021449778321194567
Absolute Error:,0.9839046713778852
Transition Probabilities
0.0007418397626112748,0.0007418397626112748,0.9886216106602513,0.009894709814526096
0.9798470019986825,0.01835766586487217,0.0008976660682226213,0.0008976660682226213
0.017843280071733122,0.00223879969213298,0.015657994686805458,0.9642599255493284
0.011783533326725408,0.00622705718223626,0.017334905858026255,0.9646545036330121

0.011890736892960116,0.0073867555376127434,0.9757690411131312,0.004953466456295969
0.03051089240106484,0.013609997970866422,0.02931314728983548,0.9265659623382332
0.9712034649452835,0.0010378703599833528,0.017770350138382535,0.009988314556350603
0.0008770814042859939,0.9878852061445969,0.006072655443380759,0.005165057007736406

Transition Gammas
1.0,1.0,1332.6619311700208,13.338068829981196
1091.549560226532,20.450439773467593,1.0,1.0
19.63555746819668,2.463677072709217,17.230769974661044,1061.1155071425076
8.78195067638336,4.6408583501341445,12.919239416895746,718.9310740474132

9.539820492879171,5.926320840159819,782.8498417317836,3.9741170993817194
2.6755102002600744,1.193465203112223,2.5704795371027442,81.25087430622698
1020.9652663067066,1.0910479901674768,18.680854132269076,10.500088394509769
1.035931056722037,1166.8027169662134,7.172484036064426,6.100508958355739

Iteration: ,10000
Error:,0.021465722447025926
Absolute Error:,0.9838095327253786
Transition Probabilities
0.0005963029218843162,0.0005963029218843162,0.9884488702999878,0.010358523856243548
0.983656560572991,0.014952618842864335,0.0006954102920723227,0.0006954102920723227
0.017411553662143312,0.0017671176415783487,0.012769398806679176,0.9680519298895991
0.013266347116303949,0.005720456460252902,0.01758717026477526,0.9634260261586679

0.015515818729040332,0.007800923011716761,0.9705958907264407,0.006087367532802247
0.023826342621278574,0.00917279318339522,0.020582335427040726,0.9464185287682854
0.9688890763617244,0.0008096342265618683,0.021228940084942194,0.00907234932677175
0.0006256157581925991,0.9862674720850099,0.007673643138370158,0.00543326901842739

Transition Gammas
1.0,1.0,1657.6287554930825,17.371244506920462
1414.4981341039609,21.50186589603891,1.0,1.0
24.862607735992245,2.523333276193455,18.233901449311038,1382.3175041090867
13.490772271089401,5.81722871528895,17.884690250820217,979.7241851883881

17.01341896728415,8.553874845254409,1064.2786452477867,6.674925510025805
5.644790102569946,2.173161571524982,4.876239931284075,224.21963911947412
1308.688426185148,1.0935812649716632,28.674147399479672,12.254115411063008
1.037609035594977,1635.7644882624202,12.72704747608524,9.011296394811946

Iteration: ,12500
Error:,0.020562449778612962
Absolute Error:,0.9838770860654664
Transition Probabilities
0.0005055611729019202,0.0005055611729019202,0.9881688549232474,0.01082002273094887
0.9861012714922381,0.0127655840318412,0.0005665722379603402,0.0005665722379603402
0.018472829715775765,0.002546524230827123,0.010322588280561734,0.9686580577728354
0.013868730575842224,0.005388050132522542,0.016211526342517026,0.9645316929491182

0.015359404767648157,0.007884675985298475,0.9706400925454568,0.006115826701596684
0.021995654386623764,0.007231763186351829,0.01951868291508781,0.9512538995119365
0.967142485195962,0.0007093541639937872,0.02376570830733774,0.008382452332706396
0.00044737335570708216,0.9874337816640912,0.007394645136712558,0.004724199843489016

Transition Gammas
1.0,1.0,1954.597995038187,21.402004961816907
1740.4687441837993,22.531255816199707,1.0,1.0
32.71505878178997,4.509849935422482,18.281123551439155,1715.4765018176865
15.322584211683623,5.9528773337163265,17.910974347993598,1065.6431754319465

20.317882409887645,10.430086447542026,1283.9918968865613,8.090199434292225
12.58299546878051,4.137055520407568,11.166000990926305,544.1812867589693
1492.619691758196,1.0947673272705694,36.67832274054851,12.936887385819736
1.0401026883245443,2295.6944524066434,17.191882770364533,10.983338401164268

Iteration: ,15000
Error:,0.019851907514425882
Absolute Error:,0.9839461704973953
Transition Probabilities
0.0004409171075837732,0.0004409171075837732,0.9887869479598747,0.010331217824957795
0.9868712134944948,0.012175951822322707,0.0004764173415912341,0.0004764173415912341
0.018873611557709145,0.0030812569776629594,0.008647477525307925,0.9693976539393199
0.013050284575994085,0.005070081010992,0.01527021701405618,0.9666094173989578

0.014340026059443865,0.006711527342218513,0.9733017126378074,0.005646733960530176
0.014939408213874936,0.005639562392832904,0.020621737906959793,0.9587992914863324
0.9632256612593927,0.0006307652673289192,0.02649309811669824,0.009650475356580153
0.00034662152018120716,0.9868330488374194,0.008492440531718761,0.004327889110680464

Transition Gammas
1.0,1.0,2242.568797973001,23.431202027004336
2071.4426771249437,25.557322875055352,1.0,1.0
39.970677632350124,6.52550938541964,18.313693457142968,2052.997700238151
15.322584211683623,5.9528773337163265,17.92904857867721,1134.9142703866114

22.285197367692604,10.430086447542026,1512.5649475484954,8.77533836212204
13.573678138375016,5.124005159086733,18.736540898790835,871.147825644818
1673.485747394606,1.0958768306134574,46.02848936214328,16.766510293864208
1.0416713939906543,2965.6432095766195,25.521590126410853,13.0062273127262

Iteration: ,15686
Error:,0.01950479953999278
Absolute Error:,0.9841646341051815
Transition Probabilities
0.00042571306939122934,0.00042571306939122934,0.9883189266837633,0.010829647177454207
0.9874081779653078,0.01167816282957584,0.000456829602558246,0.000456829602558246
0.01841209719643261,0.002951134071577455,0.008285519306416833,0.970351249425573
0.012728062683587268,0.004944896683515888,0.014899169990276406,0.9674278706426204

0.014407351988174026,0.007070333736403147,0.972886110249745,0.005636204025677658
0.015535084568548928,0.0051190837978484114,0.022124703324393896,0.9572211283092087
0.963698997638603,0.0006132385469886277,0.025752168784812318,0.009935595029596074
0.00032674587807573303,0.9870057223092078,0.00853097641572569,0.004136555396990695

*,*,*,*,*,*,*,*,*,*,*
Model Num 2
Model States: 
"['diamond', 'x', 'square']","['diamond', 'x', 'diamond']","['square', 'y', 'diamond', 'x', 'square']","['square', 'y', 'diamond', 'x', 'diamond']"
Iteration: ,15686
Error:,0.020170659161999522
Transition Probabilities
0.00042571306939122934,0.00042571306939122934,0.9883189266837633,0.010829647177454207
0.9874081779653078,0.01167816282957584,0.000456829602558246,0.000456829602558246
0.01841209719643261,0.002951134071577455,0.008285519306416833,0.970351249425573
0.012728062683587268,0.004944896683515888,0.014899169990276406,0.9674278706426204

0.014407351988174026,0.007070333736403147,0.972886110249745,0.005636204025677658
0.015535084568548928,0.0051190837978484114,0.022124703324393896,0.9572211283092087
0.963698997638603,0.0006132385469886277,0.025752168784812318,0.009935595029596074
0.00032674587807573303,0.9870057223092078,0.00853097641572569,0.004136555396990695

Transition Gammas
1.0,1.0,2321.5611587801654,25.43884121983999
2161.436501566058,25.5634984339415,1.0,1.0
40.712590531801,6.52550938541964,18.320832834340994,2145.6280981147083
15.322584211683623,5.9528773337163265,17.93625570013751,1164.6308935739369

23.27257732944019,11.420897383534133,1571.5287064625286,9.10430967048995
15.5500196167038,5.124005159086733,22.14597346992185,958.1413771551727
1722.480519282596,1.0960802630794022,46.02848936214328,17.758520998667784
1.0420156260637148,3147.6307879303026,27.205884839675946,13.191766602005748

