0,1,2,3,4,5,6,7,8,9,10,11,12,13,14,15,16,17,18,19,20,21,22,23,24,25,26,27,28,29
github Code Version (SHA):,cd93f48c3be2409aefa56252372b16f046dc3cc1
Environment Observations,Environment Actions,alpha,epsilon,numActions,explore,patience,gainThresh,insertRandActions,useBudd,revisedSplitting,haveControl,confidence_factor
"['square', 'diamond']","['x', 'y']",0.99,0.99,75000,0.5,0,0.01,False,True,False,True,250

Model Num 0
Model States: 
['square'],['diamond']
Iteration: ,0
Error:,0.6760502776990982
Absolute Error:,1
Transition Probabilities
0.5,0.5
0.5,0.5

0.5,0.5
0.5,0.5

Transition Gammas
1.0,1.0
1.0,1.0

1.0,1.0
1.0,1.0

Iteration: ,1808
Error:,0.23365631623984928
Absolute Error:,1
Transition Probabilities
0.9779286926994907,0.022071307300509338
0.9841269841269841,0.015873015873015872

0.215311004784689,0.784688995215311
0.09574468085106383,0.9042553191489362


Model Num 1
Model States: 
['diamond'],"['square', 'y', 'diamond']","['square', 'y', 'square']"
Iteration: ,0
Error:,0.6159342498556248
Absolute Error:,1
Transition Probabilities
0.3333333333333333,0.3333333333333333,0.3333333333333333
0.3333333333333333,0.3333333333333333,0.3333333333333333
0.3333333333333333,0.3333333333333333,0.3333333333333333

0.3333333333333333,0.3333333333333333,0.3333333333333333
0.3333333333333333,0.3333333333333333,0.3333333333333333
0.3333333333333333,0.3333333333333333,0.3333333333333333

Transition Gammas
1.0,1.0,1.0
1.0,1.0,1.0
1.0,1.0,1.0

1.0,1.0,1.0
1.0,1.0,1.0
1.0,1.0,1.0

Iteration: ,2500
Error:,0.13325312197777436
Absolute Error:,1
Transition Probabilities
0.023291925465838508,0.9578799651872256,0.018828109346935816
0.01504082697766056,0.9685441337047862,0.016415039317553233
0.04731716174347229,0.9405514896701517,0.012131348586375962

0.6524663677130045,0.0028320916438165245,0.344701540643179
0.9974025974025974,0.0012987012987012987,0.0012987012987012987
0.023809523809523808,0.13494286225456248,0.8412476139359137

Transition Gammas
15.0,616.8746975805733,12.125302419426665
6.5158312289477704,419.5826547556895,7.111153260959522
7.729445268229937,153.642800909556,1.981703709038457

291.0,1.26311287314217,153.73688712685782
768.0,1.0,1.0
1.0,5.667600214691624,35.332399785308375

Iteration: ,4111
Error:,0.12839303387307888
Absolute Error:,1
Transition Probabilities
0.021450459652706845,0.9661132832977994,0.012436257049493816
0.01509563022134185,0.9714643496959565,0.013440020082701601
0.030747829629602607,0.9486816753060343,0.020570495064363134

0.6600741656365884,0.0015663477091120636,0.3383594866542996
0.998351195383347,0.0008244023083264633,0.0008244023083264633
0.015151515151515148,0.13920043123436188,0.8456480536141229


Model Num 2
Model States: 
"['square', 'y', 'diamond']","['square', 'y', 'square']","['diamond', 'y', 'diamond']","['diamond', 'y', 'square', 'y', 'square']"
Iteration: ,0
Error:,0.6752027103940959
Absolute Error:,0.74
Transition Probabilities
0.25,0.25,0.25,0.25
0.25,0.25,0.25,0.25
0.25,0.25,0.25,0.25
0.25,0.25,0.25,0.25

0.25,0.25,0.25,0.25
0.25,0.25,0.25,0.25
0.25,0.25,0.25,0.25
0.25,0.25,0.25,0.25

Transition Gammas
1.0,1.0,1.0,1.0
1.0,1.0,1.0,1.0
1.0,1.0,1.0,1.0
1.0,1.0,1.0,1.0

1.0,1.0,1.0,1.0
1.0,1.0,1.0,1.0
1.0,1.0,1.0,1.0
1.0,1.0,1.0,1.0

Iteration: ,2500
Error:,0.02400827904925561
Absolute Error:,0.38722618551583565
Transition Probabilities
0.9630105873437023,0.017848192790441794,0.011727890898936931,0.007413328966919005
0.9374664652338879,0.04224011924681658,0.006901545165759189,0.01339187035353624
0.9676999571693409,0.008862734953601644,0.015739507670344145,0.007697800206713409
0.9587265704263505,0.00838631341213751,0.027327766809152863,0.005559349352359053

0.0013908205841446453,0.0013908205841446453,0.9835208146066899,0.013697544225020765
0.0585275254305934,0.9232906563875884,0.009090909090909094,0.009090909090909094
0.0031250000000000023,0.0031250000000000023,0.013297023955138713,0.9804529760448613
0.023941795455446183,0.9626353857526074,0.006711409395973154,0.006711409395973154

Transition Gammas
437.6264961721083,8.110857945425273,5.329573598715525,3.368882152908322
135.83428677464346,6.120385831332896,1.0,1.9404162447530833
386.91714850128284,3.5436026536581946,6.2931545894012455,3.0778247778644223
172.453017369654,1.5085062802500193,4.915641215739861,1.0

1.0,1.0,707.1514657022101,9.84853429778993
6.438027797365272,101.5619722026347,1.0,1.0
1.0,1.0,4.255047665644385,313.7449523343554
3.5673275228614814,143.4326724771385,1.0,1.0

Iteration: ,5000
Error:,0.020226780034422548
Absolute Error:,0.3852640035191162
Transition Probabilities
0.9649857732886887,0.012110198345261997,0.018277164148333268,0.004626864217715951
0.9596083865986307,0.02660791262943026,0.006591440659231536,0.0071922601127075375
0.9692594396556682,0.013020495231734971,0.013751075633119038,0.0039689894794777796
0.9692217471583704,0.009409042231625857,0.015998154286399096,0.005371056323604535

0.0007017543859649131,0.0007017543859649131,0.9860252861709917,0.012571205057078457
0.057216415998529835,0.9320883968356948,0.005347593582887699,0.005347593582887699
0.001567398119122258,0.001567398119122258,0.02561494779734077,0.9712502559644147
0.020615767337799462,0.97203129148573,0.003676470588235294,0.003676470588235294

Transition Gammas
952.0542710709499,11.947912992364714,18.03223702581968,4.564860915129778
258.8949332724164,7.178609379532138,1.7783197953172993,1.9404162447530833
781.0347516120744,10.491988876370446,11.080694705771874,3.198234224426143
357.36785018447193,3.469267176958638,5.898780151200783,1.9803959797784332

1.0,1.0,1405.0860327936616,17.913967206336782
10.69946979172508,174.30053020827495,1.0,1.0
1.0,1.0,16.3423366947034,619.6576633052962
5.607488715881454,264.39251128411854,1.0,1.0

Iteration: ,7500
Error:,0.01850082842759449
Absolute Error:,0.3865801725266584
Transition Probabilities
0.9640853836190737,0.013108863140735949,0.018145354607712036,0.004660398632478244
0.9635878436709066,0.02603179375374961,0.004106175010372981,0.006274187564970885
0.9679314137683251,0.014297468853605706,0.013697306311413329,0.004073811066655847
0.9631354240546193,0.017876241517353456,0.014743948005684406,0.0042443864223427755

0.0004837929366231255,0.0004837929366231255,0.9855049652122466,0.013527448914507086
0.03536649029976422,0.9607272597002358,0.001953125000000001,0.001953125000000001
0.0009930486593843107,0.0009930486593843107,0.02324492166257075,0.9747689810186607
0.019465929695319566,0.9768777631748815,0.0018281535648994526,0.0018281535648994526

Transition Gammas
1164.9598603498805,15.840193859646142,21.92607639216268,5.631427913247763
522.4955188243987,14.115470294310242,2.226530831123009,3.402113163312868
1045.6232157558889,15.445066816950208,14.796731740294016,4.4007988244900265
449.391109098672,8.340908039889126,6.879405513789845,1.9803959797784332

1.0,1.0,2037.0387630937128,27.961236906286132
18.107643033479274,491.8923569665205,1.0,1.0
1.0,1.0,23.407636114208724,981.5923638857904
10.647863543339795,534.3521364566599,1.0,1.0

Iteration: ,10000
Error:,0.01986604561134852
Absolute Error:,0.38760793236526425
Transition Probabilities
0.9668118887055042,0.011340613135802036,0.017115221729580365,0.0047322764291134935
0.9590837413410629,0.02712790434296269,0.0057456773801264766,0.00804267693584802
0.9649945664879002,0.013868636773040257,0.01771113062179667,0.0034256661172628895
0.9595912646098658,0.018281212118051466,0.016570361924228123,0.005557161347854667

0.00035236081747709683,0.00035236081747709683,0.9848442731206206,0.014451005244425186
0.03605248273060422,0.9605461567251781,0.0017006802721088441,0.0017006802721088441
0.0006476683937823829,0.0006476683937823829,0.021800926830837314,0.976903736381598
0.019131090403150502,0.977852318344964,0.0015082956259426855,0.0015082956259426855

Transition Gammas
1351.1221269964956,15.848536329032019,23.918566845769497,6.613368607827302
637.6590676264691,18.036333475746105,3.8200869467049516,5.347276421308864
1281.7106796972441,18.420393732932492,23.524013560084978,4.5499871191532675
849.4917205542872,16.183701236896148,14.669146938246394,4.919555574222666

1.0,1.0,2794.988047116319,41.011952883678646
21.198859845595273,564.8011401544045,1.0,1.0
1.0,1.0,33.66063102681284,1508.3393689731884
12.683912937288778,648.3160870627108,1.0,1.0

Iteration: ,12500
Error:,0.018043861373590972
Absolute Error:,0.38704590283405677
Transition Probabilities
0.965790304723359,0.011219562791166617,0.018206864456236833,0.004783268029237516
0.9639464887386298,0.025343767537770436,0.0040319314948347625,0.006677812228765012
0.9660317095920878,0.013331339889670248,0.017511712437009202,0.003125238081232667
0.9609435744911637,0.016897420952924246,0.01722206871362759,0.004936935842284344

0.0002955956251847473,0.0002955956251847473,0.9840249295649222,0.015383879184708326
0.025355831993495982,0.9727957391710143,0.0009242144177449172,0.0009242144177449172
0.0005091649694501017,0.0005091649694501017,0.02073620859399173,0.9782454614671081
0.01956107837630589,0.9783468714144891,0.0010460251046025112,0.0010460251046025112

Transition Gammas
1532.6868415135398,17.805186253636748,28.893872138515608,7.590935560224646
913.2990983775192,24.01216282453957,3.8200869467049516,6.326948600275604
1406.431036960854,19.408897243159494,25.4950387623848,4.5499871191532675
976.6263332138011,17.17318966908416,17.503135735157464,5.017507455122988

1.0,1.0,3328.9563367181313,52.04366328186826
27.43501021696264,1052.564989783037,1.0,1.0
1.0,1.0,40.725913678599774,1921.274086321401
18.700390927748415,935.2996090722509,1.0,1.0

Iteration: ,12843
Error:,0.018781022931744232
Absolute Error:,0.3872977334722773
Transition Probabilities
0.9652974621844926,0.011572378400120575,0.018404507186680862,0.004725652228705826
0.963927057458112,0.025009975826796673,0.004736208685591115,0.006326758029500183
0.9656081411725878,0.013904146667274953,0.01738507457889212,0.0031026375812451944
0.9610180361637589,0.016865541142384498,0.017188973916773324,0.004927448777083305

0.0002901073397156948,0.0002901073397156948,0.9837404737538707,0.015679311566697895
0.026515059003979352,0.9717442969577265,0.0008703220191470844,0.0008703220191470844
0.00049480455220188,0.00049480455220188,0.02163625907594232,0.9773741318196539
0.01852085368228356,0.9794989482979145,0.000990099009900991,0.000990099009900991

*,*,*,*,*,*,*,*,*,*,*
Model Num 2
Model States: 
"['square', 'y', 'diamond']","['square', 'y', 'square']","['diamond', 'y', 'diamond']","['diamond', 'y', 'square', 'y', 'square']"
Iteration: ,12843
Error:,0.018505580691588627
Transition Probabilities
0.9652974621844926,0.011572378400120575,0.018404507186680862,0.004725652228705826
0.963927057458112,0.025009975826796673,0.004736208685591115,0.006326758029500183
0.9656081411725878,0.013904146667274953,0.01738507457889212,0.0031026375812451944
0.9610180361637589,0.016865541142384498,0.017188973916773324,0.004927448777083305

0.0002901073397156948,0.0002901073397156948,0.9837404737538707,0.015679311566697895
0.026515059003979352,0.9717442969577265,0.0008703220191470844,0.0008703220191470844
0.00049480455220188,0.00049480455220188,0.02163625907594232,0.9773741318196539
0.01852085368228356,0.9794989482979145,0.000990099009900991,0.000990099009900991

Transition Gammas
1564.0406250256015,18.750354843984923,29.820234747538265,7.656823264315244
963.9560922854174,25.01072916214858,4.736351346802048,6.326948600275604
1416.0547242264565,20.39029264047301,25.4950387623848,4.5499871191532675
978.5825036650184,17.173791599856752,17.503135735157464,5.017507455122988

1.0,1.0,3390.9534130295924,54.046586970407645
30.465802795572277,1116.5341972044278,1.0,1.0
1.0,1.0,43.72687959247945,1975.2731204075214
18.706062219106382,989.2939377808929,1.0,1.0

