0,1,2,3,4,5,6,7,8,9,10,11,12,13,14,15,16,17,18,19,20,21,22,23,24,25,26,27,28,29
github Code Version (SHA):,cd93f48c3be2409aefa56252372b16f046dc3cc1
Environment Observations,Environment Actions,alpha,epsilon,numActions,explore,patience,gainThresh,insertRandActions,useBudd,revisedSplitting,haveControl,confidence_factor
"['square', 'diamond']","['x', 'y']",0.99,0.99,75000,0.5,0,0.01,False,True,False,True,250

Model Num 0
Model States: 
['square'],['diamond']
Iteration: ,0
Error:,0.675994198397352
Absolute Error:,1
Transition Probabilities
0.5,0.5
0.5,0.5

0.5,0.5
0.5,0.5

Transition Gammas
1.0,1.0
1.0,1.0

1.0,1.0
1.0,1.0

Iteration: ,1810
Error:,0.24251003024532675
Absolute Error:,1
Transition Probabilities
0.9797639123102867,0.02023608768971332
0.9821428571428571,0.017857142857142856

0.21496815286624205,0.785031847133758
0.12087912087912088,0.8791208791208791


Model Num 1
Model States: 
['diamond'],"['square', 'y', 'diamond']","['square', 'y', 'square']"
Iteration: ,0
Error:,0.6173712167217378
Absolute Error:,1
Transition Probabilities
0.3333333333333333,0.3333333333333333,0.3333333333333333
0.3333333333333333,0.3333333333333333,0.3333333333333333
0.3333333333333333,0.3333333333333333,0.3333333333333333

0.3333333333333333,0.3333333333333333,0.3333333333333333
0.3333333333333333,0.3333333333333333,0.3333333333333333
0.3333333333333333,0.3333333333333333,0.3333333333333333

Transition Gammas
1.0,1.0,1.0
1.0,1.0,1.0
1.0,1.0,1.0

1.0,1.0,1.0
1.0,1.0,1.0
1.0,1.0,1.0

Iteration: ,2500
Error:,0.1395415139919568
Absolute Error:,1
Transition Probabilities
0.023112480739599362,0.9653195557225492,0.011567963537851392
0.026921203549317974,0.9616683447519171,0.01141045169876495
0.026270704531753085,0.9472829207618247,0.026446374706422315

0.6809421841541756,0.0029250374132582203,0.3161327784325661
0.9973958333333334,0.0013020833333333333,0.0013020833333333333
0.03125,0.22718676006595903,0.741563239934041

Transition Gammas
15.0,626.492391663935,7.5076083360655606
11.67524589210611,417.05841163693987,4.948509418571507
3.9482990616544806,142.36985013647222,3.9747010329061028

318.0,1.3659924719915888,147.63400752800837
766.0,1.0,1.0
1.0,7.269976322110689,23.730023677889314

Iteration: ,4145
Error:,0.13549806663592665
Absolute Error:,1
Transition Probabilities
0.020181634712411703,0.970197464333446,0.009620900954142359
0.022165920139601957,0.9647630159172537,0.013071063943144376
0.018195536131570312,0.9527171069416938,0.02908735692673577

0.6731001206272615,0.0016538524356119633,0.32524602693712645
0.9983619983619983,0.000819000819000819,0.000819000819000819
0.013513513513513509,0.20952218436551973,0.7769643021209668


Model Num 2
Model States: 
"['square', 'y', 'diamond']","['square', 'y', 'square']","['diamond', 'y', 'diamond']","['diamond', 'y', 'square', 'y', 'square']"
Iteration: ,0
Error:,0.676712231272275
Absolute Error:,0.74
Transition Probabilities
0.25,0.25,0.25,0.25
0.25,0.25,0.25,0.25
0.25,0.25,0.25,0.25
0.25,0.25,0.25,0.25

0.25,0.25,0.25,0.25
0.25,0.25,0.25,0.25
0.25,0.25,0.25,0.25
0.25,0.25,0.25,0.25

Transition Gammas
1.0,1.0,1.0,1.0
1.0,1.0,1.0,1.0
1.0,1.0,1.0,1.0
1.0,1.0,1.0,1.0

1.0,1.0,1.0,1.0
1.0,1.0,1.0,1.0
1.0,1.0,1.0,1.0
1.0,1.0,1.0,1.0

Iteration: ,2500
Error:,0.01960619516387457
Absolute Error:,0.3817350097165698
Transition Probabilities
0.9724649812210601,0.008801049162287264,0.008948465671830698,0.009785503944821923
0.963115830694778,0.007983443914323532,0.021593595278935177,0.0073071301119633034
0.9700429866017971,0.01603886245254232,0.007756513925179945,0.006161637020480523
0.9690118191452222,0.008459868285685594,0.011266554422791944,0.011261758146300416

0.0013642564802182821,0.0013642564802182821,0.9845708224242808,0.012700664615282525
0.04357041653346594,0.9360214202012279,0.010204081632653069,0.010204081632653069
0.0031545741324921135,0.0031545741324921135,0.018251011076940774,0.975439840658075
0.04808454888979734,0.9383100089333318,0.006802721088435373,0.006802721088435373

Transition Gammas
448.5139164345226,4.059162134099425,4.127152609149141,4.513205908007768
131.8049379082433,1.09255532500413,2.9551403831693013,1.0
397.2339833882817,6.567936997678127,3.176303489909895,2.523199127919603
170.42592322469406,1.487887799159241,1.9815165317171606,1.9806729817903594

1.0,1.0,721.6904128369973,9.309587163002083
4.269900820279659,91.73009917972027,1.0,1.0
1.0,1.0,5.785570511390225,309.21442948860977
7.0684286868002095,137.9315713131998,1.0,1.0

Iteration: ,5000
Error:,0.020211640449290323
Absolute Error:,0.38306836664153326
Transition Probabilities
0.9676823999581765,0.018027642778258045,0.009262359497704604,0.005027597765860798
0.9753463377190861,0.003881159749219998,0.017228352803175147,0.0035441497285186884
0.9648442821590834,0.01162064772161812,0.016407624111653384,0.0071274460076451215
0.9740961646867514,0.009177837536906751,0.010940272762240922,0.005785725014101069

0.0006887052341597794,0.0006887052341597794,0.9831786700949621,0.015443919436718351
0.0524776687646532,0.9364726074784407,0.005524861878453042,0.005524861878453042
0.0015847860538827255,0.0015847860538827255,0.02683135928541254,0.969999068606822
0.04199413274430624,0.9511799286891408,0.0034129692832764505,0.0034129692832764505

Transition Gammas
913.6459999377389,17.020960299963917,8.745139629933218,4.746851434182497
275.19896517654786,1.095089103597823,4.861067991722772,1.0
795.4227954338581,9.58012424014919,13.52653322266096,5.875904674501886
333.47004054952095,3.141921677284719,3.7452700604980826,1.9806729817903594

1.0,1.0,1427.5754289778854,22.424571022115053
9.498458046402224,169.50154195359767,1.0,1.0
1.0,1.0,16.930587709095317,612.0694122909048
12.304280894081728,278.6957191059183,1.0,1.0

Iteration: ,7500
Error:,0.01622536643027632
Absolute Error:,0.3832797268114127
Transition Probabilities
0.9658301144487446,0.017763956916602368,0.011189241545322769,0.005216687089330272
0.968169521410903,0.012140267909507379,0.017804225319092905,0.0018859853604969651
0.9677199089397149,0.01160453382517565,0.015116286364064504,0.005559270871044879
0.9806072431736694,0.0068739969009195875,0.008188369391195785,0.0043303905342152475

0.000479156684235745,0.000479156684235745,0.9825155504068083,0.016526136224720187
0.025210416788967575,0.9708525753370167,0.0019685039370078757,0.0019685039370078757
0.000995024875621891,0.000995024875621891,0.01891097145590982,0.9790989787928465
0.0292456882126033,0.9671892493988049,0.0017825311942958999,0.0017825311942958999

Transition Gammas
1141.9628270832936,21.003464436649235,13.22975719731788,6.168023389849127
528.2527937299758,6.623974725502472,9.714343983172286,1.0290316040567913
1047.1678470240963,12.557243670579997,16.357304319801106,6.0156762874023855
448.5189631179517,3.1440905458725377,3.7452700604980826,1.9806729817903594

1.0,1.0,2050.509953699009,34.49004630099104
12.806891728795517,493.19310827120404,1.0,1.0
1.0,1.0,19.00552631318936,983.9944736868104
16.406831087270454,542.5931689127297,1.0,1.0

Iteration: ,10000
Error:,0.016235395486489272
Absolute Error:,0.3837208708294915
Transition Probabilities
0.9671285742893996,0.016312061746536988,0.011859083844883109,0.004700280119180181
0.967122019592361,0.012666657537447265,0.017306725095688556,0.0029045977745031154
0.9674691027869335,0.012062476388175704,0.015628861875383458,0.004839558949507467
0.9759328037283889,0.013339286195131278,0.006101844108698717,0.004626065967781148

0.0003506311360448812,0.0003506311360448812,0.9836803619040322,0.015618375823878006
0.02825481764300435,0.9683950986049018,0.0016750418760469025,0.0016750418760469025
0.0006369426751592359,0.0006369426751592359,0.01729938743988901,0.9814267272097925
0.025526448619679534,0.9715495747721333,0.0014619883040935663,0.0014619883040935663

Transition Gammas
1304.8385174968225,22.008042190571068,16.000136687510757,6.3415627514027
652.3822912299396,8.544426555387368,11.674432742593277,1.9593268613927577
1244.7732248730426,15.519924709131697,20.10853756639386,6.226713993437275
874.5596403321819,11.953693217949056,5.468026659909025,4.145542165894449

1.0,1.0,2805.4563921502963,44.54360784970002
16.868126132873584,578.1318738671259,1.0,1.0
1.0,1.0,27.160038280625738,1540.8399617193738
17.460090855860813,664.5399091441396,1.0,1.0

Iteration: ,12500
Error:,0.01593249261129591
Absolute Error:,0.38409192627956673
Transition Probabilities
0.969123315818109,0.01565838530742259,0.011080328683869982,0.004137970190598417
0.9658743915155075,0.015893554685801628,0.016172958805983025,0.002059094992707924
0.9698656001303985,0.011590771127726458,0.014159168152470392,0.0043844605894047504
0.9730792729304474,0.013669507763269495,0.007251785765274063,0.005999433541008934

0.0002938583602703498,0.0002938583602703498,0.98278568926558,0.01662659401387928
0.02406013919770013,0.9740948423521153,0.0009225092250922515,0.0009225092250922515
0.0005030181086519117,0.0005030181086519117,0.01720234111963232,0.9817916226630639
0.022856548450084325,0.9751109312247125,0.0010162601626016255,0.0010162601626016255

Transition Gammas
1485.210390125894,23.996942568187578,16.980934230646813,6.3415627514027
930.152948352658,15.305754951848966,15.574825721766398,1.9829423941971442
1377.3816826359655,16.460956896305788,20.10853756639386,6.226713993437275
991.4802079737801,13.92799823924969,7.388917078751861,6.112882866213899

1.0,1.0,3344.4197005707674,56.58029942923117
26.08119089030692,1055.9188091096923,1.0,1.0
1.0,1.0,34.19825414582904,1951.8017458541701
22.490843674882985,959.5091563251175,1.0,1.0

Iteration: ,12720
Error:,0.015885745583897933
Absolute Error:,0.38435193604466394
Transition Probabilities
0.9693790307700374,0.015528868160168201,0.010988445013657797,0.004103656056136478
0.965177364882872,0.016282147214246555,0.016557631687287553,0.0019828562155938746
0.9693438508478487,0.01221414163954937,0.014081574274100199,0.004360433238501808
0.972299722767321,0.014537948932762026,0.007203139786385112,0.005959188513531822

0.00028960324355632803,0.00028960324355632803,0.9824548756999806,0.016965917812906767
0.0244097702871075,0.9737884279110908,0.0009009009009009015,0.0009009009009009015
0.0004926108374384238,0.0004926108374384238,0.017340106443624916,0.9816746718814983
0.023040406384487833,0.9749988093017866,0.0009803921568627447,0.0009803921568627447

*,*,*,*,*,*,*,*,*,*,*
Model Num 2
Model States: 
"['square', 'y', 'diamond']","['square', 'y', 'square']","['diamond', 'y', 'diamond']","['diamond', 'y', 'square', 'y', 'square']"
Iteration: ,12720
Error:,0.0150719467443653
Transition Probabilities
0.9693790307700374,0.015528868160168201,0.010988445013657797,0.004103656056136478
0.965177364882872,0.016282147214246555,0.016557631687287553,0.0019828562155938746
0.9693438508478487,0.01221414163954937,0.014081574274100199,0.004360433238501808
0.972299722767321,0.014537948932762026,0.007203139786385112,0.005959188513531822

0.00028960324355632803,0.00028960324355632803,0.9824548756999806,0.016965917812906767
0.0244097702871075,0.9737884279110908,0.0009009009009009015,0.0009009009009009015
0.0004926108374384238,0.0004926108374384238,0.017340106443624916,0.9816746718814983
0.023040406384487833,0.9749988093017866,0.0009803921568627447,0.0009803921568627447

Transition Gammas
1498.0246564108427,23.99745264925558,16.980934230646813,6.3415627514027
965.2193132786049,16.28285486651812,16.558351312624502,1.9829423941971442
1384.2264266842694,17.441837199401355,20.10853756639386,6.226713993437275
997.3764553063828,14.912899422324857,7.388917078751861,6.112882866213899

1.0,1.0,3392.416685792031,58.58331420796702
27.094845018689306,1080.90515498131,1.0,1.0
1.0,1.0,35.20041608055857,1992.7995839194407
23.501214512177604,994.4987854878229,1.0,1.0

