0,1,2,3,4,5,6,7,8,9,10,11,12,13,14,15,16,17,18,19,20,21,22,23,24,25,26,27,28,29
github Code Version (SHA):,cd93f48c3be2409aefa56252372b16f046dc3cc1
Environment Observations,Environment Actions,alpha,epsilon,numActions,explore,patience,gainThresh,insertRandActions,useBudd,revisedSplitting,haveControl,confidence_factor
"['square', 'diamond']","['x', 'y']",0.99,0.99,75000,0.5,0,0.01,False,True,False,True,250

Model Num 0
Model States: 
['square'],['diamond']
Iteration: ,0
Error:,0.676434338427135
Absolute Error:,1
Transition Probabilities
0.5,0.5
0.5,0.5

0.5,0.5
0.5,0.5

Transition Gammas
1.0,1.0
1.0,1.0

1.0,1.0
1.0,1.0

Iteration: ,1853
Error:,0.2295768972657944
Absolute Error:,1
Transition Probabilities
0.9836065573770492,0.01639344262295082
0.9861660079051383,0.01383399209486166

0.21496815286624205,0.785031847133758
0.043478260869565216,0.9565217391304348


Model Num 1
Model States: 
['diamond'],"['square', 'y', 'diamond']","['square', 'y', 'square']"
Iteration: ,0
Error:,0.615211240383631
Absolute Error:,1
Transition Probabilities
0.3333333333333333,0.3333333333333333,0.3333333333333333
0.3333333333333333,0.3333333333333333,0.3333333333333333
0.3333333333333333,0.3333333333333333,0.3333333333333333

0.3333333333333333,0.3333333333333333,0.3333333333333333
0.3333333333333333,0.3333333333333333,0.3333333333333333
0.3333333333333333,0.3333333333333333,0.3333333333333333

Transition Gammas
1.0,1.0,1.0
1.0,1.0,1.0
1.0,1.0,1.0

1.0,1.0,1.0
1.0,1.0,1.0
1.0,1.0,1.0

Iteration: ,2500
Error:,0.1346767444107771
Absolute Error:,1
Transition Probabilities
0.012345679012345675,0.9761193331193666,0.011534987868287811
0.021834630529584058,0.9532847646248008,0.024880604845615033
0.027788989296327133,0.9445160372730244,0.027694973430648546

0.6728971962616822,0.0031916442644745625,0.32391115947384325
0.9973924380704041,0.001303780964797914,0.001303780964797914
0.016393442622950817,0.19865087219705796,0.7849556851799913

Transition Gammas
8.0,632.5253278613498,7.474672138650504
9.796224530003364,427.6963414903203,11.16281730435938
3.932027039847733,133.64511240494167,3.918724183738757

288.0,1.3660237451951127,138.6339762548049
765.0,1.0,1.0
1.0,12.117703204020536,47.88229679597947

Iteration: ,3956
Error:,0.1315758506846233
Absolute Error:,1
Transition Probabilities
0.018143009605122724,0.9717193039478861,0.010137686446991218
0.01685372875138373,0.9592158987019942,0.023930372546622104
0.02772440935532775,0.9453033904728833,0.026972200171788963

0.672,0.0018281454384353815,0.3261718545615646
0.9982578397212544,0.0008710801393728223,0.0008710801393728223
0.010101010101010097,0.18910210122565804,0.8007968886733319


Model Num 2
Model States: 
"['square', 'y', 'diamond']","['square', 'y', 'square']","['diamond', 'y', 'diamond']","['diamond', 'y', 'square', 'y', 'square']"
Iteration: ,0
Error:,0.6754003888158688
Absolute Error:,0.74
Transition Probabilities
0.25,0.25,0.25,0.25
0.25,0.25,0.25,0.25
0.25,0.25,0.25,0.25
0.25,0.25,0.25,0.25

0.25,0.25,0.25,0.25
0.25,0.25,0.25,0.25
0.25,0.25,0.25,0.25
0.25,0.25,0.25,0.25

Transition Gammas
1.0,1.0,1.0,1.0
1.0,1.0,1.0,1.0
1.0,1.0,1.0,1.0
1.0,1.0,1.0,1.0

1.0,1.0,1.0,1.0
1.0,1.0,1.0,1.0
1.0,1.0,1.0,1.0
1.0,1.0,1.0,1.0

Iteration: ,2500
Error:,0.024908720218995938
Absolute Error:,0.38862733466496613
Transition Probabilities
0.9651021046746692,0.017128004144396025,0.012809227256970791,0.004960663923964
0.9384155461707052,0.024064207885676262,0.029815778232415276,0.007704467711203295
0.9660319759991562,0.015448273410814704,0.013557660622760778,0.004962089967268265
0.9576812892685314,0.011350224199020162,0.0181186683248186,0.012849818207629841

0.0013736263736263737,0.0013736263736263737,0.9866832251930164,0.010569522059730808
0.05609100826119636,0.9232904350377726,0.01030927835051546,0.01030927835051546
0.0030864197530864187,0.0030864197530864187,0.026998432222866808,0.9668287282709603
0.017849018460829945,0.9667663661545548,0.007692307692307691,0.007692307692307691

Transition Gammas
448.4171589176169,7.958215943325796,5.951574726320975,2.304882366699328
121.80147692826688,3.1234095316778063,3.869933569720757,1.0
401.55966987890486,6.4215302652168464,5.635641323751379,2.0626389795273306
181.09280462854588,2.146271370649083,3.4261507453924667,2.4298371955914395

1.0,1.0,718.305387940516,7.694612059484029
5.440827801336049,89.55917219866397,1.0,1.0
1.0,1.0,8.747492040208849,313.2525079597913
2.3203723999078933,125.67962760009215,1.0,1.0

Iteration: ,5000
Error:,0.017221080014057585
Absolute Error:,0.3833284963094884
Transition Probabilities
0.9680644709820528,0.015361395602099401,0.01195506731002047,0.004619066105827288
0.9664344736000503,0.015337693958778787,0.01448489998014031,0.0037429324610307197
0.9735093604306462,0.008941620555036885,0.011107270354254788,0.006441748660062123
0.964948796623879,0.013950865317750732,0.014436408486115633,0.006663929572254489

0.0006910850034554262,0.0006910850034554262,0.9884344931545869,0.010183336838502338
0.048644526646690354,0.9401195182971298,0.005617977528089886,0.005617977528089886
0.001582278481012657,0.001582278481012657,0.02034461814377692,0.9764908248941978
0.016344326272010504,0.9761368767355083,0.0037593984962406,0.0037593984962406

Transition Gammas
938.3708146876002,14.890212106697355,11.588366878053707,4.4773844663713405
258.20248793212687,4.097774704317034,3.869933569720757,1.0
809.3955626863296,7.4342459298698484,9.23481139854095,5.355801385503305
351.8447265169206,5.086838192422417,5.263879506825027,2.4298371955914395

1.0,1.0,1430.2647115946847,14.735288405312858
8.658725743110885,167.34127425688916,1.0,1.0
1.0,1.0,12.857798666867025,617.1422013331336
4.347590788354796,259.6524092116453,1.0,1.0

Iteration: ,7500
Error:,0.017119389992578598
Absolute Error:,0.38581560954642696
Transition Probabilities
0.9680557153456169,0.016730622226352167,0.0113259104592247,0.0038877519688062193
0.9613976718388043,0.016639217336152982,0.014016556862986257,0.007946553962056402
0.9687997455346112,0.013193546267495193,0.013066505988156172,0.0049402022097375905
0.9643919506639641,0.01817222437657537,0.012205360642665568,0.005230464316794844

0.000478011472275335,0.000478011472275335,0.9857675368281205,0.013276440227328806
0.0416271415334514,0.9542491471263425,0.0020618556701030915,0.0020618556701030915
0.0009727626459143965,0.0009727626459143965,0.021335372588262177,0.976719102119909
0.01570520539207814,0.980542449392162,0.0018761726078799245,0.0018761726078799245

Transition Gammas
1147.018064988577,19.823575882999645,13.419706834265963,4.606472199612567
508.5394332819803,8.801454800903342,7.414176352262704,4.203396957140132
1050.3009389336573,14.303465805482906,14.165738142684505,5.355801385503305
479.573840840643,9.036702800030799,6.069494543394331,2.6010107820355146

1.0,1.0,2062.225687044426,27.774312955571837
20.18916364372394,462.81083635627635,1.0,1.0
1.0,1.0,21.93276302073353,1004.0672369792669
8.37087447397765,522.6291255260224,1.0,1.0

Iteration: ,10000
Error:,0.016646234932591195
Absolute Error:,0.385864374582
Transition Probabilities
0.9688114412724865,0.014846461184885697,0.012367404564993337,0.003974692977634514
0.9583497548580339,0.020153748173375875,0.01328345694360911,0.008213040024981126
0.968623416513727,0.012242055916402275,0.014128785885741941,0.005005741684128648
0.9663182677137778,0.018131536774194386,0.01172403844172912,0.003826157070298763

0.00034891835310537375,0.00034891835310537375,0.9871550438359091,0.012147119457880091
0.045961099784174814,0.9504091361504894,0.0018148820326678759,0.0018148820326678759
0.0006373486297004455,0.0006373486297004455,0.0198534142935084,0.9788718884470907
0.014901865336365002,0.9819235314890318,0.0015873015873015862,0.0015873015873015862

Transition Gammas
1358.84497023808,20.823493868341604,17.346394532632285,5.574863519164615
603.9711371476978,12.70129421994303,8.371499606292012,5.176021695818378
1288.5155344596258,16.28504840279603,18.794879192944226,6.658909759487986
902.01199184416,16.92492437256811,10.94383043415045,3.5715350474064054

1.0,1.0,2829.1863556337125,34.8136443662843
25.324565981080333,523.6754340189199,1.0,1.0
1.0,1.0,31.150007026514714,1535.849992973487
9.388175161909958,618.6118248380905,1.0,1.0

Iteration: ,12500
Error:,0.01705080517796907
Absolute Error:,0.3858123562316148
Transition Probabilities
0.9683328404272855,0.013641811163293636,0.0144954980388195,0.0035298503706014672
0.963624404764041,0.016741991879471934,0.012767737910619902,0.0068658654458671605
0.9671364636823451,0.01190655339015497,0.016297077217672748,0.004659905709827289
0.9673606413744649,0.017504215360752213,0.011645770741306193,0.0034893725234767417

0.00029542097488921733,0.00029542097488921733,0.9846857314154158,0.014723426634805744
0.030532185168313738,0.9676056174387626,0.0009310986964618247,0.0009310986964618247
0.0005060728744939266,0.0005060728744939266,0.02084483593498468,0.9781430183160275
0.014105220519788672,0.9837895163223166,0.0010526315789473677,0.0010526315789473677

Transition Gammas
1548.5955837210013,21.816515602332043,23.181764894854833,5.645074159312116
900.290957341517,15.641637781750118,11.928588493410178,6.414611901357327
1402.9016127698708,17.271319592252805,23.64009296584397,6.75953133933272
990.1386025439278,17.91637843699917,11.919987928142572,3.5715350474064054

1.0,1.0,3333.1612008411803,49.83879915881741
32.79156687076896,1039.2084331292313,1.0,1.0
1.0,1.0,41.18939580752977,1932.8106041924725
13.399959493799248,934.6000405062015,1.0,1.0

Iteration: ,12936
Error:,0.017079267341904267
Absolute Error:,0.3862476636788158
Transition Probabilities
0.9683212775000964,0.013387309914474364,0.014827599647386313,0.003463812938042821
0.9621188983931921,0.01759078096411029,0.01387861962957073,0.006411701013126707
0.967467649705518,0.011786692415675742,0.016132741509212036,0.004612916369594296
0.9675147811391258,0.017421978596046595,0.011590444812873198,0.003472795451954528

0.00028826751225136956,0.00028826751225136956,0.984479031656202,0.014944433319295295
0.029958675500204993,0.9683216340440771,0.0008598452278589852,0.0008598452278589852
0.00048732943469785524,0.00048732943469785524,0.02299811152425272,0.9760272296063515
0.01316661337021402,0.9848687500875464,0.0009823182711198423,0.0009823182711198423

*,*,*,*,*,*,*,*,*,*,*
Model Num 2
Model States: 
"['square', 'y', 'diamond']","['square', 'y', 'square']","['diamond', 'y', 'diamond']","['diamond', 'y', 'square', 'y', 'square']"
Iteration: ,12936
Error:,0.01701115094930311
Transition Probabilities
0.9683212775000964,0.013387309914474364,0.014827599647386313,0.003463812938042821
0.9621188983931921,0.01759078096411029,0.01387861962957073,0.006411701013126707
0.967467649705518,0.011786692415675742,0.016132741509212036,0.004612916369594296
0.9675147811391258,0.017421978596046595,0.011590444812873198,0.003472795451954528

0.00028826751225136956,0.00028826751225136956,0.984479031656202,0.014944433319295295
0.029958675500204993,0.9683216340440771,0.0008598452278589852,0.0008598452278589852
0.00048732943469785524,0.00048732943469785524,0.02299811152425272,0.9760272296063515
0.01316661337021402,0.9848687500875464,0.0009823182711198423,0.0009823182711198423

Transition Gammas
1578.1006420677313,21.81767855616453,24.16495957237837,5.645074159312116
962.5556967672985,17.598767112742454,13.884920470869204,6.414611901357327
1417.677532825113,17.27161526187448,23.64009296584397,6.75953133933272
995.0234609347132,17.91732568525588,11.919987928142572,3.5715350474064054

1.0,1.0,3415.1577608153616,51.84223918463533
34.841939606738414,1126.1580603932618,1.0,1.0
1.0,1.0,47.192124847766635,2002.8078751522355
13.40361241087788,1002.5963875891227,1.0,1.0

