0,1,2,3,4,5,6,7,8,9,10,11,12,13,14,15,16,17,18,19,20,21,22,23,24,25,26,27,28,29
github Code Version (SHA):,cd93f48c3be2409aefa56252372b16f046dc3cc1
Environment Observations,Environment Actions,alpha,epsilon,numActions,explore,patience,gainThresh,insertRandActions,useBudd,revisedSplitting,haveControl,confidence_factor
"['diamond', 'square']","['x', 'y']",0.99,0.99,75000,0.5,0,0.01,False,True,False,True,250

Model Num 0
Model States: 
['diamond'],['square']
Iteration: ,0
Error:,0.674463532165268
Absolute Error:,1
Transition Probabilities
0.5,0.5
0.5,0.5

0.5,0.5
0.5,0.5

Transition Gammas
1.0,1.0
1.0,1.0

1.0,1.0
1.0,1.0

Iteration: ,2500
Error:,0.14850452243807574
Absolute Error:,1
Transition Probabilities
0.48484848484848486,0.5151515151515151
0.015299026425591099,0.9847009735744089

0.028112449799196786,0.9718875502008032
0.9776609724047306,0.022339027595269383

Transition Gammas
256.0,272.0
11.0,708.0

14.0,484.0
744.0,17.0

Iteration: ,2505
Error:,0.14624957638853683
Absolute Error:,1
Transition Probabilities
0.48484848484848486,0.5151515151515151
0.015277777777777777,0.9847222222222223

0.028,0.972
0.9777195281782438,0.022280471821756225


Model Num 1
Model States: 
['square'],"['diamond', 'x', 'square']","['diamond', 'x', 'diamond']"
Iteration: ,0
Error:,0.7227339037282412
Absolute Error:,1
Transition Probabilities
0.3333333333333333,0.3333333333333333,0.3333333333333333
0.3333333333333333,0.3333333333333333,0.3333333333333333
0.3333333333333333,0.3333333333333333,0.3333333333333333

0.3333333333333333,0.3333333333333333,0.3333333333333333
0.3333333333333333,0.3333333333333333,0.3333333333333333
0.3333333333333333,0.3333333333333333,0.3333333333333333

Transition Gammas
1.0,1.0,1.0
1.0,1.0,1.0
1.0,1.0,1.0

1.0,1.0,1.0
1.0,1.0,1.0
1.0,1.0,1.0

Iteration: ,2500
Error:,0.11505777651749431
Absolute Error:,1
Transition Probabilities
0.9743589743589743,0.019983910892832274,0.005657114748193365
0.9957537154989384,0.0021231422505307855,0.0021231422505307855
0.003236245954692557,0.9706711396039212,0.02609261444138627

0.02255639097744362,0.2868175735519261,0.6906260354706303
0.8803635615613215,0.0448114547098347,0.07482498372884396
0.9824282934861612,0.010197910623315914,0.007373795890522859

Transition Gammas
836.0,17.14619554605009,4.853804453949907
469.0,1.0,1.0
1.0,299.9373821376116,8.062617862388358

15.0,190.73368641203075,459.2663135879689
28.961023626672336,1.4741473355569854,2.4614922927900857
156.01956435359313,1.61953150506352,1.171033479084036

Iteration: ,5000
Error:,0.15870072070515404
Absolute Error:,1
Transition Probabilities
0.9746300211416491,0.020087519109560033,0.0052824597487909145
0.9986850756081526,0.0006574621959237344,0.0006574621959237344
0.0024570024570024574,0.9776553289347464,0.019887668608251172

0.031045751633986936,0.6580676659339466,0.31088658243206646
0.855353924182806,0.09878384791106098,0.045862227906133
0.9814268627860876,0.011654371194601939,0.00691876601931044

Transition Gammas
922.0,19.00279307764379,4.997206922356205
1519.0,1.0,1.0
1.0,397.9057188764417,8.094281123558225

57.0,1208.2122346547258,570.7877653452739
87.51856576944357,10.10741921669749,4.692556257540807
166.1110825813801,1.9725567837473534,1.171033479084036

Iteration: ,7500
Error:,0.17696645598462551
Absolute Error:,1
Transition Probabilities
0.9758551307847082,0.01911749806604003,0.005027371149251715
0.9992369324685234,0.00038153376573826786,0.00038153376573826786
0.0021551724137931026,0.9803532085001936,0.017491619086013342

0.02927631578947368,0.7635898107373327,0.20713387347319362
0.8211340328662261,0.1478083166566545,0.03105765047711933
0.9814268627860876,0.011654371194601939,0.00691876601931044

Transition Gammas
970.0,19.00279307764379,4.997206922356205
2619.0,1.0,1.0
1.0,454.88388874409,8.116111255910194

89.0,2321.3130246414917,629.6869753585087
150.41674804977538,27.075782316073425,5.689193968161724
166.1110825813801,1.9725567837473534,1.171033479084036

Iteration: ,10000
Error:,0.1431085663542804
Absolute Error:,1
Transition Probabilities
0.9779077322936972,0.01675429639140323,0.005337971314899558
0.9992771955186122,0.0003614022406938923,0.0003614022406938923
0.0015923566878980895,0.9822419413751889,0.016165701936912986

0.025451768897938414,0.765062869893677,0.2094853612083845
0.9420791588923327,0.04256027514492277,0.015360565962744514
0.9814268627860876,0.011654371194601939,0.00691876601931044

Transition Gammas
1505.0,25.784862146369573,8.21513785363042
2765.0,1.0,1.0
1.0,616.8479391836186,10.152060816381352

100.0,3005.9320158122564,823.0679841877426
751.1364852260572,33.934065073893436,12.247252706348798
166.1110825813801,1.9725567837473534,1.171033479084036

Iteration: ,12500
Error:,0.13746175594485993
Absolute Error:,1
Transition Probabilities
0.9805395842547545,0.014942442346912683,0.004517973398332782
0.9993802293151534,0.0003098853424233034,0.0003098853424233034
0.0010706638115631688,0.983754291910109,0.015175044278327799

0.025069637883008363,0.7308504475663856,0.24407991455060604
0.9521011564199249,0.03594649579656033,0.011952347783514786
0.9814268627860876,0.011654371194601939,0.00691876601931044

Transition Gammas
2217.0,33.784862146369576,10.21513785363042
3225.0,1.0,1.0
1.0,918.8265086440422,14.17349135595817

117.0,3410.879038792321,1139.1209612076782
975.5927183414625,36.83341766003378,12.247252706348798
166.1110825813801,1.9725567837473534,1.171033479084036

Iteration: ,14870
Error:,0.13746712810556916
Absolute Error:,1
Transition Probabilities
0.980218281036835,0.015567657569977068,0.0042140613931880054
0.9994566693833198,0.00027166530834012495,0.00027166530834012495
0.0008143322475570031,0.9843688758047098,0.014816791947733261

0.02385389489377562,0.7064687979807638,0.26967730712546056
0.9562221561243037,0.033743871063047194,0.010033972812649129
0.9814268627860876,0.011654371194601939,0.00691876601931044


Model Num 2
Model States: 
"['diamond', 'x', 'square']","['diamond', 'x', 'diamond']","['square', 'y', 'diamond', 'x', 'square']","['square', 'y', 'diamond', 'x', 'diamond']"
Iteration: ,0
Error:,0.6750013379279184
Absolute Error:,0.74
Transition Probabilities
0.25,0.25,0.25,0.25
0.25,0.25,0.25,0.25
0.25,0.25,0.25,0.25
0.25,0.25,0.25,0.25

0.25,0.25,0.25,0.25
0.25,0.25,0.25,0.25
0.25,0.25,0.25,0.25
0.25,0.25,0.25,0.25

Transition Gammas
1.0,1.0,1.0,1.0
1.0,1.0,1.0,1.0
1.0,1.0,1.0,1.0
1.0,1.0,1.0,1.0

1.0,1.0,1.0,1.0
1.0,1.0,1.0,1.0
1.0,1.0,1.0,1.0
1.0,1.0,1.0,1.0

Iteration: ,2500
Error:,0.027050542005563505
Absolute Error:,0.9809741766054434
Transition Probabilities
0.0020618556701030915,0.0020618556701030915,0.9808879881206197,0.014988300539174057
0.9850905329260026,0.009833324942017732,0.0025380710659898475,0.0025380710659898475
0.00802347435394198,0.009089850614857599,0.014718606838250764,0.9681680681929496
0.0222315130885651,0.00401696962979715,0.023280256315989057,0.9504712609656487

0.006654526716085343,0.006654526716085343,0.9722804895104934,0.014410457057336016
0.036076160296511534,0.036076160296511534,0.044524980213978986,0.8833226991929979
0.9675299824590196,0.0038613228741596643,0.010004954531719679,0.018603740135101087
0.0024539191662954598,0.988157263001257,0.004678465103446381,0.004710352729001166

Transition Gammas
1.0,1.0,475.73067423850085,7.269325761499422
388.12566997284506,3.874330027154987,1.0,1.0
3.0552165345678146,3.46127633368954,5.604620765807437,368.6636187389836
5.869893301587492,1.0606198070591406,6.1467980188335485,250.95749739874213

1.4159788056421116,1.4159788056421116,206.8860228569469,3.0663190101079314
1.0,1.0,1.2341939898266951,24.484942187109993
298.6167072260842,1.1917517215205855,3.0879111059851456,5.741824772307701
1.018009052525632,409.9373169544377,1.940862556782458,1.9540911471631772

Iteration: ,5000
Error:,0.02810846418718379
Absolute Error:,0.9836205281247148
Transition Probabilities
0.001097694840834248,0.001097694840834248,0.9831659075831358,0.014638702735195653
0.9862407873726642,0.01123396010208334,0.001262626262626263,0.001262626262626263
0.012761839624109584,0.004818913082582694,0.01337348674712647,0.9690457605461813
0.023532404152133438,0.0020993498451751923,0.019441504264668546,0.9549267417380227

0.008191890959867587,0.009348092646554024,0.9742355463312077,0.008224470062370627
0.05033889758547108,0.024915847612655313,0.026392678219013165,0.8983525765828604
0.9717537911575357,0.002006027614500283,0.009357479947643228,0.016882701280320912
0.001222953693011927,0.9832672544576808,0.008473788476049838,0.007036003373257356

Transition Gammas
1.0,1.0,895.6641418082369,13.335858191763242
781.1027035991498,8.897296400850003,1.0,1.0
9.93985946701757,3.753323990543913,10.416255239513234,754.7641218387631
12.272827368325402,1.0948714831255333,10.13930510789768,498.02183300025087

3.939126695378586,4.495094169992275,468.46781371245606,3.9547925792398226
2.4331155848797654,1.2043000551195646,1.2756822215338293,43.42160356391118
580.5366180444087,1.1984234047993467,5.590263512892746,10.085915171019506
1.0185587714833706,818.9316508572616,7.0575457020931465,5.860060763517374

Iteration: ,7500
Error:,0.026283861879473205
Absolute Error:,0.9844897632867782
Transition Probabilities
0.00073909830007391,0.00073909830007391,0.9819501490030734,0.016571654396778795
0.9840978797245246,0.014129070630085458,0.0008865248226950357,0.0008865248226950357
0.016261576595614138,0.0034959682726247894,0.011178949678915102,0.969063505452846
0.021728727178752492,0.0014750359960541293,0.01760935053939581,0.9591868862857975

0.009511486800437279,0.007287170645706128,0.976511752948356,0.0066895896055005465
0.04333974973623249,0.019970619370263426,0.012620255268324325,0.9240693756251799
0.9707595052744303,0.0011953723854727914,0.009866583888869608,0.018178538451227324
0.000833988821093943,0.9819592373955183,0.00939184852463375,0.007814925258754027

Transition Gammas
1.0,1.0,1328.5785516011579,22.421448398841704
1110.0624083292635,15.937591670736394,1.0,1.0
17.925454662192152,3.8536743594898146,12.322775375566362,1068.2176989201062
16.215929230384816,1.1008044386361153,13.141680126533556,715.831467658782

7.414239045318323,5.68037639802097,761.19451341604,5.21455977292399
4.427164465433189,2.0400029295694706,1.2891617051012159,94.39387925082329
977.4551923801579,1.2036173106313561,9.934637364692755,18.30392254980944
1.0197710182860291,1200.703829723639,11.484008767636773,9.555804691117201

Iteration: ,10000
Error:,0.022389397752066692
Absolute Error:,0.9858328199232966
Transition Probabilities
0.0006067961165048543,0.0006067961165048543,0.9839290052205514,0.014857402546438837
0.9869794328298009,0.011647883573768116,0.0006863417982155118,0.0006863417982155118
0.018134639036280133,0.004246524641676233,0.009281696518764261,0.9683371398032794
0.0192038652046273,0.0020168837998850797,0.015678217449179317,0.9631010335463083

0.01027565722015569,0.006212273316788721,0.9763376895169696,0.007174379946086037
0.03396389158615471,0.008235000478219023,0.015722530921893338,0.9420785770137329
0.9716636994595399,0.0009338835897947813,0.010983164830574356,0.016419252120090867
0.0006010974223729081,0.9841424921827799,0.00846412426000576,0.006792286134841329

Transition Gammas
1.0,1.0,1621.5150006034687,24.484999396531204
1438.0290336330188,16.970966366980132,1.0,1.0
26.055251831135287,6.101266682211927,13.33563572634426,1391.2748957693652
19.772059327532826,2.076558324230415,16.14209651296862,991.5967733983767

11.362413707704832,6.86928514433451,1079.5954466986782,7.933144449757689
8.413653225472554,2.0400029295694706,3.8948399852243383,233.3749781892288
1255.391862386123,1.2065798688336478,14.190275667618112,21.213713663990262
1.0210327122154086,1671.678567565763,14.377282996167157,11.537474752466562

Iteration: ,12500
Error:,0.020220807027519522
Absolute Error:,0.9861459789763205
Transition Probabilities
0.0005257623554153522,0.0005257623554153522,0.9839455704362741,0.015002904852895321
0.9882781842919789,0.010605121123989888,0.0005583472920156343,0.0005583472920156343
0.01641925912145616,0.003486353098085038,0.00754570738836475,0.9725486803920941
0.017654493506059337,0.0027320060445939244,0.014432446880631479,0.9651810535687152

0.013068732303911696,0.006134583333094882,0.9741694903959042,0.006627193967089272
0.02121562358893341,0.0034902751474172058,0.01487900012177362,0.9604151011418758
0.9682174738062317,0.000819539807118289,0.01180517054066711,0.0191578158459829
0.0004296463771302868,0.9839201114295887,0.009484683284296674,0.0061655589089844205

Transition Gammas
1.0,1.0,1871.4644749697932,28.5355250302069
1770.0062280669326,18.993771933065872,1.0,1.0
29.072276150241574,6.1730081287486005,13.360583892411523,1722.0145925442014
19.772059327532826,3.059696137889747,16.163544758017064,1080.9495637142713

17.88394073230166,8.394886527256833,1333.1047743813806,9.069000831351982
12.400149686220113,2.0400029295694706,8.696507454417738,561.34532011954
1427.3306021866547,1.208152381108734,17.402992233229092,28.242143493374133
1.0229521336429308,2342.631594018711,22.58223860143607,14.679680725282191

Iteration: ,15000
Error:,0.02003988606480841
Absolute Error:,0.9858013648307373
Transition Probabilities
0.0004585052728106374,0.0004585052728106374,0.985057381344634,0.014025608109744639
0.9886942404798059,0.010364139934506805,0.00047080979284369145,0.00047080979284369145
0.016279750021574196,0.002934254933364271,0.006778618632614953,0.9740073764124465
0.01724011596507808,0.002540273848050267,0.013433798803064577,0.966785811383807

0.014788826555881615,0.006693698294888866,0.9722677803870724,0.006249694762157049
0.0188746979614318,0.0043428439811947755,0.015396098546887914,0.9613863595104856
0.9662384646763088,0.0007283557355336627,0.013358216847257366,0.019674962740900217
0.0003349676310586996,0.9836937387705899,0.009935248574565748,0.006036045023785618

Transition Gammas
1.0,1.0,2148.4101487126463,30.589851287353053
2099.9865667791064,22.013433220892438,1.0,1.0
34.36411229710205,6.193772380093664,14.308647958458266,2055.9835880088367
20.76528728412786,3.059696137889747,16.180673727941805,1164.469262055366

23.864955840949616,10.801723423866306,1568.9634033396344,10.085228125078975
17.36168068996917,3.994716664707811,14.161929763780401,884.3205346978058
1604.30287469562,1.2093321090349554,22.17943755327702,32.6675043880908
1.02414798606367,3007.597952916223,30.376561420349205,18.454927526464136

Iteration: ,15619
Error:,0.020108996591622297
Absolute Error:,0.9856998238999877
Transition Probabilities
0.0004434589800443458,0.0004434589800443458,0.9855418205127922,0.013571261527119132
0.9886492094263942,0.01044334955727193,0.00045372050816696935,0.00045372050816696935
0.016787417170412,0.0032750084639903442,0.006512120966346334,0.9734254533992514
0.017757520133843824,0.002497052758966773,0.01320829921628771,0.9665371278909017

0.015082696506987207,0.006607296742208942,0.9722816706133921,0.0060283361374118
0.017348696901886757,0.004979591598715484,0.016075723010558977,0.9615959884888388
0.9672245318613433,0.0007073227759887685,0.01296796872068178,0.019100176641986332
0.00031819549828408767,0.9836116276536305,0.009957630014689899,0.006112546833395445

*,*,*,*,*,*,*,*,*,*,*
Model Num 2
Model States: 
"['diamond', 'x', 'square']","['diamond', 'x', 'diamond']","['square', 'y', 'diamond', 'x', 'square']","['square', 'y', 'diamond', 'x', 'diamond']"
Iteration: ,15619
Error:,0.020233642752090955
Transition Probabilities
0.0004434589800443458,0.0004434589800443458,0.9855418205127922,0.013571261527119132
0.9886492094263942,0.01044334955727193,0.00045372050816696935,0.00045372050816696935
0.016787417170412,0.0032750084639903442,0.006512120966346334,0.9734254533992514
0.017757520133843824,0.002497052758966773,0.01320829921628771,0.9665371278909017

0.015082696506987207,0.006607296742208942,0.9722816706133921,0.0060283361374118
0.017348696901886757,0.004979591598715484,0.016075723010558977,0.9615959884888388
0.9672245318613433,0.0007073227759887685,0.01296796872068178,0.019100176641986332
0.00031819549828408767,0.9836116276536305,0.009957630014689899,0.006112546833395445

Transition Gammas
1.0,1.0,2222.396805256347,30.60319474365365
2178.982857575772,23.017142424227323,1.0,1.0
36.89607371426493,7.197947872243395,14.312606446333263,2139.434370360565
21.758697559319106,3.059696137889747,16.184432609621698,1184.3201577200603

25.25256048690755,11.062422462739542,1627.8655269700596,10.093084010201999
17.36168068996917,4.983318331761794,16.08775410326992,962.3156482192522
1654.2680327569772,1.2097516332711094,22.17943755327702,32.6675043880908
1.0243828785710825,3166.5907153476587,32.05710248322502,19.678431512578413

