0,1,2,3,4,5,6,7,8,9,10,11,12,13,14,15,16,17,18,19,20,21,22,23,24,25,26,27,28,29
github Code Version (SHA):,cd93f48c3be2409aefa56252372b16f046dc3cc1
Environment Observations,Environment Actions,alpha,epsilon,numActions,explore,patience,gainThresh,insertRandActions,useBudd,revisedSplitting,haveControl,confidence_factor
"['diamond', 'square']","['x', 'y']",0.99,0.99,75000,0.5,0,0.01,False,True,False,True,250

Model Num 0
Model States: 
['diamond'],['square']
Iteration: ,0
Error:,0.6746197330673074
Absolute Error:,1
Transition Probabilities
0.5,0.5
0.5,0.5

0.5,0.5
0.5,0.5

Transition Gammas
1.0,1.0
1.0,1.0

1.0,1.0
1.0,1.0

Iteration: ,2476
Error:,0.147915995522415
Absolute Error:,1
Transition Probabilities
0.4701348747591522,0.5298651252408478
0.02545968882602546,0.9745403111739745

0.034,0.966
0.9788359788359788,0.021164021164021163


Model Num 1
Model States: 
['square'],"['diamond', 'x', 'square']","['diamond', 'x', 'diamond']"
Iteration: ,0
Error:,0.7228049083241262
Absolute Error:,1
Transition Probabilities
0.3333333333333333,0.3333333333333333,0.3333333333333333
0.3333333333333333,0.3333333333333333,0.3333333333333333
0.3333333333333333,0.3333333333333333,0.3333333333333333

0.3333333333333333,0.3333333333333333,0.3333333333333333
0.3333333333333333,0.3333333333333333,0.3333333333333333
0.3333333333333333,0.3333333333333333,0.3333333333333333

Transition Gammas
1.0,1.0,1.0
1.0,1.0,1.0
1.0,1.0,1.0

1.0,1.0,1.0
1.0,1.0,1.0
1.0,1.0,1.0

Iteration: ,2500
Error:,0.11989672869831396
Absolute Error:,1
Transition Probabilities
0.9770642201834863,0.01807036055979211,0.004865419256721652
0.9956043956043956,0.002197802197802198,0.002197802197802198
0.0029411764705882344,0.9758394420124399,0.021219381516971884

0.03405572755417957,0.2219993368276878,0.7439449356181326
0.8383742666707129,0.04195956709362305,0.1196661662356641
0.9818864194444303,0.01143744096158278,0.006676139593986951

Transition Gammas
852.0,15.757354408138719,4.24264559186128
453.0,1.0,1.0
1.0,331.78541028422967,7.214589715770443

22.0,143.4115715906863,480.58842840931356
29.12564128099344,1.4577013489783601,4.157276731658821
147.07397974853512,1.7131818172112858,1.0

Iteration: ,5000
Error:,0.15813164853595993
Absolute Error:,1
Transition Probabilities
0.9790794979079498,0.016482588293032133,0.004437913799018076
0.9986859395532195,0.000657030223390276,0.000657030223390276
0.0023148148148148134,0.9762737796868909,0.0214114054982944

0.026967528893780957,0.649416701290015,0.323615769816204
0.8421850351755847,0.11569736452892948,0.04211760029548573
0.983186868861206,0.010616299421826693,0.006196831716967371

Transition Gammas
936.0,15.757354408138719,4.24264559186128
1520.0,1.0,1.0
1.0,421.75027282473707,9.249727175263185

49.0,1179.9901462439573,588.0098537560426
83.12905355298676,11.420070424143335,4.157276731658821
158.65960441836265,1.7131818172112858,1.0

Iteration: ,7500
Error:,0.16691821952876607
Absolute Error:,1
Transition Probabilities
0.9798387096774194,0.01588442984691403,0.004276860475666613
0.9992472713586752,0.0003763643206624012,0.0003763643206624012
0.0020790020790020787,0.9786438286964326,0.019277169224565315

0.026671056964109322,0.7631042921050096,0.21022465093088114
0.853737937105308,0.11931334640422502,0.02694871649046697
0.983186868861206,0.010616299421826693,0.006196831716967371

Transition Gammas
972.0,15.757354408138719,4.24264559186128
2655.0,1.0,1.0
1.0,470.7276816029842,9.272318397015919

81.0,2317.5477351229138,638.4522648770859
131.70292774863051,18.406019409425248,4.157276731658821
158.65960441836265,1.7131818172112858,1.0

Iteration: ,10000
Error:,0.14748159614161702
Absolute Error:,1
Transition Probabilities
0.9769736842105263,0.01929328990936726,0.0037330258801064236
0.9992887624466572,0.00035561877667140827,0.00035561877667140827
0.0016260162601626014,0.9816118985414505,0.016762085198386872

0.027848101265822805,0.7675629809356141,0.204588917798563
0.9406742158489569,0.04796868469963308,0.01135709945140989
0.983186868861206,0.010616299421826693,0.006196831716967371

Transition Gammas
1485.0,29.325800662238233,5.674199337761764
2810.0,1.0,1.0
1.0,603.6913176029922,10.308682397007928

110.0,3031.873774695674,808.1262253043233
733.1866940299158,37.38807842218415,8.852027684242623
158.65960441836265,1.7131818172112858,1.0

Iteration: ,12500
Error:,0.1408455455766302
Absolute Error:,1
Transition Probabilities
0.978202846975089,0.01786478819875695,0.003932364826154085
0.9993911719939117,0.00030441400304414006,0.00030441400304414006
0.0010718113612004294,0.9792754567883942,0.019652731850405364

0.027593582887700557,0.7310704101532218,0.24133600695907767
0.9447932122856557,0.044403273106985136,0.01080351460735915
0.983186868861206,0.010616299421826693,0.006196831716967371

Transition Gammas
2199.0,40.16004387080562,8.839956129194384
3283.0,1.0,1.0
1.0,913.6640011835713,18.335998816428194

129.0,3417.7541674663094,1128.2458325336872
935.9934376439187,43.989702400066435,10.702891007774344
158.65960441836265,1.7131818172112858,1.0

Iteration: ,15000
Error:,0.13741004964594603
Absolute Error:,1
Transition Probabilities
0.9807692307692307,0.015607874744900066,0.0036228944858691654
0.9994612068965517,0.00026939655172413793,0.00026939655172413793
0.000809716599190284,0.9786484879391798,0.02054179546162994

0.02653061224489801,0.7055519579423233,0.2679174298127787
0.9507272804060929,0.0403847326486824,0.008887986945224644
0.983186868861206,0.010616299421826693,0.006196831716967371

Transition Gammas
2958.0,47.0733502306186,10.926649769381402
3710.0,1.0,1.0
1.0,1208.6308826048862,25.36911739511296

143.0,3802.9250533091154,1444.0749466908746
1162.3208455902657,49.37274607404072,10.866094530658788
158.65960441836265,1.7131818172112858,1.0

Iteration: ,16950
Error:,0.13944138465826827
Absolute Error:,1
Transition Probabilities
0.9812114413909142,0.01541740056529848,0.003371158043787334
0.9995071463775259,0.0002464268112370626,0.0002464268112370626
0.0006729475100942135,0.9781943004659204,0.021132752023985395

0.025993627368774138,0.6873086670213828,0.286697705609843
0.9531517013674325,0.03840994213632618,0.008438356496241329
0.983186868861206,0.010616299421826693,0.006196831716967371


Model Num 2
Model States: 
"['diamond', 'x', 'square']","['diamond', 'x', 'diamond']","['square', 'y', 'diamond', 'x', 'square']","['square', 'y', 'diamond', 'x', 'diamond']"
Iteration: ,0
Error:,0.6748802232488043
Absolute Error:,0.74
Transition Probabilities
0.25,0.25,0.25,0.25
0.25,0.25,0.25,0.25
0.25,0.25,0.25,0.25
0.25,0.25,0.25,0.25

0.25,0.25,0.25,0.25
0.25,0.25,0.25,0.25
0.25,0.25,0.25,0.25
0.25,0.25,0.25,0.25

Transition Gammas
1.0,1.0,1.0,1.0
1.0,1.0,1.0,1.0
1.0,1.0,1.0,1.0
1.0,1.0,1.0,1.0

1.0,1.0,1.0,1.0
1.0,1.0,1.0,1.0
1.0,1.0,1.0,1.0
1.0,1.0,1.0,1.0

Iteration: ,2500
Error:,0.046783312981591586
Absolute Error:,0.9717155715605326
Transition Probabilities
0.001992031872509959,0.001992031872509959,0.9720512059732076,0.023964730281772473
0.9752405997020622,0.019339346097395748,0.0027100271002710023,0.0027100271002710023
0.026790341604558288,0.00488155183421229,0.018134586331102008,0.9501935202301275
0.011402030537791883,0.003927054589796033,0.038773662801493344,0.9458972520709188

0.03930840422277676,0.007923270550176791,0.9331722476999157,0.01959607752713083
0.03636282288026977,0.0720093017659245,0.04705477937780399,0.8445730959760018
0.9625039720617123,0.003080470021235415,0.0134133771705515,0.021002180746500662
0.002645552325156942,0.9692636948207008,0.017151821880284936,0.010938930973857152

Transition Gammas
1.0,1.0,487.96970539855056,12.03029460144979
359.863781290061,7.136218709939032,1.0,1.0
9.37347208936302,1.7079696312264394,6.344974667952968,332.45609827742044
2.903456083197481,1.0,9.873471813262265,240.86684573438728

8.65236272708884,1.7440293530223498,205.4050509960413,4.313387280541016
1.0,1.9803000994456972,1.2940353814867218,23.226279729626317
338.93469537598895,1.084752061880685,4.723366383128679,7.395676215547355
1.039375869241024,380.8011226042444,6.738551192643982,4.297651111038167

Iteration: ,5000
Error:,0.0341859933494852
Absolute Error:,0.9769887250248797
Transition Probabilities
0.0010245901639344254,0.0010245901639344254,0.9793216576382157,0.018629162033915535
0.9745382672716498,0.022809212834450938,0.0013262599469496027,0.0013262599469496027
0.023213200105187116,0.002489251877068823,0.014822500768864683,0.9594750472488794
0.007768390734483047,0.0040341261943595665,0.029981901398691238,0.9582155816724661

0.03552255756998333,0.005893502507494572,0.9481929575563318,0.010390982366190373
0.02404813844479187,0.047622530953705236,0.0348902040200847,0.8934391265814181
0.9642960895580567,0.0015672489120698361,0.012532578129919238,0.021604083399954295
0.0013174701351215347,0.9742294169267298,0.016817043797847375,0.007636069140301196

Transition Gammas
1.0,1.0,955.8179378548991,18.182062145101575
734.8018535228236,17.198146477176,1.0,1.0
16.74904206228384,1.7960722435390668,10.694892893740812,692.2909315072102
3.803816085094333,1.9753221267939294,14.680728956618744,469.1931658862806

16.65735833628733,2.7636012111385555,444.62986187982733,4.872574740675044
1.0,1.9803000994456972,1.450848434700396,37.15211173756824
671.7864151772625,1.0918394668720384,8.730944598858622,15.050698532955222
1.0414958385734665,770.1547507575519,13.294328778807609,6.036519554160002

Iteration: ,7500
Error:,0.030528119278419825
Absolute Error:,0.9803716641031318
Transition Probabilities
0.0007352941176470581,0.0007352941176470581,0.9828827777472893,0.015646634017416623
0.9780620472830295,0.020131267983456463,0.0009033423667570011,0.0009033423667570011
0.022606041292488367,0.0026298355488167777,0.011866256875050859,0.9628978662836439
0.011215091041960452,0.002692116871690763,0.024458919746087677,0.9616338723402611

0.03645823604888582,0.004226826537255248,0.950198574206497,0.009116363207361936
0.011884476517675026,0.023534830029811906,0.02448500245101419,0.9400956910014988
0.9637166033304313,0.0010435711586289692,0.011773264343618693,0.02346656116732097
0.0008735435169200494,0.9706351446648901,0.020413961797091984,0.008077350021097987

Transition Gammas
1.0,1.0,1336.7205777363147,21.27942226368663
1082.7146863423134,22.2853136576863,1.0,1.0
24.11793670552461,2.80571934252713,12.659873904550867,1027.296619184284
8.476539812964882,2.0347437001324784,18.486431027097872,726.8178005769377

28.85377478661877,3.3451947813529435,752.0060933819753,7.214871572654638
1.0,1.9803000994456972,2.060250816651386,79.10282708736513
1012.6474398742182,1.096556454937262,12.371028947023456,24.658030178807184
1.042290846206553,1158.1382114283176,24.35744196343986,9.637697293296126

Iteration: ,10000
Error:,0.027394825501764922
Absolute Error:,0.9827658310090144
Transition Probabilities
0.0005991611743559015,0.0005991611743559015,0.9848185943445164,0.013983083306771766
0.9802718378113284,0.018336373740515718,0.00069589422407794,0.00069589422407794
0.024260248240816462,0.002038361643522057,0.009029308133460414,0.9646720819822011
0.011058242594926547,0.0029880618088643273,0.02000748254095903,0.96594621305525

0.032625426765456315,0.003448621926211806,0.9568440587601253,0.007081892548206566
0.012233055686517705,0.012469971264300056,0.011127859142210414,0.9641691139069718
0.9656327758712706,0.0008291119365300789,0.010502489833059693,0.023035622359139658
0.0006187309824176093,0.9705183088020357,0.02231853998534657,0.0065444202302000236

Transition Gammas
1.0,1.0,1643.6622339609985,23.337766039002087
1408.6506309348795,26.349369065121095,1.0,1.0
34.11615862492711,2.8664615660596087,12.69753324437182,1356.5774530935248
11.342574467250298,3.0648914860431655,20.521919163462286,990.7828263746253

35.78905632432022,3.783028655709717,1049.6275239168763,7.768611062550296
2.919119649436455,2.9756537596444432,2.655391515464798,230.07538573436898
1280.5354212050827,1.099493751040865,13.927458323838074,30.547772525395843
1.0441942816798258,1637.884148546913,37.66562931288919,11.044616118273352

Iteration: ,12500
Error:,0.025647969494434136
Absolute Error:,0.9839306121078709
Transition Probabilities
0.0005107252298263533,0.0005107252298263533,0.9860126174650053,0.012965932075341986
0.9828273716805788,0.016042684816596396,0.0005649717514124291,0.0005649717514124291
0.022242786140816213,0.0016412019804112649,0.007266002733443359,0.9688500091453291
0.010252233194915274,0.0036694966865718237,0.018576988140878742,0.9675012819776342

0.029859678564668413,0.003485240642726822,0.9602793992811492,0.006375681511455653
0.015206587063878998,0.006892899787073324,0.016624203989879214,0.9612763091591684
0.9651654393217692,0.0007294351142086279,0.010728266444287178,0.02337685911973514
0.00044159946097744836,0.9740164976219101,0.01976743844742177,0.0057744644696907784

Transition Gammas
1.0,1.0,1930.612704996481,25.387295003519615
1739.6044478746253,28.395552125375637,1.0,1.0
38.94413034532662,2.8735241818855646,12.721794641610215,1696.3262067241196
11.342574467250298,4.059753483310531,20.552680314533575,1070.3965789067418

39.627203287807184,4.625312330712199,1274.4004221610762,8.461257438039423
8.74871728924672,3.9656519432592963,9.564306589983818,553.0455078681429
1456.499914439391,1.1007669132667326,16.18967953221326,35.27726120371866
1.0463224915852434,2307.8274742027697,46.83682222524391,13.681973338744331

Iteration: ,15000
Error:,0.02433023676459197
Absolute Error:,0.9845342375185069
Transition Probabilities
0.00044923629829290177,0.00044923629829290177,0.9863291638485577,0.012772363554856456
0.9817963053821257,0.01725672492090459,0.0004734848484848487,0.0004734848484848487
0.022181344165239588,0.0023242296232694787,0.0065182993677882295,0.9689761268437027
0.009457719417720759,0.0033851229684343062,0.01716327871635022,0.9699938788974948

0.028997421012655913,0.0029640229359881214,0.9626247419392615,0.005413814112094372
0.01171726806666364,0.0043388135018812704,0.016741227794668603,0.9672026906367864
0.9630317309346169,0.0006560046518239858,0.010524905876428967,0.02578735853713023
0.00034288698476009946,0.9758165450831702,0.01882665126225594,0.0050139166698138825

Transition Gammas
1.0,1.0,2195.568718726891,28.43128127311049
2073.5537969670486,36.44620303295048,1.0,1.0
46.46790041108889,4.869049858386805,13.655244858727231,2029.9169350366317
11.342574467250298,4.059753483310531,20.583795981260977,1163.3066406640405

45.49027951355599,4.649869786138642,1510.1366620972792,8.493028296761974
10.709519286345738,3.9656519432592963,15.301391153984385,884.0179989267377
1617.4694042890014,1.1017990574067544,17.67720905896211,43.311411359996775
1.0477514390402074,2981.7789382278984,57.528141425775694,15.320903503236417

Iteration: ,15644
Error:,0.023896646216208347
Absolute Error:,0.9846248735026784
Transition Probabilities
0.0004370629370629369,0.0004370629370629369,0.9866955699299806,0.01243030419589355
0.9820633181833992,0.01702759090750983,0.0004545454545454549,0.0004545454545454549
0.021670760385176402,0.0022277550203763795,0.006249523666051513,0.9698519609283958
0.00926273935159287,0.003315335372600191,0.016815673818295403,0.9706062514575114

0.02903246561503118,0.0028504630756701864,0.9627730192211207,0.005344052088177889
0.010701456677050001,0.003962666421559723,0.017053249005664243,0.968282627895726
0.9627399932354288,0.0006408994220409984,0.010448499974963879,0.026170607367566392
0.0003239197430836135,0.9756579431060024,0.018935679934217166,0.005082457216696803

*,*,*,*,*,*,*,*,*,*,*
Model Num 2
Model States: 
"['diamond', 'x', 'square']","['diamond', 'x', 'diamond']","['square', 'y', 'diamond', 'x', 'square']","['square', 'y', 'diamond', 'x', 'diamond']"
Iteration: ,15644
Error:,0.0236575593181066
Transition Probabilities
0.0004370629370629369,0.0004370629370629369,0.9866955699299806,0.01243030419589355
0.9820633181833992,0.01702759090750983,0.0004545454545454549,0.0004545454545454549
0.021670760385176402,0.0022277550203763795,0.006249523666051513,0.9698519609283958
0.00926273935159287,0.003315335372600191,0.016815673818295403,0.9706062514575114

0.02903246561503118,0.0028504630756701864,0.9627730192211207,0.005344052088177889
0.010701456677050001,0.003962666421559723,0.017053249005664243,0.968282627895726
0.9627399932354288,0.0006408994220409984,0.010448499974963879,0.026170607367566392
0.0003239197430836135,0.9756579431060024,0.018935679934217166,0.005082457216696803

Transition Gammas
1.0,1.0,2257.5594639997967,28.440536000204453
2160.5393000034765,37.4606999965216,1.0,1.0
47.36428010237436,4.869049858386805,13.659151047960417,2119.7382610843556
11.342574467250298,4.059753483310531,20.59142822238729,1188.5440437922175

47.466164183672674,4.660318904475256,1574.070311765041,8.73717228109694
10.709519286345738,3.9656519432592963,17.066097133550464,969.0121439562186
1655.4611918614576,1.1020463765192905,17.96651883504779,45.00116871519134
1.0480511161787667,3156.767742980634,61.26690612229041,16.44442820367061

