0,1,2,3,4,5,6,7,8,9,10,11,12,13,14,15,16,17,18,19,20,21,22,23,24,25,26,27,28,29
github Code Version (SHA):,cd93f48c3be2409aefa56252372b16f046dc3cc1
Environment Observations,Environment Actions,alpha,epsilon,numActions,explore,patience,gainThresh,insertRandActions,useBudd,revisedSplitting,haveControl,confidence_factor
"['square', 'diamond']","['x', 'y']",0.99,0.99,75000,0.5,0,0.01,False,True,False,True,250

Model Num 0
Model States: 
['square'],['diamond']
Iteration: ,0
Error:,0.6714180011540991
Absolute Error:,1
Transition Probabilities
0.5,0.5
0.5,0.5

0.5,0.5
0.5,0.5

Transition Gammas
1.0,1.0
1.0,1.0

1.0,1.0
1.0,1.0

Iteration: ,2394
Error:,0.25096256507320813
Absolute Error:,1
Transition Probabilities
0.9868852459016394,0.013114754098360656
0.6210720887245841,0.3789279112754159

0.02403204272363151,0.9759679572763685
0.806,0.194


Model Num 1
Model States: 
['square'],"['diamond', 'x', 'square']","['diamond', 'x', 'diamond']"
Iteration: ,0
Error:,0.7075922207563528
Absolute Error:,1
Transition Probabilities
0.3333333333333333,0.3333333333333333,0.3333333333333333
0.3333333333333333,0.3333333333333333,0.3333333333333333
0.3333333333333333,0.3333333333333333,0.3333333333333333

0.3333333333333333,0.3333333333333333,0.3333333333333333
0.3333333333333333,0.3333333333333333,0.3333333333333333
0.3333333333333333,0.3333333333333333,0.3333333333333333

Transition Gammas
1.0,1.0,1.0
1.0,1.0,1.0
1.0,1.0,1.0

1.0,1.0,1.0
1.0,1.0,1.0
1.0,1.0,1.0

Iteration: ,2500
Error:,0.2291678146070768
Absolute Error:,1
Transition Probabilities
0.9797619047619047,0.016045155899142165,0.0041929393389530745
0.9963570127504554,0.0018214936247723133,0.0018214936247723133
0.0034722222222222216,0.9721753419183654,0.024352435859412307

0.0322085889570552,0.32005589507061144,0.6477355159723333
0.8383419485620583,0.06763785612932989,0.09402019530861197
0.487516346254988,0.5030956077045101,0.009388046040501944

Transition Gammas
823.0,13.477930955279419,3.5220690447205825
547.0,1.0,1.0
1.0,279.9864984724893,7.013501527510746

21.0,208.67644358603872,422.32355641396146
17.634413362175085,1.4227534670807866,1.9777025249760185
63.95961892146835,66.00353731116718,1.2316630032619353

Iteration: ,5000
Error:,0.22222551607314517
Absolute Error:,1
Transition Probabilities
0.9795698924731183,0.01545887064932393,0.004971236877557792
0.9987577639751553,0.0006211180124223603,0.0006211180124223603
0.002617801047120419,0.9763151370516367,0.021067061901242908

0.025316455696202528,0.6829167694260574,0.2917667748777401
0.8648250439820737,0.10569362381787062,0.029481332200055783
0.5216288840277804,0.469607968058378,0.00876314791384154

Transition Gammas
911.0,14.376749703871255,4.623250296128746
1608.0,1.0,1.0
1.0,372.9523823537252,8.04761764627479

46.0,1240.8597700471464,530.1402299528538
74.91420490743866,9.155555620410345,2.5537772948964554
73.31509227124126,66.00353731116718,1.2316630032619353

Iteration: ,7500
Error:,0.2287827632337061
Absolute Error:,1
Transition Probabilities
0.9824884792626728,0.013250460556563369,0.004261060180763821
0.99921875,0.000390625,0.000390625
0.0024154589371980684,0.9781108151795792,0.019473725883222784

0.02254098360655738,0.7815850300469582,0.19587398634648429
0.6910412350738636,0.2902224610542502,0.01873630387188618
0.5216288840277804,0.469607968058378,0.00876314791384154

Transition Gammas
1066.0,14.376749703871255,4.623250296128746
2558.0,1.0,1.0
1.0,404.9378774843457,8.06212251565423

66.0,2288.4809679774935,573.5190320225059
197.174239566885,82.80894128913322,5.346014507858369
73.31509227124126,66.00353731116718,1.2316630032619353

Iteration: ,9441
Error:,0.23673848202689643
Absolute Error:,1
Transition Probabilities
0.9857549857549858,0.01095210092868323,0.003292913316331016
0.9993112947658402,0.0003443526170798898,0.0003443526170798898
0.0023696682464454982,0.9785205445273428,0.019109787226211702

0.023448275862068962,0.8096206407740357,0.1669310833638953
0.6424887772595371,0.34556670733823136,0.011944515402231383
0.5216288840277804,0.469607968058378,0.00876314791384154


Model Num 2
Model States: 
"['diamond', 'x', 'square']","['diamond', 'x', 'diamond']","['square', 'y', 'diamond', 'x', 'square']","['square', 'y', 'diamond', 'x', 'diamond']"
Iteration: ,0
Error:,0.6724709987695016
Absolute Error:,0.74
Transition Probabilities
0.25,0.25,0.25,0.25
0.25,0.25,0.25,0.25
0.25,0.25,0.25,0.25
0.25,0.25,0.25,0.25

0.25,0.25,0.25,0.25
0.25,0.25,0.25,0.25
0.25,0.25,0.25,0.25
0.25,0.25,0.25,0.25

Transition Gammas
1.0,1.0,1.0,1.0
1.0,1.0,1.0,1.0
1.0,1.0,1.0,1.0
1.0,1.0,1.0,1.0

1.0,1.0,1.0,1.0
1.0,1.0,1.0,1.0
1.0,1.0,1.0,1.0
1.0,1.0,1.0,1.0

Iteration: ,2500
Error:,0.04398409732957731
Absolute Error:,0.7442606973200858
Transition Probabilities
0.001992031872509961,0.001992031872509961,0.9770079980198566,0.01900793823512347
0.9749341460392305,0.01958640190597498,0.002739726027397259,0.002739726027397259
0.02622533258192901,0.009384694677009548,0.005386899365826944,0.9590030733752346
0.023727525730797325,0.0040818509972310145,0.0174555591430268,0.9547350641289449

0.04045629022954579,0.011544845184275471,0.9330695253052294,0.014929339280949442
0.8798714780069302,0.04004284066435658,0.04004284066435658,0.04004284066435658
0.9751002985965224,0.003173292068120589,0.012725569058385702,0.00900084027697119
0.0026054944634105654,0.9769149767837585,0.013880172325323757,0.00659935642750722

Transition Gammas
1.0,1.0,490.45801500596787,9.54198499403198
355.8509633043193,7.149036695680871,1.0,1.0
9.848942612839764,3.52442887136462,2.023053951724947,360.154297593846
5.812932845146295,1.0,4.276383227821898,233.89757851930506

9.756608578081645,2.7842032702065485,225.02295892397686,3.600422057166904
21.973253231010958,1.0,1.0,1.0
334.09845609708117,1.08726454317587,4.3601596486872545,3.0839564344721904
1.0027923713605666,375.9911601977828,5.342145652762195,2.539934117814609

Iteration: ,5000
Error:,0.03192113864306603
Absolute Error:,0.743956085178249
Transition Probabilities
0.000987166831194472,0.000987166831194472,0.9825707794960117,0.015454886841599404
0.9830152502102035,0.014199234469462294,0.0013927576601671311,0.0013927576601671311
0.01867765201532999,0.006405955343350206,0.009123066990297803,0.9657933256510219
0.014014109397934262,0.0020603960144931913,0.015030713702185417,0.9688947808853872

0.02594996550744404,0.007417355053975919,0.9527373498259872,0.013895329612592724
0.9098709540175917,0.03792638062749722,0.027596897439751158,0.024605767915159994
0.970848815342191,0.0015382038701512405,0.018011069677498555,0.00960191111015923
0.0013134384664452116,0.9818753714574678,0.012705105669012777,0.004106084407074188

Transition Gammas
1.0,1.0,995.3441996294596,15.655800370540193
705.804949650926,10.195050349073925,1.0,1.0
13.98625881444229,4.796927863969125,6.831564053290656,723.2084312701276
6.801658176077089,1.0,7.2950605594539635,470.24687199451427

12.170470655868206,3.4787214650699214,446.83149792552086,6.516875764446176
47.963250354787036,1.9992642704499655,1.4547523416079668,1.2970769112647014
689.0154639356352,1.0916697187772608,12.782531464947661,6.814516466091814
1.0032467017783926,749.9881061335045,9.704569862858303,3.1363598248876947

Iteration: ,7500
Error:,0.03123346150381593
Absolute Error:,0.7443449741495333
Transition Probabilities
0.0006939625260235948,0.0006939625260235948,0.9814286553565011,0.017183419591451653
0.9880541923652596,0.009990773421641577,0.0009775171065493646,0.0009775171065493646
0.023431194446379745,0.005508712895319205,0.01324869995532294,0.9578113927029781
0.01688055885709285,0.0013883136520623969,0.015061154890024644,0.9666699726008201

0.02165352077429374,0.009711507101133963,0.9544361666744251,0.01419880545014708
0.9377335400553564,0.023218643013798182,0.024200466899108136,0.014847350031737424
0.9756607779300588,0.0009788414823365824,0.01552912762474093,0.007831252962863664
0.000906279947720639,0.9777563706823941,0.018118004200816468,0.0032193451690688043

Transition Gammas
1.0,1.0,1414.238692368718,24.76130763128183
1010.7794387896606,10.220561210339334,1.0,1.0
25.811591917041017,6.0683483109453595,14.594648064599696,1055.116368844004
12.634280956177399,1.0390855471045592,11.272545181472,723.5056688071292

17.459400827352706,7.830463086523643,769.5692433478786,11.448606358649023
81.92118601126452,2.0284000646390696,2.1141730200716236,1.2970769112647014
1092.7195045686008,1.0962818264553629,17.392295589139607,8.770838237329668
1.0038104581690261,1082.9789105462148,20.06779709037111,3.5657992403946936

Iteration: ,10000
Error:,0.028579991716475378
Absolute Error:,0.7428249783035263
Transition Probabilities
0.000523834468308015,0.000523834468308015,0.9854075173208354,0.01354481374254856
0.98744384922144,0.01090734616190703,0.0008244023083264629,0.0008244023083264629
0.024272720702231316,0.005554281020448458,0.010308533496528516,0.9598644647807918
0.016997979931659225,0.0019115134134271576,0.01383463621973721,0.9672558704351764

0.02038270929952749,0.007499267199147543,0.9603542940521945,0.011763729449130428
0.9491270884933003,0.015226761187081356,0.03028271637746459,0.005363433942153806
0.9739470243780403,0.0007441175520261084,0.018120010717077917,0.00718884735285549
0.0006811529805983459,0.978634912247622,0.01814928693304402,0.002534647838735703

Transition Gammas
1.0,1.0,1881.1429505654735,25.857049434525184
1197.7693891056074,13.230610894393234,1.0,1.0
35.96682286087384,8.230220420392309,15.274974848243621,1422.3076019675289
17.533507615110455,1.9717363548763345,14.270501582323453,997.729626592164

21.593401237100093,7.944708587840708,1017.3974076018333,12.462471318552948
250.85965714201268,4.024519094527453,8.003893198158575,1.4175859230489498
1437.667381432299,1.0984103916559063,26.747397658288865,10.611636044472005
1.0057147593128002,1444.9435049988983,26.797219214296486,3.7423791918777916

Iteration: ,12500
Error:,0.029128717231603242
Absolute Error:,0.7443320328268471
Transition Probabilities
0.0003961965134706815,0.0003961965134706815,0.9881401287439475,0.011067478229111093
0.9872176521250698,0.011207544725323834,0.0007874015748031492,0.0007874015748031492
0.023460377532906168,0.004768038027471078,0.008432226164233232,0.9633393582753895
0.01701154891457188,0.0017424655942701631,0.012478443364670662,0.9687675421264873

0.021723970904833932,0.010569191423241106,0.9544884633576471,0.013218374314277786
0.9508322574196415,0.021157176820966184,0.02579770996235874,0.0022128557970334597
0.9728907600115776,0.0006237605345023419,0.019377862329893726,0.007107617124026273
0.0005232096827562093,0.9779907706836843,0.01945919634617927,0.0020268232873801

Transition Gammas
1.0,1.0,2494.0656849497236,27.9343150502764
1253.7664181988393,14.233581801161277,1.0,1.0
45.335553036349246,9.213902912284803,16.29469244247632,1861.5865199883885
19.48263479982866,1.9955749470498083,14.291053458158425,1109.4900484347208

25.407435704663325,12.361278364468987,1116.3292553575486,15.459650400998056
627.7685578006798,13.9686156799896,17.03243768946162,1.4609951245180302
1714.649148630718,1.0993325390624067,34.152071858345266,12.526657823700301
1.0083874303677394,1884.8917225268644,37.503910281584226,3.906317474485726

Iteration: ,14648
Error:,0.0286495741908455
Absolute Error:,0.7445696779435479
Transition Probabilities
0.0003270111183780249,0.0003270111183780249,0.9882311203808816,0.011114857382362361
0.9862588616140853,0.012233979380639673,0.000753579502637528,0.000753579502637528
0.024406873157149376,0.003979718895126534,0.0074195507839741985,0.96419385716375
0.015557865130024445,0.0015935671022961244,0.011425041663571278,0.9714235261041081

0.021243653247353906,0.010542306888942128,0.955014211407419,0.013199828456284937
0.9572565770557324,0.019931838923193796,0.02134009448255925,0.0014714895385145451
0.97186020931546,0.0005540637833463951,0.020928178931586536,0.006657547969607075
0.00043416671302285,0.9779324857526748,0.019923277946465666,0.0017100695878366121

*,*,*,*,*,*,*,*,*,*,*
Model Num 2
Model States: 
"['diamond', 'x', 'square']","['diamond', 'x', 'diamond']","['square', 'y', 'diamond', 'x', 'square']","['square', 'y', 'diamond', 'x', 'diamond']"
Iteration: ,14648
Error:,0.029219291353621252
Transition Probabilities
0.0003270111183780249,0.0003270111183780249,0.9882311203808816,0.011114857382362361
0.9862588616140853,0.012233979380639673,0.000753579502637528,0.000753579502637528
0.024406873157149376,0.003979718895126534,0.0074195507839741985,0.96419385716375
0.015557865130024445,0.0015935671022961244,0.011425041663571278,0.9714235261041081

0.021243653247353906,0.010542306888942128,0.955014211407419,0.013199828456284937
0.9572565770557324,0.019931838923193796,0.02134009448255925,0.0014714895385145451
0.97186020931546,0.0005540637833463951,0.020928178931586536,0.006657547969607075
0.00043416671302285,0.9779324857526748,0.019923277946465666,0.0017100695878366121

Transition Gammas
1.0,1.0,3022.0107661247357,33.9892338752641
1308.7655093618916,16.234490638108852,1.0,1.0
56.90523238629529,9.278813680931021,17.298867365986005,2248.0419820295374
19.48263479982866,1.9955749470498083,14.307227401953725,1216.4837294111717

26.499259138013684,13.150436928607915,1191.2814040929247,16.465420084184
957.6974087530878,19.94101784825373,21.3499219314355,1.4721671825720026
1929.5321612767,1.1000387495219455,41.550825868149154,13.217901915798597
1.0099550485082742,2274.858531207065,46.345365826807566,3.977949855969621

