0,1,2,3,4,5,6,7,8,9,10,11,12,13,14,15,16,17,18,19,20,21,22,23,24,25,26,27,28,29
github Code Version (SHA):,cd93f48c3be2409aefa56252372b16f046dc3cc1
Environment Observations,Environment Actions,alpha,epsilon,numActions,explore,patience,gainThresh,insertRandActions,useBudd,revisedSplitting,haveControl,confidence_factor
"['diamond', 'square']","['x', 'y']",0.99,0.99,75000,0.5,0,0.01,False,True,False,True,250

Model Num 0
Model States: 
['diamond'],['square']
Iteration: ,0
Error:,0.6747331000709486
Absolute Error:,1
Transition Probabilities
0.5,0.5
0.5,0.5

0.5,0.5
0.5,0.5

Transition Gammas
1.0,1.0
1.0,1.0

1.0,1.0
1.0,1.0

Iteration: ,2478
Error:,0.15055416702318627
Absolute Error:,1
Transition Probabilities
0.468503937007874,0.531496062992126
0.0226628895184136,0.9773371104815864

0.024,0.976
0.9636363636363636,0.03636363636363636


Model Num 1
Model States: 
['square'],"['diamond', 'x', 'square']","['diamond', 'x', 'diamond']"
Iteration: ,0
Error:,0.7237328603847535
Absolute Error:,1
Transition Probabilities
0.3333333333333333,0.3333333333333333,0.3333333333333333
0.3333333333333333,0.3333333333333333,0.3333333333333333
0.3333333333333333,0.3333333333333333,0.3333333333333333

0.3333333333333333,0.3333333333333333,0.3333333333333333
0.3333333333333333,0.3333333333333333,0.3333333333333333
0.3333333333333333,0.3333333333333333,0.3333333333333333

Transition Gammas
1.0,1.0,1.0
1.0,1.0,1.0
1.0,1.0,1.0

1.0,1.0,1.0
1.0,1.0,1.0
1.0,1.0,1.0

Iteration: ,2500
Error:,0.11927981304026898
Absolute Error:,1
Transition Probabilities
0.9793103448275862,0.014724947505804801,0.0059647076666089925
0.9958762886597938,0.002061855670103093,0.002061855670103093
0.003367003367003367,0.9695281627350018,0.027104833897994857

0.022488755622188907,0.3377852908201611,0.6397259535576499
0.8932638654144945,0.02731931441330651,0.07941682017219895
0.9791702905951443,0.013559682410055134,0.007270026994800487

Transition Gammas
852.0,12.810704330050177,5.189295669949823
483.0,1.0,1.0
1.0,287.94986433229553,8.050135667704472

15.0,225.30278897704747,426.6972110229525
32.69715527632017,1.0,2.9069843763545227
134.68592225248207,1.8651488391656592,1.0

Iteration: ,5000
Error:,0.14458017724652894
Absolute Error:,1
Transition Probabilities
0.9812304483837331,0.01335839867575618,0.0054111529405107646
0.9987129987129987,0.0006435006435006435,0.0006435006435006435
0.002544529262086513,0.9717703952236354,0.02568507551427807

0.02287581699346405,0.68642490388195,0.290699279124586
0.9063122088533991,0.06292400597610819,0.030763785170492643
0.9803698942733075,0.012778766816003014,0.00685133891068949

Transition Gammas
941.0,12.810704330050177,5.189295669949823
1552.0,1.0,1.0
1.0,381.9057653228889,10.094234677111286

42.0,1260.2761235272603,533.7238764727399
85.64080839321497,5.9459231449072005,2.9069843763545227
143.09172368392547,1.8651488391656592,1.0

Iteration: ,7500
Error:,0.1554858277852812
Absolute Error:,1
Transition Probabilities
0.9820923656927427,0.013016686456220714,0.004890947851036591
0.9992107340173638,0.0003946329913180742,0.0003946329913180742
0.002105263157894737,0.9765386405482573,0.02135609629384787

0.02237061769616026,0.7699940589766264,0.20763532332721343
0.8801515198000853,0.10446030111372265,0.015388179086192102
0.9803698942733075,0.012778766816003014,0.00685133891068949

Transition Gammas
1042.0,13.810704330050177,5.189295669949823
2532.0,1.0,1.0
1.0,463.85585426042223,10.14414573957774

67.0,2306.1322066349967,621.8677933650044
217.45075981098043,25.808024341561325,3.801812709657025
143.09172368392547,1.8651488391656592,1.0

Iteration: ,10000
Error:,0.14170466396596573
Absolute Error:,1
Transition Probabilities
0.9806128830519074,0.015985468599309025,0.0034016483487835313
0.9992690058479532,0.0003654970760233918,0.0003654970760233918
0.0015455950540958256,0.9827112799172194,0.015743125028684756

0.0223880597014925,0.7650320336012243,0.21257990669728322
0.9443629621926733,0.044462560651808224,0.011174477155518517
0.9803698942733075,0.012778766816003014,0.00685133891068949

Transition Gammas
1568.0,25.560764290295133,5.4392357097048665
2734.0,1.0,1.0
1.0,635.8141981064415,10.185801893559045

87.0,2972.9144825743624,826.085517425644
768.5814114792815,36.18640183050484,9.094485667661269
143.09172368392547,1.8651488391656592,1.0

Iteration: ,12500
Error:,0.13652201594080865
Absolute Error:,1
Transition Probabilities
0.9816474605207,0.01470154686830987,0.0036509926109901704
0.999375,0.0003125,0.0003125
0.0010362694300518128,0.9842385626701106,0.014725167899837587

0.023235613463626455,0.7274560512829343,0.24930833525343915
0.9489867975119335,0.03867316400743455,0.012340038480631876
0.9803698942733075,0.012778766816003014,0.00685133891068949

Transition Gammas
2300.0,34.445724312450025,8.55427568754997
3198.0,1.0,1.0
1.0,949.7902129766572,14.20978702334328

107.0,3349.935116157918,1148.064883842089
973.8811222652075,39.68765894726072,12.663748911809803
143.09172368392547,1.8651488391656592,1.0

Iteration: ,15000
Error:,0.13813785218516553
Absolute Error:,1
Transition Probabilities
0.9808752025931928,0.01528250179156686,0.0038422956152402714
0.9994542974079127,0.00027285129604365623,0.00027285129604365623
0.0007812499999999996,0.9841951944282081,0.015023555571791821

0.023666416228399663,0.699549727843696,0.27678385592790444
0.9516137493032961,0.036543224730951084,0.011843025965752792
0.9803698942733075,0.012778766816003014,0.00685133891068949

Transition Gammas
3026.0,47.14651802698376,11.853481973016237
3663.0,1.0,1.0
1.0,1259.7698488681071,19.230151131893543

126.0,3724.4027510398428,1473.5972489601656
1176.123738722848,45.164704825904266,14.637098283658327
143.09172368392547,1.8651488391656592,1.0

Iteration: ,16739
Error:,0.13367103020958282
Absolute Error:,1
Transition Probabilities
0.9815899581589959,0.015076580292961357,0.0033334615480428266
0.9994991234660656,0.00025043826696719256,0.00025043826696719256
0.0006631299734748006,0.9852500011620288,0.014086868864496362

0.02299245024021961,0.682621693548476,0.2943858562113043
0.9541022003460178,0.03397350893024304,0.011924290723739187
0.9803698942733075,0.012778766816003014,0.00685133891068949


Model Num 2
Model States: 
"['diamond', 'x', 'square']","['diamond', 'x', 'diamond']","['square', 'y', 'diamond', 'x', 'square']","['square', 'y', 'diamond', 'x', 'diamond']"
Iteration: ,0
Error:,0.6739285513535636
Absolute Error:,0.74
Transition Probabilities
0.25,0.25,0.25,0.25
0.25,0.25,0.25,0.25
0.25,0.25,0.25,0.25
0.25,0.25,0.25,0.25

0.25,0.25,0.25,0.25
0.25,0.25,0.25,0.25
0.25,0.25,0.25,0.25
0.25,0.25,0.25,0.25

Transition Gammas
1.0,1.0,1.0,1.0
1.0,1.0,1.0,1.0
1.0,1.0,1.0,1.0
1.0,1.0,1.0,1.0

1.0,1.0,1.0,1.0
1.0,1.0,1.0,1.0
1.0,1.0,1.0,1.0
1.0,1.0,1.0,1.0

Iteration: ,2500
Error:,0.04413042138503139
Absolute Error:,0.9783835204284028
Transition Probabilities
0.0022026431718061667,0.0022026431718061667,0.9906698330989294,0.004924880557458257
0.9787022818109333,0.016116371038807673,0.0025906735751295364,0.0025906735751295364
0.03881416153272862,0.00546629113959513,0.007694698816920878,0.9480248485107553
0.008188030612295246,0.00837726172387996,0.021886217892473664,0.9615484897713511

0.009697854623972157,0.009104861742720469,0.9726044026102022,0.008592881023105218
0.07528357288360336,0.03780862322699535,0.08241442325783553,0.8044933806315658
0.9651417497820785,0.003412203833004394,0.018261309375329018,0.013184737009588207
0.002476952681748386,0.9597590986694651,0.026507038341400602,0.011256910307385903

Transition Gammas
1.0,1.0,449.76410422691407,2.235895773086049
377.77908077901986,6.220919220979755,1.0,1.0
15.425755455401898,2.1724460103646313,3.0580730734761654,376.76968666295136
1.9358112329768509,1.9805491838687685,5.174331710486008,227.3289458342086

2.4629659865024442,2.3123634714729113,247.01252543320604,2.1823356305687636
1.9911746701702404,1.0,2.179778479714428,21.278039557313413
308.38693921696694,1.0902845061694038,5.834945287180229,4.2128533883086545
1.0243627862895839,396.91573913550536,10.962189084902427,4.655381627777547

Iteration: ,5000
Error:,0.03034630926671529
Absolute Error:,0.9820001191385397
Transition Probabilities
0.001084598698481562,0.001084598698481562,0.9899671760736692,0.007863626529367618
0.9864087080734021,0.010938772032698683,0.001326259946949603,0.001326259946949603
0.02980362689247817,0.0028751511343852445,0.010964078713558284,0.9563571432595783
0.007573029759830243,0.007992202828640594,0.018527661782419335,0.9659071056291098

0.00797771020984337,0.008190642022098323,0.9780326715284784,0.005798976239579895
0.046936461093132056,0.023572246973751987,0.054319377143242545,0.8751719147898734
0.9683623102301483,0.0016202244024483337,0.020383453134371444,0.009634012233031905
0.0012849904352961532,0.971696592472644,0.02021373327664316,0.006804683815416654

Transition Gammas
1.0,1.0,912.7497363399228,7.250263660076942
743.7521658873447,8.247834112654802,1.0,1.0
23.03834223630092,2.222505202270311,8.475283851189511,739.2685207754324
3.757595127620418,3.965580931313705,9.193077783623883,479.2649638190834

4.051068655485644,4.1591950937357405,496.6434472364339,2.9447109834952694
1.9911746701702404,1.0,2.30437841601303,37.12721641532049
654.1483208080616,1.0944943447271576,13.76943474488375,6.507970062759203
1.0247589468218312,774.9122089793112,16.120123119154755,5.426624532450172

Iteration: ,7500
Error:,0.023036128493858537
Absolute Error:,0.9842891041147532
Transition Probabilities
0.0007530120481927698,0.0007530120481927698,0.9907616375987519,0.007732338304862534
0.9879528192625998,0.010230650310515505,0.0009082652134423246,0.0009082652134423246
0.0301328940378901,0.002892813424057011,0.009312955923093254,0.9576613366149596
0.007050633669103398,0.004960189523093487,0.016525663899527684,0.9714635129082755

0.011508612242178065,0.008956658069511474,0.9724637698602426,0.007070959828067769
0.020752313121607104,0.010422145998790168,0.041249691333079305,0.9275758495465234
0.9702136986676921,0.001080342311127065,0.019099548617925555,0.009606410403255224
0.000856376439310148,0.9762487745369994,0.01801693168813472,0.004877917335555556

Transition Gammas
1.0,1.0,1315.7314547311448,10.268545268857462
1087.7360540081231,11.263945991877577,1.0,1.0
33.79601553267267,3.2444798461648285,10.445090426302565,1074.0799528442985
5.636852846388273,3.965580931313705,13.21196646461912,776.6673358588669

9.080966806119545,7.067326008683334,767.3306762295992,5.579400029723816
1.9911746701702404,1.0,3.9578884557813416,89.00046589773345
985.1137951849934,1.096933712309735,19.39287071617543,9.753941243512237
1.0253754683926,1168.9036485694867,21.572428806659367,5.840535240267431

Iteration: ,10000
Error:,0.020119979612253546
Absolute Error:,0.9854460368340718
Transition Probabilities
0.0006067961165048542,0.0006067961165048542,0.9907239407782845,0.008062466988705778
0.9871320201904926,0.011460520273968907,0.0007037297677691766,0.0007037297677691766
0.029181390928613684,0.0022777652433183166,0.007205201847875348,0.9613356419801926
0.007336200414161215,0.003847704899332985,0.016703917537208495,0.9721121771492973

0.012774442924517886,0.009148836788098627,0.9728720546481809,0.005204665639202687
0.014037772593678492,0.007006607074944212,0.01904479482542434,0.9599108255059529
0.975338580408488,0.0008422777285063492,0.016053866441830746,0.0077652754211750405
0.0006015068182270363,0.9776000567887962,0.01805862063144357,0.0037398157615332528

Transition Gammas
1.0,1.0,1632.7130544026134,13.286945597387124
1402.71460069069,16.285399309309817,1.0,1.0
42.39616592089928,3.3092498373643675,10.468073087515618,1396.675898101294
7.560947949967963,3.965580931313705,17.215648963950873,1001.8932360091809

13.906200990965699,9.959382492105197,1059.0641337842885,5.66577555649121
3.977226149033414,1.9851340865159537,5.395831530763202,271.96497239610187
1272.8735505198772,1.0992214030523382,20.951229027387274,10.13413587307921
1.0268411831724478,1668.875511571615,30.828138291617478,6.384294782790488

Iteration: ,12500
Error:,0.01917560929906445
Absolute Error:,0.9859224767910706
Transition Probabilities
0.000523012552301255,0.000523012552301255,0.9904264542106762,0.008527520684721223
0.9873289729432124,0.011535308714936377,0.0005678591709256105,0.0005678591709256105
0.030968396566571604,0.002374737021756282,0.005796859132283579,0.9608600072793886
0.0076057433202118985,0.0035344378161855997,0.015365714207237981,0.9734941046563644

0.013241557759513358,0.009565920350567846,0.9725577164413359,0.004634805448582962
0.011217182625910227,0.004777466320355723,0.016036103483106877,0.9679692475706271
0.976157932990627,0.0007464344256840868,0.015854425033510186,0.007241207550178625
0.0004316486569762263,0.9802327561079245,0.01652452671076549,0.0028110685243338306

Transition Gammas
1.0,1.0,1893.6953804508141,16.304619549186988
1738.686321352997,20.31367864700296,1.0,1.0
56.00689722219759,4.2947542350584085,10.483723073470905,1737.7324511113484
8.533518553071941,3.965580931313705,17.240077892217545,1092.2443282190332

17.834588923443732,12.884002035501613,1309.903818876053,6.2424566215578094
6.929202575241117,2.951189530753523,9.905999862684817,597.9447091756991
1438.85192983835,1.1002406245912681,23.36934350987098,10.6735038519987
1.0285916268616935,2335.8330647225966,39.376908830465595,6.69859965954553

Iteration: ,15000
Error:,0.019016526985834635
Absolute Error:,0.9859652745258133
Transition Probabilities
0.0004576659038901601,0.0004576659038901601,0.991156244732864,0.007928423459355608
0.9874038696786316,0.011639650168331652,0.00047824007651841216,0.00047824007651841216
0.032169341944920465,0.0028918973917657314,0.005272516383858229,0.9596662442794556
0.007096691309522332,0.003297878074259364,0.014352784506744935,0.9752526461094734

0.013072919508525118,0.009614587836654465,0.9732354932300338,0.004076999424786676
0.011419304565933569,0.00411210956012624,0.01930378734419034,0.9651647985297498
0.974817123237132,0.0006644671068306688,0.017073461396680117,0.007444948259357178
0.0003368687303745006,0.9803993994548311,0.016974008417346097,0.002289723397448259

Transition Gammas
1.0,1.0,2165.6763947413083,17.323605258692005
2064.661491498019,24.33850850198149,1.0,1.0
69.75116285042786,6.270355367080476,11.432131547848284,2080.7959516674
8.533518553071941,3.965580931313705,17.258712199050876,1172.70657360294

20.88431545148048,15.359544223133723,1554.7680100025582,6.513108416771355
10.884084077890916,3.919375819385024,18.399022748082515,919.9277202533943
1615.6633756039382,1.101288788644586,28.29758076243134,12.339268514247925
1.0297114417590096,2996.80079534244,51.88469306849634,6.999030091616527

Iteration: ,15342
Error:,0.019629921479564133
Absolute Error:,0.9859274191451527
Transition Probabilities
0.0004510599909788,0.0004510599909788,0.9908318677004281,0.008266012317614245
0.9876563383069134,0.011406454570312554,0.00046860356138706634,0.00046860356138706634
0.03232504461117004,0.0028271254582435314,0.005155070179231798,0.9596927597513547
0.006992692302615295,0.0032495490671679518,0.014145567103281954,0.9756121915269347

0.013481754155871488,0.009751202682154974,0.9727728564629871,0.0039941866989863396
0.01087978718615713,0.003917828501903884,0.019661034134009613,0.9655413501779294
0.9745253092608869,0.0006566124339834595,0.017367747033988242,0.007450331271141403
0.00032667009330350667,0.9794409517643885,0.01798501181938965,0.0022473663229184144

*,*,*,*,*,*,*,*,*,*,*
Model Num 2
Model States: 
"['diamond', 'x', 'square']","['diamond', 'x', 'diamond']","['square', 'y', 'diamond', 'x', 'square']","['square', 'y', 'diamond', 'x', 'diamond']"
Iteration: ,15342
Error:,0.01985014824739475
Transition Probabilities
0.0004510599909788,0.0004510599909788,0.9908318677004281,0.008266012317614245
0.9876563383069134,0.011406454570312554,0.00046860356138706634,0.00046860356138706634
0.03232504461117004,0.0028271254582435314,0.005155070179231798,0.9596927597513547
0.006992692302615295,0.0032495490671679518,0.014145567103281954,0.9756121915269347

0.013481754155871488,0.009751202682154974,0.9727728564629871,0.0039941866989863396
0.01087978718615713,0.003917828501903884,0.019661034134009613,0.9655413501779294
0.9745253092608869,0.0006566124339834595,0.017367747033988242,0.007450331271141403
0.00032667009330350667,0.9794409517643885,0.01798501181938965,0.0022473663229184144

Transition Gammas
1.0,1.0,2196.67425069185,18.32574930815079
2107.658625946954,24.341374053047,1.0,1.0
71.69456041568637,6.270355367080476,11.433564743923784,2128.527628410899
8.533518553071941,3.965580931313705,17.262515508430724,1190.5864546455932

21.990788964125215,15.905692823829732,1586.740297232782,6.515125240024574
10.884084077890916,3.919375819385024,19.668799114482358,965.9226836153598
1634.6609097388382,1.1013964116491661,29.132519080726038,12.49712570602862
1.0298633480357673,3087.7951745960568,56.69972509412034,7.085069166197665

